EcologicalScience/Bass/data/rs_data_bass/chl_189.asc
NCOLS 226 
NROWS 124 
XLLCORNER -9.41648524995501 
YLLCORNER 47.587301625531 
CELLSIZE 0.0833 
NODATA_value -9999 
[rows 0 to 26 of 124, columns 62 to 123 of 226]
-9999 -9999 -9999 -9999 -9999 -9999 -9999 -9999 -9999 -9999 -9999 -9999 -9999 -9999 -9999 -9999 -9999 -9999 -9999 -9999 -9999 -9999 -9999 -9999 -9999 -9999 -9999 -9999 -9999 -9999 -9999 -9999 -9999 -9999 -9999 -9999 -9999 -9999 -9999 -9999 -9999 -9999 -9999 -9999 -9999 -9999 -9999 -9999 -9999 -9999 -9999 -9999 -9999 -9999 -9999 -9999 -9999 -9999 -9999 -9999 -9999 -9999
-9999 -9999 -9999 -9999 -9999 -9999 -9999 -9999 -9999 -9999 -9999 -9999 -9999 -9999 -9999 -9999 -9999 -9999 -9999 -9999 -9999 -9999 -9999 -9999 -9999 -9999 -9999 -9999 -9999 -9999 -9999 -9999 -9999 -9999 -9999 -9999 -9999 -9999 -9999 -9999 -9999 -9999 -9999 -9999 -9999 -9999 -9999 -9999 -9999 -9999 -9999 -9999 -9999 -9999 -9999 -9999 -9999 -9999 -9999 -9999 -9999 -9999
-9999 -9999 -9999 -9999 -9999 -9999 -9999 -9999 -9999 -9999 -9999 -9999 -9999 -9999 -9999 -9999 -9999 -9999 -9999 -9999 -9999 -9999 -9999 -9999 -9999 -9999 -9999 -9999 -9999 -9999 -9999 -9999 -9999 -9999 -9999 -9999 -9999 -9999 -9999 -9999 -9999 -9999 -9999 -9999 -9999 -9999 -9999 -9999 -9999 -9999 -9999 -9999 -9999 -9999 -9999 -9999 -9999 -9999 -9999 -9999 -9999 -9999
-9999 -9999 -9999 -9999 -9999 -9999 -9999 -9999 -9999 -9999 -9999 -9999 -9999 -9999 -9999 -9999 -9999 -9999 -9999 -9999 -9999 -9999 -9999 -9999 -9999 -9999 -9999 -9999 -9999 -9999 -9999 -9999 -9999 -9999 -9999 -9999 -9999 -9999 -9999 -9999 -9999 -9999 -9999 -9999 -9999 -9999 -9999 -9999 -9999 -9999 -9999 -9999 -9999 -9999 -9999 -9999 -9999 -9999 -9999 -9999 -9999 -9999
-9999 -9999 -9999 -9999 -9999 -9999 -9999 -9999 -9999 -9999 -9999 -9999 -9999 -9999 -9999 -9999 -9999 -9999 -9999 -9999 -9999 -9999 -9999 -9999 -9999 -9999 -9999 -9999 -9999 -9999 -9999 -9999 -9999 -9999 -9999 -9999 -9999 -9999 -9999 -9999 -9999 -9999 -9999 -9999 -9999 -9999 -9999 -9999 -9999 -9999 -9999 -9999 -9999 -9999 -9999 -9999 -9999 -9999 -9999 -9999 -9999 -9999
-9999 -9999 -9999 -9999 -9999 -9999 -9999 -9999 -9999 -9999 -9999 -9999 -9999 -9999 -9999 -9999 -9999 -9999 -9999 -9999 -9999 -9999 -9999 -9999 -9999 -9999 -9999 -9999 0.63735419511795 0.897324302879563 1.6252024454229 1.02825390416033 0.6531284423545 1.83492020890117 0.688675467856228 0.624668304808438 0.603413474910399 0.614880234003067 0.672731244564056 0.73029980622232 0.59012184664607 0.617834007740021 0.608881044387817 0.565910333767533 0.471234926953912 0.538875013589859 0.462076863646507 0.445756253600121 0.473959961906075 0.466505739837885 0.5874256901443 0.546476818621159 0.555778982117772 0.501762788961915 0.531968154451426 0.503199159222491 0.498181269449346 0.497390985488892 0.460950122067803 0.472043364455825 0.438460579141974 0.344411719590425
-9999 -9999 -9999 -9999 -9999 -9999 -9999 -9999 -9999 -9999 -9999 -9999 -9999 -9999 -9999 -9999 -9999 -9999 -9999 -9999 -9999 -9999 -9999 -9999 -9999 -9999 1.18186515569687 1.0627324283123 2.06671398878098 1.60582431554794 1.17580963969231 1.03709623217583 0.967604728415608 0.800807923078537 0.707000586390495 0.668490889668465 0.606367206573486 0.565053403377533 0.602540546655655 0.631341460347176 0.625016587972641 0.781952351331711 0.736024063825607 0.631738091216368 0.61490832093884 0.540750003419816 0.525092157069594 0.521393192466348 0.51804262585938 0.503836878575385 0.495957937091589 0.52078199123635 0.518308366046232 0.511951038942618 0.508577245999785 0.516317349146394 0.500764042139053 0.473605525336767 0.482303093922766 0.451335014481293 0.424497765145804 0.417851921759154
-9999 -9999 -9999 -9999 -9999 -9999 -9999 -9999 -9999 -9999 -9999 -9999 -9999 -9999 -9999 -9999 -9999 -9999 -9999 -9999 -9999 -9999 -9999 -9999 -9999 -9999 1.18186515569687 2.069975233078 1.99380121231079 1.69741327762604 1.20205097794533 1.12195701003075 0.91036479473114 0.764171677827835 0.701334950327873 0.615206933021545 0.406826202571392 0.709210778586566 0.696241767145693 0.669592073187232 0.648731818422675 0.643550097942352 0.625694350339472 0.653349850984181 0.637544671073556 0.618597837164998 0.59992154315114 0.596317085903138 0.578678070567548 0.589974372647703 0.604472282178262 0.608909016146379 0.597649528699763 0.575465861488791 0.535175539991435 0.476359494030476 0.4003871306777 0.449168795719743 0.425544617207427 0.406774640867585 0.416792371555379 0.421880002084531
-9999 -9999 -9999 -9999 -9999 -9999 -9999 -9999 -9999 -9999 -9999 -9999 -9999 -9999 -9999 -9999 -9999 -9999 -9999 -9999 -9999 -9999 -9999 -9999 -9999 -9999 2.00077514648437 1.85456510782242 1.57048139572144 1.26576777175069 1.19859563559294 1.09156006760895 0.971969839185476 0.857929794117808 0.791466859169304 0.757909714244306 0.752814478240907 0.732831590808928 0.71095925476402 0.700132979080081 0.65826824773103 0.639848107472062 0.637883830815554 0.665975860813085 0.676085075363517 0.580227035097778 0.60750022251159 0.608016800601035 0.630568931344897 0.730291001936969 0.670380776419359 0.714877230279586 0.648266157683204 0.6310175289126 0.594879453673082 0.420790968462825 0.372003477998078 0.443135166869444 0.454522269613603 0.484546891030143 0.47315531530801 0.404130063951015
-9999 -9999 -9999 -9999 -9999 -9999 -9999 -9999 -9999 -9999 -9999 -9999 -9999 -9999 -9999 -9999 -9999 -9999 -9999 -9999 -9999 -9999 -9999 -9999 -9999 1.19121462106705 1.46653518676758 1.47994923591614 1.29984087347984 1.1739155292511 0.917843341827393 0.948429703712463 1.06093941926956 1.07016867995262 0.797469383478165 0.790249795652926 0.771319236606359 0.745583927258849 0.745136775076389 0.720869787968695 0.70527957379818 0.701318361796439 0.68535086279735 0.739678428453558 0.717247800791965 0.635990001261234 0.63772361073643 0.611149412579834 0.636747944880934 0.614223668680472 0.638327418881304 0.585690910325331 0.597407966852188 0.617288781439557 0.661943393595078 0.638675159391235 0.618875910254086 0.500829075189198 0.508691255660618 0.365133851766586 0.369760123081505 0.475962294375195
-9999 -9999 -9999 -9999 -9999 -9999 -9999 -9999 -9999 -9999 -9999 -9999 -9999 -9999 -9999 -9999 -9999 -9999 -9999 -9999 -9999 -9999 -9999 -9999 -9999 2.0731315612793 1.53002129495144 1.31545425057411 1.09108917117119 1.07509633302689 1.14021292328835 1.30406458955258 4.02489714622498 2.62521981596947 0.827386731281877 0.796143125742674 0.783814083784819 0.77786177303642 0.773089036345482 0.752919833175838 0.739714846014977 0.738546685315669 0.774526271749945 0.691380760632455 0.66307939728722 0.667090615723282 0.663947607390583 0.716578510754249 0.688674272859798 0.722541313837556 0.681298468919361 0.610415612950045 0.599306129357394 0.611871118931209 0.648881919243756 0.613888805403429 0.575580536442645 0.518024017705637 0.503313934101778 0.505744115394704 0.518240832230624 0.490330840734875
-9999 -9999 -9999 -9999 -9999 -9999 -9999 -9999 -9999 -9999 -9999 -9999 -9999 -9999 -9999 -9999 -9999 -9999 -9999 -9999 -9999 -9999 -9999 -9999 1.31647038459778 1.45897436141968 1.21782392822206 1.0929582696408 0.975736979395151 1.10882918536663 1.0460279295221 0.93762428406626 0.878061695024371 0.910986246541142 0.842072658240795 0.795822710730135 0.749673821032047 0.727670324966311 0.717722978442907 0.730298948474228 0.718906478025019 0.693093711510301 0.686512922868133 0.70400323625654 0.678550607990474 0.69363089511171 0.769565200104433 0.736201341537868 0.721841762171072 0.693443074822426 0.64158543769051 0.586175680160522 0.586496296174386 0.59179448204882 0.631875591243015 0.620231146321577 0.603391825276263 0.5374490342596 0.524366738603396 0.496897890287287 0.49304572405184 0.504690042751677
-9999 -9999 -9999 -9999 -9999 -9999 -9999 -9999 -9999 -9999 -9999 -9999 -9999 -9999 -9999 -9999 -9999 -9999 -9999 -9999 -9999 -9999 -9999 1.50594073534012 1.69294772048791 1.21468468507131 1.17383524249582 0.927258630283177 0.906908738426864 0.921523410826921 0.882047541439533 0.897802175022662 0.877177784219384 0.853229315020144 0.83613298740238 0.739909286610782 0.746290569193661 0.724072831682861 0.722991434857249 0.746751442551613 0.731452382169664 0.715406463481486 0.719466344453394 0.684567221906036 0.704061720985919 0.802467182278633 0.75055772329078 0.741613610702402 0.743682511589106 0.663503174396122 0.606616721433752 0.61498699381071 0.645173744243734 0.664764562073876 0.615077752400847 0.557405266253387 0.557997753076694 0.520614539875704 0.503972543951343 0.513844827080474 0.522871664780028 0.527145747752751
-9999 -9999 -9999 -9999 -9999 -9999 -9999 -9999 -9999 -9999 -9999 -9999 -9999 -9999 -9999 -9999 -9999 -9999 -9999 -9999 -9999 -9999 2.26473183476407 2.81229680425981 1.81362306370455 1.05003330856562 0.953093385323882 0.889742463827133 0.859289090149105 0.846756951883435 0.814408116973937 0.89612490311265 0.881914643570781 0.832740160636604 0.82524329982698 0.843355754390359 0.75909786298871 0.746455793268979 0.785082662478089 0.790328892879188 0.797702958807349 0.745618504006416 0.729695348069072 0.730589027982205 0.747278720140457 0.764144934275571 0.781205261454863 0.754500304951387 0.691289760610637 0.657086578362128 0.645661017474006 0.727145354537403 0.805683568996542 0.634281739592552 0.542867091210449 0.565388202667236 0.551608249983367 0.535440543556915 0.513211544383975 0.528440456618281 0.547594359692405 0.522037559572388
-9999 -9999 -9999 -9999 -9999 -9999 -9999 -9999 -9999 -9999 -9999 -9999 -9999 -9999 -9999 -9999 -9999 -9999 -9999 -9999 2.64602583646774 1.91278573660783 1.93673452209024 2.11889148876071 1.26676507031216 1.04944430664182 1.00414245575666 0.930462118238211 0.883035069331527 0.856399577111006 0.843184892088175 0.847809073515236 0.862185691483319 0.841994304209948 0.806271973997355 0.82473420817405 0.863583222962916 0.85958946403116 0.797952725552022 0.79908365663141 0.799933151341975 0.739046523347497 0.748064420185983 0.825297569856048 0.830098070204258 0.839500724337995 0.818952030995313 0.772403403240092 0.740086723776425 0.702243541969973 0.718222938916262 0.719577265136382 0.699678994715214 0.647594757378101 0.590076180065379 0.563642557929544 0.562613905790974 0.543870835619814 0.542172079577166 0.515870324829045 0.529882450314129 0.478876300156116
-9999 -9999 -9999 -9999 -9999 -9999 -9999 -9999 -9999 -9999 -9999 -9999 -9999 -9999 -9999 -9999 -9999 -9999 -9999 -9999 2.16402017911628 2.16824049130082 1.86388654634356 1.55447700619698 1.43381709605455 1.20336774364114 1.04334062151611 1.00754232890904 0.934396281838417 0.905851805582643 0.887528484687209 0.865533431991935 0.880636610090733 0.884873740375042 0.850252711214125 0.807370282709599 0.872459222562611 0.890654593706131 0.880177047103643 0.842866268008947 0.82121195923537 0.820915608666837 0.820364881306887 0.85251419339329 0.857023763470352 0.827095094136894 0.735160203650594 0.691295022144914 0.653099220246077 0.644508191384375 0.61966949980706 0.612757648341358 0.596241359598935 0.616853325627744 0.62289647385478 0.591402106918395 0.609662348404527 0.578317411243916 0.54310767352581 0.532353711314499 0.540812136495814 0.522050058140474
-9999 -9999 -9999 -9999 -9999 -9999 -9999 -9999 -9999 -9999 -9999 -9999 -9999 -9999 -9999 -9999 -9999 -9999 -9999 2.55080112030632 1.91128988564014 1.70705332607031 1.48541044257581 1.40073573030531 1.33164442889392 1.20907326042652 1.07912018336356 1.08581174723804 1.01069534383714 0.949286939576268 0.93020130135119 0.916076380759478 1.20437991831984 1.03028542016234 1.01492073706218 1.05094358325005 0.910180513747036 0.927054869011045 0.905632803216577 0.882877042517066 0.851244807243347 0.851587129756808 0.859342547133565 0.86299254745245 0.811106566339731 0.746479966677725 0.684825408272445 0.661742487922311 0.633009863086045 0.638918856158853 0.636371048167348 0.623247547075152 0.607311185449362 0.639338079839945 0.635306633077562 0.617101086303592 0.607315720058978 0.617276432923973 0.578054853715003 0.548093070276082 0.535966691561043 0.523613624274731
-9999 -9999 -9999 -9999 -9999 -9999 -9999 -9999 -9999 -9999 -9999 -9999 -9999 -9999 -9999 -9999 -9999 -9999 12.50431432724 8.25024118423462 4.0751979308469 3.46804539646421 2.52359041571617 1.9361252444131 1.32962629411902 1.2126038393804 1.24041471949645 1.493987764631 1.28018635511398 1.37832114739077 1.25481438211032 1.17193557002715 1.14408811288221 1.04260486364365 1.07927867238011 1.1051146451916 1.00709272362292 0.987231116741896 0.957970535382628 0.910016151411193 0.80212798501764 0.794535468731608 0.790034479328564 0.800742675151144 0.780745606337275 0.744138092866966 0.668201048858464 0.657644279301167 0.649461049586535 0.710040232166648 0.69472773000598 0.640258639119565 0.625301524065435 0.615733316168189 0.62437354400754 0.623905233107507 0.587023979052901 0.595294781494886 0.582138570025563 0.538145213853568 0.533599690999836 0.544835769105703
-9999 -9999 -9999 -9999 -9999 -9999 -9999 -9999 -9999 -9999 -9999 -9999 -9999 -9999 -9999 -9999 -9999 16.6270281868863 16.2513778209686 11.6696194346462 9.09973611831665 6.8914908681597 4.33385328309877 2.59440906132971 1.86833317152091 1.59028181433678 1.76980109938553 1.70234075827258 1.34920406980174 1.16507239426885 1.3267851706062 1.27166179993323 1.21862083886351 1.07002308113234 1.12045727670193 1.13360585485186 1.07104267179966 0.975611590913364 0.986215180584363 0.85530700641019 0.885299448456083 0.831098936498165 0.812794274517468 0.760082596114704 0.759496948548726 0.776082780744348 0.738316093172346 0.824597063474357 0.782995624467731 0.728969844058156 0.679503849707544 0.628329436294734 0.582672036252916 0.570558476261795 0.572052136994898 0.54121735598892 0.526573232375085 0.544523673132062 0.546855670865625 0.536787419579923 0.550602378789335 0.553965384140611
-9999 -9999 -9999 -9999 -9999 -9999 -9999 -9999 -9999 -9999 -9999 -9999 -9999 -9999 -9999 -9999 -9999 -9999 -9999 8.44852400527281 5.4971335466419 5.01077063594546 4.74043181751456 4.50459387685571 4.50439566160951 3.27205614745617 2.17467321881226 1.79698480878557 1.40499844934259 1.20569631457329 1.27615778573922 1.19269583267825 1.18974598710026 1.13051944013153 1.10785645991564 1.12972504645586 1.06221425746168 0.954727097281388 0.932384701711791 0.892624353723867 0.850778811744281 0.827780411711761 0.809208020567894 0.796779136572565 0.774182659174715 0.769777028688363 0.865611093118787 0.811174012720585 0.724495170637965 0.681961821658271 0.581600859761238 0.573242160491645 0.550786715000868 0.546548960264772 0.5760742938146 0.592721288558096 0.563128468114883 0.544274016749114 0.537776169832796 0.536354251205921 0.498824151232839 0.527011304655496
-9999 -9999 -9999 -9999 -9999 -9999 -9999 -9999 -9999 -9999 -9999 -9999 -9999 -9999 -9999 4.57962497420933 7.67996485407759 3.58878875887671 3.63323442935944 3.05984040243285 3.14002975395748 3.45447222462722 3.15653897396156 2.67931690386363 2.29187481318201 3.1628717141492 2.90873765945435 3.11044518649578 2.36369738727808 1.23580572328397 1.22093275934458 1.31941464543343 1.31946593629462 1.21938038617373 1.14313589675086 1.10981028633458 1.0075606373804 0.941122763923236 0.836715622672013 0.795658270163196 0.785164785172258 0.80952377723796 0.876070698457105 0.847717089312417 0.846415671919073 0.864702350326947 0.866857399897916 0.713281285017729 0.656675630249083 0.609248908236623 0.562922355718911 0.576478206552565 0.564592043403536 0.578015207313001 0.624040107708424 0.66896329075098 0.639713341835886 0.570559049025178 0.5363316424191 0.525203249417245 0.499659358989447 0.483749943785369
-9999 -9999 -9999 -9999 -9999 -9999 -9999 -9999 -9999 -9999 35.2986888885498 35.2986888885498 13.7248649597168 6.24928067810833 5.63798622228205 5.30168909579515 4.63068583011627 4.88269107341766 4.93755900859833 4.79422120111329 3.94453153865678 3.06394051653998 2.95117677748203 2.41234025997775 2.09679474362305 2.00349845205035 1.99173506881509 1.83682776561805 2.66399058912482 1.33403898456267 1.20238262414932 1.17828383509602 1.17510585486889 1.19691098800727 1.20509055682591 1.08410753948348 1.0017676949501 0.944732439305101 0.828927340252059 0.796549025390829 0.807022607752255 0.842207602092198 0.817689114383289 0.78375781327486 0.774542592465878 0.788401221590383 0.759031470332827 0.650154012654509 0.614763538752283 0.606431077633585 0.628285828445639 0.610798903740942 0.605957439634949 0.623644420411438 0.644350728951395 0.637533696368337 0.617596828378737 0.577411545440555 0.545437317341566 0.528116870205849 0.535271116532385 0.549735215026885
-9999 -9999 -9999 -9999 -9999 -9999 -9999 -9999 -9999 -9999 35.2986888885498 5.58296247323354 7.29097332805395 5.48652499169111 5.10382870584726 4.45785842835903 4.89230540219475 6.40999882871454 7.02502485667125 2.1991093702176 4.80547956909452 3.30640135492597 2.90149635928018 2.60635111800262 2.40430636703968 2.12949584637369 2.00289335846901 1.88968434716974 1.75727544512068 1.79576844615596 1.35292631494147 1.25818661174604 1.17607919978244 1.10093123252903 1.15993443450757 1.13165053405932 1.03265659511089 1.00271904894284 0.948320430304323 0.971082773591791 0.829297609627247 0.742493723120008 0.729066920067583 0.709476818995816 0.703895394291197 0.691312941057341 0.66382863585438 0.632984209273543 0.620900614985398 0.615276144019195 0.671666256551232 0.577483319278274 0.626099338755012 0.621745669282973 0.617066306993365 0.604411362670362 0.609485469292849 0.611255949363112 0.610567697323859 0.603758049197495 0.592008702456951 0.590183679945767
-9999 -9999 -9999 -9999 -9999 -9999 -9999 -9999 -9999 -9999 -9999 -9999 11.7261213365492 6.00834915918462 6.99035476937013 7.65401751839596 -9999 -9999 -9999 -9999 -9999 -9999 4.20042706387384 4.74286066634314 3.70777156310422 3.06793965825013 2.52343118829387 2.5092803899731 3.34798943996429 2.71484132217509 1.92168297299317 2.74883425980806 1.48725662380457 1.39308819919825 1.34163783597095 1.24248003959656 1.2322688922286 1.25577957502433 1.02127818869693 0.900831249143396 0.815735345440252 0.764287747442722 0.741144453840596 0.711867982787745 0.72389539118324 0.713890390736716 0.706055134534836 0.670340142079762 0.645244059818132 0.605705792350428 0.565259443862098 0.542762395739555 0.538360738754272 0.619007077999413 0.615362489596009 0.671319348737597 0.661189877428114 0.637139295693487 0.639308449812233 0.589019483327866 0.592870631814003 0.599399489164352
-9999 -9999 -9999 -9999 -9999 -9999 -9999 -9999 -9999 -9999 -9999 -9999 -9999 16.6274771690369 16.6274771690369 16.6274771690369 -9999 -9999 -9999 -9999 -9999 -9999 4.94490551948547 4.94490551948547 4.94490551948547 0.308659605681896 3.01127454744918 2.68645632479872 2.80933910608292 3.10801848982062 3.42658944853715 4.4421256216509 2.34525414769139 2.4825941696763 1.62694732738393 1.48479659110308 1.50822844569172 1.49748370157821 1.02503407640117 0.865709088742733 0.809979465390955 0.823703626436847 0.838641075151307 0.817884123751095 0.757041874740805 0.745671636291913 0.741882907492774 0.7280436030456 0.706246021602835 0.659735021314451 0.684006528662784 0.877268400575433 0.609469652175903 0.617333364486694 0.634176453948021 0.693392861634493 0.711236357688904 0.679091191850603 0.667444319464266 0.654765419661999 0.624620379880071 0.625076752156019
-9999 -9999 -9999 -9999 -9999 -9999 -9999 -9999 -9999 -9999 -9999 -9999 -9999 -9999 -9999 -9999 -9999 -9999 -9999 -9999 -9999 -9999 -9999 -9999 -9999 -9999 1.99951479434967 2.86899300558226 3.16755964074816 3.27573860883713 2.49591505101749 2.92729055030005 1.78381112005029 2.32701687301908 1.79773539304733 1.58470209155764 1.23315388389996 1.02211623213121 0.922969292317118 0.928089766630105 0.902811214327812 0.913141017513616 0.915804294603211 0.893767947064979 0.835817703711135 0.807967538812331 0.76331730027284 0.74620116182736 0.737575123352664 0.698013868715082 0.673026701701539 0.62846341463072 0.528260607272387 0.673812648653984 0.675129082798958 0.627484753727913 0.579656600952148 0.582178595662117 0.5615718126297 0.538959404826164 0.617374408990145 0.586415307596326
-9999 -9999 -9999 -9999 -9999 -9999 -9999 -9999 -9999 -9999 -9999 -9999 -9999 -9999 -9999 -9999 -9999 -9999 -9999 -9999 -9999 -9999 -9999 -9999 -9999 -9999 -9999 9.17370477744511 3.47784130573273 3.04616551399231 2.69819361397198 2.43665834196976 2.08798296536718 2.20254273074014 2.05310791305133 2.07930338808468 1.46968457528523 1.0966131186911 1.02308549306222 0.922242036887578 0.909207411110401 0.919754051736423 0.885686979762145 0.926429354718753 0.919417372239488 0.890458964875766 0.842504584895713 0.750993194856814 0.745899378189019 0.728001950574773 0.739360867866448 0.587887657540185 0.740660333633423 0.723493766784668 0.689072492718697 0.656419217586517 0.606424441933632 0.592653161287308 0.570461735129356 0.546429267525673 0.543603047728539 0.533564999699593
