EcologicalScience/Bass/data/rs_data_bass/chl_247.asc
NCOLS 226 
NROWS 124 
XLLCORNER -9.41648524995501 
YLLCORNER 47.587301625531 
CELLSIZE 0.0833 
NODATA_value -9999 
[rows 54 to 80 of 124, columns 124 to 185 of 226]
2.79057973623276 2.73963743448257 2.3891054391861 2.5729386806488 2.71443897485733 2.23834043741226 2.62289768457413 1.77069818973541 1.58851951360703 1.33134296536446 1.21609577536583 1.27317899465561 1.59815472364426 1.78205770254135 1.85207033157349 1.83945608139038 2.07525157928467 2.53829616308212 2.95750272274017 3.95659053325653 4.19036042690277 5.17691910266876 6.37664794921875 5.90919756889343 4.89315283298492 5.21664226055145 6.79807806015015 8.05577659606934 8.13928270339966 7.99441266059875 7.61605024337769 6.6410608291626 5.65213966369629 3.54406499862671 3.16095221042633 2.68621945381165 2.69233506917953 2.80272531509399 2.64372897148132 2.98795580863953 3.28374373912811 3.62632870674133 3.94904458522797 5.20178925991058 6.88512396812439 7.82077574729919 8.9203634262085 9.96844983100891 11.0819249153137 7.92580676078796 8.34273719787598 12.9846568107605 11.7984001636505 8.52623605728149 14.3752641677856 13.7813258171082 13.188325881958 14.2097680091858 13.8590085165841 15.2628921598396 5.85277451726491 -9999
3.52017223834991 3.20652973651886 2.69871443510056 2.56552952528 2.68346625566483 2.7032790184021 2.26455670595169 2.26048958301544 1.58306550979614 1.59791332483292 1.5279877781868 1.43123397231102 1.43646678328514 1.59939068555832 1.83623403310776 2.19715118408203 2.16169953346252 2.90564024448395 4.45956587791443 5.89956915378571 6.20583200454712 6.9577853679657 6.87397885322571 5.9028525352478 4.00857210159302 5.72209560871124 6.101567029953 6.43855333328247 7.88701558113098 7.88590693473816 7.36594676971436 6.81036615371704 5.20306134223938 3.84452104568481 3.58848738670349 2.77910327911377 2.27535831928253 2.13539171218872 2.60303020477295 3.09832799434662 3.83503568172455 4.41936063766479 4.29616641998291 6.33842182159424 7.39493465423584 9.11085748672485 11.4271931648254 13.34264087677 12.0647420883179 11.744738817215 5.05204260349274 9.1079137802124 9.1100709438324 11.480092048645 10.3552977561951 9.83484606742859 10.5720698833466 -9999 -9999 -9999 -9999 -9999
3.2164546251297 3.40354192256927 3.16107594966888 2.9787300825119 2.77659666538239 2.55610871315002 2.71584141254425 2.3167222738266 2.16522145271301 1.80863106250763 1.39271253347397 1.2923047542572 1.47342672944069 1.87972050905228 2.14498794078827 2.2781685590744 2.59125816822052 3.51657736301422 4.46895146369934 5.76085138320923 7.0145902633667 7.77011704444885 6.57281899452209 3.73432409763336 4.01364612579346 5.06527876853943 6.24719452857971 6.76066446304321 6.91685557365417 6.80738854408264 6.56542253494263 5.80809152126312 5.0166038274765 4.14041018486023 3.54568648338318 3.16657483577728 2.44375044107437 2.2206854224205 2.12595748901367 2.81338727474213 3.93411684036255 5.47977304458618 5.19770622253418 6.01308417320251 8.52411317825317 10.4674537181854 13.0573225021362 3.83900543103307 5.4503467798233 5.71110212802887 5.89040851593018 10.381726026535 12.7508781296866 14.6422571092844 -9999 -9999 -9999 -9999 -9999 -9999 -9999 -9999
3.7340075969696 3.17818486690521 3.10724937915802 3.16733086109161 2.80491453409195 2.78217905759811 2.48801708221436 2.1457439661026 2.11231201887131 1.94218343496323 1.9347158074379 1.64658826589584 1.60599142313004 1.89241343736649 2.29335898160934 2.48128044605255 3.2102826833725 4.24205911159515 5.8722470998764 7.12809276580811 8.42140746116638 7.15058541297913 6.03485298156738 4.15197372436523 4.36939036846161 6.12107563018799 7.03352808952332 6.77482938766479 7.06495714187622 6.93234801292419 5.8798291683197 5.29028248786926 4.41819441318512 3.94733762741089 4.08089625835419 3.76600563526154 2.87169671058655 2.20359081029892 2.56021052598953 2.58023858070374 3.01170086860657 4.9170001745224 6.08294534683228 8.55662155151367 13.8796105384827 14.2085552215576 17.0428075790405 6.37545601381074 23.8778057098389 16.5426964759827 17.5537233352661 12.7027788162231 23.376975774765 -9999 -9999 -9999 -9999 -9999 -9999 -9999 -9999 -9999
5.77286624908447 3.79890668392181 3.95320880413055 3.53535282611847 3.28319764137268 2.93474167585373 2.52488332986832 2.41698002815247 2.58233106136322 2.54338127374649 2.07795757055283 1.76884281635284 1.76679521799088 1.89262801408768 2.2551696896553 3.23068284988403 4.54878973960876 5.46482634544373 7.07631683349609 8.37074303627014 8.58917999267578 6.47505855560303 5.67389416694641 4.63161599636078 6.24822878837585 9.44251799583435 7.52065515518188 7.25886797904968 7.95258021354675 7.22861123085022 6.03603386878967 3.60427057743073 3.40056216716766 3.96412432193756 4.00424015522003 3.68992567062378 3.19125759601593 3.12404465675354 3.31735110282898 3.52453207969666 4.5875848531723 7.51061296463013 10.0084133148193 14.7357087135315 19.9427762031555 53.6930040121078 14.8788296699524 11.3896075487137 31.2152996063232 19.4676904678345 25.767050743103 15.2548180818558 57.2888660430908 -9999 -9999 -9999 -9999 -9999 -9999 -9999 -9999 -9999
-9999 14.6939570188522 25.0697708527247 5.89775168895721 5.34867668151855 2.57994228601456 2.7152504324913 3.25713443756104 3.66851913928986 2.95783799886703 2.51931220293045 2.76719695329666 3.26287436485291 2.92360728979111 2.84288781881332 3.52601087093353 6.69433164596558 7.21322751045227 8.30010795593262 8.47115921974182 7.15223407745361 6.12417197227478 7.87831664085388 7.72281646728516 7.45810103416443 7.78628611564636 8.52898550033569 7.23942446708679 7.32119607925415 5.95894646644592 3.68083870410919 2.64555305242538 2.71623605489731 3.03426289558411 2.91244804859161 3.00256633758545 2.7303614616394 1.8230220079422 1.98060375452042 2.79302841424942 4.26117539405823 6.46668219566345 12.1639523506165 24.0450839996338 66.8371295928955 -9999 10.4140753746033 13.8220958709717 15.0717711448669 16.9577131271362 36.1070773601532 42.2033100128174 56.4946546554565 50.1840016738228 -9999 -9999 -9999 -9999 -9999 -9999 -9999 -9999
-9999 -9999 -9999 -9999 -9999 2.28387522697449 12.6329271197319 2.31209099292755 2.61951756477356 4.10668730735779 4.6893253326416 3.70249056816101 4.4944896697998 5.81491720676422 5.58129608631134 5.99947428703308 7.60624623298645 7.45003080368042 7.13434553146362 6.13006138801575 7.60073375701904 9.41358375549316 10.2019822597504 13.2130708694458 9.45626378059387 10.1020038127899 8.36411261558533 7.70132732391357 7.10611581802368 5.3861038684845 2.75168699026108 2.23709106445312 2.09360700845718 2.21869879961014 2.73121422529221 3.22767162322998 2.19667947292328 2.20014595985413 2.46619802713394 2.95622849464417 7.41409206390381 12.5233354568481 21.2073040008545 33.7652921676636 23.645031452179 20.4943818791399 -9999 -9999 -9999 -9999 62.6137418746948 62.7539348602295 70.8223972320557 22.635597038269 -9999 -9999 -9999 -9999 -9999 -9999 -9999 -9999
-9999 -9999 -9999 -9999 -9999 -9999 -9999 -9999 7.38248991966248 2.51254570484161 5.05355787277222 9.28631687164307 9.57141852378845 8.30499386787415 8.21237826347351 8.12665700912476 8.29127383232117 7.88321971893311 7.07447147369385 6.43500781059265 10.3578379154205 14.8182363510132 14.6388144493103 14.4171981811523 8.12926840782166 9.66416001319885 9.21047401428223 9.75267720222473 8.75772571563721 5.41757333278656 3.34101891517639 2.65514481067657 2.22090446949005 2.5279244184494 2.63758045434952 2.66481667757034 2.85234528779984 2.93943303823471 3.36702239513397 4.71638309955597 6.83338809013367 11.7470412254333 32.2813138961792 48.8871059417725 6.76986653127788 29.0682649612427 -9999 -9999 -9999 -9999 17.548882484436 46.2997074127197 52.7801990509033 26.3593972921371 38.9210832595825 39.4554188884034 -9999 -9999 -9999 -9999 -9999 -9999
-9999 -9999 -9999 -9999 -9999 -9999 -9999 -9999 -9999 -9999 3.5766373872757 4.12083613872528 5.3745710849762 5.36038792133331 8.15624713897705 6.97819089889526 6.47605347633362 7.55865240097046 9.39547348022461 10.7242984771729 12.1451654434204 16.9022727012634 13.6024374961853 13.2747144699097 10.6517615318298 10.1068654060364 9.90863943099976 10.5214004516602 9.28545141220093 4.94549703598022 3.3697829246521 2.98222267627716 3.1874520778656 3.54204761981964 3.93483746051788 3.8203958272934 4.52962732315063 5.23367249965668 5.33069157600403 7.84728097915649 12.1456089019775 20.9345526695251 40.8653182983398 14.8802993297577 13.7772166138714 -9999 -9999 -9999 -9999 -9999 -9999 -9999 9.8714835658306 14.4821605682373 14.4301528930664 25.0748660087585 10.8786277770996 -9999 -9999 -9999 -9999 -9999
-9999 -9999 -9999 -9999 -9999 -9999 -9999 -9999 -9999 4.3704868555069 8.4422487616539 4.30620682239532 8.42430853843689 10.9327883720398 8.62479114532471 8.22053718566895 5.84850597381592 6.29817795753479 9.13401532173157 16.1818857192993 19.4577598571777 16.1710896492004 14.7821102142334 13.7461538314819 9.69274020195007 10.1249885559082 10.707400560379 10.1374325752258 9.39118981361389 5.52029621601105 4.32037782669067 3.76548671722412 4.06105363368988 3.73434734344482 3.9627571105957 4.52870857715607 5.51865005493164 6.76413202285767 8.28501963615417 12.4489073753357 20.1238832473755 34.6453084945679 59.0830764770508 22.4130102396011 23.4449338924538 33.0447750091553 -9999 -9999 -9999 26.4216495752335 21.5383949279785 16.2767336368561 29.3924131393433 25.2275476455688 23.7206189632416 16.0671014785767 15.3421871969777 -9999 -9999 -9999 -9999 -9999
-9999 -9999 -9999 -9999 -9999 -9999 -9999 -9999 -9999 -9999 4.00850021839142 4.15847790241241 6.01977753639221 8.29533576965332 10.0844507217407 8.25633072853088 6.40855479240417 7.73592782020569 11.8107297420502 19.7946209907532 18.4287486076355 17.2049589157104 19.5413160324097 18.796844959259 8.07228255271912 7.57274293899536 7.50075960159302 8.39963006973267 7.20995593070984 6.6198148727417 5.51345479488373 4.80553185939789 4.16443347930908 3.81034719944 4.97640538215637 5.36483037471771 6.02000641822815 6.5654239654541 9.48521590232849 15.9063034057617 28.7255659103394 50.7668380737305 20.8461875915527 20.5307335853577 8.81054068884803 -9999 -9999 -9999 -9999 -9999 21.7237790822983 16.4989407062531 21.5057737827301 14.9440860748291 38.657958984375 -9999 -9999 -9999 -9999 -9999 -9999 -9999
-9999 -9999 -9999 -9999 -9999 -9999 -9999 -9999 -9999 3.67937564849854 4.61442351341248 4.42247986793518 6.01208424568176 9.28733325004578 8.78004312515259 7.32064318656921 6.01187109947205 7.77460098266602 11.1840541362762 14.2192354202271 16.6008996963501 10.7396814823151 10.1190369129181 8.36751866340637 4.61310160160065 4.46076285839081 4.47362315654755 4.70585989952087 5.26441955566406 4.96966803073883 5.30923211574554 5.48616242408752 5.25682067871094 5.73755836486816 7.43412494659424 8.2723217010498 9.65551471710205 13.4709362983704 15.4772329330444 23.0629234313965 40.5276832580566 14.4646368026733 30.0884065628052 6.17871362491719 3.86466658115387 -9999 -9999 -9999 -9999 -9999 53.1782706507136 26.8516352176666 29.296281337738 -9999 -9999 -9999 -9999 -9999 -9999 -9999 -9999 -9999
-9999 -9999 -9999 -9999 -9999 -9999 -9999 -9999 -9999 4.76377376643094 5.58188116550446 5.84953951835632 6.17790555953979 7.50517773628235 7.06777095794678 6.6626443862915 5.54519855976105 6.29681968688965 9.54607701301575 7.37765192985535 8.06221675872803 7.4258029460907 5.3720076084137 2.50923979282379 2.43118500709534 2.93332493305206 3.06687462329865 2.85401093959808 2.88830244541168 3.33687436580658 4.02973651885986 4.75335824489594 6.56974983215332 8.52399444580078 10.514702796936 11.22629570961 14.0328283309937 14.9208312034607 19.9579482078552 40.2335386276245 30.1110191345215 16.5113263130188 14.9690906524658 10.7840442993109 3.86466693878174 -9999 -9999 -9999 -9999 12.1949715614319 -9999 -9999 -9999 -9999 -9999 -9999 -9999 -9999 -9999 -9999 -9999 -9999
-9999 -9999 -9999 -9999 -9999 -9999 -9999 -9999 -9999 4.1427413225174 3.93758922815323 7.34933495521545 7.36356782913208 6.9901328086853 5.82877886295319 5.28266036510468 4.49421215057373 5.31346642971039 5.81836795806885 8.0875997543335 8.31181597709656 5.74033427238464 3.01344001293182 1.77662694454193 2.02246052026749 2.37284177541733 2.29980218410492 2.4282660484314 2.87591028213501 3.72630000114441 4.60674440860748 6.08846855163574 8.63601994514465 11.1872971057892 13.760856628418 13.750433921814 13.5074186325073 17.6494760513306 29.8951921463013 48.5470561981201 56.8714714050293 14.4441061019897 5.06870416456194 -9999 -9999 -9999 -9999 -9999 -9999 -9999 -9999 -9999 -9999 -9999 -9999 -9999 -9999 -9999 -9999 -9999 -9999 -9999
-9999 -9999 -9999 -9999 -9999 -9999 -9999 -9999 -9999 3.80493271350861 3.58691149950027 8.12578511238098 7.38382172584534 6.69453191757202 5.21385812759399 2.12857258319855 5.00170791149139 5.41921663284302 7.32759690284729 7.58195400238037 4.44980764389038 2.15805977582932 1.41555753350258 1.3658107817173 1.74385571479797 2.27042555809021 3.05724763870239 3.85998594760895 4.59356260299683 5.36122441291809 6.1746289730072 8.46584272384644 10.5830748081207 11.9037079811096 13.2715659141541 13.935396194458 13.0831017494202 17.5948190689087 28.184609413147 51.4530944824219 22.1008768081665 5.07770437352798 8.7326271634504 -9999 -9999 -9999 -9999 -9999 -9999 -9999 -9999 -9999 -9999 -9999 -9999 -9999 -9999 -9999 -9999 -9999 -9999 -9999
-9999 -9999 -9999 -9999 -9999 -9999 -9999 3.28386068344116 4.26679716110229 3.36107701063156 3.27451980113983 6.57501268386841 6.9578332901001 7.50777769088745 8.13285756111145 2.67629849910736 6.08099484443665 6.88778972625732 7.93198156356812 7.3199028968811 4.34188592433929 2.53713083267212 1.37489104270935 1.31004148721695 1.80363893508911 2.79347777366638 3.79570484161377 4.48041808605194 5.2458518743515 5.61514270305634 5.96470892429352 7.92426753044128 9.32811784744263 11.1389014720917 12.2909603118896 14.3370995521545 17.9893913269043 22.9747910499573 28.0809373855591 36.6569395065308 13.2090985508798 5.69786846637726 3.25656187534332 -9999 -9999 -9999 -9999 -9999 -9999 -9999 -9999 -9999 -9999 -9999 -9999 -9999 -9999 -9999 -9999 -9999 -9999 -9999
-9999 -9999 -9999 -9999 -9999 -9999 3.64601563745075 4.50447967919436 4.48758358955383 3.32416588068008 3.45196920633316 3.2473908662796 3.65123552083969 9.93882536888123 8.45827460289001 7.38440680503845 7.11691403388977 5.21761107444763 4.92936909198761 4.88941740989685 3.3815084695816 2.29275906085968 1.37083876132965 1.42014223337173 1.7039190530777 2.89116758108139 5.21721911430359 5.71040332317352 6.62443900108337 8.48240303993225 8.73692464828491 6.42218542098999 16.6626634597778 13.3573994636536 14.1662821769714 12.9108037948608 11.9285237789154 13.4292540550232 16.1998386383057 -9999 -9999 -9999 -9999 -9999 -9999 -9999 -9999 -9999 -9999 -9999 -9999 -9999 -9999 -9999 -9999 -9999 -9999 -9999 -9999 -9999 -9999 -9999
-9999 -9999 -9999 -9999 4.43035372561472 3.83953874111176 3.34867934882641 4.38791327476502 2.83825573325157 2.66148599982262 2.47019916772842 2.84856104850769 3.07969245314598 3.72820767760277 6.41343069076538 6.92595291137695 6.6864538192749 3.95214450359344 3.36948359012604 2.88135820627213 2.50068604946136 1.78274774551392 1.53624594211578 1.77007341384888 2.80633342266083 4.91330766677856 7.19083070755005 7.07326483726501 8.00936079025269 8.35811805725098 5.50464391708374 5.30763673782349 8.80304074287415 18.9015707373619 35.0128065347672 8.7564138174057 9.7043624818325 10.0906795217441 -9999 -9999 -9999 -9999 -9999 -9999 -9999 -9999 -9999 -9999 -9999 -9999 -9999 -9999 -9999 -9999 -9999 -9999 -9999 -9999 -9999 -9999 -9999 -9999
-9999 -9999 -9999 -9999 3.21678590774536 3.60961392036704 2.81994634866714 3.11240741014481 3.26567468047142 2.6408973634243 2.44579687714577 2.53745180368423 2.32674711942673 4.3706983923912 5.73044541478157 4.69285941123962 4.53532361984253 2.66094070672989 2.05921947956085 1.85376745462418 1.6539112329483 1.48674675822258 1.67575800418854 2.3287718296051 3.58795344829559 5.69807839393616 8.11400127410889 4.67429968714714 7.09846848249435 7.63094544410706 5.09889030456543 15.3605344891548 20.4651707410812 20.7857730388641 12.7670164108276 28.863550901413 31.3574182987213 -9999 -9999 -9999 -9999 -9999 -9999 -9999 -9999 -9999 -9999 -9999 -9999 -9999 -9999 -9999 -9999 -9999 -9999 -9999 -9999 -9999 -9999 -9999 -9999 -9999
-9999 31.7511459648942 3.74377270909243 3.53506748066392 4.72921718358993 3.72367966175079 3.13484555482864 3.52495211362839 3.45957380533218 2.38877588510513 2.18341049551964 5.05858719348907 5.1702983379364 2.96145522594452 2.77509677410126 2.89220327138901 1.72837507724762 1.62020176649094 1.53217417001724 1.49483773112297 1.58130598068237 2.35667842626572 2.99952292442322 3.54304182529449 3.93657982349396 8.17166224122047 4.98148110508919 3.89521050453186 7.53456348180771 4.99589812755585 5.92968010902405 30.6940017342567 27.5359607934952 13.8245556354523 11.9110114574432 12.5343438603661 -9999 -9999 -9999 -9999 -9999 -9999 -9999 -9999 -9999 -9999 -9999 -9999 -9999 -9999 -9999 -9999 -9999 -9999 -9999 -9999 -9999 -9999 -9999 -9999 -9999 -9999
10.8332446643284 4.45713207198352 4.67047883914067 3.91374409624508 3.32075697183609 3.21696156263351 3.14873734116554 3.63702821731567 3.09692394733429 2.82512149214745 2.12373483181 4.56151413917542 2.37885975837708 1.9106063246727 1.9985985159874 1.51339942216873 1.25462329387665 1.15511852502823 1.23780450224876 1.49882027506828 2.82495296001434 3.19181191921234 3.9735803604126 4.07628464698792 5.2574211359024 5.55961230397224 5.48267143964767 5.45516109466553 7.0528509914875 5.77960914373398 9.02552461624146 11.712170124054 14.5717749595642 -9999 -9999 -9999 -9999 -9999 -9999 -9999 -9999 -9999 -9999 -9999 -9999 -9999 -9999 -9999 -9999 -9999 -9999 -9999 -9999 -9999 -9999 -9999 -9999 -9999 -9999 -9999 -9999 -9999
20.492383740165 2.9880188022341 4.17719793319702 3.57380747795105 3.36514699459076 3.49034285545349 4.00754374265671 3.84368616342545 3.29415553808212 2.73951601982117 5.98490417003632 6.01673269271851 2.23944979906082 1.74224326014519 2.06910820305347 0.977708995342255 1.19562971591949 1.302077293396 1.20389923453331 1.27080452442169 2.12488567829132 2.31782841682434 3.26795697212219 3.66668844223022 3.45129883289337 3.47094511985779 5.92348229885101 4.82995122671127 7.02808195352554 8.94222235679626 10.1079235076904 14.1952948570251 7.74833078384399 15.228245417277 13.097595055898 5.61911494081671 -9999 -9999 -9999 -9999 -9999 -9999 -9999 -9999 -9999 -9999 -9999 -9999 -9999 -9999 -9999 -9999 -9999 -9999 -9999 -9999 -9999 -9999 -9999 -9999 -9999 -9999
5.62835168838501 5.27954372763634 4.74856415390968 3.64450469613075 4.24727511405945 4.51380264759064 3.81811612844467 3.25348430871964 3.19575333595276 3.36832836270332 3.18148237466812 3.9774709045887 3.85064631700516 1.4808873385191 0.95930027961731 1.00912347435951 1.26365250349045 1.40704795718193 1.67687183618546 1.19768026471138 1.36478850245476 2.11019253730774 3.24949049949646 11.0452117323875 8.15657079219818 4.88019186258316 4.38904005289078 4.55100220441818 7.77119958400726 7.25836265087128 6.64166630109151 -9999 -9999 -9999 -9999 -9999 -9999 -9999 -9999 -9999 -9999 -9999 -9999 -9999 -9999 -9999 -9999 -9999 -9999 -9999 -9999 -9999 -9999 -9999 -9999 -9999 -9999 -9999 -9999 -9999 -9999 -9999
6.07976120710373 5.74265688657761 5.62673056125641 5.02307412028313 4.13631105422974 3.76051020622253 3.27481627464294 4.10675919055939 4.12211287021637 4.57401332259178 3.94117230176926 4.64567443728447 2.52773098647594 1.18991777300835 1.20975936949253 1.0295205116272 1.14479622244835 1.31677052378654 1.29072976112366 6.92447507381439 6.55253666639328 5.27303379774094 7.38060450553894 8.03712174296379 4.82973825931549 4.85242456197739 4.71728253364563 5.3432389497757 5.74736523628235 7.05834567546844 7.04567849636078 6.24869499206543 -9999 -9999 -9999 -9999 -9999 -9999 25.5012692052927 12.6942715644836 -9999 -9999 -9999 -9999 -9999 -9999 -9999 -9999 -9999 -9999 -9999 -9999 -9999 -9999 -9999 -9999 -9999 -9999 -9999 -9999 -9999 -9999
3.32261829078197 8.85327672958374 5.66474396532232 6.81279426150852 4.9896095842123 3.71223363123442 4.20481598377228 4.94478553533554 5.52847909927368 4.34682154655457 3.58452790975571 6.82499438524246 1.87340658903122 0.913352966308594 1.18340134620667 4.20546305179596 6.53841787576675 8.7268238067627 6.06959646940231 14.30906945467 8.35703957080841 6.79410594701767 10.1800428628922 6.86268973350525 5.54506731033325 5.08738923072815 4.99244821071625 5.25932317972183 5.4468474984169 6.58501002788544 8.49972672985025 3.42093944549561 -9999 -9999 -9999 -9999 -9999 -9999 -9999 -9999 -9999 -9999 -9999 -9999 -9999 -9999 -9999 -9999 -9999 -9999 -9999 -9999 -9999 -9999 -9999 -9999 -9999 -9999 -9999 -9999 -9999 -9999
-9999 -9999 -9999 -9999 -9999 4.03549417696501 5.33736612796783 4.98128110170364 4.83207535743713 3.49010628461838 2.15863019227982 1.6866352558136 1.32017585635185 1.25106637179852 1.19744320213795 5.51332801580429 10.0470105409622 8.20513051748276 14.8929378986359 7.45598697662354 4.46033442020416 5.37125283479691 6.0606581568718 10.3357867598534 6.10848898237402 8.32880788499659 -9999 -9999 -9999 -9999 -9999 -9999 -9999 -9999 -9999 -9999 -9999 -9999 -9999 -9999 -9999 -9999 -9999 -9999 -9999 -9999 -9999 -9999 -9999 -9999 -9999 -9999 -9999 -9999 -9999 -9999 -9999 -9999 -9999 -9999 -9999 -9999
-9999 -9999 -9999 -9999 -9999 -9999 7.92566359043121 6.78997802734375 4.33026838302612 2.95754393935204 1.61049109697342 0.991378515958786 1.45774050056934 1.33784320950508 1.43268451094627 10.3181787729263 11.5094652175903 9.25772821903229 15.6325727701187 6.17964649200439 8.84711611270905 7.15567898750305 7.63678860664368 3.29216618944959 -9999 -9999 -9999 -9999 -9999 -9999 -9999 -9999 -9999 -9999 -9999 -9999 -9999 -9999 -9999 -9999 -9999 -9999 -9999 -9999 -9999 -9999 -9999 -9999 -9999 -9999 -9999 -9999 -9999 -9999 -9999 -9999 -9999 -9999 -9999 -9999 -9999 -9999
