EcologicalScience/Bass/data/rs_data_bass/chl_5.asc
NCOLS 226 
NROWS 124 
XLLCORNER -9.41648524995501 
YLLCORNER 47.587301625531 
CELLSIZE 0.0833 
NODATA_value -9999 
[rows 84 to 111 of 124, columns 62 to 123 of 226]
-9999 -9999 -9999 -9999 -9999 -9999 -9999 -9999 -9999 -9999 -9999 -9999 -9999 -9999 -9999 -9999 -9999 -9999 -9999 -9999 -9999 -9999 -9999 -9999 -9999 -9999 -9999 -9999 -9999 -9999 -9999 -9999 -9999 -9999 -9999 -9999 -9999 -9999 -9999 -9999 -9999 -9999 -9999 -9999 -9999 -9999 -9999 -9999 -9999 -9999 -9999 -9999 -9999 -9999 -9999 -9999 -9999 4.24680233001709 2.94125247001648 2.94481426477432 2.80867946147919 2.66942256689072
-9999 -9999 -9999 -9999 -9999 -9999 -9999 -9999 -9999 -9999 -9999 -9999 -9999 -9999 -9999 -9999 -9999 -9999 -9999 -9999 -9999 -9999 -9999 -9999 -9999 -9999 -9999 -9999 -9999 -9999 -9999 -9999 -9999 -9999 -9999 -9999 37.1749906539917 -9999 2.97137242555618 3.38051339336064 -9999 -9999 3.42899394035339 3.24056911468506 3.10590970516205 2.93405628204346 2.23500743508339 2.29937888681889 2.43870341777802 3.6350759267807 3.42351758480072 2.33684331178665 -9999 -9999 -9999 2.37917615686144 2.96068575978279 2.6765992641449 2.69200050830841 2.37198221683502 1.65729153156281 1.39954572916031
-9999 -9999 -9999 -9999 -9999 -9999 -9999 -9999 -9999 -9999 -9999 -9999 -9999 2.45426094532013 2.25695478916168 1.22120022773743 2.02622616291046 1.1702027618885 1.12509450316429 -9999 -9999 -9999 -9999 -9999 -9999 -9999 -9999 -9999 2.30707506090403 2.54201893508434 3.03170934319496 3.230030849576 -9999 3.66949796676636 -9999 -9999 -9999 -9999 2.85919725894928 2.78300106525421 2.88824021816254 2.98040252923965 3.18287909030914 3.05035793781281 2.96531921625137 2.78704941272736 2.81202757358551 2.47300279140472 2.2876196578145 3.19895160198212 2.82391279935837 2.75994604825974 2.70022720098495 2.5013228058815 2.46776694059372 2.26312351226807 2.07579606771469 2.02259391546249 1.88531541824341 1.49444854259491 1.00044751167297 0.956907749176025
-9999 -9999 -9999 -9999 -9999 -9999 -9999 -9999 -9999 -9999 2.25846219062805 1.75419366359711 1.42958700656891 1.49292299151421 1.47434771060944 1.19238072633743 1.63796246051788 1.68905478715897 1.42734223604202 1.65429651737213 -9999 -9999 1.5236422419548 1.92490717768669 1.97982719540596 -9999 -9999 2.20641161311756 2.52733993530273 2.54774531722069 2.6194275021553 2.89620471000671 2.14458453655243 2.50709170103073 -9999 -9999 -9999 3.29692733287811 3.19574189186096 2.8943880200386 3.08743214607239 3.33266866207123 3.12416338920593 2.95870417356491 2.69600558280945 2.48170119524002 2.50327277183533 1.71419450640678 1.69823589920998 1.7589653134346 1.78473293781281 1.65309298038483 1.51354873180389 1.45688626170158 1.37539646029472 1.27276200056076 1.18910998106003 1.04578426480293 0.954383254051208 0.901286959648132 0.837230980396271 0.966595530509949
-9999 -9999 -9999 -9999 -9999 -9999 -9999 -9999 -9999 2.16814130544662 1.61690247058868 1.47761097550392 1.30221077799797 1.2695520222187 1.21062076091766 1.55873423814774 1.57875925302505 1.61212801933289 1.56368333101273 1.61426854133606 1.45617955327034 1.49770428836346 2.06341457366943 2.03123700618744 2.13903772830963 2.03847599029541 1.92409801483154 1.85013681650162 2.41842806339264 2.3580549955368 1.67546707391739 1.75702357292175 1.84782457351685 1.99819958209991 2.61248695850372 3.00362026691437 3.20192635059357 3.31521964073181 2.906802713871 2.70248544216156 2.88747382164001 2.21409443020821 3.29407739639282 3.02239644527435 2.27056878805161 1.38213830441236 1.39345049858093 0.91413152217865 0.801399707794189 1.65734016895294 1.50580197572708 1.32107546925545 1.19859972596169 1.096111536026 1.06114947795868 0.97216871380806 0.962557464838028 0.90550571680069 0.883550226688385 0.843486785888672 0.830507218837738 0.860660254955292
-9999 -9999 -9999 -9999 -9999 -9999 -9999 -9999 -9999 1.38141077756882 1.26110771298409 1.2442162334919 1.08850800991058 0.986461490392685 0.985676229000092 1.00801947712898 1.5105277299881 1.63189071416855 1.64638352394104 1.67379200458527 1.74276494979858 1.86501079797745 2.15043532848358 2.07171070575714 2.09242880344391 2.06770581007004 1.96727621555328 1.77252602577209 1.67477542161942 1.66432732343674 1.69021207094193 1.69880175590515 1.72947746515274 1.75563222169876 1.82737791538239 1.91997671127319 2.01078075170517 2.02829092741013 2.50570952892303 2.37849569320679 2.11806705594063 2.08827549219131 1.37249787151814 1.50655567646027 1.51431155204773 1.34498476982117 1.06272152066231 1.05286645889282 1.27184477448463 1.00518223643303 0.987171739339828 1.02723303437233 0.940133213996887 0.973556220531464 0.961294502019882 1.01865148544312 0.90998250246048 0.874272733926773 0.845253735780716 0.828655511140823 0.927516013383865 1.01140952110291
-9999 -9999 -9999 -9999 -9999 -9999 -9999 -9999 -9999 1.22156998515129 1.11759451031685 1.05817195773125 0.985737025737762 1.02908128499985 0.953354984521866 0.992850780487061 0.993568241596222 1.05240753293037 1.11277198791504 1.18425679206848 1.63755914568901 1.56484763324261 1.73307305574417 1.98521625995636 1.78310626745224 1.68596917390823 1.57794070243835 1.45971822738647 1.43220672011375 1.51768344640732 1.54643619060516 1.50839406251907 1.47809100151062 1.43329051136971 1.53655046224594 1.48031178116798 1.581802546978 1.74015748500824 2.39871174097061 2.37023878097534 2.02134120464325 1.26105096936226 1.09099492430687 1.01749178767204 0.932478398084641 1.16663172841072 0.898076608777046 0.906122088432312 1.01814678311348 0.919960498809814 0.863023459911346 0.852563291788101 0.88612425327301 0.893807262182236 0.9388447701931 0.883052229881287 0.926320463418961 0.887127041816711 0.933836996555328 0.938001751899719 0.974705994129181 1.08170172572136
2.62218832969666 1.41679045557976 2.5977743268013 5.37384831905365 -9999 -9999 -9999 1.93234205245972 1.69865548610687 1.30495271086693 0.988580256700516 0.953568041324615 0.93059179186821 0.850227981805801 0.857785254716873 0.892018258571625 0.953163266181946 1.08113774657249 1.04896500706673 1.02282822132111 1.02423146367073 1.03855946660042 1.56050330400467 1.4198602437973 1.28289672732353 1.47753301262856 1.11013796925545 1.11460277438164 1.13579097390175 1.10922753810883 1.09884372353554 0.976889222860336 0.971192210912704 0.935265004634857 1.37949573993683 1.24584370851517 1.32512247562408 1.40985149145126 1.59844391047955 1.37207472324371 1.24350978434086 0.893493711948395 0.920468240976334 0.962087720632553 0.966567188501358 0.988337248563766 0.965651214122772 0.735031116753817 0.903223514556885 0.69538950920105 0.588042005896568 0.786557257175446 0.872695505619049 0.891618758440018 0.766864269971848 1.01189026236534 0.965049773454666 0.973043292760849 0.96235728263855 0.979687482118607 0.997660517692566 0.895853966474533
1.42041224241257 0.409114733338356 0.456705763936043 0.470739737153053 1.59266549348831 1.57556766271591 1.26142537593842 1.27476078271866 1.22835333645344 1.16439078748226 0.882298529148102 0.89478000998497 0.488293513655663 0.579845264554024 0.870712250471115 0.691042497754097 0.760549485683441 0.87687823176384 0.88271951675415 0.99948450922966 0.983435243368149 0.960336774587631 0.719324246048927 0.865218758583069 1.14689326286316 0.985510468482971 0.92975252866745 0.91344228386879 1.01619377732277 1.03677079081535 0.923868745565414 0.929988741874695 0.923469007015228 0.878706783056259 0.909329205751419 0.89883828163147 0.84810072183609 0.81987601518631 0.802869021892548 0.869916975498199 0.950910776853561 0.954762786626816 0.913022965192795 0.909884244203568 0.889860033988953 0.890735238790512 0.876256495714188 0.903903007507324 0.720493368804455 0.815828293561935 0.608557507395744 0.638310000300407 1.11211502552032 1.09648722410202 1.1013885140419 1.12213352322578 0.927960723638535 0.950443536043167 1.02722471952438 1.08358052372932 1.14204901456833 1.3676715195179
0.374460749328136 0.446805730462074 0.540309011936188 0.372765004634857 0.526209756731987 0.542841002345085 1.06010214239359 0.575174510478973 0.379026755690575 0.360463500022888 0.353066995739937 0.401789233088493 0.476955771446228 0.52709399163723 0.573027759790421 0.613976240158081 0.680480271577835 0.643396496772766 0.904943257570267 0.904628992080688 0.915153712034225 0.950267225503922 0.952580273151398 0.962565779685974 0.928359746932983 0.932628035545349 0.895928978919983 0.874025255441666 0.781973272562027 0.772003501653671 0.779912263154984 0.776963263750076 0.784395754337311 0.750251233577728 0.763866037130356 0.778059750795364 0.797181040048599 0.79069572687149 0.789337456226349 0.822543501853943 1.02887696027756 1.01582023501396 0.964950710535049 0.966072767972946 0.962858229875565 0.817890733480453 0.851381242275238 0.850535988807678 0.843814462423325 0.854203462600708 0.870484471321106 1.32797849178314 0.767296873033047 0.836774861812592 0.707008514553308 0.726278632879257 0.807377249002457 1.00975495576859 0.666121512651443 1.19622373580933 1.22745671868324 1.32680404186249
0.450000733137131 0.357203252613544 0.344132244586945 0.280943244695663 0.483906760811806 0.659205369651318 0.637411862611771 0.824263863265514 0.817763976752758 0.91261837631464 0.903832465410233 0.652199640870094 0.490348488092422 0.52641673386097 0.829578012228012 0.639690291881561 0.688329353928566 0.697771869599819 0.837713241577148 0.865961998701096 0.613908442854881 0.762739509344101 0.74330398440361 0.986870974302292 0.971390962600708 0.905100792646408 0.930198043584824 0.923064708709717 0.928443789482117 0.751067966222763 0.740271002054214 0.697505235671997 0.730908751487732 0.751088976860046 0.764470517635345 0.82283028960228 0.8568494617939 0.852001458406448 0.82694399356842 0.82369726896286 0.808280289173126 0.793033540248871 0.816104292869568 0.824286729097366 0.835252493619919 0.852253496646881 0.950146526098251 0.916200041770935 0.900947213172913 0.904848754405975 0.918746262788773 1.38620254397392 1.35456821322441 1.04327926039696 1.02643275260925 1.04817527532578 1.12666422128677 1.203458994627 1.12141048908234 1.36383748054504 1.62610191106796 1.67210483551025
0.333107247948647 0.292325243353844 0.31767750531435 0.391945742070675 0.394445508718491 0.30994924902916 0.515941500663757 0.563232757151127 0.57863511890173 0.547922618687153 0.302071496844292 0.333362258970737 0.354747757315636 0.364340253174305 0.924353241920471 0.672573745250702 0.662389509379864 0.609667494893074 0.669786393642426 0.677851505577564 0.684745520353317 0.713595740497112 0.621497988700867 0.62601575255394 0.508566498756409 0.987950205802917 0.993832468986511 1.01056578755379 0.540190503001213 1.01972776651382 1.036148250103 0.832512706518173 0.759161978960037 0.768582791090012 0.902511745691299 0.914525270462036 0.95624703168869 0.961383014917374 0.920284509658813 0.907829225063324 0.914194464683533 0.92271825671196 0.866428524255753 0.83933624625206 0.837024718523026 0.841908037662506 1.42034402489662 0.985015511512756 0.914010733366013 1.05065592271941 0.931185722351074 0.930573016405106 0.761693239212036 0.916651457548141 1.01335725188255 1.24197524785995 1.52537620067596 1.62389767169952 1.7956035733223 1.99624282121658 2.35799020528793 2.51763153076172
0.271246500313282 0.457202240824699 0.419108256697655 0.418796002864838 0.42058689147234 0.314866125583649 0.290533874183893 0.510928961634636 1.29289197921753 0.339570745825768 0.318708747625351 1.2428602874279 1.14646196365356 0.451805993914604 0.489119231700897 0.546815246343613 0.574959754943848 0.59383537620306 0.621822372078896 0.860086530447006 0.555304482579231 0.807531774044037 0.849843710660934 0.830470472574234 0.650338500738144 0.717316120862961 0.667246073484421 1.33363428711891 1.25252696871758 0.59791499376297 0.63452772796154 1.22551202774048 0.852288007736206 0.882888793945312 0.931500792503357 1.0445182621479 1.16633328795433 1.22791278362274 1.18805399537086 1.01845648884773 1.0103520154953 1.04952147603035 0.986725509166718 1.4146072268486 0.951210737228394 0.957588762044907 1.07920853580747 0.943661212921143 0.901743739843369 0.811266511678696 0.827799022197723 0.836795747280121 1.11564150452614 1.28805229067802 1.57719379663467 1.84940779209137 2.36206269264221 2.68803745508194 2.48372483253479 2.58998394012451 2.94169574975967 2.88546073436737
0.120088499039412 0.41687473654747 0.434218883514404 0.333338990807533 0.325440756976604 0.386242479085922 0.391883254051208 0.402033761143684 0.324082497507334 0.378527238965034 0.386838018894196 0.397644728422165 0.389074489474297 0.36395701020956 0.32371573895216 0.945017963647842 0.570699758827686 0.553723856806755 0.908937782049179 0.862931996583939 0.846768736839294 0.844020009040833 0.940931260585785 0.982922226190567 1.04293727874756 0.700748629868031 1.78039276599884 2.3183137178421 2.2888011932373 1.12440973520279 1.04541447758675 0.533054262399673 1.06891125440598 1.17025199532509 1.27937176823616 1.33774352073669 1.39199325442314 1.4028517305851 1.39618876576424 1.16981327533722 1.10290271043777 1.06259626150131 1.03588575124741 1.05672749876976 1.08820429444313 1.05023628473282 0.989148706197739 0.935537248849869 0.956559777259827 0.954514503479004 0.956783294677734 1.03676471114159 1.2002654671669 1.89367800951004 2.23084044456482 2.32843047380447 -9999 -9999 -9999 -9999 -9999 -9999
0.414646491408348 0.294989258050919 0.340000502765179 0.354294754564762 0.426570363342762 0.393724501132965 0.396707251667976 0.406720519065857 0.39648525416851 0.397788763046265 0.403970986604691 0.401306256651878 0.380301743745804 0.406060114502907 1.14748129248619 1.03954276442528 0.902427792549133 0.99736350774765 1.21478095650673 0.896709769964218 0.945852756500244 1.07241448760033 1.18284147977829 1.21752226352692 1.26030153036118 1.97704267501831 2.30314493179321 2.21640676259995 7.58267998695374 1.11443021893501 1.11910647153854 1.31300103664398 1.5322140455246 1.73974424600601 1.72842818498611 1.60225796699524 1.50471979379654 1.37061524391174 1.36073023080826 1.18971222639084 1.09564420580864 1.09567353129387 1.11951452493668 1.14614698290825 1.17150145769119 1.086116284132 0.962973743677139 0.969644218683243 1.01608273386955 1.32426077127457 1.50093823671341 1.78317368030548 1.98656845092773 2.19269174337387 -9999 -9999 -9999 -9999 -9999 -9999 -9999 -9999
0.316945508122444 0.332808740437031 0.350282996892929 0.406515374779701 0.422978237271309 0.388477519154549 0.391373232007027 0.391524016857147 0.397792518138885 0.396233260631561 0.404795989394188 0.408084020018578 0.414265125989914 0.409176751971245 0.414927005767822 0.426792740821838 0.435368254780769 0.498726010322571 0.854175746440887 1.05141824483871 1.17239928245544 1.26783746480942 1.19479420781136 1.26272401213646 1.39208552241325 1.69744491577148 2.60858702659607 3.24255752563477 2.85017931461334 -9999 -9999 -9999 -9999 -9999 -9999 3.14426672458649 1.40430450439453 1.28967377543449 1.22413346171379 1.16585549712181 1.17289048433304 1.20295724272728 1.13779646158218 1.10845425724983 1.16714546084404 1.21699127554893 1.27385026216507 1.27427020668983 1.2618915438652 1.84026521444321 2.06907445192337 2.21049749851227 2.15459704399109 1.9762424826622 1.97624230384827 -9999 -9999 -9999 -9999 -9999 -9999 -9999
0.393892496824265 0.413904771208763 0.415172249078751 0.907748222351074 0.373879507184029 0.354811504483223 0.380859732627869 0.38034899532795 0.389390990138054 0.866720259189606 0.946449011564255 0.419299498200417 0.421485006809235 0.421424612402916 0.445345133543015 0.439591862261295 0.442420139908791 0.438618019223213 0.474302262067795 1.34454971551895 1.29855152964592 1.33533829450607 1.23108145594597 1.25601303577423 1.46452876925468 1.67513251304626 1.42434525489807 1.3899442255497 5.91404163837433 -9999 -9999 -9999 -9999 -9999 -9999 -9999 1.68003308773041 1.41145125031471 1.28141704201698 1.24564951658249 1.21221747994423 1.20718270540237 1.13794648647308 1.06462875008583 1.1122672855854 1.18603053689003 1.65157878398895 1.88300406932831 1.96844100952148 2.31251853704453 2.57076591253281 2.61626029014587 -9999 -9999 -9999 -9999 -9999 -9999 -9999 -9999 -9999 -9999
0.409923747181892 0.423299252986908 0.420684769749641 0.399025484919548 0.405327022075653 0.399569258093834 0.389650493860245 0.37177350372076 0.365638509392738 0.774717718362808 0.426885008811951 0.45482325553894 0.416417494416237 0.768653959035873 0.472064986824989 0.496301248669624 0.458444997668266 1.06246197223663 1.25597324967384 -9999 -9999 1.38258674740791 1.29175874590874 1.175447255373 1.28012627363205 1.51124632358551 2.15453553199768 1.55358982086182 3.42399966716766 -9999 -9999 -9999 -9999 -9999 -9999 -9999 2.29760330915451 2.31531071662903 2.17434453964233 1.72364848852158 1.54087954759598 1.40778297185898 1.27934396266937 1.47741222381592 1.53077548742294 1.51547241210938 1.54709100723267 1.68015217781067 1.77788633108139 2.47833073139191 2.88393527269363 3.09554779529572 3.52884006500244 -9999 -9999 -9999 -9999 -9999 -9999 -9999 -9999 -9999
0.36004500836134 0.403973981738091 0.401570230722427 0.354777753353119 0.379371732473373 0.415677756071091 0.453588008880615 0.477651000022888 0.459018006920815 0.415874987840652 0.441836267709732 0.419397756457329 0.75740173459053 0.799856275320053 0.859406232833862 0.903081715106964 1.15438798069954 1.14545327425003 1.14176478981972 1.26323327422142 0.540849767625332 1.08775725960732 0.522138006985188 1.17951902747154 1.23077702522278 1.40902277827263 1.56410622596741 1.55856370925903 1.24655172228813 2.37976491451263 -9999 -9999 -9999 -9999 -9999 -9999 -9999 3.28577041625977 3.38972389698029 1.95457273721695 1.98682200908661 1.93059593439102 3.33261001110077 2.50862842798233 2.68909120559692 2.3208891749382 2.31867831945419 2.15798395872116 2.09199982881546 3.07205986976624 3.2602972984314 3.2791702747345 -9999 -9999 -9999 -9999 -9999 -9999 -9999 -9999 -9999 -9999
0.398086488246918 0.401847749948502 0.408156752586365 0.412300497293472 0.440162256360054 0.478007242083549 0.496834516525269 0.489260271191597 0.502518743276596 0.51858226954937 0.50298298895359 0.826826959848404 0.800330221652985 0.817013293504715 0.836209505796432 0.491377517580986 0.486438006162643 1.05288076400757 0.946163982152939 0.925843477249146 0.491908885538578 0.486476249992847 0.491188131272793 1.4750249683857 1.73663252592087 1.19264549016953 1.09170871973038 1.27367475628853 1.28843253850937 1.37723323702812 -9999 -9999 -9999 -9999 -9999 -9999 -9999 -9999 -9999 -9999 -9999 -9999 -9999 -9999 -9999 -9999 3.65490746498108 2.37854933738708 2.42129999399185 6.99642598628998 -9999 -9999 -9999 -9999 -9999 -9999 -9999 -9999 -9999 -9999 -9999 -9999
0.372747749090195 0.376460999250412 0.400035738945007 0.393367499113083 0.427940994501114 0.467964738607407 0.531311228871346 0.612553507089615 0.626912981271744 0.643787249922752 0.752526015043259 0.532651126384735 0.510010488331318 0.803328037261963 0.830907762050629 0.542468994855881 0.528062984347343 0.54796801507473 0.842377513647079 0.832793265581131 0.481076247990131 0.489091493189335 0.532051876187325 1.35429748892784 -9999 -9999 -9999 1.22192475199699 1.22587421536446 1.32666823267937 1.49462100863457 -9999 -9999 -9999 -9999 -9999 -9999 -9999 -9999 -9999 -9999 -9999 -9999 -9999 -9999 -9999 -9999 -9999 -9999 -9999 -9999 -9999 -9999 -9999 -9999 -9999 -9999 -9999 -9999 -9999 -9999 -9999
0.388370230793953 0.359882242977619 0.372693009674549 0.391078501939774 0.427450507879257 0.451995760202408 0.531054764986038 0.662116482853889 0.692491516470909 0.66543897986412 0.622065737843513 0.570689231157303 0.543016478419304 0.532041728496552 0.546135753393173 0.53429026901722 0.548739016056061 0.552088513970375 0.836837232112885 0.798198044300079 0.882773280143738 0.579583123326302 1.18452376127243 1.21763250231743 1.27551153302193 1.26517054438591 1.11405524611473 1.18075346946716 1.21302223205566 1.39731448888779 1.74709117412567 2.53303349018097 -9999 -9999 -9999 -9999 -9999 -9999 -9999 -9999 -9999 -9999 -9999 -9999 -9999 -9999 -9999 -9999 -9999 -9999 -9999 -9999 -9999 -9999 -9999 -9999 -9999 -9999 -9999 -9999 -9999 -9999
0.407277747988701 0.404928758740425 0.433537513017654 0.460994258522987 0.490199983119965 0.503850728273392 0.601148262619972 0.697621509432793 0.779738992452621 0.857476472854614 0.820163279771805 0.661065772175789 0.590969994664192 0.575045228004456 0.608575478196144 0.669165015220642 0.638134494423866 0.600013509392738 0.511501491069794 0.618675380945206 0.581710517406464 0.658094622194767 1.1326552927494 1.13277223706245 1.0226771235466 1.1097963899374 0.980554863810539 1.62251168489456 1.77794927358627 1.82259303331375 2.02593523263931 2.04963416205003 -9999 -9999 -9999 -9999 -9999 -9999 -9999 -9999 -9999 -9999 -9999 -9999 -9999 -9999 -9999 -9999 -9999 -9999 -9999 -9999 -9999 -9999 -9999 -9999 -9999 -9999 -9999 -9999 -9999 -9999
0.448428019881248 0.482351258397102 0.52642048895359 0.552969753742218 0.591161996126175 0.736356005072594 0.758753210306168 0.893629521131516 1.03500446677208 1.07659578323364 1.0475737452507 0.934893786907196 0.953337013721466 1.01900625228882 0.828671962022781 0.78737998008728 0.653298765420914 0.534051731228828 0.551480993628502 0.587584510445595 0.611764490604401 1.04815122485161 1.1444984972477 1.18368378281593 1.7156685590744 1.7755942940712 0.956172779202461 1.13105928897858 1.40497049689293 1.36479672789574 1.64217603206635 -9999 -9999 -9999 -9999 -9999 -9999 -9999 -9999 -9999 -9999 -9999 -9999 -9999 -9999 -9999 -9999 -9999 -9999 -9999 -9999 -9999 -9999 -9999 -9999 -9999 -9999 -9999 -9999 -9999 -9999 -9999
0.542724743485451 0.536403760313988 0.566249996423721 0.602830499410629 0.657915741205215 0.911373764276505 1.16656878590584 1.04151597619057 1.12301248311996 1.35453379154205 1.25584575533867 1.22222927212715 1.33967471122742 2.55893182754517 2.23557829856873 1.32717023789883 0.960544466972351 0.74140839278698 0.584981247782707 0.604972511529922 0.627234756946564 0.706542000174522 0.974534958600998 1.016511708498 1.17735528945923 0.954692959785461 1.15396499633789 1.18328627943993 1.15075197815895 1.29432526230812 1.57014602422714 1.88460302352905 -9999 -9999 -9999 -9999 -9999 -9999 -9999 -9999 -9999 -9999 -9999 -9999 -9999 -9999 -9999 -9999 -9999 -9999 -9999 -9999 -9999 -9999 -9999 -9999 -9999 -9999 -9999 -9999 -9999 -9999
0.763992011547089 0.920117229223251 0.698601007461548 0.63112798333168 0.664832264184952 1.15824902057648 1.10802295804024 1.24552953243256 0.621024191379547 -9999 -9999 -9999 -9999 -9999 -9999 1.87439846992493 0.903565138578415 0.814402878284454 0.657332271337509 0.656698510050774 0.635440483689308 0.655389010906219 0.722568735480309 0.774744004011154 0.806070774793625 0.977379709482193 1.2542422413826 1.57907849550247 1.47620701789856 1.4112862944603 1.74940055608749 1.46747513115406 -9999 -9999 -9999 -9999 -9999 -9999 -9999 -9999 -9999 -9999 -9999 -9999 -9999 -9999 -9999 -9999 -9999 -9999 -9999 -9999 -9999 -9999 -9999 -9999 -9999 -9999 -9999 -9999 -9999 -9999
1.0062697827816 1.00615873932838 -9999 1.18571487665176 1.00868298411369 1.14664111733437 2.00671085715294 -9999 1.35734340548515 -9999 -9999 -9999 -9999 -9999 -9999 1.78127843141556 1.05305647850037 0.983858227729797 0.972548961639404 0.992131501436234 1.06598702073097 0.994857788085938 1.07515203952789 1.03240871429443 1.15434077382088 1.42978271842003 1.76144617795944 1.80593776702881 1.64546996355057 1.66575980186462 1.86454653739929 3.46918129920959 -9999 -9999 -9999 -9999 -9999 -9999 -9999 -9999 -9999 -9999 -9999 -9999 -9999 -9999 -9999 -9999 -9999 -9999 -9999 -9999 -9999 -9999 -9999 -9999 -9999 -9999 -9999 -9999 -9999 -9999
-9999 -9999 -9999 -9999 -9999 -9999 -9999 -9999 -9999 -9999 -9999 -9999 -9999 -9999 -9999 -9999 -9999 1.20567226409912 1.45457929372787 1.70723104476929 1.68975305557251 -9999 -9999 -9999 1.3453094959259 5.55940496921539 -9999 -9999 2.14125376939774 2.69655007123947 2.70163875818253 -9999 -9999 -9999 -9999 -9999 -9999 -9999 -9999 -9999 -9999 -9999 -9999 -9999 -9999 -9999 -9999 -9999 -9999 -9999 -9999 -9999 -9999 -9999 -9999 -9999 -9999 -9999 -9999 -9999 -9999 -9999
