EcologicalScience/Bass/data/rs_data_bass/chl_213.asc
NCOLS 226 
NROWS 124 
XLLCORNER -9.41648524995501 
YLLCORNER 47.587301625531 
CELLSIZE 0.0833 
NODATA_value -9999 
[rows 0 to 26 of 124, columns 62 to 123 of 226]
-9999 -9999 -9999 -9999 -9999 -9999 -9999 -9999 -9999 -9999 -9999 -9999 -9999 -9999 -9999 -9999 -9999 -9999 -9999 -9999 -9999 -9999 -9999 -9999 -9999 -9999 -9999 -9999 -9999 -9999 -9999 -9999 -9999 -9999 -9999 -9999 -9999 -9999 -9999 -9999 -9999 -9999 -9999 -9999 -9999 -9999 -9999 -9999 -9999 -9999 -9999 -9999 -9999 -9999 -9999 -9999 -9999 -9999 -9999 -9999 -9999 -9999
-9999 -9999 -9999 -9999 -9999 -9999 -9999 -9999 -9999 -9999 -9999 -9999 -9999 -9999 -9999 -9999 -9999 -9999 -9999 -9999 -9999 -9999 -9999 -9999 -9999 -9999 -9999 -9999 -9999 -9999 -9999 -9999 -9999 -9999 -9999 -9999 -9999 -9999 -9999 -9999 -9999 -9999 -9999 -9999 -9999 -9999 -9999 -9999 -9999 -9999 -9999 -9999 -9999 -9999 -9999 -9999 -9999 -9999 -9999 -9999 -9999 -9999
-9999 -9999 -9999 -9999 -9999 -9999 -9999 -9999 -9999 -9999 -9999 -9999 -9999 -9999 -9999 -9999 -9999 -9999 -9999 -9999 -9999 -9999 -9999 -9999 -9999 -9999 -9999 -9999 -9999 -9999 -9999 -9999 -9999 -9999 -9999 -9999 -9999 -9999 -9999 -9999 -9999 -9999 -9999 -9999 -9999 -9999 -9999 -9999 -9999 -9999 -9999 -9999 -9999 -9999 -9999 -9999 -9999 -9999 -9999 -9999 -9999 -9999
-9999 -9999 -9999 -9999 -9999 -9999 -9999 -9999 -9999 -9999 -9999 -9999 -9999 -9999 -9999 -9999 -9999 -9999 -9999 -9999 -9999 -9999 -9999 -9999 -9999 -9999 -9999 -9999 -9999 -9999 -9999 -9999 -9999 -9999 -9999 -9999 -9999 -9999 -9999 -9999 -9999 -9999 -9999 -9999 -9999 -9999 -9999 -9999 -9999 -9999 -9999 -9999 -9999 -9999 -9999 -9999 -9999 -9999 -9999 -9999 -9999 -9999
-9999 -9999 -9999 -9999 -9999 -9999 -9999 -9999 -9999 -9999 -9999 -9999 -9999 -9999 -9999 -9999 -9999 -9999 -9999 -9999 -9999 -9999 -9999 -9999 -9999 -9999 -9999 -9999 -9999 -9999 -9999 -9999 -9999 -9999 -9999 -9999 -9999 -9999 -9999 -9999 -9999 -9999 -9999 -9999 -9999 -9999 -9999 -9999 -9999 -9999 -9999 -9999 -9999 -9999 -9999 -9999 -9999 -9999 -9999 -9999 -9999 -9999
-9999 -9999 -9999 -9999 -9999 -9999 -9999 -9999 -9999 -9999 -9999 -9999 -9999 -9999 -9999 -9999 -9999 -9999 -9999 -9999 -9999 -9999 -9999 -9999 -9999 -9999 -9999 -9999 0.63735419511795 0.949318333372582 1.24016404151917 0.84876823425293 0.958315461874008 0.658571988344193 0.575522989034653 0.594021484255791 0.646761015057564 0.701139360666275 0.583477512001991 0.594610512256622 0.6392632573843 0.576455265283585 0.562206745147705 0.598506018519402 0.578538000583649 0.57590925693512 0.55824302136898 0.525501742959023 0.488756999373436 0.505460232496262 0.479409769177437 0.409364238381386 0.391949236392975 0.391290754079819 0.399860993027687 0.416527479887009 0.417150735855103 0.409182742238045 0.358222492039204 0.311014495790005 0.295485757291317 0.272235006093979
-9999 -9999 -9999 -9999 -9999 -9999 -9999 -9999 -9999 -9999 -9999 -9999 -9999 -9999 -9999 -9999 -9999 -9999 -9999 -9999 -9999 -9999 -9999 -9999 -9999 -9999 1.18186515569687 1.0627324283123 1.53966861963272 1.3907909989357 1.13880828022957 1.05537298321724 0.761620759963989 0.801504738628864 0.72734360396862 0.678017623722553 0.56191948056221 0.581906989216805 0.516191259026527 0.538956016302109 0.570735767483711 0.586564511060715 0.576873019337654 0.536374479532242 0.51469798386097 0.48769873380661 0.582396000623703 0.518241763114929 0.49685700237751 0.459386989474297 0.411388501524925 0.377077504992485 0.370799995958805 0.389812499284744 0.406476750969887 0.422106742858887 0.415106981992722 0.404478013515472 0.383427008986473 0.325550258159637 0.279372744262218 0.271537497639656
-9999 -9999 -9999 -9999 -9999 -9999 -9999 -9999 -9999 -9999 -9999 -9999 -9999 -9999 -9999 -9999 -9999 -9999 -9999 -9999 -9999 -9999 -9999 -9999 -9999 -9999 1.18186515569687 1.67534177005291 1.24697622656822 1.09793928265572 1.22172296047211 1.12663650512695 0.886264532804489 0.848776862025261 0.754144862294197 0.604574248194695 0.526082262396812 0.530919760465622 0.469188004732132 0.456120729446411 0.481584012508392 0.514765486121178 0.512822985649109 0.504825755953789 0.505240514874458 0.496370986104012 0.504728257656097 0.469435483217239 0.389976739883423 0.380562007427216 0.364770747721195 0.361124999821186 0.368712745606899 0.390990749001503 0.404705241322517 0.419785514473915 0.423687011003494 0.378584235906601 0.364436253905296 0.319414503872395 0.281284511089325 0.240187503397465
-9999 -9999 -9999 -9999 -9999 -9999 -9999 -9999 -9999 -9999 -9999 -9999 -9999 -9999 -9999 -9999 -9999 -9999 -9999 -9999 -9999 -9999 -9999 -9999 -9999 -9999 2.65923205326343 0.638864256441593 1.24053373932838 0.635860495269299 0.650856390595436 0.694341748952866 0.773440539836884 0.718439251184464 0.772962749004364 0.552149266004562 0.497990995645523 0.496905729174614 0.493623733520508 0.441917985677719 0.423614233732224 0.430646985769272 0.422437503933907 0.446664735674858 0.487249508500099 0.485423997044563 0.496562272310257 0.439615488052368 0.359753251075745 0.343189492821693 0.334338739514351 0.342504747211933 0.33941625058651 0.39819373190403 0.371854495257139 0.420315742492676 0.389252990484238 0.299327239394188 0.275666244328022 0.278663255274296 0.2837925106287 0.233800493180752
-9999 -9999 -9999 -9999 -9999 -9999 -9999 -9999 -9999 -9999 -9999 -9999 -9999 -9999 -9999 -9999 -9999 -9999 -9999 -9999 -9999 -9999 -9999 -9999 -9999 1.19121462106705 0.940192329883575 0.907808214426041 0.632352009415627 0.503402262926102 0.527542859315872 0.46450500190258 0.527540981769562 0.540026262402534 0.451282516121864 0.80894098430872 0.503505751490593 0.577290751039982 0.569600611925125 0.538611017167568 0.417531743645668 0.405165731906891 0.403549522161484 0.451800003647804 0.481449007987976 0.463315486907959 0.480242237448692 0.470561251044273 0.398239508271217 0.345569998025894 0.341357991099358 0.358137756586075 0.321855761110783 0.327300757169724 0.360433503985405 0.330637492239475 0.332796759903431 0.278368502855301 0.274228490889072 0.267463490366936 0.228813752532005 0.218633249402046
-9999 -9999 -9999 -9999 -9999 -9999 -9999 -9999 -9999 -9999 -9999 -9999 -9999 -9999 -9999 -9999 -9999 -9999 -9999 -9999 -9999 -9999 -9999 -9999 -9999 1.06618291139603 0.986235737800598 1.00456354022026 0.732972756028175 0.694309517741203 0.593586757779121 0.48931123316288 0.475511267781258 0.434840261936188 0.336205489933491 0.614890515804291 0.63781276345253 0.61285724490881 0.623384267091751 0.594392627477646 0.519386630505323 0.454954493790865 0.42849413305521 0.412605386227369 0.401224873960018 0.409851729869843 0.397172257304192 0.425796747207642 0.43385848402977 0.428597241640091 0.411598518490791 0.418517231941223 0.354695990681648 0.292501509189606 0.254379741847515 0.274297490715981 0.259899750351906 0.228866994380951 0.224082000553608 0.21501599997282 0.211320742964745 0.215420991182327
-9999 -9999 -9999 -9999 -9999 -9999 -9999 -9999 -9999 -9999 -9999 -9999 -9999 -9999 -9999 -9999 -9999 -9999 -9999 -9999 -9999 -9999 -9999 -9999 1.31647038459778 0.842260479927063 0.755067765712738 0.819840788841248 0.798783034086227 0.769224017858505 0.683641478419304 0.60632698237896 0.555883482098579 0.406538978219032 0.296302489936352 0.307188749313354 0.598651863634586 0.594337128102779 0.537146620452404 0.531228013336658 0.516132764518261 0.49812188744545 0.464466378092766 0.429031871259212 0.413485508412123 0.430510886013508 0.465124264359474 0.331408493220806 0.30367199331522 0.383116759359837 0.363670498132706 0.466577991843224 0.40802925825119 0.293778754770756 0.276548244059086 0.25365449488163 0.245705991983414 0.226838260889053 0.227696992456913 0.224046751856804 0.222077250480652 0.228045009076595
-9999 -9999 -9999 -9999 -9999 -9999 -9999 -9999 -9999 -9999 -9999 -9999 -9999 -9999 -9999 -9999 -9999 -9999 -9999 -9999 -9999 -9999 -9999 1.50594073534012 1.03285899758339 0.880333542823792 0.682425767183304 0.76708048582077 0.782884508371353 0.689844757318497 0.637439265847206 0.639850482344627 0.572142764925957 0.476414233446121 0.356593497097492 0.275729991495609 0.245344497263432 0.21696974337101 0.267089992761612 0.273056991398335 0.580814637243748 0.560041889548302 0.486681371927261 0.475749000906944 0.465943492949009 0.445644747465849 0.342680990695953 0.321397505700588 0.316415995359421 0.286064252257347 0.272484004497528 0.330546498298645 0.31028650701046 0.299457497894764 0.317504994571209 0.275188498198986 0.246627755463123 0.233588241040707 0.233559742569923 0.226059749722481 0.230972997844219 0.227416500449181
-9999 -9999 -9999 -9999 -9999 -9999 -9999 -9999 -9999 -9999 -9999 -9999 -9999 -9999 -9999 -9999 -9999 -9999 -9999 -9999 -9999 -9999 1.28696266561747 1.7744006216526 1.16243661940098 0.537731230258942 0.560010015964508 0.63195227086544 0.669867753982544 0.660998269915581 0.63951900601387 0.600738734006882 0.569921270012856 0.522998258471489 0.432296991348267 0.319240495562553 0.272116497159004 0.272433757781982 0.285761989653111 0.311084993183613 0.569161489605904 0.563445746898651 0.531367890536785 0.49618311971426 0.265076994895935 0.453605633229017 0.303675010800362 0.324003003537655 0.319727249443531 0.29908724874258 0.344442006200552 0.315042000263929 0.337411880493164 0.295507244765759 0.274511747062206 0.274093493819237 0.270456500351429 0.253386497497559 0.258654747158289 0.260306999087334 0.256895989179611 0.251713491976261
-9999 -9999 -9999 -9999 -9999 -9999 -9999 -9999 -9999 -9999 -9999 -9999 -9999 -9999 -9999 -9999 -9999 -9999 -9999 -9999 2.64602583646774 1.82956387795193 1.43104197978973 1.38567849993706 1.4282089471817 0.511829987168312 0.606266990303993 0.600522011518478 0.5560402572155 0.575396239757538 0.54068697988987 0.513421520590782 0.5234295129776 0.49184775352478 0.403909519314766 0.347651995718479 0.310100242495537 0.302339248359203 0.299050502479076 0.297792010009289 0.299327999353409 0.285274498164654 0.467993997037411 0.465314626693726 0.458397008478642 0.252452999353409 0.302877746522427 0.299880757927895 0.299954250454903 0.259545005857944 0.337464362382889 0.330871872603893 0.363175883889198 0.333752620965242 0.310458373278379 0.302578132599592 0.251571245491505 0.255163244903088 0.250229995697737 0.225529499351978 0.239009991288185 0.236723251640797
-9999 -9999 -9999 -9999 -9999 -9999 -9999 -9999 -9999 -9999 -9999 -9999 -9999 -9999 -9999 -9999 -9999 -9999 -9999 -9999 2.18317343998378 1.9515470713377 2.11245149374008 0.308684259653091 0.348306745290756 0.423859521746635 0.545472756028175 0.553378477692604 0.543878272175789 0.544733271002769 0.505130231380463 0.484655991196632 0.492498010396957 0.48267973959446 0.431611508131027 0.37916100025177 0.332636252045631 0.313259996473789 0.312213756144047 0.486462749540806 0.306075006723404 0.308811753988266 0.315775506198406 0.333081007003784 0.299355000257492 0.412598256021738 0.404998484998941 0.380137123167515 0.301358252763748 0.29839950799942 0.304287739098072 0.317906253039837 0.309549372643232 0.314611125737429 0.307454623281956 0.308265756815672 0.260218255221844 0.227281127125025 0.224791120737791 0.233618006110191 0.220590010285378 0.253779754042625
-9999 -9999 -9999 -9999 -9999 -9999 -9999 -9999 -9999 -9999 -9999 -9999 -9999 -9999 -9999 -9999 -9999 -9999 -9999 1.89043487395559 1.85293534398079 3.22922998666763 1.06855300068855 0.327543742954731 0.962286025285721 0.381809994578362 0.437753230333328 0.470771268010139 0.509674519300461 0.528796479105949 0.499161019921303 0.501581981778145 0.513390764594078 0.48623625934124 0.42773549258709 0.419426992535591 0.371246248483658 0.346064999699593 0.315375007688999 0.323060989379883 0.344353504478931 0.35351999849081 0.336418502032757 0.319701746106148 0.30783299356699 0.288604505360126 0.249540746212006 0.269927255809307 0.275196008384228 0.271100252866745 0.226284004747868 0.220370247960091 0.33296512439847 0.331275377422571 0.330489367246628 0.317966625094414 0.307462006807327 0.285527005791664 0.257750995457172 0.255282506346703 0.25959900021553 0.283679246902466
-9999 -9999 -9999 -9999 -9999 -9999 -9999 -9999 -9999 -9999 -9999 -9999 -9999 -9999 -9999 -9999 -9999 -9999 25.2068431377411 3.20252597332001 2.91851651668549 2.12694424390793 1.5038595199585 0.429239988327026 0.382340982556343 0.381689250469208 0.38766373693943 0.433129504323006 0.445509016513824 0.47230651974678 0.419258996844292 0.445577993988991 0.467198252677917 0.469065740704536 0.445853993296623 0.427529990673065 0.402668997645378 0.366667494177818 0.334556244313717 0.301005005836487 0.317199759185314 0.315745510160923 0.301532998681068 0.31955024600029 0.29517450928688 0.283193998038769 0.267293997108936 0.259124256670475 0.256545759737492 0.247634992003441 0.239933252334595 0.235097989439964 0.227276243269444 0.324347265064716 0.337573505938053 0.333976127207279 0.277028627693653 0.273364506661892 0.273056622594595 0.278378248214722 0.271708879619837 0.279072001576424
-9999 -9999 -9999 -9999 -9999 -9999 -9999 -9999 -9999 -9999 -9999 -9999 -9999 -9999 -9999 -9999 -9999 18.9271777186091 3.44902902245521 2.05488717556 2.74783153831959 1.76469643414021 1.05883609503508 0.957443982362747 0.390017241239548 0.399263262748718 0.390945017337799 0.407592728734016 0.439987510442734 0.422186985611916 0.45414899289608 0.46407750248909 0.461187019944191 0.460497736930847 0.458325013518333 0.447310522198677 0.445691227912903 0.420208498835564 0.40005299448967 0.399939760565758 0.348662249743938 0.334679245948792 0.312417760491371 0.342578239738941 0.321212992072105 0.312230989336967 0.282698258757591 0.276479244232178 0.271051503717899 0.270675010979176 0.265674747526646 0.25093500316143 0.230204991996288 0.227813243865967 0.267306759953499 0.304063875228167 0.262270130217075 0.270018383860588 0.270116999745369 0.277996122837067 0.26248087361455 0.263656876981258
-9999 -9999 -9999 -9999 -9999 -9999 -9999 -9999 -9999 -9999 -9999 -9999 -9999 -9999 -9999 -9999 -9999 -9999 -9999 0.784899264574051 2.44653419405222 1.70844152569771 0.571795508265495 0.630320236086845 0.56988899409771 0.572845503687859 0.517070263624191 0.589439257979393 0.496350020170212 0.531875252723694 0.507493481040001 0.533570230007172 0.476442754268646 0.478058248758316 0.47189100086689 0.456521227955818 0.443298742175102 0.456789001822472 0.427241250872612 0.429559484124184 0.346584744751453 0.32956501096487 0.312014244496822 0.305541001260281 0.319938004016876 0.316590003669262 0.301220990717411 0.304170750081539 0.304497756063938 0.297846749424934 0.296221509575844 0.26503349840641 0.247481994330883 0.246133491396904 0.250652253627777 0.256316989660263 0.24881999194622 0.266715250909328 0.247107747942209 0.255025494843721 0.275324631482363 0.29024400562048
-9999 -9999 -9999 -9999 -9999 -9999 -9999 -9999 -9999 -9999 -9999 -9999 -9999 -9999 -9999 4.11317250002985 6.36549469784992 2.40131418406963 0.956268830224872 8.91662800312042 1.95357830822468 1.23046799004078 0.522358506917953 0.490751266479492 0.623489990830421 0.748542755842209 0.755210280418396 0.658154994249344 0.600600734353065 0.464328736066818 0.446195259690285 0.494505017995834 0.496740728616714 0.477624759078026 0.464303255081177 0.45285826921463 0.444428265094757 0.410967752337456 0.382667988538742 0.361602745950222 0.349598251283169 0.325678490102291 0.277479752898216 0.288113996386528 0.264573745429516 0.265048496425152 0.295380748808384 0.295640252530575 0.296806499361992 0.294612742960453 0.271669507026672 0.255140259861946 0.247250251471996 0.23760974407196 0.229985989630222 0.278756998479366 0.207749247550964 0.211016245186329 0.215891249477863 0.272854506969452 0.281704131513834 0.210484497249126
-9999 -9999 -9999 -9999 -9999 -9999 -9999 -9999 -9999 -9999 35.2986888885498 35.2986888885498 13.7248649597168 2.24601344551359 5.97269953787327 4.48842883110046 7.99229633808136 1.44508251547813 1.3269172757864 1.08614552021027 2.13979382514954 3.34612559080124 0.622161760926247 0.800676763057709 0.778043210506439 0.601037263870239 0.600344270467758 0.816625535488129 0.727190986275673 0.506671518087387 0.457145243883133 0.424953013658524 0.460554733872414 0.485393241047859 0.489793494343758 0.48777973651886 0.449674487113953 0.477478489279747 0.388716772198677 0.356601744890213 0.337391249835491 0.331298992037773 0.321931511163712 0.310955241322517 0.29636549949646 0.295767746865749 0.296339258551598 0.303977251052856 0.283728003501892 0.266760751605034 0.255063749849796 0.252738006412983 0.242628000676632 0.242220751941204 0.250518746674061 0.240130506455898 0.247125752270222 0.245828993618488 0.234045758843422 0.223174497485161 0.221904750913382 0.322079993784428
-9999 -9999 -9999 -9999 -9999 -9999 -9999 -9999 -9999 -9999 35.2986888885498 5.49758064746857 10.0271492004395 6.88314978281657 7.67396584153175 9.83359251916409 1.61525758675167 2.69335584060566 6.53731378824404 2.17039357739336 5.81977320175904 1.78660638928413 2.04147055745125 0.496582880616188 0.549537375569344 0.506174236536026 0.523470014333725 0.565790265798569 0.637379229068756 0.61557899415493 0.536464512348175 0.513268500566483 0.478898987174034 0.575286760926247 0.48809851706028 0.476072251796722 0.424565255641937 0.520737022161484 0.403906479477882 0.403857752680779 0.365502744913101 0.346530742943287 0.287136755883694 0.264681749045849 0.267464250326157 0.272681996226311 0.28422600030899 0.294678747653961 0.273873746395111 0.270616494119167 0.271561503410339 0.264131247997284 0.263016007840633 0.258932992815971 0.261486746370792 0.282888002693653 0.285053260624409 0.273920260369778 0.271158747375011 0.266261994838715 0.270675748586655 0.293142758309841
-9999 -9999 -9999 -9999 -9999 -9999 -9999 -9999 -9999 -9999 -9999 -9999 10.4149004731859 26.4834263324738 18.7991194725037 6.41646138062844 -9999 -9999 -9999 -9999 -9999 -9999 5.33698946982622 1.48477497696877 1.28828311392239 1.76045903563499 0.735578253865242 0.534177273511887 0.61413449048996 0.638624265789986 0.385486498475075 0.535713002085686 0.594621017575264 0.513654738664627 0.537099748849869 0.507263258099556 0.381766498088837 0.373185753822327 0.362095490098 0.333329245448112 0.330118507146835 0.32243549823761 0.32073750346899 0.306094497442245 0.296507991850376 0.284102998673916 0.260339252650738 0.260942257940769 0.260645247995853 0.265155002474785 0.264232501387596 0.265647009015083 0.267437249422073 0.273038260638714 0.278841756284237 0.295638754963875 0.298958994448185 0.287088006734848 0.283043257892132 0.286753490567207 0.293943755328655 0.295872755348682
-9999 -9999 -9999 -9999 -9999 -9999 -9999 -9999 -9999 -9999 -9999 -9999 -9999 16.6274771690369 16.6274771690369 16.6274771690369 -9999 -9999 -9999 -9999 -9999 -9999 4.94490551948547 4.94490551948547 4.94490551948547 0.308659605681896 2.36740831285715 2.20326050072908 0.308387249708176 0.336501739919186 0.376043245196342 0.454855486750603 0.511231496930122 0.555560231208801 0.68290650844574 0.681809261441231 0.507567018270493 0.346616998314857 0.366483740508556 0.322404742240906 0.321041241288185 0.337675496935844 0.325029753148556 0.338561251759529 0.313252508640289 0.292343996465206 0.290886752307415 0.29076075553894 0.29024999588728 0.285138756036758 0.281966999173164 0.285911992192268 0.288872256875038 0.2837999984622 0.28813424706459 0.300510004162788 0.307547248899937 0.29797051101923 0.291333742439747 0.295723490417004 0.29076824337244 0.291804000735283
-9999 -9999 -9999 -9999 -9999 -9999 -9999 -9999 -9999 -9999 -9999 -9999 -9999 -9999 -9999 -9999 -9999 -9999 -9999 -9999 -9999 -9999 -9999 -9999 -9999 -9999 6.3526758402586 0.367034241557121 0.340332739055157 1.07798552513123 1.48325398564339 0.453956231474876 0.526111498475075 0.567548990249634 0.498179242014885 0.286581002175808 0.262234501540661 0.285854995250702 0.307221740484238 0.342725247144699 0.339297004044056 0.358221754431725 0.328799240291119 0.345262505114079 0.33738749474287 0.339154489338398 0.324530996382236 0.302183993160725 0.302274003624916 0.306401252746582 0.303688488900661 0.2943225055933 0.287309244275093 0.285633757710457 0.284368492662907 0.290160745382309 0.29084026068449 0.291598498821259 0.284447260200977 0.28803601115942 0.293710492551327 0.290631003677845
-9999 -9999 -9999 -9999 -9999 -9999 -9999 -9999 -9999 -9999 -9999 -9999 -9999 -9999 -9999 -9999 -9999 -9999 -9999 -9999 -9999 -9999 -9999 -9999 -9999 -9999 -9999 7.91980211358321 1.6878442466259 0.411572232842445 0.383213236927986 0.563529744744301 0.482447236776352 0.494715750217438 0.544005006551743 0.54355426132679 0.353932499885559 0.270114742219448 0.264923997223377 0.307421252131462 0.336754493415356 0.332427754998207 0.320084989070892 0.321777753531933 0.375029996037483 0.367467753589153 0.349901251494884 0.309647239744663 0.302949003875256 0.286716744303703 0.293927259743214 0.302809506654739 0.315109491348267 0.314487755298615 0.300263240933418 0.307090491056442 0.299527511000633 0.291132755577564 0.2798872590065 0.280728757381439 0.289638005197048 0.28948650509119
