EcologicalScience/Bass/data/rs_data_bass/chl_307.asc
NCOLS 226 
NROWS 124 
XLLCORNER -9.41648524995501 
YLLCORNER 47.587301625531 
CELLSIZE 0.0833 
NODATA_value -9999 
[rows 54 to 80 of 124, columns 124 to 185 of 226]
2.03294777870178 2.05543273687363 1.82269352674484 1.78699797391891 1.63620901107788 1.84077447652817 1.92932617664337 1.99260073900223 2.06147629022598 2.13103044033051 2.13535058498383 2.03225916624069 1.87403619289398 1.63348281383514 1.53143244981766 1.50697499513626 1.59503477811813 1.69143158197403 1.58131116628647 1.62237972021103 1.89747083187103 1.04978477954865 0.94746145606041 1.57263408601284 1.61739483475685 1.6813593506813 1.49087020754814 1.55230575799942 1.53726893663406 2.19614326953888 2.02514326572418 1.98528224229813 1.28634229302406 1.89738982915878 1.66172397136688 1.43555921316147 1.2913852930069 1.19136303663254 1.08256646990776 1.13659876585007 1.16274377703667 1.14423751831055 1.22096022963524 1.56716322898865 2.00543993711472 2.26044523715973 2.44073617458344 2.64348971843719 4.50852012634277 4.5442391037941 2.74537807703018 6.97301937639713 5.6105922460556 9.90260347723961 6.21310702392033 5.31033999579293 5.62135191758474 10.7151805804326 13.7031567817511 13.5543067279278 7.18524841491334 -9999
2.18596583604813 2.17488008737564 2.21709376573563 2.12092280387878 2.14202857017517 1.94156920909882 1.93992000818253 2.06976753473282 1.84540128707886 1.81138283014297 2.04021978378296 2.05317306518555 1.87064999341965 1.66295921802521 1.54391169548035 1.36065450310707 1.25635653734207 1.41865575313568 1.50223052501678 1.51342874765396 1.44851553440094 1.32824322581291 1.52091671526432 1.58723397552967 1.55483776330948 1.38225826621056 1.27389979362488 1.39129051566124 1.45262628793716 1.82591396570206 2.16404092311859 2.66760975122452 1.98282980918884 1.67405104637146 1.4144084751606 1.37202528119087 1.16955453157425 1.09042274951935 1.20412722229958 1.15237122774124 1.14450001716614 1.35428622364998 1.51939344406128 2.31388807296753 2.59782296419144 2.85620927810669 3.13817775249481 3.52693426609039 5.37739741802216 7.12489230292184 5.82114654779434 6.54250268141429 6.52733012040456 6.73025052687701 7.26549739837646 8.2580201625824 10.5720698833466 -9999 -9999 -9999 -9999 -9999
2.28736799955368 2.31955879926682 2.34455394744873 2.41191744804382 2.43422394990921 2.32564508914948 2.29900950193405 2.15738922357559 1.99776148796082 1.74147891998291 1.65877425670624 1.67395949363708 1.64201241731644 1.45096653699875 1.25534704327583 1.2807779610157 1.33187252283096 1.35992395877838 1.4130585193634 1.60313630104065 1.58455127477646 1.80075144767761 1.43708923459053 1.6019144654274 1.70103371143341 1.22932201623917 1.30752146244049 1.17058646678925 1.34181448817253 1.45691022276878 1.63585871458054 1.7615595459938 1.53487050533295 1.70529145002365 1.40005946159363 1.3214992582798 1.16772821545601 0.997012495994568 1.10628828406334 1.19405776262283 1.24312126636505 1.39551901817322 1.89209032058716 3.62642168998718 3.59273636341095 3.8720805644989 3.16598117351532 3.66563103880201 5.39662134647369 5.14428842067719 4.58049666881561 6.21961498260498 9.0611043771108 6.49384627342224 -9999 -9999 -9999 -9999 -9999 -9999 -9999 -9999
2.37361872196198 2.29496616125107 2.41633719205856 2.58165371417999 2.60964757204056 2.62942796945572 2.63778376579285 2.59632378816605 2.44145482778549 2.2257884144783 1.79525470733643 1.5013439655304 1.42658096551895 1.48248445987701 1.31175076961517 1.14004951715469 1.24995222687721 1.44930070638657 1.48159727454185 1.58609479665756 1.81639569997787 2.21286982297897 2.34146100282669 2.60354393720627 2.28562867641449 1.80625945329666 1.70353657007217 0.99278998374939 1.28471320867538 1.23199278116226 1.22116121649742 1.28275501728058 1.31128871440887 1.02020251750946 1.38389128446579 1.28851801156998 1.26583653688431 1.20982503890991 1.22532820701599 1.23912978172302 1.27846500277519 2.341024518013 3.16210126876831 3.92944586277008 4.02449405193329 6.2409188747406 6.44490030833653 5.87867776625747 7.25285124778748 7.5098705291748 9.436436687197 12.272599697113 17.1959810256958 -9999 -9999 -9999 -9999 -9999 -9999 -9999 -9999 -9999
2.38254904747009 2.22856432199478 2.23299908638 2.32087057828903 2.61908769607544 3.0351390838623 2.92227154970169 2.72650641202927 2.57436668872833 2.43827247619629 2.12266051769257 1.57363879680634 1.25091451406479 1.22137051820755 1.09915727376938 0.978328496217728 1.18344229459763 1.22552999854088 1.30032375454903 1.37542203068733 1.7321475148201 1.99209380149841 1.64976102113724 4.26648437976837 4.37606763839722 3.45071983337402 2.39278882741928 1.86928796768188 1.96348428726196 1.89518630504608 1.27469998598099 1.7855241894722 1.45094928145409 1.81527565419674 1.42578300833702 1.29312229156494 1.12667325139046 1.22076299786568 1.2831135392189 1.80163568258286 2.48149126768112 4.0997611284256 3.75425040721893 4.18303942680359 3.8068950176239 4.25601589679718 7.33370815885478 14.9657464027405 11.2279672622681 9.31136155128479 9.6350884437561 7.57434034347534 57.9568662643433 -9999 -9999 -9999 -9999 -9999 -9999 -9999 -9999 -9999
-9999 2.40628731250763 2.99450397491455 2.82962483167648 2.97890174388885 2.98013699054718 2.58021229505539 2.47318428754807 2.60275572538376 2.28168529272079 1.50215256214142 1.72362595796585 1.49111178517342 1.5067725777626 1.39329296350479 1.06549948453903 1.53226053714752 1.72127705812454 1.68393981456757 1.38354822993279 1.39991998672485 1.45975801348686 1.40324100852013 1.5896070599556 2.05580180883408 2.2294859290123 4.58046448230743 4.31588172912598 5.22803092002869 2.71011900901794 1.78584229946136 1.91410195827484 2.24409377574921 3.43425607681274 1.65030974149704 1.42662486433983 1.3104832470417 1.71685802936554 1.70871144533157 1.9906387925148 2.24778217077255 3.78770112991333 3.97191882133484 5.59490311145782 6.73910307884216 -9999 10.9495669092451 14.4482145309448 13.2882299423218 12.3154964447021 20.8855796024717 34.8341989517212 41.4024995657114 50.9935655593872 -9999 -9999 -9999 -9999 -9999 -9999 -9999 -9999
-9999 -9999 -9999 -9999 -9999 2.28387522697449 2.13225370645523 2.95192730426788 2.33906471729279 2.75446879863739 2.20896971225739 1.5402660369873 1.53715950250626 1.54712104797363 1.39496773481369 1.39017373323441 1.42838779091835 1.64258551597595 2.0508000254631 2.27554196119308 1.69441348314285 1.72894495725632 1.58288258314133 1.48329672217369 1.78014743328094 2.66492557525635 2.48405402898788 1.71511775255203 6.11562752723694 1.66360867023468 4.06476831436157 2.7447509765625 2.27674126625061 2.1500129699707 2.2871789932251 2.91458916664124 3.26711940765381 2.13599252700806 1.78094029426575 2.76341181993484 4.55098879337311 3.13394916057587 6.25582695007324 9.86885762214661 6.26374125480652 17.6043098945062 -9999 -9999 -9999 -9999 52.3147644996643 44.3842985630035 34.2207548618317 22.6089210298326 -9999 -9999 -9999 -9999 -9999 -9999 -9999 -9999
-9999 -9999 -9999 -9999 -9999 -9999 -9999 -9999 3.22158904373646 0.980172783136368 1.90104979276657 2.21298748254776 2.12931972742081 1.72896069288254 1.5888158082962 1.92343658208847 1.49642103910446 1.64759927988052 1.73701357841492 2.03480923175812 1.98477154970169 1.71309149265289 1.97819477319717 2.11349469423294 2.03545957803726 2.57259893417358 2.2276012301445 2.20562928915024 2.48322308063507 1.60868729650974 2.22342672944069 1.24477350711823 2.69930845499039 2.12112379074097 1.30793550610542 1.46541452407837 1.96220630407333 2.05701220035553 2.57874673604965 4.43739080429077 6.97076869010925 7.50155782699585 2.38054883480072 3.36844217777252 8.19447167125749 29.0682649612427 -9999 -9999 -9999 -9999 17.548882484436 43.7004382610321 20.552547984653 62.0128118341619 48.3979802565141 21.6219702720642 -9999 -9999 -9999 -9999 -9999 -9999
-9999 -9999 -9999 -9999 -9999 -9999 -9999 -9999 -9999 -9999 2.00873619318008 2.77176457643509 3.03786742687225 2.54589307308197 1.94722276926041 2.2129163146019 1.87678867578506 2.12320196628571 1.8398385643959 1.86500555276871 1.98107171058655 1.77726298570633 2.0831880569458 2.56717050075531 2.48098057508469 2.3313472867012 2.41520547866821 2.20725667476654 2.24349296092987 2.0055810213089 1.93208706378937 2.06399166584015 1.91980791091919 1.54744385182858 1.96199172735214 1.21236526966095 1.57834196090698 2.0066505074501 4.74153542518616 7.29809403419495 9.32322120666504 4.4059807062149 2.98893892765045 20.0606381098429 12.7852002035067 -9999 -9999 -9999 -9999 -9999 -9999 -9999 9.56993484351693 35.6141060048884 31.776909828186 51.0989835262299 10.8786277770996 -9999 -9999 -9999 -9999 -9999
-9999 -9999 -9999 -9999 -9999 -9999 -9999 -9999 -9999 4.3704868555069 2.75202441215515 2.51196339726448 2.85678595304489 2.42628443241119 2.08290821313858 2.84443116188049 2.2357237637043 2.34599483013153 1.64906698465347 2.15301525592804 1.99252796173096 1.909050822258 2.45032203197479 2.57598674297333 2.19876891374588 2.3757119178772 2.54354095458984 2.55776023864746 2.67673051357269 2.4064913392067 1.8449587225914 1.75891345739365 1.67635130882263 1.46630322933197 1.34881952404976 1.23701253533363 1.38056096434593 1.98024147748947 9.81243467330933 17.2193956375122 12.0210943222046 8.18199419975281 5.98811030387878 9.82111716270447 20.2093072435231 33.0447750091553 -9999 -9999 -9999 11.0340772661669 15.707599374983 43.2978916168213 11.8239591121674 12.2169070243835 31.2402781573209 39.2126712799072 17.7071616034354 -9999 -9999 -9999 -9999 -9999
-9999 -9999 -9999 -9999 -9999 -9999 -9999 -9999 -9999 -9999 3.14460003376007 2.73928731679916 3.28731822967529 2.01743057370186 2.83188682794571 2.2803855612874 1.90742513537407 2.39643305540085 2.527095079422 1.13516928255558 2.58486217260361 3.47781443595886 2.98908144235611 2.74820995330811 2.33609998226166 1.95640200376511 2.17916768789291 2.31047701835632 3.05121302604675 2.48136752843857 2.22445642948151 1.82749646902084 1.18134373426437 1.17974397540092 0.920936286449432 1.32818403840065 1.7262344956398 12.4016618728638 9.21999907493591 12.5401511192322 10.5211372375488 7.6295964717865 6.66558694839478 7.69877784592765 8.42517287638581 -9999 -9999 -9999 -9999 -9999 16.4705897414166 35.3640718460083 11.435822725296 11.7792148590088 24.2417991757393 -9999 -9999 -9999 -9999 -9999 -9999 -9999
-9999 -9999 -9999 -9999 -9999 -9999 -9999 -9999 -9999 3.67937564849854 3.15978813171387 2.71618491411209 2.4401827454567 2.60016971826553 3.31951367855072 3.3672502040863 1.59967835247517 2.86763781309128 2.36024254560471 1.79268157482147 1.85737949609756 1.07834400236607 1.07840171456337 2.01153445243835 1.97370904684067 1.71677702665329 1.94593280553818 1.82210630178452 2.44121253490448 3.57071542739868 3.28216195106506 2.77996641397476 1.84174883365631 1.50171232223511 2.20264345407486 7.93692183494568 18.6368050575256 2.00742405653 36.941333770752 16.83460521698 11.2136807441711 9.75494742393494 6.02527713775635 6.2621123050023 3.86466658115387 -9999 -9999 -9999 -9999 -9999 26.2199257304159 12.4620966911316 10.4427251815796 -9999 -9999 -9999 -9999 -9999 -9999 -9999 -9999 -9999
-9999 -9999 -9999 -9999 -9999 -9999 -9999 -9999 -9999 3.49911689758301 3.09791564941406 2.84189701080322 3.02821433544159 2.37798607349396 1.98363751173019 2.19242030382156 1.84397703409195 1.12638223171234 1.20049537718296 1.41960373520851 1.57701230049133 0.831821233034134 0.903302595019341 1.93525421619415 1.79030245542526 1.76947045326233 1.74442201852798 2.02391856908798 2.73614770174026 2.76191782951355 2.70970505475998 2.34994268417358 1.88268971443176 2.3072361946106 3.02129030227661 8.10985565185547 20.2295536994934 6.68462705612183 8.53104257583618 9.97764086723328 15.6119256019592 5.05733835697174 5.39050785132817 9.95897961935951 3.86466693878174 -9999 -9999 -9999 -9999 12.1949715614319 -9999 -9999 -9999 -9999 -9999 -9999 -9999 -9999 -9999 -9999 -9999 -9999
-9999 -9999 -9999 -9999 -9999 -9999 -9999 -9999 -9999 3.83230662345886 3.15453815460205 2.52379721403122 2.31524258852005 2.05260068178177 2.17209523916245 1.66757333278656 1.27177047729492 1.41343724727631 1.4490547478199 1.24165722727776 1.25665721297264 1.37246024608612 1.56696528196335 1.84404301643372 1.95282375812531 1.85456550121307 1.73602044582367 1.69348955154419 1.97048252820969 1.80952727794647 1.65946358442307 2.55228155851364 3.65873336791992 6.49487257003784 2.81404280662537 6.81552529335022 29.6485919952393 4.25073373317719 33.3149471282959 8.88659691810608 8.03125405311584 4.66581881046295 6.27779684564961 -9999 -9999 -9999 -9999 -9999 -9999 -9999 -9999 -9999 -9999 -9999 -9999 -9999 -9999 -9999 -9999 -9999 -9999 -9999
-9999 -9999 -9999 -9999 -9999 -9999 -9999 -9999 -9999 3.02577137947083 2.05878156423569 2.60358381271362 2.46462607383728 2.01624745130539 1.83230996131897 1.47215697169304 1.2053325176239 1.37384623289108 1.4497395157814 1.51172107458115 1.22211304306984 1.13903474807739 1.60135799646378 1.55826526880264 1.41742426156998 1.43943974375725 1.53566175699234 1.86090141534805 1.89661341905594 1.57728445529938 2.08372718095779 5.14154541492462 5.55309462547302 6.01498818397522 6.20412755012512 12.1765780448914 21.7973628044128 18.720841884613 22.9282321929932 13.6428394317627 4.51200735569 4.5148780486163 10.5784918673067 -9999 -9999 -9999 -9999 -9999 -9999 -9999 -9999 -9999 -9999 -9999 -9999 -9999 -9999 -9999 -9999 -9999 -9999 -9999
-9999 -9999 -9999 -9999 -9999 -9999 -9999 3.28386068344116 4.03779637813568 2.42910450696945 2.52823716402054 2.37396079301834 2.11935067176819 2.12797719240189 1.52832680940628 1.35302326083183 1.396932721138 1.48660871386528 1.56646800041199 1.66094398498535 1.23921972513199 1.20007798075676 1.32398548722267 1.30867204070091 1.34900397062302 1.34038129448891 1.44993075728416 1.47677171230316 2.36630845069885 2.29583394527435 3.99335110187531 6.81695580482483 5.33626878261566 4.87432730197906 6.87275433540344 7.92320823669434 7.51356983184814 13.2127647399902 15.3246746063232 18.486918926239 15.7400742051671 5.69786846637726 3.25656187534332 -9999 -9999 -9999 -9999 -9999 -9999 -9999 -9999 -9999 -9999 -9999 -9999 -9999 -9999 -9999 -9999 -9999 -9999 -9999
-9999 -9999 -9999 -9999 -9999 -9999 4.62403053045273 4.22975215315819 2.11351275444031 2.3652600646019 2.52895653247833 2.8140914440155 2.4777524471283 2.05155444145203 1.50452774763107 1.52566266059875 1.5181776881218 1.38408601284027 1.20190572738647 1.12045875191689 1.11109346151352 1.27707678079605 0.824803501367569 0.828167974948883 0.808972522616386 0.878265738487244 1.61955982446671 1.73653203248978 2.09787833690643 2.7636262178421 4.47151958942413 4.9998950958252 5.58720517158508 4.73838973045349 3.80937445163727 3.50453460216522 4.18613934516907 4.61963617801666 5.43864297866821 -9999 -9999 -9999 -9999 -9999 -9999 -9999 -9999 -9999 -9999 -9999 -9999 -9999 -9999 -9999 -9999 -9999 -9999 -9999 -9999 -9999 -9999 -9999
-9999 -9999 -9999 -9999 3.71866263860574 3.6996448636055 2.64570683240891 3.10615503787994 3.4289288520813 2.8342507481575 3.80094373226166 4.33114564418793 3.72895431518555 2.37120008468628 1.67885631322861 1.880295753479 1.89390367269516 1.36441648006439 1.09898096323013 1.00694704055786 1.10707801580429 0.93970575928688 1.02668997645378 4.45002973079681 1.9167668223381 0.953507646918297 1.09318198263645 1.14058578014374 2.51675856113434 2.90038132667542 3.3024001121521 3.62496614456177 3.38453543186188 3.16672110557556 3.45955860614777 3.47422349452972 4.51324963569641 6.24849063284854 -9999 -9999 -9999 -9999 -9999 -9999 -9999 -9999 -9999 -9999 -9999 -9999 -9999 -9999 -9999 -9999 -9999 -9999 -9999 -9999 -9999 -9999 -9999 -9999
-9999 -9999 -9999 -9999 2.59086531400681 3.13020586967468 3.46872138977051 3.26855099201202 3.187992811203 2.83506149053574 2.68470078706741 2.97605627775192 2.85408228635788 2.76726901531219 2.2517294883728 2.03250002861023 1.9618935585022 1.28946822881699 0.994417458772659 0.993534028530121 1.01800721883774 1.01298451423645 1.0616999566555 0.947254166007042 0.995841756463051 1.23940162360668 1.42607215046883 1.50993114709854 1.49012021720409 7.06957840919495 5.02482533454895 4.4601548910141 4.29419267177582 3.57412433624268 3.55461966991425 3.68677067756653 4.19444561004639 -9999 -9999 -9999 -9999 -9999 -9999 -9999 -9999 -9999 -9999 -9999 -9999 -9999 -9999 -9999 -9999 -9999 -9999 -9999 -9999 -9999 -9999 -9999 -9999 -9999
-9999 41.4575265852433 4.79402855134779 2.90352523326874 3.0861736536026 2.92792868614197 3.15426599979401 2.99914044141769 3.22876739501953 2.85866171121597 2.79713773727417 2.99923056364059 2.65549278259277 2.3993062376976 2.06550604104996 1.78908902406693 1.44072939455509 0.642285749316216 1.40957549214363 1.33294272422791 1.14903151988983 1.09936648607254 1.25240474939346 1.58033841848373 1.24515827000141 3.73107004165649 3.94780433177948 4.00116884708405 5.7936315536499 6.85445523262024 7.17158818244934 5.11688160896301 4.7256270647049 3.98336541652679 3.69266617298126 8.51064507527785 -9999 -9999 -9999 -9999 -9999 -9999 -9999 -9999 -9999 -9999 -9999 -9999 -9999 -9999 -9999 -9999 -9999 -9999 -9999 -9999 -9999 -9999 -9999 -9999 -9999 -9999
5.40756874680519 6.03591237068176 3.19241309165955 3.06046414375305 2.70299023389816 2.83791750669479 2.98475325107574 3.2720707654953 3.3564680814743 3.10053884983063 2.98731082677841 2.85879081487656 2.38617825508118 1.36559450626373 1.65219229459763 1.55365651845932 1.27410261332989 1.27773602306843 1.19709715247154 1.14312753081322 1.41262722015381 1.72226482629776 2.26872378587723 2.37946343421936 3.24087810516357 4.44238042831421 3.67482733726501 5.61831521987915 4.45707392692566 4.42709112167358 3.9745956659317 6.8270115852356 7.02130222320557 -9999 -9999 -9999 -9999 -9999 -9999 -9999 -9999 -9999 -9999 -9999 -9999 -9999 -9999 -9999 -9999 -9999 -9999 -9999 -9999 -9999 -9999 -9999 -9999 -9999 -9999 -9999 -9999 -9999
8.0228528380394 3.11505818367004 3.20675253868103 3.11308944225311 3.0014101266861 2.99105179309845 3.12953925132751 3.13580417633057 3.18848991394043 3.37767291069031 2.82332253456116 2.37324374914169 1.88073375821114 1.78847962617874 1.52395194768906 1.52560955286026 0.993465721607208 1.22072321176529 1.1219793856144 1.13311274349689 2.93260341882706 3.54965400695801 3.94779467582703 3.73649096488953 4.56320786476135 4.94493734836578 4.44787037372589 4.17439806461334 8.57411599159241 6.10122227668762 4.29380357265472 5.10289220809937 4.71316509246826 9.97199316666676 13.5668592453003 6.40775700048967 -9999 -9999 -9999 -9999 -9999 -9999 -9999 -9999 -9999 -9999 -9999 -9999 -9999 -9999 -9999 -9999 -9999 -9999 -9999 -9999 -9999 -9999 -9999 -9999 -9999 -9999
3.24674785137177 3.02730596065521 2.96337980031967 2.96181607246399 3.01233208179474 2.96519100666046 2.70328956842422 3.67213118076324 3.31019997596741 2.77713006734848 2.38121616840363 2.0123707652092 1.56046348437667 1.64699217304587 1.59125907719135 1.07124379277229 1.44606676697731 1.50087976455688 2.16333675384521 2.73986256122589 4.38270592689514 4.23942589759827 11.4662547111511 16.9369111061096 5.5125560760498 4.25380647182465 4.32692098617554 4.43228030204773 5.10600829124451 4.89224302768707 6.06960295041402 -9999 -9999 -9999 -9999 -9999 -9999 -9999 -9999 -9999 -9999 -9999 -9999 -9999 -9999 -9999 -9999 -9999 -9999 -9999 -9999 -9999 -9999 -9999 -9999 -9999 -9999 -9999 -9999 -9999 -9999 -9999
3.29383277893066 3.1564131975174 3.0640207529068 3.15966296195984 3.53236591815948 3.60975015163422 3.39684391021729 3.12366664409637 2.92497450113297 2.94360530376434 2.89083981513977 2.11538618803024 1.45049661397934 1.47333897650242 1.63009241223335 3.32864320278168 4.73613059520721 3.05318033695221 3.11962366104126 3.15771889686584 4.44126391410828 4.44948828220367 3.78665399551392 3.01451697945595 6.49934506416321 4.85099709033966 4.52104496955872 5.56438279151917 7.16665577888489 7.07981085777283 6.95186376571655 8.20980105400086 -9999 -9999 -9999 -9999 -9999 -9999 36.8968796872381 12.6942715644836 -9999 -9999 -9999 -9999 -9999 -9999 -9999 -9999 -9999 -9999 -9999 -9999 -9999 -9999 -9999 -9999 -9999 -9999 -9999 -9999 -9999 -9999
3.69038701057434 3.4820648431778 3.36163723468781 3.42659175395966 3.47768762111664 3.26983255147934 5.21009624004364 3.2991646528244 3.71465313434601 3.74579858779907 2.82559418678284 1.98269176483154 2.14358103275299 2.19291526079178 1.58824422955513 1.90816533565521 1.79029646515846 1.74234643578529 3.3968893289566 14.8399558067322 3.03906440734863 3.04254984855652 2.90486633777618 2.77120578289032 2.95838624238968 4.10935413837433 4.32974088191986 5.33578813076019 6.31596565246582 4.43785011768341 4.82085337809154 3.42093944549561 -9999 -9999 -9999 -9999 -9999 -9999 -9999 -9999 -9999 -9999 -9999 -9999 -9999 -9999 -9999 -9999 -9999 -9999 -9999 -9999 -9999 -9999 -9999 -9999 -9999 -9999 -9999 -9999 -9999 -9999
-9999 -9999 -9999 -9999 -9999 4.26679433019538 3.30553931849343 3.23457656800747 2.66922301054001 2.91351753473282 2.47867047786713 2.10258454084396 2.51025974750519 2.66134732961655 3.25271308422089 1.69898736476898 1.79345512390137 2.00542348623276 2.50766018033028 3.35238003730774 2.82095557451248 2.56582581996918 3.05138254165649 3.28246665000916 3.84435844421387 5.68635007051321 -9999 -9999 -9999 -9999 -9999 -9999 -9999 -9999 -9999 -9999 -9999 -9999 -9999 -9999 -9999 -9999 -9999 -9999 -9999 -9999 -9999 -9999 -9999 -9999 -9999 -9999 -9999 -9999 -9999 -9999 -9999 -9999 -9999 -9999 -9999 -9999
-9999 -9999 -9999 -9999 -9999 -9999 3.37512588500977 3.05760812759399 1.79559409618378 3.08580672740936 2.51642847061157 2.85963606834412 2.81652295589447 3.06725549697876 3.27801883220673 3.64018714427948 4.09447574615479 3.76911664009094 5.02164137363434 3.3112313747406 2.95517694950104 2.60893428325653 6.08180665969849 3.11844827779909 -9999 -9999 -9999 -9999 -9999 -9999 -9999 -9999 -9999 -9999 -9999 -9999 -9999 -9999 -9999 -9999 -9999 -9999 -9999 -9999 -9999 -9999 -9999 -9999 -9999 -9999 -9999 -9999 -9999 -9999 -9999 -9999 -9999 -9999 -9999 -9999 -9999 -9999
