EcologicalScience/Bass/data/rs_data_bass/chl_504.asc
NCOLS 226 
NROWS 124 
XLLCORNER -9.41648524995501 
YLLCORNER 47.587301625531 
CELLSIZE 0.0833 
NODATA_value -9999 
[rows 81 to 107 of 124, columns 62 to 123 of 226]
3.85158455371857 5.97498106956482 7.6620512008667 7.66205191612244 -9999 -9999 -9999 -9999 -9999 -9999 -9999 -9999 -9999 -9999 -9999 -9999 -9999 -9999 -9999 -9999 -9999 -9999 -9999 -9999 -9999 -9999 -9999 -9999 -9999 -9999 -9999 -9999 -9999 -9999 -9999 -9999 -9999 -9999 -9999 -9999 -9999 -9999 -9999 -9999 -9999 -9999 -9999 -9999 -9999 -9999 -9999 -9999 -9999 -9999 -9999 -9999 -9999 -9999 -9999 -9999 -9999 -9999
2.62787602777066 -9999 -9999 -9999 -9999 -9999 -9999 -9999 -9999 -9999 -9999 -9999 -9999 -9999 -9999 -9999 -9999 -9999 -9999 -9999 -9999 -9999 -9999 -9999 -9999 -9999 -9999 -9999 -9999 -9999 -9999 -9999 -9999 -9999 -9999 -9999 -9999 -9999 -9999 -9999 -9999 -9999 -9999 -9999 -9999 -9999 -9999 -9999 -9999 -9999 -9999 -9999 -9999 -9999 -9999 -9999 -9999 -9999 -9999 -9999 -9999 -9999
-9999 -9999 -9999 -9999 -9999 -9999 -9999 -9999 -9999 -9999 -9999 -9999 -9999 -9999 -9999 -9999 -9999 -9999 -9999 -9999 -9999 -9999 -9999 -9999 -9999 -9999 -9999 -9999 -9999 -9999 -9999 -9999 -9999 -9999 -9999 -9999 -9999 -9999 -9999 -9999 -9999 -9999 -9999 -9999 -9999 -9999 -9999 -9999 -9999 -9999 -9999 -9999 -9999 -9999 -9999 -9999 -9999 -9999 -9999 -9999 -9999 -9999
-9999 -9999 -9999 -9999 -9999 -9999 -9999 -9999 -9999 -9999 -9999 -9999 -9999 -9999 -9999 -9999 -9999 -9999 -9999 -9999 -9999 -9999 -9999 -9999 -9999 -9999 -9999 -9999 -9999 -9999 -9999 -9999 -9999 -9999 -9999 -9999 -9999 -9999 -9999 -9999 -9999 -9999 -9999 -9999 -9999 -9999 -9999 -9999 -9999 -9999 -9999 -9999 -9999 -9999 -9999 -9999 -9999 3.69128702426779 2.37060650495382 2.29498042510106 2.47886627912521 2.1430207831519
-9999 -9999 -9999 -9999 -9999 -9999 -9999 -9999 -9999 -9999 -9999 -9999 -9999 -9999 -9999 -9999 -9999 -9999 -9999 -9999 -9999 -9999 -9999 -9999 -9999 -9999 -9999 -9999 -9999 -9999 -9999 -9999 -9999 -9999 -9999 -9999 37.1749906539917 4.73086719214916 4.15497575203578 3.88767466942469 -9999 -9999 3.29106453486851 2.46812915802002 2.71140027046204 2.97370689023625 2.91426610946655 3.42209157618609 3.39713111790744 2.85169458389282 2.96986317634583 2.57731815321105 -9999 -9999 3.56497606209346 2.58927176548884 2.23949922048129 1.96534715707486 1.8733101945657 1.81888274046091 1.71192738839558 1.41103769200189
-9999 -9999 -9999 -9999 -9999 -9999 -9999 -9999 -9999 -9999 -9999 -9999 -9999 1.71177459955215 1.90271124243736 1.81366065144539 1.74815006554127 1.50830351561308 1.12509450316429 -9999 -9999 -9999 -9999 -9999 -9999 -9999 -9999 -9999 5.72293715817588 2.88067771707262 2.08822292089462 2.20379264246334 2.76897007226944 3.66949796676636 -9999 -9999 -9999 4.02579534970797 3.2482425570488 3.30446538058194 3.17806998708031 2.86387287080288 2.70185616612434 2.39673127233982 2.25849495828152 2.88279338316484 2.93827391754497 2.81279216571288 2.71942685950886 2.19613271493178 2.41728326678276 2.54413239657879 2.79287029802799 3.03781843185425 2.56327021121979 1.8060852214694 1.63550338894129 1.95953589677811 1.63196422372546 1.40610807282584 1.21679896116257 1.15848025253841
-9999 -9999 -9999 -9999 -9999 -9999 -9999 -9999 -9999 -9999 2.09451743960381 1.22634099423885 1.19982799887657 1.14090755581856 1.4541373103857 1.42632986605167 1.41452220082283 1.41735358536243 1.4903434664011 1.46009941399097 1.426681294253 1.8967210650444 2.05804870128632 2.07750174999237 2.28023062254253 2.19188907316753 -9999 1.69948677221934 2.42434851825237 2.81004371551367 2.6039901226759 2.92234494594427 3.09804589473284 3.14685971920307 3.32104534762246 -9999 2.93218400685684 3.22384271296588 3.19693861224435 3.04885505546223 2.88162764635953 2.85774137215181 2.60442711548372 2.45281063426625 2.40273493528366 2.60848572037437 2.64755789800124 2.2201035618782 1.69379552969566 1.64712767876112 1.58237715810537 1.6884529069066 1.93895591795444 1.96009261161089 1.91461894661188 1.75664399564266 1.60380087047815 1.89479523897171 1.24183745895113 1.02951386996678 1.00354963966778 1.01178542631013
-9999 -9999 -9999 -9999 -9999 -9999 -9999 -9999 1.77016993210866 1.64453863352537 1.59327607601881 1.46139501035213 1.36941724270582 1.39984242618084 1.40606810152531 1.51570013165474 1.65345878899097 1.71805858612061 1.70296543836594 1.6972532409888 1.71811984364803 1.85338242695882 2.09184573246883 2.01476088166237 2.04943948984146 2.08869251608849 2.49123863531993 2.57358927451647 2.23071618378162 2.59892169328836 2.59752508768669 2.59430445616062 2.74083313575158 2.9623356782473 3.18353339800468 2.86243736743927 2.94274798035622 2.97483841578166 2.87697499990463 2.81739608807997 2.81111734563654 2.65207043019208 2.53535230051387 2.36576004461809 2.02360068261623 1.87760047479109 1.65304109454155 1.28854321745726 1.36631434730121 1.19221959369523 0.661459327890323 0.824394540144847 0.670903612787907 1.05493006110191 0.74698464343181 0.749947996093677 0.759319142653392 1.04941528609821 0.965301441294806 0.89813334601266 0.892935595342091 0.931854575872421
-9999 -9999 -9999 -9999 -9999 -9999 -9999 -9999 -9999 1.73140866309404 1.2361374925822 1.33223238587379 1.06251483783126 1.36359648406506 1.42242859303951 1.48204989731312 1.5328056961298 1.53833466768265 1.67125493884087 1.86995944151512 1.87995718992673 1.87377169957528 1.93649563881067 2.07746957357113 1.81222423911095 1.78157839179039 2.19637668591279 2.28949627050987 2.32356370870884 2.32259379441922 2.29688568757131 2.27500067765896 2.31304885790898 2.55145796904197 2.77778187394142 2.99745941162109 2.59779220819473 2.67870604991913 2.73424592614174 2.66054632446983 2.60489653457295 2.60065246712078 1.84901189804077 1.66115207970142 1.61110939830542 1.35969394216171 1.41137318525996 1.00229515135288 0.640008454139416 0.667162192555574 0.932701885700226 0.918452899370875 0.903960853815079 0.932158265795026 0.947300421340125 0.931808876139777 0.939289748668671 0.918836429715157 0.878514653870038 0.861631904329572 0.911219013588769 0.947779655456543
-9999 -9999 -9999 -9999 -9999 -9999 -9999 -9999 -9999 1.25694334965486 0.636917173862457 0.594105586409569 1.16477246582508 1.10215955972672 1.17695499770343 1.32725130021572 1.40626926720142 1.43406182527542 1.45022808359219 1.54591463850095 1.73043607289975 1.74804129508825 1.81389493208665 1.28190433233976 1.19883865118027 1.67892252940398 1.31240594387054 1.30667133629322 1.73552349439034 1.75957000714082 1.77085956243368 1.85312281663601 2.04632516549184 2.26422327298384 2.40028041601181 2.55346175602504 2.00819259881973 2.18684220314026 2.3048769235611 2.34263634681702 2.02334697544575 1.61618634313345 1.76613587599534 1.38478838652372 1.33471414446831 1.08130937700088 1.09656429634644 1.00644777289459 0.99270917900971 0.946720834289278 0.652033900985351 0.661045865370677 0.888035346354757 0.921745291778019 0.927597367337772 0.917481601238251 0.881466367415019 0.838235052568572 0.810203822595732 0.860374331474304 0.901393852063588 0.933384610073907
1.03537831455469 0.904372349381447 0.90230462551117 0.90662961602211 0.89390127658844 -9999 -9999 1.61890660971403 1.4871424883604 1.2010101377964 1.33113642475184 1.26312246546149 1.22817227616906 1.11858282545034 1.18857480883598 1.21241265535355 1.18619813024998 1.17650771141052 0.998394613916224 1.08748911185698 0.996510500257666 0.950713236223568 1.04292514920235 0.994619444012642 0.951531838625669 1.28425336113343 1.19737137051729 1.18097686309081 1.20073177264287 1.21906806184695 1.23656541109085 1.25993564954171 1.30519846310982 1.37630087366471 1.44505096333367 1.51991831404822 1.53127030684398 1.85666188597679 1.61710108071566 1.7733375109159 1.53757999722774 1.46090734004974 1.35102101734706 1.29677782314164 0.970753158841814 0.960284177746092 0.942249298095703 0.627853962091299 0.899029804127557 0.882135367819241 0.609787520307761 0.867909991315433 0.862819126674107 0.879708332674844 0.908571328435625 0.893648552043097 0.874661366854395 0.849683008023671 0.8433628231287 0.893385657242366 0.901410583938871 1.02925217151642
0.561259303580631 0.659519746899605 0.723231268616823 0.916232180595398 1.08449973911047 1.15371026098728 1.16133136640896 1.08669226819819 1.1312298476696 1.10353875160217 1.07078893482685 0.9988769069314 0.992777042090893 1.2294449172914 1.19635643362999 1.15983098745346 0.837729014456272 0.828657917678356 0.858051955699921 0.903142184019089 0.912342591927602 0.911233905702829 0.934262864291668 0.936083026230335 1.05436667341452 1.05066067209611 1.02840174161471 1.01279917359352 1.01843249339324 1.03578815322656 0.837038636207581 0.946560934185982 1.04314269469335 1.05253809461227 1.03977959070887 1.06823398385729 1.0964638377939 1.1021551660129 1.16557906866074 1.16340247392654 1.15714462995529 1.17055572867393 0.66066904939138 0.673542101795857 0.682104634550902 0.756962646658604 0.790998689257182 0.878317243286541 0.876198029943875 0.882077048931803 0.893039511782783 0.867956706455776 0.854657681924956 0.866177022457123 0.879047263945852 0.880503748144422 0.860235163143703 0.709045997032752 0.710926737922889 1.06787329316139 1.04373158812523 1.01369126141071
0.483522666448897 0.641707886010408 0.623242255300283 0.636536881327629 0.656882256269455 0.734291147440672 0.836921185255051 0.64197192679752 0.630367747761986 0.617507421157577 0.683885169300166 0.840599533170462 0.66799670830369 0.649821560829878 0.649287767708302 0.744514751434326 0.658112287521362 0.828183182261207 0.823448969559236 0.809022590517998 1.01112580528626 1.13300977349281 1.12947338819504 0.800315260887146 0.854407751134464 0.83584529374327 0.795918964913913 1.00643573999405 0.745994612574577 0.749569467135838 0.747036880680493 1.07265650755481 1.06765149141613 0.943807817995548 1.12567423582077 1.13713231086731 0.911225026207311 0.922193211104189 0.92776748005833 0.930390677281788 0.743994953540655 0.503210365772247 0.691032185004308 0.649522768763395 0.898712964994567 0.880709262830871 0.868877253362111 0.865267472607749 0.896997644432953 0.645741053498708 0.906296604446002 0.924072395477976 0.924724759800094 0.916148984006473 0.970278188586235 0.990854397416115 0.881201326847076 0.788431945901651 0.829876944422722 1.09178639948368 1.1211895108223 1.12138384580612
0.675214394927025 0.739446841180325 0.600186716765165 0.560805514454842 0.622014321386814 0.635693401098251 0.640228420495987 0.653593964874744 0.66129344701767 0.679743774235249 0.679607938975096 0.701104987412691 0.682239793241024 0.648836828768253 0.633912801742554 0.772803246974945 0.926803886890411 0.845838237892498 0.787688910961151 0.611951095136729 0.613698607141321 0.626799068667672 1.04449505209923 0.673692643642426 0.628284275531769 0.611526474356651 0.722639164099326 0.948308063404901 1.06748961210251 0.941566396504641 0.956139079162053 0.955239491803305 0.715104967355728 0.71333172917366 0.854044067362944 0.880657883981864 0.896850991461958 0.91052128800324 0.90452799733196 0.924768639462335 0.909807916198458 0.755191683769226 0.763019382953644 0.863244793244771 0.671446110193546 0.638112541574698 0.897463579263006 0.915304183959961 0.674756100544563 0.751345276832581 0.871053291218622 0.921252282602447 0.95706430716174 0.950028336473874 1.0097728818655 1.02128949165344 0.986328765749931 1.03029462695122 1.05572456121445 1.12400112910704 1.1954410135746 1.24602879881859
0.760613597929478 0.890863783657551 0.729439575225115 0.551245719194412 0.573005396872759 0.61533135548234 0.631456047296524 0.630411736667156 0.650433421134949 0.682107903063297 0.762686039913784 0.743976010517641 0.725906740535389 0.624508507549763 0.595767270773649 0.730103077796789 0.745890102216176 0.598472367972136 0.592153154313564 0.542936384677887 0.718605341819616 0.725205130301989 0.770621057599783 0.612167984247208 0.620426967740059 0.934853106737137 0.966381835086005 1.00118999821799 1.01592805981636 1.01482296415738 1.03493902087212 0.795277792673845 0.787679575956785 0.871260199695826 0.898334678262472 0.918979000300169 0.918210174888372 0.793778788584929 0.800789739076908 0.816416054964066 0.811747230016268 0.789077206299855 0.924945703574589 0.668444119966947 0.964080601930618 0.963910341262817 0.971251860260963 0.973454669117928 0.963741168379784 1.01308141648769 0.997516587376595 0.960441812872887 0.987719193100929 1.14227011799812 1.17523124814034 1.21004700660706 1.26600680838932 1.31158742308617 1.43951789357445 1.60091140053489 1.74336093664169 1.93900937383825
0.561750428243117 0.590343598276377 0.602234724909067 0.531134851276875 0.616909943521023 0.564363449811935 0.58106392249465 0.603697661310434 0.65022886544466 0.671132545918226 0.628167945605058 0.558232040567832 0.561731132594022 0.574363563209772 0.508045308969238 0.526565214449709 0.501368790864944 0.495450541377068 0.501291787082499 0.573598753660917 0.688746681580177 0.481268739158457 0.809942418336868 0.695369185879827 0.71920926310122 0.890751446996416 0.953847961766379 1.00531408616475 1.05528298871858 1.0899566582271 1.09330645629338 1.10916427629335 0.886167478102904 0.928071040660143 0.975722931325436 0.971209064126015 0.918033324755155 0.860099453192491 0.857055448568784 0.845091352095971 0.823253996097124 1.02769559621811 1.03867089748383 1.00980445742607 1.01876610517502 1.02135637402534 0.996553272008896 0.978063017129898 0.947765946388245 0.947181478142738 0.999673247337341 1.10521852970123 1.26014586470344 1.2876039147377 1.31514267487959 1.44173630801114 1.62237170609561 1.8186131065542 2.08495772968639 2.34623432701284 2.47020466219295 2.48864026503129
0.525944074988365 0.525809651613236 0.519568222761154 0.464975148439407 0.467423810200258 0.757398480176926 0.8036671416326 0.476744573563337 0.512146167457104 0.542403779923916 0.583116572011601 0.565198785879395 0.554334843700582 0.545339186083187 0.514040302146565 0.509341466155919 0.491203157739206 0.467931836843491 0.551367193460464 0.59067987544196 0.739551401138306 0.586090509708111 0.807692016874041 0.792549267411232 0.762404494560682 0.996507870299475 1.06941010401799 1.0979045514877 1.36286428570747 1.37929809093475 1.40097396714347 1.09680483891414 1.13475638628006 1.17352613806725 1.29840052127838 1.46418440341949 1.37069416046143 0.998186558485031 0.934212801548151 0.862748100207402 1.06141489744186 1.07811215519905 1.08321166038513 1.055893689394 1.06046244502068 1.03268232941628 0.97737529873848 0.980207100510597 1.00258234143257 1.03426112234592 1.14922577142715 1.20934760570526 1.27536481618881 1.54471305825494 1.79977453838695 1.89617197621952 2.07033804871819 -9999 -9999 -9999 -9999 -9999
0.525880235162648 0.458197331428528 0.446402934193611 0.490970988165249 0.414309024810791 0.364628791809082 0.449978633360429 0.456895757805217 0.493824601173401 0.503155365586281 0.533257704514724 0.539477724581957 0.547226000577211 0.549437485635281 0.623160921610319 0.492897927761078 0.45968496799469 0.457188934087753 0.445236176252365 0.946277873856681 0.784515181413064 0.765938683198049 0.952258344207491 0.979936365570341 1.03745287656784 1.14654064178467 1.20479596578158 1.24041453920878 1.46721627882549 1.5298815710204 1.6409792814936 1.77378009898322 1.55723933073191 1.64500086582624 1.70365864496965 1.49040728807449 1.39832538366318 1.31815201044083 1.31790563464165 1.16678455471992 1.15901461243629 1.03678441047668 1.06705713272095 1.11348211765289 1.1921003352512 1.16625839742747 1.1761374771595 1.22015802968632 1.1994616985321 1.26612631299279 1.35538706725294 1.5445108034394 1.73638927394694 1.9633690898235 2.33787999834333 -9999 -9999 -9999 -9999 -9999 -9999 -9999
0.53369690105319 0.562558890743689 0.564651989124038 0.54979901693084 0.544643656774001 0.513262644410133 0.512716252356768 0.500540275126696 0.493499394506216 0.493446782231331 0.491930309683084 0.522563870996237 0.541312079876661 0.55262590572238 0.52730084497195 0.503545865416527 0.492010101675987 0.500812023878098 0.777221361031899 0.827857980361352 0.817035370148145 0.820127647656661 0.832213351359734 0.8315094434298 0.911249137841738 1.15376030940276 1.18965517786833 1.20346198632167 1.23989781508079 -9999 -9999 -9999 -9999 -9999 -9999 3.14426672458649 1.41769808530807 1.38475477695465 1.29290640354156 1.27447184378451 1.26108454845168 1.24754052270542 1.24729651483622 1.24913035739552 1.2597700221972 1.25886953960766 1.29354401610114 1.34668514728546 1.46446977691217 1.55520511215383 1.66561551527544 1.81001183119687 1.77550012415106 1.9762424826622 1.97624230384827 -9999 -9999 -9999 -9999 -9999 -9999 -9999
0.502292595803738 0.48838407603594 0.512575574219227 0.495260205119848 0.483504362404346 0.504428455462823 0.501777848372093 0.504189569503069 0.515728358179331 0.461297556757927 0.522434189915657 0.541418015956879 0.585262924432755 0.54399000108242 0.539666354656219 0.567258059978485 0.598416140446296 0.653301482017224 0.842967462081176 0.86286784364627 0.870688759363615 0.80906401689236 0.821169397005668 1.08059602975845 1.14121207594872 1.20046463608742 1.245122641325 1.29907336831093 1.44949045351573 -9999 -9999 -9999 -9999 -9999 -9999 2.01820656231471 1.72977787256241 1.31871344284578 1.38677819479596 1.2862330198288 1.26524634361267 1.26063405275345 1.23426062464714 1.15230810642242 1.12294823527336 1.19703397750855 1.38347952961922 1.41152331233025 1.56685394590551 1.74741474606774 1.94272241267291 2.04993357441642 -9999 -9999 -9999 -9999 -9999 -9999 -9999 -9999 -9999 -9999
0.473026354152423 0.516853451728821 0.517354945723827 0.536887476077447 0.543401145018064 0.557249369099736 0.501584213513594 0.504655910226015 0.643716470553325 0.638074622704432 0.583499699831009 0.576338035555986 0.577565400646283 0.525400519371033 0.424323007464409 0.542681511778098 0.577122134658007 0.646847585072884 1.05448799473899 1.18077168294362 0.815145589753029 0.835349837174783 0.881313092433489 1.12745773792267 1.15264087915421 1.30445000800219 1.31064992601221 1.40656487508254 1.70389485359192 -9999 -9999 -9999 -9999 -9999 -9999 -9999 3.29477574733587 1.70708459615707 1.54639148712158 1.46763187646866 1.42063063383102 1.49292796850204 1.16597694754601 1.29637495279312 1.45033621788025 1.42986327409744 1.38867055177689 1.41806074976921 1.44083733721213 1.60147360780022 2.00580816377293 2.57562597773292 2.92034101944703 -9999 -9999 -9999 -9999 -9999 -9999 -9999 -9999 -9999
0.478101913745587 0.496855626885708 0.520813740216769 0.53433240376986 0.518669545650482 0.512848116457462 0.505221708462789 0.503287275250141 0.560173252454171 0.56055820446748 0.558597819163249 0.565660543166674 0.553626141869105 0.558255944114465 0.55401063653139 0.552472176460119 0.550269120014631 0.633346135799701 0.667148321866989 0.732629120349884 0.818616092205048 0.747139769521627 0.725300272757357 0.778503775596619 1.19999179244041 1.24320618672804 1.30604567040097 1.3898226889697 1.46091451699084 1.61548286676407 -9999 -9999 -9999 -9999 -9999 -9999 -9999 2.63304494818052 2.02184313886306 2.32424883632099 1.96435952186584 1.96906650066376 2.28114658594131 2.36784780025482 2.15842568874359 2.09802252054214 1.96905487775803 1.82185873389244 1.81109210306948 1.7550759721886 1.90774609825828 2.47143599120053 2.70161042430184 -9999 -9999 -9999 -9999 -9999 -9999 -9999 -9999 -9999
0.501613359898329 0.515922673046589 0.507549999998166 0.519062416894095 0.51102960568208 0.50552195081344 0.528251279145479 0.559170559048653 0.653119529597461 0.590611538061729 0.614282321471434 0.60649386048317 0.599827281557597 0.57529028906272 0.571941681779348 0.580970341196427 0.60477788746357 0.504790127277374 0.485093519091606 0.5025514960289 0.581341158066477 0.732752148400653 0.72381099245765 0.870629489421844 1.25850737094879 1.41794736186663 1.43897883097331 1.35759070515633 1.35165452957153 1.38364285230637 1.45521266643818 -9999 -9999 -9999 -9999 -9999 -9999 -9999 -9999 -9999 -9999 -9999 -9999 -9999 -9999 -9999 3.65490746498108 1.98528815691288 2.16713066534563 2.19278149171309 2.93089647042124 -9999 -9999 -9999 -9999 -9999 -9999 -9999 -9999 -9999 -9999 -9999
0.493169064705188 0.491879668373328 0.509251388055938 0.509871508393969 0.533829797591482 0.486696430123769 0.511689614791137 0.621758317574859 0.635337765400226 0.662823736667633 0.671987104874391 0.634541396911328 0.860230945050716 0.817659147083759 0.587891049109972 0.572244042387375 0.560742816099754 0.552805423736572 0.522175297141075 0.525437623262405 0.514636680483818 0.611867189407349 0.764630436897278 0.861652395941994 1.58932874679565 -9999 1.39984702070554 1.23310524767095 1.29816860773347 1.30336643619971 1.36249497803775 1.65921872854233 -9999 -9999 -9999 -9999 -9999 -9999 -9999 -9999 -9999 -9999 -9999 -9999 -9999 -9999 -9999 -9999 -9999 -9999 -9999 -9999 -9999 -9999 -9999 -9999 -9999 -9999 -9999 -9999 -9999 -9999
0.469771538461958 0.46560452239854 0.497403534395354 0.494193185653005 0.451586547952432 0.473586662457539 0.437547835019919 0.629339337348938 0.644039800533882 0.673615694046021 0.688992193112007 0.947765685617924 0.894442945718765 0.83004105091095 0.816042311489582 0.806147083640099 0.963337288661437 1.02144520932978 0.80260443687439 0.540514305233955 0.52127979695797 1.01698530217012 1.08603778481483 1.3731634815534 1.35225968559583 1.34962990880013 1.30667794744174 1.2967991232872 1.2437302172184 1.2875080704689 1.54749553311955 1.855854798447 -9999 -9999 -9999 -9999 -9999 -9999 -9999 -9999 -9999 -9999 -9999 -9999 -9999 -9999 -9999 -9999 -9999 -9999 -9999 -9999 -9999 -9999 -9999 -9999 -9999 -9999 -9999 -9999 -9999 -9999
0.479339648570333 0.480794089181083 0.491710300628955 0.477222551520054 0.451928364542814 0.471032002797494 0.469946856682117 0.557232272166472 0.662568314717366 0.687994638314614 0.712607248471333 1.1572497189045 1.06217133253813 0.939844563603401 0.903635591268539 1.04941724376245 1.03288136829029 0.92797189950943 0.918554802735647 0.936098386843999 1.01866319278876 1.05450726052125 1.08352081477642 1.27106844385465 1.26832917332649 1.31648734211922 1.26822523276011 1.19677008191744 1.23424406846364 1.32467948848551 1.48222005909139 1.5571432845159 -9999 -9999 -9999 -9999 -9999 -9999 -9999 -9999 -9999 -9999 -9999 -9999 -9999 -9999 -9999 -9999 -9999 -9999 -9999 -9999 -9999 -9999 -9999 -9999 -9999 -9999 -9999 -9999 -9999 -9999
0.506449258753232 0.47472930756899 0.485154534761722 0.507823523420554 0.512231262830588 0.508147984743118 0.51285153398147 0.628682358906819 0.695617386927971 0.737320530873079 0.75874037696765 1.37844666838646 0.865459435261213 1.11955507099628 1.14544746279716 1.10502035915852 1.28794037753885 1.02931332588196 0.977414776881536 0.974356730779012 1.03261740505695 1.10886897643407 1.18234978119532 1.30739051103592 1.38365445534388 1.37616669138273 1.2881176173687 1.21682053804398 1.28642457723618 1.34417277574539 1.53275746107101 1.52418559247797 -9999 -9999 -9999 -9999 -9999 -9999 -9999 -9999 -9999 -9999 -9999 -9999 -9999 -9999 -9999 -9999 -9999 -9999 -9999 -9999 -9999 -9999 -9999 -9999 -9999 -9999 -9999 -9999 -9999 -9999
