EcologicalScience/Bass/data/rs_data_bass/chl_272.asc
NCOLS 226 
NROWS 124 
XLLCORNER -9.41648524995501 
YLLCORNER 47.587301625531 
CELLSIZE 0.0833 
NODATA_value -9999 
[rows 81 to 107 of 124, columns 62 to 123 of 226]
3.85158455371857 5.97498106956482 7.6620512008667 7.66205191612244 -9999 -9999 -9999 -9999 -9999 -9999 -9999 -9999 -9999 -9999 -9999 -9999 -9999 -9999 -9999 -9999 -9999 -9999 -9999 -9999 -9999 -9999 -9999 -9999 -9999 -9999 -9999 -9999 -9999 -9999 -9999 -9999 -9999 -9999 -9999 -9999 -9999 -9999 -9999 -9999 -9999 -9999 -9999 -9999 -9999 -9999 -9999 -9999 -9999 -9999 -9999 -9999 -9999 -9999 -9999 -9999 -9999 -9999
3.07282984343547 -9999 -9999 -9999 -9999 -9999 -9999 -9999 -9999 -9999 -9999 -9999 -9999 -9999 -9999 -9999 -9999 -9999 -9999 -9999 -9999 -9999 -9999 -9999 -9999 -9999 -9999 -9999 -9999 -9999 -9999 -9999 -9999 -9999 -9999 -9999 -9999 -9999 -9999 -9999 -9999 -9999 -9999 -9999 -9999 -9999 -9999 -9999 -9999 -9999 -9999 -9999 -9999 -9999 -9999 -9999 -9999 -9999 -9999 -9999 -9999 -9999
-9999 -9999 -9999 -9999 -9999 -9999 -9999 -9999 -9999 -9999 -9999 -9999 -9999 -9999 -9999 -9999 -9999 -9999 -9999 -9999 -9999 -9999 -9999 -9999 -9999 -9999 -9999 -9999 -9999 -9999 -9999 -9999 -9999 -9999 -9999 -9999 -9999 -9999 -9999 -9999 -9999 -9999 -9999 -9999 -9999 -9999 -9999 -9999 -9999 -9999 -9999 -9999 -9999 -9999 -9999 -9999 -9999 -9999 -9999 -9999 -9999 -9999
-9999 -9999 -9999 -9999 -9999 -9999 -9999 -9999 -9999 -9999 -9999 -9999 -9999 -9999 -9999 -9999 -9999 -9999 -9999 -9999 -9999 -9999 -9999 -9999 -9999 -9999 -9999 -9999 -9999 -9999 -9999 -9999 -9999 -9999 -9999 -9999 -9999 -9999 -9999 -9999 -9999 -9999 -9999 -9999 -9999 -9999 -9999 -9999 -9999 -9999 -9999 -9999 -9999 -9999 -9999 -9999 -9999 6.10638230187552 2.39209745611463 2.01709796190262 2.64255673235113 1.88338180563667
-9999 -9999 -9999 -9999 -9999 -9999 -9999 -9999 -9999 -9999 -9999 -9999 -9999 -9999 -9999 -9999 -9999 -9999 -9999 -9999 -9999 -9999 -9999 -9999 -9999 -9999 -9999 -9999 -9999 -9999 -9999 -9999 -9999 -9999 -9999 -9999 37.1749906539917 -9999 3.2976937714745 3.25698902800276 -9999 -9999 2.67292267084122 2.17847142219543 2.18332672119141 2.55024359984831 2.43357074260712 2.315146073699 2.24102890491486 2.51731373713567 1.86828080937266 2.19684956967831 -9999 -9999 -9999 2.34013130114629 2.49667841654557 1.8900887131691 1.8383514046669 1.85847845077515 1.73138095573945 1.826342018751
-9999 -9999 -9999 -9999 -9999 -9999 -9999 -9999 -9999 -9999 -9999 -9999 -9999 1.5061013915322 1.77555625929552 1.52549356967211 1.09245485812426 1.91235721111298 1.12509450316429 -9999 -9999 -9999 -9999 -9999 -9999 -9999 -9999 -9999 2.3729927574887 2.42370979785919 2.87629448450529 2.84888159311735 -9999 3.66949796676636 -9999 -9999 -9999 -9999 2.13857146409842 1.74916569086222 2.50875148448077 2.45288965702057 2.1177774310112 1.92791254520416 2.20271899483421 2.20582421259447 2.16591653498736 2.0883516181599 2.03382156111977 2.1233514547348 2.02347413393167 2.30256266891956 1.67996469140053 2.05314130132849 1.76080845594406 2.08182362534783 1.95891908623955 1.37933754920959 1.58144623583013 1.13051974773407 1.00018697977066 1.26715139700816
-9999 -9999 -9999 -9999 -9999 -9999 -9999 -9999 -9999 -9999 13.2725549697876 4.82042148113251 1.65590979158878 1.53144637495279 1.48197280615568 1.28401071578264 1.24504179507494 1.24749617278576 1.33334362506866 1.68125324696302 2.89651601129319 -9999 1.85064937546849 2.17315664291382 1.79524562464041 -9999 -9999 1.88852305412292 2.14465193565075 1.87863302230835 2.5484527349472 2.02540983603551 2.12620254663321 2.03986149567824 -9999 -9999 3.20774706285827 2.42809796333313 2.08444774150848 1.68318474292755 2.24316687583923 2.20587834119797 1.89910547733307 1.87939410209656 1.72713575363159 1.9096320271492 1.86726254224777 1.99083877151663 1.90735098448667 1.76431541259472 1.54409849643707 1.40362697839737 1.62809833288193 1.78014782342044 1.52209907770157 1.48736450347033 1.52139749310233 1.48002646727995 1.01737620884722 0.880921989679337 0.867637991905212 0.967675507068634
-9999 -9999 -9999 -9999 -9999 -9999 -9999 -9999 -9999 3.33794575929642 3.60958850383759 2.35445426702499 1.65156090259552 1.64752095937729 1.583715736866 1.57164450734854 1.41572416573763 1.37099754810333 1.46854577319963 1.36400615317481 1.5990347340703 1.73040652275085 1.17650757730007 2.13240246589367 1.49964773654938 1.60571801662445 2.34103327989578 1.68371397256851 1.68289852142334 2.45014163622489 2.48760534249819 1.76214575767517 1.78981429338455 1.86999019751182 2.22554262784811 2.73087506402623 2.76730720996857 2.70237815380096 2.38829755783081 2.30303739309311 2.16481719017029 2.03990024328232 1.72074166933695 1.85118759870529 1.96548795700073 1.84809249639511 1.84552752971649 1.6882129907608 1.57889449596405 1.16476851701736 0.980910509824753 0.946923762559891 0.949942499399185 0.932075500488281 0.878059238195419 0.817369997501373 0.80927973985672 0.837853503227234 0.795389264822006 0.76163774728775 0.937431991100311 0.920701737587269
-9999 -9999 -9999 -9999 -9999 -9999 -9999 -9999 -9999 2.31245923042297 1.71109342575073 1.47007822990417 1.36001100540161 1.28067778944969 1.21177033782005 1.21610552072525 1.31051867455244 0.971791494637728 0.987367361783981 0.995647877454758 1.59812848908561 1.64401255335127 1.27183175086975 1.30188399553299 1.32396852970123 1.3452320098877 1.47614747285843 1.27761697769165 1.76220613718033 1.74992282049997 1.78422740527562 1.62606573104858 1.65634423494339 1.72596222162247 1.9419332742691 2.28772430419922 2.30638253688812 2.38225629329681 2.39674887657165 2.33554612398148 2.2369355238401 2.18940902214784 1.63437859036706 1.6418932297013 1.78206205368042 1.74705731868744 1.18749850988388 1.08721298437852 1.00150740375886 0.904789154346173 0.859348744153976 0.83423975110054 0.836600750684738 0.833183687925339 0.80167111158371 0.808319985866547 0.815695524215698 0.848630249500275 0.805890262126923 0.811061725020409 0.909035242520846 0.934255985113291
-9999 -9999 -9999 -9999 -9999 -9999 -9999 -9999 1.69348763145249 1.6360102891922 1.36642372608185 1.30012673139572 1.30972630977631 1.15797725319862 1.14185476303101 1.13995072245598 0.940612256526947 0.962117506907537 1.00385203269812 0.989705529350501 1.57104844706399 1.62117985316685 1.1908432841301 1.21744221448898 1.34661626815796 1.40952974557877 1.77588945627213 1.36995977163315 1.42445880174637 2.0135659300364 2.15369008596127 1.30297553539276 2.24856017644589 2.24404725661645 1.92661094665527 1.82688918113709 1.91972243785858 2.00716738700867 2.12934225797653 1.9971864938736 1.61283034086227 1.41735053913934 1.14480739831924 1.1741509437561 1.1725363777234 1.25328749418259 1.11203737900807 1.07989197740188 0.942676567114317 0.886765844546831 0.878277732775762 0.740184152126312 0.740379595756531 0.759158563613892 0.802243563261899 0.825070690024983 0.810883066483906 0.850160683904375 0.939466836360785 0.946808750812824 0.98268449306488 1.01856446266174
2.03200778365135 1.86647433042526 1.18937370479107 1.28161436319351 -9999 -9999 -9999 2.23904160037637 1.82615060806274 1.68949753046036 1.34148550033569 1.19422676282771 1.27712452411652 1.20514621138573 1.25048022866249 1.25815667510033 0.965855777263641 0.945741224747438 0.920001846093398 0.933139450274981 0.928185853820581 0.93643856048584 0.941590090210621 0.938494545909075 1.03414439925781 0.884148240089417 0.873411267995834 0.930171489715576 1.09334624239377 0.92001274228096 0.963327765464783 1.02193677425385 0.965080738067627 0.952475249767303 0.999349236488342 1.02724623680115 1.54995403289795 1.50410338640213 1.04245954751968 1.50646422001032 1.04182736788477 1.00823742577008 0.855340003967285 0.945486353976386 0.927862981191048 1.08904248476028 0.958545003946011 0.960697132807512 0.807088226079941 0.862179107390917 0.857434403437835 0.727832275629044 0.725794494152069 0.738709652423859 0.724107563495636 0.837533096854503 0.861508830235555 1.09870730766228 1.14685743621417 0.813755393028259 1.08958361699031 1.10127788569246
1.29795634001493 0.956914365291595 1.17069474550394 1.04878710061312 0.910942300007894 1.13321775197983 1.27028355002403 1.33151548504829 1.32252087593079 1.36214936971664 1.26501195430756 1.2213728112333 1.3329612493515 1.34622089266777 1.27673206329346 1.23777719736099 1.24869300127029 0.795415878295898 0.759878872948534 0.750968266278505 0.773365896195173 0.877376644657208 0.888979963385142 0.863163512486678 0.819368534363233 0.818919456922091 0.799106611655309 0.805046721146657 0.85673969410933 0.868987024976657 0.860547629686502 0.836681008338928 0.837188512086868 0.824499726295471 0.806027501821518 0.820247501134872 0.840541243553162 0.827301770448685 0.79169374704361 0.69964200258255 0.687689483165741 0.830887070723942 0.846252117838178 0.674638241529465 0.661172747612 0.723539393395185 0.742203038185835 0.709917515516281 0.724860996007919 0.720120996236801 0.856055600138811 0.869248557549257 0.991314733028412 0.818900581110608 0.827693301168355 0.835703917525031 0.837786520902927 0.923298404766963 0.93049971644695 1.12623215573175 1.0727708957025 0.929565840042554
0.687475992874666 0.718427067453211 0.72746556726369 0.984332779279122 1.04248676391748 0.724075539545579 1.11239988299517 1.47376258032663 1.08064272999763 1.31507397549493 1.29548146043505 1.22403663396835 1.12722876667976 1.13557448983192 1.02537088958841 1.03730896429012 0.907394707202911 0.735548425465822 0.72861560806632 0.70626225695014 0.792585398344433 0.857772292999121 0.834147818959676 0.832096682145045 0.766465850747549 0.775031203260789 0.74592299759388 0.914721143245697 1.16238453984261 0.905923783779144 0.91213470697403 0.853855384083895 0.844330502244142 0.850416964063277 0.838900380409681 0.807307885243342 0.81538620361915 0.810701643045132 0.809858153645809 0.754456996917725 1.15875545602578 0.854255612407412 0.769228660143339 0.77054228920203 0.534311052073132 0.695502746850252 0.808895993691224 0.624857726422223 0.591315410353921 0.845040066884114 0.91009769989894 0.868650449010042 0.86226280262837 0.813475565476851 0.862300433895805 0.897302875152001 0.967712065348258 1.04724036730253 1.06738551763388 1.00479999413857 0.894661628282987 0.909833701757284
0.675525410608812 0.688323237679221 0.693231639536944 0.68746371160854 0.707076942378824 0.743300392077519 0.739145120749107 0.689785586162047 0.710228789936412 1.01752877235413 1.23010502968516 0.904942568610696 0.742887847698652 0.929948907006871 0.793921548128128 0.776710885763168 0.910112016341265 0.734006814658642 0.698035877197981 0.708534579724073 0.784066860290135 0.727698892354965 0.731366842985153 0.776268764184072 0.788938401983335 0.803595807689887 0.79244870864428 0.814960904992544 1.14862629558359 0.891336742043495 0.817223465213409 0.837344706058502 0.85154065489769 0.847761165350676 0.859157044440508 0.822400665053955 0.826494634151459 0.818831652402878 0.816438296666512 0.813544956537393 0.809909084668526 0.807643106350532 0.781817542818876 0.729390755295753 0.751326875044749 0.974258261919022 0.571489293466915 0.62044185129079 0.856617963084808 0.841332965172254 0.834478384027114 0.824110157214678 0.846092469417132 0.869197856921416 0.889434346785912 0.905554213202917 0.958848643761415 0.998329783861454 0.985271593699088 1.02893601014064 1.0359168786269 1.14158986164973
0.696865948346945 0.658255711197853 0.663287527181885 0.656818770549514 0.644464024088599 0.651748212901029 0.714370608329773 0.679461747407913 0.687297281164389 0.730344462853212 0.701495059407674 1.00264536875945 0.761753404140472 0.722629380226135 0.901294177770615 0.773727625608444 0.750392988324165 0.631489232182503 0.665709988159292 0.711295589804649 0.670342672616243 0.661127429455519 0.766678023796815 0.751817127832999 0.758635602318323 0.783375527996283 0.763521847816614 0.766037079004141 0.755156192641992 0.776109829545021 0.7892393802221 0.793500640071355 0.835918296128511 0.802573425265459 0.829428049234244 0.86581153021409 0.903213841410784 0.927789639968138 0.932198968071204 0.925635592295573 0.940205726485986 0.891515084184133 0.829464004589961 0.812546528302706 1.06247445482474 0.848675938752981 0.649600494991649 0.930235993403655 0.878129313771541 0.79913278726431 0.79034226330427 0.766499491838308 0.77351975440979 0.824181013486602 0.822771821509708 0.94113919368157 1.13937023052802 1.11461717578081 1.27426337049558 1.38946253519792 1.54397792369127 1.6452782199933
0.628518235224944 0.603203027294232 0.599709525704384 0.573404301296581 0.602319232546366 0.601378843188286 0.614190858144027 0.588355040320983 0.641150487157015 0.607618004083633 0.636703312397003 0.629566013813019 0.619797483086586 0.695150208014708 0.79297531247139 0.68681745827198 0.701096422970295 0.676012493669987 0.681447744369507 0.658817041665316 0.56527356505394 0.602836690843105 0.649458009749651 0.738122408206646 0.747691666850677 0.793824633726707 0.808035919299493 0.804941413494257 0.83518855044475 0.869278797736535 0.829442894229522 0.816056996583939 0.784834498396287 0.812525686163169 0.857913886125271 0.92841695363705 0.963177887293009 0.953218384430959 0.935760236703432 1.03638732433319 1.15680370881007 1.30980365780684 1.04351149155543 0.993642465426372 0.958575402314846 0.959332191027128 0.908612426656943 0.904099403665616 0.842508346988605 0.767397113717519 0.763578342703673 0.741219169818438 0.680733740329742 0.988462840968912 0.83926104686477 1.18564132085213 1.61898106565842 1.66943580370683 1.84214248565527 1.78820185936414 1.89302257980619 2.07827097177505
0.578837586136965 0.500993931835348 0.553575640687576 0.532374535615628 0.532610717874307 0.491108137827653 0.503146600264769 0.524639519361349 0.553783506155014 0.609182491898537 0.666034024495345 0.588069498538971 0.56300351023674 0.960978269577026 0.81921658378381 0.677127407147334 0.679135308815883 0.670226544141769 0.589996026112483 0.596553381532431 0.647954452782869 0.681405186653137 0.704806491732597 0.734505894780159 0.854392510194045 0.94090628853211 0.923030321414654 0.949019386218144 0.971883326768875 0.965295539452479 0.93991895363881 0.90504562167021 0.985077553070509 1.07799547681442 1.20203506488066 1.22733373596118 1.07833846945029 1.0682308948957 1.08236848849517 1.04422615583126 1.02218978680097 1.10087106090326 1.10028836818842 1.04846667326414 1.00822201141944 1.01336183914771 0.902434666569416 0.861026703165128 1.00683626532555 1.04748930931091 1.00852078838008 1.0235074873154 0.979493720964952 1.39330427755009 1.53795537081632 1.68962729435701 2.38080786222959 -9999 -9999 -9999 -9999 -9999
0.517431150783192 0.506477318026803 0.51764619235809 0.506907404615329 0.493847020543539 0.502745825797319 0.49406062066555 0.481691833872062 0.488688111305237 0.462536721275403 0.488814285168281 0.556964050639759 0.522573009133339 0.562251001596451 0.589061589195178 0.57722135919791 0.550177900837018 0.520023256540298 0.548321072012186 0.749568855762482 0.790879502892494 0.792793683707714 0.781060689261981 0.785592745989561 0.767745740711689 1.48954229056835 1.4267817735672 1.42595905065536 1.52310673253877 1.08954477997927 1.05098178753486 1.1838850241441 1.17305472493172 1.42783883213997 1.46506889049823 1.38038068413734 1.13980412941713 1.08200593636586 1.04141056537628 0.989903163451415 0.979750046363244 0.995361390022131 1.09259751209846 1.11312520045501 1.08265455640279 1.01285020433939 0.842433754068155 0.808228044555737 0.997632300853729 1.27235160470009 1.39917665719986 1.33111522518671 1.61581282724034 12.9837708622217 1.69436718938781 -9999 -9999 -9999 -9999 -9999 -9999 -9999
0.493229493498802 0.490274798870087 0.497108033070197 0.492538965665377 0.483362024793258 0.490836230608133 0.485123950701493 0.493263244628906 0.401066251776435 0.467683255672455 0.551795454187827 0.558029728856954 0.518331736326218 0.440276837348938 0.45517969429493 0.526012549033532 0.547523545531126 0.59919248521328 0.743291239653315 0.776033950539736 0.762932628393173 0.864217892289162 0.791995860636234 0.738540563732386 0.786793883889914 1.33562777848805 1.07203573414258 1.05886739066669 1.47321954883378 -9999 -9999 -9999 -9999 -9999 -9999 3.14426672458649 1.22079074841279 1.13578430964397 1.02007390214847 0.97391388966487 0.980446595412034 0.985253175863853 0.981062630048165 0.985770071928318 1.11956567947681 0.986467673228337 0.957258939743042 0.921005074794476 0.904849617527081 1.89334163298974 1.96834209790597 1.98561336100101 1.84939720080449 1.9762424826622 1.97624230384827 -9999 -9999 -9999 -9999 -9999 -9999 -9999
0.453232195973396 0.454006543755531 0.571811825037003 0.496806518389628 0.497793182730675 0.503439126106409 0.46649531275034 0.468385487794876 0.45211099088192 0.460269242525101 0.419797157699412 0.389050837267529 0.460628796368837 0.460266385227442 0.493353277444839 0.487412989139557 0.530405202737221 0.564292272696128 0.7347152531147 0.859420156249633 0.824783068436843 0.726188242435455 0.709646802395582 0.770136002451181 0.790417872369289 0.965977147221565 1.01435602988516 1.00840243271419 1.65625575184822 -9999 -9999 -9999 -9999 -9999 -9999 -9999 2.66303685995249 2.63710718888503 1.52430374347247 1.10309597391349 1.0828233567568 0.964697853876994 0.940185695886612 0.854268929133049 1.17132274691875 0.986922740936279 1.13107054737898 1.01690107584 1.03695984528615 1.98591341972351 2.34336520616825 2.45903685918221 -9999 -9999 -9999 -9999 -9999 -9999 -9999 -9999 -9999 -9999
0.491996309586934 0.469972389936447 0.513231115681784 0.514072544299639 0.487999846155827 0.494982519975075 0.446404443545775 0.497272238135338 0.48760125041008 0.50016824901104 0.493636757135391 0.507417991757393 0.518914744257927 0.488545149564743 0.490845927825341 0.48921177478937 0.509408585154093 0.513934841752052 0.819953520710652 1.16044162244213 0.892525680832096 0.766076146410062 1.03429973125458 0.761322934180498 0.888963416218758 1.07055506535939 0.976535362856729 1.10812092056641 1.81857186555862 -9999 -9999 -9999 -9999 -9999 -9999 -9999 5.06237147404597 2.1125413030386 3.27045594155788 3.22108393907547 3.19255663454533 1.27098425305807 1.46964803338051 1.84843859821558 1.43719574064016 1.19952790439129 1.26761858967634 1.08545677707745 1.82152876853943 2.17013869285583 2.34747362136841 2.90354834153102 3.51971626281738 -9999 -9999 -9999 -9999 -9999 -9999 -9999 -9999 -9999
0.55490791453765 0.512861232672419 0.496957297836031 0.517519901578243 0.499461520176667 0.441918209195137 0.503708426768963 0.501766717204681 0.49262684239791 0.510258004069328 0.511487752199173 0.514904990792274 0.552099734544754 0.530622650797551 0.5189821181389 0.517843675154906 0.496024736991295 0.497118003666401 0.544056382030249 0.581494664916625 0.746551707386971 0.722159894613119 0.834574890988214 1.25856047868729 1.34856972098351 0.978513134377343 0.963687121868134 1.0320192192282 1.07478225231171 2.14050793647766 -9999 -9999 -9999 -9999 -9999 -9999 -9999 6.07324889302254 4.75663976371288 1.82763274704538 1.77370918255586 1.69062387943268 2.1279224890929 3.86403677293233 2.52872528135777 2.07639357447624 3.34096348285675 2.22180808782578 2.19862893819809 2.51194843053818 2.94929290734805 3.07325696028196 4.32037715513223 -9999 -9999 -9999 -9999 -9999 -9999 -9999 -9999 -9999
0.475612753629684 0.492621947612081 0.538415554624337 0.507232343921295 0.505637127619523 0.500922247767448 0.499285250902176 0.517420560121536 0.524919112141316 0.457213744521141 0.533407732844353 0.535542979836464 0.499330943822861 0.524677720207434 0.49144777229854 0.51754499742618 0.495494419336319 0.523443561047316 0.540710259228945 0.554743396384375 0.539285251072475 0.550841580544199 0.603189857942717 1.53659272193909 0.945131804261889 0.976693408829825 1.12551091267512 1.13431339309766 1.3652527736766 1.16726696491241 -9999 -9999 -9999 -9999 -9999 -9999 -9999 -9999 -9999 -9999 -9999 -9999 -9999 -9999 -9999 -9999 3.65490746498108 6.80531251430511 11.8375751785934 3.37712449776499 -9999 -9999 -9999 -9999 -9999 -9999 -9999 -9999 -9999 -9999 -9999 -9999
0.575301878154278 0.487087351083755 0.484252741932869 0.538806690411134 0.53960939429023 0.546428601850163 0.540554316206412 0.539317216385495 0.542858597907153 0.552221856333993 0.490070295333862 0.577247247099876 0.505756860971451 0.553673156670162 0.517616265586444 0.501290891851698 0.494433760643005 0.569390245459297 0.574249071153727 0.545290910384872 0.490067347884178 0.579920551606587 0.709430145365851 0.916180235147476 -9999 -9999 -9999 1.07174649834633 1.09488901495934 1.03523701429367 1.16822774495397 -9999 -9999 -9999 -9999 -9999 -9999 -9999 -9999 -9999 -9999 -9999 -9999 -9999 -9999 -9999 -9999 -9999 -9999 -9999 -9999 -9999 -9999 -9999 -9999 -9999 -9999 -9999 -9999 -9999 -9999 -9999
0.517579397186637 0.511994263529778 0.510063138604164 0.497073793411255 0.537288257479668 0.616767202432339 0.451504969596863 0.588579174131155 0.575072517449206 0.573461582714861 0.509475454688072 0.529179584980011 0.680235621604052 0.611509493806145 0.774923617020249 0.53560330380093 0.521791431036862 0.587777775796977 0.602933451533318 0.573136169802059 0.365706238895655 0.431907743215561 0.533733502030373 0.89404587660517 1.17788145633844 0.960459530353546 0.94314141358648 1.38011792843992 1.18365848064423 1.35920333862305 1.56011186654751 2.1147706888873 -9999 -9999 -9999 -9999 -9999 -9999 -9999 -9999 -9999 -9999 -9999 -9999 -9999 -9999 -9999 -9999 -9999 -9999 -9999 -9999 -9999 -9999 -9999 -9999 -9999 -9999 -9999 -9999 -9999 -9999
0.52871358665553 0.533499643206596 0.516483646631241 0.519285604357719 0.553854101896286 0.619584549218416 0.635464869439602 0.666581064462662 0.627323513681238 0.579144242405891 0.589571598172188 0.742754252119498 0.709667432037267 0.836302757263184 0.796719398349524 0.57484090870077 0.618177477609028 0.613854744217613 0.617562804709781 0.564882817593488 0.559448670257222 1.31236244331707 1.30910414954027 1.44779824668711 0.916707004819598 0.945744893380574 0.935736754110881 1.01316370643102 0.74201075732708 1.35790817439556 1.67662918567657 2.02340327203274 -9999 -9999 -9999 -9999 -9999 -9999 -9999 -9999 -9999 -9999 -9999 -9999 -9999 -9999 -9999 -9999 -9999 -9999 -9999 -9999 -9999 -9999 -9999 -9999 -9999 -9999 -9999 -9999 -9999 -9999
0.524573385715485 0.531901148232547 0.535165539383888 0.642464831471443 0.610765669494867 0.63977370262146 0.632329988479614 0.841705624352802 0.809167921543121 1.1710587926209 1.17524125054479 1.18789677321911 1.08689743280411 1.17106032371521 1.13821237161756 0.690908793698658 0.668338297442956 0.764243826270103 0.699818738482215 0.930966345593333 0.545753255486488 1.26627615094185 1.33275167644024 0.942762372168628 1.10273862310818 0.812506228685379 0.684179231524467 1.25089915593465 1.35678867995739 1.04241995377974 1.46708218114717 -9999 -9999 -9999 -9999 -9999 -9999 -9999 -9999 -9999 -9999 -9999 -9999 -9999 -9999 -9999 -9999 -9999 -9999 -9999 -9999 -9999 -9999 -9999 -9999 -9999 -9999 -9999 -9999 -9999 -9999 -9999
