EcologicalScience/Bass/data/rs_data_bass/chl_11.asc
NCOLS 226 
NROWS 124 
XLLCORNER -9.41648524995501 
YLLCORNER 47.587301625531 
CELLSIZE 0.0833 
NODATA_value -9999 
[rows 0 to 27 of 124, columns 62 to 123 of 226]
-9999 -9999 -9999 -9999 -9999 -9999 -9999 -9999 -9999 -9999 -9999 -9999 -9999 -9999 -9999 -9999 -9999 -9999 -9999 -9999 -9999 -9999 -9999 -9999 -9999 -9999 -9999 -9999 -9999 -9999 -9999 -9999 -9999 -9999 -9999 -9999 -9999 -9999 -9999 -9999 -9999 -9999 -9999 -9999 -9999 -9999 -9999 -9999 -9999 -9999 -9999 -9999 -9999 -9999 -9999 -9999 -9999 -9999 -9999 -9999 -9999 -9999
-9999 -9999 -9999 -9999 -9999 -9999 -9999 -9999 -9999 -9999 -9999 -9999 -9999 -9999 -9999 -9999 -9999 -9999 -9999 -9999 -9999 -9999 -9999 -9999 -9999 -9999 -9999 -9999 -9999 -9999 -9999 -9999 -9999 -9999 -9999 -9999 -9999 -9999 -9999 -9999 -9999 -9999 -9999 -9999 -9999 -9999 -9999 -9999 -9999 -9999 -9999 -9999 -9999 -9999 -9999 -9999 -9999 -9999 -9999 -9999 -9999 -9999
-9999 -9999 -9999 -9999 -9999 -9999 -9999 -9999 -9999 -9999 -9999 -9999 -9999 -9999 -9999 -9999 -9999 -9999 -9999 -9999 -9999 -9999 -9999 -9999 -9999 -9999 -9999 -9999 -9999 -9999 -9999 -9999 -9999 -9999 -9999 -9999 -9999 -9999 -9999 -9999 -9999 -9999 -9999 -9999 -9999 -9999 -9999 -9999 -9999 -9999 -9999 -9999 -9999 -9999 -9999 -9999 -9999 -9999 -9999 -9999 -9999 -9999
-9999 -9999 -9999 -9999 -9999 -9999 -9999 -9999 -9999 -9999 -9999 -9999 -9999 -9999 -9999 -9999 -9999 -9999 -9999 -9999 -9999 -9999 -9999 -9999 -9999 -9999 -9999 -9999 -9999 -9999 -9999 -9999 -9999 -9999 -9999 -9999 -9999 -9999 -9999 -9999 -9999 -9999 -9999 -9999 -9999 -9999 -9999 -9999 -9999 -9999 -9999 -9999 -9999 -9999 -9999 -9999 -9999 -9999 -9999 -9999 -9999 -9999
-9999 -9999 -9999 -9999 -9999 -9999 -9999 -9999 -9999 -9999 -9999 -9999 -9999 -9999 -9999 -9999 -9999 -9999 -9999 -9999 -9999 -9999 -9999 -9999 -9999 -9999 -9999 -9999 -9999 -9999 -9999 -9999 -9999 -9999 -9999 -9999 -9999 -9999 -9999 -9999 -9999 -9999 -9999 -9999 -9999 -9999 -9999 -9999 -9999 -9999 -9999 -9999 -9999 -9999 -9999 -9999 -9999 -9999 -9999 -9999 -9999 -9999
-9999 -9999 -9999 -9999 -9999 -9999 -9999 -9999 -9999 -9999 -9999 -9999 -9999 -9999 -9999 -9999 -9999 -9999 -9999 -9999 -9999 -9999 -9999 -9999 -9999 -9999 -9999 -9999 0.63735419511795 -9999 1.22262051701546 0.857105255126953 0.825349509716034 0.841334246098995 0.599123239517212 0.876338638365269 0.565367236733437 0.584076762199402 0.608114987611771 0.594308272004128 0.606728240847588 0.606226488947868 0.607133254408836 0.622370257973671 0.565985977649689 0.523015514016151 0.506999239325523 0.571526259183884 0.619224742054939 0.620731517672539 0.579021736979485 0.530240267515182 0.535764008760452 0.517737731337547 0.51315526664257 0.518357992172241 0.488722488284111 0.48504826426506 0.463254019618034 0.446370765566826 0.568416014313698 0.362016744911671
-9999 -9999 -9999 -9999 -9999 -9999 -9999 -9999 -9999 -9999 -9999 -9999 -9999 -9999 -9999 -9999 -9999 -9999 -9999 -9999 -9999 -9999 -9999 -9999 -9999 -9999 1.18186515569687 1.0627324283123 2.29559065103531 2.15563325285912 1.30976736545563 1.00222054123878 0.849859535694122 0.863067381083965 0.466775983572006 0.552443236112595 0.638892754912376 0.634151235222816 0.658114492893219 0.585441738367081 0.742385610938072 0.546181485056877 0.509388014674187 0.566116511821747 0.583881765604019 0.649178266525269 0.55205100774765 0.556926771998405 0.636066019535065 0.534164249897003 0.518059507012367 0.52768948674202 0.523119762539864 0.526780486106873 0.503255993127823 0.51384374499321 0.521267250180244 0.458184018731117 0.481196254491806 0.423004478216171 0.378066748380661 0.368478745222092
-9999 -9999 -9999 -9999 -9999 -9999 -9999 -9999 -9999 -9999 -9999 -9999 -9999 -9999 -9999 -9999 -9999 -9999 -9999 -9999 -9999 -9999 -9999 -9999 -9999 -9999 1.18186515569687 2.12510118484497 1.61355940997601 1.50246638059616 1.218650624156 0.839960217475891 0.798621743917465 0.81912562251091 0.95661523193121 0.542817771434784 0.610638007521629 0.620342999696732 0.61083447933197 0.59350423514843 0.590214014053345 0.547098755836487 0.545316740870476 0.533792987465858 0.549497991800308 0.551985740661621 0.557013005018234 0.559984490275383 0.550144493579865 0.530917480587959 0.543248981237411 0.538192480802536 0.552612751722336 0.551355734467506 0.503592744469643 0.510508507490158 0.513815984129906 0.446409747004509 0.413336232304573 0.374133758246899 0.366943493485451 0.358028255403042
-9999 -9999 -9999 -9999 -9999 -9999 -9999 -9999 -9999 -9999 -9999 -9999 -9999 -9999 -9999 -9999 -9999 -9999 -9999 -9999 -9999 -9999 -9999 -9999 -9999 -9999 2.16265994310379 1.36798721551895 1.09124699234962 0.890286773443222 0.865799993276596 0.802690476179123 0.748538240790367 0.714785993099213 0.670404016971588 0.669107258319855 0.694869361817837 0.590880766510963 0.598973259329796 0.559161767363548 0.527707502245903 0.506467491388321 0.516125991940498 0.524460732936859 0.541589230298996 0.523237511515617 0.51732225716114 0.501830980181694 0.510962247848511 0.532076239585876 0.510210022330284 0.55442476272583 0.542682766914368 0.520508229732513 0.483331516385078 0.468303769826889 0.464324980974197 0.454895228147507 0.438413992524147 0.412208989262581 0.376782014966011 0.356646738946438
-9999 -9999 -9999 -9999 -9999 -9999 -9999 -9999 -9999 -9999 -9999 -9999 -9999 -9999 -9999 -9999 -9999 -9999 -9999 -9999 -9999 -9999 -9999 -9999 -9999 1.19121462106705 1.20012599229813 1.14301872253418 0.982628256082535 0.827561974525452 0.832697242498398 0.743711270391941 0.751010209321976 0.648584246635437 0.709414131939411 0.809246622025967 0.607656732201576 0.653927251696587 0.587209492921829 0.580758735537529 0.575743496417999 0.591370493173599 0.565083011984825 0.549840018153191 0.536954998970032 0.518927246332169 0.48760874569416 0.478106260299683 0.52955849468708 0.565616995096207 0.50228476524353 0.49033422768116 0.488742738962173 0.489120751619339 0.492303729057312 0.465835511684418 0.482266500592232 0.479439005255699 0.461141243577003 0.416394755244255 0.410142749547958 0.349594496190548
-9999 -9999 -9999 -9999 -9999 -9999 -9999 -9999 -9999 -9999 -9999 -9999 -9999 -9999 -9999 -9999 -9999 -9999 -9999 -9999 -9999 -9999 -9999 -9999 -9999 1.5704777687788 1.15734153985977 1.11844271421432 1.10606847703457 1.08786490559578 1.0583104044199 0.678852751851082 0.639746993780136 0.635972991585732 0.663837745785713 0.730737000703812 0.663848251104355 0.603905260562897 0.618678733706474 0.615760490298271 0.615718513727188 0.594486728310585 0.567348003387451 0.56487075984478 0.555485978722572 0.530421763658524 0.518151730298996 0.502282485365868 0.511649250984192 0.532878756523132 0.487114503979683 0.436398759484291 0.413063228130341 0.454635009169579 0.474564000964165 0.534752234816551 0.609010487794876 0.499785751104355 0.463578745722771 0.426497250795364 0.387583494186401 0.401388019323349
-9999 -9999 -9999 -9999 -9999 -9999 -9999 -9999 -9999 -9999 -9999 -9999 -9999 -9999 -9999 -9999 -9999 -9999 -9999 -9999 -9999 -9999 -9999 -9999 1.31647038459778 0.962066978216171 1.03196400403976 1.22310000658035 0.886899769306183 0.844100207090378 0.762103468179703 0.731435984373093 0.696806252002716 0.635450229048729 0.628040984272957 0.719424739480019 0.744746267795563 0.724122762680054 0.702274516224861 0.695528984069824 0.664934992790222 0.642409488558769 0.603238508105278 0.565328255295753 0.549832507967949 0.536553740501404 0.515606984496117 0.499709978699684 0.494447261095047 0.489374980330467 0.495382502675056 0.474541515111923 0.431035503745079 0.417145505547523 0.448532268404961 0.469484254717827 0.45864075422287 0.448851764202118 0.414137229323387 0.383943021297455 0.382519483566284 0.382673263549805
-9999 -9999 -9999 -9999 -9999 -9999 -9999 -9999 -9999 -9999 -9999 -9999 -9999 -9999 -9999 -9999 -9999 -9999 -9999 -9999 -9999 -9999 -9999 1.50594073534012 1.73904389888048 1.20469200611115 1.09487396478653 0.941325724124908 0.872569531202316 0.770977467298508 0.773401468992233 0.733872011303902 0.861703857779503 0.854453265666962 0.876029223203659 0.73360575735569 0.767477989196777 0.749808758497238 0.743832752108574 0.727887734770775 0.692212522029877 0.677338510751724 0.632692515850067 0.58289922773838 0.560943737626076 0.533733755350113 0.515990987420082 0.497827515006065 0.484896004199982 0.468623980879784 0.458311513066292 0.438540011644363 0.415803015232086 0.420438006520271 0.444027006626129 0.483933001756668 0.485523730516434 0.411149248480797 0.386458486318588 0.393807739019394 0.379721269011497 0.39546149969101
-9999 -9999 -9999 -9999 -9999 -9999 -9999 -9999 -9999 -9999 -9999 -9999 -9999 -9999 -9999 -9999 -9999 -9999 -9999 -9999 -9999 -9999 2.26691341400146 2.89688631892204 2.28714144229889 0.983261257410049 0.810611218214035 0.912732750177383 0.915467262268066 0.888213381171227 0.769538283348083 0.793370246887207 0.84866926074028 0.840887278318405 0.726157486438751 0.780774772167206 0.778391987085342 0.755579262971878 0.753987014293671 0.751346290111542 0.735341995954514 0.713044479489326 0.681962236762047 0.609077230095863 0.557089492678642 0.529760241508484 0.50941801071167 0.488341480493546 0.482223764061928 0.468768015503883 0.451077729463577 0.439436987042427 0.398607730865479 0.384639769792557 0.391000494360924 0.39334425330162 0.430941000580788 0.424116745591164 0.435301512479782 0.412588521838188 0.417440995573997 0.413780987262726
-9999 -9999 -9999 -9999 -9999 -9999 -9999 -9999 -9999 -9999 -9999 -9999 -9999 -9999 -9999 -9999 -9999 -9999 -9999 -9999 2.64602583646774 -9999 2.62451550364494 2.41102485358715 2.33078196644783 1.38347285985947 0.811939537525177 0.789375722408295 0.835799217224121 0.840243726968765 0.780224293470383 0.819877535104752 0.835478246212006 0.784655213356018 0.839875459671021 0.80527201294899 0.79507577419281 0.789234012365341 0.740701496601105 0.693379506468773 0.679723486304283 0.697934255003929 0.671346768736839 0.612741753458977 0.588258728384972 0.565805241465569 0.50867548584938 0.472974747419357 0.472465485334396 0.45353852212429 0.444519013166428 0.426577493548393 0.394043236970901 0.371358744800091 0.369827248156071 0.394751250743866 0.424815729260445 0.423899263143539 0.486522004008293 0.477958515286446 0.464307770133018 0.437618985772133
-9999 -9999 -9999 -9999 -9999 -9999 -9999 -9999 -9999 -9999 -9999 -9999 -9999 -9999 -9999 -9999 -9999 -9999 -9999 -9999 -9999 2.18801118135452 3.05367565155029 2.13734349608421 1.01690474152565 1.73633766174316 0.959603279829025 0.880479723215103 0.765536248683929 0.791548490524292 0.744477018713951 0.739130258560181 0.76436921954155 0.794249206781387 0.831441789865494 0.835460275411606 0.790925234556198 0.758453249931335 0.789762765169144 0.715031996369362 0.647279977798462 0.639125257730484 0.618800237774849 0.605774268507957 0.561825022101402 0.55094401538372 0.514173746109009 0.487796992063522 0.453620240092278 0.444832518696785 0.427745997905731 0.405870750546455 0.39732751250267 0.384203240275383 0.380067765712738 0.398578494787216 0.444756746292114 0.712521962821484 0.455187767744064 0.447500243782997 0.464438259601593 0.478457987308502
-9999 -9999 -9999 -9999 -9999 -9999 -9999 -9999 -9999 -9999 -9999 -9999 -9999 -9999 -9999 -9999 -9999 -9999 -9999 2.59066636562347 2.86573630571365 3.34703326225281 1.22806352376938 1.0975042283535 0.926835000514984 0.74440048635006 0.810505539178848 0.694023013114929 0.689093247056007 0.716312259435654 0.709422737360001 0.701403737068176 0.755048274993896 0.768401205539703 0.858734965324402 0.777065992355347 0.827864974737167 0.794453233480453 0.741499498486519 0.705656245350838 0.686747252941132 0.646613985300064 0.589279487729073 0.564797267317772 0.545918270945549 0.53091824054718 0.499814987182617 0.478403985500336 0.448385238647461 0.412203758955002 0.41084548830986 0.390578985214233 0.364213496446609 0.381408020853996 0.390226498246193 0.388521730899811 0.457167729735374 0.438003748655319 0.455412000417709 0.603295885026455 0.654305264353752 0.480090737342834
-9999 -9999 -9999 -9999 -9999 -9999 -9999 -9999 -9999 -9999 -9999 -9999 -9999 -9999 -9999 -9999 -9999 -9999 2.95139393806457 3.75518357753754 3.79330438375473 4.80313789844513 0.58133701980114 0.991940259933472 0.739050731062889 1.15634575486183 1.2902790158987 0.63138373196125 0.679273501038551 0.772150486707687 0.817280977964401 0.838714510202408 0.821453958749771 0.820224791765213 0.790574222803116 0.750990718603134 0.790419012308121 0.749564230442047 0.738803252577782 0.727766990661621 0.668063253164291 0.630794987082481 0.575830489397049 0.54007650911808 0.53278049826622 0.521778747439384 0.499602735042572 0.463293001055717 0.418389022350311 0.435170978307724 0.388573497533798 0.34527750313282 0.42587698996067 0.429950997233391 0.444472521543503 0.472004234790802 0.496577247977257 0.474420011043549 0.471309766173363 0.454245015978813 0.53576847910881 0.524085000157356
-9999 -9999 -9999 -9999 -9999 -9999 -9999 -9999 -9999 -9999 -9999 -9999 -9999 -9999 -9999 -9999 -9999 -9999 12.2743859972273 2.57231594324112 1.59593099355698 1.27848824858665 1.1699954867363 1.19301903247833 1.18806079030037 1.24215263128281 0.933883488178253 0.901859968900681 0.820971786975861 0.732082486152649 0.784808993339539 0.851576238870621 0.832047790288925 0.801845222711563 0.719438999891281 0.709986001253128 0.702301517128944 0.755502730607986 0.750254273414612 0.69616873562336 0.691695749759674 0.661648482084274 0.585224255919456 0.539373010396957 0.521627247333527 0.517180502414703 0.484179764986038 0.456881269812584 0.448030516505241 0.463361978530884 0.456219747662544 0.457834482192993 0.46101151406765 0.493602007627487 0.491869479417801 0.488421007990837 0.518305510282516 0.473493754863739 0.483941271901131 0.469821006059647 0.51910574734211 0.532928243279457
-9999 -9999 -9999 -9999 -9999 -9999 -9999 -9999 -9999 -9999 -9999 -9999 -9999 -9999 -9999 -9999 -9999 -9999 -9999 2.37255692481995 1.97054332494736 1.64551270008087 1.37548121809959 1.09151020646095 1.14486452937126 1.09312722086906 1.04393926262856 0.936310529708862 0.874192535877228 0.825932264328003 0.845655709505081 0.735486745834351 0.738758996129036 0.671801269054413 0.706887021660805 0.659201994538307 0.654969736933708 0.626920491456985 0.599826738238335 0.610165491700172 0.642886519432068 0.60605026781559 0.567470982670784 0.531606003642082 0.527142003178596 0.519855737686157 0.503981977701187 0.480651006102562 0.47316674888134 0.468823492527008 0.452484011650085 0.436342477798462 0.825642004609108 0.615427874028683 0.494974493980408 0.511343255639076 0.570753000676632 0.60173924267292 0.625454239547253 0.458423987030983 0.457496255636215 0.463489517569542
-9999 -9999 -9999 -9999 -9999 -9999 -9999 -9999 -9999 -9999 -9999 -9999 -9999 -9999 -9999 3.82227786382039 -9999 2.75196967883544 1.68450897932053 1.92515999078751 1.87742775678635 1.5983070731163 1.31022897362709 1.21147352457047 1.16391822695732 1.0253190100193 0.964616239070892 0.951890230178833 0.937593787908554 0.959350526332855 0.932402998209 0.846008956432343 0.737702250480652 0.669894754886627 0.634907260537148 0.581808730959892 0.551599502563477 0.52632375061512 0.567955479025841 0.59444023668766 0.587912991642952 0.568917766213417 0.551943004131317 0.534213736653328 0.516436502337456 0.508680760860443 0.509775012731552 0.492606729269028 0.487390503287315 0.496386766433716 0.492595508694649 0.541759505867958 0.702736526727676 0.658273860812187 0.659004382789135 0.620108999311924 0.594220496714115 0.565442249178886 0.464402988553047 0.472989767789841 0.473599478602409 0.507584229111671
-9999 -9999 -9999 -9999 -9999 -9999 -9999 -9999 -9999 -9999 35.2986888885498 35.2986888885498 13.7248649597168 2.84216773509979 2.75262522697449 2.07727432250977 2.00393182039261 1.88587492704391 1.82372099161148 1.83078306913376 1.85077947378159 1.69083970785141 1.57155829668045 1.63140892982483 1.45758453011513 1.349055737257 1.19265228509903 1.076246291399 1.05533176660538 0.999600738286972 1.04598301649094 0.95939102768898 0.672756001353264 0.52276499569416 0.691003516316414 0.575727760791779 0.513146236538887 0.481810480356216 0.524463728070259 0.549474745988846 0.547340244054794 0.540767267346382 0.549708008766174 0.533807247877121 0.538737013936043 0.523142248392105 0.509973004460335 0.476296484470367 0.430827006697655 0.618421129882336 0.617941506206989 0.634272359311581 0.379738479852676 0.384694486856461 0.684046491980553 0.636165373027325 0.622618116438389 0.618413619697094 0.407829746603966 0.46933650970459 0.474245980381966 0.478500008583069
-9999 -9999 -9999 -9999 -9999 -9999 -9999 -9999 -9999 -9999 35.2986888885498 10.0607981474503 2.31635999679565 2.06212878227234 2.19875782728195 2.58263844251633 2.6999226808548 3.07543730735779 10.5202875137329 -9999 2.82887917757034 2.20582491159439 1.99064844846725 1.9374126791954 1.82104951143265 1.62658649682999 1.39704671502113 1.24256104230881 1.12536898255348 1.05791249871254 1.19138172268867 0.927472472190857 0.84611776471138 0.832085251808167 0.811370998620987 0.674482494592667 0.596423238515854 0.557554498314857 0.546363741159439 0.549152255058289 0.543420016765594 0.53777477145195 0.542912229895592 0.537291750311852 0.560150250792503 0.556604996323586 0.513554245233536 0.501939743757248 0.508052229881287 0.532922253012657 0.431303232908249 0.399851247668266 0.426586478948593 0.394422009587288 0.569328770041466 0.661484621465206 0.653731115162373 0.645936392247677 0.668714247643948 0.468777760863304 0.473229020833969 0.516266271471977
-9999 -9999 -9999 -9999 -9999 -9999 -9999 -9999 -9999 -9999 -9999 -9999 -9999 6.89344978332519 6.75578284263611 -9999 -9999 -9999 -9999 -9999 -9999 -9999 2.68041676282883 2.51398497819901 2.19744980335236 1.84347903728485 1.49416950345039 1.200608253479 1.10500878095627 1.14823499321938 1.43506497144699 1.21612876653671 1.03916323184967 0.855205535888672 0.915984749794006 0.726833269000053 0.672575980424881 0.64596001803875 0.593391001224518 0.587941512465477 0.587204977869987 0.584286734461784 0.60495525598526 0.616838246583939 0.57506100833416 0.563494518399239 0.559928253293037 0.484842002391815 0.482487738132477 0.492841511964798 0.406275004148483 0.4193384796381 0.418314009904861 0.490082234144211 0.545553758740425 0.576660767197609 0.723042368888855 0.706961631774902 0.731971509754658 0.784212380647659 0.849083594977856 0.518700018525124
-9999 -9999 -9999 -9999 -9999 -9999 -9999 -9999 -9999 -9999 -9999 -9999 -9999 16.6274771690369 16.6274771690369 16.6274771690369 -9999 -9999 -9999 -9999 -9999 -9999 4.94490551948547 4.94490551948547 4.94490551948547 0.308659605681896 1.85599721968174 1.0520287156105 0.966865539550781 0.738915771245956 1.48225352168083 1.72986602783203 1.76874750852585 1.51436018943787 1.24537128210068 0.940823972225189 0.8007892370224 0.683005481958389 0.645279765129089 0.666844502091408 0.641701519489288 0.655343234539032 0.662997007369995 0.609310492873192 0.71764051169157 0.563365504145622 0.559718996286392 0.511179730296135 0.499935016036034 0.5548455119133 0.560168266296387 0.649299010634422 0.737213239073753 0.573215246200562 0.623090252280235 0.605554506182671 0.573062986135483 0.775759488344193 0.812529355287552 0.820775628089905 0.661073237657547 0.674377486109734
-9999 -9999 -9999 -9999 -9999 -9999 -9999 -9999 -9999 -9999 -9999 -9999 -9999 -9999 -9999 -9999 -9999 -9999 -9999 -9999 -9999 -9999 -9999 -9999 -9999 -9999 6.72656893730164 1.72075009346008 1.69408723711967 1.49202525615692 1.57033056020737 1.86721658706665 1.74896621704102 1.51896983385086 1.25408846139908 0.995842516422272 0.985428750514984 0.878284513950348 0.752483278512955 0.724094241857529 0.669246733188629 0.658598989248276 0.665304735302925 0.67645275592804 0.755382031202316 0.619112268090248 0.603211507201195 0.537337481975555 0.551926508545876 0.541484981775284 0.571290761232376 0.556936517357826 0.525591015815735 0.505198493599892 0.495239987969398 0.506228238344193 0.480716988444328 0.51911173760891 0.530617520213127 0.825276374816895 0.507433488965034 0.806696623563766
-9999 -9999 -9999 -9999 -9999 -9999 -9999 -9999 -9999 -9999 -9999 -9999 -9999 -9999 -9999 -9999 -9999 -9999 -9999 -9999 -9999 -9999 -9999 -9999 -9999 -9999 -9999 -9999 1.66160774230957 1.51076692342758 1.71459817886353 1.83487433195114 2.04627299308777 1.59682273864746 1.44111603498459 1.15446370840073 1.03271251916885 0.790910214185715 0.681318730115891 0.692296519875526 0.728437498211861 0.766686022281647 0.713953480124474 0.683984979987144 0.67696425318718 0.66093447804451 0.648734271526337 0.585028499364853 0.543692260980606 0.528974264860153 0.537296265363693 0.530462265014648 0.507968232035637 0.496576488018036 0.518753260374069 0.487858504056931 0.485997766256332 0.538519486784935 0.53497351706028 0.557706758379936 0.805219106376171 0.856826238334179
-9999 -9999 -9999 -9999 -9999 -9999 -9999 -9999 -9999 -9999 -9999 -9999 -9999 -9999 -9999 -9999 -9999 -9999 -9999 -9999 -9999 -9999 -9999 -9999 -9999 -9999 -9999 -9999 -9999 -9999 1.66749635338783 2.17040920257568 2.57732927799225 1.66006278991699 1.63724023103714 0.970148205757141 0.98555400967598 0.934747517108917 0.941390991210938 0.863084256649017 0.872376769781113 0.848109036684036 0.807197213172913 0.790402472019196 0.725550010800362 0.704130738973618 0.673536747694016 0.620394766330719 0.587925016880035 0.592125758528709 0.588074237108231 0.610757231712341 0.606630742549896 0.585874512791634 0.555317983031273 0.527948990464211 0.541841983795166 0.801076523959637 0.836800865828991 0.823111496865749 0.837221994996071 0.887944847345352
