EcologicalScience/Bass/data/rs_data_bass/chl_45.asc
NCOLS 226 
NROWS 124 
XLLCORNER -9.41648524995501 
YLLCORNER 47.587301625531 
CELLSIZE 0.0833 
NODATA_value -9999 
[rows 0 to 27 of 124, columns 62 to 123 of 226]
-9999 -9999 -9999 -9999 -9999 -9999 -9999 -9999 -9999 -9999 -9999 -9999 -9999 -9999 -9999 -9999 -9999 -9999 -9999 -9999 -9999 -9999 -9999 -9999 -9999 -9999 -9999 -9999 -9999 -9999 -9999 -9999 -9999 -9999 -9999 -9999 -9999 -9999 -9999 -9999 -9999 -9999 -9999 -9999 -9999 -9999 -9999 -9999 -9999 -9999 -9999 -9999 -9999 -9999 -9999 -9999 -9999 -9999 -9999 -9999 -9999 -9999
-9999 -9999 -9999 -9999 -9999 -9999 -9999 -9999 -9999 -9999 -9999 -9999 -9999 -9999 -9999 -9999 -9999 -9999 -9999 -9999 -9999 -9999 -9999 -9999 -9999 -9999 -9999 -9999 -9999 -9999 -9999 -9999 -9999 -9999 -9999 -9999 -9999 -9999 -9999 -9999 -9999 -9999 -9999 -9999 -9999 -9999 -9999 -9999 -9999 -9999 -9999 -9999 -9999 -9999 -9999 -9999 -9999 -9999 -9999 -9999 -9999 -9999
-9999 -9999 -9999 -9999 -9999 -9999 -9999 -9999 -9999 -9999 -9999 -9999 -9999 -9999 -9999 -9999 -9999 -9999 -9999 -9999 -9999 -9999 -9999 -9999 -9999 -9999 -9999 -9999 -9999 -9999 -9999 -9999 -9999 -9999 -9999 -9999 -9999 -9999 -9999 -9999 -9999 -9999 -9999 -9999 -9999 -9999 -9999 -9999 -9999 -9999 -9999 -9999 -9999 -9999 -9999 -9999 -9999 -9999 -9999 -9999 -9999 -9999
-9999 -9999 -9999 -9999 -9999 -9999 -9999 -9999 -9999 -9999 -9999 -9999 -9999 -9999 -9999 -9999 -9999 -9999 -9999 -9999 -9999 -9999 -9999 -9999 -9999 -9999 -9999 -9999 -9999 -9999 -9999 -9999 -9999 -9999 -9999 -9999 -9999 -9999 -9999 -9999 -9999 -9999 -9999 -9999 -9999 -9999 -9999 -9999 -9999 -9999 -9999 -9999 -9999 -9999 -9999 -9999 -9999 -9999 -9999 -9999 -9999 -9999
-9999 -9999 -9999 -9999 -9999 -9999 -9999 -9999 -9999 -9999 -9999 -9999 -9999 -9999 -9999 -9999 -9999 -9999 -9999 -9999 -9999 -9999 -9999 -9999 -9999 -9999 -9999 -9999 -9999 -9999 -9999 -9999 -9999 -9999 -9999 -9999 -9999 -9999 -9999 -9999 -9999 -9999 -9999 -9999 -9999 -9999 -9999 -9999 -9999 -9999 -9999 -9999 -9999 -9999 -9999 -9999 -9999 -9999 -9999 -9999 -9999 -9999
-9999 -9999 -9999 -9999 -9999 -9999 -9999 -9999 -9999 -9999 -9999 -9999 -9999 -9999 -9999 -9999 -9999 -9999 -9999 -9999 -9999 -9999 -9999 -9999 -9999 -9999 -9999 -9999 0.63735419511795 -9999 1.2913385542 0.714316874742508 0.665034368634224 0.797642570734024 0.717605784535408 0.597284987568855 0.610972121357918 0.612039892297042 0.599239518245061 0.610375985503197 0.593877504269282 0.564532868564129 0.578900635242462 0.573336012661457 0.542691752314568 0.552600368857384 0.524601750075817 0.546977631747723 0.612034702301025 0.409551009535789 0.416543617844582 0.417915008962154 0.498597250172966 0.372157335281372 0.55546061694622 0.537883715970176 0.537569999694824 0.518471487930843 0.341200598022517 0.320147510837106 0.333613994805252 0.499428523331881
-9999 -9999 -9999 -9999 -9999 -9999 -9999 -9999 -9999 -9999 -9999 -9999 -9999 -9999 -9999 -9999 -9999 -9999 -9999 -9999 -9999 -9999 -9999 -9999 -9999 -9999 1.18186515569687 1.0627324283123 3.1350755294164 2.01946347951889 1.25405160469167 0.686487433500588 0.692799389362335 0.653637729585171 0.587688021361828 0.692252060770988 0.611671507358551 0.59238787740469 0.680018258722205 0.637085961798827 0.641459733247757 0.422582479960778 0.63901948928833 0.571910242239634 0.573514871299267 0.552811006704966 0.528122494618098 0.594825841048185 0.60015604513533 0.508555859327316 0.512278877198696 0.470743951552054 0.466907069963567 0.431502312421799 0.429717844724655 0.34185070763616 0.565487926727847 0.477908904938137 0.422333613038063 0.422493752092123 0.495367666377741 0.465887062689837
-9999 -9999 -9999 -9999 -9999 -9999 -9999 -9999 -9999 -9999 -9999 -9999 -9999 -9999 -9999 -9999 -9999 -9999 -9999 -9999 -9999 -9999 -9999 -9999 -9999 -9999 1.18186515569687 2.84378425280253 1.24943659305573 0.78336912766099 0.618059849739075 0.660444909334183 0.750972367823124 0.673459477722645 0.625451982021332 0.754238274693489 0.70834509730339 0.632936261594296 0.626164488494396 0.634339481592178 0.579751168688138 0.58760525782903 0.667016883429728 0.606735906318614 0.560518587629 0.489523201304324 0.556323744356632 0.52581712603569 0.588739901781082 0.534253500401974 0.597576197981834 0.536937743425369 0.528412140905857 0.512899495661259 0.50338988006115 0.501158997416496 0.418780249357223 0.460348810804518 0.555325260287837 0.4980679356 0.433225516229868 0.437399245798588
-9999 -9999 -9999 -9999 -9999 -9999 -9999 -9999 -9999 -9999 -9999 -9999 -9999 -9999 -9999 -9999 -9999 -9999 -9999 -9999 -9999 -9999 -9999 -9999 -9999 -9999 1.64814005986504 2.56441171467304 1.24581163525581 0.889222495257854 0.829228118062019 0.626080822944641 0.760463990271091 0.82191926240921 0.626829028129578 0.749931970238686 0.719229005277157 0.683038875460625 0.646205238997936 0.652667641639709 0.633426748216152 0.627298884093761 0.572333246469498 0.653609861668788 0.557243630290031 0.485588153495508 0.70330815911293 0.537274114787579 0.612527045607567 0.558133286237717 0.483789011836052 0.483597049818319 0.540542408823967 0.414597646278493 0.441348231890622 0.474924037561697 0.498073186944513 0.480612232404597 0.430660683442565 0.480018670360247 0.465821251273155 0.473551131784916
-9999 -9999 -9999 -9999 -9999 -9999 -9999 -9999 -9999 -9999 -9999 -9999 -9999 -9999 -9999 -9999 -9999 -9999 -9999 -9999 -9999 -9999 -9999 -9999 -9999 1.19121462106705 3.87212637851113 1.79460413753986 0.899871401488781 0.605039003491402 0.615023201704025 0.672058470547199 0.708719998598099 0.653062865138054 0.74100476205349 0.717268255352974 0.672092244029045 0.664397992193699 0.509619891643524 0.520467683672905 0.634185768663883 0.623874731361866 0.56708899140358 0.588138744235039 0.651886852948289 0.676546669006348 0.543704263865948 0.625926437973976 0.479570992290974 0.418067243695259 0.404890295863152 0.422369790077209 0.552794814109802 0.42546634376049 0.413547703448464 0.414155344752704 0.523163929581642 0.523030733068784 0.505576327443123 0.48782117664814 0.467161431908607 0.498156756162643
-9999 -9999 -9999 -9999 -9999 -9999 -9999 -9999 -9999 -9999 -9999 -9999 -9999 -9999 -9999 -9999 -9999 -9999 -9999 -9999 -9999 -9999 -9999 -9999 -9999 3.50112866727929 2.00024941093043 1.06129199266434 0.949543498456478 0.791350856423378 0.815542852878571 0.763346058130264 0.620215125381947 0.617989137768745 0.64502888917923 0.64426463842392 0.626921631395817 0.514040738344193 0.50851289331913 0.508634507656097 0.506257265806198 0.604983374476433 0.584649369120598 0.580940254032612 0.592262640595436 0.580526992678642 0.465425848960876 0.479723504185677 0.436899107694626 0.443905305862427 0.460088893771172 0.587250500917435 0.551929694414139 0.468060972059474 0.452236635720029 0.415943168541964 0.424612446742899 0.53949432571729 0.511110092202822 0.50605782866478 0.449703170972712 0.475117535275571
-9999 -9999 -9999 -9999 -9999 -9999 -9999 -9999 -9999 -9999 -9999 -9999 -9999 -9999 -9999 -9999 -9999 -9999 -9999 -9999 -9999 -9999 -9999 -9999 1.31647038459778 2.23273497819901 1.18885910511017 0.974505409598351 0.862849853932858 0.860406959758085 0.818652522563934 0.813900697231293 0.770972406864166 0.641012996435165 0.652799986302853 0.658374734222889 0.642449989914894 0.626000985503197 0.610618494451046 0.518630549311638 0.596650511026382 0.598211243748665 0.597766131162643 0.602513998746872 0.584684997797012 0.602222241461277 0.545170515775681 0.52446299046278 0.598662754893303 0.626261204481125 0.622547841072082 0.521432630717754 0.618659934401512 0.553010118193924 0.426119827172335 0.433378055691719 0.433639323886703 0.530829161405563 0.503207345803579 0.470432996749878 0.511090859770775 0.499768875539303
-9999 -9999 -9999 -9999 -9999 -9999 -9999 -9999 -9999 -9999 -9999 -9999 -9999 -9999 -9999 -9999 -9999 -9999 -9999 -9999 -9999 -9999 -9999 1.50594073534012 2.24536380171776 1.65250910818577 1.0625636279583 0.830833129584789 0.810454107820988 0.803352758288383 0.750969752669334 0.799771916866302 0.706985995173454 0.683783255517483 0.646644741296768 0.628896743059158 0.641012258827686 0.571470895409584 0.626970380544662 0.616692759096622 0.622394621372223 0.617850735783577 0.615583889186382 0.59807887673378 0.601955987513065 0.60223388671875 0.601125091314316 0.571594566106796 0.531326161324978 0.612828031182289 0.542611606857356 0.647068774875473 0.668592992424965 0.414043583414134 0.541436503330867 0.581797108054161 0.562304243445396 0.532382994890213 0.42042868978837 0.510271810433444 0.502578543389545 0.509004508455594
-9999 -9999 -9999 -9999 -9999 -9999 -9999 -9999 -9999 -9999 -9999 -9999 -9999 -9999 -9999 -9999 -9999 -9999 -9999 -9999 -9999 -9999 2.22631369034449 2.16190362327239 1.50119649136768 0.984844475984573 0.894652113318443 1.0631231367588 1.03071163892746 0.668008235096932 0.646605560183525 0.711719624698162 0.693093001842499 0.684656985104084 0.65463001281023 0.641004440188408 0.563168266415596 0.619621127843857 0.617034360766411 0.610465496778488 0.587120242416859 0.589447885751724 0.574607983231544 0.555975750088692 0.583689764142036 0.57099636644125 0.569505199790001 0.570219999551773 0.616876946652637 0.634861276430242 0.531675996724516 0.640389972925186 0.577464866638184 0.646599561852567 0.562794407208761 0.490306869149208 0.562257597843806 0.553845817844073 0.525970995426178 0.507655590772629 0.501174709376167 0.566426848992705
-9999 -9999 -9999 -9999 -9999 -9999 -9999 -9999 -9999 -9999 -9999 -9999 -9999 -9999 -9999 -9999 -9999 -9999 -9999 -9999 2.64602583646774 -9999 1.77847635395387 1.49356533586979 1.77143776416779 1.09984914958477 0.983534619212151 1.01492668390274 0.963960307836533 0.909930998086929 0.738900370895863 0.731050103902817 0.725683517754078 0.706758387386799 0.753177344799042 0.736026686429977 0.633970879018307 0.627277113497257 0.597710229456425 0.57328013330698 0.600946135818958 0.605139747262001 0.5773736089468 0.558155626058578 0.688202092051506 0.677642452716827 0.59545484483242 0.603807505965233 0.58749281167984 0.529966736678034 0.626300686597824 0.646491873264313 0.636657959222794 0.560064755380154 0.560844361782074 0.54856800287962 0.487714894115925 0.524578591187795 0.546646513044834 0.510408371686935 0.59100635945797 0.603456059098244
-9999 -9999 -9999 -9999 -9999 -9999 -9999 -9999 -9999 -9999 -9999 -9999 -9999 -9999 -9999 -9999 -9999 -9999 -9999 -9999 -9999 1.9718492825826 1.71237842475667 1.77066600322723 1.4255695939064 1.08097046613693 0.978514909744263 0.919867113232613 0.82096274635371 0.887126481533051 0.872597235441208 0.849687644839287 0.773834243416786 0.793816542625427 0.751130682229996 0.719358336925507 0.668787382543087 0.660005629062653 0.646887749433517 0.615741737186909 0.498497739434242 0.630385883152485 0.604271247982979 0.516814351081848 0.592832252383232 0.595432139933109 0.59203615039587 0.616727605462074 0.600829906761646 0.693375650048256 0.640891182422638 0.612190735340118 0.549127131700516 0.552002236247063 0.532360129058361 0.54874163120985 0.481691233813763 0.484956756234169 0.526702500879765 0.545106366276741 0.636859655380249 0.641476759314537
-9999 -9999 -9999 -9999 -9999 -9999 -9999 -9999 -9999 -9999 -9999 -9999 -9999 -9999 -9999 -9999 -9999 -9999 -9999 4.3266680041949 1.87048305483425 2.68832588195801 1.65541689097881 1.350157096982 1.20873038470745 1.04518461227417 0.945299643278122 0.84800923615694 0.789693765342236 0.915771073102951 0.939902055263519 0.904652374982834 0.850111627578735 0.827403938770294 0.770250111818314 0.733923023939133 0.562669306993484 0.560620954632759 0.540126246213913 0.558550944924355 0.566282552480698 0.635642990469933 0.637752369046211 0.54647935628891 0.640171095728874 0.622600123286247 0.617697760462761 0.617191135883331 0.600877895951271 0.575696982443333 0.655605036020279 0.556660875678062 0.537335246801376 0.637180542945862 0.570729374885559 0.498927734792233 0.490424998104572 0.495173625648022 0.512848511338234 0.494921215316829 0.521040759980679 0.530673377215862
-9999 -9999 -9999 -9999 -9999 -9999 -9999 -9999 -9999 -9999 -9999 -9999 -9999 -9999 -9999 -9999 -9999 -9999 4.60422595342 2.06754336286994 2.08956112861633 1.68397983908653 1.39607924222946 1.4960283190012 1.11780640482903 1.05236966013908 1.02936076931655 0.991036969423294 0.991770219802856 0.977402710914612 0.943983313441277 0.907519632577896 0.906238257884979 0.867554020881653 0.708885759115219 0.696183376014233 0.625174561142921 0.608519399166107 0.600606805086136 0.586672651767731 0.640167742967606 0.64342687278986 0.596631002426147 0.597277499735355 0.624160900712013 0.616736613214016 0.618243388831615 0.600025489926338 0.612235844135284 0.626123517751694 0.636806055903435 0.612610587477684 0.532865636050701 0.573388494551182 0.559611015021801 0.495269626379013 0.527373746037483 0.546905205530279 0.586626456940875 0.569913751938764 0.675564363598824 0.681937113404274
-9999 -9999 -9999 -9999 -9999 -9999 -9999 -9999 -9999 -9999 -9999 -9999 -9999 -9999 -9999 -9999 -9999 -9999 13.3680758476257 3.21245386320002 1.8797491081059 1.74241627454758 1.627068400383 1.39172811806202 1.16444434225559 1.19509460926056 1.13778800964355 1.14400787353516 1.02990260124207 0.975736886262894 0.975351911783218 0.947323107719421 0.887337291240692 0.872699135541916 0.87632759809494 0.826072505116463 0.717852003872395 0.760600727796555 0.740055754780769 0.692464113235474 0.65165401250124 0.645898506045341 0.628560751676559 0.805969499051571 0.637471877038479 0.637699507176876 0.595936484634876 0.659506849944592 0.742683058977127 0.675571012496948 0.646009609103203 0.585271397233009 0.537321388721466 0.663466483354568 0.592975862324238 0.595342129468918 0.640370255007463 0.575362809440669 0.43707488521057 0.462097495794296 0.574686761945486 0.568407732993364
-9999 -9999 -9999 -9999 -9999 -9999 -9999 -9999 -9999 -9999 -9999 -9999 -9999 -9999 -9999 -9999 -9999 -9999 -9999 3.3223553054473 1.78018233776093 1.42322851717472 1.35856314003468 1.39406178593636 1.38826214671135 1.30967474579811 1.26484506726265 1.17030829191208 1.10273488163948 1.02448108196259 1.02598392963409 0.990424817800522 0.956967133283615 0.895770999789238 0.896090227365494 0.846079170703888 0.818467292189598 0.693576738238335 0.700125753879547 0.684297367930412 0.659773863852024 0.64860188215971 0.620472751557827 1.08729293346405 0.977423691749573 0.770640609785914 0.732633344829082 0.765146780014038 0.574872761964798 0.674160605669022 0.447587236762047 0.433897119015455 0.452327258884907 0.45508574321866 0.448723129928112 0.49961915910244 0.42237155314754 0.476011642254889 0.456632630433887 0.46439150813967 0.578090619295835 0.582352492958307
-9999 -9999 -9999 -9999 -9999 -9999 -9999 -9999 -9999 -9999 -9999 -9999 -9999 -9999 -9999 4.00794995349387 -9999 34.4391779532799 2.41600875059764 1.74365447759628 1.49390883743763 1.43087621033192 1.40966096520424 1.28514486551285 1.41968952417374 1.35828787684441 1.31241325736046 1.18215869665146 1.16297255158424 1.03587512969971 1.07117392420769 0.97421590089798 0.9518290579319 0.937408390641213 0.885329186916351 0.71851759403944 0.75908287614584 0.828729644417763 0.676832646131516 0.743612706661224 0.726386696100235 0.71056655049324 0.754831030964851 0.75881974697113 0.800730966031551 0.761183735914528 0.730176717974246 0.731272235512733 0.704836045391858 0.717901733703911 0.549236039904987 0.549443387809922 0.465228205919266 0.459108546376228 0.477813458442688 0.462595704197884 0.455951607227325 0.442548415064812 0.446780553460121 0.446359598636627 0.449563443660736 0.452207505702972
-9999 -9999 -9999 -9999 -9999 -9999 -9999 -9999 -9999 -9999 35.2986888885498 35.2986888885498 13.7248649597168 2.03734507469031 2.38190102577209 2.07024594545364 2.32253443077207 2.17749640345573 2.17484629154205 1.81824100017548 1.68362877890468 1.49200089275837 1.19207927584648 1.12582447423654 1.16480885446072 1.41166173815727 1.26274193525314 1.17626134157181 1.18170755505562 1.26181362867355 1.06881825327873 1.05148993730545 0.95684871673584 0.893019086122513 0.761053875088692 0.753020994365215 0.820570659637451 0.806470626592636 0.767144548892975 0.595728084445 0.668732789158821 0.656532011926174 0.79424067735672 0.765352928638458 1.01470963284373 0.86430493555963 0.799459889531136 0.726987258531153 0.722552284598351 0.718346969224513 0.669976696372032 0.68850024137646 0.496221381425858 0.484967410564423 0.55622586607933 0.4725570499897 0.439100047945976 0.454840862751007 0.456193146109581 0.460635003447533 0.485440458444988 0.474224946078132
-9999 -9999 -9999 -9999 -9999 -9999 -9999 -9999 -9999 -9999 35.2986888885498 5.67020736569944 6.44314096475902 3.94333274750149 2.68484616805525 2.40096877813339 4.5730007322211 5.22066313287486 9.9512912672345 -9999 1.61419129842206 1.45962296426296 1.21522611379623 1.2675344172646 1.23853666642133 1.24164636433125 1.12707978487015 1.06594651937485 1.27159325480461 1.06635131239891 0.868096312880516 0.956601530313492 1.08560359302689 0.875166803598404 0.926900765299797 0.947884246706962 0.861541517078876 0.659752905368805 0.70753687620163 0.691854760050774 0.680331744253635 0.747486302256584 0.819838201999664 0.815439370274544 0.998421355205424 0.965702389677366 0.916767194867134 0.74189255386591 0.467957988381386 0.460857007652521 0.57633563876152 0.595583237707615 0.590442404150963 0.5769262611866 0.48391056060791 0.481732654571533 0.47754003405571 0.470892652869225 0.468049213290215 0.466487908363342 0.479534485936165 0.471634185314178
-9999 -9999 -9999 -9999 -9999 -9999 -9999 -9999 -9999 -9999 -9999 -9999 -9999 6.28843446399855 3.47081077274154 -9999 -9999 -9999 -9999 -9999 -9999 -9999 1.86834123204736 2.77232671485228 1.53571932456073 1.40455877780914 1.16515235602856 1.06679700314999 1.2038084641099 1.82512267827988 0.90995224379003 0.916509261354804 0.767127412557602 0.756910461187363 0.715759009122849 0.704175209999085 0.691846162080765 0.689874988794327 0.73812447488308 0.981239503622055 0.701096244156361 0.677200488746166 0.677991382777691 0.77900615632534 1.01817229039529 0.925361799843171 0.9534151448923 0.628129899501801 0.508874341845512 0.637288883328438 0.608201242983341 0.602034017443657 0.613093122839928 0.476597356796265 0.482394999265671 0.480814206600189 0.485492658615112 0.488144952058792 0.472226050496101 0.456754240393639 0.449212643504143 0.451334288716316
-9999 -9999 -9999 -9999 -9999 -9999 -9999 -9999 -9999 -9999 -9999 -9999 -9999 16.6274771690369 16.6274771690369 16.6274771690369 -9999 -9999 -9999 -9999 -9999 -9999 4.94490551948547 4.94490551948547 4.94490551948547 0.308659605681896 6.58211180567741 5.60307082183221 1.82245897253354 1.20896565914154 1.16249065473676 1.1260953694582 1.08124347031116 0.916930094361305 0.774802142381668 0.727300184965134 0.682069677114487 0.715127997100353 0.709469631314278 0.860301825404167 0.855732467770576 0.777141323685646 0.774634870886803 0.774390095472336 0.76146497130394 0.722726231440902 0.681670065224171 0.726154491305351 0.669974046945572 0.677888251841068 0.667787231504917 0.641299121081829 0.623470522463322 0.501532182097435 0.504046010971069 0.484332799911499 0.482582348585129 0.460615846514702 0.438831102848053 0.502556249499321 0.509371507912874 0.430107694864273
-9999 -9999 -9999 -9999 -9999 -9999 -9999 -9999 -9999 -9999 -9999 -9999 -9999 -9999 -9999 -9999 -9999 -9999 -9999 -9999 -9999 -9999 -9999 -9999 -9999 -9999 4.88050609827042 1.6975383507578 1.78522766828537 1.31914538741112 1.33072426915169 1.34744699299335 1.25645399093628 1.13234901428223 0.770606629550457 0.750285007059574 0.741351373493671 0.704973734915257 0.678054369986057 0.697586260735989 0.718709620833397 0.692636623978615 0.71747213602066 0.710914112627506 0.7303072437644 0.711215637624264 0.706437014043331 0.721119001507759 0.733577974140644 0.692409351468086 0.63756787776947 0.617841392755508 0.499428397417068 0.496023109555244 0.488774996995926 0.457139605283737 0.434815746545792 0.460035815834999 0.680066580281538 0.729464809410274 0.645719749962582 0.632190750802265
-9999 -9999 -9999 -9999 -9999 -9999 -9999 -9999 -9999 -9999 -9999 -9999 -9999 -9999 -9999 -9999 -9999 -9999 -9999 -9999 -9999 -9999 -9999 -9999 -9999 -9999 -9999 -9999 9.28317406231707 1.65891558559317 1.19832333922386 0.855562643093221 0.752719696830301 0.684653368066339 0.66289818111588 0.943422933419545 0.700074747204781 0.712261877954006 0.685856625437737 0.639636375010014 0.605671593546867 0.723169885575771 0.738942392170429 0.727767750620842 0.717248260974884 0.58680594265461 0.58769288957119 0.739095747470856 0.727920368313789 0.678085148334503 0.646588146686554 0.537361460924149 0.516147300601006 0.486019757390022 0.463719400763512 0.437211003899574 0.454140943288803 0.431008091568947 0.503158863633871 0.855549020692706 0.652621214278042 0.669666510075331
-9999 -9999 -9999 -9999 -9999 -9999 -9999 -9999 -9999 -9999 -9999 -9999 -9999 -9999 -9999 -9999 -9999 -9999 -9999 -9999 -9999 -9999 -9999 -9999 -9999 -9999 -9999 -9999 -9999 -9999 1.94178973138332 2.12993882831774 1.22353925307592 0.726134503588957 0.70908527339206 0.994405517975489 0.934965163469314 1.16084436575572 1.00306758781274 0.581332884728909 0.654537744820118 0.643155746161938 0.697727635502815 0.677071899175644 0.651127494871616 0.640668354928493 0.527913454174995 0.726923313736916 0.712596189975738 0.698010644316673 0.66108375787735 0.63744609951973 0.653461678063168 0.468737354874611 0.455485358834267 0.787175629945362 0.806899298639858 0.863915674388409 0.90286741219461 0.793870112858713 0.684129366651177 0.739348878152668
