EcologicalScience/Bass/data/rs_data_bass/chl_404.asc
NCOLS 226 
NROWS 124 
XLLCORNER -9.41648524995501 
YLLCORNER 47.587301625531 
CELLSIZE 0.0833 
NODATA_value -9999 
[rows 54 to 80 of 124, columns 0 to 61 of 226]
-9999 -9999 -9999 -9999 -9999 -9999 -9999 -9999 -9999 -9999 -9999 -9999 -9999 -9999 -9999 -9999 -9999 -9999 -9999 -9999 -9999 -9999 -9999 -9999 -9999 -9999 -9999 -9999 -9999 -9999 -9999 -9999 -9999 -9999 -9999 -9999 -9999 -9999 5.4340289622189 5.10669557671798 2.22977963089943 2.05879729986191 1.64728045463562 1.0837387740612 1.17803925275803 1.17795377969742 1.02933678030968 0.96829953789711 0.929836481809616 0.987669736146927 1.2532317340374 1.07686214447021 1.14360558986664 1.57780882716179 2.09766894578934 2.04408448934555 2.36989925801754 2.343594789505 -9999 0.607058599591255 0.62790758907795 2.84618450182936
-9999 -9999 -9999 -9999 -9999 -9999 -9999 -9999 -9999 -9999 -9999 -9999 -9999 -9999 -9999 -9999 -9999 -9999 -9999 -9999 -9999 -9999 -9999 -9999 -9999 -9999 -9999 -9999 -9999 -9999 -9999 -9999 -9999 -9999 -9999 -9999 -9999 -9999 -9999 2.75546032190323 2.79019492864609 2.47529321908951 1.77145582437515 1.25626346468925 1.09262323379517 1.14486595988274 1.05843597650528 0.979660481214523 0.923210263252258 0.841725736856461 1.04667479793231 1.25887368227306 1.39080521464348 1.48223322629929 1.89837598800659 1.8959527015686 2.45066845417023 2.98368658564683 -9999 -9999 -9999 -9999
-9999 -9999 -9999 -9999 -9999 -9999 -9999 -9999 -9999 -9999 -9999 -9999 -9999 -9999 -9999 -9999 -9999 -9999 -9999 -9999 -9999 -9999 -9999 -9999 -9999 -9999 -9999 -9999 -9999 -9999 -9999 -9999 -9999 -9999 -9999 -9999 -9999 -9999 -9999 -9999 2.66102027893066 2.29039496183395 1.86718583106995 1.71898126602173 1.52967381477356 1.28775376081467 1.20215624570847 1.45131446421146 1.14104551076889 0.870172530412674 0.862895250320435 1.31757974624634 1.44379198551178 1.6214736700058 1.82600480318069 1.76437836885452 1.79413243532181 1.99275070428848 2.89819244904952 -9999 -9999 -9999
-9999 -9999 -9999 -9999 -9999 -9999 -9999 -9999 -9999 -9999 -9999 -9999 -9999 -9999 -9999 -9999 -9999 -9999 -9999 -9999 -9999 -9999 -9999 -9999 -9999 -9999 -9999 -9999 -9999 -9999 -9999 -9999 -9999 -9999 -9999 -9999 -9999 -9999 -9999 -9999 2.21344202756882 1.87066876888275 1.77450978755951 1.72206902503967 1.65280866622925 1.48371827602386 1.63902229070663 1.41339603066444 1.3556834757328 1.27236673235893 1.20758804503609 1.22407275438309 1.41707696517309 1.47503447532654 1.59494704008102 1.47891420125961 1.52166965603828 1.5646271109581 1.9142384827137 2.29211363196373 2.16972489930965 -9999
-9999 -9999 -9999 -9999 -9999 -9999 -9999 -9999 -9999 -9999 -9999 -9999 -9999 -9999 -9999 -9999 -9999 -9999 -9999 -9999 -9999 -9999 -9999 -9999 -9999 -9999 -9999 -9999 -9999 -9999 -9999 -9999 -9999 -9999 -9999 -9999 -9999 -9999 -9999 -9999 -9999 1.95263171195984 1.69845002889633 1.66258728504181 1.74739569425583 1.73669099807739 1.53806018829346 1.57418096065521 1.39360874891281 1.4415255188942 1.3504094928503 1.13120092539226 1.45264314115047 1.49497166275978 1.55814927816391 1.48150205612183 1.76163339614868 1.82401505112648 1.9702439904213 2.37352466583252 2.49445760250092 -9999
-9999 -9999 -9999 -9999 -9999 -9999 -9999 -9999 -9999 -9999 -9999 -9999 -9999 -9999 -9999 -9999 -9999 -9999 -9999 -9999 -9999 -9999 -9999 -9999 -9999 -9999 -9999 -9999 -9999 -9999 -9999 -9999 -9999 -9999 -9999 -9999 -9999 -9999 -9999 -9999 -9999 2.55195146799088 1.70217221975327 1.64367145299911 1.71156066656113 1.69950592517853 1.49689802527428 1.59309071302414 1.54885053634644 1.36967173218727 1.42024500668049 1.20929818994859 1.42638185620308 1.44410549104214 1.54913958907127 1.58311539888382 1.67296126484871 2.08114126324654 2.11933904886246 0.867338301105933 -9999 -9999
-9999 -9999 -9999 -9999 -9999 -9999 -9999 -9999 -9999 -9999 -9999 -9999 -9999 -9999 -9999 -9999 -9999 -9999 -9999 -9999 -9999 -9999 -9999 -9999 -9999 -9999 -9999 -9999 -9999 -9999 -9999 -9999 -9999 -9999 -9999 -9999 -9999 -9999 -9999 -9999 2.74491828680038 2.28203988075256 1.951640188694 1.76853293180466 1.7911439538002 1.80802881717682 1.60616844892502 1.52064907550812 1.58135694265366 1.5379721224308 1.46849329769611 1.24475147326787 1.44457648694515 1.50186860561371 1.66475138068199 1.81492012739182 1.93301367759705 -9999 -9999 3.23197759191195 8.55161905288696 3.94854466617107
-9999 -9999 -9999 -9999 -9999 -9999 -9999 -9999 -9999 -9999 -9999 -9999 -9999 -9999 -9999 -9999 -9999 -9999 -9999 -9999 -9999 -9999 -9999 -9999 -9999 -9999 -9999 -9999 -9999 -9999 -9999 -9999 -9999 -9999 -9999 -9999 -9999 -9999 -9999 2.8059995174408 2.27065544128418 2.30354779958725 2.06533205509186 1.99942499399185 1.62034347653389 1.51390010118484 1.56966152787209 1.48889096081257 1.42122338712215 1.36899691075087 1.2061493554536 1.17036217626403 1.25488933548331 1.55275990068913 1.78284484148026 1.61400385697683 2.01150333881378 1.77644929289818 1.966462880373 2.06821504235268 1.91594552993774 1.9662344455719
-9999 -9999 -9999 -9999 -9999 -9999 -9999 -9999 -9999 -9999 -9999 -9999 -9999 -9999 -9999 -9999 -9999 -9999 -9999 -9999 -9999 -9999 -9999 -9999 -9999 -9999 -9999 -9999 -9999 -9999 -9999 -9999 -9999 -9999 -9999 -9999 -9999 -9999 -9999 3.23357325792313 2.04580199718475 1.91768324375153 2.17233216762543 1.89425182342529 1.75013172626495 1.47760275006294 1.5322799384594 1.45849724113941 1.43070435896516 1.30746107921004 1.03315178500979 1.30397037416697 1.44904232025146 1.49247640371323 1.59305807948112 1.6683674454689 1.73847904801369 1.71395176649094 1.68710133433342 2.04309448599815 1.97666993737221 2.33091008663177
-9999 -9999 -9999 -9999 -9999 -9999 -9999 -9999 -9999 -9999 -9999 -9999 -9999 -9999 -9999 -9999 -9999 -9999 -9999 -9999 -9999 -9999 -9999 -9999 -9999 -9999 -9999 -9999 -9999 -9999 -9999 -9999 -9999 -9999 -9999 -9999 -9999 -9999 2.59634631872177 2.51216179132462 1.7627284526825 1.65761965513229 1.53208614885807 1.41768148541451 1.4794439971447 1.50957298278809 1.54326599836349 1.37605762481689 1.32695512911853 1.19694423675537 1.34388776309788 1.40608951449394 1.50570152699947 1.4929946064949 1.51168088614941 1.56641927361488 1.51091252267361 1.5103440284729 1.61019265651703 1.8523795902729 1.98055878281593 2.30865669250488
-9999 -9999 -9999 -9999 -9999 -9999 -9999 -9999 -9999 -9999 -9999 -9999 -9999 -9999 -9999 -9999 -9999 -9999 -9999 -9999 -9999 -9999 -9999 -9999 -9999 -9999 -9999 -9999 -9999 -9999 -9999 -9999 -9999 -9999 -9999 -9999 -9999 -9999 2.4546030163765 2.31234383583069 1.98762005567551 1.45374521613121 1.28723140060902 0.881871789693832 1.24875113368034 1.3480229973793 1.31061677634716 1.24656191468239 1.03767828941345 1.12642487883568 0.685665249824524 1.47507338225842 1.48979772627354 1.55564291775227 1.41298186077791 1.35864226520061 1.41425210237503 1.43518652021885 1.47898985445499 1.58157750964165 1.9849354326725 2.14679136872292
-9999 -9999 -9999 -9999 -9999 -9999 -9999 -9999 -9999 -9999 -9999 -9999 -9999 -9999 -9999 -9999 -9999 -9999 -9999 -9999 -9999 -9999 -9999 -9999 -9999 -9999 -9999 -9999 -9999 -9999 -9999 -9999 -9999 -9999 -9999 -9999 -9999 2.61097030272851 1.94574451446533 1.85938507318497 1.61190533638 1.35053104162216 0.8593590259552 0.874414533376694 1.0896787494421 1.10996925830841 1.1672373175621 1.12861815690994 1.12954396605492 1.08355687558651 1.25629200339317 1.4483013600111 1.51089937984943 1.52103374898434 1.45168277621269 1.37485353648663 1.21722413599491 1.37116684019566 1.47953921556473 1.45388884842396 1.64608347415924 2.13895350694656
-9999 -9999 -9999 -9999 -9999 -9999 -9999 -9999 -9999 -9999 -9999 -9999 -9999 -9999 -9999 -9999 -9999 -9999 -9999 -9999 -9999 -9999 -9999 -9999 -9999 -9999 -9999 -9999 -9999 -9999 -9999 -9999 -9999 -9999 -9999 -9999 -9999 1.78036952018738 1.45742172002792 1.40085902810097 1.27721178531647 0.940616279840469 0.743930250406265 0.649985253810883 1.1128758251667 1.14346904754639 1.12560122609138 1.1082534134388 1.09101167321205 1.07261963188648 1.10102699697018 1.39559926092625 1.45916211605072 1.43343342840672 1.39444877207279 1.30484662950039 1.22442336380482 1.42387573421001 1.52508603036404 1.43016113340855 1.56456112861633 1.89523610472679
-9999 -9999 -9999 -9999 -9999 -9999 -9999 -9999 -9999 -9999 -9999 -9999 -9999 -9999 -9999 -9999 -9999 -9999 -9999 -9999 -9999 -9999 -9999 -9999 -9999 -9999 -9999 -9999 -9999 -9999 -9999 -9999 -9999 -9999 -9999 -9999 2.3603789806366 2.05237054824829 1.4935402572155 1.46425348520279 1.60525792837143 0.907264530658722 0.801833957433701 0.644282251596451 0.750688147544861 0.769370079040527 0.811992881929173 0.858297362923622 1.04557592670123 1.08525856733322 1.14091767668724 1.36660591363907 1.32545140385628 1.40922716259956 1.36822986602783 1.39263488352299 1.37734763324261 1.52681627869606 1.58546286821365 1.71579301357269 1.96016773581505 2.52637240290642
-9999 -9999 -9999 -9999 -9999 -9999 -9999 -9999 -9999 -9999 -9999 -9999 -9999 -9999 -9999 -9999 -9999 -9999 -9999 -9999 -9999 -9999 -9999 -9999 -9999 -9999 -9999 -9999 -9999 -9999 -9999 2.47507672508558 1.70862060785294 -9999 2.10493344068527 2.26548218779627 1.64036481295313 1.65989273786545 1.4372227191925 1.40975627303123 0.845464110374451 0.934329383075237 0.934386759996414 1.09223057627678 1.10307796597481 1.11493291854858 1.00415101647377 0.919048726558685 1.34608210623264 0.909571339686712 1.4098478615284 1.49320669770241 1.4565627515316 1.35728698968887 1.33572372794151 1.49575123786926 1.29345148801804 1.42501500248909 2.25679466128349 2.60316824913025 2.92150497436523 2.82531049458877
-9999 -9999 -9999 -9999 -9999 -9999 -9999 -9999 -9999 -9999 -9999 -9999 -9999 -9999 -9999 -9999 -9999 -9999 -9999 -9999 -9999 -9999 0.346259817481041 1.96631085276604 1.97359502315521 2.62990418672562 2.39921840429306 4.49860210418701 3.84270551800728 1.10045698285103 2.11083200573921 0.893193036317825 1.55280083119869 1.70010155439377 1.04523673653603 1.05771750211716 1.20184649527073 1.1431357562542 1.10147926211357 0.991990461945534 0.708657369017601 0.675637498497963 0.681861743330956 0.709398731589317 0.715665757656097 0.927276760339737 1.03346210718155 0.628337994217873 1.47435115277767 1.56530883908272 1.51441524624825 1.59182100892067 1.79177411198616 1.94420531988144 1.88479685783386 1.83308807015419 2.16961348056793 2.31511348485947 2.46121990505387 -9999 -9999 -9999
-9999 -9999 -9999 -9999 -9999 -9999 -9999 -9999 -9999 -9999 -9999 -9999 -9999 -9999 -9999 -9999 -9999 -9999 -9999 -9999 -9999 -9999 1.28432077169418 1.22533401846886 1.41943953931332 1.1338164806366 1.26365777850151 1.24439021945 1.27805775403976 1.18836826086044 0.971539467573166 0.881284475326538 1.1269361525774 1.10608613491058 1.05841425061226 1.0197618752718 0.859085261821747 0.856441095471382 0.792975381016731 0.683813989162445 0.666559495031834 0.65303398668766 0.635768607258797 0.682168498635292 0.749610386788845 0.902227878570557 1.29741061851382 1.76425224542618 1.61399473249912 1.64646747708321 2.29627853631973 1.93839602172375 2.00191955566406 2.27322782079379 2.31529609680176 -9999 -9999 -9999 -9999 -9999 -9999 -9999
-9999 -9999 -9999 -9999 -9999 -9999 -9999 -9999 -9999 -9999 -9999 -9999 -9999 -9999 -9999 -9999 -9999 -9999 -9999 3.43551073074341 3.36694200833638 1.06183648109436 1.15142351388931 1.10104975104332 1.36997102200985 1.05081224441528 0.688108518719673 0.961991250514984 1.19213247299194 0.999607488512993 0.972722612321377 0.983269147574902 0.955475226044655 0.910856254398823 0.928835660219193 0.911599472165108 0.838699132204056 0.830329857766628 0.685730248689651 0.696116253733635 0.657996386289597 0.661280237138271 0.646325647830963 0.641832366585732 0.792281605303288 0.893243998289108 1.58385188877583 1.76633700728416 1.96817287802696 1.86127799749374 1.87963871444975 -9999 -9999 -9999 -9999 -9999 -9999 -9999 -9999 -9999 -9999 -9999
-9999 -9999 -9999 -9999 -9999 -9999 -9999 -9999 -9999 -9999 -9999 -9999 -9999 -9999 -9999 -9999 -9999 2.13958466053009 1.52989625930786 0.808487266302109 0.667077004909515 0.698107481002808 0.658992022275925 0.676016271114349 0.712239012122154 0.622105479240417 0.623855978250504 0.658218741416931 0.832135856151581 0.818109333515167 0.779116749763489 0.682022988796234 0.78075036406517 0.811499252915382 0.757528513669968 0.780254624783993 0.658920004963875 0.587696269154549 0.545413479208946 0.63443098962307 0.556661993265152 0.719746135175228 0.65871300548315 0.632665492594242 0.799497731029987 1.06117424368858 1.41168750822544 1.86255070567131 1.82732024788857 1.55071534216404 2.03539613485336 -9999 -9999 -9999 -9999 -9999 -9999 -9999 -9999 -9999 -9999 -9999
-9999 -9999 -9999 -9999 -9999 -9999 -9999 -9999 -9999 -9999 -9999 -9999 -9999 -9999 6.7880334854126 1.40110349655151 1.44219875335693 1.17671275138855 1.38012903928757 0.943630456924438 0.823227792978287 0.725058764219284 0.704128503799438 0.696621760725975 0.720263242721558 0.694576486945152 0.669030010700226 0.796433642506599 0.785380885004997 0.787028968334198 0.791275128722191 0.767436392605305 0.733053356409073 0.754537872970104 0.783687382936478 0.714889124035835 0.680452510714531 0.612309738993645 0.517151981592178 0.716336645185947 0.582498729228973 0.752649039030075 0.661092013120651 0.693768739700317 0.884424716234207 1.20873413980007 1.37494911253452 1.59135679900646 1.70439112186432 1.48260641098022 1.45728752017021 1.71797898411751 -9999 -9999 -9999 -9999 -9999 -9999 -9999 -9999 -9999 -9999
-9999 -9999 -9999 -9999 -9999 -9999 -9999 -9999 -9999 -9999 -9999 3.54219384619168 1.69620728492737 1.51020324230194 1.3872207403183 0.566973745822906 0.992837250232697 0.696774020791054 1.06633803248405 0.759203284978867 0.74116949737072 0.75745502114296 0.761260539293289 0.711304485797882 0.720499500632286 0.701740488409996 0.689105987548828 0.617780238389969 0.795254990458488 0.793090492486954 0.76308935880661 0.824249982833862 0.811654105782509 0.801061883568764 0.698694750666618 0.669206254184246 0.675412885844707 0.687224261462688 0.605020143091679 0.577662371098995 0.411562487483025 0.562148228287697 0.614225998520851 0.689594238996506 0.913125738501549 0.984765350818634 1.49128496646881 1.55997155606747 1.39877867201964 1.38301313916842 1.67231530823359 -9999 -9999 -9999 -9999 -9999 8.52802809310514 2.440832644701 9.9262372970581 4.07243156433105 3.68332066138585 -9999
-9999 -9999 -9999 -9999 -9999 -9999 -9999 -9999 -9999 1.34640598297119 0.960082657635212 1.25980150699615 0.805748239159584 1.13663348555565 1.23223301768303 1.01661825180054 0.87040576338768 0.636980608105659 0.775338359177113 0.847864106297493 0.748788379132748 0.737355753779411 0.758877754211426 0.730443745851517 0.672869995236397 0.704187735915184 0.675185233354568 0.597623258829117 0.690097510814667 0.780822739005089 0.781094625592232 0.828311629593372 0.771603383123875 0.648056991398335 0.647867985069752 0.659734144806862 0.627827994525433 0.606050625443459 0.574156880378723 0.619129501283169 0.571111120283604 0.571951121091843 0.829129122197628 0.936441354453564 0.854355007410049 0.990510374307632 1.09691701917087 1.1611764255692 1.25750970840454 1.49919717013836 1.65249641239643 1.77377992868423 1.57217815518379 2.27298504114151 2.04641324281693 2.2333487868309 1.93461343646049 1.92126488685608 2.05575263500214 2.3027950823307 2.93522921204567 -9999
-9999 -9999 -9999 -9999 -9999 1.39367377758026 1.14673420786858 0.873828738927841 1.06110110878944 0.961281359195709 1.00900764763355 1.1195240020752 1.0514614880085 0.806816630065441 0.887019768357277 0.81378348171711 0.7324338555336 1.50770473480225 1.91575956344604 8.13025259971619 6.98846983909607 0.838502258062363 0.733697265386581 0.678970500826836 0.695181772112846 0.693189740180969 0.66628423333168 0.588186755776405 0.561633735895157 0.483987763524055 0.797053143382072 0.68732363730669 0.730775982141495 0.631838992238045 0.644607380032539 0.608489625155926 0.592406988143921 0.586678124964237 0.626232370734215 0.58517025411129 0.536921247839928 0.662150993943214 0.74337038397789 0.672565475106239 0.73200561851263 0.826420873403549 0.922219499945641 0.958077728748322 0.972780346870422 1.27297377586365 1.50128597021103 1.55349826812744 1.62713021039963 1.65171146392822 1.6581307053566 1.6856649518013 2.03595417737961 1.85053727030754 2.21933886408806 2.41656598448753 2.54391378164291 2.75597324967384
-9999 -9999 -9999 -9999 -9999 1.14665096998215 0.805170714855194 0.995387636125088 0.97783087939024 1.08315449953079 0.876760102808475 0.774370886385441 0.738453358411789 0.589161738753319 0.657335266470909 0.675580501556396 0.765430144965649 0.68697863817215 0.656316362321377 0.653994753956795 0.645710237324238 1.6460827589035 0.702712118625641 0.664704747498035 0.725301012396812 0.659588992595673 0.669435739517212 0.568752005696297 0.496752753853798 0.43663202226162 0.628160253167152 0.626480989158154 0.510424509644508 0.654769130051136 0.635578863322735 0.588264361023903 0.421510487794876 0.574427247047424 0.559418611228466 0.503373742103577 0.487812392413616 0.421995006501675 0.593379735946655 0.642103493213654 0.723114006221294 0.734590128064156 0.896752506494522 0.839608252048492 0.848842263221741 0.814502477645874 1.37482720116774 1.34597017864386 1.23463323712349 1.31255051493645 1.56999640166759 2.25452917814255 1.52479875087738 1.49220076203346 1.14246296882629 1.779610902071 2.01827394962311 2.37458923459053
-9999 -9999 -9999 -9999 -9999 0.976250231266022 1.02359738945961 0.512835770845413 0.585805490612984 0.656402260065079 0.827896513044834 0.785587504506111 0.786328487098217 0.823765866458416 0.665096238255501 0.757874965667725 0.751485764980316 0.703789494931698 0.693703874945641 0.67960611730814 0.709138892591 0.673488736152649 0.654045380651951 0.647560134530067 0.669094137847424 0.656509146094322 0.616710752248764 0.602561250329018 0.48386849462986 0.603335246443748 0.634151257574558 0.683065518736839 0.624899245798588 0.657698638737202 0.630403496325016 0.704920135438442 0.691388994455338 0.711470983922482 0.637367628514767 0.575446128845215 0.513793498277664 0.427824385464191 0.481090128421783 0.535828873515129 0.66473250836134 0.675106510519981 0.707523375749588 0.8214410841465 0.797586768865585 0.778905764222145 0.916449517011642 1.17517531093429 1.01955988258123 1.09313417226076 1.19603645801544 0.827943742275238 1.15021687746048 1.24545076489449 1.38722549378872 1.48129203915596 1.70437797904015 2.11783871054649
-9999 -9999 -9999 -9999 -9999 0.635580003261566 0.602284491062164 0.65616899728775 0.688616260886192 0.738825738430023 0.765063732862473 0.682579502463341 0.65063251554966 0.63977774977684 0.654143258929253 0.756139487028122 0.68503687530756 0.717255368828773 0.693135000765324 0.824995502829552 0.888775885105133 0.840582758188248 0.794316351413727 0.755518890917301 0.672151878476143 0.646848767995834 0.691874630749226 0.712875008583069 0.638523012399673 0.692064732313156 0.673211261630058 0.673123888671398 0.628281377255917 0.574426487088203 0.591400489211082 0.724998392164707 0.700640983879566 0.686195991933346 0.539560496807098 0.653289400041103 0.440075621008873 0.404366634786129 0.433807499706745 0.501284256577492 0.664462119340897 0.851647138595581 0.87837827950716 0.700606495141983 0.786971613764763 0.783812239766121 0.774922581279979 0.850513905286789 0.85352848470211 0.961297273635864 0.940443187952042 0.751538962125778 0.727778255939484 0.738584250211716 0.70363050699234 1.69421142339706 2.0523963868618 2.79140524864197
-9999 -9999 -9999 -9999 -9999 0.696306020021439 0.688835978507996 0.631295263767242 0.646213486790657 0.635202750563622 0.604545772075653 0.616640254855156 0.633729010820389 0.594211488962173 0.618153735995293 0.679619997739792 0.705082856118679 0.650790005922318 0.753847114741802 0.719102628529072 0.885209619998932 0.826568260788918 0.817708879709244 0.879926629364491 0.74277301132679 0.715845376253128 0.704082012176514 0.727757982909679 0.725074499845505 0.684374637901783 0.733885131776333 0.690433122217655 0.614474259316921 0.637105129659176 0.583289623260498 0.609296232461929 0.430665761232376 0.374529741704464 0.466679245233536 0.4998419880867 0.409902736544609 0.459499508142471 0.487992368638515 0.384034115821123 0.571288511157036 0.555904000997543 0.603789493441582 0.757644005119801 0.903148524463177 1.08018324830953 0.945925891399384 0.836222983896732 1.55472041666508 1.06041410565376 1.21191447973251 1.47620505094528 0.898735463619232 0.80095499753952 0.770019739866257 1.72938752174377 1.31310296058655 1.81303203105927
