EcologicalScience/Bass/data/rs_data_bass/chl_57.asc
NCOLS 226 
NROWS 124 
XLLCORNER -9.41648524995501 
YLLCORNER 47.587301625531 
CELLSIZE 0.0833 
NODATA_value -9999 
[rows 0 to 26 of 124, columns 62 to 123 of 226]
-9999 -9999 -9999 -9999 -9999 -9999 -9999 -9999 -9999 -9999 -9999 -9999 -9999 -9999 -9999 -9999 -9999 -9999 -9999 -9999 -9999 -9999 -9999 -9999 -9999 -9999 -9999 -9999 -9999 -9999 -9999 -9999 -9999 -9999 -9999 -9999 -9999 -9999 -9999 -9999 -9999 -9999 -9999 -9999 -9999 -9999 -9999 -9999 -9999 -9999 -9999 -9999 -9999 -9999 -9999 -9999 -9999 -9999 -9999 -9999 -9999 -9999
-9999 -9999 -9999 -9999 -9999 -9999 -9999 -9999 -9999 -9999 -9999 -9999 -9999 -9999 -9999 -9999 -9999 -9999 -9999 -9999 -9999 -9999 -9999 -9999 -9999 -9999 -9999 -9999 -9999 -9999 -9999 -9999 -9999 -9999 -9999 -9999 -9999 -9999 -9999 -9999 -9999 -9999 -9999 -9999 -9999 -9999 -9999 -9999 -9999 -9999 -9999 -9999 -9999 -9999 -9999 -9999 -9999 -9999 -9999 -9999 -9999 -9999
-9999 -9999 -9999 -9999 -9999 -9999 -9999 -9999 -9999 -9999 -9999 -9999 -9999 -9999 -9999 -9999 -9999 -9999 -9999 -9999 -9999 -9999 -9999 -9999 -9999 -9999 -9999 -9999 -9999 -9999 -9999 -9999 -9999 -9999 -9999 -9999 -9999 -9999 -9999 -9999 -9999 -9999 -9999 -9999 -9999 -9999 -9999 -9999 -9999 -9999 -9999 -9999 -9999 -9999 -9999 -9999 -9999 -9999 -9999 -9999 -9999 -9999
-9999 -9999 -9999 -9999 -9999 -9999 -9999 -9999 -9999 -9999 -9999 -9999 -9999 -9999 -9999 -9999 -9999 -9999 -9999 -9999 -9999 -9999 -9999 -9999 -9999 -9999 -9999 -9999 -9999 -9999 -9999 -9999 -9999 -9999 -9999 -9999 -9999 -9999 -9999 -9999 -9999 -9999 -9999 -9999 -9999 -9999 -9999 -9999 -9999 -9999 -9999 -9999 -9999 -9999 -9999 -9999 -9999 -9999 -9999 -9999 -9999 -9999
-9999 -9999 -9999 -9999 -9999 -9999 -9999 -9999 -9999 -9999 -9999 -9999 -9999 -9999 -9999 -9999 -9999 -9999 -9999 -9999 -9999 -9999 -9999 -9999 -9999 -9999 -9999 -9999 -9999 -9999 -9999 -9999 -9999 -9999 -9999 -9999 -9999 -9999 -9999 -9999 -9999 -9999 -9999 -9999 -9999 -9999 -9999 -9999 -9999 -9999 -9999 -9999 -9999 -9999 -9999 -9999 -9999 -9999 -9999 -9999 -9999 -9999
-9999 -9999 -9999 -9999 -9999 -9999 -9999 -9999 -9999 -9999 -9999 -9999 -9999 -9999 -9999 -9999 -9999 -9999 -9999 -9999 -9999 -9999 -9999 -9999 -9999 -9999 -9999 -9999 0.63735419511795 -9999 1.69069272279739 1.55084931850433 2.00057995319366 2.55487883090973 2.94275254011154 2.44313853979111 1.69737070798874 2.15239495038986 1.86410182714462 1.57696956396103 1.25381103157997 1.34071871638298 1.53350096940994 1.56647622585297 1.23179098963737 0.807870715856552 0.550804495811462 0.546591728925705 0.575242504477501 0.596056491136551 0.651144728064537 0.613992020487785 0.527786269783974 0.458514735102654 0.451511263847351 0.452808737754822 0.492192015051842 0.519281253218651 0.532551750540733 0.500157728791237 0.493481263518333 0.496205270290375
-9999 -9999 -9999 -9999 -9999 -9999 -9999 -9999 -9999 -9999 -9999 -9999 -9999 -9999 -9999 -9999 -9999 -9999 -9999 -9999 -9999 -9999 -9999 -9999 -9999 -9999 1.18186515569687 1.0627324283123 1.69080144166946 1.59051829576492 1.30313327908516 1.20739352703094 1.36117047071457 1.47052046656609 1.37935870885849 1.6192461848259 1.68646430969238 1.52450627088547 1.19688150286674 1.21052402257919 1.09628096222878 0.918198019266129 0.721847265958786 0.591755256056786 0.544759511947632 0.563893496990204 0.527325734496117 0.471749246120453 0.473048239946365 0.488489270210266 0.528920263051987 0.519285768270493 0.46875 0.402540743350983 0.385651499032974 0.393624007701874 0.388817980885506 0.423529520630836 0.421742230653763 0.400045484304428 0.413174271583557 0.437120988965034
-9999 -9999 -9999 -9999 -9999 -9999 -9999 -9999 -9999 -9999 -9999 -9999 -9999 -9999 -9999 -9999 -9999 -9999 -9999 -9999 -9999 -9999 -9999 -9999 -9999 -9999 1.18186515569687 1.39738270640373 1.45131897926331 1.15561804175377 0.950977474451065 1.04216846823692 0.919015891849995 1.55143868923187 1.61608421802521 1.37909173965454 1.16887047886848 0.954153746366501 0.786058455705643 0.609421491622925 0.535069495439529 0.450618758797646 0.438130483031273 0.459011256694794 0.452103763818741 0.44887800514698 0.456296995282173 0.457209751009941 0.434488490223885 0.392210260033607 0.403578758239746 0.420651733875275 0.388090521097183 0.37346700578928 0.371564246714115 0.375371977686882 0.367809757590294 0.389070734381676 0.382761016488075 0.375386998057365 0.377405986189842 0.427848011255264
-9999 -9999 -9999 -9999 -9999 -9999 -9999 -9999 -9999 -9999 -9999 -9999 -9999 -9999 -9999 -9999 -9999 -9999 -9999 -9999 -9999 -9999 -9999 -9999 -9999 -9999 1.35178455839986 1.30364173650742 1.13917198777199 1.06306502223015 1.16164648532867 1.1965012550354 1.18720051646233 1.41623997688293 1.36065378785133 1.17374628782272 0.976610273122787 0.870227962732315 0.95564478635788 0.901431709527969 0.754832983016968 0.616498500108719 0.563218519091606 0.496235266327858 0.472582519054413 0.363316498696804 0.370860010385513 0.364676244556904 0.350324258208275 0.333112500607967 0.325465500354767 0.335308492183685 0.36566099524498 0.387022510170937 0.391265988349915 0.377007007598877 0.372851997613907 0.420718520879745 0.425289005041122 0.410320490598679 0.40022474527359 0.431933999061584
-9999 -9999 -9999 -9999 -9999 -9999 -9999 -9999 -9999 -9999 -9999 -9999 -9999 -9999 -9999 -9999 -9999 -9999 -9999 -9999 -9999 -9999 -9999 -9999 -9999 1.19121462106705 1.59870457649231 1.39199396967888 1.21170526742935 1.48063346743584 1.85317200422287 2.00563198328018 1.80618524551392 1.41376125812531 1.12215676903725 0.953317523002625 0.909239262342453 0.892502278089523 0.917588979005814 0.874297499656677 0.777937531471252 0.636871486902237 0.570156008005142 0.508619248867035 0.462450742721558 0.420923978090286 0.404934749007225 0.38171249628067 0.34926974773407 0.33424649387598 0.325476005673409 0.315183006227016 0.338261246681213 0.359286747872829 0.394125759601593 0.397221744060516 0.404115736484528 0.457890763878822 0.470789238810539 0.464280769228935 0.465854242444038 0.491499021649361
-9999 -9999 -9999 -9999 -9999 -9999 -9999 -9999 -9999 -9999 -9999 -9999 -9999 -9999 -9999 -9999 -9999 -9999 -9999 -9999 -9999 -9999 -9999 -9999 -9999 1.05644845962524 1.56371480226517 1.96512830257416 2.0484277009964 2.11223620176315 2.17251670360565 1.98742121458054 1.58239728212357 1.24992898106575 0.924173980951309 0.82219871878624 0.78108823299408 0.786761283874512 0.823828518390656 0.814908742904663 0.72827173769474 0.620557487010956 0.562420517206192 0.532579511404037 0.525691509246826 0.474687740206718 0.441432729363441 0.413876250386238 0.364295996725559 0.352103255689144 0.327299259603024 0.333036750555038 0.33236700296402 0.327117003500462 0.363750748336315 0.395396992564201 0.43768572807312 0.581762999296188 0.607454985380173 0.630635261535645 0.519559487700462 0.531303763389587
-9999 -9999 -9999 -9999 -9999 -9999 -9999 -9999 -9999 -9999 -9999 -9999 -9999 -9999 -9999 -9999 -9999 -9999 -9999 -9999 -9999 -9999 -9999 -9999 1.31647038459778 1.34447175264359 1.72268933057785 1.95992320775986 2.16068333387375 2.26805108785629 2.12484222650528 1.57676178216934 1.06203898787498 0.839344471693039 0.796007215976715 0.728017508983612 0.7173862606287 0.708351731300354 0.712212771177292 0.701426267623901 0.647080510854721 0.590081244707108 0.53337000310421 0.474241510033607 0.438954770565033 0.394655227661133 0.410333231091499 0.393946498632431 0.379217237234116 0.373605743050575 0.367212742567062 0.345431998372078 0.333620242774487 0.331051491200924 0.396494999527931 0.48717226088047 0.432561010122299 0.479227513074875 0.591421499848366 0.644283771514893 0.660488247871399 0.632534265518188
-9999 -9999 -9999 -9999 -9999 -9999 -9999 -9999 -9999 -9999 -9999 -9999 -9999 -9999 -9999 -9999 -9999 -9999 -9999 -9999 -9999 -9999 -9999 1.50594073534012 1.23417976498604 1.94951319694519 2.28905618190765 2.27848953008652 2.14925926923752 1.8265882730484 1.09036123752594 0.973272711038589 0.828872233629227 0.7292640209198 0.714012756943703 0.637769266963005 0.653329521417618 0.631779000163078 0.618438005447388 0.58119598031044 0.530461505055428 0.480852752923965 0.448182731866837 0.413271769881248 0.384284242987633 0.346956007182598 0.34443374723196 0.342953257262707 0.341753996908665 0.336884245276451 0.327833242714405 0.331829242408276 0.326836489140987 0.347437508404255 0.395180985331535 0.545801997184753 0.509789228439331 0.529912501573563 0.532085984945297 0.555788263678551 0.606180757284164 0.586397990584373
-9999 -9999 -9999 -9999 -9999 -9999 -9999 -9999 -9999 -9999 -9999 -9999 -9999 -9999 -9999 -9999 -9999 -9999 -9999 -9999 -9999 -9999 7.73043330226626 9.13293024301529 1.4217337667942 1.28146353363991 1.41959246993065 1.55344641208649 1.6693087220192 1.79747092723846 2.0752454996109 1.05756595730782 0.801612764596939 0.83026796579361 0.654835492372513 0.614712730050087 0.585998252034187 0.527166768908501 0.490973979234695 0.509173482656479 0.529406234622002 0.488405987620354 0.512105271220207 0.480911269783974 0.422889769077301 0.392862752079964 0.333512239158154 0.325948499143124 0.383291244506836 0.358851000666618 0.351741001009941 0.332256004214287 0.346181251108646 0.368436746299267 0.412211269140244 0.497613742947578 0.511931240558624 0.537448480725288 0.549929246306419 0.500551521778107 0.493408486247063 0.469930484890938
-9999 -9999 -9999 -9999 -9999 -9999 -9999 -9999 -9999 -9999 -9999 -9999 -9999 -9999 -9999 -9999 -9999 -9999 -9999 -9999 2.64602583646774 1.76365764141083 1.77184373140335 1.89725106954575 1.74017930030823 1.61001831293106 1.45339724421501 1.47193872928619 1.5733979344368 1.48712253570557 1.2190680205822 1.08176770806313 0.792919456958771 0.717039003968239 0.712445989251137 0.584303230047226 0.557105988264084 0.545490771532059 0.577626004815102 0.622668743133545 0.635352730751038 0.52698826789856 0.5222437530756 0.603302255272865 0.581024989485741 0.522005259990692 0.441602244973183 0.428397014737129 0.503897979855537 0.513200998306274 0.49378801882267 0.446792989969254 0.433660492300987 0.397948488593102 0.427515015006065 0.476578518748283 0.485443487763405 0.549660757184029 0.560283020138741 0.548925742506981 0.508943259716034 0.467827498912811
-9999 -9999 -9999 -9999 -9999 -9999 -9999 -9999 -9999 -9999 -9999 -9999 -9999 -9999 -9999 -9999 -9999 -9999 -9999 -9999 -9999 2.48349709510803 1.4255762398243 1.15441623330116 1.99120652675629 2.05306506156921 1.97533357143402 1.79587054252625 1.57360947132111 1.48367929458618 0.954779237508774 0.767935484647751 0.729895502328873 0.747854232788086 0.732717767357826 0.714042752981186 0.584912985563278 0.586740016937256 0.639370501041412 0.659614518284798 0.70185224711895 0.669702753424644 0.644061014056206 0.619415983557701 0.623996257781982 0.574719741940498 0.495592519640923 0.475564509630203 0.503205746412277 0.521039262413979 0.503107488155365 0.503264978528023 0.505941733717918 0.497910752892494 0.469482734799385 0.500701501965523 0.537640482187271 0.522553503513336 0.528416231274605 0.529030501842499 0.529593005776405 0.515751019120216
-9999 -9999 -9999 -9999 -9999 -9999 -9999 -9999 -9999 -9999 -9999 -9999 -9999 -9999 -9999 -9999 -9999 -9999 -9999 2.73082820177078 2.01196849346161 1.90075725317001 1.94420546293259 1.93853402137756 2.16017854213715 2.18685078620911 1.92763727903366 1.04631677269936 1.02908778190613 0.920110523700714 0.862190276384354 0.839797496795654 0.849225014448166 0.797967731952667 0.740823000669479 0.730913266539574 0.761720985174179 0.839820742607117 0.822684019804001 0.798011273145676 0.841645538806915 0.89577528834343 0.895404785871506 0.648086249828339 0.592706233263016 0.567394495010376 0.494979009032249 0.505876511335373 0.497834980487823 0.504611268639565 0.518771231174469 0.52410976588726 0.508967265486717 0.498786762356758 0.503967761993408 0.506593510508537 0.506594270467758 0.507532507181168 0.505700245499611 0.505628988146782 0.509047508239746 0.516241505742073
-9999 -9999 -9999 -9999 -9999 -9999 -9999 -9999 -9999 -9999 -9999 -9999 -9999 -9999 -9999 -9999 -9999 -9999 2.92286658287048 2.59479552507401 2.0935492515564 1.61234468221664 1.71054983139038 1.96840417385101 1.58960777521133 1.49320498108864 1.40885773301125 1.24222496151924 1.03553625941277 1.02604946494102 1.10790449380875 1.09129428863525 0.924569964408875 0.83140504360199 0.802348494529724 0.823533743619919 0.969390749931335 1.19680953025818 1.03149828314781 0.838970214128494 0.847146034240723 0.84671026468277 0.71976301074028 0.614563509821892 0.593451753258705 0.559619978070259 0.505157232284546 0.489069744944572 0.478698000311852 0.471118479967117 0.498002260923386 0.504459008574486 0.516445487737656 0.517137005925179 0.510975748300552 0.514649257063866 0.495104268193245 0.50390625 0.494376763701439 0.486987009644508 0.470725491642952 0.486981734633446
-9999 -9999 -9999 -9999 -9999 -9999 -9999 -9999 -9999 -9999 -9999 -9999 -9999 -9999 -9999 -9999 -9999 4.07204532623291 3.47391986846924 2.85324728488922 2.30543106794357 1.9753845334053 1.92218631505966 1.94933170080185 1.55376452207565 1.29841348528862 1.21907320618629 1.13223150372505 0.989429980516434 0.95416796207428 0.947234988212585 1.0640774667263 1.14772045612335 1.08544573187828 0.909176230430603 0.870655506849289 1.02644929289818 0.975338995456696 0.975903779268265 0.894726723432541 0.799226224422455 0.774751514196396 0.752734512090683 0.716511011123657 0.684835508465767 0.642529517412186 0.525765001773834 0.494728490710258 0.457766264677048 0.449242517352104 0.475825488567352 0.491209521889687 0.50219102203846 0.51130498945713 0.512109741568565 0.506490737199783 0.497222989797592 0.504884988069534 0.507735013961792 0.501038253307343 0.4935532361269 0.47920797765255
-9999 -9999 -9999 -9999 -9999 -9999 -9999 -9999 -9999 -9999 -9999 -9999 -9999 -9999 -9999 -9999 -9999 -9999 -9999 4.05860280990601 1.8072897195816 1.86042308807373 1.95417219400406 1.90485298633575 2.22941547632217 1.2437362074852 1.25975328683853 1.49307596683502 1.69975689053535 0.971043705940247 1.10256600379944 1.15260073542595 1.15074151754379 1.16265079379082 1.12890672683716 1.0587944984436 0.952835261821747 1.04104802012444 1.00469478964806 0.953022032976151 0.933626264333725 0.920153260231018 0.911125481128693 0.878340035676956 0.69266702234745 0.682454243302345 0.558378741145134 0.533860489726067 0.482317507266998 0.435261771082878 0.456339731812477 0.472765490412712 0.484776020050049 0.492758229374886 0.494603231549263 0.500180259346962 0.486348018050194 0.483565494418144 0.491697013378143 0.492881253361702 0.513787508010864 0.521590501070023
-9999 -9999 -9999 -9999 -9999 -9999 -9999 -9999 -9999 -9999 -9999 -9999 -9999 -9999 -9999 3.8189698094907 13.8141589164734 24.2231428439801 3.03245033025742 2.5265097618103 1.72926700115204 2.04950362443924 2.62899228930473 2.65662977099419 2.19502487778664 1.88238926231861 2.09551124274731 1.87774888426065 1.92394653707743 1.16193303465843 1.2842715382576 1.51227754354477 1.58842724561691 1.65350997447968 1.40915098786354 1.52788871526718 1.5337747335434 1.6092569231987 0.9490747153759 0.943365722894669 0.982304245233536 0.92326346039772 0.868617743253708 0.772380709648132 0.698577001690865 0.67670626938343 0.807461231946945 0.493523240089417 0.494130000472069 0.478376269340515 0.474926993250847 0.47869049012661 0.489091515541077 0.50799223780632 0.541596740484238 0.524217009544373 0.512525260448456 0.509937018156052 0.49941149353981 0.504281982779503 0.516413256525993 0.53541299700737
-9999 -9999 -9999 -9999 -9999 -9999 -9999 -9999 -9999 -9999 35.2986888885498 35.2986888885498 13.7248649597168 10.7140309810638 3.13935542106628 3.1375093460083 3.22633802890778 3.15314090251923 3.34538018703461 2.85743173956871 2.60871747136116 2.6594725549221 2.77099576592445 1.89989277720451 2.46324497461319 2.27631825208664 1.06790176033974 1.05971547961235 2.03899130225182 1.24971377849579 0.951554238796234 1.60055708885193 2.04259729385376 2.26170533895493 2.34245932102203 1.73713874816895 1.73027032613754 1.65810817480087 1.09899446368217 1.14968451857567 0.788682729005814 0.743593499064445 0.702995270490646 0.700470015406609 0.816721491515636 0.797774612903595 0.72841427475214 0.550614014267921 0.536126241087914 0.571471497416496 0.532475262880325 0.53243100643158 0.438447743654251 0.509965494275093 0.599700003862381 0.627144768834114 0.599200487136841 0.5625059902668 0.551462978124619 0.521199747920036 0.527152508497238 0.550610259175301
-9999 -9999 -9999 -9999 -9999 -9999 -9999 -9999 -9999 -9999 35.2986888885498 8.795975957598 5.72907464504242 6.60767369270325 2.86846196651459 2.77578073740005 3.5129359960556 5.00653517246246 9.7074357330209 3.22758952208928 3.12892638444901 1.93999725580215 2.63553732633591 2.91529583930969 3.43669033050537 2.71214359998703 1.65656754374504 1.4426067173481 1.52229177951813 1.51744922995567 1.39378219842911 1.72597950696945 1.75753283500671 2.01518851518631 2.24496442079544 1.02564251422882 1.01672625541687 1.08516299724579 0.939129024744034 0.862699113786221 0.8255819901824 0.781307615339756 0.875304758548737 0.80223673582077 0.746362522244453 0.817830741405487 0.671582981944084 0.537514507770538 0.543397486209869 0.536361739039421 0.568188741803169 0.896963596343994 0.368104510009289 0.496989771723747 0.649914756417274 0.71535824239254 0.763026773929596 0.798177033662796 0.789576709270477 0.636016488075256 0.618454501032829 0.61490173637867
-9999 -9999 -9999 -9999 -9999 -9999 -9999 -9999 -9999 -9999 -9999 -9999 -9999 5.25326120853424 5.46381011009216 5.85652368409293 -9999 -9999 -9999 -9999 -9999 -9999 2.98939397335053 2.8518307685852 2.52854490280151 2.66947704553604 2.02659520506859 1.72112172842026 1.76379603147507 1.7000892162323 1.29482573270798 1.25401774048805 1.11469200253487 1.14886876940727 1.29885849356651 1.27173098921776 1.08807998895645 0.872406721115112 0.88995099067688 0.827256739139557 0.815195605158806 0.787954866886139 0.744324378669262 0.70397512614727 0.693252749741077 0.670888133347034 0.868345499038696 0.620414257049561 0.549028515815735 0.76537312567234 0.796093471348286 0.886651128530502 0.928569406270981 0.892909526824951 0.785358756780624 0.714528009295464 0.780476957559586 0.82116374373436 0.802391231060028 0.736691996455193 0.668394729495049 0.629044488072395
-9999 -9999 -9999 -9999 -9999 -9999 -9999 -9999 -9999 -9999 -9999 -9999 -9999 16.6274771690369 16.6274771690369 16.6274771690369 -9999 -9999 -9999 -9999 -9999 -9999 4.94490551948547 4.94490551948547 4.94490551948547 0.308659605681896 4.32960430383682 3.46593049764633 1.78594502806664 1.76585374474525 1.91849207282066 1.07697446644306 1.26788023114204 1.3473187983036 1.40975153446198 1.79618221521378 1.66655248403549 0.981591761112213 1.01077164709568 0.716655761003494 1.05869700014591 0.963297754526138 1.03751961886883 0.860971882939339 0.830253750085831 0.928880274295807 0.901975482702255 1.05521777272224 0.970389783382416 0.812631011009216 0.885381013154984 0.941234260797501 1.02434322237968 0.948299288749695 0.775519497692585 0.868621855974197 1.06713415682316 0.775511294603348 0.766904264688492 0.769192457199097 0.772980004549026 0.787287712097168
-9999 -9999 -9999 -9999 -9999 -9999 -9999 -9999 -9999 -9999 -9999 -9999 -9999 -9999 -9999 -9999 -9999 -9999 -9999 -9999 -9999 -9999 -9999 -9999 -9999 -9999 7.99881964921951 3.99767972230911 3.17679948806763 2.1974992454052 1.98078048229218 1.93267145752907 1.67464029788971 2.26895669102669 3.16515222191811 3.92493996024132 2.63796001672745 2.28176575899124 1.60903725028038 0.878538519144058 0.789844006299973 0.813660711050034 0.923793733119965 0.909932255744934 0.880375474691391 0.95301827788353 0.979166239500046 0.936033010482788 0.920630246400833 0.982113003730774 1.05786672234535 0.870449244976044 0.845032900571823 0.815701872110367 0.808251388370991 0.692704260349274 0.689479485154152 0.715407729148865 0.593129262328148 0.587467521429062 0.600392997264862 0.616874992847443
-9999 -9999 -9999 -9999 -9999 -9999 -9999 -9999 -9999 -9999 -9999 -9999 -9999 -9999 -9999 -9999 -9999 -9999 -9999 -9999 -9999 -9999 -9999 -9999 -9999 -9999 -9999 2.80308383703232 2.58542928099632 2.11803299188614 2.20995146036148 1.17041051387787 2.7421740591526 3.7951058447361 3.75968369841576 2.96002465486526 2.54800167679787 2.42208948731422 1.62820649147034 0.837224751710892 0.787757769227028 0.941347539424896 0.962648212909698 0.842298746109009 0.852291762828827 0.849173247814178 0.856364965438843 0.895617038011551 0.977710515260696 1.03334400057793 1.05357375741005 1.0098948776722 1.02000452578068 0.955040663480759 0.871807873249054 0.906446233391762 1.01003812998533 0.86439672857523 0.856972485780716 0.867167249321938 0.530873984098434 0.563114985823631
