EcologicalScience/Bass/data/rs_data_bass/chl_228.asc
NCOLS 226 
NROWS 124 
XLLCORNER -9.41648524995501 
YLLCORNER 47.587301625531 
CELLSIZE 0.0833 
NODATA_value -9999 
[rows 0 to 26 of 124, columns 62 to 123 of 226]
-9999 -9999 -9999 -9999 -9999 -9999 -9999 -9999 -9999 -9999 -9999 -9999 -9999 -9999 -9999 -9999 -9999 -9999 -9999 -9999 -9999 -9999 -9999 -9999 -9999 -9999 -9999 -9999 -9999 -9999 -9999 -9999 -9999 -9999 -9999 -9999 -9999 -9999 -9999 -9999 -9999 -9999 -9999 -9999 -9999 -9999 -9999 -9999 -9999 -9999 -9999 -9999 -9999 -9999 -9999 -9999 -9999 -9999 -9999 -9999 -9999 -9999
-9999 -9999 -9999 -9999 -9999 -9999 -9999 -9999 -9999 -9999 -9999 -9999 -9999 -9999 -9999 -9999 -9999 -9999 -9999 -9999 -9999 -9999 -9999 -9999 -9999 -9999 -9999 -9999 -9999 -9999 -9999 -9999 -9999 -9999 -9999 -9999 -9999 -9999 -9999 -9999 -9999 -9999 -9999 -9999 -9999 -9999 -9999 -9999 -9999 -9999 -9999 -9999 -9999 -9999 -9999 -9999 -9999 -9999 -9999 -9999 -9999 -9999
-9999 -9999 -9999 -9999 -9999 -9999 -9999 -9999 -9999 -9999 -9999 -9999 -9999 -9999 -9999 -9999 -9999 -9999 -9999 -9999 -9999 -9999 -9999 -9999 -9999 -9999 -9999 -9999 -9999 -9999 -9999 -9999 -9999 -9999 -9999 -9999 -9999 -9999 -9999 -9999 -9999 -9999 -9999 -9999 -9999 -9999 -9999 -9999 -9999 -9999 -9999 -9999 -9999 -9999 -9999 -9999 -9999 -9999 -9999 -9999 -9999 -9999
-9999 -9999 -9999 -9999 -9999 -9999 -9999 -9999 -9999 -9999 -9999 -9999 -9999 -9999 -9999 -9999 -9999 -9999 -9999 -9999 -9999 -9999 -9999 -9999 -9999 -9999 -9999 -9999 -9999 -9999 -9999 -9999 -9999 -9999 -9999 -9999 -9999 -9999 -9999 -9999 -9999 -9999 -9999 -9999 -9999 -9999 -9999 -9999 -9999 -9999 -9999 -9999 -9999 -9999 -9999 -9999 -9999 -9999 -9999 -9999 -9999 -9999
-9999 -9999 -9999 -9999 -9999 -9999 -9999 -9999 -9999 -9999 -9999 -9999 -9999 -9999 -9999 -9999 -9999 -9999 -9999 -9999 -9999 -9999 -9999 -9999 -9999 -9999 -9999 -9999 -9999 -9999 -9999 -9999 -9999 -9999 -9999 -9999 -9999 -9999 -9999 -9999 -9999 -9999 -9999 -9999 -9999 -9999 -9999 -9999 -9999 -9999 -9999 -9999 -9999 -9999 -9999 -9999 -9999 -9999 -9999 -9999 -9999 -9999
-9999 -9999 -9999 -9999 -9999 -9999 -9999 -9999 -9999 -9999 -9999 -9999 -9999 -9999 -9999 -9999 -9999 -9999 -9999 -9999 -9999 -9999 -9999 -9999 -9999 -9999 -9999 -9999 0.63735419511795 0.981814602430719 0.95132231186418 0.840985620723051 0.772963695666369 0.634229903419813 0.569774324695269 0.528209840257963 0.489189590017001 0.477464750409126 0.472137754162153 0.469698756933212 0.470401659607887 0.464512760440509 0.52581117550532 0.534347668290138 0.537329397703472 0.484675337870916 0.476116913206437 0.438181784469634 0.433746804209316 0.469267744570971 0.505105501972139 0.504799459786976 0.521012632285847 0.543554411214941 0.536951559431413 0.565223196850103 0.545721828060992 0.542772223844248 0.504380730145118 0.589395887711469 0.559050923761199 0.510770838050281
-9999 -9999 -9999 -9999 -9999 -9999 -9999 -9999 -9999 -9999 -9999 -9999 -9999 -9999 -9999 -9999 -9999 -9999 -9999 -9999 -9999 -9999 -9999 -9999 -9999 -9999 1.18186515569687 1.0627324283123 1.6556298583746 1.92783325910568 1.48987897354014 1.11714621326503 0.767645821851843 0.66917970688904 0.594492048025131 0.568528412019505 0.53440747366232 0.532277031856425 0.494725336631139 0.484955007831256 0.48058341940244 0.490315159161886 0.492025837302208 0.486894657214483 0.574004370915262 0.54699237147967 0.55862362186114 0.475376192261191 0.570809781551361 0.567368259032567 0.565490668018659 0.558292536064982 0.556368654593825 0.541556443087757 0.527506643906236 0.529129003174603 0.541505532229648 0.519950798329185 0.492726492531159 0.451903184547144 0.435937940197832 0.479963022119859
-9999 -9999 -9999 -9999 -9999 -9999 -9999 -9999 -9999 -9999 -9999 -9999 -9999 -9999 -9999 -9999 -9999 -9999 -9999 -9999 -9999 -9999 -9999 -9999 -9999 -9999 1.18186515569687 1.90319717427095 1.65183175106843 1.25283037914949 1.15781772136688 1.01094641404993 0.651981761058172 0.559871325890223 0.534745266040166 0.535994034479646 0.600931913537138 0.55816663100439 0.565975411849863 0.561922878026962 0.494414503375689 0.501215572158496 0.518285930156708 0.505330001314481 0.601343454498994 0.587602165838083 0.579752529660861 0.567231928308805 0.565188556909561 0.577663773670793 0.572674454189837 0.565748210996389 0.576811694540083 0.554596410132945 0.551541083492339 0.534121454693377 0.500197593122721 0.484615905319943 0.471078806940247 0.44345254056594 0.451492143904462 0.456855439087924
-9999 -9999 -9999 -9999 -9999 -9999 -9999 -9999 -9999 -9999 -9999 -9999 -9999 -9999 -9999 -9999 -9999 -9999 -9999 -9999 -9999 -9999 -9999 -9999 -9999 -9999 2.63637473048835 1.67703697582086 1.26171324533575 0.957827210426331 0.875369504970663 0.830198838430292 0.748954580110662 0.618330927456127 0.599463880062103 0.568590662935201 0.572571881553706 0.559491313555661 0.558284779681879 0.559534144752166 0.566554271999527 0.56422476821086 0.498829747239749 0.480140909552574 0.505452498793602 0.54765260964632 0.583323573072751 0.590215486784776 0.596300090352694 0.571612323323886 0.486427277326584 0.555574547499418 0.570089338347316 0.55890385620296 0.55123171582818 0.533649011515081 0.447386140935123 0.452613386161187 0.454096027156886 0.455454897354631 0.484716088456266 0.485198546858395
-9999 -9999 -9999 -9999 -9999 -9999 -9999 -9999 -9999 -9999 -9999 -9999 -9999 -9999 -9999 -9999 -9999 -9999 -9999 -9999 -9999 -9999 -9999 -9999 -9999 1.19121462106705 1.75146356650761 1.34932703276475 1.05643821756045 0.814992685528362 0.76571048708523 0.731852728654357 0.647607706925448 0.633652630974265 0.586827080915956 0.579024214078398 0.557149589938276 0.523717561188866 0.561884243698681 0.538782322231461 0.479728485147158 0.515674631385242 0.519224471905652 0.531380038051044 0.546513358459753 0.540447939187288 0.597075241617858 0.6012710519135 0.598360215313733 0.577748947776854 0.582741974852979 0.579638519324362 0.557975253090262 0.536892520263791 0.547608847729862 0.531954942271113 0.547535081394017 0.490143706693369 0.482377331046497 0.501142767422339 0.556675809271195 0.534611773841521
-9999 -9999 -9999 -9999 -9999 -9999 -9999 -9999 -9999 -9999 -9999 -9999 -9999 -9999 -9999 -9999 -9999 -9999 -9999 -9999 -9999 -9999 -9999 -9999 -9999 1.46452424923579 1.28071688115597 1.18903883298238 0.88069595133557 0.778257182415794 0.704688932965783 0.67200664211722 0.65423938193742 0.668838219607578 0.595900152535999 0.59628263817114 0.701205421896542 0.502291902899742 0.496672496199608 0.551146516905111 0.587821302004158 0.560050028376281 0.556072049281176 0.55679488094414 0.558295185075087 0.569665542420219 0.706208419986069 0.611019101925194 0.626247846521437 0.603090360760689 0.602543151006103 0.546244044788182 0.506952507421374 0.511127075180411 0.541177416220307 0.549781171604991 0.550091771408916 0.450005359947681 0.45449537126457 0.465966921518831 0.472445765838904 0.458161056918256
-9999 -9999 -9999 -9999 -9999 -9999 -9999 -9999 -9999 -9999 -9999 -9999 -9999 -9999 -9999 -9999 -9999 -9999 -9999 -9999 -9999 -9999 -9999 -9999 1.31647038459778 1.47935420460999 1.15693435423514 1.09754614531994 0.871927015921649 0.818332303972805 0.762690808843164 0.726526689880034 0.654391673557899 0.633432863389744 0.652460838065428 0.736669218715499 0.742042543256984 0.689138008391156 0.704122921123224 0.630815123207867 0.62679891474545 0.593262003734708 0.625786358490586 0.585897889919579 0.545817717033274 0.523833703468828 0.517495638307403 0.533548563718796 0.980448625981808 0.922303212806582 0.732709228992462 0.575730431824923 0.473597712814808 0.491950132884085 0.481826473027468 0.487912310287356 0.48447238560766 0.491643874084248 0.519997500321444 0.456911683959119 0.470320904079606 0.487600977806484
-9999 -9999 -9999 -9999 -9999 -9999 -9999 -9999 -9999 -9999 -9999 -9999 -9999 -9999 -9999 -9999 -9999 -9999 -9999 -9999 -9999 -9999 -9999 1.50594073534012 1.59037018523497 1.29962603309575 1.17007692070568 0.908067257965312 0.809622435008778 0.784142432843938 0.747566268724554 0.698410070994321 0.666319449158276 0.662389376584221 0.702410922330968 0.720610962194555 0.70965429614572 0.722944150076193 0.696683409459451 0.647908987367854 0.630308252923629 0.665295678903075 0.651993557810783 0.668137631872121 0.629600328557631 0.547478377819061 0.518302812295802 0.518072941723992 1.06154364813119 2.83967632334679 1.63829731754959 1.56938417628407 1.15929288323969 0.536280923029956 0.546117301372921 0.54064679934698 0.518242199631298 0.514507391873528 0.527167804977473 0.513775840401649 0.542754158377647 0.494544688393088
-9999 -9999 -9999 -9999 -9999 -9999 -9999 -9999 -9999 -9999 -9999 -9999 -9999 -9999 -9999 -9999 -9999 -9999 -9999 -9999 -9999 -9999 2.51411467790604 2.85500750541687 1.4868516062989 0.788933370262384 0.76048837043345 0.719023358076811 0.763311382602243 0.745480651364607 0.707841043963152 0.696648743222742 0.690536832984756 0.700331857975791 0.743865698575974 0.753187366268214 0.732702994171311 0.710068994585206 0.690750457784709 0.676556749378934 0.747638896107674 0.737395149966081 0.731981260081132 0.718175840874513 0.70946062852939 0.641865807585418 0.633332239463925 0.560726403258741 0.538896915667197 0.549791908822954 0.545003525912762 0.512700844556093 0.430806320160627 0.544427517582388 0.519268815131748 0.523179704652113 0.541092585114872 0.528550912352169 0.538577393573873 0.567765741663821 0.53324601550897 0.545044243335724
-9999 -9999 -9999 -9999 -9999 -9999 -9999 -9999 -9999 -9999 -9999 -9999 -9999 -9999 -9999 -9999 -9999 -9999 -9999 -9999 2.64602583646774 3.03829454086922 2.16822224110365 2.10089153051376 1.35928582549095 0.825215678662062 0.772044681943953 0.689425410702825 0.650709087029099 0.755644593168707 0.75546924243955 0.735250111888437 0.730989280868979 0.640247421339154 0.788793028277509 0.670489959418774 0.734026196248391 0.823560034235319 0.691935347283588 0.769559318820636 0.754045163591703 0.727522393067678 0.69356190909942 0.679002632697423 0.686966381967068 0.61256792396307 0.589258071966469 0.58813030924648 0.645606072619557 0.647206999361515 0.544400710612535 0.54655092023313 0.556550039964564 0.559384666821536 0.53424463727895 0.509892127969686 0.522220041821985 0.525326473747983 0.537110427723211 0.571971298140638 0.522449841101964 0.532864158352216
-9999 -9999 -9999 -9999 -9999 -9999 -9999 -9999 -9999 -9999 -9999 -9999 -9999 -9999 -9999 -9999 -9999 -9999 -9999 -9999 2.19514422802597 1.89549378554026 1.42418176531792 1.34720354676247 0.898697376251221 0.826691579818726 0.907589846290648 0.869013919495046 0.834176299162209 0.85263206152355 0.7878847744535 0.803709539420465 0.8014256726293 0.835351043764283 0.800176738816149 0.683432695269585 0.841308921575546 0.844141244888306 0.701599957421422 0.680300178006291 0.657913416624069 0.692519682149092 0.680196488897006 0.667893971006076 0.639987314740817 0.620859595946968 0.600664065219462 0.598368281498551 0.620757009834051 0.621192955411971 0.611392976716161 0.547501729801297 0.517313006334007 0.51866443734616 0.52019480522722 0.547209204174578 0.469030835665762 0.518950052997645 0.525497083278263 0.503892496228218 0.517337342103322 0.525668745239576
-9999 -9999 -9999 -9999 -9999 -9999 -9999 -9999 -9999 -9999 -9999 -9999 -9999 -9999 -9999 -9999 -9999 -9999 -9999 2.6494767665863 1.83031070977449 1.5340118072927 1.23079384490848 1.11232405900955 1.03901596739888 0.815800935029984 0.775768625736237 0.792630279064178 0.713666528463364 0.834041839136797 0.825499476755367 0.825974017381668 0.824259099714896 0.785953576073927 0.918544506033262 0.905521298448245 0.736819759011269 0.7302490985021 0.705103676766157 0.687014398165047 0.674875692464411 0.684695087373257 0.64397719502449 0.623870252631605 0.570394349098206 0.540703511238098 0.61743950843811 0.617195662111044 0.619434845633805 0.636341669596732 0.647077272646129 0.585665476508439 0.532634577713907 0.537777618505061 0.549749300815165 0.54099784232676 0.526159725645009 0.573706776780241 0.494329919417699 0.508781750996908 0.518162841598193 0.529006918271383
-9999 -9999 -9999 -9999 -9999 -9999 -9999 -9999 -9999 -9999 -9999 -9999 -9999 -9999 -9999 -9999 -9999 -9999 2.46434656211308 2.31685692071915 2.08896313394819 2.3172038435936 1.53906297683716 1.36852128505707 1.36382972002029 1.10837151748793 1.02311860237803 0.882765769958496 0.873024638210024 0.797493313040052 0.653844846412539 0.559056093916297 0.551215393468738 0.903395553429921 0.905891105532646 0.734260652871693 0.757002415135503 0.741235200315714 0.71136826928705 0.71074568387121 0.680186284705997 0.656782323494554 0.654535646550357 0.65076013840735 0.63978252466768 0.630286451429129 0.612630193121731 0.59915302041918 0.617458602413535 0.628831330686808 0.603556676767766 0.483828702941537 0.503533671610057 0.518597924150527 0.539312850683928 0.538360292420668 0.680908409988179 0.488091334700584 0.48475156724453 0.410085095202222 0.46108591644203 0.462251707034953
-9999 -9999 -9999 -9999 -9999 -9999 -9999 -9999 -9999 -9999 -9999 -9999 -9999 -9999 -9999 -9999 -9999 20.3647711759358 1.9200405733926 1.75640965359552 2.35724547079631 1.81891350235258 1.4797579560961 1.52576776146889 1.37293887138367 1.273528444767 1.04184328232493 0.975654193333217 0.867906076567514 0.834412617342813 0.678429518427168 0.639613828488759 0.577383443713188 0.97714683227241 0.84416258521378 0.766054227948189 0.765686362981796 0.733445129357278 0.732234489172697 0.634275931645842 0.730554260313511 0.741603384415309 0.723058618605137 0.724794946610928 0.489838224123506 0.619889806956053 0.587984159588814 0.618527107872069 0.594485814683139 0.574559464174158 0.557235688847654 0.533961748375612 0.530550359803088 0.544131535817595 0.545680277487811 0.53213386500583 0.4639255464077 0.384220308624208 0.371676490587347 0.356910480295911 0.403498050044565 0.392361129031462
-9999 -9999 -9999 -9999 -9999 -9999 -9999 -9999 -9999 -9999 -9999 -9999 -9999 -9999 -9999 -9999 -9999 -9999 -9999 1.52398037910461 1.06306695086615 1.02825604166303 2.1280310511589 0.966457524469921 1.06916560445513 1.02271980898721 0.989835211208889 0.977850002901895 0.851279688732965 0.89529812335968 0.735814933265958 0.594506800174713 0.834963893890381 0.843440193682909 0.736996963620186 0.637005597352982 0.768404262140393 0.732177380472422 0.798899407188098 0.773817382752895 0.755429980655511 0.768647640943527 0.753943371276061 0.707846986750762 0.671326509676874 0.666260534897447 0.548492942936718 0.458254503352301 0.455957391858101 0.437499140202999 0.423675911128521 0.406051656603813 0.419561845064163 0.44173920750618 0.4668865442276 0.530595913529396 0.475538348158201 0.380202756263316 0.34902336448431 0.378768051371855 0.356386807911536 0.463350836845005
-9999 -9999 -9999 -9999 -9999 -9999 -9999 -9999 -9999 -9999 -9999 -9999 -9999 -9999 -9999 3.82163970366768 5.54395085020763 2.81198217719793 1.53703743964434 1.33363699167967 0.948157042264938 1.15744606937681 1.09061356953212 1.08453065156937 1.03691681793758 1.02266431280545 0.989185350281852 0.955783277750015 0.900078215769359 0.763692970786776 0.762612857988903 0.791735568216869 0.806296099509512 0.663254046014377 0.667790996176856 0.717339576222003 0.588173693418503 0.756587033160031 0.793341507514318 0.778869499762853 0.766250140964985 0.737732869883378 0.732443489134312 0.735295062884688 0.625206987373531 0.594181610271335 0.552330583333969 0.420249590277672 0.43276230096817 0.463032612204552 0.44191874563694 0.447784043848515 0.452862592041492 0.455867850780487 0.45913844704628 0.424287009984255 0.443516690816198 0.418171501585415 0.413048917427659 0.376448445953429 0.339493903167108 0.348354927757207
-9999 -9999 -9999 -9999 -9999 -9999 -9999 -9999 -9999 -9999 35.2986888885498 35.2986888885498 13.7248649597168 2.25016224810055 2.20571346580982 1.96111942827702 2.32644805312157 1.5478372488703 1.69759989636285 1.62754626785006 1.36319140344858 1.00815918190139 0.972526724849428 1.08670827001333 1.50648640394211 1.35375813245773 0.902267243180956 0.915945321321487 0.816675118037632 4.26510182619095 1.17945906892419 0.825346785433152 0.789007039631114 0.786553265417323 0.778204784673803 0.769930006826625 0.715983428499278 0.685490456574103 0.789807386696339 0.7693553538993 0.610830599069595 0.624957493122886 0.600360439980731 0.592482736882041 0.554110050201416 0.572820907831192 0.586415255069733 0.521158495545387 0.49070280790329 0.48174150288105 0.452746197581291 0.448361849784851 0.442409245669842 0.459580788016319 0.4759476095438 0.411079517432622 0.426375427416393 0.4254251654659 0.465730713946479 0.421356098726392 0.378455114364624 0.382167533040047
-9999 -9999 -9999 -9999 -9999 -9999 -9999 -9999 -9999 -9999 35.2986888885498 5.44421700636546 4.75623791558402 4.15815601497889 3.64156930446625 3.34870748519897 2.20718405527227 3.15350510784098 6.23249437047703 2.15244620687821 1.93510738440922 1.48247513920069 1.29621948301792 1.23716338723898 1.10407403111458 3.67974443435669 0.775452017784119 0.710078026567187 0.687696767704827 0.712948718241283 0.763035393813077 0.773237685946857 0.791580082739101 0.749298528713338 0.738140915246571 0.513983527198434 0.486873937770724 0.649870636708596 0.796765501610935 0.65776461187531 0.611220341394929 0.677469166616599 0.674885702629884 0.569498598575592 0.559450680718702 0.634461468458176 0.58151054084301 0.518030890396663 0.475398531981877 0.493591923798834 0.462184202671051 0.437296664714813 0.423362696170807 0.44049000442028 0.445227758958936 0.405125454068184 0.436313343899591 0.429798002753939 0.396808709417071 0.366928028874099 0.337122660130262 0.324268761803122
-9999 -9999 -9999 -9999 -9999 -9999 -9999 -9999 -9999 -9999 -9999 -9999 9.59538743358392 3.35153058171272 9.73755645751953 5.55256580389463 -9999 -9999 -9999 -9999 -9999 -9999 1.66852012101342 1.35159417460946 1.17040708485772 1.04781674286898 0.851985712261761 0.707928759711129 1.57720764478048 1.07028803229332 0.921981263905764 0.824665792286396 0.714813474565744 0.662205101922154 0.513503165915608 0.496260752901435 0.499087054814611 0.458098210394382 0.660937899175812 0.642716543639407 0.730107868711154 0.694281669954459 0.524620895000065 0.438471302390099 0.524555777802187 0.430239298939705 0.511200764599968 0.539547634976251 0.522840851119586 0.494687031422343 0.481842417802129 0.451271142278399 0.407284051179886 0.41705776154995 0.427988565393857 0.410862418157714 0.402705105287688 0.356408109121463 0.431997746229172 0.362589961716107 0.369947031140327 0.335049754806927
-9999 -9999 -9999 -9999 -9999 -9999 -9999 -9999 -9999 -9999 -9999 -9999 -9999 16.6274771690369 16.6274771690369 16.6274771690369 -9999 -9999 -9999 -9999 -9999 -9999 4.94490551948547 4.94490551948547 4.94490551948547 0.308659605681896 1.32940983615424 1.46533054464004 1.15131302791483 0.89618354159243 0.954325938926024 0.905052331440589 0.77443677932024 0.818006215726628 0.602460572496057 0.605030911043286 0.571632541716099 0.443343324320657 0.629593247175217 0.495819088071585 0.501853239886901 0.451993202900185 0.406960344314575 0.409000808000565 0.472166021957117 0.498415723443031 0.515572023742339 0.488311493396759 0.490113463997841 0.463877248764038 0.454283094406128 0.438390147686005 0.418984204530716 0.40180906355381 0.415351612227304 0.400478897350175 0.396448923008783 0.387440353631973 0.31147612631321 0.363522214548928 0.360133716038295 0.365350046753883
-9999 -9999 -9999 -9999 -9999 -9999 -9999 -9999 -9999 -9999 -9999 -9999 -9999 -9999 -9999 -9999 -9999 -9999 -9999 -9999 -9999 -9999 -9999 -9999 -9999 -9999 1.45278423710873 1.69322339226218 2.19205164909363 1.89898471037547 1.84853748480479 1.18901919821898 0.823435496538877 0.741083990782499 0.67243274487555 0.607342679053545 0.541471414268017 0.653547966304947 0.46151408739388 0.458696569715227 0.401744900005204 0.383616743343217 0.412214255332947 0.423754790425301 0.507726120598176 0.544391678912299 0.553836209433419 0.461136308312416 0.467185047268867 0.531978434750012 0.515696895974023 0.50867186486721 0.441538935899735 0.4494784367936 0.397768601775169 0.370331666299275 0.332804532721639 0.329134779050946 0.343671267852187 0.345334149897099 0.372667780146003 0.368165435269475
-9999 -9999 -9999 -9999 -9999 -9999 -9999 -9999 -9999 -9999 -9999 -9999 -9999 -9999 -9999 -9999 -9999 -9999 -9999 -9999 -9999 -9999 -9999 -9999 -9999 -9999 -9999 5.5141841863331 4.25100517272949 3.1849905749162 2.13794849316279 1.58061718940735 0.810308340936899 1.11342083005344 0.94672484257642 0.613893371075392 0.571143278852105 0.483955236151814 0.521603043590273 0.743952992558479 0.755060383677483 0.780824065208435 0.629173828022821 0.607911107795579 0.589697248169354 0.576655587979725 0.510500398278236 0.475265094637871 0.535146436520985 0.519022075193269 0.506040739161628 0.495254241994449 0.454354195033803 0.476288361208779 0.450048738292285 0.368491722004754 0.324218443594873 0.331479649990797 0.351297651417553 0.383246426470578 0.39780364651233 0.397148720920086
