EcologicalScience/Bass/data/rs_data_bass/chl_124.asc
NCOLS 226 
NROWS 124 
XLLCORNER -9.41648524995501 
YLLCORNER 47.587301625531 
CELLSIZE 0.0833 
NODATA_value -9999 
[rows 54 to 80 of 124, columns 124 to 185 of 226]
2.56246644258499 3.00843214988708 3.19316339492798 2.94395917654037 2.24352443218231 1.9221276640892 1.75721257925034 2.28052049875259 1.93925553560257 1.76385676860809 1.53253948688507 1.23621153831482 1.95746022462845 1.29786229133606 1.66345417499542 1.95911246538162 1.69428008794785 1.33449304103851 1.30134299397469 1.38193953037262 1.4374852180481 1.43832823634148 1.51997172832489 1.70581197738647 1.76820230484009 1.94064223766327 2.12225693464279 2.17282354831696 2.06474250555038 2.07893174886703 2.14673781394958 2.23930191993713 2.3411151766777 2.43236178159714 2.40476256608963 2.39902281761169 2.36627858877182 2.39567470550537 2.37798446416855 2.27729254961014 2.22938704490662 2.33295679092407 2.52500778436661 3.14088749885559 3.65528082847595 4.64344811439514 6.17778182029724 6.77729558944702 8.1251585483551 7.82447504997253 9.40697336196899 6.02445354726579 7.06315112113953 6.24196028709412 5.12106227874756 8.50766444206238 12.2693681716919 8.17493748664856 13.0413165092468 9.03780089433377 9.36654262983498 10.7692161153574
3.00055575370789 3.64882957935333 3.66746914386749 3.55762267112732 3.04193258285522 2.6097577214241 3.35156393051147 3.14302361011505 1.82802003622055 1.61104273796082 1.41399827599525 1.28846329450607 1.39119824767113 1.44416552782059 1.53702968358994 1.68258154392242 1.669513463974 1.42166474461555 1.35303148627281 1.53197622299194 1.59628880023956 1.66547924280167 1.79164123535156 1.89377170801163 1.98963528871536 1.96808695793152 2.24185341596603 2.27698642015457 2.26592016220093 2.23490703105927 2.28799116611481 2.27178758382797 2.36772233247757 2.43894892930984 2.44589996337891 2.44812226295471 2.44912272691727 2.30125647783279 2.20332080125809 2.4171239733696 2.72622066736221 2.91859728097916 2.99877905845642 4.40287792682648 5.39551949501038 6.187175989151 7.31169891357422 8.3417501449585 7.05396437644958 5.36133527755737 8.28365278244019 7.30635094642639 7.86527538299561 7.1221776008606 8.37492442131042 8.37443017959595 10.5720698833466 -9999 -9999 -9999 -9999 -9999
3.38898360729218 3.39992237091064 4.04807710647583 4.59946060180664 4.27317667007446 2.63714325428009 1.9405522942543 1.63923382759094 1.52034974098206 1.34133151173592 1.24017521739006 1.15730246901512 1.38409575819969 1.58668041229248 1.62737631797791 1.67045402526855 1.68351066112518 1.58208149671555 1.50802356004715 1.65560030937195 1.87742918729782 1.91895979642868 2.13126593828201 2.09765392541885 2.12632423639297 2.07346951961517 2.20683002471924 2.22333151102066 2.23083525896072 2.26382696628571 2.28729218244553 2.22714006900787 2.21442979574203 2.31392920017242 2.34063220024109 2.36509573459625 2.27129477262497 1.8044182062149 1.85851657390594 2.20289772748947 3.46914732456207 3.9404593706131 4.85951542854309 6.68691301345825 7.43027830123901 7.7883152961731 10.46657538414 6.1225410424746 6.77038478851318 5.67654883861542 5.65451037883759 7.33908605575562 10.6715633869171 13.0661084634544 -9999 -9999 -9999 -9999 -9999 -9999 -9999 -9999
3.21240592002869 2.64042073488235 2.41765719652176 4.37564384937286 2.86871927976608 2.22735607624054 2.05956530570984 1.73934602737427 1.62021607160568 1.46279928088188 1.33019998669624 1.29014852643013 1.188366740942 1.53606444597244 1.64186328649521 1.74580425024033 1.68348079919815 1.66948342323303 1.78027492761612 1.91117852926254 2.11771720647812 2.16759753227234 2.25090605020523 2.18110871315002 2.06001073122025 2.10550653934479 2.1276261806488 2.13777601718903 2.10376882553101 2.06951326131821 2.0691277384758 2.00837177038193 1.97754067182541 2.04751271009445 2.04077625274658 2.01584404706955 1.8319845199585 1.46291550993919 1.48959678411484 1.81474506855011 2.50313168764114 3.23584806919098 4.64311516284943 7.17170691490173 6.98326992988586 4.49888241291046 5.70361416041851 7.39385142129496 8.37158203125 7.13588190078735 7.0766236782074 8.16182827949524 9.4585554599762 -9999 -9999 -9999 -9999 -9999 -9999 -9999 -9999 -9999
3.43874323368073 2.6496142745018 2.49757128953934 2.57705926895142 2.5231574177742 2.49254697561264 2.24833953380585 2.13031733036041 1.9010249376297 1.62632167339325 1.55885767936707 1.38571125268936 1.16256675124168 1.17978823184967 1.40126699209213 1.70943367481232 2.00680643320084 1.99475330114365 2.07445800304413 2.29484170675278 2.35334408283234 2.26323008537292 2.20871168375015 2.20455157756805 2.1031020283699 1.97609174251556 2.12623053789139 2.02810728549957 1.95070570707321 1.79536128044128 1.90751481056213 1.78600645065308 1.86114603281021 1.87080144882202 1.79619830846786 1.63510572910309 1.55536133050919 1.33218151330948 1.37427154183388 1.51921731233597 1.89003145694733 2.98306345939636 5.26840567588806 8.499840259552 6.76969027519226 5.03260467946529 9.59588098526001 12.2811398506165 11.9746513366699 8.61956548690796 8.45946907997131 9.45725154876709 20.0223039827849 -9999 -9999 -9999 -9999 -9999 -9999 -9999 -9999 -9999
-9999 3.57055127620697 3.40477788448334 3.08720397949219 2.99227952957153 3.09231984615326 2.5315260887146 2.91580277681351 3.11370742321014 2.28876078128815 1.6122465133667 1.5145463347435 1.60962080955505 1.44914549589157 1.19991597533226 1.42813503742218 2.31025958061218 2.24260121583939 2.26777499914169 2.38822281360626 2.3361142873764 2.19327682256699 2.10796505212784 2.09564405679703 2.06144767999649 1.97090256214142 1.97703069448471 1.95105528831482 1.90174877643585 1.8819825053215 1.9323998093605 1.866235435009 1.89550280570984 1.78244626522064 1.74552816152573 1.55956882238388 1.42933049798012 1.31316670775414 1.26323845982552 1.33949321508408 2.26332074403763 3.75016951560974 5.66782665252686 10.3269059658051 12.6956491470337 -9999 8.75193892717362 12.785439491272 13.4545469284058 11.8803391456604 18.8592344856262 22.4149547767639 33.6243420410156 58.521727705655 -9999 -9999 -9999 -9999 -9999 -9999 -9999 -9999
-9999 -9999 -9999 -9999 -9999 2.28387522697449 2.98944818973541 3.0335773229599 2.89945203065872 3.69348013401031 3.72368609905243 1.77671545743942 1.64407128095627 1.61735254526138 1.77270001173019 2.11387342214584 2.41206067800522 2.61061942577362 2.52764171361923 2.41123652458191 2.14584749937057 2.04955118894577 1.98647779226303 1.90240430831909 2.02051573991776 1.92883729934692 1.98045068979263 1.97234326601028 1.92142581939697 1.89414077997208 2.07008332014084 2.02971750497818 1.97451370954514 1.91046380996704 1.88000178337097 1.77989029884338 1.49026349186897 1.42268174886703 1.56646281480789 1.78736847639084 3.46295177936554 5.27578067779541 5.04314482212067 6.62262582778931 7.53059935569763 26.4190294476389 -9999 -9999 -9999 -9999 23.6954988002777 35.3751010894775 34.049151624952 30.0143962273231 -9999 -9999 -9999 -9999 -9999 -9999 -9999 -9999
-9999 -9999 -9999 -9999 -9999 -9999 -9999 -9999 3.36933159828186 3.23152112960815 2.74022841453552 4.5992978811264 3.28325164318085 1.74357891082764 1.49417549371719 2.50837057828903 2.65853995084763 2.49460798501968 2.51928895711899 2.43324083089828 2.0631719827652 1.96364772319794 1.83565127849579 1.73660928010941 1.88507330417633 1.82390177249908 2.05638831853867 2.16655343770981 2.11685407161713 2.19191998243332 2.21608883142471 2.20197755098343 2.22401243448257 2.23462575674057 2.04020923376083 1.85951167345047 1.81963348388672 1.79394453763962 1.80234521627426 3.46715319156647 5.38507783412933 5.89850234985352 9.129638671875 11.8306410312653 3.84942599431968 29.0682649612427 -9999 -9999 -9999 -9999 17.548882484436 30.9561241149902 21.2203020095825 27.0265701668603 13.7634293011257 19.9924088966015 -9999 -9999 -9999 -9999 -9999 -9999
-9999 -9999 -9999 -9999 -9999 -9999 -9999 -9999 -9999 -9999 3.01353442668915 2.47883319854736 2.04460805654526 2.85359394550323 1.63475400209427 2.6904975771904 2.62273424863815 2.53932827711105 2.3931405544281 2.36248058080673 2.2561417222023 2.11690127849579 1.96022701263428 1.81765955686569 1.89747601747513 1.81904250383377 1.93372356891632 2.01338696479797 2.31791406869888 2.29472404718399 2.32224369049072 2.30792105197906 2.25412273406982 2.19129306077957 1.98512703180313 1.8190410733223 1.75272971391678 1.82525092363358 2.50233292579651 4.60079312324524 6.3829665184021 8.27796721458435 10.2268187999725 13.7960658073425 15.810850255119 -9999 -9999 -9999 -9999 -9999 -9999 -9999 10.4896584465736 30.7372730255127 31.8082355976105 20.8007285254342 10.8786277770996 -9999 -9999 -9999 -9999 -9999
-9999 -9999 -9999 -9999 -9999 -9999 -9999 -9999 -9999 4.3704868555069 3.44731736183167 2.50249117612839 1.85251808166504 1.69575530290604 1.91314494609833 2.86645191907883 2.65842300653458 2.47056072950363 2.30855691432953 2.26967543363571 2.46349722146988 2.39638352394104 2.23803895711899 1.92614328861237 1.98500919342041 2.00088822841644 1.98143845796585 2.06332808732986 2.21914279460907 2.22148650884628 2.16162067651749 2.22176098823547 2.15109157562256 1.91467201709747 1.60288792848587 1.53480595350266 1.66318953037262 1.87197518348694 3.06087827682495 4.43019604682922 6.90966868400574 7.00733113288879 6.43687391281128 4.99719893932343 30.0779685227616 33.0447750091553 -9999 -9999 -9999 14.6879441397531 38.3349952697754 37.8340873718262 18.7392354011536 17.9385237693787 36.1410816907883 31.964021389301 -9999 -9999 -9999 -9999 -9999 -9999
-9999 -9999 -9999 -9999 -9999 -9999 -9999 -9999 -9999 -9999 3.0902316570282 2.21049517393112 2.00975400209427 2.03503203392029 2.83491003513336 3.01917958259583 3.05675625801086 2.53314077854156 2.25324296951294 2.1670560836792 2.21353876590729 2.0962747335434 2.05920374393463 2.05109632015228 1.99777346849442 1.94023722410202 1.98223203420639 2.06905496120453 2.15326881408691 2.13186299800873 2.08582806587219 2.10116171836853 1.96991103887558 1.65829342603683 1.57609122991562 1.64730978012085 1.95563632249832 2.35834872722626 3.06414914131165 5.39320635795593 8.37814736366272 10.0501291751862 6.00202202796936 7.99113607406616 9.60054470439559 -9999 -9999 -9999 -9999 -9999 39.2266502380371 27.9465837478638 22.4712696075439 19.0257754325867 26.3770723342896 -9999 -9999 -9999 -9999 -9999 -9999 -9999
-9999 -9999 -9999 -9999 -9999 -9999 -9999 -9999 -9999 3.67937564849854 2.92527151107788 2.33497953414917 2.30606174468994 2.77363801002502 3.0844498872757 3.05550241470337 2.7863010764122 2.47134071588516 2.25662845373154 2.40704029798508 2.3257942199707 2.1069974899292 2.04844504594803 1.91126257181168 1.90261119604111 1.95789366960526 1.95048379898071 1.96461743116379 2.03896343708038 2.03831702470779 1.90906655788422 1.79046678543091 1.87997549772263 1.90058326721191 1.944604575634 2.10397571325302 2.59113156795502 4.24774646759033 6.06995415687561 7.68233442306519 8.47243738174438 7.24873495101929 6.77152276039124 6.0077463307427 3.86466658115387 -9999 -9999 -9999 -9999 -9999 47.4079070091248 38.1171941757202 32.7656707763672 -9999 -9999 -9999 -9999 -9999 -9999 -9999 -9999 -9999
-9999 -9999 -9999 -9999 -9999 -9999 -9999 -9999 -9999 3.52808547019958 3.31863212585449 3.09468162059784 2.97825980186462 3.14065790176392 2.77946180105209 2.78829145431519 2.52696973085403 2.4233130812645 2.40947180986404 2.43906444311142 2.4116969704628 2.04149258136749 1.8782234787941 1.85845202207565 1.96495878696442 1.91299867630005 1.84913617372513 1.88555628061295 1.88104569911957 1.7165145277977 1.77173852920532 1.78328704833984 2.09121519327164 2.23837798833847 2.43239557743073 2.84089869260788 4.6160341501236 8.03171539306641 10.2187206745148 8.43140745162964 8.49577832221985 6.46764063835144 6.88481783866882 12.4754268932111 3.86466693878174 -9999 -9999 -9999 -9999 12.1949715614319 -9999 -9999 -9999 -9999 -9999 -9999 -9999 -9999 -9999 -9999 -9999 -9999
-9999 -9999 -9999 -9999 -9999 -9999 -9999 -9999 -9999 3.49596512317657 3.24843084812164 3.22712695598602 3.29034304618835 2.99343377351761 2.5516739487648 2.48479807376862 2.04082721471786 1.96903502941132 2.28906297683716 2.42997747659683 2.27164649963379 2.12370818853378 1.80322194099426 1.70756632089615 1.89113920927048 1.93382173776627 1.87917602062225 1.76108855009079 1.62067955732346 1.61427533626556 1.73689126968384 2.24011194705963 2.64978003501892 3.09023416042328 3.32447862625122 3.5844486951828 7.65499806404114 9.06572127342224 9.7233452796936 8.04681873321533 6.74339032173157 5.9130038022995 4.72982331684658 -9999 -9999 -9999 -9999 -9999 -9999 -9999 -9999 -9999 -9999 -9999 -9999 -9999 -9999 -9999 -9999 -9999 -9999 -9999
-9999 -9999 -9999 -9999 -9999 -9999 -9999 -9999 -9999 3.30968391895294 3.08057534694672 2.93231928348541 3.01235461235046 2.60049891471863 2.806784927845 2.44629818201065 2.2107982635498 2.13609373569489 2.12196832895279 2.16644167900085 2.17637479305267 2.03318631649017 1.77912533283234 1.87723803520203 2.06807917356491 2.03249180316925 1.97204929590225 1.85487592220306 1.80059552192688 1.95076042413712 2.25029093027115 2.7411248087883 2.94110333919525 3.21439504623413 3.5483626127243 5.33951997756958 7.10440349578857 6.34880447387695 5.69366562366486 5.20927941799164 5.58854842185974 5.06785941123962 4.94860452054495 -9999 -9999 -9999 -9999 -9999 -9999 -9999 -9999 -9999 -9999 -9999 -9999 -9999 -9999 -9999 -9999 -9999 -9999 -9999
-9999 -9999 -9999 -9999 -9999 -9999 -9999 3.28386068344116 3.99946260452271 3.17309260368347 2.94692319631577 2.81462770700455 3.04862415790558 2.7193266749382 2.37186080217361 2.29506826400757 2.48019969463348 2.33183473348618 2.1132652759552 2.15532302856445 2.16847568750381 2.07791697978973 2.09286975860596 2.13309520483017 2.15290725231171 2.12609928846359 2.05873507261276 1.99398744106293 2.23489648103714 2.2432649731636 2.28415042161942 2.6574427485466 2.73685044050217 3.0113468170166 4.46900939941406 5.51254212856293 5.31586861610413 5.33050417900085 5.26768183708191 5.19483911991119 8.02059845959099 5.69786846637726 3.25656187534332 -9999 -9999 -9999 -9999 -9999 -9999 -9999 -9999 -9999 -9999 -9999 -9999 -9999 -9999 -9999 -9999 -9999 -9999 -9999
-9999 -9999 -9999 -9999 -9999 -9999 4.14712965488434 3.86269569396973 3.72455012798309 3.39962983131409 3.29545891284943 3.16617965698242 3.24012458324432 2.90202516317368 2.72428804636002 2.57016223669052 2.65820324420929 2.41984051465988 2.27681332826614 2.25808954238892 2.22679656744003 2.22849816083908 2.18208146095276 2.10797023773193 2.07977467775345 2.10248404741287 2.03596204519272 2.1119197010994 2.37250345945358 2.41424703598022 2.17571926116943 2.33175230026245 2.65216058492661 2.95539218187332 3.74699914455414 4.46342182159424 4.76310968399048 4.9361264705658 5.67947566509247 -9999 -9999 -9999 -9999 -9999 -9999 -9999 -9999 -9999 -9999 -9999 -9999 -9999 -9999 -9999 -9999 -9999 -9999 -9999 -9999 -9999 -9999 -9999
-9999 -9999 -9999 -9999 3.68644721093385 3.81859052181244 3.82273364067078 3.60114884376526 3.3303884267807 3.30922114849091 3.21066606044769 3.21702146530151 3.20064210891724 3.28997397422791 3.0059849023819 2.63708406686783 2.69468700885773 2.51953876018524 2.45118677616119 2.41632825136185 2.38173973560333 2.25143694877625 1.98500168323517 1.8925125002861 1.9621154665947 2.00073677301407 2.02341377735138 2.30950266122818 2.38830828666687 2.41460555791855 2.50975120067596 2.75755494832993 3.00257170200348 3.35481905937195 4.05827414989471 4.2477171421051 4.52152812480927 4.2202981710434 -9999 -9999 -9999 -9999 -9999 -9999 -9999 -9999 -9999 -9999 -9999 -9999 -9999 -9999 -9999 -9999 -9999 -9999 -9999 -9999 -9999 -9999 -9999 -9999
-9999 -9999 -9999 -9999 3.9404114484787 3.94548296928406 3.65252387523651 3.42210209369659 3.25783717632294 3.2163712978363 3.12823283672333 3.17896056175232 3.21103727817535 3.18484210968018 2.81931817531586 2.65920370817184 2.74137443304062 2.50945794582367 2.42537766695023 1.89167779684067 2.06428653001785 2.04753005504608 1.90816283226013 1.61945021152496 1.84143751859665 2.08990573883057 2.24350047111511 2.10844570398331 2.56968516111374 2.98550248146057 3.37527072429657 3.53215742111206 3.68551862239838 3.82935833930969 4.22671723365784 4.0705178976059 4.32660663127899 -9999 -9999 -9999 -9999 -9999 -9999 -9999 -9999 -9999 -9999 -9999 -9999 -9999 -9999 -9999 -9999 -9999 -9999 -9999 -9999 -9999 -9999 -9999 -9999 -9999
-9999 11.8530656931787 3.7237693014599 3.71679747104645 3.75714290142059 3.57196426391602 3.43591582775116 3.34350371360779 3.30612909793854 3.16474950313568 3.01368391513824 2.80251377820969 2.86814332008362 2.29389595985413 2.13640880584717 2.13430345058441 2.34593617916107 2.33744019269943 2.35759127140045 2.24024033546448 2.05746442079544 1.7457457780838 1.65969067811966 1.66309726238251 1.72716754674911 2.30491268634796 2.50165271759033 2.50937032699585 2.91251331567764 3.37981939315796 3.38944280147552 3.42875039577484 3.70390033721924 4.7176126241684 4.22619366645813 -9999 -9999 -9999 -9999 -9999 -9999 -9999 -9999 -9999 -9999 -9999 -9999 -9999 -9999 -9999 -9999 -9999 -9999 -9999 -9999 -9999 -9999 -9999 -9999 -9999 -9999 -9999
4.16611862182617 3.98724889755249 4.14674699306488 3.62870836257935 3.33595490455627 3.27664124965668 3.28375804424286 3.34555792808533 3.26429629325867 3.22566890716553 3.02302873134613 2.48578423261642 1.99940550327301 1.95414680242538 2.02456283569336 1.90875524282455 2.10616117715836 2.1306209564209 2.13082051277161 2.08686983585358 1.99094706773758 1.73992055654526 1.81310927867889 2.12464052438736 2.35287970304489 2.60446429252625 2.8797801733017 3.08502316474915 3.18748784065247 3.21540534496307 3.40983974933624 3.60549080371857 3.85766708850861 -9999 -9999 -9999 -9999 -9999 -9999 -9999 -9999 -9999 -9999 -9999 -9999 -9999 -9999 -9999 -9999 -9999 -9999 -9999 -9999 -9999 -9999 -9999 -9999 -9999 -9999 -9999 -9999 -9999
4.29931712150574 3.86674189567566 3.58058702945709 3.49993050098419 3.01726949214935 3.35374188423157 3.2556324005127 2.98606127500534 3.03140616416931 3.09789061546326 2.76400351524353 2.20143896341324 1.68631428480148 1.88238966464996 1.89432746171951 1.90316998958588 1.86223196983337 2.27276694774628 2.24452579021454 2.27929955720901 1.97579026222229 2.12639933824539 2.3418704867363 2.53896832466125 2.78889673948288 2.82795381546021 2.87957543134689 2.97027522325516 2.94250416755676 3.19969511032104 3.53043687343597 3.79221975803375 3.99820482730865 11.4589534809715 50.1880945772738 4.00239871848713 -9999 -9999 -9999 -9999 -9999 -9999 -9999 -9999 -9999 -9999 -9999 -9999 -9999 -9999 -9999 -9999 -9999 -9999 -9999 -9999 -9999 -9999 -9999 -9999 -9999 -9999
4.16417098045349 3.40463089942932 3.29648923873901 3.70703172683716 3.44378685951233 2.76467102766037 2.60772228240967 2.77905142307281 2.75615179538727 2.48551869392395 2.19083476066589 1.41563853621483 1.56900376081467 1.61574983596802 1.62481731176376 1.56433582305908 1.70207405090332 1.92226642370224 2.06808292865753 2.08678418397903 2.25360006093979 2.61750376224518 2.85269397497177 2.97418946027756 2.79564070701599 2.81024998426437 2.74959075450897 2.79644393920898 3.36419105529785 3.47092187404633 7.81439616998037 -9999 -9999 -9999 -9999 -9999 -9999 -9999 -9999 -9999 -9999 -9999 -9999 -9999 -9999 -9999 -9999 -9999 -9999 -9999 -9999 -9999 -9999 -9999 -9999 -9999 -9999 -9999 -9999 -9999 -9999 -9999
3.76887595653534 4.08494031429291 4.6337878704071 3.58687269687653 3.15182089805603 2.90038651227951 2.82457798719406 2.55178731679916 2.43264305591583 2.24170875549316 1.72348272800446 1.22958076000214 1.27800750732422 1.52875202894211 1.52901148796082 1.66206443309784 2.12478071451187 2.27911502122879 2.13404256105423 2.16771447658539 2.55887031555176 2.91012078523636 2.98806381225586 2.89721632003784 2.74778920412064 2.81067824363708 3.04172265529633 3.48756766319275 3.81412053108215 3.80710422992706 3.55947518348694 3.62473440170288 -9999 -9999 -9999 -9999 -9999 -9999 4.22586218516032 12.6942715644836 -9999 -9999 -9999 -9999 -9999 -9999 -9999 -9999 -9999 -9999 -9999 -9999 -9999 -9999 -9999 -9999 -9999 -9999 -9999 -9999 -9999 -9999
4.92510294914246 5.21188795566559 5.91887784004211 4.50073349475861 4.06225562095642 3.00688741207123 2.95929372310638 2.69758719205856 2.61143177747726 2.27498996257782 1.44531378149986 0.964137017726898 1.13114029169083 1.32589128613472 1.56304353475571 1.96026974916458 2.24587351083755 2.2299188375473 2.42175149917603 2.78441780805588 2.89879506826401 2.94889658689499 2.91918683052063 2.88484507799149 2.93212795257568 3.10189890861511 3.24779534339905 3.31445860862732 3.47283732891083 3.70924723148346 6.21822065033325 3.42093944549561 -9999 -9999 -9999 -9999 -9999 -9999 -9999 -9999 -9999 -9999 -9999 -9999 -9999 -9999 -9999 -9999 -9999 -9999 -9999 -9999 -9999 -9999 -9999 -9999 -9999 -9999 -9999 -9999 -9999 -9999
-9999 -9999 -9999 -9999 -9999 3.56132886284276 4.01942110061646 3.10388159751892 2.55431932210922 1.81747949123383 1.30151546001434 1.19847223162651 1.45380073785782 1.7289651632309 1.79248130321503 1.89197552204132 2.41300570964813 2.67736279964447 2.70985507965088 2.91640430688858 2.90262669324875 2.94603824615479 2.92989081144333 3.44864416122437 3.6932430267334 3.43327367305756 -9999 -9999 -9999 -9999 -9999 -9999 -9999 -9999 -9999 -9999 -9999 -9999 -9999 -9999 -9999 -9999 -9999 -9999 -9999 -9999 -9999 -9999 -9999 -9999 -9999 -9999 -9999 -9999 -9999 -9999 -9999 -9999 -9999 -9999 -9999 -9999
-9999 -9999 -9999 -9999 -9999 -9999 3.55005669593811 2.69698494672775 1.78358924388885 1.37522104382515 1.32267451286316 1.40893426537514 1.54206454753876 1.70490217208862 1.74972367286682 2.58840680122375 2.95504117012024 2.83504503965378 2.90433597564697 3.05091977119446 3.10563147068024 3.16776823997498 3.24689984321594 2.86207176480338 -9999 -9999 -9999 -9999 -9999 -9999 -9999 -9999 -9999 -9999 -9999 -9999 -9999 -9999 -9999 -9999 -9999 -9999 -9999 -9999 -9999 -9999 -9999 -9999 -9999 -9999 -9999 -9999 -9999 -9999 -9999 -9999 -9999 -9999 -9999 -9999 -9999 -9999
