EcologicalScience/Bass/data/rs_data_bass/chl_237.asc
NCOLS 226 
NROWS 124 
XLLCORNER -9.41648524995501 
YLLCORNER 47.587301625531 
CELLSIZE 0.0833 
NODATA_value -9999 
[rows 54 to 80 of 124, columns 124 to 185 of 226]
2.33915448188782 2.20149508863688 1.98433235883713 1.33003726601601 1.5728400349617 1.65916121006012 1.39340624213219 2.3587042093277 2.19876819849014 2.07233029603958 2.05699646472931 2.12819927930832 2.50963425636292 2.51185423135757 2.67520344257355 2.82640582323074 2.79188776016235 2.43707478046417 2.51476281881332 2.43090444803238 2.08225643634796 1.96290975809097 3.26596426963806 2.57584682106972 2.5214584171772 2.48354735970497 2.53972533345222 2.52913427352905 2.61516791582108 2.9784589111805 2.84628635644913 2.821408867836 2.62748924774282 1.72428452968597 1.65559208393097 1.56285899877548 1.47535273432732 1.47857174277306 1.65652656555176 1.74802941083908 1.73698496818542 1.61784142255783 0.999326258897781 1.02712950110435 0.690616615116596 0.579209816952547 0.872763387858868 2.22767329216003 2.68367516994476 5.52878374175021 5.35425053772173 4.81707156959333 6.100751856099 6.16175876344953 15.4584029780494 35.9974074363708 8.57365614175797 8.93063968420029 7.16043490171432 15.5476563984916 5.6306955343235 -9999
2.64692956209183 2.64259949326515 2.43005257844925 2.20956444740295 2.21769672632217 2.5520812869072 2.42146128416061 3.54774820804596 3.55665457248688 2.69549024105072 2.67348003387451 2.41145843267441 2.55701994895935 2.74830293655396 2.92042046785355 2.86240357160568 2.59913098812103 1.96091258525848 1.91387325525284 1.92962175607681 1.89606750011444 1.84289020299911 1.80855756998062 3.11136004328728 3.0244223177433 2.87978321313858 2.81353041529655 3.05614238977432 3.76542743047078 2.64572274684906 2.38611710071564 2.35603541135788 2.63851173835642 2.41878958046436 1.72267198562622 1.53524708747864 1.43764051795006 1.51475930213928 1.58485651016235 1.58796447515488 1.59103417396545 1.47353553771973 0.787110775709152 2.31634265184402 3.16569315132342 2.26508527994156 2.70410776138306 2.6780149936676 6.57852364841261 15.8276070356369 5.43012692617333 6.11333410636238 6.45607716104259 4.68325263261795 5.05977603793144 10.3628271594644 10.5720698833466 -9999 -9999 -9999 -9999 -9999
4.39883708953857 4.26594221591949 3.32325232028961 3.47246932983398 3.30366146564484 2.96988755464554 3.36742579936981 3.88669645786285 8.24834632873535 2.62536442279816 2.12357407808304 2.54669028520584 1.71600008010864 1.65521174669266 1.82162547111511 2.04102891683578 2.05809670686722 2.13396298885345 2.15262758731842 2.13462370634079 2.1510157585144 2.16909599304199 2.21855020523071 2.13088274002075 2.12955451011658 2.88919687271118 3.24455952644348 3.95701861381531 3.72587731480598 2.83510082960129 2.52248552441597 2.37171900272369 2.79290292894139 2.60518146554629 2.26773641506831 1.89575618505478 1.67515808343887 1.5395992398262 1.40104052424431 1.40832379460335 1.38935101032257 1.8303644657135 0.619967266917229 1.34924248605967 1.39260417222977 1.48036835342646 1.68622686713934 3.86790116307158 5.93965163438217 3.76190333068371 3.69543796777725 4.09075543284416 4.79599553346634 13.2296527326107 -9999 -9999 -9999 -9999 -9999 -9999 -9999 -9999
3.11031970381737 3.00354865193367 3.09070605039597 1.68565195798874 2.8938704431057 2.69092682003975 2.57449722290039 2.5595568716526 1.51749229431152 1.62835568189621 1.634526014328 1.80715870857239 1.83827698230743 1.73550599813461 1.88970744609833 2.07051068544388 2.21988523006439 2.2531943321228 2.40717905759811 2.4006809592247 2.33756858110428 2.30895602703094 2.24778681993484 2.14891129732132 2.0799817442894 2.06745225191116 2.99603435397148 3.47693634033203 3.62154170870781 3.58107756574949 2.81292629241943 2.77022176980972 3.14681333303451 2.93878271182378 2.96108276645343 2.58774801095327 2.40175670385361 1.32644551992416 1.31871896982193 1.3893149793148 1.43084022402763 1.00874738395214 0.541699513792992 1.25441629439592 1.47059659659863 1.71075819432735 6.99463005065918 6.45825238840296 7.79831721782684 4.00925070047379 4.03637713193893 7.12237749601665 9.94211309834531 -9999 -9999 -9999 -9999 -9999 -9999 -9999 -9999 -9999
2.20227456092834 2.15984773635864 2.24152421951294 2.07447749376297 1.97326719760895 1.87619483470917 1.76718896627426 1.87323296070099 1.82967442274094 1.8009352684021 1.88041430711746 1.55825847387314 1.62589055299759 1.73142671585083 1.87855643033981 2.0601891875267 2.26840353012085 2.32169705629349 2.34671258926392 2.33379149436951 2.28748655319214 2.3011132478714 2.28781056404114 2.71942350268364 3.06666558980942 3.37239664793015 2.96594128012657 2.91642664869626 3.05393039186796 3.48753840724627 2.82038596272469 2.98491757114728 2.39355531334877 2.36417332291603 2.14677035808563 2.46023211876551 1.72091782093048 1.45851454138756 1.3469415307045 1.32499721646309 1.30856251716614 0.872501239180565 1.34643039107323 1.44407397508621 1.54457925260067 7.06397716377092 8.50882201194763 6.53184628486633 7.28217593828837 5.9004533290863 7.30418157577515 25.9120405347724 44.8848499884972 -9999 -9999 -9999 -9999 -9999 -9999 -9999 -9999 -9999
-9999 4.42867338657379 2.3890814781189 2.27392941713333 2.39718067646027 2.41519045829773 2.00349676609039 1.9386060833931 2.30212354660034 2.13051903247833 1.93252354860306 1.67119807004929 1.65569096803665 1.80034053325653 1.8859800696373 1.95831978321075 2.2845795750618 2.2376144528389 2.27147018909454 2.25859504938126 2.22352874279022 2.9872957393527 2.66158354282379 2.7039937376976 2.78056043386459 2.67014810442924 3.23431348800659 3.15221745148301 3.25130716492148 3.39371318326277 2.88710504770279 2.49283028642337 2.10305964946747 1.98810186982155 1.9436674118042 2.00338053703308 2.30110341310501 1.58833944797516 1.41246145963669 1.61565452814102 1.18896415829659 1.3310471624136 1.40826603770256 1.47173550724983 1.62547629220145 -9999 6.0015239238739 6.26944873549721 8.1572953859965 6.84868680803399 28.6728435516357 24.1944587230682 26.9988677501678 56.2973254245261 -9999 -9999 -9999 -9999 -9999 -9999 -9999 -9999
-9999 -9999 -9999 -9999 -9999 2.28387522697449 4.01253020763397 3.99660527706146 1.90986531972885 2.08355319499969 2.14228194952011 1.91851651668549 1.92298275232315 1.90652167797089 1.91605567932129 2.14971148967743 2.15902125835419 2.24044507741928 3.78096092864871 3.6441462635994 3.27194371819496 3.00354598090053 2.90277789160609 2.71567350625992 2.97134145721793 2.59147767908871 2.82246989943087 2.89905268326402 2.46596627309918 2.66729125566781 2.20501431450248 2.176808193326 2.26641057928403 2.23991018533707 2.25319515256321 1.91980201005936 2.0891350954771 3.09513142704964 2.6300196647644 5.87219309806824 1.22370372712612 1.38667877018452 1.63486312329769 1.73932157456875 2.00655676424503 20.9760605432455 -9999 -9999 -9999 -9999 22.0717059373856 36.150933265686 35.1735727787018 23.2354994113629 -9999 -9999 -9999 -9999 -9999 -9999 -9999 -9999
-9999 -9999 -9999 -9999 -9999 -9999 -9999 -9999 4.52915690839291 1.92492824792862 1.9927521944046 1.9401667714119 1.98152768611908 2.11733919382095 2.04518616199493 2.3048722743988 3.61605226993561 3.28985011577606 3.43394708633423 3.60878473520279 3.02873746678233 2.95790505409241 2.82049280405045 1.0724692940712 2.43020850419998 2.26355789601803 2.17202701047063 2.37899459525943 2.5260993540287 2.51034450531006 2.11233108490705 2.01326561160386 2.00824463367462 2.03918811678886 2.2630058079958 1.60534389317036 1.39540126919746 1.31929278373718 1.37402189771334 1.24584107100964 1.32986287772655 1.41679644584656 1.63111799955368 1.88546696305275 6.53243234128128 29.0682649612427 -9999 -9999 -9999 -9999 17.548882484436 22.9857469797134 29.3546590805054 28.7195777893066 29.646577835083 42.4722168007675 -9999 -9999 -9999 -9999 -9999 -9999
-9999 -9999 -9999 -9999 -9999 -9999 -9999 -9999 -9999 -9999 3.30340129137039 2.02810353040695 2.15475368499756 2.1917610168457 2.17360872030258 3.2989149838686 2.68705392256379 2.51000620052218 2.41426383331418 2.69597678259015 2.93014232441783 2.76104512810707 1.57178843021393 1.41000071167946 2.1716722548008 2.50804567337036 2.19941304624081 2.43168488144875 2.57344946265221 2.20729223638773 2.29778724163771 2.29236213862896 2.51683701311841 2.3356394469738 2.02105522155762 1.46203462779522 1.34786702692509 1.15751847624779 1.33663205802441 1.55799262225628 1.81374228000641 2.01708188652992 2.12320983409882 3.10495352745056 13.9425526822655 -9999 -9999 -9999 -9999 -9999 -9999 -9999 9.92174168621622 11.930321931839 9.55911612510681 18.7044839859009 10.8786277770996 -9999 -9999 -9999 -9999 -9999
-9999 -9999 -9999 -9999 -9999 -9999 -9999 -9999 -9999 4.3704868555069 3.67059034109116 2.35814702510834 2.22101783752441 3.89354610443115 3.4188614487648 6.46523017883301 2.93446719646454 1.35112953186035 0.978639721870422 2.73716634161332 2.54489295622882 2.20337589172756 1.84088391591521 1.7609825239462 1.83348932365576 1.99082137271762 2.10591142997146 2.18781697377563 2.30414852499962 2.4340734668076 2.48512106958558 2.32898890972137 2.23579126596451 2.02833592891693 2.01035648584366 2.16651374101639 2.07182651758194 1.93013274669647 2.9300400018692 2.82437741756439 2.24074611067772 2.41906616091728 2.38100105524063 3.17755496501923 23.9842050006089 33.0447750091553 -9999 -9999 -9999 33.7744660870782 38.3129852251573 27.8144372918389 29.0536263422533 49.1246732581746 16.0193116244148 21.9793694814046 14.9480247959014 -9999 -9999 -9999 -9999 -9999
-9999 -9999 -9999 -9999 -9999 -9999 -9999 -9999 -9999 -9999 2.25860917568207 2.33712816238403 2.43656319379807 2.38153123855591 3.33034143224359 3.6016958250719 3.35947585807127 1.56090670824051 2.56258496466805 2.32868920178974 2.27121368050575 1.98478236794472 1.84904962778091 1.69518631696701 1.90976349512736 1.94065010547638 2.05179342627525 2.1245636343956 2.33671537041664 2.70602233970866 2.70733440272948 2.31019315123558 2.62189757823944 2.09229397773743 2.17810052633286 2.05155730247498 1.97026246786118 1.90473371744156 2.21655756235123 1.84993198513985 2.09137532114983 2.42372399568558 2.53455752134323 3.1838675737381 8.87476865759174 -9999 -9999 -9999 -9999 -9999 41.2299573638222 48.5306985139847 55.5094939795407 49.495619578795 62.7132582092285 -9999 -9999 -9999 -9999 -9999 -9999 -9999
-9999 -9999 -9999 -9999 -9999 -9999 -9999 -9999 -9999 3.67937564849854 2.42198091745377 2.34478658437729 2.32222491502762 3.83497273921967 3.41163602471352 3.23266833669999 3.19110479950905 3.21403205394745 2.6526396169382 2.08400586773368 1.97455304861069 2.08863115310669 1.69582986831665 2.14261973897616 2.45861117045085 2.78721037507057 2.7867471575737 2.56081612904867 2.32184743881226 2.38943856954575 2.43827623128891 2.3694326877594 2.7318673063727 2.23530447483063 2.20712947845459 1.90032052993774 1.72645598649979 1.79797750711441 1.67499902844429 1.78667593002319 1.7689121067524 2.13478615880013 2.61174466354506 6.164813844903 3.86466658115387 -9999 -9999 -9999 -9999 -9999 50.3974393825782 22.1006172001362 27.8759889602661 -9999 -9999 -9999 -9999 -9999 -9999 -9999 -9999 -9999
-9999 -9999 -9999 -9999 -9999 -9999 -9999 -9999 -9999 4.13967883586884 2.45420175790787 2.83128576725721 3.41442775726318 4.17161446809769 3.30198043584824 3.18901535868645 2.82697311043739 2.71773853898048 2.06292886944378 1.85167422715355 1.96545613162658 1.92899046925937 1.77195653494667 1.019177287817 1.02278628945351 1.0215240418911 3.24639489370234 2.53332149631837 2.27130910929512 2.69195247047088 3.03019955929588 2.51407572627068 2.68044650554657 2.5183065533638 2.31052374839783 2.07190901041031 2.09018832445145 1.56566360592842 1.65594667196274 1.82511073350906 1.94759255647659 2.15002915263176 3.99303672815624 10.9215550793027 3.86466693878174 -9999 -9999 -9999 -9999 12.1949715614319 -9999 -9999 -9999 -9999 -9999 -9999 -9999 -9999 -9999 -9999 -9999 -9999
-9999 -9999 -9999 -9999 -9999 -9999 -9999 -9999 -9999 2.94210808351636 2.79680430516601 3.26384747028351 3.91536784172058 3.98314306139946 3.09029692411423 2.91483306884766 2.60600852966309 2.671382188797 2.14463671445847 2.04198352098465 1.9909799379461 2.10371481846361 1.01862296462059 1.07453173398972 3.66672942217659 1.01249697804451 0.92245951294899 2.84748915363761 2.79323775277418 3.39577351948794 3.29365235567093 2.87642821669579 3.21318078041077 2.77147197723389 2.70194548368454 1.27818560600281 1.32447977364063 1.52428874373436 1.70807620882988 1.83422443270683 1.94743832945824 3.64710450172424 4.867188717714 -9999 -9999 -9999 -9999 -9999 -9999 -9999 -9999 -9999 -9999 -9999 -9999 -9999 -9999 -9999 -9999 -9999 -9999 -9999
-9999 -9999 -9999 -9999 -9999 -9999 -9999 -9999 -9999 2.76282306979684 3.44555950164795 3.09693449735641 3.22280475497246 3.43250209093094 2.87590000033379 2.65840190649033 2.33073824644089 1.99897420406342 2.06754064559937 2.14755905866623 2.32206834554672 2.65044238812783 1.49713128805161 1.7272253036499 1.6003897190094 1.16746428608894 1.06887745857239 1.24823775887489 1.29647925496101 4.59896850585938 6.12500336766243 9.76019784808159 3.45507502555847 1.57224896550179 1.42983148992062 1.47211763262749 1.73279696702957 1.87199065089226 2.06663623452187 2.15884155035019 2.26266115052359 5.17150876101326 8.42498304614102 -9999 -9999 -9999 -9999 -9999 -9999 -9999 -9999 -9999 -9999 -9999 -9999 -9999 -9999 -9999 -9999 -9999 -9999 -9999
-9999 -9999 -9999 -9999 -9999 -9999 -9999 3.28386068344116 4.01191720962524 2.17587518692017 2.16654449701309 2.11918652057648 3.61433735489845 3.19152402877808 2.92522841691971 2.53632375597954 2.18298751115799 1.93620944023132 2.05226624011993 2.55377093658728 2.39812803268433 1.10396853089333 4.02908931760227 4.50106516831061 1.31135550141335 1.27394101023674 1.32388204336166 1.16590502858162 6.64352595806122 7.00570061802864 8.22668749094009 2.06520366668701 5.85494944453239 1.58047646284103 1.55243816971779 2.00111326575279 2.2360537648201 2.39610600471497 2.42331710457802 2.35442134737968 12.7872692751653 5.69786846637726 3.25656187534332 -9999 -9999 -9999 -9999 -9999 -9999 -9999 -9999 -9999 -9999 -9999 -9999 -9999 -9999 -9999 -9999 -9999 -9999 -9999
-9999 -9999 -9999 -9999 -9999 -9999 3.88704496622086 2.5237352848053 2.51044556673835 2.31557178497314 2.20956158638 2.06276768445969 2.03541308641434 2.52017003297806 2.38427370786667 2.17131721973419 1.88460499048233 1.86272102594376 2.16839346289635 2.68783843517303 2.83639115095139 2.93580827116966 4.32468306832016 4.72893133058268 1.29629176855087 1.41777446866035 11.4493872873923 6.55586537718773 7.22531506419182 8.66375827789307 9.03908988833427 8.48590868711472 5.40671986341476 1.95579832792282 1.75413340330124 2.36929580569267 2.57212230563164 2.45405665040016 2.56696084141731 -9999 -9999 -9999 -9999 -9999 -9999 -9999 -9999 -9999 -9999 -9999 -9999 -9999 -9999 -9999 -9999 -9999 -9999 -9999 -9999 -9999 -9999 -9999
-9999 -9999 -9999 -9999 4.54896890678289 3.6128308057785 2.54142219880048 2.62080754953272 3.03387475013733 2.05363208055496 2.06363850831985 2.05951273441315 1.85232228040695 2.69398319721222 2.48575603961945 2.10177576541901 1.85682100057602 1.82684218883514 2.26908123493195 2.93463677167892 2.93942826986313 3.37123483419418 4.40926026552916 6.24530819803476 6.37610426545143 9.71097083477413 25.6224150938146 0.435140982270241 12.2044226825237 16.51150649786 5.58611252903938 6.77148869633675 4.82463875412941 2.54662612080574 2.49880689382553 2.9152560532093 11.2481902241707 8.81599141542728 -9999 -9999 -9999 -9999 -9999 -9999 -9999 -9999 -9999 -9999 -9999 -9999 -9999 -9999 -9999 -9999 -9999 -9999 -9999 -9999 -9999 -9999 -9999 -9999
-9999 -9999 -9999 -9999 3.19584770763622 3.8812632255776 2.63314699754119 2.620101749897 2.97278317809105 3.22293707728386 1.81027418375015 1.76101577281952 1.77382349967957 2.77869391441345 2.44565206766129 2.1289284825325 2.02286323904991 2.20888051390648 2.86941874027252 3.59277118742466 3.75868673622608 4.28217643499374 6.51022312045097 7.86848410964012 8.22104641795158 10.9108302354813 10.1730842828751 0.420597016811371 0.355797752737999 4.30437532067299 4.22520214319229 3.35390916466713 3.19452559947968 3.380361109972 2.85400235652924 2.96414056420326 15.6016980579921 -9999 -9999 -9999 -9999 -9999 -9999 -9999 -9999 -9999 -9999 -9999 -9999 -9999 -9999 -9999 -9999 -9999 -9999 -9999 -9999 -9999 -9999 -9999 -9999 -9999
-9999 30.1334158615027 4.17449197935504 3.85515128457269 2.70099632179036 2.50504951179028 2.47929919883609 2.50032877922058 3.10327076911926 3.09021890163422 3.18871426954865 2.60372471809387 1.74888145923615 1.72754180431366 2.06773525476456 2.06492274999619 2.21841344237328 2.68275082111359 1.07092425227165 1.13277000188828 4.95716717094183 10.1924253478646 18.1588180661201 22.1493650376797 20.7481385618448 18.1399516582489 16.6668660879135 4.42471271753311 4.37877863645554 3.8379742205143 3.72542855143547 4.35796791315079 3.5799101293087 2.62026812508702 37.8051117828914 13.2049603245475 -9999 -9999 -9999 -9999 -9999 -9999 -9999 -9999 -9999 -9999 -9999 -9999 -9999 -9999 -9999 -9999 -9999 -9999 -9999 -9999 -9999 -9999 -9999 -9999 -9999 -9999
15.3443200247628 4.78292547784201 5.42222343958341 3.55794332282884 3.11212301254273 3.08430635929108 4.05489420890808 4.09695339202881 5.16895526647568 3.8297279253602 2.91787654161453 2.49901401996613 2.50209778547287 1.96831676363945 1.87883973121643 1.88384401798248 2.5396046563983 2.7723127673654 2.77451018024893 3.31754130125046 13.462259054184 31.5939457714558 33.100256383419 7.15335050225258 11.9310956001282 13.9741826057434 0.691183492541313 0.644731521606445 3.2581615447998 4.49035647511482 3.78854817152023 4.12659403681755 12.9827123522759 -9999 -9999 -9999 -9999 -9999 -9999 -9999 -9999 -9999 -9999 -9999 -9999 -9999 -9999 -9999 -9999 -9999 -9999 -9999 -9999 -9999 -9999 -9999 -9999 -9999 -9999 -9999 -9999 -9999
22.7525357333097 2.36398045221965 4.70664310455322 4.25280511379242 3.65248417854309 3.60022616386414 4.51667606830597 4.18841302394867 4.88732386752963 3.67246641218662 2.57662223717746 2.53718376159668 2.16313651204109 1.65592649579048 1.99835476103951 2.03301557153463 2.40813347697258 2.1021192073822 2.66619169712067 3.70737265795469 14.8603526949882 0.738644242286682 29.7759082317352 30.7180189490318 23.4376857876778 7.78666225075722 4.7677598297596 4.16284471750259 3.72482469677925 4.077049523592 4.29450345039368 3.5791962146759 9.60268135070801 23.4747078042281 17.9548244816916 5.48767459753788 -9999 -9999 -9999 -9999 -9999 -9999 -9999 -9999 -9999 -9999 -9999 -9999 -9999 -9999 -9999 -9999 -9999 -9999 -9999 -9999 -9999 -9999 -9999 -9999 -9999 -9999
5.08645284175873 4.68933391571045 3.92797958850861 3.64122211933136 3.40728190541267 3.65722274780273 3.55250251293182 3.04796916246414 2.70678472518921 2.44035232067108 2.44209998846054 2.6677324386204 1.82567870616913 1.82238067598904 1.83305342495441 2.19930859655142 2.4992256462574 2.67759943008423 3.21139341592789 4.39760753512383 7.30168175697327 0.603707268834114 0.897874474525452 16.1763615608215 4.90577378869057 3.64251306653023 3.28365325927734 3.2943851351738 4.02239549160004 3.94234240055084 6.73701019287109 -9999 -9999 -9999 -9999 -9999 -9999 -9999 -9999 -9999 -9999 -9999 -9999 -9999 -9999 -9999 -9999 -9999 -9999 -9999 -9999 -9999 -9999 -9999 -9999 -9999 -9999 -9999 -9999 -9999 -9999 -9999
5.78345990180969 5.93508160114288 6.32219409942627 4.2204794883728 4.49081790447235 4.49139904975891 4.31089425086975 3.1533921957016 2.48100900650024 2.14655542373657 2.05764144659042 2.24590480327606 1.79318863328765 1.70618015001802 1.75863319635391 1.24028849601746 1.33607250452042 1.06924277544022 3.92124089598656 11.8994824290276 13.812455534935 13.3892433643341 7.41562896966934 4.52645254135132 3.19740039110184 3.14497420191765 4.33805546164513 4.53417666753133 3.90089772428785 4.13676992484501 4.05838811397552 6.56062142913406 -9999 -9999 -9999 -9999 -9999 -9999 23.6020007916351 12.6942715644836 -9999 -9999 -9999 -9999 -9999 -9999 -9999 -9999 -9999 -9999 -9999 -9999 -9999 -9999 -9999 -9999 -9999 -9999 -9999 -9999 -9999 -9999
3.42844748497009 3.36433529853821 3.13525861501694 5.40264519055684 4.40238160640001 3.67062052300102 4.60806703567505 2.86145997047424 2.67506396770477 2.05202400684357 1.78728818893433 1.72485115948845 1.48975223127533 2.07678981037701 1.35193276405334 1.44998171925545 1.2379424571991 0.944208741188049 3.23254287242889 6.38460087776184 5.52740281820297 5.08857768774033 4.72824257612228 10.3726620197296 6.23165845870972 3.92477467060089 5.69778782129288 11.7576241655783 12.6045437400991 12.3617686629295 8.31423843070252 3.42093944549561 -9999 -9999 -9999 -9999 -9999 -9999 -9999 -9999 -9999 -9999 -9999 -9999 -9999 -9999 -9999 -9999 -9999 -9999 -9999 -9999 -9999 -9999 -9999 -9999 -9999 -9999 -9999 -9999 -9999 -9999
-9999 -9999 -9999 -9999 -9999 3.99694415142662 3.02233430743217 2.41083267331123 2.17257517576218 2.02345579862595 1.79476046562195 1.08500620722771 1.12599751353264 1.44721949100494 1.4784360229969 1.21931925415993 1.21419149637222 5.97080321609974 8.58973014354706 5.03517642617226 4.08550947904587 4.14371699094772 18.7435786485672 28.2888362057069 7.07333167791367 11.819776605476 -9999 -9999 -9999 -9999 -9999 -9999 -9999 -9999 -9999 -9999 -9999 -9999 -9999 -9999 -9999 -9999 -9999 -9999 -9999 -9999 -9999 -9999 -9999 -9999 -9999 -9999 -9999 -9999 -9999 -9999 -9999 -9999 -9999 -9999 -9999 -9999
-9999 -9999 -9999 -9999 -9999 -9999 2.46673968806863 2.20818901062012 2.09814530611038 1.66760766506195 1.27562776207924 1.49674353003502 2.15333032608032 2.0899658203125 2.34689104557037 3.83662962913513 5.62741112709045 12.5770487040281 10.7751954048872 8.86248993873596 12.2630698084831 7.13221549987793 27.7338671207428 3.32111917472467 -9999 -9999 -9999 -9999 -9999 -9999 -9999 -9999 -9999 -9999 -9999 -9999 -9999 -9999 -9999 -9999 -9999 -9999 -9999 -9999 -9999 -9999 -9999 -9999 -9999 -9999 -9999 -9999 -9999 -9999 -9999 -9999 -9999 -9999 -9999 -9999 -9999 -9999
