EcologicalScience/Bass/data/rs_data_bass/chl_403.asc
NCOLS 226 
NROWS 124 
XLLCORNER -9.41648524995501 
YLLCORNER 47.587301625531 
CELLSIZE 0.0833 
NODATA_value -9999 
[rows 54 to 80 of 124, columns 0 to 61 of 226]
-9999 -9999 -9999 -9999 -9999 -9999 -9999 -9999 -9999 -9999 -9999 -9999 -9999 -9999 -9999 -9999 -9999 -9999 -9999 -9999 -9999 -9999 -9999 -9999 -9999 -9999 -9999 -9999 -9999 -9999 -9999 -9999 -9999 -9999 -9999 -9999 -9999 -9999 5.43101980510461 5.57846034200568 1.94900393486023 1.92246454954147 1.297053784132 1.03144946694374 1.16361075639725 1.2255645096302 1.19257271289825 1.00939875841141 0.920209296047688 0.989063233137131 1.17711097002029 1.05076923072338 1.11047445237637 1.61519408226013 2.04624330997467 2.13449722528458 2.42188158631325 2.3785702586174 -9999 0.607058599591255 0.62790758907795 2.83998640205549
-9999 -9999 -9999 -9999 -9999 -9999 -9999 -9999 -9999 -9999 -9999 -9999 -9999 -9999 -9999 -9999 -9999 -9999 -9999 -9999 -9999 -9999 -9999 -9999 -9999 -9999 -9999 -9999 -9999 -9999 -9999 -9999 -9999 -9999 -9999 -9999 -9999 -9999 -9999 2.8284702077508 2.06793826818466 2.04842019081116 1.37022748589516 1.49260649085045 1.23996073007584 1.04561322927475 1.00330799818039 1.1357107758522 1.37869128584862 0.849022507667542 1.03054138024648 1.24922560704382 1.34298728406429 1.59990447759628 1.93482430279255 1.96730263531208 2.47756280004978 2.97840873630061 -9999 -9999 -9999 -9999
-9999 -9999 -9999 -9999 -9999 -9999 -9999 -9999 -9999 -9999 -9999 -9999 -9999 -9999 -9999 -9999 -9999 -9999 -9999 -9999 -9999 -9999 -9999 -9999 -9999 -9999 -9999 -9999 -9999 -9999 -9999 -9999 -9999 -9999 -9999 -9999 -9999 -9999 -9999 -9999 1.9055460691452 1.62144219875336 1.42716971039772 1.46280151605606 1.54322916269302 1.29371926188469 1.11517050862312 1.23241272568703 1.40348473191261 1.32197248935699 0.871379435062408 1.23042824864388 1.4945650100708 1.74017617106438 1.8328342884779 1.74852365255356 1.74769889116287 2.2201064825058 2.97087277065624 -9999 -9999 -9999
-9999 -9999 -9999 -9999 -9999 -9999 -9999 -9999 -9999 -9999 -9999 -9999 -9999 -9999 -9999 -9999 -9999 -9999 -9999 -9999 -9999 -9999 -9999 -9999 -9999 -9999 -9999 -9999 -9999 -9999 -9999 -9999 -9999 -9999 -9999 -9999 -9999 -9999 -9999 -9999 2.20977830886841 1.87500983476639 1.56139433383942 1.55161875486374 1.59311771392822 1.55755198001862 1.44992020726204 1.34904670715332 1.24505621194839 1.45526397228241 1.20471078157425 1.19597907364368 1.40525921682517 1.50886449217796 1.68420904874802 1.44106298685074 1.49067574739456 1.5242782831192 1.9173367023468 2.30355226993561 2.16131383401376 -9999
-9999 -9999 -9999 -9999 -9999 -9999 -9999 -9999 -9999 -9999 -9999 -9999 -9999 -9999 -9999 -9999 -9999 -9999 -9999 -9999 -9999 -9999 -9999 -9999 -9999 -9999 -9999 -9999 -9999 -9999 -9999 -9999 -9999 -9999 -9999 -9999 -9999 -9999 -9999 -9999 -9999 2.42145001888275 1.94476497173309 1.8702090382576 1.7958202958107 1.71464627981186 1.60460847616196 1.64203141629696 1.49011780321598 1.45702444016933 1.24865698814392 1.11540296673775 1.29541048407555 1.37032949924469 1.53656148910522 1.40864253044128 1.87165796756744 1.91437804698944 1.98488706350327 2.64327299594879 2.95677816867828 -9999
-9999 -9999 -9999 -9999 -9999 -9999 -9999 -9999 -9999 -9999 -9999 -9999 -9999 -9999 -9999 -9999 -9999 -9999 -9999 -9999 -9999 -9999 -9999 -9999 -9999 -9999 -9999 -9999 -9999 -9999 -9999 -9999 -9999 -9999 -9999 -9999 -9999 -9999 -9999 -9999 -9999 2.49724799394608 2.20202100276947 2.12434422969818 2.02440226078033 1.82676976919174 1.70812278985977 1.48720952868462 1.54961979389191 1.42685896158218 1.23211500048637 1.19738629460335 1.29385954141617 1.33739474415779 1.40550899505615 1.38466197252274 1.42363053560257 1.81082850694656 1.89563316106796 0.873704157092354 -9999 -9999
-9999 -9999 -9999 -9999 -9999 -9999 -9999 -9999 -9999 -9999 -9999 -9999 -9999 -9999 -9999 -9999 -9999 -9999 -9999 -9999 -9999 -9999 -9999 -9999 -9999 -9999 -9999 -9999 -9999 -9999 -9999 -9999 -9999 -9999 -9999 -9999 -9999 -9999 -9999 -9999 2.75330516695976 2.32682973146439 2.30669170618057 1.96156579256058 1.88753843307495 1.74730056524277 1.74495220184326 1.63322621583939 1.49125877022743 1.38012671470642 1.30868777632713 1.22955472270648 1.3237147629261 1.38649052381516 1.48579573631287 1.63325929641724 1.75294429063797 -9999 -9999 3.27807605266571 13.3516269922256 3.9944312274456
-9999 -9999 -9999 -9999 -9999 -9999 -9999 -9999 -9999 -9999 -9999 -9999 -9999 -9999 -9999 -9999 -9999 -9999 -9999 -9999 -9999 -9999 -9999 -9999 -9999 -9999 -9999 -9999 -9999 -9999 -9999 -9999 -9999 -9999 -9999 -9999 -9999 -9999 -9999 2.84861925244331 2.35735366344452 2.30902598798275 1.90017074346542 1.7647470831871 1.72235101461411 1.60081422328949 1.54180204868317 1.45442846417427 1.47364577651024 1.30527672171593 1.19334447383881 1.15498271584511 1.24298027157784 1.4279520213604 1.53818249702454 1.59977102279663 1.99290525913239 1.79577380418777 1.92360305786133 1.78329753875732 1.86284852027893 2.14881183207035
-9999 -9999 -9999 -9999 -9999 -9999 -9999 -9999 -9999 -9999 -9999 -9999 -9999 -9999 -9999 -9999 -9999 -9999 -9999 -9999 -9999 -9999 -9999 -9999 -9999 -9999 -9999 -9999 -9999 -9999 -9999 -9999 -9999 -9999 -9999 -9999 -9999 -9999 -9999 3.16809448599815 1.81854003667831 1.85604822635651 1.65467405319214 1.37385821342468 1.42603272199631 1.48121550679207 1.54922693967819 1.45262476801872 1.41672974824905 1.31098499894142 0.999956272150341 1.29364648461342 1.31854122877121 1.34435176849365 1.53662842512131 1.62833547592163 1.71359932422638 1.71854782104492 1.68926167488098 1.92910641431808 1.71350991725922 2.03280007839203
-9999 -9999 -9999 -9999 -9999 -9999 -9999 -9999 -9999 -9999 -9999 -9999 -9999 -9999 -9999 -9999 -9999 -9999 -9999 -9999 -9999 -9999 -9999 -9999 -9999 -9999 -9999 -9999 -9999 -9999 -9999 -9999 -9999 -9999 -9999 -9999 -9999 -9999 3.07028125226498 1.99084049463272 1.71750158071518 1.73579782247543 1.48524221777916 1.20030453801155 1.24719750881195 1.41233852505684 1.42756801843643 1.32904797792435 1.30291047692299 1.35750898718834 1.26821628212929 1.3179150223732 1.37870326638222 1.36711871623993 1.45113596320152 1.51311528682709 1.46054175496101 1.45070028305054 1.62108224630356 1.74210226535797 1.98447901010513 2.35687118768692
-9999 -9999 -9999 -9999 -9999 -9999 -9999 -9999 -9999 -9999 -9999 -9999 -9999 -9999 -9999 -9999 -9999 -9999 -9999 -9999 -9999 -9999 -9999 -9999 -9999 -9999 -9999 -9999 -9999 -9999 -9999 -9999 -9999 -9999 -9999 -9999 -9999 -9999 1.48355251550674 1.63090878725052 1.55798631906509 1.43870696425438 1.13580152392387 1.03718250989914 1.09668374061584 1.24002599716187 1.24380004405975 1.15680304169655 0.996576225757599 1.05754396319389 0.728734865784645 1.36843577027321 1.46362200379372 1.43616226315498 1.39338979125023 1.37062498927116 1.39585348963737 1.37898525595665 1.36641821265221 1.48495799303055 1.81623905897141 2.10945600271225
-9999 -9999 -9999 -9999 -9999 -9999 -9999 -9999 -9999 -9999 -9999 -9999 -9999 -9999 -9999 -9999 -9999 -9999 -9999 -9999 -9999 -9999 -9999 -9999 -9999 -9999 -9999 -9999 -9999 -9999 -9999 -9999 -9999 -9999 -9999 -9999 -9999 2.60335206710375 1.63645058870316 1.22276321053505 1.25056126713753 1.0936087667942 0.942996740341187 0.959567248821259 0.960854977369308 0.959769755601883 1.12246636748314 1.06620855331421 1.05202065110207 0.879977256059647 1.15874025821686 1.46129849553108 1.4855497777462 1.48800453543663 1.41052803397179 1.28680354356766 1.16218802332878 1.37137797474861 1.38965249061584 1.18705120682716 1.31987696886063 1.9286595582962
-9999 -9999 -9999 -9999 -9999 -9999 -9999 -9999 -9999 -9999 -9999 -9999 -9999 -9999 -9999 -9999 -9999 -9999 -9999 -9999 -9999 -9999 -9999 -9999 -9999 -9999 -9999 -9999 -9999 -9999 -9999 -9999 -9999 -9999 -9999 -9999 -9999 1.99372726678848 1.38377773761749 1.22658821940422 1.14300227165222 1.08038476109505 0.929735988378525 0.818682789802551 1.07266936898232 1.08754184246063 1.07323892712593 1.03609381914139 1.00601282715797 0.89026951789856 0.867017269134521 1.32701325416565 1.36759346723557 1.27903202176094 1.24446371197701 1.24922025203705 1.206508487463 1.47450748085976 1.46890273690224 1.19288322329521 1.19824129343033 1.98275846242905
-9999 -9999 -9999 -9999 -9999 -9999 -9999 -9999 -9999 -9999 -9999 -9999 -9999 -9999 -9999 -9999 -9999 -9999 -9999 -9999 -9999 -9999 -9999 -9999 -9999 -9999 -9999 -9999 -9999 -9999 -9999 -9999 -9999 -9999 -9999 -9999 2.46289193630219 1.83802646398544 1.55327475070953 1.28649151325226 1.06963804364204 0.934728026390076 0.784899026155472 0.759411782026291 0.698516249656677 0.718632727861404 0.769513585988213 0.824896484613419 1.01256276667118 1.04684911966324 1.0965038895607 1.31204355955124 1.23453077673912 1.22853827476501 1.26987826824188 1.3802362382412 1.4415802359581 1.52894032001495 1.32841801643372 1.5059489607811 1.88811904191971 2.53999578952789
-9999 -9999 -9999 -9999 -9999 -9999 -9999 -9999 -9999 -9999 -9999 -9999 -9999 -9999 -9999 -9999 -9999 -9999 -9999 -9999 -9999 -9999 -9999 -9999 -9999 -9999 -9999 -9999 -9999 -9999 -9999 2.35261623064677 1.69718903303146 -9999 2.10493344068527 2.26845569337517 1.6545385026506 1.39659002423286 1.27556097507477 1.09432196617126 0.777083963155746 0.733866736292839 0.711761981248856 1.01681537032127 1.04436165690422 1.06807156205177 0.899271011352539 0.883677393198013 1.2567752301693 0.898748964071274 1.34546576142311 1.4326923251152 1.37858043909073 1.28015622496605 1.36662447452545 1.50561751127243 1.53708297014236 1.5068444609642 2.32380455732346 2.55225741863251 2.89620816707611 2.77075373348982
-9999 -9999 -9999 -9999 -9999 -9999 -9999 -9999 -9999 -9999 -9999 -9999 -9999 -9999 -9999 -9999 -9999 -9999 -9999 -9999 -9999 -9999 0.346259817481041 1.73263471126556 1.20091795921326 2.46518393754959 2.13873020410538 4.91427483558655 3.35580891370773 1.17645029425621 2.02206701040268 0.900838494300842 1.31424849629402 1.56721204519272 1.00930324196815 1.0527999997139 1.02972677350044 1.0151309967041 0.935605466365814 0.867713212966919 0.715532228350639 0.672660738229752 0.660959243774414 0.667092740535736 0.680780231952667 0.838938742876053 0.871950745582581 0.680258989334106 1.41405978798866 1.50181943178177 1.43858757019043 1.51675050258636 1.70658627748489 1.86538166999817 1.99593526124954 1.76572269201279 1.98024970293045 1.9309875369072 2.46084138225107 -9999 -9999 -9999
-9999 -9999 -9999 -9999 -9999 -9999 -9999 -9999 -9999 -9999 -9999 -9999 -9999 -9999 -9999 -9999 -9999 -9999 -9999 -9999 -9999 -9999 1.1300482749939 1.09886026382446 0.950130790472031 1.06695520877838 1.01379972696304 0.988362729549408 1.26788395643234 1.0367257297039 0.844850242137909 0.8541119992733 0.884807288646698 0.826996475458145 0.826041787862778 0.851853042840958 0.872147262096405 0.800569474697113 0.766641765832901 0.719693228602409 0.682898238301277 0.698980495333672 0.648014232516289 0.622636511921883 0.625981494784355 0.770465970039368 1.06684990972281 1.79987227916718 1.36125746369362 1.46672022342682 2.32021605968475 1.49328526854515 1.90240952968597 2.28837382793427 2.26885324001312 -9999 -9999 -9999 -9999 -9999 -9999 -9999
-9999 -9999 -9999 -9999 -9999 -9999 -9999 -9999 -9999 -9999 -9999 -9999 -9999 -9999 -9999 -9999 -9999 -9999 -9999 3.46426727771759 3.83349227905273 1.02770778536797 1.07217299938202 1.12224751710892 1.21163848042488 1.00436997413635 1.04437127709389 0.980542480945587 0.903635233640671 0.85896223783493 0.74898000061512 0.746190771460533 0.732398986816406 0.734511002898216 0.848643779754639 0.829030483961105 0.775934278964996 0.73624424636364 0.665838003158569 0.704272493720055 0.726169511675835 0.793550223112106 0.751948535442352 0.727609500288963 0.852572232484818 0.96916875243187 1.38242098689079 1.55531018972397 1.75996881723404 1.61521947383881 1.79304446492876 -9999 -9999 -9999 -9999 -9999 -9999 -9999 -9999 -9999 -9999 -9999
-9999 -9999 -9999 -9999 -9999 -9999 -9999 -9999 -9999 -9999 -9999 -9999 -9999 -9999 -9999 -9999 -9999 1.60309267044067 1.53891152143478 1.3624792098999 1.35368621349335 1.27711272239685 0.936809241771698 0.905435979366302 0.917231261730194 0.793107748031616 0.79092076420784 0.797496736049652 0.823451220989227 0.803375959396362 0.782983481884003 0.743373736739159 0.775922209024429 0.801417768001556 0.805884718894958 0.718407735228539 0.71603174507618 0.708245247602463 0.724787995219231 0.785190761089325 0.8177370429039 0.815460026264191 0.742303490638733 0.728443488478661 0.908296465873718 1.04605722427368 1.23891225457191 1.77373194694519 1.86095398664474 1.49366399645805 2.03458532094955 -9999 -9999 -9999 -9999 -9999 -9999 -9999 -9999 -9999 -9999 -9999
-9999 -9999 -9999 -9999 -9999 -9999 -9999 -9999 -9999 -9999 -9999 -9999 -9999 -9999 9.00502574443817 0.810225784778595 1.04212725162506 1.00493171811104 1.10701873898506 1.02058276534081 1.02319425344467 0.99844953417778 0.805603533983231 0.836409777402878 0.872422456741333 0.880489468574524 0.839246213436127 0.823332756757736 0.800810247659683 0.811483472585678 0.793074756860733 0.843106538057327 0.812633961439133 0.85870349407196 0.881515502929688 0.668020516633987 0.68529300391674 0.673101738095284 0.74311275780201 0.871021538972855 0.773588955402374 0.738810762763023 0.584154009819031 0.777001529932022 0.970651477575302 1.08735823631287 1.11520501971245 1.30647602677345 1.56715643405914 1.29828304052353 1.43318179249763 1.68360668420792 -9999 -9999 -9999 -9999 -9999 -9999 -9999 -9999 -9999 -9999
-9999 -9999 -9999 -9999 -9999 -9999 -9999 -9999 -9999 -9999 -9999 3.54134327173233 1.55137315392494 1.47813302278519 1.33774647116661 1.00370925664902 1.00694400072098 0.865934282541275 0.842493742704391 0.888378024101257 0.921344965696335 0.857298016548157 0.807403475046158 0.832682222127914 0.824129998683929 0.886070966720581 0.900852710008621 0.826150506734848 0.828544467687607 0.824282258749008 0.796636462211609 0.922564476728439 0.913298964500427 0.90436202287674 0.749634012579918 0.666047260165215 0.66549226641655 0.671588256955147 0.667879521846771 0.652640238404274 0.659669995307922 0.751049995422363 1.02137097716331 1.17703726887703 0.889924496412277 0.92223447561264 1.01074200868607 1.24706402420998 1.37216100096703 1.35485476255417 1.65636467352146 -9999 -9999 -9999 -9999 -9999 8.51265084452407 2.44721549749374 17.3053373336792 3.986332654953 3.71763467788696 -9999
-9999 -9999 -9999 -9999 -9999 -9999 -9999 -9999 -9999 1.1907134950161 0.896093219518661 1.11599779129028 1.07736074924469 1.15071371197701 1.32698026299477 1.10401725769043 0.927218288183212 0.87883123755455 0.868949979543686 0.903519719839096 0.787445247173309 0.823823243379593 0.828309774398804 0.807037532329559 0.830796718597412 0.857005476951599 0.820323765277863 0.771284222602844 0.812622785568237 0.838126480579376 0.809470474720001 0.926393240690231 0.892338037490845 0.634198486804962 0.625846490263939 0.631497770547867 0.640670254826546 0.656506508588791 0.643912509083748 0.686496019363403 0.608489245176315 0.655148237943649 1.09182375669479 1.18852347135544 0.939941972494125 1.00457176566124 1.05921676754951 1.11738154292107 1.05867147445679 1.256277769804 1.47835949063301 1.72746741771698 1.52606266736984 2.2880366769704 2.04054969549179 2.0772510766983 2.07399308681488 1.74111825227737 1.99033945798874 2.21447396278381 2.86437374353409 -9999
-9999 -9999 -9999 -9999 -9999 1.41042977571487 1.26372000575066 1.25148448348045 1.19021773338318 1.24184095859528 1.26676127314568 1.15754476189613 1.12101298570633 1.13230875134468 0.997193276882172 0.901325225830078 0.883226215839386 0.943749010562897 0.768946498632431 0.666261747479439 0.65836501121521 0.765312731266022 0.774847537279129 0.807615011930466 0.830458492040634 0.798366755247116 0.78211122751236 0.804454475641251 0.910332709550858 1.0559369623661 0.809571772813797 0.658566758036613 0.780144721269608 0.632808744907379 0.654079511761665 0.643672496080399 0.639413997530937 0.618831753730774 0.67764750123024 0.597197994589806 0.49932749569416 0.902498245239258 0.94106251001358 0.764048963785172 0.796002745628357 0.876509964466095 1.007967710495 1.04057246446609 0.919346988201141 1.05952200293541 1.36880099773407 1.42304402589798 1.50415796041489 1.49432095885277 1.56591367721558 1.5644114613533 1.67816179990768 1.64762771129608 1.94075095653534 2.23814016580582 2.60673755407333 2.81421303749084
-9999 -9999 -9999 -9999 -9999 1.26514872908592 1.20330074429512 1.25786027312279 1.23455625772476 1.33572372794151 1.1984167098999 1.00559476017952 0.965778708457947 1.11936450004578 1.01914724707603 0.860403031110764 0.895236790180206 0.769361257553101 0.665312245488167 0.647864252328873 0.621517494320869 0.689842522144318 0.798714727163315 0.803429245948792 0.806121736764908 0.781534463167191 0.809089511632919 0.88842898607254 0.927004516124725 0.921616494655609 0.650231257081032 0.629219233989716 0.664435520768166 0.630402758717537 0.695701494812965 0.625782743096352 0.604835271835327 0.606301501393318 0.500740483403206 0.405710980296135 0.395567268133163 0.389480262994766 0.662504240870476 0.743232741951942 0.87616503238678 0.860973000526428 0.884709745645523 0.856725007295609 0.859494030475616 0.855880469083786 1.36607703566551 1.31943896412849 1.19310522079468 1.23347103595734 1.28325828909874 1.48506224155426 1.49028298258781 1.46147328615189 1.66803896427155 1.75682330131531 1.9560284614563 2.356764793396
-9999 -9999 -9999 -9999 -9999 1.23922500014305 1.29640728235245 1.1453760266304 1.08020853996277 1.06789273023605 0.994140028953552 0.870003014802933 0.91179370880127 0.91628623008728 1.01593047380447 0.895413726568222 0.833065509796143 0.716027989983559 0.668172731995583 0.731615245342255 0.753399789333344 0.728372231125832 0.720927760004997 0.739035755395889 0.747738763689995 0.780249774456024 0.765669733285904 0.769861489534378 0.904599040746689 0.754282504320145 0.671710520982742 0.650043770670891 0.67816498875618 0.681732013821602 0.698639988899231 0.848225265741348 0.78847199678421 0.807966738939285 0.627197250723839 0.532663509249687 0.461261227726936 0.377983510494232 0.475155740976334 0.552913516759872 0.793504536151886 0.8412104845047 0.897329270839691 0.814725011587143 0.78006300330162 0.767641514539719 0.939819037914276 1.17191550135612 0.965117990970612 1.01641273498535 1.01825997233391 1.08915603160858 1.15076851844788 1.21907553076744 1.35041177272797 1.41684150695801 1.6462259888649 2.09163969755173
-9999 -9999 -9999 -9999 -9999 1.37019753456116 1.4340997338295 1.34180474281311 1.1783047914505 1.03231421113014 0.960566282272339 0.894597709178925 0.867976516485214 0.836390286684036 0.875797480344772 0.754296720027924 0.780288755893707 0.799589216709137 0.726570010185242 0.948382526636124 0.986684292554855 0.919269740581512 0.801414728164673 0.749912247061729 0.730937987565994 0.771771043539047 0.853845745325089 0.908297270536423 0.936469495296478 0.791234225034714 0.778530031442642 0.739325255155563 0.671636983752251 0.638584479689598 0.671734482049942 0.773452520370483 0.732173234224319 0.851628005504608 0.852052509784698 0.756819784641266 0.397693499922752 0.382251754403114 0.41102322936058 0.493467003107071 0.826550245285034 1.17505878210068 1.2296167910099 0.770087242126465 0.79128822684288 0.83060547709465 0.759708791971207 0.866876274347305 0.861812978982925 0.848003268241882 0.898638010025024 1.04270473122597 1.06667178869247 1.35852974653244 1.53661876916885 1.68873006105423 2.0699325799942 2.67947194576263
-9999 -9999 -9999 -9999 -9999 1.31207478046417 1.28837397694588 1.38353624939919 1.04632052779198 1.00515675544739 0.885887235403061 0.802523285150528 0.833454787731171 0.809217721223831 0.788807272911072 0.837564736604691 0.788725465536118 0.768681764602661 0.835742980241776 0.777472525835037 0.992060959339142 1.00847625732422 1.00369575619698 1.0292212665081 0.806624293327332 0.848414272069931 0.850979268550873 0.861042737960815 0.836136728525162 0.75711527466774 0.857946753501892 0.800540238618851 0.657570764422417 0.712746754288673 0.623309254646301 0.576251998543739 0.740690991282463 0.809802711009979 0.851045966148376 0.876594722270966 0.361640989780426 0.496193245053291 0.563829749822617 0.325554750859737 0.628937259316444 0.578024759888649 0.622819736599922 0.913709253072739 1.1567280292511 1.08511278033257 1.20234453678131 0.954057723283768 2.2474552989006 1.12983897328377 1.02203848958015 1.36792784929276 1.2766290307045 2.13891452550888 3.23444759845734 1.92281556129456 1.37435920536518 1.82607883214951
