EcologicalScience/Bass/data/rs_data_bass/chl_275.asc
NCOLS 226 
NROWS 124 
XLLCORNER -9.41648524995501 
YLLCORNER 47.587301625531 
CELLSIZE 0.0833 
NODATA_value -9999 
[rows 54 to 80 of 124, columns 124 to 185 of 226]
1.89829370975494 1.7040359377861 1.89191454648972 1.66654591560364 1.60076022148132 1.73188725113869 2.25924825668335 2.00796630978584 1.93357568979263 1.97632500529289 2.03298193216324 6.41753815412521 3.03012673671429 2.00089765446527 1.85789826086589 1.929965870721 2.07510074973106 2.04272210597992 2.22728485570234 1.98863433301449 2.08004104740479 2.15207397937775 2.09627139918944 2.17464530467987 2.07315917685628 2.1143504306674 2.12987580299377 2.24907685518265 2.23372577679785 2.1638059258461 2.6048336327076 2.13943916559219 2.98077195882797 2.59553553164005 2.36174932122231 1.80519354343414 1.81208721399307 1.82413169145584 2.49664610624313 2.22948886826634 2.25873523950577 2.08831308519139 2.02249219417572 2.08037549257278 3.40129500978133 3.27952890536364 3.68417920084561 4.28734221528558 5.05088022877188 5.14441535753362 5.04210410398595 9.57719260454178 6.87041136622429 8.06354925550264 5.3653873034886 5.52739093038771 5.91259040151324 7.11489113739559 12.1584471293858 14.4655522916141 6.47459566950084 -9999
2.05623463392258 2.35384754623686 2.10290397916521 1.92916764531817 1.92209692184742 1.79679294732901 2.08746889408897 2.07547348737717 1.87836822867393 1.93821305036545 2.0046318769455 2.48957401514053 1.93945848941803 5.48165166378021 4.67794130857174 4.23979130387306 1.99096083641052 2.0158406496048 1.93738317489624 2.09950636414921 2.16933761274113 2.15817412734032 2.255883714732 2.41546472731759 2.50576875731349 2.49758468940854 2.4129066132009 2.48085150495172 2.61991037428379 2.58834660351276 2.82085022756032 2.81755430996418 2.68881658092141 3.04309644922614 2.61497241959852 3.64866149425507 3.05189099907875 2.14125344941491 2.35295147895813 2.15636561898624 2.24903095960617 2.0027694940567 2.88950963931925 4.02065756741692 4.26446242542828 3.6556377305704 4.02473315771888 4.59548186554628 5.16882061958313 5.28332536360797 6.05439291311347 5.58777222140082 7.08535520926766 9.11867582279703 9.72955444029399 9.240604615793 10.5720698833466 -9999 -9999 -9999 -9999 -9999
2.16616428270936 2.31207299232483 2.18408668041229 2.36100520078953 2.13953179121017 2.08047000169754 2.26693104996401 2.28756335903617 2.4552341874908 2.48296818663092 1.97459197895867 2.04377884524209 2.4581754768596 2.48486542351106 2.48294096483904 4.77856347709894 3.34175070002675 2.31105162115658 2.1351306122892 2.14310673405142 2.20687938788358 2.30784186896156 2.4624990400146 2.66595371330486 2.77156385779381 2.49501046165824 2.59468749538064 2.84482897582807 2.87480997411828 2.86503068804741 2.92476150691509 2.97862285673618 3.32829684019089 2.85035245120525 2.56899026912801 3.28753119707108 2.95993307232857 1.92705769601621 4.63231801986694 2.18845683649967 2.46872924566269 2.31531666517258 3.43896573080736 3.13960097467198 3.66603551892673 4.14623116745668 4.34958443220924 3.75809738132524 5.9182980289826 4.91261921525001 4.10942813328334 4.43626288005284 7.92039455817296 5.71577544212341 -9999 -9999 -9999 -9999 -9999 -9999 -9999 -9999
2.70634587854147 2.66077642142773 2.74011745452881 2.89065678330029 2.16637495756149 2.08469823598862 2.06999958753586 2.25219444667592 2.2689165893723 2.37771412905525 1.97525548083442 2.55707594927619 2.50269513971665 2.65782847123988 2.51046630915473 2.43643438465455 5.23236991837621 3.33731254935265 2.79273085734423 2.5235290825367 2.33103489875793 2.30051100254059 2.3098780810833 2.33164277672768 2.78737235069275 2.64871711134911 2.65666021406651 2.84776350071556 2.78587259848913 2.93368380367756 2.93839366436005 2.2976315120856 2.88896781206131 3.02349597215652 2.00232044388266 2.21940577881677 2.92160937488079 1.80228106677532 1.72935307770967 1.08887589550935 1.09580922699892 2.65939486026764 3.66644723275129 3.7084509414785 3.64639395475388 4.24493690098033 7.76350851680921 6.14362616495255 8.79959164215968 8.10529127987948 9.18320319869301 8.5680048751831 9.83874274217165 -9999 -9999 -9999 -9999 -9999 -9999 -9999 -9999 -9999
2.985526163131 2.826246291399 3.03929711381594 3.22638766555225 2.58755954106649 2.82448222637177 3.08244936806815 2.25732493400574 2.17485119615282 2.17410878624235 2.57155938358868 2.58894547294168 2.54347255300073 2.4927084235584 2.4960279043983 2.43559808240217 2.77621939953636 2.92053332048304 3.03160954924191 3.0584319339079 2.17887917686911 2.34054958820343 2.59266945719719 2.58160123229027 2.56949766352773 2.37658751010895 2.10551609396934 2.0462140083313 2.64638051390648 2.73688958287239 2.81509923934937 2.14388960413635 2.34066787362099 2.12061458124834 0.971744595389617 2.13910488188267 2.20280551058905 1.96807797253132 1.89833794534206 2.02553429827094 2.42638908326626 3.33766093254089 3.36828401684761 4.2658274397254 4.78730028122663 8.14817777173272 9.19497881264522 6.71203801631928 5.80518167159137 4.32938558804361 8.01796371796552 21.2517350149155 58.6187075614929 -9999 -9999 -9999 -9999 -9999 -9999 -9999 -9999 -9999
-9999 3.69861080646515 3.24013986713008 2.8585806896812 3.42444835106532 2.7199333169881 3.41174130780356 4.07943043708801 3.06533521413803 2.62544984476907 2.41966876387596 2.48441782067804 2.63789672360701 2.10746588025774 2.56172214536106 2.45969875069226 2.60441637039185 2.55277737379074 2.64225432872772 2.7905752147947 3.28433344644659 2.63964986801147 2.58734813332558 2.60091331601143 1.94859558343887 2.00983196496964 2.73779679338137 2.59202532966932 2.719733735919 1.68690931610763 1.92897443287075 1.98193502426147 1.89333486557007 1.82795530557632 1.76694461177377 1.5818727940321 1.63084740936756 1.95113370348425 2.00021902620792 2.26675133407116 3.50644355267286 3.70652221888304 4.23649987578392 4.55100135505199 3.68407952785492 -9999 11.1443343162537 5.8954992086991 6.37322845879723 7.3367957648109 60.406857808431 61.9421919250488 64.5361547470093 33.0666951718538 -9999 -9999 -9999 -9999 -9999 -9999 -9999 -9999
-9999 -9999 -9999 -9999 -9999 2.28387522697449 4.0736888682141 3.5058636209544 4.26450371742249 3.91033344268799 2.94714903831482 2.67113396350075 2.44093461597667 2.36808993816376 2.68941786709954 2.584368288517 2.71266295909882 3.36814590412028 3.52780152419034 2.76002030713218 3.00425167995341 2.85170128415613 2.57276167589075 2.6642991900444 3.33385668302837 1.35729905962944 2.83920609249788 2.38308251254699 1.85194086035093 1.87447044253349 1.81823619827628 1.8226353675127 1.66356785595417 1.51139956712723 1.74690007462221 1.90848806325127 1.68612934648991 2.08612420856953 2.18161859214306 2.30534210801125 3.94125321507454 7.26444983482361 5.4487646073103 4.22302156686783 4.62001653760672 19.1456816196442 -9999 -9999 -9999 -9999 55.3148202896118 34.0297486202137 56.0784068788801 20.9558703936063 -9999 -9999 -9999 -9999 -9999 -9999 -9999 -9999
-9999 -9999 -9999 -9999 -9999 -9999 -9999 -9999 3.42046515146891 3.38512066751719 3.65573244094849 3.46848220825195 2.53078910708427 2.40779104828835 2.81088042960447 3.20237416379592 2.92072952985764 3.10017319637186 2.91762546931996 3.01656588035471 2.66618001811645 2.56557208299637 2.54895834361806 2.51933326721191 2.3316100269556 1.68119979500771 1.78567145466804 1.83837077021599 1.82713159918785 1.99916062876582 1.75988819318659 1.7357139061479 1.86340713500977 1.74135492369533 2.63105781639323 2.95146939333747 2.74605516125174 2.09316466748714 1.29470882415771 2.5198792219162 2.95016553997993 3.23149019479752 5.48667778819799 5.23567626625299 7.43468226326837 29.0682649612427 -9999 -9999 -9999 -9999 17.548882484436 37.976708246314 28.4585291954779 45.0449003492083 46.248771572113 31.008384733784 -9999 -9999 -9999 -9999 -9999 -9999
-9999 -9999 -9999 -9999 -9999 -9999 -9999 -9999 -9999 -9999 3.04394717216492 3.18632347583771 2.84423705935478 2.70969977974892 2.63156551122665 3.28534149422365 2.91426025629044 2.20741019930158 2.57123318910599 2.63410011459799 2.66952993869781 2.72243460837533 2.41508834502276 2.09470858644037 2.70395939490374 1.84689845144749 1.99666392803192 1.92434049844742 1.94664785861969 1.93434170633554 1.96109812049305 1.96985817306182 1.91737256865752 2.05896753072739 2.91993243992329 3.18899235874414 3.26350853964686 3.7821288742125 4.37851305305958 4.46699197590351 4.6422500051558 3.91085281223059 4.27109619549343 4.22605204582214 13.3142756223679 -9999 -9999 -9999 -9999 -9999 -9999 -9999 9.73076082875089 21.9735525101423 15.343280851841 34.6233220338821 10.8786277770996 -9999 -9999 -9999 -9999 -9999
-9999 -9999 -9999 -9999 -9999 -9999 -9999 -9999 -9999 4.3704868555069 2.90414133667946 3.46454577786582 3.33200015340533 3.12439967904772 2.97365391254425 3.28172367811203 2.78524088859558 2.45597434043884 2.5202220082283 2.09339064359665 2.48903833066716 2.62562102079391 2.1673870156793 1.97982724975137 1.27156685292721 1.65338111110032 1.64301725104451 1.89614913463593 1.82734682559967 2.4148338496685 2.15628205878394 1.5590737760067 1.48266497254372 2.4202031493187 3.20256573334336 3.63614678755403 3.94659190624952 4.46358640864491 4.56926548853517 4.08930024504662 3.56638642027974 3.30263732001185 2.47495107650757 3.84975075721741 21.9349747896194 33.0447750091553 -9999 -9999 -9999 16.3981014937162 15.5264718532562 20.6668213605881 19.5761361122131 23.8097748003508 41.0767504487719 31.3091795304242 16.4458419199913 -9999 -9999 -9999 -9999 -9999
-9999 -9999 -9999 -9999 -9999 -9999 -9999 -9999 -9999 -9999 3.25386571884155 3.73040194170816 3.3901538678578 3.39993253776005 3.36197406905038 2.59091287851334 2.62633604662759 2.40881625243596 2.26324091638838 2.43597996234894 2.04972521960735 2.02632472291589 1.83053028210998 1.70237473770976 1.53255146741867 1.64721167714972 1.59461478888988 2.65270909667015 2.93062096238136 2.4775250852108 1.98211825042963 1.60043162852526 1.44865871965885 2.23413540187635 1.84380831888744 2.92623833566904 2.37014620564878 2.09966715797782 2.62935408577323 3.11903957650065 3.20390336215496 3.08733062446117 3.30997788906097 3.02969589829445 8.63070237636566 -9999 -9999 -9999 -9999 -9999 30.4897543589274 15.4676323618208 17.5501699447632 18.036762714386 14.5041275535311 -9999 -9999 -9999 -9999 -9999 -9999 -9999
-9999 -9999 -9999 -9999 -9999 -9999 -9999 -9999 -9999 3.67937564849854 4.12970066070557 3.62438052892685 3.57614958286285 3.60315253053393 3.18527524811881 3.30250451564789 2.56273116384234 2.50117380278451 2.42884226356234 2.43239648938179 2.1452696621418 2.02629862725735 1.88848502933979 1.78850545361638 1.77258182689548 1.81861272454262 2.04047960042953 2.92640617489815 3.03179376125336 3.34153560250998 2.34408293366432 2.01341718882322 1.75234814733267 1.58193536549807 2.73379162379674 2.26339073692049 2.03111039189731 2.91224092558811 3.43308529257774 3.51631942391396 3.56752747893333 3.25719568133354 3.41086757183075 6.21763300895691 3.86466658115387 -9999 -9999 -9999 -9999 -9999 40.5977096879081 30.0819352467855 12.7099390625954 -9999 -9999 -9999 -9999 -9999 -9999 -9999 -9999 -9999
-9999 -9999 -9999 -9999 -9999 -9999 -9999 -9999 -9999 5.59361118078232 5.08818197250366 4.11942601203918 3.92887043952942 3.38396626710892 3.30738437175751 3.1784817805657 3.05340729309962 2.67088738509587 2.58059628009796 2.21952679753304 2.291498285532 1.95475994981825 2.28161475532933 1.5800118992726 1.6066292176644 2.35287442803383 3.35601192712784 3.34422871470451 3.7907512485981 3.4670470419683 2.61958855390549 2.59186613559723 2.82964028120041 2.362613260746 2.66624390728333 2.43095963316805 2.33323507799822 2.45736468136311 3.00114166310855 2.75169040049825 3.45506277680397 3.1809977889061 3.2009654045105 10.3990141153336 3.86466693878174 -9999 -9999 -9999 -9999 12.1949715614319 -9999 -9999 -9999 -9999 -9999 -9999 -9999 -9999 -9999 -9999 -9999 -9999
-9999 -9999 -9999 -9999 -9999 -9999 -9999 -9999 -9999 3.44709397063536 4.01828652620316 3.66477370262146 3.51004725694656 3.42316979169846 3.05606290698051 3.11480641365051 3.09877058634391 2.73046762209672 2.6527293920517 2.35370287299156 2.22035135672643 1.68672078847885 1.71022505760193 1.67123646040757 1.65848258137703 2.37225593626499 3.60520680248737 4.28990793228149 5.69983837008476 4.6011815071106 5.19686007499695 5.2760192155838 5.16800303757191 3.52157597506748 4.67167988419533 4.18347510695457 2.30981308221817 3.36282008886337 3.11899013604437 2.71863655533109 4.13321159407496 3.41512766182423 5.63294741573618 -9999 -9999 -9999 -9999 -9999 -9999 -9999 -9999 -9999 -9999 -9999 -9999 -9999 -9999 -9999 -9999 -9999 -9999 -9999
-9999 -9999 -9999 -9999 -9999 -9999 -9999 -9999 -9999 3.93358039855957 4.48174375754136 4.25573741472684 4.18577131858239 3.50021536533649 2.98734721541405 2.85213008522987 3.01083269944558 3.2420047223568 2.44147086601991 2.38226661086082 2.07146414885154 1.88551350831985 1.92622505426407 1.4385136791638 1.45627588033676 2.19277162849903 3.56889939308167 4.01991069316864 4.21729829907417 3.76157435774803 3.48354122042656 4.55574363470078 4.29973040521145 4.07698626816273 3.17120341211557 2.94287650287151 2.41342956178329 2.4188653160544 3.75553286075592 4.6426659822464 3.58189194202423 4.81505208856919 9.59403069191668 -9999 -9999 -9999 -9999 -9999 -9999 -9999 -9999 -9999 -9999 -9999 -9999 -9999 -9999 -9999 -9999 -9999 -9999 -9999
-9999 -9999 -9999 -9999 -9999 -9999 -9999 3.28386068344116 4.93236659765244 3.96943910121918 4.36018271629627 4.04323983192444 3.94739751632397 3.30924154703434 3.79402720928192 3.33694687485695 3.15564717054367 2.65366522165445 1.96413472982553 2.05848786234856 1.77789375185966 1.66042877733707 2.05477098226547 1.40590194211556 1.3910602416311 1.37726444005966 1.41470126194112 1.337054308723 1.46379423316787 1.54587508440018 1.6447129368782 1.81095650196075 3.15420795232058 2.57186231017113 2.48388698324561 2.49131844565272 1.98307101726532 2.56974040344357 2.20594635009766 3.10509399175644 14.3902205228806 5.69786846637726 3.25656187534332 -9999 -9999 -9999 -9999 -9999 -9999 -9999 -9999 -9999 -9999 -9999 -9999 -9999 -9999 -9999 -9999 -9999 -9999 -9999
-9999 -9999 -9999 -9999 -9999 -9999 3.98607531785965 3.95530301994748 5.60963448611173 3.47700798511505 3.29298728704453 3.6987213905041 3.64943419053004 3.0880936063253 3.49982285499573 3.326600253582 3.07422414422035 2.64076682925224 2.22613728046417 2.08794075250626 1.84888619184494 1.69336804747581 2.31046144962311 1.22285885191881 1.44464558821458 1.47260713577271 1.5459076991448 1.52477306723595 1.65166531801224 1.65718857049942 1.74188400506973 1.88486714363098 2.44408936500549 2.34646056219935 2.32553730905056 2.65189795196056 2.89793139696121 2.88110462576151 2.88727937266231 -9999 -9999 -9999 -9999 -9999 -9999 -9999 -9999 -9999 -9999 -9999 -9999 -9999 -9999 -9999 -9999 -9999 -9999 -9999 -9999 -9999 -9999 -9999
-9999 -9999 -9999 -9999 4.09823121834386 3.71654102537367 3.54678788781166 4.65318745725295 3.2002215896334 3.63044108335788 4.30605366230011 4.10496511459351 3.38821558768933 3.34268778562546 3.20242202281952 3.04999360442162 2.86403891444206 2.34460052847862 1.9082238972187 1.8699617266655 1.48365892097354 1.75214447826147 2.10138487815857 2.36709089577198 3.5207170009613 2.31457309797406 2.77418444305658 3.07724071294069 3.34484981372952 3.20378684252501 4.65736331258501 2.269078373909 2.34775920957327 2.49111810699105 2.61952726840973 2.88016641139984 2.84319621638248 13.6598062194311 -9999 -9999 -9999 -9999 -9999 -9999 -9999 -9999 -9999 -9999 -9999 -9999 -9999 -9999 -9999 -9999 -9999 -9999 -9999 -9999 -9999 -9999 -9999 -9999
-9999 -9999 -9999 -9999 3.42946270108223 3.38222215175629 5.06068181991577 4.60407126651091 3.11911761760712 3.44200792220923 3.24550922100361 3.18878448926485 2.65556719669929 3.02930670976639 1.45016498863697 2.68864274024963 2.66713160276413 2.04334500432014 1.81280511617661 1.57135015726089 1.49113909900188 1.84490520134568 2.65879856050014 3.43489410728216 1.93610017439898 1.90179851055145 2.74264422655106 2.80526533126831 2.69221894741058 2.57257479429245 2.31468873023987 2.33680905103683 2.79452765733004 2.31905386447906 3.46623725891113 3.41944910958409 3.42236933112144 -9999 -9999 -9999 -9999 -9999 -9999 -9999 -9999 -9999 -9999 -9999 -9999 -9999 -9999 -9999 -9999 -9999 -9999 -9999 -9999 -9999 -9999 -9999 -9999 -9999
-9999 36.2807902543904 3.84420133961572 3.7087703678343 3.60378238677978 3.4538426399231 4.56950264117297 5.12977695465088 3.21745419502258 3.41823627948761 3.17509433627129 2.72961615140621 2.44178238740334 2.73429527878761 1.58704800903797 1.49329009652138 1.96041442453861 1.75426288843155 1.6995817065239 1.4908177703619 1.61727641522884 3.18922467231751 2.62266045436263 2.66289192438126 2.99067038297653 2.98590120300651 3.02354621887207 2.63281699419022 1.95166150881694 2.17474088072777 2.43796835839748 2.40542240142822 2.7060290813446 3.11356198042631 19.0417932271957 10.6566177606583 -9999 -9999 -9999 -9999 -9999 -9999 -9999 -9999 -9999 -9999 -9999 -9999 -9999 -9999 -9999 -9999 -9999 -9999 -9999 -9999 -9999 -9999 -9999 -9999 -9999 -9999
3.91353254318237 3.85233839035034 3.65693291187286 4.22168333530426 3.52109847349279 3.57297264828401 3.33778345584869 3.30771456746494 3.45546727180481 3.3506649017334 3.1707025885582 3.05761688947678 3.01285171508789 2.33786255121231 2.48246583113304 1.32140929251909 0.759050622582436 1.70673036575317 1.59753826260567 2.15011990070343 9.03365836143494 8.99688485860825 2.13054796457291 2.16343661546707 2.47059772014618 3.08311935514212 2.47406260967255 2.31587040424347 2.27799931168556 2.46884778141975 2.67786573171616 2.7670575261116 3.08830793698629 -9999 -9999 -9999 -9999 -9999 -9999 -9999 -9999 -9999 -9999 -9999 -9999 -9999 -9999 -9999 -9999 -9999 -9999 -9999 -9999 -9999 -9999 -9999 -9999 -9999 -9999 -9999 -9999 -9999
14.16395815936 3.99449110776186 3.92649138718843 4.04191110134125 6.98528827153719 3.82004729658365 3.26947532594204 3.12834457308054 3.35393147468567 3.23876123428345 3.08527607917786 3.11687187105417 2.552281665802 2.15278482437134 1.87272701784968 2.10864396095276 1.60831732474841 1.43118952214718 1.87702555656433 2.08540946245193 2.37904724478722 1.91697324067354 2.20501252412796 2.48422228172421 2.78336772322655 2.7960619032383 2.71084839105606 2.58644324541092 2.66079568862915 2.79717859625816 3.13943284749985 3.34362298250198 3.40139999985695 12.2493414649597 4.9398800351403 5.98714790199742 -9999 -9999 -9999 -9999 -9999 -9999 -9999 -9999 -9999 -9999 -9999 -9999 -9999 -9999 -9999 -9999 -9999 -9999 -9999 -9999 -9999 -9999 -9999 -9999 -9999 -9999
4.43697009086609 4.09605975151062 4.11121301651001 3.94900685548782 4.29676169157028 3.4282613620162 3.22394425868988 3.38685643672943 4.80129154828879 2.36569833755493 5.15399647676028 3.27893089056015 2.05571056902409 1.92928992509842 1.66874018311501 1.53199383616447 1.54294175282121 1.45073854923248 1.70433842204511 1.81983355432749 1.90841299295425 2.07935934886336 2.29205359518528 2.74059329554439 2.72723963856697 2.68038788437843 2.67157280445099 2.58650556206703 2.85763424634933 2.97088664397597 6.37470340410868 -9999 -9999 -9999 -9999 -9999 -9999 -9999 -9999 -9999 -9999 -9999 -9999 -9999 -9999 -9999 -9999 -9999 -9999 -9999 -9999 -9999 -9999 -9999 -9999 -9999 -9999 -9999 -9999 -9999 -9999 -9999
5.20436825752258 5.29762462377548 4.56927444934845 3.65711302757263 4.1916797711299 4.27766157113589 3.33054661750793 3.44485062360764 2.95482569932938 2.33852809667587 2.52820830345154 2.13380017876625 1.69997620582581 1.80478630587459 1.5194396674633 1.53573065623641 1.52991373836994 1.68284467980266 1.70745295844972 1.91924788802862 2.31285931169987 2.54203176498413 2.83041306585073 2.77438615635037 2.73318491131067 2.71707069128752 2.76837338134646 2.9743269905448 4.1232948679673 3.67044790167558 2.90114352577611 3.40285110473633 -9999 -9999 -9999 -9999 -9999 -9999 30.8192207635339 12.6942715644836 -9999 -9999 -9999 -9999 -9999 -9999 -9999 -9999 -9999 -9999 -9999 -9999 -9999 -9999 -9999 -9999 -9999 -9999 -9999 -9999 -9999 -9999
6.13296918869019 4.81865952014923 4.28211514949799 4.20640195117277 4.16106269359589 4.98444339632988 5.08130151033401 4.05514564880958 2.75489258766174 2.19500482933862 2.49286346575793 1.84478260664379 1.55830907821655 1.53599958121777 1.49813291430473 1.43450748547912 1.555713923648 1.77241982147098 1.95285066962242 2.73679581284523 2.82807245850563 2.91055120155215 3.01936062052846 2.94573803991079 2.89872002229095 3.18796844780445 3.21347777048747 3.23000529565309 3.40432432293892 2.77581515437678 2.87911357377705 3.42093944549561 -9999 -9999 -9999 -9999 -9999 -9999 -9999 -9999 -9999 -9999 -9999 -9999 -9999 -9999 -9999 -9999 -9999 -9999 -9999 -9999 -9999 -9999 -9999 -9999 -9999 -9999 -9999 -9999 -9999 -9999
-9999 -9999 -9999 -9999 -9999 4.14343424847251 3.50942730903625 2.77596069574356 2.20908073016575 1.8551128251212 1.41875472664833 1.14916958101094 1.63156539201736 1.24990322589874 1.49216278642416 1.58313100337982 2.1633374132216 2.3812071159482 2.72708217054605 2.85431240871549 3.00408735126257 3.12057347595692 3.0763401389122 3.1583561450243 5.85968518775442 5.39668181112834 -9999 -9999 -9999 -9999 -9999 -9999 -9999 -9999 -9999 -9999 -9999 -9999 -9999 -9999 -9999 -9999 -9999 -9999 -9999 -9999 -9999 -9999 -9999 -9999 -9999 -9999 -9999 -9999 -9999 -9999 -9999 -9999 -9999 -9999 -9999 -9999
-9999 -9999 -9999 -9999 -9999 -9999 2.64241181686521 2.40022444725037 2.30286793525402 1.56619195640087 1.23431999981403 0.957060599327087 1.19466502070427 1.65075467526913 1.59687740802765 2.18333923816681 2.24448750019073 2.14940736293793 2.29286922216415 2.72219076156616 2.77655191421509 2.77715508937836 3.59154863655567 3.21109783067936 -9999 -9999 -9999 -9999 -9999 -9999 -9999 -9999 -9999 -9999 -9999 -9999 -9999 -9999 -9999 -9999 -9999 -9999 -9999 -9999 -9999 -9999 -9999 -9999 -9999 -9999 -9999 -9999 -9999 -9999 -9999 -9999 -9999 -9999 -9999 -9999 -9999 -9999
