EcologicalScience/Bass/data/rs_data_bass/chl_422.asc
NCOLS 226 
NROWS 124 
XLLCORNER -9.41648524995501 
YLLCORNER 47.587301625531 
CELLSIZE 0.0833 
NODATA_value -9999 
[rows 54 to 80 of 124, columns 124 to 185 of 226]
2.60554432868958 2.48413646221161 2.6680154800415 2.23699128627777 2.29181098937988 2.30936479568481 2.30161947011948 2.09573847055435 2.15224206447601 2.03285175561905 1.98093456029892 2.05870342254639 2.19902032613754 2.28437697887421 2.36639624834061 2.465127825737 2.48447924852371 2.45702916383743 2.51531553268433 2.48640149831772 2.37880951166153 2.45624631643295 2.35399281978607 2.02317148447037 2.20023447275162 2.09635269641876 2.26216506958008 2.41276055574417 2.57173579931259 2.31330674886703 2.41291576623917 2.66590654850006 2.47322326898575 2.13827705383301 2.19995033740997 2.09370678663254 1.82050055265427 1.77598196268082 1.80656558275223 1.70750856399536 1.5654074549675 1.64902192354202 1.536356985569 1.59159600734711 1.65849155187607 1.5265536904335 1.8509978055954 2.06467723846436 2.68673175573349 3.01033508777618 3.00139582157135 3.79025988578796 4.55148231983185 4.92466878890991 4.42401497615011 5.30296646118164 5.1678867156689 5.67222786866702 5.69387193024158 9.1251179482326 -9999 -9999
2.39954316616058 2.45415741205215 2.38806080818176 2.2956982254982 2.35505175590515 2.3554499745369 2.16437780857086 2.13473027944565 2.0090092420578 2.05568557977676 2.17146080732346 2.10685050487518 2.12311953306198 2.28573900461197 2.46890616416931 2.54035127162933 2.44137078523636 2.46304875612259 2.35818976163864 2.22420823574066 2.36825394630432 2.25909894704819 2.23794454336166 1.7664510011673 1.8085949420929 2.02763700485229 2.15922224521637 2.47665077447891 2.71408349275589 2.54848802089691 2.73204892873764 2.87504553794861 2.75179499387741 2.71215373277664 2.39571297168732 1.98969966173172 1.96075433492661 1.87368893623352 1.76165771484375 1.69626224040985 1.63243496417999 1.6428456902504 1.51283472776413 1.46525779366493 1.6395623087883 1.70339924097061 2.06001448631287 2.61611706018448 3.11105704307556 3.19644963741302 4.68613564968109 4.74760115146637 5.04212701320648 5.59600961208344 5.67892956733704 7.2091496653027 10.5720698833466 -9999 -9999 -9999 -9999 -9999
3.46685457229614 3.06289422512054 2.55952119827271 2.32100093364716 2.20652550458908 2.15396332740784 2.17440980672836 2.11032593250275 2.03672629594803 2.04632180929184 2.03751075267792 2.10748279094696 2.27970457077026 2.46624970436096 2.64589351415634 2.70380169153214 2.61893624067307 2.35432201623917 2.52362322807312 2.54380506277084 2.31868422031403 2.41529327630997 2.07127493619919 2.14278906583786 1.69764518737793 1.86741006374359 1.98613876104355 2.24886667728424 2.25684070587158 2.36726546287537 2.38751399517059 2.79161167144775 3.05188429355621 2.92448258399963 2.7190688252449 2.11623305082321 1.93845748901367 1.71268719434738 1.59907418489456 1.5292072892189 1.47468075156212 1.40027922391891 1.51530683040619 1.70835971832275 2.16616344451904 2.51403218507767 2.95789951086044 2.96017428785562 3.54638385772705 3.6739958524704 3.93436503410339 4.53342282772064 5.52659010887146 5.83024319580623 -9999 -9999 -9999 -9999 -9999 -9999 -9999 -9999
3.36993455886841 3.22136092185974 2.92195951938629 2.74088627099991 2.5334295630455 2.27158570289612 2.06111633777618 2.0584409236908 2.07241880893707 2.04551696777344 1.98901283740997 2.31046575307846 2.43172198534012 2.64172875881195 2.95387423038483 3.16058850288391 2.90834480524063 2.67492681741714 2.67405670881271 2.80106842517853 2.48916971683502 2.22189366817474 2.09209424257278 2.04548317193985 1.82072478532791 1.99670630693436 1.71990895271301 1.70410573482513 1.8568035364151 2.09557342529297 2.28995472192764 2.81083506345749 3.50848960876465 2.9531369805336 2.59413528442383 2.72818279266357 2.13959544897079 1.82531780004501 1.76191574335098 1.62509107589722 1.54763692617416 1.52500051259995 1.67360097169876 1.92123752832413 2.54171705245972 3.14956712722778 3.74264717102051 18.8008726905374 4.99442553520203 4.33770310878754 4.41781282424927 6.23637127876282 7.89754772186279 11.5164499282837 -9999 -9999 -9999 -9999 -9999 -9999 -9999 -9999
3.6781986951828 3.69181215763092 3.5172164440155 3.47825467586517 3.28194057941437 3.08865916728973 2.46020919084549 2.30707722902298 2.18583154678345 2.20210129022598 2.47337543964386 2.23874849081039 2.1929669380188 2.51774775981903 2.89734292030334 3.04757845401764 3.25676321983337 2.9675572514534 2.99169677495956 2.95943695306778 2.50281751155853 2.00745677947998 1.92062097787857 1.81022107601166 1.81535392999649 1.75248903036118 1.5040642619133 1.64787608385086 2.12455648183823 2.54667073488235 2.49999296665192 3.33612084388733 3.5974463224411 3.80146265029907 3.39438307285309 3.46624732017517 2.79916352033615 2.71154630184174 2.43237751722336 1.75683671236038 1.61016297340393 1.58629882335663 1.70460891723633 2.12806123495102 2.78520154953003 2.79304432868958 5.24960088729858 5.40082061290741 5.81257653236389 4.97851645946503 4.78964853286743 5.44626688957214 18.036699142456 -9999 -9999 -9999 -9999 -9999 -9999 -9999 -9999 -9999
22.7175769178491 4.21948277950287 4.1839964389801 4.08731782436371 4.10835671424866 4.05144453048706 3.44758558273315 3.21663737297058 3.35096561908722 2.9826495051384 2.79156303405762 2.84898608922958 2.72168469429016 2.72115755081177 2.90414321422577 2.75883221626282 3.10984933376312 3.30516064167023 3.10394239425659 3.06201231479645 2.92939496040344 2.16310268640518 1.94054996967316 1.72904849052429 1.51655548810959 1.59405595064163 1.41955652832985 1.46804854273796 1.95145207643509 2.46665400266647 2.70898729562759 3.39293467998505 4.030277967453 4.12180209159851 3.80160391330719 3.93721640110016 3.92182946205139 3.66609227657318 3.53991901874542 2.79382055997849 1.6506090760231 1.73245882987976 1.80847871303558 2.25844806432724 2.99607449769974 -9999 5.30511510372162 6.00143623352051 5.86554300785065 7.14571666717529 34.4833488464355 27.7927865982056 33.1351804733276 20.5165118408203 -9999 -9999 -9999 -9999 -9999 -9999 -9999 -9999
-9999 -9999 -9999 -9999 -9999 2.28387522697449 4.03450870513916 4.01707112789154 3.6088228225708 3.4550986289978 3.43767142295837 3.1637556552887 2.92136782407761 2.9148645401001 2.70083552598953 3.05229449272156 2.98523783683777 2.8740119934082 3.12920093536377 2.9325202703476 2.71851217746735 2.35311895608902 2.1518257856369 1.82762253284454 1.44426298141479 1.39499098062515 1.34671050310135 1.27793848514557 1.75115025043488 2.44441652297974 2.91560554504395 3.812460064888 4.36029231548309 4.61695182323456 5.2697993516922 4.74363541603088 4.73551332950592 4.38330602645874 3.95476484298706 3.04139041900635 2.18096244335175 1.82448524236679 1.73014658689499 2.05305755138397 2.58971929550171 12.0650052572917 -9999 -9999 -9999 -9999 15.8978033065796 12.8643507957458 18.9378390312195 67.0681557973226 -9999 -9999 -9999 -9999 -9999 -9999 -9999 -9999
-9999 -9999 -9999 -9999 -9999 -9999 -9999 -9999 4.14020311832428 3.85026812553406 3.63814580440521 3.36563158035278 3.18203544616699 3.08090257644653 2.90347266197205 3.09615361690521 2.89128291606903 2.96644949913025 3.12381434440613 3.1590803861618 2.85227108001709 2.49067801237106 1.96998220682144 1.59804904460907 1.40597328543663 1.21872371435165 1.26190727949142 1.22148674726486 1.52173429727554 2.28779321908951 2.98352319002151 4.1934757232666 5.14242303371429 5.66018307209015 6.00871253013611 6.569007396698 5.45046615600586 4.42358922958374 3.18431460857391 2.68663877248764 2.35899156332016 2.27587419748306 2.05356752872467 2.09897696971893 20.2895055413246 29.0682649612427 -9999 -9999 -9999 -9999 17.548882484436 14.8364481925964 15.9770636558533 25.9751472473145 37.2085676193237 20.2993030548096 -9999 -9999 -9999 -9999 -9999 -9999
-9999 -9999 -9999 -9999 -9999 -9999 -9999 -9999 -9999 -9999 3.90787053108215 3.62212657928467 3.5250495672226 3.30232357978821 3.07398748397827 2.99637830257416 2.98192799091339 2.98763108253479 2.96889978647232 3.30363142490387 2.81123471260071 2.1952777504921 1.80422097444534 1.46960324048996 1.24285125732422 1.13463449478149 1.26880046725273 1.16696548461914 1.33787548542023 2.12355530261993 3.19966042041779 4.54412841796875 5.57502007484436 6.90160346031189 7.37179899215698 7.70403528213501 6.54129838943481 5.39044117927551 3.41013765335083 2.50452679395676 2.79266774654388 2.74690049886703 2.4624382853508 2.56642717123032 10.8838354169744 -9999 -9999 -9999 -9999 -9999 -9999 -9999 8.99196645908239 17.4347991943359 16.315770149231 10.8124556541443 10.8786277770996 -9999 -9999 -9999 -9999 -9999
-9999 -9999 -9999 -9999 -9999 -9999 -9999 -9999 -9999 4.3704868555069 4.02263259887695 3.70890390872955 3.54897379875183 3.47733664512634 3.23514533042908 3.44100737571716 3.32735860347748 3.23258757591248 3.01021492481232 2.86905294656754 2.40866392850876 2.21336406469345 1.87497299909592 1.51931405067444 1.25036323070526 1.27536821365356 1.27308002114296 1.25702396035194 1.28658896684647 2.00011646747589 2.89987349510193 4.06417644023895 4.92822360992432 6.55861043930054 8.34694790840149 8.85193061828613 7.9959511756897 6.60076475143433 4.35091423988342 3.56805610656738 3.16267561912537 3.09827184677124 2.86739999055862 3.15117359161377 14.0076894997393 33.0447750091553 -9999 -9999 -9999 16.1422619819641 16.113055229187 22.9273881912231 14.392852306366 12.822793006897 15.0904083251953 14.7399473190308 14.83467886183 -9999 -9999 -9999 -9999 -9999
-9999 -9999 -9999 -9999 -9999 -9999 -9999 -9999 -9999 -9999 4.30799639225006 3.99773776531219 3.75058507919312 3.55830609798431 3.51208877563477 3.74227559566498 3.58762800693512 3.32547676563263 2.99279916286469 2.87151592969894 2.69282251596451 2.41289180517197 2.10153901576996 1.57759201526642 1.29495379328728 1.34789398312569 1.32291224598885 1.30526179075241 1.45675277709961 1.93633049726486 2.78282332420349 3.68659114837646 4.55723404884338 7.13142085075378 8.10722708702087 8.42144465446472 8.65204453468323 7.65195536613464 5.8317950963974 4.45702278614044 3.99124717712402 3.30425477027893 3.97291660308838 3.9965443611145 7.68655123583321 -9999 -9999 -9999 -9999 -9999 13.8253412246704 15.5250663757324 16.3700795173645 15.4551687240601 14.4354085922241 -9999 -9999 -9999 -9999 -9999 -9999 -9999
-9999 -9999 -9999 -9999 -9999 -9999 -9999 -9999 -9999 3.67937564849854 4.03848767280579 3.97542822360992 3.81574416160583 3.79144263267517 3.84157884120941 3.841024518013 3.6573178768158 3.60792374610901 3.37233531475067 3.04241394996643 2.61588531732559 2.0025486946106 1.64905428886414 1.31783777475357 1.44830846786499 1.55651772022247 1.5099179148674 1.40428876876831 1.40688148140907 1.90196478366852 2.52451568841934 3.20952236652374 4.7772810459137 6.31446003913879 7.66647505760193 9.3800060749054 10.2788307666779 7.87018275260925 6.33128142356873 5.41527807712555 4.21431219577789 3.78594589233398 4.4842357635498 6.42195977516545 3.86466658115387 -9999 -9999 -9999 -9999 -9999 12.5747303366661 22.7066731452942 22.0603737831116 25.8632097244263 -9999 -9999 -9999 -9999 -9999 -9999 -9999 -9999
-9999 -9999 -9999 -9999 -9999 -9999 -9999 -9999 -9999 3.06776416301727 4.08754885196686 3.93538355827332 3.86699330806732 3.77538514137268 3.67802846431732 3.4099280834198 3.41186392307281 3.54324460029602 3.17822313308716 2.63988000154495 2.3141160607338 1.94047129154205 1.51471191644669 1.40649077296257 1.54187554121017 1.65231227874756 1.67065358161926 1.48091322183609 1.52573776245117 1.94942933320999 2.58642983436584 3.28964853286743 4.71828746795654 5.38071835041046 6.42970561981201 7.70533776283264 8.28581070899963 6.64689087867737 5.21292614936829 3.99732542037964 3.32968497276306 3.00650310516357 3.99701249599457 8.37760564945277 3.86466693878174 -9999 -9999 -9999 -9999 12.1949715614319 -9999 -9999 -9999 -9999 -9999 -9999 -9999 -9999 -9999 -9999 -9999 -9999
-9999 -9999 -9999 -9999 -9999 -9999 -9999 -9999 -9999 4.0090674161911 3.85929000377655 3.90434181690216 3.82014977931976 3.61600863933563 3.49833691120148 3.27294838428497 2.81498998403549 2.81348472833633 2.340207695961 2.03158807754517 1.83367717266083 1.66217994689941 1.50941848754883 1.45113748311996 1.53616118431091 1.63766992092133 1.66065967082977 1.52457743883133 1.81409329175949 2.35125231742859 2.95266455411911 3.70629358291626 4.44189369678497 4.89950323104858 5.85464859008789 6.67346048355103 5.45893657207489 4.58286452293396 3.68287861347198 3.10613608360291 3.02478539943695 3.17628836631775 8.59522448440096 -9999 -9999 -9999 -9999 -9999 -9999 -9999 -9999 -9999 -9999 -9999 -9999 -9999 -9999 -9999 -9999 -9999 -9999 -9999
-9999 -9999 -9999 -9999 -9999 -9999 -9999 -9999 15.0687125342233 3.91139853000641 3.64015567302704 3.55708193778992 3.43689215183258 3.29209721088409 3.24943292140961 2.96165478229523 2.68983221054077 2.51239281892776 1.96993428468704 1.74003142118454 1.5437775850296 1.43264696002007 1.527687728405 1.54648500680923 1.50663006305695 1.58190894126892 1.63547033071518 1.49384924769402 1.75025779008865 2.1956444978714 2.76926332712173 3.81051063537598 4.5122834444046 4.97354543209076 5.40692102909088 4.55593729019165 3.32630717754364 3.06297826766968 2.95755833387375 2.86172622442245 3.09049880504608 9.50847742596611 14.1163992163647 -9999 -9999 -9999 -9999 -9999 -9999 -9999 -9999 -9999 -9999 -9999 -9999 -9999 -9999 -9999 -9999 -9999 -9999 -9999
-9999 -9999 -9999 -9999 -9999 -9999 -9999 3.28386068344116 3.50375367701054 3.88018870353699 3.51640641689301 3.22665917873383 3.44047665596008 3.30749559402466 3.02690255641937 2.71617078781128 2.5090965628624 1.91625899076462 1.48620522022247 1.43761423230171 1.4202915430069 1.48874473571777 1.59351378679276 1.62761324644089 1.68059849739075 1.72137755155563 1.4360865354538 1.40151223540306 1.57874250411987 1.87142997980118 2.23159807920456 3.27796876430511 4.05847656726837 4.5681277513504 4.19651699066162 3.42822682857513 2.81953722238541 2.66602581739426 2.81336098909378 2.88511794805527 20.5911108758843 5.69786846637726 3.25656187534332 -9999 -9999 -9999 -9999 -9999 -9999 -9999 -9999 -9999 -9999 -9999 -9999 -9999 -9999 -9999 -9999 -9999 -9999 -9999
-9999 -9999 -9999 -9999 -9999 -9999 3.28162458964757 3.53565888404846 3.51452522277832 3.89335191249847 3.44527959823608 3.0887736082077 3.09069085121155 3.15422022342682 2.86799544095993 2.37926924228668 2.0951355099678 1.29971328377724 1.29624223709106 1.41273003816605 1.54735493659973 1.70309329032898 2.01216155290604 2.05448770523071 2.01631343364716 1.89123523235321 1.29764100909233 1.26361128687859 1.42531272768974 1.68550568819046 2.4483608007431 2.70669901371002 2.92952692508698 3.01204633712769 2.85757201910019 3.11572051048279 3.16559708118439 3.03658962249756 2.94686257839203 -9999 -9999 -9999 -9999 -9999 -9999 -9999 -9999 -9999 -9999 -9999 -9999 -9999 -9999 -9999 -9999 -9999 -9999 -9999 -9999 -9999 -9999 -9999
-9999 -9999 -9999 -9999 4.38111960887909 3.34785946777889 3.22575775214604 5.09123253822327 3.84493267536163 3.53865909576416 3.18633091449738 3.13044512271881 3.31182146072388 3.05559289455414 2.59409326314926 2.03168767690659 1.59278780221939 1.22684249281883 1.5266250371933 1.78690874576569 1.92202717065811 2.29392832517624 2.47076028585434 2.43902242183685 2.14206683635712 1.67695355415344 1.23649871349335 1.1211157143116 1.19728276133537 1.36898553371429 1.73449283838272 1.92284846305847 2.17205250263214 2.5665510892868 3.00607359409332 3.23972475528717 3.26242482662201 3.76055788993835 -9999 -9999 -9999 -9999 -9999 -9999 -9999 -9999 -9999 -9999 -9999 -9999 -9999 -9999 -9999 -9999 -9999 -9999 -9999 -9999 -9999 -9999 -9999 -9999
-9999 -9999 -9999 -9999 3.36641299724579 3.32772946357727 3.20997042315347 2.99626340184893 3.65556979179382 3.47561252117157 3.11087393760681 3.35891032218933 3.05719935894012 2.61750966310501 2.14624267816544 1.85655373334885 1.45773071050644 1.73793607950211 2.1738578081131 2.46258008480072 2.50679844617844 2.61868053674698 2.81520974636078 2.7002466917038 2.62286245822906 1.80509930849075 1.43989723920822 1.22517076134682 1.25773572921753 1.47458177804947 1.84115248918533 2.01490867137909 2.33979374170303 2.71674299240112 3.27311110496521 3.41061687469482 3.71410953998566 -9999 -9999 -9999 -9999 -9999 -9999 -9999 -9999 -9999 -9999 -9999 -9999 -9999 -9999 -9999 -9999 -9999 -9999 -9999 -9999 -9999 -9999 -9999 -9999 -9999
-9999 60.0614227742456 4.7500670506404 3.50476241111755 3.41574081352779 2.93635644231524 2.84787476062775 2.8213153226035 2.69031226634979 2.52437245845795 3.09117364883423 2.87598216533661 2.15317118167877 1.81545907258987 1.83860778808594 1.62186008691788 1.82945626974106 2.19081079959869 2.62863367795944 3.01146447658539 3.12380862236023 3.07770073413849 3.06111752986908 3.02291321754456 2.90601074695587 1.98469358682632 1.60690802335739 1.29647102952003 1.37189322710037 1.79892683029175 2.13049954175949 2.41992008686066 2.84945172071457 3.24525010585785 4.92294025421143 35.8472201646643 -9999 -9999 -9999 -9999 -9999 -9999 -9999 -9999 -9999 -9999 -9999 -9999 -9999 -9999 -9999 -9999 -9999 -9999 -9999 -9999 -9999 -9999 -9999 -9999 -9999 -9999
3.57355397939682 4.17540737298819 4.15385192632675 3.36078654016767 2.90935272829873 3.48615968227386 2.99592447280884 2.90965456621987 4.08882987499237 2.56121098995209 3.13750863075256 2.4877313375473 1.63869076967239 1.89589208364487 1.78575593233109 1.40307524800301 1.94620352983475 2.33515799045563 2.93477708101273 3.1957790851593 3.24618530273438 3.28050148487091 3.29151141643524 3.03839564323425 2.27919816970825 1.47312524914742 1.52195405960083 1.45641446113586 1.67088532447815 2.27102100849152 2.96830576658249 3.45926320552826 3.69623565673828 -9999 -9999 -9999 -9999 -9999 -9999 -9999 -9999 -9999 -9999 -9999 -9999 -9999 -9999 -9999 -9999 -9999 -9999 -9999 -9999 -9999 -9999 -9999 -9999 -9999 -9999 -9999 -9999 -9999
3.62392494082451 3.7597452878952 3.16217994689941 3.29333853721619 3.27369689941406 3.43223547935486 3.82624590396881 3.64768409729004 2.49697186946869 2.98123252391815 2.54584354162216 2.26382482051849 2.17713367938995 1.73908281326294 1.46745452284813 1.56195902824402 2.40339678525925 2.73088055849075 2.97347098588943 3.19489502906799 3.13411366939545 3.19326674938202 2.72798323631287 2.28928416967392 1.59852451086044 1.74884766340256 1.98068475723267 2.05074083805084 2.6120565533638 2.93264400959015 3.59432780742645 3.72580432891846 3.58424842357635 3.25401575267315 3.18220807760954 7.91932094819618 -9999 -9999 -9999 -9999 -9999 -9999 -9999 -9999 -9999 -9999 -9999 -9999 -9999 -9999 -9999 -9999 -9999 -9999 -9999 -9999 -9999 -9999 -9999 -9999 -9999 -9999
3.39063377380371 3.06768608093262 2.98025625944138 3.07553029060364 3.36584866046906 3.4777911901474 3.14667677879333 3.91716313362122 2.70835268497467 2.51149731874466 2.52580797672272 2.63816553354263 1.5035782456398 1.45557296276093 1.49968877434731 1.70356267690659 2.44740968942642 2.84640151262283 3.1887366771698 3.3253515958786 2.64126223325729 2.249027967453 2.0756528377533 2.04948592185974 2.07497316598892 2.11015874147415 2.16337198019028 2.40030670166016 3.15816915035248 3.28413462638855 10.4513652042909 -9999 -9999 -9999 -9999 -9999 -9999 -9999 -9999 -9999 -9999 -9999 -9999 -9999 -9999 -9999 -9999 -9999 -9999 -9999 -9999 -9999 -9999 -9999 -9999 -9999 -9999 -9999 -9999 -9999 -9999 -9999
3.36222445964813 3.22442328929901 3.17659413814545 3.11854362487793 2.99529755115509 3.56324565410614 3.579873919487 3.01722979545593 3.15676045417786 3.26322090625763 3.06545698642731 2.17073857784271 1.81245821714401 1.47846373915672 1.63351875543594 2.58500182628632 2.77982175350189 2.90555852651596 2.89932453632355 2.66958975791931 2.08803302049637 2.00182056427002 2.08227968215942 2.17647904157639 2.29605746269226 2.41720426082611 2.4804300069809 2.60546171665192 3.06877505779266 3.35986411571503 3.74551713466644 4.12986516952515 -9999 -9999 -9999 -9999 -9999 -9999 36.003844664647 12.6942715644836 -9999 -9999 -9999 -9999 -9999 -9999 -9999 -9999 -9999 -9999 -9999 -9999 -9999 -9999 -9999 -9999 -9999 -9999 -9999 -9999 -9999 -9999
4.27302289009094 3.83575558662415 3.55271995067596 3.5148149728775 4.52872598648071 4.36656188964844 3.60092997550964 3.61543142795563 3.71011805534363 3.46397638320923 3.18368911743164 2.22723823785782 1.65709501504898 1.66533297300339 2.1370335817337 2.35976547002792 2.42016005516052 2.36621403694153 2.25353246927261 2.12391668558121 2.15387696027756 2.26811850070953 2.35869669914246 2.51703822612762 2.60063552856445 2.81701201200485 2.48960775136948 4.27777481079102 4.09580075740814 4.19195294380188 4.87238279833411 3.42093944549561 -9999 -9999 -9999 -9999 -9999 -9999 -9999 -9999 -9999 -9999 -9999 -9999 -9999 -9999 -9999 -9999 -9999 -9999 -9999 -9999 -9999 -9999 -9999 -9999 -9999 -9999 -9999 -9999 -9999 -9999
-9999 -9999 -9999 -9999 -9999 5.54541738049967 5.33387258648872 3.67340183258057 3.06230163574219 2.73601430654526 3.08569729328156 1.74589508771896 1.95006895065308 2.31123375892639 2.26567643880844 2.23250019550323 2.53029370307922 2.5944060087204 2.63056272268295 2.74534946680069 2.70838505029678 2.58835279941559 2.65485298633575 3.44008241593838 4.06065383824435 4.73067527328219 -9999 -9999 -9999 -9999 -9999 -9999 -9999 -9999 -9999 -9999 -9999 -9999 -9999 -9999 -9999 -9999 -9999 -9999 -9999 -9999 -9999 -9999 -9999 -9999 -9999 -9999 -9999 -9999 -9999 -9999 -9999 -9999 -9999 -9999 -9999 -9999
-9999 -9999 -9999 -9999 -9999 -9999 3.73948359489441 2.80463916063309 2.27036619186401 2.1525217294693 1.92288082838058 2.30388307571411 2.69538831710815 2.87785416841507 3.05157673358917 3.46582567691803 3.26852238178253 3.12019336223602 3.02513551712036 3.22813045978546 3.53803288936615 3.67158007621765 3.55862259864807 6.61987783079562 -9999 -9999 -9999 -9999 -9999 -9999 -9999 -9999 -9999 -9999 -9999 -9999 -9999 -9999 -9999 -9999 -9999 -9999 -9999 -9999 -9999 -9999 -9999 -9999 -9999 -9999 -9999 -9999 -9999 -9999 -9999 -9999 -9999 -9999 -9999 -9999 -9999 -9999
