EcologicalScience/Bass/data/rs_data_bass/chl_67.asc
NCOLS 226 
NROWS 124 
XLLCORNER -9.41648524995501 
YLLCORNER 47.587301625531 
CELLSIZE 0.0833 
NODATA_value -9999 
[rows 54 to 80 of 124, columns 0 to 61 of 226]
-9999 -9999 -9999 -9999 -9999 -9999 -9999 -9999 -9999 -9999 -9999 -9999 -9999 -9999 -9999 -9999 -9999 -9999 -9999 -9999 -9999 -9999 -9999 -9999 -9999 -9999 -9999 -9999 -9999 -9999 -9999 -9999 -9999 -9999 -9999 -9999 -9999 -9999 4.41994301470152 28.7725952267647 4.99839091300964 5.06757080554962 3.60376274585724 3.37299907207489 1.96459937095642 1.2651836425066 0.983026899397373 1.26708935201168 0.780522018671036 0.796672493219376 0.909486025571823 0.979747474193573 1.11431622505188 1.54568856954575 1.9188494682312 2.2396388053894 2.50476229190826 2.46347773075104 -9999 0.607058599591255 0.62790758907795 -9999
-9999 -9999 -9999 -9999 -9999 -9999 -9999 -9999 -9999 -9999 -9999 -9999 -9999 -9999 -9999 -9999 -9999 -9999 -9999 -9999 -9999 -9999 -9999 -9999 -9999 -9999 -9999 -9999 -9999 -9999 -9999 -9999 -9999 -9999 -9999 -9999 -9999 -9999 -9999 6.60728144645691 5.32090723514557 4.70997905731201 3.4981724023819 3.56324923038483 3.45993375778198 1.73832750320435 1.19282028079033 0.837158292531967 0.976215407252312 0.86173278093338 1.01504552364349 1.11422628164291 1.2697132229805 1.46958070993423 1.85921931266785 2.04303592443466 2.2404443025589 -9999 -9999 -9999 -9999 -9999
-9999 -9999 -9999 -9999 -9999 -9999 -9999 -9999 -9999 -9999 -9999 -9999 -9999 -9999 -9999 -9999 -9999 -9999 -9999 -9999 -9999 -9999 -9999 -9999 -9999 -9999 -9999 -9999 -9999 -9999 -9999 -9999 -9999 -9999 -9999 -9999 -9999 -9999 -9999 -9999 5.29166257381439 4.45024108886719 3.31392288208008 2.86187249422073 2.96103447675705 1.48256546258926 1.29904648661613 1.15224149823189 0.847901970148087 0.8698770403862 0.909817457199097 1.02695176005363 1.20153075456619 1.48498570919037 1.6786088347435 1.44250050187111 1.44920629262924 1.31416350603104 2.53312081098557 -9999 -9999 -9999
-9999 -9999 -9999 -9999 -9999 -9999 -9999 -9999 -9999 -9999 -9999 -9999 -9999 -9999 -9999 -9999 -9999 -9999 -9999 -9999 -9999 -9999 -9999 -9999 -9999 -9999 -9999 -9999 -9999 -9999 -9999 -9999 -9999 -9999 -9999 -9999 -9999 -9999 -9999 -9999 3.29303383827209 3.461665391922 3.63888823986053 3.1585146188736 2.80163991451263 2.22129607200623 1.51131892204285 1.56139808893204 1.46635428071022 1.1575500369072 0.828705042600632 1.06318053603172 1.30823546648026 1.34380951523781 1.45247921347618 1.37543401122093 1.43527874350548 1.40891700983047 1.51643031835556 3.49189639091492 3.84354653327089 -9999
-9999 -9999 -9999 -9999 -9999 -9999 -9999 -9999 -9999 -9999 -9999 -9999 -9999 -9999 -9999 -9999 -9999 -9999 -9999 -9999 -9999 -9999 -9999 -9999 -9999 -9999 -9999 -9999 -9999 -9999 -9999 -9999 -9999 -9999 -9999 -9999 -9999 -9999 -9999 -9999 -9999 3.26342833042145 2.61640191078186 2.86836451292038 3.07430791854858 2.87236046791077 1.94235080480576 1.61995267868042 1.58639770746231 1.22505301237106 0.845352709293365 0.886701017618179 0.989279240369797 1.05649727582932 1.19957622885704 1.2875864803791 1.70275354385376 1.84410971403122 1.3691842854023 1.2195899784565 2.24571597576141 -9999
-9999 -9999 -9999 -9999 -9999 -9999 -9999 -9999 -9999 -9999 -9999 -9999 -9999 -9999 -9999 -9999 -9999 -9999 -9999 -9999 -9999 -9999 -9999 -9999 -9999 -9999 -9999 -9999 -9999 -9999 -9999 -9999 -9999 -9999 -9999 -9999 -9999 -9999 -9999 -9999 -9999 3.23197138309479 2.31687980890274 2.03870469331741 1.96515601873398 1.72892850637436 1.69236373901367 1.25001302361488 1.04205223917961 0.798606723546982 0.747388511896133 0.777275294065475 0.97376024723053 1.17886501550674 1.34696325659752 1.62964206933975 1.94657170772552 2.00158131122589 1.87389600276947 -9999 -9999 -9999
-9999 -9999 -9999 -9999 -9999 -9999 -9999 -9999 -9999 -9999 -9999 -9999 -9999 -9999 -9999 -9999 -9999 -9999 -9999 -9999 -9999 -9999 -9999 -9999 -9999 -9999 -9999 -9999 -9999 -9999 -9999 -9999 -9999 -9999 -9999 -9999 -9999 -9999 -9999 -9999 2.60087925195694 2.65737444162369 2.37276381254196 1.70033705234528 1.42659598588943 1.21543425321579 1.41393899917603 1.26475274562836 1.04297697544098 0.863217741250992 0.779133707284927 0.768555790185928 0.894213706254959 1.00756797194481 1.32842177152634 1.39226174354553 1.60490548610687 -9999 -9999 1.61432182788849 1.76976442337036 1.73535758256912
-9999 -9999 -9999 -9999 -9999 -9999 -9999 -9999 -9999 -9999 -9999 -9999 -9999 -9999 -9999 -9999 -9999 -9999 -9999 -9999 -9999 -9999 -9999 -9999 -9999 -9999 -9999 -9999 -9999 -9999 -9999 -9999 -9999 -9999 -9999 -9999 -9999 -9999 -9999 2.88713407516479 2.59527593851089 2.36838072538376 1.85269957780838 1.44104477763176 1.08318901062012 1.20283797383308 1.39506304264069 1.07995346188545 1.07080274820328 0.85781854391098 0.832658261060715 0.794250011444092 0.779939979314804 1.00937023758888 1.19556373357773 2.61704099178314 1.31192323565483 1.18004778027534 1.07713124155998 1.1223052740097 1.17165747284889 1.24201574921608
-9999 -9999 -9999 -9999 -9999 -9999 -9999 -9999 -9999 -9999 -9999 -9999 -9999 -9999 -9999 -9999 -9999 -9999 -9999 -9999 -9999 -9999 -9999 -9999 -9999 -9999 -9999 -9999 -9999 -9999 -9999 -9999 -9999 -9999 -9999 -9999 -9999 -9999 -9999 3.63084733486176 2.19677406549454 1.92848932743073 1.44212248921394 1.20525375008583 1.0243102312088 1.14581546187401 1.20076954364777 1.04762998223305 0.971616715192795 0.770545542240143 0.807637542486191 0.774549007415771 0.775931239128113 0.81394949555397 1.13954025506973 1.07277524471283 0.943488746881485 0.972853481769562 0.973455727100372 1.11063972115517 1.17198452353477 1.1173694729805
-9999 -9999 -9999 -9999 -9999 -9999 -9999 -9999 -9999 -9999 -9999 -9999 -9999 -9999 -9999 -9999 -9999 -9999 -9999 -9999 -9999 -9999 -9999 -9999 -9999 -9999 -9999 -9999 -9999 -9999 -9999 -9999 -9999 -9999 -9999 -9999 -9999 -9999 4.16076529026031 3.4537239074707 1.80071622133255 1.40286675095558 1.21166923642159 1.03794077038765 0.984905987977982 1.24849578738213 1.13863876461983 0.984934508800507 0.858941227197647 0.744678005576134 0.720861732959747 0.707818508148193 0.709294483065605 0.745725765824318 1.06013104319572 1.021578758955 0.827190041542053 0.842997014522552 0.896446466445923 1.12385326623917 1.15033346414566 1.3089097738266
-9999 -9999 -9999 -9999 -9999 -9999 -9999 -9999 -9999 -9999 -9999 -9999 -9999 -9999 -9999 -9999 -9999 -9999 -9999 -9999 -9999 -9999 -9999 -9999 -9999 -9999 -9999 -9999 -9999 -9999 -9999 -9999 -9999 -9999 -9999 -9999 -9999 -9999 2.76131844520569 2.38635528087616 1.61295676231384 1.112279266119 0.995711982250214 0.92350047826767 0.918055504560471 0.966415464878082 0.982843458652496 0.887368530035019 0.790625274181366 0.751967221498489 0.794142723083496 0.757478982210159 0.753959208726883 0.786902278661728 0.892778277397156 1.127401471138 0.901116013526917 0.726801753044128 0.73039273917675 0.757406294345856 0.824952721595764 0.931272715330124
-9999 -9999 -9999 -9999 -9999 -9999 -9999 -9999 -9999 -9999 -9999 -9999 -9999 -9999 -9999 -9999 -9999 -9999 -9999 -9999 -9999 -9999 -9999 -9999 -9999 -9999 -9999 -9999 -9999 -9999 -9999 -9999 -9999 -9999 -9999 -9999 -9999 2.29693579673767 2.70510220527649 1.64187455177307 1.25196450948715 0.994854032993317 0.789402723312378 0.858217477798462 0.907641738653183 0.934159487485886 0.887804210186005 0.759674996137619 0.77783328294754 0.80492627620697 0.852494984865189 0.753981739282608 0.651684746146202 0.629595771431923 0.727135509252548 0.810263961553574 0.763792544603348 0.693735748529434 0.656096264719963 0.659317508339882 0.687873020768166 0.973883986473083
-9999 -9999 -9999 -9999 -9999 -9999 -9999 -9999 -9999 -9999 -9999 -9999 -9999 -9999 -9999 -9999 -9999 -9999 -9999 -9999 -9999 -9999 -9999 -9999 -9999 -9999 -9999 -9999 -9999 -9999 -9999 -9999 -9999 -9999 -9999 -9999 -9999 2.74431967735291 2.11977982521057 1.3738619685173 1.10944649577141 0.951681017875671 0.73277248442173 0.785338461399078 0.785034030675888 0.753375738859177 0.741050988435745 0.682472258806229 0.748359739780426 0.800441980361938 0.837771713733673 0.870265513658524 0.686981230974197 0.581187754869461 0.695576995611191 0.735580489039421 0.636869251728058 0.564831733703613 0.571135506033897 0.556250989437103 0.563249990344048 0.973739236593246
-9999 -9999 -9999 -9999 -9999 -9999 -9999 -9999 -9999 -9999 -9999 -9999 -9999 -9999 -9999 -9999 -9999 -9999 -9999 -9999 -9999 -9999 -9999 -9999 -9999 -9999 -9999 -9999 -9999 -9999 -9999 -9999 -9999 -9999 -9999 -9999 4.68057382106781 3.03777658939362 1.95863252878189 1.14950546622276 0.940895229578018 0.77717399597168 0.727783486247063 0.776247024536133 0.783492743968964 0.799868255853653 0.82889923453331 0.825335294008255 0.824378281831741 0.825548261404037 0.8242207467556 0.815979033708572 0.74540850520134 0.675648763775826 0.582239270210266 0.544054493308067 0.525837734341621 0.468257233500481 0.525417745113373 0.595504492521286 0.709877237677574 0.996055483818054
-9999 -9999 -9999 -9999 -9999 -9999 -9999 -9999 -9999 -9999 -9999 -9999 -9999 -9999 -9999 -9999 -9999 -9999 -9999 -9999 -9999 -9999 -9999 -9999 -9999 -9999 -9999 -9999 -9999 -9999 -9999 3.60127595492772 1.48904229262296 -9999 2.10493344068527 2.00854575634003 1.8870366414388 1.25046229362488 1.24515751004219 0.901661217212677 0.738912731409073 0.739510506391525 0.784430980682373 0.833361715078354 0.895793259143829 0.9595807492733 1.0137682557106 1.0078065097332 1.01955297589302 1.02239853143692 0.951664477586746 0.869996219873428 0.802268207073212 0.748698011040688 0.721567511558533 0.658312484622002 0.715475231409073 0.755513280630112 0.758653521537781 0.837998270988464 1.00230377912521 2.02714943885803
-9999 -9999 -9999 -9999 -9999 -9999 -9999 -9999 -9999 -9999 -9999 -9999 -9999 -9999 -9999 -9999 -9999 -9999 -9999 -9999 -9999 -9999 0.346259817481041 4.73494184017181 5.03993690013885 6.88233375549316 16.8879046440125 6.31811356544495 2.64313799142838 1.22066250443459 1.23982572555542 1.23342749476433 0.866860538721085 1.3661040365696 1.29354903101921 1.40850296616554 0.991639494895935 0.821368485689163 0.749759986996651 0.843655496835709 1.05103728175163 1.12667325139046 1.01211825013161 0.997693508863449 1.02023246884346 1.20740774273872 1.28604599833488 1.34278053045273 1.38094729185104 1.44552898406982 1.27161678671837 1.1413049697876 1.04132848978043 1.00910702347755 1.1640517115593 0.936977237462997 1.07641500234604 1.46031448245049 2.51494192375856 -9999 -9999 -9999
-9999 -9999 -9999 -9999 -9999 -9999 -9999 -9999 -9999 -9999 -9999 -9999 -9999 -9999 -9999 -9999 -9999 -9999 -9999 -9999 -9999 -9999 0.733735486865044 0.998209476470947 0.605010733008385 1.20652797818184 2.07990306615829 1.18843048810959 0.614240258932114 0.624035999178886 0.587806507945061 0.650171980261803 0.827796041965485 0.963005214929581 0.959417223930359 0.956981956958771 0.900294005870819 0.902051210403442 1.18297871947289 1.37159702181816 1.49767577648163 1.49551874399185 1.45976096391678 1.47943729162216 1.47728696465492 1.59749847650528 1.67755955457687 1.61316829919815 1.74122482538223 1.79073375463486 1.62489366531372 1.55114328861237 1.71438145637512 1.65249305963516 1.80913120508194 -9999 -9999 -9999 -9999 -9999 -9999 -9999
-9999 -9999 -9999 -9999 -9999 -9999 -9999 -9999 -9999 -9999 -9999 -9999 -9999 -9999 -9999 -9999 -9999 -9999 -9999 4.11457027920655 1.23628145456314 0.968279242515564 0.69072899222374 0.494629517197609 0.475366517901421 0.487842008471489 0.519412502646446 0.441683247685432 0.451604247093201 0.434773519635201 0.461897268891335 0.483195751905441 0.575219258666039 0.836193770170212 0.969578236341476 1.13649228215218 1.15606498718262 1.26894146203995 1.46595302224159 1.52309399843216 1.34445378184319 1.20018374919891 0.957308292388916 1.09296754002571 1.36570277810097 2.0050402879715 1.73356193304062 1.92793428897858 2.22010499238968 2.55986773967743 4.78776133060455 -9999 -9999 -9999 -9999 -9999 -9999 -9999 -9999 -9999 -9999 -9999
-9999 -9999 -9999 -9999 -9999 -9999 -9999 -9999 -9999 -9999 -9999 -9999 -9999 -9999 -9999 -9999 -9999 2.14991408586502 0.668549984693527 0.700774490833282 1.05905851721764 0.784711539745331 0.509360253810883 0.468404978513718 0.464727759361267 0.404918253421783 0.367644757032394 0.357277505099773 0.363225750625134 0.369871504604816 0.411753013730049 0.423570021986961 0.441732734441757 0.570957764983177 0.922282487154007 1.21671223640442 1.29820123314857 1.49153771996498 1.46905946731567 1.32811197638512 1.16894325613976 0.864425987005234 0.712961241602898 0.939366012811661 1.56211423873901 2.07646268606186 2.12577742338181 2.47187769412994 2.42117768526077 3.59503483772278 2.3010368347168 -9999 -9999 -9999 -9999 -9999 -9999 -9999 -9999 -9999 -9999 -9999
-9999 -9999 -9999 -9999 -9999 -9999 -9999 -9999 -9999 -9999 -9999 -9999 -9999 -9999 0.996770292520523 1.83583277463913 1.74685353040695 1.93158441781998 0.508231490850449 0.454722762107849 0.458924978971481 0.459659233689308 0.44777025282383 0.476688757538795 0.460386738181114 0.436178237199783 0.41364674270153 0.416024252772331 0.410203501582146 0.409157261252403 0.408068239688873 0.458791494369507 0.567299231886864 0.686425521969795 0.906620264053345 1.00703546404839 1.16735029220581 1.14836999773979 1.04442974925041 0.999725997447968 0.849111020565033 0.764912992715836 0.792962282896042 1.12094628810883 1.47132450342178 1.79568529129028 2.24424970149994 2.20232105255127 2.59555041790009 3.08851504325867 4.94488334655762 3.32052147388458 -9999 -9999 -9999 -9999 -9999 -9999 -9999 -9999 -9999 -9999
-9999 -9999 -9999 -9999 -9999 -9999 -9999 -9999 -9999 -9999 -9999 0.934864640235901 1.4682659804821 0.775809019804001 0.54966527223587 0.851324290037155 0.582780763506889 0.445310980081558 0.360718511044979 0.373497739434242 0.375432729721069 0.392079010605812 0.404259011149406 0.456465750932693 0.447229519486427 0.463015481829643 0.489340513944626 0.480023995041847 0.489934489130974 0.514010980725288 0.498912736773491 0.482285231351852 0.530099228024483 0.614862754940987 0.692375242710114 0.741026267409325 0.963907510042191 0.86894103884697 0.8478142619133 0.861392229795456 0.681531742215157 0.651944249868393 0.741811484098434 1.16529375314713 1.57435119152069 1.67584419250488 1.60526776313782 1.72584003210068 1.88160002231598 2.41591358184814 1.62555246949196 -9999 -9999 -9999 -9999 -9999 3.345895321286 12.5396107435226 10.1180098056793 7.02591357912336 7.36372937474932 -9999
-9999 -9999 -9999 -9999 -9999 -9999 -9999 -9999 -9999 3.22970259189606 21.7223339304328 0.812419474124908 0.551976755261421 0.49269899725914 0.465794250369072 0.455538734793663 0.375970512628555 0.399645745754242 0.381071269512177 0.388773009181023 0.396460488438606 0.418850228190422 0.456361502408981 0.513334482908249 0.500365510582924 0.504245236515999 0.511880993843079 0.527716487646103 0.506295740604401 0.498188272118568 0.512190744280815 0.493374019861221 0.466674730181694 0.458087235689163 0.531399741768837 0.627488270401955 0.723073482513428 0.687880486249924 0.681244522333145 0.662421002984047 0.597920268774033 0.553499266505241 0.828265517950058 1.1896987259388 1.34822854399681 1.45613774657249 1.45581078529358 1.57124769687653 1.60956305265427 2.43981152772903 2.58091056346893 2.53934705257416 2.35652437806129 2.91181874275208 19.9013257026672 11.5603766441345 5.84977340698242 18.6562557220459 14.9783277511597 2.68125683069229 6.80041766166687 -9999
-9999 -9999 -9999 -9999 -9999 0.653669267892838 1.30951353907585 0.928031265735626 0.984370529651642 1.09663876891136 0.590814739465714 0.49116151034832 0.45474149286747 0.434403732419014 0.403916984796524 0.385446757078171 0.426516741514206 0.436753481626511 0.450576737523079 0.449582263827324 0.423952504992485 0.41321624815464 0.4439587444067 0.465462014079094 0.467862769961357 0.494949728250504 0.497574761509895 0.490374729037285 0.482314512133598 0.508034259080887 0.52011975646019 0.546562492847443 0.610844269394875 0.672567754983902 0.65922524034977 0.753104209899902 0.829614043235779 0.81429523229599 0.72861447930336 0.583088234066963 0.541414484381676 0.508988231420517 0.590962484478951 0.674859747290611 0.78176549077034 1.20541504025459 1.62980031967163 1.63425081968307 1.69327801465988 1.90930116176605 1.93491750955582 2.33881795406342 2.6834489107132 4.0453394651413 4.57790994644165 3.46116077899933 3.73343539237976 9.37189936637878 6.84442806243896 11.7990610599518 12.484947681427 17.7500925064087
-9999 -9999 -9999 -9999 -9999 0.480129763484001 0.520110011100769 0.518322765827179 0.519812241196632 0.50314199924469 0.519092246890068 0.486876770853996 0.442419022321701 0.451913997530937 0.425831258296967 0.41108626127243 0.416162252426147 0.43810723721981 0.461045980453491 0.433733269572258 0.421607986092567 0.403267487883568 0.414292484521866 0.443089485168457 0.458753228187561 0.453494980931282 0.449046760797501 0.476803511381149 0.490642502903938 0.50594924390316 0.576282754540443 0.691188007593155 0.800991028547287 0.858169466257095 0.757232218980789 0.789226502180099 0.784854769706726 0.750743240118027 0.609884262084961 0.551849260926247 0.496791020035744 0.46424925327301 0.476702257990837 0.452822998166084 0.488823741674423 0.640070244669914 1.38087978959084 1.66801428794861 1.82935953140259 1.97393471002579 2.09932279586792 2.20346546173096 2.15735703706741 1.9164000749588 1.92037868499756 2.31819981336594 3.38793611526489 5.32571768760681 15.5620050430298 13.6888489723206 7.15225124359131 7.16918349266052
-9999 -9999 -9999 -9999 -9999 0.451640233397484 0.451384484767914 0.481730237603188 0.478777483105659 0.431783258914948 0.482111245393753 0.461243256926537 0.421812012791634 0.463731005787849 0.45659177005291 0.423114761710167 0.410671502351761 0.41610150039196 0.4257772564888 0.431297242641449 0.422502771019936 0.401523739099503 0.42253652215004 0.452565014362335 0.454121232032776 0.472182020545006 0.482754752039909 0.465020254254341 0.462424501776695 0.500736013054848 0.635586753487587 0.778140753507614 0.821231245994568 0.771670460700989 0.633926242589951 0.61651499569416 0.619628995656967 0.62458124756813 0.5365110039711 0.568871229887009 0.603976517915726 0.574872002005577 0.548540979623795 0.472881004214287 0.489007517695427 0.5782770216465 0.913508981466293 1.13049450516701 1.19561773538589 1.27349102497101 0.98274752497673 0.937241971492767 1.23244053125381 1.26897820830345 1.27889022231102 1.26457053422928 1.3873935341835 1.87974750995636 3.79479074478149 5.6934871673584 3.12316274642944 3.21840584278107
-9999 -9999 -9999 -9999 -9999 0.451965004205704 0.433101743459702 0.395275488495827 0.386543244123459 0.383042246103287 0.417398259043694 0.447911247611046 0.400841251015663 0.353786990046501 0.330703496932983 0.352664239704609 0.367757990956306 0.38503423333168 0.391945481300354 0.398454755544662 0.391721248626709 0.384434267878532 0.414954766631126 0.469257742166519 0.483881995081902 0.455636993050575 0.446976765990257 0.435305267572403 0.435695260763168 0.453596994280815 0.556283980607986 0.703106984496117 0.743882238864899 0.780524969100952 0.674050480127335 0.529474496841431 0.542298763990402 0.55706025660038 0.573795005679131 0.556597486138344 0.483954012393951 0.469173744320869 0.472381487488747 0.416453987360001 0.410373017191887 0.460241228342056 0.700148239731789 0.883146733045578 0.789036780595779 0.755092531442642 0.657655522227287 0.671868771314621 0.795800238847733 0.796803742647171 0.925640970468521 1.27009946107864 1.62587177753448 2.11061257123947 3.59849989414215 5.56774485111237 4.34549760818481 3.93203115463257
-9999 -9999 -9999 -9999 -9999 0.44776725769043 0.429743260145187 0.376642495393753 0.335222996771336 0.400836735963821 0.425782486796379 0.424361228942871 0.329866491258144 0.300121508538723 0.289726495742798 0.324611239135265 0.371643751859665 0.364080749452114 0.362903997302055 0.361286245286465 0.365439757704735 0.366830259561539 0.368838742375374 0.37584525346756 0.379602760076523 0.397422015666962 0.428495988249779 0.422966256737709 0.445253267884254 0.430465489625931 0.446601748466492 0.469368740916252 0.575941488146782 0.571014761924744 0.555582761764526 0.533132985234261 0.535080760717392 0.561020985245705 0.582711741328239 0.572558239102364 0.503955736756325 0.470430001616478 0.39936375617981 0.389220759272575 0.404189988970757 0.418124243617058 0.470077514648438 0.619451254606247 0.762494266033173 0.682843521237373 0.594912752509117 0.604427978396416 0.744512245059013 0.728208750486374 1.10346749424934 1.43569350242615 1.55636554956436 1.78175032138824 2.25137919187546 3.50549411773682 7.58248901367188 8.03487181663513
