EcologicalScience/Bass/data/rs_data_bass/chl_386.asc
NCOLS 226 
NROWS 124 
XLLCORNER -9.41648524995501 
YLLCORNER 47.587301625531 
CELLSIZE 0.0833 
NODATA_value -9999 
[rows 81 to 107 of 124, columns 62 to 123 of 226]
3.85158455371857 5.97498106956482 7.6620512008667 7.66205191612244 -9999 -9999 -9999 -9999 -9999 -9999 -9999 -9999 -9999 -9999 -9999 -9999 -9999 -9999 -9999 -9999 -9999 -9999 -9999 -9999 -9999 -9999 -9999 -9999 -9999 -9999 -9999 -9999 -9999 -9999 -9999 -9999 -9999 -9999 -9999 -9999 -9999 -9999 -9999 -9999 -9999 -9999 -9999 -9999 -9999 -9999 -9999 -9999 -9999 -9999 -9999 -9999 -9999 -9999 -9999 -9999 -9999 -9999
3.22301813728601 -9999 -9999 -9999 -9999 -9999 -9999 -9999 -9999 -9999 -9999 -9999 -9999 -9999 -9999 -9999 -9999 -9999 -9999 -9999 -9999 -9999 -9999 -9999 -9999 -9999 -9999 -9999 -9999 -9999 -9999 -9999 -9999 -9999 -9999 -9999 -9999 -9999 -9999 -9999 -9999 -9999 -9999 -9999 -9999 -9999 -9999 -9999 -9999 -9999 -9999 -9999 -9999 -9999 -9999 -9999 -9999 -9999 -9999 -9999 -9999 -9999
-9999 -9999 -9999 -9999 -9999 -9999 -9999 -9999 -9999 -9999 -9999 -9999 -9999 -9999 -9999 -9999 -9999 -9999 -9999 -9999 -9999 -9999 -9999 -9999 -9999 -9999 -9999 -9999 -9999 -9999 -9999 -9999 -9999 -9999 -9999 -9999 -9999 -9999 -9999 -9999 -9999 -9999 -9999 -9999 -9999 -9999 -9999 -9999 -9999 -9999 -9999 -9999 -9999 -9999 -9999 -9999 -9999 -9999 -9999 -9999 -9999 -9999
-9999 -9999 -9999 -9999 -9999 -9999 -9999 -9999 -9999 -9999 -9999 -9999 -9999 -9999 -9999 -9999 -9999 -9999 -9999 -9999 -9999 -9999 -9999 -9999 -9999 -9999 -9999 -9999 -9999 -9999 -9999 -9999 -9999 -9999 -9999 -9999 -9999 -9999 -9999 -9999 -9999 -9999 -9999 -9999 -9999 -9999 -9999 -9999 -9999 -9999 -9999 -9999 -9999 -9999 -9999 -9999 -9999 5.86560219699897 3.86922836303711 2.89794850349426 3.05552136898041 2.65369600057602
-9999 -9999 -9999 -9999 -9999 -9999 -9999 -9999 -9999 -9999 -9999 -9999 -9999 -9999 -9999 -9999 -9999 -9999 -9999 -9999 -9999 -9999 -9999 -9999 -9999 -9999 -9999 -9999 -9999 -9999 -9999 -9999 -9999 -9999 -9999 -9999 37.1749906539917 -9999 3.32411694526672 4.14894890785217 -9999 -9999 2.35439229011536 2.87376403808594 20.9179086685181 6.94569039344788 3.54949486255646 2.0080897808075 2.63812279701233 2.34681406617165 3.65525409579277 1.76781672239304 -9999 -9999 -9999 3.18021047115326 3.00364422798157 3.07303315401077 2.61743107438087 2.33798544108868 1.71362176537514 1.45057010650635
-9999 -9999 -9999 -9999 -9999 -9999 -9999 -9999 -9999 -9999 -9999 -9999 12.001266002655 1.89845019578934 1.85823976993561 1.6471980214119 1.62374407052994 1.74629241228104 1.12509450316429 -9999 -9999 -9999 -9999 -9999 -9999 -9999 -9999 -9999 6.01196479797363 4.80360388755798 3.94073617458344 3.52954008579254 -9999 3.66949796676636 -9999 -9999 -9999 -9999 3.69120132923126 3.43973565101624 3.28742694854736 3.14422738552094 3.31340181827545 3.39749908447266 3.34393715858459 2.65443974733353 3.35039412975311 4.76347589492798 4.26338696479797 2.48222252726555 3.22409588098526 3.21288974583149 2.40077340602875 2.89654302597046 2.55279874801636 2.20878075063229 2.3418048620224 1.78092746436596 1.14292797446251 1.30308263003826 1.24788446724415 1.32238277792931
-9999 -9999 -9999 -9999 -9999 -9999 -9999 -9999 -9999 -9999 31.3246496915817 2.31224477291107 1.39033725857735 1.23611095547676 1.44355049729347 1.36702877283096 1.77551329135895 1.94566422700882 1.98051595687866 2.56403857469559 1.48719833708472 -9999 2.24898322820663 1.99360566337903 2.0080298781395 -9999 -9999 2.88121682405472 3.27303457260132 2.72676748037338 2.53664249181747 2.77170306444168 2.68451625108719 2.78966778516769 -9999 -9999 3.10322412909294 3.5241382420063 2.54814219474792 2.55321532487869 2.84224498271942 2.50623375177383 1.7780624628067 1.56916344165802 1.5179745554924 2.57893127202988 3.79124772548676 3.2700001001358 2.26928168535233 2.85289496183395 2.71275079250336 2.63860130310059 1.96550023555756 1.19828396290541 1.00684726238251 0.834080278873444 1.09829775989056 0.614968478679657 0.599946767091751 0.55375575274229 0.47333174943924 1.2677321434021
-9999 -9999 -9999 -9999 -9999 -9999 -9999 -9999 -9999 1.47376647591591 1.86527091264725 1.6342191696167 1.38857772946358 1.33943250775337 1.23560929298401 1.10425570607185 1.09842073917389 1.1333272755146 1.18855422735214 1.19211450219154 1.37461271882057 1.66827398538589 1.51567053794861 1.79663246870041 1.87022620439529 2.25104480981827 2.52367508411407 2.24973446130753 1.97055530548096 1.75052547454834 1.63470232486725 1.50886577367783 1.55561023950577 1.85060691833496 2.48999547958374 2.6952577829361 2.74166178703308 2.30794125795364 1.78514921665192 2.16314846277237 2.08979845046997 2.11917597055435 1.57408583164215 1.16402846574783 0.912366718053818 0.807362258434296 1.02489978075027 1.05540749430656 0.911540240049362 0.537137255072594 0.465483739972115 0.835492461919785 1.31353721022606 0.430262982845306 0.588777735829353 0.476796001195908 0.485592752695084 0.527770511806011 0.501332268118858 0.48376576602459 0.811126470565796 1.02344173192978
-9999 -9999 -9999 -9999 -9999 -9999 -9999 -9999 -9999 1.79805600643158 1.39842224121094 1.40597552061081 1.21632072329521 0.777188211679459 0.611918270587921 0.562430262565613 0.78716254234314 0.878297209739685 1.03163588047028 0.990137994289398 1.3417372405529 1.45249575376511 1.41380023956299 1.48399722576141 1.50286120176315 1.43232303857803 1.38901421427727 1.31831324100494 1.32218179106712 1.3422540128231 1.32579678297043 1.17968854308128 1.17465296387672 1.24173223972321 1.63837498426437 1.95993304252625 1.99232250452042 1.91306322813034 1.69743525981903 1.66073995828629 1.5801876783371 1.39953526854515 0.975038230419159 0.8738152384758 0.731043756008148 0.729328483343124 0.580544248223305 0.588995262980461 0.594539254903793 0.541136249899864 0.512371480464935 0.485981985926628 0.43656599521637 0.443577021360397 0.459454491734505 0.479092508554459 0.505706235766411 0.616377755999565 0.471982508897781 0.554597988724709 0.777578294277191 0.9974385201931
-9999 -9999 -9999 -9999 -9999 -9999 -9999 -9999 -9999 1.54801279306412 1.28644046187401 0.999126791954041 0.875108242034912 0.637809008359909 0.583859995007515 0.539323478937149 0.534563228487968 0.627360731363297 0.72281701862812 0.834173262119293 1.23136425018311 1.32002547383308 1.26765149831772 1.23824626207352 0.988097280263901 0.906659245491028 0.891309767961502 0.983604043722153 1.03899452090263 1.06062376499176 1.0742475092411 1.11848402023315 1.17534452676773 1.25269800424576 1.31732252240181 1.57788151502609 1.61569494009018 1.62948900461197 1.4831534922123 1.25587427616119 1.07072246074677 0.866726964712143 0.765044242143631 0.762359261512756 0.810610502958298 0.791094750165939 0.791620463132858 0.784439206123352 0.747596248984337 0.636734247207642 0.612358510494232 0.562713772058487 0.507083237171173 0.518506497144699 0.524805754423141 0.541087478399277 0.543593242764473 0.549883514642715 0.748516514897346 1.22200271487236 1.9734029173851 2.92087429761887
2.51466232538223 0.636191233992577 0.984155237674713 1.02998623251915 -9999 -9999 -9999 2.69206775860353 1.38167551159859 1.20117750763893 1.07606926560402 0.67382624745369 0.501092255115509 0.558640480041504 0.602226734161377 0.630801022052765 0.601848766207695 0.554112017154694 0.618224233388901 0.603104263544083 0.621466487646103 0.63291522860527 0.649280995130539 0.662180230021477 0.722736015915871 0.74839349091053 0.77689728140831 0.769159466028214 0.791826725006104 0.793206721544266 0.832972526550293 0.854665517807007 0.871421992778778 0.885950267314911 0.902554482221603 0.900384038686752 0.872875481843948 0.836949706077576 0.750249713659286 0.688157245516777 0.654686987400055 0.662974521517754 0.733626767992973 0.779615968465805 0.805503755807877 0.827033221721649 0.848435282707214 0.82123875617981 0.73209223151207 0.475336521863937 0.461568742990494 0.466360509395599 0.498986229300499 0.621028482913971 0.67273423075676 0.822634488344193 1.39909422397614 1.7999684214592 2.24864995479584 3.25501334667206 5.7504780292511 17.4942927360535
0.975815266370773 0.763757228851318 0.752256721258163 0.934587746858597 0.917986482381821 0.889813542366028 0.877069473266602 0.916438490152359 0.907892972230911 0.927666753530502 1.20174077153206 0.757970988750458 0.607378497719765 0.724100992083549 0.744275987148285 0.699751496315002 0.629393979907036 0.573970511555672 0.56614051759243 0.536499738693237 0.550027504563332 0.646096497774124 0.671292006969452 0.705607518553734 0.716243237257004 0.672044992446899 0.652131021022797 0.679125756025314 0.738899990916252 0.767307043075562 0.787466257810593 0.802810460329056 0.777004480361938 0.766433268785477 0.754541963338852 0.721033483743668 0.707061767578125 0.692484766244888 0.663567736744881 0.670585513114929 0.681422263383865 0.704531997442245 0.782289773225784 0.817334979772568 0.806039214134216 0.806044489145279 0.669657021760941 0.553783491253853 0.488651230931282 0.487287014722824 0.525970503687859 0.56981398165226 0.624560996890068 0.757577955722809 1.11897602677345 2.42106753587723 3.43513441085815 2.9147452712059 2.67447817325592 2.64932030439377 8.55773377418518 8.80490398406982
0.72859950363636 0.617834240198135 0.633536249399185 0.668290480971336 0.681093022227287 0.687240019440651 0.700544267892838 0.754739999771118 0.760281711816788 0.721421241760254 0.717032253742218 0.654461994767189 0.683041512966156 0.703179761767387 0.752158463001251 0.680388003587723 0.616957515478134 0.536687269806862 0.56096550822258 0.617108255624771 0.643407002091408 0.664931237697601 0.669020980596542 0.635134488344193 0.616338014602661 0.646944746375084 0.695936992764473 0.72561751306057 0.755077511072159 0.771481543779373 0.762117773294449 0.746642231941223 0.716744229197502 0.707749485969543 0.683793738484383 0.65896050632 0.66040500998497 0.676982268691063 0.686821505427361 0.690483748912811 0.669014230370522 0.638439729809761 0.60418201982975 0.594866260886192 0.578425481915474 0.563797518610954 0.483204737305641 0.4779322296381 0.490420505404472 0.563512489199638 0.665150240063667 0.81039297580719 0.928511291742325 2.38358849287033 3.76111435890198 4.55961012840271 3.4362781047821 4.05304062366486 4.78581082820892 6.12609243392944 21.7009320259094 8.60607576370239
0.426664486527443 0.458130016922951 0.496587753295898 0.526122003793716 0.51971697807312 0.545239493250847 0.5389034897089 0.574285492300987 0.565146759152412 0.541087478399277 0.5314110070467 0.56767500936985 0.585116252303123 0.62270924448967 0.651632979512215 0.649391233921051 0.623876228928566 0.621094509959221 0.615433484315872 0.602829739451408 0.575984984636307 0.534208506345749 0.545059517025948 0.581749498844147 0.630241513252258 0.757575005292892 0.784947037696838 0.791521489620209 0.796279460191727 0.786983996629715 0.785256028175354 0.774945706129074 0.723827987909317 0.705492004752159 0.690188258886337 0.68462473154068 0.660890266299248 0.658884018659592 0.666579008102417 0.641142010688782 0.615098252892494 0.597940519452095 0.599390253424644 0.599725484848022 0.598291486501694 0.644300267100334 0.682703241705894 0.656931728124619 0.628299728035927 0.676356017589569 0.774171710014343 0.848069965839386 0.902417957782745 3.10066258907318 5.31690001487732 4.7249071598053 3.50654089450836 4.90049028396606 8.30062294006348 7.8671293258667 5.1223783493042 6.96618461608887
1.68995100259781 0.98174250125885 1.00881671905518 0.794640719890594 0.46118625998497 0.440784752368927 0.422055020928383 0.411651000380516 0.410628005862236 0.410549238324165 0.434975266456604 0.455552235245705 0.445864498615265 0.44829373061657 0.507704257965088 0.539713516831398 0.54541651904583 0.578210234642029 0.666629254817963 0.703572750091553 0.722971513867378 0.600179269909859 0.564457520842552 0.589476764202118 0.672821268439293 0.796725779771805 0.794744968414307 0.80001300573349 0.819092273712158 0.806676775217056 0.796614021062851 0.780698239803314 0.770246207714081 0.759940534830093 0.752229005098343 0.759306013584137 0.761254459619522 0.729933008551598 0.735761269927025 0.743694752454758 0.762917965650558 0.763544261455536 0.750641226768494 0.677692517638206 0.700160980224609 0.739827007055283 0.892059713602066 1.05607876181602 1.20291745662689 0.766089767217636 0.747002989053726 0.852876752614975 0.991402477025986 1.78360569477081 2.35489958524704 2.22247123718262 2.25211501121521 2.26007258892059 1.8681623339653 1.91575580835342 3.0845113992691 5.43930065631866
1.36414575576782 1.38783600926399 1.40816178917885 1.10408100485802 0.716610744595528 0.637640252709389 0.594644263386726 0.542913749814034 0.443948999047279 0.415506765246391 0.422018229961395 0.452287495136261 0.488437503576279 0.517692759633064 0.558528766036034 0.580730259418488 0.598446741700172 0.640430241823196 0.75765672326088 0.794637769460678 0.789233207702637 0.739749759435654 0.633834019303322 0.663634479045868 0.710771262645721 0.772785723209381 0.785336226224899 0.810692220926285 0.850622981786728 0.859741508960724 0.831985473632812 0.818651229143143 0.838365018367767 0.823617786169052 0.792431205511093 0.863127708435059 0.896667033433914 0.930482268333435 0.948429733514786 0.901045471429825 0.832027494907379 0.86521053314209 0.748187988996506 0.747543007135391 0.885524958372116 1.28768321871758 1.3705769777298 1.17153373360634 0.902276247739792 0.995447248220444 1.10594996809959 1.26892197132111 1.65074175596237 1.83985269069672 1.88135021924973 1.96983379125595 2.30444544553757 2.12102776765823 2.06662505865097 2.60726058483124 4.48099708557129 3.94686972325848
1.00730028748512 0.979083716869354 1.01600548624992 0.768008261919022 0.60478051006794 0.621749237179756 0.602450251579285 0.560817003250122 0.510768011212349 0.506076738238335 0.517195478081703 0.539538010954857 0.569985017180443 0.580418989062309 0.58176451921463 0.631305009126663 0.706308737397194 0.700049981474876 0.587094739079475 0.582764983177185 0.599147245287895 0.627436503767967 0.714269265532494 0.747681006789207 0.768375724554062 0.883248746395111 1.01644572615623 1.06038299202919 1.0570102930069 0.950847744941711 0.929315239191055 0.933053970336914 1.01159852743149 1.10419875383377 1.20080476999283 1.14915597438812 0.983693987131119 0.952839732170105 0.962529748678207 0.937452793121338 0.971875458955765 0.970014005899429 0.802172988653183 0.895728707313538 1.15163996815681 1.59952354431152 1.49929574131966 1.49755650758743 1.46763753890991 3.75617015361786 2.78409004211426 2.2172384262085 2.40358954668045 2.55350768566132 2.67726981639862 2.57031458616257 2.69247426647339 -9999 -9999 -9999 -9999 -9999
0.694437012076378 0.567269995808601 0.464865759015083 0.442325994372368 0.452971503138542 0.469967231154442 0.458178743720055 0.438012734055519 0.490674734115601 0.570874482393265 0.628356769680977 0.653798997402191 0.69624151289463 0.687825009226799 0.688231498003006 0.608222231268883 0.595625996589661 0.584501266479492 0.608888268470764 0.640271991491318 0.662085011601448 0.727586254477501 0.819153785705566 0.861078768968582 0.959978252649307 1.12132501602173 1.19146049022675 1.12103623151779 1.53450247645378 0.995505720376968 1.02914929389954 1.31030479073524 1.53262567520142 1.55843782424927 1.89024674892426 2.10597681999207 1.63173526525497 1.23209622502327 1.10897701978683 0.906284272670746 0.911338537931442 0.772383034229279 0.865631997585297 0.993897020816803 1.01118752360344 1.28226220607758 1.99446898698807 2.25545400381088 2.28601866960526 1.56085127592087 2.86758077144623 4.24397027492523 6.31149673461914 40.1529142728874 1.53607279013415 -9999 -9999 -9999 -9999 -9999 -9999 -9999
0.500566497445107 0.473121732473373 0.477183759212494 0.457144483923912 0.447206228971481 0.414727494120598 0.420359998941422 0.451903492212296 0.441075772047043 0.502972483634949 0.532148256897926 0.538193240761757 0.550469264388084 0.530543267726898 0.578404515981674 0.630922481417656 0.610692769289017 0.611755505204201 0.635504990816116 0.68987475335598 0.757030516862869 0.779854506254196 0.758366256952286 0.813389986753464 0.856512755155563 0.937264502048492 1.16941729187965 1.39218002557755 2.31789153814316 -9999 -9999 -9999 -9999 -9999 -9999 3.14426672458649 2.65058773756027 1.6311029791832 1.18053370714188 0.934740006923676 0.881799727678299 0.771285742521286 0.866027265787125 1.18891498446465 1.33460175991058 1.46634221076965 2.16826504468918 2.63042932748795 4.21248507499695 3.02444922924042 5.17924797534943 5.45757901668549 6.88421773910522 1.9762424826622 1.97624230384827 -9999 -9999 -9999 -9999 -9999 -9999 -9999
0.442512005567551 0.501703485846519 0.531647264957428 0.55053149163723 0.505748257040977 0.484529256820679 0.478832244873047 0.500685006380081 0.483662232756615 0.471671238541603 0.482727751135826 0.492426753044128 0.533838763833046 0.555417761206627 0.595197021961212 0.585168734192848 0.631993487477303 0.694814264774323 0.826896786689758 0.885612040758133 0.8695949614048 0.842231959104538 0.786093771457672 0.83162847161293 0.876827269792557 0.946619242429733 1.22543174028397 1.34821504354477 1.49149636030197 -9999 -9999 -9999 -9999 -9999 -9999 -9999 14.2566175460815 6.39225697517395 1.82542204856873 1.03522950410843 1.01912999153137 1.06694626808167 0.863469779491425 1.43905198574066 2.15254426002502 1.86524927616119 2.06120091676712 2.36749041080475 3.49716675281525 5.46592962741852 9.07364988327026 9.08808124065399 -9999 -9999 -9999 -9999 -9999 -9999 -9999 -9999 -9999 -9999
0.525738000869751 0.552533984184265 0.573304519057274 0.561587244272232 0.539605513215065 0.515304744243622 0.506906256079674 0.518630996346474 0.49508173763752 0.437738254666328 0.429355502128601 0.43037174642086 0.416204988956451 0.53063777089119 0.639432728290558 0.655935019254684 0.651444733142853 0.698427736759186 0.962491482496262 1.31877806782722 0.890604332636256 0.807920604944229 0.880440205335617 0.771370500326157 0.858140230178833 1.02807372808456 1.31148076057434 1.36405876278877 1.50204741954803 -9999 -9999 -9999 -9999 -9999 -9999 -9999 23.6758503913879 16.1013178825378 12.9201092720032 4.31329214572906 1.534124314785 1.89206850528717 2.25794541835785 1.57235097885132 1.99733179807663 2.01866769790649 3.24928557872772 7.37203574180603 9.77666473388672 5.79173612594604 4.93958616256714 4.68098187446594 11.1505181789398 -9999 -9999 -9999 -9999 -9999 -9999 -9999 -9999 -9999
0.586464732885361 0.615878999233246 0.609650239348412 0.563337743282318 0.532299757003784 0.511609509587288 0.475558519363403 0.443212509155273 0.423252001404762 0.435280501842499 0.499277248978615 0.506147995591164 0.496079251170158 0.540797978639603 0.578331738710403 0.673954501748085 0.687121510505676 0.749370753765106 0.739364236593246 0.721821740269661 0.780402034521103 0.836397707462311 0.785599529743195 0.860087960958481 0.966290205717087 1.10037079453468 1.21349251270294 1.27032145857811 1.05849301815033 1.62304546236992 -9999 -9999 -9999 -9999 -9999 -9999 -9999 3.77092148576464 8.68311802546183 3.30541757494211 3.48950888713201 7.43791222572327 14.2955603599548 3.7395111322403 2.91701620817184 3.74705922603607 37.9050664901733 53.4601821899414 58.1555786132812 6.87091183662415 5.36875784397125 19.0844061970711 5.73588939725011 -9999 -9999 -9999 -9999 -9999 -9999 -9999 -9999 -9999
0.579344987869263 0.598020002245903 0.574521750211716 0.53065350651741 0.524564981460571 0.536028742790222 0.544628262519836 0.541579484939575 0.532590016722679 0.556666508316994 0.484352231025696 0.462954729795456 0.483470991253853 0.504365265369415 0.568727239966393 0.680433019995689 0.603893995285034 0.63517726957798 0.636866256594658 0.660723745822906 0.675503253936768 0.721868231892586 0.821184039115906 1.01921546459198 1.04524871706963 0.960047990083694 1.14575779438019 1.28068050742149 1.29706048965454 1.38675078749657 -9999 -9999 -9999 -9999 -9999 -9999 -9999 -9999 -9999 -9999 -9999 -9999 -9999 -9999 -9999 -9999 3.65490746498108 2.8938687118617 29.0199732780457 22.1443472589765 -9999 -9999 -9999 -9999 -9999 -9999 -9999 -9999 -9999 -9999 -9999 -9999
0.439430996775627 0.448729500174522 0.482578486204147 0.50857275724411 0.536200493574142 0.541446760296822 0.560135990381241 0.569414243102074 0.561623230576515 0.56564699113369 0.505448251962662 0.491718739271164 0.456488236784935 0.494756251573563 0.538313984870911 0.565952271223068 0.594160482287407 0.580284744501114 0.596866518259048 0.614613756537437 0.618459016084671 0.684102728962898 0.810209959745407 2.27875871008093 -9999 -9999 1.74745943148931 0.987817525863647 1.09471499919891 1.2104175388813 1.56337344646454 -9999 -9999 -9999 -9999 -9999 -9999 -9999 -9999 -9999 -9999 -9999 -9999 -9999 -9999 -9999 -9999 -9999 -9999 -9999 -9999 -9999 -9999 -9999 -9999 -9999 -9999 -9999 -9999 -9999 -9999 -9999
0.460621520876884 0.450614243745804 0.478500008583069 0.497091740369797 0.531756743788719 0.533955752849579 0.524579241871834 0.517007231712341 0.522666022181511 0.529123485088348 0.502353742718697 0.52114874124527 0.554826736450195 0.541220247745514 0.57081001996994 0.582513749599457 0.584168985486031 0.57905624806881 0.615042731165886 0.656009271740913 0.696504771709442 0.743333995342255 0.79323747754097 0.922198534011841 1.03935527801514 0.900852710008621 0.92808598279953 1.0167810022831 1.12407597899437 1.22981402277946 1.88157820701599 2.64157265669679 -9999 -9999 -9999 -9999 -9999 -9999 -9999 -9999 -9999 -9999 -9999 -9999 -9999 -9999 -9999 -9999 -9999 -9999 -9999 -9999 -9999 -9999 -9999 -9999 -9999 -9999 -9999 -9999 -9999 -9999
0.537444770336151 0.533264234662056 0.53559672832489 0.51706574857235 0.519750729203224 0.525870770215988 0.532983005046844 0.52326075732708 0.526628270745277 0.546126767992973 0.561686262488365 0.558697521686554 0.577625244855881 0.604272767901421 0.627330020070076 0.628458738327026 0.628259986639023 0.593756228685379 0.642830237746239 0.67902597784996 0.703089013695717 0.741137981414795 0.784847259521484 0.838002741336823 0.851068496704102 0.899286031723022 0.964011758565903 1.11706128716469 1.35525378584862 1.48583552241325 2.12254053354263 2.20411136589552 -9999 -9999 -9999 -9999 -9999 -9999 -9999 -9999 -9999 -9999 -9999 -9999 -9999 -9999 -9999 -9999 -9999 -9999 -9999 -9999 -9999 -9999 -9999 -9999 -9999 -9999 -9999 -9999 -9999 -9999
0.605093255639076 0.575437501072884 0.547706231474876 0.531995236873627 0.51934652030468 0.513629257678986 0.540559485554695 0.556613981723785 0.598191753029823 0.673890754580498 0.747589498758316 0.869748026132584 0.904033541679382 0.995243221521378 0.877665728330612 0.725402981042862 0.666189014911652 0.655695006251335 0.683864235877991 0.693017989397049 0.697578012943268 0.752884536981583 0.828005254268646 0.919195532798767 1.20691421627998 1.16633999347687 1.01921546459198 1.16179570555687 1.34293350577354 1.49928376078606 3.23457527160645 -9999 -9999 -9999 -9999 -9999 -9999 -9999 -9999 -9999 -9999 -9999 -9999 -9999 -9999 -9999 -9999 -9999 -9999 -9999 -9999 -9999 -9999 -9999 -9999 -9999 -9999 -9999 -9999 -9999 -9999 -9999
