EcologicalScience/Bass/data/rs_data_bass/chl_485.asc
NCOLS 226 
NROWS 124 
XLLCORNER -9.41648524995501 
YLLCORNER 47.587301625531 
CELLSIZE 0.0833 
NODATA_value -9999 
[rows 81 to 107 of 124, columns 62 to 123 of 226]
3.85158455371857 5.97498106956482 7.6620512008667 7.66205191612244 -9999 -9999 -9999 -9999 -9999 -9999 -9999 -9999 -9999 -9999 -9999 -9999 -9999 -9999 -9999 -9999 -9999 -9999 -9999 -9999 -9999 -9999 -9999 -9999 -9999 -9999 -9999 -9999 -9999 -9999 -9999 -9999 -9999 -9999 -9999 -9999 -9999 -9999 -9999 -9999 -9999 -9999 -9999 -9999 -9999 -9999 -9999 -9999 -9999 -9999 -9999 -9999 -9999 -9999 -9999 -9999 -9999 -9999
0.831934534013271 -9999 -9999 -9999 -9999 -9999 -9999 -9999 -9999 -9999 -9999 -9999 -9999 -9999 -9999 -9999 -9999 -9999 -9999 -9999 -9999 -9999 -9999 -9999 -9999 -9999 -9999 -9999 -9999 -9999 -9999 -9999 -9999 -9999 -9999 -9999 -9999 -9999 -9999 -9999 -9999 -9999 -9999 -9999 -9999 -9999 -9999 -9999 -9999 -9999 -9999 -9999 -9999 -9999 -9999 -9999 -9999 -9999 -9999 -9999 -9999 -9999
-9999 -9999 -9999 -9999 -9999 -9999 -9999 -9999 -9999 -9999 -9999 -9999 -9999 -9999 -9999 -9999 -9999 -9999 -9999 -9999 -9999 -9999 -9999 -9999 -9999 -9999 -9999 -9999 -9999 -9999 -9999 -9999 -9999 -9999 -9999 -9999 -9999 -9999 -9999 -9999 -9999 -9999 -9999 -9999 -9999 -9999 -9999 -9999 -9999 -9999 -9999 -9999 -9999 -9999 -9999 -9999 -9999 -9999 -9999 -9999 -9999 -9999
-9999 -9999 -9999 -9999 -9999 -9999 -9999 -9999 -9999 -9999 -9999 -9999 -9999 -9999 -9999 -9999 -9999 -9999 -9999 -9999 -9999 -9999 -9999 -9999 -9999 -9999 -9999 -9999 -9999 -9999 -9999 -9999 -9999 -9999 -9999 -9999 -9999 -9999 -9999 -9999 -9999 -9999 -9999 -9999 -9999 -9999 -9999 -9999 -9999 -9999 -9999 -9999 -9999 -9999 -9999 -9999 -9999 4.27515326304869 3.96220135688782 4.13920748233795 4.26788377761841 3.90224325656891
-9999 -9999 -9999 -9999 -9999 -9999 -9999 -9999 -9999 -9999 -9999 -9999 -9999 -9999 -9999 -9999 -9999 -9999 -9999 -9999 -9999 -9999 -9999 -9999 -9999 -9999 -9999 -9999 -9999 -9999 -9999 -9999 -9999 -9999 -9999 -9999 37.1749906539917 3.43177270889282 10.4299942796881 10.7826198276721 -9999 -9999 2.0781814455986 2.26275980472565 2.55449062585831 2.5316156744957 2.2907509803772 2.5369775891304 2.61930763721466 2.67032343149185 2.74142557382584 2.51351259152095 -9999 -9999 3.78364133834839 3.61775207519531 3.291335105896 2.6957631111145 2.52538096904755 2.43506008386612 2.24384236335754 2.12211138010025
-9999 -9999 -9999 -9999 -9999 -9999 -9999 -9999 -9999 -9999 -9999 -9999 -9999 1.67461994290352 1.30264319479465 1.83587300777435 1.89811152219772 2.09017252922058 1.12509450316429 -9999 -9999 -9999 -9999 -9999 -9999 -9999 -9999 -9999 2.20114248991013 2.46622520685196 2.80758208036423 2.78415405750275 3.54654559493065 3.66949796676636 -9999 -9999 -9999 4.92675286531448 3.24426627159119 3.21507740020752 3.25458168983459 3.29599964618683 2.76201671361923 2.48230808973312 2.3999787569046 2.4367915391922 2.43829447031021 2.26682728528976 2.22704637050629 2.28180330991745 2.48197782039642 2.53751170635223 2.52759754657745 2.57189333438873 2.68044769763947 2.5631816983223 2.37517386674881 1.85463881492615 1.55972635746002 1.51814389228821 1.54596716165543 1.66138780117035
-9999 -9999 -9999 -9999 -9999 -9999 -9999 -9999 -9999 -9999 2.17581278085709 1.69549155235291 1.46863675117493 1.59247827529907 1.67496728897095 1.72497689723969 1.71426790952682 1.72715359926224 1.74596053361893 1.72383517026901 1.73294430971146 1.29208767414093 1.62894433736801 1.85641211271286 1.95991086959839 1.95991086959839 -9999 2.22016778588295 1.80122083425522 2.04015201330185 2.12307053804398 2.01061499118805 1.9522168636322 2.40964990854263 2.79817593097687 -9999 2.94055342674255 2.80762374401093 2.87923192977905 2.78649508953094 2.74007159471512 2.73712706565857 2.57282227277756 2.35529673099518 2.19197380542755 2.13562470674515 2.00998055934906 1.75029820203781 1.607930123806 1.59887659549713 1.40441742539406 1.39929056167603 1.41518220305443 1.44086802005768 1.53657066822052 1.51960587501526 1.47623500227928 1.41459739208221 1.31225547194481 1.33795121312141 1.52383124828339 1.70302230119705
-9999 -9999 -9999 -9999 -9999 -9999 -9999 -9999 1.68699359893799 1.56044268608093 1.65921002626419 1.45677012205124 1.402960896492 1.42769131064415 1.47128418087959 1.51866048574448 1.53370159864426 1.46202304959297 1.4420365691185 1.48187479376793 1.49864155054092 2.31568121910095 1.82834011316299 1.79676550626755 1.80000704526901 1.77212727069855 1.89025104045868 1.89725929498672 2.05219441652298 2.15724742412567 2.21573853492737 2.17920684814453 2.25975573062897 2.38555419445038 2.61795455217361 2.79065805673599 2.75603288412094 2.73507732152939 2.68334287405014 2.61718583106995 2.53053402900696 2.42922413349152 2.3470938205719 2.14039474725723 1.72598433494568 1.4239054620266 1.29057025909424 1.2948325574398 1.29098859429359 1.24604451656342 1.16280117630959 1.10610017180443 1.0819676220417 1.07118514180183 1.13292217254639 1.18370774388313 1.25236621499062 1.22300559282303 1.14321219921112 1.20008432865143 1.41374883055687 1.60240530967712
-9999 -9999 -9999 -9999 -9999 -9999 -9999 -9999 -9999 1.47011455893517 1.23848015069962 1.25947666168213 1.18440234661102 1.09712129831314 1.0890753865242 1.0659559071064 1.04057237505913 1.23352405428886 1.32243168354034 1.40897941589355 1.51190936565399 1.68526357412338 1.6512805223465 1.69167101383209 1.69978415966034 1.75196385383606 1.7944809794426 1.91167330741882 2.06667298078537 2.33175015449524 2.44462966918945 2.2399737238884 2.41175347566605 2.41325676441193 2.56923240423203 2.78070151805878 2.88422709703445 2.92210400104523 2.94823801517487 2.83818250894547 2.55356258153915 2.08784598112106 1.5875009894371 1.37277254462242 1.29393598437309 1.3489705324173 1.35161876678467 1.34230837225914 1.25702708959579 1.13886353373528 1.01883986592293 1.01307079195976 1.04516190290451 1.13544711470604 1.11154237389565 1.07742735743523 1.06775942444801 1.06160759925842 1.07151290774345 1.12210455536842 1.26129922270775 1.41728049516678
-9999 -9999 -9999 -9999 -9999 -9999 -9999 -9999 -9999 1.34645703434944 1.17999976873398 0.954804271459579 0.890430897474289 0.87894281744957 0.839402049779892 0.777383834123611 0.765207409858704 0.864206582307816 0.956017971038818 1.00695222616196 1.154566437006 1.30476808547974 1.44295424222946 1.49030542373657 1.41119921207428 1.33787056803703 1.34461507201195 1.33461892604828 1.3283306658268 1.28392633795738 1.29232254624367 1.3044376373291 1.44599577784538 1.50895464420319 1.6170979142189 1.69239431619644 1.69137793779373 1.70315676927567 1.7043993473053 1.64516240358353 1.38079860806465 1.0789415538311 0.98304095864296 1.17236495018005 1.29256242513657 1.25742414593697 1.19474476575851 1.12659654021263 1.01423558592796 0.931080758571625 0.882574260234833 0.882449448108673 0.958362132310867 1.12002763152122 1.16024449467659 1.12407749891281 1.08555114269257 1.07269915938377 1.1401758491993 1.27907073497772 1.69295436143875 2.34166234731674
1.74244201183319 1.24048778414726 1.31130847334862 1.731036901474 1.97084748744965 -9999 -9999 1.61625462770462 1.53375041484833 1.42471522092819 1.31909188628197 0.873314023017883 0.872104704380035 0.917343109846115 0.915570348501205 0.850733935832977 0.811498314142227 0.814247220754623 0.862779825925827 1.00755456089973 1.15719383955002 1.23505595326424 1.1654397547245 1.11469745635986 1.03905871510506 1.01037964224815 0.995089709758759 0.949167877435684 0.91510945558548 0.94126895070076 1.14407882094383 1.10079672932625 1.03832450509071 1.0773988366127 0.89187017083168 0.906493216753006 0.929120779037476 0.960430204868317 0.980476856231689 0.984113395214081 1.01790806651115 1.03943565487862 1.06381389498711 1.03363260626793 1.012087225914 0.963170975446701 1.0251139998436 1.02337101101875 0.926041692495346 0.920791983604431 0.993337780237198 1.0537516772747 1.12005659937859 1.19181114435196 1.210489153862 1.20733934640884 1.20170795917511 1.28371059894562 1.47219389677048 1.58764547109604 1.84561121463776 2.32893615961075
1.12705475091934 1.05588403344154 1.0323731303215 1.20623731613159 1.46173658967018 1.49533358216286 1.52570843696594 1.3446416258812 1.23097747564316 1.18624296784401 1.1376978456974 0.80665111541748 0.898821383714676 1.05360299348831 0.967421293258667 0.856233358383179 0.837139517068863 0.830989569425583 0.823641121387482 0.905718415975571 1.08851185441017 1.23509564995766 1.18295162916183 1.17450079321861 1.31952157616615 1.33733841776848 1.29068183898926 1.2031235396862 1.12924987077713 1.03503048419952 1.05063486099243 1.07400226593018 1.03756320476532 0.956459283828735 0.924038350582123 0.924137324094772 0.986311197280884 1.03399980068207 1.07956355810165 1.14639830589294 1.20436218380928 1.32352361083031 1.25797113776207 1.08920279145241 0.988193303346634 0.911257177591324 0.882027626037598 0.83485409617424 0.871028423309326 1.00896495580673 1.11433812975883 1.13661521673203 1.15900298953056 1.19335216283798 1.2242434322834 1.26586443185806 1.36022043228149 1.3854957818985 1.41538086533546 1.51816034317017 1.56361395120621 1.58202266693115
1.10615175962448 0.854993015527725 0.762224972248077 0.747044518589973 0.882806360721588 0.929056406021118 0.841840356588364 0.873710006475449 0.946553438901901 0.973994493484497 0.900071203708649 0.84451612830162 0.970424741506577 1.21240934729576 1.07927638292313 0.867681294679642 0.810541391372681 0.810879617929459 0.794814169406891 0.836009681224823 0.960230827331543 0.978302299976349 0.980430722236633 1.05259421467781 1.05215102434158 1.09572592377663 1.22879335284233 1.20052814483643 1.12504774332047 1.09286472201347 1.09126380085945 1.02308642864227 0.981126040220261 0.979254215955734 0.990054041147232 1.00767910480499 0.98904025554657 1.02015897631645 1.09750807285309 1.13203498721123 1.21753245592117 1.37869414687157 1.27999663352966 1.1121039390564 1.07332375645638 1.04657703638077 0.995701432228088 0.940844088792801 0.972442388534546 1.12947991490364 1.22477075457573 1.26325544714928 1.27134507894516 1.30085188150406 1.36326947808266 1.45449391007423 1.45609152317047 1.44360521435738 1.38138020038605 1.35166829824448 1.38229885697365 1.56076312065125
1.4098271727562 1.0461737215519 0.747108042240143 0.707907825708389 0.645425006747246 0.702724903821945 0.754874467849731 0.776585698127747 0.837729156017303 0.901435911655426 0.995855301618576 1.0133418738842 1.07070323824883 1.15585246682167 0.922861754894257 0.811504751443863 0.774503499269485 0.793168097734451 0.850620299577713 0.879555881023407 0.943579137325287 1.00552341341972 1.07397696375847 1.06588017940521 1.1116296350956 1.14903402328491 1.20224180817604 1.12791609764099 1.03643757104874 0.986916214227676 0.971639782190323 0.978428721427917 0.973009318113327 0.986417502164841 0.998903542757034 1.04229962825775 1.03819665312767 1.00881046056747 1.0832876265049 1.15873807668686 1.16566202044487 1.16516321897507 1.18906572461128 1.13522055745125 1.10585162043571 1.12722131609917 1.09970185160637 1.12254506349564 1.20936262607574 1.31387212872505 1.27946448326111 1.35781806707382 1.44992065429688 1.48080557584763 1.52698749303818 1.59370976686478 1.64474415779114 1.61760234832764 1.53764766454697 1.58510649204254 1.68515628576279 1.81416428089142
1.19206693768501 0.96955481171608 0.962697833776474 1.0476458966732 0.890988439321518 0.827805787324905 0.867199301719666 0.908219486474991 0.834947347640991 0.811594158411026 0.788922429084778 0.879394143819809 1.06387013196945 1.16593596339226 0.890737026929855 0.818804383277893 0.803718477487564 0.830877274274826 0.896870344877243 0.98816853761673 1.0417437851429 1.03028529882431 1.10398918390274 1.12422752380371 1.14941275119781 1.15436071157455 1.17041784524918 1.14681333303452 1.1414792239666 1.08764174580574 1.09607550501823 1.07675009965897 1.05167073011398 1.05132338404655 1.06009957194328 1.11866453289986 1.10812917351723 1.10464319586754 1.14367496967316 1.20050489902496 1.21813201904297 1.19746819138527 1.23894685506821 1.28063088655472 1.29403656721115 1.35688608884811 1.29782590270042 1.2419900894165 1.32904672622681 1.38382521271706 1.42142504453659 1.46879535913467 1.51883339881897 1.53088116645813 1.50468009710312 1.57385873794556 1.65109401941299 1.76800668239594 1.96909636259079 2.14408904314041 2.32100433111191 2.48801010847092
1.46112298965454 1.25573319196701 1.14736703038216 1.0184078514576 0.938342839479446 1.21685037016869 1.37491920590401 1.25644898414612 1.14386388659477 1.064911454916 1.02934437990189 0.910474330186844 0.791053980588913 0.774907886981964 0.843003630638123 0.888052940368652 0.923479825258255 0.944043964147568 1.00788348913193 1.07414236664772 1.04590129852295 1.04679608345032 1.05482465028763 1.03189444541931 1.04044309258461 1.11035969853401 1.14932441711426 1.16770827770233 1.23572954535484 1.27647596597672 1.2660573720932 1.21594136953354 1.16209888458252 1.08964571356773 1.0801774263382 1.13805019855499 1.19742339849472 1.28371444344521 1.34730023145676 1.33302175998688 1.33193841576576 1.34015473723412 1.28020495176315 1.41919049620628 1.46881985664368 1.45967763662338 1.37411677837372 1.36990678310394 1.3995746076107 1.46637555956841 1.50890100002289 1.51478344202042 1.53480094671249 1.57574951648712 1.63870525360107 1.68068218231201 1.8837051987648 2.17367917299271 2.3316587805748 2.33998471498489 2.62837779521942 2.62837779521942
1.10383638739586 1.072121322155 1.05039167404175 1.03386023640633 1.20650571584702 1.25247636437416 1.00177922844887 0.944860070943832 1.02267551422119 0.977691382169724 0.965073555707932 1.00596097111702 1.01073852181435 1.10853374004364 1.21313443779945 1.16593819856644 1.08431661128998 1.07867369055748 1.05661261081696 1.00783270597458 1.07913637161255 1.15456411242485 1.25877651572227 1.30663597583771 1.20812603831291 1.22967606782913 1.39318138360977 1.57751923799515 1.58322840929031 1.58037543296814 1.50229650735855 1.06995525956154 1.1613561809063 1.23251134157181 1.31714558601379 1.22954043745995 1.1700673699379 1.17852491140366 1.2542422413826 1.16649726033211 1.26381281018257 1.61016726493835 1.50625115633011 1.53621572256088 1.60391306877136 1.48710215091705 1.28507977724075 1.24657282233238 1.22883403301239 1.39904630184174 1.58147674798965 1.6329705119133 1.75709420442581 1.88957816362381 1.95240372419357 2.01367896795273 2.02261394262314 -9999 -9999 -9999 -9999 -9999
1.01864674687386 1.03623774647713 1.10628542304039 1.07167652249336 1.04147413372993 0.919421017169952 0.750657230615616 0.841041684150696 0.955448538064957 0.965995162725449 0.975489020347595 0.973769992589951 1.13862445950508 1.32867076992989 1.46756646037102 1.48356011509895 1.24735808372498 1.00480762124062 1.00447914004326 1.09025654196739 1.0994485616684 1.20322090387344 1.33320334553719 1.33919245004654 1.3970220386982 1.57903003692627 1.9423520565033 2.20288109779358 1.69238841533661 1.82435935735703 1.6272194981575 1.5926867723465 1.55250602960587 1.76788973808289 2.09147053956985 2.19775253534317 1.96713602542877 1.71263810992241 1.42994110286236 1.21171872317791 1.30240371823311 1.32168960571289 1.35082054138184 1.55787563323975 1.5384219288826 1.48319551348686 1.28138968348503 1.31277894973755 1.33205124735832 1.51511979103088 1.74315190315247 1.74335432052612 1.87675076723099 2.04334169626236 1.3986066013086 -9999 -9999 -9999 -9999 -9999 -9999 -9999
0.987004101276398 0.914159148931503 1.26702564954758 0.84183669090271 0.768398076295853 0.734397947788239 0.84549942612648 0.918220102787018 1.01006698608398 1.09715259075165 1.20194810628891 1.26101186871529 1.27822878956795 1.37877452373505 1.50325387716293 1.62793654203415 1.59179466962814 1.26033067703247 1.12082952260971 1.19162991642952 1.20668667554855 1.37603339552879 1.39371594786644 1.30094960331917 1.18992921710014 1.18547531962395 1.49243715405464 2.0277948975563 2.39980673789978 -9999 -9999 -9999 -9999 -9999 -9999 3.14426672458649 1.9197661280632 3.45279765129089 2.31408199667931 1.42550182342529 1.50487232208252 1.49407222867012 1.33708137273788 1.24942821264267 1.71653741598129 1.91178792715073 1.91450947523117 1.56491160392761 1.43920746445656 1.60571390390396 1.88746154308319 2.0111101269722 1.86235553026199 1.9762424826622 1.97624230384827 -9999 -9999 -9999 -9999 -9999 -9999 -9999
1.07892698049545 0.707985162734985 0.627930164337158 0.768736749887466 0.938939094543457 0.874341666698456 0.999802440404892 1.1137610077858 1.00697216391563 1.10077902674675 1.03152233362198 1.05637049674988 1.10291433334351 1.28968423604965 1.44005370140076 1.46542292833328 1.29593628644943 1.34654071927071 1.35955604910851 1.41124364733696 1.2773018181324 1.36449900269508 1.36992564797401 1.31615138053894 1.26813697814941 1.25850757956505 1.58829009532928 2.12223547697067 2.69807839393616 -9999 -9999 -9999 -9999 -9999 -9999 10.5900535583496 9.06119585037231 4.30693602561951 2.72230821847916 2.60765093564987 2.88812738656998 3.84456861019135 9.94601011276245 6.72405195236206 2.63833862543106 2.56750702857971 2.4204688668251 2.18163621425629 2.31287544965744 2.47683209180832 3.82003927230835 3.8215434551239 -9999 -9999 -9999 -9999 -9999 -9999 -9999 -9999 -9999 -9999
0.484202563762665 0.658582761883736 0.831171154975891 0.800238937139511 0.726434782147408 0.711068764328957 0.761021018028259 0.982495576143265 1.21008378267288 1.04338359832764 0.998177736997604 1.07116404175758 1.11565026640892 1.19633495807648 1.21236911416054 1.18765595555305 1.17395049333572 1.2784903049469 1.54825150966644 1.34409373998642 0.827295726318972 1.29490175843239 1.49248597025871 1.26520389318466 1.1650784611702 1.31606492400169 1.63075482845306 2.06430995464325 2.99321722984314 -9999 -9999 -9999 -9999 -9999 -9999 -9999 12.4197750091553 11.0093021392822 11.9341857433319 12.6340713500977 15.4358954429626 15.4358968734741 10.5142500400543 8.46799671649933 7.22877216339111 5.45422947406769 3.81449782848358 3.05369532108307 4.25556349754333 4.74463605880737 5.16486060619354 4.21390521526337 7.93535056114197 -9999 -9999 -9999 -9999 -9999 -9999 -9999 -9999 -9999
0.538000747561455 0.524799987673759 0.609248712658882 0.710772022604942 0.765354216098785 0.770477682352066 0.81636518239975 0.952250808477402 1.07444456219673 1.00265854597092 1.00897470116615 1.11267560720444 1.19605985283852 1.19529864192009 1.14778572320938 1.10334795713425 1.08151343464851 1.08911633491516 1.16197639703751 1.24230989813805 1.21451559662819 1.0825971364975 1.00221213698387 1.05161538720131 1.18644627928734 1.42091354727745 1.53441023826599 1.75671315193176 2.06139528751373 2.04333472251892 -9999 -9999 -9999 -9999 -9999 -9999 -9999 9.03145408630371 7.81487202644348 6.12605893611908 6.45609852075577 35.2635276317596 19.2107141017914 10.7057651281357 8.39900815486908 4.6184788942337 3.25114989280701 2.99486553668976 3.61712300777435 5.16370904445648 6.09223866462708 4.51357984542847 9.34859476089478 -9999 -9999 -9999 -9999 -9999 -9999 -9999 -9999 -9999
0.50929981470108 0.622440174221992 0.694597855210304 0.727373957633972 0.781513810157776 0.852448761463165 0.966992497444153 0.946557641029358 0.850842744112015 0.9579718708992 1.0155808031559 0.999406814575195 1.08794859051704 1.10250020027161 1.07558771967888 1.05100366473198 1.03432068228722 1.01048853993416 1.0009685754776 1.02028557658195 0.991876691579819 0.994672805070877 1.0076801776886 1.1851062476635 1.34917867183685 1.48007369041443 1.54309004545212 1.69250696897507 1.74422496557236 1.88323384523392 1.93223440647125 -9999 -9999 -9999 -9999 -9999 -9999 -9999 -9999 -9999 -9999 -9999 -9999 -9999 -9999 -9999 3.65490746498108 3.82672190666199 4.01316154003143 4.73645317554474 4.15063583850861 -9999 -9999 -9999 -9999 -9999 -9999 -9999 -9999 -9999 -9999 -9999
0.538487210869789 0.636863708496094 0.853280156850815 0.965447902679443 0.841271102428436 0.792642921209335 0.876954048871994 0.92254900932312 0.891034305095673 0.95584774017334 0.974640816450119 0.943370908498764 1.00433930754662 1.04416009783745 1.11680290102959 1.12930288910866 1.08949425816536 0.97258472442627 0.920514196157455 0.963804244995117 1.02731573581696 1.07934263348579 1.15280869603157 1.3463594019413 1.57517682015896 -9999 1.50264608860016 1.46193891763687 1.46854475140572 1.51284795999527 1.70941150188446 1.80928194522858 -9999 -9999 -9999 -9999 -9999 -9999 -9999 -9999 -9999 -9999 -9999 -9999 -9999 -9999 -9999 -9999 -9999 -9999 -9999 -9999 -9999 -9999 -9999 -9999 -9999 -9999 -9999 -9999 -9999 -9999
0.479678258299828 0.679538816213608 0.779295355081558 0.816492140293121 0.799730569124222 0.801406234502792 0.889404594898224 0.915262699127197 0.926838219165802 0.961295932531357 0.945813864469528 0.939123630523682 1.01706969738007 1.13439121842384 1.16995283961296 1.20022049546242 1.29991391301155 1.16738551855087 0.991774588823318 0.904702663421631 0.916946232318878 0.989817649126053 1.10510203242302 1.30454787611961 1.501440346241 1.59049737453461 1.4977545440197 1.28325033187866 1.37900474667549 1.5450559258461 1.70056521892548 1.75005394220352 -9999 -9999 -9999 -9999 -9999 -9999 -9999 -9999 -9999 -9999 -9999 -9999 -9999 -9999 -9999 -9999 -9999 -9999 -9999 -9999 -9999 -9999 -9999 -9999 -9999 -9999 -9999 -9999 -9999 -9999
0.597536221146584 0.69582112133503 0.767051070928574 0.750073939561844 0.758911639451981 0.843647718429565 0.877220034599304 0.924359500408173 1.03723883628845 0.996755808591843 1.02070498466492 1.03246593475342 1.14397752285004 1.24633365869522 1.26512289047241 1.3441016972065 1.36657431721687 1.06171444058418 0.914701759815216 0.844156980514526 0.862655907869339 0.919807523488998 0.982535988092422 1.09675472974777 1.23820933699608 1.26716163754463 1.28237414360046 1.37849235534668 1.61018639802933 1.71655261516571 1.82656824588776 1.8841313123703 -9999 -9999 -9999 -9999 -9999 -9999 -9999 -9999 -9999 -9999 -9999 -9999 -9999 -9999 -9999 -9999 -9999 -9999 -9999 -9999 -9999 -9999 -9999 -9999 -9999 -9999 -9999 -9999 -9999 -9999
0.707720965147018 0.694189488887787 0.704530835151672 0.697829514741898 0.701571509242058 0.878665924072266 1.09617009758949 1.05511835217476 1.17991349101067 1.26581266522408 1.26804006099701 1.26544779539108 1.40806317329407 1.63213384151459 1.75233238935471 1.78669488430023 1.51137059926987 1.24723783135414 1.14444744586945 0.931331276893616 0.819850534200668 0.881338119506836 0.9697205722332 1.1232827603817 1.26930990815163 1.44477608799934 1.29347535967827 1.33322677016258 1.50737535953522 1.6426956653595 1.79549807310104 2.0113450884819 -9999 -9999 -9999 -9999 -9999 -9999 -9999 -9999 -9999 -9999 -9999 -9999 -9999 -9999 -9999 -9999 -9999 -9999 -9999 -9999 -9999 -9999 -9999 -9999 -9999 -9999 -9999 -9999 -9999 -9999
