EcologicalScience/Bass/data/rs_data_bass/chl_499.asc
NCOLS 226 
NROWS 124 
XLLCORNER -9.41648524995501 
YLLCORNER 47.587301625531 
CELLSIZE 0.0833 
NODATA_value -9999 
[rows 0 to 26 of 124, columns 62 to 123 of 226]
-9999 -9999 -9999 -9999 -9999 -9999 -9999 -9999 -9999 -9999 -9999 -9999 -9999 -9999 -9999 -9999 -9999 -9999 -9999 -9999 -9999 -9999 -9999 -9999 -9999 -9999 -9999 -9999 -9999 -9999 -9999 -9999 -9999 -9999 -9999 -9999 -9999 -9999 -9999 -9999 -9999 -9999 -9999 -9999 -9999 -9999 -9999 -9999 -9999 -9999 -9999 -9999 -9999 -9999 -9999 -9999 -9999 -9999 -9999 -9999 -9999 -9999
-9999 -9999 -9999 -9999 -9999 -9999 -9999 -9999 -9999 -9999 -9999 -9999 -9999 -9999 -9999 -9999 -9999 -9999 -9999 -9999 -9999 -9999 -9999 -9999 -9999 -9999 -9999 -9999 -9999 -9999 -9999 -9999 -9999 -9999 -9999 -9999 -9999 -9999 -9999 -9999 -9999 -9999 -9999 -9999 -9999 -9999 -9999 -9999 -9999 -9999 -9999 -9999 -9999 -9999 -9999 -9999 -9999 -9999 -9999 -9999 -9999 -9999
-9999 -9999 -9999 -9999 -9999 -9999 -9999 -9999 -9999 -9999 -9999 -9999 -9999 -9999 -9999 -9999 -9999 -9999 -9999 -9999 -9999 -9999 -9999 -9999 -9999 -9999 -9999 -9999 -9999 -9999 -9999 -9999 -9999 -9999 -9999 -9999 -9999 -9999 -9999 -9999 -9999 -9999 -9999 -9999 -9999 -9999 -9999 -9999 -9999 -9999 -9999 -9999 -9999 -9999 -9999 -9999 -9999 -9999 -9999 -9999 -9999 -9999
-9999 -9999 -9999 -9999 -9999 -9999 -9999 -9999 -9999 -9999 -9999 -9999 -9999 -9999 -9999 -9999 -9999 -9999 -9999 -9999 -9999 -9999 -9999 -9999 -9999 -9999 -9999 -9999 -9999 -9999 -9999 -9999 -9999 -9999 -9999 -9999 -9999 -9999 -9999 -9999 -9999 -9999 -9999 -9999 -9999 -9999 -9999 -9999 -9999 -9999 -9999 -9999 -9999 -9999 -9999 -9999 -9999 -9999 -9999 -9999 -9999 -9999
-9999 -9999 -9999 -9999 -9999 -9999 -9999 -9999 -9999 -9999 -9999 -9999 -9999 -9999 -9999 -9999 -9999 -9999 -9999 -9999 -9999 -9999 -9999 -9999 -9999 -9999 -9999 -9999 -9999 -9999 -9999 -9999 -9999 -9999 -9999 -9999 -9999 -9999 -9999 -9999 -9999 -9999 -9999 -9999 -9999 -9999 -9999 -9999 -9999 -9999 -9999 -9999 -9999 -9999 -9999 -9999 -9999 -9999 -9999 -9999 -9999 -9999
-9999 -9999 -9999 -9999 -9999 -9999 -9999 -9999 -9999 -9999 -9999 -9999 -9999 -9999 -9999 -9999 -9999 -9999 -9999 -9999 -9999 -9999 -9999 -9999 -9999 -9999 -9999 -9999 0.63735419511795 1.20196245347752 0.960391039357466 0.759431101820048 0.685286897946807 0.726987658068538 0.676784567534924 0.604142487049103 0.595816996693611 0.601538211107254 0.627692630887032 0.631109514832497 0.633611008524895 0.643907019495964 0.632642855867743 0.621584655717015 0.601801576092839 0.713442754000425 0.750318445265293 0.734100351110101 0.681495018303394 0.704604534432292 0.768397528678179 0.731741152703762 0.498005803674459 0.553952530026436 0.527149930596352 0.462376949191094 0.496806964278221 0.501565960049629 0.479589572548866 0.474695059657097 0.457426247000694 0.464275774359703
-9999 -9999 -9999 -9999 -9999 -9999 -9999 -9999 -9999 -9999 -9999 -9999 -9999 -9999 -9999 -9999 -9999 -9999 -9999 -9999 -9999 -9999 -9999 -9999 -9999 -9999 1.18186515569687 1.0627324283123 1.91332252209003 0.963834127959083 0.84597116522491 0.684915544465184 0.65310837328434 0.637406092882156 0.614510604739189 0.618995091319084 0.612110298871994 0.593202713131905 0.611500027775765 0.631794976070523 0.642354743555188 0.660913087427616 0.706279305741191 0.728336211293936 0.76349775865674 0.789058450609446 0.763165444135666 0.670647678896785 0.675942946225405 0.749889370054007 0.447551050782204 0.432091262936592 0.436626362800598 0.450914776325226 0.457098552584648 0.463123059272766 0.466958600282669 0.471465426683426 0.465754321217537 0.464430943131447 0.46954793035984 0.491456487774849
-9999 -9999 -9999 -9999 -9999 -9999 -9999 -9999 -9999 -9999 -9999 -9999 -9999 -9999 -9999 -9999 -9999 -9999 -9999 -9999 -9999 -9999 -9999 -9999 -9999 -9999 1.18186515569687 1.6348626052632 1.71996263896718 1.28470410704613 0.803490442037582 0.662336751818657 0.620890012383461 0.593062117695808 0.589340224862099 0.605608162283897 0.608827909827232 0.744871362112463 0.841577706858516 0.718096217513084 0.705371311306953 0.737397566437721 0.715228607878089 0.70260065048933 0.725613635033369 0.773369092494249 0.733332876116037 0.728563969954848 0.71558159776032 0.643371446058154 0.474512231349945 0.456861934065819 0.427378553152084 0.421358367800713 0.443552726507187 0.446997126936913 0.43223021030426 0.460540011525154 0.48363972902298 0.48557585477829 0.508860766887665 0.556223392486572
-9999 -9999 -9999 -9999 -9999 -9999 -9999 -9999 -9999 -9999 -9999 -9999 -9999 -9999 -9999 -9999 -9999 -9999 -9999 -9999 -9999 -9999 -9999 -9999 -9999 -9999 1.80946453051134 0.806886702775955 0.860370817780495 0.835308095812798 0.722391268610954 0.699594968557358 0.676628088951111 0.62464328110218 0.611898800730705 0.683520531654358 0.758614581823349 0.71186834871769 0.736979576945305 0.716905581951141 0.714210212230682 0.740901293233037 0.785247065126896 0.721520679071546 0.718427315354347 0.676104890182614 0.57476531714201 0.600390510633588 0.596186947077513 0.625490600243211 0.639857746660709 0.681775605306029 0.65003071166575 0.584697067737579 0.543498175218701 0.549480512738228 0.590543428063393 0.578165817260742 0.482761609554291 0.487286114692688 0.528368762135506 0.579136428236961
-9999 -9999 -9999 -9999 -9999 -9999 -9999 -9999 -9999 -9999 -9999 -9999 -9999 -9999 -9999 -9999 -9999 -9999 -9999 -9999 -9999 -9999 -9999 -9999 -9999 1.19121462106705 1.53440367391235 0.852262884378433 0.904890441894531 0.912766146659851 0.722681096196175 0.820413228869438 0.856826293468475 0.810636857151985 0.767547479271889 0.822770988941192 0.812712812423706 0.778452408313751 0.741562094539404 0.739569392055273 0.761146305128932 0.756093917414546 0.741809589788318 0.751642668619752 0.753762245178223 0.720546618103981 0.59666820243001 0.600392527878284 0.619106920436025 0.586072901263833 0.588842108845711 0.62507500872016 0.612008012831211 0.565825715661049 0.545053772628307 0.560271687805653 0.484954772517085 0.444202344864607 0.355638054013252 0.409030774235725 0.466270384192467 0.378709251992404
-9999 -9999 -9999 -9999 -9999 -9999 -9999 -9999 -9999 -9999 -9999 -9999 -9999 -9999 -9999 -9999 -9999 -9999 -9999 -9999 -9999 -9999 -9999 -9999 -9999 1.29171961247921 1.35860767259317 1.28601541589288 1.12553954869509 1.07028350606561 1.02293334287756 1.03886063098907 0.937859374284744 0.877315366268158 0.868433570861816 0.778153236955404 0.747454086318612 0.73288263939321 0.756908029317856 0.774862434715033 0.760526597499847 0.720085697248578 0.721639316529036 0.726695660501719 0.728269742801785 0.72326397523284 0.714766183868051 0.682028828188777 0.592017877846956 0.584044592455029 0.60614731349051 0.631597990170121 0.533339699730277 0.551324777305126 0.587002616375685 0.544078543782234 0.465617967769504 0.415289087221026 0.40327644534409 0.39686889667064 0.383189767599106 0.3928750930354
-9999 -9999 -9999 -9999 -9999 -9999 -9999 -9999 -9999 -9999 -9999 -9999 -9999 -9999 -9999 -9999 -9999 -9999 -9999 -9999 -9999 -9999 -9999 -9999 1.31647038459778 1.4739690721035 1.36588644104845 1.17352354351212 1.06171945855021 1.05847885012627 0.94633521437645 0.90704637169838 0.89244379401207 0.86003485918045 0.790062222629786 0.773073004558682 0.76454734057188 0.732361401705181 0.733301740139723 0.731679053977132 0.762059211730957 0.732261590659618 0.699873693287373 0.682975843548775 0.694735564291477 0.703017694875598 0.693937428295612 0.683183150365949 0.663022801280022 0.631429441273212 0.620825506746769 0.574095256626606 0.558454781770706 0.479655375704169 0.492387866601348 0.419754596427083 0.408588068559766 0.401870389468968 0.402341687120497 0.396220145747066 0.389934713020921 0.388893839903176
-9999 -9999 -9999 -9999 -9999 -9999 -9999 -9999 -9999 -9999 -9999 -9999 -9999 -9999 -9999 -9999 -9999 -9999 -9999 -9999 -9999 -9999 -9999 1.50594073534012 2.00072667002678 1.46711086350329 1.44933868050575 1.22113118171692 1.04440112113953 0.96530202627182 0.943179678916931 0.927632409334183 0.90018196105957 0.919830989837646 0.917008930444717 0.787542533129454 0.778892956674099 0.737755313515663 0.743956357240677 0.769475217908621 0.74596537090838 0.703602807596326 0.705532411113381 0.708041382953525 0.723779283463955 0.713577188551426 0.725123293697834 0.705182299017906 0.665599532425404 0.608175611123443 0.436222958564758 0.408282604813576 0.390125203132629 0.459467701613903 0.440932670608163 0.443777231499553 0.436677608639002 0.434636794030666 0.409035360440612 0.394732626155019 0.395284574478865 0.396394936367869
-9999 -9999 -9999 -9999 -9999 -9999 -9999 -9999 -9999 -9999 -9999 -9999 -9999 -9999 -9999 -9999 -9999 -9999 -9999 -9999 -9999 -9999 2.83377447335616 2.01284848075164 2.23150515556335 1.45627920329571 1.34570768661797 1.2609893321991 1.16775683760643 1.04916220903397 0.973635286092758 0.992502123117447 0.885300155729055 0.910550370812416 0.927899915724993 0.828320729732513 0.756025737524032 0.753513932228088 0.74149888381362 0.759714178740978 0.779054336249828 0.752002520486712 0.759075589478016 0.745288889855146 0.745592219755054 0.708188167214394 0.737208081409335 0.716597026214004 0.693866729736328 0.687176417559385 0.426561656594276 0.42688452899456 0.672823280096054 0.676306262612343 0.680586397647858 0.650909526273608 0.538223845884204 0.558795416727662 0.485487079247832 0.401888757012784 0.388858965598047 0.392688296735287
-9999 -9999 -9999 -9999 -9999 -9999 -9999 -9999 -9999 -9999 -9999 -9999 -9999 -9999 -9999 -9999 -9999 -9999 -9999 -9999 2.64602583646774 7.59696614742279 2.70744050250334 2.92138421184876 2.22917881082086 1.27855422566919 1.17042824625969 1.1914125919342 1.32786610126495 0.918426733464003 0.900785431265831 0.932217758148909 0.972374651581049 0.974847983568907 0.934781038761139 0.893661093711853 0.833677250146866 0.804713004827499 0.767305225133896 0.779598742723465 0.854639452695847 0.658839596169336 0.669711690928255 0.682627459721906 0.713817536830902 0.705757212638855 0.734384909272194 0.705000875517726 0.679002078250051 0.663231046870351 0.670310558751225 0.725543104112148 0.840951517224312 1.03490202873945 0.95824334397912 0.814966013655066 0.783847209066153 0.745958235114813 0.61022225394845 0.465879332274199 0.42879931256175 0.285815453529358
-9999 -9999 -9999 -9999 -9999 -9999 -9999 -9999 -9999 -9999 -9999 -9999 -9999 -9999 -9999 -9999 -9999 -9999 -9999 -9999 2.41141646532156 2.57875466346741 2.27970695846221 1.90023991290261 1.44693702809951 1.25641252188122 1.04143842682242 1.36574059724808 1.31821400523186 1.25568153858185 1.02067614793777 1.10339077115059 1.08906128576824 0.938040041923523 0.919438487291336 0.882929742336273 0.863015496730804 0.850122982263565 0.803965139389038 0.8010986328125 0.740341972027506 0.734476539705481 0.715531177818775 0.774711853265762 0.73132284624236 0.713034504226276 0.692108931285994 0.65451041502612 0.623347501669611 0.592028416693211 0.576625654101372 0.538021323084831 0.48067347407341 0.446297749876976 0.437326264381409 0.484053638577461 0.497876346111298 0.48476933836937 0.477975386381149 0.427851989865303 0.381290552020073 0.359514981508255
-9999 -9999 -9999 -9999 -9999 -9999 -9999 -9999 -9999 -9999 -9999 -9999 -9999 -9999 -9999 -9999 -9999 -9999 -9999 3.39524982869625 3.12124345872713 2.42625059770501 1.94091961781184 1.70050243536631 1.15195898799335 0.948569901287556 0.903877817094326 0.932073041796684 0.918579585850239 0.983791742473841 0.981042891740799 0.983308809144156 0.978676493678774 0.928335177898407 0.943345481157303 0.920660662651062 0.892527443170547 0.867938983440399 0.853244834712574 0.871444778782981 0.87509243616036 0.859489419630596 0.789305058973176 0.756826748805387 0.647415429353714 0.577895739248821 0.613859343741621 0.622850143483707 0.599090800753662 0.596217040504728 0.590222692915372 0.583855368196964 0.575342474239213 0.565142208976405 0.554874958736556 0.517102766036987 0.527864155173302 0.547588196396828 0.544221362471581 0.533635854721069 0.4655652821064 0.403596720099449
-9999 -9999 -9999 -9999 -9999 -9999 -9999 -9999 -9999 -9999 -9999 -9999 -9999 -9999 -9999 -9999 -9999 7.59418764710426 6.91282117366791 2.98484331887701 2.29123902948279 2.07229276393589 1.80819651641344 2.12412798404694 1.1843687966466 1.13718093931675 1.13900732249022 1.0409769192338 1.03057055175304 1.01452292874455 0.965865433216095 0.928937060492379 0.919003952826772 0.89359375834465 0.896083223819733 0.929729270935059 0.935150480270386 0.803492718509265 0.823156139680317 0.880004474094936 0.893219864794186 0.884408999766622 0.861346664173262 0.801747085792678 0.751945907516139 0.719801062984126 0.710992857813835 0.613114203725542 0.599818244576454 0.576540166778224 0.586926056870392 0.589108694876943 0.584994368255138 0.589343905448914 0.609888745205743 0.601825175540788 0.58438291400671 0.60233042708465 0.570009476372174 0.536038462604795 0.500583561403411 0.439795431494713
-9999 -9999 -9999 -9999 -9999 -9999 -9999 -9999 -9999 -9999 -9999 -9999 -9999 -9999 -9999 -9999 -9999 8.77908186614513 2.0646940022707 1.97007114440203 1.39632066339254 1.62195441126823 1.51204282790422 1.29704212769866 0.973308574408293 1.06872230395675 1.08989978581667 1.02593383938074 1.05876377597451 1.00684012770653 0.955898721303259 0.908356157796724 0.8487483220441 0.843453693389893 0.825400394201279 0.801199370622635 0.831101030111313 0.881014430522919 0.866944210869925 0.87064425434385 0.882302929248129 0.863936867032732 0.864526352712086 0.831831668104444 0.788733403597559 0.73996315151453 0.959758687019348 0.983617681264877 0.970144897699356 1.13472238779068 0.563889358724867 0.581425293215684 0.589789081897054 0.586666144430637 0.594896355909961 0.618859214442117 0.639479759548392 0.637788000915732 0.612256040530545 0.553976188812937 0.501198502523558 0.484267090048109
-9999 -9999 -9999 -9999 -9999 -9999 -9999 -9999 -9999 -9999 -9999 -9999 -9999 -9999 -9999 -9999 -9999 -9999 -9999 2.37813466787338 1.60768673568964 1.55601462721825 1.20804651975632 1.23715730905533 1.06613145768642 1.03783682361245 1.00701557099819 0.9954490698874 0.934648837362017 0.928152757031577 0.932062312960625 0.869974417345865 0.696697453302996 0.896938842535019 0.86876078248024 0.84723938703537 0.665815351264817 0.708321534097195 0.80037046117442 0.892931667821748 0.894090663109507 0.877659093056406 0.850241776023592 0.840651530027389 0.790786902819361 0.744415714272431 0.707960189453193 1.9703847527504 2.26040494441986 0.709724243198122 0.691583205546652 0.657720061285155 0.660666831902095 0.665414127920355 0.658664872603757 0.653451482100146 0.644579545727798 0.654865622520447 0.64996459122215 0.587198029671397 0.530719239796911 0.45923603538956
-9999 -9999 -9999 -9999 -9999 -9999 -9999 -9999 -9999 -9999 -9999 -9999 -9999 -9999 -9999 4.5160541863277 2.53258372843266 1.59175835988101 1.88087951391935 1.86760803312063 1.52463009427575 1.20510018244386 1.20712128281593 1.19670715928078 1.158343244344 1.04154105484486 1.06103160604835 1.07535906136036 0.94686416387558 0.871043648038592 0.859340895499502 0.8614730153765 0.946075677871704 0.9867899954319 1.02158141732216 0.98464332818985 0.895268893241882 0.916028755903244 0.814666820423944 0.870428713304656 0.884753363473075 0.895831129380635 0.886453396081925 0.871179093207632 0.885537456188883 1.18771390318871 1.82541527748108 6.17311674356461 0.707961275109223 0.709137280072485 0.712049207517079 0.710472333644118 0.713408691542489 0.745409836726529 0.741995151553835 0.717366322875023 0.697597069399697 0.681398838758469 0.70643802945103 0.589601368776389 0.539584815502167 0.499022036790848
-9999 -9999 -9999 -9999 -9999 -9999 -9999 -9999 -9999 -9999 35.2986888885498 35.2986888885498 13.7248649597168 1.91971495002508 2.00157694816589 2.00838271379471 1.99125275611877 2.03451223373413 2.01119517087936 1.88257927894592 1.61051403284073 1.21725060045719 1.21964723244309 1.18433130159974 1.10624893382192 1.08850705996156 1.10379881411791 0.94261953830719 0.972212547063827 0.962190562486648 0.636870059583868 0.626547705914293 0.881410843133926 0.863069379329681 0.940299069881439 0.951974493265152 0.925987964868546 0.917557245492935 0.950878590345383 0.893206322193146 0.909301108121872 0.949911487102509 0.972588032484055 0.936762418065752 0.904925127114568 0.853211575320789 0.835836895874568 0.839454563600676 0.830745328749929 0.797046412314687 0.776759671313422 0.785598999687603 0.785276987722942 0.793009125760623 0.788918712309429 0.704342164099216 0.674301570015294 0.684477714555604 0.677805084202971 0.573921641068799 0.549555882811546 0.574691291366305
-9999 -9999 -9999 -9999 -9999 -9999 -9999 -9999 -9999 -9999 35.2986888885498 5.96694883145392 3.042539678514 2.98482202738523 2.67821934223175 2.86511151790619 2.54317457675934 15.2678449630737 20.3027354855286 2.90606009960175 1.5891679264605 1.30361111164093 1.25489730834961 1.0918355345726 1.10463005304337 1.12626526504755 1.18636039495468 0.927838536245482 0.881208964756557 0.838537529110909 0.717713528445789 0.667720798935209 1.11444565057755 0.845037931203842 0.811521011590958 0.890923479571939 0.848219582012722 0.866078968558993 0.867400544030326 0.90385151548045 0.964742708206177 0.93332642529692 0.960691483957427 0.913247695990971 0.879662850073406 0.850942771349634 0.775145613721439 0.90140577512128 0.833806093250002 0.831655185137476 0.82825380563736 0.834602051547595 0.825445315667561 0.718753420880863 0.676547680582319 0.650449010942663 0.666689077658313 0.693807746682848 0.56266475468874 0.476034959512098 0.93767694234848 1.04660618901253
-9999 -9999 -9999 -9999 -9999 -9999 -9999 -9999 -9999 -9999 -9999 -9999 -9999 3.25961179286242 3.30793605744839 3.3207246735692 7.64567255973816 -9999 -9999 -9999 -9999 -9999 1.12591450214386 1.14031907320023 1.72205391526222 0.99550176858902 0.980370771884918 1.71745039522648 1.36611872485706 1.00203878326075 0.960604318550655 0.890980635370527 0.789343842438289 0.71732089136328 0.575246422418526 0.622354525540556 0.666368965591703 0.757322098527636 0.866238496133259 0.856432454926627 0.851508117147854 0.889036749090467 0.905916784490858 0.828834139875003 0.798147069556372 0.775802077991622 0.713101125189236 0.653083955602986 0.792970348681722 0.805582427552768 0.844360719834055 0.814721486398152 0.786143385938236 0.672875449061394 0.715739709990365 0.794143119028636 0.791942858270236 0.799053496548108 0.449233135581017 0.666298251066889 0.674211945916925 0.670600067291941
-9999 -9999 -9999 -9999 -9999 -9999 -9999 -9999 -9999 -9999 -9999 -9999 -9999 16.6274771690369 16.6274771690369 16.6274771690369 -9999 -9999 -9999 -9999 -9999 -9999 4.94490551948547 4.94490551948547 4.94490551948547 0.308659605681896 1.15839600563049 1.14259389638901 1.01123087406158 0.935290606958525 0.963015030537333 0.925296466265406 0.862222482051168 0.822453726615225 0.791078931518963 0.702669222440038 0.759942354900496 0.770833129329341 0.767366242408752 0.729989303009851 0.711265402180808 0.769728218870504 0.801906875201634 0.802248888782093 0.958707774057984 1.05612430348992 1.03028577379882 0.789364527378764 1.29963457371507 1.69183759178434 1.07121815213135 1.17681012409074 0.71855396351644 0.704579242638179 0.750002554484776 0.727693038327353 0.736701163862433 0.86752119474113 0.88558123447001 0.675394423305988 0.65240782818624 0.695688648947648
-9999 -9999 -9999 -9999 -9999 -9999 -9999 -9999 -9999 -9999 -9999 -9999 -9999 -9999 -9999 -9999 -9999 -9999 -9999 -9999 -9999 -9999 -9999 -9999 -9999 -9999 1.52875186800957 1.4632927775383 1.38678789138794 1.12220520973206 0.900193876453808 0.787421719171107 0.857485106214881 1.0211670845747 0.677897417545319 0.743605929613113 0.661649334430695 0.683945858478546 0.728412109613419 0.694228452444076 0.697724694013595 0.807448893785477 0.845802533626556 0.737617811560631 0.529293613774436 0.490059927105904 0.471155408237662 0.545572409672397 0.623970869396414 0.610497961086886 1.26347783420767 1.27355109368052 1.02906624759947 0.794218546577862 0.532932084585939 0.477096970592226 0.666422217019967 0.794096972261156 0.694401642041547 0.636857271194458 0.611500436706202 0.688817848052297
-9999 -9999 -9999 -9999 -9999 -9999 -9999 -9999 -9999 -9999 -9999 -9999 -9999 -9999 -9999 -9999 -9999 -9999 -9999 -9999 -9999 -9999 -9999 -9999 -9999 -9999 -9999 15.0286116600037 2.00026708841324 2.43083077669144 2.4173201546073 1.18437754406649 1.13550933669595 1.00755274646422 0.86365985344438 0.6609938621521 0.661258620023727 0.909800872206688 0.684141099452972 0.678900450468063 0.692688393592835 0.690839925408363 0.708268982172012 0.318281893219267 0.334077075655971 0.323403386133058 0.315762136663709 0.563105361802237 0.566402186240469 0.659696239233017 1.21542311566217 1.07289909252099 0.938316968934877 0.792395065937723 0.987950205802917 1.00236622989178 0.711556140865598 0.635505268616336 0.593249779726778 0.548515281506947 0.501508578658104 0.475323311984539
