EcologicalScience/Bass/data/rs_data_bass/chl_401.asc
NCOLS 226 
NROWS 124 
XLLCORNER -9.41648524995501 
YLLCORNER 47.587301625531 
CELLSIZE 0.0833 
NODATA_value -9999 
[rows 54 to 80 of 124, columns 124 to 185 of 226]
3.1927102804184 3.22784864902496 3.10887515544891 3.05454361438751 3.16211414337158 3.53952062129974 3.75889813899994 2.82280433177948 2.62009656429291 2.30715304613113 2.57737952470779 2.47130477428436 1.50449627637863 1.42752787470818 1.44238986074924 1.91041052341461 1.43538522720337 0.695478737354279 1.39131934940815 1.63470447063446 1.58670902252197 1.60608458518982 1.5917272567749 1.99136924743652 2.04455208778381 2.08853781223297 2.11700320243835 2.08512800931931 2.14913432300091 2.0930308252573 2.05823475122452 1.94414931535721 1.94398194551468 2.17866379022598 2.75025522708893 2.5679138302803 2.62476593255997 2.70990908145905 2.64912521839142 2.02435576915741 1.84200596809387 1.68848544359207 1.23582561314106 1.30249124765396 1.27569374442101 1.78398129343987 1.6067715883255 1.4955689907074 1.45522499084473 3.03168605268002 2.87344501912594 4.71551245450974 4.47879669883034 6.21853065490723 7.92281484603882 10.4517860412598 7.35645348292131 7.79536041388145 7.56998543813825 10.0960828607733 -9999 -9999
3.45700335502625 3.92048263549805 3.16160988807678 2.9907014966011 3.03027892112732 3.28618347644806 3.70204961299896 3.29500257968903 2.93880218267441 2.7816606760025 2.82516306638718 2.76093220710754 3.26807641983032 3.70589160919189 1.52954578399658 2.76646274328232 2.35376250743866 2.05004918575287 1.67937451601028 1.56045681238174 1.59442126750946 1.78788077831268 2.19552683830261 2.0625476539135 2.11792498826981 2.14535629749298 2.03581202030182 1.97750544548035 1.98782247304916 2.00581866502762 2.07142496109009 2.03318774700165 2.15673816204071 1.88264179229736 1.88358306884766 1.75791907310486 1.71947211027145 1.60804049670696 1.15880546718836 1.43003024160862 1.38821808993816 1.36914972960949 1.50176328420639 1.68075862526894 1.98215241730213 2.18970161676407 2.47492875158787 2.96484017372131 3.07444185018539 3.26106225550175 3.84952286156741 3.94310984015465 3.92914178967476 6.69625997543335 11.6632740497589 19.2456531789568 10.5720698833466 -9999 -9999 -9999 -9999 -9999
3.4036613702774 3.37713217735291 3.58068358898163 3.1434473991394 3.17362725734711 3.58476984500885 3.68172061443329 3.43743968009949 3.05928432941437 2.79097419977188 2.62733548879623 2.55706429481506 3.32996320724487 3.37565338611603 3.06550347805023 2.57456320524216 2.28985279798508 1.79613983631134 1.62824928760529 1.78051346540451 1.58533269166946 1.68034207820892 2.13175195455551 2.07239556312561 1.63745775818825 1.72139847278595 1.85229563713074 1.84183430671692 1.8945164680481 1.97630327939987 1.82856000959873 1.85589677095413 1.39089488983154 1.52170577645302 1.15477763861418 1.17659097164869 1.17913627624512 0.999399572610855 1.01095106452703 1.52600817382336 1.5680523365736 1.53985722362995 1.54926636815071 1.78882050514221 2.07624471187592 2.40215128660202 2.78812091052532 2.98394172415137 3.56350503184579 4.11392533779144 4.14054429531097 5.3517758846283 16.913423538208 5.88183387688228 -9999 -9999 -9999 -9999 -9999 -9999 -9999 -9999
3.32440960407257 3.5742119550705 3.55555558204651 3.59571969509125 3.66269338130951 3.8303986787796 3.86448311805725 3.55740737915039 3.43398213386536 3.17038357257843 2.98381358385086 3.00426292419434 3.313800573349 3.70785892009735 3.30771446228027 3.04870212078094 2.26893299818039 1.88291466236115 1.73182117938995 1.68453526496887 1.93186545372009 2.07509952783585 1.97566317021847 2.45791643857956 2.42295151948929 2.27724820375443 2.03843021392822 2.0086664557457 1.79418969154358 1.80837070941925 1.51459110528231 1.31864565610886 1.18293486535549 1.19667191058397 1.16534923017025 1.16782908886671 1.10252963751554 1.04876156151295 1.03702030330896 1.1296397075057 1.65429711341858 1.5105120241642 1.55899101495743 1.7683402299881 2.41373308002949 2.99370919167995 3.72915879885356 7.76853669741574 5.05432212352753 5.93427157402039 6.03283524513245 5.90530121326447 6.82637643814087 -9999 -9999 -9999 -9999 -9999 -9999 -9999 -9999 -9999
7.35302424430847 5.45697069168091 4.3321852684021 4.65785694122314 4.21248364448547 4.64971733093262 3.84110248088837 3.62418687343597 3.47838091850281 3.4520355463028 3.35737359523773 3.33820724487305 3.3208304643631 3.1671359539032 3.00294828414917 2.51391381025314 2.39227956533432 2.01619058847427 1.9055939912796 1.8058454990387 2.23479831218719 1.99802094697952 1.79761880636215 2.06225395202637 2.24193745851517 2.10445725917816 1.91363918781281 1.77978068590164 1.75146818161011 1.33193908631802 1.3349926918745 1.31079711019993 1.18097754567862 1.169678427279 1.20280896127224 1.30304773896933 1.140519708395 1.13130826503038 1.4970967322588 1.54733254015446 1.43447944521904 1.7678362056613 2.07501947879791 2.40311644971371 2.96195013821125 3.77879128932953 8.03211797986712 5.37365698814392 5.84409141540527 5.59256780147552 5.63879692554474 5.89792728424072 66.7481595611572 -9999 -9999 -9999 -9999 -9999 -9999 -9999 -9999 -9999
8.33642656238455 9.90847492218018 9.1819896697998 8.63023853302002 6.95260119438171 6.82384085655212 5.15648853778839 4.57829940319061 4.07059586048126 3.82573413848877 3.57929313182831 3.88363122940063 3.75364565849304 3.30281782150269 2.74135655164719 2.40461933612823 2.18580150604248 2.0517246723175 2.03095954656601 1.87327355146408 1.82502901554108 1.76268750429153 1.805240213871 1.75597947835922 1.8651727437973 1.80680394172668 1.67600548267365 1.68166798353195 1.68201524019241 1.49288137257099 1.42736627161503 1.26157819479704 1.28852232545614 1.52506345510483 1.53442507982254 1.49553152918816 1.52497494220734 1.09784495830536 1.1807317212224 1.23258394002914 1.49257915467024 1.51795618236065 1.84700810909271 2.37553802132607 3.04814672470093 -9999 6.38543030619621 3.82635891437531 6.33509087562561 6.30412817001343 50.6887568664551 50.6319129777991 60.2279182434082 62.7032242584228 -9999 -9999 -9999 -9999 -9999 -9999 -9999 -9999
-9999 -9999 -9999 -9999 -9999 2.28387522697449 6.99683332443237 7.09785604476929 6.50357365608215 5.18361818790436 4.53375005722046 4.22243463993073 4.43687760829926 4.29646718502045 4.00882351398468 2.35455983877182 2.17690873146057 2.0404559969902 2.13210672140121 1.87283778190613 1.48564347624779 1.62363302707672 1.65383917093277 1.57982933521271 1.6747425198555 1.77547341585159 1.65941619873047 1.52823078632355 1.63498874008656 1.50182475149632 1.80175191164017 1.78062522411346 1.87761908769608 1.68004041910172 1.57741731405258 1.36805471777916 1.80730658769608 1.59686100482941 1.46406635642052 2.89071518182755 3.85867953300476 1.40341950953007 1.90849390625954 3.03857544064522 3.93190759420395 13.0765304519135 -9999 -9999 -9999 -9999 47.3895865631103 43.8570407867432 29.5854727288951 58.9495129267375 -9999 -9999 -9999 -9999 -9999 -9999 -9999 -9999
-9999 -9999 -9999 -9999 -9999 -9999 -9999 -9999 9.28069353103638 5.81158876419067 4.51231956481934 4.41420006752014 4.15322935581207 3.87173330783844 3.87637960910797 2.28357607126236 2.15078616142273 1.89312905073166 1.647829413414 1.2067499756813 1.3758847117424 1.48982548713684 1.3796249628067 1.45612272620201 1.65050321817398 1.8764106631279 1.69843947887421 1.40461762994528 1.38766443729401 1.28856338560581 1.0241838480745 0.965236759185791 1.29786153137684 1.35581740736961 1.38369058817625 1.41673985123634 1.24745381623507 1.08143178373575 1.1834491789341 2.01849335432053 2.09008553624153 1.97257965803146 2.2631476521492 4.23514831066132 15.2500773668289 29.0682649612427 -9999 -9999 -9999 -9999 17.548882484436 23.9397003100469 55.671560049057 34.7902221679688 27.2154709339142 34.2288786814763 -9999 -9999 -9999 -9999 -9999 -9999
-9999 -9999 -9999 -9999 -9999 -9999 -9999 -9999 -9999 -9999 5.81924414634705 4.61601984500885 4.33077371120453 3.41281199455261 3.26829743385315 2.04821330308914 1.37770879268646 1.40378925204277 1.28483399748802 1.21904325485229 0.876077234745026 0.972649544477463 1.35230550169945 1.63912117481232 1.96200907230377 1.41160330921412 1.38393147289753 1.61412379145622 1.65867447853088 1.14230183192662 0.691899436712265 1.25806872546673 1.16666400432587 1.277040168643 1.39684257656336 1.34054978191853 0.973199422160784 0.815943787495295 1.33970830589533 2.06273607909679 2.48741984367371 2.28528022766113 3.02769519388676 4.48928654193878 11.231041160602 -9999 -9999 -9999 -9999 -9999 -9999 -9999 9.09750851189218 46.3552787303925 26.6855278015137 40.418480014801 10.8786277770996 -9999 -9999 -9999 -9999 -9999
-9999 -9999 -9999 -9999 -9999 -9999 -9999 -9999 -9999 4.3704868555069 5.86727392673492 5.69295001029968 5.14159655570984 4.58463299274445 3.84659171104431 2.73199421167374 1.97509807348251 1.36384570598602 0.971660256385803 0.863894283771515 0.850804477930069 0.889760255813599 1.14150300621986 1.38335247337818 1.59210710227489 1.56212809681892 1.56580759584904 1.59381821751595 1.487942263484 1.31994299590588 1.31515122950077 1.27146747708321 1.09356075525284 1.11883838474751 1.37868836224079 1.12121653854847 0.960366308689117 1.18811461826166 1.66735104471445 1.98889970779419 2.1711557507515 2.54317796230316 3.71561881899834 4.71970751881599 15.140158826865 33.0447750091553 -9999 -9999 -9999 15.5908122062683 9.52693000706759 13.2677595019341 10.4931532144547 25.0403909683228 26.2175521850586 31.2220373153687 15.679113705953 -9999 -9999 -9999 -9999 -9999
-9999 -9999 -9999 -9999 -9999 -9999 -9999 -9999 -9999 -9999 6.47380328178406 5.88235437870026 5.46143174171448 5.71836447715759 3.1454758644104 1.95738530158997 1.90923678874969 1.54390043020248 0.955989718437195 0.808211266994476 1.02315071225166 1.10373821854591 1.12424701452255 1.38863508403301 1.52028594911098 1.17563080787659 1.02986890822649 1.37021662294865 1.27457736432552 1.29334084689617 1.3390147536993 1.2867832928896 1.18378463387489 1.27211090773344 1.28779381066561 1.08406552523375 0.962252698838711 1.42952636310032 1.29407219588757 1.48742569237947 1.42470601201057 3.22716942429543 4.39083784818649 5.98959901034832 7.82142997019499 -9999 -9999 -9999 -9999 -9999 9.7611243724823 11.5616015195847 10.7866616249084 9.85651105642319 8.79999804496765 -9999 -9999 -9999 -9999 -9999 -9999 -9999
-9999 -9999 -9999 -9999 -9999 -9999 -9999 -9999 -9999 3.67937564849854 6.72665762901306 5.64822220802307 4.33976233005524 3.15254867076874 2.0900257229805 1.94800651073456 1.91316533088684 1.94068658351898 1.65081757307053 1.21419149637222 1.20559349656105 1.32669299840927 1.26379278302193 1.61341792345047 1.61235970258713 1.76527798175812 0.807585753500462 0.810414008796215 0.878970198333263 0.907522715628147 0.926925273104148 1.03395475176248 1.13871270641685 1.2078606401171 1.19887600626264 1.3484115089689 1.54547963823591 1.59024298191071 1.87422096729279 2.01918280124664 2.02995389699936 3.41055947542191 3.84968984127045 6.39277023713566 3.86466658115387 -9999 -9999 -9999 -9999 -9999 12.236520409584 11.5799841284752 11.6465620994568 19.3071100323699 -9999 -9999 -9999 -9999 -9999 -9999 -9999 -9999
-9999 -9999 -9999 -9999 -9999 -9999 -9999 -9999 -9999 12.2158813476562 9.91066217422485 6.3117299079895 3.86556386947632 2.55474829673767 2.0589644908905 2.23362296819687 2.08015716075897 2.11013317108154 1.80382508039474 1.44424349069595 1.4704327583313 1.02129077911377 1.26694759726524 1.15616315603256 1.22504420984875 0.975242838263512 0.848831444978714 0.867832705378532 0.922907039523125 1.17961353063583 0.978174716234207 1.07133086238589 1.23811554908752 1.16784430401666 1.23262826034001 1.4526105388999 1.79832971096039 1.75806433260441 1.88110689818859 3.30234217643738 3.17600798606873 4.55791872739792 4.91822791099548 8.66637828743574 3.86466693878174 -9999 -9999 -9999 -9999 12.1949715614319 -9999 -9999 -9999 -9999 -9999 -9999 -9999 -9999 -9999 -9999 -9999 -9999
-9999 -9999 -9999 -9999 -9999 -9999 -9999 -9999 -9999 10.4123868942261 7.57616829872131 5.50731360912323 4.16607820987701 2.88814204931259 2.26976770162582 1.91585844755173 1.8344219326973 1.93642491102219 1.55986493825912 2.13697957992554 1.05409088730812 1.03109550476074 1.04176953434944 1.51689380407333 1.27121260220354 0.985651306807995 0.824187934398651 1.07248516380787 0.970535544972671 1.09883341938257 1.13067354261875 1.22445150464773 1.25912533700466 1.29781577736139 1.40462717413902 1.51026486754417 1.85550461411476 2.44381937384605 3.03680263459682 4.39066395163536 6.45733867585659 6.5057288557291 8.17204204602028 -9999 -9999 -9999 -9999 -9999 -9999 -9999 -9999 -9999 -9999 -9999 -9999 -9999 -9999 -9999 -9999 -9999 -9999 -9999
-9999 -9999 -9999 -9999 -9999 -9999 -9999 -9999 19.5911469595773 8.11406278610229 5.65614902973175 4.12110435962677 3.76259994506836 2.25328356027603 2.55778133869171 2.14688926935196 1.68329107761383 1.5796417593956 1.62523126602173 1.58653199672699 1.09608801792968 1.15253493189812 1.60962080955505 1.50936895608902 1.53923894600435 1.35380174355073 0.986993019282818 1.34276103973389 1.44486075639725 1.47507226467133 1.40841302275658 1.30306204611605 1.48613253235817 1.50456596910954 1.46717845648527 1.68750263750553 2.35032843053341 3.55759991705418 4.33673027157784 5.21445831656456 5.98247703909874 8.546199853303 13.470346570015 -9999 -9999 -9999 -9999 -9999 -9999 -9999 -9999 -9999 -9999 -9999 -9999 -9999 -9999 -9999 -9999 -9999 -9999 -9999
-9999 -9999 -9999 -9999 -9999 -9999 -9999 3.28386068344116 3.22151327133179 4.48046100139618 3.47458791732788 3.06345963478088 2.91400426626205 1.96025329828262 2.074373960495 2.00478833913803 1.55184441804886 1.45639649033546 1.48495575785637 1.41094279289246 1.15077171474695 1.29133837670088 1.66588801145554 1.66022551059723 1.49632309377193 1.35526013374329 1.44263322651386 1.17290390350602 1.71111971139908 1.34586038914594 1.18455927936654 1.28665116971189 1.50951634347439 1.76821804046631 1.82432323694229 2.61327861249447 3.1522291302681 3.51052902638912 4.06069546937943 4.84970457851887 19.7052693968838 5.69786846637726 3.25656187534332 -9999 -9999 -9999 -9999 -9999 -9999 -9999 -9999 -9999 -9999 -9999 -9999 -9999 -9999 -9999 -9999 -9999 -9999 -9999
-9999 -9999 -9999 -9999 -9999 -9999 4.26674859864371 5.14738798141479 5.03888547420502 3.93697428703308 3.44054853916168 3.32771480083466 3.37286460399628 2.29235029220581 1.8241919875145 1.96646100282669 1.84071743488312 1.42431002855301 1.44095402956009 1.52604979276657 1.45263227820396 1.56494522094727 1.52741199731827 1.51130622625351 1.38242753595114 1.81563144922256 1.30254879750704 1.46714101731777 1.49190623666111 1.38438399214494 1.32662845599024 1.54712100327015 1.78705537319183 2.01064985990524 2.25036719441414 2.90016263723373 3.28902983665466 3.50023430585861 4.20387741923332 -9999 -9999 -9999 -9999 -9999 -9999 -9999 -9999 -9999 -9999 -9999 -9999 -9999 -9999 -9999 -9999 -9999 -9999 -9999 -9999 -9999 -9999 -9999
-9999 -9999 -9999 -9999 4.07057476043701 3.64501801558903 3.48929062485695 3.96695244312286 3.48316812515259 3.03141367435455 2.72316008806229 2.7549877166748 2.86043930053711 2.42384397983551 2.12924855947495 1.77966070175171 1.67426025867462 1.21097329258919 1.34893271327019 1.37315960973501 1.57159501314163 1.54823273420334 1.58078002929688 1.64185446500778 1.73385156691074 1.75152792781591 1.76857727766037 1.56640284061432 1.61738716363907 1.53031714025297 1.92788122829638 2.50297763943672 2.40475156903267 2.79327785968781 3.00390118360519 3.24674588441849 5.04238993471319 4.27229736068032 -9999 -9999 -9999 -9999 -9999 -9999 -9999 -9999 -9999 -9999 -9999 -9999 -9999 -9999 -9999 -9999 -9999 -9999 -9999 -9999 -9999 -9999 -9999 -9999
-9999 -9999 -9999 -9999 4.0084936107908 3.67665043473244 3.92339766025543 3.81499886512756 3.43936336040497 3.06085431575775 2.75983053445816 2.48450553417206 2.78612619638443 1.87792718410492 1.82618933916092 1.63149458169937 1.73189699649811 1.39939650893211 1.52735316753387 1.39943128824234 1.42231351137161 1.54229497909546 1.69491547346115 1.84715477228165 1.58564919233322 2.09160679578781 1.64022079110146 1.76735660433769 1.91508337855339 2.61081227660179 2.91044399142265 2.78564509749413 2.83284996449947 3.02385082840919 3.68676263093948 5.66211801767349 18.1525529623032 -9999 -9999 -9999 -9999 -9999 -9999 -9999 -9999 -9999 -9999 -9999 -9999 -9999 -9999 -9999 -9999 -9999 -9999 -9999 -9999 -9999 -9999 -9999 -9999 -9999
-9999 56.6641895571234 3.18010997772217 4.43011808395386 4.02758395671844 3.71203136444092 3.57976877689362 3.47664964199066 3.38698947429657 2.85383856296539 2.48614132404327 2.30109071731567 2.39920270442963 1.91443204879761 1.60931253433228 1.6768627166748 1.46720623970032 1.34743834286928 1.58099395036697 1.51330953836441 1.33959969878197 1.61922299861908 1.22505453228951 1.32546749711037 1.47245854139328 1.74345678091049 1.2695092856884 1.20678895711899 1.24766251444817 2.72162845730782 2.97044134140015 3.11432406306267 3.27996522188187 3.740144982934 3.18030377626419 45.3236430097134 -9999 -9999 -9999 -9999 -9999 -9999 -9999 -9999 -9999 -9999 -9999 -9999 -9999 -9999 -9999 -9999 -9999 -9999 -9999 -9999 -9999 -9999 -9999 -9999 -9999 -9999
3.88203268391745 3.81883603334427 4.07913158833981 4.20250868797302 3.54212093353271 3.31965136528015 3.17421662807465 3.19927561283112 3.3558794260025 3.01381123065948 2.54560196399689 1.94978392124176 1.80161333084106 1.59274649620056 1.58848947286606 1.79023718833923 1.42848098278046 1.3975670337677 1.4400494992733 1.51059758663177 1.68931424617767 1.83375799655914 1.38837978243828 1.40679153800011 1.5470489859581 1.16982597112656 1.19420251250267 1.273542791605 1.30920150876045 2.80648974180222 3.37108830213547 3.82691524922848 4.02487014234066 -9999 -9999 -9999 -9999 -9999 -9999 -9999 -9999 -9999 -9999 -9999 -9999 -9999 -9999 -9999 -9999 -9999 -9999 -9999 -9999 -9999 -9999 -9999 -9999 -9999 -9999 -9999 -9999 -9999
3.42274522781372 4.2356858253479 3.84890699386597 3.51405358314514 3.23855459690094 3.23413503170013 3.29201638698578 3.15393912792206 3.20109987258911 2.80068004131317 2.06291931867599 1.77252531051636 1.51149755716324 1.4500934779644 1.36913922429085 1.52653902769089 1.31972175836563 1.41361650824547 1.36082625389099 1.4829735159874 1.61478410661221 2.01592719554901 1.94687247276306 2.01573264598846 2.15995422005653 2.36296650767326 2.60428905487061 2.53984424471855 3.24072647094727 3.32548874616623 3.77192956209183 3.54690429568291 3.54635390639305 3.28228254043139 3.42410337318808 7.64329622731064 -9999 -9999 -9999 -9999 -9999 -9999 -9999 -9999 -9999 -9999 -9999 -9999 -9999 -9999 -9999 -9999 -9999 -9999 -9999 -9999 -9999 -9999 -9999 -9999 -9999 -9999
3.73233675956726 3.50227868556976 3.30769193172455 3.43089294433594 3.37549138069153 3.13999056816101 2.97710698843002 2.40251094102859 2.27465772628784 2.00959646701813 1.78061932325363 1.90715771913528 1.61108994483948 1.40498623251915 1.26196646690369 1.28133898973465 1.35267448425293 1.40563353896141 1.4724742770195 1.65723216533661 1.68907535076141 1.87974187731743 2.04926893115044 2.22702598571777 2.38908299803734 2.3977158665657 2.63496181368828 2.78188580274582 3.92517793178558 4.44006581198085 6.87386211048473 -9999 -9999 -9999 -9999 -9999 -9999 -9999 -9999 -9999 -9999 -9999 -9999 -9999 -9999 -9999 -9999 -9999 -9999 -9999 -9999 -9999 -9999 -9999 -9999 -9999 -9999 -9999 -9999 -9999 -9999 -9999
4.44130289554596 4.24618792533875 3.99949944019318 3.41410267353058 3.1952143907547 2.97798907756805 3.16046404838562 2.66630172729492 2.6403923034668 2.35050308704376 2.2803413271904 1.67280596494675 1.55697602033615 1.35572621226311 1.20653629302979 1.33415696024895 1.31621852517128 1.27057653665543 1.32893326878548 1.77325880527496 1.73683208227158 1.79834318161011 1.8648607134819 2.18454042077065 2.54424905776978 2.78832602500916 2.61373874545097 3.12299394607544 3.35312056541443 3.29552038013935 3.63689821958542 3.38711633889571 -9999 -9999 -9999 -9999 -9999 -9999 51.1124632908748 12.6942715644836 -9999 -9999 -9999 -9999 -9999 -9999 -9999 -9999 -9999 -9999 -9999 -9999 -9999 -9999 -9999 -9999 -9999 -9999 -9999 -9999 -9999 -9999
3.46892080307007 3.98409739136696 3.24046504497528 4.64123070240021 3.32973997592926 4.28690457344055 3.34523856639862 3.13480353355408 3.05179417133331 2.71293157339096 2.20874333381653 1.69728827476501 1.53687518835068 1.19357550144196 1.11431926488876 1.27476677298546 1.15326601266861 1.35375899076462 1.85727667808533 2.06252092123032 2.08108806610107 2.12589454650879 2.13235956430435 2.35422751307487 3.07783341407776 2.93318927288055 2.8158013522625 3.11421610414982 3.22557945549488 2.87823944091797 4.74064395288481 3.42093944549561 -9999 -9999 -9999 -9999 -9999 -9999 -9999 -9999 -9999 -9999 -9999 -9999 -9999 -9999 -9999 -9999 -9999 -9999 -9999 -9999 -9999 -9999 -9999 -9999 -9999 -9999 -9999 -9999 -9999 -9999
-9999 -9999 -9999 -9999 -9999 5.26283873044527 3.25838541984558 3.08668434619904 2.74669647216797 2.11387574672699 1.74978750944138 1.1818642616272 1.30118027329445 1.56846749782562 1.50332629680634 1.21203750371933 1.62768906354904 1.84174203872681 2.11557233333588 2.45109003782272 2.16899782419205 2.40334725379944 2.62017220258713 2.80344960093498 2.82799087464809 4.34711008071899 -9999 -9999 -9999 -9999 -9999 -9999 -9999 -9999 -9999 -9999 -9999 -9999 -9999 -9999 -9999 -9999 -9999 -9999 -9999 -9999 -9999 -9999 -9999 -9999 -9999 -9999 -9999 -9999 -9999 -9999 -9999 -9999 -9999 -9999 -9999 -9999
-9999 -9999 -9999 -9999 -9999 -9999 2.68469327688217 2.97379195690155 2.09456330537796 1.43036699295044 1.11080172657967 1.29080101847649 1.41998854279518 1.66644591093063 1.83508729934692 2.12536346912384 2.03289377689362 2.20235395431519 2.42612546682358 2.35386872291565 2.21780848503113 2.70052868127823 2.90167316794395 5.23115364105805 -9999 -9999 -9999 -9999 -9999 -9999 -9999 -9999 -9999 -9999 -9999 -9999 -9999 -9999 -9999 -9999 -9999 -9999 -9999 -9999 -9999 -9999 -9999 -9999 -9999 -9999 -9999 -9999 -9999 -9999 -9999 -9999 -9999 -9999 -9999 -9999 -9999 -9999
