EcologicalScience/Bass/data/rs_data_bass/chl_531.asc
NCOLS 226 
NROWS 124 
XLLCORNER -9.41648524995501 
YLLCORNER 47.587301625531 
CELLSIZE 0.0833 
NODATA_value -9999 
[rows 54 to 80 of 124, columns 122 to 182 of 226]
2.22688204050064 2.13677716255188 1.90262389183044 2.00083154439926 2.2433774471283 2.03540414571762 1.90314781665802 1.95149320363998 2.14205664396286 1.85897612571716 1.6429488658905 1.72246152162552 1.76379454135895 1.5924414396286 1.50967168807983 1.37734857201576 1.28396567702293 1.31042075157166 1.22751286625862 1.19910112023354 1.15540373325348 1.15093043446541 1.21605536341667 1.3087600171566 1.35795047879219 1.38267758488655 1.41732376813889 1.57691735029221 1.88019400835037 2.21475952863693 2.33493500947952 2.33423638343811 2.0164001584053 1.75332248210907 1.68515825271606 1.67470175027847 1.87613081932068 2.09537726640701 2.29161643981934 2.73709881305695 2.94085246324539 2.51700353622437 1.71441400051117 1.24763488769531 1.21575272083282 1.61960184574127 2.2418532371521 3.08713746070862 3.80531322956085 3.58801352977753 3.83255696296692 3.23989641666412 4.67577230930328 8.32629704475403 10.8752338886261 12.0815434455872 7.82184619903564 6.90317716598511 6.35410537719727 10.6188192026956 9.00700807571411
2.20086461305618 2.43114066123962 2.6180607676506 2.37516117095947 2.23790413141251 2.0168262720108 1.8097175359726 1.73075026273727 1.99387818574905 2.19177603721619 1.72046792507172 1.59512221813202 1.72688466310501 1.56264227628708 1.5031406879425 1.52638274431229 1.47352641820908 1.44582661986351 1.40882134437561 1.51159572601318 1.2761008143425 1.18832990527153 1.22284153103828 1.2923526763916 1.3121455013752 1.32156684994698 1.31319272518158 1.58197599649429 1.94372391700745 2.16832029819489 2.23427903652191 2.30187445878983 2.09036260843277 1.8434396982193 1.75652307271957 1.63673490285873 1.59749686717987 1.56856244802475 1.75728160142899 2.38163012266159 2.3374941945076 1.62804991006851 1.24450385570526 1.22039401531219 1.37237226963043 1.8750182390213 2.99309545755386 4.03288900852203 3.59592711925507 2.83711624145508 3.34054005146027 4.75396335124969 5.73036405444145 7.32118213176727 8.78180730342865 8.91541886329651 9.47842211723328 9.58208394050598 10.5720698833466 -9999 -9999
2.94039738178253 2.45933496952057 2.24896895885468 2.10149002075195 2.04825246334076 1.98179483413696 1.90632444620132 1.77104294300079 1.88537549972534 2.101293861866 1.93074774742126 1.65807795524597 1.5981992483139 1.63088142871857 1.61662244796753 1.71925431489944 1.69326728582382 1.50749945640564 1.49712458252907 1.50728523731232 1.39296922087669 1.40303108096123 1.49514108896255 1.52197694778442 1.55860108137131 1.45924857258797 1.31945917010307 1.47038680315018 1.71969276666641 1.88924074172974 1.8745926618576 1.87749588489532 1.63198721408844 1.7139328122139 1.64546102285385 1.38620075583458 1.23567724227905 1.38481423258781 1.6566778421402 1.88220548629761 1.63805329799652 1.24820128083229 1.17364606261253 1.23280307650566 1.7995365858078 2.88145118951797 4.91444563865662 5.15910601615906 3.62120175361633 5.65605282783508 5.36479935050011 7.47804021835327 6.43468236923218 3.57648825645447 6.62213695049286 10.4878106117249 12.9611711502075 -9999 -9999 -9999 -9999
2.92429769039154 2.68202394247055 2.41432410478592 2.18356883525848 2.10052192211151 2.0439430475235 1.97584229707718 1.93871766328812 1.87630695104599 1.75455611944199 1.77420097589493 1.70841068029404 1.57302439212799 1.63218265771866 1.67210626602173 1.43479603528976 1.41433525085449 1.54547667503357 1.51456367969513 1.61572462320328 1.6765074133873 1.8351674079895 1.89280790090561 1.78405916690826 1.7362180352211 1.66629785299301 1.44796720147133 1.51835596561432 1.78800916671753 1.69965201616287 1.61017888784409 1.56057733297348 1.42764732241631 1.35023188591003 1.2424333691597 1.00980690121651 0.930949687957764 1.18879500031471 1.404815107584 1.50859522819519 1.29789626598358 1.06828397512436 1.01481726765633 1.50185823440552 2.46690934896469 4.04998326301575 5.62699198722839 4.87456727027893 8.15233826637268 -9999 5.03727006912231 6.48518228530884 11.4597201347351 12.5038805007935 12.8394273519516 13.6865253448486 -9999 -9999 -9999 -9999 -9999
3.39627814292908 3.00211644172668 2.88363862037659 2.71431255340576 2.43614208698273 2.15083980560303 1.48339623212814 1.48339632153511 1.41308730840683 1.35222977399826 1.05113214254379 1.23631507158279 1.74750316143036 1.7461718916893 1.54441380500793 1.38220417499542 1.33373147249222 1.3696700334549 1.77414733171463 1.76303780078888 1.71654689311981 1.73333287239075 1.74854850769043 1.77992427349091 1.80068153142929 1.85686933994293 1.68059939146042 1.64131844043732 1.52309972047806 1.45810237526894 1.54437679052353 1.48517408967018 1.37418884038925 1.10818496346474 0.939983993768692 0.917012840509415 0.941419780254364 1.05983886122704 1.11787641048431 1.13797438144684 1.02000591158867 0.801930606365204 0.965384691953659 2.50215590000153 7.62532067298889 8.11977124214172 4.91954934597015 13.3275146484375 10.3308895111084 5.71901714801788 6.57811546325684 7.42901802062988 9.31339859962463 11.4151039123535 11.5242115259171 26.0406551361084 -9999 -9999 -9999 -9999 -9999
24.0793817501802 4.64230301915383 5.33022911667824 10.4940412044525 6.54576437473297 3.2182312309742 2.79885518550873 2.78804069757462 1.69248104095459 1.78607672452927 2.11899966001511 1.95068871974945 1.66414618492126 1.70006901025772 1.57137089967728 1.5336138010025 1.49558946490288 1.41550952196121 1.64225631952286 1.77228194475174 1.7349636554718 1.71665006875992 1.66618341207504 1.61823499202728 1.5520441532135 1.58832657337189 1.55153274536133 1.58019143342972 1.52113634347916 1.56153577566147 1.60856759548187 1.48936673998833 1.14337116479874 1.042350679636 1.05714985728264 1.12879139184952 1.06139427423477 1.01943325996399 0.989064037799835 0.868750691413879 0.747243717312813 0.801525056362152 1.29753792285919 8.1508641242981 14.3812079429626 5.10394620895386 8.20543742179871 10.5180745124817 7.97607493400574 7.52690005302429 10.9265856742859 12.4555152654648 21.4446687698364 22.3412504196167 23.7884674072266 47.8868551254272 -9999 -9999 -9999 -9999 -9999
-9999 -9999 -9999 -9999 -9999 -9999 -9999 2.28387522697449 3.63328032195568 2.04401028156281 2.35342758893967 2.12312400341034 2.33278620243073 2.09814405441284 1.94637501239777 1.90495777130127 1.73705685138702 1.84226721525192 1.74847501516342 1.63620203733444 1.49595648050308 1.43403849005699 1.45941182971001 1.41044595837593 1.28654810786247 1.21928286552429 1.42655217647552 1.45812329649925 1.4542663693428 1.62558996677399 1.43145766854286 1.24967828392982 1.1763888001442 1.14648994803429 1.02281060814857 0.846402257680893 0.805450737476349 0.83149579167366 0.834608048200607 0.812126040458679 0.894615143537521 1.03131446242332 2.60884881019592 6.89854288101196 3.60609269142151 9.27360391616821 14.7046008110046 16.3812383651733 -9999 -9999 -9999 -9999 29.7552437782288 28.7573890686035 31.6900491714478 36.3270378112793 -9999 -9999 -9999 -9999 -9999
-9999 -9999 -9999 -9999 -9999 -9999 -9999 -9999 -9999 -9999 3.03177756071091 1.87967777252197 3.18984282016754 2.94487881660461 2.35456001758575 2.34709310531616 2.33478516340256 2.22435235977173 1.98868703842163 1.61943072080612 1.37556990981102 1.30187594890594 1.30035102367401 1.24526953697205 1.0352478325367 1.02028664946556 1.22526857256889 1.38022130727768 1.37144735455513 1.42976868152618 1.28980243206024 1.16788986325264 1.11665287613869 0.914364069700241 0.696936652064323 0.615528345108032 0.59720653295517 0.644244343042374 0.761958807706833 0.901087403297424 0.934467226266861 1.39837995171547 4.11376333236694 4.30632948875427 6.20299744606018 16.201340675354 28.778208732605 29.0682649612427 -9999 -9999 -9999 -9999 17.548882484436 48.0410556793213 53.8759460449219 41.2680044174194 43.0819730758667 44.4550838470459 24.8098468780518 -9999 -9999
-9999 -9999 -9999 -9999 -9999 -9999 -9999 -9999 -9999 -9999 -9999 2.69364202022552 2.59782475233078 2.36560195684433 2.83898234367371 2.82305377721786 2.69686871767044 2.46657085418701 2.13251978158951 1.73622840642929 1.46123179793358 1.39299497008324 1.23124703764915 1.04433077573776 0.966372281312943 1.04430082440376 1.16371437907219 1.13759306073189 1.03255051374435 1.03623747825623 1.09152343869209 0.996654063463211 0.849816083908081 0.719006359577179 0.670111745595932 0.643106281757355 0.631630271673203 0.688217774033546 0.792312294244766 0.857621312141418 1.18514129519463 1.99695879220963 2.70819711685181 4.40232181549072 9.3637683391571 26.0285167694092 14.9118956327438 -9999 -9999 -9999 -9999 -9999 -9999 -9999 46.9799308776855 25.0703973770142 29.8788156509399 31.90367603302 10.8786277770996 -9999 -9999
-9999 -9999 -9999 -9999 -9999 -9999 -9999 -9999 -9999 -9999 -9999 4.3704868555069 3.88681042194366 2.51838737726212 2.75868541002274 2.69903469085693 2.61570686101913 2.64453113079071 2.23940670490265 1.80897098779678 1.48668095469475 1.35707929730415 1.12571838498116 0.914522588253021 0.883654564619064 0.952124208211899 1.0120567381382 0.899702310562134 0.829222619533539 0.877376407384872 0.899573922157288 0.901940882205963 0.828027963638306 0.766396701335907 0.716542080044746 0.707703977823257 0.698226079344749 0.720057919621468 0.777866452932358 1.08092102408409 2.18693625926971 6.52484035491943 12.8228731155396 10.5010356903076 22.086799621582 39.6781282424927 15.8733450174332 33.0447750091553 -9999 -9999 -9999 10.3904222488403 9.66835284233093 8.74739742279053 7.53413987159729 9.86419415473938 19.2731437683105 36.1250839233398 15.7061783245632 -9999 -9999
-9999 -9999 -9999 -9999 -9999 -9999 -9999 -9999 -9999 -9999 -9999 4.58068467889513 2.76906502246857 2.85733652114868 3.26527082920074 3.35460948944092 2.9215527176857 2.62277734279633 2.22152835130692 1.81560015678406 1.51130533218384 1.36156171560287 1.2679545879364 1.08237567543983 0.879030525684357 0.820212632417679 0.821279883384705 0.793483167886734 0.841773122549057 0.824910521507263 0.879828125238419 0.932110011577606 0.930761754512787 0.820775896310806 0.824319809675217 0.870663195848465 0.896681427955627 0.847848951816559 0.995730400085449 1.62606811523438 2.96465063095093 6.86296391487122 14.4088010787964 14.5219717025757 25.6554822921753 32.9731607437134 16.052502822876 -9999 -9999 -9999 -9999 9.61634731292725 9.16460466384888 7.76799774169922 7.05210900306702 7.59026741981506 9.60065817832947 -9999 -9999 -9999 -9999
-9999 -9999 -9999 -9999 -9999 -9999 -9999 -9999 -9999 -9999 -9999 3.67937564849854 2.66734528541565 2.77327966690063 3.13384652137756 2.999003469944 2.59525626897812 2.29378116130829 1.96458184719086 1.7058037519455 1.52296668291092 1.41824752092361 1.45420172810555 1.25945627689362 0.848312884569168 0.69128130376339 0.648360639810562 0.729915484786034 0.897530525922775 0.855564773082733 0.960239857435226 1.10130062699318 1.13219699263573 1.13258618116379 1.12022915482521 0.994876831769943 0.867623180150986 0.752237588167191 0.973123222589493 1.63489097356796 2.8754466176033 8.89490175247192 18.7829203605652 16.2528748512268 28.2534713745117 25.3791646957397 3.86466658115387 -9999 -9999 -9999 -9999 -9999 10.158634185791 7.31518721580505 7.18604493141174 7.09914636611938 -9999 -9999 -9999 -9999 -9999
-9999 -9999 -9999 -9999 -9999 -9999 -9999 -9999 -9999 -9999 -9999 4.2952453494072 2.7132151722908 3.40204203128815 3.40605103969574 2.64329355955124 2.23244261741638 2.1468071937561 1.76452589035034 1.57246273756027 1.51884037256241 1.45856925845146 1.44852393865585 1.27280759811401 0.92449289560318 0.703270331025124 0.801776468753815 0.860765397548676 0.854192778468132 0.819783568382263 1.17805472016335 1.22953927516937 1.30686441063881 1.24669888615608 1.06618085503578 0.956933945417404 0.695715352892876 0.789419263601303 1.18719005584717 3.09726190567017 6.31541848182678 15.3891434669495 11.591362953186 7.96431756019592 8.87152791023254 15.4583430290222 3.86466693878174 -9999 -9999 -9999 -9999 12.1949715614319 -9999 -9999 -9999 -9999 -9999 -9999 -9999 -9999 -9999
-9999 -9999 -9999 -9999 -9999 -9999 -9999 -9999 -9999 -9999 -9999 2.45850652456284 2.750747859478 4.6848531961441 4.15213966369629 3.03246188163757 2.33612054586411 2.02622044086456 1.64497965574265 1.42447507381439 1.26129296422005 1.29252871870995 1.16717523336411 0.97763854265213 0.885552674531937 0.813870303332806 0.974368304014206 0.950805097818375 1.00577554106712 1.00577554106712 0.937775954604149 0.928085401654243 0.798484861850739 1.0283260345459 1.05934926867485 0.89686131477356 1.0020554959774 1.22925719618797 2.50372731685638 4.64817130565643 8.18660402297974 12.5897440910339 10.1821789741516 7.26289200782776 6.01021027565002 -9999 -9999 -9999 -9999 -9999 -9999 -9999 -9999 -9999 -9999 -9999 -9999 -9999 -9999 -9999 -9999
-9999 -9999 -9999 -9999 -9999 -9999 -9999 -9999 -9999 -9999 4.49722257256508 2.79331773519516 3.47461688518524 4.36281180381775 3.88251757621765 2.79718136787415 2.15868955850601 1.80464190244675 1.55616939067841 1.24841532111168 1.19372257590294 1.02184367179871 0.80809959769249 0.677093043923378 0.636309519410133 0.637102916836739 1.04566785693169 0.927380919456482 0.99111619591713 1.12689131498337 1.07661268115044 0.84275409579277 0.795608818531036 0.97101241350174 1.0818832218647 1.07722645998001 1.20124062895775 1.91027462482452 3.72733998298645 7.35198211669922 16.3975768089294 23.363440990448 30.4308013916016 44.3825798034668 -9999 -9999 -9999 -9999 -9999 -9999 -9999 -9999 -9999 -9999 -9999 -9999 -9999 -9999 -9999 -9999 -9999
-9999 -9999 -9999 -9999 -9999 -9999 -9999 -9999 -9999 3.28386068344116 3.11909365653992 3.06010794639587 3.00225269794464 3.0636430978775 2.67234510183334 2.38932198286057 1.91479825973511 1.65737020969391 1.4122117459774 1.02141156792641 0.82988503575325 0.694225296378136 0.909607976675034 1.07896515727043 1.06011021137238 1.10451757907867 0.925092458724976 0.85371333360672 0.934064626693726 1.14167323708534 0.973909467458725 0.95673805475235 1.14297044277191 1.38537731766701 1.4852010011673 1.67000538110733 2.21582561731339 4.77440500259399 8.95873761177063 11.3933629989624 27.7115707397461 41.7964754104614 6.62089741230011 5.69786846637726 3.25656187534332 -9999 -9999 -9999 -9999 -9999 -9999 -9999 -9999 -9999 -9999 -9999 -9999 -9999 -9999 -9999 -9999
-9999 -9999 -9999 -9999 -9999 -9999 -9999 -9999 3.57314237952232 4.20861867070198 4.03273725509644 3.16432535648346 3.16432535648346 2.96254107356071 3.05339053273201 2.72834515571594 2.09228655695915 1.74175661802292 1.39175994694233 1.28792698681355 1.14609888195992 1.09845985472202 1.09188289940357 1.14701718091965 1.19503962993622 1.21909984946251 0.952544778585434 0.920592427253723 1.05651730298996 1.29498338699341 1.2317541539669 1.38448092341423 1.86607557535172 2.18840289115906 2.51535737514496 3.18773746490479 4.89185929298401 6.2415783405304 5.60224163532257 4.37930184602737 4.4414479136467 3.66495670591082 -9999 -9999 -9999 -9999 -9999 -9999 -9999 -9999 -9999 -9999 -9999 -9999 -9999 -9999 -9999 -9999 -9999 -9999 -9999
-9999 -9999 -9999 -9999 -9999 -9999 4.03413283824921 4.0121051967144 3.82640445232391 3.72092401981354 3.38973695039749 3.25065636634827 3.04353600740433 3.06876039505005 2.90510353446007 2.46422427892685 1.94966116547585 1.47844290733337 1.19541665911674 1.09658834338188 1.08024117350578 1.02368938922882 1.05738481879234 1.12427562475204 1.2201309800148 1.31874811649323 1.07575929164886 0.707174509763718 1.6155366897583 1.51693546772003 1.55470615625381 2.60038626194 3.55617892742157 4.71161019802094 5.23810136318207 8.17673349380493 8.45156335830688 8.15812253952026 4.28008085489273 3.7454662663596 -9999 -9999 -9999 -9999 -9999 -9999 -9999 -9999 -9999 -9999 -9999 -9999 -9999 -9999 -9999 -9999 -9999 -9999 -9999 -9999 -9999
-9999 -9999 -9999 -9999 -9999 -9999 3.61419534683228 3.48475331068039 3.63141798973083 3.46870267391205 3.1584911942482 2.88332408666611 2.62738135457039 2.65361720323563 2.42758530378342 2.14469987154007 1.54672694206238 1.19995947182178 1.10571755468845 1.00302730500698 0.982291415333748 1.05115941166878 1.05270239710808 1.12947669625282 1.20744717121124 1.30142837762833 0.915578663349152 0.98158997297287 1.02299889922142 3.33458885550499 4.7328439950943 7.35132050514221 5.4261234998703 5.84093534946442 13.1627440452576 14.1334176063538 8.2888548374176 8.28885555267334 4.99047875404358 7.60104321031009 -9999 -9999 -9999 -9999 -9999 -9999 -9999 -9999 -9999 -9999 -9999 -9999 -9999 -9999 -9999 -9999 -9999 -9999 -9999 -9999 -9999
-9999 -9999 -9999 -9999 3.62472993135452 3.65743970870972 3.61242640018463 3.03696942329407 2.98471203446388 3.14437258243561 3.16578841209412 2.81908446550369 2.74789845943451 2.22867697477341 2.0238978266716 1.81089350581169 1.16717657446861 1.03762073814869 0.991349101066589 1.02269357442856 0.944817155599594 0.889166012406349 1.14175835251808 1.20370227098465 1.30833587050438 1.22231858968735 1.459308385849 2.78766363859177 3.58092552423477 3.89327609539032 4.54218542575836 12.4998235702515 10.5236577987671 9.4949791431427 10.7195041179657 11.5804302692413 7.77804207801819 6.64939704537392 -9999 -9999 -9999 -9999 -9999 -9999 -9999 -9999 -9999 -9999 -9999 -9999 -9999 -9999 -9999 -9999 -9999 -9999 -9999 -9999 -9999 -9999 -9999
-9999 -9999 -9999 4.22353758811951 3.27406346797943 3.3397228717804 2.93112909793854 4.15191900730133 3.88851964473724 3.70541203022003 3.67068064212799 3.39775764942169 3.07364022731781 2.28980201482773 2.10029429197311 1.23995585739613 0.716170728206635 0.922122716903687 0.926277458667755 0.873786091804504 0.787799835205078 0.808874398469925 0.85825914144516 1.09822726249695 1.19332239031792 1.18813651800156 1.17605441808701 5.15632671117783 6.52642679214478 7.99317383766174 8.39026308059692 6.9480664730072 6.79039907455444 7.62442374229431 8.01313090324402 6.64499562978745 -9999 -9999 -9999 -9999 -9999 -9999 -9999 -9999 -9999 -9999 -9999 -9999 -9999 -9999 -9999 -9999 -9999 -9999 -9999 -9999 -9999 -9999 -9999 -9999 -9999
-9999 -9999 3.53094083815813 2.972785115242 3.07112941145897 3.06502890586853 2.97736796736717 3.01633456349373 3.82489907741547 3.64430093765259 4.24884760379791 3.09705233573914 1.22230625152588 1.2465036213398 1.12777948379517 0.793177306652069 0.682405740022659 0.735077708959579 1.14449639618397 1.00762711465359 0.850734204053879 0.85729318857193 0.860464632511139 1.29940170049667 1.29940170049667 2.88927894830704 3.56041467189789 4.09576410055161 5.10422730445862 4.96542692184448 4.53536260128021 4.10285925865173 6.6526951789856 6.92705297470093 7.72832107543945 7.55845757631155 7.49563914078932 7.46606573691735 -9999 -9999 -9999 -9999 -9999 -9999 -9999 -9999 -9999 -9999 -9999 -9999 -9999 -9999 -9999 -9999 -9999 -9999 -9999 -9999 -9999 -9999 -9999
4.72952643036842 3.45782625675201 3.24081587791443 2.5221009850502 2.5099983215332 2.48643010854721 3.1159396469593 2.99298879504204 2.7513912320137 2.59621623158455 1.61970788240433 1.40934017300606 1.23060813546181 1.2112765610218 1.02785816788673 0.801802307367325 0.764500468969345 0.781683057546616 0.894088715314865 1.06959168612957 1.17813348770142 1.2042004019022 1.48578107357025 1.95598465204239 2.45264831185341 3.21295756101608 3.39758911728859 3.63699460029602 4.05312180519104 4.39611089229584 4.74025726318359 5.38761055469513 4.42727196216583 -9999 -9999 -9999 -9999 -9999 -9999 -9999 -9999 -9999 -9999 -9999 -9999 -9999 -9999 -9999 -9999 -9999 -9999 -9999 -9999 -9999 -9999 -9999 -9999 -9999 -9999 -9999 -9999
4.43136441707611 4.18252757191658 3.87069395184517 3.33988058567047 3.3944026529789 2.45952504873276 2.4517108798027 2.36166769266129 2.37729495763779 2.75743389129639 2.66115617752075 1.95801097154617 1.27208250761032 1.07491180300713 0.899651169776917 0.899527430534363 1.01259979605675 1.01081317663193 1.11312988400459 1.03242766857147 1.28897023200989 1.77275124192238 2.2240104675293 2.50447314977646 2.9647721350193 3.57021626830101 3.65270841121674 3.62434941530228 3.7652370929718 4.29070901870728 5.34074342250824 4.07213072776795 4.00065243244171 5.17192411422729 -9999 -9999 -9999 -9999 -9999 -9999 -9999 12.6942715644836 -9999 -9999 -9999 -9999 -9999 -9999 -9999 -9999 -9999 -9999 -9999 -9999 -9999 -9999 -9999 -9999 -9999 -9999 -9999
-9999 -9999 4.57173474133015 4.58160853385925 4.63277864456177 4.44899314641953 4.51540195941925 4.48900791406632 3.9089782834053 3.18836259841919 2.92991995811462 1.88280558586121 1.08927485346794 0.916874796152115 0.906513780355453 0.907872140407562 1.1817741394043 1.2754979878664 1.31953006982803 1.41270956397057 1.79923582077026 2.16576084494591 2.55129128694534 2.91015055775642 3.47673019766808 3.62341019511223 3.77261567115784 3.77261567115784 3.47170746326447 3.59694802761078 3.39099150896072 3.6958119571209 3.77453619783575 3.42093944549561 -9999 -9999 -9999 -9999 -9999 -9999 -9999 -9999 -9999 -9999 -9999 -9999 -9999 -9999 -9999 -9999 -9999 -9999 -9999 -9999 -9999 -9999 -9999 -9999 -9999 -9999 -9999
-9999 -9999 -9999 -9999 -9999 -9999 -9999 3.74414747494918 3.68944036960602 2.67211818695068 2.52882045507431 2.05447840690613 1.5309357047081 1.20607410371304 1.17696985602379 1.36815932393074 1.47290906310081 1.43868215382099 1.4524255245924 1.79699411988258 2.33700031042099 2.50956013798714 2.75605523586273 3.02874022722244 3.16457533836365 5.03163766860962 4.44191694259644 5.25471371412277 3.51016089320183 -9999 -9999 -9999 -9999 -9999 -9999 -9999 -9999 -9999 -9999 -9999 -9999 -9999 -9999 -9999 -9999 -9999 -9999 -9999 -9999 -9999 -9999 -9999 -9999 -9999 -9999 -9999 -9999 -9999 -9999 -9999 -9999
-9999 -9999 -9999 -9999 -9999 -9999 -9999 3.45650647236751 2.44310277700424 2.18696692585945 1.3758005797863 1.19097907841206 1.31070175766945 1.37518858909607 1.45144678652287 1.48524802923203 1.54384464025497 1.85798960924149 2.21654757857323 2.66250532865524 3.50807762145996 3.42648401856422 3.71041488647461 3.73385095596313 4.40984898805618 10.8022096157074 -9999 -9999 -9999 -9999 -9999 -9999 -9999 -9999 -9999 -9999 -9999 -9999 -9999 -9999 -9999 -9999 -9999 -9999 -9999 -9999 -9999 -9999 -9999 -9999 -9999 -9999 -9999 -9999 -9999 -9999 -9999 -9999 -9999 -9999 -9999
