EcologicalScience/Bass/data/rs_data_bass/chl_76.asc
NCOLS 226 
NROWS 124 
XLLCORNER -9.41648524995501 
YLLCORNER 47.587301625531 
CELLSIZE 0.0833 
NODATA_value -9999 
[rows 54 to 80 of 124, columns 124 to 185 of 226]
1.65095588564873 1.61043709516525 1.45778511464596 2.24550068378448 2.18204694986343 2.09473872184753 1.64694607257843 1.98878699541092 1.95093369483948 1.75971901416779 1.93414270877838 1.87189954519272 1.69880783557892 1.32299253344536 1.27423426508904 1.17140328884125 1.15508848428726 1.36469024419785 0.866150289773941 0.814697273075581 0.811387494206429 0.839090600609779 0.866433396935463 1.45586621761322 1.47375297546387 1.563336789608 1.66806668043137 1.77248471975327 1.83714079856873 1.79244446754456 1.72341299057007 1.49155873060226 1.53930415213108 2.19859045743942 2.24785351753235 1.45520925521851 1.07301145792007 0.982689768075943 1.10261401534081 1.20367348194122 1.25176200270653 1.11237752437592 0.930005997419357 0.913713008165359 1.03252199292183 1.07375103235245 1.12188148498535 1.18520700931549 2.18002045154572 2.14951425790787 1.86718958616257 5.09766058127085 6.30448412150145 8.55929720401764 6.45930564403534 7.31188976764679 8.16016674041748 9.93298737626327 6.32952243089676 12.5711533682687 12.8426286773521 14.8800025064437
2.00727036595345 1.81798535585403 1.50053925812244 1.45580922067165 2.27778518199921 2.31298720836639 1.86794471740723 2.04179316759109 2.07885003089905 1.91637003421783 1.88160592317581 1.83385348320007 1.60132652521133 1.57102346420288 1.36679399013519 1.48721247911453 1.41768899559975 1.32020473480225 1.40106296539307 1.34873020648956 1.39307400584221 1.3843184709549 1.23430421948433 1.32634949684143 1.43209648132324 1.58920276165009 1.85858255624771 2.04946196079254 1.99536144733429 1.96393275260925 1.34892788529396 1.85953795909882 2.09505522251129 2.35767674446106 2.64206331968307 1.81126803159714 1.22263124585152 1.05084076523781 1.12067770957947 1.08507978916168 0.978471010923386 0.900620967149734 0.869850039482117 1.05461999773979 1.17298123240471 1.22159779071808 1.46737870573997 1.64004224538803 3.05047202110291 4.02562808990479 4.1643294095993 6.00520586967468 6.24369382858276 8.22913503646851 6.22692194581032 6.19652187824249 10.5720698833466 -9999 -9999 -9999 -9999 -9999
2.35355257987976 2.50417131185532 1.75993269681931 1.6185839921236 1.57929866015911 1.52556109428406 1.9862077832222 1.95897817611694 1.78578382730484 1.85920357704163 1.74902325868607 1.78569442033768 1.93328028917313 2.05948501825333 2.11947226524353 1.96348196268082 1.8726292848587 1.51663881540298 1.47418275475502 1.4534002840519 1.42643702030182 1.44464626908302 1.27627873420715 1.24190399050713 1.56879526376724 1.83029025793076 2.02652853727341 2.05397325754166 1.69420462846756 1.60150945186615 2.0135235786438 1.89905244112015 2.26173216104507 2.68510723114014 1.92770183086395 1.80003082752228 1.56313276290894 1.45632898807526 1.13262596726418 0.948107957839966 1.02699825167656 1.01903772354126 1.15754324197769 1.15039873123169 1.22129398584366 1.7740695476532 2.58493047952652 7.56285993009806 5.63878655433655 4.53569412231445 4.13891708850861 4.13866353034973 4.7173558473587 14.5427661916635 -9999 -9999 -9999 -9999 -9999 -9999 -9999 -9999
2.63443869352341 2.50144869089127 2.32675123214722 2.08596217632294 2.12824577093124 2.05480867624283 2.1794947385788 2.12997597455978 2.09546256065369 1.91606855392456 1.763911485672 1.8967627286911 1.72826993465424 1.75212675333023 2.07325279712677 2.33447706699371 2.07735675573349 1.88597398996353 1.65476471185684 1.52583968639374 1.37307375669479 1.31413578987122 1.34174099564552 1.45680597424507 1.78853702545166 2.23050230741501 1.89922195672989 1.53612416982651 1.50793647766113 1.45353488624096 1.3134959936142 1.84380000829697 2.02238094806671 2.12032806873322 1.84526628255844 1.74893099069595 1.45272973179817 1.11808195710182 1.00313928723335 0.913272768259048 0.978893280029297 1.13454526662827 1.35947853326797 1.55310523509979 1.75222581624985 2.52681005001068 2.63524729013443 7.79127401933757 5.7398453950882 5.52221024036407 4.90716755390167 4.78398764133453 5.74763774871826 -9999 -9999 -9999 -9999 -9999 -9999 -9999 -9999 -9999
2.52362251281738 2.72858101129532 2.70604205131531 2.19651031494141 2.18498361110687 2.32124179601669 2.2680771946907 2.25896018743515 2.23153799772263 2.2761270403862 2.38655841350555 1.89237231016159 1.5410640835762 1.62674242258072 1.84368896484375 1.78787541389465 2.35249042510986 2.20038521289825 1.98311483860016 1.5037590265274 1.30857226252556 1.56071394681931 1.7540654540062 2.07701325416565 2.0461590886116 2.10786080360413 1.88600850105286 1.74876379966736 1.7110875248909 1.72572898864746 1.89983403682709 1.69614672660828 1.82256978750229 1.6384402513504 1.33773449063301 1.2566197514534 1.14651677012444 1.12298548221588 1.08301350474358 1.09623751044273 1.15363571047783 1.32545998692513 1.37031000852585 1.80109280347824 3.08387839794159 3.5279324054718 10.0892477035522 7.06175208091736 6.3698251247406 5.63046383857727 5.59404909610748 16.6420483589172 32.1381540298462 -9999 -9999 -9999 -9999 -9999 -9999 -9999 -9999 -9999
-9999 3.99454271793365 3.16213685274124 2.36000999808311 2.18816623091698 2.22327223420143 2.59027647972107 2.64852833747864 2.09134197235107 1.73378401994705 1.83179479837418 1.86214506626129 1.83653247356415 2.02378731966019 2.11742556095123 1.89924305677414 2.34328204393387 2.24183481931686 1.81719750165939 1.62961649894714 1.72303658723831 2.03606325387955 2.0785236954689 2.15178000926971 2.12187892198563 2.05133628845215 1.94225478172302 2.1051419377327 2.26713448762894 2.21600782871246 2.29799258708954 3.64226460456848 1.55908280611038 1.18557974696159 1.01993027329445 1.01561325788498 1.08233553171158 1.1809875369072 1.33385851979256 1.40070453286171 1.23201897740364 1.20653995871544 1.41141003370285 2.18212276697159 3.81791031360626 -9999 6.80606424808502 6.97097682952881 8.4938657283783 7.81871008872986 34.2381935119629 28.3471012115479 42.6635284423828 26.157948752812 -9999 -9999 -9999 -9999 -9999 -9999 -9999 -9999
-9999 -9999 -9999 -9999 -9999 2.28387522697449 2.62305861711502 2.63894891738892 2.25059393048286 2.2082886993885 2.54611426591873 2.11030054092407 2.28600597381592 2.57253080606461 2.36200869083405 2.25989556312561 1.87085849046707 1.6134989708662 1.955890417099 1.80234378576279 2.08501052856445 2.07979953289032 2.1027524471283 2.16467481851578 2.41468727588654 1.90633124113083 2.0221740603447 2.02693283557892 2.00969177484512 2.25501376390457 1.84813052415848 2.07537817955017 1.66002148389816 0.959202736616135 0.865786492824554 1.03461071848869 1.15269076824188 1.2617415189743 1.35875478386879 1.43625828623772 1.11210295557976 1.29040798544884 1.72136324644089 2.00685006380081 3.54431855678558 28.7310870353458 -9999 -9999 -9999 -9999 51.1389827728271 45.1667547225952 38.7737445831299 -9999 -9999 -9999 -9999 -9999 -9999 -9999 -9999 -9999
-9999 -9999 -9999 -9999 -9999 -9999 -9999 -9999 3.3076442082723 2.51448601484299 2.049370855093 2.71881973743439 2.44494599103928 2.4738997220993 2.56430017948151 1.63492280244827 1.6366440653801 2.35442018508911 2.48010528087616 2.21306777000427 1.96913480758667 2.19354826211929 2.31984901428223 2.70686316490173 2.62828570604324 2.48826456069946 2.26868623495102 2.39052075147629 2.06113350391388 2.19651532173157 2.24122130870819 2.03987181186676 1.60137444734573 1.0169677734375 1.22900247573853 1.2610379755497 1.34581804275513 1.48265853524208 1.42613697052002 1.07532379031181 1.14085346460342 1.39329448342323 1.760861992836 3.17232763767242 23.9295234918594 29.0682649612427 -9999 -9999 -9999 -9999 17.548882484436 17.1469007660361 46.8546953201294 30.6726064682007 52.5741863250732 18.8794818811638 -9999 -9999 -9999 -9999 -9999 -9999
-9999 -9999 -9999 -9999 -9999 -9999 -9999 -9999 -9999 -9999 2.6955888569355 2.17455938458443 2.69072467088699 2.33120173215866 2.20085620880127 1.87151402235031 1.99776667356491 2.5789110660553 2.38661330938339 2.05260157585144 1.84361100196838 1.99856328964233 2.74271857738495 3.17675864696503 2.91458255052567 2.52312594652176 2.17403554916382 2.12948852777481 2.34909528493881 2.6094930768013 2.34383922815323 2.30372929573059 1.61639928817749 1.44530779123306 1.76524418592453 1.80478870868683 1.78795731067657 1.79821944236755 1.42792278528214 1.24885654449463 1.39777654409409 1.73458278179169 2.52763420343399 6.43180131912231 16.6044633834107 -9999 -9999 -9999 -9999 -9999 -9999 -9999 4.52459147572517 42.9143857955933 50.3008918762207 16.3626066207886 10.8786277770996 -9999 -9999 -9999 -9999 -9999
-9999 -9999 -9999 -9999 -9999 -9999 -9999 -9999 -9999 4.3704868555069 3.05392679572105 2.64534410834312 2.09587651491165 2.04476541280746 1.64520442485809 2.0742427110672 2.31221544742584 2.1871440410614 1.80539917945862 1.73859822750092 1.70605051517487 1.96446526050568 2.17087733745575 2.48126024007797 2.22918605804443 1.9053413271904 1.70157819986343 1.74105817079544 1.85150402784348 2.08182674646378 2.42412453889847 1.67495620250702 1.4945909678936 1.6004730463028 1.67041057348251 1.83267903327942 1.62211883068085 1.33535474538803 1.30208998918533 1.41806101799011 1.57177805900574 2.03050428628922 3.05801832675934 7.52613401412964 32.6664698419062 33.0447750091553 -9999 -9999 -9999 16.8138270378113 14.294933795929 14.1270625591278 7.35213947296143 15.8810248374939 41.7512437105179 20.9294322729111 -9999 -9999 -9999 -9999 -9999 -9999
-9999 -9999 -9999 -9999 -9999 -9999 -9999 -9999 -9999 -9999 3.31758338212967 2.49481344223022 2.49024456739426 2.31793123483658 2.4473631978035 2.6324856877327 2.51052457094193 2.10473924875259 1.59602844715118 1.38154873251915 1.49967679381371 1.9666913151741 1.95315366983414 1.73868978023529 1.62136942148209 1.44486075639725 1.3220579624176 1.21037247776985 1.39965149760246 1.55852258205414 1.69342643022537 1.24010476469994 1.64646291732788 2.29241770505905 1.45222239196301 1.43763077259064 1.09748849272728 1.31991299986839 1.6178303360939 1.82090324163437 2.27232456207275 2.92238616943359 7.46637940406799 9.22103047370911 9.90883895436537 -9999 -9999 -9999 -9999 -9999 14.938000202179 9.6437566280365 8.4389111995697 8.68823647499084 16.9255540370941 -9999 -9999 -9999 -9999 -9999 -9999 -9999
-9999 -9999 -9999 -9999 -9999 -9999 -9999 -9999 -9999 3.67937564849854 2.58577358722687 2.28190791606903 2.27181154489517 2.35755372047424 2.53322017192841 2.53005373477936 2.28242021799088 1.86939007043839 1.32542172074318 1.05687153339386 1.09806078672409 1.23592123389244 1.42278072237968 1.27356371283531 1.19288921356201 1.08142948150635 1.06979396939278 1.08409801125526 1.36695599555969 1.41755175590515 1.52754592895508 1.5596085190773 1.52429258823395 1.88284868001938 2.26996958255768 1.67910754680634 1.3283317387104 1.71672892570496 1.76369708776474 2.3513976931572 3.06569695472717 5.64040803909302 9.47468304634094 5.9410273866746 3.86466658115387 -9999 -9999 -9999 -9999 -9999 18.4685875922441 11.0632345676422 10.7093997001648 -9999 -9999 -9999 -9999 -9999 -9999 -9999 -9999 -9999
-9999 -9999 -9999 -9999 -9999 -9999 -9999 -9999 -9999 3.43738353252411 2.52682650089264 2.32121032476425 2.15517908334732 2.18240475654602 2.350954413414 2.09108179807663 1.66472178697586 1.44504824280739 1.04503351449966 1.02706727385521 1.05375221371651 1.11367124319077 1.08657297492027 1.33990725874901 1.37793150544167 1.21988171339035 1.16101804375648 1.37623053789139 1.43608197569847 1.48658099770546 1.73893654346466 1.76008576154709 1.49912104010582 1.67024481296539 1.55997151136398 1.58980804681778 1.86602407693863 2.52758699655533 2.8762634396553 3.62967145442963 4.20073056221008 7.06895542144775 10.2061336040497 13.1354786371722 3.86466693878174 -9999 -9999 -9999 -9999 12.1949715614319 -9999 -9999 -9999 -9999 -9999 -9999 -9999 -9999 -9999 -9999 -9999 -9999
-9999 -9999 -9999 -9999 -9999 -9999 -9999 -9999 -9999 2.49285006523132 2.39698648452759 2.1967071890831 2.06427007913589 2.252077460289 2.06816321611404 1.65575551986694 1.24888578057289 1.21892774105072 1.20688650012016 1.15246126055717 1.14799726009369 1.09434673190117 1.14857625961304 1.33723872900009 1.32643496990204 1.34600695967674 1.45716226100922 1.80134332180023 1.94749867916107 1.65392929315567 1.77784878015518 1.84017080068588 1.94146943092346 3.72593924403191 2.10870748758316 1.85621702671051 2.26579874753952 3.26733541488647 4.17925572395325 4.64927244186401 7.1651451587677 6.08209705352783 8.43111458691684 -9999 -9999 -9999 -9999 -9999 -9999 -9999 -9999 -9999 -9999 -9999 -9999 -9999 -9999 -9999 -9999 -9999 -9999 -9999
-9999 -9999 -9999 -9999 -9999 -9999 -9999 -9999 -9999 2.38072943687439 2.17041367292404 2.00060695409775 2.16607493162155 2.28526121377945 1.94666022062302 1.70515501499176 1.25914576649666 1.26521551609039 1.1463840007782 1.12013474106789 1.12107521295547 1.06964027881622 1.42820477485657 1.49327176809311 1.36822503805161 1.45316550135612 1.52973067760468 1.37890800833702 1.53583341836929 1.75610554218292 2.03105092048645 2.23273283243179 2.37184202671051 5.34025490283966 2.85440325737 2.74963045120239 3.28113663196564 3.93925344944 4.89857482910156 7.00173997879028 12.1137070655823 7.51614552009396 3.47191275745989 -9999 -9999 -9999 -9999 -9999 -9999 -9999 -9999 -9999 -9999 -9999 -9999 -9999 -9999 -9999 -9999 -9999 -9999 -9999
-9999 -9999 -9999 -9999 -9999 -9999 -9999 3.28386068344116 2.87565529346466 2.6355966925621 2.55603379011154 2.3827251791954 2.2655782699585 2.23334169387817 1.94525027275085 1.80382418632507 1.50285226106644 1.28064152598381 1.1292622089386 1.03149372339249 0.987987756729126 1.09079700708389 1.58766156435013 1.58169078826904 1.42917001247406 1.30128827691078 1.22764572501183 1.43208226561546 1.59239476919174 1.75505858659744 1.91568607091904 1.87821221351624 4.23490834236145 5.52754944562912 3.04254305362701 3.69921684265137 4.59054529666901 5.38334691524506 6.73610043525696 7.38972759246826 5.99581793616119 5.69786846637726 3.25656187534332 -9999 -9999 -9999 -9999 -9999 -9999 -9999 -9999 -9999 -9999 -9999 -9999 -9999 -9999 -9999 -9999 -9999 -9999 -9999
-9999 -9999 -9999 -9999 -9999 -9999 3.83081471920013 2.92027580738068 2.76272696256638 2.97293919324875 2.71517926454544 2.59291791915894 2.36911207437515 2.14519500732422 2.31485992670059 2.07496047019958 1.84517025947571 1.35744300484657 1.1920702457428 1.0339635014534 1.00676625967026 1.20642596483231 1.7837587594986 1.55030483007431 1.25054025650024 1.2168832719326 1.5055223107338 1.59544801712036 1.72446745634079 1.81935971975327 1.92189753055573 2.66326385736465 4.78581815958023 5.46530422568321 2.81221425533295 3.26110339164734 3.7847363948822 4.84310173988342 6.27344441413879 -9999 -9999 -9999 -9999 -9999 -9999 -9999 -9999 -9999 -9999 -9999 -9999 -9999 -9999 -9999 -9999 -9999 -9999 -9999 -9999 -9999 -9999 -9999
-9999 -9999 -9999 -9999 3.45190107822418 3.4030956029892 3.15393304824829 2.94468820095062 2.54986041784286 2.3959733247757 2.21400672197342 2.10905474424362 2.43654817342758 2.66391599178314 2.23794668912888 1.99538326263428 1.85998946428299 1.5547222495079 1.37355297803879 1.40245422720909 1.45638674497604 1.57994252443314 1.75925320386887 1.49664375185966 1.26292571425438 1.40380722284317 1.77522146701813 1.87011229991913 2.09741467237473 2.1300203204155 2.17575216293335 2.95856541395187 2.87358748912811 2.61953777074814 2.72769230604172 3.15704011917114 3.37420499324799 10.3498593984025 -9999 -9999 -9999 -9999 -9999 -9999 -9999 -9999 -9999 -9999 -9999 -9999 -9999 -9999 -9999 -9999 -9999 -9999 -9999 -9999 -9999 -9999 -9999 -9999
-9999 -9999 -9999 -9999 3.81428229808807 3.39989340305328 3.19666492938995 3.25993037223816 2.46357679367065 2.37353843450546 2.23782974481583 2.41983157396317 2.74125981330872 2.79931944608688 2.25814193487167 1.84834045171738 1.47801679372787 1.47416621446609 1.38540145754814 1.40446498990059 1.43123853206635 1.23621073365211 1.29752996563911 1.34065353870392 1.3199625313282 1.67562532424927 1.99948042631149 2.11783576011658 1.94199907779694 2.20652407407761 2.15802079439163 2.71842902898788 2.92987042665482 2.48908656835556 3.13628554344177 4.11307418346405 4.89689040184021 -9999 -9999 -9999 -9999 -9999 -9999 -9999 -9999 -9999 -9999 -9999 -9999 -9999 -9999 -9999 -9999 -9999 -9999 -9999 -9999 -9999 -9999 -9999 -9999 -9999
-9999 4.08796119689941 3.98832070827484 3.36848330497742 3.5863516330719 2.88390827178955 2.74285733699799 2.63383054733276 2.5300732254982 2.92095082998276 2.56260520219803 2.61060297489166 2.43028646707535 1.98415946960449 1.68146020174026 1.48486652970314 1.44025871157646 1.30730098485947 1.2860189974308 1.29206022620201 1.28880822658539 1.40517076849937 1.6048139333725 1.61271679401398 1.57803225517273 1.50603371858597 1.67944800853729 1.7464724779129 2.02171343564987 2.39523893594742 2.31947618722916 2.35642951726913 2.79864817857742 3.38824939727783 3.29933989048004 -9999 -9999 -9999 -9999 -9999 -9999 -9999 -9999 -9999 -9999 -9999 -9999 -9999 -9999 -9999 -9999 -9999 -9999 -9999 -9999 -9999 -9999 -9999 -9999 -9999 -9999 -9999
3.70942858132449 4.16789621114731 3.3796888589859 2.90855777263641 3.00341856479645 2.6198542714119 2.50139629840851 2.90892380475998 2.66761207580566 2.86683082580566 2.64280503988266 2.26881748437881 2.48797506093979 2.09275281429291 1.68650472164154 1.51908892393112 1.26135224103928 1.27179676294327 1.27779901027679 1.29465302824974 1.55144172906876 1.55057555437088 1.54893082380295 1.52433979511261 1.46622222661972 1.49602049589157 1.56290781497955 1.76095730066299 2.1116024851799 2.41617894172668 2.58223879337311 3.45441162586212 3.78650772571564 -9999 -9999 -9999 -9999 -9999 -9999 -9999 -9999 -9999 -9999 -9999 -9999 -9999 -9999 -9999 -9999 -9999 -9999 -9999 -9999 -9999 -9999 -9999 -9999 -9999 -9999 -9999 -9999 -9999
4.13717033646323 3.8140035867691 2.66544681787491 3.07675194740295 2.99684482812881 3.01136863231659 2.77647829055786 2.20684343576431 2.67184352874756 2.68397176265717 2.20301395654678 2.24456548690796 2.08651578426361 1.71423751115799 1.38001799583435 1.30996271967888 1.18562623858452 1.18390050530434 1.32000374794006 1.54022258520126 1.6179141998291 1.71249067783356 1.76513993740082 1.56213980913162 1.7184727191925 1.91498100757599 2.073186814785 2.29550242424011 2.60601443052292 2.49807143211365 2.68619477748871 2.97382950782776 3.32859241962433 6.3549162463138 5.8174417813619 3.48978137969971 -9999 -9999 -9999 -9999 -9999 -9999 -9999 -9999 -9999 -9999 -9999 -9999 -9999 -9999 -9999 -9999 -9999 -9999 -9999 -9999 -9999 -9999 -9999 -9999 -9999 -9999
3.52486789226532 2.84717845916748 2.97140407562256 3.1276148557663 3.06390309333801 2.74919325113297 2.35040402412415 2.0855587720871 2.01750075817108 1.91736298799515 1.76215499639511 1.71578031778336 1.47407475113869 1.34614723920822 1.29330146312714 1.20382046699524 1.56334358453751 1.26644629240036 1.41011103987694 1.51607626676559 1.65350550413132 1.57631993293762 1.85564321279526 2.23734372854233 2.60291182994843 2.36118668317795 2.39380949735641 2.42040449380875 3.02878046035767 2.8001571893692 3.32301807403564 -9999 -9999 -9999 -9999 -9999 -9999 -9999 -9999 -9999 -9999 -9999 -9999 -9999 -9999 -9999 -9999 -9999 -9999 -9999 -9999 -9999 -9999 -9999 -9999 -9999 -9999 -9999 -9999 -9999 -9999 -9999
4.05683934688568 3.55723857879639 3.41428363323212 2.86045128107071 2.77671074867249 2.77727258205414 2.37042367458344 2.20309656858444 2.19093757867813 2.07420068979263 1.5291051864624 1.06297346949577 1.08704701066017 1.16881200671196 1.17484572529793 1.25151970982552 1.59757053852081 1.33784928917885 1.39124178886414 1.73574006557465 1.78147119283676 1.86766576766968 2.33076006174088 2.71379846334457 2.64451342821121 2.68937176465988 2.82870233058929 3.30701994895935 3.64109086990356 3.6835470199585 3.57304644584656 3.72338175773621 -9999 -9999 -9999 -9999 -9999 -9999 13.3135442733765 12.6942715644836 -9999 -9999 -9999 -9999 -9999 -9999 -9999 -9999 -9999 -9999 -9999 -9999 -9999 -9999 -9999 -9999 -9999 -9999 -9999 -9999 -9999 -9999
3.45824736356735 3.66656506061554 3.75473517179489 4.19303923845291 3.68423384428024 3.32853788137436 2.98901474475861 2.3607285618782 2.19956624507904 1.94924926757812 1.47288823127747 1.30446973443031 1.57739102840424 1.48865246772766 1.35900378227234 1.09916478395462 1.1927482187748 1.39289098978043 1.77360373735428 2.07262283563614 2.2610040307045 2.49049043655396 2.7737107872963 2.96977508068085 2.98863905668259 3.08351790904999 3.20893943309784 3.29606866836548 3.29641592502594 3.35088765621185 4.69291459886651 3.42093944549561 -9999 -9999 -9999 -9999 -9999 -9999 -9999 -9999 -9999 -9999 -9999 -9999 -9999 -9999 -9999 -9999 -9999 -9999 -9999 -9999 -9999 -9999 -9999 -9999 -9999 -9999 -9999 -9999 -9999 -9999
-9999 -9999 -9999 -9999 -9999 3.37628874025847 3.20504969358444 2.20602375268936 1.91926950216293 1.86164849996567 1.74179255962372 1.50039678812027 1.38627675175667 1.31267327070236 1.1969812810421 1.4428822696209 1.86993455886841 2.01525592803955 2.13530176877975 2.4384908080101 2.52324968576431 2.68744575977325 2.70454806089401 2.95226472616196 3.35219085216522 3.38907158374786 -9999 -9999 -9999 -9999 -9999 -9999 -9999 -9999 -9999 -9999 -9999 -9999 -9999 -9999 -9999 -9999 -9999 -9999 -9999 -9999 -9999 -9999 -9999 -9999 -9999 -9999 -9999 -9999 -9999 -9999 -9999 -9999 -9999 -9999 -9999 -9999
-9999 -9999 -9999 -9999 -9999 -9999 2.87544536590576 1.58927857875824 1.19665423035622 1.39401671290398 1.46085298061371 1.09800446033478 1.09330576658249 1.10940000414848 1.14085721969604 1.89975303411484 2.22875994443893 2.10006523132324 2.32487332820892 2.66362506151199 2.67254769802094 2.80722141265869 2.88065332174301 3.51541108744485 -9999 -9999 -9999 -9999 -9999 -9999 -9999 -9999 -9999 -9999 -9999 -9999 -9999 -9999 -9999 -9999 -9999 -9999 -9999 -9999 -9999 -9999 -9999 -9999 -9999 -9999 -9999 -9999 -9999 -9999 -9999 -9999 -9999 -9999 -9999 -9999 -9999 -9999
