EcologicalScience/Bass/data/rs_data_bass/chl_532.asc
NCOLS 226 
NROWS 124 
XLLCORNER -9.41648524995501 
YLLCORNER 47.587301625531 
CELLSIZE 0.0833 
NODATA_value -9999 
[rows 54 to 80 of 124, columns 122 to 182 of 226]
1.54757899045944 1.63702476024628 1.9785173535347 2.10357463359833 1.59695792198181 1.87806335091591 1.77337709069252 1.76927652955055 1.90877124667168 1.71408140659332 1.54063180088997 1.58056385815144 1.65084207057953 1.59301480650902 1.50473892688751 1.30275839567184 1.22960355877876 1.20425257086754 1.22479864954948 1.20430505275726 1.30424398183823 1.3491088449955 1.28470891714096 1.40230022370815 1.47740243375301 1.5580799728632 1.62556940317154 1.77212771773338 1.99945566058159 2.22846427559853 2.31372812390327 2.25980195403099 2.09930580854416 1.97045177221298 1.89082190394402 1.82349702715874 1.98489037156105 1.99922946095467 1.94526600837708 2.12708893418312 2.44420883059502 1.97177508473396 1.43757703900337 1.13744924962521 1.29495200514793 1.5449336618185 2.03608644008636 2.91277503967285 1.92128437757492 1.93579924106598 2.21378195285797 3.45262277126312 3.40265357494354 7.14871001243591 9.29163432121277 10.0958404541016 7.61413636207581 6.89323024749756 6.73129420280457 11.2445264543806 9.12305030822754
1.56694185733795 1.58865755796432 1.62375283241272 1.7352089881897 1.76540619134903 1.87002530694008 1.74380734562874 1.68673995137215 1.8724245429039 1.96748211979866 1.6324896812439 1.45326425135136 1.53971184790134 1.42319141328335 1.42527057230473 1.45352223515511 1.55294895172119 1.57558500766754 1.47271504998207 1.56739264726639 1.55834823846817 1.43652686476707 1.34992057085037 1.43499997258186 1.53333525359631 1.62132476270199 1.68220049142838 1.83138781785965 2.00829568505287 2.18391063809395 2.23957568407059 2.2819202542305 2.14319944381714 1.98641619086266 1.95367392897606 1.78029084205627 1.61469617486 1.43153540790081 1.35439369082451 1.78593085706234 1.82784828543663 1.45107042789459 1.16442283987999 1.13208527863026 1.25040931999683 1.58504422008991 2.86689412593842 3.8612494468689 2.26366102695465 2.32189786434174 2.15821695327759 4.87659156322479 5.63241988420486 6.16636419296265 6.50068473815918 6.91573476791382 9.03522148132324 9.37022137641907 10.5720698833466 -9999 -9999
1.46288904547691 1.71515285968781 2.20119774341583 2.01271131634712 1.93979984521866 1.84142205119133 1.74785497784615 1.71263971924782 1.85236224532127 1.95453536510468 1.71582904458046 1.52900987863541 1.22097533941269 1.23412629961967 1.20313534140587 1.54822683334351 1.67771583795547 1.65570813417435 1.57101505994797 1.60589772462845 1.66875475645065 1.71453487873077 1.79252135753632 1.63091835379601 1.71466165781021 1.74521590769291 1.6976967304945 1.75130912661552 1.93185728788376 2.05276697874069 2.05502673983574 2.0853975713253 1.9236221909523 1.78607028722763 1.69652697443962 1.37399563193321 1.12990370392799 1.17889299988747 1.39761158823967 1.5721887499094 1.44464108347893 1.19444341957569 1.08504045009613 1.15958453714848 1.47390054166317 2.30229386687279 4.07878446578979 3.75686895847321 3.3464423418045 5.56582760810852 5.47576993703842 7.01121854782104 6.03170299530029 7.74389219284058 7.53244042396545 10.6249351501465 12.9855963587761 -9999 -9999 -9999 -9999
2.88039234280586 2.48172247409821 2.27762585878372 2.02452474832535 1.95410308241844 1.90759608149529 1.84154677391052 1.74163797497749 1.66328483819962 1.63190326094627 1.75073271989822 1.52625837922096 1.47388762235641 1.61762496829033 1.59174129366875 1.54981648921967 1.55507415533066 1.71490252017975 1.73785775899887 1.77568513154984 1.94482684135437 2.04039216041565 2.06250357627869 1.90644827485085 1.90469053387642 1.9242397248745 1.79114364087582 1.80621394515038 2.03191146254539 1.99926495552063 1.99322122335434 2.06047010421753 1.74372442066669 0.714008152484894 0.714561268687248 0.947950333356857 0.894182950258255 1.06334947049618 1.19667233526707 1.23995742201805 1.16851343214512 1.05825756490231 0.978875622153282 1.27609097957611 2.11553156375885 3.21008375287056 11.1068730354309 11.1068723201752 7.88712501525879 -9999 5.75673699378967 9.51051092147827 9.04197120666504 8.77773141860962 9.12413048744202 13.0060515403748 -9999 -9999 -9999 -9999 -9999
3.30772197246552 2.61936217546463 2.69667154550552 2.37843453884125 2.21171361207962 1.92206794023514 1.56801214814186 1.49686820805073 1.34762670099735 1.24513421952724 1.07987956702709 1.23348681628704 1.73365920782089 1.71094125509262 1.52013520896435 1.5192403793335 1.65502399206161 1.7523604631424 2.12477177381516 2.13147711753845 2.07013875246048 1.88980507850647 1.87753289937973 1.93280258774757 1.91688573360443 1.92847761511803 1.79549333453178 1.7961990237236 1.76283422112465 1.71111457049847 1.67780184745789 1.86386002600193 0.822103500366211 0.794056087732315 0.741692170500755 0.819402247667313 0.895779401063919 0.900876760482788 0.869223564863205 0.887118369340897 0.876468747854233 0.82959195971489 0.872231841087341 1.2353667318821 2.8079137802124 6.09674835205078 10.8298316001892 14.3049259185791 10.812452173233 7.0326611995697 9.0160174369812 8.93049931526184 8.83444833755493 11.0750727653503 12.0589256286621 28.1176986694336 -9999 -9999 -9999 -9999 -9999
22.1097904168642 4.60764112034623 5.06625851869583 8.0401965379715 5.34900916814804 3.05960065126419 2.26979565620422 2.16990375518799 1.50634172558784 1.503602206707 1.72775074839592 1.79077363014221 1.73248261213303 1.68384066224098 1.5867802798748 1.60031095147133 1.64866371452808 1.63586962223053 1.99377501010895 2.40502059459686 2.29537600278854 1.9848335981369 1.74633210897446 1.73848807811737 1.84273016452789 1.7913590669632 1.731301009655 1.73629948496819 1.75988611578941 1.67927142977715 1.66220846772194 1.5493581444025 0.806119501590729 0.789307862520218 0.722491756081581 0.771564960479736 0.725480049848557 0.687625721096992 0.661418795585632 0.686044782400131 0.696906745433807 0.750918388366699 0.939996421337128 1.61979657411575 3.58672142028809 9.20436644554138 17.4615726470947 19.400390625 7.97607493400574 6.41624593734741 8.09273815155029 9.20105767250061 43.2539534568787 39.6853594779968 38.2111587524414 53.3264679908752 -9999 -9999 -9999 -9999 -9999
-9999 -9999 -9999 -9999 -9999 -9999 -9999 2.28387522697449 3.29375061392784 1.73277470469475 1.95841321349144 1.86180353164673 2.01140570640564 1.96877789497375 1.95367965102196 2.01206955313683 1.88109362125397 2.4943653345108 2.41814678907394 2.06569415330887 2.00818133354187 1.93285900354385 1.72423553466797 1.71012867987156 1.63269965350628 1.51944288611412 1.60159251093864 1.59972690045834 1.5141684114933 1.45897087454796 1.26328262686729 1.16059058904648 1.14535170793533 0.863659501075745 0.799052864313126 0.681373804807663 0.580734014511108 0.516112580895424 0.52134682238102 0.618223920464516 0.733430072665215 0.774608731269836 0.988081991672516 2.12088042497635 6.22720527648926 20.2950267791748 28.6694955825806 18.0660799026489 -9999 -9999 -9999 -9999 37.5309956073761 38.1471419334412 37.419659614563 38.4182109832764 -9999 -9999 -9999 -9999 -9999
-9999 -9999 -9999 -9999 -9999 -9999 -9999 -9999 -9999 -9999 2.61025214195251 1.74115365743637 2.3452265560627 2.26927497982979 2.13890638947487 2.40089821815491 3.07960402965546 2.86042249202728 2.45403116941452 2.12850737571716 1.76769876480103 1.68764072656631 1.57451409101486 1.563805103302 1.34453116357327 1.2659215182066 0.64870673418045 0.667600974440575 0.672771602869034 0.630264669656754 0.657866299152374 0.720343932509422 0.810041069984436 0.848410338163376 0.717438653111458 0.636327132582664 0.576412081718445 0.53794701397419 0.506032660603523 0.618235856294632 0.648475974798203 0.868738263845444 1.98121404647827 4.18139755725861 11.468079328537 29.0935878753662 52.7926940917969 29.0682649612427 -9999 -9999 -9999 -9999 17.548882484436 53.6857395172119 54.9043159484863 33.2635531425476 35.4498839378357 39.193784236908 24.8098468780518 -9999 -9999
-9999 -9999 -9999 -9999 -9999 -9999 -9999 -9999 -9999 -9999 -9999 2.25237661600113 2.20184209942818 2.12407127022743 2.59583222866058 2.59868395328522 3.19770169258118 2.9529994726181 2.49779123067856 2.12162160873413 1.72594839334488 1.4839705824852 1.31557810306549 1.07363399863243 0.975287139415741 1.20596864819527 0.629354193806648 0.668806046247482 0.657451987266541 0.634933054447174 0.69012513756752 0.695707350969315 0.739718645811081 0.763264685869217 0.764601945877075 0.804429531097412 0.705709710717201 0.647613599896431 0.586988613009453 0.593889221549034 0.722052231431007 1.34109261631966 2.60482460260391 5.51429629325867 12.912682056427 27.6066627502441 8.95113396644592 -9999 -9999 -9999 -9999 -9999 -9999 -9999 44.7965669631958 40.1284775733948 43.6954121589661 46.9742217063904 10.8786277770996 -9999 -9999
-9999 -9999 -9999 -9999 -9999 -9999 -9999 -9999 -9999 -9999 -9999 4.3704868555069 3.44522714614868 2.82630237936974 2.99941518902779 2.86587220430374 3.34166049957275 3.30799412727356 2.55794298648834 2.09234029054642 1.70625257492065 1.36951178312302 1.1762335896492 1.17021372914314 0.911399602890015 0.67565855383873 0.723104014992714 0.688487559556961 0.66381074488163 0.637541905045509 0.594153463840485 0.683542460203171 0.769599080085754 0.767804503440857 0.888121426105499 0.892560929059982 1.02888366580009 1.13548314571381 1.01700907945633 1.25982338190079 1.81461578607559 4.06676092743874 7.367023229599 6.52528882026672 12.3775562345982 21.1921251118183 9.32582879066467 33.0447750091553 -9999 -9999 -9999 10.464736032486 8.96782565116882 8.52565920352936 7.70085525512695 9.52185344696045 23.0083265304565 40.7465972900391 16.0907589708056 -9999 -9999
-9999 -9999 -9999 -9999 -9999 -9999 -9999 -9999 -9999 -9999 -9999 4.33845346314567 2.97578698396683 3.03627401590347 3.23174357414246 3.25236314535141 3.13811588287354 2.63891476392746 2.38253009319305 1.96309661865234 1.59433954954147 1.29856118559837 1.28034228086472 1.24398082494736 1.0024628341198 0.698204219341278 0.789313584566116 0.748300820589066 0.643768072128296 0.641976892948151 0.739586234092712 0.84666833281517 0.888534486293793 0.948505103588104 0.927623301744461 1.03076264262199 0.964545339345932 0.901992648839951 1.0264108479023 1.23396089673042 2.23597660660744 13.7182416915894 14.0595989227295 10.2022161483765 18.8480143547058 48.4255428314209 14.5943435668945 -9999 -9999 -9999 -9999 8.70255696773529 8.49886322021484 7.84101247787476 7.47548866271973 7.64149653911591 8.64669191837311 -9999 -9999 -9999 -9999
-9999 -9999 -9999 -9999 -9999 -9999 -9999 -9999 -9999 -9999 -9999 3.67937564849854 2.92341721057892 2.82554930448532 3.05244469642639 2.96382397413254 2.28793519735336 2.01521730422974 1.89124363660812 1.71781200170517 1.48387348651886 1.19711065292358 1.17001193761826 1.13742443919182 0.817380577325821 0.69490921497345 0.603148430585861 0.566980049014091 0.580587521195412 0.673667103052139 0.834006518125534 0.919365495443344 1.0234400331974 1.10183501243591 0.943539708852768 0.948806941509247 0.753581285476685 0.677420988678932 0.864441365003586 1.89540231227875 4.94200551509857 9.53042793273926 14.3303546905518 29.4256467819214 38.2423095703125 14.2415553331375 3.86466658115387 -9999 -9999 -9999 -9999 -9999 9.23004984855652 7.80832636356354 8.0799395442009 8.181261241436 -9999 -9999 -9999 -9999 -9999
-9999 -9999 -9999 -9999 -9999 -9999 -9999 -9999 -9999 -9999 -9999 4.11279094219208 3.22197595238686 1.92728501558304 1.9251953959465 1.99836319684982 1.73880189657211 1.62934631109238 1.5598424077034 1.50631767511368 1.48025938868523 1.29507967829704 1.26327574253082 1.06494346261024 0.762295782566071 0.629443511366844 0.622051298618317 0.62103545665741 0.6112180352211 0.639801353216171 0.733295381069183 0.846707403659821 0.97989821434021 1.08868941664696 1.03041931986809 1.04126581549644 0.82481923699379 0.929110944271088 2.18580883741379 6.00200843811035 10.270427942276 13.4165625572205 16.2832632064819 18.4977879524231 21.0720705986023 13.1437840461731 3.86466693878174 -9999 -9999 -9999 -9999 12.1949715614319 -9999 -9999 -9999 -9999 -9999 -9999 -9999 -9999 -9999
-9999 -9999 -9999 -9999 -9999 -9999 -9999 -9999 -9999 -9999 -9999 2.65263283252716 3.16055774688721 2.57165640592575 2.26905530691147 2.29118067026138 2.13531482219696 1.96560823917389 1.57852649688721 1.63791185617447 1.60097444057465 1.45561131834984 1.25756987929344 0.793304800987244 0.649866342544556 0.693819388747215 0.800762593746185 0.79925662279129 0.912365913391113 0.869267284870148 0.842280954122543 0.851717859506607 0.829989641904831 0.862428277730942 0.902056217193604 0.94752824306488 1.1373784840107 1.57173478603363 3.74930620193481 7.58247470855713 10.0215017795563 11.3032350540161 11.9807617664337 12.1571073532104 14.1192569732666 -9999 -9999 -9999 -9999 -9999 -9999 -9999 -9999 -9999 -9999 -9999 -9999 -9999 -9999 -9999 -9999
-9999 -9999 -9999 -9999 -9999 -9999 -9999 -9999 -9999 -9999 4.1918597817421 3.45666897296906 3.32418787479401 2.94029742479324 2.85640722513199 2.57657754421234 2.39773947000504 2.17840969562531 1.81792026758194 1.66465705633163 1.49877494573593 1.24099338054657 0.878059297800064 0.669094517827034 0.810756325721741 0.932435899972916 0.997299045324326 1.0446555018425 0.993886739015579 0.862890869379044 0.929743051528931 0.955389082431793 1.03769624233246 1.23681226372719 1.30919972062111 1.36368450522423 1.6571826338768 2.77152281999588 4.74318265914917 5.99124348163605 6.05835199356079 6.72040057182312 7.83264327049255 9.42520952224731 -9999 -9999 -9999 -9999 -9999 -9999 -9999 -9999 -9999 -9999 -9999 -9999 -9999 -9999 -9999 -9999 -9999
-9999 -9999 -9999 -9999 -9999 -9999 -9999 -9999 -9999 3.28386068344116 3.37471497058868 3.2459020614624 3.31521964073181 3.2063444852829 2.98466330766678 2.43085008859634 2.16408151388168 2.02919125556946 1.73234778642654 1.34331053495407 1.16077163815498 0.870935708284378 0.777691662311554 0.826914310455322 0.880934536457062 0.986692428588867 1.11089015007019 1.2152507007122 1.22807613015175 1.20692744851112 1.34313994646072 1.41025963425636 1.44440013170242 1.66640603542328 2.08226984739304 2.44929260015488 2.93088448047638 3.98776459693909 4.88217616081238 4.93031001091003 4.37272703647614 5.28649055957794 6.3054563999176 5.69786846637726 3.25656187534332 -9999 -9999 -9999 -9999 -9999 -9999 -9999 -9999 -9999 -9999 -9999 -9999 -9999 -9999 -9999 -9999
-9999 -9999 -9999 -9999 -9999 -9999 -9999 -9999 3.57577067613602 3.92266720533371 3.7286901473999 3.24344408512115 3.25387215614319 3.04693043231964 2.96885615587234 2.45389544963837 1.79404270648956 1.52763676643372 1.28707042336464 1.18196386098862 0.948595851659775 0.869421243667603 0.931321799755096 0.927991479635239 0.981769144535065 1.06252357363701 1.16055598855019 1.27038618922234 1.3586131632328 1.4502968788147 1.53917366266251 1.64144629240036 2.040911257267 2.5197468996048 2.77659434080124 2.82031613588333 3.22254574298859 3.8770877122879 4.96283340454102 4.99648153781891 4.69521760940552 3.45451957838876 -9999 -9999 -9999 -9999 -9999 -9999 -9999 -9999 -9999 -9999 -9999 -9999 -9999 -9999 -9999 -9999 -9999 -9999 -9999
-9999 -9999 -9999 -9999 -9999 -9999 4.03413283824921 3.85284715890884 3.5849814414978 3.52168619632721 3.03013265132904 3.06283056735992 3.08270537853241 3.00132644176483 2.67504161596298 2.08008706569672 1.75364059209824 1.46187517046928 1.2422177195549 1.09503364562988 0.994635432958603 0.979619085788727 0.968405842781067 0.981169134378433 0.96962758898735 1.11703088879585 1.2321310043335 1.30194899439812 1.55239105224609 2.02246928215027 2.52281033992767 2.88270092010498 3.52171003818512 4.33076441287994 5.52100431919098 7.84877729415894 7.96939301490784 5.55087733268738 3.98532915115356 3.73810708522797 -9999 -9999 -9999 -9999 -9999 -9999 -9999 -9999 -9999 -9999 -9999 -9999 -9999 -9999 -9999 -9999 -9999 -9999 -9999 -9999 -9999
-9999 -9999 -9999 -9999 -9999 -9999 3.58174769083659 3.46247836947441 3.46347975730896 3.38622391223907 2.99781739711761 2.64696228504181 2.32498866319656 2.3867472410202 2.17593365907669 2.0687073469162 1.64989203214645 1.30808436870575 1.18551501631737 1.04009252786636 0.998171746730804 0.950748860836029 0.938723266124725 1.04726448655128 1.26340055465698 1.56735634803772 1.67080146074295 1.75625824928284 2.23357146978378 2.96508604288101 3.70108187198639 4.77597784996033 7.50663113594055 9.21789264678955 9.90014433860779 8.4764506816864 6.23896908760071 4.45559871196747 4.75395405292511 7.10849383298088 -9999 -9999 -9999 -9999 -9999 -9999 -9999 -9999 -9999 -9999 -9999 -9999 -9999 -9999 -9999 -9999 -9999 -9999 -9999 -9999 -9999
-9999 -9999 -9999 -9999 3.63775050640106 3.61990610758464 3.55728658040365 2.53018856048584 2.51864665746689 2.81101727485657 2.94963419437408 2.53346693515778 2.33793103694916 2.26669192314148 2.31028747558594 1.89842176437378 1.2671619951725 1.15282237529755 1.05478852987289 1.08199381828308 1.03593590855598 0.936513483524323 1.02940437197685 1.37329941987991 1.70670247077942 2.09191203117371 2.38749217987061 3.10857403278351 3.95282757282257 5.0224996805191 6.16843628883362 8.18139839172363 9.30287647247314 8.58855128288269 8.32776546478271 7.22233271598816 7.44317650794983 6.43953703343868 -9999 -9999 -9999 -9999 -9999 -9999 -9999 -9999 -9999 -9999 -9999 -9999 -9999 -9999 -9999 -9999 -9999 -9999 -9999 -9999 -9999 -9999 -9999
-9999 -9999 -9999 4.29059250354767 3.20840013027191 3.21118712425232 2.457923412323 2.37047517299652 2.57745981216431 2.90318995714188 2.83868032693863 2.3670015335083 1.77757483720779 1.6183642745018 1.83090198040009 1.35015043616295 1.06082063913345 1.05500721931458 1.23574635386467 1.24872654676437 1.11557579040527 1.14381203055382 1.34182700514793 1.65353375673294 1.90126436948776 2.29556035995483 3.10358905792236 4.7111588716507 5.3789187669754 5.54822945594788 5.72132134437561 5.79492509365082 5.73113536834717 5.95706069469452 6.20167136192322 6.92006492614746 -9999 -9999 -9999 -9999 -9999 -9999 -9999 -9999 -9999 -9999 -9999 -9999 -9999 -9999 -9999 -9999 -9999 -9999 -9999 -9999 -9999 -9999 -9999 -9999 -9999
-9999 -9999 3.53835147619247 2.88643044233322 2.59434002637863 2.59263110160828 2.40987592935562 2.45558077096939 2.46923321485519 2.41953492164612 2.49850559234619 1.94216752052307 1.38496980071068 1.35952717065811 1.24086865782738 0.985844224691391 1.18688973784447 1.38469898700714 1.47256019711494 1.26214876770973 1.31113564968109 1.42215621471405 1.5191752910614 1.68235498666763 2.02402657270432 2.50042605400085 3.43797934055328 4.25718176364899 3.99405348300934 4.00791728496552 4.45615267753601 4.75959527492523 5.04578518867493 4.76675891876221 4.17894852161407 7.26635164480943 7.21305950788351 7.20428659365727 -9999 -9999 -9999 -9999 -9999 -9999 -9999 -9999 -9999 -9999 -9999 -9999 -9999 -9999 -9999 -9999 -9999 -9999 -9999 -9999 -9999 -9999 -9999
4.65751844644547 2.87562918663025 2.7038848400116 2.62180888652802 2.68449926376343 2.77007067203522 2.6811917424202 2.55695468187332 2.40676188468933 2.38589626550674 2.31565207242966 1.85553270578384 1.47788661718369 1.16757988929749 1.0568599998951 1.14769765734673 1.32040572166443 1.33658149838448 1.29271638393402 1.3398574590683 1.4856883585453 1.41055101156235 1.60127860307693 2.10799813270569 2.5143975019455 3.27399408817291 3.87428784370422 3.71739077568054 3.86946737766266 4.47048425674438 4.86529040336609 4.58349823951721 4.43735122680664 -9999 -9999 -9999 -9999 -9999 -9999 -9999 -9999 -9999 -9999 -9999 -9999 -9999 -9999 -9999 -9999 -9999 -9999 -9999 -9999 -9999 -9999 -9999 -9999 -9999 -9999 -9999 -9999
4.22236275672913 4.06109529733658 3.72184163331985 2.81950807571411 2.86767250299454 2.85309845209122 2.69959956407547 2.44070148468018 2.38695323467255 2.67775565385818 2.66205471754074 2.13865345716476 1.53882998228073 1.14332780241966 1.11203053593636 1.13039687275887 1.26806616783142 1.36148920655251 1.47164064645767 1.48171922564507 1.45301449298859 1.93615543842316 2.49893796443939 2.7848784327507 3.39985406398773 4.2953360080719 4.45908200740814 4.22222292423248 4.49339532852173 3.67188638448715 4.11034467816353 4.43042800426483 4.01969289779663 5.17192411422729 -9999 -9999 -9999 -9999 -9999 -9999 -9999 12.6942715644836 -9999 -9999 -9999 -9999 -9999 -9999 -9999 -9999 -9999 -9999 -9999 -9999 -9999 -9999 -9999 -9999 -9999 -9999 -9999
-9999 -9999 4.52490547299385 4.5231728553772 4.55534434318542 4.38304030895233 4.42731285095215 4.34819512367249 3.41154778003693 3.19388473033905 2.94153428077698 1.8654425740242 1.32395499944687 1.16934621334076 1.21394768357277 1.19125315546989 1.38741892576218 1.48291370272636 1.51319807767868 1.4865590929985 1.87110221385956 2.30029606819153 2.61727005243301 3.16027021408081 4.13452792167664 4.33129835128784 3.89948916435242 3.74945712089539 3.63994157314301 3.73342192173004 3.14335906505585 3.61796075105667 3.68728296323256 3.42093944549561 -9999 -9999 -9999 -9999 -9999 -9999 -9999 -9999 -9999 -9999 -9999 -9999 -9999 -9999 -9999 -9999 -9999 -9999 -9999 -9999 -9999 -9999 -9999 -9999 -9999 -9999 -9999
-9999 -9999 -9999 -9999 -9999 -9999 -9999 3.62673321137061 3.34947037696838 3.08127951622009 2.37152892351151 1.34056323766708 1.24097004532814 1.3838803768158 1.30136168003082 1.49211242794991 1.62428712844849 1.5819286108017 1.55489033460617 1.71390742063522 2.062535405159 2.42956960201263 2.61136955022812 3.02698373794556 3.08906507492065 6.61898601055145 5.6930319070816 6.16348108649254 3.52227307856083 -9999 -9999 -9999 -9999 -9999 -9999 -9999 -9999 -9999 -9999 -9999 -9999 -9999 -9999 -9999 -9999 -9999 -9999 -9999 -9999 -9999 -9999 -9999 -9999 -9999 -9999 -9999 -9999 -9999 -9999 -9999 -9999
-9999 -9999 -9999 -9999 -9999 -9999 -9999 3.32499479330503 2.16350394487381 2.00113409757614 1.31440964341164 1.20882993936539 1.38373517990112 1.38300222158432 1.4556530714035 1.46571761369705 1.51676040887833 1.80997967720032 2.08103585243225 2.20819079875946 2.35389697551727 2.64127832651138 3.14618325233459 3.4779599905014 4.39852130413055 16.4145125150681 -9999 -9999 -9999 -9999 -9999 -9999 -9999 -9999 -9999 -9999 -9999 -9999 -9999 -9999 -9999 -9999 -9999 -9999 -9999 -9999 -9999 -9999 -9999 -9999 -9999 -9999 -9999 -9999 -9999 -9999 -9999 -9999 -9999 -9999 -9999
