EcologicalScience/Bass/data/rs_data_bass/chl_104.asc
NCOLS 226 
NROWS 124 
XLLCORNER -9.41648524995501 
YLLCORNER 47.587301625531 
CELLSIZE 0.0833 
NODATA_value -9999 
[rows 81 to 107 of 124, columns 62 to 123 of 226]
3.85158455371857 5.97498106956482 7.6620512008667 7.66205191612244 -9999 -9999 -9999 -9999 -9999 -9999 -9999 -9999 -9999 -9999 -9999 -9999 -9999 -9999 -9999 -9999 -9999 -9999 -9999 -9999 -9999 -9999 -9999 -9999 -9999 -9999 -9999 -9999 -9999 -9999 -9999 -9999 -9999 -9999 -9999 -9999 -9999 -9999 -9999 -9999 -9999 -9999 -9999 -9999 -9999 -9999 -9999 -9999 -9999 -9999 -9999 -9999 -9999 -9999 -9999 -9999 -9999 -9999
2.85149972618205 -9999 -9999 -9999 -9999 -9999 -9999 -9999 -9999 -9999 -9999 -9999 -9999 -9999 -9999 -9999 -9999 -9999 -9999 -9999 -9999 -9999 -9999 -9999 -9999 -9999 -9999 -9999 -9999 -9999 -9999 -9999 -9999 -9999 -9999 -9999 -9999 -9999 -9999 -9999 -9999 -9999 -9999 -9999 -9999 -9999 -9999 -9999 -9999 -9999 -9999 -9999 -9999 -9999 -9999 -9999 -9999 -9999 -9999 -9999 -9999 -9999
-9999 -9999 -9999 -9999 -9999 -9999 -9999 -9999 -9999 -9999 -9999 -9999 -9999 -9999 -9999 -9999 -9999 -9999 -9999 -9999 -9999 -9999 -9999 -9999 -9999 -9999 -9999 -9999 -9999 -9999 -9999 -9999 -9999 -9999 -9999 -9999 -9999 -9999 -9999 -9999 -9999 -9999 -9999 -9999 -9999 -9999 -9999 -9999 -9999 -9999 -9999 -9999 -9999 -9999 -9999 -9999 -9999 -9999 -9999 -9999 -9999 -9999
-9999 -9999 -9999 -9999 -9999 -9999 -9999 -9999 -9999 -9999 -9999 -9999 -9999 -9999 -9999 -9999 -9999 -9999 -9999 -9999 -9999 -9999 -9999 -9999 -9999 -9999 -9999 -9999 -9999 -9999 -9999 -9999 -9999 -9999 -9999 -9999 -9999 -9999 -9999 -9999 -9999 -9999 -9999 -9999 -9999 -9999 -9999 -9999 -9999 -9999 -9999 -9999 -9999 -9999 -9999 -9999 -9999 2.98282701628549 3.85870778560638 3.29045033454895 3.43503749370575 3.2676397562027
-9999 -9999 -9999 -9999 -9999 -9999 -9999 -9999 -9999 -9999 -9999 -9999 -9999 -9999 -9999 -9999 -9999 -9999 -9999 -9999 -9999 -9999 -9999 -9999 -9999 -9999 -9999 -9999 -9999 -9999 -9999 -9999 -9999 -9999 -9999 -9999 37.1749906539917 -9999 4.1517151594162 3.47674584388733 -9999 -9999 3.93590641021729 7.32051157951355 7.0219509601593 5.34434866905212 4.58182346820831 3.71228492259979 3.5367157459259 2.9248132109642 2.87259525060654 2.43554466962814 -9999 -9999 -9999 3.80439305305481 3.55079412460327 3.30396151542664 3.16080665588379 2.79591304063797 2.35503745079041 2.15157973766327
-9999 -9999 -9999 -9999 -9999 -9999 -9999 -9999 -9999 -9999 -9999 -9999 -9999 3.58721089944607 2.34033000469208 2.84565979242325 3.34388709068298 4.12594127655029 1.12509450316429 -9999 -9999 -9999 -9999 -9999 -9999 -9999 -9999 -9999 2.20146077871323 2.34730803966522 3.1412136554718 3.23201537132263 -9999 3.66949796676636 -9999 -9999 -9999 -9999 2.91281926631927 2.95073783397675 3.36065626144409 3.24145138263702 3.33353090286255 3.33921432495117 3.13538610935211 2.91260629892349 2.65934175252914 2.48225623369217 2.43870967626572 2.42063319683075 2.46381068229675 2.63716578483582 3.02633464336395 3.10540187358856 2.95224970579147 2.92816650867462 2.78147256374359 2.62175023555756 2.38542973995209 2.1801974773407 1.87808775901794 1.7742315530777
-9999 -9999 -9999 -9999 -9999 -9999 -9999 -9999 -9999 -9999 2.53497419804335 1.80782032012939 1.74580800533295 1.54506075382233 1.72946923971176 2.34658116102219 2.75999253988266 3.3498158454895 3.73222196102142 2.55676120519638 5.69573628902435 -9999 2.45940667390823 2.38026756048203 1.61072033643723 -9999 -9999 2.08251231908798 2.40488398075104 2.40388494729996 2.65893083810806 2.62059152126312 2.71866595745087 2.80576121807098 -9999 -9999 2.49158215522766 3.05770719051361 3.13703405857086 2.88204306364059 2.88796055316925 2.90492552518845 2.68573808670044 2.52663069963455 2.40729367733002 2.40155178308487 2.28078746795654 2.12750619649887 2.06005042791367 1.94854420423508 2.02377605438232 2.13742429018021 2.155277967453 2.15689426660538 2.12217146158218 2.10181206464767 2.10807377099991 2.02794152498245 1.8849892616272 1.7365717291832 1.51988482475281 1.42622324824333
-9999 -9999 -9999 -9999 -9999 -9999 -9999 -9999 -9999 1.7907532453537 1.66354644298553 1.54779446125031 1.36124923825264 1.37820822000504 1.46758648753166 1.47842627763748 1.4159280359745 1.36389300227165 1.39369198679924 1.47239246964455 1.61816918849945 2.27378332614899 1.62682431936264 1.65122097730637 1.65949130058289 1.83615678548813 1.95416253805161 2.22019797563553 2.19867146015167 2.21022301912308 2.311414539814 2.37390303611755 2.45171016454697 2.67187571525574 3.06099450588226 3.16493010520935 3.15623867511749 3.0549201965332 2.75907522439957 2.79831755161285 2.82541573047638 2.85767108201981 2.39272499084473 2.11889916658401 2.06906175613403 2.00789093971252 1.93693882226944 1.88200575113297 1.89902472496033 1.87955170869827 1.904441177845 1.96689820289612 1.95776474475861 1.90126955509186 1.9088362455368 1.84714794158936 1.7841135263443 1.66959983110428 1.53823953866959 1.47296771407127 1.44895872473717 1.46735027432442
-9999 -9999 -9999 -9999 -9999 -9999 -9999 -9999 -9999 1.30802553892136 1.05576145648956 0.969359278678894 0.929362535476685 1.00037696957588 0.961919277906418 0.999293982982635 1.26364123821259 1.16651397943497 1.21017149090767 1.31443950533867 1.31263428926468 1.41055127978325 1.51426720619202 1.68327069282532 1.76521646976471 1.88271600008011 1.99097317457199 2.08273583650589 2.12777316570282 2.14372497797012 2.15931004285812 2.08995598554611 2.17142182588577 2.26765948534012 2.48452341556549 2.62180119752884 2.635746717453 2.65587973594666 2.61209553480148 2.83773154020309 2.88853883743286 2.76324445009232 2.11708492040634 2.04191172122955 2.03545653820038 2.01920396089554 1.99298626184464 1.93552869558334 1.87002378702164 1.78995448350906 1.79744017124176 1.77345156669617 1.75144493579865 1.69900041818619 1.69694924354553 1.69083148241043 1.61890947818756 1.44423151016235 1.36796253919601 1.34428721666336 1.47544276714325 1.65607792139053
-9999 -9999 -9999 -9999 -9999 -9999 -9999 -9999 -9999 1.11734622716904 0.968714207410812 0.953683465719223 0.853553205728531 0.709436237812042 0.653588980436325 0.693332254886627 0.875023484230042 1.18545895814896 1.18743753433228 1.16094446182251 1.44344553351402 1.54216879606247 1.69739180803299 1.87508618831635 1.93249726295471 1.9011082649231 1.91127008199692 2.01320922374725 1.99963492155075 1.95211797952652 1.96392452716827 1.87978202104568 1.91213554143906 1.97306621074677 2.08212304115295 2.24055522680283 2.32902520895004 2.46442580223083 2.36798626184464 2.22010642290115 2.15920954942703 2.02418321371078 1.74290692806244 1.78466928005219 1.79895007610321 1.78589630126953 1.87106323242188 1.88126170635223 1.85766452550888 1.75413233041763 1.64018404483795 1.59660816192627 1.59771823883057 1.48351576924324 1.45468577742577 1.36648499965668 1.319998472929 1.28417551517487 1.31752046942711 1.45743298530579 1.86223644018173 2.05943030118942
1.90026891231537 1.82971358299255 1.57546198368073 1.56153899431229 -9999 -9999 -9999 1.50468295812607 1.70161271095276 1.54765123128891 1.28298676013947 1.30707523226738 1.1924070417881 1.07334226369858 1.07355523109436 1.15505477786064 1.31312620639801 1.203105032444 1.26737478375435 1.3072717487812 1.29486528038979 1.30020225048065 1.4011769592762 1.51012194156647 1.67361223697662 1.68586349487305 1.67790305614471 1.80353772640228 1.91722494363785 1.93099808692932 1.97945094108582 1.91204702854156 1.89972370862961 1.85203045606613 1.78758895397186 1.7546843290329 1.69674968719482 1.64368343353271 1.65746319293976 1.55907601118088 1.48872300982475 1.42821300029755 1.45780196785927 1.54031771421432 1.6085969209671 1.66407144069672 1.74553120136261 1.74533629417419 1.75151699781418 1.59390145540237 1.54432421922684 1.55300617218018 1.53243219852448 1.39172476530075 1.30323448777199 1.32650774717331 1.43997600674629 1.47159227728844 1.60255354642868 1.74743020534515 1.8522584438324 2.0505645275116
1.18617528676987 1.09531795978546 1.11959025263786 1.3174469769001 1.35661053657532 1.39632296562195 1.76552850008011 1.63535767793655 1.27904623746872 1.10981395840645 1.08797773718834 1.0720012485981 1.09804201126099 1.09550249576569 1.12873873114586 1.07767724990845 1.10131502151489 1.12625098228455 1.20949047803879 1.23174896836281 1.14460274577141 1.24362900853157 1.28621703386307 1.32088950276375 1.44863247871399 1.48333498835564 1.50555753707886 1.84991544485092 2.05942583084106 2.0103052854538 1.69480866193771 1.51010549068451 1.40682524442673 1.31696176528931 1.25365126132965 1.19260802865028 1.16293278336525 1.16585174202919 1.16436079144478 1.23300299048424 1.29718422889709 1.39304101467133 1.49427446722984 1.49801999330521 1.54457098245621 1.5627413392067 1.49936252832413 1.45390427112579 1.3787294626236 1.39088702201843 1.42773976922035 1.46521273255348 1.4523149728775 1.43279922008514 1.40993696451187 1.48357871174812 1.50400131940842 1.63641750812531 1.71536618471146 1.71879529953003 1.84384346008301 2.02286392450333
0.784165531396866 0.766327500343323 0.780927032232285 0.865690469741821 0.931281745433807 0.969355523586273 0.975009709596634 0.965783983469009 1.00908225774765 1.05073428153992 1.0698344707489 1.09555953741074 1.09639272093773 1.07954996824265 1.07693552970886 1.0662442445755 1.05639445781708 1.01758727431297 1.05018523335457 1.06686446070671 1.02538347244263 1.26089251041412 1.35229799151421 1.26267448067665 1.46899500489235 1.26986771821976 1.19245648384094 1.11327221989632 1.07939404249191 0.999345749616623 0.981291711330414 0.98731729388237 1.01948323845863 1.05697345733643 1.05464172363281 1.0769610106945 1.07291096448898 1.10305577516556 1.14279824495316 1.20440849661827 1.18751022219658 1.19185504317284 1.22231850028038 1.24758526682854 1.22091525793076 1.23847952485085 1.28682374954224 1.27847850322723 1.23541948199272 1.26855146884918 1.338309019804 1.40304154157639 1.44631353020668 1.42878225445747 1.49133378267288 1.55812722444534 1.74220794439316 1.79136228561401 1.79117023944855 1.75657045841217 2.07643121480942 3.07533073425293
0.744957000017166 0.760862231254578 0.75093001127243 0.741818994283676 0.729637518525124 0.717110261321068 0.707757756114006 0.702880516648293 0.738504007458687 0.809710532426834 0.933728992938995 1.05351448059082 1.09432196617126 1.15976026654243 1.11810001730919 1.20744824409485 1.2272752225399 1.21364548802376 1.04712903499603 1.00511848926544 1.01952373981476 1.27928102016449 1.28693103790283 1.34440049529076 1.25803649425507 1.0080292224884 0.952268242835999 0.906452268362045 0.882195711135864 0.880583971738815 0.871421992778778 0.876980245113373 0.887627989053726 0.895691961050034 0.896096974611282 0.917547762393951 0.974366962909698 1.00214248895645 1.03166404366493 1.10365802049637 1.11803698539734 1.12047377228737 1.1506282389164 1.14213448762894 1.13601225614548 1.09099951386452 1.07498252391815 1.1091990172863 1.17010501027107 1.31190821528435 1.36386224627495 1.40273103117943 1.44641026854515 1.63140821456909 1.75028926134109 1.7631608247757 1.77627682685852 1.78056907653809 1.89825743436813 2.24391603469849 3.9986879825592 4.82314503192902
0.619401007890701 0.612643495202065 0.601605758070946 0.591423019766808 0.579602256417274 0.565881729125977 0.557202011346817 0.552855759859085 0.573396742343903 0.613429516553879 0.674814730882645 0.86894702911377 0.964771538972855 1.04595753550529 1.03157320618629 1.02514725923538 1.12119153141975 1.20384451746941 1.37005877494812 1.41717973351479 1.38621899485588 1.38620853424072 1.43023645877838 1.36830970644951 1.31012025475502 1.13389125466347 0.959477216005325 0.900685518980026 0.904912501573563 0.928523987531662 0.968798965215683 0.971628785133362 1.00663948059082 1.00250852108002 1.06362524628639 1.09781920909882 1.14269775152206 1.18160176277161 1.23738151788712 1.28297701478004 1.29555523395538 1.28373974561691 1.28284800052643 1.28717324137688 1.26368173956871 1.23464772105217 1.23647171258926 1.247837215662 1.25113275647163 1.33246278762817 1.42351573705673 1.49927401542664 1.62073051929474 1.79145902395248 1.810631275177 1.81487166881561 2.81117928028107 3.7946240901947 4.8169881105423 5.63724839687347 5.94722485542297 5.91107618808746
0.571106985211372 0.551751002669334 0.542390987277031 0.527194485068321 0.505251735448837 0.488261997699738 0.481696486473083 0.493008747696877 0.539157763123512 0.579522013664246 0.640867486596107 0.740735247731209 0.78670272231102 0.797914534807205 0.823062747716904 0.885174036026001 0.91685476899147 0.975930780172348 1.14846673607826 1.19418972730637 1.16827574372292 1.06553703546524 0.97121474146843 0.9650017619133 0.92287203669548 0.971724718809128 0.983509540557861 0.992289751768112 1.00439178943634 1.07031297683716 1.14845851063728 1.19243404269218 1.15474873781204 1.14199277758598 1.16997528076172 1.2405007481575 1.28686729073524 1.34294477105141 1.37334752082825 1.45577922463417 1.475560516119 1.49712976813316 1.359530210495 1.26712721586227 1.23808121681213 1.22605195641518 1.32303375005722 1.29276823997498 1.34163522720337 1.56912750005722 1.65546083450317 1.6613849401474 1.59131473302841 1.77461850643158 2.20894128084183 3.08027994632721 5.30199909210205 5.5615611076355 5.93765115737915 5.87786757946014 6.11228370666504 4.40169310569763
0.528188243508339 0.466254740953445 0.447712495923042 0.439403235912323 0.438584983348846 0.454772248864174 0.470504254102707 0.49822273850441 0.565335765480995 0.602805733680725 0.627520501613617 0.653516247868538 0.65191425383091 0.650809496641159 0.650157004594803 0.741168737411499 0.78101921081543 0.835323750972748 0.761417984962463 0.757617741823196 0.791795969009399 0.852796465158463 0.966566294431686 0.996221244335175 1.00989300012589 1.13836723566055 1.36828351020813 1.43068653345108 1.41877725720406 1.40837252140045 1.32633528113365 1.2968969643116 1.32436046004295 1.40621772408485 1.5392205119133 1.66438204050064 1.63258266448975 1.55301368236542 1.53780376911163 1.42512077093124 1.43307754397392 1.5852255821228 1.61680501699448 1.39532777667046 1.38360071182251 1.38932999968529 1.3471454679966 1.4322330057621 1.54329746961594 1.43535599112511 1.34348702430725 1.44716396927834 1.88406604528427 3.49178338050842 4.3112940788269 4.5773788690567 1.92151000334399 -9999 -9999 -9999 -9999 -9999
0.403563737869263 0.379680767655373 0.36837150156498 0.379936516284943 0.393638983368874 0.448131009936333 0.469220995903015 0.484921485185623 0.520451992750168 0.519772499799728 0.524337753653526 0.536872521042824 0.550836011767387 0.552782267332077 0.567558020353317 0.588456764817238 0.573308989405632 0.59264999628067 0.661937981843948 0.843699038028717 0.835651516914368 0.902070790529251 1.11793577671051 1.13621252775192 0.987478494644165 1.54900717735291 1.69751554727554 1.60375085100532 1.70895606279373 1.47801375389099 1.43649226427078 1.71560472249985 1.55029875040054 2.54767119884491 2.82765823602676 2.58196645975113 2.4746618270874 2.1659579873085 1.85724002122879 1.48414573073387 1.44345527887344 1.73832446336746 2.36038202047348 2.25488483905792 2.20659220218658 2.15655666589737 1.74674481153488 1.86773318052292 1.81210058927536 1.5240615606308 1.77960669994354 2.53276419639587 3.728147149086 4.84903192520142 1.92764314618267 -9999 -9999 -9999 -9999 -9999 -9999 -9999
0.342584989964962 0.343896009027958 0.37906502187252 0.404191508889198 0.420654013752937 0.440694764256477 0.447260990738869 0.458739727735519 0.462998270988464 0.482777997851372 0.471398234367371 0.472643986344337 0.506265744566917 0.512492269277573 0.52639576792717 0.554412022233009 0.632068499922752 0.666581243276596 0.720467984676361 0.872759968042374 0.910848766565323 1.04797196388245 1.23882302641869 1.15496250987053 1.15702503919601 1.24785974621773 1.43554651737213 1.71288675069809 1.74235868453979 -9999 -9999 -9999 -9999 -9999 -9999 3.14426672458649 3.40748083591461 2.57558333873749 2.08735799789429 1.5582389831543 1.49207478761673 1.60084050893784 1.98568350076675 2.33580833673477 2.42774856090546 2.57602500915527 2.30464124679565 2.48007971048355 2.41704082489014 2.4900119304657 3.09081745147705 4.39960956573486 6.8686830997467 1.9762424826622 1.97624230384827 -9999 -9999 -9999 -9999 -9999 -9999 -9999
0.367793239653111 0.379627481102943 0.411634504795074 0.419865757226944 0.418593764305115 0.421320766210556 0.427627488970757 0.43189725279808 0.446114256978035 0.465029239654541 0.484504491090775 0.511229261755943 0.582722246646881 0.635579243302345 0.681657001376152 0.762712508440018 0.933221966028214 0.912771731615067 0.881453990936279 1.04521349072456 0.952557027339935 1.04448974132538 1.12844699621201 1.21423351764679 1.0902344584465 1.16419047117233 1.55805069208145 1.57328617572784 1.98320478200912 -9999 -9999 -9999 -9999 -9999 -9999 -9999 3.08757305145264 2.07000303268433 1.98799055814743 1.9399334192276 1.93571770191193 1.92614775896072 2.32480806112289 2.6326425075531 2.68175250291824 2.59299445152283 2.77122974395752 3.02019166946411 2.97442191839218 3.12666964530945 3.25945723056793 3.65024542808533 -9999 -9999 -9999 -9999 -9999 -9999 -9999 -9999 -9999 -9999
0.417971983551979 0.418944016098976 0.419258996844292 0.419454753398895 0.416814744472504 0.41312250494957 0.423408016562462 0.426829487085342 0.433608770370483 0.470558255910873 0.509672999382019 0.587840259075165 0.635429978370667 0.753622502088547 0.828642725944519 0.933250486850739 0.932949721813202 0.982685208320618 1.10113728046417 1.10078892701923 -9999 1.12492650747299 1.11328795552254 1.06387129426003 1.12668228149414 1.20625573396683 1.51824975013733 1.97776883840561 2.10613203048706 -9999 -9999 -9999 -9999 -9999 -9999 -9999 3.06944847106934 29.5144186019897 13.0660829544067 3.57059240341187 4.30764091014862 4.97661209106445 4.7765976190567 3.95006775856018 3.88585638999939 3.56882107257843 3.14419591426849 3.15064358711243 3.03883516788483 3.11121082305908 3.36562442779541 3.66797339916229 3.47102022171021 -9999 -9999 -9999 -9999 -9999 -9999 -9999 -9999 -9999
0.499232232570648 0.487997978925705 0.473733007907867 0.459866255521774 0.456033021211624 0.459789007902145 0.467278495430946 0.465477749705315 0.464328020811081 0.482874736189842 0.604794770479202 0.688275754451752 0.752740502357483 0.852120012044907 0.913566738367081 0.942297041416168 0.858316540718079 0.861051768064499 0.843274533748627 0.875729262828827 0.820644021034241 0.798915714025497 0.836618274450302 1.13702550530434 1.32093447446823 1.4440124630928 1.73739373683929 1.95676267147064 2.32534950971603 2.51916003227234 -9999 -9999 -9999 -9999 -9999 -9999 -9999 23.3336820602417 24.2452445470769 7.11949087679386 9.59874629974365 14.1762399673462 10.3321180343628 3.80105245113373 4.8201756477356 3.62790834903717 4.12479615211487 4.26143038272858 4.15428686141968 5.41509747505188 5.20459055900574 3.74410200119019 3.11826481979884 -9999 -9999 -9999 -9999 -9999 -9999 -9999 -9999 -9999
0.56707575917244 0.562951505184174 0.560478731989861 0.559485018253326 0.543659269809723 0.544117480516434 0.548538744449615 0.548725515604019 0.53913451731205 0.559159487485886 0.664373248815536 0.718152746558189 0.806854516267776 0.937267541885376 0.893121778964996 0.878558278083801 0.844319969415665 0.801719963550568 0.792977213859558 0.78093820810318 0.81082347035408 0.862874239683151 0.966785252094269 1.61948919296265 1.96682631969452 1.91229450702667 1.80542027950287 1.80204892158508 1.65776252746582 1.75852417945862 -9999 -9999 -9999 -9999 -9999 -9999 -9999 -9999 -9999 -9999 -9999 -9999 -9999 -9999 -9999 -9999 3.65490746498108 5.2457971572876 4.40483772754669 7.63561820983887 -9999 -9999 -9999 -9999 -9999 -9999 -9999 -9999 -9999 -9999 -9999 -9999
0.580576479434967 0.573446229100227 0.57906000316143 0.574912503361702 0.562266021966934 0.574009492993355 0.592248737812042 0.613459512591362 0.612328514456749 0.618599250912666 0.724752768874168 0.802049249410629 0.80951401591301 0.932042241096497 1.04726698994637 1.03089299798012 1.00197154283524 0.876379519701004 0.888511508703232 0.884447246789932 0.909494251012802 0.980831265449524 1.18079701066017 0.92991828918457 -9999 -9999 -9999 1.46952974796295 1.3946624994278 1.37657475471497 1.5827271938324 -9999 -9999 -9999 -9999 -9999 -9999 -9999 -9999 -9999 -9999 -9999 -9999 -9999 -9999 -9999 -9999 -9999 -9999 -9999 -9999 -9999 -9999 -9999 -9999 -9999 -9999 -9999 -9999 -9999 -9999 -9999
0.557006254792213 0.497759252786636 0.449584499001503 0.449084267020226 0.486086994409561 0.556106239557266 0.593695521354675 0.651328504085541 0.65606926381588 0.673064991831779 0.715407729148865 0.817508965730667 0.902692526578903 0.903245955705643 0.967362016439438 1.04162773489952 1.06355550885201 0.971084207296371 0.905747294425964 0.8984235227108 0.980832785367966 1.01235446333885 1.20107701420784 1.69406175613403 1.94727301597595 1.92537599802017 1.64543098211288 1.42719295620918 1.43017727136612 1.47282975912094 1.73330783843994 2.41234415000485 -9999 -9999 -9999 -9999 -9999 -9999 -9999 -9999 -9999 -9999 -9999 -9999 -9999 -9999 -9999 -9999 -9999 -9999 -9999 -9999 -9999 -9999 -9999 -9999 -9999 -9999 -9999 -9999 -9999 -9999
0.587662518024445 0.512386500835419 0.601254746317863 0.61660797894001 0.616744503378868 0.570600762963295 0.647754728794098 0.667681485414505 0.733694985508919 0.761135280132294 0.782469749450684 0.866364777088165 0.900296956300735 0.978983223438263 1.05427274107933 1.08908629417419 1.11318370699883 0.977804213762283 0.93892577290535 0.935525983572006 0.966345012187958 1.00224754214287 1.15953370928764 1.48338147997856 1.79273557662964 1.80379951000214 1.70455724000931 1.3726065158844 1.68370431661606 1.69571399688721 2.19472432136536 3.0068250468799 -9999 -9999 -9999 -9999 -9999 -9999 -9999 -9999 -9999 -9999 -9999 -9999 -9999 -9999 -9999 -9999 -9999 -9999 -9999 -9999 -9999 -9999 -9999 -9999 -9999 -9999 -9999 -9999 -9999 -9999
0.493963479995728 0.554191499948502 0.578313767910004 0.677947506308556 0.677697747945786 0.642487496137619 0.704135254025459 0.822000771760941 0.869069963693619 0.741255015134811 0.726525753736496 0.954089999198914 1.0874602496624 1.24719974398613 1.39881446957588 1.45806527137756 1.294284760952 1.11260104179382 1.06807127594948 1.03800603747368 1.02137026190758 1.2245197892189 1.56769126653671 1.81186652183533 1.91834557056427 1.83757120370865 1.5140175819397 1.31586822867393 1.5268177986145 1.57442772388458 2.64189898967743 -9999 -9999 -9999 -9999 -9999 -9999 -9999 -9999 -9999 -9999 -9999 -9999 -9999 -9999 -9999 -9999 -9999 -9999 -9999 -9999 -9999 -9999 -9999 -9999 -9999 -9999 -9999 -9999 -9999 -9999 -9999
