EcologicalScience/Bass/data/rs_data_bass/chl_286.asc
NCOLS 226 
NROWS 124 
XLLCORNER -9.41648524995501 
YLLCORNER 47.587301625531 
CELLSIZE 0.0833 
NODATA_value -9999 
[rows 0 to 26 of 124, columns 62 to 123 of 226]
-9999 -9999 -9999 -9999 -9999 -9999 -9999 -9999 -9999 -9999 -9999 -9999 -9999 -9999 -9999 -9999 -9999 -9999 -9999 -9999 -9999 -9999 -9999 -9999 -9999 -9999 -9999 -9999 -9999 -9999 -9999 -9999 -9999 -9999 -9999 -9999 -9999 -9999 -9999 -9999 -9999 -9999 -9999 -9999 -9999 -9999 -9999 -9999 -9999 -9999 -9999 -9999 -9999 -9999 -9999 -9999 -9999 -9999 -9999 -9999 -9999 -9999
-9999 -9999 -9999 -9999 -9999 -9999 -9999 -9999 -9999 -9999 -9999 -9999 -9999 -9999 -9999 -9999 -9999 -9999 -9999 -9999 -9999 -9999 -9999 -9999 -9999 -9999 -9999 -9999 -9999 -9999 -9999 -9999 -9999 -9999 -9999 -9999 -9999 -9999 -9999 -9999 -9999 -9999 -9999 -9999 -9999 -9999 -9999 -9999 -9999 -9999 -9999 -9999 -9999 -9999 -9999 -9999 -9999 -9999 -9999 -9999 -9999 -9999
-9999 -9999 -9999 -9999 -9999 -9999 -9999 -9999 -9999 -9999 -9999 -9999 -9999 -9999 -9999 -9999 -9999 -9999 -9999 -9999 -9999 -9999 -9999 -9999 -9999 -9999 -9999 -9999 -9999 -9999 -9999 -9999 -9999 -9999 -9999 -9999 -9999 -9999 -9999 -9999 -9999 -9999 -9999 -9999 -9999 -9999 -9999 -9999 -9999 -9999 -9999 -9999 -9999 -9999 -9999 -9999 -9999 -9999 -9999 -9999 -9999 -9999
-9999 -9999 -9999 -9999 -9999 -9999 -9999 -9999 -9999 -9999 -9999 -9999 -9999 -9999 -9999 -9999 -9999 -9999 -9999 -9999 -9999 -9999 -9999 -9999 -9999 -9999 -9999 -9999 -9999 -9999 -9999 -9999 -9999 -9999 -9999 -9999 -9999 -9999 -9999 -9999 -9999 -9999 -9999 -9999 -9999 -9999 -9999 -9999 -9999 -9999 -9999 -9999 -9999 -9999 -9999 -9999 -9999 -9999 -9999 -9999 -9999 -9999
-9999 -9999 -9999 -9999 -9999 -9999 -9999 -9999 -9999 -9999 -9999 -9999 -9999 -9999 -9999 -9999 -9999 -9999 -9999 -9999 -9999 -9999 -9999 -9999 -9999 -9999 -9999 -9999 -9999 -9999 -9999 -9999 -9999 -9999 -9999 -9999 -9999 -9999 -9999 -9999 -9999 -9999 -9999 -9999 -9999 -9999 -9999 -9999 -9999 -9999 -9999 -9999 -9999 -9999 -9999 -9999 -9999 -9999 -9999 -9999 -9999 -9999
-9999 -9999 -9999 -9999 -9999 -9999 -9999 -9999 -9999 -9999 -9999 -9999 -9999 -9999 -9999 -9999 -9999 -9999 -9999 -9999 -9999 -9999 -9999 -9999 -9999 -9999 -9999 -9999 0.63735419511795 1.10746684278885 3.89211988449097 5.81299138069153 3.64306282997131 1.18823549151421 0.948741763830185 0.7749382853508 0.789975017309189 0.832565993070602 0.870528012514114 0.889860033988953 0.990723788738251 1.05898949503899 0.982359766960144 1.15540051460266 0.940049260854721 0.907963514328003 0.824853748083115 0.764079719781876 0.700406983494759 0.732876017689705 0.684446230530739 0.720971256494522 0.706248745322227 0.757854759693146 0.829086005687714 0.75045445561409 0.701987251639366 0.605255261063576 0.527810230851173 0.572546258568764 0.588153764605522 0.597035989165306
-9999 -9999 -9999 -9999 -9999 -9999 -9999 -9999 -9999 -9999 -9999 -9999 -9999 -9999 -9999 -9999 -9999 -9999 -9999 -9999 -9999 -9999 -9999 -9999 -9999 -9999 1.18186515569687 1.0627324283123 2.64706993103027 3.37381947040558 3.51633596420288 2.78373903036118 2.2279679775238 1.25887870788574 0.963620245456696 0.817373245954514 0.718790978193283 0.755639970302582 0.879438757896423 0.944279283285141 1.07238829135895 0.98191425204277 0.991717457771301 0.967321515083313 1.00531125068665 0.943832963705063 0.920114994049072 0.849393010139465 0.727572754025459 0.694342508912086 0.696041241288185 0.747882753610611 0.813415467739105 0.797706753015518 0.70543272793293 0.596781760454178 0.568011000752449 0.553098767995834 0.583499237895012 0.758152484893799 0.769362777471542 0.642048016190529
-9999 -9999 -9999 -9999 -9999 -9999 -9999 -9999 -9999 -9999 -9999 -9999 -9999 -9999 -9999 -9999 -9999 -9999 -9999 -9999 -9999 -9999 -9999 -9999 -9999 -9999 1.18186515569687 4.6930239200592 3.48756086826324 3.20300459861755 2.82800477743149 2.33491194248199 1.60388016700745 1.28128123283386 1.10530203580856 0.969135761260986 0.92636775970459 0.83900848031044 0.812073022127151 0.839189261198044 0.886236011981964 0.867288708686829 0.871527761220932 0.884798973798752 0.912019461393356 0.854492247104645 0.83646297454834 0.791555285453796 0.707098513841629 0.69123749434948 0.705341264605522 0.709695741534233 0.816952496767044 0.727358266711235 0.643600478768349 0.680334761738777 0.568517982959747 0.513665243983269 0.527204990386963 0.558734267950058 0.545860514044762 0.556275755167007
-9999 -9999 -9999 -9999 -9999 -9999 -9999 -9999 -9999 -9999 -9999 -9999 -9999 -9999 -9999 -9999 -9999 -9999 -9999 -9999 -9999 -9999 -9999 -9999 -9999 -9999 3.63357701897621 5.56307709217072 4.30113816261292 3.26211762428284 2.46370267868042 2.18895757198334 1.75040030479431 1.14714753627777 1.1197957098484 1.07403749227524 1.04730454087257 1.01001146435738 0.914017528295517 0.879661470651627 0.840987771749496 0.894297033548355 0.856827735900879 0.867667526006699 0.83642104268074 0.839362531900406 0.805302768945694 0.729178503155708 0.737149491906166 0.681645020842552 0.678210765123367 0.717079505324364 0.719096258282661 0.688269764184952 0.590780988335609 0.655254766345024 0.599160745739937 0.532920733094215 0.509816229343414 0.47743047773838 0.454604253172874 0.453652516007423
-9999 -9999 -9999 -9999 -9999 -9999 -9999 -9999 -9999 -9999 -9999 -9999 -9999 -9999 -9999 -9999 -9999 -9999 -9999 -9999 -9999 -9999 -9999 -9999 -9999 1.19121462106705 3.56479842960835 1.95265299081802 2.78558707237244 2.06476575136185 2.19383704662323 1.90796399116516 1.62471824884415 1.25863122940063 1.08184272050858 0.994493275880814 1.02570372819901 0.992912292480469 0.87600901722908 0.863541036844254 0.80776646733284 0.856699526309967 0.781859278678894 0.799585461616516 0.762140214443207 0.816955536603928 0.878618985414505 0.858842253684998 0.856045514345169 0.866418778896332 0.786251217126846 0.721057489514351 0.669488981366158 0.669236987829208 0.614327251911163 0.589192494750023 0.552783742547035 0.488232761621475 0.498595520853996 0.486878246068954 0.462162762880325 0.474350988864899
-9999 -9999 -9999 -9999 -9999 -9999 -9999 -9999 -9999 -9999 -9999 -9999 -9999 -9999 -9999 -9999 -9999 -9999 -9999 -9999 -9999 -9999 -9999 -9999 -9999 2.24087208509445 2.51253855228424 1.6536637544632 1.62711828947067 1.48945578932762 1.57095372676849 1.3695997595787 1.13519328832626 1.09362825751305 1.02712646126747 1.11791771650314 1.08745577931404 1.03798574209213 0.944497525691986 0.876475542783737 0.882226467132568 0.861194282770157 0.853994965553284 0.790461748838425 0.790260761976242 0.875684291124344 0.868748992681503 0.857763737440109 0.789734959602356 0.906348019838333 0.903242290019989 0.762473255395889 0.688387513160706 0.689419493079185 0.648384019732475 0.531815260648727 0.480703487992287 0.490283980965614 0.507293254137039 0.518857508897781 0.519502490758896 0.506907016038895
-9999 -9999 -9999 -9999 -9999 -9999 -9999 -9999 -9999 -9999 -9999 -9999 -9999 -9999 -9999 -9999 -9999 -9999 -9999 -9999 -9999 -9999 -9999 -9999 1.31647038459778 1.88128399848938 1.81583476066589 1.6288395524025 1.53714966773987 1.36017295718193 1.35469052195549 1.33617076277733 1.15008902549744 0.974193781614304 0.94309875369072 0.890647530555725 1.09217700362206 1.03694477677345 1.10712379217148 0.94309875369072 0.893855273723602 0.842331022024155 0.902642279863358 0.840405017137527 0.804720729589462 0.781640231609344 0.736433252692223 0.737504258751869 0.683715015649796 0.714317232370377 0.76229327917099 0.78941997885704 0.831514477729797 0.668208763003349 0.588208481669426 0.495138734579086 0.495876744389534 0.486590266227722 0.496911764144897 0.548453271389008 0.621836990118027 0.591889500617981
-9999 -9999 -9999 -9999 -9999 -9999 -9999 -9999 -9999 -9999 -9999 -9999 -9999 -9999 -9999 -9999 -9999 -9999 -9999 -9999 -9999 -9999 -9999 1.50594073534012 1.78825223445892 1.53975200653076 1.37855529785156 1.19122610986233 1.76478230953217 1.63838624954224 0.887471973896027 1.16158872842789 1.01517596840858 0.986407488584518 0.963221222162247 0.899094790220261 0.777669757604599 0.748326748609543 0.738678753376007 0.776996970176697 0.782612264156342 0.779038488864899 0.784982979297638 0.799669504165649 0.766363531351089 0.730612501502037 0.68332801759243 0.713518515229225 0.762596994638443 0.672398999333382 0.654512241482735 0.592368766665459 0.600168004631996 0.525424495339394 0.492557242512703 0.502534478902817 0.495215982198715 0.493644744157791 0.536670014262199 0.554210230708122 0.590195998549461 0.563622012734413
-9999 -9999 -9999 -9999 -9999 -9999 -9999 -9999 -9999 -9999 -9999 -9999 -9999 -9999 -9999 -9999 -9999 -9999 -9999 -9999 -9999 -9999 2.90449529886246 2.15456172823906 2.03042739629745 1.3376447558403 1.25468967854977 1.29273484647274 1.39221824705601 0.860598027706146 1.63328097760677 1.09954878687859 1.0757167339325 1.03360202908516 0.971629500389099 1.23129746317863 1.14766350388527 0.74260501563549 0.656684249639511 0.662004768848419 0.695195227861404 0.698764488101006 0.671433761715889 0.776885211467743 0.70279124379158 0.698274001479149 0.677182495594025 0.777597784996033 0.662943005561829 0.644815519452095 0.594374254345894 0.589245736598969 0.548406735062599 0.527538746595383 0.512647479772568 0.514327481389046 0.514728739857674 0.513371989130974 0.528365984559059 0.559090510010719 0.52778322994709 0.458401501178741
-9999 -9999 -9999 -9999 -9999 -9999 -9999 -9999 -9999 -9999 -9999 -9999 -9999 -9999 -9999 -9999 -9999 -9999 -9999 -9999 2.64602583646774 2.1797533178712 2.61104094982147 1.35953141748905 1.16930285096169 1.21061021089554 1.20985299348831 1.43194314837456 1.45634999871254 1.44650141894817 1.23801451921463 1.2455737888813 1.18309879302979 1.10807472467422 0.978864043951035 1.03528127074242 1.50911182165146 1.02523425221443 0.739904254674911 0.703538998961449 0.7955122590065 0.752049028873444 0.715750515460968 0.772167026996613 0.780392289161682 0.733040258288383 0.768754541873932 0.751984477043152 0.749347507953644 0.725916758179665 0.633008256554604 0.619359746575356 0.594211488962173 0.563171982765198 0.55416601896286 0.550409987568855 0.548816978931427 0.510331481695175 0.509561240673065 0.535508260130882 0.543447017669678 0.485933259129524
-9999 -9999 -9999 -9999 -9999 -9999 -9999 -9999 -9999 -9999 -9999 -9999 -9999 -9999 -9999 -9999 -9999 -9999 -9999 -9999 2.24143127512245 2.16566437482834 1.58538973331451 1.54772698879242 1.44284850358963 1.07575424015522 0.940661787986755 2.55428928136826 3.04727840423584 1.24588876962662 1.3733392059803 1.31426247954369 1.27265551686287 1.15150871872902 1.04306852817535 0.990736484527588 0.898434787988663 0.805569022893906 0.793856263160706 0.799406290054321 1.02019876241684 1.04578202962875 0.999804764986038 0.919518023729324 1.00134900212288 1.0128855407238 0.88975203037262 0.856968015432358 0.828131228685379 0.825452238321304 0.737443506717682 0.672483757138252 0.655887007713318 0.663968235254288 0.67475026845932 0.620183989405632 0.678473979234695 0.664812728762627 0.669269263744354 0.66416023671627 0.668953478336334 0.625944748520851
-9999 -9999 -9999 -9999 -9999 -9999 -9999 -9999 -9999 -9999 -9999 -9999 -9999 -9999 -9999 -9999 -9999 -9999 -9999 2.94710955619812 2.30148866772652 1.53339546918869 1.66966232657433 2.75159400701523 2.38009804487228 2.26653903722763 2.39779275655746 2.86118692159653 0.999066531658173 0.905706770718098 1.82030618190765 1.31554725766182 1.2055372595787 1.20065850019455 1.1795302927494 1.13693475723267 1.06617526710033 1.01956345885992 1.5716752409935 1.91713500022888 1.15426200628281 1.24834576249123 1.34795773029327 1.39634925127029 1.05362927913666 1.4507107436657 1.15584978461266 1.09262323379517 1.02542620897293 0.857931017875671 0.746131494641304 0.690261751413345 0.745818749070168 0.719673737883568 0.723209246993065 0.722277000546455 0.778636515140533 0.765721499919891 0.790965020656586 0.881334006786346 0.699193507432938 0.616369485855103
-9999 -9999 -9999 -9999 -9999 -9999 -9999 -9999 -9999 -9999 -9999 -9999 -9999 -9999 -9999 -9999 -9999 -9999 2.90343189239502 2.42083051800728 1.88816955685616 1.60319741070271 3.29724991321564 2.76497179269791 2.10889720916748 1.51799577474594 1.38565400242805 3.38190270066261 1.93798577785492 2.38326233625412 2.23771280050278 1.69073402881622 1.53656995296478 1.45667400956154 1.39310172200203 1.27710002660751 1.11117070913315 1.13582020998001 0.954818218946457 0.917533457279205 0.79881227016449 0.742091998457909 0.720854267477989 1.0239255130291 1.28072395920753 1.13181227445602 0.970193982124329 0.963189035654068 0.994157999753952 0.868744522333145 0.802727222442627 0.696353986859322 0.693993732333183 0.679284766316414 0.624927744269371 0.644455522298813 0.676002770662308 0.719035506248474 0.850472956895828 0.810975730419159 0.704437494277954 0.614185497164726
-9999 -9999 -9999 -9999 -9999 -9999 -9999 -9999 -9999 -9999 -9999 -9999 -9999 -9999 -9999 -9999 -9999 25.9234658775991 4.72941510379314 3.96639490127563 2.51924559473991 2.08810839056969 1.49413159489632 1.28861439228058 1.23511008918285 1.09081797301769 1.02096936106682 1.12412553280592 1.46404688805342 1.91051879525185 2.28559571504593 1.90165793895721 1.88619446754456 1.82219177484512 1.60744732618332 1.49682828783989 1.28680801391602 1.08939903974533 0.925343960523605 0.866593480110168 0.833563506603241 0.750006705522537 0.745109260082245 1.03621128201485 1.09099727869034 1.06313252449036 0.90846374630928 0.786291718482971 0.724308729171753 0.705230981111526 0.689723253250122 0.694323733448982 0.713178008794785 0.621920228004456 0.621417000889778 0.579674988985062 0.561687737703323 0.540552020072937 0.697281762957573 0.700741499662399 0.588295519351959 0.578179478645325
-9999 -9999 -9999 -9999 -9999 -9999 -9999 -9999 -9999 -9999 -9999 -9999 -9999 -9999 -9999 -9999 -9999 -9999 -9999 2.7821344435215 2.13948005437851 2.67330975830555 2.31144104897976 2.1502563804388 1.54117199778557 1.02012100815773 1.22469784319401 1.93658995628357 1.60515296459198 2.04526948928833 2.15180933475494 2.1923069357872 2.01642376184464 1.57780730724335 1.39229848980904 1.31593573093414 1.22209203243256 1.0075432062149 0.913599014282227 0.844500035047531 0.760713011026382 0.768955528736115 0.952596008777618 0.962501227855682 0.770296543836594 0.684614986181259 0.680703744292259 0.643324479460716 0.690794259309769 0.680222243070602 0.65538302063942 0.650789245963097 0.659146517515182 0.635073021054268 0.646404013037682 0.576152980327606 0.573381766676903 0.577840492129326 0.581662505865097 0.552554234862328 0.602960988879204 0.574579507112503
-9999 -9999 -9999 -9999 -9999 -9999 -9999 -9999 -9999 -9999 -9999 -9999 -9999 -9999 -9999 11.8145547866821 2.64533345265822 1.99068358540535 3.58925938606262 2.02739480137825 3.61566638946533 2.82781979441643 2.35221853852272 1.71902959048748 1.27824899554253 1.58777962625027 1.80809551477432 2.10288816690445 2.25660520792007 1.9897552728653 1.77646726369858 1.49308428168297 1.34242495894432 1.29665476083755 1.33830678462982 1.40398353338242 1.30983370542526 1.18581971526146 0.933558762073517 0.820211291313171 0.812751710414886 0.886456489562988 0.715662002563477 0.725312992930412 0.719952017068863 0.712305754423141 0.709060505032539 0.808399468660355 0.727697253227234 0.702867016196251 0.702723741531372 0.693999007344246 0.635780990123749 0.586938008666039 0.650175735354424 0.610085248947144 0.616263762116432 0.602060258388519 0.618810743093491 0.636902242898941 0.654945731163025 0.639537736773491
-9999 -9999 -9999 -9999 -9999 -9999 -9999 -9999 -9999 -9999 35.2986888885498 35.2986888885498 13.7248649597168 8.05409381389618 3.39025783538818 3.18308213353157 10.6470161676407 2.73813569545746 2.52450156211853 2.54566723108292 3.00727361440659 3.33164700865746 2.91689805686474 2.70677022635937 2.51407831907272 2.58598574995995 3.50387316942215 2.72031819820404 2.41640406847 1.91519629955292 1.15576949715614 0.868633478879929 0.834035217761993 0.857056528329849 1.13862079381943 1.41092929244041 1.29741221666336 1.19910228252411 0.933932214975357 0.884588956832886 0.835832208395004 0.818990975618362 0.838035732507706 0.834758967161179 0.805729508399963 0.743558987975121 0.708500236272812 0.806175023317337 0.769197732210159 0.762561768293381 0.736440002918243 0.728534996509552 0.586616232991219 0.59155498445034 0.619338735938072 0.650041490793228 0.639673501253128 0.657345771789551 0.687574490904808 0.75576451420784 0.764361709356308 0.765656232833862
-9999 -9999 -9999 -9999 -9999 -9999 -9999 -9999 -9999 -9999 35.2986888885498 5.31669194944974 10.1911792159081 3.47404628992081 3.14849549531937 3.31474328041077 3.30118823051453 7.54652624130249 5.05385928844461 3.66591852444869 6.07760068774223 3.69967603683472 3.8724907040596 4.39757792651653 3.70201335847378 2.52632622420788 2.65230260789394 2.03244307637215 1.53817874193192 1.41572695970535 1.17660677433014 0.951288789510727 0.876824229955673 0.85125070810318 1.07175752520561 1.4035424888134 1.46152201294899 1.47507897019386 1.14020097255707 1.22050952911377 1.05702897906303 1.02804073691368 1.00919178128242 0.945629239082336 0.882097542285919 0.997255504131317 0.945143222808838 0.902550727128983 0.842551499605179 0.759543031454086 0.761132955551147 0.819637477397919 0.630105748772621 0.642987012863159 0.641544744372368 0.664494752883911 0.697235271334648 0.695562019944191 0.759740263223648 0.776647478342056 0.816135764122009 0.8751540184021
-9999 -9999 -9999 -9999 -9999 -9999 -9999 -9999 -9999 -9999 -9999 -9999 6.42660368045608 5.29630440473557 3.70123493671417 3.93207716941833 -9999 -9999 -9999 -9999 -9999 -9999 6.01483941078186 3.81080344319344 3.27746030688286 3.27660615742207 2.48167803883553 2.27687244862318 1.96367597579956 2.08871895074844 1.47057598829269 1.32949876785278 1.17569321393967 1.06060874462128 0.948452979326248 0.929558962583542 1.50179779529572 1.80981820821762 1.09807428717613 1.19810628890991 1.16859975457191 1.09909871220589 1.09148177504539 1.12320023775101 0.784728705883026 0.821748018264771 1.50751733779907 0.902541786432266 0.736298248171806 0.77520677447319 0.726083233952522 0.841530025005341 0.640731006860733 0.687208503484726 0.689237236976624 0.750555038452148 0.76732125878334 0.795104205608368 0.837153017520905 0.84926176071167 0.901483476161957 0.972529470920563
-9999 -9999 -9999 -9999 -9999 -9999 -9999 -9999 -9999 -9999 -9999 -9999 -9999 16.6274771690369 16.6274771690369 16.6274771690369 -9999 -9999 -9999 -9999 -9999 -9999 4.94490551948547 4.94490551948547 4.94490551948547 0.308659605681896 7.79595580101013 2.04625803232193 2.14678609371185 2.51296198368073 2.31793802976608 2.07604944705963 1.94007450342178 1.67487376928329 1.3717845082283 1.1700382232666 1.08974853157997 2.03465330600739 1.13527196645737 1.34826113283634 1.02851498126984 1.05804899632931 1.43731614053249 1.7725445330143 2.01882847845554 0.972671985626221 0.871656775474548 0.898782759904861 0.809273242950439 0.939926236867905 1.19649150967598 0.853374749422073 0.723959997296333 0.743333235383034 0.755385786294937 0.868932008743286 0.92249321937561 0.923582285642624 0.989547729492188 0.982335716485977 1.0309747159481 1.0179877281189
-9999 -9999 -9999 -9999 -9999 -9999 -9999 -9999 -9999 -9999 -9999 -9999 -9999 -9999 -9999 -9999 -9999 -9999 -9999 -9999 -9999 -9999 -9999 -9999 -9999 -9999 2.66780290137167 2.82637524604797 2.19773781299591 3.16429281234741 3.31534337997437 2.58736574649811 1.86289644241333 1.77353399991989 1.38149625062943 1.28967520594597 1.2172440290451 1.19147175550461 0.879497498273849 1.10039922595024 1.1302042901516 1.05955874919891 1.06414353847504 1.14293172955513 1.11808052659035 1.10139074921608 1.09430095553398 0.960779964923859 0.887623518705368 0.892197757959366 0.89106747508049 0.864443242549896 0.879703491926193 0.818512469530106 0.872186958789825 0.915141731500626 0.939596235752106 0.949494034051895 0.861166477203369 0.845326513051987 0.861587226390839 0.92706298828125
-9999 -9999 -9999 -9999 -9999 -9999 -9999 -9999 -9999 -9999 -9999 -9999 -9999 -9999 -9999 -9999 -9999 -9999 -9999 -9999 -9999 -9999 -9999 -9999 -9999 -9999 -9999 3.86839132838779 3.39906442165375 1.96351552009583 2.29564946889877 1.92865055799484 2.24111706018448 2.28300556540489 2.40900300443172 1.23898503184319 1.32355722784996 2.02884829044342 1.25662911683321 1.07416427135468 1.16201850771904 1.14765071868896 1.31835901737213 1.4323942065239 1.37743645906448 1.27927502989769 1.29984453320503 1.25529304146767 1.2161557674408 1.08865275979042 0.999986976385117 0.986658722162247 0.966207772493362 0.922083735466003 0.933635294437408 0.997270524501801 1.01057928800583 1.00042426586151 1.01299121975899 1.00894877314568 0.87961345911026 0.81392776966095
