EcologicalScience/Bass/data/rs_data_bass/chl_40.asc
NCOLS 226 
NROWS 124 
XLLCORNER -9.41648524995501 
YLLCORNER 47.587301625531 
CELLSIZE 0.0833 
NODATA_value -9999 
[rows 54 to 80 of 124, columns 0 to 61 of 226]
-9999 -9999 -9999 -9999 -9999 -9999 -9999 -9999 -9999 -9999 -9999 -9999 -9999 -9999 -9999 -9999 -9999 -9999 -9999 -9999 -9999 -9999 -9999 -9999 -9999 -9999 -9999 -9999 -9999 -9999 -9999 -9999 -9999 -9999 -9999 -9999 -9999 -9999 4.33869577261556 3.29228953804289 2.72422291977065 1.92919257283211 1.61831701546907 1.37080788612366 1.35279107093811 1.36725740134716 1.21113775670528 1.14009562134743 0.943113124370575 1.35137815986361 1.36809292009899 1.42527973651886 1.6148881827082 1.77070352860859 2.07995341505323 1.78427374362946 3.1388344338962 1.80654099583626 -9999 0.607058599591255 0.62790758907795 -9999
-9999 -9999 -9999 -9999 -9999 -9999 -9999 -9999 -9999 -9999 -9999 -9999 -9999 -9999 -9999 -9999 -9999 -9999 -9999 -9999 -9999 -9999 -9999 -9999 -9999 -9999 -9999 -9999 -9999 -9999 -9999 -9999 -9999 -9999 -9999 -9999 -9999 -9999 -9999 3.13944601586887 3.18889078923634 1.90495848655701 1.62212425470352 1.65398974716663 1.55296643078327 1.26760870218277 1.14577496796846 0.974376755952835 1.37281821881022 1.24675813743046 1.32661414146423 1.56855938264302 1.72210305077689 1.90696393592017 2.25975792748587 2.56919825077057 2.06165984581257 -9999 -9999 -9999 -9999 -9999
-9999 -9999 -9999 -9999 -9999 -9999 -9999 -9999 -9999 -9999 -9999 -9999 -9999 -9999 -9999 -9999 -9999 -9999 -9999 -9999 -9999 -9999 -9999 -9999 -9999 -9999 -9999 -9999 -9999 -9999 -9999 -9999 -9999 -9999 -9999 -9999 -9999 -9999 -9999 -9999 1.78486093878746 1.940240457654 1.82941049337387 1.60705354809761 1.75422030687332 1.35114013403654 1.32764226943254 1.47751672778811 1.42426736865725 1.5653216958046 1.36630802495139 1.48227534975324 1.53715240103858 1.68610859768731 1.83739267076765 1.95431626694543 2.02164598153188 2.25180830405309 2.54402222633362 -9999 -9999 -9999
-9999 -9999 -9999 -9999 -9999 -9999 -9999 -9999 -9999 -9999 -9999 -9999 -9999 -9999 -9999 -9999 -9999 -9999 -9999 -9999 -9999 -9999 -9999 -9999 -9999 -9999 -9999 -9999 -9999 -9999 -9999 -9999 -9999 -9999 -9999 -9999 -9999 -9999 -9999 -9999 2.36800060527665 2.30025938579014 2.12988180347851 2.0570593561445 1.73343931138515 1.62643832885302 1.54407631433927 1.71722835302353 1.65504912819181 1.63615567343576 1.31759290184293 1.33452492100852 1.35136116743088 1.44602028727531 1.54073547124863 2.25668449912752 2.79451101559859 2.85136375060448 2.43915843046629 2.57123009647642 13.5387586919885 -9999
-9999 -9999 -9999 -9999 -9999 -9999 -9999 -9999 -9999 -9999 -9999 -9999 -9999 -9999 -9999 -9999 -9999 -9999 -9999 -9999 -9999 -9999 -9999 -9999 -9999 -9999 -9999 -9999 -9999 -9999 -9999 -9999 -9999 -9999 -9999 -9999 -9999 -9999 -9999 -9999 -9999 2.56797796062061 2.21591365763119 2.13563980375017 1.95630153784385 1.7563792512967 1.60967373847961 1.68369716405869 1.57099324464798 1.49381840229034 1.30304259487561 1.38291822110905 1.57531082279542 1.664049077034 1.65996387425591 1.60554918471505 1.7970946530501 1.81644334395727 1.8444617161384 2.18744030594826 3.31528000533581 -9999
-9999 -9999 -9999 -9999 -9999 -9999 -9999 -9999 -9999 -9999 -9999 -9999 -9999 -9999 -9999 -9999 -9999 -9999 -9999 -9999 -9999 -9999 -9999 -9999 -9999 -9999 -9999 -9999 -9999 -9999 -9999 -9999 -9999 -9999 -9999 -9999 -9999 -9999 -9999 -9999 -9999 2.94710381116186 2.39709930334772 1.57842612266541 1.85924624970981 1.82622650691441 1.63111130680357 1.48859483855111 1.36496881076268 1.36552681241717 1.33806438956942 1.24574055841991 1.4481604782974 1.49872220555941 1.67216657598813 1.90217821873151 2.02338725328445 2.04889486233393 2.12041286780284 -9999 -9999 -9999
-9999 -9999 -9999 -9999 -9999 -9999 -9999 -9999 -9999 -9999 -9999 -9999 -9999 -9999 -9999 -9999 -9999 -9999 -9999 -9999 -9999 -9999 -9999 -9999 -9999 -9999 -9999 -9999 -9999 -9999 -9999 -9999 -9999 -9999 -9999 -9999 -9999 -9999 -9999 -9999 2.92243171589715 3.04361497930118 3.00912261434964 1.45784719586372 1.40610294342041 1.35986733665833 1.37548070269472 1.30552042933071 1.35077918427331 1.34967845678329 1.31060766322272 1.31342495339257 1.25713721343449 1.34741867505587 1.60343526418392 1.94352959394455 2.35251084566116 -9999 -9999 4.08337207317352 3.39183468478067 3.25198316574097
-9999 -9999 -9999 -9999 -9999 -9999 -9999 -9999 -9999 -9999 -9999 -9999 -9999 -9999 -9999 -9999 -9999 -9999 -9999 -9999 -9999 -9999 -9999 -9999 -9999 -9999 -9999 -9999 -9999 -9999 -9999 -9999 -9999 -9999 -9999 -9999 -9999 -9999 -9999 3.17764424085617 2.98557737895421 2.8725278377533 1.52471713423729 1.44234945178032 1.37332175374031 1.35054150223732 1.33077537161963 1.32076135703496 1.37260508537292 1.16579836606979 1.29372650384903 1.31806941543307 1.29396985383595 1.72897644226368 2.08229551407007 2.28038418292999 2.39131412903468 2.32129614551862 3.31897091120481 2.24334561824799 2.90244966745377 2.57310145241874
-9999 -9999 -9999 -9999 -9999 -9999 -9999 -9999 -9999 -9999 -9999 -9999 -9999 -9999 -9999 -9999 -9999 -9999 -9999 -9999 -9999 -9999 -9999 -9999 -9999 -9999 -9999 -9999 -9999 -9999 -9999 -9999 -9999 -9999 -9999 -9999 -9999 -9999 -9999 3.32277463464176 3.11025922639029 1.51783047318459 1.34211441278458 1.25805752873421 1.1574142575264 1.14497984051704 1.31714978814125 1.3096114397049 0.70515796312919 0.631992706885705 1.01768486840384 1.28425917946375 1.37753071464025 1.41386137329615 1.99000889413497 1.88241040706635 1.93975022961112 2.25926994818908 2.42746807138125 2.40461890186582 2.59835889509746 2.67236303824645
-9999 -9999 -9999 -9999 -9999 -9999 -9999 -9999 -9999 -9999 -9999 -9999 -9999 -9999 -9999 -9999 -9999 -9999 -9999 -9999 -9999 -9999 -9999 -9999 -9999 -9999 -9999 -9999 -9999 -9999 -9999 -9999 -9999 -9999 -9999 -9999 -9999 -9999 2.51114146783948 3.17594936064311 3.87771479998316 1.3030491232872 1.22830294370651 1.17049406170845 1.07405105233192 1.065873503685 0.99540753364563 0.974686074256897 0.655291942449716 1.01648822197547 1.04964881390333 1.31929904222488 1.23924103837747 1.38469734329444 1.64184660177964 1.51441284020742 1.56524943312009 2.04859079917272 1.88488936424255 2.10802291120802 1.78018593788147 2.62115350594887
-9999 -9999 -9999 -9999 -9999 -9999 -9999 -9999 -9999 -9999 -9999 -9999 -9999 -9999 -9999 -9999 -9999 -9999 -9999 -9999 -9999 -9999 -9999 -9999 -9999 -9999 -9999 -9999 -9999 -9999 -9999 -9999 -9999 -9999 -9999 -9999 -9999 -9999 2.11170972883701 1.58006741404533 1.3605956196785 1.27735766172409 1.09858817458153 1.01518027186394 0.998590129613876 1.01918365955353 0.9450563788414 0.927331322431564 0.900408363342285 1.0472362270722 1.04964565038681 0.958410769701004 0.994965227750631 1.11218320864898 1.06697939680173 1.24816169341405 1.46792185306549 1.4876942549433 1.54791109902518 1.49834415316582 1.71877981149233 1.56929570894975
-9999 -9999 -9999 -9999 -9999 -9999 -9999 -9999 -9999 -9999 -9999 -9999 -9999 -9999 -9999 -9999 -9999 -9999 -9999 -9999 -9999 -9999 -9999 -9999 -9999 -9999 -9999 -9999 -9999 -9999 -9999 -9999 -9999 -9999 -9999 -9999 -9999 -9999 1.51473085284233 1.34618209004402 1.24017106890678 1.15083681344986 1.02219762206078 1.00239937901497 0.652808059006929 0.64192703137031 0.577778119593859 0.89826340171007 0.9248373737702 0.938996665752851 0.962463883253244 0.995116662520629 1.17353375554085 1.16255633234978 1.38676675007893 1.14026983380318 1.26327469027959 1.31706320093228 1.40825316309929 1.47416847027265 2.05061793327332 2.89879824221134
-9999 -9999 -9999 -9999 -9999 -9999 -9999 -9999 -9999 -9999 -9999 -9999 -9999 -9999 -9999 -9999 -9999 -9999 -9999 -9999 -9999 -9999 -9999 -9999 -9999 -9999 -9999 -9999 -9999 -9999 -9999 -9999 -9999 -9999 -9999 -9999 -9999 1.74508825540543 1.62204968929291 1.19135901331902 1.11296608448029 1.02575014233589 0.994848275184631 0.811622899312239 1.0812401175499 0.636110846812909 0.625412766750042 0.857484945884118 0.929160131857945 0.91293468612891 0.954434635547491 0.921587547430625 1.19436652064323 1.35552939559732 1.22147996425629 1.39684379952294 1.14517556428909 1.14020231366158 1.41249431967735 1.54090443849564 1.64943889379501 2.24602416753769
-9999 -9999 -9999 -9999 -9999 -9999 -9999 -9999 -9999 -9999 -9999 -9999 -9999 -9999 -9999 -9999 -9999 -9999 -9999 -9999 -9999 -9999 -9999 -9999 -9999 -9999 -9999 -9999 -9999 -9999 -9999 -9999 -9999 -9999 -9999 -9999 3.31731502005928 1.73683601617813 1.52720926403999 1.13752988576889 1.03743267655373 0.904625189304352 0.745003233735378 0.866505018302372 0.725158505141735 0.66772823035717 0.68291687220335 0.791594707048856 1.00687242746353 0.730182842566417 0.989719597192911 0.938839027514825 1.1296057343483 1.13810465931892 1.25296783447266 1.25671862959862 1.34316372275352 1.29468994736671 1.65015079975128 1.80960758924484 1.8225964307785 2.454942555804
-9999 -9999 -9999 -9999 -9999 -9999 -9999 -9999 -9999 -9999 -9999 -9999 -9999 -9999 -9999 -9999 -9999 -9999 -9999 -9999 -9999 -9999 -9999 -9999 -9999 -9999 -9999 -9999 -9999 -9999 -9999 1.40402177162468 1.28323071201642 -9999 2.10493344068527 -9999 1.97795813358747 1.1759319126606 1.19559777975082 1.11801453232765 1.25932290963829 1.11148731596768 0.666601514816284 0.83028055805909 0.567965134978294 0.58454080671072 0.582980450242758 1.21664188589369 0.994148141145706 1.34694496010031 1.30516164856298 1.35673246851989 1.36490374803543 1.16876841783524 1.32015024423599 1.38111579418182 1.43353410363197 1.76686652004719 1.94339233636856 4.02439956665039 2.66543425384321 2.7347012758255
-9999 -9999 -9999 -9999 -9999 -9999 -9999 -9999 -9999 -9999 -9999 -9999 -9999 -9999 -9999 -9999 -9999 -9999 -9999 -9999 -9999 -9999 0.346259817481041 1.51743823289871 1.57720738053322 1.17776317042964 1.14834761406694 1.67782923153469 1.95135231103216 1.54331045278481 0.80883270688355 0.894281405210495 0.918996423482895 0.954625246780259 0.989394540970142 1.02407138393475 0.985179896538074 0.826292734060969 0.926404917240143 0.966361105442047 0.908612030744553 0.756744155287743 0.812708216905594 0.850303291397936 0.913625021191204 0.996936619281769 0.99996789097786 1.0241480588913 1.4657772225993 1.29440299527986 1.33451061589377 1.31708531975746 1.42551504969597 1.53600730895996 1.41835641860962 1.46804416179657 1.95371842384338 2.13027993358415 2.52236432187697 -9999 -9999 -9999
-9999 -9999 -9999 -9999 -9999 -9999 -9999 -9999 -9999 -9999 -9999 -9999 -9999 -9999 -9999 -9999 -9999 -9999 -9999 -9999 -9999 -9999 1.26017032101237 1.07752016186714 1.09860634165151 1.31579363771847 1.35413145380361 1.39548741281033 1.25658147888524 1.14317259831088 0.847294360399246 0.809256843158177 0.825253499405725 0.857273812804903 0.851351718817438 0.802192057882037 0.732558820928846 0.673268090073879 0.696363457120382 0.824015739560127 0.663123397872998 0.763042634725571 0.698575362563133 0.921667703986168 1.1824712574482 1.01601040959358 1.05684691667557 1.06906825900078 1.07082543969154 1.1511617898941 1.70558156285967 1.55475361858095 1.74355655908585 1.9280693034331 2.25041169673204 -9999 -9999 -9999 -9999 -9999 -9999 -9999
-9999 -9999 -9999 -9999 -9999 -9999 -9999 -9999 -9999 -9999 -9999 -9999 -9999 -9999 -9999 -9999 -9999 -9999 -9999 27.8010392966015 2.43539360165596 0.909234702587128 0.953542260187013 0.909986883401871 0.993241699678557 1.06993001486574 0.962098315358162 0.995938232966832 0.956927278212139 0.844802690403802 0.811481345977102 0.808881142309734 0.803610429167747 0.859964170626232 0.885817112830969 0.791555483426367 0.720184519886971 0.69297108905656 0.668003877358777 0.67632257938385 0.699503609538078 0.634637131140782 0.804441487789154 0.824310746788979 0.846263018250465 0.883695995807648 0.989030355215073 1.73211924846356 1.76050140765997 1.70754709152075 1.5202873647213 -9999 -9999 -9999 -9999 -9999 -9999 -9999 -9999 -9999 -9999 -9999
-9999 -9999 -9999 -9999 -9999 -9999 -9999 -9999 -9999 -9999 -9999 -9999 -9999 -9999 -9999 -9999 -9999 1.85011359453201 2.87257010936737 3.11805138587952 1.022826771651 0.937004263911928 1.36020522032465 0.681738968406405 0.688073886292321 0.617829393063273 0.606610993189471 0.689660882311208 0.757382033126695 0.773653264556612 0.747190603188106 0.797820979995387 0.80322321078607 0.633213603496552 0.837061787290232 0.568815150856972 0.624680891633034 0.607168260216713 0.579788815975189 0.587270653247833 0.446466973849705 0.464665519339698 0.529840502887964 0.875442204567102 0.869979559228971 1.4048300247926 1.40367996921906 1.39602406620979 1.53446035981178 1.96452183028062 1.53488607555628 -9999 -9999 -9999 -9999 -9999 -9999 -9999 -9999 -9999 -9999 -9999
-9999 -9999 -9999 -9999 -9999 -9999 -9999 -9999 -9999 -9999 -9999 -9999 -9999 -9999 1.584139752388 1.56797281503677 1.09557735919952 1.32456445097923 0.445491626858711 0.333878822624683 0.425344308838248 0.406184181571007 0.263319928199053 0.541743869228022 0.526821274842535 0.514490904552596 0.458050479846341 0.482972774122442 0.530880054192884 0.560226353315207 0.544443875551224 0.552034109830856 0.535049106925726 0.511114043685106 0.518559764538493 0.609498541802168 0.593548741191626 0.571318262815475 0.528884544968605 0.370952723813908 0.475472621619701 0.606859098260219 0.522824641317129 0.96365989106042 0.971975010174971 0.882829621434212 0.952995055913925 1.59545255624331 1.67923764082102 1.53339229180263 1.46193650960922 1.68188813924789 -9999 -9999 -9999 -9999 -9999 -9999 -9999 -9999 -9999 -9999
-9999 -9999 -9999 -9999 -9999 -9999 -9999 -9999 -9999 -9999 -9999 3.604777227555 1.05975480526686 1.21896840333939 2.06567378044128 0.800413443573884 0.893158646566527 0.836680073823248 0.741890606071268 0.354513749480247 0.405516982651674 0.466541456324714 0.507680248469114 0.381709232926369 0.458855401192393 0.470472367746489 0.403108067810535 0.475858386605978 0.527551035989415 0.522470745173368 0.5326978713274 0.571708489209414 0.515419382601976 0.555598322302103 0.590017449110746 0.586085724559697 0.540704942562363 0.530725881457329 0.548953924328089 0.559607062488794 0.518416993319988 0.54173669219017 0.584160095453262 0.780115003769214 0.85080314874649 1.58315110665101 1.60202449101668 1.57210803948916 1.92688923157178 1.0943931988601 1.70060843229294 -9999 -9999 -9999 -9999 -9999 2.93070960959723 1.99821831991798 4.24111052699711 6.16350516029026 8.58616790771485 -9999
-9999 -9999 -9999 -9999 -9999 -9999 -9999 -9999 -9999 1.4842740723065 1.42736793429621 0.804495708218643 0.801195606589317 0.832212033867836 0.901711148023605 0.691146541919027 0.387687116861343 0.488186841564519 0.442774071757283 0.438899351017816 0.446105246032987 0.462671156440462 0.462606144802911 0.437535655285631 0.446615956285421 0.521204244564561 0.482076430959361 0.514886930584908 0.512084857984023 0.540148705244064 0.549288500100374 0.503481242805719 0.507289744913578 0.508797682821751 0.489921674132347 0.488229490816593 0.50874974578619 0.531470611691475 0.520810578018427 0.490265015512705 0.491165824234486 0.537579946219921 0.771701718752201 0.793365652744587 0.895903421299798 0.941475536674261 1.0109548419714 1.07279024273157 1.07440515607595 1.11720668673515 1.18043431043625 1.50169236212969 1.32267565727234 2.46624651726554 2.10600985351362 1.97399550676346 1.90463206171989 2.2696863923754 1.70486667752266 1.96980104446411 2.28333289372294 -9999
-9999 -9999 -9999 -9999 -9999 0.684751063585281 0.7358335682324 0.775909864476749 0.805420211383275 0.893801674246788 0.779743188193866 0.65092415788344 0.607394048145839 0.559623053031308 0.507318399846554 0.498462413038526 0.581899702548981 0.516569656821398 0.645643493303886 0.588518520960441 0.584012014361528 0.507705860413038 0.487543928836073 0.584513892020498 0.575539875243391 0.519120812416077 0.480212001928261 0.547729516029358 0.562472552061081 0.525148801505566 0.524635184556246 0.493657309561968 0.488614574074745 0.472938131541014 0.463067423552275 0.460362058132887 0.447613503783941 0.450404323637486 0.438168320804834 0.383188685402274 0.405750584602356 0.520572066307068 0.80615541934967 0.71647723106777 0.779146997367635 0.894184219837189 1.14001063108444 1.47202649537255 1.0529262945056 1.03726345896721 1.54153016897348 1.56949043732423 1.66468309439146 1.73508491686412 1.78086853878839 2.16817987423677 1.85872786320173 1.60297612845898 1.56994347572327 1.63580982685089 2.86656851768494 2.09500925455775
-9999 -9999 -9999 -9999 -9999 0.603715554944106 0.560016786307096 0.553739116340876 0.602811117257391 0.55707475649459 0.574308607195105 0.566180670900004 0.469515866958178 0.397020335953969 0.59866940336568 0.411097970146399 0.446779909042212 0.212703756988049 0.176996994763613 0.233084991574287 0.707542385046299 0.799708258647185 0.665467569461236 0.664088717528752 0.645587851958615 0.649286250982966 0.511315443686077 0.449639733348574 0.489099573343992 0.492549132555723 0.485165625810623 0.478157188743353 0.463206499814987 0.47741986066103 0.45265955850482 0.437435641884804 0.423012241721153 0.424905423074961 0.446300374343991 0.551243307835916 0.53421301394701 0.408588604203292 0.864987462759018 0.844859451055527 0.825650249208723 0.749455626521792 1.19019526668957 0.818869267191206 0.882885651929038 0.944036051630974 1.4800462603569 1.38798650034836 1.48094273890768 1.59669903516769 1.34328190684319 1.40905372585569 1.39553227594921 1.31767219305038 1.24583834409714 1.51958966255188 2.00430136493274 2.04248207381793
-9999 -9999 -9999 -9999 -9999 0.390391856431961 0.693357567576801 0.672923862934113 0.584810256958008 0.616451689175197 0.676963764641966 0.466012505548341 0.453959130815097 0.509632919515882 0.58232874251329 0.715735622814723 0.712093326907892 0.679854845771423 0.72184904722067 0.766073178786498 0.923090671117489 0.736701256953753 0.677713280686965 0.647071377589152 0.738352478614875 0.666436663269997 0.57064126431942 0.496775712285723 0.611244767904282 0.492976747453213 0.420504942536354 0.398133426904678 0.421339444816113 0.460793811827898 0.422002997249365 0.397798549383879 0.524626951007282 0.530545048988782 0.480433492099538 0.457964103888063 0.306893037366016 0.594350999593735 0.599741661548615 0.836283902911579 0.88345544891698 0.995900362730026 0.748165190219879 0.828205589737211 0.806344296251025 0.811816692352295 1.32164360582829 1.35654028185776 1.41823668479919 1.57750741745296 1.66473179062208 1.47657356542699 1.40792030096054 1.0945959857532 1.18561084781374 1.83502135532243 1.91860499126571 1.66202783584595
-9999 -9999 -9999 -9999 -9999 0.50982988494284 0.551880016922951 0.178866152465343 0.474697695113719 0.554225787520409 0.499229709617794 0.576832300850323 0.544904785496848 0.516262485430791 0.518557555400408 0.352605177805974 0.3645961843431 0.358431206643581 0.352048008143902 0.674743946109499 0.561441060442191 0.565855512252221 0.694614120400869 0.797033882566861 0.715495316045625 0.546775504946709 0.604285508394241 0.572278829557555 0.563803978264332 0.593378666256155 0.504343814083508 0.374426882714033 0.528646963147017 0.542633032569518 0.513132473453879 0.535249440109029 0.539679447517675 0.555094194762847 0.532937383827041 0.464059233665466 0.49444634616375 0.550223257679206 0.592739478899882 0.940629136562347 0.676761001348495 0.63428185241563 0.75725399851799 0.873065343924931 0.945563077926636 0.954020977020264 1.03284195491246 0.557478361404859 0.878452100924083 1.1614054441452 1.47396165132523 1.45719258574878 1.50564651191235 1.51722103357315 0.87590879201889 2.34356311120485 1.67563310953287 1.86529432237148
-9999 -9999 -9999 -9999 -9999 0.686920839361846 0.683839175631018 0.679701074081309 0.725693984943278 0.579121446609497 0.688013823593364 0.569880179129541 0.594941454939544 0.286362634255336 0.268347168197999 0.351713298605039 0.321294758182306 0.637626594305038 0.849504697322845 0.449959142133594 0.695962319007287 1.00147480804187 1.04581424966455 0.593705138989857 0.588442167410484 0.67094677228194 0.578873152916248 0.572417601943016 0.519161368791874 0.516946606911146 0.504147638495152 0.530247915249604 0.564619911404756 0.556938219528932 0.560993262208425 0.561741639788334 0.5843616785372 0.579089683644912 0.529236942529678 0.549651756882668 0.523304513096809 0.495766796171665 0.547779910704669 0.598627162330291 0.581650215387344 0.671147435903549 0.656874996774337 0.354330703150481 0.788848650455475 0.822807437181473 0.811604142189026 0.804968357086182 0.837875553539821 0.898310095071793 1.034144744277 1.42274982730548 1.40043873588244 1.43323358265977 1.35019150834817 1.40391768171237 1.90017099105395 2.31500795712838
