EcologicalScience/Bass/data/rs_data_bass/chl_188.asc
NCOLS 226 
NROWS 124 
XLLCORNER -9.41648524995501 
YLLCORNER 47.587301625531 
CELLSIZE 0.0833 
NODATA_value -9999 
[rows 81 to 107 of 124, columns 62 to 123 of 226]
3.85158455371857 5.97498106956482 7.6620512008667 7.66205191612244 -9999 -9999 -9999 -9999 -9999 -9999 -9999 -9999 -9999 -9999 -9999 -9999 -9999 -9999 -9999 -9999 -9999 -9999 -9999 -9999 -9999 -9999 -9999 -9999 -9999 -9999 -9999 -9999 -9999 -9999 -9999 -9999 -9999 -9999 -9999 -9999 -9999 -9999 -9999 -9999 -9999 -9999 -9999 -9999 -9999 -9999 -9999 -9999 -9999 -9999 -9999 -9999 -9999 -9999 -9999 -9999 -9999 -9999
2.96216478480876 -9999 -9999 -9999 -9999 -9999 -9999 -9999 -9999 -9999 -9999 -9999 -9999 -9999 -9999 -9999 -9999 -9999 -9999 -9999 -9999 -9999 -9999 -9999 -9999 -9999 -9999 -9999 -9999 -9999 -9999 -9999 -9999 -9999 -9999 -9999 -9999 -9999 -9999 -9999 -9999 -9999 -9999 -9999 -9999 -9999 -9999 -9999 -9999 -9999 -9999 -9999 -9999 -9999 -9999 -9999 -9999 -9999 -9999 -9999 -9999 -9999
-9999 -9999 -9999 -9999 -9999 -9999 -9999 -9999 -9999 -9999 -9999 -9999 -9999 -9999 -9999 -9999 -9999 -9999 -9999 -9999 -9999 -9999 -9999 -9999 -9999 -9999 -9999 -9999 -9999 -9999 -9999 -9999 -9999 -9999 -9999 -9999 -9999 -9999 -9999 -9999 -9999 -9999 -9999 -9999 -9999 -9999 -9999 -9999 -9999 -9999 -9999 -9999 -9999 -9999 -9999 -9999 -9999 -9999 -9999 -9999 -9999 -9999
-9999 -9999 -9999 -9999 -9999 -9999 -9999 -9999 -9999 -9999 -9999 -9999 -9999 -9999 -9999 -9999 -9999 -9999 -9999 -9999 -9999 -9999 -9999 -9999 -9999 -9999 -9999 -9999 -9999 -9999 -9999 -9999 -9999 -9999 -9999 -9999 -9999 -9999 -9999 -9999 -9999 -9999 -9999 -9999 -9999 -9999 -9999 -9999 -9999 -9999 -9999 -9999 -9999 -9999 -9999 -9999 -9999 2.67355907795041 2.38872528076172 2.41174131631851 2.58350318670273 2.7498180270195
-9999 -9999 -9999 -9999 -9999 -9999 -9999 -9999 -9999 -9999 -9999 -9999 -9999 -9999 -9999 -9999 -9999 -9999 -9999 -9999 -9999 -9999 -9999 -9999 -9999 -9999 -9999 -9999 -9999 -9999 -9999 -9999 -9999 -9999 -9999 -9999 37.1749906539917 -9999 4.0051930802209 3.62718817591667 -9999 -9999 3.68724100788434 3.4235584373985 3.13132932782173 3.20567172765732 2.95619162917137 2.82559418678284 2.86401450634003 2.62851338088512 2.49320188164711 2.68813968223074 -9999 -9999 -9999 2.75488793849945 2.5697318315506 2.08330804109573 2.07089996337891 2.02483052015305 1.5722091794014 1.17166650295258
-9999 -9999 -9999 -9999 -9999 -9999 -9999 -9999 -9999 -9999 -9999 -9999 -9999 5.55918708443642 2.26946318149567 1.89602547883987 1.9753537774086 2.0130187869072 1.12509450316429 -9999 -9999 -9999 -9999 -9999 -9999 -9999 -9999 -9999 2.55995178222656 2.46868944168091 2.76489597558975 3.19877876341343 -9999 3.66949796676636 -9999 -9999 -9999 -9999 3.40214717388153 3.33366894721985 3.09716033935547 2.9473192691803 3.15555848181248 2.22384291887283 1.97731196880341 2.83394926786423 2.68294805288315 2.24979293346405 2.1465727686882 2.10743182897568 2.16874080896378 2.17006802558899 2.29294556379318 2.57722439549186 1.81564807891846 1.80405592918396 1.81450349092484 1.48737072944641 1.44133347272873 1.26831901073456 1.11834445595741 1.10264253616333
-9999 -9999 -9999 -9999 -9999 -9999 -9999 -9999 -9999 -9999 2.09403294324875 1.66466027498245 1.61050174385309 1.82122278213501 1.56339007616043 1.57253408432007 1.5585869550705 1.61192107200623 1.66093504428864 1.6301137804985 4.3045070491939 -9999 2.11425822973251 2.35471880435944 2.54142826795578 -9999 -9999 2.50108355283737 2.40956103801727 2.33459544181824 2.48341119289398 2.69747024774551 2.75700151920319 2.65389499813318 -9999 -9999 3.27571453366961 2.95243048667908 3.18508493900299 3.01778411865234 2.69166594743729 2.63623505830765 2.20777201652527 1.90533149242401 1.81016993522644 1.99377274513245 1.94792505353689 1.84451674669981 1.64796906709671 1.42193627357483 1.21139851212502 1.15892171859741 1.34079971909523 2.00213849544525 1.31115978956223 1.15664479136467 1.10901296138763 0.994949966669083 0.795012027025223 0.784496247768402 0.760190963745117 0.792356997728348
-9999 -9999 -9999 -9999 -9999 -9999 -9999 -9999 -9999 1.50923019647598 1.46910971403122 1.40398120880127 1.40695425868034 1.34144550561905 1.35827770829201 1.36815977096558 1.5469057559967 1.78483647108078 1.97434419393539 2.04008030891418 2.00741547346115 1.82644867897034 2.3026927113533 2.43822008371353 2.44474267959595 2.40881699323654 2.37368166446686 2.32898926734924 2.32625699043274 2.30886751413345 2.30259525775909 2.2678245306015 2.4435750246048 2.70967268943787 2.89424103498459 2.98186200857162 3.11315846443176 3.19138956069946 3.03734993934631 2.88049882650375 2.52048826217651 2.32516801357269 2.16009896993637 1.56390291452408 1.39834946393967 1.27677002549171 1.36208027601242 1.30478927493095 1.15454095602036 1.12971675395966 1.0758915245533 0.972362279891968 0.99721947312355 1.1032310500741 0.803132236003876 0.867692291736603 0.755416542291641 0.699689269065857 0.7148407548666 0.735401228070259 0.73419825732708 0.758967787027359
-9999 -9999 -9999 -9999 -9999 -9999 -9999 -9999 -9999 1.46778076887131 1.36450803279877 1.36830675601959 1.39401295781136 1.30886927247047 1.25235897302628 1.31439828872681 1.50814425945282 1.73948174715042 1.96042048931122 2.25086617469788 2.19902783632278 2.20720571279526 2.25294381380081 2.30578798055649 2.20461148023605 2.19213151931763 2.1523050069809 2.08237195014954 2.0825160741806 2.07010728120804 2.01406878232956 1.9847549200058 2.06993329524994 2.16225224733353 2.45984995365143 2.78650796413422 2.68532252311707 2.8206524848938 2.39067149162292 2.31122696399689 2.13074916601181 1.94947582483292 1.43138095736504 1.24322175979614 1.2095767557621 1.175123244524 1.14460122585297 1.14816525578499 1.13238751888275 1.1246640086174 0.958643972873688 0.98401540517807 1.10244745016098 0.818228244781494 0.768655478954315 0.748067244887352 0.701548486948013 0.673037230968475 0.681094497442245 0.683375984430313 0.753803998231888 0.771275997161865
-9999 -9999 -9999 -9999 -9999 -9999 -9999 -9999 1.48124715500864 1.25088304281235 1.20354375243187 1.22422054409981 1.24434372782707 1.26294529438019 1.27625173330307 1.2338662147522 1.34955677390099 1.1454119682312 1.30582800507545 1.47796350717545 1.77543818950653 1.78202120824294 1.87610955421741 1.91588639129292 1.45766553282738 1.56796950101852 1.57512456178665 1.55824041366577 1.52841818332672 1.52079820632935 1.52479952573776 1.57071304321289 1.68341320753098 1.82163441181183 1.91489392518997 2.12666773796082 2.14924800395966 2.13956022262573 1.86942601203918 1.64596956968307 1.40863198041916 1.3985835313797 1.1396310031414 1.12499848008156 1.12055996060371 1.24520623683929 1.1041732057929 1.09176268801093 1.08408746123314 1.01754543781281 0.739551202527114 0.745210190968854 0.713110027568681 0.798087000846863 0.730822518467903 0.690986260771751 0.67297799885273 0.654298514127731 0.715933486819267 0.710283011198044 0.702335983514786 0.734084263443947
1.20437232404947 1.05770778283477 1.16057248413563 1.10619487441503 -9999 -9999 -9999 1.89588605273854 1.33226211369038 1.19265300035477 1.25556711852551 1.19468234479427 1.24269770085812 0.945327256734555 0.870425063830156 1.0624341443181 1.02443561702967 1.05647778511047 1.12083452939987 1.17571127414703 1.24769702553749 1.30503523349762 1.26753303408623 1.17988577485085 1.21319854259491 1.20782625675201 1.21664178371429 1.19348475337029 1.19586977362633 1.20049354434013 1.24569824337959 1.30954277515411 1.27186498045921 1.30944228172302 1.37600925564766 1.48299971222878 1.54667991399765 1.52336025238037 1.3870815038681 1.35360844433308 1.28148707518211 1.1981882378459 1.10281249880791 1.09109824895859 1.04476564434858 1.00862669944763 0.925599547532889 0.903529671522287 0.878583091955919 0.76584297647843 0.802324182712115 0.809709975352654 0.826285311808953 1.03897351026535 1.06315475489412 1.05199650994369 0.757810072465376 0.758328706026077 0.736713767051697 0.715394228696823 0.674023479223251 0.670672506093979
0.983838617801666 0.975700400769711 1.06291763484478 1.39884598553181 1.32762260735035 1.33683335781097 1.46206386387348 1.23514348268509 0.91796437650919 0.651427161235076 1.1590496301651 0.903550505638123 1.09729729999195 0.827225312590599 0.787399157881737 0.812902897596359 0.837545603513718 1.03946775197983 0.987454101443291 1.02383569255471 1.10507400333881 1.07149677351117 1.09186674228736 1.08185628407142 0.735256478190422 0.733007982373238 1.00149662354413 0.886475265026093 1.02664855548314 1.03037497401237 1.03302072286606 1.04828575253487 1.0809754218374 1.1086591397013 1.11094071609633 1.1382187306881 2.23968973297339 1.04697026738099 0.910068340599537 0.972262725234032 1.01856753230095 0.978475556923793 0.948114632413938 0.943228978377122 0.887457720935345 0.88089673106487 0.853579071851877 0.865831058758956 0.868196464501894 0.892818771875822 0.917363143884219 1.01472658663988 1.01256895437837 1.01768839731812 0.855858722558388 0.850415110588074 0.774653255939484 0.775535970926285 0.761059463024139 0.699665978550911 0.66668102145195 0.687030002474785
0.812711149454117 0.708906643092632 0.698893766850233 0.99830362200737 0.72995924949646 0.982703626155853 0.988820247352123 0.603166807442904 0.611772872507572 0.678114365786314 0.775918878614902 0.811457991600037 0.762643072754145 0.732432994991541 0.785935521125793 0.799240529537201 0.820920020341873 0.805563747882843 0.861628130078316 0.931270480155945 0.800336211919785 0.787294507026672 0.740485489368439 0.744129002094269 0.946544498205185 0.951697835796758 0.939787157944271 0.912147544762667 1.01732999937875 0.985556036233902 1.04962582673345 1.02800290499415 1.03944115979331 1.06818640657834 1.02760825753212 0.97407387729202 0.957187034189701 0.996063416654413 1.01313917609778 1.02760251185724 1.04294645892722 1.06320875989539 1.02647521346807 1.0336274491115 1.0275383926928 0.955288815956849 0.95022349861952 0.94966059923172 0.91958568417109 0.918899533840326 0.927755727217748 0.987566396594048 0.980948176234961 0.961578145623207 0.824312925338745 0.744297757744789 0.750644981861115 0.740090981125832 0.718575730919838 0.694245010614395 0.705511495471001 0.698424741625786
0.60094141960144 0.601874412252353 0.609122958320838 0.801200646907091 0.724079266190529 0.70115701854229 0.6915652602911 0.636794231832027 0.651248246431351 0.715477131307125 0.784112766385078 0.779715731739998 0.719612346245692 0.711917817592621 0.754406716674566 0.748008012771606 0.762764990329742 0.750020205974579 0.770659521222115 0.814055681228638 0.819790076464415 0.886556124048574 1.01511228084564 1.02932193875313 1.04519454638163 1.02055439703605 1.03724300160128 1.12905898690224 1.30461752414703 1.10167686343193 1.10323093533516 1.29903897643089 1.23604872822762 0.994332592402186 1.02018545453365 1.05623863424574 1.10798305502305 1.05017806047743 1.06169092248787 1.09441624581814 1.08384604007006 1.06200602863516 1.08948252030781 1.12021993903013 1.10409738696538 1.0426787553089 1.04339181689116 1.0083163013825 0.959294165556247 0.867459221528127 0.754863173833915 0.730672661215067 0.755685746669769 0.754533737897873 0.785471230745316 0.763559997081757 0.814924478530884 0.827385753393173 0.819335281848907 0.801174759864807 0.752543985843658 1.36353674801913
0.598224053016076 0.595828792223564 0.598303198814392 0.605104042933537 0.629564255475998 0.63764700293541 0.645100504159927 0.654889494180679 0.659847021102905 0.686876267194748 0.691093504428864 0.604548767209053 0.668895226258498 0.676379442214966 0.721018508076668 0.757151216268539 0.760910242795944 0.753331687301397 0.844458471983671 0.902533884231861 0.917078458345853 0.927136308871783 0.948355585336685 0.969263571959275 0.980290229503925 1.01261639419724 1.14022278785706 1.14584398269653 1.26536920666695 1.06750112133367 1.25952824950218 1.30697321891785 1.2747862637043 1.04283837867635 1.12323153018951 1.06651577353477 1.1529459976233 1.1790093252292 1.18675764936667 1.12900396968637 1.11538240952151 1.10865263853754 1.15666956397203 1.1411242714295 1.11381850334314 1.05264809514795 0.934651815891266 0.693938727889742 0.75293650158814 0.687364547380379 0.702056091810976 0.728832766413689 0.757920742034912 0.781451225280762 0.821081221103668 0.892888516187668 1.04934373497963 1.11345827579498 1.14953327178955 1.11676427721977 1.87730787017129 2.0710559704087
0.581034630537033 0.554615488419166 0.556718085820858 0.560320777388719 0.594828754663467 0.59579399228096 0.594952493906021 0.597933009266853 0.61210124194622 0.73997551202774 0.770012229681015 0.677442759275436 0.851469039916992 0.850093513727188 0.874424993991852 0.83757296204567 0.876862127333879 0.991088211536407 0.996114760637283 0.900828689336777 1.07160446047783 1.07859224081039 1.11986848711967 1.01309175445483 0.99128188765966 1.07456097006798 1.05290400981903 1.10332801938057 1.09630081745294 1.10777851939201 1.1079735159874 1.1134612262249 1.04609173536301 1.03222051262856 1.11239326000214 1.12666797637939 1.20353177877573 1.22936616952603 1.25355855318216 1.19132005103997 1.16727901569435 1.16918757344995 1.19296571153861 1.15482280804561 1.09067154847659 1.04161321265357 0.898645743727684 0.751698240637779 0.794720605015755 0.747607491910458 0.788979783654213 0.799884706735611 0.818399995565414 0.968431502580643 1.04028376936913 1.15782603621483 1.52765929698944 1.60612571239471 2.10746794939041 2.36279878833077 2.49660701476611 2.43844319880009
0.526145672568908 0.802737981081009 0.550349269921963 0.556547497327511 0.567470772908284 0.560951247811317 0.520601367950439 0.540477350354195 0.848452538251877 0.890103042125702 0.870371997356415 0.867866277694702 0.748661327362061 0.853620707988739 0.874619275331497 0.933348029851913 0.881498194299638 0.711478281766176 1.06131076812744 1.08360823988914 1.11623328924179 1.10337674617767 1.14274871349335 1.08283048868179 1.04583013057709 1.153189097132 1.27991969883442 1.34148554716791 1.33562426907676 1.23139795660973 1.20503103733063 1.1679667532444 1.20461114782553 1.23502796888351 1.33389526605606 1.28634077310562 1.27507997934635 1.25127920508385 1.26010511700924 1.23422935834298 1.1851603938983 1.17697487656887 1.13395751898105 1.08991286158562 1.03903191364728 1.00227419229654 0.864239793557387 0.814974450148069 0.779435854691725 0.743791379034519 0.825053866420473 1.00269204919988 1.11030784249306 1.62507249300296 1.80896481058814 1.94270539283752 2.15115893278679 -9999 -9999 -9999 -9999 -9999
0.862205505371094 0.877858743071556 0.492863895637648 0.497395941189357 0.485464817711285 0.488448176532984 0.497887127101421 0.557470795512199 0.953148007392883 0.68292695071016 0.909170240163803 0.936243027448654 0.698526662588119 0.720079830714634 0.744330943695137 0.998066961765289 0.943140521645546 0.793803817033768 1.08096295595169 1.04094672203064 1.07511225342751 1.13099920749664 1.26029026508331 1.2195847928524 1.1932897567749 1.38211646676064 1.46680802106857 1.50225189966815 1.45576077486788 1.3410464823246 1.41402071714401 1.30773793734037 1.32519204799946 1.723856985569 1.61573972610327 1.62271721873965 1.42858253992521 1.37398374080658 1.3223272218154 1.22399270076018 1.14739379057517 1.1465515769445 1.14041374050654 1.13427106921489 1.10734018454185 0.983155537110109 0.779000986080903 0.7386889732801 0.744688552159529 0.88318943125861 1.08381200475352 1.51579943028363 1.72409801862457 2.34737888063703 1.81100516778524 -9999 -9999 -9999 -9999 -9999 -9999 -9999
0.953890532255173 0.956539481878281 0.913134008646011 0.455716814313616 0.452438797269549 0.967511120438576 0.957616500556469 0.948126185685396 0.982682447880507 0.603998199105263 0.633118560910225 0.617756471037865 0.674460697174072 0.815148516425065 0.989464491605759 0.855602397450379 0.929285278277738 1.02855619681733 1.06227153539658 1.09044000506401 1.22831770777702 1.44185248017311 1.41323545575142 1.34065496921539 1.31189998984337 1.35505047440529 1.4578432738781 1.47981521487236 1.44978399574757 -9999 -9999 -9999 -9999 -9999 -9999 3.14426672458649 1.55066392971919 1.54439461444105 1.35848579023566 1.13186225295067 1.09291034707656 1.08959441460096 1.03326662916404 0.999900561112624 0.92683976659408 0.895451332514103 0.875859179280021 0.956330253319307 0.966161272742532 1.27595739868971 1.88756545952388 2.33796898382051 2.27815314275878 1.9762424826622 1.97624230384827 -9999 -9999 -9999 -9999 -9999 -9999 -9999
0.969142466783524 0.962469041347504 0.991827785968781 0.997632586956024 1.00370580554008 0.463973812758923 0.566739091649652 0.514241066761315 0.644543892145157 0.577196028828621 0.628614765405655 0.668021279573441 0.705629059672356 1.08130198717117 1.0500952899456 1.05606445670128 0.949280261993408 1.06649324297905 1.10220828652382 1.16523671150208 1.12811627984047 1.30521601438522 1.42815229296684 1.45146900415421 1.39240354299545 1.35836479067802 1.40411853790283 1.4959237575531 1.42369356112821 -9999 -9999 -9999 -9999 -9999 -9999 -9999 2.22667132203396 1.41361542160694 1.25182330149871 1.12841419073252 1.01752747480686 0.989720195531845 1.01879265216681 0.875795911658894 0.834791105527144 0.803206863311621 0.879473550961568 0.960908605293794 1.14327490600673 1.8483983874321 2.43705823329779 2.26705956459045 -9999 -9999 -9999 -9999 -9999 -9999 -9999 -9999 -9999 -9999
0.932289719581604 0.932224541902542 1.11232743132859 1.1717992223361 1.20582031677751 0.440697793574894 0.483701406978071 0.640074935555458 0.467537046410143 0.533462676219642 0.920875093766621 0.91876702436379 0.910176515579224 1.05493122339249 0.994587779045105 0.986314505338669 1.01518761685916 1.13642397522926 1.3559887111187 1.42675380110741 0.740646364388766 1.30042325492416 1.14200039633683 1.25475150346756 1.29868653416634 1.29443621635437 1.43950796127319 1.57016998529434 1.68201220035553 -9999 -9999 -9999 -9999 -9999 -9999 -9999 9.268550659929 5.46726549523217 9.14721894264221 1.93476518759361 1.34745447223003 1.12355721226105 1.1060358606852 1.29939857813028 1.25124765817936 1.19066942425875 1.14235231738824 1.22248617273111 1.35965224287727 1.80699029835788 2.51975003572611 3.30585475609853 3.78590938678155 -9999 -9999 -9999 -9999 -9999 -9999 -9999 -9999 -9999
1.2544157654047 1.23057009279728 1.16912286421832 1.12728682510993 1.10794237007697 1.11098527908325 0.475591308053802 1.0414849200419 1.01362097263336 1.08507567644119 0.984880503799234 0.923604873674256 0.937619195452758 0.676435500383377 0.684449270367622 0.70381124317646 1.03712973743677 1.08904882946185 1.13242018116372 0.922796219587326 0.994898289442062 1.01847518522006 1.33451238733072 1.19196599721909 1.48653897643089 1.6263307929039 1.93506449460983 2.02900278568268 2.07908391952515 1.60623461008072 -9999 -9999 -9999 -9999 -9999 -9999 -9999 11.2462563514709 14.2613024711609 7.14769458770752 2.87025423233326 1.87124725947013 1.77462762594223 1.90321598603175 2.32200944423676 2.31152325868607 2.18405366860903 2.23446483795459 2.49625831383925 3.46549586274407 4.00889191844247 4.08472887369303 3.27736813462432 -9999 -9999 -9999 -9999 -9999 -9999 -9999 -9999 -9999
0.978643239690707 0.982229844881938 1.20641873280207 1.10633221517007 1.12006824463606 1.12715735818659 1.10956086005483 1.04503878951073 1.05856722593307 1.07747849822044 1.01430146609034 0.958374543913773 0.684138000011444 0.666969761252403 0.701345980167389 0.732006758451462 0.95515507885388 1.04523574348007 1.08496512153319 1.05883046878236 0.835106368248279 1.07639859960629 1.3627792596817 1.74451947212219 2.03748822212219 2.08404976129532 1.99711132049561 2.02749681472778 2.021952688694 2.07160878181458 -9999 -9999 -9999 -9999 -9999 -9999 -9999 -9999 -9999 -9999 -9999 -9999 -9999 -9999 -9999 -9999 3.65490746498108 2.45032726866858 2.49971792527607 4.3268772742965 -9999 -9999 -9999 -9999 -9999 -9999 -9999 -9999 -9999 -9999 -9999 -9999
0.971513373511178 0.959499518979679 1.25670731067657 1.03410168804906 1.09378887074334 1.12977715155908 1.15762992841857 1.06422078609467 1.0338142812252 0.954345792531967 0.851556748151779 0.840417712926865 0.856784284114838 0.682563006877899 0.749635487794876 1.0311187505722 0.975530236959457 0.963449209928513 0.924128882586956 0.871999725699425 1.05982652306557 1.18763852119446 1.42347827553749 1.26940975785255 -9999 -9999 -9999 1.94356942176819 1.87131071090698 1.93088632822037 1.74721974134445 -9999 -9999 -9999 -9999 -9999 -9999 -9999 -9999 -9999 -9999 -9999 -9999 -9999 -9999 -9999 -9999 -9999 -9999 -9999 -9999 -9999 -9999 -9999 -9999 -9999 -9999 -9999 -9999 -9999 -9999 -9999
0.94617130539634 1.05632932890545 1.04583140259439 1.07499671930617 1.36882652342319 1.22491560663496 1.26537307990449 0.923566460609436 0.933248251676559 0.921963036060333 0.893894255161285 0.864511460065842 0.831817477941513 0.830630242824554 0.85003799200058 1.03930878639221 1.10006922483444 1.03017523884773 0.950183272361755 0.910846531391144 1.15175771713257 1.32621520757675 1.57082319259644 1.9504988193512 2.11015427112579 2.15433758497238 2.09676378965378 1.84028702974319 1.80621528625488 1.79097533226013 1.96601700782776 2.42792305555837 -9999 -9999 -9999 -9999 -9999 -9999 -9999 -9999 -9999 -9999 -9999 -9999 -9999 -9999 -9999 -9999 -9999 -9999 -9999 -9999 -9999 -9999 -9999 -9999 -9999 -9999 -9999 -9999 -9999 -9999
0.915637643499808 1.19167689979076 1.01172805780714 1.39759013056755 1.19455143131993 1.24276289072904 1.24350772798061 0.915116965770721 0.995767503976822 1.01142525672913 0.996890276670456 1.09428602457047 1.09561049938202 1.11416852474213 1.18713596463203 1.19314429163933 1.18663349747658 1.06061777472496 1.03494375944138 1.06700026988983 1.27994254231453 1.37144324183464 1.49265450239182 1.85110348463058 2.01143181324005 2.05180943012238 2.01639604568481 1.75059825181961 1.89287316799164 1.96120494604111 1.92407548427582 1.52230271697044 -9999 -9999 -9999 -9999 -9999 -9999 -9999 -9999 -9999 -9999 -9999 -9999 -9999 -9999 -9999 -9999 -9999 -9999 -9999 -9999 -9999 -9999 -9999 -9999 -9999 -9999 -9999 -9999 -9999 -9999
1.19181454181671 1.2691844701767 1.37387698888779 1.08599682829597 1.13726655461571 0.897323280572891 0.944139003753662 1.09446752071381 1.46105548739433 1.40630248188972 1.3558147251606 1.52137792110443 1.51613402366638 1.49113950133324 1.46851274371147 1.39159199595451 1.274972230196 1.10620352625847 1.10026574134827 1.2423495054245 1.38380625844002 1.75494307279587 2.01704621315002 2.05688542127609 2.10759294033051 2.02027648687363 1.8633052110672 1.66050070524216 1.88048619031906 1.9387155175209 1.81801128387451 -9999 -9999 -9999 -9999 -9999 -9999 -9999 -9999 -9999 -9999 -9999 -9999 -9999 -9999 -9999 -9999 -9999 -9999 -9999 -9999 -9999 -9999 -9999 -9999 -9999 -9999 -9999 -9999 -9999 -9999 -9999
