EcologicalScience/Bass/data/rs_data_bass/chl_448.asc
NCOLS 226 
NROWS 124 
XLLCORNER -9.41648524995501 
YLLCORNER 47.587301625531 
CELLSIZE 0.0833 
NODATA_value -9999 
[rows 54 to 80 of 124, columns 124 to 185 of 226]
1.95752102136612 1.97729176282883 2.17809891700745 2.15737116336823 1.96465355157852 2.00305581092834 2.05383306741714 1.70184230804443 1.65353018045425 1.46868520975113 1.48533153533936 1.50116175413132 1.90224069356918 1.9271040558815 1.9779000878334 2.12053120136261 2.07964432239532 1.79453766345978 1.57559841871262 1.52792698144913 1.56019502878189 1.6241512298584 1.56367117166519 1.79782193899155 1.77886283397675 1.85616606473923 1.89189594984055 2.06228703260422 2.1125385761261 2.15831995010376 2.15557354688644 2.16543227434158 2.25904726982117 2.15181970596313 2.11646550893784 2.03904980421066 1.88935732841492 1.84840500354767 2.0651062130928 2.05771422386169 1.95486152172089 1.88147932291031 1.83768528699875 2.0850847363472 2.47599828243256 2.50827151536942 2.75276398658752 3.04146587848663 4.278639793396 4.89241433143616 4.15692365169525 5.38034090995789 5.54514598846436 6.5351414680481 6.01730990409851 6.63343977928162 7.03818726539612 8.73365306854248 5.74317044019699 7.92297091365846 -9999 -9999
2.10718274116516 2.03886902332306 1.90809005498886 2.01109421253204 2.2730587720871 2.16715121269226 2.23790842294693 2.40548855066299 1.92714375257492 1.55118298530579 1.61855167150497 1.6587308049202 1.8406537771225 1.89399218559265 2.02382630109787 2.00895220041275 1.92538958787918 1.82426404953003 1.68869483470917 1.50607806444168 1.44820573925972 1.45871695876122 1.74639004468918 2.13491767644882 1.92480146884918 1.88260871171951 1.87988394498825 2.04542702436447 2.28551477193832 2.40656697750092 2.59497141838074 2.51464945077896 2.23915868997574 2.17005443572998 1.99682325124741 1.88798546791077 1.74672299623489 1.89893996715546 1.86932623386383 1.61109977960587 1.63416069746017 1.76760971546173 2.1640596985817 3.20942401885986 3.03771078586578 2.88233256340027 3.71433913707733 4.5987628698349 5.80317091941833 5.63432085514069 4.0666891336441 4.58675909042358 4.99951493740082 7.85049319267273 9.39180564880371 10.4006916926457 10.5720698833466 -9999 -9999 -9999 -9999 -9999
1.95672458410263 2.25817054510117 2.1224924325943 2.04961502552032 1.99687349796295 2.04169124364853 2.21431356668472 2.24485498666763 2.17350071668625 2.04862797260284 1.89084452390671 1.83711755275726 2.28619641065598 2.16189444065094 1.93266445398331 1.84033048152924 1.8218212723732 1.78048127889633 1.81520622968674 1.7487952709198 1.47573074698448 1.49395197629929 1.55499297380447 2.56288719177246 2.60598456859589 2.43875849246979 2.49098628759384 2.66834253072739 2.98455369472504 3.02127134799957 3.09472739696503 2.99189329147339 2.43202883005142 2.32726353406906 2.18338268995285 2.05864942073822 1.8846960067749 1.66757780313492 1.43795701861382 1.32564148306847 1.47624975442886 2.00041955709457 3.12923097610474 3.13809442520142 3.164830327034 3.42183136940002 4.44787430763245 2.93074793815613 5.75244534015656 5.087078332901 4.47315287590027 6.40021920204163 8.74995803833008 8.71337443590164 -9999 -9999 -9999 -9999 -9999 -9999 -9999 -9999
2.17141574621201 2.23813498020172 2.51310002803802 2.26235407590866 2.07790642976761 2.06036692857742 2.13585966825485 2.25818932056427 2.26560294628143 2.09482508897781 1.80529206991196 2.02590680122375 2.31214731931686 2.3148495554924 2.09558773040771 2.07592052221298 1.78212833404541 1.74549382925034 1.75001853704453 1.83942747116089 1.87795507907867 1.8194745182991 1.71700501441956 2.1267494559288 3.20225536823273 3.05588114261627 3.24107265472412 3.30932557582855 3.35698878765106 3.41576564311981 3.3944753408432 2.96630018949509 2.81005203723907 2.69880974292755 2.39018994569778 2.17731750011444 1.82211381196976 1.52188342809677 1.41176623106003 1.33034321665764 1.38542103767395 2.70486599206924 4.5019565820694 3.74720621109009 3.46223866939545 3.62247741222382 4.40611732006073 18.6763840703403 8.43887400627136 7.3041615486145 7.7488968372345 10.4075367450714 13.901228427887 15.706231104361 -9999 -9999 -9999 -9999 -9999 -9999 -9999 -9999
2.80465203523636 2.35355472564697 2.23022925853729 2.24080502986908 2.19532799720764 2.11044752597809 2.21531027555466 2.21341806650162 2.21797567605972 2.26689898967743 2.14070999622345 1.82366394996643 2.05169767141342 2.20308530330658 2.16279745101929 1.82052004337311 2.04970282316208 1.78992891311646 1.76357102394104 1.82118147611618 1.94287794828415 2.04729670286179 2.00640892982483 1.89049047231674 2.02761143445969 2.47342282533646 2.92794907093048 2.97359329462051 2.88925051689148 2.720274746418 2.57748377323151 2.3708084821701 2.11999958753586 1.95218843221664 1.71457868814468 1.51319843530655 1.46600925922394 1.52322828769684 1.40159547328949 1.39952847361565 1.48759871721268 2.91470557451248 4.56327509880066 4.97538542747498 4.57145690917969 4.00389611721039 10.5048100948334 10.675076007843 9.36719012260437 7.88104391098022 8.85710906982422 11.7310180664062 57.0439224243164 -9999 -9999 -9999 -9999 -9999 -9999 -9999 -9999 -9999
27.239788749218 2.80356681346893 2.71055781841278 2.65433621406555 2.71865093708038 2.68023526668549 2.67603296041489 2.84061670303345 2.66396033763885 2.39301520586014 2.25788104534149 1.82616001367569 1.91185802221298 1.98377108573914 1.95952731370926 1.71689468622208 1.8301717042923 1.99711579084396 2.02340322732925 1.99135583639145 2.02946466207504 2.08587455749512 2.0928059220314 2.10506469011307 2.26634252071381 2.35147655010223 2.25095701217651 2.26437216997147 2.13728016614914 1.82724756002426 1.87332451343536 1.79476493597031 1.74727195501328 1.60455894470215 1.54582357406616 1.43313226103783 1.88552695512772 2.47714358568192 2.31605476140976 1.66379392147064 2.08379852771759 2.71650373935699 4.71930313110352 6.0648307800293 5.72782516479492 -9999 7.46866663297017 8.92308640480042 8.46518898010254 11.7945063114166 23.3824868202209 33.2324352264404 42.8004999160767 39.9045583861215 -9999 -9999 -9999 -9999 -9999 -9999 -9999 -9999
-9999 -9999 -9999 -9999 -9999 2.28387522697449 2.67602545022964 2.62056970596313 2.77645647525787 2.67408818006516 2.47099131345749 1.86571419239044 1.62624603509903 1.72762566804886 1.67632269859314 1.76740568876266 1.71494257450104 1.96526992321014 2.02956676483154 2.09250605106354 2.07056254148483 2.0988877415657 1.8774254322052 1.83264666795731 1.86604571342468 1.79877519607544 1.78210866451263 1.94251728057861 1.82929801940918 1.62106722593307 1.53642672300339 1.60712707042694 1.56428182125092 1.44992020726204 1.43843623995781 1.48359149694443 1.87959158420563 3.07472777366638 5.0225293636322 4.04144847393036 4.91128492355347 5.52107262611389 6.74357271194458 9.61165022850037 7.78922367095947 10.8126407306171 -9999 -9999 -9999 -9999 31.7422909736633 30.7646236419678 52.5521778307463 58.2545196533203 -9999 -9999 -9999 -9999 -9999 -9999 -9999 -9999
-9999 -9999 -9999 -9999 -9999 -9999 -9999 -9999 3.05948460102081 2.92363572120667 2.28942006826401 1.96899980306625 1.67368054389954 1.60855793952942 1.62063825130463 1.90472477674484 1.91262227296829 2.08572220802307 2.08451181650162 2.07223570346832 1.88081395626068 1.81843793392181 1.74029695987701 1.63698381185532 1.46512725949287 1.41735747456551 1.26173776388168 1.40398496389389 1.87335902452469 1.44830998778343 1.16448301076889 1.27763476967812 1.29803323745728 1.30741274356842 1.39846122264862 1.56728178262711 1.99831867218018 2.91788095235825 5.52683007717133 11.2825791835785 10.5948715209961 15.3437848091125 15.7096581459045 13.8902363777161 20.6220609769225 29.0682649612427 -9999 -9999 -9999 -9999 17.548882484436 16.0629692735343 29.6298398441739 44.3390579223633 43.226580619812 28.8814861073213 -9999 -9999 -9999 -9999 -9999 -9999
-9999 -9999 -9999 -9999 -9999 -9999 -9999 -9999 -9999 -9999 2.04790806770325 1.7212148308754 1.83523428440094 1.70311868190765 1.66592019796371 1.8116700053215 1.82500576972961 1.83641391992569 1.72250479459763 1.78904467821121 1.96235471963882 1.76879096031189 1.7053724527359 1.46617197990417 1.34601527452469 1.23917627334595 1.18452000617981 1.08931803703308 1.19100746512413 1.33168879151344 1.36282271146774 1.3902870118618 1.53681832551956 1.55190074443817 1.62569099664688 1.84862548112869 2.14999580383301 3.061354637146 11.1663522720337 17.3737692832947 14.2967376708984 20.9613146781921 19.1415252685547 15.1241211891174 10.4539616391497 -9999 -9999 -9999 -9999 -9999 -9999 -9999 12.407801181078 23.3202738761902 23.7953495979309 22.2394280433655 10.8786277770996 -9999 -9999 -9999 -9999 -9999
-9999 -9999 -9999 -9999 -9999 -9999 -9999 -9999 -9999 4.3704868555069 2.11462193727493 1.87818145751953 1.61106526851654 1.64692050218582 1.6541993021965 2.21140658855438 1.97076666355133 1.96131598949432 1.92080479860306 1.9938570857048 1.89277642965317 1.92079800367355 1.75693506002426 1.41498228907585 1.35286420583725 1.32353022694588 1.21909654140472 1.20930603146553 1.15779528021812 1.40518802404404 1.44882228970528 1.53266930580139 1.58054333925247 1.55405026674271 1.6630185842514 2.23799479007721 3.37415492534637 5.4683700799942 13.4714069366455 20.0399723052979 21.7196187973022 21.7321457862854 19.4226565361023 35.3488140106201 12.605584618536 33.0447750091553 -9999 -9999 -9999 21.0360345840454 13.0340294837952 17.8351407051086 13.1477165222168 14.2509255409241 13.2702097892761 10.2900803089142 13.7891881024396 -9999 -9999 -9999 -9999 -9999
-9999 -9999 -9999 -9999 -9999 -9999 -9999 -9999 -9999 -9999 2.16738367080688 1.96079403162003 1.86698698997498 1.9670804142952 2.02864569425583 2.25713932514191 2.35564345121384 2.18851268291473 2.18891483545303 2.02907466888428 1.87638008594513 1.71861219406128 1.67297476530075 1.45335298776627 1.52517449855804 1.49634826183319 1.43438252806664 1.39636427164078 1.15518826246262 1.1466067135334 1.20573449134827 1.29236251115799 1.3921665251255 1.42902678251266 1.74106729030609 2.50115329027176 3.67361176013947 8.36121940612793 13.9915580749512 18.7859344482422 21.2101893424988 19.4455504417419 13.4519248008728 18.830424785614 7.51955851709958 -9999 -9999 -9999 -9999 -9999 17.4426326751709 15.6546506881714 11.3391172885895 13.191593170166 14.8900337219238 -9999 -9999 -9999 -9999 -9999 -9999 -9999
-9999 -9999 -9999 -9999 -9999 -9999 -9999 -9999 -9999 3.67937564849854 2.65041518211365 2.67137932777405 2.73450154066086 2.43026250600815 2.06718742847443 2.0052809715271 2.05769920349121 2.00408917665482 1.91738927364349 1.50978523492813 1.3980667591095 1.34054026007652 1.3953660428524 1.45197370648384 1.60745251178741 1.65635097026825 1.62695699930191 1.49743804335594 1.27324050664902 1.14017620682716 1.0391092300415 1.02942895889282 1.22159403562546 1.37882852554321 2.07389098405838 3.23968863487244 4.70294237136841 10.5956783294678 12.2378039360046 16.1579217910767 13.6428036689758 18.1078906059265 18.4632124900818 6.45809920320233 3.86466658115387 -9999 -9999 -9999 -9999 -9999 12.6051741079851 15.2317142486572 10.9661750793457 20.7854344269325 -9999 -9999 -9999 -9999 -9999 -9999 -9999 -9999
-9999 -9999 -9999 -9999 -9999 -9999 -9999 -9999 -9999 3.32017984298559 2.90797054767609 2.46656101942062 2.10349202156067 1.96045875549316 1.84719300270081 1.62268799543381 1.58136230707169 1.49899578094482 1.33187851309776 1.39132726192474 1.369893014431 1.36009427905083 1.44492825865746 1.42015045881271 1.51422983407974 1.65064054727554 1.72046256065369 1.65614926815033 1.45147570967674 1.35032397508621 1.20875403285027 1.17277577519417 1.29515996575356 1.48858496546745 3.18229186534882 5.51825416088104 9.70227885246277 13.1908736228943 13.025475025177 11.7276005744934 12.2263469696045 11.9086854457855 17.2216944694519 8.02007762147385 3.86466693878174 -9999 -9999 -9999 -9999 12.1949715614319 -9999 -9999 -9999 -9999 -9999 -9999 -9999 -9999 -9999 -9999 -9999 -9999
-9999 -9999 -9999 -9999 -9999 -9999 -9999 -9999 -9999 3.87474642481123 2.60986125469208 2.33179342746735 2.08468794822693 1.75240874290466 1.58982217311859 1.42507204413414 1.29717752337456 1.3214445412159 1.35201001167297 1.4138984978199 1.43372172117233 1.42943850159645 1.4870992898941 1.56940269470215 1.60048574209213 1.74245631694794 1.81724470853806 1.92304730415344 1.96546876430511 1.78851217031479 1.64127677679062 1.32876446843147 1.23403277993202 1.59034645557404 2.43784117698669 3.29527652263641 4.8447300195694 7.90595841407776 11.853711605072 7.19183850288391 9.1107702255249 8.14978551864624 9.11916464620562 -9999 -9999 -9999 -9999 -9999 -9999 -9999 -9999 -9999 -9999 -9999 -9999 -9999 -9999 -9999 -9999 -9999 -9999 -9999
-9999 -9999 -9999 -9999 -9999 -9999 -9999 -9999 9.46950800759452 3.39585095643997 3.04143565893173 2.78127545118332 2.62530303001404 1.5027067065239 1.40012696385384 1.35802951455116 1.27634552121162 1.2695460319519 1.4021857380867 1.49202597141266 1.51819878816605 1.57766246795654 1.60851591825485 1.56925195455551 1.67727220058441 1.78779083490372 1.80193644762039 1.98049432039261 2.1191069483757 1.91451591253281 1.59740924835205 1.47934350371361 1.91709977388382 4.09628856182098 4.10731208324432 3.63778817653656 3.92452275753021 5.48811972141266 11.0307505130768 8.02392482757568 9.39032936096191 7.84185715822073 14.9162739213691 -9999 -9999 -9999 -9999 -9999 -9999 -9999 -9999 -9999 -9999 -9999 -9999 -9999 -9999 -9999 -9999 -9999 -9999 -9999
-9999 -9999 -9999 -9999 -9999 -9999 -9999 3.28386068344116 3.44241992405483 3.34333211183548 2.45024406909943 2.26519346237183 1.99597656726837 1.37791576981544 1.34073597192764 1.4281935095787 1.39261874556541 1.42518827319145 1.5024322271347 1.55403524637222 1.62187653779984 1.63692444562912 1.62291830778122 1.7510279417038 1.98771375417709 1.95558446645737 1.7519708275795 1.94508826732635 2.07038104534149 1.95977318286896 1.66068524122238 1.72133392095566 1.94601756334305 2.40885382890701 3.17085242271423 2.87049078941345 3.18335866928101 4.55555927753448 6.43944096565247 7.27214169502258 21.6878669927421 5.69786846637726 3.25656187534332 -9999 -9999 -9999 -9999 -9999 -9999 -9999 -9999 -9999 -9999 -9999 -9999 -9999 -9999 -9999 -9999 -9999 -9999 -9999
-9999 -9999 -9999 -9999 -9999 -9999 4.12095363480704 3.70679618418217 3.60655376315117 3.32070362567902 2.50459116697311 2.31577491760254 2.30018842220306 1.74946796894073 1.69408571720123 1.57676249742508 1.49425426125526 1.44899851083755 1.41636970639229 1.55031824111938 1.63908076286316 1.63184022903442 1.62831366062164 1.70742005109787 1.64154374599457 1.46375995874405 1.76733219623566 1.8174996972084 1.86225074529648 2.01490867137909 2.24442082643509 2.33937817811966 2.63394677639008 2.93858617544174 2.93084406852722 3.39120733737946 3.38104891777039 4.04955089092255 5.40481424331665 -9999 -9999 -9999 -9999 -9999 -9999 -9999 -9999 -9999 -9999 -9999 -9999 -9999 -9999 -9999 -9999 -9999 -9999 -9999 -9999 -9999 -9999 -9999
-9999 -9999 -9999 -9999 4.02076088465177 3.57533061504364 3.47177946567535 3.2139208316803 3.79418814182281 3.60970795154572 2.98731011152267 2.25166118144989 2.18326127529144 2.71736079454422 2.39914524555206 1.61542958021164 1.6229984164238 1.50657445192337 1.46732479333878 1.53828746080399 1.59195291996002 1.63917517662048 1.48760023713112 1.44782477617264 1.35989400744438 1.37505295872688 1.48625099658966 1.62324893474579 1.78521680831909 2.08718329668045 3.33145344257355 3.48262202739716 4.25845420360565 4.59853184223175 4.48094844818115 5.06312942504883 3.52615571022034 4.35627830028534 -9999 -9999 -9999 -9999 -9999 -9999 -9999 -9999 -9999 -9999 -9999 -9999 -9999 -9999 -9999 -9999 -9999 -9999 -9999 -9999 -9999 -9999 -9999 -9999
-9999 -9999 -9999 -9999 4.30370496786558 4.1767932006291 3.12307651340961 3.04217885434628 2.93715405464172 3.14769315719604 3.03251159191132 2.90044945478439 2.67929497361183 2.73499953746796 2.36994343996048 1.84225344657898 1.69657051563263 1.48120728135109 1.52838224172592 1.67913383245468 1.71426755189896 1.67909771203995 1.4198302924633 1.34187000989914 1.39272978901863 1.55505591630936 1.66610097885132 1.7758349776268 1.76182866096497 2.47614008188248 3.27430558204651 4.21064186096191 5.43775713443756 4.98884475231171 3.56142961978912 3.61448550224304 3.15942013263702 -9999 -9999 -9999 -9999 -9999 -9999 -9999 -9999 -9999 -9999 -9999 -9999 -9999 -9999 -9999 -9999 -9999 -9999 -9999 -9999 -9999 -9999 -9999 -9999 -9999
-9999 62.0026988983154 4.51740226745605 3.43521800637245 3.51689377427101 3.20851698517799 3.06114971637726 3.2764778137207 3.13001847267151 2.86382460594177 3.56685447692871 3.19760835170746 2.4597299695015 2.11341553926468 1.83311021327972 1.60969054698944 1.65341091156006 1.70261693000793 1.80896544456482 1.88626420497894 2.04200774431229 1.90875524282455 1.95159155130386 1.60486578941345 1.61175745725632 2.33196669816971 2.42608505487442 2.1683167219162 1.93506681919098 1.78841704130173 2.35369491577148 2.68723958730698 4.01646137237549 4.21949994564056 2.65514177083969 24.114506166032 -9999 -9999 -9999 -9999 -9999 -9999 -9999 -9999 -9999 -9999 -9999 -9999 -9999 -9999 -9999 -9999 -9999 -9999 -9999 -9999 -9999 -9999 -9999 -9999 -9999 -9999
3.50285717615714 3.93282347917557 3.61020067334175 3.20239460468292 3.02073472738266 3.0533055961132 3.04945456981659 3.19297659397125 3.31566327810287 3.1205130815506 2.47093081474304 2.68084806203842 2.26255649328232 1.72526407241821 1.62560319900513 1.55485278367996 1.74668991565704 1.80293405056 1.94952821731567 1.99008893966675 2.14164143800735 2.10514283180237 2.08695816993713 2.18465316295624 2.3291078209877 2.68875682353973 2.50859928131104 2.23412328958511 2.6822361946106 3.12089610099792 3.31880843639374 2.68326741456985 4.62767100334167 -9999 -9999 -9999 -9999 -9999 -9999 -9999 -9999 -9999 -9999 -9999 -9999 -9999 -9999 -9999 -9999 -9999 -9999 -9999 -9999 -9999 -9999 -9999 -9999 -9999 -9999 -9999 -9999 -9999
3.99890204838344 3.30128011107445 3.16863968968391 3.15743637084961 3.12102797627449 3.04955694079399 2.82405650615692 2.6513124704361 2.80477952957153 2.82875257730484 2.7199147939682 2.62197518348694 1.88087475299835 1.57934403419495 1.54369193315506 1.57947081327438 1.82152497768402 1.88727378845215 1.87255650758743 1.88595449924469 2.17520481348038 2.28715878725052 2.37269622087479 2.42567467689514 2.54403966665268 2.7063581943512 3.35513985157013 3.2103134393692 2.71481931209564 3.41808378696442 3.00606822967529 2.58962255716324 7.21538990736008 3.6859375834465 8.47962686419487 8.26106584072113 -9999 -9999 -9999 -9999 -9999 -9999 -9999 -9999 -9999 -9999 -9999 -9999 -9999 -9999 -9999 -9999 -9999 -9999 -9999 -9999 -9999 -9999 -9999 -9999 -9999 -9999
3.38518323898315 3.20855848789215 2.78757919371128 3.0433095395565 2.66546851396561 2.58502721786499 2.5512632727623 2.50435531139374 2.30165255069733 1.8615962266922 2.44717133045197 2.28142583370209 1.62192982435226 1.64945250749588 1.72342497110367 1.75466555356979 1.91376757621765 1.88817983865738 2.06915992498398 2.13234454393387 2.34533250331879 2.52646654844284 2.54783695936203 2.57180106639862 2.91562807559967 3.02477610111237 3.01320290565491 2.74041497707367 5.31128096580505 7.9497549533844 14.8806547490033 -9999 -9999 -9999 -9999 -9999 -9999 -9999 -9999 -9999 -9999 -9999 -9999 -9999 -9999 -9999 -9999 -9999 -9999 -9999 -9999 -9999 -9999 -9999 -9999 -9999 -9999 -9999 -9999 -9999 -9999 -9999
3.67170715332031 3.35459250211716 3.2496711909771 3.01948772370815 3.02833405137062 2.99762807786465 2.81428253650665 3.03214207291603 2.87377765774727 2.21778118610382 2.64141038060188 1.8935152888298 1.58190423250198 1.59854000806808 1.71550780534744 1.5985170006752 1.75609311461449 1.67505070567131 2.28223425149918 2.6458312869072 2.84511297941208 2.88529425859451 2.90054172277451 3.1104097366333 3.34274554252625 3.33049213886261 3.57869696617126 4.46715438365936 3.77711057662964 3.94586431980133 3.97369658946991 4.26661169528961 -9999 -9999 -9999 -9999 -9999 -9999 17.2979358893174 12.6942715644836 -9999 -9999 -9999 -9999 -9999 -9999 -9999 -9999 -9999 -9999 -9999 -9999 -9999 -9999 -9999 -9999 -9999 -9999 -9999 -9999 -9999 -9999
4.32913463115692 4.13667576313019 3.52913877367973 3.55359596014023 3.33930400013924 3.32890936732292 2.65006792545319 2.7799197435379 3.10214048624039 2.59506824612617 2.30516847968102 1.40416353940964 1.45164525508881 1.54815638065338 1.61259377002716 1.63732767105103 1.53148390352726 1.57002595067024 2.74140375852585 2.59666505455971 3.06818532943726 3.09076130390167 3.15973591804504 3.66757214069366 3.18259817361832 3.17384549975395 3.4738701581955 2.82818484306335 4.02281713485718 3.5160900592804 4.75761522935784 3.42093944549561 -9999 -9999 -9999 -9999 -9999 -9999 -9999 -9999 -9999 -9999 -9999 -9999 -9999 -9999 -9999 -9999 -9999 -9999 -9999 -9999 -9999 -9999 -9999 -9999 -9999 -9999 -9999 -9999 -9999 -9999
-9999 -9999 -9999 -9999 -9999 5.8952766615194 3.35188346385956 2.73472952842712 2.65589958429337 1.77585116028786 1.35629698634148 1.23560513556004 1.27972050011158 1.56957596540451 1.64172899723053 2.0272176861763 2.20037466287613 2.14100021123886 2.2326854467392 2.94312205910683 3.26715633273125 3.13342425227165 3.2233878672123 3.29026114940643 3.18454331159592 3.12373006343842 -9999 -9999 -9999 -9999 -9999 -9999 -9999 -9999 -9999 -9999 -9999 -9999 -9999 -9999 -9999 -9999 -9999 -9999 -9999 -9999 -9999 -9999 -9999 -9999 -9999 -9999 -9999 -9999 -9999 -9999 -9999 -9999 -9999 -9999 -9999 -9999
-9999 -9999 -9999 -9999 -9999 -9999 2.69315522909164 2.96143877506256 2.22239917516708 1.29972226917744 1.24253287911415 1.26424196362495 1.50224554538727 1.69302445650101 2.05413526296616 2.15834319591522 2.44087725877762 2.12178683280945 2.51481145620346 3.48335087299347 3.88915564119816 3.29775783419609 3.25265809893608 3.03875723481178 -9999 -9999 -9999 -9999 -9999 -9999 -9999 -9999 -9999 -9999 -9999 -9999 -9999 -9999 -9999 -9999 -9999 -9999 -9999 -9999 -9999 -9999 -9999 -9999 -9999 -9999 -9999 -9999 -9999 -9999 -9999 -9999 -9999 -9999 -9999 -9999 -9999 -9999
