EcologicalScience/Bass/data/rs_data_bass/chl_95.asc
NCOLS 226 
NROWS 124 
XLLCORNER -9.41648524995501 
YLLCORNER 47.587301625531 
CELLSIZE 0.0833 
NODATA_value -9999 
[rows 0 to 26 of 124, columns 62 to 123 of 226]
-9999 -9999 -9999 -9999 -9999 -9999 -9999 -9999 -9999 -9999 -9999 -9999 -9999 -9999 -9999 -9999 -9999 -9999 -9999 -9999 -9999 -9999 -9999 -9999 -9999 -9999 -9999 -9999 -9999 -9999 -9999 -9999 -9999 -9999 -9999 -9999 -9999 -9999 -9999 -9999 -9999 -9999 -9999 -9999 -9999 -9999 -9999 -9999 -9999 -9999 -9999 -9999 -9999 -9999 -9999 -9999 -9999 -9999 -9999 -9999 -9999 -9999
-9999 -9999 -9999 -9999 -9999 -9999 -9999 -9999 -9999 -9999 -9999 -9999 -9999 -9999 -9999 -9999 -9999 -9999 -9999 -9999 -9999 -9999 -9999 -9999 -9999 -9999 -9999 -9999 -9999 -9999 -9999 -9999 -9999 -9999 -9999 -9999 -9999 -9999 -9999 -9999 -9999 -9999 -9999 -9999 -9999 -9999 -9999 -9999 -9999 -9999 -9999 -9999 -9999 -9999 -9999 -9999 -9999 -9999 -9999 -9999 -9999 -9999
-9999 -9999 -9999 -9999 -9999 -9999 -9999 -9999 -9999 -9999 -9999 -9999 -9999 -9999 -9999 -9999 -9999 -9999 -9999 -9999 -9999 -9999 -9999 -9999 -9999 -9999 -9999 -9999 -9999 -9999 -9999 -9999 -9999 -9999 -9999 -9999 -9999 -9999 -9999 -9999 -9999 -9999 -9999 -9999 -9999 -9999 -9999 -9999 -9999 -9999 -9999 -9999 -9999 -9999 -9999 -9999 -9999 -9999 -9999 -9999 -9999 -9999
-9999 -9999 -9999 -9999 -9999 -9999 -9999 -9999 -9999 -9999 -9999 -9999 -9999 -9999 -9999 -9999 -9999 -9999 -9999 -9999 -9999 -9999 -9999 -9999 -9999 -9999 -9999 -9999 -9999 -9999 -9999 -9999 -9999 -9999 -9999 -9999 -9999 -9999 -9999 -9999 -9999 -9999 -9999 -9999 -9999 -9999 -9999 -9999 -9999 -9999 -9999 -9999 -9999 -9999 -9999 -9999 -9999 -9999 -9999 -9999 -9999 -9999
-9999 -9999 -9999 -9999 -9999 -9999 -9999 -9999 -9999 -9999 -9999 -9999 -9999 -9999 -9999 -9999 -9999 -9999 -9999 -9999 -9999 -9999 -9999 -9999 -9999 -9999 -9999 -9999 -9999 -9999 -9999 -9999 -9999 -9999 -9999 -9999 -9999 -9999 -9999 -9999 -9999 -9999 -9999 -9999 -9999 -9999 -9999 -9999 -9999 -9999 -9999 -9999 -9999 -9999 -9999 -9999 -9999 -9999 -9999 -9999 -9999 -9999
-9999 -9999 -9999 -9999 -9999 -9999 -9999 -9999 -9999 -9999 -9999 -9999 -9999 -9999 -9999 -9999 -9999 -9999 -9999 -9999 -9999 -9999 -9999 -9999 -9999 -9999 -9999 -9999 0.63735419511795 0.693681016781904 1.26701270788908 0.785121613740921 0.748323231935501 0.695616770535707 0.591610488295555 0.53456899523735 0.533041745424271 0.528998240828514 0.529808506369591 0.520565691590309 0.529592540860176 0.561319497227669 0.54022411108017 0.529652617871761 0.520582113415003 0.524676941335201 0.522721890360117 0.514665741473436 0.501012001186609 0.487731948494911 0.491723611950874 0.488020118325949 0.479720246046782 0.494984809309244 0.469322211648288 0.460928725568872 0.444277971982956 0.4593620672822 0.407784003764391 0.424964603036642 0.405804751440883 0.420545250177383
-9999 -9999 -9999 -9999 -9999 -9999 -9999 -9999 -9999 -9999 -9999 -9999 -9999 -9999 -9999 -9999 -9999 -9999 -9999 -9999 -9999 -9999 -9999 -9999 -9999 -9999 1.18186515569687 1.0627324283123 1.72991724014282 0.944933849573135 0.840799534320831 0.715255934000015 0.659248942136764 0.699724286794662 0.600038561224937 0.619343554973602 0.534758493304253 0.543765485286713 0.525245502591133 0.52139176055789 0.525509633123875 0.526805555820465 0.541641388088465 0.551144823431969 0.501983810216188 0.496238071471453 0.499005194753408 0.509611031413078 0.492463488131762 0.475079454481602 0.464175749570131 0.452546836514222 0.455017313361168 0.460775016169799 0.462370982295588 0.457716189716992 0.44316280829279 0.42188665584514 0.416760937947976 0.415610622614622 0.409672318026423 0.428268928080797
-9999 -9999 -9999 -9999 -9999 -9999 -9999 -9999 -9999 -9999 -9999 -9999 -9999 -9999 -9999 -9999 -9999 -9999 -9999 -9999 -9999 -9999 -9999 -9999 -9999 -9999 1.18186515569687 1.73228527818407 1.56372188329697 1.05488339066505 0.753024280071259 0.69356204867363 0.669496323913336 0.610614381730556 0.613745804876089 0.631107956171036 0.645609643898512 0.607684737757633 0.602475946671084 0.520698174834251 0.541343059390783 0.551623307168484 0.565145440399647 0.528498932719231 0.553848588466644 0.511833447217941 0.499082263559103 0.493986748158932 0.498824045062065 0.471763305366039 0.445732820975153 0.487648639082909 0.487572464346886 0.48913169503212 0.442201838681572 0.431757832044049 0.429281976662184 0.410895306813089 0.425415012985468 0.422268927097321 0.433142635971308 0.433285877108574
-9999 -9999 -9999 -9999 -9999 -9999 -9999 -9999 -9999 -9999 -9999 -9999 -9999 -9999 -9999 -9999 -9999 -9999 -9999 -9999 -9999 -9999 -9999 -9999 -9999 -9999 3.48253254890442 1.65776921510696 0.890562210764204 0.928882187604904 0.772898226976395 0.675455801188946 0.690397325903177 0.649735685437918 0.616429511457682 0.598838243633509 0.636503241956234 0.620877552777529 0.715397775173187 0.559534125030041 0.554474070668221 0.560265183448792 0.632017037272453 0.593636843562126 0.5813545525074 0.54786778986454 0.522771897912025 0.510616046190262 0.496162962913513 0.485155338048935 0.479283007979393 0.483261913061142 0.431712768579784 0.437095110353671 0.431846961379051 0.422831402797448 0.392577186226845 0.36464081145823 0.419190745800734 0.428263317793608 0.416951827704906 0.438196320086718
-9999 -9999 -9999 -9999 -9999 -9999 -9999 -9999 -9999 -9999 -9999 -9999 -9999 -9999 -9999 -9999 -9999 -9999 -9999 -9999 -9999 -9999 -9999 -9999 -9999 1.19121462106705 1.5082089134625 1.14420724766595 0.962076246738434 0.794277749955654 0.720048543065786 0.677562184631824 0.69327374920249 0.818609257831293 0.619448069483042 0.718307107686996 0.579359921185594 0.572880193591118 0.573278445750475 0.554700382053852 0.658912208676338 0.662424463033676 0.678695091605186 0.653276243805885 0.623950749635696 0.463112242519855 0.464523006230593 0.453727103769779 0.445716464205792 0.445863928645849 0.445738300681114 0.453190517268683 0.461726713337396 0.448904804885387 0.476243687026641 0.432143624871969 0.429794233292341 0.441214889287949 0.42649033293128 0.420980427414179 0.513885229825974 0.541519746184349
-9999 -9999 -9999 -9999 -9999 -9999 -9999 -9999 -9999 -9999 -9999 -9999 -9999 -9999 -9999 -9999 -9999 -9999 -9999 -9999 -9999 -9999 -9999 -9999 -9999 1.51609859615564 0.913658997416496 0.891074386239052 0.803460028241663 0.796437886707923 0.892260432243347 0.848515319824219 0.805718833208084 0.810638844966888 0.783287125825882 0.741827979683876 0.71892015337944 0.680100309848785 0.65406599342823 0.699796950817108 0.699870747327805 0.678300431370735 0.674455341696739 0.665914186835289 0.452087983489037 0.392377512529492 0.37919438816607 0.452725499868393 0.457664430141449 0.410422492772341 0.373040249571204 0.331594130024314 0.320592569187284 0.453460702770635 0.459554914581148 0.458540439605713 0.45927058160305 0.46083976328373 0.457167360931635 0.428383681923151 0.452965899425394 0.519844010472298
-9999 -9999 -9999 -9999 -9999 -9999 -9999 -9999 -9999 -9999 -9999 -9999 -9999 -9999 -9999 -9999 -9999 -9999 -9999 -9999 -9999 -9999 -9999 -9999 1.31647038459778 1.96268297731876 0.896015086770058 0.857100436091423 0.843841463327408 0.981433136388659 0.81944983058116 0.825408008694649 0.816376474499703 0.835409268736839 0.826135522127152 0.580125007778406 0.572412751615047 0.48955987393856 0.416170494630933 0.515308794379234 0.747845837473869 0.716526433825493 0.708327314257622 0.706411510705948 0.474273394793272 0.418111866340041 0.403412064537406 0.432521073147655 0.392487186938524 0.358697427436709 0.351212806999683 0.485238039964124 0.461817324945801 0.446300701091164 0.471806254826094 0.491960071027279 0.466791372746229 0.463733609765768 0.490011379122734 0.45460999362609 0.450649425387383 0.469475608538179
-9999 -9999 -9999 -9999 -9999 -9999 -9999 -9999 -9999 -9999 -9999 -9999 -9999 -9999 -9999 -9999 -9999 -9999 -9999 -9999 -9999 -9999 -9999 1.50594073534012 1.45203546787563 1.0801177740097 0.877414834499359 0.840469980239868 0.77985811829567 0.743597987294197 0.724962875247002 0.760035422444344 0.764911535382271 0.848770925402641 0.877087506651878 0.814618045091629 0.608554217219353 0.54267618432641 0.715078336000442 0.714711445569992 0.730346819758415 0.765996417403221 0.55216729327252 0.547490546577855 0.518024511243168 0.399821061640978 0.423866998404264 0.416167879477143 0.506966449320316 0.498203737171073 0.480294700515898 0.489971571847012 0.475525339967326 0.490346744656563 0.578773245215416 0.608888745307922 0.430913250893354 0.561958491802216 0.46882865709417 0.491410989971722 0.507325359127101 0.512187977924066
-9999 -9999 -9999 -9999 -9999 -9999 -9999 -9999 -9999 -9999 -9999 -9999 -9999 -9999 -9999 -9999 -9999 -9999 -9999 -9999 -9999 -9999 4.70388277939388 1.67317193746567 1.6613836735487 0.908697313070297 0.868724980524608 0.802091350512845 0.804529649019241 0.777596560120583 0.77726580798626 0.80391885638237 0.806703579425812 0.79725855588913 0.795833131670952 0.810534265637398 0.761531415581703 0.745725774765015 0.736604395508766 0.733930769562721 0.729228562116623 0.683727300167084 0.536036572958294 0.527153287278978 0.500085262091536 0.486953924361028 0.469190061092377 0.480482412796272 0.485652963581838 0.477233765940917 0.488083579038319 0.48684686892911 0.500827022288975 0.474165883503462 0.508265510201454 0.583139017224312 0.600503996014595 0.504390659577706 0.481693935744903 0.495177389944301 0.510329782962799 0.612610504031181
-9999 -9999 -9999 -9999 -9999 -9999 -9999 -9999 -9999 -9999 -9999 -9999 -9999 -9999 -9999 -9999 -9999 -9999 -9999 -9999 2.64602583646774 2.1165225012549 1.46087138267124 1.4941953420639 1.27585626074246 0.881867134943604 0.867471152544022 0.862552103187357 0.889155273990972 0.924146491502013 0.884276819229126 0.81892155110836 0.774311882257462 0.769089487195015 0.750829660892486 0.750236865878105 0.742745280265808 0.63357175886631 0.624043256044388 0.72695626616478 0.732189613580704 0.725348863005638 0.497010744715992 0.469610403242864 0.472093855864123 0.461008448349802 0.464544184505939 0.48372882977128 0.474873013794422 0.458290692418814 0.445753868669271 0.473176240921021 0.445088237524033 0.469951495528221 0.498156603229673 0.492621210568091 0.400595247745514 0.488406177610159 0.483283326029778 0.511669286033686 0.51141836800996 0.462254628539085
-9999 -9999 -9999 -9999 -9999 -9999 -9999 -9999 -9999 -9999 -9999 -9999 -9999 -9999 -9999 -9999 -9999 -9999 -9999 -9999 2.08900324071855 1.62917844454447 1.71204907127789 1.34720913214343 1.12441274949483 1.08549392861979 0.881573694092887 0.809525772929192 0.800541835171836 0.779990299471787 0.756753664995943 0.757822250681264 0.818642672896385 0.81484751701355 0.789240431785584 0.731455484032631 0.615821447027357 0.568174271991378 0.643900498747826 0.678098753094673 0.703483745455742 0.499555888144594 0.601180215092266 0.472238363404023 0.455253872432207 0.511339008808136 0.44927353215845 0.488188672810793 0.480671044439077 0.46493849158287 0.447777550667524 0.455770270604836 0.426589488983154 0.499575886130333 0.499179455637932 0.529145407676697 0.543626073528739 0.519443413790534 0.454532817006111 0.538709431886673 0.513961240649223 0.585632193614455
-9999 -9999 -9999 -9999 -9999 -9999 -9999 -9999 -9999 -9999 -9999 -9999 -9999 -9999 -9999 -9999 -9999 -9999 -9999 2.40566621396853 2.05733810978777 1.67794374157401 1.6889203446252 1.33423019732748 1.7935298042638 1.15693494251796 0.976864843496254 0.817578479647636 0.807968274823257 0.763746452118669 0.753727769213063 0.778530829719135 0.779707581869194 0.761821887322835 0.730336332959788 0.731553161144257 0.633207759261131 0.716135501861572 0.640326002240181 0.585699132084847 0.677561268210411 0.572716641426086 0.543247050046921 0.51248881816864 0.519214206933975 0.52163265645504 0.471284251660109 0.474465541541576 0.46336367726326 0.572713240981102 0.564215481281281 0.570367991924286 0.501615589857102 0.47191498875618 0.480425870418549 0.35160394012928 0.498285178095102 0.508093871176243 0.517639955878258 0.520648804306984 0.502156189084053 0.570538109716247
-9999 -9999 -9999 -9999 -9999 -9999 -9999 -9999 -9999 -9999 -9999 -9999 -9999 -9999 -9999 -9999 -9999 -9999 3.01939959079027 2.59647311883814 1.82389945983887 1.7221297621727 1.35864286422729 1.44383032433689 2.89522766002587 1.35046863555908 1.13080741039344 0.935038789042405 0.814692556858063 0.78640545372452 0.773758538067341 0.76521618451391 0.767458878457546 0.778264479977744 0.74143441340753 0.683587454259396 0.69426971248218 0.664576363563538 0.648970636725426 0.656820166110992 0.670703235268593 0.564124497771263 0.627031499147415 0.629541438817978 0.595988693833351 0.548447567224503 0.566283494234085 0.562526479363441 0.563156500458717 0.563464492559433 0.515378794249366 0.507707221543088 0.494820883870125 0.485301759839058 0.482530266046524 0.485818758606911 0.459855940192938 0.525573617219925 0.515388312935829 0.517840799689293 0.5430569909513 0.540866989642382
-9999 -9999 -9999 -9999 -9999 -9999 -9999 -9999 -9999 -9999 -9999 -9999 -9999 -9999 -9999 -9999 -9999 7.61810918763883 3.06208739429712 2.24811820685863 1.62853502035141 1.48349842429161 1.23790977597237 1.00057535767555 0.863338029384613 0.810476875305176 1.33263881717409 1.19528809189796 0.990210298980985 0.905334183147975 0.841675633830683 0.801994280091354 0.805678303752627 0.82687054255179 0.794232995382377 0.729504043502467 0.716103740036488 0.680745583559786 0.692289751768112 0.694488608837128 0.707627409696579 0.686626812815666 0.662619736790657 0.650786554813385 0.591050550341606 0.582381150126457 0.509756997227669 0.580634251236916 0.564571353793144 0.576928666234017 0.487567421268014 0.541711512207985 0.550048658251762 0.562494161725044 0.529229852557182 0.502188903093338 0.506218999624252 0.523201256990433 0.504047259688377 0.532236135005951 0.536251339316368 0.519762472102517
-9999 -9999 -9999 -9999 -9999 -9999 -9999 -9999 -9999 -9999 -9999 -9999 -9999 -9999 -9999 -9999 -9999 -9999 -9999 2.06376238726079 1.89575377106667 1.42511588335037 1.18618101477623 1.103126090765 0.992956882715225 0.942613422870636 0.894972765445709 2.52091279200145 1.0197708095823 0.964943596294948 0.879636826259749 0.934704697557858 0.897268895592008 0.885583519935608 0.840401325907026 0.802148066461086 0.741032388593469 0.707882791757584 0.748915940523148 0.763067525625229 0.741542851924896 0.724660643935203 0.710700604319572 0.703964567184448 0.688023170828819 0.558180302381516 0.59760285615921 0.583878457546234 0.519584991037846 0.515648804605007 0.498246185481548 0.580890744924545 0.593351259827614 0.586101016402245 0.56178375184536 0.53733706176281 0.494793996214867 0.513230741024017 0.534770250320435 0.519786983728409 0.566527050733566 0.569714400172234
-9999 -9999 -9999 -9999 -9999 -9999 -9999 -9999 -9999 -9999 -9999 -9999 -9999 -9999 -9999 9.96693311496214 12.8283062993026 5.66924064390121 1.31933067951884 1.33390920715673 1.30784970096179 1.21982463342803 1.11756844818592 1.07360170355865 0.999096947908401 0.912598204612732 0.830491071939468 0.795829874277115 1.11993544655187 1.03252613118717 0.896964876779488 0.966993736369269 0.9314935952425 0.970474624208042 0.875853666237422 0.804943882993289 0.770859290446554 0.727957258267062 0.69881848352296 0.731498275484358 0.707334864352431 0.762796050310135 0.579779524552195 0.560800766474322 0.656560519337654 0.634659317135811 0.685844841599464 0.559629198163748 0.536187194287777 0.531243558973074 0.576041561365128 0.591691964864731 0.563901513814926 0.567343503236771 0.568840643763542 0.578031903505325 0.576569259166718 0.570330601930618 0.496289506554604 0.563035959005356 0.467618256023056 0.578841751813889
-9999 -9999 -9999 -9999 -9999 -9999 -9999 -9999 -9999 -9999 35.2986888885498 35.2986888885498 13.7248649597168 8.00833886861801 2.71533351391554 1.48787412898881 1.56768822669983 1.56569581798145 1.63667152609144 2.26849285885692 1.26616368974958 1.18634159650121 1.06825438141823 1.38841984793544 0.989383524656296 0.92727501988411 0.8471131503582 1.00570452958345 0.934348164924553 0.926748550363949 0.915628236319338 0.872651252363409 0.887817254023892 0.905296903635774 0.883915195507663 0.809753968247345 0.767416802900178 0.813894612448556 0.764448577804225 0.750620040510382 0.749767059726374 0.665802085085919 0.573732181506998 0.584836061386501 0.641012092954234 0.592646713368595 0.721077308935278 0.654807139845455 0.642136137275135 0.516672238707542 0.460973989963531 0.568914744257927 0.557748414137784 0.593781146407127 0.541252985596657 0.569281011819839 0.62924340069294 0.632564869523048 0.611233198642731 0.659535343156141 0.656793986173237 0.648509773261407
-9999 -9999 -9999 -9999 -9999 -9999 -9999 -9999 -9999 -9999 35.2986888885498 4.94253373146057 5.83164571970701 4.26769515126944 3.96196713298559 3.912503041327 4.04965502768755 9.18277253508568 8.93522654134448 9.63630994823244 2.65672200918198 1.30442714095116 1.15544687509537 0.917047667503357 1.01206352710724 0.97547156214714 0.9385722219944 0.77438138127327 0.823339378833771 0.812899482250214 0.859251290559769 0.77417915314436 0.789047193314348 0.839747917439256 0.831946313381195 0.82489115851266 0.805068129939692 0.783429229898112 0.784069936190333 0.746144219168595 0.789372969950948 0.788972292627607 0.857012620568276 0.628133041893735 0.725757034985643 0.561179992556572 0.525529563426971 0.471808794140816 0.561903472009458 0.445955612203654 0.629749164861791 0.592771802754963 0.605902028434417 0.54191685654223 0.522808112204075 0.649702513217926 0.737368815085467 0.665590363740921 0.657600970829234 0.691094256499234 0.639200012473499 0.624442416955443
-9999 -9999 -9999 -9999 -9999 -9999 -9999 -9999 -9999 -9999 -9999 -9999 16.09685754776 9.23131914138794 5.79352498054504 6.0011596472367 -9999 -9999 -9999 -9999 -9999 -9999 2.2509132027626 1.20203968286514 0.924889779090881 0.793179482221603 1.01913669109344 1.25522569008172 0.900621670484543 0.901715964078903 0.750307036297662 0.735155125813825 0.74730855013643 0.762396001390048 0.746880338660308 0.7508584856987 0.726932858782155 0.730660107518945 0.687147173498358 0.640594616532326 0.628515275461333 0.607574337295124 0.619167952665261 0.674646061845124 0.660447522997856 0.58089043200016 0.545151591300964 0.4882558375597 0.448388406634331 0.417951446771622 0.541075369343162 0.624397018924356 0.619849889539182 0.589976015500724 0.547314522787929 0.399547347426415 0.499627542681992 0.525743437930942 0.566464413888752 0.577322387136519 0.564382701180875 0.552003826014698
-9999 -9999 -9999 -9999 -9999 -9999 -9999 -9999 -9999 -9999 -9999 -9999 -9999 16.6274771690369 16.6274771690369 16.6274771690369 -9999 -9999 -9999 -9999 -9999 -9999 4.94490551948547 4.94490551948547 4.94490551948547 0.308659605681896 1.20683752894402 2.35262451320887 1.57108373045921 1.92031648010015 0.998640379735402 0.790981637580054 0.792566324983324 0.75915950430291 0.751859422240938 0.74734098889998 0.734787062874862 0.669687279633113 0.666900193052632 0.637595616281033 0.611618045185294 0.609982855618 0.559966774923461 0.678698840551078 0.550734742411545 0.590602603554726 0.567904788255692 0.554672828316689 0.517346486449242 0.657184173402033 0.57612924836576 0.587206064723432 0.687161444686353 0.614316657185555 0.547333605587482 0.586425998493245 0.574821670588694 0.574121964605231 0.594195853918791 0.580455855466425 0.573482057765911 0.535243594332745
-9999 -9999 -9999 -9999 -9999 -9999 -9999 -9999 -9999 -9999 -9999 -9999 -9999 -9999 -9999 -9999 -9999 -9999 -9999 -9999 -9999 -9999 -9999 -9999 -9999 -9999 9.39910622950523 2.45274026691914 2.22475120425224 1.88849684223533 1.26371412873268 0.90980578320367 0.905027172395161 0.864490411111287 0.762610475931849 0.742939793637821 0.725414473031248 0.682173160570008 0.653383603053434 0.630191049405507 0.606863468885422 0.593117125332355 0.554343155026436 0.61598858663014 0.561155201068946 0.554772606492043 0.503772959113121 0.545697867870331 0.553404694795608 0.533054038882256 0.519648203253746 0.492831501577582 0.617446971567054 0.616378628893902 0.603362753203041 0.490310303428594 0.46754337671925 0.498247754573822 0.578307126249586 0.573766331587519 0.581035015838487 0.580445951649121
-9999 -9999 -9999 -9999 -9999 -9999 -9999 -9999 -9999 -9999 -9999 -9999 -9999 -9999 -9999 -9999 -9999 -9999 -9999 -9999 -9999 -9999 -9999 -9999 -9999 -9999 -9999 3.92073663359597 2.56184040382504 1.53716172575951 1.66227403495993 1.45426266533988 1.17374516384942 0.989840792758124 0.859547489455768 0.826039076915809 0.753202787467412 0.683823798383985 0.644339044179235 0.644692872251783 0.611959432916982 0.587610195790018 0.564739025064877 0.595625587872096 0.595047594181129 0.533561161160469 0.4926956564188 0.499270245432854 0.529700738191605 0.53054496049881 0.523259538412094 0.488492342829704 0.503330257534981 0.499367108941078 0.408028602600098 0.524294296608252 0.514638116485194 0.540675194639909 0.635258683562279 0.64849408864975 0.568792756114687 0.583255568785327
