EcologicalScience/Bass/data/rs_data_bass/chl_514.asc
NCOLS 226 
NROWS 124 
XLLCORNER -9.41648524995501 
YLLCORNER 47.587301625531 
CELLSIZE 0.0833 
NODATA_value -9999 
[rows 81 to 107 of 124, columns 62 to 123 of 226]
3.85158455371857 5.97498106956482 7.6620512008667 7.66205191612244 -9999 -9999 -9999 -9999 -9999 -9999 -9999 -9999 -9999 -9999 -9999 -9999 -9999 -9999 -9999 -9999 -9999 -9999 -9999 -9999 -9999 -9999 -9999 -9999 -9999 -9999 -9999 -9999 -9999 -9999 -9999 -9999 -9999 -9999 -9999 -9999 -9999 -9999 -9999 -9999 -9999 -9999 -9999 -9999 -9999 -9999 -9999 -9999 -9999 -9999 -9999 -9999 -9999 -9999 -9999 -9999 -9999 -9999
2.66379873648934 -9999 -9999 -9999 -9999 -9999 -9999 -9999 -9999 -9999 -9999 -9999 -9999 -9999 -9999 -9999 -9999 -9999 -9999 -9999 -9999 -9999 -9999 -9999 -9999 -9999 -9999 -9999 -9999 -9999 -9999 -9999 -9999 -9999 -9999 -9999 -9999 -9999 -9999 -9999 -9999 -9999 -9999 -9999 -9999 -9999 -9999 -9999 -9999 -9999 -9999 -9999 -9999 -9999 -9999 -9999 -9999 -9999 -9999 -9999 -9999 -9999
-9999 -9999 -9999 -9999 -9999 -9999 -9999 -9999 -9999 -9999 -9999 -9999 -9999 -9999 -9999 -9999 -9999 -9999 -9999 -9999 -9999 -9999 -9999 -9999 -9999 -9999 -9999 -9999 -9999 -9999 -9999 -9999 -9999 -9999 -9999 -9999 -9999 -9999 -9999 -9999 -9999 -9999 -9999 -9999 -9999 -9999 -9999 -9999 -9999 -9999 -9999 -9999 -9999 -9999 -9999 -9999 -9999 -9999 -9999 -9999 -9999 -9999
-9999 -9999 -9999 -9999 -9999 -9999 -9999 -9999 -9999 -9999 -9999 -9999 -9999 -9999 -9999 -9999 -9999 -9999 -9999 -9999 -9999 -9999 -9999 -9999 -9999 -9999 -9999 -9999 -9999 -9999 -9999 -9999 -9999 -9999 -9999 -9999 -9999 -9999 -9999 -9999 -9999 -9999 -9999 -9999 -9999 -9999 -9999 -9999 -9999 -9999 -9999 -9999 -9999 -9999 -9999 -9999 -9999 4.6393695412011 3.13951313495636 2.91063666343689 2.90349644422531 2.31641006469727
-9999 -9999 -9999 -9999 -9999 -9999 -9999 -9999 -9999 -9999 -9999 -9999 -9999 -9999 -9999 -9999 -9999 -9999 -9999 -9999 -9999 -9999 -9999 -9999 -9999 -9999 -9999 -9999 -9999 -9999 -9999 -9999 -9999 -9999 -9999 -9999 37.1749906539917 4.7958812713623 4.04448318481445 4.04448318481445 -9999 -9999 6.49428473200117 2.99020689725876 2.84553641080856 3.46054756641388 2.58826589584351 2.72416323423386 2.63113242387772 2.61400562524796 2.84126025438309 2.29371650729861 -9999 -9999 3.65975606441498 2.98964756727219 3.08653879165649 2.7437841296196 2.36257427930832 2.05615925788879 1.54061043262482 1.33916026353836
-9999 -9999 -9999 -9999 -9999 -9999 -9999 -9999 -9999 -9999 -9999 -9999 -9999 5.18032877147198 2.40111780166626 2.30228817462921 2.76967817544937 2.76525175571442 1.12509450316429 -9999 -9999 -9999 -9999 -9999 -9999 -9999 -9999 -9999 2.70024186372757 2.77225738763809 2.93958896398544 2.9611097574234 3.1924821138382 3.66949796676636 -9999 -9999 -9999 3.72259700298309 3.34461414813995 3.06693470478058 3.04495346546173 3.10873568058014 2.6591545343399 2.41404229402542 2.42704439163208 2.52177768945694 2.5740961432457 2.60352659225464 2.59019404649734 2.51834642887115 2.46492683887482 2.44712233543396 2.46485888957977 2.40281313657761 2.27979844808578 2.25562244653702 2.13382762670517 1.75585448741913 1.41744044423103 1.19944149255753 1.07005468010902 1.08946278691292
-9999 -9999 -9999 -9999 -9999 -9999 -9999 -9999 -9999 -9999 1.83200380206108 1.72250235080719 1.6967106461525 1.9304872751236 1.30810979008675 1.37380334734917 2.27899471521378 1.97289966344833 2.06872036457062 2.38246361017227 2.49601839780807 1.89464706927538 2.07374052703381 2.17626397311687 2.20226323604584 2.17347000539303 -9999 1.82731562190586 2.82600009441376 2.54008537530899 2.49795484542847 2.60768812894821 2.71075826883316 2.79886364936829 2.94848084449768 -9999 3.21500141205995 3.31935131549835 3.23263764381409 3.17589604854584 3.10472738742828 2.9983736872673 2.8546616435051 2.61772978305817 2.48309648036957 2.34046143293381 2.28091406822205 2.24123346805573 2.17132580280304 2.03169590234756 1.94659888744354 1.80438923835754 1.70060455799103 1.69692671298981 1.67988002300262 1.53437680006027 1.48918569087982 1.24554553627968 1.15847638249397 1.07479950785637 1.037199229002 1.17715466022491
-9999 -9999 -9999 -9999 -9999 -9999 -9999 -9999 1.8590826850671 1.48761296272278 1.67361694574356 1.90447261929512 2.01770159602165 1.8379293680191 1.29878631234169 1.2659185230732 1.43135386705399 1.59197062253952 1.78118634223938 1.898905813694 1.93819713592529 1.20409449934959 2.44058382511139 1.82892769575119 1.91422837972641 2.11886197328568 2.29827761650085 2.40923488140106 2.34885710477829 2.28150290250778 2.33788061141968 2.45878887176514 2.60695213079453 2.8703248500824 3.14838445186615 3.45080816745758 3.53358936309814 3.41739499568939 3.22162878513336 3.09441912174225 2.96736842393875 2.81805789470673 2.63015252351761 2.46001482009888 2.23780632019043 2.00592613220215 1.89244937896729 1.71786367893219 1.54665809869766 1.53946191072464 1.48587557673454 1.39564034342766 1.35087928175926 1.32019400596619 1.29765808582306 1.22545427083969 1.10970479249954 1.01994439959526 1.0370726287365 1.2743149548769 1.08510768413544 1.08585861325264
-9999 -9999 -9999 -9999 -9999 -9999 -9999 -9999 -9999 1.32646505534649 1.93486908078194 1.34340977668762 1.34340986609459 1.531618013978 1.02065598964691 1.17772436141968 1.502989590168 1.52560579776764 1.59572607278824 1.67051911354065 1.6886955499649 1.79696542024612 1.87874740362167 2.02806580066681 2.02542579174042 2.02866804599762 2.05450308322906 2.04888260364532 2.06842625141144 2.11013245582581 2.16693109273911 2.28663575649261 2.42880374193192 2.61654549837112 2.79973536729813 2.94769066572189 3.04323613643646 3.03922247886658 2.9916182756424 2.95949649810791 2.85847967863083 2.5467517375946 2.0801619887352 1.78042495250702 1.5071132183075 1.42731419205666 1.43781423568726 1.47637447714806 1.49052518606186 1.3878675699234 1.2662014067173 1.17536294460297 1.07238167524338 0.972332328557968 1.09513548016548 1.07570886611938 1.07131370902061 1.05595171451569 1.34486930072308 1.06492272019386 1.00396594405174 0.978126525878906
-9999 -9999 -9999 -9999 -9999 -9999 -9999 -9999 -9999 1.53260150551796 1.68117383122444 1.5771389901638 1.37547200918198 1.3901239335537 1.38538089394569 1.35175551474094 1.38462464511395 1.35062769055367 1.40499043464661 1.48382502794266 1.59131276607513 1.71146088838577 1.73413002490997 1.66503006219864 1.56713765859604 1.5766282081604 1.61079329252243 1.67267310619354 1.60787773132324 1.56922423839569 1.57422351837158 1.70794308185577 1.90723586082458 2.10976624488831 2.32940018177032 2.55711185932159 2.68514084815979 2.71863806247711 2.69542747735977 2.48579335212708 2.13880223035812 1.6222972869873 1.33146196603775 1.2548306286335 1.31348928809166 1.29550766944885 1.20033288002014 1.16760483384132 1.15467211604118 1.12168326973915 1.10250619053841 1.24068666994572 0.942642867565155 0.988537967205048 1.07437974214554 1.05506157875061 1.02870699763298 0.99209788441658 0.918842911720276 0.781462222337723 0.784922450780869 0.801720947027206
1.46012762188911 1.08445411920547 0.890689551830292 0.901234567165375 1.96903863549232 -9999 -9999 1.77480956912041 1.63524261116982 1.23371900618076 1.23166818916798 1.23831859230995 1.23390993475914 1.21577471494675 1.23584228754044 1.21944406628609 1.10678681731224 1.03247916698456 1.00941163301468 1.10236904025078 1.17896801233292 1.21726539731026 1.23000705242157 1.24864223599434 1.21971586346626 1.27856236696243 1.40880104899406 1.36043393611908 1.31137534976006 1.29156714677811 1.28166344761848 1.32936662435532 1.43154144287109 1.47555926442146 1.61702084541321 1.81862568855286 1.80884885787964 1.66378229856491 1.66270619630814 1.55130743980408 1.3017415702343 1.15727180242538 1.27391743659973 1.00198531150818 1.31430932879448 1.3131847679615 1.31735582649708 1.32486815750599 1.48731035739183 1.42845088988543 1.23857836425304 0.845443814992905 0.897079646587372 1.00625118613243 0.953339070081711 0.969751328229904 0.968281835317612 0.958281397819519 0.903393745422363 0.846302568912506 0.809933960437775 0.81874492764473
0.550377532839775 0.817004799842834 0.855388641357422 1.02912640571594 1.31785216927528 1.69763267040253 1.72811886668205 1.74196970462799 1.49036483466625 0.818413943052292 0.82874321937561 0.86371636390686 0.869360446929932 0.948780119419098 1.13540464639664 1.3557613492012 1.40273076295853 1.21843519806862 1.13273271918297 1.12448814511299 1.17406493425369 1.16157540678978 1.19020745158195 1.26935344934464 1.33313557505608 1.32149639725685 1.24703103303909 1.1560380756855 1.09893089532852 1.06600418686867 0.973530828952789 1.0086952149868 1.35949377715588 1.02936878800392 1.00947913527489 1.02034047245979 1.04752019047737 1.03598919510841 1.04056245088577 1.0579471886158 1.05072391033173 1.02857664227486 1.00857004523277 0.970367878675461 1.28501741588116 1.28015108406544 1.28757002949715 1.26346845924854 1.23714584112167 1.27103908360004 1.24113741517067 0.94124847650528 0.967240959405899 0.967369616031647 0.961882084608078 0.988189727067947 0.963927090167999 0.961717307567596 0.962562918663025 0.93406417965889 0.853639751672745 0.90777200460434
0.759947776794434 0.684814721345901 0.704111158847809 0.67088583111763 0.691676393151283 0.85265126824379 0.890274792909622 1.37027326226234 1.24929630756378 0.869905203580856 0.879790931940079 0.831795394420624 0.784342288970947 0.742397099733353 0.735770836472511 0.730924934148788 0.762302756309509 0.81805756688118 0.895991563796997 1.00935870409012 1.12232807278633 1.18834725022316 1.26780304312706 1.30801472067833 1.40572106838226 1.21508592367172 1.11216223239899 1.07219168543816 1.05167716741562 0.944288581609726 0.913991197943687 1.35281606253825 1.33505756604044 0.99067148566246 0.997742056846619 0.987814038991928 0.982854813337326 0.968816936016083 0.956381320953369 0.990261018276215 0.995114296674728 0.987604379653931 1.01040011644363 1.01622900366783 0.9939084649086 0.88099068403244 0.854525417089462 0.895344525575638 0.96615931391716 0.945224404335022 0.948150157928467 0.995936840772629 1.01612162590027 0.995731472969055 0.95869043469429 0.931483179330826 0.950312286615372 0.958223015069962 0.962444990873337 0.956049621105194 0.962985008955002 0.979512959718704
0.658309891819954 0.617511212825775 0.63004969060421 0.674677491188049 0.792983561754227 0.894278347492218 0.832728713750839 0.815979212522507 0.814692556858063 0.868830442428589 0.953987896442413 0.947209239006042 0.967103540897369 0.938375204801559 0.901614636182785 0.656702041625977 0.701202124357224 0.735950008034706 0.817452549934387 0.860090017318726 0.874972254037857 0.955709427595139 0.818875640630722 0.921199858188629 0.770431011915207 0.727135732769966 0.715121313929558 0.817177534103394 0.896281242370605 0.911946147680283 0.905264496803284 0.885314494371414 0.923438876867294 0.923438876867294 1.31584905833006 1.36575026065111 0.985716372728348 1.00683519244194 1.01480492949486 1.02658268809319 0.982680916786194 0.966592937707901 1.00685495138168 1.0483900308609 1.03101798892021 1.00186443328857 0.984940677881241 0.988706052303314 0.995920389890671 0.988048374652863 0.997316390275955 1.11125895380974 1.16387209296227 0.955536156892776 0.944378256797791 0.951352268457413 0.99832284450531 1.08181750774384 1.15550324320793 1.18470579385757 1.16992065310478 1.19480654597282
0.574059069156647 0.567838981747627 0.772218286991119 0.678624123334885 0.795357584953308 0.800624281167984 0.800624281167984 1.0875593572855 0.996097892522812 1.00392754375935 0.845579981803894 0.917361795902252 0.937848530709743 1.09877970814705 1.17363211512566 1.19719442725182 0.826962053775787 0.815213173627853 0.812159657478333 0.798790991306305 0.926368206739426 0.783903390169144 0.786754935979843 0.763835281133652 0.731690481305122 0.750249624252319 1.09962120652199 0.874957412481308 1.0054404437542 0.971983283758163 0.941058039665222 0.949893057346344 0.968381613492966 1.02100092172623 1.04502555727959 1.0820147395134 1.12055334448814 1.1288848221302 1.1352536380291 1.10959473252296 1.06417465209961 1.04860228300095 1.05730122327805 1.03399711847305 1.06888863444328 1.08128499984741 1.05089119076729 1.04048153758049 1.05591478943825 1.07567659020424 1.09221509099007 1.04388365149498 1.00538045167923 0.956860810518265 1.00291299819946 1.12323403358459 1.21986401081085 1.32391136884689 1.51277554035187 1.64955121278763 1.81529170274734 1.94234508275986
0.627628594636917 0.709104515612125 0.726783514022827 0.703690439462662 0.742869645357132 0.824119627475739 0.872221380472183 0.954923093318939 1.08103457093239 0.962656438350677 0.955854266881943 1.15987011790276 0.992100834846497 1.18905660510063 1.23299047350883 1.14169326424599 0.916014075279236 0.945471435785294 0.969002813100815 0.930518478155136 0.81916218996048 0.789070397615433 0.667910635471344 0.645722642540932 0.707964465022087 0.857864856719971 0.932543098926544 1.25777247548103 1.2497815489769 1.17776745557785 1.14025649428368 1.10144519805908 1.08543768525124 1.10388252139091 1.15122431516647 1.27631565928459 1.48507198691368 1.55828905105591 1.49384844303131 1.35508963465691 1.21413114666939 1.14350563287735 1.14795014262199 1.09416487812996 1.11449897289276 1.11516728997231 1.10808831453323 1.09309521317482 1.10936567187309 1.10775750875473 1.03544971346855 1.08690539002419 1.18328395485878 1.25390920042992 1.91826885938644 1.77550256252289 1.8189041018486 1.98292475938797 2.28569287061691 2.27825224399567 2.2642108798027 2.28904294967651
0.635582327842712 0.603852421045303 0.697555407881737 0.707449167966843 0.742051526904106 0.781699076294899 0.827464044094086 0.8667221814394 0.928689956665039 0.982956424355507 1.06255549192429 0.891268640756607 0.891268640756607 1.33246757090092 1.17188948392868 1.07063421607018 0.958595752716064 1.03922376036644 1.00525036454201 0.810707420110703 0.836992532014847 0.869456112384796 0.759997665882111 0.759632080793381 0.820344060659409 1.13412398099899 1.40271869301796 1.57171654701233 1.59890019893646 1.49289017915726 1.42673671245575 1.43661591410637 1.50386095046997 1.69383859634399 1.77526813745499 1.78550845384598 1.72797113656998 1.74931454658508 1.74088382720947 1.52877974510193 1.28781518340111 1.26486566662788 1.26913297176361 1.21131071448326 1.22082415223122 1.1833228468895 1.16740295290947 1.13277527689934 1.10896700620651 1.04729327559471 1.01421770453453 1.1989204287529 1.42487651109695 1.71208548545837 2.14437675476074 2.20850515365601 2.13050580024719 -9999 -9999 -9999 -9999 -9999
0.665847390890121 0.670197710394859 0.763861820101738 0.760661736130714 0.729378506541252 0.779421597719193 0.842950612306595 0.857002526521683 1.08717960119247 1.10103633999825 0.833753764629364 0.833406686782837 0.959438145160675 1.23007044196129 1.15847629308701 1.05159687995911 1.05646795034409 0.924090832471848 0.886533826589584 0.951124727725983 0.987278938293457 1.00846990942955 1.02099797129631 1.02559635043144 1.37790012359619 1.54929649829865 1.64178317785263 1.67182624340057 1.6520791053772 1.52807325124741 1.67601138353348 1.75137162208557 1.90516537427902 2.02045780420303 2.01303488016129 2.13638806343079 2.03208500146866 1.86378192901611 1.6729964017868 1.45293617248535 1.40178859233856 1.43503940105438 1.35967174172401 1.27718326449394 1.23216274380684 1.24043333530426 1.15367943048477 1.1725662946701 1.12365129590034 1.14152491092682 1.32073679566383 1.55375289916992 1.6852480173111 1.93842619657516 2.62875956296921 -9999 -9999 -9999 -9999 -9999 -9999 -9999
0.611935034394264 0.725263267755508 0.777411952614784 0.7950569242239 0.811009228229523 0.817127153277397 0.845597177743912 0.869533628225327 0.912563368678093 1.13718545436859 1.1299159526825 0.967066258192062 0.908600091934204 0.958940863609314 1.13317778706551 0.864345610141754 0.888279139995575 0.971313625574112 1.03193736076355 1.13031613826752 1.19137716293335 1.25068214535713 1.18454110622406 1.2190925180912 1.35059076547623 1.53095716238022 1.6315541267395 1.71931707859039 1.73883926868439 -9999 -9999 -9999 -9999 -9999 -9999 3.14426672458649 2.07249301671982 1.81439387798309 1.61726993322372 1.49846085906029 1.52005738019943 1.4856044948101 1.26096206903458 1.17286321520805 1.24091997742653 1.24845054745674 1.18149027228355 1.29172655940056 1.41767334938049 1.60949921607971 1.73993736505508 2.01060748100281 2.20090609788895 1.9762424826622 1.97624230384827 -9999 -9999 -9999 -9999 -9999 -9999 -9999
0.737731158733368 0.733616605401039 0.765191823244095 0.81128790974617 0.818973660469055 0.831113159656525 0.856981664896011 0.867925137281418 0.880738139152527 0.925632476806641 0.905911892652512 0.812643796205521 0.816292136907578 0.727224826812744 0.656024783849716 0.681970685720444 0.742882892489433 1.00281983613968 1.19277665019035 1.26130476593971 1.20035210251808 1.15962070226669 1.22021162509918 1.17005458474159 1.21482118964195 1.30137982964516 1.4374857544899 1.61164748668671 1.67900329828262 -9999 -9999 -9999 -9999 -9999 -9999 2.50707095861435 2.52263528108597 2.00765240192413 1.63866716623306 1.51686215400696 1.33890295028687 1.24372100830078 1.15536099672318 1.09760892391205 1.08820348978043 1.07758802175522 1.08503419160843 1.16892886161804 1.40913552045822 1.86822885274887 2.24243259429932 2.38563752174377 -9999 -9999 -9999 -9999 -9999 -9999 -9999 -9999 -9999 -9999
0.600240916013718 0.641734644770622 0.647833094000816 0.692307963967323 0.692308008670807 0.938061302527785 0.840162217617035 0.826399222016335 1.27227924764156 1.01223069429398 1.01156491041183 1.08569768071175 0.862573564052582 0.855721056461334 0.811443418264389 0.811443418264389 0.868110343813896 1.10869163274765 1.22210821509361 1.42238965630531 0.808750781034111 1.26843268275261 1.10469728708267 1.09523552656174 1.21004498004913 1.39845925569534 1.45773383975029 1.63752990961075 1.96089220046997 -9999 -9999 -9999 -9999 -9999 -9999 -9999 2.57104754447937 2.52027761936188 2.09297829866409 1.70797741413116 1.48976799845695 1.40895339846611 1.39780327677727 1.29426777362823 1.44607579708099 1.34284740686417 1.24964734911919 1.28025707602501 1.46796190738678 1.87255042791367 2.45949858427048 2.95955926179886 2.98943629860878 -9999 -9999 -9999 -9999 -9999 -9999 -9999 -9999 -9999
0.692075461149216 0.693718403577805 0.703369706869125 0.608410879969597 0.61581015586853 0.751761928200722 0.750785529613495 0.750785529613495 0.872934013605118 0.990612804889679 1.01495805382729 0.981274873018265 0.941227748990059 0.917636021971703 0.797910332679749 0.818866699934006 0.876951187849045 1.06434980034828 1.26113376021385 1.27451267838478 1.37745366990566 0.949161618947983 1.14905798435211 1.32982984185219 1.7343927025795 1.66865891218185 1.61655342578888 1.82316970825195 2.0945291519165 2.13714122772217 -9999 -9999 -9999 -9999 -9999 -9999 -9999 2.25525709986687 2.11421052848592 2.78680051424924 2.27213662862778 2.21828895807266 2.20546746253967 2.28183871507645 2.28183871507645 1.93545645475388 1.94776940345764 1.75732505321503 1.86753273010254 2.317298412323 2.82576531171799 3.15179872512817 3.3786860704422 -9999 -9999 -9999 -9999 -9999 -9999 -9999 -9999 -9999
0.648720234632492 0.644175142049789 0.66412952542305 0.610932111740112 0.612348586320877 0.609184563159943 0.78388499468565 0.901348762214184 1.06144397053868 1.08114787936211 1.03982838988304 0.978646248579025 0.552611544728279 0.747392669320107 0.938328042626381 0.876806080341339 0.91096231341362 0.985312163829803 0.914154589176178 0.842007637023926 0.76741299033165 0.763245552778244 0.996436089277267 1.71188271045685 1.66048318147659 1.65374726057053 1.76283663511276 1.72309935092926 1.72364884614944 1.75075989961624 2.14388837814331 -9999 -9999 -9999 -9999 -9999 -9999 -9999 -9999 -9999 -9999 -9999 -9999 -9999 -9999 -9999 3.65490746498108 2.85720044374466 2.63113510608673 2.78197628259659 2.50431945449428 -9999 -9999 -9999 -9999 -9999 -9999 -9999 -9999 -9999 -9999 -9999
0.708821788430214 0.649345815181732 0.617987930774689 0.738754391670227 0.745721384882927 0.755305096507072 0.778285101056099 1.01239775307477 1.06503516435623 1.08081007003784 1.08059749007225 1.03667312860489 1.00120103359222 0.895201563835144 0.890069156885147 0.911521062254906 0.841167837381363 0.809263676404953 0.821063786745071 0.825919389724731 1.1570637524128 1.57242161035538 2.01869434118271 2.18704605102539 1.64585676670074 -9999 1.99071869254112 1.48367124795914 1.46558010578156 1.54176378250122 1.66200131177902 2.37862175703049 -9999 -9999 -9999 -9999 -9999 -9999 -9999 -9999 -9999 -9999 -9999 -9999 -9999 -9999 -9999 -9999 -9999 -9999 -9999 -9999 -9999 -9999 -9999 -9999 -9999 -9999 -9999 -9999 -9999 -9999
0.806948125362396 0.788743168115616 0.733550116419792 0.746120497584343 0.755377359688282 0.766028165817261 1.0559655725956 1.0559655725956 1.13302083313465 0.935100942850113 0.966993480920792 0.943585127592087 0.970501273870468 0.975067108869553 0.947088897228241 0.938861221075058 0.936788856983185 0.958601474761963 1.00710010528564 1.03765270113945 1.23078712821007 1.26747331023216 1.40708291530609 1.61905950307846 1.8147429227829 1.79710525274277 1.72599166631699 1.81920021772385 1.83787930011749 1.73189431428909 1.8915633559227 2.04636150598526 -9999 -9999 -9999 -9999 -9999 -9999 -9999 -9999 -9999 -9999 -9999 -9999 -9999 -9999 -9999 -9999 -9999 -9999 -9999 -9999 -9999 -9999 -9999 -9999 -9999 -9999 -9999 -9999 -9999 -9999
0.725499138236046 0.775980353355408 0.781575858592987 0.767135918140411 0.795547127723694 0.815359756350517 1.03787505626678 1.10244038701057 1.1659671664238 1.21682193875313 1.17554104328156 1.1456573009491 1.09298497438431 1.02252468466759 1.02585545182228 1.03885173797607 1.0077458024025 0.975682407617569 0.914585620164871 1.06818971037865 1.15238696336746 1.16507586836815 1.36904740333557 1.67308151721954 1.87726235389709 1.71187824010849 1.69014590978622 1.79947221279144 1.89837741851807 2.05378031730652 2.61232209205627 2.71188980340958 -9999 -9999 -9999 -9999 -9999 -9999 -9999 -9999 -9999 -9999 -9999 -9999 -9999 -9999 -9999 -9999 -9999 -9999 -9999 -9999 -9999 -9999 -9999 -9999 -9999 -9999 -9999 -9999 -9999 -9999
0.842815890908241 0.867068901658058 0.846095480024815 0.845830790698528 0.852425873279572 0.989041775465012 1.02500769495964 1.07209843397141 1.2245788872242 1.35569831728935 1.38468477129936 1.32133689522743 1.3645613193512 1.49241676926613 1.40415287017822 1.26693445444107 1.10091054439545 0.968984037637711 0.957736998796463 1.03418335318565 1.08810576796532 1.22946184873581 1.48204404115677 1.76743125915527 2.09057021141052 1.85213112831116 1.65028148889542 1.67819148302078 1.8622242808342 1.77899962663651 2.04583561420441 2.36930447816849 -9999 -9999 -9999 -9999 -9999 -9999 -9999 -9999 -9999 -9999 -9999 -9999 -9999 -9999 -9999 -9999 -9999 -9999 -9999 -9999 -9999 -9999 -9999 -9999 -9999 -9999 -9999 -9999 -9999 -9999
