EcologicalScience/Bass/data/rs_data_bass/chl_295.asc
NCOLS 226 
NROWS 124 
XLLCORNER -9.41648524995501 
YLLCORNER 47.587301625531 
CELLSIZE 0.0833 
NODATA_value -9999 
[rows 0 to 26 of 124, columns 62 to 123 of 226]
-9999 -9999 -9999 -9999 -9999 -9999 -9999 -9999 -9999 -9999 -9999 -9999 -9999 -9999 -9999 -9999 -9999 -9999 -9999 -9999 -9999 -9999 -9999 -9999 -9999 -9999 -9999 -9999 -9999 -9999 -9999 -9999 -9999 -9999 -9999 -9999 -9999 -9999 -9999 -9999 -9999 -9999 -9999 -9999 -9999 -9999 -9999 -9999 -9999 -9999 -9999 -9999 -9999 -9999 -9999 -9999 -9999 -9999 -9999 -9999 -9999 -9999
-9999 -9999 -9999 -9999 -9999 -9999 -9999 -9999 -9999 -9999 -9999 -9999 -9999 -9999 -9999 -9999 -9999 -9999 -9999 -9999 -9999 -9999 -9999 -9999 -9999 -9999 -9999 -9999 -9999 -9999 -9999 -9999 -9999 -9999 -9999 -9999 -9999 -9999 -9999 -9999 -9999 -9999 -9999 -9999 -9999 -9999 -9999 -9999 -9999 -9999 -9999 -9999 -9999 -9999 -9999 -9999 -9999 -9999 -9999 -9999 -9999 -9999
-9999 -9999 -9999 -9999 -9999 -9999 -9999 -9999 -9999 -9999 -9999 -9999 -9999 -9999 -9999 -9999 -9999 -9999 -9999 -9999 -9999 -9999 -9999 -9999 -9999 -9999 -9999 -9999 -9999 -9999 -9999 -9999 -9999 -9999 -9999 -9999 -9999 -9999 -9999 -9999 -9999 -9999 -9999 -9999 -9999 -9999 -9999 -9999 -9999 -9999 -9999 -9999 -9999 -9999 -9999 -9999 -9999 -9999 -9999 -9999 -9999 -9999
-9999 -9999 -9999 -9999 -9999 -9999 -9999 -9999 -9999 -9999 -9999 -9999 -9999 -9999 -9999 -9999 -9999 -9999 -9999 -9999 -9999 -9999 -9999 -9999 -9999 -9999 -9999 -9999 -9999 -9999 -9999 -9999 -9999 -9999 -9999 -9999 -9999 -9999 -9999 -9999 -9999 -9999 -9999 -9999 -9999 -9999 -9999 -9999 -9999 -9999 -9999 -9999 -9999 -9999 -9999 -9999 -9999 -9999 -9999 -9999 -9999 -9999
-9999 -9999 -9999 -9999 -9999 -9999 -9999 -9999 -9999 -9999 -9999 -9999 -9999 -9999 -9999 -9999 -9999 -9999 -9999 -9999 -9999 -9999 -9999 -9999 -9999 -9999 -9999 -9999 -9999 -9999 -9999 -9999 -9999 -9999 -9999 -9999 -9999 -9999 -9999 -9999 -9999 -9999 -9999 -9999 -9999 -9999 -9999 -9999 -9999 -9999 -9999 -9999 -9999 -9999 -9999 -9999 -9999 -9999 -9999 -9999 -9999 -9999
-9999 -9999 -9999 -9999 -9999 -9999 -9999 -9999 -9999 -9999 -9999 -9999 -9999 -9999 -9999 -9999 -9999 -9999 -9999 -9999 -9999 -9999 -9999 -9999 -9999 -9999 -9999 -9999 0.63735419511795 1.12696460422373 1.87453347444534 1.99022018909454 1.67362421751022 1.67111170291901 1.86304432153702 1.72917151451111 1.60862481594086 1.513243496418 1.49933928251266 1.49135327339172 1.53812992572784 1.37609928846359 1.3620577454567 1.35442274808884 1.20561745762825 1.30801498889923 1.53666526079178 1.47050026059151 1.49248722195625 1.75875681638718 1.69992828369141 1.24429647624493 1.41653922200203 1.03432872891426 0.979890793561935 0.994758725166321 0.978769540786743 0.944684207439423 0.719077482819557 0.695368498563766 0.647400006651878 0.729410246014595
-9999 -9999 -9999 -9999 -9999 -9999 -9999 -9999 -9999 -9999 -9999 -9999 -9999 -9999 -9999 -9999 -9999 -9999 -9999 -9999 -9999 -9999 -9999 -9999 -9999 -9999 1.18186515569687 1.0627324283123 4.546018242836 1.88604372739792 2.45337456464767 3.2578786611557 1.6027672290802 1.65907645225525 1.88042092323303 1.78459131717682 1.57112181186676 1.74581408500671 1.67906999588013 1.63035678863525 1.64407199621201 1.559949696064 1.53365242481232 1.50900149345398 1.33182826638222 1.3976174890995 1.65838730335236 1.49318924546242 1.75706434249878 1.48431524634361 1.33563897013664 1.15419378876686 1.03737750649452 0.889947026968002 0.787744492292404 0.759328544139862 0.787189543247223 0.636827230453491 0.616943255066872 0.696410983800888 0.762028455734253 0.826914757490158
-9999 -9999 -9999 -9999 -9999 -9999 -9999 -9999 -9999 -9999 -9999 -9999 -9999 -9999 -9999 -9999 -9999 -9999 -9999 -9999 -9999 -9999 -9999 -9999 -9999 -9999 1.18186515569687 1.62066757678986 3.03344392776489 2.662557721138 1.73501926660538 1.30556702613831 1.18736171722412 1.76792854070663 1.87174880504608 1.81057047843933 1.58703607320786 1.68824547529221 1.62290632724762 1.53448498249054 1.55373591184616 1.62736129760742 1.6413990855217 1.71000677347183 1.65194553136826 1.67914795875549 1.66257530450821 1.63233143091202 1.18483579158783 0.953880786895752 0.93076354265213 0.794141292572021 0.66127122938633 0.624254241585732 0.630187511444092 0.611816257238388 0.552419230341911 0.85317000746727 0.774193525314331 0.731705233454704 0.752940773963928 0.807028502225876
-9999 -9999 -9999 -9999 -9999 -9999 -9999 -9999 -9999 -9999 -9999 -9999 -9999 -9999 -9999 -9999 -9999 -9999 -9999 -9999 -9999 -9999 -9999 -9999 -9999 -9999 3.97333091497421 1.8080849647522 1.20129373669624 0.834584265947342 0.74092273414135 0.900999784469604 0.883502215147018 1.57832551002502 1.81536519527435 2.01955872774124 1.5586416721344 1.40742829442024 1.49401348829269 1.4511022567749 1.40109524130821 1.43023574352264 1.56004571914673 1.51002967357635 1.52381551265717 1.64507853984833 1.52293342351913 1.39856323599815 0.899881482124329 0.646024480462074 0.67145848274231 0.662705227732658 0.611528232693672 0.585952520370483 0.516455233097076 0.571113735437393 0.601415991783142 0.878109008073807 0.945017248392105 0.917655766010284 0.871068745851517 0.743443518877029
-9999 -9999 -9999 -9999 -9999 -9999 -9999 -9999 -9999 -9999 -9999 -9999 -9999 -9999 -9999 -9999 -9999 -9999 -9999 -9999 -9999 -9999 -9999 -9999 -9999 1.19121462106705 0.861318022012711 0.804563283920288 0.826364278793335 2.45876097679138 1.8863520026207 1.38091877102852 1.28942996263504 1.51509529352188 1.8164895772934 1.5671249628067 1.41622647643089 1.35449096560478 1.32351753115654 1.34951850771904 1.40059277415276 1.48459723591805 1.59676498174667 1.81368452310562 1.668636739254 1.17110171914101 0.987614214420319 0.841401010751724 0.705194234848022 0.541423514485359 0.675969734787941 0.920887470245361 0.788685768842697 0.646263018250465 0.652873501181602 0.797526776790619 1.02334803342819 1.08828002214432 0.838056027889252 0.709217995405197 0.662466734647751 0.691699504852295
-9999 -9999 -9999 -9999 -9999 -9999 -9999 -9999 -9999 -9999 -9999 -9999 -9999 -9999 -9999 -9999 -9999 -9999 -9999 -9999 -9999 -9999 -9999 -9999 -9999 0.887535005807877 1.06534346938133 0.844317018985748 1.29251021146774 3.50163602828979 2.51278048753738 2.16054975986481 1.66317826509476 1.26024448871613 1.29455173015594 1.42176228761673 1.57664555311203 1.45418474078178 1.22988295555115 1.13975098729134 1.19842654466629 1.49724447727203 1.56111073493958 1.64657253026962 1.43435624241829 0.922552496194839 0.805215775966644 0.84520348906517 0.724656745791435 0.764468997716904 0.929741263389587 1.27510875463486 1.14759376645088 0.991073995828629 0.908370763063431 0.924810737371445 1.07168251276016 1.08287179470062 0.841164708137512 0.622904241085052 0.641234993934631 0.633603751659393
-9999 -9999 -9999 -9999 -9999 -9999 -9999 -9999 -9999 -9999 -9999 -9999 -9999 -9999 -9999 -9999 -9999 -9999 -9999 -9999 -9999 -9999 -9999 -9999 1.31647038459778 0.966314971446991 1.57941144704819 1.23469877243042 2.17485970258713 2.11396569013596 1.87592697143555 1.69107592105865 1.2888705432415 1.05537521839142 1.51213198900223 1.35593703389168 1.33326002955437 1.16950723528862 1.01436603069305 0.934989720582962 0.954188972711563 1.05762228369713 1.31049227714539 1.30994474887848 1.19135025143623 0.894926279783249 0.671568766236305 0.615088507533073 0.733744516968727 0.818277776241302 0.997370213270187 1.23202353715897 1.40373453497887 1.25581875443459 1.15596154332161 0.983090221881866 0.924099773168564 0.814299792051315 0.644943729043007 0.58661775290966 0.605097770690918 0.654016479849815
-9999 -9999 -9999 -9999 -9999 -9999 -9999 -9999 -9999 -9999 -9999 -9999 -9999 -9999 -9999 -9999 -9999 -9999 -9999 -9999 -9999 -9999 -9999 1.50594073534012 2.48035579919815 7.61328649520874 2.75972628593445 1.87003272771835 2.11160320043564 1.69867569208145 1.54141491651535 1.29149776697159 1.02622273564339 1.22399479150772 1.49825549125671 0.987508535385132 0.715610235929489 0.685874238610268 0.709383755922318 0.882051765918732 1.15524977445602 1.324373960495 1.09368824958801 0.897321760654449 0.715176746249199 0.619503021240234 0.618819013237953 0.594567731022835 0.557085737586021 0.772275030612946 1.07317578792572 1.4972377717495 1.45348799228668 1.4065192937851 1.29441672563553 1.26455846428871 0.825214505195618 0.754973262548447 0.7291050106287 0.760226279497147 0.671643018722534 0.683462262153625
-9999 -9999 -9999 -9999 -9999 -9999 -9999 -9999 -9999 -9999 -9999 -9999 -9999 -9999 -9999 -9999 -9999 -9999 -9999 -9999 -9999 -9999 2.64384047985077 5.30528461933136 13.6591644287109 2.27439683675766 1.58933633565903 1.47998321056366 1.36309495568275 1.18719899654388 1.09189197421074 1.1165354847908 1.18196699023247 1.1696295440197 0.680141240358353 0.647418022155762 0.636489763855934 0.572691768407822 0.520252481102943 0.6431655138731 1.00287598371506 0.716515481472015 0.696053981781006 0.643801510334015 0.533367767930031 0.582027018070221 0.759136497974396 0.659083485603333 0.723530977964401 1.18217101693153 1.30857521295547 1.49732628464699 1.49153172969818 1.33690720796585 1.21762052178383 1.12259995937347 1.03035753965378 0.951497286558151 0.769901990890503 0.689219266176224 0.687518253922462 0.710966259241104
-9999 -9999 -9999 -9999 -9999 -9999 -9999 -9999 -9999 -9999 -9999 -9999 -9999 -9999 -9999 -9999 -9999 -9999 -9999 -9999 2.64602583646774 2.18134902855929 4.81426119804382 10.3895945549011 9.60854601860046 1.32478800415993 0.867188215255737 0.989688724279404 1.09811398386955 1.18891721963882 0.988022267818451 0.97667321562767 0.848096966743469 0.848234206438065 0.802583277225494 0.928383708000183 0.853306531906128 0.723911270499229 0.510105013847351 0.482366234064102 0.494160756468773 0.48999448120594 0.526249498128891 0.523730233311653 0.505052268505096 0.525803983211517 0.671915262937546 0.677604004740715 0.805172234773636 0.911466747522354 1.19299721717834 1.24360576272011 1.20253497362137 1.30454698204994 1.41932621598244 1.30646547675133 1.09366500377655 0.915558010339737 0.727385982871056 0.671361744403839 0.710545510053635 0.73257976770401
-9999 -9999 -9999 -9999 -9999 -9999 -9999 -9999 -9999 -9999 -9999 -9999 -9999 -9999 -9999 -9999 -9999 -9999 -9999 -9999 2.24861374794776 4.13784062862396 12.0127429962158 20.2917594909668 4.75465500354767 2.12964069843292 0.896544009447098 0.852338254451752 0.819033712148666 0.787973284721375 0.815432220697403 0.790264517068863 0.699139505624771 0.716233491897583 0.758530497550964 0.81180077791214 0.7082130163908 0.632671505212784 0.551729992032051 0.522645771503448 0.519997492432594 0.520581766963005 0.504779979586601 0.53440198302269 0.569169759750366 0.55374450981617 0.831277459859848 0.88257971405983 0.981026262044907 0.993021011352539 1.09505698084831 1.10832372307777 1.18161973357201 1.35853350162506 1.3612724840641 1.15831196308136 0.857261270284653 0.80428871512413 0.774780750274658 0.689274743199348 0.691001996397972 0.715126499533653
-9999 -9999 -9999 -9999 -9999 -9999 -9999 -9999 -9999 -9999 -9999 -9999 -9999 -9999 -9999 -9999 -9999 -9999 -9999 3.05545981228352 20.2941341400146 28.7866086959839 5.12261867523193 1.47010499238968 1.18567496538162 1.05984449386597 0.969152212142944 0.636231735348701 0.630578979849815 0.665452480316162 0.661850988864899 0.629242479801178 0.644858255982399 0.659597977995872 0.621755987405777 0.604058235883713 0.616763234138489 0.586466252803802 0.566971510648727 0.637429520487785 0.661668732762337 0.667302757501602 0.753939002752304 0.82191002368927 0.740861982107162 0.744402766227722 0.868637233972549 1.01805898547173 1.09044000506401 1.13516628742218 1.23450753092766 1.17051154375076 1.20078000426292 1.08438375592232 0.869180291891098 0.818936973810196 0.715095743536949 0.648948758840561 0.754307985305786 0.671448022127151 0.572306245565414 0.576657012104988
-9999 -9999 -9999 -9999 -9999 -9999 -9999 -9999 -9999 -9999 -9999 -9999 -9999 -9999 -9999 -9999 -9999 -9999 37.8427133560181 18.3615689277649 15.071436882019 4.6698921918869 1.83543741703033 0.983893543481827 0.817803025245667 0.863223731517792 0.848111987113953 0.588027745485306 0.636072009801865 0.663251236081123 0.566936999559402 0.609167978167534 0.615963757038116 0.568550258874893 0.579714730381966 0.595863729715347 0.60929998755455 0.520575016736984 0.509365484118462 0.580293729901314 0.617954269051552 0.699191987514496 0.842108219861984 0.906578242778778 1.00510945916176 0.909379541873932 0.990855038166046 0.976172268390656 1.0392464697361 1.03927874565125 0.998948246240616 0.883049994707108 0.906570732593536 0.858223468065262 0.669245257973671 0.649989008903503 0.527355015277863 0.617387250065804 0.646788015961647 0.554398521780968 0.554962500929832 0.675058498978615
-9999 -9999 -9999 -9999 -9999 -9999 -9999 -9999 -9999 -9999 -9999 -9999 -9999 -9999 -9999 -9999 -9999 26.7860219519951 54.5614814758301 35.732274055481 9.25042104721069 12.6100373268127 3.24850738048553 1.13954928517342 0.668412744998932 0.555212259292603 0.519249737262726 0.515592008829117 0.556547239422798 0.53338198363781 0.512029498815536 0.524224519729614 0.571471497416496 0.618597730994225 0.687533989548683 0.69241426885128 0.597864747047424 0.49956151843071 0.466338738799095 0.473381236195564 0.51706650853157 0.57064126431942 0.696980237960815 0.754734009504318 0.749003246426582 0.847374737262726 1.06775924563408 0.961351543664932 1.00192952156067 0.980493038892746 0.875473469495773 0.754514247179031 0.756014227867126 0.811500012874603 0.77005872130394 0.715574249625206 0.714048743247986 0.611111998558044 0.560609981417656 0.550302743911743 0.55655774474144 0.517275765538216
-9999 -9999 -9999 -9999 -9999 -9999 -9999 -9999 -9999 -9999 -9999 -9999 -9999 -9999 -9999 -9999 -9999 -9999 -9999 3.69129180908203 0.552635997533798 0.577019244432449 0.803255259990692 0.796292960643768 0.889883995056152 0.73879274725914 1.90631550550461 0.735263988375664 0.637631267309189 0.659214735031128 0.665964737534523 0.681260257959366 0.683231234550476 0.682895243167877 0.667600482702255 0.671268001198769 0.635486260056496 0.533911496400833 0.478645518422127 0.484079271554947 0.489905253052711 0.537576019763947 0.586637243628502 0.747483730316162 0.823302000761032 0.864668995141983 0.932842522859573 0.823608040809631 0.676484987139702 0.555519014596939 0.507318735122681 0.536792993545532 0.74245123565197 0.874737739562988 0.923926502466202 0.85094627737999 0.76692670583725 0.97544252872467 0.686958745121956 0.555497244000435 0.596797496080399 0.457813516259193
-9999 -9999 -9999 -9999 -9999 -9999 -9999 -9999 -9999 -9999 -9999 -9999 -9999 -9999 -9999 9.71380689740181 2.77794947407462 1.66469621658325 1.58399856090546 1.12701827287674 0.596609249711037 0.835583209991455 0.847926735877991 0.969347208738327 1.52797204256058 0.851883709430695 1.01968422532082 0.768693029880524 0.806636273860931 0.944738209247589 0.999855011701584 0.929279208183289 0.802059710025787 0.793350756168365 0.743598729372025 0.741690739989281 0.731112733483315 0.696663737297058 0.591730490326881 0.535189479589462 0.509931743144989 0.54127424955368 0.589262992143631 0.661965742707253 0.69625349342823 0.733923017978668 0.728537231683731 0.678457483649254 0.81307053565979 0.698618978261948 0.574013248085976 0.671318247914314 0.934495478868484 0.97148922085762 0.845646768808365 0.722550004720688 0.626522228121758 0.698435246944427 0.503402978181839 0.470948249101639 0.427860751748085 0.410457730293274
-9999 -9999 -9999 -9999 -9999 -9999 -9999 -9999 -9999 -9999 35.2986888885498 35.2986888885498 13.7248649597168 6.69579946994781 6.36524677276611 3.73217618465424 2.8513777256012 2.4958530664444 4.03833603858948 2.17016476392746 1.9584419131279 1.2952102124691 1.24181851744652 1.13384699821472 0.977504253387451 0.781100213527679 0.885761976242065 1.01565527915955 1.01861920952797 1.19173800945282 1.54181170463562 1.69766020774841 1.5520920753479 1.41207379102707 1.22595521807671 1.15352404117584 1.07004073262215 0.91131529211998 0.790206760168076 0.694738492369652 0.569182500243187 0.550613254308701 0.539335504174232 0.537835478782654 0.568205237388611 0.562878727912903 0.572306245565414 0.594279751181602 0.581687271595001 0.736260741949081 0.837172508239746 0.877931267023087 0.901245027780533 0.715622261166573 0.606454521417618 0.641523733735085 0.571557015180588 0.471615001559258 0.428781732916832 0.399419993162155 0.357108749449253 0.435758247971535
-9999 -9999 -9999 -9999 -9999 -9999 -9999 -9999 -9999 -9999 35.2986888885498 5.99400296293456 5.03131008148193 6.39427900314331 10.1806483268738 12.1924524307251 5.1394876241684 7.57203698158264 4.87096763778441 4.03154883934901 22.3351909518242 7.36556625366211 2.63526445627213 1.79347050189972 1.30940249562263 1.00701150298119 1.07246026396751 1.18627345561981 1.22462546825409 1.55956882238388 3.17525696754456 2.76162368059158 2.50805479288101 2.63664597272873 1.99389982223511 1.78773826360703 1.55589008331299 1.35144004225731 1.00895100831985 0.859490990638733 0.658904269337654 0.584852993488312 0.55511100590229 0.523319989442825 0.538287743926048 0.559572011232376 0.653913751244545 0.655043989419937 0.695841729640961 0.779330223798752 0.708870738744736 0.680442005395889 0.761037737131119 0.734181761741638 0.573939755558968 0.453399762511253 0.638967007398605 0.701531231403351 0.649927496910095 0.690602257847786 0.595994263887405 0.524463012814522
-9999 -9999 -9999 -9999 -9999 -9999 -9999 -9999 -9999 -9999 -9999 -9999 5.93489585669486 8.70461809635162 13.1184381246567 6.74601197242737 -9999 -9999 -9999 -9999 -9999 -9999 10.3626661300659 23.5805293321609 1.27938222885132 0.903224229812622 2.36938655376434 2.66182798147202 3.0442943572998 2.93621331453323 2.57747179269791 2.49544876813889 3.92846775054932 4.60303723812103 3.88076090812683 3.54661953449249 2.08653223514557 2.06725198030472 2.27117621898651 1.90594428777695 1.45571547746658 1.45629295706749 1.66159951686859 1.60269230604172 0.994388222694397 1.05961498618126 1.10426250100136 1.23431172966957 1.32458773255348 1.20622953772545 1.05782997608185 0.929410457611084 0.912342756986618 0.944290459156036 0.756720006465912 0.66328427195549 0.677285984158516 0.868252515792847 0.622834503650665 0.451219484210014 0.519841521978378 0.42773549258709
-9999 -9999 -9999 -9999 -9999 -9999 -9999 -9999 -9999 -9999 -9999 -9999 -9999 16.6274771690369 16.6274771690369 16.6274771690369 -9999 -9999 -9999 -9999 -9999 -9999 4.94490551948547 4.94490551948547 4.94490551948547 0.308659605681896 9.31481945514679 37.5202617645264 16.7488703727722 4.52285313606262 3.61841332912445 3.70967781543732 3.4045844078064 4.49886059761047 2.74731749296188 2.94515097141266 2.88816744089127 3.54813230037689 3.58610773086548 3.21027088165283 2.75466603040695 2.34932094812393 2.26227897405624 2.09934443235397 2.01842325925827 2.04645591974258 1.7784172296524 2.2595391869545 2.2487872838974 2.04408377408981 1.50299030542374 1.24587151408195 1.11392095685005 1.05521401762962 0.921780735254288 0.677679732441902 0.475827768445015 0.396594017744064 0.302912995219231 0.314099997282028 0.290318995714188 0.271004989743233
-9999 -9999 -9999 -9999 -9999 -9999 -9999 -9999 -9999 -9999 -9999 -9999 -9999 -9999 -9999 -9999 -9999 -9999 -9999 -9999 -9999 -9999 -9999 -9999 -9999 -9999 2.00229548630507 40.7651863098145 13.9884216785431 6.28983449935913 4.16072237491608 9.29412889480591 28.8395748138428 7.9630474448204 1.23064121603966 1.35015526413918 1.69518220424652 2.25302624702454 2.48225855827332 2.79594826698303 2.49510151147842 2.75288397073746 2.55847799777985 2.32828795909882 2.32994931936264 2.36580455303192 2.18638122081757 2.4269460439682 2.12489032745361 2.14045357704163 2.11270505189896 1.64881575107574 1.28584653139114 1.17875254154205 1.0008419752121 0.498093768954277 0.376728013157845 0.326719500124454 0.37092599272728 0.440601021051407 0.468195006251335 0.374083489179611
-9999 -9999 -9999 -9999 -9999 -9999 -9999 -9999 -9999 -9999 -9999 -9999 -9999 -9999 -9999 -9999 -9999 -9999 -9999 -9999 -9999 -9999 -9999 -9999 -9999 -9999 -9999 3.53004860215717 20.2617702484131 14.0029109120369 1.44035321474075 33.1810026168823 35.3686151504517 16.4472699165344 1.16439825296402 1.11582452058792 1.05790945887566 1.29285299777985 2.21702402830124 3.57287907600403 3.00037050247192 2.72549843788147 2.90505373477936 2.44394999742508 2.10855227708817 2.17954498529434 2.53301024436951 2.45388829708099 2.35121923685074 2.18551129102707 1.91830193996429 2.06065195798874 1.65672594308853 1.43536877632141 1.19953420758247 0.610568985342979 0.439368009567261 0.49227149784565 0.408962979912758 0.458223760128021 0.590130016207695 0.706245750188828
