EcologicalScience/Bass/data/rs_data_bass/chl_233.asc
NCOLS 226 
NROWS 124 
XLLCORNER -9.41648524995501 
YLLCORNER 47.587301625531 
CELLSIZE 0.0833 
NODATA_value -9999 
[rows 54 to 80 of 124, columns 0 to 61 of 226]
-9999 -9999 -9999 -9999 -9999 -9999 -9999 -9999 -9999 -9999 -9999 -9999 -9999 -9999 -9999 -9999 -9999 -9999 -9999 -9999 -9999 -9999 -9999 -9999 -9999 -9999 -9999 -9999 -9999 -9999 -9999 -9999 -9999 -9999 -9999 -9999 -9999 -9999 4.91946309567448 2.95841373308845 2.57158752679825 2.48523246390479 2.38554791041783 1.37328172288835 1.38971398345062 1.26381084322929 1.20574356615543 1.16114120823996 0.965431469678879 1.05549525618553 1.08840057849884 1.06760839255233 1.43729373812675 1.53234311154014 1.52150007088979 1.95391521453857 1.95228835344315 1.88472989672109 -9999 0.607058599591255 0.62790758907795 1.78630944049877
-9999 -9999 -9999 -9999 -9999 -9999 -9999 -9999 -9999 -9999 -9999 -9999 -9999 -9999 -9999 -9999 -9999 -9999 -9999 -9999 -9999 -9999 -9999 -9999 -9999 -9999 -9999 -9999 -9999 -9999 -9999 -9999 -9999 -9999 -9999 -9999 -9999 -9999 -9999 2.88270864065956 2.65184168605243 2.42522854988392 2.30514107381596 1.52375897392631 1.40685202740133 1.28958174772561 1.27252775989473 1.36780320480466 1.22879359871149 1.26569969058037 1.17240956425667 1.08018588423729 1.96847938299179 2.02919998168945 1.90521508455276 1.85282983098711 2.45534802675247 -9999 -9999 -9999 -9999 -9999
-9999 -9999 -9999 -9999 -9999 -9999 -9999 -9999 -9999 -9999 -9999 -9999 -9999 -9999 -9999 -9999 -9999 -9999 -9999 -9999 -9999 -9999 -9999 -9999 -9999 -9999 -9999 -9999 -9999 -9999 -9999 -9999 -9999 -9999 -9999 -9999 -9999 -9999 -9999 -9999 2.21892340366657 2.24691131535698 2.19714720810161 2.09298372619292 1.54799757152796 1.45360906847886 1.45024740099907 1.6869253882995 1.45183715131134 1.52576677780598 1.32162196040154 1.2201584815979 1.36807610839605 1.67718261480331 1.69626503437757 2.22872346639633 2.43485268524715 2.2842048066003 2.3043640255928 -9999 -9999 -9999
-9999 -9999 -9999 -9999 -9999 -9999 -9999 -9999 -9999 -9999 -9999 -9999 -9999 -9999 -9999 -9999 -9999 -9999 -9999 -9999 -9999 -9999 -9999 -9999 -9999 -9999 -9999 -9999 -9999 -9999 -9999 -9999 -9999 -9999 -9999 -9999 -9999 -9999 -9999 -9999 2.19695843207209 2.01043087594649 2.05549878232619 2.00011630969889 1.8894388886059 1.71854603290558 1.64044262766838 1.71713281136293 1.68129775615839 1.56305447593331 1.46208300590515 1.46982352137566 1.40263298749924 1.74301171302795 1.50023229207311 1.50213968753815 1.27640175348834 1.39171685278416 1.36750872433186 4.17894567110959 3.91171126757095 -9999
-9999 -9999 -9999 -9999 -9999 -9999 -9999 -9999 -9999 -9999 -9999 -9999 -9999 -9999 -9999 -9999 -9999 -9999 -9999 -9999 -9999 -9999 -9999 -9999 -9999 -9999 -9999 -9999 -9999 -9999 -9999 -9999 -9999 -9999 -9999 -9999 -9999 -9999 -9999 -9999 -9999 2.18370332437403 2.02362463053535 1.85573205947876 1.92369591731292 1.87766566184851 1.71836589849912 1.70378224666302 1.77308576840621 1.71559868409083 1.39806790463626 1.46824847459793 1.47375022172928 1.602225093171 1.70409402777167 1.89629042849821 1.90819625769343 2.00161293148994 1.97905172109604 1.97250863909721 5.03185625637279 -9999
-9999 -9999 -9999 -9999 -9999 -9999 -9999 -9999 -9999 -9999 -9999 -9999 -9999 -9999 -9999 -9999 -9999 -9999 -9999 -9999 -9999 -9999 -9999 -9999 -9999 -9999 -9999 -9999 -9999 -9999 -9999 -9999 -9999 -9999 -9999 -9999 -9999 -9999 -9999 -9999 -9999 2.3330104561413 2.05438811638776 1.97918787423302 1.91884702444077 1.79770866036415 1.78083848036253 1.67017821165232 1.462377788499 1.56677767261863 1.40511206164956 1.39583678841591 1.64204483292997 1.78963908925653 2.04379694602069 1.98446661233902 2.04516571573913 1.40705261575548 1.52312640845776 1.95589967478405 -9999 -9999
-9999 -9999 -9999 -9999 -9999 -9999 -9999 -9999 -9999 -9999 -9999 -9999 -9999 -9999 -9999 -9999 -9999 -9999 -9999 -9999 -9999 -9999 -9999 -9999 -9999 -9999 -9999 -9999 -9999 -9999 -9999 -9999 -9999 -9999 -9999 -9999 -9999 -9999 -9999 -9999 2.4933776140213 2.26710568666458 2.16347426176071 2.12164758934694 2.10092336991254 1.66295546293259 1.52495640516281 1.65375480055809 1.46879327483475 1.46576874889433 1.45702348351479 1.53546851277351 1.62957292199135 1.81273503163282 1.88404041528702 2.0591806769371 2.11832605302334 -9999 -9999 4.87684002693962 3.54945363016689 1.83034911522499
-9999 -9999 -9999 -9999 -9999 -9999 -9999 -9999 -9999 -9999 -9999 -9999 -9999 -9999 -9999 -9999 -9999 -9999 -9999 -9999 -9999 -9999 -9999 -9999 -9999 -9999 -9999 -9999 -9999 -9999 -9999 -9999 -9999 -9999 -9999 -9999 -9999 -9999 -9999 2.73859971411088 2.62358181476593 2.36309368269784 2.05448583364487 2.07530236244202 1.75086386414135 1.56206120763506 1.47300474345684 1.58678048849106 1.44617109000683 1.42799628339708 1.48117195162922 1.57358956709504 1.60721739381552 1.89475349117728 1.92402991652489 2.27326701503051 2.13618191890419 1.92174637690187 1.83411397383763 1.98064701373761 1.82879143953323 1.94039154052734
-9999 -9999 -9999 -9999 -9999 -9999 -9999 -9999 -9999 -9999 -9999 -9999 -9999 -9999 -9999 -9999 -9999 -9999 -9999 -9999 -9999 -9999 -9999 -9999 -9999 -9999 -9999 -9999 -9999 -9999 -9999 -9999 -9999 -9999 -9999 -9999 -9999 -9999 -9999 2.46926147797528 2.20934307575226 2.1436311006546 1.99285229865242 1.85805727453793 1.75582963228226 1.4313306927681 1.27093450111501 1.3854121118784 1.32208508625627 1.34361693821847 1.49449087399989 1.53551736753434 1.71791082620621 1.91841059046633 1.95484533905983 1.95625974450793 2.04101973346302 2.00156468153 2.03305714896747 1.75153675675392 2.00302618741989 2.10460788011551
-9999 -9999 -9999 -9999 -9999 -9999 -9999 -9999 -9999 -9999 -9999 -9999 -9999 -9999 -9999 -9999 -9999 -9999 -9999 -9999 -9999 -9999 -9999 -9999 -9999 -9999 -9999 -9999 -9999 -9999 -9999 -9999 -9999 -9999 -9999 -9999 -9999 -9999 2.8100159962972 2.51399137342677 2.23890319641899 1.87826403123992 1.69178587548873 1.54214415129493 1.32281227111816 1.26223406195641 1.3001614689827 1.24801553487778 1.41044058836997 1.4146209647879 1.431795084849 1.43074819073081 1.71549559866681 1.6174223983989 1.88407117979867 1.89908594810046 1.86367675891289 1.70138432429387 1.55718990415335 1.98836606740952 2.21927596628666 2.26578730344772
-9999 -9999 -9999 -9999 -9999 -9999 -9999 -9999 -9999 -9999 -9999 -9999 -9999 -9999 -9999 -9999 -9999 -9999 -9999 -9999 -9999 -9999 -9999 -9999 -9999 -9999 -9999 -9999 -9999 -9999 -9999 -9999 -9999 -9999 -9999 -9999 -9999 -9999 2.48427075147629 2.22332076842968 2.09258240461349 1.79826424803053 1.45911221644458 1.25333088636398 1.15448884367943 1.10099497437477 0.813398969524047 0.815440656507716 1.35938869602978 1.40996425878257 1.37334107514471 1.41960227955133 1.61999149407659 1.70753167832599 1.77979955077171 1.83797188103199 1.93010524660349 1.55465903282166 1.56171792000532 1.77208589762449 2.1929669380188 2.04610857367516
-9999 -9999 -9999 -9999 -9999 -9999 -9999 -9999 -9999 -9999 -9999 -9999 -9999 -9999 -9999 -9999 -9999 -9999 -9999 -9999 -9999 -9999 -9999 -9999 -9999 -9999 -9999 -9999 -9999 -9999 -9999 -9999 -9999 -9999 -9999 -9999 -9999 3.24755358695984 2.41798644799453 2.14196185882275 1.82162309151429 1.46707233961891 1.19242417812347 1.14583852887154 1.17315477728844 1.35983821190894 1.33870833367109 1.35043365787715 1.39167854189873 1.38006387278438 1.42577059753239 1.41958119627088 1.49361221404637 1.65088355015306 1.93785580642083 1.79666502861416 1.75912263814141 1.74677679687738 1.48155918121338 1.83043854236603 2.17060059309006 1.92533987760544
-9999 -9999 -9999 -9999 -9999 -9999 -9999 -9999 -9999 -9999 -9999 -9999 -9999 -9999 -9999 -9999 -9999 -9999 -9999 -9999 -9999 -9999 -9999 -9999 -9999 -9999 -9999 -9999 -9999 -9999 -9999 -9999 -9999 -9999 -9999 -9999 -9999 2.17959902836726 1.94406828284264 1.65574904130055 1.36388855255567 1.23638536609136 1.18807942526681 1.21137918829918 1.26674452424049 0.983549726359984 1.28377925232053 1.30654702149332 1.38733581919223 1.4738877620548 1.51640985533595 1.45613241009414 1.48195219784975 1.61530154384673 1.68032879568636 1.80148534739719 1.79682098592029 1.74712282977998 2.09679205417633 2.05512084960938 2.04882924258709 2.07515245676041
-9999 -9999 -9999 -9999 -9999 -9999 -9999 -9999 -9999 -9999 -9999 -9999 -9999 -9999 -9999 -9999 -9999 -9999 -9999 -9999 -9999 -9999 -9999 -9999 -9999 -9999 -9999 -9999 -9999 -9999 -9999 -9999 -9999 -9999 -9999 -9999 2.32710794040135 2.10880968662409 1.87170019516578 1.46032346441196 1.23917972583037 1.1675626209804 1.1774018577167 1.22511836886406 1.27175812125206 1.26590470671654 1.25231295917183 1.29021142143756 1.47742339130491 1.60958687961102 1.54160443693399 1.48933543357998 1.50190755352378 1.64241999574006 1.59908694773912 1.50570509296197 1.54622221222291 1.96379061788321 2.06410373449326 2.11453652381897 2.2064040184021 2.0907078742981
-9999 -9999 -9999 -9999 -9999 -9999 -9999 -9999 -9999 -9999 -9999 -9999 -9999 -9999 -9999 -9999 -9999 -9999 -9999 -9999 -9999 -9999 -9999 -9999 -9999 -9999 -9999 -9999 -9999 -9999 -9999 1.22855427861214 1.578474758487 -9999 2.10493344068527 2.43352608382702 2.8232102394104 2.34665869749509 1.92070122407033 1.53805592426887 1.14565821565115 1.1040886427675 1.15099036267826 1.16354274153709 1.26119777094573 1.31528637371957 1.36531455628574 1.42931948695332 1.47653851378709 1.65656005877715 1.61342561244965 1.58188493893697 1.51057604643015 1.41190084356528 1.46010835812642 1.47618159193259 1.64174719154835 1.95989663600922 2.11163539886475 2.15993905067444 2.06386507749558 2.32671128134978
-9999 -9999 -9999 -9999 -9999 -9999 -9999 -9999 -9999 -9999 -9999 -9999 -9999 -9999 -9999 -9999 -9999 -9999 -9999 -9999 -9999 -9999 0.346259817481041 3.43016314506531 2.51269569993019 2.23887983652262 2.1779266504141 2.56044757824678 1.33936762809753 1.1066342741251 0.995035514235496 1.06092147529125 1.20450910925865 1.43114760518074 1.64591584297327 1.81982791423798 1.65382805695901 1.38561992691113 1.26886288019327 1.0438713821081 0.784630302339792 1.10645773581096 1.08980659501893 0.605225054281099 1.20392231941223 1.23102358212838 1.33144068717957 1.41833532135934 1.65502019570424 1.72199926697291 1.66419270405403 1.67364940964259 1.709855730717 1.770650941592 1.9860045680633 2.3357176230504 2.37794130295515 2.97562839835882 6.87421593595954 -9999 -9999 -9999
-9999 -9999 -9999 -9999 -9999 -9999 -9999 -9999 -9999 -9999 -9999 -9999 -9999 -9999 -9999 -9999 -9999 -9999 -9999 -9999 -9999 -9999 1.29910436272621 2.34635561704636 2.16534963675908 1.69921270471353 1.82878168729635 1.75899663338294 1.37718822062016 1.16112352907658 0.969411626458168 0.936437278985977 1.06475926935673 1.1591786467112 1.1153010565501 1.06005230316749 1.021990106656 1.04705432515878 0.939446767935386 0.661467555910349 0.678143788129091 1.15326888646398 1.16565886565617 1.26070952117443 1.26554027795792 1.25315994941271 1.71858537197113 1.84920863463328 1.87375042071709 1.84084626344534 1.97425680894118 1.83995876862453 1.98060889885976 2.24900165429482 2.58005511760712 -9999 -9999 -9999 -9999 -9999 -9999 -9999
-9999 -9999 -9999 -9999 -9999 -9999 -9999 -9999 -9999 -9999 -9999 -9999 -9999 -9999 -9999 -9999 -9999 -9999 -9999 16.0127728751728 2.31789771999632 1.27074763178825 1.13757641613483 0.963540524244308 0.988073959946632 0.824734732508659 1.41131143271923 1.49778009951115 1.23127701878548 0.849483370780945 0.782415509223938 0.795273765921593 0.821769520640373 0.876281213301879 1.00878455317937 1.01273632737306 1.06646990776062 1.08530413187467 0.982643857598305 0.737719160318375 0.675563445687294 1.17497916175769 0.642620947957039 1.2972656507045 1.29683037400246 1.39815950095654 1.83871509020145 1.95226375414775 2.04938014654013 2.07958868375191 2.32887445504849 -9999 -9999 -9999 -9999 -9999 -9999 -9999 -9999 -9999 -9999 -9999
-9999 -9999 -9999 -9999 -9999 -9999 -9999 -9999 -9999 -9999 -9999 -9999 -9999 -9999 -9999 -9999 -9999 2.58575049042702 2.2640198469162 2.1332765519619 1.73401094973087 1.05054940283298 0.771938011050224 1.55386074951717 1.32911107369832 1.07461469677778 0.877628609538078 0.868467837572098 0.846671655774117 0.734238559236893 0.848894493146376 0.691937040005411 0.640362650156021 0.605870526283979 0.646086023189127 0.676339572295547 1.01796711342675 1.04587492985385 0.960286875920636 0.84979570550578 0.815512738057545 0.763953231275082 0.777867014919009 1.08206384181976 1.41558162868023 1.57614644765854 1.91793657200677 2.17891113197102 2.22806745767593 2.02677789330482 1.32911023497581 -9999 -9999 -9999 -9999 -9999 -9999 -9999 -9999 -9999 -9999 -9999
-9999 -9999 -9999 -9999 -9999 -9999 -9999 -9999 -9999 -9999 -9999 -9999 -9999 -9999 3.77042424678802 2.80605518817902 1.90859225392342 1.87606480717659 1.52697339653969 0.944505900144577 0.742404758930206 0.685065127909184 0.713123001158237 0.659180611371994 0.588163614273071 1.56619280576706 0.71169201284647 0.668603107333183 0.765375897288322 0.784999869763851 0.795711725950241 0.798872696501868 0.880571275949478 0.865490531921387 1.13325669765472 1.08994905224868 0.942507674651486 0.880469118910176 0.806897243218762 0.793496269200529 1.09994546495951 0.778630243880408 0.79192234895059 0.91875359416008 1.45127759022372 1.58587295114994 1.66970927361399 1.91378843433717 2.0784497490296 1.92891047551082 1.56904642169292 1.43073940735597 -9999 -9999 -9999 -9999 -9999 -9999 -9999 -9999 -9999 -9999
-9999 -9999 -9999 -9999 -9999 -9999 -9999 -9999 -9999 -9999 -9999 2.8177966405819 2.92649643761771 4.17135682702065 2.79663169384003 2.33073385059834 0.972810968756676 0.950684785842896 0.785109608010812 0.663194485008717 0.654994887801317 0.653114188175935 0.666992921095628 1.51411158697946 1.57820396763938 1.07959007365363 0.648054190553152 0.92163930620466 0.757738396525383 0.780667625367641 0.785432010889053 0.596122843027115 0.792959117889404 1.01151905655861 1.06056221723557 1.03166337609291 1.24060118794441 1.1571192920208 0.792094969749451 0.814508857471602 1.1496105331641 1.11791976541281 0.850334489574799 0.856418802187993 1.54814674146473 1.67871245741844 1.54882535109153 1.87433759065775 2.07509678143721 2.0562933408297 2.11652155544447 -9999 -9999 -9999 -9999 -9999 5.89851858574291 3.79868397116661 5.38047362776364 5.44265589994543 15.1604465035831 -9999
-9999 -9999 -9999 -9999 -9999 -9999 -9999 -9999 -9999 1.83548946814104 4.9654953112969 2.10178944468498 1.55503804981709 1.82701624929905 0.987765416502953 0.700562983751297 0.639115363359451 0.810294042934071 0.729941526597196 0.625307746231556 1.33978207622256 1.22398058857237 1.18739742892129 0.813907052789416 0.743545500295503 0.673509536044938 15.2972611933947 0.810250148177147 0.806723289191723 0.935606360435486 0.946394677673068 0.572374558448791 0.630286291241646 0.753492909669876 0.834291571378708 0.977909255027771 1.25184232592583 1.22496232390404 0.952879923582077 0.980326138436794 0.885998091101647 1.11260172724724 0.952792074817878 1.10235910919996 1.40534042853575 1.46771481403938 1.69824128426038 1.87195574778777 1.78125225580656 1.80785038150274 1.69652625918388 2.11879002506083 2.22793704271317 2.74832719463413 2.80949719385667 2.77349429238926 2.29247739735772 2.45293543594224 2.26773723959923 2.42616632580757 1.34421920180321 -9999
-9999 -9999 -9999 -9999 -9999 1.26249821077694 1.42126240513542 1.32036838206378 1.83425373380834 1.6058643758297 1.5267397869717 0.678076914765618 0.677264042875984 0.702973127365112 0.695911139249802 2.69233449442046 1.96427400623049 1.15650622333799 0.980321173157011 0.969982273876667 0.898650877177715 0.739375629595348 0.673649783645357 0.747525317328317 0.686547737855178 0.819295272231102 0.870404988527298 0.85682837665081 0.830463901162148 0.786667633515138 0.565545305609703 0.581728401780129 0.594589793682098 0.65980858206749 0.700160247087479 0.818292075395584 1.089138931036 1.0403260620577 1.07083947658539 0.935465835034847 1.12394219823182 1.04535828186915 1.0735844293466 1.07303776763953 1.10728743099249 1.25025607989385 1.51733762713579 1.62412869930267 1.323366522789 1.4663615157971 1.93802479180423 1.98910333351655 2.0454450358044 2.23852575367147 2.3833424448967 1.96748387355071 2.08485311728257 2.37323666535891 2.33432619680058 3.05174822990711 3.2560063967338 3.57402472312634
-9999 -9999 -9999 -9999 -9999 1.15864347598769 0.729919243942608 0.71684824607589 0.696705083955418 0.666638927026229 0.751831375062466 0.653875358402729 1.01162093419295 0.77348360648522 1.18416936695576 1.09682375192642 1.88287064858845 1.07709832702364 0.808804047959191 0.699804961681366 0.709834296788488 0.644280214394842 6.42923504114151 8.74123877286911 0.620959166969572 0.945570476353168 1.05380050837994 0.558410780770438 0.65540001140191 1.87845332175493 0.96816852918038 0.62022970020771 0.652897056937218 0.646706107258797 0.681952393054962 0.955476665496826 1.69223399162292 1.02635420539549 0.906063401699066 0.850945967435837 0.827890265733004 0.914343234438163 0.97658859193325 1.05886261279766 1.06780752195762 1.07380847976758 1.15434244848215 1.22985983353395 1.27722905461605 1.22250981743519 1.55126152932644 1.63630437580022 1.72638543898409 1.92841154336929 1.72367123915599 1.97285758990508 2.14237341972498 2.50653039033596 2.30626807971434 2.83469389035152 3.14959521477039 2.87819311835549
-9999 -9999 -9999 -9999 -9999 0.989529892802238 0.681010560555892 0.66439323533665 0.775692164897919 0.960969012517195 0.926114490398994 0.732154665084986 0.710112766577647 2.03513669116156 1.2724643775395 0.794286847114563 0.824601952518736 0.662421526653426 0.778364028249468 0.637847472514425 0.612607617463384 0.580952052559171 3.47419206798077 0.590003786342485 0.569616871220725 0.561675016369138 0.556701856000083 1.5810170173645 1.16056735813618 0.688623583875597 0.360891986351747 0.536166015267372 0.648247380341802 0.718621743576867 0.834606985251109 0.933625748928856 1.5493747740984 1.53887100219727 0.992446827888489 0.863210636377335 0.770117752254009 0.882483753561974 0.848736388178972 0.937852937441606 1.00971863246881 0.996156551516973 1.06532895794282 1.27266913423171 1.28517932845996 1.23325633544188 1.42991712147539 1.43666567314755 1.63454450531439 1.37856176954049 1.44728885017909 1.66187571562254 1.76388716697693 1.66709072210572 1.72253938696601 2.726542272351 2.7676406882026 2.59153828024864
-9999 -9999 -9999 -9999 -9999 0.697893373668194 0.668895872739645 0.605117997297874 0.587938902469782 0.59349859563204 2.11419841647148 1.72595240388598 1.49074189577784 1.14626198581287 0.668040416070393 1.03223196949278 0.627715498209 0.692429378628731 0.699203042047364 1.16605877876282 0.780448004603386 0.667377009987831 0.664007008075714 0.656188502907753 0.635613739490509 0.664440512657166 0.564718493393489 0.799572917322318 0.787473551928997 0.638264253735542 0.602870873042515 0.536148548126221 0.714891876493182 0.815608099102974 0.815290462970734 0.99972437620163 1.38468548934907 1.35081487894058 1.08034883141518 1.35538717508316 1.5886372923851 1.2954226732254 1.30307211633772 0.9213927090168 0.951861300638744 1.16272343695164 0.86205580830574 1.19102917726223 1.13050762392007 0.985619706603197 1.02198998630047 1.0146541515222 1.01289429916785 1.1352787063672 1.31475467865284 1.6029399564633 1.6456997638399 1.57493966817856 1.77650005051068 2.2261179877179 2.54754971393517 3.1070572679693
-9999 -9999 -9999 -9999 -9999 1.31334619862693 1.67351203731128 1.62389267768179 1.66098437138966 1.60105964541435 1.27195203730038 1.32956939935684 0.887823419911521 0.814258396625519 0.731273570231029 0.608612793684006 0.621078403932708 0.618116766214371 0.968952268362045 0.573921855006899 0.821102753281593 0.67884449660778 0.68315601348877 0.638595268130302 1.35968470573425 1.37926590849053 1.38550328463316 1.29709614813328 0.628795266151428 1.35635020787066 0.653212494083813 0.735223594833823 0.657100292188781 0.695944437384605 0.893121641874313 1.14869927167892 1.49469128251076 1.40253172069788 1.6345111951232 1.61139842122793 1.70549547672272 1.35822975263 1.02018878715379 0.929671308823994 1.01737103717668 0.997993926791584 0.9073540525777 0.936856103794915 0.885282933712006 1.05398986431269 0.893478021025658 1.07249297660131 1.15576294637643 1.43250885720436 1.59576140917265 2.14187825267965 1.93912896784869 1.96961776776747 1.89644809280123 2.06389005482197 2.86951446533203 3.190774127841
