EcologicalScience/Bass/data/rs_data_bass/chl_166.asc
NCOLS 226 
NROWS 124 
XLLCORNER -9.41648524995501 
YLLCORNER 47.587301625531 
CELLSIZE 0.0833 
NODATA_value -9999 
[rows 0 to 26 of 124, columns 62 to 123 of 226]
-9999 -9999 -9999 -9999 -9999 -9999 -9999 -9999 -9999 -9999 -9999 -9999 -9999 -9999 -9999 -9999 -9999 -9999 -9999 -9999 -9999 -9999 -9999 -9999 -9999 -9999 -9999 -9999 -9999 -9999 -9999 -9999 -9999 -9999 -9999 -9999 -9999 -9999 -9999 -9999 -9999 -9999 -9999 -9999 -9999 -9999 -9999 -9999 -9999 -9999 -9999 -9999 -9999 -9999 -9999 -9999 -9999 -9999 -9999 -9999 -9999 -9999
-9999 -9999 -9999 -9999 -9999 -9999 -9999 -9999 -9999 -9999 -9999 -9999 -9999 -9999 -9999 -9999 -9999 -9999 -9999 -9999 -9999 -9999 -9999 -9999 -9999 -9999 -9999 -9999 -9999 -9999 -9999 -9999 -9999 -9999 -9999 -9999 -9999 -9999 -9999 -9999 -9999 -9999 -9999 -9999 -9999 -9999 -9999 -9999 -9999 -9999 -9999 -9999 -9999 -9999 -9999 -9999 -9999 -9999 -9999 -9999 -9999 -9999
-9999 -9999 -9999 -9999 -9999 -9999 -9999 -9999 -9999 -9999 -9999 -9999 -9999 -9999 -9999 -9999 -9999 -9999 -9999 -9999 -9999 -9999 -9999 -9999 -9999 -9999 -9999 -9999 -9999 -9999 -9999 -9999 -9999 -9999 -9999 -9999 -9999 -9999 -9999 -9999 -9999 -9999 -9999 -9999 -9999 -9999 -9999 -9999 -9999 -9999 -9999 -9999 -9999 -9999 -9999 -9999 -9999 -9999 -9999 -9999 -9999 -9999
-9999 -9999 -9999 -9999 -9999 -9999 -9999 -9999 -9999 -9999 -9999 -9999 -9999 -9999 -9999 -9999 -9999 -9999 -9999 -9999 -9999 -9999 -9999 -9999 -9999 -9999 -9999 -9999 -9999 -9999 -9999 -9999 -9999 -9999 -9999 -9999 -9999 -9999 -9999 -9999 -9999 -9999 -9999 -9999 -9999 -9999 -9999 -9999 -9999 -9999 -9999 -9999 -9999 -9999 -9999 -9999 -9999 -9999 -9999 -9999 -9999 -9999
-9999 -9999 -9999 -9999 -9999 -9999 -9999 -9999 -9999 -9999 -9999 -9999 -9999 -9999 -9999 -9999 -9999 -9999 -9999 -9999 -9999 -9999 -9999 -9999 -9999 -9999 -9999 -9999 -9999 -9999 -9999 -9999 -9999 -9999 -9999 -9999 -9999 -9999 -9999 -9999 -9999 -9999 -9999 -9999 -9999 -9999 -9999 -9999 -9999 -9999 -9999 -9999 -9999 -9999 -9999 -9999 -9999 -9999 -9999 -9999 -9999 -9999
-9999 -9999 -9999 -9999 -9999 -9999 -9999 -9999 -9999 -9999 -9999 -9999 -9999 -9999 -9999 -9999 -9999 -9999 -9999 -9999 -9999 -9999 -9999 -9999 -9999 -9999 -9999 -9999 0.63735419511795 0.847496690323753 1.07073524594307 1.63790327310562 1.68065929412842 1.40492847561836 1.01939848065376 0.878555238246918 0.758021235466003 0.797784000635147 0.760646224021912 0.759644955396652 0.674906238913536 0.610166251659393 0.564299270510674 0.553275749087334 0.483119979500771 0.444774001836777 0.480991512537003 0.487155005335808 0.480865493416786 0.520175233483315 0.550407752394676 0.503477230668068 0.527076736092567 0.519060015678406 0.511277988553047 0.513189733028412 0.522898480296135 0.473763003945351 0.507918745279312 0.46630422770977 0.461001768708229 0.46391773223877
-9999 -9999 -9999 -9999 -9999 -9999 -9999 -9999 -9999 -9999 -9999 -9999 -9999 -9999 -9999 -9999 -9999 -9999 -9999 -9999 -9999 -9999 -9999 -9999 -9999 -9999 1.18186515569687 1.0627324283123 1.88453819070544 1.15085023641586 1.23419773578644 1.5404639840126 1.49883154034615 1.25632202625275 0.826891511678696 0.831639021635056 0.870885014533997 0.885972708463669 0.846007525920868 0.860418766736984 0.780994534492493 0.730014011263847 0.660449266433716 0.628337994217873 0.5650425106287 0.504994511604309 0.489930734038353 0.480921730399132 0.480283498764038 0.472304239869118 0.449769750237465 0.415802255272865 0.434221521019936 0.474870756268501 0.472512736916542 0.479573249816895 0.460241988301277 0.509095519781113 0.486218243837357 0.431535735726357 0.437270253896713 0.425737515091896
-9999 -9999 -9999 -9999 -9999 -9999 -9999 -9999 -9999 -9999 -9999 -9999 -9999 -9999 -9999 -9999 -9999 -9999 -9999 -9999 -9999 -9999 -9999 -9999 -9999 -9999 1.18186515569687 4.04554510116577 1.26507076621056 1.10973671078682 1.32013723254204 1.46159246563911 1.32260996103287 1.1581155359745 1.05181351304054 1.0314547419548 0.946885496377945 0.782967031002045 0.763679981231689 0.793685227632523 0.747603759169579 0.687974989414215 0.683475762605667 0.639843016862869 0.613845750689507 0.56811748445034 0.555173993110657 0.538794010877609 0.536129996180534 0.502790987491608 0.522344246506691 0.523378506302834 0.430020734667778 0.446570992469788 0.4544737637043 0.434500515460968 0.393487483263016 0.447368234395981 0.400961995124817 0.38875575363636 0.394223257899284 0.37508399784565
-9999 -9999 -9999 -9999 -9999 -9999 -9999 -9999 -9999 -9999 -9999 -9999 -9999 -9999 -9999 -9999 -9999 -9999 -9999 -9999 -9999 -9999 -9999 -9999 -9999 -9999 7.11716628074646 3.25032305717468 1.29516300559044 1.48588201403618 1.47565573453903 1.41118803620338 1.45287600159645 1.15829846262932 0.97780653834343 1.01295670866966 0.953163027763367 0.767199039459229 0.746336996555328 0.719447270035744 0.696157515048981 0.702924013137817 0.715977743268013 0.596217021346092 0.536893486976624 0.597263261675835 0.505863770842552 0.491545513272285 0.455532744526863 0.419883728027344 0.462762013077736 0.449677482247353 0.4779262393713 0.481956750154495 0.466923013329506 0.395170480012894 0.368049748241901 0.350526742637157 0.345516756176949 0.334581010043621 0.334866754710674 0.368053503334522
-9999 -9999 -9999 -9999 -9999 -9999 -9999 -9999 -9999 -9999 -9999 -9999 -9999 -9999 -9999 -9999 -9999 -9999 -9999 -9999 -9999 -9999 -9999 -9999 -9999 1.19121462106705 4.41961591243744 3.25490391254425 2.59562855958939 1.61314880847931 1.44185999035835 1.35611772537231 1.24195575714111 1.15752071142197 1.15398377180099 1.10491123795509 1.08286195993423 0.949372529983521 0.852293282747269 0.803700774908066 0.751997977495193 0.698181733489037 0.642903730273247 0.568461745977402 0.597863271832466 0.533883735537529 0.502763271331787 0.448695749044418 0.418988227844238 0.410684242844582 0.379552513360977 0.395925745368004 0.38220526278019 0.382001996040344 0.391811236739159 0.365561239421368 0.334552489221096 0.383530497550964 0.40455374121666 0.408051744103432 0.436541229486465 0.408427521586418
-9999 -9999 -9999 -9999 -9999 -9999 -9999 -9999 -9999 -9999 -9999 -9999 -9999 -9999 -9999 -9999 -9999 -9999 -9999 -9999 -9999 -9999 -9999 -9999 -9999 7.2562108039856 6.72929048538208 7.90357232093811 5.13221848011017 1.64797800779343 1.39874249696732 1.30628925561905 1.30471274256706 1.24072051048279 1.11000823974609 1.07702100276947 1.15835103392601 1.01506876945496 0.85736095905304 0.878476470708847 0.659498244524002 0.590718001127243 0.528492763638496 0.539404481649399 0.5701574832201 0.520836755633354 0.468429744243622 0.407804265618324 0.38390551507473 0.385837510228157 0.380285248160362 0.380292758345604 0.369638241827488 0.366069741547108 0.351377248764038 0.350478753447533 0.341324999928474 0.441787496209145 0.432288765907288 0.40632301568985 0.358755759894848 0.374531999230385
-9999 -9999 -9999 -9999 -9999 -9999 -9999 -9999 -9999 -9999 -9999 -9999 -9999 -9999 -9999 -9999 -9999 -9999 -9999 -9999 -9999 -9999 -9999 -9999 1.31647038459778 5.62727916240692 6.95512318611145 15.9866151809692 10.0101885795593 2.36309105157852 1.698401927948 1.55119800567627 1.15487551689148 1.10648399591446 1.04911422729492 1.06043770909309 0.96146696805954 0.845737516880035 0.725560516119003 0.656786978244781 0.620759233832359 0.576500236988068 0.485675230622292 0.493074730038643 0.522938266396523 0.54261825978756 0.423774763941765 0.401815518736839 0.383732244372368 0.397999495267868 0.389604762196541 0.353431507945061 0.371982760727406 0.382261499762535 0.369237743318081 0.366998255252838 0.361466243863106 0.375460490584373 0.377331733703613 0.37832173705101 0.377927228808403 0.346545740962029
-9999 -9999 -9999 -9999 -9999 -9999 -9999 -9999 -9999 -9999 -9999 -9999 -9999 -9999 -9999 -9999 -9999 -9999 -9999 -9999 -9999 -9999 -9999 1.50594073534012 2.34113323688507 2.07094269990921 5.61530542373657 4.48958694934845 1.78578972816467 1.60195577144623 1.6336253285408 1.19450175762177 1.01000547409058 1.10745602846146 1.06484547257423 0.81167471408844 0.764488488435745 0.730459481477737 0.680241733789444 0.669477000832558 0.629282981157303 0.600289508700371 0.515461519360542 0.495735749602318 0.490348488092422 0.477357745170593 0.395429268479347 0.42154423892498 0.439642488956451 0.434583753347397 0.435654759407043 0.381178513169289 0.37160624563694 0.373955257236958 0.370143748819828 0.375522002577782 0.390576750040054 0.393986999988556 0.393454492092133 0.397201493382454 0.385644748806953 0.388272732496262
-9999 -9999 -9999 -9999 -9999 -9999 -9999 -9999 -9999 -9999 -9999 -9999 -9999 -9999 -9999 -9999 -9999 -9999 -9999 -9999 -9999 -9999 7.46545720100403 4.84955951571465 3.2634984254837 1.72316783666611 1.66034030914307 1.89635181427002 1.69270581007004 1.75973099470139 1.42778849601746 1.1724037528038 1.08730879426003 0.988076269626617 0.972627729177475 0.63995173573494 0.637197732925415 0.660217478871346 0.608413517475128 0.566718757152557 0.573715478181839 0.562209740281105 0.496104016900063 0.435499504208565 0.420882001519203 0.395803481340408 0.397028267383575 0.401089489459991 0.387762755155563 0.403302758932114 0.427356004714966 0.384514510631561 0.364263005554676 0.360033005475998 0.356091745197773 0.359511002898216 0.393457487225533 0.399766489863396 0.392708256840706 0.376250267028809 0.363641247153282 0.325925253331661
-9999 -9999 -9999 -9999 -9999 -9999 -9999 -9999 -9999 -9999 -9999 -9999 -9999 -9999 -9999 -9999 -9999 -9999 -9999 -9999 2.64602583646774 1.99254001781974 2.47920674085617 2.10155618190765 2.32544106245041 1.54072648286819 1.41418799757957 1.33111721277237 1.47755178809166 1.58211153745651 1.39278450608253 1.34263050556183 1.37879928946495 1.28370523452759 0.937071025371552 0.711371228098869 0.517689764499664 0.515407517552376 0.480687752366066 0.457358255982399 0.466064259409904 0.472093507647514 0.435567766427994 0.411636739969254 0.420715481042862 0.417848244309425 0.372933760285378 0.37779526412487 0.366494245827198 0.370748251676559 0.366776257753372 0.364458739757538 0.362209506332874 0.359080508351326 0.357027746737003 0.361005753278732 0.370588503777981 0.366728246212006 0.372297003865242 0.353068493306637 0.330633759498596 0.311075247824192
-9999 -9999 -9999 -9999 -9999 -9999 -9999 -9999 -9999 -9999 -9999 -9999 -9999 -9999 -9999 -9999 -9999 -9999 -9999 -9999 2.14566497078492 4.76980805397034 2.59454244375229 1.90569233894348 1.75524079799652 1.72668528556824 1.49290654063225 1.46565154194832 1.42117872834206 1.43763971328735 1.54517394304276 1.44797095656395 1.56398391723633 1.26194098591805 0.976334273815155 0.807875275611877 0.573912754654884 0.521468997001648 0.488524496555328 0.451734021306038 0.433348506689072 0.424000516533852 0.408959984779358 0.397302746772766 0.394834488630295 0.384687021374702 0.391545742750168 0.371482506394386 0.371756248176098 0.370930507779121 0.376557022333145 0.389093264937401 0.410487771034241 0.396314978599548 0.377496019005775 0.358708508312702 0.364337258040905 0.372383996844292 0.370096497237682 0.351567752659321 0.324705004692078 0.31699575483799
-9999 -9999 -9999 -9999 -9999 -9999 -9999 -9999 -9999 -9999 -9999 -9999 -9999 -9999 -9999 -9999 -9999 -9999 -9999 3.23940289020538 2.59315806627274 3.25413465499878 2.49635016918182 2.3087078332901 1.94462102651596 1.84803307056427 1.63670629262924 1.69466328620911 1.68807148933411 1.69711643457413 1.63023680448532 1.59287631511688 1.67478454113007 1.31361973285675 0.969033747911453 0.853907257318497 0.598761767148972 0.526222497224808 0.472647741436958 0.451755747199059 0.424259260296822 0.40133772790432 0.395068511366844 0.387931510806084 0.378853484988213 0.371836490929127 0.364055246114731 0.36751876026392 0.380051985383034 0.366709493100643 0.377120241522789 0.371488496661186 0.32176199555397 0.350214757025242 0.392942994832993 0.399239256978035 0.410211771726608 0.398819983005524 0.395444244146347 0.34163099527359 0.32218424230814 0.308657996356487
-9999 -9999 -9999 -9999 -9999 -9999 -9999 -9999 -9999 -9999 -9999 -9999 -9999 -9999 -9999 -9999 -9999 -9999 9.52741456031799 2.99343001842499 2.65322470664978 3.11430895328522 2.84752124547958 1.98872476816177 1.77574270963669 1.75408726930618 1.65192604064941 1.42158445715904 1.45727026462555 1.49294704198837 1.5237802863121 1.61726403236389 1.48102721571922 1.33559247851372 1.10478901863098 0.828141778707504 0.704914480447769 0.500676736235619 0.466212764382362 0.45362851023674 0.443307012319565 0.423589512705803 0.409411489963531 0.384702757000923 0.363576740026474 0.352800741791725 0.369375742971897 0.377530485391617 0.368432991206646 0.378744006156921 0.398117244243622 0.406387478113174 0.39750748872757 0.403197750449181 0.39801974594593 0.404733762145042 0.419828251004219 0.382656008005142 0.381024017930031 0.36709126085043 0.338230490684509 0.327908255159855
-9999 -9999 -9999 -9999 -9999 -9999 -9999 -9999 -9999 -9999 -9999 -9999 -9999 -9999 -9999 -9999 -9999 14.4227182189853 19.8087916374207 6.60339689254761 3.96570825576782 3.0184965133667 2.3693910241127 1.98343205451965 1.74082124233246 1.60514706373215 1.49222248792648 1.24950528144836 1.23100197315216 1.22056272625923 1.18871328234673 1.13490450382233 1.02305996417999 1.1358847618103 1.15741127729416 0.980548471212387 0.702967509627342 0.51789902150631 0.499704748392105 0.471498727798462 0.452924251556396 0.437201991677284 0.437049016356468 0.429286479949951 0.3957180082798 0.384755238890648 0.330641247332096 0.368760757148266 0.39785398542881 0.424012497067451 0.441016495227814 0.421681478619576 0.40140675008297 0.374918259680271 0.420264735817909 0.402213737368584 0.39157198369503 0.378242254257202 0.366756744682789 0.361181259155273 0.352619245648384 0.33721574395895
-9999 -9999 -9999 -9999 -9999 -9999 -9999 -9999 -9999 -9999 -9999 -9999 -9999 -9999 -9999 -9999 -9999 -9999 -9999 17.0916595458984 4.16259741783142 2.84181743860245 2.31226569414139 2.04280507564545 1.82816022634506 1.76191878318787 1.52345019578934 1.32817277312279 1.31661826372147 1.27799847722054 0.970155000686646 0.86041197180748 0.855884224176407 0.865377008914948 0.893577754497528 0.806438237428665 0.632957249879837 0.480326235294342 0.453305259346962 0.470809489488602 0.492999002337456 0.490832984447479 0.482624977827072 0.476592734456062 0.444282755255699 0.422131508588791 0.360255002975464 0.370790250599384 0.390563249588013 0.414977252483368 0.446819990873337 0.456382513046265 0.452797517180443 0.451875016093254 0.44758652150631 0.442719742655754 0.38374051451683 0.364463992416859 0.355678506195545 0.347709752619267 0.33992026001215 0.320105239748955
-9999 -9999 -9999 -9999 -9999 -9999 -9999 -9999 -9999 -9999 -9999 -9999 -9999 -9999 -9999 11.6264548301697 8.93966542046245 3.85124670350274 1.0860975086689 12.4656171798706 3.01995384693146 2.80854445695877 2.40509247779846 1.99250543117523 1.82240098714828 1.70491200685501 1.53175342082977 1.4818514585495 1.50769579410553 1.19308277964592 0.905781716108322 0.669853493571281 0.695754736661911 0.714263990521431 0.646023005247116 0.570697501301765 0.521478742361069 0.470814004540443 0.465255752205849 0.489248245954514 0.505474492907524 0.531425267457962 0.458012267947197 0.396593257784843 0.377875506877899 0.355299755930901 0.364567503333092 0.389853000640869 0.419726237654686 0.464836478233337 0.49957050383091 0.504427492618561 0.519644245505333 0.533961743116379 0.532671734690666 0.447793498635292 0.393308266997337 0.3566654920578 0.33305324614048 0.325948499143124 0.316302001476288 0.310220248997211
-9999 -9999 -9999 -9999 -9999 -9999 -9999 -9999 -9999 -9999 35.2986888885498 35.2986888885498 13.7248649597168 17.1285982131958 19.8660836219788 12.4605374336243 8.97574424743652 11.0820050239563 11.2619004249573 8.07824993133545 8.22126173973083 5.04105520248413 3.30781066417694 2.44391316175461 2.17779457569122 1.83304882049561 1.65037500858307 1.68918603658676 1.43122726678848 1.19110652804375 0.757671028375626 0.610322266817093 0.606428235769272 0.613962739706039 0.590473517775536 0.508348479866982 0.48216524720192 0.488323509693146 0.513453751802444 0.555492013692856 0.516193494200706 0.521691754460335 0.475002005696297 0.43555873632431 0.407915979623795 0.409794017672539 0.394384503364563 0.383562013506889 0.417235493659973 0.448202982544899 0.454145237803459 0.461123988032341 0.47876250743866 0.50942100584507 0.5169907361269 0.475163251161575 0.453747019171715 0.446143493056297 0.409239739179611 0.374199002981186 0.359935507178307 0.374261252582073
-9999 -9999 -9999 -9999 -9999 -9999 -9999 -9999 -9999 -9999 35.2986888885498 5.66478672292497 5.66408341271537 6.25961780548096 6.61045289039612 7.22520589828491 7.93374466896057 9.48452301458879 7.49241463058066 2.24407768249512 33.5592384338379 17.1453223228455 10.0954184532166 3.63334357738495 2.59091931581497 2.00481748580933 1.71489679813385 1.63956141471863 1.4595240354538 1.34708324074745 0.789572238922119 0.621091514825821 0.61574998497963 0.602483242750168 0.545239493250847 0.515811011195183 0.510852009057999 0.496838271617889 0.512143492698669 0.510153740644455 0.513333767652512 0.530240267515182 0.524456262588501 0.47833576798439 0.436441496014595 0.415294513106346 0.386820763349533 0.433271259069443 0.464237228035927 0.473411992192268 0.507821246981621 0.603515982627869 0.625452741980553 0.61700776219368 0.555068984627724 0.556083753705025 0.533057257533073 0.477573752403259 0.444242253899574 0.415893763303757 0.41042397916317 0.407075241208076
-9999 -9999 -9999 -9999 -9999 -9999 -9999 -9999 -9999 -9999 -9999 -9999 12.9827079972723 5.07415044307709 6.3719687461853 5.65109134757 -9999 -9999 -9999 -9999 -9999 -9999 53.0487098693848 29.8492698669434 24.6309385299683 10.5155568122864 4.52222907543182 2.14768356084824 1.78892254829407 1.67742598056793 0.885739535093307 0.662174239754677 0.643055990338326 0.623590484261513 0.578453242778778 0.533132985234261 0.542750269174576 0.555791258811951 0.542837262153625 0.5715172290802 0.582171767950058 0.581130757927895 0.538020730018616 0.47808900475502 0.438667505979538 0.410476505756378 0.431635513901711 0.521952733397484 0.560501262545586 0.570266246795654 0.584798991680145 0.59587799012661 0.615489766001701 0.657337501645088 0.670565977692604 0.602209478616714 0.559304237365723 0.537064477801323 0.48659473657608 0.463479772210121 0.437615230679512 0.427428737282753
-9999 -9999 -9999 -9999 -9999 -9999 -9999 -9999 -9999 -9999 -9999 -9999 -9999 16.6274771690369 16.6274771690369 16.6274771690369 -9999 -9999 -9999 -9999 -9999 -9999 4.94490551948547 4.94490551948547 4.94490551948547 0.308659605681896 31.6052541732788 15.7662949562073 5.58745729923248 2.28693598508835 1.77713996171951 1.30584302544594 1.01198628544807 0.848758488893509 0.807428240776062 0.719312980771065 0.636629238724709 0.573926255106926 0.547839000821114 0.555901497602463 0.619342491030693 0.610784232616425 0.58118100464344 0.546939745545387 0.541374742984772 0.509778007864952 0.471068993210793 0.463409230113029 0.518845483660698 0.559534505009651 0.646841257810593 0.596514746546745 0.533900991082191 0.51596474647522 0.495789751410484 0.472216486930847 0.448485016822815 0.44896200299263 0.438793480396271 0.452191516757011 0.450711742043495 0.451503753662109
-9999 -9999 -9999 -9999 -9999 -9999 -9999 -9999 -9999 -9999 -9999 -9999 -9999 -9999 -9999 -9999 -9999 -9999 -9999 -9999 -9999 -9999 -9999 -9999 -9999 -9999 12.429817892611 43.4078664779663 17.2752242088318 10.8917734622955 3.00458407402039 3.00685501098633 2.19421416521072 1.48723876476288 1.20039376616478 1.02916422486305 0.664547234773636 0.564167261123657 0.563141271471977 0.634214267134666 0.641046747565269 0.628689005970955 0.605645254254341 0.590102255344391 0.588604509830475 0.586880251765251 0.551561996340752 0.530773490667343 0.568284004926682 0.579213738441467 0.557901754975319 0.554378271102905 0.54448726773262 0.506780996918678 0.484773740172386 0.433682262897491 0.412884771823883 0.410753265023232 0.408243745565414 0.409448236227036 0.419112011790276 0.420379489660263
-9999 -9999 -9999 -9999 -9999 -9999 -9999 -9999 -9999 -9999 -9999 -9999 -9999 -9999 -9999 -9999 -9999 -9999 -9999 -9999 -9999 -9999 -9999 -9999 -9999 -9999 -9999 7.88840406139692 55.7334594726562 10.9958281517029 9.19375705718994 8.17356777191162 4.18081283569336 1.65794616937637 1.35114750266075 0.976214289665222 0.701549246907234 0.667539730668068 0.65038575232029 0.659447997808456 0.657854989171028 0.655923753976822 0.620796740055084 0.619148254394531 0.641734510660172 0.624720007181168 0.574476733803749 0.533271744847298 0.566953495144844 0.545444995164871 0.526088252663612 0.522486001253128 0.518804982304573 0.510120749473572 0.467559769749641 0.450379505753517 0.420867741107941 0.365112751722336 0.335810244083405 0.347098499536514 0.357467249035835 0.383547753095627
