EcologicalScience/Bass/data/rs_data_bass/chl_321.asc
NCOLS 226 
NROWS 124 
XLLCORNER -9.41648524995501 
YLLCORNER 47.587301625531 
CELLSIZE 0.0833 
NODATA_value -9999 
[rows 54 to 80 of 124, columns 124 to 185 of 226]
2.6710946559906 2.56355372071266 2.33787068724632 2.34147870540619 2.63436282532556 2.19569362699986 2.27671918272972 2.37668028473854 2.3151438832283 2.10375899076462 1.82910825312138 1.85505902767181 1.85592225193977 1.98365932703018 1.90947970747948 1.89664721488953 1.7781877219677 1.65356741845608 3.11451044907937 2.94037011953501 2.75434028643828 2.53354694751593 2.580613388465 2.37905338635811 2.36657995902575 2.289923787117 2.34616463459455 2.44674513431696 2.65163771922772 2.79148430090684 2.85093679794898 2.90534635690542 2.94721203583937 2.72552512242244 2.5985916027656 2.57140770325294 2.36083427667618 2.27731366157532 2.99675727807558 2.94775183384235 2.80883502960205 2.65623824413006 2.54918115872603 3.02381436824799 2.63456335434547 2.53348773259383 2.5582050039218 2.49315601587296 2.57555677209582 3.48764741420746 3.83721935749054 7.32234223365784 7.42248456818717 8.36306956836155 8.50038313865662 12.7816187817117 11.2398038506508 17.2929541147672 10.8367000180621 13.155636793815 7.4961589910313 -9999
3.10272145271301 3.01207396388054 2.77229994535446 2.69821009039879 2.60799819231033 2.62713870406151 2.58233401179314 2.59423014521599 2.35649621486664 2.12981101870537 2.11429837346077 2.06876358389854 3.73267437403019 2.25919775451933 1.93010812997818 1.85394971072674 1.79246623814106 2.0849689415523 2.08242993695395 3.06812643087827 3.11959071801259 2.06373907838549 3.05525063092892 2.56794512271881 2.64712318181992 2.68283636569977 2.75568211995638 3.08068681680239 3.19776499271393 3.13728153705597 2.88753057443179 2.97339482490833 2.86120676994324 2.73166069617638 2.67582169862894 2.57644464419438 2.58516146586491 2.6092812373088 2.57863728816693 2.52167971317585 2.47884123141949 2.4447761453115 2.24141119535153 3.07085280418396 3.44307181835175 3.50396254062653 2.82623265470777 3.17908951214382 2.9812549829483 5.26791841843549 6.40339723655156 8.83019869668143 7.56296426909311 7.16854523209965 6.96519212722778 8.1319591999054 10.5720698833466 -9999 -9999 -9999 -9999 -9999
3.25903022289276 3.18520796298981 3.18569523096085 3.00316008925438 2.93489357829094 2.87251281738281 2.82433301210403 3.05410723175321 2.72722869259971 2.26414757966995 2.12615552544594 2.05612805485725 3.34871935844421 2.21252757310867 2.16212899344308 1.84809784591198 2.07287161690848 2.16036126443318 2.22895515816552 4.95396782343204 2.21114253539305 2.50223343372345 2.65728321075439 2.95704317092896 3.28894650936127 3.14444074630737 3.39811354417067 3.02057747840881 3.17817713664128 3.12472087603349 2.78125339287978 2.72084330595457 2.76920848626357 2.76517504912156 2.71265024405259 2.53788915505776 2.47389007990177 2.38890137122228 2.22890406847 2.09420611766668 2.19394445877809 2.11867310450627 2.25106983001416 3.25604360103607 3.96750558614731 4.3998988866806 4.78454774968764 3.6251770139481 10.4418379579272 6.24037691525051 5.08866541385651 6.85777444839477 7.59679179442556 6.83425226211548 -9999 -9999 -9999 -9999 -9999 -9999 -9999 -9999
3.60287207365036 3.49032068252563 3.48737660050392 3.40130558609962 3.22418171167374 3.02623271942139 2.8692678809166 2.60076829791069 2.31010723114014 2.18464314937592 2.15431192517281 2.24136480689049 2.27499935030937 2.60892799922398 2.39618355887277 2.35587925570352 2.2744876742363 2.27490939412798 2.31650092772075 2.45333594083786 2.29381165596155 2.38078412642846 3.05223169326782 3.18613135814667 3.50027947425842 3.5721585383782 3.46568953073942 3.17985777854919 2.93938347926507 2.92742176239307 2.72980108627906 2.69961825700907 2.78144744726328 2.69040474524865 2.64722538911379 2.5298970249983 2.34657545273121 2.19179898041945 1.99914304568217 1.99499168762794 2.01173704862595 1.95838542167957 2.18099894890418 2.53943377733231 2.78199464541215 4.52951817512512 5.16170967326445 5.76276284182837 5.61586582660675 7.71817847398611 7.54823772723858 7.84388667345047 7.71575655435261 -9999 -9999 -9999 -9999 -9999 -9999 -9999 -9999 -9999
4.14456841349602 4.62089087412908 3.96015402674675 3.89271149039268 3.85511586070061 3.63271459937096 2.99658304452896 2.66774252057076 2.49385544657707 2.4131797850132 2.23656338453293 2.39394115550177 2.49839301620211 2.8120773094041 2.63417831489018 6.03187377636249 2.97670846326011 2.77645925964628 2.68115549428122 2.60086972372872 2.81251366138458 3.68762760895949 3.64169407807864 3.21396803855896 2.86829326833997 3.0313395687512 3.30978152385125 2.98082484648778 2.73810770878425 2.6769307576693 2.65571041290577 2.64327046504387 2.67235092016367 2.68226422713353 2.44292510472811 2.38281303185683 2.24454794938748 2.01174913919889 1.84942334890366 1.96056303152671 1.8892086652609 1.90671138580029 2.2904394865036 2.79541914279644 3.05148435555972 4.04477885190178 6.60996714542652 10.9920653343201 13.6755241666521 6.28490113295042 7.63506614244901 7.79939543283903 51.322548866272 -9999 -9999 -9999 -9999 -9999 -9999 -9999 -9999 -9999
-9999 5.16062335173289 6.08094155788422 4.42924439907074 4.21764072775841 4.30687943100929 3.56007671356201 3.13168466091156 2.9101827442646 2.7618488073349 2.62208694219589 2.45458468794823 2.432995185256 2.31594622135162 2.37506002187729 2.45645713806152 2.76911077329091 3.35233190059662 3.45708789825439 3.59990851368223 3.34096394266401 3.40362560749054 3.11599067279271 3.25630269731794 3.26819679737091 3.12258968353271 3.04931041827569 2.80717868988331 2.63145991472097 2.51477909088135 2.53275627356309 2.51211040295087 2.47245233334028 2.45878254450285 2.32274674910765 2.35604373308328 2.16893207568389 2.01145532039496 2.05680734836138 1.85386665509297 1.83204739368879 1.96862089633942 3.02809105011133 3.34090070541088 3.15481996536255 -9999 8.68027813094003 10.33945111128 27.4362038203648 9.30606017793928 14.1883182196782 50.9626722335815 36.2685246100793 43.3848066329956 -9999 -9999 -9999 -9999 -9999 -9999 -9999 -9999
-9999 -9999 -9999 -9999 -9999 2.28387522697449 4.43597021698952 4.26626470685005 3.83567959070206 3.36405944824219 4.87109429102678 2.63929975032806 2.61402967572212 2.47106927633286 2.48089015483856 1.95094615922255 2.00462851103614 2.35750577730291 2.68591492316302 2.78543752081254 3.52518664087568 3.63424165248871 3.72868609428406 3.59010457992554 3.63872981071472 3.03870677947998 2.82130947479835 2.71606206893921 2.49119460582733 2.36527698315107 2.38584673404694 2.32606945588038 2.29960372814765 2.20942480747516 2.23358093316738 2.22540656419901 2.00570361889326 1.93338236441979 1.89186820617089 1.86449751487145 1.84510665673476 2.37729583795254 3.72560178775054 5.29935297599206 3.71124560492379 16.9299597647584 -9999 -9999 -9999 -9999 41.1982913017273 55.9296462535858 36.5852973461151 28.0213496102227 -9999 -9999 -9999 -9999 -9999 -9999 -9999 -9999
-9999 -9999 -9999 -9999 -9999 -9999 -9999 -9999 4.46310701966286 2.87523418664932 4.05485904961824 3.64644945584811 3.1507808140346 2.59172509610653 3.14905482530594 2.90650345597948 2.87699560608183 2.38913678421694 2.76272355458316 2.97759854793549 2.76015150547028 2.61034494638443 2.53342759609222 3.76157240867615 3.83985357284546 2.75986584333273 2.6766313131039 2.65337309470543 2.45822249926054 2.27048965600821 2.18504402270684 2.10325032014113 2.07084510876582 2.08609458116385 2.07981568116408 1.96972503111913 1.93512812486062 1.86496443931873 1.93398455473093 2.02461123924989 2.21965572925714 2.49917624088434 2.87381851673126 3.4821571622576 8.52687953725273 29.0682649612427 -9999 -9999 -9999 -9999 17.548882484436 31.830559015274 14.9409472147624 36.5232207298279 13.9517409984882 17.8662961959839 -9999 -9999 -9999 -9999 -9999 -9999
-9999 -9999 -9999 -9999 -9999 -9999 -9999 -9999 -9999 -9999 3.9916813648664 3.77057382038661 3.99257738773639 3.55458285978862 2.99544401963552 3.00890423854192 2.75893718004227 2.62739908695221 2.73248731344938 3.12795625862322 2.80085478958331 2.60199993535092 2.53794093508469 3.03784840106964 2.77314655780792 2.64315821622547 2.33263858035207 2.64877400031457 2.40055456528297 2.29034902040775 2.09309964455091 1.90688944321412 1.85118518884365 1.92094102731118 1.92552556899878 1.97468977249586 1.91466740919993 1.95829305740503 2.07969562823956 2.2597886461478 2.55364449207599 2.48761062438671 4.14990535804204 4.4807326644659 12.5537297077549 -9999 -9999 -9999 -9999 -9999 -9999 -9999 9.49957347497707 17.971743196249 27.0624847412109 24.6064903736115 10.8786277770996 -9999 -9999 -9999 -9999 -9999
-9999 -9999 -9999 -9999 -9999 -9999 -9999 -9999 -9999 4.3704868555069 4.10025404180799 3.83578090156828 3.83916395902634 3.33670717477798 3.20511451363564 3.61561356272016 3.43067729473114 3.76306335926056 3.21031826734543 3.25057457174574 2.75191108176583 2.38760286569595 2.28911849856377 2.30566468834877 2.32701945304871 2.53004477526012 2.30796453532051 2.26000952019411 2.0839081511778 2.36689773889688 1.94148097129968 1.83091335571729 1.70914501410264 1.81365052094826 1.93961357611876 2.02811900468973 2.03939512142768 2.0478738454672 2.3280176612047 2.508126442249 2.78993508448968 2.98025200917171 4.28861239978245 4.4931121096015 19.4543276921059 33.0447750091553 -9999 -9999 -9999 10.6599602370427 13.2069461610582 14.1797293424606 14.7888740865808 17.008003950119 15.5870601654053 12.9350499153137 18.2589889649422 -9999 -9999 -9999 -9999 -9999
-9999 -9999 -9999 -9999 -9999 -9999 -9999 -9999 -9999 -9999 4.76105277354901 4.09463810920715 3.88676346199853 3.98372176715306 4.10494872501918 4.06494416509356 4.10564625263214 3.8955363546099 3.33747510910034 2.4101950611387 3.12867364883423 2.67961293772647 2.52021887427882 2.27591478824615 2.27202415466309 2.3819727678048 2.3202757537365 1.78735649585724 1.59602478146553 1.53168220818043 1.42081877589226 1.37121865153313 1.70050852115338 1.80532114780866 1.93080961704254 1.97653485719974 1.98794376391631 2.0229802773549 2.18343660923151 2.42743918528924 2.84406393307906 3.57544068189768 3.19914382696152 4.77390247232774 8.33525372014462 -9999 -9999 -9999 -9999 -9999 14.1486381240513 40.0053743720055 25.8016892552376 20.1793765068054 26.8843380142661 -9999 -9999 -9999 -9999 -9999 -9999 -9999
-9999 -9999 -9999 -9999 -9999 -9999 -9999 -9999 -9999 3.67937564849854 5.42869913578033 4.50950148472419 4.00142818230849 4.2657025541578 4.36926233768463 4.52522471972874 4.58928000926971 4.53146154539926 3.68333616256714 2.91505719934191 3.13656663894653 3.07788383960724 2.42974936648419 2.15836656407306 2.16611776226445 2.24540754995848 1.71270289644599 1.95475387573242 1.66120165586472 1.54628732800484 1.47227208316326 1.78581238251466 1.82004518233813 1.86417039541098 1.94013385589306 2.01592496725229 2.05430439343819 2.15380484324235 2.14649010163087 2.46976232528687 3.59770887238639 3.59365735735212 3.30175157955715 6.28157199702217 3.86466658115387 -9999 -9999 -9999 -9999 -9999 19.9296452490131 34.417543888092 33.1555065214634 -9999 -9999 -9999 -9999 -9999 -9999 -9999 -9999 -9999
-9999 -9999 -9999 -9999 -9999 -9999 -9999 -9999 -9999 8.35911841392517 5.6543442606926 4.88292163610458 5.07636150291988 4.86155370303563 4.82265416213444 4.5297338451658 3.8451383624758 3.7977540237563 3.2005187528474 3.1792225752558 3.08968057802745 2.91441714763641 2.68670260906219 2.39690313168934 2.31576370341437 2.18843888384955 2.09301112379347 1.94716386795044 1.73471813018505 1.64512551289338 1.65109286399988 1.78997782560495 1.91948317105954 1.97439838831241 2.08035827141542 2.21589534099285 2.32571097520682 2.54809592320369 2.9957583959286 3.02744969954857 3.13811288430141 3.59192654064723 2.37137867808342 9.76646452737086 3.86466693878174 -9999 -9999 -9999 -9999 12.1949715614319 -9999 -9999 -9999 -9999 -9999 -9999 -9999 -9999 -9999 -9999 -9999 -9999
-9999 -9999 -9999 -9999 -9999 -9999 -9999 -9999 -9999 6.46694594621658 5.3372899889946 4.79573365358206 4.760097522002 4.68718768083132 4.65654199463981 4.09593108722142 3.38721534184047 3.37093793494361 3.27568781375885 3.24562702008656 2.89658219473703 2.5907797898565 2.42249470097678 2.34965911081859 2.32871836423874 2.20443780081613 2.10726691143853 1.88740184477397 1.68427392840385 1.73875229633771 1.79306503442618 1.70736569166183 2.06131411974247 2.14323204297286 2.18066774423306 2.28209694990745 2.72110565350606 2.97851177820793 2.87513425716987 2.84526246786118 3.00772300133338 4.02143518924713 6.55991847123673 -9999 -9999 -9999 -9999 -9999 -9999 -9999 -9999 -9999 -9999 -9999 -9999 -9999 -9999 -9999 -9999 -9999 -9999 -9999
-9999 -9999 -9999 -9999 -9999 -9999 -9999 -9999 -9999 5.71458166837692 5.37253761291504 5.25252716357891 5.2556359401116 4.35539171328911 4.50332614353725 4.28378570079803 3.63579480988639 3.24504472528185 3.11667187724795 2.9230489049639 2.6374786070415 2.41170524699347 1.76672364771366 2.40239159549986 2.20935427225553 2.15775004455021 2.02581256628036 1.84665464503425 1.89571482794625 1.84769137089069 1.88266110420227 1.93049384440695 1.51367177814245 1.55680650472641 2.22162134830768 2.52195002482488 2.80781854116 2.90420150756836 2.83062104536937 2.83970513710609 4.59105041027069 4.88038052887213 11.0091936315399 -9999 -9999 -9999 -9999 -9999 -9999 -9999 -9999 -9999 -9999 -9999 -9999 -9999 -9999 -9999 -9999 -9999 -9999 -9999
-9999 -9999 -9999 -9999 -9999 -9999 -9999 3.28386068344116 4.75359120368958 5.28479450941086 5.31555444002151 5.07184088230133 4.79360114611112 4.05654757756453 4.08786499500275 3.88564441885267 3.65593176228659 3.16626403161458 2.91414578471865 2.61647877522877 2.44899931975773 2.40878281423024 2.35357835463115 2.37600905554635 2.33180257252284 2.09577580140187 1.70099324446458 1.69767891443693 1.81035774487716 1.87935926364018 2.01741505520684 2.08509067847179 2.09668819262431 1.55514112114906 1.56335174292326 2.73445185593196 2.10206307814671 2.96245929173061 2.77787881631118 2.91971766031705 16.3306351911674 5.69786846637726 3.25656187534332 -9999 -9999 -9999 -9999 -9999 -9999 -9999 -9999 -9999 -9999 -9999 -9999 -9999 -9999 -9999 -9999 -9999 -9999 -9999
-9999 -9999 -9999 -9999 -9999 -9999 5.49509991645813 4.90239366201254 4.94366047932551 4.24491474261651 3.64990290473489 5.02244182733389 4.72416637494014 4.00060594081879 3.53950705698558 3.41068089008331 3.32941718612398 2.92683518784387 2.74390832866941 2.51485424382346 2.43224011148725 2.36163693666458 2.31902266400201 2.28745538847787 2.20477900334767 2.18362613235201 1.79197549361449 1.98440613065447 2.09291369574411 2.13116935321263 1.78214591283065 2.14593155567463 2.24239372290098 2.15051849071796 2.76509004372817 3.19956600666046 3.412097964968 3.44161917482104 3.1897109065737 -9999 -9999 -9999 -9999 -9999 -9999 -9999 -9999 -9999 -9999 -9999 -9999 -9999 -9999 -9999 -9999 -9999 -9999 -9999 -9999 -9999 -9999 -9999
-9999 -9999 -9999 -9999 3.55260138497031 4.24305373237979 4.87709487401522 4.90844502815833 6.00245118141174 4.34505888131949 4.14075199457315 4.26813199886909 4.38217776162284 3.88499593734741 3.457311298166 3.11445869718279 2.99592242922102 2.57448225754958 2.38461301418451 2.30275143109835 2.2858464206968 1.97350343832603 1.9855533517324 1.96552385275181 1.94766820852573 1.95181128611931 1.95737371994899 2.11207243374416 2.01022032132516 2.05778826658542 2.45768012319292 2.43828837688153 2.21424373984337 2.99996387958527 2.9821194593723 3.34689295291901 3.71946705015082 6.18419684247768 -9999 -9999 -9999 -9999 -9999 -9999 -9999 -9999 -9999 -9999 -9999 -9999 -9999 -9999 -9999 -9999 -9999 -9999 -9999 -9999 -9999 -9999 -9999 -9999
-9999 -9999 -9999 -9999 4.20692316815257 4.76152168214321 4.88789771153377 4.73555200833541 5.9301922917366 4.2659884599539 4.10841363209945 4.27537940229688 3.88535274778094 3.47706357070378 3.16605139630181 2.97178622654506 2.95603289774486 2.57450368574687 2.41860018457685 2.30444179262434 2.12035522290638 1.95502965790885 1.85375850017254 1.63730661571026 1.59571351110935 1.93656778335571 2.13203349021765 2.22637532307551 2.24897926128828 2.19428443908691 2.291015625 2.32636874914169 2.44840317964554 2.46828299760818 3.52278486319951 3.64928095681327 5.79281669855118 -9999 -9999 -9999 -9999 -9999 -9999 -9999 -9999 -9999 -9999 -9999 -9999 -9999 -9999 -9999 -9999 -9999 -9999 -9999 -9999 -9999 -9999 -9999 -9999 -9999
-9999 43.7223487299914 4.57141180192271 3.24451002653907 5.02624759197235 4.63640232269581 4.71728275372432 4.65925600895515 4.19096148931063 4.18651751109532 4.0367568561009 3.9374680178506 3.70137303216117 3.44750013521739 3.27979907819203 2.97964257001877 2.54484274557659 2.48668203183583 2.38478927952903 2.21117699146271 2.04638965640749 2.15215569734573 1.84674936532974 1.80104550719261 8.56385931372643 2.13287104093111 1.98056477308273 2.08281004428864 2.14121854305267 2.4432637989521 2.51967233419418 2.56369158625603 2.63479694724083 2.532660394907 7.80389589848726 7.57178202542392 -9999 -9999 -9999 -9999 -9999 -9999 -9999 -9999 -9999 -9999 -9999 -9999 -9999 -9999 -9999 -9999 -9999 -9999 -9999 -9999 -9999 -9999 -9999 -9999 -9999 -9999
5.35695235133171 5.66263346672058 4.19202511310577 4.76266028483709 5.23858039195721 4.7998633476404 4.64604685856746 4.82656425696153 4.39786527707027 4.34468502264756 3.92205553395408 3.50431021622249 3.4866977589471 3.2908428311348 2.97271197182792 2.53617606844221 2.38635548523494 2.21585655212402 2.13574009282248 2.03660955599376 2.08335892643247 2.07567485741207 2.17379057407379 2.37892600206228 2.09675431251526 2.15689122676849 2.18431198596954 2.22097384929657 2.33472409844398 2.75679078698158 2.77991732954979 3.12933075428009 2.68181937932968 -9999 -9999 -9999 -9999 -9999 -9999 -9999 -9999 -9999 -9999 -9999 -9999 -9999 -9999 -9999 -9999 -9999 -9999 -9999 -9999 -9999 -9999 -9999 -9999 -9999 -9999 -9999 -9999 -9999
7.04140216112137 6.73307275772095 5.65884249026959 5.29533901581397 4.82467056237734 4.92116494362171 4.72306380822108 4.10352139289563 4.20723432760972 3.98760363688836 3.54202590669904 3.39058884552547 3.55621954372951 3.27805582114628 2.79721217496055 2.75109095232827 2.2033742410796 2.04036602803639 1.88097259173026 1.85199333154238 2.02012469938823 1.9762144446373 2.06426260471344 2.0247086584568 2.08367058634758 2.17039650678635 2.31046164035797 2.38954085111618 2.84033095836639 3.06897854804993 4.25677447659629 4.71817936216082 4.03635560549223 8.97565328616362 7.50540351867676 6.59177348108003 -9999 -9999 -9999 -9999 -9999 -9999 -9999 -9999 -9999 -9999 -9999 -9999 -9999 -9999 -9999 -9999 -9999 -9999 -9999 -9999 -9999 -9999 -9999 -9999 -9999 -9999
5.70738623692439 5.17642285273625 4.95998722314835 4.95561545628768 5.13785895934472 4.53406996910389 3.99049621361953 3.86219174128312 3.71804569448744 3.59767193453652 3.57424552100045 3.2824798311506 3.30248785870416 2.93600617136274 2.77175854785102 2.57488001244409 1.81441482475826 1.84501132139793 1.9110560967372 1.9430757027406 1.85348907709122 2.0298446059227 2.29515676315014 2.55454758497385 2.62411225759066 2.23192048072815 2.37647473812103 2.60570177435875 3.65777478768275 4.35873752832413 5.93612150192261 -9999 -9999 -9999 -9999 -9999 -9999 -9999 -9999 -9999 -9999 -9999 -9999 -9999 -9999 -9999 -9999 -9999 -9999 -9999 -9999 -9999 -9999 -9999 -9999 -9999 -9999 -9999 -9999 -9999 -9999 -9999
5.21665424108505 5.24512839317322 5.26156953664926 4.70571236427014 4.57207230421213 4.37854985090402 4.15434328409342 3.96267328812526 4.35502288891719 4.40599337645939 3.2534281866891 2.84997168609074 2.84552517107555 2.67272559234074 2.40680715015956 1.77202261345727 1.80827126332692 1.78840881586075 2.03282520862726 2.10396168323664 2.13717918736594 2.41261078630175 2.55720755032131 2.58343903376506 3.08273603234972 2.46390143036842 2.51491874456406 3.68115821305443 4.48418891429901 4.7911954164505 4.38129937648773 4.11774237155914 -9999 -9999 -9999 -9999 -9999 -9999 39.5558554663587 12.6942715644836 -9999 -9999 -9999 -9999 -9999 -9999 -9999 -9999 -9999 -9999 -9999 -9999 -9999 -9999 -9999 -9999 -9999 -9999 -9999 -9999 -9999 -9999
4.96996128559113 4.92583572864532 4.93102580308914 4.79933512210846 4.74225932045987 4.74700746169457 5.23610007762909 4.10917991858262 4.16933742591313 3.44048140730177 2.57779051576342 2.12032400710242 2.09623281444822 2.18967941829136 1.97547469139099 1.84475487470627 1.84396280050278 1.89910182127586 2.04451976372645 2.32293454500345 2.63384010110583 2.54380036251886 2.72065155846732 2.90469496250153 3.07979346513748 3.50845405634712 3.51653968586641 3.74715464115143 4.21958919933864 4.02517262526921 4.23878168450655 3.42093944549561 -9999 -9999 -9999 -9999 -9999 -9999 -9999 -9999 -9999 -9999 -9999 -9999 -9999 -9999 -9999 -9999 -9999 -9999 -9999 -9999 -9999 -9999 -9999 -9999 -9999 -9999 -9999 -9999 -9999 -9999
-9999 -9999 -9999 -9999 -9999 4.32076436594913 4.26465618610382 4.14995133876801 4.03182072298867 2.14952927827835 1.79842874407768 1.74949318170547 1.95673592601504 2.0083333509309 1.7997097671032 1.82002980709076 1.90376104627337 2.10847648748985 2.16970402919329 2.45368225233895 2.54536815200533 2.78286118166787 2.85004202127457 3.2414187669754 3.49426531791687 4.43409992694855 -9999 -9999 -9999 -9999 -9999 -9999 -9999 -9999 -9999 -9999 -9999 -9999 -9999 -9999 -9999 -9999 -9999 -9999 -9999 -9999 -9999 -9999 -9999 -9999 -9999 -9999 -9999 -9999 -9999 -9999 -9999 -9999 -9999 -9999 -9999 -9999
-9999 -9999 -9999 -9999 -9999 -9999 3.83351737260818 3.22460326552391 2.42961752414703 1.79119080305099 1.61437913775444 1.70891886949539 1.9273866713047 2.02030895437513 1.85250180959702 2.21124093021665 2.1469601563045 2.30677304097584 2.37172163384301 2.55558300018311 2.74407139420509 2.95170407295227 3.09811316728592 3.07791409841398 -9999 -9999 -9999 -9999 -9999 -9999 -9999 -9999 -9999 -9999 -9999 -9999 -9999 -9999 -9999 -9999 -9999 -9999 -9999 -9999 -9999 -9999 -9999 -9999 -9999 -9999 -9999 -9999 -9999 -9999 -9999 -9999 -9999 -9999 -9999 -9999 -9999 -9999
