EcologicalScience/Bass/data/rs_data_bass/chl_325.asc
NCOLS 226 
NROWS 124 
XLLCORNER -9.41648524995501 
YLLCORNER 47.587301625531 
CELLSIZE 0.0833 
NODATA_value -9999 
[rows 0 to 26 of 124, columns 62 to 123 of 226]
-9999 -9999 -9999 -9999 -9999 -9999 -9999 -9999 -9999 -9999 -9999 -9999 -9999 -9999 -9999 -9999 -9999 -9999 -9999 -9999 -9999 -9999 -9999 -9999 -9999 -9999 -9999 -9999 -9999 -9999 -9999 -9999 -9999 -9999 -9999 -9999 -9999 -9999 -9999 -9999 -9999 -9999 -9999 -9999 -9999 -9999 -9999 -9999 -9999 -9999 -9999 -9999 -9999 -9999 -9999 -9999 -9999 -9999 -9999 -9999 -9999 -9999
-9999 -9999 -9999 -9999 -9999 -9999 -9999 -9999 -9999 -9999 -9999 -9999 -9999 -9999 -9999 -9999 -9999 -9999 -9999 -9999 -9999 -9999 -9999 -9999 -9999 -9999 -9999 -9999 -9999 -9999 -9999 -9999 -9999 -9999 -9999 -9999 -9999 -9999 -9999 -9999 -9999 -9999 -9999 -9999 -9999 -9999 -9999 -9999 -9999 -9999 -9999 -9999 -9999 -9999 -9999 -9999 -9999 -9999 -9999 -9999 -9999 -9999
-9999 -9999 -9999 -9999 -9999 -9999 -9999 -9999 -9999 -9999 -9999 -9999 -9999 -9999 -9999 -9999 -9999 -9999 -9999 -9999 -9999 -9999 -9999 -9999 -9999 -9999 -9999 -9999 -9999 -9999 -9999 -9999 -9999 -9999 -9999 -9999 -9999 -9999 -9999 -9999 -9999 -9999 -9999 -9999 -9999 -9999 -9999 -9999 -9999 -9999 -9999 -9999 -9999 -9999 -9999 -9999 -9999 -9999 -9999 -9999 -9999 -9999
-9999 -9999 -9999 -9999 -9999 -9999 -9999 -9999 -9999 -9999 -9999 -9999 -9999 -9999 -9999 -9999 -9999 -9999 -9999 -9999 -9999 -9999 -9999 -9999 -9999 -9999 -9999 -9999 -9999 -9999 -9999 -9999 -9999 -9999 -9999 -9999 -9999 -9999 -9999 -9999 -9999 -9999 -9999 -9999 -9999 -9999 -9999 -9999 -9999 -9999 -9999 -9999 -9999 -9999 -9999 -9999 -9999 -9999 -9999 -9999 -9999 -9999
-9999 -9999 -9999 -9999 -9999 -9999 -9999 -9999 -9999 -9999 -9999 -9999 -9999 -9999 -9999 -9999 -9999 -9999 -9999 -9999 -9999 -9999 -9999 -9999 -9999 -9999 -9999 -9999 -9999 -9999 -9999 -9999 -9999 -9999 -9999 -9999 -9999 -9999 -9999 -9999 -9999 -9999 -9999 -9999 -9999 -9999 -9999 -9999 -9999 -9999 -9999 -9999 -9999 -9999 -9999 -9999 -9999 -9999 -9999 -9999 -9999 -9999
-9999 -9999 -9999 -9999 -9999 -9999 -9999 -9999 -9999 -9999 -9999 -9999 -9999 -9999 -9999 -9999 -9999 -9999 -9999 -9999 -9999 -9999 -9999 -9999 -9999 -9999 -9999 -9999 0.63735419511795 1.19195714234001 1.67499598860741 1.26299833506346 1.8558976650238 1.82616377928678 1.56709207156125 1.44447068957721 1.2666569194373 1.1892619097934 1.28235219681964 1.38684502243996 0.661340497434139 0.661857155462106 0.616508702437083 0.610904956857363 0.545728695889314 0.542872027804454 0.563860629995664 0.574235822786303 0.567697133649798 0.547553253524444 0.524920206516981 0.519937889029582 0.557359943495077 0.523111418766134 0.514365705497125 0.519402255030239 0.53951089434764 0.556819068158374 0.535174580181346 0.50784940754666 0.517521250773879 0.525851124349762
-9999 -9999 -9999 -9999 -9999 -9999 -9999 -9999 -9999 -9999 -9999 -9999 -9999 -9999 -9999 -9999 -9999 -9999 -9999 -9999 -9999 -9999 -9999 -9999 -9999 -9999 1.18186515569687 1.0627324283123 2.55614532530308 2.38940343260765 2.05014842748642 1.74122136086226 1.95909605920315 1.91691208236358 1.72131492460475 1.57884318688337 1.61616543110679 1.48444258816102 1.70291422395145 0.714189800123374 0.724572206536929 0.709107421338558 0.634803093531553 0.637150110567317 0.593404930304078 0.63350152472655 0.631702020764351 0.576690427958965 0.534147341461743 0.520401380517904 0.480137699667145 0.55822786425843 0.509778128316005 0.508285749703646 0.525901181732907 0.535433076760348 0.543555981096099 0.64155239807932 0.549496229957132 0.56142050290809 0.589117463897256 0.661244951626834
-9999 -9999 -9999 -9999 -9999 -9999 -9999 -9999 -9999 -9999 -9999 -9999 -9999 -9999 -9999 -9999 -9999 -9999 -9999 -9999 -9999 -9999 -9999 -9999 -9999 -9999 1.18186515569687 2.4664583325386 2.29588273763657 2.01960461139679 1.75202952623367 2.88898904323578 2.36137340068817 2.17597601694219 0.844823151826859 0.78598607579867 0.763102978467941 0.719841656585534 0.710433897872766 0.714784666895866 0.723994165658951 0.727333324520211 0.720600190262 0.684395457307498 0.655376424392064 0.644318995376428 0.610054870446523 0.555243869622548 0.561442380150159 0.527844086289406 0.550476998090744 0.569554906557588 0.493587197115024 0.548950468792635 0.550941017620704 0.548912749570959 0.523918782671293 0.512525660296281 0.56588950753212 0.553211794180029 0.659827605674141 0.708558976650238
-9999 -9999 -9999 -9999 -9999 -9999 -9999 -9999 -9999 -9999 -9999 -9999 -9999 -9999 -9999 -9999 -9999 -9999 -9999 -9999 -9999 -9999 -9999 -9999 -9999 -9999 1.74751780501434 2.55286083221436 1.71456375718117 1.35489117912948 1.20026738382876 1.07680953294039 1.01857711561024 0.978372802957892 0.882550276815891 0.817071095108986 0.722848579287529 0.735443356136481 0.75336175908645 0.79224471654743 0.73515859246254 0.726037609080474 0.730643939815069 0.732298816243807 0.721125877955381 0.632251704732577 0.621791653335094 0.61228354771932 0.598965227603912 0.54556542262435 0.512065779417753 0.593523163129302 0.610523648121778 0.618634640293963 0.532431884358327 0.5253361624976 0.516170949985584 0.608528568464167 0.613824019537253 0.637846251620966 0.632569691714118 0.606792532345828
-9999 -9999 -9999 -9999 -9999 -9999 -9999 -9999 -9999 -9999 -9999 -9999 -9999 -9999 -9999 -9999 -9999 -9999 -9999 -9999 -9999 -9999 -9999 -9999 -9999 1.19121462106705 2.10703020170331 2.12096718326211 1.67061610333622 1.61775787174702 1.40330571122468 1.13769739866257 0.993168281391263 0.850464949384332 0.853721251711249 0.840179784223437 0.848765976727009 0.841084185987711 0.813706682994962 0.788312215358019 0.768904577940702 0.750588973984122 0.740516742691398 0.770366117358208 0.718167075339486 0.650960518156781 0.648414397064377 0.666606182561201 0.667757031672141 0.658377091674244 0.664761524866609 0.674752995371819 0.678318227038664 0.653802095090642 0.691165415864242 0.684438299191626 0.609382021076539 0.585300078286844 0.607085997567457 0.657410723321578 0.65254164092681 0.618455860544654
-9999 -9999 -9999 -9999 -9999 -9999 -9999 -9999 -9999 -9999 -9999 -9999 -9999 -9999 -9999 -9999 -9999 -9999 -9999 -9999 -9999 -9999 -9999 -9999 -9999 1.79109931342742 1.98410405832178 2.0462012098116 1.95728599280119 1.65131109394133 1.46222672984004 1.25039737857878 1.05962896160781 0.884183887392282 0.914036817848682 0.901339491829276 0.892159480601549 0.840105844661593 0.812051743268967 0.814060321077704 0.802381429821253 0.792020939290524 0.779825834557414 0.756301081739366 0.723841010592878 0.716524961094062 0.724914968013763 0.696028929422883 0.700061607010224 0.6857929808252 0.655179696048007 0.652345771298689 0.651683996705448 0.638994699891876 0.693046458457646 0.709915590913672 0.65512923633351 0.59028523459154 0.609704554080963 0.591862144715646 0.667869077009313 0.695642331067254
-9999 -9999 -9999 -9999 -9999 -9999 -9999 -9999 -9999 -9999 -9999 -9999 -9999 -9999 -9999 -9999 -9999 -9999 -9999 -9999 -9999 -9999 -9999 -9999 1.31647038459778 2.27477573230863 2.04384863376617 1.57542235404253 1.41208661533892 1.42496408522129 1.28280049748719 1.05896513722837 0.937895514070988 0.956733763217926 0.950079403817654 0.900613814592361 0.875226527452469 0.838070193305612 0.822898551821709 0.819305514916778 0.808939447626472 0.824525563046336 0.796891646459699 0.777152295224369 0.760037750937045 0.738431448116899 0.75544652185942 0.780563404162725 0.741152219474316 0.703137837350368 0.677642827232679 0.640839999212938 0.634920766248423 0.608644579263294 0.639337914685408 0.589430617058978 0.609363187761868 0.596430136000409 0.585143453058074 0.567620021455428 0.595330317230786 0.575340778512113
-9999 -9999 -9999 -9999 -9999 -9999 -9999 -9999 -9999 -9999 -9999 -9999 -9999 -9999 -9999 -9999 -9999 -9999 -9999 -9999 -9999 -9999 -9999 1.50594073534012 1.85911831632257 1.94740655645728 1.65497402474284 1.37741678394377 1.250328714028 1.19276863150299 1.10239398479462 0.993297267705202 0.982489110901952 0.98020938411355 0.982038812711835 0.88662944175303 0.872473251074553 0.83796838670969 0.836305232718587 0.839720483869314 0.81573935598135 0.805507248267531 0.772163797169924 0.765950247645378 0.740393900312483 0.733965329825878 0.708999808877707 0.676989337100702 0.679853725959273 0.668615154483739 0.664582463748315 0.657943715067471 0.667344481629484 0.688608716515934 0.695522273288054 0.67787691950798 0.683480911395129 0.665875538307078 0.63247451273834 0.600380993064712 0.608521621016895 0.560614417580997
-9999 -9999 -9999 -9999 -9999 -9999 -9999 -9999 -9999 -9999 -9999 -9999 -9999 -9999 -9999 -9999 -9999 -9999 -9999 -9999 -9999 -9999 7.43747253601368 2.26740784943104 2.0945787280798 1.67508159577847 1.50751548819244 1.31139079481363 1.18987762369215 1.1274731028825 1.08461596257985 1.06118125654757 1.01422087289393 0.990484815090895 0.960343860089779 0.879150168970227 0.885516028851271 0.876097720116377 0.862946966663003 0.860736574977636 0.83687106706202 0.811533166095614 1.44901082515717 0.747088654898107 0.734785026870668 0.730327874422073 0.710034529678524 0.668483329005539 0.643979913555086 0.656525121015661 0.657178136355737 0.651438256396967 0.659133040729691 0.651970385628588 0.667771081714069 0.702128769720302 0.637305797022932 0.631978204145151 0.62562520802021 0.457870724145323 0.622025770299575 0.609164925182567
-9999 -9999 -9999 -9999 -9999 -9999 -9999 -9999 -9999 -9999 -9999 -9999 -9999 -9999 -9999 -9999 -9999 -9999 -9999 -9999 2.64602583646774 2.18666806418628 1.89078478018443 1.99206012487411 1.93950864672661 1.56306696496904 1.42325511015952 1.38351670838892 1.28849425725639 1.19598819315434 1.110560528934 1.0820005517453 1.06460148654878 1.04059130139649 0.963015038520098 0.90983422100544 0.919190699234605 0.875686230137944 0.85198350995779 0.81049127317965 0.795705053955317 0.785293020308018 0.793798863887787 0.778423564508557 0.753975391387939 0.732830724678934 0.701485510915518 0.684952296316624 0.671310799196362 0.663953544571996 0.663267748430371 0.614785967504277 0.590489424326841 0.609135381439153 0.633949076135953 0.62995309426504 0.633877644644064 0.640290824805989 0.648492068052292 0.651235468247358 0.664126680177801 0.453101210296154
-9999 -9999 -9999 -9999 -9999 -9999 -9999 -9999 -9999 -9999 -9999 -9999 -9999 -9999 -9999 -9999 -9999 -9999 -9999 -9999 2.27255532403214 2.18757155165076 1.92717798948288 1.79932712316513 1.92667916573976 1.72455114126205 1.42158943600953 1.27649233862758 1.23604421317577 1.17119675315917 1.10762203484774 1.10670445673168 1.10151255503297 1.07645259797573 1.03306816332042 0.969635741785169 0.940116500481963 0.912738516926765 0.866164237260818 0.830868730321527 0.782168129459023 0.767981261014938 0.753447194583714 0.736593374982476 0.741100595332682 0.735716155730188 0.730373673141003 0.714314918965101 0.689759166911244 0.676300375722349 0.667566575109959 0.672693000175059 0.662712704390287 0.643998133018613 0.522941244437414 0.604105671539026 0.628987761981347 0.622116342186928 0.633018761873245 0.621779306846506 0.631199966458713 0.579153846949339
-9999 -9999 -9999 -9999 -9999 -9999 -9999 -9999 -9999 -9999 -9999 -9999 -9999 -9999 -9999 -9999 -9999 -9999 -9999 2.41721644252539 2.47798805683851 1.8973112821579 1.74888632297516 1.57315554618835 1.82400259003043 1.77070920914412 1.60050673596561 1.28138815797865 1.18339190818369 1.09507453814149 1.09085768647492 1.08109756372869 1.08782134205103 1.063545640558 1.04492921568453 1.04914490506053 0.950309196487069 0.968296615406871 0.942056788131595 0.867688145488501 0.821879865601659 0.785391865298152 0.789884408935905 0.793361043557525 0.764543241821229 0.735094495117664 0.728099981322885 0.707334998063743 0.693030802533031 0.675595502369106 0.663483431562781 0.657377120107412 0.650426010601223 0.637077877297997 0.64340272732079 0.59088849495439 0.556241946185336 0.582120535128257 0.596849199603586 0.578196978744339 0.573840122012531 0.562221794443972
-9999 -9999 -9999 -9999 -9999 -9999 -9999 -9999 -9999 -9999 -9999 -9999 -9999 -9999 -9999 -9999 -9999 -9999 4.09470116347075 2.98278576135635 2.37653627246618 2.11732181534171 1.9631121866405 1.78656708262861 1.73953810706735 1.68008150160313 1.5708309262991 1.27140447311103 1.11682659946382 1.08988306112587 1.10953693650663 1.12844201736152 1.07356322184205 1.05243726633489 1.06747342273593 1.04838724806905 1.0003459956497 1.00534888543189 0.969665005803108 0.859360668808222 0.805098513141274 0.752763440832496 0.755097183398902 0.757864692248404 0.759929842315614 0.741675931960344 0.704529228620231 0.71086105518043 0.700233899988234 0.684552669525146 0.662426481954753 0.652792302891612 0.626531735993922 0.613139259628952 0.607179005630314 0.601609409786761 0.636805946336073 0.58812401312239 0.576039212591508 0.586575450266109 0.536400738884421 0.492661157157272
-9999 -9999 -9999 -9999 -9999 -9999 -9999 -9999 -9999 -9999 -9999 -9999 -9999 -9999 -9999 -9999 -9999 29.6612088666486 7.26503254473209 3.93725074455142 2.55337620973587 2.20590870380402 1.87918592691422 1.36298773884773 1.57789367437363 1.56278553418815 1.52763331867754 1.41562064923346 1.11731903068721 1.09165620245039 1.11873971857131 1.12263868376613 1.04327881895006 1.05489814840257 1.06185287609696 1.07166260294616 1.01386962644756 0.537005890692983 0.502101733216218 0.489982644362109 0.466222394789968 0.773710777983069 0.778018472716212 0.766814201138914 0.755555994808674 0.762827203609049 0.753904868848622 0.734853079542518 0.703339294530451 0.685038185678422 0.663197617046535 0.614566954784095 0.593224592506886 0.593349854461849 0.598766905255616 0.604415961541235 0.566835693083704 0.535463918466121 0.54628228303045 0.591686425840154 0.564888267832644 0.542366768507397
-9999 -9999 -9999 -9999 -9999 -9999 -9999 -9999 -9999 -9999 -9999 -9999 -9999 -9999 -9999 -9999 -9999 -9999 -9999 3.51833756268024 2.35186241865158 2.09327636957169 1.74788155555725 1.39055662155151 1.64697211235762 1.59722979739308 1.91018035635352 1.62378901988268 1.21852682903409 1.16314936056733 1.15131304040551 1.11415517516434 0.554373621940613 1.04092142544687 0.995703538879752 0.963101154193282 0.955048810690641 0.87647844851017 0.798748154193163 0.777931144461036 0.763069862499833 0.770215932279825 0.757129406556487 0.771417014300823 0.762703478336334 0.770507315173745 0.744505609385669 0.727723041549325 0.707547887228429 0.705113388597965 0.676147006452084 0.637788662686944 0.607546348124743 0.611830173991621 0.606983950361609 0.606283407658339 0.574107410386205 0.540473216213286 0.511232392396778 0.515032705385238 0.529999653808773 0.545078057795763
-9999 -9999 -9999 -9999 -9999 -9999 -9999 -9999 -9999 -9999 -9999 -9999 -9999 -9999 -9999 3.9254215815488 3.22000287879597 2.74248568341136 4.37043809890747 2.67357127666473 2.12385312318802 2.00785961151123 2.17435834184289 2.08346757106483 1.89607850275934 1.79632100112298 1.74514207068612 1.58475074730814 1.55925129912794 1.40181075409055 1.34414516575634 1.25214106030762 1.23753999732435 1.12227408215404 1.0342743974179 0.963442387059331 0.936982657760382 0.890478299930692 0.808561753481627 0.786119151860476 0.785707203671336 0.77649705670774 0.763485847972333 0.765658504329622 0.771604036912322 0.773734526708722 0.779378771781921 0.702923775650561 0.679918818175793 0.651352643966675 0.639281767420471 0.619967141188681 0.627205652184784 0.625066308304667 0.61336269043386 0.586391916498542 0.574603015556931 0.551949706859887 0.546477433294058 0.540302664041519 0.530156305991113 0.593193571083248
-9999 -9999 -9999 -9999 -9999 -9999 -9999 -9999 -9999 -9999 35.2986888885498 35.2986888885498 13.7248649597168 3.83633448048071 3.23247508783089 3.57993296161294 3.62158621475101 6.10714812278748 3.7537761926651 3.45173639059067 3.2194128446281 2.76925101131201 2.47316728904843 2.19104707986116 1.98240920725991 1.95112446695566 1.59345334768295 1.53833679109812 1.57202753599952 1.52055149339139 1.59651787765324 1.59134057164192 1.2683824505657 1.12835418060422 1.06451696902514 1.01935595646501 0.96796103194356 0.878376021981239 0.814517749473453 0.785804942250252 0.790131831541657 0.782184083014727 0.774391220882535 0.756532335653901 0.744988828897476 0.729424858465791 0.736189403571188 0.699472024105489 0.67217040527612 0.677099050953984 0.662895709276199 0.658049150370061 0.647270073182881 0.620473355054855 0.6189298722893 0.60425484739244 0.565746056847274 0.554052173160017 0.57458348851651 0.579576892778277 0.615222609601915 0.559352570213377
-9999 -9999 -9999 -9999 -9999 -9999 -9999 -9999 -9999 -9999 35.2986888885498 7.39148426055908 6.9043947905302 4.65072747319937 4.54227586090565 3.67954698380302 5.01737574619405 6.82894492149353 4.2613288022504 5.25832276684897 3.73753575235605 3.1859163120389 1.77546882629395 1.66721138954163 1.64059396982193 1.88114741072059 1.55580326318741 1.94811916351318 2.38949500769377 2.01809506731875 1.76928139105439 1.46672369353473 1.11887098476291 1.0035912450403 1.06391204707325 1.02133404649794 0.97970731370151 0.92475339397788 0.609628663531372 0.594291224011353 0.569121202187879 0.598369344004563 0.542543400611196 0.503862264965262 0.726272494532168 0.715399447828531 0.709106538444757 0.735847363248467 0.73557804711163 0.72825122717768 0.656229975633323 0.65123749896884 0.634217577986419 0.59987466596067 0.608016229234636 0.623837286606431 0.603922848589718 0.613459087908268 0.62200444098562 0.607521372847259 0.589392358437181 0.577372161671519
-9999 -9999 -9999 -9999 -9999 -9999 -9999 -9999 -9999 -9999 -9999 -9999 4.29586977749081 5.18658802726052 5.49513137340546 6.18636585318524 -9999 -9999 -9999 -9999 -9999 -9999 3.04680190980434 3.44128812476993 2.46141113340855 2.33832415938377 2.44184981659055 1.7467361278832 1.98259859159589 2.22465656138957 1.90685077942908 1.69505329616368 1.23871217854321 1.16547333821654 1.25958635285497 1.16377377323806 0.661650017968246 0.619159647396633 0.626813557531152 0.614988528192043 0.608806534537247 0.593698669757162 0.566660530865192 0.557314175580229 0.544746231819902 0.547496789268085 0.703446244820952 0.72118519898504 0.677924961782992 0.64257441367954 0.626358507201076 0.553300724364817 0.554629554972053 0.569842684082687 0.601683044806123 0.612063327804208 0.651667655445635 0.681799594312906 0.679978444240987 0.645685270428658 0.677728207781911 0.653386674821377
-9999 -9999 -9999 -9999 -9999 -9999 -9999 -9999 -9999 -9999 -9999 -9999 -9999 16.6274771690369 16.6274771690369 16.6274771690369 -9999 -9999 -9999 -9999 -9999 -9999 4.94490551948547 4.94490551948547 4.94490551948547 0.308659605681896 3.41381848454475 2.96111932396889 2.48120997659862 1.96371805854142 1.75276894681156 1.19987339207104 1.27739423300539 1.20860695838928 1.6345511265099 0.82367245214326 0.681157590023109 0.658579172832625 0.627912816192423 0.618224878396307 0.636768898793629 0.644287928938866 0.650981186756066 0.637245632708073 0.609595305153302 0.563021558736052 0.579202393335955 0.585472465625831 0.556581693036216 0.538792768759387 0.876488266512752 0.799064051359892 0.618120982311666 0.595325533300638 0.602288212627172 0.643812473863363 0.744337795302272 0.767524302005768 0.721619476564229 0.70918648224324 0.709370294585824 0.73416361771524
-9999 -9999 -9999 -9999 -9999 -9999 -9999 -9999 -9999 -9999 -9999 -9999 -9999 -9999 -9999 -9999 -9999 -9999 -9999 -9999 -9999 -9999 -9999 -9999 -9999 -9999 33.5063888728619 3.37680932879448 3.3022916726768 2.43668061867356 2.00085300765932 1.46898170241288 1.29485985849585 1.02569313985961 0.911510556936264 0.931247553655079 1.56132668070495 0.639785470707076 0.665281246815409 1.41314387507737 0.672588922083378 0.680972878422056 0.700211032160691 0.680168346634933 0.680532252149923 0.650959834456444 0.621774762868881 0.574017098971776 0.556877473635333 0.526796036532947 1.43424715753645 1.17294198274612 0.863109958358109 0.732391526922584 0.665909453295171 0.737921222113073 0.755125600844622 0.751243402250111 0.733124328777194 0.775333142839372 0.764180031605065 0.838542046956718
-9999 -9999 -9999 -9999 -9999 -9999 -9999 -9999 -9999 -9999 -9999 -9999 -9999 -9999 -9999 -9999 -9999 -9999 -9999 -9999 -9999 -9999 -9999 -9999 -9999 -9999 -9999 3.21189404617656 2.58478676017962 3.01468059048057 2.5175872631371 2.25589195266366 1.50588306146009 1.25671314980303 1.31398439833096 1.27331128503595 1.09179533805166 1.06917319766113 0.86222462781838 0.651855609246663 0.62899205407926 0.618925215942519 0.669336312583515 0.701705210975238 0.71926629117557 0.687302898083414 1.95146300084889 2.5035767974332 0.615436335759504 0.579782686063222 1.69011657312512 0.868954975157976 0.812039505690336 0.74552206043154 0.733784859068692 0.765267248265445 0.747851734980941 0.77355713211 0.833483043126762 0.975671181455255 0.830693453550339 0.762943563982844
