EcologicalScience/Bass/data/rs_data_bass/chl_51.asc
NCOLS 226 
NROWS 124 
XLLCORNER -9.41648524995501 
YLLCORNER 47.587301625531 
CELLSIZE 0.0833 
NODATA_value -9999 
[rows 81 to 107 of 124, columns 62 to 123 of 226]
3.85158455371857 5.97498106956482 7.6620512008667 7.66205191612244 -9999 -9999 -9999 -9999 -9999 -9999 -9999 -9999 -9999 -9999 -9999 -9999 -9999 -9999 -9999 -9999 -9999 -9999 -9999 -9999 -9999 -9999 -9999 -9999 -9999 -9999 -9999 -9999 -9999 -9999 -9999 -9999 -9999 -9999 -9999 -9999 -9999 -9999 -9999 -9999 -9999 -9999 -9999 -9999 -9999 -9999 -9999 -9999 -9999 -9999 -9999 -9999 -9999 -9999 -9999 -9999 -9999 -9999
-9999 -9999 -9999 -9999 -9999 -9999 -9999 -9999 -9999 -9999 -9999 -9999 -9999 -9999 -9999 -9999 -9999 -9999 -9999 -9999 -9999 -9999 -9999 -9999 -9999 -9999 -9999 -9999 -9999 -9999 -9999 -9999 -9999 -9999 -9999 -9999 -9999 -9999 -9999 -9999 -9999 -9999 -9999 -9999 -9999 -9999 -9999 -9999 -9999 -9999 -9999 -9999 -9999 -9999 -9999 -9999 -9999 -9999 -9999 -9999 -9999 -9999
-9999 -9999 -9999 -9999 -9999 -9999 -9999 -9999 -9999 -9999 -9999 -9999 -9999 -9999 -9999 -9999 -9999 -9999 -9999 -9999 -9999 -9999 -9999 -9999 -9999 -9999 -9999 -9999 -9999 -9999 -9999 -9999 -9999 -9999 -9999 -9999 -9999 -9999 -9999 -9999 -9999 -9999 -9999 -9999 -9999 -9999 -9999 -9999 -9999 -9999 -9999 -9999 -9999 -9999 -9999 -9999 -9999 -9999 -9999 -9999 -9999 -9999
-9999 -9999 -9999 -9999 -9999 -9999 -9999 -9999 -9999 -9999 -9999 -9999 -9999 -9999 -9999 -9999 -9999 -9999 -9999 -9999 -9999 -9999 -9999 -9999 -9999 -9999 -9999 -9999 -9999 -9999 -9999 -9999 -9999 -9999 -9999 -9999 -9999 -9999 -9999 -9999 -9999 -9999 -9999 -9999 -9999 -9999 -9999 -9999 -9999 -9999 -9999 -9999 -9999 -9999 -9999 -9999 -9999 3.39908926991316 3.38324087339899 2.67709949142055 2.56931223994807 2.40337353944778
-9999 -9999 -9999 -9999 -9999 -9999 -9999 -9999 -9999 -9999 -9999 -9999 -9999 -9999 -9999 -9999 -9999 -9999 -9999 -9999 -9999 -9999 -9999 -9999 -9999 -9999 -9999 -9999 -9999 -9999 -9999 -9999 -9999 -9999 -9999 -9999 37.1749906539917 -9999 4.6493393778801 3.27022433280945 -9999 -9999 2.58087558299303 2.29212141036987 2.35196508028928 2.10986039042473 2.45497300475836 1.91604763269424 2.49852721605982 2.60294681436875 2.52584285595838 9.21102276444435 -9999 -9999 -9999 3.05545620541824 2.73600097373128 2.38628374412656 2.52535210177302 2.33204124122858 1.69501125812531 1.55502444505692
-9999 -9999 -9999 -9999 -9999 -9999 -9999 -9999 -9999 -9999 -9999 -9999 -9999 3.7181442714319 1.38016578555107 1.37073151767254 1.22867683321238 0.979763948917389 1.12509450316429 -9999 -9999 -9999 -9999 -9999 -9999 -9999 -9999 -9999 2.35172367095947 2.52235324680805 2.96277867257595 2.62907990342692 -9999 3.66949796676636 -9999 -9999 -9999 -9999 2.65613428875804 2.733966819942 2.24979136621251 2.63424255698919 2.19626083597541 2.27773278951645 2.33132513931819 2.48214886710048 2.17002798244357 2.53693001185145 2.60910167864391 2.6522227866309 2.57823439581054 2.49400238054139 2.50610188926969 2.05162236971014 2.20235313847661 2.36590682342649 1.82776134833694 1.40034781893094 2.70432419862066 2.60540273359844 1.01515871286392 0.722980499267578
-9999 -9999 -9999 -9999 -9999 -9999 -9999 -9999 -9999 -9999 2.3996643225352 1.6216743439436 1.33776153624058 1.29485660791397 1.17977321147919 1.16346748173237 1.20590642094612 1.21571546047926 1.21393691003323 1.39199531078339 -9999 -9999 1.75577208101749 1.91858807381462 1.78826968967915 -9999 -9999 2.18916346159848 2.42566680908203 2.47898626327515 2.23008471727371 2.70621979236603 2.88678985834122 3.12558670341969 -9999 -9999 1.91037976741791 2.411395243236 2.67940807342529 2.55419033765793 2.53581283092499 2.39703422784805 2.09051599502564 2.11724678277969 2.15500870943069 1.94330248832703 1.6645559668541 1.57663869857788 1.56968548893929 1.69297150969505 1.37738773226738 1.38812103867531 1.3845052421093 1.45923972129822 1.29815098643303 1.63295025229454 1.32897073030472 1.51312674582005 0.713716506958008 1.33300040662289 0.639585748314857 0.599939256906509
-9999 -9999 -9999 -9999 -9999 -9999 -9999 -9999 -9999 1.30713003873825 1.36033160984516 1.37412375211716 1.362707644701 1.2831693738699 1.42739812284708 1.38803024590015 1.61655002832413 1.61426661908627 1.67546734213829 1.71066471934319 1.91816996476229 2.93830423057079 2.10738936066628 2.35070300102234 2.45903927087784 2.33043676614761 2.27684631943703 2.11622625589371 2.11383324861526 2.24297052621841 2.37496429681778 2.60284274816513 2.74594080448151 2.9891397356987 3.29948794841766 2.59279614686966 2.56852769851685 2.41002497076988 2.47057228088379 2.33592706918716 2.20136160850525 2.0415456533432 1.47863924503326 1.71878150531224 0.770433783531189 0.747415512800217 0.697286233305931 0.691258504986763 1.07862515534673 0.593316748738289 0.614910766482353 0.626351997256279 0.628590747714043 0.604500755667686 0.58255273103714 0.603777766227722 0.603747770190239 0.573630765080452 0.554093241691589 0.511366501450539 0.542628765106201 0.562178269028664
-9999 -9999 -9999 -9999 -9999 -9999 -9999 -9999 -9999 1.36176261305809 1.29079127311707 1.2702054977417 1.29237630537578 1.43871688842773 1.50079828926495 1.71660827738898 1.66611611098051 1.64992368221283 1.78760173916817 1.83412054181099 1.79971423745155 1.83331614732742 1.98413670063019 1.90401041507721 2.16681426763535 2.10354644060135 2.09766528010368 2.00186222791672 2.07198518514633 2.04109382629395 1.98992347717285 2.2748104929924 2.2977152466774 2.40744149684906 2.6735771894455 2.35853889584541 2.99932330846786 3.16086620092392 2.41285479068756 2.24566669464111 2.09702246189117 1.99311915636063 1.87421386241913 1.76336926221848 1.67271602153778 0.746480271220207 0.651055499911308 0.623923480510712 0.590891987085342 0.558359250426292 0.553030505776405 0.56361597776413 0.549645021557808 0.510421514511108 0.500083521008492 0.502798497676849 0.498467981815338 0.486945748329163 0.491172015666962 0.481077745556831 0.517728745937347 0.548859000205994
-9999 -9999 -9999 -9999 -9999 -9999 -9999 -9999 -9999 1.27641794085503 1.26353868842125 0.831796020269394 0.801635228097439 1.13665777444839 0.816902250051498 0.801485605537891 0.617115139961243 0.766855645179748 0.839964616298675 0.901646554470062 1.75783386826515 1.74958392977715 1.64974975585938 1.60413724184036 1.55249053239822 1.54115319252014 1.39880898594856 1.41323027014732 1.37050724029541 1.36072424054146 1.88573929667473 1.59679505228996 1.65424501895905 1.88358902931213 2.07414752244949 1.88173377513885 2.15873318910599 2.28170442581177 2.16116069555283 1.52766001224518 1.46661525964737 1.37477624416351 1.54078072309494 1.43365901708603 0.840838462114334 0.807991504669189 0.693422242999077 0.628915518522263 0.594173982739449 0.576762735843658 0.567735761404037 0.544283241033554 0.545287504792213 0.528906002640724 0.511225506663322 0.5040652602911 0.502882495522499 0.505500733852386 0.50942699611187 0.518645256757736 0.545059517025948 0.546483770012856
0.858217880129814 0.956973016262054 1.01619976758957 1.06060215644538 -9999 -9999 -9999 2.33919112384319 1.15199757539309 1.39228312671185 0.984727889299393 0.998671866953373 1.00373813509941 1.07400941848755 1.13638573884964 1.11196401715279 0.579477292299271 0.628274247050285 0.607802242040634 0.627549737691879 0.623525261878967 0.620196014642715 0.612284258008003 0.608896493911743 0.648044228553772 0.682423487305641 0.732904493808746 0.879699150721232 0.790578179061413 1.14207711070776 1.20541204512119 1.30496397614479 1.20570972561836 1.36655178666115 1.41285672783852 1.5863835811615 1.61341506242752 1.80667541027069 1.60525506734848 1.42976403236389 1.32381821955953 1.30393897635596 0.710756242275238 0.938658747822046 0.781410723924637 0.736354485154152 0.675410985946655 0.622230738401413 0.585878267884254 0.556734010577202 0.579394519329071 0.578738272190094 0.543769508600235 0.514640271663666 0.519315004348755 0.516471013426781 0.557612255215645 0.560052752494812 0.560067012906075 0.55094401538372 0.508445262908936 0.516802489757538
0.779143497347832 0.837433531880379 0.904532253742218 1.11668928393296 1.31844222545624 1.36152929067612 1.23107232591685 1.17123970160118 0.787197679281235 0.659605906158686 1.08606018126011 0.985861301422119 0.887791492044926 0.730360651016235 0.967168664932251 0.520886991173029 0.592472237348556 0.585966020822525 0.595763236284256 0.5976472645998 0.590054243803024 0.580818772315979 0.583451271057129 0.587253749370575 0.594448506832123 0.596647515892982 0.604451268911362 0.612119257450104 0.656325727701187 0.619749739766121 0.653396263718605 0.675589486956596 0.642089992761612 0.636695265769958 0.630502492189407 1.40317422151566 1.3581435084343 1.37459224462509 1.35771828889847 0.677815496921539 0.700413733720779 0.644024267792702 0.575795263051987 0.540549740195274 0.53438401222229 0.658660501241684 0.5767612606287 0.54245026409626 0.521238729357719 0.516344234347343 0.49626150727272 0.493847250938416 0.503081247210503 0.500133007764816 0.515235006809235 0.52012275159359 0.527639999985695 0.530708983540535 0.527989491820335 0.516540750861168 0.524684250354767 0.545329481363297
0.645898886024952 0.648901127278805 0.698004014790058 0.845068980008364 1.16902774572372 1.19316726922989 0.622085630893707 0.59833750128746 0.598755368962884 0.710176320452439 0.78400330884116 0.887770526111126 0.677476401839938 0.9133317896298 0.457403987646103 0.548997759819031 0.568501487374306 0.578594997525215 0.564649522304535 0.555127501487732 0.540457516908646 0.528527989983559 0.536979004740715 0.554302498698235 0.562188014388084 0.555656254291534 0.548004001379013 0.542002514004707 0.553956001996994 0.557706758379936 0.569015979766846 0.557425484061241 0.549184486269951 0.558055490255356 0.570370495319366 0.60146176815033 0.629433766007423 0.614972993731499 0.607278004288673 0.564996019005775 0.563333988189697 0.5664172321558 0.551993250846863 0.522139504551888 0.504177734255791 0.507599249482155 0.543683230876923 0.537303730845451 0.52657650411129 0.523236751556396 0.519183754920959 0.519278258085251 0.519144728779793 0.503561988472939 0.494878515601158 0.490082234144211 0.549472510814667 0.577530741691589 0.578844755887985 0.57896326482296 0.564959228038788 0.564767986536026
0.476951636373997 0.483360730111599 0.486509241163731 0.505160249769688 0.557014185935259 0.554590314626694 0.72674348950386 0.543612755835056 0.526465080678463 0.608364745974541 0.625998750329018 0.621368571051529 0.849318623542786 0.679674687981606 0.562148228287697 0.558228000998497 0.549494236707687 0.551872506737709 0.552172511816025 0.559404730796814 0.550244987010956 0.554805770516396 0.566858232021332 0.575350508093834 0.581110507249832 0.589916244149208 0.595062732696533 0.556385233998299 0.584036260843277 0.577535256743431 0.574718981981277 0.567539244890213 0.554578498005867 0.559821009635925 0.549048006534576 0.54840150475502 0.556602001190186 0.564824268221855 0.57294899225235 0.580936521291733 0.573493480682373 0.576765730977058 0.553470745682716 0.564152240753174 0.563918977975845 0.56197951734066 0.527246251702309 0.524320498108864 0.514921501278877 0.508203729987144 0.520529240369797 0.53251576423645 0.534894749522209 0.519120007753372 0.514845728874207 0.516255766153336 0.544772252440453 0.574287012219429 0.612053990364075 0.601873487234116 0.64248526096344 0.656789258122444
0.414403505623341 0.409097615629435 0.407620489597321 0.430404011160135 0.456342749297619 0.442050017416477 0.489551763981581 0.434416517615318 0.511344574391842 0.560318246483803 0.564390733838081 0.549840018153191 0.599959759839944 0.59421552504812 0.645647987723351 0.6249870210886 0.580570489168167 0.584881514310837 0.556983768939972 0.536637738347054 0.52640774846077 0.551058769226074 0.57114677131176 0.587000995874405 0.604039505124092 0.613008767366409 0.615464240312576 0.650173500180244 0.683957263827324 0.660951733589172 0.632666990160942 0.619703248143196 0.61301551759243 0.616019234061241 0.627777010202408 0.624359250068665 0.610811993479729 0.623744979500771 0.623862728476524 0.622498512268066 0.618700504302979 0.588732004165649 0.568143010139465 0.569890514016151 0.552589505910873 0.548123270273209 0.537982508540154 0.538943231105804 0.526452764868736 0.530153229832649 0.528086230158806 0.527133733034134 0.53143572807312 0.554880738258362 0.560058742761612 0.600946515798569 0.787827730178833 0.836718767881393 0.890029460191727 0.92401796579361 1.00638824701309 1.06946477293968
0.39571837708354 0.403878763318062 0.40624986961484 0.407907754182816 0.51393224298954 0.509368065744638 0.495265323668718 0.506678126752377 0.543346297528063 0.56230905354023 0.506437495350838 0.545531988143921 0.527315229177475 0.551993250846863 0.5506252348423 0.657667502760887 0.632325768470764 0.584133759140968 0.501145496964455 0.495390728116035 0.493940234184265 0.511789485812187 0.537506997585297 0.560163751244545 0.55697326362133 0.607932731509209 0.621879908256233 0.737135991454124 0.735891759395599 0.717487514019012 0.694869741797447 0.699348762631416 0.690257996320724 0.703170016407967 0.746177986264229 0.765323281288147 0.738488271832466 0.713890492916107 0.724908739328384 0.71289449930191 0.673426508903503 0.629329517483711 0.600059241056442 0.59986723959446 0.587744995951653 0.550337255001068 0.544141486287117 0.552920982241631 0.566580757498741 0.591278985142708 0.593689486384392 0.616547271609306 0.691887751221657 0.80561175942421 0.768332272768021 0.89680802822113 1.20385578274727 1.31233048439026 1.39359596371651 1.38069221377373 1.32371771335602 4.81900349416231
0.397008374333382 0.321886494755745 0.333099760115147 0.336094491183758 0.354249000549316 0.525053516030312 0.515508934855461 0.513999816030264 0.50246975513605 0.475816360116005 0.428283020853996 0.458130732178688 0.478502243757248 0.482542499899864 0.516095235943794 0.562667235732079 0.504456728696823 0.476574003696442 0.487940981984138 0.537968248128891 0.55163848400116 0.558814510703087 0.577920019626617 0.57803401350975 0.663875215686858 0.731949761509895 0.790611773729324 0.833001762628555 0.834293246269226 0.816533982753754 0.832776010036469 0.86252698302269 1.06602528691292 1.14439424872398 1.13844528794289 1.11508575081825 1.0141409933567 0.925071716308594 0.812553763389587 0.748217985033989 0.724381506443024 0.682533010840416 0.635595738887787 0.65328074991703 0.641754761338234 0.596864998340607 0.543125241994858 0.552606761455536 0.578245505690575 0.590691760182381 0.613996490836143 0.769764751195908 1.12022852897644 1.28687703609467 1.37764576077461 1.5110467672348 -9999 -9999 -9999 -9999 -9999 -9999
0.43002787604928 0.426678758114576 0.431312620639801 0.338795989751816 0.373513497412205 0.364661246538162 0.378221243619919 0.378029242157936 0.384216740727425 0.384855732321739 0.384284242987633 0.40377451479435 0.433335766196251 0.424902006983757 0.422463744878769 0.426569983363152 0.452054232358932 0.504987001419067 0.580836743116379 0.613171488046646 0.512409559944097 0.96768126242301 0.626257695257664 0.630206303671002 0.710361734032631 1.19010574221611 1.29174951910973 1.53138304840435 0.971222251653671 1.26620176434517 1.18544545769691 1.30157849192619 1.31996396183968 1.35986924171448 1.44030824303627 1.24945351481438 1.00883549451828 0.94270196557045 0.906473994255066 0.765135705471039 0.736980020999908 0.709117501974106 0.655776768922806 0.668977484107018 0.643468514084816 0.59138023853302 0.574505254626274 0.592092767357826 0.610721245408058 0.795811504125595 0.967221736907959 1.46317353844643 1.6958931684494 1.79204949310848 -9999 -9999 -9999 -9999 -9999 -9999 -9999 -9999
0.33644700050354 0.425714235752821 0.427277628332376 0.36888525635004 0.360454492270947 0.389684244990349 0.392157733440399 0.401535764336586 0.413710489869118 0.421733245253563 0.420189008116722 0.421664983034134 0.408144772052765 0.402403503656387 0.413150265812874 0.447972759604454 0.506398513913155 0.565564513206482 0.603360772132874 0.597849771380424 0.603112488985062 0.603139489889145 0.615557983517647 0.596027294173837 0.637306496500969 0.735930740833282 1.23841005563736 1.23468782305717 0.930582662946299 -9999 -9999 -9999 -9999 -9999 -9999 3.14426672458649 1.12796849012375 0.920630246400833 0.827405244112015 0.761031031608582 0.771592497825623 0.728055015206337 0.701866507530212 0.696990743279457 0.691317021846771 0.762905985116959 0.791894227266312 0.810083985328674 0.873505532741547 1.03444871306419 1.53699445724487 2.06155121326447 2.04110777378082 1.9762424826622 1.97624230384827 -9999 -9999 -9999 -9999 -9999 -9999 -9999
0.381520137190819 0.369839055463672 0.41915587708354 0.357375741004944 0.386069253087044 0.405021741986275 0.409761741757393 0.411158233880997 0.422956511378288 0.422330260276794 0.421753495931625 0.425424009561539 0.424857750535011 0.426383256912231 0.425486996769905 0.44039323925972 0.486839979887009 0.517444521188736 0.583583253622055 0.472098737955093 0.567884266376495 0.604917749762535 0.609785243868828 0.621083244681358 0.621026247739792 0.568716019392014 0.99312083919843 0.864878788590431 0.904757860459779 -9999 -9999 -9999 -9999 -9999 -9999 -9999 1.68817055225372 1.25260573625565 1.07974049448967 0.896546244621277 0.917351245880127 0.912324786186218 0.857960969209671 0.753122985363007 0.775444507598877 0.83295151591301 1.09737977385521 1.18163251876831 1.16772598028183 1.56860482692719 2.33562898635864 2.29427772760391 -9999 -9999 -9999 -9999 -9999 -9999 -9999 -9999 -9999 -9999
0.460771188139915 0.470882458346231 0.476756678095886 0.478743767099721 0.413530513644218 0.421710759401321 0.4245914965868 0.429525017738342 0.435359984636307 0.443268746137619 0.444346502423286 0.447330728173256 0.445432484149933 0.442353755235672 0.439926758408546 0.437860518693924 0.460133984684944 0.519071236252785 0.527907386422157 1.20203322172165 -9999 0.770782509575719 0.715897411108017 0.635972991585732 0.690002247691154 0.765893965959549 0.833391992484822 0.666858002543449 1.23223104602412 -9999 -9999 -9999 -9999 -9999 -9999 -9999 2.22921824455261 2.09333395957947 1.95306444168091 1.39409548044205 1.23545327782631 1.18078646063805 1.15344071388245 1.3065502345562 1.22091302275658 1.12960723042488 1.17311552166939 1.24380370974541 1.31817975640297 1.76307982206345 2.57305204868317 3.09106814861298 2.91076573729515 -9999 -9999 -9999 -9999 -9999 -9999 -9999 -9999 -9999
0.344883541762829 0.465675019792148 0.453345903754234 0.426955506205559 0.429457515478134 0.447051733732224 0.4505804926157 0.44523748755455 0.44724977016449 0.458571016788483 0.482887521386147 0.490617021918297 0.481426522135735 0.46060574054718 0.448667988181114 0.441178500652313 0.479544013738632 0.477392256259918 0.569178408559631 0.580706295721671 0.501689696136643 0.520445886780234 0.435715511441231 0.497892737388611 0.761372208595276 0.72105073928833 0.701635479927063 0.776041477918625 0.926684260368347 0.98122501373291 -9999 -9999 -9999 -9999 -9999 -9999 -9999 52.9934016932612 1.91919675312544 0.931199639058504 1.62983626127243 1.63901102542877 1.90261870622635 2.3417751789093 1.90053606033325 1.91899716854095 2.01149332523346 1.63181018829346 1.61877983808517 2.48406082391739 2.77424329519272 2.60994962453842 3.14662742614746 -9999 -9999 -9999 -9999 -9999 -9999 -9999 -9999 -9999
0.400166228413582 0.402059242129326 0.419071510434151 0.429078742861748 0.445875003933907 0.450023263692856 0.457670241594315 0.492375746369362 0.501930758357048 0.518274754285812 0.539392501115799 0.540717735886574 0.505155757069588 0.461194485425949 0.449977487325668 0.454349264502525 0.473441228270531 0.487475261092186 0.479781746864319 0.473245516419411 0.463524743914604 0.471831008791924 0.437909245491028 0.946479020749821 0.593384250998497 0.645941242575645 0.795678734779358 0.809920459985733 0.965460777282715 1.12943395972252 -9999 -9999 -9999 -9999 -9999 -9999 -9999 -9999 -9999 -9999 -9999 -9999 -9999 -9999 -9999 -9999 3.65490746498108 2.18901979923248 2.25663220882416 10.5400542395455 -9999 -9999 -9999 -9999 -9999 -9999 -9999 -9999 -9999 -9999 -9999 -9999
0.394073233008385 0.400154247879982 0.410769000649452 0.418752014636993 0.449736759066582 0.46450500190258 0.483929246664047 0.536160752177238 0.57574725151062 0.600486740469933 0.566174268722534 0.523274257779121 0.502312481403351 0.476864263415337 0.464162260293961 0.464474245905876 0.460133269429207 0.463092729449272 0.452483251690865 0.450697481632233 0.448263019323349 0.437226757407188 0.444552764296532 0.985653407871723 -9999 -9999 -9999 0.783261001110077 0.760410010814667 0.81343200802803 1.09534952044487 -9999 -9999 -9999 -9999 -9999 -9999 -9999 -9999 -9999 -9999 -9999 -9999 -9999 -9999 -9999 -9999 -9999 -9999 -9999 -9999 -9999 -9999 -9999 -9999 -9999 -9999 -9999 -9999 -9999 -9999 -9999
0.415124237537384 0.399859517812729 0.40227073431015 0.408771738409996 0.442465513944626 0.467879265546799 0.487317010760307 0.542467519640923 0.587814018130302 0.626492232084274 0.618463486433029 0.561969012022018 0.519103512167931 0.472962006926537 0.459570005536079 0.458925738930702 0.463968738913536 0.476814016699791 0.464277014136314 0.457038000226021 0.488286763429642 0.441144749522209 0.466543480753899 0.617933258414268 0.730725020170212 0.763937294483185 0.654866248369217 0.829894512891769 0.861314982175827 0.922005772590637 1.22465622425079 2.27281954139471 -9999 -9999 -9999 -9999 -9999 -9999 -9999 -9999 -9999 -9999 -9999 -9999 -9999 -9999 -9999 -9999 -9999 -9999 -9999 -9999 -9999 -9999 -9999 -9999 -9999 -9999 -9999 -9999 -9999 -9999
0.50934599339962 0.433820977807045 0.423030003905296 0.423719242215157 0.45542174577713 0.479225993156433 0.502997249364853 0.525283500552177 0.623218506574631 0.692081227898598 0.504226734533029 0.645947232842445 0.573394507169724 0.482238739728928 0.453440263867378 0.44480699300766 0.455497518181801 0.469889268279076 0.464007005095482 0.471061483025551 0.486677259206772 0.528930008411407 0.588702008128166 0.570172503590584 0.668592765927315 0.599189981818199 0.644260480999947 0.826273530721664 0.88287752866745 1.21119073033333 1.33948346972466 1.74008629986873 -9999 -9999 -9999 -9999 -9999 -9999 -9999 -9999 -9999 -9999 -9999 -9999 -9999 -9999 -9999 -9999 -9999 -9999 -9999 -9999 -9999 -9999 -9999 -9999 -9999 -9999 -9999 -9999 -9999 -9999
0.424225261807442 0.478224009275436 0.50865375995636 0.497401490807533 0.497468993067741 0.486209258437157 0.544469252228737 0.541280084673096 0.519160409184063 0.542573345934643 0.655015513300896 0.656634762883186 0.627087011933327 0.608671501278877 0.569697752594948 0.523964256048203 0.511271998286247 0.49821974337101 0.49050298333168 0.497544005513191 0.514626771211624 0.567723736166954 0.614744246006012 0.68205526471138 0.732549771666527 0.678461238741875 1.10200163349509 0.844987481832504 0.835415214300156 0.870490461587906 1.55843317508698 -9999 -9999 -9999 -9999 -9999 -9999 -9999 -9999 -9999 -9999 -9999 -9999 -9999 -9999 -9999 -9999 -9999 -9999 -9999 -9999 -9999 -9999 -9999 -9999 -9999 -9999 -9999 -9999 -9999 -9999 -9999
