EcologicalScience/Bass/data/rs_data_bass/chl_44.asc
NCOLS 226 
NROWS 124 
XLLCORNER -9.41648524995501 
YLLCORNER 47.587301625531 
CELLSIZE 0.0833 
NODATA_value -9999 
[rows 84 to 111 of 124, columns 62 to 123 of 226]
-9999 -9999 -9999 -9999 -9999 -9999 -9999 -9999 -9999 -9999 -9999 -9999 -9999 -9999 -9999 -9999 -9999 -9999 -9999 -9999 -9999 -9999 -9999 -9999 -9999 -9999 -9999 -9999 -9999 -9999 -9999 -9999 -9999 -9999 -9999 -9999 -9999 -9999 -9999 -9999 -9999 -9999 -9999 -9999 -9999 -9999 -9999 -9999 -9999 -9999 -9999 -9999 -9999 -9999 -9999 -9999 -9999 3.71140460784619 2.85600894430409 2.60408659044065 2.60176111522474 2.08308349205897
-9999 -9999 -9999 -9999 -9999 -9999 -9999 -9999 -9999 -9999 -9999 -9999 -9999 -9999 -9999 -9999 -9999 -9999 -9999 -9999 -9999 -9999 -9999 -9999 -9999 -9999 -9999 -9999 -9999 -9999 -9999 -9999 -9999 -9999 -9999 -9999 37.1749906539917 -9999 4.28792881965637 3.1614715307951 -9999 -9999 2.65950331091881 2.16915464401245 2.26087080380496 1.87459444999695 1.95214310288429 1.93701982498169 2.08790488754 2.28975066367318 2.20526978899451 5.65540827810764 -9999 -9999 -9999 2.87884708454734 2.33407799899578 2.37352167069912 2.4150328785181 2.28584781289101 1.34736487269402 1.25759696960449
-9999 -9999 -9999 -9999 -9999 -9999 -9999 -9999 -9999 -9999 -9999 -9999 -9999 3.73543735829795 1.62559801340103 1.72715277671814 1.85625337064266 1.91429268121719 1.12509450316429 -9999 -9999 -9999 -9999 -9999 -9999 -9999 -9999 -9999 2.34032401442528 2.69915696382523 2.78091226816177 2.61407316985883 -9999 3.66949796676636 -9999 -9999 -9999 -9999 2.83053244650364 3.13123324513435 2.13946755493388 2.4888536632061 2.1591524630785 2.07269597053528 2.01782586744853 2.03702433407307 1.97327966988087 2.04841830049242 2.00729265383312 2.09360179730824 2.00675051552909 2.06773311751229 2.05764351572309 1.99248422594631 2.02030710875988 2.0764244645834 1.80232317745686 1.58331964413325 2.03445492471967 1.90253164938518 1.08986016649466 1.10627854558138
-9999 -9999 -9999 -9999 -9999 -9999 -9999 -9999 -9999 -9999 2.28349515795708 1.86162260445681 1.62881672924215 1.63921750675548 1.64301652258093 1.66890075802803 1.69395223259926 1.68267821723765 1.70751786231995 1.31509408950806 -9999 -9999 1.59058349132538 1.97410903257482 1.56853146404028 -9999 -9999 2.19178818030791 2.57156789302826 2.29955756664276 2.21208788951238 2.66724928220113 2.2863826751709 2.86769101023674 -9999 -9999 -9999 2.51599901063102 2.92677889267604 2.75192670027415 2.53012659152349 2.2523965438207 1.84567489226659 1.87253886461258 1.92823698123296 1.67138769229253 1.55482430259387 1.43410190939903 1.41087240974108 1.315711637338 1.30122475822767 1.37104735771815 1.44127551714579 1.49322642882665 1.36398233970006 1.30892726778984 1.26161222656568 1.30439376831055 1.11282242970033 1.28691551089287 0.691645671339596 0.735360369086266
-9999 -9999 -9999 -9999 -9999 -9999 -9999 -9999 -9999 1.22938737273216 2.2780669927597 1.67184506763111 1.47088219902732 1.5219051621177 1.5404392182827 1.74490392208099 1.511050760746 1.55445861816406 1.69136559963226 1.7728931705157 1.90211547122282 2.14758553504944 2.07636467615763 2.21335937579473 2.22495510180791 2.1656374335289 2.18829367558161 2.11590192715327 2.10392071803411 2.13173361619314 2.17232533295949 2.33020011583964 2.51357301076253 2.51546663045883 2.90569233894348 2.93687073389689 2.9217543999354 2.85592552026113 2.42173779010773 2.29617098967234 2.12962941328684 1.93210915724436 1.78489190340042 1.6387445529302 1.45140426357587 1.31394100189209 1.25869899988174 1.24552915493647 1.1759726703167 1.10642432173093 0.914259097792886 0.915811235254461 0.923975294286554 0.860899759964509 0.836146434148153 0.823022196690241 0.808850407600403 0.780608574549357 0.783778374845331 0.755097245628183 0.704157540431389 0.737384511874272
-9999 -9999 -9999 -9999 -9999 -9999 -9999 -9999 -9999 1.2504497560171 1.38348089158535 1.29685338586569 1.34809572249651 1.31539636850357 1.50426337122917 1.61151969432831 1.68377403418223 1.71476030349731 1.7721867163976 1.83510647217433 1.89812988042831 1.9981661438942 2.0202069679896 2.08192660411199 1.9161411523819 1.86333650350571 1.81512238581975 1.74787811438243 1.73155868053436 1.73664766550064 1.75039444367091 1.82959781090419 1.97758531570435 2.19318664073944 2.62762230634689 2.72358691692352 2.7534902493159 2.71673721075058 2.40034375588099 2.04893213510513 1.99222871661186 1.89313079913457 1.47213084499041 1.29040549198786 1.21530826886495 1.16737186908722 1.03735150893529 1.06983418265979 1.09211722016335 1.05604590972265 0.824322321198203 0.796211535280401 0.739941304922104 0.760169254107909 0.749922890554775 0.765804062287013 0.735105077425639 0.715095503763719 0.726102842526002 0.746199886907231 0.726070961126914 0.76163747218939
-9999 -9999 -9999 -9999 -9999 -9999 -9999 -9999 -9999 1.38566797971725 1.35444384813309 1.14077787101269 1.06282797083259 1.12052603811026 1.21273683688857 1.18749262527986 1.30050566792488 1.39108317097028 1.61931899189949 1.56542350848516 1.58895399173101 1.60968106985092 1.49203433593114 1.3403968612353 1.20294335484505 1.22759822010994 1.23176501194636 1.25682730476061 1.28946640094121 1.27913641929626 1.2978672683239 1.36904750267665 1.44381914536158 1.59262094895045 1.73112638791402 2.09142518043518 2.131378809611 2.16751970847448 2.07887194554011 1.81632437308629 1.56602948904037 1.30853448311488 1.02759123841921 0.894643853108088 0.899187276760737 0.910147845745087 0.927204981446266 1.10891782424667 0.773651691583487 0.777602954344316 0.769023632461374 0.731535486199639 0.721134822476994 0.727170825004578 0.720968335866928 0.702211228283969 0.706692281094464 0.66314323246479 3.99354459918462 0.72009057035813 0.782934982043046 0.768904862495569
1.43232981725173 1.23393010009419 1.63543615170888 1.59406645596027 -9999 -9999 -9999 2.30570894479752 1.48388354136394 1.54482448101044 0.969558676535433 1.27770911902189 1.25009698420763 1.01266517693346 1.11547708511353 0.934203386306763 0.898676611483097 0.888462737202644 1.01942975322406 1.02033499876658 0.951517105102539 0.856196602185567 0.912901570399602 0.894520084063212 0.86235307653745 0.820412923892339 0.845697810252507 0.849592765172323 0.862959235906601 0.856035679578781 0.893573820590973 1.1599742743102 1.14585292339325 1.23476142684619 1.29175167282422 1.43882987896601 1.51104479034742 1.46277363101641 1.29285587867101 1.1261834303538 1.02791979908943 1.0311324497064 0.867920750921423 0.924998268485069 0.82608682459051 0.649046049876647 0.686498522758484 0.734590278430419 0.547946541146799 0.725412891461299 0.7409624342735 0.742722396667187 0.722221427238904 0.710859411037885 0.72296008009177 0.764175722232232 0.790968273694699 0.843932782610257 0.863211624324322 0.85804625103871 0.72814846268067 0.630309913020868
1.08832617239519 1.11489211767912 1.12446009367704 1.29707968660763 1.58919488570907 1.71247847874959 1.07632827232866 1.07220611434716 0.73771932721138 0.575100065767765 0.962690226056359 0.87608943473209 0.971959374845028 0.658977481451901 0.914747267961502 0.879074983298779 0.640116754174233 0.83363883694013 0.802475422620773 0.75873372455438 0.731278826793035 0.665067508816719 0.707113315661748 0.635065011002801 0.640966366637837 0.648938460783525 0.728710015614828 0.700424243103374 0.74636322259903 0.769846936066945 0.754143777218732 0.776406185193495 0.801011770963669 0.834340071136301 0.83946679667993 1.02560147643089 1.10043158133825 1.01488200823466 0.997872769832611 0.744018462571231 0.765106640078805 0.779839851639488 0.666870824315331 0.619766519828276 0.603874902833592 0.638518211245537 0.719798911701549 0.579335315660997 0.50752956894311 0.702425225422933 0.702310660710702 0.710782514168666 0.732943633427987 0.752013451777972 0.777327521489217 0.80963603579081 0.823061152146413 0.839797902565736 0.786533805040213 0.801009164406703 0.538361366838217 0.541326370090246
0.574111202359199 0.673294141888618 0.648895616714771 0.672835737466812 1.0047768453757 1.07343969742457 0.553041017972506 0.543845951557159 0.551585440523922 0.770767391512269 0.744479633867741 0.601096925636133 0.757068000733852 0.82430174946785 0.554743194580078 0.575380638241768 0.602002644538879 0.589087352156639 0.584918832778931 0.565903034806251 0.557841145992279 0.555452373894778 0.569438309832053 0.588563053445383 0.586861106482419 0.576732138341123 0.579471535303376 0.586257133971561 0.601286668669094 0.607225221666423 0.616857822645794 0.617588098753582 0.655123756690459 0.678762544285167 0.654275508089499 0.653121743689884 0.684391708536582 0.669853160327131 0.671082205393098 0.668224368583072 0.502326136285609 0.526329200376164 0.623778872869232 0.64176457984881 0.665660557150841 0.678247511386871 0.714690547097813 0.680320212474236 0.682569767420108 0.719438559733904 0.728521839930461 0.755535542964935 0.812328567871681 0.778491123156114 0.819012309496219 0.852326583403807 0.863388577332863 0.849083778949884 0.855348930909083 0.595360320061445 0.622259933501482 0.620006754994392
0.48667034804821 0.476893794536591 0.467126995325089 0.493749144673348 0.548118501901627 0.554883003234863 0.818531582752864 0.571593600511551 0.559421494603157 0.593471843004227 0.594164066016674 0.586614317127637 0.752896587053935 0.61251003742218 0.516933766007423 0.539177995920181 0.544393944740295 0.545332807302475 0.52950014770031 0.520496848225594 0.530707651376724 0.542300743135539 0.557056956670501 0.57673078910871 0.590588673949242 0.593601270155473 0.589806541800499 0.602787141095508 0.629120386459611 0.622678581963886 0.619741091674024 0.617716840722344 0.630448153073138 0.667307122187181 0.58888308162039 0.604396795997253 0.554114935072986 0.532572545788505 0.594268303025853 0.66251195425337 0.645335912704468 0.68947463685816 0.648867053064433 0.675231265750798 0.67454079199921 0.667268246412277 0.708815498993947 0.703887015581131 0.701180599629879 0.698502749204636 0.736819975651227 0.754809255783375 0.887454222549092 0.85834540291266 0.828777152758378 0.8484309223982 0.910233632876323 0.942048675738848 0.982518237370711 0.676849622279406 0.688624449074268 0.660165451467037
0.61026598016421 0.591040829817454 0.458975091576576 0.462129896879196 0.472586551308632 0.473026666045189 0.519685000181198 0.491583904623985 0.551033243536949 0.581412735310468 0.622211987773577 0.568457454442978 0.580097890325955 0.575314400451524 0.466339355707169 0.504136347770691 0.512279096245766 0.520298409461975 0.496245145797729 0.494760006666183 0.4955212444067 0.534104611385952 0.563513265414672 0.588241428136826 0.618372949686917 0.613110410896215 0.58713119992843 0.605575950099872 0.653978939239795 0.670552083037116 0.632599711418152 0.576201751828194 0.656866379759528 0.611426442861557 0.680362900549715 0.763541985641826 0.869336778467352 0.954831467433409 0.910847303542224 0.602198361204221 0.809199140830474 0.748918110674078 0.656803518533707 0.593908524513245 0.659536153078079 0.718587914338479 0.758686031286533 0.759338667759528 0.768896540770164 0.717296250164509 0.694877251982689 0.794540088910323 0.82359175498669 0.709416347391465 0.903795192639033 1.00326773027579 1.16138381453661 0.888318382203579 0.924106352031231 1.24443642050028 1.19254273921251 1.17786104977131
0.518342485030492 0.531596258282661 0.526683340469996 0.422957092523575 0.48632250726223 0.498770490288734 0.514400258660316 0.522332742810249 0.547943044986044 0.574533080061277 0.54602587223053 0.578370742499828 0.52803273871541 0.465389236807823 0.383629059791565 0.457958543300629 0.483066603541374 0.481123334169388 0.473873859643936 0.46393049955368 0.465060889720917 0.484216645359993 0.547213769771836 0.592923264611851 0.626604486595501 0.775311348113147 0.571770954877138 0.615076364441351 0.688530084761706 0.77733627649454 0.767331884457515 0.761019298663506 0.888442169536244 0.915956806052815 0.970124399120157 1.08667147701437 1.1099963973869 1.11756203933196 1.12087187712843 1.00154858285731 0.912939117713408 0.811141799796711 0.765352689302885 0.796979931267825 0.699045360088348 0.746417261660099 0.818282335996628 0.826156421349599 0.841667842406493 0.893018321349071 0.914817473063102 0.943396527033586 0.772799018770456 1.05442703687228 0.992206513881683 1.1598098129034 1.63452292233706 1.44938176870346 1.65247877687216 1.65544707328081 1.57315568625927 4.41846113769632
0.427447485923767 0.508716846505801 0.491911907990774 0.3867977307393 0.426951946182684 0.502296507358551 0.501382485032082 0.502880752086639 0.486508156244571 0.478092759847641 0.505329005420208 0.531208477914333 0.506906494498253 0.365910905599594 0.360166499018669 0.416687107086182 0.422135254740715 0.419306713342667 0.40956914126873 0.436392742395401 0.471587401628494 0.483327305316925 0.555667653679848 0.629744113846259 0.691323202103376 0.950799318877133 0.978051090782339 1.00225505232811 0.989185923879797 0.904850461266258 0.910305643623526 0.872431836344979 1.11499345844442 1.26777305115353 1.35369237444618 1.33321515538476 1.19494289972565 1.23549376542752 1.07240634343841 0.955596609757497 0.837055804637762 0.831979077595931 0.846142530441284 0.853146252723841 0.855351819441869 0.856966976936047 0.865849600388453 0.888941934475532 0.87638491162887 1.0635140308967 1.10156115889549 0.949707172811031 1.27021574229002 1.27663251757622 1.34896415472031 1.51322722434998 -9999 -9999 -9999 -9999 -9999 -9999
0.380484891886061 0.382851400835948 0.370326953855428 0.398121748119593 0.395547285676003 0.412983684377237 0.41511607170105 0.427142567932606 0.439818631857634 0.416385339065032 0.439577251672745 0.469844828049342 0.421889333562417 0.354342296719551 0.363616490364075 0.357880501449108 0.388638737797737 0.424643710255623 0.464528551697731 0.570478484034538 0.515855409643229 0.828284198746962 0.652456507086754 0.635717801749706 0.647606597705321 1.15040352344513 1.18632917404175 1.41017628257925 1.18526212871075 1.16594921187921 1.15456118637865 1.17374193939296 1.57719295758467 1.64152612594458 1.85339397733862 1.56050665676594 1.49271220427293 1.36286712609805 1.25394108107215 1.07867987339313 1.02048408985138 0.886702812634982 0.868194992725666 0.897860128145952 0.901531838453733 0.927259504795074 0.948728084564209 1.00254420133737 1.05646482110023 1.3836374099438 1.3547912973624 1.64060209806149 1.85132107367882 2.0039068715913 -9999 -9999 -9999 -9999 -9999 -9999 -9999 -9999
0.375904028388587 0.346862250566483 0.366420350968838 0.406669106621009 0.367438312619925 0.407460305839777 0.421104934066534 0.431989252567291 0.432187423110008 0.422668234868483 0.419411049647765 0.414193287491798 0.365180835127831 0.369356256723404 0.374494644999504 0.384271967411041 0.425713965296745 0.476759254932404 0.549112030050971 0.591337580233812 0.61561144515872 0.641616750508547 0.776406727731228 0.570280306041241 0.698849392208186 0.831091850996017 1.16567453742027 1.15611947774887 1.10380419618205 -9999 -9999 -9999 -9999 -9999 -9999 3.14426672458649 1.64612611440512 1.35995870370131 1.13058304557434 1.11915676295757 0.809319639578462 0.790133639238775 1.12149777091466 0.969693536941822 0.979333636852411 1.06153569542445 1.1470955151778 1.03198398649693 1.07164356857538 1.16336511075497 1.50763563066721 1.78663493692875 1.75620816648006 1.9762424826622 1.97624230384827 -9999 -9999 -9999 -9999 -9999 -9999 -9999
0.38805202452036 0.371467443039784 0.331509894132614 0.362209085713733 0.386063568294048 0.405494257807732 0.419253755360842 0.412827737629414 0.385001870041544 0.421096968379888 0.417625084519386 0.419189873066815 0.376377600431442 0.390942603349686 0.396917402744293 0.398660999536514 0.452403748577291 0.462020231918855 0.490326615897092 0.560430876910686 0.610230758786201 0.641488805413246 0.648272570222616 0.663452059030533 0.675556685775518 0.69916757196188 1.30436301231384 0.943355530500412 1.07288053788637 -9999 -9999 -9999 -9999 -9999 -9999 -9999 3.08870128484873 1.83556374219748 1.56388742648638 1.2302278081576 0.939435529708862 1.16817964911461 1.13876448457058 1.09380641121131 1.14671157415097 1.11563734366344 1.16668543219566 1.21974091976881 1.3342896848917 1.59166850149632 2.01984322071075 1.95813821256161 -9999 -9999 -9999 -9999 -9999 -9999 -9999 -9999 -9999 -9999
0.40328124165535 0.419907210128648 0.4086004282747 0.412809012191636 0.387739012017846 0.397179704159498 0.404620491645553 0.420790928331288 0.424358388239687 0.437313823537393 0.433658939870921 0.411637929081917 0.388822799921036 0.422014063596725 0.44433674893596 0.456708482720635 0.461440021341497 0.471252606673674 0.562860748984597 -9999 -9999 0.986048255277717 0.884185016155243 0.662969369441271 0.694987133145332 0.757889047265053 0.862258972490535 1.1392614360039 1.41413385930814 -9999 -9999 -9999 -9999 -9999 -9999 -9999 3.71347467899323 3.9835358949808 3.2986920613509 1.71045519755437 0.984309006482363 2.78929495314757 1.45778582493464 1.25655971467495 1.42479457706213 1.12132653594017 1.1458702236414 1.34456357359886 1.35689851641655 1.86047995090485 2.19691354036331 2.20511537790298 2.55473577976227 -9999 -9999 -9999 -9999 -9999 -9999 -9999 -9999 -9999
0.358491194248199 0.409888514450618 0.412994742393494 0.415740191936493 0.409201685339212 0.412604730576277 0.416400615464557 0.422685880552639 0.433143480257555 0.439508744261482 0.405153134465218 0.43298599394885 0.429982486367226 0.461071225729856 0.461971907453104 0.458382624116811 0.462565626610409 0.470218785784461 0.546171361032654 0.578760715968469 0.487321055110763 0.481542151640443 0.460738744586706 0.652576997876167 0.826299846172333 0.779177851974964 0.886696666479111 1.07020385563374 1.13436113297939 2.08876283545243 -9999 -9999 -9999 -9999 -9999 -9999 -9999 44.3656094592551 2.46343120383589 1.09121298985403 2.75289770176536 3.83558723801061 5.02334791735599 1.58034110069275 1.71948187053204 1.71288660168648 1.68678733706474 1.48903311789036 1.4551537334919 2.29187883933385 2.27822173833847 2.43948352336884 -9999 -9999 -9999 -9999 -9999 -9999 -9999 -9999 -9999 -9999
0.391408755020662 0.389403413642537 0.396549944173206 0.383308772336353 0.39427799731493 0.405838312073187 0.42106389186599 0.450935596769506 0.469834644686092 0.470736960118467 0.459317113865506 0.471914112567902 0.47253019972281 0.459474006837065 0.458136421712962 0.453926312652501 0.476137541234493 0.491509012877941 0.494059130549431 0.496892377734184 0.482414685189724 0.485202319920063 0.481125928461552 0.869183273876414 0.769938666373491 0.808949369937181 1.02401001006365 1.06643812358379 1.05187017321587 1.95692379223673 -9999 -9999 -9999 -9999 -9999 -9999 -9999 -9999 -9999 -9999 -9999 -9999 -9999 -9999 -9999 -9999 3.65490746498108 1.66809071600437 1.65659135580063 12.4172137396676 -9999 -9999 -9999 -9999 -9999 -9999 -9999 -9999 -9999 -9999 -9999 -9999
0.400231015953151 0.392117922956293 0.393221595070579 0.392614151943814 0.409740357236429 0.424021291461858 0.435322360558943 0.456686250865459 0.491206061094999 0.509306494146585 0.45599584823305 0.470945184881037 0.477356172420762 0.474015208807859 0.464059645479376 0.475314690308137 0.479150518774986 0.492461673915386 0.452430315315723 0.469669669866562 0.459628824144602 0.468320306390524 0.473001189529896 1.08757647871971 -9999 -9999 -9999 0.823073792916078 0.74250416457653 0.759083044799891 1.47100720256567 -9999 -9999 -9999 -9999 -9999 -9999 -9999 -9999 -9999 -9999 -9999 -9999 -9999 -9999 -9999 -9999 -9999 -9999 -9999 -9999 -9999 -9999 -9999 -9999 -9999 -9999 -9999 -9999 -9999 -9999 -9999
0.401964885267344 0.402885411273349 0.404638974504037 0.405519600618969 0.448524434119463 0.465152312070131 0.449384890496731 0.467348325997591 0.488756135106087 0.529014173895121 0.529195547103882 0.496258629993959 0.484803951599381 0.470693735913797 0.452061961997639 0.444055840373039 0.466235876083374 0.632392486700645 0.628293851247201 0.631803212257532 0.5307553159073 0.461294909007847 0.596332383843569 0.630339008755982 0.988806518224569 1.01382392874131 0.785572719573975 0.830103087425232 0.934977719416985 0.98022987980109 1.70138436555862 2.33353612944484 -9999 -9999 -9999 -9999 -9999 -9999 -9999 -9999 -9999 -9999 -9999 -9999 -9999 -9999 -9999 -9999 -9999 -9999 -9999 -9999 -9999 -9999 -9999 -9999 -9999 -9999 -9999 -9999 -9999 -9999
0.435577284206044 0.421828093853864 0.416204525665803 0.413066044449806 0.460566744208336 0.458359438925982 0.460627574473619 0.458474196493626 0.508624136447906 0.554177302867174 0.50781279276399 0.511680413376201 0.487739791924303 0.470324391668493 0.419850208542564 0.475894883275032 0.48296244814992 0.491625126451254 0.485918752849102 0.633175836159633 0.491124879568815 0.517752323299646 0.559923682361841 0.658138268269025 0.850838411312837 0.834543035580562 0.807863391362704 0.882450149609492 0.962732413640389 1.20513063669205 1.9953813906759 1.7871914093311 -9999 -9999 -9999 -9999 -9999 -9999 -9999 -9999 -9999 -9999 -9999 -9999 -9999 -9999 -9999 -9999 -9999 -9999 -9999 -9999 -9999 -9999 -9999 -9999 -9999 -9999 -9999 -9999 -9999 -9999
0.40627900660038 0.419666469097137 0.445782614025203 0.472305189818144 0.491995006799698 0.433430127799511 0.481137190014124 0.493543690618347 0.49912209370557 0.52376692172359 0.610770247876644 0.605708874762058 0.61136456951499 0.62397613748908 0.582404933869839 0.530977386981249 0.529572624713182 0.511440120637417 0.47962586209178 0.521504601606956 0.503841230502495 0.757684779663881 0.6863122433424 0.789493278815196 1.09256366812266 0.98654538163772 1.03007400780916 0.946987303403708 1.02936074137688 1.22825284302235 4.61700528860092 -9999 -9999 -9999 -9999 -9999 -9999 -9999 -9999 -9999 -9999 -9999 -9999 -9999 -9999 -9999 -9999 -9999 -9999 -9999 -9999 -9999 -9999 -9999 -9999 -9999 -9999 -9999 -9999 -9999 -9999 -9999
0.493255668703248 0.519098510637003 0.465554961003363 0.468579648993909 0.519728193941869 0.528000310063362 0.588351821670165 0.757016807794571 0.60617874825702 0.880770723335445 0.692491948604584 0.732144832611084 0.855977669358253 0.913839489221573 0.811614412814379 0.653891880065203 0.619797550141811 0.554621443152428 0.583630965306209 0.59118744960198 0.635867926207456 0.599766273982823 0.762161269783974 0.937829708511179 0.886522516608238 1.14164258675142 0.805274390361526 0.76162118667906 0.896829508244991 0.736660699952733 1.42812976799905 2.99414750933647 -9999 -9999 -9999 -9999 -9999 -9999 -9999 -9999 -9999 -9999 -9999 -9999 -9999 -9999 -9999 -9999 -9999 -9999 -9999 -9999 -9999 -9999 -9999 -9999 -9999 -9999 -9999 -9999 -9999 -9999
0.522292019689784 0.574745751917362 0.583060457425959 0.546228476306971 0.625299691007688 0.831096932291985 0.819997023791075 1.14882937073708 0.621024191379547 -9999 -9999 -9999 -9999 -9999 -9999 0.636147946119308 0.56164275854826 0.554606568068266 0.751844242215157 0.714095637202263 0.731367931916163 0.70287112891674 0.741063371300697 0.597954612225294 0.821069642901421 0.959460854530334 1.29455780982971 1.2996711649678 1.12226827442646 0.846780290657824 0.880528632890094 2.05184662342072 -9999 -9999 -9999 -9999 -9999 -9999 -9999 -9999 -9999 -9999 -9999 -9999 -9999 -9999 -9999 -9999 -9999 -9999 -9999 -9999 -9999 -9999 -9999 -9999 -9999 -9999 -9999 -9999 -9999 -9999
0.645756583003437 0.680701494216919 -9999 0.784663498401642 0.789952248334885 1.01079017153153 1.3768477588892 -9999 1.35734340548515 -9999 -9999 -9999 -9999 -9999 -9999 1.00222957840091 0.759295865893364 0.58649930357933 0.636777747422457 0.851186648011208 0.837237775325775 0.852614611387253 0.806939631700516 0.766058251261711 0.782090071588755 0.728703733533621 0.739888936281204 1.34105360237035 1.38452924787998 1.22369027137756 1.40245270729065 2.29593492072562 -9999 -9999 -9999 -9999 -9999 -9999 -9999 -9999 -9999 -9999 -9999 -9999 -9999 -9999 -9999 -9999 -9999 -9999 -9999 -9999 -9999 -9999 -9999 -9999 -9999 -9999 -9999 -9999 -9999 -9999
-9999 -9999 -9999 -9999 -9999 -9999 -9999 -9999 -9999 -9999 -9999 -9999 -9999 -9999 -9999 -9999 -9999 0.880405493080616 1.14073752815073 1.0344033613801 1.11686770225826 -9999 -9999 -9999 0.949038371443748 4.54007314362572 -9999 -9999 2.78939678706229 1.5872201230377 2.63409408554435 -9999 -9999 -9999 -9999 -9999 -9999 -9999 -9999 -9999 -9999 -9999 -9999 -9999 -9999 -9999 -9999 -9999 -9999 -9999 -9999 -9999 -9999 -9999 -9999 -9999 -9999 -9999 -9999 -9999 -9999 -9999
