EcologicalScience/Bass/data/rs_data_bass/chl_64.asc
NCOLS 226 
NROWS 124 
XLLCORNER -9.41648524995501 
YLLCORNER 47.587301625531 
CELLSIZE 0.0833 
NODATA_value -9999 
[rows 54 to 80 of 124, columns 0 to 61 of 226]
-9999 -9999 -9999 -9999 -9999 -9999 -9999 -9999 -9999 -9999 -9999 -9999 -9999 -9999 -9999 -9999 -9999 -9999 -9999 -9999 -9999 -9999 -9999 -9999 -9999 -9999 -9999 -9999 -9999 -9999 -9999 -9999 -9999 -9999 -9999 -9999 -9999 -9999 4.41091554335864 55.2089996337891 5.97733211517334 3.36123239994049 6.01398968696594 2.16690637171268 1.75773525238037 1.44893328845501 1.23290209472179 0.936571508646011 0.861021012067795 1.04171249270439 1.03405353426933 1.10832336544991 1.61219367384911 1.30217170715332 1.92190057039261 3.35858997702599 4.08707320690155 4.32592928409576 -9999 0.607058599591255 0.62790758907795 -9999
-9999 -9999 -9999 -9999 -9999 -9999 -9999 -9999 -9999 -9999 -9999 -9999 -9999 -9999 -9999 -9999 -9999 -9999 -9999 -9999 -9999 -9999 -9999 -9999 -9999 -9999 -9999 -9999 -9999 -9999 -9999 -9999 -9999 -9999 -9999 -9999 -9999 -9999 -9999 68.3361682891846 30.8827486038208 11.0838253498077 6.26496434211731 9.08987903594971 6.36888384819031 1.62414532899857 1.09386071562767 0.905404508113861 0.836240977048874 0.961976990103722 1.034707903862 1.30262173712254 1.68179851770401 2.13962924480438 2.69394063949585 3.07207909226418 2.44901144504547 -9999 -9999 -9999 -9999 -9999
-9999 -9999 -9999 -9999 -9999 -9999 -9999 -9999 -9999 -9999 -9999 -9999 -9999 -9999 -9999 -9999 -9999 -9999 -9999 -9999 -9999 -9999 -9999 -9999 -9999 -9999 -9999 -9999 -9999 -9999 -9999 -9999 -9999 -9999 -9999 -9999 -9999 -9999 -9999 -9999 50.4909839630127 24.3903636932373 9.25820374488831 7.3089280128479 7.53839492797852 1.77342295646667 1.20145878195763 0.904510527849197 0.880623042583466 1.21930910646915 0.858603000640869 1.311498016119 1.64644914865494 1.83665692806244 2.09752160310745 2.25030899047852 2.436683177948 2.64894908666611 2.81253238022327 -9999 -9999 -9999
-9999 -9999 -9999 -9999 -9999 -9999 -9999 -9999 -9999 -9999 -9999 -9999 -9999 -9999 -9999 -9999 -9999 -9999 -9999 -9999 -9999 -9999 -9999 -9999 -9999 -9999 -9999 -9999 -9999 -9999 -9999 -9999 -9999 -9999 -9999 -9999 -9999 -9999 -9999 -9999 13.1661663651466 37.6081409454346 17.5122013092041 14.4680986404419 9.30533409118652 2.47859019041061 1.20894151926041 1.15987953543663 0.922817230224609 0.926001727581024 0.883660465478897 0.959480971097946 1.31045097112656 1.40399551391602 1.42856097221375 1.82408398389816 3.21629619598389 2.19821172952652 8.72373640537262 24.0144855380058 4.92079232868395 -9999
-9999 -9999 -9999 -9999 -9999 -9999 -9999 -9999 -9999 -9999 -9999 -9999 -9999 -9999 -9999 -9999 -9999 -9999 -9999 -9999 -9999 -9999 -9999 -9999 -9999 -9999 -9999 -9999 -9999 -9999 -9999 -9999 -9999 -9999 -9999 -9999 -9999 -9999 -9999 -9999 -9999 44.6522026062012 19.4772505760193 14.7351293563843 7.0604259967804 3.06912910938263 1.44771301746368 2.12751907110214 1.95888447761536 1.42154851555824 1.08248698711395 0.897258728742599 0.940826207399368 1.00126495957375 1.03201872110367 1.85316896438599 4.80606365203857 9.83806157112122 15.1392016410828 19.7931958436966 24.8491795063019 -9999
-9999 -9999 -9999 -9999 -9999 -9999 -9999 -9999 -9999 -9999 -9999 -9999 -9999 -9999 -9999 -9999 -9999 -9999 -9999 -9999 -9999 -9999 -9999 -9999 -9999 -9999 -9999 -9999 -9999 -9999 -9999 -9999 -9999 -9999 -9999 -9999 -9999 -9999 -9999 -9999 -9999 38.0991582870483 19.6058006286621 10.2560584545135 5.00210237503052 5.16486310958862 4.03038382530212 1.87397772073746 1.57249116897583 1.08397650718689 0.97436848282814 0.908478766679764 1.09146827459335 1.03573349118233 1.32392397522926 5.83189880847931 16.8151359558105 7.56074488162994 21.6576741635799 -9999 -9999 -9999
-9999 -9999 -9999 -9999 -9999 -9999 -9999 -9999 -9999 -9999 -9999 -9999 -9999 -9999 -9999 -9999 -9999 -9999 -9999 -9999 -9999 -9999 -9999 -9999 -9999 -9999 -9999 -9999 -9999 -9999 -9999 -9999 -9999 -9999 -9999 -9999 -9999 -9999 -9999 -9999 27.3224687576294 29.8911552429199 20.8442187309265 7.23254656791687 4.54282808303833 2.78708249330521 1.78245520591736 1.6789094209671 1.06255951523781 0.937682211399078 0.858062267303467 0.887127757072449 0.945990711450577 1.0368330180645 1.37388825416565 4.45828485488892 63.8468227386475 -9999 -9999 7.48366436362267 7.44772839546204 8.31473028659821
-9999 -9999 -9999 -9999 -9999 -9999 -9999 -9999 -9999 -9999 -9999 -9999 -9999 -9999 -9999 -9999 -9999 -9999 -9999 -9999 -9999 -9999 -9999 -9999 -9999 -9999 -9999 -9999 -9999 -9999 -9999 -9999 -9999 -9999 -9999 -9999 -9999 -9999 -9999 10.8004653453827 24.8023223876953 14.4804224967957 11.2940518856049 6.82713532447815 1.336291462183 1.21418845653534 1.08765748143196 1.03879800438881 1.01768401265144 0.910072535276413 0.797274023294449 0.802316218614578 0.98108097910881 0.966961473226547 1.0300364792347 2.67160022258759 7.75642141699791 3.11455464363098 3.17107772827148 3.56465095281601 4.34712472558022 5.23387518525124
-9999 -9999 -9999 -9999 -9999 -9999 -9999 -9999 -9999 -9999 -9999 -9999 -9999 -9999 -9999 -9999 -9999 -9999 -9999 -9999 -9999 -9999 -9999 -9999 -9999 -9999 -9999 -9999 -9999 -9999 -9999 -9999 -9999 -9999 -9999 -9999 -9999 -9999 -9999 5.19161546230316 4.3645441532135 5.88070356845856 4.92733347415924 2.15720021724701 0.85954275727272 1.1759819984436 1.15426647663116 0.940100222826004 0.935769706964493 0.807424485683441 0.715764731168747 0.722539499402046 1.27654498815536 1.53146848082542 2.23202213644981 1.58986419439316 1.6238340139389 2.7541875243187 4.27815663814545 2.63163900375366 3.05518466234207 3.61799544095993
-9999 -9999 -9999 -9999 -9999 -9999 -9999 -9999 -9999 -9999 -9999 -9999 -9999 -9999 -9999 -9999 -9999 -9999 -9999 -9999 -9999 -9999 -9999 -9999 -9999 -9999 -9999 -9999 -9999 -9999 -9999 -9999 -9999 -9999 -9999 -9999 -9999 -9999 3.97747375443578 4.33988320827484 2.86024582386017 2.28168082237244 1.76357245445251 1.22908428311348 0.853716015815735 1.0624672472477 1.11709834635258 0.889284789562225 0.895488023757935 1.13812234997749 0.930384010076523 1.18331886827946 1.22525328397751 1.68371254205704 1.03442251682281 1.24617898464203 1.24865546822548 1.83873903751373 3.44979608058929 1.7600519657135 1.22766754031181 2.40029168128967
-9999 -9999 -9999 -9999 -9999 -9999 -9999 -9999 -9999 -9999 -9999 -9999 -9999 -9999 -9999 -9999 -9999 -9999 -9999 -9999 -9999 -9999 -9999 -9999 -9999 -9999 -9999 -9999 -9999 -9999 -9999 -9999 -9999 -9999 -9999 -9999 -9999 -9999 13.3852643966675 9.40436267852783 3.4992778301239 2.22998481988907 1.26203995943069 1.18767821788788 1.0911577641964 1.01462772488594 1.13482609391212 1.11569027602673 1.07212123274803 1.19114398956299 0.94123050570488 1.11640504002571 1.11495673656464 0.96397653222084 0.91226926445961 1.63015043735504 2.41867196559906 2.52720075845718 2.44928401708603 1.73322755098343 1.19930246472359 1.14666599035263
-9999 -9999 -9999 -9999 -9999 -9999 -9999 -9999 -9999 -9999 -9999 -9999 -9999 -9999 -9999 -9999 -9999 -9999 -9999 -9999 -9999 -9999 -9999 -9999 -9999 -9999 -9999 -9999 -9999 -9999 -9999 -9999 -9999 -9999 -9999 -9999 -9999 2.26536673307419 6.65940356254578 7.30087924003601 3.15194320678711 1.6521629691124 1.28421002626419 1.35607051849365 1.29199495911598 0.967005014419556 0.860511749982834 1.07396847009659 1.0783267468214 1.25693321228027 0.714315757155418 1.18584528565407 1.51087421178818 1.2968490421772 1.22782275080681 2.35155898332596 1.74118494987488 1.49025821685791 1.39386677742004 1.25053721666336 1.08601802587509 1.30727022886276
-9999 -9999 -9999 -9999 -9999 -9999 -9999 -9999 -9999 -9999 -9999 -9999 -9999 -9999 -9999 -9999 -9999 -9999 -9999 -9999 -9999 -9999 -9999 -9999 -9999 -9999 -9999 -9999 -9999 -9999 -9999 -9999 -9999 -9999 -9999 -9999 -9999 4.25500130653381 10.2095373868942 5.99571526050568 4.61650407314301 2.03506582975388 1.61230194568634 1.21265253424644 0.873357027769089 0.760351538658142 0.625247240066528 0.554913014173508 0.733050003647804 0.749661013484001 0.746691003441811 0.894550502300262 1.63357651233673 1.12380596995354 1.36650002002716 2.79349583387375 1.90184319019318 1.36909800767899 1.23084229230881 1.16674876213074 1.1338612139225 1.57362520694733
-9999 -9999 -9999 -9999 -9999 -9999 -9999 -9999 -9999 -9999 -9999 -9999 -9999 -9999 -9999 -9999 -9999 -9999 -9999 -9999 -9999 -9999 -9999 -9999 -9999 -9999 -9999 -9999 -9999 -9999 -9999 -9999 -9999 -9999 -9999 -9999 11.3328832089901 4.52876758575439 3.87223505973816 3.72500789165497 2.50299972295761 1.54769843816757 1.0793197453022 0.714513748884201 0.622670263051987 0.581884503364563 0.613977760076523 0.667437762022018 0.827676773071289 0.890690982341766 0.874604254961014 0.871145993471146 1.46717628836632 1.8893895149231 1.66768205165863 1.97807854413986 1.68729078769684 1.26275324821472 1.33373326063156 1.2901439666748 1.6030433177948 2.1808950304985
-9999 -9999 -9999 -9999 -9999 -9999 -9999 -9999 -9999 -9999 -9999 -9999 -9999 -9999 -9999 -9999 -9999 -9999 -9999 -9999 -9999 -9999 -9999 -9999 -9999 -9999 -9999 -9999 -9999 -9999 -9999 5.77536261933191 1.53869686056586 -9999 2.10493344068527 2.00854575634003 2.40096761782964 3.93313944339752 4.57663142681122 3.81965625286102 1.86246067285538 0.784592986106873 0.766734033823013 0.709488764405251 0.652408495545387 0.651944249868393 0.662910014390945 0.707808762788773 0.750312745571136 0.939209997653961 0.958929777145386 0.973109275102615 0.904634982347488 1.41117373108864 1.59721577167511 1.56131994724274 1.68899023532867 2.11749744415283 2.43121129274368 2.18922820687294 2.91744071245193 2.05451619625092
-9999 -9999 -9999 -9999 -9999 -9999 -9999 -9999 -9999 -9999 -9999 -9999 -9999 -9999 -9999 -9999 -9999 -9999 -9999 -9999 -9999 -9999 0.346259817481041 10.5333888530731 8.91069602966309 6.95752573013306 8.24709606170654 5.17933130264282 3.39851117134094 2.90486184507608 3.90652459859848 1.23697274923325 8.52650833129883 6.84310626983643 6.0251373052597 10.652471780777 1.56717145442963 2.09151148796082 2.36564558744431 1.89652043581009 1.14334273338318 1.05860924720764 0.829449713230133 0.748333498835564 0.724317759275436 0.611126258969307 0.671128481626511 0.716595008969307 0.788341462612152 0.990907520055771 1.02972078323364 1.04056575894356 1.03797671198845 0.972004473209381 1.32471227645874 1.42635825276375 1.51140224933624 2.25672447681427 2.51576663466061 -9999 -9999 -9999
-9999 -9999 -9999 -9999 -9999 -9999 -9999 -9999 -9999 -9999 -9999 -9999 -9999 -9999 -9999 -9999 -9999 -9999 -9999 -9999 -9999 -9999 1.0212307870388 2.37871420383453 1.47558376193047 1.51880246400833 1.56715804338455 1.54224228858948 1.21771949529648 1.26204371452332 1.24261271953583 1.51248157024384 1.37658450007439 3.96705061197281 3.80204486846924 3.98977392911911 2.05967026948929 1.91870033740997 1.7155664563179 1.62996518611908 1.40449127554893 1.43306851387024 1.35598576068878 1.21860900521278 0.967879503965378 0.835310965776443 1.18435120582581 1.11998176574707 1.13512873649597 1.05361425876617 1.05410027503967 1.1468640267849 1.32758697867393 1.40126851201057 2.52061083912849 -9999 -9999 -9999 -9999 -9999 -9999 -9999
-9999 -9999 -9999 -9999 -9999 -9999 -9999 -9999 -9999 -9999 -9999 -9999 -9999 -9999 -9999 -9999 -9999 -9999 -9999 6.74640017002821 1.59885829687119 2.45392423868179 1.56445652246475 1.26084896922112 1.45501720905304 1.25969624519348 1.19998875260353 1.34711471199989 1.65552377700806 1.63197827339172 1.19795921444893 1.00080299377441 0.905624270439148 0.979137003421783 1.25215727090836 1.20140621066093 1.26997500658035 1.18516051769257 1.27049776911736 1.61637604236603 1.84081792831421 1.98624300956726 1.4707995057106 1.3673714697361 1.38629096746445 1.12762722373009 1.28373670578003 1.62290400266647 1.58097892999649 1.54540354013443 1.16638872027397 -9999 -9999 -9999 -9999 -9999 -9999 -9999 -9999 -9999 -9999 -9999
-9999 -9999 -9999 -9999 -9999 -9999 -9999 -9999 -9999 -9999 -9999 -9999 -9999 -9999 -9999 -9999 -9999 3.09147691726685 1.90526854991913 2.23188453912735 2.04889047145844 1.06494149565697 1.0769422352314 1.02141603827477 1.07497349381447 1.01512196660042 0.931175976991653 0.905710458755493 1.24601179361343 1.47559127211571 1.17802534997463 1.33510127663612 1.64201961457729 0.951200276613235 1.07003474235535 1.11907804012299 1.29985803365707 1.14656853675842 1.17828521132469 1.54016768932343 1.27033500373363 1.26779289543629 1.8497189283371 1.39464372396469 1.35065853595734 1.52888399362564 1.45764300227165 1.6929389834404 2.20166480541229 2.21837121248245 3.12462244927883 -9999 -9999 -9999 -9999 -9999 -9999 -9999 -9999 -9999 -9999 -9999
-9999 -9999 -9999 -9999 -9999 -9999 -9999 -9999 -9999 -9999 -9999 -9999 -9999 -9999 2.60608041286469 2.11000281572342 2.01352125406265 1.73866206407547 1.37881645560265 1.18283995985985 0.940044790506363 1.08001872897148 1.14764097332954 1.10505527257919 1.11448127031326 1.02980697154999 0.951726794242859 1.01955378055573 1.0399372279644 0.748829260468483 1.09254263341427 1.33227002620697 1.3510417342186 0.673996478319168 0.747832506895065 1.08169654011726 1.15585425496101 1.29265648126602 1.28176125884056 1.50122626125813 1.37205635011196 1.23833021521568 1.54216128587723 1.84086531400681 1.52966845035553 1.81094026565552 1.66499769687653 1.67663472890854 1.70826458930969 1.89089995622635 2.37509107589722 2.69511419534683 -9999 -9999 -9999 -9999 -9999 -9999 -9999 -9999 -9999 -9999
-9999 -9999 -9999 -9999 -9999 -9999 -9999 -9999 -9999 -9999 -9999 1.23378476500511 3.46179449558258 2.04594522714615 1.90997779369354 1.15223327279091 1.27811774611473 1.05403125286102 1.07070672512054 0.980633229017258 0.963774025440216 0.939646482467651 0.860379785299301 0.775061219930649 0.740417987108231 0.761237293481827 0.829448997974396 0.695086508989334 0.7589992582798 0.771820485591888 0.771416276693344 0.766368001699448 0.616745263338089 0.74515275657177 0.791911482810974 1.0426934659481 1.24837428331375 1.24560597538948 1.26374772191048 1.02901500463486 1.37700900435448 1.69510799646378 2.25394570827484 2.22659933567047 1.73048257827759 1.8824856877327 1.83648008108139 1.86971551179886 1.38916200399399 1.61952022334625 1.72757185697556 -9999 -9999 -9999 -9999 -9999 3.2997635755428 23.3633997917175 7.40447209775448 9.80806629998343 9.38709313528878 -9999
-9999 -9999 -9999 -9999 -9999 -9999 -9999 -9999 -9999 20.2269501686096 3.77766144275665 1.36774724721909 1.03488528728485 1.08947324752808 1.01790672540665 1.00400474667549 1.02993303537369 0.869046717882156 0.868131726980209 0.895089715719223 0.82830673456192 0.803182482719421 0.830053478479385 0.861817538738251 0.957675039768219 0.994180530309677 0.925153523683548 0.925531536340714 2.09632873535156 0.56718148291111 0.747589498758316 1.00717127323151 1.10266309976578 0.777602255344391 0.797141253948212 1.03650149703026 1.14951378107071 1.04041278362274 1.13128951191902 1.27081874012947 1.5452715754509 1.21735426783562 1.22055977582932 1.61590433120728 1.48335295915604 1.50664132833481 1.406898021698 1.63518083095551 1.44469052553177 1.99632078409195 2.29210728406906 1.99365717172623 2.29735869169235 2.6715936625705 5.51525723934174 12.9640447497368 5.89401090145111 14.9066605567932 14.5396871566772 8.17897242307663 10.5822667479515 -9999
-9999 -9999 -9999 -9999 -9999 4.86560755968094 2.23210948705673 7.67140674591064 3.1282821893692 2.74428820610046 1.51934766769409 1.08118870854378 1.00005000829697 1.00807499885559 0.936162024736404 1.08796647191048 0.888620227575302 0.819401264190674 0.802508980035782 0.790641009807587 0.739760980010033 0.760483503341675 0.631064236164093 0.660438001155853 0.697372511029243 0.806885987520218 0.805820256471634 0.910380721092224 1.14308103919029 0.959266506135464 0.747335985302925 0.818907737731934 0.876789003610611 0.856779009103775 0.915294706821442 0.986712008714676 1.21301552653313 1.13219171762466 1.2615675330162 1.1997674703598 1.08792525529861 1.18409103155136 2.08461745083332 1.4867497086525 2.7075891494751 1.0948274731636 1.2524182498455 1.50072526931763 1.48807579278946 1.52290427684784 1.82586228847504 2.05488520860672 1.94387626647949 2.94031056761742 4.82613390684128 4.71536314487457 3.61969649791718 3.94405496120453 10.0071376562119 11.1433517932892 6.67232394218445 5.68335735797882
-9999 -9999 -9999 -9999 -9999 1.1878747344017 1.09591501951218 0.94479301571846 0.776693969964981 0.747374251484871 0.865239769220352 0.874266028404236 0.811348468065262 0.712683767080307 0.727180480957031 0.71407949924469 0.573211491107941 0.669747769832611 0.683231234550476 0.731388732790947 0.744299232959747 0.644399240612984 0.600445479154587 0.622740000486374 0.653045251965523 0.64232249557972 0.681729018688202 0.732102021574974 0.851987957954407 0.760320782661438 1.09975352883339 1.23946049809456 1.22243624925613 1.14460203051567 1.09350076317787 0.93673087656498 0.856498539447784 0.973250985145569 0.897880464792252 0.871054530143738 0.956251502037048 0.839799016714096 1.84091737121344 1.0496032834053 1.0714425444603 1.13812950253487 1.46337524056435 1.37790897488594 1.27197298407555 1.22075700759888 1.2946882545948 1.05341845750809 2.18937528133392 3.06832659244537 18.0773234367371 27.7163486480713 37.45103931427 0.985590040683746 6.59952485561371 6.41094553470612 3.94719439744949 3.6054904460907
-9999 -9999 -9999 -9999 -9999 0.56979601085186 0.553872004151344 0.586310237646103 0.56166073679924 0.540971249341965 0.538790255784988 0.523387491703033 0.500878483057022 0.535868257284164 0.497646018862724 0.446168258786201 0.470829740166664 0.549534738063812 0.591018006205559 0.637162506580353 0.601333513855934 0.547339484095573 0.555506989359856 0.548363238573074 0.53448674082756 0.514415234327316 0.434132248163223 0.453761234879494 0.482728511095047 0.51800774037838 0.755317479372025 1.00996273756027 1.13743498921394 0.892678499221802 0.844932362437248 1.02225226163864 1.03852200508118 0.972453027963638 0.943887770175934 1.12896671891212 0.904885500669479 1.12197902798653 2.30857202410698 0.902926504611969 1.09110975265503 1.03975278139114 1.08267599344254 1.48624277114868 1.36831873655319 1.28645700216293 1.23102521896362 1.22712528705597 4.29879140853882 10.2848360538483 12.9884548187256 25.9991340637207 10.6262097358704 0.622258499264717 5.81812798976898 1.244883030653 1.23428401350975 1.32392853498459
-9999 -9999 -9999 -9999 -9999 0.572588995099068 0.623620480298996 0.72689026594162 0.614274010062218 0.527078256011009 0.43562176823616 0.432712510228157 0.402301490306854 0.464381262660027 0.474162742495537 0.477899238467216 0.524095505475998 0.601620018482208 0.506328731775284 0.468648746609688 0.478061243891716 0.51010724902153 0.546140268445015 0.503361001610756 0.497391745448112 0.433292269706726 0.433644756674767 0.424653768539429 0.445806741714478 0.494643017649651 0.511839732527733 0.711911626160145 0.730015866458416 1.0213859975338 0.994302749633789 0.948906719684601 0.935662508010864 0.813388466835022 0.449630990624428 2.94990769028664 1.51034241914749 1.43880298733711 1.41946122050285 1.14709648489952 0.985691964626312 0.726506978273392 0.73683674633503 1.22495171427727 0.919256240129471 0.93900454044342 1.31632572412491 2.11795127391815 2.04413992166519 3.86063325405121 7.3074517250061 5.15061450004578 4.2895839214325 0.653757020831108 0.512740507721901 1.00814178586006 1.16542947292328 1.36087802052498
-9999 -9999 -9999 -9999 -9999 1.32139948010445 1.04151901602745 1.12030720710754 0.838401764631271 0.645905256271362 0.465752229094505 0.427980735898018 0.386273995041847 0.399998992681503 0.403709247708321 0.414555743336678 0.415035009384155 0.449297994375229 0.4519312530756 0.425072997808456 0.441728264093399 0.468569979071617 0.49158900976181 0.48293548822403 0.540215983986855 0.439331263303757 0.596487365663052 0.726694129407406 0.573188245296478 0.632605478167534 0.747699737548828 0.741622097790241 1.20257404446602 1.13845351338387 0.762106530368328 0.789544522762299 0.8802809715271 0.962664768099785 1.05007700622082 1.48695221543312 2.00956841558218 0.931661278009415 1.00594353675842 1.1457060277462 0.945361465215683 0.635042980313301 0.651495739817619 0.655341759324074 0.889688283205032 0.989594221115112 1.35786446928978 1.69582575559616 2.05349099636078 2.45715755224228 2.61341482400894 1.59438443183899 1.64280742406845 0.852932274341583 0.973478972911835 0.991868287324905 1.29570972919464 1.31261998414993
