EcologicalScience/Bass/data/rs_data_bass/chl_231.asc
NCOLS 226 
NROWS 124 
XLLCORNER -9.41648524995501 
YLLCORNER 47.587301625531 
CELLSIZE 0.0833 
NODATA_value -9999 
[rows 81 to 107 of 124, columns 62 to 123 of 226]
3.85158455371857 5.97498106956482 7.6620512008667 7.66205191612244 -9999 -9999 -9999 -9999 -9999 -9999 -9999 -9999 -9999 -9999 -9999 -9999 -9999 -9999 -9999 -9999 -9999 -9999 -9999 -9999 -9999 -9999 -9999 -9999 -9999 -9999 -9999 -9999 -9999 -9999 -9999 -9999 -9999 -9999 -9999 -9999 -9999 -9999 -9999 -9999 -9999 -9999 -9999 -9999 -9999 -9999 -9999 -9999 -9999 -9999 -9999 -9999 -9999 -9999 -9999 -9999 -9999 -9999
3.01881475529624 -9999 -9999 -9999 -9999 -9999 -9999 -9999 -9999 -9999 -9999 -9999 -9999 -9999 -9999 -9999 -9999 -9999 -9999 -9999 -9999 -9999 -9999 -9999 -9999 -9999 -9999 -9999 -9999 -9999 -9999 -9999 -9999 -9999 -9999 -9999 -9999 -9999 -9999 -9999 -9999 -9999 -9999 -9999 -9999 -9999 -9999 -9999 -9999 -9999 -9999 -9999 -9999 -9999 -9999 -9999 -9999 -9999 -9999 -9999 -9999 -9999
-9999 -9999 -9999 -9999 -9999 -9999 -9999 -9999 -9999 -9999 -9999 -9999 -9999 -9999 -9999 -9999 -9999 -9999 -9999 -9999 -9999 -9999 -9999 -9999 -9999 -9999 -9999 -9999 -9999 -9999 -9999 -9999 -9999 -9999 -9999 -9999 -9999 -9999 -9999 -9999 -9999 -9999 -9999 -9999 -9999 -9999 -9999 -9999 -9999 -9999 -9999 -9999 -9999 -9999 -9999 -9999 -9999 -9999 -9999 -9999 -9999 -9999
-9999 -9999 -9999 -9999 -9999 -9999 -9999 -9999 -9999 -9999 -9999 -9999 -9999 -9999 -9999 -9999 -9999 -9999 -9999 -9999 -9999 -9999 -9999 -9999 -9999 -9999 -9999 -9999 -9999 -9999 -9999 -9999 -9999 -9999 -9999 -9999 -9999 -9999 -9999 -9999 -9999 -9999 -9999 -9999 -9999 -9999 -9999 -9999 -9999 -9999 -9999 -9999 -9999 -9999 -9999 -9999 -9999 13.8279244845564 1.65775325468608 2.05899890444495 1.80463827507836 1.53963492946191
-9999 -9999 -9999 -9999 -9999 -9999 -9999 -9999 -9999 -9999 -9999 -9999 -9999 -9999 -9999 -9999 -9999 -9999 -9999 -9999 -9999 -9999 -9999 -9999 -9999 -9999 -9999 -9999 -9999 -9999 -9999 -9999 -9999 -9999 -9999 -9999 37.1749906539917 -9999 3.33889442682266 2.87083463809069 -9999 -9999 2.31100702285767 2.32197300451142 2.55992751462119 2.56382209488324 2.25957836096103 1.90682131510514 1.84208959799546 2.4305494427681 1.85764729976654 2.17965163503374 -9999 -9999 -9999 2.50130216564451 1.99625029013707 2.0419096567414 1.81147731705145 1.65216691114686 1.50796299901876 1.42684177841459
-9999 -9999 -9999 -9999 -9999 -9999 -9999 -9999 -9999 -9999 -9999 -9999 -9999 1.36499348824674 2.56781539709672 1.84102313071489 1.18564203009009 1.72381773997437 1.12509450316429 -9999 -9999 -9999 -9999 -9999 -9999 -9999 -9999 -9999 1.72424106512751 2.09874551743269 2.56722521781921 2.80995744466782 -9999 3.66949796676636 -9999 -9999 -9999 -9999 2.96852399781346 2.21726481403623 2.42949175834656 2.18769544363022 2.20224313094066 1.90649767563893 1.8074476306255 1.99086721454348 2.05065781729562 1.97362836049153 1.97942583836042 1.65317851534257 1.58777923079637 1.58921907498286 1.97180223464966 2.3298681974411 1.74044406872529 1.75866262270854 1.86651525130639 1.31411898136139 1.24205684203368 1.34792819406305 1.17499449849129 1.3029665350914
-9999 -9999 -9999 -9999 -9999 -9999 -9999 -9999 -9999 -9999 3.94307694227799 3.11823791563511 2.14037486126548 1.89808087913614 0.993763413280249 0.968793902546167 0.99149314686656 1.08511217683554 1.3713161945343 1.4878180197307 3.5837497321733 -9999 1.51324159783476 1.44783132523298 1.68123997660244 -9999 -9999 1.68165435928565 1.74569698251211 1.68253751442983 2.41833603382111 2.25175573275639 2.42012205719948 2.52989248931408 -9999 -9999 3.24533864430019 3.45328795909882 2.70932203531265 2.64739683041206 2.52636180474208 2.38279847915356 2.16358222411229 2.06269421944251 2.03415438762078 2.01154571771622 1.95141172409058 1.86032727360725 1.77704247832298 1.5009030516331 1.4817295899758 1.51781799701544 1.51843835757329 1.53966508805752 1.52575219136018 1.50872822449757 1.40053008071014 1.21166808690344 1.14187055826187 1.10825680196285 0.694632640108466 1.04741021990776
-9999 -9999 -9999 -9999 -9999 -9999 -9999 -9999 -9999 3.96144546568394 2.63066505130969 1.69659149646759 1.29569977521896 1.12568380801301 1.05344851236594 1.2814313103171 1.60664701461792 1.72442119382322 1.67410406470299 1.66089915377753 1.55987672507763 1.74659950733185 1.8197779910905 1.93207988568715 1.92900231906346 1.97997512136187 2.07079377770424 1.939076762933 2.10075506567955 1.92215979950769 1.88560624633517 2.16535529494286 2.17939469218254 2.13243073225021 3.09640672115179 3.21264284849167 3.27597285692508 2.36901301145554 3.07939087067332 2.77863971676145 2.38943108687034 2.35236735985829 1.66393722295761 1.46558443307877 2.04422253370285 1.69832876324654 1.57332572340965 1.54233047366142 1.32708596438169 1.20422723889351 1.14931338493313 1.08671025931835 1.1030299110072 1.11340197920799 1.1409692466259 1.11163238755294 1.09573320086513 1.05554822725909 0.655020045546385 1.0286120865494 0.653356952162889 0.628430677311761
-9999 -9999 -9999 -9999 -9999 -9999 -9999 -9999 -9999 2.25682389736176 1.40757152438164 0.728909595924265 1.37703373096883 1.26360073685646 1.28491973876953 1.38375584408641 1.32378896727012 1.36224296230536 1.53787901997566 1.57622320737158 1.67744452612741 1.70306705577033 1.61440896987915 1.64155999251774 1.56879981075014 1.70355744021279 1.39234854493822 1.62748943056379 1.47070971131325 1.65396247591291 1.7756282389164 1.63019227293821 1.76317240297794 2.04979978157924 2.4209668636322 2.90799384457724 3.1117442888873 2.30767039610789 3.02849950534957 2.77885444675173 2.51851588061878 2.17623540071341 1.82175214015521 1.29900405406952 1.75552729999318 1.57411667704582 1.30236852169037 1.1578033156693 1.11037888750434 1.00337837263942 0.627668615430593 0.922405303401106 0.952734841033816 0.982291086443833 0.960335888899863 0.971663919277489 0.634490257501602 0.947780750691891 0.657878586224147 1.02388715185225 1.10131862573326 0.602340996265411
-9999 -9999 -9999 -9999 -9999 -9999 -9999 -9999 1.58989406556919 1.34153855144978 1.40291523305993 0.614708157522338 1.25135176442564 0.763480028137565 0.842313900589943 1.22612281143665 1.10072558201276 1.15500727295876 1.13788551092148 1.22317425906658 1.32553462454906 1.48667155664701 1.57890912088064 1.42667009149279 0.805393925734929 0.797230929136276 0.888189017772675 1.29229088340487 1.33492252230644 1.37458980083466 1.39841449260712 1.65003268207823 1.72476750612259 1.78555112160169 1.85031735471317 2.24338461245809 2.56793237583978 2.75851454053606 2.8334179861205 2.6662811764649 2.61938706891877 2.25433060526848 1.58777959732448 0.871625421568751 0.852270098403096 1.32589426636696 1.12679535895586 1.10740980505943 1.09236079081893 0.578583887394737 0.974791028536856 0.796193793416023 0.823113980392615 1.02095069177449 1.03810482379049 1.02914168313146 0.893369891680777 0.918017948046327 0.977369943085839 1.00190356461441 0.692613446941743 0.690904553119953
1.8034553527832 1.2778231104215 1.99245350807905 1.56879834383726 -9999 -9999 -9999 2.04069779600416 1.62221695929766 1.45223767792477 0.794600975864074 0.727293969953761 0.686246700146619 0.697605174253969 0.740424708408468 0.62647669762373 0.731441287617934 0.794519366696477 1.01338174939156 1.04776473343372 1.04706387107189 1.09292732408414 1.1356551268926 1.25739151239395 1.2593699991703 1.20225626137108 1.16647712979466 1.15561464708298 1.0123614842693 1.0150610357523 0.830061405897141 0.921856945753098 1.2842685341835 1.3040679037571 1.46464828721115 1.3771858385631 1.42271035909653 1.45840962231159 1.67811076130186 1.77353048324585 0.641201332211494 0.610359347041915 0.988787122070789 0.613945244866259 0.60367950797081 0.574668495970614 1.01657064724714 1.06791483610868 1.05777963157743 0.852057227721581 0.480783207075936 0.491231994969504 0.529211792349815 0.565714466571808 0.581583946943283 1.03021945338696 0.889302949110667 0.904555107156436 0.788551377022968 0.875727713984602 0.759260894996779 0.595762729644775
0.638569501228631 0.604639706867082 0.612528204917908 0.675590202212334 0.756041967868805 0.831828814744949 0.870012854828554 0.962196746841073 1.12550650624668 0.839929694930712 0.739658240886296 0.740116078187438 0.636565823640142 0.736604751032941 0.703324501128758 0.76879567433806 0.774346979225383 0.793487974826027 0.85707055996446 0.997921034693718 0.722118873806561 1.12254295684397 1.12793488707393 0.666518277105163 0.70168651026838 0.675887864302186 0.918519054849942 0.778758265078068 0.898229938219575 0.931950727806372 0.90178486178903 0.900940449798808 0.956264166270985 0.973281057441936 0.97026011099418 0.976807147264481 0.949194279809793 0.664564445614815 0.685533179956324 0.644407237277311 0.621658021036316 0.936003006994724 0.602716331972795 0.590128861805972 0.574698712895898 0.574802422348191 1.02061972115189 0.563994745121283 0.563751274171998 0.896040032689388 0.470422491431236 0.464051246643066 0.561458903551102 0.538077190518379 1.04974052030593 1.03739146356072 0.729169708490372 0.604687887430191 0.664832931756973 0.745878741145134 0.596471980214119 0.579011261463165
0.626290188304016 0.677755343914032 0.705882731080055 0.633725907121386 0.748925047261374 1.03589551895857 1.37752800062299 1.00203235074878 0.895599218085408 0.929941758513451 0.710866408422589 0.719612337648869 0.629227884113789 0.60033986158669 0.633719069883227 0.687875484718996 0.666548312586897 0.587555205997299 0.830078259110451 0.904858849011362 1.09604176878929 0.582087757331984 0.780806574225426 0.876191837092241 0.920439009865125 0.826980834205945 0.945994754880667 1.003186677893 1.0018568833669 1.0003274405996 0.996003980437914 0.974116208652655 0.922105046610038 0.931632896264394 1.03250216810327 0.957636100550493 0.636833436348859 0.635670966961805 0.65147116867935 0.644257903975599 0.675318602253409 0.806017085909843 0.598714707528844 0.592765191898626 0.602939165690366 0.600449373616892 1.07632311154157 1.08357158303261 1.06326333247125 0.492810010910034 0.484208509325981 0.565476754307747 1.11305347457528 0.532365494966507 1.11752130277455 1.03892671068509 0.969647005200386 0.720117522137506 0.709024209242601 0.698745688566795 0.690050466494127 0.68516515601765
0.492568606138229 0.444767353790147 0.452866131439805 0.564817036573704 0.70423549413681 0.763206243515015 0.67336511425674 1.21347898989916 0.884809965267777 0.914123905822635 0.658926470205188 0.60840018466115 0.519284567662648 0.531702218311174 0.608596310019493 0.57246877691325 0.611345808953047 0.626500686630607 0.650199804235907 0.943845162168145 0.967859602533281 0.842666099468867 0.864352509379387 0.888064742088318 0.924627179900805 0.815089034683564 0.976487378279368 1.0166063606739 1.00812346488237 0.852402755618095 0.81854884326458 0.954342417418957 1.01909749445162 0.934859648346901 1.01473261266947 0.620412852082934 0.887396365404129 1.07987952729066 1.07391863316298 0.943489899237951 0.801683384180069 0.815417376160622 0.647735819220543 0.657227646778612 0.637877467800589 0.517948616828237 0.944808025772755 0.924740133377222 1.0652783587575 0.60699565410614 0.540280606065478 0.537172742761098 0.616251949220896 0.775018204003572 0.715797804869138 0.661593415520408 0.675992326302962 0.687305583195253 0.752428585832769 0.763557623733174 0.770928364992142 1.01021456122398
0.393584649264812 0.404857002198696 0.335992934448378 0.503144648785775 0.565162061154842 0.63391769528389 0.528888484463096 0.585826175553458 0.551361378282309 0.494282784206527 0.4956274330616 0.633462686287729 0.653055801987648 0.572154644876719 0.622019151225686 0.551597958978485 0.579681129140012 0.596864375121453 0.605518223717809 0.661333206295967 0.828684496382872 0.884476599593957 0.902162951727708 0.670993407070637 0.891794895424562 1.00975581258535 1.03095833212137 1.03404110918442 1.0055857176582 0.922247055698843 1.03543074801564 1.00898660793901 0.869818068602506 1.03020399436355 0.908781477808952 0.763203307986259 0.683786368795804 0.92310115851854 0.92182636104132 1.14623196919759 1.28079497463563 1.31311390505118 1.17537565617 0.648876741528511 0.653023852144971 0.621210794238483 0.597690375521779 1.08272624015808 1.03189873695374 1.05323448777199 0.688754154369235 0.719551982358098 0.661145181818442 0.669266870076006 0.656105441125956 0.677285183559764 0.842415511608124 0.957958394830877 1.00581314888867 1.0609349174933 1.21131600575014 1.29294286803766
0.459459938108921 0.411359389126301 0.509810202261981 0.448305349051952 0.448809754103422 0.517023565247655 0.591335167487462 0.699089251458645 0.540899064391851 0.62852830812335 0.611575225466176 0.58868154569676 0.593065350463516 0.586977488900486 0.527935884454671 0.526341129751766 0.553690266083269 0.694339776411653 0.604878318660399 0.763764123706257 0.81544184914002 0.830768672319559 0.789678748916177 0.845409708864549 0.842009998419706 1.01256391312927 0.993450519628823 0.894951886990491 0.860701823935789 1.01255635917187 0.982013337314129 0.713986184667138 1.00791441436325 0.848416118060841 0.983311861753464 0.863699443638325 0.93774551153183 1.28643351048231 1.04327482836587 1.21341128647327 1.1350494909745 1.32520401477814 0.749343477762662 0.824314501136541 0.678118938908857 0.684950593639823 0.56501989705222 0.590882350291525 0.935462662806878 0.612964172448431 0.701011077924208 0.675555943088098 0.710731074213982 0.807084279981526 0.851125721227039 0.934069275856018 1.31165810335766 1.50515679066831 1.65724352814934 1.88940492043128 1.9172514631198 2.21711200475693
0.580106685558955 0.501921511794391 0.5667947580417 0.385048730032785 0.404926807752677 0.467688006162643 0.502004826441407 0.510472794994712 0.535103995352983 0.549421587958932 0.561968257650733 0.555533241480589 0.520620368421078 0.753170153924397 0.789041915110179 0.974489916312067 0.585473522543907 0.832149734099706 0.771013095974922 0.897122952498888 0.827382758259773 0.917975254929983 1.1386406198144 1.0986336870119 1.0856299046427 1.13059218227863 1.08942232682155 1.08316409358611 1.03645642216389 0.969544763748462 1.13343247957528 1.13709011860192 0.951550014317036 1.06033709645271 1.19170977473259 0.997943446040154 1.37713629007339 0.90845362842083 0.882451126208672 1.15658671466204 0.804682320356369 0.801202493906021 0.867512989502687 0.851120442152023 0.767450480588845 0.836220599710941 0.671452760696411 0.850855383006009 0.934675390070135 1.10824963908929 1.10505134211137 0.835116042332216 1.1348935474049 1.28696460615505 1.46097031506625 1.61697206172076 2.26871731333489 -9999 -9999 -9999 -9999 -9999
0.569874818126361 0.49416039178246 0.519498192347013 0.384670900509638 0.391798322691637 0.447505483031273 0.498732475563884 0.498913496732712 0.544983750209212 0.455506213009357 0.503848867490888 0.522491253912449 0.532918855547905 0.78473829797336 0.754281342029572 0.484780870378017 0.585512816905975 0.618576569482684 0.611335760530303 0.869497004896402 0.983674862422049 1.09720033407211 1.08998600207269 1.02671634157499 1.02849212288857 1.11422295295275 1.10395063574498 1.11257529258728 1.25854841972652 1.01287490817217 1.02675298085579 0.999353087865389 1.00916141271591 1.07230381965637 1.12325085997581 1.17484502281461 1.60211351513863 0.904190897941589 0.944001962741216 1.14656930703383 1.19248171523213 0.90073179602623 1.16101952928763 1.00463785804235 0.884746855923108 0.735211140730164 0.624768957495689 0.755158152092587 0.902768928896297 1.07155779004097 1.16146785427224 1.44981535727328 1.42042177644643 1.69030420219197 1.75129763122465 -9999 -9999 -9999 -9999 -9999 -9999 -9999
0.556826258699099 0.556169753273328 0.549471353229724 0.42818184569478 0.446419984102249 0.483607789501548 0.472382711676451 0.461036266042636 0.49559706564133 0.561109383191381 0.583115592598915 0.509709916570607 0.533360194633989 0.542244798996869 0.515551364421845 0.545706355396439 0.819575677625835 0.806112893857062 0.825942006893456 1.04537887964398 1.14611286856234 1.2048779334873 1.14338491670787 1.1153010148555 1.1260874401778 1.19358403980732 1.14753598891772 1.05922499824973 1.83242906630039 -9999 -9999 -9999 -9999 -9999 -9999 3.14426672458649 2.8849006797138 0.92516565322876 0.873451014359792 1.01328396946192 1.01059821546078 0.966200825572014 0.917244745926423 0.941246402263641 1.08745610255461 0.793358275294304 0.697023448348045 0.955599977211519 1.08235824108124 1.30060458996079 1.67287108573047 1.98929085731506 1.26284358501434 1.9762424826622 1.97624230384827 -9999 -9999 -9999 -9999 -9999 -9999 -9999
0.48406545817852 0.390625831271921 0.432692337781191 0.603198211107935 0.567977748811245 0.562716990709305 0.596107705072923 0.581984309987588 0.529958655888384 0.510643005371094 0.415640131703445 0.486886274288682 0.571051654219627 0.57749263048172 0.537155002355576 0.553296598792076 0.646078631281853 0.938298523426056 0.985603244975209 1.07355353515595 1.11886652000248 1.12064905464649 1.13456833083183 1.0910818297416 1.08752234838903 0.94846492328427 1.13279498081941 1.18980031288587 1.20466613311034 -9999 -9999 -9999 -9999 -9999 -9999 -9999 1.30649724873629 1.14437671683051 0.876066426436106 1.02934084832668 1.0111988067627 1.02687672972679 0.991235120594501 0.942464208061045 0.97884048927914 0.796943682432175 0.697261199355125 0.691792184114456 0.754308307170868 1.56617415547371 1.90421159863472 1.92874036431313 -9999 -9999 -9999 -9999 -9999 -9999 -9999 -9999 -9999 -9999
0.385613244026899 0.391997627913952 0.408564750105143 0.519250786618183 0.548811889792743 0.468395993113518 0.452390626072884 0.45668051764369 0.444130031391978 0.483060797347742 0.484525351839907 0.69583900552243 0.677447726950049 0.597265151143074 0.57370608150959 0.545622611045837 0.509458494186401 0.681764636188745 1.19825398921967 1.41528243288912 0.818394109710947 1.0131267786026 1.21422996960188 1.02064746245742 1.06022251211107 1.06971168704331 1.02868023365736 1.21472237706184 1.63006034264198 -9999 -9999 -9999 -9999 -9999 -9999 -9999 14.1548296565359 1.69189527088946 1.55471738902005 0.959397134184837 0.894100745022297 1.03754184097052 1.0071234986186 1.15380713045597 1.22705381512642 1.16202332675457 0.869448979695638 0.946179320414861 0.8774141172568 1.31123576760292 1.81540510654449 2.91757426857948 5.60156593322754 -9999 -9999 -9999 -9999 -9999 -9999 -9999 -9999 -9999
0.464862003922462 0.37248717887061 0.399614893964359 0.451263936236501 0.454030862625907 0.702528404501768 0.505267665666692 0.464048797264695 0.461020505055785 0.751390446837132 0.436028569936752 0.752371695179206 0.73004435805174 0.593468108773232 0.584362494094031 0.565809539386204 0.536299958825111 0.575683161616325 0.767831283457139 0.651005728170276 0.951464738696814 0.787566035985947 0.853703733533621 1.27207358066852 1.27250099723989 1.18983595750549 1.2439541220665 1.30203387141228 1.38304098447164 1.69241514801979 -9999 -9999 -9999 -9999 -9999 -9999 -9999 2.50942176894138 3.8239119662795 1.67174565090853 1.58062320030653 1.49044849276543 1.61742232739925 2.0988531768322 2.09304555058479 1.61407518386841 1.57150141596794 1.62100691199303 1.07695082823435 1.8588815331459 2.53045502901077 2.73474215544187 3.81128941893194 -9999 -9999 -9999 -9999 -9999 -9999 -9999 -9999 -9999
0.393899799457618 0.387721289481436 0.356290378740856 0.457180861383677 0.472501588985324 0.459306983993604 0.470437676860736 0.744500659979307 0.815772527685532 0.893765244632959 0.826128368194287 0.838063342066912 0.829462534533097 0.544229942560196 0.608394090618406 0.619739770889282 0.597617881638663 0.563560849428177 0.507449738681316 0.877073019742966 0.715986873954535 0.775007531046867 1.12061332280819 1.3078448336858 1.29677667942914 1.30047731445386 1.32064761221409 1.33974675834179 1.26220175623894 1.40030868848165 -9999 -9999 -9999 -9999 -9999 -9999 -9999 -9999 -9999 -9999 -9999 -9999 -9999 -9999 -9999 -9999 3.65490746498108 2.0610612809658 2.00761234760284 3.11770459834267 -9999 -9999 -9999 -9999 -9999 -9999 -9999 -9999 -9999 -9999 -9999 -9999
0.666194915771484 0.538020372390747 0.55885836482048 0.549613885581493 0.461207877312388 0.469417677475856 0.483390521544677 0.819289147853851 0.845791308925702 0.88142271225269 0.666881993412971 1.1221573613584 1.08360767550766 0.931823238730431 0.600676078881536 0.57797549026353 0.591531440615654 0.557390406727791 0.879517272114754 0.937225982546806 0.978664249181747 1.06970115657896 1.32037873451526 1.37865847349167 -9999 -9999 -9999 1.19341465830803 1.0915615260601 1.04159848888715 1.66241363286972 -9999 -9999 -9999 -9999 -9999 -9999 -9999 -9999 -9999 -9999 -9999 -9999 -9999 -9999 -9999 -9999 -9999 -9999 -9999 -9999 -9999 -9999 -9999 -9999 -9999 -9999 -9999 -9999 -9999 -9999 -9999
0.5177316153422 0.505839449517867 0.498335559578503 0.505487125586061 0.761985205113888 0.79835132136941 0.789794642478228 0.835488490187205 0.980845131911337 1.03116574510932 1.17574981413782 1.17157974187285 1.02869627438486 0.989701271057129 0.949049631133676 0.943276754580438 0.968760170973837 0.615987840294838 0.630752448524748 0.911734726279974 1.13586981967092 1.16808043699712 1.24860075116158 1.46770319342613 1.63677096366882 1.67170572280884 1.56528317928314 1.5534645318985 1.28474660714467 1.1628869275252 1.55256966749827 2.2676188678577 -9999 -9999 -9999 -9999 -9999 -9999 -9999 -9999 -9999 -9999 -9999 -9999 -9999 -9999 -9999 -9999 -9999 -9999 -9999 -9999 -9999 -9999 -9999 -9999 -9999 -9999 -9999 -9999 -9999 -9999
0.711805653572082 0.842160284519195 0.838109761476517 0.774427004158497 0.825648766011 0.947479820810258 0.966600336134434 0.999520190991461 1.16147967986763 1.23221459984779 1.36223671585321 0.970242811100824 0.924173571742498 0.844431504607201 0.88514381274581 0.888493865728378 1.0483788382262 1.02890327572823 0.88564420118928 1.06306272745132 0.996241886168718 1.06686464945475 1.14054534832637 1.35123962163925 1.6455844938755 1.64160845677058 1.54172550141811 1.13569205999374 1.19778428475062 1.47661924362183 1.95215737819672 1.73504738509655 -9999 -9999 -9999 -9999 -9999 -9999 -9999 -9999 -9999 -9999 -9999 -9999 -9999 -9999 -9999 -9999 -9999 -9999 -9999 -9999 -9999 -9999 -9999 -9999 -9999 -9999 -9999 -9999 -9999 -9999
0.932862248271704 0.80815039947629 0.491766815384229 0.571645230054855 0.56210491557916 0.922408777933854 1.08265708730771 1.30186390690506 1.10671066320859 1.11892275397594 1.09726710732167 1.04783402383327 0.909379318356514 1.05554308891296 1.2303229868412 1.25011998414993 1.07789691963366 0.62166741354899 0.905597195029259 0.921011511236429 1.00690295174718 1.17696640267968 1.25894574820995 1.43985712528229 1.46095577875773 1.48669171333313 1.16880541741848 1.09129920601845 1.23811698953311 1.35202399889628 1.61660977204641 -9999 -9999 -9999 -9999 -9999 -9999 -9999 -9999 -9999 -9999 -9999 -9999 -9999 -9999 -9999 -9999 -9999 -9999 -9999 -9999 -9999 -9999 -9999 -9999 -9999 -9999 -9999 -9999 -9999 -9999 -9999
