EcologicalScience/Bass/data/rs_data_bass/chl_315.asc
NCOLS 226 
NROWS 124 
XLLCORNER -9.41648524995501 
YLLCORNER 47.587301625531 
CELLSIZE 0.0833 
NODATA_value -9999 
[rows 54 to 80 of 124, columns 0 to 61 of 226]
-9999 -9999 -9999 -9999 -9999 -9999 -9999 -9999 -9999 -9999 -9999 -9999 -9999 -9999 -9999 -9999 -9999 -9999 -9999 -9999 -9999 -9999 -9999 -9999 -9999 -9999 -9999 -9999 -9999 -9999 -9999 -9999 -9999 -9999 -9999 -9999 -9999 -9999 5.16621397904666 3.22807544820449 2.73887678235769 2.3304598107934 1.91831783205271 1.61120673827827 1.65867057815194 1.66730063036084 1.61573269218206 1.38361841440201 1.30095107214791 1.30280599849565 1.31820629749979 1.2966477807079 1.31812005809375 1.56368848468576 1.97406295793397 2.18758861081941 2.39440586737224 2.59708650623049 -9999 0.607058599591255 0.62790758907795 2.29455362195554
-9999 -9999 -9999 -9999 -9999 -9999 -9999 -9999 -9999 -9999 -9999 -9999 -9999 -9999 -9999 -9999 -9999 -9999 -9999 -9999 -9999 -9999 -9999 -9999 -9999 -9999 -9999 -9999 -9999 -9999 -9999 -9999 -9999 -9999 -9999 -9999 -9999 -9999 -9999 1.98740653196971 3.19881903699466 3.90987387299538 2.90534505844116 2.05440002679825 1.62133540213108 1.48127846717834 1.46955213546753 1.43989661894739 1.36463082688195 1.32839155835765 1.33595823603017 1.35697126814297 1.61978197523526 1.82371820722307 2.19693982601166 2.34210203800883 2.89929566904902 2.51395799383263 -9999 -9999 -9999 -9999
-9999 -9999 -9999 -9999 -9999 -9999 -9999 -9999 -9999 -9999 -9999 -9999 -9999 -9999 -9999 -9999 -9999 -9999 -9999 -9999 -9999 -9999 -9999 -9999 -9999 -9999 -9999 -9999 -9999 -9999 -9999 -9999 -9999 -9999 -9999 -9999 -9999 -9999 -9999 -9999 2.23642657910074 2.71766602993011 1.91589340567589 1.89435239349093 1.78166822663375 1.65105038242681 1.61545345825808 1.53099971371038 1.53145765619619 1.51396698398249 1.36489593131202 1.47594685001033 1.78277578098433 1.89147180318832 2.198166093656 2.42616801176752 2.56281948515347 2.31348152831197 2.58427152037621 -9999 -9999 -9999
-9999 -9999 -9999 -9999 -9999 -9999 -9999 -9999 -9999 -9999 -9999 -9999 -9999 -9999 -9999 -9999 -9999 -9999 -9999 -9999 -9999 -9999 -9999 -9999 -9999 -9999 -9999 -9999 -9999 -9999 -9999 -9999 -9999 -9999 -9999 -9999 -9999 -9999 -9999 -9999 2.12104003994088 2.24326967341559 2.05538901686668 1.97211028422628 1.9173267526286 1.77911631550108 1.67464791451182 1.69230239944799 1.64352324179241 1.65524395874568 1.64706799813679 1.43559860970293 1.54483873077801 1.67211124726704 1.88270649739674 2.02904011947768 2.14178743958473 2.50259782586779 2.45414138266018 2.34888370973723 4.04643519222736 -9999
-9999 -9999 -9999 -9999 -9999 -9999 -9999 -9999 -9999 -9999 -9999 -9999 -9999 -9999 -9999 -9999 -9999 -9999 -9999 -9999 -9999 -9999 -9999 -9999 -9999 -9999 -9999 -9999 -9999 -9999 -9999 -9999 -9999 -9999 -9999 -9999 -9999 -9999 -9999 -9999 -9999 2.52877108007669 2.14446497389248 2.13348817825317 2.02192742483956 1.96812673125948 1.80990969708988 1.74679528176785 1.7609447900738 1.74547528369086 1.63622044878347 1.46201552024909 1.61094640833991 1.70247474099909 1.80243687757424 1.75241986768586 1.94404442182609 2.21766774569239 2.19983532173293 2.26038380180086 2.60758827254176 -9999
-9999 -9999 -9999 -9999 -9999 -9999 -9999 -9999 -9999 -9999 -9999 -9999 -9999 -9999 -9999 -9999 -9999 -9999 -9999 -9999 -9999 -9999 -9999 -9999 -9999 -9999 -9999 -9999 -9999 -9999 -9999 -9999 -9999 -9999 -9999 -9999 -9999 -9999 -9999 -9999 -9999 2.19283004183518 2.4186091542244 2.37422517538071 2.27267783135176 2.01534308706011 1.97567656210491 1.74254694368158 1.74686293729714 1.68357791432313 1.42679648739951 1.25161449398313 1.68517697070326 1.69690796945776 1.78505046027047 1.81382600324494 1.92590724144663 2.27223078693662 2.2418221618448 1.43389948389747 -9999 -9999
-9999 -9999 -9999 -9999 -9999 -9999 -9999 -9999 -9999 -9999 -9999 -9999 -9999 -9999 -9999 -9999 -9999 -9999 -9999 -9999 -9999 -9999 -9999 -9999 -9999 -9999 -9999 -9999 -9999 -9999 -9999 -9999 -9999 -9999 -9999 -9999 -9999 -9999 -9999 -9999 2.88626305013895 2.82440216200692 2.56471220031381 2.10009652376175 2.17243456840515 1.8175175594432 1.67081982748849 1.6078197828361 1.61891756313188 1.63617511945111 1.40918807898249 1.30240415249552 1.4472545002188 1.68749072722026 1.78735202550888 1.85202504055841 2.02342319062778 -9999 -9999 7.57364818453789 2.81322804093361 3.01973720267415
-9999 -9999 -9999 -9999 -9999 -9999 -9999 -9999 -9999 -9999 -9999 -9999 -9999 -9999 -9999 -9999 -9999 -9999 -9999 -9999 -9999 -9999 -9999 -9999 -9999 -9999 -9999 -9999 -9999 -9999 -9999 -9999 -9999 -9999 -9999 -9999 -9999 -9999 -9999 3.14843520149589 2.94373712316155 2.60946953722409 2.3980351133006 2.18928966777665 1.81328915911061 1.74481157064438 1.64690444469452 1.65887904805796 1.58452855263438 1.55609596201352 1.52116851322353 1.43274159729481 1.44119390286505 1.35423873066902 1.44854882359505 1.48648428320885 2.30220844490188 2.04761783991541 2.14452218157904 2.24715541516032 2.41050370676177 2.57114172833306
-9999 -9999 -9999 -9999 -9999 -9999 -9999 -9999 -9999 -9999 -9999 -9999 -9999 -9999 -9999 -9999 -9999 -9999 -9999 -9999 -9999 -9999 -9999 -9999 -9999 -9999 -9999 -9999 -9999 -9999 -9999 -9999 -9999 -9999 -9999 -9999 -9999 -9999 -9999 3.1221327111125 2.51217202203614 2.19347448859896 1.87821032106876 1.68347874283791 1.59182557889393 1.51441481070859 1.37832404375076 1.48456892184913 1.52602758828331 0.835322799051509 0.857582283370635 1.4564503878355 1.52358031645417 1.22702847208296 1.93313663772174 1.9839113014085 1.92253939594541 1.74986871651241 1.84993614895003 1.91371989675931 1.86502486467361 2.1929321203913
-9999 -9999 -9999 -9999 -9999 -9999 -9999 -9999 -9999 -9999 -9999 -9999 -9999 -9999 -9999 -9999 -9999 -9999 -9999 -9999 -9999 -9999 -9999 -9999 -9999 -9999 -9999 -9999 -9999 -9999 -9999 -9999 -9999 -9999 -9999 -9999 -9999 -9999 3.39215600118041 2.47880735993385 2.01485958695412 1.71885296702385 1.54935260117054 1.46500088274479 1.38569097965956 1.42793108522892 1.39058057963848 1.3151952113424 1.27398154991014 0.803015362690477 1.29807173992906 1.55935111641884 1.69779457364764 1.68433814815113 1.46938422322273 1.63168209046125 1.63150763511658 1.68872335553169 1.7207045853138 1.77195195640836 1.88999137708119 2.49861376200403
-9999 -9999 -9999 -9999 -9999 -9999 -9999 -9999 -9999 -9999 -9999 -9999 -9999 -9999 -9999 -9999 -9999 -9999 -9999 -9999 -9999 -9999 -9999 -9999 -9999 -9999 -9999 -9999 -9999 -9999 -9999 -9999 -9999 -9999 -9999 -9999 -9999 -9999 2.94779581949115 2.30287984013557 1.90111282467842 1.74861636757851 1.44369712471962 1.39780350029469 1.34061415493488 1.38867039978504 1.30141374468803 0.940983983186575 0.887605059605378 0.880065821549472 0.985433014539572 1.4478822009904 1.48042580485344 1.48027645796537 1.44471178948879 1.29897175729275 1.49352669715881 1.51684258878231 1.59517832100391 1.70661106705666 1.89507068693638 2.2158772200346
-9999 -9999 -9999 -9999 -9999 -9999 -9999 -9999 -9999 -9999 -9999 -9999 -9999 -9999 -9999 -9999 -9999 -9999 -9999 -9999 -9999 -9999 -9999 -9999 -9999 -9999 -9999 -9999 -9999 -9999 -9999 -9999 -9999 -9999 -9999 -9999 -9999 2.44305426340837 2.1456723511219 1.89266243577003 1.70626419782639 1.52494239807129 1.33857487142086 1.31692796945572 1.29238875210285 1.25066965073347 1.21487825683185 0.864512120301907 0.87343523135552 0.872410063560192 1.0906108549008 1.30233573455077 1.4455693513155 1.58064860105515 1.53767809271812 1.38119412958622 1.40066538751125 1.45459505170584 1.56273430585861 1.70960757136345 1.84927159547806 1.99610882997513
-9999 -9999 -9999 -9999 -9999 -9999 -9999 -9999 -9999 -9999 -9999 -9999 -9999 -9999 -9999 -9999 -9999 -9999 -9999 -9999 -9999 -9999 -9999 -9999 -9999 -9999 -9999 -9999 -9999 -9999 -9999 -9999 -9999 -9999 -9999 -9999 -9999 2.68176132068038 2.17352396249771 1.59317100048065 1.48680192232132 1.38736237585545 1.29303073883057 1.20298723876476 1.12965026497841 0.836457307522114 0.849500154073422 0.851112333627848 0.953186851281386 1.16647428961901 1.2873037904501 1.37632408738136 1.60590665893895 1.59026091865131 1.61008329902376 1.59131469471114 1.30014386028051 1.50031287968159 1.59936186671257 1.85164898633957 2.05505545437336 1.92924606800079
-9999 -9999 -9999 -9999 -9999 -9999 -9999 -9999 -9999 -9999 -9999 -9999 -9999 -9999 -9999 -9999 -9999 -9999 -9999 -9999 -9999 -9999 -9999 -9999 -9999 -9999 -9999 -9999 -9999 -9999 -9999 -9999 -9999 -9999 -9999 -9999 3.23093374818563 2.64543386176229 2.08199742436409 1.56462040543556 1.39261874556541 1.32310688495636 1.19804812967777 1.12046027183533 1.07394897937775 0.771628026778881 0.773804539671311 0.780380009458615 1.05106248763891 1.15520391555933 1.25403939932585 1.28721899539232 1.56371991336346 1.61924886703491 1.56415623426437 1.45842482149601 1.41329278051853 1.67702047526836 1.96670268476009 2.22263956069946 2.48883830010891 2.13756823539734
-9999 -9999 -9999 -9999 -9999 -9999 -9999 -9999 -9999 -9999 -9999 -9999 -9999 -9999 -9999 -9999 -9999 -9999 -9999 -9999 -9999 -9999 -9999 -9999 -9999 -9999 -9999 -9999 -9999 -9999 -9999 2.20061802864075 1.94807501882315 -9999 2.10493344068527 2.53012418431858 1.80751383304596 1.76931264996529 1.66208964586258 1.31868186593056 1.20600038766861 1.21914526820183 1.14374028146267 1.10607527196407 0.805002927780151 0.805097419023514 0.839971338327114 0.862404412948168 1.06435326658762 1.16727587122184 1.50868566334248 1.51234509050846 1.55354428291321 1.56631680577993 1.5478828176856 1.55949874222279 1.81364822387695 2.03133237361908 2.34918904304504 2.73116372525692 2.99964547157288 3.3145301086562
-9999 -9999 -9999 -9999 -9999 -9999 -9999 -9999 -9999 -9999 -9999 -9999 -9999 -9999 -9999 -9999 -9999 -9999 -9999 -9999 -9999 -9999 0.346259817481041 3.73489058017731 2.63935647266252 2.55379099079541 2.7131532898971 2.62519646542413 2.21243229880929 1.63858253695071 3.10719189047813 2.2406587600708 1.63683861494064 1.56883880496025 1.61945888400078 1.66196742653847 1.13168621063232 1.12138125300407 1.19186098873615 1.09711839258671 1.07750214636326 1.16344651579857 1.07325303554535 1.08653202652931 0.817133380816533 0.842506466003565 0.885651269784341 1.54593599587679 1.55564218759537 1.54803907871246 1.65565606951714 1.67701828479767 1.75766609609127 1.71721705794334 1.66529934108257 1.98881356418133 2.50721271336079 2.60358621392931 4.39036904363071 -9999 -9999 -9999
-9999 -9999 -9999 -9999 -9999 -9999 -9999 -9999 -9999 -9999 -9999 -9999 -9999 -9999 -9999 -9999 -9999 -9999 -9999 -9999 -9999 -9999 1.94828176924161 1.86945759824344 2.1848152577877 2.3220479786396 2.35689935088158 2.41550517082214 2.27564737200737 2.39372693002224 2.10036492347717 1.59254698455334 1.38749250769615 1.31468099355698 1.15753349661827 1.15648278594017 1.04923045635223 0.905295789241791 0.938984960317612 1.04397600889206 1.0533307492733 1.61411619186401 1.27246052026749 1.13336777687073 0.800919523605933 0.886899322271347 1.52969996631145 1.75773751735687 1.83716623485088 1.86979143321514 1.76401706842276 1.47594357683108 1.650385255997 1.93416068645624 2.63462953269482 -9999 -9999 -9999 -9999 -9999 -9999 -9999
-9999 -9999 -9999 -9999 -9999 -9999 -9999 -9999 -9999 -9999 -9999 -9999 -9999 -9999 -9999 -9999 -9999 -9999 -9999 2.04676540539815 2.0162169188261 1.72778102383018 1.79115754365921 1.71082538366318 1.67130155861378 1.60277138650417 1.36682662367821 1.359021037817 1.13204026222229 1.17957074940205 1.13848087191582 1.10100035369396 1.09344488382339 1.06111201643944 1.21973025798798 1.1355667412281 1.16592371463776 0.988056778907776 0.948514491319656 1.01808303594589 1.15952324867249 1.57467377185822 2.05528575181961 0.911118254065514 0.83984293616735 0.874955899440325 1.46325526329187 1.56925535202026 1.95035998523235 1.98403018712997 2.0579774081707 -9999 -9999 -9999 -9999 -9999 -9999 -9999 -9999 -9999 -9999 -9999
-9999 -9999 -9999 -9999 -9999 -9999 -9999 -9999 -9999 -9999 -9999 -9999 -9999 -9999 -9999 -9999 -9999 2.22626248374581 2.16681118011475 1.77266760809081 1.6209933757782 1.44730840623379 1.3892036229372 1.33249349892139 1.0277760207653 1.05357827246189 1.14481951296329 1.09633196890354 0.965132653713226 0.916304245591164 0.905265748500824 0.896104484796524 0.903993353247643 2.00875568389893 1.51799547672272 2.14192807674408 2.15489780902863 1.51297116279602 0.926487028598785 0.847182020545006 0.830123752355576 1.03577375411987 1.1238277554512 0.816871732473373 0.854189061201536 1.57727420330048 1.70744705200195 2.07171583175659 1.84697153476568 1.8046110868454 1.34177795265402 -9999 -9999 -9999 -9999 -9999 -9999 -9999 -9999 -9999 -9999 -9999
-9999 -9999 -9999 -9999 -9999 -9999 -9999 -9999 -9999 -9999 -9999 -9999 -9999 -9999 2.03683888167143 1.89237089242254 1.6202899983951 1.55422322750092 1.63443638086319 1.40222774744034 1.22366720438004 1.30138085782528 1.1260664910078 1.30262660980225 1.03101713955402 1.05261147022247 0.916450873017311 0.900938987731934 0.834781877696514 0.85852537304163 0.800996638834476 0.862194746732712 0.896617144346237 0.929394766688347 1.01299761235714 0.984584212303162 0.943402111530304 0.916810512542725 0.841709733009338 0.872461766004562 0.855673998594284 0.858221977949142 0.880211502313614 0.895939975976944 0.869610346280611 1.48882782459259 1.66855432093143 1.90689118206501 2.00760391354561 2.02345636487007 1.80381914973259 1.98167781531811 -9999 -9999 -9999 -9999 -9999 -9999 -9999 -9999 -9999 -9999
-9999 -9999 -9999 -9999 -9999 -9999 -9999 -9999 -9999 -9999 -9999 3.22243208885193 1.48140622377396 1.41742217327867 1.37445911126477 1.30181202292442 1.23257777690887 1.21353563879217 1.21502411365509 0.949356395751238 0.912288658320904 1.52185240387917 1.26441639661789 1.14311322569847 1.00997664034367 0.908046014606953 0.931839756667614 0.984666377305984 0.84230625629425 0.894985511898994 0.86309140920639 0.861732378602028 0.929368481040001 0.971462264657021 1.0879054069519 1.01229746639729 0.927105367183685 0.87788513302803 0.880253493785858 0.8656485080719 0.860770851373672 0.870376765727997 0.902601271867752 0.951182059943676 0.915372270804185 1.46446984261274 1.53804603219032 1.65238104760647 1.81101347506046 2.06293012201786 1.6617069542408 -9999 -9999 -9999 -9999 -9999 7.15945296939029 3.96092329919338 5.05809108110575 4.89696537596839 4.22746935061046 -9999
-9999 -9999 -9999 -9999 -9999 -9999 -9999 -9999 -9999 1.38523168489337 1.3494146168232 1.40348289012909 1.25705057382584 1.16942219138145 1.12430319190025 1.13080931901932 0.995127849280834 1.00206310302019 1.07364180311561 0.888722788542509 2.20911853015423 2.05354008078575 1.33272407948971 1.12531726062298 0.784680023789406 0.682326503098011 0.810418479144573 0.976131029427052 0.665729239583015 0.595582500100136 0.92552062869072 0.905632495880127 0.889831870794296 0.892792493104935 0.957661136984825 0.95871976017952 0.92229862511158 1.15288925170898 1.91860151290894 0.840146750211716 0.483163520693779 0.581879988312721 0.620911493897438 0.952663242816925 0.958036035299301 1.55944571644068 1.54194498807192 1.58036917448044 1.56454537808895 1.73356801271439 1.72839453816414 1.5112732052803 1.86502580983298 7.80781713847456 2.05198246240616 2.11060280524767 2.00473181903362 2.57724855840206 3.75086842477322 7.99476630985737 7.09743124246597 -9999
-9999 -9999 -9999 -9999 -9999 1.32912968993187 1.3763714157618 1.34700535352413 1.58018809098464 1.33015040709422 1.21148108977538 1.13841419495069 1.00286193724189 0.95879111289978 0.869217737444809 0.889176934957504 0.913567405194044 0.837474152445793 0.769170481711626 0.746124214850939 2.49186377227306 1.65490271151066 0.347708255052567 0.324817501008511 0.306132741272449 2.24741327762604 0.666154868900776 0.798867616802454 0.994089022278786 0.93929323554039 0.950725883245468 0.972269251942635 0.964527368545532 1.10397563874722 1.29206058382988 1.4614269733429 1.43865925073624 0.564932271838188 0.567221269011497 0.543986231088638 0.519908264279366 0.674876242876053 1.54225614666939 1.0446968972683 1.35043948888779 1.32670402526855 1.37970139086246 1.50982137769461 1.48688956350088 1.45543732494116 1.64510430395603 1.79182671755552 1.83155407011509 1.75712636113167 1.86389973759651 1.9921455681324 2.05172722041607 2.3054546713829 3.47043740749359 4.19784733653069 4.40705502033234 5.98139823973179
-9999 -9999 -9999 -9999 -9999 1.02404625713825 1.12320376932621 1.36033818813471 1.23738260452564 1.48667109012604 1.19535013437271 1.23931131362915 0.983834463357925 0.852538457283607 0.77855684235692 0.746739242225885 0.798439025878906 0.778122786145944 0.699593194402181 0.664074268192053 3.13145618140697 0.422698482871056 0.527152508497238 0.322670996189117 1.10864598676562 1.02082109451294 0.873643573373556 0.906477421522141 1.01107867434621 0.97147424519062 1.10894997417927 1.28992652893066 1.73216676712036 1.75190699100494 1.21390123665333 1.92473775148392 2.20410221815109 0.576250478625298 0.576971232891083 0.579014986753464 0.633311256766319 0.686331734061241 1.73835937678814 1.60717387497425 1.79926479421556 1.45412577688694 1.25126669369638 1.21798635274172 1.29090102016926 1.29075970500708 1.37080562859774 1.43745368719101 1.49117024242878 1.53397487848997 1.65683732926846 1.77927169203758 1.76586300134659 1.62363454699516 0.790529251098633 2.32724088430405 1.44710867450787 1.71660304069519
-9999 -9999 -9999 -9999 -9999 1.03570613265038 1.14212394399302 0.51919050514698 1.01416429877281 1.01313218474388 1.0587457716465 0.933395797243485 0.890961954226861 1.07855205237865 0.857769779287852 0.677404551551892 0.635926513717725 0.709509974488845 0.441365987062454 0.441669747233391 0.413973748683929 0.513105735182762 0.972455620765686 0.762002397328615 1.0918760150671 1.0219859406352 1.17242958396673 1.16192477568984 1.17737991735339 1.16273438930511 1.34285210072994 1.19617798924446 1.45593751966953 1.34757113456726 2.94482593238354 3.5029102563858 0.59994900226593 0.590942233800888 0.643610268831253 0.634418249130249 0.691753506660461 2.42089278995991 2.69920009374619 0.696710988879204 1.93654656410217 1.6545511931181 1.31952746212482 1.20939434319735 1.2755479067564 1.232870221138 1.26127908378839 1.33568675071001 1.36061609536409 1.38319421559572 1.39587825536728 1.29671251773834 1.35641661286354 1.43585358560085 1.45102952420712 1.13144472241402 2.16497808694839 2.80746495723724
-9999 -9999 -9999 -9999 -9999 0.830603264272213 1.07434439659119 1.0013974905014 1.0124294757843 1.00533094406128 1.00632994089808 0.964496542300497 0.909180330378669 0.951928375022752 0.775332666360415 0.736046017362521 0.70139019879011 0.602373622930967 1.59311733394861 0.658214762806892 0.677558444440365 0.760474491864443 0.705637939274311 0.640981063246727 0.868619505316019 1.18711522221565 1.19642313569784 1.12528004124761 1.25222881510854 1.43560981750488 1.28211399912834 1.14722326397896 1.13012951612473 1.2333322763443 1.74863499403 4.03297309577465 3.33721500635147 2.85559652745724 0.584544762969017 0.510725989937782 0.648588001728058 0.692646011710167 0.646397978067398 2.55658325925469 2.38970612362027 1.74209063872695 1.59876050427556 1.24306987971067 1.24843740463257 1.24294688552618 1.22198638319969 1.20526744425297 1.18507567793131 1.22210195660591 1.26680397242308 1.36854816228151 1.33162197470665 0.616910979151726 1.43835903704166 1.45943024754524 3.0987985432148 3.51757103204727
-9999 -9999 -9999 -9999 -9999 0.797083139419556 1.10118470191956 1.1188846051693 1.02960431575775 1.0290131829679 0.987568724155426 0.935612676399095 0.824227375643594 0.832970019962106 0.861612476981603 0.867021244305831 0.846984242017452 1.30675571411848 1.13085528463125 1.38140024989843 0.646395672112703 0.640333250164986 0.619444746524096 0.551727320998907 0.640121806412935 0.798532765358686 0.856348093599081 0.80214960873127 0.725768555815403 0.723015529605059 1.3393249809742 1.20802526175976 0.956800505518913 0.997314378619194 1.0034351348877 1.01250372827053 1.5499039888382 1.45492351055145 3.55500653386116 0.500393986701965 0.521325767040253 4.91560578346252 3.67636075615883 2.68254563212395 1.8188301473856 1.62504601106048 1.51905372366309 1.44485393166542 1.20000676065683 1.20982906222343 1.21592584252357 1.20022727549076 1.11381693929434 1.21323177963495 1.42311691492796 1.55214323848486 1.44327242672443 1.35235421359539 1.49750846624374 1.99426656961441 3.1303234398365 3.38359728455544
