EcologicalScience/Bass/data/rs_data_bass/chl_198.asc
NCOLS 226 
NROWS 124 
XLLCORNER -9.41648524995501 
YLLCORNER 47.587301625531 
CELLSIZE 0.0833 
NODATA_value -9999 
[rows 54 to 80 of 124, columns 0 to 61 of 226]
-9999 -9999 -9999 -9999 -9999 -9999 -9999 -9999 -9999 -9999 -9999 -9999 -9999 -9999 -9999 -9999 -9999 -9999 -9999 -9999 -9999 -9999 -9999 -9999 -9999 -9999 -9999 -9999 -9999 -9999 -9999 -9999 -9999 -9999 -9999 -9999 -9999 -9999 4.81414259667416 3.50099837779999 2.76617556810379 2.51184153556824 1.60728818178177 1.086271494627 1.15903651714325 1.16522696614265 1.09850996732712 1.04999104142189 1.15076851844788 1.37238603830338 1.31772378087044 1.4544697701931 1.70409446954727 1.97552400827408 2.43465006351471 2.70749849081039 3.09455788135529 2.91750821471214 -9999 0.607058599591255 0.62790758907795 1.56937594841356
-9999 -9999 -9999 -9999 -9999 -9999 -9999 -9999 -9999 -9999 -9999 -9999 -9999 -9999 -9999 -9999 -9999 -9999 -9999 -9999 -9999 -9999 -9999 -9999 -9999 -9999 -9999 -9999 -9999 -9999 -9999 -9999 -9999 -9999 -9999 -9999 -9999 -9999 -9999 3.56057238578796 2.57911044359207 2.61428099870682 1.62777596712112 1.29755026102066 1.16833654046059 1.19485428929329 1.16548427939415 1.15030574798584 1.16275575757027 1.17157423496246 1.29313346743584 1.47038099169731 1.98014616966248 2.06863045692444 2.42383718490601 2.43368017673492 2.53248167037964 -9999 -9999 -9999 -9999 -9999
-9999 -9999 -9999 -9999 -9999 -9999 -9999 -9999 -9999 -9999 -9999 -9999 -9999 -9999 -9999 -9999 -9999 -9999 -9999 -9999 -9999 -9999 -9999 -9999 -9999 -9999 -9999 -9999 -9999 -9999 -9999 -9999 -9999 -9999 -9999 -9999 -9999 -9999 -9999 -9999 2.78976756334305 2.26143300533295 1.5127147436142 1.41621145606041 1.38190126419067 1.60141342878342 1.24634250998497 1.10605198144913 1.34763076901436 1.02695176005363 1.32827854156494 1.62882006168365 1.8970987200737 2.08449983596802 2.22361868619919 2.41961699724197 2.48330247402191 2.3348114490509 1.85043083959156 -9999 -9999 -9999
-9999 -9999 -9999 -9999 -9999 -9999 -9999 -9999 -9999 -9999 -9999 -9999 -9999 -9999 -9999 -9999 -9999 -9999 -9999 -9999 -9999 -9999 -9999 -9999 -9999 -9999 -9999 -9999 -9999 -9999 -9999 -9999 -9999 -9999 -9999 -9999 -9999 -9999 -9999 -9999 2.16680252552032 1.82893431186676 1.73376971483231 1.84188383817673 1.77870833873749 1.73913967609406 1.86863994598389 1.4990040063858 1.45739775896072 1.19635945558548 1.02776777744293 1.50519007444382 1.79474025964737 1.89982044696808 1.94613683223724 1.93926304578781 1.85950881242752 1.48885497450829 1.51552498340607 2.19216066598892 2.03130342006683 -9999
-9999 -9999 -9999 -9999 -9999 -9999 -9999 -9999 -9999 -9999 -9999 -9999 -9999 -9999 -9999 -9999 -9999 -9999 -9999 -9999 -9999 -9999 -9999 -9999 -9999 -9999 -9999 -9999 -9999 -9999 -9999 -9999 -9999 -9999 -9999 -9999 -9999 -9999 -9999 -9999 -9999 2.38895916938782 1.83990669250488 1.9635803103447 1.9739316701889 1.93486493825912 1.75880992412567 1.88018327951431 1.66602230072021 1.63204801082611 0.995837241411209 1.29838201403618 1.53502357006073 1.69876348972321 1.70637828111649 1.54832017421722 1.68287247419357 1.55881422758102 1.55236208438873 1.54822432994843 1.67552322149277 -9999
-9999 -9999 -9999 -9999 -9999 -9999 -9999 -9999 -9999 -9999 -9999 -9999 -9999 -9999 -9999 -9999 -9999 -9999 -9999 -9999 -9999 -9999 -9999 -9999 -9999 -9999 -9999 -9999 -9999 -9999 -9999 -9999 -9999 -9999 -9999 -9999 -9999 -9999 -9999 -9999 -9999 3.23119139671326 2.04057830572128 2.0548694729805 2.0329806804657 1.99239528179169 1.86973804235458 1.88834470510483 1.9039551615715 1.45270201563835 1.18648052215576 1.23891600966454 1.42978951334953 1.61305207014084 1.71610879898071 1.72366350889206 1.89367496967316 1.8464287519455 1.68276751041412 2.17870463430882 -9999 -9999
-9999 -9999 -9999 -9999 -9999 -9999 -9999 -9999 -9999 -9999 -9999 -9999 -9999 -9999 -9999 -9999 -9999 -9999 -9999 -9999 -9999 -9999 -9999 -9999 -9999 -9999 -9999 -9999 -9999 -9999 -9999 -9999 -9999 -9999 -9999 -9999 -9999 -9999 -9999 -9999 3.54882681369781 3.2384819984436 2.61136651039124 2.54339021444321 2.25510907173157 1.8737872838974 1.73903399705887 1.7384580373764 1.48846274614334 1.25612327456474 1.17793276906013 1.22052526473999 1.60173225402832 1.73704344034195 1.93821895122528 2.07932782173157 1.98404324054718 -9999 -9999 15.0884013175964 17.9458165168762 6.99219417572021
-9999 -9999 -9999 -9999 -9999 -9999 -9999 -9999 -9999 -9999 -9999 -9999 -9999 -9999 -9999 -9999 -9999 -9999 -9999 -9999 -9999 -9999 -9999 -9999 -9999 -9999 -9999 -9999 -9999 -9999 -9999 -9999 -9999 -9999 -9999 -9999 -9999 -9999 -9999 4.59135138988495 3.84581565856934 3.38355982303619 2.84568375349045 2.44570505619049 1.99343705177307 1.53010869026184 1.53931045532227 1.50756222009659 1.42000275850296 1.28132396936417 1.21680074930191 1.33652928471565 1.55741626024246 1.96575683355331 1.98468822240829 1.99874593019485 1.97692269086838 1.76755571365356 2.67509633302689 2.90054243803024 5.00464046001434 5.00790917873383
-9999 -9999 -9999 -9999 -9999 -9999 -9999 -9999 -9999 -9999 -9999 -9999 -9999 -9999 -9999 -9999 -9999 -9999 -9999 -9999 -9999 -9999 -9999 -9999 -9999 -9999 -9999 -9999 -9999 -9999 -9999 -9999 -9999 -9999 -9999 -9999 -9999 -9999 -9999 3.91615962982178 3.43151414394379 3.00775408744812 2.5278285741806 2.04369592666626 1.81806367635727 1.42847245931625 1.51652616262436 1.30755820870399 1.43903696537018 1.47632771730423 1.45536223053932 1.45891427993774 1.38932025432587 1.58230644464493 1.96399569511414 1.91435927152634 2.00963705778122 1.91012781858444 1.97591096162796 2.77680069208145 2.72437208890915 3.1523745059967
-9999 -9999 -9999 -9999 -9999 -9999 -9999 -9999 -9999 -9999 -9999 -9999 -9999 -9999 -9999 -9999 -9999 -9999 -9999 -9999 -9999 -9999 -9999 -9999 -9999 -9999 -9999 -9999 -9999 -9999 -9999 -9999 -9999 -9999 -9999 -9999 -9999 -9999 2.86674184799194 3.74351620674133 3.02277839183807 2.40111976861954 2.08853924274445 1.84707677364349 1.70666027069092 1.34474176168442 1.5090411901474 1.42227298021317 1.38079503178596 1.37272721529007 1.39501047134399 1.50758618116379 1.58997005224228 1.68406873941422 1.8337020277977 1.9256084561348 1.61289596557617 1.44638478755951 1.55369693040848 1.97763150930405 2.06344056129456 2.29785150289536
-9999 -9999 -9999 -9999 -9999 -9999 -9999 -9999 -9999 -9999 -9999 -9999 -9999 -9999 -9999 -9999 -9999 -9999 -9999 -9999 -9999 -9999 -9999 -9999 -9999 -9999 -9999 -9999 -9999 -9999 -9999 -9999 -9999 -9999 -9999 -9999 -9999 -9999 4.31080734729767 3.64688408374786 2.96380877494812 2.3613104224205 1.61997002363205 1.58248579502106 1.35119023919106 1.32300898432732 1.41780227422714 1.40840551257133 1.30114495754242 1.21801874041557 1.32030147314072 1.58591920137405 1.70382678508759 1.63754850625992 1.67644053697586 1.50887471437454 1.33987802267075 1.37962952256203 1.49663400650024 1.64258319139481 1.82601517438889 2.0984970331192
-9999 -9999 -9999 -9999 -9999 -9999 -9999 -9999 -9999 -9999 -9999 -9999 -9999 -9999 -9999 -9999 -9999 -9999 -9999 -9999 -9999 -9999 -9999 -9999 -9999 -9999 -9999 -9999 -9999 -9999 -9999 -9999 -9999 -9999 -9999 -9999 -9999 2.73896585777402 3.58142709732056 3.65352737903595 3.2734215259552 2.45573097467422 1.07326126098633 1.18065449595451 1.24378126859665 1.38245996832848 1.36415022611618 1.28718522191048 1.18312579393387 1.20883727073669 1.30209302902222 1.42529699206352 1.44146329164505 1.46126022934914 1.45861575007439 1.41801971197128 1.2514154613018 1.36670699715614 1.5449355840683 1.62094956636429 1.76434797048569 2.1093270778656
-9999 -9999 -9999 -9999 -9999 -9999 -9999 -9999 -9999 -9999 -9999 -9999 -9999 -9999 -9999 -9999 -9999 -9999 -9999 -9999 -9999 -9999 -9999 -9999 -9999 -9999 -9999 -9999 -9999 -9999 -9999 -9999 -9999 -9999 -9999 -9999 -9999 6.40650129318237 3.08338487148285 2.39400905370712 2.00926727056503 1.25085371732712 0.872526794672012 1.00467753410339 1.20551025867462 1.25278946757317 1.22990101575851 1.24374228715897 1.30754846334457 1.36181697249413 1.38405302166939 1.36010625958443 1.32502725720406 1.32464101910591 1.34158346056938 1.29723528027534 1.30950745940208 1.3359742462635 1.45562624931335 1.6429837346077 2.03436666727066 2.44473141431808
-9999 -9999 -9999 -9999 -9999 -9999 -9999 -9999 -9999 -9999 -9999 -9999 -9999 -9999 -9999 -9999 -9999 -9999 -9999 -9999 -9999 -9999 -9999 -9999 -9999 -9999 -9999 -9999 -9999 -9999 -9999 -9999 -9999 -9999 -9999 -9999 6.13382792472839 5.09655511379242 3.45973348617554 1.63326823711395 1.30334624648094 0.970286250114441 0.810731291770935 0.936883538961411 1.150838971138 1.23206251859665 1.33053302764893 1.37330853939056 1.30414572358131 1.30919095873833 1.37615177035332 1.36560371518135 1.86100199818611 1.80630487203598 1.82045924663544 1.32491478323936 1.32518702745438 1.37237924337387 1.2059925198555 1.76443272829056 2.17859548330307 2.35100555419922
-9999 -9999 -9999 -9999 -9999 -9999 -9999 -9999 -9999 -9999 -9999 -9999 -9999 -9999 -9999 -9999 -9999 -9999 -9999 -9999 -9999 -9999 -9999 -9999 -9999 -9999 -9999 -9999 -9999 -9999 -9999 1.12792646884918 1.16263264806374 -9999 2.10493344068527 2.3422726392746 1.96916127204895 1.47705745697021 1.76106154918671 1.43151900172234 1.03419524431229 0.884618997573853 0.864934533834457 0.883698731660843 1.17144227027893 1.29566404223442 1.2842835187912 1.34110048413277 1.30826023221016 1.47595801949501 1.49313971400261 1.92609411478043 1.97397154569626 1.75107979774475 1.78106850385666 1.88444289565086 2.08250024914742 1.9352080821991 2.03171065449715 2.45551237463951 2.80816572904587 2.06398373842239
-9999 -9999 -9999 -9999 -9999 -9999 -9999 -9999 -9999 -9999 -9999 -9999 -9999 -9999 -9999 -9999 -9999 -9999 -9999 -9999 -9999 -9999 0.346259817481041 1.14402155081431 1.52772223949432 1.40388324856758 1.02357226610184 1.3896090388298 1.09974753856659 0.720932230353355 0.752179473638535 0.64156799018383 1.03024649620056 1.23257625102997 1.17007121443748 1.51373094320297 1.2627315223217 0.978473961353302 0.927911281585693 0.948502510786057 0.755234956741333 0.769854784011841 0.930942714214325 1.10716125369072 1.29377326369286 1.36138272285461 1.34765249490738 1.39838996529579 1.46782949566841 1.45487326383591 1.27610778808594 2.11602634191513 2.14288088679314 2.10348522663116 2.17991325259209 2.25927409529686 2.41016846895218 2.46433165669441 7.9343944875633 -9999 -9999 -9999
-9999 -9999 -9999 -9999 -9999 -9999 -9999 -9999 -9999 -9999 -9999 -9999 -9999 -9999 -9999 -9999 -9999 -9999 -9999 -9999 -9999 -9999 50.4441573500633 0.523973241448402 0.397018522024155 0.471885770559311 0.727875754237175 0.93936225771904 0.773022025823593 0.938309222459793 0.83227801322937 0.80222475528717 0.88165345788002 1.13683122396469 1.16204023361206 1.1419649720192 1.05025425553322 0.692228257656097 0.643794000148773 0.647092491388321 0.653664752840996 0.757344782352448 0.909989207983017 1.17716252803802 1.34230801463127 1.45510053634644 1.58636623620987 1.70945996046066 1.90355408191681 1.84656983613968 2.12219095230103 2.17765840888023 2.1857693195343 2.31830477714539 2.3286759853363 -9999 -9999 -9999 -9999 -9999 -9999 -9999
-9999 -9999 -9999 -9999 -9999 -9999 -9999 -9999 -9999 -9999 -9999 -9999 -9999 -9999 -9999 -9999 -9999 -9999 -9999 5.49141019582748 2.54674673080444 0.925272792577744 0.63944698870182 0.611006990075111 0.685860738158226 0.524201229214668 0.455884516239166 0.4519252628088 4.25611281394958 1.6948544383049 1.44313725829124 1.0251382291317 0.799322247505188 0.931793957948685 0.964416772127151 0.875714242458344 0.892181217670441 0.820550233125687 0.632197514176369 0.605498269200325 0.620434507727623 0.649266019463539 0.849692970514297 1.07620203495026 1.31115370988846 1.51281756162643 1.84687042236328 1.9876372218132 2.04482102394104 2.26915794610977 2.64433318376541 -9999 -9999 -9999 -9999 -9999 -9999 -9999 -9999 -9999 -9999 -9999
-9999 -9999 -9999 -9999 -9999 -9999 -9999 -9999 -9999 -9999 -9999 -9999 -9999 -9999 -9999 -9999 -9999 0.880895286798477 0.832083016633987 0.716189235448837 1.07661750912666 1.29393526911736 1.37745603919029 1.37077501416206 1.50976127386093 1.55974566936493 2.50690197944641 4.33430993556976 1.62065094709396 3.08455216884613 1.70972245931625 0.945622533559799 0.869462996721268 0.847391992807388 0.728951990604401 0.623162984848022 0.686090245842934 0.700863003730774 0.647075995802879 0.668213233351707 0.682698011398315 0.709920018911362 0.765717029571533 0.985738456249237 1.32146403193474 1.68254256248474 1.93415629863739 2.28606748580933 2.49012154340744 2.44547349214554 3.45865327119827 -9999 -9999 -9999 -9999 -9999 -9999 -9999 -9999 -9999 -9999 -9999
-9999 -9999 -9999 -9999 -9999 -9999 -9999 -9999 -9999 -9999 -9999 -9999 -9999 -9999 0.460835248231888 0.711349502205849 0.977071523666382 0.681859508156776 0.738414734601974 1.3121699988842 1.51074600219727 1.51368373632431 2.09102028608322 2.9462805390358 3.30361640453339 3.55434358119965 2.62524908781052 1.75211316347122 1.53300225734711 0.934622973203659 0.655998006463051 0.758760720491409 0.725115761160851 0.719546243548393 0.712759494781494 0.614888995885849 0.600833997130394 0.603859484195709 0.678030744194984 0.764877766370773 0.765897005796432 0.78305321931839 0.8152214884758 0.892053723335266 1.4748150408268 1.71682798862457 2.06149649620056 2.34847873449326 2.08719670772552 1.6177282333374 1.41314774751663 2.24588213860989 -9999 -9999 -9999 -9999 -9999 -9999 -9999 -9999 -9999 -9999
-9999 -9999 -9999 -9999 -9999 -9999 -9999 -9999 -9999 -9999 -9999 1.84805242426984 0.531742483377457 0.863422483205795 1.04266047477722 1.22727298736572 0.980552226305008 0.928365737199783 1.07395121455193 2.08310258388519 1.41799646615982 1.20930522680283 1.62807905673981 2.29269218444824 2.51196366548538 2.10671782493591 1.16918849945068 0.940431743860245 0.76214325428009 0.630797266960144 0.686012998223305 0.831407278776169 0.797436028718948 0.732502520084381 0.685245752334595 0.64427550137043 0.62261326611042 0.664308741688728 0.84609979391098 0.859053790569305 0.78730496764183 0.821511000394821 0.81779471039772 0.871381491422653 1.65201741456985 1.9252792596817 1.9325122833252 2.07890778779984 2.15427142381668 2.1955491900444 1.90575745831365 -9999 -9999 -9999 -9999 -9999 5.36031488540561 4.52602958679199 4.26243817806244 10.8379533290863 5.33315885066986 -9999
-9999 -9999 -9999 -9999 -9999 -9999 -9999 -9999 -9999 17.3261317491531 2.3407899381184 1.50074619054794 1.22939175367355 1.43256452679634 1.4269799888134 2.2906665802002 0.49006462097168 0.544156484305859 1.63677978515625 1.00032448768616 0.790034294128418 0.739108487963676 0.653518483042717 0.598137751221657 0.63696151971817 0.707577735185623 0.756963729858398 0.720802500844002 0.608205735683441 0.678705006837845 0.914789289236069 1.01352149248123 0.801945716142654 0.737380519509315 0.787293791770935 0.731051981449127 0.795825004577637 0.916423469781876 0.873561769723892 0.855019479990005 0.813938230276108 0.766653746366501 0.829389005899429 0.990095257759094 1.23956170678139 1.60964244604111 1.67484068870544 1.8072218298912 1.98779994249344 2.07755094766617 2.15153020620346 2.19421720504761 2.19558260838191 2.80630412748304 1.52278053760529 2.12308645248413 1.96494519710541 2.52070641517639 2.46750229597092 3.47191035747528 6.57178902626038 -9999
-9999 -9999 -9999 -9999 -9999 0.677757253249486 0.747100502252579 0.694901019334793 1.16241154074669 2.11501497030258 1.97543781995773 2.09093481302261 0.910363465547562 1.07522320747375 1.94580370187759 1.52878797054291 0.809037744998932 0.561731994152069 0.623670771718025 0.604091987013817 0.409281760454178 0.412406980991364 0.463299751281738 0.451246485114098 0.469253271818161 0.554028734564781 0.571944013237953 0.612313494086266 0.604913234710693 0.741889491677284 1.08888897299767 1.26311096549034 1.08924973011017 0.799468517303467 0.892479747533798 0.899603247642517 0.870604455471039 0.87820503115654 0.831689983606339 0.819661527872086 0.794179469347 0.761398494243622 0.810705721378326 0.865309506654739 1.06039649248123 1.43308648467064 1.3833232820034 1.53290927410126 1.71591746807098 1.71344178915024 1.84745621681213 1.87123721837997 1.85528469085693 2.00585925579071 1.86491400003433 1.80375820398331 1.87062746286392 1.96158599853516 2.31917327642441 2.42676669359207 4.19253015518188 3.65492522716522
-9999 -9999 -9999 -9999 -9999 0.58534200489521 1.09555801749229 1.44805803894997 1.66736555099487 1.4131777882576 1.08586120605469 1.03907176852226 1.19045922160149 1.27199622988701 0.752986460924149 0.660455256700516 0.577236771583557 0.495036765933037 0.411686986684799 0.364581003785133 0.343616254627705 0.466147497296333 0.585834011435509 0.584955006837845 0.635391756892204 0.749426990747452 0.866135984659195 0.889344781637192 0.859326034784317 0.805033475160599 1.18058475852013 1.1954437494278 1.06164228916168 1.04576101899147 0.914546281099319 0.974025785923004 1.08641329407692 1.00800374150276 0.923835754394531 0.871634244918823 0.801083207130432 0.789130479097366 0.852667540311813 0.94218447804451 0.938384234905243 1.01025223731995 1.09997695684433 1.15321201086044 1.18924722075462 1.27050071954727 1.50583273172379 1.53209781646729 1.46897926926613 1.3576642870903 1.52163523435593 1.73265516757965 1.78203678131104 1.91260117292404 2.03838676214218 2.1335152387619 1.83608329296112 1.84468728303909
-9999 -9999 -9999 -9999 -9999 0.512648239731789 0.582998245954514 0.561405748128891 0.494632512331009 0.466355994343758 0.514483496546745 0.7173832654953 0.94115549325943 1.30476897954941 0.873276025056839 0.481305733323097 0.474324747920036 0.414124488830566 0.381224244832993 0.386904761195183 0.374340757727623 0.387747019529343 0.419499009847641 0.411566242575645 0.526965022087097 0.849606782197952 1.14941999316216 1.34349828958511 1.31509199738503 1.14353254437447 1.12919175624847 1.01522397994995 1.05578175187111 1.3333552479744 1.29976201057434 1.31323876976967 1.15800824761391 1.08657824993134 0.950152516365051 0.832756519317627 0.833329528570175 0.840980976819992 0.995709747076035 1.06130021810532 1.13008198142052 1.26545253396034 1.20771226286888 1.18125978112221 1.21303501725197 1.161525785923 1.21268999576569 1.25250524282455 1.18796771764755 1.23441749811172 1.33624121546745 1.44910651445389 1.39069578051567 1.40838226675987 1.60442626476288 1.59274882078171 1.65281850099564 1.68276000022888
-9999 -9999 -9999 -9999 -9999 0.522900000214577 0.610241264104843 0.578994020819664 0.350390240550041 0.369866989552975 0.360664509236813 0.417686998844147 0.704769730567932 0.942207723855972 0.647016763687134 0.429834768176079 0.383270233869553 0.316533744335175 0.331236004829407 0.401978999376297 0.395150989294052 0.381299257278442 0.377293512225151 0.373239755630493 0.395089522004128 0.559319257736206 0.850565224885941 1.03553473949432 1.22366398572922 1.26298499107361 1.21234121918678 1.16643825173378 1.10493671894073 1.28782421350479 1.50605392456055 1.24758678674698 1.14405825734138 1.03418245911598 0.98094454407692 0.846909016370773 0.937289267778397 1.0575757920742 1.12464451789856 1.11393597722054 1.11612224578857 1.27813500165939 1.2695144712925 1.1599814593792 1.10159254074097 1.06530672311783 1.06955471634865 1.06441953778267 1.06208252906799 1.12883171439171 1.22810178995132 1.10928824543953 1.20805352926254 1.3226760327816 1.41216748952866 1.47745424509048 1.6247940659523 1.78178930282593
-9999 -9999 -9999 -9999 -9999 0.381997480988503 0.437332481145859 0.429026260972023 0.248906247317791 0.262802995741367 0.287929505109787 0.322723500430584 0.497276231646538 0.573735728859901 0.548336237668991 0.446526736021042 0.264664493501186 0.224535003304482 0.249813750386238 0.339693009853363 0.398715019226074 0.441097497940063 0.44972924888134 0.488105982542038 0.475729510188103 0.375343501567841 0.479297250509262 0.811536759138107 1.15571621060371 1.31203427910805 1.35975676774979 1.43718677759171 1.40065652132034 1.42481553554535 1.41758322715759 1.49802973866463 1.51873201131821 1.35669073462486 1.21318870782852 1.12222650647163 0.948917984962463 0.977419495582581 0.994123488664627 0.980154722929001 1.31101647019386 1.27221447229385 1.15829774737358 1.05536252260208 0.900140225887299 0.893027275800705 0.876000791788101 0.953812479972839 0.985235273838043 1.03080224990845 1.02483227849007 1.07491502165794 1.18952250480652 1.18576499819756 1.22522628307343 1.42452299594879 1.61683505773544 1.82617199420929
