EcologicalScience/Bass/data/rs_data_bass/chl_154.asc
NCOLS 226 
NROWS 124 
XLLCORNER -9.41648524995501 
YLLCORNER 47.587301625531 
CELLSIZE 0.0833 
NODATA_value -9999 
[rows 54 to 80 of 124, columns 124 to 185 of 226]
2.79121792316437 2.67408531904221 2.74366271495819 2.67037492990494 2.42173057794571 2.35960417985916 2.22435522079468 3.86194360256195 3.64611732959747 2.80390048027039 2.33388894796371 1.97611051797867 2.74385780096054 3.48644185066223 3.36303520202637 3.79439342021942 5.76895344257355 10.1078896522522 12.5442938804626 10.8078203201294 8.71699261665344 7.09137511253357 7.033207654953 12.117440700531 9.68075180053711 10.7693831920624 8.72097158432007 6.5387978553772 2.27432996034622 1.82158881425858 2.38477492332458 1.95804083347321 1.38240677118301 1.40379372239113 1.54684656858444 2.11213195323944 2.0937659740448 2.51538223028183 7.31807398796082 11.1891481876373 13.5725183486938 13.9713335037231 11.8952858448029 14.6770348548889 18.8677654266357 24.7638788223267 24.0796136856079 31.704737663269 21.1948084831238 37.5495414733887 16.1034107208252 12.7020664215088 12.1931209904807 10.5422809123993 8.82068109512329 10.7114081382751 13.2107727527618 15.2910990715027 11.9520874390235 10.2525226015311 7.19398885013677 8.19997462092853
3.17328214645386 3.03301513195038 2.69336557388306 2.74611532688141 2.92242228984833 2.71682167053223 2.25521779060364 3.32412207126617 3.09845566749573 2.60748606920242 2.7433574795723 2.20163404941559 3.06966984272003 3.25153791904449 4.3385556936264 5.07164096832275 7.05000400543213 11.5383946895599 11.6919121742249 11.2155025005341 9.16521835327148 7.78493928909302 7.00410461425781 9.33164262771606 12.1923108100891 11.1534683704376 10.1644449234009 5.8608466386795 4.35283434391022 2.47249728441238 1.94568604230881 2.45671731233597 2.61481493711472 2.19984894990921 2.08397841453552 1.80396294593811 1.97114932537079 2.66850757598877 7.30578303337097 11.9321043491364 15.5475511550903 22.3168444633484 22.0063118934631 22.7344493865967 23.5463948249817 31.9292678833008 33.5118398666382 33.4330015182495 18.0558257102966 17.5103545188904 29.5240348577499 10.8022871017456 12.7679007053375 10.7204407453537 9.93159592151642 11.9699120521545 10.5720698833466 -9999 -9999 -9999 -9999 -9999
3.58615350723267 3.31555366516113 2.96560049057007 2.73276829719543 2.77963417768478 2.73553866147995 2.61444443464279 2.85587847232819 2.97672379016876 2.68717879056931 2.46290928125381 2.33237993717194 2.57294404506683 3.05928611755371 4.2160177230835 4.99045050144196 6.59601044654846 8.89209580421448 7.76349234580994 7.85154676437378 8.79401922225952 10.0974998474121 7.01089096069336 7.20441341400146 9.65499758720398 10.36647605896 9.64279890060425 6.50270318984985 5.84069395065308 5.31502032279968 2.92631775140762 1.81843131780624 4.61684632301331 6.36617374420166 6.06191468238831 4.54693651199341 3.02015554904938 5.56728315353394 7.29230260848999 8.41555023193359 13.4272541999817 17.6125974655151 27.8394813537598 24.7413311004639 31.8068761825562 30.0748615264893 30.2205419540405 7.13825618303739 10.3507457971573 10.3476634025574 13.1304091215134 15.0793232917786 12.1262015104294 11.8966485370289 -9999 -9999 -9999 -9999 -9999 -9999 -9999 -9999
3.89936935901642 3.75192439556122 3.51089537143707 3.30434095859528 3.11112284660339 2.58507746458054 2.66393405199051 3.71902334690094 3.76101815700531 3.90929996967316 3.15571868419647 2.60347133874893 2.41625779867172 3.39819538593292 3.24013209342957 3.9571133852005 5.02725756168365 5.69146585464478 4.54155957698822 4.74996614456177 6.67122030258179 7.38468933105469 9.63102722167969 7.3870861530304 8.57095384597778 13.1792578697205 9.71030116081238 7.17570948600769 6.48267245292664 5.7231023311615 4.76097822189331 1.91804856061935 2.77596598863602 5.00350141525269 8.52821016311646 10.6687180995941 9.98536777496338 8.70357656478882 8.96136617660522 9.13381934165955 8.06855750083923 15.3530187606812 28.9128999710083 34.4594478607178 50.0851020812988 59.0015602111816 47.5285806655884 7.14546229751832 8.97488236427307 10.7830166816711 15.292732000351 10.4554145336151 13.2367386817932 -9999 -9999 -9999 -9999 -9999 -9999 -9999 -9999 -9999
5.60163152217865 4.12650382518768 3.89120864868164 3.4293075799942 3.61795127391815 3.62267696857452 3.30452406406403 3.03891742229462 3.01156139373779 4.50936090946198 6.20333647727966 2.88196277618408 2.04828071594238 2.145348072052 3.13724184036255 3.38383734226227 3.82448172569275 4.26090288162231 4.91280519962311 7.08769869804382 9.62162303924561 8.33306407928467 11.0544283390045 10.3015015125275 8.9899914264679 11.5822069644928 10.5729389190674 8.90751814842224 8.79216456413269 6.66646385192871 5.37726902961731 2.80952471494675 1.79245716333389 2.23097401857376 3.88959681987762 6.40578889846802 11.969545841217 13.4304113388062 13.3335027694702 10.526998758316 10.2390267848969 14.479926109314 22.8882508277893 26.8302154541016 33.383957862854 4.28299934864044 12.1018166121315 11.9134540557861 11.645919084549 12.6497483253479 16.0223364830017 15.7685952186584 28.0070324195059 -9999 -9999 -9999 -9999 -9999 -9999 -9999 -9999 -9999
-9999 6.77098703384399 5.60329878330231 5.59678888320923 5.94653248786926 4.78897655010223 4.13227951526642 3.87833189964294 3.82414662837982 3.52419233322144 6.86393308639526 3.96908318996429 3.41096842288971 2.97204673290253 2.32840579748154 3.42004573345184 4.37205541133881 4.93536972999573 7.43237113952637 9.55219030380249 10.3372271060944 11.0828955173492 9.56558132171631 12.3676557540894 11.0893678665161 12.39226770401 14.8786826133728 10.6834573745728 8.53243017196655 7.78196954727173 6.08771824836731 4.72559988498688 3.31292617321014 2.29267716407776 1.89377850294113 2.83071970939636 4.37085235118866 8.31922173500061 12.1618137359619 8.6548969745636 10.5900700092316 18.4408535957336 26.1575002670288 30.1208038330078 26.3621320724487 -9999 8.58566937446594 27.8944594860077 9.36156878471375 32.100025177002 39.4957838058472 47.3126621246338 49.8431332111359 56.8107834646147 -9999 -9999 -9999 -9999 -9999 -9999 -9999 -9999
-9999 -9999 -9999 -9999 -9999 2.28387522697449 4.54628491401672 4.42510950565338 4.01347482204437 3.88454246520996 6.9580864906311 6.63675928115845 4.29542863368988 3.75237607955933 3.1006897687912 3.25034236907959 4.13895678520203 7.66259622573853 8.53409028053284 8.54312181472778 11.4225232601166 12.8028831481934 13.0566687583923 11.5806455612183 11.7295138835907 13.1103272438049 13.4609599113464 10.0129880905151 7.08773374557495 5.77441728115082 5.63398861885071 5.35023736953735 4.74732148647308 3.14895522594452 2.38390123844147 2.97707176208496 3.63872766494751 4.90056002140045 7.21755766868591 7.22885942459106 13.5648150444031 23.7212491035461 41.2171955108643 43.2487049102783 37.5043258666992 24.973993455322 -9999 -9999 -9999 -9999 50.7054219245911 56.6003952026367 65.4563970565796 28.2146891080416 -9999 -9999 -9999 -9999 -9999 -9999 -9999 -9999
-9999 -9999 -9999 -9999 -9999 -9999 -9999 -9999 4.9495335817337 4.69613492488861 4.29519760608673 7.09399366378784 7.4686439037323 4.93836665153503 4.08677780628204 5.27146339416504 5.53375124931335 6.51916480064392 6.88330149650574 7.91625165939331 11.1756234169006 14.2264323234558 13.3558530807495 11.7545521259308 12.4412469863892 13.9460134506226 10.9241881370544 8.34973382949829 7.14044666290283 5.03418016433716 5.6017838716507 5.55431485176086 4.19967520236969 3.02205061912537 3.81945312023163 4.0011899471283 5.54393255710602 6.48390913009644 8.08303713798523 11.2122466564178 14.1962728500366 18.861074924469 19.3536686897278 23.6222333908081 4.56172856430948 29.0682649612427 -9999 -9999 -9999 -9999 17.548882484436 70.7786052101537 13.7500104904175 30.3656558990479 24.9421834945679 20.68798828125 -9999 -9999 -9999 -9999 -9999 -9999
-9999 -9999 -9999 -9999 -9999 -9999 -9999 -9999 -9999 -9999 3.8419064283371 4.52742004394531 6.67061305046082 5.87655222415924 4.01040387153625 4.48428905010223 4.97324788570404 5.49739587306976 5.17551684379578 7.22277975082397 14.249463558197 17.0845155715942 15.5505294799805 14.0138568878174 15.1418166160583 14.244734287262 10.1216068267822 7.25320100784302 6.68055152893066 4.43816041946411 5.40418803691864 5.14634478092194 3.82214641571045 3.59338116645813 6.96782326698303 9.78019022941589 11.6079490184784 14.447277545929 14.0770769119263 18.3067045211792 20.7029585838318 18.6061019897461 25.7544479370117 8.53906087364469 15.3148420499366 -9999 -9999 -9999 -9999 -9999 -9999 -9999 10.3388840854168 33.0729789733887 38.1104707717896 28.0059242248535 10.8786277770996 -9999 -9999 -9999 -9999 -9999
-9999 -9999 -9999 -9999 -9999 -9999 -9999 -9999 -9999 4.3704868555069 4.25516939163208 3.70624423027039 3.44342994689941 3.73314893245697 3.4807026386261 3.478679895401 3.68181538581848 3.7801741361618 4.33550548553467 13.4879937171936 17.1362543106079 24.4216804504395 25.6077175140381 19.3357701301575 12.4580125808716 10.3062071800232 6.73139262199402 5.54970896244049 5.43941116333008 3.69030439853668 3.54524624347687 4.16728484630585 4.13759851455688 4.99045407772064 7.4919548034668 11.4252462387085 17.5557174682617 23.323212146759 22.0000805854797 20.3990950584412 17.6404709815979 17.5399460792542 14.0267915725708 8.47546209607806 28.4601551982963 33.0447750091553 -9999 -9999 -9999 14.4328050613403 12.941199514601 9.78501927852631 67.5277462005615 47.967945098877 21.2849063873291 20.8498191833496 11.6764768669682 -9999 -9999 -9999 -9999 -9999
-9999 -9999 -9999 -9999 -9999 -9999 -9999 -9999 -9999 -9999 4.31054556369781 3.7409588098526 3.47770142555237 3.41937518119812 3.55003130435944 3.35111403465271 3.56829285621643 5.05407679080963 6.43170046806335 12.4526710510254 17.5472702980042 26.5354986190796 24.418719291687 17.3008847236633 7.25380182266235 5.15350341796875 4.55702340602875 4.12690114974976 4.69115316867828 4.40614807605743 4.37235367298126 5.57929730415344 5.28172409534454 9.22768950462341 11.4821977615356 12.5763974189758 17.5658211708069 21.2460994720459 16.642228603363 13.6179299354553 17.640604019165 15.1904740333557 41.9632530212402 23.6491804718971 9.40786079816448 -9999 -9999 -9999 -9999 -9999 11.9860378503799 11.1635645627975 11.9276729822159 12.2636936903 13.3579680919647 -9999 -9999 -9999 -9999 -9999 -9999 -9999
-9999 -9999 -9999 -9999 -9999 -9999 -9999 -9999 -9999 3.67937564849854 4.35334932804108 3.83222472667694 3.72417390346527 3.84278690814972 3.42390060424805 3.70658254623413 5.20014238357544 7.93957829475403 12.0257291793823 22.4251098632812 26.69970703125 25.7090034484863 15.4736065864563 7.10544633865356 3.52854073047638 3.10409331321716 3.40093052387238 3.96959102153778 4.67079091072083 6.23162913322449 8.56022429466248 11.2966847419739 12.6836500167847 14.5459084510803 17.8839426040649 20.4423537254333 22.3914842605591 21.3516998291016 17.5262517929077 14.7076506614685 16.6829166412354 12.8748750686646 63.3708515167236 6.04944567078526 3.86466658115387 -9999 -9999 -9999 -9999 -9999 13.4077569416591 15.675320928747 11.1794197342613 -9999 -9999 -9999 -9999 -9999 -9999 -9999 -9999 -9999
-9999 -9999 -9999 -9999 -9999 -9999 -9999 -9999 -9999 4.53714072704315 4.71762657165527 4.53450214862823 4.34841978549957 3.96701323986053 3.38465988636017 4.550417304039 8.04979062080383 12.1174993515015 21.3395934104919 16.555609703064 15.223475933075 15.8407673835754 9.75298047065735 3.02308559417725 2.52886283397675 2.66250747442245 3.20123684406281 3.98437142372131 5.10337936878204 7.64388942718506 10.9292485713959 14.5647597312927 20.4321269989014 23.1564073562622 27.6164503097534 31.5844860076904 32.1244812011719 24.4263553619385 17.810555934906 18.5893893241882 22.732994556427 59.9310607910156 16.0676573753357 12.0628945532354 3.86466693878174 -9999 -9999 -9999 -9999 12.1949715614319 -9999 -9999 -9999 -9999 -9999 -9999 -9999 -9999 -9999 -9999 -9999 -9999
-9999 -9999 -9999 -9999 -9999 -9999 -9999 -9999 -9999 5.89557158946991 4.91406691074371 4.25700509548187 4.09907484054565 3.6981486082077 4.54531216621399 7.34139347076416 13.0293416976929 15.5823884010315 11.7950391769409 8.59330487251282 8.26735353469849 8.35769033432007 4.11744904518127 3.02275407314301 3.24650394916534 3.08596122264862 3.26079297065735 4.61387157440186 5.55484342575073 6.68806886672974 8.83044934272766 17.4844236373901 24.9987001419067 31.1598243713379 31.2124500274658 29.6419973373413 21.342071056366 22.2050514221191 21.6734375953674 22.0216197967529 32.3753728866577 21.4354412555695 3.19461050887606 -9999 -9999 -9999 -9999 -9999 -9999 -9999 -9999 -9999 -9999 -9999 -9999 -9999 -9999 -9999 -9999 -9999 -9999 -9999
-9999 -9999 -9999 -9999 -9999 -9999 -9999 -9999 -9999 4.78748774528503 4.40073823928833 3.76217114925385 3.82703161239624 5.25803983211517 9.47358441352844 11.7434449195862 17.913318157196 19.3785839080811 7.72047472000122 3.92084097862244 2.614386677742 2.93108850717545 2.7381779551506 3.23832607269287 3.49623513221741 3.26602578163147 3.46778690814972 8.66423535346985 10.7810904979706 12.715322971344 13.7635045051575 19.8401370048523 26.9085988998413 31.9831438064575 31.7114582061768 19.5760788917542 18.9563312530518 20.3047800064087 19.2548046112061 24.401876449585 39.635630607605 6.16116213798523 5.87153687247311 -9999 -9999 -9999 -9999 -9999 -9999 -9999 -9999 -9999 -9999 -9999 -9999 -9999 -9999 -9999 -9999 -9999 -9999 -9999
-9999 -9999 -9999 -9999 -9999 -9999 -9999 3.28386068344116 4.85223937034607 5.05109167098999 5.31847035884857 7.20519590377808 9.65975475311279 11.0417697429657 15.8890099525452 19.1583094596863 16.5479192733765 11.3995642662048 3.62417685985565 2.49325650930405 2.29933351278305 2.52082049846649 2.93230122327805 3.02038264274597 3.10531139373779 3.28204429149628 9.93207406997681 14.8950591087341 17.5036497116089 19.7763175964355 18.6540327072144 20.8807797431946 21.8199033737183 29.6167631149292 32.370566368103 17.8406810760498 16.7827749252319 17.3434023857117 23.3269457817078 33.1181344985962 9.28608628673461 5.69786846637726 3.25656187534332 -9999 -9999 -9999 -9999 -9999 -9999 -9999 -9999 -9999 -9999 -9999 -9999 -9999 -9999 -9999 -9999 -9999 -9999 -9999
-9999 -9999 -9999 -9999 -9999 -9999 5.3243043422699 12.738966067632 5.963259100914 5.00420558452606 8.88220596313477 12.703013420105 17.9741005897522 16.4961233139038 15.7331399917603 14.2734332084656 11.8894114494324 4.84062302112579 2.71617525815964 2.275994181633 2.43051373958588 2.69485867023468 3.5381315946579 3.46202158927917 3.81231307983398 3.9520161151886 8.7048647403717 11.8050498962402 15.6549954414368 23.5412549972534 28.9933404922485 33.1306314468384 32.8892641067505 37.1099281311035 29.3694477081299 21.1712608337402 20.9190073013306 20.1466956138611 35.444655418396 -9999 -9999 -9999 -9999 -9999 -9999 -9999 -9999 -9999 -9999 -9999 -9999 -9999 -9999 -9999 -9999 -9999 -9999 -9999 -9999 -9999 -9999 -9999
-9999 -9999 -9999 -9999 3.81635740068224 9.45444747805595 3.72689943654197 10.7278276383877 5.02350389957428 7.1401948928833 13.0627055168152 16.4757714271545 16.9971871376038 14.3735189437866 13.1921124458313 10.5195951461792 7.60678553581238 2.92466926574707 2.45890045166016 2.43904727697372 2.61224555969238 3.3943372964859 3.83185422420502 3.81919276714325 4.0364602804184 4.19936084747314 6.32935380935669 10.4964952468872 13.9503293037415 18.3592600822449 36.0165596008301 39.0989112854004 37.7989854812622 34.8858318328857 35.3007373809814 23.1964244842529 24.9430732727051 4.97368407249451 -9999 -9999 -9999 -9999 -9999 -9999 -9999 -9999 -9999 -9999 -9999 -9999 -9999 -9999 -9999 -9999 -9999 -9999 -9999 -9999 -9999 -9999 -9999 -9999
-9999 -9999 -9999 -9999 4.90167903900146 5.15589773654938 6.7920083284378 4.27687811851501 6.26511383056641 10.2878794670105 12.611743927002 10.6514947414398 12.0699620246887 12.6094264984131 11.378089427948 8.34572410583496 5.50219130516052 2.82324832677841 2.46977019309998 2.26066642999649 2.44666278362274 3.08268141746521 3.34638583660126 3.76519882678986 4.38508951663971 7.60302400588989 9.82017874717712 13.1223006248474 15.5072364807129 20.2143230438232 28.8760414123535 36.2298030853271 32.5362367630005 17.1335549354553 35.9138259887695 56.1074981689453 51.4125089645386 -9999 -9999 -9999 -9999 -9999 -9999 -9999 -9999 -9999 -9999 -9999 -9999 -9999 -9999 -9999 -9999 -9999 -9999 -9999 -9999 -9999 -9999 -9999 -9999 -9999
-9999 16.7062560033532 3.08659269592979 4.42021578550339 5.00833855569363 6.13351228237152 5.26191508769989 5.02049481868744 5.19315612316132 6.59089064598083 7.80891108512878 9.62897372245789 11.3840653896332 11.4511320590973 10.7069184780121 7.06990027427673 5.06260800361633 5.31653416156769 4.50381767749786 2.66811382770538 2.05591732263565 2.71994626522064 3.71540236473083 5.2338330745697 8.23052501678467 15.5905194282532 20.0249705314636 25.2054948806763 27.9798860549927 34.7952175140381 32.4771366119385 30.9198417663574 31.7976608276367 36.1156024932861 44.1387205123901 4.017622590065 -9999 -9999 -9999 -9999 -9999 -9999 -9999 -9999 -9999 -9999 -9999 -9999 -9999 -9999 -9999 -9999 -9999 -9999 -9999 -9999 -9999 -9999 -9999 -9999 -9999 -9999
4.30410486459732 4.23220503330231 4.11346471309662 7.91150150299072 5.42417407035828 5.12238657474518 5.28485012054443 5.40585887432098 4.84874188899994 4.39968466758728 5.51905131340027 6.89440155029297 9.09222364425659 11.067079782486 11.4013116359711 8.36927175521851 15.0472984313965 10.8118808269501 5.10866189002991 3.14485430717468 3.78408014774323 5.97127890586853 9.26378560066223 13.1504044532776 21.6972298622131 28.222635269165 37.2056150436401 30.9598388671875 27.8107194900513 34.8245229721069 51.6554374694824 50.6346874237061 53.1743774414062 -9999 -9999 -9999 -9999 -9999 -9999 -9999 -9999 -9999 -9999 -9999 -9999 -9999 -9999 -9999 -9999 -9999 -9999 -9999 -9999 -9999 -9999 -9999 -9999 -9999 -9999 -9999 -9999 -9999
4.62014098350818 4.02128022909164 10.6121599674225 4.91156101226807 5.34296858310699 5.27622377872467 4.60897207260132 4.30053913593292 4.13338279724121 3.88886260986328 4.17488479614258 4.94559073448181 9.09978461265564 11.8509471416473 12.7419533729553 14.6522569656372 13.3474774360657 6.17186307907104 4.4740948677063 8.0367214679718 16.5754036903381 23.5193867683411 26.9950504302979 27.9380264282227 24.8207759857178 26.9213104248047 24.9690027236938 30.0802974700928 34.2614793777466 54.9546718597412 49.994270324707 16.8012979030609 18.1560944080353 14.6489767526325 19.306091183424 4.39671974832361 -9999 -9999 -9999 -9999 -9999 -9999 -9999 -9999 -9999 -9999 -9999 -9999 -9999 -9999 -9999 -9999 -9999 -9999 -9999 -9999 -9999 -9999 -9999 -9999 -9999 -9999
24.3703806996346 6.0316379070282 5.57782065868378 5.62674593925476 4.74364578723907 4.10973680019379 3.91703832149506 3.49442481994629 3.45635104179382 3.32747161388397 3.4377965927124 3.72495067119598 7.64750504493713 13.3419055938721 17.5249085426331 17.7686791419983 5.36130452156067 6.47059464454651 13.3605895042419 20.8824806213379 43.6376724243164 31.6421413421631 32.029935836792 40.922553062439 41.657280921936 45.4217176437378 44.9069938659668 50.2402095794678 67.7904682159424 27.435532450676 7.52836449464162 -9999 -9999 -9999 -9999 -9999 -9999 -9999 -9999 -9999 -9999 -9999 -9999 -9999 -9999 -9999 -9999 -9999 -9999 -9999 -9999 -9999 -9999 -9999 -9999 -9999 -9999 -9999 -9999 -9999 -9999 -9999
8.39585995674133 6.2981071472168 5.72014045715332 5.76299858093262 5.90208220481873 5.54548788070679 4.63427031040192 4.47927904129028 4.15407586097717 3.48637354373932 3.4415295124054 6.89486360549927 12.6965789794922 16.9188594818115 16.8303723335266 9.04519128799438 15.0716614723206 26.0308742523193 43.7964963912964 29.5102558135986 21.6391825675964 25.610541343689 25.265892803669 38.8590905070305 39.3655185699463 42.2180871963501 44.6583595275879 52.5602760314941 55.2360363006592 14.4342175722122 35.9402450323105 8.53744111061096 -9999 -9999 -9999 -9999 -9999 -9999 7.83807295827723 12.6942715644836 -9999 -9999 -9999 -9999 -9999 -9999 -9999 -9999 -9999 -9999 -9999 -9999 -9999 -9999 -9999 -9999 -9999 -9999 -9999 -9999 -9999 -9999
4.5088454246521 8.73509359359741 7.23793745040894 6.57253432273865 8.19874209165573 4.78952184319496 4.57665495872498 6.35595989227295 5.63953363895416 4.28024983406067 4.49228847026825 10.3794028759003 15.7098426818848 17.8706874847412 12.5854225158691 19.7317228317261 54.2300720214844 39.4505252838135 17.0833144783974 23.2592582702637 15.9174934029579 30.3842107057571 30.8401142656803 48.3605976104736 32.7739791870117 26.6027412414551 20.2737293243408 17.2218189239502 24.334436416626 26.4348374280063 6.77468554777642 3.42093944549561 -9999 -9999 -9999 -9999 -9999 -9999 -9999 -9999 -9999 -9999 -9999 -9999 -9999 -9999 -9999 -9999 -9999 -9999 -9999 -9999 -9999 -9999 -9999 -9999 -9999 -9999 -9999 -9999 -9999 -9999
-9999 -9999 -9999 -9999 -9999 3.67697893945794 8.02588605880737 6.99705505371094 5.02383434772491 3.98600113391876 6.67459917068481 11.636168718338 15.347336769104 16.0605254173279 16.9599866867065 62.5097923278809 19.9051229953766 17.8411129117012 38.5473277568817 28.7424434423447 5.61640427112579 23.13685297966 4.87369587421417 22.7294096946716 41.374342918396 71.9131679534912 -9999 -9999 -9999 -9999 -9999 -9999 -9999 -9999 -9999 -9999 -9999 -9999 -9999 -9999 -9999 -9999 -9999 -9999 -9999 -9999 -9999 -9999 -9999 -9999 -9999 -9999 -9999 -9999 -9999 -9999 -9999 -9999 -9999 -9999 -9999 -9999
-9999 -9999 -9999 -9999 -9999 -9999 6.33147829771042 6.45526456832886 6.16751790046692 6.15375280380249 9.32519030570984 16.8423929214478 23.41175365448 32.0235757827759 45.1455888748169 52.9581127166748 59.5146503448486 43.3706586360931 38.5299931764603 6.52156004905701 5.03054330348969 4.88183441162109 4.93582348823547 3.12724988817055 -9999 -9999 -9999 -9999 -9999 -9999 -9999 -9999 -9999 -9999 -9999 -9999 -9999 -9999 -9999 -9999 -9999 -9999 -9999 -9999 -9999 -9999 -9999 -9999 -9999 -9999 -9999 -9999 -9999 -9999 -9999 -9999 -9999 -9999 -9999 -9999 -9999 -9999
