EcologicalScience/Bass/data/rs_data_bass/chl_365.asc
NCOLS 226 
NROWS 124 
XLLCORNER -9.41648524995501 
YLLCORNER 47.587301625531 
CELLSIZE 0.0833 
NODATA_value -9999 
[rows 54 to 80 of 124, columns 0 to 61 of 226]
-9999 -9999 -9999 -9999 -9999 -9999 -9999 -9999 -9999 -9999 -9999 -9999 -9999 -9999 -9999 -9999 -9999 -9999 -9999 -9999 -9999 -9999 -9999 -9999 -9999 -9999 -9999 -9999 -9999 -9999 -9999 -9999 -9999 -9999 -9999 -9999 -9999 -9999 5.3166718347614 1.70026374333783 2.0909299403429 1.70924117043614 1.66211535036564 1.38001190338816 1.43129080959729 1.32526260188648 1.28728244560105 1.19911408424377 1.0058213353157 1.30338431149721 1.24953719973564 1.56551223993301 1.62765222787857 1.67821778970606 2.17609073434557 2.61908281700952 2.67351232556736 2.50082268212971 -9999 0.607058599591255 0.62790758907795 2.60445861064869
-9999 -9999 -9999 -9999 -9999 -9999 -9999 -9999 -9999 -9999 -9999 -9999 -9999 -9999 -9999 -9999 -9999 -9999 -9999 -9999 -9999 -9999 -9999 -9999 -9999 -9999 -9999 -9999 -9999 -9999 -9999 -9999 -9999 -9999 -9999 -9999 -9999 -9999 -9999 2.98059821128845 2.07986959639718 1.82367937266827 1.70005907331194 1.81234763349806 1.49344631603786 1.3480362040656 1.29050344654492 1.20831320541246 1.15412880267416 1.38644599914551 1.35733798518777 1.33910136669874 1.62342668520777 1.64263730890611 2.24590541635241 2.22987094095775 2.66765244305134 2.77785046114398 -9999 -9999 -9999 -9999
-9999 -9999 -9999 -9999 -9999 -9999 -9999 -9999 -9999 -9999 -9999 -9999 -9999 -9999 -9999 -9999 -9999 -9999 -9999 -9999 -9999 -9999 -9999 -9999 -9999 -9999 -9999 -9999 -9999 -9999 -9999 -9999 -9999 -9999 -9999 -9999 -9999 -9999 -9999 -9999 2.30829650163651 1.98005885737283 1.80781518561499 1.95903238228389 1.91308374064309 1.58910449062075 1.30301942569869 1.21768950564521 1.2839646424566 1.25168056573187 1.16248361687911 1.39449257442826 1.76088243409207 1.98882848024368 2.17585291181292 2.1658696308732 2.38365871969022 2.35471279997575 2.13522045314312 -9999 -9999 -9999
-9999 -9999 -9999 -9999 -9999 -9999 -9999 -9999 -9999 -9999 -9999 -9999 -9999 -9999 -9999 -9999 -9999 -9999 -9999 -9999 -9999 -9999 -9999 -9999 -9999 -9999 -9999 -9999 -9999 -9999 -9999 -9999 -9999 -9999 -9999 -9999 -9999 -9999 -9999 -9999 1.68019126443302 2.07807742697852 2.04032175881522 2.0760367001806 1.98880911724908 1.85166715724128 1.82566163369587 1.51072454452515 1.32992762752942 1.39533319285041 1.1731827086524 1.3970518488633 1.64929040148854 1.70247361063957 1.7685446664691 1.80539727210999 2.25078499317169 2.09237978019212 2.17920009086007 2.30647986813595 1.84169335276992 -9999
-9999 -9999 -9999 -9999 -9999 -9999 -9999 -9999 -9999 -9999 -9999 -9999 -9999 -9999 -9999 -9999 -9999 -9999 -9999 -9999 -9999 -9999 -9999 -9999 -9999 -9999 -9999 -9999 -9999 -9999 -9999 -9999 -9999 -9999 -9999 -9999 -9999 -9999 -9999 -9999 -9999 2.43844997882843 2.14110872575215 2.14191323518753 2.12586897611618 1.89532115629741 1.84683552810124 1.68851663385119 1.56674720559801 1.50526586174965 1.29665975769361 1.33828113424151 1.6606855429709 1.75309566780925 1.85864167660475 1.9502317905426 1.80242719720392 2.18933068303501 2.19332026383456 2.61133337722105 2.64380148410797 -9999
-9999 -9999 -9999 -9999 -9999 -9999 -9999 -9999 -9999 -9999 -9999 -9999 -9999 -9999 -9999 -9999 -9999 -9999 -9999 -9999 -9999 -9999 -9999 -9999 -9999 -9999 -9999 -9999 -9999 -9999 -9999 -9999 -9999 -9999 -9999 -9999 -9999 -9999 -9999 -9999 -9999 2.73596674203873 2.18724113702774 2.14106034381049 2.12143341984068 2.05365131582533 2.05468376193728 1.63857944522585 1.70606790718279 1.51816340182957 1.33437332510948 1.13768624833652 1.1401329562068 1.43546178511211 1.71035748720169 1.68457120656967 1.99975371360779 2.25442333081189 2.24112951755524 1.11560668457638 -9999 -9999
-9999 -9999 -9999 -9999 -9999 -9999 -9999 -9999 -9999 -9999 -9999 -9999 -9999 -9999 -9999 -9999 -9999 -9999 -9999 -9999 -9999 -9999 -9999 -9999 -9999 -9999 -9999 -9999 -9999 -9999 -9999 -9999 -9999 -9999 -9999 -9999 -9999 -9999 -9999 -9999 2.28686557127082 2.64147780622755 2.5377220426287 2.15406090872628 1.989897276674 1.74553429228919 1.78932809829712 1.84902063437871 1.5392142063693 1.4452775622669 1.33042155598339 1.1541151872703 1.2982468179294 1.66141509382348 1.77936811509885 1.6153425731157 1.91813615390233 -9999 -9999 3.1820372763802 2.76457039748921 5.67625532831465
-9999 -9999 -9999 -9999 -9999 -9999 -9999 -9999 -9999 -9999 -9999 -9999 -9999 -9999 -9999 -9999 -9999 -9999 -9999 -9999 -9999 -9999 -9999 -9999 -9999 -9999 -9999 -9999 -9999 -9999 -9999 -9999 -9999 -9999 -9999 -9999 -9999 -9999 -9999 2.10059489445253 2.1872992515564 2.42444410494396 2.28788781166077 1.92740717104503 1.82322097676141 1.44917454038348 1.63140734604427 1.60601037740707 1.60296883185705 1.23489817551204 1.16088825038501 1.2066944539547 1.24366252337183 1.71499497639505 1.80394233124597 1.79769089392253 2.06102286917823 2.00398513248989 2.85502746701241 3.26136276125908 3.30603352189064 3.34447377920151
-9999 -9999 -9999 -9999 -9999 -9999 -9999 -9999 -9999 -9999 -9999 -9999 -9999 -9999 -9999 -9999 -9999 -9999 -9999 -9999 -9999 -9999 -9999 -9999 -9999 -9999 -9999 -9999 -9999 -9999 -9999 -9999 -9999 -9999 -9999 -9999 -9999 -9999 -9999 3.34269994497299 2.15165333236967 2.14372303656169 1.81421386344092 1.6088445016316 1.58256523949759 1.37711280584335 1.4223190503461 1.48438187440236 1.58988338708878 1.44004146676314 1.21503193463598 1.26551435249192 1.55900433502699 1.59340755249325 2.03249093464443 1.9321248957089 1.90638874258314 1.84035323560238 1.85493550077081 2.27630079876293 2.78927546739578 2.94237264990807
-9999 -9999 -9999 -9999 -9999 -9999 -9999 -9999 -9999 -9999 -9999 -9999 -9999 -9999 -9999 -9999 -9999 -9999 -9999 -9999 -9999 -9999 -9999 -9999 -9999 -9999 -9999 -9999 -9999 -9999 -9999 -9999 -9999 -9999 -9999 -9999 -9999 -9999 3.25896253188451 3.06376242637634 2.09973680121558 1.8133111851556 1.54320913553238 1.40757607136454 1.4294142978532 1.22098316890853 1.75904077291489 1.38053642213345 1.36290588229895 1.15865528583527 1.15469864436558 1.24021961433547 1.33310626234327 1.61626405778684 1.21907028731178 1.62604764103889 1.49018494784832 1.65540019103459 1.81092412131173 2.30041835137776 2.35529057468687 2.5356838447707
-9999 -9999 -9999 -9999 -9999 -9999 -9999 -9999 -9999 -9999 -9999 -9999 -9999 -9999 -9999 -9999 -9999 -9999 -9999 -9999 -9999 -9999 -9999 -9999 -9999 -9999 -9999 -9999 -9999 -9999 -9999 -9999 -9999 -9999 -9999 -9999 -9999 -9999 2.07346218824387 1.77159243822098 1.61294940539769 1.60666997092111 1.44751831463405 1.34213473115649 1.39754361659288 1.4840454608202 1.34597843885422 1.37102783471346 1.25982342660427 1.25994255021214 1.14131806152208 1.32554052983012 1.38068116562707 1.70655287057161 1.61364818874158 1.78237215677897 1.65861988919122 1.77249005862645 1.87917272533689 2.0862459987402 2.43729251623154 2.67073321342468
-9999 -9999 -9999 -9999 -9999 -9999 -9999 -9999 -9999 -9999 -9999 -9999 -9999 -9999 -9999 -9999 -9999 -9999 -9999 -9999 -9999 -9999 -9999 -9999 -9999 -9999 -9999 -9999 -9999 -9999 -9999 -9999 -9999 -9999 -9999 -9999 -9999 2.31385911336312 2.06362011602947 1.67322824682508 1.45935353636742 1.35141219837325 1.06462811146464 0.963255860975811 1.00404397078923 1.03203043341637 1.03864490134375 1.34180648624897 1.23651554435492 1.11022087505886 1.28904309868813 1.32568186947278 1.39425964440618 1.61873107834866 1.56753443394388 1.60184945378985 1.71988187517439 1.88074573874474 1.915921702981 2.08461499214172 2.1253422498703 2.6521742939949
-9999 -9999 -9999 -9999 -9999 -9999 -9999 -9999 -9999 -9999 -9999 -9999 -9999 -9999 -9999 -9999 -9999 -9999 -9999 -9999 -9999 -9999 -9999 -9999 -9999 -9999 -9999 -9999 -9999 -9999 -9999 -9999 -9999 -9999 -9999 -9999 -9999 2.40570233549391 1.88421213626862 1.44111319950649 1.32229796903474 1.28886689032827 1.11215112039021 1.03524675965309 1.05917281763894 1.06554449456079 1.06363785266876 1.01069280930928 1.07122994746481 1.16772887962205 1.50259032100439 1.49865355342627 1.55439382477811 1.44308149814606 1.48189327120781 1.63227464471545 1.69562318495342 1.83642554283142 1.87400530917304 2.09336894750595 2.15228480100632 2.82161426544189
-9999 -9999 -9999 -9999 -9999 -9999 -9999 -9999 -9999 -9999 -9999 -9999 -9999 -9999 -9999 -9999 -9999 -9999 -9999 -9999 -9999 -9999 -9999 -9999 -9999 -9999 -9999 -9999 -9999 -9999 -9999 -9999 -9999 -9999 -9999 -9999 3.48506279289722 2.24977318729673 1.65015831163951 1.32364904880524 1.23934618490083 1.12117154257638 0.952181799071176 1.05250010745866 1.09027466603688 1.09025532858712 1.03816742982183 1.00535806162017 1.43742225319147 1.49511855840683 1.48796463757753 1.40594567446148 1.39353385742973 1.61240994930267 1.51803547143936 1.67362076895578 1.78099644184113 1.94742035865784 2.19757798739842 2.39483827894384 2.72214190526442 3.21266529776833
-9999 -9999 -9999 -9999 -9999 -9999 -9999 -9999 -9999 -9999 -9999 -9999 -9999 -9999 -9999 -9999 -9999 -9999 -9999 -9999 -9999 -9999 -9999 -9999 -9999 -9999 -9999 -9999 -9999 -9999 -9999 2.19586655923298 3.86574530601501 -9999 2.10493344068527 2.38144890537346 2.67190990845362 1.79550045728683 1.43279942444393 1.21107376047543 1.07453493986811 1.03673654794693 0.966317717518125 0.944951789719718 0.934765296322959 0.954702966979572 0.970483928918839 1.09555938414165 1.18348094395229 1.47388382256031 1.51232267828549 1.75814670324326 1.72851303219795 1.34874037258765 1.97166892290115 1.79221112653613 2.15836731954054 2.47935576949801 2.79514518805913 3.05311784961007 3.13664769042622 2.44474728170194
-9999 -9999 -9999 -9999 -9999 -9999 -9999 -9999 -9999 -9999 -9999 -9999 -9999 -9999 -9999 -9999 -9999 -9999 -9999 -9999 -9999 -9999 0.346259817481041 8.5759759426117 7.52869849205017 9.63163797060649 9.39379485448202 6.82943308353424 2.95555069049199 2.11796722809474 2.33024326960246 1.95051393508911 1.60178475826979 1.64373962879181 1.76120476722717 1.54791493075235 1.38884026663644 1.08627688458988 0.976736349718911 0.955196142196655 1.00273733905384 0.807930552959442 0.931778982281685 0.920362057430403 0.941939138940402 0.98807002391134 1.04759573936462 1.41916731156801 1.15856517638479 1.69895052909851 1.56395144672955 1.53559631635161 2.31075524091721 2.14115506410599 1.84302348249099 2.12446092814207 2.35385207086802 3.04217370874003 2.87582825562533 -9999 -9999 -9999
-9999 -9999 -9999 -9999 -9999 -9999 -9999 -9999 -9999 -9999 -9999 -9999 -9999 -9999 -9999 -9999 -9999 -9999 -9999 -9999 -9999 -9999 3.81813760846853 4.80840139389038 6.72032284736633 6.72928147315979 5.13777182783399 4.53894161326545 2.35735748495374 1.5937157188143 1.08363409127508 2.53561490178108 1.46235194802284 1.05072858503887 1.04105678796768 1.01695181131363 0.934219270944595 0.966863802501133 0.852034866809845 0.847144484519958 0.852553929601397 0.923660797732217 0.928099387458393 0.943139357226235 0.943034355129514 1.47440305822774 1.47366056889296 1.58368358541937 1.62401134476942 1.65481920803294 1.75714063293794 2.3917840719223 2.49456361681223 2.53003125127993 1.94299239861338 -9999 -9999 -9999 -9999 -9999 -9999 -9999
-9999 -9999 -9999 -9999 -9999 -9999 -9999 -9999 -9999 -9999 -9999 -9999 -9999 -9999 -9999 -9999 -9999 -9999 -9999 16.0973445608261 2.191872215271 2.395394718647 2.85328071117401 3.12406342029572 4.19394619464874 2.98611419200897 2.85141369104385 2.65893897414207 1.3064027769225 0.997638331992286 1.04223279016359 0.927550281797137 0.862256437540054 0.875857523509434 0.896999758481979 0.899244949221611 1.22561742578234 8.20283245082413 0.846646821498871 0.9588466158935 0.800521731376648 0.73322879076004 0.822386425733566 0.809855723381043 0.990079558708451 1.44169713792048 1.8605136620371 1.66228072958834 1.94076879087247 1.76845806135851 2.03380993008614 -9999 -9999 -9999 -9999 -9999 -9999 -9999 -9999 -9999 -9999 -9999
-9999 -9999 -9999 -9999 -9999 -9999 -9999 -9999 -9999 -9999 -9999 -9999 -9999 -9999 -9999 -9999 -9999 3.70727757612864 3.72353641192118 1.7384201169014 1.86124758720398 1.95536418557167 2.09239823818207 1.1605509689876 1.09602714862142 0.99352918778147 1.02692368626595 1.06670987606049 0.939918317965099 0.937149856771742 0.994108710970197 0.891500485794885 0.811906508037022 0.832906505891255 0.67488782451703 0.877650209835597 1.06541746396285 1.40545012376138 0.786652874946594 0.938815291438784 0.94017225929669 0.737717545032501 0.736452284455299 0.893280185759068 0.983886726200581 1.65145512003648 1.76585685893109 1.8285793473846 1.78242287215065 2.22978332909671 2.17935073567975 -9999 -9999 -9999 -9999 -9999 -9999 -9999 -9999 -9999 -9999 -9999
-9999 -9999 -9999 -9999 -9999 -9999 -9999 -9999 -9999 -9999 -9999 -9999 -9999 -9999 1.65700014829636 17.6317584753036 8.23876966448391 6.70948976628921 2.23571805953979 0.900504342147282 0.826172590255737 0.693930100117411 0.713006992425237 0.825961596199444 0.597027770110539 0.466159081884793 2.07416489124298 2.52179665565491 0.963789888790676 0.757445914404733 0.760117637259619 0.706328477178301 0.789104244538716 0.849366124187197 0.851074729646955 0.86364335673196 0.95816267813955 0.893912136554718 0.834214082786015 0.859777846506664 0.726536110043526 0.689810299873352 0.709093400835991 0.727706402540207 0.917031621932983 1.67355160117149 1.78994823396206 1.93290986199128 1.90126290133125 1.9939813519779 1.86169450623649 3.38474361015403 -9999 -9999 -9999 -9999 -9999 -9999 -9999 -9999 -9999 -9999
-9999 -9999 -9999 -9999 -9999 -9999 -9999 -9999 -9999 -9999 -9999 3.50902144227709 4.44294274449348 5.88621432781219 0.905783808231354 5.97678251266479 4.0219473361969 2.36539420059749 1.77646108184542 0.630072112594332 0.625233113765717 0.684650793671608 0.68566049848284 0.7241173854896 0.729223053370203 0.577547677925655 0.479752823710442 2.06992923617363 2.14447191953659 0.667682979788099 0.674777262977191 0.722401742424284 0.791030466556549 0.867171112980161 0.873997577599117 0.893161692789623 0.927890781845365 0.831795432737895 0.768227347305843 0.811353078910283 0.809349960514477 0.798632140670504 0.715853232890368 0.759950056672096 1.7067862686358 1.79158552069413 1.85305636807492 1.81062759371365 1.79783999919891 1.68845335642497 1.58993679285049 -9999 -9999 -9999 -9999 -9999 7.92831539844358 3.01250981092453 2.22319339513779 1.59129634073802 12.2497344017029 -9999
-9999 -9999 -9999 -9999 -9999 -9999 -9999 -9999 -9999 2.48891481757164 2.16459117566838 9.59616819620133 2.89457513093948 0.83786966250493 0.797640162018629 0.686706176400185 4.74739010334015 0.619961340512548 0.590884406651769 0.548911731157984 0.627373727304595 0.613630267126219 1.97811368703842 0.60221186705998 0.512851908802986 0.423651331237384 0.4016197430236 1.59675761759281 1.78333957791328 0.651467250926154 0.638497505869184 0.677198563303266 0.763619593211583 0.840123717273985 0.911037198134831 0.91348876271929 0.903553196362087 0.756350691829409 0.738141966717584 0.717417751039777 0.755836186664445 0.7706261745521 0.81286626628467 0.856665870973042 0.800602834014332 1.00497016836615 1.56709383977087 1.72478218768772 1.5994779046844 1.67490704854329 1.58250822039212 1.82708698511124 2.21326190233231 2.35640690724055 2.71758389991263 3.11863487958908 3.09173905849457 3.0619010925293 3.15726190805435 2.68124550580978 2.29003620147705 -9999
-9999 -9999 -9999 -9999 -9999 1.45282756984234 3.20585401852926 3.14246639609337 1.88489617904027 3.24360434214274 0.934819382429123 0.728849744796753 0.709307636205967 2.34430223703384 0.92809152007103 2.3557510048151 0.622992421899523 0.631575005395072 0.633835820215089 1.07929061949253 1.05400905609131 1.22665764987469 1.19921769499779 0.413196961794581 0.444398249898638 0.417463554577394 0.525618201919964 2.62182833552361 2.35992176830769 0.631849714687892 0.687396615743637 0.699244314974005 0.724864165891301 0.840481076921735 0.918146214314869 0.76547092795372 0.803141457693918 0.777758283274514 0.706022149750165 0.70008804329804 1.60895788096465 0.726540170609951 0.724727265536785 0.761880554258823 0.917683609894344 1.0925359087331 1.50974406066694 1.5434038544956 1.59516801332173 1.47436232226236 1.54457381793431 1.68465431034565 1.61731182038784 2.0961072742939 2.09483002871275 2.35147351026535 2.24178451299667 2.18094551563263 2.25092154741287 2.41765803098679 3.11320668458939 2.56750735044479
-9999 -9999 -9999 -9999 -9999 1.32492506504059 0.714956615120173 0.638317119330168 1.22601957917213 0.686825913190842 0.71264014840126 0.688959500193596 0.577752748131752 0.573104023933411 0.880136055605752 0.705680685383933 0.6695844743933 0.659618152039392 0.651474978242602 0.609780320099422 0.578909460987364 0.470753782561847 0.438476449676922 0.3980623036623 0.390775399548667 0.384826279112271 0.383147369538035 1.1218995153904 1.10685713887215 0.988793587684631 0.73172937972205 0.778812736272812 0.848234589610781 0.781691589525768 0.757298993212836 0.778642926897321 0.764785907098225 0.759872483355658 0.680727111441748 0.756320923566818 0.845326410872596 0.844757769789015 0.836398512125015 0.799632556736469 0.828957170248032 1.12563360163144 1.28945238966691 1.35370377490395 1.35257624011291 1.49683942397436 1.55842369794846 1.50846475362778 1.53738069534302 1.4978347197175 1.56991848349571 1.65624086558819 1.78511121869087 1.92693968117237 1.95091998577118 2.50922530889511 2.3994255065918 2.1647412776947
-9999 -9999 -9999 -9999 -9999 1.93784796340125 0.772529917103904 0.689640832798822 1.06796782612801 0.78416839838028 0.706149190664291 0.693084520953042 0.590844633323806 1.49405545697493 1.05143367392676 0.625357268112046 0.560678780078888 0.561296473656382 0.546488795961652 0.513705649546214 0.526609508054597 0.519841387867928 0.474064279879843 0.439179213983672 0.42797494999 0.440995178052357 0.563238207783018 0.805995353630611 0.896427804231644 0.661447057127952 0.74509380544935 0.796446881123951 0.9018762920584 0.890263936349324 0.922644610915865 0.775579452514648 0.73801361322403 0.665116167068482 1.03675743564963 0.75396715477109 0.764988648891449 0.776655429601669 0.871510058641434 0.835117271968297 1.02303398506982 0.896627396345139 1.10759250584402 1.14166680919497 1.19096886013684 1.28005793690681 1.32187814513842 1.11062839999795 1.27060163766146 1.2594520971179 1.32192224264145 1.27006593346596 1.39634435014291 1.49257056300457 1.98677162482188 2.0133899633701 2.00607299804688 2.02846348285675
-9999 -9999 -9999 -9999 -9999 1.36304895579815 0.836493775248528 0.739397579005786 0.679910671710968 0.655084112286568 0.649691253900528 0.635115283727646 0.576030211789267 0.567467042378017 0.617571102721351 1.29171045976026 0.591813555785588 0.614629830632891 0.593180141278676 0.548295851264681 0.516865917614528 0.50991716342313 0.580293387174606 0.393609313028199 0.397305109671184 0.372448928654194 0.371187003595488 0.679232913255692 0.611981985824449 0.625151676791055 0.670173950493336 0.884534546307155 1.04776114225388 1.27853531837463 0.955944657325745 0.762699472904205 0.654122298955917 0.574514189362526 1.25200051665306 1.0935483276844 0.69075009226799 0.735649913549423 0.784390951905932 0.797426564352853 0.522927692303291 0.669151494136223 0.768564785902317 0.60697491810872 0.699220808113322 0.783353911712766 0.810280859470367 1.01571216753551 1.06964611581394 1.12829495327813 1.1069509429591 1.45216390761462 1.34296717968854 1.50846911622928 1.4279972910881 1.89679396152496 2.19778275489807 2.42920881509781
-9999 -9999 -9999 -9999 -9999 0.967285094516618 1.16783708759717 0.852734339237213 0.756251376867294 0.733832615613937 0.706354129314423 0.683028881038938 0.65795966557094 0.616947214518275 0.576237201690674 0.579480733190264 0.490294594849859 0.454396592719214 0.445271034325872 0.446526525276048 0.435609736612865 0.436846611755235 0.451406989778791 0.450518667697906 0.457269743084908 0.453260460070201 0.747010959046228 0.743383948292051 0.713991957051413 0.703943380287715 0.648743984954698 0.686302076492991 0.955993090357099 0.826890032399785 0.716119492053986 0.690599289536476 0.701190751791 0.541683092713356 0.588562351465225 0.690335956215858 0.644170492887497 0.680617919989995 0.7221307435206 0.783295422792435 0.837265938520432 1.82332407576697 1.50265888656889 0.749323443724559 0.883720700229917 0.941798559256962 0.894275563103812 0.956268221139908 1.09680995770863 1.085339146001 1.13607978395053 1.48390650749207 1.88940512050282 1.83071866860756 1.72015523910522 1.8018382191658 2.30225801467896 3.25685352087021
