EcologicalScience/Bass/data/rs_data_bass/chl_318.asc
NCOLS 226 
NROWS 124 
XLLCORNER -9.41648524995501 
YLLCORNER 47.587301625531 
CELLSIZE 0.0833 
NODATA_value -9999 
[rows 54 to 80 of 124, columns 0 to 61 of 226]
-9999 -9999 -9999 -9999 -9999 -9999 -9999 -9999 -9999 -9999 -9999 -9999 -9999 -9999 -9999 -9999 -9999 -9999 -9999 -9999 -9999 -9999 -9999 -9999 -9999 -9999 -9999 -9999 -9999 -9999 -9999 -9999 -9999 -9999 -9999 -9999 -9999 -9999 5.17524145038954 3.01705218062681 2.56152181327343 2.21816356480122 1.82642783224583 1.51761251315475 1.54778594523668 1.55013976246119 1.50124762952328 1.28671878576279 1.25481129118374 1.26570043393544 1.29673759000642 1.29785314628056 1.33061735119138 1.54451381308692 1.9193315250533 2.14933827945164 2.35654978241239 2.53934682267053 -9999 0.607058599591255 0.62790758907795 2.31314792127713
-9999 -9999 -9999 -9999 -9999 -9999 -9999 -9999 -9999 -9999 -9999 -9999 -9999 -9999 -9999 -9999 -9999 -9999 -9999 -9999 -9999 -9999 -9999 -9999 -9999 -9999 -9999 -9999 -9999 -9999 -9999 -9999 -9999 -9999 -9999 -9999 -9999 -9999 -9999 1.99431253472964 2.9507075377873 3.4244259595871 2.5713894367218 1.91258805990219 1.55926144123077 1.41750776767731 1.4101519882679 1.38429702445865 1.32820734807423 1.30887233785221 1.3761154455798 1.38582317743983 1.61997367654528 1.8175761784826 2.18141949176788 2.29436297076089 2.80097939819098 2.52979154187131 -9999 -9999 -9999 -9999
-9999 -9999 -9999 -9999 -9999 -9999 -9999 -9999 -9999 -9999 -9999 -9999 -9999 -9999 -9999 -9999 -9999 -9999 -9999 -9999 -9999 -9999 -9999 -9999 -9999 -9999 -9999 -9999 -9999 -9999 -9999 -9999 -9999 -9999 -9999 -9999 -9999 -9999 -9999 -9999 2.31840772288186 2.56706857681274 1.95698887109756 1.89943111794335 1.69663785185133 1.59661707707814 1.56247046164104 1.44726112910679 1.45362261363438 1.42437585762569 1.34091364911624 1.39972599915096 1.88866176775524 1.90189701318741 2.33817943504878 2.49864662545068 2.44299252544131 2.16495678573847 2.57843750715256 -9999 -9999 -9999
-9999 -9999 -9999 -9999 -9999 -9999 -9999 -9999 -9999 -9999 -9999 -9999 -9999 -9999 -9999 -9999 -9999 -9999 -9999 -9999 -9999 -9999 -9999 -9999 -9999 -9999 -9999 -9999 -9999 -9999 -9999 -9999 -9999 -9999 -9999 -9999 -9999 -9999 -9999 -9999 2.14183582757649 2.10249891451427 2.02877104282379 2.09712540251868 1.92426045451845 1.73094414813178 1.64113850252969 1.63701829739979 1.5324616261891 1.4917226263455 1.48264636312212 1.35675524813788 1.46561397824969 1.57490577016558 1.76158322606768 1.89216312340328 2.00786179304123 2.28055674689157 2.26291294608797 2.21187635830471 4.27063681930304 -9999
-9999 -9999 -9999 -9999 -9999 -9999 -9999 -9999 -9999 -9999 -9999 -9999 -9999 -9999 -9999 -9999 -9999 -9999 -9999 -9999 -9999 -9999 -9999 -9999 -9999 -9999 -9999 -9999 -9999 -9999 -9999 -9999 -9999 -9999 -9999 -9999 -9999 -9999 -9999 -9999 -9999 2.50514987111092 2.0790793469974 2.07303726673126 1.9874061686652 1.91103989737374 1.70671795095716 1.68647789955139 1.69424417189189 1.6509130852563 1.50979826280049 1.36535776938711 1.52082863024303 1.60779105765479 1.70774127755846 1.64392248221806 1.84124897207533 2.10806674616677 2.12282201222011 2.15426028626306 2.43576660007238 -9999
-9999 -9999 -9999 -9999 -9999 -9999 -9999 -9999 -9999 -9999 -9999 -9999 -9999 -9999 -9999 -9999 -9999 -9999 -9999 -9999 -9999 -9999 -9999 -9999 -9999 -9999 -9999 -9999 -9999 -9999 -9999 -9999 -9999 -9999 -9999 -9999 -9999 -9999 -9999 -9999 -9999 2.29514617982664 2.30609577894211 2.26755118370056 2.14240662753582 1.91740781920297 1.8783762880734 1.66973452908652 1.67006947313036 1.5680707863399 1.33132287434169 1.18971987707274 1.57550234454019 1.64143837349755 1.78364053794316 1.80894288846425 1.9087137069021 2.23567312104361 2.24726555177144 1.4148019159382 -9999 -9999
-9999 -9999 -9999 -9999 -9999 -9999 -9999 -9999 -9999 -9999 -9999 -9999 -9999 -9999 -9999 -9999 -9999 -9999 -9999 -9999 -9999 -9999 -9999 -9999 -9999 -9999 -9999 -9999 -9999 -9999 -9999 -9999 -9999 -9999 -9999 -9999 -9999 -9999 -9999 -9999 2.90876939892769 2.71150085755757 2.57992739975452 1.99023324251175 2.0298490524292 1.70623640503202 1.58544066974095 1.54206270830972 1.5468767625945 1.52376237937382 1.34052804963929 1.21327457683427 1.39582785538265 1.68035290922437 1.7945049405098 1.88420388528279 2.05378614153181 -9999 -9999 6.50413459539413 2.70859318971634 2.89292581379414
-9999 -9999 -9999 -9999 -9999 -9999 -9999 -9999 -9999 -9999 -9999 -9999 -9999 -9999 -9999 -9999 -9999 -9999 -9999 -9999 -9999 -9999 -9999 -9999 -9999 -9999 -9999 -9999 -9999 -9999 -9999 -9999 -9999 -9999 -9999 -9999 -9999 -9999 -9999 3.09716092050076 2.93598993122578 2.54736907993044 2.26416249786104 2.03527251311711 1.72225174733571 1.62799668312073 1.54066246747971 1.56907173565456 1.49820215361459 1.43528141294207 1.42822298035026 1.35446199774742 1.37529211118817 1.40094602108002 1.52133798599243 1.61182850599289 2.26464774778911 1.97901547806604 2.0663343327386 2.1487746323858 2.26246013811656 2.38210592099598
-9999 -9999 -9999 -9999 -9999 -9999 -9999 -9999 -9999 -9999 -9999 -9999 -9999 -9999 -9999 -9999 -9999 -9999 -9999 -9999 -9999 -9999 -9999 -9999 -9999 -9999 -9999 -9999 -9999 -9999 -9999 -9999 -9999 -9999 -9999 -9999 -9999 -9999 -9999 3.03800663352013 2.3738592011588 2.12978083746774 1.82746905088425 1.6556333899498 1.55393608127322 1.46331683226994 1.3337137401104 1.40079480037093 1.56814413912156 0.930203844519222 0.949139282983892 1.42735475301743 1.46830189973116 1.25452329857009 1.84532682384763 1.96349064792906 1.94668816668647 1.79493687834058 1.83071103266307 1.88731052194323 1.84736895561218 2.08456405571529
-9999 -9999 -9999 -9999 -9999 -9999 -9999 -9999 -9999 -9999 -9999 -9999 -9999 -9999 -9999 -9999 -9999 -9999 -9999 -9999 -9999 -9999 -9999 -9999 -9999 -9999 -9999 -9999 -9999 -9999 -9999 -9999 -9999 -9999 -9999 -9999 -9999 -9999 3.27902756631374 1.98421281576157 1.89129856228828 1.72938897013664 1.59504672288895 1.46246237754822 1.36052924394608 1.50815296173096 1.42343991994858 1.32911645088877 1.25518359456744 0.883757940110038 1.28778793982097 1.58639073371887 1.73695436545781 1.66208129269736 1.48789477348328 1.65916822850704 1.66057634353638 1.66981244087219 1.72228360176086 1.77998333317893 1.85584892545428 2.33232749359948
-9999 -9999 -9999 -9999 -9999 -9999 -9999 -9999 -9999 -9999 -9999 -9999 -9999 -9999 -9999 -9999 -9999 -9999 -9999 -9999 -9999 -9999 -9999 -9999 -9999 -9999 -9999 -9999 -9999 -9999 -9999 -9999 -9999 -9999 -9999 -9999 -9999 -9999 2.94708131253719 1.94938209652901 1.85378193855286 1.68791610002518 1.49659593701363 1.43360148668289 1.35981001853943 1.47618466615677 1.37052989602089 1.03564634002172 0.995794580532954 0.969439250581405 1.08040516651594 1.45127343279975 1.53744322061539 1.54179799556732 1.49639523029327 1.36407625675201 1.46468150615692 1.51762503385544 1.63529223203659 1.78378027677536 1.99130320549011 2.26234197616577
-9999 -9999 -9999 -9999 -9999 -9999 -9999 -9999 -9999 -9999 -9999 -9999 -9999 -9999 -9999 -9999 -9999 -9999 -9999 -9999 -9999 -9999 -9999 -9999 -9999 -9999 -9999 -9999 -9999 -9999 -9999 -9999 -9999 -9999 -9999 -9999 -9999 2.47848432568403 1.95771099839892 1.76639533042908 1.69951584935188 1.58264615535736 1.38458833694458 1.35038698911667 1.32916531562805 1.28292211890221 1.2369655583586 0.975882452267867 0.953240832457176 0.993616860646468 1.18298893937698 1.37790491030766 1.49530971050262 1.61069399118423 1.56128376722336 1.40989774465561 1.41627776622772 1.5057692527771 1.64920103549957 1.81050395965576 1.93175774812698 2.09085071086884
-9999 -9999 -9999 -9999 -9999 -9999 -9999 -9999 -9999 -9999 -9999 -9999 -9999 -9999 -9999 -9999 -9999 -9999 -9999 -9999 -9999 -9999 -9999 -9999 -9999 -9999 -9999 -9999 -9999 -9999 -9999 -9999 -9999 -9999 -9999 -9999 -9999 2.70771239697933 2.11561353717531 1.74677877128124 1.61843757331371 1.49375908970833 1.35015147328377 1.31397585868835 1.27075636982918 0.949521351319093 0.960233729619246 0.938246348729501 1.02411793057735 1.24998876681695 1.35136598348618 1.41582453250885 1.57336412583079 1.59034257275718 1.6042286498206 1.56069670404707 1.38441348075867 1.53521525859833 1.65221792459488 1.93758195638657 2.11175525188446 2.0418661236763
-9999 -9999 -9999 -9999 -9999 -9999 -9999 -9999 -9999 -9999 -9999 -9999 -9999 -9999 -9999 -9999 -9999 -9999 -9999 -9999 -9999 -9999 -9999 -9999 -9999 -9999 -9999 -9999 -9999 -9999 -9999 -9999 -9999 -9999 -9999 -9999 3.21247431635857 2.66639287769794 2.14289658410209 1.56414663791656 1.48264592885971 1.36823342442513 1.30805806517601 1.28844108581543 1.19610103368759 0.879373085040313 0.872536086119138 0.884961907680218 1.15714290508857 1.24423972001443 1.29377102851868 1.34738624095917 1.56130301952362 1.61700922250748 1.59406268596649 1.50043773651123 1.47572445869446 1.71405172348022 1.96492147445679 2.23890572786331 2.45311319828033 2.17810689861124
-9999 -9999 -9999 -9999 -9999 -9999 -9999 -9999 -9999 -9999 -9999 -9999 -9999 -9999 -9999 -9999 -9999 -9999 -9999 -9999 -9999 -9999 -9999 -9999 -9999 -9999 -9999 -9999 -9999 -9999 -9999 2.22082364559174 1.84108176827431 -9999 2.10493344068527 2.52120366758187 1.93276677131653 1.7333588719368 1.66731877326965 1.3873673915863 1.34215065836906 1.32032414674759 1.29845913648605 1.26886081695557 0.876212269067764 0.883055716753006 0.978851210612517 0.998081149963232 1.13860067037436 1.20398895786359 1.47846347093582 1.49227076768875 1.51982426643372 1.5035517513752 1.51866129040718 1.57763051986694 1.8159447312355 2.05205297470093 2.32540446519852 2.64317202568054 2.79646670818329 3.05353040354592
-9999 -9999 -9999 -9999 -9999 -9999 -9999 -9999 -9999 -9999 -9999 -9999 -9999 -9999 -9999 -9999 -9999 -9999 -9999 -9999 -9999 -9999 0.346259817481041 4.25969234108925 2.54696038791112 2.5467906168529 2.84682274716241 2.65772024222783 2.12586088478565 1.60707072168589 4.24338382908276 2.6985824406147 1.78760471940041 1.75033442463194 1.66134481430054 1.75555608272552 1.59748703241348 1.4150502204895 1.23656489253044 1.20061547756195 1.23359325528145 1.21916939020157 1.1669971883297 1.16635637283325 0.911324267203991 0.934759745231042 0.984727077759229 1.474075704813 1.48722100257874 1.50992220640182 1.58822900056839 1.63679373264313 1.71352297067642 1.6929435133934 1.71483325958252 1.98025119304657 2.39647275209427 2.52087125607899 4.29949659635039 -9999 -9999 -9999
-9999 -9999 -9999 -9999 -9999 -9999 -9999 -9999 -9999 -9999 -9999 -9999 -9999 -9999 -9999 -9999 -9999 -9999 -9999 -9999 -9999 -9999 1.78305734906878 1.76464150633131 2.51877644658089 2.74519973993301 2.78286069631577 2.80202504396439 2.83849090337753 3.12708919388907 2.57597630023956 1.77426715493202 1.62622413039207 1.42054560184479 1.41073157787323 1.32701565027237 1.21676191091537 1.16242559552193 1.14078975319862 1.17919047474861 1.10546280741692 1.00188626646996 1.08114675879478 1.14774875749241 0.900117165767229 0.999861091375351 1.53299599885941 1.70507645606995 1.75721454620361 1.80249673128128 1.75086095699897 1.58462621156986 1.74185295746877 1.99583420386681 2.59984999895096 -9999 -9999 -9999 -9999 -9999 -9999 -9999
-9999 -9999 -9999 -9999 -9999 -9999 -9999 -9999 -9999 -9999 -9999 -9999 -9999 -9999 -9999 -9999 -9999 -9999 -9999 1.97939520615798 1.92372000217438 1.73737035691738 1.82919229567051 1.80487982928753 1.88439232110977 1.87761776149273 1.34096201956272 1.34714207947254 1.30700578093529 1.36157421632247 1.20789449214935 1.14926546216011 1.12732994556427 1.13711162209511 1.09063922166824 1.07697030901909 1.05750523209572 1.11170568466187 1.02198733091354 0.988284015655517 0.991549354791641 0.981180435419083 1.01984476447105 1.03876710534096 0.965851403199709 1.02067697277436 1.50664201608071 1.60932487249374 1.89931893348694 1.93831622600555 2.03659099340439 -9999 -9999 -9999 -9999 -9999 -9999 -9999 -9999 -9999 -9999 -9999
-9999 -9999 -9999 -9999 -9999 -9999 -9999 -9999 -9999 -9999 -9999 -9999 -9999 -9999 -9999 -9999 -9999 2.2486949712038 3.57868974208832 1.72519453934261 1.61971181631088 1.48380826413631 1.6306003843035 1.39056497067213 1.06601042747498 1.2266006320715 1.20557735860348 1.13064492344856 1.13175681462655 1.10601578788324 1.13055640729991 0.991097375750542 0.987793797254562 1.00215899348259 1.03570543016706 1.01420368552208 1.03332887291908 1.03918966054916 0.926745003461838 0.879135310649872 0.838780653476715 0.838746017217636 0.82649490237236 0.920970726013184 0.974065420719293 1.53579580783844 1.67037624120712 2.00081306695938 1.87108096251121 1.85584378242493 1.42212561198643 -9999 -9999 -9999 -9999 -9999 -9999 -9999 -9999 -9999 -9999 -9999
-9999 -9999 -9999 -9999 -9999 -9999 -9999 -9999 -9999 -9999 -9999 -9999 -9999 -9999 1.94654694199562 1.81729804618018 1.5632267679487 1.74342049360275 2.20395531058311 1.76483098864555 1.27739560604095 1.4258329719305 1.38277587294579 1.25817074775696 1.15847206413746 1.21011567413807 0.96585613489151 1.06976554485468 0.931144952774048 1.00967368483543 1.01476876093791 1.01968125425852 1.00241851380893 1.01866531797818 1.05391082167625 1.05586496421269 0.960822224617004 0.962500765919685 0.878590273005622 0.809486711025238 0.822696000337601 0.81320144534111 0.823936522006989 0.888925795044218 0.992458614019247 1.50148123502731 1.68326950073242 1.89283448457718 1.95411521196365 1.93353003263474 1.73771923780441 1.84832030534744 -9999 -9999 -9999 -9999 -9999 -9999 -9999 -9999 -9999 -9999
-9999 -9999 -9999 -9999 -9999 -9999 -9999 -9999 -9999 -9999 -9999 2.98463228702545 1.54588280916214 1.38139357311385 1.36507243343762 1.30059108138084 1.39300500750542 1.07494143503053 1.28920239210129 0.848598018288612 0.81981572508812 1.81549758911133 1.49918195307255 1.15990184247494 1.11903974711895 1.01573311686516 1.09054079353809 1.00876484513283 0.78133137524128 0.869166174530983 0.851031616330147 0.837411314249039 0.935388743877411 1.03422859311104 1.06093106951032 1.09277182817459 1.00516940014703 0.908536732196808 0.827901229262352 0.770373216697148 0.83339010817664 0.861361933606012 0.896842194455011 0.94245964714459 1.04696057851498 1.49174547195435 1.57434320449829 1.67472952604294 1.77506673336029 1.99985229969025 1.74624782800674 -9999 -9999 -9999 -9999 -9999 7.20558471513349 3.61336189508438 4.40875819554696 4.41352318014417 3.90639107567923 -9999
-9999 -9999 -9999 -9999 -9999 -9999 -9999 -9999 -9999 1.4605181068182 1.27559325098991 1.46296044588089 1.3105836212635 1.20956354141235 1.13515254855156 1.14800097346306 0.863917022943497 0.878250479698181 0.931285247206688 0.798701986670494 2.97593536973 2.66438591480255 1.59439810216427 1.27416571676731 0.745973467826843 0.66821600496769 0.918656077980995 1.09202553033829 0.915883675217628 0.861364164948463 0.826859137415886 0.823741498589516 0.817690068483353 0.9028052176748 1.00059708952904 1.05517478074346 1.00069433876446 0.806462615728378 0.786336996725627 0.765219977923802 0.83019147174699 0.878679935421262 0.946686616965703 1.04683788759368 1.06692407727242 1.53222748637199 1.52212420105934 1.56757771968842 1.56305027008057 1.73158371448517 1.69810050725937 1.51416426897049 1.78755686964308 8.03899866959144 2.11738473176956 2.16228773502203 1.98662793636322 2.49120950698853 3.37152498960495 6.49242979288101 5.91264820098877 -9999
-9999 -9999 -9999 -9999 -9999 1.32496929764748 1.437103250852 1.43748721938867 1.94960541679309 1.62676100547497 1.30785999848292 1.19487690237852 0.903693667479924 0.968477660417557 0.79075556567737 0.788413494825363 0.798319980502129 0.734748721122742 0.70091824233532 0.699849156232981 3.47869325280189 2.09449224472046 1.6219898879528 1.44604167938232 0.390512238849293 1.80621976473115 0.656069248914719 0.747704491019249 0.996572855114937 0.920633965730667 0.988301861286163 0.996995875239372 0.973392435908317 0.952995664798296 0.966908771258134 1.04129129648209 0.969978996685573 0.817317660365786 0.755206033587456 0.763170438153403 0.86041641661099 0.971869685820171 0.940115243196487 0.921552287680762 0.983364330870764 1.31775277853012 1.34764975309372 1.43498674035072 1.43689754605293 1.40400701761246 1.54685020446777 1.67772302031517 1.76014602184296 1.75753396749496 1.88751703500748 1.98299521207809 2.02841573953629 2.25112277269363 3.18521165847778 3.73573482036591 3.94441258907318 5.13766938447952
-9999 -9999 -9999 -9999 -9999 0.986353340474042 1.03656232627955 1.67283218869796 1.3931736602233 1.35873204469681 1.14240357875824 1.17649837732315 0.986845564842224 0.790348284519636 0.686398521065712 0.661919489502907 0.694631725549698 0.722709967539861 0.663435521034094 0.657718762755394 4.61296834051609 0.469700989398089 1.49415809512138 0.392733745954253 0.964732989668846 0.905478775501251 0.798851504921913 0.823361486196518 0.899444743990898 0.955212718248367 0.980119487643242 1.04502017498016 1.03463654816151 0.960392367839813 0.918164677344836 0.917023376776622 0.898397993582946 0.847264396292823 0.839556659970965 0.829438703400748 0.883106359413692 0.989219759191786 0.92075343642916 0.892202330487115 1.66962613910437 1.40424862504005 1.23009335249662 1.23342078924179 1.2742406129837 1.26771950721741 1.34614524245262 1.39198550581932 1.45307344198227 1.50553449988365 1.66054624319077 1.76999795436859 1.81519669294357 1.73622268438339 1.23230160908266 2.3435800075531 1.7431740623254 1.97763328118758
-9999 -9999 -9999 -9999 -9999 0.750453630319009 0.967510278735842 0.593705365700381 0.984277695417404 0.999935626983643 1.0320720076561 0.828882790528811 0.795393712245501 0.943991661071777 0.788348463865427 0.647682230059917 0.632085765783603 0.677805923498594 2.02608574520458 0.462554812431335 0.464427136562087 0.529037788510323 1.11662517786026 0.707775518298149 0.948779761791229 0.899662256240845 1.01263776421547 1.01101072132587 1.02448098361492 0.977777874469757 0.946338450908661 1.00454069674015 1.10573906600475 1.05828973352909 1.08157447897471 0.949725589156151 0.912200251221657 0.930598247051239 0.847382464579174 0.841540153537478 0.854231391961758 0.935195392370224 0.903820949792862 0.719259259375659 1.62426680326462 1.41887080669403 1.19076877832413 1.12200602889061 1.16749748587608 1.14866602420807 1.19688051939011 1.31861299276352 1.33898177742958 1.32848772406578 1.37260875105858 1.2592698097229 1.29124796390533 1.41230320930481 1.45187501907349 1.64482945203781 1.96976984739304 2.54084640741348
-9999 -9999 -9999 -9999 -9999 0.474527151538776 1.033745855093 0.973802745342255 0.985141485929489 0.980082041025162 1.06315866964204 0.958321081740515 0.93570653455598 0.930507889815739 0.738238809200434 0.720059071595852 0.676460025402216 0.596723529008719 2.23736694997007 0.641361504793167 0.653304010629654 0.713426992297173 0.671929746866226 0.627421244978905 0.793542250990868 1.02603623270988 1.0355252623558 0.992665782570839 1.0910374969244 1.16866857111454 1.15421881377697 1.10508915781975 1.12181805074215 1.11031773090363 1.14145341286292 0.959486532211304 0.914123064279556 0.902054679393768 0.900238206982613 0.874196112155914 0.926611045002937 0.903007167577743 0.893975114822388 2.05276025831699 1.93845249712467 1.46081005036831 1.36177380383015 1.12186574935913 1.13896626234055 1.13936924934387 1.13940501213074 1.17017024755478 1.10608249902725 1.17542400956154 1.25278851389885 1.38049098849297 1.36617973446846 0.865585879846053 1.48486787080765 1.87158526182175 2.65178371667862 3.54320350885391
-9999 -9999 -9999 -9999 -9999 0.483906307390758 1.05611779689789 1.07244040369987 0.994447618722916 0.993880704045296 0.956796061992645 0.948321959802083 0.752217880317143 0.758953379733222 0.829441102651449 0.830191687895701 0.873368430596132 1.78067457675934 1.47864912106441 1.7559359818697 0.639348492026329 0.637101501226425 0.622820496559143 0.574570253491402 0.642296999692917 0.758913263678551 0.795902982354164 0.758724242448807 0.702523108858329 0.703059935799012 1.3528126180172 1.28850631713867 1.04644004702568 1.07099744975567 1.0354555606842 1.05843778252602 0.943545573949814 0.91953167617321 0.950815808773041 0.94365708231926 0.884657871723175 0.861058071255684 0.880230143666267 0.878533199429512 1.50734651088715 1.37469504773617 1.30751977860928 1.25540620088577 1.08663150668144 1.1088747382164 1.12362951040268 1.10766902565956 1.10945475101471 1.18428853154182 1.39982548356056 1.52618327736855 1.46517449617386 1.38344472646713 1.52662777900696 2.03801704645157 3.29067535400391 3.67163500785828
