EcologicalScience/Bass/data/rs_data_bass/chl_62.asc
NCOLS 226 
NROWS 124 
XLLCORNER -9.41648524995501 
YLLCORNER 47.587301625531 
CELLSIZE 0.0833 
NODATA_value -9999 
[rows 56 to 83 of 124, columns 124 to 185 of 226]
2.30555248260498 2.72716945409775 2.90763741731644 2.63119125366211 2.61209321022034 2.57844221591949 2.82931280136108 3.95235908031464 3.84968233108521 5.8922016620636 6.28055047988892 7.31338047981262 8.63221192359924 7.47824335098267 4.58131492137909 4.81008160114288 6.20063996315002 6.66978907585144 7.67062640190125 5.3246465921402 2.18816846609116 2.23035228252411 2.64194405078888 2.35605973005295 2.01124495267868 1.99721395969391 1.93224370479584 1.93514549732208 1.921970307827 1.71373808383942 2.01120150089264 2.88039368391037 3.95288282632828 3.84959846735001 2.90619894862175 2.24473080039024 2.45492917299271 2.93926280736923 2.40414530038834 2.59389218688011 2.99308204650879 1.91846466064453 1.64765024185181 21.6091096401215 18.8846837282181 24.3386070728302 29.0226964950562 13.632963180542 5.90921688079834 33.407400727272 27.632050037384 7.52355891466141 8.93112659454346 14.9734580290579 -9999 -9999 -9999 -9999 -9999 -9999 -9999 -9999
2.65690648555756 2.82124346494675 3.1551285982132 2.95935451984406 2.69593566656113 2.87359946966171 2.5925400853157 2.53812968730927 2.27811741828918 2.35599678754807 2.11980682611465 3.38515198230743 5.42806041240692 5.07555735111237 3.45842635631561 3.38611114025116 3.95500516891479 5.00722360610962 5.01394736766815 3.06960511207581 2.34685796499252 2.428351521492 2.55352056026459 2.47644531726837 1.9813694357872 1.85330253839493 1.73659801483154 1.6580114364624 1.73270094394684 1.80888068675995 2.1409530043602 3.84141254425049 2.84919673204422 4.72696825861931 3.81508952379227 3.45680594444275 2.76964384317398 2.89337888360023 2.48395121097565 2.39960557222366 2.94559800624847 7.13723874092102 14.069314956665 22.9896955490112 19.2761178016663 43.9219951629639 12.5657608509064 -9999 16.1119562387466 19.2270262241364 33.0945718288422 29.4725711345673 10.1368722438812 -9999 -9999 -9999 -9999 -9999 -9999 -9999 -9999 -9999
3.68756318092346 3.33978009223938 3.40643835067749 3.27375733852386 3.27987992763519 3.23842656612396 3.01720869541168 2.75078022480011 2.45251733064651 2.35624194145203 2.81945782899857 1.9631609916687 2.75687474012375 4.01076972484589 4.05534911155701 3.56172680854797 3.23112058639526 2.98301768302917 2.98973107337952 2.60722947120667 2.5724812746048 2.50374966859818 2.48542499542236 2.50314903259277 2.11430257558823 1.8114600777626 1.68537676334381 1.66446071863174 1.76346302032471 2.2475152015686 3.04213428497314 3.4975837469101 2.36092722415924 3.41758954524994 5.2477605342865 5.3565017580986 4.43658667802811 4.63395148515701 3.91565465927124 3.22699695825577 4.13235712051392 13.1311401128769 14.4457125663757 19.5279200077057 41.3649802207947 20.6774625778198 9.54617881774902 9.70064306259155 26.8708527088165 32.6620827913284 31.0893598794937 58.5803512573242 21.340960278803 -9999 -9999 -9999 -9999 -9999 -9999 -9999 -9999 -9999
-9999 4.5546409919858 4.07053363323212 3.52169358730316 3.74087190628052 3.69223737716675 3.43734061717987 3.35070598125458 3.11487007141113 3.05587434768677 2.82335847616196 2.19365698099136 2.53796857595444 2.73040652275085 3.03479611873627 3.55113136768341 2.69006180763245 2.86875450611115 2.93014794588089 2.89674156904221 2.62949466705322 2.52418506145477 2.48364758491516 2.40236932039261 2.34393900632858 1.90881818532944 1.75855207443237 1.86179995536804 2.43629997968674 4.7135181427002 7.10777735710144 4.92637288570404 2.62949323654175 3.54401457309723 4.98909902572632 8.21570134162903 5.26664185523987 5.11188572645187 4.93292212486267 4.57891434431076 9.06017088890076 14.9805636405945 16.3357493877411 34.0316858291626 19.4705677986145 -9999 5.22539472579956 7.21025848388672 12.5923662185669 14.1916776895523 32.1604156494141 50.1345096588135 66.4911771501814 14.3255324363708 -9999 -9999 -9999 -9999 -9999 -9999 -9999 -9999
-9999 -9999 -9999 -9999 -9999 2.28387522697449 4.15452414751053 3.5116138458252 3.33474004268646 3.19433927536011 3.25486421585083 2.60859900712967 2.42003631591797 2.3636519908905 2.28267753124237 2.44825655221939 2.93366467952728 2.89290225505829 2.94955050945282 3.00214111804962 2.79518848657608 2.76561677455902 2.68919402360916 2.92141807079315 3.05275189876556 1.73411482572556 1.65295493602753 2.03899204730988 2.4519869685173 5.33158814907074 7.4240448474884 4.05345225334167 3.5440388917923 3.7128803730011 4.05888283252716 5.66481220722198 6.20494866371155 5.92077684402466 7.13508832454681 7.67308902740479 12.38475304842 15.557400226593 26.7458403110504 22.2998666763306 49.4556312561035 -9999 -9999 -9999 -9999 -9999 47.1915950775146 53.1381271362305 64.2272611345564 -9999 -9999 -9999 -9999 -9999 -9999 -9999 -9999 -9999
-9999 -9999 -9999 -9999 -9999 -9999 -9999 -9999 3.05016714334488 3.78470849990845 3.41782057285309 3.28922760486603 3.05093908309937 2.88172942399979 2.63021242618561 2.77377068996429 2.98029291629791 3.02417099475861 3.00767934322357 3.26341938972473 3.26265299320221 3.13489723205566 3.10542368888855 3.30233466625214 3.09449779987335 2.0254881978035 1.95786076784134 2.47332143783569 2.76078450679779 5.83757185935974 10.1814293861389 5.4596700668335 4.44377017021179 4.08637046813965 4.47409272193909 5.12712371349335 9.22918224334717 8.5307092666626 8.53300380706787 10.8578277826309 19.3052480220795 18.6402139663696 22.3837888240814 18.1713094711304 41.1435070037842 29.0682649612427 -9999 -9999 -9999 -9999 17.548882484436 52.4829339981079 47.3016128540039 51.6990916728973 32.1963143348694 19.3592348098755 -9999 -9999 -9999 -9999 -9999 -9999
-9999 -9999 -9999 -9999 -9999 -9999 -9999 -9999 -9999 -9999 3.46246933937073 3.32867610454559 3.36546456813812 3.31616699695587 3.2081573009491 3.36764788627625 3.20865297317505 3.17918479442596 2.98091697692871 3.15189671516418 3.32855308055878 3.18524014949799 3.21277141571045 3.28391468524933 2.64896178245544 1.84933358430862 2.03050804138184 2.47596216201782 3.65126037597656 6.45902037620544 7.93025636672974 7.35431528091431 5.90426766872406 5.03219318389893 5.79679119586945 8.04944372177124 10.813136100769 13.2040944099426 14.0516856908798 11.4149254560471 20.7350814342499 29.7589659690857 39.440945148468 11.2212142944336 -9999 -9999 -9999 -9999 -9999 -9999 -9999 -9999 -9999 29.5068333148956 28.1941981315613 52.6939158439636 10.8786277770996 -9999 -9999 -9999 -9999 -9999
-9999 -9999 -9999 -9999 -9999 -9999 -9999 -9999 -9999 4.3704868555069 4.37812376022339 4.00496309995651 3.51368916034698 3.36765682697296 3.36307418346405 3.59958958625793 3.49770069122314 3.09244787693024 2.64899557828903 3.0915652513504 3.22308433055878 3.21677327156067 3.06602704524994 3.04188752174377 2.4818115234375 1.75070017576218 1.47746703028679 1.87373703718185 2.2933634519577 6.675053358078 9.51058316230774 9.78083038330078 9.50237488746643 8.56151533126831 7.36175394058228 10.8330266475677 12.3254399299622 13.4222946166992 9.41678380966187 14.6258334517479 6.39537513256073 13.2665138840675 32.7178549766541 5.22909069061279 -9999 33.0447750091553 -9999 -9999 -9999 25.4529848098755 25.3901267051697 28.9956965446472 19.5823659896851 20.9927687644958 38.8345212936401 38.0656507015228 -9999 -9999 -9999 -9999 -9999 -9999
-9999 -9999 -9999 -9999 -9999 -9999 -9999 -9999 -9999 -9999 4.6376827955246 4.66856491565704 3.23163914680481 3.31292259693146 3.55987787246704 3.49673759937286 3.37847685813904 3.35126459598541 2.82399451732635 2.58239632844925 2.9344477057457 2.64834898710251 2.57325983047485 2.61326622962952 2.35346621274948 1.83910793066025 1.50733119249344 1.45001247525215 3.24563777446747 7.26137924194336 13.8322806358337 12.7657084465027 13.0239658355713 11.3480079174042 13.0738348960876 17.2585873603821 14.5402407646179 10.7559742927551 9.05728858709335 16.8605078458786 21.8714849352837 37.8109016418457 26.2321836948395 20.2540323257446 -9999 -9999 -9999 -9999 -9999 -9999 24.642276763916 24.1349240541458 23.8391737937927 21.7004761695862 15.1878955364227 -9999 -9999 -9999 -9999 -9999 -9999 -9999
-9999 -9999 -9999 -9999 -9999 -9999 -9999 -9999 -9999 3.67937564849854 4.13478333950043 4.29475116729736 3.95059895515442 3.99011635780334 3.00228917598724 2.8026248216629 2.60283976793289 2.80793327093124 2.48937982320786 2.0907524228096 2.55616056919098 2.29068142175674 1.73084932565689 1.66296672821045 1.76091295480728 1.70994007587433 1.55292373895645 1.46937078237534 3.08721899986267 7.60557675361633 16.5824217796326 17.9461040496826 12.6334776878357 13.8648405075073 17.3319851160049 24.9921312332153 11.7771213054657 8.27993005514145 8.74898850917816 11.3587000966072 25.8584627509117 22.5605821609497 22.7297673225403 6.95619158311324 3.86466658115387 -9999 -9999 -9999 -9999 -9999 17.932742446661 15.2600187063217 16.1534973723548 -9999 -9999 -9999 -9999 -9999 -9999 -9999 -9999 -9999
-9999 -9999 -9999 -9999 -9999 -9999 -9999 -9999 -9999 3.34887099266052 4.67074358463287 3.32856917381287 4.18509423732758 3.88758158683777 2.80916994810104 2.74432271718979 2.09944868087769 1.9122576713562 1.78380292654037 1.74309307336807 1.77271127700806 1.78677141666412 1.59974849224091 1.58242124319077 1.71438753604889 1.87494671344757 1.96573430299759 2.02977150678635 3.58261871337891 18.087890625 13.0117592811584 26.0477600097656 12.0753579139709 13.087616443634 18.8107409477234 7.40900373458862 6.7908718585968 8.9036500453949 7.48624831438065 10.3344569206238 22.7384423017502 30.9132034778595 27.9447555541992 -9999 3.86466693878174 -9999 -9999 -9999 -9999 12.1949715614319 -9999 -9999 -9999 -9999 -9999 -9999 -9999 -9999 -9999 -9999 -9999 -9999
-9999 -9999 -9999 -9999 -9999 -9999 -9999 -9999 -9999 4.30457682609558 4.39842092990875 4.10013788938522 2.94529116153717 2.60523158311844 2.47572523355484 2.30666166543961 1.84533977508545 1.40843626856804 1.94483917951584 1.90497368574142 1.89603370428085 2.0186864733696 2.06415295600891 1.65707105398178 1.75630795955658 2.00987023115158 2.58302468061447 2.57851499319077 3.41353189945221 8.05152583122253 20.2848358154297 24.9350595474243 18.7743573188782 20.4933242797852 23.2590222358704 16.0847897529602 6.06396692991257 7.69713431596756 5.3111035823822 9.47755408287048 12.9918254613876 17.0469453334808 -9999 -9999 -9999 -9999 -9999 -9999 -9999 -9999 -9999 -9999 -9999 -9999 -9999 -9999 -9999 -9999 -9999 -9999 -9999 -9999
-9999 -9999 -9999 -9999 -9999 -9999 -9999 -9999 -9999 3.18295633792877 3.09393310546875 2.91518408060074 2.66924321651459 1.48051875829697 1.81722968816757 1.5043523311615 1.38804298639297 1.47478875517845 1.58960545063019 1.40969395637512 1.45733696222305 1.77963674068451 1.95733880996704 1.68659770488739 2.32322770357132 2.45523458719254 2.98204869031906 3.72176492214203 4.54580318927765 5.95860600471497 5.98762857913971 6.19410967826843 10.2180769443512 17.2968506813049 4.25948095321655 7.29509496688843 6.07202678918839 8.00414872169495 9.24604332447052 11.9704563617706 11.5184501409531 3.57743516564369 -9999 -9999 -9999 -9999 -9999 -9999 -9999 -9999 -9999 -9999 -9999 -9999 -9999 -9999 -9999 -9999 -9999 -9999 -9999 -9999
-9999 -9999 -9999 -9999 -9999 -9999 -9999 3.28386068344116 3.24461767408583 3.1455659866333 3.09422314167023 3.4300754070282 3.59719574451447 3.55365300178528 3.53870111703873 4.07753410935402 1.63859403133392 5.89658761024475 1.6746044754982 2.27670067548752 1.35233849287033 1.5364642739296 1.80455106496811 1.9414050579071 2.19806331396103 3.21706581115723 3.7839081287384 4.261589884758 4.7491979598999 4.58050274848938 5.53688013553619 7.41453695297241 8.13391542434692 6.39058327674866 6.60837864875793 5.98931765556335 8.06141173839569 9.79953789710999 9.9083765745163 8.9505854845047 -9999 5.69786846637726 3.25656187534332 -9999 -9999 -9999 -9999 -9999 -9999 -9999 -9999 -9999 -9999 -9999 -9999 -9999 -9999 -9999 -9999 -9999 -9999 -9999
-9999 -9999 -9999 -9999 -9999 -9999 4.18027925491333 4.15180063247681 5.90177643299103 3.47869670391083 2.99148219823837 2.81958675384521 2.75533050298691 1.78538471460342 0.645963728427887 0.859747499227524 0.810461282730103 7.51643604040146 6.99792283773422 4.63764256238937 0.97012647986412 1.39224895834923 2.14243054389954 2.35625016689301 2.55510753393173 2.88124126195908 5.4323011636734 4.51604855060577 5.00502991676331 5.56511843204498 12.2896485328674 11.382159948349 10.0334508419037 10.1188981533051 21.1871638298035 8.45640420913696 9.86645185947418 11.5788835287094 11.0374839305878 -9999 -9999 -9999 -9999 -9999 -9999 -9999 -9999 -9999 -9999 -9999 -9999 -9999 -9999 -9999 -9999 -9999 -9999 -9999 -9999 -9999 -9999 -9999
-9999 -9999 -9999 -9999 4.11029075145721 4.40624063014984 7.07637437582016 4.22760081291199 3.11302375793457 2.25622648000717 2.24131500720978 2.37818098068237 2.42194801568985 1.85750091075897 1.21360579133034 0.656114995479584 0.439360499382019 6.277707695961 7.14968311786652 5.35209792852402 4.37431159615517 1.57626450061798 1.70241898298264 1.76211297512054 2.18467354774475 3.33514058589935 3.93606662750244 7.69412612915039 7.71942687034607 7.38617777824402 11.1329391002655 26.9293642044067 30.2343006134033 26.1541414260864 23.6595482826233 6.71190905570984 8.45239555835724 10.3250966018505 -9999 -9999 -9999 -9999 -9999 -9999 -9999 -9999 -9999 -9999 -9999 -9999 -9999 -9999 -9999 -9999 -9999 -9999 -9999 -9999 -9999 -9999 -9999 -9999
-9999 -9999 -9999 -9999 4.27879075443043 4.83665792942047 6.17950844764709 4.41233772039413 3.70568311214447 3.03335559368134 2.1902482509613 2.28761404752731 1.96835178136826 2.04474896192551 0.65377651154995 0.638965487480164 0.505254730582237 0.262253254652023 0.582024738192558 0.602675244212151 0.663065984845161 1.21017596125603 1.37309101223946 1.61370974779129 2.04756224155426 3.45321142673492 3.70137584209442 3.95505452156067 6.14645648002625 10.7841095924377 10.7926769256592 11.4891543388367 16.0957775115967 23.225549697876 19.0741925239563 6.90838122367859 11.2052443027496 -9999 -9999 -9999 -9999 -9999 -9999 -9999 -9999 -9999 -9999 -9999 -9999 -9999 -9999 -9999 -9999 -9999 -9999 -9999 -9999 -9999 -9999 -9999 -9999 -9999
-9999 4.05616954688368 3.83306682109833 4.40939451966967 3.93751076857249 2.8466579914093 3.09997141361237 3.22820699214935 3.40467739105225 2.71613466739655 1.90801280736923 1.87442171573639 1.46355977654457 0.893556743860245 0.843471765518188 0.705975741147995 0.379592254757881 0.309941992163658 0.284425489604473 0.790338724851608 0.869142025709152 0.769969493150711 1.16616377234459 1.29077848792076 1.76688158512115 2.64478719234467 2.96550232172012 2.95845597982407 4.72136914730072 15.0616321563721 13.4706416130066 11.6341753005981 10.9484703540802 10.9632503986359 12.2744193077087 -9999 -9999 -9999 -9999 -9999 -9999 -9999 -9999 -9999 -9999 -9999 -9999 -9999 -9999 -9999 -9999 -9999 -9999 -9999 -9999 -9999 -9999 -9999 -9999 -9999 -9999 -9999
4.73113938740322 5.83967971801758 4.25717554092407 4.54981877803803 3.48257875442505 3.51444590091705 3.43559896945953 2.99000555276871 2.90548056364059 2.57583153247833 1.58358907699585 3.21192106604576 1.15426728129387 0.970964223146439 0.888585716485977 0.758622765541077 0.510455265641212 0.444000005722046 0.460955992341042 0.814066529273987 0.989699989557266 0.825229525566101 0.960966736078262 0.984465748071671 1.80977243185043 2.12555032968521 2.76126891374588 3.5501446723938 3.7664258480072 9.16548085212708 12.7440934181213 15.1598882675171 12.932544708252 -9999 -9999 -9999 -9999 -9999 -9999 -9999 -9999 -9999 -9999 -9999 -9999 -9999 -9999 -9999 -9999 -9999 -9999 -9999 -9999 -9999 -9999 -9999 -9999 -9999 -9999 -9999 -9999 -9999
4.97981567042214 4.9528945684433 4.32107150554657 3.50914245843887 3.26113682985306 3.22647339105606 3.38983011245728 2.9981095790863 3.02222290635109 2.55848398804665 2.50384497642517 2.84304445981979 1.11231976747513 0.775685995817184 4.50807362794876 1.10302278399467 0.844058275222778 0.626913741230965 0.576398268342018 0.881139010190964 0.855389982461929 0.795049488544464 0.91099351644516 1.03926372528076 1.71481651067734 2.27819555997849 3.17953419685364 4.39249420166016 10.58269572258 11.1675846576691 11.4019260406494 20.1472463607788 14.9233989715576 7.26767539978027 7.8640923500061 3.48978137969971 -9999 -9999 -9999 -9999 -9999 -9999 -9999 -9999 -9999 -9999 -9999 -9999 -9999 -9999 -9999 -9999 -9999 -9999 -9999 -9999 -9999 -9999 -9999 -9999 -9999 -9999
4.49311006069183 3.84863770008087 3.44585347175598 3.40753591060638 3.51879876852036 3.31467086076736 2.93520417809486 2.84915176033974 2.62766808271408 2.45959120988846 2.58836853504181 2.29411464929581 2.55080318450928 4.03841629624367 1.05028420686722 1.22374579310417 0.829124987125397 0.825531721115112 0.848504215478897 0.703436270356178 0.836906254291534 0.807557970285416 0.78809854388237 1.08573371171951 2.82072901725769 3.48020839691162 3.96463787555695 5.29067158699036 9.44673371315002 8.08589100837708 3.32301807403564 -9999 -9999 -9999 -9999 -9999 -9999 -9999 -9999 -9999 -9999 -9999 -9999 -9999 -9999 -9999 -9999 -9999 -9999 -9999 -9999 -9999 -9999 -9999 -9999 -9999 -9999 -9999 -9999 -9999 -9999 -9999
4.88003134727478 4.9505660533905 4.89195466041565 3.9589056968689 3.92930221557617 3.27347671985626 3.23733770847321 3.0485692024231 2.92815577983856 2.7104389667511 1.70193600654602 0.99012154340744 0.934995710849762 0.995533525943756 1.20801749825478 1.38640648126602 1.32047179341316 1.10401797294617 0.82929602265358 1.18093952536583 0.935865730047226 1.02389252185822 1.25548499822617 2.05123418569565 3.87846601009369 5.21527719497681 5.54237759113312 7.69936966896057 10.7690348625183 9.12890338897705 13.516916513443 29.0690101385117 -9999 -9999 -9999 -9999 -9999 -9999 13.3135442733765 12.6942715644836 -9999 -9999 -9999 -9999 -9999 -9999 -9999 -9999 -9999 -9999 -9999 -9999 -9999 -9999 -9999 -9999 -9999 -9999 -9999 -9999 -9999 -9999
20.0601289272308 12.3037414550781 11.6569361686707 7.29032969474793 7.55582690238953 3.17112945741223 3.81122496243446 4.06750428676605 3.3693630695343 2.26131516695023 1.59911996126175 2.28764319419861 1.2350977063179 1.22589522600174 1.61533570289612 1.5079545378685 1.22676220536232 0.949764758348465 0.817388266324997 0.830791532993317 1.06863221526146 1.29056400060654 2.20871472358704 4.32083415985107 4.61263489723206 4.44980084896088 3.79966056346893 6.51871407032013 4.82742029428482 20.735285282135 4.19297500660545 3.42093944549561 -9999 -9999 -9999 -9999 -9999 -9999 -9999 -9999 -9999 -9999 -9999 -9999 -9999 -9999 -9999 -9999 -9999 -9999 -9999 -9999 -9999 -9999 -9999 -9999 -9999 -9999 -9999 -9999 -9999 -9999
-9999 -9999 -9999 -9999 -9999 3.32231870450472 6.67400021553039 2.99700754880905 2.80978041887283 1.66128981113434 1.2632542848587 1.56854099035263 1.66839516162872 1.81443607807159 1.91676753759384 1.1095777451992 0.970866769552231 0.882432729005814 0.994212001562119 0.903152972459793 0.901208281517029 1.16637897491455 2.47538477182388 5.59982550144196 3.26404366493225 3.60425963401794 -9999 -9999 -9999 -9999 -9999 -9999 -9999 -9999 -9999 -9999 -9999 -9999 -9999 -9999 -9999 -9999 -9999 -9999 -9999 -9999 -9999 -9999 -9999 -9999 -9999 -9999 -9999 -9999 -9999 -9999 -9999 -9999 -9999 -9999 -9999 -9999
-9999 -9999 -9999 -9999 -9999 -9999 8.61804968118668 3.04167610406876 1.33376026153564 1.14900746941566 1.16556295752525 1.31755578517914 1.17858749628067 1.02678975462914 1.19620871543884 1.45747196674347 1.52401041984558 1.23559722304344 1.27762278914452 1.43574151396751 1.45076099038124 1.1426677107811 4.85580706596375 3.9214073473757 -9999 -9999 -9999 -9999 -9999 -9999 -9999 -9999 -9999 -9999 -9999 -9999 -9999 -9999 -9999 -9999 -9999 -9999 -9999 -9999 -9999 -9999 -9999 -9999 -9999 -9999 -9999 -9999 -9999 -9999 -9999 -9999 -9999 -9999 -9999 -9999 -9999 -9999
-9999 2.50102669000626 2.50102686882019 2.60728896260262 11.1556749343872 3.29326987266541 2.8542300760746 1.73579996824265 1.46380425989628 1.01591473817825 1.0519560277462 1.12407973408699 1.11320248246193 1.12883099913597 1.37542650103569 1.45399421453476 1.22998049855232 2.52831530570984 2.20535928010941 2.03202295303345 2.11708956956863 4.03290751934052 -9999 -9999 -9999 -9999 -9999 -9999 -9999 -9999 -9999 -9999 -9999 -9999 -9999 -9999 -9999 -9999 -9999 -9999 -9999 -9999 -9999 -9999 -9999 -9999 -9999 -9999 -9999 -9999 -9999 -9999 -9999 -9999 -9999 -9999 -9999 -9999 -9999 -9999 -9999 -9999
-9999 10.9067916870117 3.20625337958336 3.54445767402649 3.02981248497963 2.60738861560822 1.95145046710968 1.57503108680248 1.89638105034828 2.07403573393822 1.10529828071594 1.79888623952866 1.1796615421772 1.25466522574425 5.16598844528198 6.20941948890686 8.43383884429932 4.93741652369499 -9999 -9999 -9999 -9999 -9999 -9999 -9999 -9999 -9999 -9999 -9999 -9999 -9999 -9999 -9999 -9999 -9999 -9999 -9999 -9999 -9999 -9999 -9999 -9999 -9999 -9999 -9999 -9999 -9999 -9999 -9999 -9999 -9999 -9999 -9999 -9999 -9999 -9999 -9999 -9999 -9999 -9999 -9999 -9999
-9999 5.97254085540771 2.1926099807024 2.4376886934042 2.41715101897717 2.02240195870399 1.71237668395042 2.11861315369606 2.54307335615158 2.64246144890785 3.68615394830704 4.24765127438765 -9999 -9999 -9999 -9999 -9999 -9999 -9999 -9999 -9999 -9999 -9999 -9999 -9999 -9999 -9999 -9999 -9999 -9999 -9999 -9999 -9999 -9999 -9999 -9999 -9999 -9999 -9999 -9999 -9999 -9999 -9999 -9999 -9999 -9999 -9999 -9999 -9999 -9999 -9999 -9999 -9999 -9999 -9999 -9999 -9999 -9999 -9999 -9999 -9999 -9999
