EcologicalScience/Bass/data/rs_data_bass/chl_87.asc
NCOLS 226 
NROWS 124 
XLLCORNER -9.41648524995501 
YLLCORNER 47.587301625531 
CELLSIZE 0.0833 
NODATA_value -9999 
[rows 54 to 80 of 124, columns 0 to 61 of 226]
-9999 -9999 -9999 -9999 -9999 -9999 -9999 -9999 -9999 -9999 -9999 -9999 -9999 -9999 -9999 -9999 -9999 -9999 -9999 -9999 -9999 -9999 -9999 -9999 -9999 -9999 -9999 -9999 -9999 -9999 -9999 -9999 -9999 -9999 -9999 -9999 -9999 -9999 4.48012615698742 2.42662498686049 1.90692411816638 1.90330794453621 1.61604291200638 1.45603754887214 1.40529051423073 1.34294362366199 1.31322012841702 1.32878236472607 1.31933349370956 1.27635613083839 1.44495979377202 1.40922200254032 1.52448350649614 1.62706597362246 1.56880855101805 1.65438522742345 1.82887643117171 2.49620252847672 -9999 0.607058599591255 0.62790758907795 0.881386873514756
-9999 -9999 -9999 -9999 -9999 -9999 -9999 -9999 -9999 -9999 -9999 -9999 -9999 -9999 -9999 -9999 -9999 -9999 -9999 -9999 -9999 -9999 -9999 -9999 -9999 -9999 -9999 -9999 -9999 -9999 -9999 -9999 -9999 -9999 -9999 -9999 -9999 -9999 -9999 3.07096109578484 2.00296181440353 2.00203255414963 1.67180259869649 1.66137572435232 1.47055023908615 1.46521970629692 1.36160776019096 1.3416917771101 1.84862101078033 1.6036399943488 1.20641472018682 1.27429828047752 1.35475976126535 1.36860670951697 1.72778717829631 1.77319274040369 1.88581618666649 -9999 -9999 -9999 -9999 -9999
-9999 -9999 -9999 -9999 -9999 -9999 -9999 -9999 -9999 -9999 -9999 -9999 -9999 -9999 -9999 -9999 -9999 -9999 -9999 -9999 -9999 -9999 -9999 -9999 -9999 -9999 -9999 -9999 -9999 -9999 -9999 -9999 -9999 -9999 -9999 -9999 -9999 -9999 -9999 -9999 1.93058911561966 1.94857988449243 1.72531554102898 1.59009590744972 1.55321529507637 1.4445378780365 1.36174853146076 0.914078373175401 0.928789877891541 1.22447022795677 1.19212964635629 1.20898719934317 1.31318899759879 1.3423164252724 1.48153905783381 2.11930447391101 2.31088225199626 2.41999751329422 2.09769746661186 -9999 -9999 -9999
-9999 -9999 -9999 -9999 -9999 -9999 -9999 -9999 -9999 -9999 -9999 -9999 -9999 -9999 -9999 -9999 -9999 -9999 -9999 -9999 -9999 -9999 -9999 -9999 -9999 -9999 -9999 -9999 -9999 -9999 -9999 -9999 -9999 -9999 -9999 -9999 -9999 -9999 -9999 -9999 2.19160985717407 2.56257176399231 1.83801099658012 1.77466085553169 1.53692045807838 1.58743813633919 1.61312246322632 1.359055519104 1.33452741457866 1.30585978581355 0.950967949170333 0.994282247928473 1.18343445871557 1.31396573781967 1.37116962458406 1.70768766678297 1.82759821414948 1.94491586318383 2.08453836349341 2.20193502306938 3.50531156282676 -9999
-9999 -9999 -9999 -9999 -9999 -9999 -9999 -9999 -9999 -9999 -9999 -9999 -9999 -9999 -9999 -9999 -9999 -9999 -9999 -9999 -9999 -9999 -9999 -9999 -9999 -9999 -9999 -9999 -9999 -9999 -9999 -9999 -9999 -9999 -9999 -9999 -9999 -9999 -9999 -9999 -9999 3.12723910808563 0.862910250058541 1.75125616788864 2.01613622903824 1.85007500648499 1.73720926046371 1.2220771083465 1.50651496648788 1.45479597495152 1.27282390456933 1.31438049674034 1.19580334424973 1.33584656623694 1.46118168188975 1.36051617677395 1.61486055300786 1.80634301049369 2.03862605350358 2.18332341313362 2.27045824272292 -9999
-9999 -9999 -9999 -9999 -9999 -9999 -9999 -9999 -9999 -9999 -9999 -9999 -9999 -9999 -9999 -9999 -9999 -9999 -9999 -9999 -9999 -9999 -9999 -9999 -9999 -9999 -9999 -9999 -9999 -9999 -9999 -9999 -9999 -9999 -9999 -9999 -9999 -9999 -9999 -9999 -9999 2.28731868754734 2.24904870986938 2.14918845891953 2.09391850233078 1.19056532212666 1.82366371154785 1.88010573387146 1.83131754398346 1.64407980442047 1.51383000612259 1.3065872490406 1.46648001670837 1.69620180130005 1.51011333295277 1.67535874247551 1.79034888744354 1.91414603590965 2.31807751515332 -9999 -9999 -9999
-9999 -9999 -9999 -9999 -9999 -9999 -9999 -9999 -9999 -9999 -9999 -9999 -9999 -9999 -9999 -9999 -9999 -9999 -9999 -9999 -9999 -9999 -9999 -9999 -9999 -9999 -9999 -9999 -9999 -9999 -9999 -9999 -9999 -9999 -9999 -9999 -9999 -9999 -9999 -9999 2.08685675689152 1.90969952344894 2.76835453510284 2.20783704519272 2.18675404787064 2.02706152200699 1.65481804949897 1.6772426196507 1.56677923883711 1.14994826454383 1.41803276538849 1.30332252383232 1.38010573387146 1.0776810325109 1.43529235399686 1.73137021064758 1.88891550898552 -9999 -9999 2.62854399751214 2.36878505721688 3.01857701119255
-9999 -9999 -9999 -9999 -9999 -9999 -9999 -9999 -9999 -9999 -9999 -9999 -9999 -9999 -9999 -9999 -9999 -9999 -9999 -9999 -9999 -9999 -9999 -9999 -9999 -9999 -9999 -9999 -9999 -9999 -9999 -9999 -9999 -9999 -9999 -9999 -9999 -9999 -9999 2.6502319475015 2.78027598063151 1.5422077357769 1.13169926404953 1.30685888230801 2.04998505115509 1.85942679643631 1.53207122428077 1.26802498560685 1.21725887060165 1.17965179681778 1.11774341123445 0.943834806864078 1.43583476543427 1.15222835540771 1.42718353271484 1.6216909920468 2.66330166373934 2.4580910887037 2.32784845999309 2.19500568509102 2.49636275001935 2.56858609403883
-9999 -9999 -9999 -9999 -9999 -9999 -9999 -9999 -9999 -9999 -9999 -9999 -9999 -9999 -9999 -9999 -9999 -9999 -9999 -9999 -9999 -9999 -9999 -9999 -9999 -9999 -9999 -9999 -9999 -9999 -9999 -9999 -9999 -9999 -9999 -9999 -9999 -9999 -9999 2.13502411950718 1.60122348070145 1.34641519784927 2.06882550319036 1.97470331192017 1.93237978219986 0.714286260306835 1.03309291601181 1.60926550626755 1.75358831882477 1.63854050636292 1.4176344871521 0.953581981934034 1.50452998280525 1.23734592015927 1.65453739808156 2.00823175907135 2.05312059017328 2.11817880187716 2.11181721517018 2.28775068691799 2.37610759184911 2.45075380376407
-9999 -9999 -9999 -9999 -9999 -9999 -9999 -9999 -9999 -9999 -9999 -9999 -9999 -9999 -9999 -9999 -9999 -9999 -9999 -9999 -9999 -9999 -9999 -9999 -9999 -9999 -9999 -9999 -9999 -9999 -9999 -9999 -9999 -9999 -9999 -9999 -9999 -9999 2.22324611325013 2.78217971324921 1.55706362426281 1.11394412517548 1.79622495174408 1.70241922140121 1.64660620689392 1.88799130916595 1.04176446369716 1.0997622013092 1.42014700174332 1.30489000678062 1.25787797570229 1.38192407573972 1.44744834729603 1.31140297651291 1.62075693266732 1.84344356826374 1.98040216735431 1.97018275942121 2.04617813229561 2.17022378628071 2.29693022599587 2.3719097834367
-9999 -9999 -9999 -9999 -9999 -9999 -9999 -9999 -9999 -9999 -9999 -9999 -9999 -9999 -9999 -9999 -9999 -9999 -9999 -9999 -9999 -9999 -9999 -9999 -9999 -9999 -9999 -9999 -9999 -9999 -9999 -9999 -9999 -9999 -9999 -9999 -9999 -9999 1.82273561389823 2.17240726947784 2.03907603025436 1.78495937585831 1.05509046997343 1.05054774028914 1.07697838119098 1.09848377108574 1.32887926697731 0.893432865540187 0.941100137574332 0.759913107523551 1.16457971930504 1.50408490933478 0.997859429035868 0.968409969256474 1.46588295272418 1.68183494465692 1.85277167814119 1.91192170551845 2.0264793251242 2.034160893697 2.221604347229 2.34384193787208
-9999 -9999 -9999 -9999 -9999 -9999 -9999 -9999 -9999 -9999 -9999 -9999 -9999 -9999 -9999 -9999 -9999 -9999 -9999 -9999 -9999 -9999 -9999 -9999 -9999 -9999 -9999 -9999 -9999 -9999 -9999 -9999 -9999 -9999 -9999 -9999 -9999 3.4474408190984 1.5976398908175 1.46817336976528 1.79299849271774 1.03399699926376 1.31999778747559 1.13727629184723 1.1709258045469 1.15305118049894 1.29237473011017 0.740318490908696 0.814210910350084 0.898270818803992 0.901537209749222 1.34493201971054 1.47393524646759 1.59969355724752 1.61929351463914 1.59311099563326 1.68433388216155 1.84506712215287 1.85705998114177 1.97115770408085 1.95201151646101 2.28287652364144
-9999 -9999 -9999 -9999 -9999 -9999 -9999 -9999 -9999 -9999 -9999 -9999 -9999 -9999 -9999 -9999 -9999 -9999 -9999 -9999 -9999 -9999 -9999 -9999 -9999 -9999 -9999 -9999 -9999 -9999 -9999 -9999 -9999 -9999 -9999 -9999 -9999 2.49203562363982 2.53968882188201 1.03163576126099 1.15020425617695 1.04415127209255 0.902276809726443 1.26268848776817 0.852794647216797 1.04677551984787 0.991039076021739 0.939518988132477 0.820190569529166 0.98504837974906 0.996381474392755 1.39841115474701 1.42365002632141 1.52904831245542 1.59445580095053 1.62028141692281 1.82424553541037 1.60072899609804 1.93055295944214 1.79442729055882 1.99908236414194 2.38158955940833
-9999 -9999 -9999 -9999 -9999 -9999 -9999 -9999 -9999 -9999 -9999 -9999 -9999 -9999 -9999 -9999 -9999 -9999 -9999 -9999 -9999 -9999 -9999 -9999 -9999 -9999 -9999 -9999 -9999 -9999 -9999 -9999 -9999 -9999 -9999 -9999 2.21070027351379 2.78141988726223 2.12419275325887 1.7623119354248 1.55030602216721 1.22968953847885 1.15522876381874 0.729978134998908 1.00428378582001 0.918876737356186 0.902655482292175 0.764908673671576 0.81916643335269 1.18973878026009 1.30026467889547 1.41022496111691 1.54467849433422 1.64189526066184 1.6866541095078 1.6769039221108 1.54346951613059 1.60062346713884 1.82130068114826 2.34277745655605 2.33332551901157 2.47559022903442
-9999 -9999 -9999 -9999 -9999 -9999 -9999 -9999 -9999 -9999 -9999 -9999 -9999 -9999 -9999 -9999 -9999 -9999 -9999 -9999 -9999 -9999 -9999 -9999 -9999 -9999 -9999 -9999 -9999 -9999 -9999 2.04935751429626 1.50125539898872 -9999 2.10493344068527 2.05286885797977 1.66046363633612 1.48984706774354 1.39228313932052 0.868448028197655 1.16433427110314 1.00599429011345 1.09890103340149 0.856738609927041 0.929749250411987 0.934395730495453 0.947168707847595 1.01499375700951 0.973334248576845 1.33593499660492 1.55489498376846 1.6488019824028 1.48025880115373 1.67349839955568 1.72322913631797 1.76171037554741 1.58981861059482 2.09463444777897 2.75762060657144 2.93575453385711 2.14210131589104 2.33008480923516
-9999 -9999 -9999 -9999 -9999 -9999 -9999 -9999 -9999 -9999 -9999 -9999 -9999 -9999 -9999 -9999 -9999 -9999 -9999 -9999 -9999 -9999 0.346259817481041 2.11739080079964 2.0661841992821 2.19681434333324 1.53534000366926 1.92825418710709 2.25042035324233 1.98363471776247 1.85314270108938 2.01781046390533 1.75574355891773 1.5765390502555 1.03164900094271 1.00102986395359 1.49735911616257 1.30140674114227 1.15506159833499 0.842659454454075 1.0063447696822 0.98174822969096 0.992469632199832 0.720572092212163 0.970548065645354 1.04997535688537 1.07431507536343 1.10821830587728 1.2043079584837 1.43294613489083 1.5901846960187 1.70851439237595 1.74129098653793 1.93773297326905 1.97802970239094 2.12302859500051 1.7489933848381 1.81902563221314 2.50944385107826 -9999 -9999 -9999
-9999 -9999 -9999 -9999 -9999 -9999 -9999 -9999 -9999 -9999 -9999 -9999 -9999 -9999 -9999 -9999 -9999 -9999 -9999 -9999 -9999 -9999 1.75312148247446 1.88746496289968 1.70526579022408 1.55006271600723 1.30907211452723 1.42656525224447 1.30045524537563 1.76996397078037 1.89920807182789 2.02581802010536 1.26691574603319 1.276835270226 1.05702808499336 1.10936158597469 1.10737296044827 0.878373232483864 0.839901503920555 0.837836354970932 0.818369686603546 0.817378297448158 0.797907811403275 0.802689018845558 0.820179381966591 0.952124811708927 1.30980477588517 1.38925261795521 1.44328419225557 1.58748427033424 1.65739204734564 1.73699676990509 2.29973839862006 2.31213716523988 2.13964081183076 -9999 -9999 -9999 -9999 -9999 -9999 -9999
-9999 -9999 -9999 -9999 -9999 -9999 -9999 -9999 -9999 -9999 -9999 -9999 -9999 -9999 -9999 -9999 -9999 -9999 -9999 0.854405586918195 2.22241849079728 1.61512579768896 1.63971143960953 1.5283030718565 1.44005057215691 0.877428236603737 1.01150527596474 1.08993277698755 1.16655226796865 1.13438905030489 1.11762396991253 1.07819943130016 1.00341808050871 0.983171604573727 1.2049524307251 1.11565896570683 1.01863946020603 0.85860370695591 0.77257898747921 0.768458497524262 0.796156552433968 0.804015120863915 0.739921733736992 0.754521301388741 0.774661821126938 1.6484470855106 1.37030026316643 1.65048949420452 1.92483258247375 2.09305197000504 2.36234765819141 -9999 -9999 -9999 -9999 -9999 -9999 -9999 -9999 -9999 -9999 -9999
-9999 -9999 -9999 -9999 -9999 -9999 -9999 -9999 -9999 -9999 -9999 -9999 -9999 -9999 -9999 -9999 -9999 2.03353033214808 3.91628344569887 1.64794011299427 3.16790653020144 0.933766043186188 1.00673811882734 0.966160722076893 0.945884250104427 0.99633395075798 1.01916170865297 1.05143234878778 1.04632779210806 0.974174045026302 1.01046203076839 1.00075328350067 0.974755860865116 0.990314413394247 0.899213030934334 1.0103876888752 0.909557184576988 0.835856303572655 0.736126139760017 0.74912678450346 0.77002264559269 0.781502428650856 0.820339858531952 0.960437845100056 1.03825015100566 1.11136519163847 1.90569729696621 1.97894905507565 2.11889863014221 1.76432212716655 2.47784440454684 -9999 -9999 -9999 -9999 -9999 -9999 -9999 -9999 -9999 -9999 -9999
-9999 -9999 -9999 -9999 -9999 -9999 -9999 -9999 -9999 -9999 -9999 -9999 -9999 -9999 3.89284921189149 1.52559143304825 2.71830858503069 1.21702946509634 0.765446202113078 0.826642967187441 0.841780722141266 0.874379977583885 0.884330101311207 0.906566642224789 0.930117756128311 0.961244635283947 0.912953987717628 0.823816291987896 0.79549652338028 0.783503606915474 0.767015218734741 0.76804893091321 0.792376287281513 0.861609779298306 0.980466476082802 1.02993117570877 0.974725672602653 0.83970000743866 0.778322911262512 0.720201976597309 0.833792790770531 0.825509436428547 0.829716213047504 0.81288506090641 0.953530892729759 1.14800045639277 1.70158475095576 2.06877508488568 1.83325731754303 1.88891565799713 1.98638440668583 2.50852640051591 -9999 -9999 -9999 -9999 -9999 -9999 -9999 -9999 -9999 -9999
-9999 -9999 -9999 -9999 -9999 -9999 -9999 -9999 -9999 -9999 -9999 1.06804012714839 0.684807898182618 25.6184263527393 13.1471836566925 6.02391653614385 1.02537201459591 0.864099405705929 0.854245863854885 1.41348102475916 1.11075764894485 1.52370078116655 0.927867002785206 0.783929251134396 0.733494758605957 0.719566494226456 0.730158939957619 0.748954508453608 0.766026020050049 0.740002892911434 0.778522700071335 0.810985878109932 0.886791184544563 0.887757012248039 0.925743028521538 0.933409877121449 0.885041962776865 0.725169616666707 0.745591155507348 0.692050914872776 0.855572441449532 0.801551273235908 0.753376206526389 0.760865539312363 1.00678291171789 1.17050548642874 1.37192791700363 1.91874614628879 2.26646400039846 2.04396828779807 1.99366252496839 -9999 -9999 -9999 -9999 -9999 3.65344029290732 5.80102140988622 5.7449406853744 5.69844556848208 7.09339695391448 -9999
-9999 -9999 -9999 -9999 -9999 -9999 -9999 -9999 -9999 2.07970851659775 1.12384178776007 1.00747782737017 5.23381763270923 0.705296639353037 0.754747045040131 2.50294225982257 0.695193942636251 0.74404351785779 0.754196807742119 0.787692010402679 0.911397390067577 0.711021815355008 0.693197418863957 0.803472340106964 0.718298804014921 0.72371569275856 0.707963816821575 0.731441460549831 0.781877070665359 0.81811873242259 0.884621053934097 0.987867191433907 0.748051285743713 0.739547753334045 0.738832899115302 0.763950754295696 0.788151952353391 0.740504553684821 0.714229018642352 0.703701396401112 0.697659865021706 0.918128859538298 0.862844749138906 0.906607300043106 0.942176409065723 1.17689584940672 1.26030526310205 1.9172766696323 1.98777248642661 1.90239492058754 1.89798729121685 1.97132679820061 2.07448290288448 2.76696353891621 1.65857405662537 3.00116914936474 2.26763740181923 2.56880736351013 2.31857679784298 2.28906208276749 2.25479194521904 -9999
-9999 -9999 -9999 -9999 -9999 1.30865051916667 1.92477492775236 2.90039873548916 4.48820551542135 0.80808712542057 0.832340598106384 1.95589179652078 0.728606231510639 0.723307125270367 0.765900528430939 0.778466284275055 0.719836682081223 0.80802846327424 0.866579040884972 0.905546799302101 0.891073890030384 1.46006979154689 0.705293051898479 0.770939815789461 0.770352579653263 0.529631133783947 0.548420044508847 0.574919042262164 0.561223487962376 0.826662003993988 0.784860898554325 0.728443738818169 0.682001106441021 0.754796939817342 0.712500942024318 0.742868327281692 0.724043123424053 0.654295012354851 0.694964839861943 0.784413725137711 0.865568183362484 0.932215304059141 1.10375647991896 1.06959452480078 0.994835637509823 1.05315674096346 1.15400940924883 1.28624644875526 1.47480265796185 1.59286442399025 1.6624623388052 1.89647895097733 1.75258389115334 2.43135351368359 2.17863884568214 2.24913127720356 2.43679470675332 2.21118655800819 2.33812853693962 2.11550402641296 2.45798188447952 2.65357511043549
-9999 -9999 -9999 -9999 -9999 0.707757860422134 0.646075762808323 1.62066587118002 0.669619563680429 0.707296158258731 0.727640001819684 1.50763553061656 0.688513677567244 0.724705886095762 0.690541695803404 0.615158803761005 0.533145748078823 0.793614350259304 0.906425468623638 0.819484155625105 0.836919374763966 0.560118366032839 0.640013627707958 0.696728054434061 0.724196825176477 0.548880417238582 0.585433821786534 0.615512930534103 0.630740509791808 0.602676951072433 0.792870350182056 0.873057760298252 0.969378367066383 0.923188537359238 0.703652739524841 0.703653603792191 0.952133365548574 0.880947483273653 0.840522242819562 0.819638679132742 0.849609078839421 0.94657433219254 1.2232918292284 1.54360281356743 1.05826404690742 1.08540601283312 1.12084782868624 1.1307215988636 1.26724561303854 1.21834927797318 1.61503654718399 1.72700181177684 1.78703708308084 1.82115235498973 1.99067533441952 2.18993286149842 2.2887017599174 1.71478722989559 1.79991471022367 1.89755974709988 2.00043131411076 2.37224868535995
-9999 -9999 -9999 -9999 -9999 0.611831739544868 0.576468473131006 1.33931945902961 0.698375422507524 0.708865486085415 0.774347227066755 0.743120077997446 0.742388058453798 0.781850818544626 0.727944195270538 0.652553424239159 0.664140556007624 0.601411130279303 0.668416701257229 0.748326502740383 0.632248107343912 0.613285209238529 0.679616913199425 0.739950019866228 0.454578056931496 0.457941135764122 0.472888335585594 0.710169553756714 0.682220859825611 0.710704265534878 0.645188328623772 0.666350382295522 0.753643919121135 0.776781540025364 0.722197994589806 0.723250113427639 0.699131024735315 0.931697503608816 0.887998326681554 0.730397712439299 1.07881550739209 1.22677706430356 1.0766382990405 0.968931220471859 1.03582216054201 1.00042913854122 1.00542993843555 0.998831994831562 1.07979708909988 1.10972459614277 1.43063582054206 1.57053950428963 1.65725739087377 1.6370374496494 1.62004854210785 1.56281937871661 1.41842363029718 1.47553183883429 1.66572546958923 1.77570600807667 1.97555136680603 2.12746319174767
-9999 -9999 -9999 -9999 -9999 0.494448752565817 0.53586001152342 0.788244366645813 0.405171549455686 0.406509545039047 0.41401001743295 0.838510125875473 0.804667096585035 0.817673999816179 0.78259402513504 0.784064222127199 0.784362182021141 0.750434406101704 0.622622913122177 0.694247107207775 0.712907776236534 0.80506396740675 0.831219886243343 0.61463161110878 0.523213286697864 0.541847857832909 0.501606604456902 0.561133356392383 0.781996670365333 0.642744342034513 0.844558127224445 0.731026155027476 0.712415716864846 0.743991798975251 0.795669615268707 0.728502846816007 1.01465522591025 1.03103489801288 0.979546518065035 0.838811754249036 0.86545043438673 0.978957206010818 1.00685101747513 0.94500283151865 0.938860885798931 0.94294761121273 1.0253274589777 0.944294638931751 0.983295388519764 0.956680677831173 1.23748058080673 1.21092197937625 1.33055742936475 1.35256176122597 1.34331218898296 1.56877316108772 1.71719007406916 1.61365630477667 1.64080291986465 1.94463242590427 2.27347719669342 2.5176972001791
-9999 -9999 -9999 -9999 -9999 0.459811156446284 0.776161875575781 0.810998987406492 0.807263810187578 0.449355885386467 1.31825893744826 0.984563793987036 0.875272504985332 0.876738376915455 0.848629519343376 0.800188321620226 0.758049555122852 0.801429904997349 0.677384859323502 0.70707136541605 0.791292004287243 0.790076237171888 0.697623065114021 0.574297651648521 0.70791397690773 0.569211678206921 0.571070399880409 0.754144839942455 0.836467713117599 0.62418750741265 0.925649777054787 0.950643181800842 0.944598577916622 1.01082194903318 1.05332640514654 0.684332758188248 0.723057635128498 1.04380833988006 1.03401683614804 0.990379267372191 1.00064355880022 1.0475762039423 1.00254262983799 0.959311321377754 0.921018227934837 0.944148927927017 0.904044181108475 0.905039079487324 0.862948704510927 0.915753185749054 0.905305333435535 0.97879634052515 1.27432162208217 1.24984519396509 1.42493773251772 1.5173529535532 1.56986799091101 1.79278403520584 1.79795958101749 1.81616386771202 2.34219753742218 2.34898383915424
