EcologicalScience/Bass/data/rs_data_bass/chl_370.asc
NCOLS 226 
NROWS 124 
XLLCORNER -9.41648524995501 
YLLCORNER 47.587301625531 
CELLSIZE 0.0833 
NODATA_value -9999 
[rows 81 to 107 of 124, columns 62 to 123 of 226]
3.85158455371857 5.97498106956482 7.6620512008667 7.66205191612244 -9999 -9999 -9999 -9999 -9999 -9999 -9999 -9999 -9999 -9999 -9999 -9999 -9999 -9999 -9999 -9999 -9999 -9999 -9999 -9999 -9999 -9999 -9999 -9999 -9999 -9999 -9999 -9999 -9999 -9999 -9999 -9999 -9999 -9999 -9999 -9999 -9999 -9999 -9999 -9999 -9999 -9999 -9999 -9999 -9999 -9999 -9999 -9999 -9999 -9999 -9999 -9999 -9999 -9999 -9999 -9999 -9999 -9999
3.20193907849997 -9999 -9999 -9999 -9999 -9999 -9999 -9999 -9999 -9999 -9999 -9999 -9999 -9999 -9999 -9999 -9999 -9999 -9999 -9999 -9999 -9999 -9999 -9999 -9999 -9999 -9999 -9999 -9999 -9999 -9999 -9999 -9999 -9999 -9999 -9999 -9999 -9999 -9999 -9999 -9999 -9999 -9999 -9999 -9999 -9999 -9999 -9999 -9999 -9999 -9999 -9999 -9999 -9999 -9999 -9999 -9999 -9999 -9999 -9999 -9999 -9999
-9999 -9999 -9999 -9999 -9999 -9999 -9999 -9999 -9999 -9999 -9999 -9999 -9999 -9999 -9999 -9999 -9999 -9999 -9999 -9999 -9999 -9999 -9999 -9999 -9999 -9999 -9999 -9999 -9999 -9999 -9999 -9999 -9999 -9999 -9999 -9999 -9999 -9999 -9999 -9999 -9999 -9999 -9999 -9999 -9999 -9999 -9999 -9999 -9999 -9999 -9999 -9999 -9999 -9999 -9999 -9999 -9999 -9999 -9999 -9999 -9999 -9999
-9999 -9999 -9999 -9999 -9999 -9999 -9999 -9999 -9999 -9999 -9999 -9999 -9999 -9999 -9999 -9999 -9999 -9999 -9999 -9999 -9999 -9999 -9999 -9999 -9999 -9999 -9999 -9999 -9999 -9999 -9999 -9999 -9999 -9999 -9999 -9999 -9999 -9999 -9999 -9999 -9999 -9999 -9999 -9999 -9999 -9999 -9999 -9999 -9999 -9999 -9999 -9999 -9999 -9999 -9999 -9999 -9999 5.17783961249787 4.16157483353334 2.84899885654449 2.74974449872971 1.84012938737869
-9999 -9999 -9999 -9999 -9999 -9999 -9999 -9999 -9999 -9999 -9999 -9999 -9999 -9999 -9999 -9999 -9999 -9999 -9999 -9999 -9999 -9999 -9999 -9999 -9999 -9999 -9999 -9999 -9999 -9999 -9999 -9999 -9999 -9999 -9999 -9999 37.1749906539917 -9999 3.30672663450241 3.20664885044098 -9999 -9999 2.08803600072861 2.14526770331643 1.74509943073446 1.69618822769685 1.85567900809375 1.87102233279835 1.9372088638219 1.6167697743936 2.20901589734214 2.62623919248581 -9999 -9999 -9999 3.59723870320754 3.57694228128953 3.15550113266165 2.09457970749248 2.39026157855988 1.86445332031984 1.60313169314311
-9999 -9999 -9999 -9999 -9999 -9999 -9999 -9999 -9999 -9999 -9999 -9999 12.001266002655 1.84338369694623 1.80832553260467 1.21792577952147 1.1096960237393 1.02307496666908 1.12509450316429 -9999 -9999 -9999 -9999 -9999 -9999 -9999 -9999 -9999 2.54276329278946 2.36291298866272 2.5970516709181 2.85987213850021 -9999 3.66949796676636 -9999 -9999 -9999 -9999 3.04046213085001 2.65276647155935 2.27052278410305 1.82756903496656 2.05803942138498 1.71860486268997 1.65524290908467 1.95135599374771 1.52445457740264 1.54159290140325 1.42576659809459 1.62880878014998 2.12028321894732 2.44080792773854 2.64579812505028 2.5080400000919 1.9735720038414 1.81407512426376 2.87955719232559 2.01161663807355 2.11229779628607 1.97519255601443 1.34382790114198 1.19967392832041
-9999 -9999 -9999 -9999 -9999 -9999 -9999 -9999 -9999 -9999 33.2288469461834 1.84040151536465 1.59828074276447 1.38076143711805 1.29053138941526 1.29157353937626 1.35770791769028 1.23729435984905 1.22196246110476 1.46896061114967 1.46081364154816 -9999 2.02932634423761 2.05958029255271 2.04965222999454 -9999 -9999 2.27139206727346 2.37237316795758 2.33954556712082 2.56603084802628 2.66447110176086 2.56781670876912 2.77463820576668 -9999 -9999 3.11789401453369 3.14288413524628 2.48389114574953 2.33213006908243 2.15335158868269 1.91795478083871 2.17473442279376 2.52106267213821 2.4394217133522 1.5797466581518 1.56424147432501 1.42309635335749 1.4209504886107 1.55392077294263 1.95195947885513 1.90745805501938 1.62488979643041 1.66288121938705 1.85869935750961 1.84513683502491 1.7018106167133 1.40450701117516 1.38870483423982 1.36085207973208 0.720702438482216 0.737825073301792
-9999 -9999 -9999 -9999 -9999 -9999 -9999 -9999 -9999 1.82697938038753 1.59564367207614 1.44846794551069 1.27492538094521 1.22617350518703 1.55509709228169 1.69485365802592 1.95151615684683 2.00116254389286 1.98222739879902 1.25554675289563 1.39608117236811 2.39448581871233 1.91221496233573 2.00068487226963 1.82159551290365 1.88027028366923 1.98176418542862 2.10627382993698 2.03674886226654 2.10224749445915 2.13238922953606 2.44254899024963 2.698200117458 2.8084124435078 2.9372022833143 3.16828993775628 3.17416873845187 2.90126629309221 2.63431827046654 2.55122548341751 2.33965251120654 2.24702730087134 1.88584567033328 1.62991012518223 1.9767298319123 1.82214565710588 1.68924680777958 1.78964173793793 1.5365255520894 1.48900145750779 1.44824983064945 1.39924171796212 1.27278472368534 1.22056066989899 0.867881342768669 1.32589083909988 1.22805646061897 1.31592053174973 1.25821679830551 0.64059681731921 0.72693141346628 0.735664234919982
-9999 -9999 -9999 -9999 -9999 -9999 -9999 -9999 -9999 1.77198240906 1.45575090497732 1.36957573145628 1.02943620085716 1.49372065609152 1.60814003510909 0.913386583328247 1.55532559523216 1.61356869110694 1.73371546543562 1.81401462738331 1.45046660074821 1.61548656683702 1.73246785402298 1.69074618257582 1.87248862706698 1.97263542413712 1.79761386662722 1.45102595431464 1.45356248106275 1.46048129030636 1.96361904144287 2.53433032035828 2.66562922434373 2.11343902349472 2.70667693831704 2.72055883299221 2.76524432138963 2.68921335176988 2.68740032477812 2.60678773576563 2.46617426113649 2.00498693264448 1.93960744142532 1.86796357414939 1.34699430832496 1.24643884943082 0.833311496302485 1.6968336884792 1.42949508245175 1.3630971289598 1.31889697221609 0.855563532561064 0.855702169239521 0.643016268100057 0.65903245976993 1.08415937920411 1.16852350533009 0.675231334838 0.680057722059163 0.750693861927305 0.71819461340254 0.809459187090397
-9999 -9999 -9999 -9999 -9999 -9999 -9999 -9999 -9999 1.4464008808136 1.33109045773745 1.15122373402119 1.14629027992487 0.884215208888054 0.89206531047821 0.780265939235687 0.803523948559394 1.17854278641088 1.30437923542091 1.27723799433027 1.5024996176362 1.54439923167229 1.73612518310547 1.70032442533053 1.70043255090713 1.38394520878792 1.1881893747128 1.36410694037165 1.25993342124499 1.31895598081442 1.40500766464642 1.39406758546829 1.35512852668762 1.8694189786911 1.82073354721069 2.45771517536857 2.49127486077222 2.56648169322447 2.54076308012009 2.48322815244848 2.01816022396088 1.55291571983924 1.16818290017545 1.13779909349978 1.20444268201079 1.07337193004787 0.849030213430524 0.765605198219419 0.740441685542464 0.687699878588319 0.684690789319575 0.703225714154541 0.585608080029488 0.615836358496121 0.63299137460334 0.657729426664965 0.620094822211699 0.639798626303673 0.637218012051149 0.656489379026673 0.698196932673454 0.728284332901239
1.30032583326101 1.30425246432424 0.879191067069769 1.07476685196161 -9999 -9999 -9999 2.8383066913356 1.42845189571381 1.72095748511228 0.96555946469307 0.942536839842796 0.941992056369782 0.947680950164795 0.731243252754211 1.33097225853375 0.770849216442842 0.692126091037478 0.711815245449543 1.24827072130782 0.788551429286599 0.956496815596308 0.95566757619381 0.728578478097916 0.706660587340593 0.692585241794586 0.697643518447876 0.7403205037117 0.750252172350883 0.839163511991501 0.822046488523483 1.57268769074889 1.63506472110748 1.76178649067879 1.8817153096199 1.39763566309756 2.26137710972266 2.24524291537025 1.61066651344299 1.54158470034599 1.10563050024211 1.06147368825399 0.938591399230063 0.911819849163294 0.926975808106363 0.935098210349679 0.82362334895879 0.754091260023415 0.712705386802554 0.614046539579119 0.615855111607483 0.626514657267502 0.656051653437316 0.643490367210828 0.635442160069942 0.647494714174952 0.611314842646772 0.617322698235512 0.619129568338394 0.760514747637969 0.621394713010107 0.622650488146714
0.720679879188538 0.646571081131697 0.783336561173201 0.990175858139992 0.907958534359932 0.89828487132725 0.888200238347054 1.3310905918479 0.968456554412842 1.24881699410352 1.42997178164395 1.42174232547933 1.4572218298912 0.782762229442596 1.33713941276073 0.700967889279127 0.876426488161087 0.733314737677574 0.70915125310421 0.721893265843391 0.717588471248746 0.757979236543179 0.716027766466141 0.70068516275462 0.726037549621919 0.683191239833832 0.686625003814697 0.691834509372711 0.712603002786636 0.718193262815475 0.730870008468628 0.764309018850327 1.0140178296715 0.780326670833996 1.11443509161472 1.36475753132254 1.39308113604784 1.22025560215116 1.06362610596877 0.827130618420514 0.893473652276126 0.751154479655353 0.690569160506129 0.697628240101039 0.710890419781208 0.712656998075545 0.706810302101076 0.696530118584633 0.89589449763298 0.699097299948335 0.61256685427257 0.799649097025394 0.6583096491439 0.638228678277561 0.640671120158264 0.660987921059132 0.690597161650658 0.662626085373072 0.637665812785809 0.659409992969953 0.645859368145466 0.649854630231857
0.650977112352848 0.63046153485775 0.641083207726479 0.791338853538036 0.67053105533123 0.696166062355041 0.742897197604179 1.0505259226669 0.849934922023253 0.981028163974935 1.26970814168453 1.28082528710365 0.680425113067031 1.34764244068753 0.84059202671051 0.836170256137848 0.8341054469347 0.750521860085428 0.732148018665612 0.578795077169643 0.58237081415513 0.646046012639999 0.560063264199666 0.604741190161024 0.55998803462301 0.663451999425888 0.746747555701356 0.764650893838782 0.791000211709424 0.790872639731357 0.790545516108212 0.775015048290554 0.61615834867253 0.606625115170198 0.794867468376954 0.807571026496589 0.801676983945072 0.77007613889873 0.724225692451 0.676046749310834 0.792166032574393 0.721110812642358 0.694101746265705 0.677576442249119 0.601361811161041 0.545161552727222 0.564579165407589 0.762817327792828 0.76127752661705 0.638630198580878 0.642245318208422 0.631302355655602 0.613139390945435 0.612421925578799 0.65984733402729 0.629466728730635 0.624157404260976 0.631222273294742 0.626670585228847 0.641979595789542 0.710044367746873 0.772718513553793
0.596631366759539 0.526792779564857 0.549591743946075 0.546852904558182 0.580772785203797 0.559539592266083 0.58200044631958 0.669538781046867 0.696308988332748 0.763670539855957 0.611950227990746 0.671235758811235 0.647265756502748 0.622061440721154 0.744763262569904 0.580708250403404 0.743591505815001 0.749408693874584 0.600468754768372 0.6086635440588 0.595920313807095 0.634488013386726 0.647990101575851 0.60013473033905 0.615907266736031 0.942927743707385 0.828836228166308 0.771015945233797 0.772695920969311 0.803954368359164 0.823726410928525 0.839409101166223 0.827204438416581 0.870402927461423 0.839183018488043 0.718533287756145 0.723011118359864 0.747315309941769 0.746378327719867 0.438193600911361 0.827197138220072 0.837612580507994 0.682634317062118 0.662314994768663 0.656087027064392 0.690091874982629 0.602957342352186 0.605612314173153 0.585515931248665 0.601945874946458 0.588271650884833 0.588148173476968 0.588983975350857 0.639860879097666 0.712128856352397 0.731218562884764 0.648524181409316 0.67197185754776 0.691237758506428 0.722206714478406 0.835019076412374 0.9269235459241
0.562134549021721 0.518313145637512 0.518257489800453 0.514051499962807 0.420919446782632 0.327237688682296 0.50853134393692 0.488730302453041 0.498290258646011 0.571483951807022 0.639470100402832 0.567630144953728 0.578857793049379 0.558239944956519 0.523006495088339 0.525200329720974 0.428262986242771 0.522449508309364 0.596539323146527 0.619264263373155 0.606507333425375 0.620313103382404 0.75930300951004 0.633831992745399 0.634571760892868 0.753364160656929 1.00037036623274 0.96034927879061 0.834751572263868 0.863652621444903 0.718660444021225 0.704893185811884 0.706748364602818 0.664494787068928 0.847880207002163 0.859182064022337 0.856235548853874 0.862962050097329 0.87167047389916 0.863664085976779 0.843838110566139 0.879159785807133 0.734361147880554 0.926238851113753 0.891016886992888 0.853509412570433 0.75892939631428 0.705513037741184 0.687674368066447 0.607835750494685 0.602250848497663 0.650404847585238 0.633764422365597 0.680346681313081 0.708198593421416 0.789960858496753 0.846384132450277 0.936753167347474 1.53888756036758 1.4941830933094 1.5283207654953 1.52060903744264
0.567756950855255 0.571007821708918 0.509285116195679 0.505965319275856 0.489683845639229 0.473008346557617 0.489271500706673 0.48954359292984 0.461917039006948 0.495831925202818 0.489715510431458 0.559923616322604 0.564610362052917 0.544383811679753 0.525961380113255 0.468036191537976 0.504054859280586 0.520115613937378 0.5549386292696 0.563054350706247 0.565000107655158 0.571742414281919 0.5625434586635 0.60265825688839 0.636698007583618 0.690740749239922 0.789006186943305 1.01426484755107 0.966495330844607 0.866460416998182 0.90226274728775 0.79106483038734 0.920814871788025 0.952064752578735 0.890487690057073 0.881686551230294 0.873552209564618 0.84549067062991 0.863681808114052 0.929740239273418 0.8238078722587 0.808583672557558 1.07206253707409 1.17358233779669 1.0516795622451 0.893013141371987 0.757863927971233 0.726755041096892 0.698429992565742 0.646192328288005 0.66407521707671 0.739504777468168 0.685122553597797 1.12474997838338 1.19136030475299 1.29345368345579 1.60416555404663 1.8858172694842 2.17245278755824 2.00647741556168 1.82698671926152 3.69079146462102
0.674085952341557 0.499055108428001 0.497638946771622 0.499690487980843 0.470602798461914 0.442015957832336 0.444751659035683 0.446792855858803 0.476349913022097 0.468720514108153 0.465699226540678 0.543762693350965 0.529606359926137 0.524393531409177 0.508675449273803 0.501274625008756 0.533609300851822 0.495818883180618 0.569904341147496 0.500833734869957 0.511560246348381 0.788455213109652 0.872727732360363 0.627162765515478 0.734914023625223 1.08747822734026 1.10943853167387 1.10954605386807 1.21502584218979 1.18750174840291 1.00738575682044 0.991910055279732 1.18123615213803 1.3884518380676 1.50366742908955 1.37316679103034 0.96136075258255 0.877156753625189 0.856552624276706 0.937021623958241 0.905913558873263 0.821083181670734 1.05283718217503 1.05677499012514 1.02533120768411 0.854165011218616 0.74601152268323 0.741419922221791 0.762036404826424 0.737266155806455 0.704448008537292 1.04141503572464 1.08240498105685 1.2125114997228 1.31119032700857 1.56437297662099 2.64873161324619 -9999 -9999 -9999 -9999 -9999
0.468981912732124 0.469533303380012 0.475681498646736 0.46411409676075 0.501878614936556 0.503842129239014 0.440943610668182 0.450161388516426 0.446667239069939 0.442433111807879 0.429648835211992 0.429449524730444 0.429399505257607 0.546382313424891 0.540205974470485 0.542044762860645 0.559732720255852 0.470930770039558 0.51375424861908 0.6409843273853 0.85375561863184 0.917722155153751 1.01938040703535 1.05167352855206 1.13708790242672 1.12793988677172 1.17530715465546 1.35422871144194 1.25051236623212 1.21078014373779 1.07750985943354 1.05467879313689 1.48495068081788 1.82623071542808 2.12840748258999 1.31078365445137 1.06093545045171 0.95235504422869 0.839840233325958 0.903950238769705 0.585437460587575 0.745695150815524 1.19819840246981 1.15685189854015 1.07243047519164 0.851008252664046 0.685809334119161 0.802148174155842 0.823908383196051 0.957910497080196 1.01053256067363 1.19139290849368 1.31399669701403 3.26562493011869 1.55828954792414 -9999 -9999 -9999 -9999 -9999 -9999 -9999
0.427369800209999 0.416467952728272 0.431768542528152 0.43660514652729 0.428953206539154 0.408280581235886 0.418081227689981 0.569862842559814 0.449413946270943 0.469065446187468 0.4524310156703 0.445785390213132 0.426371712237597 0.480718297617776 0.527845440940423 0.537370923620004 0.551472561863752 0.511015221476555 0.539726734161377 1.00328529328108 1.0066020950675 1.02853853702545 1.06290657520294 1.0957168802619 0.819708184192055 1.12661382768835 1.20626642153813 1.26707368859878 1.19114529235022 -9999 -9999 -9999 -9999 -9999 -9999 3.14426672458649 1.45198259254297 1.0182884739978 0.839070849120617 0.90669638911883 0.946910603479906 0.903355324810202 1.03461273420941 1.22826360843398 1.07235473123464 0.994850139726292 1.16439989805222 0.886432861739939 0.877361590212042 1.0637833990834 1.13810309496793 1.40926121039824 1.36107735742222 1.9762424826622 1.97624230384827 -9999 -9999 -9999 -9999 -9999 -9999 -9999
0.421277403831482 0.41574705094099 0.430047297477722 0.428160443902016 0.438030901551247 0.434268137812614 0.429787024855614 0.425801852345467 0.429942601919174 0.4263223528862 0.449885502457619 0.459352001547813 0.455797016620636 0.462165758013725 0.550384451563542 0.577678032792531 0.471197247505188 0.483851760625839 0.553024753928185 1.13081027381122 0.999187624454498 1.04832681119442 0.987978489696979 0.834807442207085 0.887461565042797 0.913383089398083 1.17361389236017 1.25898027420044 1.21995936334133 -9999 -9999 -9999 -9999 -9999 -9999 -9999 2.69715638114856 1.9126270370824 0.920339927077293 0.921840250492096 0.886088450749715 0.877427667379379 0.862902760505676 1.17334008758718 0.913989742596944 1.0276226401329 1.22957553863525 1.3872170984745 1.50772536993027 1.77515970468521 2.01654825210571 1.41050061854449 -9999 -9999 -9999 -9999 -9999 -9999 -9999 -9999 -9999 -9999
0.446198666734355 0.470698497125081 0.418071439862251 0.427674487233162 0.424454748630524 0.430178001523018 0.532387965104797 0.536948838829994 0.54717525690794 0.388408822672708 0.478066489100456 0.480284243822098 0.478306740522385 0.482614502310753 0.525676392018795 0.544570269329207 0.514141008257866 0.496534511446953 0.645957752277977 1.28016300002734 0.900836026586524 1.08566750992428 1.07505398446863 0.724563479423523 0.837681567982623 0.919069647789001 1.2690750841911 1.22886132652109 1.26267628944837 -9999 -9999 -9999 -9999 -9999 -9999 -9999 2.49916602098025 2.34105531527446 1.89415890895403 1.71701322992643 1.40304046869278 1.1426266618073 1.09248902276158 1.35913958027959 1.81614888086915 1.37872242927551 1.21629272898038 1.1679828107357 1.21688883304596 1.73387419093739 2.20816379785538 2.69369346987117 4.8597861803495 -9999 -9999 -9999 -9999 -9999 -9999 -9999 -9999 -9999
0.439959123730659 0.463639373962696 0.376496576837131 0.400151680622782 0.438534754514694 0.443809202313423 0.549629187583923 0.557210098206997 0.572790357470512 0.500017055869102 0.550977605581284 0.527819538116455 0.597123447060585 0.520338317050653 0.516847518937928 0.505592361092567 0.482253958071981 0.510633483529091 0.570100754499435 0.658418509093198 0.766884343190627 0.627685575322671 0.669577238234607 1.04459617393357 1.34923873543739 1.3403333902359 1.40033300966024 1.35229112952948 1.50772921855633 1.56545584476911 -9999 -9999 -9999 -9999 -9999 -9999 -9999 3.52981427311897 2.93010246211832 4.0200594152723 1.68067860603333 1.70795928686857 1.87066865712404 2.46833498775959 2.19055002182722 2.03517872840166 1.95151762962341 1.8525957942009 1.8319455653429 2.56237195730209 3.04436910152435 3.54249390688809 5.53722101239146 -9999 -9999 -9999 -9999 -9999 -9999 -9999 -9999 -9999
0.387920686176845 0.387780968632017 0.494432831803958 0.385533424360411 0.32645420730114 0.535416913529237 0.59625179618597 0.497469154000282 0.516836714744568 0.540222904086113 0.527908059954643 0.547605299949646 0.570459008216858 0.534191995859146 0.52318100631237 0.511934489011765 0.511564508080482 0.51953499019146 0.474109486891673 0.488683334909953 0.537661653757095 0.284272760152817 1.08955412507057 1.28791707158089 1.35001051425934 1.33990697264671 1.48633989462486 1.46849921574959 1.50758557594739 1.55285580341633 -9999 -9999 -9999 -9999 -9999 -9999 -9999 -9999 -9999 -9999 -9999 -9999 -9999 -9999 -9999 -9999 3.65490746498108 2.18857243928042 3.20143471956253 3.35224868853887 -9999 -9999 -9999 -9999 -9999 -9999 -9999 -9999 -9999 -9999 -9999 -9999
0.378641149827412 0.362111570579665 0.357497570770127 0.526487742861112 0.314495473035744 0.592753337962287 0.506356519460678 0.511295565962791 0.520130708813667 0.5307039052248 0.573281398415566 0.5757448554039 0.565740904211998 0.563210502266884 0.567409409210086 0.528704732656479 0.583581894636154 0.515667606890202 0.504210765659809 0.528549595177174 0.505621831864119 0.956879342144186 1.05428412014788 2.62424910068512 -9999 -9999 1.56236051661628 1.43294705794408 1.43472218513489 1.49069774150848 1.68015597263972 -9999 -9999 -9999 -9999 -9999 -9999 -9999 -9999 -9999 -9999 -9999 -9999 -9999 -9999 -9999 -9999 -9999 -9999 -9999 -9999 -9999 -9999 -9999 -9999 -9999 -9999 -9999 -9999 -9999 -9999 -9999
0.39482647393431 0.367492605532919 0.362233719655446 0.354748494923115 0.631837236029761 0.642152204045228 0.499766689538956 0.536368954181671 0.552114763855934 0.61381875872612 0.590530675649643 0.62063866853714 0.680870074778795 0.656267244368792 0.599493134021759 0.614607453346252 0.63819919154048 0.557255087792873 0.54221131503582 0.546177908778191 0.886504289778796 0.950494717467915 1.06021233038469 1.25477736271345 1.3307699739933 1.27896843552589 1.49865617496627 1.36374355508731 1.33905796209971 1.37871164083481 1.73086510101954 2.46414510354604 -9999 -9999 -9999 -9999 -9999 -9999 -9999 -9999 -9999 -9999 -9999 -9999 -9999 -9999 -9999 -9999 -9999 -9999 -9999 -9999 -9999 -9999 -9999 -9999 -9999 -9999 -9999 -9999 -9999 -9999
0.408283084630966 0.388875533427511 0.381585532001087 0.401526644825935 0.580778491038543 0.435946296368326 0.506670588254929 0.513446545600891 0.542966857552528 0.591698820392291 0.6648297323422 0.761144706979394 0.634996801614761 0.69598426669836 0.681671261787415 0.670459645986557 0.611607813835144 0.608352832496166 0.600339522957802 0.591574981808662 0.9443270184777 1.31925611197948 1.38199810683727 1.40194677389585 1.23615583777428 1.47705392195628 1.42304364076027 1.40082194407781 1.50038331747055 0.982105368375778 1.27779631912708 1.44292122870684 -9999 -9999 -9999 -9999 -9999 -9999 -9999 -9999 -9999 -9999 -9999 -9999 -9999 -9999 -9999 -9999 -9999 -9999 -9999 -9999 -9999 -9999 -9999 -9999 -9999 -9999 -9999 -9999 -9999 -9999
0.419906680073057 0.426044576934406 0.513931662990497 0.540705800056458 0.473422388945307 0.523500761389732 0.524889913201332 0.544325852394104 0.584657549858093 0.970182716846466 0.962802708148956 0.891234308481216 0.974009761443505 0.848307046294212 1.07319451868534 0.689657999575138 0.651061199605465 0.640024879574776 0.65215086042881 0.545779380660791 0.921764438802546 1.39567928016186 1.32883197069168 1.53265643119812 1.59910726547241 1.56995326280594 1.54489356279373 1.29210904240608 1.35839474201202 1.45481398701668 1.52151221036911 -9999 -9999 -9999 -9999 -9999 -9999 -9999 -9999 -9999 -9999 -9999 -9999 -9999 -9999 -9999 -9999 -9999 -9999 -9999 -9999 -9999 -9999 -9999 -9999 -9999 -9999 -9999 -9999 -9999 -9999 -9999
