EcologicalScience/Bass/data/rs_data_bass/chl_201.asc
NCOLS 226 
NROWS 124 
XLLCORNER -9.41648524995501 
YLLCORNER 47.587301625531 
CELLSIZE 0.0833 
NODATA_value -9999 
[rows 54 to 80 of 124, columns 0 to 61 of 226]
-9999 -9999 -9999 -9999 -9999 -9999 -9999 -9999 -9999 -9999 -9999 -9999 -9999 -9999 -9999 -9999 -9999 -9999 -9999 -9999 -9999 -9999 -9999 -9999 -9999 -9999 -9999 -9999 -9999 -9999 -9999 -9999 -9999 -9999 -9999 -9999 -9999 -9999 4.82317006801704 3.40496933773944 11.4036540985107 13.7099432945251 7.49600958824158 3.83002209663391 4.06781244277954 4.96623766422272 3.81885373592377 1.4164987206459 1.33707225322723 1.44623029232025 1.30109775066376 1.35049054026604 1.66389977931976 2.15242499113083 2.69954395294189 3.45207059383392 3.77898359298706 4.13611364364624 -9999 0.607058599591255 0.62790758907795 1.58797024773515
-9999 -9999 -9999 -9999 -9999 -9999 -9999 -9999 -9999 -9999 -9999 -9999 -9999 -9999 -9999 -9999 -9999 -9999 -9999 -9999 -9999 -9999 -9999 -9999 -9999 -9999 -9999 -9999 -9999 -9999 -9999 -9999 -9999 -9999 -9999 -9999 -9999 -9999 -9999 10.5004285812378 25.2979888916016 21.4332404136658 14.2026271820068 10.3610594272614 2.31960368156433 1.96242374181747 1.96886318922043 1.54168581962585 1.1625217795372 1.09697172045708 1.18177574872971 1.2674557864666 1.75492876768112 2.26724249124527 2.68391096591949 2.46348452568054 2.74042475223541 -9999 -9999 -9999 -9999 -9999
-9999 -9999 -9999 -9999 -9999 -9999 -9999 -9999 -9999 -9999 -9999 -9999 -9999 -9999 -9999 -9999 -9999 -9999 -9999 -9999 -9999 -9999 -9999 -9999 -9999 -9999 -9999 -9999 -9999 -9999 -9999 -9999 -9999 -9999 -9999 -9999 -9999 -9999 -9999 -9999 23.645200252533 26.1761026382446 15.469738483429 12.6958079338074 8.46461820602417 1.80870974063873 1.42256399989128 1.16600024700165 1.28546476364136 1.13463154435158 1.17914548516273 1.50239253044128 1.87730991840363 2.06523299217224 2.2607279419899 2.71954733133316 2.55512398481369 2.53430557250977 1.85145599974526 -9999 -9999 -9999
-9999 -9999 -9999 -9999 -9999 -9999 -9999 -9999 -9999 -9999 -9999 -9999 -9999 -9999 -9999 -9999 -9999 -9999 -9999 -9999 -9999 -9999 -9999 -9999 -9999 -9999 -9999 -9999 -9999 -9999 -9999 -9999 -9999 -9999 -9999 -9999 -9999 -9999 -9999 -9999 30.9778432846069 23.4145460128784 17.0550227165222 9.37211108207703 4.82610297203064 2.28207457065582 2.0886989235878 1.70370608568192 1.24797150492668 1.23338028788567 1.19739148020744 1.60230821371078 1.76943969726562 1.81251007318497 1.88064157962799 2.23270279169083 1.95204967260361 2.00046300888062 2.85803854465485 5.3140869140625 2.10169035673141 -9999
-9999 -9999 -9999 -9999 -9999 -9999 -9999 -9999 -9999 -9999 -9999 -9999 -9999 -9999 -9999 -9999 -9999 -9999 -9999 -9999 -9999 -9999 -9999 -9999 -9999 -9999 -9999 -9999 -9999 -9999 -9999 -9999 -9999 -9999 -9999 -9999 -9999 -9999 -9999 -9999 -9999 14.7207183837891 11.8163480758667 4.89420604705811 3.10087788105011 2.78468996286392 2.07737696170807 2.16410171985626 1.77074629068375 1.33881595730782 0.948720037937164 1.24219125509262 1.464195728302 1.58315920829773 1.5232874751091 1.35703575611115 1.5435374379158 1.8291517496109 3.72638189792633 5.4956488609314 10.4602932929993 -9999
-9999 -9999 -9999 -9999 -9999 -9999 -9999 -9999 -9999 -9999 -9999 -9999 -9999 -9999 -9999 -9999 -9999 -9999 -9999 -9999 -9999 -9999 -9999 -9999 -9999 -9999 -9999 -9999 -9999 -9999 -9999 -9999 -9999 -9999 -9999 -9999 -9999 -9999 -9999 -9999 -9999 10.4907546043396 10.8124079704285 6.05534291267395 3.43288064002991 2.96773052215576 2.40005332231522 1.83299392461777 1.46159622073174 1.01846703886986 1.0199099779129 1.07603251934052 1.28289976716042 1.45275673270226 1.55429166555405 1.57861733436584 1.72492718696594 1.96870422363281 2.39510858058929 2.15960706634955 -9999 -9999
-9999 -9999 -9999 -9999 -9999 -9999 -9999 -9999 -9999 -9999 -9999 -9999 -9999 -9999 -9999 -9999 -9999 -9999 -9999 -9999 -9999 -9999 -9999 -9999 -9999 -9999 -9999 -9999 -9999 -9999 -9999 -9999 -9999 -9999 -9999 -9999 -9999 -9999 -9999 -9999 16.2442674636841 7.80788612365723 15.1989998817444 4.07907235622406 2.75565075874329 1.90716308355331 1.69311153888702 1.59835052490234 1.11888670921326 1.16023653745651 1.13345476984978 1.21752521395683 1.23482546210289 1.21906578540802 1.51644605398178 1.77843528985977 2.02268403768539 -9999 -9999 3.03307485580444 2.02444124221802 2.48439449071884
-9999 -9999 -9999 -9999 -9999 -9999 -9999 -9999 -9999 -9999 -9999 -9999 -9999 -9999 -9999 -9999 -9999 -9999 -9999 -9999 -9999 -9999 -9999 -9999 -9999 -9999 -9999 -9999 -9999 -9999 -9999 -9999 -9999 -9999 -9999 -9999 -9999 -9999 -9999 4.27952659130096 3.09086465835571 3.98948836326599 3.30692410469055 2.60686433315277 1.33592328429222 1.27863675355911 1.29790797829628 1.25820377469063 1.26793429255486 1.12005525827408 0.97861048579216 1.05488777160645 1.17516902089119 1.25750023126602 1.59352791309357 1.83468818664551 1.87230831384659 2.01105004549026 1.70931458473206 1.99852502346039 2.02104967832565 2.79714292287827
-9999 -9999 -9999 -9999 -9999 -9999 -9999 -9999 -9999 -9999 -9999 -9999 -9999 -9999 -9999 -9999 -9999 -9999 -9999 -9999 -9999 -9999 -9999 -9999 -9999 -9999 -9999 -9999 -9999 -9999 -9999 -9999 -9999 -9999 -9999 -9999 -9999 -9999 -9999 6.11454057693481 3.13514542579651 2.47986906766891 1.85781383514404 1.65671628713608 1.40393775701523 1.44611173868179 1.25678399205208 1.15260154008865 1.33220770955086 1.11278477311134 1.05207073688507 0.94949546456337 0.998261243104935 1.05732679367065 1.36375424265862 1.64436221122742 1.7813948392868 2.0759414434433 2.32652467489243 1.85883218050003 2.10853725671768 2.13482022285461
-9999 -9999 -9999 -9999 -9999 -9999 -9999 -9999 -9999 -9999 -9999 -9999 -9999 -9999 -9999 -9999 -9999 -9999 -9999 -9999 -9999 -9999 -9999 -9999 -9999 -9999 -9999 -9999 -9999 -9999 -9999 -9999 -9999 -9999 -9999 -9999 -9999 -9999 8.83413243293762 6.12860941886902 2.82851850986481 1.82699471712112 1.38355350494385 1.29373347759247 1.21788221597672 1.28593128919601 1.32150900363922 1.19454824924469 1.15293824672699 1.04780772328377 0.88323301076889 0.922852456569672 0.991601228713989 1.118054240942 1.29513072967529 1.44235575199127 1.53922355175018 1.96527671813965 2.24254274368286 1.49441027641296 1.75508183240891 2.67969453334808
-9999 -9999 -9999 -9999 -9999 -9999 -9999 -9999 -9999 -9999 -9999 -9999 -9999 -9999 -9999 -9999 -9999 -9999 -9999 -9999 -9999 -9999 -9999 -9999 -9999 -9999 -9999 -9999 -9999 -9999 -9999 -9999 -9999 -9999 -9999 -9999 -9999 -9999 4.55211925506592 3.56710267066956 2.74244552850723 2.04356467723846 1.43750104308128 1.23197400569916 1.28080871701241 1.3418684899807 1.17810228466988 1.24263149499893 1.08450973033905 1.18236753344536 1.10709974169731 1.10579252243042 1.1516617834568 1.25140124559402 1.22425496578217 1.94951856136322 2.24342626333237 2.35670918226242 2.07788854837418 1.8187530040741 2.027498960495 6.37069201469421
-9999 -9999 -9999 -9999 -9999 -9999 -9999 -9999 -9999 -9999 -9999 -9999 -9999 -9999 -9999 -9999 -9999 -9999 -9999 -9999 -9999 -9999 -9999 -9999 -9999 -9999 -9999 -9999 -9999 -9999 -9999 -9999 -9999 -9999 -9999 -9999 -9999 2.65247971670968 3.26511454582214 3.06777441501617 2.18495392799377 1.71785241365433 1.30720496177673 1.22518721222878 1.36348727345467 1.39781400561333 1.29373052716255 0.978852778673172 1.0015574991703 1.02181121706963 1.2279172539711 1.11694577336311 1.08944696187973 0.992440491914749 1.25288021564484 2.11548149585724 1.8763507604599 1.97732841968536 2.00048625469208 2.21333920955658 3.22784328460693 7.67050909996033
-9999 -9999 -9999 -9999 -9999 -9999 -9999 -9999 -9999 -9999 -9999 -9999 -9999 -9999 -9999 -9999 -9999 -9999 -9999 -9999 -9999 -9999 -9999 -9999 -9999 -9999 -9999 -9999 -9999 -9999 -9999 -9999 -9999 -9999 -9999 -9999 -9999 6.55790598392487 3.58140814304352 2.4197114109993 1.73070448637009 1.42317000031471 1.03290903568268 0.969807744026184 1.05180224776268 1.10825997591019 0.96506479382515 0.874385207891464 0.975814461708069 1.05142647027969 1.04626876115799 1.00518375635147 0.964913964271545 1.01812273263931 1.18260303139687 1.48774802684784 1.39178851246834 1.55719131231308 2.13736420869827 2.37302327156067 2.63908123970032 3.18693673610687
-9999 -9999 -9999 -9999 -9999 -9999 -9999 -9999 -9999 -9999 -9999 -9999 -9999 -9999 -9999 -9999 -9999 -9999 -9999 -9999 -9999 -9999 -9999 -9999 -9999 -9999 -9999 -9999 -9999 -9999 -9999 -9999 -9999 -9999 -9999 -9999 8.64585475623608 5.89254766702652 8.97813892364502 3.04940986633301 2.3964307308197 1.80943948030472 1.32740253210068 1.11486679315567 0.917118787765503 0.914313733577728 0.855978012084961 0.871718287467957 0.988997966051102 1.0300732254982 1.07529070973396 1.17980325222015 1.27269673347473 1.12574100494385 1.1324805021286 1.1966572701931 1.15653902292252 1.17206329107285 1.54703629016876 1.78270733356476 2.09044271707535 2.55555671453476
-9999 -9999 -9999 -9999 -9999 -9999 -9999 -9999 -9999 -9999 -9999 -9999 -9999 -9999 -9999 -9999 -9999 -9999 -9999 -9999 -9999 -9999 -9999 -9999 -9999 -9999 -9999 -9999 -9999 -9999 -9999 1.02463196218014 1.21219921759937 -9999 2.10493344068527 2.35009436309338 3.34272696574529 7.86910057067871 6.6381254196167 6.85228586196899 2.27180707454681 1.13986802101135 0.972482264041901 0.843227237462997 0.720112502574921 0.719123259186745 0.765146970748901 0.814985990524292 0.839036285877228 1.00273802876472 1.14309597015381 1.17258676886559 1.26374852657318 1.25021249055862 1.22495627403259 1.36751022934914 1.53158104419708 1.65252381563187 1.9738649725914 1.79797500371933 1.83471751213074 1.85616850852966
-9999 -9999 -9999 -9999 -9999 -9999 -9999 -9999 -9999 -9999 -9999 -9999 -9999 -9999 -9999 -9999 -9999 -9999 -9999 -9999 -9999 -9999 0.346259817481041 0.873927235603333 45.4050207138062 1.4886462688446 45.8757362365723 44.5891828536987 27.6509943008423 28.5440111160278 16.4927956983447 41.4246797561646 4.58656418323517 11.4596915245056 20.7689638137817 19.1012048721313 4.6744372844696 3.64993858337402 3.35630857944489 2.2585072517395 1.32126903533936 0.914335459470749 0.71933251619339 0.764077484607697 0.779576987028122 0.766781240701675 0.835157990455627 0.912149280309677 1.08259570598602 1.3233599960804 1.51385700702667 1.54976481199265 1.50880122184753 1.45622178912163 1.49550971388817 1.5862575173378 2.20652693510056 2.88521558046341 7.84352204028298 -9999 -9999 -9999
-9999 -9999 -9999 -9999 -9999 -9999 -9999 -9999 -9999 -9999 -9999 -9999 -9999 -9999 -9999 -9999 -9999 -9999 -9999 -9999 -9999 -9999 50.0684094429016 4.41390287876129 19.101448059082 13.7067832946777 13.0648884773254 9.94138598442078 12.4376835823059 16.4220786094666 9.47431540489197 12.7040176391602 14.4843950271606 17.5051202774048 17.8222346305847 10.3208584785461 9.34746980667114 1.92708599567413 1.29661202430725 1.30661773681641 2.46872842311859 4.08313500881195 4.03212010860443 3.37576568126678 1.90206599235535 0.881270259618759 1.05288675427437 1.28478679060936 1.47119852900505 1.64803200960159 2.04414600133896 2.1518549323082 2.34078973531723 2.28917026519775 2.02550548315048 -9999 -9999 -9999 -9999 -9999 -9999 -9999
-9999 -9999 -9999 -9999 -9999 -9999 -9999 -9999 -9999 -9999 -9999 -9999 -9999 -9999 -9999 -9999 -9999 -9999 -9999 7.68848077952862 2.47849155664444 2.95712846517563 1.5494384765625 1.68943047523499 1.37895146012306 1.29482173919678 1.36710003018379 2.85966449975967 3.10004317760468 10.2302548885345 15.6084208488464 9.58489322662354 11.07302069664 10.037942647934 14.6353769302368 12.6812009811401 9.90298819541931 3.36581254005432 8.14884209632874 8.91463351249695 10.8064677715302 14.484429359436 11.2931864261627 4.50179994106293 1.48051276803017 0.958348542451859 1.3710510134697 1.56877416372299 1.82638192176819 2.10087829828262 2.28975826501846 -9999 -9999 -9999 -9999 -9999 -9999 -9999 -9999 -9999 -9999 -9999
-9999 -9999 -9999 -9999 -9999 -9999 -9999 -9999 -9999 -9999 -9999 -9999 -9999 -9999 -9999 -9999 -9999 14.762790709734 10.1590499281883 0.547584012150764 0.68784074485302 1.09129196405411 0.877499967813492 0.771290212869644 0.817106276750565 0.881944477558136 1.9872225522995 2.66324543952942 5.62556862831116 10.2126302719116 18.3337025642395 14.8730993270874 11.0855984687805 2.5237523317337 6.37557792663574 13.109224319458 17.666154384613 12.6562256813049 9.94776892662048 9.26944899559021 9.87105274200439 6.53025698661804 7.93609571456909 2.91881328821182 1.09646478295326 1.14224624633789 1.48706477880478 2.25289160013199 2.42416468262672 1.154212474823 5.94469490647316 -9999 -9999 -9999 -9999 -9999 -9999 -9999 -9999 -9999 -9999 -9999
-9999 -9999 -9999 -9999 -9999 -9999 -9999 -9999 -9999 -9999 -9999 -9999 -9999 -9999 9.86501383781433 12.1147676557302 9.908442735672 5.7724027633667 0.449021235108376 0.382655248045921 0.357268497347832 0.384970486164093 0.446856021881104 0.502920761704445 0.540889486670494 0.664233729243279 1.05429750680923 1.57866454124451 2.12662053108215 3.26502513885498 4.10070812702179 7.17705702781677 9.76126456260681 13.8301019668579 20.5715045928955 8.51204895973206 5.71872961521149 3.0355281829834 2.41045117378235 1.63730102777481 2.07363742589951 4.45452225208282 4.50285744667053 3.82725441455841 2.50474798679352 1.21164903044701 1.50393980741501 1.66467833518982 1.56879526376724 1.24382176995277 1.26357820630074 1.73014283180237 -9999 -9999 -9999 -9999 -9999 -9999 -9999 -9999 -9999 -9999
-9999 -9999 -9999 -9999 -9999 -9999 -9999 -9999 -9999 -9999 -9999 1.93117335709659 7.20705950260162 8.10912993550301 0.601796999573708 0.31767750531435 0.332792244851589 0.393597006797791 0.385182738304138 0.389313742518425 0.39282001554966 0.41515950858593 0.443270981311798 0.498315766453743 0.493183493614197 0.499121993780136 0.50043748319149 0.714522734284401 0.800135225057602 0.794630259275436 0.889034271240234 1.74043267965317 2.35213869810104 3.00053322315216 6.18578195571899 4.53332161903381 12.1114096641541 6.31237864494324 2.02741116285324 1.22408553957939 1.41293773055077 1.91811221837997 2.81050497293472 2.75530797243118 2.04922342300415 1.59629166126251 1.41302624344826 1.24657496809959 2.30847229063511 2.07426220178604 1.92382295235344 -9999 -9999 -9999 -9999 -9999 5.4064466311488 46.2236287593842 15.2918074131012 14.9020832061768 17.5565288543701 -9999
-9999 -9999 -9999 -9999 -9999 -9999 -9999 -9999 -9999 14.5169371068478 2.49488596327421 0.310264505445957 0.303102001547813 0.315366759896278 0.308121755719185 0.301100246608257 0.343024492263794 0.359828241169453 0.357261009514332 0.348225742578506 0.331478990614414 0.33440849930048 0.361216507852077 0.372179254889488 0.391209751367569 0.382941752672195 0.406359001994133 0.47206275165081 0.643121257424355 0.596101507544518 0.466864496469498 0.498191267251968 0.788061708211899 1.1667652130127 1.41729301214218 1.043521463871 0.777575254440308 0.731930270791054 0.669376507401466 0.770653456449509 0.709112271666527 1.17020246386528 1.27122974395752 1.65552896261215 2.01714903116226 2.64976644515991 2.12836647033691 1.49684697389603 1.25081625580788 1.08925196528435 1.065404266119 0.912192016839981 2.30695859591166 2.80133467609599 2.89644974470139 5.32845139503479 20.7875554561615 17.9281733036041 5.57565057277679 7.21374893188477 13.5499076843262 -9999
-9999 -9999 -9999 -9999 -9999 0.433219492435455 1.51374296844006 0.558959260582924 0.534153744578362 0.596725478768349 0.41065576672554 0.370091244578362 0.419489979743958 0.516331493854523 0.541323736310005 0.558355495333672 0.514521762728691 0.420917987823486 0.397412985563278 0.387596234679222 0.406203746795654 0.377472728490829 0.390942022204399 0.400213479995728 0.394828498363495 0.445386752486229 0.473292768001556 0.424418270587921 0.451567500829697 0.455208018422127 0.362871006131172 0.352943994104862 0.39833477139473 0.548180267214775 0.733244240283966 0.589157983660698 0.518499746918678 0.455578520894051 0.456493511795998 0.509689494967461 0.785354286432266 0.930849730968475 1.13431575894356 2.04208731651306 2.12604975700378 1.41012901067734 1.27893599867821 1.26582446694374 0.959033221006393 0.951797962188721 0.907999455928802 0.924504786729813 1.31687396764755 1.48042050004005 1.76759558916092 2.12982594966888 2.40862494707108 3.87128555774689 15.7342758178711 10.0205748081207 6.6742839217186 5.71023899316788
-9999 -9999 -9999 -9999 -9999 0.366335995495319 0.390175491571426 0.389378249645233 0.383364021778107 0.438455253839493 0.484231486916542 0.469691231846809 0.466744512319565 0.47909326851368 0.568054497241974 0.518078997731209 0.472040265798569 0.435231015086174 0.388962730765343 0.367114506661892 0.360990755259991 0.368673004209995 0.385312512516975 0.408240750432014 0.429678753018379 0.405764266848564 0.364536009728909 0.321995995938778 0.298805259168148 0.319581739604473 0.295770741999149 0.30087599158287 0.348876759409904 0.413847729563713 0.417689234018326 0.329869508743286 0.358750507235527 0.355471506714821 0.463561490178108 0.559014022350311 0.988223254680634 1.06772777438164 3.13588571548462 3.36522960662842 2.28915971517563 2.25488555431366 3.12040114402771 1.60215604305267 0.830464482307434 0.778574287891388 0.778769284486771 0.878393232822418 1.0923465192318 1.29712647199631 1.59918147325516 1.69661182165146 1.63322478532791 2.60134273767471 3.56863510608673 2.30958044528961 2.36313530802727 2.46115091443062
-9999 -9999 -9999 -9999 -9999 0.412461742758751 0.656176507472992 0.873878985643387 0.982995718717575 1.21432122588158 1.29714149236679 1.23104470968246 1.01822099089622 1.00508478283882 1.26748278737068 1.16130450367928 1.19392052292824 1.07967746257782 0.691848009824753 0.467367008328438 0.383091732859612 0.389934003353119 0.40074522793293 0.494446501135826 0.4425930082798 0.416843265295029 0.349726505577564 0.294626243412495 0.293711252510548 0.324705004692078 0.304241247475147 0.26740725338459 0.290962502360344 0.340250998735428 0.913456901907921 0.321227990090847 0.353978991508484 0.986107304692268 1.55896925926208 2.43930923938751 1.16575196385384 1.05149924755096 1.63558942079544 2.64485782384872 2.44476896524429 2.37479478120804 3.31572067737579 2.21909469366074 2.07265430688858 1.95966303348541 2.35357958078384 2.47015875577927 2.5256422162056 3.17914938926697 5.91324090957642 2.43785244226456 1.32395696640015 1.30856922268867 1.32996529340744 1.33442026376724 1.25228628516197 2.47877289354801
-9999 -9999 -9999 -9999 -9999 0.357860997319221 0.35751074552536 0.445494756102562 0.542363986372948 0.609393730759621 0.564214512705803 0.533099994063377 0.486441761255264 0.456476256251335 0.547229245305061 0.73634098470211 0.749171242117882 0.694572016596794 0.569969236850739 0.441688477993011 0.418338730931282 0.442028269171715 0.559538260102272 1.14466801285744 0.905559003353119 0.71271675825119 0.591089978814125 0.430117517709732 0.37524676322937 0.360028490424156 0.33720825612545 0.264624752104282 1.71082538366318 1.31730450689793 0.341469749808311 0.475398749113083 1.15297255665064 1.03693652898073 0.994823276996613 1.80207198858261 1.10667970776558 0.971441209316254 0.961914718151093 1.05733653903008 1.12290823459625 1.19315403699875 1.18396201729774 1.33975651860237 1.53595644235611 1.44321298599243 1.31066697835922 1.65812999010086 2.06909322738647 3.42047023773193 3.80031001567841 1.26598423719406 1.25048777461052 1.23060822486877 1.22719877958298 1.44581097364426 1.79926317930222 1.72530260682106
-9999 -9999 -9999 -9999 -9999 0.319065749645233 0.332246258854866 0.337221756577492 0.444782987236977 0.497812494635582 0.463364258408546 0.189093008637428 0.231580495834351 0.247129507362843 0.300316505134106 0.426374271512032 0.513438016176224 0.558947995305061 0.553523987531662 0.55527001619339 0.499060481786728 0.461873978376389 0.467490747570992 0.571101754903793 1.03521600365639 1.05936223268509 0.973484963178635 0.756685495376587 0.489753752946854 0.485337764024734 0.431720986962318 0.399527236819267 0.265384510159492 0.336414009332657 0.374938510358334 0.411015003919601 0.711769491434097 0.950578540563583 1.22184526920319 1.580337703228 2.27684783935547 2.15065348148346 1.65011698007584 1.43000704050064 1.08126148581505 1.02480447292328 1.03771421313286 1.05584022402763 1.03148996829987 0.940836757421494 0.959727734327316 0.907771468162537 1.46589902043343 1.54343247413635 1.37249882519245 1.50805127620697 1.61636692285538 1.51017826795578 1.61912316083908 1.63321566581726 2.07490432262421 1.79143948853016
