EcologicalScience/Bass/data/rs_data_bass/chl_165.asc
NCOLS 226 
NROWS 124 
XLLCORNER -9.41648524995501 
YLLCORNER 47.587301625531 
CELLSIZE 0.0833 
NODATA_value -9999 
[rows 81 to 107 of 124, columns 62 to 123 of 226]
3.85158455371857 5.97498106956482 7.6620512008667 7.66205191612244 -9999 -9999 -9999 -9999 -9999 -9999 -9999 -9999 -9999 -9999 -9999 -9999 -9999 -9999 -9999 -9999 -9999 -9999 -9999 -9999 -9999 -9999 -9999 -9999 -9999 -9999 -9999 -9999 -9999 -9999 -9999 -9999 -9999 -9999 -9999 -9999 -9999 -9999 -9999 -9999 -9999 -9999 -9999 -9999 -9999 -9999 -9999 -9999 -9999 -9999 -9999 -9999 -9999 -9999 -9999 -9999 -9999 -9999
2.93186363780383 -9999 -9999 -9999 -9999 -9999 -9999 -9999 -9999 -9999 -9999 -9999 -9999 -9999 -9999 -9999 -9999 -9999 -9999 -9999 -9999 -9999 -9999 -9999 -9999 -9999 -9999 -9999 -9999 -9999 -9999 -9999 -9999 -9999 -9999 -9999 -9999 -9999 -9999 -9999 -9999 -9999 -9999 -9999 -9999 -9999 -9999 -9999 -9999 -9999 -9999 -9999 -9999 -9999 -9999 -9999 -9999 -9999 -9999 -9999 -9999 -9999
-9999 -9999 -9999 -9999 -9999 -9999 -9999 -9999 -9999 -9999 -9999 -9999 -9999 -9999 -9999 -9999 -9999 -9999 -9999 -9999 -9999 -9999 -9999 -9999 -9999 -9999 -9999 -9999 -9999 -9999 -9999 -9999 -9999 -9999 -9999 -9999 -9999 -9999 -9999 -9999 -9999 -9999 -9999 -9999 -9999 -9999 -9999 -9999 -9999 -9999 -9999 -9999 -9999 -9999 -9999 -9999 -9999 -9999 -9999 -9999 -9999 -9999
-9999 -9999 -9999 -9999 -9999 -9999 -9999 -9999 -9999 -9999 -9999 -9999 -9999 -9999 -9999 -9999 -9999 -9999 -9999 -9999 -9999 -9999 -9999 -9999 -9999 -9999 -9999 -9999 -9999 -9999 -9999 -9999 -9999 -9999 -9999 -9999 -9999 -9999 -9999 -9999 -9999 -9999 -9999 -9999 -9999 -9999 -9999 -9999 -9999 -9999 -9999 -9999 -9999 -9999 -9999 -9999 -9999 3.06211485003316 1.56817942857742 1.8878767490387 2.17563307285309 1.89007651805878
-9999 -9999 -9999 -9999 -9999 -9999 -9999 -9999 -9999 -9999 -9999 -9999 -9999 -9999 -9999 -9999 -9999 -9999 -9999 -9999 -9999 -9999 -9999 -9999 -9999 -9999 -9999 -9999 -9999 -9999 -9999 -9999 -9999 -9999 -9999 -9999 37.1749906539917 -9999 3.22507882118225 3.39091801643372 -9999 -9999 1.28204324841499 2.1196117401123 2.29343551397324 2.09972476959229 2.28182923793793 1.73038566112518 1.29899400472641 1.36328476667404 1.3724505007267 1.8921337723732 -9999 -9999 -9999 2.69456094503403 2.15472972393036 1.18942353129387 1.30887678265572 1.28621327877045 1.07980728149414 1.02663525938988
-9999 -9999 -9999 -9999 -9999 -9999 -9999 -9999 -9999 -9999 -9999 -9999 -9999 2.76223200559616 2.44728308916092 2.35157918930054 2.43077480792999 2.82097041606903 1.12509450316429 -9999 -9999 -9999 -9999 -9999 -9999 -9999 -9999 -9999 2.51028907299042 2.27811366319656 3.42050492763519 4.54296684265137 -9999 3.66949796676636 -9999 -9999 -9999 -9999 2.48136377334595 2.33931291103363 2.21878731250763 2.24753469228745 1.76318997144699 1.55893582105637 1.4938950240612 1.55292445421219 1.38817799091339 1.24521973729134 1.14247271418571 1.13675397634506 1.25904071331024 1.38621604442596 1.56522077322006 2.03354930877686 1.92958724498749 1.71158319711685 1.34924626350403 0.964284718036652 0.945743232965469 0.950080543756485 0.887817710638046 0.932147294282913
-9999 -9999 -9999 -9999 -9999 -9999 -9999 -9999 -9999 -9999 3.55329202612241 2.60384094715118 2.05147272348404 1.70147252082825 1.65550500154495 1.80188924074173 1.73598897457123 1.76691895723343 1.83665245771408 1.64756172895432 4.69002840480956 -9999 1.97101199626923 1.99372351169586 2.08073544502258 -9999 -9999 1.44204300642014 1.91565907001495 1.74398553371429 1.93399053812027 1.99564272165298 2.40695858001709 2.16605633497238 -9999 -9999 3.08866565568107 1.81268692016602 1.83125853538513 1.81395077705383 1.96422833204269 1.95534378290176 1.49267104268074 1.22948321700096 1.08817121386528 1.08288896083832 1.14504379034042 1.01187148690224 0.894226491451263 0.896171271800995 0.861627012491226 0.849717736244202 0.884862720966339 0.919670283794403 0.909704267978668 0.880658268928528 0.865117460489273 0.839525252580643 0.833681970834732 0.864155977964401 0.971427708864212 0.967786520719528
-9999 -9999 -9999 -9999 -9999 -9999 -9999 -9999 -9999 2.82764321565628 2.51902878284454 1.89863473176956 1.25869274139404 1.30168578028679 1.32505577802658 1.30623525381088 1.30495199561119 1.29340723156929 1.27363952994347 1.32768076658249 1.56552225351334 1.52000623941422 1.74091047048569 1.97827345132828 1.83708375692368 1.82842272520065 1.8405037522316 1.68837368488312 1.61599570512772 1.49441626667976 1.48356074094772 1.48478329181671 1.56010043621063 1.67028826475143 1.85030633211136 1.78088933229446 1.72439324855804 1.69451916217804 1.41134628653526 1.34980425238609 1.4869125187397 1.47683098912239 1.24011978507042 1.16727447509766 1.02194398641586 0.73082622885704 0.69854548573494 0.696983993053436 0.670610994100571 0.611805751919746 0.601580992341042 0.635980501770973 0.696944251656532 0.723102763295174 0.769995778799057 0.775303512811661 0.764060229063034 0.845627278089523 0.952634274959564 1.01142302155495 1.07113274931908 1.0821884572506
-9999 -9999 -9999 -9999 -9999 -9999 -9999 -9999 -9999 2.57627177238464 1.60201281309128 1.32999524474144 1.16401201486588 1.09778854250908 1.08885678648949 1.0900604724884 1.23298725485802 1.27472627162933 1.30723804235458 1.31711626052856 1.50717222690582 1.48429870605469 1.49245646595955 1.55826741456985 1.58834999799728 1.56403201818466 1.56389772891998 1.53445422649384 1.50311028957367 1.44879528880119 1.41541653871536 1.30653074383736 1.3228252530098 1.32135826349258 1.47757351398468 1.73310971260071 1.77362251281738 1.62384527921677 1.36867278814316 1.34767797589302 1.28557196259499 1.11386999487877 0.925443023443222 0.898286283016205 0.843671232461929 0.827061027288437 0.699549749493599 0.689902514219284 0.658685982227325 0.603525012731552 0.622932761907578 0.642690762877464 0.67231048643589 0.70379550755024 0.703490987420082 0.696780771017075 0.801334530115128 0.936953991651535 1.08862647414207 1.18173828721046 1.18316924571991 1.19325149059296
-9999 -9999 -9999 -9999 -9999 -9999 -9999 -9999 1.43829372525215 1.64427441358566 1.43269273638725 1.28861099481583 1.04934972524643 0.970038771629333 1.03366497159004 1.11969450116158 1.13319075107574 1.2353789806366 1.295330286026 1.31090623140335 1.3489950299263 1.39211171865463 1.42155602574348 1.41331350803375 1.35421121120453 1.33081421256065 1.35510903596878 1.31617721915245 1.23823571205139 1.14668396115303 1.10533726215363 1.11245021224022 1.12729051709175 1.12295320630074 1.17134928703308 1.33930054306984 1.5152850151062 1.52083647251129 1.37184602022171 1.28049972653389 1.08024671673775 0.92001673579216 0.819945752620697 0.816211491823196 0.871055245399475 0.891045033931732 0.817799270153046 0.790771543979645 0.7122832685709 0.621294736862183 0.596804246306419 0.589867517352104 0.610713019967079 0.741440981626511 0.846888720989227 0.951003760099411 1.25717023015022 1.26123753190041 1.32278403639793 1.35387074947357 1.11843073368073 1.12002602219582
1.41525149345398 1.35636377334595 7.89279341697693 20.8928804397583 -9999 -9999 -9999 5.27218216657639 2.02822047472 1.80240601301193 1.07066622376442 1.06369426846504 1.09772622585297 1.03514322638512 1.14436876773834 1.09612575173378 1.12108424305916 1.12167146801949 1.22798699140549 1.32393452525139 1.56486457586288 1.54155975580215 1.47507074475288 1.40558329224586 1.30667996406555 1.30234345793724 1.35163646936417 1.34209951758385 1.16118147969246 1.11103498935699 1.07753178477287 1.02422770857811 1.02084374427795 1.03414276242256 1.03782525658607 0.970879465341568 0.956639975309372 0.961067229509354 0.946590006351471 0.910439282655716 0.88881978392601 0.889709293842316 0.817394256591797 0.790112257003784 0.792897015810013 0.835298269987106 0.907291531562805 0.846291035413742 0.79069796204567 0.671763762831688 0.633931517601013 0.63851098716259 0.675956234335899 0.787603497505188 0.915940493345261 1.099190980196 1.51854747533798 1.55080729722977 1.41986176371574 1.22126027941704 1.01962351799011 0.978016465902328
0.583448231220245 0.840208500623703 1.09944972395897 1.05932924151421 1.16158953309059 1.11839845776558 1.36640024185181 1.22133752703667 1.16531771421432 0.988047033548355 1.07851803302765 1.03935822844505 0.925514996051788 1.02930825948715 1.0755487382412 0.979553997516632 0.966406524181366 1.07961970567703 1.17892795801163 1.23917922377586 1.28905346989632 1.22337225079536 1.18248823285103 1.17416998744011 1.11402824521065 1.07490527629852 1.06668072938919 1.0381777882576 0.978013515472412 0.960367530584335 0.957742542028427 0.951804041862488 0.960117012262344 0.934747517108917 0.929239511489868 0.879873007535934 0.870275259017944 0.869983524084091 0.881353497505188 0.915050268173218 0.90947100520134 0.910280227661133 0.836786985397339 0.786030739545822 0.761402249336243 0.760928213596344 0.765722215175629 0.75248247385025 0.732320263981819 0.743235737085342 0.7853062748909 0.858679533004761 0.956523030996323 0.955000519752502 1.00210797786713 1.10114926099777 1.37516623735428 1.22779422998428 1.14430797100067 1.04858404397964 0.901814997196198 0.908394008874893
0.359740510582924 0.389313742518425 0.444252759218216 0.804654747247696 0.733731016516685 1.06838777661324 1.16238749027252 1.2017295062542 1.20339748263359 1.19279471039772 0.972946465015411 1.02486902475357 1.07567176222801 1.11596703529358 0.843300729990005 0.858579039573669 0.917594969272614 1.08268573880196 1.10996246337891 1.05357974767685 0.964664250612259 0.941921979188919 0.888408780097961 0.899387240409851 0.834821283817291 0.841022282838821 0.875264972448349 0.882565498352051 0.831174731254578 0.822668999433517 0.805760264396667 0.782709002494812 0.813428968191147 0.82271620631218 0.82576122879982 0.801267743110657 0.806829750537872 0.862795472145081 0.870950996875763 0.901071757078171 0.926937013864517 0.90582749247551 0.828840762376785 0.797832012176514 0.762324035167694 0.741980239748955 0.77269122004509 0.772125720977783 0.762701958417892 0.825414776802063 0.976908713579178 1.11075147986412 1.09345346689224 0.989539504051208 1.01282849907875 1.1398109793663 1.16001078486443 1.07947951555252 1.08303746581078 1.05591523647308 0.989688724279404 0.988641768693924
0.336398251354694 0.333573751151562 0.315422259271145 0.328137002885342 0.375354766845703 0.398954272270203 0.550743743777275 0.83960697054863 0.846470206975937 0.955233782529831 1.01048022508621 1.10927027463913 0.992599457502365 0.878816217184067 0.771779268980026 0.739836752414703 0.749177232384682 0.769745260477066 0.765872240066528 0.73853999376297 0.632613748311996 0.614964008331299 0.617531999945641 0.645960733294487 0.69988726079464 0.784263789653778 0.804108023643494 0.776143491268158 0.781879484653473 0.758789241313934 0.743333995342255 0.784245014190674 0.822423756122589 0.812924265861511 0.853992015123367 0.844978541135788 0.860105216503143 0.877201527357101 0.893938511610031 0.850382208824158 0.832949280738831 0.824852228164673 0.823384523391724 0.82081800699234 0.807147771120071 0.803004026412964 0.769071042537689 0.816860228776932 0.891545981168747 0.945497274398804 1.06823998689651 1.20978301763535 1.28547745943069 1.23997950553894 1.20516300201416 1.17709645628929 1.25070002675056 1.26625424623489 1.28734722733498 1.30309796333313 1.29358649253845 1.32942152023315
0.295446753501892 0.29534999281168 0.285229504108429 0.289853252470493 0.289942502975464 0.278514750301838 0.290445752441883 0.336715489625931 0.452809497714043 0.539958760142326 0.494609981775284 0.497652009129524 0.577444508671761 0.673907250165939 0.595203012228012 0.573497235774994 0.615189000964165 0.643924489617348 0.662573263049126 0.670083001255989 0.61964325606823 0.587238013744354 0.6197459846735 0.669146999716759 0.725296497344971 0.784204512834549 0.771929293870926 0.758439034223557 0.802439957857132 0.713927999138832 0.682530015707016 0.686618998646736 0.775078475475311 0.791244775056839 0.857723236083984 0.916490256786346 0.939790517091751 0.939428955316544 0.933247536420822 0.92485123872757 0.951111763715744 0.950273215770721 0.899651259183884 0.873398244380951 0.867253482341766 0.842225253582001 0.810762763023376 0.914805024862289 1.03694477677345 1.18064099550247 1.19975325465202 1.28164502978325 1.34483778476715 1.47033897042274 1.530737221241 1.73370891809464 2.17590004205704 2.21815574169159 2.08603119850159 1.87463933229446 1.91240930557251 1.92935246229172
0.284129239618778 0.265482746064663 0.261257261037827 0.273915007710457 0.281144253909588 0.288471758365631 0.301512010395527 0.301841251552105 0.337442256510258 0.369567006826401 0.373823247849941 0.404272511601448 0.434948265552521 0.502103269100189 0.527565747499466 0.519445493817329 0.517054483294487 0.521192237734795 0.518813252449036 0.533488512039185 0.555374264717102 0.55221976339817 0.648141011595726 0.662385731935501 0.65584123134613 0.72325274348259 0.750052481889725 0.790230721235275 0.849231004714966 0.887506484985352 0.876782208681107 0.835328221321106 0.824745029211044 0.879612028598785 0.91776904463768 1.01927027106285 1.01298370957375 1.02159976959229 1.00878748297691 1.02137696743011 0.987420737743378 0.949193269014359 0.972091466188431 0.947147995233536 0.899456977844238 0.886696457862854 1.09824076294899 1.19527950882912 1.28383648395538 1.33653599023819 1.40310224890709 1.51058542728424 1.49989575147629 1.77187871932983 2.00656718015671 2.1340320110321 2.86743146181107 3.38645267486572 2.82558971643448 2.42454528808594 3.97092406153679 1.93687193419622
0.248964004218578 0.267101258039474 0.269577004015446 0.277607247233391 0.279507011175156 0.339449241757393 0.38051475584507 0.375904485583305 0.375531747937202 0.38876773416996 0.386161521077156 0.425988748669624 0.480853512883186 0.5157810151577 0.543120011687279 0.532320007681847 0.518999978899956 0.539963230490685 0.543173253536224 0.561355501413345 0.655719771981239 0.763268262147903 0.823247998952866 0.778119742870331 0.767927259206772 0.815512508153915 0.973849475383759 1.05247646570206 1.01716348528862 1.05720001459122 1.00352177023888 0.954444766044617 1.007458537817 1.0989982187748 1.2070064842701 1.22010228037834 1.13609620928764 1.08293026685715 1.07159176468849 1.01625001430511 1.00327724218369 0.995452523231506 0.98055374622345 0.991689741611481 0.959777981042862 0.933638960123062 1.31496226787567 1.62585818767548 1.74489748477936 1.55255627632141 1.72088402509689 2.29859322309494 2.63319003582001 2.75161278247833 3.57934963703156 3.72765362262726 2.08827886877269 -9999 -9999 -9999 -9999 -9999
0.253872759640217 0.267503991723061 0.291673488914967 0.297021009027958 0.30876300483942 0.373526997864246 0.405675753951073 0.411377236247063 0.396078005433083 0.429098233580589 0.481359735131264 0.510231748223305 0.601537495851517 0.611726984381676 0.603393003344536 0.60242173075676 0.58841398358345 0.545739769935608 0.566705256700516 0.778065741062164 0.796440750360489 0.812561988830566 0.900909036397934 0.940991967916489 0.940180510282516 1.233392983675 1.33517923951149 1.16224721074104 1.16566202044487 1.19712746143341 1.38083249330521 1.55664378404617 1.54666578769684 1.87425005435944 2.04686772823334 1.83078593015671 1.46654775738716 1.50223499536514 1.23747226595879 1.04311349987984 0.99142724275589 0.963474780321121 0.955111473798752 0.892497718334198 0.903156727552414 1.05442053079605 1.41632321476936 1.73532968759537 1.7656769156456 2.65399271249771 3.08858692646027 3.85678517818451 3.86736309528351 2.99631341355188 1.84294175710834 -9999 -9999 -9999 -9999 -9999 -9999 -9999
0.274443000555038 0.278811760246754 0.301819503307343 0.301757991313934 0.320465996861458 0.405930742621422 0.442279502749443 0.470667734742165 0.495722249150276 0.561600744724274 0.598852515220642 0.678711757063866 0.692923486232758 0.705256506800652 0.707672998309135 0.712007984519005 0.68631300330162 0.613588482141495 0.633981004357338 0.757511258125305 0.790326029062271 0.852720737457275 0.980615258216858 1.00840499997139 1.00021800398827 1.0959555208683 1.46097600460052 1.51545006036758 4.12318195402622 -9999 -9999 -9999 -9999 -9999 -9999 3.14426672458649 1.68108379840851 1.56949943304062 1.25889828801155 1.11285075545311 1.02986472845078 0.954365283250809 0.989960253238678 1.08872097730637 1.22279700636864 1.40607672929764 2.3662086725235 2.40262341499329 2.18899208307266 3.39766430854797 3.64506447315216 4.4232029914856 3.56439757347107 1.9762424826622 1.97624230384827 -9999 -9999 -9999 -9999 -9999 -9999 -9999
0.288718499243259 0.306997507810593 0.302574008703232 0.317595742642879 0.32414174079895 0.348126009106636 0.415863007307053 0.474715501070023 0.546299234032631 0.664427250623703 0.671817004680634 0.737942263484001 0.787479758262634 0.826795488595963 0.815517783164978 0.767991006374359 0.675092250108719 0.691657483577728 0.757858514785767 0.896360993385315 0.909177750349045 0.799104005098343 0.781459540128708 0.920576959848404 1.02900525927544 1.09474503993988 1.5652282834053 1.72677969932556 1.82583671808243 -9999 -9999 -9999 -9999 -9999 -9999 -9999 5.45716667175293 2.59558725357056 1.43345698714256 1.14254853129387 1.19005054235458 1.18483945727348 1.12651947140694 1.35372671484947 1.33845296502113 1.48396879434586 2.64799350500107 3.65542423725128 4.47055649757385 5.32073700428009 6.70566773414612 8.98382091522217 -9999 -9999 -9999 -9999 -9999 -9999 -9999 -9999 -9999 -9999
0.289256259799004 0.299589760601521 0.305562749505043 0.309296250343323 0.328449010848999 0.369834758341312 0.571257010102272 0.549951732158661 0.556137755513191 0.575558245182037 0.608311504125595 0.675257250666618 0.692305505275726 0.760433971881866 0.749707505106926 0.828925520181656 0.758661031723022 0.7889204621315 0.937700271606445 1.05550277233124 0.699060361076902 0.905549257993698 0.623535007238388 0.873845994472504 0.994374722242355 1.09554228186607 1.36590448021889 1.54256933927536 1.96494072675705 -9999 -9999 -9999 -9999 -9999 -9999 -9999 7.15535616874695 8.42552089691162 11.9640884399414 4.68100118637085 4.23197758197784 2.98182892799377 2.68796700239182 3.07547557353973 3.02759099006653 3.00573742389679 3.43131744861603 3.85772931575775 6.77177023887634 9.78214359283447 9.00950503349304 8.72965693473816 5.25231671333313 -9999 -9999 -9999 -9999 -9999 -9999 -9999 -9999 -9999
0.311195991933346 0.340375497937202 0.324606008827686 0.428074479103088 0.44107648730278 0.511523231863976 0.54364424943924 0.563349768519402 0.578339248895645 0.558239981532097 0.597108006477356 0.627049505710602 0.627397522330284 0.673572018742561 0.725687250494957 0.7746262550354 0.691811263561249 0.760041743516922 0.809618264436722 0.824636220932007 0.794493019580841 0.738556489348412 0.645338997244835 0.886133998632431 1.11366677284241 1.23269400000572 1.38214722275734 1.48856770992279 1.6409729719162 1.97394669055939 -9999 -9999 -9999 -9999 -9999 -9999 -9999 34.2062478916986 9.51624083518982 2.84176951646805 12.1587610244751 9.72583723068237 8.55262541770935 4.7103796005249 4.98035037517548 6.24127149581909 8.01516437530518 9.93041753768921 12.3680591583252 21.1866030693054 16.1346144676208 6.29517030715942 3.04617652866278 -9999 -9999 -9999 -9999 -9999 -9999 -9999 -9999 -9999
0.392261266708374 0.416913762688637 0.399718478322029 0.495893999934196 0.535285502672195 0.601115986704826 0.590518489480019 0.551858246326447 0.562959730625153 0.602971494197845 0.595009490847588 0.600597739219666 0.595127999782562 0.636489763855934 0.711040511727333 0.720163509249687 0.692565008997917 0.691010981798172 0.65877977013588 0.651991501450539 0.698688000440598 0.704962491989136 0.882842212915421 1.05222076177597 1.36499923467636 1.44114151597023 1.50476628541946 1.68493419885635 1.89192295074463 2.0261362195015 -9999 -9999 -9999 -9999 -9999 -9999 -9999 -9999 -9999 -9999 -9999 -9999 -9999 -9999 -9999 -9999 3.65490746498108 15.1269149780273 27.0082168579102 13.1525173187256 -9999 -9999 -9999 -9999 -9999 -9999 -9999 -9999 -9999 -9999 -9999 -9999
0.439986750483513 0.455266490578651 0.480706483125687 0.501321762800217 0.575001731514931 0.579271495342255 0.547978520393372 0.537605255842209 0.535753503441811 0.550869002938271 0.573533982038498 0.580117508769035 0.581112742424011 0.595082983374596 0.625358238816261 0.701973751187325 0.734022751450539 0.71236427128315 0.700165495276451 0.630747735500336 0.685361981391907 0.698588266968727 0.840195715427399 1.45050470034281 -9999 -9999 -9999 1.84284299612045 1.92738229036331 2.05133843421936 2.06103891134262 -9999 -9999 -9999 -9999 -9999 -9999 -9999 -9999 -9999 -9999 -9999 -9999 -9999 -9999 -9999 -9999 -9999 -9999 -9999 -9999 -9999 -9999 -9999 -9999 -9999 -9999 -9999 -9999 -9999 -9999 -9999
0.433281004428864 0.457874983549118 0.480391502380371 0.521545484662056 0.554927989840508 0.55613024532795 0.551274016499519 0.528591737151146 0.520538985729218 0.530361011624336 0.531624019145966 0.579061478376389 0.609902232885361 0.639860987663269 0.723299235105515 0.747724503278732 0.807272225618362 0.709125772118568 0.682371765375137 0.694034233689308 0.635903254151344 0.680408254265785 0.751692742109299 0.909836232662201 1.16855174303055 1.28355896472931 1.55345857143402 1.70143193006516 1.89280432462692 1.93844693899155 2.23031169176102 2.5136671559564 -9999 -9999 -9999 -9999 -9999 -9999 -9999 -9999 -9999 -9999 -9999 -9999 -9999 -9999 -9999 -9999 -9999 -9999 -9999 -9999 -9999 -9999 -9999 -9999 -9999 -9999 -9999 -9999 -9999 -9999
0.472928255796432 0.46662600338459 0.480982482433319 0.491973012685776 0.543988510966301 0.555725991725922 0.532337263226509 0.550490230321884 0.546790480613708 0.580267488956451 0.60444076359272 0.69182176887989 0.72486300766468 0.753415524959564 0.845089495182037 0.882414758205414 0.9738689661026 0.902193009853363 0.818401515483856 0.742075502872467 0.69955350458622 0.874385207891464 0.978311955928802 1.10345846414566 1.3933544754982 1.56529122591019 1.74840152263641 1.68998032808304 1.8926557302475 2.18861782550812 3.62002336978912 3.19077900739817 -9999 -9999 -9999 -9999 -9999 -9999 -9999 -9999 -9999 -9999 -9999 -9999 -9999 -9999 -9999 -9999 -9999 -9999 -9999 -9999 -9999 -9999 -9999 -9999 -9999 -9999 -9999 -9999 -9999 -9999
0.481764748692513 0.493566736578941 0.50822326540947 0.539003983139992 0.539737477898598 0.549007505178452 0.577979251742363 0.600136488676071 0.714693769812584 0.667209729552269 0.715287744998932 0.869891971349716 1.23910877108574 1.34960326552391 1.27632746100426 1.2152017056942 1.14145651459694 1.05134546756744 0.970353752374649 0.837905287742615 0.74108250439167 1.01289904117584 1.24860602617264 1.42523771524429 1.83446252346039 2.15698045492172 1.82548052072525 1.97105330228806 1.87082397937775 2.14875376224518 5.66167044639587 -9999 -9999 -9999 -9999 -9999 -9999 -9999 -9999 -9999 -9999 -9999 -9999 -9999 -9999 -9999 -9999 -9999 -9999 -9999 -9999 -9999 -9999 -9999 -9999 -9999 -9999 -9999 -9999 -9999 -9999 -9999
