EcologicalScience/Bass/data/rs_data_bass/chl_161.asc
NCOLS 226 
NROWS 124 
XLLCORNER -9.41648524995501 
YLLCORNER 47.587301625531 
CELLSIZE 0.0833 
NODATA_value -9999 
[rows 54 to 80 of 124, columns 124 to 185 of 226]
1.7094851732254 1.71395069360733 1.48151135444641 1.21021910011768 0.644619762897491 0.759250491857529 0.70788149535656 1.09285721182823 0.88873279094696 0.709931239485741 0.61702273786068 0.524574011564255 0.766032010316849 0.732452630996704 0.669969365000725 0.727271273732185 0.663169138133526 0.920577764511108 0.746218487620354 0.831645727157593 0.925404042005539 1.03192421793938 1.16526371240616 1.45385625958443 1.55462926626205 1.61165392398834 1.6287562251091 1.66377747058868 1.67774176597595 1.59465229511261 1.59916341304779 1.71972066164017 1.55973601341248 1.44501453638077 1.31375554203987 1.2290880382061 1.18385624885559 1.20423898100853 1.47627228498459 1.56910568475723 1.47504150867462 1.01414962112904 1.05291152000427 1.10051026940346 1.20398023724556 1.67799979448318 2.56149369478226 5.74417412281036 6.53533315658569 5.83288192749023 4.68854546546936 6.57004183530807 9.27686277457646 8.36290740966797 9.39314389228821 8.51551666259765 6.17732763290405 10.031195640564 10.0699984293718 10.5359576665438 6.68705963487385 7.60048493889512
2.00678738951683 1.48977148532867 1.55554389953613 1.48365671932697 1.0944307744503 0.743733018636703 0.652924507856369 1.11884102225304 1.19234097003937 0.752329498529434 0.766413778066635 0.581119492650032 0.916085243225098 0.836207628250122 0.832070611417294 0.809518128633499 0.711002983152866 1.00572976469994 1.04489403963089 1.09566977620125 1.11025947332382 1.10201177000999 1.2742882668972 1.28996846079826 1.35887253284454 1.29438748955727 1.26004949212074 1.22122353315353 1.27879947423935 1.27209296822548 1.22499373555183 1.12938746809959 1.01616302132607 1.07863873243332 1.09037777781487 1.14772197604179 1.29416477680206 1.49844753742218 1.44186750054359 1.35644853115082 1.10944497585297 0.988633543252945 0.881444245576859 1.22236803174019 2.30085450410843 4.26857757568359 5.11579191684723 3.87723442912102 10.1861071586609 5.90572214126587 5.93897838592529 9.00493996483939 7.73911476135254 9.89906001091003 9.4483482497079 13.1450575590134 10.5720698833466 -9999 -9999 -9999 -9999 -9999
1.87365938723087 1.80457086861134 2.15076874941587 0.946023792028427 0.788006991147995 0.971260517835617 0.759171724319458 0.742272019386292 1.08300974965096 1.36918875575066 1.08983588218689 0.993909001350403 1.02946798503399 1.21837873756886 1.14247012138367 0.846985146403313 0.759795740246773 1.14283499121666 1.08497554063797 1.08570000529289 1.12263375520706 1.06954121589661 1.14154279232025 1.15982696413994 1.14732670783997 1.10826149582863 1.11161774396896 1.07780402898788 1.04547375440598 1.06440827250481 1.04984101653099 0.997815012931824 0.93426302075386 0.883424252271652 0.862714469432831 0.89970526099205 1.00192120671272 1.18044903874397 0.956753253936768 0.847105532884598 0.912461221218109 0.978135734796524 0.880575031042099 1.44962775707245 2.58323854207993 3.86670291423798 9.86617255210876 7.00151574611664 6.61102846690587 6.01517653465271 6.58910942077637 6.49649572372437 8.8474326133728 10.8183816562999 -9999 -9999 -9999 -9999 -9999 -9999 -9999 -9999
1.70300589501858 2.01898312568665 1.89184561371803 1.6973542124033 1.83928497880697 1.57715530693531 1.44258378446102 1.50849258899689 1.52265568077564 1.45399090647697 1.20843824744225 1.24648721516132 1.11661313474178 1.07645666599274 0.916706264019012 0.588577508926392 0.608068495988846 0.783790871500969 0.950951278209686 0.922709226608276 1.06524378061295 1.10063025355339 1.36347824335098 1.21094253659248 1.22846549749374 1.12519571185112 1.0069665312767 0.91829851269722 0.931590020656586 0.972871541976929 0.899105250835419 0.953453958034515 0.889261543750763 0.757119029760361 0.697201520204544 0.681510731577873 0.746285989880562 0.774390757083893 0.886859983205795 0.953721016645432 0.845972210168839 0.872543960809708 1.48311902582645 2.36330214142799 3.39940059185028 3.59358930587769 4.65445272624493 7.08750483530377 8.57750844955444 7.28495693206787 7.12176918983459 6.30733752250671 12.786094379425 -9999 -9999 -9999 -9999 -9999 -9999 -9999 -9999 -9999
5.35377073287964 3.64657468455178 3.15659406781197 3.4079951941967 2.95224004983902 2.94431135058403 2.22481879591942 2.02978044748306 1.65298613905907 1.51435983181 1.40201282501221 1.09274737536907 0.932627230882645 0.965509101748466 0.964035764336586 0.769878029823303 0.843143999576569 0.922457993030548 0.966289490461349 0.88261878490448 0.828983277082443 1.17253348231316 1.30193853378296 1.30666127800941 1.2019034922123 1.08911848068237 0.89566496014595 0.908616006374359 0.945862501859665 1.01369252800941 0.981200963258743 0.936781525611877 0.81838122010231 0.69634348154068 0.718948513269424 0.813053280115128 0.964143007993698 1.0541707277298 1.08963453769684 1.02626171708107 0.802822530269623 1.29077473282814 1.96939167380333 3.54270905256271 7.13657999038696 5.55827164649963 8.95294408237233 9.64958119392395 10.4097189903259 7.28659272193909 7.20912981033325 8.21653139591217 30.3293542300954 -9999 -9999 -9999 -9999 -9999 -9999 -9999 -9999 -9999
-9999 13.678820848465 4.40876948833466 3.89009365439415 3.7586629986763 4.22609835863113 3.40568795800209 3.18925791978836 2.48233902454376 2.04963639378548 1.87931437790394 1.36298695206642 1.23984190821648 1.2148994654417 1.10511074960232 0.996611639857292 0.905202716588974 1.2343462407589 1.40716052055359 1.36352777481079 0.852278977632523 1.04424074292183 1.0742355287075 1.09848895668983 1.05232724547386 1.08836245536804 1.12683901190758 1.084068775177 1.13625445961952 1.16576170921326 1.15351125597954 1.12705278396606 1.06343328952789 1.07269495725632 1.27001702785492 1.51623147726059 1.48634245991707 1.39054048061371 1.23937645554543 0.961215019226074 1.10832148790359 1.36456274986267 1.71941095590591 5.03832507133484 7.87411844730377 -9999 9.96107186589922 7.98155915737152 7.12254363298416 8.49155580997467 29.4558889865875 57.791544342041 57.257670879364 56.4115631417052 -9999 -9999 -9999 -9999 -9999 -9999 -9999 -9999
-9999 -9999 -9999 -9999 -9999 2.28387522697449 3.35635476452964 3.79915881156921 2.29140252726419 2.65124341845512 2.18543055653572 1.73646372556686 1.74526610970497 1.63533447682858 1.50361315906048 1.14956322312355 1.44165448844433 1.25859224796295 1.26213750243187 1.2968512326479 1.20359471440315 1.35848173499107 1.16178148984909 0.987356275320053 1.0948274731636 1.17155921459198 1.31653198599815 1.3926397562027 1.50069898366928 1.5973402261734 1.78749006986618 1.76713943481445 1.5716392993927 1.7254530787468 1.93891417980194 1.7322261929512 1.42111122608185 1.02710178494453 0.868976265192032 0.830074489116669 1.36007326841354 1.75399875640869 1.9256511926651 4.68925559520721 8.11615240573883 24.6368183904481 -9999 -9999 -9999 -9999 44.2635406325845 62.7294216156006 59.8113069534302 27.7947574468759 -9999 -9999 -9999 -9999 -9999 -9999 -9999 -9999
-9999 -9999 -9999 -9999 -9999 -9999 -9999 -9999 5.27562099695206 3.12075238568442 1.79558211565018 1.8821227401495 1.82868035137653 2.16666935384274 1.99205772578716 1.30999195575714 1.46350201964378 0.846216022968292 0.911560535430908 1.15382552146912 1.16861853003502 0.995944529771805 1.08450973033905 1.14171820878983 1.20136946439743 1.78604775667191 1.57020896673203 1.66589391231537 2.20848906040192 2.48855316638947 2.59985250234604 2.55277794599533 2.43602174520493 2.44513356685638 1.80554705858231 1.46969702839851 1.12442323565483 0.89299276471138 0.890037775039673 1.27819427847862 1.97897028923035 2.94591379165649 2.88141757249832 4.02680933475494 4.72793249730711 29.0682649612427 -9999 -9999 -9999 -9999 17.548882484436 66.4778683812995 53.6440801620483 62.8089694976807 52.1232991218567 19.9264760812124 -9999 -9999 -9999 -9999 -9999 -9999
-9999 -9999 -9999 -9999 -9999 -9999 -9999 -9999 -9999 -9999 3.7437978386879 2.63786780834198 3.15067157149315 3.48061439394951 3.00372320413589 1.30578598380089 1.23733046650887 1.03774577379227 1.19746725261211 1.53681716322899 1.10609623789787 1.00181025266647 1.35986253619194 1.80184507369995 2.09049904346466 2.35355776548386 2.41451543569565 2.77057582139969 2.80364781618118 2.73017549514771 2.58137476444244 2.27866119146347 1.92011547088623 1.80817866325378 1.29939821362495 1.09217020869255 0.992542505264282 1.00110599398613 1.2718680202961 1.80965781211853 2.79020404815674 3.7023628950119 3.52332293987274 4.11352872848511 15.1991068020608 -9999 -9999 -9999 -9999 -9999 -9999 -9999 10.3037034011469 38.3173356056213 40.233113008387 52.9333362579346 10.8786277770996 -9999 -9999 -9999 -9999 -9999
-9999 -9999 -9999 -9999 -9999 -9999 -9999 -9999 -9999 4.3704868555069 5.63732879161835 3.29245501756668 3.23066210746765 3.38729989528656 2.81059628725052 1.34915328025818 1.13447552919388 1.09330120682716 0.985442966222763 1.63832214474678 1.25780475139618 1.39713674783707 1.78618276119232 2.19715279340744 2.09603333473206 2.06948018074036 2.79966151714325 3.03897964954376 3.00470995903015 1.93870568275452 1.56940430402756 1.20890548825264 0.986761540174484 1.09420126676559 1.14303973317146 1.17203548550606 1.20116624236107 1.37739595770836 2.19278848171234 2.61687076091766 3.85072267055511 4.60338664054871 5.16456305980682 3.92095291614532 28.0826654225877 33.0447750091553 -9999 -9999 -9999 24.2502193450928 19.4233314990997 16.2609384059906 10.1559154987335 14.5652732849121 62.7798042297363 31.1606495505885 11.9523905477216 -9999 -9999 -9999 -9999 -9999
-9999 -9999 -9999 -9999 -9999 -9999 -9999 -9999 -9999 -9999 5.17623431682587 3.67508393526077 2.97929507493973 2.78473770618439 1.41862571239471 1.38181945681572 1.28253373503685 1.26465448737144 1.17526271939278 1.728983938694 3.75824171304703 2.08623147010803 1.99689441919327 2.04891675710678 1.70666027069092 2.12672030925751 2.97011250257492 2.94226133823395 1.99623602628708 1.59948295354843 1.15688923001289 0.926384210586548 0.867074221372604 0.926909208297729 1.03796249628067 1.18464222550392 1.4582339823246 1.79087018966675 2.93497949838638 4.00733399391174 4.00382101535797 3.87016797065735 4.76520359516144 9.64382338523865 9.36290122004389 -9999 -9999 -9999 -9999 -9999 22.3030738830566 19.8678770065308 29.4131381511688 10.5342997312546 22.3863409587315 -9999 -9999 -9999 -9999 -9999 -9999 -9999
-9999 -9999 -9999 -9999 -9999 -9999 -9999 -9999 -9999 3.67937564849854 3.60741186141968 2.33126440644264 2.51617425680161 2.52519196271896 1.31315320730209 1.34332045912743 1.11702302098274 1.23528224229813 1.23588976264 1.44396749138832 1.72507882118225 1.75401896238327 1.51831501722336 1.58051633834839 1.65721946954727 1.89541643857956 2.5927500128746 3.31864500045776 1.45910775661469 1.32618150115013 1.07440200448036 1.05151274800301 1.01252245903015 0.929439783096313 0.973467707633972 1.1243639588356 1.33687350153923 1.79787451028824 2.36617416143417 3.446129322052 3.84341490268707 4.03625392913818 6.19930758476257 6.05917551679519 3.86466658115387 -9999 -9999 -9999 -9999 -9999 13.357040303094 13.8534628694708 12.1717646338723 -9999 -9999 -9999 -9999 -9999 -9999 -9999 -9999 -9999
-9999 -9999 -9999 -9999 -9999 -9999 -9999 -9999 -9999 3.15900933742523 2.84932947158813 2.43010324239731 2.08636975288391 1.58537024259567 1.32605025172234 1.26939529180527 0.947550773620605 0.958336472511292 1.30746978521347 1.41420829296112 1.41398549079895 1.31212574243546 1.33770221471786 1.84939277172089 1.84325551986694 2.02992904186249 2.25541269779205 1.11212700605392 0.884467542171478 0.917204976081848 0.908540278673172 0.980939269065857 1.0288605093956 1.16396248340607 1.35658648610115 1.51044219732285 2.12436443567276 3.06706273555756 3.78638792037964 3.86468088626862 3.60865187644958 3.96134769916534 5.13295269012451 11.9666370072411 3.86466693878174 -9999 -9999 -9999 -9999 12.1949715614319 -9999 -9999 -9999 -9999 -9999 -9999 -9999 -9999 -9999 -9999 -9999 -9999
-9999 -9999 -9999 -9999 -9999 -9999 -9999 -9999 -9999 3.07801265716553 2.88384455442429 2.77907830476761 2.18003135919571 1.19144028425217 1.18752899765968 1.14657148718834 0.931771516799927 0.929840236902237 1.24810722470284 1.13431504368782 0.946099519729614 1.02234148979187 1.23314246535301 1.89476466178894 2.06765466928482 2.07507741451263 1.8821616768837 1.45281377434731 1.33161002397537 1.40304896235466 1.46660998463631 1.50026249885559 1.8924577832222 1.819300532341 2.03297406435013 2.39229226112366 3.0130866765976 3.70906269550323 4.21260738372803 4.35307717323303 3.90925419330597 3.80663537979126 3.33567132166962 -9999 -9999 -9999 -9999 -9999 -9999 -9999 -9999 -9999 -9999 -9999 -9999 -9999 -9999 -9999 -9999 -9999 -9999 -9999
-9999 -9999 -9999 -9999 -9999 -9999 -9999 -9999 -9999 3.49301445484161 3.17170643806458 3.03342354297638 2.30628222227097 1.12185671925545 1.02405300736427 0.970569044351578 0.985953748226166 0.884912967681885 0.989247769117355 0.864255040884018 0.821744978427887 0.889287024736404 1.09705352783203 1.28216099739075 1.55339473485947 1.71990752220154 1.60543870925903 1.50600153207779 1.58141630887985 1.81058621406555 2.16750454902649 2.62008368968964 2.32706773281097 2.57062804698944 2.56835782527924 2.6593154668808 3.90249288082123 3.92067539691925 4.05654215812683 4.07087552547455 4.11560475826263 8.46651154756546 6.08688775458968 -9999 -9999 -9999 -9999 -9999 -9999 -9999 -9999 -9999 -9999 -9999 -9999 -9999 -9999 -9999 -9999 -9999 -9999 -9999
-9999 -9999 -9999 -9999 -9999 -9999 -9999 3.28386068344116 4.69553355987255 3.50736951828003 2.97598648071289 2.6083682179451 2.71575576066971 1.1177062690258 1.22625374794006 1.22627323865891 0.88249272108078 0.854235738515854 0.748981520533562 0.855367541313171 0.901490271091461 0.98486253619194 1.20826801657677 1.56403720378876 1.86720979213715 1.63566380739212 1.29548326134682 1.52968883514404 1.88003093004227 2.15843242406845 2.87572342157364 3.65840685367584 2.99496817588806 2.7542849779129 2.79121953248978 3.1952258348465 3.36431908607483 3.68837034702301 3.88298714160919 4.03986990451813 9.58136677973479 5.69786846637726 3.25656187534332 -9999 -9999 -9999 -9999 -9999 -9999 -9999 -9999 -9999 -9999 -9999 -9999 -9999 -9999 -9999 -9999 -9999 -9999 -9999
-9999 -9999 -9999 -9999 -9999 -9999 3.18557713248513 4.84961795806885 4.60428071022034 2.88723304867744 3.18354296684265 2.57272976636887 2.8053389787674 1.29254248738289 1.25301378965378 0.825865477323532 0.833112716674805 0.849933743476868 0.909454464912415 1.00467002391815 1.12400096654892 1.40448153018951 1.94521880149841 2.00893270969391 2.12735617160797 0.934486538171768 0.886169224977493 0.938921213150024 1.36540049314499 1.84639120101929 2.70088881254196 3.43368208408356 2.4581812620163 2.893823325634 3.54223716259003 4.80865716934204 4.13465559482574 3.79803514480591 3.77236497402191 -9999 -9999 -9999 -9999 -9999 -9999 -9999 -9999 -9999 -9999 -9999 -9999 -9999 -9999 -9999 -9999 -9999 -9999 -9999 -9999 -9999 -9999 -9999
-9999 -9999 -9999 -9999 3.57240581512451 5.73833978176117 4.6251256942749 4.03440594673157 3.20887446403503 2.89766693115234 2.75518083572388 2.31272479891777 2.8033173084259 1.79952371120453 1.62990528345108 1.38563624024391 0.822410970926285 0.637419730424881 0.784045457839966 0.902714967727661 1.18315199017525 1.42138946056366 2.13555300235748 2.17959380149841 1.1402362883091 0.972448468208313 1.01985302567482 1.30596452951431 1.8574515581131 2.29683816432953 3.01073634624481 3.45321071147919 3.71333384513855 3.74626564979553 3.53230512142181 3.45922708511353 4.29729831218719 5.00334012508392 -9999 -9999 -9999 -9999 -9999 -9999 -9999 -9999 -9999 -9999 -9999 -9999 -9999 -9999 -9999 -9999 -9999 -9999 -9999 -9999 -9999 -9999 -9999 -9999
-9999 -9999 -9999 -9999 4.22596163749695 4.55010530948639 3.88221251964569 3.6627231836319 2.54921212792397 2.15515387058258 1.93527567386627 2.11976060271263 1.90831357240677 1.72710156440735 1.52106142044067 1.38027074933052 1.09233748912811 0.979338705539703 0.995665490627289 1.04094225168228 1.09896147251129 1.49911648035049 2.18015027046204 2.25192368030548 2.39992117881775 3.87545835971832 1.77875554561615 2.29935371875763 4.49404048919678 4.49631142616272 5.42678475379944 5.38322639465332 4.95669293403625 4.12313103675842 3.51242852210999 3.76419138908386 4.96982556581497 -9999 -9999 -9999 -9999 -9999 -9999 -9999 -9999 -9999 -9999 -9999 -9999 -9999 -9999 -9999 -9999 -9999 -9999 -9999 -9999 -9999 -9999 -9999 -9999 -9999
-9999 17.8386670757272 3.15640726414594 4.82089274270194 3.92429615557194 3.32831871509552 3.08183106780052 3.47671842575073 3.02439832687378 2.54361701011658 2.35137003660202 2.45536780357361 2.07241201400757 1.88445371389389 1.74737477302551 1.51955991983414 0.9806227684021 0.797572463750839 0.846185982227325 0.88407826423645 0.953081220388412 1.44560927152634 1.84214401245117 2.19344919919968 2.47582644224167 4.13138687610626 6.08765244483948 5.92262935638428 4.08618235588074 5.65527212619781 5.54327166080475 4.66847491264343 3.66221988201141 3.54856359958649 3.76091694831848 4.017622590065 -9999 -9999 -9999 -9999 -9999 -9999 -9999 -9999 -9999 -9999 -9999 -9999 -9999 -9999 -9999 -9999 -9999 -9999 -9999 -9999 -9999 -9999 -9999 -9999 -9999 -9999
4.29616223848783 5.01004811525345 4.64759005308151 3.30320513248444 2.83599406480789 1.50956171751022 3.13038003444672 3.61660766601562 3.1231632232666 2.00576591491699 1.76829749345779 1.84336245059967 1.56003673374653 1.19325412809849 1.06814061105251 1.29495200514793 0.769042521715164 0.90826204419136 0.965024292469025 1.07734796404839 1.86068844795227 2.57838982343674 3.03179562091827 3.38993382453918 6.05899930000305 15.3581457138062 13.0715861320496 4.761834025383 4.55922067165375 3.78993308544159 3.44992804527283 3.93497693538666 3.88795709609985 -9999 -9999 -9999 -9999 -9999 -9999 -9999 -9999 -9999 -9999 -9999 -9999 -9999 -9999 -9999 -9999 -9999 -9999 -9999 -9999 -9999 -9999 -9999 -9999 -9999 -9999 -9999 -9999 -9999
4.35790508443659 4.34512284669009 3.3149193406105 1.97875642776489 1.6845577955246 1.69478702545166 3.20731800794601 2.90727680921555 2.80739450454712 1.89054045081139 1.49451971054077 1.20356476306915 0.79897803068161 0.830624967813492 1.11163535714149 1.32822860777378 0.755577027797699 0.955621540546417 1.05579149723053 1.44052729010582 2.76750594377518 3.30892860889435 3.92049443721771 8.74580383300781 9.84226584434509 6.43510007858276 4.15808987617493 3.45084285736084 3.02106392383575 3.18838262557983 3.69196808338165 3.85978960990906 4.34557950496674 15.3933155160201 14.0820955753326 4.48872798861879 -9999 -9999 -9999 -9999 -9999 -9999 -9999 -9999 -9999 -9999 -9999 -9999 -9999 -9999 -9999 -9999 -9999 -9999 -9999 -9999 -9999 -9999 -9999 -9999 -9999 -9999
3.33377507328987 2.99766182899475 3.08977308869362 2.27069020271301 2.16652196645737 3.12931716442108 2.92225247621536 2.54569914937019 2.15950021147728 1.73380842804909 1.4793307185173 1.15439254045486 1.03085473179817 1.05340951681137 1.119140625 1.23216488957405 0.765489757061005 0.953081220388412 1.21226477622986 1.17936077713966 2.55274128913879 3.2250988483429 5.29388988018036 3.08418309688568 3.50471234321594 3.63081085681915 3.22249209880829 2.94799947738647 4.53161689639091 4.59267947673798 7.46162377039591 -9999 -9999 -9999 -9999 -9999 -9999 -9999 -9999 -9999 -9999 -9999 -9999 -9999 -9999 -9999 -9999 -9999 -9999 -9999 -9999 -9999 -9999 -9999 -9999 -9999 -9999 -9999 -9999 -9999 -9999 -9999
4.29433873721531 4.06716620922089 4.61372065544128 2.26753574609756 3.56916743516922 3.89965349435806 3.12897831201553 2.7533058822155 2.46900299191475 1.62948077917099 1.44401621818542 1.24802850186825 1.13395911455154 1.10460484027863 1.19838787615299 1.33261048793793 0.981310486793518 0.952658236026764 1.07657924294472 2.23481547832489 3.31904232501984 3.30923116207123 3.31202244758606 3.34430336952209 2.85684603452682 2.62844252586365 2.65147054195404 2.68871033191681 4.74634923934937 6.15017485618591 5.55494964122772 10.8925220668316 -9999 -9999 -9999 -9999 -9999 -9999 9.16756084783753 12.6942715644836 -9999 -9999 -9999 -9999 -9999 -9999 -9999 -9999 -9999 -9999 -9999 -9999 -9999 -9999 -9999 -9999 -9999 -9999 -9999 -9999 -9999 -9999
5.54797101020813 15.5633829832077 9.62018883228302 6.21438760757446 5.15865272283554 5.15205821820668 4.02109503746033 2.84697675704956 2.78427743911743 2.14196401834488 1.55931003391743 1.17358763515949 1.08417038619518 1.1845897436142 1.3828702121973 1.44584999978542 1.4509244710207 1.09578529000282 2.1798734664917 3.57999908924103 4.0213258266449 4.19402861595154 4.28161203861237 3.32834458351135 3.79092121124268 5.01953238248825 5.08582508563995 4.68382363659995 4.73675179481506 9.41873398694125 6.90452735717983 3.42093944549561 -9999 -9999 -9999 -9999 -9999 -9999 -9999 -9999 -9999 -9999 -9999 -9999 -9999 -9999 -9999 -9999 -9999 -9999 -9999 -9999 -9999 -9999 -9999 -9999 -9999 -9999 -9999 -9999 -9999 -9999
-9999 -9999 -9999 -9999 -9999 3.70396395733482 4.24446898698807 3.69515705108643 2.58751022815704 1.44553390145302 1.29246751964092 1.40599298477173 1.19046150147915 0.966059267520905 0.836385726928711 1.67109829187393 1.80448767542839 1.4201902449131 2.10298955440521 4.15629315376282 3.96671175956726 2.89373117685318 3.14398324489593 3.77758634090424 5.27334314584732 7.50869536399841 -9999 -9999 -9999 -9999 -9999 -9999 -9999 -9999 -9999 -9999 -9999 -9999 -9999 -9999 -9999 -9999 -9999 -9999 -9999 -9999 -9999 -9999 -9999 -9999 -9999 -9999 -9999 -9999 -9999 -9999 -9999 -9999 -9999 -9999 -9999 -9999
-9999 -9999 -9999 -9999 -9999 -9999 3.5760413646698 2.34817948937416 1.41895763576031 1.26573224365711 1.24517552554607 1.22376564145088 1.25533497333527 0.894596993923187 0.862422734498978 2.3785038292408 1.8736919760704 2.02928924560547 1.98945146799088 3.42693474888802 3.48488757014275 4.73645367622376 4.91765993833542 3.18912478362288 -9999 -9999 -9999 -9999 -9999 -9999 -9999 -9999 -9999 -9999 -9999 -9999 -9999 -9999 -9999 -9999 -9999 -9999 -9999 -9999 -9999 -9999 -9999 -9999 -9999 -9999 -9999 -9999 -9999 -9999 -9999 -9999 -9999 -9999 -9999 -9999 -9999 -9999
