EcologicalScience/Bass/data/rs_data_bass/chl_539.asc
NCOLS 226 
NROWS 124 
XLLCORNER -9.41648524995501 
YLLCORNER 47.587301625531 
CELLSIZE 0.0833 
NODATA_value -9999 
[rows 81 to 107 of 124, columns 62 to 123 of 226]
3.85158455371857 5.97498106956482 7.6620512008667 7.66205191612244 -9999 -9999 -9999 -9999 -9999 -9999 -9999 -9999 -9999 -9999 -9999 -9999 -9999 -9999 -9999 -9999 -9999 -9999 -9999 -9999 -9999 -9999 -9999 -9999 -9999 -9999 -9999 -9999 -9999 -9999 -9999 -9999 -9999 -9999 -9999 -9999 -9999 -9999 -9999 -9999 -9999 -9999 -9999 -9999 -9999 -9999 -9999 -9999 -9999 -9999 -9999 -9999 -9999 -9999 -9999 -9999 -9999 -9999
2.73846298456192 -9999 -9999 -9999 -9999 -9999 -9999 -9999 -9999 -9999 -9999 -9999 -9999 -9999 -9999 -9999 -9999 -9999 -9999 -9999 -9999 -9999 -9999 -9999 -9999 -9999 -9999 -9999 -9999 -9999 -9999 -9999 -9999 -9999 -9999 -9999 -9999 -9999 -9999 -9999 -9999 -9999 -9999 -9999 -9999 -9999 -9999 -9999 -9999 -9999 -9999 -9999 -9999 -9999 -9999 -9999 -9999 -9999 -9999 -9999 -9999 -9999
-9999 -9999 -9999 -9999 -9999 -9999 -9999 -9999 -9999 -9999 -9999 -9999 -9999 -9999 -9999 -9999 -9999 -9999 -9999 -9999 -9999 -9999 -9999 -9999 -9999 -9999 -9999 -9999 -9999 -9999 -9999 -9999 -9999 -9999 -9999 -9999 -9999 -9999 -9999 -9999 -9999 -9999 -9999 -9999 -9999 -9999 -9999 -9999 -9999 -9999 -9999 -9999 -9999 -9999 -9999 -9999 -9999 -9999 -9999 -9999 -9999 -9999
-9999 -9999 -9999 -9999 -9999 -9999 -9999 -9999 -9999 -9999 -9999 -9999 -9999 -9999 -9999 -9999 -9999 -9999 -9999 -9999 -9999 -9999 -9999 -9999 -9999 -9999 -9999 -9999 -9999 -9999 -9999 -9999 -9999 -9999 -9999 -9999 -9999 -9999 -9999 -9999 -9999 -9999 -9999 -9999 -9999 -9999 -9999 -9999 -9999 -9999 -9999 -9999 -9999 -9999 -9999 -9999 -9999 4.3104590177536 2.5172438621521 2.40319472551346 2.2087088227272 1.84630340337753
-9999 -9999 -9999 -9999 -9999 -9999 -9999 -9999 -9999 -9999 -9999 -9999 -9999 -9999 -9999 -9999 -9999 -9999 -9999 -9999 -9999 -9999 -9999 -9999 -9999 -9999 -9999 -9999 -9999 -9999 -9999 -9999 -9999 -9999 -9999 -9999 37.1749906539917 2.35879647731781 2.39520943164825 2.41481047868729 -9999 -9999 1.56323665380478 1.50102514028549 1.67621129751205 1.9412482380867 1.80549645423889 2.11430597305298 1.85265934467316 1.93187838792801 1.9024892449379 2.07189497351646 -9999 -9999 3.05594229698181 3.00410592556 2.99819433689117 2.79509085416794 2.17737418413162 1.70126366615295 1.37876200675964 1.02960535883904
-9999 -9999 -9999 -9999 -9999 -9999 -9999 -9999 -9999 -9999 -9999 -9999 -9999 1.42828658223152 1.38188651204109 1.28924122452736 1.69459596276283 1.85514754056931 1.12509450316429 -9999 -9999 -9999 -9999 -9999 -9999 -9999 -9999 -9999 2.02791917324066 2.05366730690002 2.24202543497086 2.43816876411438 2.62774729728699 3.66949796676636 -9999 -9999 -9999 2.28596234321594 2.27149325609207 2.1372007727623 2.02146863937378 2.17478227615356 1.99133241176605 1.77615201473236 1.76750653982162 1.81253206729889 1.7080385684967 1.65594005584717 1.63364106416702 1.69473177194595 1.73191076517105 1.77881437540054 1.9102395772934 2.13884925842285 2.23462861776352 2.17850911617279 2.03262001276016 1.43610933423042 0.979114204645157 0.767949610948563 0.680019333958626 0.652024492621422
-9999 -9999 -9999 -9999 -9999 -9999 -9999 -9999 -9999 -9999 1.96881294250488 2.06799334287643 1.99368560314178 1.45206892490387 1.20355412364006 1.0671274960041 1.24403205513954 1.4874641597271 1.39877092838287 1.37805551290512 1.41035968065262 1.41579077392817 1.45761050283909 1.12319827079773 1.1231983602047 1.81423786282539 -9999 2.28027087450027 1.93160927295685 1.91884821653366 1.88874685764313 1.91940593719482 1.99285304546356 1.9685389995575 1.97460812330246 -9999 3.42116321325302 2.66687822341919 2.50579243898392 2.21780222654343 2.22733104228973 2.26437145471573 1.9825331568718 1.81153410673141 1.6388053894043 1.62289220094681 1.52972853183746 1.33541375398636 1.18556070327759 1.14405173063278 1.0747986137867 1.10966402292252 1.11523005366325 1.20340570807457 1.24872162938118 1.14895507693291 0.984662085771561 0.816350430250168 0.74016098678112 0.728977113962173 0.685849025845528 0.676798716187477
-9999 -9999 -9999 -9999 -9999 -9999 -9999 -9999 2.8524706363678 2.72388106584549 2.08661645650864 1.54200088977814 1.36712720990181 1.39073011279106 1.18854470551014 1.17904132604599 1.29440465569496 1.44683736562729 1.39133003354073 1.16055598855019 1.10885810852051 1.08204039931297 1.24553543329239 1.43949222564697 1.30861330032349 1.29332926869392 1.50762283802032 1.57630866765976 1.67254990339279 1.74223923683167 1.77327793836594 1.805972635746 1.85637456178665 2.03597545623779 2.23066538572311 2.49159461259842 2.62751770019531 2.59242939949036 2.38819563388824 2.14402467012405 2.15989708900452 2.02232390642166 1.83744478225708 1.66770565509796 1.41441616415977 1.12291502952576 0.982691019773483 0.819207787513733 0.715297266840935 0.646471202373505 0.645616337656975 0.691267937421799 0.753814458847046 0.759054601192474 0.805111527442932 0.802020817995071 0.784346401691437 0.797759592533112 0.811141937971115 0.810952484607697 0.760669559240341 0.699112415313721
-9999 -9999 -9999 -9999 -9999 -9999 -9999 -9999 -9999 2.72805565595627 1.76781302690506 1.3474043905735 1.20128864049911 1.08376684784889 0.741414427757263 0.820561945438385 0.803258746862411 0.711396977305412 1.07442381978035 1.03228041529655 0.783936828374863 1.19193309545517 1.24125149846077 1.27424561977386 1.24586614966393 1.23832699656487 1.31635192036629 1.40131303668022 1.54258418083191 1.67953187227249 1.7852189540863 1.84763199090958 1.77719700336456 1.78335571289062 1.92729109525681 2.04664009809494 2.10016787052155 2.06885361671448 2.01803112030029 1.8838484287262 1.6597512960434 1.73022168874741 1.58124446868896 1.30132725834846 1.05971977114677 0.912058979272842 0.809314906597137 0.69889622926712 0.656980723142624 0.680571332573891 0.73027078807354 0.758032858371735 0.751037746667862 0.771556556224823 0.797711312770844 0.84921070933342 0.862736374139786 0.889714568853378 0.920652061700821 0.905620247125626 0.870918542146683 0.835523575544357
-9999 -9999 -9999 -9999 -9999 -9999 -9999 -9999 -9999 1.05342677235603 1.03235945105553 0.947004765272141 0.866644889116287 0.852789223194122 0.737731352448463 0.709824353456497 0.742944046854973 0.764953225851059 0.770421892404556 0.878189921379089 0.977155029773712 1.01313051581383 0.914564162492752 1.06954523921013 1.1807489991188 1.23303070664406 1.32199877500534 1.39400607347488 1.44115054607391 1.46203771233559 1.53871643543243 1.57575398683548 1.62699365615845 1.71754431724548 1.809983253479 1.91999620199203 1.98072159290314 1.97523540258408 2.0059409737587 1.85211986303329 1.5569840669632 1.23665177822113 0.905565083026886 0.819763541221619 0.825780808925629 0.841015666723251 0.823155105113983 0.747112646698952 0.716053247451782 0.741178974509239 0.768961697816849 0.760892003774643 0.756351917982101 0.776442736387253 0.843786478042603 0.904417723417282 0.963579207658768 0.997854262590408 1.00623196363449 0.988422900438309 0.930719375610352 0.941024780273438
2.07735103368759 1.81610298156738 1.83530813455582 2.34688764810562 2.85852617025375 -9999 -9999 1.0740612745285 1.11377075314522 1.08164101839066 1.01611545681953 0.985113143920898 0.937326461076736 0.857621133327484 0.812041461467743 0.94909679889679 0.902463018894196 0.838727027177811 0.745936542749405 0.729279398918152 0.740550309419632 0.817460775375366 0.866293251514435 0.849772363901138 0.982292979955673 1.08676341176033 1.10674175620079 1.08065968751907 1.07107749581337 1.05227959156036 1.05552479624748 1.06162628531456 1.06831884384155 1.14251071214676 1.19723787903786 1.1529333293438 1.14176201820374 1.15660420060158 1.13074216246605 1.03810921311378 0.89916980266571 0.868259221315384 0.861419945955276 0.839516222476959 0.83802205324173 0.777872711420059 0.752279877662659 0.76767110824585 0.781495660543442 0.787509351968765 0.782560765743256 0.756814330816269 0.760831296443939 0.804323315620422 0.86594232916832 0.897397398948669 0.93964210152626 0.981235295534134 0.950028240680695 0.841490060091019 0.816517621278763 0.871978372335434
1.95223313570023 2.0139257311821 1.82219249010086 1.85095828771591 1.56585216522217 1.42178696393967 1.3936422765255 1.27328225970268 1.10458838939667 1.07055214047432 1.06888148188591 0.99179595708847 0.907103776931763 0.919224947690964 0.94187468290329 0.836010932922363 0.782262593507767 0.761425405740738 0.749266281723976 0.727073952555656 0.720654308795929 0.757213979959488 0.840260714292526 0.796594440937042 0.799766689538956 0.801715135574341 0.8375304043293 0.903782308101654 0.931800663471222 0.920432299375534 0.925218969583511 0.930177211761475 0.952946841716766 0.968911170959473 0.985294371843338 0.982140630483627 0.978487640619278 0.954857379198074 0.930682361125946 0.9264777302742 0.912742674350739 0.894033640623093 0.87197157740593 0.887396425008774 0.85762944817543 0.812637090682983 0.791206330060959 0.786205172538757 0.786763787269592 0.781452566385269 0.780977010726929 0.783746838569641 0.78312224149704 0.793504625558853 0.844363868236542 0.897227346897125 0.918259799480438 0.903233617544174 0.862337440252304 0.817640215158463 0.813090652227402 0.864797115325928
2.61547690629959 1.87317806482315 1.46091529726982 1.3349823653698 1.21844020485878 1.18727910518646 1.15889963507652 1.11418971419334 1.17370909452438 1.1056686937809 0.971611350774765 0.950018227100372 0.988866448402405 1.02222901582718 0.945605725049973 0.845164060592651 0.788284242153168 0.71658781170845 0.659751802682877 0.66274206340313 0.732561618089676 0.767266005277634 0.771031200885773 0.793615132570267 0.799921274185181 0.821029454469681 0.837699919939041 0.848090082406998 0.863099992275238 0.873852163553238 0.846631586551666 0.841273337602615 0.839994728565216 0.830804854631424 0.830008417367935 0.839098423719406 0.839680105447769 0.854504585266113 0.87137845158577 0.882251679897308 0.889422476291656 0.877624243497849 0.865535080432892 0.85246467590332 0.84529647231102 0.842026233673096 0.84022182226181 0.83355975151062 0.818839609622955 0.805219978094101 0.832660585641861 0.852894365787506 0.856155216693878 0.88509213924408 0.909633636474609 0.929032891988754 0.902743130922318 0.873424798250198 0.871830582618713 0.892745733261108 0.932910650968552 0.995963573455811
3.54414367675781 1.74455201625824 1.24440175294876 1.23745062947273 1.54043537378311 1.42548027634621 1.23688235878944 1.16616716980934 1.25155627727509 1.14921927452087 1.06912073493004 1.01869690418243 1.00989773869514 0.986344188451767 0.958174914121628 0.976766645908356 0.842866659164429 0.740247622132301 0.663401305675507 0.672162294387817 0.728268384933472 0.774808287620544 0.807637542486191 0.810296773910522 0.80595526099205 0.803003668785095 0.815292030572891 0.834400445222855 0.826143264770508 0.836912870407104 0.855044603347778 0.867463767528534 0.886423230171204 0.894278526306152 0.88088446855545 0.885116279125214 0.891620546579361 0.878774553537369 0.884738713502884 0.881434410810471 0.86983734369278 0.871360212564468 0.869082570075989 0.888257682323456 0.888731271028519 0.898523300886154 0.890350341796875 0.85572749376297 0.840753883123398 0.856194823980331 0.873310446739197 0.901943117380142 0.890978515148163 0.900887668132782 0.987067580223083 1.02045652270317 0.975944012403488 0.947312593460083 0.968075484037399 1.0437490940094 1.10124000906944 1.135158598423
3.42629420757294 2.37735736370087 1.88052213191986 1.78284573554993 1.89718759059906 1.55976730585098 1.19628873467445 1.07066738605499 0.996775299310684 1.01482424139977 1.0466136932373 0.973484873771667 0.897709608078003 0.887879401445389 0.888171315193176 0.89952564239502 0.831366509199142 0.740696847438812 0.748715177178383 0.825291931629181 0.721676588058472 0.707049429416656 0.710054531693459 0.732327729463577 0.757305085659027 0.76422706246376 0.76516118645668 0.802308350801468 0.854514688253403 0.855693697929382 0.857943892478943 0.856521517038345 0.873380541801453 0.898294419050217 0.921013087034225 0.941275745630264 0.927322447299957 0.937267899513245 0.934896737337112 0.940715789794922 0.954922556877136 0.951704174280167 0.93747353553772 0.93716686964035 0.945919901132584 0.956473410129547 0.945080190896988 0.860082864761353 0.796904593706131 0.883607894182205 0.926689982414246 0.909095764160156 0.839076787233353 0.798259824514389 0.798313021659851 0.917800337076187 1.06271213293076 1.17779955267906 1.28517517447472 1.41441956162453 1.6287260055542 1.76954555511475
2.58361011743546 1.93148392438889 2.51137501001358 2.10303068161011 2.07012248039246 1.73257970809937 1.54926949739456 1.31869035959244 0.952773660421371 0.795784413814545 0.769594788551331 0.675766244530678 0.655041173100471 0.709624171257019 0.74928867816925 0.742748469114304 0.739568084478378 0.734834387898445 0.72244481742382 0.689466565847397 0.622086256742477 0.593040257692337 0.596737235784531 0.621707528829575 0.602767109870911 0.675966292619705 0.757495254278183 0.890680342912674 1.01075372099876 1.09171226620674 1.04945290088654 0.987149029970169 0.923300921916962 0.936645984649658 0.96241557598114 0.98534944653511 1.01482835412025 1.00918981432915 1.00387904047966 1.02107959985733 1.04304867982864 1.04860836267471 1.03001073002815 1.04327648878098 1.03441295027733 1.00978741049767 0.977121323347092 0.908991783857346 0.859897702932358 0.936960339546204 0.981689482927322 0.832847356796265 0.786948323249817 0.831513226032257 0.925761133432388 1.17576867341995 1.40652742981911 1.72529733181 1.97020161151886 2.09178668260574 2.23733067512512 2.29005700349808
2.6151487827301 1.66435611248016 2.21310871839523 2.53901499509811 2.39133954048157 2.13876664638519 1.75885266065598 1.39630106091499 1.05686420202255 0.865108877420425 0.861068218946457 0.798575162887573 0.719592958688736 0.613164782524109 0.580553233623505 0.561399847269058 0.548495426774025 0.567756235599518 0.588887259364128 0.681761965155602 0.79998305439949 0.825049728155136 0.757215946912766 0.787581324577332 0.768838226795197 0.751083701848984 0.917920768260956 1.17162349820137 1.3443355858326 1.33318081498146 1.24737015366554 1.14054089784622 1.06978780031204 1.11835134029388 1.29161033034325 1.35545808076859 1.33810865879059 1.30420732498169 1.24223300814629 1.14877769351006 1.11753639578819 1.16860181093216 1.17552620172501 1.1639267206192 1.13193261623383 1.05851027369499 1.00652915239334 0.99158638715744 0.943452805280685 1.09916853904724 1.31747782230377 1.14975669980049 0.969533622264862 1.09335869550705 1.30874580144882 1.52075833082199 1.63363283872604 -9999 -9999 -9999 -9999 -9999
2.24772638082504 1.8297210931778 1.96599894762039 1.79211634397507 1.70193672180176 1.50072920322418 1.22635915875435 1.02522388100624 0.906917542219162 0.83369305729866 0.897323459386826 0.838182002305984 0.76782363653183 0.738657027482986 0.707754492759705 0.654037624597549 0.62484835088253 0.797640189528465 0.756472259759903 0.810412913560867 0.828642278909683 0.751615852117538 0.750283062458038 0.776103973388672 0.811256021261215 0.941558003425598 1.16895478963852 1.30628764629364 1.46056053042412 1.32428795099258 1.2574003636837 1.33675870299339 1.40779280662537 1.59428840875626 1.76583176851273 1.7500975728035 1.6699874997139 1.55521434545517 1.37083286046982 1.33381310105324 1.18285989761353 1.17214742302895 1.1870576441288 1.27914798259735 1.33760190010071 1.04312512278557 1.03223410248756 1.02379462122917 1.0553782582283 1.17393833398819 1.37205156683922 1.1327865421772 1.1277374625206 1.12514492869377 2.88174211978912 -9999 -9999 -9999 -9999 -9999 -9999 -9999
2.13532626628876 2.07920336723328 1.73461210727692 1.5956055521965 1.48613360524178 1.38064625859261 1.0355249941349 0.798899263143539 0.847183227539062 0.903436660766602 0.941466897726059 0.855819582939148 0.853717803955078 0.863405674695969 0.852473527193069 0.703655183315277 0.605669394135475 0.60847382247448 0.656632348895073 0.787133038043976 0.884735494852066 0.80939993262291 0.785320043563843 0.775670528411865 0.797607243061066 0.913586050271988 1.11684402823448 1.29850164055824 1.36810407042503 -9999 -9999 -9999 -9999 -9999 -9999 3.14426672458649 1.81781888008118 1.82332295179367 1.6201474070549 1.3871231675148 1.25756746530533 1.13771197199821 1.07297909259796 1.17312213778496 1.09164959192276 1.04884251952171 1.10707658529282 1.17980620265007 1.35126882791519 1.61183613538742 1.74266266822815 1.3556290268898 1.13200235366821 1.9762424826622 1.97624230384827 -9999 -9999 -9999 -9999 -9999 -9999 -9999
2.17343205213547 1.83290952444077 1.51136326789856 1.46872141957283 1.2310211956501 0.991959035396576 0.95577684044838 0.825993865728378 0.788386702537537 0.84680637717247 0.892494410276413 0.875374138355255 0.889349430799484 0.913734912872314 0.845866441726685 0.708895325660706 0.624108642339706 0.608633369207382 0.646695256233215 0.754942864179611 0.915024608373642 0.92696025967598 0.798023790121078 0.833136141300201 0.850335717201233 0.973569720983505 1.17680051922798 1.35621124505997 1.47951373457909 -9999 -9999 -9999 -9999 -9999 -9999 2.52196580171585 3.37761425971985 2.64005291461945 1.80757534503937 1.47737368941307 1.42766082286835 1.38620674610138 1.14576709270477 1.18869522213936 1.18117582798004 1.29306328296661 1.40222463011742 1.75346767902374 2.1301943063736 2.04631358385086 1.8966897726059 1.93446779251099 -9999 -9999 -9999 -9999 -9999 -9999 -9999 -9999 -9999 -9999
3.27368974685669 2.64209175109863 1.69201683998108 1.02381679415703 0.891206234693527 0.807519972324371 0.764456480741501 0.706754922866821 0.676794111728668 0.761588305234909 0.885415256023407 0.97974881529808 0.965452641248703 0.896949112415314 0.82854089140892 0.754548043012619 0.728791236877441 0.694282114505768 0.780731678009033 1.1798507720232 0.869393993978915 1.08808788657188 0.766568720340729 0.854970127344131 0.937214523553848 1.05306807160378 1.2397617995739 1.43592292070389 1.81916409730911 -9999 -9999 -9999 -9999 -9999 -9999 -9999 17.1424298286438 12.3506355285645 12.5493049621582 6.24973583221436 3.17685806751251 2.60330325365067 2.37314021587372 2.13649731874466 1.70035099983215 1.58774667978287 1.72149020433426 1.78484433889389 1.66903442144394 1.97758001089096 2.17947417497635 2.39127320051193 3.61382252519781 -9999 -9999 -9999 -9999 -9999 -9999 -9999 -9999 -9999
2.74737453460693 1.59124052524567 1.09489765763283 0.868730217218399 0.755140900611877 0.684542566537857 0.685294970870018 0.673818245530128 0.654003113508224 0.70304748415947 0.780403643846512 0.857325196266174 0.857981085777283 0.845369517803192 0.813713818788528 0.818035662174225 0.758472830057144 0.633062079548836 0.648436591029167 0.715776354074478 0.706530421972275 0.657230392098427 0.651852831244469 0.806552320718765 1.14111837744713 1.32053035497665 1.5271782875061 1.70391422510147 2.15425890684128 3.38089513778687 -9999 -9999 -9999 -9999 -9999 -9999 -9999 5.85902917385101 5.74208897352219 7.98643398284912 6.55996584892273 5.74255871772766 4.9831280708313 4.35098683834076 3.24526655673981 2.40640479326248 2.48336452245712 2.01745963096619 1.91555017232895 2.27902883291245 2.64835739135742 2.43776947259903 2.38058978319168 -9999 -9999 -9999 -9999 -9999 -9999 -9999 -9999 -9999
1.3423256278038 1.06321951746941 0.755698889493942 0.646242678165436 0.606413662433624 0.615531787276268 0.685880988836288 0.668119445443153 0.654046162962914 0.652910560369492 0.644592985510826 0.724401578307152 0.826465934514999 0.823715329170227 0.816448867321014 0.813375055789948 0.816831260919571 0.690062284469604 0.655282661318779 0.650679230690002 0.650686696171761 0.70978219807148 0.764524787664413 0.926270931959152 1.27851015329361 1.56757897138596 1.64778596162796 1.80755281448364 2.20360636711121 2.40982747077942 2.49738478660583 -9999 -9999 -9999 -9999 -9999 -9999 -9999 -9999 -9999 -9999 -9999 -9999 -9999 -9999 -9999 3.65490746498108 3.27547931671143 4.90485835075378 3.02205777168274 5.14267247915268 -9999 -9999 -9999 -9999 -9999 -9999 -9999 -9999 -9999 -9999 -9999
0.620898529887199 0.645173415541649 0.659777998924255 0.595331847667694 0.540850684046745 0.649866610765457 0.925395369529724 0.937875598669052 0.870512813329697 0.776201069355011 0.760657578706741 0.80236753821373 0.78131639957428 0.737892776727676 0.728147506713867 0.739392533898354 0.760773718357086 0.728385865688324 0.685485765337944 0.688640087842941 0.699528068304062 0.743693545460701 0.875753581523895 1.01339471340179 1.53864133358002 -9999 1.28267401456833 1.43035662174225 1.56643062829971 2.04215830564499 2.76841986179352 2.46676683425903 -9999 -9999 -9999 -9999 -9999 -9999 -9999 -9999 -9999 -9999 -9999 -9999 -9999 -9999 -9999 -9999 -9999 -9999 -9999 -9999 -9999 -9999 -9999 -9999 -9999 -9999 -9999 -9999 -9999 -9999
0.55274909734726 0.520622357726097 0.515325888991356 0.5115577429533 0.692949280142784 0.948787361383438 1.16564923524857 1.03128451108932 0.892729640007019 0.845089226961136 0.807141244411469 0.743796452879906 0.756668418645859 0.76310259103775 0.780996054410934 0.788893908262253 0.818133741617203 0.824932605028152 0.800756335258484 0.754291713237762 0.759772181510925 0.792537152767181 0.860001415014267 0.974916994571686 1.13639625906944 1.30504435300827 1.28584903478622 1.23166465759277 1.54952055215836 1.87000662088394 2.07255810499191 2.04894661903381 -9999 -9999 -9999 -9999 -9999 -9999 -9999 -9999 -9999 -9999 -9999 -9999 -9999 -9999 -9999 -9999 -9999 -9999 -9999 -9999 -9999 -9999 -9999 -9999 -9999 -9999 -9999 -9999 -9999 -9999
0.529954925179482 0.524877101182938 0.549996837973595 0.55957156419754 0.541591286659241 0.582228764891624 0.939390510320663 1.37620264291763 1.05242022871971 0.939310222864151 0.716597780585289 0.846449106931686 0.818582743406296 0.848340958356857 0.947901338338852 1.02770751714706 1.11613038182259 1.05382364988327 0.938169032335281 0.765421986579895 0.732405155897141 0.779254853725433 0.864564657211304 0.960701912641525 1.1095352768898 1.19764557480812 1.1947368979454 1.27216359972954 1.53986817598343 1.74352580308914 2.23118537664413 2.64999854564667 -9999 -9999 -9999 -9999 -9999 -9999 -9999 -9999 -9999 -9999 -9999 -9999 -9999 -9999 -9999 -9999 -9999 -9999 -9999 -9999 -9999 -9999 -9999 -9999 -9999 -9999 -9999 -9999 -9999 -9999
0.544683158397675 0.520168393850327 0.560433134436607 0.6354840695858 0.62434221804142 0.567470625042915 0.887812882661819 0.590166449546814 0.643283039331436 0.660760670900345 0.658476322889328 0.912085086107254 1.01771074533463 1.14520007371902 1.08258506655693 1.21999445557594 1.14181324839592 1.05799546837807 0.95045131444931 0.838096261024475 0.801669001579285 0.800000935792923 0.938395321369171 1.1023254096508 1.31576398015022 1.70234924554825 1.35125890374184 1.19820910692215 1.48984569311142 1.73258846998215 3.08916521072388 4.65547835826874 -9999 -9999 -9999 -9999 -9999 -9999 -9999 -9999 -9999 -9999 -9999 -9999 -9999 -9999 -9999 -9999 -9999 -9999 -9999 -9999 -9999 -9999 -9999 -9999 -9999 -9999 -9999 -9999 -9999 -9999
