EcologicalScience/Bass/data/rs_data_bass/chl_144.asc
NCOLS 226 
NROWS 124 
XLLCORNER -9.41648524995501 
YLLCORNER 47.587301625531 
CELLSIZE 0.0833 
NODATA_value -9999 
[rows 0 to 26 of 124, columns 62 to 123 of 226]
-9999 -9999 -9999 -9999 -9999 -9999 -9999 -9999 -9999 -9999 -9999 -9999 -9999 -9999 -9999 -9999 -9999 -9999 -9999 -9999 -9999 -9999 -9999 -9999 -9999 -9999 -9999 -9999 -9999 -9999 -9999 -9999 -9999 -9999 -9999 -9999 -9999 -9999 -9999 -9999 -9999 -9999 -9999 -9999 -9999 -9999 -9999 -9999 -9999 -9999 -9999 -9999 -9999 -9999 -9999 -9999 -9999 -9999 -9999 -9999 -9999 -9999
-9999 -9999 -9999 -9999 -9999 -9999 -9999 -9999 -9999 -9999 -9999 -9999 -9999 -9999 -9999 -9999 -9999 -9999 -9999 -9999 -9999 -9999 -9999 -9999 -9999 -9999 -9999 -9999 -9999 -9999 -9999 -9999 -9999 -9999 -9999 -9999 -9999 -9999 -9999 -9999 -9999 -9999 -9999 -9999 -9999 -9999 -9999 -9999 -9999 -9999 -9999 -9999 -9999 -9999 -9999 -9999 -9999 -9999 -9999 -9999 -9999 -9999
-9999 -9999 -9999 -9999 -9999 -9999 -9999 -9999 -9999 -9999 -9999 -9999 -9999 -9999 -9999 -9999 -9999 -9999 -9999 -9999 -9999 -9999 -9999 -9999 -9999 -9999 -9999 -9999 -9999 -9999 -9999 -9999 -9999 -9999 -9999 -9999 -9999 -9999 -9999 -9999 -9999 -9999 -9999 -9999 -9999 -9999 -9999 -9999 -9999 -9999 -9999 -9999 -9999 -9999 -9999 -9999 -9999 -9999 -9999 -9999 -9999 -9999
-9999 -9999 -9999 -9999 -9999 -9999 -9999 -9999 -9999 -9999 -9999 -9999 -9999 -9999 -9999 -9999 -9999 -9999 -9999 -9999 -9999 -9999 -9999 -9999 -9999 -9999 -9999 -9999 -9999 -9999 -9999 -9999 -9999 -9999 -9999 -9999 -9999 -9999 -9999 -9999 -9999 -9999 -9999 -9999 -9999 -9999 -9999 -9999 -9999 -9999 -9999 -9999 -9999 -9999 -9999 -9999 -9999 -9999 -9999 -9999 -9999 -9999
-9999 -9999 -9999 -9999 -9999 -9999 -9999 -9999 -9999 -9999 -9999 -9999 -9999 -9999 -9999 -9999 -9999 -9999 -9999 -9999 -9999 -9999 -9999 -9999 -9999 -9999 -9999 -9999 -9999 -9999 -9999 -9999 -9999 -9999 -9999 -9999 -9999 -9999 -9999 -9999 -9999 -9999 -9999 -9999 -9999 -9999 -9999 -9999 -9999 -9999 -9999 -9999 -9999 -9999 -9999 -9999 -9999 -9999 -9999 -9999 -9999 -9999
-9999 -9999 -9999 -9999 -9999 -9999 -9999 -9999 -9999 -9999 -9999 -9999 -9999 -9999 -9999 -9999 -9999 -9999 -9999 -9999 -9999 -9999 -9999 -9999 -9999 -9999 -9999 -9999 0.63735419511795 0.799835495705152 2.15175372362137 1.25748074054718 1.1944665312767 1.04125946760178 0.936645716428757 0.776471257209778 0.788071542978287 0.756357729434967 0.755834251642227 0.74175900220871 0.748560011386871 0.747435003519058 0.71679975092411 0.672714740037918 0.650065496563911 0.657792001962662 0.675586491823196 0.681143268942833 0.685019239783287 0.703090488910675 0.683196768164635 0.674473509192467 0.656509503722191 0.641930267214775 0.651429757475853 0.646527752280235 0.644466742873192 0.627811521291733 0.600796490907669 0.629622772336006 0.582708746194839 0.587821483612061
-9999 -9999 -9999 -9999 -9999 -9999 -9999 -9999 -9999 -9999 -9999 -9999 -9999 -9999 -9999 -9999 -9999 -9999 -9999 -9999 -9999 -9999 -9999 -9999 -9999 -9999 1.18186515569687 1.0627324283123 2.26726877689362 2.13719916343689 2.12866795063019 1.99634993076324 1.8688155412674 1.37265595793724 0.974080502986908 0.801624029874802 0.806680530309677 0.79636350274086 0.797384977340698 0.813480734825134 0.793006539344788 0.790108501911163 0.755369961261749 0.715212017297745 0.689505770802498 0.684160485863686 0.691494762897491 0.692979007959366 0.68453174829483 0.722777992486954 0.719066262245178 0.699851229786873 0.652319982647896 0.615989997982979 0.60767774283886 0.600650981068611 0.605784729123116 0.6001957654953 0.600231751799583 0.556321486830711 0.549681767821312 0.541513502597809
-9999 -9999 -9999 -9999 -9999 -9999 -9999 -9999 -9999 -9999 -9999 -9999 -9999 -9999 -9999 -9999 -9999 -9999 -9999 -9999 -9999 -9999 -9999 -9999 -9999 -9999 1.18186515569687 2.38783657550812 2.28558826446533 1.93615579605103 1.75696867704391 1.34795773029327 1.07484975457191 0.924001514911652 0.866700768470764 0.830193758010864 0.827209532260895 0.786846041679382 0.750819772481918 0.735451519489288 0.7331722676754 0.716130003333092 0.692820757627487 0.681268483400345 0.681614980101585 0.673355251550674 0.692626520991325 0.682850986719131 0.678521990776062 0.663519009947777 0.657692268490791 0.643863022327423 0.621571496129036 0.582910493016243 0.585598513484001 0.582395240664482 0.567909747362137 0.546191990375519 0.537584245204926 0.533799737691879 0.551522254943848 0.580188006162643
-9999 -9999 -9999 -9999 -9999 -9999 -9999 -9999 -9999 -9999 -9999 -9999 -9999 -9999 -9999 -9999 -9999 -9999 -9999 -9999 -9999 -9999 -9999 -9999 -9999 -9999 2.51655757427216 3.11097371578217 3.26020109653473 2.17879647016525 1.58991158008575 1.28677350282669 1.1768527328968 0.904400289058685 0.883286207914352 0.85979551076889 0.849128276109695 0.819501757621765 0.778509020805359 0.718904256820679 0.696981757879257 0.686981990933418 0.699280500411987 0.681397497653961 0.661045521497726 0.634821742773056 0.6132682710886 0.637901231646538 0.626668497920036 0.613302022218704 0.610350742936134 0.609937503933907 0.587538734078407 0.590529754757881 0.583779752254486 0.559155732393265 0.563984245061874 0.534458264708519 0.530826732516289 0.559223234653473 0.625056758522987 0.632182493805885
-9999 -9999 -9999 -9999 -9999 -9999 -9999 -9999 -9999 -9999 -9999 -9999 -9999 -9999 -9999 -9999 -9999 -9999 -9999 -9999 -9999 -9999 -9999 -9999 -9999 1.19121462106705 3.53612458705902 2.83763319253922 2.29512745141983 1.89252376556396 1.61885404586792 1.49835151433945 1.26748725771904 0.983202785253525 0.912456750869751 0.961008757352829 0.908137500286102 0.848775744438171 0.781594544649124 0.739810511469841 0.693933740258217 0.674565017223358 0.668610021471977 0.651453763246536 0.643991231918335 0.61522351205349 0.604695752263069 0.597524240612984 0.584735244512558 0.590715005993843 0.591982483863831 0.581103757023811 0.581490755081177 0.584795996546745 0.566595733165741 0.556341737508774 0.549933761358261 0.578746497631073 0.599400758743286 0.618823483586311 0.498628417650859 0.50972122947375
-9999 -9999 -9999 -9999 -9999 -9999 -9999 -9999 -9999 -9999 -9999 -9999 -9999 -9999 -9999 -9999 -9999 -9999 -9999 -9999 -9999 -9999 -9999 -9999 -9999 2.06927472352982 2.22631645202637 1.90243202447891 1.5623407959938 1.34415221214294 1.32143774628639 1.33349552750587 1.34321701526642 1.25939548015594 0.908640772104263 0.941737532615662 0.88654500246048 0.815946042537689 0.749678269028664 0.720255732536316 0.697416007518768 0.684728980064392 0.674525231122971 0.664223983883858 0.635865747928619 0.593507990241051 0.591104999184608 0.578021228313446 0.582026258111 0.571593761444092 0.565985977649689 0.562024489045143 0.556371733546257 0.558957740664482 0.560521513223648 0.549976497888565 0.529238238930702 0.693463504314423 0.488466680049896 0.481887012720108 0.482717345158259 0.494272152582804
-9999 -9999 -9999 -9999 -9999 -9999 -9999 -9999 -9999 -9999 -9999 -9999 -9999 -9999 -9999 -9999 -9999 -9999 -9999 -9999 -9999 -9999 -9999 -9999 1.31647038459778 2.07096379995346 1.66247552633286 1.39354276657104 1.29339525103569 1.25333851575851 1.16701501607895 1.10604304075241 1.02254623174667 0.972027719020844 0.927755266427994 0.87157353758812 0.831681758165359 0.770734459161758 0.708359241485596 0.713183999061584 0.723959237337112 0.70820626616478 0.701438248157501 0.666449993848801 0.660584270954132 0.634477481245995 0.615155249834061 0.587739005684853 0.570830270648003 0.560453251004219 0.555657014250755 0.551794499158859 0.546121492981911 0.572527483105659 0.569992482662201 0.5546984821558 0.555320262908936 0.488629400730133 0.493102818727493 0.458235482374827 0.464084496100744 0.506846015652021
-9999 -9999 -9999 -9999 -9999 -9999 -9999 -9999 -9999 -9999 -9999 -9999 -9999 -9999 -9999 -9999 -9999 -9999 -9999 -9999 -9999 -9999 -9999 1.50594073534012 2.03638279438019 1.75714266300201 1.41153600811958 1.2591472864151 1.14119097590446 1.02899247407913 1.03914079070091 1.00398597121239 1.03310322761536 0.958739250898361 0.928947776556015 0.852995216846466 0.814136981964111 0.76878297328949 0.75984451174736 0.741407990455627 0.711737260222435 0.675128996372223 0.658156514167786 0.662798255681992 0.643872007727623 0.607124984264374 0.621304482221603 0.600828006863594 0.561152994632721 0.548652738332748 0.544235989451408 0.543194979429245 0.568071752786636 0.575152516365051 0.597258746623993 0.592994431654612 0.554130817453067 0.543687333663305 0.55925648411115 0.508886754512787 0.538406352202098 0.515511408448219
-9999 -9999 -9999 -9999 -9999 -9999 -9999 -9999 -9999 -9999 -9999 -9999 -9999 -9999 -9999 -9999 -9999 -9999 -9999 -9999 -9999 -9999 3.26357316970825 3.0906343460083 2.54725116491318 1.54851830005646 1.27341520786285 1.18864578008652 1.10118448734283 1.10125797986984 1.10250672698021 1.09389147162437 1.04029127955437 0.987929999828339 0.916469246149063 0.80143278837204 0.77983421087265 0.762794226408005 0.740642979741096 0.733139991760254 0.699489757418633 0.658513516187668 0.687545254826546 0.674555271863937 0.661357507109642 0.650746509432793 0.615302994847298 0.567978009581566 0.544694244861603 0.570886507630348 0.555559515953064 0.562643989920616 0.576060757040977 0.692916020750999 0.571977565685908 0.58789749443531 0.558529327313105 0.569136569897334 0.551173170407613 0.501249844829242 0.568817228078842 0.881683498620987
-9999 -9999 -9999 -9999 -9999 -9999 -9999 -9999 -9999 -9999 -9999 -9999 -9999 -9999 -9999 -9999 -9999 -9999 -9999 -9999 2.64602583646774 2.01711819199629 2.98746818304062 2.85124880075455 2.39515346288681 1.80041098594666 1.26913797855377 1.22145974636078 1.18246203660965 1.15885046124458 1.14623925089836 1.12161979079247 1.01264548301697 0.939750015735626 0.871736258268356 0.839849263429642 0.769806772470474 0.721864521503448 0.716271758079529 0.704610764980316 0.710823744535446 0.688380762934685 0.676364243030548 0.665192261338234 0.655619993805885 0.633619487285614 0.591853514313698 0.562932014465332 0.557962507009506 0.56326125562191 0.568413734436035 0.5064547508955 0.558128267526627 0.571313674251239 0.555997513626751 0.553674120652048 0.572429999709129 0.5643210709095 0.545984148979187 0.514376178383827 0.494748001297315 0.533260251084963
-9999 -9999 -9999 -9999 -9999 -9999 -9999 -9999 -9999 -9999 -9999 -9999 -9999 -9999 -9999 -9999 -9999 -9999 -9999 -9999 2.1281078149897 1.85587067689214 2.62978720664978 2.46662771701813 1.86309742927551 1.76012921333313 1.35504600405693 1.18034479022026 1.18265926837921 1.20659771561623 1.18484178185463 1.1314537525177 1.11093378067017 1.03222426772118 0.930942714214325 0.862534493207932 0.766370236873627 0.725369989871979 0.696622520685196 0.676003485918045 0.708113238215446 0.727646246552467 0.709132522344589 0.678312733769417 0.621387764811516 0.609693020582199 0.570911228656769 0.570542246103287 0.585832491517067 0.694161728024483 0.735663771629333 0.531668414672216 0.562686587373416 0.50829915702343 0.544283702185279 0.552318068711381 0.50588118021979 0.564524844288826 0.542998815576235 0.480023736755053 0.448931068181992 0.511517514785131
-9999 -9999 -9999 -9999 -9999 -9999 -9999 -9999 -9999 -9999 -9999 -9999 -9999 -9999 -9999 -9999 -9999 -9999 -9999 3.09019732475281 3.11966013908386 3.09987759590149 2.82169353961945 2.48474854230881 1.69758903980255 1.40497952699661 1.26029026508331 1.19411399960518 1.14543896913528 1.1246879696846 1.09266749024391 1.02188104391098 0.97103476524353 0.937623739242554 0.928319960832596 0.883769989013672 0.74888026714325 0.715300485491753 0.693429753184319 0.727196261286736 0.745060488581657 0.730394259095192 0.69369001686573 0.647194504737854 0.614763021469116 0.589014753699303 0.594452261924744 0.741881266236305 1.26348826289177 0.516999920209249 0.488512992858887 0.585634509722392 0.53815862379576 0.530332594325668 0.524397943364946 0.534382412308141 0.523373012741407 0.542347311973572 0.514816010991732 0.503344764312108 0.498453736305237 0.474854931235313
-9999 -9999 -9999 -9999 -9999 -9999 -9999 -9999 -9999 -9999 -9999 -9999 -9999 -9999 -9999 -9999 -9999 -9999 3.30865287780762 3.14395415782928 3.07455611228943 2.89816725254059 2.71073698997498 2.28961282968521 1.39706701040268 1.25046899914742 1.24455597996712 1.17950847744942 1.2018029987812 1.22456476092339 1.14754047989845 1.06883999705315 0.958825528621674 0.906626254320145 0.903393030166626 0.823699504137039 0.779933273792267 0.76654127240181 0.751439988613129 0.787032723426819 0.768727540969849 0.727423489093781 0.670628249645233 0.647108986973763 0.631962731480598 0.620535761117935 1.03701227903366 0.484223884694716 0.457986900035073 0.530176401138306 0.555356333653132 0.53764416774114 0.56929841140906 0.547993025497386 0.551377307427557 0.550009425533445 0.523674055149681 0.529285982251167 0.504911760489146 0.491673906644185 0.529073928793271 0.516213079293569
-9999 -9999 -9999 -9999 -9999 -9999 -9999 -9999 -9999 -9999 -9999 -9999 -9999 -9999 -9999 -9999 -9999 12.3142478149061 3.39246368408203 3.21424269676208 2.72050881385803 2.24588924646378 2.37673044204712 2.09143495559692 1.66986751556396 1.34415078163147 1.38187426328659 1.39993795752525 1.32931503653526 1.3043594956398 1.23747146129608 1.12979024648666 0.995751768350601 0.929566472768784 0.883577227592468 0.846077978610992 0.815205752849579 0.846848219633102 0.835553258657455 0.829763263463974 0.78079953789711 0.707085728645325 0.689234241843224 0.667301997542381 0.650412753224373 0.732051014900208 0.550484247943934 0.539914398508913 0.506826626027332 0.471610762617167 0.450878685888122 0.427493686185164 0.387818221660221 0.587982020880047 0.580333043085901 0.577613890171051 0.564372205420544 0.555160487952985 0.553836137840622 0.469948373734951 0.475799862952793 0.489765044520883
-9999 -9999 -9999 -9999 -9999 -9999 -9999 -9999 -9999 -9999 -9999 -9999 -9999 -9999 -9999 -9999 -9999 -9999 -9999 1.88024010470039 2.67729073762894 2.08946031332016 1.93524295091629 1.62522518634796 1.65619575977325 1.59516155719757 1.59555155038834 1.60424995422363 1.50360900163651 1.32119625806808 1.21713674068451 1.10113495588303 1.03726270794868 1.03852272033691 0.92059126496315 0.904845714569092 0.996868461370468 0.900983959436417 0.852622479200363 0.85349178314209 0.765536248683929 0.729148507118225 0.748346999287605 0.834782212972641 0.691690519452095 0.652783513069153 0.545924058731864 0.537125747869996 0.548884570598602 0.479195678935331 0.459494751165895 0.468632435097414 0.47084401372601 0.561375846757608 0.586183818824151 0.630499226482291 0.515481986105442 0.548446744680405 0.559593256562948 0.526118136942387 0.567992001771927 0.626074865460396
-9999 -9999 -9999 -9999 -9999 -9999 -9999 -9999 -9999 -9999 -9999 -9999 -9999 -9999 -9999 4.64763387349936 10.1445963970045 5.16068994998932 2.86488908529282 2.62960642576218 2.2624146938324 2.01120901107788 1.68245548009872 1.69986605644226 1.68072366714478 1.65590697526932 1.59723079204559 1.54526925086975 1.47084447741508 1.30331924557686 1.24820020794868 1.15941524505615 1.18212148547173 1.17357829213142 1.11253201961517 1.11082953214645 1.04513248801231 0.985267460346222 0.918492794036865 0.853022217750549 0.816458970308304 0.750917226076126 0.893185655275981 0.724898914496104 0.701308260361354 0.571308024665889 0.548798474318841 0.558047930107397 0.572210327667348 0.583891350556822 0.529071345048792 0.492148981374853 0.507006226217046 0.504044041914098 0.960743218660355 0.328190118512687 0.607184126973152 0.589954137802124 0.576461888849735 0.542633493741353 0.516347765922546 0.568300627171993
-9999 -9999 -9999 -9999 -9999 -9999 -9999 -9999 -9999 -9999 35.2986888885498 35.2986888885498 13.7248649597168 2.07964977196285 3.57092177867889 3.55520403385162 3.33361637592316 3.29441785812378 3.15679407119751 2.85155779123306 2.57230567932129 2.07131767272949 1.74834001064301 1.69934928417206 1.70099401473999 1.60590004920959 1.5638347864151 1.48492428660393 1.41813603043556 1.23567375540733 1.21190777420998 1.23662620782852 1.19361752271652 1.1526697576046 1.11482101678848 1.06544771790504 1.03100252151489 0.976734727621078 0.940250247716904 0.933042794466019 0.929664015769958 0.747746745745341 0.916672607262929 1.88964146375656 1.35120901465416 0.682626754045486 0.687475075324376 0.718629062175751 0.707491338253021 0.582865821088062 0.57422407497378 0.553439942352912 1.42817026376724 3.33988809585571 2.17077004909515 0.582321432583472 0.565694048124201 0.624430246651173 0.69295260310173 0.500679794479819 0.511046024806359 0.499336207614225
-9999 -9999 -9999 -9999 -9999 -9999 -9999 -9999 -9999 -9999 35.2986888885498 5.1490736295437 3.88619327545166 3.18120217323303 3.6261613368988 3.98447692394257 4.19869959354401 16.3893626332283 7.93948310997227 2.36637005209923 3.20157837867737 2.37071692943573 2.07382875680923 1.97834783792496 1.98286718130112 1.97869044542313 1.97164052724838 1.82534927129745 1.58964443206787 1.3496909737587 1.22275346517563 1.16708099842072 1.12627646327019 1.10861250758171 1.09859928488731 1.09998223185539 1.05476027727127 1.02598124742508 0.989176511764526 0.961488783359528 0.965003281831741 0.736092656850815 0.717233906189601 0.728652099768321 0.769638250271479 0.731019924084346 0.72682362093645 0.690135776996613 0.633100379915798 0.623716340345495 5.49407994747162 3.03000676631927 1.94315779209137 2.17376393079758 0.645813246568044 0.633306142161874 0.614739312845118 0.70896964520216 0.729643121361732 0.731383115053177 0.525333252899787 0.466204617829884
-9999 -9999 -9999 -9999 -9999 -9999 -9999 -9999 -9999 -9999 -9999 -9999 14.1846604553553 3.51348674297333 3.80080425739288 3.7352489233017 -9999 -9999 -9999 -9999 -9999 -9999 3.34970927238464 2.90297931432724 2.6169975399971 2.3795970082283 2.14922708272934 2.08369266986847 1.99661403894424 1.6695202589035 1.30037623643875 1.15820324420929 1.14496797323227 1.14208048582077 1.16985377669334 1.07811972498894 1.10476121306419 1.09943023324013 1.0323134958744 0.994094252586365 1.07451528310776 1.14405754208565 0.711378822724024 0.664807059309062 0.728912922389367 0.733192016096676 0.7360598813085 0.720766296281534 0.708693499950802 0.703446015715599 0.676616254974814 0.702676179654458 0.748781482378642 0.655779874500106 0.673825419124435 0.672449414344395 0.696192935985677 0.749575339257717 0.768286615610123 0.799850985407829 0.465603400679196 0.76738765835762
-9999 -9999 -9999 -9999 -9999 -9999 -9999 -9999 -9999 -9999 -9999 -9999 -9999 16.6274771690369 16.6274771690369 16.6274771690369 -9999 -9999 -9999 -9999 -9999 -9999 4.94490551948547 4.94490551948547 4.94490551948547 0.308659605681896 2.07046782186157 1.35346428304911 2.11550241708755 1.98384368419647 1.65058046579361 1.4366572201252 1.43160447478294 1.38336226344109 1.29084822535515 1.09185004234314 1.07249021530151 1.0587637424469 1.03795275092125 1.04952898621559 1.09482452273369 1.23127421736717 0.713806760661742 0.698143886402249 0.74963260047576 0.700344606357462 0.730396197122686 0.738715336603277 0.735655693446889 0.706425679080626 0.716446832698934 0.729763219461722 0.76411834359169 0.850357653463588 0.75617965310812 0.352407279890031 0.341823375318199 0.689198999720461 0.653239617452902 0.644039169830434 0.790512219071388 0.768483340740204
-9999 -9999 -9999 -9999 -9999 -9999 -9999 -9999 -9999 -9999 -9999 -9999 -9999 -9999 -9999 -9999 -9999 -9999 -9999 -9999 -9999 -9999 -9999 -9999 -9999 -9999 2.7993722319603 2.78825855255127 2.79912453889847 2.32492804527283 2.06860202550888 1.7349037528038 1.47896549105644 1.3130407333374 1.17822378873825 1.0776389837265 1.06554222106934 1.00562328100204 0.990612030029297 0.986766010522842 0.816879867576063 0.776275743730366 0.753217466175556 0.787535863764146 0.789608922074823 0.772456689792521 0.780464887619019 0.758982846513391 0.748669305816293 0.737467344850302 0.750999764484518 0.763884649557226 0.755906697581796 0.804317519945257 0.806576134527431 0.757049843668938 0.80492677539587 0.650392373695093 0.617408003000652 0.593092949951396 0.57247302374419 3.00275552272797
-9999 -9999 -9999 -9999 -9999 -9999 -9999 -9999 -9999 -9999 -9999 -9999 -9999 -9999 -9999 -9999 -9999 -9999 -9999 -9999 -9999 -9999 -9999 -9999 -9999 -9999 -9999 6.6589859851769 3.08270251750946 2.38394093513489 2.5338134765625 1.98879593610764 1.56829583644867 1.34289675951004 1.28798550367355 1.10321545600891 1.02551624178886 0.993537783622742 0.996710211038589 0.909202516078949 0.880649621598423 0.855037679895759 0.85657739918679 0.866930991411209 1.00066047906876 0.994341015815735 0.925622999668121 0.945410281419754 0.889474511146545 0.821537286043167 0.809059895575047 0.833300532773137 0.849729074165225 0.845279832096661 0.812213184311986 0.792592316865921 0.624194509842817 2.31079351902008 2.3016352057457 3.24144065380096 2.5723312497139 2.75763380527496
