EcologicalScience/Bass/data/rs_data_bass/chl_58.asc
NCOLS 226 
NROWS 124 
XLLCORNER -9.41648524995501 
YLLCORNER 47.587301625531 
CELLSIZE 0.0833 
NODATA_value -9999 
[rows 81 to 107 of 124, columns 62 to 123 of 226]
3.85158455371857 5.97498106956482 7.6620512008667 7.66205191612244 -9999 -9999 -9999 -9999 -9999 -9999 -9999 -9999 -9999 -9999 -9999 -9999 -9999 -9999 -9999 -9999 -9999 -9999 -9999 -9999 -9999 -9999 -9999 -9999 -9999 -9999 -9999 -9999 -9999 -9999 -9999 -9999 -9999 -9999 -9999 -9999 -9999 -9999 -9999 -9999 -9999 -9999 -9999 -9999 -9999 -9999 -9999 -9999 -9999 -9999 -9999 -9999 -9999 -9999 -9999 -9999 -9999 -9999
-9999 -9999 -9999 -9999 -9999 -9999 -9999 -9999 -9999 -9999 -9999 -9999 -9999 -9999 -9999 -9999 -9999 -9999 -9999 -9999 -9999 -9999 -9999 -9999 -9999 -9999 -9999 -9999 -9999 -9999 -9999 -9999 -9999 -9999 -9999 -9999 -9999 -9999 -9999 -9999 -9999 -9999 -9999 -9999 -9999 -9999 -9999 -9999 -9999 -9999 -9999 -9999 -9999 -9999 -9999 -9999 -9999 -9999 -9999 -9999 -9999 -9999
-9999 -9999 -9999 -9999 -9999 -9999 -9999 -9999 -9999 -9999 -9999 -9999 -9999 -9999 -9999 -9999 -9999 -9999 -9999 -9999 -9999 -9999 -9999 -9999 -9999 -9999 -9999 -9999 -9999 -9999 -9999 -9999 -9999 -9999 -9999 -9999 -9999 -9999 -9999 -9999 -9999 -9999 -9999 -9999 -9999 -9999 -9999 -9999 -9999 -9999 -9999 -9999 -9999 -9999 -9999 -9999 -9999 -9999 -9999 -9999 -9999 -9999
-9999 -9999 -9999 -9999 -9999 -9999 -9999 -9999 -9999 -9999 -9999 -9999 -9999 -9999 -9999 -9999 -9999 -9999 -9999 -9999 -9999 -9999 -9999 -9999 -9999 -9999 -9999 -9999 -9999 -9999 -9999 -9999 -9999 -9999 -9999 -9999 -9999 -9999 -9999 -9999 -9999 -9999 -9999 -9999 -9999 -9999 -9999 -9999 -9999 -9999 -9999 -9999 -9999 -9999 -9999 -9999 -9999 3.08677393198013 3.91047280249388 3.44747757911682 3.34041380882263 2.63726323843002
-9999 -9999 -9999 -9999 -9999 -9999 -9999 -9999 -9999 -9999 -9999 -9999 -9999 -9999 -9999 -9999 -9999 -9999 -9999 -9999 -9999 -9999 -9999 -9999 -9999 -9999 -9999 -9999 -9999 -9999 -9999 -9999 -9999 -9999 -9999 -9999 37.1749906539917 -9999 3.24877005815506 3.3789771348238 -9999 -9999 2.30841018259525 2.93537330627441 2.87658387422562 2.75247848033905 2.20559525489807 2.26955795288086 2.07183220982552 2.20965823531151 2.59241998195648 12.7666372507811 -9999 -9999 -9999 3.46266674995422 3.32398653030396 2.67815101146698 2.35530906915665 1.78714567422867 1.09201571345329 1.05840745568275
-9999 -9999 -9999 -9999 -9999 -9999 -9999 -9999 -9999 -9999 -9999 -9999 -9999 3.70085118456585 3.16495507955551 1.57677781581879 1.51549422740936 1.55599236488342 1.12509450316429 -9999 -9999 -9999 -9999 -9999 -9999 -9999 -9999 -9999 2.64270785450935 2.5980449616909 2.68632531166077 2.71055024862289 -9999 3.66949796676636 -9999 -9999 -9999 -9999 2.58065074682236 2.56042504310608 2.8493720293045 2.75425726175308 2.13770851492882 2.24087405204773 2.31752228736877 2.29355943202972 2.05625247955322 1.90339270234108 1.84708312153816 1.99030011892319 2.48300403356552 2.34502047300339 2.56525272130966 1.80324232578278 2.28637200593948 2.42548567056656 2.09852993488312 1.21737599372864 0.976763248443604 0.865193992853165 0.787103980779648 0.815211743116379
-9999 -9999 -9999 -9999 -9999 -9999 -9999 -9999 -9999 -9999 2.43259467681249 1.2186261957342 1.61718475818634 2.15363073348999 2.1946536898613 1.20020923018456 1.24080070853233 1.2562290430069 1.31546026468277 1.39917203783989 -9999 -9999 1.92096067070961 1.67811857163906 1.84426009654999 -9999 -9999 2.18653874288906 2.52490282058716 2.51844441890717 2.26108682155609 2.08914756774902 2.0765129327774 2.45540928840637 -9999 -9999 1.91037976741791 2.3250584261758 2.36043977737427 2.53969573974609 2.6665552854538 2.40720292925835 1.99849498271942 1.81402203440666 1.83027568459511 1.64119349420071 1.74495005607605 1.69046585261822 1.62958827614784 1.46800571680069 1.51961696147919 1.38025277853012 1.25020122528076 1.05607277154922 1.02154728770256 0.982210457324982 0.872967749834061 0.778189480304718 0.752136021852493 0.704271018505096 0.590783268213272 0.56155800819397
-9999 -9999 -9999 -9999 -9999 -9999 -9999 -9999 -9999 1.18872487545013 2.3267869502306 1.33874210715294 1.12523925304413 1.16870400309563 1.21826174855232 1.32131624221802 1.41303750872612 1.39002370834351 1.46347045898438 1.51477271318436 1.67932698130608 8.2961545586586 1.93025332689285 2.10846680402756 2.16705143451691 2.21500271558762 2.31649196147919 2.49591368436813 2.42986500263214 2.39374566078186 2.35330420732498 2.11554747819901 2.20379322767258 2.51438319683075 2.78923201560974 2.79875993728638 2.77959787845612 2.65714314579964 2.42946526408195 2.40650707483292 2.25183749198914 2.2426586151123 2.06920427083969 1.92969337105751 1.88227540254593 1.57897464931011 1.54483839869499 1.49687214195728 1.30272603034973 1.18553021550179 1.13859674334526 1.11684000492096 1.07208377122879 0.91958025097847 0.881557524204254 0.788109004497528 0.758325040340424 0.68154077231884 0.62127748131752 0.551103740930557 0.490449741482735 0.542142748832703
-9999 -9999 -9999 -9999 -9999 -9999 -9999 -9999 -9999 1.41548325866461 1.11210112273693 1.15707260370255 0.963910102844238 1.00430551171303 1.02787426114082 1.07819178700447 1.33749371767044 1.47916129231453 1.59867525100708 1.60643094778061 1.61734199523926 1.77499794960022 1.82491493225098 1.94236278533936 1.98728996515274 2.03247517347336 2.07848632335663 2.11766624450684 2.11404079198837 2.04968851804733 1.98158633708954 2.08610558509827 2.17395973205566 2.21398043632507 2.53756347298622 2.61174416542053 2.6393845975399 2.58279973268509 2.54380837082863 2.55673956871033 2.39531144499779 2.25115692615509 1.88873362541199 1.80582940578461 1.83216419816017 1.70421093702316 1.50709897279739 1.42630150914192 1.3666405081749 0.853147476911545 0.966696739196777 0.787395000457764 0.721755757927895 0.728315994143486 0.718158021569252 0.707381263375282 0.674953490495682 0.608580753207207 0.587800517678261 0.584606230258942 0.621165007352829 0.655159503221512
-9999 -9999 -9999 -9999 -9999 -9999 -9999 -9999 -9999 0.870446294546127 0.812774956226349 0.815854489803314 0.848712712526321 0.886095732450485 0.904092013835907 0.89539048075676 0.937816500663757 1.13094672560692 1.39597204327583 1.63151317834854 1.73580372333527 1.73920118808746 1.69366192817688 1.68050318956375 1.62572693824768 1.61593794822693 1.66698002815247 1.57098519802094 1.65300893783569 1.69775551557541 1.65610045194626 1.81134527921677 1.9118909239769 2.0714864730835 2.15889751911163 2.44328898191452 2.49642097949982 2.09727144241333 2.410753428936 2.22446221113205 1.94934850931168 1.7547205388546 1.51133424043655 1.50842770934105 1.51693001389503 1.45399355888367 1.43339520692825 1.40718623995781 1.38415569067001 0.66789673268795 0.599732995033264 0.594438001513481 0.649675503373146 0.64919775724411 0.658872753381729 0.659156262874603 0.649854004383087 0.644180998206139 0.624813750386238 0.624269261956215 0.756941288709641 1.14037799835205
1.75856101512909 1.60342073440552 0.93028162792325 0.941400390118361 -9999 -9999 -9999 2.37267330288887 1.10445569668497 0.988709151744843 0.873025506734848 0.827200502157211 0.818010002374649 0.929466784000397 1.00618198513985 0.954503238201141 0.85793325304985 0.879845291376114 0.916071027517319 0.948224991559982 1.0017374753952 1.04139903187752 1.03182077407837 0.978890955448151 0.993744760751724 1.02946874499321 1.06959825754166 1.08555221557617 1.10707801580429 1.13342696428299 1.14097800850868 1.20317924022675 1.23802426457405 1.30237948894501 1.3343939781189 1.45318347215652 1.48499849438667 1.63911598920822 1.18196547031403 1.14559650421143 1.47573602199554 1.44048947095871 1.18031403422356 1.34507524967194 1.32117024064064 1.27819952368736 1.19203826785088 1.14744052290916 1.07171800732613 0.979381024837494 0.587501227855682 0.644304022192955 0.772217273712158 0.720551267266273 0.686946004629135 0.675580501556396 0.672477006912231 0.639893263578415 0.607238262891769 0.58365373313427 1.04862749576569 2.04941242933273
0.597878247499466 0.615672022104263 0.886954486370087 1.03658849000931 1.33176746964455 1.39828652143478 1.02640199661255 0.910142987966537 0.836676031351089 0.744111746549606 0.794966250658035 0.754325240850449 0.813084036111832 0.939845234155655 0.924042731523514 0.842156231403351 0.808899790048599 0.923285990953445 0.929468214511871 0.887241750955582 0.846953988075256 0.850252479314804 0.894851267337799 0.932848513126373 0.89277970790863 0.892019212245941 0.924503266811371 0.933974236249924 0.924253463745117 0.933530956506729 0.937798529863358 0.95914426445961 0.959673017263412 0.95949599146843 0.938795238733292 0.93196052312851 0.918038964271545 0.93082121014595 0.977618247270584 0.996113240718842 0.988090485334396 1.02751421928406 0.932919770479202 0.870571464300156 1.1509627699852 1.04242026805878 0.955522477626801 0.887220501899719 0.857311725616455 0.593370750546455 0.66684901714325 0.719253748655319 0.63994275033474 0.634619995951653 0.676746770739555 0.710112020373344 0.686991021037102 0.677013739943504 0.666837751865387 0.692586019635201 1.09020379185677 2.83252948522568
0.62865749001503 0.591089263558388 0.673490256071091 1.6040820479393 2.28314691781998 5.7863438129425 4.98453676700592 1.59153896570206 0.954348742961884 0.84071472287178 0.82713970541954 0.79871928691864 0.751472264528275 0.861590266227722 0.771163523197174 0.757799237966537 0.785399258136749 0.958112239837646 0.923939287662506 0.862657517194748 0.800309211015701 0.767699986696243 0.78234601020813 0.79728376865387 0.798426032066345 0.802530705928802 0.799798518419266 0.801601499319077 0.799554705619812 0.798906773328781 0.804469496011734 0.800855219364166 0.795772522687912 0.799121975898743 0.79837954044342 0.800406754016876 0.811178237199783 0.832085967063904 0.802379250526428 0.870185226202011 0.875949740409851 0.897951006889343 0.926176518201828 0.830992519855499 0.72045823931694 0.894677996635437 0.831314995884895 0.835899978876114 0.829134747385979 0.822425499558449 0.844462022185326 0.707208752632141 0.684602245688438 0.661727249622345 0.65955077111721 0.693285763263702 0.755188465118408 0.792153775691986 0.862719029188156 0.95075923204422 1.46799677610397 4.02341115474701
1.15672945976257 0.895013272762299 0.825082540512085 1.37974351644516 1.45615196228027 3.34457409381866 4.75602006912231 4.43583226203918 2.647620677948 1.83998322486877 1.30459204316139 0.934859991073608 0.826182782649994 0.792953252792358 0.729402020573616 0.732877492904663 0.722040742635727 0.692732982337475 0.942480772733688 0.775282502174377 0.725585237145424 0.736629009246826 0.763463258743286 0.766161739826202 0.763470768928528 0.754354476928711 0.736017733812332 0.72485925257206 0.733073249459267 0.74124450981617 0.733077004551888 0.712973266839981 0.721241265535355 0.733287021517754 0.763289272785187 0.80797952413559 0.824432283639908 0.834344208240509 0.810299277305603 0.761703729629517 0.751721262931824 0.804634541273117 0.794559717178345 0.804755955934525 0.753460496664047 0.672594755887985 0.814663246273994 0.818049743771553 0.82278074324131 0.827202975749969 0.7095667719841 0.709219515323639 0.725625738501549 0.67612199485302 0.678695261478424 0.719985768198967 0.785480976104736 0.896007031202316 1.07461953163147 1.33361926674843 3.17884290218353 5.32935762405396
0.961313992738724 0.787735462188721 0.698738247156143 0.67585426568985 0.605465993285179 0.633688509464264 0.873081743717194 1.31134504079819 1.78573948144913 1.88312172889709 1.98211866617203 1.14670720696449 0.875518530607224 0.889843493700027 0.83896878361702 0.822657734155655 0.960827618837357 0.995787777006626 0.954351380467415 0.990103885531425 0.654147729277611 0.640144497156143 0.684385478496552 0.710405990481377 0.72825300693512 0.726597771048546 0.724033489823341 0.73505026102066 0.932983875274658 0.970749780535698 0.851963259279728 0.833827123045921 0.720174729824066 0.867328494787216 0.895140364766121 0.84521546959877 0.968523010611534 0.876264005899429 0.850435495376587 0.837865501642227 0.831900715827942 0.826717525720596 0.858206212520599 0.799775987863541 0.704039230942726 0.854332119226456 0.866850011050701 0.713154762983322 0.838773727416992 0.964081019163132 0.668375238776207 0.666484504938126 0.687127500772476 0.667333513498306 0.755140542984009 0.79816871881485 0.962389469146729 1.06019103527069 1.12733253836632 1.36818525195122 2.69880080223083 3.89584636688232
1.04997897148132 1.0181924700737 0.930671274662018 0.842013716697693 0.632173508405685 0.582804009318352 0.599041521549225 0.60775351524353 0.692402243614197 0.882345736026764 1.19026502966881 1.00246086716652 1.10724037885666 1.08116210997105 1.00549536198378 1.02509211748838 1.03711988031864 1.07236685603857 1.13295040279627 1.14079427719116 1.04689384996891 0.954797253012657 0.752442732453346 0.677301004528999 0.672999769449234 0.761479496955872 0.833996281027794 0.807696729898453 0.957206234335899 1.01222026348114 0.876804247498512 0.892535224556923 0.862148612737656 0.910144507884979 0.985458344221115 1.09159724414349 0.89310148358345 0.878596544265747 0.887966215610504 0.857121706008911 0.857083529233932 0.863298743963242 1.08210150897503 1.03670078516006 0.964554414153099 0.646909520030022 0.542690232396126 0.608140513300896 0.637965738773346 0.856957867741585 0.898797020316124 0.681473270058632 0.675621002912521 0.861629962921143 0.882163524627686 1.05677103996277 1.41940498352051 1.76223081350327 1.57177805900574 1.84955102205276 6.4978129863739 5.2195458506283
0.887106031179428 0.80231174826622 0.879348009824753 0.785326480865479 0.740507259964943 0.744012013077736 0.668094769120216 0.654895484447479 0.660974264144897 0.802152782678604 0.876925103366375 1.13786248862743 1.30834798514843 1.28576476871967 1.25113239884377 1.05076126009226 1.02315185219049 1.08940047025681 0.910727597773075 0.811153136193752 0.775244615972042 0.704004481434822 0.771009005606174 0.743265375494957 0.716232776641846 0.924325481057167 1.07731761038303 1.158421844244 1.14440926909447 1.09549051523209 1.09005899727345 1.10210140049458 1.1090489923954 1.27556508779526 1.33591800928116 1.32177941501141 1.17019987106323 0.907795518636703 0.867391526699066 0.91685476899147 0.921554267406464 0.922695726156235 1.10425762832165 1.08491814136505 1.04046937823296 0.71051698923111 0.686074510216713 0.67239148914814 0.683244735002518 0.939187489449978 1.0220261067152 1.16630963981152 1.12306120991707 1.08113551139832 1.32647404074669 1.32128700613976 -9999 -9999 -9999 -9999 -9999 -9999
1.0704884827137 1.05528822541237 0.955886274576187 0.806630998849869 0.723146259784698 1.02312898635864 0.867702037096024 0.727406993508339 0.914707481861115 1.54314458370209 1.41388276219368 1.24142852425575 1.06268888711929 0.99540451169014 1.08189412951469 0.898208253085613 0.832472607493401 0.754865258932114 0.733301259577274 0.769912138581276 0.844229981303215 0.745699718594551 0.849052771925926 0.740759491920471 0.880982026457787 1.26008288562298 1.3383150100708 1.65258981422945 1.36731787025928 1.18461710214615 1.23788398504257 1.38720300793648 1.42646813392639 1.58957849442959 1.71306037902832 1.41032075881958 1.1253847181797 1.05638846755028 0.997062027454376 0.921628475189209 0.923362523317337 0.901111543178558 0.854754745960236 0.886212766170502 0.805403977632523 0.808674037456512 0.814872711896896 0.827338859438896 0.911382727324963 1.35339640080929 2.39462730288506 2.07237923145294 1.58945399522781 1.77458392381668 -9999 -9999 -9999 -9999 -9999 -9999 -9999 -9999
1.28220972418785 1.59003603458405 1.21419748663902 1.00623151659966 0.923625737428665 1.54277926683426 1.23980024456978 1.04380720853806 1.07942846417427 0.850294485688209 3.14284801483154 1.75662231445312 0.933269239962101 0.889534123241901 0.876888021826744 0.82269973307848 0.803767472505569 0.770594649016857 0.760207124054432 0.780798256397247 0.801356002688408 0.834929257631302 0.790804773569107 0.806678980588913 0.909330770373344 1.03640024363995 1.33347451686859 1.36355021595955 1.26504397392273 -9999 -9999 -9999 -9999 -9999 -9999 3.14426672458649 1.02144974470139 1.13785198330879 1.05086249113083 0.922310292720795 0.860795259475708 0.79425448179245 0.750489771366119 0.821783244609833 0.92018848657608 1.02611097693443 0.99032923579216 1.13360247015953 1.19636929035187 1.83553498983383 1.98166126012802 2.55959677696228 3.19344890117645 1.9762424826622 1.97624230384827 -9999 -9999 -9999 -9999 -9999 -9999 -9999
1.07863953709602 1.19396996498108 1.17249003052711 1.32089701294899 1.42425003647804 1.63482069969177 1.81443750858307 2.25228828191757 1.72918957471848 1.14006523787975 1.16108728945255 1.36835664510727 1.37885364890099 1.15850624442101 1.02786487340927 1.0069417655468 0.870132386684418 0.739905394613743 0.790490224957466 0.824224233627319 0.804468974471092 0.863758996129036 0.775398477911949 0.810073509812355 0.845538511872292 1.03760549426079 1.35787989199162 1.43475709855556 1.37349338829517 -9999 -9999 -9999 -9999 -9999 -9999 -9999 1.35748574137688 1.06405422091484 1.00235250592232 0.867788225412369 0.843580484390259 0.770902544260025 0.762733519077301 0.797087967395782 0.838510483503342 1.04034224152565 1.7754870057106 1.45765802264214 1.41501975059509 1.98603683710098 2.37107992172241 2.87149345874786 -9999 -9999 -9999 -9999 -9999 -9999 -9999 -9999 -9999 -9999
0.899629533290863 1.32902553677559 1.45360949635506 2.45231258869171 2.59863603115082 2.6700074672699 0.996384769678116 1.0995134934783 1.37575969099998 1.43643473088741 1.43965154886246 1.28112503886223 1.07635653018951 1.06378498673439 1.02106201648712 1.01522885262966 0.892264500260353 0.832212746143341 0.95481938123703 1.20203322172165 -9999 1.06909674406052 0.986832976341248 0.893045976758003 0.905456990003586 1.03841277956963 1.35735677182674 1.57680259644985 1.89010575413704 -9999 -9999 -9999 -9999 -9999 -9999 -9999 5.6308089169589 1.5813911408186 1.73553219437599 1.22290876507759 1.28061676025391 1.1961652636528 1.20728176832199 1.23970046639442 1.13253378868103 1.06111353635788 1.69625473022461 1.80545479059219 1.73966467380524 2.35494375228882 2.55569243431091 2.8340939283371 3.54922842979431 -9999 -9999 -9999 -9999 -9999 -9999 -9999 -9999 -9999
0.712502270936966 0.686371520161629 0.643098771572113 0.637638732790947 0.623402237892151 1.18721359223127 1.12601852416992 1.40095572173595 2.12260839343071 1.83173587918282 1.27451795339584 1.11116100847721 1.05331072211266 0.920022502541542 0.856004014611244 0.726559102535248 0.725664384663105 0.851132646203041 0.823054499924183 0.832808241248131 0.705715857446194 0.858207777142525 0.671710997819901 0.906623765826225 1.34153361618519 1.31612773239613 1.32489784061909 1.33872038125992 1.30329564213753 1.91958624124527 -9999 -9999 -9999 -9999 -9999 -9999 -9999 61.6211939272673 1.37496230241499 0.771186288262977 1.60383898019791 1.37501102685928 1.53197103738785 2.05787926912308 2.30378919839859 1.84346401691437 1.87202775478363 1.92792516946793 1.80249220132828 2.91624158620834 2.81680208444595 2.99248123168945 3.14662742614746 -9999 -9999 -9999 -9999 -9999 -9999 -9999 -9999 -9999
0.579139485955238 0.606292515993118 0.638888999819756 0.642686247825623 0.651231005787849 0.694991245865822 0.708301484584808 1.75252090394497 1.97328713536263 1.67679825425148 0.716243237257004 0.925062999129295 0.864162281155586 0.78703747689724 0.585686981678009 0.683994218707085 0.466907992959023 0.545165620744228 0.61447461694479 0.582649491727352 0.512658007442951 0.534248985350132 0.677526757121086 1.16557091474533 1.08715610951185 1.23567938804626 1.31435018777847 1.26495860517025 1.3768368512392 1.45819799602032 -9999 -9999 -9999 -9999 -9999 -9999 -9999 -9999 -9999 -9999 -9999 -9999 -9999 -9999 -9999 -9999 3.65490746498108 2.42664483189583 2.90112671256065 8.66289473942348 -9999 -9999 -9999 -9999 -9999 -9999 -9999 -9999 -9999 -9999 -9999 -9999
1.38790920376778 0.705978736281395 0.769773781299591 0.812546968460083 0.7552649974823 1.19727148115635 0.750615030527115 1.64897136390209 1.38039323687553 1.60785859823227 0.825185507535934 0.610035762190819 0.571214228868484 0.537937492132187 0.735772013664246 0.607309520244598 0.588680237531662 0.560371488332748 0.505981519818306 0.500538736581802 0.515346005558968 0.61998076736927 0.638616755604744 0.943842232227325 -9999 -9999 -9999 1.24099279940128 1.17139126360416 1.19733220338821 1.83917064964771 -9999 -9999 -9999 -9999 -9999 -9999 -9999 -9999 -9999 -9999 -9999 -9999 -9999 -9999 -9999 -9999 -9999 -9999 -9999 -9999 -9999 -9999 -9999 -9999 -9999 -9999 -9999 -9999 -9999 -9999 -9999
1.55913151800632 1.63566873967648 0.825158268213272 0.940728038549423 1.00482898950577 0.96822452545166 1.18193902075291 1.13004946708679 0.979180499911308 0.884242475032806 0.801042497158051 0.552416995167732 0.541795492172241 0.53285251557827 0.493264496326447 0.52572526037693 0.650345250964165 0.604410767555237 0.508873522281647 0.521011501550674 0.492503240704536 0.519474014639854 0.955381505191326 1.25617778301239 0.796844959259033 1.15950076282024 0.882376492023468 0.755754768848419 1.16650240123272 0.701856762170792 1.14611998200417 2.21210295334458 -9999 -9999 -9999 -9999 -9999 -9999 -9999 -9999 -9999 -9999 -9999 -9999 -9999 -9999 -9999 -9999 -9999 -9999 -9999 -9999 -9999 -9999 -9999 -9999 -9999 -9999 -9999 -9999 -9999 -9999
0.614767491817474 0.718254759907722 0.790458709001541 0.890420973300934 1.09976398944855 1.13799825310707 1.03849148750305 1.23485925793648 0.801358506083488 0.823079243302345 0.680896505713463 0.615472510457039 0.600351020693779 0.595995739102364 0.576437249779701 0.589976236224174 0.702786728739738 0.737680479884148 0.563248515129089 0.325032010674477 0.558009758591652 0.601548761129379 0.634706988930702 0.667271241545677 0.877409219741821 0.896102249622345 0.895180463790894 0.710184752941132 0.787998765707016 1.04998952150345 1.32167628407478 1.60331929271871 -9999 -9999 -9999 -9999 -9999 -9999 -9999 -9999 -9999 -9999 -9999 -9999 -9999 -9999 -9999 -9999 -9999 -9999 -9999 -9999 -9999 -9999 -9999 -9999 -9999 -9999 -9999 -9999 -9999 -9999
0.483832508325577 0.532165512442589 0.639163479208946 0.707826018333435 0.83609926700592 0.932831972837448 0.769137740135193 0.775620728731155 0.82376629114151 0.784164726734161 0.669687733054161 0.617775768041611 0.693383261561394 0.736468479037285 0.703640252351761 0.717585012316704 0.768800228834152 0.81193345785141 0.721346229314804 0.525448501110077 0.502905741333961 0.570549756288528 1.13947626948357 1.36447530984879 1.22951701283455 1.14524102210999 0.918783009052277 0.819551289081573 0.891484469175339 0.855762720108032 1.09334778785706 -9999 -9999 -9999 -9999 -9999 -9999 -9999 -9999 -9999 -9999 -9999 -9999 -9999 -9999 -9999 -9999 -9999 -9999 -9999 -9999 -9999 -9999 -9999 -9999 -9999 -9999 -9999 -9999 -9999 -9999 -9999
