EcologicalScience/Bass/data/rs_data_bass/chl_73.asc
NCOLS 226 
NROWS 124 
XLLCORNER -9.41648524995501 
YLLCORNER 47.587301625531 
CELLSIZE 0.0833 
NODATA_value -9999 
[rows 81 to 107 of 124, columns 61 to 121 of 226]
2.00188761949539 3.85158455371857 5.97498106956482 7.6620512008667 7.66205191612244 -9999 -9999 -9999 -9999 -9999 -9999 -9999 -9999 -9999 -9999 -9999 -9999 -9999 -9999 -9999 -9999 -9999 -9999 -9999 -9999 -9999 -9999 -9999 -9999 -9999 -9999 -9999 -9999 -9999 -9999 -9999 -9999 -9999 -9999 -9999 -9999 -9999 -9999 -9999 -9999 -9999 -9999 -9999 -9999 -9999 -9999 -9999 -9999 -9999 -9999 -9999 -9999 -9999 -9999 -9999 -9999
1.12105348706245 2.8106590497841 -9999 -9999 -9999 -9999 -9999 -9999 -9999 -9999 -9999 -9999 -9999 -9999 -9999 -9999 -9999 -9999 -9999 -9999 -9999 -9999 -9999 -9999 -9999 -9999 -9999 -9999 -9999 -9999 -9999 -9999 -9999 -9999 -9999 -9999 -9999 -9999 -9999 -9999 -9999 -9999 -9999 -9999 -9999 -9999 -9999 -9999 -9999 -9999 -9999 -9999 -9999 -9999 -9999 -9999 -9999 -9999 -9999 -9999 -9999
-9999 -9999 -9999 -9999 -9999 -9999 -9999 -9999 -9999 -9999 -9999 -9999 -9999 -9999 -9999 -9999 -9999 -9999 -9999 -9999 -9999 -9999 -9999 -9999 -9999 -9999 -9999 -9999 -9999 -9999 -9999 -9999 -9999 -9999 -9999 -9999 -9999 -9999 -9999 -9999 -9999 -9999 -9999 -9999 -9999 -9999 -9999 -9999 -9999 -9999 -9999 -9999 -9999 -9999 -9999 -9999 -9999 -9999 -9999 -9999 -9999
-9999 -9999 -9999 -9999 -9999 -9999 -9999 -9999 -9999 -9999 -9999 -9999 -9999 -9999 -9999 -9999 -9999 -9999 -9999 -9999 -9999 -9999 -9999 -9999 -9999 -9999 -9999 -9999 -9999 -9999 -9999 -9999 -9999 -9999 -9999 -9999 -9999 -9999 -9999 -9999 -9999 -9999 -9999 -9999 -9999 -9999 -9999 -9999 -9999 -9999 -9999 -9999 -9999 -9999 -9999 -9999 -9999 -9999 2.4175267792665 3.82947134971619 1.39369949698448
-9999 -9999 -9999 -9999 -9999 -9999 -9999 -9999 -9999 -9999 -9999 -9999 -9999 -9999 -9999 -9999 -9999 -9999 -9999 -9999 -9999 -9999 -9999 -9999 -9999 -9999 -9999 -9999 -9999 -9999 -9999 -9999 -9999 -9999 -9999 -9999 -9999 37.1749906539917 -9999 2.66092729568481 3.51198222186114 -9999 -9999 1.45594203472137 1.66266077756882 1.94709527492523 1.35240224003792 1.41654896736145 1.5544341802597 1.26382273435593 1.00781178474426 1.23105821013451 1.3617037832737 -9999 -9999 -9999 2.2672837972641 1.74836468696594 1.15837803483009 0.861129015684128 0.852853506803513
-9999 -9999 -9999 -9999 -9999 -9999 -9999 -9999 -9999 -9999 -9999 -9999 -9999 -9999 3.66379456985288 1.85622829198837 1.59130722284317 1.80861532688141 1.69415616989136 1.12509450316429 -9999 -9999 -9999 -9999 -9999 -9999 -9999 -9999 -9999 1.00914296507835 1.24586775898933 1.84790843725204 2.01609224081039 -9999 3.66949796676636 -9999 -9999 -9999 -9999 1.42056378722191 1.23221477866173 1.44354826211929 1.17544502019882 0.979732543230057 0.951761215925217 0.999962210655212 0.782181769609451 0.780295461416245 0.654467269778252 0.761958003044128 0.698330238461494 0.794967770576477 0.909117758274078 1.24565398693085 1.10635802149773 1.0010527074337 0.84169203042984 0.900506973266602 0.461992487311363 0.3918247371912 0.405815988779068
-9999 -9999 -9999 -9999 -9999 -9999 -9999 -9999 -9999 -9999 -9999 2.37420174479485 1.9723214507103 1.2544222176075 1.11439651250839 1.0522852241993 0.944019019603729 0.899676024913788 0.99050697684288 1.07105925679207 0.939503252506256 -9999 -9999 0.946016997098923 1.05597147345543 1.33606526255608 -9999 -9999 1.138706356287 1.11268803477287 1.18276423215866 1.42571622133255 1.42714235186577 1.58509612083435 1.53340651094913 -9999 -9999 1.91037976741791 1.44664120674133 1.1576347053051 1.32616496086121 1.25797498226166 1.06962221860886 0.849216789007187 0.854228228330612 0.849600791931152 0.671522229909897 0.58654573559761 0.421040251851082 0.516030728816986 0.480197265744209 0.488897234201431 0.568765506148338 0.605687230825424 0.511730253696442 0.478952988982201 0.442631989717484 0.620012238621712 0.362741254270077 0.399659246206284 0.438691511750221
-9999 -9999 -9999 -9999 -9999 -9999 -9999 -9999 -9999 -9999 2.67992091178894 1.46929648518562 1.22122201323509 0.98520228266716 0.806387275457382 0.687720000743866 0.658666491508484 0.658335730433464 0.686058729887009 0.764290541410446 0.844390511512756 1.11593252420425 1.81387317925692 1.17813375592232 1.14770776033401 1.19956576824188 1.27592021226883 1.29081979393959 1.1457727253437 1.01264700293541 0.927830994129181 1.03100252151489 1.03045347332954 1.1570610255003 1.35276970267296 1.55438393354416 2.09510922431946 1.906458735466 1.41131177544594 1.27462720870972 1.17752847075462 1.14540526270866 1.13384252786636 0.843616515398026 0.667398020625114 0.59076900780201 0.434729263186455 0.435596242547035 0.424299761652946 0.407547757029533 0.401879981160164 0.38408924639225 0.408898517489433 0.422843992710114 0.415532246232033 0.415902748703957 0.41090852022171 0.396008267998695 0.360065259039402 0.477639019489288 0.592844232916832
-9999 -9999 -9999 -9999 -9999 -9999 -9999 -9999 -9999 -9999 2.10337650775909 1.66956442594528 0.747324764728546 0.476961761713028 0.522395253181458 0.6185452491045 0.692640736699104 0.689155519008636 0.689814761281013 0.823987483978271 0.983823001384735 1.01184752583504 1.0373130440712 1.07166302204132 1.15176004171371 1.02756679058075 0.946070998907089 0.82759952545166 0.899867981672287 0.810647249221802 0.808323740959167 0.829484224319458 1.01199227571487 0.998779535293579 1.13756248354912 1.27307251095772 1.71397125720978 1.77241945266724 1.56327223777771 1.3399710059166 1.19463595747948 1.04588770866394 0.932555258274078 0.661396488547325 0.574175253510475 0.508036494255066 0.496322259306908 0.457922995090485 0.427396506071091 0.40056449174881 0.444592505693436 0.462528750300407 0.457116007804871 0.457001253962517 0.477953240275383 0.495602265000343 0.509202003479004 0.517840504646301 0.536327987909317 0.605982765555382 0.724570512771606
4.13654887676239 -9999 -9999 -9999 -9999 -9999 -9999 -9999 -9999 -9999 1.65916872024536 0.599549978971481 0.476806506514549 0.454918518662453 0.521792247891426 0.634467735886574 0.650465235114098 0.577239766716957 0.708025485277176 0.818042993545532 0.895250290632248 0.92464953660965 0.954921036958694 0.93194854259491 0.919298261404037 0.783586531877518 0.693495020270348 0.65413199365139 0.779393970966339 0.680433735251427 0.647692501544952 0.83168551325798 0.932499021291733 1.01812353730202 0.969752222299576 0.942381709814072 0.960832536220551 0.892904251813889 0.86842954158783 0.860336244106293 0.693406507372856 0.59128426015377 0.591140270233154 0.596776485443115 0.630536243319511 0.625208258628845 0.584791481494904 0.545937761664391 0.526282489299774 0.479205742478371 0.701747238636017 0.586032763123512 0.636965230107307 0.700439259409904 0.611701503396034 0.648420006036758 0.666149988770485 0.853899747133255 0.83295750617981 0.777248293161392 0.846538513898849
24.3932504653931 11.7720494270325 3.43880832195282 1.02928125858307 2.55084300041199 -9999 -9999 -9999 3.1739137172699 1.86332845687866 0.926288276910782 0.554724007844925 0.538144513964653 0.576320260763168 0.689400762319565 0.84264600276947 0.903530269861221 0.843283474445343 0.646703258156776 0.676854014396667 0.686112016439438 0.668030261993408 0.698470517992973 0.76632821559906 0.778441518545151 0.78050771355629 0.792967468500137 0.70150651037693 0.724679991602898 0.801117718219757 0.864726036787033 0.776686459779739 0.740838021039963 0.76339128613472 0.740897253155708 0.736631244421005 0.716238006949425 0.708095982670784 0.718492493033409 0.743781745433807 0.729083999991417 0.623855978250504 0.581002503633499 0.664584740996361 0.63765974342823 0.634443730115891 0.619913265109062 0.587409004569054 0.589339479804039 0.647578507661819 0.877734750509262 0.930563271045685 0.77416804432869 0.737703770399094 0.692331746220589 0.74667826294899 0.819333761930466 0.766412258148193 1.02529647946358 1.02588227391243 0.998723208904266
1.24500221014023 1.06354048848152 1.09600424766541 0.97862845659256 1.73423856496811 1.45842003822327 1.63930571079254 2.03638654947281 1.95697349309921 0.896593540906906 0.672761231660843 0.554754003882408 0.632758498191833 0.720612734556198 0.767752468585968 0.788362473249435 0.769454956054688 0.74141626060009 0.699883505702019 0.711057767271996 0.75329402089119 0.782870292663574 0.8332200050354 0.874828487634659 0.91356897354126 0.973784208297729 0.948396742343903 0.890186995267868 1.00044000148773 1.01266720890999 1.0453762114048 1.22714102268219 1.34253752231598 1.28570473194122 1.25162395834923 1.14188253879547 0.962436765432358 0.923003286123276 0.988533765077591 0.945372730493546 0.827729970216751 0.798098981380463 0.783641964197159 1.28670904040337 1.05307129025459 0.665282249450684 0.644922763109207 0.624893993139267 0.629986479878426 0.649982258677483 0.918491274118423 0.921815246343613 0.901576459407806 0.979575008153915 0.995031774044037 0.953796029090881 0.835006535053253 0.758970022201538 0.818302541971207 0.819884955883026 0.813107281923294
0.965504229068756 0.952679961919785 0.957640528678894 0.98292151093483 0.87210676074028 0.781788021326065 0.990162760019302 1.07627928256989 0.771440237760544 0.627794981002808 0.62042923271656 0.625250995159149 0.624865517020226 0.687959253787994 0.775987476110458 0.704520732164383 0.694694235920906 0.753209978342056 0.873183041810989 0.901764035224915 0.919485747814178 0.903187483549118 0.964745968580246 0.961477518081665 0.962305516004562 1.03389975428581 0.99958124756813 1.14653778076172 1.18339428305626 1.24033427238464 1.19102847576141 1.24835622310638 1.08870077133179 1.04613751173019 1.07141026854515 1.13939023017883 1.21985998749733 1.22186771035194 1.18134453892708 1.12605223059654 1.12139028310776 1.04365575313568 1.00442174077034 2.2834694981575 1.55428719520569 1.0403625369072 0.787344038486481 0.788528233766556 0.817938029766083 0.822294741868973 1.02295428514481 1.00012421607971 0.88937696814537 0.812672227621078 0.737572520971298 0.713522270321846 0.680228233337402 0.653411239385605 0.707626506686211 0.759156793355942 0.801020264625549
1.30857601761818 1.46307447552681 1.39376476407051 1.7094059586525 1.33351349830627 0.778685957193375 0.745021507143974 0.720598518848419 0.663947984576225 0.621417760848999 0.61649626493454 0.615422978997231 0.643811255693436 0.689289003610611 0.769887775182724 0.746840983629227 0.81943354010582 0.805953741073608 0.846001535654068 0.8867107629776 0.874206751585007 0.884819269180298 0.800696969032288 0.762641966342926 0.767496764659882 0.796700209379196 0.823237538337708 0.897669017314911 0.935738235712051 0.959996223449707 0.952108472585678 0.908982038497925 0.770169764757156 0.761863499879837 0.823993474245071 0.870411783456802 1.09015497565269 1.18349853157997 1.13718223571777 1.13581278920174 1.21960052847862 1.18183127045631 1.20235875248909 1.17158398032188 1.08446475863457 1.0088452398777 0.922957509756088 0.975193530321121 1.13340747356415 1.2016042470932 1.32371172308922 1.29328125715256 0.973708480596542 0.916615515947342 0.652929738163948 0.643480494618416 0.68758200109005 0.770276248455048 0.799528509378433 0.868164002895355 0.914493709802628
1.15806600451469 1.09576204419136 1.30891728401184 2.24682068824768 2.90929877758026 1.87132054567337 1.17167249321938 1.2489592730999 0.634096518158913 0.602022752165794 0.577079236507416 0.599508002400398 0.631649985909462 0.688257738947868 0.817587733268738 0.860530525445938 0.890271753072739 0.872594207525253 0.803704530000687 0.77430072426796 0.745119765400887 0.749772772192955 0.711441770195961 0.712853237986565 0.756105780601501 0.788985013961792 0.805925220251083 0.858677208423615 0.915773212909698 0.897826462984085 0.923511743545532 0.93281552195549 0.904325276613235 0.758667021989822 0.80925527215004 0.815856724977493 0.947972238063812 1.06925028562546 1.22277528047562 1.14929848909378 1.21211171150208 1.34211972355843 1.4478472173214 1.61942481994629 1.6782900094986 1.30932301282883 1.30393347144127 1.1900415122509 1.33515152335167 1.52352601289749 1.39845898747444 1.38565045595169 1.13864627480507 1.42143899202347 1.02846971154213 0.746404498815536 0.831851989030838 0.968521535396576 1.01983201503754 1.02305701375008 1.11757501959801
0.914532780647278 0.911361783742905 0.950540989637375 1.04016897082329 1.48678877949715 2.98597133159637 3.89000916481018 3.35676670074463 2.07574725151062 0.575775772333145 0.60486151278019 0.569876253604889 0.53966099023819 0.5859375 0.667623728513718 0.799138516187668 0.857069224119186 0.882370501756668 0.784384489059448 0.740049764513969 0.699234768748283 0.660777747631073 0.638534232974052 0.671039253473282 0.673603489995003 0.71127824485302 0.815514028072357 0.820535212755203 0.799774467945099 0.829176038503647 0.811572790145874 0.87396901845932 0.799428731203079 0.723978012800217 0.789686232805252 0.814721971750259 0.811330497264862 0.839531242847443 0.907730251550674 0.991939544677734 1.02377173304558 1.20238879323006 1.24882873892784 2.05486732721329 2.38337481021881 2.21822476387024 2.25348597764969 3.10792815685272 2.03343307971954 2.60437273979187 1.5103012919426 1.83237826824188 1.08637350797653 1.63047748804092 1.94134658575058 1.30884379148483 1.30161899328232 1.4154360294342 1.26223200559616 1.32784876227379 1.46798926591873
0.754996508359909 0.855825036764145 0.770347505807877 0.604512736201286 0.66974401473999 0.942743986845016 1.43686500191689 1.23877197504044 1.14819824695587 0.549315735697746 0.533849984407425 0.524735257029533 0.58109624683857 0.542310744524002 0.559036508202553 0.67765948176384 0.941118746995926 0.937853246927261 0.848279982805252 0.725296497344971 0.655397236347198 0.655878737568855 0.697855487465858 0.710980519652367 0.676298260688782 0.753942042589188 0.935658037662506 0.970530778169632 0.981171011924744 0.930449277162552 0.937833040952682 0.899190008640289 0.919263750314713 1.04390323162079 1.55766302347183 1.19376745820045 0.990545958280563 0.695868015289307 0.722333997488022 0.736001238226891 0.971746534109116 1.04828175902367 1.27351346611977 1.52336025238037 2.16652572154999 1.64862066507339 0.943066477775574 1.0630087852478 2.0280944108963 1.90317749977112 1.07504099607468 1.16137272119522 1.77781641483307 2.50645798444748 3.90854179859161 3.54647183418274 2.40479707717896 1.83675861271628 -9999 -9999 -9999
0.994437754154205 1.10717403888702 0.875295013189316 0.620243981480598 0.613284766674042 0.626311495900154 0.639227271080017 0.806050479412079 0.83857199549675 0.680961012840271 0.68519926071167 0.801993012428284 0.686515510082245 0.593128502368927 0.596902504563332 0.696420729160309 0.913583278656006 0.743468999862671 0.69439423084259 0.66752927005291 0.75111597776413 0.869307786226273 0.904585540294647 0.820579469203949 0.757206737995148 0.881603211164474 0.896031707525253 1.38598389923573 1.30690398812294 1.47084523737431 0.826868265867233 1.06398296356201 1.13054251670837 2.19531816244125 1.95713889598846 2.19500130414963 1.23925200104713 0.991944015026093 0.985556244850159 0.854621261358261 0.852537721395493 0.832684457302094 0.942776262760162 1.2466244995594 1.26143252849579 1.43525701761246 1.3367894589901 1.56227767467499 1.7843661904335 2.11806231737137 2.2362345457077 2.61641693115234 3.57485926151276 7.5577175617218 4.71816380023956 1.97068811440077 -9999 -9999 -9999 -9999 -9999
0.978273779153824 1.05490046739578 0.941660284996033 0.615804746747017 0.513876020908356 0.516506239771843 0.658207520842552 0.802817970514297 1.14679875969887 1.27875003218651 1.7407500743866 2.15637445449829 1.2175672352314 0.780530959367752 0.800667732954025 0.775496274232864 0.648724481463432 0.664837494492531 0.727883264422417 0.814532250165939 0.891008287668228 0.853743016719818 0.852144777774811 0.809126973152161 0.868278712034225 0.928534537553787 1.1363767683506 0.881770491600037 1.170704215765 1.12037327885628 -9999 -9999 -9999 -9999 -9999 -9999 3.14426672458649 1.06520703434944 1.13023799657822 0.865766286849976 0.831430524587631 0.829342514276505 0.853857010602951 1.03282874822617 1.40321329236031 1.31669247150421 1.35363373160362 1.89685732126236 2.13239854574203 2.73559731245041 2.64364349842072 3.87300145626068 5.87082767486572 5.47630870342255 1.9762424826622 1.97624230384827 -9999 -9999 -9999 -9999 -9999
0.886759489774704 0.934579521417618 1.02973347902298 0.554429233074188 0.528495758771896 0.584894254803658 0.708248242735863 0.916914761066437 1.06736925244331 0.937159538269043 0.902700036764145 0.967486470937729 0.978246778249741 0.765808492898941 0.690480753779411 0.562583237886429 0.516420006752014 0.650102242827415 0.536808729171753 0.739583998918533 0.8332379758358 0.82447949051857 0.762942016124725 0.724076986312866 0.832782000303268 1.06076028943062 0.983669221401215 1.27828502655029 1.0013707280159 2.00977268815041 -9999 -9999 -9999 -9999 -9999 -9999 -9999 1.55748295783997 1.24080070853233 1.02756151556969 1.00393053889275 1.00450497865677 1.08125549554825 1.17884176969528 0.938573241233826 1.23243901133537 1.38970649242401 2.30727678537369 2.43299692869186 2.6257386803627 5.12087988853455 7.15329122543335 10.1851987838745 -9999 -9999 -9999 -9999 -9999 -9999 -9999 -9999
0.902492254972458 1.07765775918961 0.954541504383087 0.921548277139664 0.716095492243767 0.781687527894974 0.819198042154312 0.891643524169922 1.03656077384949 1.12566071748734 0.828910499811172 0.902234226465225 0.80263951420784 0.561517484486103 0.529761761426926 0.519937500357628 0.544625267386436 0.496983021497726 0.890581145882607 0.733584746718407 1.17053499670312 -9999 0.756898462772369 0.718058243393898 0.688431769609451 0.76333424448967 0.87307271361351 1.14295497536659 1.34446129202843 1.4370119869709 -9999 -9999 -9999 -9999 -9999 -9999 -9999 9.18767642974854 2.21592307090759 2.0331426858902 1.55799973011017 1.48291423916817 1.54248225688934 1.43913826346397 1.19169303774834 1.17791998386383 1.25377428531647 1.60325700044632 2.2303980588913 2.63219851255417 5.92080080509186 7.01270985603333 6.59294629096985 5.03087854385376 -9999 -9999 -9999 -9999 -9999 -9999 -9999
0.830028712749481 1.05763721466064 1.09909495711327 1.13866576552391 0.900030791759491 0.828333735466003 0.816136479377747 0.918357789516449 0.938518524169922 0.904678523540497 0.855500221252441 1.18390274047852 0.927558749914169 0.767571777105331 0.616808988153934 0.61522351205349 0.35454299300909 0.473928764462471 0.867207750678062 0.921377643942833 0.64274999499321 0.702052518725395 0.699002981185913 0.700892239809036 0.849950283765793 0.699214518070221 0.798286467790604 1.01316154003143 1.15042796730995 1.16750621795654 1.3250287771225 -9999 -9999 -9999 -9999 -9999 -9999 -9999 35.1754785776138 6.62022420763969 2.21551430225372 2.11514854431152 2.28195083141327 2.09294182062149 1.82068580389023 1.53960746526718 1.69895178079605 2.97668391466141 4.50880515575409 5.03740811347961 8.06927490234375 17.148024559021 6.66378092765808 3.82366266033866 -9999 -9999 -9999 -9999 -9999 -9999 -9999
0.896484017372131 1.07670977711678 1.0337527692318 1.1134859919548 0.912847459316254 0.979709208011627 1.18915352225304 1.2337050139904 0.707922756671906 0.662410497665405 0.649680018424988 0.587144494056702 0.616752728819847 0.670460253953934 0.576222002506256 0.581171616911888 0.393611267209053 0.442434757947922 0.817984521389008 0.717317998409271 0.591749265789986 0.570842251181602 0.442624479532242 0.700212746858597 0.816671222448349 0.856064289808273 0.909899264574051 0.916247248649597 0.937099456787109 1.05591604113579 1.18224602937698 -9999 -9999 -9999 -9999 -9999 -9999 -9999 -9999 -9999 -9999 -9999 -9999 -9999 -9999 -9999 -9999 3.65490746498108 6.06425786018372 5.8378940820694 13.7162335395813 -9999 -9999 -9999 -9999 -9999 -9999 -9999 -9999 -9999 -9999
0.96915078163147 0.925968736410141 1.06405797600746 1.17977249622345 1.03719824552536 0.731463745236397 1.18612200021744 1.1413177549839 0.691954493522644 0.577458746731281 0.92033252120018 0.282771751284599 0.545212872326374 0.556711882352829 0.583656013011932 0.550647005438805 0.457194730639458 0.370064243674278 0.538689762353897 0.516393005847931 0.587806507945061 0.56913748383522 0.681470990180969 0.74483098089695 0.962206542491913 -9999 -9999 -9999 0.818075984716415 0.780543029308319 0.867895513772964 1.34881120920181 -9999 -9999 -9999 -9999 -9999 -9999 -9999 -9999 -9999 -9999 -9999 -9999 -9999 -9999 -9999 -9999 -9999 -9999 -9999 -9999 -9999 -9999 -9999 -9999 -9999 -9999 -9999 -9999 -9999
0.576245650649071 0.701607003808022 0.544177517294884 0.650038495659828 0.237505495548248 0.400217235088348 0.597971230745316 0.659751757979393 0.91718852519989 0.930818974971771 0.844093501567841 0.41337825357914 0.65021775662899 0.55120050162077 0.580121241509914 0.530751004815102 0.55205100774765 0.508422017097473 0.512420251965523 0.486286506056786 0.518619015812874 0.395556002855301 0.615991517901421 0.643893018364906 0.829499959945679 0.913208216428757 0.904391258955002 0.607361242175102 0.787007957696915 0.915754526853561 1.03456950187683 1.33414953947067 2.15048008388089 -9999 -9999 -9999 -9999 -9999 -9999 -9999 -9999 -9999 -9999 -9999 -9999 -9999 -9999 -9999 -9999 -9999 -9999 -9999 -9999 -9999 -9999 -9999 -9999 -9999 -9999 -9999 -9999
0.604200750589371 0.557820752263069 0.374216996133327 0.223995745182037 0.216435760259628 0.68409488350153 0.643120497465134 0.796118259429932 0.8970547914505 0.746293500065804 0.787401705980301 0.710495978593826 0.633392259478569 0.586730271577835 0.573767244815826 0.570864737033844 0.578219264745712 0.524207979440689 0.503506511449814 0.478719770908356 0.545077487826347 0.522730484604836 0.557167500257492 0.640312492847443 0.799336463212967 0.870231717824936 0.852161228656769 0.739967241883278 0.566030234098434 0.938055753707886 1.04758724570274 1.45405349135399 1.6674479842186 -9999 -9999 -9999 -9999 -9999 -9999 -9999 -9999 -9999 -9999 -9999 -9999 -9999 -9999 -9999 -9999 -9999 -9999 -9999 -9999 -9999 -9999 -9999 -9999 -9999 -9999 -9999 -9999
0.513324737548828 0.363315001130104 0.765924721956253 0.703724250197411 0.727779731154442 0.734770506620407 0.769484996795654 0.915296226739883 1.03964477777481 0.831177771091461 0.971204280853271 0.876771032810211 0.888280481100082 1.19654551148415 1.69520777463913 0.690281242132187 0.605910748243332 0.585371240973473 0.535991996526718 0.509559005498886 0.646594494581223 1.11225977540016 0.594393745064735 0.777399033308029 0.817313969135284 1.60118097066879 2.08797150850296 1.15406173467636 1.1098889708519 0.979983776807785 1.00386446714401 1.77282375097275 -9999 -9999 -9999 -9999 -9999 -9999 -9999 -9999 -9999 -9999 -9999 -9999 -9999 -9999 -9999 -9999 -9999 -9999 -9999 -9999 -9999 -9999 -9999 -9999 -9999 -9999 -9999 -9999 -9999
