EcologicalScience/Bass/data/rs_data_bass/chl_333.asc
NCOLS 226 
NROWS 124 
XLLCORNER -9.41648524995501 
YLLCORNER 47.587301625531 
CELLSIZE 0.0833 
NODATA_value -9999 
[rows 0 to 26 of 124, columns 62 to 123 of 226]
-9999 -9999 -9999 -9999 -9999 -9999 -9999 -9999 -9999 -9999 -9999 -9999 -9999 -9999 -9999 -9999 -9999 -9999 -9999 -9999 -9999 -9999 -9999 -9999 -9999 -9999 -9999 -9999 -9999 -9999 -9999 -9999 -9999 -9999 -9999 -9999 -9999 -9999 -9999 -9999 -9999 -9999 -9999 -9999 -9999 -9999 -9999 -9999 -9999 -9999 -9999 -9999 -9999 -9999 -9999 -9999 -9999 -9999 -9999 -9999 -9999 -9999
-9999 -9999 -9999 -9999 -9999 -9999 -9999 -9999 -9999 -9999 -9999 -9999 -9999 -9999 -9999 -9999 -9999 -9999 -9999 -9999 -9999 -9999 -9999 -9999 -9999 -9999 -9999 -9999 -9999 -9999 -9999 -9999 -9999 -9999 -9999 -9999 -9999 -9999 -9999 -9999 -9999 -9999 -9999 -9999 -9999 -9999 -9999 -9999 -9999 -9999 -9999 -9999 -9999 -9999 -9999 -9999 -9999 -9999 -9999 -9999 -9999 -9999
-9999 -9999 -9999 -9999 -9999 -9999 -9999 -9999 -9999 -9999 -9999 -9999 -9999 -9999 -9999 -9999 -9999 -9999 -9999 -9999 -9999 -9999 -9999 -9999 -9999 -9999 -9999 -9999 -9999 -9999 -9999 -9999 -9999 -9999 -9999 -9999 -9999 -9999 -9999 -9999 -9999 -9999 -9999 -9999 -9999 -9999 -9999 -9999 -9999 -9999 -9999 -9999 -9999 -9999 -9999 -9999 -9999 -9999 -9999 -9999 -9999 -9999
-9999 -9999 -9999 -9999 -9999 -9999 -9999 -9999 -9999 -9999 -9999 -9999 -9999 -9999 -9999 -9999 -9999 -9999 -9999 -9999 -9999 -9999 -9999 -9999 -9999 -9999 -9999 -9999 -9999 -9999 -9999 -9999 -9999 -9999 -9999 -9999 -9999 -9999 -9999 -9999 -9999 -9999 -9999 -9999 -9999 -9999 -9999 -9999 -9999 -9999 -9999 -9999 -9999 -9999 -9999 -9999 -9999 -9999 -9999 -9999 -9999 -9999
-9999 -9999 -9999 -9999 -9999 -9999 -9999 -9999 -9999 -9999 -9999 -9999 -9999 -9999 -9999 -9999 -9999 -9999 -9999 -9999 -9999 -9999 -9999 -9999 -9999 -9999 -9999 -9999 -9999 -9999 -9999 -9999 -9999 -9999 -9999 -9999 -9999 -9999 -9999 -9999 -9999 -9999 -9999 -9999 -9999 -9999 -9999 -9999 -9999 -9999 -9999 -9999 -9999 -9999 -9999 -9999 -9999 -9999 -9999 -9999 -9999 -9999
-9999 -9999 -9999 -9999 -9999 -9999 -9999 -9999 -9999 -9999 -9999 -9999 -9999 -9999 -9999 -9999 -9999 -9999 -9999 -9999 -9999 -9999 -9999 -9999 -9999 -9999 -9999 -9999 0.63735419511795 1.20928848583768 2.32253225147724 3.23355267941952 1.45714902877808 1.27248626947403 0.509048268198967 0.520356014370918 0.543702766299248 0.541127264499664 0.559897497296333 0.536855980753899 0.486886516213417 0.50483326613903 0.504412516951561 0.50567851960659 0.489119231700897 0.477851986885071 0.482060998678207 0.480236247181892 0.476926490664482 0.465319499373436 0.544575355947018 0.532690867781639 0.475501477718353 0.479165241122246 0.48488849401474 0.478831484913826 0.484364256262779 0.485331013798714 0.490959763526917 0.465125977993011 0.503268733620644 0.57210373878479
-9999 -9999 -9999 -9999 -9999 -9999 -9999 -9999 -9999 -9999 -9999 -9999 -9999 -9999 -9999 -9999 -9999 -9999 -9999 -9999 -9999 -9999 -9999 -9999 -9999 -9999 1.18186515569687 1.0627324283123 4.36673279106617 3.83005231618881 3.31513836979866 2.78763967752457 1.45968949794769 0.537509232759476 0.535715997219086 0.542958766222 0.561468735337257 0.58229099214077 0.575287520885468 0.575118005275726 0.564160510897636 0.572967007756233 0.567835494875908 0.575946003198624 0.557941496372223 0.509375989437103 0.519188985228539 0.523154228925705 0.517426505684853 0.518877759575844 0.519912019371986 0.502713739871979 0.491033256053925 0.507071256637573 0.516269981861115 0.516242980957031 0.509399235248566 0.482158496975899 0.47563648223877 0.6504011079669 0.737915240228176 0.746032141149044
-9999 -9999 -9999 -9999 -9999 -9999 -9999 -9999 -9999 -9999 -9999 -9999 -9999 -9999 -9999 -9999 -9999 -9999 -9999 -9999 -9999 -9999 -9999 -9999 -9999 -9999 1.18186515569687 5.33004739880562 3.07204458117485 2.35493668913841 2.1043136715889 2.31536141037941 1.39679527282715 0.5860995054245 0.553628996014595 0.575526729226112 0.534897744655609 0.529940977692604 0.521790727972984 0.592287003993988 0.571331977844238 0.53048774600029 0.545733019709587 0.562807515263557 0.564465746283531 0.525491237640381 0.524526000022888 0.527310758829117 0.515418738126755 0.517418995499611 0.524387240409851 0.504864737391472 0.492597743868828 0.503473520278931 0.515975251793861 0.519891008734703 0.513069748878479 0.502086013555527 0.494982004165649 0.60453224927187 0.47120775282383 0.474527254700661
-9999 -9999 -9999 -9999 -9999 -9999 -9999 -9999 -9999 -9999 -9999 -9999 -9999 -9999 -9999 -9999 -9999 -9999 -9999 -9999 -9999 -9999 -9999 -9999 -9999 -9999 12.2017979621887 6.9359875023365 1.39506024122238 1.72388845682144 0.645854249596596 2.27107308804989 2.08637367188931 0.579888761043549 0.57632777094841 0.974753975868225 2.09470498561859 1.51231396198273 1.12629330158234 0.857854753732681 0.590134486556053 0.555938243865967 0.536148771643639 0.534220486879349 0.556295245885849 0.511607229709625 0.500403732061386 0.499976232647896 0.495559483766556 0.500492244958878 0.502341762185097 0.498611256480217 0.509532004594803 0.519069001078606 0.494881510734558 0.490466997027397 0.479330241680145 0.534477755427361 0.540922477841377 0.535606518387794 0.514672502875328 0.488141253590584
-9999 -9999 -9999 -9999 -9999 -9999 -9999 -9999 -9999 -9999 -9999 -9999 -9999 -9999 -9999 -9999 -9999 -9999 -9999 -9999 -9999 -9999 -9999 -9999 -9999 1.19121462106705 10.6315585970879 1.91412636637688 1.88371619582176 1.91030287742615 1.18147227168083 0.590648978948593 0.603650271892548 0.572540983557701 0.768917262554169 0.825108736753464 0.856871992349625 0.783266991376877 0.650302514433861 0.67944373190403 0.891529262065887 0.538973987102509 0.567125245928764 0.605971500277519 0.591588020324707 0.545974507927895 0.520388245582581 0.514699503779411 0.493139997124672 0.49540051817894 0.497928008437157 0.521151021122932 0.544450521469116 0.565912485122681 0.555500999093056 0.50585250556469 0.504665270447731 0.52564649283886 0.545663997530937 0.540186747908592 0.522338256239891 0.494634747505188
-9999 -9999 -9999 -9999 -9999 -9999 -9999 -9999 -9999 -9999 -9999 -9999 -9999 -9999 -9999 -9999 -9999 -9999 -9999 -9999 -9999 -9999 -9999 -9999 -9999 1.31243848800659 1.39201274514198 1.2420374751091 1.68033188581467 1.76214341819286 4.1905185431242 0.629917502403259 1.01411247253418 0.999537706375122 0.986976742744446 0.993596255779266 0.922684460878372 0.81977704167366 0.744983240962029 0.693940490484238 0.662930980324745 0.6093809902668 0.668976008892059 0.717129752039909 0.676831483840942 0.596092522144318 0.605252981185913 0.584363982081413 0.54009447991848 0.533526733517647 0.517595261335373 0.556701019406319 0.586989015340805 0.58781772851944 0.683808758854866 0.669518262147903 0.628034234046936 0.578711986541748 0.554919004440308 0.536358743906021 0.522806257009506 0.495816752314568
-9999 -9999 -9999 -9999 -9999 -9999 -9999 -9999 -9999 -9999 -9999 -9999 -9999 -9999 -9999 -9999 -9999 -9999 -9999 -9999 -9999 -9999 -9999 -9999 1.31647038459778 1.97512838244438 1.67576095461845 1.29138976335526 1.89928722381592 2.05706816911697 0.861294776201248 1.00116822123528 1.21539750695229 1.04294022917747 1.01529371738434 0.97594803571701 0.879588782787323 0.840232461690903 0.795532464981079 0.751422733068466 0.74176798760891 0.837614268064499 0.890180289745331 0.896691709756851 0.854792207479477 0.743262737989426 0.682850986719131 0.673362001776695 0.806692153215408 0.780147738754749 0.745162881910801 0.770852208137512 0.720005258917809 0.720969021320343 0.706226259469986 0.657151490449905 0.673737734556198 0.738396763801575 0.635972231626511 0.520362764596939 0.487748265266418 0.481319233775139
-9999 -9999 -9999 -9999 -9999 -9999 -9999 -9999 -9999 -9999 -9999 -9999 -9999 -9999 -9999 -9999 -9999 -9999 -9999 -9999 -9999 -9999 -9999 1.50594073534012 4.75354170799255 1.76985171437263 1.63960540294647 1.63357239961624 1.67411211133003 1.21078804135323 1.152039706707 1.19695428013802 1.06870651245117 0.981290996074677 0.907070249319077 0.805292218923569 0.842266470193863 0.777218967676163 0.791311472654343 0.80500727891922 0.946043282747269 1.03276652097702 1.00581899285316 0.968276292085648 0.879464238882065 0.867368996143341 0.804021030664444 0.79549053311348 0.807288765907288 0.78802353143692 0.793250977993011 0.779600232839584 0.775781214237213 0.769272744655609 0.789039731025696 0.821555972099304 0.709701731801033 0.671535015106201 0.745916247367859 0.716153249144554 0.70014001429081 0.684318736195564
-9999 -9999 -9999 -9999 -9999 -9999 -9999 -9999 -9999 -9999 -9999 -9999 -9999 -9999 -9999 -9999 -9999 -9999 -9999 -9999 -9999 -9999 10.4154234574391 3.42784354090691 1.85364603996277 1.43654170632362 1.34736451506615 1.32709801197052 1.29797548055649 1.25276175141335 1.19477999210358 1.0409699678421 0.998171210289001 0.994310259819031 0.970753490924835 0.855678766965866 0.825369000434875 0.818544745445251 0.845764517784119 0.868997991085052 0.952210485935211 0.973124206066132 0.93739128112793 0.911109030246735 0.893661707639694 0.889812737703323 0.819897025823593 0.802914708852768 0.792762011289597 0.783154517412186 0.73795048892498 0.728944480419159 0.74371799826622 0.783942729234695 0.675308257341385 0.645657017827034 1.11990451812744 0.953406751155853 0.830027997493744 0.798257231712341 1.13422876596451 0.687805518507957
-9999 -9999 -9999 -9999 -9999 -9999 -9999 -9999 -9999 -9999 -9999 -9999 -9999 -9999 -9999 -9999 -9999 -9999 -9999 -9999 2.64602583646774 2.18808647368681 2.13860929012299 2.11752068996429 1.71650630235672 1.2946642935276 1.19512724876404 1.1924250125885 1.21940696239471 1.15571397542953 1.12318047881126 1.00971302390099 0.948404967784882 0.958573490381241 0.950218498706818 0.888507753610611 0.844160288572311 0.861374258995056 0.925780534744263 0.942938983440399 1.00453796982765 0.973876476287842 0.968101501464844 0.950218498706818 0.909042030572891 0.88968899846077 0.785231977701187 0.766105502843857 0.765370488166809 0.781703978776932 0.774752229452133 0.741345003247261 0.818299502134323 0.831159710884094 0.663324013352394 1.32595950365067 4.02321374416351 3.24227714538574 3.88169467449188 1.05917061120272 0.995860509574413 2.33368581533432
-9999 -9999 -9999 -9999 -9999 -9999 -9999 -9999 -9999 -9999 -9999 -9999 -9999 -9999 -9999 -9999 -9999 -9999 -9999 -9999 2.27893974432131 2.42528772354126 1.45640176534653 2.12320178747177 1.33337098360062 1.24394327402115 1.10453322529793 1.0670722424984 1.04297250509262 1.02489075064659 0.978077262639999 0.93337270617485 0.951280474662781 0.921376526355743 0.925626754760742 0.901467025279999 0.885175466537476 0.904709279537201 0.911921292543411 0.946156471967697 0.960841476917267 0.9740010201931 1.01276850700378 1.0089944601059 0.972083240747452 0.952172219753265 0.871535986661911 0.828720778226852 0.793752729892731 0.793092727661133 0.783268511295319 0.802701741456985 0.766777485609055 0.708414003252983 0.724532246589661 2.33806568384171 3.53602266311646 5.89769983291626 2.8590390086174 7.41228532791138 3.62429094314575 0.717144012451172
-9999 -9999 -9999 -9999 -9999 -9999 -9999 -9999 -9999 -9999 -9999 -9999 -9999 -9999 -9999 -9999 -9999 -9999 -9999 4.0628909111023 2.1335269510746 2.11932787299156 1.13724902272224 1.33094850182533 1.19358828663826 1.07616823911667 1.01193299889565 1.03408795595169 1.09665450453758 1.1062807738781 1.0530007481575 1.03262400627136 1.01270171999931 1.02521771192551 1.04928973317146 1.03399577736855 0.984498739242554 0.985857009887695 1.05071926116943 1.14088726043701 1.08291301131248 1.12429645657539 1.14298796653748 1.12599822878838 1.09674596786499 1.00980895757675 0.937212020158768 0.899300962686539 0.883705526590347 0.820661991834641 0.835483521223068 0.799101769924164 0.828773975372314 0.80186328291893 1.91269129514694 0.793751209974289 0.878813982009888 4.36977016925812 3.64722061157227 4.4389933347702 5.06441938877106 4.0195791721344
-9999 -9999 -9999 -9999 -9999 -9999 -9999 -9999 -9999 -9999 -9999 -9999 -9999 -9999 -9999 -9999 -9999 -9999 7.04854130744934 5.09097075462341 3.33077251911163 2.24130070209503 1.77936226129532 1.21522271633148 1.23795372247696 1.15204051136971 1.26013648509979 1.62631058692932 1.48361849784851 1.43198329210281 1.38689401745796 1.41825896501541 1.35637351870537 1.26594820618629 1.20301276445389 1.12774121761322 1.08346197009087 1.11443853378296 1.13900926709175 1.13651096820831 1.22728049755096 1.26055946946144 1.16064977645874 1.12615647912025 1.10361823439598 1.06193920969963 1.05848997831345 0.92722499370575 0.788840979337692 0.771046489477158 0.824562728404999 0.838243514299393 0.835196256637573 0.791822254657745 0.818951278924942 0.699353992938995 0.756984740495682 0.839787751436234 1.78115093708038 8.60843968391418 9.74223160743713 7.99422812461853
-9999 -9999 -9999 -9999 -9999 -9999 -9999 -9999 -9999 -9999 -9999 -9999 -9999 -9999 -9999 -9999 -9999 30.4279253772228 6.3606870174408 5.3326553106308 3.52654337882996 1.91062724590302 1.79668271541595 1.46232372522354 1.37161803245544 1.30083078145981 1.62509018182755 2.37037807703018 2.669702231884 2.566082239151 2.06310367584229 1.79024541378021 1.57136482000351 1.35611853003502 1.20144376158714 1.17232275009155 1.16623574495316 1.21577399969101 1.27455747127533 1.25662422180176 1.25016528367996 1.24725303053856 1.24951878190041 1.2275692820549 1.21960946917534 1.181715041399 1.11116471886635 0.954166531562805 0.870277494192123 0.902550011873245 0.891258001327515 0.895661294460297 0.912700474262238 0.928001224994659 0.961254715919495 0.803404480218887 0.934674024581909 1.18174651265144 0.962196707725525 0.968163728713989 0.920969992876053 4.01594853401184
-9999 -9999 -9999 -9999 -9999 -9999 -9999 -9999 -9999 -9999 -9999 -9999 -9999 -9999 -9999 -9999 -9999 -9999 -9999 9.29137802124023 1.84949773550034 1.92764782905579 2.09380728006363 2.23395967483521 1.66451472043991 1.38337951898575 1.56649804115295 2.02822279930115 3.50476133823395 3.53605270385742 3.73073852062225 1.88020205497742 1.62620401382446 1.53523653745651 1.39715552330017 1.39284896850586 1.33890974521637 1.32504603266716 1.35470920801163 1.42969420552254 1.40672099590302 1.42138570547104 1.342913210392 1.36104226112366 1.43822023272514 1.33814549446106 1.33521902561188 1.25681778788567 1.03273728489876 0.908347517251968 1.02612447738647 1.09249877929688 1.17143923044205 1.24456125497818 1.15203899145126 1.13013750314713 1.39793846011162 1.18285426497459 1.14476028084755 1.0261102616787 1.02382877469063 1.01729929447174
-9999 -9999 -9999 -9999 -9999 -9999 -9999 -9999 -9999 -9999 -9999 -9999 -9999 -9999 -9999 4.96861052513123 3.33788378672166 2.86624158918858 2.07018291950226 1.88957852125168 1.72963267564774 1.84177350997925 1.98564523458481 2.07876294851303 1.83416998386383 2.14036041498184 2.55514866113663 3.03884625434875 3.37434840202332 3.20436608791351 3.03418064117432 1.87259244918823 2.12260508537292 2.17074751853943 2.10404849052429 1.71644693613052 1.56296932697296 1.55191576480865 1.41176399588585 1.48690795898438 1.48139020800591 1.43862524628639 1.43793073296547 1.46863800287247 1.40401947498322 1.2610687315464 1.22711625695229 1.02130275964737 0.89314877986908 0.963625520467758 2.80255275964737 3.36545240879059 2.35337841510773 3.59305286407471 1.37315770983696 1.20502799749374 1.21919471025467 1.55073666572571 1.39350146055222 1.39429950714111 1.37606102228165 1.34066471457481
-9999 -9999 -9999 -9999 -9999 -9999 -9999 -9999 -9999 -9999 35.2986888885498 35.2986888885498 13.7248649597168 4.90242910385132 5.1511857509613 4.64227223396301 4.44441795349121 4.93302762508392 4.6637864112854 3.39757061004639 2.86482006311417 2.6625217795372 2.73742353916168 2.39138692617416 2.45549994707108 2.87044054269791 3.57360970973969 4.81192803382874 5.29828798770905 2.1815430521965 1.94583982229233 2.02500522136688 1.90686821937561 2.24861472845078 1.99615126848221 1.74649876356125 1.7553037405014 1.62085872888565 1.49465024471283 1.5239782333374 1.41273897886276 1.49783545732498 1.24977672100067 1.11321374773979 1.05464029312134 0.963755249977112 1.12357047200203 0.954371273517609 0.941973030567169 4.30354714393616 7.02278923988342 7.98464012145996 8.68527030944824 5.28777587413788 3.65922975540161 2.56500828266144 1.3998142182827 1.68080180883408 1.90024566650391 1.96271324157715 2.06390100717545 2.0813325047493
-9999 -9999 -9999 -9999 -9999 -9999 -9999 -9999 -9999 -9999 35.2986888885498 7.36792243610729 9.9159049987793 6.17094540596008 6.17211627960205 4.29036295413971 3.98585319519043 6.80874255895615 4.098758446108 4.56707459025913 4.52902579307556 4.73925733566284 3.98356640338898 4.50504899024963 5.17478013038635 4.98553419113159 7.51556539535522 8.51903486251831 9.50421953201294 9.33800983428955 4.41210973262787 2.41228955984116 1.91616153717041 2.13256877660751 1.96636193990707 1.99468356370926 1.97395348548889 1.91267770528793 2.0112419128418 1.85982066392899 1.59327524900436 1.44978073239326 1.33875972032547 0.923439770936966 0.99449023604393 1.09622928500175 1.21246495842934 1.19929128885269 1.29082122445107 2.25053483247757 4.42355918884277 6.73154497146606 5.88167631626129 4.66870951652527 3.72777450084686 3.31405341625214 2.38867503404617 1.16119274497032 1.66506671905518 1.9660125374794 2.17874318361282 2.10218399763107
-9999 -9999 -9999 -9999 -9999 -9999 -9999 -9999 -9999 -9999 -9999 -9999 3.85879615636972 6.61094284057617 5.83205771446228 4.25467608869076 -9999 -9999 -9999 -9999 -9999 -9999 9.95537942647934 8.5448591709137 3.36069524288177 3.29430162906647 4.59849965572357 2.95804345607758 3.96524083614349 4.33422660827637 7.01322269439697 6.02539443969727 3.88927066326141 2.76664119958878 2.5514640212059 2.03014808893204 1.65041542053223 1.65934646129608 1.62810748815536 1.31325978040695 1.27785077691078 1.37130975723267 1.34972852468491 1.34802603721619 1.54844552278519 1.68046653270721 1.45413824915886 1.21283251047134 1.60945719480515 2.5405860543251 2.97794544696808 3.63780677318573 4.67582166194916 5.29278016090393 6.11165499687195 4.83305311203003 6.04837489128113 1.66328018903732 1.580830514431 1.65068256855011 1.35396373271942 1.9342178106308
-9999 -9999 -9999 -9999 -9999 -9999 -9999 -9999 -9999 -9999 -9999 -9999 -9999 16.6274771690369 16.6274771690369 16.6274771690369 -9999 -9999 -9999 -9999 -9999 -9999 4.94490551948547 4.94490551948547 4.94490551948547 0.308659605681896 8.22821116447449 5.94070959091187 4.26904857158661 3.88701975345612 4.73055911064148 4.19456040859222 4.35144817829132 4.17606890201569 3.16991865634918 2.47667330503464 1.7280045747757 1.49847373366356 1.28154221177101 1.22168996930122 1.2199267745018 1.3654927611351 1.87059527635574 1.99065452814102 1.92279374599457 1.61893647909164 1.81580704450607 2.21042847633362 2.78539127111435 2.9831834435463 3.74061155319214 2.912577688694 3.25038385391235 3.49083602428436 5.24024033546448 5.4552104473114 6.50248503684998 5.44436037540436 10.5754294395447 1.70778751373291 1.35878321528435 1.80789291858673
-9999 -9999 -9999 -9999 -9999 -9999 -9999 -9999 -9999 -9999 -9999 -9999 -9999 -9999 -9999 -9999 -9999 -9999 -9999 -9999 -9999 -9999 -9999 -9999 -9999 -9999 50.8353537023067 4.08445975184441 4.60337823629379 1.58341205120087 2.13337647914886 2.00940531492233 2.19996231794357 2.92664104700089 3.29568064212799 3.39550423622131 2.93064379692078 2.17778331041336 1.54773366451263 1.57002156972885 1.8038227558136 2.50605744123459 3.23137414455414 3.21076726913452 2.46164166927338 2.13380777835846 2.59285944700241 2.74897348880768 2.73094350099564 2.58037358522415 2.75612783432007 2.84148895740509 3.21750748157501 3.34302449226379 4.73145389556885 5.98258709907532 5.19783389568329 3.58810114860535 3.15692925453186 2.32060271501541 3.08987009525299 3.03667509555817
-9999 -9999 -9999 -9999 -9999 -9999 -9999 -9999 -9999 -9999 -9999 -9999 -9999 -9999 -9999 -9999 -9999 -9999 -9999 -9999 -9999 -9999 -9999 -9999 -9999 -9999 -9999 3.37380468845367 6.5698664188385 3.60850274562836 3.25432205200195 2.56041830778122 2.21868681907654 1.98626482486725 2.03063482046127 2.89553099870682 3.25071823596954 3.02158784866333 2.39302951097488 1.90597575902939 2.64137023687363 3.74550211429596 4.67173290252686 3.80881941318512 3.12948310375214 3.52090215682983 3.4805166721344 2.95495283603668 2.75890052318573 2.7827467918396 3.33326232433319 2.9272266626358 3.63260185718536 5.15264618396759 5.66329336166382 5.68801116943359 4.36918258666992 3.72399079799652 3.67797088623047 2.92657577991486 2.87935799360275 3.65995573997498
