EcologicalScience/Bass/data/rs_data_bass/chl_79.asc
NCOLS 226 
NROWS 124 
XLLCORNER -9.41648524995501 
YLLCORNER 47.587301625531 
CELLSIZE 0.0833 
NODATA_value -9999 
[rows 0 to 26 of 124, columns 62 to 123 of 226]
-9999 -9999 -9999 -9999 -9999 -9999 -9999 -9999 -9999 -9999 -9999 -9999 -9999 -9999 -9999 -9999 -9999 -9999 -9999 -9999 -9999 -9999 -9999 -9999 -9999 -9999 -9999 -9999 -9999 -9999 -9999 -9999 -9999 -9999 -9999 -9999 -9999 -9999 -9999 -9999 -9999 -9999 -9999 -9999 -9999 -9999 -9999 -9999 -9999 -9999 -9999 -9999 -9999 -9999 -9999 -9999 -9999 -9999 -9999 -9999 -9999 -9999
-9999 -9999 -9999 -9999 -9999 -9999 -9999 -9999 -9999 -9999 -9999 -9999 -9999 -9999 -9999 -9999 -9999 -9999 -9999 -9999 -9999 -9999 -9999 -9999 -9999 -9999 -9999 -9999 -9999 -9999 -9999 -9999 -9999 -9999 -9999 -9999 -9999 -9999 -9999 -9999 -9999 -9999 -9999 -9999 -9999 -9999 -9999 -9999 -9999 -9999 -9999 -9999 -9999 -9999 -9999 -9999 -9999 -9999 -9999 -9999 -9999 -9999
-9999 -9999 -9999 -9999 -9999 -9999 -9999 -9999 -9999 -9999 -9999 -9999 -9999 -9999 -9999 -9999 -9999 -9999 -9999 -9999 -9999 -9999 -9999 -9999 -9999 -9999 -9999 -9999 -9999 -9999 -9999 -9999 -9999 -9999 -9999 -9999 -9999 -9999 -9999 -9999 -9999 -9999 -9999 -9999 -9999 -9999 -9999 -9999 -9999 -9999 -9999 -9999 -9999 -9999 -9999 -9999 -9999 -9999 -9999 -9999 -9999 -9999
-9999 -9999 -9999 -9999 -9999 -9999 -9999 -9999 -9999 -9999 -9999 -9999 -9999 -9999 -9999 -9999 -9999 -9999 -9999 -9999 -9999 -9999 -9999 -9999 -9999 -9999 -9999 -9999 -9999 -9999 -9999 -9999 -9999 -9999 -9999 -9999 -9999 -9999 -9999 -9999 -9999 -9999 -9999 -9999 -9999 -9999 -9999 -9999 -9999 -9999 -9999 -9999 -9999 -9999 -9999 -9999 -9999 -9999 -9999 -9999 -9999 -9999
-9999 -9999 -9999 -9999 -9999 -9999 -9999 -9999 -9999 -9999 -9999 -9999 -9999 -9999 -9999 -9999 -9999 -9999 -9999 -9999 -9999 -9999 -9999 -9999 -9999 -9999 -9999 -9999 -9999 -9999 -9999 -9999 -9999 -9999 -9999 -9999 -9999 -9999 -9999 -9999 -9999 -9999 -9999 -9999 -9999 -9999 -9999 -9999 -9999 -9999 -9999 -9999 -9999 -9999 -9999 -9999 -9999 -9999 -9999 -9999 -9999 -9999
-9999 -9999 -9999 -9999 -9999 -9999 -9999 -9999 -9999 -9999 -9999 -9999 -9999 -9999 -9999 -9999 -9999 -9999 -9999 -9999 -9999 -9999 -9999 -9999 -9999 -9999 -9999 -9999 0.63735419511795 0.659018329786558 0.93322429060936 1.16323763877153 5.86971178650856 4.08826569467783 2.93867743760347 1.62386778742075 2.3286844342947 4.35310585051775 7.7916209846735 8.52768111974001 0.984836488962174 0.595765516161919 0.531153738498688 0.570783019065857 0.569439008831978 0.579138770699501 0.52725376188755 0.50373449921608 0.519720017910004 0.548358008265495 0.513718485832214 0.44699701666832 0.419001013040543 0.398299500346184 0.40990948677063 0.411284253001213 0.407600998878479 0.415377750992775 0.43887747824192 0.467099994421005 0.488571748137474 0.50764574110508
-9999 -9999 -9999 -9999 -9999 -9999 -9999 -9999 -9999 -9999 -9999 -9999 -9999 -9999 -9999 -9999 -9999 -9999 -9999 -9999 -9999 -9999 -9999 -9999 -9999 -9999 1.18186515569687 1.0627324283123 1.79586035013199 3.64285209774971 5.986960709095 1.30666013807058 2.44381794333458 0.570965230464935 0.563010737299919 0.635496005415916 0.580394983291626 0.774170279502869 0.956582218408585 1.00387197732925 15.5469142869115 0.746177271008492 0.642119988799095 0.583118230104446 0.525784492492676 0.547107741236687 0.549905240535736 0.560932517051697 0.547067239880562 0.504335269331932 0.499007239937782 0.459385514259338 0.440725520253181 0.41482275724411 0.39782626926899 0.389529749751091 0.389279991388321 0.496424227952957 0.50093100965023 0.508881747722626 0.498001500964165 0.435876756906509
-9999 -9999 -9999 -9999 -9999 -9999 -9999 -9999 -9999 -9999 -9999 -9999 -9999 -9999 -9999 -9999 -9999 -9999 -9999 -9999 -9999 -9999 -9999 -9999 -9999 -9999 1.18186515569687 1.63489083945751 2.17296627759933 1.73945133090019 10.8444631040096 5.40926094353199 8.8300981298089 0.667184248566628 0.684402018785477 0.70992748439312 0.708839267492294 0.702735006809235 0.708577483892441 0.736967995762825 0.86419352889061 0.760051488876343 0.75489154458046 0.701713487505913 0.653977498412132 0.490921497344971 0.472120508551598 0.461791500449181 0.447423756122589 0.453657746315002 0.433764740824699 0.467367008328438 0.528588742017746 0.482691004872322 0.437871739268303 0.399730503559113 0.414629235863686 0.521793767809868 0.544400230050087 0.510681018233299 0.50450773537159 0.52734375
-9999 -9999 -9999 -9999 -9999 -9999 -9999 -9999 -9999 -9999 -9999 -9999 -9999 -9999 -9999 -9999 -9999 -9999 -9999 -9999 -9999 -9999 -9999 -9999 -9999 -9999 3.12171406745911 1.29295501112938 1.01418748497963 0.786430478096008 0.777480036020279 0.75049352645874 0.61786200106144 0.785997748374939 0.758767515420914 0.736087515950203 0.715148270130157 0.756978034973145 0.781865984201431 0.797168970108032 1.06346172094345 1.05335247516632 0.815574735403061 0.690554246306419 0.60054449737072 0.547609493136406 0.571511998772621 0.551462262868881 0.638758510351181 0.694562271237373 0.636864021420479 0.623357981443405 0.659997761249542 0.597928494215012 0.498033732175827 0.465978741645813 0.461250767111778 0.53294549882412 0.523636490106583 0.540659263730049 0.513171762228012 0.5626530200243
-9999 -9999 -9999 -9999 -9999 -9999 -9999 -9999 -9999 -9999 -9999 -9999 -9999 -9999 -9999 -9999 -9999 -9999 -9999 -9999 -9999 -9999 -9999 -9999 -9999 1.19121462106705 1.34811526536942 0.910081475973129 0.821987271308899 0.778017729520798 0.656313747167587 0.543713271617889 0.569150269031525 0.613282486796379 0.709104001522064 0.940682262182236 1.38840374350548 1.52676683664322 1.21931245923042 1.22887650132179 1.14238500595093 0.960896283388138 0.814897477626801 1.11415725946426 1.11667129397392 1.08298051357269 1.24834728240967 1.11508727073669 0.993330717086792 1.0407232940197 0.867723762989044 0.863187789916992 0.827412039041519 0.671935513615608 0.591897010803223 0.571178242564201 0.562856242060661 0.463596001267433 0.527155503630638 0.561856493353844 0.600148513913155 0.582837000489235
-9999 -9999 -9999 -9999 -9999 -9999 -9999 -9999 -9999 -9999 -9999 -9999 -9999 -9999 -9999 -9999 -9999 -9999 -9999 -9999 -9999 -9999 -9999 -9999 -9999 3.91970155388117 2.70815518498421 3.15800280869007 5.01186138018966 7.69129968434572 0.447489738464355 0.530764505267143 0.577872008085251 0.632762253284454 0.998620480298996 1.53690147399902 3.60456311702728 2.35578382015228 1.60882204771042 1.66305667161942 1.58537399768829 1.59173101186752 1.79175907373428 1.4266320168972 2.07725697755814 2.28384447097778 2.1103777885437 2.01566469669342 2.01870971918106 2.30044502019882 1.735899746418 0.975906014442444 0.875194519758224 0.785277754068375 0.677193760871887 0.650206491351128 0.616208240389824 0.654209241271019 0.627228006720543 0.579447761178017 0.531719997525215 0.520862996578217
-9999 -9999 -9999 -9999 -9999 -9999 -9999 -9999 -9999 -9999 -9999 -9999 -9999 -9999 -9999 -9999 -9999 -9999 -9999 -9999 -9999 -9999 -9999 -9999 1.31647038459778 6.44871331751347 1.51402866840363 1.35287770628929 1.1195909678936 1.06613177061081 1.17433047294617 1.13171929121017 1.47896021604538 1.49409753084183 1.50283044576645 1.75736618041992 2.29106998443604 2.85591226816177 2.75663548707962 2.42079967260361 2.41724467277527 2.54208898544312 2.32824379205704 3.19438183307648 3.60445654392242 2.64095628261566 2.47256702184677 3.8125147819519 3.69120740890503 2.58609527349472 2.17617756128311 1.63067328929901 1.14497020840645 0.965802758932114 0.833667039871216 0.729762732982635 0.668247744441032 0.632219240069389 0.579473242163658 0.575810998678207 0.571651518344879 0.530933260917664
-9999 -9999 -9999 -9999 -9999 -9999 -9999 -9999 -9999 -9999 -9999 -9999 -9999 -9999 -9999 -9999 -9999 -9999 -9999 -9999 -9999 -9999 -9999 1.50594073534012 1.55530875921249 1.51209980249405 1.53070199489594 1.47011178731918 1.25182271003723 1.41116774082184 1.42770302295685 1.51389598846436 1.67298370599747 1.67416870594025 1.50366228818893 1.90591567754745 2.22747445106506 2.44248908758163 2.67951518297195 2.69864702224731 2.62955617904663 2.77883541584015 3.42180061340332 2.99467724561691 3.48626840114594 3.7439421415329 5.17942714691162 3.6575653553009 3.08001887798309 3.0688065290451 2.59013932943344 1.74936157464981 1.20517498254776 0.853922992944717 0.715824767947197 0.675216749310493 0.579081729054451 0.51476776599884 0.501311257481575 0.520319983363152 0.530914485454559 0.518810257315636
-9999 -9999 -9999 -9999 -9999 -9999 -9999 -9999 -9999 -9999 -9999 -9999 -9999 -9999 -9999 -9999 -9999 -9999 -9999 -9999 -9999 -9999 19.9715812035969 1.93123385310173 2.09142225980759 1.48681649565697 1.46157824993134 1.46378552913666 1.49392122030258 1.45243576169014 1.411148250103 1.37093621492386 1.3267762362957 1.32294371724129 1.28309923410416 1.64910292625427 2.26077675819397 2.40330523252487 2.39726257324219 2.59995228052139 2.82324296236038 3.85132884979248 5.39920949935913 6.58128547668457 5.68856549263 2.63566052913666 4.9179915189743 3.71207463741302 4.3037588596344 3.69077861309052 2.42790448665619 1.90085846185684 1.10319972038269 0.694986015558243 0.646566733717918 0.66592575609684 0.517138481140137 0.507861748337746 0.510263979434967 0.527202755212784 0.515485480427742 0.517808228731155
-9999 -9999 -9999 -9999 -9999 -9999 -9999 -9999 -9999 -9999 -9999 -9999 -9999 -9999 -9999 -9999 -9999 -9999 -9999 -9999 2.64602583646774 2.44237081757907 2.61198189854622 1.96431666612625 1.84096133708954 1.54511779546738 1.36227750778198 1.35028204321861 1.42251822352409 1.39514395594597 1.38581997156143 1.32375821471214 1.19353348016739 1.19683572649956 1.2410414814949 1.30291798710823 1.48321723937988 1.96827006340027 2.61738753318787 2.586241543293 3.29018318653107 2.83803981542587 3.57619643211365 5.56292939186096 4.41949868202209 2.51398569345474 3.84335160255432 3.43867063522339 3.38955974578857 2.60809653997421 1.33309650421143 1.37580826878548 1.44788771867752 1.18233749270439 0.784028291702271 0.665906265377998 0.606296986341476 0.532587736845016 0.498336732387543 0.519579738378525 0.520022258162498 0.467936977744102
-9999 -9999 -9999 -9999 -9999 -9999 -9999 -9999 -9999 -9999 -9999 -9999 -9999 -9999 -9999 -9999 -9999 -9999 -9999 -9999 2.07623440014021 1.82207179069519 1.94133371114731 2.17353969812393 1.87116158008575 1.64395576715469 1.34732928872108 1.50229954719543 1.40929198265076 1.34689199924469 1.47960752248764 1.25255995988846 1.11252602934837 1.27782520651817 1.42915570735931 1.32612526416779 1.40614950656891 1.89174002408981 2.73027902841568 7.0072717666626 6.62159299850464 7.54920959472656 7.37821555137634 1.72464823722839 1.4417490363121 1.35666078329086 2.04158252477646 1.93389523029327 1.08652576804161 0.836443483829498 0.783363729715347 0.803855270147324 0.800549268722534 0.850137770175934 0.899352729320526 0.807920962572098 0.545520007610321 0.50926798582077 0.504773989319801 0.49294576048851 0.487861499190331 0.506291270256042
-9999 -9999 -9999 -9999 -9999 -9999 -9999 -9999 -9999 -9999 -9999 -9999 -9999 -9999 -9999 -9999 -9999 -9999 -9999 3.54741824969001 1.89874345064163 1.77478873729706 1.57588273286819 1.65466421842575 1.8202012181282 1.60188066959381 1.3498350083828 1.28590348362923 1.18908897042274 1.2487844824791 1.20266845822334 1.15901550650597 1.32364797592163 1.34668573737144 1.3070122897625 1.19484302401543 1.13490074872971 1.95430272817612 2.3659508228302 2.95781993865967 3.98083341121674 4.56243360042572 1.73492467403412 1.2517274916172 1.03946399688721 0.847739964723587 0.896293491125107 0.854402214288712 0.716775745153427 0.690758228302002 0.660213768482208 0.685961991548538 0.732768014073372 0.723937511444092 0.731955751776695 0.663990765810013 0.514829993247986 0.492869988083839 0.522595480084419 0.525043487548828 0.518736004829407 0.450168013572693
-9999 -9999 -9999 -9999 -9999 -9999 -9999 -9999 -9999 -9999 -9999 -9999 -9999 -9999 -9999 -9999 -9999 -9999 4.38414376974106 2.42048174142838 1.96073251962662 1.69528877735138 1.8638219833374 2.12011581659317 1.60779297351837 1.49933025240898 1.60753870010376 2.22824853658676 1.53747743368149 1.47923478484154 1.65791183710098 1.35204300284386 1.31081476807594 1.17912447452545 1.21029227972031 1.23419997096062 1.61405771970749 2.15394598245621 2.97510230541229 2.72325968742371 2.47724318504333 2.30608195066452 1.11727800965309 0.887991786003113 0.927570015192032 0.804591000080109 0.666728988289833 0.67341747879982 0.685776740312576 0.630121484398842 0.542870253324509 0.580220997333527 0.626387268304825 0.759372711181641 0.690864756703377 0.597839266061783 0.461307764053345 0.464637771248817 0.490469232201576 0.505077749490738 0.493068739771843 0.470403760671616
-9999 -9999 -9999 -9999 -9999 -9999 -9999 -9999 -9999 -9999 -9999 -9999 -9999 -9999 -9999 -9999 -9999 6.08467616649032 3.78848934173584 3.82992446422577 2.29500067234039 1.77518767118454 1.13348999619484 1.01008576154709 2.4929062128067 1.79700529575348 1.58200192451477 1.50305467844009 2.42612618207932 1.24219125509262 1.78178107738495 1.73646748065948 1.16216853260994 1.15063950419426 1.24702048301697 1.17689779400826 2.17730623483658 2.51334071159363 2.73668253421783 2.33668041229248 3.00249016284943 2.04348528385162 1.44189003109932 0.916475236415863 0.826818734407425 0.757836788892746 0.56259973347187 0.537855729460716 0.576584234833717 0.561194255948067 0.526866003870964 0.482330247759819 0.559655249118805 0.665172770619392 0.645095229148865 0.524691000580788 0.46654200553894 0.424700260162354 0.42340050637722 0.448202267289162 0.453107267618179 0.461807996034622
-9999 -9999 -9999 -9999 -9999 -9999 -9999 -9999 -9999 -9999 -9999 -9999 -9999 -9999 -9999 -9999 -9999 -9999 -9999 3.56171005964279 0.853337287902832 1.78197830915451 2.15195542573929 2.39551573991776 2.70313650369644 3.34006583690643 1.59892272949219 1.58169221878052 1.18345946073532 1.28695946931839 1.16900020837784 1.148990213871 1.23957520723343 1.25620427727699 1.29742723703384 1.4697539806366 2.46395391225815 2.07294219732285 1.96894133090973 1.77368706464767 2.19686704874039 1.86085349321365 1.60930126905441 0.85641673207283 0.73359976708889 0.682247266173363 0.504564732313156 0.50755575299263 0.513465017080307 0.553526267409325 0.472684487700462 0.429922521114349 0.451279520988464 0.500676736235619 0.516518980264664 0.50458051264286 0.466603517532349 0.472528517246246 0.422015234827995 0.410074487328529 0.41380575299263 0.432180762290955
-9999 -9999 -9999 -9999 -9999 -9999 -9999 -9999 -9999 -9999 -9999 -9999 -9999 -9999 -9999 33.9035877260295 13.7046197367877 7.64601682847546 13.4285419157573 1.93567800521851 1.67243403196335 3.8841165304184 3.0501766204834 3.41398215293884 1.45632827281952 4.61200654506683 4.65418946743011 1.61981856822968 1.29256573319435 1.18756502866745 1.0703212916851 1.09869450330734 1.17984902858734 1.23782846331596 1.84967923164368 2.67635178565979 2.57524126768112 2.46925127506256 2.30829155445099 2.08312118053436 1.5928373336792 1.47870674729347 1.13357251882553 0.857981979846954 0.700127989053726 0.576639756560326 0.4751977622509 0.475195482373238 0.480090022087097 0.494794517755508 0.455123260617256 0.445877999067307 0.416065514087677 0.430394992232323 0.429259479045868 0.409786507487297 0.42399899661541 0.42730875313282 0.428378999233246 0.399980261921883 0.424461007118225 0.448826998472214
-9999 -9999 -9999 -9999 -9999 -9999 -9999 -9999 -9999 -9999 35.2986888885498 35.2986888885498 13.7248649597168 22.7597588896751 16.4517106711864 21.8503617048264 2.67459905147552 2.26647144556046 7.19611102342606 3.80278453230858 1.44509848952293 1.42135351896286 1.41475421190262 1.40285629034042 1.48426499962807 1.43556377291679 1.53714752197266 1.50929778814316 1.20081228017807 1.27605673670769 1.3219912648201 1.34154072403908 1.43625301122665 1.63120722770691 3.7934353351593 1.59141594171524 1.76259523630142 2.04758030176163 1.8420592546463 1.532202064991 1.33598998188972 1.24133402109146 1.12111499905586 0.791739732027054 0.690200999379158 0.586350739002228 0.506816267967224 0.472505271434784 0.479333996772766 0.408680230379105 0.418145254254341 0.393499508500099 0.392422512173653 0.401302501559258 0.405975759029388 0.399803996086121 0.402235507965088 0.427214249968529 0.457013994455338 0.46551601588726 0.524282231926918 0.491205766797066
-9999 -9999 -9999 -9999 -9999 -9999 -9999 -9999 -9999 -9999 35.2986888885498 6.16626191139221 12.9186767339706 9.21969538927078 16.7038246393204 10.7620139122009 24.8222978115082 12.0700317621231 9.26036725362929 13.3368944658173 2.73746770620346 3.86859512329102 2.55975222587585 3.95445835590363 2.25289267301559 1.55886071920395 1.41461178660393 1.48160102963448 2.79532116651535 1.8844079375267 1.21235248446465 1.26226195693016 1.19684627652168 1.16935122013092 1.29060298204422 1.4581852555275 1.58406758308411 1.63276416063309 1.53366529941559 1.33789578080177 1.09667095541954 0.967043995857239 0.857568740844727 0.690417006611824 0.692580744624138 0.563088744878769 0.52265927195549 0.445248752832413 0.459392264485359 0.455006986856461 0.427791729569435 0.394651517271996 0.385562986135483 0.368056498467922 0.383909270167351 0.449659511446953 0.444842979311943 0.449959516525269 0.489933013916016 0.523094996809959 0.502050742506981 0.500807270407677
-9999 -9999 -9999 -9999 -9999 -9999 -9999 -9999 -9999 -9999 -9999 -9999 -9999 22.8053168678284 14.164767742157 7.18877524914949 -9999 -9999 -9999 -9999 -9999 -9999 5.57483160495758 7.83568757772446 1.11927750706673 2.05822420120239 1.04141771793365 1.17927673459053 1.1200410425663 1.01805746555328 0.987470984458923 1.09140077233315 1.07109671831131 1.07728949189186 1.15843346714973 1.31383574008942 1.36165729165077 1.35248699784279 1.34635797142982 1.20248553156853 0.9998399913311 0.852714747190475 0.747599244117737 0.64079475402832 0.555306762456894 0.517599016427994 0.558445483446121 0.482157737016678 0.483997508883476 0.433833763003349 0.426493495702744 0.431325763463974 0.426440253853798 0.420417755842209 0.406097263097763 0.466576516628265 0.485418766736984 0.474655508995056 0.470496743917465 0.485151752829552 0.475929021835327 0.477599233388901
-9999 -9999 -9999 -9999 -9999 -9999 -9999 -9999 -9999 -9999 -9999 -9999 -9999 16.6274771690369 16.6274771690369 16.6274771690369 -9999 -9999 -9999 -9999 -9999 -9999 4.94490551948547 4.94490551948547 4.94490551948547 0.308659605681896 5.31387801468372 4.35019612312317 2.95690016448498 0.926547735929489 0.965854123234749 0.964871227741241 0.864871501922607 0.926035523414612 1.02966526150703 0.971243619918823 0.931687138974667 0.956988751888275 0.99301278591156 0.822155267000198 0.657553508877754 0.567957758903503 0.599149480462074 0.570128247141838 0.504111751914024 0.468525007367134 0.449663266539574 0.446182519197464 0.430995762348175 0.414324760437012 0.423861756920815 0.447335243225098 0.461685016751289 0.434389516711235 0.41508449614048 0.45763573050499 0.465947270393372 0.482287511229515 0.502932742238045 0.497158482670784 0.491712749004364 0.486640512943268
-9999 -9999 -9999 -9999 -9999 -9999 -9999 -9999 -9999 -9999 -9999 -9999 -9999 -9999 -9999 -9999 -9999 -9999 -9999 -9999 -9999 -9999 -9999 -9999 -9999 -9999 4.79853462788367 3.41228185594082 4.19969446957111 2.62746195495129 1.23022457957268 0.996290981769562 0.806918978691101 0.943698361515999 0.930812269449234 0.915688142180443 0.807302266359329 0.62856750190258 0.533919766545296 0.506783232092857 0.491984993219376 0.495020985603333 0.491001740098 0.485921993851662 0.510915756225586 0.505796983838081 0.496497765183449 0.45286425948143 0.4427729845047 0.42516902089119 0.455133765935898 0.468476235866547 0.46644526720047 0.442442268133163 0.444795727729797 0.491493746638298 0.503591984510422 0.51800175011158 0.506368517875671 0.476198270916939 0.453824982047081 0.452553749084473
-9999 -9999 -9999 -9999 -9999 -9999 -9999 -9999 -9999 -9999 -9999 -9999 -9999 -9999 -9999 -9999 -9999 -9999 -9999 -9999 -9999 -9999 -9999 -9999 -9999 -9999 -9999 3.02661439634505 3.1714243888855 5.42213070392609 2.25769118964672 1.03140753507614 0.952061265707016 1.33573007583618 0.778389036655426 0.839931786060333 0.799312502145767 0.687432020902634 0.583835989236832 0.55128975212574 0.579829484224319 0.582707270979881 0.534938246011734 0.557036250829697 0.567551985383034 0.537425234913826 0.530137494206429 0.497250750660896 0.469499230384827 0.454939484596252 0.467996254563332 0.484680756926537 0.446503490209579 0.447035998106003 0.482823729515076 0.469566017389297 0.495501011610031 0.505185753107071 0.454068750143051 0.397559255361557 0.413430020213127 0.418415263295174
