EcologicalScience/Bass/data/rs_data_bass/chl_301.asc
NCOLS 226 
NROWS 124 
XLLCORNER -9.41648524995501 
YLLCORNER 47.587301625531 
CELLSIZE 0.0833 
NODATA_value -9999 
[rows 81 to 107 of 124, columns 62 to 123 of 226]
3.85158455371857 5.97498106956482 7.6620512008667 7.66205191612244 -9999 -9999 -9999 -9999 -9999 -9999 -9999 -9999 -9999 -9999 -9999 -9999 -9999 -9999 -9999 -9999 -9999 -9999 -9999 -9999 -9999 -9999 -9999 -9999 -9999 -9999 -9999 -9999 -9999 -9999 -9999 -9999 -9999 -9999 -9999 -9999 -9999 -9999 -9999 -9999 -9999 -9999 -9999 -9999 -9999 -9999 -9999 -9999 -9999 -9999 -9999 -9999 -9999 -9999 -9999 -9999 -9999 -9999
3.11103563748517 -9999 -9999 -9999 -9999 -9999 -9999 -9999 -9999 -9999 -9999 -9999 -9999 -9999 -9999 -9999 -9999 -9999 -9999 -9999 -9999 -9999 -9999 -9999 -9999 -9999 -9999 -9999 -9999 -9999 -9999 -9999 -9999 -9999 -9999 -9999 -9999 -9999 -9999 -9999 -9999 -9999 -9999 -9999 -9999 -9999 -9999 -9999 -9999 -9999 -9999 -9999 -9999 -9999 -9999 -9999 -9999 -9999 -9999 -9999 -9999 -9999
-9999 -9999 -9999 -9999 -9999 -9999 -9999 -9999 -9999 -9999 -9999 -9999 -9999 -9999 -9999 -9999 -9999 -9999 -9999 -9999 -9999 -9999 -9999 -9999 -9999 -9999 -9999 -9999 -9999 -9999 -9999 -9999 -9999 -9999 -9999 -9999 -9999 -9999 -9999 -9999 -9999 -9999 -9999 -9999 -9999 -9999 -9999 -9999 -9999 -9999 -9999 -9999 -9999 -9999 -9999 -9999 -9999 -9999 -9999 -9999 -9999 -9999
-9999 -9999 -9999 -9999 -9999 -9999 -9999 -9999 -9999 -9999 -9999 -9999 -9999 -9999 -9999 -9999 -9999 -9999 -9999 -9999 -9999 -9999 -9999 -9999 -9999 -9999 -9999 -9999 -9999 -9999 -9999 -9999 -9999 -9999 -9999 -9999 -9999 -9999 -9999 -9999 -9999 -9999 -9999 -9999 -9999 -9999 -9999 -9999 -9999 -9999 -9999 -9999 -9999 -9999 -9999 -9999 -9999 2.78792903199792 4.19259634188243 2.60553181171417 2.13817799091339 3.75670194625854
-9999 -9999 -9999 -9999 -9999 -9999 -9999 -9999 -9999 -9999 -9999 -9999 -9999 -9999 -9999 -9999 -9999 -9999 -9999 -9999 -9999 -9999 -9999 -9999 -9999 -9999 -9999 -9999 -9999 -9999 -9999 -9999 -9999 -9999 -9999 -9999 37.1749906539917 -9999 3.13495707511902 2.54323528029702 -9999 -9999 1.48945289254189 1.20264261960983 1.57558988034725 2.80850404500961 3.15186238288879 3.11137783527374 3.054403424263 3.95045918226242 2.9497737288475 4.82300537824631 -9999 -9999 -9999 3.77767503261566 3.1262401342392 2.15340220928192 3.06528747081757 2.00318473577499 1.21633279323578 1.24913477897644
-9999 -9999 -9999 -9999 -9999 -9999 -9999 -9999 -9999 -9999 -9999 -9999 -9999 1.60590942068533 2.66792369261384 0.764505997300148 0.692188769578934 0.898593740803855 1.12509450316429 -9999 -9999 -9999 -9999 -9999 -9999 -9999 -9999 -9999 2.82557083368301 2.48768323659897 2.47121554613113 3.25146633386612 -9999 3.66949796676636 -9999 -9999 -9999 -9999 2.62759548425674 2.34760969877243 2.38713395595551 1.96525728702545 1.56431078910828 1.33963894844055 2.59358257055283 2.64843606948853 2.6044927239418 1.91547077894211 1.85129857063293 2.39203280210495 2.77016258239746 3.02983045578003 2.86878669261932 3.17489182949066 3.22095537185669 2.73074251413345 2.01311320066452 1.44639524817467 1.5544508099556 1.48548898100853 1.15871402621269 1.08401995897293
-9999 -9999 -9999 -9999 -9999 -9999 -9999 -9999 -9999 -9999 3.74321820054735 2.96389731019735 1.57776832580566 1.70414632558823 1.98242998123169 1.99754244089127 1.8974534869194 1.98486006259918 0.787208235689572 0.844608206301928 2.41042386725604 -9999 1.49628525227308 1.1752221621573 3.7979875930718 -9999 -9999 2.04784423112869 2.44852495193481 2.24447250366211 1.91210407018661 2.16703641414642 2.25815623998642 1.40337520837784 -9999 -9999 3.18115789549691 2.71794293607984 2.47637557983398 2.35749220848083 3.13577771186829 2.95241993665695 2.78423023223877 2.40230691432953 1.99069797992706 1.89306145906448 1.71431851387024 1.46924775838852 1.39545527100563 1.38492670655251 1.24818223714828 1.3644412457943 1.3382722735405 1.6031865477562 1.68203401565552 1.60153645277023 1.57798343896866 1.17385572195053 1.27428299188614 1.16764721274376 0.894551217556 0.965911477804184
-9999 -9999 -9999 -9999 -9999 -9999 -9999 -9999 -9999 2.23371148109436 1.75624573230743 1.86524927616119 1.59988206624985 1.64809656143188 1.68637043237686 1.72248977422714 1.69185894727707 1.70447248220444 1.61816400289536 1.88341641426086 1.12270681858063 0.943594716489315 1.38801539540291 2.29871249198914 2.1910514831543 2.03666621446609 2.04014629125595 2.03055971860886 1.99861943721771 2.0114107131958 2.07575619220734 2.27025747299194 2.35657346248627 2.33506053686142 2.50158441066742 2.48556679487228 2.44637024402618 2.17372208833694 2.27774477005005 2.54373371601105 2.57830202579498 2.79716098308563 2.64178133010864 2.09972995519638 1.26847797632217 0.857717961072922 0.98736897110939 1.00454923510551 0.966809213161469 0.832193970680237 0.94854149222374 0.992416530847549 0.978801727294922 1.19344273209572 1.29321527481079 1.19857200980186 1.10494127869606 0.990174740552902 1.04081028699875 1.00424775481224 0.842897236347198 0.975711733102798
-9999 -9999 -9999 -9999 -9999 -9999 -9999 -9999 -9999 0.3750059902668 0.635301008820534 0.833080530166626 0.480133503675461 0.552097007632256 1.47052127122879 1.21574628353119 1.28449648618698 1.27031779289246 1.21232852339745 1.32128325104713 1.53870892524719 1.74970042705536 1.87957942485809 1.95766496658325 1.88574600219727 1.88731348514557 1.90821218490601 1.9378387928009 1.9758585691452 2.04517203569412 2.15677946805954 2.26467669010162 2.34517121315002 2.40625423192978 2.51452642679214 2.52307051420212 2.55039149522781 2.55228906869888 2.44574779272079 2.45428508520126 2.28016126155853 2.13385426998138 1.42442402243614 1.19787374138832 1.13103827834129 1.10229304432869 1.06093347072601 1.05328050255775 1.06570503115654 0.814094960689545 0.772659748792648 0.832713782787323 0.805385291576385 0.8592329621315 0.893388748168945 0.902374505996704 0.909597784280777 0.868641793727875 0.843490540981293 0.834753781557083 0.99906000494957 1.10535523295403
-9999 -9999 -9999 -9999 -9999 -9999 -9999 -9999 1.7667611292724 0.391112241894007 0.411183744668961 0.378508746623993 0.402486994862556 0.783318042755127 0.903075009584427 0.845502734184265 0.900720030069351 0.894840717315674 0.949794709682465 0.988689780235291 0.971876263618469 1.14945003390312 1.23242470622063 1.29168453812599 1.47220122814178 1.44452771544456 1.4423722922802 1.48783725500107 1.62813377380371 1.68307507038116 1.7719087600708 1.81210792064667 1.84799855947495 1.91447031497955 1.96439856290817 1.97301453351974 2.01405823230743 2.08792358636856 1.95858746767044 1.72778177261353 1.48410522937775 1.16349595785141 0.988802969455719 0.99378302693367 0.968879252672195 1.04379603266716 0.987855792045593 0.919529289007187 0.929610729217529 0.808573544025421 0.771851241588593 0.752694010734558 0.758163034915924 0.836827486753464 0.875216245651245 0.896181017160416 0.972487539052963 1.12200075387955 1.05610129237175 0.950558245182037 0.891447007656097 0.968799769878387
0.395431250333786 1.22828272410801 1.23613724112511 1.26753467693925 -9999 -9999 -9999 1.80742423608899 0.683256380259991 0.362953137606382 0.36821137368679 0.333078380674124 0.396092265844345 1.07116502523422 1.09286999702454 1.30164152383804 1.25222477316856 0.957080215215683 0.92694228887558 0.94249427318573 0.918440222740173 0.904318481683731 0.892393469810486 0.918339729309082 1.00622248649597 1.02536103129387 1.06926673650742 1.11852604150772 1.13071954250336 1.00455147027969 0.993650257587433 1.0885237455368 1.12180504202843 1.13833272457123 1.12884896993637 1.09149000048637 1.07236048579216 1.09005671739578 1.06615725159645 1.02363976836205 0.960312008857727 0.921034455299377 0.915778487920761 0.917767524719238 0.847529232501984 0.803585976362228 0.777476996183395 0.768728256225586 0.83167576789856 0.852161228656769 0.825170964002609 0.834091544151306 0.871906489133835 0.977892726659775 1.05505952239037 1.11933222413063 1.23075896501541 1.2905992269516 1.12845745682716 0.98700749874115 1.11855152249336 1.11850646138191
0.639004871249199 0.694385625422001 0.89782577753067 1.0798137485981 0.642428979277611 0.541378498077393 0.642096742987633 0.59222099930048 0.48683175444603 0.389381255954504 0.441100507974625 1.34320503473282 1.3678514957428 1.48956745862961 1.68225681781769 1.21377298235893 1.06771650910378 0.845179527997971 0.870536237955093 0.900305271148682 0.934334278106689 0.965506464242935 0.959413468837738 0.954891711473465 0.981360733509064 1.00928324460983 1.00070697069168 0.957651793956757 0.814130991697311 0.817316293716431 0.824064016342163 0.822727471590042 0.807849794626236 0.872541725635529 0.920483976602554 0.879215240478516 0.848279982805252 0.815485507249832 0.869283020496368 0.91313624382019 0.934246480464935 0.948759734630585 0.84864753484726 0.792381763458252 0.778175264596939 0.769396483898163 0.84823876619339 0.846258759498596 0.834250509738922 0.821072280406952 0.89637154340744 0.962018251419067 1.06992754340172 1.25486701726913 1.23010352253914 1.15002751350403 1.15770524740219 1.13980802893639 1.09124028682709 0.962597250938416 1.02562728524208 1.31615549325943
0.529691621661186 0.58297124505043 0.674279227852821 0.80087623000145 0.714056253433228 0.501785986125469 0.512266494333744 0.664218753576279 0.764829754829407 0.91617751121521 1.14196273684502 1.21691474318504 1.27983301877975 1.23632776737213 0.815965533256531 0.768759727478027 0.687955498695374 0.759581208229065 0.816943466663361 0.864045739173889 0.900385469198227 0.938491523265839 0.945221275091171 0.944646030664444 0.958135485649109 0.857185542583466 0.82801428437233 0.780425280332565 0.738435745239258 0.720761999487877 0.735788270831108 0.765623956918716 0.768143266439438 0.762658506631851 0.796672493219376 0.769275784492493 0.76128825545311 0.844712287187576 0.904675483703613 0.935732960700989 0.937131017446518 0.912572264671326 0.875769764184952 0.811486512422562 0.875478029251099 0.888021737337112 0.864408016204834 0.868379205465317 0.869229733943939 0.840488255023956 0.914757013320923 1.07285097241402 1.25726401805878 1.26729297637939 1.19562596082687 1.25262898206711 1.18975728750229 1.17480826377869 1.14640349149704 1.0538774728775 1.24202996492386 1.16703075170517
2.79802876710892 2.07060599327087 1.14739421010017 1.88577371835709 2.32855796813965 1.71470993757248 1.22532749176025 0.757222473621368 0.9375059902668 0.866168260574341 0.783286482095718 0.8189677298069 0.86133599281311 0.894643485546112 1.12919551134109 0.82513502240181 0.663439482450485 0.674799755215645 0.739226996898651 0.845305502414703 0.88788378238678 0.928467035293579 0.913170039653778 0.891765743494034 0.907137036323547 0.896322011947632 0.8048355281353 0.776058733463287 0.743403732776642 0.744261011481285 0.742178991436958 0.757274955511093 0.74830350279808 0.760963529348373 0.765497267246246 0.8228819668293 0.832743734121323 0.919489502906799 0.949643969535828 0.940367996692657 0.872399210929871 0.913952261209488 0.848970025777817 0.824108988046646 0.85480123758316 0.887604743242264 0.855547517538071 0.852566242218018 0.840488255023956 0.899829000234604 1.01183322072029 1.11264449357986 1.25961229205132 1.29856351017952 1.24537047743797 1.22836875915527 1.28391748666763 1.27528873085976 1.24419602751732 1.30316546559334 1.17493352293968 1.0092000067234
3.02076816558838 2.29149752855301 1.61058980226517 1.5701317191124 2.85684156417847 3.74258780479431 6.70211148262024 6.43369030952454 10.7762439250946 1.38851474225521 4.67515790462494 3.06006681919098 5.18631827831268 7.09817862510681 2.40577948093414 1.48650527000427 0.93790876865387 0.706620767712593 0.645578250288963 0.695738241076469 0.728321984410286 0.797205716371536 0.866252213716507 0.887006253004074 0.882840782403946 0.886438518762589 0.873743981122971 0.799775987863541 0.789758205413818 0.792418509721756 0.77922597527504 0.791334718465805 0.825431227684021 0.861652493476868 0.917005509138107 0.891185224056244 0.890816241502762 0.893978208303452 0.894807726144791 1.04459327459335 1.03036952018738 1.06865626573563 1.07494953274727 1.00973099470139 0.988107025623322 0.998535722494125 1.00129875540733 0.962479501962662 0.952304989099503 0.949112981557846 1.1136360168457 1.21768578886986 1.27434074878693 1.28864702582359 1.33339270949364 1.38011625409126 1.37319901585579 1.40643373131752 1.42948123812675 1.48231270909309 1.36153498291969 1.09081873297691
2.88300293684006 2.51720398664474 2.05302679538727 2.1913754940033 1.60809445381165 1.56770181655884 2.99362581968307 3.00386166572571 3.18925344944 8.51653289794922 15.1221542358398 11.1174623966217 8.23748445510864 7.661865234375 6.16223573684692 1.43799296021461 1.06972351670265 0.799150496721268 0.611840978264809 0.592128753662109 0.594378009438515 0.610853254795074 0.659445762634277 0.640581741929054 0.643966510891914 0.668516993522644 0.830570966005325 0.923592746257782 0.913147509098053 0.919781237840652 0.853220254182816 0.821498215198517 0.882806986570358 0.878403782844543 0.899592787027359 0.910233020782471 0.999990731477737 1.01170724630356 1.04965424537659 1.21295177936554 1.25508749485016 1.24516573548317 1.2128309905529 1.17119327187538 1.129124969244 1.08324149250984 0.974756956100464 0.927151501178741 0.851144224405289 1.00044527649879 1.09554675221443 1.18454396724701 1.18223476409912 1.32965996861458 1.38410326838493 1.55730307102203 1.72499477863312 1.84541469812393 1.65456068515778 1.72346842288971 1.74306303262711 2.66191783174872
1.78062379360199 1.60722756385803 1.48785227537155 1.43837696313858 1.03917074203491 1.25964975357056 1.55431723594666 1.7023349404335 2.61095255613327 3.94677364826202 6.69741225242615 15.5874838829041 14.8318648338318 16.1559534072876 15.8146891593933 1.36047148704529 0.909566223621368 0.835696488618851 0.61089451611042 0.597899258136749 0.706889256834984 0.769602030515671 0.855231016874313 0.895591467618942 0.860621273517609 0.859641015529633 1.02232199907303 1.11104401946068 1.14162826538086 1.00678047537804 0.930654019117355 0.904940217733383 0.966648727655411 1.1009264588356 1.15225347876549 1.14984753727913 1.06236147880554 1.02449101209641 1.0849335193634 1.27722975611687 1.31482949852943 1.32233253121376 1.2497752904892 1.20938327908516 1.24503296613693 1.29119396209717 0.970791041851044 0.913366466760635 0.976044774055481 1.29530471563339 1.36321046948433 1.3700977563858 1.46019896864891 1.72370481491089 1.87697106599808 1.98035395145416 2.46009142120389 -9999 -9999 -9999 -9999 -9999
2.23245531320572 1.73752427101135 1.06861951947212 1.03244403004646 1.21459347009659 1.95324379205704 2.13119691610336 3.28906559944153 3.40283417701721 6.30092453956604 12.3353676795959 10.4008884429932 30.9771680831909 28.0471544265747 13.4157214164734 9.38880300521851 4.28345239162445 1.12252128124237 0.881154030561447 0.814858496189117 0.812597215175629 0.823374778032303 0.881513267755508 0.923886716365814 1.01632987707853 1.37455871701241 1.50928580760956 1.6621421277523 0.964651018381119 1.04154977202415 1.05836775898933 1.11149927973747 1.53089708089828 2.03079378604889 2.19931268692017 1.42527973651886 1.17464250326157 1.3458134829998 1.35296326875687 1.46617949008942 1.29748275876045 1.26044252514839 1.25168028473854 1.22084704041481 1.370091766119 1.49313452839851 1.15603879094124 1.07905796170235 1.14347478747368 1.58663767576218 1.76130455732346 2.00466817617416 2.28710854053497 2.69141379992167 1.65409931589345 -9999 -9999 -9999 -9999 -9999 -9999 -9999
1.65971249341965 1.59812557697296 1.27733248472214 1.43841147422791 2.83168494701385 5.5674262046814 7.56034255027771 9.86076092720032 7.75047969818115 9.18227291107178 6.66075825691223 8.47727823257446 27.9111843109131 35.648494720459 11.1661212444305 16.9542202949524 14.7940320968628 6.27308177947998 1.14331877231598 0.907979965209961 0.87593024969101 0.964411497116089 0.918441742658615 0.977062493562698 0.975307524204254 1.05530548095703 1.48955252766609 1.64826303720474 1.91720507542292 -9999 -9999 -9999 -9999 -9999 -9999 3.14426672458649 0.917127728462219 1.81436401605606 1.41155022382736 1.36436623334885 1.21572071313858 1.31947803497314 1.31647047400475 1.26398921012878 1.32993078231812 1.42913398146629 1.60439693927765 1.86514806747437 1.92762744426727 2.34882295131683 2.31552976369858 2.16114681959152 2.02496927976608 1.9762424826622 1.97624230384827 -9999 -9999 -9999 -9999 -9999 -9999 -9999
2.03009176254272 1.69221675395966 2.44191670417786 2.78689724206924 2.25352120399475 4.8905017375946 12.9272546768188 17.3596472740173 22.6753463745117 14.4772138595581 10.0028028488159 6.74640583992004 14.5595455169678 22.2422862052917 14.8233332633972 17.064332485199 1.52350652217865 2.41162133216858 1.44455400109291 0.978635966777802 0.963685512542725 1.11929628252983 1.06631174683571 0.969417750835419 0.925037294626236 1.01162624359131 1.58267551660538 1.62983179092407 1.44742226600647 -9999 -9999 -9999 -9999 -9999 -9999 -9999 5.65521454811096 3.21141672134399 1.76926124095917 1.53706651926041 1.31693851947784 1.44913423061371 1.38065028190613 1.34859153628349 1.45913851261139 1.5355110168457 1.90975946187973 2.8327431678772 4.46414387226105 7.69985389709473 9.96154975891113 3.69043827056885 -9999 -9999 -9999 -9999 -9999 -9999 -9999 -9999 -9999 -9999
3.14403748512268 3.77620482444763 3.10323143005371 5.15516173839569 5.057168841362 6.17609024047852 15.1599168777466 17.5489411354065 21.6159424781799 2.22459894418716 5.41776859760284 1.93892168998718 1.75013172626495 1.94261026382446 2.25583273172379 0.972197234630585 0.742648512125015 1.26669529080391 1.55958294868469 1.01858478784561 0.944960206747055 0.98328897356987 1.14555528759956 1.03668674826622 1.01230797171593 0.997400254011154 1.44671478867531 1.95963156223297 1.54205924272537 -9999 -9999 -9999 -9999 -9999 -9999 -9999 6.29110541939735 31.097451210022 29.5820446014404 5.79519438743591 2.93098121881485 3.59783542156219 3.48378896713257 2.09841370582581 2.08814996480942 2.12264031171799 2.98314070701599 3.25672352313995 3.42839312553406 8.24595737457275 21.6087384223938 27.0117073059082 7.9166522026062 -9999 -9999 -9999 -9999 -9999 -9999 -9999 -9999 -9999
2.07918673753738 1.99618649482727 2.57970821857452 4.56992483139038 7.99178338050842 9.00207281112671 9.24453806877136 9.26641631126404 9.33386135101318 9.3980233669281 1.38425999879837 1.58654808998108 1.5473670065403 0.543754488229752 0.609204769134521 0.52351351082325 0.683102265000343 0.853480517864227 1.08276146650314 0.968192964792252 1.20557624101639 1.7209387421608 0.958376973867416 1.01299649477005 1.2018209695816 1.29033824801445 1.85223144292831 2.04570597410202 1.67464417219162 1.05243247747421 -9999 -9999 -9999 -9999 -9999 -9999 -9999 4.36987524682825 14.8757944107056 20.8177714347839 4.06492990255356 7.13141083717346 4.11958515644073 2.88536256551743 2.94209557771683 2.74948132038116 3.15975522994995 3.61542820930481 5.00080347061157 17.9551863670349 22.4505572319031 23.8366513252258 4.68046360268854 -9999 -9999 -9999 -9999 -9999 -9999 -9999 -9999 -9999
1.01909476518631 1.09751173853874 1.44297677278519 1.94845193624496 1.64010447263718 1.50289875268936 1.53289872407913 2.32500457763672 2.99447017908096 2.03873258829117 0.694794729351997 0.506000250577927 0.454133257269859 0.513771012425423 0.521280750632286 0.511787250638008 0.578903988003731 0.647795990109444 0.753012031316757 0.933690011501312 1.1210849583149 0.752310007810593 0.724380746483803 1.25648698210716 1.42074975371361 1.82182574272156 1.76923871040344 1.88847219944 1.70231992006302 1.61782497167587 -9999 -9999 -9999 -9999 -9999 -9999 -9999 -9999 -9999 -9999 -9999 -9999 -9999 -9999 -9999 -9999 3.65490746498108 12.7874363064766 14.6388087272644 38.0299015045166 -9999 -9999 -9999 -9999 -9999 -9999 -9999 -9999 -9999 -9999 -9999 -9999
1.00026896595955 0.928433239459991 0.950071513652802 1.06545227766037 1.48988547921181 1.12197598814964 0.779835730791092 1.23381078243256 0.932723253965378 0.974152475595474 0.762745499610901 0.665001019835472 0.606701239943504 0.582452237606049 0.554165259003639 0.572439014911652 0.563024237751961 0.577159479260445 0.582198768854141 0.601572766900063 0.631405502557755 0.697364240884781 0.895979225635529 1.0594608102526 -9999 -9999 -9999 1.64053881168365 1.61654180288315 1.53688645362854 1.35424998402596 -9999 -9999 -9999 -9999 -9999 -9999 -9999 -9999 -9999 -9999 -9999 -9999 -9999 -9999 -9999 -9999 -9999 -9999 -9999 -9999 -9999 -9999 -9999 -9999 -9999 -9999 -9999 -9999 -9999 -9999 -9999
1.09103778004646 0.837492763996124 0.632166758179665 0.607747480273247 0.618446230888367 0.622695744037628 0.637405514717102 0.681828752160072 0.730722740292549 0.630419254302979 0.669533997774124 0.783028542995453 0.785912990570068 0.783225774765015 0.609959989786148 0.646983727812767 0.639976501464844 0.659277766942978 0.690155267715454 0.713741987943649 0.665533483028412 0.7474455088377 0.921348005533218 0.991571992635727 1.05803096294403 1.19202974438667 1.23828148841858 1.3487197458744 1.41637203097343 1.45240053534508 1.79723256826401 2.00665856229848 -9999 -9999 -9999 -9999 -9999 -9999 -9999 -9999 -9999 -9999 -9999 -9999 -9999 -9999 -9999 -9999 -9999 -9999 -9999 -9999 -9999 -9999 -9999 -9999 -9999 -9999 -9999 -9999 -9999 -9999
0.643728017807007 0.594091504812241 0.614652737975121 0.604183495044708 0.603967487812042 0.609523504972458 0.613089010119438 0.597213014960289 0.731611490249634 0.74227349460125 0.663246765732765 0.675537005066872 0.713413506746292 0.731949001550674 0.712013259530067 0.705491244792938 0.704148754477501 0.751902043819427 0.787896037101746 0.754473030567169 0.716478019952774 0.773858964443207 0.795969754457474 0.85994553565979 1.15768352150917 1.31864851713181 1.33154547214508 1.23061653971672 1.3084057867527 1.61848729848862 1.83008033037186 2.09197849035263 -9999 -9999 -9999 -9999 -9999 -9999 -9999 -9999 -9999 -9999 -9999 -9999 -9999 -9999 -9999 -9999 -9999 -9999 -9999 -9999 -9999 -9999 -9999 -9999 -9999 -9999 -9999 -9999 -9999 -9999
0.489021018147469 0.473774269223213 0.635217010974884 0.689428478479385 0.671091735363007 0.678255021572113 0.727460995316505 0.73268848657608 0.780032247304916 0.752889007329941 0.737320482730865 0.829158782958984 0.928234487771988 0.973251789808273 0.945520520210266 0.887681275606155 0.824972212314606 0.845337778329849 0.822107970714569 0.853394240140915 0.722249239683151 0.747678771615028 0.809837222099304 1.14056476950645 1.61105918884277 1.65665853023529 1.33935150504112 1.22231850028038 1.2114135324955 1.30356225371361 1.85123097896576 -9999 -9999 -9999 -9999 -9999 -9999 -9999 -9999 -9999 -9999 -9999 -9999 -9999 -9999 -9999 -9999 -9999 -9999 -9999 -9999 -9999 -9999 -9999 -9999 -9999 -9999 -9999 -9999 -9999 -9999 -9999
