EcologicalScience/Bass/data/rs_data_bass/chl_133.asc
NCOLS 226 
NROWS 124 
XLLCORNER -9.41648524995501 
YLLCORNER 47.587301625531 
CELLSIZE 0.0833 
NODATA_value -9999 
[rows 54 to 80 of 124, columns 124 to 185 of 226]
2.88092830777168 2.82194242110619 2.54590838230573 2.5737627515426 2.47831161205585 2.49374908208847 2.54481881856918 2.10216444730759 2.32893127575517 2.29787605628371 2.3991311788559 2.50361894443631 2.60371469333768 1.05758019089699 0.877378291317395 0.882887267640659 0.858009983386312 0.833291345408985 3.50147726386786 2.1629150994122 2.04099948616589 1.87437368184328 2.71558254105704 2.07343396118709 1.90530870641981 1.89808237552643 1.75764398063932 1.69432747364044 1.65656918287277 2.13312855362892 1.84128427505493 1.76303699612617 1.87746772170067 3.072330057621 4.49123977124691 4.09004771709442 3.59516685009003 3.72206194400787 2.76291464056288 2.68583085536957 2.40437686443329 2.27669348716736 2.18057698011398 1.67677075129289 1.90058869123459 1.94139167841743 2.222695010049 2.5785994459601 3.62876387904672 3.85532723454868 4.63258310159047 5.1157746579912 5.11978032400734 4.83748473439898 4.38740996519724 15.8420632344026 14.8345917738401 9.65630889855898 13.2691009228046 9.40221740649297 8.71477649592552 9.99844366702877
3.36050027608871 3.38455039262772 3.11141002178192 2.883640229702 2.97361809015274 2.59191098809242 2.55300357937813 2.16043785214424 1.92643508315086 1.99163872003555 2.24503421783447 2.43217027187347 1.94855823425146 0.957650484783309 1.02428304510457 0.992436934794698 0.957470668213708 4.22591115096036 3.10947000980377 2.52401885916205 2.04408752918243 1.84134924411774 2.63277465105057 2.55638937439237 2.33425063746316 2.30242837326867 2.33596400703703 1.88507980108261 1.7927884544645 1.93548256158829 2.04910741746426 2.25936068594456 2.31439496576786 4.14280816912651 10.3519967794418 10.8865575045347 2.10089084080287 2.03482536971569 2.21747188057218 1.83479169011116 1.81775255386646 1.73659430100368 1.65933793783188 1.65670383893527 2.19563862255641 1.6452434360981 2.70041390827724 3.24252298900059 5.0927939414978 1.47117479145527 6.67917382198831 6.24914828072424 6.46699005106221 5.32824969291687 6.01916813850403 9.29438198529757 10.5720698833466 -9999 -9999 -9999 -9999 -9999
4.27417689561844 4.27561950683594 3.5056055188179 2.95120152831078 2.85673493146896 2.84482750296593 2.58316868543625 2.15804755687714 2.01053333282471 2.00237083435059 2.01597964763641 2.58819925785065 1.19589074594634 1.12719920703343 1.08789717512471 1.15671956113407 1.87484382838011 1.81990427523851 1.86552623659372 1.85612247884274 2.2128039598465 1.96356070041656 1.9273464679718 2.43274725334985 1.97826492786407 2.33979435477938 2.4672603726387 1.96297669410706 2.27680791275842 2.23109381339129 2.2215542282377 2.75354111194611 2.62687697013219 2.52050433556239 2.86843371391296 5.88995003700256 6.61787760257721 3.3753786016913 2.11589021342141 1.75503018498421 1.72590425014496 1.93485126425238 1.5053627536847 2.39115047454834 2.52695001023156 2.71654537745885 3.03563960960933 6.42725558464344 3.55721835047007 4.12221577292994 5.23478893611742 5.67719065059315 9.90087214383212 12.7892351394152 -9999 -9999 -9999 -9999 -9999 -9999 -9999 -9999
5.04766833782196 4.2329176068306 3.79285860061646 3.48510172963142 3.13162791728973 2.80782869458199 2.43380406498909 2.16167831420898 2.15430581569672 2.35906380414963 2.35756626725197 1.9124831755956 2.40731298923492 2.59764355421066 1.94141764193773 1.87759656831622 1.92029782757163 2.03654444217682 2.10945888608694 2.17861870676279 2.15767009556293 2.57055097818375 2.37168753147125 2.42474859952927 2.4380687383505 2.67031418425696 2.51346123218536 3.00214266777039 2.74329295328685 2.54164833681924 2.35942725624357 2.6394134249006 2.57278249944959 2.25406908988953 1.93019143172673 1.97982507092612 2.90656067643847 4.36536011275123 4.13363654473249 2.12638917740654 2.02008753313738 3.47364150776583 3.30827657381694 5.19883827368418 3.20227642620311 3.1965270837148 3.20237487240841 7.31933468416196 6.22601018633161 8.67986432711283 7.88831384976705 8.57236019770304 12.8674761454264 -9999 -9999 -9999 -9999 -9999 -9999 -9999 -9999 -9999
5.22753125429153 4.03326618671417 4.08048170804977 3.95412933826447 3.47999694943428 3.22022020816803 2.72119310498238 2.63690331578255 2.61388969421387 2.30823349101203 2.27828900303159 4.3654910496303 4.47162626470838 3.51575400148119 1.82445283234119 1.76707154139876 2.04576406627893 2.05075590312481 2.02125976234674 2.55439269542694 2.48534484704336 2.22523813694715 1.89811742305756 2.29750587791204 2.72652089595795 1.87765026092529 2.37501347064972 2.04013282060623 2.21188969271524 2.059120288917 2.09060898848942 2.07430749280112 2.05167570284435 1.99553737470082 1.82632344961166 1.67229228360312 1.78196295670101 2.92852873461587 3.32936121736254 1.68215223721096 1.59160459041595 1.96029159000942 2.3489818913596 2.65621192114694 3.03941723278591 2.76709420116324 8.1704868266457 8.2253143787384 8.6836576121194 6.42096713611058 7.73022206624349 29.1320334076881 22.4177225138012 -9999 -9999 -9999 -9999 -9999 -9999 -9999 -9999 -9999
-9999 3.09828021947075 2.36236407075609 5.39989882707596 5.02709519863129 3.909039914608 3.12853944301605 2.90459927916527 2.81831184029579 2.27191653421947 2.33692055940628 3.18781173229218 2.88490176200867 2.45235353708267 3.19001535006932 1.09635964035988 1.4827124029398 2.52328373988469 2.66059603293737 2.62647173802058 2.03609432280064 2.15667575597763 1.83476920922597 1.97361493110657 1.95953452587128 1.87204277515411 1.94417828321457 2.01816749572754 1.97339326143265 2.12623405456543 1.98260447808674 1.99562223468508 1.99590356009347 2.00889367716653 1.11516574025154 1.83422061375209 1.92184046336583 1.90897173540933 1.8098909343992 1.92141746623175 1.89856208222253 0.834520615637302 2.34774240425655 2.83426569189344 3.342141355787 -9999 6.99969758987427 8.06320636613028 6.91064490590777 9.83524424096812 20.5205635070801 28.8845031738281 39.6971265792847 58.0084444333429 -9999 -9999 -9999 -9999 -9999 -9999 -9999 -9999
-9999 -9999 -9999 -9999 -9999 2.28387522697449 2.74216070026159 3.05966526269913 3.06614619493484 2.56043028831482 4.14061485018049 2.30801561900548 2.85110068321228 2.68623971939087 2.11359187960625 2.60971903800964 2.58891808986664 2.66262972354889 2.80877649784088 2.89562797546387 2.36471873521805 2.28529620170593 2.22530448436737 2.01049226522446 2.06531167030334 2.02188497781754 2.23294746875763 2.49084967374802 3.5448009967804 3.7809853553772 2.04295088563647 2.03643769025803 2.095033458301 2.02286070585251 1.27100586891174 1.43049816787243 1.85671106406621 1.77103596925735 1.95313681023461 2.28958117961884 2.37396498237337 2.27927247967039 2.41487385545458 2.64851679120745 3.13697504997253 25.9855186499438 -9999 -9999 -9999 -9999 23.0374851226807 34.8437919616699 37.9723982129778 29.4744840915386 -9999 -9999 -9999 -9999 -9999 -9999 -9999 -9999
-9999 -9999 -9999 -9999 -9999 -9999 -9999 -9999 2.60050190196318 3.7700412103108 3.48601285048894 3.5307457447052 2.50467071362904 2.67047023773193 2.79359376430511 2.85683655738831 2.7568666934967 2.65429854393005 2.87982249259949 2.62725001573563 2.1454182267189 2.03360497951508 2.35964101552963 2.16016674041748 2.32955873012543 2.54986625909805 2.60153955221176 2.78257572650909 2.7327595949173 2.03994402715138 2.13026552540915 2.0829382794244 2.06189560890198 2.04637609209333 1.92772839750562 1.79249744755881 1.68556799207415 1.88748713902065 2.14524803842817 2.58855554887227 2.62001666000911 2.68586279664721 2.72750628846032 2.87025263479778 4.06311676531662 29.0682649612427 -9999 -9999 -9999 -9999 17.548882484436 29.9659795761108 23.9848518371582 22.1204621110644 14.7983763558524 20.201082711996 -9999 -9999 -9999 -9999 -9999 -9999
-9999 -9999 -9999 -9999 -9999 -9999 -9999 -9999 -9999 -9999 3.44087308645248 3.16747200489044 3.2548850774765 3.27629697322845 2.91325544459479 2.4615930095315 2.59984309226274 2.40135779231787 2.01003134250641 2.2016589641571 2.07110422849655 1.94596076011658 1.58466957136989 2.142962038517 2.04743206501007 2.02099871635437 1.93003928661346 1.95806354284286 2.04633420705795 2.06884141763051 1.5700155235827 1.97426865782057 1.91220581531525 1.86515302317483 1.66649283681597 1.71026753527778 1.68888892446245 2.34994490657534 3.41066175699234 3.03418401309422 2.78868249484471 2.87040741103036 3.19318623202188 3.23821812016623 15.6620477935643 -9999 -9999 -9999 -9999 -9999 -9999 -9999 10.4444261382266 15.5145555904933 26.8189234052386 16.6579717908587 10.8786277770996 -9999 -9999 -9999 -9999 -9999
-9999 -9999 -9999 -9999 -9999 -9999 -9999 -9999 -9999 4.3704868555069 4.03396594524384 3.49645310640335 3.36627262830734 3.19850462675095 3.24289464950562 3.51156675815582 3.17015916109085 2.7925074622035 2.3108009621501 1.82792127132416 1.65632110834122 1.5784712433815 1.49370348453522 1.45513874292374 1.74392122030258 1.85495299100876 1.87620955705643 1.95084404945374 1.82935976982117 1.8661772608757 1.8473933339119 2.01532180820193 1.93981588738305 1.7471119420869 1.61076641934259 1.69607599292483 1.8242569225175 2.41963367802756 3.53610458544322 4.07989817006247 3.68725092070443 3.36209433419364 3.20548525878361 3.61663029875074 29.592624525422 33.0447750091553 -9999 -9999 -9999 13.9235865804884 26.3772235446506 23.6019242328146 20.0540367209393 27.6691605704171 18.7857004574367 15.069769518716 -9999 -9999 -9999 -9999 -9999 -9999
-9999 -9999 -9999 -9999 -9999 -9999 -9999 -9999 -9999 -9999 4.18339931964874 3.79069632291794 3.53509938716888 3.50543290376663 4.01986449956894 3.5435546040535 3.16464334726334 2.46776077151299 2.12980729341507 2.31661772727966 2.21816140413284 2.25977921485901 1.49013525992632 1.51538068056107 1.84031051397324 1.78609120845795 1.71310150623322 1.78554427623749 1.7815808057785 1.66877269744873 1.65935498476028 2.09117266110012 2.04673310688564 0.919579401612282 1.68903427464621 2.02927777596882 0.708610370755196 3.40007666179112 3.35085393701281 3.46157368591854 3.48930389540536 3.60317322186061 4.28518893037524 4.46854254177638 9.54273953252626 -9999 -9999 -9999 -9999 -9999 42.7734311559926 48.1635080835094 40.5433254656584 34.0210842878922 19.8108782560929 -9999 -9999 -9999 -9999 -9999 -9999 -9999
-9999 -9999 -9999 -9999 -9999 -9999 -9999 -9999 -9999 3.67937564849854 4.91519904136658 4.05258935689926 3.64219528436661 3.68039304018021 3.39696210622787 3.18605971336365 2.75572666525841 2.32878583669662 1.69360372424126 2.50154331326485 2.21449142694473 2.32338124513626 2.33543333411217 1.2962718307972 1.36255514994264 1.70311206579208 1.62738996744156 1.67690029740334 1.73717051744461 1.71593627333641 1.8194277882576 1.97930745567594 1.97578264985766 1.38680750131607 0.964378267526627 0.722090259194374 1.23211899399757 4.27578257662909 3.79151390280042 3.58770367077419 3.89320881026132 3.88764575549534 4.86654935564314 6.02025613275546 3.86466658115387 -9999 -9999 -9999 -9999 -9999 40.3518365224202 52.4622874855995 53.1495945142663 -9999 -9999 -9999 -9999 -9999 -9999 -9999 -9999 -9999
-9999 -9999 -9999 -9999 -9999 -9999 -9999 -9999 -9999 3.1534116268158 4.93238773129203 4.36949629133398 4.17732137983496 3.60440585829995 2.09728682041168 2.90861276479868 2.7986930333651 1.61104846000671 1.56578247249126 1.13889762759209 1.64318136374156 1.53652200847864 1.48027771711349 1.45832398533821 1.61532974243164 1.63081002235413 1.65583103895187 1.72014048695564 1.76920521259308 1.81308802962303 1.73186430335045 2.03635663645608 2.16133554492678 2.48532276494162 3.05641554083143 3.42395790134157 3.92958232334682 4.32847196715219 3.98327912603106 3.52269111360822 3.61946153640747 4.32620450428554 4.7260799748557 12.3516671912184 3.86466693878174 -9999 -9999 -9999 -9999 12.1949715614319 -9999 -9999 -9999 -9999 -9999 -9999 -9999 -9999 -9999 -9999 -9999 -9999
-9999 -9999 -9999 -9999 -9999 -9999 -9999 -9999 -9999 4.44373499263417 4.40465780821714 4.03456566550515 4.08368783647364 3.77016240900213 3.05128451910886 2.71580106561834 2.40628937699578 2.07512621446089 1.49662403762341 1.78073438008626 1.60912189881007 1.55560592810313 1.48120786249638 1.4371648170054 1.55696249008179 1.62592604756355 1.72288280725479 1.8066354393959 1.79027605056763 1.81116846203804 2.6893090903759 1.98072420060635 2.63856732845306 3.3784522329058 3.51917162111827 3.27755133594785 3.82455164194107 4.4315150805882 3.69473172937121 3.92492294311523 3.76045754977635 3.99346717766353 4.0358312037084 -9999 -9999 -9999 -9999 -9999 -9999 -9999 -9999 -9999 -9999 -9999 -9999 -9999 -9999 -9999 -9999 -9999 -9999 -9999
-9999 -9999 -9999 -9999 -9999 -9999 -9999 -9999 -9999 4.58041417598724 4.20520383119583 3.86182355880737 3.82186633348465 3.03225913914767 3.0593968521465 2.63576596433466 2.10630764202638 1.70171983675523 1.62637476126353 1.78923347592354 1.63955861330032 1.50559683144093 1.49864214658737 1.60283374786377 1.61537356674671 1.58620867133141 1.58569054305553 1.75412380695343 1.8592641055584 1.94591152667999 1.95259895920753 1.96921522915363 2.87112440381731 3.38688034670694 3.36181405612401 3.40804670538221 3.78638459954943 4.1565877369472 3.82653502055577 4.39921351841518 4.7511932679585 4.73684276640415 5.2254842261234 -9999 -9999 -9999 -9999 -9999 -9999 -9999 -9999 -9999 -9999 -9999 -9999 -9999 -9999 -9999 -9999 -9999 -9999 -9999
-9999 -9999 -9999 -9999 -9999 -9999 -9999 3.28386068344116 3.77762241467186 4.22347605228424 3.76978701353073 3.60842645168304 3.52604311704636 3.11903545260429 2.7546124458313 2.87528124451637 1.87597930431366 1.75928401947021 1.71690440177917 1.69112278521061 1.63432651758194 1.57353843748569 1.58286656439304 1.57343138754368 1.55620758235455 1.556262627244 1.6030268073082 1.75675144791603 1.8051752448082 1.82746145129204 1.93947517871857 2.71250801427024 2.19883917272091 3.03004896640778 3.07619547843933 3.63919048649924 3.97097831112998 3.92304371084486 3.8987752369472 4.05069724151066 8.40024480773407 5.69786846637726 3.25656187534332 -9999 -9999 -9999 -9999 -9999 -9999 -9999 -9999 -9999 -9999 -9999 -9999 -9999 -9999 -9999 -9999 -9999 -9999 -9999
-9999 -9999 -9999 -9999 -9999 -9999 3.86270979694698 4.59477400779724 4.13695218346336 3.80918127298355 3.40679478645325 3.39512056112289 3.37550801038742 3.16240692138672 2.47509104013443 2.1889725625515 1.9293459802866 1.76094128191471 1.68159914016724 1.65688619017601 1.61834047734737 1.58657690882683 1.65407481789589 1.72626681625843 1.63128878061588 1.55437185672613 1.65104381740093 1.7313581854105 1.78814789652824 1.77803760766983 2.08548128604889 2.63581300633294 2.98227478776659 2.97361150809697 3.1404801096235 3.51111321789878 4.08010615621294 4.21827777794429 3.97562893699197 -9999 -9999 -9999 -9999 -9999 -9999 -9999 -9999 -9999 -9999 -9999 -9999 -9999 -9999 -9999 -9999 -9999 -9999 -9999 -9999 -9999 -9999 -9999
-9999 -9999 -9999 -9999 3.92957163893658 5.10585743188858 4.55955229022286 4.18564185229215 3.70440858602524 3.37139874696732 3.12217301130295 3.09462857246399 3.24648767709732 2.86217185854912 2.36383718252182 1.9246764332056 1.78656649589539 1.74271088838577 1.68603290044344 1.65739315748215 1.70337606966496 1.8604850769043 1.82983882725239 1.64696545898914 1.70149407478479 1.61558532714844 1.71926568448544 1.78373327851295 1.8918322622776 2.09706343710423 2.61583139215197 2.81699936730521 2.89009978090014 3.02398691858564 3.34470171587808 3.44017165047782 3.7367068699428 4.48389125347137 -9999 -9999 -9999 -9999 -9999 -9999 -9999 -9999 -9999 -9999 -9999 -9999 -9999 -9999 -9999 -9999 -9999 -9999 -9999 -9999 -9999 -9999 -9999 -9999
-9999 -9999 -9999 -9999 4.1343847952391 6.03887844085693 4.48973907123912 3.95725747671994 3.50092230059884 3.07660307667472 2.84742003679276 2.91034942865372 2.80390465259552 2.49004706740379 2.09743595123291 1.72416077554226 1.70599390566349 1.61148783564568 1.67353545129299 1.76282459497452 1.8449079990387 2.01430748403072 1.99651987850666 1.96416108310223 1.84944608807564 1.70494602620602 1.68700844049454 1.89358741044998 2.09203873574734 2.32863450050354 2.44116380810738 2.86234366893768 2.92676615715027 3.02007993630001 3.41882801055908 3.42166481699262 3.27516123226711 -9999 -9999 -9999 -9999 -9999 -9999 -9999 -9999 -9999 -9999 -9999 -9999 -9999 -9999 -9999 -9999 -9999 -9999 -9999 -9999 -9999 -9999 -9999 -9999 -9999
-9999 13.309022786231 3.63598330815633 4.36318419196389 4.00698475404219 3.52176573059776 3.46462040597742 3.3619473955848 3.31904544613578 2.91190572218461 2.61421784487638 2.5004069507122 2.43550864674828 2.00137541510842 1.7164210731333 1.54735557870431 1.55280911922455 1.61477276682854 1.73014806210995 1.84339982271194 1.98010762035847 1.91185237467289 1.96259899437428 2.01727420091629 1.88635228574276 1.7439034730196 1.83985057473183 2.02803678810596 2.25788547098637 2.52560207247734 2.58888518810272 2.90583860874176 2.9983626306057 2.68877144654592 15.4288229572362 -9999 -9999 -9999 -9999 -9999 -9999 -9999 -9999 -9999 -9999 -9999 -9999 -9999 -9999 -9999 -9999 -9999 -9999 -9999 -9999 -9999 -9999 -9999 -9999 -9999 -9999 -9999
3.82360042333603 4.63852439143441 4.51523523980921 4.18408617106351 3.34028216925534 3.12417327273976 3.09616980769418 3.41747253591364 3.35797193917361 3.05784201622009 2.55662634968758 1.97870606184006 1.93554421988401 1.87568059834567 1.79417118430138 1.41684634306214 1.56176272305575 1.65498192608356 1.77906781435013 1.88479143381119 1.89015492796898 1.9982785731554 1.99667422473431 1.96212768554688 1.8343660980463 1.70321342349052 1.96318307518959 2.15641143918037 2.40394449234009 2.43414014577866 2.66081443428993 2.81183225374955 2.87906527519226 -9999 -9999 -9999 -9999 -9999 -9999 -9999 -9999 -9999 -9999 -9999 -9999 -9999 -9999 -9999 -9999 -9999 -9999 -9999 -9999 -9999 -9999 -9999 -9999 -9999 -9999 -9999 -9999 -9999
4.28555356539213 4.07568185146038 3.69702659953724 3.26598667014729 3.09850636937402 3.36778632077304 3.35598300803791 3.26856656508012 3.14376562833786 2.81774637103081 2.1463919878006 1.8657745718956 1.91187226772308 1.83838054537773 1.64208067953587 1.66155825555325 1.70697329938412 1.84664580225945 1.93550780415535 1.92898355424404 1.94961558282375 1.96732433140278 1.99404633045197 2.00789180397987 1.8700595498085 2.03783424198627 2.21817156672478 2.5203420817852 2.36880282255319 2.63643885117311 2.83681286298312 2.93148722098424 2.99414813518524 12.4159604624698 40.8356302751077 4.12069502743808 -9999 -9999 -9999 -9999 -9999 -9999 -9999 -9999 -9999 -9999 -9999 -9999 -9999 -9999 -9999 -9999 -9999 -9999 -9999 -9999 -9999 -9999 -9999 -9999 -9999 -9999
3.61943611231717 3.26501587304202 3.12408688935367 3.62190013582056 3.55333533070304 3.10118779810992 3.35073434764689 2.76863352818923 2.61147227883339 2.33384293317795 2.02421855926514 1.96719124913216 1.94612348079681 1.79196932911873 1.71241980791092 1.73281055688858 1.86283525824547 2.01778607070446 2.0408189445734 2.01414281129837 1.99010044336319 2.06934332847595 2.13136124610901 2.25009450316429 2.2416989505291 2.35617369413376 2.58467927575111 2.67189893126488 2.82533331100757 2.88755181202522 7.72858666737874 -9999 -9999 -9999 -9999 -9999 -9999 -9999 -9999 -9999 -9999 -9999 -9999 -9999 -9999 -9999 -9999 -9999 -9999 -9999 -9999 -9999 -9999 -9999 -9999 -9999 -9999 -9999 -9999 -9999 -9999 -9999
3.91029124910181 3.93754762952978 4.17343126643788 3.89681434631348 3.47560852766037 3.41031992435455 3.29215812683105 2.86262914538383 2.73273241519928 2.47390869259834 2.13158994913101 1.91328620910645 1.80489093065262 1.7595596909523 1.69207162206823 1.85282957553864 2.105378434062 2.11598780751228 2.07007473707199 2.04310500621796 2.0814583003521 2.19609320163727 2.35176905989647 2.25243985652924 2.82504332065582 2.86959338188171 3.00197184085846 3.17982441186905 2.74553334011751 3.045460829368 3.16842679794018 3.73092429888876 -9999 -9999 -9999 -9999 -9999 -9999 3.84960928959633 12.6942715644836 -9999 -9999 -9999 -9999 -9999 -9999 -9999 -9999 -9999 -9999 -9999 -9999 -9999 -9999 -9999 -9999 -9999 -9999 -9999 -9999 -9999 -9999
5.05850529670715 5.76242637634277 5.95670068264008 5.21718282882984 4.25676782314594 3.65407515489138 3.34450419132526 3.38814610784704 2.91925351186232 2.29041230678558 2.27524142373692 1.75602106750011 1.7293738080905 1.70743021598229 1.75285971164703 2.06321159817956 1.94560073180632 2.02355608073148 2.1061757423661 2.34381344643506 2.23933698372407 2.44799863750284 1.90965403043307 2.35541118566807 2.51439849229959 2.58152184578089 2.68891248794702 3.52987055345015 3.08293852439294 3.11016159791213 6.3851601195662 3.42093944549561 -9999 -9999 -9999 -9999 -9999 -9999 -9999 -9999 -9999 -9999 -9999 -9999 -9999 -9999 -9999 -9999 -9999 -9999 -9999 -9999 -9999 -9999 -9999 -9999 -9999 -9999 -9999 -9999 -9999 -9999
-9999 -9999 -9999 -9999 -9999 3.59602388582732 3.75038907161126 3.35347200523723 2.56297485936772 2.30427563732321 2.06593779542229 1.67474265396595 1.69252374497327 1.77037668228149 1.87759774381464 1.8967394341122 2.12568349729885 2.29389027031985 2.34430355917324 2.673192078417 2.140245616436 2.27180582284927 2.38033094314428 2.64878111160718 2.79850182624964 3.29787706810495 -9999 -9999 -9999 -9999 -9999 -9999 -9999 -9999 -9999 -9999 -9999 -9999 -9999 -9999 -9999 -9999 -9999 -9999 -9999 -9999 -9999 -9999 -9999 -9999 -9999 -9999 -9999 -9999 -9999 -9999 -9999 -9999 -9999 -9999 -9999 -9999
-9999 -9999 -9999 -9999 -9999 -9999 2.85446727275848 2.80530234900388 2.19510743834756 1.89699695868926 1.73513260483742 1.72709702903574 1.573576585813 1.63552920926701 1.57144083218141 1.90522062778473 1.54666294902563 1.54114879667759 1.69897502660751 2.29970262600825 2.4937818646431 2.49316454392213 2.52586101568662 2.94162520181353 -9999 -9999 -9999 -9999 -9999 -9999 -9999 -9999 -9999 -9999 -9999 -9999 -9999 -9999 -9999 -9999 -9999 -9999 -9999 -9999 -9999 -9999 -9999 -9999 -9999 -9999 -9999 -9999 -9999 -9999 -9999 -9999 -9999 -9999 -9999 -9999 -9999 -9999
