EcologicalScience/Bass/data/rs_data_bass/chl_389.asc
NCOLS 226 
NROWS 124 
XLLCORNER -9.41648524995501 
YLLCORNER 47.587301625531 
CELLSIZE 0.0833 
NODATA_value -9999 
[rows 81 to 107 of 124, columns 61 to 121 of 226]
2.28484618663788 3.85158455371857 5.97498106956482 7.6620512008667 7.66205191612244 -9999 -9999 -9999 -9999 -9999 -9999 -9999 -9999 -9999 -9999 -9999 -9999 -9999 -9999 -9999 -9999 -9999 -9999 -9999 -9999 -9999 -9999 -9999 -9999 -9999 -9999 -9999 -9999 -9999 -9999 -9999 -9999 -9999 -9999 -9999 -9999 -9999 -9999 -9999 -9999 -9999 -9999 -9999 -9999 -9999 -9999 -9999 -9999 -9999 -9999 -9999 -9999 -9999 -9999 -9999 -9999
3.72662347555161 3.22697046080839 -9999 -9999 -9999 -9999 -9999 -9999 -9999 -9999 -9999 -9999 -9999 -9999 -9999 -9999 -9999 -9999 -9999 -9999 -9999 -9999 -9999 -9999 -9999 -9999 -9999 -9999 -9999 -9999 -9999 -9999 -9999 -9999 -9999 -9999 -9999 -9999 -9999 -9999 -9999 -9999 -9999 -9999 -9999 -9999 -9999 -9999 -9999 -9999 -9999 -9999 -9999 -9999 -9999 -9999 -9999 -9999 -9999 -9999 -9999
-9999 -9999 -9999 -9999 -9999 -9999 -9999 -9999 -9999 -9999 -9999 -9999 -9999 -9999 -9999 -9999 -9999 -9999 -9999 -9999 -9999 -9999 -9999 -9999 -9999 -9999 -9999 -9999 -9999 -9999 -9999 -9999 -9999 -9999 -9999 -9999 -9999 -9999 -9999 -9999 -9999 -9999 -9999 -9999 -9999 -9999 -9999 -9999 -9999 -9999 -9999 -9999 -9999 -9999 -9999 -9999 -9999 -9999 -9999 -9999 -9999
-9999 -9999 -9999 -9999 -9999 -9999 -9999 -9999 -9999 -9999 -9999 -9999 -9999 -9999 -9999 -9999 -9999 -9999 -9999 -9999 -9999 -9999 -9999 -9999 -9999 -9999 -9999 -9999 -9999 -9999 -9999 -9999 -9999 -9999 -9999 -9999 -9999 -9999 -9999 -9999 -9999 -9999 -9999 -9999 -9999 -9999 -9999 -9999 -9999 -9999 -9999 -9999 -9999 -9999 -9999 -9999 -9999 -9999 5.99455768159292 4.1882518529892 2.7728174328804
-9999 -9999 -9999 -9999 -9999 -9999 -9999 -9999 -9999 -9999 -9999 -9999 -9999 -9999 -9999 -9999 -9999 -9999 -9999 -9999 -9999 -9999 -9999 -9999 -9999 -9999 -9999 -9999 -9999 -9999 -9999 -9999 -9999 -9999 -9999 -9999 -9999 37.1749906539917 -9999 3.36814892292023 3.15025057700964 -9999 -9999 1.90129095315933 2.56649148464203 3.01929807662964 3.99886107444763 3.28518390655518 1.28839838504791 3.11378860473633 2.23564195632935 2.57564091682434 1.35226752928325 -9999 -9999 -9999 2.254154920578 2.83308291435242 1.9882019162178 2.09385305643082 1.66342949867249
-9999 -9999 -9999 -9999 -9999 -9999 -9999 -9999 -9999 -9999 -9999 -9999 -9999 12.001266002655 7.3258766412735 3.92174948751926 5.67486678063869 3.66494506597519 2.28144937008619 1.12509450316429 -9999 -9999 -9999 -9999 -9999 -9999 -9999 -9999 -9999 2.05895107984543 2.08900505304337 3.20034318310874 3.4231054186821 -9999 3.66949796676636 -9999 -9999 -9999 -9999 3.21614706516266 3.01607251167297 3.42192685604095 3.33082038164139 3.39842998981476 2.29210728406906 2.17297500371933 2.92014366388321 0.984894767403603 2.84011119604111 2.40158772468567 2.56466406583786 2.18463671207428 2.04024893045425 1.7997105717659 1.86091732978821 1.36324873566628 1.72098219394684 1.86379051208496 1.27651879191399 1.03635075688362 0.80715000629425
-9999 -9999 -9999 -9999 -9999 -9999 -9999 -9999 -9999 -9999 -9999 23.533194065094 2.66000306606293 14.5272047370672 0.925592958927155 0.914626479148865 0.800434470176697 0.689039245247841 0.669321745634079 0.67084202170372 1.17436790892056 1.49465745356348 -9999 2.12428620457649 1.79731514056524 1.87112885713577 -9999 -9999 2.7067523598671 2.02092683315277 2.29637557268143 1.54007929563522 1.32446849346161 3.43890118598938 3.57300813496113 -9999 -9999 3.1004735255728 2.65728595427104 3.15094864368439 3.02317035198212 3.02413415908813 2.67560541629791 2.33564329147339 0.975558757781982 1.55323129892349 0.727543517947197 0.949682235717773 1.05385199189186 0.847661286592484 1.19932052493095 0.914128482341766 1.09257146716118 1.14095395803452 1.1287582218647 1.08057224750519 1.1852805018425 1.03827077150345 0.734269514679909 0.922362774610519 0.981190502643585
-9999 -9999 -9999 -9999 -9999 -9999 -9999 -9999 -9999 -9999 9.40098452568054 6.92162221670151 0.843974232673645 0.849266231060028 0.842818468809128 0.726162001490593 0.56121526658535 0.629298001527786 0.638651981949806 0.735146999359131 0.778241962194443 1.00705328583717 1.41581846773624 1.48064026236534 1.66124927997589 1.40106803178787 1.63847003664289 1.62716808915138 1.64403223991394 1.41353499889374 1.40370428562164 1.3692364692688 1.51715275645256 1.32096979022026 1.77443397045135 2.92213726043701 3.04886484146118 3.12728083133698 2.94049352407455 2.42405253648758 2.3048700094223 2.11343449354172 1.6870020031929 0.894283130764961 0.637254372239113 0.534240379929543 0.452194131910801 0.431663610041142 0.43358887732029 0.411633007228374 0.364601254463196 0.36939675360918 0.378607481718063 0.819961488246918 0.932812482118607 1.28220748901367 1.77850806713104 1.62028580904007 0.80196225643158 0.710222259163857 0.666420757770538
-9999 -9999 -9999 -9999 -9999 -9999 -9999 -9999 -9999 -9999 4.94532210486276 1.85349451750517 0.734584495425224 0.663280516862869 0.573055520653725 0.521628007292747 0.500824481248856 0.488284483551979 0.575190737843513 0.844505250453949 0.921582534909248 1.07820525765419 1.15378174185753 1.22009921073914 1.19894099235535 1.24935261905193 1.2287253588438 1.18422375619411 1.22529551386833 1.16106224060059 0.866128474473953 0.838170021772385 0.83143275976181 0.970319956541061 1.0012147128582 1.27847322821617 1.60649174451828 1.79860424995422 2.19714367389679 2.2554287314415 1.91839778423309 1.53508728742599 1.28001976013184 0.513409495353699 0.474832110106945 0.461759246885777 0.457152374088764 0.432902634143829 0.423631891608238 0.294759750366211 0.679979234933853 0.761632472276688 1.36491376161575 1.92348682880402 2.13435441255569 2.17027580738068 2.02871096134186 1.54090797901154 1.17639827728271 0.847843497991562 0.801811516284943
4.13654887676239 -9999 -9999 -9999 -9999 -9999 -9999 -9999 -9999 -9999 0.758755534887314 0.772690504789352 0.726597011089325 0.658497735857964 0.548322021961212 0.504388511180878 0.509640008211136 0.545219242572784 0.63433650881052 0.668506868183613 0.714771747589111 0.818696528673172 0.865475013852119 0.819011509418488 0.790152758359909 1.00957649946213 1.02951604127884 0.992742776870728 0.661638021469116 0.825738787651062 1.01420179009438 1.15197676420212 1.04732626676559 1.07935202121735 1.10453251004219 1.08700650930405 1.14932700991631 1.21647146344185 1.63454854488373 1.1010747551918 0.933401733636856 0.787294775247574 0.652803748846054 0.524445995688438 0.483027756214142 0.512621641159058 0.52309687435627 0.497065857052803 0.345599256455898 0.390172496438026 1.66038447618484 1.57846873998642 1.51379853487015 1.56118655204773 1.76163893938065 1.70530271530151 1.45611074566841 1.00407153367996 0.903318017721176 1.02088871598244 1.24902454018593
0.479163005948067 0.956649720668793 0.399533271789551 1.69053447246552 6.94980281591415 -9999 -9999 -9999 2.48071061481129 1.39656302332878 0.926095515489578 0.685954481363297 0.691422745585442 0.610071748495102 0.644149482250214 0.60385125875473 0.590336233377457 0.863751485943794 0.301074005663395 1.20229277014732 1.06737676262856 0.912869989871979 1.01314723491669 0.80197848379612 0.897916480898857 0.973286211490631 1.00461673736572 1.03286254405975 0.923280000686646 0.671394735574722 0.650625765323639 0.690338239073753 0.665734514594078 0.670506745576859 0.664598241448402 0.611812502145767 0.514518767595291 0.576378732919693 0.629699259996414 0.581017479300499 0.553185239434242 0.53999350965023 0.535892248153687 0.574707269668579 0.594792500138283 0.531370125710964 0.862730294466019 0.976332753896713 1.00409477949142 0.763035714626312 1.02694049477577 1.05818778276443 1.08488997817039 1.16594249010086 1.78508466482162 2.11039656400681 2.23995745182037 1.44758024811745 1.55960404872894 1.76942324638367 1.87968295812607
0.494175016880035 0.550118252635002 0.491043001413345 0.591746270656586 0.62567026913166 0.759990781545639 1.42011898756027 1.12717124819756 0.995141208171844 1.01940071582794 0.694277241826057 0.686345994472504 0.797509521245956 0.710459992289543 1.01910823583603 0.988471537828445 0.881069272756577 0.842619717121124 0.871134728193283 1.02220577001572 1.23705071210861 1.19195401668549 0.934321492910385 0.875727742910385 0.902399986982346 1.11485096812248 0.826626226305962 1.05119177699089 1.08776396512985 0.954821974039078 0.912139534950256 0.849579781293869 0.766894519329071 0.725569501519203 0.692475020885468 0.644804254174232 0.739461734890938 0.959672212600708 0.850217990577221 0.767604365944862 0.931814968585968 0.903046488761902 0.58713273704052 0.67060449719429 0.679726511240005 0.668477743864059 1.01693773269653 0.875652015209198 0.877625226974487 0.94028028845787 0.972583472728729 1.19132101535797 1.49302724003792 1.78489047288895 2.58332777023315 2.72536200284958 1.97377055883408 2.28552603721619 2.51452875137329 2.51985973119736 2.48138093948364
0.494595766067505 0.445002749562263 0.364832259714603 0.390086263418198 0.405852019786835 0.460365012288094 0.518863499164581 0.5271847397089 0.662458509206772 0.684381008148193 0.684594020247459 0.983842492103577 1.03449377417564 0.373243510723114 0.343838252127171 0.882296293973923 0.755769789218903 0.73395448923111 1.29232800006866 1.25758427381516 1.19413197040558 0.937866777181625 0.815015248954296 0.794223010540009 0.827443107962608 0.969513013958931 1.22770571708679 1.24559703469276 1.24297428131104 1.09213802218437 1.00623974204063 0.889787971973419 0.693269982933998 0.586625263094902 0.566036269068718 0.536015242338181 0.729889512062073 0.773472726345062 0.95000097155571 0.956199020147324 0.969197988510132 0.964970290660858 0.983522236347198 1.08967199921608 1.1226592361927 0.70371425151825 1.02251476049423 1.07864025235176 1.01503649353981 0.942947208881378 1.7576077580452 2.25092107057571 2.46141600608826 2.59787178039551 2.28021830320358 1.4930294752121 1.01963022351265 1.86859041452408 1.95744752883911 1.95454877614975 1.93814706802368
0.387989267706871 0.364605009555817 0.427740007638931 0.356217004358768 0.429641246795654 0.350279241800308 0.35639926046133 0.344242505729198 0.465651020407677 0.566695511341095 0.506174996495247 0.828821748495102 0.954383254051208 0.813832461833954 0.730854749679565 0.91615954041481 0.919572740793228 0.892320781946182 0.794239461421967 1.23519828915596 0.93529149889946 0.954534247517586 1.53208047151566 1.74125182628632 2.0782762169838 2.05873650312424 1.61726027727127 1.34807252883911 1.10848501324654 0.738739505410194 0.65700227022171 0.610876500606537 0.571491748094559 0.511182010173798 0.501319482922554 0.492154508829117 0.711088478565216 0.693161979317665 0.644216269254684 0.995642244815826 1.17252221703529 1.24158525466919 1.37903702259064 1.48383522033691 1.369215041399 1.28868600726128 1.2776497900486 0.606370512396097 2.08764982223511 1.93261581659317 2.27234476804733 2.20995157957077 1.35746347904205 0.500632479786873 0.464125514030457 0.496411487460136 0.59315849840641 1.36648347973824 1.44301879405975 1.55361074209213 1.74770325422287
0.358851000666618 0.344741240143776 0.326486997306347 0.360533997416496 0.439355984330177 0.333470240235329 0.333612754940987 0.341273255646229 0.394266754388809 0.399822771549225 0.344328761100769 0.376823231577873 0.795245289802551 0.56488162279129 1.07011502981186 1.00950747728348 1.08645370602608 1.14457422494888 1.07687321305275 1.35380628705025 1.41881096363068 1.52833807468414 1.88106375932693 1.80840450525284 1.4999632537365 1.51430332660675 0.904763996601105 0.71865901350975 0.681374251842499 0.633102759718895 0.568038001656532 0.551616758108139 0.546936750411987 0.505935743451118 0.50653874874115 0.505319237709045 0.95934596657753 0.977355033159256 1.23563173413277 1.42024353146553 1.66463702917099 0.826660007238388 1.85619074106216 2.46506398916245 0.64191073179245 0.659443516284227 0.641526348888874 2.09920352697372 0.897059619426727 2.44673019647598 1.8339067697525 1.33541250228882 1.20482996106148 0.61557599902153 0.655793979763985 1.78786653280258 2.45087468624115 2.90703248977661 2.66061878204346 1.198560744524 1.36366125941277
0.370803751051426 0.296861261129379 0.297607496380806 0.321059994399548 0.3423967435956 0.359825246036053 0.372462004423141 0.37262774258852 0.335865743458271 0.408704996109009 0.57864148914814 0.55171425640583 0.543384745717049 0.693878978490829 0.726621016860008 0.725654259324074 1.01413804292679 0.742998763918877 0.925551027059555 1.12661924958229 1.30760997533798 1.44410625100136 1.71593016386032 0.74830350279808 0.689034730195999 0.655381500720978 0.653916746377945 0.678908228874207 0.718946233391762 0.837183773517609 0.917202740907669 0.804591715335846 1.05454051494598 0.991435468196869 0.96221923828125 0.966079473495483 1.05988499522209 1.14467096328735 1.41337421536446 1.66890674829483 2.0444723367691 2.09009402990341 2.15837180614471 2.16120225191116 2.22416478395462 2.11662000417709 2.07352423667908 2.60112458467484 2.64866405725479 2.53938746452332 0.632104486227036 0.688763245940208 0.621254995465279 1.53890550136566 2.59404540061951 3.01627480983734 3.41943967342377 3.53336834907532 3.06546664237976 2.50062996149063 1.46832525730133
0.361674383282661 0.350055746734142 0.321694493293762 0.301833003759384 0.389492243528366 0.418307259678841 0.553347006440163 0.615375012159348 0.780818223953247 0.994040966033936 1.03335374593735 0.890489995479584 0.58135199546814 0.7097377628088 0.72869548201561 0.631001248955727 0.657217517495155 0.632979020476341 0.645670518279076 0.59246326982975 0.623751729726791 0.675123766064644 0.679627507925034 0.596704512834549 0.64130924642086 0.658986747264862 0.724820271134377 0.988898992538452 1.02840849757195 1.10968574881554 1.19066548347473 1.30202847719193 1.18181696534157 0.995635539293289 1.20018750429153 1.43881273269653 1.5366262793541 1.40998122096062 1.41861829161644 1.6340925693512 2.15076380968094 2.16264599561691 2.18882471323013 1.85417032241821 1.84880554676056 1.76629042625427 1.97195845842361 2.6117445230484 2.64824849367142 2.91205269098282 2.24739450216293 1.14082726836205 1.60217401385307 2.39481040835381 4.40812349319458 7.58276295661926 10.2579071521759 2.70067601395349 -9999 -9999 -9999
0.435827985405922 0.429282769560814 0.431733012199402 0.397147491574287 0.342431992292404 0.352116756141186 0.595785766839981 0.681034505367279 0.941537976264954 1.38029327988625 1.05379423499107 0.667994230985641 0.487212762236595 0.881169766187668 0.620640769600868 0.593191489577293 0.524710491299629 0.480410233139992 0.483186006546021 0.515313729643822 0.572160020470619 0.628591507673264 0.690774008631706 0.788607716560364 0.797100752592087 0.917250752449036 0.975401222705841 1.26079049706459 1.14793881475925 1.38872783184052 1.04374518245459 1.1525385081768 0.946345031261444 2.14779531955719 2.18168556690216 2.58395558595657 2.4869504570961 1.82121005654335 2.09509116411209 2.03240329027176 2.55830991268158 1.20854049921036 1.17266374826431 1.48231422901154 1.01336547732353 1.75002443790436 2.00070977210999 1.70881730318069 1.25563725829124 1.37137797474861 1.68676722049713 2.73770521581173 3.47727030515671 3.51236280798912 37.9725640118122 1.53190714804853 -9999 -9999 -9999 -9999 -9999
0.465487495064735 0.538602009415627 0.548559755086899 0.457305729389191 0.533744260668755 0.519541516900063 0.31395149230957 0.309907503426075 0.325905002653599 0.330070495605469 0.362068489193916 0.407346770167351 0.356667749583721 0.406572729349136 0.524988770484924 0.646215006709099 0.722675263881683 0.636694505810738 0.544956743717194 0.512262001633644 0.659837990999222 0.675289481878281 0.731483995914459 0.835753530263901 0.859948486089706 0.830634713172913 0.910696506500244 1.30968376994133 1.80509322881699 2.16480982303619 -9999 -9999 -9999 -9999 -9999 -9999 3.14426672458649 2.4072640389204 3.52489870786667 3.28470858931541 1.28569346666336 0.800316743552685 0.75009298324585 0.591769516468048 0.788264214992523 1.27839222550392 1.54002374410629 3.11628663539886 2.93133354187012 0.852085500955582 2.55683805048466 3.56480884552002 4.1865895986557 5.99916696548462 1.9762424826622 1.97624230384827 -9999 -9999 -9999 -9999 -9999
0.589122757315636 0.593255236744881 0.633171737194061 0.565755754709244 0.493342503905296 0.409198477864265 0.320529744029045 0.386833503842354 0.404658749699593 0.38876174390316 0.297596991062164 0.309233240783215 0.356050506234169 0.514722749590874 0.540287241339684 0.612475499510765 0.684122979640961 0.58610326051712 0.64988100528717 0.590466007590294 0.690432742238045 0.61796173453331 0.663072735071182 0.827163755893707 0.843890994787216 0.914710521697998 0.911500543355942 1.3690769970417 1.83327001333237 2.53891056776047 -9999 -9999 -9999 -9999 -9999 -9999 -9999 18.4251911299569 0.697009105235338 7.34921222180128 1.12013963609934 0.821766760200262 0.79866149649024 0.80137050524354 0.749710891395807 0.515054270625114 0.55816425383091 0.680190771818161 0.885653972625732 1.30676248669624 3.28751492500305 6.54870653152466 7.87502312660217 -9999 -9999 -9999 -9999 -9999 -9999 -9999 -9999
0.539960995316505 1.02070501819253 0.798943720757961 0.831781893968582 0.440652742981911 0.381960019469261 0.377584487199783 0.40691851079464 0.427822485566139 0.451487258076668 0.290271744132042 0.672697484493256 0.752616763114929 0.794118762016296 0.596340000629425 0.537846744060516 0.58278451859951 0.59517677128315 0.619815766811371 0.790969029068947 1.3260183930397 0.888685890020581 0.787367708981037 0.705287128686905 0.580574244260788 0.662226006388664 0.744957759976387 1.03024274110794 1.18705800175667 1.35326698422432 -9999 -9999 -9999 -9999 -9999 -9999 -9999 15.8721490725875 11.5017058700323 0.773725524544716 7.58671671152115 7.59849245846272 5.31362577527761 4.29478719457984 3.56128153949976 0.482152506709099 2.39702019095421 0.591887980699539 0.56860725581646 0.673377737402916 2.75111854076385 3.18129658699036 8.22742438316345 13.1239753450666 -9999 -9999 -9999 -9999 -9999 -9999 -9999
0.838290005922318 0.441371262073517 0.394221737980843 0.405479237437248 0.405370518565178 0.416199758648872 0.326494507491589 0.30357901006937 1.06599001586437 0.909263648092747 0.910418272018433 0.624434262514114 0.645702749490738 0.784168481826782 0.598017767071724 0.507919505238533 0.482073739171028 0.485062479972839 0.520360484719276 0.523541271686554 0.546711757779121 0.586831480264664 0.552533984184265 0.520554766058922 0.565245732665062 0.540612012147903 0.666460499167442 0.916816502809525 1.39172923564911 1.19841036200523 1.52273733615875 -9999 -9999 -9999 -9999 -9999 -9999 -9999 3.68285360506603 8.1025976339976 3.03223720192909 3.18272431691488 0.889654871076345 0.833936721086502 4.28506028652191 1.16449950635433 1.0161637365818 0.892864141613245 8.2116225361824 9.83397543430328 34.7779267174857 25.7389154434204 25.9583256585257 5.77313971941111 -9999 -9999 -9999 -9999 -9999 -9999 -9999
0.902051255106926 0.462683245539665 0.401330262422562 0.756854228675365 0.90666452050209 0.876199245452881 0.274591505527496 0.296461500227451 0.356009244918823 0.560136750340462 1.02419552206993 0.664979249238968 0.752134501934052 0.778382956981659 0.530439019203186 0.486530229449272 0.452451020479202 0.52012874186039 0.572198241949081 0.527093231678009 0.533707514405251 0.699968978762627 0.62202675640583 0.562181979417801 0.666290268301964 0.927197277545929 1.12773710489273 1.03428827226162 1.04987476766109 1.22087851166725 1.31794573366642 -9999 -9999 -9999 -9999 -9999 -9999 -9999 -9999 -9999 -9999 -9999 -9999 -9999 -9999 -9999 -9999 3.65490746498108 2.82778888398951 24.543309211731 30.5414452978543 -9999 -9999 -9999 -9999 -9999 -9999 -9999 -9999 -9999 -9999
0.700595241039991 0.544202618300915 0.674803487956524 0.723512604832649 0.600653499364853 0.715434998273849 0.70396625995636 0.558441013097763 0.459133520722389 0.555389240384102 0.552934482693672 0.731199011206627 0.670120507478714 0.672263234853745 0.645552009344101 0.489504754543304 0.472464010119438 0.486375734210014 0.515652760863304 0.518951252102852 0.644432231783867 0.662997767329216 0.682917013764381 0.638375267386436 2.10284551978111 -9999 -9999 1.7453237871329 1.01855251193047 1.04449765384197 1.11264936625957 1.63136422634125 -9999 -9999 -9999 -9999 -9999 -9999 -9999 -9999 -9999 -9999 -9999 -9999 -9999 -9999 -9999 -9999 -9999 -9999 -9999 -9999 -9999 -9999 -9999 -9999 -9999 -9999 -9999 -9999 -9999
0.486708372831345 0.436362750828266 0.47045774012804 0.455164879560471 0.782603979110718 0.693531006574631 0.621322244405746 0.910607278347015 0.645991489291191 0.652289986610413 0.597170233726501 0.579506993293762 0.552450746297836 0.529794752597809 0.610034242272377 0.539349004626274 0.434889748692513 0.58439701795578 0.561348751187325 0.60710097849369 0.59231923520565 0.569553002715111 0.645947992801666 0.609798759222031 0.710182264447212 0.757092997431755 0.927655890583992 0.939972773194313 0.948187530040741 1.0560472458601 1.11731886863708 1.67876029014587 2.67484032291256 -9999 -9999 -9999 -9999 -9999 -9999 -9999 -9999 -9999 -9999 -9999 -9999 -9999 -9999 -9999 -9999 -9999 -9999 -9999 -9999 -9999 -9999 -9999 -9999 -9999 -9999 -9999 -9999
1.10875350236893 1.08158022165298 0.452456630766392 0.476515509188175 0.6759352684021 0.981877505779266 0.853532284498215 0.759056210517883 0.70788449048996 0.512765988707542 0.544241264462471 0.548208743333817 0.458594262599945 0.510089993476868 0.541292980313301 0.420314982533455 0.404630228877068 0.610746368765831 0.601724982261658 0.590558230876923 0.579947233200073 0.585041999816895 0.56189276278019 0.608880013227463 0.689253002405167 0.697170987725258 0.909639000892639 0.91032861918211 1.01753358542919 1.17298498749733 1.43863427639008 1.83216053247452 2.23511530223646 -9999 -9999 -9999 -9999 -9999 -9999 -9999 -9999 -9999 -9999 -9999 -9999 -9999 -9999 -9999 -9999 -9999 -9999 -9999 -9999 -9999 -9999 -9999 -9999 -9999 -9999 -9999 -9999
0.771414756774902 0.735480755567551 0.763048499822617 0.503709375858307 0.501103140413761 0.492077998816967 0.595182001590729 0.67535175383091 0.605349764227867 0.5351542532444 0.510981380939484 0.665770500898361 0.557289764285088 0.746636219322681 0.794806525111198 0.76238775998354 0.623788878321648 0.569239877164364 0.63137474656105 0.609861005097628 0.630647622048855 0.641871772706509 0.570763513445854 0.623745739459991 0.695665508508682 0.951178729534149 1.04893922805786 0.857948035001755 0.853058010339737 0.91366171836853 1.08943751454353 2.97103273868561 -9999 -9999 -9999 -9999 -9999 -9999 -9999 -9999 -9999 -9999 -9999 -9999 -9999 -9999 -9999 -9999 -9999 -9999 -9999 -9999 -9999 -9999 -9999 -9999 -9999 -9999 -9999 -9999 -9999
