EcologicalScience/Bass/data/rs_data_bass/chl_486.asc
NCOLS 226 
NROWS 124 
XLLCORNER -9.41648524995501 
YLLCORNER 47.587301625531 
CELLSIZE 0.0833 
NODATA_value -9999 
[rows 0 to 26 of 124, columns 61 to 121 of 226]
-9999 -9999 -9999 -9999 -9999 -9999 -9999 -9999 -9999 -9999 -9999 -9999 -9999 -9999 -9999 -9999 -9999 -9999 -9999 -9999 -9999 -9999 -9999 -9999 -9999 -9999 -9999 -9999 -9999 -9999 -9999 -9999 -9999 -9999 -9999 -9999 -9999 -9999 -9999 -9999 -9999 -9999 -9999 -9999 -9999 -9999 -9999 -9999 -9999 -9999 -9999 -9999 -9999 -9999 -9999 -9999 -9999 -9999 -9999 -9999 -9999
-9999 -9999 -9999 -9999 -9999 -9999 -9999 -9999 -9999 -9999 -9999 -9999 -9999 -9999 -9999 -9999 -9999 -9999 -9999 -9999 -9999 -9999 -9999 -9999 -9999 -9999 -9999 -9999 -9999 -9999 -9999 -9999 -9999 -9999 -9999 -9999 -9999 -9999 -9999 -9999 -9999 -9999 -9999 -9999 -9999 -9999 -9999 -9999 -9999 -9999 -9999 -9999 -9999 -9999 -9999 -9999 -9999 -9999 -9999 -9999 -9999
-9999 -9999 -9999 -9999 -9999 -9999 -9999 -9999 -9999 -9999 -9999 -9999 -9999 -9999 -9999 -9999 -9999 -9999 -9999 -9999 -9999 -9999 -9999 -9999 -9999 -9999 -9999 -9999 -9999 -9999 -9999 -9999 -9999 -9999 -9999 -9999 -9999 -9999 -9999 -9999 -9999 -9999 -9999 -9999 -9999 -9999 -9999 -9999 -9999 -9999 -9999 -9999 -9999 -9999 -9999 -9999 -9999 -9999 -9999 -9999 -9999
-9999 -9999 -9999 -9999 -9999 -9999 -9999 -9999 -9999 -9999 -9999 -9999 -9999 -9999 -9999 -9999 -9999 -9999 -9999 -9999 -9999 -9999 -9999 -9999 -9999 -9999 -9999 -9999 -9999 -9999 -9999 -9999 -9999 -9999 -9999 -9999 -9999 -9999 -9999 -9999 -9999 -9999 -9999 -9999 -9999 -9999 -9999 -9999 -9999 -9999 -9999 -9999 -9999 -9999 -9999 -9999 -9999 -9999 -9999 -9999 -9999
-9999 -9999 -9999 -9999 -9999 -9999 -9999 -9999 -9999 -9999 -9999 -9999 -9999 -9999 -9999 -9999 -9999 -9999 -9999 -9999 -9999 -9999 -9999 -9999 -9999 -9999 -9999 -9999 -9999 -9999 -9999 -9999 -9999 -9999 -9999 -9999 -9999 -9999 -9999 -9999 -9999 -9999 -9999 -9999 -9999 -9999 -9999 -9999 -9999 -9999 -9999 -9999 -9999 -9999 -9999 -9999 -9999 -9999 -9999 -9999 -9999
-9999 -9999 -9999 -9999 -9999 -9999 -9999 -9999 -9999 -9999 -9999 -9999 -9999 -9999 -9999 -9999 -9999 -9999 -9999 -9999 -9999 -9999 -9999 -9999 -9999 -9999 -9999 -9999 -9999 0.63735419511795 1.66913360953331 2.51734989881516 2.20028704404831 1.31871047616005 1.11433947086334 0.848146140575409 0.818431109189987 0.824477165937424 0.766368716955185 0.79667991399765 0.852592974901199 0.897157251834869 0.792488515377045 0.728006958961487 0.699671164155006 0.682052046060562 0.696515634655952 0.682442978024483 0.635056167840958 0.616236805915833 0.624081820249557 0.594244346022606 0.558070689439774 0.564709335565567 0.564527258276939 0.577558681368828 0.607689276337624 0.608108729124069 0.61515699326992 0.56529039144516 0.455298095941544
-9999 -9999 -9999 -9999 -9999 -9999 -9999 -9999 -9999 -9999 -9999 -9999 -9999 -9999 -9999 -9999 -9999 -9999 -9999 -9999 -9999 -9999 -9999 -9999 -9999 -9999 -9999 1.18186515569687 1.0627324283123 1.09811130166054 0.914361119270325 0.928004086017609 1.03030809760094 1.09018725156784 1.03356537222862 0.906990945339203 0.868170171976089 0.821327805519104 0.801027327775955 0.78728923201561 0.901893138885498 0.912555813789368 0.865789264440536 0.842331647872925 0.866824686527252 0.85573111474514 0.850660778582096 0.624145075678825 0.608671143651009 0.590685814619064 0.594208493828773 0.611838474869728 0.61841981112957 0.575943320989609 0.59846667945385 0.630665883421898 0.651366725564003 0.637969717383385 0.607380285859108 0.504905104637146 0.378355890512466
-9999 -9999 -9999 -9999 -9999 -9999 -9999 -9999 -9999 -9999 -9999 -9999 -9999 -9999 -9999 -9999 -9999 -9999 -9999 -9999 -9999 -9999 -9999 -9999 -9999 -9999 -9999 1.18186515569687 2.0692440032959 1.01933285593987 0.997928380966187 1.04981589317322 1.04993176460266 1.04115781188011 0.968826502561569 0.887170761823654 0.878745496273041 0.822563678026199 0.814398854970932 0.840210825204849 0.821792453527451 0.872503638267517 0.880801767110825 0.887798935174942 0.902161002159119 0.953636325895786 0.943594694137573 0.889154121279716 0.636898890137672 0.626896038651466 0.605178773403168 0.58336928486824 0.602630317211151 0.630106195807457 0.615087613463402 0.600743696093559 0.569183215498924 0.511211693286896 0.455162554979324 0.384734496474266 0.342686399817467
-9999 -9999 -9999 -9999 -9999 -9999 -9999 -9999 -9999 -9999 -9999 -9999 -9999 -9999 -9999 -9999 -9999 -9999 -9999 -9999 -9999 -9999 -9999 -9999 -9999 -9999 -9999 7.37230753898621 1.08469480276108 1.06713983416557 1.14275729656219 0.990818738937378 0.975079447031021 1.02372398972511 1.05197060108185 1.01676973700523 0.925733596086502 0.845950752496719 0.91943433880806 0.943081945180893 0.865467756986618 0.71955169737339 0.918432176113129 1.39162883162498 0.81512126326561 0.937295459210873 0.928373917937279 0.842706397175789 0.742439433932304 0.485924810171127 0.445790469646454 0.399631708860397 0.387784615159035 0.408702492713928 0.473069831728935 0.538034588098526 0.508211240172386 0.438568934798241 0.363405928015709 0.327479392290115 0.303302675485611
-9999 -9999 -9999 -9999 -9999 -9999 -9999 -9999 -9999 -9999 -9999 -9999 -9999 -9999 -9999 -9999 -9999 -9999 -9999 -9999 -9999 -9999 -9999 -9999 -9999 -9999 1.19121462106705 3.51615858078003 1.32632142305374 1.26408469676971 1.11090329289436 1.0353801548481 1.02082291245461 1.02731171250343 1.04371878504753 0.973712682723999 0.946165591478348 0.963205844163895 1.0313583612442 1.02971014380455 0.958803087472916 0.7723448574543 0.58654323220253 0.489276453852654 0.969691649079323 0.931917250156403 0.864729389548302 0.726288937032223 0.70374957472086 0.697303645312786 0.677080929279327 0.330612815916538 0.315465062856674 0.321207337081432 0.355242289602757 0.388888746500015 0.369073681533337 0.354914300143719 0.358384698629379 0.365650936961174 0.371584117412567
-9999 -9999 -9999 -9999 -9999 -9999 -9999 -9999 -9999 -9999 -9999 -9999 -9999 -9999 -9999 -9999 -9999 -9999 -9999 -9999 -9999 -9999 -9999 -9999 -9999 -9999 1.56843057274818 1.49712578952312 1.24510176479816 1.08019584417343 1.02687174081802 1.03008449077606 1.0247303545475 1.07607033848763 1.09195616841316 1.06792536377907 1.03384780883789 1.05633151531219 1.11187094449997 1.04150542616844 0.946594297885895 0.902432531118393 0.843910485506058 0.67773149907589 0.477506250143051 0.8716781437397 0.778996556997299 0.775982737541199 0.768465913832188 0.751634582877159 0.741229958832264 0.280768498778343 0.283532045781612 0.296265453100204 0.298660889267921 0.33869706094265 0.421398550271988 0.449036881327629 0.442127957940102 0.437797352671623 0.459471747279167
-9999 -9999 -9999 -9999 -9999 -9999 -9999 -9999 -9999 -9999 -9999 -9999 -9999 -9999 -9999 -9999 -9999 -9999 -9999 -9999 -9999 -9999 -9999 -9999 -9999 1.31647038459778 1.19087228178978 1.22449341416359 1.24939781427383 0.994498729705811 1.05947694182396 1.04707413911819 1.01212567090988 1.05129504203796 1.09487074613571 1.05456653237343 0.975417584180832 0.94805109500885 0.997504502534866 1.04509198665619 1.02708837389946 0.980612307786942 0.941307038068771 0.885835200548172 0.789378762245178 0.972171664237976 1.1019102036953 0.987218588590622 0.952906429767609 0.832708463072777 0.812418535351753 0.8241246342659 0.783793151378632 0.749435819685459 0.275960572063923 0.288051567971706 0.321968905627728 0.377509832382202 0.417718112468719 0.4538614153862 0.463266402482986
-9999 -9999 -9999 -9999 -9999 -9999 -9999 -9999 -9999 -9999 -9999 -9999 -9999 -9999 -9999 -9999 -9999 -9999 -9999 -9999 -9999 -9999 -9999 -9999 1.50594073534012 1.21876269578934 1.09910809993744 0.986445844173431 0.842427223920822 0.987165033817291 1.02637052536011 1.03892979025841 1.04500553011894 1.03334149718285 1.0597904920578 1.06656119227409 1.0015926361084 0.96019434928894 0.966826021671295 1.01698467135429 1.04227083921432 0.975135773420334 0.910184919834137 0.936013519763947 0.889083981513977 0.866106301546097 0.895814895629883 0.850434869527817 0.989259481430054 0.971172899007797 0.78302925825119 0.761760592460632 0.763085022568703 0.705126643180847 0.628757759928703 0.583460122346878 0.264695629477501 0.270590588450432 0.273387260735035 0.564999371767044 0.465993046760559
-9999 -9999 -9999 -9999 -9999 -9999 -9999 -9999 -9999 -9999 -9999 -9999 -9999 -9999 -9999 -9999 -9999 -9999 -9999 -9999 -9999 -9999 -9999 4.40603721141815 1.62617379426956 1.18081498146057 2.0325962305069 0.828204363584518 0.931357651948929 0.981130510568619 0.968501508235931 0.978505522012711 1.01264467835426 0.996867477893829 0.996859520673752 0.981641113758087 0.947043389081955 0.933677941560745 1.01963058114052 1.02550300955772 1.03147825598717 0.995020151138306 1.00534629821777 1.03678840398788 1.0530176460743 0.814028531312943 0.636707425117493 0.612511575222015 0.777956038713455 0.762338697910309 0.705207824707031 0.829243138432503 0.831384971737862 0.813868224620819 0.59807762503624 0.613714948296547 0.511661365628242 0.390964061021805 0.454141438007355 0.607658140361309 0.634306289255619
-9999 -9999 -9999 -9999 -9999 -9999 -9999 -9999 -9999 -9999 -9999 -9999 -9999 -9999 -9999 -9999 -9999 -9999 -9999 -9999 -9999 2.64602583646774 6.63028639554977 2.89030981063843 2.12281680107117 1.24279645085335 1.06775191426277 1.08439099788666 1.01061835885048 0.989354699850082 0.924870908260345 0.931483626365662 0.981802225112915 0.962830603122711 0.95546355843544 0.958081930875778 0.960663914680481 0.936183303594589 0.948252707719803 0.951275914907455 0.938520669937134 0.914661884307861 0.915637761354446 1.0758196413517 1.07039049267769 0.689203575253487 0.671623036265373 0.714501366019249 0.721351638436317 0.76611864566803 0.754453361034393 0.559510052204132 0.803556382656097 0.551721319556236 0.573266342282295 0.604424580931664 0.575763076543808 0.56452850997448 0.553698197007179 0.586583018302917 0.661830335855484
-9999 -9999 -9999 -9999 -9999 -9999 -9999 -9999 -9999 -9999 -9999 -9999 -9999 -9999 -9999 -9999 -9999 -9999 -9999 -9999 -9999 2.40104178235166 1.53546220064163 1.38161015510559 1.06496152281761 0.990600228309631 1.04408517479897 1.13764715194702 1.19061774015427 1.10610830783844 0.933481961488724 0.83859783411026 0.839367002248764 0.962202787399292 0.956947714090347 0.97350150346756 1.30442024767399 1.36603564023972 0.783720910549164 0.789986997842789 0.977126687765121 0.971642822027206 0.907882958650589 1.09368199110031 1.0553785264492 0.916314840316772 0.823217421770096 0.789450645446777 0.786746352910995 0.825235247612 0.815157294273376 0.793247848749161 0.794496819376945 0.75491588562727 0.693265199661255 0.703187495470047 0.688908845186234 0.569795653223991 0.536032676696777 0.528436973690987 0.526885226368904
-9999 -9999 -9999 -9999 -9999 -9999 -9999 -9999 -9999 -9999 -9999 -9999 -9999 -9999 -9999 -9999 -9999 -9999 -9999 -9999 6.34641990065575 3.14333510398865 1.49120056629181 1.2155442237854 1.02615568041801 0.825951755046844 0.801878482103348 1.08993718028069 1.16115269064903 1.12280362844467 0.942786365747452 0.832233220338821 0.795312881469727 0.786068648099899 0.983573019504547 1.00943648815155 0.693280443549156 0.856475204229355 0.741611078381538 0.751870036125183 0.721556603908539 0.742568805813789 0.800128519535065 0.909945666790009 1.00882548093796 0.983736902475357 0.877206355333328 0.84475189447403 0.813311666250229 0.763289362192154 0.677203059196472 0.489311635494232 0.472528293728828 0.663986720144749 0.645766116678715 0.682543180882931 0.698299840092659 0.673963107168674 0.650810591876507 0.607224740087986 0.542440228164196
-9999 -9999 -9999 -9999 -9999 -9999 -9999 -9999 -9999 -9999 -9999 -9999 -9999 -9999 -9999 -9999 -9999 -9999 9.68718910217285 9.26384854316711 4.86991667747498 2.53039813041687 1.37959975004196 1.2077389061451 1.03896930813789 0.947526812553406 0.783201187849045 0.807940363883972 0.961132317781448 1.01471525430679 0.998293519020081 0.943997114896774 0.746443167328835 0.659684836864471 0.624690413475037 0.791482776403427 0.661324694752693 0.667564228177071 0.644397720694542 0.620881453156471 0.654151484370232 0.88481006026268 1.34659767150879 1.14658454060555 1.13804796338081 1.00402620434761 0.942753106355667 0.904210656881332 0.839506208896637 0.798550665378571 0.764491707086563 0.625898525118828 0.563286960124969 0.475392937660217 0.532772853970528 0.594531700015068 0.622588545084 0.409360572695732 0.409360572695732 0.53376267850399 0.505184434354305
-9999 -9999 -9999 -9999 -9999 -9999 -9999 -9999 -9999 -9999 -9999 -9999 -9999 -9999 -9999 -9999 -9999 -9999 7.71114540100098 4.16340672969818 4.10056436061859 1.95600575208664 1.34631004929543 1.23024049401283 1.00140255689621 0.704310536384583 0.78365358710289 0.853814363479614 0.870101720094681 0.911426514387131 0.875787734985352 0.840656161308289 0.723731562495232 0.479774817824364 0.51437982916832 0.530872285366058 1.17574967443943 1.2802772372961 0.494878470897675 0.477346122264862 0.496970728039742 1.0567047894001 1.29526188969612 1.25293403863907 1.11845496296883 0.932481408119202 0.896304935216904 0.865410894155502 0.859365284442902 0.835510522127151 0.715284928679466 0.628471031785011 0.494236528873444 0.485178619623184 0.47630587220192 0.461930930614471 0.506709091365337 0.487114548683167 0.377471208572388 0.369509272277355 0.457877419888973
-9999 -9999 -9999 -9999 -9999 -9999 -9999 -9999 -9999 -9999 -9999 -9999 -9999 -9999 -9999 -9999 -9999 -9999 -9999 -9999 2.6323014497757 2.13445428013802 1.6522116959095 1.05663876235485 0.816360533237457 0.527438208460808 0.595792159438133 0.690065413713455 0.755920082330704 0.867473691701889 0.919799655675888 0.924844622612 0.740020930767059 0.49250154197216 0.456426233053207 0.469112008810043 0.89005520939827 0.733730390667915 0.776246935129166 0.878489434719086 0.950653821229935 0.991471141576767 0.876414746046066 0.747491329908371 0.706841602921486 0.74244099855423 0.820769011974335 0.811606496572495 0.832650125026703 0.810190379619598 0.682387545704842 0.612087026238441 0.567808046936989 0.702033564448357 0.538652859628201 0.475871443748474 0.457148551940918 0.467605769634247 0.447306655347347 0.417065307497978 0.411225356161594
-9999 -9999 -9999 -9999 -9999 -9999 -9999 -9999 -9999 -9999 -9999 -9999 -9999 -9999 -9999 -9999 6.23823860713414 4.7890237569809 1.29299649596214 1.23991066217422 1.08688259124756 0.885097414255142 0.50756724178791 0.430954053997993 0.416564270853996 0.612323261797428 0.489521875977516 0.626791477203369 0.747796609997749 0.817271322011948 0.737020120024681 0.626635015010834 0.576240286231041 0.527925029397011 0.450700744986534 0.419923648238182 0.545759305357933 0.761719465255737 0.981682062149048 1.10482746362686 1.06150102615356 0.760100305080414 0.603075563907623 0.539832517504692 0.456816002726555 0.515386328101158 0.675166189670563 0.776407957077026 0.805332809686661 0.736966878175735 0.727226704359055 0.71739162504673 0.67615082859993 0.586676314473152 0.44244946539402 0.32067583501339 0.30058117210865 0.432699903845787 0.418048828840256 0.247261337935925 0.26703704148531
-9999 -9999 -9999 -9999 -9999 -9999 -9999 -9999 -9999 -9999 -9999 35.2986888885498 35.2986888885498 13.7248649597168 3.06807170595442 10.5890877842903 5.20261752605438 3.14892339706421 1.81988114118576 1.36468407511711 0.8068588078022 0.612052023410797 0.587003856897354 0.570593431591988 1.02925573289394 0.743325389921665 0.838173002004623 0.540140971541405 0.616048827767372 0.617900401353836 0.571457996964455 0.505162015557289 0.459919542074203 0.478004023432732 0.489694029092789 0.426982372999191 0.397588714957237 0.369541548192501 0.782514676451683 0.946222364902496 0.854878485202789 0.491038709878922 0.452134743332863 0.448157474398613 0.442747950553894 0.44754096865654 0.419308930635452 0.477067485451698 0.460836410522461 0.436909005045891 0.499631389975548 0.534189194440842 0.474557742476463 0.406222254037857 0.336552210152149 0.515985801815987 0.455624520778656 0.312483251094818 0.286119528114796 0.258197106420994 0.246440380811691
-9999 -9999 -9999 -9999 -9999 -9999 -9999 -9999 -9999 -9999 -9999 35.2986888885498 7.04927853494883 19.2007541656494 19.2064332962036 14.5650758743286 11.8945262432098 11.9284586906433 19.9076668739319 11.1149780273438 2.78122925758362 1.80216813087463 1.35733091831207 3.4490704536438 2.3799351900816 1.29567222297192 1.03399135172367 0.543615102767944 0.560770913958549 0.581399023532867 0.524939551949501 0.458637267351151 0.446659460663795 0.455038860440254 0.452763140201569 0.432587251067162 0.376294434070587 0.320644341409206 0.300411634147167 0.445280179381371 0.515184134244919 0.434365510940552 0.451060876250267 0.431064113974571 0.40750452876091 0.399381414055824 0.399490848183632 0.390847116708755 0.389255627989769 0.390001505613327 0.384070247411728 0.35952166467905 0.34515168517828 0.316928900778294 0.325977064669132 0.342324391007423 0.312125287950039 0.29071531444788 0.279025956988335 0.254258349537849 0.239111445844173
-9999 -9999 -9999 -9999 -9999 -9999 -9999 -9999 -9999 -9999 -9999 -9999 -9999 -9999 8.43980240821838 15.4917039871216 15.4917025566101 7.64567255973816 -9999 -9999 -9999 -9999 -9999 1.2728186249733 1.33286714553833 1.22978076338768 2.68519341945648 0.765952438116074 0.867778748273849 0.719797968864441 0.63673098385334 0.567920699715614 0.512622088193893 0.493417024612427 0.478333577513695 0.484387055039406 0.464367046952248 0.367396719753742 0.352034658193588 0.413999140262604 0.514543130993843 0.485495299100876 0.424277365207672 0.384721621870995 0.371866442263126 0.374444022774696 0.389258980751038 0.387967184185982 0.38965693116188 0.375113323330879 0.365052714943886 0.354373008012772 0.348150752484798 0.355097338557243 0.366769149899483 0.35743872821331 0.328456051647663 0.300388745963573 0.288576163351536 0.278825864195824 0.265647165477276
-9999 -9999 -9999 -9999 -9999 -9999 -9999 -9999 -9999 -9999 -9999 -9999 -9999 -9999 16.6274771690369 16.6274771690369 16.6274771690369 -9999 -9999 -9999 -9999 -9999 -9999 4.94490551948547 4.94490551948547 4.94490551948547 0.308659605681896 2.60403102636337 2.32347911596298 1.6990812420845 1.0714665055275 0.818223059177399 0.670975595712662 0.574914112687111 0.522640585899353 0.501382559537888 0.53828389942646 0.511135518550873 0.44354921579361 0.368862435221672 0.382210895419121 0.391959920525551 0.380315154790878 0.386471226811409 0.369916655123234 0.366844028234482 0.361200839281082 0.364980384707451 0.387413084506989 0.38802033662796 0.365996271371841 0.352318324148655 0.340623266994953 0.371621891856194 0.386300683021545 0.382547602057457 0.352688111364841 0.330119669437408 0.335325144231319 0.30441652983427 0.262968242168427
-9999 -9999 -9999 -9999 -9999 -9999 -9999 -9999 -9999 -9999 -9999 -9999 -9999 -9999 -9999 -9999 -9999 -9999 -9999 -9999 -9999 -9999 -9999 -9999 -9999 -9999 -9999 3.97892323824076 2.73372638225555 2.07614260911942 1.48102793097496 1.15439549088478 0.767116338014603 0.600841239094734 0.621707707643509 0.638809248805046 0.599521771073341 0.613087937235832 0.5282172113657 0.429627746343613 0.389344811439514 0.419688329100609 0.400369852781296 0.399294823408127 0.389694929122925 0.393602192401886 0.376254692673683 0.361075066030025 0.379800394177437 0.413568064570427 0.385210946202278 0.371731393039227 0.37495469301939 0.379065781831741 0.37142201140523 0.367108169943094 0.334915481507778 0.344441927969456 0.36443118005991 0.335791647434235 0.318157017230988
-9999 -9999 -9999 -9999 -9999 -9999 -9999 -9999 -9999 -9999 -9999 -9999 -9999 -9999 -9999 -9999 -9999 -9999 -9999 -9999 -9999 -9999 -9999 -9999 -9999 -9999 -9999 -9999 5.56616058519908 5.85249280929565 3.25625395774841 1.15609681606293 0.920804679393768 1.03703355789185 1.01263681054115 0.911717712879181 0.728375360369682 0.602366387844086 0.566379591822624 0.53412464261055 0.465644359588623 0.392715767025948 0.4016342908144 0.437011778354645 0.440632224082947 0.427109375596046 0.408343836665154 0.38146997988224 0.39434427022934 0.410708248615265 0.423318341374397 0.403197705745697 0.394113466143608 0.364075183868408 0.366258658468723 0.371613912284374 0.309857524931431 0.311009109020233 0.382024593651295 0.369466703385115 0.329301260411739
