EcologicalScience/Bass/data/rs_data_bass/chl_21.asc
NCOLS 226 
NROWS 124 
XLLCORNER -9.41648524995501 
YLLCORNER 47.587301625531 
CELLSIZE 0.0833 
NODATA_value -9999 
[rows 0 to 26 of 124, columns 62 to 123 of 226]
-9999 -9999 -9999 -9999 -9999 -9999 -9999 -9999 -9999 -9999 -9999 -9999 -9999 -9999 -9999 -9999 -9999 -9999 -9999 -9999 -9999 -9999 -9999 -9999 -9999 -9999 -9999 -9999 -9999 -9999 -9999 -9999 -9999 -9999 -9999 -9999 -9999 -9999 -9999 -9999 -9999 -9999 -9999 -9999 -9999 -9999 -9999 -9999 -9999 -9999 -9999 -9999 -9999 -9999 -9999 -9999 -9999 -9999 -9999 -9999 -9999 -9999
-9999 -9999 -9999 -9999 -9999 -9999 -9999 -9999 -9999 -9999 -9999 -9999 -9999 -9999 -9999 -9999 -9999 -9999 -9999 -9999 -9999 -9999 -9999 -9999 -9999 -9999 -9999 -9999 -9999 -9999 -9999 -9999 -9999 -9999 -9999 -9999 -9999 -9999 -9999 -9999 -9999 -9999 -9999 -9999 -9999 -9999 -9999 -9999 -9999 -9999 -9999 -9999 -9999 -9999 -9999 -9999 -9999 -9999 -9999 -9999 -9999 -9999
-9999 -9999 -9999 -9999 -9999 -9999 -9999 -9999 -9999 -9999 -9999 -9999 -9999 -9999 -9999 -9999 -9999 -9999 -9999 -9999 -9999 -9999 -9999 -9999 -9999 -9999 -9999 -9999 -9999 -9999 -9999 -9999 -9999 -9999 -9999 -9999 -9999 -9999 -9999 -9999 -9999 -9999 -9999 -9999 -9999 -9999 -9999 -9999 -9999 -9999 -9999 -9999 -9999 -9999 -9999 -9999 -9999 -9999 -9999 -9999 -9999 -9999
-9999 -9999 -9999 -9999 -9999 -9999 -9999 -9999 -9999 -9999 -9999 -9999 -9999 -9999 -9999 -9999 -9999 -9999 -9999 -9999 -9999 -9999 -9999 -9999 -9999 -9999 -9999 -9999 -9999 -9999 -9999 -9999 -9999 -9999 -9999 -9999 -9999 -9999 -9999 -9999 -9999 -9999 -9999 -9999 -9999 -9999 -9999 -9999 -9999 -9999 -9999 -9999 -9999 -9999 -9999 -9999 -9999 -9999 -9999 -9999 -9999 -9999
-9999 -9999 -9999 -9999 -9999 -9999 -9999 -9999 -9999 -9999 -9999 -9999 -9999 -9999 -9999 -9999 -9999 -9999 -9999 -9999 -9999 -9999 -9999 -9999 -9999 -9999 -9999 -9999 -9999 -9999 -9999 -9999 -9999 -9999 -9999 -9999 -9999 -9999 -9999 -9999 -9999 -9999 -9999 -9999 -9999 -9999 -9999 -9999 -9999 -9999 -9999 -9999 -9999 -9999 -9999 -9999 -9999 -9999 -9999 -9999 -9999 -9999
-9999 -9999 -9999 -9999 -9999 -9999 -9999 -9999 -9999 -9999 -9999 -9999 -9999 -9999 -9999 -9999 -9999 -9999 -9999 -9999 -9999 -9999 -9999 -9999 -9999 -9999 -9999 -9999 0.63735419511795 -9999 1.19073897600174 1.11669597029686 1.05741450190544 0.870733469724655 0.714333727955818 0.686199769377708 0.535686761140823 0.383976012468338 0.776231974363327 0.949612498283386 0.828345000743866 0.512176483869553 0.478902742266655 0.452363982796669 0.425935506820679 0.343076258897781 0.360980249941349 0.420827239751816 0.470292761921883 0.442493990063667 0.466287016868591 0.483096018433571 0.488467499613762 0.483313500881195 0.470866486430168 0.46730250120163 0.468104258179665 0.470327228307724 0.42078298330307 0.410704493522644 0.415753483772278 0.424898251891136
-9999 -9999 -9999 -9999 -9999 -9999 -9999 -9999 -9999 -9999 -9999 -9999 -9999 -9999 -9999 -9999 -9999 -9999 -9999 -9999 -9999 -9999 -9999 -9999 -9999 -9999 1.18186515569687 1.0627324283123 2.590122833848 1.15394845604897 1.0697917342186 1.0495417714119 0.961762458086014 1.01140952110291 0.879713237285614 0.876758962869644 1.1080222427845 1.32078829407692 0.857268780469894 1.06543725728989 1.18265175819397 0.882532745599747 0.534532517194748 0.710662499070168 0.686029493808746 0.635777994990349 0.54951748251915 0.491447255015373 0.522534012794495 0.512678995728493 0.520229235291481 0.5587477684021 0.536407515406609 0.476717233657837 0.448702499270439 0.447230234742165 0.446556016802788 0.456837728619576 0.473354235291481 0.456860259175301 0.447917997837067 0.454337999224663
-9999 -9999 -9999 -9999 -9999 -9999 -9999 -9999 -9999 -9999 -9999 -9999 -9999 -9999 -9999 -9999 -9999 -9999 -9999 -9999 -9999 -9999 -9999 -9999 -9999 -9999 1.18186515569687 3.04110230505466 2.15653869509697 1.51592028141022 0.92917799949646 0.897723019123077 0.895738542079926 1.00541549921036 1.1481254696846 1.19238370656967 1.0974862575531 1.09550178050995 1.20983102917671 1.09240499138832 0.889470353722572 0.813294388353825 0.756588365882635 0.590570636093616 0.756411015987396 0.643993511795998 0.613270506262779 0.566244766116142 0.522260248661041 0.511507496237755 0.520159497857094 0.511104762554169 0.498619481921196 0.471176996827126 0.467364728450775 0.459259495139122 0.441789731383324 0.45319502055645 0.465005993843079 0.491867244243622 0.460938736796379 0.481530770659447
-9999 -9999 -9999 -9999 -9999 -9999 -9999 -9999 -9999 -9999 -9999 -9999 -9999 -9999 -9999 -9999 -9999 -9999 -9999 -9999 -9999 -9999 -9999 -9999 -9999 -9999 1.07320046424866 2.13574981689453 0.682799980044365 0.70557676255703 0.761601001024246 0.863668531179428 0.879278272390366 1.03343322873116 1.11687603592873 1.17598271369934 1.15078648924828 1.00468504428864 1.0275277197361 1.0798604786396 1.1160187125206 1.19663178920746 0.68477924913168 0.646354906260967 0.744005262851715 0.619077757000923 0.615556508302689 0.417699001729488 0.559681490063667 0.448786877095699 0.431237250566483 0.457897514104843 0.480503261089325 0.471721485257149 0.464360252022743 0.473246991634369 0.461399272084236 0.481853261590004 0.505553260445595 0.519699767231941 0.529751256108284 0.525396019220352
-9999 -9999 -9999 -9999 -9999 -9999 -9999 -9999 -9999 -9999 -9999 -9999 -9999 -9999 -9999 -9999 -9999 -9999 -9999 -9999 -9999 -9999 -9999 -9999 -9999 1.19121462106705 1.05771070718765 1.116106107831 0.71942625939846 0.73200823366642 0.889594495296478 0.976365029811859 0.923646748065948 0.974526017904282 1.05625274777412 1.08201375603676 1.06208476424217 1.03802847862244 1.02151653170586 1.02069452404976 1.03065079450607 1.09317299723625 1.15032371878624 1.21359077095985 0.610471129417419 0.526027880609035 0.522591389715672 0.519809246063232 0.62422277033329 0.562808230519295 0.509570270776749 0.480648770928383 0.452259734272957 0.459544479846954 0.493031993508339 0.504512250423431 0.53345300257206 0.508960515260696 0.497220754623413 0.479153260588646 0.470800504088402 0.471182271838188
-9999 -9999 -9999 -9999 -9999 -9999 -9999 -9999 -9999 -9999 -9999 -9999 -9999 -9999 -9999 -9999 -9999 -9999 -9999 -9999 -9999 -9999 -9999 -9999 -9999 2.0307485461235 1.217464864254 1.121228992939 0.920476466417313 0.933404266834259 1.02323171496391 1.01807624101639 0.998644530773163 1.03861579298973 1.07719650864601 1.06252652406693 1.08360904455185 1.05850276350975 1.06693196296692 1.07322898507118 1.0650007724762 1.15631550550461 1.18567648530006 1.18366125226021 1.12914445996284 0.655790984630585 0.625353008508682 0.535851761698723 0.683998256921768 0.529320761561394 0.51401849091053 0.467091009020805 0.420815259218216 0.424193993210793 0.453134983778 0.478395760059357 0.464953511953354 0.51281775534153 0.480955481529236 0.439063489437103 0.409817263484001 0.394393488764763
-9999 -9999 -9999 -9999 -9999 -9999 -9999 -9999 -9999 -9999 -9999 -9999 -9999 -9999 -9999 -9999 -9999 -9999 -9999 -9999 -9999 -9999 -9999 -9999 1.31647038459778 2.39198482036591 1.69161224365234 0.962623536586761 1.11820498108864 1.10659727454185 0.981582015752792 1.03158822655678 1.13151678442955 1.20590847730637 1.13215354084969 1.12160021066666 1.21938076615334 1.24690496921539 1.23819825053215 1.26880574226379 1.23491925001144 1.33029073476791 1.33642727136612 1.2473917901516 1.15545451641083 1.03733021020889 0.785011500120163 0.699596241116524 0.665957272052765 0.67255425453186 0.540879234671593 0.460120484232903 0.451985254883766 0.400127246975899 0.385031998157501 0.389557510614395 0.421628996729851 0.434308513998985 0.447932258248329 0.40583547949791 0.36141300201416 0.35750325769186
-9999 -9999 -9999 -9999 -9999 -9999 -9999 -9999 -9999 -9999 -9999 -9999 -9999 -9999 -9999 -9999 -9999 -9999 -9999 -9999 -9999 -9999 -9999 1.50594073534012 1.30378121137619 1.09282797574997 0.92671725153923 0.982356011867523 1.03703472018242 1.02143624424934 0.998741984367371 1.03678053617477 1.08825221657753 1.14472648501396 1.1920822262764 1.19803127646446 1.27366277575493 1.28770726919174 1.29935324192047 1.31489253044128 1.2905624806881 1.32475796341896 1.27723199129105 1.19385972619057 1.16526898741722 1.04823070764542 0.755015283823013 0.7121422290802 0.67918199300766 0.586878001689911 0.507941231131554 0.493364989757538 0.4818195104599 0.381990730762482 0.34951800853014 0.351106502115726 0.3814477622509 0.379380002617836 0.36743925511837 0.358537495136261 0.361299745738506 0.386792242527008
-9999 -9999 -9999 -9999 -9999 -9999 -9999 -9999 -9999 -9999 -9999 -9999 -9999 -9999 -9999 -9999 -9999 -9999 -9999 -9999 -9999 -9999 3.14646542072296 2.0073224902153 3.28006589412689 1.17490947246552 0.986187011003494 0.981989979743958 1.04990029335022 1.03004479408264 1.07523527741432 0.993787497282028 1.06176298856735 1.13544899225235 1.18586996197701 1.15466773509979 1.26834976673126 1.46512654423714 1.51101297140121 1.48613548278809 1.44311401247978 1.45198121666908 1.4415622651577 1.38204297423363 1.27403104305267 1.06403249502182 0.645809262990952 0.648825734853745 0.77150622010231 0.69318450987339 0.662908494472504 0.52684722840786 0.429936021566391 0.363383240997791 0.345222741365433 0.35894550383091 0.375972747802734 0.369426749646664 0.36964125931263 0.373935744166374 0.385578006505966 0.419732987880707
-9999 -9999 -9999 -9999 -9999 -9999 -9999 -9999 -9999 -9999 -9999 -9999 -9999 -9999 -9999 -9999 -9999 -9999 -9999 -9999 2.64602583646774 -9999 2.04641175270081 1.56940644979477 1.74688947200775 1.37265899777412 1.06902220845222 1.10229152441025 1.15244096517563 1.0482577085495 1.04747548699379 1.12851378321648 1.10413429141045 1.10305273532867 1.11665850877762 1.15885573625565 1.23983627557755 1.4378399848938 1.55670368671417 1.58038651943207 1.81401300430298 1.67763608694077 1.53954076766968 1.3638060092926 1.12421026825905 0.976882517337799 0.718047738075256 0.74141626060009 0.959435999393463 0.90428102016449 0.67975951731205 0.459613502025604 0.402036756277084 0.357536248862743 0.352420493960381 0.358051501214504 0.365276992321014 0.371735997498035 0.36055500805378 0.376995742321014 0.392082005739212 0.413866505026817
-9999 -9999 -9999 -9999 -9999 -9999 -9999 -9999 -9999 -9999 -9999 -9999 -9999 -9999 -9999 -9999 -9999 -9999 -9999 -9999 -9999 1.82839724421501 1.17448049783707 1.14203327894211 1.14418503642082 1.24009573459625 0.985428035259247 0.929212510585785 0.984020233154297 0.96136799454689 1.00083974003792 1.07452949881554 1.09306204319 1.10395503044128 1.12930351495743 1.18209600448608 1.30419597029686 1.40289223194122 1.56435817480087 1.63083833456039 1.60937404632568 1.5143181681633 1.62142646312714 1.70087707042694 1.02277654409409 0.817481964826584 0.947558999061584 0.881642997264862 0.921525031328201 1.06954497098923 0.847556233406067 0.675558730959892 0.499241262674332 0.368358001112938 0.346269741654396 0.343627497553825 0.344234257936478 0.343409992754459 0.340501494705677 0.351191997528076 0.381569266319275 0.402562513947487
-9999 -9999 -9999 -9999 -9999 -9999 -9999 -9999 -9999 -9999 -9999 -9999 -9999 -9999 -9999 -9999 -9999 -9999 -9999 3.20347201824188 1.79168701171875 1.38952499628067 1.24326825141907 1.42043253779411 0.963424533605576 0.952418267726898 0.889757215976715 0.851586788892746 0.841732531785965 0.887483239173889 0.950706034898758 1.02436798810959 1.04817974567413 1.06888425350189 1.12161675095558 1.19570696353912 1.33072498440742 1.395179271698 1.47167328000069 1.53839617967606 1.51413595676422 1.43518200516701 1.261897534132 1.20370423793793 1.30756196379662 1.17396453022957 0.985899746417999 1.00382629036903 1.18378803133965 1.00615578889847 0.726266250014305 0.5546984821558 0.393542245030403 0.329382754862309 0.329597242176533 0.338159255683422 0.328618504106998 0.32125199586153 0.322711497545242 0.335352011024952 0.354117751121521 0.360999740660191
-9999 -9999 -9999 -9999 -9999 -9999 -9999 -9999 -9999 -9999 -9999 -9999 -9999 -9999 -9999 -9999 -9999 -9999 4.4595959186554 3.43707239627838 1.37234249711037 1.15722146630287 1.07597771286964 0.881961733102798 0.855057030916214 0.86651024222374 0.966053277254105 0.943456470966339 0.915940493345261 0.87805500626564 0.897779256105423 0.983601003885269 1.02793353796005 1.04188424348831 1.09604027867317 1.12385854125023 1.17497849464417 1.56553941965103 1.53539782762527 1.51940470933914 1.55600327253342 1.60844993591309 1.33507347106934 1.0952827334404 0.936720728874207 0.883325278759003 0.763266026973724 0.681498751044273 0.653070732951164 0.71654400229454 0.640237480401993 0.434966236352921 0.354546748101711 0.331146754324436 0.325520999729633 0.334823258221149 0.310682259500027 0.310857743024826 0.314642250537872 0.326999254524708 0.334116004407406 0.329177252948284
-9999 -9999 -9999 -9999 -9999 -9999 -9999 -9999 -9999 -9999 -9999 -9999 -9999 -9999 -9999 -9999 -9999 -9999 5.42319667339325 3.57259583473206 2.6456932425499 0.858052521944046 0.871402502059937 0.910655289888382 0.944545537233353 0.923604011535645 0.915201723575592 0.916497766971588 0.921431243419647 0.864639759063721 0.815095514059067 0.881006240844727 0.893985718488693 0.957071989774704 1.07682001590729 1.19320571422577 1.21125295758247 1.4753429889679 1.76269733905792 1.85393857955933 1.6535392999649 1.49616453051567 1.40333998203278 0.947928786277771 0.688956007361412 0.614064753055573 0.559990480542183 0.4753597676754 0.469623014330864 0.413398504257202 0.393123015761375 0.366367489099503 0.339405745267868 0.324932992458344 0.318429753184319 0.310751996934414 0.299738243222237 0.301656760275364 0.300677239894867 0.30629400908947 0.320375248789787 0.337764747440815
-9999 -9999 -9999 -9999 -9999 -9999 -9999 -9999 -9999 -9999 -9999 -9999 -9999 -9999 -9999 -9999 -9999 -9999 -9999 2.37317329645157 2.8658459186554 1.5055650472641 0.948679536581039 0.930638283491135 0.949425727128983 0.923679739236832 0.928608745336533 0.89776799082756 0.961508989334106 0.918947964906693 0.834683239459991 0.845796793699265 0.872342258691788 0.926982790231705 0.932646006345749 0.975491255521774 1.13148379325867 1.56850647926331 1.7792444229126 2.02357417345047 1.7887117266655 1.54835093021393 1.46674579381943 1.1316764652729 0.653152495622635 0.661771506071091 0.405713260173798 0.413601011037827 0.397499263286591 0.363411739468575 0.361622996628284 0.355862259864807 0.343173757195473 0.33762900531292 0.326234243810177 0.32251500338316 0.29594624787569 0.306766502559185 0.328952260315418 0.336219750344753 0.354519747197628 0.391525492072105
-9999 -9999 -9999 -9999 -9999 -9999 -9999 -9999 -9999 -9999 -9999 -9999 -9999 -9999 -9999 3.96525934007433 -9999 14.9499514997005 5.35247495770454 1.62723755836487 1.44263479113579 1.13642996549606 0.980969220399857 0.93638026714325 0.954079538583755 0.954551964998245 0.942938268184662 0.909621745347977 0.917878478765488 0.944957256317139 0.889629721641541 0.856495499610901 0.854006230831146 0.926670044660568 1.00810128450394 1.06313627958298 1.22260424494743 1.43190523982048 1.80894219875336 1.80439656972885 1.7878777384758 1.82077717781067 1.86228972673416 1.38952723145485 0.953878462314606 0.75484424829483 0.680034756660461 0.469263732433319 0.436167731881142 0.416937008500099 0.389036983251572 0.369543761014938 0.376671016216278 0.364245750010014 0.351603738963604 0.327425256371498 0.317801244556904 0.335832752287388 0.363464243710041 0.383364737033844 0.409104734659195 0.43189649283886
-9999 -9999 -9999 -9999 -9999 -9999 -9999 -9999 -9999 -9999 35.2986888885498 35.2986888885498 13.7248649597168 2.39862155914307 3.32580149173737 4.06546640396118 4.09856986999512 1.37854796648026 3.51400595903397 1.2374632358551 1.33594572544098 1.16273027658463 0.963539242744446 0.959208726882935 0.943163216114044 0.975589513778687 0.959198266267776 0.963194221258163 0.9714615046978 0.97259920835495 0.957266986370087 0.940457224845886 0.949355274438858 0.965642988681793 1.07117852568626 1.20806246995926 1.18035453557968 1.24217623472214 1.39837646484375 1.45653077960014 1.53130280971527 1.51520544290543 1.54818892478943 1.40407052636147 0.970308780670166 0.648867756128311 0.515249267220497 0.444361478090286 0.435530260205269 0.433255478739738 0.402811512351036 0.427199989557266 0.411399006843567 0.37940776348114 0.358257740736008 0.329113505780697 0.341574758291245 0.381542265415192 0.408239990472794 0.384344235062599 0.371805757284164 0.366670489311218
-9999 -9999 -9999 -9999 -9999 -9999 -9999 -9999 -9999 -9999 35.2986888885498 8.76944791752359 2.8646760903872 15.7899191379547 8.07556414604187 2.39478367567062 6.64787650108337 4.2038933580572 10.4390023356617 -9999 3.55753183364868 1.79587054252625 1.29746997356415 1.02725851535797 1.03784027695656 1.04264849424362 0.992404460906982 0.995981276035309 0.969642788171768 1.00896897912025 1.01143428683281 1.00123277306557 0.95021179318428 0.936340481042862 0.979093462228775 1.07054471969604 0.977284491062164 0.940932780504227 1.09881672263145 1.04017496109009 1.13267478346825 1.121302485466 1.00572153925896 0.901880264282227 0.74483098089695 0.565266743302345 0.476282984018326 0.452809497714043 0.434625014662743 0.439181238412857 0.432156756520271 0.430476754903793 0.38585852086544 0.353458508849144 0.361139260232449 0.342987008392811 0.329546995460987 0.349646240472794 0.375638231635094 0.364268995821476 0.343498505651951 0.3321937546134
-9999 -9999 -9999 -9999 -9999 -9999 -9999 -9999 -9999 -9999 -9999 -9999 -9999 9.7633810043335 35.6878825697032 -9999 -9999 -9999 -9999 -9999 -9999 -9999 3.70593059062958 2.02513647079468 1.33810499310493 1.23695853352547 1.22689202427864 1.16100454330444 1.16070449352264 1.03685322403908 1.01319524645805 0.996643513441086 1.01562970876694 1.00655999779701 0.917680531740189 0.805602014064789 0.864481508731842 0.812581479549408 0.837552756071091 0.785118788480759 0.72708298265934 0.679992020130157 0.615167230367661 0.560375243425369 0.529902756214142 0.522975727915764 0.463711515069008 0.412050738930702 0.384711742401123 0.367400251328945 0.365942247211933 0.355108492076397 0.345286510884762 0.332438260316849 0.338045999407768 0.315340496599674 0.308297999203205 0.324234008789062 0.329931758344173 0.319867506623268 0.318589501082897 0.304478242993355
-9999 -9999 -9999 -9999 -9999 -9999 -9999 -9999 -9999 -9999 -9999 -9999 -9999 16.6274771690369 16.6274771690369 16.6274771690369 -9999 -9999 -9999 -9999 -9999 -9999 4.94490551948547 4.94490551948547 4.94490551948547 0.308659605681896 1.85606628656387 1.39901098608971 1.23218920826912 1.17547425627708 1.06313252449036 1.04289150238037 1.06330123543739 1.07614874839783 1.02782553434372 0.902717292308807 0.777857959270477 0.762770980596542 0.770666241645813 0.681008264422417 0.657215237617493 0.499673992395401 0.450331494212151 0.422601744532585 0.408935263752937 0.383590489625931 0.393291771411896 0.312763497233391 0.26858925819397 0.266941510140896 0.298081509768963 0.320757754147053 0.326263502240181 0.324395254254341 0.314121745526791 0.317484743893147 0.312398247420788 0.301244258880615 0.303951010107994 0.307694256305695 0.300162747502327 0.304642505943775
-9999 -9999 -9999 -9999 -9999 -9999 -9999 -9999 -9999 -9999 -9999 -9999 -9999 -9999 -9999 -9999 -9999 -9999 -9999 -9999 -9999 -9999 -9999 -9999 -9999 -9999 3.72760120459965 2.66266196966171 2.00504851341248 1.69123649597168 0.99575400352478 1.11097946763039 1.03575521707535 1.02875179052353 0.960008293390274 0.922295272350311 0.846897035837173 0.795523524284363 0.727812767028809 0.636744752526283 0.519434988498688 0.42544350028038 0.392955020070076 0.384831771254539 0.385020732879639 0.378538504242897 0.371769748628139 0.346828490495682 0.332865759730339 0.33211125433445 0.351235494017601 0.340797007083893 0.321350254118443 0.316503010690212 0.314139001071453 0.308025754988194 0.302798241376877 0.304647758603096 0.303442507982254 0.31173225492239 0.339526489377022 0.35267098993063
-9999 -9999 -9999 -9999 -9999 -9999 -9999 -9999 -9999 -9999 -9999 -9999 -9999 -9999 -9999 -9999 -9999 -9999 -9999 -9999 -9999 -9999 -9999 -9999 -9999 -9999 -9999 -9999 1.39898627996445 1.19324962794781 1.00383979082108 1.05211570858955 1.02109721302986 0.840201705694199 0.84112349152565 0.789706528186798 0.819716244935989 0.781356006860733 0.694440767168999 0.555057764053345 0.495466500520706 0.514911755919456 0.528338268399239 0.518206492066383 0.497282981872559 0.560078233480453 0.557811766862869 0.372973501682281 0.34824226051569 0.34561125934124 0.355331249535084 0.345250502228737 0.332488507032394 0.333124503493309 0.337474510073662 0.322918497025967 0.321807749569416 0.317954242229462 0.313286997377872 0.321874491870403 0.337167754769325 0.357515260577202
