EcologicalScience/Bass/data/rs_data_bass/chl_340.asc
NCOLS 226 
NROWS 124 
XLLCORNER -9.41648524995501 
YLLCORNER 47.587301625531 
CELLSIZE 0.0833 
NODATA_value -9999 
[rows 81 to 107 of 124, columns 62 to 123 of 226]
3.85158455371857 5.97498106956482 7.6620512008667 7.66205191612244 -9999 -9999 -9999 -9999 -9999 -9999 -9999 -9999 -9999 -9999 -9999 -9999 -9999 -9999 -9999 -9999 -9999 -9999 -9999 -9999 -9999 -9999 -9999 -9999 -9999 -9999 -9999 -9999 -9999 -9999 -9999 -9999 -9999 -9999 -9999 -9999 -9999 -9999 -9999 -9999 -9999 -9999 -9999 -9999 -9999 -9999 -9999 -9999 -9999 -9999 -9999 -9999 -9999 -9999 -9999 -9999 -9999 -9999
3.16241584327614 -9999 -9999 -9999 -9999 -9999 -9999 -9999 -9999 -9999 -9999 -9999 -9999 -9999 -9999 -9999 -9999 -9999 -9999 -9999 -9999 -9999 -9999 -9999 -9999 -9999 -9999 -9999 -9999 -9999 -9999 -9999 -9999 -9999 -9999 -9999 -9999 -9999 -9999 -9999 -9999 -9999 -9999 -9999 -9999 -9999 -9999 -9999 -9999 -9999 -9999 -9999 -9999 -9999 -9999 -9999 -9999 -9999 -9999 -9999 -9999 -9999
-9999 -9999 -9999 -9999 -9999 -9999 -9999 -9999 -9999 -9999 -9999 -9999 -9999 -9999 -9999 -9999 -9999 -9999 -9999 -9999 -9999 -9999 -9999 -9999 -9999 -9999 -9999 -9999 -9999 -9999 -9999 -9999 -9999 -9999 -9999 -9999 -9999 -9999 -9999 -9999 -9999 -9999 -9999 -9999 -9999 -9999 -9999 -9999 -9999 -9999 -9999 -9999 -9999 -9999 -9999 -9999 -9999 -9999 -9999 -9999 -9999 -9999
-9999 -9999 -9999 -9999 -9999 -9999 -9999 -9999 -9999 -9999 -9999 -9999 -9999 -9999 -9999 -9999 -9999 -9999 -9999 -9999 -9999 -9999 -9999 -9999 -9999 -9999 -9999 -9999 -9999 -9999 -9999 -9999 -9999 -9999 -9999 -9999 -9999 -9999 -9999 -9999 -9999 -9999 -9999 -9999 -9999 -9999 -9999 -9999 -9999 -9999 -9999 -9999 -9999 -9999 -9999 -9999 -9999 3.8882847665583 28.9111665104117 20.0856375779424 24.9142055511475 9.69958734512329
-9999 -9999 -9999 -9999 -9999 -9999 -9999 -9999 -9999 -9999 -9999 -9999 -9999 -9999 -9999 -9999 -9999 -9999 -9999 -9999 -9999 -9999 -9999 -9999 -9999 -9999 -9999 -9999 -9999 -9999 -9999 -9999 -9999 -9999 -9999 -9999 37.1749906539917 -9999 3.83282399177551 3.60697484016418 -9999 -9999 2.26810260613759 3.78227090835571 3.13129413127899 2.03424900770187 2.39835530519485 3.33269011974335 6.40187859535217 6.7497832775116 9.85485142469406 2.99643158912659 -9999 -9999 -9999 5.31325578689575 4.74643492698669 21.9175443649292 19.8454985618591 16.3730192184448 5.2322473526001 6.00996780395508
-9999 -9999 -9999 -9999 -9999 -9999 -9999 -9999 -9999 -9999 -9999 -9999 -9999 1.74013401161541 2.00908124446869 0.970410794019699 1.01319524645805 1.81554822410856 1.12509450316429 -9999 -9999 -9999 -9999 -9999 -9999 -9999 -9999 -9999 2.68131308555603 2.86692005395889 2.50400011539459 2.79753157496452 -9999 3.66949796676636 -9999 -9999 -9999 -9999 2.69365721940994 2.63758581876755 2.59345418214798 2.48643457889557 4.96028959751129 4.87860238552094 4.89015233516693 5.36366486549377 4.99689388275146 6.40637612342834 6.67550539970398 10.1211812496185 11.7201347351074 13.712007522583 13.9974632263184 8.8345935344696 7.42274451255798 7.54106712341309 8.20692157745361 13.6115455627441 12.041184425354 5.24007296562195 3.55843412876129 3.30485415458679
-9999 -9999 -9999 -9999 -9999 -9999 -9999 -9999 -9999 -9999 1.79693690755151 1.29404969215393 1.72341531515121 1.68209928274155 1.75699353218079 1.73707491159439 2.21758729219437 4.21789491176605 2.96046155691147 5.37613713741302 1.75671374251643 -9999 1.50566096030749 1.46258453811918 3.33299481868744 -9999 -9999 2.30105232340949 1.96338593959808 1.96279191970825 1.92597591876984 2.21092504262924 2.07243829965591 1.88600778579712 -9999 -9999 3.14540004973509 2.70359889098576 2.85159981250763 2.9908754825592 3.28993427753448 3.53300249576569 4.74945509433746 9.30426335334778 10.1071543693542 14.0444483757019 20.1919255256653 14.4236726760864 18.8967146873474 17.1414713859558 20.9226536750793 19.3596053123474 13.9701089859009 13.4732236862183 11.1302840709686 9.36486482620239 8.54912209510803 5.44246959686279 4.04232680797577 4.20769107341766 4.21733701229095 3.94164526462555
-9999 -9999 -9999 -9999 -9999 -9999 -9999 -9999 -9999 2.24126219749451 1.95002818107605 1.53460872173309 1.45863148570061 1.43598675727844 1.41062101721764 1.48455825448036 1.81135421991348 1.93107891082764 1.91956347227097 2.05344074964523 4.45942497253418 1.54306880012155 2.79543524980545 3.55330109596252 3.00153386592865 2.10143101215363 2.12135767936707 2.04425704479218 1.96530532836914 2.00897705554962 2.02120721340179 1.96499633789062 1.99563753604889 1.99226403236389 2.23071670532227 2.18188279867172 2.29598253965378 2.41650366783142 2.69484758377075 2.92902445793152 3.15606915950775 3.62464570999146 5.66950786113739 5.96596741676331 4.92549240589142 8.7101526260376 14.4440732002258 16.6124138832092 18.7867169380188 9.80674767494202 8.17608761787415 6.30256390571594 5.02703082561493 3.27281105518341 2.34592491388321 2.1052747964859 2.25041395425797 3.05225086212158 4.29153299331665 5.42358362674713 10.2561864852905 11.1496639251709
-9999 -9999 -9999 -9999 -9999 -9999 -9999 -9999 -9999 1.82579623907804 1.65473404526711 1.37338721752167 1.28645700216293 1.13061073422432 1.21565321087837 1.3575202524662 1.82619005441666 1.80063074827194 1.45189574360847 1.23731026053429 1.84868395328522 1.78449368476868 3.69970142841339 2.57490974664688 2.3125319480896 2.04039520025253 1.95626842975616 1.86036819219589 1.90718257427216 1.92495381832123 1.90274691581726 1.87587153911591 1.8665286898613 1.91896426677704 2.04266846179962 2.1868371963501 2.23084652423859 2.27031075954437 2.2321754693985 2.37392395734787 2.577741086483 2.80575978755951 2.39871829748154 1.75402879714966 1.63409847021103 1.75802779197693 3.01935160160065 2.90297842025757 2.60779201984406 2.08194154500961 1.93645566701889 1.99618417024612 1.53166794776917 1.74756145477295 1.86190116405487 2.10576224327087 3.31253099441528 4.65255081653595 7.08334279060364 8.92934131622314 13.4393005371094 11.7604250907898
-9999 -9999 -9999 -9999 -9999 -9999 -9999 -9999 -9999 1.22949488461018 0.736611753702164 0.862827748060226 0.900169461965561 1.02500921487808 1.07918474078178 1.15031325817108 1.30422672629356 1.59382116794586 1.89560097455978 1.84600281715393 1.32651749253273 1.56527853012085 1.6253399848938 1.72364848852158 1.79740726947784 1.75481629371643 1.61875802278519 1.76173728704453 1.66529095172882 1.67544078826904 1.65927529335022 1.65108150243759 1.76314580440521 1.8232027888298 1.79829525947571 2.02807420492172 2.05450433492661 2.24791806936264 1.96448707580566 1.90012121200562 1.63983070850372 1.38016873598099 1.08811202645302 1.16384097933769 1.28542122244835 1.35164621472359 1.25939324498177 1.25358599424362 1.24958771467209 1.93958777189255 2.26066356897354 3.85872745513916 5.42111992835999 8.18961453437805 5.28865492343903 4.92878687381744 5.66681313514709 6.12690782546997 6.81543159484863 9.82755446434021 8.60631895065308 5.03554344177246
0.48141673207283 0.441292494535446 1.49693061411381 1.52007930725813 -9999 -9999 -9999 2.44015923142433 0.964435458183289 1.23628503084183 0.724993497133255 0.701792255043983 0.769621521234512 0.975219011306763 0.991942495107651 1.07087248563766 1.14972978830338 1.4339385330677 1.57770967483521 2.15430825948715 1.44797703623772 1.12526321411133 1.22680950164795 1.36084878444672 1.69155156612396 1.61491048336029 1.59857708215714 1.53101778030396 1.29571571946144 1.2678584754467 1.24825572967529 1.24137827754021 1.21930950880051 1.21649846434593 1.23042672872543 1.27227303385735 1.240817964077 1.23627904057503 1.25840699672699 1.16883301734924 1.09649777412415 1.05681824684143 1.08083698153496 1.11717376112938 1.16279625892639 1.1971672475338 1.14715200662613 1.13774022459984 1.18114274740219 7.4304792881012 13.0314388275146 6.60344624519348 11.6542317867279 14.9447693824768 9.95525693893433 9.17712235450745 7.70026803016663 6.66068601608276 6.06166362762451 4.66069650650024 2.30791872739792 1.74569553136826
0.401986509561539 0.442930519580841 0.587841019034386 0.879320293664932 0.914954245090485 0.737660989165306 1.23789221048355 0.910391271114349 0.865852475166321 0.981669008731842 0.656024247407913 0.74090775847435 0.841787248849869 0.932514756917953 0.841032028198242 0.845699965953827 1.00356978178024 1.48486277461052 1.87004327774048 2.12416416406631 2.04544866085052 1.05344474315643 1.17091879248619 1.50312906503677 1.31545802950859 1.23380702733994 1.24043172597885 1.17180678248405 1.09425151348114 1.05736202001572 1.00184923410416 1.0162949860096 1.02086699008942 1.03773379325867 1.04933702945709 1.04088002443314 1.03727254271507 1.0479037463665 1.0570650100708 1.04682603478432 1.03755900263786 1.07904821634293 1.24589771032333 1.23735076189041 1.25794422626495 1.26345679163933 1.14165678620338 1.1591722369194 2.45882105827332 13.2576928138733 9.21706581115723 13.5644402503967 6.28497576713562 15.1715726852417 20.2382912635803 14.010585308075 8.85526657104492 6.78588652610779 2.18434721231461 2.07269257307053 2.43323475122452 2.48507916927338
0.486176982522011 0.713756248354912 0.932293474674225 0.476474985480309 0.482615992426872 0.507674261927605 0.578874751925468 0.644542515277863 0.740081235766411 0.877411544322968 0.91310253739357 0.835663497447968 0.973682999610901 0.866786956787109 0.742785751819611 0.816114038228989 1.09541022777557 2.01624441146851 2.21503043174744 2.42630481719971 2.58712130784988 1.22081100940704 1.30668970942497 1.28580451011658 1.4166667163372 1.76249706745148 1.66742706298828 1.50545543432236 1.13808596134186 1.01201623678207 0.935246229171753 1.00947225093842 0.989746481180191 0.995601743459702 0.983929485082626 1.00456872582436 1.01685225963593 1.04320728778839 1.1166487634182 1.36144503951073 1.47747901082039 1.53784793615341 1.61860120296478 1.71267449855804 1.85993403196335 2.01811355352402 2.64790803194046 3.72684895992279 7.97766780853271 12.6387047767639 11.9030520915985 9.3294882774353 15.9578075408936 10.3995616436005 6.84512829780579 4.46402084827423 2.17593830823898 1.84521371126175 2.23762053251266 3.95750248432159 5.92748701572418 3.41115689277649
0.687961488962173 0.815564274787903 1.07588401436806 0.954014986753464 0.581033259630203 0.487777501344681 0.445385232567787 0.504597008228302 0.557676762342453 0.605971500277519 0.648531004786491 0.702773228287697 0.717242985963821 0.705346494913101 0.753537744283676 0.824899524450302 1.03194299340248 1.29409047961235 1.2671070098877 1.14946648478508 1.12410226464272 2.35843724012375 2.68320608139038 2.48088079690933 2.52194631099701 1.28412973880768 1.04565900564194 1.00057652592659 0.997562259435654 1.00926071405411 1.05799949169159 1.07414621114731 0.972694516181946 0.943429470062256 0.909476280212402 0.942375719547272 0.940751999616623 0.973498463630676 1.08937346935272 1.531289935112 1.56945008039474 1.6945778131485 1.95473027229309 1.97485041618347 1.95874732732773 2.05311369895935 4.61175298690796 9.48686671257019 10.8180613517761 4.3329119682312 8.94256854057312 17.1577434539795 15.8217258453369 7.01892328262329 3.6226544380188 1.97488653659821 1.7909631729126 1.96863377094269 2.3589990735054 2.90380722284317 4.3579888343811 7.3654510974884
0.50747774541378 0.530362486839294 0.66780598461628 0.79214546084404 0.722417235374451 0.504264771938324 0.442482009530067 0.462714001536369 0.496612519025803 0.520091995596886 0.534238502383232 0.544167011976242 0.575559765100479 0.632113516330719 0.625307232141495 0.649044021964073 0.848394781351089 1.23870000243187 1.70908641815186 2.22500252723694 2.99738091230392 5.17222487926483 5.28260314464569 4.17382264137268 3.41542661190033 1.4969564974308 1.10510846972466 0.994445979595184 1.0615259706974 1.13732546567917 1.20137098431587 1.23761701583862 1.16672623157501 1.07085075974464 1.02249446511269 1.13607224822044 1.23122772574425 1.28847303986549 1.34056279063225 1.67212951183319 1.89585828781128 1.99127697944641 1.9784272313118 2.28317177295685 2.33687925338745 2.49591529369354 8.04338121414185 13.2274861335754 3.24092102050781 4.02864360809326 8.32190036773682 16.4783935546875 16.4179229736328 5.90644812583923 2.9617275595665 1.79366844892502 1.95759826898575 2.16899031400681 2.22299247980118 2.30428647994995 3.07200515270233 4.11618375778198
0.475370988249779 0.525770232081413 0.654341250658035 0.736712247133255 0.596306249499321 0.535377770662308 0.4947389960289 0.47751148045063 0.480150729417801 0.487996503710747 0.490037977695465 0.509153991937637 0.522241517901421 0.543514519929886 0.616372480988503 0.839600265026093 0.963213711977005 0.99780598282814 2.52987295389175 4.15555572509766 4.68991792201996 4.23926246166229 3.44072163105011 2.97846758365631 2.23023891448975 1.32890778779984 1.07985672354698 1.04974427819252 1.15686678886414 1.31443127989769 1.29414001107216 1.19402548670769 1.18298247456551 1.18399053812027 1.24573123455048 1.55171245336533 1.66291505098343 1.64968568086624 1.62938243150711 1.89813226461411 1.97919380664825 2.19263398647308 2.30440950393677 2.72180020809174 3.10541331768036 3.41322612762451 6.44324398040771 8.73578381538391 14.5894174575806 22.5254974365234 18.3707885742188 13.2409429550171 9.19976377487183 1.59188103675842 1.5827100276947 1.81484466791153 2.17964333295822 2.37692016363144 2.30184674263 2.40259873867035 2.70981752872467 3.21064472967579
0.807991504669189 0.628828480839729 0.76124095916748 0.732030004262924 0.771684765815735 0.769326746463776 0.708149269223213 0.607784986495972 0.498149245977402 0.519209995865822 0.554772734642029 0.546645015478134 0.557439744472504 0.652021497488022 0.862646967172623 1.80747306346893 2.41796243190765 2.66652828454971 2.7345757484436 1.67227506637573 0.953173488378525 1.00869378447533 1.47017928957939 1.32692697644234 1.26142573356628 1.13023048639297 1.44269773364067 1.64296871423721 1.64365124702454 1.41061350703239 1.33038371801376 1.31662273406982 1.31246396899223 1.37816172838211 1.70093858242035 1.53261744976044 1.54622626304626 1.50037497282028 1.47066602110863 1.53736728429794 1.80906826257706 2.16745054721832 2.30024403333664 3.34303665161133 4.22171545028687 6.42497134208679 11.9418504238129 21.56187915802 24.9080429077148 13.5262470245361 4.90918815135956 2.51893347501755 1.91601455211639 2.04229491949081 2.19255083799362 2.24920356273651 2.56671413844519 -9999 -9999 -9999 -9999 -9999
2.24882841110229 1.78182524442673 0.989699989557266 0.883838206529617 1.20795375108719 1.07167947292328 0.901577979326248 0.771702021360397 0.64283475279808 0.738926991820335 0.867414772510529 0.895619988441467 1.06332975625992 1.17255824804306 1.25978028774261 1.60591346025467 1.37897703051567 1.11044400930405 0.941780984401703 0.980378955602646 1.07598379254341 1.26641249656677 1.26669976115227 1.1357039809227 1.17097949981689 1.66481029987335 1.95439267158508 2.09270244836807 1.54598021507263 1.34136977791786 1.41195899248123 2.08624881505966 1.53602850437164 2.44732046127319 2.26492041349411 2.01102447509766 1.86248695850372 1.61379826068878 1.50042825937271 1.6369680762291 1.7071493268013 2.00253903865814 2.07657372951508 2.37852823734283 2.98413902521133 2.85641920566559 9.51589965820312 20.9053473472595 2.81912916898727 3.39738535881042 3.75182175636292 7.48164081573486 5.26713824272156 9.48701470920018 1.59994596878036 -9999 -9999 -9999 -9999 -9999 -9999 -9999
3.49462652206421 4.18113076686859 1.54278820753098 1.09412178397179 1.08096671104431 1.11401402950287 1.08667722344398 1.10502603650093 1.14371627569199 0.923790782690048 0.813537776470184 0.727739229798317 0.770843267440796 0.835698008537292 0.946194022893906 0.931260734796524 1.02692404389381 1.06150496006012 1.0033874809742 1.15375274419785 1.44074249267578 1.61037522554398 1.25087025761604 1.40991970896721 1.23225376009941 1.28033173084259 1.76752495765686 2.16185027360916 1.80623316764832 -9999 -9999 -9999 -9999 -9999 -9999 3.14426672458649 2.38419824838638 1.79577594995499 1.71383625268936 1.70203274488449 1.80038398504257 1.93437516689301 1.85462933778763 2.49329477548599 2.34858673810959 1.71702969074249 4.22170722484589 9.85998201370239 18.1246733665466 14.0794200897217 9.83732485771179 13.6737442016602 38.2386846899986 1.9762424826622 1.97624230384827 -9999 -9999 -9999 -9999 -9999 -9999 -9999
4.08120810985565 4.321817278862 2.80214327573776 2.14536666870117 2.00995123386383 1.39553779363632 0.797961741685867 0.69461926817894 0.670248761773109 0.68572872877121 0.738707229495049 0.840431213378906 0.948857992887497 0.94836151599884 0.908339291810989 0.829452753067017 0.890556782484055 1.01420322060585 1.27288573980331 1.33352476358414 1.12626975774765 1.37733453512192 1.32026320695877 1.3440959751606 1.35844945907593 1.64849925041199 2.00693625211716 2.44814175367355 1.81418743729591 -9999 -9999 -9999 -9999 -9999 -9999 -9999 10.4471769332886 6.82083749771118 6.46675801277161 3.9752551317215 3.24682116508484 3.71818041801453 3.31734359264374 3.63127720355988 3.37400615215302 2.52405220270157 9.83717966079712 15.3215761184692 14.9390916824341 27.3584632873535 17.4826769828796 6.36765789985657 -9999 -9999 -9999 -9999 -9999 -9999 -9999 -9999 -9999 -9999
4.01028835773468 3.87282836437225 3.72917926311493 2.14667630195618 1.30343100428581 0.784604966640472 0.627726003527641 0.665567994117737 0.725806519389153 0.967370241880417 1.03891351819038 1.12424620985985 1.07923427224159 1.00167900323868 1.05768826603889 0.941193044185638 1.02093154191971 1.27752524614334 1.64425045251846 1.20775974790255 0.920020452743277 2.06302829583486 1.56231068074703 1.3814317882061 1.27104154229164 1.54746454954147 1.97522395849228 3.21369516849518 4.80125391483307 -9999 -9999 -9999 -9999 -9999 -9999 -9999 10.4095215797424 5.82358360290527 10.00901055336 8.94586730003357 9.14113283157349 13.1646537780762 20.8418068885803 11.0751349925995 10.3135600090027 9.36986804008484 21.1536870002747 21.6011137962341 9.09471273422241 24.9081716537476 14.5864223241806 16.9392743110657 3.74304091930389 -9999 -9999 -9999 -9999 -9999 -9999 -9999 -9999 -9999
2.51819854974747 2.41511392593384 2.37278616428375 1.12423351407051 0.906720042228699 0.894324034452438 0.903271526098251 0.776357978582382 0.823563784360886 0.922997206449509 0.902254521846771 0.916269779205322 0.976166993379593 1.17674553394318 1.11571723222733 0.967551022768021 0.985685974359512 1.1261340379715 1.39292326569557 1.29197922348976 0.933239221572876 1.05145570635796 1.04955822229385 1.35564297437668 1.53687518835068 1.74430131912231 2.08825725317001 1.89097130298615 1.8486202955246 1.99822425842285 -9999 -9999 -9999 -9999 -9999 -9999 -9999 7.28287633260091 3.68751523127923 4.76846772432327 49.355037689209 11.1963801383972 24.0427207946777 13.1799674034119 9.15095686912537 19.5745868682861 47.7373151779175 21.0843901634216 49.2009887695312 28.039097070694 28.1874933242798 5.85059022903442 5.16471779078149 -9999 -9999 -9999 -9999 -9999 -9999 -9999 -9999 -9999
3.57025337219238 3.9634108543396 3.59286510944366 2.04091644287109 1.64877533912659 1.52835595607758 1.19974574446678 0.632872492074966 0.644425481557846 0.814234524965286 0.841242760419846 0.878122508525848 0.972756743431091 1.08666828274727 1.16185873746872 1.06604620814323 0.906341224908829 0.963808536529541 1.10574370622635 0.934150457382202 1.41855901479721 1.69697552919388 1.34514677524567 2.48889005184174 2.47094768285751 1.9257584810257 2.24669998884201 4.64142537117004 1.89492756128311 2.39788717031479 -9999 -9999 -9999 -9999 -9999 -9999 -9999 -9999 -9999 -9999 -9999 -9999 -9999 -9999 -9999 -9999 3.65490746498108 10.1357409159342 14.132648229599 17.1231179918562 -9999 -9999 -9999 -9999 -9999 -9999 -9999 -9999 -9999 -9999 -9999 -9999
2.79509174823761 3.12430644035339 3.46686136722565 3.4601594209671 2.55316418409348 1.90183568000793 1.35831901431084 0.886323720216751 0.781935006380081 0.829734027385712 0.880777537822723 0.91884371638298 1.00324201583862 1.24876204133034 1.71017181873322 1.7248409986496 1.61204481124878 1.65391427278519 1.47816976904869 1.41186600923538 1.92731022834778 1.68730276823044 1.56285005807877 2.1607061624527 -9999 -9999 1.36722904443741 1.98980927467346 1.78172618150711 1.66778773069382 2.03664448857307 -9999 -9999 -9999 -9999 -9999 -9999 -9999 -9999 -9999 -9999 -9999 -9999 -9999 -9999 -9999 -9999 -9999 -9999 -9999 -9999 -9999 -9999 -9999 -9999 -9999 -9999 -9999 -9999 -9999 -9999 -9999
1.74855977296829 1.98900532722473 2.59776896238327 3.38609111309052 3.24744307994843 2.36417698860168 1.76004821062088 1.17109125852585 0.989940762519836 0.928787291049957 0.86661896109581 1.05476251244545 1.35179704427719 1.64238452911377 2.14385318756104 2.22170841693878 2.34236705303192 1.98022949695587 1.56506019830704 1.54922693967819 2.0328186750412 2.33623266220093 1.9360072016716 2.27325296401978 2.66579622030258 2.94959324598312 2.07991504669189 1.9369740486145 1.79918020963669 1.96946167945862 1.82689583301544 2.1987436786294 -9999 -9999 -9999 -9999 -9999 -9999 -9999 -9999 -9999 -9999 -9999 -9999 -9999 -9999 -9999 -9999 -9999 -9999 -9999 -9999 -9999 -9999 -9999 -9999 -9999 -9999 -9999 -9999 -9999 -9999
1.13677203655243 1.19670528173447 1.24481695890427 1.49558401107788 2.28717076778412 2.47013998031616 2.01703423261642 1.63869827985764 1.02882528305054 0.924750745296478 0.979074776172638 1.49331521987915 1.95271056890488 2.76695019006729 2.41508853435516 2.43572241067886 4.11686396598816 3.30846905708313 2.9532562494278 2.05102944374084 1.632772564888 1.55463820695877 1.71022349596024 1.84170824289322 2.24252468347549 2.06232744455338 2.09291696548462 1.71840226650238 1.45497447252274 1.56195223331451 1.99189192056656 2.62618846051833 -9999 -9999 -9999 -9999 -9999 -9999 -9999 -9999 -9999 -9999 -9999 -9999 -9999 -9999 -9999 -9999 -9999 -9999 -9999 -9999 -9999 -9999 -9999 -9999 -9999 -9999 -9999 -9999 -9999 -9999
0.631517261266708 0.708657011389732 0.700184985995293 0.706028982996941 0.840923219919205 1.20229429006577 1.22907829284668 1.06260895729065 1.22901079058647 1.31698420643806 1.55198693275452 2.61295205354691 2.99126100540161 2.857945561409 9.07332730293274 5.84435105323792 3.36359775066376 5.75205659866333 3.66724634170532 2.39780992269516 2.56635224819183 2.10826653242111 2.06239879131317 2.08186733722687 2.1528697013855 2.36386424303055 2.19663441181183 1.96388930082321 1.59085947275162 1.74085432291031 3.60131764411926 -9999 -9999 -9999 -9999 -9999 -9999 -9999 -9999 -9999 -9999 -9999 -9999 -9999 -9999 -9999 -9999 -9999 -9999 -9999 -9999 -9999 -9999 -9999 -9999 -9999 -9999 -9999 -9999 -9999 -9999 -9999
