EcologicalScience/Bass/data/rs_data_bass/chl_535.asc
NCOLS 226 
NROWS 124 
XLLCORNER -9.41648524995501 
YLLCORNER 47.587301625531 
CELLSIZE 0.0833 
NODATA_value -9999 
[rows 56 to 83 of 124, columns 122 to 182 of 226]
1.87535065412521 1.59214299917221 1.34431171417236 1.2793362736702 1.3106264770031 1.26391580700874 1.28988227248192 1.33232063055038 1.47491490840912 1.65149492025375 1.35778480768204 1.11712235212326 1.18036687374115 1.09249806404114 1.37649334967136 1.33553217351437 0.916396737098694 1.21412926912308 1.27798202633858 1.39491212368011 1.47013807296753 1.66290557384491 1.84844827651978 1.8604890704155 1.62355881929398 1.50991523265839 1.42844018340111 1.53044307231903 1.32054010033607 1.15121957659721 1.12730813026428 1.10651153326035 0.983804225921631 0.972052663564682 1.05847424268723 1.17285624146461 1.20156168937683 1.1971255838871 1.13570621609688 1.14293432235718 1.0317430794239 1.05534929037094 1.26914834976196 1.71804177761078 2.10986423492432 2.51798290014267 3.80868351459503 5.89125108718872 7.4898419380188 5.29515194892883 5.57608544826508 6.06019306182861 5.71344101428986 6.27606797218323 9.6398184299469 9.86073160171509 13.0588719844818 -9999 -9999 -9999 -9999
1.99204748868942 1.70978236198425 1.4909528195858 1.40401303768158 1.3323121368885 1.31629487872124 1.24646338820457 1.2416595518589 1.3578268289566 1.47410005331039 1.54948604106903 1.4551008939743 1.50753647089005 1.63026487827301 1.4065737426281 1.21695971488953 1.27746972441673 1.42686662077904 1.44258812069893 1.69593125581741 1.81556439399719 1.8615825176239 1.95784324407578 1.95910209417343 1.85073816776276 1.58159673213959 1.58041816949844 1.49886944890022 1.36943829059601 1.1377215385437 1.06951189041138 1.00040209293365 0.863188147544861 0.832480520009995 0.877788126468658 0.978404223918915 1.09303978085518 1.06066194176674 1.01525330543518 0.98050332069397 1.0109883248806 1.1500406563282 1.6272309422493 2.2757014632225 3.00455510616302 4.47692120075226 7.531986951828 10.1267108917236 9.80156064033508 -9999 8.04444265365601 7.55047702789307 7.02547430992126 7.7103488445282 9.74090838432312 10.9646301269531 -9999 -9999 -9999 -9999 -9999
2.97082740068436 2.55516242980957 2.51336234807968 2.11023670434952 1.7921884059906 1.42621421813965 1.3767015337944 1.32348784804344 1.24555778503418 1.2178612947464 1.18579083681107 1.16098022460938 1.46766248345375 1.65287411212921 1.36601176857948 1.23102208971977 1.24766609072685 1.46943578124046 1.84429013729095 1.88810849189758 1.92062026262283 2.00250971317291 2.02698826789856 1.9716369509697 1.82979887723923 1.63552665710449 1.5374259352684 1.38136875629425 1.37619334459305 1.2373194694519 1.10791978240013 1.10434609651566 0.942430168390274 0.845657587051392 0.849666774272919 0.894374012947083 0.968949258327484 1.07102698087692 1.1084371805191 1.1303251683712 1.06125167012215 1.31229150295258 2.00649869441986 2.94717532396317 4.32714664936066 6.91361117362976 10.7332634925842 13.2203993797302 12.2571401596069 10.931211233139 9.8003568649292 8.16907167434692 8.09134912490845 7.8912513256073 21.1407108306885 34.3488292694092 -9999 -9999 -9999 -9999 -9999
16.2010164169165 4.53831732273102 4.53831732273102 2.2348718047142 2.08567142486572 1.83510160446167 1.61926174163818 1.53806573152542 1.43658685684204 1.3557787835598 1.75381100177765 1.75188785791397 1.54665148258209 1.63063448667526 1.656977891922 1.54159551858902 1.38067084550858 1.3554839193821 1.71161341667175 2.05248230695724 2.03980940580368 2.01712667942047 2.08272761106491 2.00873959064484 1.88938307762146 1.73841261863708 1.53540140390396 1.34697926044464 1.29289019107819 1.22405871748924 0.95803901553154 0.929226279258728 0.927922904491425 0.901658087968826 0.930956035852432 0.948806583881378 0.975842356681824 0.983770877122879 1.14707207679749 1.39357379078865 1.48478463292122 1.69226413965225 2.02128463983536 2.90916377305984 5.08561956882477 10.4231321811676 13.009560585022 13.7279448509216 7.97607493400574 10.2629964351654 10.5914425849915 10.4171175956726 13.6863670349121 18.2240524291992 27.2345867156982 44.7327060699463 -9999 -9999 -9999 -9999 -9999
-9999 -9999 -9999 -9999 -9999 -9999 -9999 2.28387522697449 1.42596808075905 1.28717324137688 1.27693551778793 1.70248478651047 2.11060971021652 1.76271164417267 1.68795311450958 1.73104512691498 1.64334779977798 1.87483012676239 1.99843257665634 2.02017903327942 1.97450423240662 1.99933969974518 1.96018803119659 1.86750394105911 1.78382652997971 1.71987318992615 1.66463506221771 1.57943415641785 1.31921124458313 1.22342249751091 1.1147395670414 0.966576486825943 1.05667725205421 1.03742542862892 1.0747218132019 1.00934466719627 0.978292644023895 1.10296753048897 1.37337112426758 1.5475589632988 1.60706412792206 1.70365887880325 1.94745397567749 2.64181280136108 6.31997895240784 14.1256098747253 22.6279163360596 23.1206045150757 -9999 -9999 -9999 -9999 44.8589066096715 60.4985327720642 63.7439403533936 63.7439346313477 -9999 -9999 -9999 -9999 -9999
-9999 -9999 -9999 -9999 -9999 -9999 -9999 -9999 -9999 -9999 2.25231555104256 2.2124605178833 2.12260240316391 1.42374095320702 1.59094154834747 1.99671703577042 2.08572596311569 2.32579296827316 2.22487646341324 1.76450729370117 1.73344337940216 1.88651740550995 1.9066087603569 1.71849417686462 1.65427851676941 1.66695338487625 1.72367978096008 1.67211627960205 1.4990029335022 1.42918431758881 1.33764347434044 1.28815770149231 1.21665689349174 1.18904936313629 1.13856089115143 1.12978237867355 1.08778774738312 1.09522032737732 1.15552219748497 1.15700089931488 1.29862895607948 1.617152094841 2.29011672735214 3.30836319923401 6.91494083404541 16.4389915466309 24.2571687698364 29.0682649612427 -9999 -9999 -9999 -9999 17.548882484436 47.9526615142822 48.3131561279297 35.3540182113647 22.3470311164856 20.3254065513611 24.8098468780518 -9999 -9999
-9999 -9999 -9999 -9999 -9999 -9999 -9999 -9999 -9999 -9999 -9999 2.72054716944695 2.49185192584991 2.11442130804062 2.21153479814529 2.41130930185318 2.31384301185608 2.46001052856445 2.21355646848679 1.71464967727661 1.46177977323532 1.56414145231247 1.57188588380814 1.54335737228394 1.59028905630112 1.70396590232849 1.72497475147247 1.65567684173584 1.62085461616516 1.77894884347916 1.55461031198502 1.34849381446838 1.24046543240547 1.18107381463051 1.0438032746315 1.13722640275955 1.18802699446678 1.20279148221016 1.25684702396393 1.26430651545525 1.63527363538742 2.14475119113922 2.91053420305252 4.7550573348999 12.0482983589172 18.8594484329224 6.07423806190491 -9999 -9999 -9999 -9999 -9999 -9999 -9999 38.2464752197266 38.0833768844604 42.6781826019287 48.1116828918457 10.8786277770996 -9999 -9999
-9999 -9999 -9999 -9999 -9999 -9999 -9999 -9999 -9999 -9999 -9999 4.3704868555069 1.95181810855865 1.78492605686188 1.80147671699524 1.96593028306961 1.9822935461998 2.45750445127487 2.43343806266785 1.85927617549896 1.44671174883842 1.37260928750038 1.41294345259666 1.53972995281219 1.6418799161911 1.74615079164505 1.74485957622528 1.50389993190765 1.39342796802521 1.38690975308418 1.3601550757885 1.3652950823307 1.29489809274673 1.22462359070778 1.1976470053196 1.08954924345016 1.11555303633213 1.1584692299366 1.25290623307228 2.41421860456467 4.16333305835724 5.9429737329483 7.32732653617859 10.9832904338837 15.8318810462952 14.7701210975647 6.34197926521301 33.0447750091553 -9999 -9999 -9999 10.6876773834229 9.58430099487305 8.45027303695679 7.59282231330872 7.30958032608032 20.8783367156982 34.8811712265015 17.2445009095328 -9999 -9999
-9999 -9999 -9999 -9999 -9999 -9999 -9999 -9999 -9999 -9999 -9999 3.80173358917236 1.99024361371994 2.17212170362473 2.43661952018738 2.28581124544144 2.4441579580307 2.74534446001053 2.58999681472778 2.0105704665184 1.51439791917801 1.41360899806023 1.57086914777756 1.70079052448273 1.69572526216507 1.52926915884018 1.49140495061874 1.30341795086861 1.28398802876472 1.31927141547203 1.32781836390495 1.36606675386429 1.51095628738403 1.37491670250893 1.47723922133446 1.63714385032654 1.48895823955536 1.291662722826 1.30441787838936 2.47666543722153 5.50513529777527 18.1628994941711 25.0924673080444 8.79974126815796 7.5259644985199 9.58651971817017 10.2198657989502 -9999 -9999 -9999 -9999 10.1485583782196 9.85858869552612 8.39469051361084 8.35314059257507 8.06471729278564 8.38659553527832 -9999 -9999 -9999 -9999
-9999 -9999 -9999 -9999 -9999 -9999 -9999 -9999 -9999 -9999 -9999 3.67937564849854 3.01310777664185 3.06925928592682 2.8073422908783 2.84484815597534 2.85067248344421 2.73095548152924 2.39153838157654 1.99065059423447 1.59049379825592 1.52360773086548 1.78344136476517 1.65837675333023 1.36980459094048 1.27138504385948 1.18610528111458 1.1600429713726 1.24657559394836 1.20195382833481 1.11422234773636 1.15865251421928 1.36289075016975 1.53744095563889 1.40895456075668 1.22020581364632 1.1562959253788 1.12870681285858 1.20595264434814 1.80679035186768 3.3433985710144 4.55669045448303 6.67290830612183 9.74342250823975 9.91734266281128 10.2987928390503 3.86466658115387 -9999 -9999 -9999 -9999 -9999 9.14324855804443 9.42149662971497 10.7616233825684 11.4276058673859 -9999 -9999 -9999 -9999 -9999
-9999 -9999 -9999 -9999 -9999 -9999 -9999 -9999 -9999 -9999 -9999 3.72229439020157 3.9015508890152 3.53283083438873 3.11737704277039 2.83868819475174 2.46774655580521 2.368856549263 1.99129539728165 1.82058209180832 1.63179177045822 1.66977453231812 1.75098162889481 1.51798582077026 1.27506405115128 1.12766352295876 1.06219983100891 1.05885136127472 1.05550494790077 0.974414885044098 1.03875589370728 1.18664172291756 1.37289056181908 1.43605148792267 1.1357219517231 1.08296638727188 1.05217882990837 1.43503242731094 4.18399608135223 5.34746110439301 4.87796258926392 5.40405178070068 5.97945642471313 12.9514217376709 16.1708607673645 7.96651464700699 3.86466693878174 -9999 -9999 -9999 -9999 12.1949715614319 -9999 -9999 -9999 -9999 -9999 -9999 -9999 -9999 -9999
-9999 -9999 -9999 -9999 -9999 -9999 -9999 -9999 -9999 -9999 -9999 3.47415670752525 3.75746512413025 3.52481460571289 3.20208370685577 2.65694922208786 2.31236779689789 2.20808565616608 1.72778624296188 1.63577306270599 1.66653764247894 1.77196007966995 1.48752996325493 1.31315338611603 1.18748232722282 1.01068049669266 0.95858895778656 0.979485332965851 0.963257968425751 0.950851678848267 1.07477036118507 1.19888144731522 1.26615455746651 1.26501131057739 1.21702194213867 1.18745970726013 1.65704065561295 3.71830558776855 6.87482786178589 12.0480852127075 10.043289899826 6.86474275588989 6.85047268867493 8.84739625453949 6.17215293645859 -9999 -9999 -9999 -9999 -9999 -9999 -9999 -9999 -9999 -9999 -9999 -9999 -9999 -9999 -9999 -9999
-9999 -9999 -9999 -9999 -9999 -9999 -9999 -9999 -9999 -9999 3.74263626337051 3.55355250835419 3.44421100616455 2.79757940769196 2.43270868062973 2.47063797712326 2.27230542898178 2.11293232440948 1.6145036816597 1.48557579517365 1.56279981136322 1.50448036193848 1.24135431647301 1.05914774537086 1.01501968502998 0.978303372859955 0.95876070857048 0.958510637283325 0.982764601707458 1.10095685720444 1.18451285362244 1.13255462050438 1.12342938780785 1.20732182264328 1.23940873146057 1.46738094091415 1.99814039468765 3.86039078235626 6.35033440589905 5.71849679946899 9.01790857315063 11.1717839241028 11.2361326217651 12.3407778739929 -9999 -9999 -9999 -9999 -9999 -9999 -9999 -9999 -9999 -9999 -9999 -9999 -9999 -9999 -9999 -9999 -9999
-9999 -9999 -9999 -9999 -9999 -9999 -9999 -9999 -9999 3.28386068344116 3.14245399832726 3.67470788955688 3.20103049278259 2.64668387174606 2.45102959871292 2.21475076675415 2.1365761756897 1.83684325218201 1.4184678196907 1.29337352514267 1.27534961700439 1.21400704979897 1.1182099878788 0.994730561971664 0.952370256185532 0.946954250335693 0.925159871578217 0.95259502530098 1.15542170405388 1.1910021007061 1.20710813999176 1.20638260245323 1.25906449556351 1.37895476818085 1.99245572090149 3.35865676403046 4.39523649215698 4.75487673282623 3.92098259925842 3.98451340198517 5.97570848464966 5.22159612178802 5.29285883903503 5.69786846637726 3.25656187534332 -9999 -9999 -9999 -9999 -9999 -9999 -9999 -9999 -9999 -9999 -9999 -9999 -9999 -9999 -9999 -9999
-9999 -9999 -9999 -9999 -9999 -9999 -9999 -9999 3.5810272693634 3.37140989303589 4.06722056865692 4.00535237789154 3.45092046260834 2.84651076793671 2.62596845626831 2.37954747676849 2.13681578636169 1.76145565509796 1.38528791069984 1.38894295692444 1.43396919965744 1.39025527238846 1.26567435264587 1.09337174892426 0.933303326368332 0.89666274189949 0.888327062129974 0.993246853351593 1.1512413918972 1.18768930435181 1.1787916123867 1.19779479503632 1.24262318015099 1.30153888463974 1.50806576013565 2.15969896316528 1.75542175769806 2.52153879404068 2.85528659820557 3.75772619247437 4.63294208049774 4.879604190588 -9999 -9999 -9999 -9999 -9999 -9999 -9999 -9999 -9999 -9999 -9999 -9999 -9999 -9999 -9999 -9999 -9999 -9999 -9999
-9999 -9999 -9999 -9999 -9999 -9999 4.03413283824921 3.75820130109787 3.62977480888367 3.36846077442169 3.56320559978485 3.50547909736633 2.99628478288651 2.58302879333496 2.49744057655334 2.30065047740936 2.03150761127472 1.60500741004944 1.44990134239197 1.49253344535828 1.5352229475975 1.37421610951424 1.23624059557915 1.06947630643845 0.987236201763153 0.937949538230896 0.920939862728119 1.00768366456032 1.20255571603775 1.2616268992424 1.18645137548447 1.44754323363304 1.75563383102417 1.91399109363556 1.9383253455162 2.41005223989487 2.56669503450394 2.2719486951828 3.61640095710754 3.73810708522797 -9999 -9999 -9999 -9999 -9999 -9999 -9999 -9999 -9999 -9999 -9999 -9999 -9999 -9999 -9999 -9999 -9999 -9999 -9999 -9999 -9999
-9999 -9999 -9999 -9999 -9999 -9999 3.56707978248596 3.55439400672913 3.31881183385849 2.93818625807762 2.97375977039337 2.94293367862701 2.5940153002739 2.4112588763237 2.2878400683403 2.15240550041199 1.75570213794708 1.48128256201744 1.61402928829193 1.49994108080864 1.39274024963379 1.18554720282555 1.12116479873657 1.10660085082054 1.08290863037109 1.04166242480278 1.00577160716057 1.18282797932625 1.46071860194206 1.46760848164558 1.67938059568405 2.4041690826416 2.69231432676315 2.85137486457825 3.53043794631958 3.8208703994751 3.40721905231476 3.26663482189178 21.2416480779648 5.63084570099326 -9999 -9999 -9999 -9999 -9999 -9999 -9999 -9999 -9999 -9999 -9999 -9999 -9999 -9999 -9999 -9999 -9999 -9999 -9999 -9999 -9999
-9999 -9999 -9999 -9999 3.67681223154068 3.653578966856 3.56681871414185 2.93163737654686 3.35620701313019 3.45597660541534 3.19907891750336 2.47042143344879 2.34324932098389 2.05950915813446 1.91756844520569 1.56728786230087 1.39520394802094 1.59787774085999 1.59884065389633 1.50218063592911 1.29819247126579 1.19744029641151 1.36185559630394 1.42343857884407 1.27583080530167 1.18202582001686 1.16739723086357 1.40872165560722 1.46647229790688 1.58866024017334 1.93862664699554 3.39476215839386 3.69547712802887 3.58501160144806 4.17563223838806 6.21579051017761 4.44774985313416 5.80995699763298 -9999 -9999 -9999 -9999 -9999 -9999 -9999 -9999 -9999 -9999 -9999 -9999 -9999 -9999 -9999 -9999 -9999 -9999 -9999 -9999 -9999 -9999 -9999
-9999 -9999 -9999 4.49175724983215 3.61752292513847 3.10447829961777 2.94284272193909 3.17050981521606 3.16983318328857 3.45059466362 2.9292123913765 2.62335276603699 2.31852686405182 1.76476961374283 1.44033622741699 1.28430381417274 1.40355688333511 1.44278141856194 1.45594149827957 1.38339176774025 1.29863074421883 1.4449235200882 1.59564828872681 1.60425442457199 1.42454221844673 1.31203669309616 1.42945459485054 1.54004037380219 1.68362706899643 2.16126251220703 2.28683334589005 5.51085233688354 6.03656244277954 8.82123112678528 3.7698358297348 6.59543657302856 -9999 -9999 -9999 -9999 -9999 -9999 -9999 -9999 -9999 -9999 -9999 -9999 -9999 -9999 -9999 -9999 -9999 -9999 -9999 -9999 -9999 -9999 -9999 -9999 -9999
-9999 -9999 3.56058339029551 3.31416702270508 2.96791911125183 2.57146883010864 2.50903129577637 2.78982961177826 3.08872675895691 3.04692256450653 2.46863114833832 2.48486065864563 2.11125129461288 1.81112104654312 1.35340788960457 1.27487495541573 1.34973478317261 1.42864143848419 1.45177209377289 1.44209691882133 1.48091787099838 1.69330662488937 1.76214838027954 1.6935578584671 1.43844133615494 1.69343394041061 1.93879097700119 2.142971098423 2.53885835409164 2.87077152729034 3.14476275444031 3.41143119335175 3.84652832150459 3.84143364429474 3.84909617900848 6.39003385030306 6.36532060916607 6.41894916387705 -9999 -9999 -9999 -9999 -9999 -9999 -9999 -9999 -9999 -9999 -9999 -9999 -9999 -9999 -9999 -9999 -9999 -9999 -9999 -9999 -9999 -9999 -9999
4.44149449467659 3.45088469982147 3.47193789482117 3.09722846746445 3.12330669164658 2.14657652378082 2.14657652378082 2.88084715604782 2.39541962742805 2.35992157459259 2.18383026123047 1.93064028024673 1.90398699045181 1.66741669178009 1.31770446896553 1.36990454792976 1.43806609511375 1.45827841758728 1.47287544608116 1.52634662389755 1.75403791666031 1.84860599040985 1.67735695838928 1.51481205224991 1.72866582870483 2.03859043121338 2.18353682756424 2.65151488780975 2.93792134523392 3.03444349765778 3.71604287624359 4.98095870018005 4.46758902072906 -9999 -9999 -9999 -9999 -9999 -9999 -9999 -9999 -9999 -9999 -9999 -9999 -9999 -9999 -9999 -9999 -9999 -9999 -9999 -9999 -9999 -9999 -9999 -9999 -9999 -9999 -9999 -9999
3.86952012777328 3.88333010673523 3.52170637249947 3.18429484963417 3.07229429483414 3.11772966384888 3.10067695379257 2.56857293844223 2.71097964048386 2.89003819227219 2.76793402433395 2.60354483127594 2.08446317911148 1.49862813949585 1.28714168071747 1.42169371247292 1.48399749398232 1.53023046255112 1.57314419746399 1.66971623897552 1.72173446416855 1.68976467847824 1.54185676574707 1.70123112201691 1.92047792673111 2.16636657714844 2.61127835512161 3.13068294525146 3.63248634338379 4.26319491863251 4.90527319908142 5.50531983375549 4.07681429386139 5.17192411422729 -9999 -9999 -9999 -9999 -9999 -9999 -9999 12.6942715644836 -9999 -9999 -9999 -9999 -9999 -9999 -9999 -9999 -9999 -9999 -9999 -9999 -9999 -9999 -9999 -9999 -9999 -9999 -9999
-9999 -9999 4.38441766798496 4.34786581993103 4.3230414390564 3.90124762058258 3.93808484077454 3.925756752491 3.34314715862274 3.38313281536102 3.23238587379456 2.54985004663467 2.01648116111755 1.45324873924255 1.2623233795166 1.39515745639801 1.51922088861465 1.57559841871262 1.61060607433319 1.68174129724503 1.74239087104797 1.7405943274498 1.68776196241379 1.96114093065262 2.34728050231934 2.74805438518524 3.03632175922394 3.1554000377655 3.60436570644379 3.46462869644165 3.57946872711182 3.73297333717346 3.86626321077347 3.42093944549561 -9999 -9999 -9999 -9999 -9999 -9999 -9999 -9999 -9999 -9999 -9999 -9999 -9999 -9999 -9999 -9999 -9999 -9999 -9999 -9999 -9999 -9999 -9999 -9999 -9999 -9999 -9999
-9999 -9999 -9999 -9999 -9999 -9999 -9999 3.61085622310638 3.26315724849701 3.22113990783691 2.77583563327789 2.1598214507103 1.61624926328659 1.25790452957153 1.27054998278618 1.40672573447227 1.37666961550713 1.47500967979431 1.75128310918808 2.05058634281158 2.15021932125092 2.36910277605057 2.63876205682755 2.77151137590408 3.02958333492279 3.16483533382416 3.32594096660614 3.13997411727905 3.55860963463783 -9999 -9999 -9999 -9999 -9999 -9999 -9999 -9999 -9999 -9999 -9999 -9999 -9999 -9999 -9999 -9999 -9999 -9999 -9999 -9999 -9999 -9999 -9999 -9999 -9999 -9999 -9999 -9999 -9999 -9999 -9999 -9999
-9999 -9999 -9999 -9999 -9999 -9999 -9999 3.37105765342712 2.86947727203369 2.79923236370087 2.17699098587036 1.50533097982407 1.18862593173981 1.186169475317 1.29410871863365 1.41105732321739 1.63841074705124 1.97293066978455 2.33781945705414 2.33836197853088 2.44625866413116 2.88624608516693 3.72037410736084 3.90165746212006 3.99837470054626 3.94418370723724 -9999 -9999 -9999 -9999 -9999 -9999 -9999 -9999 -9999 -9999 -9999 -9999 -9999 -9999 -9999 -9999 -9999 -9999 -9999 -9999 -9999 -9999 -9999 -9999 -9999 -9999 -9999 -9999 -9999 -9999 -9999 -9999 -9999 -9999 -9999
-9999 -9999 -9999 2.50102669000626 2.50102686882019 2.44419622421265 2.30713534355164 2.20580577850342 2.09070986509323 1.82804846763611 1.27896907925606 1.12877458333969 1.21888473629951 1.29766979813576 1.50909769535065 1.77532142400742 1.95448976755142 2.16752314567566 2.46624362468719 2.77639549970627 3.24013066291809 3.47646796703339 3.45774078369141 9.12191677093506 -9999 -9999 -9999 -9999 -9999 -9999 -9999 -9999 -9999 -9999 -9999 -9999 -9999 -9999 -9999 -9999 -9999 -9999 -9999 -9999 -9999 -9999 -9999 -9999 -9999 -9999 -9999 -9999 -9999 -9999 -9999 -9999 -9999 -9999 -9999 -9999 -9999
-9999 -9999 -9999 2.07016807794571 1.82747340202332 1.61413514614105 1.6151465177536 1.45257523655891 1.1249044239521 0.894183039665222 0.991484016180038 1.36119997501373 1.70076996088028 1.88053303956985 1.95499062538147 2.23888224363327 2.70063561201096 2.78916603326797 2.83155351877213 4.54660520553589 5.89011430740356 -9999 -9999 -9999 -9999 -9999 -9999 -9999 -9999 -9999 -9999 -9999 -9999 -9999 -9999 -9999 -9999 -9999 -9999 -9999 -9999 -9999 -9999 -9999 -9999 -9999 -9999 -9999 -9999 -9999 -9999 -9999 -9999 -9999 -9999 -9999 -9999 -9999 -9999 -9999 -9999
-9999 -9999 2.71644079685211 2.08583199977875 1.58775508403778 1.20299363136292 1.00508236885071 0.961351096630096 0.843135327100754 1.13394632935524 1.74392634630203 2.03805291652679 2.23940625786781 2.55187931656837 2.83262433788993 -9999 -9999 -9999 -9999 -9999 -9999 -9999 -9999 -9999 -9999 -9999 -9999 -9999 -9999 -9999 -9999 -9999 -9999 -9999 -9999 -9999 -9999 -9999 -9999 -9999 -9999 -9999 -9999 -9999 -9999 -9999 -9999 -9999 -9999 -9999 -9999 -9999 -9999 -9999 -9999 -9999 -9999 -9999 -9999 -9999 -9999
