EcologicalScience/Bass/data/rs_data_bass/chl_392.asc
NCOLS 226 
NROWS 124 
XLLCORNER -9.41648524995501 
YLLCORNER 47.587301625531 
CELLSIZE 0.0833 
NODATA_value -9999 
[rows 0 to 26 of 124, columns 61 to 121 of 226]
-9999 -9999 -9999 -9999 -9999 -9999 -9999 -9999 -9999 -9999 -9999 -9999 -9999 -9999 -9999 -9999 -9999 -9999 -9999 -9999 -9999 -9999 -9999 -9999 -9999 -9999 -9999 -9999 -9999 -9999 -9999 -9999 -9999 -9999 -9999 -9999 -9999 -9999 -9999 -9999 -9999 -9999 -9999 -9999 -9999 -9999 -9999 -9999 -9999 -9999 -9999 -9999 -9999 -9999 -9999 -9999 -9999 -9999 -9999 -9999 -9999
-9999 -9999 -9999 -9999 -9999 -9999 -9999 -9999 -9999 -9999 -9999 -9999 -9999 -9999 -9999 -9999 -9999 -9999 -9999 -9999 -9999 -9999 -9999 -9999 -9999 -9999 -9999 -9999 -9999 -9999 -9999 -9999 -9999 -9999 -9999 -9999 -9999 -9999 -9999 -9999 -9999 -9999 -9999 -9999 -9999 -9999 -9999 -9999 -9999 -9999 -9999 -9999 -9999 -9999 -9999 -9999 -9999 -9999 -9999 -9999 -9999
-9999 -9999 -9999 -9999 -9999 -9999 -9999 -9999 -9999 -9999 -9999 -9999 -9999 -9999 -9999 -9999 -9999 -9999 -9999 -9999 -9999 -9999 -9999 -9999 -9999 -9999 -9999 -9999 -9999 -9999 -9999 -9999 -9999 -9999 -9999 -9999 -9999 -9999 -9999 -9999 -9999 -9999 -9999 -9999 -9999 -9999 -9999 -9999 -9999 -9999 -9999 -9999 -9999 -9999 -9999 -9999 -9999 -9999 -9999 -9999 -9999
-9999 -9999 -9999 -9999 -9999 -9999 -9999 -9999 -9999 -9999 -9999 -9999 -9999 -9999 -9999 -9999 -9999 -9999 -9999 -9999 -9999 -9999 -9999 -9999 -9999 -9999 -9999 -9999 -9999 -9999 -9999 -9999 -9999 -9999 -9999 -9999 -9999 -9999 -9999 -9999 -9999 -9999 -9999 -9999 -9999 -9999 -9999 -9999 -9999 -9999 -9999 -9999 -9999 -9999 -9999 -9999 -9999 -9999 -9999 -9999 -9999
-9999 -9999 -9999 -9999 -9999 -9999 -9999 -9999 -9999 -9999 -9999 -9999 -9999 -9999 -9999 -9999 -9999 -9999 -9999 -9999 -9999 -9999 -9999 -9999 -9999 -9999 -9999 -9999 -9999 -9999 -9999 -9999 -9999 -9999 -9999 -9999 -9999 -9999 -9999 -9999 -9999 -9999 -9999 -9999 -9999 -9999 -9999 -9999 -9999 -9999 -9999 -9999 -9999 -9999 -9999 -9999 -9999 -9999 -9999 -9999 -9999
-9999 -9999 -9999 -9999 -9999 -9999 -9999 -9999 -9999 -9999 -9999 -9999 -9999 -9999 -9999 -9999 -9999 -9999 -9999 -9999 -9999 -9999 -9999 -9999 -9999 -9999 -9999 -9999 -9999 0.63735419511795 1.33710714413302 1.1750020980835 1.19441941380501 1.24754740297794 1.21201224625111 1.00061177462339 0.672650244086981 0.71117964014411 0.70549613982439 0.823693111538887 0.606020629405975 0.581410109996796 0.599597632884979 0.593286763876677 0.69937901943922 0.69719497859478 0.560328371822834 0.667654745280743 0.683709718286991 0.681098267436028 0.69302225112915 0.692059762775898 0.704596489667892 0.743374519050121 0.595147859305143 0.667035363614559 0.763867750763893 0.689571224153042 0.666939735412598 0.619046002626419 0.628803975880146
-9999 -9999 -9999 -9999 -9999 -9999 -9999 -9999 -9999 -9999 -9999 -9999 -9999 -9999 -9999 -9999 -9999 -9999 -9999 -9999 -9999 -9999 -9999 -9999 -9999 -9999 -9999 1.18186515569687 1.0627324283123 5.28060299903154 1.35600934177637 1.14289572834969 1.15130051970482 1.12777799367905 1.08774000406265 0.924723196774721 0.658144142478704 0.721026375889778 0.737595397979021 0.715980000793934 0.64045424759388 0.622032389044762 0.618063747882843 0.562673628330231 0.552358120679855 0.567026987671852 0.582835480570793 0.598833382129669 0.607731364667416 0.625302001833916 0.685427986085415 0.66031776368618 0.638291247189045 0.655759237706661 0.664937011897564 0.792998984456062 0.744198247790337 0.729981750249863 0.61455200612545 0.589795246720314 0.597202241420746
-9999 -9999 -9999 -9999 -9999 -9999 -9999 -9999 -9999 -9999 -9999 -9999 -9999 -9999 -9999 -9999 -9999 -9999 -9999 -9999 -9999 -9999 -9999 -9999 -9999 -9999 -9999 1.18186515569687 1.39763402938843 1.35056778788567 1.35162976384163 1.15235224366188 1.04736426472664 0.871317505836487 0.82872074842453 0.846211139112711 0.818218309432268 0.672535762190819 0.549782238900661 0.682197399437428 0.647740479558706 0.666580103337765 0.655538253486156 0.537993751466274 0.596508733928204 0.586984097957611 0.647518873214722 0.663978382945061 0.662770137190819 0.625666111707687 0.596585243940353 0.54144624620676 0.58815548568964 0.468162149190903 0.485165852308273 0.438485991954803 0.626042246818542 0.594389498233795 0.493066497147083 0.50935123860836 0.528825983405113
-9999 -9999 -9999 -9999 -9999 -9999 -9999 -9999 -9999 -9999 -9999 -9999 -9999 -9999 -9999 -9999 -9999 -9999 -9999 -9999 -9999 -9999 -9999 -9999 -9999 -9999 -9999 18.1138594150543 1.18644297122955 0.929625749588013 0.791268020868301 0.904708504676819 0.790638238191605 0.6450564712286 0.729451015591621 0.788759976625443 0.706033498048782 0.599914252758026 0.691939994692802 0.633406519889832 0.654628481715918 0.749038495123386 0.740682743489742 0.653244383633137 0.702910110354424 0.705614984035492 0.759874485433102 0.735644280910492 0.71061484515667 0.64971562474966 0.476825997233391 0.482911504805088 0.437442988157272 0.428105503320694 0.533736243844032 0.499940007925034 0.533855736255646 0.545317992568016 0.540257483720779 0.470592752099037 0.476577997207642
-9999 -9999 -9999 -9999 -9999 -9999 -9999 -9999 -9999 -9999 -9999 -9999 -9999 -9999 -9999 -9999 -9999 -9999 -9999 -9999 -9999 -9999 -9999 -9999 -9999 -9999 1.19121462106705 4.31945110360781 0.896277040243149 0.854201227426529 1.63928429782391 1.28090299665928 0.990324527025223 1.029415756464 0.9916912317276 1.06423763930798 1.05046125501394 0.924762770533562 0.9692642390728 0.951038986444473 0.946250781416893 0.853674501180649 0.885076984763145 0.65038724988699 0.71356650441885 0.785104483366013 0.695037737488747 0.671096250414848 0.59501588344574 0.454290494322777 0.431895241141319 0.437784492969513 0.427972003817558 0.413487240672112 0.480922237038612 0.450722754001617 0.457304507493973 0.474370241165161 0.469310730695724 0.44107249379158 0.392773494124413
-9999 -9999 -9999 -9999 -9999 -9999 -9999 -9999 -9999 -9999 -9999 -9999 -9999 -9999 -9999 -9999 -9999 -9999 -9999 -9999 -9999 -9999 -9999 -9999 -9999 -9999 1.77826993806022 1.53213723003864 1.31602833420038 0.831366777420044 1.04267963021994 1.6241400539875 1.54104130715132 1.04665987193584 1.0716245174408 0.688241004943848 1.08758173137903 0.94897024333477 0.976525768637657 0.949879229068756 0.789736717939377 0.806783512234688 0.788275510072708 0.836599975824356 0.896838501095772 0.9045619815588 0.687294527888298 0.500204242765903 0.42806701362133 0.480378746986389 0.457209259271622 0.420729763805866 0.410877741873264 0.413657996803522 0.28217850625515 0.502519011497498 0.471966758370399 0.413070499897003 0.385324493050575 0.364819496870041 0.351130746304989
-9999 -9999 -9999 -9999 -9999 -9999 -9999 -9999 -9999 -9999 -9999 -9999 -9999 -9999 -9999 -9999 -9999 -9999 -9999 -9999 -9999 -9999 -9999 -9999 -9999 1.31647038459778 1.06659024953842 0.973895452916622 0.577778488397598 1.04973600804806 1.07607378065586 1.10605198144913 1.13487674295902 1.08669599890709 1.07433561980724 0.739724636077881 0.900996014475822 0.858852736651897 0.905262738466263 0.801651492714882 0.820110008120537 0.815459221601486 0.785130262374878 0.827624514698982 0.864839479327202 0.848872497677803 0.521349370479584 0.530260127037764 0.5150276273489 0.427681881934404 0.494008257985115 0.464981988072395 0.478289991617203 0.592727842926979 0.284769365563989 0.509867548942566 0.428547233343124 0.629372586097036 0.361174002289772 0.373607762157917 0.348385252058506
-9999 -9999 -9999 -9999 -9999 -9999 -9999 -9999 -9999 -9999 -9999 -9999 -9999 -9999 -9999 -9999 -9999 -9999 -9999 -9999 -9999 -9999 -9999 -9999 1.50594073534012 2.43039996922016 1.75053450465202 1.10404597967863 1.00055851042271 1.00107899308205 1.01283860206604 1.0421801134944 1.07842312753201 1.00489649176598 0.9544882401824 0.958498142659664 0.860437497496605 0.945545732975006 0.99805623292923 1.01280675828457 1.06361174583435 0.939950257539749 0.809293136000633 0.724785380065441 0.72095775604248 0.745026022195816 0.713450223207474 0.605369254946709 0.606119766831398 0.523771017789841 0.523168236017227 0.506534248590469 0.485776737332344 0.482927486300468 0.469901993870735 0.445511490106583 0.438158512115479 0.284350000321865 0.265855997800827 0.290212500840425 0.33873325586319
-9999 -9999 -9999 -9999 -9999 -9999 -9999 -9999 -9999 -9999 -9999 -9999 -9999 -9999 -9999 -9999 -9999 -9999 -9999 -9999 -9999 -9999 -9999 2.68201439380646 3.56554426252842 2.5453168451786 1.22664841264486 0.83821402490139 0.816300258040428 1.0039574727416 0.874792858958244 0.727968260645866 0.744894742965698 0.629589356482029 0.693776741623878 0.850304767489433 0.966197267174721 1.02941247820854 1.18918305635452 1.2652253061533 1.15469726920128 1.08553500473499 0.987228736281395 0.918258368968964 0.958043217658997 0.791533753275871 0.761120766401291 0.617802739143372 0.658221244812012 0.593679249286652 0.616606250405312 0.548449516296387 0.520036995410919 0.497914001345634 0.485758244991302 0.466069996356964 0.45958699285984 0.452549755573273 0.428180739283562 0.40175949037075 0.419482737779617
-9999 -9999 -9999 -9999 -9999 -9999 -9999 -9999 -9999 -9999 -9999 -9999 -9999 -9999 -9999 -9999 -9999 -9999 -9999 -9999 -9999 2.64602583646774 2.19854724375322 4.12908120453358 3.35078090429306 2.9921021014452 1.99378721415997 1.31506897509098 0.826601281762123 1.00902338325977 0.712603479623795 0.739413216710091 0.672482490539551 0.758688367903233 0.795066744089127 0.798181489109993 0.770653769373894 0.827771738171577 1.03506849706173 1.19051901996136 1.25717604160309 1.35455587506294 1.14693412184715 0.99132151901722 0.877348870038986 0.810719013214111 0.821107745170593 0.667270243167877 0.623036742210388 0.58644600212574 0.427410744130611 0.366397500038147 0.590163737535477 0.534974753856659 0.484149232506752 0.468058988451958 0.662481993436813 0.449548110365868 0.586424238979816 0.496045000851154 0.441970743238926
-9999 -9999 -9999 -9999 -9999 -9999 -9999 -9999 -9999 -9999 -9999 -9999 -9999 -9999 -9999 -9999 -9999 -9999 -9999 -9999 -9999 2.32602484395393 2.28848783969879 3.05923520028591 0.886830031871796 1.09714675694704 0.956774979829788 0.798568740487099 0.737763240933418 0.755035251379013 0.834437772631645 0.821904003620148 0.75831301510334 0.832606732845306 0.815337225794792 0.731020510196686 0.728280737996101 0.999759763479233 0.957748889923096 1.000343978405 0.849706515669823 0.843943744897842 1.01547749340534 1.00513838231564 1.0396399050951 0.748253777623177 0.793939515948296 0.625434994697571 0.614163741469383 0.582367762923241 0.446737870573997 0.401776872575283 0.635908752679825 0.484983742237091 0.467373982071877 0.503258749842644 0.550260365009308 0.685480520129204 0.569664254784584 0.549713492393494 0.483873248100281
-9999 -9999 -9999 -9999 -9999 -9999 -9999 -9999 -9999 -9999 -9999 -9999 -9999 -9999 -9999 -9999 -9999 -9999 -9999 -9999 6.73939955234528 4.10893473029137 1.9327358007431 1.34179946780205 0.653307750821114 0.497249230742455 0.349297508597374 0.345138743519783 0.290777251124382 0.272799007594585 0.809582754969597 0.780821248888969 0.760822772979736 0.715926751494408 0.702671974897385 0.707100257277489 0.733770996332169 0.959972739219666 1.26070177555084 0.998769015073776 0.86335726082325 0.824585258960724 0.89606773853302 0.926272138953209 0.883271634578705 0.833571761846542 0.816131487488747 0.694467529654503 0.668648764491081 0.587243497371674 0.511527746915817 0.60767363011837 0.574707761406898 0.521155871450901 0.495056994259357 0.497808761894703 0.582750007510185 0.793603107333183 0.727377377450466 0.686748392879963 0.589094616472721
-9999 -9999 -9999 -9999 -9999 -9999 -9999 -9999 -9999 -9999 -9999 -9999 -9999 -9999 -9999 -9999 -9999 -9999 -9999 9.44488635063171 7.39181184768677 2.56261199712753 2.35041671991348 0.794738262891769 1.03319801390171 0.322946257889271 0.401447251439095 0.391748249530792 0.303481489419937 0.288588747382164 0.273834004998207 0.236525997519493 0.206083506345749 0.78675851225853 0.787602007389069 0.248987250030041 0.254268005490303 0.251707501709461 0.80622410774231 0.67467675358057 0.841089278459549 0.77225624024868 0.820248767733574 1.0079655200243 0.841731749475002 0.904212400317192 0.827846020460129 1.13828996568918 0.994722723960876 0.648053236305714 0.710035510361195 0.718744888901711 0.749706722795963 0.750177718698978 0.711094871163368 0.753804735839367 0.833247765898705 0.841899767518044 0.882111355662346 0.572114244103432 0.557850256562233
-9999 -9999 -9999 -9999 -9999 -9999 -9999 -9999 -9999 -9999 -9999 -9999 -9999 -9999 -9999 -9999 -9999 -9999 36.082459642708 17.5530288219452 9.93810796737671 9.42876148223877 2.58694723248482 1.89549632370472 0.316015496850014 0.32133299857378 0.350358746945858 0.329442746937275 0.308076739311218 0.311813995242119 0.283180497586727 0.245128490030766 0.234155260026455 0.248942993581295 0.253420494496822 0.247384496033192 0.240055494010448 0.245970748364925 0.69251661747694 0.746046259999275 0.710077509284019 0.695441514253616 0.597949504852295 0.62696048617363 1.21599254012108 0.815173014998436 0.188465997576714 1.08978721499443 0.968005269765854 0.85955348610878 0.771689258515835 0.673651143908501 1.38606787472963 1.26695215702057 1.03501275926828 1.00525760650635 1.01147436350584 0.656410753726959 0.662423744797707 0.442136630415916 0.46365675330162
-9999 -9999 -9999 -9999 -9999 -9999 -9999 -9999 -9999 -9999 -9999 -9999 -9999 -9999 -9999 -9999 -9999 -9999 -9999 -9999 2.36728996038437 7.71255218982697 1.32092210277915 0.90158099681139 0.827947854995728 0.290236495435238 0.32431349158287 0.310771510004997 0.310146756470203 0.335298009216785 0.30196125805378 0.252339743077755 0.251726254820824 0.252653248608112 0.861267268657684 0.899802267551422 0.921075493097305 0.22893375903368 0.903074264526367 0.810137778520584 0.765743747353554 0.740784272551537 0.752585753798485 0.223364241421223 0.212670005857944 0.217790991067886 0.239075995981693 0.849169492721558 0.773464143276215 0.716192990541458 1.27330549061298 1.01974348723888 1.06036877632141 0.974713526666164 0.997804149985313 0.959930643439293 0.957386992871761 0.946612492203712 0.632764250040054 0.595404997467995 0.513922765851021
-9999 -9999 -9999 -9999 -9999 -9999 -9999 -9999 -9999 -9999 -9999 -9999 -9999 -9999 -9999 -9999 37.7809963226318 4.20725548267365 22.5859070557814 10.5790114402771 47.4407597780228 4.48102471232414 1.22203839942813 0.986554149538279 0.276860989630222 0.293255992233753 0.250287741422653 0.246490493416786 0.293409749865532 0.342650257050991 1.10557499527931 0.983856752514839 1.06831672787666 1.03851348161697 0.883947759866714 0.87899224460125 0.885366007685661 0.893887758255005 0.900185257196426 0.639841128140688 0.825166523456573 0.530933629721403 0.256972499191761 0.257425501942635 0.254847005009651 0.268086008727551 0.272875495254993 0.284385748207569 0.901473522186279 0.896382719278336 0.733875028789043 0.387006744742393 1.01385001838207 0.876289024949074 0.812529250979424 0.916979521512985 0.84860734641552 0.85027988255024 0.812506511807442 0.830679997801781 0.54882900416851
-9999 -9999 -9999 -9999 -9999 -9999 -9999 -9999 -9999 -9999 -9999 35.2986888885498 35.2986888885498 13.7248649597168 28.1524305343628 6.90481832027435 2.63054612874985 11.1425696499646 12.8858941197395 7.78664302825928 1.12214397266507 11.5865632742643 8.65991087257862 3.36668810248375 2.60689187049866 3.15212273597717 1.73318773508072 0.228437997400761 0.206534989178181 1.47051772475243 1.31667001545429 0.894998729228973 0.993980020284653 1.20698848366737 1.1910292506218 1.0562242269516 1.08595952391624 1.08963772654533 0.803477257490158 0.708250500261784 0.55315126106143 0.55155748128891 0.851006463170052 0.294750742614269 0.295228511095047 0.341024994850159 0.330901511013508 0.339261755347252 0.440884485840797 0.50441774725914 0.496451988816261 0.447338238358498 0.526826620101929 0.684881001710892 0.720474004745483 0.797415018081665 0.843222752213478 0.828836262226105 0.768986493349075 0.753190755844116 0.749992027878761
-9999 -9999 -9999 -9999 -9999 -9999 -9999 -9999 -9999 -9999 -9999 35.2986888885498 11.3948160409927 10.794118642807 3.29721744060516 4.20943007469177 2.78614447116852 2.51297553777695 8.37228704267932 2.89980206955777 19.2809407711029 4.20873665809631 9.16284502744675 10.6611812710762 3.62486177682877 2.6271325647831 0.210626989603043 0.214956007897854 0.209718748927116 0.317043006420135 1.24601854383945 0.442560747265816 1.01699363440275 1.44095402956009 1.21213987469673 1.2699701115489 1.6253204792738 1.48498120903969 1.05907204002142 1.00090008974075 0.743032492697239 0.627188231796026 1.01451224088669 1.12612497806549 1.16893422603607 0.353691749274731 0.341745749115944 1.08491599559784 0.525010496377945 0.583555519580841 0.575107499957085 0.560212880373001 0.591634131968021 0.68767985701561 0.615215763449669 0.648308485746384 0.725501477718353 0.796289995312691 0.716256245970726 0.664870753884315 0.676198497414589
-9999 -9999 -9999 -9999 -9999 -9999 -9999 -9999 -9999 -9999 -9999 -9999 -9999 4.52438875287771 31.2884864807129 4.95319411754608 51.5489575068156 -9999 -9999 -9999 -9999 -9999 -9999 7.43431091308594 14.5905416607857 20.8503348827362 3.51744736731052 5.35502472519875 2.76951205730438 2.19311752915382 1.85077500343323 1.24593898653984 1.24592128396034 1.25277897715569 1.44642245769501 1.55811476707458 1.49658924341202 1.2921245098114 1.15594100952148 1.37139704823494 1.35878768563271 0.985832624137402 0.862103261053562 0.926825221627951 0.906151123344898 0.871293369680643 0.81861712038517 0.763046644628048 0.672669745981693 0.84297202527523 0.642886996269226 0.479247383773327 0.475456483662128 0.527671113610268 0.553353995084763 0.593189507722855 0.727011770009995 0.750242739915848 0.661395743489265 0.545069992542267 0.555081516504288
-9999 -9999 -9999 -9999 -9999 -9999 -9999 -9999 -9999 -9999 -9999 -9999 -9999 -9999 16.6274771690369 16.6274771690369 16.6274771690369 -9999 -9999 -9999 -9999 -9999 -9999 4.94490551948547 4.94490551948547 4.94490551948547 0.308659605681896 20.0827910900116 5.88007938861847 4.93649011850357 2.84264594316483 1.57220995426178 1.28333827853203 1.31533101201057 1.28927576541901 1.35235500335693 1.40825247764587 1.13354995846748 0.977935254573822 0.842349708080292 1.0084320306778 0.988760262727737 0.995892494916916 1.3123254776001 1.26217174530029 0.919184625148773 0.9888034760952 0.912171274423599 0.743952751159668 0.69352850317955 0.590763986110687 0.541233241558075 0.322755753993988 0.488705515861511 0.499256744980812 0.514703005552292 0.535636514425278 0.594984754920006 0.661150246858597 0.546660751104355 0.467692002654076
-9999 -9999 -9999 -9999 -9999 -9999 -9999 -9999 -9999 -9999 -9999 -9999 -9999 -9999 -9999 -9999 -9999 -9999 -9999 -9999 -9999 -9999 -9999 -9999 -9999 -9999 -9999 2.39002570509911 6.97419197559357 11.8688186407089 11.5967364907265 8.25785392522812 1.74314695596695 1.30337977409363 1.22251552343369 1.25161951780319 1.25393328070641 1.12611699104309 0.906088262796402 0.717852026224136 0.630485236644745 0.651555746793747 0.662442773580551 0.337169989943504 0.326060995459557 0.307625256478786 0.355650745332241 0.41549026966095 0.612970262765884 0.563666984438896 0.435641258955002 0.360858745872974 0.374679744243622 0.372693747282028 0.354160510003567 0.354913495481014 0.365980491042137 0.385306522250175 0.419559001922607 0.357524245977402 0.343422755599022
-9999 -9999 -9999 -9999 -9999 -9999 -9999 -9999 -9999 -9999 -9999 -9999 -9999 -9999 -9999 -9999 -9999 -9999 -9999 -9999 -9999 -9999 -9999 -9999 -9999 -9999 -9999 -9999 3.68885657233252 17.5128494501114 23.0775525569916 19.9049346446991 1.05003672838211 0.984721541404724 1.41207328438759 1.25875973701477 1.19537174701691 1.18542975187302 1.09295451641083 0.619698755443096 0.591025233268738 0.562230497598648 0.535393744707108 0.332529008388519 0.307809747755527 0.346372492611408 0.344402991235256 0.376149013638496 0.486015737056732 0.522323995828629 0.468630015850067 0.422637730836868 0.374576255679131 0.348166510462761 0.343811251223087 0.351759754121304 0.362649746239185 0.38789476454258 0.394925996661186 0.380266517400742 0.328783504664898
