EcologicalScience/Bass/data/rs_data_bass/chl_282.asc
NCOLS 226 
NROWS 124 
XLLCORNER -9.41648524995501 
YLLCORNER 47.587301625531 
CELLSIZE 0.0833 
NODATA_value -9999 
[rows 0 to 26 of 124, columns 62 to 123 of 226]
-9999 -9999 -9999 -9999 -9999 -9999 -9999 -9999 -9999 -9999 -9999 -9999 -9999 -9999 -9999 -9999 -9999 -9999 -9999 -9999 -9999 -9999 -9999 -9999 -9999 -9999 -9999 -9999 -9999 -9999 -9999 -9999 -9999 -9999 -9999 -9999 -9999 -9999 -9999 -9999 -9999 -9999 -9999 -9999 -9999 -9999 -9999 -9999 -9999 -9999 -9999 -9999 -9999 -9999 -9999 -9999 -9999 -9999 -9999 -9999 -9999 -9999
-9999 -9999 -9999 -9999 -9999 -9999 -9999 -9999 -9999 -9999 -9999 -9999 -9999 -9999 -9999 -9999 -9999 -9999 -9999 -9999 -9999 -9999 -9999 -9999 -9999 -9999 -9999 -9999 -9999 -9999 -9999 -9999 -9999 -9999 -9999 -9999 -9999 -9999 -9999 -9999 -9999 -9999 -9999 -9999 -9999 -9999 -9999 -9999 -9999 -9999 -9999 -9999 -9999 -9999 -9999 -9999 -9999 -9999 -9999 -9999 -9999 -9999
-9999 -9999 -9999 -9999 -9999 -9999 -9999 -9999 -9999 -9999 -9999 -9999 -9999 -9999 -9999 -9999 -9999 -9999 -9999 -9999 -9999 -9999 -9999 -9999 -9999 -9999 -9999 -9999 -9999 -9999 -9999 -9999 -9999 -9999 -9999 -9999 -9999 -9999 -9999 -9999 -9999 -9999 -9999 -9999 -9999 -9999 -9999 -9999 -9999 -9999 -9999 -9999 -9999 -9999 -9999 -9999 -9999 -9999 -9999 -9999 -9999 -9999
-9999 -9999 -9999 -9999 -9999 -9999 -9999 -9999 -9999 -9999 -9999 -9999 -9999 -9999 -9999 -9999 -9999 -9999 -9999 -9999 -9999 -9999 -9999 -9999 -9999 -9999 -9999 -9999 -9999 -9999 -9999 -9999 -9999 -9999 -9999 -9999 -9999 -9999 -9999 -9999 -9999 -9999 -9999 -9999 -9999 -9999 -9999 -9999 -9999 -9999 -9999 -9999 -9999 -9999 -9999 -9999 -9999 -9999 -9999 -9999 -9999 -9999
-9999 -9999 -9999 -9999 -9999 -9999 -9999 -9999 -9999 -9999 -9999 -9999 -9999 -9999 -9999 -9999 -9999 -9999 -9999 -9999 -9999 -9999 -9999 -9999 -9999 -9999 -9999 -9999 -9999 -9999 -9999 -9999 -9999 -9999 -9999 -9999 -9999 -9999 -9999 -9999 -9999 -9999 -9999 -9999 -9999 -9999 -9999 -9999 -9999 -9999 -9999 -9999 -9999 -9999 -9999 -9999 -9999 -9999 -9999 -9999 -9999 -9999
-9999 -9999 -9999 -9999 -9999 -9999 -9999 -9999 -9999 -9999 -9999 -9999 -9999 -9999 -9999 -9999 -9999 -9999 -9999 -9999 -9999 -9999 -9999 -9999 -9999 -9999 -9999 -9999 0.63735419511795 1.09880117104001 0.913180823127429 1.09958715736866 0.749166605373224 0.802771118779977 0.667514649530252 0.747503126660983 0.758278605838617 0.77599756916364 0.756756010154883 0.706744367256761 0.72605733666569 0.682503267246134 0.648958400823176 0.697071194648743 0.500989841918151 0.482426936427752 0.483914027611415 0.559267987807592 0.592712767422199 0.600600336988767 0.593572843819857 0.601952355355024 0.614476058632135 0.631217939158281 0.696231685578823 0.569017129639784 0.52794661745429 0.658862786857705 0.566441322366397 0.601611515409068 0.578583376972299 0.560333796237644
-9999 -9999 -9999 -9999 -9999 -9999 -9999 -9999 -9999 -9999 -9999 -9999 -9999 -9999 -9999 -9999 -9999 -9999 -9999 -9999 -9999 -9999 -9999 -9999 -9999 -9999 1.18186515569687 1.0627324283123 1.0808987827862 1.25050886472066 1.41896297037602 1.05347885688146 0.751045813163121 0.726920485496521 0.711429146428903 0.709694924453894 0.750847071409225 0.769326604902744 0.892865354816119 0.672319507335915 0.606586881858461 0.603533210232854 0.632778410799801 0.713205769658089 0.711429869135221 0.699559445182482 0.665664613246918 0.611949366827806 0.629664773742358 0.6159841020902 0.567397615050568 0.516537639002005 0.528327857454618 0.616419445527227 0.74143502429912 0.484732302526633 0.468546495625847 0.430944406427443 0.506067271618282 0.521510224131977 0.544436978797118 0.553934815029303
-9999 -9999 -9999 -9999 -9999 -9999 -9999 -9999 -9999 -9999 -9999 -9999 -9999 -9999 -9999 -9999 -9999 -9999 -9999 -9999 -9999 -9999 -9999 -9999 -9999 -9999 1.18186515569687 1.45378004014492 1.16031079783159 0.981582546935362 1.13413463532925 0.798612656692664 0.739778583248456 0.709490624566873 0.730995851258437 0.705898103614648 0.654814604012405 0.810982738931974 0.862090220053991 0.932089398304622 0.62378399512347 0.585023759480785 0.62109104018001 0.620014710461392 0.599181697210845 0.735522250334422 0.678394352396329 0.618296717604001 0.574391812086105 0.587370867530505 0.575405709445477 0.475332610309124 0.471606795986493 0.464447692036629 0.490202039480209 0.500598085423311 0.494709938764572 0.492515676654875 0.510984722524881 0.504576115923769 0.511088022341331 0.580160671158841
-9999 -9999 -9999 -9999 -9999 -9999 -9999 -9999 -9999 -9999 -9999 -9999 -9999 -9999 -9999 -9999 -9999 -9999 -9999 -9999 -9999 -9999 -9999 -9999 -9999 -9999 1.7192308952411 1.50771569833159 1.10456201992929 0.984474122524261 0.929260186851025 0.885686164100965 0.841826232771079 0.713318864504496 0.762960406641165 0.714111449817816 0.652182847261429 0.958126808467664 0.745904977384366 0.689699312051137 0.672127567231655 0.692917034029961 0.674667872488499 0.568387910285417 0.565257504582405 0.613942020817807 0.558668891588847 0.541169747710228 0.523886104424795 0.500889311234156 0.448121239741643 0.403797114888827 0.403645257155101 0.470735594630241 0.471812951068083 0.469766885042191 0.484465159475803 0.501678435131907 0.481516599655151 0.498428478837013 0.621499128639698 0.551280910770098
-9999 -9999 -9999 -9999 -9999 -9999 -9999 -9999 -9999 -9999 -9999 -9999 -9999 -9999 -9999 -9999 -9999 -9999 -9999 -9999 -9999 -9999 -9999 -9999 -9999 1.19121462106705 1.93941646814346 1.16672881878912 0.995862260460854 0.889110155403614 0.884606942534447 0.862661870817343 0.86107159758869 0.755381875916531 0.63241289320745 0.631278557082017 0.63656672090292 0.579129248857498 0.809276616887042 0.758519834593723 0.722010061144829 0.666237706939379 0.64140634983778 0.680786229277912 0.507969078918298 0.618073761463165 0.577249881468321 0.522661700060493 0.472009681165218 0.396243844181299 0.433728255331516 0.543460416950678 0.556576708429738 0.551673760308939 0.434878670610487 0.458492321272691 0.484041097263495 0.496247420708338 0.531177659119878 0.505536671195711 0.471413616623197 0.513399531736093
-9999 -9999 -9999 -9999 -9999 -9999 -9999 -9999 -9999 -9999 -9999 -9999 -9999 -9999 -9999 -9999 -9999 -9999 -9999 -9999 -9999 -9999 -9999 -9999 -9999 1.76882292330265 1.57056857272983 1.17054870352149 1.12715439498425 0.993986051748781 0.981939537450671 0.930495197574298 0.843660524662803 0.799393851967419 0.676979438254708 0.62282653649648 0.530266272524993 0.530730466047923 0.443458728053991 0.604231617168376 0.476114096740882 0.437869297669214 0.442905468537527 0.505563338597615 0.508625323573748 0.468732975423336 0.561402386426926 0.437536902725697 0.487908224264781 0.495769406358401 0.482805130382379 0.476836800575256 0.418640670677026 0.393628560006618 0.511854879558086 0.463662243448198 0.452684263388316 0.491553468008836 0.421253766864538 0.421510860323906 0.478200020889441 0.546850664913654
-9999 -9999 -9999 -9999 -9999 -9999 -9999 -9999 -9999 -9999 -9999 -9999 -9999 -9999 -9999 -9999 -9999 -9999 -9999 -9999 -9999 -9999 -9999 -9999 1.31647038459778 1.62960128858685 1.58307966962457 1.37344614230096 1.24895571079105 1.31110927959283 1.22100915759802 1.14304620027542 0.986232255895933 0.86655115117045 0.768292715444284 0.591715283691883 0.500791115065416 0.456857981781165 0.425373707624043 0.386294921531397 0.437954041011193 0.432657979867038 0.439215652206365 0.491928726434708 0.465918011963367 0.463060813645522 0.452931972841422 0.442148371289174 0.605269989685008 0.522006325423717 0.487196596960227 0.494106729825338 0.493503801524639 0.465789822240671 0.46798870464166 0.470701637367408 0.457166410982609 0.315030751128991 0.499418575512735 0.488494326409541 0.493678398822483 0.369952463855346
-9999 -9999 -9999 -9999 -9999 -9999 -9999 -9999 -9999 -9999 -9999 -9999 -9999 -9999 -9999 -9999 -9999 -9999 -9999 -9999 -9999 -9999 -9999 1.50594073534012 1.15613414347172 1.16911216266453 1.13742348924279 1.052071435377 1.04953900538385 1.0481111506621 0.971516524751981 0.965509980916977 0.952639073133469 0.930996497472127 0.888236433267593 0.612746049960454 0.459985023473992 0.398028616957805 0.422196768224239 0.44551527996858 0.452271630366643 0.453134673337142 0.425278859979966 0.410970495027654 0.406134664135821 0.452284758289655 0.466833454867204 0.475048931936423 0.476692599554857 0.48655736943086 0.489113608996073 0.492169578870138 0.476220637559891 0.479950909813245 0.499325700104237 0.354749953668368 0.368182797642315 0.345045757644317 0.424335268636545 0.436063980062803 0.42279414832592 0.423173370460669
-9999 -9999 -9999 -9999 -9999 -9999 -9999 -9999 -9999 -9999 -9999 -9999 -9999 -9999 -9999 -9999 -9999 -9999 -9999 -9999 -9999 -9999 2.23763877153397 1.5500499419868 1.20187333412468 1.11579775437713 1.1118158698082 1.02978755626827 0.943983036093414 0.984064509471257 0.937216147780418 0.952183589339256 0.897460331519445 0.906313687562943 0.860037470857302 0.495781699524206 0.466470882296562 0.518135604759057 0.483910960455736 0.446350514888763 0.424352623522282 0.453279294073582 0.41088268949705 0.417929010356174 0.409415723646388 0.407431070418919 0.405134108136682 0.504759264489015 0.502826832234859 0.473352588713169 0.514454229881889 0.526507919033368 0.533122499783834 0.466279575053383 0.482586026629981 0.483236446538392 0.468322576845393 0.411905919366023 0.42568868705455 0.511490647730074 0.550850758949916 0.504621538676714
-9999 -9999 -9999 -9999 -9999 -9999 -9999 -9999 -9999 -9999 -9999 -9999 -9999 -9999 -9999 -9999 -9999 -9999 -9999 -9999 2.64602583646774 2.65309552045969 1.91124673783779 1.5220561735332 1.25653671473265 1.0871828297774 1.0276928938487 1.03340808959568 1.01357542164624 0.929670469835401 0.927411379292607 0.924117594957352 0.912336299816767 0.901807849605878 0.841511030991872 0.729215254386266 0.407755494117737 0.577454969286919 0.578584236403306 0.50627183607396 0.402786625658765 0.38385991489186 0.426164165139198 0.501894429326057 0.49234322984429 0.476302193368182 0.590242356061935 0.646461073505251 0.515394938488801 0.488689589003722 0.539828708297328 0.53599824089753 0.539321163767263 0.548640395204226 0.509772678946748 0.45143029400531 0.581011178738931 0.51215797662735 0.50422030774986 0.606037055452665 0.631559612850348 0.590812372533899
-9999 -9999 -9999 -9999 -9999 -9999 -9999 -9999 -9999 -9999 -9999 -9999 -9999 -9999 -9999 -9999 -9999 -9999 -9999 -9999 2.23823906497786 1.71425747871399 1.48219577529851 1.33516483381391 1.25203551538289 1.15835814736784 1.04585495415856 1.00737222064944 0.975181946530938 0.976443411782384 0.915360582992435 0.904548967257142 0.815110757946968 0.820521454016368 0.796781554818153 0.794765676061312 0.769827976822853 0.727612845599651 0.695349656045437 0.569095304922054 0.411108965382856 0.414397706588109 0.548719777088416 0.556859015634185 0.556847592717723 0.561634015880133 0.399482980370522 0.424223229289055 0.562457839647929 0.56580579529206 0.534973110023298 0.532473620772362 0.536727914214134 0.621751347654744 0.731951639056206 0.517592820525169 0.422592748613918 0.539946106426856 0.551151451311613 0.376237900633561 0.805302628449031 0.36624900251627
-9999 -9999 -9999 -9999 -9999 -9999 -9999 -9999 -9999 -9999 -9999 -9999 -9999 -9999 -9999 -9999 -9999 -9999 -9999 3.11557255472456 1.9995385967195 1.6848212108016 1.40598716586828 1.39197986572981 1.36481092125177 1.22032049484551 1.18838507495821 0.992871354607975 1.05268346518278 0.969311840393964 0.835310459136963 0.835098922252655 0.821467339992523 0.80154275894165 0.784517899155617 0.789022882779439 0.430994242429733 0.647026007374128 0.53544578452905 0.563236591063048 0.555460017762686 0.305555757880211 0.322240096330643 0.359139540791512 0.383481141924858 0.424459343155225 0.40982848405838 0.40972875058651 0.555647850036621 0.408519744873047 0.411680996417999 0.68191202878952 0.615709681259958 1.09360990524292 0.659642249345779 0.477854552865028 0.501503892242908 0.539140629768372 0.50951140075922 0.569011902809143 0.550370794534683 0.37763249874115
-9999 -9999 -9999 -9999 -9999 -9999 -9999 -9999 -9999 -9999 -9999 -9999 -9999 -9999 -9999 -9999 -9999 -9999 3.77303818613291 2.88011917099357 2.21919625997543 1.84759524464607 1.57315432280302 1.41622389480472 1.22499139420688 1.18041810393333 1.08325283043087 1.02488297749968 1.32857556641102 0.849748957683058 0.835331161816915 0.773618991176287 0.735463726023833 0.768528074026108 0.731453073521455 0.664014212787151 0.70858309417963 0.477554547290007 0.442078312238057 0.526082636788487 0.355734893679619 0.378135851025581 0.371506255865097 0.425112751622995 0.400535584737857 0.57297246158123 1.04661554949624 1.1027937574046 0.435433521866798 0.427548006176949 0.452509563220175 0.483303424436599 0.418298264499754 0.423530590720475 0.420959192017714 0.401053784787655 0.432678416371346 0.563332411646843 0.551262658834457 0.322307243943214 0.330093741416931 0.631344856694341
-9999 -9999 -9999 -9999 -9999 -9999 -9999 -9999 -9999 -9999 -9999 -9999 -9999 -9999 -9999 -9999 -9999 25.540107622312 3.24929237365723 4.00704677402973 2.6506766192615 1.88640394806862 1.49511677026749 1.3320890609175 1.18719290569425 1.10647679306567 1.04705958813429 0.962417598813772 0.792053458445212 0.790467768907547 0.785159135858218 0.731284815598937 0.737605107327302 0.78614083925883 0.693036134044329 0.756992580697817 0.781159828106562 0.890040650963783 0.829734499255816 0.886724039912224 0.623519179721673 0.555264939864476 0.538204277555148 0.515024406345267 0.405862607061863 0.574462299284182 0.409857953588168 0.512877384529394 0.681010236342748 0.425902587175369 0.452634066343308 0.426681658625603 0.421206793189049 0.429412633180618 0.720926058292389 0.560492696861426 0.629179950803518 0.611753901466727 0.603450831770897 0.623109617829323 0.626030233502388 0.62007707043698
-9999 -9999 -9999 -9999 -9999 -9999 -9999 -9999 -9999 -9999 -9999 -9999 -9999 -9999 -9999 -9999 -9999 -9999 -9999 2.51367642482122 1.88851583003998 1.69394606351852 1.48757803067565 1.33455228433013 1.17562343738973 1.07211950607598 0.919054879861719 0.9262492309014 0.866708387931188 0.807908410827319 0.681647303349832 0.677650580511374 0.474060013890266 0.489140242338181 0.476787731051445 0.621253743767738 0.622617357655575 0.561568151179113 0.557426676938408 0.537820736044332 0.533454452690325 0.480198170332348 0.507503591477871 0.522372168799241 0.454373044272264 0.40391161541144 0.4212473432223 0.498697489500046 0.482610762119293 0.466031983494759 0.4939243465662 0.772555419802666 0.673998755216598 0.675822854042053 0.673379716277122 1.05942058563232 0.667327103018761 0.656771552562714 0.660065433382988 0.817769837379456 0.278488500153317 0.560597525909543
-9999 -9999 -9999 -9999 -9999 -9999 -9999 -9999 -9999 -9999 -9999 -9999 -9999 -9999 -9999 2.4337050318718 2.58639299869537 2.7421634448202 2.48619675636292 2.19045603275299 1.88023352622986 1.63766026496887 1.31061185337603 1.23108530603349 1.0120873209089 0.985407382249832 0.872452129920324 0.960841124256452 0.766779753069083 0.72917332748572 0.727210765083631 0.470819234848022 0.45407398045063 0.44956049323082 0.393439516425133 0.645283423756298 0.626479082201656 0.587241117107241 0.715149745345116 0.680788514514764 0.604791479185224 0.504749581217766 0.549413664266467 0.68254150946935 0.838695439199607 0.903452516533434 0.854109632782638 0.237900139216114 0.49506077170372 0.48470775783062 0.457892999053001 0.288219002385934 0.624910277979715 0.578281609341502 0.554881017655134 0.616351570934057 0.623501798138022 0.717418360710144 0.836388486623764 0.295700244605541 0.760580000281334 0.872690240386873
-9999 -9999 -9999 -9999 -9999 -9999 -9999 -9999 -9999 -9999 35.2986888885498 35.2986888885498 13.7248649597168 3.85622383247722 3.18581456243992 2.41118466854095 2.17504870891571 2.25270599126816 2.35997325181961 2.49403882026672 1.91177183389664 1.69332450628281 1.54731291532516 0.949366416782141 0.886220597168978 0.838118276175331 0.828111961483955 0.777367645874619 0.710616396630512 0.636479392647743 0.648272147950004 0.398840993642807 0.443080499768257 0.434753984212875 0.354871496558189 0.64477595451631 0.623570977072967 0.618097249614565 0.589475161935154 0.575985866941904 0.52286105296191 0.737644205490748 0.426005244255066 0.643557521204154 0.557953201700002 0.42348951799795 0.300850968807936 0.51647026924526 0.496671751141548 0.487466230988503 0.313659494121869 0.317030093322198 0.426223486661911 0.396934479475021 0.309552758932114 0.338536357879639 0.685276339451472 0.638216604789098 0.369118496775627 0.34748849272728 0.345943495631218 0.507622626774451
-9999 -9999 -9999 -9999 -9999 -9999 -9999 -9999 -9999 -9999 35.2986888885498 5.25210789839427 5.32487451036771 7.0732084162095 3.41928539778057 3.33359802396674 3.56581104885448 3.63996129286917 5.13514446651581 3.51650301299312 1.66054433584213 1.54620230197906 1.43529671430588 1.01857271790504 0.894242227077484 0.823132446035743 0.836899084970355 0.583132490515709 0.477771744132042 0.716946898028255 0.875536033335854 0.915063594516955 0.772258832174189 0.796102417927039 0.695629129284307 0.583282932639122 0.571524746716022 0.671729296445847 0.5482267588377 0.52327872812748 0.517878010869026 0.532318487763405 0.572399725255213 0.57407472008153 0.578638941049576 0.855531240764417 0.818057703344445 0.537815696314762 0.476465240120888 0.497479498386383 0.484149008989334 0.49286100268364 0.470857501029968 0.446778014302254 0.420929253101349 0.334090501070023 0.255757663398981 0.244473378639668 0.53971871295396 0.323669247329235 0.315857246518135 0.361856720410287
-9999 -9999 -9999 -9999 -9999 -9999 -9999 -9999 -9999 -9999 -9999 -9999 6.64514049101662 3.8703396320343 3.88525438936133 4.61839407140558 -9999 -9999 -9999 -9999 -9999 -9999 1.17046871781349 1.13145598769188 1.16461202502251 0.997558504343033 0.999164655804634 0.861054173670709 0.77916176430881 0.733306582085788 0.580772995948792 0.563081234693527 0.955000619677936 0.927684300824215 0.740865478912989 0.693555563688278 0.507798761129379 0.515042245388031 0.538793250918388 0.554302498698235 0.535217240452766 0.569732263684273 0.657226126444967 0.612190001889279 0.511256977915764 0.530529007315636 0.536378994584084 0.518581509590149 0.526815757155418 0.535194754600525 0.526119768619537 0.504523515701294 0.433335766196251 0.402980268001556 0.411551003654798 0.313930504024029 0.322389006614685 0.728563264477998 0.766913859467757 0.812096338523062 0.92765201079218 0.882368266582489
-9999 -9999 -9999 -9999 -9999 -9999 -9999 -9999 -9999 -9999 -9999 -9999 -9999 16.6274771690369 16.6274771690369 16.6274771690369 -9999 -9999 -9999 -9999 -9999 -9999 4.94490551948547 4.94490551948547 4.94490551948547 0.308659605681896 1.55798970075215 1.32442837581038 1.13541473097661 0.671338498592377 1.2668377318803 1.22216728154351 1.15629047681304 0.728684261441231 1.07259044521733 0.822017624974251 0.427949979901314 0.402976512908936 0.773262601564912 0.621991485357285 0.651713266968727 0.623603984713554 0.582464978098869 0.595485001802444 0.582570746541023 0.585491269826889 0.547658979892731 0.433330498635769 0.401554049303134 0.409836462388436 0.533076748251915 0.520799249410629 0.483870729804039 0.431051999330521 0.421268239617348 0.347116576213586 0.292258501052856 0.300956248452789 0.271211661631241 0.813218777116976 0.933062220161611 0.56953726708889
-9999 -9999 -9999 -9999 -9999 -9999 -9999 -9999 -9999 -9999 -9999 -9999 -9999 -9999 -9999 -9999 -9999 -9999 -9999 -9999 -9999 -9999 -9999 -9999 -9999 -9999 2.97173511668255 1.54754634201527 1.29689952731132 2.10363959038959 1.66390532781096 1.43396870003027 1.3463601908263 1.25442351663814 1.15488830734702 0.998818043400259 0.930693057022597 0.281548786908388 0.326456777751446 0.689489990472794 0.709529265761375 0.702614977955818 0.671218514442444 0.661392018198967 0.678270757198334 0.66890175640583 0.706769227981567 0.542111992835999 0.53370375931263 0.533003255724907 0.526731759309769 0.502488747239113 0.501215234398842 0.439670249819756 0.452490761876106 0.326095358468592 0.314413962420076 0.480304247754462 0.459819393122897 0.525131607055664 0.32039549946785 0.332583747804165
-9999 -9999 -9999 -9999 -9999 -9999 -9999 -9999 -9999 -9999 -9999 -9999 -9999 -9999 -9999 -9999 -9999 -9999 -9999 -9999 -9999 -9999 -9999 -9999 -9999 -9999 -9999 3.93497796853383 3.49194353818893 2.83208477497101 2.4148252360961 2.24665266902823 1.76269714037577 0.50738699734211 1.19884789340636 0.954109992831945 1.01764271133824 0.780621707439423 0.676890760660172 0.596132263541222 0.581212520599365 0.584956482052803 0.752634733915329 0.713334739208221 0.813384711742401 0.544418984558433 0.535466536413878 0.59103074669838 0.580480501055717 0.533000260591507 0.526316240429878 0.511916264891624 0.36624750494957 0.351804010570049 0.359057240188122 0.366825744509697 0.475874905474484 0.489144767908489 0.490710405142684 0.528347709774971 0.302013002336025 0.283776752650738
