EcologicalScience/Bass/data/rs_data_bass/chl_533.asc
NCOLS 226 
NROWS 124 
XLLCORNER -9.41648524995501 
YLLCORNER 47.587301625531 
CELLSIZE 0.0833 
NODATA_value -9999 
[rows 0 to 26 of 124, columns 61 to 121 of 226]
-9999 -9999 -9999 -9999 -9999 -9999 -9999 -9999 -9999 -9999 -9999 -9999 -9999 -9999 -9999 -9999 -9999 -9999 -9999 -9999 -9999 -9999 -9999 -9999 -9999 -9999 -9999 -9999 -9999 -9999 -9999 -9999 -9999 -9999 -9999 -9999 -9999 -9999 -9999 -9999 -9999 -9999 -9999 -9999 -9999 -9999 -9999 -9999 -9999 -9999 -9999 -9999 -9999 -9999 -9999 -9999 -9999 -9999 -9999 -9999 -9999
-9999 -9999 -9999 -9999 -9999 -9999 -9999 -9999 -9999 -9999 -9999 -9999 -9999 -9999 -9999 -9999 -9999 -9999 -9999 -9999 -9999 -9999 -9999 -9999 -9999 -9999 -9999 -9999 -9999 -9999 -9999 -9999 -9999 -9999 -9999 -9999 -9999 -9999 -9999 -9999 -9999 -9999 -9999 -9999 -9999 -9999 -9999 -9999 -9999 -9999 -9999 -9999 -9999 -9999 -9999 -9999 -9999 -9999 -9999 -9999 -9999
-9999 -9999 -9999 -9999 -9999 -9999 -9999 -9999 -9999 -9999 -9999 -9999 -9999 -9999 -9999 -9999 -9999 -9999 -9999 -9999 -9999 -9999 -9999 -9999 -9999 -9999 -9999 -9999 -9999 -9999 -9999 -9999 -9999 -9999 -9999 -9999 -9999 -9999 -9999 -9999 -9999 -9999 -9999 -9999 -9999 -9999 -9999 -9999 -9999 -9999 -9999 -9999 -9999 -9999 -9999 -9999 -9999 -9999 -9999 -9999 -9999
-9999 -9999 -9999 -9999 -9999 -9999 -9999 -9999 -9999 -9999 -9999 -9999 -9999 -9999 -9999 -9999 -9999 -9999 -9999 -9999 -9999 -9999 -9999 -9999 -9999 -9999 -9999 -9999 -9999 -9999 -9999 -9999 -9999 -9999 -9999 -9999 -9999 -9999 -9999 -9999 -9999 -9999 -9999 -9999 -9999 -9999 -9999 -9999 -9999 -9999 -9999 -9999 -9999 -9999 -9999 -9999 -9999 -9999 -9999 -9999 -9999
-9999 -9999 -9999 -9999 -9999 -9999 -9999 -9999 -9999 -9999 -9999 -9999 -9999 -9999 -9999 -9999 -9999 -9999 -9999 -9999 -9999 -9999 -9999 -9999 -9999 -9999 -9999 -9999 -9999 -9999 -9999 -9999 -9999 -9999 -9999 -9999 -9999 -9999 -9999 -9999 -9999 -9999 -9999 -9999 -9999 -9999 -9999 -9999 -9999 -9999 -9999 -9999 -9999 -9999 -9999 -9999 -9999 -9999 -9999 -9999 -9999
-9999 -9999 -9999 -9999 -9999 -9999 -9999 -9999 -9999 -9999 -9999 -9999 -9999 -9999 -9999 -9999 -9999 -9999 -9999 -9999 -9999 -9999 -9999 -9999 -9999 -9999 -9999 -9999 -9999 0.63735419511795 2.14761435985565 1.83553969860077 1.45931732654572 1.35980156064034 1.4288045167923 1.32317081093788 1.13562226295471 1.1162044107914 1.11362412571907 1.09861725568771 1.11018785834312 1.12094557285309 1.1008352637291 1.12487143278122 1.09017384052277 0.959060221910477 0.910921990871429 0.917803913354874 0.893852323293686 0.89419412612915 0.905525386333466 0.919385522603989 0.941954433917999 0.916082829236984 0.913248181343079 0.938244044780731 0.901649683713913 0.832010686397552 0.74531726539135 0.764458179473877 0.733128100633621
-9999 -9999 -9999 -9999 -9999 -9999 -9999 -9999 -9999 -9999 -9999 -9999 -9999 -9999 -9999 -9999 -9999 -9999 -9999 -9999 -9999 -9999 -9999 -9999 -9999 -9999 -9999 1.18186515569687 1.0627324283123 3.84416055679321 2.69515782594681 1.69781613349915 1.31375035643578 1.30904880166054 1.398890376091 1.33831590414047 1.17296487092972 1.1115226149559 1.1364968419075 1.13695576786995 1.23425102233887 1.26902416348457 1.23884627223015 1.20899507403374 1.18571242690086 1.15632444620132 1.07986333966255 1.04143702983856 0.998222082853317 0.898210555315018 0.866792321205139 0.884539067745209 0.867890596389771 0.84337055683136 0.836032748222351 0.848493754863739 0.796699315309525 0.654674738645554 0.645200327038765 0.677267521619797 0.681296199560165
-9999 -9999 -9999 -9999 -9999 -9999 -9999 -9999 -9999 -9999 -9999 -9999 -9999 -9999 -9999 -9999 -9999 -9999 -9999 -9999 -9999 -9999 -9999 -9999 -9999 -9999 -9999 1.18186515569687 2.98456340432167 1.88599119186401 1.411869764328 1.20478230714798 1.17925295233727 1.18720284104347 1.15742513537407 1.12393319606781 1.12885236740112 1.16740509867668 1.18534916639328 1.19065591692924 1.17603939771652 1.01554638147354 0.992302358150482 1.05734986066818 1.04882249236107 1.03594923019409 1.03528475761414 0.9939204454422 0.932067543268204 0.878585189580917 0.827137738466263 0.826441884040833 0.811990231275558 0.744038790464401 0.635971650481224 0.576614633202553 0.514575809240341 0.46747899055481 0.554862096905708 0.610591694712639 0.628812924027443
-9999 -9999 -9999 -9999 -9999 -9999 -9999 -9999 -9999 -9999 -9999 -9999 -9999 -9999 -9999 -9999 -9999 -9999 -9999 -9999 -9999 -9999 -9999 -9999 -9999 -9999 -9999 5.03305991739035 2.56077897548676 1.81084156036377 1.42838743329048 1.38886713981628 1.21461805701256 1.16365170478821 1.27233794331551 1.05530154705048 1.01031124591827 1.04784259200096 1.05531039834023 1.18988227844238 1.36624896526337 1.32276526093483 1.07283934950829 0.954831093549728 0.895198702812195 0.87779974937439 0.880886256694794 0.836216390132904 0.819634169340134 0.777159780263901 0.71050089597702 0.646783590316772 0.598864316940308 0.572612598538399 0.490626811981201 0.41365747153759 0.404113098978996 0.407112523913383 0.413364574313164 0.382885247468948 0.397997260093689
-9999 -9999 -9999 -9999 -9999 -9999 -9999 -9999 -9999 -9999 -9999 -9999 -9999 -9999 -9999 -9999 -9999 -9999 -9999 -9999 -9999 -9999 -9999 -9999 -9999 -9999 1.19121462106705 1.95455419165748 0.852962583303452 1.05942544341087 1.57377934455872 1.63325446844101 1.61057424545288 1.04069142043591 0.652034282684326 0.933539360761642 1.08650824427605 1.02204278111458 1.01935243606567 1.41006848216057 1.59070175886154 1.41086581349373 1.2554843723774 0.875896543264389 0.711009308695793 0.72094801068306 0.752720206975937 0.712571382522583 0.667552649974823 0.625958830118179 0.553526490926743 0.478003218770027 0.455539047718048 0.451908364892006 0.421734720468521 0.372919410467148 0.355556890368462 0.350482396781445 0.352993659675121 0.350667379796505 0.336283721029758
-9999 -9999 -9999 -9999 -9999 -9999 -9999 -9999 -9999 -9999 -9999 -9999 -9999 -9999 -9999 -9999 -9999 -9999 -9999 -9999 -9999 -9999 -9999 -9999 -9999 -9999 5.87815582752228 1.50297953188419 1.0748707652092 1.12276804447174 1.36868700385094 1.37426680326462 1.18013709783554 1.20610217750072 0.628462940454483 0.628462940454483 0.848561257123947 0.823191225528717 0.816935867071152 0.947669953107834 1.20223098993301 0.962530016899109 0.742362856864929 0.661617949604988 0.613347038626671 0.587547585368156 0.548022866249084 0.509116530418396 0.495603740215302 0.464106246829033 0.448356807231903 0.444886073470116 0.453963741660118 0.456875503063202 0.461586266756058 0.457242786884308 0.421888366341591 0.386033087968826 0.364355631172657 0.376094341278076 0.367982000112534
-9999 -9999 -9999 -9999 -9999 -9999 -9999 -9999 -9999 -9999 -9999 -9999 -9999 -9999 -9999 -9999 -9999 -9999 -9999 -9999 -9999 -9999 -9999 -9999 -9999 1.31647038459778 3.6320803463459 1.03794655948877 0.878572873771191 1.18697994947433 1.14000409841537 1.19896772503853 1.11902895569801 0.971619307994843 0.899588048458099 0.762195825576782 0.66834282875061 0.911170452833176 0.451023414731026 0.564838260412216 0.654015898704529 0.736842110753059 0.718542248010635 0.681267991662025 0.565621912479401 0.501696914434433 0.480304285883904 0.471578165888786 0.47902125120163 0.49941149353981 0.483999878168106 0.459910601377487 0.431972935795784 0.423302739858627 0.453759670257568 0.514281302690506 0.523654729127884 0.453123360872269 0.392848894000053 0.380973324179649 0.371239632368088
-9999 -9999 -9999 -9999 -9999 -9999 -9999 -9999 -9999 -9999 -9999 -9999 -9999 -9999 -9999 -9999 -9999 -9999 -9999 -9999 -9999 -9999 -9999 -9999 1.50594073534012 2.56117585301399 2.21526351571083 1.35492807626724 1.41007921099663 1.23314961791039 1.09209403395653 1.07303953170776 1.06708663702011 1.00470167398453 0.945176124572754 0.849157959222794 0.708013460040092 0.643405884504318 0.569154560565948 0.529484108090401 0.521558985114098 0.653723314404488 0.676840648055077 0.652388289570808 0.624870389699936 0.577020406723022 0.546286225318909 0.54128260910511 0.541202634572983 0.529513522982597 0.483753472566605 0.470838367938995 0.462431609630585 0.49828340113163 0.549415424466133 0.653981924057007 0.602461114525795 0.516629487276077 0.447667524218559 0.428028523921967 0.406002670526505
-9999 -9999 -9999 -9999 -9999 -9999 -9999 -9999 -9999 -9999 -9999 -9999 -9999 -9999 -9999 -9999 -9999 -9999 -9999 -9999 -9999 -9999 -9999 4.22494876384735 4.22494876384735 1.05121770501137 1.08568301796913 1.12935546040535 1.17655384540558 1.3190969824791 1.32600045204163 1.29547190666199 1.06939503550529 0.944214195013046 0.881615102291107 0.815997719764709 0.606301099061966 0.58504843711853 0.489190757274628 0.462787762284279 0.467018589377403 0.524499043822289 0.583391457796097 0.59343458712101 0.595414638519287 0.603668019175529 0.542169257998466 0.539118424057961 0.522125378251076 0.528261780738831 0.530180409550667 0.545448660850525 0.549512878060341 0.558717325329781 0.585873752832413 0.56596639752388 0.502402514219284 0.497278153896332 0.430792674422264 0.407516062259674 0.371030576527119
-9999 -9999 -9999 -9999 -9999 -9999 -9999 -9999 -9999 -9999 -9999 -9999 -9999 -9999 -9999 -9999 -9999 -9999 -9999 -9999 -9999 2.64602583646774 2.99313636124134 1.88012856245041 1.72858643531799 1.35873305797577 1.16342747211456 0.9931880235672 0.882240861654282 0.857701778411865 1.00385963916779 0.931618273258209 0.92417898774147 0.819273769855499 0.75344055891037 0.724741369485855 0.617861151695251 0.535059258341789 0.477693200111389 0.455098271369934 0.467412561178207 0.475143268704414 0.481352850794792 0.498100966215134 0.535775274038315 0.548512548208237 0.52502828836441 0.505674406886101 0.466681256890297 0.455861404538155 0.474049508571625 0.502973556518555 0.481331259012222 0.480629682540894 0.48628793656826 0.480173885822296 0.435311168432236 0.420602113008499 0.448950380086899 0.451282829046249 0.398511573672295
-9999 -9999 -9999 -9999 -9999 -9999 -9999 -9999 -9999 -9999 -9999 -9999 -9999 -9999 -9999 -9999 -9999 -9999 -9999 -9999 -9999 2.42817556858063 1.35296389460564 1.28355556726456 1.06097012758255 0.873778939247131 0.742620304226875 0.62091962993145 0.623069062829018 0.702469691634178 0.746722832322121 0.761077433824539 0.730985283851624 0.735989257693291 0.702082604169846 0.676692277193069 0.644938990473747 0.540095999836922 0.489633768796921 0.490253448486328 0.46761828660965 0.465082615613937 0.457392901182175 0.455973878502846 0.452714413404465 0.465837344527245 0.467769518494606 0.477719977498055 0.48395673930645 0.448070615530014 0.431564703583717 0.419413760304451 0.417435899376869 0.423269838094711 0.423523619771004 0.42192479968071 0.397168546915054 0.380944669246674 0.390815064311028 0.398694589734077 0.37108102440834
-9999 -9999 -9999 -9999 -9999 -9999 -9999 -9999 -9999 -9999 -9999 -9999 -9999 -9999 -9999 -9999 -9999 -9999 -9999 -9999 2.81635687606675 1.98085912636348 1.18936774134636 1.31655353307724 1.05292385816574 0.702392667531967 0.570325523614883 0.533402726054192 0.570181265473366 0.583654493093491 0.562700092792511 0.590167164802551 0.630653545260429 0.702002003788948 0.61894579231739 0.564948186278343 0.548542812466621 0.502097994089127 0.467093601822853 0.474744379520416 0.474350318312645 0.462847486138344 0.4427250623703 0.451331555843353 0.428730368614197 0.440455377101898 0.411030694842339 0.410818934440613 0.400225952267647 0.379124388098717 0.394881427288055 0.432320192456245 0.436110690236092 0.431179985404015 0.424150764942169 0.385538041591644 0.358368918299675 0.354223676025867 0.354883342981339 0.365427576005459 0.3648991137743
-9999 -9999 -9999 -9999 -9999 -9999 -9999 -9999 -9999 -9999 -9999 -9999 -9999 -9999 -9999 -9999 -9999 -9999 10.6258488446474 2.48863917589188 2.44473963975906 2.11357802152634 1.57788330316544 1.34862416982651 1.18103384971619 0.927423655986786 0.655613020062447 0.542573779821396 0.545378655195236 0.542875751852989 0.535858243703842 0.533860623836517 0.540212139487267 0.559431239962578 0.574662029743195 0.542432829737663 0.482570931315422 0.460102424025536 0.475312829017639 0.510014846920967 0.493364721536636 0.463865205645561 0.446767643094063 0.433735951781273 0.427175313234329 0.422974079847336 0.408987432718277 0.397772446274757 0.382188633084297 0.384067833423615 0.389825642108917 0.42621374130249 0.466300427913666 0.454174026846886 0.39616034924984 0.34002048522234 0.31909941136837 0.301916889846325 0.281680963933468 0.29792994260788 0.345146745443344
-9999 -9999 -9999 -9999 -9999 -9999 -9999 -9999 -9999 -9999 -9999 -9999 -9999 -9999 -9999 -9999 -9999 -9999 9.77382901310921 13.3037338256836 17.0377941131592 1.22027179598808 1.25370079278946 1.32845503091812 1.08580881357193 0.8587526679039 0.690856844186783 0.567604020237923 0.547602027654648 0.53168848156929 0.525145322084427 0.53828139603138 0.542092502117157 0.514045670628548 0.49440810084343 0.465380027890205 0.41997067630291 0.427153497934341 0.459254801273346 0.475492045283318 0.46365550160408 0.447096481919289 0.411204591393471 0.410175159573555 0.3987647742033 0.405995339155197 0.402777761220932 0.404707208275795 0.389851167798042 0.380395039916039 0.361902862787247 0.338357985019684 0.483351498842239 0.449728332459927 0.429849497973919 0.299314275383949 0.2916479408741 0.286751233041286 0.289589837193489 0.296942934393883 0.322803709656
-9999 -9999 -9999 -9999 -9999 -9999 -9999 -9999 -9999 -9999 -9999 -9999 -9999 -9999 -9999 -9999 -9999 -9999 -9999 -9999 4.00848299264908 3.25389856100082 1.98818676173687 2.43522450327873 0.632230460643768 0.606541469693184 0.516235917806625 0.53105565905571 0.533979445695877 0.517365843057632 0.517104551196098 0.653615020215511 0.529446691274643 0.553009763360023 0.623560018837452 0.645857982337475 0.394013330340385 0.407166793942451 0.403564721345901 0.389863058924675 0.397304311394691 0.422166556119919 0.417163789272308 0.387039810419083 0.395416349172592 0.403779700398445 0.407842352986336 0.40915435552597 0.411687299609184 0.386822372674942 0.351789258420467 0.313809469342232 0.42024178057909 0.418764553964138 0.42095348238945 0.365447647869587 0.375592589378357 0.379978314042091 0.360722735524178 0.326686017215252 0.319561868906021
-9999 -9999 -9999 -9999 -9999 -9999 -9999 -9999 -9999 -9999 -9999 -9999 -9999 -9999 -9999 -9999 2.27072316950018 2.18717956001108 0.577032887935638 0.557518976926804 0.593874675035477 1.25931243896484 1.82250282168388 2.01705473661423 1.03384706377983 0.854995310306549 0.469571068882942 0.468103364109993 0.459729999303818 0.667811349034309 0.644296959042549 0.633859366178513 0.609183065593243 0.559148445725441 0.540794894099236 0.534709699451923 0.528477944433689 0.559122160077095 0.371884480118752 0.383230805397034 0.396078675985336 0.421227872371674 0.398765087127686 0.406230166554451 0.407691836357117 0.414657041430473 0.403258368372917 0.405088484287262 0.396711319684982 0.383994787931442 0.367349781095982 0.3399398624897 0.31295782327652 0.387827172875404 0.358501799404621 0.370894856750965 0.390898570418358 0.407615438103676 0.405386388301849 0.388449713587761 0.387368112802505
-9999 -9999 -9999 -9999 -9999 -9999 -9999 -9999 -9999 -9999 -9999 35.2986888885498 35.2986888885498 13.7248649597168 16.3632154514392 2.37517029685634 7.2275929749012 6.94990801811218 0.846470832824707 0.873937994241714 0.880449235439301 1.17839303612709 2.06640508770943 0.929937452077866 0.430996745824814 0.423920720815659 0.451751410961151 0.470648154616356 0.451583370566368 0.404808282852173 0.42169301211834 0.428292632102966 0.414695933461189 0.408055901527405 0.478624373674393 0.494204767048359 0.409186720848083 0.381274715065956 0.37484360486269 0.382579565048218 0.402899444103241 0.422455564141273 0.419237360358238 0.420616194605827 0.418406501412392 0.414794817566872 0.412883341312408 0.403918907046318 0.405278876423836 0.418781742453575 0.40026068687439 0.377055153250694 0.360864713788033 0.343839079141617 0.399769552052021 0.358540736138821 0.374862916767597 0.387939870357513 0.369385287165642 0.356780737638474 0.35756117105484
-9999 -9999 -9999 -9999 -9999 -9999 -9999 -9999 -9999 -9999 -9999 35.2986888885498 11.080824136734 23.6943192332983 8.01827552318573 4.86745816469193 4.84664699435234 4.19770288467407 6.92352023720741 7.60630886895316 1.90608031409127 1.20745614171028 1.3113439977169 0.44433157145977 0.444546416401863 0.446857675909996 0.487661004066467 0.49611009657383 0.436146944761276 0.417213141918182 0.405047982931137 0.386343687772751 0.387187108397484 0.414915606379509 0.426193043589592 0.442093446850777 0.442291975021362 0.423402830958366 0.400270566344261 0.406157478690147 0.404488295316696 0.411692842841148 0.422159358859062 0.428071305155754 0.417192578315735 0.4040447473526 0.400307312607765 0.402257323265076 0.406493291258812 0.410501047968864 0.41349484026432 0.398363873362541 0.398979485034943 0.384052991867065 0.384998828172684 0.39489908516407 0.397671438753605 0.384220205247402 0.333896666765213 0.363342650234699 0.356579639017582
-9999 -9999 -9999 -9999 -9999 -9999 -9999 -9999 -9999 -9999 -9999 -9999 -9999 -9999 8.66737295451917 38.1707797050476 38.8698320388794 11.1883857737888 -9999 -9999 -9999 -9999 -9999 2.07402455806732 2.02988071739674 0.499988749623299 0.656442403793335 0.612742602825165 0.585229128599167 0.487999051809311 0.440101236104965 0.437936469912529 0.478414714336395 0.524392828345299 0.504197806119919 0.497196927666664 0.479902312159538 0.448582515120506 0.427212059497833 0.420258298516273 0.431937530636787 0.423269391059875 0.428150072693825 0.428520575165749 0.430807963013649 0.409848466515541 0.400373786687851 0.410117089748383 0.406806394457817 0.411421000957489 0.415141358971596 0.405322685837746 0.399863541126251 0.400210574269295 0.401351317763329 0.405612275004387 0.40345012396574 0.390730619430542 0.383433535695076 0.374388009309769 0.346826612949371
-9999 -9999 -9999 -9999 -9999 -9999 -9999 -9999 -9999 -9999 -9999 -9999 -9999 -9999 16.6274771690369 16.6274771690369 16.6274771690369 -9999 -9999 -9999 -9999 -9999 -9999 4.94490551948547 4.94490551948547 4.94490551948547 0.308659605681896 1.19866946339607 1.08434817194939 0.585094034671783 0.539760276675224 0.619907990098 0.690854206681252 0.709125593304634 0.674601271748543 0.558159872889519 0.481141403317451 0.461271777749062 0.456522792577744 0.429507628083229 0.417089894413948 0.409249976277351 0.402746066451073 0.405822917819023 0.405007123947144 0.416594445705414 0.432299450039864 0.432643622159958 0.426272302865982 0.419573172926903 0.412516102194786 0.402835249900818 0.401513278484344 0.421583577990532 0.423797875642776 0.405642651021481 0.392038509249687 0.386139459908009 0.393621347844601 0.367114461958408 0.355352394282818
-9999 -9999 -9999 -9999 -9999 -9999 -9999 -9999 -9999 -9999 -9999 -9999 -9999 -9999 -9999 -9999 -9999 -9999 -9999 -9999 -9999 -9999 -9999 -9999 -9999 -9999 -9999 6.19366297622522 0.741429917514324 0.745244443416595 0.552639484405518 0.693642720580101 0.754566192626953 0.694348409771919 0.669885590672493 0.606134489178658 0.540170699357986 0.55139833688736 0.50274583697319 0.476272389292717 0.431043416261673 0.415196299552917 0.43337470293045 0.454427003860474 0.448414608836174 0.443415105342865 0.441282346844673 0.43816414475441 0.433164060115814 0.429540172219276 0.426942765712738 0.417536482214928 0.419747784733772 0.421520099043846 0.426328338682652 0.421843193471432 0.396747820079327 0.401701904833317 0.390570983290672 0.398655608296394 0.383819594979286
-9999 -9999 -9999 -9999 -9999 -9999 -9999 -9999 -9999 -9999 -9999 -9999 -9999 -9999 -9999 -9999 -9999 -9999 -9999 -9999 -9999 -9999 -9999 -9999 -9999 -9999 -9999 -9999 -9999 1.1765977665782 1.07457938790321 0.927585929632187 0.852044641971588 0.90328261256218 0.779787003993988 0.724630862474442 0.750192783772945 0.550806999206543 0.552121952176094 0.526482447981834 0.486309885978699 0.476536855101585 0.462126150727272 0.448010444641113 0.444265276193619 0.450263947248459 0.462888926267624 0.456518769264221 0.440868124365807 0.465409964323044 0.45905601978302 0.436237044632435 0.433041930198669 0.422179117798805 0.414393715560436 0.414696045219898 0.395451843738556 0.39744146168232 0.431473955512047 0.426110431551933 0.407020837068558
