EcologicalScience/Bass/data/rs_data_bass/chl_134.asc
NCOLS 226 
NROWS 124 
XLLCORNER -9.41648524995501 
YLLCORNER 47.587301625531 
CELLSIZE 0.0833 
NODATA_value -9999 
[rows 81 to 107 of 124, columns 62 to 123 of 226]
3.85158455371857 5.97498106956482 7.6620512008667 7.66205191612244 -9999 -9999 -9999 -9999 -9999 -9999 -9999 -9999 -9999 -9999 -9999 -9999 -9999 -9999 -9999 -9999 -9999 -9999 -9999 -9999 -9999 -9999 -9999 -9999 -9999 -9999 -9999 -9999 -9999 -9999 -9999 -9999 -9999 -9999 -9999 -9999 -9999 -9999 -9999 -9999 -9999 -9999 -9999 -9999 -9999 -9999 -9999 -9999 -9999 -9999 -9999 -9999 -9999 -9999 -9999 -9999 -9999 -9999
2.89102296140587 -9999 -9999 -9999 -9999 -9999 -9999 -9999 -9999 -9999 -9999 -9999 -9999 -9999 -9999 -9999 -9999 -9999 -9999 -9999 -9999 -9999 -9999 -9999 -9999 -9999 -9999 -9999 -9999 -9999 -9999 -9999 -9999 -9999 -9999 -9999 -9999 -9999 -9999 -9999 -9999 -9999 -9999 -9999 -9999 -9999 -9999 -9999 -9999 -9999 -9999 -9999 -9999 -9999 -9999 -9999 -9999 -9999 -9999 -9999 -9999 -9999
-9999 -9999 -9999 -9999 -9999 -9999 -9999 -9999 -9999 -9999 -9999 -9999 -9999 -9999 -9999 -9999 -9999 -9999 -9999 -9999 -9999 -9999 -9999 -9999 -9999 -9999 -9999 -9999 -9999 -9999 -9999 -9999 -9999 -9999 -9999 -9999 -9999 -9999 -9999 -9999 -9999 -9999 -9999 -9999 -9999 -9999 -9999 -9999 -9999 -9999 -9999 -9999 -9999 -9999 -9999 -9999 -9999 -9999 -9999 -9999 -9999 -9999
-9999 -9999 -9999 -9999 -9999 -9999 -9999 -9999 -9999 -9999 -9999 -9999 -9999 -9999 -9999 -9999 -9999 -9999 -9999 -9999 -9999 -9999 -9999 -9999 -9999 -9999 -9999 -9999 -9999 -9999 -9999 -9999 -9999 -9999 -9999 -9999 -9999 -9999 -9999 -9999 -9999 -9999 -9999 -9999 -9999 -9999 -9999 -9999 -9999 -9999 -9999 -9999 -9999 -9999 -9999 -9999 -9999 3.33944108145578 2.61747895181179 2.28553189337254 2.36961034753106 2.24504272504286
-9999 -9999 -9999 -9999 -9999 -9999 -9999 -9999 -9999 -9999 -9999 -9999 -9999 -9999 -9999 -9999 -9999 -9999 -9999 -9999 -9999 -9999 -9999 -9999 -9999 -9999 -9999 -9999 -9999 -9999 -9999 -9999 -9999 -9999 -9999 -9999 37.1749906539917 -9999 3.74120334316702 3.08903460126174 -9999 -9999 2.23578799854625 2.66030266284943 2.80101084709167 2.72921244800091 2.13563891432502 2.8601867664944 2.47516663507982 1.89523680210114 2.66895411908627 2.90047891438007 -9999 -9999 -9999 6.32936276630922 4.140172931281 2.40761703794653 2.23823036930778 2.01742866364392 1.55813489718871 1.44004875963384
-9999 -9999 -9999 -9999 -9999 -9999 -9999 -9999 -9999 -9999 -9999 -9999 -9999 3.51309767002013 2.19666241854429 2.8405102762309 3.45619464462454 4.60842551369416 1.12509450316429 -9999 -9999 -9999 -9999 -9999 -9999 -9999 -9999 -9999 2.689208753407 2.88083244860172 3.09370082616806 3.52300508022308 -9999 3.66949796676636 -9999 -9999 -9999 -9999 3.01546504497528 2.98331476449966 3.05173809528351 3.77010598182678 2.43964383602142 2.19880989789963 1.98099607229233 1.76714891195297 2.12756978273392 1.95848915576935 1.68803740739822 1.72306051254272 2.18183500658382 2.40958787636323 2.65820963274349 2.90459879961881 2.75260906869715 2.63759037039497 2.49449126828801 1.90845277092674 1.76614890315316 1.54106811501763 1.23724667592482 1.20771745660088
-9999 -9999 -9999 -9999 -9999 -9999 -9999 -9999 -9999 -9999 3.86291911385276 4.48287482695146 1.66108957203952 1.69470338929783 1.74786028536883 1.59377092123032 1.92441490563479 3.85956358909607 2.59097081422806 1.87874829769135 5.20964414498721 -9999 1.94136457443237 2.09674701690674 1.8595484324864 -9999 -9999 2.50686916708946 2.67176569998264 2.60510516166687 3.31480976668271 3.27002545595169 3.35915694236755 3.17790731516751 -9999 -9999 2.83655629839216 3.22013952515342 2.98230875730515 2.86675153970718 2.27655269882896 2.17764355919578 2.27794185876846 2.08214982748032 1.98444650173187 1.85353989601135 1.77688339948654 1.91614626646042 1.74641425609589 1.72674318552017 1.26261026859283 1.61539671421051 1.27888602018356 1.00067431926727 1.80123367634687 1.80294268239628 1.64470753344623 1.44141271981326 1.29616296562282 1.22453529726375 1.07360383597287 1.09533129767938
-9999 -9999 -9999 -9999 -9999 -9999 -9999 -9999 -9999 10.9685911893845 3.73195760900324 1.53903565081683 1.32960639894009 1.39652314782143 1.37843237139962 1.57787987318906 2.9111768765883 2.90670974688096 2.37476864882878 1.80711788790567 1.98663484198706 2.32422801426479 1.63875526648301 2.18137952685356 2.0269949734211 2.10235706397465 2.46911353724343 2.19763500988483 2.20559048652649 2.07322423566471 11.7339072704315 3.7597987760197 3.48555122722279 2.9977872133255 3.03224036693573 2.87426640987396 2.94282195568085 2.77558504343033 2.71555906534195 2.73556462526321 2.59703106880188 2.4180951833725 2.28839588707144 2.12093910845843 1.86515164375305 1.52087445259094 1.4681494474411 1.50337800979614 1.40719352960587 1.24817923307419 1.18343383669853 1.18146867156029 1.17981541156769 1.06626673936844 1.27843272686005 1.22778046131134 1.29682081708541 1.15005145018751 1.15556989610195 0.927241447381675 0.878728068791903 0.89893864095211
-9999 -9999 -9999 -9999 -9999 -9999 -9999 -9999 -9999 1.40701974521984 1.25565750896931 1.25492860376835 1.32857838273048 1.29441849751906 1.77000197080465 2.553631327369 3.23635001616044 4.78273142467846 3.23403902487321 1.62563294714147 1.60405599219458 1.55790463685989 1.71756781339645 1.98577783324502 1.91362286697734 1.98860762877898 2.07897471297871 5.21391798149456 7.21612062237479 1.88900306549939 4.62454286813736 4.28473513126373 2.6133563876152 2.32395268678665 2.49759013652802 2.82231205701828 2.81128993034363 2.73915899991989 2.2108151695945 2.08943155678836 2.42255258560181 2.37489795684814 1.88008396625519 1.63730576634407 1.44206537604332 1.37328495383263 1.25235557556152 1.17870538830757 1.12128449678421 1.03750156760216 1.00772239054952 0.9191624969244 0.915608078241348 0.937038436532021 1.14618639074839 1.15254682302475 1.1380417736677 0.966716545820236 0.924338839948177 0.944275364279747 1.00420187115669 1.12241943857887
-9999 -9999 -9999 -9999 -9999 -9999 -9999 -9999 -9999 1.24185983159325 1.23652333292094 1.21363414959474 1.16444738209248 1.29962434447729 1.7050424516201 3.01003645573344 1.27769438177347 2.31709612499584 1.62457659569654 1.57730222290212 1.66741127859462 1.70467727524894 1.86573833227158 1.93878946521065 1.85185004906221 1.94823778217489 1.46889955889095 1.51058292388916 1.6488936314216 1.69657223874872 4.63324098587036 2.22780364751816 1.97914813756943 1.99243333339691 2.12448660135269 2.45510787963867 2.64106096029282 2.69805065223149 2.63777849890969 2.56801060438156 2.36071077801964 2.05421709472483 1.37654010057449 1.2705335855484 1.10166146538474 1.07760248942809 1.06655826216394 1.22950262519029 1.1645995080471 0.964220279455185 0.824080029129982 0.781941899657249 0.777992105484009 0.846689933538437 0.938991231577737 0.951117868934359 0.874304735660553 0.890441554784775 0.889293086528778 0.905434152909688 0.949053597450256 0.968176531791687
1.38918313384056 1.11051457126935 1.1903716524442 1.41011592745781 -9999 -9999 -9999 1.33130104761375 1.20317023992538 1.1411729902029 1.28367777846076 1.49404678832401 1.2746472846378 1.18387964597115 1.17502615494387 1.06560584306717 1.06195288896561 1.19230406284332 2.03418653777667 1.3833330145904 1.28966037716184 1.33790355920792 1.40026208332607 1.50545465404337 1.57972937822342 1.08475537598133 1.16848636865616 1.16773767471313 1.19076118469238 1.20873404145241 1.21850585020505 1.35971909302932 1.46549853086472 1.46836695671082 1.54214458465576 1.72086753845215 1.81877176328139 1.82337345860221 1.79302527308464 1.84951642155647 1.6170281129224 1.25991091132164 1.13261653076519 1.13324319232594 1.0906380712986 1.09395487904549 1.07219341993332 1.04365489738328 0.933598743243651 0.895292836427689 0.850071823596954 0.819290870428085 0.795059579610825 0.804306173324585 0.850011616945267 0.878888815641403 0.964100253582001 0.90792464017868 0.918256746871131 0.875502756663731 0.937682837247849 0.988203477859497
0.901711563269297 0.928759723901749 0.95257560412089 1.22442331910133 1.20982460180918 1.15384254711015 1.23943865299225 1.21636201441288 1.13921763002872 1.12406496703625 1.41651752591133 1.39349153637886 1.07299089431763 1.06923150328489 1.07690908440522 1.04323863387108 1.02745988219976 1.54330794300352 1.26133647986821 1.25301211646625 1.21344577840396 1.16006624272891 1.26822227239609 1.4222087093762 0.977257061004639 0.971496713161469 0.969744408130646 0.9678775370121 0.992822241783142 0.930600540978568 0.92313917194094 1.04319928930356 1.02919116074389 1.12414047718048 1.03148514032364 1.23478497351919 1.22829351680619 1.15352501869202 1.14736567139626 1.14407002074378 1.03922388809068 1.02076010704041 1.02876366887774 1.07155794134507 1.0475624868503 0.830105227231979 0.915364998579025 0.898734699596058 0.945561933517456 0.896184432506561 0.870325773954391 0.859770226478577 0.881321930885315 0.896201574802399 0.863319518891248 0.919798719882965 1.03629345979009 1.05848204663822 0.97051266687257 1.00107503363064 1.03017089622361 0.750989817656004
0.750419273972511 0.746960662982681 0.758074391971935 0.896493323824622 1.11471211910248 1.06745231151581 1.02656170725822 1.04573611915112 1.06074921786785 1.13017621636391 1.12411062419415 0.905688258317801 0.930994790333968 0.864728976041079 0.882186594419181 0.855376180261374 0.868745589628816 0.905207830667496 1.2613320350647 1.23167271699224 1.06518367358616 0.863087403774261 0.875863981246948 0.898809456825256 0.970350073916571 0.955366002661841 0.902174377441406 0.925119745731354 0.929197183677128 0.942068593842643 0.958708954708917 0.964903146028519 0.970050190176283 0.99331300173487 1.08069470950535 1.39557387828827 1.16330629587173 1.01061821835382 0.991616481542587 1.03274612426758 0.969371974468231 0.967222311667034 0.980862238577434 0.912394191537585 0.833336185325276 0.812667775154114 0.957850852182933 0.99925007224083 1.05627836925643 1.038425720655 1.03266022205353 1.00479553341866 0.990630921721459 0.991689192397254 0.990298288209098 1.00655235988753 1.0666472017765 1.0443307608366 1.02266657352448 0.797120162031867 0.777892539134392 0.834860771894455
0.749514658342708 0.746143202890049 0.756000963124362 0.873890267177062 0.861622855067253 0.82632403075695 0.811347410082817 0.836069241166115 0.900746874511242 0.942896217107773 0.842762720126372 0.829970673872874 0.856911393312307 0.858918607234955 0.84541767463088 0.869341984391212 0.856829009950161 0.783669082447886 1.20509688556194 1.04773324728012 0.953272223472595 0.819199079275131 0.837502616643906 0.929219356604985 0.927570027964456 0.930758599724088 0.921554050275258 0.938463423933302 0.993721195629665 0.968922512871878 0.964983625071389 0.964616583926337 0.958627745509148 0.977387607097626 1.04368023574352 1.27002897007125 1.18739472116743 0.993577090176669 0.978721678256989 1.01178457736969 0.945588890995298 0.867725390195846 0.803085785020482 0.802915212782947 0.81078932502053 0.833946216106415 0.983652302852044 1.0408970117569 1.09741254789489 1.28133873776956 0.966345213353634 1.31531237743118 1.30934354391965 1.23261311224529 1.10848658425467 1.06057561295373 1.08700658593859 1.07742560993541 1.09273298084736 0.77740415930748 0.84641045331955 0.903291930754979
0.719116082245653 0.74330580776388 0.777890796011145 0.794960421323776 0.744529634714127 0.749235637485981 0.746654242277145 0.685011633313619 0.730657861782954 0.765042735980107 0.780155367576159 0.769650014547201 0.77906167277923 0.792469567977465 0.77172030787915 0.779815684072673 0.768783045932651 0.73468696475029 0.734140880405903 0.750775225460529 0.824715548753739 0.806949543101447 0.86637749842235 0.898772363151823 0.942947745323181 0.984128172908511 0.995982566050121 1.029925180333 1.17824656197003 1.13707457184792 1.07146347846304 1.08643219726426 1.08205826878548 1.02367662957736 0.957851791754365 1.25717876553535 1.20988496596163 1.1834466511553 1.20702634887262 1.14451387524605 1.09053171597994 1.08983903894058 0.996738523244858 0.95226909626614 0.947554024783048 1.05278420448303 1.00748249249799 0.985396429896355 0.990288536463465 1.43090366233479 0.996790699660778 0.993112318217754 1.73591416532343 1.64577523144809 1.33329851518978 1.20864689891989 1.36999427188526 1.05879218280315 1.11892239153385 1.08456795215607 1.53580464422703 1.63730366528034
0.579305856065317 0.6406643897295 0.756391514092684 0.795711602155979 0.592994007468224 0.610928049683571 0.604958409070969 0.592397803068161 0.596841260790825 0.639958634972572 0.711133169856938 0.669893310620234 0.66275981756357 0.666800758013358 0.696579577831122 0.694774531759322 0.699988877400756 0.701289522461593 0.670575767755508 0.698731201887131 0.725433164834976 0.744019514322281 0.828587165900639 0.85649859053748 0.920126489230565 1.12238987854549 1.27850743276732 1.27078304120472 1.42211613484791 1.22331706115178 1.16971149189132 1.08368716185743 1.05426660451022 1.1522396845477 1.01521515101194 1.20071758031845 1.19104021245783 1.18720206076449 1.20540644092993 1.32628559149229 1.24154323339462 1.22966734033365 1.11855746461795 1.00975479321046 0.974519938230515 0.965114040808244 0.922298423945904 0.870638999071988 0.97438046336174 1.04447776079178 1.1327602788806 1.0637589097023 1.12921142578125 2.09439406611703 1.89366100593047 1.89982785961845 2.18677531047301 1.29607045948505 1.3702872812748 1.35998058021069 2.26758036017418 2.30871928515642
0.536316651105881 0.559089839458466 0.577046698331833 0.587108436226845 0.595000997185707 0.5859439432621 0.616193629801273 0.622287631034851 0.632724761962891 0.626500148039598 0.669381689566832 0.614199228011645 0.608429005512824 0.618005090034925 0.671841481557259 0.736751194183643 0.650160133838654 0.636721497774124 0.540708977442521 0.591581125672047 0.647193043277814 0.730427098274231 0.924759890351977 1.20035486136164 1.15945561868804 1.29137300593512 1.829156935215 1.13944841623306 1.12903277277946 1.08510056734085 1.12144998908043 1.20972889065742 1.15061231634834 1.5987301915884 1.49992813915014 1.49480697512627 1.31273346597498 1.25168855081905 1.5111296698451 1.15395895730365 1.18617349050262 1.25982473676021 1.13185549928592 1.05230942910368 1.0357933532108 1.01470782540061 0.927143852819096 0.893544625152241 1.01961121559143 1.07383579015732 1.23485594987869 1.35452370643616 1.40336809158325 3.05524373596365 3.33806819265539 2.66292858123779 2.00352747814499 -9999 -9999 -9999 -9999 -9999
0.469131353226575 0.504244582219557 0.58257908821106 0.588159427046776 0.577576768398285 0.656235566735268 0.676162108778954 0.674699373543262 0.643618453007478 0.620574226746192 0.608196182892873 0.610118493437767 0.635135093560586 0.507902048528194 0.525921933352947 0.656948880507396 0.619708864018321 0.629682574421167 0.702136770822108 0.828339296579361 0.873448795080185 0.861590391397476 0.84295189839143 0.94840891957283 1.11502878069878 1.17439875751734 1.18554995208979 1.3094074995287 1.11666581682537 0.864319413900375 1.03362992405891 1.42634835094213 2.04303845018148 2.07035851478577 2.5208406150341 1.61290537118912 1.43162872642279 0.853674459457397 0.872166574001312 1.13594578612934 1.12234984744679 1.11678284135732 1.11063211343505 1.09059992161664 1.03717382929542 0.990701022473249 0.986120475964113 0.96857779676264 1.06068734960123 2.01890201568604 1.86717664003372 1.69958226595606 1.80286386609077 4.70048680901527 1.88598672532644 -9999 -9999 -9999 -9999 -9999 -9999 -9999
0.518952942707322 0.499752686782317 0.523540759628469 0.583194443157741 0.545569161122495 0.657767003774643 0.622960563410412 0.558297000825405 0.6586052271036 0.702413865111091 0.622530259869315 0.585944311185317 0.576513379812241 0.600833587921583 0.564262133091688 0.55002861097455 0.734787601232529 0.739258370362222 0.78463926538825 0.942472581680004 0.963579352085407 0.98381370306015 1.03105773375585 1.17204875212449 1.23353542272861 1.25503753423691 1.2070272937417 1.34245783835649 1.47232135534286 -9999 -9999 -9999 -9999 -9999 -9999 3.14426672458649 1.47085734389045 1.31264531070536 0.930050978064537 0.87621374130249 1.09105537086725 1.17753320119598 1.05590883168307 1.07611920345913 1.0435282506726 1.11253665252165 1.35980668934909 1.26932575756853 1.2259420264851 1.73115847869353 1.7714368457144 1.99094351584261 2.28183989362283 1.9762424826622 1.97624230384827 -9999 -9999 -9999 -9999 -9999 -9999 -9999
0.57246695458889 0.550712195309726 0.505797280506654 0.55053066665476 0.551795996725559 0.675251819193363 0.541342869400978 0.540368635207415 0.56347819045186 0.696204201741652 0.629513639956713 0.633418142795563 0.639227449893951 0.633928321301937 0.614329319447279 0.575263313949108 0.656951051205397 0.796581622213125 0.982283055782318 0.973160617053509 0.921344205737114 0.8896404504776 0.931677684187889 0.995538468871798 1.0562319287232 1.16683239596231 1.0663665858182 1.18960697813468 1.33359017372131 -9999 -9999 -9999 -9999 -9999 -9999 -9999 3.57800341397524 1.6501084132628 1.11192909479141 0.937767833471298 0.801826518774033 0.77062973678112 0.823293587565422 1.24309532046318 1.13936714692549 1.23909937522628 2.17772265672684 2.25852863788605 2.55356513857842 2.06854865767739 2.2822060639208 2.38436656106602 -9999 -9999 -9999 -9999 -9999 -9999 -9999 -9999 -9999 -9999
0.637213882058859 0.609253127127886 0.586512967944145 0.605480465022 0.616849564693191 0.612451103600589 0.593490868806839 0.601350826295939 0.61492071300745 0.665775541216135 0.668315079063177 0.660354942083359 0.650858245790005 0.614976927638054 0.697214635518881 0.586020927876234 0.656471237540245 0.870695248246193 1.13412787364079 1.03329273055095 -9999 0.942914854735136 0.996309874873412 1.02289581298828 0.965316407382488 1.03138086944818 1.14551105553454 1.46833214976571 1.57659571511405 -9999 -9999 -9999 -9999 -9999 -9999 -9999 3.54824611018686 2.59136859395287 2.20772235501896 1.37092606723309 1.65645390748978 1.43032127122084 1.10276235640049 1.20424218972524 1.93912408749262 1.92600100148808 0.983845134576162 0.884777118762334 0.903193473815918 3.50331761078401 2.67618209123611 2.88603526353836 4.33920237892552 -9999 -9999 -9999 -9999 -9999 -9999 -9999 -9999 -9999
0.603648751974106 0.702904266970498 0.599584778601473 0.367625541239977 0.319600342959166 0.316740746051073 0.630373904650862 0.596653851595792 0.657873373478651 0.665055949240923 0.791077516973019 0.724551178514957 0.654416430741549 0.639275260269642 0.644547566771507 0.675308257341385 0.729135733097792 0.822475522756577 0.828668475151062 0.911876052618027 0.965127325057983 0.991646379232407 1.05327018243926 1.17707756906748 1.35364539921284 1.43196118623018 1.38368003815413 1.48306596279144 1.40407180041075 1.66030067205429 -9999 -9999 -9999 -9999 -9999 -9999 -9999 10.9058034420013 48.854106195595 3.85162907838821 3.29071542620659 2.66416423022747 2.732516258955 2.63660079782659 2.89641934633255 3.07620225711302 1.26345191399256 1.12671269973119 0.940365904569626 3.6920673251152 14.5548809116537 4.19701130390167 3.08281156186307 -9999 -9999 -9999 -9999 -9999 -9999 -9999 -9999 -9999
0.653451299294829 0.381002182140946 0.376532471179962 0.351591233164072 0.330504289269447 0.656504061073065 0.67597234994173 0.691901251673698 0.717487871646881 0.717572059482336 0.764630813151598 0.646184128793803 0.650759501890703 0.643513428893956 0.629664484750141 0.604483170942827 0.626645101742311 0.713241543620825 0.774965617060661 0.655201323330402 0.83015398979187 0.884159418940544 1.18201762810349 1.4532253369689 1.40511075407267 1.39023790508509 1.39957031607628 1.55073004961014 1.75824261456728 1.65239810943604 -9999 -9999 -9999 -9999 -9999 -9999 -9999 -9999 -9999 -9999 -9999 -9999 -9999 -9999 -9999 -9999 3.65490746498108 3.65630520880222 4.2703645080328 4.83825302124023 -9999 -9999 -9999 -9999 -9999 -9999 -9999 -9999 -9999 -9999 -9999 -9999
0.443423402309418 0.568915698677301 0.605102989822626 0.603207930922508 0.662584494799376 0.67040416225791 0.722712188959122 0.72969676181674 0.735915586352348 0.733841635286808 0.767821110785007 0.769373629242182 0.792190320789814 0.666448643803597 0.638474097847939 0.641240260004997 0.594214367866516 0.650449568575079 0.665936736897989 0.668411460789767 0.85376506447792 0.91200714558363 1.15985210984945 1.04086940487226 -9999 -9999 -9999 1.23446664959192 1.30562851577997 1.40041610598564 2.61105979743757 -9999 -9999 -9999 -9999 -9999 -9999 -9999 -9999 -9999 -9999 -9999 -9999 -9999 -9999 -9999 -9999 -9999 -9999 -9999 -9999 -9999 -9999 -9999 -9999 -9999 -9999 -9999 -9999 -9999 -9999 -9999
0.43211864233017 0.727005789322512 0.47425838932395 0.713886214154107 0.766188183656106 0.772312022745609 0.783529174114977 0.767310194671154 0.766155917197466 0.967927726832303 0.809907739812677 0.828031294047832 0.700049034573815 0.704155227541924 0.679389283061028 0.684159356084737 0.698212566700849 0.701447680592537 0.609697823723157 0.533731108903885 0.528723952174187 1.15026115626097 1.15449922531843 1.30991848558187 1.37918268889189 1.34672512114048 0.966163060069084 1.30537518113852 1.44494667649269 1.58453124761581 1.79413591325283 2.62923529127549 -9999 -9999 -9999 -9999 -9999 -9999 -9999 -9999 -9999 -9999 -9999 -9999 -9999 -9999 -9999 -9999 -9999 -9999 -9999 -9999 -9999 -9999 -9999 -9999 -9999 -9999 -9999 -9999 -9999 -9999
0.760826743074826 0.482936685283979 0.437090406815211 0.758282562451703 0.729240160435438 0.761919558048248 0.782018065452576 0.801182091236115 0.865102663636208 0.87905665487051 0.915348149836063 0.905040912330151 0.750234238126061 0.814914733171463 0.837579913437366 0.745588168501854 0.756860452619466 0.890715748071671 0.675047929088275 0.621549159288406 0.97212977707386 1.06084498018026 1.22934054583311 1.36786146461964 0.886288424332937 0.891427576541901 1.0217603623867 1.47172778248787 1.81569360941648 1.8672002479434 2.19861048460007 3.46065601110458 -9999 -9999 -9999 -9999 -9999 -9999 -9999 -9999 -9999 -9999 -9999 -9999 -9999 -9999 -9999 -9999 -9999 -9999 -9999 -9999 -9999 -9999 -9999 -9999 -9999 -9999 -9999 -9999 -9999 -9999
0.669881730207375 0.652176407250491 0.516253178318342 0.676075982776555 0.679238750175996 0.816193342208862 0.936646816822199 0.986880764365196 1.10056219249964 1.08569805897199 1.09666559100151 0.709191839396954 0.868409317731857 0.983393535017967 0.708022883534432 0.897053840485486 0.835386189547452 0.881285974925215 1.0289379581809 0.966036960482597 0.993981935083866 1.15118028223515 1.30894164741039 1.38858805596828 1.72764777839184 2.13562612831593 1.90440363585949 1.34461460262537 1.34903474897146 1.42503223568201 2.73896287267025 -9999 -9999 -9999 -9999 -9999 -9999 -9999 -9999 -9999 -9999 -9999 -9999 -9999 -9999 -9999 -9999 -9999 -9999 -9999 -9999 -9999 -9999 -9999 -9999 -9999 -9999 -9999 -9999 -9999 -9999 -9999
