EcologicalScience/Bass/data/rs_data_bass/chl_13.asc
NCOLS 226 
NROWS 124 
XLLCORNER -9.41648524995501 
YLLCORNER 47.587301625531 
CELLSIZE 0.0833 
NODATA_value -9999 
[rows 56 to 83 of 124, columns 124 to 185 of 226]
2.82354068756104 2.82327228784561 2.77504116296768 2.79916048049927 2.76998394727707 2.77190619707108 2.89468342065811 2.307452917099 2.10047096014023 2.13851702213287 2.22457945346832 2.38042044639587 2.19444823265076 2.00509053468704 2.08873951435089 2.04373347759247 2.01676958799362 2.01492369174957 2.25557094812393 2.29497742652893 2.18409597873688 2.1677640080452 1.78150874376297 1.65996301174164 1.73443204164505 2.32266676425934 2.24188882112503 1.92375004291534 1.94387483596802 1.87246870994568 1.76459616422653 1.70381319522858 1.5924060344696 2.08522045612335 2.15952372550964 2.25092625617981 2.29894798994064 2.27891135215759 1.40301078557968 1.32058873772621 1.37483623623848 1.38447672128677 1.71558219194412 1.89873379468918 1.85760676860809 9.81231737136841 3.59323561191559 -9999 6.41659808158874 6.33919715881348 7.81829684972763 8.42225486040115 9.28671026229858 16.4193520545959 -9999 -9999 -9999 -9999 -9999 -9999 -9999 -9999
3.02938592433929 2.86934924125671 3.01978933811188 3.00959086418152 2.91502046585083 2.90683579444885 2.85254395008087 2.74228423833847 2.63037675619125 2.55221396684647 2.66465771198273 2.88414072990417 2.66422873735428 2.19838428497314 2.31184726953506 2.38178032636642 2.10946422815323 1.97751152515411 2.11785006523132 2.27747851610184 2.32119905948639 1.88967525959015 1.5999037027359 1.65225595235825 1.87425220012665 2.14025777578354 1.93736243247986 1.65176242589951 1.6558740735054 1.966732442379 1.99183505773544 1.42160099744797 1.54868477582932 2.03306025266647 2.38420763611794 2.2702916264534 2.08834719657898 2.27529859542847 1.63465583324432 1.55105996131897 1.25504770874977 1.3354207277298 1.69531506299973 2.0157630443573 4.30281007289886 15.6530678272247 14.2558078765869 -9999 7.51160287857056 7.5545836687088 4.44698095321655 4.60490548610687 3.89896130561829 -9999 -9999 -9999 -9999 -9999 -9999 -9999 -9999 -9999
3.2908319234848 3.21581089496613 3.21526050567627 3.25442397594452 3.07636213302612 3.07434153556824 2.80390423536301 2.74337393045425 2.62235856056213 2.55387818813324 2.60686504840851 2.57938724756241 2.61259943246841 2.490414083004 2.39628893136978 2.16936367750168 2.38319706916809 2.28412646055222 2.38902443647385 2.20514023303986 2.27855104207993 1.98657596111298 1.98649942874908 2.09019148349762 2.13466501235962 1.96438354253769 1.79449653625488 1.81535321474075 1.8109980225563 1.72824293375015 1.45006129145622 1.27162876725197 1.26153901219368 1.81782934069633 1.93080559372902 2.05430924892426 1.99915391206741 3.11077040433884 5.01646953821182 1.65385794639587 4.449462890625 1.72386521100998 1.64132398366928 4.92984509468079 8.72485828399658 12.5598586371967 4.05883061885834 5.02053809165955 6.27057838439941 4.58197045326233 5.26883912086487 4.75426948070526 59.240975516183 -9999 -9999 -9999 -9999 -9999 -9999 -9999 -9999 -9999
-9999 4.1610689163208 3.98244524002075 3.90395629405975 3.26215660572052 3.38773798942566 3.03023993968964 3.07705128192902 2.86740231513977 2.86586183309555 2.65449982881546 2.85810595750809 2.60819917917252 2.51716268062592 2.44997316598892 2.3172202706337 2.58193641901016 2.74529707431793 2.71505320072174 2.30839419364929 2.14233595132828 2.03274303674698 2.01930373907089 2.13605779409409 2.04942601919174 2.11846053600311 2.16806995868683 1.83836925029755 1.76222848892212 1.29412570595741 1.19770574569702 0.999272257089615 0.989817023277283 1.55716913938522 1.5876948684454 2.1927937567234 2.86233414709568 2.17303723096848 2.04895055294037 1.49774926900864 2.08331179618835 1.94177466630936 2.93870025873184 4.36807036399841 8.18515419960022 -9999 -9999 5.39990258216858 7.38205003738403 8.23702883720398 16.9120416641235 15.5488443374634 24.5973873138428 -9999 -9999 -9999 -9999 -9999 -9999 -9999 -9999 -9999
-9999 -9999 -9999 -9999 -9999 2.28387522697449 3.20057308673859 3.1885861158371 3.06955862045288 2.98188757896423 2.97016042470932 2.71826183795929 2.63846254348755 2.5506300330162 2.47800296545029 2.67006897926331 2.52304047346115 2.29670780897141 2.58959323167801 2.61466044187546 2.41899901628494 2.37125551700592 2.22647470235825 2.23891872167587 2.11854600906372 1.70094591379166 1.41599097847939 1.04228702187538 0.885123789310455 0.867409497499466 1.00166925787926 1.11780747771263 1.03288275003433 1.36484210193157 1.28876996040344 1.52817893028259 1.64252632856369 2.05047833919525 2.05790019035339 1.71948373317719 5.01542615890503 2.65932673215866 2.3916038274765 2.44138956069946 1.74896103143692 -9999 -9999 -9999 -9999 -9999 15.249671459198 17.9795064926147 20.2154731750488 -9999 -9999 -9999 -9999 -9999 -9999 -9999 -9999 -9999
-9999 -9999 -9999 -9999 -9999 -9999 -9999 -9999 3.15517044067383 3.22082483768463 2.99950128793716 2.79333525896072 2.69701874256134 2.68745255470276 2.67534595727921 2.93789541721344 2.85015070438385 2.44327658414841 2.55244266986847 2.49310719966888 2.40213525295258 2.20544850826263 2.07820057868958 2.04866176843643 1.8768247961998 1.67161953449249 1.31854122877121 1.11548101902008 0.957968294620514 0.870626986026764 0.985095709562302 1.03259253501892 1.08277729153633 1.20926401019096 2.17830526828766 2.72491729259491 2.60318541526794 4.02708685398102 4.30559635162354 3.97461676597595 3.13054203987122 2.67525976896286 2.41892623901367 1.93152076005936 -9999 29.0682649612427 -9999 -9999 -9999 -9999 17.548882484436 11.2520406246185 44.7691048213414 33.6539151668549 39.5460233688354 -9999 -9999 -9999 -9999 -9999 -9999 -9999
-9999 -9999 -9999 -9999 -9999 -9999 -9999 -9999 -9999 -9999 3.23232507705688 2.99895983934402 2.916996717453 2.91573303937912 2.95091468095779 3.08878290653229 2.7601312994957 2.55261594057083 2.31477302312851 2.40290182828903 2.32412391901016 2.22999894618988 2.06892442703247 1.95008093118668 1.71933674812317 1.56076794862747 1.46255251765251 1.15855425596237 0.999351739883423 0.881340712308884 0.961132496595383 1.04310902953148 1.12665152549744 1.97856742143631 3.87776398658752 4.16142296791077 4.83481800556183 4.60612785816193 4.39873874187469 4.43400585651398 3.48267209529877 1.66767972707748 1.27684503793716 2.1431565284729 -9999 -9999 -9999 -9999 -9999 -9999 -9999 -9999 -9999 27.3459213801793 22.7672748565674 18.323784828186 10.8786277770996 -9999 -9999 -9999 -9999 -9999
-9999 -9999 -9999 -9999 -9999 -9999 -9999 -9999 -9999 4.3704868555069 3.34784710407257 3.11997985839844 3.02980363368988 3.06598484516144 3.11434042453766 3.05164933204651 2.82106196880341 2.52344924211502 2.52349358797073 2.38036876916885 2.29857748746872 2.2743381857872 1.91453701257706 1.58904308080673 1.45210272073746 1.49199897050858 1.60692751407623 1.2801825106144 0.852896958589554 0.88520023226738 0.966821283102036 1.12645795941353 1.88972103595734 3.89581203460693 4.78595459461212 4.47592878341675 4.29928350448608 3.61945581436157 4.28883898258209 3.43664395809174 2.12266874313354 1.74595946073532 1.95075452327728 2.34639751911163 -9999 33.0447750091553 -9999 -9999 -9999 13.7413744926453 13.2084288597107 12.2271795272827 11.9441936016083 16.3471083641052 21.9844737052917 22.5601592063904 -9999 -9999 -9999 -9999 -9999 -9999
-9999 -9999 -9999 -9999 -9999 -9999 -9999 -9999 -9999 -9999 3.21596789360046 3.15346491336823 3.31580257415771 3.55040395259857 3.24688124656677 2.96338945627213 2.95642358064651 2.91224473714828 2.65613400936127 2.51758950948715 2.36861622333527 2.11763852834702 2.03309780359268 1.82703977823257 1.52743721008301 1.38772201538086 1.42151176929474 1.36758148670197 1.13065427541733 0.915845990180969 1.01697528362274 1.51612132787704 3.66952800750732 6.1911313533783 5.40250504016876 4.40936172008514 4.18803691864014 3.93845236301422 3.5545928478241 2.9217022061348 1.86689025163651 2.06170570850372 3.68359708786011 3.8103404045105 -9999 -9999 -9999 -9999 -9999 -9999 14.0427904129028 13.8466744422913 8.15393543243408 14.479024887085 19.5358786582947 -9999 -9999 -9999 -9999 -9999 -9999 -9999
-9999 -9999 -9999 -9999 -9999 -9999 -9999 -9999 -9999 3.67937564849854 2.5857846736908 3.13536536693573 3.01683676242828 3.2212747335434 2.80776518583298 2.68781697750092 2.62991470098495 2.94983178377151 2.78508299589157 2.47355550527573 2.40454798936844 2.11402273178101 1.91436606645584 1.61279994249344 1.53812474012375 1.46668946743011 1.38339900970459 1.34787225723267 1.21704375743866 1.34248128533363 1.55291479825974 2.28388273715973 6.87795925140381 7.87934303283691 6.34598064422607 7.49591946601868 6.27228283882141 3.12509322166443 2.18954247236252 2.15154522657394 2.29304552078247 2.31704699993134 3.36020457744598 3.23800885677338 3.86466658115387 -9999 -9999 -9999 -9999 -9999 12.7126307487488 11.1539812088013 15.7158851623535 -9999 -9999 -9999 -9999 -9999 -9999 -9999 -9999 -9999
-9999 -9999 -9999 -9999 -9999 -9999 -9999 -9999 -9999 2.49492448568344 2.50193846225739 3.02606534957886 3.1541383266449 3.2527574300766 3.19197678565979 3.15934216976166 2.69870781898499 2.67580658197403 2.5706752538681 2.41929745674133 2.25254023075104 2.14416968822479 1.84429800510406 1.56473618745804 1.46375253796577 1.23067420721054 1.12007027864456 0.979147464036942 1.04458048939705 1.19699102640152 1.44626247882843 2.09700000286102 7.56210136413574 9.15001702308655 7.0425238609314 6.3170907497406 5.33888626098633 2.91328203678131 1.9541437625885 2.11204504966736 2.23063641786575 3.0243684053421 3.04726266860962 -9999 3.86466693878174 -9999 -9999 -9999 -9999 12.1949715614319 -9999 -9999 -9999 -9999 -9999 -9999 -9999 -9999 -9999 -9999 -9999 -9999
-9999 -9999 -9999 -9999 -9999 -9999 -9999 -9999 -9999 2.4692947268486 2.44078052043915 2.69982594251633 2.85511654615402 3.24393153190613 3.2704131603241 2.90825700759888 2.55651372671127 2.27994829416275 2.4736710190773 2.40849530696869 2.07378906011581 1.89961355924606 1.68440401554108 1.44641321897507 1.41413024067879 1.23528224229813 1.14562422037125 1.0619820356369 1.16586229205132 1.2487852871418 1.43235746026039 4.37546539306641 10.1492829322815 11.786952495575 12.3392486572266 9.19715523719788 4.1788147687912 3.45545625686646 3.01621270179749 3.65161335468292 3.7552342414856 3.45723295211792 -9999 -9999 -9999 -9999 -9999 -9999 -9999 -9999 -9999 -9999 -9999 -9999 -9999 -9999 -9999 -9999 -9999 -9999 -9999 -9999
-9999 -9999 -9999 -9999 -9999 -9999 -9999 -9999 -9999 2.44622629880905 2.43121272325516 2.71832174062729 2.91708970069885 3.07354116439819 3.27211117744446 3.00955510139465 2.67988872528076 2.33968949317932 2.22257244586945 2.1394230723381 1.95402216911316 1.76417702436447 1.43486022949219 1.40645849704742 1.33935597538948 1.2817260324955 1.22958523035049 1.09186202287674 1.15537422895432 1.31881499290466 1.53321075439453 5.16338539123535 8.13609838485718 11.5638799667358 10.3662328720093 7.54751014709473 6.13066148757935 3.67504942417145 3.72556722164154 3.88700187206268 5.44279038906097 5.82354819774628 -9999 -9999 -9999 -9999 -9999 -9999 -9999 -9999 -9999 -9999 -9999 -9999 -9999 -9999 -9999 -9999 -9999 -9999 -9999 -9999
-9999 -9999 -9999 -9999 -9999 -9999 -9999 3.28386068344116 2.60857576131821 2.52790492773056 2.50398677587509 2.53034698963165 3.01583790779114 2.80342054367065 2.82937717437744 2.73192983865738 2.33393847942352 2.1447719335556 2.15540617704391 2.0199179649353 1.96731144189835 1.76890951395035 1.27877104282379 1.32109424471855 1.45055177807808 1.69018042087555 1.56721866130829 1.4911867082119 1.24559104442596 1.19091752171516 1.17844051122665 4.45074534416199 3.0900217294693 5.69558465480804 8.47026658058167 4.79333031177521 5.09384250640869 3.69006764888763 3.79412412643433 4.40758574008942 -9999 5.69786846637726 3.25656187534332 -9999 -9999 -9999 -9999 -9999 -9999 -9999 -9999 -9999 -9999 -9999 -9999 -9999 -9999 -9999 -9999 -9999 -9999 -9999
-9999 -9999 -9999 -9999 -9999 -9999 2.61998856067657 2.64894300699234 2.58142358064651 2.51469755172729 2.50203680992126 2.66340976953506 2.93259608745575 2.81141316890717 2.50675874948502 2.39955675601959 2.05737751722336 2.04790645837784 2.14899373054504 2.08534133434296 1.98734325170517 1.80043798685074 1.3934677541256 1.60526919364929 1.96188980340958 2.64639222621918 2.64693599939346 2.57458716630936 2.38353967666626 1.90819197893143 1.97967749834061 2.15108174085617 2.41918873786926 2.73262202739716 2.83863741159439 4.03840041160583 4.79297339916229 4.51214933395386 3.85094010829926 -9999 -9999 -9999 -9999 -9999 -9999 -9999 -9999 -9999 -9999 -9999 -9999 -9999 -9999 -9999 -9999 -9999 -9999 -9999 -9999 -9999 -9999 -9999
-9999 -9999 -9999 -9999 3.24321305751801 2.74827218055725 2.64623326063156 2.59068381786346 2.4819495677948 2.32751852273941 2.40142357349396 2.74106705188751 2.80043095350266 2.69323807954788 2.4835649728775 2.12848877906799 2.01334351301193 1.69876492023468 1.74343568086624 1.81751775741577 1.71204006671906 1.2487485408783 1.51498121023178 2.27078694105148 2.6403517127037 3.1653538942337 3.45822751522064 3.04397320747375 2.57668268680573 2.13895654678345 2.03235983848572 2.29521900415421 2.34496432542801 2.7340829372406 3.44466376304626 4.467125415802 5.35709309577942 5.40378019388984 -9999 -9999 -9999 -9999 -9999 -9999 -9999 -9999 -9999 -9999 -9999 -9999 -9999 -9999 -9999 -9999 -9999 -9999 -9999 -9999 -9999 -9999 -9999 -9999
-9999 -9999 -9999 -9999 2.94739955663681 2.86625182628632 2.68950444459915 2.65086758136749 2.65337705612183 2.79638242721558 2.67034417390823 2.73996520042419 2.52218556404114 2.32560521364212 1.77719020843506 1.81993567943573 1.6863232254982 1.63882505893707 1.66366642713547 1.66136026382446 1.69531416893005 1.75071233510971 2.14017981290817 2.78479957580566 3.00512409210205 3.45926463603973 2.78135991096497 3.03271722793579 3.2413866519928 2.64408677816391 2.41277468204498 2.43506401777267 2.44502091407776 2.54546248912811 4.00224459171295 5.05418336391449 5.3983987569809 -9999 -9999 -9999 -9999 -9999 -9999 -9999 -9999 -9999 -9999 -9999 -9999 -9999 -9999 -9999 -9999 -9999 -9999 -9999 -9999 -9999 -9999 -9999 -9999 -9999
-9999 5.1418936252594 4.53703397512436 3.00850260257721 2.90751904249191 2.74120652675629 2.64151722192764 2.71702426671982 2.76457053422928 2.86593371629715 2.69618028402328 2.5773863196373 2.02691406011581 1.53982794284821 1.19263726472855 1.0552034676075 1.3573582470417 1.86615067720413 1.93363416194916 2.20899224281311 2.59203296899796 3.40352833271027 3.48733127117157 3.53805613517761 3.90468978881836 3.57287549972534 3.51401174068451 3.88079309463501 3.42921459674835 3.26496362686157 2.89706701040268 2.71441268920898 2.92648047208786 3.55213665962219 4.13044416904449 -9999 -9999 -9999 -9999 -9999 -9999 -9999 -9999 -9999 -9999 -9999 -9999 -9999 -9999 -9999 -9999 -9999 -9999 -9999 -9999 -9999 -9999 -9999 -9999 -9999 -9999 -9999
4.03643238544464 4.81881952285767 4.39915490150452 2.89281678199768 2.76062697172165 2.71491372585297 2.59259104728699 2.74744194746017 2.52407473325729 2.7577537894249 2.61216008663177 2.08825653791428 1.71217954158783 1.25982454419136 1.03802624344826 1.01109525561333 1.67491346597672 1.93422067165375 2.31649947166443 2.97928941249847 4.14387309551239 5.33414626121521 5.0356410741806 4.8330066204071 5.22993385791779 4.53043055534363 3.78811955451965 3.88553094863892 3.85790705680847 3.65876019001007 3.66250205039978 3.54342842102051 3.40579569339752 -9999 -9999 -9999 -9999 -9999 -9999 -9999 -9999 -9999 -9999 -9999 -9999 -9999 -9999 -9999 -9999 -9999 -9999 -9999 -9999 -9999 -9999 -9999 -9999 -9999 -9999 -9999 -9999 -9999
4.16522240638733 2.73257249593735 2.80267131328583 2.83777946233749 2.82133358716965 2.84922981262207 2.95692443847656 2.19669306278229 2.1127005815506 2.07049351930618 2.01134777069092 2.05672574043274 1.55697673559189 1.05111828446388 1.28386500477791 1.63320600986481 2.56204658746719 2.91656023263931 3.23224890232086 3.92758798599243 5.10509312152863 4.95277190208435 4.9046938419342 6.001056432724 5.35753726959229 4.58638858795166 4.63728296756744 4.76654934883118 2.81192547082901 3.46824610233307 3.61674606800079 3.58573722839355 3.38959407806396 7.69027519226074 10.9552803039551 -9999 -9999 -9999 -9999 -9999 -9999 -9999 -9999 -9999 -9999 -9999 -9999 -9999 -9999 -9999 -9999 -9999 -9999 -9999 -9999 -9999 -9999 -9999 -9999 -9999 -9999 -9999
3.01466417312622 2.87033396959305 2.72569048404694 2.94418877363205 3.06415951251984 2.9141498208046 2.61449843645096 2.29780876636505 2.16350930929184 2.29902076721191 2.09187519550323 1.76379972696304 1.3405305147171 1.33521446585655 1.8478701710701 2.32404381036758 3.82520985603333 4.14129674434662 3.50008428096771 4.30585813522339 5.38629305362701 5.38754689693451 6.62555694580078 7.13586044311523 4.92319858074188 3.61244308948517 2.84568750858307 2.85861897468567 3.26597392559052 3.47477924823761 -9999 -9999 -9999 -9999 -9999 -9999 -9999 -9999 -9999 -9999 -9999 -9999 -9999 -9999 -9999 -9999 -9999 -9999 -9999 -9999 -9999 -9999 -9999 -9999 -9999 -9999 -9999 -9999 -9999 -9999 -9999 -9999
3.31235325336456 3.12656307220459 3.13256621360779 3.56901812553406 2.90553295612335 3.34241473674774 3.26352310180664 2.91332691907883 2.78286516666412 2.75386726856232 2.17170971632004 1.58447992801666 1.32498747110367 1.74367725849152 2.1451740860939 3.8497531414032 4.29433858394623 4.03480052947998 4.43682074546814 6.16523838043213 6.79169654846191 7.5213725566864 8.45727396011353 6.0125527381897 4.08178496360779 2.95761233568192 2.78045403957367 3.24228358268738 3.18634557723999 5.18434274196625 4.31761178970337 4.77958645820618 -9999 -9999 -9999 -9999 -9999 -9999 -9999 12.6942715644836 -9999 -9999 -9999 -9999 -9999 -9999 -9999 -9999 -9999 -9999 -9999 -9999 -9999 -9999 -9999 -9999 -9999 -9999 -9999 -9999 -9999 -9999
3.8115531206131 3.80088973045349 3.71674561500549 4.30164992809296 8.22418349981308 3.86296258653913 3.69829666614532 3.29413425922394 3.04244041442871 2.70386320352554 1.98443394899368 1.29246148467064 1.37928673624992 1.9989532828331 2.64259493350983 3.42196941375732 4.28606629371643 5.68463909626007 8.17524433135986 9.44343280792236 11.4512207508087 8.17223381996155 5.76382040977478 3.30548787117004 2.97786676883698 3.05401289463043 3.36761105060577 5.78333678841591 3.76718425750732 4.22201156616211 3.30022573471069 3.42093944549561 -9999 -9999 -9999 -9999 -9999 -9999 -9999 -9999 -9999 -9999 -9999 -9999 -9999 -9999 -9999 -9999 -9999 -9999 -9999 -9999 -9999 -9999 -9999 -9999 -9999 -9999 -9999 -9999 -9999 -9999
-9999 -9999 -9999 -9999 -9999 3.20281362533569 3.61135482788086 2.99517220258713 2.55138677358627 1.83291828632355 1.51763927936554 1.44743853807449 2.65975427627563 3.68021714687347 3.09316563606262 5.27415311336517 8.70468020439148 10.7907385826111 14.0550556182861 11.7906475067139 12.1728773117065 10.4667735099792 7.6940324306488 3.35330021381378 3.21636307239532 3.49673008918762 -9999 -9999 -9999 -9999 -9999 -9999 -9999 -9999 -9999 -9999 -9999 -9999 -9999 -9999 -9999 -9999 -9999 -9999 -9999 -9999 -9999 -9999 -9999 -9999 -9999 -9999 -9999 -9999 -9999 -9999 -9999 -9999 -9999 -9999 -9999 -9999
-9999 -9999 -9999 -9999 -9999 -9999 3.31708717346191 2.72460901737213 2.01778882741928 1.13930252194405 1.30782151222229 2.88026922941208 3.98991465568542 4.80690908432007 7.98956108093262 17.0118198394775 14.6432704925537 12.37229347229 9.19974446296692 15.1661009788513 15.9132871627808 16.0235366821289 10.7865743637085 2.66331607103348 -9999 -9999 -9999 -9999 -9999 -9999 -9999 -9999 -9999 -9999 -9999 -9999 -9999 -9999 -9999 -9999 -9999 -9999 -9999 -9999 -9999 -9999 -9999 -9999 -9999 -9999 -9999 -9999 -9999 -9999 -9999 -9999 -9999 -9999 -9999 -9999 -9999 -9999
-9999 2.50102669000626 2.50102686882019 3.45616257190704 2.30481147766113 2.73698258399963 2.83945351839066 1.39625403285027 1.02532947063446 1.30726200342178 4.8526486158371 10.1721897125244 10.5280909538269 14.4399633407593 13.5341148376465 13.6665086746216 17.1453537940979 17.781681060791 18.0417809486389 21.4470248222351 18.5555963516235 4.2055846452713 -9999 -9999 -9999 -9999 -9999 -9999 -9999 -9999 -9999 -9999 -9999 -9999 -9999 -9999 -9999 -9999 -9999 -9999 -9999 -9999 -9999 -9999 -9999 -9999 -9999 -9999 -9999 -9999 -9999 -9999 -9999 -9999 -9999 -9999 -9999 -9999 -9999 -9999 -9999 -9999
-9999 2.10349720716476 2.28250354528427 2.29591119289398 2.29822272062302 2.13676875829697 1.52813994884491 1.16614052653313 1.82481300830841 5.48566496372223 25.6708602905273 14.3011021614075 14.1114778518677 19.9872364997864 16.214695930481 14.4372324943542 18.2548313140869 32.3559808731079 -9999 -9999 -9999 -9999 -9999 -9999 -9999 -9999 -9999 -9999 -9999 -9999 -9999 -9999 -9999 -9999 -9999 -9999 -9999 -9999 -9999 -9999 -9999 -9999 -9999 -9999 -9999 -9999 -9999 -9999 -9999 -9999 -9999 -9999 -9999 -9999 -9999 -9999 -9999 -9999 -9999 -9999 -9999 -9999
-9999 2.49265909194946 2.56914442777634 2.1186209321022 2.01260769367218 1.69263821840286 1.29948976635933 2.28859198093414 3.39388883113861 5.75566935539246 12.0782396793365 4.52863276004791 -9999 -9999 -9999 -9999 -9999 -9999 -9999 -9999 -9999 -9999 -9999 -9999 -9999 -9999 -9999 -9999 -9999 -9999 -9999 -9999 -9999 -9999 -9999 -9999 -9999 -9999 -9999 -9999 -9999 -9999 -9999 -9999 -9999 -9999 -9999 -9999 -9999 -9999 -9999 -9999 -9999 -9999 -9999 -9999 -9999 -9999 -9999 -9999 -9999 -9999
