EcologicalScience/Bass/data/rs_data_bass/chl_314.asc
NCOLS 226 
NROWS 124 
XLLCORNER -9.41648524995501 
YLLCORNER 47.587301625531 
CELLSIZE 0.0833 
NODATA_value -9999 
[rows 0 to 26 of 124, columns 62 to 123 of 226]
-9999 -9999 -9999 -9999 -9999 -9999 -9999 -9999 -9999 -9999 -9999 -9999 -9999 -9999 -9999 -9999 -9999 -9999 -9999 -9999 -9999 -9999 -9999 -9999 -9999 -9999 -9999 -9999 -9999 -9999 -9999 -9999 -9999 -9999 -9999 -9999 -9999 -9999 -9999 -9999 -9999 -9999 -9999 -9999 -9999 -9999 -9999 -9999 -9999 -9999 -9999 -9999 -9999 -9999 -9999 -9999 -9999 -9999 -9999 -9999 -9999 -9999
-9999 -9999 -9999 -9999 -9999 -9999 -9999 -9999 -9999 -9999 -9999 -9999 -9999 -9999 -9999 -9999 -9999 -9999 -9999 -9999 -9999 -9999 -9999 -9999 -9999 -9999 -9999 -9999 -9999 -9999 -9999 -9999 -9999 -9999 -9999 -9999 -9999 -9999 -9999 -9999 -9999 -9999 -9999 -9999 -9999 -9999 -9999 -9999 -9999 -9999 -9999 -9999 -9999 -9999 -9999 -9999 -9999 -9999 -9999 -9999 -9999 -9999
-9999 -9999 -9999 -9999 -9999 -9999 -9999 -9999 -9999 -9999 -9999 -9999 -9999 -9999 -9999 -9999 -9999 -9999 -9999 -9999 -9999 -9999 -9999 -9999 -9999 -9999 -9999 -9999 -9999 -9999 -9999 -9999 -9999 -9999 -9999 -9999 -9999 -9999 -9999 -9999 -9999 -9999 -9999 -9999 -9999 -9999 -9999 -9999 -9999 -9999 -9999 -9999 -9999 -9999 -9999 -9999 -9999 -9999 -9999 -9999 -9999 -9999
-9999 -9999 -9999 -9999 -9999 -9999 -9999 -9999 -9999 -9999 -9999 -9999 -9999 -9999 -9999 -9999 -9999 -9999 -9999 -9999 -9999 -9999 -9999 -9999 -9999 -9999 -9999 -9999 -9999 -9999 -9999 -9999 -9999 -9999 -9999 -9999 -9999 -9999 -9999 -9999 -9999 -9999 -9999 -9999 -9999 -9999 -9999 -9999 -9999 -9999 -9999 -9999 -9999 -9999 -9999 -9999 -9999 -9999 -9999 -9999 -9999 -9999
-9999 -9999 -9999 -9999 -9999 -9999 -9999 -9999 -9999 -9999 -9999 -9999 -9999 -9999 -9999 -9999 -9999 -9999 -9999 -9999 -9999 -9999 -9999 -9999 -9999 -9999 -9999 -9999 -9999 -9999 -9999 -9999 -9999 -9999 -9999 -9999 -9999 -9999 -9999 -9999 -9999 -9999 -9999 -9999 -9999 -9999 -9999 -9999 -9999 -9999 -9999 -9999 -9999 -9999 -9999 -9999 -9999 -9999 -9999 -9999 -9999 -9999
-9999 -9999 -9999 -9999 -9999 -9999 -9999 -9999 -9999 -9999 -9999 -9999 -9999 -9999 -9999 -9999 -9999 -9999 -9999 -9999 -9999 -9999 -9999 -9999 -9999 -9999 -9999 -9999 0.63735419511795 1.16812654503071 1.55747471004725 0.946010107174516 0.966812163591385 0.918750727877897 0.792613098726553 0.781220234492246 0.697023027083453 0.665798427427516 0.689896902617286 0.524172998964787 0.621968731284142 0.617352078358332 0.582656671603521 0.595629160602888 0.46110891799132 0.39917583266894 0.405723268787066 0.342182730927187 0.351198216571527 0.417995247770758 0.394386425614357 0.361789504686991 0.498917914488736 0.447179877582718 0.426029544542817 0.436477153616793 0.490152602686602 0.554004820830682 0.600686388857224 0.563781980205985 0.584737887277323 0.502938924466862
-9999 -9999 -9999 -9999 -9999 -9999 -9999 -9999 -9999 -9999 -9999 -9999 -9999 -9999 -9999 -9999 -9999 -9999 -9999 -9999 -9999 -9999 -9999 -9999 -9999 -9999 1.18186515569687 1.0627324283123 2.63472596928477 1.93047709017992 1.52534168958664 1.16392038948834 0.986612845212221 0.87064850155045 0.781500598963569 0.734928304658217 0.765143512802965 0.752157511080012 0.781146607854787 0.634777148564657 0.627742429574331 0.61411464214325 0.422916869906818 0.475436034448007 0.426648656235022 0.560942312081655 0.505933061242104 0.38822016119957 0.347089274841196 0.337512965588009 0.222928417956128 0.483513925005408 0.35728375116984 0.377437993884087 0.424913895480773 0.427847732515896 0.433930443490253 0.778402111247966 0.493796596632284 0.530520361135988 0.631477827534956 0.926602800102795
-9999 -9999 -9999 -9999 -9999 -9999 -9999 -9999 -9999 -9999 -9999 -9999 -9999 -9999 -9999 -9999 -9999 -9999 -9999 -9999 -9999 -9999 -9999 -9999 -9999 -9999 1.18186515569687 2.08648806810379 1.9227329492569 1.67161792516708 1.40671429038048 1.22274148464203 1.10400304198265 0.775491948513424 0.622181743383408 0.599139173825582 0.604326248168945 0.599645594755808 0.587936500708262 0.586096584796906 0.597687572240829 0.608458639759766 0.613254835208257 0.523141403992971 0.442802319924037 0.552356253067652 0.541014755765597 0.417929495374362 0.438939491907755 0.360725671052933 0.461009636521339 0.538037488565725 0.312830160061518 0.449749060413417 0.436158764888259 0.409879872027565 0.328363085786502 0.315797085563342 0.488458916544914 0.482723304454018 0.841223841435031 1.10408918559551
-9999 -9999 -9999 -9999 -9999 -9999 -9999 -9999 -9999 -9999 -9999 -9999 -9999 -9999 -9999 -9999 -9999 -9999 -9999 -9999 -9999 -9999 -9999 -9999 -9999 -9999 1.69882426091603 2.14443308115005 1.58025527000427 1.25287422537804 1.14701771736145 1.18317523598671 1.12525427341461 1.00840947031975 0.859192460775375 0.762585014104843 0.569012671709061 0.578670432170232 0.590025494496028 0.702815249562263 0.624302417039871 0.61071773370107 0.647820480560002 0.678981324036916 0.651959817199146 0.583610152204831 0.594971835613251 0.574553067485492 0.513025432825089 0.379675328731537 0.293352335691452 0.526167248978334 0.550873707322513 0.582509836729835 0.326782753070195 0.313323090473811 0.296592156092326 0.650982073124717 0.634110770681325 0.723543368718203 0.791387544835315 0.865668778033817
-9999 -9999 -9999 -9999 -9999 -9999 -9999 -9999 -9999 -9999 -9999 -9999 -9999 -9999 -9999 -9999 -9999 -9999 -9999 -9999 -9999 -9999 -9999 -9999 -9999 1.19121462106705 2.28109806776047 1.79651319980621 1.25047346949577 1.10266345739365 1.05862954258919 1.04813021421432 1.03971371054649 0.871157974004745 0.795558750629425 0.745815753936768 0.722625017166138 0.6966772377491 0.724402517080307 0.745446771383286 0.775998026132584 0.684135764837265 0.653546243906021 0.781480222940445 0.671148879563107 0.607742649667403 0.617837471997037 0.637827284195844 0.684990782071562 0.678348869961851 0.681533301577849 0.704968839883804 0.750671214917127 0.713233617298743 0.829415444480745 0.843388440577607 0.611291643451242 0.603712641140994 0.674736000159208 0.902019355226966 0.859515225186067 0.823466425432878
-9999 -9999 -9999 -9999 -9999 -9999 -9999 -9999 -9999 -9999 -9999 -9999 -9999 -9999 -9999 -9999 -9999 -9999 -9999 -9999 -9999 -9999 -9999 -9999 -9999 1.66679075886222 1.64299467381309 1.42427204636966 1.23689550161362 1.09525653719902 1.00481629371643 0.94378200173378 0.928983002901077 0.873800218105316 0.841170787811279 0.808848738670349 0.793524026870728 0.785875529050827 0.76662003993988 0.789547473192215 0.778071731328964 0.708540737628937 0.643458008766174 0.624694481492043 0.574491754174232 0.711919148763021 0.742034181952477 0.692729914889616 0.698859509299783 0.690310117952964 0.618818568832734 0.618268884280149 0.632626504582517 0.642687307561145 0.852096448603429 0.901789320926917 0.764685380984755 0.645601485581959 0.703728854656219 0.702607717584161 0.915219092193772 1.0521893483751
-9999 -9999 -9999 -9999 -9999 -9999 -9999 -9999 -9999 -9999 -9999 -9999 -9999 -9999 -9999 -9999 -9999 -9999 -9999 -9999 -9999 -9999 -9999 -9999 1.31647038459778 2.07792145013809 1.61965942382812 1.31353801488876 1.11646798253059 1.0754182934761 1.01858550310135 0.9451604783535 0.939354747533798 0.961096465587616 0.949745267629623 0.86920353770256 0.831228733062744 0.831768751144409 0.820265293121338 0.81980100274086 0.794223010540009 0.782481014728546 0.714222013950348 0.686186268925667 0.691974744200706 0.69591298699379 0.77022400890526 0.892915556828181 0.770079955458641 0.68195366859436 0.633113900820414 0.572154395720538 0.572121762177523 0.513314395266421 0.614093845089277 0.460452544338563 0.58065026910866 0.597611812107703 0.613499196136699 0.556564558078261 0.654493986683733 0.683047929230858
-9999 -9999 -9999 -9999 -9999 -9999 -9999 -9999 -9999 -9999 -9999 -9999 -9999 -9999 -9999 -9999 -9999 -9999 -9999 -9999 -9999 -9999 -9999 1.50594073534012 2.05300569534302 1.68820649385452 1.50969153642654 1.30603721737862 1.14918521046638 1.05680403113365 1.02192297577858 1.01397228240967 1.01917272806168 1.0044509768486 1.02791547775269 0.879883468151093 0.89017054438591 0.843557238578796 0.854083478450775 0.844382286071777 0.812113523483276 0.78512254357338 0.759794980287552 0.779612213373184 0.736800000071526 0.725861236453056 0.664101764559746 0.596859507700976 0.606796105994898 0.5871561274809 0.615425553391961 0.609013467150576 0.667992332402398 0.759167582673185 0.802574283936444 0.746757656335831 0.786491845460499 0.799504211720298 0.700186127248932 0.618588732445941 0.668674320859068 0.607063353938215
-9999 -9999 -9999 -9999 -9999 -9999 -9999 -9999 -9999 -9999 -9999 -9999 -9999 -9999 -9999 -9999 -9999 -9999 -9999 -9999 -9999 -9999 3.34279001905368 1.51024037227035 1.99412101507187 1.4572439789772 1.41308704018593 1.27263075113297 1.20032626390457 1.10946902632713 1.07118603587151 1.06353145837784 0.987379521131516 0.989988774061203 0.953830540180206 0.809101492166519 0.872908473014832 0.877162456512451 0.887046754360199 0.881969958543777 0.860885292291641 0.873047232627869 0.790492504835129 0.757322251796722 0.752125471830368 0.72179326415062 0.713020518422127 0.625505983829498 0.582982510328293 0.592923918191124 0.598394464920549 0.605712406775531 0.658773435389294 0.667577436741661 0.758176998180502 0.864141764886239 0.689614200416733 0.676644675871905 0.682876825332642 0.161646746098995 0.742244276930304 0.739186408765176
-9999 -9999 -9999 -9999 -9999 -9999 -9999 -9999 -9999 -9999 -9999 -9999 -9999 -9999 -9999 -9999 -9999 -9999 -9999 -9999 2.64602583646774 2.18471775112305 1.72822538018227 1.86659047007561 1.99196630716324 1.46872875094414 1.26406878232956 1.23034876585007 1.20061576366425 1.12767148017883 1.04488125443459 1.03528645634651 1.00832775235176 1.00229170918465 0.899876207113266 0.843364477157593 0.898634254932404 0.887319713830948 0.883100956678391 0.839844793081284 0.842142730951309 0.867107212543488 0.851734489202499 0.836219966411591 0.794099271297455 0.761772751808167 0.725138247013092 0.722363993525505 0.711338236927986 0.668729245662689 0.682564482092857 0.522687343113563 0.440633531002437 0.514381717233097 0.635598147908847 0.660200033994282 0.669643334606115 0.710463878862998 0.759659349918365 0.776557813672458 0.857264512602021 0.180019497871399
-9999 -9999 -9999 -9999 -9999 -9999 -9999 -9999 -9999 -9999 -9999 -9999 -9999 -9999 -9999 -9999 -9999 -9999 -9999 -9999 2.26377674613454 1.7068492770195 1.76143044233322 1.55096858739853 1.79398528839412 1.85739523172379 1.24929901957512 1.22222176194191 1.18524223566055 1.12244698405266 0.994909465312958 0.992724001407623 1.00508549809456 0.97055920958519 0.927686244249344 0.87942972779274 0.836735218763351 0.868963479995728 0.870537757873535 0.852112501859665 0.835946291685104 0.840119272470474 0.836716532707214 0.775925248861313 0.762679517269135 0.787479758262634 0.786096721887589 0.782050520181656 0.767840266227722 0.777895510196686 0.720678001642227 0.735054731369019 0.705482259392738 0.678717747330666 0.311370008132037 0.560080744764384 0.663781892727403 0.688069269061089 0.758814767003059 0.757074481424163 0.748453811687582 0.545358762145042
-9999 -9999 -9999 -9999 -9999 -9999 -9999 -9999 -9999 -9999 -9999 -9999 -9999 -9999 -9999 -9999 -9999 -9999 -9999 2.73242783546448 2.15856295824051 1.72978574037552 1.59226727485657 1.46539574861526 1.59761327505112 1.63376033306122 1.2837727367878 1.2065152823925 1.12910172343254 1.04223221540451 0.990928530693054 0.966007500886917 0.946065723896027 0.949980765581131 0.921568483114243 0.932946771383286 0.877092003822327 0.878178745508194 0.878719478845596 0.853848785161972 0.852566242218018 0.836396992206573 0.854270964860916 0.842545509338379 0.826698750257492 0.786401242017746 0.831587970256805 0.790924519300461 0.780933022499084 0.809971511363983 0.759606778621674 0.720007494091988 0.701921984553337 0.703923001885414 0.702918738126755 0.55255462930483 0.554283323533395 0.640422794748755 0.705679798827452 0.637399466598735 0.507825554293745 0.466104424175094
-9999 -9999 -9999 -9999 -9999 -9999 -9999 -9999 -9999 -9999 -9999 -9999 -9999 -9999 -9999 -9999 -9999 -9999 4.17738819122314 3.31982910633087 2.51380133628845 2.04049569368362 1.71167027950287 1.49205449223518 1.41046571731567 1.31450700759888 1.39097321033478 1.11087754368782 1.02606528997421 0.980973780155182 0.950438261032104 0.966460525989532 0.935632467269897 0.938133001327515 0.966900765895844 0.945632994174957 0.892824769020081 0.891593277454376 0.87941774725914 0.837087750434875 0.842148721218109 0.846997529268265 0.848250031471252 0.822587996721268 0.840842217206955 0.801020264625549 0.776378989219666 0.817795515060425 0.822510749101639 0.825177043676376 0.76513946056366 0.735323265194893 0.682418256998062 0.644843995571136 0.628224760293961 0.586811989545822 0.693014181712095 0.649400653208003 0.520847197841195 0.478814902551034 0.422385742559153 0.323258243501186
-9999 -9999 -9999 -9999 -9999 -9999 -9999 -9999 -9999 -9999 -9999 -9999 -9999 -9999 -9999 -9999 -9999 28.606973664609 7.45218372344971 2.77567201852798 1.98269999027252 1.72194457054138 1.6109910607338 1.53987604379654 1.32646197080612 1.24289998412132 1.2299887239933 1.19194874167442 1.02136275172234 0.906867027282715 0.929874032735825 0.942890256643295 0.930449277162552 0.901616245508194 0.93082121014595 0.940518021583557 0.902605533599854 0.884572505950928 0.888292461633682 0.880076229572296 0.864782273769379 0.809786975383759 0.831529498100281 0.838475257158279 0.81567370891571 0.844305753707886 0.855029225349426 0.865166991949081 0.837902963161469 0.7980817258358 0.724713742733002 0.607580244541168 0.556863740086555 0.567920252680779 0.568888485431671 0.567152246832848 0.421991989016533 0.353496752679348 0.309588745236397 0.423820761196754 0.465141377028297 0.456987054032438
-9999 -9999 -9999 -9999 -9999 -9999 -9999 -9999 -9999 -9999 -9999 -9999 -9999 -9999 -9999 -9999 -9999 -9999 -9999 2.43976807594299 1.91759991645813 1.63758981227875 1.32484799623489 1.36383372545242 1.31558400392532 1.355677485466 2.44237804412842 1.70864707231522 1.08743172883987 1.03401678800583 1.05058720707893 1.092245221138 1.02914696931839 0.957400470972061 0.916311711072922 0.925541996955872 0.939808487892151 0.848603278398514 0.863983511924744 0.839694768190384 0.816806226968765 0.817523986101151 0.787822544574738 0.867570787668228 0.801511466503143 0.852585017681122 0.815988779067993 0.811913251876831 0.806691706180573 0.823133289813995 0.771218955516815 0.634417489171028 0.54391872882843 0.555328488349915 0.558087766170502 0.553519517183304 0.480324000120163 0.406965002417564 0.354923240840435 0.316193260252476 0.322738498449326 0.341738238930702
-9999 -9999 -9999 -9999 -9999 -9999 -9999 -9999 -9999 -9999 -9999 -9999 -9999 -9999 -9999 4.24059587717056 3.05791663039814 2.68053907155991 2.32888877391815 1.62098783254623 1.52763444185257 1.75226032733917 1.50531381368637 1.48917827010155 1.34605720639229 1.30587109397439 1.37449286615147 1.21693423390388 1.27604475617409 1.19458571076393 1.14193198084831 1.05905699729919 1.02495297789574 1.01752951741219 0.944187015295029 0.907988995313644 0.886554032564163 0.902619749307632 0.82236447930336 0.778887033462524 0.785155534744263 0.801130503416061 0.81435227394104 0.81333526968956 0.808901220560074 0.823506742715836 0.865920782089233 0.704886764287949 0.682556256651878 0.647627234458923 0.588073521852493 0.526274979114532 0.56418751180172 0.567652478814125 0.580686002969742 0.473955765366554 0.447345748543739 0.425338491797447 0.402575254440308 0.366081744432449 0.351525753736496 0.348801746964455
-9999 -9999 -9999 -9999 -9999 -9999 -9999 -9999 -9999 -9999 35.2986888885498 35.2986888885498 13.7248649597168 2.79662398858504 1.87065534842642 2.36428195238113 2.46127420663834 2.53738349676132 2.14423012733459 3.10257661342621 2.37655431032181 1.71379494667053 1.58837699890137 1.50179100036621 1.53181121980443 1.45844735763967 1.27027505636215 1.17061727307737 1.11851151550517 1.03793326020241 0.91941824555397 0.908511757850647 0.926231235265732 0.967250257730484 0.97107070684433 0.931493997573853 0.8933145403862 0.884076744318008 0.79358696937561 0.762261003255844 0.810728967189789 0.829725712537766 0.776586771011353 0.734765231609344 0.741942018270493 0.757388234138489 0.768961519002914 0.686543270945549 0.64546050131321 0.663542255759239 0.62957552075386 0.606068998575211 0.576837748289108 0.553430244326591 0.544354498386383 0.479569494724274 0.445690512657166 0.443520739674568 0.430538982152939 0.411354750394821 0.391404747962952 0.391982272267342
-9999 -9999 -9999 -9999 -9999 -9999 -9999 -9999 -9999 -9999 35.2986888885498 7.4238817691803 6.49523162841797 5.24397361278534 5.25993990898132 1.45611723030315 2.00984552327324 7.10141201019287 4.4848630419462 4.80593700068338 3.34376621246338 2.79168748855591 1.98142129182816 1.61697828769684 1.62111300230026 1.19629275798798 1.09956228733063 2.81288033723831 2.37136191129684 1.08337393578361 0.948137283325195 0.887484043836594 0.910302758216858 0.948135763406754 0.960472494363785 0.96524852514267 0.970473021268845 0.978710979223251 0.811061292886734 0.780786037445068 0.803135991096497 0.816985487937927 0.747218236327171 0.706496983766556 0.701168239116669 0.733006507158279 0.719814017415047 0.717487514019012 0.696099758148193 0.677877768874168 0.638129979372025 0.622675493359566 0.593624979257584 0.563833504915237 0.531712487339973 0.506834238767624 0.508641019463539 0.487742990255356 0.480090022087097 0.460568234324455 0.462156727910042 0.467064008116722
-9999 -9999 -9999 -9999 -9999 -9999 -9999 -9999 -9999 -9999 -9999 -9999 4.89684600653229 3.92764923789284 6.45676302909851 10.8627805087877 -9999 -9999 -9999 -9999 -9999 -9999 3.45009076595306 2.97837907075882 2.18735700845718 1.28942173719406 1.20870226621628 1.07149422168732 1.08480674028397 0.994234532117844 0.90720596909523 0.832959741353989 0.818269461393356 0.855089217424393 0.838122725486755 0.826192528009415 0.889548003673553 0.890337735414505 0.83899649977684 0.80715224146843 0.786291718482971 0.749046742916107 0.670897498726845 0.654605269432068 0.689933270215988 0.724595993757248 0.700979992747307 0.694325253367424 0.642938241362572 0.588036730885506 0.545400738716125 0.515829741954803 0.527345269918442 0.532529979944229 0.53863500058651 0.515016004443169 0.513632252812386 0.492896229028702 0.469943270087242 0.465711012482643 0.464623510837555 0.498808488249779
-9999 -9999 -9999 -9999 -9999 -9999 -9999 -9999 -9999 -9999 -9999 -9999 -9999 16.6274771690369 16.6274771690369 16.6274771690369 -9999 -9999 -9999 -9999 -9999 -9999 4.94490551948547 4.94490551948547 4.94490551948547 0.308659605681896 2.02422392070293 1.58390092849731 1.44192454218864 1.22224053740501 0.873608261346817 0.887223780155182 0.852671205997467 0.82795724272728 0.871290028095245 0.847726464271545 0.883214235305786 0.842511713504791 0.794755518436432 0.797631740570068 0.798650979995728 0.779364019632339 0.718256995081902 0.697324499487877 0.654810011386871 0.650827512145042 0.659774243831635 0.701274767518044 0.646173745393753 0.59127750992775 0.546050995588303 0.529014766216278 0.526728004217148 0.543596997857094 0.564067482948303 0.560265764594078 0.556096494197845 0.523998767137527 0.533107504248619 0.525708004832268 0.523636490106583 0.535524755716324
-9999 -9999 -9999 -9999 -9999 -9999 -9999 -9999 -9999 -9999 -9999 -9999 -9999 -9999 -9999 -9999 -9999 -9999 -9999 -9999 -9999 -9999 -9999 -9999 -9999 -9999 9.67906223237514 1.82748448848724 2.07859951257706 1.75185227394104 1.26423373818398 0.985067993402481 1.00750350952148 0.897902995347977 0.878643751144409 0.846174716949463 0.789153009653091 0.830265015363693 0.845058739185333 0.797409743070602 0.748159512877464 0.726622492074966 0.707376748323441 0.691550999879837 0.665367007255554 0.685487240552902 0.677247762680054 0.677312985062599 0.625578761100769 0.599838003516197 0.568742260336876 0.573481500148773 0.547343239188194 0.578090250492096 0.62040451169014 0.647822991013527 0.601070255041122 0.560003265738487 0.545583754777908 0.545401498675346 0.538426503539085 0.545252993702888
-9999 -9999 -9999 -9999 -9999 -9999 -9999 -9999 -9999 -9999 -9999 -9999 -9999 -9999 -9999 -9999 -9999 -9999 -9999 -9999 -9999 -9999 -9999 -9999 -9999 -9999 -9999 2.98926691304554 2.57603392161821 2.65987282991409 2.53000205755234 1.96702802181244 1.29379203915596 1.01875725388527 1.00481629371643 0.857187777757645 0.776131510734558 0.773645281791687 0.743121743202209 0.706998020410538 0.688675493001938 0.693176999688148 0.696191266179085 0.661698013544083 0.649566739797592 0.632087990641594 0.682812005281448 0.670805230736732 0.624576732516289 0.634990498423576 0.651274502277374 0.665370762348175 0.671905517578125 0.685393497347832 0.678456768393517 0.612651005387306 0.59144926071167 0.588876754045486 0.593554481863976 0.598244994878769 0.592922240495682 0.606620997190475
