EcologicalScience/Bass/data/rs_data_bass/chl_170.asc
NCOLS 226 
NROWS 124 
XLLCORNER -9.41648524995501 
YLLCORNER 47.587301625531 
CELLSIZE 0.0833 
NODATA_value -9999 
[rows 54 to 80 of 124, columns 0 to 61 of 226]
-9999 -9999 -9999 -9999 -9999 -9999 -9999 -9999 -9999 -9999 -9999 -9999 -9999 -9999 -9999 -9999 -9999 -9999 -9999 -9999 -9999 -9999 -9999 -9999 -9999 -9999 -9999 -9999 -9999 -9999 -9999 -9999 -9999 -9999 -9999 -9999 -9999 -9999 4.7298861974739 3.23385293483734 3.54758131504059 2.30743056535721 2.02900797128677 1.88048851490021 1.74667954444885 1.76411247253418 1.41115495562553 1.0954695045948 0.984162032604218 1.05660375952721 1.00674372911453 1.10392275452614 1.37593728303909 1.55679756402969 1.65464776754379 2.08073776960373 2.54952371120453 2.43083447217941 -9999 0.607058599591255 0.62790758907795 1.39582915474539
-9999 -9999 -9999 -9999 -9999 -9999 -9999 -9999 -9999 -9999 -9999 -9999 -9999 -9999 -9999 -9999 -9999 -9999 -9999 -9999 -9999 -9999 -9999 -9999 -9999 -9999 -9999 -9999 -9999 -9999 -9999 -9999 -9999 -9999 -9999 -9999 -9999 -9999 -9999 3.12057337760925 2.33773648738861 2.45967668294907 2.08065980672836 1.77228301763535 1.20638698339462 1.43616825342178 1.90427845716476 1.43722647428513 1.06300127506256 0.930882006883621 0.881923466920853 0.94148924946785 1.36781778931618 1.70971047878265 2.15087395906448 2.06365764141083 2.02200644016266 -9999 -9999 -9999 -9999 -9999
-9999 -9999 -9999 -9999 -9999 -9999 -9999 -9999 -9999 -9999 -9999 -9999 -9999 -9999 -9999 -9999 -9999 -9999 -9999 -9999 -9999 -9999 -9999 -9999 -9999 -9999 -9999 -9999 -9999 -9999 -9999 -9999 -9999 -9999 -9999 -9999 -9999 -9999 -9999 -9999 2.14600270986557 2.36830794811249 2.15082907676697 1.53261083364487 1.24896222352982 1.237414509058 1.59200173616409 1.50458854436874 1.12220853567123 1.04238000512123 0.950778007507324 1.0609305202961 1.44612747430801 1.6560652256012 1.78646475076675 2.32497078180313 1.74357533454895 2.25525099039078 2.03655655043466 -9999 -9999 -9999
-9999 -9999 -9999 -9999 -9999 -9999 -9999 -9999 -9999 -9999 -9999 -9999 -9999 -9999 -9999 -9999 -9999 -9999 -9999 -9999 -9999 -9999 -9999 -9999 -9999 -9999 -9999 -9999 -9999 -9999 -9999 -9999 -9999 -9999 -9999 -9999 -9999 -9999 -9999 -9999 2.14575666189194 1.80165070295334 2.08473604917526 1.88575351238251 1.62506031990051 1.26681903004646 1.54477268457413 1.39515602588654 1.12824001908302 1.10916298627853 1.1539072394371 1.13938048481941 1.35135599970818 1.46917426586151 1.66004329919815 1.78168952465057 1.78025704622269 1.67931908369064 1.78946703672409 3.42121789455414 3.56931475230626 -9999
-9999 -9999 -9999 -9999 -9999 -9999 -9999 -9999 -9999 -9999 -9999 -9999 -9999 -9999 -9999 -9999 -9999 -9999 -9999 -9999 -9999 -9999 -9999 -9999 -9999 -9999 -9999 -9999 -9999 -9999 -9999 -9999 -9999 -9999 -9999 -9999 -9999 -9999 -9999 -9999 -9999 2.0958194732666 1.63431233167648 1.65317022800446 1.76456326246262 1.72154992818832 1.27980521321297 1.38438373804092 1.42847925424576 1.2595379948616 1.11592948436737 1.14936822652817 1.14276149868965 1.31544899940491 1.39818075299263 1.44335773587227 1.76155650615692 1.633649289608 1.31457075476646 3.01499061584473 3.47757961750031 -9999
-9999 -9999 -9999 -9999 -9999 -9999 -9999 -9999 -9999 -9999 -9999 -9999 -9999 -9999 -9999 -9999 -9999 -9999 -9999 -9999 -9999 -9999 -9999 -9999 -9999 -9999 -9999 -9999 -9999 -9999 -9999 -9999 -9999 -9999 -9999 -9999 -9999 -9999 -9999 -9999 -9999 2.31537526845932 1.88206207752228 2.38764220476151 2.23312193155289 2.11162126064301 1.84855341911316 1.49025374650955 1.52591621875763 1.26736271381378 1.08711004257202 1.01646074652672 0.928392738103867 1.04302427172661 1.09668749570847 1.08655652403831 1.29288071393967 1.64984107017517 1.51138043403625 2.35694860192862 -9999 -9999
-9999 -9999 -9999 -9999 -9999 -9999 -9999 -9999 -9999 -9999 -9999 -9999 -9999 -9999 -9999 -9999 -9999 -9999 -9999 -9999 -9999 -9999 -9999 -9999 -9999 -9999 -9999 -9999 -9999 -9999 -9999 -9999 -9999 -9999 -9999 -9999 -9999 -9999 -9999 -9999 2.31506931781769 2.21695947647095 2.05622774362564 1.83696305751801 1.82422721385956 1.59299021959305 1.54182368516922 1.4302094578743 1.18796324729919 1.04632124304771 0.953607738018036 0.947476476430893 0.895930498838425 0.976868212223053 1.06785821914673 1.22178974747658 1.32804447412491 -9999 -9999 2.16216820478439 1.80318832397461 1.49609845876694
-9999 -9999 -9999 -9999 -9999 -9999 -9999 -9999 -9999 -9999 -9999 -9999 -9999 -9999 -9999 -9999 -9999 -9999 -9999 -9999 -9999 -9999 -9999 -9999 -9999 -9999 -9999 -9999 -9999 -9999 -9999 -9999 -9999 -9999 -9999 -9999 -9999 -9999 -9999 1.80818849802017 1.85974127054214 1.87970405817032 1.73811078071594 1.58155953884125 1.27974978089333 1.828832924366 1.57375949621201 1.21688398718834 0.956759959459305 0.847113043069839 0.813101291656494 0.842598706483841 0.903818964958191 1.06089001893997 1.15518897771835 1.19698879122734 1.55631905794144 1.59166878461838 1.73439848423004 1.36556848883629 1.19720774888992 1.24039274454117
-9999 -9999 -9999 -9999 -9999 -9999 -9999 -9999 -9999 -9999 -9999 -9999 -9999 -9999 -9999 -9999 -9999 -9999 -9999 -9999 -9999 -9999 -9999 -9999 -9999 -9999 -9999 -9999 -9999 -9999 -9999 -9999 -9999 -9999 -9999 -9999 -9999 -9999 -9999 1.84949541091919 1.63988095521927 1.52149647474289 1.3661279976368 1.34591245651245 0.64783801138401 1.29280498623848 1.43402096629143 1.3230060338974 1.17263102531433 0.849154472351074 0.767018258571625 0.837592542171478 0.94036129117012 0.98359876871109 1.09993878006935 1.31129774451256 1.43297177553177 1.50494921207428 1.48520171642303 1.07346904277802 1.0006807744503 1.14976197481155
-9999 -9999 -9999 -9999 -9999 -9999 -9999 -9999 -9999 -9999 -9999 -9999 -9999 -9999 -9999 -9999 -9999 -9999 -9999 -9999 -9999 -9999 -9999 -9999 -9999 -9999 -9999 -9999 -9999 -9999 -9999 -9999 -9999 -9999 -9999 -9999 -9999 -9999 1.84738504886627 1.86355268955231 1.61944806575775 1.41166278719902 1.35440701246262 1.3009680211544 0.702932998538017 1.07855477929115 1.08124271035194 1.05647546052933 1.08730199933052 0.937154978513718 0.866108268499374 1.01311048865318 1.12303876876831 1.11963826417923 1.14458253979683 1.2817320227623 1.47497847676277 1.2703732252121 1.07386726140976 0.936372756958008 0.908171206712723 1.04904153943062
-9999 -9999 -9999 -9999 -9999 -9999 -9999 -9999 -9999 -9999 -9999 -9999 -9999 -9999 -9999 -9999 -9999 -9999 -9999 -9999 -9999 -9999 -9999 -9999 -9999 -9999 -9999 -9999 -9999 -9999 -9999 -9999 -9999 -9999 -9999 -9999 -9999 -9999 1.7991937994957 1.80482769012451 1.58409297466278 1.35838803648949 1.19945928454399 1.12049102783203 0.857920467853546 0.891586482524872 0.927626252174377 0.889484256505966 0.843577533960342 0.793689787387848 0.839718014001846 1.00869977474213 1.15603646636009 1.13413801789284 1.08804300427437 1.25017350912094 1.19362351298332 0.976917028427124 0.883536010980606 0.799545764923096 0.75200629234314 0.844099491834641
-9999 -9999 -9999 -9999 -9999 -9999 -9999 -9999 -9999 -9999 -9999 -9999 -9999 -9999 -9999 -9999 -9999 -9999 -9999 -9999 -9999 -9999 -9999 -9999 -9999 -9999 -9999 -9999 -9999 -9999 -9999 -9999 -9999 -9999 -9999 -9999 -9999 2.27504304423928 1.95249903202057 1.34797722101212 1.19284728169441 1.09076321125031 0.933982461690903 0.905258238315582 0.926078259944916 0.998049706220627 0.932621955871582 0.807220458984375 0.761946737766266 0.837350964546204 1.12892326712608 1.19603097438812 1.23785778880119 1.08896479010582 1.11307203769684 1.16956874728203 0.963075041770935 0.888210028409958 0.802595257759094 0.72876450419426 0.7029719799757 0.951011270284653
-9999 -9999 -9999 -9999 -9999 -9999 -9999 -9999 -9999 -9999 -9999 -9999 -9999 -9999 -9999 -9999 -9999 -9999 -9999 -9999 -9999 -9999 -9999 -9999 -9999 -9999 -9999 -9999 -9999 -9999 -9999 -9999 -9999 -9999 -9999 -9999 -9999 2.43494617938995 1.98309749364853 1.3451654613018 1.08898347616196 1.00293079018593 0.903114706277847 0.808616280555725 0.835120528936386 0.828257292509079 0.780862480401993 0.717879742383957 0.747711002826691 0.783170968294144 0.894025504589081 0.921353280544281 1.23697203397751 1.23931127786636 1.1156519651413 1.064004778862 0.935109794139862 0.979442238807678 0.888397514820099 0.744776263833046 0.748957514762878 1.04886522889137
-9999 -9999 -9999 -9999 -9999 -9999 -9999 -9999 -9999 -9999 -9999 -9999 -9999 -9999 -9999 -9999 -9999 -9999 -9999 -9999 -9999 -9999 -9999 -9999 -9999 -9999 -9999 -9999 -9999 -9999 -9999 -9999 -9999 -9999 -9999 -9999 3.78717831770579 2.23466616868973 1.80563181638718 1.13045248389244 1.00010624527931 0.889152735471725 0.818301737308502 0.783239990472794 1.10938873887062 1.0305592417717 0.977314531803131 1.07357999682426 1.10124224424362 1.23182702064514 1.15864124894142 1.19306024909019 1.22172152996063 1.22832977771759 1.1090430021286 1.02491703629494 0.965166717767715 0.911396205425262 0.892379254102707 1.04593724012375 1.13945174217224 1.30307328701019
-9999 -9999 -9999 -9999 -9999 -9999 -9999 -9999 -9999 -9999 -9999 -9999 -9999 -9999 -9999 -9999 -9999 -9999 -9999 -9999 -9999 -9999 -9999 -9999 -9999 -9999 -9999 -9999 -9999 -9999 -9999 1.37938083708286 0.700011332397876 -9999 2.10493344068527 2.26926988363266 1.5288872718811 1.61057782173157 1.24858501553535 1.03513053059578 0.87149852514267 0.796724259853363 0.765999019145966 0.781595975160599 1.0116720199585 1.11004874110222 1.08291524648666 1.04187002778053 1.39483952522278 1.51106178760529 1.4169659614563 1.27514398097992 1.19792550802231 1.14875704050064 1.07307377457619 1.10367375612259 1.09963122010231 1.30887445807457 1.38433349132538 1.29607424139977 1.55475980043411 3.86101352626627
-9999 -9999 -9999 -9999 -9999 -9999 -9999 -9999 -9999 -9999 -9999 -9999 -9999 -9999 -9999 -9999 -9999 -9999 -9999 -9999 -9999 -9999 0.346259817481041 27.7685025334358 2.44283054556165 1.0412572145462 13.1264841556549 1.66375494003296 5.12765693664551 1.98053169250488 2.88558608293533 1.93998903036118 1.07149094939232 1.15821978449821 1.00085771083832 1.18242153525352 1.14626026153564 1.24199026823044 1.02684071660042 0.852012723684311 0.903594732284546 1.02455171942711 0.822907537221909 0.849752247333527 0.886996507644653 0.737146496772766 0.863862007856369 0.980463713407516 1.06999728083611 1.28692728281021 1.38798978924751 1.33294951915741 1.24701449275017 1.14098247885704 1.33631703257561 1.36169323325157 1.45627802610397 2.11363984644413 8.01014765940214 -9999 -9999 -9999
-9999 -9999 -9999 -9999 -9999 -9999 -9999 -9999 -9999 -9999 -9999 -9999 -9999 -9999 -9999 -9999 -9999 -9999 -9999 -9999 -9999 -9999 2.61878317594528 7.11668229103088 3.66712117195129 23.3264493942261 5.37224543094635 11.5216948986053 2.36963778734207 1.79518729448318 1.80509394407272 2.14076328277588 1.52069252729416 0.956265717744827 0.857802718877792 0.7696852684021 0.823609471321106 0.878438293933868 0.933439493179321 0.964834481477737 1.1183542907238 1.43082600831985 1.12169623374939 0.908905506134033 1.0220887362957 1.59398925304413 0.866813242435455 0.961665719747543 0.997283220291138 1.13840326666832 1.36909648776054 1.39089220762253 1.53998619318008 1.49767202138901 1.8548526763916 -9999 -9999 -9999 -9999 -9999 -9999 -9999
-9999 -9999 -9999 -9999 -9999 -9999 -9999 -9999 -9999 -9999 -9999 -9999 -9999 -9999 -9999 -9999 -9999 -9999 -9999 2.16843886235181 2.33370159566402 1.22086420655251 0.747733488678932 1.53376346826553 1.20078903436661 1.21804279088974 1.19158127903938 0.871228516101837 0.884921997785568 1.03877770900726 1.01247525215149 0.984245985746384 1.0001512169838 0.763689011335373 0.738388493657112 0.773588955402374 0.772613972425461 0.854229748249054 0.730126485228539 0.512682750821114 0.95712223649025 0.896617501974106 0.61812150478363 0.688576519489288 1.16889971494675 1.45943400263786 1.18191978335381 1.15855050086975 1.18828198313713 1.24357947707176 1.50840747356415 -9999 -9999 -9999 -9999 -9999 -9999 -9999 -9999 -9999 -9999 -9999
-9999 -9999 -9999 -9999 -9999 -9999 -9999 -9999 -9999 -9999 -9999 -9999 -9999 -9999 -9999 -9999 -9999 11.8827052116394 2.60119950771332 1.53639596700668 1.37898677587509 1.0743915438652 0.899479508399963 0.868760257959366 0.816549718379974 0.762936025857925 0.866373002529144 0.887085020542145 0.839611530303955 0.857003957033157 0.825768738985062 0.863914489746094 0.962836503982544 0.895787268877029 1.1330152451992 0.967341721057892 0.841874241828918 1.00102052092552 0.686648994684219 0.605327233672142 0.734763756394386 0.823037981987 0.748357504606247 0.528716996312141 0.668021231889725 1.00404220819473 1.30241999030113 1.48166701197624 1.668576836586 1.99409168958664 1.10909756592342 -9999 -9999 -9999 -9999 -9999 -9999 -9999 -9999 -9999 -9999 -9999
-9999 -9999 -9999 -9999 -9999 -9999 -9999 -9999 -9999 -9999 -9999 -9999 -9999 -9999 3.74319541454315 2.45929580926895 33.314489364624 11.8262465000153 1.28142222762108 1.00287070870399 0.978780716657639 0.924301475286484 0.829521775245667 0.748343244194984 0.695888981223106 0.680715009570122 0.651202484965324 0.672321751713753 0.727024510502815 0.715275004506111 0.741881266236305 1.32122102379799 1.32029101252556 1.08220946788788 0.990798711776733 0.978108018636703 0.859758764505386 0.869752496480942 0.727823987603188 0.753069788217545 0.854665517807007 0.834444791078568 0.728148758411407 0.724916249513626 0.768655478954315 0.875234216451645 1.10565528273582 1.55700677633286 1.27380001544952 1.74307197332382 2.65104067325592 1.75691843032837 -9999 -9999 -9999 -9999 -9999 -9999 -9999 -9999 -9999 -9999
-9999 -9999 -9999 -9999 -9999 -9999 -9999 -9999 -9999 -9999 -9999 5.5974951794273 4.27198505401611 2.10173016786575 1.46878579258919 1.02443253993988 0.823737770318985 0.713259011507034 0.736858516931534 0.72391802072525 0.706585496664047 0.653568014502525 0.600116237998009 0.675119251012802 0.705237731337547 0.730309501290321 0.693940490484238 0.727755010128021 0.737499743700027 0.846399039030075 1.01044803857803 1.39689150452614 1.44976195693016 1.23199796676636 1.05902177095413 1.09874546527863 1.13874524831772 0.8971027135849 0.834017962217331 0.828836292028427 0.775538206100464 0.749827489256859 0.789867013692856 0.983464479446411 1.06069502234459 0.948973506689072 1.29545778036118 1.40082147717476 1.23304653167725 1.30527976155281 1.95051140785217 -9999 -9999 -9999 -9999 -9999 4.92975192513577 10.8199281692505 7.44931268692017 10.0887408256531 6.78956580162048 -9999
-9999 -9999 -9999 -9999 -9999 -9999 -9999 -9999 -9999 3.61113059520721 0.90256036999749 1.45891347527504 1.25698426365852 0.9126997590065 0.815819263458252 0.776031732559204 0.736704021692276 0.698155492544174 0.636082515120506 0.612890258431435 0.612914979457855 0.632021248340607 0.616767749190331 0.646004229784012 0.666171759366989 0.684718519449234 0.632163003087044 0.642511501908302 0.743525236845016 0.997415274381638 1.17681974172592 1.16632801294327 1.43897321820259 0.991257011890411 1.02371996641159 1.09949925541878 1.06888049840927 0.954503238201141 1.07918921113014 1.16784453392029 0.995210230350494 0.617302492260933 0.773163020610809 0.92516103386879 1.27908298373222 1.5467301607132 1.49805602431297 1.31633546948433 1.28184753656387 1.44348299503326 1.25101724267006 1.61839717626572 2.08792358636856 1.82719701528549 4.90549063682556 5.11271023750305 4.89526641368866 2.44964396953583 3.08937442302704 3.78014266490936 4.3864814043045 -9999
-9999 -9999 -9999 -9999 -9999 1.5480090379715 1.28263199329376 1.26227626204491 1.45328396558762 2.05244547128677 1.44960826635361 0.960987031459808 0.769724249839783 0.709236770868301 0.662089481949806 0.653502747416496 0.664700254797935 0.627279728651047 0.580507501959801 0.569338515400887 0.599093243479729 0.586897507309914 0.558588758111 0.623959511518478 0.607460260391235 0.575922757387161 0.600812986493111 0.698892742395401 0.738783001899719 1.22321328520775 1.09107077121735 1.10222625732422 1.28354921936989 1.07351320981979 1.08546674251556 1.14597979187965 1.44527846574783 1.33647447824478 1.39392971992493 1.41054904460907 1.29107174277306 0.652718245983124 0.858916461467743 1.07236951589584 1.51594805717468 1.77737098932266 1.78461974859238 1.67736983299255 1.37576696276665 1.40365049242973 1.31123623251915 1.69900041818619 3.22499012947083 3.03203558921814 3.29331743717194 2.92174422740936 2.53479892015457 2.2691684961319 2.44863742589951 5.54638195037842 3.45549917221069 2.47303801774979
-9999 -9999 -9999 -9999 -9999 1.00294429063797 0.875517010688782 0.793803781270981 0.766305774450302 0.712593734264374 0.716179490089417 0.71408848464489 0.686296507716179 0.640625238418579 0.604755744338036 0.583536744117737 0.573470994830132 0.58671373128891 0.598475262522697 0.607239738106728 0.57099075615406 0.557289764285088 0.525270000100136 0.477518230676651 0.460556253790855 0.502533003687859 0.592667251825333 0.649909481406212 0.62644051015377 0.634193256497383 0.736496239900589 1.2688492834568 1.38518553972244 0.942755252122879 1.005087018013 1.10209196805954 1.24853628873825 1.26515999436378 1.33348274230957 1.33062073588371 1.14425253868103 0.936750769615173 0.823118269443512 0.790064960718155 0.808428794145584 1.05114072561264 1.20264673233032 1.27124252915382 1.51502108573914 1.73760902881622 1.97530281543732 2.05379176139832 1.908536195755 1.83113622665405 1.91194045543671 1.64951545000076 1.54381281137466 1.49430978298187 1.55456328392029 1.72922104597092 1.98022502660751 2.08183658123016
-9999 -9999 -9999 -9999 -9999 0.647211760282516 0.539251506328583 0.546308264136314 0.557161509990692 0.618830233812332 0.653459250926971 0.678453013300896 0.617852255702019 0.595382988452911 0.568801492452621 0.537357017397881 0.536064729094505 0.500024244189262 0.488078266382217 0.539351239800453 0.556937232613564 0.562989771366119 0.522777020931244 0.482712730765343 0.486449986696243 0.535343259572983 0.755513995885849 0.760556995868683 0.76828345656395 0.751785010099411 0.731223732233047 0.753060758113861 0.903677970170975 0.941002517938614 0.816608995199203 0.831373482942581 0.903735011816025 0.969778507947922 1.1441625058651 1.21720799803734 1.1357227563858 1.11034351587296 1.04270401597023 1.06670022010803 0.985608726739883 0.85629603266716 0.835513472557068 0.854903966188431 0.766123473644257 0.927075773477554 1.40482574701309 1.73406368494034 1.68231976032257 1.43620428442955 1.15429052710533 1.08081597089767 1.10318398475647 1.37606924772263 1.63816505670547 1.80418717861176 1.83616733551025 1.8260355591774
-9999 -9999 -9999 -9999 -9999 0.558896988630295 0.564410984516144 0.567459762096405 0.540928512811661 0.55757474899292 0.589958980679512 0.624003008008003 0.635134488344193 0.57743775844574 0.503690242767334 0.421520993113518 0.391527771949768 0.38476574420929 0.415959745645523 0.521187767386436 0.560237243771553 0.582363769412041 0.59817373752594 0.515105992555618 0.510233268141747 0.561276733875275 0.767687290906906 0.750924736261368 0.667068019509315 0.714000731706619 0.632704496383667 0.71307148039341 0.735492020845413 0.750218242406845 0.774206221103668 0.860524535179138 0.910959720611572 1.05175200104713 0.907586216926575 0.764237970113754 0.73641000688076 0.748531490564346 0.803695499897003 0.982457220554352 0.975521206855774 0.959771990776062 0.87582528591156 0.7214714884758 0.700257003307343 0.719325765967369 0.71545498073101 0.697692006826401 0.682258486747742 0.755670726299286 0.745175242424011 1.05901202559471 1.07354629039764 1.23899325728416 1.36253696680069 1.52259457111359 1.49319300055504 1.63283783197403
-9999 -9999 -9999 -9999 -9999 0.572924271225929 0.58949401974678 0.580480501055717 0.563981249928474 0.532168507575989 0.529371008276939 0.523172244429588 0.54085873067379 0.496138483285904 0.450192019343376 0.407541766762733 0.423453748226166 0.453774735331535 0.497273236513138 0.526681512594223 0.543488994240761 0.548360243439674 0.577407002449036 0.589384496212006 0.498147010803223 0.542155489325523 0.605673730373383 0.734620481729507 0.674220755696297 0.658553257584572 0.769218027591705 0.756639003753662 0.770911484956741 0.787580966949463 0.799650013446808 0.847487211227417 1.02368250489235 1.03919327259064 0.898697286844254 0.775004982948303 0.417673498392105 0.421796232461929 0.48038475215435 0.57506100833416 0.853893041610718 0.855030745267868 0.816288024187088 0.719417229294777 0.683846980333328 0.68292823433876 0.620310008525848 0.608369261026382 0.686116486787796 0.714350983500481 0.788080483675003 0.888636767864227 1.20507752895355 1.16570252180099 1.22389724850655 1.20614397525787 1.57150876522064 1.96983897686005
