EcologicalScience/Bass/data/rs_data_bass/chl_316.asc
NCOLS 226 
NROWS 124 
XLLCORNER -9.41648524995501 
YLLCORNER 47.587301625531 
CELLSIZE 0.0833 
NODATA_value -9999 
[rows 54 to 80 of 124, columns 124 to 185 of 226]
2.09373992681503 1.94914211332798 1.77133129537106 1.74658769369125 2.31251453927585 1.5143670514226 1.57953505218029 2.03064276278019 1.99029424786568 1.84428462386131 1.49828828126192 1.5976627767086 1.50937227904797 1.79110682010651 1.67990846931934 1.55245035886765 1.39364649355412 1.13410895317793 3.79790271245516 3.53326788315406 3.22733388497279 2.74539861312279 2.76539957064849 2.35966844283617 2.32050428482202 2.11332356929779 2.20049991515967 2.2203362263166 2.22796595555085 2.31203820155217 2.3528681901785 2.30282840361962 2.47750572516368 2.33848731334393 2.21895077595344 2.06534432447874 2.0062385559082 1.99325264692306 2.36690059991983 2.42835980195266 2.37903338670731 2.16601998072404 1.9614344055836 2.96850954294205 2.32490651882612 2.13365117861674 2.1911325271313 2.05472525954247 2.17531894786017 3.38534907996655 4.06037087738514 7.3028841304779 7.82696543421064 8.92365176337106 7.81323337554932 8.74262436576512 8.99732661247253 14.9437492810763 11.8604345765225 13.298018913141 7.3851194995606 -9999
2.31421905755997 2.05256800353527 1.83096066117287 1.75865291059017 1.82206639647484 1.77188275754452 1.8015478104353 2.03847859799862 2.05285808444023 1.95218597352505 1.99385742843151 1.91815136373043 4.8699013544963 2.25988880651338 1.66017597913742 1.51747720688581 1.34431377798319 1.80257486445563 1.83702320286206 3.664779149569 3.75277216617878 1.77453666073935 3.39921278219957 2.35326439142227 2.42631044387817 2.37948335409164 2.44434759708551 2.7769670853248 2.88084411621094 2.80560582876205 2.58083537908701 2.56787061232787 2.49383622407913 2.3581964465288 2.1882300055944 2.09872485582645 2.12649519626911 2.19667915656016 2.29222667675752 2.24582510728102 2.13932288151521 2.03478144682371 1.864327614124 3.22624175548553 3.93237457275391 3.89263083934784 2.5093720640455 3.13184942517962 2.79767076969147 6.39516671966104 6.62058694022042 9.73939381326948 8.12700762067522 7.01201140880585 7.07244400978088 8.17698097229004 10.5720698833466 -9999 -9999 -9999 -9999 -9999
2.28661113977432 2.14549553394318 2.01974925398827 1.84746037423611 1.81999264657497 1.83347153663635 1.81556150317192 2.76305798547609 2.5573668224471 1.96793350577354 1.92273493111134 1.77096803486347 3.92248320579529 1.93877863883972 1.91796060970851 1.46409630030394 1.80431026646069 1.83112738813673 1.93942838481494 6.92923491734725 1.82482073857234 2.30951665639877 2.33527102470398 2.66199511289597 2.87321275472641 2.7082529425621 2.97676299168513 2.49722092151642 2.80626691763218 2.81827815220906 2.53992645098613 2.45975598005148 2.39952979638026 2.3783876483257 2.25763012812688 2.18231613360918 2.14257007378798 2.21366502229984 2.1872940659523 2.01274660458932 1.98331649945332 1.93935532753284 2.01165509682435 3.79046385288239 4.84356338977814 5.30572199821472 5.4399019760244 3.63962487996735 13.1194194384984 7.04754965645926 5.06625582575798 7.20239288806915 8.09512081899141 6.71267869472504 -9999 -9999 -9999 -9999 -9999 -9999 -9999 -9999
2.3940843641758 2.22095572948456 2.17974568903446 2.08002431690693 1.9764092862606 1.94161593914032 1.91700068116188 1.85676769912243 1.79535973072052 1.72677159309387 1.7012475579977 1.81633950769901 1.6924272030592 2.11891893829618 2.03195949963161 2.06890192202159 1.99245339632034 1.94215103132384 1.98898206864085 2.1889456808567 1.85450955996147 1.85682828151263 2.79426738023758 2.8445171713829 3.10981475114822 3.15473535886178 3.03508480695578 2.64264224767685 2.48663044892825 2.52326547641021 2.31609152830564 2.34176590809455 2.37884601721397 2.34644926511324 2.30613354536203 2.28542330173346 2.23789757031661 2.17026565625117 2.01452867801373 1.87118600882017 1.96269017457962 1.96140008706313 1.95539807356321 2.40733855962753 2.64271791623189 5.581898021698 6.22029405481675 5.80416102912448 5.76519513130188 7.23674258818993 7.42146057348985 9.25469315052032 8.49055450841 -9999 -9999 -9999 -9999 -9999 -9999 -9999 -9999 -9999
2.50093196332455 3.72912652675922 2.62819622457027 2.5078214854002 2.45908932387829 2.30361871421337 2.02926179766655 1.94486625492573 1.89197824895382 1.83249844610691 1.62205559015274 2.09164029785565 2.04834344131606 2.14686744127955 2.07675640072141 8.54657154816848 2.3154650075095 2.23744336622102 2.23429474660328 2.16031625441142 2.69302190542221 4.15880177571223 3.96372476907877 2.88000857830048 2.2520820583616 2.31738642709596 2.71637345277346 2.39017243568714 2.25776850260221 2.2885131927637 2.23789006013137 2.23915571891345 2.30492129692665 2.40161885206516 2.22281161638407 2.22333995654033 2.173409645374 1.99825116304251 1.82158827781677 1.95167123354398 2.00607051757666 1.94463259440202 2.32520717382431 2.89943266373414 3.04572228284983 4.49286900548374 6.86844607879376 12.4112371444702 18.6701940638678 7.26446243432852 8.90163632539602 8.449043237246 53.6919479370117 -9999 -9999 -9999 -9999 -9999 -9999 -9999 -9999 -9999
-9999 5.47545081377029 5.71544498205185 2.82776683568954 2.80938570201397 2.93805004656315 2.29579544067383 2.06130057573318 2.11486239731312 2.03833246231079 1.92249575257301 1.70758180320263 1.61958985775709 2.01992020010948 1.95190832018852 1.96070981025696 2.07251752700124 2.8942998290062 3.00225063562393 3.0447242643152 2.85358549015863 3.05081081390381 2.47295085872923 2.54611135380609 2.76420483589172 2.70857599973679 2.42012614928759 2.14234119195205 2.09301010003457 2.06298780441284 2.09293891833379 2.13617267516943 2.16146429685446 2.17265232709738 2.13997779442714 2.24548479685417 2.06662492110179 2.01106557479272 2.12256101461557 1.93442989771183 1.8326748242745 1.95699709653854 3.62698712715736 3.65477651816148 3.21560878413064 -9999 9.49073840890612 11.8068666183032 43.0906193937574 11.6622962440763 16.5801972849616 45.2025032043457 38.1020870942336 46.1022205352783 -9999 -9999 -9999 -9999 -9999 -9999 -9999 -9999
-9999 -9999 -9999 -9999 -9999 2.28387522697449 2.93985839188099 2.81983782351017 2.57296487689018 2.32891720533371 5.39096774504735 1.77127760648727 1.70828785002232 1.67080494761467 2.25358039140701 1.95117183292613 1.92584519526538 2.21478075490278 2.64279651992461 2.79040076452143 2.90417964117868 3.01329810619354 2.96058636903763 2.85413533449173 2.89595907926559 2.5950625538826 2.20518075502836 2.01341271400452 1.91349059343338 1.90234180597159 1.96438854932785 1.98863373811428 1.97351210392438 1.96604460019332 2.1134583399846 2.20734449991813 2.06334140209051 1.99512440883196 1.89825124465502 1.77753789149798 1.81986741377757 2.40493077498216 4.6816487128918 7.13151300870455 3.31808229855129 17.1707990968112 -9999 -9999 -9999 -9999 45.1684603009905 51.8063077926636 35.7408178874425 26.0883394029405 -9999 -9999 -9999 -9999 -9999 -9999 -9999 -9999
-9999 -9999 -9999 -9999 -9999 -9999 -9999 -9999 2.98730428516865 2.36201360821724 4.54846094548702 3.63690368028788 2.74600200993674 1.66806607693434 2.80213209986687 2.47158645732062 2.493066826037 2.39187584554448 2.63596493356368 2.93752376238505 2.57914650440216 2.38230582078298 2.32207906246185 2.83000748157501 2.85146783590317 2.13445523610482 2.03949628884976 1.88832868062533 1.86048486141058 1.80948683848748 1.83186531983889 1.83911387278483 1.83996997888272 1.95406916966805 2.15095983101771 2.10449571792896 2.02357245408572 1.86751329440337 1.83288398155799 1.95811535761907 2.10123076805702 2.22347995409599 2.95366922020912 3.87019029685429 8.40816244225443 29.0682649612427 -9999 -9999 -9999 -9999 17.548882484436 36.0698016030448 16.9450903468662 53.9050876617432 12.9873495835524 19.2076083660126 -9999 -9999 -9999 -9999 -9999 -9999
-9999 -9999 -9999 -9999 -9999 -9999 -9999 -9999 -9999 -9999 3.14348076857053 3.0000581911632 3.71423011559706 3.06881635103907 2.84586715698242 2.86113294959068 2.58306831121445 2.60264736413956 2.91135880351067 2.78964523578945 2.47643850351635 2.34238233691768 2.27902000515085 2.47135566473007 2.35422002077103 2.32576903543974 2.02333601564169 1.93716991864718 1.80916922367536 1.80599379080992 1.7399875154862 1.69015588210179 1.74159205418367 1.96800960027255 2.08846715321908 2.13465204147192 1.9335792523164 1.82457324633232 1.95979655247468 2.22553580540877 2.41593527335387 2.02474374037523 4.93533049310957 5.3979200720787 12.636397741952 -9999 -9999 -9999 -9999 -9999 -9999 -9999 9.52470253516988 22.2322601079941 37.2826023101807 34.0680950709752 10.8786277770996 -9999 -9999 -9999 -9999 -9999
-9999 -9999 -9999 -9999 -9999 -9999 -9999 -9999 -9999 4.3704868555069 3.09375102179391 2.94024310367448 3.1805953681469 2.57578220963478 2.60789139568806 3.39928484814508 3.29850876331329 3.64957337379456 3.00073805451393 2.6104165996824 2.35921996518185 2.15440595149994 2.08065845568975 2.07499823967616 2.0901975830396 2.19979849614595 1.89337738121257 1.8756056322771 1.6942723253194 1.78953876862159 1.61684867510429 1.64149823097082 1.61094005749776 1.86265028440035 1.9598789031689 1.97975066074958 1.86781035936796 1.77237232831808 2.13173112960962 2.30126430438115 2.60401088916338 2.66955523307507 5.04997543777738 5.1922878921032 19.7239632461835 33.0447750091553 -9999 -9999 -9999 10.7935734617299 14.1000365946028 14.4415111541748 18.3929910910757 16.1411224901676 17.7806879997253 13.4663523674011 18.0619077644041 -9999 -9999 -9999 -9999 -9999
-9999 -9999 -9999 -9999 -9999 -9999 -9999 -9999 -9999 -9999 3.51513821345109 3.14715582132339 3.04457288554737 3.48912434067045 3.89492626701082 3.79967509848731 3.69920307397842 3.43954089709691 3.06530057191849 1.19007095268794 2.53262410163879 2.30464491718694 2.17304978558892 2.03218980630239 2.00407018264135 2.08471911831906 2.11054076751073 1.86482610021319 1.57713443040848 1.58923503756523 1.50766289234161 1.49256248985018 1.55232152801294 1.65610607770773 1.79061323404312 1.8405690743373 1.71673164917872 1.64293595002248 1.76273652681938 1.94683141433276 2.38181148125575 3.39069095024696 2.77620193362236 5.31690022524665 8.36736770451648 -9999 -9999 -9999 -9999 -9999 14.9779065588246 59.3032128810883 33.4285135746002 25.601376914978 32.5166348850026 -9999 -9999 -9999 -9999 -9999 -9999 -9999
-9999 -9999 -9999 -9999 -9999 -9999 -9999 -9999 -9999 3.67937564849854 3.85953265428543 3.14508562363111 2.93308232380794 3.590263571058 3.74809491634369 3.77460418428694 3.73964202404022 3.74713828733989 3.22594662904739 2.36786471945899 2.63296461105347 2.55191963911057 2.15848740464763 1.93692192905828 1.93238028099662 2.02212644878187 1.8283684104681 1.9496648311615 1.68760404416493 1.62910953589848 1.55604893394879 1.62981118605687 1.6182100543609 1.6120007955111 1.68745828133363 1.77428737053504 1.75039339982546 1.7256497328098 1.61300553725316 1.94566583633423 3.80706844159535 3.63829863922937 3.18034930740084 6.27462210701507 3.86466658115387 -9999 -9999 -9999 -9999 -9999 22.1761739923713 50.4883460998535 47.5595022439957 -9999 -9999 -9999 -9999 -9999 -9999 -9999 -9999 -9999
-9999 -9999 -9999 -9999 -9999 -9999 -9999 -9999 -9999 7.18965358734131 3.76337692141533 3.71270975470543 4.30661209140505 3.98689351763044 4.15149585689817 3.99472459724971 3.38892832824162 3.26313848580633 2.61842338953699 2.60007662006787 2.43862383280482 2.35898798704147 2.22522586584091 2.05118931617056 2.02548987099103 1.89482301899365 1.88777200239045 1.85160862207413 1.73419344883699 1.53997408197476 1.46468239793411 1.59434726605049 1.59374377589959 1.66882043618422 1.79816271708562 2.00231296282548 2.01396593680749 2.30585537965481 3.08257751281445 3.04219318353213 3.05558626468365 3.28098239217486 1.76838140487671 9.83521991736681 3.86466693878174 -9999 -9999 -9999 -9999 12.1949715614319 -9999 -9999 -9999 -9999 -9999 -9999 -9999 -9999 -9999 -9999 -9999 -9999
-9999 -9999 -9999 -9999 -9999 -9999 -9999 -9999 -9999 4.02619758248329 3.79845198988914 3.66685363879571 3.6963320512038 3.68821791502146 4.11822686025075 3.59147207226072 2.9937315753528 2.87242097088269 2.70129007101059 2.74520696486746 2.41534766129085 2.07307302526065 1.91422209569386 1.99416525874819 2.03445455431938 1.92310562304088 1.86552637389728 1.79658301387514 1.5065536648035 1.58090498355719 1.60243782630334 1.25447604060173 1.73310458201628 1.82506875349925 1.8683371589734 2.00586133278333 2.61496300880726 3.12902187384092 2.98199140108549 2.80264574289322 2.77552120960676 4.26015918254852 6.45916074781276 -9999 -9999 -9999 -9999 -9999 -9999 -9999 -9999 -9999 -9999 -9999 -9999 -9999 -9999 -9999 -9999 -9999 -9999 -9999
-9999 -9999 -9999 -9999 -9999 -9999 -9999 -9999 -9999 3.75249406695366 3.73415970802307 3.86373311739701 3.90207621684441 3.48224175893343 3.74562610898699 3.48437833786011 3.08578256198338 2.77667432171958 2.63083716375487 2.44277677365712 2.15709369523185 1.91548514791897 0.845338322222233 2.00742150204522 1.77484782842489 1.88744251217161 1.77869349718094 1.69331473537854 1.81059652141162 1.65321230429869 1.62452352046967 1.59217178182943 0.784149240702391 0.764494627714157 1.91979312438231 2.38533748571689 2.8421036371818 2.95196002721786 2.78958998735134 2.72425364531004 5.54838457107544 4.6512668210952 10.8553715728852 -9999 -9999 -9999 -9999 -9999 -9999 -9999 -9999 -9999 -9999 -9999 -9999 -9999 -9999 -9999 -9999 -9999 -9999 -9999
-9999 -9999 -9999 -9999 -9999 -9999 -9999 3.28386068344116 4.24463274478912 3.73111912608147 3.76359894871712 3.65878611803055 3.72494002488943 3.34479067875789 3.42819178104401 3.21457756417138 3.03267911502293 2.692174328225 2.48354937774794 2.2219720014504 2.06328393306051 2.00576494421278 1.96045489822115 2.00128414801189 2.00096582089152 1.69714183990772 1.33309574769093 1.43428757099005 1.61840043618129 1.70195568983371 1.90889671019145 1.93614183480923 1.95123516137783 0.897320792078972 0.87653049454093 2.89001180444445 1.66570787017162 3.08240039859499 2.52185158087657 2.77109446433874 16.1197205533102 5.69786846637726 3.25656187534332 -9999 -9999 -9999 -9999 -9999 -9999 -9999 -9999 -9999 -9999 -9999 -9999 -9999 -9999 -9999 -9999 -9999 -9999 -9999
-9999 -9999 -9999 -9999 -9999 -9999 5.00570098400116 4.62007603278527 4.54114453609173 3.68226624452151 3.51052606807036 3.74054178824792 3.59174804504101 3.60768735408783 3.11228512440409 2.95073747634888 2.85506143314498 2.47051882318088 2.36647854106767 2.19729116984776 2.13384563582284 2.07142147421837 2.03318348101207 1.99041574767658 1.91988293613706 1.91840713364737 1.48058209969447 1.83027037126677 2.01900657585689 2.08800066794668 1.40856684400485 2.00945347089034 2.15721013454291 1.95878153580886 3.09362612320827 3.43479976058006 3.51662735428129 3.39610885722297 2.81129655667714 -9999 -9999 -9999 -9999 -9999 -9999 -9999 -9999 -9999 -9999 -9999 -9999 -9999 -9999 -9999 -9999 -9999 -9999 -9999 -9999 -9999 -9999 -9999
-9999 -9999 -9999 -9999 3.61190897555439 3.85184829850351 4.4148118862739 4.53295516050779 6.58243060112 3.76575455298791 3.62513747582069 3.65272568739378 3.91964129039219 3.47203946113586 3.06611769114222 2.654399565288 2.51148188965661 2.07334403349803 2.00833746561637 2.0555315384498 2.12878411582538 1.68922030008756 1.67824434317075 1.6613835646556 1.65999131936293 1.67219574176348 1.67037783677761 2.00238470946039 1.78758830749072 1.82320123452407 2.53720321399825 2.41691220265168 1.85237567126751 3.26687496900558 2.95620526258762 3.56472676992416 3.82065926727496 6.20715891046727 -9999 -9999 -9999 -9999 -9999 -9999 -9999 -9999 -9999 -9999 -9999 -9999 -9999 -9999 -9999 -9999 -9999 -9999 -9999 -9999 -9999 -9999 -9999 -9999
-9999 -9999 -9999 -9999 3.6297596488148 4.17890889197588 4.43202905471508 4.31333599640773 6.61895987391472 3.74808140901419 3.61385665490077 3.77728999512536 3.60628550393241 3.14699105705534 2.77693509629795 2.53998799834933 2.49589042578425 2.19435094509806 2.09603721754892 2.04609493272645 1.9158910044602 1.83995235392026 1.6855260179593 1.28769382089376 1.18440223485231 1.68862617015839 2.04123988976845 2.14527116830532 2.13510676530691 1.8402803838253 1.91212528944016 1.94801560044289 2.02411288022995 2.01769796013832 3.42307208265577 3.55565014907292 6.96858398119609 -9999 -9999 -9999 -9999 -9999 -9999 -9999 -9999 -9999 -9999 -9999 -9999 -9999 -9999 -9999 -9999 -9999 -9999 -9999 -9999 -9999 -9999 -9999 -9999 -9999
-9999 42.9134836782956 4.65091778386024 3.12272974322824 4.97793285369873 4.11675101060134 4.2262753706712 4.09625112093412 3.76241175027994 4.00085334266935 3.6397089447294 3.5595321229526 3.47334298917225 3.16523818884577 3.04608805264745 2.69077357649803 2.22190509949412 2.19872511710439 2.09923613497189 1.94277638196945 1.8703550015177 2.23196750879288 1.68275091052055 1.57413114607334 13.9002767950296 1.97206298204569 1.76227915287018 1.91140377521515 1.87599232792854 2.12019507586956 2.12430608272552 2.07505874335766 2.06048659980297 2.02766384184361 5.43396116339642 7.90709025751461 -9999 -9999 -9999 -9999 -9999 -9999 -9999 -9999 -9999 -9999 -9999 -9999 -9999 -9999 -9999 -9999 -9999 -9999 -9999 -9999 -9999 -9999 -9999 -9999 -9999 -9999
5.37502963542938 5.79594736099243 3.96018676757813 5.16989103953044 4.58821100455064 4.20010820718912 4.0622618656892 4.30366100714757 3.89693729694073 3.85966529295995 3.71893337794713 3.33677126680102 3.19142307553973 3.03187510371208 2.69162515231541 2.14205802338464 2.03840311084475 2.00774306058884 2.00488782354764 1.9958304635116 2.05640445011003 2.05766011987414 2.15144464373589 2.50579366317162 1.78928211331367 1.85162127017975 1.87910014390945 1.93089666962624 2.04884569346905 2.30891574919224 2.26455955207348 2.51389193534851 2.29386496543884 -9999 -9999 -9999 -9999 -9999 -9999 -9999 -9999 -9999 -9999 -9999 -9999 -9999 -9999 -9999 -9999 -9999 -9999 -9999 -9999 -9999 -9999 -9999 -9999 -9999 -9999 -9999 -9999 -9999
7.39192026002066 5.35770452022552 5.19163936835069 4.44659840143644 4.13942447992472 4.30414944428664 4.24031584079449 3.68962806921739 3.78474225447728 3.62530721150912 3.2734334553991 2.90169890437807 3.15993644509997 2.89289520468031 2.36792615481785 2.29620554617473 1.99401633228574 1.97569541420255 1.85654543913328 1.84669170471338 2.06982322250094 2.0263704419136 2.1082796216011 1.70441393554211 1.73845843970776 1.91892406344414 2.05929198861122 2.08885613083839 2.28607481718063 2.53242826461792 4.60469785758427 5.42500989777701 3.64504345563742 9.33148895777189 9.67020913532802 6.52605330944061 -9999 -9999 -9999 -9999 -9999 -9999 -9999 -9999 -9999 -9999 -9999 -9999 -9999 -9999 -9999 -9999 -9999 -9999 -9999 -9999 -9999 -9999 -9999 -9999 -9999 -9999
5.13881115729992 4.3776042002898 3.77436903119087 4.41581676556514 4.30238331281222 3.88535612363082 3.64401147915767 3.5425659601505 3.63433344023568 3.44404241016933 3.23362847736904 2.82558276823589 3.0063610630376 2.67328686373574 2.3865336222308 2.20477073958942 1.66009961281504 1.85562007702314 1.91548655583308 1.98094237309236 1.99727711677551 2.10635235309601 2.38521296244401 2.63569417366615 2.61383066269068 1.92995604872704 2.09022477269173 2.15391682088375 3.72854535396282 4.82924675941467 5.9837934478124 -9999 -9999 -9999 -9999 -9999 -9999 -9999 -9999 -9999 -9999 -9999 -9999 -9999 -9999 -9999 -9999 -9999 -9999 -9999 -9999 -9999 -9999 -9999 -9999 -9999 -9999 -9999 -9999 -9999 -9999 -9999
4.58317741751671 4.63298571109772 5.01092329392066 4.30577368002671 4.2708950317823 3.81488445171943 3.75229170689216 3.39304857070629 3.38152544315045 3.74578027214323 2.97486634765353 2.71891192878996 2.76899491463389 2.52464319552694 2.121103482587 1.64938690832683 1.71791581596647 1.74967637658119 2.20511057743659 2.23964562782874 2.07500309177807 2.50144158942359 2.68133200917925 2.64379994685833 3.42659708006041 2.21176581084728 2.16621622443199 3.80296952584211 4.66424158215523 5.05113624930382 4.57173576951027 4.2248127579689 -9999 -9999 -9999 -9999 -9999 -9999 38.6062212595299 12.6942715644836 -9999 -9999 -9999 -9999 -9999 -9999 -9999 -9999 -9999 -9999 -9999 -9999 -9999 -9999 -9999 -9999 -9999 -9999 -9999 -9999 -9999 -9999
4.87484180927277 4.8152494430542 4.83845010399818 4.66163264002119 4.32223527055038 4.56516648255862 4.4210849404335 3.63779653952672 4.05754218782697 3.36067176716668 2.36725237114089 2.1114188177245 1.9650034393583 2.04913671101843 1.89859292507172 1.87663561105728 1.90796781778336 2.01285224235975 2.13592366988842 2.31624772915473 2.91709305984633 2.69996642640659 2.86449057289532 2.92651348114014 3.19280869960785 3.53647251690135 3.47717874190387 3.80791946053505 4.40728669507163 4.1390734400068 4.20741529273291 3.42093944549561 -9999 -9999 -9999 -9999 -9999 -9999 -9999 -9999 -9999 -9999 -9999 -9999 -9999 -9999 -9999 -9999 -9999 -9999 -9999 -9999 -9999 -9999 -9999 -9999 -9999 -9999 -9999 -9999 -9999 -9999
-9999 -9999 -9999 -9999 -9999 4.30148935317993 3.84166139364243 3.73752474784851 4.05711867979595 1.89974990487099 1.74025498330593 1.7639097571373 1.88359483225005 1.99583323512759 1.66947354376316 1.88453758955002 1.90778799993651 2.1720427779051 2.18905637355951 2.50674554279872 2.6464338515486 2.8417640881879 2.88337699174881 3.43591969013214 3.61929857730865 4.29589513778687 -9999 -9999 -9999 -9999 -9999 -9999 -9999 -9999 -9999 -9999 -9999 -9999 -9999 -9999 -9999 -9999 -9999 -9999 -9999 -9999 -9999 -9999 -9999 -9999 -9999 -9999 -9999 -9999 -9999 -9999 -9999 -9999 -9999 -9999 -9999 -9999
-9999 -9999 -9999 -9999 -9999 -9999 3.39594402909279 2.68135885894299 2.29652497172356 1.77603110671043 1.61455564200878 1.67140862345695 1.93911604583263 2.13996849315507 1.82093399763107 2.39298734920365 2.15564118964331 2.40680078949247 2.36996504238674 2.51886489987373 2.95669770240784 3.14729933738709 3.28630344867706 3.09239059105152 -9999 -9999 -9999 -9999 -9999 -9999 -9999 -9999 -9999 -9999 -9999 -9999 -9999 -9999 -9999 -9999 -9999 -9999 -9999 -9999 -9999 -9999 -9999 -9999 -9999 -9999 -9999 -9999 -9999 -9999 -9999 -9999 -9999 -9999 -9999 -9999 -9999 -9999
