EcologicalScience/Bass/data/rs_data_bass/chl_439.asc
NCOLS 226 
NROWS 124 
XLLCORNER -9.41648524995501 
YLLCORNER 47.587301625531 
CELLSIZE 0.0833 
NODATA_value -9999 
[rows 0 to 26 of 124, columns 61 to 121 of 226]
-9999 -9999 -9999 -9999 -9999 -9999 -9999 -9999 -9999 -9999 -9999 -9999 -9999 -9999 -9999 -9999 -9999 -9999 -9999 -9999 -9999 -9999 -9999 -9999 -9999 -9999 -9999 -9999 -9999 -9999 -9999 -9999 -9999 -9999 -9999 -9999 -9999 -9999 -9999 -9999 -9999 -9999 -9999 -9999 -9999 -9999 -9999 -9999 -9999 -9999 -9999 -9999 -9999 -9999 -9999 -9999 -9999 -9999 -9999 -9999 -9999
-9999 -9999 -9999 -9999 -9999 -9999 -9999 -9999 -9999 -9999 -9999 -9999 -9999 -9999 -9999 -9999 -9999 -9999 -9999 -9999 -9999 -9999 -9999 -9999 -9999 -9999 -9999 -9999 -9999 -9999 -9999 -9999 -9999 -9999 -9999 -9999 -9999 -9999 -9999 -9999 -9999 -9999 -9999 -9999 -9999 -9999 -9999 -9999 -9999 -9999 -9999 -9999 -9999 -9999 -9999 -9999 -9999 -9999 -9999 -9999 -9999
-9999 -9999 -9999 -9999 -9999 -9999 -9999 -9999 -9999 -9999 -9999 -9999 -9999 -9999 -9999 -9999 -9999 -9999 -9999 -9999 -9999 -9999 -9999 -9999 -9999 -9999 -9999 -9999 -9999 -9999 -9999 -9999 -9999 -9999 -9999 -9999 -9999 -9999 -9999 -9999 -9999 -9999 -9999 -9999 -9999 -9999 -9999 -9999 -9999 -9999 -9999 -9999 -9999 -9999 -9999 -9999 -9999 -9999 -9999 -9999 -9999
-9999 -9999 -9999 -9999 -9999 -9999 -9999 -9999 -9999 -9999 -9999 -9999 -9999 -9999 -9999 -9999 -9999 -9999 -9999 -9999 -9999 -9999 -9999 -9999 -9999 -9999 -9999 -9999 -9999 -9999 -9999 -9999 -9999 -9999 -9999 -9999 -9999 -9999 -9999 -9999 -9999 -9999 -9999 -9999 -9999 -9999 -9999 -9999 -9999 -9999 -9999 -9999 -9999 -9999 -9999 -9999 -9999 -9999 -9999 -9999 -9999
-9999 -9999 -9999 -9999 -9999 -9999 -9999 -9999 -9999 -9999 -9999 -9999 -9999 -9999 -9999 -9999 -9999 -9999 -9999 -9999 -9999 -9999 -9999 -9999 -9999 -9999 -9999 -9999 -9999 -9999 -9999 -9999 -9999 -9999 -9999 -9999 -9999 -9999 -9999 -9999 -9999 -9999 -9999 -9999 -9999 -9999 -9999 -9999 -9999 -9999 -9999 -9999 -9999 -9999 -9999 -9999 -9999 -9999 -9999 -9999 -9999
-9999 -9999 -9999 -9999 -9999 -9999 -9999 -9999 -9999 -9999 -9999 -9999 -9999 -9999 -9999 -9999 -9999 -9999 -9999 -9999 -9999 -9999 -9999 -9999 -9999 -9999 -9999 -9999 -9999 0.63735419511795 1.43892878718185 2.03619477152824 1.26990902423859 1.09985062479973 0.573008269071579 0.566354244947433 0.541404739022255 0.518041491508484 0.518024235963821 0.523635014891624 0.518322765827179 0.516600742936134 0.512868762016296 0.51078075170517 0.526211231946945 0.527839511632919 0.505398005247116 0.487739995121956 0.466034978628159 0.436335012316704 0.395260512828827 0.39995701611042 0.361571989953518 0.351317994296551 0.382349252700806 0.353924252092838 0.347681254148483 0.380516991019249 0.344196002930403 0.320667374879122 0.316223625093699
-9999 -9999 -9999 -9999 -9999 -9999 -9999 -9999 -9999 -9999 -9999 -9999 -9999 -9999 -9999 -9999 -9999 -9999 -9999 -9999 -9999 -9999 -9999 -9999 -9999 -9999 -9999 1.18186515569687 1.0627324283123 4.11493372917175 2.70956209301949 1.97914651036263 0.751787960529327 0.672230243682861 0.626444265246391 0.575073748826981 0.55944898724556 0.56268373131752 0.544465497136116 0.551034763455391 0.566860511898994 0.559306517243385 0.524712771177292 0.511653766036034 0.564645007252693 0.544358253479004 0.492891758680344 0.477643489837646 0.443570986390114 0.40487252175808 0.387161269783974 0.383718743920326 0.340934246778488 0.302305497229099 0.277034260332584 0.33101025223732 0.341061741113663 0.324043124914169 0.334426492452621 0.32159062474966 0.31147800385952
-9999 -9999 -9999 -9999 -9999 -9999 -9999 -9999 -9999 -9999 -9999 -9999 -9999 -9999 -9999 -9999 -9999 -9999 -9999 -9999 -9999 -9999 -9999 -9999 -9999 -9999 -9999 1.18186515569687 1.75228023529053 2.67144486308098 1.79770047962666 0.539069250226021 0.62661449611187 0.751050710678101 0.722445756196976 0.676824018359184 0.690173238515854 0.693937495350838 0.626023516058922 0.548138245940208 0.543255016207695 0.524718001484871 0.490197747945786 0.480580508708954 0.550474494695663 0.565687492489815 0.477014243602753 0.421623766422272 0.414079517126083 0.391053020954132 0.375795006752014 0.33424799144268 0.261618755757809 0.226808242499828 0.204267002642155 0.182269502431154 0.376351252198219 0.373523995280266 0.352930247783661 0.320917502045631 0.316059004515409
-9999 -9999 -9999 -9999 -9999 -9999 -9999 -9999 -9999 -9999 -9999 -9999 -9999 -9999 -9999 -9999 -9999 -9999 -9999 -9999 -9999 -9999 -9999 -9999 -9999 -9999 -9999 2.87230005860329 2.07113921642303 0.759820483624935 0.829448260366917 0.598101764917374 0.586451232433319 0.583766251802444 0.709153488278389 0.773163735866547 0.734064012765884 0.650132238864899 0.541509747505188 0.505239754915237 0.453701242804527 0.432845234870911 0.389485493302345 0.399459019303322 0.418615490198135 0.426780760288239 0.346880257129669 0.317267999053001 0.318910494446754 0.329749502241611 0.324671253561974 0.282124489545822 0.261361509561539 0.227727748453617 0.200767502188683 0.239090994000435 0.333998255431652 0.344784751534462 0.276511497795582 0.313393134623766 0.318947251886129
-9999 -9999 -9999 -9999 -9999 -9999 -9999 -9999 -9999 -9999 -9999 -9999 -9999 -9999 -9999 -9999 -9999 -9999 -9999 -9999 -9999 -9999 -9999 -9999 -9999 -9999 1.19121462106705 1.85216809809208 1.28320048749447 0.794670380651951 0.348419241607189 0.455916747450829 0.41574901342392 0.435240760445595 0.595986753702164 0.71977798640728 0.687841504812241 0.546757489442825 0.487524747848511 0.453750729560852 0.431790769100189 0.420345738530159 0.371296495199203 0.365471988916397 0.386665508151054 0.380821511149406 0.328484259545803 0.31606201082468 0.32668574899435 0.333418495953083 0.318195752799511 0.301397256553173 0.29703450948 0.255144752562046 0.247323006391525 0.245650492608547 0.305773884057999 0.330827247351408 0.303218252956867 0.27776250243187 0.334636878222227
-9999 -9999 -9999 -9999 -9999 -9999 -9999 -9999 -9999 -9999 -9999 -9999 -9999 -9999 -9999 -9999 -9999 -9999 -9999 -9999 -9999 -9999 -9999 -9999 -9999 -9999 4.84611904621124 2.8992401137948 0.738227248191833 0.60478051006794 0.613637253642082 0.59648023545742 0.521633997559547 0.492709502577782 0.539334744215012 0.549856513738632 0.536227494478226 0.520145997405052 0.46679699420929 0.460067242383957 0.433977752923965 0.420744761824608 0.399321019649506 0.392443478107452 0.402738735079765 0.394498497247696 0.364818759262562 0.368971489369869 0.371566504240036 0.379136234521866 0.358016990125179 0.338636241853237 0.33873526006937 0.331785008311272 0.341177992522717 0.306280508637428 0.351381003856659 0.346251010894775 0.326155118644238 0.339346501976252 0.401004731655121
-9999 -9999 -9999 -9999 -9999 -9999 -9999 -9999 -9999 -9999 -9999 -9999 -9999 -9999 -9999 -9999 -9999 -9999 -9999 -9999 -9999 -9999 -9999 -9999 -9999 1.31647038459778 0.742711499333382 0.718465492129326 0.904985278844833 0.712596014142036 0.664916262030602 0.689081981778145 0.605358749628067 0.600657016038895 0.660550519824028 0.599198251962662 0.518124014139175 0.489787504076958 0.44989125430584 0.418506011366844 0.400442987680435 0.454116001725197 0.432235479354858 0.421661987900734 0.385610237717628 0.381602257490158 0.355362005531788 0.338872499763966 0.351875245571136 0.351434245705605 0.372555010020733 0.417114749550819 0.415916249155998 0.383798986673355 0.378617987036705 0.398814752697945 0.359257489442825 0.348488241434097 0.359527509659529 0.333858747035265 0.329080872237682
-9999 -9999 -9999 -9999 -9999 -9999 -9999 -9999 -9999 -9999 -9999 -9999 -9999 -9999 -9999 -9999 -9999 -9999 -9999 -9999 -9999 -9999 -9999 -9999 1.50594073534012 1.38820123672485 0.99054828286171 0.852955520153046 0.73353374004364 0.684786021709442 0.64783126115799 0.661556258797646 0.630053266882896 0.726618736982346 0.741974249482155 0.630147010087967 0.51672001183033 0.539199739694595 0.551434502005577 0.563216239213943 0.505938738584518 0.546019479632378 0.540552020072937 0.499824017286301 0.420818254351616 0.419301733374596 0.421166270971298 0.357106491923332 0.35912474244833 0.357276745140553 0.383640736341476 0.428395494818687 0.441405728459358 0.420369744300842 0.40260748565197 0.383344486355782 0.371813245117664 0.404525265097618 0.349634617567062 0.383174255490303 0.379110753536224
-9999 -9999 -9999 -9999 -9999 -9999 -9999 -9999 -9999 -9999 -9999 -9999 -9999 -9999 -9999 -9999 -9999 -9999 -9999 -9999 -9999 -9999 -9999 3.47568368911743 3.30275237560272 1.63942730426788 0.685496985912323 0.677367746829987 0.64494976401329 0.639651730656624 0.656060993671417 0.646311745047569 0.630147770047188 0.692935511469841 0.712675496935844 0.682518750429153 0.695526748895645 0.71103224158287 0.667706251144409 0.708506271243095 0.723071247339249 0.653762251138687 0.582887247204781 0.484142258763313 0.448053762316704 0.442700251936913 0.459298521280289 0.441108003258705 0.409959733486176 0.413282230496407 0.423276007175446 0.395061001181602 0.391547977924347 0.364672489464283 0.363969750702381 0.37577323615551 0.384707272052765 0.372390747070312 0.3761827647686 0.372827991843224 0.373582497239113
-9999 -9999 -9999 -9999 -9999 -9999 -9999 -9999 -9999 -9999 -9999 -9999 -9999 -9999 -9999 -9999 -9999 -9999 -9999 -9999 -9999 2.64602583646774 2.20688039956883 3.0469822883606 2.26443833112717 1.46306473016739 0.666370511054993 0.62091001868248 0.618813738226891 0.621286511421204 0.638119518756866 0.577283978462219 0.585196495056152 0.585282012820244 0.593625739216805 0.700463980436325 0.762799501419067 0.737709760665894 0.779755532741547 0.795437961816788 0.854109764099121 0.857540220022202 0.774917274713516 0.750301480293274 0.721335008740425 0.620477244257927 0.535266771912575 0.549888744950294 0.494912981987 0.45712123811245 0.42917700111866 0.398779481649399 0.37389300763607 0.371225260198116 0.363758258521557 0.361478246748447 0.364234507083893 0.33126150816679 0.344813257455826 0.335161507129669 0.3177600055933
-9999 -9999 -9999 -9999 -9999 -9999 -9999 -9999 -9999 -9999 -9999 -9999 -9999 -9999 -9999 -9999 -9999 -9999 -9999 -9999 -9999 2.3635333131528 1.7853199839592 1.87945425510406 1.61456698179245 0.98319000005722 0.763496249914169 0.634547263383865 0.595924481749535 0.580306515097618 0.566717997193336 0.56359201669693 0.577990517020226 0.533282250165939 0.559607237577438 0.67519274353981 0.785674542188644 0.911814004182816 0.91743528842926 0.885430544614792 0.895984500646591 0.893396258354187 0.833692520856857 0.820622205734253 0.831479251384735 0.757590740919113 0.612551271915436 0.586143001914024 0.541538268327713 0.484469264745712 0.441624015569687 0.414769515395164 0.396088510751724 0.389301002025604 0.381888002157211 0.374029509723186 0.379141509532928 0.317542500793934 0.285946503281593 0.278607755899429 0.278348989784718
-9999 -9999 -9999 -9999 -9999 -9999 -9999 -9999 -9999 -9999 -9999 -9999 -9999 -9999 -9999 -9999 -9999 -9999 -9999 -9999 7.62767555032458 3.33409881591797 1.67685306072235 1.37666103243828 1.10497426986694 0.926037758588791 0.733775228261948 0.638733744621277 0.576620981097221 0.589781239628792 0.61122827231884 0.638954266905785 0.684151500463486 0.676646992564201 0.663303002715111 0.770972281694412 0.858471035957336 0.911944538354874 0.930015027523041 0.901853978633881 0.894907504320145 0.891263991594315 0.897093772888184 0.917240291833878 0.876038253307343 0.746846258640289 0.656675979495049 0.702414751052856 0.553520232439041 0.444761261343956 0.395169004797935 0.375908240675926 0.366374999284744 0.369551248848438 0.365353502333164 0.370227009057999 0.380877748131752 0.339268505573273 0.317067749798298 0.260213255882263 0.250772260129452
-9999 -9999 -9999 -9999 -9999 -9999 -9999 -9999 -9999 -9999 -9999 -9999 -9999 -9999 -9999 -9999 -9999 -9999 -9999 3.87379360198975 2.37172794342041 1.18246802687645 1.01614424586296 1.08867153525352 0.810866206884384 0.655524015426636 0.597543731331825 0.598363503813744 0.608801230788231 0.60419699549675 0.608335509896278 0.713692501187325 0.782039254903793 0.769439220428467 0.789354711771011 0.891895473003387 0.957058489322662 0.964527726173401 0.992298781871796 1.00363272428513 1.08698397874832 1.07555097341537 0.978623270988464 1.00694623589516 0.966866970062256 0.83299121260643 0.782796710729599 0.728651270270348 0.584270238876343 0.396031513810158 0.344148002564907 0.334766998887062 0.331894509494305 0.33764324337244 0.355577990412712 0.368778750300407 0.366842240095139 0.342615745961666 0.331457242369652 0.28430850058794 0.265944756567478
-9999 -9999 -9999 -9999 -9999 -9999 -9999 -9999 -9999 -9999 -9999 -9999 -9999 -9999 -9999 -9999 -9999 -9999 35.8246630415132 6.66768264770508 2.30188196897507 1.20244726538658 0.936616480350494 0.930590271949768 0.826445281505585 0.703565239906311 0.615405768156052 0.619726493954659 0.637342482805252 0.694743767380714 0.767645269632339 0.864854961633682 0.942017287015915 0.925179004669189 0.955286264419556 1.06709396839142 1.13202595710754 1.12468126416206 1.09995898604393 1.06172847747803 1.24085104465485 1.20027601718903 1.10398498177528 0.9024877846241 0.843976467847824 0.861148506402969 0.853700995445251 0.632687240839005 0.567452251911163 0.48853500187397 0.396395981311798 0.365595750510693 0.335628010332584 0.325942508876324 0.32608799636364 0.343077756464481 0.333017997443676 0.296890497207642 0.296922750771046 0.301385253667831 0.271370239555836
-9999 -9999 -9999 -9999 -9999 -9999 -9999 -9999 -9999 -9999 -9999 -9999 -9999 -9999 -9999 -9999 -9999 -9999 -9999 -9999 2.6060528755188 1.17062321305275 0.817322283983231 0.75382724404335 0.701782509684563 0.708058521151543 0.738101989030838 0.720648005604744 0.736199989914894 0.773701518774033 0.805661290884018 0.910935759544373 0.994677007198334 1.16878572106361 1.20336753129959 1.22989350557327 1.31826826930046 1.29601272940636 1.19446125626564 0.955460250377655 0.953789234161377 1.0394212603569 1.18357872962952 1.12085777521133 0.912489742040634 0.640428766608238 0.618089988827705 0.705947980284691 0.564397484064102 0.485406741499901 0.450432747602463 0.434049770236015 0.405323266983032 0.365294247865677 0.337150499224663 0.331211239099503 0.326973751187325 0.283356003463268 0.260515496134758 0.252177000045776 0.244827747344971
-9999 -9999 -9999 -9999 -9999 -9999 -9999 -9999 -9999 -9999 -9999 -9999 -9999 -9999 -9999 -9999 4.51761723648418 4.89980581673709 53.3297105516706 2.25738966464996 2.4038872718811 1.12726423144341 0.876041293144226 0.810525745153427 0.863037765026093 0.778117507696152 0.703706994652748 0.725371509790421 0.763712972402573 0.799273520708084 0.891315042972565 1.05050477385521 1.20548021793365 1.40225771069527 1.38991203904152 1.37654328346252 1.4128230214119 1.34823828935623 1.32738375663757 1.45848003029823 1.30115246772766 1.14658722281456 1.0414619743824 0.866168260574341 0.695823758840561 0.684473231434822 0.742817267775536 0.575265750288963 0.572219252586365 0.464537233114243 0.45116700232029 0.42288900911808 0.391774490475655 0.364625997841358 0.353650510311127 0.332895755767822 0.314891248941422 0.290366247296333 0.253216490149498 0.245520003139973 0.251454010605812
-9999 -9999 -9999 -9999 -9999 -9999 -9999 -9999 -9999 -9999 -9999 35.2986888885498 35.2986888885498 13.7248649597168 37.7856834828854 5.78734588623047 7.53985047340393 6.9944543838501 3.14139068126678 2.86343693733215 4.53063154220581 2.15878057479858 0.95615628361702 0.864029288291931 0.766142249107361 0.702087745070457 0.701442763209343 0.673748999834061 0.66507451236248 0.702771753072739 0.865448266267776 1.12610551714897 1.27761152386665 1.39540725946426 1.40692421793938 1.41125625371933 1.45456579327583 1.68233478069305 1.66572743654251 1.22444325685501 1.16326725482941 1.1999047100544 1.11695471405983 1.01535004377365 0.82115176320076 0.514827758073807 0.433412253856659 0.455978259444237 0.51604650914669 0.497211769223213 0.490967988967896 0.423107251524925 0.398566514253616 0.375693753361702 0.371127739548683 0.35369098931551 0.318811498582363 0.314098499715328 0.281704500317574 0.263741254806519 0.259577259421349
-9999 -9999 -9999 -9999 -9999 -9999 -9999 -9999 -9999 -9999 -9999 35.2986888885498 11.364977453066 4.3046783208847 3.5056164264679 4.07842791080475 3.84134101867676 4.08121490478516 25.1307718929123 3.52120874256923 2.13702649191806 1.70437804609537 3.00327837467194 1.25543171167374 0.937484979629517 0.849081784486771 0.90777450799942 0.898065716028214 0.758175730705261 0.740735247731209 0.751031219959259 0.866645961999893 1.14350920915604 1.13352075219154 1.07259374856949 1.15089002251625 1.25534927845001 1.5182511806488 1.35293099284172 0.939496457576752 0.989332526922226 1.10642024874687 1.04272279143333 0.969425976276398 0.955202221870422 0.899338513612747 0.538283228874207 0.39019350707531 0.440054252743721 0.446440503001213 0.414604514837265 0.366319499909878 0.332633256912231 0.314410507678986 0.315735004842281 0.321529492735863 0.301619254052639 0.285745494067669 0.274696491658688 0.264836244285107 0.24660524725914
-9999 -9999 -9999 -9999 -9999 -9999 -9999 -9999 -9999 -9999 -9999 -9999 -9999 -9999 5.24909341335297 7.76031732559204 4.3115172162652 -9999 -9999 -9999 -9999 -9999 -9999 12.9408799037337 1.4760704934597 1.19580602645874 1.22125500440598 1.01457148790359 0.840109527111053 0.821174293756485 0.798464208841324 0.784055292606354 0.858440279960632 0.979113757610321 1.0465170443058 1.12866076827049 1.35013353824615 1.46811452507973 1.2569745182991 1.04105025529861 0.714448481798172 0.766915529966354 0.710765227675438 0.621611997485161 0.556123495101929 0.524261265993118 0.483135759830475 0.365633994340897 0.356623493134975 0.366996757686138 0.343102499842644 0.293111242353916 0.268072508275509 0.272961750626564 0.269870258867741 0.261761248111725 0.243876747786999 0.243219740688801 0.233164496719837 0.224492244422436 0.228996008634567
-9999 -9999 -9999 -9999 -9999 -9999 -9999 -9999 -9999 -9999 -9999 -9999 -9999 -9999 16.6274771690369 16.6274771690369 16.6274771690369 -9999 -9999 -9999 -9999 -9999 -9999 4.94490551948547 4.94490551948547 4.94490551948547 0.308659605681896 10.13859385252 1.03284528851509 1.06411045789719 0.862262964248657 0.829560041427612 0.788033276796341 0.818834960460663 0.834041208028793 0.834948778152466 0.918227970600128 1.17247876524925 0.742682263255119 0.816874533891678 0.576780751347542 0.442169263958931 0.384366765618324 0.366308256983757 0.33763575553894 0.317708238959312 0.32795474678278 0.336260251700878 0.296360246837139 0.296314492821693 0.303451493382454 0.285920239984989 0.262507505714893 0.263479493558407 0.259532243013382 0.248610757291317 0.252091504633427 0.249941244721413 0.245784759521484 0.262453503906727 0.264759756624699
-9999 -9999 -9999 -9999 -9999 -9999 -9999 -9999 -9999 -9999 -9999 -9999 -9999 -9999 -9999 -9999 -9999 -9999 -9999 -9999 -9999 -9999 -9999 -9999 -9999 -9999 -9999 1.52736799791455 1.21546348929405 1.05287629365921 0.933254241943359 0.882247477769852 0.810932993888855 0.789205491542816 0.741978764533997 0.726872250437737 0.743501991033554 0.718386769294739 0.579866990447044 0.544798493385315 0.364431738853455 0.32235599309206 0.317964009940624 0.305807255208492 0.298254758119583 0.302957989275455 0.312151506543159 0.313457250595093 0.309929989278316 0.303988493978977 0.299111992120743 0.276564002037048 0.272996999323368 0.285740241408348 0.276287242770195 0.262275740504265 0.283567495644093 0.295218743383884 0.318762749433517 0.343836754560471 0.344434507191181
-9999 -9999 -9999 -9999 -9999 -9999 -9999 -9999 -9999 -9999 -9999 -9999 -9999 -9999 -9999 -9999 -9999 -9999 -9999 -9999 -9999 -9999 -9999 -9999 -9999 -9999 -9999 -9999 1.88575907324401 1.32434552907944 1.03470379114151 1.04270097613335 0.915460467338562 0.82007172703743 0.780468732118607 0.736552521586418 0.714027017354965 0.677922740578651 0.505958989262581 0.375906765460968 0.320844009518623 0.300123743712902 0.285435006022453 0.286024510860443 0.285109497606754 0.279910504817963 0.298584759235382 0.29891400039196 0.334227003157139 0.305996999144554 0.298964247107506 0.295895241200924 0.285731256008148 0.290570251643658 0.301989756524563 0.280658259987831 0.298301249742508 0.28456874191761 0.287068493664265 0.323375254869461 0.358139991760254
