EcologicalScience/Bass/data/rs_data_bass/chl_148.asc
NCOLS 226 
NROWS 124 
XLLCORNER -9.41648524995501 
YLLCORNER 47.587301625531 
CELLSIZE 0.0833 
NODATA_value -9999 
[rows 54 to 80 of 124, columns 124 to 185 of 226]
1.92184048891068 1.81088554859161 1.5504891872406 1.42667323350906 1.35844498872757 1.28125271201134 1.27747276425362 1.33895775675774 1.21514171361923 1.0696664750576 1.60250616073608 2.20065897703171 1.43376749753952 1.21328401565552 1.41537898778915 1.57607102394104 1.72863006591797 1.78017908334732 1.74770700931549 1.81722897291183 1.83072602748871 1.79573929309845 1.73627328872681 1.66781097650528 1.60775631666183 1.61460149288177 1.63785070180893 1.64166069030762 1.45278149843216 1.40368124842644 1.37838453054428 1.31540697813034 1.28573325276375 1.22122871875763 1.18514022231102 2.07064390182495 2.13180595636368 2.09173357486725 1.14563924074173 1.09289252758026 1.06376999616623 1.04362499713898 1.14856052398682 1.57428681850433 1.85269957780838 2.10449624061584 2.45730596780777 2.70050328969955 3.64939892292023 3.29049897193909 3.2594153881073 10.6876520940236 4.80161762237549 4.9674299955368 12.6738006387438 28.0660612216363 19.1099644440871 12.125261251743 13.6487416120676 10.0095782600916 7.62849960607641 8.71382291981431
2.10277193784714 1.67146879434586 1.38231378793716 1.44118577241898 1.2719039618969 1.25794351100922 1.38329029083252 1.37379750609398 1.32928803563118 1.3899510204792 1.56296843290329 1.54265999794006 2.14452677965164 2.0023747086525 1.73391222953796 1.63039058446884 1.88596576452255 1.98775953054428 2.0852467417717 2.04066896438599 1.91894620656967 1.78978353738785 1.69919031858444 1.72577029466629 1.66779667139053 1.5657194852829 1.5516232252121 1.6230953335762 1.60481858253479 1.5220320224762 1.27265095710754 1.28021478652954 1.11179995536804 1.13454222679138 1.13371270895004 1.18841627240181 1.07910677790642 1.16286823153496 1.1331892311573 0.918374240398407 1.03358325362206 1.4008170068264 1.64686793088913 2.25895875692368 2.44087117910385 2.7846981883049 3.17369413375854 3.26661229133606 4.72354423999786 4.05730891227722 4.37434637546539 5.46369749307632 4.64620649814606 5.23754703998566 9.25862983294896 10.8276349948003 10.5720698833466 -9999 -9999 -9999 -9999 -9999
1.81955480575562 1.76586520671844 1.61480104923248 1.424789249897 1.44818848371506 1.96324056386948 2.25842553377151 2.28271418809891 1.54105871915817 1.57354205846786 1.64589607715607 1.76894026994705 2.35554295778275 2.43563175201416 2.33903932571411 2.17097318172455 1.91657692193985 2.05606341362 2.11500906944275 1.93663501739502 1.81068599224091 1.74887555837631 1.63660132884979 1.60290223360062 1.69586026668549 1.53320842981339 1.49327176809311 1.39942646026611 1.31509271264076 1.78673028945923 1.84680980443954 1.33081725239754 1.13839200139046 1.18738201260567 1.23031121492386 1.35329550504684 1.43688520789146 1.19704350829124 0.90432071685791 0.777635246515274 1.2749175131321 1.63859099149704 2.43263322114944 2.72348248958588 2.76744443178177 2.93618023395538 3.09499633312225 6.93511315492483 4.49184554815292 4.27149295806885 4.40390932559967 5.12581944465637 12.4843543052673 12.3277795993499 -9999 -9999 -9999 -9999 -9999 -9999 -9999 -9999
1.89287316799164 1.80372977256775 1.9488480091095 1.97027617692947 1.86848402023315 2.07088208198547 2.57984626293182 2.48876094818115 2.18336248397827 1.98737704753876 1.75006127357483 2.03137421607971 2.18387925624847 2.16732376813889 2.13252228498459 2.0380049943924 1.95426893234253 2.01742047071457 1.91090244054794 1.73319071531296 1.73306322097778 1.8634005188942 1.736681163311 1.59507519006729 1.6470000743866 1.56962996721268 1.40002128481865 1.101363748312 1.08600971102715 0.991609543561935 1.32559123635292 1.47319346666336 1.41839101910591 1.38389852643013 1.25636395812035 1.33737829327583 1.19952303171158 0.892199993133545 0.890861213207245 0.965477228164673 1.81523108482361 2.33352452516556 2.07188558578491 2.09855782985687 2.03084993362427 2.37656396627426 3.07097232341766 7.19514012227365 4.74450516700745 5.41121864318848 6.12859296798706 7.11361885070801 9.40283489227295 -9999 -9999 -9999 -9999 -9999 -9999 -9999 -9999 -9999
2.62659519910812 2.2367205619812 2.16539257764816 2.15192627906799 2.22623097896576 2.61917173862457 2.29266607761383 2.25495529174805 2.5776030421257 2.21949452161789 1.96134370565414 2.1322957277298 2.31594157218933 2.48112899065018 2.31310057640076 1.97847676277161 2.25684607028961 2.38132882118225 2.18667232990265 1.95554780960083 1.60438567399979 1.64133381843567 1.75925248861313 1.7474325299263 1.48302376270294 1.3135087788105 1.03048503398895 0.932993978261948 1.0453830063343 1.17390596866608 1.29128175973892 1.7439923286438 1.70312708616257 1.37713649868965 1.14245250821114 1.13491871953011 1.22018024325371 1.68305397033691 1.85625296831131 1.66477882862091 1.74958205223083 2.35031551122665 2.27279019355774 2.44415098428726 2.73494696617126 2.28982418775558 4.58054459095001 5.3273423910141 5.7306135892868 6.1101815700531 6.20622611045837 6.57616567611694 26.4100867321617 -9999 -9999 -9999 -9999 -9999 -9999 -9999 -9999 -9999
-9999 2.87634891271591 2.83613258600235 2.71938067674637 2.91722023487091 2.72812575101852 2.67894154787064 2.58092933893204 2.66871070861816 2.50233149528503 2.62089747190475 2.39175152778625 2.49725550413132 2.62787997722626 2.94718873500824 2.27804553508759 2.22913348674774 2.45236802101135 1.93657654523849 1.54949176311493 1.53164541721344 1.86807453632355 1.64153927564621 1.68465453386307 1.52241593599319 1.2367604970932 0.951398223638535 0.972756743431091 1.28650349378586 1.90020668506622 2.4319109916687 1.86401098966599 1.82236504554749 1.71593552827835 1.26852679252625 1.62759608030319 3.07995092868805 3.92964828014374 4.0977383852005 2.95420879125595 2.11000424623489 2.80224895477295 2.79395020008087 2.92794531583786 3.07873356342316 -9999 4.70175004005432 4.82428729534149 5.59600496292114 6.56170535087585 33.6915092468262 50.2978134155273 66.2357540130615 57.1529723128227 -9999 -9999 -9999 -9999 -9999 -9999 -9999 -9999
-9999 -9999 -9999 -9999 -9999 2.28387522697449 3.46472489833832 3.32548570632935 3.07197225093842 2.69245576858521 2.51202142238617 2.55114233493805 2.6052074432373 2.83159124851227 2.80576425790787 2.63398343324661 2.24979150295258 2.15135478973389 2.06474697589874 1.88851493597031 1.61560642719269 1.58696168661118 1.56578028202057 1.5271230340004 1.3872554898262 1.21649399399757 0.95069020986557 1.05856803059578 1.3348867893219 1.88708853721619 2.22609901428223 1.92304193973541 1.90122377872467 1.73696780204773 1.72128295898438 2.93153554201126 4.84902012348175 8.1478271484375 6.08792567253113 3.07865166664124 2.1849165558815 2.49739569425583 2.54478746652603 2.92980533838272 3.21471583843231 25.2630006537854 -9999 -9999 -9999 -9999 41.6140047709147 49.5209083557129 37.3495473861694 28.5746305318979 -9999 -9999 -9999 -9999 -9999 -9999 -9999 -9999
-9999 -9999 -9999 -9999 -9999 -9999 -9999 -9999 3.82102787494659 3.05054926872253 2.89086073637009 2.88949048519135 2.76166498661041 2.97357898950577 3.05678236484528 2.36982822418213 2.23924881219864 2.02248895168304 1.78563970327377 1.67276483774185 1.56971096992493 1.62860691547394 1.40984702110291 1.32365629076958 1.18159353733063 1.23170927166939 1.01336547732353 1.18859320878983 1.23797026276588 1.66943246126175 2.62765127420425 2.46584182977676 2.10781717300415 2.03617197275162 3.10337340831757 4.08538341522217 5.81351387500763 6.51468300819397 4.31838691234589 4.00631260871887 3.59182584285736 3.46074092388153 3.5501024723053 3.2193546295166 4.41926805031152 29.0682649612427 -9999 -9999 -9999 -9999 17.548882484436 52.8333568572998 15.8574872016907 15.9868927001953 41.3706321716309 20.5488724043203 -9999 -9999 -9999 -9999 -9999 -9999
-9999 -9999 -9999 -9999 -9999 -9999 -9999 -9999 -9999 -9999 3.19142174720764 3.07942271232605 3.17549085617065 3.05393385887146 2.99874007701874 2.19083851575851 2.01505208015442 1.78284591436386 1.73818641901016 1.6407989859581 1.44543823599815 1.28013825416565 1.26109278202057 1.33777204155922 1.24726197123528 1.20612001419067 1.08886796236038 1.13901597261429 1.24105650186539 1.36689224839211 2.51719951629639 3.30050611495972 2.89346319437027 2.81947267055511 3.26431560516357 5.23148488998413 5.42137885093689 3.22524583339691 2.81719654798508 3.43441343307495 3.68381416797638 3.83756017684937 3.79594874382019 3.58414721488953 15.4140436909731 -9999 -9999 -9999 -9999 -9999 -9999 -9999 10.3690389576482 32.8526480197906 12.7084221839905 14.2653579711914 10.8786277770996 -9999 -9999 -9999 -9999 -9999
-9999 -9999 -9999 -9999 -9999 -9999 -9999 -9999 -9999 4.3704868555069 3.55516040325165 3.534055352211 3.3548948764801 3.33408808708191 3.07640862464905 2.42760300636292 1.99965369701385 1.72059828042984 1.53822898864746 1.77068549394608 1.76213479042053 1.52750104665756 1.26556277275085 1.31883224844933 1.25683727860451 1.09268170595169 1.94438320398331 1.99271392822266 2.17499470710754 1.27447879314423 1.17962622642517 1.49203196167946 2.01650100946426 3.34745478630066 2.91443628072739 3.28724241256714 4.38774454593658 3.04709708690643 2.55615001916885 3.36735534667969 3.68374121189117 3.82085394859314 3.77063012123108 3.94808864593506 28.7837178631894 33.0447750091553 -9999 -9999 -9999 12.1111468209161 16.7800635231866 11.7684304195902 12.4954308426898 21.2140968640645 12.6640791893005 11.043426990509 11.4399794263224 -9999 -9999 -9999 -9999 -9999
-9999 -9999 -9999 -9999 -9999 -9999 -9999 -9999 -9999 -9999 3.43584001064301 3.30320084095001 3.34046459197998 3.30734038352966 2.81327551603317 2.3328652381897 2.01074552536011 1.6289849281311 1.40476423501968 2.40980851650238 2.0256382226944 1.54951161146164 1.46540433168411 0.747749984264374 0.902443528175354 0.897660791873932 0.877109259366989 1.35385420918465 1.61537396907806 1.15088322758675 0.843761265277863 0.909884244203568 1.11837521195412 1.98761022090912 3.31232786178589 3.90134167671204 5.36038434505463 6.00405049324036 3.46009790897369 2.52752029895782 3.06680309772491 3.85348284244537 3.60889363288879 3.31352233886719 9.4463975794107 -9999 -9999 -9999 -9999 -9999 18.0168541928996 17.3770724275838 18.0280727925508 16.4198367802993 14.2558284013168 -9999 -9999 -9999 -9999 -9999 -9999 -9999
-9999 -9999 -9999 -9999 -9999 -9999 -9999 -9999 -9999 3.67937564849854 3.37587153911591 2.97426152229309 2.89789205789566 2.950723528862 2.3516144156456 2.19938242435455 2.03023570775986 1.9373527765274 1.75054800510406 0.985496252775192 0.771602958440781 0.783946484327316 0.702146261930466 0.835869044065475 0.97435051202774 1.0054469704628 0.982204467058182 0.819240778684616 0.812615990638733 0.889840543270111 0.917409002780914 0.850891470909119 0.865535974502563 0.987939029932022 1.53462821245193 3.03687071800232 5.3977028131485 3.25830888748169 1.85643607378006 1.97908955812454 2.64079731702805 3.60151863098145 3.95320200920105 6.04110580277674 3.86466658115387 -9999 -9999 -9999 -9999 -9999 19.0916345914205 23.8308908939362 19.791408808335 -9999 -9999 -9999 -9999 -9999 -9999 -9999 -9999 -9999
-9999 -9999 -9999 -9999 -9999 -9999 -9999 -9999 -9999 2.98223251104355 3.20323276519775 3.27978444099426 2.99668496847153 2.49976497888565 2.04623848199844 2.16762149333954 2.23693281412125 2.35139626264572 1.46439751982689 0.998275458812714 1.01180246472359 1.19589078426361 1.22548279166222 1.20807150006294 1.53670424222946 1.99451404809952 1.80306458473206 1.07896050810814 0.741313487291336 0.818546980619431 0.909369707107544 0.912634491920471 0.912245213985443 1.05027678608894 1.02921071648598 1.30490478873253 2.12793302536011 1.94169527292252 2.34835571050644 3.25247490406036 3.76201808452606 3.74814212322235 4.00758826732635 12.1454010212306 3.86466693878174 -9999 -9999 -9999 -9999 12.1949715614319 -9999 -9999 -9999 -9999 -9999 -9999 -9999 -9999 -9999 -9999 -9999 -9999
-9999 -9999 -9999 -9999 -9999 -9999 -9999 -9999 -9999 2.9645077586174 2.82920622825623 2.76266330480576 2.72160816192627 2.26638150215149 2.29140597581863 2.46254843473434 2.09122717380524 1.87685483694077 0.966038256883621 1.03510728478432 1.08339822292328 1.14996001124382 1.19178146123886 1.48019850254059 1.92644476890564 2.0629500746727 2.18541526794434 1.48161453008652 0.964481234550476 0.852942019701004 0.924864023923874 1.02944621443748 1.09820401668549 1.12703847885132 1.11469647288322 1.13747772574425 2.3132159113884 2.37801682949066 2.97026467323303 3.75632858276367 3.926873087883 3.85241103172302 3.07370124076729 -9999 -9999 -9999 -9999 -9999 -9999 -9999 -9999 -9999 -9999 -9999 -9999 -9999 -9999 -9999 -9999 -9999 -9999 -9999
-9999 -9999 -9999 -9999 -9999 -9999 -9999 -9999 -9999 2.80868178606033 2.52175945043564 2.21047657728195 2.3011559844017 1.97320193052292 2.28368926048279 2.46745651960373 2.38467532396317 1.50544881820679 0.95739671587944 0.947604775428772 1.120101749897 1.12219271063805 1.05613195896149 1.18364095687866 1.90285795927048 1.94764870405197 1.99389231204987 1.52526891231537 1.42136549949646 1.40920427441597 1.19003024697304 1.08983623981476 1.13399621844292 1.14877277612686 1.24450197815895 2.33363020420074 3.41779589653015 3.8394877910614 3.9974377155304 3.99404919147491 4.0231146812439 4.18514835834503 5.68695040208748 -9999 -9999 -9999 -9999 -9999 -9999 -9999 -9999 -9999 -9999 -9999 -9999 -9999 -9999 -9999 -9999 -9999 -9999 -9999
-9999 -9999 -9999 -9999 -9999 -9999 -9999 3.28386068344116 3.12510538101196 2.74577325582504 2.55698257684708 2.03882628679276 1.79948705434799 2.06831628084183 2.54358977079391 1.96003872156143 1.44409275054932 1.09649848937988 0.975934535264969 0.981394529342651 1.00593745708466 1.24756425619125 1.41451951861382 1.58409529924393 1.85080057382584 3.04247939586639 6.16958141326904 4.91629207134247 5.85637950897217 4.15804195404053 2.81800496578217 1.2690224647522 1.01638573408127 1.38684225082397 2.10749316215515 3.56320738792419 3.86133241653442 3.81611037254333 3.85912048816681 3.83682060241699 9.03298872130588 5.69786846637726 3.25656187534332 -9999 -9999 -9999 -9999 -9999 -9999 -9999 -9999 -9999 -9999 -9999 -9999 -9999 -9999 -9999 -9999 -9999 -9999 -9999
-9999 -9999 -9999 -9999 -9999 -9999 3.15914082527161 4.80404218037923 3.82826364040375 2.40313357114792 2.31019574403763 2.46635395288467 1.96745020151138 1.50392031669617 1.2639194726944 1.63384911417961 0.740958765149117 0.851423263549805 0.984745502471924 1.07345402240753 1.06700026988983 1.13728201389313 2.75991225242615 3.15431535243988 2.2370091676712 2.03148293495178 2.39557045698166 2.97173541784286 3.14810621738434 4.27455461025238 1.48967921733856 1.31739521026611 1.20352721214294 1.60260969400406 2.79476183652878 3.82784342765808 4.01882708072662 3.8084728717804 3.81757950782776 -9999 -9999 -9999 -9999 -9999 -9999 -9999 -9999 -9999 -9999 -9999 -9999 -9999 -9999 -9999 -9999 -9999 -9999 -9999 -9999 -9999 -9999 -9999
-9999 -9999 -9999 -9999 4.02545875973172 3.27217590808868 3.05976140499115 2.7829874753952 2.27943599224091 2.18700742721558 1.64381700754166 1.64008802175522 1.83561980724335 1.41612526774406 1.85234552621841 1.65783593058586 0.747008979320526 1.18225201964378 1.21222651004791 1.17219972610474 1.27580478787422 1.97756624221802 3.10601842403412 3.44470739364624 4.36160159111023 5.40237307548523 6.82708168029785 5.2692893743515 3.67654502391815 3.16859936714172 1.34620195627213 1.17566925287247 1.13566571474075 1.55048328638077 3.2353663444519 3.85864341259003 3.83138716220856 4.92321305751801 -9999 -9999 -9999 -9999 -9999 -9999 -9999 -9999 -9999 -9999 -9999 -9999 -9999 -9999 -9999 -9999 -9999 -9999 -9999 -9999 -9999 -9999 -9999 -9999
-9999 -9999 -9999 -9999 3.14664316177368 3.15915906429291 2.99006778001785 2.63167941570282 2.30614793300629 2.13817656040192 1.96186280250549 1.75510793924332 1.91321933269501 2.1159787774086 0.772950768470764 0.711806237697601 0.696786761283875 0.993654012680054 1.23339226841927 1.39450353384018 2.0728252530098 2.95090198516846 4.14599847793579 5.52260041236877 5.98899829387665 9.64435887336731 10.8191306591034 10.4396266937256 5.12357926368713 2.11981648206711 1.64859294891357 1.42230150103569 1.22404727339745 1.27294045686722 2.71627199649811 3.8301465511322 4.09376335144043 -9999 -9999 -9999 -9999 -9999 -9999 -9999 -9999 -9999 -9999 -9999 -9999 -9999 -9999 -9999 -9999 -9999 -9999 -9999 -9999 -9999 -9999 -9999 -9999 -9999
-9999 15.7356179413183 3.0267516374588 2.99115067720413 2.94910651445389 2.73616272211075 2.49163806438446 2.58791095018387 2.34393829107285 2.00368201732635 1.6483034491539 1.88914579153061 1.5775403380394 0.922555536031723 0.684626251459122 0.664109990000725 0.869926482439041 1.03114503622055 1.66746068000793 2.26637846231461 3.33830487728119 4.99642217159271 3.9803946018219 7.73872518539429 7.34399843215942 7.46502041816711 7.06989240646362 5.24086940288544 3.12618541717529 3.35324549674988 2.56732428073883 2.04511803388596 1.83482551574707 1.69456654787064 35.935892639489 4.017622590065 -9999 -9999 -9999 -9999 -9999 -9999 -9999 -9999 -9999 -9999 -9999 -9999 -9999 -9999 -9999 -9999 -9999 -9999 -9999 -9999 -9999 -9999 -9999 -9999 -9999 -9999
3.93311271071434 3.2913601398468 3.01413810253143 2.79234677553177 2.52355206012726 2.45072096586227 2.31318908929825 2.68249583244324 2.1885786652565 1.87926453351974 1.46356952190399 1.2963809967041 0.671749502420425 0.631524011492729 0.645642757415771 0.704160735011101 1.15279126167297 1.19362351298332 1.71088117361069 2.68696582317352 4.89940881729126 4.26815629005432 5.83144569396973 6.48057961463928 10.6856439113617 9.42020416259766 8.17825698852539 8.4738335609436 5.85202217102051 3.55111277103424 3.29375338554382 2.96374279260635 2.50044143199921 -9999 -9999 -9999 -9999 -9999 -9999 -9999 -9999 -9999 -9999 -9999 -9999 -9999 -9999 -9999 -9999 -9999 -9999 -9999 -9999 -9999 -9999 -9999 -9999 -9999 -9999 -9999 -9999 -9999
4.52454457833217 2.71325558423996 2.59510946273804 2.46476930379868 2.37283945083618 2.42933696508408 2.29227608442307 1.87137150764465 2.00967532396317 1.62111604213715 1.39895698428154 1.29876601696014 0.647319763898849 0.606081739068031 0.624961495399475 0.67170225083828 0.992484748363495 1.23265725374222 1.55601292848587 2.733518242836 3.83564329147339 4.16831159591675 4.22668361663818 6.72862815856934 10.5297303199768 8.68972563743591 8.9770245552063 5.52497327327728 2.16051757335663 2.03467869758606 2.03639477491379 2.45124667882919 2.58008319139481 14.0109720983003 25.2481897714976 4.31785554235632 -9999 -9999 -9999 -9999 -9999 -9999 -9999 -9999 -9999 -9999 -9999 -9999 -9999 -9999 -9999 -9999 -9999 -9999 -9999 -9999 -9999 -9999 -9999 -9999 -9999 -9999
3.85855722427368 3.48644864559174 3.239994764328 2.82109647989273 2.71677607297897 2.34467482566833 1.87706333398819 1.8261022567749 1.51336866617203 1.43807923793793 1.38153827190399 1.4680413454771 0.663622498512268 0.632021248340607 0.642424508929253 0.735156744718552 1.07169154286385 1.55897480249405 2.18493908643723 2.43922877311707 3.34923148155212 3.7185720205307 4.28750610351562 6.98156976699829 8.49424123764038 6.03524851799011 4.82864534854889 2.01943802833557 2.4799439907074 2.6152868270874 7.58557082970937 -9999 -9999 -9999 -9999 -9999 -9999 -9999 -9999 -9999 -9999 -9999 -9999 -9999 -9999 -9999 -9999 -9999 -9999 -9999 -9999 -9999 -9999 -9999 -9999 -9999 -9999 -9999 -9999 -9999 -9999 -9999
4.62175512313843 4.0292866230011 3.72449612617493 3.12543904781342 2.57503581047058 2.24345254898071 2.19535267353058 1.47246077656746 1.66052627563477 1.58651858568192 0.826932013034821 0.747684761881828 0.800993978977203 0.805596739053726 0.780684024095535 1.01841750741005 1.3913009762764 2.02300643920898 2.20845007896423 2.48009544610977 2.14970773458481 3.64504516124725 6.48321175575256 7.19490694999695 4.44177210330963 3.07980287075043 2.42171931266785 2.39887207746506 2.70597302913666 2.81215578317642 2.96979743242264 3.37021279335022 -9999 -9999 -9999 -9999 -9999 -9999 6.69851191008269 12.6942715644836 -9999 -9999 -9999 -9999 -9999 -9999 -9999 -9999 -9999 -9999 -9999 -9999 -9999 -9999 -9999 -9999 -9999 -9999 -9999 -9999 -9999 -9999
3.55148613452911 3.45526421070099 3.42919564247131 3.29731786251068 3.39685923712594 3.42399680614471 2.12754446268082 1.60994696617126 1.52531844377518 1.35759598016739 0.777071267366409 0.859655231237411 0.844983011484146 0.830383479595184 0.842477291822433 1.0183117389679 1.20297002792358 1.51674753427505 1.94235670566559 2.13285452127457 2.9775824546814 5.15028834342957 6.61088347434998 4.7109614610672 2.35795497894287 2.35902607440948 2.52102380990982 2.73167699575424 2.9466540813446 3.07313990592957 6.66339256828778 3.42093944549561 -9999 -9999 -9999 -9999 -9999 -9999 -9999 -9999 -9999 -9999 -9999 -9999 -9999 -9999 -9999 -9999 -9999 -9999 -9999 -9999 -9999 -9999 -9999 -9999 -9999 -9999 -9999 -9999 -9999 -9999
-9999 -9999 -9999 -9999 -9999 3.65384892413491 2.17166250944138 1.90150433778763 1.51474195718765 0.906634479761124 0.766009479761124 0.813572287559509 0.816441714763641 0.870889484882355 0.815326541662216 1.10976228117943 1.28442004323006 1.46335726976395 1.58480250835419 2.13257557153702 4.10564982891083 6.31502652168274 6.19606733322144 7.06347441673279 7.90117263793945 2.71260523796082 -9999 -9999 -9999 -9999 -9999 -9999 -9999 -9999 -9999 -9999 -9999 -9999 -9999 -9999 -9999 -9999 -9999 -9999 -9999 -9999 -9999 -9999 -9999 -9999 -9999 -9999 -9999 -9999 -9999 -9999 -9999 -9999 -9999 -9999 -9999 -9999
-9999 -9999 -9999 -9999 -9999 -9999 1.61842274665833 1.88028216362 1.25067973136902 0.669009760022163 0.790508240461349 0.890000224113464 1.16370525956154 1.26317846775055 1.06087803840637 1.39611974358559 2.01341092586517 2.15359801054001 2.32300955057144 4.50340139865875 4.9871746301651 4.58409297466278 4.44636690616608 3.07421426349711 -9999 -9999 -9999 -9999 -9999 -9999 -9999 -9999 -9999 -9999 -9999 -9999 -9999 -9999 -9999 -9999 -9999 -9999 -9999 -9999 -9999 -9999 -9999 -9999 -9999 -9999 -9999 -9999 -9999 -9999 -9999 -9999 -9999 -9999 -9999 -9999 -9999 -9999
