EcologicalScience/Bass/data/rs_data_bass/chl_89.asc
NCOLS 226 
NROWS 124 
XLLCORNER -9.41648524995501 
YLLCORNER 47.587301625531 
CELLSIZE 0.0833 
NODATA_value -9999 
[rows 0 to 26 of 124, columns 62 to 123 of 226]
-9999 -9999 -9999 -9999 -9999 -9999 -9999 -9999 -9999 -9999 -9999 -9999 -9999 -9999 -9999 -9999 -9999 -9999 -9999 -9999 -9999 -9999 -9999 -9999 -9999 -9999 -9999 -9999 -9999 -9999 -9999 -9999 -9999 -9999 -9999 -9999 -9999 -9999 -9999 -9999 -9999 -9999 -9999 -9999 -9999 -9999 -9999 -9999 -9999 -9999 -9999 -9999 -9999 -9999 -9999 -9999 -9999 -9999 -9999 -9999 -9999 -9999
-9999 -9999 -9999 -9999 -9999 -9999 -9999 -9999 -9999 -9999 -9999 -9999 -9999 -9999 -9999 -9999 -9999 -9999 -9999 -9999 -9999 -9999 -9999 -9999 -9999 -9999 -9999 -9999 -9999 -9999 -9999 -9999 -9999 -9999 -9999 -9999 -9999 -9999 -9999 -9999 -9999 -9999 -9999 -9999 -9999 -9999 -9999 -9999 -9999 -9999 -9999 -9999 -9999 -9999 -9999 -9999 -9999 -9999 -9999 -9999 -9999 -9999
-9999 -9999 -9999 -9999 -9999 -9999 -9999 -9999 -9999 -9999 -9999 -9999 -9999 -9999 -9999 -9999 -9999 -9999 -9999 -9999 -9999 -9999 -9999 -9999 -9999 -9999 -9999 -9999 -9999 -9999 -9999 -9999 -9999 -9999 -9999 -9999 -9999 -9999 -9999 -9999 -9999 -9999 -9999 -9999 -9999 -9999 -9999 -9999 -9999 -9999 -9999 -9999 -9999 -9999 -9999 -9999 -9999 -9999 -9999 -9999 -9999 -9999
-9999 -9999 -9999 -9999 -9999 -9999 -9999 -9999 -9999 -9999 -9999 -9999 -9999 -9999 -9999 -9999 -9999 -9999 -9999 -9999 -9999 -9999 -9999 -9999 -9999 -9999 -9999 -9999 -9999 -9999 -9999 -9999 -9999 -9999 -9999 -9999 -9999 -9999 -9999 -9999 -9999 -9999 -9999 -9999 -9999 -9999 -9999 -9999 -9999 -9999 -9999 -9999 -9999 -9999 -9999 -9999 -9999 -9999 -9999 -9999 -9999 -9999
-9999 -9999 -9999 -9999 -9999 -9999 -9999 -9999 -9999 -9999 -9999 -9999 -9999 -9999 -9999 -9999 -9999 -9999 -9999 -9999 -9999 -9999 -9999 -9999 -9999 -9999 -9999 -9999 -9999 -9999 -9999 -9999 -9999 -9999 -9999 -9999 -9999 -9999 -9999 -9999 -9999 -9999 -9999 -9999 -9999 -9999 -9999 -9999 -9999 -9999 -9999 -9999 -9999 -9999 -9999 -9999 -9999 -9999 -9999 -9999 -9999 -9999
-9999 -9999 -9999 -9999 -9999 -9999 -9999 -9999 -9999 -9999 -9999 -9999 -9999 -9999 -9999 -9999 -9999 -9999 -9999 -9999 -9999 -9999 -9999 -9999 -9999 -9999 -9999 -9999 0.63735419511795 0.68068250915865 1.23467710241675 0.779153940081596 0.745692491531372 0.673419395461679 0.577623358368874 0.531398490071297 0.544806495308876 0.565927490592003 0.555676251649857 0.543564596772194 0.538488140702248 0.543231001496315 0.524844306707382 0.517073426395655 0.506587671115994 0.515908967703581 0.520165326073766 0.511616991832852 0.511304626241326 0.505972981452942 0.510425046086311 0.514824924990535 0.506118362769485 0.510613018646836 0.509446110380323 0.499619477673581 0.485304236412048 0.494129899889231 0.466028625145555 0.475761165842414 0.468445873819292 0.475950367748737
-9999 -9999 -9999 -9999 -9999 -9999 -9999 -9999 -9999 -9999 -9999 -9999 -9999 -9999 -9999 -9999 -9999 -9999 -9999 -9999 -9999 -9999 -9999 -9999 -9999 -9999 1.18186515569687 1.0627324283123 1.97277120351791 1.08289978802204 0.898292657732964 0.715257959067821 0.663692463934421 0.643516778945923 0.579260037839413 0.591357144713402 0.551324754953384 0.56972274184227 0.542699754238129 0.537124877795577 0.532695572823286 0.536803650856018 0.553627694025636 0.54973941296339 0.514437289908528 0.490087414160371 0.491708731278777 0.510459508001804 0.50233762152493 0.495307233184576 0.48060298897326 0.481120423266762 0.493915781378746 0.497335388472206 0.501160736146726 0.500335220443575 0.488640283283434 0.468987213153588 0.461665958950394 0.461478559300303 0.463722660206258 0.475147956982255
-9999 -9999 -9999 -9999 -9999 -9999 -9999 -9999 -9999 -9999 -9999 -9999 -9999 -9999 -9999 -9999 -9999 -9999 -9999 -9999 -9999 -9999 -9999 -9999 -9999 -9999 1.18186515569687 1.87165112154824 1.60653015375137 1.02600646018982 0.703599885106087 0.671546021103859 0.637988163158298 0.604564692825079 0.607547907158732 0.61787373572588 0.612211821894897 0.581361863173937 0.593497971955099 0.546205580234528 0.554263411089778 0.56554152444005 0.576925601810217 0.559935092926025 0.543568794429302 0.50760884732008 0.507771765813231 0.51205762848258 0.513780646026134 0.477844778448343 0.474558154219075 0.498601184785366 0.501587489247322 0.505130092799664 0.478661783431706 0.468366046485148 0.469887374263061 0.450052643292829 0.45986589230597 0.457407474517822 0.478189313784242 0.480861559510231
-9999 -9999 -9999 -9999 -9999 -9999 -9999 -9999 -9999 -9999 -9999 -9999 -9999 -9999 -9999 -9999 -9999 -9999 -9999 -9999 -9999 -9999 -9999 -9999 -9999 -9999 3.34722561836243 1.37014835178852 0.841965871197837 0.819839085638523 0.733691245317459 0.676301535218954 0.664729038253427 0.648013589903712 0.606815250590444 0.592300878837705 0.611283000558615 0.61227891035378 0.657277762889862 0.580571059137583 0.577130153775215 0.581899210810661 0.614453758299351 0.587716417014599 0.582928647100925 0.558227017521858 0.528519080579281 0.519421657919884 0.499060741066933 0.489968535304069 0.488790379464626 0.50104321539402 0.46056226993862 0.472997056810479 0.462754860520363 0.453923315594071 0.430799335241318 0.419655290432274 0.451628996059299 0.465935898944736 0.465269174426794 0.492212908342481
-9999 -9999 -9999 -9999 -9999 -9999 -9999 -9999 -9999 -9999 -9999 -9999 -9999 -9999 -9999 -9999 -9999 -9999 -9999 -9999 -9999 -9999 -9999 -9999 -9999 1.19121462106705 1.11430358035224 0.883355115141187 0.920170992612839 0.972253885120153 0.802462382242084 0.661330964416265 0.663134990260005 0.702104243285516 0.604758666828275 0.653174556791782 0.582041212602666 0.577234223484993 0.585546853020787 0.578873824328184 0.628268113732338 0.631127858161926 0.626241293549538 0.612452235817909 0.606875002384186 0.496752005070448 0.493999125435948 0.484030667692423 0.488605734549071 0.478782830759883 0.486085027456284 0.482562018852485 0.494004981298196 0.486269149929285 0.50713672357447 0.480758814141154 0.45547573082149 0.470768071711063 0.461149049922824 0.462719338014722 0.528363481163979 0.600988239049911
-9999 -9999 -9999 -9999 -9999 -9999 -9999 -9999 -9999 -9999 -9999 -9999 -9999 -9999 -9999 -9999 -9999 -9999 -9999 -9999 -9999 -9999 -9999 -9999 -9999 2.41744970530272 0.751846495270729 0.776707193255425 0.750414012109532 0.69924793260939 0.750836849212646 0.724120044708252 0.69921253323555 0.68975955247879 0.702505820989609 0.679750487208366 0.661122447252274 0.641307914257049 0.630206993222237 0.653207856416702 0.653079754114151 0.640928837656975 0.639296552538872 0.627099600434303 0.508519113063812 0.467674889601767 0.476796579547226 0.523593753576279 0.536063723266125 0.513503992930055 0.482671494595706 0.429644065909088 0.41078579518944 0.47666672342702 0.493281716578885 0.495283216238022 0.493360050022602 0.514351509511471 0.510405169799924 0.474172594025731 0.50674406395239 0.561023011803627
-9999 -9999 -9999 -9999 -9999 -9999 -9999 -9999 -9999 -9999 -9999 -9999 -9999 -9999 -9999 -9999 -9999 -9999 -9999 -9999 -9999 -9999 -9999 -9999 1.31647038459778 3.64494435489178 0.709845301508903 0.709775832295418 0.713545471429825 1.11226837523282 0.705974923337207 0.707986494898796 0.70624198615551 0.720779255032539 0.738439518213272 0.626012625172734 0.619806747883558 0.583082802593708 0.545182124711573 0.596672406792641 0.712433543801308 0.691750332713127 0.681798908114433 0.675204008817673 0.571295080706477 0.512152302078903 0.498352783732116 0.524566045962274 0.497838104143739 0.48892545606941 0.485042531043291 0.548290153083048 0.503148161266979 0.4675243575322 0.507621763568175 0.518582906574011 0.519481306895614 0.520746929571033 0.54878307133913 0.50852236327003 0.484926715493202 0.513284428154721
-9999 -9999 -9999 -9999 -9999 -9999 -9999 -9999 -9999 -9999 -9999 -9999 -9999 -9999 -9999 -9999 -9999 -9999 -9999 -9999 -9999 -9999 -9999 1.50594073534012 1.49076295212695 0.823277270793915 0.758450424671173 0.715504360198975 0.683514314889908 0.672326990962028 0.668410196900368 0.687929829955101 0.703819522261619 0.749857333302498 0.78901050388813 0.754867655038834 0.646769115328789 0.625747600570321 0.688382542133331 0.659149342775345 0.668080034852028 0.684343340992928 0.576708404641402 0.571579282221041 0.564748253477247 0.496726037934422 0.520225508138537 0.507462185807526 0.553412351757288 0.541947996930072 0.533999597555713 0.553212907753493 0.518183912101545 0.53133250772953 0.579107508063316 0.58432599902153 0.498609004542232 0.571688994765282 0.534722943516339 0.557554358945173 0.575269799898652 0.588724228389123
-9999 -9999 -9999 -9999 -9999 -9999 -9999 -9999 -9999 -9999 -9999 -9999 -9999 -9999 -9999 -9999 -9999 -9999 -9999 -9999 -9999 -9999 10.42926968847 1.64260464906693 1.55003441870213 0.849081891775131 0.755764360938753 0.710614056459495 0.716662949323654 0.707103154063225 0.701270404458046 0.728591555356979 0.730513787269592 0.740451157093048 0.743023815751076 0.724152883887291 0.672386714816093 0.664476764202118 0.648833701014519 0.653711387515068 0.654438275098801 0.627264904975891 0.551568906558187 0.557940388196393 0.536796501592586 0.529077706368346 0.529614664614201 0.537714838197357 0.536844489605803 0.520742132475502 0.546971280323832 0.544765191642862 0.535864252793161 0.486823199610961 0.500548258423805 0.561840265989304 0.588371247053146 0.561140948358704 0.550116977270912 0.553109065574758 0.587954521179199 0.678594008088112
-9999 -9999 -9999 -9999 -9999 -9999 -9999 -9999 -9999 -9999 -9999 -9999 -9999 -9999 -9999 -9999 -9999 -9999 -9999 -9999 2.64602583646774 2.23871561987647 1.17178930079236 1.50462698936462 1.37841833915029 0.715792967006564 0.795583945512772 0.745900859790189 0.759243802300521 0.80452489320721 0.780233538150787 0.739423647522926 0.709007567167282 0.731785377860069 0.722154450416565 0.731269052624703 0.693995267152786 0.595144256949425 0.585817009210587 0.643389755487442 0.638218814134598 0.611474552750587 0.502793248546751 0.49573883178987 0.510974804821767 0.496650347584172 0.515271831303835 0.537331419065595 0.52912387624383 0.504465473815799 0.479154562577605 0.471630990505219 0.462878987193108 0.523677751421928 0.524844681746081 0.561003482517074 0.463815741240978 0.520457720384002 0.535511165857315 0.554909508894472 0.556468924178797 0.556752942502499
-9999 -9999 -9999 -9999 -9999 -9999 -9999 -9999 -9999 -9999 -9999 -9999 -9999 -9999 -9999 -9999 -9999 -9999 -9999 -9999 2.08421492550167 1.70151344935099 1.84192354764257 1.41089891323021 1.15143523897444 1.21673836239747 0.822186521121434 0.724887862801552 0.700811556407384 0.673580419804369 0.641622429447515 0.640620694628784 0.783353081345558 0.78927161693573 0.769670820236206 0.728282985091209 0.653832470900134 0.608582146073642 0.622912496328354 0.636358007788658 0.636644750833511 0.517307439132741 0.551988596425337 0.491456673333519 0.492085190195786 0.525884002447128 0.484342257443227 0.512020954862237 0.495949393138289 0.484466247260571 0.487642770633101 0.480329126903885 0.443855240941048 0.522688561677933 0.546618224680424 0.606997208297253 0.609840663040385 0.592760334996616 0.539053782820702 0.580319344997406 0.551026746630669 0.591957347357974
-9999 -9999 -9999 -9999 -9999 -9999 -9999 -9999 -9999 -9999 -9999 -9999 -9999 -9999 -9999 -9999 -9999 -9999 -9999 2.83382322736408 2.61977250611081 2.11999173024121 1.76181389604296 1.27169755952699 1.42537002478327 1.04505433355059 0.847114112760339 0.735463455319405 0.715682256434645 0.68005928929363 0.671385810843536 0.685775558863367 0.66873917302915 0.663589124168668 0.644566013344697 0.735949945449829 0.658430251479149 0.695261746644974 0.643173006176949 0.581313434243202 0.606575265526772 0.551584200561047 0.52874940186739 0.506984415650368 0.51463410705328 0.515953212976456 0.488194121047854 0.497756134718657 0.49077008664608 0.55510750412941 0.554055482149124 0.547022491693497 0.510954666137695 0.493903121352196 0.522411319613457 0.496400713920593 0.593622470274568 0.597009938210249 0.613556112349033 0.604018284380436 0.57456995844841 0.610283430008327
-9999 -9999 -9999 -9999 -9999 -9999 -9999 -9999 -9999 -9999 -9999 -9999 -9999 -9999 -9999 -9999 -9999 -9999 2.85497038811445 2.72749297057881 2.34793794155121 2.42835074663162 1.80772125720978 1.47246213443577 1.80799266483103 1.06378394365311 0.937532754881041 0.803021323468004 0.735990107059479 0.721619932779244 0.72373815625906 0.730977633169719 0.715810127556324 0.709412864276341 0.690490240497248 0.638491339981556 0.650843100888388 0.682424551248551 0.648748943209648 0.628224456310272 0.631029734015465 0.573763498663902 0.562918496131897 0.558599835634232 0.544265100359917 0.515256160497665 0.5191870033741 0.535602480173111 0.54925325512886 0.546863242983818 0.527168522862827 0.511422365027316 0.501667182147503 0.497639639675617 0.504769012331963 0.53702600300312 0.5600172188133 0.606331068277359 0.603375913202763 0.613122908771038 0.606935625895858 0.607787618413568
-9999 -9999 -9999 -9999 -9999 -9999 -9999 -9999 -9999 -9999 -9999 -9999 -9999 -9999 -9999 -9999 -9999 7.04307180470814 2.87932636588812 1.98485107719898 1.71150726079941 1.57747069001198 1.3466582596302 1.06240925192833 0.894371509552002 0.810500264167786 1.04480951172965 0.963112860918045 0.834744943039758 0.794904495988573 0.770515843161515 0.764241862509932 0.765923368079322 0.758688157158239 0.737138900373663 0.691570653447083 0.683028750121593 0.604699765997274 0.719789242744446 0.720634800195694 0.693079215288162 0.639327916502953 0.613128742575646 0.590547162294388 0.575611285865307 0.556233461201191 0.506039991974831 0.54127499461174 0.535720051825046 0.551875586807728 0.504794208442464 0.533443884551525 0.551409450173378 0.576910579204559 0.557611794769764 0.530636331439018 0.590148240327835 0.623344749212265 0.607390508055687 0.619777563214302 0.628856161236763 0.644169234131512
-9999 -9999 -9999 -9999 -9999 -9999 -9999 -9999 -9999 -9999 -9999 -9999 -9999 -9999 -9999 -9999 -9999 -9999 -9999 1.75449205376208 1.67485830187798 1.50640898942947 1.13614401221275 0.963870018720627 0.942457288503647 0.855868995189667 0.873674273490906 1.6010542682239 0.855638469968523 0.882739867482867 0.911376899906567 0.99744658597878 0.941974116223199 0.852177143096924 0.772934419768197 0.741009123623371 0.689093729215009 0.651158362627029 0.755765855312347 0.759132152795792 0.727846044301987 0.724191454052925 0.728376308083534 0.754497545957565 0.753972481191158 0.544048279523849 0.632334297895432 0.588774226605892 0.536917861551046 0.531046394258738 0.513676967471838 0.552708372473717 0.563361011445522 0.547746393084526 0.533296506106854 0.538556782901287 0.570080757141113 0.608064994215965 0.659888997673988 0.640420228242874 0.644643893837929 0.661432953178883
-9999 -9999 -9999 -9999 -9999 -9999 -9999 -9999 -9999 -9999 -9999 -9999 -9999 -9999 -9999 18.9431785941124 13.1569238383596 6.41053171311655 1.40444751722472 1.37845567933151 1.42120115671839 1.20257741638592 1.00787226855755 0.932939114315169 0.866824239492416 0.813293993473053 0.773056983947754 0.774661272764206 0.92216525546142 1.14896588240351 0.798634078885828 1.01095422250884 0.895590350031853 0.985702942524638 0.843463923249926 0.759964119110789 0.685040442006929 0.648605196603707 0.621935989175524 0.662999255316598 0.650975579661982 0.810829657316208 0.552169415511583 0.55239216826464 0.707842518389225 0.664864665269852 0.754871906340122 0.634956104680896 0.595570597797632 0.604057772085071 0.56974291652441 0.566993486881256 0.555081263184547 0.550584003329277 0.547161448001862 0.600224326550961 0.623490750789642 0.621296918392181 0.597839742898941 0.641533729434013 0.589307255650822 0.667563754320145
-9999 -9999 -9999 -9999 -9999 -9999 -9999 -9999 -9999 -9999 35.2986888885498 35.2986888885498 13.7248649597168 13.5401213765144 2.4757801964879 1.81497495940753 1.92945063114166 2.0317373744079 2.05689305918557 1.99664701893926 1.33271450655801 1.11043975608689 0.985641270875931 1.09738012030721 0.876789003610611 0.838965505361557 0.778154253959656 0.834010563790798 0.793853041316782 0.785577107753072 0.766863709049566 0.733493248266833 0.741768808237144 0.744128768997533 0.775415032037667 0.705379348780428 0.70690145449979 0.942630299500057 0.74054877353566 0.723339120192187 0.745996697672776 0.674672771441309 0.63806736293961 0.656729108270477 0.647305218796981 0.603672285564244 0.875548266312655 0.652315194115919 0.632266318096834 0.606097996234894 0.542990988492966 0.550936111807823 0.551127586294623 0.613233076035976 0.625223487615585 0.678876504302025 0.687443701922894 0.694454951584339 0.691578206419945 0.687688660972259 0.682358751402182 0.678092503372361
-9999 -9999 -9999 -9999 -9999 -9999 -9999 -9999 -9999 -9999 35.2986888885498 5.40143179893494 6.7018960788846 4.67170516401529 3.87523052841425 3.51379092782736 4.21616321057081 6.75177374482155 9.05715430845128 11.0240291423268 2.68700164556503 1.44747224450111 1.15465247631073 0.98276025056839 0.980132758617401 0.916246742010117 0.849028497934341 0.751742482185364 0.750954478979111 0.724379986524582 0.74927482008934 0.68720892816782 0.703874086695058 0.710501825170858 0.703878879547119 0.70158794096538 0.689755960234574 0.673412277230195 0.843023779136794 0.758904617811952 0.970985917108399 0.974477393286569 1.33007119596004 0.754763584803132 0.724063389395413 0.614410504698753 0.554195761680603 0.47146500647068 0.500278576424247 0.446065456551664 0.687064342639025 0.646109769449514 0.624331644352745 0.47506289742887 0.458919368684292 0.706205633282661 0.744959797929315 0.730507814884186 0.709472731632345 0.726225767065497 0.679645752205568 0.65952970262836
-9999 -9999 -9999 -9999 -9999 -9999 -9999 -9999 -9999 -9999 -9999 -9999 -9999 14.3215682888031 6.80954146385193 6.446515497954 -9999 -9999 -9999 -9999 -9999 -9999 2.12477427721024 1.27327650785446 1.04860198497772 1.03218647837639 1.06274497509003 1.11773830465972 0.899945467710495 0.924961775541306 0.713905551603862 0.711157919040748 0.712140076926776 0.706762503300394 0.677346962903227 0.668923437595367 0.660559163561889 0.652650376515729 0.618891487164157 0.592281326651573 0.581385797687939 0.551863055144038 0.53740489163569 0.546395215205848 0.868584528565407 0.703674718737602 0.610753506422043 0.52420274913311 0.475558504462242 0.453489750623703 0.524045387282968 0.564780464395881 0.558373139239848 0.53964324016124 0.509860726073384 0.434832736849785 0.502992692403495 0.487125562503934 0.502084608189762 0.508645347319543 0.482641325332224 0.459014137275517
-9999 -9999 -9999 -9999 -9999 -9999 -9999 -9999 -9999 -9999 -9999 -9999 -9999 16.6274771690369 16.6274771690369 16.6274771690369 -9999 -9999 -9999 -9999 -9999 -9999 4.94490551948547 4.94490551948547 4.94490551948547 0.308659605681896 1.31591603159904 2.21097853034735 2.40435019135475 2.38122902065516 1.36567163893155 0.760834834405354 0.748535411698478 0.714247581149851 0.707044231040137 0.702922438936574 0.663913655493941 0.626139815364565 0.626307622662612 0.616690881550312 0.603282103581088 0.589501105248928 0.550205296703747 0.594767373986542 0.66073272803 0.716213509440422 0.678472489118576 0.680165216326714 0.59690348803997 0.63980943042981 0.60074002481997 0.604286656714976 0.651675567962229 0.608972355723381 0.571897409856319 0.558210049020617 0.556910485813492 0.558949611688915 0.550715167075396 0.523992656730115 0.518936838758619 0.465823281752436
-9999 -9999 -9999 -9999 -9999 -9999 -9999 -9999 -9999 -9999 -9999 -9999 -9999 -9999 -9999 -9999 -9999 -9999 -9999 -9999 -9999 -9999 -9999 -9999 -9999 -9999 7.67389187889714 3.01943819224834 2.37681689858437 1.99041173234582 1.8552517592907 1.03178628853389 0.923597101654325 0.833812300648008 0.727081360561507 0.709433447037424 0.685924405498164 0.670635485223361 0.64730730759246 0.618898604597364 0.605596393346786 0.601002417504787 0.567932263016701 0.584478301661355 0.547928098056998 0.605853006243706 0.469834253191948 0.615432262420654 0.653118997812271 0.604657754302025 0.58186100423336 0.545495966715472 0.611316077019039 0.620032150494425 0.590007709829431 0.482382088023074 0.487057756851701 0.510574758052826 0.501369340079171 0.482749017221587 0.489553564361164 0.48961635359696
-9999 -9999 -9999 -9999 -9999 -9999 -9999 -9999 -9999 -9999 -9999 -9999 -9999 -9999 -9999 -9999 -9999 -9999 -9999 -9999 -9999 -9999 -9999 -9999 -9999 -9999 -9999 3.58544079462687 2.31617386266589 1.67932119965553 2.19915453238147 1.70016804763249 1.44661548307964 1.0918673489775 0.888778548155512 0.75285172781774 0.707747314657484 0.66214890565191 0.628393618123872 0.633125615971429 0.61248432206256 0.591396631939071 0.565417547311102 0.573126222406115 0.555397781942572 0.512057766318321 0.483610764145851 0.544151738286018 0.548477739095688 0.630179762840271 0.590487748384476 0.551152750849724 0.564975753426552 0.565617009997368 0.559676498174667 0.539289091439808 0.434281138997329 0.477396900716581 0.668439593911171 0.692874294519424 0.502772288663047 0.51193216336625
