EcologicalScience/Bass/data/rs_data_bass/chl_141.asc
NCOLS 226 
NROWS 124 
XLLCORNER -9.41648524995501 
YLLCORNER 47.587301625531 
CELLSIZE 0.0833 
NODATA_value -9999 
[rows 54 to 80 of 124, columns 124 to 185 of 226]
2.75835624337196 2.84677599026607 2.31024779264744 2.56695461731691 2.29410971128024 1.87392467260361 2.0310143828392 1.68166407346725 2.29185089841485 2.41531970724463 2.50875413417816 2.44896079972386 2.53346969559789 2.00872855782509 1.49332891830376 1.42700026503631 1.57608145262514 1.5792520152671 5.22501131147146 2.0337444730103 2.02991714547662 2.14708191901445 1.94650033542088 1.75880553041186 1.69928450243814 1.77510845661163 1.64442134754998 1.78974831104279 1.69663361310959 2.14165529608727 2.04552841186523 1.9697639644146 1.9699025452137 2.41270798444748 2.84241838753223 2.49845445156097 2.82235600948334 2.89831802845001 2.20284027712686 2.54225642681122 2.40274608135223 2.30917353630066 2.18064898252487 1.73359759954306 1.15164345502853 1.64096466232749 2.01525919778006 2.04003594202154 2.78085268946255 3.34282596672282 3.93370115756989 4.30806008974711 3.39233961544539 3.75273053986686 3.28682752450307 22.3615288275939 17.1147905313052 10.9730834869238 13.4715759570782 9.72614319507892 8.13542882133933 9.31331260184773
3.14538830518723 3.06609684228897 3.08072555065155 2.65380924940109 2.58332997560501 2.202791005373 2.10407105088234 1.95666232705116 1.81791064143181 1.84114176034927 1.98110380172729 2.04275901317596 1.94022143345613 1.69171491903918 1.79315264097282 1.76564532305513 1.8787685419832 2.94128954761169 2.12020914554596 2.35747257050346 1.99355070590973 2.00783998966217 2.5395650267601 2.31832314389093 2.03536232880184 2.04697754553386 2.21581054585321 2.42170137166977 1.77877935341426 2.13964229822159 2.16320975124836 2.21144919097424 2.14874701201916 2.67805257439613 4.72479164600372 4.89302994310856 1.96223289625985 1.77633784711361 1.91045356648309 1.81791010499001 2.01980305635012 2.0113735474073 1.57240241765976 1.34089796359722 1.60942830358233 1.60924044251442 2.04258002553667 2.40051422800337 4.13895893096924 2.44811381399632 5.25297030158665 5.30941257787787 5.2240697560103 3.733647108078 3.92516255378723 10.112116923699 10.5720698833466 -9999 -9999 -9999 -9999 -9999
3.50580030679703 3.49242687225342 3.14086443185806 2.78140851855278 2.42623442411423 2.28713151812553 2.13393968343735 1.91668212413788 1.84053587913513 1.99747443199158 1.99918210506439 2.07556326389313 1.94823080727032 1.84259758676801 1.99044806829521 2.1949111691543 2.34430255740881 2.14269641786814 2.10069061070681 2.04213742911816 2.46368238925934 2.42926151752472 2.62695646286011 2.64334940058844 2.38626692295074 1.89941190821784 2.43686524629593 2.48743348121643 2.6686241882188 2.24027946416069 1.26999362877437 2.08864080905914 1.94026929140091 1.82878297567368 2.23350691795349 2.63374543190002 2.74480998516083 2.83659622949712 1.81854828766414 1.71128168702126 1.69267499446869 1.76020567206775 1.03428294566961 1.43170809745789 1.70353963545391 1.77458821024214 2.20879365716662 6.69811295546018 2.96520806103945 2.74058638120952 4.86170320925505 5.25139305808327 11.3572118932551 12.543125518047 -9999 -9999 -9999 -9999 -9999 -9999 -9999 -9999
4.03523337841034 3.73315054178238 3.46474266052246 3.03706231713295 2.93857800960541 2.68473115563393 2.03726401925087 1.95411992073059 2.2122768163681 2.63049334287643 2.73113730549812 2.35648588339488 2.47258064746857 2.45273951292038 2.40301159769297 2.43101366981864 2.59495095536113 2.38755905628204 2.59639381617308 2.61417556554079 2.59791447222233 2.63363052606583 2.7683474779129 2.78160685300827 2.8744413119096 3.01552245446614 2.9793919801712 2.82429194450378 2.47170718227114 2.67407640389034 1.98311925785882 2.66652866772243 2.49144310610635 1.98478817939758 2.08550523008619 1.99498358794621 2.13859110219138 3.27896860767813 2.9519779401667 2.14663705755683 2.10796217006796 2.68309769910925 3.74269700050354 4.38380324840546 2.5133305717917 3.09133839607239 3.13229351294668 7.2530975844882 3.6939321245466 6.79469752311707 6.75981640815735 8.00788640975952 13.4711112976074 -9999 -9999 -9999 -9999 -9999 -9999 -9999 -9999 -9999
4.48127180337906 3.93823254108429 3.83351367712021 3.57130014896393 3.0934080183506 2.95687067508698 2.59639158844948 2.5304848253727 2.70801568031311 2.89757714101246 2.86014760392053 3.09349363190787 3.01418347018106 2.97665696484702 2.53496159613132 2.5690949074924 2.61402446776628 2.82073210179806 2.73118872195482 2.89752972126007 2.79894618193309 2.51664539426565 2.29794466495514 2.77023797482252 2.49185836315155 2.44503498077393 2.64164593219757 2.50061122179031 2.31646713188716 2.24110290833882 2.61780284132276 2.46620265075139 2.36865528140749 2.21390525783811 2.07625168561935 2.16140929290227 2.32524873529162 2.52488049439022 2.44823890072959 1.66092385564532 1.41448974609375 1.54062928472246 2.06941018785749 2.50501319340297 2.8439976147243 2.51255019401249 6.255850967608 4.59489512443542 5.00730504308428 4.03500805582319 6.99282455444336 16.778579056263 24.5469834302601 -9999 -9999 -9999 -9999 -9999 -9999 -9999 -9999 -9999
-9999 4.4846491392921 4.10103469235556 4.48758369684219 4.28280866146088 4.14352339506149 3.51643884181976 3.31087419390678 3.08292439579964 2.68124850307192 2.67739230394363 3.15583617687225 2.97748246192932 2.83492265939713 3.09295473779951 2.57602813839912 2.64261992275715 2.80689273277918 3.04013226429621 3.01418604453405 2.68942268192768 2.54734729528427 2.30563120047251 2.26601853370666 2.43630607128143 2.22228548526764 2.15793503522873 2.42445755004883 2.36755238771439 2.20084600448608 2.2239163347653 2.31989609343665 2.28873917034694 2.27551087311336 2.07587280869484 2.27875246320452 2.31625352587019 2.28623756340572 2.22297891548702 1.85553750821522 1.56898679903575 1.47115708142519 2.10827805314745 2.66833872454507 3.09367622647967 -9999 5.44214973449707 4.74539474078587 4.1922938142504 8.01738210346388 21.9973004150391 34.6352128601074 45.0951572799683 57.5521926357322 -9999 -9999 -9999 -9999 -9999 -9999 -9999 -9999
-9999 -9999 -9999 -9999 -9999 2.28387522697449 2.94301407784224 3.41354113817215 3.25998216867447 3.10011219978333 3.49759728567941 2.97262225832258 3.1214626789093 3.09944534301758 2.91702827811241 3.25269379615784 3.07618129253387 2.98138563632965 3.04308903217316 3.06188840866089 2.67236558198929 2.57618546485901 2.52902772426605 2.25250867605209 2.31218047142029 2.06016584634781 2.04176027774811 2.26935728788376 2.48523144721985 2.41231050491333 2.12944298131125 2.13482612371445 2.19388047286442 2.18267029523849 2.0309944152832 2.13099466264248 2.19510458196913 2.11976534128189 2.06231191328594 1.86119449138641 1.65507160765784 2.04919350998742 2.36591940266745 2.79265134675162 3.18794131278992 25.6001757186593 -9999 -9999 -9999 -9999 22.4525840759277 34.3715171813965 41.4597285134452 28.9945621930636 -9999 -9999 -9999 -9999 -9999 -9999 -9999 -9999
-9999 -9999 -9999 -9999 -9999 -9999 -9999 -9999 3.80872266432818 3.88916296618325 3.46540878500257 3.22705826759338 3.01665965999876 3.14768257141113 3.13076207637787 3.15608696937561 3.17505984306335 2.97915863990784 3.081973695755 2.76734515428543 2.6513209939003 2.34260785579681 2.38139222860336 2.30492191314697 2.20902030467987 2.27037025690079 2.02715991735458 2.16731770038605 2.25828106403351 2.0290681549481 2.07922354766301 2.10854627404894 2.12477731704712 2.13491422789437 2.04476232188089 2.02765933104924 1.84548895699637 1.9017139843532 1.72948367255075 1.61423270191465 1.96699859414782 2.41152696950095 2.60650422743389 2.7500507405826 4.2530641173139 29.0682649612427 -9999 -9999 -9999 -9999 17.548882484436 29.0858510971069 26.4422294616699 17.7594771725791 15.7183292933873 20.3865705479023 -9999 -9999 -9999 -9999 -9999 -9999
-9999 -9999 -9999 -9999 -9999 -9999 -9999 -9999 -9999 -9999 3.38630551099777 3.19764673709869 3.17832171916962 3.11026799678802 3.09067330190114 3.24024302512407 3.08280745893717 3.00505822151899 2.6577662229538 2.66223139762878 2.60513228178024 2.3224995136261 1.97979735955596 2.1819232583046 1.98662846088409 1.9915027141571 1.8564117193222 1.87159913778305 2.13504146337509 1.94097403685252 1.85118152573705 1.92745537417276 1.879190325737 1.8938775914056 1.75468294961112 1.76921114751271 1.64884012086051 1.74903117758887 1.8427249789238 1.7027085849217 1.92905984606062 2.30623289516994 2.77054580620357 2.98544756003789 15.529778938849 -9999 -9999 -9999 -9999 -9999 -9999 -9999 10.4042196419181 14.7875680242266 17.7218954903739 12.9755213601249 10.8786277770996 -9999 -9999 -9999 -9999 -9999
-9999 -9999 -9999 -9999 -9999 -9999 -9999 -9999 -9999 4.3704868555069 3.57127034664154 3.21693187952042 3.15141481161118 3.11340659856796 3.20508718490601 3.62788927555084 3.36069828271866 3.15834280103445 2.73339184373617 2.25068881511688 2.17204624414444 2.21228882074356 1.95962345600128 1.8286122918129 1.79040721654892 1.77651346921921 1.74497596025467 1.7970920085907 1.74731373786926 1.79855288267136 1.78424693346024 1.84729730231421 1.75359251669475 1.71767385516848 1.65606131723949 1.67477261168616 1.61459084068026 1.70893708297185 1.81566210303988 2.04628387519291 2.12009259632656 2.49102667399815 2.89558742727552 3.14270491259439 29.1612076388979 33.0447750091553 -9999 -9999 -9999 12.9569520420498 21.2587381998698 17.2907275324282 16.0227802525396 27.531502859933 15.4743451390948 13.5381936345782 11.2428982257843 -9999 -9999 -9999 -9999 -9999
-9999 -9999 -9999 -9999 -9999 -9999 -9999 -9999 -9999 -9999 3.79299318790436 3.43791383504868 3.40016543865204 3.34369903802872 3.97549551725388 3.6452379822731 3.41353684663773 3.03456768393517 2.51817232370377 2.12590074539185 2.08154588937759 1.99590229988098 1.7759873047471 1.66288429498672 1.83327049016953 1.73402988910675 1.62222111225128 1.60922667980194 1.61072480678558 1.69480953216553 1.66705704927444 1.82254232679095 1.72716798101153 1.42882592976093 1.56529584952763 1.56153838123594 1.31341589987278 1.81024370874677 1.70567541463035 1.95606233392443 2.29285761288234 2.66856827054705 3.35691552502768 3.37506140981402 9.49135715753129 -9999 -9999 -9999 -9999 -9999 29.569923442343 31.7440757336824 28.5351907066677 24.6337522838427 16.8481850002123 -9999 -9999 -9999 -9999 -9999 -9999 -9999
-9999 -9999 -9999 -9999 -9999 -9999 -9999 -9999 -9999 3.67937564849854 4.01819205284119 3.62989634275436 3.50981885194778 3.60537105798721 3.74782007932663 3.52242827415466 3.19722220301628 2.88305348157883 2.38887271285057 2.04535189270973 1.90673094987869 1.80307823419571 1.72156783938408 1.56233730912209 1.67059438303113 1.73753646612167 1.61199918985367 1.51411185860634 1.51587888002396 1.54010385870934 1.63425542116165 1.70280123608453 1.65156488759177 1.42742949724197 1.31201127171516 1.28506727516651 1.34829500317574 1.94523594209126 2.03147644656045 2.29690279279436 2.70668956211635 2.83599053110395 3.46680838721139 6.03137595676681 3.86466658115387 -9999 -9999 -9999 -9999 -9999 29.0130621592204 37.1922093033791 35.3585621377696 -9999 -9999 -9999 -9999 -9999 -9999 -9999 -9999 -9999
-9999 -9999 -9999 -9999 -9999 -9999 -9999 -9999 -9999 2.89621567726135 2.9707384001125 2.86402484503659 2.85054942694577 2.70312679897655 2.56369125843048 2.56908856905424 2.35596326681284 2.06870007514954 1.99789045751095 1.64546617865562 1.5703086455663 1.56971103698015 1.49855035543442 1.48416841626167 1.63185377120972 1.56083474159241 1.60210655927658 1.54277532696724 1.51443846225739 1.43809723258018 1.44948424696922 1.61427625588008 1.63407312972205 1.59991136619023 1.65250033991677 1.7516593847956 1.92569507871355 2.24555274418422 2.1752883706774 2.41277606146676 2.90794086456299 3.45329822812762 3.50436411585127 12.2416585672249 3.86466693878174 -9999 -9999 -9999 -9999 12.1949715614319 -9999 -9999 -9999 -9999 -9999 -9999 -9999 -9999 -9999 -9999 -9999 -9999
-9999 -9999 -9999 -9999 -9999 -9999 -9999 -9999 -9999 2.97545034235174 2.8897803588347 2.80573238026012 2.81350639733401 2.69472560015592 2.45154960588975 2.41272029009732 2.24984474073757 2.04410622336648 1.68322478234768 1.65875474611918 1.50222959121068 1.44113655885061 1.40324874222279 1.35662456229329 1.42972888946533 1.48271482586861 1.5173311829567 1.62527023553848 1.55856046676636 1.40773852467537 1.51099464297295 1.49895267188549 1.72076189517975 1.80565002986363 1.75530310188021 1.60379768269403 1.92786329984665 2.52618343489511 2.29860668522971 2.39613103866577 3.00794444765363 3.40223433290209 3.41894932536336 -9999 -9999 -9999 -9999 -9999 -9999 -9999 -9999 -9999 -9999 -9999 -9999 -9999 -9999 -9999 -9999 -9999 -9999 -9999
-9999 -9999 -9999 -9999 -9999 -9999 -9999 -9999 -9999 4.14939153194427 4.04405122995377 3.79336404800415 3.85977321863174 2.26322774453597 2.3158250505274 2.11797347935763 1.81370016119697 1.94789590618827 1.44409378369649 1.42931953072548 1.4425430893898 1.35937835276127 1.37293761968613 1.4315357208252 1.43020011484623 1.44139215350151 1.49032352864742 1.57514274120331 1.72640857100487 1.67748548984528 1.54717221856117 1.40645827353001 1.58172266823905 1.74830945900508 1.71867881502424 2.14762110369546 2.55308108670371 2.63651173455375 2.66273985590254 3.16901554380144 3.60843367236001 4.44260574877262 5.47159951997091 -9999 -9999 -9999 -9999 -9999 -9999 -9999 -9999 -9999 -9999 -9999 -9999 -9999 -9999 -9999 -9999 -9999 -9999 -9999
-9999 -9999 -9999 -9999 -9999 -9999 -9999 3.28386068344116 3.58043113480444 3.79900467395782 3.69727653264999 3.4710453748703 3.40410226583481 2.93800887465477 2.67612552642822 2.47776725888252 1.82682383060455 1.57628107070923 1.37176585197449 1.36016972362995 1.36605149507523 1.38746090233326 1.36878009140491 1.34287090599537 1.33774314820766 1.379649117589 1.48270338773727 1.58383849263191 1.64059323072433 1.69371947646141 1.73437368869781 1.71707240172795 1.51316420733929 1.57982361316681 1.80973649024963 3.09958950110844 3.3612608058112 3.27331990855081 3.27331536156791 3.28991792883192 8.73770822830571 5.69786846637726 3.25656187534332 -9999 -9999 -9999 -9999 -9999 -9999 -9999 -9999 -9999 -9999 -9999 -9999 -9999 -9999 -9999 -9999 -9999 -9999 -9999
-9999 -9999 -9999 -9999 -9999 -9999 3.60989214544711 3.95594954490662 3.30271326411854 3.50326615571976 3.50133681297302 3.29504507780075 3.20409196615219 2.6177134513855 2.03175503015518 1.73716112971306 1.5125870257616 1.39710028469563 1.32255363464355 1.3358516395092 1.33557049930096 1.36098536849022 1.37152937054634 1.31910373270512 1.0773411484865 1.11159812945586 1.33220873773098 1.40665765106678 1.56024441123009 1.60379415750504 1.80151522159576 2.00170936754772 1.9884489093508 1.87833283628736 2.2117726462228 3.13004580565861 3.68989818436759 3.66600205217089 3.25081755133236 -9999 -9999 -9999 -9999 -9999 -9999 -9999 -9999 -9999 -9999 -9999 -9999 -9999 -9999 -9999 -9999 -9999 -9999 -9999 -9999 -9999 -9999 -9999
-9999 -9999 -9999 -9999 4.14568224160567 4.29544001817703 3.64128304611553 3.26003928617998 3.68650311231613 3.37584215402603 3.21790641546249 3.10426259040833 2.9305527806282 2.46823343634605 1.78771418333054 1.50558646023273 1.42366147041321 1.30608636140823 1.22620169933026 1.29470366239548 1.2936750203371 1.33226203918457 1.33631838858128 1.30535246431828 1.05226040344972 1.21811485290527 1.29889170825481 1.31142523884773 1.30161526799202 1.3667928725481 1.84511094433921 1.96688512393406 2.12057309491294 2.73022300856454 3.44528016022273 3.61105850764683 3.94014828545707 4.71819621562958 -9999 -9999 -9999 -9999 -9999 -9999 -9999 -9999 -9999 -9999 -9999 -9999 -9999 -9999 -9999 -9999 -9999 -9999 -9999 -9999 -9999 -9999 -9999 -9999
-9999 -9999 -9999 -9999 4.30680554791501 3.85624122619629 3.99143522435969 3.5605407519774 2.96218062530864 2.67895482886921 2.76084905862808 2.73729091882706 2.49520909786224 2.0898639857769 1.60806441307068 1.50224475562572 1.04911835491657 1.03592738509178 1.08083347976208 1.12692910432816 1.1618390083313 1.32567350566387 1.31175936758518 1.29404364526272 1.26807060837746 1.27999703586102 1.29002290964127 1.37351089715958 1.44002775847912 1.59915447235107 1.92510071396828 2.25314319133759 2.39748167991638 2.73705436502184 3.35088443756104 3.49918443816049 3.41854752813067 -9999 -9999 -9999 -9999 -9999 -9999 -9999 -9999 -9999 -9999 -9999 -9999 -9999 -9999 -9999 -9999 -9999 -9999 -9999 -9999 -9999 -9999 -9999 -9999 -9999
-9999 14.6032068689442 3.55795131410871 3.57123483311046 3.92888376929543 3.47500048984181 3.40458730134097 3.46757246147503 3.02454422820698 2.58534648201682 2.42778201536699 2.45149502158165 1.59241206537593 1.03724039684642 0.922634092244235 0.775565735318444 1.02957665920258 1.06277975440025 1.09954802691936 1.13034278154373 1.17885412275791 1.09648688137531 1.11215497553349 1.13101726770401 1.14991323649883 1.3090645223856 1.39877608418465 1.51387573778629 1.5860985070467 1.96409663558006 2.18480026721954 2.58919012546539 2.85582014918327 2.57854473590851 26.365926787771 4.017622590065 -9999 -9999 -9999 -9999 -9999 -9999 -9999 -9999 -9999 -9999 -9999 -9999 -9999 -9999 -9999 -9999 -9999 -9999 -9999 -9999 -9999 -9999 -9999 -9999 -9999 -9999
3.5191398024559 3.42893434654583 3.49572089585391 3.56655855612321 3.29569442705675 3.31423622911627 3.39041353355754 3.76955262097445 3.31848852200942 2.97365498542786 2.41254583001137 2.05457204580307 1.31424577669664 1.15327028794722 1.51023361086845 0.657616715539586 0.699911876158281 1.08432640135288 1.09826976060867 1.1034808754921 1.10324737429619 1.08973909914494 1.09825621545315 1.11995077133179 1.23267562687397 1.40512546896935 1.61857107281685 1.70748892426491 1.91187644004822 2.14420861005783 2.54253247380257 2.91689363809732 3.2971465587616 -9999 -9999 -9999 -9999 -9999 -9999 -9999 -9999 -9999 -9999 -9999 -9999 -9999 -9999 -9999 -9999 -9999 -9999 -9999 -9999 -9999 -9999 -9999 -9999 -9999 -9999 -9999 -9999 -9999
4.41301543896015 3.45498930490934 3.40714151209051 3.34718198126013 3.57790262590755 3.83799986405806 3.76572961157019 3.33392741463401 3.20278257131577 3.02936682105064 2.34127199649811 1.86464208364487 1.90362226963043 1.70296344161034 1.36088772118092 1.40546326339245 1.14506523311138 1.10514935851097 1.13474479317665 1.10433511435986 1.11447410285473 1.12753190100193 1.34200084209442 1.56257775425911 1.58087950944901 1.56903423368931 1.82646211981773 2.08656057715416 2.25687652367812 2.59708438011316 3.0188532609206 3.19491866001716 3.50988328456879 13.2666333349128 32.5223286731823 4.22584730206114 -9999 -9999 -9999 -9999 -9999 -9999 -9999 -9999 -9999 -9999 -9999 -9999 -9999 -9999 -9999 -9999 -9999 -9999 -9999 -9999 -9999 -9999 -9999 -9999 -9999 -9999
3.48762150244279 3.41274349255995 3.50394074483351 4.32048729333011 4.8937370668758 3.66276381774382 4.97428593310443 3.55806050517342 2.89767220616341 2.58672994375229 2.1282651424408 1.89594021439552 1.80415546894073 1.61016193032265 1.5538917183876 1.49976450204849 1.22510525584221 1.25525663793087 1.22354038059711 1.20058375597 1.18689352273941 1.4951958656311 1.7123122215271 1.88100144267082 1.87498745322227 1.90291279554367 2.07689931988716 2.26923844218254 2.94693349874937 2.99538002564357 7.65231155395508 -9999 -9999 -9999 -9999 -9999 -9999 -9999 -9999 -9999 -9999 -9999 -9999 -9999 -9999 -9999 -9999 -9999 -9999 -9999 -9999 -9999 -9999 -9999 -9999 -9999 -9999 -9999 -9999 -9999 -9999 -9999
3.62175682458011 4.3466827544299 4.42509204691107 4.09504699707031 3.5289506316185 3.49736607074738 3.17280960083008 2.66475757956505 2.59114491939545 2.42663469910622 2.14793998003006 1.78565526008606 1.67770391702652 1.6284311413765 0.902925935658542 0.942057967185974 1.62099049985409 1.7162016928196 1.58510273694992 1.62626993656158 1.53006085753441 1.73215568065643 1.88879105448723 1.83757340908051 2.18227684497833 2.30954051017761 2.53994476795197 2.73042994737625 2.76058341475094 3.34953386966999 3.79127908669985 3.82531531860954 -9999 -9999 -9999 -9999 -9999 -9999 5.36902402052239 12.6942715644836 -9999 -9999 -9999 -9999 -9999 -9999 -9999 -9999 -9999 -9999 -9999 -9999 -9999 -9999 -9999 -9999 -9999 -9999 -9999 -9999 -9999 -9999
5.04173111915588 5.19992637634277 5.92459905147552 4.22544575654543 3.81354607068575 3.58137039954846 3.47221101247347 3.30580612746152 2.94452557780526 2.30408084392548 1.93171787803823 1.40228961408138 1.27788815590052 1.24275277211116 1.01356422901154 1.52241570841182 1.14538184621117 1.23735757307573 1.42596285451542 1.8842843933539 1.81802781603553 2.08716187151996 2.05113084499653 2.44209544933759 2.65269296902877 2.79762613314849 2.92645155925017 3.25568636980924 3.18648554728581 3.31021400598379 6.53355075888438 3.42093944549561 -9999 -9999 -9999 -9999 -9999 -9999 -9999 -9999 -9999 -9999 -9999 -9999 -9999 -9999 -9999 -9999 -9999 -9999 -9999 -9999 -9999 -9999 -9999 -9999 -9999 -9999 -9999 -9999 -9999 -9999
-9999 -9999 -9999 -9999 -9999 3.62686390625803 3.55392680718349 3.39319210702723 2.84829557483847 2.4156040224162 1.95010394941677 1.36490012705326 1.35047687725587 1.3475124835968 1.23190394314853 1.3263041918928 1.61410164291208 1.58210866017775 1.77121686393564 2.0981734124097 2.1888410449028 2.36360889673233 2.62300599079866 2.87086735780422 2.90803730029326 3.1775245303693 -9999 -9999 -9999 -9999 -9999 -9999 -9999 -9999 -9999 -9999 -9999 -9999 -9999 -9999 -9999 -9999 -9999 -9999 -9999 -9999 -9999 -9999 -9999 -9999 -9999 -9999 -9999 -9999 -9999 -9999 -9999 -9999 -9999 -9999 -9999 -9999
-9999 -9999 -9999 -9999 -9999 -9999 3.09258735179901 2.87729700045152 2.48989618908275 1.59196678616784 1.54692509770393 1.60418436202136 1.45279713652351 1.30753815715963 1.3788032152436 1.63840448856354 1.72297950834036 1.5954528003931 1.58596700429916 2.30605706801781 2.61820060014725 2.77653346153406 2.7634726029176 3.01233936804477 -9999 -9999 -9999 -9999 -9999 -9999 -9999 -9999 -9999 -9999 -9999 -9999 -9999 -9999 -9999 -9999 -9999 -9999 -9999 -9999 -9999 -9999 -9999 -9999 -9999 -9999 -9999 -9999 -9999 -9999 -9999 -9999 -9999 -9999 -9999 -9999 -9999 -9999
