EcologicalScience/Bass/data/rs_data_bass/chl_300.asc
NCOLS 226 
NROWS 124 
XLLCORNER -9.41648524995501 
YLLCORNER 47.587301625531 
CELLSIZE 0.0833 
NODATA_value -9999 
[rows 54 to 80 of 124, columns 0 to 61 of 226]
-9999 -9999 -9999 -9999 -9999 -9999 -9999 -9999 -9999 -9999 -9999 -9999 -9999 -9999 -9999 -9999 -9999 -9999 -9999 -9999 -9999 -9999 -9999 -9999 -9999 -9999 -9999 -9999 -9999 -9999 -9999 -9999 -9999 -9999 -9999 -9999 -9999 -9999 5.12107662233223 5.08059586797442 2.02438455820084 2.19284075498581 1.84429308772087 1.83676421642303 1.7392560839653 1.08946877717972 0.900204479694366 1.43332421779633 1.44149100780487 1.33897796273232 1.11661729216576 0.942749261856079 0.950675994157791 1.35961872339249 1.85249322652817 1.75401306152344 1.8482723236084 2.09248870611191 -9999 0.607058599591255 0.62790758907795 2.20158212534759
-9999 -9999 -9999 -9999 -9999 -9999 -9999 -9999 -9999 -9999 -9999 -9999 -9999 -9999 -9999 -9999 -9999 -9999 -9999 -9999 -9999 -9999 -9999 -9999 -9999 -9999 -9999 -9999 -9999 -9999 -9999 -9999 -9999 -9999 -9999 -9999 -9999 -9999 -9999 5.85742211341858 2.37239480018616 2.39981800317764 1.93795698881149 1.84839427471161 0.501403480768204 0.873422205448151 0.97836971282959 0.985156506299973 0.919273495674133 0.959338456392288 0.863931745290756 0.821895003318787 0.868215769529343 1.18313097953796 2.23975431919098 2.21639853715897 2.05726718902588 2.43479025363922 -9999 -9999 -9999 -9999
-9999 -9999 -9999 -9999 -9999 -9999 -9999 -9999 -9999 -9999 -9999 -9999 -9999 -9999 -9999 -9999 -9999 -9999 -9999 -9999 -9999 -9999 -9999 -9999 -9999 -9999 -9999 -9999 -9999 -9999 -9999 -9999 -9999 -9999 -9999 -9999 -9999 -9999 -9999 -9999 2.29205650091171 2.00246876478195 2.1440389752388 3.50163209438324 2.90516173839569 1.64962273836136 1.56691646575928 1.3157114982605 0.977066248655319 1.08220347762108 0.920379728078842 0.947720289230347 1.21713978052139 1.7796944975853 2.23605608940125 1.91639167070389 2.18280297517776 2.67646282911301 2.72550376653671 -9999 -9999 -9999
-9999 -9999 -9999 -9999 -9999 -9999 -9999 -9999 -9999 -9999 -9999 -9999 -9999 -9999 -9999 -9999 -9999 -9999 -9999 -9999 -9999 -9999 -9999 -9999 -9999 -9999 -9999 -9999 -9999 -9999 -9999 -9999 -9999 -9999 -9999 -9999 -9999 -9999 -9999 -9999 4.03335499763489 2.1280962228775 2.2644294500351 2.69049292802811 3.30287253856659 2.45334595441818 1.88198697566986 1.86453294754028 1.63639497756958 1.32860854268074 1.12365299463272 0.994901239871979 1.21837502717972 1.66006422042847 1.79209721088409 1.26205649971962 1.09902074933052 1.61702781915665 1.99352797865868 2.55047446489334 2.925427056849 -9999
-9999 -9999 -9999 -9999 -9999 -9999 -9999 -9999 -9999 -9999 -9999 -9999 -9999 -9999 -9999 -9999 -9999 -9999 -9999 -9999 -9999 -9999 -9999 -9999 -9999 -9999 -9999 -9999 -9999 -9999 -9999 -9999 -9999 -9999 -9999 -9999 -9999 -9999 -9999 -9999 -9999 2.84420174360275 2.20209333300591 2.324353069067 4.43120777606964 3.03192615509033 2.10522669553757 1.87999945878983 1.74913716316223 1.50878477096558 1.31325745582581 1.06416821479797 1.13044273853302 1.30425453186035 1.25420925021172 1.02026626467705 0.794582962989807 1.41046850383282 1.80092300474644 3.98054555058479 2.70627996325493 -9999
-9999 -9999 -9999 -9999 -9999 -9999 -9999 -9999 -9999 -9999 -9999 -9999 -9999 -9999 -9999 -9999 -9999 -9999 -9999 -9999 -9999 -9999 -9999 -9999 -9999 -9999 -9999 -9999 -9999 -9999 -9999 -9999 -9999 -9999 -9999 -9999 -9999 -9999 -9999 -9999 -9999 2.49647283554077 2.34127727150917 1.89283043146133 1.98909366130829 1.80126893520355 1.79470878839493 1.70716953277588 1.47551921010017 1.27627345919609 1.17737621068954 1.14010199904442 0.958329766988754 0.889656007289886 0.855203211307526 0.842644482851028 0.844474464654922 1.78026670217514 2.2095183134079 1.5293873236938 -9999 -9999
-9999 -9999 -9999 -9999 -9999 -9999 -9999 -9999 -9999 -9999 -9999 -9999 -9999 -9999 -9999 -9999 -9999 -9999 -9999 -9999 -9999 -9999 -9999 -9999 -9999 -9999 -9999 -9999 -9999 -9999 -9999 -9999 -9999 -9999 -9999 -9999 -9999 -9999 -9999 -9999 2.38280802965164 2.19847404956818 2.45665043592453 1.97058516740799 1.63109850883484 1.93631172180176 2.13810002803802 1.83140033483505 1.51306200027466 1.00941297411919 1.03898772597313 0.996539264917374 0.806693226099014 0.683978989720345 1.73142229020596 1.63755597174168 1.4231039583683 -9999 -9999 1.7865390876929 2.75866255760193 4.05611729621887
-9999 -9999 -9999 -9999 -9999 -9999 -9999 -9999 -9999 -9999 -9999 -9999 -9999 -9999 -9999 -9999 -9999 -9999 -9999 -9999 -9999 -9999 -9999 -9999 -9999 -9999 -9999 -9999 -9999 -9999 -9999 -9999 -9999 -9999 -9999 -9999 -9999 -9999 -9999 2.45309928059578 2.96791881322861 2.42979294061661 2.00034749507904 2.08344447612762 1.52975392341614 1.9558237195015 2.30735778808594 1.62059032917023 1.56836700439453 1.26328504085541 0.986666232347488 0.812498956918716 0.657045766711235 0.72230176627636 0.746829763054848 1.51112794876099 1.0569329559803 2.15734487771988 1.70832592248917 1.82298821210861 1.9300035238266 1.79981553554535
-9999 -9999 -9999 -9999 -9999 -9999 -9999 -9999 -9999 -9999 -9999 -9999 -9999 -9999 -9999 -9999 -9999 -9999 -9999 -9999 -9999 -9999 -9999 -9999 -9999 -9999 -9999 -9999 -9999 -9999 -9999 -9999 -9999 -9999 -9999 -9999 -9999 -9999 -9999 3.10004542555128 2.55400121212006 2.38904857635498 1.92403274774551 1.56834375858307 1.37450623512268 1.61214816570282 1.8357127904892 1.55000549554825 1.48381876945496 1.11571195721626 1.04677721858025 0.346998743712902 0.512697771191597 0.6627037525177 0.672903746366501 0.709268242120743 0.807021707296371 1.05591675639153 1.38099378347397 1.32210749387741 1.34559828042984 1.38177073001862
-9999 -9999 -9999 -9999 -9999 -9999 -9999 -9999 -9999 -9999 -9999 -9999 -9999 -9999 -9999 -9999 -9999 -9999 -9999 -9999 -9999 -9999 -9999 -9999 -9999 -9999 -9999 -9999 -9999 -9999 -9999 -9999 -9999 -9999 -9999 -9999 -9999 -9999 3.95881640911102 2.55696755647659 2.02903461456299 1.48385471105576 1.43573965877295 1.22883671522141 1.2781777381897 1.53206473588943 1.5431159734726 1.26062697172165 1.22659420967102 1.10070821642876 0.530423998832703 0.5066287368536 0.704635486006737 1.70040729641914 1.52675479650497 0.771519005298615 0.695243239402771 0.850472241640091 0.958401739597321 1.39696723222733 1.2097687125206 1.39548075199127
-9999 -9999 -9999 -9999 -9999 -9999 -9999 -9999 -9999 -9999 -9999 -9999 -9999 -9999 -9999 -9999 -9999 -9999 -9999 -9999 -9999 -9999 -9999 -9999 -9999 -9999 -9999 -9999 -9999 -9999 -9999 -9999 -9999 -9999 -9999 -9999 -9999 -9999 2.40175634622574 1.93958397209644 1.56819516420364 1.37654095888138 1.05594751238823 1.13755577802658 1.21170902252197 1.20529425144196 0.964614003896713 0.962981253862381 0.885031521320343 0.897464990615845 0.619886979460716 0.600990012288094 0.608045250177383 0.74753026664257 0.79815673828125 0.69694721698761 0.766607075929642 0.935886025428772 0.898812711238861 0.937409967184067 1.12879729270935 1.3817490041256
-9999 -9999 -9999 -9999 -9999 -9999 -9999 -9999 -9999 -9999 -9999 -9999 -9999 -9999 -9999 -9999 -9999 -9999 -9999 -9999 -9999 -9999 -9999 -9999 -9999 -9999 -9999 -9999 -9999 -9999 -9999 -9999 -9999 -9999 -9999 -9999 -9999 2.78996821920922 2.26817214488983 1.66413152217865 1.51612043380737 1.28094899654388 1.16418001055717 1.12304252386093 1.02695471048355 0.884426236152649 0.801799535751343 0.818973004817963 0.8151975274086 0.840934485197067 0.89038422703743 0.774098217487335 0.777770966291428 0.735373511910439 0.667149737477303 0.496327489614487 0.633407235145569 0.82328474521637 0.911414265632629 1.03869447112083 1.15750721096992 1.37743350863457
-9999 -9999 -9999 -9999 -9999 -9999 -9999 -9999 -9999 -9999 -9999 -9999 -9999 -9999 -9999 -9999 -9999 -9999 -9999 -9999 -9999 -9999 -9999 -9999 -9999 -9999 -9999 -9999 -9999 -9999 -9999 -9999 -9999 -9999 -9999 -9999 -9999 2.77974754571915 1.90999495983124 1.49954321980476 1.45844024419785 1.31548950076103 1.24021348357201 0.824980527162552 0.767132967710495 0.72289802134037 0.773629456758499 1.019656509161 1.0014899969101 1.06416597962379 1.15400996804237 1.09748098254204 0.845778733491898 0.780360728502274 0.787943243980408 0.629818864166737 0.759197227656841 0.697155743837357 0.619364999234676 0.57294937223196 1.25200653076172 1.45863971114159
-9999 -9999 -9999 -9999 -9999 -9999 -9999 -9999 -9999 -9999 -9999 -9999 -9999 -9999 -9999 -9999 -9999 -9999 -9999 -9999 -9999 -9999 -9999 -9999 -9999 -9999 -9999 -9999 -9999 -9999 -9999 -9999 -9999 -9999 -9999 -9999 2.99563354253769 2.77552878856659 2.27345323562622 1.6324657201767 1.34418153762817 1.08845248818398 1.01996549963951 0.847488015890121 0.736772999167442 0.714398235082626 0.671571001410484 0.787572026252747 1.05684971809387 1.28918623924255 1.33297947049141 1.17330452799797 0.946219503879547 0.802897542715073 0.839702278375626 0.710083499550819 0.654956996440887 0.704651981592178 0.680466011166573 0.614045232534409 0.642784506082535 1.40414929389954
-9999 -9999 -9999 -9999 -9999 -9999 -9999 -9999 -9999 -9999 -9999 -9999 -9999 -9999 -9999 -9999 -9999 -9999 -9999 -9999 -9999 -9999 -9999 -9999 -9999 -9999 -9999 -9999 -9999 -9999 -9999 3.38447105884552 0.832330191135406 -9999 2.10493344068527 2.57472676800211 1.40094181895256 1.90124398469925 1.65890783071518 1.38030526041985 1.04849177598953 1.00347903370857 0.88918125629425 0.768664509057999 0.775734722614288 0.97477725148201 1.26885375380516 1.19033700227737 1.14765599370003 1.20360079407692 1.28064751625061 0.976763963699341 1.0107247531414 0.928064972162247 0.88937696814537 0.835922241210938 0.597816735506058 0.887947887182236 0.737782515585423 0.768598258495331 1.52209848165512 1.36738274778639
-9999 -9999 -9999 -9999 -9999 -9999 -9999 -9999 -9999 -9999 -9999 -9999 -9999 -9999 -9999 -9999 -9999 -9999 -9999 -9999 -9999 -9999 0.346259817481041 13.8105096817017 18.064483165741 13.1634306907654 15.9235053062439 2.83819441795349 4.38420760631561 12.6209592819214 10.0307786464691 3.80205988883972 2.65109556913376 1.20443961024284 2.02914154529572 2.5633020401001 2.3335388302803 1.64431571960449 1.22215497493744 1.05249300599098 1.00557070970535 1.36749449372292 1.97910833358765 2.30715894699097 2.70965248346329 2.01349049806595 1.8641220331192 1.58523148298264 1.32116621732712 1.20942226052284 1.47792899608612 1.443483710289 1.07857802510262 0.988983750343323 1.02457273006439 0.996294021606445 0.907941743731499 1.288669526577 4.84473128003233 -9999 -9999 -9999
-9999 -9999 -9999 -9999 -9999 -9999 -9999 -9999 -9999 -9999 -9999 -9999 -9999 -9999 -9999 -9999 -9999 -9999 -9999 -9999 -9999 -9999 0.627219758927822 9.93041467666626 3.863849401474 17.4344043731689 11.9597060680389 15.8323373794556 22.5750031471252 8.69906187057495 3.25218451023102 2.27711176872253 1.86887168884277 1.54844999313354 1.43357402086258 1.48429048061371 1.69335526227951 1.21901321411133 1.0331534743309 1.36708429455757 1.50370270013809 1.8280822634697 2.31971704959869 2.37219303846359 2.13996595144272 1.69868105649948 1.5515279173851 1.51923680305481 1.27846053242683 1.17265874147415 1.34836274385452 1.25002723932266 1.32835274934769 1.39451175928116 2.8341475725174 -9999 -9999 -9999 -9999 -9999 -9999 -9999
-9999 -9999 -9999 -9999 -9999 -9999 -9999 -9999 -9999 -9999 -9999 -9999 -9999 -9999 -9999 -9999 -9999 -9999 -9999 2.383616401599 6.46748696054731 0.999306760728359 1.14464476704597 1.09225872159004 1.3341067135334 2.62527751922607 2.99523156881332 2.51700603961945 2.89725905656815 1.02935099601746 1.35975220799446 1.49475073814392 1.25719195604324 1.03377297520638 1.01759326457977 1.19807249307632 1.22476503252983 1.21570202708244 3.24693882465363 3.19165349006653 3.30007946491241 2.91166877746582 3.61433029174805 3.70723557472229 2.92319476604462 1.74670118093491 1.16765096783638 1.14787200093269 1.15274548530579 1.16485950350761 1.42607545852661 -9999 -9999 -9999 -9999 -9999 -9999 -9999 -9999 -9999 -9999 -9999
-9999 -9999 -9999 -9999 -9999 -9999 -9999 -9999 -9999 -9999 -9999 -9999 -9999 -9999 -9999 -9999 -9999 6.69140245914459 2.81627279520035 1.04735478758812 20.8072142601013 36.6888227462769 0.594624727964401 0.319557756185532 1.17479476332664 1.19577598571777 1.28796377778053 1.97060626745224 1.88903546333313 1.26560845971107 1.28069695830345 1.35639229416847 1.05401623249054 0.8879055082798 1.1061187684536 1.09985402226448 1.09478250145912 1.04762774705887 2.29462802410126 6.49448776245117 5.36329185962677 4.68662703037262 4.20413339138031 2.28641992807388 1.1538952589035 1.14866101741791 1.18991401791573 1.29239174723625 1.2401579618454 1.71855676174164 4.61913536145137 -9999 -9999 -9999 -9999 -9999 -9999 -9999 -9999 -9999 -9999 -9999
-9999 -9999 -9999 -9999 -9999 -9999 -9999 -9999 -9999 -9999 -9999 -9999 -9999 -9999 8.71980357170105 1.2169376090169 1.08132527768612 1.55051925033331 2.45915257930756 0.984914213418961 0.523773729801178 0.388633880764246 0.412818007171154 0.296269498765469 0.443154752254486 0.727122768759727 0.959736764431 1.30292478203773 1.49038946628571 1.34091228246689 1.28898221254349 1.15249121189117 1.04053500294685 0.871904253959656 0.906305998563766 0.874837517738342 0.973353713750839 1.11401697993279 1.15697997808456 9.21138310432434 4.84889388084412 3.25995433330536 3.96095609664917 1.10397371649742 1.04757151007652 1.14480149745941 1.20170921087265 1.15964323282242 1.14727503061295 1.12439775466919 1.32898047566414 1.00308600068092 -9999 -9999 -9999 -9999 -9999 -9999 -9999 -9999 -9999 -9999
-9999 -9999 -9999 -9999 -9999 -9999 -9999 -9999 -9999 -9999 -9999 1.65885696709156 2.55048072338104 5.89617991447449 4.81163477897644 39.2341547012329 40.1547431945801 0.473051257431507 0.449546508491039 0.38730600848794 0.411454126238823 0.392118763178587 0.37397737428546 0.373470760881901 0.557960271835327 0.427372880280018 0.994202971458435 1.01286900043488 0.950691729784012 0.930529475212097 0.966968983411789 0.911616772413254 0.76919549703598 0.742216497659683 0.749181747436523 0.812831997871399 1.01303100585938 2.1397642493248 2.16433274745941 2.41193926334381 2.91507375240326 3.0387464761734 1.97834175825119 1.26092174649239 1.09038752317429 1.10524499416351 1.06158372759819 0.97203603386879 1.08407771587372 1.45483687520027 1.25840635970235 -9999 -9999 -9999 -9999 -9999 6.92879424067431 3.92086914181709 4.30697304010391 4.19899698666164 5.04843731224537 -9999
-9999 -9999 -9999 -9999 -9999 -9999 -9999 -9999 -9999 5.28818634152412 0.44071501493454 0.852022469043732 2.5280624628067 3.28907561302185 2.1097537279129 0.496357508003712 0.463172614574432 0.399176500737667 0.418033510446548 0.428790383040905 0.417014613747597 0.398511752486229 0.386083133518696 0.45778951048851 0.43793623521924 0.483870014548302 0.396363750100136 0.389846988022327 0.925086736679077 0.820430248975754 0.737633228302002 0.703174486756325 0.734384268522263 0.694670230150223 0.76769095659256 0.83687549829483 0.963770985603333 1.22193825244904 1.38085797429085 2.1313304901123 2.2832647562027 1.61114931106567 1.27242296934128 1.18765273690224 1.28001075983047 0.933272212743759 0.774372786283493 0.775581032037735 0.815472766757011 1.4271787405014 1.24022549390793 1.24667674303055 1.74920589476824 6.65190948289016 2.64495818955558 2.46335586905479 2.15352603793144 2.16592986881733 2.21001528203487 3.01630988717079 3.14972475171089 -9999
-9999 -9999 -9999 -9999 -9999 2.99450991153717 1.32995402812958 0.984143972396851 1.66327732801437 1.02827703952789 0.458840265870094 0.455013021826744 0.929231286048889 0.496128737926483 0.5365020185709 0.433518759906292 0.373138122260571 0.386434122920036 0.416477255523205 0.415470354259014 0.744803264737129 0.702478498220444 0.686340004205704 0.625380769371986 0.59272500872612 0.618234738707542 0.624040514230728 0.575085014104843 0.394641011953354 0.691694229841232 0.713226735591888 0.624013513326645 0.637252494692802 0.680326491594315 0.721316233277321 0.803913027048111 0.755002498626709 1.23669898509979 1.39625546336174 1.5093052983284 1.23088350892067 0.942000031471252 0.977075278759003 1.31436520814896 1.61315470933914 0.813800275325775 1.21087047457695 1.61424905061722 1.93370407819748 1.18466854095459 1.57459232211113 1.5011103451252 1.55231769382954 1.92797917127609 1.80777150392532 1.60538291931152 1.28746202588081 1.53973281383514 1.86263211071491 2.29286777973175 2.55467998981476 2.35417351126671
-9999 -9999 -9999 -9999 -9999 2.0574157834053 1.08262503147125 1.30730402469635 1.04614502191544 0.694208979606628 0.649726510047913 0.46891538053751 0.41745675355196 0.51918451488018 0.598535254597664 0.699623242020607 0.689558252692223 0.639052480459213 0.557018995285034 0.707669243216515 0.720659270882607 0.671084985136986 0.694263741374016 0.718452751636505 0.659627258777618 0.257322750985622 0.287848502397537 0.28600649535656 0.285119242966175 0.509295746684074 0.861719995737076 0.838986039161682 0.705473989248276 0.619052991271019 0.628136247396469 0.643834501504898 0.726158246397972 0.840576767921448 1.25333547592163 1.14252528548241 0.94686296582222 0.913558512926102 1.54157853126526 2.0446942448616 2.38573658466339 3.27805209159851 1.81356292963028 1.78031480312347 0.732609763741493 0.658664613962173 1.24052202701569 1.29070539772511 1.35762338340282 2.00466817617416 0.95458647608757 0.930602967739105 0.864803284406662 0.894434988498688 1.30765990912914 1.58732548356056 1.82635688781738 1.96485525369644
-9999 -9999 -9999 -9999 -9999 0.493138521909714 0.514226227998734 0.647273272275925 0.857456982135773 0.845774978399277 0.417221233248711 0.428411990404129 0.359666258096695 0.396765768527985 0.507074251770973 0.58016999065876 0.552542254328728 0.552665993571281 0.561286479234695 0.578735992312431 0.597130492329597 0.640961229801178 0.685958996415138 0.690852731466293 0.688050001859665 0.596355736255646 0.484875753521919 0.434225991368294 0.33688049018383 0.505092740058899 0.757174462080002 0.635648265480995 0.698553755879402 0.60486526787281 0.617256000638008 0.600668996572495 0.657090738415718 0.698828995227814 0.775603473186493 0.811728715896606 0.908631026744843 1.22695201635361 1.52787083387375 1.50651901960373 1.98352128267288 2.67612755298615 2.08126723766327 1.5707625746727 2.09035867452621 4.39332067966461 2.56499916315079 0.751189738512039 0.735251627862453 0.79695600271225 1.07841378450394 0.664252504706383 0.701435253024101 0.851631760597229 0.731592759490013 1.27757102251053 1.29089471697807 1.18545073270798
-9999 -9999 -9999 -9999 -9999 0.456590250134468 0.43045274913311 0.4062509983778 0.419806480407715 0.363734252750874 0.353865757584572 0.37440450489521 0.30510675162077 0.330451503396034 0.325703624635935 0.441438004374504 0.435255020856857 0.452752500772476 0.452850759029388 0.522128239274025 0.563477978110313 0.607844978570938 0.659470483660698 0.689588248729706 0.622548758983612 0.542936995625496 0.52903126180172 0.483215242624283 0.407563492655754 0.403241246938705 0.462916254997253 0.859420537948608 0.686366245150566 0.618069738149643 0.623147249221802 0.5964525192976 0.607111483812332 0.635038509964943 0.749170482158661 0.653904005885124 0.931964993476868 1.01633629202843 0.977786958217621 1.30180871486664 2.02029597759247 3.29954767227173 2.59454244375229 3.20939469337463 3.71767866611481 4.74769127368927 2.21701955795288 1.19912400841713 0.888416290283203 0.870166540145874 0.794551491737366 0.59714475274086 0.593754753470421 0.569279238581657 0.600344270467758 1.00815376639366 1.02536621689796 1.07268145680428
-9999 -9999 -9999 -9999 -9999 0.440158501267433 0.417391508817673 0.432688504457474 0.419013753533363 0.404939264059067 0.383900240063667 0.35717549175024 0.320759989321232 0.312209241092205 0.348819740116596 0.357274509966373 0.364993505179882 0.386384233832359 0.401478007435799 0.458209499716759 0.598620012402534 0.647118732333183 0.654175490140915 0.685498505830765 0.680064752697945 0.637062013149261 0.547334253787994 0.512112736701965 0.475401744246483 0.44912476837635 0.680363237857819 0.62006476521492 0.737656518816948 0.705281987786293 0.67355851829052 0.656061753630638 0.644806489348412 0.630526497960091 0.630683228373528 0.593849256634712 0.683415770530701 0.883061975240707 1.25004002451897 1.14742425084114 1.17589795589447 1.55240625143051 1.77622497081757 2.17129647731781 3.50340986251831 3.64975583553314 3.45279157161713 1.24660500884056 0.508024871349335 0.581031739711761 0.777054369449615 0.872193038463593 0.834988117218018 0.895781233906746 0.862150490283966 0.955550640821457 0.846534043550491 1.36245453357697
