EcologicalScience/Bass/data/rs_data_bass/chl_155.asc
NCOLS 226 
NROWS 124 
XLLCORNER -9.41648524995501 
YLLCORNER 47.587301625531 
CELLSIZE 0.0833 
NODATA_value -9999 
[rows 0 to 26 of 124, columns 62 to 123 of 226]
-9999 -9999 -9999 -9999 -9999 -9999 -9999 -9999 -9999 -9999 -9999 -9999 -9999 -9999 -9999 -9999 -9999 -9999 -9999 -9999 -9999 -9999 -9999 -9999 -9999 -9999 -9999 -9999 -9999 -9999 -9999 -9999 -9999 -9999 -9999 -9999 -9999 -9999 -9999 -9999 -9999 -9999 -9999 -9999 -9999 -9999 -9999 -9999 -9999 -9999 -9999 -9999 -9999 -9999 -9999 -9999 -9999 -9999 -9999 -9999 -9999 -9999
-9999 -9999 -9999 -9999 -9999 -9999 -9999 -9999 -9999 -9999 -9999 -9999 -9999 -9999 -9999 -9999 -9999 -9999 -9999 -9999 -9999 -9999 -9999 -9999 -9999 -9999 -9999 -9999 -9999 -9999 -9999 -9999 -9999 -9999 -9999 -9999 -9999 -9999 -9999 -9999 -9999 -9999 -9999 -9999 -9999 -9999 -9999 -9999 -9999 -9999 -9999 -9999 -9999 -9999 -9999 -9999 -9999 -9999 -9999 -9999 -9999 -9999
-9999 -9999 -9999 -9999 -9999 -9999 -9999 -9999 -9999 -9999 -9999 -9999 -9999 -9999 -9999 -9999 -9999 -9999 -9999 -9999 -9999 -9999 -9999 -9999 -9999 -9999 -9999 -9999 -9999 -9999 -9999 -9999 -9999 -9999 -9999 -9999 -9999 -9999 -9999 -9999 -9999 -9999 -9999 -9999 -9999 -9999 -9999 -9999 -9999 -9999 -9999 -9999 -9999 -9999 -9999 -9999 -9999 -9999 -9999 -9999 -9999 -9999
-9999 -9999 -9999 -9999 -9999 -9999 -9999 -9999 -9999 -9999 -9999 -9999 -9999 -9999 -9999 -9999 -9999 -9999 -9999 -9999 -9999 -9999 -9999 -9999 -9999 -9999 -9999 -9999 -9999 -9999 -9999 -9999 -9999 -9999 -9999 -9999 -9999 -9999 -9999 -9999 -9999 -9999 -9999 -9999 -9999 -9999 -9999 -9999 -9999 -9999 -9999 -9999 -9999 -9999 -9999 -9999 -9999 -9999 -9999 -9999 -9999 -9999
-9999 -9999 -9999 -9999 -9999 -9999 -9999 -9999 -9999 -9999 -9999 -9999 -9999 -9999 -9999 -9999 -9999 -9999 -9999 -9999 -9999 -9999 -9999 -9999 -9999 -9999 -9999 -9999 -9999 -9999 -9999 -9999 -9999 -9999 -9999 -9999 -9999 -9999 -9999 -9999 -9999 -9999 -9999 -9999 -9999 -9999 -9999 -9999 -9999 -9999 -9999 -9999 -9999 -9999 -9999 -9999 -9999 -9999 -9999 -9999 -9999 -9999
-9999 -9999 -9999 -9999 -9999 -9999 -9999 -9999 -9999 -9999 -9999 -9999 -9999 -9999 -9999 -9999 -9999 -9999 -9999 -9999 -9999 -9999 -9999 -9999 -9999 -9999 -9999 -9999 0.63735419511795 0.823666093014453 16.5231323242188 1.31571753323078 5.56524074077606 4.70454239845276 3.18586134910583 2.2891064286232 2.94588750600815 3.88655161857605 3.66438674926758 1.92319267988205 5.10335683822632 3.23007309436798 1.97343742847443 1.34325751662254 2.39718675613403 2.78287267684937 1.86584097146988 1.81599819660187 1.75603652000427 1.76683419942856 1.63420057296753 1.14260771870613 1.18186122179031 1.41542029380798 1.15664246678352 0.366402760148048 1.20895273983479 1.21675461530685 0.331935748457909 0.259062007069588 0.317656494677067 0.782651960849762
-9999 -9999 -9999 -9999 -9999 -9999 -9999 -9999 -9999 -9999 -9999 -9999 -9999 -9999 -9999 -9999 -9999 -9999 -9999 -9999 -9999 -9999 -9999 -9999 -9999 -9999 1.18186515569687 1.0627324283123 2.22398262364524 2.42320087552071 2.0532183945179 1.91713204979897 4.66559028625488 4.18939197063446 2.59999716281891 3.40082180500031 4.86179637908936 6.57618498802185 6.34580254554749 7.19254231452942 7.83534908294678 6.1828236579895 3.77026784420013 2.94226276874542 3.62460207939148 2.58307492733002 1.92685496807098 1.46074721217155 1.41188925504684 1.33415248990059 1.01205146312714 0.898546457290649 0.928703963756561 1.26856049895287 0.741552740335464 0.863556772470474 0.711893990635872 1.2277125120163 1.13424378633499 1.25299836695194 0.332505740225315 0.347072996199131
-9999 -9999 -9999 -9999 -9999 -9999 -9999 -9999 -9999 -9999 -9999 -9999 -9999 -9999 -9999 -9999 -9999 -9999 -9999 -9999 -9999 -9999 -9999 -9999 -9999 -9999 1.18186515569687 2.11863730475307 2.46780708432198 2.1445004940033 1.78028583526611 3.60031080245972 1.83383542299271 2.81728345155716 2.99617052078247 3.28235185146332 3.91916406154633 5.82026338577271 8.63569164276123 7.54134893417358 6.52983140945435 6.38173985481262 4.57980608940125 3.61184334754944 3.53679084777832 4.39558660984039 3.70863962173462 3.22120034694672 1.29782545566559 1.38656321167946 1.30340096354485 0.966702729463577 0.907301276922226 0.978672713041306 1.42129576206207 1.07122725248337 0.985377788543701 1.32675898075104 1.58072251081467 1.54846765100956 1.47511880099773 0.859803736209869
-9999 -9999 -9999 -9999 -9999 -9999 -9999 -9999 -9999 -9999 -9999 -9999 -9999 -9999 -9999 -9999 -9999 -9999 -9999 -9999 -9999 -9999 -9999 -9999 -9999 -9999 3.20437881946564 2.53203195333481 2.15640977025032 2.48585897684097 2.21189966797829 1.33601474761963 1.32571649551392 1.68259942531586 1.87061995267868 1.91576707363129 1.98828220367432 4.26203083992004 4.25880002975464 5.12681400775909 5.20609366893768 4.50114977359772 3.22613775730133 3.05250442028046 3.99098932743073 4.47823119163513 3.2932516336441 2.27230954170227 1.74955058097839 1.51320308446884 1.52960550785065 1.37791872024536 1.35148724913597 1.24941301345825 1.22746199369431 0.976136237382889 0.891833961009979 1.44605103135109 1.39493027329445 1.91929842531681 1.76488427817822 1.53120893239975
-9999 -9999 -9999 -9999 -9999 -9999 -9999 -9999 -9999 -9999 -9999 -9999 -9999 -9999 -9999 -9999 -9999 -9999 -9999 -9999 -9999 -9999 -9999 -9999 -9999 1.19121462106705 1.6397602558136 3.55299943685532 4.17023599147797 0.765887975692749 1.6806862950325 1.66915681958199 1.4659519046545 1.01905953884125 1.92333143949509 2.24541074037552 2.38625997304916 2.89539223909378 3.06050384044647 3.39537692070007 3.61687660217285 3.99342226982117 3.28722882270813 2.92174351215363 4.82455945014954 3.99718809127808 2.99869126081467 2.68755143880844 2.54033482074738 2.58468532562256 2.18326342105865 2.06302124261856 2.04055577516556 1.72572308778763 1.38905248045921 1.29987975955009 1.09604474902153 1.69556021690369 1.62863999605179 1.6920690536499 1.56034272909164 1.4863957464695
-9999 -9999 -9999 -9999 -9999 -9999 -9999 -9999 -9999 -9999 -9999 -9999 -9999 -9999 -9999 -9999 -9999 -9999 -9999 -9999 -9999 -9999 -9999 -9999 -9999 1.88020393252373 2.45406630635262 2.82842472195625 3.16894465684891 3.23422873020172 2.306162327528 1.89551362395287 0.833495289087296 0.771747708320618 1.65604716539383 2.67224103212357 2.80149149894714 4.24558711051941 3.12931966781616 3.69510912895203 3.82837414741516 4.0953916311264 3.76498210430145 3.41263711452484 4.39367616176605 3.27010273933411 2.69850826263428 2.87527048587799 2.92550325393677 2.46775728464127 2.26140457391739 2.20801949501038 2.40178424119949 2.04545849561691 1.70037066936493 1.66655391454697 1.97000920772552 1.73991966247559 1.63263148069382 1.6840597987175 1.53839707374573 1.21001923084259
-9999 -9999 -9999 -9999 -9999 -9999 -9999 -9999 -9999 -9999 -9999 -9999 -9999 -9999 -9999 -9999 -9999 -9999 -9999 -9999 -9999 -9999 -9999 -9999 1.31647038459778 8.23537963628769 4.28569132089615 3.08699369430542 2.61905363202095 2.52461618185043 1.89675146341324 0.389737486839294 1.80644550919533 2.09010672569275 2.12611949443817 2.44389224052429 1.52659195661545 2.20608901977539 3.28016567230225 3.25784862041473 3.31999111175537 3.59436893463135 3.49473989009857 3.15661954879761 2.9780820608139 2.72159332036972 2.65149217844009 2.36195933818817 2.31037580966949 2.40668177604675 2.63897627592087 2.6115465760231 2.69608354568481 2.71492570638657 2.62281757593155 2.25398933887482 1.90135198831558 2.12304747104645 1.83660596609116 1.73426556587219 1.60802328586578 1.65489596128464
-9999 -9999 -9999 -9999 -9999 -9999 -9999 -9999 -9999 -9999 -9999 -9999 -9999 -9999 -9999 -9999 -9999 -9999 -9999 -9999 -9999 -9999 -9999 1.50594073534012 5.91787791252136 6.54963088035584 4.22494089603424 2.79194390773773 2.17313504219055 1.60163247585297 1.77131402492523 1.82927548885345 2.36109745502472 2.29005682468414 2.23107898235321 2.33863574266434 2.45333844423294 2.92705947160721 2.96607291698456 2.80848830938339 2.20107525587082 2.97620022296906 2.723228931427 2.37221324443817 2.29265552759171 3.42117011547089 2.21092057228088 2.06958746910095 1.96088629961014 1.92729216814041 1.96145921945572 2.01992547512054 2.18167877197266 2.20999574661255 2.19304794073105 2.18826520442963 1.94928967952728 2.00436598062515 1.88038569688797 1.46573325991631 1.29644545912743 1.31036102771759
-9999 -9999 -9999 -9999 -9999 -9999 -9999 -9999 -9999 -9999 -9999 -9999 -9999 -9999 -9999 -9999 -9999 -9999 -9999 -9999 -9999 -9999 4.30315369367599 6.13828805088997 0.863431513309479 2.33249062299728 1.98779019713402 2.42339247465134 2.18056958913803 2.13525831699371 2.09405100345612 1.85565823316574 2.48943293094635 2.15461724996567 1.72577691078186 1.82035571336746 2.15973597764969 2.1935738325119 1.94963783025742 1.75513350963593 1.74850416183472 2.27171927690506 2.19676280021667 2.0814825296402 2.14569157361984 2.49485474824905 1.41202649474144 1.27317300438881 1.25826528668404 1.33224973082542 1.455850481987 1.64592146873474 1.7737455368042 1.74819302558899 1.74891006946564 1.73744630813599 1.89636307954788 2.25602549314499 1.86462754011154 1.76141703128815 1.36525422334671 1.32096371054649
-9999 -9999 -9999 -9999 -9999 -9999 -9999 -9999 -9999 -9999 -9999 -9999 -9999 -9999 -9999 -9999 -9999 -9999 -9999 -9999 2.64602583646774 2.0306833697037 5.80738282203674 9.13297247886658 0.970727294683456 1.2691784799099 1.54865226149559 2.33054137229919 2.42161953449249 1.55636483430862 1.99504423141479 2.09819394350052 2.09304070472717 1.87207943201065 1.79333692789078 1.63184094429016 1.52695280313492 1.64619827270508 1.80064952373505 1.74085646867752 1.6327897310257 1.62910348176956 1.68571722507477 1.81477349996567 1.88060545921326 1.79606401920319 1.69288569688797 1.60856848955154 1.5428414940834 1.39426347613335 1.54452449083328 1.52044504880905 1.60165947675705 1.71835577487946 1.5960488319397 1.51211625337601 1.71182852983475 1.62920022010803 1.62273967266083 1.52635502815247 1.32171446084976 1.28773498535156
-9999 -9999 -9999 -9999 -9999 -9999 -9999 -9999 -9999 -9999 -9999 -9999 -9999 -9999 -9999 -9999 -9999 -9999 -9999 -9999 2.13688639288731 5.70357692241669 4.69113600254059 4.04265904426575 3.60081589221954 3.40633642673492 2.21096706390381 1.75862324237823 2.38669270277023 2.47742557525635 2.55768746137619 2.39651173353195 2.08845144510269 1.93301922082901 1.69709855318069 1.58376145362854 1.48316252231598 1.65762448310852 1.77311021089554 1.68905854225159 1.68125993013382 1.73576778173447 1.54877918958664 1.56510293483734 1.70381480455399 1.75220024585724 1.85481601953506 1.9361144900322 2.00956499576569 1.854383289814 1.71967130899429 1.84554076194763 2.35812377929688 2.39498466253281 2.09212571382523 2.22016274929047 1.9527742266655 1.86794918775558 1.82771104574203 2.15492391586304 1.90729647874832 1.54535096883774
-9999 -9999 -9999 -9999 -9999 -9999 -9999 -9999 -9999 -9999 -9999 -9999 -9999 -9999 -9999 -9999 -9999 -9999 -9999 35.99560546875 6.22332501411438 5.85998010635376 5.02176511287689 4.45172774791718 3.64468216896057 3.13891053199768 2.03998875617981 2.09838598966599 2.29585647583008 2.54051470756531 2.58125245571136 2.16306674480438 2.16895419359207 2.19652283191681 1.75676107406616 1.8010733127594 1.55693024396896 1.79741996526718 1.8526012301445 1.71005183458328 1.56275403499603 1.53170549869537 1.54171872138977 1.49790295958519 1.53303068876266 1.47588899731636 1.64479279518127 1.75590151548386 1.87852728366852 1.61119794845581 1.57324576377869 1.58719718456268 2.10112953186035 2.85723674297333 3.48844957351685 2.9454892873764 2.09748601913452 1.47199496626854 2.1829177737236 2.55346351861954 1.64397382736206 1.43963250517845
-9999 -9999 -9999 -9999 -9999 -9999 -9999 -9999 -9999 -9999 -9999 -9999 -9999 -9999 -9999 -9999 -9999 -9999 25.8783674240112 13.2492384910583 7.26526379585266 5.36233413219452 3.88309335708618 3.50707876682281 3.06564009189606 2.81529593467712 2.23917979001999 2.67535346746445 2.19376641511917 2.09217220544815 2.07284992933273 1.8220379948616 1.75060576200485 1.84870952367783 1.81686902046204 1.84051501750946 1.87581592798233 2.0242515206337 1.8645247220993 1.83545708656311 1.89664274454117 2.40881770849228 2.55482625961304 1.87039196491241 1.97550523281097 1.39722749590874 1.37186104059219 1.40160521864891 1.31037077307701 1.35952350497246 1.31531926989555 1.5244522690773 1.99453800916672 2.35000044107437 2.31108444929123 2.50034844875336 1.64832830429077 1.45387950539589 1.33972495794296 1.31344199180603 0.916455745697021 0.798196524381638
-9999 -9999 -9999 -9999 -9999 -9999 -9999 -9999 -9999 -9999 -9999 -9999 -9999 -9999 -9999 -9999 -9999 13.3684830169457 22.1434750556946 9.22888970375061 5.62225592136383 3.46351933479309 2.92794817686081 2.24167048931122 1.7848094701767 1.79289293289185 1.65093004703522 1.39760845899582 1.34878796339035 1.31818950176239 1.20677322149277 1.1248507797718 1.1749792098999 1.3444327712059 1.3947180211544 1.36965295672417 1.42417421936989 1.74009293317795 1.63406628370285 1.53984081745148 1.44114223122597 1.36638075113297 1.33291125297546 1.4035432934761 1.53071916103363 1.72885644435883 1.21366345882416 1.1859532892704 1.10656571388245 1.0757542848587 1.16686874628067 1.22200128436089 1.35820949077606 1.43763229250908 1.27485904097557 1.37130001187325 1.54703629016876 1.26998323202133 1.20011249184608 1.17668697237968 1.05429750680923 1.15288129448891
-9999 -9999 -9999 -9999 -9999 -9999 -9999 -9999 -9999 -9999 -9999 -9999 -9999 -9999 -9999 -9999 -9999 -9999 -9999 5.53894186019897 3.72183609008789 2.30381548404694 1.66440904140472 1.46837550401688 1.29673200845718 1.04054474830627 0.982188731431961 1.04239878058434 1.06055179238319 0.995466738939285 0.961837470531464 0.962807983160019 1.06679472327232 1.09823629260063 0.995321273803711 1.05946952104568 1.18060049414635 1.25734126567841 1.3305344581604 1.33522573113441 1.39270421862602 1.43143424391747 1.47491928935051 1.42081949114799 1.36215823888779 1.32207074761391 1.12429949641228 0.994007259607315 0.99551922082901 0.986148744821548 0.979592978954315 1.03897798061371 1.15938752889633 1.28495478630066 1.27402353286743 1.2798892557621 1.09446376562119 1.35836926102638 1.08437776565552 0.79621946811676 1.21219646930695 1.31519928574562
-9999 -9999 -9999 -9999 -9999 -9999 -9999 -9999 -9999 -9999 -9999 -9999 -9999 -9999 -9999 7.2278870344162 9.54213090873346 4.06496977806091 5.74614894390106 3.33634114265442 1.6610181927681 1.19479420781136 1.07837471365929 1.12929528951645 0.942361503839493 0.83788275718689 0.907911747694016 0.954200237989426 0.938006222248077 0.92264923453331 0.86024397611618 0.881516218185425 0.864512264728546 0.921911984682083 0.97547248005867 0.977715790271759 0.971220731735229 1.07276549935341 1.25168851017952 1.22679224610329 1.25665953755379 1.29226496815681 1.23668700456619 1.33827003836632 1.33651274442673 1.24539452791214 1.10821053385735 1.00743824243546 0.945866972208023 0.912537038326263 0.895839750766754 0.952035784721375 0.882591784000397 1.58906847238541 1.18672952055931 1.16390401124954 1.18591046333313 0.960904508829117 0.971775770187378 1.11491999030113 0.959514766931534 0.912541508674622
-9999 -9999 -9999 -9999 -9999 -9999 -9999 -9999 -9999 -9999 35.2986888885498 35.2986888885498 13.7248649597168 69.894458770752 38.7233648300171 35.6564855575562 24.7519340515137 14.9085431098938 7.46326875686646 3.26147639751434 2.00810766220093 1.33575975894928 0.906663715839386 0.956384986639023 0.942007541656494 0.79244327545166 0.785572528839111 0.835844993591309 0.878926455974579 0.872098535299301 0.865729540586472 0.855752974748611 0.886227786540985 0.8673435151577 0.879177778959274 0.916739255189896 0.978099793195724 1.04546329379082 1.0782929956913 1.08441603183746 1.13773047924042 1.16786026954651 1.15763247013092 1.01598528027534 1.03566375374794 0.913238972425461 0.939265519380569 0.919250249862671 0.821819275617599 0.92725270986557 0.908267229795456 1.06913700699806 1.08686247467995 1.08850872516632 1.10344272851944 1.41558828949928 1.02639153599739 0.926140487194061 1.01634299755096 1.02154424786568 1.02049121260643 0.892983019351959
-9999 -9999 -9999 -9999 -9999 -9999 -9999 -9999 -9999 -9999 35.2986888885498 5.70392005973392 6.63880154490471 24.7923803329468 29.278450012207 24.1087131500244 33.8064680099487 13.8905820697546 7.71594887027646 2.30522386729717 2.76029473543167 1.59386479854584 1.24415096640587 1.20687076449394 1.11509853601456 0.854750275611877 0.777555763721466 0.776612251996994 0.812797486782074 0.838661223649979 0.869329512119293 0.879734247922897 0.907618492841721 0.911298036575317 0.92857351899147 0.982450515031815 1.03337100148201 1.1363579928875 1.08476248383522 1.02097570896149 1.0316167473793 1.03498274087906 1.02129149436951 0.988656789064407 0.907171458005905 0.895076215267181 0.910779744386673 0.913221716880798 0.975653260946274 1.08165076375008 1.24525648355484 1.05915078520775 1.03105500340462 1.17910122871399 0.890210956335068 0.929663211107254 0.909107208251953 0.862920731306076 0.937286227941513 0.846672713756561 0.839325785636902 0.87333145737648
-9999 -9999 -9999 -9999 -9999 -9999 -9999 -9999 -9999 -9999 -9999 -9999 13.5836842263138 6.7595884680748 33.4690074920654 4.69317013543585 -9999 -9999 -9999 -9999 -9999 -9999 2.89197340607643 1.73308271169662 1.73559594154358 1.37484750151634 0.969207018613815 0.837249040603638 0.791745007038116 0.849658459424973 0.981928467750549 0.898717492818832 0.898475289344788 0.943946957588196 0.948242962360382 0.8972407579422 0.950941532850266 0.968892753124237 0.981270790100098 0.98966172337532 1.05815479159355 1.04688227176666 1.0590877532959 1.04841899871826 0.955886274576187 0.984606027603149 1.03173673152924 1.00694552063942 1.14748495817184 1.33160921931267 1.51188969612122 1.46459779143333 1.30618724226952 1.10993027687073 0.958609521389008 0.683897271752357 0.649943232536316 0.630376517772675 0.719118744134903 0.701796770095825 0.664832979440689 0.612329229712486
-9999 -9999 -9999 -9999 -9999 -9999 -9999 -9999 -9999 -9999 -9999 -9999 -9999 16.6274771690369 16.6274771690369 16.6274771690369 -9999 -9999 -9999 -9999 -9999 -9999 4.94490551948547 4.94490551948547 4.94490551948547 0.308659605681896 1.78889179229736 1.59697794914246 1.03923073410988 0.90707927942276 0.940026015043259 1.08174902200699 0.975086957216263 0.959954291582108 0.973185002803802 0.97030645608902 1.07684996724129 1.08342745900154 1.00025922060013 1.08927753567696 1.18205478787422 1.17566549777985 1.10487073659897 1.19849699735641 1.3832985162735 1.16302648186684 1.18939054012299 1.32187503576279 1.48798799514771 1.39227747917175 1.38628721237183 1.24521973729134 1.05368998646736 0.866687268018723 0.736218005418777 0.47835074365139 0.473487764596939 0.388001248240471 0.502494737505913 0.632918983697891 0.604830756783485 0.576496481895447
-9999 -9999 -9999 -9999 -9999 -9999 -9999 -9999 -9999 -9999 -9999 -9999 -9999 -9999 -9999 -9999 -9999 -9999 -9999 -9999 -9999 -9999 -9999 -9999 -9999 -9999 2.4858945608139 2.79307508468628 1.63654124736786 1.11627826094627 0.866903275251389 1.13472899794579 1.1168047785759 1.07004153728485 0.962627291679382 0.985841989517212 1.00337478518486 1.03164902329445 1.10706371068954 1.05322873592377 1.14518550038338 1.12104374170303 1.16806948184967 1.08288073539734 1.13486248254776 1.16916596889496 1.49888321757317 1.07818803191185 0.990809977054596 1.07155725359917 1.03241622447968 1.10073673725128 1.10434797406197 0.970293760299683 0.529275745153427 0.405258759856224 0.412591516971588 0.424203738570213 0.443193733692169 0.503610759973526 0.581145018339157 0.598547995090485
-9999 -9999 -9999 -9999 -9999 -9999 -9999 -9999 -9999 -9999 -9999 -9999 -9999 -9999 -9999 -9999 -9999 -9999 -9999 -9999 -9999 -9999 -9999 -9999 -9999 -9999 -9999 7.27369502328691 3.31635975837708 2.32620602846146 1.60062003135681 1.25866878032684 1.32732671499252 1.24388399720192 1.26787278056145 1.1850697696209 1.10322895646095 1.05458852648735 1.16218203306198 1.13918396830559 1.11224403977394 1.05558452010155 1.0328234732151 1.14535877108574 1.18836227059364 1.14101547002792 1.01043078303337 0.791762262582779 0.794906973838806 0.816760540008545 0.893569529056549 0.951974987983704 0.921230256557465 0.774767965078354 0.583874255418777 0.441438764333725 0.419347509741783 0.409508228302002 0.416103020310402 0.419668480753899 0.427017733454704 0.432510003447533
