EcologicalScience/Bass/data/rs_data_bass/chl_38.asc
NCOLS 226 
NROWS 124 
XLLCORNER -9.41648524995501 
YLLCORNER 47.587301625531 
CELLSIZE 0.0833 
NODATA_value -9999 
[rows 54 to 80 of 124, columns 124 to 185 of 226]
1.49830573797226 1.41852051019669 1.69459989666939 2.14873731136322 2.00251883268356 1.40701760351658 1.5283961892128 1.73933887481689 1.90266519784927 1.77735221385956 1.67759782075882 1.63034552335739 1.5899550318718 1.61494499444962 1.69068217277527 2.21434529338564 1.98988076192992 1.89757008637701 1.96487399084227 1.34461954236031 1.27147123217583 1.22798100113869 1.26563027501106 1.62574025988579 1.69696494936943 1.78505152463913 1.82548105716705 1.95543670654297 2.07422728538513 2.15104150772095 2.20513257980347 2.21629283428192 2.21143774986267 2.19813512563705 2.25945669412613 2.30352321737691 2.33262041367983 2.65496546030045 1.70110648870468 1.6074795126915 1.62304419279099 1.5295313000679 1.35787278413773 1.5176916718483 2.28794733285904 2.25970759391785 2.17680082321167 2.36671992540359 3.08664505822318 2.23406836816243 2.73492282629013 5.97649508137857 5.27740042739444 6.89600928970005 4.92998471260071 5.76570097446442 5.97413159741296 6.31528147061666 6.62638367546929 25.1082475230379 -9999 -9999
1.62196522951126 3.47261023521423 2.10189333558083 1.48998445272446 1.58094024658203 1.2491212785244 1.95641586184502 2.14389681816101 2.14834570884705 2.00489330291748 1.9207221865654 1.90387201309204 1.87062156200409 1.8188790678978 1.64158719778061 1.72797757387161 2.36581765753882 2.13973473225321 2.25851785285132 2.01095393300056 1.63714021444321 1.68336996436119 1.62531673908234 1.84230226278305 1.99634301662445 1.98983877897263 2.00622928142548 2.05205827951431 2.22337830066681 2.27874840497971 2.348695063591 2.32666093111038 2.37688556909561 2.43623442649841 2.44982005357742 2.43001719713211 2.45418674945831 3.35440564155579 2.21714097261429 1.80360746383667 1.592453956604 1.38799577951431 1.26848995685577 2.9816267490387 2.67547767162323 2.74412679672241 2.77479622364044 3.25745449066162 3.38924708491878 3.51811180795942 4.40618317860823 5.38791206147936 5.16287267208099 9.05163331031799 11.2879237174988 6.78156014283498 10.5720698833466 -9999 -9999 -9999 -9999 -9999
2.79798227548599 1.74101597070694 1.77258479595184 1.67569929361343 1.62190669775009 1.56438648700714 1.74242800474167 2.21337300539017 2.15367525815964 2.05258566141129 2.18850070238113 2.17607849836349 2.0442441701889 2.06898593902588 1.99024343490601 1.56158924102783 1.50259798765182 2.20813739725522 2.32684311696461 1.90733504295349 1.94020375609398 2.00362128019333 2.18291103839874 2.17617928981781 2.09834176301956 1.89517718553543 1.92594820261002 1.78066116571426 1.75350004434586 2.30247278213501 2.33293905258179 2.41965806484222 2.42020649909973 2.46299849748611 2.42763001918793 2.37035194635391 2.30692682266235 2.28912934064865 2.97760570049286 1.63703548908234 1.4495407640934 1.3604257106781 0.665862060018948 0.693677231669426 0.467065646180085 3.14187729358673 3.68443958759308 -9999 4.42286603980594 4.61587805407388 4.90003219672612 8.19671666622162 6.05742213461134 15.7117868931624 -9999 -9999 -9999 -9999 -9999 -9999 -9999 -9999
4.7834175825119 2.56701403856277 2.05271303653717 2.09304475784302 2.72250151634216 2.64051675796509 2.57414478063583 2.43766647577286 2.33619976043701 2.21617501974106 2.21168178319931 2.36379218101501 2.15517067909241 2.00107204914093 1.97421526908875 2.02452671527863 1.82734805345535 1.95079582929611 1.64668763875961 2.12387102842331 2.15548896789551 2.16450130939484 2.17757552862167 2.1123149394989 1.97822672128677 1.96930825710297 2.46251372098923 2.33618094921112 2.37000799179077 2.30976068973541 2.36584869623184 2.30005819797516 2.21436754465103 2.25398160219192 2.21850363016129 2.26197617053986 2.22512990236282 2.1867506980896 2.30487991571426 1.43282997608185 1.29697653651237 1.30648496747017 2.80246049165726 2.44710491895676 2.5967676281929 3.04095420837402 3.63653360171752 -9999 4.6043083451011 4.13683349745614 3.87271844257008 7.88921096532241 9.21870091687078 -9999 -9999 -9999 -9999 -9999 -9999 -9999 -9999 -9999
3.35177689790726 3.32181823253632 2.91710212826729 2.85315334796906 2.99857431650162 2.85286045074463 2.75323051214218 2.73711901903152 2.65646696090698 2.5567409992218 2.56419306993484 2.53860533237457 2.27641582489014 2.20251595973969 2.27670156955719 2.00886601209641 2.40342593193054 2.20689296722412 2.08993130922318 2.49174398183823 2.29855692386627 2.01726096868515 1.97796601057053 1.9377047419548 1.85837495326996 1.8928507566452 2.39069291353226 2.32238517999649 2.28635548353195 2.31657161712646 2.29142394065857 1.63349032402039 1.64625817537308 1.92020674943924 1.93559892177582 2.12812522649765 2.5696057677269 1.77588683366776 1.6164727807045 2.49755203723907 1.55004376173019 2.15192931890488 2.01508355140686 2.81972247362137 3.32087767124176 3.45802560177716 5.44964849948883 4.60673314332962 5.39635484665632 5.63958366215229 6.22123079640525 4.35340201854706 44.2308691277796 -9999 -9999 -9999 -9999 -9999 -9999 -9999 -9999 -9999
-9999 3.34963466674089 2.59627441167831 2.31965029239655 2.32472807168961 2.29676425457001 2.89879202842712 2.87259829044342 2.87379294633865 2.86408281326294 2.77692604064941 2.6424697637558 2.6104416847229 2.64744526147842 2.55578845739365 2.20880931615829 2.38399797677994 2.29144942760468 2.25632178783417 2.20239526033401 2.40959399938583 2.05934768915176 1.8274102807045 2.27942934036255 1.77970957756042 1.79324674606323 2.14618850946426 2.18022091388702 2.12983788251877 1.98406031131744 2.05881687402725 2.07269043922424 2.01490252017975 1.98125940561295 1.96878619194031 1.49253603816032 2.01947093009949 1.81191158294678 1.57700926065445 1.38523954153061 2.19795227050781 2.74870419502258 2.71570873260498 2.93847298622131 3.13108742237091 -9999 -9999 6.2513388812542 5.92533212900162 6.42033444132124 37.4030357791532 52.7526693036479 48.8278434507308 -9999 -9999 -9999 -9999 -9999 -9999 -9999 -9999 -9999
-9999 -9999 -9999 -9999 -9999 2.28387522697449 3.23379456996918 3.25502693653107 3.10181307792664 3.04096055030823 2.92298018932343 2.75103378295898 2.91444003582001 3.07762134075165 2.71679466962814 2.45425057411194 2.31434029340744 2.19640427827835 2.1594255566597 2.01218408346176 1.62942749261856 1.9636484503746 1.93135222196579 1.84470262527466 1.64660179615021 1.79257467985153 1.83220477104187 1.95974280834198 1.94564960002899 1.82087469100952 1.92849898338318 1.92324110269547 1.87577075958252 1.86560168266296 1.82863454818726 3.37247014045715 1.57978641986847 1.56795144081116 1.54019558429718 1.73112148046494 3.32276630401611 3.01645946502686 3.05556213855743 3.41890203952789 3.46799376010895 -9999 -9999 -9999 -9999 -9999 62.4607122861422 55.4284214511994 65.7941687799269 -9999 -9999 -9999 -9999 -9999 -9999 -9999 -9999 -9999
-9999 -9999 -9999 -9999 -9999 -9999 -9999 -9999 3.57061421871185 3.08074414730072 3.07039940357208 3.21976804733276 3.39677631855011 3.45430791378021 3.83573770523071 2.49616867303848 2.34733128547668 2.01576071977615 1.69736176729202 1.56065779924393 1.42716971039772 1.68010685443878 1.40263652801514 1.42903795838356 1.69516888856888 1.72361458539963 1.66877534389496 1.70672402381897 1.72143385410309 1.64164896011353 1.6952631354332 1.73509800434113 1.65548280477524 1.56668080091476 1.53422901630402 1.63381054401398 1.90352618694305 1.56239783763885 1.65740633010864 3.60683012008667 3.39000284671783 3.26660335063934 3.09703660011292 3.36627888679504 -9999 29.0682649612427 -9999 -9999 -9999 -9999 17.548882484436 61.215059978206 12.649035172029 48.3807376623154 20.1287272274494 -9999 -9999 -9999 -9999 -9999 -9999 -9999
-9999 -9999 -9999 -9999 -9999 -9999 -9999 -9999 -9999 -9999 3.45758700370789 3.13004457950592 2.88197904825211 3.06704711914062 3.68812966346741 2.65764445066452 2.38021051883698 1.95908403396606 1.44900977611542 1.19279399514198 1.76675260066986 1.72070859670639 1.64743450880051 1.72414710521698 1.64482207298279 1.65938848257065 1.65484343767166 1.63406022787094 1.63594753742218 1.57435412406921 1.58526526689529 1.57900432348251 1.45426433086395 1.38402542471886 1.51357918977737 1.86287556886673 2.50732880830765 2.29448854923248 3.09498596191406 9.10849070549011 2.81850743293762 2.71818155050278 2.58423292636871 3.23724717646837 -9999 -9999 -9999 -9999 -9999 -9999 -9999 -9999 -9999 32.0651634080069 26.8295700073242 8.69301618229259 10.8786277770996 -9999 -9999 -9999 -9999 -9999
-9999 -9999 -9999 -9999 -9999 -9999 -9999 -9999 -9999 4.3704868555069 2.99847038090229 2.57331691682339 4.81890463829041 4.01489639282227 2.9362605214119 2.58771979808807 2.43771529197693 1.94129991531372 1.47449478507042 1.03914302587509 1.07059353590012 1.0657154917717 1.06805026531219 1.60806782245636 1.61397551298142 1.31416350603104 1.39649328589439 1.53374470472336 1.49272353053093 1.70388994216919 1.61649787425995 1.55493832826614 1.42899170517921 1.37728194594383 1.63560684919357 2.02445105314255 2.48714245557785 2.67227574586868 2.83136630058289 2.77609000205994 3.45637965202332 2.55053633451462 2.75963097810745 2.95686668157578 -9999 33.0447750091553 -9999 -9999 -9999 17.4523906707764 14.0676253360251 17.6055856091636 13.4643162999834 27.0109441930597 28.573696231842 33.0822933197021 -9999 -9999 -9999 -9999 -9999 -9999
-9999 -9999 -9999 -9999 -9999 -9999 -9999 -9999 -9999 -9999 2.82937881723046 3.33592879772186 4.21858656406403 3.72918820381165 2.54356580972672 2.33473420143127 2.11140292882919 1.78419971466064 1.52442079782486 1.03671902418137 1.05275398492813 1.04601153731346 1.03169399499893 1.05613723397255 1.65269584655762 1.62861136198044 1.37573996186256 1.36924427747726 1.38336673378944 1.54745171070099 1.55042576789856 1.49395307302475 1.47517937421799 1.57018195390701 1.65460171699524 2.1558636546135 2.46698516607285 2.72011411190033 2.77172071933746 2.79190475940704 2.85012563467026 3.4751558303833 2.94809406995773 3.43572190403938 -9999 -9999 -9999 -9999 -9999 -9999 12.8316820751537 68.4406006336212 26.1231295721871 18.3244336673192 40.386026209051 -9999 -9999 -9999 -9999 -9999 -9999 -9999
-9999 -9999 -9999 -9999 -9999 -9999 -9999 -9999 -9999 3.67937564849854 3.20425397157669 2.69082230329514 2.49205648899078 2.31675678491592 2.0004420876503 1.84855806827545 1.62758553028107 1.50523728132248 1.27307170629501 1.0635794699192 1.03774201869965 0.987183004617691 1.00075426697731 1.0539667904377 1.71766140460968 1.32610496878624 1.34686499834061 1.39139324426651 1.45339876413345 1.45140454173088 1.58337754011154 1.86837450265884 1.87504490613937 1.82054461240768 1.91154288053513 2.22694660425186 2.6731271982193 2.71077874898911 2.80052834749222 2.8443644285202 2.85224479436874 3.12463796138763 3.18353905677795 3.62926671721719 3.86466658115387 -9999 -9999 -9999 -9999 -9999 17.0141507685184 13.9460109472275 14.9998311485563 -9999 -9999 -9999 -9999 -9999 -9999 -9999 -9999 -9999
-9999 -9999 -9999 -9999 -9999 -9999 -9999 -9999 -9999 4.00773310661316 3.55026090145111 3.07305836677551 2.62459498643875 2.01259356737137 1.81158149242401 1.69412469863892 1.4809747338295 1.27845373749733 1.10468548536301 1.06035903096199 1.04358753561974 0.990785211324692 0.954630732536316 1.01685297489166 1.26742878556252 2.03569588661194 1.28661677241325 1.39852353930473 1.50087976455688 1.735515832901 1.46137949824333 1.45544850826263 1.68830627202988 1.70121449232101 1.65022051334381 2.48265504837036 2.74281595945358 2.83269182443619 2.74288512979235 2.74007036856243 2.88625422120094 3.35346901416779 3.35313069820404 -9999 3.86466693878174 -9999 -9999 -9999 -9999 12.1949715614319 -9999 -9999 -9999 -9999 -9999 -9999 -9999 -9999 -9999 -9999 -9999 -9999
-9999 -9999 -9999 -9999 -9999 -9999 -9999 -9999 -9999 3.76427710056305 2.97938400506973 2.73876982927322 2.74235773086548 1.97685670852661 1.70518952608109 1.5258321762085 1.42329373955727 1.13219627737999 1.07115671038628 1.06978046894073 1.03008672595024 0.976006507873535 0.959666222333908 1.04673752188683 1.21677902340889 1.19525921344757 1.13984021544456 1.18507951498032 1.3296637237072 1.42606428265572 1.51856106519699 2.13367173671722 2.32810086011887 2.31131983995438 2.71720750331879 3.04115445613861 2.93151417970657 2.64852833747864 2.65113324778421 2.73617787020547 3.01607192414147 3.24828548431397 -9999 -9999 -9999 -9999 -9999 -9999 -9999 -9999 -9999 -9999 -9999 -9999 -9999 -9999 -9999 -9999 -9999 -9999 -9999 -9999
-9999 -9999 -9999 -9999 -9999 -9999 -9999 -9999 -9999 3.61865365505219 3.38064002990723 3.17863607406616 2.90756297111511 1.57421708106995 1.38766354322433 1.4465639591217 1.44734475016594 1.07908353209496 1.18540951609612 1.04601153731346 1.03891503810883 1.00182750821114 1.00808697938919 1.03964549303055 1.09810951352119 1.09767150878906 1.10183322429657 1.10275948047638 1.24617746472359 1.44231829047203 1.49204778671265 2.46252267360687 1.67989808320999 1.73583000898361 3.16572997570038 3.18437623977661 3.15043156147003 2.86363475322723 2.75894949265889 2.84277635812759 3.12976585626602 4.67757216095924 -9999 -9999 -9999 -9999 -9999 -9999 -9999 -9999 -9999 -9999 -9999 -9999 -9999 -9999 -9999 -9999 -9999 -9999 -9999 -9999
-9999 -9999 -9999 -9999 -9999 -9999 -9999 3.28386068344116 3.67985696452005 3.19671691954136 3.02351939678192 2.91641253232956 2.60562068223953 2.46084594726562 2.18073230981827 1.31013751029968 1.87123352714947 1.07531395554543 1.15874701738358 1.07173275947571 1.10894626379013 1.08682349324226 1.08757871389389 1.08412948250771 1.10226827859879 1.14384752511978 1.10154747962952 1.35769951343536 1.36125147342682 1.44753071665764 1.48697850108147 1.61624926328659 1.68653243780136 1.71418797969818 1.74487191438675 1.88365942239761 1.93542891740799 2.0253569483757 2.58218086957932 3.11396198272705 -9999 5.69786846637726 3.25656187534332 -9999 -9999 -9999 -9999 -9999 -9999 -9999 -9999 -9999 -9999 -9999 -9999 -9999 -9999 -9999 -9999 -9999 -9999 -9999
-9999 -9999 -9999 -9999 -9999 -9999 4.18050384521484 4.97217538438994 3.76478657126427 3.10776078701019 3.06093692779541 2.41473680734634 1.9580312371254 2.12823969125748 2.05559098720551 2.27213323116302 1.92228752374649 0.933551251888275 0.987417787313461 1.02593252062798 1.09703171253204 1.18674373626709 1.18636125326157 1.1851612329483 1.2153637111187 1.20123302936554 1.26500773429871 1.38382950425148 1.47965624928474 2.07435604078429 1.59412729740143 1.70490682125092 1.75290530920029 1.79437047243118 1.83633381128311 1.88641655445099 2.39614616831144 3.92153547312084 3.60918811120485 -9999 -9999 -9999 -9999 -9999 -9999 -9999 -9999 -9999 -9999 -9999 -9999 -9999 -9999 -9999 -9999 -9999 -9999 -9999 -9999 -9999 -9999 -9999
-9999 -9999 -9999 -9999 3.63733928203583 7.02068063487177 2.99772846698761 4.48693263530731 3.52436542510986 3.13452208042145 2.88304799795151 2.68804353475571 2.57949382066727 2.20199825763702 1.85561153718403 1.97700895581927 1.9176327415875 0.931874245405197 0.985365003347397 1.02066153287888 1.07659122347832 1.17159149050713 1.21170902252197 1.217350512743 1.23412352800369 1.24290749430656 1.2750982940197 1.36799848079681 1.48263072967529 1.61436367034912 1.83758175373077 1.93802171945572 1.98268282413483 1.98320245742798 2.0291805267334 2.10553121566772 2.60568101207415 10.2826460934757 -9999 -9999 -9999 -9999 -9999 -9999 -9999 -9999 -9999 -9999 -9999 -9999 -9999 -9999 -9999 -9999 -9999 -9999 -9999 -9999 -9999 -9999 -9999 -9999
-9999 -9999 -9999 -9999 4.22835689432481 3.63555085659027 3.4009416103363 3.58467221260071 2.84590119123459 3.1231484413147 1.67929118871689 1.93629294633865 1.70748746395111 2.15034332871437 0.860282957553864 0.869910031557083 0.881917476654053 0.861240774393082 0.927879720926285 1.00428977608681 1.06833297014236 1.20627075433731 1.2680144906044 1.2371452152729 1.28537321090698 1.32241728901863 1.30888947844505 1.37231621146202 1.5121334195137 1.86700344085693 2.10797023773193 2.07547116279602 2.11997777223587 2.23997408151627 2.46904724836349 2.81534850597382 4.45084400971731 -9999 -9999 -9999 -9999 -9999 -9999 -9999 -9999 -9999 -9999 -9999 -9999 -9999 -9999 -9999 -9999 -9999 -9999 -9999 -9999 -9999 -9999 -9999 -9999 -9999
-9999 4.00166957542814 3.5669173002243 3.69777166843414 3.12942492961884 3.5654901266098 2.70532876253128 2.74639195203781 2.28296631574631 1.59450745582581 2.23647184371948 1.70042324066162 1.58765029907227 0.955545723438263 0.947415769100189 0.830260455608368 0.846141010522842 0.863091766834259 0.940952986478806 1.03438729047775 1.11132073402405 1.22679600119591 1.25685676932335 1.21131902933121 1.22833496332169 1.33688324689865 1.33374452590942 1.43673303723335 1.55485278367996 1.91545128822327 1.9167668223381 2.19402980804443 1.93076401948929 2.48516321182251 3.9839229716195 -9999 -9999 -9999 -9999 -9999 -9999 -9999 -9999 -9999 -9999 -9999 -9999 -9999 -9999 -9999 -9999 -9999 -9999 -9999 -9999 -9999 -9999 -9999 -9999 -9999 -9999 -9999
5.08373093605042 4.70170140266418 4.03711867332458 3.3484171628952 2.83885806798935 2.7291179895401 2.37614107131958 2.67014318704605 2.13827168941498 1.65922200679779 1.35085648298264 1.86065590381622 1.4480407834053 1.45144208627088 1.41110424271652 0.877050787210464 0.959275513887405 0.921800225973129 0.954923987388611 1.06960049271584 1.19574004411697 1.2243629693985 1.27448102831841 1.21303278207779 1.26421272754669 1.40854722261429 1.53395926952362 1.59672743082047 1.59949868917465 1.88711392879486 2.72310972213745 2.89939999580383 3.05599465370178 -9999 -9999 -9999 -9999 -9999 -9999 -9999 -9999 -9999 -9999 -9999 -9999 -9999 -9999 -9999 -9999 -9999 -9999 -9999 -9999 -9999 -9999 -9999 -9999 -9999 -9999 -9999 -9999 -9999
3.86775004863739 3.67618203163147 3.26698708534241 3.14992582798004 3.00553643703461 2.20842307806015 2.05499249696732 1.55998349189758 1.70511370897293 1.8535852432251 1.75771745443344 1.71546549797058 1.3947180211544 1.32548653440816 0.857825249433517 0.91260302066803 1.05234897136688 1.07606703042984 1.14292797446251 1.20096901059151 1.26077324151993 1.28841000795364 1.26369524002075 1.24252420663834 1.43479800224304 1.58381706476212 1.67306327819824 1.89055573940277 2.12424677610397 2.61952883005142 2.68851292133331 2.80749976634979 2.84186625480652 4.90319082140923 2.89535844326019 -9999 -9999 -9999 -9999 -9999 -9999 -9999 -9999 -9999 -9999 -9999 -9999 -9999 -9999 -9999 -9999 -9999 -9999 -9999 -9999 -9999 -9999 -9999 -9999 -9999 -9999 -9999
3.58936107158661 3.62954163551331 3.54617249965668 3.53543615341187 3.42458760738373 3.25333142280579 3.31549108028412 2.19029424190521 1.97385876178741 1.82515962123871 1.68179557919502 1.94497897369521 1.24985435817923 0.865554749965668 0.85898020863533 0.944482505321503 1.09465348720551 1.55129694087165 1.6321684718132 1.58911448717117 1.3506817817688 1.26591897010803 1.34520828723907 1.33380076289177 1.59852969646454 1.70746278762817 1.8230459690094 1.93394780158997 2.45036923885345 2.52633225917816 -9999 -9999 -9999 -9999 -9999 -9999 -9999 -9999 -9999 -9999 -9999 -9999 -9999 -9999 -9999 -9999 -9999 -9999 -9999 -9999 -9999 -9999 -9999 -9999 -9999 -9999 -9999 -9999 -9999 -9999 -9999 -9999
4.51744651794434 4.21393275260925 4.63260090351105 3.54483604431152 3.71599817276001 3.86388301849365 3.96456742286682 2.54200396537781 2.43305685690471 2.01048982143402 1.76326578855515 1.39317191839218 1.39877414703369 0.879143983125687 0.957548975944519 1.13515198230743 1.28119647502899 1.21694804430008 1.93309147357941 1.58702600002289 1.80311239957809 1.89630253314972 2.00078970193863 1.81661027669907 2.00719428062439 2.13431400060654 2.30602955818176 2.31956541538239 3.91410309076309 3.92484980821609 2.86374896764755 3.18190558751424 -9999 -9999 -9999 -9999 -9999 -9999 -9999 12.6942715644836 -9999 -9999 -9999 -9999 -9999 -9999 -9999 -9999 -9999 -9999 -9999 -9999 -9999 -9999 -9999 -9999 -9999 -9999 -9999 -9999 -9999 -9999
4.61121161778768 4.95297720034917 5.98204708099365 4.14594233036041 3.98446118831635 4.30331611633301 3.13277116321748 2.87325525283813 2.53730696439743 2.69829124638012 1.2257072865963 1.34877046346664 1.39622675180435 1.46009279489517 1.04507249593735 1.63657959699631 1.51884467601776 1.28812044262886 1.40066778659821 1.59562343358994 1.5712131857872 2.04440377950668 2.18462660908699 2.55600551366806 2.53894608020782 2.90741142034531 3.00000092983246 2.98835323378444 3.21155297756195 3.25470031301181 3.33593570558648 3.42093944549561 -9999 -9999 -9999 -9999 -9999 -9999 -9999 -9999 -9999 -9999 -9999 -9999 -9999 -9999 -9999 -9999 -9999 -9999 -9999 -9999 -9999 -9999 -9999 -9999 -9999 -9999 -9999 -9999 -9999 -9999
-9999 -9999 -9999 -9999 -9999 3.22979864321257 3.27132976055145 2.63270777463913 2.3248145367418 1.4958847122533 1.22128200531006 1.29205086827278 0.874667286872864 1.57062406539917 1.05956321954727 1.76431778669357 1.42897045612335 1.41298574209213 1.54468274116516 1.69014304876328 1.77168077230453 1.9321237206459 2.18338429927826 3.08617678284645 3.2421676706184 3.20520704207213 -9999 -9999 -9999 -9999 -9999 -9999 -9999 -9999 -9999 -9999 -9999 -9999 -9999 -9999 -9999 -9999 -9999 -9999 -9999 -9999 -9999 -9999 -9999 -9999 -9999 -9999 -9999 -9999 -9999 -9999 -9999 -9999 -9999 -9999 -9999 -9999
-9999 -9999 -9999 -9999 -9999 -9999 2.79413706064224 4.00175857543945 1.13250544071198 1.26383471488953 1.19618475437164 1.16353878378868 1.17763575911522 1.22518953680992 1.41611096262932 1.39673924446106 1.52491575479507 1.70087027549744 1.66557079553604 2.04381966590881 2.24044954776764 2.45133751630783 2.57498252391815 2.66331607103348 -9999 -9999 -9999 -9999 -9999 -9999 -9999 -9999 -9999 -9999 -9999 -9999 -9999 -9999 -9999 -9999 -9999 -9999 -9999 -9999 -9999 -9999 -9999 -9999 -9999 -9999 -9999 -9999 -9999 -9999 -9999 -9999 -9999 -9999 -9999 -9999 -9999 -9999
