EcologicalScience/Bass/data/rs_data_bass/chl_347.asc
NCOLS 226 
NROWS 124 
XLLCORNER -9.41648524995501 
YLLCORNER 47.587301625531 
CELLSIZE 0.0833 
NODATA_value -9999 
[rows 0 to 26 of 124, columns 62 to 123 of 226]
-9999 -9999 -9999 -9999 -9999 -9999 -9999 -9999 -9999 -9999 -9999 -9999 -9999 -9999 -9999 -9999 -9999 -9999 -9999 -9999 -9999 -9999 -9999 -9999 -9999 -9999 -9999 -9999 -9999 -9999 -9999 -9999 -9999 -9999 -9999 -9999 -9999 -9999 -9999 -9999 -9999 -9999 -9999 -9999 -9999 -9999 -9999 -9999 -9999 -9999 -9999 -9999 -9999 -9999 -9999 -9999 -9999 -9999 -9999 -9999 -9999 -9999
-9999 -9999 -9999 -9999 -9999 -9999 -9999 -9999 -9999 -9999 -9999 -9999 -9999 -9999 -9999 -9999 -9999 -9999 -9999 -9999 -9999 -9999 -9999 -9999 -9999 -9999 -9999 -9999 -9999 -9999 -9999 -9999 -9999 -9999 -9999 -9999 -9999 -9999 -9999 -9999 -9999 -9999 -9999 -9999 -9999 -9999 -9999 -9999 -9999 -9999 -9999 -9999 -9999 -9999 -9999 -9999 -9999 -9999 -9999 -9999 -9999 -9999
-9999 -9999 -9999 -9999 -9999 -9999 -9999 -9999 -9999 -9999 -9999 -9999 -9999 -9999 -9999 -9999 -9999 -9999 -9999 -9999 -9999 -9999 -9999 -9999 -9999 -9999 -9999 -9999 -9999 -9999 -9999 -9999 -9999 -9999 -9999 -9999 -9999 -9999 -9999 -9999 -9999 -9999 -9999 -9999 -9999 -9999 -9999 -9999 -9999 -9999 -9999 -9999 -9999 -9999 -9999 -9999 -9999 -9999 -9999 -9999 -9999 -9999
-9999 -9999 -9999 -9999 -9999 -9999 -9999 -9999 -9999 -9999 -9999 -9999 -9999 -9999 -9999 -9999 -9999 -9999 -9999 -9999 -9999 -9999 -9999 -9999 -9999 -9999 -9999 -9999 -9999 -9999 -9999 -9999 -9999 -9999 -9999 -9999 -9999 -9999 -9999 -9999 -9999 -9999 -9999 -9999 -9999 -9999 -9999 -9999 -9999 -9999 -9999 -9999 -9999 -9999 -9999 -9999 -9999 -9999 -9999 -9999 -9999 -9999
-9999 -9999 -9999 -9999 -9999 -9999 -9999 -9999 -9999 -9999 -9999 -9999 -9999 -9999 -9999 -9999 -9999 -9999 -9999 -9999 -9999 -9999 -9999 -9999 -9999 -9999 -9999 -9999 -9999 -9999 -9999 -9999 -9999 -9999 -9999 -9999 -9999 -9999 -9999 -9999 -9999 -9999 -9999 -9999 -9999 -9999 -9999 -9999 -9999 -9999 -9999 -9999 -9999 -9999 -9999 -9999 -9999 -9999 -9999 -9999 -9999 -9999
-9999 -9999 -9999 -9999 -9999 -9999 -9999 -9999 -9999 -9999 -9999 -9999 -9999 -9999 -9999 -9999 -9999 -9999 -9999 -9999 -9999 -9999 -9999 -9999 -9999 -9999 -9999 -9999 0.63735419511795 1.23961833695861 1.13172823190689 0.700082257390022 0.517590746283531 0.424583271145821 0.402623981237411 0.375607520341873 0.365493759512901 0.37736776471138 0.361521743237972 0.343615494668484 0.364309497177601 0.321792751550674 0.322064995765686 0.331391260027885 0.523289266973734 0.51191758364439 0.388525888323784 0.428871743381023 0.285702757537365 0.305443502962589 0.314324989914894 0.309673503041267 0.31964099407196 0.244258493185043 0.307941757142544 0.283250994980335 0.255488254129887 0.237882748246193 0.314665490761399 0.323651248589158 0.356927823275328 0.201394490897655
-9999 -9999 -9999 -9999 -9999 -9999 -9999 -9999 -9999 -9999 -9999 -9999 -9999 -9999 -9999 -9999 -9999 -9999 -9999 -9999 -9999 -9999 -9999 -9999 -9999 -9999 1.18186515569687 1.0627324283123 1.79068583250046 1.45387351512909 1.20623624324799 0.974441260099411 0.510502517223358 0.475572019815445 0.450227245688438 0.45065850019455 0.453004494309425 0.449002504348755 0.396040499210358 0.304748252034187 0.425165981054306 0.439016997814178 0.399590268731117 0.371472761034966 0.264903746545315 0.308217376470566 0.304497007280588 0.207957744598389 0.277992010116577 0.293696254491806 0.287986882030964 0.272102247923613 0.247012495994568 0.270713992416859 0.289782755076885 0.29390025883913 0.318341240286827 0.188581489026546 0.191474989056587 0.198749251663685 0.203772000968456 0.209189258515835
-9999 -9999 -9999 -9999 -9999 -9999 -9999 -9999 -9999 -9999 -9999 -9999 -9999 -9999 -9999 -9999 -9999 -9999 -9999 -9999 -9999 -9999 -9999 -9999 -9999 -9999 1.18186515569687 1.47154721617699 1.50353693962097 1.39679101109505 1.23759895563126 0.841631233692169 0.666925504803658 0.778745792806149 0.563162237405777 0.539639264345169 0.506066992878914 0.442192509770393 0.549630001187325 0.345909375697374 0.351451132446527 0.356329500675201 0.359113488346338 0.362544380128384 0.244733244180679 0.234337493777275 0.236242510378361 0.301703631877899 0.291302628815174 0.287207253277302 0.315195746719837 0.2871866337955 0.30638625472784 0.304820246994495 0.315966010093689 0.255490489304066 0.325212003663182 0.199529260396957 0.196591503918171 0.200544007122517 0.198658503592014 0.204036757349968
-9999 -9999 -9999 -9999 -9999 -9999 -9999 -9999 -9999 -9999 -9999 -9999 -9999 -9999 -9999 -9999 -9999 -9999 -9999 -9999 -9999 -9999 -9999 -9999 -9999 -9999 2.49344998598099 1.37989273667336 1.15709325671196 0.994660466909409 1.02307346463203 0.930615037679672 0.921331465244293 0.608354240655899 0.54229947924614 0.508389741182327 0.510756745934486 0.411075755953789 0.425303243100643 0.336816005408764 0.362327244132757 0.354597005993128 0.324119992554188 0.31053900718689 0.320095874369144 0.33042224496603 0.344363249838352 0.370630502700806 0.446010768413544 0.441571488976479 0.40533073246479 0.562413766980171 0.480798751115799 0.291365258395672 0.191852241754532 0.197583742439747 0.339144939556718 0.2253742441535 0.224076010286808 0.320550559088588 0.209448002278805 0.397700998932123
-9999 -9999 -9999 -9999 -9999 -9999 -9999 -9999 -9999 -9999 -9999 -9999 -9999 -9999 -9999 -9999 -9999 -9999 -9999 -9999 -9999 -9999 -9999 -9999 -9999 1.19121462106705 4.98521018028259 1.83218175172806 0.863501965999603 0.810580462217331 0.691087514162064 0.683154746890068 0.688477501273155 0.584247753024101 0.507758259773254 0.489071980118752 0.49117049574852 0.344337746500969 0.280173741281033 0.262585490942001 0.312274128198624 0.293173491954803 0.264894761145115 0.300438493490219 0.331032380461693 0.33441037684679 0.289310999214649 0.383952766656876 0.401529014110565 0.362820759415627 0.387551262974739 0.389350488781929 0.323011502623558 0.330273002386093 0.287554509937763 0.377422878518701 0.363377435132861 0.240964494645596 0.348890617489815 0.405629983171821 0.20320500433445 0.26359049230814
-9999 -9999 -9999 -9999 -9999 -9999 -9999 -9999 -9999 -9999 -9999 -9999 -9999 -9999 -9999 -9999 -9999 -9999 -9999 -9999 -9999 -9999 -9999 -9999 -9999 14.0317339897156 2.64778196811676 0.971370041370392 0.544337242841721 0.498049512505531 0.481571272015572 0.450738742947578 0.467088013887405 0.471834763884544 0.415108501911163 0.428549990057945 0.401597991585732 0.32337000221014 0.32175674289465 0.34035524725914 0.347152501344681 0.332151755690575 0.304806008934975 0.264678753912449 0.262803755700588 0.35758988186717 0.294009760022163 0.330431990325451 0.366520509123802 0.348382495343685 0.358407005667686 0.34366350620985 0.529025986790657 0.423565000295639 0.435812797397375 0.434018617495894 0.43219349719584 0.404876818880439 0.405461814254522 0.400256048887968 0.398562172427773 0.422129228711128
-9999 -9999 -9999 -9999 -9999 -9999 -9999 -9999 -9999 -9999 -9999 -9999 -9999 -9999 -9999 -9999 -9999 -9999 -9999 -9999 -9999 -9999 -9999 -9999 1.31647038459778 13.6497330665588 1.78989905118942 0.525744751095772 0.513153746724129 0.557451769709587 0.553346246480942 0.530120238661766 0.487193986773491 0.481584012508392 0.405380979180336 0.371998496353626 0.378432020545006 0.364509746432304 0.358595989644527 0.353336244821548 0.361315503716469 0.365378245711327 0.351762749254704 0.347141996026039 0.329183243215084 0.328505247831345 0.336547493934631 0.447335243225098 0.335646741092205 0.319952242076397 0.302828997373581 0.30357901006937 0.261240005493164 0.420428993180394 0.415971748530865 0.386790007352829 0.442456863820553 0.404846247285604 0.385052986443043 0.392717242240906 0.415123522281647 0.446153238415718
-9999 -9999 -9999 -9999 -9999 -9999 -9999 -9999 -9999 -9999 -9999 -9999 -9999 -9999 -9999 -9999 -9999 -9999 -9999 -9999 -9999 -9999 -9999 1.50594073534012 13.6933436393738 2.54720252752304 0.85223400592804 0.622330516576767 0.607058241963387 0.638946756720543 0.622631996870041 0.558459743857384 0.493491008877754 0.464892759919167 0.409460261464119 0.391808241605759 0.388935729861259 0.381671234965324 0.358290754258633 0.341382756829262 0.361479006707668 0.359861992299557 0.357405759394169 0.373454242944717 0.369384750723839 0.360790506005287 0.344236493110657 0.287422500550747 0.282771751284599 0.316864125430584 0.332566866651177 0.416803479194641 0.398423239588737 0.323776490986347 0.334919258952141 0.374723240733147 0.3775395154953 0.360195010900497 0.356666252017021 0.372567761689425 0.381897389888763 0.428276985883713
-9999 -9999 -9999 -9999 -9999 -9999 -9999 -9999 -9999 -9999 -9999 -9999 -9999 -9999 -9999 -9999 -9999 -9999 -9999 -9999 -9999 -9999 4.93778908252716 2.14081120491028 3.78889489173889 0.874752759933472 0.749323502182961 0.656071498990059 0.615375772118568 0.545293495059013 0.518583744764328 0.508886262774467 0.510744765400887 0.472427263855934 0.449591249227524 0.435109511017799 0.440610006451607 0.397454246878624 0.390878230333328 0.416524484753609 0.402576014399529 0.391275733709335 0.38841225206852 0.377830490469933 0.381824254989624 0.373322255909443 0.348072744905949 0.365890502929688 0.332658000290394 0.328070998191833 0.380106747150421 0.395306244492531 0.397942498326302 0.385424271225929 0.338730007410049 0.355762504041195 0.39103277027607 0.401939822360873 0.386291982606053 0.389164321124554 0.38577701151371 0.37191073782742
-9999 -9999 -9999 -9999 -9999 -9999 -9999 -9999 -9999 -9999 -9999 -9999 -9999 -9999 -9999 -9999 -9999 -9999 -9999 -9999 2.64602583646774 2.19056869031274 3.02832090854645 1.50893408060074 0.85371145606041 0.583196237683296 0.615048766136169 0.611383482813835 0.567263245582581 0.489286512136459 0.468576729297638 0.479100733995438 0.468773245811462 0.474290236830711 0.455537259578705 0.480161234736443 0.440699994564056 0.409037232398987 0.364854745566845 0.347969993948936 0.331482745707035 0.335894241929054 0.421337261795998 0.409129500389099 0.395662486553192 0.386551514267921 0.329790741205215 0.36361949890852 0.310079991817474 0.319578744471073 0.326396249234676 0.37848074734211 0.438258022069931 0.434714242815971 0.399479985237122 0.426082491874695 0.381878256797791 0.415128942579031 0.406561693176627 0.394142981618643 0.391870498657227 0.358031809329987
-9999 -9999 -9999 -9999 -9999 -9999 -9999 -9999 -9999 -9999 -9999 -9999 -9999 -9999 -9999 -9999 -9999 -9999 -9999 -9999 2.29011247982736 1.04140198230743 2.48659193515778 0.778309464454651 0.64961251616478 0.57124949991703 0.565787270665169 0.613760992884636 0.630864009261131 0.597550481557846 0.573687002062798 0.548472002148628 0.521506503224373 0.505810484290123 0.481068000197411 0.493565261363983 0.471537753939629 0.426066756248474 0.406525477766991 0.349983751773834 0.336744010448456 0.333802498877048 0.345751494169235 0.377169728279114 0.362307742238045 0.379056751728058 0.410204261541367 0.423699751496315 0.405568309128284 0.394459135830402 0.339723005890846 0.368575505912304 0.3775544911623 0.360743992030621 0.338712751865387 0.401001747697592 0.355958260595798 0.370498493313789 0.416352733969688 0.384500820189714 0.367933318018913 0.369805246591568
-9999 -9999 -9999 -9999 -9999 -9999 -9999 -9999 -9999 -9999 -9999 -9999 -9999 -9999 -9999 -9999 -9999 -9999 -9999 5.68363881111145 3.70799767971039 1.50226432085037 0.699232488870621 0.63036672770977 0.586686730384827 0.559788733720779 0.556837499141693 0.617002487182617 0.605514004826546 0.60147151350975 0.603910490870476 0.554418727755547 0.508384510874748 0.480093732476234 0.459304511547089 0.479450270533562 0.453269988298416 0.407232016324997 0.374576255679131 0.330938257277012 0.324861757457256 0.327992253005505 0.321659244596958 0.332364745438099 0.367368757724762 0.39078377187252 0.36692775785923 0.357634507119656 0.333207741379738 0.308579251170158 0.331847257912159 0.334844246506691 0.345509245991707 0.334477499127388 0.345786742866039 0.329588994383812 0.329510249197483 0.320393241941929 0.336794257164001 0.366326814517379 0.364208439365029 0.380533501505852
-9999 -9999 -9999 -9999 -9999 -9999 -9999 -9999 -9999 -9999 -9999 -9999 -9999 -9999 -9999 -9999 -9999 -9999 12.9268712997437 5.20729064941406 1.65468066930771 0.964074790477753 0.674517005681992 0.593621984124184 0.576282754540443 0.592002734541893 0.5560432523489 0.623023509979248 0.638107493519783 0.664233729243279 0.618398264050484 0.580148264765739 0.505851745605469 0.46399649977684 0.434777989983559 0.481704756617546 0.358733251690865 0.356611490249634 0.338462993502617 0.326731503009796 0.29669775813818 0.310691244900227 0.319787241518497 0.328791752457619 0.331827007234097 0.332593493163586 0.338538743555546 0.339779242873192 0.341077499091625 0.357524072751403 0.312116257846355 0.31012424826622 0.310276508331299 0.320664748549461 0.32183700799942 0.327073507010937 0.338718004524708 0.353817746043205 0.364625260233879 0.392293676733971 0.388805240392685 0.382337257266045
-9999 -9999 -9999 -9999 -9999 -9999 -9999 -9999 -9999 -9999 -9999 -9999 -9999 -9999 -9999 -9999 -9999 31.7696792707278 2.26018041372299 15.1104784011841 3.87038397789001 1.19794347882271 0.62415075302124 0.556783497333527 0.497014492750168 0.520181983709335 0.543284252285957 0.571522504091263 0.592892244458199 0.638323500752449 0.584936231374741 0.537567749619484 0.497388750314713 0.43607023358345 0.404004737734795 0.365134868770838 0.366133131086826 0.317380495369434 0.32898024469614 0.358144506812096 0.332806505262852 0.313066497445107 0.302045255899429 0.298457242548466 0.295954495668411 0.299178756773472 0.286793254315853 0.299345254898071 0.317457742989063 0.339727498590946 0.387585746124387 0.396382128819823 0.436106996610761 0.392533510923386 0.363618738949299 0.339145503938198 0.361460991203785 0.378389239311218 0.378240019083023 0.423124328255653 0.406238436698914 0.370249120518565
-9999 -9999 -9999 -9999 -9999 -9999 -9999 -9999 -9999 -9999 -9999 -9999 -9999 -9999 -9999 -9999 -9999 -9999 -9999 27.8397417068481 5.05304539203644 1.36217021942139 0.524171233177185 0.45559649169445 0.456256493926048 0.47588324546814 0.514787256717682 0.534787505865097 0.526697248220444 0.532345488667488 0.55765575170517 0.495194256305695 0.486899256706238 0.422711983323097 0.442010253667831 0.41613989174366 0.425784891843796 0.358842752873898 0.383086502552032 0.403718233108521 0.334455497562885 0.321815997362137 0.288642749190331 0.275766000151634 0.265609502792358 0.266244739294052 0.266406007111073 0.273021005094051 0.290102250874043 0.311274759471416 0.336671255528927 0.429832503199577 0.431820496916771 0.301346249878407 0.295787259936333 0.425519227981567 0.44777025282383 0.456250503659248 0.411841481924057 0.448265433311462 0.427578192204237 0.40660123899579
-9999 -9999 -9999 -9999 -9999 -9999 -9999 -9999 -9999 -9999 -9999 -9999 -9999 -9999 -9999 68.9346656799316 3.54417537559162 3.31236724555492 27.3216247558594 18.8458857536316 1.25168922543526 0.594014257192612 0.469980731606483 0.420031517744064 0.431517764925957 0.490544244647026 0.521214008331299 0.515028744935989 0.513134256005287 0.479875490069389 0.443527489900589 0.419730752706528 0.415775254368782 0.433200761675835 0.418745264410973 0.353949386626482 0.365129247307777 0.332010000944138 0.345753751695156 0.353812746703625 0.336716502904892 0.284403741359711 0.267764993011951 0.254510253667831 0.263103000819683 0.270148493349552 0.274723492562771 0.294204756617546 0.319242753088474 0.344417989253998 0.381266981363297 0.387334495782852 0.295548006892204 0.276984751224518 0.246222004294395 0.464930981397629 0.461993247270584 0.472811065614223 0.474063009023666 0.43988099321723 0.461136750876904 0.475670255720615
-9999 -9999 -9999 -9999 -9999 -9999 -9999 -9999 -9999 -9999 35.2986888885498 35.2986888885498 13.7248649597168 5.7451708316803 20.4235196113586 18.4505796432495 16.3113341331482 6.46164321899414 7.26967978477478 4.38028120994568 1.22729623317719 0.603955507278442 0.466751977801323 0.413057237863541 0.452983483672142 0.481843516230583 0.518885985016823 0.513993769884109 0.501544520258904 0.404955759644508 0.341447241604328 0.37373024225235 0.363946504890919 0.356244742870331 0.323741242289543 0.289919994771481 0.405961203575134 0.343490056693554 0.351430751383305 0.322960503399372 0.312288746237755 0.229751251637936 0.230729252099991 0.238940991461277 0.253891490399837 0.269565761089325 0.285731993615627 0.286916255950928 0.309680253267288 0.343707002699375 0.356501989066601 0.364233009517193 0.371168240904808 0.34747800976038 0.380222260951996 0.46716620028019 0.402671992778778 0.404216229915619 0.465411387383938 0.449798617511988 0.481293383985758 0.507587425410748
-9999 -9999 -9999 -9999 -9999 -9999 -9999 -9999 -9999 -9999 35.2986888885498 7.32668924331665 42.5405416488647 17.0539727210999 10.4575867652893 35.8185739517212 15.1803359985352 7.29242535829544 3.81426032285879 12.4140673478444 2.93589520454407 1.15124621987343 0.61040697991848 0.564635261893272 0.562529236078262 0.550498500466347 0.57219073176384 0.550663501024246 0.514182731509209 0.480694502592087 0.372971244156361 0.407895728945732 0.374290511012077 0.335954256355762 0.386807844042778 0.271454997360706 0.385994106531143 0.376546803116798 0.353534996509552 0.348684301972389 0.256929002702236 0.26366999745369 0.270412489771843 0.264500990509987 0.260513260960579 0.273887246847153 0.281202010810375 0.305386506021023 0.315893992781639 0.326777994632721 0.33049725741148 0.327633753418922 0.32939625531435 0.333535507321358 0.352613992989063 0.42571122944355 0.366048753261566 0.378329247236252 0.395419478416443 0.377483993768692 0.349062010645866 0.490362178534269
-9999 -9999 -9999 -9999 -9999 -9999 -9999 -9999 -9999 -9999 -9999 -9999 3.09391731940783 72.1186695098877 2.66676223278046 5.1597913056612 -9999 -9999 -9999 -9999 -9999 -9999 0.954853534698486 2.71617382764816 1.50525677204132 1.30715551972389 1.16362497210503 0.721076980233192 0.545092508196831 0.522120729088783 0.516526490449905 0.460370242595673 0.390302985906601 0.337469257414341 0.366725619882345 0.372747758030891 0.35830950178206 0.29381400346756 0.278051242232323 0.30119550973177 0.311337009072304 0.310428746044636 0.2917755022645 0.294873006641865 0.301779001951218 0.293557494878769 0.295061990618706 0.329459242522717 0.344142749905586 0.331059001386166 0.324724495410919 0.326817758381367 0.328455001115799 0.338001005351543 0.343278743326664 0.391116768121719 0.371528998017311 0.389855995774269 0.394695729017258 0.396937519311905 0.40997850894928 0.442600518465042
-9999 -9999 -9999 -9999 -9999 -9999 -9999 -9999 -9999 -9999 -9999 -9999 -9999 16.6274771690369 16.6274771690369 16.6274771690369 -9999 -9999 -9999 -9999 -9999 -9999 4.94490551948547 4.94490551948547 4.94490551948547 0.308659605681896 2.26383823156357 1.41616728901863 0.60945899784565 0.308903999626637 0.451146751642227 0.500999987125397 0.394948493689299 0.425822999328375 0.431290693581104 0.377963053062558 0.350735500454903 0.286359004676342 0.307941757142544 0.321047991514206 0.335673741996288 0.343418508768082 0.362144753336906 0.359818503260612 0.34171824157238 0.342510506510735 0.292075507342815 0.387933254241943 0.345051750540733 0.344652749598026 0.333884239196777 0.329014509916306 0.339054755866528 0.340509004890919 0.345932252705097 0.379842728376389 0.379552513360977 0.376116737723351 0.453708183020353 0.411501750349998 0.396030753850937 0.40573351085186
-9999 -9999 -9999 -9999 -9999 -9999 -9999 -9999 -9999 -9999 -9999 -9999 -9999 -9999 -9999 -9999 -9999 -9999 -9999 -9999 -9999 -9999 -9999 -9999 -9999 -9999 59.049660752217 6.26407098770142 2.16190874576569 0.629664748907089 0.634342521429062 0.619763240218163 0.380291808396578 0.416729623451829 0.452780991792679 0.458280488848686 0.431520015001297 0.294961497187614 0.312056243419647 0.282915741205215 0.344239756464958 0.359906509518623 0.358112752437592 0.359327241778374 0.358813002705574 0.362129747867584 0.357374995946884 0.359889000654221 0.32956874370575 0.312980242073536 0.330178499221802 0.333916492760181 0.340056739747524 0.341480992734432 0.340203009545803 0.359807252883911 0.359857499599457 0.357065252959728 0.367333509027958 0.398999512195587 0.364596739411354 0.385748997330666
-9999 -9999 -9999 -9999 -9999 -9999 -9999 -9999 -9999 -9999 -9999 -9999 -9999 -9999 -9999 -9999 -9999 -9999 -9999 -9999 -9999 -9999 -9999 -9999 -9999 -9999 -9999 3.65714831243862 27.9840431213379 4.7685763835907 1.41184803843498 1.11410102248192 1.19301375746727 0.408760741353035 0.416581749916077 0.436543747782707 0.432831764221191 0.330728240311146 0.322403244674206 0.295440003275871 0.366281241178513 0.370518490672112 0.347661003470421 0.346832498908043 0.359601750969887 0.354085758328438 0.344320997595787 0.365432262420654 0.374514997005463 0.374733000993729 0.33423525094986 0.336381755769253 0.349406249821186 0.352088257670403 0.331843502819538 0.338511005043983 0.356082759797573 0.360477760434151 0.362395495176315 0.362825252115726 0.368933245539665 0.371667757630348
