EcologicalScience/Bass/data/rs_data_bass/chl_330.asc
NCOLS 226 
NROWS 124 
XLLCORNER -9.41648524995501 
YLLCORNER 47.587301625531 
CELLSIZE 0.0833 
NODATA_value -9999 
[rows 54 to 80 of 124, columns 124 to 185 of 226]
2.96133005619049 2.51735258102417 1.86382269859314 1.76582407951355 1.73851507902145 1.63498502969742 1.46534326672554 1.39308598637581 1.75980073213577 1.69874328374863 1.67555558681488 1.86543869972229 2.22470897436142 2.05307549238205 2.29696673154831 2.38391202688217 2.45554852485657 2.40199920535088 2.44622778892517 2.05818825960159 2.11016553640366 2.51574179530144 2.11768269538879 2.62366300821304 2.25973498821259 2.23378658294678 2.31977480649948 2.45408767461777 2.34732592105865 2.25843000411987 2.26060348749161 2.22582900524139 2.20229852199554 2.31067049503326 2.39382308721542 2.41060119867325 2.29364401102066 2.16543745994568 2.07833468914032 2.11277318000793 2.1504802107811 1.97051399946213 2.09961068630219 2.2072439789772 2.53613394498825 2.74835622310638 3.14315700531006 3.4593254327774 5.05807936191559 3.82132208347321 3.65347641706467 7.35736681938171 6.69441900934492 7.35402161734445 9.73725271224976 20.0518087304157 15.2762628793716 21.5215228154109 8.99397781283357 12.8993489790283 7.69603007567857 -9999
3.39939987659454 2.79417157173157 1.8783683180809 1.7631561756134 1.80172491073608 1.78899604082108 1.79412978887558 2.16993749141693 1.59325432777405 1.61633849143982 1.8568394780159 1.9896314740181 2.36856597661972 2.41497701406479 2.39143180847168 2.41590130329132 2.32816743850708 2.13217055797577 2.1731264591217 2.28543376922607 2.27567553520203 2.49516230821609 2.86202788352966 2.92223024368286 2.79174667596817 2.70322054624557 2.51051616668701 2.70021003484726 2.51867920160294 2.32392972707748 2.39853608608246 2.39163154363632 2.34878253936768 2.53539830446243 2.51751226186752 2.35035592317581 2.33075773715973 2.00059121847153 2.19359707832336 2.32697707414627 2.31639593839645 2.34878325462341 2.49597001075745 2.5564169883728 2.82311850786209 3.09322428703308 3.6947146654129 4.6719217300415 8.21889209747314 5.66313600540161 6.0124557699476 7.19364748682294 6.54768623624529 7.45030611402848 6.7721387386322 8.05092000961304 10.5720698833466 -9999 -9999 -9999 -9999 -9999
4.01847231388092 3.29182040691376 2.32732504606247 2.07495456933975 1.9786559343338 2.19382506608963 2.23742473125458 2.76816827058792 1.80072271823883 1.88284450769424 1.93642151355743 2.15676581859589 2.49027442932129 2.74736058712006 3.06661754846573 3.06853079795837 2.49717247486115 2.14292693138123 2.08849346637726 2.47276729345322 2.83375579118729 3.24812579154968 3.0810638666153 3.0908031463623 2.99186253547668 3.02246761322021 2.83940631151199 3.09108392894268 2.7108548283577 2.68108427524567 2.44091767072678 2.78033405542374 2.57348030805588 2.51879543066025 2.56229782104492 2.37623101472855 1.96823483705521 2.38167822360992 2.26695156097412 2.48452806472778 2.3768767118454 2.10811275243759 2.14595246315002 2.20701974630356 2.47950446605682 2.97626316547394 3.51509463787079 3.59917085511344 5.622191292899 4.78746598107474 5.12900267243385 6.2374612569809 6.69979955020704 7.05308468341827 -9999 -9999 -9999 -9999 -9999 -9999 -9999 -9999
3.84353685379028 3.45685493946075 2.71957129240036 2.61859953403473 2.52757805585861 2.32671672105789 2.2770329117775 2.74608904123306 3.58085417747498 1.8541607260704 2.20021903514862 2.6668436229229 2.89861755073071 3.27697411179543 3.20199823379517 2.94745576381683 2.64559262990952 2.52173244953156 2.78769117593765 3.45069658756256 3.5490068346262 3.4708563387394 3.42682895064354 2.98925024271011 2.8930898308754 2.91193646192551 2.99993616342545 2.91486382484436 2.98823171854019 2.94782245159149 3.00654396414757 2.89737671613693 2.86986529827118 2.47594946622849 2.18627625703812 1.7722635269165 1.545026242733 2.14898139238358 2.19343051314354 2.41571849584579 2.43239396810532 1.96788382530212 1.90187698602676 2.14443218708038 2.58452993631363 3.2799346446991 3.81374448537827 5.68824610469538 5.34707307815552 6.90747982263565 6.70777970552444 5.30443501472473 6.3211202370493 -9999 -9999 -9999 -9999 -9999 -9999 -9999 -9999 -9999
4.24455142021179 3.87899780273438 3.39274334907532 3.16549336910248 3.11871671676636 3.14357542991638 3.11136889457703 2.96697682142258 3.16882216930389 3.54817807674408 2.70391036570072 2.80661956965923 2.80282513797283 3.32951447367668 3.56646171212196 3.30533686280251 3.22651174664497 3.12517064809799 3.27161487936974 3.58888041973114 3.76631954312325 3.55744510889053 3.4385529756546 3.54669186472893 3.38600742816925 3.5556683242321 2.54771858453751 2.50016927719116 2.52914482355118 3.14381638169289 2.58969819545746 2.46226358413696 2.57331830263138 2.42632877826691 1.94831246137619 1.93965375423431 1.43685373663902 1.47702598571777 1.58242946863174 1.59136497974396 1.7996201813221 1.96749150753021 2.30519288778305 2.91504791378975 3.64129543304443 3.49364137649536 6.1447050653655 9.29311966896057 7.36149823665619 5.36153340339661 5.83936758041382 20.0409613609314 47.0576305389404 -9999 -9999 -9999 -9999 -9999 -9999 -9999 -9999 -9999
-9999 4.59393392006556 4.9652134180069 5.02976721525192 4.14973890781403 4.42978119850159 3.49315345287323 3.64033055305481 3.96628797054291 4.14437770843506 5.20335459709167 3.10613572597504 2.98700460791588 2.84879305958748 3.13673308491707 3.2839213013649 3.21330615878105 3.16329243779182 3.26097697019577 3.7080120742321 3.75914427638054 2.87179952859879 2.68038296699524 2.72042852640152 2.71573197841644 2.76112282276154 2.66966396570206 2.61999678611755 2.61656767129898 2.58377999067307 2.54810625314713 2.47587150335312 2.35703766345978 2.10576528310776 1.5810472369194 1.81291723251343 1.9267560839653 1.49129703640938 1.97872424125671 1.76374912261963 1.48770600557327 1.63743156194687 1.81988167762756 2.4099195599556 3.96928095817566 -9999 7.22144963060106 7.69810319863833 7.74344229698181 6.22216701507568 9.88293590216801 45.8404140472412 32.9528646469116 38.4934616088867 -9999 -9999 -9999 -9999 -9999 -9999 -9999 -9999
-9999 -9999 -9999 -9999 -9999 2.28387522697449 4.5463530421257 4.42961910367012 3.42675447463989 3.69871258735657 3.71587407588959 3.2592833340168 3.24333581328392 3.05772726237774 2.89004772901535 1.95053994655609 2.14643847942352 2.61441081762314 2.76352804899216 2.77650368213654 3.0466890335083 2.93644344806671 2.86077153682709 2.71145778894424 2.83387577533722 2.74440675973892 2.75554955005646 2.68146818876266 2.66179418563843 2.54256749153137 2.4800940155983 2.47254145145416 2.37541794776917 2.03903782367706 1.88478380441666 2.10643655061722 2.10279750823975 1.92093747854233 1.4787540435791 2.06427597999573 2.12723967432976 2.26729613542557 1.71015983819962 2.36602807044983 3.1773419380188 16.4964489670633 -9999 -9999 -9999 -9999 39.163722038269 42.2429161071777 35.3688262939453 31.5007679833306 -9999 -9999 -9999 -9999 -9999 -9999 -9999 -9999
-9999 -9999 -9999 -9999 -9999 -9999 -9999 -9999 4.48419526219368 3.79903122782707 3.16637563705444 3.41095018386841 2.52566993236542 2.07479327917099 1.88418066501617 2.10589581727982 2.11684048175812 2.38420647382736 2.99088907241821 3.04973316192627 3.08596050739288 3.02081537246704 2.91385495662689 2.77043706178665 2.82294970750809 2.87596946954727 2.72244143486023 2.65987569093704 2.65707671642303 2.44471728801727 2.47982776165009 2.49311167001724 2.49711441993713 2.26565033197403 1.94444400072098 2.21855628490448 2.34904450178146 2.52475467324257 2.47797793149948 2.41719603538513 2.56162619590759 2.68503257632256 2.80584678053856 3.25114685297012 8.74057030824967 29.0682649612427 -9999 -9999 -9999 -9999 17.548882484436 32.7721552848816 32.1065530776978 26.1661162376404 35.8919160366058 20.7738604545593 -9999 -9999 -9999 -9999 -9999 -9999
-9999 -9999 -9999 -9999 -9999 -9999 -9999 -9999 -9999 -9999 3.3097003698349 3.94886657595634 3.68257078528404 3.61766695976257 3.26468237241109 3.27489255865415 3.53028483688831 3.56890791654587 3.36982429027557 3.73691609972402 3.38480410450383 3.06931161253076 3.00399860896562 3.24335324764252 3.14085826277733 3.21445874163979 2.88938319683075 3.20372003316879 3.0603294968605 2.79602028429508 2.74713134765625 2.66370677947998 2.59722818434238 2.3893376737833 2.16234403848648 2.58734706044197 2.57219472527504 2.72382527589798 2.86312320828438 2.71873542666435 2.89949735999107 4.27077841758728 4.20679128170013 3.94203972816467 12.4049272462002 -9999 -9999 -9999 -9999 -9999 -9999 -9999 9.45434116663002 12.1685643196106 13.0603880882263 15.7329883575439 10.8786277770996 -9999 -9999 -9999 -9999 -9999
-9999 -9999 -9999 -9999 -9999 -9999 -9999 -9999 -9999 4.3704868555069 4.04439952969551 3.89090842008591 4.00390121340752 3.91973993182182 3.62093925476074 3.4898639023304 3.71432840824127 3.98313930630684 3.58756265044212 3.85542914271355 3.45875509161698 2.80735731124878 2.664346575737 2.72086429595947 2.75329881906509 3.12448807766563 3.05422141271479 2.95193651844473 2.78525263772291 2.80952627956867 2.63552825152874 2.64969317615032 2.31134948134422 2.22907304763794 2.24543803930283 2.41498845815659 2.58077326416969 2.6481326520443 2.85431331396103 3.05297130346298 3.63611698150635 4.56382656097412 4.28887867927551 3.70171415805817 18.9689836947663 33.0447750091553 -9999 -9999 -9999 10.4194564326056 11.599383380678 13.7085220813751 8.30146347848993 17.1468887329102 13.9383702278137 18.0342178344727 18.5341077027497 -9999 -9999 -9999 -9999 -9999
-9999 -9999 -9999 -9999 -9999 -9999 -9999 -9999 -9999 -9999 4.43524011969566 4.05867666006088 4.08552905917168 4.01809412240982 3.69448694586754 3.8473573923111 4.43623468279839 4.20957505702972 3.61164817214012 3.79033586382866 3.68338251113892 3.35455537469764 3.14512323392065 2.71461975574493 2.75434130430222 2.91702933687913 2.69779872894287 2.70654076337814 2.32626074552536 2.25868019461632 2.27685451507568 2.27956277132034 2.27789920568466 2.18604746460915 2.30173522233963 2.4189909696579 2.55971717834473 3.04876121878624 3.27233684062958 4.05298948287964 4.19622981548309 4.08168303966522 3.91067862510681 3.91838264465332 8.27744854827529 -9999 -9999 -9999 -9999 -9999 11.5952514410019 12.4252710342407 12.0734054803848 10.4197757720947 13.3208177089691 -9999 -9999 -9999 -9999 -9999 -9999 -9999
-9999 -9999 -9999 -9999 -9999 -9999 -9999 -9999 -9999 3.67937564849854 4.78410798311234 4.22320175170898 4.38560593128204 4.16180580854416 4.03763616085052 4.12286397814751 4.39711099863052 4.3745753467083 3.89991223812103 3.51514077186584 3.32467782497406 3.15362459421158 2.91802089779001 2.55696690709967 2.58684522854654 2.64731353207638 2.32822376489639 2.3098469376564 2.25074976682663 2.19588530063629 2.27439001202583 2.29219403862953 2.27388378977776 2.40710696578026 2.61558091640472 2.6361266374588 2.57732146978378 2.85341382026672 2.95905607938766 3.29418897628784 3.94347238540649 4.15553712844849 3.99311327934265 6.29408179903493 3.86466658115387 -9999 -9999 -9999 -9999 -9999 15.8858935109685 10.9253879785538 11.791187953949 13.4264016151428 -9999 -9999 -9999 -9999 -9999 -9999 -9999 -9999
-9999 -9999 -9999 -9999 -9999 -9999 -9999 -9999 -9999 5.72289589047432 5.14320632815361 4.50890001654625 4.49667137861252 4.47332230210304 4.05455276370049 3.84141325950623 3.52335351705551 3.79981300234795 3.52477437257767 3.2433984875679 3.06088627874851 2.93897049129009 2.71306402981281 2.69171208143234 2.5732501745224 2.46782398223877 2.20317554473877 2.14189553260803 2.08732923865318 2.1029309630394 2.12735944986343 2.18545198440552 2.37765067815781 2.52390801906586 2.71199327707291 2.72605919837952 3.46446454524994 3.48881185054779 3.62589454650879 3.71868968009949 3.86204552650452 3.8479950428009 3.92333686351776 9.64270482537816 3.86466693878174 -9999 -9999 -9999 -9999 12.1949715614319 -9999 -9999 -9999 -9999 -9999 -9999 -9999 -9999 -9999 -9999 -9999 -9999
-9999 -9999 -9999 -9999 -9999 -9999 -9999 -9999 -9999 5.7728523015976 5.07406702637672 4.62430447340012 4.6273695230484 4.37500137090683 4.02023515105247 3.78633454442024 3.32603055238724 3.25387591123581 2.72985345125198 2.44313246011734 2.29523746669292 2.3822960704565 2.43705323338509 2.68184910714626 2.67360055446625 2.20089447498322 2.09827244281769 2.12203073501587 2.1133072078228 2.15444028377533 2.21669745445251 2.26311922073364 2.27558022737503 2.31840527057648 2.52514958381653 2.67013657093048 2.93928068876266 3.12802505493164 3.35579860210419 3.72555363178253 3.9651095867157 3.66534984111786 6.74128237339988 -9999 -9999 -9999 -9999 -9999 -9999 -9999 -9999 -9999 -9999 -9999 -9999 -9999 -9999 -9999 -9999 -9999 -9999 -9999
-9999 -9999 -9999 -9999 -9999 -9999 -9999 -9999 -9999 5.90668398141861 5.54731875658035 3.64600038528442 3.47667467594147 4.01382654905319 3.91760560870171 3.79487773776054 3.25022435188293 2.56657706201077 2.25735318660736 2.26624046266079 2.26858668029308 2.49903438985348 2.64157028496265 2.64363987743855 2.21179556846619 2.05996370315552 2.01993823051453 2.22320228815079 2.11810791492462 2.18020641803741 2.15978693962097 2.42363852262497 2.33426696062088 2.35218143463135 2.46865957975388 2.72245877981186 2.95966726541519 3.1444433927536 3.39356482028961 3.65722131729126 3.81940484046936 5.2927852028706 11.2860733371183 -9999 -9999 -9999 -9999 -9999 -9999 -9999 -9999 -9999 -9999 -9999 -9999 -9999 -9999 -9999 -9999 -9999 -9999 -9999
-9999 -9999 -9999 -9999 -9999 -9999 -9999 3.28386068344116 5.66971642971039 4.70535716414452 4.73050761222839 4.59729668498039 3.13101160526276 3.22306644916534 3.87717264890671 3.63155803084373 3.22716097533703 2.53124338388443 2.26247191429138 2.37519058585167 2.65722133219242 2.88788339495659 2.47540676593781 2.224365234375 2.48221631348133 1.96081149578094 2.1474933475256 2.02114829421043 1.96152824163437 2.10259652137756 2.33639627695084 2.49500852823257 2.66858929395676 2.77802181243896 2.75355076789856 2.95216798782349 3.17640745639801 3.39054751396179 3.6011198759079 3.71174097061157 16.7102815393105 5.69786846637726 3.25656187534332 -9999 -9999 -9999 -9999 -9999 -9999 -9999 -9999 -9999 -9999 -9999 -9999 -9999 -9999 -9999 -9999 -9999 -9999 -9999
-9999 -9999 -9999 -9999 -9999 -9999 6.37601799488068 6.10067328539762 6.19149229743264 4.18887957930565 3.90078121073106 4.45924437046051 4.2499552667141 2.98118555545807 3.23450437188148 2.99963946640491 2.77214553952217 2.19122175872326 2.1983190625906 2.35890059173107 3.09174907207489 2.77752357721329 2.98525021970272 2.57823671400547 2.36728316545486 2.03475147485733 1.79213243722916 1.8791002035141 2.13341027498245 2.1179062128067 2.39735180139542 2.69802975654602 2.90778744220734 3.17676973342896 3.41939413547516 3.65380561351776 4.22280299663544 4.21974992752075 3.64889466762543 -9999 -9999 -9999 -9999 -9999 -9999 -9999 -9999 -9999 -9999 -9999 -9999 -9999 -9999 -9999 -9999 -9999 -9999 -9999 -9999 -9999 -9999 -9999
-9999 -9999 -9999 -9999 3.44584772191896 4.9472235133571 4.29318587779999 4.22380077838898 4.35808619856834 3.15832936763763 3.01805913448334 2.79936450719833 2.7636194229126 2.30128651857376 2.2438223361969 2.37593288719654 2.33906534314156 2.28009036183357 3.4723709821701 2.86445778608322 2.59741419553757 2.64403033256531 3.56588637828827 3.42420530319214 3.14933931827545 2.27314496040344 1.95484793186188 1.85214525461197 1.86539107561111 2.00478976964951 2.36739528179169 2.51468843221664 2.67900377511978 2.96292597055435 3.24918437004089 2.95075267553329 3.53732105932738 6.14286512009641 -9999 -9999 -9999 -9999 -9999 -9999 -9999 -9999 -9999 -9999 -9999 -9999 -9999 -9999 -9999 -9999 -9999 -9999 -9999 -9999 -9999 -9999 -9999 -9999
-9999 -9999 -9999 -9999 5.24581750296056 5.81022470444441 4.34291625022888 4.20273533463478 4.15771561861038 2.77270352840424 2.74433094263077 2.59730172157288 2.24789625406265 2.12294179201126 1.61359494924545 1.43466675281525 1.3428960442543 4.24342489242554 4.89213287830353 4.84594559669495 4.58248043060303 4.07224416732788 4.45519709587097 4.50732743740082 3.97812223434448 2.4037492275238 2.18809729814529 2.03121757507324 1.9990913271904 2.25650632381439 2.58563858270645 2.92320442199707 3.09058213233948 3.0406140089035 3.28496611118317 3.74293649196625 3.67643558979034 -9999 -9999 -9999 -9999 -9999 -9999 -9999 -9999 -9999 -9999 -9999 -9999 -9999 -9999 -9999 -9999 -9999 -9999 -9999 -9999 -9999 -9999 -9999 -9999 -9999
-9999 45.1783058230437 4.42830103443515 3.46371453649857 5.11321412086487 4.09647703170776 4.28591510653496 4.37471430301666 3.19674324989319 2.67136806249619 2.38883543014526 2.10695332288742 1.80089467763901 1.58612555265427 1.24809971451759 1.74752032756805 5.43033456802368 7.79610085487366 9.02873039245605 8.36964511871338 7.31871342658997 7.33812618255615 3.22338232398033 3.18401987850666 6.09488725662231 3.79790031909943 2.37117826938629 2.03994905948639 2.03538143634796 2.49755769968033 2.77303344011307 2.91093671321869 3.24155473709106 2.87419724464417 12.0697784216508 6.96822720766068 -9999 -9999 -9999 -9999 -9999 -9999 -9999 -9999 -9999 -9999 -9999 -9999 -9999 -9999 -9999 -9999 -9999 -9999 -9999 -9999 -9999 -9999 -9999 -9999 -9999 -9999
5.3244132399559 5.42266845703125 4.60933413505554 4.02964492638906 4.52957502007484 4.3437433719635 4.28511214256287 3.28752681612968 3.33865761756897 2.84066408872604 2.38331025838852 1.97943824529648 1.54204201698303 1.38754051923752 1.4390295445919 2.08236819505692 7.49205136299133 9.50246429443359 13.2662572860718 16.985737323761 15.4307098388672 14.3423295021057 10.9744942188263 10.1112785339355 6.49565148353577 3.58955025672913 2.41236966848373 2.54357331991196 2.59049481153488 2.86687499284744 3.04843497276306 3.10647082328796 3.38013732433319 -9999 -9999 -9999 -9999 -9999 -9999 -9999 -9999 -9999 -9999 -9999 -9999 -9999 -9999 -9999 -9999 -9999 -9999 -9999 -9999 -9999 -9999 -9999 -9999 -9999 -9999 -9999 -9999 -9999
6.41046958310263 6.85791829654149 5.0726071357727 4.51152893900871 4.44638067483902 4.4417680978775 3.75032699108124 3.32586067914963 2.97077366709709 2.92907345294952 2.09825474023819 1.57453429698944 1.4710747897625 1.39846050739288 1.58381098508835 3.08030641078949 7.20075345039368 14.0016059875488 21.5657529830933 28.789813041687 18.4579725265503 15.9366545677185 13.1252546310425 9.79164791107178 4.88030791282654 3.6002311706543 3.32755637168884 3.30076289176941 3.35772657394409 3.22814333438873 3.40123343467712 3.48117005825043 3.95987927913666 8.33514907726875 5.10725186852848 6.71006979003097 -9999 -9999 -9999 -9999 -9999 -9999 -9999 -9999 -9999 -9999 -9999 -9999 -9999 -9999 -9999 -9999 -9999 -9999 -9999 -9999 -9999 -9999 -9999 -9999 -9999 -9999
4.56388163566589 3.7474662065506 4.53059586882591 4.36527934670448 3.71113479137421 3.54493224620819 3.44740670919418 3.14985305070877 2.85915917158127 2.58581155538559 2.41053980588913 1.35453602671623 1.19369477033615 1.40044203400612 1.77756893634796 1.95352578163147 14.3052749633789 20.507981300354 22.642569065094 22.2489566802979 12.6676955223083 11.750230550766 9.25162410736084 6.99962854385376 5.33574235439301 4.35709190368652 3.46677589416504 3.48650765419006 3.41536259651184 3.51182091236115 5.85031199932098 -9999 -9999 -9999 -9999 -9999 -9999 -9999 -9999 -9999 -9999 -9999 -9999 -9999 -9999 -9999 -9999 -9999 -9999 -9999 -9999 -9999 -9999 -9999 -9999 -9999 -9999 -9999 -9999 -9999 -9999 -9999
4.52411118149757 4.56586620211601 4.43791043758392 4.0167570412159 4.05319046974182 4.06643843650818 3.35352796316147 3.14563679695129 3.03693133592606 2.83105677366257 2.51364624500275 0.946405470371246 1.24517396092415 1.3638299703598 1.9159859418869 9.11600518226624 12.6278944015503 13.4950890541077 13.9846544265747 11.3949000835419 9.81996130943298 8.2960102558136 6.23259043693542 5.56872582435608 4.61896884441376 3.11729054152966 3.2594695687294 3.46189785003662 4.16009411215782 4.32330191731453 4.03851386904716 3.92501567602158 -9999 -9999 -9999 -9999 -9999 -9999 41.2651970386505 12.6942715644836 -9999 -9999 -9999 -9999 -9999 -9999 -9999 -9999 -9999 -9999 -9999 -9999 -9999 -9999 -9999 -9999 -9999 -9999 -9999 -9999 -9999 -9999
4.72556591033936 4.3736814558506 4.81138247251511 5.04719958986555 4.88559074699879 4.75950149514458 4.94919741153717 3.85836401581764 3.03317052125931 2.82855302095413 2.76028968393803 0.894695252180099 1.49538221955299 1.89513677358627 3.42090225219727 8.38648295402527 10.4536306858063 11.8152537345886 9.61219096183777 8.15925693511963 7.81407737731934 6.32328915596008 4.70773208141327 3.18207308650017 3.20961718261242 3.45802082734949 3.58738938499899 3.63777796626091 3.88173370701926 3.82015115874154 4.2952411896991 3.42093944549561 -9999 -9999 -9999 -9999 -9999 -9999 -9999 -9999 -9999 -9999 -9999 -9999 -9999 -9999 -9999 -9999 -9999 -9999 -9999 -9999 -9999 -9999 -9999 -9999 -9999 -9999 -9999 -9999 -9999 -9999
-9999 -9999 -9999 -9999 -9999 4.35545938893368 4.56108458340168 4.15541803836823 3.74421760439873 3.08882358670235 2.08144551515579 1.79116344451904 2.26461070775986 3.20499658584595 4.4304313659668 10.1802921295166 11.0585224628448 9.41741251945496 7.85773229598999 5.93967747688293 4.99458968639374 4.85758423805237 3.30825971066952 3.18374294042587 5.25115125519889 4.68286854743958 -9999 -9999 -9999 -9999 -9999 -9999 -9999 -9999 -9999 -9999 -9999 -9999 -9999 -9999 -9999 -9999 -9999 -9999 -9999 -9999 -9999 -9999 -9999 -9999 -9999 -9999 -9999 -9999 -9999 -9999 -9999 -9999 -9999 -9999 -9999 -9999
-9999 -9999 -9999 -9999 -9999 -9999 3.88483693599701 3.63419839739799 2.99290381371975 2.05619233846664 1.80530619621277 3.45295035839081 4.20375537872314 5.23377907276154 7.07160544395447 10.2498550415039 11.4534373283386 10.0533535480499 8.7700138092041 6.2272846698761 5.29193240404129 3.60496804118156 3.44321273267269 3.0518564116664 -9999 -9999 -9999 -9999 -9999 -9999 -9999 -9999 -9999 -9999 -9999 -9999 -9999 -9999 -9999 -9999 -9999 -9999 -9999 -9999 -9999 -9999 -9999 -9999 -9999 -9999 -9999 -9999 -9999 -9999 -9999 -9999 -9999 -9999 -9999 -9999 -9999 -9999
