EcologicalScience/Bass/data/rs_data_bass/chl_396.asc
NCOLS 226 
NROWS 124 
XLLCORNER -9.41648524995501 
YLLCORNER 47.587301625531 
CELLSIZE 0.0833 
NODATA_value -9999 
[rows 0 to 26 of 124, columns 61 to 121 of 226]
-9999 -9999 -9999 -9999 -9999 -9999 -9999 -9999 -9999 -9999 -9999 -9999 -9999 -9999 -9999 -9999 -9999 -9999 -9999 -9999 -9999 -9999 -9999 -9999 -9999 -9999 -9999 -9999 -9999 -9999 -9999 -9999 -9999 -9999 -9999 -9999 -9999 -9999 -9999 -9999 -9999 -9999 -9999 -9999 -9999 -9999 -9999 -9999 -9999 -9999 -9999 -9999 -9999 -9999 -9999 -9999 -9999 -9999 -9999 -9999 -9999
-9999 -9999 -9999 -9999 -9999 -9999 -9999 -9999 -9999 -9999 -9999 -9999 -9999 -9999 -9999 -9999 -9999 -9999 -9999 -9999 -9999 -9999 -9999 -9999 -9999 -9999 -9999 -9999 -9999 -9999 -9999 -9999 -9999 -9999 -9999 -9999 -9999 -9999 -9999 -9999 -9999 -9999 -9999 -9999 -9999 -9999 -9999 -9999 -9999 -9999 -9999 -9999 -9999 -9999 -9999 -9999 -9999 -9999 -9999 -9999 -9999
-9999 -9999 -9999 -9999 -9999 -9999 -9999 -9999 -9999 -9999 -9999 -9999 -9999 -9999 -9999 -9999 -9999 -9999 -9999 -9999 -9999 -9999 -9999 -9999 -9999 -9999 -9999 -9999 -9999 -9999 -9999 -9999 -9999 -9999 -9999 -9999 -9999 -9999 -9999 -9999 -9999 -9999 -9999 -9999 -9999 -9999 -9999 -9999 -9999 -9999 -9999 -9999 -9999 -9999 -9999 -9999 -9999 -9999 -9999 -9999 -9999
-9999 -9999 -9999 -9999 -9999 -9999 -9999 -9999 -9999 -9999 -9999 -9999 -9999 -9999 -9999 -9999 -9999 -9999 -9999 -9999 -9999 -9999 -9999 -9999 -9999 -9999 -9999 -9999 -9999 -9999 -9999 -9999 -9999 -9999 -9999 -9999 -9999 -9999 -9999 -9999 -9999 -9999 -9999 -9999 -9999 -9999 -9999 -9999 -9999 -9999 -9999 -9999 -9999 -9999 -9999 -9999 -9999 -9999 -9999 -9999 -9999
-9999 -9999 -9999 -9999 -9999 -9999 -9999 -9999 -9999 -9999 -9999 -9999 -9999 -9999 -9999 -9999 -9999 -9999 -9999 -9999 -9999 -9999 -9999 -9999 -9999 -9999 -9999 -9999 -9999 -9999 -9999 -9999 -9999 -9999 -9999 -9999 -9999 -9999 -9999 -9999 -9999 -9999 -9999 -9999 -9999 -9999 -9999 -9999 -9999 -9999 -9999 -9999 -9999 -9999 -9999 -9999 -9999 -9999 -9999 -9999 -9999
-9999 -9999 -9999 -9999 -9999 -9999 -9999 -9999 -9999 -9999 -9999 -9999 -9999 -9999 -9999 -9999 -9999 -9999 -9999 -9999 -9999 -9999 -9999 -9999 -9999 -9999 -9999 -9999 -9999 0.63735419511795 1.34577281588185 1.17915952205658 0.453434988856316 0.424823239445686 0.466038018465042 0.494818121194839 0.478201858699322 0.348515242338181 0.380986511707306 0.4128787368536 0.209936991333961 0.445985242724419 0.430679999291897 0.341818504035473 0.261623248457909 0.357663754373789 0.372319880872965 0.363182254135609 0.343825869262218 0.330598130822182 0.349762123078108 0.354965608566999 0.359935507178307 0.197255238890648 0.199056006968021 0.194060996174812 0.214138492941856 0.212030254304409 0.210995994508266 0.240282006561756 0.235099509358406
-9999 -9999 -9999 -9999 -9999 -9999 -9999 -9999 -9999 -9999 -9999 -9999 -9999 -9999 -9999 -9999 -9999 -9999 -9999 -9999 -9999 -9999 -9999 -9999 -9999 -9999 -9999 1.18186515569687 1.0627324283123 2.37472021579742 1.47923320531845 1.12716776132584 0.836486011743546 0.30307649821043 0.295916989445686 0.517482005059719 0.528844870626926 0.467257484793663 0.589188002049923 0.578614510595798 0.387097477912903 0.437056481838226 0.482464492321014 0.463850252330303 0.437776498496532 0.293530493974686 0.375361114740372 0.366559870541096 0.345519002526999 0.330853119492531 0.32439336553216 0.326457750052214 0.346389748156071 0.345531385391951 0.350710116326809 0.221315257251263 0.206171259284019 0.208686746656895 0.237114742398262 0.242724001407623 0.259066499769688
-9999 -9999 -9999 -9999 -9999 -9999 -9999 -9999 -9999 -9999 -9999 -9999 -9999 -9999 -9999 -9999 -9999 -9999 -9999 -9999 -9999 -9999 -9999 -9999 -9999 -9999 -9999 1.18186515569687 4.3334589600563 2.80575415492058 1.60358619689941 1.16378179192543 0.944520369172096 0.860763385891914 0.677844375371933 0.652166247367859 0.253547251224518 0.255880504846573 0.614266857504845 0.440115764737129 0.4298445135355 0.619576133787632 0.25678651034832 0.483666367828846 0.463257372379303 0.268611744046211 0.261583507061005 0.234018757939339 0.34468124806881 0.349473372101784 0.216080255806446 0.221463739871979 0.231506243348122 0.352143757045269 0.363153744488955 0.363680250942707 0.367657508701086 0.379464000463486 0.229635000228882 0.342461999505758 0.349277995526791
-9999 -9999 -9999 -9999 -9999 -9999 -9999 -9999 -9999 -9999 -9999 -9999 -9999 -9999 -9999 -9999 -9999 -9999 -9999 -9999 -9999 -9999 -9999 -9999 -9999 -9999 -9999 13.3455543994904 9.98955595493317 2.61778691411018 1.36900497972965 1.30795910954475 0.991734355688095 0.910944744944572 0.219443991780281 0.792178899049759 0.75084675103426 0.393561735749245 0.37509374320507 0.3476557508111 0.309495002031326 0.304038003087044 0.298113003373146 0.276200249791145 0.470366254448891 0.221616759896278 0.229929752647877 0.221525989472866 0.355379249900579 0.353371124714613 0.219131246209145 0.208363495767117 0.390478502959013 0.41780886054039 0.412215739488602 0.407299887388945 0.39462599158287 0.389580756425858 0.426866624504328 0.412676632404327 0.382869388908148
-9999 -9999 -9999 -9999 -9999 -9999 -9999 -9999 -9999 -9999 -9999 -9999 -9999 -9999 -9999 -9999 -9999 -9999 -9999 -9999 -9999 -9999 -9999 -9999 -9999 -9999 1.19121462106705 7.50098567207654 0.608837261795998 1.48851299285889 0.389469757676125 0.432299986481667 0.31809825450182 0.312440246343613 0.300953239202499 0.294091500341892 0.284534253180027 0.290804989635944 0.320012256503105 0.346235990524292 0.297703497111797 0.306885749101639 0.29584950953722 0.285819746553898 0.285868495702744 0.277780495584011 0.260307759046555 0.384830988943577 0.26544975489378 0.261753000319004 0.234734997153282 0.211046241223812 0.430939882993698 0.467664375901222 0.466805644333363 0.471358135342598 0.250042498111725 0.256707742810249 0.305412009358406 0.296840250492096 0.386975258588791
-9999 -9999 -9999 -9999 -9999 -9999 -9999 -9999 -9999 -9999 -9999 -9999 -9999 -9999 -9999 -9999 -9999 -9999 -9999 -9999 -9999 -9999 -9999 -9999 -9999 -9999 2.63673285075596 0.516741737723351 0.385825484991074 0.510314270853996 0.589733988046646 0.446685746312141 0.43257375061512 0.415998011827469 0.337383739650249 0.336597003042698 0.333449251949787 0.324062995612621 0.318042755126953 0.362833499908447 0.365030251443386 0.365019746124744 0.349136240780354 0.322421997785568 0.292333491146564 0.27675374597311 0.262733995914459 0.265021495521069 0.258282758295536 0.246237739920616 0.442850992083549 0.421274989843369 0.212943747639656 0.225782990455627 0.218906991183758 0.230143502354622 0.517329387366772 0.295471496880054 0.275112748146057 0.440074123442173 0.420029997825623
-9999 -9999 -9999 -9999 -9999 -9999 -9999 -9999 -9999 -9999 -9999 -9999 -9999 -9999 -9999 -9999 -9999 -9999 -9999 -9999 -9999 -9999 -9999 -9999 -9999 1.31647038459778 0.545084238052368 0.425746500492096 0.441052481532097 0.497320488095284 0.531061515212059 0.475788742303848 0.444590985774994 0.408161267638206 0.40200600028038 0.373541995882988 0.345850490033627 0.334383755922318 0.327356994152069 0.315096750855446 0.348003745079041 0.366320997476578 0.376851752400398 0.369185999035835 0.323816992342472 0.318466499447823 0.300450749695301 0.278845489025116 0.268865257501602 0.522258728742599 0.495173625648022 0.465903371572495 0.260821491479874 0.246619507670403 0.521357238292694 0.555940143764019 0.544807121157646 0.489954762160778 0.460917748510838 0.440491519868374 0.431271359324455
-9999 -9999 -9999 -9999 -9999 -9999 -9999 -9999 -9999 -9999 -9999 -9999 -9999 -9999 -9999 -9999 -9999 -9999 -9999 -9999 -9999 -9999 -9999 -9999 1.50594073534012 0.657351762056351 0.460027500987053 0.425114259123802 0.47486400604248 0.518225982785225 0.493578001856804 0.470583021640778 0.431823760271072 0.429451480507851 0.42035548388958 0.398945242166519 0.34850849211216 0.347805753350258 0.339597009122372 0.329456247389317 0.321514494717121 0.364167742431164 0.360522754490376 0.368254490196705 0.360663749277592 0.349536001682281 0.357759743928909 0.301496252417564 0.253962010145187 0.527399249374866 0.489942379295826 0.463649243116379 0.47511749714613 0.54169799387455 0.565539367496967 0.569469384849072 0.534065991640091 0.488940730690956 0.464284881949425 0.438112132251263 0.427538998425007
-9999 -9999 -9999 -9999 -9999 -9999 -9999 -9999 -9999 -9999 -9999 -9999 -9999 -9999 -9999 -9999 -9999 -9999 -9999 -9999 -9999 -9999 -9999 2.61259170770645 2.47671675682068 0.826223284006119 0.519420728087425 0.546567007899284 0.604454979300499 0.569463729858398 0.487751260399818 0.470681235194206 0.458642989397049 0.436138495802879 0.436671763658524 0.398435264825821 0.37092150002718 0.379826992750168 0.36591674387455 0.359838008880615 0.335717998445034 0.34053149074316 0.323091745376587 0.360779240727425 0.379298239946365 0.381205514073372 0.360720008611679 0.262530751526356 0.242925010621548 0.239951245486736 0.499230735003948 0.509882256388664 0.517291121184826 0.547373615205288 0.528156369924545 0.520534873008728 0.517239734530449 0.506084628403187 0.442230373620987 0.421694610267878 0.418770365417004
-9999 -9999 -9999 -9999 -9999 -9999 -9999 -9999 -9999 -9999 -9999 -9999 -9999 -9999 -9999 -9999 -9999 -9999 -9999 -9999 -9999 2.64602583646774 2.19925644850348 1.77697044610977 1.44049125909805 0.909284234046936 0.688916265964508 0.737352758646011 0.776475727558136 0.994022995233536 0.597062990069389 0.480679482221603 0.469317734241486 0.425439745187759 0.403747513890266 0.374402247369289 0.373818755149841 0.347199752926826 0.351031489670277 0.356303997337818 0.34476750344038 0.322025254368782 0.307018496096134 0.330125257372856 0.391726478934288 0.391406267881393 0.36413548886776 0.332285240292549 0.310847260057926 0.275115005671978 0.25951724499464 0.519318379461765 0.507922142744064 0.510925859212875 0.473962113261223 0.506830886006355 0.451109625399113 0.492635250091553 0.457424998283386 0.44566348940134 0.417156759649515
-9999 -9999 -9999 -9999 -9999 -9999 -9999 -9999 -9999 -9999 -9999 -9999 -9999 -9999 -9999 -9999 -9999 -9999 -9999 -9999 -9999 2.32921705409851 1.99579346179962 1.84180730581284 1.06202173233032 0.748428001999855 0.816579043865204 0.858257263898849 0.853241980075836 0.793189465999603 0.793307214975357 0.79799696803093 0.435742512345314 0.996710613369942 0.450476244091988 0.43028998374939 0.389941513538361 0.369917258620262 0.36872099339962 0.413016021251678 0.408672004938126 0.390432000160217 0.33126749843359 0.304371759295464 0.312491990625858 0.301424257457256 0.28948800265789 0.281747259199619 0.273033745586872 0.274096503853798 0.257355742156506 0.245552994310856 0.250248000025749 0.475876115262508 0.445658996701241 0.234075754880905 0.244628258049488 0.251137509942055 0.483682505786419 0.458582639694214 0.416550390422344
-9999 -9999 -9999 -9999 -9999 -9999 -9999 -9999 -9999 -9999 -9999 -9999 -9999 -9999 -9999 -9999 -9999 -9999 -9999 -9999 3.04279339313507 1.81915730237961 1.27077823877335 1.17729073762894 1.01237028837204 0.855015009641647 0.677558988332748 0.641701519489288 0.566604003310204 0.621633008122444 0.697862237691879 0.60707326233387 0.518454015254974 0.488291993737221 0.514777511358261 0.447730511426926 0.417805507779121 0.324967503547668 0.33644400537014 0.297023244202137 0.27394200861454 0.280646994709969 0.275867253541946 0.265388242900372 0.279434993863106 0.289490260183811 0.298027507960796 0.289038754999638 0.286458000540733 0.296376004815102 0.291188254952431 0.275885246694088 0.251712754368782 0.424942865967751 0.320403009653091 0.322609506547451 0.345056243240833 0.323573246598244 0.321931511163712 0.294540748000145 0.406555116176605
-9999 -9999 -9999 -9999 -9999 -9999 -9999 -9999 -9999 -9999 -9999 -9999 -9999 -9999 -9999 -9999 -9999 -9999 -9999 7.32742381095886 3.42340493202209 2.1625896692276 1.15350598096848 0.943324506282806 0.836682021617889 0.618398979306221 0.521669268608093 0.473294243216515 0.439052984118462 0.592154994606972 0.512113496661186 0.555701985955238 0.528356999158859 0.779270276427269 0.731240630149841 0.630918391048908 0.350174255669117 0.367302753031254 0.341391004621983 0.321736492216587 0.296212501823902 0.27929925173521 0.268309503793716 0.267440244555473 0.279927760362625 0.285432748496532 0.281357243657112 0.286156497895718 0.286251001060009 0.287494495511055 0.280468493700027 0.28566674888134 0.258387744426727 0.299415752291679 0.289129503071308 0.29772075265646 0.302229009568691 0.292445249855518 0.289617754518986 0.279266260564327 0.260348260402679
-9999 -9999 -9999 -9999 -9999 -9999 -9999 -9999 -9999 -9999 -9999 -9999 -9999 -9999 -9999 -9999 -9999 -9999 36.4658178979951 3.56234014034271 2.841712474823 2.12711101770401 1.42952021956444 1.05006301403046 0.939263999462128 0.887008488178253 0.813350290060043 0.687438011169434 0.587382763624191 0.709685996174812 0.647470504045486 0.591510728001595 0.410705253481865 0.36268725246191 0.817751616239548 0.722952380776405 0.688209369778633 0.631393119692802 0.356384240090847 0.334400989115238 0.327598504722118 0.296694003045559 0.276500254869461 0.260306239128113 0.23895525187254 0.2511862590909 0.266205757856369 0.276225753128529 0.272167503833771 0.260799743235111 0.259313240647316 0.259475246071815 0.253562249243259 0.249557241797447 0.263371489942074 0.26180324703455 0.259102508425713 0.256232254207134 0.266878500580788 0.263204991817474 0.246878251433372
-9999 -9999 -9999 -9999 -9999 -9999 -9999 -9999 -9999 -9999 -9999 -9999 -9999 -9999 -9999 -9999 -9999 -9999 -9999 -9999 2.44792503118515 1.35210004448891 1.0407780110836 0.84062996506691 0.896801233291626 0.835607260465622 0.826500713825226 0.790160983800888 0.786331504583359 0.704456269741058 0.655199244618416 0.627715498209 0.51622648537159 0.485929504036903 0.498399004340172 0.309048749506474 0.305247746407986 0.279570758342743 0.569935262203217 0.743277758359909 0.255444757640362 0.281095504760742 0.281762257218361 0.276951000094414 0.269668489694595 0.285917244851589 0.287928745150566 0.274268992245197 0.276304498314857 0.264862507581711 0.246785245835781 0.25059449672699 0.241989009082317 0.245771259069443 0.269406750798225 0.300473995506763 0.301688991487026 0.251593507826328 0.223946258425713 0.232075497508049 0.206541001796722
-9999 -9999 -9999 -9999 -9999 -9999 -9999 -9999 -9999 -9999 -9999 -9999 -9999 -9999 -9999 -9999 52.4671783447266 4.26619593663649 14.3173346152672 4.58695936203003 2.20360958576202 1.04787003993988 0.998379707336426 0.828153759241104 0.756039708852768 0.738231003284454 0.816873013973236 0.821443498134613 0.857834279537201 0.838221788406372 0.635258987545967 0.556773751974106 0.533645242452621 0.497864261269569 0.385472998023033 0.295219503343105 0.293197497725487 0.295569755136967 0.526496261358261 0.545101873576641 0.23761273920536 0.227326489984989 0.325131744146347 0.305455505847931 0.295714505016804 0.305689506232738 0.272684991359711 0.252734251320362 0.270237006247044 0.254567250609398 0.239630252122879 0.252011239528656 0.262290000915527 0.263541005551815 0.269041500985622 0.28421325981617 0.280389010906219 0.274153500795364 0.277191750705242 0.266940750181675 0.207998245954514
-9999 -9999 -9999 -9999 -9999 -9999 -9999 -9999 -9999 -9999 -9999 35.2986888885498 35.2986888885498 13.7248649597168 40.0593166351318 32.7025365829468 11.0385046005249 8.37794280052185 7.84149527549744 6.2170786857605 3.76645338535309 2.07808417081833 1.07997670769691 0.885391473770142 0.907137036323547 0.799856275320053 0.829601258039474 0.861546725034714 0.847909480333328 0.752075225114822 0.6847904920578 0.512973010540009 0.49440523982048 0.44803275167942 0.494734480977058 0.363067500293255 0.353936992585659 0.333023250102997 0.280314758419991 0.537622131407261 0.541501499712467 0.321347996592522 0.323526754975319 0.533440120518208 0.508148230612278 0.49855238199234 0.286920748651028 0.285758994519711 0.29262900352478 0.289847999811172 0.277844242751598 0.284718006849289 0.314600989222527 0.323190741240978 0.326282255351543 0.322062000632286 0.321681752800941 0.317454747855663 0.329906992614269 0.329926505684853 0.31598849594593
-9999 -9999 -9999 -9999 -9999 -9999 -9999 -9999 -9999 -9999 -9999 35.2986888885498 12.783255815506 4.81218838691711 11.7118270397186 17.9290494918823 11.3818953037262 10.0089347362518 7.56081607264857 2.81851689148657 9.28586983680725 3.98186016082764 1.38992929458618 1.20992320775986 1.19531098008156 1.16082295775414 0.987598478794098 0.949741512537003 0.946913212537766 0.863849222660065 0.75770178437233 0.611407488584518 0.633631512522697 0.503858238458633 0.42765149474144 0.394022986292839 0.385783508419991 0.390301510691643 0.363974243402481 0.327523492276669 0.359612256288528 0.386926487088203 0.610200740396976 0.636174403131008 0.637581378221512 0.383396252989769 0.351592496037483 0.320522993803024 0.346979252994061 0.363828755915165 0.366312749683857 0.355872005224228 0.375267013907433 0.377738267183304 0.369702748954296 0.365774251520634 0.371489994227886 0.359014503657818 0.341386489570141 0.339230239391327 0.344390250742435
-9999 -9999 -9999 -9999 -9999 -9999 -9999 -9999 -9999 -9999 -9999 -9999 -9999 5.86145616322756 35.0083351135254 21.2620124816895 65.2511501312256 -9999 -9999 -9999 -9999 -9999 -9999 1.85267472267151 1.62270677089691 1.69576281309128 1.54885572195053 1.18115025758743 1.05596253275871 0.954363763332367 0.847012460231781 0.713800504803658 0.587255984544754 0.451484262943268 0.419163018465042 0.421222507953644 0.402633011341095 0.463260009884834 0.407666265964508 0.391369521617889 0.35911425948143 0.351409502327442 0.359488494694233 0.381441012024879 0.402384012937546 0.405755236744881 0.387376517057419 0.373537503182888 0.397267520427704 0.442550271749496 0.418230772018433 0.415882498025894 0.409873500466347 0.402395993471146 0.400037258863449 0.387704998254776 0.4271429926157 0.429377228021622 0.395550727844238 0.39666523039341 0.423103496432304
-9999 -9999 -9999 -9999 -9999 -9999 -9999 -9999 -9999 -9999 -9999 -9999 -9999 -9999 16.6274771690369 16.6274771690369 16.6274771690369 -9999 -9999 -9999 -9999 -9999 -9999 4.94490551948547 4.94490551948547 4.94490551948547 0.308659605681896 1.68951308727264 1.83617842197418 1.23298421502113 0.939342767000198 0.825733512639999 0.70762874186039 0.572199761867523 0.509118005633354 0.498282015323639 0.465606763958931 0.467624992132187 0.480988517403603 0.376069486141205 0.356249995529652 0.355125747621059 0.385482743382454 0.448893740773201 0.502325266599655 0.424567490816116 0.40047150850296 0.393283501267433 0.429885730147362 0.424705490469933 0.392471238970757 0.410036265850067 0.427347734570503 0.430140763521194 0.434082001447678 0.420158252120018 0.45550274848938 0.453837767243385 0.456171736121178 0.430481985211372 0.433699518442154
-9999 -9999 -9999 -9999 -9999 -9999 -9999 -9999 -9999 -9999 -9999 -9999 -9999 -9999 -9999 -9999 -9999 -9999 -9999 -9999 -9999 -9999 -9999 -9999 -9999 -9999 -9999 1.9868084192276 1.74994951486588 1.41040572524071 1.16167348623276 0.84102675318718 0.681356236338615 0.637335732579231 0.599381268024445 0.620692491531372 0.581727012991905 0.431267246603966 0.368945248425007 0.370928250253201 0.356585249304771 0.578678235411644 0.330427497625351 0.587708249688148 0.891790479421616 0.793389022350311 0.801654025912285 0.401678994297981 0.401684984564781 0.410542488098145 0.448356002569199 0.475235268473625 0.490812733769417 0.4908397346735 0.514114513993263 0.522912740707397 0.541499242186546 0.534114763140678 0.511848002672195 0.527511745691299 0.518206492066383
-9999 -9999 -9999 -9999 -9999 -9999 -9999 -9999 -9999 -9999 -9999 -9999 -9999 -9999 -9999 -9999 -9999 -9999 -9999 -9999 -9999 -9999 -9999 -9999 -9999 -9999 -9999 -9999 3.53540146602711 4.30436789989471 2.21387332677841 1.14697274565697 0.957509994506836 0.723611980676651 0.707264229655266 0.754051476716995 0.736433252692223 0.626327991485596 0.508677005767822 0.437005519866943 0.471904501318932 0.585932984948158 0.545575484633446 0.49175101518631 0.463328272104263 0.431358754634857 0.709398001432419 0.397457242012024 0.34688700735569 0.356093242764473 0.386831268668175 0.462042734026909 0.463074758648872 0.43894051015377 0.494120255112648 0.542370021343231 0.708111763000488 0.687893271446228 0.599411979317665 0.51028123497963 0.484706997871399
