EcologicalScience/Bass/data/rs_data_bass/chl_61.asc
NCOLS 226 
NROWS 124 
XLLCORNER -9.41648524995501 
YLLCORNER 47.587301625531 
CELLSIZE 0.0833 
NODATA_value -9999 
[rows 84 to 111 of 124, columns 62 to 123 of 226]
-9999 -9999 -9999 -9999 -9999 -9999 -9999 -9999 -9999 -9999 -9999 -9999 -9999 -9999 -9999 -9999 -9999 -9999 -9999 -9999 -9999 -9999 -9999 -9999 -9999 -9999 -9999 -9999 -9999 -9999 -9999 -9999 -9999 -9999 -9999 -9999 -9999 -9999 -9999 -9999 -9999 -9999 -9999 -9999 -9999 -9999 -9999 -9999 -9999 -9999 -9999 -9999 -9999 -9999 -9999 -9999 -9999 2.95292450143741 3.99606741558422 4.35738229751587 4.53386557102203 2.50099807977676
-9999 -9999 -9999 -9999 -9999 -9999 -9999 -9999 -9999 -9999 -9999 -9999 -9999 -9999 -9999 -9999 -9999 -9999 -9999 -9999 -9999 -9999 -9999 -9999 -9999 -9999 -9999 -9999 -9999 -9999 -9999 -9999 -9999 -9999 -9999 -9999 37.1749906539917 -9999 3.78025363172804 3.42558547854424 -9999 -9999 1.98395607620478 3.17737077176571 1.85524642467499 1.5132742524147 3.55957639217377 11.3154466152191 9.3240966796875 8.48971438407898 11.5618078708649 14.2904720306396 -9999 -9999 -9999 4.42036879062653 4.8551641702652 3.59261620044708 3.28640842437744 2.37212097644806 1.34448301792145 1.15187922120094
-9999 -9999 -9999 -9999 -9999 -9999 -9999 -9999 -9999 -9999 -9999 -9999 -9999 3.69343986162325 4.07488059997559 1.31722953915596 0.86752125620842 1.03799396753311 1.12509450316429 -9999 -9999 -9999 -9999 -9999 -9999 -9999 -9999 -9999 2.98548046499491 1.97509431838989 2.34264528751373 2.81667712330818 -9999 3.66949796676636 -9999 -9999 -9999 -9999 2.40708380086081 2.17488741874695 2.1736176609993 2.12162929773331 2.06069558858871 2.14406096935272 2.30950498580933 2.96000468730927 2.31656473875046 2.54280978441238 2.66897767782211 3.21680474281311 4.06379699707031 2.93989795446396 3.13010251522064 3.65180468559265 3.41141867637634 3.14210021495819 3.10540437698364 1.87470817565918 1.31747853755951 1.18450945615768 1.19953125715256 1.0738867521286
-9999 -9999 -9999 -9999 -9999 -9999 -9999 -9999 -9999 -9999 2.44670768578847 1.35055474259637 4.06372430920601 3.16677689552307 2.36033856868744 1.73823899030685 1.34534025192261 1.23914095759392 1.20855903625488 0.940209031105042 -9999 -9999 1.74437572360039 1.44730607271194 1.72069752216339 -9999 -9999 1.90802156925201 1.78372657299042 2.08950448036194 2.16234076023102 2.46519595384598 2.49847429990768 2.66871231794357 -9999 -9999 1.91037976741791 2.30762866565159 2.44273567199707 2.26800745725632 2.36396545171738 2.35108727216721 2.03138172626495 2.32903432846069 2.51247006654739 2.37478494644165 2.2901639342308 1.96217250823975 1.8048135638237 1.51141655445099 1.40918925404549 1.49725127220154 1.67504096031189 1.64527344703674 1.56728482246399 1.47517651319504 1.34880298376083 1.15974220633507 1.11879301071167 1.13743579387665 1.0007167160511 0.871074020862579
-9999 -9999 -9999 -9999 -9999 -9999 -9999 -9999 -9999 1.57790178060532 2.56739354133606 3.61080986261368 1.79734835028648 0.715724229812622 0.833714962005615 0.73242674767971 0.80832901597023 0.893940031528473 0.950675278902054 0.948435008525848 1.20481646060944 10.5923761278391 1.25223299860954 1.42813646793365 1.38195151090622 1.49973303079605 1.61632794141769 1.83764541149139 1.7719395160675 1.86980992555618 2.03014719486237 2.21730905771255 2.32804942131042 2.38654500246048 2.5387356877327 2.54920274019241 2.55201154947281 2.58293473720551 2.53148853778839 2.55738669633865 2.52150750160217 2.43456226587296 2.38479816913605 2.44998675584793 2.25254094600677 1.60001850128174 1.29434698820114 1.19442674517632 1.23300370573997 1.11548253893852 1.09003427624702 1.06934174895287 1.17892500758171 1.17535051703453 1.18288877606392 1.18302226066589 1.15165346860886 1.04098945856094 0.9570472240448 0.982633531093597 0.848743468523026 0.800095528364182
-9999 -9999 -9999 -9999 -9999 -9999 -9999 -9999 -9999 2.45807701349258 2.29832249879837 1.15470296144485 1.24549350142479 1.04230803251266 1.16646221280098 1.18395978212357 1.03212296962738 0.973770707845688 0.995294988155365 0.969681769609451 1.21423503756523 1.36508104205132 1.21490621566772 1.17931053042412 1.20720148086548 1.19391828775406 1.31878727674484 1.80728405714035 1.87893068790436 1.91943293809891 1.92867082357407 2.00739902257919 2.0457735657692 2.11622393131256 2.24796670675278 2.49923855066299 2.6420025229454 2.70922207832336 2.86984205245972 2.96143501996994 2.84105175733566 2.60662132501602 1.81048876047134 1.66589480638504 1.46594926714897 1.33743220567703 1.05945673584938 1.01906552910805 1.0083284676075 0.962065458297729 0.948352485895157 0.929258286952972 0.99455925822258 1.04372924566269 1.08082348108292 1.02710098028183 1.00461673736572 0.927794963121414 0.908893525600433 0.884738981723785 0.834258019924164 0.865985244512558
-9999 -9999 -9999 -9999 -9999 -9999 -9999 -9999 -9999 2.29217773675919 1.86690008640289 1.49806576967239 1.53267592191696 1.52426254749298 1.76199066638947 2.11077976226807 2.13350468873978 2.05232852697372 1.60129880905151 1.2233310341835 1.02391120791435 1.04694297909737 1.05799198150635 1.07791802287102 1.09569677710533 1.20011097192764 1.27326446771622 1.3324199616909 1.37074720859528 1.4243737757206 1.46779578924179 1.53311258554459 1.6013685464859 1.72911894321442 1.89852368831635 2.34471452236176 2.5125846862793 2.62370252609253 2.7250657081604 2.5929719209671 2.14563900232315 1.70954471826553 1.12619546055794 1.23924073576927 1.21444728970528 1.21870422363281 1.24422678351402 1.18393725156784 1.10908046364784 0.957439541816711 0.880202293395996 0.7968989610672 0.754056751728058 0.792510777711868 0.833963245153427 0.93148872256279 0.99642750620842 0.982475280761719 0.957414776086807 0.956688791513443 0.92717170715332 1.14167851209641
1.21509978175163 1.98607973754406 1.65112312138081 1.81857946515083 -9999 -9999 -9999 2.38702280819416 1.68810653686523 1.24183049798012 1.71323096752167 1.71337866783142 1.68866926431656 1.77257108688354 2.01833474636078 2.51526081562042 3.21810615062714 3.61260008811951 3.14007961750031 2.32054495811462 1.42272001504898 1.15530073642731 0.997835218906403 1.02723750472069 1.0738867521286 1.1014124751091 1.12529924511909 1.15414050221443 1.21644374728203 1.23073196411133 1.19943523406982 1.21852952241898 1.22350949048996 1.26413547992706 1.30005902051926 1.36478251218796 1.37499377131462 1.35813903808594 1.34785804152489 1.28007450699806 1.09623670578003 0.981200963258743 1.04622673988342 1.07894253730774 1.10657474398613 1.14088949561119 1.11431926488876 1.05946120619774 0.968014508485794 0.766483515501022 0.727162510156631 0.722864270210266 0.727774500846863 0.797260522842407 0.865423500537872 1.0422899723053 1.12606653571129 1.09562623500824 1.06925851106644 1.10757154226303 1.17455023527145 1.13372853398323
1.38548174500465 1.55129778385162 2.68729573488235 2.15731577575207 1.80107098817825 1.88837599754333 1.23939979076385 1.17571350932121 1.08404025435448 1.13996627926826 1.49028754234314 1.5244283080101 1.33217471837997 2.20023894309998 3.34577536582947 3.92245280742645 4.66096365451813 3.40074598789215 2.17148244380951 1.84349244832993 1.32763946056366 0.942359268665314 0.864149272441864 0.843014985322952 0.981883496046066 0.985565274953842 1.00787177681923 1.05545175075531 1.0006807744503 1.00136098265648 0.9998519718647 0.989643752574921 1.00845077633858 0.99008846282959 0.974904030561447 0.955191761255264 0.937039464712143 0.943022221326828 0.826355248689651 0.82650151848793 0.861568540334702 0.908593475818634 1.00991848111153 1.03116971254349 1.02893176674843 0.999371230602264 0.872195273637772 0.792401254177094 0.718060478568077 0.706520229578018 0.715827003121376 0.735952511429787 0.762947291135788 0.975830286741257 0.95247146487236 1.02311995625496 1.11936601996422 1.14755174517632 1.0740795135498 1.13578346371651 1.14167100191116 1.14378449320793
1.79741853475571 1.75332444906235 2.10806930065155 1.56176769733429 1.61074125766754 1.74566924571991 1.35773697495461 1.52687019109726 1.69825208187103 1.48817324638367 1.59370350837708 1.79468393325806 1.98257768154144 2.34756821393967 3.0458242893219 3.07915270328522 3.36732888221741 3.41295897960663 2.61077696084976 2.47489124536514 2.35582941770554 1.60126429796219 1.37465777993202 1.52618622779846 2.07098025083542 1.97211599349976 1.74675071239471 1.49406597018242 1.06306877732277 1.01677653193474 1.01770797371864 1.03882277011871 0.958627492189407 0.923808038234711 0.870281249284744 0.805194765329361 0.800129234790802 0.825800210237503 0.841200739145279 0.852282732725143 0.85876053571701 0.876188278198242 0.910848766565323 0.896346777677536 0.854696989059448 0.826121270656586 0.773360967636108 0.751785725355148 0.714350268244743 0.712807506322861 0.762801736593246 0.815339237451553 0.919146716594696 0.961431741714478 0.910494714975357 0.927311271429062 1.18555954098701 1.17939296364784 1.15510502457619 1.15686222910881 1.17058271169662 1.21643704175949
2.51227194070816 2.46474516391754 2.40143251419067 1.27945947647095 0.667309507727623 0.664026752114296 0.903088510036469 1.30694621801376 1.38656929135323 1.52060848474503 1.81740456819534 2.06636023521423 2.41731083393097 2.19639748334885 1.96724474430084 1.97131955623627 2.05513125658035 2.26877778768539 3.25892007350922 4.30792057514191 4.57138967514038 4.72321736812592 4.40234112739563 4.23784410953522 4.12093269824982 3.27839934825897 2.77407449483871 2.24325603246689 1.38263323903084 1.22009325027466 1.13082674145699 1.07563501596451 0.935412794351578 0.889040261507034 0.850276529788971 0.797343760728836 0.804548263549805 0.832473009824753 0.86144095659256 0.835049271583557 0.845649003982544 0.877167731523514 0.870293229818344 0.858479976654053 0.824394017457962 0.779173493385315 0.715122744441032 0.716021999716759 0.732109487056732 0.81580576300621 0.873498022556305 0.913857758045197 0.986630290746689 1.07717701792717 1.04924395680428 1.01878648996353 1.04474624991417 1.02418801188469 1.05783829092979 1.12088477611542 1.38226649165154 1.84943997859955
1.60648280382156 1.91673374176025 1.81562248617411 1.0459466278553 0.569554477930069 0.612234771251678 0.718430265784264 1.3421685397625 1.62215316295624 1.70028519630432 1.80191999673843 1.84016096591949 2.3097277879715 2.36937153339386 1.99482607841492 2.10869479179382 2.14195275306702 2.12362504005432 2.62881231307983 2.96179801225662 3.25582945346832 3.96442437171936 3.9656810760498 4.12257528305054 3.94767165184021 3.40987658500671 2.5798596739769 1.88315552473068 1.26034274697304 1.1551972925663 1.13712671399117 1.08756449818611 0.9323970079422 0.871797770261765 0.849099040031433 0.811435461044312 0.794792264699936 0.803121775388718 0.813446223735809 0.930417001247406 0.959716469049454 1.00836145877838 1.06987872719765 1.02993679046631 0.959190756082535 0.899286031723022 0.814412266016006 0.779457718133926 0.774648785591125 0.799011021852493 0.824562728404999 0.932296514511108 1.01248651742935 1.02503246068954 1.00569748878479 1.00499626994133 1.02844503521919 1.09228277206421 1.21998971700668 1.33180046081543 2.16954374313354 2.5924192070961
1.46280714869499 1.38062285631895 1.72083641588688 1.53816635906696 0.905473485589027 0.990547500550747 1.50182622671127 1.8628965318203 2.06572204828262 2.28173696994781 2.1722429394722 1.89438968896866 1.99942427873611 2.66612094640732 3.27460420131683 3.13941979408264 2.70335483551025 2.63447624444962 3.35574066638947 3.0689617395401 2.97432678937912 2.48093408346176 1.90005522966385 1.72714430093765 1.91641581058502 2.36629271507263 2.04391354322433 1.83977633714676 1.68558973073959 1.28720247745514 1.19892150163651 1.13596951961517 1.09532850980759 0.990648776292801 0.907392024993896 0.944239497184753 0.998321235179901 0.898891478776932 0.884776532649994 1.10094228386879 1.1282602250576 1.10821652412415 1.13550826907158 1.09962522983551 1.03577622771263 0.94716677069664 0.816721469163895 0.880583971738815 0.896727740764618 0.91759729385376 0.926359534263611 0.927789777517319 0.900608986616135 1.13514071702957 1.23390001058578 1.24033945798874 1.48937022686005 1.50291967391968 1.72983008623123 1.86740916967392 4.01265835762024 5.3912068605423
0.929894238710403 0.651063747704029 0.801168367266655 0.955304995179176 1.01596011221409 1.01193487644196 1.32682424783707 1.81983974575996 1.86612457036972 1.82698345184326 1.82454228401184 2.17262542247772 2.23316395282745 1.76458650827408 2.70131474733353 2.50928324460983 2.28147232532501 2.11973547935486 1.56609606742859 1.14149853587151 0.963618725538254 0.952389746904373 1.13884127140045 1.25269800424576 1.51244616508484 1.88202828168869 1.5180344581604 1.28032726049423 1.26795825362206 1.48432874679565 1.59336304664612 1.55367037653923 1.10954627394676 1.19630777835846 1.2531855404377 1.36520549654961 1.50802499055862 1.59365326166153 1.52808147668839 1.27759873867035 1.18148401379585 1.24620598554611 1.20704627037048 1.15330651402473 1.08072674274445 0.949527025222778 0.933039754629135 1.11727049946785 1.00937551259995 0.884172767400742 0.866721779108047 0.860086530447006 0.955748230218887 1.49763223528862 1.72631478309631 1.8239534497261 -9999 -9999 -9999 -9999 -9999 -9999
0.536501247435808 0.716934006661177 1.05329962447286 1.03490846604109 1.09569342434406 1.17008623480797 1.40825133025646 1.69308596849442 1.29457953572273 1.29335626959801 1.45715171098709 1.54950445890427 1.27625924348831 1.25172302126884 1.28475978970528 1.17397946119308 1.22187674045563 1.31463298201561 1.20757502317429 0.984925478696823 1.1209109723568 1.30018875002861 1.54431080818176 1.39971971511841 1.91268074512482 1.46126103401184 1.4281507730484 1.49487295746803 1.78472471237183 2.18824202567339 2.52693405747414 2.36027924716473 2.08224257826805 2.05560904741287 1.84784030914307 1.43182048201561 1.52057021856308 1.42111954092979 1.33857071399689 1.16236129403114 1.08275923132896 1.1842777132988 1.17954075336456 1.13780102133751 1.04976224899292 1.06111577153206 1.55381780862808 1.73606318235397 1.13354024291039 1.1017432808876 1.03102800250053 1.22249248623848 1.6132425069809 1.82958176136017 -9999 -9999 -9999 -9999 -9999 -9999 -9999 -9999
0.928727991878986 0.72588823735714 1.35372859239578 1.56093520671129 1.4480489641428 1.10045063495636 1.27765989303589 1.23295609652996 1.24990573525429 0.976756498217583 0.893399611115456 1.42213198542595 0.987480014562607 0.937034279108047 0.945291012525558 0.855075716972351 1.00892096757889 1.07289227843285 0.978791266679764 1.12662452459335 1.36337471008301 1.43087098002434 1.25913754105568 1.42320004105568 1.4177939593792 1.49667146801949 1.57009792327881 1.57995826005936 1.94262954592705 -9999 -9999 -9999 -9999 -9999 -9999 3.14426672458649 1.87191295623779 1.44513747096062 1.29043427109718 1.13980945944786 1.07005128264427 1.08175948262215 1.05302926898003 1.07757675647736 1.19808751344681 1.18082320690155 5.14231359958649 1.54615116119385 1.5366758108139 1.74584180116653 1.97373819351196 2.32532179355621 2.52792978286743 1.9762424826622 1.97624230384827 -9999 -9999 -9999 -9999 -9999 -9999 -9999
1.50442197918892 1.58996066451073 1.22673634439707 1.24142027646303 1.04146800935268 0.92664822936058 0.956475734710693 0.922960460186005 0.851535379886627 1.07377570867538 0.907983720302582 1.05369374155998 1.02521958947182 0.885841459035873 1.05905963480473 1.37531433999538 1.65752367675304 1.41031390428543 1.88597095012665 1.01514673233032 1.23901346325874 1.26332402229309 1.37479948997498 1.28430077433586 1.20491775870323 0.780625462532043 1.74941253662109 1.83055347204208 1.72200751304626 -9999 -9999 -9999 -9999 -9999 -9999 -9999 16.8382730484009 2.64810526371002 2.12625521421432 1.50161325931549 1.9870896935463 1.78887158632278 1.41032177209854 1.27873197197914 1.6214017868042 2.64559721946716 10.6624402999878 1.48451328277588 1.91342997550964 2.78253972530365 2.70014852285385 3.55451238155365 -9999 -9999 -9999 -9999 -9999 -9999 -9999 -9999 -9999 -9999
1.43665015697479 1.40538677573204 1.23137549310923 0.899995140731335 0.794298738241196 0.823485374450684 0.963778138160706 1.01206462830305 0.943865977227688 1.06535549461842 1.00645013898611 0.940161019563675 0.84559428691864 0.865038380026817 0.828589528799057 0.748661264777184 0.837284982204437 1.06952252984047 1.5648495554924 1.19753347529043 -9999 1.25176459550858 1.0729057341814 1.12502248585224 0.360763505101204 0.353613741695881 0.409724235534668 0.441815257072449 8.90735292434692 -9999 -9999 -9999 -9999 -9999 -9999 -9999 11.2167247425426 21.1786355376244 27.7209525108337 24.3861722946167 18.5967035293579 9.62419438362122 4.73973906040192 3.00423359870911 2.76474380493164 2.52119547128677 3.9976612329483 4.55844533443451 4.19347500801086 3.1771320104599 2.95533227920532 3.17415153980255 3.81181883811951 -9999 -9999 -9999 -9999 -9999 -9999 -9999 -9999 -9999
1.08254210650921 1.06366346776485 1.0594282373786 0.983412757515907 1.00488446652889 0.96515965461731 1.01764534413815 1.02110812067986 0.925440743565559 0.991759121417999 0.822920233011246 0.73854298889637 0.800684630870819 0.909888759255409 0.834669761359692 0.812201231718063 0.875492960214615 0.932406038045883 0.898754239082336 0.90990749001503 1.02930977940559 0.7800412774086 0.935479134321213 0.665025740861893 0.689056500792503 1.04367971420288 1.95600637793541 1.85138779878616 2.68851757049561 3.90570795536041 -9999 -9999 -9999 -9999 -9999 -9999 -9999 65.3188191704128 1.14171896639623 0.702609137922037 0.855968837936719 20.673657104373 7.31633922457695 2.69860875606537 2.32890379428864 2.7347736954689 6.33218264579773 17.2587060928345 24.7333173751831 12.4819178581238 6.01204133033752 3.62962067127228 3.14662742614746 -9999 -9999 -9999 -9999 -9999 -9999 -9999 -9999 -9999
1.1988480091095 1.17630182951689 1.10672400891781 1.24079024791718 1.15321576595306 1.01849399507046 0.907704010605812 1.15160027146339 1.40129099786282 3.38775609433651 0.815746888518333 0.771650612354279 0.770224504172802 0.663487114012241 0.666819736361504 0.713556736707687 0.741241849958897 0.74898599088192 0.922403991222382 0.692791499197483 0.664687514305115 0.697414867579937 0.949496984481812 1.61130523681641 1.78612196445465 1.51904846727848 1.92472194135189 1.90810234844685 1.01945927739143 1.01410272717476 -9999 -9999 -9999 -9999 -9999 -9999 -9999 -9999 -9999 -9999 -9999 -9999 -9999 -9999 -9999 -9999 3.65490746498108 48.7918167114258 44.1529855728149 7.85839781079973 -9999 -9999 -9999 -9999 -9999 -9999 -9999 -9999 -9999 -9999 -9999 -9999
1.33092527836561 1.03099009394646 1.02881775051355 0.853468134999275 1.2144221663475 0.913812004029751 0.713690612465143 0.875335492193699 0.867415510118008 0.81158772110939 0.681414395570755 0.623056501150131 0.599266871809959 0.563197508454323 0.52870986610651 0.582997508347034 0.557084619998932 0.521593138575554 0.493455357849598 0.468516759574413 0.569994762539864 0.405884250998497 0.53847898542881 0.990328758955002 -9999 -9999 -9999 1.14479103684425 1.06252124905586 0.834944218397141 1.99698302149773 -9999 -9999 -9999 -9999 -9999 -9999 -9999 -9999 -9999 -9999 -9999 -9999 -9999 -9999 -9999 -9999 -9999 -9999 -9999 -9999 -9999 -9999 -9999 -9999 -9999 -9999 -9999 -9999 -9999 -9999 -9999
0.691860012710094 0.901924856007099 0.877954490482807 1.07862523198128 0.844438143074512 0.676891498267651 0.75578436255455 0.878431878983974 0.72902774065733 0.611757360398769 0.553480871021748 0.547329001128674 0.565377742052078 0.575131505727768 0.554007366299629 0.544129885733128 0.563024997711182 0.563152872025967 0.512618623673916 0.467817731201649 0.543304122984409 0.702910512685776 0.902444958686829 0.949911028146744 1.18373362720013 1.35638925433159 1.58637978136539 1.04966175556183 1.06932154297829 1.05183452367783 1.85833355784416 2.18608155846596 -9999 -9999 -9999 -9999 -9999 -9999 -9999 -9999 -9999 -9999 -9999 -9999 -9999 -9999 -9999 -9999 -9999 -9999 -9999 -9999 -9999 -9999 -9999 -9999 -9999 -9999 -9999 -9999 -9999 -9999
0.46865026652813 0.638982385396957 0.642513737082481 0.665490008890629 0.650596126914024 0.693284265697002 0.717511475086212 0.755173467099667 0.568629004061222 0.526123501360416 0.539955362677574 0.599334754049778 0.68401088565588 0.632289737462997 0.614827126264572 0.573009744286537 0.588975369930267 0.607605010271072 0.56734087318182 0.544962376356125 0.53864099085331 0.941618978977203 0.938083469867706 0.977669209241867 1.49228851497173 1.6225488781929 1.54564046859741 1.14334273338318 1.28413277864456 1.39196553826332 2.89887988567352 1.44863854213194 -9999 -9999 -9999 -9999 -9999 -9999 -9999 -9999 -9999 -9999 -9999 -9999 -9999 -9999 -9999 -9999 -9999 -9999 -9999 -9999 -9999 -9999 -9999 -9999 -9999 -9999 -9999 -9999 -9999 -9999
0.550283759832382 0.553292483091354 0.55688101798296 0.580801874399185 0.612153366208076 0.723447762429714 0.653912991285324 0.594336748123169 0.598871625959873 0.632103748619556 0.685284733772278 0.770028010010719 0.813968606293201 0.806835383176804 1.08970087766647 1.06016059219837 0.947937771677971 0.79125751554966 0.688966512680054 0.621565863490105 0.559329383075237 0.641320109367371 1.03543272614479 1.66278858482838 2.61051522195339 4.08756530284882 1.33660724759102 1.42930573225021 1.45880404114723 1.34931671619415 2.48428058624268 -9999 -9999 -9999 -9999 -9999 -9999 -9999 -9999 -9999 -9999 -9999 -9999 -9999 -9999 -9999 -9999 -9999 -9999 -9999 -9999 -9999 -9999 -9999 -9999 -9999 -9999 -9999 -9999 -9999 -9999 -9999
0.463826984167099 0.50313750654459 0.686333231627941 0.706249862909317 0.823244623839855 0.893182888627052 0.948497995734215 0.914261251688004 0.615761607885361 0.815776504576206 0.882785260677338 0.979318141937256 0.895984902977943 0.872450977563858 1.04228961467743 1.49595004320145 1.84274590015411 1.45614641904831 0.961835592985153 0.861169874668121 0.794749863445759 0.658591121435165 0.645761243999004 0.787168487906456 1.41107100248337 1.14655838906765 1.06178958714008 1.16318996250629 1.19543060660362 1.05291903018951 1.89868801832199 2.27817269733974 -9999 -9999 -9999 -9999 -9999 -9999 -9999 -9999 -9999 -9999 -9999 -9999 -9999 -9999 -9999 -9999 -9999 -9999 -9999 -9999 -9999 -9999 -9999 -9999 -9999 -9999 -9999 -9999 -9999 -9999
0.579679504036903 0.635729983448982 0.786538146436214 1.00290334224701 0.999799847602844 1.85390362143517 1.12658002972603 1.08189077675343 0.621024191379547 -9999 -9999 -9999 -9999 -9999 -9999 1.68043684959412 3.18382760882378 0.841096490621567 1.48336873948574 1.34430487453938 1.19087478518486 1.00436921417713 1.04772488772869 0.954071648418903 1.07416757941246 1.12210536003113 1.09191486239433 1.03011001646519 1.12141688168049 1.100192964077 1.52982527017593 2.16067497432232 -9999 -9999 -9999 -9999 -9999 -9999 -9999 -9999 -9999 -9999 -9999 -9999 -9999 -9999 -9999 -9999 -9999 -9999 -9999 -9999 -9999 -9999 -9999 -9999 -9999 -9999 -9999 -9999 -9999 -9999
0.973302014172077 0.826776757836342 -9999 1.12017805874348 8.18861603736877 3.23945447802544 1.88645547628403 -9999 1.35734340548515 -9999 -9999 -9999 -9999 -9999 -9999 1.12338207740533 1.49215000867844 2.0104414075613 1.6874940097332 1.77980889379978 1.64355745911598 1.62067014724016 1.29207339137793 1.58267176151276 1.65399903059006 1.26920438557863 1.17579111456871 1.20090262591839 1.18368977308273 1.19997489452362 1.48441690206528 3.3714514374733 -9999 -9999 -9999 -9999 -9999 -9999 -9999 -9999 -9999 -9999 -9999 -9999 -9999 -9999 -9999 -9999 -9999 -9999 -9999 -9999 -9999 -9999 -9999 -9999 -9999 -9999 -9999 -9999 -9999 -9999
-9999 -9999 -9999 -9999 -9999 -9999 -9999 -9999 -9999 -9999 -9999 -9999 -9999 -9999 -9999 -9999 -9999 1.11104437708855 1.65523879230022 1.30601289868355 1.96928360313177 -9999 -9999 -9999 3.31096519529819 3.92119310666057 -9999 -9999 2.99156503379345 2.06879755854607 1.52099847793579 -9999 -9999 -9999 -9999 -9999 -9999 -9999 -9999 -9999 -9999 -9999 -9999 -9999 -9999 -9999 -9999 -9999 -9999 -9999 -9999 -9999 -9999 -9999 -9999 -9999 -9999 -9999 -9999 -9999 -9999 -9999
