EcologicalScience/Bass/data/rs_data_bass/chl_168.asc
NCOLS 226 
NROWS 124 
XLLCORNER -9.41648524995501 
YLLCORNER 47.587301625531 
CELLSIZE 0.0833 
NODATA_value -9999 
[rows 54 to 80 of 124, columns 0 to 61 of 226]
-9999 -9999 -9999 -9999 -9999 -9999 -9999 -9999 -9999 -9999 -9999 -9999 -9999 -9999 -9999 -9999 -9999 -9999 -9999 -9999 -9999 -9999 -9999 -9999 -9999 -9999 -9999 -9999 -9999 -9999 -9999 -9999 -9999 -9999 -9999 -9999 -9999 -9999 4.72386788324531 3.78868639469147 3.37933945655823 3.3854466676712 2.10104101896286 1.3126747906208 1.33425602316856 1.46069777011871 1.40501698851585 1.03945952653885 0.805331289768219 0.788597255945206 0.76417949795723 0.803903996944427 0.988512754440308 1.15997850894928 1.41779252886772 1.68948143720627 2.07244044542313 2.37436205148697 -9999 0.607058599591255 0.62790758907795 1.38343295519767
-9999 -9999 -9999 -9999 -9999 -9999 -9999 -9999 -9999 -9999 -9999 -9999 -9999 -9999 -9999 -9999 -9999 -9999 -9999 -9999 -9999 -9999 -9999 -9999 -9999 -9999 -9999 -9999 -9999 -9999 -9999 -9999 -9999 -9999 -9999 -9999 -9999 -9999 -9999 3.57467114925385 2.86947745084763 2.72198849916458 2.07302248477936 1.54988926649094 1.13664820790291 1.27595177292824 1.1115757226944 1.00145700573921 0.877412974834442 0.768558740615845 0.815960973501205 0.884059488773346 1.09284228086472 1.27909353375435 1.56390970945358 1.84586173295975 2.0849347114563 -9999 -9999 -9999 -9999 -9999
-9999 -9999 -9999 -9999 -9999 -9999 -9999 -9999 -9999 -9999 -9999 -9999 -9999 -9999 -9999 -9999 -9999 -9999 -9999 -9999 -9999 -9999 -9999 -9999 -9999 -9999 -9999 -9999 -9999 -9999 -9999 -9999 -9999 -9999 -9999 -9999 -9999 -9999 -9999 -9999 2.53715407848358 2.25967955589294 1.58557498455048 1.45495954155922 1.28641954064369 1.02552446722984 1.02526196837425 0.990213006734848 1.1737115085125 0.868326008319855 0.906255036592484 1.04829972982407 1.30493545532227 1.51390868425369 1.62908774614334 1.89456295967102 2.05209070444107 2.25388652086258 2.13700941630772 -9999 -9999 -9999
-9999 -9999 -9999 -9999 -9999 -9999 -9999 -9999 -9999 -9999 -9999 -9999 -9999 -9999 -9999 -9999 -9999 -9999 -9999 -9999 -9999 -9999 -9999 -9999 -9999 -9999 -9999 -9999 -9999 -9999 -9999 -9999 -9999 -9999 -9999 -9999 -9999 -9999 -9999 -9999 2.60141104459763 2.00467425584793 1.65718495845795 1.76952141523361 1.68821704387665 1.3023547232151 1.21118098497391 1.16588625311852 1.35561779141426 0.994082987308502 1.03770902752876 1.06092596054077 1.23841121792793 1.37895074486732 1.49739521741867 1.5707745552063 1.87450128793716 2.19949650764465 2.65159052610397 3.9263813495636 4.00785495553698 -9999
-9999 -9999 -9999 -9999 -9999 -9999 -9999 -9999 -9999 -9999 -9999 -9999 -9999 -9999 -9999 -9999 -9999 -9999 -9999 -9999 -9999 -9999 -9999 -9999 -9999 -9999 -9999 -9999 -9999 -9999 -9999 -9999 -9999 -9999 -9999 -9999 -9999 -9999 -9999 -9999 -9999 2.30811077356339 1.96659600734711 1.93784093856812 1.83330076932907 1.74543231725693 1.45541399717331 1.36481022834778 1.30146297812462 1.42811995744705 1.04669854044914 0.88757997751236 0.989559710025787 1.09028479456902 1.11547046899796 1.37464427947998 1.71518844366074 2.11113452911377 2.75301074981689 3.82994091510773 4.23660457134247 -9999
-9999 -9999 -9999 -9999 -9999 -9999 -9999 -9999 -9999 -9999 -9999 -9999 -9999 -9999 -9999 -9999 -9999 -9999 -9999 -9999 -9999 -9999 -9999 -9999 -9999 -9999 -9999 -9999 -9999 -9999 -9999 -9999 -9999 -9999 -9999 -9999 -9999 -9999 -9999 -9999 -9999 2.40653550624847 2.05104982852936 2.04703652858734 1.91428649425507 1.77131778001785 1.80689477920532 1.40244072675705 1.30483648180962 0.950744211673737 0.861644983291626 0.832964211702347 0.833449512720108 0.839660257101059 0.889219522476196 1.14372298121452 1.68641692399979 2.29108875989914 2.78266274929047 2.36968031390147 -9999 -9999
-9999 -9999 -9999 -9999 -9999 -9999 -9999 -9999 -9999 -9999 -9999 -9999 -9999 -9999 -9999 -9999 -9999 -9999 -9999 -9999 -9999 -9999 -9999 -9999 -9999 -9999 -9999 -9999 -9999 -9999 -9999 -9999 -9999 -9999 -9999 -9999 -9999 -9999 -9999 -9999 2.65303641557693 2.47974979877472 2.2593652009964 1.74402755498886 1.47347921133041 1.36832696199417 1.34074723720551 1.2714187502861 1.17559272050858 0.947286039590836 0.82624277472496 0.809057235717773 0.899094790220261 1.02479097247124 1.02236920595169 1.13642245531082 1.55112594366074 -9999 -9999 7.88076996803284 5.46409213542938 7.34925484657288
-9999 -9999 -9999 -9999 -9999 -9999 -9999 -9999 -9999 -9999 -9999 -9999 -9999 -9999 -9999 -9999 -9999 -9999 -9999 -9999 -9999 -9999 -9999 -9999 -9999 -9999 -9999 -9999 -9999 -9999 -9999 -9999 -9999 -9999 -9999 -9999 -9999 -9999 -9999 2.41282349824905 2.36316525936127 2.24231618642807 1.99552953243256 1.75302600860596 1.31369546055794 1.27601999044418 1.52531373500824 1.37813198566437 1.10039922595024 1.02212172746658 0.976826280355453 0.944179505109787 0.933701276779175 0.966646492481232 1.05820575356483 1.17078977823257 1.99996054172516 3.0655163526535 2.74029153585434 4.12784457206726 3.30189657211304 3.80723547935486
-9999 -9999 -9999 -9999 -9999 -9999 -9999 -9999 -9999 -9999 -9999 -9999 -9999 -9999 -9999 -9999 -9999 -9999 -9999 -9999 -9999 -9999 -9999 -9999 -9999 -9999 -9999 -9999 -9999 -9999 -9999 -9999 -9999 -9999 -9999 -9999 -9999 -9999 -9999 2.45369696617126 2.08233368396759 1.86232870817184 1.56537222862244 1.42086598277092 1.26197245717049 1.32716399431229 1.32292574644089 1.06140902638435 1.04572427272797 0.947597980499268 0.882598489522934 0.890711277723312 0.910221755504608 0.947910726070404 1.08583053946495 1.3362435400486 1.38321974873543 1.50991129875183 1.93919849395752 1.8315464258194 2.06356358528137 2.33441931009293
-9999 -9999 -9999 -9999 -9999 -9999 -9999 -9999 -9999 -9999 -9999 -9999 -9999 -9999 -9999 -9999 -9999 -9999 -9999 -9999 -9999 -9999 -9999 -9999 -9999 -9999 -9999 -9999 -9999 -9999 -9999 -9999 -9999 -9999 -9999 -9999 -9999 -9999 2.83930724859238 2.54585480690002 1.91315996646881 1.58262294530869 1.46205827593803 1.26172801852226 1.04343822598457 1.17197477817535 1.02895197272301 0.879292488098145 0.810683995485306 0.796902716159821 0.822210788726807 0.915180712938309 1.00776073336601 1.09282645583153 1.10837548971176 1.14375078678131 1.2664957344532 1.29072824120522 1.52099919319153 1.88094305992126 1.74664199352264 1.9534957408905
-9999 -9999 -9999 -9999 -9999 -9999 -9999 -9999 -9999 -9999 -9999 -9999 -9999 -9999 -9999 -9999 -9999 -9999 -9999 -9999 -9999 -9999 -9999 -9999 -9999 -9999 -9999 -9999 -9999 -9999 -9999 -9999 -9999 -9999 -9999 -9999 -9999 -9999 2.6625217795372 2.30561023950577 1.92361879348755 1.42935302853584 1.16480478644371 1.10110053420067 0.936427474021912 0.843148469924927 0.847245007753372 0.788803517818451 0.730528503656387 0.695450261235237 0.789558738470078 0.866274029016495 0.888514459133148 0.920771956443787 1.04126697778702 1.06772473454475 1.12400552630424 1.21059823036194 1.35604199767113 1.47611850500107 1.44511726498604 1.66040396690369
-9999 -9999 -9999 -9999 -9999 -9999 -9999 -9999 -9999 -9999 -9999 -9999 -9999 -9999 -9999 -9999 -9999 -9999 -9999 -9999 -9999 -9999 -9999 -9999 -9999 -9999 -9999 -9999 -9999 -9999 -9999 -9999 -9999 -9999 -9999 -9999 -9999 2.24190570041537 2.36909919977188 1.86863619089127 1.51844841241837 1.20530328154564 1.00163778662682 0.935685753822327 0.863862723112106 0.772196263074875 0.720077231526375 0.7070272564888 0.719798237085342 0.760500758886337 0.748379990458488 0.828437983989716 0.759126037359238 0.788711965084076 0.893128484487534 0.985873460769653 1.01442754268646 1.04208451509476 1.12497371435165 1.21113449335098 1.23047026991844 1.60599446296692
-9999 -9999 -9999 -9999 -9999 -9999 -9999 -9999 -9999 -9999 -9999 -9999 -9999 -9999 -9999 -9999 -9999 -9999 -9999 -9999 -9999 -9999 -9999 -9999 -9999 -9999 -9999 -9999 -9999 -9999 -9999 -9999 -9999 -9999 -9999 -9999 -9999 3.45277440547943 2.17967176437378 1.51073545217514 1.3177590072155 1.06022402644157 0.917685717344284 0.806208729743958 0.80258247256279 0.77377724647522 0.72239550948143 0.809624969959259 0.814343959093094 0.803365498781204 0.818388730287552 0.870821267366409 0.816788256168365 0.826257705688477 0.918237715959549 1.09021425247192 1.14117076992989 0.992608487606049 1.02724725008011 1.12240800261497 1.34371876716614 2.68013244867325
-9999 -9999 -9999 -9999 -9999 -9999 -9999 -9999 -9999 -9999 -9999 -9999 -9999 -9999 -9999 -9999 -9999 -9999 -9999 -9999 -9999 -9999 -9999 -9999 -9999 -9999 -9999 -9999 -9999 -9999 -9999 -9999 -9999 -9999 -9999 -9999 4.19250082969666 3.056480884552 2.50974369049072 1.29918077588081 1.11505204439163 0.997350007295609 0.965386480093002 0.897902995347977 0.947961777448654 0.94606876373291 0.859868288040161 0.793691217899323 0.837247520685196 0.906960725784302 0.994115978479385 1.01479876041412 0.908820033073425 0.841092735528946 0.901825457811356 1.00341975688934 0.999856531620026 1.02892497181892 1.2133657336235 1.48277699947357 1.94432401657104 3.19795882701874
-9999 -9999 -9999 -9999 -9999 -9999 -9999 -9999 -9999 -9999 -9999 -9999 -9999 -9999 -9999 -9999 -9999 -9999 -9999 -9999 -9999 -9999 -9999 -9999 -9999 -9999 -9999 -9999 -9999 -9999 -9999 1.55687455832958 0.666966952707456 -9999 2.10493344068527 2.26405540108681 1.86152780056 1.53692543506622 1.69813191890717 1.31061002612114 1.07118076086044 1.05891296267509 0.983226746320724 0.987248986959457 1.04982751607895 1.19724145531654 1.21622478961945 1.09846571087837 0.937515735626221 1.21718171238899 1.23101100325584 1.31701648235321 1.26140248775482 1.03548297286034 1.15487176179886 1.2666577398777 1.31346371769905 1.44434925913811 1.9008201956749 2.04467475414276 3.34376907348633 3.9852991104126
-9999 -9999 -9999 -9999 -9999 -9999 -9999 -9999 -9999 -9999 -9999 -9999 -9999 -9999 -9999 -9999 -9999 -9999 -9999 -9999 -9999 -9999 0.346259817481041 14.7650362253189 3.16002171380179 0.758457720279694 21.7180595397949 1.66994345188141 2.85071349143982 1.16040149331093 0.931281745433807 0.787955224514008 1.0886917412281 1.18212229013443 1.70383268594742 1.43505603075027 1.34933397173882 1.22032874822617 1.12038078904152 1.0788217484951 1.11900150775909 1.27451401948929 1.04570478200912 1.02118277549744 1.02964425086975 0.973947018384933 0.99820876121521 1.03825575113297 1.02394124865532 1.21877172589302 1.46674346923828 1.55187517404556 1.41094878315926 1.39976996183395 2.28930008411407 2.04795670509338 1.98458701372147 2.73686546087265 7.76177342314469 -9999 -9999 -9999
-9999 -9999 -9999 -9999 -9999 -9999 -9999 -9999 -9999 -9999 -9999 -9999 -9999 -9999 -9999 -9999 -9999 -9999 -9999 -9999 -9999 -9999 19.4735927581787 15.6958293914795 21.1134638786316 7.54825115203857 4.66629838943481 2.25763803720474 0.88238400220871 0.682853266596794 0.762672007083893 0.851751029491425 0.939438790082932 1.20661050081253 1.01685601472855 1.01608121395111 0.967999488115311 2.09453773498535 2.19273376464844 2.03865230083466 1.53894156217575 1.07012924551964 1.11185851693153 1.12199628353119 1.0998517870903 1.1280614733696 1.12110829353333 1.12175622582436 1.15154626965523 1.26091423630714 1.59302705526352 1.81300055980682 1.90105944871902 1.94664752483368 3.25615203380585 -9999 -9999 -9999 -9999 -9999 -9999 -9999
-9999 -9999 -9999 -9999 -9999 -9999 -9999 -9999 -9999 -9999 -9999 -9999 -9999 -9999 -9999 -9999 -9999 -9999 -9999 2.13564353830674 2.173026278615 2.53330957889557 3.17285084724426 2.23968154191971 1.31094977259636 0.751837491989136 0.714272260665894 0.755148768424988 0.693409502506256 0.679613247513771 0.681152254343033 0.749142006039619 0.909619510173798 0.929645240306854 0.991218030452728 1.19326347112656 1.1146619617939 1.14569252729416 1.44141072034836 1.25132927298546 1.11395099759102 0.958127975463867 1.09848296642303 1.24913397431374 1.24534723162651 1.27056446671486 1.32603299617767 1.27966725826263 1.32618677616119 1.49285173416138 1.85847079753876 -9999 -9999 -9999 -9999 -9999 -9999 -9999 -9999 -9999 -9999 -9999
-9999 -9999 -9999 -9999 -9999 -9999 -9999 -9999 -9999 -9999 -9999 -9999 -9999 -9999 -9999 -9999 -9999 1.16180250048637 1.01124903559685 1.34383276104927 0.968624979257584 1.79741925001144 1.42857527732849 1.03901472687721 0.903260260820389 0.713939264416695 0.724848747253418 0.84011846780777 0.798538506031036 0.741366729140282 0.855139464139938 1.42332977056503 1.57596749067307 1.4899620115757 1.50595504045486 1.54345571994781 0.995927274227142 0.866463035345078 0.972625494003296 0.946236044168472 0.988317757844925 1.10492849349976 1.37473797798157 1.40687021613121 1.50581395626068 1.48011749982834 1.27590671181679 1.35887923836708 1.52395498752594 3.25038957595825 1.80975049734116 -9999 -9999 -9999 -9999 -9999 -9999 -9999 -9999 -9999 -9999 -9999
-9999 -9999 -9999 -9999 -9999 -9999 -9999 -9999 -9999 -9999 -9999 -9999 -9999 -9999 3.29537898302078 0.331462495028973 0.678675010800362 1.00820401310921 0.902753233909607 0.794636249542236 0.685169979929924 0.787588477134705 0.749386489391327 0.734586730599403 0.701642230153084 0.681102007627487 0.670759499073029 0.738254249095917 0.735158264636993 0.80695429444313 0.816525042057037 0.752127707004547 0.86190077662468 0.927599251270294 0.90674552321434 0.882748514413834 0.815897226333618 0.784085243940353 0.751538962125778 0.695110514760017 1.01349753141403 1.44629403948784 1.52020579576492 1.30125904083252 1.16494345664978 1.22208970785141 1.19531178474426 1.31768926978111 1.39408349990845 5.2135763168335 17.5348148345947 36.0331106185913 -9999 -9999 -9999 -9999 -9999 -9999 -9999 -9999 -9999 -9999
-9999 -9999 -9999 -9999 -9999 -9999 -9999 -9999 -9999 -9999 -9999 8.55890664301421 2.21269351243973 1.11124724149704 1.0110359787941 0.619346246123314 0.564223498106003 0.648192018270493 0.604071021080017 0.648837760090828 0.617772728204727 0.631930500268936 0.641408264636993 0.607551008462906 0.622711479663849 0.590412005782127 0.576939761638641 0.649407014250755 0.669086247682571 0.619173020124435 0.805515021085739 0.771513015031815 0.837403535842896 0.794906973838806 0.771530270576477 0.776086539030075 0.734717264771461 0.836773484945297 0.817326754331589 0.758626520633698 0.782002508640289 0.883876472711563 1.21993428468704 1.48595702648163 1.25592148303986 1.28463220596313 1.29671475291252 1.38036748766899 1.37890049815178 1.41848775744438 1.9598042678833 -9999 -9999 -9999 -9999 -9999 4.89899742797364 50.7507476806641 39.8402395248413 16.3330464363098 12.0367999076843 -9999
-9999 -9999 -9999 -9999 -9999 -9999 -9999 -9999 -9999 19.5769543647766 0.799829686560282 0.968292742967606 0.732065990567207 0.607399508357048 0.580616265535355 0.565104737877846 0.534095227718353 0.5584417283535 0.565456509590149 0.54533851146698 0.565617755055428 0.563527509570122 0.564231768250465 0.584948256611824 0.587607756257057 0.575941488146782 0.588215991854668 0.623364016413689 0.620999246835709 0.635679021477699 0.664422020316124 0.68417327105999 0.738694489002228 0.740057989954948 0.804942727088928 0.751256972551346 0.737792998552322 0.786476969718933 0.768997460603714 0.710176482796669 0.634779006242752 1.00254821777344 1.69995296001434 2.01082420349121 1.57508397102356 1.48617070913315 1.52726626396179 1.5292244553566 1.55115830898285 1.50580948591232 1.62761396169662 1.60712993144989 1.61876624822617 1.91148492097855 3.68951833248138 8.0680103302002 11.0051465034485 17.0042252540588 12.3672122955322 10.4398248195648 11.7656378746033 -9999
-9999 -9999 -9999 -9999 -9999 0.764624208211899 0.904160231351852 0.998070001602173 1.36578226089478 2.30438321828842 0.938258975744247 0.578442022204399 0.541316270828247 0.540228009223938 0.530564233660698 0.525742515921593 0.473929479718208 0.483421504497528 0.467678233981133 0.469721227884293 0.477945730090141 0.498850509524345 0.541150510311127 0.567996740341187 0.584247753024101 0.617204234004021 0.604339510202408 0.600666001439095 0.605823755264282 0.587664753198624 0.58974601328373 0.601011738181114 0.616910263895988 0.831924766302109 0.818143486976624 0.776222974061966 0.827197462320328 0.801436543464661 0.653340741991997 0.58838626742363 0.524904727935791 0.695132240653038 1.20123901963234 1.79484969377518 1.92845320701599 1.85802894830704 1.54509294033051 1.63557082414627 1.65190494060516 2.0050710439682 2.15082532167435 1.90819501876831 1.92422407865524 2.89894491434097 3.11827504634857 4.65038931369781 2.98484408855438 3.87501990795135 4.94215500354767 6.46262454986572 5.22402441501617 4.42974293231964
-9999 -9999 -9999 -9999 -9999 0.64986826479435 0.65226374566555 0.585779249668121 0.543896242976189 0.499147519469261 0.475437015295029 0.49160398542881 0.514234498143196 0.521264255046844 0.530593514442444 0.52920900285244 0.492651745676994 0.464973002672195 0.481368765234947 0.494487002491951 0.48895275592804 0.506956502795219 0.5704665184021 0.625348493456841 0.668715745210648 0.659607008099556 0.645501002669334 0.627388492226601 0.658025979995728 0.655998766422272 0.625290736556053 0.662657260894775 0.715319260954857 0.759772539138794 0.869074523448944 0.873152285814285 0.846898466348648 0.839629501104355 0.537733510136604 0.53888475894928 0.524379014968872 0.491781771183014 1.03798878192902 1.21183651685715 1.5694597363472 1.88400971889496 2.1275594830513 2.10207366943359 2.35834568738937 2.32470291852951 3.03288674354553 3.07285737991333 3.06160640716553 2.7420802116394 2.54618167877197 2.34604203701019 2.59923452138901 2.79329252243042 3.21707689762115 3.77300763130188 3.74447321891785 3.75840139389038
-9999 -9999 -9999 -9999 -9999 0.50850373506546 0.495847508311272 0.484650000929832 0.464730754494667 0.468128979206085 0.474802494049072 0.513954743742943 0.518158480525017 0.534883484244347 0.531146988272667 0.520749762654305 0.473212480545044 0.449576988816261 0.452913746237755 0.494207248091698 0.50204399228096 0.537653267383575 0.617075979709625 0.64360423386097 0.67016775906086 0.660849004983902 0.639807745814323 0.658261477947235 0.658004254102707 0.689267233014107 0.697154268622398 0.796326756477356 0.869195222854614 0.851247042417526 0.864935964345932 1.04894024133682 0.939632266759872 0.677469000220299 0.481272742152214 0.498514518141747 0.555105730891228 0.696456000208855 0.842358738183975 1.42879271507263 1.56280267238617 1.78302526473999 2.07609754800797 2.32424926757812 2.59828948974609 3.23148357868195 1.71229201555252 1.47375753521919 2.07860541343689 2.45120930671692 2.40623992681503 2.85820126533508 2.89843118190765 3.0890918970108 3.21432316303253 3.4997820854187 2.99956655502319 2.6106224656105
-9999 -9999 -9999 -9999 -9999 0.516460508108139 0.482208743691444 0.47283898293972 0.475482746958733 0.492307484149933 0.517189487814903 0.550791755318642 0.559977740049362 0.584522992372513 0.567464232444763 0.510005995631218 0.463862255215645 0.451563745737076 0.4492057710886 0.461546257138252 0.474071234464645 0.491166740655899 0.5310959815979 0.641934022307396 0.679331257939339 0.657846763730049 0.638732984662056 0.641001015901566 0.644057258963585 0.654402002692223 0.714358493685722 0.793832212686539 0.857570976018906 0.946125715970993 0.957916527986526 0.726200267672539 0.649216488003731 0.541949272155762 0.454212740063667 0.439060494303703 0.468387767672539 0.562400981783867 0.655497014522552 1.16702547669411 1.21874096989632 1.16470947861671 1.14460203051567 1.05811947584152 0.939471781253815 0.880380034446716 0.683450996875763 0.712225511670113 0.760497003793716 0.81284174323082 1.13923725485802 2.41301625967026 2.32685852050781 2.60754829645157 2.76187133789062 3.24984383583069 2.27396392822266 2.2832168340683
-9999 -9999 -9999 -9999 -9999 0.491075232625008 0.475899741053581 0.507927015423775 0.555030003190041 0.569487735629082 0.575759992003441 0.577973261475563 0.537165015935898 0.538137763738632 0.557481005787849 0.507961481809616 0.473987996578217 0.463776022195816 0.443776488304138 0.454878732562065 0.447620987892151 0.436162501573563 0.449337020516396 0.495756760239601 0.597863987088203 0.598791763186455 0.595519512891769 0.616214990615845 0.648835480213165 0.676312521100044 0.692375242710114 0.714240744709969 0.82335376739502 0.845274031162262 0.720824271440506 0.626110509037971 0.528271481394768 0.469945505261421 0.396540015935898 0.395523011684418 0.412589997053146 0.427310228347778 0.463181242346764 0.523241266608238 0.744966745376587 0.82480126619339 1.04657399654388 0.98944428563118 0.618711769580841 0.6146310120821 0.612590253353119 0.603006765246391 0.787317037582397 1.16684326529503 1.2780464887619 1.43946602940559 1.98417681455612 2.43478721380234 2.92426425218582 2.93709969520569 2.0324040055275 1.97879558801651
