EcologicalScience/Bass/data/rs_data_bass/chl_322.asc
NCOLS 226 
NROWS 124 
XLLCORNER -9.41648524995501 
YLLCORNER 47.587301625531 
CELLSIZE 0.0833 
NODATA_value -9999 
[rows 0 to 26 of 124, columns 62 to 123 of 226]
-9999 -9999 -9999 -9999 -9999 -9999 -9999 -9999 -9999 -9999 -9999 -9999 -9999 -9999 -9999 -9999 -9999 -9999 -9999 -9999 -9999 -9999 -9999 -9999 -9999 -9999 -9999 -9999 -9999 -9999 -9999 -9999 -9999 -9999 -9999 -9999 -9999 -9999 -9999 -9999 -9999 -9999 -9999 -9999 -9999 -9999 -9999 -9999 -9999 -9999 -9999 -9999 -9999 -9999 -9999 -9999 -9999 -9999 -9999 -9999 -9999 -9999
-9999 -9999 -9999 -9999 -9999 -9999 -9999 -9999 -9999 -9999 -9999 -9999 -9999 -9999 -9999 -9999 -9999 -9999 -9999 -9999 -9999 -9999 -9999 -9999 -9999 -9999 -9999 -9999 -9999 -9999 -9999 -9999 -9999 -9999 -9999 -9999 -9999 -9999 -9999 -9999 -9999 -9999 -9999 -9999 -9999 -9999 -9999 -9999 -9999 -9999 -9999 -9999 -9999 -9999 -9999 -9999 -9999 -9999 -9999 -9999 -9999 -9999
-9999 -9999 -9999 -9999 -9999 -9999 -9999 -9999 -9999 -9999 -9999 -9999 -9999 -9999 -9999 -9999 -9999 -9999 -9999 -9999 -9999 -9999 -9999 -9999 -9999 -9999 -9999 -9999 -9999 -9999 -9999 -9999 -9999 -9999 -9999 -9999 -9999 -9999 -9999 -9999 -9999 -9999 -9999 -9999 -9999 -9999 -9999 -9999 -9999 -9999 -9999 -9999 -9999 -9999 -9999 -9999 -9999 -9999 -9999 -9999 -9999 -9999
-9999 -9999 -9999 -9999 -9999 -9999 -9999 -9999 -9999 -9999 -9999 -9999 -9999 -9999 -9999 -9999 -9999 -9999 -9999 -9999 -9999 -9999 -9999 -9999 -9999 -9999 -9999 -9999 -9999 -9999 -9999 -9999 -9999 -9999 -9999 -9999 -9999 -9999 -9999 -9999 -9999 -9999 -9999 -9999 -9999 -9999 -9999 -9999 -9999 -9999 -9999 -9999 -9999 -9999 -9999 -9999 -9999 -9999 -9999 -9999 -9999 -9999
-9999 -9999 -9999 -9999 -9999 -9999 -9999 -9999 -9999 -9999 -9999 -9999 -9999 -9999 -9999 -9999 -9999 -9999 -9999 -9999 -9999 -9999 -9999 -9999 -9999 -9999 -9999 -9999 -9999 -9999 -9999 -9999 -9999 -9999 -9999 -9999 -9999 -9999 -9999 -9999 -9999 -9999 -9999 -9999 -9999 -9999 -9999 -9999 -9999 -9999 -9999 -9999 -9999 -9999 -9999 -9999 -9999 -9999 -9999 -9999 -9999 -9999
-9999 -9999 -9999 -9999 -9999 -9999 -9999 -9999 -9999 -9999 -9999 -9999 -9999 -9999 -9999 -9999 -9999 -9999 -9999 -9999 -9999 -9999 -9999 -9999 -9999 -9999 -9999 -9999 0.63735419511795 1.18545788852838 1.64294473081827 1.17654700018466 1.61341980099678 1.5786874925389 1.35587053351543 1.26358420182677 1.11130222152261 1.04649914187544 1.120773480219 1.15157083421946 0.650602743029594 0.649719407161077 0.607276330391566 0.606738830606143 0.522650574644407 0.503682156403859 0.520732258756955 0.510948615915635 0.508651974446633 0.512219251955257 0.489320084452629 0.476806511481603 0.54142120831153 0.502402816625202 0.490274025236859 0.496786318281118 0.526049542076447 0.556051546159913 0.553041437092949 0.523103745544658 0.535853060729363 0.519602342563517
-9999 -9999 -9999 -9999 -9999 -9999 -9999 -9999 -9999 -9999 -9999 -9999 -9999 -9999 -9999 -9999 -9999 -9999 -9999 -9999 -9999 -9999 -9999 -9999 -9999 -9999 1.18186515569687 1.0627324283123 2.57757641002536 2.26424170285463 1.90701931715012 1.58377564139664 1.69387336447835 1.63156746941454 1.46500192670261 1.34868458264014 1.38406854429666 1.28472847622984 1.45152305592509 0.692531804243724 0.698164085547129 0.683200299739838 0.577015941633898 0.593046271625687 0.547925946467063 0.613712648550669 0.597401395440102 0.525289446115494 0.483131505110685 0.470522721900659 0.409989713745959 0.537851335371242 0.468188752730687 0.472599998116493 0.498359194573234 0.506091619239134 0.513658107203596 0.678875047125314 0.534305420868537 0.552993191515698 0.600670290343902 0.733615273938459
-9999 -9999 -9999 -9999 -9999 -9999 -9999 -9999 -9999 -9999 -9999 -9999 -9999 -9999 -9999 -9999 -9999 -9999 -9999 -9999 -9999 -9999 -9999 -9999 -9999 -9999 1.18186515569687 2.36283007860184 2.19411461353302 1.92469915151596 1.65785264372826 2.43455789089203 2.0184542119503 1.79402581646162 0.784102767705917 0.73502782980601 0.719800233840942 0.687060912450155 0.677025516827901 0.679687917232513 0.689546912908554 0.694912955949181 0.691324184338252 0.640417079130809 0.597401668628057 0.619238247474035 0.591225748260816 0.517794494827588 0.528032501538595 0.482266336679459 0.526076808571815 0.560959247105262 0.444289823373159 0.521895539234666 0.519636766875491 0.510994692059124 0.470585410793622 0.458872412641843 0.544772073626518 0.533987660618389 0.709299306336202 0.816430851817131
-9999 -9999 -9999 -9999 -9999 -9999 -9999 -9999 -9999 -9999 -9999 -9999 -9999 -9999 -9999 -9999 -9999 -9999 -9999 -9999 -9999 -9999 -9999 -9999 -9999 -9999 1.73423774753298 2.44147144556046 1.67793416976929 1.32706837356091 1.18574474751949 1.10581836104393 1.04767088592052 0.986564621329308 0.876179963350296 0.802211254835129 0.680893331766129 0.692687104145686 0.708815505107244 0.767854861915112 0.704925090074539 0.694586733977 0.708055723654596 0.717757682005564 0.702262406840044 0.618985826770465 0.614477157592773 0.601993416746457 0.575527101755142 0.500322669744492 0.452416658401489 0.575153368360856 0.594255482449251 0.60878242114011 0.476345757643382 0.467514415582021 0.456285824378332 0.620106797007953 0.619356769849272 0.661218192647485 0.675883651656263 0.677395144806189
-9999 -9999 -9999 -9999 -9999 -9999 -9999 -9999 -9999 -9999 -9999 -9999 -9999 -9999 -9999 -9999 -9999 -9999 -9999 -9999 -9999 -9999 -9999 -9999 -9999 1.19121462106705 2.15450325608253 2.03247973322868 1.55603174865246 1.47727757692337 1.30930311977863 1.11326998472214 1.00586248934269 0.856108501553535 0.837858751416206 0.8144441395998 0.814363896846771 0.801700472831726 0.789351001381874 0.776621639728546 0.770839154720306 0.732465371489525 0.716797515749931 0.773397237062454 0.705343931036837 0.639173826750587 0.640075235682375 0.658757392097922 0.672457145417438 0.663823940298137 0.669335645787856 0.682993680238724 0.698050860096427 0.670010692056488 0.728869969123288 0.727788337751439 0.609902827178731 0.590321686337976 0.625535998274298 0.724122168386684 0.708988982088426 0.674367832786897
-9999 -9999 -9999 -9999 -9999 -9999 -9999 -9999 -9999 -9999 -9999 -9999 -9999 -9999 -9999 -9999 -9999 -9999 -9999 -9999 -9999 -9999 -9999 -9999 -9999 1.75719698036418 1.89107422618305 1.87658416523653 1.76081585884094 1.49965985119343 1.33747842907906 1.1667750030756 1.02399824559689 0.881351977586746 0.894164264202118 0.876114740967751 0.865258902311325 0.82531575858593 0.79966127872467 0.807374998927116 0.795751512050629 0.769253611564636 0.742634609341621 0.720408372581005 0.683109395205975 0.715268830458323 0.729583844542503 0.695129198186538 0.699733762180104 0.68702492731459 0.645263024989296 0.643052074839087 0.64648649885374 0.640001774710767 0.736423728497405 0.762244790008193 0.685008184874759 0.605371484861654 0.635347545146942 0.622065482770695 0.73532817205962 0.792882426696665
-9999 -9999 -9999 -9999 -9999 -9999 -9999 -9999 -9999 -9999 -9999 -9999 -9999 -9999 -9999 -9999 -9999 -9999 -9999 -9999 -9999 -9999 -9999 -9999 1.31647038459778 2.22108820080757 1.92816066741943 1.50399935245514 1.33146335184574 1.32963341474533 1.21074186265469 1.02792750298977 0.938293486833572 0.957923591136932 0.949988275766373 0.892047375440598 0.863227128982544 0.836351618170738 0.822180390357971 0.819440647959709 0.804925873875618 0.813058868050575 0.774345383048058 0.752343378961086 0.741475112736225 0.726835504174232 0.759476745599195 0.811204900344213 0.749041602015495 0.697360336780548 0.665498574574788 0.622107561896829 0.617793765138177 0.582645438173238 0.632453168431918 0.55425477904432 0.601532391765538 0.596752411302398 0.592876837534063 0.564604895079837 0.611465863445226 0.604715455980862
-9999 -9999 -9999 -9999 -9999 -9999 -9999 -9999 -9999 -9999 -9999 -9999 -9999 -9999 -9999 -9999 -9999 -9999 -9999 -9999 -9999 -9999 -9999 1.50594073534012 1.91199669241905 1.87671563029289 1.61535152792931 1.357949629426 1.22274412214756 1.1556873768568 1.08044734597206 0.998935908079147 0.992493733763695 0.986820727586746 0.994550630450249 0.884789630770683 0.877299785614014 0.839492619037628 0.841153845191002 0.840991884469986 0.814750492572784 0.799947783350945 0.768790483474731 0.769676238298416 0.739413745701313 0.731755122542381 0.696754887700081 0.655135747264413 0.659928920514443 0.646399056210237 0.651176033651128 0.644599101999227 0.667521168203915 0.70785204364973 0.72471827619216 0.696662575006485 0.711574802503866 0.702319721965229 0.650941316695774 0.605346740168684 0.624926902792033 0.573282309314784
-9999 -9999 -9999 -9999 -9999 -9999 -9999 -9999 -9999 -9999 -9999 -9999 -9999 -9999 -9999 -9999 -9999 -9999 -9999 -9999 -9999 -9999 6.32074094047913 2.06090762838721 2.06718116998672 1.61567133665085 1.48176227509975 1.30081987380981 1.192727252841 1.12256290018559 1.08095325529575 1.0618222206831 1.00690050423145 0.990349531173706 0.958567500114441 0.860045984387398 0.882077604532242 0.876388102769852 0.869519636034966 0.866527497768402 0.843420401215553 0.82830972969532 1.26941491961479 0.749879635870457 0.739514239132404 0.72800025343895 0.710848890244961 0.656762234866619 0.627344258129597 0.639179338427151 0.641146225964322 0.638967570136575 0.659034966545947 0.656226854113972 0.692427240750369 0.746314132038285 0.651571725221241 0.644159969161539 0.641239285469055 0.377082366496325 0.654812635744319 0.644625329796006
-9999 -9999 -9999 -9999 -9999 -9999 -9999 -9999 -9999 -9999 -9999 -9999 -9999 -9999 -9999 -9999 -9999 -9999 -9999 -9999 2.64602583646774 2.18613616062358 1.84645039836566 1.95784112811089 1.95381528139114 1.53733836114407 1.37984065711498 1.34174363315105 1.26452739536762 1.17735636234283 1.09264799952507 1.06926034390926 1.04925410449505 1.03014595806599 0.945795357227325 0.891706109046936 0.913584396243095 0.878858998417854 0.860470086336136 0.818496778607368 0.808369874954224 0.807605981826782 0.809599488973618 0.794186219573021 0.764918267726898 0.740724004805088 0.707936257123947 0.6951554864645 0.682227373123169 0.665256008505821 0.668530493974686 0.589668160852264 0.549619635238367 0.583293473019319 0.634398822983106 0.638202259645743 0.643631923724623 0.659428930457901 0.67881041765213 0.685414289726931 0.716800634475315 0.378624379634857
-9999 -9999 -9999 -9999 -9999 -9999 -9999 -9999 -9999 -9999 -9999 -9999 -9999 -9999 -9999 -9999 -9999 -9999 -9999 -9999 2.2701611664237 2.05646547675133 1.88197411298752 1.73159297704697 1.89048992646368 1.76078134775162 1.37460114061832 1.26169127225876 1.2221891283989 1.15790136158466 1.07688224315643 1.07561887800694 1.07521426677704 1.04757258296013 1.0043276399374 0.945034101605415 0.911921605467796 0.900799870491028 0.867357015609741 0.836662486195564 0.796834900975227 0.787655264139175 0.776157014071941 0.747320249676704 0.746985755860806 0.749833501875401 0.745570868253708 0.732788264751434 0.711054012179375 0.704008139669895 0.682051509618759 0.689700745046139 0.674377128481865 0.653467118740082 0.465239998172311 0.59209887332776 0.638477070366635 0.640103504061699 0.667326763272285 0.658677990822231 0.663178287884768 0.569937005639076
-9999 -9999 -9999 -9999 -9999 -9999 -9999 -9999 -9999 -9999 -9999 -9999 -9999 -9999 -9999 -9999 -9999 -9999 -9999 2.50318318605423 2.39087212085724 1.85162249803543 1.70617203712463 1.5437665104866 1.76226004958153 1.73335951566696 1.51412473618984 1.26096828281879 1.16858549416065 1.08066299557686 1.06360428035259 1.04970936477184 1.04916071891785 1.03257340192795 1.011285379529 1.01745450496674 0.930340871214867 0.943719014525414 0.924782976508141 0.863913774490356 0.83024887740612 0.799302354454994 0.807444378733635 0.806774988770485 0.781494744122028 0.749087244272232 0.756323978304863 0.730132140219212 0.717004135251045 0.712243504822254 0.68969888985157 0.674458131194115 0.664470367133617 0.655308365821838 0.659634366631508 0.580433804322692 0.555707776371171 0.598021151388393 0.626530272119185 0.594343111795538 0.555836148998317 0.536007966188824
-9999 -9999 -9999 -9999 -9999 -9999 -9999 -9999 -9999 -9999 -9999 -9999 -9999 -9999 -9999 -9999 -9999 -9999 4.11725217103958 3.07470667362213 2.41397219896317 2.09636923670769 1.89453712105751 1.70624546706676 1.64979109168053 1.58037936687469 1.52177882194519 1.22762440145016 1.09207351505756 1.06018052995205 1.06614638864994 1.08426524698734 1.03594574332237 1.02126337587833 1.040044516325 1.02036336064339 0.97102202475071 0.974324628710747 0.945052117109299 0.853286236524582 0.815203115344048 0.778463646769524 0.780502505600452 0.775516502559185 0.781996853649616 0.757860749959946 0.724124617874622 0.740024998784065 0.733582131564617 0.722904771566391 0.690439112484455 0.675300747156143 0.641773514449596 0.621786005795002 0.612918756902218 0.59757374972105 0.652135465074988 0.60483582405483 0.560986844932332 0.557186209980179 0.505305739886621 0.446460362523794
-9999 -9999 -9999 -9999 -9999 -9999 -9999 -9999 -9999 -9999 -9999 -9999 -9999 -9999 -9999 -9999 -9999 29.3736901751832 7.31607377529144 3.62045654654503 2.39773724079132 2.07391848564148 1.80604187250137 1.41123000383377 1.50932139158249 1.47554402053356 1.4464575201273 1.35461921989918 1.09114913642406 1.04125915467739 1.06723089516163 1.0736163854599 1.01250712573528 1.01309399306774 1.02611696720123 1.03589589893818 0.98352487385273 0.631796785763332 0.607426477330072 0.596371803964887 0.574920543602535 0.78354974091053 0.792612388730049 0.786358125507832 0.771951735019684 0.785048626363277 0.781484238803387 0.770393237471581 0.740038476884365 0.71586824208498 0.679974742233753 0.612661488354206 0.58330799639225 0.586414508521557 0.590618245303631 0.59425313025713 0.527332864701748 0.485836509615183 0.481729499995708 0.545904880937408 0.537684570340549 0.519081391832408
-9999 -9999 -9999 -9999 -9999 -9999 -9999 -9999 -9999 -9999 -9999 -9999 -9999 -9999 -9999 -9999 -9999 -9999 -9999 3.22418224811554 2.23342719078064 1.9689982175827 1.63250876665115 1.38326855897903 1.55659353733063 1.53135189414024 2.05532518029213 1.64693212509155 1.18277361989021 1.12793138623238 1.12384235858917 1.10817973315716 0.683857262134552 1.01814298331738 0.974051222205162 0.952857747673988 0.950892359018326 0.868876129388809 0.816539615392685 0.794775769114494 0.777725234627724 0.78311812877655 0.765500262379646 0.797640770673752 0.7732874751091 0.792892143130302 0.76400101929903 0.750684008002281 0.734587110579014 0.737300634384155 0.702075719833374 0.636869251728058 0.59019336104393 0.596420623362064 0.593648627400398 0.591893255710602 0.548530116677284 0.504061885178089 0.468602623790503 0.460803765803576 0.473473884165287 0.489621743559837
-9999 -9999 -9999 -9999 -9999 -9999 -9999 -9999 -9999 -9999 -9999 -9999 -9999 -9999 -9999 4.01137820762746 3.17579753832384 2.72559115290642 3.81365191936493 2.38650306463242 1.96124802827835 1.93815071582794 1.99189165234566 1.92138867080212 1.74607269465923 1.662561935537 1.64405592399485 1.48443715274334 1.48201315104961 1.34529483318329 1.28899611532688 1.19948177039623 1.17956171929836 1.09370738267899 1.00970511138439 0.948318734765053 0.923229396343231 0.893789604306221 0.81232613325119 0.784146755933762 0.785556748509407 0.783215269446373 0.777358509600163 0.778661258518696 0.781775996088982 0.787308767437935 0.80298113822937 0.70345913618803 0.680638119578362 0.650336623191833 0.625315882265568 0.594414733350277 0.610018886625767 0.609407991170883 0.604450866580009 0.555727511644363 0.539896488189697 0.517419375479221 0.507231384515762 0.4927878677845 0.481438882648945 0.526541255414486
-9999 -9999 -9999 -9999 -9999 -9999 -9999 -9999 -9999 -9999 35.2986888885498 35.2986888885498 13.7248649597168 3.55277707360008 2.86106970435695 3.24839177727699 3.30513748526573 5.13357595205307 3.3148090839386 3.35651099681854 2.98954233527184 2.48139935731888 2.23186084628105 2.00306814908981 1.85951884704478 1.81675798259676 1.50531381368637 1.43804964981973 1.44834134859197 1.38892833888531 1.41185434162617 1.40511453151703 1.17506848275661 1.0844167470932 1.03903162479401 0.995393604040146 0.947602897882462 0.879930764436722 0.808809354901314 0.77938386797905 0.795749232172966 0.795149981975555 0.774990007281303 0.750595852732658 0.744157880544662 0.737051233649254 0.745127253234386 0.695946000516415 0.664885886013508 0.673401743173599 0.653808385133743 0.643872745335102 0.628061257302761 0.602188870310783 0.598591133952141 0.570249751210213 0.533003635704517 0.523907236754894 0.535298623144627 0.533698126673698 0.55418137460947 0.513706125319004
-9999 -9999 -9999 -9999 -9999 -9999 -9999 -9999 -9999 -9999 35.2986888885498 7.4003199447285 6.79280483722687 4.81252187490463 4.73800241947174 3.07315705103033 4.19714023085201 6.90325412750244 4.3222926858038 5.13494483062199 3.63014405965805 3.0783993601799 1.83163768053055 1.65351145267487 1.63528097867966 1.69436886906624 1.43137390613556 2.18396311998367 2.38454961776733 1.76317112235462 1.54533299803734 1.30874924361706 1.06198874115944 0.988467022776604 1.03570125997066 1.00603799521923 0.977188870310783 0.9394690990448 0.664564835173743 0.645153445856912 0.632943417344775 0.657991928713662 0.598363810351917 0.559126279183797 0.71942587941885 0.720201373100281 0.712026759982109 0.730840131640434 0.724811241030693 0.714513011276722 0.651293613016605 0.643447861075401 0.623146869242191 0.590045258402824 0.587206117808819 0.591927364468575 0.577936895191669 0.579172879457474 0.58330050855875 0.567443244159222 0.554691731929779 0.547288119792938
-9999 -9999 -9999 -9999 -9999 -9999 -9999 -9999 -9999 -9999 -9999 -9999 4.45977238541121 4.8432410847057 5.75739455223083 7.46175166834956 -9999 -9999 -9999 -9999 -9999 -9999 3.15678977966309 3.31504020094872 2.3866690993309 2.05225986242294 2.10553684830666 1.56257924437523 1.73774626851082 1.88908691704273 1.63422037661076 1.45993687212467 1.12404598295689 1.08082312345505 1.14464172720909 1.07170616090298 0.723804014069693 0.693117307765143 0.684681632689067 0.667396813631058 0.657211584704263 0.636066326073238 0.595088794827461 0.583848110267094 0.584342696837017 0.595796572310584 0.702773630619049 0.713859759271145 0.668383128941059 0.627700500190258 0.604279115796089 0.543081365525723 0.547188386321068 0.559666492044926 0.584488123655319 0.58559587597847 0.614021636545658 0.630280494689941 0.622696124017239 0.596601381897926 0.619608744978905 0.611228987574577
-9999 -9999 -9999 -9999 -9999 -9999 -9999 -9999 -9999 -9999 -9999 -9999 -9999 16.6274771690369 16.6274771690369 16.6274771690369 -9999 -9999 -9999 -9999 -9999 -9999 4.94490551948547 4.94490551948547 4.94490551948547 0.308659605681896 3.03483814895153 2.58551430702209 2.19776849448681 1.76149691641331 1.51299785077572 1.11460531609399 1.16156068018505 1.10479339957237 1.42638900876045 0.830232637269156 0.736263947827475 0.708742593015943 0.67341537134988 0.667154022625514 0.680918557303292 0.681126862764359 0.669329134481294 0.653630778193474 0.621926588671548 0.586968636938504 0.601176534380232 0.617054911596434 0.581015889133726 0.553106789078031 0.786369010806084 0.725414246320724 0.593195624649525 0.581217750906944 0.591864377260208 0.621027007699013 0.692999258637428 0.701108247041702 0.670207120478153 0.659146897494793 0.65871562063694 0.679989382624626
-9999 -9999 -9999 -9999 -9999 -9999 -9999 -9999 -9999 -9999 -9999 -9999 -9999 -9999 -9999 -9999 -9999 -9999 -9999 -9999 -9999 -9999 -9999 -9999 -9999 -9999 27.00802706182 2.95426619052887 2.96855744719505 2.24990925192833 1.79995684325695 1.33700523631913 1.2164899451392 0.990841282265527 0.902546882629395 0.908045870917184 1.35073386132717 0.691734437431608 0.714311472007207 1.24521638453007 0.693199083209038 0.693422773054668 0.702165318386895 0.683272706610816 0.67639627626964 0.660376399755478 0.636903762817383 0.602188704269273 0.575614188398634 0.546716572982924 1.19820036739111 1.00945276021957 0.77699176222086 0.69030936062336 0.653499014675617 0.713348977267742 0.713110506534576 0.699087001383305 0.681976899504662 0.71262451261282 0.70261088758707 0.758554123342037
-9999 -9999 -9999 -9999 -9999 -9999 -9999 -9999 -9999 -9999 -9999 -9999 -9999 -9999 -9999 -9999 -9999 -9999 -9999 -9999 -9999 -9999 -9999 -9999 -9999 -9999 -9999 3.15117755532265 2.58239962239014 2.9179148375988 2.52097311615944 2.17711088061333 1.44804005537714 1.19181608728 1.22966582434518 1.15982305577823 1.00570520332881 0.98857467515128 0.829742022923061 0.666894448654992 0.645269355603627 0.6391757024186 0.676660390836852 0.690794157130378 0.700257322617939 0.672244286962918 1.60546727478504 2.00373000651598 0.617929171238627 0.5948393621615 1.40679600834846 0.81343200802803 0.773821145296097 0.72912336140871 0.718695379793644 0.723644636571407 0.705196514725685 0.723189756274223 0.768047980964184 0.872736766934395 0.765846759080887 0.720310136675835
