EcologicalScience/Bass/data/rs_data_bass/chl_390.asc
NCOLS 226 
NROWS 124 
XLLCORNER -9.41648524995501 
YLLCORNER 47.587301625531 
CELLSIZE 0.0833 
NODATA_value -9999 
[rows 54 to 80 of 124, columns 0 to 60 of 226]
-9999 -9999 -9999 -9999 -9999 -9999 -9999 -9999 -9999 -9999 -9999 -9999 -9999 -9999 -9999 -9999 -9999 -9999 -9999 -9999 -9999 -9999 -9999 -9999 -9999 -9999 -9999 -9999 -9999 -9999 -9999 -9999 -9999 -9999 -9999 -9999 -9999 -9999 5.39190076261877 11.7114022907458 11.3069179058075 15.37846326828 10.3622803688049 1.23506328463554 0.757856279611588 0.660984769463539 0.5377027541399 0.510556519031525 0.583199992775917 0.657137230038643 0.717713981866837 0.780030727386475 0.872338503599167 1.12341374158859 1.41805574297905 1.93233597278595 2.91889125108719 2.67624378204346 -9999 0.607058599591255 0.62790758907795
-9999 -9999 -9999 -9999 -9999 -9999 -9999 -9999 -9999 -9999 -9999 -9999 -9999 -9999 -9999 -9999 -9999 -9999 -9999 -9999 -9999 -9999 -9999 -9999 -9999 -9999 -9999 -9999 -9999 -9999 -9999 -9999 -9999 -9999 -9999 -9999 -9999 -9999 -9999 3.75072553753853 11.8384473323822 31.2929878234863 12.5792369842529 2.22249895334244 0.821885973215103 0.704461500048637 0.634382262825966 0.518453255295753 0.581117257475853 0.615880519151688 0.732418522238731 0.832359731197357 0.950069278478622 1.14103353023529 2.02024358510971 3.0361692905426 2.37016278505325 2.90979669479965 -9999 -9999 -9999
-9999 -9999 -9999 -9999 -9999 -9999 -9999 -9999 -9999 -9999 -9999 -9999 -9999 -9999 -9999 -9999 -9999 -9999 -9999 -9999 -9999 -9999 -9999 -9999 -9999 -9999 -9999 -9999 -9999 -9999 -9999 -9999 -9999 -9999 -9999 -9999 -9999 -9999 -9999 -9999 2.51039403676987 2.61631581187248 2.34288480877876 1.44233921170235 1.07089349627495 0.724221020936966 0.762525737285614 0.594387754797935 0.679876506328583 0.638604730367661 0.639852002263069 0.731034770607948 0.848340779542923 1.00811773538589 1.24526926875114 2.75027704238892 1.73729020357132 1.39132569730282 2.89571269470103 -9999 -9999
-9999 -9999 -9999 -9999 -9999 -9999 -9999 -9999 -9999 -9999 -9999 -9999 -9999 -9999 -9999 -9999 -9999 -9999 -9999 -9999 -9999 -9999 -9999 -9999 -9999 -9999 -9999 -9999 -9999 -9999 -9999 -9999 -9999 -9999 -9999 -9999 -9999 -9999 -9999 -9999 2.43055199384689 2.70801675319672 2.15616619586945 2.31464767456055 2.40876573324203 1.29285487532616 0.728175759315491 0.666008234024048 0.747369736433029 0.734400004148483 0.64165198802948 0.836829006671906 0.801176995038986 0.848457008600235 0.935602515935898 1.07528096437454 1.03097775578499 1.39048129320145 1.82386583089828 2.60237741470337 2.05196998516719
-9999 -9999 -9999 -9999 -9999 -9999 -9999 -9999 -9999 -9999 -9999 -9999 -9999 -9999 -9999 -9999 -9999 -9999 -9999 -9999 -9999 -9999 -9999 -9999 -9999 -9999 -9999 -9999 -9999 -9999 -9999 -9999 -9999 -9999 -9999 -9999 -9999 -9999 -9999 -9999 -9999 2.84050822257996 2.54444944858551 2.44094699621201 2.22850504517555 1.88376975059509 1.66905319690704 0.946260720491409 0.959354281425476 0.823188006877899 0.705779269337654 0.683877021074295 0.834594011306763 0.892054527997971 0.923285990953445 1.00730547308922 1.17708376049995 1.22303402423859 1.04884350299835 2.41957233846188 1.6698282957077
-9999 -9999 -9999 -9999 -9999 -9999 -9999 -9999 -9999 -9999 -9999 -9999 -9999 -9999 -9999 -9999 -9999 -9999 -9999 -9999 -9999 -9999 -9999 -9999 -9999 -9999 -9999 -9999 -9999 -9999 -9999 -9999 -9999 -9999 -9999 -9999 -9999 -9999 -9999 -9999 -9999 3.48199278116226 3.10773694515228 1.56701856851578 1.12684428691864 1.03594645857811 0.999245256185532 0.885599970817566 0.912753760814667 0.748690500855446 0.7904452085495 0.777631491422653 0.811391294002533 0.861345738172531 0.957830965518951 1.05636450648308 1.07069697976112 1.52708847820759 4.15888303518295 0.956460284915837 -9999
-9999 -9999 -9999 -9999 -9999 -9999 -9999 -9999 -9999 -9999 -9999 -9999 -9999 -9999 -9999 -9999 -9999 -9999 -9999 -9999 -9999 -9999 -9999 -9999 -9999 -9999 -9999 -9999 -9999 -9999 -9999 -9999 -9999 -9999 -9999 -9999 -9999 -9999 -9999 -9999 2.84696863889694 2.88192772865295 2.76089751720428 1.24268326163292 1.04408848285675 0.89733749628067 0.897482961416245 0.876154482364655 0.776100039482117 0.786982476711273 0.827492237091064 0.727880984544754 0.741508483886719 0.781020730733871 0.965900212526321 1.23406952619553 1.49609810113907 -9999 -9999 2.11169219868524 3.51965761184692
-9999 -9999 -9999 -9999 -9999 -9999 -9999 -9999 -9999 -9999 -9999 -9999 -9999 -9999 -9999 -9999 -9999 -9999 -9999 -9999 -9999 -9999 -9999 -9999 -9999 -9999 -9999 -9999 -9999 -9999 -9999 -9999 -9999 -9999 -9999 -9999 -9999 -9999 -9999 2.79031705856323 2.65423274040222 2.21464574337006 1.49849179387093 1.17210146784782 0.862239003181458 0.800134509801865 0.860029488801956 0.802879482507706 0.690329253673553 0.735166490077972 0.760564506053925 0.764625012874603 0.865211248397827 1.0093492269516 0.988128036260605 1.75201168656349 2.86553996801376 2.64772045612335 2.02165281772614 2.18839573860168 3.24345982074738
-9999 -9999 -9999 -9999 -9999 -9999 -9999 -9999 -9999 -9999 -9999 -9999 -9999 -9999 -9999 -9999 -9999 -9999 -9999 -9999 -9999 -9999 -9999 -9999 -9999 -9999 -9999 -9999 -9999 -9999 -9999 -9999 -9999 -9999 -9999 -9999 -9999 -9999 -9999 3.24365818500519 1.71249979734421 1.35492146015167 0.81315752863884 0.743814736604691 0.688805267214775 0.730787247419357 0.784549534320831 0.690435737371445 0.587462246417999 0.537098988890648 0.56258998811245 0.989668518304825 0.985126465559006 1.08073496818542 1.41381374001503 1.24630799889565 1.37662500143051 1.54110592603683 1.63790398836136 1.88339245319366 2.06034529209137
-9999 -9999 -9999 -9999 -9999 -9999 -9999 -9999 -9999 -9999 -9999 -9999 -9999 -9999 -9999 -9999 -9999 -9999 -9999 -9999 -9999 -9999 -9999 -9999 -9999 -9999 -9999 -9999 -9999 -9999 -9999 -9999 -9999 -9999 -9999 -9999 -9999 -9999 3.14724889397621 2.31324756145477 1.62011021375656 0.879140228033066 0.699189752340317 0.656801238656044 0.631438493728638 0.660548239946365 0.670403257012367 0.827594250440598 0.686621233820915 0.420867741107941 0.517916992306709 0.679314002394676 0.799810498952866 1.0218660235405 1.04465702176094 0.93710321187973 0.932099997997284 1.10651922225952 1.3707090318203 1.30898773670197 1.44818135350943
-9999 -9999 -9999 -9999 -9999 -9999 -9999 -9999 -9999 -9999 -9999 -9999 -9999 -9999 -9999 -9999 -9999 -9999 -9999 -9999 -9999 -9999 -9999 -9999 -9999 -9999 -9999 -9999 -9999 -9999 -9999 -9999 -9999 -9999 -9999 -9999 -9999 -9999 3.09420669078827 2.11233758926392 1.60679322481155 0.920570969581604 0.678506255149841 0.6339952647686 0.610458746552467 0.628036513924599 0.504207730293274 0.669714748859406 0.692729741334915 0.7218177318573 0.669402301311493 0.942894011735916 1.25010600686073 1.18122678995132 1.05809703469276 0.464062482118607 0.74924173951149 1.11717939376831 1.26195448637009 1.19745562970638 0.709213480353355
-9999 -9999 -9999 -9999 -9999 -9999 -9999 -9999 -9999 -9999 -9999 -9999 -9999 -9999 -9999 -9999 -9999 -9999 -9999 -9999 -9999 -9999 -9999 -9999 -9999 -9999 -9999 -9999 -9999 -9999 -9999 -9999 -9999 -9999 -9999 -9999 -9999 2.50431500398196 2.26725375652313 2.19343274831772 1.63411277532578 0.997408479452133 1.00316888093948 0.955225870013237 0.555560231208801 0.524411246180534 0.501333743333817 0.464331731200218 0.883243262767792 0.593590512871742 0.604942515492439 0.671211764216423 0.744117021560669 0.793815761804581 0.726672738790512 0.54747748374939 0.514802992343903 0.617770493030548 0.608892738819122 0.70609425008297 1.10720399022102
-9999 -9999 -9999 -9999 -9999 -9999 -9999 -9999 -9999 -9999 -9999 -9999 -9999 -9999 -9999 -9999 -9999 -9999 -9999 -9999 -9999 -9999 -9999 -9999 -9999 -9999 -9999 -9999 -9999 -9999 -9999 -9999 -9999 -9999 -9999 -9999 -9999 4.64090776443481 3.56012320518494 1.58281803131104 1.5335873067379 1.73735851049423 1.28036288917065 1.19483277201653 1.11601373553276 0.53581877052784 0.995887130498886 0.711425751447678 0.783610999584198 0.58109325170517 0.721007242798805 0.761825233697891 0.796030461788177 1.31519249081612 1.04207924008369 0.953210234642029 0.519529491662979 0.530455514788628 0.570105761289597 0.551004007458687 1.46451155841351
-9999 -9999 -9999 -9999 -9999 -9999 -9999 -9999 -9999 -9999 -9999 -9999 -9999 -9999 -9999 -9999 -9999 -9999 -9999 -9999 -9999 -9999 -9999 -9999 -9999 -9999 -9999 -9999 -9999 -9999 -9999 -9999 -9999 -9999 -9999 -9999 3.79556035995483 3.64824151992798 3.18476808071136 2.10282772779465 2.08204793930054 1.5756409317255 1.2660791426897 1.18433587253094 0.55025777220726 1.00770109891891 0.96450412273407 0.974394723773003 0.634144484996796 0.652568265795708 0.577987521886826 1.00734901428223 1.4757404923439 1.08415648341179 1.00596302747726 0.837168753147125 0.735455229878426 0.6042690128088 0.725090995430946 0.824529021978378 0.851674497127533
-9999 -9999 -9999 -9999 -9999 -9999 -9999 -9999 -9999 -9999 -9999 -9999 -9999 -9999 -9999 -9999 -9999 -9999 -9999 -9999 -9999 -9999 -9999 -9999 -9999 -9999 -9999 -9999 -9999 -9999 -9999 2.50423768863958 2.54387743132455 -9999 2.10493344068527 2.3071112659009 2.12517517805099 1.2968812584877 1.2173832654953 1.33132494986057 0.432209238409996 0.477099761366844 0.487329751253128 0.431305512785912 0.532304272055626 0.746115759015083 0.736176744103432 0.716440513730049 0.732092991471291 0.69353623688221 0.755600988864899 0.983855277299881 1.17306670546532 1.09880322217941 1.28364148736 1.48336279392242 1.15299904346466 1.06055027246475 0.992605537176132 1.10331523418427 1.18783271312714
-9999 -9999 -9999 -9999 -9999 -9999 -9999 -9999 -9999 -9999 -9999 -9999 -9999 -9999 -9999 -9999 -9999 -9999 -9999 -9999 -9999 -9999 0.346259817481041 2.93502035737038 2.78607004880905 3.84231340885162 6.1515035033226 13.3499093055725 2.32335294038057 6.57793521881104 4.25307440757751 5.21664905548096 2.53359299898148 0.86251425743103 0.962071269750595 0.525448501110077 0.939621716737747 0.703588485717773 0.421915501356125 0.293915256857872 0.347709752619267 0.452105239033699 0.477290242910385 0.590615227818489 0.587901771068573 0.747240006923676 0.831021040678024 0.852596282958984 0.863770544528961 0.89603778719902 1.08549901843071 1.22791349887848 1.22767120599747 1.78692823648453 1.60276651382446 2.18488866090775 1.99837571382523 3.90900449752808 2.45592058581464 -9999 -9999
-9999 -9999 -9999 -9999 -9999 -9999 -9999 -9999 -9999 -9999 -9999 -9999 -9999 -9999 -9999 -9999 -9999 -9999 -9999 -9999 -9999 -9999 0.872660413384438 0.746770106256008 1.14423447847366 1.12737599015236 3.17389118671417 3.89177763462067 3.36944460868835 3.20917654037476 1.99706697463989 1.50616353750229 0.990378767251968 0.424009501934052 0.561644241213799 0.477424487471581 0.471869230270386 0.462103486061096 0.398507237434387 0.407774269580841 0.368184752762318 0.395503520965576 0.41304449737072 0.450336769223213 0.596155509352684 0.800940781831741 1.037223726511 1.2995317876339 1.5829746723175 1.55339705944061 1.32197624444962 1.56794017553329 2.02494746446609 2.12075918912888 7.69745881216867 -9999 -9999 -9999 -9999 -9999 -9999
-9999 -9999 -9999 -9999 -9999 -9999 -9999 -9999 -9999 -9999 -9999 -9999 -9999 -9999 -9999 -9999 -9999 -9999 -9999 2.71860414743423 15.303985118866 1.26064503192902 0.831131234765053 0.765037514269352 2.09175145626068 1.5592845082283 1.44383329153061 0.891238510608673 0.479382008314133 0.875179499387741 0.896397739648819 0.985425710678101 1.01741847395897 0.751511961221695 0.587756261229515 0.566983491182327 0.603723764419556 0.559979259967804 0.501671254634857 0.513398990035057 0.412691250443459 0.450635254383087 0.47578726708889 0.451055243611336 0.542750269174576 0.668409749865532 2.00664675235748 1.92842692136765 2.02548980712891 2.04602319002151 2.33682632446289 -9999 -9999 -9999 -9999 -9999 -9999 -9999 -9999 -9999 -9999
-9999 -9999 -9999 -9999 -9999 -9999 -9999 -9999 -9999 -9999 -9999 -9999 -9999 -9999 -9999 -9999 -9999 6.87490439414978 4.11632251739502 2.13884174823761 2.62016326189041 3.77369785308838 3.03596234321594 2.50048130750656 2.14164966344833 1.08488246798515 0.972640514373779 1.00044599175453 0.95827728509903 0.97409775853157 0.843612760305405 0.896449506282806 1.10139378905296 0.790497779846191 0.423855006694794 0.519200250506401 0.619839727878571 0.601153492927551 0.615068256855011 0.473059505224228 0.484611734747887 0.523725762963295 0.598710000514984 0.590892747044563 0.877231478691101 1.24744123220444 1.80276292562485 2.22023105621338 2.67930386066437 1.89959224462509 2.02404474020004 -9999 -9999 -9999 -9999 -9999 -9999 -9999 -9999 -9999 -9999
-9999 -9999 -9999 -9999 -9999 -9999 -9999 -9999 -9999 -9999 -9999 -9999 -9999 -9999 5.55830991268158 10.0838620662689 15.2772016525269 7.64262771606445 4.24201190471649 2.77209216356277 2.33965873718262 2.02852946519852 1.51269900798798 1.22671946883202 1.37334072589874 1.04069396853447 1.07395121455193 1.01624098420143 0.758451730012894 0.617479518055916 0.601637989282608 0.706095010042191 0.755850791931152 0.622655242681503 0.45643275976181 0.61666502058506 0.688300520181656 0.660193517804146 0.683462262153625 0.530334770679474 0.514629766345024 0.599427759647369 0.651897758245468 0.721062764525414 1.16273698210716 1.42355623841286 1.72815674543381 1.8660255074501 2.08150345087051 1.99156576395035 1.87173874676228 2.53317407766978 -9999 -9999 -9999 -9999 -9999 -9999 -9999 -9999 -9999
-9999 -9999 -9999 -9999 -9999 -9999 -9999 -9999 -9999 -9999 -9999 3.5302858037608 1.5297480225563 1.07772302627563 3.7919647693634 1.55795323848724 1.66708052158356 1.96404075622559 2.3405025601387 1.16198328137398 0.892541259527206 0.808121234178543 0.803931713104248 0.673494011163712 0.71772301197052 0.646595254540443 0.585186749696732 0.555760502815247 0.610003486275673 0.609167978167534 0.606836244463921 0.578634738922119 0.560362502932549 0.578480243682861 0.529184997081757 0.544359728693962 0.821597278118134 0.828011244535446 0.834308981895447 0.782837212085724 0.67102575302124 0.780567705631256 0.787950754165649 0.751830786466599 1.27391472458839 1.36677753925323 1.56562346220016 1.78495806455612 2.06419801712036 2.06081939935684 1.44900642226382 -9999 -9999 -9999 -9999 -9999 8.31274661297022 9.94612512588501 9.08546290397644 12.2195777893066 4.54127547740936
-9999 -9999 -9999 -9999 -9999 -9999 -9999 -9999 -9999 10.4181779225667 5.1105211575826 1.09777575731277 0.806625723838806 0.888720721006393 1.31233727931976 1.30658403038979 1.3011479973793 1.18141275644302 0.998936265707016 0.710768267512321 0.522981002926826 0.575080499053001 0.574419021606445 0.589597508311272 0.609753012657166 0.55868773162365 0.523598983883858 0.572075977921486 0.592919245362282 0.576118513941765 0.538599014282227 0.520007237792015 0.620096996426582 0.589121997356415 0.485574021935463 0.551911488175392 0.861761212348938 1.05195897817612 0.952932715415955 0.693499490618706 0.770933210849762 0.744739517569542 0.588777020573616 0.702310502529144 0.903762012720108 1.12568020820618 1.49507546424866 1.7085172533989 1.67680495977402 2.41805183887482 2.45761424303055 2.3486419916153 1.95359525084496 2.61620020866394 7.57087091604869 5.99058222770691 4.43353736400604 5.26200234889984 5.13466215133667 6.67302489280701 9.14330220222473
-9999 -9999 -9999 -9999 -9999 1.4269837141037 1.10781364142895 1.17937052249908 1.08396524190903 1.05790579319 1.12364172935486 0.990115463733673 0.740726262331009 0.578743502497673 0.565665006637573 0.5000009983778 0.514803752303123 0.486698985099792 0.469740003347397 0.55087798833847 0.608471989631653 0.574245750904083 0.51264376938343 0.544472247362137 0.520907253026962 0.626106753945351 0.670799240469933 0.668714985251427 0.627311244606972 0.532585501670837 0.548709735274315 0.532793238759041 0.552076488733292 0.527957260608673 0.511896729469299 0.541695758700371 0.76867201924324 0.863765984773636 0.724735513329506 0.755588293075562 0.797187745571136 0.706242755055428 0.742855489253998 0.659542500972748 0.705015018582344 0.803235769271851 0.929859012365341 1.14155995845795 1.65761768817902 2.26323366165161 1.98783302307129 2.08783042430878 2.40113997459412 2.1078023314476 1.87239593267441 2.8367595076561 3.01984262466431 2.80289393663406 2.66882175207138 3.30472719669342 4.37307286262512
-9999 -9999 -9999 -9999 -9999 0.7292760014534 0.646812736988068 0.928298234939575 0.861281275749207 0.829270541667938 0.748184993863106 0.611285269260406 0.595787242054939 0.547245740890503 0.566379010677338 0.564271509647369 0.51639823615551 0.482335478067398 0.436078503727913 0.467610016465187 0.481164738535881 0.481823980808258 0.484768509864807 0.51045598089695 0.562092751264572 0.656893506646156 0.631320744752884 0.599962502717972 0.526041001081467 0.516282007098198 0.518208771944046 0.531890228390694 0.53853902220726 0.555485263466835 0.525959998369217 0.515821516513824 0.561185270547867 0.595498502254486 0.735565513372421 0.814229249954224 0.849992215633392 0.763267457485199 0.61608150601387 0.598826989531517 0.560335502028465 0.534062996506691 0.677270248532295 0.958604246377945 1.46020576357841 1.97932344675064 1.85820668935776 2.02366429567337 1.9451025724411 1.79980194568634 1.69613242149353 1.53720080852509 1.82069474458694 1.98098391294479 2.0381144285202 2.19978672266006 2.5127774477005
-9999 -9999 -9999 -9999 -9999 0.669560998678207 0.529610261321068 0.597187489271164 0.576700508594513 0.555368989706039 0.524666994810104 0.549126729369164 0.533379748463631 0.528155252337456 0.510743245482445 0.497850000858307 0.510708019137383 0.461432263255119 0.43436698615551 0.44931448996067 0.445714518427849 0.454739257693291 0.484720498323441 0.530440494418144 0.563477978110313 0.575470492243767 0.501313492655754 0.482030242681503 0.459446981549263 0.453558728098869 0.516427516937256 0.636759012937546 0.651259481906891 0.653190761804581 0.626434519886971 0.592076271772385 0.581330269575119 0.624542981386185 0.673373267054558 0.738090768456459 0.735184505581856 0.707219257950783 0.662673756480217 0.577217996120453 0.494799748063087 0.443996250629425 0.512356504797935 0.632612228393555 0.82651948928833 1.48872748017311 1.7923920750618 2.01094883680344 1.84893143177032 1.85214453935623 1.61565381288528 1.28469371795654 1.33432728052139 1.37423998117447 1.42590603232384 1.67440795898438 1.76518732309341
-9999 -9999 -9999 -9999 -9999 0.623500496149063 0.568574264645576 0.591757491230965 0.564701244235039 0.570826515555382 0.581679001450539 0.630642011761665 0.512790754437447 0.516252011060715 0.508937984704971 0.48895351588726 0.492569983005524 0.484880983829498 0.486751511693001 0.508111506700516 0.510474756360054 0.509488508105278 0.507021009922028 0.593039989471436 0.643693506717682 0.612485244870186 0.560753256082535 0.547060489654541 0.515039250254631 0.504497230052948 0.515792235732079 0.575495257973671 0.641435980796814 0.698370739817619 0.789851278066635 0.733464762568474 0.709127247333527 0.693610489368439 0.677721753716469 0.744664505124092 0.742277249693871 0.686256766319275 0.641788512468338 0.610640242695808 0.553989753127098 0.509979754686356 0.486728981137276 0.531535506248474 0.626514762639999 0.718907251954079 1.03804796934128 2.12095803022385 1.85404568910599 1.72461372613907 1.6149360537529 0.938472747802734 0.932389497756958 0.984066009521484 1.01157447695732 1.05732974410057 1.21125975251198
-9999 -9999 -9999 -9999 -9999 0.608487769961357 0.633794993162155 0.656057238578796 0.640166267752647 0.629306986927986 0.578384265303612 0.538353770971298 0.555071264505386 0.538526237010956 0.525530979037285 0.501282021403313 0.504653245210648 0.479685768485069 0.481078505516052 0.524056479334831 0.588359266519547 0.596367761492729 0.586625978350639 0.59663325548172 0.676157265901566 0.696127519011497 0.659245491027832 0.618936762213707 0.660953253507614 0.65547676384449 0.641532763838768 0.624204754829407 0.630437269806862 0.656220003962517 0.658582493662834 0.653128489851952 0.680420994758606 0.702640503644943 0.722210258245468 0.728728517889977 0.645197242498398 0.596733748912811 0.550065770745277 0.616126477718353 0.656965479254723 0.545715004205704 0.485691770911217 0.48717226088047 0.526815757155418 0.5611522346735 0.591213002800941 0.641402989625931 1.0662630200386 1.06310623884201 1.1306257545948 1.26034650206566 1.10878577828407 0.878387242555618 0.979988247156143 0.924219757318497 1.42210650444031
