EcologicalScience/Bass/data/rs_data_bass/chl_274.asc
NCOLS 226 
NROWS 124 
XLLCORNER -9.41648524995501 
YLLCORNER 47.587301625531 
CELLSIZE 0.0833 
NODATA_value -9999 
[rows 0 to 26 of 124, columns 62 to 123 of 226]
-9999 -9999 -9999 -9999 -9999 -9999 -9999 -9999 -9999 -9999 -9999 -9999 -9999 -9999 -9999 -9999 -9999 -9999 -9999 -9999 -9999 -9999 -9999 -9999 -9999 -9999 -9999 -9999 -9999 -9999 -9999 -9999 -9999 -9999 -9999 -9999 -9999 -9999 -9999 -9999 -9999 -9999 -9999 -9999 -9999 -9999 -9999 -9999 -9999 -9999 -9999 -9999 -9999 -9999 -9999 -9999 -9999 -9999 -9999 -9999 -9999 -9999
-9999 -9999 -9999 -9999 -9999 -9999 -9999 -9999 -9999 -9999 -9999 -9999 -9999 -9999 -9999 -9999 -9999 -9999 -9999 -9999 -9999 -9999 -9999 -9999 -9999 -9999 -9999 -9999 -9999 -9999 -9999 -9999 -9999 -9999 -9999 -9999 -9999 -9999 -9999 -9999 -9999 -9999 -9999 -9999 -9999 -9999 -9999 -9999 -9999 -9999 -9999 -9999 -9999 -9999 -9999 -9999 -9999 -9999 -9999 -9999 -9999 -9999
-9999 -9999 -9999 -9999 -9999 -9999 -9999 -9999 -9999 -9999 -9999 -9999 -9999 -9999 -9999 -9999 -9999 -9999 -9999 -9999 -9999 -9999 -9999 -9999 -9999 -9999 -9999 -9999 -9999 -9999 -9999 -9999 -9999 -9999 -9999 -9999 -9999 -9999 -9999 -9999 -9999 -9999 -9999 -9999 -9999 -9999 -9999 -9999 -9999 -9999 -9999 -9999 -9999 -9999 -9999 -9999 -9999 -9999 -9999 -9999 -9999 -9999
-9999 -9999 -9999 -9999 -9999 -9999 -9999 -9999 -9999 -9999 -9999 -9999 -9999 -9999 -9999 -9999 -9999 -9999 -9999 -9999 -9999 -9999 -9999 -9999 -9999 -9999 -9999 -9999 -9999 -9999 -9999 -9999 -9999 -9999 -9999 -9999 -9999 -9999 -9999 -9999 -9999 -9999 -9999 -9999 -9999 -9999 -9999 -9999 -9999 -9999 -9999 -9999 -9999 -9999 -9999 -9999 -9999 -9999 -9999 -9999 -9999 -9999
-9999 -9999 -9999 -9999 -9999 -9999 -9999 -9999 -9999 -9999 -9999 -9999 -9999 -9999 -9999 -9999 -9999 -9999 -9999 -9999 -9999 -9999 -9999 -9999 -9999 -9999 -9999 -9999 -9999 -9999 -9999 -9999 -9999 -9999 -9999 -9999 -9999 -9999 -9999 -9999 -9999 -9999 -9999 -9999 -9999 -9999 -9999 -9999 -9999 -9999 -9999 -9999 -9999 -9999 -9999 -9999 -9999 -9999 -9999 -9999 -9999 -9999
-9999 -9999 -9999 -9999 -9999 -9999 -9999 -9999 -9999 -9999 -9999 -9999 -9999 -9999 -9999 -9999 -9999 -9999 -9999 -9999 -9999 -9999 -9999 -9999 -9999 -9999 -9999 -9999 0.63735419511795 1.08146982754234 1.34870548546314 3.82057674229145 0.888779617846012 1.63823807984591 0.734291978180408 0.746056124567986 0.86744961887598 0.944156259298325 0.962586008012295 0.536451229825616 0.577331953682005 0.554824332980549 0.524349653162062 0.79704487323761 0.707410521805286 0.600152269005775 0.484392374753952 0.472716003656387 0.563952751457691 0.554126992821693 0.479779500514269 0.475011359900236 0.465834382921457 0.629327617585659 0.695799015462399 0.403864122927189 0.373337622731924 1.02089521916289 0.685266003012657 0.939979617532931 0.956274545506427 0.926008235467108
-9999 -9999 -9999 -9999 -9999 -9999 -9999 -9999 -9999 -9999 -9999 -9999 -9999 -9999 -9999 -9999 -9999 -9999 -9999 -9999 -9999 -9999 -9999 -9999 -9999 -9999 1.18186515569687 1.0627324283123 1.77847285130445 3.79126381874084 5.86239279806614 3.05041390657425 1.10757449269295 0.824458479881287 0.732736475765705 0.769118271768093 0.994173735380173 1.02176962047815 2.02215041220188 0.459643504637129 0.426740065655288 0.501718835905194 0.526401800103486 0.976815775036812 0.961816862225533 0.985555127263069 1.03936761617661 0.665298365056515 0.65388710796833 0.67094475030899 0.399860686677344 0.41957663744688 0.450514867901802 0.971010902994558 1.26645338378455 0.552956633269787 1.06242429425842 0.449511797167361 0.509507378234583 0.500173872008043 0.702956981956959 0.774835489690304
-9999 -9999 -9999 -9999 -9999 -9999 -9999 -9999 -9999 -9999 -9999 -9999 -9999 -9999 -9999 -9999 -9999 -9999 -9999 -9999 -9999 -9999 -9999 -9999 -9999 -9999 1.18186515569687 1.97778604924679 1.44228148109773 1.05947313939824 3.05545757710934 0.74737199395895 0.693827256560326 0.708329625427723 0.996556498110294 0.898440755903721 0.461261300041395 1.059132412076 1.09590223431587 2.84961667656898 0.449513996348662 0.420202004997169 0.440637518816134 0.457338481264956 0.436845351229696 0.893570244312286 0.863426998257637 0.864696398377419 0.734932154417038 0.746887877583504 0.732003383338451 0.596975617110729 0.457831129431725 0.444933369755745 0.489078372716904 0.50593876093626 0.463085621595383 0.488271058537066 0.489282343536615 0.478273175218526 0.40023036673665 1.01078415230701
-9999 -9999 -9999 -9999 -9999 -9999 -9999 -9999 -9999 -9999 -9999 -9999 -9999 -9999 -9999 -9999 -9999 -9999 -9999 -9999 -9999 -9999 -9999 -9999 -9999 -9999 1.47913388907909 1.43640943989158 1.09147789143026 0.903798758983612 0.833137862384319 0.789889141917229 0.747589878737926 0.648259878158569 1.16570173949003 1.06893112510443 1.05111148953438 1.28822410734076 1.17393294604201 1.10085564851761 1.1625262722373 1.19158534705639 1.11651489883661 0.412685077418299 0.414425507187843 0.910094110589278 0.947689890861511 0.778707727789879 0.731112778186798 0.705311626195908 0.627395242452621 0.561814114451408 0.570293247699738 0.520304247736931 0.432572610676289 0.432811886072159 0.446122504770756 0.462921811267734 0.424917340278625 0.540424481034279 0.602170117199421 0.623150244355202
-9999 -9999 -9999 -9999 -9999 -9999 -9999 -9999 -9999 -9999 -9999 -9999 -9999 -9999 -9999 -9999 -9999 -9999 -9999 -9999 -9999 -9999 -9999 -9999 -9999 1.19121462106705 3.13589769601822 1.02893547154963 0.890666618943214 0.809857495129108 0.788480266928673 0.765700869262218 1.05023012506334 0.947482946671938 0.789740168734601 0.998062871396542 1.31373634189367 1.26499727368355 1.36094504751657 1.17910120048021 1.14759640395641 1.31862933933735 1.26440703123808 1.11758310151728 0.887949742376804 0.822503864765167 0.79334746222747 0.742763470662268 0.654254995286465 0.63584852591157 0.354775257408619 0.69701808769452 0.593678491680246 0.465273749302415 0.425400168634951 0.436334989964962 0.463701747357845 0.525330752134323 0.596341935651643 0.542853521449225 0.489915324108941 0.583849760539392
-9999 -9999 -9999 -9999 -9999 -9999 -9999 -9999 -9999 -9999 -9999 -9999 -9999 -9999 -9999 -9999 -9999 -9999 -9999 -9999 -9999 -9999 -9999 -9999 -9999 1.65992631018162 1.29807482287288 1.08895206078887 1.09926979243755 0.707172645365491 0.95282563380897 0.835762873291969 0.599752764491474 0.574114675030989 0.725479028726879 0.715630888938904 0.664538629353046 1.06656414270401 0.470340478946181 0.960893081207025 0.915888749063015 0.355985527091167 0.348439360804418 0.88850998878479 0.800189986824989 0.789182625710964 0.844023388624191 0.754568226635456 0.784765899181366 0.777942761778831 0.799090124666691 0.748039126396179 0.678162015974522 0.528316877782345 0.60258787125349 0.415952115319669 0.522314250469208 0.5150231346488 0.393363889306784 0.468295857310295 0.514008365571499 0.801467277109623
-9999 -9999 -9999 -9999 -9999 -9999 -9999 -9999 -9999 -9999 -9999 -9999 -9999 -9999 -9999 -9999 -9999 -9999 -9999 -9999 -9999 -9999 -9999 -9999 1.31647038459778 1.58339424803853 1.38656771555543 1.15837951563299 0.981225586496294 1.06888724863529 1.03872426599264 0.999439537525177 0.852152600884438 0.623380335814813 0.5887860980104 0.709043629467487 0.729118131101131 0.729299984872341 0.587295363054556 0.52052021289573 0.561138266149689 0.467045750688104 0.425108957816573 0.886230379343033 0.769374020397663 0.874675489962101 0.954593650996685 1.01390740647912 1.17977188684438 0.949437014758587 0.936425261199474 0.838122725486755 0.755464129149914 0.749380476772785 0.680508390069008 0.708332620561123 0.752751745283604 0.56224874407053 0.602253829178057 0.48111970095258 0.512226918810292 0.435478124767542
-9999 -9999 -9999 -9999 -9999 -9999 -9999 -9999 -9999 -9999 -9999 -9999 -9999 -9999 -9999 -9999 -9999 -9999 -9999 -9999 -9999 -9999 -9999 1.50594073534012 1.20401515066624 1.30632767267525 1.13241124525666 0.90949865989387 0.79428287409246 0.952714473009109 0.922066882252693 0.892248004674911 0.913431376218796 0.940966129302979 0.957831770181656 0.829470366239548 0.412725142258055 0.386489553924869 0.678348742425442 0.722765609622002 0.7337666451931 0.758201994001865 0.46031568330877 0.421948366305407 0.407921962001744 0.858900770545006 0.907567106187344 0.875006251037121 0.796481274068356 0.739548370242119 0.783998608589172 0.805004239082336 0.665249615907669 0.663878247141838 0.866637356579304 0.292177847733623 0.306865269646925 0.306291750248741 0.499889262020588 0.614681974053383 0.48803548514843 0.425376377999783
-9999 -9999 -9999 -9999 -9999 -9999 -9999 -9999 -9999 -9999 -9999 -9999 -9999 -9999 -9999 -9999 -9999 -9999 -9999 -9999 -9999 -9999 4.4302995800972 1.78333140537143 1.33078222163022 1.08851763233542 1.00657099485397 0.832627915777266 0.675495008938015 1.06379851698875 0.92959950864315 0.976652607321739 0.960680991411209 0.985191375017166 1.01984511315823 0.42059147094979 0.803059861063957 0.741758264601231 0.711524628102779 0.370078504085541 0.364199437201023 0.725921608507633 0.354132216642885 0.405117244404905 0.340155617279165 0.324621538028998 0.299599049722447 1.06604927033186 0.915085516870022 0.730337239801884 0.781261898969349 0.853613242506981 0.892192482948303 0.365756292553509 0.381708387504606 0.394539844025584 0.394079283756368 0.368129207369159 0.354030338718611 0.807791811855216 0.951960772275925 0.684925971846831
-9999 -9999 -9999 -9999 -9999 -9999 -9999 -9999 -9999 -9999 -9999 -9999 -9999 -9999 -9999 -9999 -9999 -9999 -9999 -9999 2.64602583646774 4.54788274031419 1.75380671918392 1.65211407467723 1.31007020920515 0.988927513360977 0.813104328863761 0.801666534998838 1.13119864650071 1.08170822449028 1.07419236190617 0.930002242326736 0.943550616502762 0.943402871489525 0.986138999462128 0.974345237016678 0.857078559258405 0.78582863509655 0.790916226804256 0.421186538741869 0.314603566246874 0.292589327868293 0.684553518891335 0.671757772564888 0.327665115542272 0.332197726649397 0.718821734189987 0.902331371840678 0.720404617488384 0.737240262329578 0.860586498913012 0.79698815157539 0.776590521398344 0.745233401656151 0.418127960580237 0.412574646665769 0.483166718307663 0.399743735790253 0.422984905979213 1.04028935730457 1.27496661990881 0.79698342712302
-9999 -9999 -9999 -9999 -9999 -9999 -9999 -9999 -9999 -9999 -9999 -9999 -9999 -9999 -9999 -9999 -9999 -9999 -9999 -9999 2.23185464468869 2.23157572746277 1.24289775420638 1.3761317320168 1.23171165771782 1.11105153523386 0.822284354883082 0.804518225438455 1.12332531251013 1.16890277154744 1.18285107426345 1.26151446439326 0.846852734684944 0.845358788967133 0.882260218262672 0.907910987734795 0.917801633477211 0.860191516578197 0.841928981244564 0.72100551583265 0.385526728980681 0.648999363183975 0.666851885224644 0.666316088092955 0.678112012775321 0.684308110883361 0.728569557561594 0.93348840667921 1.18060648441315 1.09579613059759 0.809385942785363 0.445034417510033 0.463235101103783 0.822210068765439 0.571406409144402 0.42497521340847 0.424134755835814 0.491064793046783 0.742812903303849 0.659495039990074 1.07800092867443 0.366869252175093
-9999 -9999 -9999 -9999 -9999 -9999 -9999 -9999 -9999 -9999 -9999 -9999 -9999 -9999 -9999 -9999 -9999 -9999 -9999 9.59964558056423 2.86039080843329 1.89706065505743 1.47913654893637 1.40500699728727 1.33193615823984 1.24484209902585 1.12044369243085 0.75640216995688 1.2226934954524 0.687286797691794 0.851308107376099 0.849374234676361 0.839130342006683 0.850620746612549 0.897034898400307 0.981758236885071 0.698846240254009 0.864011988043785 0.831316128373146 0.755860909035331 0.738920121600753 0.397035750746727 0.386418896913528 0.412813952565193 0.355996343493462 0.703457996249199 1.10251933336258 1.02652059495449 1.16854047775269 1.66211212382597 0.405735433101654 0.500910437107086 0.786111285811976 0.686981105804443 0.504560261964798 0.413308945298195 0.421235091984272 0.429707837104797 0.403506602346897 0.435383105278015 0.436885195970535 0.339634499379567
-9999 -9999 -9999 -9999 -9999 -9999 -9999 -9999 -9999 -9999 -9999 -9999 -9999 -9999 -9999 -9999 -9999 -9999 7.6675039306283 6.16491514071822 4.19873088598251 2.48161152005196 1.65520506352186 1.47143886610866 1.29184263758361 1.16904696822166 1.10984518937767 0.713816868908265 1.06864388287067 0.649364488089786 0.796072125434875 0.802196994423866 0.790071375668049 0.805206388235092 0.813675753772259 0.855397872626781 0.929721750319004 0.770902879536152 0.732938647270203 0.646267125383019 0.513908109068871 0.499624648690224 0.424550253152847 0.768756754696369 0.669926237314939 0.752790257334709 1.19945868424007 1.38200320090566 1.25880329836817 0.634616985917091 0.685100207203313 0.37614080356434 0.357464255299419 0.371915210969746 0.369124867022038 0.342652188241482 0.445275619626045 0.509817597270012 0.499277848005295 0.37065010198525 0.565568765004476 0.643861608579755
-9999 -9999 -9999 -9999 -9999 -9999 -9999 -9999 -9999 -9999 -9999 -9999 -9999 -9999 -9999 -9999 -9999 24.7733911117377 12.2636957729564 11.6742131263018 7.84784362837672 2.97664752602577 1.55851274728775 1.33827955462039 1.23454417660832 1.17476543225348 1.13027619570494 0.982730593532324 0.656965232070755 0.825165778398514 0.807124122977257 0.617917286122546 0.771850101649761 0.795547485351562 0.732571139931679 0.555665035896441 0.808576136827469 0.841236010193825 0.835276499390602 0.842886373400688 0.722740508615971 0.635180622339249 0.626120612025261 0.548859033145403 0.486659623682499 0.70686652628999 0.687053605914116 0.483406449942028 0.594413250684738 0.509975391626358 0.652158468961716 0.508004853129387 0.51255119740963 0.54859784245491 0.691854465007782 0.643254362046719 0.630639832466841 0.592010540887713 0.573925647139549 0.528992405533791 0.530066254734993 0.663945587057816
-9999 -9999 -9999 -9999 -9999 -9999 -9999 -9999 -9999 -9999 -9999 -9999 -9999 -9999 -9999 -9999 -9999 -9999 -9999 2.48493379354477 2.00743753068587 1.81288307905197 1.28278788551688 1.28510066494346 1.22446865402162 1.15752725489438 0.865766055443708 0.818111245830854 0.835392067829768 0.762684081991514 0.582023644272019 0.611213294022223 0.435381755232811 0.713269877083161 0.694162806167322 0.718712702393532 0.729409782510055 0.665753713563869 0.67109541987118 0.624449687568765 0.608981185837796 0.434544869205531 0.594746254384518 0.603361509740353 0.551391385495663 0.554576620459557 0.571698009967804 0.618703139178893 0.35130375623703 0.346585113555193 0.635613146424294 0.753265044093132 0.699828761816025 0.660739660263062 0.625035318732262 0.791152954101562 0.6662319034338 0.641389954090118 0.619069048762321 0.685318636894226 0.437998492051573 0.530946666374803
-9999 -9999 -9999 -9999 -9999 -9999 -9999 -9999 -9999 -9999 -9999 -9999 -9999 -9999 -9999 3.41009811162949 3.02454971743793 7.88470266994677 2.51631550788879 2.4584016084671 1.53435192108154 1.39816746711731 1.20316644944251 1.03224568627775 0.874620219692588 0.946128398180008 0.896467477083206 1.07253979146481 0.925497762858868 0.656183664997419 0.670454765359561 0.557390235364437 0.527800485491753 0.764362508759779 0.693426460904234 0.760867113345548 0.737120354646131 0.703038592871867 0.762279734015465 0.743584491312504 0.475201221182942 0.434630200266838 0.395469037815928 0.67671149969101 0.74728911370039 0.618124374188483 0.603662501089275 0.229267191799248 0.358353763818741 0.607209397589459 0.504409592817811 0.406154997646809 0.603168853691646 0.716179987415671 0.528383161872625 0.765982937067747 0.726308031007648 0.616977167129517 0.606400054693222 0.337114816265447 0.583038005232811 0.560863851103932
-9999 -9999 -9999 -9999 -9999 -9999 -9999 -9999 -9999 -9999 35.2986888885498 35.2986888885498 13.7248649597168 4.63897786357186 6.29248115122318 4.17357732969172 2.40084568893208 3.24763845205307 3.06599122285843 2.77340035438538 1.71633735895157 1.50073570013046 1.3688537478447 0.901065643876791 0.831113424371271 0.846806655911838 0.95009346306324 0.910719165578485 0.48119157640373 0.629772439599037 0.617881457595264 0.447954744100571 0.417824260890484 0.410152494907379 0.991687135661349 0.852751749910806 0.805703810955349 0.805332322653971 0.723286842829303 0.698107332775467 0.477780229905072 0.783853858709335 0.593555962338167 0.709897868335247 0.422776964027435 0.382243636529893 0.328142713755369 0.425300259800518 0.571819989996798 0.57371199919897 0.497125491499901 0.440178763121367 0.499031366670833 0.49240790921099 0.436864640782861 0.890169167518616 0.77648201584816 0.599958270788193 0.356039355908121 0.467313160498937 0.314911493659019 0.396368162596927
-9999 -9999 -9999 -9999 -9999 -9999 -9999 -9999 -9999 -9999 35.2986888885498 5.28056850698259 3.95855954289436 21.0897893344655 3.42634489661769 3.52384701528047 4.04954188520258 4.31085039439954 5.29771482265822 3.2961930944161 1.69738313555717 1.66707785129547 1.17446554899216 0.946793514490127 0.840689241886139 0.756951665505767 0.820923713967204 0.772236117720604 0.70577937066555 0.838208002969623 0.865415080505259 1.11563097803216 0.646896253613865 1.07182610740787 0.933986710874658 0.47148959338665 0.466191746294498 0.945302456617355 0.933098529191578 0.451358333230019 0.73518105552477 0.747312602751395 0.741055616422703 0.698067539616635 0.448086708784103 0.572082714030617 0.563886664415661 0.63002243794893 0.579267832286218 0.620126924094032 0.690158312811571 0.664309948682785 0.565429498167599 0.558482132413808 0.556525374160093 0.512913439203711 0.390477005392313 0.317460365127772 0.458757527610835 0.561262551037704 0.354120853543282 0.331620468758047
-9999 -9999 -9999 -9999 -9999 -9999 -9999 -9999 -9999 -9999 -9999 -9999 7.0822141121377 3.16066145896912 3.69328215875124 6.73993960293857 -9999 -9999 -9999 -9999 -9999 -9999 1.31407387554646 1.11666901409626 0.98615325987339 0.845478750765324 0.840240195393562 0.764137669466436 0.716697631403804 0.768521326594055 0.732452178001404 0.703067225217819 0.858418964287814 1.13296958647276 0.563561489184698 0.535019904375076 0.437319751828909 0.409879851341248 0.439478847384453 0.830051572007292 0.760084535269176 0.774183298735058 0.830984557929792 0.764446942429793 0.684667596922201 0.651828870177269 0.656087834168883 0.717498085078071 0.69303553156993 0.64308073240168 0.597791170372682 0.582435271319221 0.326119753718376 0.331015861034393 0.561674997210503 0.730922400513116 0.736446177258211 0.503879387397319 0.626435543361463 0.737765494145845 0.979989080052627 0.702045857906342
-9999 -9999 -9999 -9999 -9999 -9999 -9999 -9999 -9999 -9999 -9999 -9999 -9999 16.6274771690369 16.6274771690369 16.6274771690369 -9999 -9999 -9999 -9999 -9999 -9999 4.94490551948547 4.94490551948547 4.94490551948547 0.308659605681896 1.13961360559744 1.01409938558936 0.803382856880917 0.737284886837006 0.947580535622204 1.01542033868677 0.905174222062616 1.01044813061462 1.19075035421472 0.561679020524025 0.333240392804146 0.362123703956604 0.537881878368995 0.484694994986057 0.496738884598017 0.461594615131617 0.823138414936907 0.443032879382372 0.44302536919713 0.440086506307125 0.414443235844374 0.764158509671688 0.70602036640048 0.82632414624095 0.393011948466301 0.392685252428055 0.368467137217522 0.336182397603989 0.361052241921425 0.429593204667694 0.664566951639512 0.386510245894131 0.218355039367452 0.474984898378974 0.737237228588624 0.529556259512901
-9999 -9999 -9999 -9999 -9999 -9999 -9999 -9999 -9999 -9999 -9999 -9999 -9999 -9999 -9999 -9999 -9999 -9999 -9999 -9999 -9999 -9999 -9999 -9999 -9999 -9999 3.59590183120025 2.18502934277058 2.72394749522209 1.30073088232209 1.06561395175317 1.04508859445067 0.942277829436695 0.863894431030049 0.802376684020547 0.715421098120072 1.09447540264381 0.288931030780077 0.262345008552074 0.503583367913961 0.513565510511398 0.504395239055157 0.488573256880045 0.484938014298677 0.498259875923395 0.796603999593679 0.523780111223459 0.389955592155457 0.369126549363136 0.379445251822472 0.38926015496254 0.38787434399128 0.388118043541908 0.357009848952293 0.366199961304665 0.307044231332839 0.285269716288894 0.365462123909417 0.35500857321655 0.501652121543884 0.386980841557185 0.394974740842978
-9999 -9999 -9999 -9999 -9999 -9999 -9999 -9999 -9999 -9999 -9999 -9999 -9999 -9999 -9999 -9999 -9999 -9999 -9999 -9999 -9999 -9999 -9999 -9999 -9999 -9999 -9999 3.90057543913523 3.49698013067245 2.44516575336456 1.86021202452043 2.85184869327043 1.42017181714376 0.722460351884365 0.797138350851396 0.653778132051229 1.24300872652154 1.27080270472695 1.09151437177378 0.842935904860497 0.425404138863087 0.43198536336422 1.44617964064374 1.07471084244111 1.08644225667505 0.425042991992086 0.410548787098378 0.418147546052933 0.396682903170586 0.390707451105118 0.403072240948677 0.404459056258202 0.333980697393417 0.315919606387615 0.298045246303081 0.315917345881462 0.36587016005069 0.392532756223398 0.479667552991917 0.499018505215645 0.370479675630728 0.346929959952831
