EcologicalScience/Bass/data/rs_data_bass/chl_391.asc
NCOLS 226 
NROWS 124 
XLLCORNER -9.41648524995501 
YLLCORNER 47.587301625531 
CELLSIZE 0.0833 
NODATA_value -9999 
[rows 54 to 80 of 124, columns 124 to 185 of 226]
2.3570054769516 2.30352383852005 1.70322006940842 1.94620281457901 1.76256519556046 1.44652497768402 1.16047722101212 0.815181791782379 1.08712953329086 1.09448772668839 1.13958370685577 1.04380121827126 1.28308573365211 1.19846025109291 1.18745398521423 1.31079071760178 1.25501400232315 0.939957708120346 0.714068233966827 0.641505002975464 0.653652772307396 0.720565482974052 0.810697495937347 1.05235648155212 1.15041974186897 1.21758753061295 1.60570120811462 1.8825471997261 2.40069079399109 2.5726026892662 2.33160227537155 2.99534243345261 3.84575486183167 3.43984365463257 3.90758335590363 3.31502187252045 2.95686078071594 4.26642608642578 3.7915130853653 2.32942199707031 2.15168255567551 1.79563271999359 1.57786202430725 1.53088581562042 1.40760299563408 1.41772198677063 1.71019506454468 2.68773007392883 3.90916800498962 4.32753878831863 3.94503906369209 5.18361219763756 6.71423506736755 5.78920134902 7.49184404100691 7.75877676691328 8.62913121495928 8.09181649344308 8.67129467629098 10.5584471048402 -9999 -9999
2.57293957471848 2.0030055642128 2.07106125354767 1.97111928462982 1.96685403585434 1.79739457368851 1.53983545303345 0.879122972488403 0.644670009613037 0.95099101960659 1.0729593783617 1.03982774913311 1.31346452236176 0.792525708675385 0.931611031293869 1.01794651150703 0.714427515864372 0.733367264270782 0.709502264857292 0.747360751032829 0.786895483732224 0.810492038726807 1.07495400309563 1.17418876290321 1.32432076334953 1.31144472956657 1.6274955868721 2.08400255441666 2.22477757930756 2.40609383583069 2.44646018743515 2.66688376665115 3.21617567539215 3.69635260105133 3.88900136947632 3.85065078735352 3.01165723800659 1.85500717163086 1.16151228547096 1.13905271887779 1.56541728973389 2.03756475448608 1.42030200362206 2.9336684346199 3.63174533843994 6.13739848136902 8.42110705375671 6.72147989273071 5.7773864865303 5.40824130177498 6.06323259217398 6.79223785400391 6.35104986599513 7.20551133155823 8.44205004828317 10.0295810138478 10.5720698833466 -9999 -9999 -9999 -9999 -9999
3.14135777950287 2.53135353326797 1.80072820186615 1.48131296038628 1.40019750595093 1.56035399436951 1.35659095644951 1.20063976943493 0.954751878976822 0.844234496355057 0.887560486793518 0.913201510906219 0.558112487196922 0.794448763132095 0.853375464677811 0.65275052189827 0.833318501710892 0.622899010777473 0.723994508385658 0.871829956769943 0.939968973398209 0.977480292320251 1.15207797288895 1.27245453000069 1.44724720716476 1.50367873907089 1.57231503725052 2.20343542098999 2.09370303153992 1.9706654548645 1.92732292413712 1.95647174119949 2.43672072887421 2.6459693312645 2.35884368419647 2.23730617761612 2.15019375085831 1.06375274062157 0.947205752134323 1.0541467666626 1.32098096609116 1.58666700124741 1.63709092140198 2.32267731428146 3.74337136745453 8.2978949546814 8.9811680316925 3.31288111209869 3.53549158573151 4.42432004213333 4.14016127586365 6.19599051475525 7.24717957632882 9.12758706711434 -9999 -9999 -9999 -9999 -9999 -9999 -9999 -9999
2.30997896194458 2.10412126779556 1.73382532596588 1.85586869716644 1.71084576845169 1.63063377141953 1.72493022680283 1.46499341726303 1.19832935929298 1.01434801518917 0.935413151979446 1.08890028297901 0.345160491764545 0.860407501459122 0.86699777841568 0.941979736089706 0.754788011312485 0.682079270482063 0.810734957456589 1.00432804226875 1.08865651488304 1.11505427956581 1.13023048639297 1.24871546030045 1.38035702705383 1.4218402504921 1.47763422131538 1.65777897834778 1.71876829862595 1.58008950948715 1.41988876461983 1.47905024886131 1.38255822658539 1.39552348852158 1.08757424354553 0.899643748998642 0.932278543710709 0.922355979681015 0.858081042766571 1.07156851887703 1.14632776379585 1.44801145792007 2.66548132896423 3.46710240840912 5.20244693756104 7.70724678039551 10.6894612312317 5.18318821968289 5.18483233451843 6.97414469718933 7.25266599655151 8.79331990650722 12.9642176628113 -9999 -9999 -9999 -9999 -9999 -9999 -9999 -9999 -9999
3.11149048805237 2.51865452528 2.42970556020737 2.12791496515274 1.86065900325775 1.61759072542191 1.42049503326416 1.6420571655035 1.32308480143547 1.10809837281704 1.06424774229527 0.943949639797211 0.786213397979736 1.03357574343681 1.13044649362564 0.862418979406357 1.12160477042198 0.839208036661148 0.927998274564743 1.11187729239464 1.25715824961662 1.10124295949936 1.12306800484657 1.16898974776268 1.27902603149414 1.29396146535873 1.22719278931618 1.31267327070236 1.3135207593441 1.29147371649742 1.16823828220367 1.02415725588799 0.927857995033264 0.88105496764183 0.79035222530365 0.6902115046978 0.594356998801231 0.684887230396271 0.702557981014252 0.810247510671616 0.919656783342361 1.57451105117798 2.22612458467484 3.52120435237885 7.13973498344421 5.52095403415816 7.93192260605948 13.6587712168694 8.7450984120369 6.65085911750793 6.38588833808899 14.4978125095367 36.1109722756051 -9999 -9999 -9999 -9999 -9999 -9999 -9999 -9999 -9999
4.91234314441681 4.35626411437988 3.58684104681015 3.11147689819336 2.89518785476685 2.76530101895332 2.48717823624611 2.50570204854012 2.12821018695831 1.45068562030792 1.2980925142765 0.324671991169453 0.281381249427795 1.57037025690079 1.23617845773697 1.05938029289246 1.0962547659874 1.27096349000931 1.29527100920677 1.23012900352478 1.21842151880264 1.04258778691292 1.09784325957298 1.12279799580574 1.10460153222084 1.19649901986122 0.996689289808273 0.941118746995926 1.03136247396469 1.11574351787567 1.03031846880913 0.861791968345642 0.728218495845795 0.663324013352394 0.607851013541222 0.578502014279366 0.501725256443024 0.573779985308647 0.570813730359077 0.638943761587143 1.60871994495392 1.94546699523926 4.05082583427429 6.54060745239258 5.62615871429443 -9999 6.15411554850065 5.78109133243561 5.53273737430573 5.30769653320312 30.9399724006653 51.469033241272 27.0884007045201 42.1743282904992 -9999 -9999 -9999 -9999 -9999 -9999 -9999 -9999
-9999 -9999 -9999 -9999 -9999 2.28387522697449 5.43246361613274 4.51299047470093 1.6950322240591 1.67226746678352 2.03266194462776 0.672491982579231 0.362735241651535 0.358664989471436 1.48935377597809 1.44893628358841 1.22125428915024 1.05360826849937 1.1776080429554 1.11291897296906 1.09070402383804 1.03245824575424 1.04250526428223 1.09037026762962 1.06343400478363 0.975591748952866 0.929515510797501 0.874434024095535 0.860297977924347 0.981723010540009 0.758506536483765 0.635766729712486 0.604210495948792 0.554999247193336 0.542722508311272 0.544673234224319 0.567467987537384 0.578159987926483 0.609983995556831 0.766854733228683 1.43612775206566 1.71185553073883 3.57305252552032 9.57861328125 8.64906406402588 13.5582091160191 -9999 -9999 -9999 -9999 39.1356187820435 40.4423923492432 31.3085521970476 55.0834925121731 -9999 -9999 -9999 -9999 -9999 -9999 -9999 -9999
-9999 -9999 -9999 -9999 -9999 -9999 -9999 -9999 3.94759972393513 2.34303715825081 1.87520849704742 1.52097451686859 1.47580504417419 2.5146809220314 2.00484681129456 1.5421439409256 1.31362572312355 1.07195922732353 1.09631404280663 1.14632248878479 0.982043266296387 0.910018533468246 0.939269989728928 1.03843796253204 1.04049673676491 0.861280471086502 0.877757281064987 0.872942268848419 0.916742205619812 0.790317714214325 0.60283425450325 0.603942766785622 0.596690252423286 0.602348998188972 0.594789728522301 0.585426762700081 0.59960250556469 0.63706648349762 0.670818015933037 1.26026245951653 1.74104708433151 2.38275682926178 4.22275578975677 5.15136516094208 12.8503496646881 29.0682649612427 -9999 -9999 -9999 -9999 17.548882484436 22.9592479297093 37.4935855865479 47.1478443145752 29.598952633994 37.8769525381235 -9999 -9999 -9999 -9999 -9999 -9999
-9999 -9999 -9999 -9999 -9999 -9999 -9999 -9999 -9999 -9999 2.76595804095268 2.49402755498886 2.62694692611694 2.2747814655304 2.12128204107285 1.583231985569 1.48004177212715 1.14125624299049 1.11731028556824 1.1160314977169 1.00489497184753 0.967549502849579 0.960484474897385 0.975199520587921 0.871067225933075 0.81702071428299 0.985914766788483 0.937770009040833 0.811645478010178 0.590734496712685 0.582994490861893 0.604801520705223 0.637971013784409 0.656713485717773 0.600863993167877 0.594046488404274 0.625697270035744 0.71799074113369 0.916812747716904 1.31264474987984 2.02932447195053 3.04391384124756 5.0689058303833 5.05686163902283 11.3963772289961 -9999 -9999 -9999 -9999 -9999 -9999 -9999 9.14776663227779 21.4729599952698 41.2059946060181 33.6743357522147 10.8786277770996 -9999 -9999 -9999 -9999 -9999
-9999 -9999 -9999 -9999 -9999 -9999 -9999 -9999 -9999 4.3704868555069 3.39715987443924 2.56006273627281 2.63684624433517 2.5736340880394 1.98628270626068 1.70868372917175 1.61931216716766 1.47546601295471 1.17148724198341 0.989074498414993 1.04465478658676 1.07514229416847 1.0033882856369 0.962399214506149 0.842825263738632 0.88596448302269 1.01220899820328 0.871252477169037 0.672826498746872 0.641558244824409 0.663977980613708 0.70201501250267 0.684379488229752 0.665697768330574 0.675759762525558 0.71986198425293 0.777188211679459 0.858338266611099 1.03359371423721 1.23760423064232 1.54634320735931 2.12378543615341 2.63471925258636 4.34531164169312 15.6794299350202 33.0447750091553 -9999 -9999 -9999 12.9836829900742 12.6629476547241 11.150621509552 17.4717435836792 18.2714544704982 21.2883479118347 32.6946246283395 16.0812255364877 -9999 -9999 -9999 -9999 -9999
-9999 -9999 -9999 -9999 -9999 -9999 -9999 -9999 -9999 -9999 4.09988808631897 3.32707285881042 2.93622153997421 2.65193241834641 1.57127845287323 1.90182602405548 1.78038758039474 1.48098903894424 1.24017378687859 0.863802015781403 0.909009039402008 1.03458076715469 1.05438601970673 1.04241827130318 1.02154952287674 0.998755484819412 0.949457287788391 0.818174958229065 0.738483756780624 0.748882502317429 0.720516756176949 0.737442746758461 0.749981269240379 0.77302497625351 0.788754791021347 0.776912212371826 0.814881026744843 1.06217175722122 1.24499550461769 1.14220574498177 1.34582027792931 1.82093918323517 4.23224329948425 13.2917767524719 7.8856579389387 -9999 -9999 -9999 -9999 -9999 13.3221982547215 11.5256240844727 14.1341778210231 12.9082084383283 14.2491177831377 -9999 -9999 -9999 -9999 -9999 -9999 -9999
-9999 -9999 -9999 -9999 -9999 -9999 -9999 -9999 -9999 3.67937564849854 3.57731366157532 2.50572073459625 2.1590301990509 2.10085433721542 1.38036149740219 1.69341230392456 1.19498553872108 1.02066296339035 0.95246547460556 0.882370501756668 0.91705048084259 1.00008451938629 1.06332153081894 1.17197173833847 1.13783624768257 1.05095547437668 0.91831648349762 0.853087484836578 0.958158731460571 0.990218997001648 1.03050372004509 0.98879474401474 1.01010078191757 1.01419723033905 0.876302987337112 0.77487900853157 0.859474539756775 0.99356397986412 1.03242972493172 1.18165048956871 1.45205399394035 2.60521191358566 4.15283846855164 6.37887045712147 3.86466658115387 -9999 -9999 -9999 -9999 -9999 12.0754680633545 13.485150882176 14.0901004927499 16.1851577980574 -9999 -9999 -9999 -9999 -9999 -9999 -9999 -9999
-9999 -9999 -9999 -9999 -9999 -9999 -9999 -9999 -9999 3.64060056209564 3.8729932308197 2.76712417602539 2.03623652458191 1.41614028811455 1.3791915178299 1.50575619935989 0.97607696056366 0.83210626244545 0.955263733863831 1.0359622836113 1.06933951377869 1.11774748563766 1.1587447822094 1.06668600440025 1.00796395540237 1.00230225920677 0.947712779045105 1.20928877592087 1.74312150478363 1.73520147800446 1.38547503948212 1.14528304338455 0.92261329293251 0.858210772275925 0.788838744163513 0.819557279348373 0.918153762817383 0.972238540649414 1.09525349736214 1.45035526156425 1.92584931850433 3.79310989379883 3.92488932609558 8.80388906742763 3.86466693878174 -9999 -9999 -9999 -9999 12.1949715614319 -9999 -9999 -9999 -9999 -9999 -9999 -9999 -9999 -9999 -9999 -9999 -9999
-9999 -9999 -9999 -9999 -9999 -9999 -9999 -9999 -9999 4.12733995914459 3.46087110042572 3.15286588668823 2.33239656686783 1.45483276247978 1.3955947458744 1.42012202739716 1.09536078572273 1.01165395975113 1.09170752763748 1.18835172057152 1.22978022694588 1.30696123838425 1.35144370794296 1.01026654243469 0.935517758131027 0.899301767349243 0.889804512262344 1.08621525764465 1.26424875855446 1.23076352477074 1.23007428646088 1.09197145700455 0.947387963533401 0.852114021778107 0.856739223003387 0.900310456752777 1.0779330432415 1.98159295320511 1.58493983745575 1.83782923221588 3.91832041740417 4.63200831413269 7.97052659917234 -9999 -9999 -9999 -9999 -9999 -9999 -9999 -9999 -9999 -9999 -9999 -9999 -9999 -9999 -9999 -9999 -9999 -9999 -9999
-9999 -9999 -9999 -9999 -9999 -9999 -9999 -9999 21.7446871621268 3.48780906200409 3.09733557701111 2.61649882793427 1.79220449924469 1.04073822498322 1.26074928045273 1.19452196359634 1.11882975697517 1.10538527369499 1.27442246675491 1.42703846096992 1.45459574460983 1.49726396799088 1.41192975640297 1.13276624679565 1.02706351876259 0.982216536998749 0.952896773815155 0.847533792257309 0.951884239912033 0.990672737360001 0.943129509687424 1.12978801131248 1.13575503230095 1.19199228286743 1.29116249084473 1.36619102954865 2.29455077648163 3.64340114593506 2.83427703380585 3.55684268474579 5.46102297306061 8.08797243774914 13.1627024527056 -9999 -9999 -9999 -9999 -9999 -9999 -9999 -9999 -9999 -9999 -9999 -9999 -9999 -9999 -9999 -9999 -9999 -9999 -9999
-9999 -9999 -9999 -9999 -9999 -9999 -9999 3.28386068344116 3.68300104141235 2.94444233179092 2.76719391345978 2.17983520030975 1.77188104391098 1.09265246987343 1.04120850563049 1.08708903193474 1.13785725831985 1.19424077868462 1.21121773123741 1.18906196951866 1.12730097770691 1.17804676294327 1.30302599072456 1.17991653084755 1.05334648489952 0.983642220497131 0.850273489952087 0.801045745611191 0.888227999210358 0.922305017709732 1.08881852030754 1.22160074114799 1.30071446299553 1.23283571004868 1.17432600259781 1.2593460381031 2.78538304567337 2.75601071119308 3.65464639663696 4.86296117305756 19.2834401211692 5.69786846637726 3.25656187534332 -9999 -9999 -9999 -9999 -9999 -9999 -9999 -9999 -9999 -9999 -9999 -9999 -9999 -9999 -9999 -9999 -9999 -9999 -9999
-9999 -9999 -9999 -9999 -9999 -9999 4.01316404342651 3.73586878180504 3.42860984802246 3.02490842342377 2.78898292779922 2.13770323991776 2.05802696943283 1.20826953649521 1.23183301091194 1.05416777729988 0.941894978284836 1.16673749685287 1.15451028943062 1.22322151064873 1.34285402297974 1.16179051995277 1.126878708601 1.09926670789719 1.01286301016808 0.948394507169724 0.817535251379013 0.858046531677246 1.0750207901001 1.25756549835205 1.80124801397324 1.6754504442215 1.93576347827911 1.99219733476639 2.51427000761032 2.96602123975754 5.47617602348328 4.87535834312439 4.38830924034119 -9999 -9999 -9999 -9999 -9999 -9999 -9999 -9999 -9999 -9999 -9999 -9999 -9999 -9999 -9999 -9999 -9999 -9999 -9999 -9999 -9999 -9999 -9999
-9999 -9999 -9999 -9999 3.4680143147707 3.7384372651577 3.42016687989235 3.26683866977692 2.27830266952515 1.95733791589737 1.90269827842712 2.16176408529282 1.89747530221939 1.21852576732635 0.945174783468246 0.95035046339035 1.02803698182106 1.14325422048569 1.28212425112724 1.38285148143768 1.43091523647308 1.17141598463058 1.11114147305489 1.01879927515984 0.927055478096008 0.831350237131119 0.816234022378922 1.14427578449249 1.5908265709877 2.0262336730957 2.62784332036972 3.31207573413849 3.90441298484802 5.08333647251129 6.61853384971619 7.15478324890137 8.23574566841125 4.5159828229384 -9999 -9999 -9999 -9999 -9999 -9999 -9999 -9999 -9999 -9999 -9999 -9999 -9999 -9999 -9999 -9999 -9999 -9999 -9999 -9999 -9999 -9999 -9999 -9999
-9999 -9999 -9999 -9999 3.63624286651611 3.4089367389679 3.11210751533508 3.09312736988068 2.03002345561981 1.58926123380661 1.2846562564373 1.5923632979393 1.29436352849007 1.0815172791481 0.878817737102509 0.98515722155571 1.09583249688148 1.34552022814751 1.4685780107975 1.43960103392601 1.22633546590805 1.10848796367645 0.997075527906418 0.932781726121902 0.898678511381149 0.924143224954605 1.21142247319221 1.68549531698227 2.24753022193909 4.11709713935852 5.99614799022675 6.23052978515625 6.72884488105774 7.26697111129761 7.23245429992676 6.72373652458191 8.05307114124298 -9999 -9999 -9999 -9999 -9999 -9999 -9999 -9999 -9999 -9999 -9999 -9999 -9999 -9999 -9999 -9999 -9999 -9999 -9999 -9999 -9999 -9999 -9999 -9999 -9999
-9999 55.0464594537319 3.83272060326167 3.49112954735756 3.2377060353756 2.13631582260132 2.31857174634933 2.58297228813171 2.05791592597961 1.50633519887924 1.40916377305984 1.41458702087402 1.19910898804665 0.900191277265549 0.958721995353699 1.05041402578354 1.28711172938347 1.40152502059937 1.46524125337601 1.39828804135323 1.19866722822189 1.06313028931618 1.02214801311493 0.983062505722046 0.955668032169342 1.18882575631142 1.66443532705307 2.38834351301193 3.56961286067963 5.95344829559326 6.91930603981018 7.7112979888916 7.6225118637085 6.64693593978882 15.2488660812378 49.8362253168796 -9999 -9999 -9999 -9999 -9999 -9999 -9999 -9999 -9999 -9999 -9999 -9999 -9999 -9999 -9999 -9999 -9999 -9999 -9999 -9999 -9999 -9999 -9999 -9999 -9999 -9999
4.00965110694661 3.95825978687831 3.54785880446434 2.98231083154678 2.2086660861969 2.35513132810593 2.28120893239975 2.61421877145767 2.01126444339752 1.60631847381592 1.22978103160858 1.0226174890995 1.10770046710968 0.860750287771225 0.99785327911377 1.07915103435516 1.3435732126236 1.49592447280884 1.4234145283699 1.32336151599884 1.1873887181282 1.21167147159576 1.16507104039192 1.08439949154854 1.12867873907089 2.06231546401978 2.85954308509827 4.23992013931274 5.19168376922607 6.36706137657166 6.7359824180603 6.62096428871155 7.40104579925537 -9999 -9999 -9999 -9999 -9999 -9999 -9999 -9999 -9999 -9999 -9999 -9999 -9999 -9999 -9999 -9999 -9999 -9999 -9999 -9999 -9999 -9999 -9999 -9999 -9999 -9999 -9999 -9999 -9999
4.23233100771904 3.67605909705162 2.63591104745865 2.39841493964195 2.26929223537445 2.32086145877838 2.42564392089844 1.80222004652023 1.72995150089264 1.29956397414207 0.889704018831253 0.985073268413544 1.09553477168083 0.851002514362335 1.10413947701454 1.24313923716545 1.40487751364708 1.39014977216721 1.3032074868679 1.29257923364639 1.29816296696663 1.22032570838928 1.0942747592926 1.01713424921036 1.66740667819977 2.33452355861664 3.62863576412201 4.72689592838287 8.25523567199707 7.68937397003174 7.35350847244263 6.39922499656677 6.45236420631409 3.99395388364792 4.57186588998568 7.51185588403182 -9999 -9999 -9999 -9999 -9999 -9999 -9999 -9999 -9999 -9999 -9999 -9999 -9999 -9999 -9999 -9999 -9999 -9999 -9999 -9999 -9999 -9999 -9999 -9999 -9999 -9999
3.00488042831421 3.28233754634857 2.96880751848221 2.60962763428688 2.26672232151031 2.03291925787926 1.89971101284027 1.56616044044495 1.44774752855301 0.885543018579483 1.05733948945999 1.07873404026031 0.932454764842987 0.98137503862381 1.08011323213577 1.21998220682144 1.34128126502037 1.28341126441956 1.34281352162361 1.35198676586151 1.17060524225235 1.1068394780159 1.05016198754311 1.17406502366066 2.11615043878555 3.30048537254333 4.85318040847778 6.63616490364075 7.43724989891052 8.31156206130981 5.49034111242037 -9999 -9999 -9999 -9999 -9999 -9999 -9999 -9999 -9999 -9999 -9999 -9999 -9999 -9999 -9999 -9999 -9999 -9999 -9999 -9999 -9999 -9999 -9999 -9999 -9999 -9999 -9999 -9999 -9999 -9999 -9999
4.51652383804321 3.92517006397247 3.73779451847076 3.71327769756317 2.84992209076881 2.5945380628109 2.16497021913528 1.82908791303635 1.9271348118782 1.63014006614685 1.14816373586655 0.901598274707794 0.969558745622635 1.05597227811813 1.13053348660469 1.40222471952438 1.5169905424118 1.49226674437523 1.31850904226303 1.23128101229668 1.09094774723053 1.12000054121017 1.203260242939 1.89873898029327 3.66088485717773 5.36521339416504 6.56309509277344 6.7892746925354 7.07352733612061 8.76161313056946 13.3111982345581 5.45778441429138 -9999 -9999 -9999 -9999 -9999 -9999 52.8507343619617 12.6942715644836 -9999 -9999 -9999 -9999 -9999 -9999 -9999 -9999 -9999 -9999 -9999 -9999 -9999 -9999 -9999 -9999 -9999 -9999 -9999 -9999 -9999 -9999
7.44596940279007 4.50732529163361 7.42765089869499 4.5161190032959 3.60284802317619 3.03119833767414 2.89711877703667 3.10524594783783 2.77453655004501 1.5876150727272 1.15391546487808 0.929525971412659 1.16022527217865 1.25602796673775 1.35316497087479 1.67846775054932 1.60306280851364 1.34933021664619 1.24279725551605 1.18327653408051 1.2642502784729 1.33971378207207 1.59973418712616 3.48097264766693 3.84562039375305 4.42745232582092 4.99853467941284 7.88072633743286 10.1352138519287 4.27094542980194 4.67791116933753 3.42093944549561 -9999 -9999 -9999 -9999 -9999 -9999 -9999 -9999 -9999 -9999 -9999 -9999 -9999 -9999 -9999 -9999 -9999 -9999 -9999 -9999 -9999 -9999 -9999 -9999 -9999 -9999 -9999 -9999 -9999 -9999
-9999 -9999 -9999 -9999 -9999 5.12827746851461 3.77399325370789 3.80875504016876 2.3669114112854 1.30935904383659 1.10674872994423 1.09314224123955 1.22595977783203 1.51101905107498 1.68348973989487 1.27833902835846 1.36037546396255 1.30118474364281 1.55741393566132 1.65431016683578 1.72842907905579 2.15107798576355 2.55122244358063 3.83915555477142 4.50218117237091 6.65885308384895 -9999 -9999 -9999 -9999 -9999 -9999 -9999 -9999 -9999 -9999 -9999 -9999 -9999 -9999 -9999 -9999 -9999 -9999 -9999 -9999 -9999 -9999 -9999 -9999 -9999 -9999 -9999 -9999 -9999 -9999 -9999 -9999 -9999 -9999 -9999 -9999
-9999 -9999 -9999 -9999 -9999 -9999 2.79977023601532 1.79271966218948 1.2031289935112 1.09677529335022 1.22414401173592 1.37117323279381 1.30394697189331 1.22471326589584 1.20151126384735 1.59123677015305 1.70914274454117 1.67035567760468 2.0560462474823 2.59545975923538 3.64539742469788 3.66806030273438 3.53875637054443 4.42534468805089 -9999 -9999 -9999 -9999 -9999 -9999 -9999 -9999 -9999 -9999 -9999 -9999 -9999 -9999 -9999 -9999 -9999 -9999 -9999 -9999 -9999 -9999 -9999 -9999 -9999 -9999 -9999 -9999 -9999 -9999 -9999 -9999 -9999 -9999 -9999 -9999 -9999 -9999
