EcologicalScience/Bass/data/rs_data_bass/chl_31.asc
NCOLS 226 
NROWS 124 
XLLCORNER -9.41648524995501 
YLLCORNER 47.587301625531 
CELLSIZE 0.0833 
NODATA_value -9999 
[rows 81 to 107 of 124, columns 62 to 123 of 226]
3.85158455371857 5.97498106956482 7.6620512008667 7.66205191612244 -9999 -9999 -9999 -9999 -9999 -9999 -9999 -9999 -9999 -9999 -9999 -9999 -9999 -9999 -9999 -9999 -9999 -9999 -9999 -9999 -9999 -9999 -9999 -9999 -9999 -9999 -9999 -9999 -9999 -9999 -9999 -9999 -9999 -9999 -9999 -9999 -9999 -9999 -9999 -9999 -9999 -9999 -9999 -9999 -9999 -9999 -9999 -9999 -9999 -9999 -9999 -9999 -9999 -9999 -9999 -9999 -9999 -9999
-9999 -9999 -9999 -9999 -9999 -9999 -9999 -9999 -9999 -9999 -9999 -9999 -9999 -9999 -9999 -9999 -9999 -9999 -9999 -9999 -9999 -9999 -9999 -9999 -9999 -9999 -9999 -9999 -9999 -9999 -9999 -9999 -9999 -9999 -9999 -9999 -9999 -9999 -9999 -9999 -9999 -9999 -9999 -9999 -9999 -9999 -9999 -9999 -9999 -9999 -9999 -9999 -9999 -9999 -9999 -9999 -9999 -9999 -9999 -9999 -9999 -9999
-9999 -9999 -9999 -9999 -9999 -9999 -9999 -9999 -9999 -9999 -9999 -9999 -9999 -9999 -9999 -9999 -9999 -9999 -9999 -9999 -9999 -9999 -9999 -9999 -9999 -9999 -9999 -9999 -9999 -9999 -9999 -9999 -9999 -9999 -9999 -9999 -9999 -9999 -9999 -9999 -9999 -9999 -9999 -9999 -9999 -9999 -9999 -9999 -9999 -9999 -9999 -9999 -9999 -9999 -9999 -9999 -9999 -9999 -9999 -9999 -9999 -9999
-9999 -9999 -9999 -9999 -9999 -9999 -9999 -9999 -9999 -9999 -9999 -9999 -9999 -9999 -9999 -9999 -9999 -9999 -9999 -9999 -9999 -9999 -9999 -9999 -9999 -9999 -9999 -9999 -9999 -9999 -9999 -9999 -9999 -9999 -9999 -9999 -9999 -9999 -9999 -9999 -9999 -9999 -9999 -9999 -9999 -9999 -9999 -9999 -9999 -9999 -9999 -9999 -9999 -9999 -9999 -9999 -9999 4.24680233001709 1.92944025993347 2.0407372713089 2.48811382055283 2.20801055431366
-9999 -9999 -9999 -9999 -9999 -9999 -9999 -9999 -9999 -9999 -9999 -9999 -9999 -9999 -9999 -9999 -9999 -9999 -9999 -9999 -9999 -9999 -9999 -9999 -9999 -9999 -9999 -9999 -9999 -9999 -9999 -9999 -9999 -9999 -9999 -9999 37.1749906539917 -9999 2.99544078111649 2.7683213353157 -9999 -9999 1.86095470190048 1.79052597284317 2.13873678445816 2.06266808509827 2.23765504360199 1.93697780370712 1.6460040807724 1.52130442857742 1.53033381700516 2.02928477525711 -9999 -9999 -9999 2.97605699300766 2.44108504056931 1.79828917980194 1.65787947177887 1.56172657012939 1.44176325201988 1.43174475431442
-9999 -9999 -9999 -9999 -9999 -9999 -9999 -9999 -9999 -9999 -9999 -9999 -9999 3.76755309104919 4.16661214828491 2.23732495307922 1.99988633394241 1.85298746824265 1.12509450316429 -9999 -9999 -9999 -9999 -9999 -9999 -9999 -9999 -9999 3.6806828058683 2.22098922729492 2.23841625452042 2.53387123346329 -9999 3.66949796676636 -9999 -9999 -9999 -9999 2.54483467340469 2.41856843233109 2.53924566507339 2.40593773126602 2.09461426734924 1.87553179264069 1.83337658643723 1.76932042837143 1.78829258680344 1.71965092420578 1.63078647851944 1.47160273790359 1.5506032705307 1.62302845716476 1.71560257673264 1.87983602285385 1.91262066364288 1.83526432514191 1.74023401737213 1.27851748466492 1.05454802513123 1.08274573087692 1.10729920864105 1.23987373709679
-9999 -9999 -9999 -9999 -9999 -9999 -9999 -9999 -9999 -9999 2.2975646853447 2.3150393486023 1.95659923553467 2.21482801437378 1.80982053279877 1.66505706310272 1.57292550802231 1.56105297803879 1.67613673210144 1.61991602182388 -9999 -9999 1.52651166915894 1.61710506677628 1.6784895658493 -9999 -9999 2.19666265791113 1.84390354156494 1.79831850528717 1.96072125434875 1.95911550521851 2.13171672821045 2.04133647680283 -9999 -9999 -9999 2.21663171052933 2.32232183218002 2.3089656829834 2.51230573654175 2.42252916097641 1.88364976644516 1.68008852005005 1.57998293638229 1.56955504417419 1.47701776027679 1.28786471486092 1.22233504056931 1.21543872356415 1.17530697584152 1.17797622084618 1.17830550670624 1.2173385322094 1.2136342227459 1.20051303505898 1.11088424921036 0.961041033267975 0.933043509721756 0.957533240318298 0.949689745903015 1.02915599942207
-9999 -9999 -9999 -9999 -9999 -9999 -9999 -9999 -9999 3.0005818605423 2.74751472473145 2.39628446102142 1.730603992939 1.5403904914856 1.38855072855949 1.34014204144478 1.29430729150772 1.31752949953079 1.34375247359276 1.41688495874405 1.6223618388176 1.70104409694672 1.55857050418854 1.79797500371933 1.74784576892853 1.8127732872963 1.90927416086197 1.75685405731201 1.75055694580078 1.76221346855164 1.77674621343613 1.7686852812767 1.7453430891037 1.81519424915314 2.20797604322433 2.29406476020813 2.33596801757812 2.43039375543594 2.34283643960953 2.45717400312424 2.45319753885269 2.31893330812454 1.91696780920029 1.79637676477432 1.5028823018074 1.19135928153992 1.10718074440956 1.03870126605034 0.950188457965851 0.921044290065765 0.929381221532822 0.954610526561737 0.969817489385605 0.963650286197662 0.978879779577255 0.964622229337692 0.956249982118607 0.93113699555397 0.972644984722137 0.977419495582581 1.01247078180313 1.09380152821541
-9999 -9999 -9999 -9999 -9999 -9999 -9999 -9999 -9999 2.24528700113297 1.97091901302338 1.65409719944 1.25758722424507 1.10920724272728 1.05989250540733 1.04858699440956 1.07626801729202 1.11927902698517 1.24264946579933 1.35286948084831 1.59365254640579 1.70486032962799 1.59666448831558 1.57576131820679 1.55005645751953 1.60515904426575 1.64478224515915 1.69755220413208 1.73961675167084 1.76376593112946 1.77335393428802 1.79851806163788 1.80245018005371 1.8029460310936 1.88946747779846 2.03418749570847 2.1623917222023 2.1756899356842 2.2524322271347 2.2714506983757 2.27679222822189 2.11009651422501 1.57243055105209 1.38520270586014 1.19772970676422 1.10616445541382 0.973877280950546 0.895439207553864 0.849805533885956 0.802808225154877 0.820774465799332 0.858823478221893 0.875398457050323 0.928265959024429 0.948070496320724 0.943334251642227 0.968930214643478 1.00256699323654 0.99246820807457 1.12738421559334 1.14624971151352 1.1771519780159
-9999 -9999 -9999 -9999 -9999 -9999 -9999 -9999 -9999 2.19746625423431 1.67662346363068 1.36893072724342 1.15451404452324 0.919217258691788 0.909449994564056 0.934087514877319 0.980717271566391 0.970494747161865 0.954362958669662 1.0400752723217 1.29431328177452 1.3637992143631 1.34998199343681 1.34418752789497 1.34039926528931 1.32245779037476 1.36156350374222 1.45131522417068 1.54862558841705 1.58876770734787 1.61608868837357 1.73830497264862 1.78088468313217 1.8359482884407 1.89476323127747 1.95567297935486 1.96932971477509 1.94557875394821 1.90003126859665 1.82227349281311 1.60206520557404 1.31316822767258 1.11454421281815 1.06074902415276 1.01781678199768 1.0050622522831 0.995165973901749 0.947712779045105 0.892991244792938 0.801807761192322 0.801425278186798 0.819706499576569 0.84980097413063 0.968364715576172 1.01757153868675 1.01925829052925 1.04354846477509 1.06290453672409 1.09526771306992 1.09607997536659 1.11180227994919 1.16028973460197
5.33178663253784 3.2414345741272 7.2162766456604 5.91449189186096 -9999 -9999 -9999 2.15320962667465 2.13758844137192 2.08640849590302 1.51479148864746 1.38992178440094 1.24881899356842 1.05040875077248 1.03236678242683 1.04532453417778 1.04164052009583 1.08499047160149 1.0861214697361 1.01947572827339 0.905981987714767 0.916912525892258 0.917727738618851 0.926439017057419 0.994653761386871 1.03367471694946 0.995205760002136 1.03691402077675 1.01228624582291 1.02094951272011 1.03544247150421 1.09868475794792 1.1241899728775 1.17601650953293 1.16302648186684 1.15936651825905 1.18079772591591 1.21345871686935 1.20512849092484 1.09891954064369 0.98189851641655 0.97552353143692 1.001713514328 0.9687240421772 0.96053472161293 0.956341534852982 0.92691296339035 0.918507009744644 0.872054278850555 0.816441714763641 0.821678996086121 0.827287495136261 0.861608237028122 0.95399996638298 1.03900498151779 1.09930872917175 1.18799024820328 1.203260242939 1.21111723780632 1.25898000597954 1.17833402752876 1.17726078629494
2.35133028030396 2.25117301940918 1.61641949415207 2.06986266374588 1.83198595046997 1.76323127746582 1.60781997442245 1.67138922214508 1.54882049560547 1.48970773816109 1.3993102312088 1.30430701375008 1.20579752326012 1.09155973792076 1.04010450839996 1.00302672386169 0.989837229251862 1.10727301239967 1.0968022942543 1.05212250351906 1.00059002637863 0.934870541095734 0.9556964635849 0.969921737909317 0.891004532575607 0.826752036809921 0.796233773231506 0.848690986633301 0.915333777666092 0.937824010848999 0.957849740982056 0.989413529634476 1.03234648704529 0.991842001676559 0.981733471155167 0.955251753330231 0.931101769208908 0.911145776510239 0.897663742303848 0.906391471624374 0.921147733926773 0.952862977981567 0.964994251728058 0.92230948805809 0.868246525526047 0.842335492372513 0.831708043813705 0.861378729343414 0.877391248941422 0.858955532312393 0.869161516427994 0.901616960763931 0.941136717796326 1.04678177833557 1.12205547094345 1.23383322358131 1.31083425879478 1.32136201858521 1.28877899050713 1.24158301949501 1.07478895783424 1.10408547520638
1.22082075476646 1.27272301912308 1.20065250992775 1.16406226158142 1.00629821419716 0.893364787101746 0.921492040157318 1.12111195921898 1.16179347038269 1.21944004297256 1.18810871243477 1.09490847587585 1.01296949386597 0.939842998981476 0.889297485351562 0.94112554192543 1.0107487142086 1.05156674981117 1.02458176016808 1.00603052973747 1.00119978189468 1.06058022379875 1.09130626916885 1.15513873100281 1.08680248260498 1.02700352668762 1.00384873151779 1.00171878933907 1.01994073390961 1.01592224836349 1.03470146656036 1.05488553643227 1.06448400020599 1.10122802853584 1.12136775255203 1.08477678894997 1.05413103103638 1.0460362136364 1.02024078369141 0.963830977678299 0.95889151096344 0.967176765203476 0.999284237623215 0.951615035533905 0.935894966125488 0.897085458040237 0.836593508720398 0.878384292125702 0.908712029457092 0.972838461399078 0.993553519248962 1.05220797657967 1.13526901602745 1.2046477496624 1.23602396249771 1.25216701626778 1.27313402295113 1.29547271132469 1.2919747531414 1.30409476161003 1.22044122219086 1.19066628813744
1.04300245642662 1.07759776711464 0.94123050570488 0.873733520507812 0.742254003882408 0.763474524021149 0.708448514342308 0.719566494226456 0.816489726305008 0.862884789705276 0.865428775548935 0.767525285482407 0.725725516676903 0.702577516436577 0.821057260036469 0.892624497413635 0.947838753461838 0.969716280698776 1.02447071671486 1.06475847959518 1.13678553700447 1.21461975574493 1.25904750823975 1.23464995622635 1.1941425204277 1.08809700608253 1.09013700485229 1.10404801368713 1.02880650758743 1.03667396306992 1.05030146241188 1.05708825588226 1.08302477002144 1.10967752337456 1.0947539806366 1.09555122256279 1.11177903413773 1.11291298270226 1.10078778862953 1.0324874818325 0.978893995285034 0.969563215970993 0.960869997739792 0.987734287977219 0.974224537611008 0.946773022413254 1.01433071494102 1.03554904460907 1.07963401079178 1.11072447896004 1.16102403402328 1.24331322312355 1.32791474461555 1.38947778940201 1.39880329370499 1.45612049102783 1.49633172154427 1.49465095996857 1.58800345659256 1.54734599590302 1.47931122779846 1.44581025838852
0.600981742143631 0.701893508434296 0.641236513853073 0.644883021712303 0.656049728393555 0.653676733374596 0.673307240009308 0.664049237966537 0.620681270956993 0.639055520296097 0.611120268702507 0.584255263209343 0.59520448744297 0.586414486169815 0.631625264883041 0.676518738269806 0.740508735179901 0.876318722963333 1.03973695635796 1.05820798873901 1.07329952716827 1.12593001127243 1.11548325419426 1.10611420869827 1.06526926159859 1.05088502168655 1.05490726232529 1.04997602105141 1.05727878212929 1.06061553955078 1.05410170555115 1.05093750357628 1.04479801654816 1.05734252929688 1.06833520531654 1.14440622925758 1.21855276823044 1.24247628450394 1.22766673564911 1.13985675573349 1.08516901731491 1.07697522640228 1.06898403167725 1.08065629005432 1.06461524963379 1.10031223297119 1.19916298985481 1.13905647397041 1.13544827699661 1.19942852854729 1.25740501284599 1.33801576495171 1.46035274863243 1.62405216693878 1.64970141649246 1.71866476535797 1.87627351284027 2.01887619495392 2.166444003582 2.22101694345474 2.21278953552246 2.1794182062149
0.560441985726357 0.564158231019974 0.562014743685722 0.566562741994858 0.578857496380806 0.604632765054703 0.617109015583992 0.637272745370865 0.666206270456314 0.632658004760742 0.586573496460915 0.499258518218994 0.502364248037338 0.519964501261711 0.525061503052711 0.551192253828049 0.601933479309082 0.6876600086689 0.808842748403549 0.806142747402191 0.796997219324112 0.839350461959839 0.868916273117065 0.863518506288528 0.857861280441284 0.955089747905731 0.979572772979736 1.00409254431725 1.08908477425575 1.13724303245544 1.1501789689064 1.12150204181671 1.08053022623062 1.08142420649529 1.12313023209572 1.19629204273224 1.26729449629784 1.41632178425789 1.4778825044632 1.32447749376297 1.2085739672184 1.1520337164402 1.21760550141335 1.18986296653748 1.19843700528145 1.26345071196556 1.3177769780159 1.30666950345039 1.38051152229309 1.38141971826553 1.49923422932625 1.59078150987625 1.59444451332092 1.71868121623993 1.84946930408478 2.10504823923111 2.7063472867012 2.64441007375717 2.70606458187103 2.60708624124527 2.59753954410553 3.67459676140233
0.618224993348122 0.51002548635006 0.516543745994568 0.529210478067398 0.54833547770977 0.560587495565414 0.5871202647686 0.599898755550385 0.609465748071671 0.572405979037285 0.538095742464066 0.494885265827179 0.484328985214233 0.479817733168602 0.478029012680054 0.541861519217491 0.564949482679367 0.59688301384449 0.634305730462074 0.731886729598045 0.856414496898651 0.918761283159256 0.957648038864136 0.957324743270874 0.93332701921463 1.16521275043488 1.33556252717972 1.39854070544243 1.40317350625992 1.30417200922966 1.24236452579498 1.18302601575851 1.25978627800941 1.47968173027039 1.59340792894363 1.56670278310776 1.45297202467918 1.52469366788864 1.57965981960297 1.42688852548599 1.32587251067162 1.24851974844933 1.29543301463127 1.30045875906944 1.3058235347271 1.35573676228523 1.37508371472359 1.4247832596302 1.4797867834568 1.74525529146194 1.77637875080109 1.78992891311646 1.95226353406906 2.32361251115799 2.61015522480011 3.5757862329483 -9999 -9999 -9999 -9999 -9999 -9999
0.582657739520073 0.47690623998642 0.456986233592033 0.492070510983467 0.532691270112991 0.488927230238914 0.489731267094612 0.521626487374306 0.552449986338615 0.535040259361267 0.49873124063015 0.496725752949715 0.492569267749786 0.481862246990204 0.473216995596886 0.474258005619049 0.495563238859177 0.570396736264229 0.682693496346474 0.886105477809906 0.925992786884308 1.01972177624702 1.12193548679352 1.11589577794075 1.1628210246563 1.59270519018173 1.68859058618546 1.83293706178665 1.5768615603447 1.36128750443459 1.43815121054649 1.66027504205704 1.93810200691223 2.43290555477142 2.42956799268723 2.16565579175949 2.08741056919098 1.7526381611824 1.56082266569138 1.3780454993248 1.30676329135895 1.28708776831627 1.332210034132 1.39118403196335 1.42536154389381 1.463643014431 1.65900671482086 1.82127374410629 2.15280818939209 2.90588629245758 3.77451539039612 3.30348658561707 3.1775461435318 2.39735628877367 -9999 -9999 -9999 -9999 -9999 -9999 -9999 -9999
0.483108758926392 0.466180488467216 0.453970491886139 0.483582749962807 0.517983734607697 0.498255014419556 0.511941745877266 0.522212237119675 0.510845258831978 0.499608010053635 0.517219483852386 0.510834753513336 0.49694399535656 0.513519018888474 0.516188979148865 0.527796730399132 0.570639744400978 0.662850737571716 0.795379489660263 0.96856427192688 1.05301120877266 1.13176345825195 1.06250175833702 1.08973422646523 1.09873723983765 1.20626324415207 1.70685678720474 1.85821795463562 1.80431181192398 -9999 -9999 -9999 -9999 -9999 -9999 3.14426672458649 1.99240869283676 1.53933602571487 1.39716598391533 1.32622128725052 1.32861828804016 1.39939203858376 1.39613100886345 1.4434230029583 1.51117730140686 1.51966416835785 2.66036921739578 3.4399927854538 4.53831517696381 5.28109860420227 4.80081081390381 4.46825158596039 8.5610083937645 1.9762424826622 1.97624230384827 -9999 -9999 -9999 -9999 -9999 -9999 -9999
0.454909488558769 0.446931749582291 0.502951517701149 0.546513006091118 0.561001494526863 0.530014514923096 0.54491101205349 0.540864005684853 0.517862990498543 0.510704979300499 0.512363255023956 0.531075015664101 0.558529481291771 0.579028487205505 0.592672482132912 0.595482766628265 0.604659005999565 0.663698270916939 0.878603249788284 1.07994604110718 1.08254179358482 1.07683646678925 1.12198573350906 1.22669103741646 1.23908695578575 1.28920277953148 1.85776430368423 1.8826664686203 1.83700275421143 -9999 -9999 -9999 -9999 -9999 -9999 -9999 3.73480117321014 2.18424367904663 1.67525553703308 1.58057105541229 1.58306479454041 1.55067068338394 1.61083424091339 1.53091657161713 2.29969882965088 4.19578635692596 4.78657793998718 3.09766638278961 6.69109153747559 5.90369403362274 4.07194197177887 7.78030550479889 -9999 -9999 -9999 -9999 -9999 -9999 -9999 -9999 -9999 -9999
0.43052177131176 0.465323254466057 0.493437007069588 0.514201506972313 0.503142759203911 0.491630986332893 0.568154230713844 0.543999016284943 0.532074004411697 0.529073998332024 0.552408009767532 0.558341234922409 0.559432491660118 0.59027025103569 0.616957515478134 0.665141254663467 0.774973511695862 0.84800997376442 1.12791153788567 -9999 -9999 0.943280965089798 0.930470287799835 1.21500447392464 1.38646575808525 1.50863242149353 2.05182445049286 2.34418129920959 2.70264905691147 -9999 -9999 -9999 -9999 -9999 -9999 -9999 6.46995091438293 4.68739056587219 4.16697514057159 4.35708296298981 4.06690943241119 3.4638923406601 3.31072497367859 3.19018292427063 3.13314807415009 2.94991278648376 3.78634572029114 2.93961006402969 4.71292591094971 9.02626276016235 4.65339839458466 4.27869379520416 3.90545520186424 -9999 -9999 -9999 -9999 -9999 -9999 -9999 -9999 -9999
0.492404267191887 0.51222825050354 0.503384247422218 0.490635752677917 0.50093699991703 0.536392495036125 0.578628748655319 0.580695748329163 0.570937514305115 0.561066001653671 0.585286483168602 0.6041129976511 0.625665754079819 0.670599013566971 0.673821017146111 0.695345252752304 0.759912014007568 0.812451750040054 0.818060249090195 0.845599472522736 0.84418648481369 0.809510976076126 0.784779757261276 1.28325372934341 1.47672826051712 1.67412221431732 1.81634330749512 2.10870677232742 2.03677797317505 1.34663620591164 -9999 -9999 -9999 -9999 -9999 -9999 -9999 28.3425667389579 3.47415232658386 1.38838064133144 5.10380101203918 4.58741319179535 4.86622130870819 3.94175326824188 3.29291009902954 3.07630956172943 3.62393832206726 6.76877474784851 3.59947514533997 5.34679484367371 4.80458164215088 4.64059719443321 -9999 -9999 -9999 -9999 -9999 -9999 -9999 -9999 -9999 -9999
0.498314246535301 0.474609732627869 0.475395753979683 0.523605018854141 0.536181002855301 0.567562490701675 0.61013625562191 0.565910249948502 0.560738235712051 0.580392748117447 0.634116768836975 0.647564247250557 0.648510754108429 0.646241247653961 0.69326850771904 0.693828731775284 0.689819231629372 0.722499758005142 0.727049991488457 0.737413510680199 0.717807769775391 0.770859003067017 0.951330006122589 1.6606822013855 1.76402932405472 1.72440075874329 1.60843420028687 1.97837322950363 1.91183549165726 1.96993643045425 -9999 -9999 -9999 -9999 -9999 -9999 -9999 -9999 -9999 -9999 -9999 -9999 -9999 -9999 -9999 -9999 3.65490746498108 4.84503901004791 5.53907918930054 14.591935634613 -9999 -9999 -9999 -9999 -9999 -9999 -9999 -9999 -9999 -9999 -9999 -9999
0.590842500329018 0.55579049885273 0.533675998449326 0.573923259973526 0.615164995193481 0.619589254260063 0.639441758394241 0.643674731254578 0.624890998005867 0.620359495282173 0.716466754674911 0.730286255478859 0.730233013629913 0.731067761778831 0.746197521686554 0.724701762199402 0.741929233074188 0.739531517028809 0.726888746023178 0.744019478559494 0.810202538967133 0.933999001979828 1.1414797604084 1.27150135785341 -9999 -9999 -9999 1.57096570730209 1.73401129245758 1.90667545795441 2.16865718364716 -9999 -9999 -9999 -9999 -9999 -9999 -9999 -9999 -9999 -9999 -9999 -9999 -9999 -9999 -9999 -9999 -9999 -9999 -9999 -9999 -9999 -9999 -9999 -9999 -9999 -9999 -9999 -9999 -9999 -9999 -9999
0.647248506546021 0.681830272078514 0.702138751745224 0.675240755081177 0.651446253061295 0.677243247628212 0.675023227930069 0.67484624683857 0.674697741866112 0.662728518247604 0.661685228347778 0.699275270104408 0.72596101462841 0.731871753931046 0.795136481523514 0.858792722225189 0.819227993488312 0.797756999731064 0.810470223426819 0.812934726476669 0.909002959728241 1.0238182246685 1.15088099241257 1.40840327739716 1.51508098840714 1.47766873240471 1.58120620250702 1.38122624158859 1.58572429418564 1.82451367378235 2.13938927650452 2.44629550725222 -9999 -9999 -9999 -9999 -9999 -9999 -9999 -9999 -9999 -9999 -9999 -9999 -9999 -9999 -9999 -9999 -9999 -9999 -9999 -9999 -9999 -9999 -9999 -9999 -9999 -9999 -9999 -9999 -9999 -9999
0.623008489608765 0.696149244904518 0.7213094830513 0.708305239677429 0.700586244463921 0.725404500961304 0.724673241376877 0.713903233408928 0.742303490638733 0.727133989334106 0.721594512462616 0.800292760133743 0.807098239660263 0.84699073433876 0.903881281614304 0.89127454161644 0.903546005487442 0.84448653459549 0.850485742092133 0.867423713207245 0.917541772127151 1.0062697827816 1.11811047792435 1.2642315030098 1.40702623128891 1.40474697947502 1.43201395869255 1.75086218118668 2.00866806507111 2.2510267496109 2.32120800018311 1.87467232690408 -9999 -9999 -9999 -9999 -9999 -9999 -9999 -9999 -9999 -9999 -9999 -9999 -9999 -9999 -9999 -9999 -9999 -9999 -9999 -9999 -9999 -9999 -9999 -9999 -9999 -9999 -9999 -9999 -9999 -9999
0.536673009395599 0.586202993988991 0.613932743668556 0.594128251075745 0.634078502655029 0.683856770396233 0.710333257913589 0.733763247728348 0.872174263000488 0.843486785888672 0.876393735408783 1.13796973228455 1.38348600268364 1.46789628267288 1.47143402695656 1.37286150455475 1.07885178923607 0.941586792469025 0.90007495880127 0.88866001367569 0.911460757255554 1.06280323863029 1.18285498023033 1.32997646927834 1.63182216882706 1.62417680025101 1.41490575671196 1.83752328157425 2.08187395334244 2.48091816902161 4.52015340328217 -9999 -9999 -9999 -9999 -9999 -9999 -9999 -9999 -9999 -9999 -9999 -9999 -9999 -9999 -9999 -9999 -9999 -9999 -9999 -9999 -9999 -9999 -9999 -9999 -9999 -9999 -9999 -9999 -9999 -9999 -9999
