EcologicalScience/Bass/data/rs_data_bass/chl_545.asc
NCOLS 226 
NROWS 124 
XLLCORNER -9.41648524995501 
YLLCORNER 47.587301625531 
CELLSIZE 0.0833 
NODATA_value -9999 
[rows 54 to 80 of 124, columns 124 to 185 of 226]
2.42135989665985 1.2395761013031 1.27085816860199 1.31568342447281 1.29390630125999 1.28647050261497 1.3251246213913 1.37560960650444 1.36524251103401 1.39630481600761 1.36614686250687 1.34103360772133 1.23531371355057 1.14969116449356 1.0893928706646 1.04585310816765 1.48839908838272 1.41333943605423 1.39827767014503 1.38065153360367 1.43240037560463 1.57095301151276 1.74695831537247 1.88386255502701 1.95636606216431 2.04439401626587 2.16646152734756 4.644899725914 3.72254133224487 2.69254553318024 1.69088637828827 1.67753773927689 1.67149722576141 1.54631334543228 1.57865864038467 1.60010451078415 1.55846321582794 1.60848695039749 1.42801943421364 1.3210489153862 1.14962035417557 1.26903739571571 1.2653194963932 3.05961906909943 3.69593811035156 4.69314086437225 5.68219757080078 5.73251366615295 6.00214719772339 6.42216825485229 7.18622517585754 7.37570858001709 9.417804479599 8.92948508262634 7.51954507827759 7.61996054649353 9.12849926948547 9.9234402179718 10.0418100357056 9.81539797782898 -9999 -9999
2.72149640321732 1.45986279845238 1.38846552371979 1.40319550037384 1.43362936377525 1.41112831234932 1.34410572052002 1.30524319410324 1.36925107240677 1.39529424905777 1.37781831622124 1.30722650885582 1.23846924304962 1.18210217356682 1.11006340384483 1.57913607358932 1.63370025157928 1.81096869707108 1.63222861289978 1.71119892597198 1.89678025245667 2.03719425201416 2.0796275138855 2.07869946956635 2.19411242008209 1.51827192306519 1.51555573940277 1.51485389471054 1.53702181577682 1.58830100297928 1.57350844144821 1.28094309568405 1.40944084525108 1.52983295917511 1.66043543815613 1.64030081033707 1.53541338443756 1.43641170859337 1.25764158368111 1.21333819627762 1.21725377440453 1.08385303616524 0.865161895751953 0.880217403173447 1.04742729663849 1.06816023588181 1.154705286026 1.24175083637238 7.18085646629333 7.17579030990601 7.43056583404541 7.70427346229553 8.95111155509949 9.37723016738892 9.43432831764221 10.2392678260803 10.5720698833466 -9999 -9999 -9999 -9999 -9999
1.79710024595261 1.71467685699463 1.64837694168091 1.59183937311172 1.64673954248428 1.52392762899399 1.39914518594742 1.3791863322258 1.29311960935593 1.25819474458694 1.24136638641357 1.85718601942062 1.99971342086792 1.81831169128418 1.86369860172272 1.86922591924667 1.79374694824219 1.90762263536453 1.98163765668869 1.98846065998077 2.04180318117142 1.74804031848907 1.70216846466064 1.64650475978851 1.65587389469147 1.6402827501297 1.69367605447769 1.63806116580963 1.62311965227127 1.48596543073654 1.58443486690521 1.90485012531281 1.53448855876923 1.61733251810074 1.71984332799911 1.75147891044617 1.70402365922928 1.4786691069603 1.40744939446449 1.21525731682777 1.12132743000984 0.924391150474548 0.853875875473022 0.987022787332535 1.15063467621803 1.14633259177208 1.27368396520615 6.31378984451294 6.69554543495178 6.91488146781921 7.98060965538025 8.43289661407471 8.90166592597961 10.1933963298798 12.4738755226135 -9999 -9999 -9999 -9999 -9999 -9999 -9999
2.14313364028931 2.10105693340302 2.01800233125687 1.94714963436127 1.92277961969376 1.93003123998642 1.77655220031738 1.47780007123947 1.29130393266678 1.21091464161873 2.04214686155319 2.12463122606277 2.16508716344833 2.0826056599617 1.80787324905396 2.0202898979187 1.97993570566177 1.79856652021408 1.83224952220917 1.88380140066147 1.8753297328949 1.78486239910126 1.80135065317154 1.85334098339081 1.79016369581223 1.8826122879982 1.81356185674667 1.70860147476196 1.62979674339294 1.38289538025856 1.28564947843552 1.53781878948212 1.79384011030197 1.70397877693176 1.83525002002716 1.70212858915329 1.60509592294693 1.4618843793869 1.37797567248344 1.25171309709549 1.23661234974861 0.94746869802475 0.947468787431717 5.47818839550018 7.43009662628174 8.96189188957214 8.23951292037964 -9999 8.37518692016602 8.66411447525024 9.09485006332397 9.21110701560974 9.79901647567749 10.8235530853271 -9999 -9999 -9999 -9999 -9999 -9999 -9999 -9999
2.81612151861191 2.61411345005035 2.49631065130234 2.40888994932175 2.30904221534729 2.21068775653839 2.05799996852875 1.9545516371727 1.845607817173 2.34055459499359 2.37468767166138 2.2680162191391 1.9906033873558 1.90543466806412 1.88016664981842 1.87984603643417 2.27246010303497 2.24482190608978 1.97343313694 2.0030123591423 2.03075802326202 1.90670138597488 1.84646487236023 1.81229728460312 1.69372200965881 1.66030526161194 1.74305874109268 1.73094284534454 1.48876029253006 1.3231615126133 1.34957653284073 1.84473860263824 1.95334911346436 1.59270447492599 1.52201753854752 1.47395548224449 1.47732496261597 1.37330406904221 1.29675784707069 0.757871389389038 0.757871478796005 3.58773994445801 4.34265768527985 6.00631213188171 8.66040301322937 11.1426708698273 11.8607475757599 10.7819674015045 9.37425899505615 8.84389972686768 9.11327075958252 10.3175690174103 23.8821730613708 33.2301321029663 -9999 -9999 -9999 -9999 -9999 -9999 -9999 -9999
4.53831732273102 5.32682740688324 3.07974278926849 2.97717100381851 2.73883563280106 2.59317111968994 2.40382200479507 2.12975853681564 2.09409338235855 3.14339697360992 2.77380484342575 2.68334805965424 2.55328971147537 2.36305940151215 2.2651880979538 2.07779771089554 2.23311173915863 2.42341536283493 2.41006672382355 2.39825892448425 1.88946908712387 1.8393822312355 1.71576797962189 1.68302035331726 1.65251880884171 1.40196561813354 1.36297300457954 1.40097686648369 1.4977371096611 1.54933315515518 1.72838759422302 1.87333256006241 1.8385044336319 1.55107980966568 1.43470260500908 1.43016448616982 1.31110194325447 1.2380333840847 3.64861643314362 3.56816482543945 3.91678297519684 4.32438147068024 4.56377613544464 6.42977213859558 8.04873847961426 9.48119187355042 7.97607493400574 11.080050945282 11.5564334392548 9.71955442428589 18.5511317253113 26.5044651031494 29.5332899093628 29.1655683517456 -9999 -9999 -9999 -9999 -9999 -9999 -9999 -9999
-9999 -9999 -9999 -9999 -9999 2.28387522697449 5.22079253196716 4.47308492660522 4.44805347919464 3.627974152565 3.32820224761963 2.86228305101395 2.69938033819199 2.70456951856613 2.56034982204437 2.56436920166016 2.37974542379379 2.39483606815338 2.51172816753387 2.60168033838272 1.73842978477478 1.78125071525574 1.76728302240372 1.63915210962296 1.50124078989029 1.29098457098007 1.30438211560249 1.50576281547546 1.61866468191147 1.61212795972824 1.55470615625381 1.56818783283234 2.87539011240005 2.77532386779785 1.37535497546196 1.42682415246964 1.46348136663437 3.68596744537354 4.22488045692444 4.40538418292999 4.5813592672348 4.57220363616943 4.80922079086304 8.22255492210388 11.1208333969116 10.6930274963379 -9999 -9999 -9999 -9999 22.1019587516785 27.0967197418213 27.1475973129272 29.3355274200439 -9999 -9999 -9999 -9999 -9999 -9999 -9999 -9999
-9999 -9999 -9999 -9999 -9999 -9999 -9999 -9999 4.80245983600616 4.13286745548248 3.61135375499725 3.3495762348175 3.06197655200958 3.05954647064209 2.8160292506218 2.64977592229843 2.57138621807098 2.33554995059967 2.27742755413055 1.76300060749054 1.73980754613876 1.61401516199112 1.52596092224121 1.32003575563431 1.28516614437103 1.34960514307022 1.37146183848381 1.49505257606506 1.48151698708534 1.4374974668026 1.39302858710289 2.96980655193329 3.05161535739899 3.10521554946899 3.15289628505707 3.58302819728851 3.61012816429138 3.68691766262054 3.88256657123566 4.87928867340088 4.93739175796509 5.36270570755005 7.13353586196899 10.1514687538147 11.1531829833984 29.0682649612427 -9999 -9999 -9999 -9999 17.548882484436 22.3351693153381 23.2803711891174 22.6606192588806 22.4060254096985 22.1985683441162 24.8098468780518 -9999 -9999 -9999 -9999 -9999
-9999 -9999 -9999 -9999 -9999 -9999 -9999 -9999 -9999 4.092160820961 3.9760776758194 3.81962263584137 3.37244832515717 3.16853070259094 3.00614869594574 2.92523235082626 2.65575796365738 2.37122869491577 1.64828914403915 1.59142345190048 1.56720650196075 1.3979951441288 1.27192595601082 1.33837124705315 1.36895111203194 1.40860855579376 1.36060076951981 3.7343076467514 3.47107028961182 3.66032445430756 3.62716484069824 3.24358928203583 3.58657014369965 4.05388569831848 3.75084221363068 3.78548061847687 3.99625861644745 3.68192195892334 4.50548779964447 5.53315508365631 5.67443561553955 6.10240530967712 8.07358288764954 11.3892416954041 12.4183058738708 -9999 -9999 -9999 -9999 -9999 -9999 -9999 21.9029359817505 21.1215605735779 21.8360867500305 19.3426322937012 10.8786277770996 -9999 -9999 -9999 -9999 -9999
-9999 -9999 -9999 -9999 -9999 -9999 -9999 -9999 -9999 4.3704868555069 3.78142905235291 3.47433364391327 3.4069504737854 3.26685225963593 3.0389142036438 3.1382063627243 2.89853221178055 2.57110494375229 2.24413079023361 1.4578370153904 1.43514686822891 1.39001280069351 1.33437895774841 1.47319185733795 1.52738893032074 1.3700558245182 1.38166192173958 3.44207739830017 3.47457325458527 3.93341195583344 4.3185088634491 4.17187643051147 4.23655521869659 3.91216707229614 3.77020454406738 3.98212587833405 3.83179342746735 4.71201038360596 4.93226730823517 5.4894357919693 5.48943614959717 7.27964687347412 9.98692417144775 12.1084885597229 12.1224060058594 33.0447750091553 -9999 -9999 -9999 10.7216820716858 9.64261078834534 9.18940830230713 8.61721014976501 10.89932513237 16.9198093414307 16.403181552887 13.425630569458 -9999 -9999 -9999 -9999 -9999
-9999 -9999 -9999 -9999 -9999 -9999 -9999 -9999 -9999 4.30188989639282 3.77808487415314 3.53536605834961 3.52224469184875 3.47445094585419 3.31507837772369 3.30474936962128 3.13821959495544 1.70160663127899 1.391781270504 1.37495371699333 1.48729911446571 1.52027428150177 1.57463711500168 1.6457342505455 1.5548592209816 1.30975645780563 1.25275191664696 1.26371812820435 3.58389008045197 3.65893685817719 3.70968639850616 4.05488240718842 4.11431515216827 3.6387494802475 3.64364969730377 3.96046900749207 4.28628766536713 4.4940437078476 4.52583253383636 10.8261466026306 8.73433470726013 7.15527749061584 10.4337315559387 16.0594782829285 11.1967813968658 -9999 -9999 -9999 -9999 9.70809602737427 9.53299927711487 9.43392419815063 9.22416615486145 9.22446870803833 10.9340343475342 -9999 -9999 -9999 -9999 -9999 -9999 -9999
-9999 -9999 -9999 -9999 -9999 -9999 -9999 -9999 -9999 3.67937564849854 3.60393297672272 3.51986110210419 3.37795400619507 3.28996932506561 3.13318634033203 3.03949856758118 2.82763606309891 1.74129366874695 1.58587503433228 1.4639912545681 1.59542977809906 1.55901789665222 1.60119581222534 1.80681377649307 3.42465341091156 3.50990545749664 3.22669458389282 3.56384432315826 3.58147573471069 3.43027031421661 3.61530303955078 3.17720746994019 3.84130954742432 3.69564020633698 4.06070530414581 4.6374489068985 5.13296806812286 4.97392952442169 5.30597412586212 9.48553276062012 13.4249324798584 16.299063205719 12.6459059715271 9.71835207939148 3.86466658115387 -9999 -9999 -9999 -9999 -9999 9.73285174369812 9.68180537223816 10.0293924808502 10.2023091316223 -9999 -9999 -9999 -9999 -9999 -9999 -9999 -9999
-9999 -9999 -9999 -9999 -9999 -9999 -9999 -9999 -9999 3.95912432670593 3.7968202829361 3.5494612455368 3.31998038291931 3.13709986209869 2.98840802907944 2.84294754266739 2.47416865825653 2.34942144155502 2.38813930749893 2.60570526123047 2.77670878171921 2.99771618843079 3.1456503868103 3.00308632850647 2.76577877998352 2.7112028002739 2.96845293045044 3.22241985797882 3.55878496170044 3.44409048557281 3.35806882381439 3.99493932723999 4.21748077869415 4.0954384803772 4.83912420272827 4.91918134689331 5.06634879112244 5.9155787229538 6.64003157615662 7.34966325759888 8.11062169075012 9.61495113372803 9.95699071884155 9.6431622505188 3.86466693878174 -9999 -9999 -9999 -9999 12.1949715614319 -9999 -9999 -9999 -9999 -9999 -9999 -9999 -9999 -9999 -9999 -9999 -9999
-9999 -9999 -9999 -9999 -9999 -9999 -9999 -9999 -9999 4.08087372779846 3.78733456134796 3.60839259624481 3.42400145530701 2.70310145616531 2.61861008405685 2.40222072601318 1.88752609491348 1.75409799814224 2.57857757806778 3.40066838264465 3.88369560241699 3.70826733112335 3.26227533817291 2.92158472537994 3.11344599723816 3.23912394046783 3.4888858795166 3.72774875164032 3.89925062656403 4.23183846473694 4.16287636756897 4.66099762916565 4.54610180854797 4.39338970184326 3.86866772174835 4.3730320930481 5.71737420558929 6.91084599494934 6.89912009239197 7.08551287651062 8.07093501091003 8.39293527603149 8.11750817298889 -9999 -9999 -9999 -9999 -9999 -9999 -9999 -9999 -9999 -9999 -9999 -9999 -9999 -9999 -9999 -9999 -9999 -9999 -9999
-9999 -9999 -9999 -9999 -9999 -9999 -9999 -9999 3.62682473659515 3.7412520647049 3.63056659698486 3.50795781612396 2.76112103462219 2.4684721827507 2.52177304029465 2.67742073535919 2.17308050394058 2.20829719305038 2.38739633560181 3.78804552555084 4.15982437133789 4.31384146213531 4.02325594425201 3.62371444702148 3.66554045677185 3.98616814613342 4.25779187679291 4.24620723724365 4.34428775310516 4.28222501277924 4.80470502376556 5.09936392307281 4.62647330760956 3.87929928302765 4.2542849779129 5.10714948177338 6.1005527973175 6.83528637886047 6.73223304748535 1.57729822397232 1.57729822397232 9.31960487365723 -9999 -9999 -9999 -9999 -9999 -9999 -9999 -9999 -9999 -9999 -9999 -9999 -9999 -9999 -9999 -9999 -9999 -9999 -9999 -9999
-9999 -9999 -9999 -9999 -9999 -9999 -9999 3.28386068344116 3.60829782485962 3.57539677619934 3.11567866802216 3.05842888355255 3.07134175300598 2.59042400121689 2.57377427816391 2.51658529043198 2.56254351139069 2.36930072307587 2.31615686416626 1.87362939119339 1.64002740383148 1.58866935968399 1.54177308082581 3.91360008716583 3.96568071842194 4.13484156131744 4.10760891437531 4.34949481487274 5.0229195356369 4.64196860790253 4.14035260677338 4.64981245994568 4.831618309021 4.74791586399078 4.68322956562042 5.06399595737457 4.95493125915527 1.57983613014221 1.64032834768295 1.65979367494583 1.60711115598679 5.69786846637726 3.25656187534332 -9999 -9999 -9999 -9999 -9999 -9999 -9999 -9999 -9999 -9999 -9999 -9999 -9999 -9999 -9999 -9999 -9999 -9999 -9999
-9999 -9999 -9999 -9999 -9999 -9999 3.5810272693634 3.69711685180664 3.49809587001801 3.43371605873108 3.37144589424133 3.31631362438202 3.3466819524765 2.82587850093842 2.4921441078186 2.75904983282089 2.80629426240921 2.6891942024231 2.34323751926422 1.9525220990181 1.7982582449913 1.69892317056656 1.66851514577866 1.6337742805481 1.58180683851242 1.59412157535553 1.75093191862106 4.77184760570526 4.4128965139389 3.56353354454041 3.23747777938843 4.22786271572113 4.46839213371277 4.44797694683075 4.53323864936829 1.66271907091141 1.68090856075287 1.86456817388535 1.90471583604813 1.80247807502747 -9999 -9999 -9999 -9999 -9999 -9999 -9999 -9999 -9999 -9999 -9999 -9999 -9999 -9999 -9999 -9999 -9999 -9999 -9999 -9999 -9999 -9999
-9999 -9999 -9999 -9999 4.03413283824921 3.86399853229523 3.61964786052704 3.5241733789444 3.45880436897278 3.24997437000275 3.04058468341827 3.44754195213318 3.46442234516144 3.19048762321472 2.75355845689774 2.90994501113892 2.7281152009964 2.61829286813736 2.19485235214233 1.96193647384644 1.82667535543442 1.67432641983032 1.74968522787094 1.72275370359421 1.63154911994934 1.64547550678253 1.69745600223541 1.6906875371933 2.04481118917465 2.49707508087158 2.52495932579041 1.86674273014069 1.96006178855896 1.99035161733627 2.03599154949188 2.07273495197296 2.47531986236572 3.73810708522797 -9999 -9999 -9999 -9999 -9999 -9999 -9999 -9999 -9999 -9999 -9999 -9999 -9999 -9999 -9999 -9999 -9999 -9999 -9999 -9999 -9999 -9999 -9999 -9999
-9999 -9999 -9999 -9999 3.56707978248596 3.55439400672913 3.44359230995178 3.63451981544495 3.3439861536026 2.95724129676819 2.76021713018417 3.55313587188721 3.50138139724731 3.13970267772675 2.77817648649216 2.50561594963074 2.57473504543304 2.39715868234634 2.14717125892639 1.99476492404938 1.79648423194885 1.69090980291367 1.78303438425064 1.77212369441986 1.66025072336197 1.67712163925171 1.69619804620743 1.7717233300209 2.13256573677063 2.15066295862198 2.15115022659302 2.18008875846863 2.31934815645218 2.30895799398422 2.50128364562988 3.13558959960938 3.12557816505432 7.16810274124146 -9999 -9999 -9999 -9999 -9999 -9999 -9999 -9999 -9999 -9999 -9999 -9999 -9999 -9999 -9999 -9999 -9999 -9999 -9999 -9999 -9999 -9999 -9999 -9999
-9999 -9999 3.74191510677338 3.75690543651581 3.77898216247559 3.25810182094574 3.30199885368347 3.52719390392303 3.30916357040405 2.62710911035538 3.08402001857758 3.34601891040802 3.50415980815887 2.8800932765007 2.41371542215347 2.13139826059341 2.12568390369415 2.08441954851151 2.00715565681458 1.83369022607803 1.78933990001678 1.79521411657333 1.81508374214172 1.73301064968109 1.7194989323616 1.85734963417053 1.97081959247589 2.32262760400772 2.3860559463501 2.30113399028778 2.55083477497101 2.75419825315475 2.85659569501877 2.92892217636108 2.91468375921249 5.26129424571991 -9999 -9999 -9999 -9999 -9999 -9999 -9999 -9999 -9999 -9999 -9999 -9999 -9999 -9999 -9999 -9999 -9999 -9999 -9999 -9999 -9999 -9999 -9999 -9999 -9999 -9999
-9999 4.1868349313736 3.78426003456116 3.48286986351013 3.51209270954132 3.29157793521881 3.32383632659912 3.46441233158112 3.40918242931366 2.84754091501236 2.3202343583107 2.7218599319458 3.56119322776794 2.85331231355667 1.89252609014511 1.96578884124756 2.32433277368546 2.25016522407532 2.01723021268845 1.91861665248871 1.83024376630783 1.83995300531387 1.97801166772842 1.92171835899353 1.95376950502396 2.06925219297409 2.29666578769684 2.52342063188553 2.72428250312805 2.80277860164642 2.87169724702835 3.23433530330658 3.32448613643646 6.41572308540344 -9999 -9999 -9999 -9999 -9999 -9999 -9999 -9999 -9999 -9999 -9999 -9999 -9999 -9999 -9999 -9999 -9999 -9999 -9999 -9999 -9999 -9999 -9999 -9999 -9999 -9999 -9999 -9999
3.59763658046722 3.72964632511139 3.71522748470306 3.71418786048889 3.62947225570679 3.12233197689056 3.31851267814636 3.54919123649597 3.58906495571136 3.05634105205536 2.38022822141647 2.94085621833801 2.96399134397507 2.33914697170258 2.28387719392776 2.62324976921082 2.59026914834976 2.2424111366272 1.98064380884171 1.81943929195404 1.76155650615692 1.84364551305771 1.89355337619781 1.96426337957382 2.18522608280182 2.38296765089035 2.42510479688644 2.53538453578949 2.58200258016586 2.53375786542892 2.64420568943024 2.97075265645981 2.91479569673538 6.19029235839844 5.64354479312897 5.55190980434418 -9999 -9999 -9999 -9999 -9999 -9999 -9999 -9999 -9999 -9999 -9999 -9999 -9999 -9999 -9999 -9999 -9999 -9999 -9999 -9999 -9999 -9999 -9999 -9999 -9999 -9999
3.98608160018921 3.66459810733795 3.73448503017426 3.88864982128143 3.96283292770386 3.20402920246124 3.20671427249908 3.23971366882324 2.97115069627762 2.15998685359955 2.34639698266983 2.39825785160065 2.26524245738983 2.34415590763092 2.47869962453842 2.26663398742676 2.19574284553528 2.01117485761642 1.84295475482941 1.7999814748764 1.71900451183319 1.8464047908783 2.04665529727936 2.22540038824081 2.16212010383606 2.39516419172287 2.46410644054413 2.60113424062729 2.9499306678772 2.99188363552094 2.87569051980972 -9999 -9999 -9999 -9999 -9999 -9999 -9999 -9999 -9999 -9999 -9999 -9999 -9999 -9999 -9999 -9999 -9999 -9999 -9999 -9999 -9999 -9999 -9999 -9999 -9999 -9999 -9999 -9999 -9999 -9999 -9999
4.18807911872864 4.03468751907349 4.14564549922943 4.30776786804199 4.05187225341797 2.99711287021637 2.94154572486877 2.97202438116074 3.14622366428375 2.58113300800323 2.00310534238815 1.96486687660217 2.03658771514893 2.09455758333206 2.06212574243546 1.9687625169754 2.04197824001312 2.00987738370895 1.82558190822601 1.72107607126236 1.71897214651108 1.86764484643936 2.09290051460266 2.2227081656456 2.45583808422089 2.64553731679916 2.78654336929321 3.22806930541992 3.41292357444763 3.00248193740845 2.95361459255219 5.17192411422729 -9999 -9999 -9999 -9999 -9999 -9999 -9999 12.6942715644836 -9999 -9999 -9999 -9999 -9999 -9999 -9999 -9999 -9999 -9999 -9999 -9999 -9999 -9999 -9999 -9999 -9999 -9999 -9999 -9999 -9999 -9999
4.5765620470047 5.1301474571228 5.84628939628601 7.05116844177246 4.73034131526947 4.07281601428986 3.8792552947998 3.68165481090546 3.55171465873718 2.60280078649521 1.70593464374542 1.70381516218185 1.79209184646606 1.90470957756042 1.89970618486404 1.93177306652069 1.94208508729935 1.82095670700073 1.76917344331741 1.82496446371078 1.94256591796875 2.21296244859695 2.43638509511948 2.56428283452988 2.68413305282593 2.78032582998276 2.79420411586761 2.67215538024902 2.74092239141464 2.7967101931572 2.89064508676529 3.42093944549561 -9999 -9999 -9999 -9999 -9999 -9999 -9999 -9999 -9999 -9999 -9999 -9999 -9999 -9999 -9999 -9999 -9999 -9999 -9999 -9999 -9999 -9999 -9999 -9999 -9999 -9999 -9999 -9999 -9999 -9999
-9999 -9999 -9999 -9999 -9999 3.6551342010498 4.38299810886383 4.14267683029175 3.37745404243469 1.93523544073105 1.70916849374771 1.62314540147781 1.77458506822586 1.8782896399498 1.75315707921982 1.90936356782913 1.94792246818542 2.00327146053314 2.05190598964691 2.10003679990768 2.43037980794907 2.64435589313507 2.6354461312294 2.71695756912231 2.79963737726212 3.1169947385788 3.11699438095093 -9999 -9999 -9999 -9999 -9999 -9999 -9999 -9999 -9999 -9999 -9999 -9999 -9999 -9999 -9999 -9999 -9999 -9999 -9999 -9999 -9999 -9999 -9999 -9999 -9999 -9999 -9999 -9999 -9999 -9999 -9999 -9999 -9999 -9999 -9999
-9999 -9999 -9999 -9999 -9999 3.9440199136734 3.23814904689789 3.39050889015198 2.55709451436996 1.62066131830215 1.6243559718132 1.70864170789719 1.73493844270706 1.74560433626175 1.96395868062973 2.10338401794434 2.23625421524048 2.26656693220139 2.34043478965759 2.49172657728195 2.88435566425323 2.9989065527916 3.00205135345459 2.97186148166656 -9999 -9999 -9999 -9999 -9999 -9999 -9999 -9999 -9999 -9999 -9999 -9999 -9999 -9999 -9999 -9999 -9999 -9999 -9999 -9999 -9999 -9999 -9999 -9999 -9999 -9999 -9999 -9999 -9999 -9999 -9999 -9999 -9999 -9999 -9999 -9999 -9999 -9999
