EcologicalScience/Bass/data/rs_data_bass/chl_278.asc
NCOLS 226 
NROWS 124 
XLLCORNER -9.41648524995501 
YLLCORNER 47.587301625531 
CELLSIZE 0.0833 
NODATA_value -9999 
[rows 81 to 107 of 124, columns 62 to 123 of 226]
3.85158455371857 5.97498106956482 7.6620512008667 7.66205191612244 -9999 -9999 -9999 -9999 -9999 -9999 -9999 -9999 -9999 -9999 -9999 -9999 -9999 -9999 -9999 -9999 -9999 -9999 -9999 -9999 -9999 -9999 -9999 -9999 -9999 -9999 -9999 -9999 -9999 -9999 -9999 -9999 -9999 -9999 -9999 -9999 -9999 -9999 -9999 -9999 -9999 -9999 -9999 -9999 -9999 -9999 -9999 -9999 -9999 -9999 -9999 -9999 -9999 -9999 -9999 -9999 -9999 -9999
3.08073449048024 -9999 -9999 -9999 -9999 -9999 -9999 -9999 -9999 -9999 -9999 -9999 -9999 -9999 -9999 -9999 -9999 -9999 -9999 -9999 -9999 -9999 -9999 -9999 -9999 -9999 -9999 -9999 -9999 -9999 -9999 -9999 -9999 -9999 -9999 -9999 -9999 -9999 -9999 -9999 -9999 -9999 -9999 -9999 -9999 -9999 -9999 -9999 -9999 -9999 -9999 -9999 -9999 -9999 -9999 -9999 -9999 -9999 -9999 -9999 -9999 -9999
-9999 -9999 -9999 -9999 -9999 -9999 -9999 -9999 -9999 -9999 -9999 -9999 -9999 -9999 -9999 -9999 -9999 -9999 -9999 -9999 -9999 -9999 -9999 -9999 -9999 -9999 -9999 -9999 -9999 -9999 -9999 -9999 -9999 -9999 -9999 -9999 -9999 -9999 -9999 -9999 -9999 -9999 -9999 -9999 -9999 -9999 -9999 -9999 -9999 -9999 -9999 -9999 -9999 -9999 -9999 -9999 -9999 -9999 -9999 -9999 -9999 -9999
-9999 -9999 -9999 -9999 -9999 -9999 -9999 -9999 -9999 -9999 -9999 -9999 -9999 -9999 -9999 -9999 -9999 -9999 -9999 -9999 -9999 -9999 -9999 -9999 -9999 -9999 -9999 -9999 -9999 -9999 -9999 -9999 -9999 -9999 -9999 -9999 -9999 -9999 -9999 -9999 -9999 -9999 -9999 -9999 -9999 -9999 -9999 -9999 -9999 -9999 -9999 -9999 -9999 -9999 -9999 -9999 -9999 3.85173285858972 2.50665720871517 2.60181223154068 3.00488610701127 2.34396088665182
-9999 -9999 -9999 -9999 -9999 -9999 -9999 -9999 -9999 -9999 -9999 -9999 -9999 -9999 -9999 -9999 -9999 -9999 -9999 -9999 -9999 -9999 -9999 -9999 -9999 -9999 -9999 -9999 -9999 -9999 -9999 -9999 -9999 -9999 -9999 -9999 37.1749906539917 -9999 3.59986878843868 3.14067545452633 -9999 -9999 2.92054304480553 2.34253664016724 2.4591726064682 2.53802735697139 2.46819376945496 2.37201185524464 2.34615111351013 2.47123412902539 2.1558822132647 2.38572724163532 -9999 -9999 -9999 3.27561037357037 3.02646503998683 2.18007584810257 2.32315703630447 2.39226207733154 2.1950322877277 1.9370022049317
-9999 -9999 -9999 -9999 -9999 -9999 -9999 -9999 -9999 -9999 -9999 -9999 -9999 1.52675132859837 1.93870089685216 1.71256474032998 1.38069278374314 1.70836675167084 1.12509450316429 -9999 -9999 -9999 -9999 -9999 -9999 -9999 -9999 -9999 2.78264363723643 2.79444680213928 3.19573286863474 3.32018665167002 -9999 3.66949796676636 -9999 -9999 -9999 -9999 2.87108769783607 2.14310366832293 2.20819035985253 2.9908008813858 2.71844462156296 2.38466023206711 2.509101098234 2.35286008227955 2.27955178239129 2.26499751481143 2.17362921888178 2.33363127708435 2.1625137420801 2.45272694528103 2.4568917453289 2.83400549671867 2.11543006896973 2.23795520717447 2.19422733241862 2.04967969655991 1.96903129057451 1.68530857563019 1.40020506083965 1.47257571953994
-9999 -9999 -9999 -9999 -9999 -9999 -9999 -9999 -9999 -9999 9.7664849281311 3.67644016742706 2.05529467016459 1.80536197498441 1.70996275171638 1.56565925851464 1.61854151263833 1.53674405068159 1.57169678807259 2.07161366567016 2.79594522287171 -9999 2.2274051271379 2.2343980550766 2.15976972615018 -9999 -9999 2.14681903123856 2.16342219939599 1.87783014774323 2.95642495155334 2.64479808623974 2.85589065918556 2.71942927287175 -9999 -9999 3.20224585581799 3.39241647720337 2.9316713809967 2.5488051623106 2.75441007614136 2.72030982971191 2.2477060675621 2.2542009472847 2.16226902008057 2.33931449055672 2.34086206555367 2.30966164307161 2.29553236744621 2.3081642801945 2.16516149044037 2.11310331523418 2.11529708504677 2.02216432311318 1.8539822101593 1.8090989372947 1.76204401796514 1.53390736471523 1.27806819839911 1.17102538049221 1.06249774992466 1.00952659547329
-9999 -9999 -9999 -9999 -9999 -9999 -9999 -9999 -9999 3.12013173103333 3.6437326669693 2.24461559057236 1.52346181869507 1.70662897825241 1.724220007658 1.71650059148669 1.6882545389235 1.68562039732933 1.70262449128287 1.68944937842233 1.97789001837373 1.9941723048687 1.7141178175807 2.39575074269221 2.21828462183475 2.40231290459633 2.72311609983444 2.66909694671631 2.61532400548458 2.61787328811792 2.55621955027947 2.43473671376705 2.51688270270824 2.57055051051653 2.97527649769416 3.17200257019563 3.45233995914459 3.41547238826752 2.83353835344315 2.67417175769806 2.60972549915314 2.55681073665619 1.64250961939494 2.49057065248489 2.43723496794701 2.40551462769508 2.35882830619812 2.14026118814945 1.89242595434189 1.39343224465847 1.28016126155853 1.26904164254665 1.29769123345613 1.17576102912426 1.10738111287355 1.04903636872768 1.04531898349524 0.900956976413727 0.785200133919716 0.76724249124527 0.988544479012489 0.995660318778111
-9999 -9999 -9999 -9999 -9999 -9999 -9999 -9999 -9999 2.43878096342087 1.74904417991638 1.44272449612617 1.41600601673126 1.38573362231255 1.35419445633888 1.39401304721832 1.43004679307342 1.32353737391531 1.33278371393681 1.37814845144749 2.09538747157369 2.07830664089748 1.99198667705059 2.09368859231472 2.07647129893303 2.0201922506094 1.97105258703232 1.84039860963821 2.00977295637131 2.02022461806025 2.04170460360391 2.20708736777306 2.36653761565685 2.45069961249828 2.96410650014877 3.3195382475853 3.34785264730453 3.31411138772964 3.07003494501114 2.71575922966003 2.65816489549784 2.62603674943631 1.62574470585043 1.62631427699869 1.97570341825485 1.87455657124519 1.57190412282944 1.44077108915036 1.2931067278752 1.09062256033604 1.03059323877096 1.01378376036882 0.996292971074581 1.00643502473831 0.971093407273293 0.925559610128403 0.932183660566807 0.912581980228424 0.788539722561836 0.739288605749607 0.864228734603295 0.922294653379
-9999 -9999 -9999 -9999 -9999 -9999 -9999 -9999 1.7086476654842 1.94591104984283 1.44055396318436 1.31036600470543 1.40900441408157 1.23524948954582 1.2158115208149 1.23407971858978 1.20929342508316 1.25220031004686 1.34476682314506 1.35205379013832 2.04125662360873 2.08287695901734 1.92439843714237 1.89110605418682 1.69585718214512 1.66152520477772 1.67228448390961 1.58344881236553 1.59895339608192 1.80300154594275 1.84625355555461 1.85065440833569 2.23335675551341 2.40020629075857 2.4361883699894 2.61047015190124 2.76520943641663 2.77365292310715 2.75281047821045 2.43023364543915 2.05377665162086 1.78537084375109 1.44337856769562 1.35946959257126 1.34686981256192 1.29396189749241 1.22520477038163 1.16671050282625 1.05901329792463 0.943275490632424 0.900386232596177 0.824930852651596 0.827834388613701 0.86752847135067 0.995323013175618 1.00703106685118 0.884828695229122 0.946567092623029 1.10058762706243 0.97002388880803 0.892521366477013 0.85846121609211
2.04619970917702 1.66875368356705 1.32469860613346 1.33809417486191 -9999 -9999 -9999 2.05856574699283 1.72466089725494 1.76382654905319 1.47548601031303 1.21817604934468 1.39015826582909 1.26472890973091 1.3416547358036 1.35904306769371 1.28178244829178 1.22805358584111 1.17436678592975 1.20688450565705 1.25717428441231 1.26517117023468 1.29054084076331 1.26700698756255 1.24588982187785 1.10190923511982 1.09131965041161 1.23927274346352 1.24952096598489 1.24574259668589 1.28962501883507 1.31050187349319 1.31499660760164 1.32119514793158 1.38750310242176 1.42891919612885 1.55515923500061 1.58696234822273 1.40372180938721 1.31552023612536 1.1458172244685 1.13986886399133 1.11542690545321 1.10216767021588 1.07883763542542 1.11674863100052 1.05597896988575 1.02133775215883 0.935170210897923 0.862882176270852 0.835764135305698 0.780871537327766 0.755033254623413 0.771249568462372 0.719937801361084 0.999234709602136 1.0337536082818 1.12157723946231 1.14983032005174 0.857836425304413 1.08731801693256 1.11724611052445
1.07710570842028 1.13532793521881 0.928271784232213 0.692479799687862 0.658566383215097 1.09208625555038 1.22596183419228 1.34387399554253 1.33677177429199 1.41676976680756 1.37653366327286 1.28679990417817 1.48775646686554 1.51613729596138 1.42868835926056 1.37797139883041 1.33926000595093 0.941506683826447 0.961234559907633 0.959674889221787 0.996020844206214 1.09985839288968 1.10032315781483 1.08022965376194 1.07859933147064 1.08289912572274 1.0721648977353 1.07505640846032 1.13486287800165 1.15812484461528 1.12118972264803 1.04147674143314 1.038171261549 1.01483508944511 0.981893509626389 1.01519460976124 1.08999609202147 1.07881803065538 0.942820221185684 0.899724379181862 0.901874087750912 0.948958409684045 0.969355740717479 0.920238867402077 0.898465231060982 0.599797625094652 0.604113418608904 0.841656893491745 0.845344349741936 0.836928986012936 1.14922886513747 1.14387799914067 1.16345171928406 1.03446286781268 1.06409874152053 1.08176148208705 1.05473117874219 1.07300614852172 1.09060106139917 1.17176119770323 1.10868732205459 1.07521527776351
0.524157066236843 0.571615381674333 0.559486278078773 0.59840204165532 0.615001304791524 0.539351780306209 0.620546771929814 1.40529574666704 1.38974322378635 1.45809744511332 1.48972362705639 1.37705075740814 1.21372377872467 1.23073324561119 1.07732056316576 1.0786149266519 1.04147511720657 0.744674691930413 0.743458298966289 0.741850493475795 0.956438880632905 1.09049358046972 1.08551679322353 1.09521305102568 1.01883314320674 1.03635624853464 0.959869869053364 1.04429354667664 1.14226153492928 1.0492370724678 1.05919539928436 1.04778047822989 1.04359051012076 1.05694480928091 1.05372345218292 1.04217361945372 1.0593363734392 1.08348436309741 1.07847422705247 1.07416922599077 1.19337155039494 0.953953436442784 1.12345203528037 1.13199095771863 0.571463865312663 0.595670234411955 1.17443998272602 0.601371816613457 0.589747781103308 1.14505401712198 1.20496989672001 1.17231115125693 1.11908990717851 1.06402451341802 1.08268550309268 1.12473043111654 1.20153970214037 1.24116960855631 1.23391219744316 1.19255833900892 1.07266601690879 1.0459504035803
0.550027776848186 0.550613408738917 0.557027675888755 0.550941881808368 0.57514963908629 0.666523788984005 0.677119202338732 0.564844291318547 0.538230600682172 1.26833176612854 1.31340003439358 0.792276852271136 0.562724487139628 0.598095205697146 0.734414756298065 0.698555499315262 1.05097286140217 0.735397037118673 0.740066444501281 0.753642311319709 0.968846369315596 0.828436136245728 0.846251577138901 0.960440252835934 0.991044481213276 1.04202279333885 1.02667405513617 1.03074662158122 1.14083390363625 1.04539873301983 1.03061830195097 1.04548841714859 1.03475537896156 1.03741394542158 1.06240376271307 1.06681954058317 1.09521871805191 1.0877488553524 1.07777058390471 1.05165863954104 1.04561769274565 1.054250396215 1.04611084438287 1.03439627587795 1.05645629305106 1.13887125849724 0.599462124434384 0.607290395281532 1.15573780926374 1.16160279283157 1.15485795529989 1.13137638798127 1.11758232345948 1.10975263898189 1.13838609365317 1.16497088739505 1.13427873070423 1.1115850691612 1.09003884287981 1.11763967459018 1.17944163542527 1.21248043958957
0.62824614919149 0.550389871001244 0.547912428324873 0.532272687012499 0.505495434457606 0.500160805203698 0.652525037527084 0.641274735331535 0.668999581382825 0.704425142361568 0.668859673234133 0.842466487334325 0.727512288093567 0.694033974409103 0.748448997735977 0.703354239463806 0.708353988826275 0.533735319972038 0.688744688735289 0.808739840984344 0.731325829401612 0.719971960410476 0.999219314410136 0.970415718280352 0.982553529051634 1.01779368405159 0.995485761990914 0.977720191845527 0.964785249187396 0.986726805567741 0.980208308650897 0.985760701390413 1.06061651743948 1.00954746626891 1.04396449602567 1.13125681991761 1.20466225766219 1.28950624053295 1.3121575403672 1.2431407226966 1.2386824202079 1.18719522425762 1.11786448497039 1.1055498444117 1.19518916652753 1.14606850422346 0.5961090055379 1.21500913684185 1.1737782989557 1.11013611921897 1.09383543064961 1.05428384817564 1.03848391771317 1.07601900669661 1.09361580149694 1.12257503546201 1.2274625989107 1.31678104629883 1.46559198315327 1.57587919785426 1.75566425174475 1.78253857447551
0.624581082509114 0.586228688175862 0.59703616797924 0.502755525437268 0.612192588356825 0.624435111880302 0.612271799491002 0.624142847382105 0.645839834442505 0.584253259003162 0.637466937303543 0.660759255290031 0.64870398491621 0.714393242047383 0.69861301779747 0.616988256573677 0.670125458389521 0.679191749542952 0.752032488584518 0.74179900623858 0.58610075712204 0.697750981897116 0.796945491805673 0.978581290978652 0.964539043032206 0.964795238696612 0.985337280310117 0.992934802403817 1.04771315478362 1.09687908796164 1.06585698517469 1.04949447512627 0.987320997394048 1.0100988734227 1.07205332471774 1.15285479563933 1.20792628251589 1.26991245609063 1.31143406262765 1.42545139789581 1.49244172756489 1.55365520486465 1.27493817989643 1.17566814560157 1.15906561567233 1.19846841463676 1.21341228370483 1.18734498780507 1.09533012944918 1.01300953099361 1.02686259723627 1.04805302849183 0.893894255161285 0.956910504536195 1.16545867648992 1.37602179325544 1.84871437228643 1.92003558232234 2.21157344946494 2.25581727119593 2.08132185254778 2.25474452972412
0.561330849161515 0.454350219531493 0.591877214037455 0.547381680745345 0.570258409931109 0.556837217165874 0.561500533269002 0.585388830074897 0.589514642953873 0.619978360831738 0.647449369613941 0.638246387243271 0.649404995143414 0.77174574136734 0.730866682070952 0.672089125101383 0.686504925672825 0.672151833772659 0.638280327503498 0.662590323016047 0.781435975804925 0.844633966684341 0.849301472306252 0.902291998267174 1.11968101446445 1.12576141036474 1.14219729258464 1.22536230545778 1.24851563572884 1.20921319264632 1.16948782022183 1.12925535211196 1.15245020160308 1.23684130035914 1.37300183222844 1.4341447192889 1.3836506490524 1.37874651872195 1.36197598622395 1.30215888756972 1.31725440117029 1.38430697872089 1.36435976853737 1.23203239532617 1.20136202298678 1.2650807591585 1.15753653301642 1.10657437604207 1.09632655978203 1.11956309080124 1.07496458504881 1.10564564053829 1.05036382783543 1.37878850373355 1.54433307864449 1.89597062422679 2.39721135718979 -9999 -9999 -9999 -9999 -9999
0.469004598530856 0.449864054268057 0.539377738650029 0.546590129916484 0.546712679358629 0.548873450607061 0.557272866368294 0.561830936716153 0.581890046596527 0.571500410254185 0.587422109567202 0.608587625351819 0.633715122938156 0.701116472482681 0.694368849580105 0.674442130785722 0.611834128315632 0.480446502566338 0.594934025779366 0.995635747909546 0.98123399913311 0.928358729928732 0.957427254744938 0.913976630195975 0.870136488229036 1.44183357059956 1.5212824344635 1.3344620347023 1.47932626094137 1.27470559111008 1.26365525447405 1.41464429635268 1.4755537211895 1.82172283530235 1.87882835131425 1.78628041148186 1.55489520384715 1.38627968843167 1.30709785223007 1.29744772498424 1.30818637517782 1.32524462617361 1.3297021480707 1.29377420590474 1.29851783009676 1.21644472388121 1.01754224415009 0.940738846476261 0.994824600219727 1.18198769688606 1.30375224351883 1.30740057734343 1.57928309115497 10.7865591719747 1.68603590521656 -9999 -9999 -9999 -9999 -9999 -9999 -9999
0.462297990918159 0.460430502891541 0.525489188157595 0.539524170068594 0.551676175915278 0.56707108937777 0.562083975626872 0.584055617451668 0.398591255599802 0.572155989706516 0.651479874144901 0.666423671624877 0.633648730814457 0.436133235692978 0.449554994702339 0.594866030491315 0.639700835713973 0.594301745295525 0.737630245941026 0.987917506924042 0.870555192232132 1.04817283898592 0.972159538418055 0.84514413960278 0.918497068807483 1.22290728197378 1.14772575667926 1.17765066453389 1.52097509647238 -9999 -9999 -9999 -9999 -9999 -9999 3.14426672458649 1.4895801956837 1.34728325788791 1.27824060504253 1.24895597879703 1.237706051423 1.25117719861177 1.23551236895414 1.25386552856519 1.26564604502458 1.19558853369493 1.2377632856369 1.1963181908314 1.19062452476758 1.6030718592497 1.67954700268232 1.89051108062267 1.76323573405926 1.9762424826622 1.97624230384827 -9999 -9999 -9999 -9999 -9999 -9999 -9999
0.443099990487099 0.445435240864754 0.620718955993652 0.576627160494144 0.584914550185204 0.600313046803841 0.521397281438112 0.556493237614632 0.566778488457203 0.594879232347012 0.568315984173255 0.564050528136167 0.515216896310449 0.513690942898393 0.567733079195023 0.563958004117012 0.622885726965391 0.654219932281054 0.806095004081726 1.06742536219267 1.02441967909153 0.819017618894577 0.825423633679748 0.855536984279752 0.875790204852819 1.00729221850634 1.13681645904269 1.11627930828503 1.5807132422924 -9999 -9999 -9999 -9999 -9999 -9999 -9999 2.02606842151055 1.88940717623784 1.51385369209143 1.38026963518216 1.34340763779787 1.19476243395072 1.15392771363258 1.10157681199221 1.20205739599008 1.03979176282883 1.1980609870874 1.24642252922058 1.32229827459042 1.78089015483856 2.10152626496095 2.27958791531049 -9999 -9999 -9999 -9999 -9999 -9999 -9999 -9999 -9999 -9999
0.426356409277235 0.46484899520874 0.483732334205083 0.573165508416983 0.570690121788245 0.574915670431577 0.438532720912587 0.582632377743721 0.586155757308006 0.617223359644413 0.61235161870718 0.630254872143269 0.620467759668827 0.565636396408081 0.573314302242719 0.577357085851523 0.634034352806898 0.558101758360863 1.06380781187461 1.10126690232024 0.903374203435191 0.983734209950154 1.18489098548889 0.872738728299737 0.936433352530003 1.10565924218723 1.1008041373321 1.44364269650899 1.74006062746048 -9999 -9999 -9999 -9999 -9999 -9999 -9999 3.14598066990192 2.15300948917866 2.41607697308064 2.25663560628891 2.22684006392956 1.5067253777614 1.45750817656517 1.56434720009565 1.4364907220006 1.30710263550282 1.27039855489364 1.18554093058293 1.47884477376938 1.84433062076569 2.32485723495483 2.87192650024708 3.08400149345398 -9999 -9999 -9999 -9999 -9999 -9999 -9999 -9999 -9999
0.503644277270024 0.480465742094176 0.496061478342329 0.5832126473005 0.558946685149119 0.415052399039268 0.567447822827559 0.569609067760981 0.564989953086926 0.599928364157677 0.603821747004986 0.607544243335724 0.691982232034206 0.620975729364615 0.60138403566984 0.619464053557469 0.604047589577161 0.583217617124319 0.598639687523246 0.665232054316081 1.00960855185986 0.856140485176673 0.873120610203062 1.16129539012909 1.21324841380119 1.10358067069735 1.09078413248062 1.10973710673196 1.11592572927475 1.60790939764543 -9999 -9999 -9999 -9999 -9999 -9999 -9999 3.7866812646389 4.3416418582201 1.85006941237101 2.17321984126018 1.72541910409927 2.61621302824754 3.84391116244452 3.2398703545332 2.38241413235664 2.80582201480865 2.25093873739243 1.9694508433342 2.33820759057999 2.84456964639517 3.11523047777323 4.39487779945423 -9999 -9999 -9999 -9999 -9999 -9999 -9999 -9999 -9999
0.465106755495071 0.486115272556032 0.59254086132233 0.567791960560359 0.56639821942036 0.538399748504162 0.536746256053448 0.581958532333374 0.582980539936286 0.424649871885777 0.64140473306179 0.645500853657722 0.521373748779297 0.602001576469495 0.541644949998174 0.618921005955109 0.529842019081116 0.567520787939429 0.568621510639787 0.566604105489595 0.537957749196461 0.562120173658643 0.695992393153054 1.36264102458954 1.16593745776585 1.13046161617552 1.37910981361683 1.4427365225095 1.48264520721776 1.11035006046295 -9999 -9999 -9999 -9999 -9999 -9999 -9999 -9999 -9999 -9999 -9999 -9999 -9999 -9999 -9999 -9999 3.65490746498108 4.16695654392242 5.81830433383584 3.70892109368977 -9999 -9999 -9999 -9999 -9999 -9999 -9999 -9999 -9999 -9999 -9999 -9999
0.514192618429661 0.472463250160217 0.474453255534172 0.597251464020122 0.578730339353735 0.575846728953448 0.571754064072262 0.611037802967158 0.615076222202995 0.638740921562368 0.470815986394882 0.678890988230705 0.506845265626907 0.637194118329457 0.581844768353871 0.567831094775881 0.53761799633503 0.65102476423437 0.652204208753326 0.596319278532809 0.554126143455505 0.730478652885982 0.957093102591378 0.897848337888718 -9999 -9999 -9999 1.29618887603283 1.39441911876202 1.34547485411167 1.10171099220003 -9999 -9999 -9999 -9999 -9999 -9999 -9999 -9999 -9999 -9999 -9999 -9999 -9999 -9999 -9999 -9999 -9999 -9999 -9999 -9999 -9999 -9999 -9999 -9999 -9999 -9999 -9999 -9999 -9999 -9999 -9999
0.510302329435945 0.496235266327858 0.496076241135597 0.486842006444931 0.501397743821144 0.724520039099913 0.449787765741348 0.646333588287234 0.627088426188989 0.638780711726709 0.504603758454323 0.509155482053757 0.867379196665504 0.712736988609487 0.742719372734427 0.604922118512067 0.575848720290444 0.642138593576171 0.659146651625633 0.627179535952481 0.217843370512128 0.362198248505592 0.451911866664886 1.08461989249502 1.48552909722695 1.10848447680473 1.08645387206759 1.62897079370239 1.44498731195927 1.49381911754608 1.5259741957371 2.09240266269651 -9999 -9999 -9999 -9999 -9999 -9999 -9999 -9999 -9999 -9999 -9999 -9999 -9999 -9999 -9999 -9999 -9999 -9999 -9999 -9999 -9999 -9999 -9999 -9999 -9999 -9999 -9999 -9999 -9999 -9999
0.512474737384103 0.513521745800972 0.506981760263443 0.500602498650551 0.496062994003296 0.688801014795899 0.704223196953535 0.717931419610977 0.65962491794066 0.538848236203194 0.540772989392281 0.907638784159314 0.878200597383759 0.815887928009033 0.707909647375345 0.617791755632921 0.64633806320754 0.636548256332224 0.635789024558934 0.605613551356576 0.635560032996264 1.1443893475966 0.666833673914274 1.2801715948365 1.04540023633412 1.06320292609079 1.05263324720519 0.654002425762323 0.651906885206699 1.25891382992268 1.56938481330872 1.5373345491561 -9999 -9999 -9999 -9999 -9999 -9999 -9999 -9999 -9999 -9999 -9999 -9999 -9999 -9999 -9999 -9999 -9999 -9999 -9999 -9999 -9999 -9999 -9999 -9999 -9999 -9999 -9999 -9999 -9999 -9999
0.509043127298355 0.587690510533073 0.507950738072395 0.803332798182964 0.732850955799222 0.551966995000839 0.540298998355865 1.02563657137481 0.98808628320694 1.05018765851855 1.07874495908618 0.936748936772346 0.958789765834808 1.02751815319061 0.924100141972303 0.770042079416188 0.718757097016681 0.671727195382118 0.642249828035181 0.661148624494672 0.413669258356094 0.64899417757988 0.65502567589283 1.1142590127208 1.13705691269466 0.656615749001503 0.57482586055994 0.710316677888234 1.2682508379221 1.23283665288578 1.42824559552329 -9999 -9999 -9999 -9999 -9999 -9999 -9999 -9999 -9999 -9999 -9999 -9999 -9999 -9999 -9999 -9999 -9999 -9999 -9999 -9999 -9999 -9999 -9999 -9999 -9999 -9999 -9999 -9999 -9999 -9999 -9999
