EcologicalScience/Bass/data/rs_data_bass/chl_254.asc
NCOLS 226 
NROWS 124 
XLLCORNER -9.41648524995501 
YLLCORNER 47.587301625531 
CELLSIZE 0.0833 
NODATA_value -9999 
[rows 81 to 107 of 124, columns 62 to 123 of 226]
3.85158455371857 5.97498106956482 7.6620512008667 7.66205191612244 -9999 -9999 -9999 -9999 -9999 -9999 -9999 -9999 -9999 -9999 -9999 -9999 -9999 -9999 -9999 -9999 -9999 -9999 -9999 -9999 -9999 -9999 -9999 -9999 -9999 -9999 -9999 -9999 -9999 -9999 -9999 -9999 -9999 -9999 -9999 -9999 -9999 -9999 -9999 -9999 -9999 -9999 -9999 -9999 -9999 -9999 -9999 -9999 -9999 -9999 -9999 -9999 -9999 -9999 -9999 -9999 -9999 -9999
3.04911590230118 -9999 -9999 -9999 -9999 -9999 -9999 -9999 -9999 -9999 -9999 -9999 -9999 -9999 -9999 -9999 -9999 -9999 -9999 -9999 -9999 -9999 -9999 -9999 -9999 -9999 -9999 -9999 -9999 -9999 -9999 -9999 -9999 -9999 -9999 -9999 -9999 -9999 -9999 -9999 -9999 -9999 -9999 -9999 -9999 -9999 -9999 -9999 -9999 -9999 -9999 -9999 -9999 -9999 -9999 -9999 -9999 -9999 -9999 -9999 -9999 -9999
-9999 -9999 -9999 -9999 -9999 -9999 -9999 -9999 -9999 -9999 -9999 -9999 -9999 -9999 -9999 -9999 -9999 -9999 -9999 -9999 -9999 -9999 -9999 -9999 -9999 -9999 -9999 -9999 -9999 -9999 -9999 -9999 -9999 -9999 -9999 -9999 -9999 -9999 -9999 -9999 -9999 -9999 -9999 -9999 -9999 -9999 -9999 -9999 -9999 -9999 -9999 -9999 -9999 -9999 -9999 -9999 -9999 -9999 -9999 -9999 -9999 -9999
-9999 -9999 -9999 -9999 -9999 -9999 -9999 -9999 -9999 -9999 -9999 -9999 -9999 -9999 -9999 -9999 -9999 -9999 -9999 -9999 -9999 -9999 -9999 -9999 -9999 -9999 -9999 -9999 -9999 -9999 -9999 -9999 -9999 -9999 -9999 -9999 -9999 -9999 -9999 -9999 -9999 -9999 -9999 -9999 -9999 -9999 -9999 -9999 -9999 -9999 -9999 -9999 -9999 -9999 -9999 -9999 -9999 12.8703306317329 2.40186007618904 2.04588371515274 2.35756123065948 2.4820222556591
-9999 -9999 -9999 -9999 -9999 -9999 -9999 -9999 -9999 -9999 -9999 -9999 -9999 -9999 -9999 -9999 -9999 -9999 -9999 -9999 -9999 -9999 -9999 -9999 -9999 -9999 -9999 -9999 -9999 -9999 -9999 -9999 -9999 -9999 -9999 -9999 37.1749906539917 -9999 3.29926791787148 3.22715476155281 -9999 -9999 2.11206986904144 1.57815487682819 1.66924014687538 1.91137728095055 2.28245580196381 2.18518656492233 1.75260892510414 2.00281012058258 1.93065342307091 3.02040295600891 -9999 -9999 -9999 3.09768912196159 2.48681965470314 1.42498728632927 1.17864748835564 1.0642155110836 0.491024270653725 0.670586988329887
-9999 -9999 -9999 -9999 -9999 -9999 -9999 -9999 -9999 -9999 -9999 -9999 -9999 1.44415158033371 2.05283816158772 1.31205253601074 0.92955687046051 0.790942633152008 1.12509450316429 -9999 -9999 -9999 -9999 -9999 -9999 -9999 -9999 -9999 1.75061726570129 1.70457409322262 2.25186789035797 2.95924705266953 -9999 3.66949796676636 -9999 -9999 -9999 -9999 2.42633780837059 2.42959088087082 2.5833352804184 2.54669290781021 1.7375148832798 1.64379300177097 1.48698677122593 1.7063452899456 0.95790821313858 0.839933216571808 1.29321974515915 1.30259326100349 1.36925026774406 1.36486686766148 1.62096565961838 1.29454573988914 1.00104823708534 0.81298354268074 0.853253960609436 0.611285984516144 0.525482252240181 0.419989496469498 0.308363243937492 0.296451754868031
-9999 -9999 -9999 -9999 -9999 -9999 -9999 -9999 -9999 -9999 20.8927322555991 1.98085443178813 1.38062238693237 4.40273773670197 1.66322865486145 0.873278617858887 0.840515613555908 0.866587489843369 0.861031204462051 0.584591996669769 3.19822837655763 -9999 1.2598312497139 1.11097769737244 0.972304781277974 -9999 -9999 1.60481568900022 1.20778738260269 1.42043472826481 1.78016513586044 1.475251480937 1.24491146206856 1.3296457529068 -9999 -9999 3.22425068397911 1.96511355042458 1.94078171253204 2.11024349927902 2.0387812256813 1.90169776976109 1.64267174899578 1.46967257559299 1.11857736110687 1.07088786363602 0.759923279285431 0.713116496801376 0.809057235717773 0.388587757945061 0.372487507760525 0.426807001233101 0.446296513080597 0.624395996332169 0.589496254920959 0.580199271440506 0.580550998449326 0.422185510396957 0.376780495047569 0.346304252743721 0.288019493222237 0.242362506687641
-9999 -9999 -9999 -9999 -9999 -9999 -9999 -9999 -9999 1.94914454221725 1.78816273212433 0.461759984493256 0.286739252507687 0.270367495715618 0.376653760671616 0.415706232190132 0.55741873383522 0.57821998000145 0.579212978482246 0.505749017000198 1.08941591978073 1.04817198961973 1.29101175069809 1.21568924188614 1.18692111968994 1.31449909508228 1.39312760531902 1.23749171197414 1.24169813096523 1.17902778089046 1.06621724367142 1.12175247073174 1.22426551580429 1.29971927404404 1.56745058298111 1.05418574810028 1.98645633459091 1.96685922145844 1.8744184076786 1.75801840424538 1.88810473680496 1.8321405351162 0.95039176940918 0.7357387393713 0.59280002117157 0.493697270750999 0.485435262322426 0.487133234739304 0.492935255169868 0.352649241685867 0.315023995935917 0.323729999363422 0.334695003926754 0.372132003307343 0.374786250293255 0.382566019892693 0.387540757656097 0.355157241225243 0.35087775439024 0.345544494688511 0.274988248944283 0.243376493453979
-9999 -9999 -9999 -9999 -9999 -9999 -9999 -9999 -9999 0.942450892925263 0.82222529053688 0.465968996286392 0.483450762927532 0.529367633163929 0.53592187911272 0.5567981377244 0.491808012127876 0.547571986913681 0.509991019964218 0.511791005730629 0.64928774535656 0.710350513458252 0.766953706741333 1.13774590194225 1.165253251791 1.1751172542572 1.19570401310921 1.2598530203104 0.895653784275055 0.881992489099503 1.06037771701813 1.04463073611259 1.10945552587509 1.20251476764679 1.46225997805595 1.57879722118378 1.66850137710571 1.74338141083717 1.83956131339073 1.72483760118484 1.5675592571497 1.41593366861343 0.726281270384789 0.669935256242752 0.538260743021965 0.505403235554695 0.426079496741295 0.415733233094215 0.378479987382889 0.30451574921608 0.323948241770267 0.359415002167225 0.420408770442009 0.45695324242115 0.434208020567894 0.433136254549026 0.420439481735229 0.417838498950005 0.386299520730972 0.395253002643585 0.276533246040344 0.234687007963657
-9999 -9999 -9999 -9999 -9999 -9999 -9999 -9999 1.64800752935738 0.703999650478363 0.439382985234261 0.345407992601395 0.409498482942581 0.852396011352539 0.644909262657166 0.728989519178867 0.775714494287968 0.776335492730141 0.45278625190258 0.499347746372223 0.638815507292747 0.734116494655609 0.767537266016006 0.643459483981133 0.730744510889053 0.757597535848618 0.888369709253311 1.16483321785927 1.21792870759964 1.1875567138195 1.07585397362709 1.06233823299408 1.08850121498108 0.965065509080887 1.11608397960663 0.934379249811172 0.843062281608582 1.30049514770508 1.1368709653616 1.02148014307022 0.795818276703358 0.652143761515617 0.543813765048981 0.530022740364075 0.54236327111721 0.547756478190422 0.522886499762535 0.489137247204781 0.462650254368782 0.555885002017021 0.649154260754585 0.709391981363297 0.631951510906219 0.59801173210144 0.60088799893856 0.592965736985207 0.559464007616043 0.572166010737419 0.533278495073318 0.425228253006935 0.440527483820915 0.582757517695427
0.887833848595619 0.907549113035202 8.00717967748642 2.01984310150146 -9999 -9999 -9999 2.78046916052699 1.61002276092768 1.62324786186218 0.744426771998405 0.513301491737366 0.465866267681122 0.849299252033234 0.699091114103794 0.833252638578415 0.907184980809689 0.895599380135536 0.506871744990349 0.442435517907143 0.596446484327316 0.639604479074478 0.916030526161194 0.883660912513733 0.437671512365341 0.903844848275185 0.95803727209568 0.729521244764328 0.635886758565903 0.621818259358406 0.634065762162209 0.712196230888367 0.710646763443947 0.69470027089119 0.680609241127968 0.631842747330666 0.646004229784012 0.759291395545006 0.631162494421005 0.704861998558044 0.694238260388374 0.652337998151779 0.595501497387886 0.611843258142471 0.588837012648582 0.578603982925415 0.568048506975174 0.556261494755745 0.661303505301476 1.01280525326729 1.12645053863525 1.08125996589661 0.941600292921066 0.630698248744011 0.665827497839928 0.710855260491371 0.738327741622925 0.706146016716957 0.622848764061928 0.576401978731155 0.54772125184536 0.716277748346329
0.45931202173233 0.544380739331245 0.971177995204926 1.69059348106384 1.46002501249313 1.59931147098541 0.997750461101532 0.940569788217545 0.936424523591995 0.858181536197662 0.717317998409271 0.855211526155472 0.752761512994766 0.744469508528709 0.919581726193428 0.894872613251209 0.859550267457962 0.903520122170448 0.49482898414135 0.430878728628159 0.473481014370918 0.653712004423141 0.722775757312775 0.730317771434784 0.538592979311943 0.509368479251862 0.450244501233101 0.596220731735229 0.616986751556396 0.59434948861599 0.567126005887985 0.558362245559692 0.701937764883041 0.679168492555618 0.658831492066383 0.651087015867233 0.637523263692856 0.626410514116287 0.683345228433609 0.796469986438751 0.731044515967369 0.705890268087387 0.737733766436577 0.756872266530991 0.767038464546204 0.802224040031433 0.919791787862778 0.920339226722717 1.12136775255203 1.2762562930584 1.24260976910591 1.11915528774261 0.929336965084076 0.719814017415047 0.550445258617401 0.592473730444908 0.600000768899918 0.704550728201866 0.63214199244976 0.583078488707542 0.761328041553497 0.945758253335953
0.688717514276505 0.390317246317863 0.334627501666546 0.596202000975609 0.565440729260445 0.428407520055771 0.780530244112015 0.726960003376007 0.698518484830856 0.687881246209145 0.724018514156342 0.777759790420532 0.758617490530014 0.838799223303795 0.842273265123367 0.551647514104843 0.554016754031181 0.62075999379158 0.58372874557972 0.58899150788784 0.61549423635006 0.648468732833862 0.698153257369995 0.692547753453255 0.636087745428085 0.44012551009655 0.47331976890564 0.499878734350204 0.55962073802948 0.574652999639511 0.573094502091408 0.632999271154404 0.730416744947433 0.706239759922028 0.661836013197899 0.618210732936859 0.666225761175156 0.887149482965469 0.951342791318893 0.898721247911453 0.861214488744736 0.835624516010284 0.739693477749825 0.690799489617348 0.68324401974678 0.748589247465134 1.32728326320648 1.59952282905579 1.57360875606537 1.35976722836494 1.26238346099854 1.06566748023033 0.912874460220337 0.777821213006973 0.767767488956451 0.753866225481033 0.890090972185135 1.04736971855164 0.600352495908737 0.568469256162643 0.498241513967514 0.429659262299538
0.630442500114441 0.638482242822647 0.627595514059067 0.643593013286591 0.662345990538597 0.657564014196396 0.619076237082481 0.657056987285614 0.652086764574051 0.714904502034187 0.703090488910675 0.772517614066601 0.645583480596542 0.646613985300064 0.620099991559982 0.792895138263702 0.782496392726898 0.746090233325958 0.629142746329308 0.622468516230583 0.635132253170013 0.645303010940552 0.662038519978523 0.646052241325378 0.671738237142563 0.679062008857727 0.655762508511543 0.576847493648529 0.648348748683929 0.66959023475647 0.654932990670204 0.668800503015518 0.700173765420914 0.724642485380173 0.680466771125793 0.693020269274712 0.739498481154442 0.791703790426254 0.786709517240524 0.811884015798569 0.805544972419739 0.805482029914856 1.04974427819252 1.0540035367012 0.96999603509903 0.843832522630692 0.74523076415062 0.878769010305405 0.966309785842896 1.18462952971458 1.13587045669556 1.15911599993706 0.940761029720306 0.763119041919708 0.801495015621185 0.727393493056297 0.655421242117882 0.610898986458778 0.565646231174469 0.496716007590294 1.40243473649025 1.72011226415634
0.590066269040108 0.552717000246048 3.43175377696753 2.06276625394821 0.524268016219139 0.522525742650032 1.17709241062403 0.656639993190765 0.651717022061348 0.675254255533218 0.748741507530212 0.70218899846077 0.898511230945587 1.10407197475433 1.84503221511841 1.29575291275978 1.13060925900936 1.00873464345932 0.791575491428375 0.807770647108555 0.824354253709316 0.814043618738651 0.662944480776787 0.638721764087677 0.641851499676704 0.603874504566193 0.595505252480507 0.551139011979103 0.738601505756378 0.786243706941605 0.760749042034149 0.742447480559349 0.728280007839203 0.725071504712105 0.781409293413162 0.756695240736008 0.784149706363678 0.78632926940918 0.789873003959656 0.813561737537384 0.885080248117447 0.922512710094452 0.889932006597519 0.987210720777512 1.1848957836628 1.51524299383163 1.11949351429939 1.21873578429222 1.43293726444244 1.50579679012299 1.32380023598671 1.18538403511047 0.948251277208328 0.872610747814178 0.915497213602066 0.741700485348701 0.749089479446411 0.697165489196777 3.595723092556 4.83830469846725 1.51691633462906 1.87545597553253
0.592809766530991 0.577366501092911 0.543591767549515 3.15639147162437 0.617144241929054 0.518205732107162 0.489201754331589 0.388114482164383 0.495466500520706 0.740906268358231 0.729929991066456 0.727128759026527 0.895293742418289 1.20006975531578 1.35891374945641 0.874019980430603 0.841716706752777 0.882101207971573 0.990954726934433 0.777135014533997 0.640262246131897 0.791611857712269 0.621801741421223 0.635046757757664 0.792387247085571 0.600085482001305 0.621405735611916 0.669085487723351 0.725200518965721 0.843168765306473 0.804963022470474 0.782132238149643 0.807691544294357 0.866668492555618 0.883520990610123 1.09318426251411 0.98553603887558 0.848987281322479 0.769082218408585 0.804978758096695 0.858534783124924 0.893636226654053 0.945421457290649 0.955046206712723 1.08645075559616 1.45417499542236 1.90703630447388 2.06262069940567 1.79379898309708 1.56522971391678 1.31619527935982 1.05605095624924 0.963112503290176 0.968877017498016 1.09437149763107 0.846114724874496 1.35271579027176 1.3391729593277 1.6873739361763 9.07228517532349 12.8415061235428 2.63197627506758
0.602900236845016 0.593685016036034 3.06859865784645 2.9218435883522 2.30782869458199 0.441087752580643 0.430486500263214 0.468554243445396 0.786697514355183 0.752651609480381 0.736508600413799 0.887416519224644 0.933435380458832 0.982640638947487 0.93571874499321 0.619962751865387 0.796186476945877 0.891933739185333 0.978534758090973 0.787043988704681 0.61234125494957 0.644969254732132 0.755930989980698 0.750110238790512 0.744430482387543 0.819891750812531 1.00413000583649 1.0701892375946 1.07274225354195 0.977487713098526 0.94880998134613 0.914106756448746 0.938558220863342 1.14317554235458 1.32243078947067 1.44855523109436 1.28749421238899 1.14487427473068 1.08848029375076 0.932713508605957 0.872320532798767 0.844503790140152 0.939587205648422 1.0658595263958 1.17297148704529 1.41393372416496 2.05251681804657 2.52677392959595 2.02400028705597 1.32211428880692 1.44720894098282 1.97597207129002 1.4571405351162 1.96530908346176 3.20045936107635 3.1228574514389 2.33159737734899 -9999 -9999 -9999 -9999 -9999
0.862499982118607 0.764414995908737 0.740409001708031 0.70193700492382 1.84592443704605 0.437475755810738 0.464018985629082 0.499356016516685 0.437413483858109 0.427619263529778 0.509321987628937 0.374958761036396 0.735993750393391 0.768739141523838 0.772894889116287 0.571972489356995 0.701300248503685 0.797642290592194 0.710409745573997 0.647638499736786 0.706980764865875 0.81055274605751 0.941795289516449 0.933115243911743 1.05471378564835 0.951042026281357 0.93258073925972 1.6171687245369 1.38654229044914 0.989866465330124 1.28848877549171 1.36245828866959 1.36118021607399 1.64574444293976 1.86720603704453 1.80868345499039 1.46024027466774 1.33133178949356 1.16175529360771 1.57813990116119 0.821507960557938 0.848804980516434 1.09451025724411 1.23366147279739 1.33349847793579 1.39717796444893 1.3343760073185 1.61055833101273 1.63034999370575 1.56801599264145 2.19193732738495 2.04208356142044 2.24163830280304 19.5754059329629 1.71936104190154 -9999 -9999 -9999 -9999 -9999 -9999 -9999
0.830059468746185 1.14800325036049 0.684193521738052 1.13501000404358 1.16643249988556 1.97930252552032 2.60847181081772 0.558128267526627 0.557553738355637 0.560797512531281 0.581448018550873 0.655626744031906 0.592759855091572 0.652788005769253 0.654429763555527 0.52361024916172 0.512516990303993 0.532920017838478 0.606174007058144 0.743528231978416 0.791114240884781 0.815868705511093 0.820554792881012 0.887303978204727 0.917764484882355 1.04720476269722 1.16147178411484 1.13998576998711 2.30003534629941 -9999 -9999 -9999 -9999 -9999 -9999 3.14426672458649 1.20693231480462 2.39406598806381 2.44979283213615 1.57344183325768 1.62741154432297 1.68808387219906 1.13420024514198 1.60036343336105 2.06057471036911 2.10867601633072 1.47340875864029 1.42928847670555 1.62307870388031 1.98534518480301 2.26148843765259 2.94549000263214 13.0289505422115 1.9762424826622 1.97624230384827 -9999 -9999 -9999 -9999 -9999 -9999 -9999
0.919310241937637 1.32818922400475 1.53744900226593 1.46794876456261 0.853708505630493 0.684432730078697 2.06156975030899 2.29441255331039 0.69829273223877 0.67950376868248 0.620670005679131 0.634409978985786 0.620294228196144 0.600506253540516 0.510603010654449 0.533481001853943 0.57506100833416 0.624030768871307 0.720348760485649 0.848090261220932 0.812270253896713 0.771169513463974 0.751942455768585 0.832521021366119 1.05539998412132 1.20197403430939 1.66827893257141 1.13861927390099 2.38928904533386 -9999 -9999 -9999 -9999 -9999 -9999 -9999 3.63917434215546 7.5684289932251 3.77368694543839 3.10929107666016 3.57925871014595 2.87029883265495 1.03331699967384 1.80489000678062 2.02063643932343 2.05433177947998 1.83824551105499 1.85077875852585 2.27264857292175 19.7891035079956 23.0065865516663 36.4851573705673 -9999 -9999 -9999 -9999 -9999 -9999 -9999 -9999 -9999 -9999
0.863099992275238 0.824771225452423 1.03859996795654 0.850082248449326 0.735734269022942 0.677661761641502 0.63398851454258 0.739546492695808 0.804988503456116 0.691954493522644 0.666119232773781 0.648414015769958 0.65244448184967 0.662955746054649 0.625037267804146 0.577142268419266 0.60605326294899 0.674395501613617 0.875687956809998 1.3379657828078 0.859980113022811 0.876964688301086 1.1304286904633 0.757211208343506 0.783244460821152 0.853488028049469 1.45115625858307 1.15220779180527 1.16324472427368 -9999 -9999 -9999 -9999 -9999 -9999 -9999 5.30943675041199 43.7993513345718 16.352535367012 9.06729257106781 9.1357313990593 6.13650172948837 1.92659997940063 2.23211699724197 1.33036574721336 1.52681475877762 4.75270003080368 6.96076565980911 8.12883871793747 13.4411549568176 22.1608307361603 4.56142437458038 4.6831955909729 -9999 -9999 -9999 -9999 -9999 -9999 -9999 -9999 -9999
0.764960289001465 0.679033488035202 0.63528299331665 0.65770947933197 0.691428020596504 0.700117483735085 0.609749257564545 0.78216826915741 0.733709245920181 0.750731974840164 0.666436493396759 0.636063739657402 0.654021754860878 0.654983997344971 0.611703738570213 0.559560745954514 0.623073756694794 0.741114735603333 0.699342727661133 0.729614228010178 0.756855010986328 0.745181992650032 0.812339276075363 0.922582536935806 1.01126852631569 1.06996724009514 1.36387798190117 1.47959098219872 1.28760454058647 1.45317828655243 -9999 -9999 -9999 -9999 -9999 -9999 -9999 2.80412088010622 4.30439740419388 1.76032275106849 19.3969901502132 13.628012239933 8.02491366863251 4.56375753879547 4.78109741210938 7.38523328304291 6.21887570619583 10.4041223526001 13.6919014453888 18.1493413448334 10.0464236736298 7.35318231582642 4.09687522216625 -9999 -9999 -9999 -9999 -9999 -9999 -9999 -9999 -9999
0.569450989365578 0.554696246981621 0.803727775812149 0.819752275943756 0.819803237915039 0.724854737520218 0.714538514614105 0.742472246289253 0.790705472230911 0.754442989826202 0.576942756772041 0.578835010528564 0.590048253536224 0.532230019569397 0.518528267741203 0.521082758903503 0.535442233085632 0.684170231223106 0.747612744569778 0.715747520327568 0.543615013360977 0.624611243605614 0.889146745204926 1.27491000294685 1.12968072295189 1.26552897691727 1.29162338376045 1.0281817317009 1.36467379331589 1.51873129606247 -9999 -9999 -9999 -9999 -9999 -9999 -9999 -9999 -9999 -9999 -9999 -9999 -9999 -9999 -9999 -9999 3.65490746498108 13.8306505680084 19.5363445281982 7.63264820792458 -9999 -9999 -9999 -9999 -9999 -9999 -9999 -9999 -9999 -9999 -9999 -9999
0.583207502961159 0.57378226518631 0.971705228090286 0.885944277048111 0.823960483074188 0.777492731809616 0.781095027923584 0.742595985531807 0.698207259178162 0.626739755272865 0.515733763575554 0.491836488246918 0.486804753541946 0.440953508019447 0.454048499464989 0.460478246212006 0.49541249871254 0.507778510451317 0.547682270407677 0.575806483626366 0.538161009550095 0.638174995779991 0.787491738796234 0.971175926923752 -9999 -9999 -9999 1.07394003868103 1.14218026399612 1.21760854125023 1.33757248520851 -9999 -9999 -9999 -9999 -9999 -9999 -9999 -9999 -9999 -9999 -9999 -9999 -9999 -9999 -9999 -9999 -9999 -9999 -9999 -9999 -9999 -9999 -9999 -9999 -9999 -9999 -9999 -9999 -9999 -9999 -9999
0.784830719232559 0.800560534000397 0.636947259306908 0.872376769781113 0.683295741677284 0.836971521377563 0.852579742670059 0.735684737563133 0.732657730579376 0.659991011023521 0.580545008182526 0.523027494549751 0.493795484304428 0.464613765478134 0.518404483795166 0.543880507349968 0.54804901778698 0.565697237849236 0.533768981695175 0.535288497805595 0.655003488063812 0.751904994249344 0.838517993688583 1.02055495977402 1.01795473694801 0.979995757341385 0.990068972110748 1.06915426254272 0.969734251499176 1.02070498466492 1.25127223134041 2.18187476745967 -9999 -9999 -9999 -9999 -9999 -9999 -9999 -9999 -9999 -9999 -9999 -9999 -9999 -9999 -9999 -9999 -9999 -9999 -9999 -9999 -9999 -9999 -9999 -9999 -9999 -9999 -9999 -9999 -9999 -9999
0.831099718809128 0.780190497636795 0.915787518024445 0.863520741462708 0.823062747716904 0.896243244409561 0.834525793790817 0.793292999267578 0.671505019068718 0.699848234653473 0.646232262253761 0.524342268705368 0.532293006777763 0.542952015995979 0.608911514282227 0.614577010273933 0.604713767766953 0.586890757083893 0.550572752952576 0.58297424018383 0.656292736530304 0.692028746008873 0.804257959127426 0.940434783697128 1.07129922509193 0.914173543453217 0.887095481157303 0.879068970680237 0.909118473529816 1.09436997771263 1.52480632066727 1.76498687267303 -9999 -9999 -9999 -9999 -9999 -9999 -9999 -9999 -9999 -9999 -9999 -9999 -9999 -9999 -9999 -9999 -9999 -9999 -9999 -9999 -9999 -9999 -9999 -9999 -9999 -9999 -9999 -9999 -9999 -9999
0.98345473408699 0.840925544500351 0.77940371632576 0.687474757432938 0.727985993027687 0.878964006900787 0.804050266742706 0.782443463802338 0.686835765838623 0.688640981912613 0.685705482959747 0.705556511878967 0.747937515377998 0.860553771257401 0.790903508663177 0.677848488092422 0.61387275159359 0.59518875181675 0.71621923148632 0.70008373260498 0.647705242037773 0.745651513338089 0.858186721801758 0.929502725601196 1.52429401874542 1.58562827110291 1.16317203640938 1.0538355410099 1.06454327702522 1.07187375426292 1.77606904506683 -9999 -9999 -9999 -9999 -9999 -9999 -9999 -9999 -9999 -9999 -9999 -9999 -9999 -9999 -9999 -9999 -9999 -9999 -9999 -9999 -9999 -9999 -9999 -9999 -9999 -9999 -9999 -9999 -9999 -9999 -9999
