EcologicalScience/Bass/data/rs_data_bass/chl_171.asc
NCOLS 226 
NROWS 124 
XLLCORNER -9.41648524995501 
YLLCORNER 47.587301625531 
CELLSIZE 0.0833 
NODATA_value -9999 
[rows 0 to 26 of 124, columns 62 to 123 of 226]
-9999 -9999 -9999 -9999 -9999 -9999 -9999 -9999 -9999 -9999 -9999 -9999 -9999 -9999 -9999 -9999 -9999 -9999 -9999 -9999 -9999 -9999 -9999 -9999 -9999 -9999 -9999 -9999 -9999 -9999 -9999 -9999 -9999 -9999 -9999 -9999 -9999 -9999 -9999 -9999 -9999 -9999 -9999 -9999 -9999 -9999 -9999 -9999 -9999 -9999 -9999 -9999 -9999 -9999 -9999 -9999 -9999 -9999 -9999 -9999 -9999 -9999
-9999 -9999 -9999 -9999 -9999 -9999 -9999 -9999 -9999 -9999 -9999 -9999 -9999 -9999 -9999 -9999 -9999 -9999 -9999 -9999 -9999 -9999 -9999 -9999 -9999 -9999 -9999 -9999 -9999 -9999 -9999 -9999 -9999 -9999 -9999 -9999 -9999 -9999 -9999 -9999 -9999 -9999 -9999 -9999 -9999 -9999 -9999 -9999 -9999 -9999 -9999 -9999 -9999 -9999 -9999 -9999 -9999 -9999 -9999 -9999 -9999 -9999
-9999 -9999 -9999 -9999 -9999 -9999 -9999 -9999 -9999 -9999 -9999 -9999 -9999 -9999 -9999 -9999 -9999 -9999 -9999 -9999 -9999 -9999 -9999 -9999 -9999 -9999 -9999 -9999 -9999 -9999 -9999 -9999 -9999 -9999 -9999 -9999 -9999 -9999 -9999 -9999 -9999 -9999 -9999 -9999 -9999 -9999 -9999 -9999 -9999 -9999 -9999 -9999 -9999 -9999 -9999 -9999 -9999 -9999 -9999 -9999 -9999 -9999
-9999 -9999 -9999 -9999 -9999 -9999 -9999 -9999 -9999 -9999 -9999 -9999 -9999 -9999 -9999 -9999 -9999 -9999 -9999 -9999 -9999 -9999 -9999 -9999 -9999 -9999 -9999 -9999 -9999 -9999 -9999 -9999 -9999 -9999 -9999 -9999 -9999 -9999 -9999 -9999 -9999 -9999 -9999 -9999 -9999 -9999 -9999 -9999 -9999 -9999 -9999 -9999 -9999 -9999 -9999 -9999 -9999 -9999 -9999 -9999 -9999 -9999
-9999 -9999 -9999 -9999 -9999 -9999 -9999 -9999 -9999 -9999 -9999 -9999 -9999 -9999 -9999 -9999 -9999 -9999 -9999 -9999 -9999 -9999 -9999 -9999 -9999 -9999 -9999 -9999 -9999 -9999 -9999 -9999 -9999 -9999 -9999 -9999 -9999 -9999 -9999 -9999 -9999 -9999 -9999 -9999 -9999 -9999 -9999 -9999 -9999 -9999 -9999 -9999 -9999 -9999 -9999 -9999 -9999 -9999 -9999 -9999 -9999 -9999
-9999 -9999 -9999 -9999 -9999 -9999 -9999 -9999 -9999 -9999 -9999 -9999 -9999 -9999 -9999 -9999 -9999 -9999 -9999 -9999 -9999 -9999 -9999 -9999 -9999 -9999 -9999 -9999 0.63735419511795 0.858328780009799 1.13014617562294 0.677677229046822 0.584045752882957 0.5516287535429 0.556517988443375 0.448843494057655 0.480995267629623 0.477064490318298 0.487350761890411 0.491944491863251 0.522375762462616 0.515640020370483 0.459302231669426 0.474380269646645 0.467829018831253 0.459377244114876 0.477534770965576 0.466529980301857 0.46010023355484 0.466958999633789 0.483870014548302 0.501497268676758 0.481898233294487 0.488744258880615 0.44175973534584 0.402792021632195 0.411744743585587 0.420616507530212 0.528167992830276 0.477582737803459 0.478471487760544 0.488762229681015
-9999 -9999 -9999 -9999 -9999 -9999 -9999 -9999 -9999 -9999 -9999 -9999 -9999 -9999 -9999 -9999 -9999 -9999 -9999 -9999 -9999 -9999 -9999 -9999 -9999 -9999 1.18186515569687 1.0627324283123 2.88370898365974 2.18792174756527 0.768672365695238 0.74760976433754 0.402401268482208 0.401933267712593 0.434649020433426 0.481986746191978 0.502652987837791 0.51807077229023 0.524685010313988 0.533696249127388 0.535725742578506 0.545046016573906 0.518440514802933 0.496782749891281 0.510544493794441 0.499511271715164 0.490086749196053 0.474584251642227 0.485288232564926 0.473958000540733 0.47545950114727 0.471338242292404 0.489209979772568 0.486351728439331 0.492108017206192 0.585432752966881 0.609066769480705 0.504801750183105 0.513183742761612 0.486442521214485 0.47020348906517 0.444371983408928
-9999 -9999 -9999 -9999 -9999 -9999 -9999 -9999 -9999 -9999 -9999 -9999 -9999 -9999 -9999 -9999 -9999 -9999 -9999 -9999 -9999 -9999 -9999 -9999 -9999 -9999 1.18186515569687 2.08971898555756 2.18600285053253 1.9359864294529 0.43808251619339 0.552403494715691 0.494457766413689 0.494075238704681 0.50738999247551 0.543834015727043 0.538752749562263 0.541497007012367 0.542811021208763 0.556893736124039 0.538770005106926 0.550510480999947 0.551256000995636 0.526506006717682 0.514640271663666 0.503855243325233 0.48726524412632 0.48538202047348 0.490401014685631 0.47612701356411 0.472743004560471 0.488221496343613 0.520103260874748 0.549704253673553 0.612991511821747 0.676773771643639 0.628793254494667 0.553083747625351 0.574142262339592 0.50746276974678 0.462784498929977 0.463956758379936
-9999 -9999 -9999 -9999 -9999 -9999 -9999 -9999 -9999 -9999 -9999 -9999 -9999 -9999 -9999 -9999 -9999 -9999 -9999 -9999 -9999 -9999 -9999 -9999 -9999 -9999 2.78925004005432 0.834392219781876 0.782110512256622 0.701138243079185 0.659883767366409 0.60208198428154 0.590631768107414 0.562170758843422 0.565825492143631 0.573720753192902 0.572601020336151 0.576210021972656 0.571704760193825 0.555668234825134 0.539114266633987 0.535377010703087 0.541784271597862 0.526972487568855 0.510815978050232 0.524413481354713 0.484842762351036 0.470681995153427 0.501358509063721 0.50024476647377 0.477521270513535 0.543931514024734 0.629619732499123 0.705533266067505 0.637760996818542 0.773358017206192 0.800625711679459 0.76348203420639 0.721121996641159 0.575439736247063 0.49321348965168 0.492071270942688
-9999 -9999 -9999 -9999 -9999 -9999 -9999 -9999 -9999 -9999 -9999 -9999 -9999 -9999 -9999 -9999 -9999 -9999 -9999 -9999 -9999 -9999 -9999 -9999 -9999 1.19121462106705 1.94927526265383 0.798292458057404 0.656973749399185 0.626511007547379 0.640479728579521 0.623069241642952 0.630827262997627 0.593386486172676 0.595317766070366 0.579462736845016 0.572722479701042 0.583949267864227 0.589720487594604 0.592626750469208 0.569852247834206 0.548163771629333 0.530979752540588 0.509422481060028 0.494745746254921 0.542969271540642 0.540869995951653 0.526658266782761 0.542351245880127 0.584286019206047 0.600774005055428 0.708335995674133 0.999891042709351 1.19466599822044 1.37835896015167 1.06703549623489 1.19768178462982 0.63630898296833 0.601344019174576 0.556556269526482 0.5337885171175 0.527199760079384
-9999 -9999 -9999 -9999 -9999 -9999 -9999 -9999 -9999 -9999 -9999 -9999 -9999 -9999 -9999 -9999 -9999 -9999 -9999 -9999 -9999 -9999 -9999 -9999 -9999 8.97258262038231 4.46279817223549 0.874856293201447 0.730977728962898 0.665732234716415 0.652453511953354 0.58958700299263 0.622346252202988 0.595482766628265 0.560425490140915 0.538286983966827 0.528537020087242 0.518954247236252 0.545479506254196 0.558929264545441 0.561091482639313 0.521750271320343 0.537246733903885 0.533143490552902 0.544585481286049 0.566039264202118 0.543907508254051 0.543285772204399 0.567732006311417 0.582299262285233 0.644742742180824 0.826373219490051 1.08722779154778 1.33911824226379 1.89795970916748 1.78100627660751 1.55230057239532 0.64113150537014 0.499475240707397 0.516889482736588 0.490656763315201 0.54754051566124
-9999 -9999 -9999 -9999 -9999 -9999 -9999 -9999 -9999 -9999 -9999 -9999 -9999 -9999 -9999 -9999 -9999 -9999 -9999 -9999 -9999 -9999 -9999 -9999 1.31647038459778 3.82301933169365 0.713249266147614 0.700009480118752 0.669344991445541 0.637389734387398 0.576404258608818 0.555485978722572 0.571310251951218 0.545290499925613 0.577675491571426 0.544228479266167 0.528870016336441 0.522125244140625 0.527718767523766 0.537198767066002 0.537044271826744 0.549987003207207 0.557898759841919 0.551372990012169 0.550198495388031 0.582688495516777 0.58450274169445 0.57753449678421 0.555945754051208 0.633342728018761 0.609482243657112 0.691044732928276 0.968136727809906 1.0529879629612 0.533415019512177 0.390338256955147 0.389247000217438 0.451318502426147 0.407642260193825 0.369491256773472 0.483679011464119 0.431216239929199
-9999 -9999 -9999 -9999 -9999 -9999 -9999 -9999 -9999 -9999 -9999 -9999 -9999 -9999 -9999 -9999 -9999 -9999 -9999 -9999 -9999 -9999 -9999 1.50594073534012 3.82451505661011 0.821541756391525 0.795754462480545 0.706388264894485 0.636265486478806 0.589961260557175 0.593719482421875 0.589402511715889 0.566818490624428 0.598153486847878 0.576803237199783 0.545900255441666 0.534958496689796 0.550469979643822 0.545475751161575 0.550389736890793 0.55555348098278 0.548210978507996 0.59367898106575 0.576144754886627 0.594170987606049 0.593356490135193 0.54280199110508 0.521966993808746 0.525951728224754 0.600611239671707 0.700923755764961 0.725296497344971 1.3989315032959 0.440510228276253 0.341606251895428 0.3136942461133 0.542861998081207 0.541542232036591 0.554099500179291 0.595356985926628 0.551969259977341 0.577323496341705
-9999 -9999 -9999 -9999 -9999 -9999 -9999 -9999 -9999 -9999 -9999 -9999 -9999 -9999 -9999 -9999 -9999 -9999 -9999 -9999 -9999 -9999 3.81227370500565 1.43258848786354 1.05211052298546 0.807437270879745 0.793638736009598 0.786383986473083 0.69039523601532 0.671828985214233 0.676051497459412 0.641737505793571 0.56156699359417 0.573189005255699 0.583191007375717 0.579074263572693 0.553991228342056 0.587982729077339 0.566393986344337 0.580534502863884 0.584555268287659 0.593722522258759 0.657830268144608 0.689669251441956 0.674640744924545 0.64547024667263 0.563860505819321 0.592139258980751 0.657958477735519 0.83964604139328 1.02077695727348 1.47074621915817 1.64604073762894 0.258513741195202 0.265620008111 0.538366243243217 0.480579003691673 0.48632250726223 0.478820741176605 0.495638981461525 0.53522801399231 0.533352762460709
-9999 -9999 -9999 -9999 -9999 -9999 -9999 -9999 -9999 -9999 -9999 -9999 -9999 -9999 -9999 -9999 -9999 -9999 -9999 -9999 2.64602583646774 1.97520213059976 1.42396312952042 1.29209321737289 1.19018778204918 0.830523759126663 0.705301493406296 0.892340987920761 0.909849733114243 0.741310492157936 0.732519015669823 0.856085211038589 0.715570494532585 0.739084482192993 0.603940486907959 0.581797510385513 0.654576748609543 0.604991242289543 0.601932764053345 0.603732749819756 0.60198301076889 0.572960257530212 0.615273758769035 0.733851000666618 0.80351847410202 0.74670298397541 0.687284231185913 0.679087489843369 0.61286173760891 0.752483993768692 0.886884748935699 1.05154126882553 2.8136340379715 0.514904245734215 0.54033949971199 0.521462261676788 0.550911739468575 0.514121010899544 0.512843251228333 0.518054246902466 0.485232263803482 0.484059765934944
-9999 -9999 -9999 -9999 -9999 -9999 -9999 -9999 -9999 -9999 -9999 -9999 -9999 -9999 -9999 -9999 -9999 -9999 -9999 -9999 2.14965523346565 2.71174856594631 1.37121565639973 1.16672024130821 1.31799224019051 0.996542662382126 0.461469758301973 0.507857993245125 0.978304982185364 0.635754749178886 0.499835997819901 0.457426518201828 0.731176480650902 0.762007534503937 0.646336510777473 0.626142740249634 0.693022504448891 0.620220020413399 0.597414761781693 0.620673760771751 0.623441979289055 0.685285493731499 0.66288748383522 0.790639489889145 0.898262232542038 0.930111765861511 0.874254763126373 0.798551291227341 0.832234472036362 0.436700999736786 0.697553247213364 0.657243758440018 0.517509505152702 0.503781735897064 0.534312754869461 0.610914498567581 0.498845487833023 0.509626731276512 0.529122740030289 0.519702017307281 0.535640254616737 0.555836006999016
-9999 -9999 -9999 -9999 -9999 -9999 -9999 -9999 -9999 -9999 -9999 -9999 -9999 -9999 -9999 -9999 -9999 -9999 -9999 3.05105323791504 1.98730391263962 2.18016564846039 2.38686338067055 2.09505099058151 1.10319225490093 0.983592018485069 0.449135988950729 0.472058996558189 0.467995494604111 0.430118232965469 0.432965978980064 0.534547492861748 0.594641983509064 0.660267770290375 0.622626006603241 0.631642520427704 0.627788230776787 0.625379249453545 0.645790502429008 0.65615026652813 0.725940763950348 0.800663977861404 0.906094461679459 0.946851789951324 0.952717512845993 0.945075005292892 0.849133461713791 0.798129022121429 0.564331740140915 0.370808243751526 0.361601248383522 0.643382236361504 0.368505008518696 0.593946754932404 0.471706509590149 0.714197248220444 0.662079021334648 0.712097257375717 0.772304266691208 0.756366759538651 0.348289489746094 0.294605255126953
-9999 -9999 -9999 -9999 -9999 -9999 -9999 -9999 -9999 -9999 -9999 -9999 -9999 -9999 -9999 -9999 -9999 -9999 9.56468939781189 1.98986256122589 1.37408173084259 1.12835624814034 1.0847655236721 1.7585332095623 1.47231414914131 1.31326603889465 0.898997604846954 0.253425747156143 0.279948011040688 0.398225247859955 0.504841491580009 0.568736985325813 0.576080247759819 0.611702263355255 0.636483728885651 0.618360757827759 0.594898492097855 0.606394484639168 0.592606499791145 0.738483756780624 0.831208527088165 0.884284526109695 0.936692208051682 0.97105273604393 0.869454771280289 0.8320252597332 0.81353697180748 1.25223898887634 0.335547745227814 0.579043507575989 0.532918497920036 0.584468990564346 0.580778270959854 0.57092173397541 0.60113699734211 0.649074018001556 0.641367763280869 0.688469231128693 0.452397003769875 0.385482743382454 0.356609255075455 0.466541737318039
-9999 -9999 -9999 -9999 -9999 -9999 -9999 -9999 -9999 -9999 -9999 -9999 -9999 -9999 -9999 -9999 -9999 14.9019160380942 3.18344557285309 2.66102331876755 2.17246806621552 1.71442866325378 1.38224101066589 1.01613521575928 0.910955250263214 1.20679347217083 1.0810094922781 1.00614640116692 0.911115378141403 0.722807988524437 1.00726824998856 1.07101052999496 0.553702488541603 0.615376487374306 0.598967269062996 0.629557505249977 0.587504267692566 0.619368731975555 0.640926003456116 0.65165551006794 0.824181765317917 0.817379236221313 0.857985734939575 0.941118746995926 0.896789252758026 0.858147025108337 0.535718232393265 1.1651092171669 0.554708987474442 0.591732010245323 0.703083738684654 0.572572499513626 0.557345241308212 0.62296199798584 0.62389200925827 0.620766744017601 0.63782174885273 0.673362001776695 0.744955480098724 0.697918519377708 0.702830269932747 0.488525256514549
-9999 -9999 -9999 -9999 -9999 -9999 -9999 -9999 -9999 -9999 -9999 -9999 -9999 -9999 -9999 -9999 -9999 -9999 -9999 9.62692487239838 4.99566179513931 2.97009950876236 1.53431779146194 1.51496283710003 1.31875086575747 2.82314282655716 0.41779200732708 0.357291005551815 1.42026472091675 1.20924952626228 0.399795770645142 0.341288991272449 0.467470496892929 0.468543738126755 0.536582261323929 0.522291004657745 0.513000771403313 0.579427510499954 0.602592766284943 0.61480875313282 0.74168998003006 0.736767768859863 0.812779515981674 0.856063485145569 0.889682292938232 0.992002487182617 0.518834263086319 0.466187238693237 0.452743515372276 0.47164423763752 0.479063987731934 0.385835230350494 0.49670098721981 0.454456508159637 0.520154267549515 0.54338327050209 0.524097740650177 0.659772008657455 0.847058236598969 1.06446978449821 0.837436527013779 0.455919981002808
-9999 -9999 -9999 -9999 -9999 -9999 -9999 -9999 -9999 -9999 -9999 -9999 -9999 -9999 -9999 10.44748711586 8.66581747124835 3.79419062858404 18.7066432535648 12.6303849220276 1.94858032464981 1.77165216207504 1.25994676351547 0.492978751659393 0.451637238264084 0.430987492203712 0.415260761976242 0.580377727746964 0.572891235351562 0.525111749768257 0.420404255390167 0.371285252273083 0.371902495622635 0.428904756903648 0.463124245405197 0.480280503630638 0.85088774561882 0.401130750775337 0.605059504508972 0.669839233160019 0.690415486693382 0.786092966794968 0.943536758422852 0.951077967882156 0.853430986404419 0.590997755527496 0.459945738315582 0.479651257395744 0.451156497001648 0.445148259401321 0.417775511741638 0.381391480565071 0.360297001898289 0.367054492235184 0.365739740431309 0.620025739073753 0.888615041971207 0.831037491559982 1.6821157336235 0.45566800236702 0.619877234101295 0.520420745015144
-9999 -9999 -9999 -9999 -9999 -9999 -9999 -9999 -9999 -9999 35.2986888885498 35.2986888885498 13.7248649597168 11.0891904830933 16.2390215396881 8.49501299858093 9.1766254901886 8.11362457275391 6.2056422829628 0.83244001865387 0.96339225769043 0.37829402089119 0.365084990859032 1.18191826343536 0.614254519343376 0.418926760554314 0.422970771789551 0.568530768156052 0.555776998400688 1.48503124713898 1.6146274805069 0.753564387559891 0.671539139002562 0.638165608048439 1.0444792509079 1.15345424413681 0.719590499997139 0.695603236556053 0.649479746818542 0.717916488647461 0.75337278842926 0.775830745697021 0.92992427945137 0.919915527105331 0.919862240552902 0.867137968540192 0.939590245485306 0.734777256846428 0.563952013850212 0.585000738501549 0.555951744318008 0.554515510797501 0.550361260771751 0.4308712631464 0.477719262242317 0.367340259253979 0.367485746741295 0.356138996779919 0.342930749058723 0.454373255372047 0.309481501579285 0.304873488843441
-9999 -9999 -9999 -9999 -9999 -9999 -9999 -9999 -9999 -9999 35.2986888885498 5.64699884255727 2.57501471042633 2.89445328712463 2.81043666601181 4.63313782215118 3.23131501674652 9.93137838623741 7.39080815799165 2.22064621483578 4.13460743427277 0.318280510604382 0.283406250178814 0.228883489966393 3.00566738843918 1.89264750480652 1.51080000400543 2.54384875297546 2.11985751986504 1.52821880578995 0.726962249726057 0.74287086725235 0.719011891633272 0.990314215421677 1.03171348571777 1.10429620742798 1.03129202127457 0.686813235282898 0.695664748549461 0.731146484613419 0.759812235832214 0.809481739997864 0.898924469947815 0.801608294248581 0.782810211181641 0.751991271972656 0.823339462280273 0.56928451359272 0.590442761778831 0.557280018925667 0.556656762957573 0.561911255121231 0.674244001507759 0.634127989411354 0.868668794631958 0.386175736784935 0.375228747725487 0.36667799949646 0.348899245262146 0.329852990806103 0.358891502022743 0.475660502910614
-9999 -9999 -9999 -9999 -9999 -9999 -9999 -9999 -9999 -9999 -9999 -9999 12.7095369840716 3.23726761341095 3.58247745037079 6.08651008035826 -9999 -9999 -9999 -9999 -9999 -9999 0.436271265149117 0.418611735105515 0.972668260335922 3.49748052656651 3.81711128354073 4.51125285029411 2.32350256294012 1.56654381752014 1.19227203726768 1.18910998106003 1.07876399159431 1.05114376544952 1.2291487455368 1.17907503247261 0.920874774456024 0.795528709888458 0.732638999819756 0.776504963636398 0.807123005390167 0.824223786592484 0.847627490758896 0.799575716257095 0.812011510133743 0.709104761481285 0.714973479509354 0.704718008637428 0.818735986948013 0.583047732710838 0.523002728819847 0.476990237832069 0.491013765335083 0.574903517961502 0.456671252846718 0.489458978176117 0.470167502760887 0.394856259226799 0.41772598028183 0.454584002494812 0.408812239766121 0.435087740421295
-9999 -9999 -9999 -9999 -9999 -9999 -9999 -9999 -9999 -9999 -9999 -9999 -9999 16.6274771690369 16.6274771690369 16.6274771690369 -9999 -9999 -9999 -9999 -9999 -9999 4.94490551948547 4.94490551948547 4.94490551948547 0.308659605681896 6.07095672190189 7.71154148876667 2.14063681662083 0.363137997686863 0.888306766748428 0.966934472322464 0.856804490089417 0.974366962909698 1.00138726830482 1.04013445973396 0.908590525388718 0.683804243803024 0.691934242844582 0.788230508565903 0.796140789985657 0.785313785076141 0.752500534057617 0.654290243983269 0.585312008857727 0.579121515154839 0.530680507421494 0.533003255724907 0.725718006491661 0.738041996955872 0.665058016777039 0.520864516496658 0.498470261693001 0.467650517821312 0.526181995868683 0.520281761884689 0.552267730236053 0.539612978696823 0.509733751416206 0.43640099465847 0.378243014216423 0.407665506005287
-9999 -9999 -9999 -9999 -9999 -9999 -9999 -9999 -9999 -9999 -9999 -9999 -9999 -9999 -9999 -9999 -9999 -9999 -9999 -9999 -9999 -9999 -9999 -9999 -9999 -9999 4.82963638007641 1.86486285924911 6.15373662114143 6.08609408140182 1.05283123254776 0.936596989631653 0.872676730155945 0.770286709070206 1.05531299114227 0.952722787857056 0.756437212228775 0.606446251273155 0.649669513106346 0.720841482281685 0.676437020301819 0.652411490678787 0.657879754900932 0.597169518470764 0.503372266888618 0.502010241150856 0.53032574057579 0.620189264416695 0.744968980550766 0.542218521237373 0.526163980364799 0.496494010090828 0.57488626241684 0.589605733752251 0.584831267595291 0.634755000472069 0.643751263618469 0.613370999693871 0.612737238407135 0.627188980579376 0.562120512127876 0.580721989274025
-9999 -9999 -9999 -9999 -9999 -9999 -9999 -9999 -9999 -9999 -9999 -9999 -9999 -9999 -9999 -9999 -9999 -9999 -9999 -9999 -9999 -9999 -9999 -9999 -9999 -9999 -9999 8.16781726053783 40.0027821063995 11.6953627467155 4.26685464382172 0.831539958715439 0.757880955934525 0.824328750371933 0.833343029022217 0.792930006980896 0.735388487577438 0.640751257538795 0.642153739929199 0.746588990092278 0.706136271357536 0.728236511349678 0.645254239439964 0.55308598279953 0.551366239786148 0.63171449303627 0.605942264199257 0.615161240100861 0.600763499736786 0.533701479434967 0.352920010685921 0.42594601213932 0.526551738381386 0.592173010110855 0.596451759338379 0.721350744366646 0.764343023300171 0.771204739809036 0.712473750114441 0.451227754354477 0.586097985506058 0.669751480221748
