EcologicalScience/Bass/data/rs_data_bass/chl_263.asc
NCOLS 226 
NROWS 124 
XLLCORNER -9.41648524995501 
YLLCORNER 47.587301625531 
CELLSIZE 0.0833 
NODATA_value -9999 
[rows 54 to 80 of 124, columns 0 to 61 of 226]
-9999 -9999 -9999 -9999 -9999 -9999 -9999 -9999 -9999 -9999 -9999 -9999 -9999 -9999 -9999 -9999 -9999 -9999 -9999 -9999 -9999 -9999 -9999 -9999 -9999 -9999 -9999 -9999 -9999 -9999 -9999 -9999 -9999 -9999 -9999 -9999 -9999 -9999 5.00973780910332 4.33181166648865 4.02554571628571 3.13251948356628 1.97325146198273 1.28664895892143 1.31504926085472 1.38079798221588 1.20929396152496 1.16622599959373 1.19500502943993 1.17738899588585 1.08934646844864 1.10380724072456 1.22097525000572 1.45431903004646 1.63446074724197 1.81211543083191 1.96245896816254 2.23936343193054 -9999 0.607058599591255 0.62790758907795 1.97225243371466
-9999 -9999 -9999 -9999 -9999 -9999 -9999 -9999 -9999 -9999 -9999 -9999 -9999 -9999 -9999 -9999 -9999 -9999 -9999 -9999 -9999 -9999 -9999 -9999 -9999 -9999 -9999 -9999 -9999 -9999 -9999 -9999 -9999 -9999 -9999 -9999 -9999 -9999 -9999 4.38909316062927 4.38852202892303 4.24890339374542 1.52429616451263 1.51403778791428 1.34363248944283 1.36610922217369 1.30001628398895 1.09994629025459 1.1165047287941 1.06023377180099 1.07281422615051 1.11218324303627 1.3377982378006 1.65035176277161 1.77079653739929 1.88764876127243 1.90182155370712 -9999 -9999 -9999 -9999 -9999
-9999 -9999 -9999 -9999 -9999 -9999 -9999 -9999 -9999 -9999 -9999 -9999 -9999 -9999 -9999 -9999 -9999 -9999 -9999 -9999 -9999 -9999 -9999 -9999 -9999 -9999 -9999 -9999 -9999 -9999 -9999 -9999 -9999 -9999 -9999 -9999 -9999 -9999 -9999 -9999 3.02445018291473 2.60620403289795 1.54111272096634 1.53892421722412 1.56126827001572 1.43653947114944 1.260527998209 1.13838672637939 1.22260728478432 1.18480423092842 1.1562360227108 1.31235149502754 1.48824673891068 1.70953041315079 1.66156876087189 1.79340147972107 1.97719573974609 1.7141729593277 3.61097319920858 -9999 -9999 -9999
-9999 -9999 -9999 -9999 -9999 -9999 -9999 -9999 -9999 -9999 -9999 -9999 -9999 -9999 -9999 -9999 -9999 -9999 -9999 -9999 -9999 -9999 -9999 -9999 -9999 -9999 -9999 -9999 -9999 -9999 -9999 -9999 -9999 -9999 -9999 -9999 -9999 -9999 -9999 -9999 2.8809369802475 2.24751967191696 1.91954845190048 1.77009004354477 1.68754649162292 1.56795591115952 1.47697198390961 1.36881753802299 1.3274490237236 1.31034296751022 1.31730750203133 1.24467748403549 1.39830672740936 1.52841979265213 1.46111172437668 1.38835653662682 1.32959246635437 1.4636422097683 1.51084417104721 1.70109897851944 2.69596568328231 -9999
-9999 -9999 -9999 -9999 -9999 -9999 -9999 -9999 -9999 -9999 -9999 -9999 -9999 -9999 -9999 -9999 -9999 -9999 -9999 -9999 -9999 -9999 -9999 -9999 -9999 -9999 -9999 -9999 -9999 -9999 -9999 -9999 -9999 -9999 -9999 -9999 -9999 -9999 -9999 -9999 -9999 3.00307649374008 3.20836266875267 1.92885375022888 1.8853747844696 1.78244251012802 1.58791798353195 1.57213872671127 1.5505844950676 1.53713929653168 1.36396872997284 1.15874701738358 1.28180095553398 1.40990325808525 1.32637202739716 1.22209426760674 1.22088226675987 1.55427449941635 2.06723248958588 2.56035071611404 1.29403576254845 -9999
-9999 -9999 -9999 -9999 -9999 -9999 -9999 -9999 -9999 -9999 -9999 -9999 -9999 -9999 -9999 -9999 -9999 -9999 -9999 -9999 -9999 -9999 -9999 -9999 -9999 -9999 -9999 -9999 -9999 -9999 -9999 -9999 -9999 -9999 -9999 -9999 -9999 -9999 -9999 -9999 -9999 1.91109216213226 1.73796075582504 1.79369473457336 1.84525269269943 1.81751471757889 1.69808399677277 1.63205856084824 1.67660397291183 1.40494877099991 1.1362207531929 1.06604173779488 1.21423271298409 1.35303300619125 1.34155198931694 1.35721278190613 1.27267125248909 1.41737473011017 1.43091523647308 1.7649239951914 -9999 -9999
-9999 -9999 -9999 -9999 -9999 -9999 -9999 -9999 -9999 -9999 -9999 -9999 -9999 -9999 -9999 -9999 -9999 -9999 -9999 -9999 -9999 -9999 -9999 -9999 -9999 -9999 -9999 -9999 -9999 -9999 -9999 -9999 -9999 -9999 -9999 -9999 -9999 -9999 -9999 -9999 1.87319558858871 1.88784456253052 1.86601567268372 1.79208219051361 1.85433375835419 1.67228257656097 1.65809243917465 1.59706646203995 1.58586752414703 1.31425952911377 1.08652871847153 1.09709474444389 1.28661525249481 1.43086275458336 1.4332289993763 1.30166852474213 1.42880246043205 -9999 -9999 3.89136528968811 7.56619334220886 13.467182636261
-9999 -9999 -9999 -9999 -9999 -9999 -9999 -9999 -9999 -9999 -9999 -9999 -9999 -9999 -9999 -9999 -9999 -9999 -9999 -9999 -9999 -9999 -9999 -9999 -9999 -9999 -9999 -9999 -9999 -9999 -9999 -9999 -9999 -9999 -9999 -9999 -9999 -9999 -9999 2.12564098834991 2.06396019458771 2.0131875872612 1.76109302043915 1.66782599687576 1.50848096609116 1.53098917007446 1.59320998191833 1.5281565785408 1.46151825785637 1.21462798118591 1.05777454376221 1.04426702857018 1.18907627463341 1.39317896962166 1.41278547048569 1.41472345590591 1.75082033872604 1.49993401765823 1.89259654283524 2.18465620279312 2.85063296556473 2.97785782814026
-9999 -9999 -9999 -9999 -9999 -9999 -9999 -9999 -9999 -9999 -9999 -9999 -9999 -9999 -9999 -9999 -9999 -9999 -9999 -9999 -9999 -9999 -9999 -9999 -9999 -9999 -9999 -9999 -9999 -9999 -9999 -9999 -9999 -9999 -9999 -9999 -9999 -9999 -9999 2.55561411380768 1.90523332357407 1.98297894001007 1.7060632109642 1.55933851003647 1.45412170886993 1.56910049915314 1.54090279340744 1.43222773075104 1.3763827085495 1.13481599092484 1.05731552839279 1.06558352708817 1.15771275758743 1.32258975505829 1.36810353398323 1.46573022007942 1.4539777636528 1.40139895677567 1.46650350093842 1.59759306907654 1.58919900655746 1.90331393480301
-9999 -9999 -9999 -9999 -9999 -9999 -9999 -9999 -9999 -9999 -9999 -9999 -9999 -9999 -9999 -9999 -9999 -9999 -9999 -9999 -9999 -9999 -9999 -9999 -9999 -9999 -9999 -9999 -9999 -9999 -9999 -9999 -9999 -9999 -9999 -9999 -9999 -9999 3.70408692955971 2.97509318590164 1.84541469812393 1.48395976424217 1.40165850520134 1.4412929713726 1.35414522886276 1.49798253178596 1.31805002689362 1.19964373111725 1.09676921367645 1.03345504403114 0.993403494358063 1.06204953789711 1.21222874522209 1.34506273269653 1.31573778390884 1.29956996440887 1.17361727356911 1.22445148229599 1.31965497136116 1.27432197332382 1.42911449074745 2.04418802261353
-9999 -9999 -9999 -9999 -9999 -9999 -9999 -9999 -9999 -9999 -9999 -9999 -9999 -9999 -9999 -9999 -9999 -9999 -9999 -9999 -9999 -9999 -9999 -9999 -9999 -9999 -9999 -9999 -9999 -9999 -9999 -9999 -9999 -9999 -9999 -9999 -9999 -9999 3.16422986984253 2.13728106021881 1.75711119174957 1.49969547986984 1.39725297689438 1.37116876244545 1.40290197730064 1.41569253802299 1.18133398890495 1.2021509706974 1.00792720913887 0.946210473775864 0.958219528198242 1.0547114610672 1.18132951855659 1.26216003298759 1.28207328915596 1.07992878556252 1.07648473978043 1.1190929710865 1.15942803025246 1.16174322366714 1.3110945224762 1.89300674200058
-9999 -9999 -9999 -9999 -9999 -9999 -9999 -9999 -9999 -9999 -9999 -9999 -9999 -9999 -9999 -9999 -9999 -9999 -9999 -9999 -9999 -9999 -9999 -9999 -9999 -9999 -9999 -9999 -9999 -9999 -9999 -9999 -9999 -9999 -9999 -9999 -9999 4.38904914576957 2.53868472576141 1.60906952619553 1.64426028728485 1.47979652881622 1.28064000606537 1.28396326303482 1.32876223325729 1.23448723554611 1.12828651070595 1.04049673676491 0.976503789424896 0.963857263326645 0.995949000120163 1.05942445993423 1.12556245923042 1.22609326243401 1.13113045692444 1.02977022528648 0.983254462480545 1.01202070713043 1.01610821485519 1.11515101790428 1.22738099098206 1.70282542705536
-9999 -9999 -9999 -9999 -9999 -9999 -9999 -9999 -9999 -9999 -9999 -9999 -9999 -9999 -9999 -9999 -9999 -9999 -9999 -9999 -9999 -9999 -9999 -9999 -9999 -9999 -9999 -9999 -9999 -9999 -9999 -9999 -9999 -9999 -9999 -9999 -9999 2.70111304521561 2.3410484790802 1.63198417425156 1.51123344898224 1.30083748698235 1.2050264775753 1.19554424285889 1.22620949149132 1.12069952487946 1.04336097836494 0.959163039922714 0.997026711702347 1.05266171693802 1.10640522837639 1.09717127680779 1.10404649376869 1.09584152698517 1.06333726644516 0.996909767389297 0.955584794282913 0.993995994329453 1.10260275006294 1.30832022428513 1.46962496638298 1.89016431570053
-9999 -9999 -9999 -9999 -9999 -9999 -9999 -9999 -9999 -9999 -9999 -9999 -9999 -9999 -9999 -9999 -9999 -9999 -9999 -9999 -9999 -9999 -9999 -9999 -9999 -9999 -9999 -9999 -9999 -9999 -9999 -9999 -9999 -9999 -9999 -9999 6.7422110080719 4.91841459274292 3.30992710590363 1.68478506803513 1.34851875901222 1.15802246332169 1.11931872367859 1.07210478186607 1.04199823737144 0.944272488355637 0.963007539510727 0.958622217178345 1.09844550490379 1.19661676883698 1.24040552973747 1.22513249516487 1.14692696928978 1.18917748332024 1.1530185341835 1.05968695878983 0.993813782930374 1.16263729333878 1.30214551091194 1.51357197761536 1.73796379566193 2.02011072635651
-9999 -9999 -9999 -9999 -9999 -9999 -9999 -9999 -9999 -9999 -9999 -9999 -9999 -9999 -9999 -9999 -9999 -9999 -9999 -9999 -9999 -9999 -9999 -9999 -9999 -9999 -9999 -9999 -9999 -9999 -9999 51.5764211297035 1.27306490857154 -9999 2.10493344068527 2.51174332201481 2.14603642523289 1.41362473368645 1.7602806687355 1.54244542121887 1.13824421167374 1.02955654263496 0.985583245754242 0.996098220348358 1.0675522685051 1.12875527143478 1.07791122794151 1.0973849594593 1.22996699810028 1.37596347928047 1.27677145600319 1.23170399665833 1.24801200628281 1.2780165374279 1.26107928156853 1.23759672045708 1.34445145726204 1.42647823691368 1.92426520586014 1.79880756139755 2.12666702270508 3.0454825758934
-9999 -9999 -9999 -9999 -9999 -9999 -9999 -9999 -9999 -9999 -9999 -9999 -9999 -9999 -9999 -9999 -9999 -9999 -9999 -9999 -9999 -9999 0.346259817481041 68.2688933702616 43.0996230840683 11.5236791074276 5.72689164429903 10.2052981853485 6.44681686162949 0.947868794202805 1.08685353398323 1.17410776019096 1.47846302390099 1.56804227828979 1.26337498426437 1.28671950101852 1.30908447504044 1.1485567688942 1.09545296430588 1.11257699131966 1.00207123160362 0.968043029308319 0.971913009881973 0.946460992097855 0.938181728124619 1.03690275549889 1.17381450533867 1.20411077141762 1.27080675959587 1.38962253928185 1.43248423933983 1.5377436876297 1.50628727674484 1.55273258686066 1.77424281835556 1.70968043804169 1.9671465754509 2.66619676351547 5.96549146315631 -9999 -9999 -9999
-9999 -9999 -9999 -9999 -9999 -9999 -9999 -9999 -9999 -9999 -9999 -9999 -9999 -9999 -9999 -9999 -9999 -9999 -9999 -9999 -9999 -9999 44.0863860444381 15.3310265243053 9.51308119297028 1.67598152160645 2.20613247156143 1.77370351552963 1.00650224089622 0.980308502912521 1.00330424308777 1.15542152523994 1.21540573239326 1.16022303700447 1.10957103967667 1.04296946525574 0.962714999914169 0.95752277970314 0.960802495479584 0.983838737010956 0.978096753358841 1.03966426849365 1.02865952253342 0.96534526348114 0.993339031934738 1.22138401865959 1.32088351249695 1.4553165435791 1.53985208272934 1.51533222198486 1.5963374376297 1.78918880224228 2.02053076028824 1.76555174589157 2.27529744725478 -9999 -9999 -9999 -9999 -9999 -9999 -9999
-9999 -9999 -9999 -9999 -9999 -9999 -9999 -9999 -9999 -9999 -9999 -9999 -9999 -9999 -9999 -9999 -9999 -9999 -9999 7.76122378451484 0.440091758966446 10.5235571265221 0.651512995362282 0.97420871257782 0.727494746446609 0.960030019283295 0.915479242801666 0.895791739225388 0.864345788955688 0.937619984149933 0.989728510379791 1.01474699378014 0.966598480939865 0.959778785705566 0.914613783359528 0.90856271982193 0.907764762639999 0.886859267950058 0.965042263269424 0.983013778924942 1.01735177636147 1.0043962597847 1.01709446310997 1.08345597982407 1.16757148504257 1.28270101547241 1.32014626264572 1.52413272857666 1.57928323745728 1.67632055282593 1.6284441947937 -9999 -9999 -9999 -9999 -9999 -9999 -9999 -9999 -9999 -9999 -9999
-9999 -9999 -9999 -9999 -9999 -9999 -9999 -9999 -9999 -9999 -9999 -9999 -9999 -9999 -9999 -9999 -9999 0.87899324297905 0.721518740057945 0.64351125061512 0.821189224720001 0.671046763658524 0.904074043035507 0.826071739196777 0.768637508153915 0.753308236598969 0.770918995141983 0.82863450050354 0.909117043018341 0.996306717395782 1.03982627391815 1.01285621523857 0.914129287004471 0.925220221281052 0.957273781299591 0.987900763750076 0.977249264717102 0.943752765655518 0.968970715999603 0.957399755716324 0.990200221538544 1.04338350892067 0.984039723873138 1.03016477823257 1.23146921396255 1.27213579416275 1.39994850754738 1.48624876141548 1.59415644407272 1.44634216278791 7.07957218243526 -9999 -9999 -9999 -9999 -9999 -9999 -9999 -9999 -9999 -9999 -9999
-9999 -9999 -9999 -9999 -9999 -9999 -9999 -9999 -9999 -9999 -9999 -9999 -9999 -9999 18.8434645831585 22.8356003761292 0.724674001336098 0.841522514820099 0.78292053937912 0.697628259658813 0.659120231866837 0.627427518367767 0.668806493282318 0.765957713127136 0.749330252408981 0.789528787136078 0.795126736164093 0.836407542228699 0.977800458669662 1.01150098443031 1.07446646690369 0.876437991857529 0.887456238269806 0.939397484064102 0.977396249771118 1.00287374854088 1.00522273778915 1.0213979780674 0.98734724521637 0.924425214529037 0.955091267824173 1.06920897960663 1.10106754302979 1.05974024534225 1.19680353999138 1.44540596008301 1.68647700548172 1.7126070857048 1.56099218130112 1.7149304151535 7.5265645980835 2.45189610280489 -9999 -9999 -9999 -9999 -9999 -9999 -9999 -9999 -9999 -9999
-9999 -9999 -9999 -9999 -9999 -9999 -9999 -9999 -9999 -9999 -9999 2.56400513551805 52.472514718771 1.75704681873322 0.740747228264809 0.647641494870186 0.644469738006592 0.658213511109352 0.762125998735428 0.797817707061768 0.69676199555397 0.618957728147507 0.631760984659195 0.705678731203079 0.78896176815033 0.848464518785477 0.952965706586838 0.946272790431976 1.10793372988701 1.06754100322723 0.94032222032547 0.814323753118515 0.886421263217926 0.9647017121315 0.989837229251862 0.981108784675598 0.995901793241501 1.03932604193687 0.911601036787033 0.843030005693436 0.983801275491714 1.07237550616264 1.06600347161293 1.09396728873253 1.274972230196 1.46186247467995 1.70664757490158 1.77855831384659 1.4859045445919 1.43558996915817 1.4556783822275 -9999 -9999 -9999 -9999 -9999 6.35983604317488 32.8775310516357 22.607298374176 53.6621475219727 13.5380312670832 -9999
-9999 -9999 -9999 -9999 -9999 -9999 -9999 -9999 -9999 37.2344939538411 3.84909312486649 1.95083928108215 1.07316300272942 0.758365541696548 0.606296986341476 0.600432738661766 0.614328011870384 0.691680729389191 0.711443245410919 0.695219993591309 0.619795516133308 0.618083238601685 0.628605008125305 0.61276276409626 0.73309126496315 0.830828279256821 0.833006232976913 0.988189458847046 0.883071720600128 0.874847263097763 0.858147025108337 0.833991765975952 0.909903019666672 1.00701373815536 1.01748079061508 1.08968397974968 0.931882470846176 0.847995042800903 0.953672289848328 0.963589489459991 0.991270512342453 1.03992828726768 1.12285646796227 1.23210078477859 1.26987370848656 1.4993032515049 1.33688476681709 1.46650573611259 1.40890198945999 1.4404282271862 1.45029678940773 1.38321000337601 1.36640886962414 3.80067059911531 2.03007066249847 2.58801823854446 2.053735435009 3.6234358549118 5.43410325050354 10.8646495342255 16.7680206298828 -9999
-9999 -9999 -9999 -9999 -9999 15.7026454210281 19.775687456131 13.3115866184235 19.6598941683769 10.8756330907345 5.0882197022438 3.18232387304306 3.41501167416573 0.534693762660027 0.545255228877068 0.566209495067596 0.637816518545151 0.709411516785622 0.70932599902153 0.717393770813942 0.706176728010178 0.699246749281883 0.629855990409851 0.630825743079185 0.667047008872032 0.831486761569977 0.873563289642334 0.920603960752487 0.930272966623306 1.03641003370285 0.896479457616806 0.825648039579391 0.863937020301819 0.975443959236145 0.889179736375809 0.813566207885742 0.818573266267776 0.871038794517517 0.951416999101639 0.962423980236053 0.903859466314316 0.836328774690628 0.993623971939087 1.09634846448898 1.26097127795219 1.50376206636429 1.6056495308876 1.83420145511627 1.73476052284241 1.6914330124855 1.66341894865036 1.85272121429443 1.64891105890274 1.65386402606964 1.78921580314636 1.75319248437881 1.7673397064209 1.7512155175209 1.97190070152283 2.26780128479004 3.35804307460785 2.78233873844147
-9999 -9999 -9999 -9999 -9999 4.33411645889282 3.42542320489883 4.36245274543762 3.00507071614265 2.26512041687965 0.45976048707962 0.487039491534233 0.496871262788773 0.530962496995926 0.50771851837635 0.63393223285675 0.665448769927025 0.673632010817528 0.702897012233734 0.737419500946999 0.8398357629776 0.77810999751091 0.63884773850441 0.653834983706474 0.687529519200325 0.768907517194748 0.857008516788483 0.906673461198807 0.89430820941925 0.880875706672668 0.901791751384735 0.888642758131027 0.851619780063629 0.866988033056259 0.878630965948105 0.921003788709641 0.829935014247894 0.820417463779449 0.901778250932693 0.846452236175537 0.781323730945587 0.825196534395218 0.850331246852875 0.945218235254288 1.05078595876694 1.13141253590584 1.64043742418289 1.84219193458557 1.79427373409271 1.77402073144913 1.64102625846863 1.45528650283813 1.45748099684715 1.50693154335022 1.60843348503113 1.64329344034195 1.66126424074173 1.68818557262421 1.78838396072388 1.86006832122803 1.96211922168732 2.11893904209137
-9999 -9999 -9999 -9999 -9999 2.00637862086296 0.528327763080597 1.87558168172836 1.63029228150845 1.39071634411812 0.480518996715546 0.51282973587513 0.597200229763985 0.610959738492966 0.622464761137962 0.621095985174179 0.621155261993408 0.635824486613274 0.682298228144646 0.778422027826309 0.829180508852005 0.750095218420029 0.692547753453255 0.659946754574776 0.722551479935646 0.75555145740509 0.835673242807388 0.908759236335754 1.03661924600601 1.0762522816658 0.978418529033661 0.905370712280273 0.883385986089706 0.881113529205322 0.957393765449524 1.05920326709747 1.04383796453476 0.945481538772583 0.878761500120163 0.925966501235962 0.952278792858124 0.866862773895264 0.89230951666832 0.92729178071022 0.966389268636703 0.993699789047241 1.03596898913383 1.03491970896721 1.17876970767975 1.31633922457695 1.3856760263443 1.45765721797943 1.46857649087906 1.43760448694229 1.45475846529007 1.43230122327805 1.41158321499825 1.47960823774338 1.48271700739861 1.5981023311615 1.87208622694016 2.1064875125885
-9999 -9999 -9999 -9999 -9999 0.619881749153137 0.601912513375282 0.593189254403114 0.50372850894928 0.479514732956886 0.486738011240959 0.517088234424591 0.659253001213074 0.710850745439529 0.712321490049362 0.630087018013 0.604425743222237 0.760629773139954 0.848091781139374 0.861546009778976 0.774464249610901 0.726434245705605 0.713597238063812 0.674694746732712 0.687839984893799 0.707263514399529 0.781111478805542 0.875545531511307 0.903930723667145 0.959445029497147 0.93950629234314 0.930635243654251 0.934002757072449 0.982193291187286 0.974351227283478 0.98939323425293 1.03652545809746 1.05047473311424 1.09892401099205 1.00940251350403 0.847445279359818 0.782731533050537 0.779405236244202 0.723535493016243 0.728778004646301 0.740504264831543 0.739097267389297 0.790886253118515 0.851639270782471 0.953615963459015 1.1962965130806 1.20319497585297 1.27352321147919 1.39846649765968 1.36238622665405 1.40877002477646 1.49848803877831 1.41623622179031 1.36759945750237 1.71781271696091 2.16242319345474 2.38541704416275
-9999 -9999 -9999 -9999 -9999 0.648344993591309 0.591000750660896 0.588039770722389 0.630209237337112 0.580905005335808 0.603028491139412 0.422751769423485 0.563436761498451 0.57862651348114 0.570239245891571 0.537523493170738 0.523776009678841 0.56003026664257 0.696124479174614 0.697038754820824 0.692418739199638 0.687022492289543 0.687206983566284 0.634481996297836 0.652744486927986 0.683139771223068 0.77795997262001 0.822905212640762 0.881550014019012 0.89009553194046 0.894665211439133 0.931369543075562 1.01855626702309 1.01093477010727 1.00057947635651 0.954148471355438 0.874744534492493 1.06839671730995 1.14080026745796 1.05065175890923 0.753564745187759 0.77877750992775 0.844281792640686 0.761559784412384 0.733030512928963 0.752441972494125 0.71595673263073 0.671731486916542 0.735135734081268 0.73351576924324 0.978717774152756 1.37465178966522 1.20512849092484 1.24462196230888 1.48758226633072 1.64459466934204 1.39844253659248 1.25038728117943 1.3586910367012 1.63505852222443 2.40153980255127 2.37844204902649
