EcologicalScience/Bass/data/rs_data_bass/chl_323.asc
NCOLS 226 
NROWS 124 
XLLCORNER -9.41648524995501 
YLLCORNER 47.587301625531 
CELLSIZE 0.0833 
NODATA_value -9999 
[rows 81 to 107 of 124, columns 62 to 123 of 226]
3.85158455371857 5.97498106956482 7.6620512008667 7.66205191612244 -9999 -9999 -9999 -9999 -9999 -9999 -9999 -9999 -9999 -9999 -9999 -9999 -9999 -9999 -9999 -9999 -9999 -9999 -9999 -9999 -9999 -9999 -9999 -9999 -9999 -9999 -9999 -9999 -9999 -9999 -9999 -9999 -9999 -9999 -9999 -9999 -9999 -9999 -9999 -9999 -9999 -9999 -9999 -9999 -9999 -9999 -9999 -9999 -9999 -9999 -9999 -9999 -9999 -9999 -9999 -9999 -9999 -9999
3.14001934331598 -9999 -9999 -9999 -9999 -9999 -9999 -9999 -9999 -9999 -9999 -9999 -9999 -9999 -9999 -9999 -9999 -9999 -9999 -9999 -9999 -9999 -9999 -9999 -9999 -9999 -9999 -9999 -9999 -9999 -9999 -9999 -9999 -9999 -9999 -9999 -9999 -9999 -9999 -9999 -9999 -9999 -9999 -9999 -9999 -9999 -9999 -9999 -9999 -9999 -9999 -9999 -9999 -9999 -9999 -9999 -9999 -9999 -9999 -9999 -9999 -9999
-9999 -9999 -9999 -9999 -9999 -9999 -9999 -9999 -9999 -9999 -9999 -9999 -9999 -9999 -9999 -9999 -9999 -9999 -9999 -9999 -9999 -9999 -9999 -9999 -9999 -9999 -9999 -9999 -9999 -9999 -9999 -9999 -9999 -9999 -9999 -9999 -9999 -9999 -9999 -9999 -9999 -9999 -9999 -9999 -9999 -9999 -9999 -9999 -9999 -9999 -9999 -9999 -9999 -9999 -9999 -9999 -9999 -9999 -9999 -9999 -9999 -9999
-9999 -9999 -9999 -9999 -9999 -9999 -9999 -9999 -9999 -9999 -9999 -9999 -9999 -9999 -9999 -9999 -9999 -9999 -9999 -9999 -9999 -9999 -9999 -9999 -9999 -9999 -9999 -9999 -9999 -9999 -9999 -9999 -9999 -9999 -9999 -9999 -9999 -9999 -9999 -9999 -9999 -9999 -9999 -9999 -9999 -9999 -9999 -9999 -9999 -9999 -9999 -9999 -9999 -9999 -9999 -9999 -9999 3.29658732935786 2.87769189476967 3.29275209903717 3.43648638725281 2.31254740736701
-9999 -9999 -9999 -9999 -9999 -9999 -9999 -9999 -9999 -9999 -9999 -9999 -9999 -9999 -9999 -9999 -9999 -9999 -9999 -9999 -9999 -9999 -9999 -9999 -9999 -9999 -9999 -9999 -9999 -9999 -9999 -9999 -9999 -9999 -9999 -9999 37.1749906539917 -9999 3.44078647173368 3.23667307198048 -9999 -9999 2.14670884609222 2.12260944843292 1.98281927704811 1.97536405920982 2.02570611834526 2.13312556743622 2.15708515048027 2.14816989004612 2.18999044597149 2.525221824646 -9999 -9999 -9999 3.74101134538651 3.62998173236847 3.00586815476418 2.8344802737236 2.43527843356132 1.16659937121651 1.10274591500109
-9999 -9999 -9999 -9999 -9999 -9999 -9999 -9999 -9999 -9999 -9999 -9999 -9999 1.68162585659461 2.3889120221138 1.37535429271785 1.38944286378947 1.35360113057223 1.12509450316429 -9999 -9999 -9999 -9999 -9999 -9999 -9999 -9999 -9999 3.02620419859886 3.27086160778999 3.75017005205154 3.85667548271326 -9999 3.66949796676636 -9999 -9999 -9999 -9999 2.90505425333977 2.90381764769554 2.89364567399025 2.36898797750473 1.96152085661888 1.88375245928764 1.91696088910103 1.92151367068291 1.85909859538078 1.8141580581665 1.74834689497948 2.07004889845848 2.2060010612011 2.51268762946129 2.92866024971008 2.97510715126991 2.70065166462551 2.53994403914972 2.34563320333307 1.50500426238233 1.78555681407452 1.40673957467079 0.829139277338982 0.789328247308731
-9999 -9999 -9999 -9999 -9999 -9999 -9999 -9999 -9999 -9999 4.47058445640973 4.3061971114232 1.7699652493 1.60770558714867 1.60660457611084 1.62273289561272 1.6837067712437 2.03087171641263 1.65223905444145 2.04904595830224 2.04166430971062 -9999 1.7221706584096 2.12282180786133 2.162376000331 -9999 -9999 2.90691820979118 2.92619014978409 3.04037418365479 3.23356146812439 3.19749957919121 3.28383572101593 3.28360481858254 -9999 -9999 3.16098680301588 2.92966839245388 2.4663326382637 2.27905066609383 2.15867058634758 2.08830798268318 1.96432517766952 1.87273446321487 1.84304278492928 1.80898225307465 1.77214279174805 1.64278475046158 1.51600046753883 1.60117893218994 1.36285748265006 1.4941259175539 1.5050319314003 1.65464553236961 1.65782217816873 1.4277161332694 1.29977848584002 0.86450558765368 0.982663258910179 0.80901899933815 0.73830471932888 0.779205217957497
-9999 -9999 -9999 -9999 -9999 -9999 -9999 -9999 -9999 1.72896130084991 1.66976526975632 1.54559518396854 1.49190621078014 1.49821583032608 1.51576817929745 1.73975768956271 2.09723756530068 1.79609741270542 2.43714442036369 1.83375692367554 2.7424721067602 2.06886161074919 2.0808821618557 2.28876353502274 2.39765986204147 2.45136122703552 2.61084001064301 2.459381711483 2.32533105611801 2.49948905110359 2.82758358120918 3.01056448817253 3.09002947211266 3.01642211079597 2.90212422609329 2.74130766391754 2.61414411664009 2.5285318672657 2.31110433340073 2.262105935812 2.17628039717674 2.12098885774612 2.02991883158684 1.94813733100891 1.8811063349247 1.67328834235668 1.67506436705589 1.6357411891222 1.5307756125927 1.41848297010769 1.09722092449665 1.09651149809361 1.1260017928752 0.80047938904979 1.21645726805384 1.1295950114727 1.06968078017235 0.867853745818138 0.820319587534124 0.774313342842189 0.796109558506445 0.790529165755619
-9999 -9999 -9999 -9999 -9999 -9999 -9999 -9999 -9999 1.48959903717041 1.38755678236485 1.37260860800743 1.36996097266674 1.32745381593704 1.25143300294876 1.22331790030003 1.33191865682602 1.74864468723536 1.80818170309067 1.75626626908779 1.84799743294716 1.93315063118935 1.97371155023575 2.11623923778534 2.1135753929615 2.079965955019 2.05228298306465 1.97901842594147 1.9411297917366 2.03986834287643 2.40619826316833 2.76986045837402 2.69145458936691 2.62845815420151 2.43740698099136 2.41694558858871 2.44964448809624 2.50558907389641 2.52198180556297 2.41656380295754 2.31016307473183 2.19850968718529 1.96914505362511 1.79367865920067 1.70632445812225 1.67177664041519 1.54335790872574 1.55737195014954 1.46157255470753 0.999496865272522 0.953422236442566 0.915408942103386 0.963560983538628 1.03971347212791 0.983259752392769 0.959610521793365 0.611422634937546 0.772580996155739 0.709472492337227 0.692398488521576 0.861833609640598 0.867092773318291
-9999 -9999 -9999 -9999 -9999 -9999 -9999 -9999 -9999 1.39936445653439 1.31250766217709 1.30065171718597 1.37688211798668 1.25705080926418 1.26930035948753 1.1080952256918 1.07976583242416 1.29370837211609 1.52744821608067 1.66405517756939 1.64721565246582 1.60098370313644 1.47492406368256 1.45039819478989 1.4770918160677 1.52505440711975 1.55525153875351 1.54257212877274 1.60400345921516 1.74176403880119 2.06364630460739 2.65277824401855 2.61967778205872 2.49993821382523 2.44852504134178 2.33793407678604 2.42096310853958 2.38124788999558 2.25176358819008 2.04839601516724 1.94415906071663 1.8298438668251 1.5596362888813 1.49000344276428 1.43471988737583 1.39356891810894 1.30559878349304 1.49592435089025 1.37348671934821 1.21156330542131 0.88387193530798 0.988503090359948 0.819431766867638 0.877825006842613 0.910862967371941 0.846349984407425 0.701391473412514 0.705369010567665 0.815488652749495 0.821853563189507 0.846335627138615 0.87839064002037
1.20145275592804 1.11900863349438 1.11980000138283 1.16200825273991 -9999 -9999 -9999 2.37561000768955 2.09918814897537 1.47728497982025 1.23625831604004 1.1905743598938 1.25060415565968 1.23225218328563 1.17168375849724 0.758877195417881 0.792998930811882 0.811321422457695 0.741084232926369 1.02860441207886 1.0987741202116 1.10973016619682 1.13869831860065 1.27156124060804 1.26854871348901 1.25809967246923 1.29397104003213 1.23561017892577 1.24413581490517 1.35814804136753 1.37002460360527 1.69459730386734 1.97655830383301 2.15157608985901 2.0650177359581 2.25845398306847 2.13725339770317 1.49058058261871 1.61328518986702 1.53948000669479 1.50677154958248 1.45078555047512 1.32982421734116 1.36167979782278 1.3652665940198 1.37910458987409 1.14529759117535 1.11570754876504 0.98158124089241 0.833189010620117 0.790290236473083 0.74332479048859 0.797434695742347 0.875518500804901 0.817138560793617 0.865287557244301 0.921306185424328 0.928330309689045 0.877243414521217 0.847687862813473 0.787913650274277 0.80691035091877
0.80837407708168 0.840103107690811 0.92625182569027 0.981632485985756 1.23953514397144 1.23549862504005 1.78244319856167 1.94785758554935 1.54899063706398 1.38272228837013 1.32520786821842 1.29592093527317 1.3863659620285 1.26385688781738 0.720228964090347 0.716981989145279 0.657454204559326 0.870308715105057 0.86049782037735 0.850452920794487 0.875835941596465 1.0398617208004 0.974485784769058 0.949881166219711 0.964900940656662 0.631010569632053 0.614269938319921 0.941074329614639 0.887259292602539 0.895660024881363 0.895857590436935 0.887825864553451 0.850169724225998 1.49932853132486 1.55061261355877 1.14029605342792 1.16803317574354 1.38994140923023 1.28301843255758 0.985305927693844 1.09415317107649 1.14089416540586 1.08963303055082 1.08398658462933 1.05772231732096 0.659336342261388 0.705328983339396 0.748436946760524 0.632421182898375 0.74317669597539 0.735215322537856 0.798890403725884 0.803774490952492 0.831196263432503 0.758517208424481 0.794107167558237 0.783635344017636 0.804842993617058 0.763003315776587 0.729396935552359 0.821837805211544 0.969264551997185
0.681849373877049 0.704846772551537 0.710221333801746 0.845710077881813 1.10782050490379 1.28245370686054 1.39000639915466 1.35411563515663 0.645207005051466 1.28529754579067 1.2669014364481 1.21462724804878 0.796475033868443 0.782136066393419 0.735035171562975 0.722932890057564 0.841155248880386 0.820179444551468 0.799523337185383 0.648648571223021 0.918029963970184 0.839555707844821 0.82514362172647 0.968755501508713 0.764719817787409 0.594659645110369 0.889184516854584 0.876572932116687 0.860003443434834 0.852919729426503 0.857200459577143 0.815360393375158 0.773859238252044 1.18242670744658 1.08096639811993 1.14481891393662 1.17431201934814 1.12360610303126 1.10746223989286 1.12135332509091 0.766921606846154 0.77704219892621 0.789330940693617 0.820436239242554 0.835004730150104 0.636534988880157 0.975354009866714 0.805635243654251 0.842947274446487 0.70831097797914 0.680865404280749 0.661610325629061 0.678424959832972 0.685965067960999 0.731769622726874 0.794149420478127 0.823409825563431 0.792617630213499 1.04681084935482 0.76290263235569 1.05699012829707 1.06617848231242
0.57670506387949 0.596524938941002 0.666000831127167 0.83562404459173 0.763485179706053 1.14595279097557 1.16829419732094 0.56296556070447 1.04822217334401 1.01002625714649 0.714715518057346 0.668948400020599 0.542936544120312 0.500246340036392 0.722507264126431 0.691284335472367 0.64744813198393 0.639254316687584 0.604158747941256 0.591471267017451 0.581619887189432 0.734070336276835 0.713830561800437 0.697934523224831 1.04554755722775 0.930826652050018 0.857470510527492 0.642458830888455 0.788507548245517 0.781591659242457 0.862667170353234 0.834645504131913 1.17757100611925 1.16515118926764 0.795336049050093 1.14979349782592 1.06555945031783 1.16278652297823 1.0533364555415 0.777038103767804 0.800243494100869 0.793304809369147 0.795975004322827 0.820398305542767 0.849939825944602 0.883453798480332 0.861978426575661 0.879083984664508 0.89122688131673 0.726889965209094 0.707446026531133 0.680814080617645 0.701886494051326 0.899996968416067 0.904812514781952 0.916653752326965 1.04192850681452 1.07390858806097 1.09135613074669 1.12040375975462 1.28339447654211 1.31899128968899
0.497610694169998 0.534975156188011 0.569876427451769 0.513890321552753 0.645116517941157 0.671732927362124 0.712497413158417 0.584860190749168 0.587759327888489 0.593846955895424 0.560232877731323 0.631615045666695 0.762723570520228 0.789911225438118 0.808955187980945 0.751602214116317 0.691645763137124 0.738410639075132 0.600315331058069 0.576135887341066 0.574787175113505 0.818808507919311 1.25516280375029 0.874960803985596 0.863887515664101 0.842449095845222 0.775516332342074 0.789794373512268 0.812130808830261 1.10516253464362 1.15883608554539 0.86955253141267 0.935030702501535 0.965758675709367 1.08740276694298 1.1052772288139 1.13420637983542 1.12633769328778 1.10027612631138 1.07647313062961 1.06509220141631 1.08441074307148 1.1613449215889 1.13355043530464 0.912094799535615 0.878714874386787 0.873248532414436 0.897827625274658 0.997058367729187 0.878734035925432 0.87883211536841 0.870168000459671 0.932263261996783 0.970638657991703 1.00096757136858 1.04233647080568 1.18935591211686 1.28777452386343 1.42148584127426 1.52416730844058 1.82824340233436 1.83799204918054
0.651396741469701 0.615966747204463 0.593512480457624 0.602620919545492 0.643476590514183 0.66172165175279 0.66849214831988 0.510796876251697 0.611580702662468 0.607630038261414 0.633643597364426 0.606774407625198 0.703245311975479 0.720851107500494 0.730563939549029 0.661800980567932 0.622200827706944 0.631753368811174 0.611917360262437 0.579502372579141 0.52315671200102 0.692830613255501 1.08674550213312 1.06038362728922 0.778972545266151 0.662776681093069 0.828162530064583 0.851201236248016 0.826914209127426 1.15293278694153 1.12879727482796 1.09758585691452 1.03607207536697 0.866005710580132 0.872022441842339 1.20306842327118 1.23404232584513 1.35721168151269 1.39822958982908 1.23468102858617 0.918378196656704 1.19402775626916 1.22499120533466 1.1919153124094 1.12998279716287 0.910874145371573 0.742460234463215 0.855733987959948 0.802332982420921 0.861763760447502 0.931945264339447 1.00375996415432 1.00355662520115 1.08173713775781 1.15982572619732 1.37856656312943 1.63198302008889 1.73216294783812 1.92533635634642 2.04183029211484 2.33233652114868 2.96047044172883
0.672922960736535 0.630282257994016 0.647937655448914 0.615680163105329 0.641746431589127 0.722254112362862 0.571405295282602 0.559185866266489 0.636185919245084 0.630671252806981 0.640089427431424 0.616821686426799 0.62694921141321 0.638886122540994 0.626238690181212 0.599258482456207 0.918617106974125 0.899160791188478 0.628693718995367 0.62025448679924 0.582237765192986 0.614736005663872 1.11199755888236 0.850430488586426 0.55486037582159 1.1360737069657 1.26049320697784 1.35172472596169 1.26430111271994 1.22826010218033 1.13603752392989 1.06233951907891 1.23005692362785 1.03853186423128 1.47158771753311 1.57988592386246 1.56852166056633 1.39202581919157 1.45351818433175 1.01364997029305 0.901569575071335 1.2270316524165 1.40191269814968 1.04254097017375 1.08058148393264 1.05972298292013 0.991620313037526 0.911713193763386 0.847866784442555 0.87297847867012 0.992354668103732 1.0439180456675 1.2541120166962 1.42913331985474 1.70170295834541 2.07683692737059 2.52023756939129 -9999 -9999 -9999 -9999 -9999
0.465943050384521 0.439172079165777 0.604332158962886 0.717371977865696 0.739680737257004 0.744057029485703 0.767244726419449 0.603369822104772 0.605214988191923 0.64273376762867 0.638964602351189 0.621339802037586 0.619144308296117 0.607635493982922 0.60942715677348 0.609162494540215 0.487353509435287 0.51396953027982 0.66031742308821 0.596408154283251 0.669167071580887 0.983177483081818 1.16470304131508 1.09965542835348 1.21189459844639 1.19032268340771 1.19130831956863 1.23983052102002 1.3573004702727 1.40176024436951 1.38211786746979 1.52122685313225 1.41199884244374 2.06492396593094 2.17806696891785 1.60649373701641 1.53769745735022 1.45673886400003 1.36650972412183 1.2355517905492 1.04322755065831 1.22483320878102 1.14110473944591 1.07654506885088 1.04039731621742 1.06474768198453 0.957897245883942 0.902500510215759 0.86013551056385 1.00941765079132 1.19383531121107 1.45916790515184 1.35778574645519 5.59060320854187 1.62355127393222 -9999 -9999 -9999 -9999 -9999 -9999 -9999
0.393340441313657 0.414403273165226 0.728577375411987 0.737704150378704 0.533947370946407 0.635904252529144 0.626993745565414 0.625708182652791 0.614976430932681 0.625057717615908 0.629659319917361 0.617033925923434 0.575801740090052 0.600404128432274 0.595734760165215 0.577183502912521 0.520938105308093 0.582181379199028 0.752955379230635 0.649973686784506 1.07805913261005 1.04075329005718 1.04183616357691 0.86453452706337 1.16125317769391 1.18338717520237 1.24672922262779 1.24813559422126 1.35711771994829 -9999 -9999 -9999 -9999 -9999 -9999 3.14426672458649 1.4396596298768 1.32053636587583 1.14211875888018 1.15160404718839 1.12290354416921 1.14543082622381 1.11225923895836 1.05474410148767 0.952887995676561 1.03960462029164 1.1682745883098 1.05301498012109 1.1800196996102 1.69699716567993 1.8145711183548 1.97010589241981 1.62685663998127 1.9762424826622 1.97624230384827 -9999 -9999 -9999 -9999 -9999 -9999 -9999
0.776720233261585 0.762518249452114 0.756686255335808 0.766813851892948 0.649492803215981 0.728340896777809 0.634472315510114 0.600142934918404 0.607838246226311 0.609565937519073 0.602582851052284 0.57329548895359 0.593072606758638 0.592595319856297 0.607591497627172 0.574647608399391 0.63006779551506 0.695600881026341 1.04230781538146 1.14009380154312 1.14880428090692 1.12174727874143 1.16070385490145 0.941543315138136 0.93448805809021 1.17897928399699 1.24262042228992 1.32494635077623 1.3666755259037 -9999 -9999 -9999 -9999 -9999 -9999 -9999 2.4794375208708 1.66275469614909 1.25758769191228 0.876821279525757 1.08899033298859 1.07872038850418 1.1775087416172 1.08034721016884 1.05604915435498 1.07399535408387 1.82254181124947 1.39421911652272 1.35788276195526 1.84535465240479 2.03799011707306 2.08367273211479 -9999 -9999 -9999 -9999 -9999 -9999 -9999 -9999 -9999 -9999
0.70402661561966 0.795498758554459 0.718588873744011 0.540076427161694 0.521085079759359 0.522728558629751 0.517736814916134 0.599235454201698 0.615602257847786 0.60004362328486 0.604971678419547 0.589006987485019 0.577997941862453 0.581230983138084 0.587171056053855 0.592287422581153 0.52080134054025 0.517689816653728 1.0879755211728 1.16673123836517 0.930891627565436 1.20657977304961 1.28022642061114 1.04509941382068 1.11792463277067 1.25373002248151 1.36075877717563 1.46495774388313 1.35738158913759 -9999 -9999 -9999 -9999 -9999 -9999 -9999 2.22671399116516 2.10795834064484 4.40102022886276 1.78196196556091 1.73490754365921 1.65545275211334 1.66130401492119 1.37814098596573 1.62219526550987 1.38512084971775 1.78789966756647 2.06836698272012 2.09183937907219 2.27013430270282 2.36785966157913 2.8365234044882 3.31765358448029 -9999 -9999 -9999 -9999 -9999 -9999 -9999 -9999 -9999
0.715613359212875 0.643418602645397 0.589732892811298 0.439277686178684 0.453057508915663 0.459636755287647 0.536442126219089 0.593107357621193 0.593520444631576 0.611794951558113 0.599671296098016 0.590876779773019 0.58305636048317 0.613025116649541 0.606528753584081 0.687841409019061 0.672457672655582 0.619526267051697 0.640276238322258 0.904685628600419 0.76578277349472 0.804090897242228 1.0178279876709 1.34359109401703 1.31903720753533 1.39070740980761 1.57937312977655 1.40233343839645 1.53400510336672 1.55687946081161 -9999 -9999 -9999 -9999 -9999 -9999 -9999 2.77875673770905 5.99158040169747 1.6379563564604 2.27281008958817 2.3017483830452 1.99436180080686 2.16861412525177 1.99255836009979 2.16040378808975 1.83371738954024 2.04490520954132 2.27214856039394 2.13642547130585 2.12305637598038 3.05328748226166 4.95363263186918 -9999 -9999 -9999 -9999 -9999 -9999 -9999 -9999 -9999
0.519929255048434 0.513794088363647 0.506875947117805 0.505474825700124 0.497851248830557 0.489833556115627 0.466256190091372 0.490422256290913 0.660750471628629 0.66921872817553 0.633717119693756 0.65719822184606 0.653407772833651 0.655209461396391 0.631247264417735 0.617472124787477 0.601531252264977 0.564844503998756 0.521084673702717 0.549854319542646 0.575490012764931 0.719991728663445 1.14848950505257 1.38436194509268 1.25148575752974 1.31714335722583 1.14812720673425 1.19028195313045 1.28914087159293 1.26296475955418 -9999 -9999 -9999 -9999 -9999 -9999 -9999 -9999 -9999 -9999 -9999 -9999 -9999 -9999 -9999 -9999 3.65490746498108 2.59596710545676 3.16640280400004 1.95772701501846 -9999 -9999 -9999 -9999 -9999 -9999 -9999 -9999 -9999 -9999 -9999 -9999
0.537779495120049 0.514730826020241 0.509710013866425 0.495989933609962 0.516137406229973 0.52119476099809 0.530240918199221 0.551965345939 0.54472117125988 0.570330674449603 0.619656170407931 0.7483951655718 0.628760342796644 0.708024883812124 0.606307500600815 0.600817215442657 0.5690402131189 0.601097747683525 0.543161813169718 0.54037693887949 0.783186413347721 0.994994708469936 0.852608181536198 1.89803183078766 -9999 -9999 1.36722904443741 1.13065034151077 1.30010925347988 1.40568694243064 1.52468965096133 -9999 -9999 -9999 -9999 -9999 -9999 -9999 -9999 -9999 -9999 -9999 -9999 -9999 -9999 -9999 -9999 -9999 -9999 -9999 -9999 -9999 -9999 -9999 -9999 -9999 -9999 -9999 -9999 -9999 -9999 -9999
0.654954001307487 0.579064582784971 0.632280743934891 0.576958249012629 0.563488995035489 0.561623821655909 0.573119754592578 0.603631178538005 0.628473252058029 0.640724937121073 0.685438836614291 0.718511536717415 0.632645259300868 0.646161586046219 0.633853957056999 0.665023316557591 0.669668833796795 0.640151992440224 0.612099006772041 0.571809608489275 0.746052716787045 1.11506151594222 1.20542705910546 1.19031324982643 1.3617150760614 1.29831927785507 1.10091681913896 1.19499757140875 1.16648980975151 1.19502028822899 1.6171575830533 2.09820221364498 -9999 -9999 -9999 -9999 -9999 -9999 -9999 -9999 -9999 -9999 -9999 -9999 -9999 -9999 -9999 -9999 -9999 -9999 -9999 -9999 -9999 -9999 -9999 -9999 -9999 -9999 -9999 -9999 -9999 -9999
0.750685711701711 0.657698849836985 0.622274170319239 0.659244502584139 0.633729666471481 0.646886080503464 0.66916132469972 0.687730665008227 0.760800153017044 0.782998672127724 0.778729632496834 0.741323840618134 0.71729145348072 0.666227996349335 0.656946514661496 0.67616441158148 0.670344073038835 0.598322693258524 0.578453738242388 0.578186541795731 0.67408770781297 1.11519507877529 1.15530762672424 1.11745324730873 1.11358299038627 1.12698685039173 1.13215049356222 0.894355934858322 1.1736912727356 1.29842414259911 1.63293214639028 2.26855634897947 -9999 -9999 -9999 -9999 -9999 -9999 -9999 -9999 -9999 -9999 -9999 -9999 -9999 -9999 -9999 -9999 -9999 -9999 -9999 -9999 -9999 -9999 -9999 -9999 -9999 -9999 -9999 -9999 -9999 -9999
0.831883102655411 0.685868178804715 0.720406750837962 0.722006638844808 0.746147873997688 0.72143159310023 0.715621968110402 0.704325646162033 0.854031875729561 0.871222186088562 0.870306745171547 0.71339145898819 0.716389203071594 1.02404976316861 0.819917376224811 0.746405468537257 0.681638240814209 0.625684094699946 0.632635164719362 0.630777686834335 0.926200044155121 0.921423226594925 1.27286446653306 1.08419326218692 1.15992471033877 0.818415731191635 1.0378535091877 1.05522948503494 1.16995447874069 1.38461426496506 1.75828737020493 -9999 -9999 -9999 -9999 -9999 -9999 -9999 -9999 -9999 -9999 -9999 -9999 -9999 -9999 -9999 -9999 -9999 -9999 -9999 -9999 -9999 -9999 -9999 -9999 -9999 -9999 -9999 -9999 -9999 -9999 -9999
