EcologicalScience/Bass/data/rs_data_bass/chl_128.asc
NCOLS 226 
NROWS 124 
XLLCORNER -9.41648524995501 
YLLCORNER 47.587301625531 
CELLSIZE 0.0833 
NODATA_value -9999 
[rows 0 to 26 of 124, columns 62 to 123 of 226]
-9999 -9999 -9999 -9999 -9999 -9999 -9999 -9999 -9999 -9999 -9999 -9999 -9999 -9999 -9999 -9999 -9999 -9999 -9999 -9999 -9999 -9999 -9999 -9999 -9999 -9999 -9999 -9999 -9999 -9999 -9999 -9999 -9999 -9999 -9999 -9999 -9999 -9999 -9999 -9999 -9999 -9999 -9999 -9999 -9999 -9999 -9999 -9999 -9999 -9999 -9999 -9999 -9999 -9999 -9999 -9999 -9999 -9999 -9999 -9999 -9999 -9999
-9999 -9999 -9999 -9999 -9999 -9999 -9999 -9999 -9999 -9999 -9999 -9999 -9999 -9999 -9999 -9999 -9999 -9999 -9999 -9999 -9999 -9999 -9999 -9999 -9999 -9999 -9999 -9999 -9999 -9999 -9999 -9999 -9999 -9999 -9999 -9999 -9999 -9999 -9999 -9999 -9999 -9999 -9999 -9999 -9999 -9999 -9999 -9999 -9999 -9999 -9999 -9999 -9999 -9999 -9999 -9999 -9999 -9999 -9999 -9999 -9999 -9999
-9999 -9999 -9999 -9999 -9999 -9999 -9999 -9999 -9999 -9999 -9999 -9999 -9999 -9999 -9999 -9999 -9999 -9999 -9999 -9999 -9999 -9999 -9999 -9999 -9999 -9999 -9999 -9999 -9999 -9999 -9999 -9999 -9999 -9999 -9999 -9999 -9999 -9999 -9999 -9999 -9999 -9999 -9999 -9999 -9999 -9999 -9999 -9999 -9999 -9999 -9999 -9999 -9999 -9999 -9999 -9999 -9999 -9999 -9999 -9999 -9999 -9999
-9999 -9999 -9999 -9999 -9999 -9999 -9999 -9999 -9999 -9999 -9999 -9999 -9999 -9999 -9999 -9999 -9999 -9999 -9999 -9999 -9999 -9999 -9999 -9999 -9999 -9999 -9999 -9999 -9999 -9999 -9999 -9999 -9999 -9999 -9999 -9999 -9999 -9999 -9999 -9999 -9999 -9999 -9999 -9999 -9999 -9999 -9999 -9999 -9999 -9999 -9999 -9999 -9999 -9999 -9999 -9999 -9999 -9999 -9999 -9999 -9999 -9999
-9999 -9999 -9999 -9999 -9999 -9999 -9999 -9999 -9999 -9999 -9999 -9999 -9999 -9999 -9999 -9999 -9999 -9999 -9999 -9999 -9999 -9999 -9999 -9999 -9999 -9999 -9999 -9999 -9999 -9999 -9999 -9999 -9999 -9999 -9999 -9999 -9999 -9999 -9999 -9999 -9999 -9999 -9999 -9999 -9999 -9999 -9999 -9999 -9999 -9999 -9999 -9999 -9999 -9999 -9999 -9999 -9999 -9999 -9999 -9999 -9999 -9999
-9999 -9999 -9999 -9999 -9999 -9999 -9999 -9999 -9999 -9999 -9999 -9999 -9999 -9999 -9999 -9999 -9999 -9999 -9999 -9999 -9999 -9999 -9999 -9999 -9999 -9999 -9999 -9999 0.63735419511795 0.765172808709806 2.14555048942566 1.16746348142624 1.06814020872116 0.987933039665222 0.898546457290649 0.884708225727081 0.822985500097275 0.777577489614487 0.75374847650528 0.729203268885612 0.709303513169289 0.688617020845413 0.639641985297203 0.586468487977982 0.557797506451607 0.553575754165649 0.588908270001411 0.629526749253273 0.616488754749298 0.582347229123116 0.540780767798424 0.570140987634659 0.569931730628014 0.588215231895447 0.669220492243767 0.689816236495972 0.73370473086834 0.776962459087372 0.772446781396866 0.804432034492493 0.867630779743195 0.849493503570557
-9999 -9999 -9999 -9999 -9999 -9999 -9999 -9999 -9999 -9999 -9999 -9999 -9999 -9999 -9999 -9999 -9999 -9999 -9999 -9999 -9999 -9999 -9999 -9999 -9999 -9999 1.18186515569687 1.0627324283123 3.02135396003723 2.1154859662056 1.74787795543671 1.21136775612831 0.912508517503738 0.867442488670349 0.870365291833878 0.85558345913887 0.86446425318718 0.888092279434204 0.871733218431473 0.839939206838608 0.813866257667542 0.744682520627975 0.696198731660843 0.670212730765343 0.671218514442444 0.628056764602661 0.785282224416733 0.777316510677338 0.581318244338036 0.599912256002426 0.61302450299263 0.656106770038605 0.698414236307144 0.962265014648438 0.779518514871597 0.834954768419266 0.80007603764534 0.728159978985786 0.845656514167786 0.880369484424591 0.886536777019501 0.859454959630966
-9999 -9999 -9999 -9999 -9999 -9999 -9999 -9999 -9999 -9999 -9999 -9999 -9999 -9999 -9999 -9999 -9999 -9999 -9999 -9999 -9999 -9999 -9999 -9999 -9999 -9999 1.18186515569687 2.5214159488678 2.04692101478577 1.58941358327866 1.2172004878521 1.20284923911095 0.95365047454834 0.976718991994858 0.973530739545822 0.895268261432648 0.874295979738235 0.857433021068573 0.843720763921738 0.819494247436523 0.810687035322189 0.802159488201141 0.856982231140137 0.846065998077393 0.822634488344193 0.731191501021385 0.748601987957954 0.757645457983017 0.735846742987633 0.716800510883331 0.752704471349716 0.660064503550529 0.644321233034134 0.581228256225586 0.629809498786926 0.816514492034912 0.941613793373108 0.89683198928833 0.908490031957626 0.964448243379593 0.94592472910881 0.839082777500153
-9999 -9999 -9999 -9999 -9999 -9999 -9999 -9999 -9999 -9999 -9999 -9999 -9999 -9999 -9999 -9999 -9999 -9999 -9999 -9999 -9999 -9999 -9999 -9999 -9999 -9999 2.83040553331375 2.42367517948151 1.36074301600456 1.08381298184395 1.0125727057457 0.934616982936859 0.992970764636993 0.951572209596634 0.961246490478516 0.91064777970314 0.933538466691971 0.904196977615356 0.864939004182816 0.862271994352341 0.882222712039948 0.887136787176132 0.895294457674026 0.85673850774765 0.779702246189117 0.8060362637043 0.884472727775574 0.85387122631073 0.867255717515945 0.761813253164291 0.771649539470673 0.754880994558334 0.677861228585243 0.754662036895752 0.892934292554855 0.837164282798767 0.841759532690048 1.42626598477364 0.894695252180099 0.9555284678936 0.791030287742615 0.635672986507416
-9999 -9999 -9999 -9999 -9999 -9999 -9999 -9999 -9999 -9999 -9999 -9999 -9999 -9999 -9999 -9999 -9999 -9999 -9999 -9999 -9999 -9999 -9999 -9999 -9999 1.19121462106705 1.94828242063522 1.6366868019104 1.47539404034615 1.10214525461197 1.0507724583149 1.06637102365494 1.06795129179955 1.02241051197052 0.977619767189026 0.997280985116959 0.994764715433121 0.985619992017746 0.947991013526917 0.909040510654449 0.943274974822998 0.971076786518097 0.971928030252457 0.882199466228485 0.761400729417801 0.951956212520599 0.894506245851517 0.902562707662582 0.800984233617783 0.682459518313408 0.741363734006882 0.886790961027145 0.908822268247604 0.878969997167587 0.868765532970428 0.825517505407333 0.843675792217255 0.793256253004074 0.946421205997467 0.90200999379158 0.990411758422852 0.91951122879982
-9999 -9999 -9999 -9999 -9999 -9999 -9999 -9999 -9999 -9999 -9999 -9999 -9999 -9999 -9999 -9999 -9999 -9999 -9999 -9999 -9999 -9999 -9999 -9999 -9999 1.56865721940994 1.73916900157928 1.48360195755959 1.29667353630066 1.17675822973251 1.22560420632362 1.30263072252274 1.60762202739716 1.31982672214508 1.07179498672485 1.06491753458977 1.01568746566772 1.01269653439522 0.999347269535065 1.0161090195179 1.02825826406479 1.01235973834991 0.966617256402969 0.876128286123276 0.785285264253616 0.818848460912704 0.824003219604492 0.762763470411301 0.732465729117393 0.686208754777908 0.609006732702255 0.730724260210991 0.756468772888184 0.735522732138634 0.712058991193771 0.745612487196922 0.769082218408585 1.00444579124451 0.977693974971771 1.00218299031258 1.00395002961159 0.798133492469788
-9999 -9999 -9999 -9999 -9999 -9999 -9999 -9999 -9999 -9999 -9999 -9999 -9999 -9999 -9999 -9999 -9999 -9999 -9999 -9999 -9999 -9999 -9999 -9999 1.31647038459778 1.61249256134033 1.4921962916851 1.71186894178391 1.32695996761322 1.22879102826118 1.28742375969887 1.24220851063728 1.08123672008514 1.17871803045273 1.1411130130291 1.07430222630501 1.03591498732567 1.09583848714828 1.08407700061798 1.0455014705658 1.06431001424789 1.08280876278877 0.993384003639221 0.903567731380463 0.814323753118515 0.781589984893799 0.823413759469986 0.781886279582977 0.74228923022747 0.725880771875381 0.604473754763603 0.61540424823761 0.654645770788193 0.732730507850647 0.705573007464409 0.705770239233971 0.620035484433174 0.646812736988068 0.851683527231216 0.855271518230438 0.699610501527786 0.723402008414268
-9999 -9999 -9999 -9999 -9999 -9999 -9999 -9999 -9999 -9999 -9999 -9999 -9999 -9999 -9999 -9999 -9999 -9999 -9999 -9999 -9999 -9999 -9999 1.50594073534012 1.83330380916595 1.75172692537308 1.97094225883484 1.49555477499962 1.29393598437309 1.12658402323723 1.17273151874542 1.20014172792435 1.27740302681923 1.1555272936821 1.14298349618912 0.996049493551254 1.09253025054932 1.08981451392174 1.05938628315926 1.10548424720764 1.46555927395821 1.14419853687286 0.965310037136078 0.887660980224609 0.788843214511871 0.798153787851334 0.802205979824066 0.804563283920288 0.75425997376442 0.69336149096489 0.652584761381149 0.718928262591362 0.670942515134811 0.727785006165504 0.710122480988503 0.70244175195694 0.658501490950584 0.718145996332169 0.9558285176754 0.884622752666473 0.820347011089325 0.675984755158424
-9999 -9999 -9999 -9999 -9999 -9999 -9999 -9999 -9999 -9999 -9999 -9999 -9999 -9999 -9999 -9999 -9999 -9999 -9999 -9999 -9999 -9999 1.99221989687751 1.60839877409094 1.74955505132675 1.34409454464912 1.3150634765625 1.25031673908234 1.21690499782562 1.21306577324867 1.4028517305851 1.21861124038696 0.990703493356705 1.01688900589943 1.0412572324276 0.95897850394249 1.02533403038979 1.07566952705383 1.13648852705956 1.34703746438026 1.52785116434097 1.33562627434731 0.985529243946075 0.817676246166229 0.775600522756577 0.768851280212402 0.791090995073318 0.803434520959854 0.753822773694992 0.695841729640961 0.597314983606339 0.708845257759094 0.714017271995544 0.643125727772713 0.680990248918533 0.648019507527351 0.68326798081398 0.847391277551651 0.904420495033264 0.738052502274513 0.722917512059212 0.686648994684219
-9999 -9999 -9999 -9999 -9999 -9999 -9999 -9999 -9999 -9999 -9999 -9999 -9999 -9999 -9999 -9999 -9999 -9999 -9999 -9999 2.64602583646774 1.93471001885658 1.94330302056144 1.70095503330231 1.59464997053146 1.30907320976257 1.31526973843575 1.29765522480011 1.25145453214645 1.13723096251488 1.03255721926689 0.950639247894287 0.953934788703918 1.12085250020027 1.12214997410774 1.09100478887558 1.11172199249268 1.07895675301552 1.08813974261284 1.26471599936485 1.39072877168655 1.81093275547028 1.35279446840286 1.18436998128891 0.965436011552811 0.964234471321106 1.01541897654533 0.881107538938522 0.806424736976624 0.755291998386383 0.702312737703323 0.663884997367859 0.727752730250359 0.700503006577492 0.658393487334251 0.614778757095337 0.655722007155418 0.700173765420914 0.755797505378723 0.738577499985695 0.679541990160942 0.744848236441612
-9999 -9999 -9999 -9999 -9999 -9999 -9999 -9999 -9999 -9999 -9999 -9999 -9999 -9999 -9999 -9999 -9999 -9999 -9999 -9999 2.11533897441137 1.50984718544143 1.91315102577209 1.53269916772842 1.45469552278519 1.43858179450035 1.34748002886772 1.3291657269001 1.30157849192619 1.16242352128029 1.12822499871254 1.08078825473785 1.11256420612335 1.16996777057648 1.18357121944427 1.24525120854378 1.12783196568489 1.06971296668053 1.04491496086121 1.08425778150558 1.13934454321861 1.35050627589226 2.69859820604324 3.70719587802887 1.79763829708099 1.62014096975327 1.29800248146057 1.02074173092842 0.825007528066635 0.746153265237808 0.729650259017944 0.707955747842789 0.686609253287315 0.708946511149406 0.635141998529434 0.629158481955528 0.692277744412422 0.72043950855732 0.716593489050865 0.660201743245125 0.596577733755112 0.561973482370377
-9999 -9999 -9999 -9999 -9999 -9999 -9999 -9999 -9999 -9999 -9999 -9999 -9999 -9999 -9999 -9999 -9999 -9999 -9999 2.59765438472523 4.53518915176392 3.85950601100922 3.46649479866028 1.59409958124161 1.53381979465485 1.45646846294403 1.3580422103405 1.29136803746223 1.29699146747589 1.25309398770332 1.16025298833847 0.978043466806412 1.06714725494385 1.14709120988846 1.15020301938057 1.24091023206711 1.17306599020958 1.22408777475357 1.18316620588303 1.18354797363281 1.34860271215439 3.04806983470917 3.14321780204773 3.36467385292053 1.45436024665833 1.08044323325157 1.21638822555542 0.9087915122509 0.834818243980408 0.784553289413452 0.80522096157074 0.75169050693512 0.631013989448547 0.628857001662254 0.561495020985603 0.602898001670837 0.607299014925957 0.63316798210144 0.604512020945549 0.590142756700516 0.563163757324219 0.555680260062218
-9999 -9999 -9999 -9999 -9999 -9999 -9999 -9999 -9999 -9999 -9999 -9999 -9999 -9999 -9999 -9999 -9999 -9999 1.65238577127457 3.29979085922241 4.61338806152344 3.10628235340118 2.05679476261139 1.80590558052063 1.57170742750168 1.44373646378517 1.38528370857239 1.43659204244614 1.41095101833344 1.10971051454544 0.928473740816116 1.02034950256348 1.26817426085472 1.21147048473358 1.15454176068306 1.326745480299 1.38961574435234 1.64892607927322 2.3661487698555 2.21515649557114 2.42749124765396 2.56019693613052 1.90105426311493 1.70000928640366 1.56980466842651 1.26522374153137 1.15886324644089 0.908013761043549 1.31205976009369 0.875115752220154 0.782529026269913 0.770167529582977 0.681807741522789 0.740194514393806 0.753224283456802 0.733964994549751 0.680498242378235 0.632093980908394 0.664143741130829 0.614663243293762 0.614975228905678 0.612891733646393
-9999 -9999 -9999 -9999 -9999 -9999 -9999 -9999 -9999 -9999 -9999 -9999 -9999 -9999 -9999 -9999 -9999 10.7808147937576 1.57513117790222 1.91087543964386 2.09805232286453 3.51454782485962 3.3210471868515 3.75209319591522 2.92995893955231 2.34423905611038 2.53794372081757 2.00069332122803 2.23644071817398 2.21777254343033 1.73212802410126 1.91277819871902 2.0292164683342 1.52096092700958 1.23872396349907 1.3048395216465 1.44296479225159 2.60492169857025 2.64278018474579 3.3081157207489 3.10808479785919 2.48424822092056 2.51031678915024 2.15453481674194 1.67446196079254 1.70816481113434 1.07064896821976 1.02052348852158 1.46238148212433 1.03781551122665 0.901083737611771 0.83531329035759 0.864305287599564 0.864894032478333 0.898806720972061 0.920729219913483 0.787709265947342 0.686608493328094 0.73022098839283 0.680625021457672 0.673942521214485 0.740979731082916
-9999 -9999 -9999 -9999 -9999 -9999 -9999 -9999 -9999 -9999 -9999 -9999 -9999 -9999 -9999 -9999 -9999 -9999 -9999 1.28470357154545 4.82179266214371 2.88168829679489 2.65215146541595 3.85127770900726 8.35881614685059 2.81676524877548 2.00246626138687 1.18807348608971 1.33042350411415 1.28216698765755 1.23729300498962 1.36080595850945 1.61811304092407 1.42764973640442 1.30423575639725 1.34091147780418 1.5203213095665 4.13724839687347 3.83976888656616 4.2217344045639 4.33092749118805 2.53008592128754 2.29471653699875 1.50046044588089 1.34635877609253 1.45061928033829 1.15083602070808 1.08777675032616 0.895841270685196 1.0035434961319 1.43879923224449 1.21196249127388 0.934877961874008 0.887091726064682 0.900512963533401 0.966033786535263 1.00888574123383 0.811485707759857 0.92236053943634 0.874638766050339 0.879290968179703 0.911716461181641
-9999 -9999 -9999 -9999 -9999 -9999 -9999 -9999 -9999 -9999 -9999 -9999 -9999 -9999 -9999 3.09855610590715 11.0209098344896 5.52302294969559 6.27347213029861 5.74950563907623 9.10993686318398 3.47401428222656 4.55892312526703 4.74408137798309 4.66712021827698 5.91313934326172 2.10126453638077 1.39433625340462 1.44415953755379 1.15337401628494 1.14900451898575 1.25282174348831 1.53021597862244 1.48825272917747 1.78594797849655 2.28597217798233 1.55876916646957 2.21640300750732 3.42377400398254 4.02031338214874 3.33178281784058 3.13180339336395 3.10272896289825 1.59848016500473 1.31778225302696 1.47459822893143 1.23257097601891 1.16655904054642 1.10607147216797 1.06549197435379 3.45535504817963 1.94484758377075 1.25023198127747 0.894971251487732 0.97819197177887 0.873083263635635 0.895451992750168 0.902514785528183 0.877231478691101 0.899965524673462 0.947805762290955 0.993218243122101
-9999 -9999 -9999 -9999 -9999 -9999 -9999 -9999 -9999 -9999 35.2986888885498 35.2986888885498 13.7248649597168 1.95186531543732 1.63323068618774 24.6160719394684 19.9816203117371 11.9931478500366 2.11662375926971 2.16098856925964 1.70959281921387 1.17646050453186 1.27155527472496 1.14287102222443 4.83546960353851 0.750275284051895 0.723763480782509 0.984600752592087 0.930726706981659 0.886375486850739 0.921546757221222 0.93945300579071 1.00811022520065 1.84125530719757 2.00850516557693 1.34837472438812 1.79769372940063 1.4882940351963 1.54610770940781 1.67071795463562 0.748331263661385 1.63132274150848 2.97203332185745 1.0033994615078 0.915198773145676 1.02743473649025 1.1825797855854 1.16316372156143 1.05962401628494 0.992700040340424 0.980940788984299 0.966173261404037 1.02122926712036 1.06868702173233 1.16556376218796 0.964884728193283 0.880046993494034 0.91566002368927 0.99612745642662 0.982838988304138 0.879840016365051 0.957809239625931
-9999 -9999 -9999 -9999 -9999 -9999 -9999 -9999 -9999 -9999 35.2986888885498 3.62204880138923 2.51447546482086 2.31596928834915 2.03854125738144 13.4247568845749 8.36442786455154 20.0239525437355 8.26462382225707 2.45530995726585 1.50589495897293 0.920882999897003 0.706907272338867 0.93663302063942 0.808652222156525 0.757146030664444 1.18001854419708 1.23507151007652 1.05412200093269 1.03624498844147 0.897995978593826 0.87774521112442 0.855574518442154 0.816776990890503 0.886493235826492 1.59768158197403 3.07413446903229 1.9916895031929 0.829304248094559 0.797679752111435 0.878510266542435 0.964907974004745 0.891785234212875 0.924858748912811 1.0455142557621 1.12543120980263 1.15670701861382 1.18707820773125 1.15086597204208 1.12928920984268 1.14963072538376 1.05558970570564 1.03608450293541 0.965413480997086 0.934199273586273 1.1159400343895 0.888949513435364 0.89132022857666 1.03610104322433 1.29335170984268 1.07013076543808 2.211146235466
-9999 -9999 -9999 -9999 -9999 -9999 -9999 -9999 -9999 -9999 -9999 -9999 15.0588076975974 5.04369577940773 19.3948690295219 3.96901265952898 -9999 -9999 -9999 -9999 -9999 -9999 0.684286504983902 0.695807978510857 0.573520481586456 0.461317509412766 13.3644461631775 13.1286177635193 2.96277898550034 1.4974245429039 1.00044000148773 0.913145989179611 0.909025490283966 0.917750984430313 1.11831298470497 1.25349596142769 1.29041549563408 1.43684327602386 1.47341474890709 2.54820817708969 1.51391100883484 0.893006980419159 0.864379495382309 0.807962983846664 0.871231466531754 1.01620799303055 1.2379552423954 1.18915200233459 1.20677098631859 1.21403548121452 1.30957871675491 1.25752276182175 1.08242547512054 0.971592038869858 0.897492706775665 0.856532961130142 0.782829791307449 0.839322030544281 0.949285537004471 1.01165476441383 1.55862003564835 1.3065142929554
-9999 -9999 -9999 -9999 -9999 -9999 -9999 -9999 -9999 -9999 -9999 -9999 -9999 16.6274771690369 16.6274771690369 16.6274771690369 -9999 -9999 -9999 -9999 -9999 -9999 4.94490551948547 4.94490551948547 4.94490551948547 0.308659605681896 1.07048415541649 1.70260122418404 1.66017347574234 1.24901622533798 1.44317096471786 1.13947275280952 0.903289496898651 1.09155374765396 1.12235704064369 0.980090260505676 1.34260278940201 1.28332802653313 1.20779103040695 0.981524974107742 1.3070422410965 0.857639282941818 0.8308484852314 0.788693994283676 0.97850176692009 1.21299523115158 1.3191337287426 1.25974649190903 1.19517821073532 1.19886901974678 1.38985803723335 1.6144911646843 1.13398271799088 1.04439452290535 1.04127296805382 0.897162705659866 0.839196771383286 0.809618264436722 0.859006494283676 0.951910525560379 0.966686993837357 1.02260479331017
-9999 -9999 -9999 -9999 -9999 -9999 -9999 -9999 -9999 -9999 -9999 -9999 -9999 -9999 -9999 -9999 -9999 -9999 -9999 -9999 -9999 -9999 -9999 -9999 -9999 -9999 1.73804169148207 3.04496496915817 1.57999420166016 1.55115079879761 9.70830631256104 1.04660099744797 1.33382999897003 1.41592946648598 1.08900672197342 0.991338729858398 1.05310276150703 1.25575652718544 1.18932598829269 0.992293506860733 0.978467255830765 0.920921981334686 0.881565034389496 1.05037951469421 1.21391022205353 1.2970597743988 1.16882702708244 1.32554402947426 1.10845801234245 1.13335874676704 1.28470203280449 1.22041046619415 1.1059755384922 1.07166078686714 1.03994178771973 0.872021287679672 0.89622750878334 0.913155019283295 0.930965960025787 0.947034001350403 0.986411243677139 0.942734956741333
-9999 -9999 -9999 -9999 -9999 -9999 -9999 -9999 -9999 -9999 -9999 -9999 -9999 -9999 -9999 -9999 -9999 -9999 -9999 -9999 -9999 -9999 -9999 -9999 -9999 -9999 -9999 5.76486374792599 2.51023292541504 1.78007483482361 1.73405545949936 1.64599657058716 1.51745331287384 7.50297832489014 2.41044223308563 1.9237117767334 1.60106545686722 1.28681024909019 1.20267900824547 1.18746453523636 1.04874300956726 0.96434623003006 0.906209975481033 1.44914701581001 1.42541474103928 1.23510450124741 1.22656872868538 1.24850177764893 1.11756679415703 1.13718223571777 1.19662722945213 1.05404475331306 1.05923697352409 1.0170284807682 1.03637552261353 0.894405752420425 0.949205249547958 0.968060284852982 0.962361752986908 0.944418758153915 0.923720240592957 0.770394712686539
