EcologicalScience/Bass/data/rs_data_bass/chl_544.asc
NCOLS 226 
NROWS 124 
XLLCORNER -9.41648524995501 
YLLCORNER 47.587301625531 
CELLSIZE 0.0833 
NODATA_value -9999 
[rows 81 to 107 of 124, columns 62 to 123 of 226]
3.85158455371857 5.97498106956482 7.6620512008667 7.66205191612244 -9999 -9999 -9999 -9999 -9999 -9999 -9999 -9999 -9999 -9999 -9999 -9999 -9999 -9999 -9999 -9999 -9999 -9999 -9999 -9999 -9999 -9999 -9999 -9999 -9999 -9999 -9999 -9999 -9999 -9999 -9999 -9999 -9999 -9999 -9999 -9999 -9999 -9999 -9999 -9999 -9999 -9999 -9999 -9999 -9999 -9999 -9999 -9999 -9999 -9999 -9999 -9999 -9999 -9999 -9999 -9999 -9999 -9999
2.66290748119354 -9999 -9999 -9999 -9999 -9999 -9999 -9999 -9999 -9999 -9999 -9999 -9999 -9999 -9999 -9999 -9999 -9999 -9999 -9999 -9999 -9999 -9999 -9999 -9999 -9999 -9999 -9999 -9999 -9999 -9999 -9999 -9999 -9999 -9999 -9999 -9999 -9999 -9999 -9999 -9999 -9999 -9999 -9999 -9999 -9999 -9999 -9999 -9999 -9999 -9999 -9999 -9999 -9999 -9999 -9999 -9999 -9999 -9999 -9999 -9999 -9999
-9999 -9999 -9999 -9999 -9999 -9999 -9999 -9999 -9999 -9999 -9999 -9999 -9999 -9999 -9999 -9999 -9999 -9999 -9999 -9999 -9999 -9999 -9999 -9999 -9999 -9999 -9999 -9999 -9999 -9999 -9999 -9999 -9999 -9999 -9999 -9999 -9999 -9999 -9999 -9999 -9999 -9999 -9999 -9999 -9999 -9999 -9999 -9999 -9999 -9999 -9999 -9999 -9999 -9999 -9999 -9999 -9999 -9999 -9999 -9999 -9999 -9999
-9999 -9999 -9999 -9999 -9999 -9999 -9999 -9999 -9999 -9999 -9999 -9999 -9999 -9999 -9999 -9999 -9999 -9999 -9999 -9999 -9999 -9999 -9999 -9999 -9999 -9999 -9999 -9999 -9999 -9999 -9999 -9999 -9999 -9999 -9999 -9999 -9999 -9999 -9999 -9999 -9999 -9999 -9999 -9999 -9999 -9999 -9999 -9999 -9999 -9999 -9999 -9999 -9999 -9999 -9999 -9999 -9999 4.3104590177536 3.73829412460327 1.59108436107635 1.48455673456192 1.24129258096218
-9999 -9999 -9999 -9999 -9999 -9999 -9999 -9999 -9999 -9999 -9999 -9999 -9999 -9999 -9999 -9999 -9999 -9999 -9999 -9999 -9999 -9999 -9999 -9999 -9999 -9999 -9999 -9999 -9999 -9999 -9999 -9999 -9999 -9999 -9999 -9999 37.1749906539917 4.61873495578766 4.64783871173859 2.30148875713348 -9999 -9999 4.61735022068024 1.55319464206696 1.55517071485519 1.5297172665596 1.51094913482666 1.58384567499161 1.58384567499161 3.98641133308411 3.44532823562622 2.47139436006546 -9999 -9999 3.29802131652832 0.98250076174736 1.81321958452463 1.52465815097094 1.2245294675231 1.14715567231178 1.17065222561359 1.08746784925461
-9999 -9999 -9999 -9999 -9999 -9999 -9999 -9999 -9999 -9999 -9999 -9999 -9999 1.95372873544693 1.75035363435745 1.34510225057602 1.20402252674103 1.3519788980484 1.12509450316429 -9999 -9999 -9999 -9999 -9999 -9999 -9999 -9999 -9999 2.44059705734253 2.334756731987 2.54721522331238 2.75158256292343 3.10453999042511 3.66949796676636 -9999 -9999 -9999 3.59589743614197 2.36515760421753 2.30835682153702 2.44912487268448 2.12710547447205 2.01351928710938 2.02134776115417 3.62718236446381 1.76027351617813 1.75943827629089 3.01041054725647 3.04284346103668 1.27974405884743 1.27974405884743 3.94175970554352 1.36207714676857 1.50631928443909 1.70443886518478 1.7022333741188 1.55215948820114 1.19204552471638 1.02771086990833 0.936243921518326 0.913287743926048 0.91147568821907
-9999 -9999 -9999 -9999 -9999 -9999 -9999 -9999 -9999 -9999 1.66554236412048 1.58993411064148 1.5614327788353 1.48802357912064 1.26834359765053 1.25459450483322 1.2656661272049 1.39960911870003 1.53650575876236 1.64024376869202 1.64113354682922 1.47613728046417 2.41069865226746 2.08163148164749 1.73215824365616 1.67625367641449 -9999 2.28027087450027 2.4293105006218 2.53393042087555 2.37065577507019 2.57431948184967 3.22055840492249 3.82100558280945 2.40224701166153 -9999 3.59045577049255 3.39176917076111 2.01388156414032 2.1168732047081 2.15326344966888 1.9337443113327 1.7995178103447 1.79306370019913 2.78457140922546 1.53791588544846 1.50715984404087 2.22567290067673 2.23846381902695 2.24546670913696 2.19831365346909 0.782455690205097 0.746206909418106 1.32833290100098 1.49661853909492 1.26758497953415 1.08712935447693 0.991281062364578 0.964374929666519 0.806345522403717 0.8228400349617 0.8922129124403
-9999 -9999 -9999 -9999 -9999 -9999 -9999 -9999 2.8524706363678 1.68771404027939 1.55747473239899 1.27724835276604 1.23273986577988 1.2856585085392 1.28439080715179 1.25240430235863 1.29984766244888 1.33437073230743 1.25415953993797 1.3345213830471 1.44733563065529 1.66636580228806 2.76316827535629 2.17327415943146 2.3566153049469 2.28307646512985 1.75081121921539 1.97577720880508 2.37118542194366 2.4245383143425 2.35138821601868 1.69920480251312 2.06683444976807 1.61672160029411 1.68473395705223 2.7867813706398 2.88015478849411 2.88072216510773 2.8212473988533 1.98984736204147 1.99524432420731 2.00404232740402 1.75300294160843 1.49950388073921 1.19996474683285 1.03400212526321 1.00706282258034 1.00098019838333 1.22771161794662 0.704910859465599 0.662942558526993 0.624922960996628 0.640193715691566 0.726975426077843 0.727778568863869 0.71734144538641 1.00970086455345 1.06444358825684 1.10457381606102 0.851413249969482 1.09201633930206 1.11938425898552
-9999 -9999 -9999 -9999 -9999 -9999 -9999 -9999 -9999 1.44353833794594 1.25830471515656 1.21041762828827 1.21450477838516 1.19024348258972 1.1431959271431 1.11116525530815 1.15304428339005 1.08064216375351 1.05859422683716 1.11134102940559 1.26162493228912 1.52521044015884 1.90171962976456 1.89491164684296 2.3234646320343 1.61169523000717 1.66204708814621 1.7726417183876 1.7044529914856 1.57926338911057 1.61838322877884 1.67052671313286 1.70914605259895 1.79992881417274 1.86425560712814 1.91020649671555 2.4407901763916 2.51437175273895 1.83872330188751 1.69567313790321 2.06792628765106 1.73404544591904 1.55371356010437 1.53111827373505 1.20412789285183 1.18368257582188 1.05617612600327 0.962449282407761 0.925419442355633 0.849900931119919 0.681639678776264 0.656980633735657 0.652704499661922 0.704402759671211 0.723471656441689 0.726191259920597 0.754953525960445 0.793809726834297 1.31528636813164 1.12030005455017 1.08169117569923 1.22004202008247
-9999 -9999 -9999 -9999 -9999 -9999 -9999 -9999 -9999 1.20096534490585 1.17442667484283 1.14216238260269 1.1056934595108 1.01503881812096 0.937319576740265 0.938425183296204 0.969003617763519 0.950704783201218 0.946869313716888 0.944549202919006 1.05007562041283 1.40149194002151 1.56859946250916 1.76478785276413 1.74567764997482 1.63832634687424 1.65295922756195 1.52347630262375 1.66290092468262 1.80435615777969 1.84339946508408 1.63559541106224 1.71367567777634 1.80620822310448 1.89836570620537 1.89669880270958 1.89763846993446 1.86838281154633 1.82571136951447 1.7409360408783 1.55762511491776 1.42077872157097 1.40407133102417 1.41146823763847 1.16237810254097 1.10454623401165 1.07844047248363 0.982073977589607 0.8580307289958 0.777629122138023 0.654496483504772 0.640044093132019 0.654041714966297 0.718107551336288 0.761674672365189 0.766297481954098 0.7687037140131 0.787798494100571 1.35569348931313 1.11169695854187 0.974308222532272 0.786396324634552
1.14865761995316 0.983779549598694 1.00923648476601 1.33538281917572 1.4359849691391 -9999 -9999 1.52763247489929 1.03468930721283 0.9992635846138 1.0631228685379 1.12182202935219 1.08556884527206 1.02358782291412 1.03178957104683 1.16165864467621 1.08356237411499 1.05140635371208 0.991365015506744 1.01878103613853 1.33504557609558 1.46311891078949 1.44182592630386 1.17995434999466 1.28583419322968 1.35221296548843 1.33164542913437 1.25487130880356 1.31211751699448 1.39502468705177 1.6322193145752 1.08593957126141 1.13019369542599 1.22805015742779 1.29747864603996 1.27529248595238 1.26440620422363 1.51755648851395 1.43669933080673 1.29538714885712 1.29858532547951 1.12161156535149 0.977886289358139 0.780522644519806 0.996766202151775 0.988269701600075 0.958408556878567 0.89890406280756 0.820405952632427 0.713306777179241 0.658131904900074 0.595182672142982 0.644749984145164 0.67301519215107 0.702193558216095 0.772345885634422 0.767397232353687 0.75841873884201 0.777128331363201 0.674755722284317 0.715562090277672 0.745489910244942
0.699758067727089 0.719263181090355 0.748713746666908 0.820018887519836 0.925754964351654 0.857950508594513 0.916185200214386 0.963168114423752 0.862210750579834 0.866720974445343 0.945130079984665 1.02548414468765 1.04058212041855 1.06164425611496 1.11407813429832 1.09985053539276 0.986157953739166 0.900327533483505 0.892026007175446 1.00921851396561 1.41357520222664 1.57692521810532 1.03612938523293 1.09371390938759 1.18456336855888 1.2444209754467 1.24839869141579 1.2936255633831 1.19643831253052 1.10688775777817 1.01078125834465 0.980730146169662 0.975309178233147 0.964890271425247 0.971383228898048 0.908719718456268 1.01050052046776 1.12957647442818 0.842276930809021 0.833179324865341 0.819469749927521 0.797941267490387 0.726888209581375 0.666583746671677 0.673578590154648 0.681706890463829 0.637569531798363 0.577183127403259 0.572808399796486 0.719675838947296 0.694892719388008 0.705819569528103 0.721008025109768 0.756360948085785 1.11813166737556 1.1097751557827 1.09689795970917 0.886382013559341 0.89296455681324 0.711172923445702 0.728978857398033 0.724353924393654
0.638318002223969 0.61990137398243 0.616528674960136 0.63165257871151 0.666208952665329 0.693019509315491 0.699127659201622 0.728231728076935 0.755249887704849 0.806382268667221 0.858640909194946 0.888778388500214 0.920229613780975 0.97784686088562 1.02129998803139 0.935305774211884 0.830852955579758 0.817349195480347 0.892533123493195 1.0201855301857 0.729566320776939 1.10357424616814 1.09276315569878 1.10229876637459 1.11376118659973 1.13462600111961 1.16474443674088 1.01304718852043 1.02303716540337 1.04533955454826 0.955925703048706 0.90086755156517 0.859548926353455 0.831666737794876 0.815713942050934 0.852391183376312 0.768939077854156 0.771526515483856 0.787237644195557 0.757139772176743 0.779813021421432 0.780723005533218 0.736936300992966 0.686589896678925 0.674345254898071 0.673303127288818 0.630481079220772 0.609627172350883 0.60726173222065 0.608607530593872 0.76826050132513 0.788848623633385 0.780784428119659 1.0846936404705 1.12989807128906 1.20360088348389 1.38979125022888 1.37647774815559 1.37596026062965 1.37752756476402 0.701929986476898 0.674966096878052
0.584825903177261 0.59001512825489 0.579604402184486 0.582182586193085 0.599045991897583 0.605647221207619 0.612467899918556 0.625874251127243 0.660060167312622 0.726714491844177 0.769996583461761 0.769508242607117 0.779199779033661 0.821945786476135 0.885292857885361 0.821469694375992 0.774468898773193 0.846752643585205 1.06091818213463 1.13043567538261 1.08347198367119 1.03849598765373 1.03453400731087 1.04597863554955 1.05804249644279 1.2391984462738 1.22259995341301 0.922034695744514 0.91651676595211 1.02732610702515 0.965675890445709 0.919720262289047 0.88603600859642 0.846390813589096 0.833237886428833 0.825708210468292 0.756540030241013 0.735548838973045 0.724729344248772 0.657872825860977 0.955931395292282 0.9578358232975 0.93234321475029 0.895865112543106 0.70074588060379 0.690966010093689 0.650575920939445 0.64877749979496 0.659154340624809 0.719335690140724 0.815151929855347 0.850620321929455 1.08016848564148 1.09740024805069 1.13621082901955 1.35829755663872 1.4327195584774 1.30798405408859 1.46341162919998 1.59953659772873 1.29203224182129 1.25794185698032
0.544976815581322 0.55242919921875 0.558612361550331 0.554088592529297 0.559205576777458 0.572361052036285 0.598222061991692 0.609888643026352 0.618086859583855 0.640721127390862 0.6690554022789 0.666318252682686 0.705617934465408 0.797938764095306 0.748945489525795 0.700942397117615 0.772633016109467 0.936954349279404 1.1016526222229 0.85301747918129 0.875719159841537 0.963124841451645 0.961883068084717 0.937543988227844 0.956744849681854 0.947372764348984 0.945179522037506 0.928262203931808 0.941509231925011 0.945273444056511 0.969446450471878 0.993113994598389 1.00634327530861 0.973586976528168 0.932800054550171 0.934534639120102 0.953275054693222 0.972090661525726 0.969845831394196 0.927726030349731 0.946276813745499 1.02241158485413 0.978163585066795 0.99693238735199 0.787082612514496 0.743977054953575 0.729076132178307 0.700685173273087 0.676731392741203 0.710672959685326 0.712103337049484 0.697637692093849 0.697348147630692 1.19024437665939 1.19024437665939 0.969151765108109 2.03501826524734 1.63436329364777 1.59777474403381 1.40240281820297 1.7659986615181 1.8431943655014
0.509191766381264 0.527946710586548 0.532111868262291 0.540343746542931 0.545041367411613 0.534320890903473 0.5388013869524 0.54760180413723 0.545672670006752 0.566033542156219 0.602397367358208 0.559644922614098 0.605279892683029 0.6518914103508 0.647219449281693 0.668322220444679 0.745875030755997 0.76317223906517 0.732242569327354 0.704844877123833 0.724282130599022 0.776891648769379 0.843957602977753 0.834313452243805 0.876439154148102 0.952394217252731 0.992723017930984 1.017622590065 1.05023923516273 0.983753621578217 1.03273379802704 1.01185610890388 1.04251563549042 1.12352487444878 1.06244677305222 1.05681520700455 1.07805222272873 1.04471030831337 1.02035084366798 1.00677636265755 0.975709855556488 0.93772628903389 1.08068414032459 0.811007022857666 0.80219703912735 0.792569160461426 0.744706571102142 0.717217862606049 0.698641374707222 0.680373474955559 0.719820499420166 0.772512406110764 0.805426687002182 0.777454823255539 1.27594774961472 1.52143782377243 1.78098911046982 1.77905684709549 1.9413029551506 1.87482690811157 2.23927128314972 2.25210517644882
0.522060245275497 0.505003318190575 0.48836150765419 0.476819738745689 0.495099574327469 0.510218918323517 0.520591333508492 0.525745689868927 0.524505123496056 0.524507313966751 0.524529486894608 0.529027104377747 0.530313894152641 0.546904698014259 0.567989453673363 0.666136354207993 0.728851407766342 0.755875110626221 0.710753917694092 0.732860818505287 0.824298977851868 0.894441604614258 0.939917117357254 0.982687175273895 0.988462597131729 0.963150948286057 1.0491036772728 1.1196680366993 1.08844399452209 1.02473938465118 1.08356648683548 1.21132224798203 1.27180311083794 1.47704672813416 1.63162583112717 1.3957562148571 1.23150381445885 1.17025592923164 1.12469261884689 1.09394243359566 1.02171465754509 0.989634543657303 0.9896459877491 0.948261648416519 0.919040232896805 0.898641765117645 0.875182807445526 0.876279294490814 0.809187769889832 0.764252632856369 0.794300079345703 0.838840484619141 1.07536581158638 1.36760088801384 1.59094440937042 1.73359912633896 1.82729887962341 -9999 -9999 -9999 -9999 -9999
0.545629933476448 0.531904175877571 0.531183376908302 0.52779646217823 0.523764923214912 0.527732715010643 0.534016638994217 0.52312870323658 0.514141827821732 0.509424984455109 0.521837130188942 0.530204772949219 0.527705401182175 0.537385404109955 0.570692986249924 0.630348578095436 0.678524896502495 0.722319200634956 0.800969928503036 0.87301316857338 0.961985528469086 1.0412988960743 1.05677434802055 1.03113037347794 1.2511568069458 1.28772336244583 1.32680404186249 1.33595591783524 1.29984188079834 1.22637623548508 1.2647185921669 1.3415741622448 1.73792141675949 2.39790862798691 3.35262501239777 3.1333669424057 1.83205014467239 1.33614447712898 1.20019233226776 1.17884999513626 1.10290020704269 1.02386319637299 0.967651069164276 0.960482776165009 0.962995648384094 0.994707137346268 0.973534673452377 0.900409519672394 0.820096671581268 0.851707309484482 0.872177928686142 1.15935426950455 1.3348682820797 1.56679630279541 2.88174211978912 -9999 -9999 -9999 -9999 -9999 -9999 -9999
0.561821267008781 0.562024623155594 0.562957137823105 0.548535391688347 0.533838227391243 0.530067309737206 0.534781113266945 0.527562707662582 0.531022220849991 0.529031038284302 0.510917544364929 0.533227264881134 0.604864329099655 0.583700358867645 0.606080129742622 0.643163591623306 0.579331263899803 0.621203631162643 0.685261934995651 0.881697356700897 0.944368243217468 1.330606341362 1.26666462421417 1.14806851744652 1.10338112711906 1.1895315349102 1.20038241147995 1.28719094395638 1.33492147922516 -9999 -9999 -9999 -9999 -9999 -9999 3.14426672458649 3.44673013687134 2.37084728479385 1.49181067943573 1.32611551880836 1.26942765712738 1.15826654434204 1.03009441494942 1.03537076711655 1.13490629196167 1.32543557882309 1.26428523659706 1.13024613261223 1.00143107771873 1.09016060829163 1.2339141368866 1.48360955715179 1.37114873528481 1.9762424826622 1.97624230384827 -9999 -9999 -9999 -9999 -9999 -9999 -9999
0.570894420146942 0.56067556142807 0.555260539054871 0.554285332560539 0.543455511331558 0.523343771696091 0.515113145112991 0.518577575683594 0.524279952049255 0.546983957290649 0.541676625609398 0.56022883951664 0.609827622771263 0.7972711622715 0.724309712648392 0.622931823134422 0.641738221049309 0.850496470928192 0.841159075498581 1.00216341018677 0.914620399475098 0.978649914264679 1.3257320523262 1.40105885267258 1.00004598498344 1.15666320919991 1.16906341910362 1.26360534131527 1.5755170583725 -9999 -9999 -9999 -9999 -9999 -9999 5.39052593708038 13.6053013801575 7.05891895294189 4.91821074485779 3.20148861408234 1.95027458667755 1.4350600540638 1.21477076411247 1.09391543269157 1.0537925362587 1.17684316635132 1.36949560046196 1.62605631351471 1.59164607524872 1.88116317987442 2.00611406564713 1.99788826704025 -9999 -9999 -9999 -9999 -9999 -9999 -9999 -9999 -9999 -9999
0.54913030564785 0.557417705655098 0.549034506082535 0.544546499848366 0.531658887863159 0.524975761771202 0.530075401067734 0.527498379349709 0.544928357005119 0.56988237798214 0.599388688802719 0.617987394332886 0.641509875655174 0.678729012608528 0.825216203927994 0.766315072774887 0.688342586159706 0.893920451402664 1.07637083530426 1.22007617354393 0.848559826612473 0.911610782146454 0.876112282276154 1.10498929023743 0.956668764352798 1.03140279650688 1.12680020928383 1.17290550470352 1.6315443366766 -9999 -9999 -9999 -9999 -9999 -9999 -9999 8.66142243146896 12.743070602417 13.7298188209534 9.39074921607971 10.9605302810669 8.95974540710449 6.38001823425293 5.1552826166153 4.04240942001343 2.50479537248611 1.87657463550568 1.891233086586 2.04580217599869 2.44825959205627 2.8987997174263 2.36542046070099 3.1168697476387 -9999 -9999 -9999 -9999 -9999 -9999 -9999 -9999 -9999
0.550138503313065 0.551574692130089 0.552578642964363 0.551314696669579 0.546363964676857 0.535199090838432 0.533542513847351 0.548313438892365 0.556933164596558 0.589363306760788 0.631554007530212 0.658513113856316 0.665855795145035 0.667747870087624 0.8214171230793 0.895568579435349 1.02139270305634 0.835581511259079 0.764821797609329 0.951358526945114 0.951277166604996 0.963904112577438 0.901412129402161 1.08963292837143 1.20711806416512 1.1690114736557 1.20510703325272 1.33141243457794 1.6694128587842 1.64999525249004 -9999 -9999 -9999 -9999 -9999 -9999 -9999 15.621243417263 15.621243417263 6.50407462120056 44.6033334732056 26.5062046051025 17.8643088340759 10.1036574840546 8.76922059059143 5.06250715255737 3.78057432174683 3.82538115978241 4.01541423797607 4.53586721420288 4.79841721057892 2.73585033416748 2.86444520950317 -9999 -9999 -9999 -9999 -9999 -9999 -9999 -9999 -9999
0.545408338308334 0.55587512254715 0.559060603380203 0.550446152687073 0.536679849028587 0.533153638243675 0.547659114003181 0.580084294080734 0.578764691948891 0.605196744203568 0.668503269553185 0.708497107028961 0.748822510242462 0.740599349141121 0.716959789395332 0.722029209136963 0.704177990555763 0.813691645860672 0.791213124990463 0.766831934452057 0.753576636314392 0.803178548812866 1.06863838434219 1.55572593212128 1.45907020568848 1.37992760539055 1.21661558747292 1.22664539515972 1.65750932693481 1.65074352174997 1.43362061977386 -9999 -9999 -9999 -9999 -9999 -9999 -9999 -9999 -9999 -9999 -9999 -9999 -9999 -9999 -9999 3.65490746498108 5.01283049583435 5.1006406545639 5.07543611526489 8.99744009971619 -9999 -9999 -9999 -9999 -9999 -9999 -9999 -9999 -9999 -9999 -9999
0.522862002253532 0.538086801767349 0.542155086994171 0.547315567731857 0.559677243232727 0.581245869398117 0.582048431038857 0.599083721637726 0.602247208356857 0.621383965015411 0.665428206324577 0.772337436676025 0.831803977489471 0.820510715246201 0.797485917806625 0.809219688177109 0.818012326955795 0.875199526548386 0.790634840726852 0.765627086162567 0.685877367854118 0.822677314281464 1.44289210438728 1.46778577566147 1.53864133358002 -9999 1.47936822474003 1.49179925769567 1.16969186067581 1.12490928173065 1.65528186410666 1.44204390048981 -9999 -9999 -9999 -9999 -9999 -9999 -9999 -9999 -9999 -9999 -9999 -9999 -9999 -9999 -9999 -9999 -9999 -9999 -9999 -9999 -9999 -9999 -9999 -9999 -9999 -9999 -9999 -9999 -9999 -9999
0.516104847192764 0.5416499376297 0.553453579545021 0.562956020236015 0.574929267168045 0.587167650461197 0.620816007256508 0.648831993341446 0.671648740768433 0.701658591628075 0.756076812744141 0.861962199211121 0.894383490085602 0.94068244099617 0.90200087428093 0.922591924667358 0.899110704660416 1.03613090515137 0.832304656505585 0.750726163387299 0.809468686580658 0.88483402132988 1.1717663705349 1.32552927732468 1.3179447054863 1.32293504476547 1.28098332881927 1.34685301780701 1.35252204537392 1.5363791808486 1.50310883671045 1.45934687554836 -9999 -9999 -9999 -9999 -9999 -9999 -9999 -9999 -9999 -9999 -9999 -9999 -9999 -9999 -9999 -9999 -9999 -9999 -9999 -9999 -9999 -9999 -9999 -9999 -9999 -9999 -9999 -9999 -9999 -9999
0.545148521661758 0.547943785786629 0.545561358332634 0.567418143153191 0.593196585774422 0.621790766716003 0.662290871143341 0.68536202609539 0.719493091106415 0.791709512472153 0.974703401327133 1.05364671349525 1.06168001890182 0.998474299907684 1.03605365753174 1.02769312262535 1.02208837866783 1.03822740912437 1.04729497432709 0.737258344888687 0.744519978761673 0.735629037022591 0.907026886940002 1.09460180997849 1.11507216095924 1.12303626537323 1.14015421271324 1.44640570878983 2.16122496128082 2.01834744215012 1.68379193544388 1.62877408415079 -9999 -9999 -9999 -9999 -9999 -9999 -9999 -9999 -9999 -9999 -9999 -9999 -9999 -9999 -9999 -9999 -9999 -9999 -9999 -9999 -9999 -9999 -9999 -9999 -9999 -9999 -9999 -9999 -9999 -9999
0.548984304070473 0.558635964989662 0.565019220113754 0.573169693350792 0.586729735136032 0.611635163426399 0.651919797062874 0.722582325339317 0.999512135982513 1.10647398233414 1.24805527925491 1.283989995718 1.32591390609741 1.40452533960342 1.32401338219643 1.27782243490219 1.20631349086761 1.07388791441917 0.9839908182621 0.877379804849625 0.834370046854019 0.842401832342148 0.790718704462051 0.994740575551987 1.24555850028992 1.24116343259811 1.13147002458572 1.1172308921814 1.73707759380341 2.50377327203751 1.65038335323334 2.098119109869 -9999 -9999 -9999 -9999 -9999 -9999 -9999 -9999 -9999 -9999 -9999 -9999 -9999 -9999 -9999 -9999 -9999 -9999 -9999 -9999 -9999 -9999 -9999 -9999 -9999 -9999 -9999 -9999 -9999 -9999
