EcologicalScience/Bass/data/rs_data_bass/chl_488.asc
NCOLS 226 
NROWS 124 
XLLCORNER -9.41648524995501 
YLLCORNER 47.587301625531 
CELLSIZE 0.0833 
NODATA_value -9999 
[rows 0 to 26 of 124, columns 61 to 121 of 226]
-9999 -9999 -9999 -9999 -9999 -9999 -9999 -9999 -9999 -9999 -9999 -9999 -9999 -9999 -9999 -9999 -9999 -9999 -9999 -9999 -9999 -9999 -9999 -9999 -9999 -9999 -9999 -9999 -9999 -9999 -9999 -9999 -9999 -9999 -9999 -9999 -9999 -9999 -9999 -9999 -9999 -9999 -9999 -9999 -9999 -9999 -9999 -9999 -9999 -9999 -9999 -9999 -9999 -9999 -9999 -9999 -9999 -9999 -9999 -9999 -9999
-9999 -9999 -9999 -9999 -9999 -9999 -9999 -9999 -9999 -9999 -9999 -9999 -9999 -9999 -9999 -9999 -9999 -9999 -9999 -9999 -9999 -9999 -9999 -9999 -9999 -9999 -9999 -9999 -9999 -9999 -9999 -9999 -9999 -9999 -9999 -9999 -9999 -9999 -9999 -9999 -9999 -9999 -9999 -9999 -9999 -9999 -9999 -9999 -9999 -9999 -9999 -9999 -9999 -9999 -9999 -9999 -9999 -9999 -9999 -9999 -9999
-9999 -9999 -9999 -9999 -9999 -9999 -9999 -9999 -9999 -9999 -9999 -9999 -9999 -9999 -9999 -9999 -9999 -9999 -9999 -9999 -9999 -9999 -9999 -9999 -9999 -9999 -9999 -9999 -9999 -9999 -9999 -9999 -9999 -9999 -9999 -9999 -9999 -9999 -9999 -9999 -9999 -9999 -9999 -9999 -9999 -9999 -9999 -9999 -9999 -9999 -9999 -9999 -9999 -9999 -9999 -9999 -9999 -9999 -9999 -9999 -9999
-9999 -9999 -9999 -9999 -9999 -9999 -9999 -9999 -9999 -9999 -9999 -9999 -9999 -9999 -9999 -9999 -9999 -9999 -9999 -9999 -9999 -9999 -9999 -9999 -9999 -9999 -9999 -9999 -9999 -9999 -9999 -9999 -9999 -9999 -9999 -9999 -9999 -9999 -9999 -9999 -9999 -9999 -9999 -9999 -9999 -9999 -9999 -9999 -9999 -9999 -9999 -9999 -9999 -9999 -9999 -9999 -9999 -9999 -9999 -9999 -9999
-9999 -9999 -9999 -9999 -9999 -9999 -9999 -9999 -9999 -9999 -9999 -9999 -9999 -9999 -9999 -9999 -9999 -9999 -9999 -9999 -9999 -9999 -9999 -9999 -9999 -9999 -9999 -9999 -9999 -9999 -9999 -9999 -9999 -9999 -9999 -9999 -9999 -9999 -9999 -9999 -9999 -9999 -9999 -9999 -9999 -9999 -9999 -9999 -9999 -9999 -9999 -9999 -9999 -9999 -9999 -9999 -9999 -9999 -9999 -9999 -9999
-9999 -9999 -9999 -9999 -9999 -9999 -9999 -9999 -9999 -9999 -9999 -9999 -9999 -9999 -9999 -9999 -9999 -9999 -9999 -9999 -9999 -9999 -9999 -9999 -9999 -9999 -9999 -9999 -9999 0.63735419511795 1.76412254571915 1.30564793944359 1.43253082036972 1.16825321316719 0.974886238574982 0.87788262963295 0.792816996574402 0.812388181686401 0.775516301393509 0.739260837435722 0.725020721554756 0.792813867330551 0.860803216695786 0.857342541217804 0.881030917167664 0.517459854483604 0.49594259262085 0.480800986289978 0.42632170021534 0.387150272727013 0.364460907876492 0.695270955562592 0.71220238506794 0.684283778071404 0.705137237906456 0.723897218704224 0.786599963903427 0.806642845273018 0.765091463923454 0.717535093426704 0.707729324698448
-9999 -9999 -9999 -9999 -9999 -9999 -9999 -9999 -9999 -9999 -9999 -9999 -9999 -9999 -9999 -9999 -9999 -9999 -9999 -9999 -9999 -9999 -9999 -9999 -9999 -9999 -9999 1.18186515569687 1.0627324283123 2.43380904197693 1.97121173143387 1.61373746395111 1.39087817072868 1.1599768102169 1.07622322440147 0.965852111577988 0.854932576417923 0.763517439365387 0.832123607397079 0.710511803627014 0.729271441698074 0.827855676412582 0.950452119112015 0.946706682443619 0.965282589197159 0.943294286727905 0.545953094959259 0.550335690379143 0.493829414248466 0.406667858362198 0.344479344785213 0.320671789348125 0.723716750741005 0.729688555002213 0.764001026749611 0.792075514793396 0.809520989656448 0.710893452167511 0.673733234405518 0.710598386824131 0.676812767982483
-9999 -9999 -9999 -9999 -9999 -9999 -9999 -9999 -9999 -9999 -9999 -9999 -9999 -9999 -9999 -9999 -9999 -9999 -9999 -9999 -9999 -9999 -9999 -9999 -9999 -9999 -9999 1.18186515569687 2.3316770195961 2.79473751783371 2.91746771335602 1.92863720655441 1.61949974298477 1.27449461817741 1.03216427564621 0.969629734754562 0.928658902645111 0.8813316822052 0.869908064603806 0.898421555757523 0.999784648418427 1.05594992637634 1.05572712421417 1.11889743804932 1.15645426511765 1.08733776211739 0.991480126976967 0.874383643269539 0.519398510456085 0.504691511392593 0.4090426415205 0.39017191529274 0.396165445446968 0.387528330087662 0.385268032550812 0.789424292743206 0.83677064627409 0.785575360059738 0.73230816423893 0.691835530102253 0.536128364503384
-9999 -9999 -9999 -9999 -9999 -9999 -9999 -9999 -9999 -9999 -9999 -9999 -9999 -9999 -9999 -9999 -9999 -9999 -9999 -9999 -9999 -9999 -9999 -9999 -9999 -9999 -9999 6.54365868866444 3.87477242946625 2.93037128448486 1.63450133800507 1.2316583096981 1.07958796620369 0.99502095580101 0.939495742321014 0.922967880964279 0.925060987472534 0.913837462663651 0.907579332590103 0.944543838500977 1.00126424431801 1.00941243767738 0.923990875482559 0.99200963973999 1.18757200241089 1.15053847432137 1.04982894659042 0.938512712717056 0.826008036732674 0.588993296027184 0.573486551642418 0.527430474758148 0.47735595703125 0.438975960016251 0.457520619034767 0.440964996814728 0.421719878911972 0.409293964505196 0.402218833565712 0.383890137076378 0.365716472268105
-9999 -9999 -9999 -9999 -9999 -9999 -9999 -9999 -9999 -9999 -9999 -9999 -9999 -9999 -9999 -9999 -9999 -9999 -9999 -9999 -9999 -9999 -9999 -9999 -9999 -9999 1.19121462106705 3.08176726102829 1.6838613152504 1.69486606121063 1.64700990915298 1.26388174295425 1.10260614752769 0.971357613801956 0.953347027301788 1.00720515847206 1.0249530673027 0.990647077560425 1.00802135467529 1.02611061930656 0.999502748250961 0.964331030845642 0.916900724172592 0.882023423910141 0.89356791973114 1.13177552819252 0.962882906198502 0.91122230887413 0.818898528814316 0.672434940934181 0.603508114814758 0.581592813134193 0.414468348026276 0.410676598548889 0.384492203593254 0.301290482282639 0.307643428444862 0.341270126402378 0.331853114068508 0.352418795228004 0.344276748597622
-9999 -9999 -9999 -9999 -9999 -9999 -9999 -9999 -9999 -9999 -9999 -9999 -9999 -9999 -9999 -9999 -9999 -9999 -9999 -9999 -9999 -9999 -9999 -9999 -9999 -9999 2.06694918870926 1.52278929948807 1.46836593747139 1.09172379970551 1.20469281077385 1.18880492448807 1.11409109830856 1.05058318376541 1.01280909776688 1.0272453725338 1.06466433405876 1.07292991876602 1.03894302248955 0.957360148429871 0.889547824859619 0.881972640752792 0.831048309803009 0.848716735839844 0.873121172189713 0.838195413351059 0.851807624101639 0.914240330457687 0.865094214677811 0.822863727807999 0.803792417049408 0.819735109806061 0.678243398666382 0.510955452919006 0.42789351940155 0.306708343327045 0.278498232364655 0.284636244177818 0.293590061366558 0.311550535261631 0.337820068001747
-9999 -9999 -9999 -9999 -9999 -9999 -9999 -9999 -9999 -9999 -9999 -9999 -9999 -9999 -9999 -9999 -9999 -9999 -9999 -9999 -9999 -9999 -9999 -9999 -9999 1.31647038459778 1.99920469522476 1.46935558319092 1.13000249862671 1.17580541968346 1.25306761264801 1.23503994941711 1.1845731139183 1.11375081539154 1.09909468889236 1.09541442990303 1.07751989364624 1.02877494692802 0.979007005691528 0.978380262851715 0.956281900405884 0.882318019866943 0.877100855112076 0.868873357772827 0.892324179410934 0.861626207828522 0.788781255483627 0.761789828538895 0.772687017917633 0.827633053064346 0.833172351121902 0.847661018371582 0.759788990020752 0.684946417808533 0.492943301796913 0.327626533806324 0.298623606562614 0.290804676711559 0.287186443805695 0.285794578492641 0.28718264400959
-9999 -9999 -9999 -9999 -9999 -9999 -9999 -9999 -9999 -9999 -9999 -9999 -9999 -9999 -9999 -9999 -9999 -9999 -9999 -9999 -9999 -9999 -9999 -9999 1.50594073534012 2.05012857913971 2.03905034065247 1.27834492921829 0.900384485721588 1.05446818470955 1.49743741750717 1.4715787768364 1.35326546430588 1.19558000564575 1.10744735598564 1.07324624061584 1.02109310030937 0.957282364368439 0.940711319446564 0.995989590883255 1.06461721658707 1.00295072793961 0.933189421892166 0.915651708841324 0.92432051897049 0.861981600522995 0.726667687296867 0.611941203474998 0.598997935652733 0.649488776922226 0.676399692893028 0.68965382874012 0.69321982562542 0.621205687522888 0.49760314822197 0.381230637431145 0.333978608250618 0.315816231071949 0.306621350347996 0.308731757104397 0.324595034122467
-9999 -9999 -9999 -9999 -9999 -9999 -9999 -9999 -9999 -9999 -9999 -9999 -9999 -9999 -9999 -9999 -9999 -9999 -9999 -9999 -9999 -9999 -9999 11.4006014636585 3.38580000400543 1.33124595880508 1.18358212709427 1.07291802763939 0.983389377593994 1.04950806498528 1.24874666333199 1.33895167708397 1.22976538538933 1.08164611458778 1.01848420500755 1.05088528990746 1.01809823513031 0.980348914861679 1.02874284982681 1.0298202931881 1.05860880017281 1.04758957028389 0.965086698532104 0.891687154769897 0.861543864011765 0.86268362402916 0.780399173498154 0.782552182674408 0.751070111989975 0.646900534629822 0.565736442804337 0.530668616294861 0.505474001169205 0.485312730073929 0.449625313282013 0.418760195374489 0.407733142375946 0.401410281658173 0.388976946473122 0.391905248165131 0.40162168443203
-9999 -9999 -9999 -9999 -9999 -9999 -9999 -9999 -9999 -9999 -9999 -9999 -9999 -9999 -9999 -9999 -9999 -9999 -9999 -9999 -9999 2.64602583646774 10.979406863451 1.21639537811279 1.02382135391235 1.11593878269196 1.17036911845207 1.15076377987862 1.1137969493866 1.10376700758934 1.0692880153656 1.13619697093964 1.09695500135422 1.04402250051498 0.971817255020142 0.93619841337204 0.949294209480286 0.9809290766716 0.990583956241608 1.00229045748711 0.999052047729492 0.998537242412567 1.08784657716751 1.04717874526978 0.976589173078537 0.98828861117363 0.930968374013901 0.893957823514938 0.81186318397522 0.688597306609154 0.586590841412544 0.546415865421295 0.535035565495491 0.543493062257767 0.527967095375061 0.54434309899807 0.57475246489048 0.538539826869965 0.497229561209679 0.470050916075706 0.453112989664078
-9999 -9999 -9999 -9999 -9999 -9999 -9999 -9999 -9999 -9999 -9999 -9999 -9999 -9999 -9999 -9999 -9999 -9999 -9999 -9999 -9999 2.40263788742395 1.15065416693687 1.14216980338097 1.11112698912621 1.05393210053444 0.946039170026779 0.910384923219681 0.975122809410095 1.04785206913948 1.00287348031998 0.95058211684227 0.920467704534531 1.10321795940399 1.06538790464401 0.95904278755188 0.930642664432526 0.95771250128746 0.988960772752762 0.993803322315216 1.0050265789032 1.00100129842758 1.09121489524841 1.04168236255646 0.968727260828018 0.939816623926163 0.995381087064743 0.911033660173416 0.869317084550858 0.809617459774017 0.733316838741302 0.68120165169239 0.643687158823013 0.61471389234066 0.57900296151638 0.541047558188438 0.549208179116249 0.556346833705902 0.527074098587036 0.478825315833092 0.450733467936516
-9999 -9999 -9999 -9999 -9999 -9999 -9999 -9999 -9999 -9999 -9999 -9999 -9999 -9999 -9999 -9999 -9999 -9999 -9999 -9999 8.0775933265686 1.69728076457977 1.35248565673828 1.20304548740387 1.06692016124725 1.01981762051582 0.9168301820755 0.940379440784454 0.990070223808289 1.00349208712578 0.996956706047058 1.07917347550392 1.06986799836159 0.989044100046158 1.03568530082703 1.00528746843338 1.01211395859718 1.03309643268585 1.09369745850563 1.10771119594574 1.07923722267151 1.08380261063576 1.10313221812248 1.1499203145504 1.09586003422737 0.984118938446045 0.889555156230927 0.848173052072525 0.84698161482811 0.824280112981796 0.78017520904541 0.731345370411873 0.673985257744789 0.647700145840645 0.62580768764019 0.587268635630608 0.542699128389359 0.525395929813385 0.549231201410294 0.552747130393982 0.531278550624847
-9999 -9999 -9999 -9999 -9999 -9999 -9999 -9999 -9999 -9999 -9999 -9999 -9999 -9999 -9999 -9999 -9999 -9999 21.5927350521088 18.0297949314117 1.54991161823273 1.08672219514847 0.932545155286789 0.89273464679718 0.919022083282471 0.946148246526718 0.981207489967346 0.998921155929565 0.969081401824951 0.999085128307343 1.06379958987236 1.14525130391121 1.18212014436722 1.10684671998024 1.0485455095768 1.04619008302689 1.16495588421822 1.28794321417809 1.49755069613457 1.54295790195465 1.43666723370552 1.46593219041824 1.42867639660835 1.36309969425201 1.27201956510544 1.1800225675106 1.0416351556778 0.9333815574646 0.853957325220108 0.823162883520126 0.805726736783981 0.726751193404198 0.662910327315331 0.713812127709389 0.719996318221092 0.771379083395004 0.714468061923981 0.68186442553997 0.683718904852867 0.697959959506989 0.687300592660904
-9999 -9999 -9999 -9999 -9999 -9999 -9999 -9999 -9999 -9999 -9999 -9999 -9999 -9999 -9999 -9999 -9999 -9999 10.4203250408173 9.30428695678711 3.54758191108704 1.16818070411682 0.94310536980629 0.877138316631317 0.88712140917778 0.952055543661118 0.947110265493393 0.980665951967239 1.04152312874794 1.14984852075577 1.16976562142372 1.17777416110039 1.20184591412544 1.18702366948128 1.16629618406296 1.13296508789062 1.21558991074562 1.22950252890587 1.44850721955299 1.72963678836823 1.79754209518433 1.96853506565094 1.85930514335632 1.50335991382599 1.47752425074577 1.25613239407539 1.12662774324417 1.01458185911179 0.940201252698898 0.886122554540634 0.862977236509323 0.802793383598328 0.711389824748039 0.599569469690323 0.548003911972046 0.550243601202965 0.566362828016281 0.59612350165844 0.588040754199028 0.610766798257828 0.634844586253166
-9999 -9999 -9999 -9999 -9999 -9999 -9999 -9999 -9999 -9999 -9999 -9999 -9999 -9999 -9999 -9999 -9999 -9999 -9999 -9999 2.66667723655701 1.97785609960556 1.36328640580177 0.92387530207634 0.835658758878708 0.913784086704254 0.94958969950676 0.950442552566528 0.957961410284042 0.982409656047821 1.00787463784218 1.05977511405945 1.10674345493317 1.15254226326942 1.18369361758232 1.1308228969574 1.04372826218605 1.17619809508324 1.3068211376667 1.41224008798599 1.55330049991608 1.63167786598206 1.67163795232773 1.8825398683548 1.90142369270325 1.3259055018425 1.08938464522362 1.05258330702782 1.07932153344154 1.04035940766335 0.898064464330673 0.767030417919159 0.780264973640442 0.751851350069046 0.681314751505852 0.62441597878933 0.561873704195023 0.544612124562263 0.517252162098885 0.482038512825966 0.469253316521645
-9999 -9999 -9999 -9999 -9999 -9999 -9999 -9999 -9999 -9999 -9999 -9999 -9999 -9999 -9999 -9999 5.84088349342346 6.06611824035645 6.14817595481873 3.59271705150604 2.84407442808151 1.80201154947281 0.840145468711853 0.718498796224594 0.788208246231079 0.85866791009903 0.828747242689133 0.80732336640358 0.832808822393417 0.870199888944626 0.955155730247498 0.966881543397903 0.932591557502747 0.985518515110016 0.989188849925995 0.949353218078613 0.936100691556931 1.13697463274002 1.38102927803993 1.40466418862343 1.51331698894501 1.58370441198349 1.61015385389328 1.82951545715332 1.94095802307129 1.78191804885864 1.90950483083725 1.82129001617432 1.24770407378674 0.980814278125763 0.96592989563942 0.900781989097595 0.862219154834747 0.81266713142395 0.666303366422653 0.537525862455368 0.513308465480804 0.483369424939156 0.502429515123367 0.521004930138588 0.457590088248253
-9999 -9999 -9999 -9999 -9999 -9999 -9999 -9999 -9999 -9999 -9999 35.2986888885498 35.2986888885498 13.7248649597168 3.5118841614042 1.65156680345535 2.27301245927811 2.50013852119446 2.76511341333389 2.15923494100571 1.88073205947876 1.32978013157845 1.1001213490963 0.898640602827072 0.750858843326569 0.796137660741806 0.81306990981102 0.816211402416229 0.815122693777084 0.799807816743851 0.857080489397049 0.808210015296936 0.777123481035233 0.808640956878662 0.887277245521545 0.901988446712494 0.889546126127243 0.869263887405396 0.94181415438652 0.945119440555573 1.18123814463615 1.60725671052933 1.74456202983856 1.82927083969116 2.38115036487579 2.78446859121323 3.26571786403656 3.52396881580353 3.28577256202698 2.83481401205063 1.57348483800888 1.25771641731262 1.1893156170845 1.08838176727295 1.22779655456543 0.999309808015823 0.720725476741791 0.70526048541069 0.762054920196533 0.721791252493858 0.527017995715141
-9999 -9999 -9999 -9999 -9999 -9999 -9999 -9999 -9999 -9999 -9999 35.2986888885498 6.88276627287269 6.02573013305664 1.1253599524498 1.13223320245743 1.13305342197418 2.30082613229752 19.454835319519 14.8560627937317 1.94729518890381 1.76221567392349 1.34547674655914 0.956267595291138 0.980121463537216 0.898914188146591 0.77830383181572 0.837496072053909 0.800633043050766 0.75669202208519 0.734288334846497 0.653168588876724 0.61255618929863 0.624375700950623 0.596213981509209 0.579313963651657 0.566431358456612 0.54357174038887 0.619411021471024 0.848131746053696 1.0013707280159 1.29885452985764 1.69715130329132 1.8505591750145 2.32552510499954 2.91918236017227 3.66553866863251 4.15769684314728 3.81384694576263 2.51905882358551 1.71355158090591 1.82858723402023 1.89793038368225 1.95360177755356 2.37085747718811 1.86850905418396 1.33911144733429 1.12537828087807 0.955479294061661 0.741264939308167 0.536559909582138
-9999 -9999 -9999 -9999 -9999 -9999 -9999 -9999 -9999 -9999 -9999 -9999 -9999 -9999 5.73738610744476 5.88330721855164 9.30703783035278 7.64567255973816 -9999 -9999 -9999 -9999 -9999 1.15796130895615 1.23517528176308 1.08342584967613 0.834266692399979 0.727583795785904 0.728352293372154 0.708374843001366 0.658168405294418 0.604061499238014 0.596344202756882 0.648116514086723 0.634936049580574 0.607871398329735 0.549166649580002 0.50233219563961 0.498593643307686 0.496040806174278 0.588023990392685 0.836154967546463 1.3398277759552 1.31398344039917 1.21109935641289 1.96509432792664 3.68011271953583 4.57240498065948 4.34300100803375 3.51420342922211 3.10598373413086 2.65179598331451 1.91237658262253 1.29300937056541 0.921025335788727 0.786929994821548 0.7930688560009 0.722009897232056 0.527034759521484 0.419379696249962 0.367805443704128
-9999 -9999 -9999 -9999 -9999 -9999 -9999 -9999 -9999 -9999 -9999 -9999 -9999 -9999 16.6274771690369 16.6274771690369 16.6274771690369 -9999 -9999 -9999 -9999 -9999 -9999 4.94490551948547 4.94490551948547 4.94490551948547 0.308659605681896 1.13291573524475 0.899449467658997 0.791690438985825 0.769021019339561 0.796363860368729 0.747314617037773 0.744824633002281 0.699131101369858 0.650929391384125 0.606717824935913 0.572716489434242 0.561130374670029 0.543502360582352 0.598134443163872 0.790348023176193 0.885617226362228 0.900788962841034 1.17437052726746 1.47647997736931 1.85571366548538 2.4461030960083 2.50840348005295 1.63410955667496 0.744329452514648 0.533127442002296 0.446468129754066 0.431241184473038 0.416718944907188 0.398235037922859 0.383096158504486 0.382140621542931 0.378547221422195 0.348207928240299 0.340584732592106
-9999 -9999 -9999 -9999 -9999 -9999 -9999 -9999 -9999 -9999 -9999 -9999 -9999 -9999 -9999 -9999 -9999 -9999 -9999 -9999 -9999 -9999 -9999 -9999 -9999 -9999 -9999 1.14783717095852 1.26547083258629 1.44997251033783 1.24655520915985 0.966915667057037 0.97826074808836 0.787343949079514 0.726041838526726 0.627941563725471 0.590550184249878 0.546582072973251 0.64161117374897 0.822349727153778 0.749077185988426 0.700326427817345 0.620290338993073 0.477172404527664 0.42650493979454 0.412999033927917 0.57864511013031 0.881095737218857 0.923171371221542 0.55453222990036 0.415622904896736 0.388363301753998 0.374738529324532 0.381225630640984 0.394217357039452 0.399088248610497 0.39075118303299 0.387046068906784 0.381079271435738 0.375512257218361 0.369347490370274
-9999 -9999 -9999 -9999 -9999 -9999 -9999 -9999 -9999 -9999 -9999 -9999 -9999 -9999 -9999 -9999 -9999 -9999 -9999 -9999 -9999 -9999 -9999 -9999 -9999 -9999 -9999 -9999 15.0286116600037 2.55517482757568 1.69730162620544 1.31453108787537 1.18976166844368 0.51431205868721 0.524207442998886 0.537019014358521 0.572487026453018 0.584468051791191 0.547764658927917 0.564762085676193 0.646636873483658 0.658759698271751 0.550291746854782 0.446072861552238 0.407901182770729 0.385013446211815 0.371391177177429 0.366025239229202 0.39990046620369 0.413729041814804 0.406541258096695 0.394852995872498 0.385985478758812 0.3758614808321 0.381409719586372 0.396945655345917 0.3998963534832 0.396485969424248 0.390419214963913 0.397237613797188 0.394734531641006
