EcologicalScience/Bass/data/rs_data_bass/chl_326.asc
NCOLS 226 
NROWS 124 
XLLCORNER -9.41648524995501 
YLLCORNER 47.587301625531 
CELLSIZE 0.0833 
NODATA_value -9999 
[rows 54 to 80 of 124, columns 124 to 185 of 226]
3.24844938516617 3.17796532809734 2.90441007912159 2.93636971712112 2.95621111137526 2.87702020257711 2.97390331327915 2.72271780669689 2.63999351859093 2.36323335766792 2.15992822498083 2.11245527863503 2.20247222483158 2.17621183395386 2.13905094563961 2.24084407091141 2.16272895038128 2.17302588373423 2.43111818570357 2.34747235591595 2.28134668790377 2.32169528190906 2.39582720628152 2.39843832988005 2.41265563322948 2.46652400493622 2.49182935402944 2.67315404231732 3.07530948290458 3.27093040026151 3.34900540571946 3.50786431019123 3.41691834651507 3.11256293150095 2.97823242957775 3.07747108202714 2.71542999744415 2.56137467622757 3.62661395623134 3.46714386573205 3.2386366724968 3.14645650753608 3.13692791186846 3.07911919355392 2.94422018986482 2.93332428657092 2.9252774807123 2.93158677220345 2.97579459633146 3.58994574844837 3.61406783759594 7.34180033683777 7.0180037021637 7.80248737335205 9.18753290176392 16.8206131976584 13.482281088829 19.6421589484582 9.81296545960182 13.0132546744891 7.60719848250201 -9999
3.89122384786606 3.97157992422581 3.71363922953606 3.63776727020741 3.39392998814583 3.4823946505785 3.36312021315098 3.14998169243336 2.66013434529305 2.30743606388569 2.23473931849003 2.21937580406666 2.59544739356408 2.25850670252527 2.20004028081894 2.19042221456766 2.24061869829893 2.36736301864897 2.32783667104585 2.47147371218755 2.4864092698464 2.35294149603163 2.71128847965827 2.78262585401535 2.86793591976166 2.98618937730789 3.06701664282725 3.38440654827998 3.51468586921692 3.46895724534988 3.19422576977656 3.37891903748879 3.22857731580734 3.10512494582396 3.16341339166348 3.05416443256231 3.04382773546072 3.02188331805743 2.86504789957633 2.79753431907067 2.81835958132377 2.8547708437993 2.61849477657905 2.91546385288239 2.95376906394959 3.11529424190521 3.14309324537005 3.22632959910801 3.16483919620514 4.14067011720994 6.18620753288269 7.92100358009338 6.99892091751099 7.32507905539344 6.85794024467468 8.08693742752075 10.5720698833466 -9999 -9999 -9999 -9999 -9999
4.2314493060112 4.22492039203644 4.35164120793343 4.15885980427265 4.0497945100069 3.91155409812927 3.83310452103615 3.34515647803034 2.89709056275231 2.56036165356636 2.32957611978054 2.34128807485104 2.77495551109314 2.48627650737762 2.40629737717765 2.23209939152002 2.34143296735627 2.48959514072963 2.5184819315161 2.97870072951684 2.59746433221377 2.69495021104813 2.97929539680481 3.25209122896194 3.70468026399612 3.58062855005264 3.81946409665621 3.54393403530121 3.55008735565039 3.43116359985792 3.02258033477343 2.98193063185765 3.13888717614687 3.15196244991743 3.16767035997831 2.89346217650634 2.80521008601555 2.56413772014471 2.2705140709877 2.17566563074405 2.40457241810285 2.2979908814797 2.49048456320396 2.72162334918976 3.09144778251648 3.49407577514648 4.12919352335088 3.61072914792884 7.76425647735596 5.43320417404175 5.11107500195503 6.5131560087204 7.09846276985972 6.95582582950592 -9999 -9999 -9999 -9999 -9999 -9999 -9999 -9999
4.81165978312492 4.75968563556671 4.79500751197338 4.72258685529232 4.47195413708687 4.11084949970245 3.82153508067131 3.34476889669895 2.82485473155975 2.64251470565796 2.60737629234791 2.66639010608196 2.85757149755955 3.09893706015178 2.76040761811393 2.64285658938544 2.55652195215225 2.60766775693212 2.64401978680066 2.71772620081902 2.73311375196163 2.90473997134429 3.31019600629807 3.52774554491043 3.89074419736862 3.98958171789463 3.89629425452306 3.71707330942154 3.39213650960189 3.33157804837594 3.14351064425248 3.05747060592358 3.18404887731259 3.03436022538405 2.98831723286555 2.77437074826314 2.4552533351458 2.21333230458773 1.98375741335062 2.11879736643571 2.06078392267227 1.95537075629601 2.40659982424516 2.67152899503708 2.92127137459241 3.47713832855225 4.10312529171214 5.72136465453227 5.46653652191162 8.19961435978229 7.67501488098731 6.43308019638062 6.94095860029522 -9999 -9999 -9999 -9999 -9999 -9999 -9999 -9999 -9999
5.78820486366749 5.51265522149893 5.29211182892323 5.27760149538517 5.25114239752293 4.96181048452854 3.96390429139137 3.39061878621578 3.09573264420033 2.99386112391949 2.85107117891312 2.6962420131479 2.94844259108816 3.47728717752865 3.19160022905895 3.51717600455651 3.63795191901071 3.31547515307154 3.12801624195916 3.04142319304603 2.93200541734695 3.21645344220675 3.31966338707851 3.54792749881744 3.48450447831835 3.74529271040644 3.90318959492904 3.57147725728842 3.21844691496629 3.06534832257491 3.07353076568017 3.0473852111743 3.03978054340069 2.9629096022019 2.66303859307216 2.54228610717333 2.31568625340095 2.02524711535527 1.87725841999054 1.96945482950944 1.77234681294515 1.86879017719856 2.25567179918289 2.69140562185874 3.05724642826961 3.59668869831983 6.35148821205928 9.57289352416992 8.68085426943643 5.30533983157231 6.368495959502 7.14974762843205 48.9531497955322 -9999 -9999 -9999 -9999 -9999 -9999 -9999 -9999 -9999
-9999 4.84579588969549 6.44643813371658 6.03072196245193 5.62589575350285 5.67570881545544 4.8243579864502 4.20206874608994 3.70550309121609 3.48536515235901 3.32167813181877 3.20158757269382 3.24640051275492 2.61197224259377 2.79821172356606 2.95220446586609 3.46570401958057 3.81036397218704 3.91192516088486 4.15509276304926 3.82834239516939 3.75644040107727 3.75903048685619 3.96649404082979 3.7721887588501 3.53660336732864 3.67849468726378 3.47201618781457 3.16990972940738 2.96657037734985 2.9725736287924 2.88804813073232 2.7834403698261 2.74491276190831 2.50551570378817 2.4666026693124 2.27123923026598 2.0118450659972 1.99105368210719 1.77330341247412 1.83141996310307 1.98024469614029 2.4291949730653 3.02702489266029 3.09403114659446 -9999 7.86981785297394 8.87203560425685 11.7817882469722 6.94982411180224 11.7964391543947 56.7228412628174 34.4349621259249 40.6673927307129 -9999 -9999 -9999 -9999 -9999 -9999 -9999 -9999
-9999 -9999 -9999 -9999 -9999 2.28387522697449 5.93208204209805 5.71269159018993 5.09839430451393 4.39920169115067 4.3512208370062 3.50732189416885 3.51977150142193 3.27133360505104 2.70819991827011 1.95072048551896 2.08341182680691 2.50023079970304 2.72903332640143 2.78047427710365 4.14619364057268 4.25518519878387 4.49678581953049 4.32607382535934 4.38150054216385 3.48235100507736 3.43743819456834 3.4187114238739 3.06889861822128 2.82821216033055 2.80730491876602 2.66350517364649 2.62569535237092 2.45280501475701 2.35370352635017 2.24346862847988 1.948065835696 1.87164032000762 1.88548516768676 1.95145713824492 1.87034589969195 2.34966090092292 2.76955486260928 3.46719294327956 4.1044089112963 16.6891204327056 -9999 -9999 -9999 -9999 37.2281223024641 60.0529847145081 37.4297768047878 29.9543598175049 -9999 -9999 -9999 -9999 -9999 -9999 -9999 -9999
-9999 -9999 -9999 -9999 -9999 -9999 -9999 -9999 5.93890975415707 3.38845476508141 3.56125715374947 3.65599523140834 3.55555961813246 3.51538411527872 3.49597755074501 3.34142045463835 3.26092438612665 2.3863977228894 2.88948217560263 3.01767333348592 2.94115650653839 2.83838407198588 2.7447761297226 4.69313733577728 4.82823930978775 3.38527645056064 3.31376633735803 3.41841750878554 3.05596013711049 2.73149247352894 2.53822272557479 2.36738676749743 2.30172023864893 2.21811999265964 2.00867153131045 1.83495434430929 1.84668379563552 1.86241558423409 2.03508512790386 2.09110712088071 2.33808069045727 2.77487252767269 2.7939678132534 3.09412402766092 8.64559663225103 29.0682649612427 -9999 -9999 -9999 -9999 17.548882484436 27.5913164275033 12.9368040826586 19.1413537979126 14.916132413424 16.5249840259552 -9999 -9999 -9999 -9999 -9999 -9999
-9999 -9999 -9999 -9999 -9999 -9999 -9999 -9999 -9999 -9999 4.83988196116227 4.54108944961003 4.27092465987572 4.04034936853818 3.14502088228862 3.15667552749316 2.93480604887009 2.65215080976486 2.5536158233881 3.466267281457 3.12527107565027 2.86161753378416 2.79686186501854 3.60434113740921 3.19207309484482 2.9605473970112 2.64194114506245 3.36037808198195 2.99193990689058 2.77470425000558 2.44621177361562 2.12362300432645 1.96077832350364 1.87387245434981 1.76258398477848 1.81472750351979 1.89575556608347 2.09201286847775 2.19959470400443 2.29404148688683 2.69135371079812 2.9504775083982 3.3644802229745 3.5635452568531 12.4710616735579 -9999 -9999 -9999 -9999 -9999 -9999 -9999 9.47444441478427 13.7112262845039 16.8423671722412 15.1448856762477 10.8786277770996 -9999 -9999 -9999 -9999 -9999
-9999 -9999 -9999 -9999 -9999 -9999 -9999 -9999 -9999 4.3704868555069 5.10675706182207 4.73131869946207 4.49773254990578 4.09763213992119 3.80233763158321 3.83194227729525 3.56284582614899 3.87655334472656 3.41989848017693 3.89073254380907 3.1446021983498 2.62079977989197 2.49757854143779 2.53633113702138 2.56384132305781 2.86029105437429 2.72255168942844 2.64441340811112 2.4735439770362 2.94425670917218 2.26611326749508 2.02032848046376 1.80734997070753 1.76465075749617 1.91934824906863 2.07648734862988 2.21097988348741 2.32337536261632 2.52430419279979 2.71498858011686 2.97585927981597 3.29094878526834 3.52724936178752 3.7939363270998 19.1846921380284 33.0447750091553 -9999 -9999 -9999 10.5263470123554 12.3138557275136 13.9179475307465 11.1847570820859 17.8748854100704 13.3934323310852 12.4037474632263 18.4560701654803 -9999 -9999 -9999 -9999 -9999
-9999 -9999 -9999 -9999 -9999 -9999 -9999 -9999 -9999 -9999 6.00696733364692 5.04212039709091 4.7289540384497 4.47831919363567 4.31497118302754 4.33021323169981 4.51208943128586 4.35153181212289 3.6096496462822 3.63031916958945 3.72472319602966 3.05458095826601 2.86738796296873 2.51963977018992 2.53997812668482 2.67922641729054 2.53001073996226 1.70988689150129 1.61491513252258 1.47412937879562 1.3339746594429 1.24987481321607 1.84869551429382 1.95453621790959 2.07100600004196 2.11250064006219 2.25915587865389 2.40302460468732 2.60413669164364 2.90804695624572 3.30631638490237 3.7601904135484 3.62208572030067 4.23090471940882 8.30313973577277 -9999 -9999 -9999 -9999 -9999 13.319369689278 20.7075358629227 18.1748649358749 14.7573760986328 21.2520411435296 -9999 -9999 -9999 -9999 -9999 -9999 -9999
-9999 -9999 -9999 -9999 -9999 -9999 -9999 -9999 -9999 3.67937564849854 6.99786561727524 5.87391734581727 5.06977404080904 4.9411415372576 4.99042975902557 5.27584525517055 5.43891799449921 5.31578480345862 4.14072569608688 3.46224967922483 3.6401686668396 3.60384804010391 2.70101132832075 2.37981119908785 2.39985524353228 2.46868865113509 1.59703738242388 1.95984292030334 1.6347992675645 1.46346512011119 1.38849523237773 1.94181357897245 2.02188031031535 2.11633999531086 2.19280943045249 2.25756256396954 2.35821538705092 2.5819599536749 2.67997466600858 2.9938588142395 3.38834930317742 3.54901607547488 3.42315385171345 6.28852188702926 3.86466658115387 -9999 -9999 -9999 -9999 -9999 17.683116505655 18.3467416763306 18.7515107989311 13.4264016151428 -9999 -9999 -9999 -9999 -9999 -9999 -9999 -9999
-9999 -9999 -9999 -9999 -9999 -9999 -9999 -9999 -9999 9.52858324050903 7.54531159996986 6.05313351750374 5.84611091443471 5.73621388844081 5.49381246737071 5.06474309308188 4.30134839670999 4.33236956170627 3.7826141161578 3.75836853044374 3.74073732325009 3.46984630823135 3.14817935228348 2.74261694720813 2.60603753583772 2.48205474870546 2.29825024519648 2.04271911382675 1.73524281153312 1.750276943812 1.83750333006565 1.98560838515942 2.24522256621948 2.2799763404406 2.36255382574522 2.42947771916023 2.63745601360614 2.79033646675257 2.90893927904276 3.01270621556502 3.22063950391916 3.90287068911961 2.97437595129013 9.69770913737491 3.86466693878174 -9999 -9999 -9999 -9999 12.1949715614319 -9999 -9999 -9999 -9999 -9999 -9999 -9999 -9999 -9999 -9999 -9999 -9999
-9999 -9999 -9999 -9999 -9999 -9999 -9999 -9999 -9999 8.90769430994987 6.87612798810005 5.92461366836841 5.8238629928002 5.68615744664119 5.19485712902887 4.60039010218212 3.78069910832814 3.86945489900453 3.85008555650711 3.74604707530567 3.3778167281832 3.10848655445235 2.9307673062597 2.70515296288899 2.6229821741581 2.48576997859137 2.34900744897979 1.9782206756728 1.8619941920042 1.89659960911824 1.98369224254902 2.16025534272194 2.38952365746865 2.46139533244647 2.49299832949272 2.55833256703157 2.82724829820486 2.82800168257493 2.76827711325425 2.88787919282913 3.23992479306001 3.78271119594574 6.6606761946607 -9999 -9999 -9999 -9999 -9999 -9999 -9999 -9999 -9999 -9999 -9999 -9999 -9999 -9999 -9999 -9999 -9999 -9999 -9999
-9999 -9999 -9999 -9999 -9999 -9999 -9999 -9999 -9999 7.67666926980019 7.01091551780701 6.64132120976081 6.60919566337879 5.22854166764479 5.26102617808751 5.08319306373596 4.18580705778939 3.71341512884413 3.60250659074102 3.40332103627069 3.11786351885114 2.90792534606797 2.68810897320509 2.79736168895449 2.64386071608617 2.42805757692882 2.27293163537979 1.99999455468995 1.98083313448089 2.04217043748269 2.14079868793488 2.26881590698447 2.24319431558251 2.34911838173866 2.52344957223305 2.65856256393286 2.7735334451382 2.85644298791885 2.87165210338739 2.95515662890214 3.63371624946594 5.10949423664906 11.1630156901946 -9999 -9999 -9999 -9999 -9999 -9999 -9999 -9999 -9999 -9999 -9999 -9999 -9999 -9999 -9999 -9999 -9999 -9999 -9999
-9999 -9999 -9999 -9999 -9999 -9999 -9999 3.28386068344116 5.26254966259003 6.83846989274025 6.86750993132591 6.48489564657211 5.86226226733281 4.76830447637118 4.74753820896149 4.55671127353396 4.27918440955026 3.64035373500415 3.34474219168936 3.01098554900714 2.83471470645496 2.8118006842477 2.74670181104115 2.75073396308081 2.66263932415417 2.49440976289602 2.06889074123823 1.96107025788381 2.00231505357302 2.05676283744665 2.12593340022223 2.23403952213434 2.24214122387079 2.21296145021915 2.25017299130559 2.57889190741948 2.53841828612181 2.84251818486622 3.03390605174578 3.06834085629537 16.5415498290247 5.69786846637726 3.25656187534332 -9999 -9999 -9999 -9999 -9999 -9999 -9999 -9999 -9999 -9999 -9999 -9999 -9999 -9999 -9999 -9999 -9999 -9999 -9999
-9999 -9999 -9999 -9999 -9999 -9999 5.9844988489151 5.18471129123981 5.3461764225593 4.80756324071151 3.78927974139943 6.30434186641986 5.85658470483927 4.39352452754974 3.96672898956708 3.87062430381775 3.80377293910299 3.38315155250686 3.12133811627116 2.83241731779916 2.73063458715166 2.65185239911079 2.60486184699195 2.58449502927916 2.48967507055828 2.44884513105665 2.10336888753451 2.13854189004217 2.16682081563132 2.17433803847858 2.15572498165644 2.28240964045891 2.32757731125905 2.34225544562707 2.43655396424807 2.96433225274086 3.30756857565471 3.48712949241911 3.56812525647027 -9999 -9999 -9999 -9999 -9999 -9999 -9999 -9999 -9999 -9999 -9999 -9999 -9999 -9999 -9999 -9999 -9999 -9999 -9999 -9999 -9999 -9999 -9999
-9999 -9999 -9999 -9999 3.49329379438623 4.63425916625607 5.33937786175655 5.28393489580888 5.42247176170349 4.92436320965107 4.65636651332562 4.8835383103444 4.84471423285348 4.29795241355896 3.84850490518979 3.57451782907758 3.48036296878542 3.07562048160113 2.76088856275265 2.5499713237469 2.44290872556823 2.2577865765645 2.29286236029405 2.26966414084801 2.23534509768853 2.23142683047515 2.24436960312036 2.22176015802792 2.2328523351596 2.29237529864678 2.3781570323876 2.45966455111137 2.57611180841923 2.73305279016495 3.00803365615698 3.12905913591385 3.61827483302669 6.16123477448808 -9999 -9999 -9999 -9999 -9999 -9999 -9999 -9999 -9999 -9999 -9999 -9999 -9999 -9999 -9999 -9999 -9999 -9999 -9999 -9999 -9999 -9999 -9999 -9999
-9999 -9999 -9999 -9999 4.78408668749034 5.34413447231054 5.34376636835245 5.15776802026308 5.24142470955849 4.7838955108936 4.60297060929812 4.77346880946841 4.16441999162946 3.80713608435222 3.55516769630568 3.4035844547408 3.41617536970547 2.95465642639569 2.74116315160479 2.56278865252222 2.32481944135257 2.07010696189744 2.02199098238578 1.98691941052675 2.00702478736639 2.18450939655304 2.22282709066684 2.30747947784571 2.36285175726964 2.54828849434853 2.66990596055984 2.7047218978405 2.87269347906113 2.91886803507805 3.62249764374324 3.74291176455361 4.61704941590627 -9999 -9999 -9999 -9999 -9999 -9999 -9999 -9999 -9999 -9999 -9999 -9999 -9999 -9999 -9999 -9999 -9999 -9999 -9999 -9999 -9999 -9999 -9999 -9999 -9999
-9999 44.5312137816871 4.49190581998517 3.36629030984991 5.07456233024597 5.15605363479027 5.20829013677744 5.22226089697618 4.61951122834132 4.37218167952129 4.4338047674724 4.31540391274861 3.92940307515008 3.72976208158902 3.5135101037366 3.26851156353951 2.86778039165906 2.77463894656726 2.67034242408616 2.47957760095596 2.22242431129728 2.07234388589859 2.01074782013893 2.02795986831188 3.22744183242321 2.29367909981654 2.19885039329529 2.25421631336212 2.4064447581768 2.76633252203465 2.91503858566284 3.0523244291544 3.20910729467869 3.03765694797039 10.1738306335781 7.23647379333323 -9999 -9999 -9999 -9999 -9999 -9999 -9999 -9999 -9999 -9999 -9999 -9999 -9999 -9999 -9999 -9999 -9999 -9999 -9999 -9999 -9999 -9999 -9999 -9999 -9999 -9999
5.33887506723404 5.52931957244873 4.42386345863342 4.35542953014374 5.88894977936378 5.39961848809169 5.22983185144571 5.34946750677549 4.8987932571998 4.82970475233518 4.12517768996103 3.67184916564396 3.78197244235447 3.54981055855751 3.25379879134042 2.93029411349978 2.73430785962514 2.42397004365921 2.26659236209733 2.07738864847592 2.11031340275492 2.09368959494999 2.1961365044117 2.25205834095295 2.40422651171684 2.46216118335724 2.48952382802963 2.5110510289669 2.62060250341892 3.20466582477093 3.2952751070261 3.74476957321167 3.06977379322052 -9999 -9999 -9999 -9999 -9999 -9999 -9999 -9999 -9999 -9999 -9999 -9999 -9999 -9999 -9999 -9999 -9999 -9999 -9999 -9999 -9999 -9999 -9999 -9999 -9999 -9999 -9999 -9999 -9999
6.69088406222207 8.10844099521637 6.12604561218849 6.14407963019151 5.50991664482997 5.53818044295678 5.20581177564768 4.51741471657386 4.62972640074216 4.3499000622676 3.81061835799898 3.87947878667286 3.95250264235905 3.66321643761226 3.22649819510324 3.20597635848182 2.41273214987346 2.10503664187023 1.90539974432725 1.85729495837138 1.97042617627553 1.92605844736099 2.02024558782577 2.3450033813715 2.4288827329874 2.42186895012856 2.56163129210472 2.69022557139397 3.39458709955215 3.60552883148193 3.9088510956083 4.01134882654463 4.42766775534703 8.61981761455536 5.3405979020255 6.65749365271944 -9999 -9999 -9999 -9999 -9999 -9999 -9999 -9999 -9999 -9999 -9999 -9999 -9999 -9999 -9999 -9999 -9999 -9999 -9999 -9999 -9999 -9999 -9999 -9999 -9999 -9999
6.27596131654886 5.97524150518271 6.14560541510582 5.49541414701022 5.97333460587722 5.18278381457696 4.33698094808138 4.18181752241575 3.80175794873919 3.75130145890372 3.91486256463187 3.73937689406531 3.59861465437072 3.19872547898974 3.15698347347123 2.94498928529876 1.96873003670148 1.83440256577272 1.90662563764132 1.90520903238883 1.70970103740692 1.95333685874939 2.20510056385627 2.47340099628155 2.63439385249064 2.53388491272926 2.66272470355034 3.05748672783375 3.58700422140268 3.88822829723358 5.88844955603282 -9999 -9999 -9999 -9999 -9999 -9999 -9999 -9999 -9999 -9999 -9999 -9999 -9999 -9999 -9999 -9999 -9999 -9999 -9999 -9999 -9999 -9999 -9999 -9999 -9999 -9999 -9999 -9999 -9999 -9999 -9999
5.8501310646534 5.85727107524872 5.51221577937786 5.10565104851356 4.87324957664196 4.94221525008862 4.55639486129467 4.53229800554422 5.32852033468393 5.06620648077556 3.53199002572468 2.98103144339153 2.92205542751721 2.82080798915454 2.69251081773213 1.89465831858771 1.89862671068737 1.8271412551403 1.86053983981793 1.96827773864453 2.19935528295381 2.32377998317991 2.43308309146336 2.52307812067179 2.73887498463903 2.71603704988956 2.86362126469612 3.55934690026676 4.30413624644279 4.53125458359718 4.19086298346519 4.01067198514938 -9999 -9999 -9999 -9999 -9999 -9999 40.5054896731875 12.6942715644836 -9999 -9999 -9999 -9999 -9999 -9999 -9999 -9999 -9999 -9999 -9999 -9999 -9999 -9999 -9999 -9999 -9999 -9999 -9999 -9999 -9999 -9999
5.06508076190948 5.03642201423645 5.0236015021801 4.93703760419573 5.16228337036936 4.92884844083052 6.05111521482468 4.58056329763853 4.28113266399929 3.52029104743685 2.78832866038595 2.12922919648034 2.22746218953814 2.3302221255643 2.05235645771027 1.81287413835526 1.7799577832222 1.78535140019197 1.95311585756449 2.32962136085217 2.35058714236532 2.38763429863112 2.57681254403932 2.88287644386291 2.96677823066711 3.48043559579288 3.55590062982896 3.68638982176781 4.03189170360565 3.91127181053162 4.27014807628019 3.42093944549561 -9999 -9999 -9999 -9999 -9999 -9999 -9999 -9999 -9999 -9999 -9999 -9999 -9999 -9999 -9999 -9999 -9999 -9999 -9999 -9999 -9999 -9999 -9999 -9999 -9999 -9999 -9999 -9999 -9999 -9999
-9999 -9999 -9999 -9999 -9999 4.34003937871833 4.68765097856522 4.5623779296875 4.0065227661814 2.39930865168571 1.85660250484943 1.73507660627365 2.02987701978002 2.0208334667342 1.92994599044323 1.7555220246315 1.89973409261022 2.0449101970746 2.15035168482707 2.40061896187919 2.44430245246206 2.72395827514785 2.81670705080032 3.04691784381866 3.36923205852509 4.57230471611023 -9999 -9999 -9999 -9999 -9999 -9999 -9999 -9999 -9999 -9999 -9999 -9999 -9999 -9999 -9999 -9999 -9999 -9999 -9999 -9999 -9999 -9999 -9999 -9999 -9999 -9999 -9999 -9999 -9999 -9999 -9999 -9999 -9999 -9999 -9999 -9999
-9999 -9999 -9999 -9999 -9999 -9999 4.27109071612358 3.76784767210484 2.56271007657051 1.80635049939156 1.6142026335001 1.74642911553383 1.91565729677677 1.90064941559519 1.88406962156296 2.02949451122965 2.13827912296568 2.20674529245922 2.37347822529929 2.59230110049248 2.53144508600235 2.75610880851746 2.90992288589478 3.06343760577644 -9999 -9999 -9999 -9999 -9999 -9999 -9999 -9999 -9999 -9999 -9999 -9999 -9999 -9999 -9999 -9999 -9999 -9999 -9999 -9999 -9999 -9999 -9999 -9999 -9999 -9999 -9999 -9999 -9999 -9999 -9999 -9999 -9999 -9999 -9999 -9999 -9999 -9999
