EcologicalScience/Bass/data/rs_data_bass/chl_508.asc
NCOLS 226 
NROWS 124 
XLLCORNER -9.41648524995501 
YLLCORNER 47.587301625531 
CELLSIZE 0.0833 
NODATA_value -9999 
[rows 0 to 26 of 124, columns 62 to 123 of 226]
-9999 -9999 -9999 -9999 -9999 -9999 -9999 -9999 -9999 -9999 -9999 -9999 -9999 -9999 -9999 -9999 -9999 -9999 -9999 -9999 -9999 -9999 -9999 -9999 -9999 -9999 -9999 -9999 -9999 -9999 -9999 -9999 -9999 -9999 -9999 -9999 -9999 -9999 -9999 -9999 -9999 -9999 -9999 -9999 -9999 -9999 -9999 -9999 -9999 -9999 -9999 -9999 -9999 -9999 -9999 -9999 -9999 -9999 -9999 -9999 -9999 -9999
-9999 -9999 -9999 -9999 -9999 -9999 -9999 -9999 -9999 -9999 -9999 -9999 -9999 -9999 -9999 -9999 -9999 -9999 -9999 -9999 -9999 -9999 -9999 -9999 -9999 -9999 -9999 -9999 -9999 -9999 -9999 -9999 -9999 -9999 -9999 -9999 -9999 -9999 -9999 -9999 -9999 -9999 -9999 -9999 -9999 -9999 -9999 -9999 -9999 -9999 -9999 -9999 -9999 -9999 -9999 -9999 -9999 -9999 -9999 -9999 -9999 -9999
-9999 -9999 -9999 -9999 -9999 -9999 -9999 -9999 -9999 -9999 -9999 -9999 -9999 -9999 -9999 -9999 -9999 -9999 -9999 -9999 -9999 -9999 -9999 -9999 -9999 -9999 -9999 -9999 -9999 -9999 -9999 -9999 -9999 -9999 -9999 -9999 -9999 -9999 -9999 -9999 -9999 -9999 -9999 -9999 -9999 -9999 -9999 -9999 -9999 -9999 -9999 -9999 -9999 -9999 -9999 -9999 -9999 -9999 -9999 -9999 -9999 -9999
-9999 -9999 -9999 -9999 -9999 -9999 -9999 -9999 -9999 -9999 -9999 -9999 -9999 -9999 -9999 -9999 -9999 -9999 -9999 -9999 -9999 -9999 -9999 -9999 -9999 -9999 -9999 -9999 -9999 -9999 -9999 -9999 -9999 -9999 -9999 -9999 -9999 -9999 -9999 -9999 -9999 -9999 -9999 -9999 -9999 -9999 -9999 -9999 -9999 -9999 -9999 -9999 -9999 -9999 -9999 -9999 -9999 -9999 -9999 -9999 -9999 -9999
-9999 -9999 -9999 -9999 -9999 -9999 -9999 -9999 -9999 -9999 -9999 -9999 -9999 -9999 -9999 -9999 -9999 -9999 -9999 -9999 -9999 -9999 -9999 -9999 -9999 -9999 -9999 -9999 -9999 -9999 -9999 -9999 -9999 -9999 -9999 -9999 -9999 -9999 -9999 -9999 -9999 -9999 -9999 -9999 -9999 -9999 -9999 -9999 -9999 -9999 -9999 -9999 -9999 -9999 -9999 -9999 -9999 -9999 -9999 -9999 -9999 -9999
-9999 -9999 -9999 -9999 -9999 -9999 -9999 -9999 -9999 -9999 -9999 -9999 -9999 -9999 -9999 -9999 -9999 -9999 -9999 -9999 -9999 -9999 -9999 -9999 -9999 -9999 -9999 -9999 0.63735419511795 1.34416665925699 1.08639998821651 0.91224764901049 0.813020546646679 1.20468646008521 1.16199507191777 0.894679367542267 0.807341820001602 0.819062680006027 0.80028583407402 0.783235800266266 0.761594891548157 0.770146769285202 0.672983639873564 0.666423755697906 0.640010456554592 0.662681261077523 0.668774228543043 0.621547526679933 0.581601474434137 0.602489341981709 0.651175824925303 0.650702867656946 0.56181681342423 0.582766428589821 0.565913483500481 0.531953826546669 0.552446439862251 0.550555273890495 0.536242708563805 0.534941658377647 0.533560186624527 0.526276350021362
-9999 -9999 -9999 -9999 -9999 -9999 -9999 -9999 -9999 -9999 -9999 -9999 -9999 -9999 -9999 -9999 -9999 -9999 -9999 -9999 -9999 -9999 -9999 -9999 -9999 -9999 1.18186515569687 1.0627324283123 1.967526025497 1.45167064316133 1.44224948901683 1.19470806699246 0.87630370259285 0.875492697954178 0.897131991386414 0.913829702138901 0.889653271436691 0.870526307821274 0.889619433879852 0.729631374590099 0.730505417101085 0.736912574619055 0.755949852056801 0.762136721983552 0.759940294548869 0.763331523165107 0.714156657457352 0.608273972757161 0.608158713206649 0.652370134368539 0.540433079004288 0.532992720603943 0.546357169747353 0.570296064019203 0.564503535628319 0.561903238296509 0.559407129883766 0.541887924075127 0.527126267552376 0.524705946445465 0.528954729437828 0.528591081500053
-9999 -9999 -9999 -9999 -9999 -9999 -9999 -9999 -9999 -9999 -9999 -9999 -9999 -9999 -9999 -9999 -9999 -9999 -9999 -9999 -9999 -9999 -9999 -9999 -9999 -9999 1.18186515569687 2.25296776434954 2.03638839020449 1.58502402305603 1.34410206079483 1.14792239665985 1.03221698403358 0.974438846111298 0.97280478477478 0.974283343553543 0.944858032464981 0.975293140858412 0.979734621942043 0.913339871168137 0.897468465566635 0.968690484762192 0.76921868417412 0.740606982260942 0.748738484457135 0.759431077167392 0.696252962574363 0.652631395496428 0.657428498379886 0.640993994660676 0.582311257719994 0.576494544744492 0.564172178506851 0.570823714137077 0.574460700154305 0.56361024081707 0.545099094510078 0.544287160038948 0.545675039291382 0.547888532280922 0.563833981752396 0.573150545358658
-9999 -9999 -9999 -9999 -9999 -9999 -9999 -9999 -9999 -9999 -9999 -9999 -9999 -9999 -9999 -9999 -9999 -9999 -9999 -9999 -9999 -9999 -9999 -9999 -9999 -9999 1.74011913754723 1.4699826836586 1.46364101171494 1.40019636154175 1.30054305791855 1.24556837677956 1.2583722949028 1.13492751121521 1.06250699162483 1.06512286067009 1.07311598062515 1.01824053525925 0.986434483528137 0.969517850875854 0.817770704627037 0.828864681534469 0.832283522933722 0.79554348718375 0.765432693064213 0.70848077069968 0.652450170367956 0.644768136553466 0.638412879779935 0.643972671590745 0.648826014250517 0.658532747067511 0.64137030299753 0.622610360383987 0.608976270072162 0.599110499024391 0.601596623659134 0.588905408978462 0.54954394698143 0.550651639699936 0.566249117255211 0.58484736084938
-9999 -9999 -9999 -9999 -9999 -9999 -9999 -9999 -9999 -9999 -9999 -9999 -9999 -9999 -9999 -9999 -9999 -9999 -9999 -9999 -9999 -9999 -9999 -9999 -9999 1.19121462106705 1.67491942330411 1.23417994379997 1.51202948093414 1.54944446086884 1.47623353004456 1.39697543382645 1.29671522378921 1.20813269615173 1.17961313128471 1.23713194131851 1.19081212282181 1.09689236283302 0.893374035134912 0.864622676745057 0.863602724857628 0.867915404029191 0.848096002824605 0.808281845413148 0.765595614910126 0.735481359064579 0.676527706906199 0.660828832536936 0.655324059538543 0.633725604973733 0.613846197724342 0.623851971700788 0.619972866028547 0.601130090653896 0.594236869364977 0.600883316248655 0.568647866137326 0.543985800817609 0.507175393402576 0.522389858961105 0.543864384293556 0.516399525571615
-9999 -9999 -9999 -9999 -9999 -9999 -9999 -9999 -9999 -9999 -9999 -9999 -9999 -9999 -9999 -9999 -9999 -9999 -9999 -9999 -9999 -9999 -9999 -9999 -9999 1.20737016052008 1.48037751632578 1.35621215490734 1.15100420638919 1.11031039617956 0.983050945927115 1.38305166959763 1.35131701231003 1.2852287709713 1.27625797986984 1.03323076106608 1.02469456102699 0.959504649974406 0.89251421391964 0.865272978320718 0.853695273399353 0.832216124050319 0.803922163322568 0.779538413509727 0.753879616968334 0.726330192759633 0.715154810808599 0.689981033094227 0.638339443132281 0.622549991123378 0.618678904138505 0.620164914987981 0.584008530713618 0.585163358598948 0.587079109624028 0.572369880974293 0.54983610380441 0.526979816146195 0.521360370330513 0.518520105164498 0.51796393096447 0.526957761961967
-9999 -9999 -9999 -9999 -9999 -9999 -9999 -9999 -9999 -9999 -9999 -9999 -9999 -9999 -9999 -9999 -9999 -9999 -9999 -9999 -9999 -9999 -9999 -9999 1.31647038459778 1.49686414003372 1.38762771732667 1.25333789516898 1.32345093972981 1.66149249076843 1.47495886087418 1.45999647378922 1.40999474525452 1.25586496591568 0.948327859863639 0.885147104971111 0.859714094549417 0.80926909867455 0.84835165925324 0.811127099208534 0.797284126281738 0.77342863753438 0.742623310536146 0.726771019399166 0.716060634702444 0.705493365414441 0.690637405961752 0.670108060352504 0.645845264196396 0.633679177612066 0.626904230564833 0.59617268666625 0.581414021551609 0.544423506595194 0.545640871860087 0.535224976949394 0.546668666414917 0.5442805881612 0.531735812779516 0.52276695985347 0.525532624684274 0.531421217601746
-9999 -9999 -9999 -9999 -9999 -9999 -9999 -9999 -9999 -9999 -9999 -9999 -9999 -9999 -9999 -9999 -9999 -9999 -9999 -9999 -9999 -9999 -9999 1.50594073534012 1.86441332101822 1.52130096800187 1.83268551826477 1.76966373920441 1.70811299085617 1.5092227935791 1.48412308692932 1.4283385515213 1.41155347824097 1.3916254401207 1.39108974933624 0.842575879767537 0.812009755522013 0.796652801334858 0.769653663039207 0.766522759571671 0.766454472206533 0.7524597896263 0.738015412352979 0.729906608350575 0.735701467841864 0.710592996329069 0.692242663353682 0.670502744615078 0.653926592320204 0.630845599807799 0.56617534160614 0.555923029780388 0.544875949621201 0.571860272437334 0.569997726939619 0.566514973528683 0.576639784500003 0.571372020989656 0.54045591596514 0.53088344167918 0.531288715079427 0.533309225924313
-9999 -9999 -9999 -9999 -9999 -9999 -9999 -9999 -9999 -9999 -9999 -9999 -9999 -9999 -9999 -9999 -9999 -9999 -9999 -9999 -9999 -9999 2.53462935789772 2.2956711587153 1.95962804555893 1.39141136407852 1.91844210773706 1.77380366325378 1.71013495922089 1.69649028778076 1.53277903795242 1.52460438013077 0.933719778433442 0.955385573208332 0.970631478354335 0.862890058755875 0.838588851690292 0.825338393449783 0.764662960544229 0.770281512290239 0.797117102891207 0.800990109331906 0.797444622963667 0.787149103358388 0.77713552583009 0.731622412800789 0.704735440202057 0.689769194461405 0.694551095366478 0.685718419030309 0.577979356050491 0.581208080053329 0.670935943722725 0.675734348595142 0.671081319451332 0.654794764705002 0.606489946134388 0.613190590403974 0.580003187991679 0.548923930618912 0.545042651239783 0.54436993226409
-9999 -9999 -9999 -9999 -9999 -9999 -9999 -9999 -9999 -9999 -9999 -9999 -9999 -9999 -9999 -9999 -9999 -9999 -9999 -9999 2.64602583646774 4.82951465249062 2.71404877129723 2.62654756097233 1.97568563503378 1.3432866422569 1.24980446696281 1.22344240546227 1.23254087567329 1.03078103251755 0.963795550167561 0.97281183488667 0.987418374046683 0.993420051410794 0.934505414962769 0.921137964725494 0.864797258377075 0.856636118888855 0.858353078365326 0.892931997776031 0.929028695821762 0.858767011335918 0.83013887490545 0.816543766430446 0.784012690186501 0.737986207008362 0.732857391238213 0.722382922656834 0.695672552101314 0.674512292258441 0.66303004603833 0.700407352298498 0.746047385036945 0.816172678023577 0.77530906163156 0.70375903788954 0.683207491412759 0.672118613496423 0.624345643445849 0.583157362416387 0.56570809520781 0.527982905507088
-9999 -9999 -9999 -9999 -9999 -9999 -9999 -9999 -9999 -9999 -9999 -9999 -9999 -9999 -9999 -9999 -9999 -9999 -9999 -9999 2.41859893814687 2.41067805886269 2.12730242224301 1.78896140351015 1.51928846450413 1.39068743937156 1.28283225931227 1.34502133727074 1.27100369334221 1.21011450886726 1.09533393383026 1.10618445277214 1.03822855864252 1.00126813054085 0.992470639944076 0.934001684188843 0.902220648527145 0.894091200828552 0.902211183309555 0.918301993608475 0.905352371079581 0.87006505046572 0.838499128818512 0.847999888658523 0.820607070411955 0.812663759504046 0.796753994056157 0.795939598764692 0.788537340504783 0.769282132387161 0.657151684165001 0.64743584394455 0.637098535895348 0.620321616530418 0.590036332607269 0.602216988801956 0.600216299295425 0.593797728419304 0.593290954828262 0.572381481528282 0.553308837115765 0.552876032888889
-9999 -9999 -9999 -9999 -9999 -9999 -9999 -9999 -9999 -9999 -9999 -9999 -9999 -9999 -9999 -9999 -9999 -9999 -9999 2.82763954997063 2.71119567104008 2.24031893585039 1.87149421374003 1.67413319150607 1.41055348866126 1.29266489669681 1.24969378486276 1.15387167781591 1.10952554270625 1.10969746671617 1.09053213894367 1.08933588010924 1.04301192079272 1.00028457641602 0.986993443965912 0.960293197631836 0.960782742500305 0.953982853889465 0.945576603923525 0.95084234220641 0.929781509297235 0.906383897577013 0.872423210314342 0.834871300629207 0.782786250114441 0.75192209652492 0.770496623856681 0.777057256017412 0.766334857259478 0.781247390168054 0.799240325178419 0.766341805458069 0.749909737280437 0.764805666037968 0.771549991198948 0.641308918595314 0.617130726575851 0.621100008487701 0.621392861008644 0.611460417509079 0.581952527165413 0.546331331133842
-9999 -9999 -9999 -9999 -9999 -9999 -9999 -9999 -9999 -9999 -9999 -9999 -9999 -9999 -9999 -9999 -9999 5.40204101800919 5.08448696136475 2.73954917036969 2.40034400789361 2.15860478187862 1.97956129751707 1.94461444020271 1.48326991125941 1.36495097726583 1.24270390346646 1.1961970590055 1.17959750443697 1.17456023208797 1.09304156899452 1.04894457118852 1.03895278062139 1.02442225813866 0.995250338315964 1.01662554740906 0.993058460950851 0.937742586646761 0.942453478063856 0.935926462922777 0.914494399513517 0.899014604943139 0.875827661582402 0.842550209590367 0.824457368680409 0.825916043349675 0.80379581451416 0.767118828637259 0.774638056755066 0.777437976428441 0.789161388363157 0.776874495404107 0.75450199842453 0.75977548956871 0.750036158732006 0.720923015049526 0.727573245763779 0.717844413859504 0.679409463490759 0.674579424517495 0.693941882678441 0.584842026233673
-9999 -9999 -9999 -9999 -9999 -9999 -9999 -9999 -9999 -9999 -9999 -9999 -9999 -9999 -9999 -9999 -9999 6.11656174063683 2.36564569920301 2.37014491483569 2.23628080263734 2.10151769220829 1.85035068914294 1.60357662476599 1.42077310569584 1.40150570310652 1.35334384068847 1.27835200354457 1.2668879237026 1.16193049550056 1.14017711366926 1.08915472882135 1.04292009983744 1.03957327604294 0.994118905067444 0.915630561113357 0.947822451591492 0.958229702711105 0.940791210957936 0.932312109640666 0.929436219590051 0.914403127772467 0.886589859213148 0.864579600947244 0.86075376187052 0.835982948541641 0.881497675180435 0.924513810873032 0.905834645032883 0.952078062295914 0.763443870203836 0.761134092296873 0.752718968050821 0.749953329563141 0.747293523379735 0.716602512768337 0.709113689405578 0.710704552275794 0.690636136702129 0.670124249798911 0.653905263968876 0.644185123699052
-9999 -9999 -9999 -9999 -9999 -9999 -9999 -9999 -9999 -9999 -9999 -9999 -9999 -9999 -9999 -9999 -9999 -9999 -9999 2.29876917600632 2.06009536609054 1.99312148988247 1.88436439633369 1.66760781407356 1.54204136878252 1.49231409095228 1.42431546002626 1.38117153011262 1.31247763548579 1.23396792156356 1.1411857008934 1.06147218602044 0.99897511942046 1.05782154798508 0.996807509660721 0.926666086912155 0.899835922888347 0.923683673143387 0.944924150194441 0.958521851471492 0.951443629605429 0.943284796816962 0.940219389540809 0.919503808021545 0.866512732846396 0.845329527344022 0.834435607705797 1.23954437971115 1.33519786596298 0.861677782876151 0.845990104334695 0.826438805886677 0.803502853427615 0.776623772723334 0.762166538408824 0.739220163651875 0.722564782415118 0.727850139141083 0.720030912331172 0.680786567074912 0.658264485853059 0.624834901520184
-9999 -9999 -9999 -9999 -9999 -9999 -9999 -9999 -9999 -9999 -9999 -9999 -9999 -9999 -9999 3.43210293506754 5.9788493514061 2.17629213894115 2.2063009031117 2.13330775871873 1.79132641238325 1.51260540448129 1.48342917859554 1.59458993375301 1.68547330610454 1.54527338594198 1.48350472189486 1.54200046509504 1.31770761609077 1.25040774260248 1.11953358139311 1.07793417998723 1.07164624333382 1.51773149967194 1.29828228354454 1.01781683564186 0.966106194257736 1.00384610295296 0.994451918772289 0.983623317309788 0.988145968743733 1.02234307357243 1.00303888320923 0.909003240721566 0.920004206044333 1.02869812250137 1.23568211197853 2.59225103259087 0.908798102821623 0.906715137617929 0.88413000532559 0.866474734885352 0.845377513340541 0.818262704781124 0.789344148976462 0.780923008918762 0.765509911945888 0.748993724584579 0.752258024045399 0.704050298248019 0.66722846031189 0.644251182675362
-9999 -9999 -9999 -9999 -9999 -9999 -9999 -9999 -9999 -9999 35.2986888885498 35.2986888885498 13.7248649597168 2.03552220761776 2.61484676599503 2.48876184225082 2.26868361234665 2.1361283659935 2.2780174612999 2.25402349233627 1.9721314907074 1.66206391900778 1.662368780002 1.62396053038538 1.55781996063888 1.50859827362001 1.4600401930511 1.46670483350754 1.48556573390961 1.42099566459656 1.12703480039324 1.02381126369749 1.08596672415733 1.11349714994431 1.11336313486099 1.0766543507576 1.03494616150856 1.0155390381813 1.02432417869568 1.11617803573608 1.15094029903412 1.13464605808258 1.00731807947159 0.999880390507834 0.998003048556192 0.971673156533922 0.959636207137789 0.958205363580159 0.954575044768197 0.924288702862603 0.898995063134602 0.873904351677213 0.794066663299288 0.778985406671252 0.836279089961733 0.791105926036835 0.775151469877788 0.771023729017803 0.766742067677634 0.704908975533077 0.672624617815018 0.670627432210105
-9999 -9999 -9999 -9999 -9999 -9999 -9999 -9999 -9999 -9999 35.2986888885498 5.21764365211129 3.29846929013729 2.87287513911724 2.74365794658661 3.2040981054306 3.36649107933044 10.1765527153015 9.90488859226829 3.15301453215735 2.25367342494428 2.05299869179726 1.8250030875206 1.69020986557007 1.5781829059124 1.51746883615851 1.7140430688858 1.63149302346366 1.50876977613994 1.41859030723572 1.20253964832851 1.09275869812284 1.1958162009716 1.07877163290977 1.02615105509758 1.02834362536669 1.022079374109 1.01969011340823 1.00779636842864 0.986623202051435 1.36575967073441 1.05185916168349 1.06335868580001 1.03529617616108 1.08258303574153 1.13697363649096 0.994257624660219 1.04022854140827 0.980145501238959 0.93398557816233 0.910647243261337 0.880728478942599 0.843705986227308 0.771829720054354 0.718611193554742 0.640334027154105 0.672841614910535 0.739029215914862 0.699244379997253 0.665019163063594 0.775586116313934 0.788959655165672
-9999 -9999 -9999 -9999 -9999 -9999 -9999 -9999 -9999 -9999 -9999 -9999 -9999 3.41826935112476 3.29656979441643 3.22838862240314 7.71303749084473 -9999 -9999 -9999 -9999 -9999 1.89551928639412 2.03956499695778 2.14986450970173 1.75953528285027 1.72122892737389 9.09648782014847 5.44768120561327 1.72751066514424 1.25466221145221 1.17992029871259 1.10470839909145 1.06365524871009 0.995162729706083 0.994370239121573 1.02138592089925 1.06271596465792 1.07647559472493 1.04957150561469 1.03565684386662 1.06530351723943 1.0692469903401 1.05580287746021 1.04377748710769 1.02767466647284 1.00956386753491 0.928437837532588 0.934856695788247 0.947120125804629 0.93025507245745 0.875325117792402 0.845464672361101 0.79533988237381 0.840444841555187 0.847013022218432 0.813131179128374 0.799801085676466 0.67346288561821 0.724404381854194 0.708358986037118 0.71166746531214
-9999 -9999 -9999 -9999 -9999 -9999 -9999 -9999 -9999 -9999 -9999 -9999 -9999 16.6274771690369 16.6274771690369 16.6274771690369 -9999 -9999 -9999 -9999 -9999 -9999 4.94490551948547 4.94490551948547 4.94490551948547 0.308659605681896 2.12369433045387 1.64585119485855 1.4329762160778 1.27803214532988 1.26061775003161 1.18183483396258 1.07138024057661 1.08288217868124 1.10572061368397 1.08218373145376 1.06618600232261 1.0598093186106 1.02397409081459 1.03648463743074 1.03721644622939 1.09389857309205 1.06088480779103 1.04909681848117 1.0962562635541 1.12295807898045 1.09489168971777 1.00931488190378 1.15591589467866 1.27095485585076 1.07388095344816 1.03132664731571 0.84519864831652 0.833152617727007 0.890580807413374 0.892883739301137 0.844079809529441 0.841039292514324 0.829574145376682 0.753169298171997 0.736111687762397 0.775386725153242
-9999 -9999 -9999 -9999 -9999 -9999 -9999 -9999 -9999 -9999 -9999 -9999 -9999 -9999 -9999 -9999 -9999 -9999 -9999 -9999 -9999 -9999 -9999 -9999 -9999 -9999 1.84040934741497 1.97896462678909 1.7450253367424 1.57669624686241 1.18718332477978 1.14991887286305 1.13335581868887 1.32166414707899 1.17303395271301 1.15777188539505 1.10530215501785 1.0555776655674 1.00329980254173 0.978405386209488 0.983229160308838 0.985648691654205 1.02824419140816 1.00682981610298 0.945198706218174 0.922169029712677 0.909760581595557 0.909093758889607 0.941685932023185 0.95622741324561 1.15654488546508 1.13653703672545 1.0504486645971 0.985842589821134 0.910531295197351 0.875054406268256 0.881270234073911 0.91475476537432 0.833075919321605 0.807078033685684 0.805178812571934 0.825542283909662
-9999 -9999 -9999 -9999 -9999 -9999 -9999 -9999 -9999 -9999 -9999 -9999 -9999 -9999 -9999 -9999 -9999 -9999 -9999 -9999 -9999 -9999 -9999 -9999 -9999 -9999 -9999 -9999 2.5679104924202 2.46153348684311 2.38722506538033 1.89029005345176 1.78664211315267 1.42254485102261 1.17177135628812 1.08770906925201 1.09035705029964 1.18193478137255 1.06450287997723 1.01209639012814 1.00672029852867 0.975692641735077 0.992334014177322 0.900263620274407 0.901814160602433 0.893906542233058 0.878374023096902 0.93457778436797 0.967546028750283 1.03010764122009 1.18764811328479 1.10391257490431 1.06767023461206 0.990730570895331 1.05300155282021 1.05178579688072 0.936628920691354 0.87696733219283 0.83705369915281 0.813684288944517 0.787284940481186 0.776221096515656
