EcologicalScience/Bass/data/rs_data_bass/chl_369.asc
NCOLS 226 
NROWS 124 
XLLCORNER -9.41648524995501 
YLLCORNER 47.587301625531 
CELLSIZE 0.0833 
NODATA_value -9999 
[rows 81 to 107 of 124, columns 62 to 123 of 226]
3.85158455371857 5.97498106956482 7.6620512008667 7.66205191612244 -9999 -9999 -9999 -9999 -9999 -9999 -9999 -9999 -9999 -9999 -9999 -9999 -9999 -9999 -9999 -9999 -9999 -9999 -9999 -9999 -9999 -9999 -9999 -9999 -9999 -9999 -9999 -9999 -9999 -9999 -9999 -9999 -9999 -9999 -9999 -9999 -9999 -9999 -9999 -9999 -9999 -9999 -9999 -9999 -9999 -9999 -9999 -9999 -9999 -9999 -9999 -9999 -9999 -9999 -9999 -9999 -9999 -9999
3.20062163732584 -9999 -9999 -9999 -9999 -9999 -9999 -9999 -9999 -9999 -9999 -9999 -9999 -9999 -9999 -9999 -9999 -9999 -9999 -9999 -9999 -9999 -9999 -9999 -9999 -9999 -9999 -9999 -9999 -9999 -9999 -9999 -9999 -9999 -9999 -9999 -9999 -9999 -9999 -9999 -9999 -9999 -9999 -9999 -9999 -9999 -9999 -9999 -9999 -9999 -9999 -9999 -9999 -9999 -9999 -9999 -9999 -9999 -9999 -9999 -9999 -9999
-9999 -9999 -9999 -9999 -9999 -9999 -9999 -9999 -9999 -9999 -9999 -9999 -9999 -9999 -9999 -9999 -9999 -9999 -9999 -9999 -9999 -9999 -9999 -9999 -9999 -9999 -9999 -9999 -9999 -9999 -9999 -9999 -9999 -9999 -9999 -9999 -9999 -9999 -9999 -9999 -9999 -9999 -9999 -9999 -9999 -9999 -9999 -9999 -9999 -9999 -9999 -9999 -9999 -9999 -9999 -9999 -9999 -9999 -9999 -9999 -9999 -9999
-9999 -9999 -9999 -9999 -9999 -9999 -9999 -9999 -9999 -9999 -9999 -9999 -9999 -9999 -9999 -9999 -9999 -9999 -9999 -9999 -9999 -9999 -9999 -9999 -9999 -9999 -9999 -9999 -9999 -9999 -9999 -9999 -9999 -9999 -9999 -9999 -9999 -9999 -9999 -9999 -9999 -9999 -9999 -9999 -9999 -9999 -9999 -9999 -9999 -9999 -9999 -9999 -9999 -9999 -9999 -9999 -9999 5.13485445096655 3.92565498632543 2.77904267907143 2.69372100234032 1.83972244262695
-9999 -9999 -9999 -9999 -9999 -9999 -9999 -9999 -9999 -9999 -9999 -9999 -9999 -9999 -9999 -9999 -9999 -9999 -9999 -9999 -9999 -9999 -9999 -9999 -9999 -9999 -9999 -9999 -9999 -9999 -9999 -9999 -9999 -9999 -9999 -9999 37.1749906539917 -9999 3.23125283420086 3.1189094543457 -9999 -9999 2.08893318474293 2.13808871399273 1.74440124359998 1.69573857567527 1.8402896956964 1.85808891599829 1.90939162536101 1.6212150237777 2.18737126248223 2.59503978490829 -9999 -9999 -9999 3.46067557551644 3.42356612465598 3.02734133330258 2.06287168914622 2.31177948117256 1.828030950748 1.57308587661156
-9999 -9999 -9999 -9999 -9999 -9999 -9999 -9999 -9999 -9999 -9999 -9999 12.001266002655 1.83994204076854 1.99548696945695 1.28299653530121 1.13463594592535 1.01860947012901 1.12509450316429 -9999 -9999 -9999 -9999 -9999 -9999 -9999 -9999 -9999 2.47528678178787 2.3114626288414 2.53609230885139 2.80696015357971 -9999 3.66949796676636 -9999 -9999 -9999 -9999 3.00488630208102 2.6452297243205 2.27720719034022 1.82366718487306 2.03145328435031 1.72006791830063 1.65316206758673 1.91591005027294 1.53819484331391 1.54948296872052 1.44451611692255 1.63416902043603 2.06724552674727 2.34029305523092 2.52107454429973 2.41985309665853 1.95403091311455 1.81248541474342 2.74010682106018 1.95377646501248 2.03352529268998 1.89839486663158 1.33001177225794 1.1593137383461
-9999 -9999 -9999 -9999 -9999 -9999 -9999 -9999 -9999 -9999 30.1616798569174 1.90839070081711 1.65375024080277 1.42562299966812 1.32894676923752 1.32281929254532 1.38966697454453 1.22345079825475 1.20886129370103 1.46733639389277 1.46279302239418 -9999 1.99638771309572 2.04515178501606 2.03504790365696 -9999 -9999 2.21888206402461 2.29823347500392 2.26166781357356 2.5039554476738 2.59611365795136 2.4480756180627 2.6560070514679 -9999 -9999 3.11881088237373 3.15028738975525 2.50472035191276 2.34066227349368 2.14575067975304 1.92930556427349 2.14509799388739 2.42524211108685 2.34059764444828 1.57906511696902 1.57681002941999 1.44173780354587 1.43897338888862 1.56708885864778 1.90959931612015 1.86590031981468 1.61924025145444 1.66432047486305 1.82210528254509 1.77369316495382 1.64158221850028 1.36400073766708 1.35104771171297 1.32774193372045 0.746366583875247 0.755748510360718
-9999 -9999 -9999 -9999 -9999 -9999 -9999 -9999 -9999 1.80861627597075 1.61269717324864 1.48288080909035 1.27603775262833 1.22564175724983 1.52804078026251 1.64944150231101 1.88195569135926 1.9365154132247 1.90312593258344 1.24285557440349 1.3944718048853 2.36392213168897 1.91345546337274 2.02279680967331 1.78496926105939 1.8681710511446 1.93934597969055 2.05341738462448 1.98973541259766 2.04681088924408 2.07255462408066 2.37945574522018 2.57719510251825 2.66936546022242 2.85072546345847 3.13827479969371 3.16232924027876 2.93311830542304 2.61564708839763 2.50859069824219 2.30506770177321 2.21203085550895 1.87293424514624 1.63663185101289 1.93203275312077 1.78685303709724 1.61228105000087 1.75717985630035 1.47213793488649 1.42620707245973 1.38951911605321 1.34651394532277 1.23249258674108 1.18628320097923 0.865560561418533 1.2805680334568 1.15456409007311 1.23100827634335 1.17724910378456 0.636347029071588 0.726184141906825 0.732909894802354
-9999 -9999 -9999 -9999 -9999 -9999 -9999 -9999 -9999 1.80018845200539 1.4611092209816 1.37684547901154 1.04450890421867 1.45521435954354 1.55794355815107 0.943896770477295 1.487749677438 1.54010094358371 1.65679119641964 1.75479584015333 1.4643709728351 1.65907259400074 1.70765415430069 1.67404972761869 1.78446204845722 1.93801077604294 1.78486499190331 1.44050018702235 1.44239359029702 1.4517214511122 1.91958274841309 2.45793006420135 2.54725875637748 2.07990477979183 2.59200609814037 2.62425857240503 2.73868640444495 2.67017330906608 2.6482986591079 2.5479179945859 2.39612056992271 1.98304072710184 1.90769022703171 1.83906935561787 1.37407536231554 1.27679862196629 0.831819746643305 1.61752003202072 1.37376234852351 1.31495757057117 1.27686858635682 0.856518186628819 0.856987997889519 0.658508266721453 0.672855441059385 1.05536354581515 1.10445181652904 0.670399696989493 0.679961381988092 0.765926893268313 0.718653815713796 0.838894173502922
-9999 -9999 -9999 -9999 -9999 -9999 -9999 -9999 -9999 1.43299475312233 1.33162426948547 1.17172023653984 1.16276210546494 0.918090409040451 0.928184109926224 0.777121341228485 0.811540005298761 1.14423837406295 1.25613907405308 1.2438101215022 1.49221029877663 1.52630698680878 1.69837378263473 1.62486104552562 1.6746420443058 1.38149805665016 1.13096576241347 1.3331709929875 1.23480813090618 1.29653248649377 1.40023112935679 1.38901251554489 1.34550864994526 1.80859504640102 1.76491941511631 2.34547059644352 2.39288379387422 2.47358457066796 2.47604209184647 2.41665562716397 1.97523254156113 1.52130431853808 1.1356452293694 1.10793910548091 1.1711448260716 1.05367491021752 0.845822509378195 0.770040091127157 0.74776266887784 0.704993706196547 0.70467740111053 0.722417509183288 0.593016520142555 0.63086239354951 0.647486246057919 0.670742569225175 0.620470843531869 0.641995579004288 0.636421509764411 0.652062673460354 0.711529493331909 0.742238521575928
1.4471430182457 1.49242427945137 0.947967007756233 1.16002348065376 -9999 -9999 -9999 2.79975916510043 1.43447828292847 1.6802665699612 1.00294416546822 0.979208189249039 0.976628357172012 0.984385401010513 0.73171412696441 1.28450064999717 0.777233217771237 0.700498287166868 0.714769497513771 1.19958897573607 0.788477461785078 0.999372226851327 1.00657687783241 0.735098977883657 0.732818618416786 0.710281988978386 0.714986185232798 0.755608881513278 0.758510202169418 0.851438969373703 0.836781111856302 1.5312365118195 1.6001807898283 1.70345855504274 1.83819350600243 1.38524771007625 2.15117571570656 2.13764124024998 1.59389095008373 1.53107032924891 1.07423100247979 1.03662756773142 0.920593975111842 0.895677410066128 0.910723121836782 0.920113306492567 0.816533362492919 0.755164509639144 0.719129417091608 0.635281716074262 0.63756214933736 0.645810120872089 0.671838635578752 0.664513906607261 0.648789212107658 0.661416534866605 0.612111958590421 0.61935867369175 0.620237588882446 0.813713918511684 0.639601285968508 0.638046645692417
0.76765650510788 0.696286767721176 0.818056493997574 0.990939736366272 0.940806084871292 0.926426015402141 0.91645073890686 1.31866496801376 0.994109606742859 1.24682212959636 1.42280669103969 1.41168237545274 1.42950353622437 0.786569227774938 1.28201497346163 0.707217497751117 0.867284685373306 0.724335587024689 0.704963850975037 0.721205565333366 0.712775062769651 0.751130238175392 0.724718101322651 0.712587793960291 0.738074606832336 0.699382195870082 0.70238125572602 0.707639262080193 0.729128169516722 0.733681763211886 0.746391924719016 0.777704852322737 0.984777253121138 0.77340481536729 1.07784685492516 1.30702009610832 1.33211401104927 1.17336972802877 1.05883603141858 0.839932574467225 0.933575944467024 0.754889549179511 0.691115442663431 0.696933740749955 0.708981201052666 0.711999295279384 0.709780113771558 0.701278790831566 0.948317697644234 0.711322110146284 0.632422302450453 0.800474658608437 0.673389200653349 0.651618323155812 0.658349907823971 0.683310225605965 0.71613621711731 0.681074700676478 0.662183077289508 0.699644317993751 0.677370831370354 0.674725592136383
0.660032987594604 0.646171581745148 0.661037409305573 0.794670730829239 0.687411856651306 0.715839612483978 0.764971643686295 1.05749539895491 0.88241612369364 1.00484087250449 1.21878882497549 1.22874453663826 0.686222425661981 1.29190339012579 0.832343727350235 0.828549152612686 0.835459291934967 0.758752780035138 0.737301176413894 0.594253547051374 0.596110240501516 0.660449345906576 0.580514261765139 0.620617776044777 0.579220552529607 0.679446086287498 0.772375608745374 0.791522209581576 0.818990330947073 0.819314497081857 0.819496228506691 0.805478350112313 0.623575408669079 0.613471424754928 0.785639176766078 0.796428183093667 0.789035076275468 0.760011468082666 0.719198629260063 0.675278159124511 0.824881370772015 0.733384836803783 0.695041496020097 0.679520627483726 0.612292259931564 0.562736570835114 0.582753219774791 0.843746767594264 0.839214697480202 0.656517429011209 0.659320835556303 0.648906731179782 0.63124193251133 0.633687321628843 0.677061438560486 0.633908978917382 0.645699115736144 0.658503695176198 0.654324528116446 0.670734537335543 0.723951824686744 0.773070606318387
0.605102494359016 0.544166579842567 0.564892995357513 0.558919301629066 0.595742142626217 0.578245443105698 0.603019648790359 0.696568578481674 0.720973736047745 0.794716340303421 0.616156929172575 0.67793963290751 0.654056631959975 0.631825969554484 0.744125638157129 0.591770959397157 0.742487860953107 0.750516532975085 0.61682050426801 0.625233471393585 0.609819489366868 0.654517763853073 0.669054198265076 0.6114285637935 0.626561599473158 1.00241699069738 0.862151227891445 0.798647606059125 0.798347697446221 0.826982010351984 0.845457146042272 0.860843115731289 0.850291098418989 0.89099658476679 0.825881723095389 0.716670194640756 0.720450287684798 0.74221582710743 0.74253504909575 0.461317660716864 0.866065263748169 0.879684269428253 0.688894088972699 0.673026152632453 0.664270705410412 0.694915499005999 0.613646130476679 0.617076330951282 0.602678120136261 0.622760998351233 0.610590953912054 0.607650320444788 0.60786147415638 0.655363593782697 0.720494142600468 0.739886588670991 0.661348155953667 0.68454547226429 0.704899350350553 0.732571034268899 0.850145759907636 0.94434256716208
0.576120987534523 0.536804047226906 0.534799990057945 0.529024249315262 0.440643286163157 0.357763779434291 0.518599444627762 0.496963602304459 0.50556375682354 0.589467400312424 0.665120452642441 0.577031543850899 0.572645065459338 0.554291875524954 0.523178620263934 0.525351595133543 0.442664612084627 0.527428507804871 0.606471398702035 0.624622783981837 0.611518432314579 0.626737719544998 0.76342551112175 0.641718660791715 0.643776968121529 0.775241106748581 1.06287751346827 1.01573174446821 0.852908082698521 0.881141593581752 0.717701062560081 0.706785258124856 0.706149511477526 0.669947418219903 0.838112413883209 0.85137483051845 0.847450911998749 0.853524314505713 0.863988544259753 0.851576054468751 0.879460483789444 0.918827533721924 0.752820217609405 0.9140276231549 0.88360627672889 0.84979479692199 0.76433861042772 0.718341305851936 0.703116653220994 0.630922411169325 0.624638135944094 0.681134709945092 0.648369976452419 0.690679155967452 0.710730797865174 0.787642405791716 0.860510173169049 0.959143736145713 1.50024980306625 1.48008204996586 1.53633826375008 1.54325222156265
0.584494262933731 0.581274509429932 0.52369396686554 0.517176368832588 0.49704644382 0.477289447188377 0.496632251143456 0.496532943844795 0.464770836755633 0.503826706725008 0.49691100944491 0.54938522929495 0.555682227015495 0.537485381419008 0.520140490748666 0.467173595912755 0.503613173961639 0.522445678710938 0.561579242348671 0.567966218178089 0.569532703894835 0.576259089203981 0.56845340018089 0.604626297950745 0.636234464744727 0.688057832419872 0.805584344424699 1.06755486130714 1.01473988592625 0.885210737586021 0.913372874259949 0.784284345367376 0.905528157949448 0.935382932424545 0.881242926631655 0.87540032182421 0.868383535317012 0.844286658934185 0.864663988351822 0.941589897329157 0.821525449936207 0.809424315180097 1.11362147331238 1.20610821247101 1.02756041714123 0.884441931139339 0.768263494426554 0.740946222628866 0.719378990622667 0.668025519985419 0.685374626091548 0.780371120342842 0.692532485181635 1.08367298046748 1.15424089630445 1.26656235257785 1.5920038819313 1.87715401252111 2.13699104388555 1.99405261874199 1.83281231468374 3.67478657345618
0.667262762784958 0.511862707138061 0.508387145400047 0.508967489004135 0.479140347242355 0.447819405794144 0.450164559483528 0.450817704200745 0.485097693169818 0.475196852403529 0.472108635832282 0.535945374857296 0.523530473763293 0.51887380128557 0.503633127971129 0.495728511701931 0.532988369464874 0.501434817910194 0.571138439270166 0.510015651583672 0.521063789725304 0.803110003471375 0.883329731225967 0.654548265432057 0.755383692289654 1.08889497701938 1.11331556852047 1.11588031741289 1.32147967815399 1.32466823856036 0.98139675706625 0.967770367860794 1.15544354489871 1.34980010134833 1.45412564277649 1.33435879009111 0.957476824522018 0.878783340964999 0.861554912158421 0.959216172044927 0.929816739125685 0.824413827487401 1.02950215881521 1.01973133466461 1.00700753075736 0.853566667863301 0.752296523614363 0.755138645117933 0.77984454144131 0.754850043491884 0.726225002110005 1.0326671898365 1.08211823304494 1.22211600343386 1.34079490105311 1.57415423790614 2.64599769741949 -9999 -9999 -9999 -9999 -9999
0.479275313019752 0.478573355078697 0.485762998461723 0.474743196368217 0.502968741314752 0.500228251729693 0.446038210391998 0.454989787936211 0.452405780553818 0.447686465347514 0.432931350544095 0.431155448779464 0.430454403162003 0.534878607500683 0.529139452359893 0.536719285629012 0.55389042198658 0.477890603244305 0.52125883102417 0.66583829961325 0.863532167673111 0.927516031265259 1.0265404343605 1.05591418147087 1.13722860217094 1.13231377188976 1.18374720215797 1.34428031821 1.24722456618359 1.33539080619812 1.07909824297978 1.07036083019697 1.44497075251171 1.75762328931264 2.03772016933986 1.2959072291851 1.06233634267535 0.959196222679956 0.853137463331223 0.938903990116986 0.613327076801887 0.755954111997898 1.17556762966243 1.1337194388563 1.05896429040215 0.855471155860207 0.714422921339671 0.813968653028662 0.835020246830854 0.965262001210993 1.01071248813109 1.18927182753881 1.32057535919276 3.54017079493095 1.55967809528601 -9999 -9999 -9999 -9999 -9999 -9999 -9999
0.438169100880623 0.42589915394783 0.440486592054367 0.445758295059204 0.435896155238152 0.410774096846581 0.420031556859612 0.56136466562748 0.45380539894104 0.473996519165881 0.454327438026667 0.446629327721894 0.427510539069772 0.483985189880644 0.524764371189204 0.535940326177157 0.552491639669125 0.524061799049377 0.548617442448934 1.0121773660183 1.01872018575668 1.0467103600502 1.0761450111866 1.10781029462814 0.851061461787475 1.13847861119679 1.20282859297899 1.27073484200698 1.20308968637671 -9999 -9999 -9999 -9999 -9999 -9999 3.14426672458649 1.45655746261279 1.02977922984532 0.856102660298347 0.948951055606206 0.977694966576316 0.908052506771955 1.02872789447958 1.19653581489216 1.06034805016084 1.00737308914011 1.14254760146141 0.897239473733035 0.891937705603513 1.08483262766491 1.15882955627008 1.44152695753358 1.38544130867178 1.9762424826622 1.97624230384827 -9999 -9999 -9999 -9999 -9999 -9999 -9999
0.427742555737495 0.422700101137161 0.437558847665787 0.43366414308548 0.443133300542831 0.437555786967278 0.430346198379993 0.425841453671455 0.431449952721596 0.425830954313278 0.453091169397036 0.463112416366736 0.461333182950815 0.468977756798267 0.552225643625626 0.577811823441432 0.480609372258186 0.493429218729337 0.562128546337287 1.15154327452183 1.01287182569504 1.06444453597069 1.00508231520653 0.872396138153578 0.920038447568291 0.942581101467735 1.1945633021268 1.25684237480164 1.22739532962441 -9999 -9999 -9999 -9999 -9999 -9999 -9999 3.32405606141457 2.01881465741566 0.975260108709335 0.968931496143341 0.923670361439387 0.897582083940506 0.887114256620407 1.15225970474156 0.926336238781611 1.02804756164551 1.21126466095448 1.34193839728832 1.45351438522339 1.7400655567646 1.99233525395393 1.46763323111968 -9999 -9999 -9999 -9999 -9999 -9999 -9999 -9999 -9999 -9999
0.445907452276775 0.472121249352183 0.424947139620781 0.432521070043246 0.426381580531597 0.431098334491253 0.524286942048506 0.526965442299843 0.537643504142761 0.39807648264936 0.48084811369578 0.483903368314107 0.482718532284101 0.488727753361066 0.53119445219636 0.55011228791305 0.528192048271497 0.508753761649132 0.67507425107454 1.27774955828985 0.901475507458416 1.09095984968272 1.07496626810594 0.752290186782678 0.873550909130197 0.944043546915054 1.267823104675 1.24451436508786 1.27170882775233 -9999 -9999 -9999 -9999 -9999 -9999 -9999 2.83460624401386 2.6074887239016 2.06429012005146 1.6869749824206 1.34801718592644 1.12142959982157 1.07829976826906 1.32735843211412 1.739173181355 1.36417150497437 1.23670348525047 1.17715246081352 1.19451385438442 1.67063397710974 2.15953516960144 2.6498218124563 4.9533096918693 -9999 -9999 -9999 -9999 -9999 -9999 -9999 -9999 -9999
0.434286296367645 0.453820202213067 0.379398755729198 0.402181126177311 0.445211505889893 0.451140400767326 0.548657861351967 0.561383700370789 0.573948732018471 0.509917604923248 0.566514453291893 0.539393338561058 0.61875564455986 0.525678229682586 0.521075267876898 0.514704175293446 0.496584317513875 0.525220317145189 0.583090171217918 0.736442644487728 0.794840390031988 0.647936736995524 0.687107603658329 1.05783436979566 1.34011048674583 1.33903744220734 1.36637575924397 1.3240047544241 1.46626869761027 1.52222342903797 -9999 -9999 -9999 -9999 -9999 -9999 -9999 3.76037949323654 2.85524931550026 4.06103244168418 1.70247727632523 1.70400689542294 1.84874005615711 2.42465302348137 2.135318800807 2.01868070662022 1.93280925750732 1.80814697742462 1.75401059389114 2.63107516765595 3.13703656196594 3.53423865274949 5.5248042383378 -9999 -9999 -9999 -9999 -9999 -9999 -9999 -9999 -9999
0.389873631298542 0.390105005353689 0.484222163756688 0.387507744133472 0.31802511960268 0.495992581049601 0.60163109600544 0.513818302750587 0.534502664208412 0.55933530330658 0.536471611261368 0.560384351015091 0.586062759160995 0.543229495485624 0.532195463776588 0.52092365672191 0.523113633195559 0.531520158052444 0.476551486895635 0.491211929000341 0.53651220202446 0.318487510085106 1.00621907114983 1.29696227312088 1.36548501253128 1.34954661726952 1.43609122588084 1.43143572257115 1.46184913928692 1.52251466191732 -9999 -9999 -9999 -9999 -9999 -9999 -9999 -9999 -9999 -9999 -9999 -9999 -9999 -9999 -9999 -9999 3.65490746498108 2.34212793003429 3.27986290454865 3.15245843927066 -9999 -9999 -9999 -9999 -9999 -9999 -9999 -9999 -9999 -9999 -9999 -9999
0.378584258258343 0.362830124795437 0.357697125524282 0.507150242726008 0.304355632513762 0.595624604395458 0.52566801905632 0.528651866316795 0.536050409078598 0.547333306074143 0.591823798418045 0.592283955216408 0.581142303347588 0.576436792810758 0.584980267100036 0.542104316254457 0.591592445969582 0.510175055265427 0.500092515349388 0.524752798676491 0.508486144244671 0.894781046292998 0.980759032747962 2.60879766941071 -9999 -9999 1.54609956060137 1.39347305664649 1.39721319079399 1.44797283411026 1.59429329633713 -9999 -9999 -9999 -9999 -9999 -9999 -9999 -9999 -9999 -9999 -9999 -9999 -9999 -9999 -9999 -9999 -9999 -9999 -9999 -9999 -9999 -9999 -9999 -9999 -9999 -9999 -9999 -9999 -9999 -9999 -9999
0.400322634726763 0.369321372359991 0.362461879849434 0.353326119482517 0.630358182958194 0.643022041235651 0.518653640151024 0.557569152116776 0.574436265230179 0.644963759183884 0.614330077171326 0.644030570983887 0.69708976149559 0.675208747386932 0.613695183396339 0.628427103161812 0.661692500114441 0.55090979039669 0.538959163427353 0.545382454991341 0.837115425955165 0.89312708242373 0.988119607621973 1.27479272851577 1.33898522853851 1.29008648395538 1.48685685013022 1.31866243710885 1.25107496976852 1.29270923137665 1.660854190588 2.45305588147412 -9999 -9999 -9999 -9999 -9999 -9999 -9999 -9999 -9999 -9999 -9999 -9999 -9999 -9999 -9999 -9999 -9999 -9999 -9999 -9999 -9999 -9999 -9999 -9999 -9999 -9999 -9999 -9999 -9999 -9999
0.416137889027596 0.392479497939348 0.382454998791218 0.404967002570629 0.56356708590801 0.44284725934267 0.525047439336777 0.53290359377861 0.565818458795547 0.573019236326218 0.684596592729742 0.804478534497321 0.651786401867867 0.717731267213821 0.696647509932518 0.686763697862625 0.60627358853817 0.601752609014511 0.595874699950218 0.588952481746674 0.88824365762147 1.31516117602587 1.37835992127657 1.33465020473187 1.24279403686523 1.42659363379845 1.37926631019666 1.30302745103836 1.39685449004173 0.964541566371918 1.25287066698074 1.51130622625351 -9999 -9999 -9999 -9999 -9999 -9999 -9999 -9999 -9999 -9999 -9999 -9999 -9999 -9999 -9999 -9999 -9999 -9999 -9999 -9999 -9999 -9999 -9999 -9999 -9999 -9999 -9999 -9999 -9999 -9999
0.431016001850367 0.436855506151915 0.515065546219165 0.537970259785652 0.487214997410774 0.542966511845589 0.543972814083099 0.56625420153141 0.607586324214935 0.958217223485311 0.965665131807327 0.906410157680511 1.00995743503937 0.814309322834015 1.08453639596701 0.67542074918747 0.640540346503258 0.632019755244255 0.6437579870224 0.550833862561446 0.869959554888985 1.39358065277338 1.34083512425423 1.51536881178617 1.57029644506318 1.52822265028954 1.51831230521202 1.26453378796577 1.33783608133143 1.45383073886236 1.46111825108528 -9999 -9999 -9999 -9999 -9999 -9999 -9999 -9999 -9999 -9999 -9999 -9999 -9999 -9999 -9999 -9999 -9999 -9999 -9999 -9999 -9999 -9999 -9999 -9999 -9999 -9999 -9999 -9999 -9999 -9999 -9999
