EcologicalScience/Bass/data/rs_data_bass/chl_212.asc
NCOLS 226 
NROWS 124 
XLLCORNER -9.41648524995501 
YLLCORNER 47.587301625531 
CELLSIZE 0.0833 
NODATA_value -9999 
[rows 0 to 26 of 124, columns 62 to 123 of 226]
-9999 -9999 -9999 -9999 -9999 -9999 -9999 -9999 -9999 -9999 -9999 -9999 -9999 -9999 -9999 -9999 -9999 -9999 -9999 -9999 -9999 -9999 -9999 -9999 -9999 -9999 -9999 -9999 -9999 -9999 -9999 -9999 -9999 -9999 -9999 -9999 -9999 -9999 -9999 -9999 -9999 -9999 -9999 -9999 -9999 -9999 -9999 -9999 -9999 -9999 -9999 -9999 -9999 -9999 -9999 -9999 -9999 -9999 -9999 -9999 -9999 -9999
-9999 -9999 -9999 -9999 -9999 -9999 -9999 -9999 -9999 -9999 -9999 -9999 -9999 -9999 -9999 -9999 -9999 -9999 -9999 -9999 -9999 -9999 -9999 -9999 -9999 -9999 -9999 -9999 -9999 -9999 -9999 -9999 -9999 -9999 -9999 -9999 -9999 -9999 -9999 -9999 -9999 -9999 -9999 -9999 -9999 -9999 -9999 -9999 -9999 -9999 -9999 -9999 -9999 -9999 -9999 -9999 -9999 -9999 -9999 -9999 -9999 -9999
-9999 -9999 -9999 -9999 -9999 -9999 -9999 -9999 -9999 -9999 -9999 -9999 -9999 -9999 -9999 -9999 -9999 -9999 -9999 -9999 -9999 -9999 -9999 -9999 -9999 -9999 -9999 -9999 -9999 -9999 -9999 -9999 -9999 -9999 -9999 -9999 -9999 -9999 -9999 -9999 -9999 -9999 -9999 -9999 -9999 -9999 -9999 -9999 -9999 -9999 -9999 -9999 -9999 -9999 -9999 -9999 -9999 -9999 -9999 -9999 -9999 -9999
-9999 -9999 -9999 -9999 -9999 -9999 -9999 -9999 -9999 -9999 -9999 -9999 -9999 -9999 -9999 -9999 -9999 -9999 -9999 -9999 -9999 -9999 -9999 -9999 -9999 -9999 -9999 -9999 -9999 -9999 -9999 -9999 -9999 -9999 -9999 -9999 -9999 -9999 -9999 -9999 -9999 -9999 -9999 -9999 -9999 -9999 -9999 -9999 -9999 -9999 -9999 -9999 -9999 -9999 -9999 -9999 -9999 -9999 -9999 -9999 -9999 -9999
-9999 -9999 -9999 -9999 -9999 -9999 -9999 -9999 -9999 -9999 -9999 -9999 -9999 -9999 -9999 -9999 -9999 -9999 -9999 -9999 -9999 -9999 -9999 -9999 -9999 -9999 -9999 -9999 -9999 -9999 -9999 -9999 -9999 -9999 -9999 -9999 -9999 -9999 -9999 -9999 -9999 -9999 -9999 -9999 -9999 -9999 -9999 -9999 -9999 -9999 -9999 -9999 -9999 -9999 -9999 -9999 -9999 -9999 -9999 -9999 -9999 -9999
-9999 -9999 -9999 -9999 -9999 -9999 -9999 -9999 -9999 -9999 -9999 -9999 -9999 -9999 -9999 -9999 -9999 -9999 -9999 -9999 -9999 -9999 -9999 -9999 -9999 -9999 -9999 -9999 0.63735419511795 0.947151915435373 1.29918652772903 0.595125004649162 0.622983768582344 0.579200997948647 0.560318991541862 0.544058486819267 0.467194497585297 0.685682237148285 0.626520752906799 0.598842009902 0.696299269795418 0.530279248952866 0.523652985692024 0.567978009581566 0.660209253430367 0.637437745928764 0.56793974339962 0.514818012714386 0.476126253604889 0.460888490080833 0.483559504151344 0.47714401781559 0.474521264433861 0.477531015872955 0.480943500995636 0.386711239814758 0.291671253740788 0.313823997974396 0.238851003348827 0.23447024077177 0.235075503587723 0.229213491082191
-9999 -9999 -9999 -9999 -9999 -9999 -9999 -9999 -9999 -9999 -9999 -9999 -9999 -9999 -9999 -9999 -9999 -9999 -9999 -9999 -9999 -9999 -9999 -9999 -9999 -9999 1.18186515569687 1.0627324283123 1.63967344164848 1.16899274289608 0.880596019327641 0.774686627089977 0.729804754257202 0.74118147790432 0.749069228768349 0.65422198176384 0.64300873875618 0.631631255149841 0.729514494538307 0.708566978573799 0.579858005046844 0.598212763667107 0.534340515732765 0.583388239145279 0.671785488724709 0.649913236498833 0.572601735591888 0.553433999419212 0.480081751942635 0.421829268336296 0.438132762908936 0.426349505782127 0.38766074180603 0.381660014390945 0.409143000841141 0.388613998889923 0.404433757066727 0.323523759841919 0.232490994036198 0.228219754993916 0.230021998286247 0.204613499343395
-9999 -9999 -9999 -9999 -9999 -9999 -9999 -9999 -9999 -9999 -9999 -9999 -9999 -9999 -9999 -9999 -9999 -9999 -9999 -9999 -9999 -9999 -9999 -9999 -9999 -9999 1.18186515569687 1.29660225659609 1.15091322362423 0.919377386569977 0.914267599582672 0.834595866501331 0.721929006278515 0.71652826666832 0.67239448428154 0.61260974407196 0.539280742406845 0.522853508591652 0.557027265429497 0.568780481815338 0.553050756454468 0.578784987330437 0.566679731011391 0.623959511518478 0.586011752486229 0.534138008952141 0.509253770112991 0.54467399418354 0.550440743565559 0.45194698870182 0.39283575117588 0.374680504202843 0.338360242545605 0.353973738849163 0.353310003876686 0.36498299986124 0.387000739574432 0.32667899876833 0.264447011053562 0.23098124563694 0.227141261100769 0.222890250384808
-9999 -9999 -9999 -9999 -9999 -9999 -9999 -9999 -9999 -9999 -9999 -9999 -9999 -9999 -9999 -9999 -9999 -9999 -9999 -9999 -9999 -9999 -9999 -9999 -9999 -9999 2.66075587478177 0.628752384334803 0.892483502626419 0.588075365871191 0.576015941798687 0.592336490750313 0.632895022630692 0.595190271735191 0.640916258096695 0.580293729901314 0.429777011275291 0.453960746526718 0.398656502366066 0.458909243345261 0.494295001029968 0.512868002057076 0.467461511492729 0.465469479560852 0.398550018668175 0.314121007919312 0.460489511489868 0.480917260050774 0.438493520021439 0.358008742332458 0.285750009119511 0.282572999596596 0.298364996910095 0.296455509960651 0.310680739581585 0.359236501157284 0.36082649230957 0.299441993236542 0.263531260192394 0.237599261105061 0.233048245310783 0.243071995675564
-9999 -9999 -9999 -9999 -9999 -9999 -9999 -9999 -9999 -9999 -9999 -9999 -9999 -9999 -9999 -9999 -9999 -9999 -9999 -9999 -9999 -9999 -9999 -9999 -9999 1.19121462106705 1.08213102221489 0.837004110217094 0.586077757179737 0.479106388986111 0.494085922837257 0.454684495925903 0.453926235437393 0.582937493920326 0.672764986753464 0.62424673140049 0.550526261329651 0.448953732848167 0.457111492753029 0.454773768782616 0.379893019795418 0.358845010399818 0.341811753809452 0.306750006973743 0.297133505344391 0.318520501255989 0.397191748023033 0.538316980004311 0.387808486819267 0.352723494172096 0.308197505772114 0.281174249947071 0.241137742996216 0.231361493468285 0.236621998250484 0.249610505998135 0.264147743582726 0.256051495671272 0.242704510688782 0.242888242006302 0.264983251690865 0.283055998384953
-9999 -9999 -9999 -9999 -9999 -9999 -9999 -9999 -9999 -9999 -9999 -9999 -9999 -9999 -9999 -9999 -9999 -9999 -9999 -9999 -9999 -9999 -9999 -9999 -9999 0.982706844806671 1.02103823423386 0.736075893044472 0.555739872157574 0.572642259299755 0.568059369921684 0.389222994446754 0.471995249390602 0.509234994649887 0.534396752715111 0.553014770150185 0.603558763861656 0.550557732582092 0.52928401529789 0.495776250958443 0.371193744242191 0.327641241252422 0.290773496031761 0.278037004172802 0.266649752855301 0.258663006126881 0.381631504744291 0.373516123741865 0.372598115354776 0.35929200053215 0.232000507414341 0.233934000134468 0.215752489864826 0.232056006789207 0.257666252553463 0.243341244757175 0.243437245488167 0.256611742079258 0.231696009635925 0.266870252788067 0.291949510574341 0.317451752722263
-9999 -9999 -9999 -9999 -9999 -9999 -9999 -9999 -9999 -9999 -9999 -9999 -9999 -9999 -9999 -9999 -9999 -9999 -9999 -9999 -9999 -9999 -9999 -9999 1.31647038459778 0.856497496366501 0.751147761940956 0.529483895748854 0.522560644894838 0.525774758309126 0.523880235850811 0.473652765154839 0.495856493711472 0.516748487949371 0.431480258703232 0.416894271969795 0.485339239239693 0.536295756697655 0.45984148979187 0.434833511710167 0.410198271274567 0.387066766619682 0.359235003590584 0.330938994884491 0.290229745209217 0.311367005109787 0.373321756720543 0.326994750648737 0.286613624542952 0.327558502554893 0.32659800350666 0.370615873485804 0.345199875533581 0.228967510163784 0.302191123366356 0.280537493526936 0.285495758056641 0.2800567522645 0.292863741517067 0.270086623728275 0.26392050459981 0.260830499231815
-9999 -9999 -9999 -9999 -9999 -9999 -9999 -9999 -9999 -9999 -9999 -9999 -9999 -9999 -9999 -9999 -9999 -9999 -9999 -9999 -9999 -9999 -9999 1.50594073534012 0.579575255513191 0.537860244512558 0.534074261784554 0.425451010465622 0.538457628339529 0.494060251861811 0.508670255541801 0.48258376121521 0.527756229043007 0.430086761713028 0.420136481523514 0.463471502065659 0.484267517924309 0.505556255578995 0.554161503911018 0.568509757518768 0.59476500749588 0.525691509246826 0.429813757538795 0.393827229738235 0.369357749819756 0.350059501826763 0.335597991943359 0.337062008678913 0.29068049043417 0.288700506091118 0.251133006066084 0.292396746575832 0.284992255270481 0.277953997254372 0.288675751537085 0.264992628246546 0.309570752084255 0.283952258527279 0.288069739937782 0.29220449924469 0.283172249794006 0.255057379603386
-9999 -9999 -9999 -9999 -9999 -9999 -9999 -9999 -9999 -9999 -9999 -9999 -9999 -9999 -9999 -9999 -9999 -9999 -9999 -9999 -9999 -9999 1.29244747757912 2.00638800859451 1.05096542090178 0.618666753172874 0.595137745141983 0.567723020911217 0.558054015040398 0.537493497133255 0.558065995573997 0.559330478310585 0.516865521669388 0.481484234333038 0.443932503461838 0.501853510737419 0.514732494950294 0.521781742572784 0.531282752752304 0.530293509364128 0.529348477721214 0.514395743608475 0.465782269835472 0.42229275405407 0.39554026722908 0.353365503251553 0.315282002091408 0.305565007030964 0.28889474272728 0.299383498728275 0.295145250856876 0.268731750547886 0.342669010162354 0.278119742870331 0.269404746592045 0.267338246107101 0.26214100420475 0.254484996199608 0.274415999650955 0.278471253812313 0.281297989189625 0.290332496166229
-9999 -9999 -9999 -9999 -9999 -9999 -9999 -9999 -9999 -9999 -9999 -9999 -9999 -9999 -9999 -9999 -9999 -9999 -9999 -9999 2.64602583646774 1.83303145539593 1.62565646767616 1.29014301300049 1.19455820322037 0.651969350874424 0.635805755853653 0.59025751054287 0.639964520931244 0.683299496769905 0.648020267486572 0.622991234064102 0.610468491911888 0.601632758975029 0.545412003993988 0.467107504606247 0.539326518774033 0.546738758683205 0.561862483620644 0.492244496941566 0.458723232150078 0.428589731454849 0.430667996406555 0.426110252737999 0.410887509584427 0.342017255723476 0.299097754061222 0.299616001546383 0.29594399034977 0.285816751420498 0.286248743534088 0.292491741478443 0.368988007307053 0.312559492886066 0.283756501972675 0.294302254915237 0.253111995756626 0.262203246355057 0.245374493300915 0.248419493436813 0.263892754912376 0.274644747376442
-9999 -9999 -9999 -9999 -9999 -9999 -9999 -9999 -9999 -9999 -9999 -9999 -9999 -9999 -9999 -9999 -9999 -9999 -9999 -9999 2.18237538744764 2.10886600613594 2.14624348282814 0.887395888566971 0.71867398917675 0.663312368094921 0.613949239253998 0.631001248955727 0.667623728513718 0.715019255876541 0.678680241107941 0.60835200548172 0.587864264845848 0.568243503570557 0.578154757618904 0.564303740859032 0.472868263721466 0.446904748678207 0.414618730545044 0.386855229735374 0.364402502775192 0.34544775635004 0.347865745425224 0.342700503766537 0.315959259867668 0.30409350246191 0.276551239192486 0.270672753453255 0.263936251401901 0.258797250688076 0.266352005302906 0.27980549633503 0.283412240445614 0.295445993542671 0.275430746376514 0.292755760252476 0.250855751335621 0.211361244320869 0.211091995239258 0.225247003138065 0.21815325692296 0.236443497240543
-9999 -9999 -9999 -9999 -9999 -9999 -9999 -9999 -9999 -9999 -9999 -9999 -9999 -9999 -9999 -9999 -9999 -9999 -9999 1.88673009191241 1.66475303471088 3.95612177252769 0.711571499705315 0.627783000469208 0.601276516914368 0.589160263538361 0.564420014619827 0.590620502829552 0.577739261090755 0.588914483785629 0.58992225676775 0.565112248063087 0.53550973534584 0.545396983623505 0.587140515446663 0.572312235832214 0.535542011260986 0.474265515804291 0.454970240592957 0.409584000706673 0.367148995399475 0.343709997832775 0.336664505302906 0.314073756337166 0.306615740060806 0.294415488839149 0.277986757457256 0.27487425506115 0.274034254252911 0.26376224309206 0.264084756374359 0.252411000430584 0.250663496553898 0.266923494637012 0.261942744255066 0.273410260677338 0.279217258095741 0.267535753548145 0.245363242924213 0.253426752984524 0.25780875235796 0.288824252784252
-9999 -9999 -9999 -9999 -9999 -9999 -9999 -9999 -9999 -9999 -9999 -9999 -9999 -9999 -9999 -9999 -9999 -9999 32.609947681427 1.98156291246414 1.8429172039032 1.34587499499321 1.02522227168083 0.878736019134521 0.885846734046936 0.894305974245071 0.765031456947327 0.701027244329453 0.721237510442734 0.690966010093689 0.510378018021584 0.511887744069099 0.488910019397736 0.506432265043259 0.482534229755402 0.465045019984245 0.475153505802155 0.444749996066093 0.418206006288528 0.396758258342743 0.364073239266872 0.334540508687496 0.324614994227886 0.313742257654667 0.309688501060009 0.307100258767605 0.305473499000072 0.297001495957375 0.265827007591724 0.256289251148701 0.259271241724491 0.2527199909091 0.24422400444746 0.240859508514404 0.245165258646011 0.24719175696373 0.245508000254631 0.243303760886192 0.234882742166519 0.245690993964672 0.243482999503613 0.238930508494377
-9999 -9999 -9999 -9999 -9999 -9999 -9999 -9999 -9999 -9999 -9999 -9999 -9999 -9999 -9999 -9999 -9999 18.8313381547873 3.22804684638977 2.12899482250214 1.64925538748503 1.10580622404814 0.759015161544085 0.91587370634079 0.924572288990021 0.875025719404221 0.871523290872574 0.834408760070801 0.726592496037483 0.711449235677719 0.685355991125107 0.564325511455536 0.463803738355637 0.451181262731552 0.457587763667107 0.468010514974594 0.463573515415192 0.457194730639458 0.446848511695862 0.424526229500771 0.399345740675926 0.379265248775482 0.365476503968239 0.330359995365143 0.320717990398407 0.320889741182327 0.299484752118587 0.275371491909027 0.250176005065441 0.246748499572277 0.254135247319937 0.248905878514051 0.228303752839565 0.227194502949715 0.232616990804672 0.237953245639801 0.254532001912594 0.265039511024952 0.26027474552393 0.277335740625858 0.252849742770195 0.260399244725704
-9999 -9999 -9999 -9999 -9999 -9999 -9999 -9999 -9999 -9999 -9999 -9999 -9999 -9999 -9999 -9999 -9999 -9999 -9999 0.727184757590294 1.5890218578279 1.23393975198269 0.601992756128311 0.620442375540733 0.588209241628647 0.620516985654831 0.630913496017456 0.671991012990475 0.737669259309769 0.618435010313988 0.476767480373383 0.453401237726212 0.37041449546814 0.362750239670277 0.346099510788918 0.447795733809471 0.511398732662201 0.447474002838135 0.430809751152992 0.415861487388611 0.404428482055664 0.398039996623993 0.374498248100281 0.352521009743214 0.289840489625931 0.315720744431019 0.283469259738922 0.28082849085331 0.279396381229162 0.276386249810457 0.274681884795427 0.263024624437094 0.252256494015455 0.215269491076469 0.214902006089687 0.208770744502544 0.250664994120598 0.267479754984379 0.252098254859447 0.264408744871616 0.285453759133816 0.307943254709244
-9999 -9999 -9999 -9999 -9999 -9999 -9999 -9999 -9999 -9999 -9999 -9999 -9999 -9999 -9999 4.13260801978733 6.42026428769274 2.37393631786108 0.901477675884962 5.02215760946274 1.42689829319715 0.951984755694866 0.609721139073372 0.605637386441231 0.65116386115551 0.746678620576859 0.285536259412766 0.365725502371788 0.34349924325943 0.447738736867905 0.389908477663994 0.373173750936985 0.347190745174885 0.353084251284599 0.340808250010014 0.44623951613903 0.516423761844635 0.544624507427216 0.522956237196922 0.469434008002281 0.441926255822182 0.435743987560272 0.411664500832558 0.343609504401684 0.330509260296822 0.286931622773409 0.295352999120951 0.277479752898216 0.278864622116089 0.274488743394613 0.263543631881475 0.252243384718895 0.24694349616766 0.246764626353979 0.23845012485981 0.262099876999855 0.230456247925758 0.231865871697664 0.242150623351336 0.278754003345966 0.291575253009796 0.150992251932621
-9999 -9999 -9999 -9999 -9999 -9999 -9999 -9999 -9999 -9999 35.2986888885498 35.2986888885498 13.7248649597168 2.24573685867446 3.69356115907431 1.69261944293976 2.22987216711044 1.45852875709534 1.06451062113047 0.886258140206337 2.01384197473526 4.09369440078735 0.693573005497456 0.751636125147343 0.699715845286846 0.613939136266708 0.398529008030891 0.4021837413311 0.415057495236397 0.408027738332748 0.408545270562172 0.398139730095863 0.387057736515999 0.389372259378433 0.41559599339962 0.462893977761269 0.536957994103432 0.610332012176514 0.531909003853798 0.47553451359272 0.440163016319275 0.404186993837357 0.36371473968029 0.331556998193264 0.282234750688076 0.276842996478081 0.286583259701729 0.297335252165794 0.280690871179104 0.271505624055862 0.253817997872829 0.25475512817502 0.251910746097565 0.257410503923893 0.269496370106936 0.254626505076885 0.253021124750376 0.258096747100353 0.253689754754305 0.148332003504038 0.171088501811028 0.179149501025677
-9999 -9999 -9999 -9999 -9999 -9999 -9999 -9999 -9999 -9999 35.2986888885498 5.50113822354211 11.0525822639465 7.99796628952026 6.55626140534878 8.30247918516397 1.53955874485629 2.66267922278997 6.55763508276184 2.17159006876104 5.21642861916469 2.48483945131302 1.23419803380966 0.459897950291634 0.507272444665432 0.517172232270241 0.580363132059574 0.363830253481865 0.405122235417366 0.413790017366409 0.447266265749931 0.406027480959892 0.392976745963097 0.370022244751453 0.339503243565559 0.391995012760162 0.417609751224518 0.443322747945786 0.431629478931427 0.390880510210991 0.358868256211281 0.344793006777763 0.326688006520271 0.303457506000996 0.280561499297619 0.283871255815029 0.286946251988411 0.270327754318714 0.262191742658615 0.275320496410131 0.268265996128321 0.268028620630503 0.276902630925179 0.279201373457909 0.28124925121665 0.285175502300262 0.279813375324011 0.282429378479719 0.282358501106501 0.285364497452974 0.181115996092558 0.181483503431082
-9999 -9999 -9999 -9999 -9999 -9999 -9999 -9999 -9999 -9999 -9999 -9999 10.4695346758261 30.9057271242142 21.6235500812531 6.47405441907736 -9999 -9999 -9999 -9999 -9999 -9999 4.2243542522192 1.41686773300171 1.16340907982418 1.70488607883453 0.588382132351398 0.375476270914078 0.374031744897366 0.429568514227867 0.463257014751434 0.463546514511108 0.416223764419556 0.389649733901024 0.395085766911507 0.457262992858887 0.417986243963242 0.37295550853014 0.338547751307487 0.328310251235962 0.320499010384083 0.310031242668629 0.298297494649887 0.290046751499176 0.285827994346619 0.281432256102562 0.278932504355907 0.271895259618759 0.271933503448963 0.261593990027905 0.277959376573563 0.287814002484083 0.294756755232811 0.296371132135391 0.292817249894142 0.297601506114006 0.29518086835742 0.285214874893427 0.279642384499311 0.284873619675636 0.285774003714323 0.281021252274513
-9999 -9999 -9999 -9999 -9999 -9999 -9999 -9999 -9999 -9999 -9999 -9999 -9999 16.6274771690369 16.6274771690369 16.6274771690369 -9999 -9999 -9999 -9999 -9999 -9999 4.94490551948547 4.94490551948547 4.94490551948547 0.308659605681896 1.98518454730511 3.12343237102032 1.85561221837997 0.377575501799583 0.431520000100136 0.43774875998497 0.459989234805107 0.461315989494324 0.415127992630005 0.486779227852821 0.448466241359711 0.334517240524292 0.341214001178741 0.317374505102634 0.307802259922028 0.298592247068882 0.297576002776623 0.286151245236397 0.284315250813961 0.284157760441303 0.289044745266438 0.285532504320145 0.292049244046211 0.312136508524418 0.312802869826555 0.327922493219376 0.330148883163929 0.314902871847153 0.184032753109932 0.305933251976967 0.296928003430367 0.284031752496958 0.280157625675201 0.270883116871119 0.267601121217012 0.272987253963947
-9999 -9999 -9999 -9999 -9999 -9999 -9999 -9999 -9999 -9999 -9999 -9999 -9999 -9999 -9999 -9999 -9999 -9999 -9999 -9999 -9999 -9999 -9999 -9999 -9999 -9999 6.38485112786293 0.621823757886887 1.32456047832966 1.11865496635437 0.403650015592575 0.369746245443821 0.405808478593826 0.446408987045288 0.475317746400833 0.469767764210701 0.409390479326248 0.462260261178017 0.3816277384758 0.307636499404907 0.297416992485523 0.269795246422291 0.276687003672123 0.282991491258144 0.268217258155346 0.293361000716686 0.307104751467705 0.320847742259502 0.296684257686138 0.338854506611824 0.339814860373735 0.348316870629787 0.349969491362572 0.325386755168438 0.312889125198126 0.243919506669044 0.286955259740353 0.288056250661612 0.269794128835201 0.26510813087225 0.264102000743151 0.269612621515989
-9999 -9999 -9999 -9999 -9999 -9999 -9999 -9999 -9999 -9999 -9999 -9999 -9999 -9999 -9999 -9999 -9999 -9999 -9999 -9999 -9999 -9999 -9999 -9999 -9999 -9999 -9999 8.08017664206655 1.43978548049927 1.04416126012802 1.64172872900963 0.575498253107071 0.448691233992577 0.50399999320507 0.53668275475502 0.520676985383034 0.442181244492531 0.423797249794006 0.429929986596107 0.349212750792503 0.255873754620552 0.271108500659466 0.288579739630222 0.27641399949789 0.284788504242897 0.318639010190964 0.32609099149704 0.346650749444962 0.338851489126682 0.329378619790077 0.337470386177301 0.345924384891987 0.34791936725378 0.333562128245831 0.324468366801739 0.273818247020245 0.306234385818243 0.285982500761747 0.272355381399393 0.266007006168365 0.274908754974604 0.278067380189896
