EcologicalScience/Bass/data/rs_data_bass/chl_374.asc
NCOLS 226 
NROWS 124 
XLLCORNER -9.41648524995501 
YLLCORNER 47.587301625531 
CELLSIZE 0.0833 
NODATA_value -9999 
[rows 81 to 107 of 124, columns 62 to 123 of 226]
3.85158455371857 5.97498106956482 7.6620512008667 7.66205191612244 -9999 -9999 -9999 -9999 -9999 -9999 -9999 -9999 -9999 -9999 -9999 -9999 -9999 -9999 -9999 -9999 -9999 -9999 -9999 -9999 -9999 -9999 -9999 -9999 -9999 -9999 -9999 -9999 -9999 -9999 -9999 -9999 -9999 -9999 -9999 -9999 -9999 -9999 -9999 -9999 -9999 -9999 -9999 -9999 -9999 -9999 -9999 -9999 -9999 -9999 -9999 -9999 -9999 -9999 -9999 -9999 -9999 -9999
3.20720884319648 -9999 -9999 -9999 -9999 -9999 -9999 -9999 -9999 -9999 -9999 -9999 -9999 -9999 -9999 -9999 -9999 -9999 -9999 -9999 -9999 -9999 -9999 -9999 -9999 -9999 -9999 -9999 -9999 -9999 -9999 -9999 -9999 -9999 -9999 -9999 -9999 -9999 -9999 -9999 -9999 -9999 -9999 -9999 -9999 -9999 -9999 -9999 -9999 -9999 -9999 -9999 -9999 -9999 -9999 -9999 -9999 -9999 -9999 -9999 -9999 -9999
-9999 -9999 -9999 -9999 -9999 -9999 -9999 -9999 -9999 -9999 -9999 -9999 -9999 -9999 -9999 -9999 -9999 -9999 -9999 -9999 -9999 -9999 -9999 -9999 -9999 -9999 -9999 -9999 -9999 -9999 -9999 -9999 -9999 -9999 -9999 -9999 -9999 -9999 -9999 -9999 -9999 -9999 -9999 -9999 -9999 -9999 -9999 -9999 -9999 -9999 -9999 -9999 -9999 -9999 -9999 -9999 -9999 -9999 -9999 -9999 -9999 -9999
-9999 -9999 -9999 -9999 -9999 -9999 -9999 -9999 -9999 -9999 -9999 -9999 -9999 -9999 -9999 -9999 -9999 -9999 -9999 -9999 -9999 -9999 -9999 -9999 -9999 -9999 -9999 -9999 -9999 -9999 -9999 -9999 -9999 -9999 -9999 -9999 -9999 -9999 -9999 -9999 -9999 -9999 -9999 -9999 -9999 -9999 -9999 -9999 -9999 -9999 -9999 -9999 -9999 -9999 -9999 -9999 -9999 5.34978025862314 5.10525422236499 2.53653520345688 2.48015624284744 2.03697448968887
-9999 -9999 -9999 -9999 -9999 -9999 -9999 -9999 -9999 -9999 -9999 -9999 -9999 -9999 -9999 -9999 -9999 -9999 -9999 -9999 -9999 -9999 -9999 -9999 -9999 -9999 -9999 -9999 -9999 -9999 -9999 -9999 -9999 -9999 -9999 -9999 37.1749906539917 -9999 3.60862183570862 3.55760643482208 -9999 -9999 2.08444726467133 2.10768520832062 2.41398006677628 2.27398949861526 2.15717768669128 2.07983100414276 1.95985579490662 2.11774045228958 2.28096216917038 2.75103682279587 -9999 -9999 -9999 3.23320153355598 3.03653490543365 2.95104104280472 2.05705976486206 1.45253853499889 2.1509610414505 1.88115155696869
-9999 -9999 -9999 -9999 -9999 -9999 -9999 -9999 -9999 -9999 -9999 -9999 12.001266002655 1.85715032165701 1.8891434520483 1.00222876667976 0.98446199297905 0.941177219152451 1.12509450316429 -9999 -9999 -9999 -9999 -9999 -9999 -9999 -9999 -9999 2.63057023286819 2.6549699306488 3.08558714389801 3.29533052444458 -9999 3.66949796676636 -9999 -9999 -9999 -9999 3.07411658763885 3.00471389293671 3.09724259376526 3.23893582820892 2.41721552610397 2.51594853401184 2.47102117538452 2.09313976764679 2.12622445821762 2.14331245422363 2.13369530439377 2.08072954416275 2.21206426620483 2.37284857034683 2.53982180356979 2.40609857439995 2.68333464860916 2.84636065363884 2.64073991775513 2.22021934390068 1.69387950003147 1.3537620306015 1.44723451137543 1.47145727276802
-9999 -9999 -9999 -9999 -9999 -9999 -9999 -9999 -9999 -9999 45.4975153032471 1.44323021173477 3.73288035392761 3.32486313581467 3.00571244955063 1.70404475927353 0.935992509126663 0.979119747877121 1.21359872817993 1.56726676225662 1.45736187116967 -9999 1.92560668587685 2.16590519249439 1.98154646158218 -9999 -9999 2.48143208026886 2.40437257289886 2.57886904478073 2.7336750626564 3.0267037153244 3.18874955177307 3.05931901931763 -9999 -9999 3.1142265431735 2.63992202281952 2.96356791257858 2.94949418306351 2.95664173364639 2.8968254327774 2.29328013841922 2.90434491634369 2.8347179889679 2.33608800172806 1.52141556143761 1.49516028165817 2.30384999513626 1.82877892255783 1.80403357744217 1.77313908934593 1.59090149402618 1.69036871194839 1.75583919882774 1.72119860351086 1.62645149230957 1.24550253152847 1.59688657522202 1.45405876636505 1.18262699246407 0.728123277425766
-9999 -9999 -9999 -9999 -9999 -9999 -9999 -9999 -9999 1.91112643480301 3.36382734775543 2.96666896343231 1.18479201197624 1.14922949671745 1.14277324080467 1.16943001747131 1.21947222948074 1.24963647127151 1.22692477703094 1.92472797632217 1.26463550329208 2.51674056680579 1.71463745832443 1.87821155786514 1.86176198720932 1.8252004981041 1.95490550994873 2.15269619226456 2.2081800699234 2.29717648029327 2.45061367750168 2.54904520511627 2.49988800287247 2.45690774917603 2.62929672002792 2.6372834444046 2.53099429607391 2.33931827545166 2.20349103212357 2.66426467895508 2.47157844901085 2.38701308232087 1.93749137108143 1.60302322185957 1.81326305866241 1.53971175849438 1.4647950232029 1.38765187561512 1.42571052908897 1.53025793284178 1.29573702812195 1.28654439747334 1.25689202547073 1.357670545578 0.877164468169212 1.50718206167221 1.52202594280243 1.65556955337524 1.58208757638931 0.657595970309698 0.75246112793684 1.11199352145195
-9999 -9999 -9999 -9999 -9999 -9999 -9999 -9999 -9999 1.89114326238632 5.08577293157578 1.74624025821686 0.969145387411118 0.710953265428543 0.727707758545876 0.794769018888474 1.17434301972389 1.23363602161407 1.22409948706627 1.21325525641441 1.22686624526978 1.42678248882294 1.48380729556084 1.62026652693748 1.69653993844986 1.70025572180748 1.72223272919655 1.72378653287888 2.02842074632645 2.01396828889847 2.1317378282547 2.20369344949722 2.21650046110153 2.24757599830627 2.26143819093704 2.08114492893219 2.10370570421219 2.23697555065155 2.09518432617188 2.02458304166794 2.4608002603054 2.09277175481503 1.78941267728806 1.6371273547411 1.23867009236262 1.12499975928893 0.839278494939208 1.1782860159874 1.06738948822021 1.04048475623131 0.994620263576508 0.851744916290045 0.85055885463953 0.756830088794231 0.783963762223721 1.19934271275997 1.42481026053429 0.67570099234581 0.697668001055717 0.728248506784439 1.04654395580292 1.07860797643661
-9999 -9999 -9999 -9999 -9999 -9999 -9999 -9999 -9999 1.54977601021528 1.38762543350458 1.06923772394657 1.08040297776461 0.748714408278465 0.747590112686157 0.743912234902382 0.767939284443855 1.05992513895035 1.19014447927475 1.31770154833794 1.34781104326248 1.42065471410751 1.36923149228096 1.11305451393127 0.99320375919342 1.21584177017212 1.26672473549843 1.3826325237751 1.39108648896217 1.62566024065018 1.71307951211929 2.03136366605759 2.10649430751801 2.11271470785141 2.04399007558823 1.90242683887482 1.94117921590805 1.88531023263931 1.74231666326523 1.73202002048492 2.01336228847504 1.6793613250439 1.29833358339965 1.25723904557526 1.27827787399292 1.15216000936925 0.86186102963984 0.747865626588464 0.711157752200961 0.618524568155408 0.604744342155755 0.626458534039557 0.591172881424427 0.577796995639801 0.577123515307903 0.596119120717049 0.626362502574921 0.677668005228043 0.704558998346329 0.722762256860733 1.12300953269005 1.12490397691727
1.1531497836113 1.43294051289558 0.803704231977463 0.903122991323471 -9999 -9999 -9999 2.99249679627626 1.37545611709356 1.2788482606411 0.816020661592483 0.795851442217827 0.803446853160858 0.800863146781921 0.729359755913417 1.06590335816145 0.719869717955589 0.732808515429497 0.736927516758442 1.09650899469852 0.788847299292684 0.784995170576232 0.752030369639397 0.702496478954951 0.606798991560936 0.617753252387047 0.628272851308187 0.679166992505391 0.717220053076744 0.790061682462692 0.76310799519221 1.73849240646643 1.77460044622421 1.99509823322296 2.05580252408981 1.84328699111938 1.78850930929184 1.81597942113876 1.67776876688004 1.58364218473434 1.2312284912914 1.16085817034428 1.01058109570295 0.976389605551958 0.991986553184688 0.995037825778127 0.851983294822276 0.7497982615605 0.687009265646338 0.592074751853943 0.564579740166664 0.576940141618252 0.592903724871576 0.580999508500099 0.601084135472775 0.645089261233807 0.786970853805542 0.88713001459837 0.706934750080109 0.696905732154846 0.589774869382381 0.686261259019375
0.672536015510559 0.604523777961731 0.709183514118195 0.924049973487854 0.776568332314491 0.785720295027683 0.775198236107826 1.17044672369957 0.865844345092773 1.02298012375832 1.10164350271225 1.1042283475399 1.14349646866322 0.76753423611323 1.07701988518238 0.675969455391169 0.91299369931221 0.769231340289116 0.725900861620903 0.724644067883492 0.736842105165124 0.785375230014324 0.6812664270401 0.653074637931936 0.677889320780249 0.618427415688833 0.623599996169408 0.628615498542786 0.646502335866292 0.656239261229833 0.668782343467077 0.710725684960683 1.13098013587296 0.943454638123512 1.26078803837299 1.59570727217942 1.59710177779198 1.40779909864068 1.08278640416952 0.79721961915493 0.743557512760162 0.710441261529922 0.688384031876922 0.700406237505376 0.718527294695377 0.71528780926019 0.694931055419147 0.677535429596901 0.686201697587967 0.650198059156537 0.6464838758111 0.796346850693226 0.878360241651535 0.703699126839638 0.711525388062 0.744634486734867 0.729391872882843 0.760092727839947 0.731824122369289 0.795174270868301 0.699664883315563 0.829372465610504
0.60224524140358 0.567621347308159 0.561266401410103 0.706267729401588 0.603007850050926 0.617471861839294 0.654599413275719 0.855507731437683 0.742504879832268 0.838513500988483 1.05052614212036 1.06068002432585 0.65723586268723 1.04526040703058 0.873585224151611 0.866654670238495 0.828690066933632 0.717598180286586 0.711535387672484 0.516961197642719 0.527413108769585 0.588432679573695 0.610630877315998 0.572027631103992 0.536713488399982 0.599475651979446 0.644235343525284 0.657165630867607 0.679039734758829 0.677105210329357 0.674742666514296 0.653161841003518 0.586490108686335 0.579239876831279 0.831780634820461 0.852142400108278 0.852244614623487 0.810334822162986 0.744333945214748 0.683570645749569 0.688252128660679 0.678427867591381 0.690342747248136 0.669799701310694 0.557640016078949 0.576185256242752 0.545731119811535 0.562644749879837 0.557176508009434 0.646155372262001 0.89386197924614 0.878091037273407 0.667152754962444 1.15911296010017 0.648719631135464 0.666554622352123 0.643951512873173 0.669988498091698 0.823792010545731 0.798359751701355 1.10376074910164 1.11079198122025
0.518804490566254 0.457297578454018 0.488386738300323 0.498587316274643 0.520895355514118 0.484716188907623 0.497923636436462 0.56141959130764 0.597649997472763 0.639487338066101 0.595123423263431 0.644420262426138 0.620102254673839 0.583003325387836 0.638248130679131 0.536457414428393 0.748006085262579 0.744977337472579 0.535061756769816 0.542383834719658 0.540323611568002 0.554369011521339 0.563733714818955 0.55495939652125 0.573289935787519 0.704970755747386 0.695576229265758 0.660489301932486 0.67008881506167 0.711843800387884 0.73680347047354 0.753673042905958 0.734857798406952 0.788028298239959 0.892388200058657 0.725985660217702 0.733254441060126 0.767713241279125 0.761751442216337 0.759878620505333 0.754216901957989 0.734330244362354 0.719581134617329 0.710123643279076 0.559037268161774 0.70541737228632 0.589098729193211 0.578357622027397 0.554855234920979 0.604115255177021 0.583921998739243 0.669932998716831 0.619975112378597 0.597649857401848 0.6275519952178 0.65218048542738 0.65029538422823 0.719908140599728 1.08406725525856 1.13084927201271 1.15985172986984 1.17873752117157
0.486984744668007 0.444349539279938 0.452087488770485 0.454160502552986 0.431860759854317 0.40702448785305 0.468258941173553 0.455797103047371 0.469196265935898 0.499550157785416 0.536868691444397 0.530024549365044 0.547953602671623 0.584979012608528 0.522317994385958 0.524595268070698 0.462076865136623 0.51528824865818 0.545038962364197 0.548275950551033 0.536012247204781 0.711980625987053 0.742813003063202 0.602285320560138 0.597750931978226 0.665856376290321 0.750341777290617 0.738819416080202 0.762125530525258 0.793696732897508 0.722497969865799 0.697324896559996 0.709143777103985 0.642684262465028 0.886951379477978 0.882244125008583 0.839214235544205 0.904944732785225 0.909694120287895 0.912016212008893 0.845141619443893 1.1129085123539 1.19120702147484 1.19591546058655 1.13832449913025 1.09550473093987 1.1402482688427 1.17973127961159 0.969434291124344 0.997082233428955 0.861034512519836 0.593017123639584 0.649387881159782 1.14052274823189 1.12045946717262 0.79120834171772 1.25393629074097 1.32371029257774 1.43725124001503 1.39886328577995 1.57242000102997 1.71132516860962
0.477192252874374 0.495145261287689 0.451649713516235 0.461121121048927 0.460233452916145 0.455883944034576 0.459828498959541 0.461586189270019 0.450501848012209 0.463852799114059 0.46093351437765 0.503378239274025 0.495035549998283 0.485151600837707 0.305017881095409 0.471486574038863 0.489561729133129 0.501223862171173 0.513194417953491 0.515485194325447 0.51264600455761 0.680161122232676 0.669515993446112 0.594786092638969 0.638552178939183 0.701472416520119 0.722693557017728 0.80110479252679 0.773517110518047 0.791459134646824 0.857822239398956 0.818186770467197 0.909750521183014 0.927043974399567 0.857929736375809 0.933525547385216 0.929506860673428 0.834378212690353 0.913277998566628 1.21453052759171 1.17239999771118 1.15138122439384 1.19654470682144 1.20410996675491 1.15299752354622 1.12273424863815 1.18143752217293 1.13935947418213 0.665681630373001 0.603397116065025 0.595168121159077 0.615358114242554 1.13913452625275 1.18817245960236 1.18877479434013 1.20865353941917 1.39947000145912 1.45462122559547 1.70777767896652 1.87835991382599 2.08293896913528 3.75481102928039
0.604643270373344 0.447824713587761 0.454646152257919 0.462582483887672 0.436452603340149 0.418802165985107 0.423100057244301 0.430693462491035 0.441358792431214 0.442815160926651 0.440061589374262 0.475615507364273 0.477291601896286 0.471879914402962 0.465847206115723 0.48200362175703 0.4810661226511 0.469847247004509 0.499856695532799 0.464106068015099 0.473546072840691 0.729836051662763 0.830319736897945 0.517620765849164 0.653035348967502 0.90958634018898 1.05713301897049 1.03377324342728 1.03849527239799 1.00151025652885 1.01211524009705 0.958854496479034 1.26320587098598 1.3985745459795 1.46322977542877 1.33667850494385 1.04169416427612 0.988782003521919 0.932642251253128 1.19022452831268 1.14372450113297 1.13673976063728 1.17801377177238 1.14287549257278 1.11616122722626 1.13080877065659 0.706880629062653 0.679853998124599 1.04237696528435 1.1186009645462 1.07805222272873 1.16235074400902 1.30288276076317 1.41785851120949 1.40788578987122 1.45458528399467 2.65966727655299 -9999 -9999 -9999 -9999 -9999
0.427808311581612 0.433373096585274 0.435355499386787 0.421597698330879 0.497518109423774 0.5182976392763 0.420565211772919 0.430847790837288 0.423713073134422 0.421419697649339 0.416518773883581 0.422625828534365 0.425179913640022 0.479254681617022 0.461411990225315 0.470368954539299 0.478254309296608 0.443091437220573 0.483735918998718 0.541568438473501 0.814649422466755 0.878546650707722 0.990740297734737 1.03471091687679 1.13652510344982 1.05185475945473 1.11883699893951 1.39402228436972 1.26366356642623 1.13524696230888 1.4873132109642 1.37088525295258 1.47646397352219 1.75787249207497 1.96440470218658 1.93397229909897 1.12858763337135 0.98348343372345 0.897460162639618 1.11023846268654 1.09077903628349 1.08555454015732 1.11424425244331 1.13868749141693 1.17429900169373 1.12059751152992 1.07575500011444 1.07136976718903 1.09295699000359 1.36359974741936 1.45547622442245 1.54368370771408 1.48003873229027 5.3428278693131 1.55273535847664 -9999 -9999 -9999 -9999 -9999 -9999 -9999
0.384172597527504 0.378743147850037 0.396896344423294 0.399992552399635 0.401181411743164 0.398306518793106 0.410279911011457 0.480418521165848 0.431848135590553 0.449341154273818 0.444845326244831 0.442409640178084 0.421816404908895 0.446281515061855 0.460397556424141 0.459798154234886 0.469679832458496 0.458828911185265 0.504163901011149 0.96771700233221 0.958129732310772 0.955851244926453 1.00995283126831 1.04734322279692 0.694295073810377 0.856255978345871 1.07510122656822 1.1951265335083 1.27823948860168 -9999 -9999 -9999 -9999 -9999 -9999 3.14426672458649 1.43368311226368 0.969819724559784 0.865756139159203 0.831442505121231 0.887804612517357 0.904092371463776 1.08718648552895 1.13956573605537 1.17474076151848 1.1566207408905 1.11504524946213 1.19482201337814 1.2810652256012 1.52623343467712 1.71996903419495 1.58643007278442 1.37843853235245 1.9762424826622 1.97624230384827 -9999 -9999 -9999 -9999 -9999 -9999 -9999
0.395416796207428 0.387934850156307 0.400001096725464 0.406145647168159 0.417621305584908 0.421117541193962 0.427550330758095 0.425643447041511 0.423913198709488 0.428287947177887 0.437062834699949 0.444310342272123 0.433652351299922 0.434917762875557 0.572824694216251 0.47304435968399 0.433548748493195 0.445541928211848 0.516609584291776 1.04787827096879 0.94445081949234 0.983855912089348 0.919563187658787 0.684452658421115 0.75715403494082 0.796591041119475 1.18036875128746 1.1543692946434 1.190215498209 -9999 -9999 -9999 -9999 -9999 -9999 -9999 2.02464482188225 1.56154650449753 1.29884362220764 0.972692638635635 0.940612524747849 0.972587987780571 0.962001353502274 1.08588038384914 1.14622351527214 1.1986511349678 1.22979828715324 1.2470737695694 1.32136729359627 1.67677044868469 2.05420732498169 2.04279381036758 -9999 -9999 -9999 -9999 -9999 -9999 -9999 -9999 -9999 -9999
0.447363524564675 0.465007488216673 0.390568640828133 0.408288155992826 0.41674742102623 0.426496669650078 0.467836046218872 0.470966389775276 0.478014162182808 0.411619115620852 0.466939990719159 0.46580774585406 0.46065957347552 0.4581614981095 0.482862770557404 0.488905236124992 0.457936848203341 0.447657510638237 0.529491757091723 1.28981676697731 0.898278103098957 1.06449815089052 1.07540484991941 0.613656649986903 0.69420420339233 0.81917405128479 1.39197072386742 1.51066052913666 1.34462076425552 -9999 -9999 -9999 -9999 -9999 -9999 -9999 2.16716321877071 2.34799477458 2.20726418495178 1.64903810620308 1.56574872136116 1.5127416998148 1.42144645750523 1.56069678068161 1.50910422205925 1.51152223348618 1.45655433833599 1.46982488036156 1.47823798656464 1.63511252403259 1.80934506654739 2.3238787651062 2.4765037894249 -9999 -9999 -9999 -9999 -9999 -9999 -9999 -9999 -9999
0.462650433182716 0.50291606096121 0.364887861268861 0.392033898404666 0.411827749013901 0.41448440849781 0.562571078538895 0.46398688852787 0.484143447875977 0.460414859652519 0.488830214738846 0.481524336338043 0.510594657063484 0.498978666522924 0.507504001259804 0.46782486140728 0.446525238454342 0.4522861490647 0.518143087625504 0.501320242881775 0.627615742385387 0.564843758940697 0.581807635724545 1.09413275122643 1.58042103052139 1.50991952419281 1.67365497350693 1.76090168952942 1.77146548032761 2.34620254039764 -9999 -9999 -9999 -9999 -9999 -9999 -9999 2.6075533926487 3.22951504859057 3.85616730962481 2.13411599397659 2.55344769358635 2.69196152687073 2.93510261178017 2.3749432861805 2.48336443305016 2.15940302610397 2.0377893447876 1.52811151742935 1.66530293226242 1.81971681118011 2.18534553050995 5.58688810860612 -9999 -9999 -9999 -9999 -9999 -9999 -9999 -9999 -9999
0.380108905690057 0.378484821745328 0.42553890645504 0.377636145268168 0.360170558094978 0.456641095876694 0.465546602010727 0.432072558999062 0.446172916889191 0.463773307204246 0.493653854727745 0.496489095687866 0.508044004440308 0.498041997353236 0.487123176455498 0.475977818171183 0.465368007620176 0.47159431874752 0.464341486875827 0.478568958548399 0.495044253766537 0.420451760292053 1.42985925078392 1.44994354248047 1.82137191295624 1.70927095413208 1.75419080257416 1.73551422357559 1.72704523801804 1.83993601799011 -9999 -9999 -9999 -9999 -9999 -9999 -9999 -9999 -9999 -9999 -9999 -9999 -9999 -9999 -9999 -9999 3.65490746498108 1.57435047626495 1.53847056627274 4.15140968561172 -9999 -9999 -9999 -9999 -9999 -9999 -9999 -9999 -9999 -9999 -9999 -9999
0.37886871610369 0.359237353716578 0.356699351753507 0.432312749326229 0.355054835123675 0.581268272229603 0.42911052107811 0.441870364546776 0.456451907753944 0.464186301827431 0.499111798405647 0.50958845615387 0.50413530766964 0.510305340091388 0.497125977650285 0.475106398264567 0.520363241434097 0.501652762293816 0.481423504650593 0.490651488304138 0.494164582341909 1.20527252554893 1.34838446974754 2.68605482578278 -9999 -9999 1.75600200891495 1.64668267965317 1.6368060708046 1.70627993345261 1.64359956979752 -9999 -9999 -9999 -9999 -9999 -9999 -9999 -9999 -9999 -9999 -9999 -9999 -9999 -9999 -9999 -9999 -9999 -9999 -9999 -9999 -9999 -9999 -9999 -9999 -9999 -9999 -9999 -9999 -9999 -9999 -9999
0.372841830764498 0.360177538224629 0.361321078879493 0.360437996685505 0.637753448316029 0.638672855283533 0.424218887090683 0.451568162441254 0.462828758358955 0.489238756895065 0.495333069562912 0.527071058750153 0.583031013607979 0.561307996511459 0.528732240200043 0.536440998315811 0.546217873692513 0.559456117451191 0.531388141214848 0.535173766314983 1.08405974507332 1.17996525764465 1.34858322143555 1.62690907716751 1.74257093667984 1.76123857498169 1.71724283695221 1.62601357698441 1.65615302324295 1.7232990860939 1.88110274076462 2.50850199183373 -9999 -9999 -9999 -9999 -9999 -9999 -9999 -9999 -9999 -9999 -9999 -9999 -9999 -9999 -9999 -9999 -9999 -9999 -9999 -9999 -9999 -9999 -9999 -9999 -9999 -9999 -9999 -9999 -9999 -9999
0.376863867044449 0.374459675380162 0.378107664840562 0.38776521384716 0.649624111560675 0.408342444470951 0.433163183927536 0.435618352890015 0.451560452580452 0.52216724306345 0.526636496186256 0.587809396907687 1.03603720664978 1.05312225222588 1.06687796115875 1.02461403608322 0.613556988537312 0.608774252235889 0.593903616070747 0.602064982056618 1.16866046190262 1.30239379405975 1.48044902086258 1.66317826509476 1.67658376693726 1.73471331596375 1.71521329879761 1.68215399980545 1.77137625217438 1.82926279306412 1.8825471997261 1.88162083178759 -9999 -9999 -9999 -9999 -9999 -9999 -9999 -9999 -9999 -9999 -9999 -9999 -9999 -9999 -9999 -9999 -9999 -9999 -9999 -9999 -9999 -9999 -9999 -9999 -9999 -9999 -9999 -9999 -9999 -9999
0.375469392963818 0.38280086006437 0.509396130075822 0.551647961139679 0.418251955083438 0.445637759566307 0.448558309674263 0.456612455844879 1.11334124207497 1.09071224927902 1.13189104199409 1.21793326735497 1.23386996984482 1.29430049657822 1.13206949830055 1.05683997273445 1.0348282456398 0.638923868536949 0.661189869046211 0.525561453058169 1.12898397445679 1.50843304395676 1.66426116228104 1.67545276880264 1.75000423192978 1.71831303834915 1.54922103881836 1.63672345876694 1.828353703022 1.78528118133545 1.65188992023468 -9999 -9999 -9999 -9999 -9999 -9999 -9999 -9999 -9999 -9999 -9999 -9999 -9999 -9999 -9999 -9999 -9999 -9999 -9999 -9999 -9999 -9999 -9999 -9999 -9999 -9999 -9999 -9999 -9999 -9999 -9999
