EcologicalScience/Bass/data/rs_data_bass/chl_49.asc
NCOLS 226 
NROWS 124 
XLLCORNER -9.41648524995501 
YLLCORNER 47.587301625531 
CELLSIZE 0.0833 
NODATA_value -9999 
[rows 56 to 83 of 124, columns 0 to 61 of 226]
-9999 -9999 -9999 -9999 -9999 -9999 -9999 -9999 -9999 -9999 -9999 -9999 -9999 -9999 -9999 -9999 -9999 -9999 -9999 -9999 -9999 -9999 -9999 -9999 -9999 -9999 -9999 -9999 -9999 -9999 -9999 -9999 -9999 -9999 -9999 -9999 -9999 -9999 -9999 -9999 1.85904735326767 1.78753009438515 1.57843941450119 1.54245656728745 1.57541620731354 1.36834026873112 1.27145300805569 1.67676081189087 1.64546868630818 1.7456200003624 1.6966158577374 1.80570877662727 1.77080897774015 1.87733565483774 2.01206528714725 2.19045154963221 1.89534674240993 1.892465871114 2.47817978858948 -9999 -9999 -9999
-9999 -9999 -9999 -9999 -9999 -9999 -9999 -9999 -9999 -9999 -9999 -9999 -9999 -9999 -9999 -9999 -9999 -9999 -9999 -9999 -9999 -9999 -9999 -9999 -9999 -9999 -9999 -9999 -9999 -9999 -9999 -9999 -9999 -9999 -9999 -9999 -9999 -9999 -9999 -9999 1.92799988814763 1.75342072759356 1.68980981622423 1.68553463050297 1.56263396143913 1.42399757183515 1.35990721904314 1.87637212872505 1.75739302805492 1.71705059920039 1.57983575335571 1.74255753840719 1.49873707294464 1.52988228797913 1.62794181108475 2.17859957047871 2.03388935786027 2.04502078661552 1.99601829968966 2.154133106981 10.3070213057493 -9999
-9999 -9999 -9999 -9999 -9999 -9999 -9999 -9999 -9999 -9999 -9999 -9999 -9999 -9999 -9999 -9999 -9999 -9999 -9999 -9999 -9999 -9999 -9999 -9999 -9999 -9999 -9999 -9999 -9999 -9999 -9999 -9999 -9999 -9999 -9999 -9999 -9999 -9999 -9999 -9999 -9999 1.95090983595167 1.69370813880648 1.69710046904428 1.65539321532616 1.54136105913382 1.39953848719597 1.87234470248222 1.84638503193855 1.72369927167892 1.431583323649 1.17693521871286 1.34082056143705 1.56258668899536 1.48408940960379 1.44176799584838 1.61464923123519 1.70024396975835 1.75591626075598 1.78378354012966 6.75828412920236 -9999
-9999 -9999 -9999 -9999 -9999 -9999 -9999 -9999 -9999 -9999 -9999 -9999 -9999 -9999 -9999 -9999 -9999 -9999 -9999 -9999 -9999 -9999 -9999 -9999 -9999 -9999 -9999 -9999 -9999 -9999 -9999 -9999 -9999 -9999 -9999 -9999 -9999 -9999 -9999 -9999 -9999 2.14813225609916 1.77558047430856 1.59157377481461 1.6135573216847 1.58916367803301 2.05652325919696 1.85789455686297 1.84259354429586 1.83340110310486 1.83164081403187 1.43922745329993 1.24125826709411 1.17353873948256 1.29903102417787 1.5501910837797 1.57333028316498 1.78200961152713 1.82284637139394 -9999 -9999 -9999
-9999 -9999 -9999 -9999 -9999 -9999 -9999 -9999 -9999 -9999 -9999 -9999 -9999 -9999 -9999 -9999 -9999 -9999 -9999 -9999 -9999 -9999 -9999 -9999 -9999 -9999 -9999 -9999 -9999 -9999 -9999 -9999 -9999 -9999 -9999 -9999 -9999 -9999 -9999 -9999 2.40030470916203 2.25881813253675 2.18077029500689 1.61313138008118 1.57609984874725 1.548693386408 1.78165280468324 1.56988062227474 1.91147758279528 1.90951770544052 1.86890983368669 1.96909728859152 1.69321761386735 1.48266588724576 1.64269228164966 2.0021591424942 2.08805619478226 -9999 -9999 6.17948764801025 2.77062250886645 2.71179860830307
-9999 -9999 -9999 -9999 -9999 -9999 -9999 -9999 -9999 -9999 -9999 -9999 -9999 -9999 -9999 -9999 -9999 -9999 -9999 -9999 -9999 -9999 -9999 -9999 -9999 -9999 -9999 -9999 -9999 -9999 -9999 -9999 -9999 -9999 -9999 -9999 -9999 -9999 -9999 2.9048317193985 2.36971797261919 2.31314241886139 1.9064417719841 1.72748742103577 1.61970802545547 1.8301138356328 1.76511804546629 1.82045758622033 1.90622681379318 1.81389583647251 1.88586249947548 1.82307687827519 1.34093673790202 1.58048324401562 1.91314055827948 1.82231599092484 2.29879150787989 1.85215279956659 2.25527330115438 2.0348321646452 2.14713773131371 2.10733796443258
-9999 -9999 -9999 -9999 -9999 -9999 -9999 -9999 -9999 -9999 -9999 -9999 -9999 -9999 -9999 -9999 -9999 -9999 -9999 -9999 -9999 -9999 -9999 -9999 -9999 -9999 -9999 -9999 -9999 -9999 -9999 -9999 -9999 -9999 -9999 -9999 -9999 -9999 -9999 3.09634822957656 2.40034624508449 2.02268137931824 1.76011126041412 1.58582406044006 1.52091526985168 1.42722569108009 1.90396394580603 1.84782457351685 1.66609888466505 1.50249916544327 1.55329112495695 1.30705236471616 1.36756304823435 1.46123137153112 1.69797455212649 1.72410106658936 1.79171122522915 2.1926505611493 1.87031670908133 1.99773764184543 2.09362628204482 1.93563020687837
-9999 -9999 -9999 -9999 -9999 -9999 -9999 -9999 -9999 -9999 -9999 -9999 -9999 -9999 -9999 -9999 -9999 -9999 -9999 -9999 -9999 -9999 -9999 -9999 -9999 -9999 -9999 -9999 -9999 -9999 -9999 -9999 -9999 -9999 -9999 -9999 -9999 -9999 3.06101607531309 2.43811665262495 2.40316660063607 1.77104331254959 1.66537759304047 1.57061328887939 1.47899889945984 1.28243827819824 1.2086553812027 1.21507970094681 1.7767546245685 1.53840705981621 1.55271915905178 1.76570498943329 1.13587623376113 1.50439197283525 1.82496988314849 1.36162062486013 1.38488048811754 1.60258566339811 1.58273878693581 1.9541469173772 1.82962334156036 2.13557001719108
-9999 -9999 -9999 -9999 -9999 -9999 -9999 -9999 -9999 -9999 -9999 -9999 -9999 -9999 -9999 -9999 -9999 -9999 -9999 -9999 -9999 -9999 -9999 -9999 -9999 -9999 -9999 -9999 -9999 -9999 -9999 -9999 -9999 -9999 -9999 -9999 -9999 -9999 2.183559268713 2.01919636726379 1.77435125112534 1.59892855882645 1.39341331720352 1.2704985678196 1.28357601761818 1.2950840473175 1.16372802853584 1.16631458997726 1.15316118001938 1.84347609373239 1.57154301404953 1.51227217912674 1.68712469706169 1.52767587166566 1.41801733924792 1.22920956214269 1.76656597852707 1.79908285822187 1.88133217181478 1.40057750046253 1.79019634998762 1.76599847811919
-9999 -9999 -9999 -9999 -9999 -9999 -9999 -9999 -9999 -9999 -9999 -9999 -9999 -9999 -9999 -9999 -9999 -9999 -9999 -9999 -9999 -9999 -9999 -9999 -9999 -9999 -9999 -9999 -9999 -9999 -9999 -9999 -9999 -9999 -9999 -9999 -9999 2.15667378902435 2.09814366102219 1.90811201334 1.62464164495468 1.47859159708023 1.26433227062225 1.23933880329132 1.25449462980032 1.62572399469522 1.28871401399374 1.24106060770842 1.37906662317423 1.52221897932199 1.64838585486779 1.59720732615544 1.5490492939949 1.44412943124771 1.30030394746707 1.24058294892311 1.18974430285967 1.34665931417392 1.36919403076172 1.50809032641924 1.48803102970123 2.54836230352521
-9999 -9999 -9999 -9999 -9999 -9999 -9999 -9999 -9999 -9999 -9999 -9999 -9999 -9999 -9999 -9999 -9999 -9999 -9999 -9999 -9999 -9999 -9999 -9999 -9999 -9999 -9999 -9999 -9999 -9999 -9999 -9999 -9999 -9999 -9999 -9999 -9999 2.25124598741531 2.00958383083344 1.6990597397089 1.51799445152283 1.30776151418686 1.24062477350235 1.19814764307095 1.67405967414379 1.57915854568665 1.63474495823567 1.32092752135717 1.54176358993237 1.62808776360292 1.67240366110435 1.60546846114672 1.37178305983543 1.30596073610442 1.29452847838402 1.79624957059111 1.21413311958313 1.24854612350464 1.36577892899513 1.50708736181259 1.54263676404953 1.65185178518295
-9999 -9999 -9999 -9999 -9999 -9999 -9999 -9999 -9999 -9999 -9999 -9999 -9999 -9999 -9999 -9999 -9999 -9999 -9999 -9999 -9999 -9999 -9999 -9999 -9999 -9999 -9999 -9999 -9999 -9999 -9999 -9999 -9999 -9999 -9999 -9999 2.56323586953314 2.12479448318481 1.93530752658844 1.55945123434067 1.37845216393471 0.997935378551483 0.803892319019024 1.52102553631578 0.627958502620459 0.675242103636265 0.72558307275176 1.29389128776697 1.51852514743805 1.51771260683353 1.53842082848916 1.48705845154249 1.37888144254684 1.25835227370262 1.27136966586113 1.23832623958588 1.27290116548538 1.29946942925453 1.59676872491837 1.69456421136856 1.69636738300323 2.44760606477135
-9999 -9999 -9999 -9999 -9999 -9999 -9999 -9999 -9999 -9999 -9999 -9999 -9999 -9999 -9999 -9999 -9999 -9999 -9999 -9999 -9999 -9999 -9999 -9999 -9999 -9999 -9999 -9999 -9999 -9999 -9999 1.25310401245952 1.1396420498689 -9999 2.10493344068527 2.00854575634003 2.00812543355502 1.69944884777069 1.68289604187012 1.52005980014801 1.19073109701276 0.906454782932997 0.797342252731323 1.15611440570731 1.07945904135704 1.07647235691547 1.27152264863253 1.43560566646712 1.40027181506157 1.43193567650659 1.45672521420888 1.48171020831381 1.41634261608124 1.24415555000305 1.28913623690605 1.33807733654976 1.40314692854881 2.45377518609166 1.91900408267975 3.23145790100098 1.82131224556973 2.39314730465412
-9999 -9999 -9999 -9999 -9999 -9999 -9999 -9999 -9999 -9999 -9999 -9999 -9999 -9999 -9999 -9999 -9999 -9999 -9999 -9999 -9999 -9999 0.346259817481041 1.31281197071075 1.85801272392273 1.92410581878253 1.779365084001 1.88994268860136 2.04922722918647 1.31944288526263 0.714628882706165 1.17817558050156 1.07162645459175 1.21959360582488 1.29906378342555 1.42524309341724 1.51137663080142 1.19571493353162 1.29087882041931 1.31493696570396 1.14747384786606 0.887841331958771 1.12130290865898 1.20278273610508 1.24590844967786 1.46344572305679 1.37701523900032 1.41553964614868 1.58798743997301 1.34528595634869 1.34062271884509 1.41246418952942 1.49557279348373 1.46607868671417 1.50579911470413 1.5018737912178 1.6676436662674 2.09852722184411 2.51989018917084 -9999 -9999 -9999
-9999 -9999 -9999 -9999 -9999 -9999 -9999 -9999 -9999 -9999 -9999 -9999 -9999 -9999 -9999 -9999 -9999 -9999 -9999 -9999 -9999 -9999 1.46723170527096 1.27315136790276 1.36390254327229 1.7126835158893 1.6868785066264 1.63599184155464 1.37852701970509 1.28116771153041 0.880794078111649 0.773544992719378 0.809094033070973 0.885080886738641 0.886821998017175 0.82599110688482 0.781154470784323 0.823910449559872 0.847140319072283 0.993566727638245 0.98573808486645 0.802231800556183 0.779596984386444 1.38641237020493 1.464812541008 1.45578051805496 1.32087177038193 1.47813404798508 1.47160717248917 1.3913646042347 1.569368490151 1.53446508305413 1.7260776758194 2.0207209388415 1.93769221007824 -9999 -9999 -9999 -9999 -9999 -9999 -9999
-9999 -9999 -9999 -9999 -9999 -9999 -9999 -9999 -9999 -9999 -9999 -9999 -9999 -9999 -9999 -9999 -9999 -9999 -9999 19.9055496241365 2.26665630191565 1.04303079843521 1.0081444297518 1.10243806242943 1.33039117710931 1.44572134954589 1.39729490876198 1.39087542465755 1.18445623346737 0.932916245290211 0.81739245568003 0.689474139894758 0.701400965452194 0.740302090133939 0.79080563554397 0.767805116517203 0.729546770453453 0.699519549097334 0.71223857147353 0.795407027006149 0.926356720924377 0.920397863938258 1.0516917526722 1.40379827618599 1.46258478760719 1.45941252708435 1.44856040477753 1.75805748884494 1.79009083601145 1.85325417610315 1.7330082654953 -9999 -9999 -9999 -9999 -9999 -9999 -9999 -9999 -9999 -9999 -9999
-9999 -9999 -9999 -9999 -9999 -9999 -9999 -9999 -9999 -9999 -9999 -9999 -9999 -9999 -9999 -9999 -9999 1.15563179850578 1.35604178309441 1.51567391753197 1.08900378431593 1.15694628443037 1.06035674469812 0.783039105790002 1.01327728373664 0.846482289688928 0.84804644542081 0.907870090433529 0.790535113641194 0.684665156262262 0.675530676330839 0.678061046770641 0.665060354130609 0.622070688009262 0.697969832590648 0.661693799495697 0.66197781264782 0.649798995256424 0.64822661280632 0.680219066143036 0.663178618465151 0.687280514410564 0.652899749577045 1.42185577979455 1.51350017006581 1.47035123293216 1.46187948951354 1.90092132091522 1.97313301563263 1.38555445273717 1.32320132553577 -9999 -9999 -9999 -9999 -9999 -9999 -9999 -9999 -9999 -9999 -9999
-9999 -9999 -9999 -9999 -9999 -9999 -9999 -9999 -9999 -9999 -9999 -9999 -9999 -9999 1.20272464156151 1.17955670952797 1.01945894956589 0.991180139780044 0.911604970693588 0.927998647093773 1.10957661643624 0.998556882143021 0.569339625537395 0.605644174984523 0.58751583312239 0.587487318686077 0.60181873185294 0.615053875105722 0.599388203450612 0.557412633529076 0.592390239238739 0.61064775288105 0.598201014101505 0.581723722127768 0.541975506714412 0.64037811011076 0.65617748349905 0.621387514472008 0.624542847275734 0.612637923232147 0.640236765146255 0.675737668688481 0.637935765087605 1.60584084902491 1.37836446211888 1.25997596979141 1.31655861735344 1.59443013943159 1.70132204202505 1.45360051439359 1.2125757753849 1.62773723602295 -9999 -9999 -9999 -9999 -9999 -9999 -9999 -9999 -9999 -9999
-9999 -9999 -9999 -9999 -9999 -9999 -9999 -9999 -9999 -9999 -9999 2.71880019562585 1.12219634950161 1.06748356819153 1.23132427930832 1.06660399905273 1.00443286555154 0.926705794675009 0.922827722770827 0.52911938726902 0.841669283234156 0.622327604464122 0.590671516954899 0.553126931190491 0.535218639033181 0.524097734263965 0.541519641876221 0.55136951059103 0.552555490623821 0.536137026819316 0.573432981967926 0.566544733941555 0.568675749003887 0.577736638486385 0.583037368953228 0.545671028169719 0.591383331201293 0.588610500097275 0.590207137167454 0.584715388715267 0.608115494251251 0.601491615176201 0.593721714615822 0.653283511216824 1.34162127375603 1.48192187685233 1.45106277328271 1.40111028231107 1.46174881779231 1.29131583304241 1.71071971654892 -9999 -9999 -9999 -9999 -9999 3.06910484682682 1.80902433081677 2.62004893759023 3.5328574154688 3.65826126337051 -9999
-9999 -9999 -9999 -9999 -9999 -9999 -9999 -9999 -9999 1.11721514804023 1.06741393573823 1.0132573140519 1.12217971682549 1.09933159351349 1.24519258141518 1.19484211717333 0.740037649869919 0.719630337187222 0.661583026604993 0.626257187553814 0.602138253194945 0.597558317439897 0.521257377096585 0.492624329669135 0.426923824583783 0.461135984343641 0.480151706508228 0.511916384100914 0.577153651551767 0.586826786398888 0.564001254737377 0.561378233134747 0.559408754110336 0.564579114317894 0.557191610336304 0.56038473546505 0.576310500502586 0.577650740742683 0.58083214610815 0.56836024671793 0.581067368388176 0.59552364051342 0.656798546130841 0.65953962963361 1.23286966553756 1.49821846839041 1.53660729154944 1.62032152153552 1.60501126013696 1.36835886836052 1.39525033831596 2.41677726991475 1.57707234621048 2.5432516967549 2.07000390793148 2.1744941174984 2.37948022037745 2.1569903918675 1.94234939664602 1.78109712600708 1.89475737747393 -9999
-9999 -9999 -9999 -9999 -9999 0.877084225416183 0.828215054103306 0.822940502847944 0.927303965602602 1.013437718153 0.985779200281416 0.965489598257201 0.876790408577238 0.848127192684582 0.792063787579536 0.612003194434302 0.609935358166695 0.590521099475714 0.646696487298379 0.629590207567582 0.595830219296309 0.514883699325415 0.506820974605424 0.551812054855483 0.539518488304956 0.489672973752022 0.480557690773691 0.515478017926216 0.577790714800358 0.54754813015461 0.56225011497736 0.557578139007092 0.554252117872238 0.558043248951435 0.551278136670589 0.559634871780872 0.556761004030704 0.563818380236626 0.535141609609127 0.56903812661767 0.586804494261742 0.580539554357529 0.679754468798637 0.575462979428908 0.647180160178858 1.36554710268974 1.33568008542061 1.27040041018935 1.45250735990703 1.39430968165398 1.41312333253714 1.43437203306418 1.50621492587603 1.8900027189936 1.91556965027537 1.66885745066863 0.982627699008355 2.04191933199763 1.86293897628784 1.87553558349609 2.15892281532288 1.99802429335458
-9999 -9999 -9999 -9999 -9999 0.720978964652334 0.630273154377937 0.598117652535439 0.811930941683905 0.760059286441122 0.738690880792482 0.712749206594058 0.716546141184293 0.65258364035533 0.611563835825239 0.568975794773835 0.576439110132364 0.532227288592946 0.514423348009586 0.501589561050588 0.549963121230786 0.549714225989122 0.545314436921707 0.563980917845454 0.575927368232182 0.574847249048097 0.509578291858946 0.494110164897782 0.526047371327877 0.550849996507168 0.553492486476898 0.550550378859043 0.555416017770767 0.548975497484207 0.568476639688015 0.558682486414909 0.526390746235847 0.546206884086132 0.528192657977343 0.582978613236371 0.557563498616219 0.564836140189852 0.972162500023842 1.10824204981327 1.13800651686532 1.26395124090569 1.3466771032129 1.32171293454511 1.36189888843468 1.38105088099837 1.56281472444534 1.15482266460146 1.22301029307502 1.70573844909668 1.5782773733139 1.56082460709981 1.55092356460435 1.6620509326458 1.53147268295288 1.71322101354599 1.938855273383 1.98662917103086
-9999 -9999 -9999 -9999 -9999 0.410835921764374 0.514918548219344 0.52149398624897 0.482612997293472 0.587286861879485 0.571615053074701 0.473066236291613 0.498630153281348 0.51981721924884 0.592670762768159 0.620956931795393 0.601078655857306 0.537788117161164 0.582742951237238 0.553390551071901 0.569497088973339 0.534202285684072 0.518378490438828 0.541750623629643 0.544904236282621 0.479045847058296 0.501042000272057 0.521644158022744 0.545544533566995 0.539013981819153 0.528547137975693 0.530626371502876 0.540010631084442 0.54773885756731 0.533443249762058 0.535944618284702 0.587856186663403 0.558595962249316 0.559766253127771 0.545669640688335 0.513758354953357 0.613669502735138 0.635268700122833 0.614466203486218 0.697177613420146 1.19111756980419 1.15786845982075 1.28227181094033 1.30433466924088 1.32911060750484 0.942749261856079 1.0428055695125 1.59579135775566 1.70075493580417 1.61602600415548 1.52399782924091 1.56394118070602 1.68151914647647 1.69985526374408 1.66367498465947 1.81832941940853 1.91204833984375
-9999 -9999 -9999 -9999 -9999 0.445195850204019 0.454974755644798 0.293016750365496 0.386840534862131 0.50521981716156 0.393550452310592 0.498524566846234 0.502706204141889 0.396747001661704 0.59012468961569 0.476043980282087 0.446968130767345 0.341666005551815 0.362728752195835 0.662035620638302 0.482564184528131 0.462634494671455 0.517197630726374 0.619083156543119 0.553470704172339 0.322588977488604 0.493741970170628 0.546852522662708 0.548901423811913 0.576873970883233 0.5510547714574 0.526813738048077 0.560536024662165 0.55772497676886 0.504869216121733 0.541017120375353 0.532803178710096 0.541960679432925 0.552320596049814 0.517082750797272 0.541395303606987 0.552086237531442 0.57321950678642 0.787357306480408 0.678104251623154 1.05272493724312 1.13408400714397 1.25891944553171 1.32498688995838 1.30496194213629 1.28597223120076 1.06894243336641 1.26362540040697 1.53079149127007 1.6342858672142 1.56242547491018 1.58569362014532 1.74251049757004 1.54232588410378 2.19456253239983 2.43453873120821 1.99138483405113
-9999 -9999 -9999 -9999 -9999 0.460443567484617 0.446365047465352 0.438920208198183 0.44264780817663 0.404063346982002 0.467754175996079 0.424924782011658 0.452692792285234 0.406032350200873 0.426197464076372 0.460348318975705 0.440924999232476 0.350308793783188 0.417865598201752 0.429596071131527 0.476171424755683 0.403632995600884 0.650500511750579 0.553552297609193 0.511841589441666 0.522810225303357 0.499796380217259 0.502576902508736 0.51669814151067 0.546680874549426 0.551181132976825 0.549395080942374 0.5559176080502 0.560516771215659 0.572204999052561 0.55335761148196 0.511636760304956 0.506117426297244 0.525214836001396 0.537765011191368 0.553873005509377 0.492764297872782 0.49398321526892 0.50641381039339 0.644430616497993 0.56667847931385 0.528457455775317 0.382349523715675 1.23373708426952 1.14897328019142 0.643353059887886 0.622867420315742 1.1132196358272 1.32466317713261 1.750737182796 1.62266268829505 1.66992461184661 1.54440108098482 1.5229016496585 1.47460104868962 2.32096192469964 2.47486361173483
-9999 -9999 -9999 -9999 -9999 0.405012003013066 0.513722702860832 0.506371554732323 0.472376834887725 0.407610957324505 0.44213659465313 0.450720316171646 0.464670552872121 0.334998543773379 0.41549975797534 0.433325752615929 0.320214546152524 0.4448386374861 0.56646115990246 0.432005589971176 0.474202225987728 0.558260060273684 0.502258747816086 0.451778834828964 0.512791662262036 0.448520388454199 0.448650229722261 0.50589178273311 0.507302208588674 0.510479952280338 0.501195132732391 0.557179752450723 0.554674029350281 0.572341145231174 0.573844977296316 0.550132942887453 0.608878791332245 0.512230609471981 0.498354111726467 0.51325096648473 0.510498041287065 0.565886309742928 0.555442711009699 0.561525180059321 0.565237551927567 0.602877049491956 0.875118140663419 0.770212528109551 0.797677785158157 0.833162999153137 0.861290717124939 0.895921861486775 1.09119402766228 0.660398240600313 1.62463892996311 1.26566075533628 1.58210101297924 1.87568047642708 2.03410895807402 1.68285155296326 2.09879815578461 2.75157389732508
-9999 -9999 -9999 -9999 -9999 0.451505497097969 0.429121057902064 0.434754217309611 0.483570642196215 0.311551243066788 0.337074503302574 0.440949054434896 0.526517134691988 0.506928090538297 0.450784482061863 0.467835731804371 0.503038756549358 0.517299123108387 0.490803845665034 0.455718502402306 0.380889005959034 0.384210251271725 0.508400904280799 0.488501997930663 0.491736049835499 0.493315740273549 0.492334502247664 0.497972550300451 0.507680303775347 0.519076366837208 0.542478458239482 0.557467147707939 0.550657717081217 0.552006823512224 0.532957314298703 0.529323395628196 0.53446772809212 0.52340153498309 0.546391064567225 0.489539689000915 0.511069168265049 0.517683691703356 0.514867967137924 0.513547051411409 0.492268604891641 0.486376240849495 0.768519276380539 0.782752498984337 0.765679943561554 0.840390291810036 0.857072710990906 0.896314036846161 0.596445163855186 1.09988821148872 1.24974268376827 1.69775431603193 2.07252945005894 1.84284021762701 3.27726727724075 2.98020679184369 2.60380947589874 2.46647197008133
-9999 -9999 -9999 -9999 -9999 0.44735813828615 0.45944630411955 0.42501320370606 0.410094332881272 0.435797800036038 0.460870600798551 0.397442750632763 0.47516237625054 0.468350037932396 0.470361004982676 0.48574598133564 0.475219756364822 0.523664511740208 0.403741888701916 0.376886148937047 0.454635247588158 0.500889550362315 0.910958686843514 0.502637706123866 0.482639121321531 0.445670627057552 0.457455366849899 0.493053038532917 0.488009116970576 0.511248009709211 0.549389317631721 0.534394772006915 0.522867445762341 0.519146664784505 0.515734551044611 0.517612142058519 0.510567691463691 0.508113239820187 0.469562107149292 0.539800325408578 0.458091139793396 0.518103106663777 0.474825758486986 0.445231504738331 0.527588759477322 0.76958384513855 0.572737819382123 0.54250177528177 0.552072848592486 0.768524692035638 0.821529414791327 0.63574156165123 0.917798674106598 1.17948608335696 1.41280399184478 1.68199657968112 1.7114896774292 1.91807298149381 -9999 -9999 -9999 -9999
