EcologicalScience/Bass/data/rs_data_bass/chl_484.asc
NCOLS 226 
NROWS 124 
XLLCORNER -9.41648524995501 
YLLCORNER 47.587301625531 
CELLSIZE 0.0833 
NODATA_value -9999 
[rows 54 to 80 of 124, columns 122 to 182 of 226]
1.54510223865509 1.5211678147316 1.63928872346878 1.70797204971313 1.56901824474335 2.06906685233116 2.08043226599693 1.8848939538002 1.73773723840714 1.49574843049049 1.48697018623352 1.57595962285995 1.48361684381962 1.47234812378883 1.40219937264919 1.24157251417637 1.29584446549416 1.42768549919128 1.39000363647938 1.49780277907848 1.50326018035412 1.53952154517174 1.75288492441177 2.48854726552963 2.62491846084595 2.67276710271835 2.57720106840134 2.54975187778473 2.46651828289032 2.59923613071442 2.30744326114655 2.3616995215416 3.15906715393066 2.74185079336166 2.41192442178726 2.20784246921539 2.1220788359642 1.9882065653801 1.6397185921669 1.4108547270298 1.49520823359489 1.64210218191147 1.78755551576614 2.04834401607513 2.11000227928162 2.1149942278862 2.24480241537094 2.24604964256287 1.73778086900711 1.77259111404419 2.87840670347214 3.36914706230164 3.2838671207428 3.07332408428192 4.56399822235107 5.60296565294266 5.84308952093124 5.04525604248047 4.64060318470001 4.43533623218536 4.65634152889252
1.75484222173691 1.94738602638245 2.01039630174637 2.01237201690674 1.74325579404831 2.30974298715591 2.37794825434685 2.11046236753464 2.07235050201416 2.09392109513283 1.66985428333282 1.54356175661087 1.7432906627655 1.69081073999405 1.51537929475307 1.36395853757858 1.2686094045639 1.39978010952473 1.58336904644966 1.74769015610218 1.693857640028 1.8828518986702 1.79692143201828 2.00949382781982 2.19802916049957 2.30509167909622 2.30568516254425 2.30764782428741 2.82527554035187 2.93750113248825 2.52323341369629 1.94493359327316 1.95373141765594 1.77749794721603 1.65330076217651 1.53185820579529 1.42230123281479 1.22371056675911 1.16983410716057 1.32849544286728 1.35412913560867 1.44215279817581 1.55046147108078 1.84031671285629 2.49574899673462 2.69175481796265 2.85156887769699 2.46573239564896 2.05416280031204 2.18394666910172 2.94163370132446 3.41605138778687 4.29538514614105 4.12082190513611 4.80136477947235 5.30043611526489 5.57299060821533 7.01007628440857 10.5720698833466 -9999 -9999
2.61720818281174 2.82643979787827 2.61182105541229 2.71540206670761 2.96481558680534 2.57062867283821 2.38371822237968 2.38740107417107 2.27408158779144 2.22113388776779 1.80942258238792 1.45308423042297 1.36331172287464 1.35844534635544 1.47758683562279 1.41073612868786 1.21219584345818 1.21219584345818 1.16974228620529 1.16974228620529 1.65931239724159 1.81547221541405 1.87324601411819 1.85316610336304 1.8135182261467 1.91566228866577 2.13999384641647 2.41289108991623 2.98072385787964 2.90574306249619 2.45326513051987 2.04438954591751 1.24975436925888 1.12130668759346 0.829276978969574 0.822741687297821 0.971040666103363 0.949304401874542 1.00444328784943 1.29492250084877 1.26774153113365 1.21779280900955 1.71557253599167 2.73454821109772 2.9192887544632 3.16997301578522 3.33399868011475 2.5178799033165 2.5930010676384 5.35542315244675 5.02938480377197 5.32600522041321 4.70415444374084 5.02654309272766 5.76232194900513 5.56516628265381 9.86727476119995 -9999 -9999 -9999 -9999
3.7413010597229 3.12392342090607 3.07908618450165 2.47324731945992 2.70853382349014 2.82125821709633 2.64707225561142 2.38053318858147 2.38211452960968 2.40359643101692 2.34869259595871 2.11150306463242 1.89878189563751 1.24326047301292 1.24326047301292 1.51489681005478 1.56301246583462 1.09173363447189 1.02582862973213 1.01911568641663 1.08787161111832 1.03539884090424 1.05832314491272 1.54832178354263 1.70783239603043 1.83553558588028 2.11456525325775 2.18855005502701 2.41176760196686 2.09718453884125 1.65974897146225 1.36711992323399 0.923511564731598 0.846853226423264 0.781486719846725 0.77520614862442 0.867680579423904 1.00552171468735 1.11349591612816 1.07799410820007 1.05763623118401 1.55001103878021 2.66299617290497 3.18814694881439 3.34973680973053 3.93512606620789 4.85789108276367 5.0361088514328 4.80543619394302 10.0218175018535 7.79945468902588 6.970627784729 6.1615355014801 6.4140998840332 7.22115569114685 7.72000494003296 -9999 -9999 -9999 -9999 -9999
3.81568729877472 3.57090783119202 2.98576730489731 2.89560350775719 3.07871255278587 2.81205332279205 2.81205332279205 3.74465256929398 3.48796802759171 3.10845923423767 2.67138558626175 2.36446648836136 2.35636773705482 1.26646015048027 1.15249487757683 1.02182739973068 1.0060356259346 0.953106433153152 0.859461933374405 1.07319805026054 0.946449279785156 0.944713085889816 1.7295663356781 1.8103129863739 1.88168066740036 1.93795108795166 1.91716182231903 2.03034299612045 1.79737141728401 1.10696321725845 1.80925959348679 1.48341000080109 0.92424675822258 0.810091316699982 0.732787191867828 0.712439686059952 0.812992841005325 0.881127655506134 0.910656183958054 0.92989593744278 1.0111378133297 1.39633530378342 2.17612481117249 4.00507664680481 4.53461086750031 5.18332922458649 7.74499082565308 10.2238004207611 8.86522517885481 6.34981775283813 5.47638130187988 4.74255323410034 4.6179496049881 7.76971435546875 13.2955756187439 16.5543125867844 -9999 -9999 -9999 -9999 -9999
6.12161336036829 6.24606260343602 17.7368472218513 3.50986188650131 3.92831307649612 4.89238750934601 5.25622951984406 4.95022094249725 4.48293793201447 4.86866426467896 4.58766728639603 2.38142931461334 1.83240616321564 1.49088817834854 1.52327567338943 1.5319561958313 1.34191560745239 1.05844098329544 1.13762667775154 1.31956127285957 1.37248474359512 1.36212435364723 1.62673580646515 1.70408391952515 1.67003041505814 1.613873898983 1.5475839972496 1.615902364254 1.43882878124714 1.32466506958008 0.825234800577164 0.853730231523514 0.768306612968445 0.791843086481094 0.744869112968445 0.687972754240036 0.754020988941193 0.76370644569397 0.780404716730118 0.895929872989655 1.08535811305046 1.72254288196564 3.65540742874146 5.09199178218842 6.17515754699707 6.19458961486816 2.70965445041656 5.04966723918915 13.7017941474915 9.71712362766266 10.5405687332153 16.5818696022034 16.0707936286926 14.9128217697144 14.7112126350403 15.117217540741 -9999 -9999 -9999 -9999 -9999
-9999 -9999 -9999 -9999 -9999 -9999 -9999 2.28387522697449 4.80154258012772 8.36471915245056 8.21447414159775 2.59478491544724 2.50764495134354 2.29440486431122 1.38212433457375 1.39965748786926 1.34142100811005 1.37557303905487 1.38273033499718 1.45345455408096 1.38425347208977 1.27847215533257 1.43113222718239 1.52570682764053 1.49919113516808 1.44156190752983 1.41408602893353 1.43314808607101 1.18460601568222 1.13052481412888 1.05896392464638 0.773325830698013 0.734825670719147 0.6828483492136 0.611295953392982 0.618226870894432 0.671835243701935 0.672140970826149 0.763832241296768 0.97455158829689 1.73097985982895 4.0275810956955 5.55971968173981 6.7671275138855 8.86115956306458 9.89320778846741 10.1340072154999 7.67397540807724 -9999 -9999 -9999 -9999 20.6384181976318 18.6416945457458 19.2670726776123 16.9225902557373 28.4660425186157 -9999 -9999 -9999 -9999
-9999 -9999 -9999 -9999 -9999 -9999 -9999 -9999 -9999 -9999 3.68715244531631 4.82043921947479 5.36768138408661 1.41259172558784 1.25600641965866 1.33312010765076 1.36768287420273 1.40723025798798 1.53706115484238 1.49633949995041 1.26354476809502 1.1131491959095 1.11399400234222 1.34630253911018 1.36540004611015 1.30852322280407 1.23716801404953 1.29176956415176 1.16162712872028 0.561504364013672 0.615368977189064 0.673875376582146 0.628788068890572 0.552417665719986 0.569409146904945 0.622327744960785 0.632243603467941 0.642244845628738 0.685526624321938 1.02263420820236 2.95108777284622 6.36873078346252 7.62853503227234 8.51899409294128 8.58712291717529 8.88748025894165 9.65610837936401 29.0682649612427 -9999 -9999 -9999 -9999 17.548882484436 33.8202610015869 21.8679170608521 29.8353338241577 31.7889318466187 38.4932345151901 68.2615928649902 -9999 -9999
-9999 -9999 -9999 -9999 -9999 -9999 -9999 -9999 -9999 -9999 -9999 3.60663789510727 3.72155714035034 2.71360927820206 1.69837242364883 1.48474860191345 1.54616475105286 1.27231433987617 1.24005997180939 1.19493824243546 0.883802890777588 0.858402460813522 0.978175163269043 1.19176197052002 0.811886429786682 0.765574157238007 1.07006987929344 0.996207028627396 0.941169954836369 0.581556960940361 0.613827601075172 0.631785929203033 0.537971422076225 0.542974278330803 0.545617192983627 0.525451585650444 0.536686912178993 0.598365023732185 0.710803404450417 3.40993022918701 5.68741357326508 6.88283658027649 8.3731906414032 9.2345073223114 9.27565383911133 7.55240535736084 6.8660581111908 -9999 -9999 -9999 -9999 -9999 -9999 -9999 18.7418149709702 24.3426511287689 32.1810531616211 33.3105010986328 10.8786277770996 -9999 -9999
-9999 -9999 -9999 -9999 -9999 -9999 -9999 -9999 -9999 -9999 -9999 4.3704868555069 3.0044549703598 2.79450809955597 2.19290149211884 1.93995916843414 1.46587416529655 1.3422058224678 1.22611257433891 1.06592381000519 0.87682718038559 0.710841536521912 0.692262187600136 0.778588771820068 0.676757767796516 0.643555864691734 0.612714886665344 0.878233529627323 0.932406842708588 0.537634313106537 0.53910031914711 0.547971904277802 0.543216615915298 0.534593224525452 0.495593056082726 0.470970243215561 0.543299496173859 0.689992994070053 1.72045361995697 3.17485570907593 4.45676207542419 7.10691404342651 8.31580066680908 8.61773586273193 8.72291350364685 7.20210027694702 24.9614437222481 33.0447750091553 -9999 -9999 -9999 15.5363706350327 13.3846843242645 7.95788025856018 7.84781455993652 8.07227039337158 11.542919754982 32.4846353530884 12.3415855125145 -9999 -9999
-9999 -9999 -9999 -9999 -9999 -9999 -9999 -9999 -9999 -9999 -9999 4.97573053836823 3.64679789543152 3.39364671707153 2.65552246570587 2.31229466199875 1.7752640247345 1.45411929488182 1.26901826262474 1.03134673833847 0.878537803888321 0.705549314618111 0.628639385104179 0.770946070551872 0.977929025888443 1.02256055921316 0.513279542326927 0.519432082772255 0.524110659956932 0.528870418667793 0.537556797266006 0.503019779920578 0.545588448643684 0.553507000207901 0.485516890883446 0.468977093696594 0.538716316223145 0.615520745515823 1.05130791664124 3.2719749212265 9.02836990356445 10.724175453186 9.4438841342926 6.89506387710571 6.15264987945557 12.8832460641861 4.61884054541588 -9999 -9999 -9999 -9999 13.1295926570892 11.781640291214 9.40883088111877 9.2156149148941 10.224089384079 11.7695358037949 -9999 -9999 -9999 -9999
-9999 -9999 -9999 -9999 -9999 -9999 -9999 -9999 -9999 -9999 -9999 3.67937564849854 3.88715761899948 3.02704346179962 2.25511962175369 1.86316394805908 1.50913059711456 1.49337682127953 1.27634757757187 1.13740128278732 1.41272762417793 1.20563068985939 1.08255292475224 0.945558607578278 0.854177512228489 0.913426615297794 0.512303039431572 0.509181842207909 0.499132052063942 0.543254435062408 0.5242550522089 0.725482866168022 0.980356335639954 0.90177994966507 0.536258429288864 0.498140662908554 0.536670818924904 1.0970541536808 2.5189014673233 6.83030605316162 10.2320551872253 8.91463422775269 7.25189137458801 5.87795627117157 11.2619526386261 11.893926680088 3.86466658115387 -9999 -9999 -9999 -9999 -9999 11.8400185704231 8.64800369739532 8.57087659835815 10.4402591586113 -9999 -9999 -9999 -9999 -9999
-9999 -9999 -9999 -9999 -9999 -9999 -9999 -9999 -9999 -9999 -9999 3.90409451723099 2.06657874584198 1.88579106330872 1.70816999673843 1.48221588134766 1.30260416865349 1.46446993947029 1.15505200624466 0.854568064212799 1.46262435615063 1.19393277168274 0.549046084284782 0.559811800718307 0.531802833080292 0.553788855671883 0.569076552987099 0.508031755685806 0.55273412168026 0.634153380990028 0.957283794879913 1.24426200985909 1.00618171691895 0.637235641479492 0.450279504060745 0.492022946476936 0.532510489225388 1.04280012845993 2.72478121519089 5.64314460754395 7.17307877540588 9.35065197944641 14.2646698951721 12.5345020294189 15.2931507825851 5.15538391470909 3.86466693878174 -9999 -9999 -9999 -9999 12.1949715614319 -9999 -9999 -9999 -9999 -9999 -9999 -9999 -9999 -9999
-9999 -9999 -9999 -9999 -9999 -9999 -9999 -9999 -9999 -9999 -9999 3.72773122787476 2.2690195441246 1.93332999944687 1.43517109751701 1.34800949692726 1.12845504283905 0.909292459487915 0.846034526824951 1.40271887183189 1.39676401019096 1.1498606801033 0.542265594005585 0.503102481365204 0.505627512931824 0.566143646836281 0.594009518623352 0.64134281873703 0.641096234321594 0.636428162455559 0.87821701169014 0.931124120950699 0.776220381259918 0.505882814526558 0.453232705593109 0.541960313916206 0.896633952856064 2.11216199398041 4.17168366909027 6.17506742477417 9.21305394172668 13.5795521736145 14.9124412536621 14.1907968521118 14.3863663673401 -9999 -9999 -9999 -9999 -9999 -9999 -9999 -9999 -9999 -9999 -9999 -9999 -9999 -9999 -9999 -9999
-9999 -9999 -9999 -9999 -9999 -9999 -9999 -9999 -9999 -9999 3.95885288715363 2.90598821640015 2.48826313018799 1.48510363698006 1.13696712255478 1.11037516593933 0.836341738700867 0.802892982959747 0.669920906424522 0.631274476647377 0.637945309281349 0.566491886973381 0.475673004984856 0.458785459399223 0.545764490962029 0.591798797249794 0.599806889891624 0.643320143222809 0.679111585021019 0.967219412326813 1.49256938695908 0.965811610221863 0.776446223258972 0.509440362453461 0.508375704288483 0.938095450401306 1.33896061778069 2.10127580165863 4.03435671329498 7.10831809043884 11.3297882080078 15.162034034729 18.4331746101379 17.8748331069946 16.0237927436829 -9999 -9999 -9999 -9999 -9999 -9999 -9999 -9999 -9999 -9999 -9999 -9999 -9999 -9999 -9999 -9999
-9999 -9999 -9999 -9999 -9999 -9999 -9999 -9999 -9999 3.28386068344116 3.45318031311035 3.23574936389923 2.74395436048508 1.58739030361176 1.14754155278206 1.02521699666977 0.940842479467392 0.826003611087799 0.592323884367943 0.551806926727295 0.57347846031189 0.53886191546917 0.461477011442184 0.473480567336082 0.564694181084633 0.596698433160782 0.565247878432274 0.665379971265793 0.96971207857132 1.23928660154343 1.22832235693932 1.12477308511734 1.10192584991455 0.792598575353622 0.844603568315506 1.94251173734665 3.19462966918945 4.73731398582458 5.86319983005524 8.90277099609375 13.0043206214905 15.6660203933716 17.5799074172974 5.69786846637726 3.25656187534332 -9999 -9999 -9999 -9999 -9999 -9999 -9999 -9999 -9999 -9999 -9999 -9999 -9999 -9999 -9999 -9999
-9999 -9999 -9999 -9999 -9999 -9999 -9999 -9999 5.26951165632768 4.3023310303688 3.38941276073456 2.86767339706421 2.10548329353333 1.49708819389343 1.27529472112656 0.90772470831871 0.888861626386642 0.827987194061279 0.744079738855362 0.664251431822777 0.576044663786888 0.51661741733551 0.515084579586983 0.551240131258965 0.610475644469261 0.62649630010128 0.571076720952988 0.662431597709656 0.91513779759407 0.953462272882462 0.985748738050461 1.03565892577171 1.20841151475906 1.53330159187317 2.00027972459793 3.89845275878906 5.57728958129883 7.27323389053345 8.47167277336121 11.0780217647552 12.2489790916443 10.8048188388348 -9999 -9999 -9999 -9999 -9999 -9999 -9999 -9999 -9999 -9999 -9999 -9999 -9999 -9999 -9999 -9999 -9999 -9999 -9999
-9999 -9999 -9999 -9999 -9999 -9999 3.29410819709301 3.7682865858078 2.91831976175308 3.05350756645203 2.56633669137955 1.85116821527481 1.36221590638161 1.21391451358795 1.29572483897209 1.27676698565483 1.13006007671356 0.930218249559402 0.969651103019714 0.831641525030136 0.651204004883766 0.53156541287899 0.522192075848579 0.498950377106667 0.971823379397392 0.642696037888527 0.648870393633842 0.646473616361618 0.678213715553284 0.818510949611664 0.978431761264801 1.11881491541862 2.01283532381058 3.43235564231873 5.19713079929352 6.58256936073303 9.45608425140381 11.3339960575104 12.0150246620178 4.09134777954647 -9999 -9999 -9999 -9999 -9999 -9999 -9999 -9999 -9999 -9999 -9999 -9999 -9999 -9999 -9999 -9999 -9999 -9999 -9999 -9999 -9999
-9999 -9999 -9999 -9999 -9999 -9999 4.07814484834671 4.08162152767181 2.98784816265106 2.78461754322052 2.39459484815598 2.00205713510513 1.57198172807693 1.57492858171463 1.57461333274841 1.542012155056 1.08647364377975 1.08847689628601 1.00471016764641 0.883079141378403 0.875837177038193 0.718192309141159 0.739214614033699 0.817226976156235 0.784081131219864 0.790476858615875 0.784032940864563 0.759218037128448 0.602531120181084 0.596694320440292 1.498733907938 2.39547783136368 4.22827041149139 6.49012684822083 8.01013970375061 9.33340430259705 10.7530238628387 10.6314461231232 8.17123603820801 20.2356777191162 -9999 -9999 -9999 -9999 -9999 -9999 -9999 -9999 -9999 -9999 -9999 -9999 -9999 -9999 -9999 -9999 -9999 -9999 -9999 -9999 -9999
-9999 -9999 -9999 -9999 3.69610388712449 4.11826550960541 3.30350518226624 2.99201256036758 2.50193417072296 2.46692526340485 2.48618513345718 2.01722520589828 1.69537550210953 1.55592477321625 1.79132688045502 1.34402006864548 0.972732156515121 0.840659826993942 0.760499238967896 1.01856610178947 1.06271222233772 0.940923660993576 0.955966830253601 0.904953360557556 0.86591836810112 0.847387790679932 0.972337692975998 1.23423823714256 0.919911235570908 1.90462222695351 2.21049392223358 4.12643694877625 5.3147839307785 6.45626950263977 6.78331804275513 7.9256329536438 7.46655035018921 7.91834020614624 -9999 -9999 -9999 -9999 -9999 -9999 -9999 -9999 -9999 -9999 -9999 -9999 -9999 -9999 -9999 -9999 -9999 -9999 -9999 -9999 -9999 -9999 -9999
-9999 -9999 3.75395749117199 4.32561818758647 3.89246063232422 3.75425684452057 3.15266990661621 2.55559515953064 2.33454215526581 2.63709497451782 2.36841076612473 1.98065239191055 1.66883879899979 1.439971357584 1.91011583805084 0.908834964036942 0.781511306762695 0.729785710573196 0.693209454417229 1.49265038967133 1.26485440135002 1.23771688342094 1.26672953367233 1.27537751197815 1.31411902606487 1.24546381831169 1.41055673360825 3.74914383888245 2.98724412918091 3.07142293453217 3.56421911716461 4.2731526196003 4.96252584457397 5.60296297073364 5.93674457073212 9.57920730113983 -9999 -9999 -9999 -9999 -9999 -9999 -9999 -9999 -9999 -9999 -9999 -9999 -9999 -9999 -9999 -9999 -9999 -9999 -9999 -9999 -9999 -9999 -9999 -9999 -9999
-9999 -9999 4.59207288424174 3.97137529850006 3.45163464546204 3.78945243358612 2.88724905252457 2.58102124929428 2.54415142536163 2.33943378925323 2.22865462303162 1.59127914905548 1.32415705919266 1.26790541410446 2.44164884090424 1.49873533844948 1.46674892306328 1.46704950928688 1.76851952075958 1.41080877184868 1.33087483048439 1.59564220905304 1.61300092935562 1.56438803672791 3.82077026367188 4.20691788196564 3.25986349582672 2.65331250429153 2.88648927211761 3.45528745651245 3.93159198760986 4.80215388536453 5.35185492038727 4.85817503929138 4.70361578464508 5.35276808738709 5.75332446098328 5.96434135437012 -9999 -9999 -9999 -9999 -9999 -9999 -9999 -9999 -9999 -9999 -9999 -9999 -9999 -9999 -9999 -9999 -9999 -9999 -9999 -9999 -9999 -9999 -9999
4.83419088522593 4.26645982265472 3.58728164434433 3.29129987955093 3.30693233013153 3.25447940826416 2.8010281920433 2.22572314739227 2.30339473485947 2.12689250707626 1.57741749286652 1.41854658722878 1.34410813450813 1.37564125657082 2.14284324645996 1.58125913143158 1.53513425588608 1.5624412894249 1.55578190088272 1.55578190088272 1.77606207132339 2.9649156332016 3.71050751209259 4.79482269287109 4.19865667819977 3.32842147350311 2.71345603466034 2.38598906993866 3.9336331486702 3.56941723823547 4.2322643995285 4.59534233808517 5.71201801300049 4.40436959266663 -9999 -9999 -9999 -9999 -9999 -9999 -9999 -9999 -9999 -9999 -9999 -9999 -9999 -9999 -9999 -9999 -9999 -9999 -9999 -9999 -9999 -9999 -9999 -9999 -9999 -9999 -9999
4.78898394107819 4.00922763347626 3.80966484546661 3.88960987329483 3.44154560565948 3.554563164711 3.73402959108353 3.39156800508499 3.12136656045914 3.06252041459084 2.39934056997299 2.12053048610687 2.4505760371685 2.037398904562 1.79162666201591 1.91517984867096 2.09531700611115 2.17985612154007 2.21198903024197 2.46900469064713 4.65767598152161 4.91813135147095 5.82044470310211 5.30554747581482 3.98464608192444 2.38267439603806 1.93375182151794 3.35382369160652 3.77611711621284 3.91010472178459 4.63608109951019 4.77530097961426 4.58364832401276 3.76429975032806 -9999 -9999 -9999 -9999 -9999 -9999 12.9042286615114 12.6942715644836 -9999 -9999 -9999 -9999 -9999 -9999 -9999 -9999 -9999 -9999 -9999 -9999 -9999 -9999 -9999 -9999 -9999 -9999 -9999
-9999 -9999 4.63450280825297 4.65838950872421 6.44018971920013 6.02137434482574 5.35577756166458 3.93911647796631 3.69955694675446 2.63510066270828 2.58416837453842 2.4200177192688 2.28469070792198 1.98229524493217 2.06803013384342 3.54570329189301 3.9319953918457 3.77640044689178 3.77640044689178 3.57508170604706 3.84136882424355 4.59625089168549 3.74462199211121 2.74612104892731 2.18580400943756 2.10912269353867 3.01107037067413 3.21938019990921 3.49509286880493 3.85995930433273 4.13172554969788 4.41307067871094 5.25674710954939 3.42093944549561 -9999 -9999 -9999 -9999 -9999 -9999 -9999 -9999 -9999 -9999 -9999 -9999 -9999 -9999 -9999 -9999 -9999 -9999 -9999 -9999 -9999 -9999 -9999 -9999 -9999 -9999 -9999
-9999 -9999 -9999 -9999 -9999 -9999 -9999 4.24405974149704 4.4366090297699 2.72336286306381 2.72336304187775 2.30167105793953 1.96701183915138 2.00056649744511 2.35898333787918 4.15965378284454 4.02580118179321 3.42600882053375 3.42600882053375 3.67374667525291 3.83515638113022 3.91616097092628 1.86114495992661 2.2694998383522 2.3639817237854 3.17485678195953 3.58476040363312 3.62942605018616 3.47280770540237 -9999 -9999 -9999 -9999 -9999 -9999 -9999 -9999 -9999 -9999 -9999 -9999 -9999 -9999 -9999 -9999 -9999 -9999 -9999 -9999 -9999 -9999 -9999 -9999 -9999 -9999 -9999 -9999 -9999 -9999 -9999 -9999
-9999 -9999 -9999 -9999 -9999 -9999 -9999 4.59236168861389 3.8581286072731 3.36751645803452 2.39169386029243 1.92433592677116 1.84826038777828 2.01750952005386 2.23738914728165 2.31915244460106 2.82663381099701 3.00286138057709 3.33264255523682 3.25298684835434 3.75842589139938 4.40962171554565 4.91532737016678 4.17814600467682 3.23721393942833 3.39926190376282 -9999 -9999 -9999 -9999 -9999 -9999 -9999 -9999 -9999 -9999 -9999 -9999 -9999 -9999 -9999 -9999 -9999 -9999 -9999 -9999 -9999 -9999 -9999 -9999 -9999 -9999 -9999 -9999 -9999 -9999 -9999 -9999 -9999 -9999 -9999
