EcologicalScience/Bass/data/rs_data_bass/chl_434.asc
NCOLS 226 
NROWS 124 
XLLCORNER -9.41648524995501 
YLLCORNER 47.587301625531 
CELLSIZE 0.0833 
NODATA_value -9999 
[rows 81 to 107 of 124, columns 62 to 123 of 226]
3.85158455371857 5.97498106956482 7.6620512008667 7.66205191612244 -9999 -9999 -9999 -9999 -9999 -9999 -9999 -9999 -9999 -9999 -9999 -9999 -9999 -9999 -9999 -9999 -9999 -9999 -9999 -9999 -9999 -9999 -9999 -9999 -9999 -9999 -9999 -9999 -9999 -9999 -9999 -9999 -9999 -9999 -9999 -9999 -9999 -9999 -9999 -9999 -9999 -9999 -9999 -9999 -9999 -9999 -9999 -9999 -9999 -9999 -9999 -9999 -9999 -9999 -9999 -9999 -9999 -9999
3.28625531364413 -9999 -9999 -9999 -9999 -9999 -9999 -9999 -9999 -9999 -9999 -9999 -9999 -9999 -9999 -9999 -9999 -9999 -9999 -9999 -9999 -9999 -9999 -9999 -9999 -9999 -9999 -9999 -9999 -9999 -9999 -9999 -9999 -9999 -9999 -9999 -9999 -9999 -9999 -9999 -9999 -9999 -9999 -9999 -9999 -9999 -9999 -9999 -9999 -9999 -9999 -9999 -9999 -9999 -9999 -9999 -9999 -9999 -9999 -9999 -9999 -9999
-9999 -9999 -9999 -9999 -9999 -9999 -9999 -9999 -9999 -9999 -9999 -9999 -9999 -9999 -9999 -9999 -9999 -9999 -9999 -9999 -9999 -9999 -9999 -9999 -9999 -9999 -9999 -9999 -9999 -9999 -9999 -9999 -9999 -9999 -9999 -9999 -9999 -9999 -9999 -9999 -9999 -9999 -9999 -9999 -9999 -9999 -9999 -9999 -9999 -9999 -9999 -9999 -9999 -9999 -9999 -9999 -9999 -9999 -9999 -9999 -9999 -9999
-9999 -9999 -9999 -9999 -9999 -9999 -9999 -9999 -9999 -9999 -9999 -9999 -9999 -9999 -9999 -9999 -9999 -9999 -9999 -9999 -9999 -9999 -9999 -9999 -9999 -9999 -9999 -9999 -9999 -9999 -9999 -9999 -9999 -9999 -9999 -9999 -9999 -9999 -9999 -9999 -9999 -9999 -9999 -9999 -9999 -9999 -9999 -9999 -9999 -9999 -9999 -9999 -9999 -9999 -9999 -9999 -9999 7.31254608035088 7.29305834770203 7.20715141296387 4.79655003547668 4.40463316440582
-9999 -9999 -9999 -9999 -9999 -9999 -9999 -9999 -9999 -9999 -9999 -9999 -9999 -9999 -9999 -9999 -9999 -9999 -9999 -9999 -9999 -9999 -9999 -9999 -9999 -9999 -9999 -9999 -9999 -9999 -9999 -9999 -9999 -9999 -9999 -9999 37.1749906539917 -9999 3.35616910457611 3.79686605930328 -9999 -9999 3.23987020765032 7.55491662025452 15.8942813873291 30.4390239715576 26.7659711837769 45.0426893234253 16.364387512207 11.6067202091217 9.64039492607117 2.48422755797704 -9999 -9999 -9999 11.8754138946533 12.9870901107788 9.03728771209717 7.92570376396179 5.81822311878204 5.99091589450836 6.14097905158997
-9999 -9999 -9999 -9999 -9999 -9999 -9999 -9999 -9999 -9999 -9999 -9999 4.10298701938318 4.89627277851105 1.22666869560877 1.23086178302765 0.986271768808365 0.882544487714767 1.12509450316429 -9999 -9999 -9999 -9999 -9999 -9999 -9999 -9999 -9999 3.35350799560547 3.76508402824402 3.98086559772491 4.71926164627075 -9999 3.66949796676636 -9999 -9999 -9999 2.68547254800797 5.42617285251617 5.65046167373657 3.68800485134125 7.54208493232727 12.6074395179749 12.6937952041626 13.6725497245789 12.2642512321472 12.4150114059448 11.1137509346008 9.32829022407532 7.83940458297729 9.64353132247925 10.8753004074097 14.3116707801819 11.2533531188965 10.460165977478 10.3431050777435 10.7976830005646 7.45200204849243 7.85684895515442 8.63739895820618 8.48220276832581 5.03842949867249
-9999 -9999 -9999 -9999 -9999 -9999 -9999 -9999 -9999 -9999 7.53328084945679 2.99800497293472 1.52653276920319 0.773441255092621 0.768295526504517 0.656735256314278 0.704031005501747 0.837764292955399 1.51334327459335 2.16232126951218 1.60654420074489 -9999 9.45547699928284 4.42345118522644 5.28677487373352 -9999 -9999 1.95488492218224 2.87039244174957 3.17143785953522 3.08792638778687 3.10589396953583 2.764328956604 2.56593829393387 -9999 -9999 3.05921447277069 14.144787311554 8.11550259590149 6.90614461898804 7.65728545188904 8.58258819580078 9.66640305519104 8.84995293617249 9.05507040023804 7.70864081382751 6.21037101745605 5.75852859020233 6.08206915855408 6.3990740776062 6.16510319709778 6.63926768302917 7.13780665397644 8.53756856918335 8.81770920753479 9.06286096572876 7.2631573677063 7.1202392578125 7.6559271812439 8.58758354187012 3.12518692016602 3.2183586359024
-9999 -9999 -9999 -9999 -9999 -9999 -9999 -9999 -9999 0.938703775405884 1.23637202382088 1.10347500443459 0.740510255098343 0.709291487932205 0.680980503559113 0.686663255095482 0.766589999198914 1.29782027006149 3.08355295658112 5.50853490829468 5.11888360977173 3.27545825242996 3.74643087387085 2.63408696651459 2.43289357423782 2.11485743522644 1.98467016220093 2.00694000720978 2.02699649333954 1.99178177118301 2.08507043123245 2.426105260849 2.62825047969818 2.6001284122467 2.86667025089264 3.93399059772491 6.12440156936646 8.70947957038879 7.32380032539368 6.40496635437012 5.92000722885132 5.8955272436142 4.60668361186981 3.57183086872101 3.15108811855316 2.76790505647659 2.83114725351334 2.93787753582001 2.80553698539734 4.20717823505402 6.50205016136169 7.14843893051147 6.93283653259277 9.00349545478821 7.60058426856995 6.97335290908813 6.12353253364563 5.28898358345032 5.64573240280151 5.32424032688141 3.68513774871826 6.41675233840942
-9999 -9999 -9999 -9999 -9999 -9999 -9999 -9999 -9999 0.629008501768112 0.626670733094215 0.469437003135681 0.610466256737709 0.852534770965576 1.21883851289749 1.5776002407074 1.4193007349968 1.77238941192627 3.11455571651459 4.23113393783569 4.88408482074738 5.24343824386597 5.22393357753754 3.83009111881256 1.80222594738007 1.41693449020386 1.3439647257328 1.44148197770119 1.5376410484314 1.71424055099487 1.83001202344894 2.10321968793869 2.32032001018524 2.52380776405334 2.54662871360779 2.73659545183182 3.06435585021973 4.39942109584808 6.09366989135742 4.99257230758667 3.89176332950592 3.14032709598541 1.81032228469849 1.58452355861664 1.82382971048355 1.87136846780777 1.61425799131393 1.77758252620697 2.15273916721344 4.54485583305359 5.55989241600037 4.91045916080475 3.85239064693451 5.32743537425995 5.20593667030334 4.41528153419495 5.08589172363281 6.39124202728271 5.80708050727844 4.94021165370941 11.6609816551208 8.97648167610168
-9999 -9999 -9999 -9999 -9999 -9999 -9999 -9999 -9999 0.584459245204926 0.445282503962517 0.516966015100479 0.709582507610321 1.17480826377869 1.47589427232742 1.83282458782196 1.97249633073807 2.24392122030258 2.92731517553329 3.69929015636444 4.35174751281738 4.1610563993454 3.58825135231018 2.69819694757462 1.31256151199341 1.12060654163361 1.19915547966957 1.38065922260284 1.43168324232101 1.43717774748802 1.47544723749161 1.71262049674988 1.63239830732346 1.52385753393173 1.47441074252129 1.5106987953186 1.65048891305923 2.08382552862167 2.67988729476929 1.98586428165436 1.37125799059868 1.03973472118378 0.759125232696533 0.750762015581131 0.75423002243042 0.721194729208946 0.617547020316124 0.601517245173454 0.697785750031471 1.9651238322258 2.36790901422501 1.98157346248627 1.4259232878685 2.74490547180176 3.8714611530304 5.30134499073029 6.43650054931641 5.3041867017746 4.42889714241028 4.12709033489227 5.4260812997818 5.63533186912537
0.360243760049343 0.449568003416061 3.45853435993195 5.07713612914085 -9999 -9999 -9999 1.89864152669907 2.31373804807663 1.09061622619629 0.440737500786781 0.587729260325432 0.833864986896515 1.66492581367493 2.52935707569122 3.14603841304779 2.97870898246765 2.52894741296768 2.28960299491882 2.1523050069809 2.16923993825912 2.26511174440384 1.96302902698517 1.69929224252701 1.11545321345329 1.03379845619202 1.01556676626205 1.01053270697594 1.00947448611259 1.00751477479935 1.01088604331017 1.08099675178528 1.10454297065735 1.10032948851585 1.09026896953583 1.13465246558189 1.10620728135109 1.10229751467705 0.825700521469116 0.681336745619774 0.641902506351471 0.641412734985352 0.675187513232231 0.699281260371208 0.69880199432373 0.656019017100334 0.584788486361504 0.528171747922897 0.490096494555473 0.661749020218849 0.717663019895554 0.696018755435944 0.780939728021622 1.93575006723404 2.77841395139694 3.3383857011795 2.16538953781128 3.04116082191467 3.37938809394836 4.31084847450256 5.10525012016296 4.66652941703796
0.418014764785767 0.779144257307053 2.82333379983902 6.11820316314697 4.40244090557098 3.85894274711609 3.37880623340607 2.09160143136978 1.2778477370739 0.643898248672485 0.751076996326447 1.04620796442032 2.06429779529572 2.80538320541382 2.65935301780701 3.09084820747375 2.82652133703232 2.86938518285751 2.54153841733932 1.99189352989197 1.38726300001144 0.992239505052567 0.891887962818146 0.817650765180588 0.754848718643188 0.745352268218994 0.737671494483948 0.735532522201538 0.74073600769043 0.747297763824463 0.742638006806374 0.762050271034241 0.771265536546707 0.793203771114349 0.773655027151108 0.664251744747162 0.634038761258125 0.629819244146347 0.641151756048203 0.660011261701584 0.672783002257347 0.667408481240273 0.666883483529091 0.667635753750801 0.668681234121323 0.648558005690575 0.599676758050919 0.547316238284111 0.508658990263939 0.569410488009453 0.572763741016388 0.610121995210648 0.789755254983902 2.12124824523926 1.14471450448036 1.32687672972679 1.51539158821106 1.43404045701027 1.50234603881836 2.37780743837357 5.29090869426727 8.14975905418396
0.514747515320778 0.740160763263702 1.3735199868679 2.09573704004288 2.11186730861664 1.78631168603897 1.85135328769684 1.50324457883835 1.16197729110718 1.30548602342606 1.82116055488586 2.03819543123245 2.14567583799362 2.27442598342896 2.09434354305267 2.16984754800797 2.43805056810379 2.8139460682869 2.6758251786232 2.33590042591095 1.89755094051361 1.40771028399467 1.14884099364281 0.939026266336441 0.760830760002136 0.861563265323639 0.916141480207443 0.876763522624969 0.774593263864517 0.732845261693001 0.697881728410721 0.654849752783775 0.621074259281158 0.609743267297745 0.612909749150276 0.621341228485107 0.641323506832123 0.662186980247498 0.693242266774178 0.707994014024734 0.706755012273788 0.698537260293961 0.693728238344193 0.692532017827034 0.695049002766609 0.693862482905388 0.652027487754822 0.619701728224754 0.588565483689308 0.661209002137184 0.814101755619049 1.00359597802162 1.02520877122879 1.23621225357056 1.31200951337814 1.28519028425217 1.09235402941704 1.19271004199982 1.4299627840519 1.7482904791832 4.9716203212738 6.48043441772461
0.754931956529617 0.813051760196686 0.896214723587036 1.48997175693512 2.2736542224884 2.14022773504257 1.95507305860519 1.54296004772186 1.50735980272293 1.43301451206207 1.43495321273804 1.91893494129181 2.15130007266998 2.03114694356918 1.98745054006577 2.57359206676483 2.94837373495102 3.22122895717621 3.08975565433502 2.0575162768364 1.6579327583313 1.01519250869751 0.982785791158676 1.19984400272369 1.45084878802299 1.82939994335175 1.8531112074852 1.72983008623123 1.25232902169228 1.05535724759102 0.90724503993988 0.767527520656586 0.693529486656189 0.692745745182037 0.677060231566429 0.667823240160942 0.685366496443748 0.701363995671272 0.728899508714676 0.81944328546524 0.875769764184952 0.902922034263611 0.953601747751236 1.07999700307846 1.14432147145271 1.19428128004074 0.809933245182037 0.701891228556633 0.64657124876976 0.768835544586182 0.899332523345947 0.995093286037445 1.03352549672127 1.14596852660179 1.0922819674015 1.18158450722694 0.911925762891769 0.880557775497437 1.01781749725342 1.26519522070885 3.05391669273376 3.81931185722351
3.06038618087769 2.33229982852936 2.97447824478149 3.83923280239105 3.27271735668182 2.93119204044342 2.16166055202484 1.8462975025177 1.79549396038055 1.53075671195984 1.29487949609756 1.51187324523926 1.63543492555618 1.69855499267578 2.21847224235535 2.40019941329956 2.53126502037048 3.25083160400391 2.5786058306694 1.74839097261429 1.34324249625206 1.2139889895916 1.4933594763279 1.75239372253418 1.75566977262497 1.65489900112152 1.68732529878616 1.68434178829193 1.38338327407837 1.17733052372932 1.05368623137474 0.88818222284317 0.785007745027542 0.77929276227951 0.767001003026962 0.870118528604507 0.873606026172638 0.906089276075363 0.931622207164764 1.16670674085617 1.3347974717617 1.36981648206711 3.51218175888062 3.98552477359772 3.67689228057861 2.65103405714035 1.67834025621414 1.4689507484436 0.839873224496841 0.774965286254883 0.863866478204727 0.962415039539337 0.9675352871418 0.973182767629623 1.0076632797718 1.0089465379715 1.2051944732666 1.42226475477219 1.74614632129669 2.06952381134033 2.71360570192337 3.08197367191315
3.10901999473572 5.61808884143829 5.9883406162262 6.50889587402344 8.57708644866943 6.68397617340088 2.29242146015167 1.8882263302803 1.59078294038773 1.28846025466919 1.16441175341606 1.09064850211143 1.38776627182961 1.42316401004791 1.24302971363068 2.31733721494675 3.02002859115601 3.72500789165497 4.06417965888977 4.05393004417419 3.5581351518631 2.36014419794083 1.84096419811249 1.77064508199692 1.7595232129097 1.70501697063446 1.64302200078964 1.5655642747879 1.48080226778984 1.09983748197556 0.898665726184845 0.898847222328186 0.865018486976624 0.931281745433807 0.963072717189789 1.07704728841782 1.18372276425362 1.23207297921181 1.31836429238319 1.82977867126465 1.85622596740723 2.06995421648026 5.1679927110672 6.18024730682373 5.72245287895203 4.41177213191986 2.41577625274658 1.82093775272369 1.10373678803444 0.88891276717186 0.93891379237175 0.932105273008347 0.922733992338181 1.04095950722694 1.1812170445919 1.39446598291397 1.7624294757843 2.1639284491539 2.72628217935562 3.21685194969177 4.38598430156708 2.32508145272732
4.38832426071167 5.75848960876465 7.00610947608948 6.85907936096191 7.93209099769592 2.14847391843796 1.29480904340744 1.28710877895355 1.05128252506256 0.960675716400146 1.00653147697449 0.986085712909698 0.854180216789246 0.976658999919891 1.25412520766258 2.6185941696167 3.39451503753662 3.67116057872772 2.72784680128098 2.37191104888916 2.1652672290802 1.80457431077957 2.80264717340469 2.53501582145691 2.06054466962814 1.30015799403191 1.19253221154213 1.24031621217728 1.27387350797653 1.05276596546173 0.93035101890564 0.962033987045288 1.05035546422005 1.04733449220657 1.08273750543594 1.13272127509117 1.25712221860886 1.4027264714241 1.58213031291962 1.11894375085831 1.24891197681427 1.19266498088837 1.75911372900009 2.86311668157578 4.27782762050629 4.75682866573334 1.96405506134033 1.2422054708004 0.946997970342636 1.58138394355774 1.43302202224731 1.18421325087547 1.15468874573708 1.72018879652023 2.0430600643158 2.33044266700745 2.823702226155 -9999 -9999 -9999 -9999 -9999
5.83131086826324 9.70405411720276 7.97077775001526 3.53899812698364 2.00069707632065 1.44473925232887 1.037517786026 0.914702206850052 0.915264040231705 0.93401625752449 0.90181428194046 0.9232297539711 0.885242253541946 1.06529697775841 1.35813975334167 1.50911629199982 1.30739477276802 1.51933193206787 1.6853084564209 2.055260181427 2.29037028551102 2.86035293340683 4.32646286487579 3.79116582870483 3.08536791801453 1.15327352285385 1.14867979288101 1.47533547878265 1.43535751104355 1.08083546161652 1.12305673956871 1.04817223548889 0.951129019260406 0.960341960191727 1.00348502397537 1.25433227419853 1.36602902412415 1.48069122433662 1.33975347876549 1.09542372822762 1.16403821110725 1.29489076137543 1.06625774502754 1.22072097659111 2.41526699066162 2.61846899986267 1.40357771515846 1.57182598114014 2.06014949083328 3.55096364021301 2.9144144654274 1.94266641139984 1.94613522291183 2.42914009094238 1.46942251676419 -9999 -9999 -9999 -9999 -9999 -9999 -9999
6.4714937210083 3.12582671642303 3.03088867664337 2.99572652578354 2.21605503559113 1.15849202871323 1.23398324847221 1.05901873111725 1.03271028399467 0.855335980653763 0.935455530881882 1.04584273695946 0.983120262622833 1.03489574790001 1.12819200754166 1.11189445853233 1.32078221440315 1.46397149562836 1.46922451257706 1.54887217283249 2.30980056524277 3.36866462230682 2.65884071588516 2.01533317565918 1.93805766105652 1.17673051357269 1.05804598331451 1.18586772680283 1.74072757363319 -9999 -9999 -9999 -9999 -9999 -9999 3.14426672458649 4.21749007701874 2.278335750103 1.31171026825905 0.993653208017349 0.97530072927475 1.22182050347328 1.46426251530647 1.54294055700302 1.63393574953079 1.66989898681641 2.11651718616486 2.35983377695084 3.95329141616821 3.57547509670258 2.71161818504333 2.80734604597092 2.70389956980944 1.9762424826622 1.97624230384827 -9999 -9999 -9999 -9999 -9999 -9999 -9999
4.50927436351776 4.27958536148071 6.94173574447632 5.25430798530579 1.97219932079315 1.52418458461761 1.02760121226311 1.13614350557327 1.13294327259064 0.828091531991959 0.769503772258759 0.895271211862564 1.0823700428009 1.10850003361702 1.17014622688293 1.39504051208496 1.50989931821823 1.67434358596802 1.59620922803879 1.66937774419785 1.55051332712173 1.56029623746872 1.40284422039986 1.58994591236115 1.95574575662613 1.83293706178665 1.38362476229668 1.45249575376511 1.33283624053001 -9999 -9999 -9999 -9999 -9999 -9999 -9999 18.4711861610413 13.7135353088379 5.06569933891296 1.94868528842926 1.65930068492889 1.27676627039909 1.47776475548744 1.62367272377014 3.51716780662537 12.2887115478516 12.3541073799133 10.6306099891663 9.69167447090149 6.57051658630371 4.65907287597656 4.09369575977325 -9999 -9999 -9999 -9999 -9999 -9999 -9999 -9999 -9999 -9999
3.9494047164917 3.96657657623291 1.89305931329727 2.12601757049561 1.6314098238945 1.60714119672775 1.04977950453758 0.798410207033157 0.755943775177002 0.846310526132584 0.748611018061638 0.884022742509842 0.956965506076813 1.07110574841499 1.07819554209709 1.16926270723343 1.21630945801735 1.85594397783279 2.3228520154953 2.12690771313814 0.859909250785451 2.27059507369995 1.43650647997856 1.15081349015236 1.39257377386093 1.80962473154068 1.93533754348755 2.02773141860962 2.12425357103348 -9999 -9999 -9999 -9999 -9999 -9999 -9999 7.29518938064575 8.40043473243713 19.866888999939 3.47956717014313 2.49836093187332 1.85557794570923 1.47386625409126 5.6070556640625 10.4031014442444 19.9555277824402 29.882137298584 18.1444473266602 10.4737651348114 7.54238104820251 9.10686635971069 6.27622050046921 4.29342707303854 -9999 -9999 -9999 -9999 -9999 -9999 -9999 -9999 -9999
4.36220383644104 3.72910737991333 2.84521347284317 1.67403531074524 1.80396598577499 1.49624472856522 1.05671471357346 0.722332522273064 0.736986011266708 0.742713734507561 0.82591125369072 0.813710242509842 0.826945513486862 0.827574044466019 0.824038535356522 0.872028708457947 1.03600350022316 1.35818400979042 1.86683768033981 2.56693875789642 1.54039943218231 1.6059188246727 1.36392375826836 0.990543007850647 1.12452301383018 1.39666503667831 1.94475674629211 2.50803673267365 2.43563103675842 2.5094992518425 -9999 -9999 -9999 -9999 -9999 -9999 -9999 4.26248118281364 17.8878837525845 2.90487985100065 2.4994620680809 2.27085292339325 2.249616086483 4.84515389800072 5.60669696331024 9.12809443473816 5.14434626698494 54.4911804199219 28.5843229293823 16.0770335197449 6.16560305867876 5.44225496053696 6.33189455182606 -9999 -9999 -9999 -9999 -9999 -9999 -9999 -9999 -9999
2.64748424291611 2.24168998003006 1.50976431369781 1.82423776388168 1.40739226341248 0.993641227483749 1.04468777775764 0.783594757318497 0.704676747322083 0.711311995983124 0.597964480519295 0.596781760454178 0.636434242129326 0.646430253982544 0.641426235437393 0.711147755384445 0.814999490976334 0.901425719261169 1.04665124416351 1.05423223972321 0.805598974227905 0.901475965976715 0.959130764007568 1.06250551342964 1.15174877643585 1.31611946225166 1.41254854202271 1.52982741594315 1.329993724823 1.72736245393753 -9999 -9999 -9999 -9999 -9999 -9999 -9999 -9999 -9999 -9999 -9999 -9999 -9999 -9999 -9999 -9999 3.65490746498108 5.95548483303615 11.1227340102196 4.4866208402734 -9999 -9999 -9999 -9999 -9999 -9999 -9999 -9999 -9999 -9999 -9999 -9999
1.4699467420578 1.60957127809525 1.70902276039124 1.72636342048645 1.4258399605751 1.10199826955795 0.948587983846664 0.775023758411407 0.688947021961212 0.61769999563694 0.590160772204399 0.534668236970901 0.545637756586075 0.547400996088982 0.550908744335175 0.584931761026382 0.648798733949661 0.669360011816025 0.684582754969597 0.720136508345604 0.764498233795166 0.803803503513336 0.934660524129868 1.31777727062052 -9999 -9999 1.71328912178675 1.13574904203415 1.20008021593094 1.25961524248123 1.51707816123962 -9999 -9999 -9999 -9999 -9999 -9999 -9999 -9999 -9999 -9999 -9999 -9999 -9999 -9999 -9999 -9999 -9999 -9999 -9999 -9999 -9999 -9999 -9999 -9999 -9999 -9999 -9999 -9999 -9999 -9999 -9999
1.32392996549606 1.3427452147007 1.44275772571564 1.48406249284744 1.08395245671272 1.03438201546669 0.899859040975571 0.675746262073517 0.64241024851799 0.61353600025177 0.591579750180244 0.525716990232468 0.52683824300766 0.538010984659195 0.575737506151199 0.618962243199348 0.616214230656624 0.62296499311924 0.602814003825188 0.650261253118515 0.807703524827957 0.833185493946075 0.896421790122986 0.974463790655136 0.96413853764534 0.963306784629822 0.945996791124344 0.932862728834152 0.99962854385376 1.09893223643303 1.50572544336319 2.87520651022593 -9999 -9999 -9999 -9999 -9999 -9999 -9999 -9999 -9999 -9999 -9999 -9999 -9999 -9999 -9999 -9999 -9999 -9999 -9999 -9999 -9999 -9999 -9999 -9999 -9999 -9999 -9999 -9999 -9999 -9999
1.42989000678062 1.75431525707245 1.20932847261429 0.697879493236542 0.736185729503632 0.722542494535446 0.734267994761467 0.717738747596741 0.670266732573509 0.631376981735229 0.607806757092476 0.522783771157265 0.523152753710747 0.542949020862579 0.587274760007858 0.601824000477791 0.615556508302689 0.648455992341042 0.626587495207787 0.643656000494957 0.709675490856171 0.752094000577927 0.752017468214035 0.762795031070709 0.775479733943939 0.757335036993027 0.759051740169525 0.950772732496262 1.0844534933567 1.22506275773048 1.41808649897575 3.02782486493771 -9999 -9999 -9999 -9999 -9999 -9999 -9999 -9999 -9999 -9999 -9999 -9999 -9999 -9999 -9999 -9999 -9999 -9999 -9999 -9999 -9999 -9999 -9999 -9999 -9999 -9999 -9999 -9999 -9999 -9999
1.01114478707314 0.847169995307922 0.87050324678421 0.785910040140152 0.80446645617485 0.794640719890594 0.725362479686737 0.724747493863106 0.78170245885849 0.704147234559059 0.68318098783493 0.631173759698868 0.628582522273064 0.672602266073227 0.662846267223358 0.670767769217491 0.676512748003006 0.686036244034767 0.613649994134903 0.6639074832201 0.706824749708176 0.719996988773346 0.76392450928688 0.814084500074387 0.980395495891571 1.00875225663185 0.880146771669388 1.16251954436302 1.2375884950161 1.30541324615479 1.81174796819687 -9999 -9999 -9999 -9999 -9999 -9999 -9999 -9999 -9999 -9999 -9999 -9999 -9999 -9999 -9999 -9999 -9999 -9999 -9999 -9999 -9999 -9999 -9999 -9999 -9999 -9999 -9999 -9999 -9999 -9999 -9999
