EcologicalScience/Bass/data/rs_data_bass/chl_175.asc
NCOLS 226 
NROWS 124 
XLLCORNER -9.41648524995501 
YLLCORNER 47.587301625531 
CELLSIZE 0.0833 
NODATA_value -9999 
[rows 54 to 80 of 124, columns 124 to 185 of 226]
1.81449455022812 1.79827880859375 1.75924050807953 1.72451770305634 1.62617182731628 1.37293124198914 1.47208651900291 1.16147249937057 1.20884996652603 1.25708627700806 1.14432299137115 1.04140573740005 0.951302289962769 1.0637474656105 1.09753426909447 1.18492949008942 1.22379675507545 1.27225720882416 1.4458192884922 1.55435031652451 1.55716717243195 1.63020980358124 1.74632601737976 1.93433511257172 1.93097475171089 1.77971128225327 1.90402678251266 1.7747907147688 1.75486031770706 1.56004023551941 1.71906971931458 1.67146575450897 1.76026457548141 2.29678619258544 1.59529566764832 1.68585222959518 1.70050871372223 1.64932429790497 1.99381530284882 1.72991931438446 1.71471154689789 1.69459426403046 1.63188529014587 1.64066398143768 1.7023823261261 1.77248847484589 1.91916292905807 2.23617070913315 2.98631554841995 2.95117342472076 3.07746756076813 9.1339705824852 4.92132742508598 5.88800099621648 6.05975604057312 8.75583903929767 9.69370713829994 8.9604852074071 11.5197056293488 8.29598550796509 5.67320120434801 6.40150557482829
1.97972917556763 1.7562398314476 1.60423117876053 1.7162024974823 1.73664379119873 1.40337225794792 1.36062750220299 1.66696804761887 1.33455070853233 1.31966471672058 1.45789727568626 1.33365002274513 1.11327901482582 1.07196074724197 1.04981625080109 1.44710507392883 1.27258720993996 1.45569567680359 1.44828446209431 1.64570251703262 1.77419875860214 1.83835142850876 1.83861546516418 1.79438813924789 1.88455349206924 1.83944472670555 1.7742005109787 1.62331470474601 1.7190263941884 1.70761121511459 1.66087675094604 1.70013750651303 1.55761907994747 1.63841358572245 3.64029014110565 2.23776823282242 2.19019657373428 1.67001003026962 1.71038854122162 1.59958344697952 1.65351891517639 1.71248996257782 1.71755772829056 1.76818799972534 1.81470680236816 1.97464352846146 2.32162356376648 2.94699597358704 3.82159495353699 4.18086218833923 4.42898504357589 5.18661885676177 6.01803698259241 7.19526603947515 6.26841174066067 8.24935301657646 10.5720698833466 -9999 -9999 -9999 -9999 -9999
2.02700704336166 1.96067994832993 1.64482426643372 1.54477947950363 1.54277694225311 1.47232121229172 1.54087418317795 1.38885220885277 1.24957501888275 1.4195002913475 1.47541201114655 1.49468323588371 1.54617458581924 1.58621619939804 1.56116775274277 1.62481842041016 1.68321747779846 1.5994721353054 1.53090740442276 1.75883848667145 1.9320413351059 2.02688813209534 1.87035930156708 1.71200623512268 2.2589058727026 2.20801424980164 1.34060204029083 1.59944678843021 1.64009980112314 1.78880470991135 1.88322877883911 1.65633950382471 1.28916459158063 1.48852396756411 0.858148455619812 2.95369952917099 2.84753108024597 1.96443003416061 1.8299378156662 1.63737666606903 1.52954703569412 1.55499225854874 1.69427704811096 1.85991525650024 2.11587828397751 2.4288187623024 3.18925559520721 5.82813169406011 6.41625998111872 4.67521959543228 4.49558401107788 4.8655452132225 5.98164872119301 7.36236343076152 -9999 -9999 -9999 -9999 -9999 -9999 -9999 -9999
2.24270993471146 1.93051421642303 1.69658106565475 1.51122754812241 1.43382677435875 1.42456501722336 1.4135864675045 1.43518799543381 2.22355091571808 2.17342168092728 1.893226146698 1.95313632488251 1.7164241373539 1.60009467601776 1.57387501001358 1.56986331939697 1.62663298845291 1.52566426992416 1.68210303783417 1.75587111711502 1.70001751184464 2.15817859768867 2.05260443687439 2.00137647986412 2.26437097787857 1.40475966930389 1.48842388391495 1.47075127363205 1.4991436123848 1.58166975975037 1.67388783693314 1.65539858341217 6.65622854232788 3.87553954124451 3.07983541488647 1.81295925378799 2.351697742939 1.67449200153351 1.73745220899582 1.67772817611694 1.58409154415131 1.56118351221085 1.70622754096985 1.91405242681503 2.19366824626923 2.51656866073608 2.65776067972183 6.97158991087467 7.26117968559265 6.4600510597229 7.39070534706116 7.8784229233861 7.48488986492157 -9999 -9999 -9999 -9999 -9999 -9999 -9999 -9999 -9999
3.28179967403412 2.33397603034973 1.97686725854874 1.81753492355347 1.66459804773331 1.53223943710327 1.5025582909584 1.56821858882904 1.81977742910385 1.61922597885132 2.15511900186539 1.26007801294327 1.23683327436447 1.312374740839 1.18234723806381 1.56441226601601 1.83887135982513 1.98683255910873 1.8086673617363 1.90415471792221 2.00594624876976 2.0265029668808 2.14279648661613 2.30435518920422 2.06057623028755 1.35163503885269 1.25770797729492 1.25387630462646 1.34720207452774 1.29979032278061 1.48103662133217 1.72717527747154 8.22012591362 5.89297270774841 4.64264988899231 3.17568361759186 2.02876800298691 1.57365381717682 1.44583797454834 1.60834944248199 1.53866243362427 1.60295033454895 1.77972829341888 2.16876447200775 2.64488554000854 2.32482147216797 4.3482472058889 9.95515251159668 8.08050513267517 7.34841656684875 7.98808622360229 10.3926887512207 35.3413726582247 -9999 -9999 -9999 -9999 -9999 -9999 -9999 -9999 -9999
-9999 3.01507365703583 2.80811405181885 2.39358973503113 2.08856999874115 1.93051117658615 1.63359832763672 1.68383628129959 2.10267823934555 2.25280058383942 2.06009477376938 1.45099952816963 1.31800872087479 1.30870878696442 1.31989127397537 1.50245364010334 1.85060209035873 1.9335510134697 1.98520874977112 2.15417513251305 2.35093253850937 2.15791538357735 2.19432672858238 2.59628587961197 1.44845397472382 1.37145539522171 1.49156999588013 1.41533580422401 1.2647488117218 1.25395451784134 1.94333528280258 1.87357803583145 1.80581604242325 1.68506734371185 1.55858395695686 3.1425998210907 2.14880472421646 2.07676792144775 1.93199926614761 1.71274423599243 1.58986794948578 1.63342720270157 1.71070432662964 2.16255301237106 2.76226955652237 -9999 9.08348321914673 7.50122022628784 9.22919940948486 11.9683964252472 23.1559840549122 32.0415552684239 45.1999037606376 55.6131224958864 -9999 -9999 -9999 -9999 -9999 -9999 -9999 -9999
-9999 -9999 -9999 -9999 -9999 2.28387522697449 2.08061921596527 1.69232171773911 1.63592255115509 2.23190706968307 2.54989421367645 1.59945523738861 1.49450853466988 1.39626601338387 1.24795871973038 1.39776223897934 1.60878682136536 1.68062925338745 2.33017945289612 2.37533694505692 2.66213113069534 2.40814846754074 1.66267047822475 1.61670646816492 1.61080755293369 1.43951771780849 1.34543712437153 1.35959447026253 1.49850746393204 1.68077235221863 1.45050224661827 2.08991532325745 1.98632100820541 1.90090842247009 1.73067535161972 2.21231031417847 2.30704057216644 1.76909101009369 1.61130523681641 1.61885851621628 1.71478343009949 1.78788006305695 1.89768004417419 2.07524478435516 2.51124519109726 23.9624682607003 -9999 -9999 -9999 -9999 44.0194319276249 61.455956697464 50.4104636907578 26.9548941245446 -9999 -9999 -9999 -9999 -9999 -9999 -9999 -9999
-9999 -9999 -9999 -9999 -9999 -9999 -9999 -9999 3.42766731977463 3.32505834102631 2.43086475133896 2.3251274228096 1.84466779232025 1.63349175453186 1.67830574512482 1.27270129323006 1.66337692737579 1.7853090763092 1.85479420423508 1.88092124462128 1.7195708155632 1.67792456150055 1.60777093172073 1.62020837664604 1.52619077637792 1.47173187509179 1.4414189234376 1.39807160943747 1.34962499141693 1.62034213542938 1.47867447137833 1.70291597396135 1.73560046553612 1.80249605178833 1.57718840837479 0.83414027094841 1.87768578529358 1.32987901568413 1.49889528751373 1.6953216791153 1.95240443944931 2.12405169010162 2.26150792837143 2.42565447092056 5.06034036330235 29.0682649612427 -9999 -9999 -9999 -9999 17.548882484436 57.8763947235911 64.108475446701 64.0763686685001 37.3653287887573 18.4034516811371 -9999 -9999 -9999 -9999 -9999 -9999
-9999 -9999 -9999 -9999 -9999 -9999 -9999 -9999 -9999 -9999 2.2963889837265 2.3208344578743 2.14530819654465 2.0310292840004 2.07668316364288 1.66824746131897 2.20107185840607 1.66281598806381 1.65840607881546 1.72239142656326 1.7887852191925 1.7474393248558 1.62820788621902 1.62381419539452 1.6274712562561 1.72741655111313 1.68585232496262 1.66280244290829 1.64881664514542 1.59388633444905 1.63515701517463 1.81363833323121 2.0237275287509 1.9239956215024 1.0166010260582 0.971255242824554 0.835198491811752 1.27484777569771 1.57896906137466 1.91353279352188 2.3447288274765 2.49866473674774 2.88247042894363 2.50710529088974 14.967636306309 -9999 -9999 -9999 -9999 -9999 -9999 -9999 10.233342032607 26.0687942504883 29.8014478683472 19.1131896972656 10.8786277770996 -9999 -9999 -9999 -9999 -9999
-9999 -9999 -9999 -9999 -9999 -9999 -9999 -9999 -9999 4.3704868555069 3.72957482337952 2.28341853618622 2.15199458599091 2.08656746149063 2.05427777767181 2.52760881185532 1.9431517124176 1.62134099006653 1.62441158294678 1.70993632078171 1.91462160348892 1.77683993577957 1.63328769207001 1.75770374536514 1.58274007439613 1.66173068284988 1.70952820777893 1.69249618053436 1.70009091496468 1.71177683025599 1.65684062242508 1.65976516008377 1.15989446640015 0.925437748432159 0.952709287405014 1.00255572795868 1.3361174762249 2.10580193996429 2.0920125246048 2.68388253450394 2.78705245256424 3.44940090179443 4.994877576828 2.90102845430374 27.3276858711706 33.0447750091553 -9999 -9999 -9999 15.2542598668267 14.813380754911 13.6360345987173 16.6248993873596 15.3105368614197 24.606273651123 14.4120025634766 12.5042179092284 -9999 -9999 -9999 -9999 -9999
-9999 -9999 -9999 -9999 -9999 -9999 -9999 -9999 -9999 -9999 2.68498653173447 2.49138593673706 2.385329246521 2.35505783557892 2.22703206539154 2.22621381282806 1.80904269218445 1.67690098285675 1.92008175849915 1.81241496801376 1.74559156894684 1.6664612531662 1.64179877638817 1.70852544903755 1.70530702471733 1.67901293039322 1.67814369797707 1.61147043704987 1.61417011022568 1.6489354133606 1.67926961183548 1.60067656040192 1.01235678792 1.01337826251984 1.04912772774696 1.04818198084831 1.14874801039696 2.30569571256638 3.59552621841431 5.09148073196411 3.32685220241547 3.44506859779358 4.71965253353119 3.07223689556122 9.2729820638027 -9999 -9999 -9999 -9999 -9999 15.6099376861866 21.4107370376587 20.0696468353271 18.6337895393372 15.3337869644165 -9999 -9999 -9999 -9999 -9999 -9999 -9999
-9999 -9999 -9999 -9999 -9999 -9999 -9999 -9999 -9999 3.67937564849854 2.81242650747299 2.83291125297546 3.04070091247559 3.06302082538605 2.14272004365921 1.70081931352615 2.90379497408867 1.15627053380013 1.78338143825531 1.65695652961731 1.62583637237549 1.63957131505013 1.67271731495857 1.68717868924141 1.72538906931877 1.69341497421265 1.63367174863815 1.53401829004288 1.64356954097748 1.75193191766739 1.34913003444672 1.21784171462059 1.01897397637367 1.02166879177094 1.10189402103424 1.43657621741295 1.19029122591019 1.48042872548103 1.73291552066803 2.95334780216217 3.94776821136475 3.85055923461914 3.11601305007935 6.07863520881505 3.86466658115387 -9999 -9999 -9999 -9999 -9999 13.8285239715325 29.0384387969971 26.6373310089111 -9999 -9999 -9999 -9999 -9999 -9999 -9999 -9999 -9999
-9999 -9999 -9999 -9999 -9999 -9999 -9999 -9999 -9999 4.24515271186829 2.6730329990387 3.16697931289673 3.23369264602661 2.49845319986343 2.16778868436813 1.43125051259995 1.11784422397614 1.09899070858955 1.70796588659287 1.68231654167175 1.66995191574097 1.62729000449181 1.56434893608093 1.60642392635345 1.67216948866844 1.63165073990822 1.56553064584732 1.56591157913208 1.72736276388168 1.29671922326088 1.28878051042557 1.33100026845932 1.26513227820396 1.72654795646667 1.49579778313637 1.21316027641296 3.25940716266632 2.49532431364059 2.50433921813965 2.54743051528931 4.88859915733337 3.14298892021179 3.44171190261841 11.7741219152525 3.86466693878174 -9999 -9999 -9999 -9999 12.1949715614319 -9999 -9999 -9999 -9999 -9999 -9999 -9999 -9999 -9999 -9999 -9999 -9999
-9999 -9999 -9999 -9999 -9999 -9999 -9999 -9999 -9999 2.530542075634 2.31945526599884 2.61032849550247 2.74441194534302 2.1934118270874 1.66544616222382 2.49980700016022 1.72519892454147 1.76200894117355 1.64118251800537 1.54551346302032 1.64816604852676 1.6730394423008 0.934456497430801 1.55809366106987 1.60444907546043 1.54258506298065 1.49036252498627 1.23316124081612 1.21489199995995 1.19260275363922 1.64973199367523 1.29988950490952 1.54032075405121 1.89592835903168 1.89566180706024 1.55468398332596 2.68824756145477 2.54137498140335 3.07497239112854 4.25523376464844 2.0460142493248 2.87949532270432 3.61779294725674 -9999 -9999 -9999 -9999 -9999 -9999 -9999 -9999 -9999 -9999 -9999 -9999 -9999 -9999 -9999 -9999 -9999 -9999 -9999
-9999 -9999 -9999 -9999 -9999 -9999 -9999 -9999 -9999 3.01291358470917 2.16330975294113 1.87791305780411 1.94912856817245 2.54651883244514 2.17075011134148 1.65481269359589 1.68808150291443 1.68145626783371 1.55419924259186 1.4807391166687 1.36163875460625 1.38380537629127 1.53471629023552 1.58769756555557 1.62503694295883 1.07643377780914 1.04580000042915 1.10381171107292 1.15617147088051 1.13306173682213 1.12990871071815 1.46009624004364 1.84106469154358 2.17904770374298 2.43468528985977 2.2534162402153 2.75848281383514 3.12003529071808 3.04721474647522 3.49387657642365 3.27467036247253 9.15419692884792 6.51758951882282 -9999 -9999 -9999 -9999 -9999 -9999 -9999 -9999 -9999 -9999 -9999 -9999 -9999 -9999 -9999 -9999 -9999 -9999 -9999
-9999 -9999 -9999 -9999 -9999 -9999 -9999 3.28386068344116 2.63433272273917 2.1550852060318 1.95122694969177 1.81170970201492 2.49487352371216 2.24616748094559 2.28592917323112 1.62095350027084 1.52974767684937 0.843652456998825 0.847193956375122 0.847756505012512 0.86435928940773 1.58163083195686 1.77109017372131 1.06645345687866 1.10745450854301 1.18045726418495 1.17327377200127 1.18326446413994 1.18775027990341 1.19044652581215 1.28449496626854 1.89646428823471 2.34054833650589 2.61522907018661 2.8242015838623 3.65093779563904 3.70375049114227 3.61365830898285 3.36750304698944 3.21609377861023 10.1719277657351 5.69786846637726 3.25656187534332 -9999 -9999 -9999 -9999 -9999 -9999 -9999 -9999 -9999 -9999 -9999 -9999 -9999 -9999 -9999 -9999 -9999 -9999 -9999
-9999 -9999 -9999 -9999 -9999 -9999 4.45833067099253 2.50996649265289 2.51896208524704 1.98860692977905 1.87647145986557 2.85847878456116 2.69191083312035 2.19349790045193 1.96624035920416 1.88417005113193 1.8497930765152 0.906392991542816 0.90733802318573 0.888455271720886 1.77793440818787 1.74648616313934 1.6948900103569 1.66176878213882 1.14893245697021 1.40037220716476 1.3437352180481 1.48135650157928 1.70463073253632 1.79698491096497 2.12673157453537 2.15322983264923 2.42734569311142 2.63705992698669 2.63669854402542 2.9509642124176 3.33069741725922 3.47196078300476 3.47509789466858 -9999 -9999 -9999 -9999 -9999 -9999 -9999 -9999 -9999 -9999 -9999 -9999 -9999 -9999 -9999 -9999 -9999 -9999 -9999 -9999 -9999 -9999 -9999
-9999 -9999 -9999 -9999 3.74811377650813 2.67353993654251 2.646131336689 2.54827272891998 2.23618948459625 1.94948852062225 3.07768008112907 2.90846362709999 1.83838123083115 2.44877421855927 2.06973677873611 2.0469836635249 1.87253669500351 0.997630476951599 1.07967522740364 1.13325601816177 1.16023573279381 1.38445428013802 1.52807075381279 1.36745327711105 1.42500677704811 1.62175583839417 1.73720169067383 1.8502049446106 2.0268577337265 2.17187029123306 2.30644583702087 2.51210170984268 2.61974930763245 2.72382974624634 2.61615818738937 2.38231730461121 2.52870458364487 4.43727259635925 -9999 -9999 -9999 -9999 -9999 -9999 -9999 -9999 -9999 -9999 -9999 -9999 -9999 -9999 -9999 -9999 -9999 -9999 -9999 -9999 -9999 -9999 -9999 -9999
-9999 -9999 -9999 -9999 2.47684539109468 2.98435056209564 3.09055495262146 2.85082125663757 2.18080276250839 1.94030553102493 2.97622391581535 2.95095670223236 2.97311707479613 1.56966376304626 1.62371331453323 2.07373643772943 1.94336932897568 1.15855720639229 1.14779698848724 1.1406030356884 1.14735370874405 1.32648450136185 1.3566555082798 1.37731575965881 1.52786099910736 1.8388529419899 1.94038206338882 2.0443462729454 2.15556228160858 2.22980850934982 2.34436279535294 2.26059597730637 2.1624990105629 2.09538227319717 3.18010497093201 3.78893995285034 3.21773669868708 -9999 -9999 -9999 -9999 -9999 -9999 -9999 -9999 -9999 -9999 -9999 -9999 -9999 -9999 -9999 -9999 -9999 -9999 -9999 -9999 -9999 -9999 -9999 -9999 -9999
-9999 20.1034892204754 12.8913591292597 3.3263304233551 3.10974669456482 2.94296032190323 2.6804655790329 2.53945577144623 2.22244119644165 1.95824557542801 3.12270596623421 2.72238356300763 1.83110851049423 1.80392092466354 1.76000547409058 2.14879611560277 1.59381902217865 1.2722834944725 1.19353652000427 1.1731770336628 1.21607476472855 1.4154112637043 1.44079121947289 1.53692328929901 1.61400818824768 1.87335222959518 1.98532354831696 2.18278956413269 2.28595733642578 2.40959179401398 2.44111579656601 2.50059145689011 2.6939257979393 2.29287225008011 2.82553911209106 7.24493287503719 -9999 -9999 -9999 -9999 -9999 -9999 -9999 -9999 -9999 -9999 -9999 -9999 -9999 -9999 -9999 -9999 -9999 -9999 -9999 -9999 -9999 -9999 -9999 -9999 -9999 -9999
5.05845900239616 3.42785561084747 3.27009057998657 3.06077492237091 2.71994018554688 2.51598608493805 2.40596848726273 2.61969673633575 2.32343620061874 2.11446976661682 1.96434152126312 1.73307681083679 1.57346928119659 2.08479601570538 2.36932966538838 1.98723332583904 1.3685114979744 1.34353271126747 1.24580097198486 1.32548099756241 1.65243083238602 1.72242683172226 1.80061429738998 1.90761297941208 1.96854597330093 1.94709223508835 2.00339931249619 2.03030544519424 2.13134104013443 2.40080469846725 2.51352077722549 3.09845101833344 3.49126589298248 -9999 -9999 -9999 -9999 -9999 -9999 -9999 -9999 -9999 -9999 -9999 -9999 -9999 -9999 -9999 -9999 -9999 -9999 -9999 -9999 -9999 -9999 -9999 -9999 -9999 -9999 -9999 -9999 -9999
8.39264896409265 2.92871099710464 2.85687071084976 2.64411216974258 2.53129720687866 2.67542856931686 2.6742045879364 2.36720323562622 2.34900677204132 2.10711371898651 1.94972616434097 1.69415098428726 1.50424271821976 2.02641212301595 1.90379601716995 1.31699547171593 1.29305022954941 1.2741142809391 1.41493946313858 1.58873248100281 1.91589081287384 2.00571066141129 1.9724970459938 1.99227529764175 2.03856378793716 2.08049100637436 2.10359698534012 2.21116358041763 2.46299171447754 2.64691650867462 2.89089077711105 3.35076820850372 3.62603008747101 16.8819930427953 4.83964274210088 4.67274446920915 -9999 -9999 -9999 -9999 -9999 -9999 -9999 -9999 -9999 -9999 -9999 -9999 -9999 -9999 -9999 -9999 -9999 -9999 -9999 -9999 -9999 -9999 -9999 -9999 -9999 -9999
2.59825426340103 2.47580033540726 2.48565155267715 2.61128550767899 2.80977147817612 2.6678940653801 2.36260056495667 2.16629254817963 2.14158457517624 2.07183372974396 1.83682644367218 1.71825832128525 1.552878677845 1.57975494861603 1.50686556100845 1.31548127532005 1.49972704052925 1.64706301689148 1.7703772187233 1.90121179819107 2.03790003061295 2.07665401697159 2.05544257164001 2.11608070135117 2.16652429103851 2.21319383382797 2.32919543981552 2.43759977817535 3.11337983608246 3.27880954742432 7.3281423219045 -9999 -9999 -9999 -9999 -9999 -9999 -9999 -9999 -9999 -9999 -9999 -9999 -9999 -9999 -9999 -9999 -9999 -9999 -9999 -9999 -9999 -9999 -9999 -9999 -9999 -9999 -9999 -9999 -9999 -9999 -9999
2.86406618356705 2.7695444226265 2.90409457683563 2.71082925796509 2.69757825136185 2.48019683361053 2.52136498689651 2.07195818424225 2.09308344125748 1.96460992097855 1.90053069591522 1.63600355386734 1.48384273052216 1.26278704404831 1.28040227293968 1.62388873100281 1.777095079422 1.91547292470932 2.06573474407196 2.12720024585724 2.27304071187973 2.31661641597748 2.27049297094345 2.26655101776123 2.38902980089188 2.48901754617691 2.62925094366074 2.88354527950287 3.09318888187408 3.38151454925537 3.49200689792633 2.42358899116516 -9999 -9999 -9999 -9999 -9999 -9999 11.8265366269581 12.6942715644836 -9999 -9999 -9999 -9999 -9999 -9999 -9999 -9999 -9999 -9999 -9999 -9999 -9999 -9999 -9999 -9999 -9999 -9999 -9999 -9999 -9999 -9999
3.5200619995594 3.57201540470123 3.34509372711182 3.59970961511135 4.86257089887347 2.79126107898252 2.26915786196204 2.41723716259003 2.12641131877899 2.0854087471962 1.88368499279022 1.46749198436737 1.27986752986908 1.27193328738213 1.37959796190262 1.88759404420853 1.97568601369858 2.06861847639084 2.18212044239044 2.3239027261734 2.40938168764114 2.44752967357635 2.50535702705383 2.68723726272583 2.83733779191971 2.93583458662033 3.00615978240967 3.1889169216156 3.33649563789368 3.92647647857666 7.16421097598664 3.42093944549561 -9999 -9999 -9999 -9999 -9999 -9999 -9999 -9999 -9999 -9999 -9999 -9999 -9999 -9999 -9999 -9999 -9999 -9999 -9999 -9999 -9999 -9999 -9999 -9999 -9999 -9999 -9999 -9999 -9999 -9999
-9999 -9999 -9999 -9999 -9999 3.75793399308857 2.92072355747223 2.56146669387817 2.04944103956223 1.78303492069244 1.51363581418991 1.35987147688866 1.45958849787712 1.53023707866669 1.70817893743515 1.98893183469772 2.14484775066376 2.17078417539597 2.32634407281876 2.58247572183609 2.74413818120956 2.80607843399048 2.85949802398682 2.95325857400894 2.92483949661255 3.26353311538696 -9999 -9999 -9999 -9999 -9999 -9999 -9999 -9999 -9999 -9999 -9999 -9999 -9999 -9999 -9999 -9999 -9999 -9999 -9999 -9999 -9999 -9999 -9999 -9999 -9999 -9999 -9999 -9999 -9999 -9999 -9999 -9999 -9999 -9999 -9999 -9999
-9999 -9999 -9999 -9999 -9999 -9999 2.6418337225914 2.29812455177307 1.72789353132248 1.4636310338974 1.41950100660324 1.60981267690659 1.70182049274445 1.74148643016815 2.0054737329483 2.22425991296768 2.27774101495743 2.30997973680496 2.56193482875824 3.96516358852386 3.649538397789 3.28144061565399 3.60647249221802 3.31287457452756 -9999 -9999 -9999 -9999 -9999 -9999 -9999 -9999 -9999 -9999 -9999 -9999 -9999 -9999 -9999 -9999 -9999 -9999 -9999 -9999 -9999 -9999 -9999 -9999 -9999 -9999 -9999 -9999 -9999 -9999 -9999 -9999 -9999 -9999 -9999 -9999 -9999 -9999
