EcologicalScience/Bass/data/rs_data_bass/chl_388.asc
NCOLS 226 
NROWS 124 
XLLCORNER -9.41648524995501 
YLLCORNER 47.587301625531 
CELLSIZE 0.0833 
NODATA_value -9999 
[rows 0 to 26 of 124, columns 62 to 123 of 226]
-9999 -9999 -9999 -9999 -9999 -9999 -9999 -9999 -9999 -9999 -9999 -9999 -9999 -9999 -9999 -9999 -9999 -9999 -9999 -9999 -9999 -9999 -9999 -9999 -9999 -9999 -9999 -9999 -9999 -9999 -9999 -9999 -9999 -9999 -9999 -9999 -9999 -9999 -9999 -9999 -9999 -9999 -9999 -9999 -9999 -9999 -9999 -9999 -9999 -9999 -9999 -9999 -9999 -9999 -9999 -9999 -9999 -9999 -9999 -9999 -9999 -9999
-9999 -9999 -9999 -9999 -9999 -9999 -9999 -9999 -9999 -9999 -9999 -9999 -9999 -9999 -9999 -9999 -9999 -9999 -9999 -9999 -9999 -9999 -9999 -9999 -9999 -9999 -9999 -9999 -9999 -9999 -9999 -9999 -9999 -9999 -9999 -9999 -9999 -9999 -9999 -9999 -9999 -9999 -9999 -9999 -9999 -9999 -9999 -9999 -9999 -9999 -9999 -9999 -9999 -9999 -9999 -9999 -9999 -9999 -9999 -9999 -9999 -9999
-9999 -9999 -9999 -9999 -9999 -9999 -9999 -9999 -9999 -9999 -9999 -9999 -9999 -9999 -9999 -9999 -9999 -9999 -9999 -9999 -9999 -9999 -9999 -9999 -9999 -9999 -9999 -9999 -9999 -9999 -9999 -9999 -9999 -9999 -9999 -9999 -9999 -9999 -9999 -9999 -9999 -9999 -9999 -9999 -9999 -9999 -9999 -9999 -9999 -9999 -9999 -9999 -9999 -9999 -9999 -9999 -9999 -9999 -9999 -9999 -9999 -9999
-9999 -9999 -9999 -9999 -9999 -9999 -9999 -9999 -9999 -9999 -9999 -9999 -9999 -9999 -9999 -9999 -9999 -9999 -9999 -9999 -9999 -9999 -9999 -9999 -9999 -9999 -9999 -9999 -9999 -9999 -9999 -9999 -9999 -9999 -9999 -9999 -9999 -9999 -9999 -9999 -9999 -9999 -9999 -9999 -9999 -9999 -9999 -9999 -9999 -9999 -9999 -9999 -9999 -9999 -9999 -9999 -9999 -9999 -9999 -9999 -9999 -9999
-9999 -9999 -9999 -9999 -9999 -9999 -9999 -9999 -9999 -9999 -9999 -9999 -9999 -9999 -9999 -9999 -9999 -9999 -9999 -9999 -9999 -9999 -9999 -9999 -9999 -9999 -9999 -9999 -9999 -9999 -9999 -9999 -9999 -9999 -9999 -9999 -9999 -9999 -9999 -9999 -9999 -9999 -9999 -9999 -9999 -9999 -9999 -9999 -9999 -9999 -9999 -9999 -9999 -9999 -9999 -9999 -9999 -9999 -9999 -9999 -9999 -9999
-9999 -9999 -9999 -9999 -9999 -9999 -9999 -9999 -9999 -9999 -9999 -9999 -9999 -9999 -9999 -9999 -9999 -9999 -9999 -9999 -9999 -9999 -9999 -9999 -9999 -9999 -9999 -9999 0.63735419511795 1.32844147238418 2.57713723182678 2.46105748414993 2.83320450782776 3.43772256374359 3.36196339130402 2.68793553113937 1.817606985569 1.74953019618988 1.52985441684723 1.64542275667191 1.74510151147842 1.87316554784775 1.94073075056076 1.53830176591873 1.25868371129036 1.45960727334023 1.74888306856155 1.54363203048706 1.27111646533012 1.38010123372078 1.08620247244835 0.973378479480743 0.901599749922752 0.794788867235184 0.956978291273117 1.1747137606144 0.841256976127625 0.865689754486084 1.08279747515917 0.672848269343376 0.518214762210846 0.531131252646446
-9999 -9999 -9999 -9999 -9999 -9999 -9999 -9999 -9999 -9999 -9999 -9999 -9999 -9999 -9999 -9999 -9999 -9999 -9999 -9999 -9999 -9999 -9999 -9999 -9999 -9999 1.18186515569687 1.0627324283123 8.70439998060465 1.62552666664124 1.60805243253708 1.47451275587082 2.05830752849579 3.1060266494751 2.80291879177094 3.62539207935333 3.97305750846863 3.68798267841339 0.845987230539322 1.93995036184788 1.7775097489357 1.83127355575562 1.79000401496887 1.61588931083679 1.61268228292465 1.62405520677567 1.70991826057434 1.3856948018074 1.37280374765396 1.34497126936913 1.19761723279953 1.26958648860455 0.726062268018723 0.679368004202843 0.692262768745422 1.1920136064291 1.09541362524033 0.812510646879673 1.04736299067736 1.28204740583897 0.94750989228487 1.2370514832437
-9999 -9999 -9999 -9999 -9999 -9999 -9999 -9999 -9999 -9999 -9999 -9999 -9999 -9999 -9999 -9999 -9999 -9999 -9999 -9999 -9999 -9999 -9999 -9999 -9999 -9999 1.18186515569687 12.8965319395065 1.26068320870399 1.25817373394966 1.42091399431229 1.76873552799225 2.25894069671631 2.71059894561768 2.76796424388885 2.62353980541229 2.31932616233826 1.94618403911591 2.25481957197189 2.21028220653534 1.42676246166229 1.82495033740997 1.55950194597244 1.50469654798508 1.36086076498032 1.33667403459549 1.15860298275948 1.02164027094841 1.2464317381382 1.40614382922649 0.765242993831635 0.71771702170372 0.742143005132675 0.71058301627636 0.684789016842842 1.0905933380127 1.12741050124168 0.991635158658028 0.902708977460861 0.753064513206482 0.775798469781876 0.64776822924614
-9999 -9999 -9999 -9999 -9999 -9999 -9999 -9999 -9999 -9999 -9999 -9999 -9999 -9999 -9999 -9999 -9999 -9999 -9999 -9999 -9999 -9999 -9999 -9999 -9999 -9999 22.8821644306183 2.1903487443924 1.99942052364349 2.13218933343887 2.09048026800156 2.03336244821548 2.12813025712967 1.88782650232315 1.69948643445969 1.65508049726486 1.72029143571854 1.88357698917389 1.99159866571426 1.98614770174026 1.60835999250412 1.36979323625565 1.22450324892998 1.11342599987984 1.00259399414062 0.844795882701874 1.07235896587372 0.957289516925812 0.923712015151978 1.14199547469616 0.94310849905014 0.825486749410629 0.741064488887787 0.732758983969688 0.673119753599167 1.23099997639656 0.537426754832268 0.632423982024193 1.02457946911454 0.660322487354279 0.627831771969795 0.977572336792946
-9999 -9999 -9999 -9999 -9999 -9999 -9999 -9999 -9999 -9999 -9999 -9999 -9999 -9999 -9999 -9999 -9999 -9999 -9999 -9999 -9999 -9999 -9999 -9999 -9999 1.19121462106705 1.13791653513908 2.38845294713974 2.45841228961945 2.07719546556473 2.66421818733215 2.62346774339676 2.27891474962234 2.46161770820618 1.83835941553116 1.51410591602325 2.13969522714615 2.79612600803375 2.35885870456696 2.0844247341156 1.38051447272301 1.1163794696331 1.13029199838638 1.00827303528786 1.02265200018883 1.0009751021862 0.866896480321884 0.71009324491024 0.975521631538868 1.20408598333597 0.590939238667488 0.599001735448837 1.19827921688557 0.939492367208004 0.851612973958254 0.782022010535002 0.765591770410538 0.995277184993029 0.983528651297092 0.894393179565668 0.873351160436869 0.776186261326075
-9999 -9999 -9999 -9999 -9999 -9999 -9999 -9999 -9999 -9999 -9999 -9999 -9999 -9999 -9999 -9999 -9999 -9999 -9999 -9999 -9999 -9999 -9999 -9999 -9999 3.43388772010803 2.85438966751099 2.33947652578354 2.14919167757034 2.48448604345322 2.5182638168335 2.43948751688004 2.54425656795502 2.64627975225449 1.9046813249588 1.38660675287247 1.40475448966026 1.35389846563339 1.20741900801659 1.09199774265289 1.01059654355049 0.866594284772873 0.895585477352142 0.603873744606972 0.56208224594593 0.900861740112305 0.8072429895401 0.769272029399872 1.21479490399361 1.46119201183319 0.845541000366211 0.842639207839966 1.21257787942886 1.04593462496996 0.851359896361828 0.785499751567841 0.760084480047226 0.718043245375156 0.686483256518841 0.655727237462997 0.656578123569489 0.610957480967045
-9999 -9999 -9999 -9999 -9999 -9999 -9999 -9999 -9999 -9999 -9999 -9999 -9999 -9999 -9999 -9999 -9999 -9999 -9999 -9999 -9999 -9999 -9999 -9999 1.31647038459778 3.29402482509613 2.84349596500397 2.54828703403473 2.33121907711029 2.61032545566559 2.30369102954865 2.37057602405548 2.25417906045914 2.30460369586945 1.70501106977463 1.28302127122879 1.12054798007011 0.943272739648819 0.997855514287949 1.02661424875259 0.860417246818542 1.36774465441704 1.36867909133434 1.76739303767681 1.8473759740591 1.86910647153854 1.65951678156853 1.35759262740612 1.60167673230171 2.59188567101955 1.0446495115757 1.06667849421501 1.00009578466415 0.923974514007568 0.805360134691 0.977432448416948 0.972424743430955 0.627078741788864 0.715731002390385 0.631368018686771 0.39902999997139 0.411967501044273
-9999 -9999 -9999 -9999 -9999 -9999 -9999 -9999 -9999 -9999 -9999 -9999 -9999 -9999 -9999 -9999 -9999 -9999 -9999 -9999 -9999 -9999 -9999 1.50594073534012 2.32630205154419 2.65596520900726 2.22257995605469 2.29313850402832 2.40849083662033 2.90342706441879 2.60771691799164 2.7067499756813 2.48660016059875 1.8920624256134 1.81007623672485 1.77490872144699 1.43447551131248 1.0167044699192 1.119747787714 0.841584026813507 0.725991010665894 0.717889487743378 5.25739502906799 3.77274200320244 3.33213709294796 2.99300470948219 2.479587033391 2.54270991683006 0.705050244927406 1.17848253250122 1.264100253582 1.43238526582718 1.39853024482727 1.19456997513771 0.949532993137836 0.614564269781113 0.863697744905949 0.810484863817692 0.72179851680994 0.64894462376833 0.628931634128094 0.604070976376534
-9999 -9999 -9999 -9999 -9999 -9999 -9999 -9999 -9999 -9999 -9999 -9999 -9999 -9999 -9999 -9999 -9999 -9999 -9999 -9999 -9999 -9999 2.75143707990646 3.08114862442017 2.55433505773544 1.64565896987915 2.00884866714478 2.43869107961655 2.26229774951935 2.06618696451187 2.1944317817688 1.97042852640152 1.82254868745804 1.90734082460403 2.12760007381439 2.51720774173737 2.42387545108795 2.52486741542816 2.40638548135757 1.91885393857956 1.32156229019165 1.77873301506042 1.38941851258278 1.0903297662735 1.03544703125954 3.60092157125473 0.864182978868484 0.834833264350891 1.38582372665405 0.925808966159821 1.15902078151703 1.46086871623993 1.56990677118301 1.54814404249191 0.64129351079464 0.653257504105568 0.685685232281685 0.305288247764111 0.714521236717701 0.725411251187325 0.715246126055717 0.675043880939484
-9999 -9999 -9999 -9999 -9999 -9999 -9999 -9999 -9999 -9999 -9999 -9999 -9999 -9999 -9999 -9999 -9999 -9999 -9999 -9999 2.64602583646774 2.19783803900295 3.08587718009949 2.7031529545784 1.75669348239899 1.56481504440308 1.30446973443031 1.7389851808548 2.33175069093704 1.67153781652451 1.50528001785278 1.33718401193619 1.22700521349907 1.58183544874191 2.70742267370224 5.10525763034821 5.47827315330505 5.85237014293671 2.58483517169952 2.36749505996704 3.53037381917238 1.92825669050217 2.09289532899857 2.04838424921036 1.61390107870102 1.36034926772118 0.898683786392212 0.814825505018234 0.933569222688675 1.02981600165367 1.0698408856988 1.22804246842861 2.01375371217728 1.4374174028635 1.25439003109932 0.580284744501114 1.15718248486519 0.903184488415718 0.832948476076126 0.810325138270855 0.841229259967804 0.816288761794567
-9999 -9999 -9999 -9999 -9999 -9999 -9999 -9999 -9999 -9999 -9999 -9999 -9999 -9999 -9999 -9999 -9999 -9999 -9999 -9999 2.32283263380935 2.80286966264248 2.66105782985687 2.07013124227524 1.67522406578064 1.5353661775589 1.07789325714111 0.987288773059845 1.00179451704025 0.860430747270584 0.801026254892349 1.11867821216583 1.22422724962234 2.23845076560974 4.3207665681839 6.08710813522339 6.30476760864258 2.47455149888992 1.60252702236176 2.28768077492714 3.44091874361038 1.44106051325798 1.36922773718834 1.47056695818901 1.44757953286171 1.33410528302193 1.30022326111794 1.25350803136826 0.950513273477554 0.858941227197647 0.991435468196869 0.942535489797592 1.21295285224915 1.1109404861927 1.37986278533936 1.66623598337173 1.03774653375149 0.732583478093147 1.2300594560802 0.877047747373581 0.8517105281353 0.809163004159927
-9999 -9999 -9999 -9999 -9999 -9999 -9999 -9999 -9999 -9999 -9999 -9999 -9999 -9999 -9999 -9999 -9999 -9999 -9999 5.06214737892151 3.1588876247406 1.46977946162224 0.847632765769958 0.733950018882751 0.790971010923386 0.729795768857002 0.823395788669586 0.77014347910881 0.686496734619141 0.698107481002808 0.757792532444 0.660061128437519 1.28857871890068 0.891344994306564 0.912656217813492 1.03380924463272 1.68548691272736 2.67028266191483 1.80455768108368 1.76280672848225 1.96900418400764 1.11754122376442 1.10357996821404 1.43169745802879 1.33740225434303 1.46375924348831 1.9502654671669 1.59078007936478 1.34701198339462 1.31757375597954 1.42372915148735 1.3812360316515 1.2401737421751 1.18494075536728 1.45204272866249 1.79082298278809 0.911935865879059 0.991470739245415 1.20324978232384 0.913447469472885 0.828655511140823 0.723726019263268
-9999 -9999 -9999 -9999 -9999 -9999 -9999 -9999 -9999 -9999 -9999 -9999 -9999 -9999 -9999 -9999 -9999 -9999 3.78599095344543 2.13212621212006 1.19936773180962 0.969661474227905 0.814759522676468 0.795574486255646 0.760947793722153 0.771855711936951 0.810514479875565 0.701507270336151 0.679947763681412 0.648321747779846 0.781337231397629 0.80408102273941 0.827708959579468 0.785428494215012 0.986622780561447 1.76768928766251 1.8731991648674 0.988646239042282 1.02748163044453 1.40111348032951 1.01901975274086 0.72614398598671 0.58583477139473 1.25186589360237 1.35405300557613 1.74333447217941 1.75777727365494 1.2848729789257 1.67035657167435 1.82905733585358 1.22320984303951 1.31880788505077 1.24907027184963 1.35732641816139 1.07575012743473 1.64841520786285 0.873941212892532 0.939755603671074 1.27868324518204 0.852338254451752 0.781757265329361 0.612348765134811
-9999 -9999 -9999 -9999 -9999 -9999 -9999 -9999 -9999 -9999 -9999 -9999 -9999 -9999 -9999 -9999 -9999 35.6991013874208 4.76249992847443 2.52264976501465 1.0976482629776 0.877069473266602 0.729062989354134 0.71806575357914 0.777774006128311 0.786751538515091 0.705341979861259 0.706922248005867 0.698198989033699 0.75158965587616 0.76722452044487 0.897439509630203 1.09481102228165 0.978866994380951 1.13631901144981 1.70350724458694 1.96064329147339 1.01408962905407 3.30714154243469 2.6472299695015 1.28420662879944 1.35036452114582 0.855394542217255 0.986710488796234 2.51846623420715 1.76096847653389 3.82047307491302 3.52448987960815 1.5812509059906 1.29819037020206 1.08846674859524 1.01861773431301 1.06473635137081 1.0255586206913 1.12308821082115 0.994418978691101 1.02968171238899 0.897415146231651 0.836339995265007 0.671485505998135 0.56556898355484 0.536717265844345
-9999 -9999 -9999 -9999 -9999 -9999 -9999 -9999 -9999 -9999 -9999 -9999 -9999 -9999 -9999 -9999 -9999 -9999 -9999 3.74530535936356 1.06940174102783 0.783317238092422 0.668147251009941 0.677873253822327 0.78360378742218 0.827169746160507 1.19185799360275 0.926162213087082 0.952698737382889 1.08304497599602 1.19656804203987 1.29284852743149 0.755081243813038 0.948769479990005 1.31565079092979 1.56232792139053 1.8914789557457 2.98599600791931 2.82886576652527 2.86772471666336 2.81843018531799 2.98755598068237 1.51276610791683 1.28425571322441 1.50029021501541 1.43059203028679 0.9505755007267 1.35612452030182 1.0961175262928 0.953204959630966 0.787350028753281 0.641042992472649 0.660781502723694 0.630380228161812 0.837247520685196 0.908180236816406 1.21358397603035 1.01059573888779 0.74644048511982 0.66024523973465 0.635163769125938 0.58305524289608
-9999 -9999 -9999 -9999 -9999 -9999 -9999 -9999 -9999 -9999 -9999 -9999 -9999 -9999 -9999 38.3142824172974 4.1483150287108 30.8544794962956 0.644735231995583 0.686802729964256 0.807004541158676 0.599337011575699 0.497345253825188 0.530787751078606 0.958717837929726 0.903337150812149 0.687777757644653 0.741670489311218 0.895258873701096 1.23977400362492 1.93196332454681 1.33778889477253 1.27596183121204 1.26724800467491 1.5679469704628 1.63621652126312 2.2712339758873 2.35567492246628 3.19759440422058 2.70758467912674 2.75192016363144 2.86088025569916 1.86696445941925 1.21477648615837 1.53865116834641 1.71349042654037 1.49149954319 0.614552244544029 0.532340258359909 0.560929521918297 0.614432260394096 0.751331984996796 0.486618742346764 0.477952480316162 0.533347517251968 0.800440460443497 0.936099708080292 0.701029479503632 0.669710263609886 0.481894478201866 0.442934989929199 0.520329013466835
-9999 -9999 -9999 -9999 -9999 -9999 -9999 -9999 -9999 -9999 35.2986888885498 35.2986888885498 13.7248649597168 55.4023327827454 29.3985080718994 0.311034746468067 0.343421995639801 0.38000924885273 0.353216998279095 0.817361265420914 0.76713153719902 0.736649259924889 0.612744748592377 1.31797613203526 0.528708010911942 0.587645977735519 0.65728197991848 1.15212298929691 1.390605032444 0.822078734636307 0.686603978276253 1.75115132331848 1.66741535067558 1.51878601312637 1.60547997057438 2.29604172706604 2.66084629297256 2.770044028759 2.41704368591309 2.35225045681 1.67454367876053 1.82535070180893 0.75604122877121 0.438454493880272 0.382295250892639 0.348678007721901 0.525182247161865 0.427862986922264 0.336220510303974 0.320459246635437 0.29746350646019 0.246219009160995 0.241228491067886 0.253620743751526 0.269313745200634 0.359732240438461 0.36031349748373 0.336147755384445 0.376290768384933 0.300116993486881 0.296603992581367 0.291377238929272
-9999 -9999 -9999 -9999 -9999 -9999 -9999 -9999 -9999 -9999 35.2986888885498 10.0063762664795 10.027254152298 10.3041021823883 1.90429723262787 4.79521572589874 23.0502557754517 8.70892498493195 2.98108724762898 29.2760117053986 1.94379079341888 0.798272252082825 0.858993709087372 0.907502263784409 1.12117946147919 1.12096801400185 1.15966871380806 1.24564987421036 1.42600348591805 1.32555225491524 1.47099450230598 1.77568987011909 1.62785929441452 1.81845223903656 1.60086147487164 1.70830048620701 2.69714319705963 1.29829725623131 1.80125033855438 1.59770178794861 1.22903546690941 1.01139977574348 0.89649823307991 0.616997256875038 0.397325992584229 0.469964995980263 0.505823984742165 0.339852757751942 0.324709497392178 0.323712006211281 0.300305999815464 0.281491510570049 0.278463743627071 0.2904172539711 0.295910999178886 0.334121994674206 0.335552260279655 0.349541254341602 0.365228243172169 0.386162236332893 0.473376005887985 0.446562767028809
-9999 -9999 -9999 -9999 -9999 -9999 -9999 -9999 -9999 -9999 -9999 -9999 3.18732134252787 23.8309941291809 23.6252732276917 37.8467648824056 -9999 -9999 -9999 -9999 -9999 -9999 1.21909725666046 1.32094949483871 1.40361446142197 1.2383219897747 1.327113032341 1.66530829668045 1.96760773658752 2.10785329341888 1.71795451641083 1.49044007062912 1.41560585796833 1.31704764068127 1.2705956697464 1.473538890481 0.766593754291534 1.35308852791786 1.39370888471603 0.534092992544174 0.429764986038208 0.449256733059883 0.923928022384644 0.48581774532795 0.456558734178543 0.394552499055862 0.455855995416641 0.355689749121666 0.681105360388756 0.48921187967062 0.422564618289471 0.35546961799264 0.346926748752594 0.392447993159294 0.295789495110512 0.376515761017799 0.373462490737438 0.348136492073536 0.357860259711742 0.366310492157936 0.473844766616821 0.45735901594162
-9999 -9999 -9999 -9999 -9999 -9999 -9999 -9999 -9999 -9999 -9999 -9999 -9999 16.6274771690369 16.6274771690369 16.6274771690369 -9999 -9999 -9999 -9999 -9999 -9999 4.94490551948547 4.94490551948547 4.94490551948547 0.308659605681896 1.60354650020599 1.52176952362061 1.46877148747444 2.07464933395386 2.31262278556824 1.55222998559475 1.60740154981613 1.48735164105892 1.12953145802021 1.2436900138855 1.32771599292755 1.08189748227596 0.97655213624239 0.31607249379158 0.293412744998932 0.269517749547958 0.252387754619122 0.481655269861221 0.35878499597311 0.321597754955292 0.333812244236469 0.30902773886919 0.295301243662834 0.456155240535736 0.434636235237122 0.270628497004509 0.27538724988699 0.475401744246483 0.376850992441177 0.300044998526573 0.363908618688583 0.366822011768818 0.352425009012222 0.357627756893635 0.354143992066383 0.312386244535446
-9999 -9999 -9999 -9999 -9999 -9999 -9999 -9999 -9999 -9999 -9999 -9999 -9999 -9999 -9999 -9999 -9999 -9999 -9999 -9999 -9999 -9999 -9999 -9999 -9999 -9999 2.79324299097061 1.67788875102997 1.92179328203201 1.57245004177094 1.54631245136261 1.79909777641296 1.3570094704628 1.07943221926689 1.3507364988327 1.17077648639679 1.0966225117445 0.867085486650467 0.637275360524654 0.713171616196632 0.289607249200344 0.276477009057999 0.275293506681919 0.268242001533508 0.273922495543957 0.286159493029118 0.292964994907379 0.28270348906517 0.285681009292603 0.34544400125742 0.399002999067307 0.435021758079529 0.448006510734558 0.407141983509064 0.273165754973888 0.353063251823187 0.354735754430294 0.353139370679855 0.35029461979866 0.296814747154713 0.350543260574341 0.309727504849434
-9999 -9999 -9999 -9999 -9999 -9999 -9999 -9999 -9999 -9999 -9999 -9999 -9999 -9999 -9999 -9999 -9999 -9999 -9999 -9999 -9999 -9999 -9999 -9999 -9999 -9999 -9999 3.84231167863792 2.36869883537292 1.81640177965164 1.6048446893692 1.49263197183609 1.39978873729706 1.21415627002716 1.06287145614624 0.820497393608093 0.956339031457901 0.800619721412659 0.682865500450134 0.555064503103495 0.494968123733997 0.485652007162571 0.428358368575573 0.398328021168709 0.323548503220081 0.249956242740154 0.262798503041267 0.241997256875038 0.244811251759529 0.26111251115799 0.271804489195347 0.380438268184662 0.437140479683876 0.401075229048729 0.3386549949646 0.340479008853436 0.367010995745659 0.379854753613472 0.334956005215645 0.346146740019321 0.339206255972385 0.356837254017591
