EcologicalScience/Bass/data/rs_data_bass/chl_78.asc
NCOLS 226 
NROWS 124 
XLLCORNER -9.41648524995501 
YLLCORNER 47.587301625531 
CELLSIZE 0.0833 
NODATA_value -9999 
[rows 81 to 107 of 124, columns 62 to 123 of 226]
3.85158455371857 5.97498106956482 7.6620512008667 7.66205191612244 -9999 -9999 -9999 -9999 -9999 -9999 -9999 -9999 -9999 -9999 -9999 -9999 -9999 -9999 -9999 -9999 -9999 -9999 -9999 -9999 -9999 -9999 -9999 -9999 -9999 -9999 -9999 -9999 -9999 -9999 -9999 -9999 -9999 -9999 -9999 -9999 -9999 -9999 -9999 -9999 -9999 -9999 -9999 -9999 -9999 -9999 -9999 -9999 -9999 -9999 -9999 -9999 -9999 -9999 -9999 -9999 -9999 -9999
2.81724625565473 -9999 -9999 -9999 -9999 -9999 -9999 -9999 -9999 -9999 -9999 -9999 -9999 -9999 -9999 -9999 -9999 -9999 -9999 -9999 -9999 -9999 -9999 -9999 -9999 -9999 -9999 -9999 -9999 -9999 -9999 -9999 -9999 -9999 -9999 -9999 -9999 -9999 -9999 -9999 -9999 -9999 -9999 -9999 -9999 -9999 -9999 -9999 -9999 -9999 -9999 -9999 -9999 -9999 -9999 -9999 -9999 -9999 -9999 -9999 -9999 -9999
-9999 -9999 -9999 -9999 -9999 -9999 -9999 -9999 -9999 -9999 -9999 -9999 -9999 -9999 -9999 -9999 -9999 -9999 -9999 -9999 -9999 -9999 -9999 -9999 -9999 -9999 -9999 -9999 -9999 -9999 -9999 -9999 -9999 -9999 -9999 -9999 -9999 -9999 -9999 -9999 -9999 -9999 -9999 -9999 -9999 -9999 -9999 -9999 -9999 -9999 -9999 -9999 -9999 -9999 -9999 -9999 -9999 -9999 -9999 -9999 -9999 -9999
-9999 -9999 -9999 -9999 -9999 -9999 -9999 -9999 -9999 -9999 -9999 -9999 -9999 -9999 -9999 -9999 -9999 -9999 -9999 -9999 -9999 -9999 -9999 -9999 -9999 -9999 -9999 -9999 -9999 -9999 -9999 -9999 -9999 -9999 -9999 -9999 -9999 -9999 -9999 -9999 -9999 -9999 -9999 -9999 -9999 -9999 -9999 -9999 -9999 -9999 -9999 -9999 -9999 -9999 -9999 -9999 -9999 2.19444439502863 1.43167349696159 1.67778074741364 2.06131732463837 1.99614375829697
-9999 -9999 -9999 -9999 -9999 -9999 -9999 -9999 -9999 -9999 -9999 -9999 -9999 -9999 -9999 -9999 -9999 -9999 -9999 -9999 -9999 -9999 -9999 -9999 -9999 -9999 -9999 -9999 -9999 -9999 -9999 -9999 -9999 -9999 -9999 -9999 37.1749906539917 -9999 4.59538492403532 3.50629893509117 -9999 -9999 2.3896441757679 1.36137753725052 1.39570650458336 1.4735369682312 1.62906450033188 1.40007296204567 1.32928723096848 1.44791927933693 2.49087871313095 4.80113618714469 -9999 -9999 -9999 2.38461863994598 1.7301726937294 1.4029897749424 1.33619400858879 1.12185224890709 0.858235538005829 0.844824761152267
-9999 -9999 -9999 -9999 -9999 -9999 -9999 -9999 -9999 -9999 -9999 -9999 -9999 3.65144236494855 2.01172345876694 2.85995256900787 2.40831756591797 1.98986166715622 1.12509450316429 -9999 -9999 -9999 -9999 -9999 -9999 -9999 -9999 -9999 1.85468924045563 2.09191954135895 2.23995745182037 2.11218076944351 -9999 3.66949796676636 -9999 -9999 -9999 -9999 2.25888150930405 2.00156700611115 1.82842272520065 2.19699078798294 1.78388392925262 1.62497395277023 1.32026696205139 1.42392298579216 1.46613228321075 1.37685450911522 1.19538447260857 1.22995653748512 1.23904421925545 1.30810126662254 1.4118629693985 1.63919466733932 1.61804848909378 1.52401721477509 1.41895499825478 0.910889983177185 0.704131498932838 0.654911980032921 0.767417997121811 0.795183777809143
-9999 -9999 -9999 -9999 -9999 -9999 -9999 -9999 -9999 -9999 5.07750958353281 2.07932245731354 2.41996943950653 2.01009821891785 1.69303643703461 1.81073033809662 1.50604569911957 1.51239216327667 1.59880721569061 1.62740099430084 -9999 -9999 1.4374980032444 1.32574877142906 1.66475401818752 -9999 -9999 1.44955907016993 1.53680777549744 1.48382547497749 1.44601875543594 1.61886674165726 1.87757778167725 1.37819775938988 -9999 -9999 1.95189422369003 1.88083045823233 2.03489023447037 1.92548167705536 1.87709623575211 1.85389655828476 1.68060833215714 1.52558773756027 1.37820822000504 1.37815877795219 1.19164726138115 1.06880548596382 1.03961402177811 0.896600246429443 0.877190262079239 0.87617102265358 0.825094521045685 0.711728990077972 0.723019480705261 0.72003673017025 0.711963012814522 0.641638487577438 0.654437229037285 0.71246400475502 0.704948991537094 0.69190277159214
-9999 -9999 -9999 -9999 -9999 -9999 -9999 -9999 -9999 1.72531718015671 1.67640227079391 1.57746291160583 1.37332051992416 1.2135029733181 1.18219873309135 1.20128774642944 1.13702622056007 1.06876203417778 1.06457921862602 1.06184104084969 1.06337025761604 1.40222851932049 1.1910315155983 1.32948750257492 1.29326328635216 1.27751550078392 1.24955999851227 1.21011373400688 1.22054475545883 1.17888075113297 1.20773550868034 1.09973323345184 1.04620349407196 1.08264899253845 1.74240982532501 1.93868923187256 2.04750752449036 1.95095998048782 2.00549697875977 1.97087556123734 1.7017582654953 1.59446400403976 1.67246693372726 1.55598002672195 1.43282479047775 1.02126976847649 0.954491257667542 0.935265004634857 0.89851650595665 0.808082967996597 0.825397521257401 0.776118010282516 0.709982246160507 0.69860851764679 0.692103758454323 0.766877979040146 0.703850984573364 0.728315994143486 0.797508716583252 0.815555959939957 0.737398490309715 0.699686229228973
-9999 -9999 -9999 -9999 -9999 -9999 -9999 -9999 -9999 1.55208903551102 1.34763371944427 1.27441048622131 1.15654349327087 1.00816798210144 0.999047219753265 0.957120716571808 0.96239098906517 0.948854237794876 0.942622482776642 0.939547508955002 0.987356275320053 1.08044922351837 1.11077472567558 1.12358701229095 1.18035453557968 1.18107452988625 1.23709800839424 1.18412777781487 1.15748852491379 1.14694198966026 1.1484982073307 1.02328196167946 0.960646480321884 0.958445280790329 1.00544920563698 1.18079325556755 1.53930902481079 1.79637229442596 1.75498956441879 1.63923078775406 1.62729746103287 1.53092694282532 1.22987625002861 1.1501182615757 1.10192254185677 1.02970799803734 1.02549827098846 0.981143206357956 0.816002279520035 0.673326015472412 0.830756217241287 0.686335489153862 0.687566980719566 0.722082003951073 0.796257734298706 0.819048017263412 0.80930095911026 0.8177849650383 0.813118457794189 0.818769782781601 0.897593289613724 0.907932758331299
-9999 -9999 -9999 -9999 -9999 -9999 -9999 -9999 -9999 1.11518248915672 1.03277698159218 0.93766576051712 0.969360709190369 0.950897991657257 1.04294550418854 0.986316740512848 0.85750275850296 0.778675496578217 0.864198714494705 0.900687754154205 1.01022523641586 1.07031145691872 1.1138219833374 1.15460327267647 1.23403725028038 1.2116234600544 1.13623425364494 1.0414372086525 0.996471762657166 0.970253258943558 0.919893711805344 0.909781515598297 0.905130743980408 0.917177975177765 0.904316961765289 1.03791072964668 1.16564029455185 1.26558297872543 1.33513274788857 1.31129398941994 1.20791923999786 1.08389022946358 0.979928255081177 1.00419071316719 1.04425048828125 1.07577073574066 1.1132932305336 1.09272372722626 1.03501349687576 0.940175235271454 0.704209506511688 0.635060235857964 0.814502209424973 0.852784484624863 0.811766982078552 0.77897921204567 0.806553035974503 0.840052485466003 0.885340511798859 0.903298527002335 0.918795794248581 0.895873457193375
4.76046538352966 8.13674283027649 1.79167503118515 1.87358021736145 -9999 -9999 -9999 3.63222527503967 1.96110606193542 1.34363177418709 0.919175237417221 0.795428216457367 0.839042991399765 0.94869527220726 0.973269760608673 0.93470773100853 0.890252262353897 0.9114870429039 0.837749987840652 0.718689769506454 0.814753532409668 0.861698269844055 0.886595964431763 0.931755781173706 0.978813707828522 0.959076762199402 0.946365773677826 0.955847293138504 0.996992290019989 0.988508999347687 0.967793226242065 0.969489723443985 0.979394227266312 0.995973765850067 1.0111919939518 0.993233978748322 0.973655998706818 0.973364979028702 0.956046760082245 0.926213979721069 0.918157517910004 0.975867748260498 1.04834997653961 1.04916152358055 1.11241498589516 1.11540976166725 1.07602277398109 1.03212001919746 0.957839280366898 0.849226534366608 0.65530201792717 0.400337979197502 0.83542200922966 0.826748996973038 0.83718529343605 0.839741975069046 0.970019996166229 0.992477238178253 0.990651726722717 1.07136824727058 0.984183758497238 1.00257003307343
2.03687471151352 1.85004007816315 1.68827766180038 1.61068278551102 2.12138324975967 2.59340018033981 1.32413926720619 1.37447771430016 0.985358208417892 0.866735279560089 0.971718013286591 0.869716465473175 0.799689710140228 0.915682464838028 0.955005705356598 0.910838216543198 0.851757735013962 0.905744254589081 0.759847462177277 0.713241755962372 0.711464256048203 0.742070987820625 0.75129970908165 0.756446957588196 0.82303574681282 0.859082221984863 0.886209726333618 0.881270974874496 0.900629997253418 0.8880495429039 0.875403732061386 0.885747760534286 0.885446280241013 0.894793510437012 0.885293215513229 0.869484007358551 0.878449469804764 0.882333040237427 0.861666709184647 0.882659286260605 0.911405235528946 0.958193242549896 1.03417727351189 0.970611780881882 0.928407043218613 0.934307992458344 0.920129209756851 0.908489227294922 0.873855739831924 0.69430348277092 0.675761997699738 0.821654230356216 0.891315758228302 0.987078756093979 0.950766026973724 1.02754426002502 1.18804049491882 1.1366947889328 1.08843675255775 1.02722775936127 0.988929033279419 1.05315372347832
1.47722402215004 1.4607427418232 1.3991114795208 1.45341897010803 1.83047783374786 1.57364630699158 1.1156707406044 0.899323493242264 0.896629482507706 0.927172511816025 0.825257956981659 0.812884479761124 0.795068979263306 0.799095779657364 0.772625237703323 0.690544500946999 0.653592735528946 0.657078757882118 0.622875764966011 0.651781484484673 0.688459485769272 0.669734269380569 0.666435018181801 0.666209265589714 0.715722754597664 0.740401491522789 0.758373767137527 0.772260010242462 0.807905226945877 0.832886964082718 0.840776234865189 0.837944984436035 0.843424469232559 0.842014521360397 0.844082236289978 0.841657519340515 0.822957783937454 0.826890707015991 0.820418983697891 0.827577710151672 0.836801290512085 0.846052497625351 0.962050527334213 0.899141281843185 0.822420001029968 0.795915752649307 0.869523793458939 0.894332259893417 0.756177753210068 0.778140753507614 0.818751722574234 0.867258757352829 0.832154273986816 1.13525328040123 1.16812348365784 1.17370650172234 1.23210453987122 1.20160272717476 1.13843250274658 1.13982447981834 1.07730978727341 1.08792972564697
1.48682552576065 1.30157250165939 1.34585022926331 1.40980276465416 1.13204178214073 1.08505046367645 0.964293748140335 1.03502252697945 1.08249145746231 1.03194603323936 0.798546731472015 0.77622976899147 0.73403924703598 0.649986013770103 0.633875995874405 0.575583010911942 0.561383262276649 0.545433729887009 0.625558510422707 0.632574006915092 0.654228016734123 0.672455236315727 0.688017010688782 0.701147228479385 0.718095749616623 0.740611508488655 0.752267986536026 0.772279500961304 0.80223074555397 0.818807244300842 0.817116737365723 0.828215271234512 0.838712990283966 0.838511288166046 0.843416959047318 0.840941280126572 0.847185730934143 0.870945006608963 0.883941739797592 0.871229231357574 0.85502028465271 0.78863999247551 0.868482738733292 1.00603388249874 0.818166732788086 0.811248779296875 0.970038771629333 0.872141271829605 0.807265520095825 0.875795960426331 0.835562288761139 0.828644961118698 0.921357035636902 1.16457903385162 1.29183223843575 1.31979149580002 1.37906777858734 1.37420850992203 1.32396528124809 1.27939501404762 1.13846924901009 1.18395003676414
1.10662722587585 0.926453232765198 0.976234495639801 1.21138572692871 1.0256062746048 0.815850019454956 0.689511761069298 0.622769996523857 0.624098986387253 0.743467479944229 0.900342017412186 0.776458472013474 0.724443018436432 0.701725512742996 0.604688242077827 0.59680500626564 0.581413507461548 0.560255259275436 0.633743986487389 0.652178227901459 0.646861508488655 0.652692764997482 0.664518758654594 0.686684265732765 0.721932739019394 0.777056246995926 0.787669479846954 0.793054461479187 0.831508487462997 0.85342276096344 0.861312031745911 0.852432757616043 0.835665732622147 0.835062772035599 0.858742475509644 0.901797026395798 0.908633261919022 0.898767739534378 0.928142219781876 0.940087527036667 0.964595228433609 0.982533752918243 1.00286400318146 1.02733799815178 1.0808137357235 1.07724148035049 0.9767025411129 0.815228283405304 0.808950036764145 0.863857537508011 0.883262246847153 0.9203782081604 0.95505228638649 1.09122070670128 1.21109926700592 1.25613597035408 1.40865674614906 1.49635800719261 1.48835545778275 1.50052803754807 1.53918296098709 1.64127445220947
1.00679102540016 0.873816758394241 0.972534030675888 0.905413538217545 0.886533737182617 0.847274959087372 0.816748470067978 0.465436488389969 0.508198499679565 0.507676497101784 0.587444990873337 0.693915769457817 0.718608006834984 0.670731738209724 0.662464499473572 0.700257003307343 0.649899020791054 0.621594741940498 0.659593507647514 0.671754017472267 0.650879994034767 0.632382765412331 0.636354759335518 0.623797506093979 0.615788251161575 0.672522738575935 0.728209510445595 0.76740825176239 0.827664792537689 0.906035989522934 0.93815553188324 0.908714264631271 0.86292976140976 0.868289977312088 0.887160748243332 0.923882961273193 0.962183207273483 0.932655036449432 0.898450523614883 1.08612450957298 1.02029246091843 1.03637999296188 1.07905724644661 1.04217302799225 1.03377521038055 1.00122597813606 0.896115034818649 0.854270249605179 0.930794209241867 1.24604174494743 1.49091222882271 1.26225525140762 1.20906302332878 1.13364154100418 1.2036030292511 1.38811200857162 1.80020928382874 1.90398001670837 1.77840292453766 1.79189550876617 1.88849169015884 2.25188622186924
0.872832030057907 1.11145725846291 1.02662323415279 0.741854265332222 0.758293479681015 0.962740480899811 0.897558778524399 0.799128770828247 0.580154255032539 0.507698267698288 0.565611764788628 0.557432994246483 0.512181758880615 0.499649986624718 0.50839801132679 0.57142648100853 0.613944008946419 0.630727484822273 0.561512231826782 0.627474769949913 0.73996576666832 0.783707231283188 0.761242479085922 0.752648234367371 0.711695238947868 0.773800492286682 1.00073549151421 1.08122554421425 1.05219376087189 1.05855596065521 0.996570736169815 0.951184540987015 0.961896032094955 1.06071004271507 1.19466072320938 1.26467701792717 1.22866496443748 1.06911224126816 1.02423897385597 1.01254802942276 1.01353499293327 1.0283744931221 1.11551401019096 1.11333373188972 1.07525476813316 1.03392603993416 1.08739802241325 1.10243779420853 1.1793487071991 1.42490923404694 1.78931021690369 1.89332699775696 1.50575172901154 1.50128102302551 1.76391005516052 1.93263155221939 1.85042819184978 -9999 -9999 -9999 -9999 -9999
0.958352610468864 0.771849006414413 0.806192994117737 0.936380624771118 1.09986752271652 0.951563268899918 0.896708965301514 0.81691575050354 0.553933516144753 0.51001650094986 0.461196005344391 0.483411759138107 0.441167995333672 0.474712505936623 0.472932770848274 0.513605251908302 0.521812498569489 0.571038767695427 0.615200981497765 0.738591760396957 0.74126248061657 0.75209704041481 0.805022209882736 0.855833977460861 0.859886974096298 1.01878201961517 1.13514599204063 1.2342067360878 1.0827409029007 1.05078372359276 0.984498739242554 1.17190870642662 1.27463248372078 1.55691450834274 1.95395243167877 1.95316958427429 1.38538429141045 1.39241471886635 1.27262771129608 1.05386325716972 1.0473510324955 1.08687821030617 1.1802082657814 1.14904350042343 1.09768876433372 1.10897102952003 1.33444797992706 1.42206448316574 1.50550425052643 2.23828572034836 3.79732489585876 7.45809888839722 1.98452407121658 1.90918046236038 1.9637453775914 -9999 -9999 -9999 -9999 -9999 -9999 -9999
0.641328021883965 0.640250980854034 0.945003747940063 0.885351777076721 0.950129270553589 0.876999735832214 0.809645980596542 0.760375499725342 0.694383770227432 0.613346233963966 0.583662763237953 0.501606747508049 0.469933480024338 0.527819260954857 0.583835989236832 0.554709747433662 0.596751764416695 0.583129495382309 0.631322979927063 0.807414025068283 0.82406097650528 0.864241540431976 0.840293973684311 0.861325532197952 0.868450462818146 0.938930243253708 1.16717103123665 1.27207571268082 1.30616639554501 -9999 -9999 -9999 -9999 -9999 -9999 3.14426672458649 1.57399499416351 1.57635372877121 1.31595522165298 1.11717000603676 1.17908549308777 1.22694745659828 1.27154025435448 1.26729074120522 1.20060673356056 1.442775785923 1.43663549423218 1.4386380314827 1.37523454427719 2.41010248661041 3.64202857017517 10.7899045944214 6.32596564292908 1.9762424826622 1.97624230384827 -9999 -9999 -9999 -9999 -9999 -9999 -9999
0.779927283525467 0.961439967155457 0.953547030687332 0.844573527574539 0.756275206804276 0.743769004940987 0.674489244818687 0.664933517575264 0.603982508182526 0.595265239477158 0.591707244515419 0.520998001098633 0.528747752308846 0.565161734819412 0.603572264313698 0.578697770833969 0.51078374683857 0.576321735978127 0.717564761638641 0.881086528301239 0.872166752815247 0.870395243167877 0.831909030675888 0.921008259057999 0.949649959802628 1.01398202776909 1.27170976996422 1.31040599942207 1.57620526850224 -9999 -9999 -9999 -9999 -9999 -9999 -9999 4.16526746749878 3.40278446674347 2.38483875989914 1.52364367246628 1.53428024053574 1.47661346197128 1.53548616170883 1.47941771149635 1.37816628813744 3.73227989673615 2.15206199884415 2.03802233934402 2.20033568143845 3.63636088371277 5.85914182662964 15.4197535514832 -9999 -9999 -9999 -9999 -9999 -9999 -9999 -9999 -9999 -9999
0.724316239356995 0.763023018836975 0.797155469655991 0.913774520158768 0.874930500984192 0.766683787107468 0.79747948050499 0.60038848221302 0.456668257713318 0.454116761684418 0.497506499290466 0.500430732965469 0.519040480256081 0.5925532579422 0.578291237354279 0.588255733251572 0.820632040500641 0.699997499585152 0.822654783725739 1.15928563062507 -9999 0.734754011034966 0.802774518728256 0.884536474943161 0.987690031528473 1.0732139647007 1.32047179341316 1.44696977734566 1.58893042802811 -9999 -9999 -9999 -9999 -9999 -9999 -9999 4.02567887306213 4.27088177204132 6.4484589099884 4.95538938045502 2.42508369684219 2.22789967060089 2.34149318933487 1.98143845796585 2.00676155090332 1.67417854070663 2.14005821943283 2.70840668678284 4.33507347106934 8.05305790901184 7.1503701210022 4.70015108585358 3.60898661613464 -9999 -9999 -9999 -9999 -9999 -9999 -9999 -9999 -9999
0.71917949616909 0.720174014568329 0.71296352148056 0.879902243614197 0.727803736925125 0.662091001868248 0.725038513541222 0.549887984991074 0.516458228230476 0.45889350771904 0.520113006234169 0.536674484610558 0.560400009155273 0.637171491980553 0.679427996277809 0.788141995668411 0.755409747362137 0.722290500998497 0.726539254188538 0.733818769454956 0.690883487462997 0.672323271632195 0.674430727958679 0.994036495685577 1.15395453572273 1.25837096571922 1.5261338353157 1.67224341630936 1.79196900129318 2.1003457903862 -9999 -9999 -9999 -9999 -9999 -9999 -9999 2.83973926305771 2.91756445169449 2.38154676556587 2.94081366062164 2.73205429315567 2.53664481639862 2.52440929412842 2.41942727565765 1.84679996967316 2.40306669473648 3.64125287532806 6.37821221351624 13.466926574707 13.4696373939514 5.19092166423798 3.3400660644878 -9999 -9999 -9999 -9999 -9999 -9999 -9999 -9999 -9999
0.859334975481033 0.835564523935318 0.779540956020355 0.915856540203094 0.88248673081398 0.833245486021042 0.711888760328293 0.446101516485214 0.457493260502815 0.472767010331154 0.545194521546364 0.571590766310692 0.593340754508972 0.633117020130157 0.647797510027885 0.692046761512756 0.719595015048981 0.666289508342743 0.678029268980026 0.669149234890938 0.64360199868679 0.67484624683857 0.793466985225677 1.30489799380302 1.42115700244904 1.47713774442673 1.61465620994568 1.73595374822617 1.87871396541595 1.92816227674484 -9999 -9999 -9999 -9999 -9999 -9999 -9999 -9999 -9999 -9999 -9999 -9999 -9999 -9999 -9999 -9999 3.65490746498108 13.4180488586426 14.3993525505066 15.491887485981 -9999 -9999 -9999 -9999 -9999 -9999 -9999 -9999 -9999 -9999 -9999 -9999
0.764127016067505 0.825798779726028 0.711087003350258 0.624704271554947 0.797660976648331 0.722185492515564 0.521649733185768 0.418730244040489 0.458389520645142 0.488919004797935 0.559361234307289 0.584046766161919 0.608401492238045 0.613156512379646 0.632009983062744 0.625508263707161 0.648857250809669 0.651436507701874 0.652188017964363 0.654909744858742 0.658565998077393 0.783003777265549 0.956784725189209 0.956998759700406 -9999 -9999 -9999 1.44828075170517 1.5821453332901 1.70304608345032 2.21984857320786 -9999 -9999 -9999 -9999 -9999 -9999 -9999 -9999 -9999 -9999 -9999 -9999 -9999 -9999 -9999 -9999 -9999 -9999 -9999 -9999 -9999 -9999 -9999 -9999 -9999 -9999 -9999 -9999 -9999 -9999 -9999
0.421338021755219 0.621401265263557 0.690288752317429 0.618321016430855 0.689189985394478 0.628391996026039 0.420738771557808 0.447969004511833 0.475090518593788 0.513444006443024 0.575476482510567 0.655971765518188 0.649168521165848 0.632609233260155 0.68062949180603 0.701652020215988 0.715835988521576 0.745832249522209 0.741926237940788 0.731033250689507 0.730866730213165 0.791523724794388 0.919379264116287 1.09259328246117 1.22327774763107 1.25520899891853 1.26676878333092 1.31719350814819 1.42456349730492 1.58857047557831 1.80987972021103 2.1927162235783 -9999 -9999 -9999 -9999 -9999 -9999 -9999 -9999 -9999 -9999 -9999 -9999 -9999 -9999 -9999 -9999 -9999 -9999 -9999 -9999 -9999 -9999 -9999 -9999 -9999 -9999 -9999 -9999 -9999 -9999
0.454507514834404 0.631761744618416 0.581318244338036 0.478961259126663 0.438483014702797 0.454182744026184 0.46417348086834 0.47640073299408 0.539815485477448 0.565958261489868 0.609978005290031 0.709974020719528 0.708369746804237 0.718641757965088 0.751951485872269 0.767162293195724 0.788309276103973 0.786139458417892 0.781139999628067 0.774522721767426 0.786680281162262 0.853484272956848 0.921410232782364 1.07573997974396 1.26597154140472 1.30909502506256 1.30225199460983 1.28988897800446 1.39553251862526 1.54925394058228 1.83108973503113 2.0492497086525 -9999 -9999 -9999 -9999 -9999 -9999 -9999 -9999 -9999 -9999 -9999 -9999 -9999 -9999 -9999 -9999 -9999 -9999 -9999 -9999 -9999 -9999 -9999 -9999 -9999 -9999 -9999 -9999 -9999 -9999
0.433462500572205 0.436521738767624 0.458287507295609 0.478826254606247 0.494071483612061 0.514412239193916 0.547809764742851 0.57293401658535 0.664251744747162 0.677764490246773 0.700695767998695 0.90056848526001 1.01386946439743 1.12139546871185 1.13057997822762 1.06162878870964 0.936238467693329 0.866657227277756 0.823563784360886 0.810144782066345 0.800525218248367 0.878954976797104 1.02860847115517 1.22514000535011 1.93807125091553 1.72706258296967 1.3391737639904 1.33962678909302 1.45953521132469 1.6654080748558 2.91452246904373 -9999 -9999 -9999 -9999 -9999 -9999 -9999 -9999 -9999 -9999 -9999 -9999 -9999 -9999 -9999 -9999 -9999 -9999 -9999 -9999 -9999 -9999 -9999 -9999 -9999 -9999 -9999 -9999 -9999 -9999 -9999
