EcologicalScience/Bass/data/rs_data_bass/chl_406.asc
NCOLS 226 
NROWS 124 
XLLCORNER -9.41648524995501 
YLLCORNER 47.587301625531 
CELLSIZE 0.0833 
NODATA_value -9999 
[rows 54 to 80 of 124, columns 124 to 185 of 226]
2.02899956703186 2.05361576875051 2.04764080047607 2.00796528657277 1.92403030395508 1.87801341449513 1.85786942524068 1.88262979072683 1.84145183422986 2.10782989263535 2.64834755659103 2.48611271381378 1.93151253461838 1.90179526805878 1.88734799623489 1.98242783546448 1.68671625852585 1.61037307977676 1.78763258457184 1.68772727251053 1.44113347927729 1.47923622528712 1.60841782093048 1.95432445406914 2.11335511207581 2.21367191076279 2.32891139984131 2.46654448509216 2.53373783826828 2.54513329267502 2.50852274894714 2.42998498678207 2.40657895803452 2.05327971776326 2.06075219313304 1.83726201454798 1.8348884344101 1.7036417722702 1.3684619307518 1.27354879975319 1.4579067081213 1.56911239027977 1.37554500500361 1.52007802203298 1.69129457697272 1.8969475440681 2.17777440324426 2.63579537719488 3.10323668271303 3.37604425102472 3.64087577660879 4.49521422386169 4.4961027990688 5.91046830586025 5.83356982469559 9.22587661743164 6.83536615738502 7.28985266502087 7.1232917457819 9.86490073873977 -9999 -9999
3.09951538273266 3.78147866044726 2.97370281815529 2.79866464223181 2.34592727678163 2.25390202658517 2.10448717369753 2.09755280087976 2.16631434244268 2.05215359926224 1.6479938775301 2.73895508050919 2.15187817811966 1.76838076114655 2.03797423839569 1.77789741754532 1.9130744934082 1.24478418827057 1.36496918201447 1.59446697235107 1.61453893184662 1.83268429835637 2.09385991096497 2.1049730181694 2.16057161092758 2.2682469367981 2.27862086296082 2.34138749043147 2.2040401895841 2.0455065742135 2.51261633634567 2.42194193601608 1.90689104795456 1.59727237621943 1.36868234475454 1.4092170993487 1.38670692841212 1.42719722390175 1.21172706286112 1.28734613209963 1.46403904259205 1.46644514799118 1.59468280524015 1.90428443625569 1.93606048822403 2.06933391094208 2.34790277481079 2.64142942428589 4.05500395596027 3.17062348723412 4.04871638254686 3.30118715763092 3.43932219346364 4.86959556738536 7.10765258471171 16.3798190090391 10.5720698833466 -9999 -9999 -9999 -9999 -9999
3.13122258466833 3.86054036021233 3.2725773198264 3.30841250079019 2.94001307232039 2.73583682094301 2.78851542402716 2.76249140150407 2.38141291632372 1.76362238327662 1.60779480139414 1.51535475254059 1.52738587061564 2.56198508599225 2.85257936575834 1.33115981221199 1.42480568289757 6.09047617982416 4.01320635846683 1.65401054620743 2.00085574388504 2.11059719324112 2.2791041135788 2.2278201341629 3.20539145810264 2.4499104150704 2.18478262424469 2.15421525239944 2.06921879053116 2.09226677566767 1.84806666523218 1.73226226866245 1.36756266355515 1.43333919843038 1.39555674791336 1.31935964028041 1.32307680447896 1.43632760643959 1.5076335867246 1.48792590697606 1.512314726909 1.70214011147618 2.44565384835005 2.72212779521942 2.6652100905776 2.44170820713043 2.15362572669983 2.97828281074762 3.55942856181752 4.35235463318072 4.78799399576689 6.6139927475076 14.2022727216993 5.86955038138798 -9999 -9999 -9999 -9999 -9999 -9999 -9999 -9999
4.1954157778195 2.06890225410461 1.99861528873444 1.84967158238093 1.6650795340538 2.91842731307535 2.66593322333168 2.48214681008283 2.40639140325434 2.25420267441694 1.65060214201609 1.79462442795436 1.29584000507991 3.10767394654891 2.40439137991737 2.20622617006302 2.59612655639648 2.38340324163437 1.87095071872075 2.88653954437801 3.82077299697059 2.2892622590065 2.04938254356384 2.00312241315842 1.97351429462433 3.85918007152421 2.59655661668096 1.76782351732254 1.72881262302399 1.71181988716125 1.56021700501442 1.40743254125118 1.68462681770325 1.7234276731809 1.61668716669083 1.53009680509567 1.55444417397181 1.52219398319721 1.60552689805627 1.52059237162272 1.49132790416479 1.80256724357605 2.02129369974136 2.6443784236908 2.89823285490274 3.2155024856329 2.89454466104507 10.3952833624447 5.66866412758827 5.12921248376369 5.02552060077065 5.35008479419507 7.08141721997942 -9999 -9999 -9999 -9999 -9999 -9999 -9999 -9999 -9999
3.54305248260498 3.25508784620385 2.57341853777568 2.36065868536631 1.45140477021535 3.30703700991238 3.16280860410017 3.14925147855983 2.8405535922331 1.65998989343643 2.32444131374359 2.44366050818387 2.28793994118186 2.40387848445347 2.686207984175 3.98382210731506 6.18953704833984 2.27270330985387 2.14773680766424 2.05776172876358 2.05458940267563 2.07792352437973 1.84819647073746 1.84964332580566 1.66748740673065 1.5731750369072 0.964868944883347 1.21079362034798 1.29017140865326 1.2863289475441 1.2972571015358 1.62202652692795 1.8910475174586 1.95620536804199 1.66480108499527 1.60558615922928 1.58315562084317 1.68069377169013 1.65000334382057 1.47607474029064 1.62970591709018 2.50556129962206 3.23391238600016 3.07474069297314 3.31097627431154 3.5440896320343 7.46321566899618 8.78147876262665 6.53507807850838 6.08383646607399 4.33023226261139 5.79038909503392 55.1501927947998 -9999 -9999 -9999 -9999 -9999 -9999 -9999 -9999 -9999
11.7605099803523 8.55395298344748 6.86763656766791 4.41306215210965 3.73179549919932 4.83357045229743 3.9097996599534 3.74096762432772 4.21075415611267 3.14392805099487 3.02257740497589 3.1951779127121 2.68264233364778 2.77905133366585 2.57689762115479 2.49799046771867 2.1367859005928 2.09741212129593 2.0768944422404 1.90408098697662 1.70648964643478 1.79781193733215 1.51247392296791 1.33070834875107 1.42165864109993 1.50280183553696 1.46764608845115 1.50106584280729 1.4078873594602 1.70129460096359 1.72587257623672 1.80197211106618 1.89800937970479 1.68751890957355 1.68656899407506 1.60107645392418 1.73848167434335 1.57254537343979 1.75701715797186 1.61315700039268 1.8193042203784 1.85397678613663 1.94049024581909 2.91128182411194 2.69682522118092 -9999 6.12821240084512 4.34423446655273 6.22329376425062 6.5045063836234 46.830326385498 45.1940257445626 69.1292473475138 52.6587689208984 -9999 -9999 -9999 -9999 -9999 -9999 -9999 -9999
-9999 -9999 -9999 -9999 -9999 2.28387522697449 2.84929339090983 7.37693452835083 6.14144825935364 5.72244358062744 5.31646263599396 2.35440913836161 2.87864702939987 5.33710260391235 3.25705791796957 2.50083386898041 1.70382035970688 1.89653701782227 2.02887531518936 1.75876287619273 1.80445199012756 1.77951898574829 1.60950675010681 1.29539942741394 1.31346575170755 1.45746126025915 1.58599799126387 1.63555955886841 1.56082165241241 1.54042387008667 1.72864357630412 1.926589290301 2.05414156119029 1.83650122582912 1.85980400070548 2.75683644041419 2.35289528220892 1.90951638668776 2.96410676836967 2.59161269664764 1.64356702566147 1.62086319923401 2.17084872722626 2.41784781217575 2.9386260509491 12.8356911198607 -9999 -9999 -9999 -9999 39.891542930603 36.4778288841248 27.0503218484961 60.8825231340196 -9999 -9999 -9999 -9999 -9999 -9999 -9999 -9999
-9999 -9999 -9999 -9999 -9999 -9999 -9999 -9999 8.0567672422954 4.38162634247228 1.9347003698349 2.77980041503906 2.95937799152575 3.24101987637972 2.76087546348572 1.99337168534597 2.81146971175545 2.10606719465817 1.89519850271089 1.38081083695094 1.02909127473831 1.00819144845009 1.22868189588189 1.25179718732834 1.24339140057564 1.41127281636 1.44129496067762 1.45860872666041 1.43862356742223 1.03051276132464 1.12728462740779 1.14188949018717 1.13236107677221 1.4555093832314 1.67743675410748 1.74911868944764 1.63144670426846 1.44001196622848 1.43887997791171 2.73725374415517 2.22483897209167 2.06649172306061 1.93481701612473 2.00663244724274 16.4499412178993 29.0682649612427 -9999 -9999 -9999 -9999 17.548882484436 20.4540725854727 74.7456722259521 67.7530002593994 32.7268037796021 28.7617994455191 -9999 -9999 -9999 -9999 -9999 -9999
-9999 -9999 -9999 -9999 -9999 -9999 -9999 -9999 -9999 -9999 2.39404718081156 3.01318454742432 4.01158877213796 3.62417300123917 2.56654278437297 2.27904091863071 1.75030593077342 1.9672484257642 1.92384871665169 1.86502796837262 1.2101810157299 0.916562396287918 1.07471823692322 1.22038022875786 1.21717312335968 1.24386074021459 1.27434151992202 1.33489140495658 1.39800417423248 1.25809123925865 0.495196318253875 1.51068584124247 1.48446424305439 1.45621767640114 1.45103625208139 1.75768740688052 1.289197742939 1.02770274877548 1.81008531153202 2.83521690219641 3.98059558868408 4.07333946973085 4.72665228843689 2.4002732411027 11.148373126405 -9999 -9999 -9999 -9999 -9999 -9999 -9999 9.07237945169937 25.6748485565186 17.6544327735901 24.9086036682129 10.8786277770996 -9999 -9999 -9999 -9999 -9999
-9999 -9999 -9999 -9999 -9999 -9999 -9999 -9999 -9999 4.3704868555069 2.59987847010295 2.45031781991323 3.6675041725761 3.76865322966325 3.52970480918884 2.35052730055416 2.23416695174049 2.02946565151215 1.93835234642029 1.69191195567449 1.62539767225583 1.09444672862689 1.17066932601087 1.31606419822749 1.16807890310884 1.1653452180326 1.07581002513568 1.15242265661558 1.30569702386856 1.38334651788076 1.19138555601239 1.40861929580569 1.51777404919267 1.4111888743937 1.31506247520447 1.18384285569191 1.50521296262741 1.64844876527786 1.9282191991806 2.27327716350555 2.87872350215912 2.95753300189972 4.42455965280533 3.35226090749105 14.8705232727875 33.0447750091553 -9999 -9999 -9999 16.9702377319336 11.0950550599532 23.5549292564392 12.1772618293762 18.4389123916626 12.7220964431763 23.6491885185242 15.4780577906856 -9999 -9999 -9999 -9999 -9999
-9999 -9999 -9999 -9999 -9999 -9999 -9999 -9999 -9999 -9999 3.57443517446518 2.77290507157644 2.73196119815111 2.80708292126656 2.54358496665955 2.14502332210541 1.93885998725891 2.06973069906235 2.08878898620605 1.91477848291397 1.63678585489591 1.43435120582581 1.27541233102481 1.40338196754456 1.58093470931053 1.18256865938505 0.909240275621414 0.672581096490224 1.18607409795125 1.37793717781703 1.29919195175171 1.36815332372983 1.52742031216621 1.16029303371906 1.23105031549931 1.12713315188885 1.05930139124393 1.75470071605274 1.52242755889893 1.65870025753975 2.42093026638031 2.6003782749176 3.38357296586037 5.16987074017525 7.78931598582314 -9999 -9999 -9999 -9999 -9999 10.4764909744263 15.4221458435059 12.8815744717916 12.0309165318807 10.4637066523234 -9999 -9999 -9999 -9999 -9999 -9999 -9999
-9999 -9999 -9999 -9999 -9999 -9999 -9999 -9999 -9999 3.67937564849854 2.65778549512227 2.10807493854972 2.13375435769558 1.94676055759192 1.7417060919106 2.62796576584087 2.46503932335798 1.67377904802561 1.4772192388773 1.52690003420177 1.68813289403915 1.54266135692596 1.35552171298436 1.61454731225967 1.04566446940104 1.06223038832347 1.04223666588465 1.00030008951823 1.02609752615293 1.11715877056122 1.30730394341729 1.55194704099135 1.02812389880419 1.54394257920129 1.46640585575785 1.52349155289786 1.63511063371386 1.89583709836006 2.32295224070549 1.14613251686096 2.37134373188019 3.65860616415739 3.06849081069231 6.39972012714275 3.86466658115387 -9999 -9999 -9999 -9999 -9999 12.3170465826988 12.7892823815346 12.658812046051 20.8680861495262 -9999 -9999 -9999 -9999 -9999 -9999 -9999 -9999
-9999 -9999 -9999 -9999 -9999 -9999 -9999 -9999 -9999 2.6498792346786 2.54943884821499 2.20534732341766 2.73537683486938 1.742038205266 3.16617710590363 1.53345865756273 1.59510526433587 1.55439657345414 2.28998379707336 1.72891885042191 1.3083406885465 1.32089388370514 1.22343530257543 1.21576496958733 1.30048024112528 1.228542248408 1.09568953514099 1.04869848489761 1.16145173708598 1.35558793942134 1.61856373151143 1.48464132632528 1.64651942253113 1.55467446787017 1.51781311205455 1.35264677703381 1.60597744408776 1.9023898422718 2.0108123794198 3.61441055933634 2.90283751487732 5.2860681116581 3.95696039994558 8.59762289743979 3.86466693878174 -9999 -9999 -9999 -9999 12.1949715614319 -9999 -9999 -9999 -9999 -9999 -9999 -9999 -9999 -9999 -9999 -9999 -9999
-9999 -9999 -9999 -9999 -9999 -9999 -9999 -9999 -9999 2.58380511403084 2.48078567841474 2.60010971341814 2.72740340658597 2.60074986730303 1.69041104614735 2.27086753354353 2.01491108010797 1.94037268559138 1.66705842812856 1.5775039990743 1.29641060034434 1.23640195528666 1.18477582931519 1.18949216604233 1.33429559794339 0.812257329622904 0.895441730817159 1.36849893927574 0.990760883218364 1.60185758272807 1.79759250084559 1.76768070459366 1.86462044715881 1.79321924845378 2.0689164797465 1.39718588590622 1.90559746026993 2.82334870100021 3.60073516368866 4.2610404253006 2.30150171518326 1.76107088327408 8.27279976944425 -9999 -9999 -9999 -9999 -9999 -9999 -9999 -9999 -9999 -9999 -9999 -9999 -9999 -9999 -9999 -9999 -9999 -9999 -9999
-9999 -9999 -9999 -9999 -9999 -9999 -9999 -9999 18.5143768583025 2.79648991674185 3.01619243621826 3.02406141757965 3.06763713700431 1.8745717048645 1.9988840341568 1.90794988721609 1.92294372831072 1.67599955025841 1.61857094367345 1.62307947874069 1.20268077200109 1.22927297155062 1.24281972646713 1.29889231920242 1.53147492625497 1.40811298110268 1.05482208430767 1.41870122154554 1.64937176307042 1.62817099094391 1.61983505487442 1.90007361498746 2.24425113201141 1.46530751387278 1.92057963212331 1.73840188980103 2.15967238694429 5.55602140724659 4.98674585819244 5.48548266887665 2.56063176691532 8.77531356107993 13.6241686286696 -9999 -9999 -9999 -9999 -9999 -9999 -9999 -9999 -9999 -9999 -9999 -9999 -9999 -9999 -9999 -9999 -9999 -9999 -9999
-9999 -9999 -9999 -9999 -9999 -9999 -9999 3.28386068344116 2.11232127249241 2.39398535092672 3.4252303277745 3.62248729169369 3.57866561412811 1.91507086157799 1.99562458197276 1.75387668609619 1.70113431662321 1.46828815811559 1.72257984911694 0.933986842632294 0.68002013862133 1.03385326266289 1.58891759812832 1.63624989241362 1.36272654309869 1.37707294151187 1.7127092200167 1.2273344587196 1.67960132871355 1.47099600596861 1.18061565568573 1.7607744065198 1.24963247776031 2.68874838352203 2.49512758255005 2.31328108906746 2.11009311676025 2.63715445250273 2.68312811851501 2.71147117763758 19.916184034741 5.69786846637726 3.25656187534332 -9999 -9999 -9999 -9999 -9999 -9999 -9999 -9999 -9999 -9999 -9999 -9999 -9999 -9999 -9999 -9999 -9999 -9999 -9999
-9999 -9999 -9999 -9999 -9999 -9999 3.97613448756082 2.82714671247146 2.75119131803513 3.80758051872253 3.69067313671112 3.84930551052094 3.62595593929291 1.93760785460472 1.74652880430222 1.83558343743023 1.73405186439815 1.42869969888737 1.4171028388174 1.45979339511771 1.7440397143364 1.7030726110234 1.54485545307398 1.55469434335828 1.23155174776912 1.41935809254646 1.28487781631319 1.46005510232028 1.42287368209738 1.36212516301557 1.37126806064656 1.79083115713937 2.22119643688202 1.96896970272064 2.01320278644562 2.523623863856 2.86778649687767 2.89042087644339 2.86062182486057 -9999 -9999 -9999 -9999 -9999 -9999 -9999 -9999 -9999 -9999 -9999 -9999 -9999 -9999 -9999 -9999 -9999 -9999 -9999 -9999 -9999 -9999 -9999
-9999 -9999 -9999 -9999 3.88187420368195 3.52926656178066 3.02311597150915 3.00920702429379 4.15465385913849 4.09780085086823 3.82039566040039 2.73412312567234 2.45156702399254 1.9333753734827 2.17654748025693 1.83509777407897 1.66655521330081 1.24504480550164 1.35843759147744 1.21795793250203 1.17866092175245 1.50946125760674 1.61882366538048 1.67532548308372 1.62283493280411 1.50481896528176 1.71241041592189 1.69931239102568 1.9715858229569 1.51798321385133 1.86999760489715 2.23665767908096 2.05647701025009 2.25868803262711 2.10212576389313 3.12938053607941 4.618588718501 4.15045462955128 -9999 -9999 -9999 -9999 -9999 -9999 -9999 -9999 -9999 -9999 -9999 -9999 -9999 -9999 -9999 -9999 -9999 -9999 -9999 -9999 -9999 -9999 -9999 -9999
-9999 -9999 -9999 -9999 3.77934985501426 4.09552117656259 3.66008503296796 3.21278814007254 2.47574702650309 2.21324611455202 2.15529904514551 2.48149656504393 2.26065829396248 2.31301964074373 2.54831436872482 1.68508009399687 1.58975547552109 1.31680372357368 1.68128284386226 1.77098887808183 1.76550773662679 1.78443906237097 1.74524315595627 1.77533388137817 1.88055812120438 1.4631208672243 1.81569855553763 1.84174138733319 1.92203535139561 2.14828995721681 2.36082869768143 2.40117794275284 2.51497972011566 2.58444354534149 2.7785458445549 2.90655549367269 3.5142519235611 -9999 -9999 -9999 -9999 -9999 -9999 -9999 -9999 -9999 -9999 -9999 -9999 -9999 -9999 -9999 -9999 -9999 -9999 -9999 -9999 -9999 -9999 -9999 -9999 -9999
-9999 57.4730546088192 3.26838371157646 4.17809352278709 3.0568106174469 3.01352098408867 3.07156495486989 3.12408593121697 2.69586074352264 2.27296540886164 2.21755110472441 2.09807771444321 2.03414216637611 1.84133885800838 1.66894132643938 1.6475290954113 1.50206289688746 1.54899140199025 1.68803042173386 1.86227250800413 1.91656902257134 1.91368764638901 1.93457274436951 1.95973244905472 2.10419673919678 2.00209339601653 1.97785500756332 1.93707871437073 2.24944821851594 2.46062186786107 2.39587873220444 2.56383007764816 2.9923523068428 2.69646030664444 3.18199705481529 43.0673518561302 -9999 -9999 -9999 -9999 -9999 -9999 -9999 -9999 -9999 -9999 -9999 -9999 -9999 -9999 -9999 -9999 -9999 -9999 -9999 -9999 -9999 -9999 -9999 -9999 -9999 -9999
3.80706877367837 3.74043238162994 3.73351755738258 3.54227435588837 3.05017501115799 3.08834419931684 2.83512300252914 2.89464864134789 2.63224276900291 2.36881837248802 2.17805510759354 1.92985233664513 1.81714099645615 1.68894091844559 1.64624516963959 1.65337216258049 1.61158703705844 1.6008859872818 1.67714037497838 1.08486888408661 1.95651719346642 1.99001612886786 2.07909228466451 2.12914762539523 1.66881000995636 2.18717749203954 2.42468084182058 2.58603953463691 2.54207964880126 2.38407683372498 2.43194317817688 2.59047228097916 2.76474984884262 -9999 -9999 -9999 -9999 -9999 -9999 -9999 -9999 -9999 -9999 -9999 -9999 -9999 -9999 -9999 -9999 -9999 -9999 -9999 -9999 -9999 -9999 -9999 -9999 -9999 -9999 -9999 -9999 -9999
3.47064515948296 4.29405974424802 3.69164993212773 3.02661788463593 2.94900780916214 2.95964285731316 2.79571911692619 2.44449484348297 2.29356220364571 2.10575392842293 1.76367974281311 2.00491178035736 1.66823688745499 1.57727903723717 1.61652365922928 1.60300117731094 1.48235233873129 1.70859986543655 1.62922833363215 1.62359968821208 1.88331674784422 1.45749461300233 1.66178652048111 1.84288539886475 1.66293007135391 1.62322121858597 2.77669783575194 2.52147403785161 2.40325223207474 2.62320005893707 2.56779527664185 4.28971531811882 3.68731794399875 2.81005772352219 2.76600870490074 7.70901639895006 -9999 -9999 -9999 -9999 -9999 -9999 -9999 -9999 -9999 -9999 -9999 -9999 -9999 -9999 -9999 -9999 -9999 -9999 -9999 -9999 -9999 -9999 -9999 -9999 -9999 -9999
3.97640705108643 3.52651226520538 3.33479684591293 3.08195811510086 3.0646151304245 2.7707160115242 2.5011430978775 2.15942806005478 2.08210274577141 1.96735954284668 1.7160547375679 1.58160288544262 1.48351640701294 1.49955207109451 1.0416000969708 1.12182519212365 1.58573414811066 1.74399443529546 1.43466312624514 1.65120180214153 1.65278505720198 1.89271095182214 1.92901142835617 2.14300184249878 1.93181025981903 2.0787570476532 2.07607644796371 2.19227331876755 3.02885758876801 4.16484410112554 7.72564856139096 -9999 -9999 -9999 -9999 -9999 -9999 -9999 -9999 -9999 -9999 -9999 -9999 -9999 -9999 -9999 -9999 -9999 -9999 -9999 -9999 -9999 -9999 -9999 -9999 -9999 -9999 -9999 -9999 -9999 -9999 -9999
3.84657824039459 3.36132377386093 4.21963012218475 3.31089109182358 3.12894523143768 2.76386055350304 2.73934391140938 2.44107860326767 2.39647355675697 2.09467980265617 1.95812857151031 1.38365778502296 1.67365983128548 1.31358998417854 1.65116717815399 1.31773096323013 1.50569321215153 1.63461589462617 1.39221118046687 1.76775974035263 1.75703555345535 2.13421810819552 2.31004875898361 2.17758822441101 2.42705994844437 2.27755433320999 3.08092725276947 2.72816544771194 2.55746241410573 2.68103031317393 2.86939783891042 3.56396129856939 -9999 -9999 -9999 -9999 -9999 -9999 47.5151731417729 12.6942715644836 -9999 -9999 -9999 -9999 -9999 -9999 -9999 -9999 -9999 -9999 -9999 -9999 -9999 -9999 -9999 -9999 -9999 -9999 -9999 -9999 -9999 -9999
3.6750883214614 3.6255070567131 3.7077831029892 3.79558845361074 3.43574792861938 4.3058706011091 3.2768345673879 2.63352978229523 2.45280039310455 1.88401997089386 1.68477863073349 1.24731554587682 1.10028296709061 1.03592664375901 1.09758497402072 1.24037471413612 1.26046086475253 1.69581326246262 1.93889629840851 2.11427932977676 2.35959310715015 2.41018958275135 2.55657380819321 3.31349337100983 3.8183491230011 3.76603639125824 2.62085301429033 2.87916418164968 2.78432435542345 2.72031375020742 4.77201034465845 3.42093944549561 -9999 -9999 -9999 -9999 -9999 -9999 -9999 -9999 -9999 -9999 -9999 -9999 -9999 -9999 -9999 -9999 -9999 -9999 -9999 -9999 -9999 -9999 -9999 -9999 -9999 -9999 -9999 -9999 -9999 -9999
-9999 -9999 -9999 -9999 -9999 5.33011936141061 3.14666512608528 2.72226625680923 1.94835698604584 1.65805730223656 1.48638640344143 1.01658120006323 1.13229497273763 1.06713568988968 1.1343537569046 1.91228628158569 1.97831100225449 2.16807156801224 2.11013621091843 2.16108713700221 2.65993201732635 2.81793308258057 2.87654775381088 2.74358094590051 2.8225257907595 2.9295633162771 -9999 -9999 -9999 -9999 -9999 -9999 -9999 -9999 -9999 -9999 -9999 -9999 -9999 -9999 -9999 -9999 -9999 -9999 -9999 -9999 -9999 -9999 -9999 -9999 -9999 -9999 -9999 -9999 -9999 -9999 -9999 -9999 -9999 -9999 -9999 -9999
-9999 -9999 -9999 -9999 -9999 -9999 2.58652670042855 1.38849223405123 0.972919128835201 1.2247177362442 0.736336894333363 1.16995970408122 1.08175906911492 1.09658597409725 1.21287064892905 1.73710799217224 1.89191776514053 1.94459768442007 2.79340195655823 3.0040168762207 3.21124792098999 3.22364361928059 3.3160400390625 5.56180225766223 -9999 -9999 -9999 -9999 -9999 -9999 -9999 -9999 -9999 -9999 -9999 -9999 -9999 -9999 -9999 -9999 -9999 -9999 -9999 -9999 -9999 -9999 -9999 -9999 -9999 -9999 -9999 -9999 -9999 -9999 -9999 -9999 -9999 -9999 -9999 -9999 -9999 -9999
