EcologicalScience/Bass/data/rs_data_bass/chl_12.asc
NCOLS 226 
NROWS 124 
XLLCORNER -9.41648524995501 
YLLCORNER 47.587301625531 
CELLSIZE 0.0833 
NODATA_value -9999 
[rows 54 to 80 of 124, columns 124 to 185 of 226]
2.13900607824326 2.07267075777054 1.91071647405624 1.76409530639648 1.70760601758957 1.66696357727051 1.71800619363785 1.80073875188828 1.58453321456909 1.20438829064369 1.0619632601738 1.09315279126167 1.16538977622986 1.12245896458626 1.20914098620415 1.30646395683289 1.11123302578926 1.02133047580719 0.969209969043732 1.06364178657532 1.20233845710754 1.34902346134186 1.30940625071526 1.48097848892212 1.52087169885635 1.8343334197998 2.18174850940704 2.29132354259491 2.36822175979614 2.3461446762085 2.523288667202 2.48183995485306 2.45444029569626 2.31624376773834 2.21420180797577 1.72453272342682 1.77239781618118 2.22818470001221 2.03713274002075 2.07631945610046 1.94781446456909 1.95602631568909 2.23618197441101 2.8223819732666 4.0747275352478 6.07704949378967 7.44147777557373 8.56530117988586 9.95068001747131 9.41001033782959 5.07222867012024 5.94702529907227 4.60205340385437 5.66249549388885 7.22368955612183 12.9149965047836 16.6928578785488 16.4663062947137 13.9512062072754 9.1746768951416 -9999 -9999
2.27681851387024 2.20505028963089 2.08010244369507 2.04500252008438 1.88948106765747 1.9194547533989 1.89417904615402 2.12499368190765 1.84813874959946 1.56336754560471 1.4502315223217 1.31899952888489 1.17906600236893 1.15447121858597 1.15262621641159 1.13127601146698 1.13573849201202 1.15328398346901 1.20472124218941 1.46211451292038 1.69630283117294 1.91097897291183 2.04215544462204 2.08487552404404 1.90783882141113 1.89504450559616 2.19061803817749 2.08057647943497 2.26101225614548 2.22082275152206 2.41887295246124 2.41485679149628 2.37486523389816 2.45320808887482 2.49550867080688 2.46779555082321 2.52388733625412 2.2972109913826 1.68161630630493 1.41147896647453 1.30345952510834 1.7445210814476 2.55266618728638 4.59744966030121 5.63246691226959 5.73368096351624 6.61966395378113 11.4008259773254 19.3758816719055 19.2943296432495 6.68083548545837 10.2567677327565 4.88378477096558 8.89617276191711 11.9293677806854 8.41773891448975 10.5720698833466 -9999 -9999 -9999 -9999 -9999
2.50939571857452 2.17562627792358 1.90776818990707 1.97158491611481 1.98144382238388 2.0419859290123 2.17091774940491 2.0903325676918 1.99715173244476 1.83265721797943 1.64953655004501 1.56793266534805 1.20805951952934 1.30160254240036 1.34154975414276 1.35137397050858 1.42576351761818 1.49816179275513 1.63724398612976 1.58976531028748 1.70675557851791 1.79444468021393 2.17706179618835 2.16665697097778 2.15921705961227 2.14565402269363 2.01519531011581 2.06306183338165 2.24167495965958 2.2263171672821 2.26077300310135 2.25390976667404 2.31874877214432 2.3498917222023 2.3778914809227 2.40882521867752 2.41182070970535 2.14071071147919 1.72127401828766 1.81554007530212 1.73326277732849 2.34448421001434 4.9113861322403 5.79486751556396 7.58895349502563 10.6624138355255 7.5678699016571 -9999 4.71891510486603 3.56710875034332 4.53769791126251 4.93290460109711 9.28671026229858 16.4193520545959 -9999 -9999 -9999 -9999 -9999 -9999 -9999 -9999
2.97723519802094 2.24636095762253 2.26366496086121 2.19763648509979 1.95980250835419 1.96511918306351 2.12733221054077 2.26785081624985 2.15584641695023 2.03976452350616 1.91717022657394 1.81135350465775 1.41666153073311 1.33864653110504 1.37217074632645 1.59136945009232 1.60069495439529 1.74418133497238 1.82028222084045 1.87831056118011 1.92289280891418 2.02543044090271 2.13377541303635 2.05910700559616 2.25548547506332 2.21812570095062 2.07600975036621 1.95935171842575 1.95477157831192 1.99402123689651 1.92022883892059 2.02653443813324 1.90584379434586 1.94941198825836 2.23499554395676 2.12818121910095 1.7410506606102 2.03283226490021 2.00720626115799 1.7746034860611 1.60252207517624 5.05195212364197 8.67590975761414 11.825713634491 10.8635809421539 12.3766107559204 8.83789873123169 -9999 5.80549120903015 4.87518453598022 5.50898766517639 5.63125491142273 10.4211959838867 -9999 -9999 -9999 -9999 -9999 -9999 -9999 -9999 -9999
3.77729916572571 3.17085242271423 2.89535468816757 2.96027702093124 2.97454422712326 2.82566928863525 2.77981871366501 2.50943630933762 2.47832107543945 2.27551800012589 2.07797402143478 1.81262093782425 1.72517931461334 1.52518433332443 1.29137474298477 1.28227651119232 1.69131678342819 1.73085075616837 1.83910417556763 1.87734228372574 1.90652096271515 1.96863967180252 1.86971551179886 1.90969866514206 1.76551795005798 1.86962842941284 2.04875922203064 1.90062081813812 1.81382095813751 1.82515954971313 1.81764757633209 1.89207226037979 1.87577033042908 1.87719976902008 1.88581573963165 1.91783916950226 1.4298682808876 1.46829521656036 1.62689030170441 2.22340875864029 2.12901377677917 5.18161118030548 5.05782687664032 3.50047266483307 8.20399117469788 10.9557582480567 6.70429658889771 6.71808314323425 6.59652829170227 5.80455529689789 6.02002000808716 4.79858708381653 55.8678319113595 -9999 -9999 -9999 -9999 -9999 -9999 -9999 -9999 -9999
-9999 5.91256785392761 3.10224008560181 3.59237837791443 3.477778673172 3.27318978309631 3.34313607215881 2.72453767061234 2.42133593559265 2.29950231313705 2.36394149065018 2.00785267353058 1.93409782648087 1.79557353258133 1.60794228315353 1.46704503893852 1.85733300447464 1.89592051506042 1.99531871080399 2.00858241319656 2.00119650363922 1.85014343261719 1.6934557557106 1.65233767032623 1.60351717472076 1.56334805488586 1.52452647686005 1.55494272708893 1.52301532030106 1.33971521258354 1.46547523140907 1.49618473649025 1.50387078523636 1.52996850013733 1.46716949343681 1.46550822257996 1.3941892683506 1.39517247676849 1.73931527137756 2.02429050207138 3.97973012924194 4.59074342250824 4.92496740818024 3.72730422019958 7.16854333877563 -9999 -9999 6.84625554084778 6.98259973526001 6.42389130592346 57.9355144500732 67.7534923553467 27.1305307388306 -9999 -9999 -9999 -9999 -9999 -9999 -9999 -9999 -9999
-9999 -9999 -9999 -9999 -9999 2.28387522697449 3.22157549858093 3.44620335102081 3.18158769607544 2.749007999897 2.45639616250992 2.15487742424011 2.12268608808517 2.1000884771347 2.03611350059509 2.04663902521133 2.07912003993988 2.15752726793289 2.1602001786232 2.13928949832916 1.79500883817673 1.67030704021454 1.71786600351334 1.38843753933907 1.46021327376366 1.36236673593521 1.26383095979691 1.25416570901871 1.25745901465416 1.24654725193977 1.17363372445107 1.16601303219795 1.22013822197914 1.26367199420929 1.28415602445602 1.76054406166077 1.68138599395752 1.77672457695007 1.90517091751099 2.61407178640366 5.38190031051636 4.82788109779358 5.51992642879486 7.09226131439209 6.59187054634094 -9999 -9999 -9999 -9999 -9999 18.1897001266479 20.6219089508057 23.4932968139648 -9999 -9999 -9999 -9999 -9999 -9999 -9999 -9999 -9999
-9999 -9999 -9999 -9999 -9999 -9999 -9999 -9999 3.13799486160278 2.98539680242538 2.83243721723557 2.43606305122375 2.43377405405045 2.45027858018875 2.42435324192047 2.37449991703033 2.24342393875122 2.11046701669693 1.89137399196625 1.73183780908585 1.55950731039047 1.51518452167511 1.42602825164795 1.35078370571136 1.21261650323868 1.26328575611115 1.19309395551682 1.11162078380585 1.16058146953583 1.07586228847504 1.02502128481865 1.08746176958084 1.18943926692009 1.23225751519203 1.91480326652527 3.72785031795502 5.23372793197632 4.21975708007812 2.84471100568771 2.81232368946075 3.42897391319275 4.37430596351624 6.64169955253601 9.80225014686584 -9999 29.0682649612427 -9999 -9999 -9999 -9999 17.548882484436 13.6525577545166 39.4928038460868 31.3083567619324 39.5460233688354 -9999 -9999 -9999 -9999 -9999 -9999 -9999
-9999 -9999 -9999 -9999 -9999 -9999 -9999 -9999 -9999 -9999 3.03632640838623 2.87098878622055 2.94764399528503 2.96657019853592 2.81161648035049 2.45843768119812 2.10785096883774 2.07442420721054 1.87403172254562 1.67069327831268 1.4672392308712 1.3919669687748 1.25654250383377 1.28241446614265 1.06863150000572 0.991164028644562 1.03299075365067 0.994232207536697 0.987738043069839 0.896418750286102 0.942005217075348 1.01090401411057 1.09864354133606 1.48081800341606 4.67035138607025 6.41265964508057 5.24515950679779 3.78126990795135 3.33075749874115 4.08295583724976 4.88352978229523 6.85124659538269 7.60026526451111 6.85378646850586 -9999 -9999 -9999 -9999 -9999 -9999 -9999 -9999 -9999 27.7981669562204 15.8287715911865 18.323784828186 10.8786277770996 -9999 -9999 -9999 -9999 -9999
-9999 -9999 -9999 -9999 -9999 -9999 -9999 -9999 -9999 4.3704868555069 3.8361382484436 3.62758648395538 3.26506662368774 3.23908424377441 3.03470313549042 2.4961005449295 2.13607800006866 1.97077417373657 1.70887416601181 1.48386079072952 1.40571677684784 1.38735526800156 1.29973429441452 1.16158273816109 1.02330377697945 0.949571281671524 0.941431492567062 0.89757451415062 0.845537960529327 0.820854038000107 0.859511286020279 0.961707025766373 1.23615074157715 3.51232266426086 4.6468448638916 4.2674446105957 3.58451986312866 2.11979019641876 3.49224758148193 4.94204092025757 5.84176111221313 5.80893766880035 6.63310432434082 6.52112746238708 -9999 33.0447750091553 -9999 -9999 -9999 13.7413744926453 13.2084288597107 12.2271795272827 11.9441936016083 16.3471083641052 16.8644428253174 18.7377014160156 -9999 -9999 -9999 -9999 -9999 -9999
-9999 -9999 -9999 -9999 -9999 -9999 -9999 -9999 -9999 -9999 5.17352342605591 4.40537703037262 4.1285183429718 3.79980826377869 2.89683383703232 2.58115267753601 2.37180304527283 2.09065192937851 1.81454926729202 1.5370597243309 1.42208102345467 1.33051729202271 1.21184778213501 1.01429325342178 0.956561207771301 0.876179963350296 0.855198740959167 0.794901788234711 0.747978731989861 0.8203364610672 1.05283498764038 1.62884473800659 2.97677618265152 5.66591084003448 7.64976382255554 7.38939642906189 5.84862434864044 4.03949689865112 4.11038768291473 5.10929024219513 5.85815691947937 5.87957632541656 10.6736505031586 10.7909331321716 -9999 -9999 -9999 -9999 -9999 -9999 14.0427904129028 13.8466744422913 14.6910452842712 14.479024887085 19.5358786582947 -9999 -9999 -9999 -9999 -9999 -9999 -9999
-9999 -9999 -9999 -9999 -9999 -9999 -9999 -9999 -9999 3.67937564849854 4.18743968009949 3.85739028453827 3.44856083393097 3.1888679265976 2.84670603275299 2.4804555773735 2.24496603012085 2.10544127225876 1.76555103063583 1.65040504932404 1.58835303783417 1.4030564725399 1.25464949011803 0.989616751670837 0.94964924454689 0.871973991394043 0.839534282684326 0.804040521383286 0.926817029714584 2.0096932053566 3.34387958049774 4.03248381614685 2.49898874759674 5.15482592582703 8.14927697181702 13.551381111145 9.02435731887817 10.3951427936554 8.92397046089172 7.79651784896851 5.40818774700165 5.6847996711731 3.25390141010284 3.23800885677338 3.86466658115387 -9999 -9999 -9999 -9999 -9999 12.7126307487488 14.4040975570679 15.7158851623535 -9999 -9999 -9999 -9999 -9999 -9999 -9999 -9999 -9999
-9999 -9999 -9999 -9999 -9999 -9999 -9999 -9999 -9999 4.42034840583801 3.91056382656097 3.60891222953796 3.20224213600159 2.91196578741074 2.60842198133469 2.26452827453613 2.01702457666397 1.99521607160568 1.87197679281235 1.65893322229385 1.52775299549103 1.5062010884285 1.37540549039841 1.1150227189064 1.02609595656395 0.961384534835815 0.886416792869568 0.915697485208511 2.78512877225876 5.74573588371277 4.21191072463989 7.20420098304749 2.46821701526642 3.14759016036987 13.6464028358459 14.1197519302368 11.879359960556 9.93293881416321 9.03737354278564 7.47949433326721 5.61375296115875 5.26372647285461 3.12000560760498 -9999 3.86466693878174 -9999 -9999 -9999 -9999 12.1949715614319 -9999 -9999 -9999 -9999 -9999 -9999 -9999 -9999 -9999 -9999 -9999 -9999
-9999 -9999 -9999 -9999 -9999 -9999 -9999 -9999 -9999 3.84577560424805 3.69162833690643 3.40178239345551 3.17285192012787 2.70908617973328 2.4019364118576 2.29141795635223 2.03025966882706 1.90872073173523 1.68752771615982 1.61016297340393 1.50388133525848 1.41337725520134 1.37660622596741 1.18629375100136 1.15335300564766 1.08634203672409 1.00068148970604 1.05564898252487 3.30249166488647 3.77917206287384 1.2211642563343 3.98390400409698 3.4749208688736 5.9045205116272 8.28359413146973 7.30902242660522 4.29286587238312 3.92018401622772 3.81747508049011 3.71308565139771 3.62937819957733 5.19747591018677 -9999 -9999 -9999 -9999 -9999 -9999 -9999 -9999 -9999 -9999 -9999 -9999 -9999 -9999 -9999 -9999 -9999 -9999 -9999 -9999
-9999 -9999 -9999 -9999 -9999 -9999 -9999 -9999 -9999 3.5187953710556 3.25404596328735 3.11696934700012 2.92059749364853 2.48861020803452 2.43180906772614 2.29920744895935 2.04075980186462 1.8544739484787 1.64972394704819 1.57073843479156 1.47302028536797 1.31726172566414 1.20377621054649 1.13882249593735 1.10036623477936 1.03962823748589 0.974197536706924 0.980468273162842 2.84601151943207 6.03222870826721 6.23360395431519 8.4203245639801 8.68664932250977 8.80190348625183 6.35521459579468 3.95704114437103 3.74203956127167 3.79076707363129 3.95044112205505 3.91705048084259 3.7774897813797 5.82354819774628 -9999 -9999 -9999 -9999 -9999 -9999 -9999 -9999 -9999 -9999 -9999 -9999 -9999 -9999 -9999 -9999 -9999 -9999 -9999 -9999
-9999 -9999 -9999 -9999 -9999 -9999 -9999 3.28386068344116 2.76496317386627 3.27867221832275 2.97681301832199 2.78000324964523 2.75068724155426 2.4350391626358 2.30528551340103 2.19189155101776 1.98254925012589 1.73856979608536 1.5078712105751 1.4468939602375 1.30480197072029 1.20495522022247 1.0013040304184 0.940877258777618 0.883006542921066 0.848321288824081 0.81918078660965 0.908713459968567 2.29176145792007 6.34841108322144 6.23595070838928 6.95067715644836 5.39199757575989 3.59755575656891 3.37357342243195 3.70291185379028 4.22446489334106 4.43437278270721 4.1992861032486 4.25906252861023 -9999 5.69786846637726 3.25656187534332 -9999 -9999 -9999 -9999 -9999 -9999 -9999 -9999 -9999 -9999 -9999 -9999 -9999 -9999 -9999 -9999 -9999 -9999 -9999
-9999 -9999 -9999 -9999 -9999 -9999 3.67678785324097 4.067498087883 3.9429988861084 3.04979038238525 2.88389253616333 2.77745622396469 2.78973376750946 2.34586429595947 2.27234172821045 2.09681618213654 1.9860577583313 1.59601271152496 1.44556877017021 1.36153346300125 1.28043150901794 1.22271975874901 1.00613853335381 0.896485537290573 0.857242494821548 0.831478536128998 0.82942271232605 1.03061100840569 1.77833032608032 3.31414210796356 4.79892289638519 4.71484208106995 3.58146071434021 2.70831370353699 2.79871720075607 4.20594155788422 5.63094735145569 5.57508301734924 5.11609053611755 -9999 -9999 -9999 -9999 -9999 -9999 -9999 -9999 -9999 -9999 -9999 -9999 -9999 -9999 -9999 -9999 -9999 -9999 -9999 -9999 -9999 -9999 -9999
-9999 -9999 -9999 -9999 3.24321305751801 4.34532308578491 4.16939091682434 3.9375 3.35917711257935 2.88335180282593 2.6544104218483 2.57389426231384 2.48224425315857 2.34930074214935 2.15848571062088 1.93214482069016 1.79876178503036 1.53886950016022 1.43675252795219 1.33913022279739 1.24560302495956 1.13512203097343 1.09506520628929 1.05282452702522 1.03427848219872 0.961383014917374 0.955520957708359 1.0536607503891 1.20867821574211 1.40642702579498 1.98324000835419 2.26275604963303 2.13945454359055 2.46585756540298 3.54179549217224 3.8985561132431 4.11009514331818 5.07970164803898 -9999 -9999 -9999 -9999 -9999 -9999 -9999 -9999 -9999 -9999 -9999 -9999 -9999 -9999 -9999 -9999 -9999 -9999 -9999 -9999 -9999 -9999 -9999 -9999
-9999 -9999 -9999 -9999 3.46643543243408 4.64581346511841 4.1092221736908 3.74639475345612 3.24210226535797 2.94655358791351 2.58217352628708 2.31437623500824 2.25882822275162 2.25902545452118 2.03215724229813 1.86424201726913 1.75334626436234 1.46378472447395 1.30754622817039 1.20847803354263 1.13365575671196 1.12109550833702 1.15283024311066 1.18931552767754 1.2238350212574 1.19092503190041 1.17335548996925 1.25602948665619 1.36461746692657 1.59726601839066 1.86849296092987 2.08815228939056 2.22817504405975 2.4752624630928 4.56949138641357 5.37003600597382 5.29938662052155 -9999 -9999 -9999 -9999 -9999 -9999 -9999 -9999 -9999 -9999 -9999 -9999 -9999 -9999 -9999 -9999 -9999 -9999 -9999 -9999 -9999 -9999 -9999 -9999 -9999
-9999 5.37902176380157 4.66962897777557 4.35946333408356 3.99837005138397 3.13358938694 3.3344407081604 3.407395362854 3.26516461372375 2.83833593130112 2.51005804538727 2.35692304372787 2.01153141260147 1.75252497196198 1.69700700044632 1.68849742412567 1.47130724787712 1.34514677524567 1.17751801013947 1.05179697275162 1.06314978003502 1.13477396965027 1.15585720539093 1.15532702207565 1.18704521656036 1.26788923144341 1.32455545663834 1.41625052690506 1.46600246429443 1.83624368906021 2.12707579135895 2.4901447892189 2.93662279844284 3.12571513652802 4.30555272102356 -9999 -9999 -9999 -9999 -9999 -9999 -9999 -9999 -9999 -9999 -9999 -9999 -9999 -9999 -9999 -9999 -9999 -9999 -9999 -9999 -9999 -9999 -9999 -9999 -9999 -9999 -9999
4.03643238544464 4.966059923172 4.43149280548096 4.16506719589233 3.65347945690155 3.27143561840057 3.19073331356049 3.77557647228241 3.07999563217163 2.78745603561401 2.49089848995209 2.20943176746368 1.42042645812035 1.27201876044273 1.52229076623917 1.58868223428726 1.35727876424789 1.20498821139336 1.00750127434731 1.02200853824615 1.18712621927261 1.18119898438454 1.22529378533363 1.23305323719978 1.22074198722839 1.35923472046852 1.51532775163651 1.63285356760025 1.73347717523575 2.20526558160782 2.89043319225311 3.46220934391022 3.77797937393188 -9999 -9999 -9999 -9999 -9999 -9999 -9999 -9999 -9999 -9999 -9999 -9999 -9999 -9999 -9999 -9999 -9999 -9999 -9999 -9999 -9999 -9999 -9999 -9999 -9999 -9999 -9999 -9999 -9999
4.16522240638733 4.73438608646393 4.00344228744507 3.69871366024017 3.43715536594391 3.30505192279816 3.25130009651184 2.86132049560547 2.79948449134827 2.58944857120514 2.41512966156006 2.01664352416992 1.26874575018883 1.25923946499825 1.41582673788071 1.42434749007225 1.20216375589371 1.01521423459053 0.992274016141891 1.10499823093414 1.45170003175735 1.43154296278954 1.48974671959877 1.58492857217789 1.66129499673843 1.7358825802803 1.84841698408127 1.98573982715607 2.40799570083618 2.83982992172241 3.11268603801727 3.79819571971893 3.76330733299255 7.69027519226074 10.9552803039551 -9999 -9999 -9999 -9999 -9999 -9999 -9999 -9999 -9999 -9999 -9999 -9999 -9999 -9999 -9999 -9999 -9999 -9999 -9999 -9999 -9999 -9999 -9999 -9999 -9999 -9999 -9999
3.97551834583282 3.58123934268951 3.57218992710114 3.75542843341827 3.84058427810669 3.35301160812378 2.87833803892136 2.41666942834854 2.17236077785492 2.23560905456543 2.00542956590652 1.65843379497528 1.19823601841927 1.31640672683716 1.24430322647095 1.18437820672989 1.04528099298477 1.04734271764755 1.20998024940491 1.49187675118446 1.59576308727264 1.73466682434082 1.85159182548523 1.9648118019104 1.98598730564117 2.01827466487885 2.12798774242401 2.34299701452255 2.61574798822403 3.06708455085754 -9999 -9999 -9999 -9999 -9999 -9999 -9999 -9999 -9999 -9999 -9999 -9999 -9999 -9999 -9999 -9999 -9999 -9999 -9999 -9999 -9999 -9999 -9999 -9999 -9999 -9999 -9999 -9999 -9999 -9999 -9999 -9999
4.78376090526581 4.42509734630585 4.22750866413116 4.14778804779053 3.47434937953949 3.24402737617493 3.15641033649445 2.48620122671127 2.22124207019806 2.12105852365494 1.85554128885269 1.19091600179672 1.10391300916672 1.14188629388809 1.12829920649529 1.14357376098633 1.18798872828484 1.35635697841644 1.67415601015091 1.97400516271591 1.96180719137192 1.98993444442749 1.96575593948364 2.08057808876038 2.63267469406128 2.83888417482376 2.9086087346077 2.66063171625137 3.1375815153122 5.18434274196625 3.7595990896225 3.89729189872742 -9999 -9999 -9999 -9999 -9999 -9999 -9999 12.6942715644836 -9999 -9999 -9999 -9999 -9999 -9999 -9999 -9999 -9999 -9999 -9999 -9999 -9999 -9999 -9999 -9999 -9999 -9999 -9999 -9999 -9999 -9999
13.7215476036072 6.45651054382324 5.92027258872986 5.73355185985565 4.82943069934845 4.02927017211914 3.71840357780457 2.82298421859741 2.39537483453751 1.94147318601608 1.62203407287598 1.17919197678566 1.10713121294975 1.09022471308708 1.04673904180527 1.14551478624344 1.56936746835709 2.02371221780777 2.72834998369217 2.97489523887634 2.89548754692078 2.64909893274307 2.49427717924118 3.1609822511673 3.20585703849792 3.09633529186249 3.23276245594025 4.34206603467464 3.42529356479645 3.63787651062012 3.30022573471069 3.42093944549561 -9999 -9999 -9999 -9999 -9999 -9999 -9999 -9999 -9999 -9999 -9999 -9999 -9999 -9999 -9999 -9999 -9999 -9999 -9999 -9999 -9999 -9999 -9999 -9999 -9999 -9999 -9999 -9999 -9999 -9999
-9999 -9999 -9999 -9999 -9999 3.20281362533569 3.34799408912659 3.04569590091705 2.19199651479721 1.78395456075668 1.46210396289825 1.051085293293 1.05014696717262 1.1871112883091 1.07396551966667 1.67354249954224 3.37016916275024 6.33607149124146 7.39045286178589 4.30750215053558 3.45960438251495 3.15047836303711 3.13668751716614 3.52899992465973 3.17251596450806 3.49673008918762 -9999 -9999 -9999 -9999 -9999 -9999 -9999 -9999 -9999 -9999 -9999 -9999 -9999 -9999 -9999 -9999 -9999 -9999 -9999 -9999 -9999 -9999 -9999 -9999 -9999 -9999 -9999 -9999 -9999 -9999 -9999 -9999 -9999 -9999 -9999 -9999
-9999 -9999 -9999 -9999 -9999 -9999 3.06857907772064 2.3724353313446 1.7459796667099 1.41003003716469 1.17675974965096 1.08433726429939 1.27066272497177 1.55213177204132 2.182641685009 4.553959608078 8.59628891944885 11.7998199462891 13.8579626083374 8.38420057296753 5.84893047809601 4.47820508480072 3.83984327316284 2.66331607103348 -9999 -9999 -9999 -9999 -9999 -9999 -9999 -9999 -9999 -9999 -9999 -9999 -9999 -9999 -9999 -9999 -9999 -9999 -9999 -9999 -9999 -9999 -9999 -9999 -9999 -9999 -9999 -9999 -9999 -9999 -9999 -9999 -9999 -9999 -9999 -9999 -9999 -9999
