EcologicalScience/Bass/data/rs_data_bass/chl_267.asc
NCOLS 226 
NROWS 124 
XLLCORNER -9.41648524995501 
YLLCORNER 47.587301625531 
CELLSIZE 0.0833 
NODATA_value -9999 
[rows 81 to 107 of 124, columns 62 to 123 of 226]
3.85158455371857 5.97498106956482 7.6620512008667 7.66205191612244 -9999 -9999 -9999 -9999 -9999 -9999 -9999 -9999 -9999 -9999 -9999 -9999 -9999 -9999 -9999 -9999 -9999 -9999 -9999 -9999 -9999 -9999 -9999 -9999 -9999 -9999 -9999 -9999 -9999 -9999 -9999 -9999 -9999 -9999 -9999 -9999 -9999 -9999 -9999 -9999 -9999 -9999 -9999 -9999 -9999 -9999 -9999 -9999 -9999 -9999 -9999 -9999 -9999 -9999 -9999 -9999 -9999 -9999
3.06624263756483 -9999 -9999 -9999 -9999 -9999 -9999 -9999 -9999 -9999 -9999 -9999 -9999 -9999 -9999 -9999 -9999 -9999 -9999 -9999 -9999 -9999 -9999 -9999 -9999 -9999 -9999 -9999 -9999 -9999 -9999 -9999 -9999 -9999 -9999 -9999 -9999 -9999 -9999 -9999 -9999 -9999 -9999 -9999 -9999 -9999 -9999 -9999 -9999 -9999 -9999 -9999 -9999 -9999 -9999 -9999 -9999 -9999 -9999 -9999 -9999 -9999
-9999 -9999 -9999 -9999 -9999 -9999 -9999 -9999 -9999 -9999 -9999 -9999 -9999 -9999 -9999 -9999 -9999 -9999 -9999 -9999 -9999 -9999 -9999 -9999 -9999 -9999 -9999 -9999 -9999 -9999 -9999 -9999 -9999 -9999 -9999 -9999 -9999 -9999 -9999 -9999 -9999 -9999 -9999 -9999 -9999 -9999 -9999 -9999 -9999 -9999 -9999 -9999 -9999 -9999 -9999 -9999 -9999 -9999 -9999 -9999 -9999 -9999
-9999 -9999 -9999 -9999 -9999 -9999 -9999 -9999 -9999 -9999 -9999 -9999 -9999 -9999 -9999 -9999 -9999 -9999 -9999 -9999 -9999 -9999 -9999 -9999 -9999 -9999 -9999 -9999 -9999 -9999 -9999 -9999 -9999 -9999 -9999 -9999 -9999 -9999 -9999 -9999 -9999 -9999 -9999 -9999 -9999 -9999 -9999 -9999 -9999 -9999 -9999 -9999 -9999 -9999 -9999 -9999 -9999 7.98525683794703 2.29663099561419 2.49613058567047 2.5192668735981 2.43283867835999
-9999 -9999 -9999 -9999 -9999 -9999 -9999 -9999 -9999 -9999 -9999 -9999 -9999 -9999 -9999 -9999 -9999 -9999 -9999 -9999 -9999 -9999 -9999 -9999 -9999 -9999 -9999 -9999 -9999 -9999 -9999 -9999 -9999 -9999 -9999 -9999 37.1749906539917 -9999 3.04588125733768 3.35391700589979 -9999 -9999 2.46657235920429 2.04175040721893 1.60841166973114 1.59585821628571 1.52694296836853 1.67889457941055 1.85766291618347 2.82231670618057 1.62861297279596 2.03945150971413 -9999 -9999 -9999 2.16134029626846 2.29879429936409 2.37641626596451 2.26517844200134 2.4009690284729 1.86555218696594 1.73412519693375
-9999 -9999 -9999 -9999 -9999 -9999 -9999 -9999 -9999 -9999 -9999 -9999 -9999 1.48889311064373 1.65299847722054 1.79221831262112 1.54703436791897 2.08234926064809 1.12509450316429 -9999 -9999 -9999 -9999 -9999 -9999 -9999 -9999 -9999 2.03161702436559 2.11476229429245 2.49556463956833 2.39441491663456 -9999 3.66949796676636 -9999 -9999 -9999 -9999 2.08403170108795 1.42088404297829 1.29757279157639 1.83644771575928 1.86383628845215 1.72751033306122 1.72189718484879 1.63609582185745 1.64134722948074 1.60459041595459 1.54921281337738 1.94811826944351 1.90760779380798 1.89937716722488 1.98553794622421 1.75495505332947 1.83740705251694 2.04972892999649 1.95261669158936 1.83265507221222 2.08741199970245 1.52503716945648 1.14073196053505 1.09596446156502
-9999 -9999 -9999 -9999 -9999 -9999 -9999 -9999 -9999 -9999 16.1942800045013 5.77373924255371 2.09470197558403 2.23387236893177 1.82503317296505 1.64617542922497 1.53422816097736 1.64868709445 1.66737377643585 1.31771003454924 2.98032500164442 -9999 1.53668624907732 2.12212213277817 1.49147554004894 -9999 -9999 1.67327640652657 2.12901004919639 1.87930208444595 1.81695824861526 1.78497603535652 2.57413494586945 1.58414250612259 -9999 -9999 3.2123314020585 1.9424579590559 1.94308269023895 1.84949845075607 1.84355467557907 1.77660816907883 1.65365999937057 1.59905558824539 1.54852956533432 1.44579371809959 1.42285653948784 1.32884028553963 1.31052902340889 1.31110802292824 1.31452122330666 1.33572900295258 1.3304925262928 1.28622901439667 1.29694345593452 1.290461987257 1.30039948225021 1.08814877271652 0.955621540546417 0.951377213001251 0.941405206918716 0.957279771566391
-9999 -9999 -9999 -9999 -9999 -9999 -9999 -9999 -9999 3.51945744951566 3.58113503456116 2.44598649740219 1.75831013917923 1.59826427698135 1.46662884453932 1.40383802354336 1.21776562929153 1.17098249495029 1.24714238941669 1.17138862609863 1.27237314730883 1.51060170431932 1.40817528963089 1.91294556856155 1.34633548557758 1.46716949343681 2.0226309299469 1.4097735285759 1.41850166022778 2.31036525964737 2.43042683601379 1.79444772005081 1.53962172567844 1.58421447873116 1.77475574612617 1.73838678002357 1.76321509480476 1.58478713035583 1.93870049715042 1.8890295624733 1.82801699638367 1.78122532367706 1.43501248955727 1.20836699008942 0.973141461610794 0.909704267978668 0.940518021583557 0.923269540071487 0.870198011398315 0.915598511695862 0.960946530103683 0.981059968471527 0.987223505973816 0.94614377617836 0.98309925198555 0.926375985145569 0.897719264030457 0.841351479291916 0.847131729125977 0.880625993013382 0.858436524868011 0.858236253261566
-9999 -9999 -9999 -9999 -9999 -9999 -9999 -9999 -9999 2.20719111959139 1.67946779727936 1.49287300805251 1.31334849596024 1.19313126206398 1.0930835723877 1.06784924864769 1.10698726773262 0.86635760217905 0.902542144060135 0.915620639920235 1.18374600367887 1.28210081372942 1.03208774328232 1.50116103887558 1.53798007965088 1.35246223211288 1.34044083952904 1.20010310411453 1.55590045452118 1.52467132253306 1.56966307333538 1.36852575838566 1.34392990171909 2.75744998455048 1.42576611042023 1.40524645149708 1.33795461058617 1.34360700845718 2.00380057096481 2.01059246063232 1.88591104745865 1.82555258274078 1.47926777601242 0.985152035951614 0.941641509532928 0.903333753347397 0.867160499095917 0.792581230401993 0.758507966995239 0.74992798268795 0.828742504119873 0.842157751321793 0.86199152469635 0.779238760471344 0.888970524072647 0.850554764270782 0.829245775938034 0.810965269804001 0.844889223575592 0.901924520730972 0.946373999118805 0.944223761558533
-9999 -9999 -9999 -9999 -9999 -9999 -9999 -9999 1.68085426975941 1.37775965531667 1.30464852849642 1.29159400363763 1.22699455618858 1.09358372290929 1.08022413154443 1.06150989234447 0.919849097728729 0.885878250002861 0.899056524038315 0.893868394196033 1.17920829994338 1.23643226495811 0.973011374473572 1.02202686667442 1.39832174777985 1.461241543293 1.49483102560043 1.25238525867462 1.27904663980007 2.18903625011444 2.40988719463348 2.21624404191971 2.26122969388962 2.11391472816467 2.21952366828918 2.31183457374573 1.27721665799618 1.25428614020348 1.25793600082397 1.26137553155422 1.24537508189678 1.11066695196288 0.8959980905056 1.01971873641014 1.02725851535797 1.03930646181107 1.01773121953011 1.0075432062149 0.845729291439056 0.839674472808838 0.859853982925415 0.843720763921738 0.851110517978668 0.953413456678391 0.786464273929596 0.773681223392487 0.834278225898743 0.899955779314041 0.939183712005615 0.981281250715256 1.0674150288105 1.07040748000145
2.02018117904663 2.03124153614044 1.44152319431305 1.70033347606659 -9999 -9999 -9999 2.38943814486265 1.91072536706924 1.627556681633 1.22981840868791 1.17426902406356 1.18292973935604 1.15549396276474 1.17450147271156 1.17408468127251 0.986579641699791 0.950971484184265 0.930944234132767 0.900595486164093 0.880306117236614 0.883463233709335 0.885255731642246 0.887955375015736 1.4147692322731 1.3388309776783 0.808135136961937 0.824152484536171 0.963200639401163 0.837682865560055 0.849049150943756 0.918365254998207 0.893425114452839 1.35925653576851 1.64901155233383 1.78221523761749 1.92087382078171 1.96246129274368 1.78943395614624 1.66558420658112 0.955169154064996 0.898544560585703 0.726964496076107 0.814918590443475 0.802050769329071 0.812761455774307 0.877350032329559 0.910163283348083 0.847937285900116 0.861593216657639 0.875492960214615 0.902289748191833 1.00751253962517 1.1309429705143 0.884825259447098 0.903473228216171 0.993416279554367 1.07964903116226 1.1443800330162 1.16699928045273 1.16545048356056 1.0879710316658
1.48199853301048 1.11982163786888 1.37271387989704 1.29597073793411 1.12125556400189 1.16749399900436 1.30721831321716 1.3212167263031 1.31064512729645 1.31663237214088 1.17207719683647 1.16685023377923 1.20396523475647 1.2046238899231 1.15010181665421 1.12094869613647 1.17322049736977 0.912507399916649 0.854260124266148 0.844120122492313 0.838299013674259 0.835449747741222 0.847322635352612 0.811165496706963 1.19164127111435 0.770831644535065 0.754169270396233 0.755338490009308 0.733993493020535 0.737567983567715 0.743369981646538 0.770000249147415 0.779305502772331 1.2235042154789 1.25873395800591 1.75021201372147 1.90199929475784 1.44281852245331 1.37892445921898 0.651698626577854 1.0794757604599 0.73249428825719 0.743665765438761 0.778643220663071 0.81107023358345 0.82665753364563 0.857277721166611 0.669123016297817 0.729296252131462 0.903120785951614 0.883580982685089 0.916895270347595 0.84786724448204 0.905848503112793 0.941591262817383 0.964393526315689 0.989240974187851 1.01195096969604 1.05196353793144 1.08829128742218 1.04284054040909 0.978717774152756
1.23324975371361 1.04794612526894 1.06951689720154 1.30594172729896 1.39872464652245 1.20472311973572 1.52227747554962 1.53081827504294 1.11040163040161 1.19588775081294 1.1336129882506 1.0965248644352 1.05514958997567 1.05627552668254 0.982079494940607 1.00288732898863 0.929272145032883 0.890742726624012 0.859605722129345 0.842437528073788 0.837003372609615 0.811580255627632 0.775998763740063 0.766164377331734 0.738503985106945 0.732380636036396 0.713238760828972 0.806744140386581 1.17915371060371 0.786496043205261 0.784313634037971 0.740584887564182 0.734059520065784 0.728403367102146 0.718949250876904 0.692747242748737 0.695214003324509 0.67850661277771 0.663947269320488 1.02323323488235 1.12990871071815 0.771174092377935 0.657945737242699 0.741119250655174 0.746715009212494 0.7786965072155 0.64367812871933 0.682514615356922 0.650269500911236 0.852959275245667 0.887400716543198 0.906930774450302 0.740797095000744 0.814415261149406 1.03411647677422 1.06026676297188 1.12185600399971 1.15022027492523 1.13403752446175 1.1414977312088 0.972271531820297 0.925640255212784
0.947381258010864 0.841897487640381 0.809838742017746 0.829848736524582 1.05590473115444 1.09920264780521 1.08564037084579 1.28947953879833 1.24909463524818 1.11781315505505 1.16069252576147 0.99883066556033 0.893023981497838 0.987094089388847 0.844558507204056 0.892616271972656 0.879673138260841 0.846485272049904 0.794300235807896 0.788919009268284 0.769942156970501 0.759970486164093 0.761353880167007 0.719449907541275 0.710467882454395 1.10824871063232 1.08736950159073 1.08420896530151 1.1551199555397 0.762951749563217 0.699943497776985 0.717029236257076 0.733225509524345 0.730894111096859 0.734701126813889 0.709123112261295 0.706500738859177 0.698268011212349 0.698686122894287 1.08683699369431 1.18090948462486 0.724130630493164 0.724539376795292 0.790230005979538 0.687961891293526 0.837080764770508 0.659726232290268 0.693111374974251 0.706142999231815 0.756259515881538 0.74369964748621 0.861887276172638 0.754842013120651 0.746852248907089 0.822869628667831 0.850036136806011 1.1735925078392 1.18478322029114 1.18107149004936 1.20305925607681 1.20451578497887 1.14015153050423
0.889910995960236 0.829418241977692 0.773713499307632 0.763609528541565 0.854964762926102 0.912223130464554 0.902203112840652 0.893067732453346 0.915134645998478 0.886621534824371 0.965787760913372 1.13612776994705 0.790287667512894 0.746458885073662 0.842441976070404 0.896393984556198 0.834939748048782 0.758750237524509 0.751136273145676 0.746766395866871 0.73012650758028 0.713356487452984 0.709304228425026 0.709185004234314 0.679376989603043 0.967839002609253 0.676392361521721 0.691921144723892 0.677075989544392 1.19387027621269 0.69597751647234 0.713480986654758 0.740412376821041 0.753197617828846 0.772783488035202 0.77010639756918 0.788119129836559 0.785039260983467 0.780018769204617 1.17927521467209 1.21451702713966 0.755063228309155 0.752524897456169 0.747998222708702 0.92790524661541 0.754210487008095 0.748330101370811 0.753749616444111 0.713303055614233 0.707181751728058 0.702499486505985 0.696728646755219 0.69557024538517 0.753720358014107 0.811626367270947 1.11521628499031 1.22306022047997 1.31042924523354 1.41228827834129 1.54311382770538 1.69014608860016 1.738241314888
0.724330142140388 0.693085491657257 0.705076485872269 0.71901673078537 0.658370621502399 0.659817382693291 0.675709493458271 0.659263484179974 0.682688266038895 0.705252751708031 0.68318697810173 1.04488572478294 1.01848500967026 1.01694828271866 0.797080501914024 0.865408480167389 0.90363746881485 0.679220236837864 0.775092780590057 0.624308243393898 0.593893513083458 0.727967262268066 0.626258634030819 0.656650878489017 0.675285369157791 0.74160298705101 0.747090741991997 0.719176858663559 1.13871449232101 1.16463902592659 0.720736496150494 0.717152640223503 0.764894999563694 1.28728276491165 0.851971864700317 0.849364131689072 0.824226781725883 0.842765986919403 0.823066502809525 1.52410501241684 1.3838264644146 1.00900948047638 0.893630996346474 0.936499536037445 0.883472979068756 0.776420205831528 0.779666639864445 0.790060870349407 0.782660610973835 0.735509254038334 0.715018875896931 0.686721369624138 0.68138176202774 1.20579153299332 1.20364120602608 1.27273347973824 1.59653931856155 1.83095705509186 1.86252897977829 2.00357991456985 2.05978953838348 1.93120967348417
0.537403509020805 0.641678988933563 0.570155248045921 0.53853714466095 0.533583752810955 0.505873136222363 0.53032985329628 0.529681496322155 0.738349512219429 0.604659363627434 0.681521236896515 0.661306500434875 0.752350509166718 0.697137728333473 0.638789981603622 0.639110997319221 0.733368739485741 0.696872994303703 0.688370257616043 0.753913521766663 0.575824521481991 0.596145741641521 1.09202402830124 0.695954985916615 0.739906489849091 1.19659647345543 1.29705449938774 1.41825154423714 1.50260031223297 0.792994514107704 0.792100891470909 1.16930249333382 0.95182840526104 1.46378847956657 1.75976854562759 1.97084319591522 1.59007805585861 1.39733773469925 1.42590147256851 1.62972146272659 1.54126417636871 0.948751151561737 0.942725613713264 0.927381008863449 0.881187379360199 0.865599364042282 0.815005861222744 0.804039739072323 0.932261019945145 0.987427824735642 0.9531509578228 1.07148000597954 1.19121748209 1.48120647668839 1.61925601959229 1.55232220888138 2.36713828309609 -9999 -9999 -9999 -9999 -9999
0.671427369117737 0.500274762511253 0.495305255055428 0.51408751308918 0.518792241811752 0.480328515172005 0.496171496808529 0.501339018344879 0.516508117318153 0.495466880500317 0.50297212600708 0.500095143914223 0.678544521331787 0.638090237975121 0.629784017801285 0.650665506720543 0.617727756500244 0.608238011598587 0.682512000203133 0.616037629544735 0.668609619140625 0.703015118837357 0.79401109367609 1.19175374507904 0.736009508371353 1.52929955720901 1.34803122282028 1.50220656394958 1.55959045886993 1.17360153794289 1.0534451007843 1.24004325270653 1.11897390335798 2.24833953380585 2.11279195547104 1.04213091135025 1.63304471969604 1.6383022069931 1.55412447452545 1.85511445999146 0.812995478510857 0.87535572052002 0.983673736453056 1.00263565778732 0.986431494355202 0.913531512022018 0.850506775081158 0.841364242136478 0.999972051382065 1.34765486121178 1.47869700193405 1.63925170898438 1.64298748970032 14.8147806040943 1.70130992619718 -9999 -9999 -9999 -9999 -9999 -9999 -9999
0.548703745007515 0.514137379825115 0.486713245511055 0.50272424519062 0.524343743920326 0.458449490368366 0.470588631927967 0.483026258647442 0.479383863508701 0.457296766340733 0.481894858181477 0.471909373998642 0.488014496862888 0.582831010222435 0.582478478550911 0.503681235015392 0.537461265921593 0.568965017795563 0.660604521632195 1.15977296233177 1.14939603209496 1.16301825642586 0.727919608354568 1.17906376719475 1.25230121612549 1.42956152558327 1.48916101455688 1.59981608390808 1.43342325913495 -9999 -9999 -9999 -9999 -9999 -9999 3.14426672458649 1.27919626235962 1.82375925779343 1.72871178388596 1.96279120445251 0.909104660153389 0.924129009246826 0.914805382490158 0.839565753936768 1.08150190114975 0.96270976960659 0.96244016289711 0.926355376839638 0.990293987095356 2.01652693748474 2.12825435400009 1.97579646110535 2.01995581388474 1.9762424826622 1.97624230384827 -9999 -9999 -9999 -9999 -9999 -9999 -9999
0.448227748274803 0.448437005281448 0.529210478067398 0.539238765835762 0.530975237488747 0.520842745900154 0.45549637824297 0.453193120658398 0.435738377273083 0.437054626643658 0.449227876961231 0.44624400883913 0.481013998389244 0.482916757464409 0.500824123620987 0.491192243993282 0.525473266839981 0.579452231526375 0.919822543859482 1.17278176546097 1.16981399059296 1.12295776605606 0.699228353798389 0.735829152166843 1.11489146947861 1.17648974061012 1.57642203569412 1.67401725053787 1.71920784314473 -9999 -9999 -9999 -9999 -9999 -9999 -9999 3.00934267044067 2.76390606164932 1.76306319236755 1.3483282327652 1.35452172160149 0.948399737477303 0.773303255438805 0.912564396858215 1.1560830026865 1.08798225224018 1.21938188374043 1.1660812497139 1.19332945346832 2.15676614046097 2.43268829584122 2.38062225580215 -9999 -9999 -9999 -9999 -9999 -9999 -9999 -9999 -9999 -9999
0.479475751519203 0.493278756737709 0.481176003813744 0.544346988201141 0.56224724650383 0.474106505513191 0.462365247309208 0.456917613744736 0.451280616223812 0.475506752729416 0.485549636185169 0.488474249839783 0.499936491250992 0.489538483321667 0.492123015224934 0.488099612295628 0.484405115246773 0.542168989777565 0.690112866461277 1.20975388921037 0.883485245329517 0.633442014455795 0.908807019392649 1.16372627019882 1.10623571276665 1.1723909676075 1.37555095553398 1.72074830532074 1.88399789730708 -9999 -9999 -9999 -9999 -9999 -9999 -9999 10.8523979187012 2.65839457511902 2.32144278287888 2.42253148555756 1.88538300991058 1.52399772405624 1.57866597175598 2.74490547180176 2.74476903676987 4.07943749427795 1.48228047788143 1.51078502833843 2.10709876418114 2.44164541959763 2.36632061004639 2.8237316608429 3.88281190395355 -9999 -9999 -9999 -9999 -9999 -9999 -9999 -9999 -9999
0.579623982310295 0.539034739136696 0.521636232733727 0.577683001756668 0.581079751253128 0.483300000429153 0.480335243046284 0.474280491471291 0.477105014026165 0.49260375648737 0.498222380876541 0.503549247980118 0.503098860383034 0.514233760535717 0.506701871752739 0.496784247457981 0.466391243040562 0.492258757352829 1.0683157145977 0.81137403845787 0.762693732976913 0.792422980070114 0.802453458309174 1.33961471915245 1.46133747696877 1.56739801168442 1.53931492567062 1.45223620533943 1.23083326220512 2.58434005217119 -9999 -9999 -9999 -9999 -9999 -9999 -9999 5.32777744531631 5.10247135162354 1.80893552594069 1.38826650381088 1.62306368350983 4.03049612045288 3.88080811500549 5.56856167316437 1.92413932085037 1.67044392228127 2.19753254652023 2.389610683918 2.65673246383667 2.78292748332024 3.20992004871368 4.2582932848639 -9999 -9999 -9999 -9999 -9999 -9999 -9999 -9999 -9999
0.493490248918533 0.573864743113518 0.575570270419121 0.579492017626762 0.594055518507957 0.549226507544518 0.489579007029533 0.496540881693363 0.500486992299557 0.516916505992413 0.507796861231327 0.507493481040001 0.520106256008148 0.52030686289072 0.5079750046134 0.622893735766411 0.680058002471924 0.797531962394714 0.737844005227089 0.763623744249344 0.740131482481956 0.78321298956871 1.11750823259354 1.68155246973038 1.65123671293259 1.58100593090057 1.51980829238892 1.36487853527069 1.26742574572563 1.2146977186203 -9999 -9999 -9999 -9999 -9999 -9999 -9999 -9999 -9999 -9999 -9999 -9999 -9999 -9999 -9999 -9999 3.65490746498108 9.00394248962402 16.8536342158914 3.10062733449434 -9999 -9999 -9999 -9999 -9999 -9999 -9999 -9999 -9999 -9999 -9999 -9999
0.553688228130341 0.568866759538651 0.60265950858593 0.621322497725487 0.597892507910728 0.619528502225876 0.519202128052711 0.513705745339394 0.520577631890774 0.52124210447073 0.537785992026329 0.55145475268364 0.559253633022308 0.562372505664825 0.562414884567261 0.536487758159637 0.506716132164001 0.531910501420498 0.758813291788101 0.769059777259827 0.800625711679459 1.15412253141403 1.37288850545883 0.931456816196442 -9999 -9999 -9999 1.50322723388672 1.64972394704819 1.35971850156784 1.42751696705818 -9999 -9999 -9999 -9999 -9999 -9999 -9999 -9999 -9999 -9999 -9999 -9999 -9999 -9999 -9999 -9999 -9999 -9999 -9999 -9999 -9999 -9999 -9999 -9999 -9999 -9999 -9999 -9999 -9999 -9999 -9999
0.560885265469551 0.574960514903069 0.573933765292168 0.587425500154495 0.659685015678406 0.546756729483604 0.506533518433571 0.565034620463848 0.565229997038841 0.559284746646881 0.553427249193192 0.587032489478588 0.594068996608257 0.582305990159512 0.575274758040905 0.572488121688366 0.541422374546528 0.579202115535736 0.821993976831436 0.770098507404327 0.548873618245125 1.27606353163719 1.38855528831482 1.52740269899368 0.979678496718407 1.40598374605179 1.43109378218651 1.30648425221443 1.21981197595596 1.24702352285385 1.58855992555618 2.13341071071296 -9999 -9999 -9999 -9999 -9999 -9999 -9999 -9999 -9999 -9999 -9999 -9999 -9999 -9999 -9999 -9999 -9999 -9999 -9999 -9999 -9999 -9999 -9999 -9999 -9999 -9999 -9999 -9999 -9999 -9999
0.54101175069809 0.568578019738197 0.599951237440109 0.616766229271889 0.562602013349533 0.586086742579937 0.582195751368999 0.619327113032341 0.648451879620552 0.661615133285522 0.677853003144264 0.660430870950222 0.633702367544174 0.610138490796089 0.602462612092495 0.599077507853508 0.629027634859085 0.985513508319855 0.669378362596035 0.626575112342834 1.08972001075745 1.28876101970673 1.40583676099777 1.46085074543953 1.50391799211502 1.47056552767754 1.37628078460693 1.31246477365494 1.37046226859093 1.4404034614563 1.76599949598312 2.4284605410966 -9999 -9999 -9999 -9999 -9999 -9999 -9999 -9999 -9999 -9999 -9999 -9999 -9999 -9999 -9999 -9999 -9999 -9999 -9999 -9999 -9999 -9999 -9999 -9999 -9999 -9999 -9999 -9999 -9999 -9999
0.537515267729759 0.53626723587513 0.59357924759388 0.559713006019592 0.548952363431454 0.677715383470058 0.680869124829769 0.662433743476868 0.701119892299175 0.740271002054214 0.780162379145622 0.78210373967886 0.741568095982075 0.784144096076488 0.71655448526144 0.684468761086464 0.679832249879837 0.961003482341766 0.965855240821838 1.0025722682476 1.05356177687645 1.24523028731346 1.34618845582008 1.54131156206131 2.37832117080688 2.0124254822731 3.74681854248047 1.52947121858597 1.4305702149868 1.36556178331375 2.6586982011795 -9999 -9999 -9999 -9999 -9999 -9999 -9999 -9999 -9999 -9999 -9999 -9999 -9999 -9999 -9999 -9999 -9999 -9999 -9999 -9999 -9999 -9999 -9999 -9999 -9999 -9999 -9999 -9999 -9999 -9999 -9999
