EcologicalScience/Bass/data/rs_data_bass/chl_145.asc
NCOLS 226 
NROWS 124 
XLLCORNER -9.41648524995501 
YLLCORNER 47.587301625531 
CELLSIZE 0.0833 
NODATA_value -9999 
[rows 54 to 80 of 124, columns 0 to 61 of 226]
-9999 -9999 -9999 -9999 -9999 -9999 -9999 -9999 -9999 -9999 -9999 -9999 -9999 -9999 -9999 -9999 -9999 -9999 -9999 -9999 -9999 -9999 -9999 -9999 -9999 -9999 -9999 -9999 -9999 -9999 -9999 -9999 -9999 -9999 -9999 -9999 -9999 -9999 4.65465726961653 2.64895405371984 1.9126170873642 1.86859202384949 1.71579891443253 1.44640164077282 2.13286274671555 2.09730076789856 2.05361098051071 2.00983357429504 1.84042131900787 1.76169151067734 1.98500543832779 1.86728847026825 2.01633596420288 2.01955252885818 2.19366103410721 3.02609539031982 2.64888375997543 2.87702840566635 -9999 0.607058599591255 0.62790758907795 1.24087666039882
-9999 -9999 -9999 -9999 -9999 -9999 -9999 -9999 -9999 -9999 -9999 -9999 -9999 -9999 -9999 -9999 -9999 -9999 -9999 -9999 -9999 -9999 -9999 -9999 -9999 -9999 -9999 -9999 -9999 -9999 -9999 -9999 -9999 -9999 -9999 -9999 -9999 -9999 -9999 2.42756125330925 1.84555953741074 1.87803822755814 1.73265069723129 1.51366460323334 2.11353832483292 2.11886018514633 2.01305705308914 1.7984790802002 2.0974942445755 1.69845217466354 1.92046791315079 1.99848157167435 2.02753508090973 2.37588983774185 2.39984399080276 2.59400504827499 2.81524670124054 -9999 -9999 -9999 -9999 -9999
-9999 -9999 -9999 -9999 -9999 -9999 -9999 -9999 -9999 -9999 -9999 -9999 -9999 -9999 -9999 -9999 -9999 -9999 -9999 -9999 -9999 -9999 -9999 -9999 -9999 -9999 -9999 -9999 -9999 -9999 -9999 -9999 -9999 -9999 -9999 -9999 -9999 -9999 -9999 -9999 2.17213493585587 2.0262810587883 1.98892271518707 1.73199257254601 2.01018458604813 2.20361173152924 2.18171542882919 2.01426458358765 2.06343072652817 2.07745492458344 1.69572597742081 1.80287557840347 1.97780627012253 2.14888626337051 2.34038019180298 2.48402100801468 2.57152152061462 2.47711074352264 2.71668213605881 -9999 -9999 -9999
-9999 -9999 -9999 -9999 -9999 -9999 -9999 -9999 -9999 -9999 -9999 -9999 -9999 -9999 -9999 -9999 -9999 -9999 -9999 -9999 -9999 -9999 -9999 -9999 -9999 -9999 -9999 -9999 -9999 -9999 -9999 -9999 -9999 -9999 -9999 -9999 -9999 -9999 -9999 -9999 1.71137111261487 2.2639034986496 2.02181857824326 2.10430651903152 2.05422860383987 2.1082102060318 2.17428606748581 2.11994701623917 2.0452709197998 2.05416816473007 2.00247377157211 1.9072380065918 1.99234193563461 2.1090247631073 2.45683801174164 2.28246426582336 3.0326886177063 2.33491975069046 2.21697223186493 2.23557198047638 9.39789500603309 -9999
-9999 -9999 -9999 -9999 -9999 -9999 -9999 -9999 -9999 -9999 -9999 -9999 -9999 -9999 -9999 -9999 -9999 -9999 -9999 -9999 -9999 -9999 -9999 -9999 -9999 -9999 -9999 -9999 -9999 -9999 -9999 -9999 -9999 -9999 -9999 -9999 -9999 -9999 -9999 -9999 -9999 2.55244731903076 2.02115133404732 2.10795405507088 2.14950942993164 2.42461341619492 2.22389620542526 2.1425017118454 2.09988605976105 1.96024793386459 1.92061346769333 1.73929673433304 1.95323979854584 2.0828657746315 2.24599647521973 2.34916001558304 3.18360757827759 3.33117091655731 2.3200044631958 1.9155290722847 1.92598325014114 -9999
-9999 -9999 -9999 -9999 -9999 -9999 -9999 -9999 -9999 -9999 -9999 -9999 -9999 -9999 -9999 -9999 -9999 -9999 -9999 -9999 -9999 -9999 -9999 -9999 -9999 -9999 -9999 -9999 -9999 -9999 -9999 -9999 -9999 -9999 -9999 -9999 -9999 -9999 -9999 -9999 -9999 2.69104206562042 2.46006292104721 2.16402044892311 2.21756359934807 2.30168771743774 2.50883692502975 2.06720995903015 2.03982675075531 2.01758033037186 1.78022176027298 1.69749051332474 2.24713879823685 2.26683676242828 2.15950894355774 2.7342201769352 2.43655449151993 2.37923151254654 2.37602370977402 2.51609500158917 -9999 -9999
-9999 -9999 -9999 -9999 -9999 -9999 -9999 -9999 -9999 -9999 -9999 -9999 -9999 -9999 -9999 -9999 -9999 -9999 -9999 -9999 -9999 -9999 -9999 -9999 -9999 -9999 -9999 -9999 -9999 -9999 -9999 -9999 -9999 -9999 -9999 -9999 -9999 -9999 -9999 -9999 2.26167225837708 2.46020472049713 2.32700997591019 2.29739025235176 2.43663901090622 2.11564123630524 2.13708657026291 2.04080957174301 1.9967252612114 1.81536096334457 1.81626695394516 2.2140696644783 2.29353529214859 2.43293631076813 2.66089421510696 2.34844374656677 2.39175051450729 -9999 -9999 2.35716050863266 2.07750332355499 2.744643419981
-9999 -9999 -9999 -9999 -9999 -9999 -9999 -9999 -9999 -9999 -9999 -9999 -9999 -9999 -9999 -9999 -9999 -9999 -9999 -9999 -9999 -9999 -9999 -9999 -9999 -9999 -9999 -9999 -9999 -9999 -9999 -9999 -9999 -9999 -9999 -9999 -9999 -9999 -9999 2.63478384017944 2.36704641580582 2.4383647441864 2.14396566152573 2.18562072515488 2.05404651165009 1.94308698177338 1.99635094404221 1.96101653575897 1.92890471220016 1.81117671728134 2.07043129205704 2.06730902194977 2.20412993431091 2.48270255327225 2.63920730352402 2.74276882410049 2.50912404060364 2.21981382369995 2.27522295713425 2.28564405441284 2.16192072629929 2.06488278508186
-9999 -9999 -9999 -9999 -9999 -9999 -9999 -9999 -9999 -9999 -9999 -9999 -9999 -9999 -9999 -9999 -9999 -9999 -9999 -9999 -9999 -9999 -9999 -9999 -9999 -9999 -9999 -9999 -9999 -9999 -9999 -9999 -9999 -9999 -9999 -9999 -9999 -9999 -9999 2.14255428314209 1.93404901027679 2.03994083404541 1.98652946949005 1.84576651453972 1.76192146539688 1.8539702296257 1.94199746847153 1.95470553636551 2.03471553325653 1.9128429889679 1.94215899705887 1.97387999296188 2.14732027053833 2.19201171398163 2.55285376310349 2.31708604097366 2.34399157762527 2.34445685148239 2.39292597770691 2.53700655698776 2.74968829751015 2.71795803308487
-9999 -9999 -9999 -9999 -9999 -9999 -9999 -9999 -9999 -9999 -9999 -9999 -9999 -9999 -9999 -9999 -9999 -9999 -9999 -9999 -9999 -9999 -9999 -9999 -9999 -9999 -9999 -9999 -9999 -9999 -9999 -9999 -9999 -9999 -9999 -9999 -9999 -9999 2.78091790676117 2.47784176468849 1.57222276926041 2.01587668061256 1.80200698971748 1.73644387722015 1.62941944599152 1.98003047704697 2.00703251361847 2.06939619779587 1.98883599042892 1.78472721576691 1.84392696619034 1.88233029842377 1.94868749380112 2.07601773738861 2.1415176987648 2.09456247091293 2.16133677959442 2.1045970916748 2.16669452190399 2.56787922978401 2.61475270986557 2.60560119152069
-9999 -9999 -9999 -9999 -9999 -9999 -9999 -9999 -9999 -9999 -9999 -9999 -9999 -9999 -9999 -9999 -9999 -9999 -9999 -9999 -9999 -9999 -9999 -9999 -9999 -9999 -9999 -9999 -9999 -9999 -9999 -9999 -9999 -9999 -9999 -9999 -9999 -9999 2.44655313094457 1.95552340149879 1.89013427495956 1.92937159538269 1.65748795866966 1.59237396717072 1.64139020442963 1.93033427000046 1.75076624751091 1.76670375466347 1.57327236235142 1.45738354325294 1.46650730073452 1.85515832901001 1.91254323720932 1.95912504196167 1.81479370594025 2.03310298919678 1.89944475889206 1.94836807250977 2.07570451498032 2.40083813667297 2.68661695718765 2.58381673693657
-9999 -9999 -9999 -9999 -9999 -9999 -9999 -9999 -9999 -9999 -9999 -9999 -9999 -9999 -9999 -9999 -9999 -9999 -9999 -9999 -9999 -9999 -9999 -9999 -9999 -9999 -9999 -9999 -9999 -9999 -9999 -9999 -9999 -9999 -9999 -9999 -9999 2.5179141334125 2.25022807717323 1.72421362996101 1.56306485831738 1.60638597607613 1.58179175853729 1.51295602321625 1.64300405979156 1.70926344394684 1.67733447253704 1.56905329227448 1.40325298905373 1.55365580320358 1.48086225986481 1.41954901814461 1.38029327988625 1.29482021927834 1.55568820238113 1.58121067285538 1.86417603492737 1.90970921516418 2.05047369003296 2.08960354328156 2.72035869956017 2.77946439385414
-9999 -9999 -9999 -9999 -9999 -9999 -9999 -9999 -9999 -9999 -9999 -9999 -9999 -9999 -9999 -9999 -9999 -9999 -9999 -9999 -9999 -9999 -9999 -9999 -9999 -9999 -9999 -9999 -9999 -9999 -9999 -9999 -9999 -9999 -9999 -9999 -9999 2.13587853312492 2.04264977574348 1.49791051447392 1.45429238677025 1.43469563126564 1.55032247304916 1.45925778150558 1.61977726221085 1.7431874871254 1.80217498540878 1.51652249693871 1.6262714266777 1.6186763048172 1.56637358665466 1.62588232755661 1.39793998003006 1.28076070547104 1.397779494524 1.37851649522781 1.48206076025963 1.61182057857513 1.75721776485443 2.2976194024086 2.39127525687218 2.88445651531219
-9999 -9999 -9999 -9999 -9999 -9999 -9999 -9999 -9999 -9999 -9999 -9999 -9999 -9999 -9999 -9999 -9999 -9999 -9999 -9999 -9999 -9999 -9999 -9999 -9999 -9999 -9999 -9999 -9999 -9999 -9999 -9999 -9999 -9999 -9999 -9999 2.7030867934227 2.2895148396492 1.98515886068344 1.624656021595 1.43999250233173 1.51052099466324 1.28148713707924 1.51408642530441 1.76387250423431 1.80144292116165 1.92216593027115 1.92578852176666 1.57213354110718 1.46133640408516 1.81345045566559 1.73715752363205 1.55392348766327 1.30948421359062 1.34203952550888 1.3585402071476 1.45817622542381 1.59334427118301 2.12810182571411 2.35343661904335 2.84264516830444 3.08801704645157
-9999 -9999 -9999 -9999 -9999 -9999 -9999 -9999 -9999 -9999 -9999 -9999 -9999 -9999 -9999 -9999 -9999 -9999 -9999 -9999 -9999 -9999 -9999 -9999 -9999 -9999 -9999 -9999 -9999 -9999 -9999 1.68723338842392 1.45035973191261 -9999 2.10493344068527 2.2040888518095 2.21081727743149 1.93604582548141 1.67611080408096 1.39050976932049 1.43137973546982 1.38703846931458 1.34059350192547 1.4642823189497 1.88731133937836 1.90051800012589 1.82983195781708 1.82239347696304 1.81482303142548 1.55048167705536 1.5331215262413 1.73051995038986 1.68214201927185 1.30508548021317 1.32024827599525 1.40729176998138 1.44480675458908 2.15188238024712 2.32892292737961 2.49903452396393 2.36121305823326 2.26574635505676
-9999 -9999 -9999 -9999 -9999 -9999 -9999 -9999 -9999 -9999 -9999 -9999 -9999 -9999 -9999 -9999 -9999 -9999 -9999 -9999 -9999 -9999 0.346259817481041 1.5620151758194 1.61913979053497 2.14464330673218 2.13936120271683 2.46797770261765 2.21888807415962 1.8341224193573 1.68636077642441 1.69075575470924 1.80541348457336 1.61934560537338 1.85713800787926 1.80163612961769 1.67946901917458 1.63557708263397 1.37862110137939 1.23547013103962 1.16357289254665 1.37012654542923 1.31078553199768 1.36239708960056 1.69783651828766 1.83225756883621 1.94616222381592 1.9556205868721 1.84633648395538 1.66509371995926 1.5809873342514 1.84822005033493 1.94537025690079 1.90320825576782 2.03295022249222 2.10372972488403 2.25583976507187 2.34228217601776 4.90546970618399 -9999 -9999 -9999
-9999 -9999 -9999 -9999 -9999 -9999 -9999 -9999 -9999 -9999 -9999 -9999 -9999 -9999 -9999 -9999 -9999 -9999 -9999 -9999 -9999 -9999 1.75333148241043 1.5777140378952 1.37676148116589 1.41976046562195 1.39416673779488 1.50495336949825 1.96169435977936 1.83278694748878 1.62535241246223 1.54358553886414 1.57581862807274 1.23149326443672 1.24816837906837 1.16243474185467 1.1718322634697 1.03792801499367 1.25347410142422 1.16057565808296 1.08034314215183 1.29291298985481 1.36309999227524 1.40982848405838 1.33853177726269 1.78205019235611 1.77024525403976 2.10051298141479 1.79233342409134 1.81606131792068 1.94142353534698 1.96758204698563 1.93317699432373 2.05871051549911 2.16405649979909 -9999 -9999 -9999 -9999 -9999 -9999 -9999
-9999 -9999 -9999 -9999 -9999 -9999 -9999 -9999 -9999 -9999 -9999 -9999 -9999 -9999 -9999 -9999 -9999 -9999 -9999 1.75849731178845 1.79177811741829 1.50206178426743 1.87274399399757 1.45032958388329 1.45715188980103 1.26531448960304 1.22497799992561 1.25941613316536 1.30739888548851 1.35008324682713 1.28979974985123 1.24367626011372 1.21203111112118 1.23161923885345 1.0985906124115 1.11797723174095 1.05984976887703 1.24385140836239 1.1052296385169 1.14054223895073 1.13872687518597 1.1636688709259 1.27467150986195 1.41390398144722 1.35701103508472 1.47276301681995 1.8745122551918 1.94430416822433 1.97489556670189 2.00873667001724 2.12875703152488 -9999 -9999 -9999 -9999 -9999 -9999 -9999 -9999 -9999 -9999 -9999
-9999 -9999 -9999 -9999 -9999 -9999 -9999 -9999 -9999 -9999 -9999 -9999 -9999 -9999 -9999 -9999 -9999 2.10101244449615 1.99321579933167 2.10534429550171 1.63230443000793 1.40304976701736 1.28686608374119 1.31350123882294 1.25869984924793 1.25715002417564 1.24158525466919 1.27020750939846 1.66185683012009 1.25452986359596 1.16590873897076 1.12937101721764 1.09796121716499 1.10636699199677 1.16044315695763 1.16491051018238 1.15109212696552 1.15831536054611 0.943844810128212 1.14310236275196 1.0977974832058 1.13512873649597 1.15332828462124 1.2773215174675 1.42005375027657 1.66969504952431 1.83056956529617 1.95802569389343 2.25462275743484 2.05466160178185 1.92251005768776 -9999 -9999 -9999 -9999 -9999 -9999 -9999 -9999 -9999 -9999 -9999
-9999 -9999 -9999 -9999 -9999 -9999 -9999 -9999 -9999 -9999 -9999 -9999 -9999 -9999 1.777095079422 1.52652713656425 1.57779502868652 1.82825875282288 1.7367739379406 1.58198946714401 1.24326673150063 1.16771247982979 1.91939771175385 1.55272346735001 1.21771989762783 1.23973274230957 1.22995162010193 1.23524737358093 1.23381672799587 1.19860500097275 1.19543024897575 1.1883577555418 1.19256336987019 1.08565425872803 1.19048215448856 1.22271224856377 1.2100428789854 1.13733677566051 1.05284737050533 1.03476074337959 1.14405825734138 1.08914512395859 1.14408825337887 1.32353174686432 1.62275514006615 1.77948036789894 1.8808465898037 1.92605924606323 1.78062003850937 1.78935939073563 2.0233011841774 1.9684402346611 -9999 -9999 -9999 -9999 -9999 -9999 -9999 -9999 -9999 -9999
-9999 -9999 -9999 -9999 -9999 -9999 -9999 -9999 -9999 -9999 -9999 1.81385870277882 1.44264325499535 1.57215821743011 1.45841780304909 1.296560972929 1.49203841388226 1.42263454198837 1.42556676268578 1.99599605798721 1.13606286048889 1.17399488389492 1.81258052587509 1.12615460157394 1.12360985577106 1.15287637710571 1.06282724440098 1.15218861401081 1.03201724588871 1.15323373675346 1.14172312617302 1.24366235733032 1.30002602934837 1.1667292714119 1.17921151220798 1.27624462544918 1.17778989672661 0.811895757913589 0.784275472164154 0.768763339519501 1.04053428769112 0.973963469266891 1.26556724309921 1.39482450485229 1.75493180751801 1.86216303706169 1.74981969594955 1.81077003479004 1.79045650362968 1.80187430977821 2.0304039645195 -9999 -9999 -9999 -9999 -9999 4.54532071060913 2.37159126996994 4.74286651611328 4.58568346500397 2.98281444557782 -9999
-9999 -9999 -9999 -9999 -9999 -9999 -9999 -9999 -9999 1.63868933916092 3.58745102286339 1.39840990304947 1.26073122024536 1.27794599533081 1.20024445652962 1.08381426334381 1.18814445734024 0.836052000522613 0.864742755889893 1.67364907264709 1.06101188063622 1.05268163233995 1.02391424775124 1.05283690989017 1.10389052331448 1.09265550971031 1.05271536111832 1.01236275583506 1.11005772650242 1.11455851793289 1.13589414954185 1.25293274223804 1.27439287304878 1.22361186146736 1.23909603059292 1.13195997476578 1.27143260836601 0.897866070270538 0.815556243062019 1.09294313192368 0.912574097514153 1.03239852190018 1.16549509763718 1.25890950858593 1.41327859461308 1.71737399697304 1.5035205334425 1.70600402355194 1.6633507758379 1.79319375753403 1.7556300163269 1.87044116854668 1.91644221544266 2.88079583644867 2.25675156712532 3.20899093151093 2.83434438705444 2.49023061990738 2.19182932376862 2.29954200983047 2.75002037286758 -9999
-9999 -9999 -9999 -9999 -9999 1.05313641684396 1.44662475585938 1.42724248766899 1.47439053654671 1.71982398629189 1.58298482000828 1.29901625216007 1.10642425715923 0.996321231126785 1.1155147254467 1.09548971056938 0.834642499685287 0.979903474450111 1.06522651016712 1.07531100511551 1.18725675344467 1.10028187930584 1.09861309826374 1.15800149738789 1.1846145093441 1.23278622329235 1.08641700446606 1.01808714866638 1.09301063418388 1.24486537277699 1.24763698875904 1.20036149024963 1.33579874038696 1.15478812158108 1.21091665327549 1.19683384895325 1.16023309528828 0.961903482675552 0.990310996770859 1.05988973379135 1.08077746629715 0.866109028458595 0.990715503692627 1.27259887754917 1.3912800103426 1.46932084858418 1.48838666081429 1.54228082299232 1.53289653360844 1.66671493649483 1.91579586267471 1.89556878805161 2.05002170801163 2.19942981004715 2.36866834759712 2.60499706864357 2.33319452404976 2.44345271587372 2.76067605614662 2.85739347338676 2.8218400478363 3.57861578464508
-9999 -9999 -9999 -9999 -9999 1.02647017581122 1.29470774531364 1.19790896773338 1.12643122673035 0.979178637266159 1.46910229325294 1.19135411083698 0.877095758914948 0.886977732181549 1.13201549123315 1.12702690064907 0.976719230413437 1.03526099026203 1.10010425746441 1.16982977092266 1.17350825667381 1.08381251990795 0.74517148733139 1.10849398374557 1.16310423612595 1.26069919764996 1.22155749797821 1.14042600989342 1.1330374777317 1.1844422519207 1.14421686530113 1.11922198534012 1.20939525961876 1.28380952775478 1.25485011935234 0.975425511598587 0.951845496892929 0.901144981384277 1.01921251416206 1.01275449991226 0.890434138476849 0.87475012242794 1.05474489927292 1.49134695529938 1.43955001235008 1.46355785429478 1.45914003252983 1.46391409635544 1.45000948011875 1.46299682557583 1.86345076560974 1.74543070793152 1.93868333101273 1.97244894504547 2.00374495983124 1.99190032482147 2.16999667882919 2.36090701818466 2.58877801895142 2.915567278862 3.05773115158081 3.01380300521851
-9999 -9999 -9999 -9999 -9999 0.995357751846313 0.747535973787308 1.10928271710873 1.12904140353203 1.05360096693039 1.02993278205395 0.849520280957222 0.994764124353727 0.710288886513029 0.687548629939556 0.716244488954544 1.05811746418476 0.990670263767242 1.06637847423553 1.1043064892292 1.11476828157902 1.3309965133667 1.11839550733566 1.15547998249531 1.18887647986412 1.36304926872253 1.16059899330139 0.915627390146255 1.21463751792908 1.29220548272133 1.38066521286964 1.72603498399258 1.7044478058815 1.88117623329163 1.52513299882412 1.13979378342628 1.12495747208595 0.985595732927322 0.953962504863739 0.907705783843994 0.882788255810738 0.988993763923645 1.30253601074219 1.16245600581169 1.36898553371429 1.48285594582558 1.50743360817432 1.52186214923859 1.5080392062664 1.62065997719765 1.55725684762001 1.48379029333591 1.62043842673302 1.64259745180607 1.71673947572708 2.06730455160141 2.19160348176956 2.26908820867538 2.36496376991272 2.62847632169724 2.76198148727417 2.94471377134323
-9999 -9999 -9999 -9999 -9999 0.782820023596287 0.907210832834244 0.51321237214974 0.768116376117656 0.777090889842887 0.683690749108791 0.740170024335384 0.726069286465645 0.659693777561188 0.711817049554416 0.792682496209939 0.846241896351178 0.839887171983719 1.01595824956894 1.1441485285759 0.93595614284277 0.955101370811462 0.96833436191082 1.24091324210167 1.23847922682762 1.1613827496767 0.956352353096008 0.998290523886681 1.04587166011333 2.07837228477001 1.1547189950943 1.21948799490929 1.24538296461105 1.25149459285395 0.775802387910731 2.03514225780964 1.26352544128895 0.952073737978935 0.965416759252548 1.01058322191238 0.929778009653091 1.02327865362167 1.21089002490044 1.05720946192741 1.06105537712574 1.33037397265434 1.28927627205849 1.43562076985836 1.48650039732456 1.35270787775517 1.26929171383381 1.38603262603283 1.5192896425724 1.56060634553432 1.61141055822372 1.77494770288467 2.00316971540451 1.98150604963303 1.93374592065811 2.36950045824051 2.67720758914948 2.77118182182312
-9999 -9999 -9999 -9999 -9999 0.783964022994041 0.614546239376068 0.591760754585266 0.714878901054985 0.772601778308551 0.735594953099887 0.698199061055978 0.608070839728628 0.652557977608272 0.712676793336868 0.653261639177799 0.716883116534778 0.760488420724869 0.756017899938992 1.14921148121357 0.844594908612115 0.958777114748955 0.974649354815483 0.979219123721123 0.93714751303196 0.958082601428032 0.964635729789734 0.985433265566826 1.02516375482082 1.07257649302483 1.06900312006474 1.18567350506783 0.972344264388084 0.95278237760067 0.753272195072735 0.746867746114731 0.989166498184204 0.964759260416031 0.926224514842033 0.901594236493111 0.888943858444691 0.874022617936134 0.893131099641323 0.939295873045921 0.875202745199203 0.933217525482178 1.03059187531471 1.0601145029068 1.13491836190224 1.10901676118374 1.10678288340569 1.16387924551964 1.27622026205063 1.28444963693619 1.36829401552677 1.57274253666401 1.68353439867496 2.05621272325516 1.86605018377304 1.87588119506836 2.67364722490311 2.65713375806808
