EcologicalScience/Bass/data/rs_data_bass/chl_299.asc
NCOLS 226 
NROWS 124 
XLLCORNER -9.41648524995501 
YLLCORNER 47.587301625531 
CELLSIZE 0.0833 
NODATA_value -9999 
[rows 54 to 80 of 124, columns 124 to 185 of 226]
3.05261385440826 2.72309106588364 2.24591106176376 1.65362477302551 1.37371346354485 1.09253999590874 1.11305174231529 0.851508736610413 1.01077947020531 1.13314953446388 1.0585709810257 1.08140471577644 1.00256404280663 0.816360712051392 0.832537472248077 0.962228268384933 0.875486969947815 0.918774783611298 1.18693348020315 1.10045403242111 1.17583572864532 1.21021503210068 1.18766927719116 1.01969102025032 1.0310700237751 1.03533527255058 1.11203554272652 1.32682201266289 1.12924799323082 1.14504826068878 1.20878773927689 1.11625126004219 1.05622047185898 0.980906993150711 0.985902786254883 1.0832347869873 1.11424049735069 1.22178447246552 1.55065423250198 1.64207625389099 1.66669946908951 1.69391244649887 1.75089526176453 1.79353952407837 1.99510502815247 2.32110893726349 3.11124300956726 3.35089731216431 3.7779278755188 3.91781008243561 3.2945054769516 4.82555413246155 5.07473015785217 5.46567964553833 4.95992624759674 5.26693725585938 5.8811137676239 6.9564528465271 15.3411320752876 13.7821181188494 7.00758522856021 -9999
3.4779224395752 2.84778892993927 2.08615583181381 1.7760209441185 1.59702444076538 1.26382353901863 1.00261124968529 1.17530027031898 0.959583789110184 1.04463002085686 1.21141496300697 1.17676046490669 1.40335276722908 0.847414523363113 0.881289035081863 0.856089770793915 0.931691229343414 0.92381027340889 0.935832738876343 1.0716960132122 1.01823297142982 0.940753519535065 0.986198276281357 1.05750453472137 1.15710148215294 1.1623537838459 1.19898301362991 1.21161979436874 1.20238575339317 1.20272701978683 1.23534223437309 1.22085526585579 1.1855865418911 1.1572260260582 1.27313625812531 1.20587101578712 1.23221996426582 1.29981601238251 1.40299728512764 1.5364710688591 1.64887493848801 1.80860406160355 1.94471848011017 2.16586643457413 2.41622543334961 2.75738400220871 3.67949759960175 5.12606191635132 5.10250639915466 4.69800746440887 4.71612739562988 5.41280496120453 4.54530537128448 6.47979640960693 7.43710041046143 8.33005499839783 10.5720698833466 -9999 -9999 -9999 -9999 -9999
1.66678655147552 2.10979431867599 1.96196472644806 1.63818007707596 1.52754145860672 1.51446908712387 1.37119871377945 1.15643772482872 0.970368772745132 0.931297481060028 0.999238461256027 1.00014978647232 1.30167004466057 1.22248578071594 0.89836049079895 0.809140473604202 0.839824497699738 0.922856211662292 0.947715729475021 0.801527291536331 0.724711507558823 0.748273506760597 1.03132349252701 1.16997000575066 1.32872772216797 1.16431653499603 1.22060698270798 1.18027201294899 1.19575721025467 1.22964298725128 1.26719328761101 1.31227272748947 1.15916928648949 1.16102850437164 1.19982522726059 1.21021047234535 1.30649927258492 1.34859976172447 1.49743947386742 1.63534641265869 1.85427296161652 1.96315580606461 2.24069094657898 2.87223905324936 3.85434079170227 4.9575058221817 6.1109561920166 3.68874762443282 10.6357655525208 4.28279042243958 4.03610837459564 4.53223729133606 7.35881853103638 6.29932856559753 -9999 -9999 -9999 -9999 -9999 -9999 -9999 -9999
1.55013155937195 1.47406348586082 1.76138180494308 2.02501130104065 1.80543744564056 1.54177129268646 1.46448147296906 1.26233321428299 1.28331595659256 1.2482984662056 1.05458477139473 1.11154049634933 1.21432650089264 1.26943579316139 0.91259104013443 0.860027968883514 0.740400731563568 0.780010521411896 0.816143989562988 0.781669467687607 0.718960493803024 0.813476979732513 1.0983382165432 1.19316977262497 1.37806051969528 1.2939974963665 1.16784676909447 1.16427898406982 1.18873572349548 1.22985604405403 1.34734949469566 1.23856875300407 1.04620197415352 1.03769928216934 1.05568277835846 1.02825602889061 1.12053823471069 1.332917958498 1.55999779701233 1.78055244684219 1.77530926465988 2.29966127872467 2.9400622844696 3.92538285255432 6.54806184768677 10.8558769226074 10.3653059005737 5.94491486593124 9.30353665351868 5.54170632362366 5.40986788272858 4.498894572258 10.282710313797 -9999 -9999 -9999 -9999 -9999 -9999 -9999 -9999 -9999
3.13325929641724 1.96593081951141 1.88866049051285 1.76375252008438 1.99266457557678 2.12898302078247 1.50892353057861 1.24956822395325 0.986297965049744 0.881529003381729 1.09275153279305 0.885582000017166 1.02270975708961 1.12867873907089 1.10316297411919 0.799578040838242 0.891072034835815 0.772673964500427 0.769832253456116 0.798720002174377 0.837385475635529 1.01079225540161 1.11037722229958 1.2769530415535 1.38909602165222 1.67731869220734 1.55887430906296 1.50466793775558 1.37021702528 1.33650228381157 1.36172622442245 1.30089229345322 1.1415097117424 0.937096506357193 0.903995275497437 0.853758037090302 0.927133530378342 1.05195075273514 1.24587598443031 1.46162921190262 1.6093402504921 2.1990008354187 3.13966190814972 4.65813374519348 6.68845224380493 7.11374187469482 7.99956902861595 11.3735132217407 7.91877865791321 6.72933197021484 7.34818267822266 16.5988926887512 16.9274854660034 -9999 -9999 -9999 -9999 -9999 -9999 -9999 -9999 -9999
-9999 3.7373138666153 2.47725516557693 2.44663882255554 2.39983946084976 2.99571758508682 2.44054198265076 1.76970827579498 1.91651773452759 1.39478024840355 1.04379898309708 0.981381744146347 1.08272624015808 1.22853979468346 1.14467704296112 0.902612239122391 0.968762218952179 0.957786709070206 0.917365461587906 0.897044956684113 1.06417652964592 1.21346470713615 1.22440803050995 1.29034200310707 1.33184471726418 1.53159445524216 1.86360669136047 1.55069696903229 1.58096104860306 1.5424679517746 1.37400904297829 1.41731026768684 1.23531523346901 0.982862234115601 0.827633231878281 0.786882787942886 0.842517793178558 1.00004696846008 1.29662999510765 1.41127046942711 1.94408708810806 2.43710321187973 3.37778699398041 5.55578470230103 7.59692430496216 -9999 12.2463033539908 11.2893717629569 41.900733590126 6.3733491897583 18.722870349884 21.6057929992676 17.070216178894 18.394718170166 -9999 -9999 -9999 -9999 -9999 -9999 -9999 -9999
-9999 -9999 -9999 -9999 -9999 2.28387522697449 3.23712766170502 3.08327615261078 2.27653795480728 1.92282897233963 1.98461848497391 1.21626001596451 0.9870645403862 0.888100504875183 0.922668009996414 1.07951474189758 1.01459401845932 1.22803875803947 1.27918723225594 1.33474722504616 1.31813022494316 1.3394730091095 1.30906954407692 1.22401347756386 1.22680351138115 1.53696817159653 1.60423654317856 1.64134508371353 1.38575702905655 1.29894071817398 1.53579604625702 1.31120029091835 1.09894877672195 0.877983033657074 0.773302495479584 0.67619101703167 0.822492778301239 1.06799179315567 1.2668377161026 1.6737585067749 2.38035142421722 3.17973303794861 4.23360443115234 8.47680401802063 8.81691312789917 17.9896528257907 -9999 -9999 -9999 -9999 17.1691789627075 18.0251340866089 17.6375970840454 19.5161046981812 -9999 -9999 -9999 -9999 -9999 -9999 -9999 -9999
-9999 -9999 -9999 -9999 -9999 -9999 -9999 -9999 3.50061964988708 3.00020921230316 2.04702973365784 1.29767176508904 1.04635727405548 1.01928448677063 0.910513490438461 1.16069474816322 1.23722702264786 1.27405804395676 1.34314352273941 1.41466721892357 1.4604067504406 1.4604007601738 1.36474576592445 1.32439649105072 1.23128628730774 1.58881795406342 1.38954824209213 1.19380277395248 1.27951571345329 1.29044696688652 1.27884078025818 1.09797897934914 0.905731469392776 0.720041245222092 0.629305511713028 0.682210519909859 0.880169212818146 1.24771723151207 1.55131655931473 2.14399641752243 2.75828558206558 3.65688836574554 5.25915133953094 11.5082895755768 8.00452431926021 29.0682649612427 -9999 -9999 -9999 -9999 17.548882484436 16.6207895278931 16.4193263053894 18.5928182601929 30.7711915969849 23.7680697441101 -9999 -9999 -9999 -9999 -9999 -9999
-9999 -9999 -9999 -9999 -9999 -9999 -9999 -9999 -9999 -9999 2.8139939904213 1.54077672958374 1.33089601993561 1.11262500286102 1.07691979408264 1.31187602877617 1.4118270277977 1.40823975205421 1.38638699054718 1.52338868379593 1.69800978899002 1.50270456075668 1.41205877065659 1.45945501327515 1.31166377663612 1.41752547025681 1.17980173230171 1.1028952896595 1.44112873077393 1.45319849252701 1.24686679244041 0.989331007003784 0.767989486455917 0.722695514559746 0.668624237179756 0.732023254036903 0.782568722963333 0.948555707931519 1.37462022900581 1.96680307388306 2.83481919765472 4.14758241176605 10.3975596427917 19.2355542182922 12.917469058222 -9999 -9999 -9999 -9999 -9999 -9999 -9999 9.61014133982542 24.5499973297119 44.8804349899292 45.5931844711304 10.8786277770996 -9999 -9999 -9999 -9999 -9999
-9999 -9999 -9999 -9999 -9999 -9999 -9999 -9999 -9999 4.3704868555069 3.18946194648743 2.26599007844925 1.55638343095779 1.44824928045273 1.29968476295471 1.48008978366852 1.47505277395248 1.41258752346039 1.41637426614761 1.60331618785858 1.68119394779205 1.70619893074036 1.62581169605255 1.59626019001007 1.29477828741074 1.36135429143906 1.29739648103714 1.29736572504044 1.56371998786926 1.35847726464272 1.12373247742653 0.984522789716721 0.830276280641556 0.800979763269424 0.812990248203278 0.871292978525162 0.869123965501785 0.887006253004074 1.39309045672417 1.82565522193909 3.30583870410919 8.96246409416199 12.6289672851562 20.5102343559265 20.6407241300472 33.0447750091553 -9999 -9999 -9999 15.251983165741 14.385552406311 14.0285968780518 12.8979249000549 23.4052376747131 40.7111806869507 38.7219772338867 17.3918316825744 -9999 -9999 -9999 -9999 -9999
-9999 -9999 -9999 -9999 -9999 -9999 -9999 -9999 -9999 -9999 2.76551842689514 1.98946344852448 1.62627822160721 1.51887291669846 1.71832644939423 1.6804815530777 1.5153089761734 1.35209548473358 1.46714025735855 2.4728609919548 1.87493991851807 1.8176137804985 1.83514720201492 1.85949146747589 1.38603222370148 1.38283422589302 1.26873296499252 1.29990595579147 1.2900952398777 1.201087474823 1.08517652750015 1.00890603661537 0.922971725463867 0.890806496143341 0.901396483182907 0.933007478713989 1.05198901891708 1.47108149528503 2.0548506975174 3.13445091247559 4.92975211143494 9.75112509727478 13.4760489463806 18.3875985145569 8.47655525138077 -9999 -9999 -9999 -9999 -9999 12.728874206543 11.8986940383911 12.0423860549927 12.3787178993225 16.3738718032837 -9999 -9999 -9999 -9999 -9999 -9999 -9999
-9999 -9999 -9999 -9999 -9999 -9999 -9999 -9999 -9999 3.67937564849854 2.17104667425156 2.09917724132538 1.89058274030685 1.79765403270721 1.8311984539032 1.68319344520569 1.42682701349258 1.31296572089195 1.57033807039261 2.40516757965088 2.4874484539032 1.81226241588593 1.85285550355911 1.42316401004791 1.26923400163651 1.16581875085831 1.07940450310707 1.04511827230453 0.860670000314713 0.656484737992287 0.627125233411789 0.686324268579483 0.799016207456589 0.841271281242371 0.915040522813797 1.18695974349976 1.56283646821976 2.47678202390671 2.78331899642944 3.62415683269501 5.84968185424805 14.480318069458 19.5360546112061 6.25099248099096 3.86466658115387 -9999 -9999 -9999 -9999 -9999 29.814371719789 11.2064952850342 12.6819047927856 -9999 -9999 -9999 -9999 -9999 -9999 -9999 -9999 -9999
-9999 -9999 -9999 -9999 -9999 -9999 -9999 -9999 -9999 2.62626367807388 2.11479377746582 1.99277704954147 1.76889377832413 1.73567032814026 1.7510399222374 1.59148120880127 1.26637950539589 1.25273403525352 1.55465394258499 1.69634556770325 1.99529242515564 2.2706406712532 1.32733878493309 1.24626901745796 1.18101972341537 1.15061697363853 1.21034628152847 0.842350512742996 0.701620504260063 0.638412728905678 0.585147768259048 0.724326744675636 1.13886898756027 1.30921652913094 1.79793602228165 2.50199317932129 3.54422771930695 4.10245192050934 4.30788087844849 5.27029502391815 9.77269649505615 19.4073672294617 13.495747089386 10.068988243353 3.86466693878174 -9999 -9999 -9999 -9999 12.1949715614319 -9999 -9999 -9999 -9999 -9999 -9999 -9999 -9999 -9999 -9999 -9999 -9999
-9999 -9999 -9999 -9999 -9999 -9999 -9999 -9999 -9999 2.38771569728851 2.16862267255783 1.86912596225739 2.0120894908905 1.72929829359055 1.50887542963028 1.34185945987701 1.14997798204422 1.18933725357056 1.45315727591515 1.65961128473282 1.34527498483658 1.27069500088692 1.63949024677277 1.27645799517632 1.23962250351906 1.04209274053574 0.923456221818924 0.704948991537094 0.510070502758026 0.584781736135483 0.614540979266167 0.993331521749496 1.43264928460121 1.799296438694 2.43766951560974 3.41986441612244 6.88890051841736 8.31475710868835 9.27322053909302 13.3462915420532 14.6482772827148 11.9057650566101 6.11658448817125 -9999 -9999 -9999 -9999 -9999 -9999 -9999 -9999 -9999 -9999 -9999 -9999 -9999 -9999 -9999 -9999 -9999 -9999 -9999
-9999 -9999 -9999 -9999 -9999 -9999 -9999 -9999 -9999 1.74549901485443 1.81510877609253 1.62875407934189 1.74407708644867 1.30307927727699 1.21932747960091 1.14052051305771 1.16667973995209 1.32921749353409 1.62645828723907 1.6234433054924 1.33569672703743 1.19626575708389 1.58104205131531 1.39692378044128 1.09744799137115 0.962916791439056 0.958685249090195 0.648468017578125 0.61150199174881 0.613113731145859 0.887447208166122 1.50171679258347 2.22906231880188 3.58050584793091 5.65430545806885 10.8455500602722 15.3956279754639 13.7539472579956 16.4898047447205 18.7460489273071 20.435275554657 4.58992155860452 10.3323765734592 -9999 -9999 -9999 -9999 -9999 -9999 -9999 -9999 -9999 -9999 -9999 -9999 -9999 -9999 -9999 -9999 -9999 -9999 -9999
-9999 -9999 -9999 -9999 -9999 -9999 -9999 3.28386068344116 3.86506041884422 1.96228802204132 1.70843625068665 1.46947422623634 1.4493599832058 1.28245425224304 1.28171700239182 1.28540173172951 1.3605697453022 1.84507352113724 1.71963894367218 1.31636103987694 1.14385575056076 1.27142250537872 1.50450825691223 1.21202248334885 1.21495270729065 0.981703519821167 0.722648978233337 0.71679300069809 0.743306234478951 0.817151248455048 1.07634902000427 1.98983019590378 3.07177412509918 5.12067747116089 8.03783655166626 7.43150281906128 12.1208782196045 14.2866868972778 15.3679461479187 21.2903938293457 15.4026107845955 5.69786846637726 3.25656187534332 -9999 -9999 -9999 -9999 -9999 -9999 -9999 -9999 -9999 -9999 -9999 -9999 -9999 -9999 -9999 -9999 -9999 -9999 -9999
-9999 -9999 -9999 -9999 -9999 -9999 4.34157925844193 3.47711384296417 3.29235434532166 2.17072641849518 1.79060178995132 1.73103082180023 1.84858274459839 1.79792475700378 1.4225310087204 1.46418678760529 1.42035001516342 1.52908051013947 1.09365302324295 0.948423743247986 1.02133879065514 1.29531446099281 1.1508457660675 0.992724716663361 0.839789271354675 0.769062727689743 0.814602792263031 0.842223733663559 0.977091014385223 1.21196249127388 2.40529417991638 3.57288086414337 4.09881663322449 4.65623188018799 5.14490783214569 6.83132600784302 9.37284708023071 11.3388397693634 7.32408499717712 -9999 -9999 -9999 -9999 -9999 -9999 -9999 -9999 -9999 -9999 -9999 -9999 -9999 -9999 -9999 -9999 -9999 -9999 -9999 -9999 -9999 -9999 -9999
-9999 -9999 -9999 -9999 3.81355478354027 3.38729238510132 3.02834558486938 3.07582139968872 2.3676922917366 1.89936679601669 1.71917027235031 2.03161346912384 2.25663757324219 2.24164581298828 1.67333543300629 1.55000782012939 1.51043182611465 1.49837028980255 1.06744426488876 0.832895278930664 0.746963247656822 0.948134243488312 0.826718240976334 0.711531758308411 0.73249876499176 0.809475749731064 0.876117020845413 1.06562098860741 1.60635441541672 2.94788324832916 5.04104554653168 6.71929693222046 7.5182626247406 6.63131403923035 6.25516104698181 6.11858654022217 7.59320855140686 6.28522994163188 -9999 -9999 -9999 -9999 -9999 -9999 -9999 -9999 -9999 -9999 -9999 -9999 -9999 -9999 -9999 -9999 -9999 -9999 -9999 -9999 -9999 -9999 -9999 -9999
-9999 -9999 -9999 -9999 5.2145664691925 3.45292568206787 3.26967144012451 3.0827933549881 2.22652941942215 1.9315470457077 1.97466158866882 2.50087344646454 2.51241141557693 2.13800543546677 1.72766554355621 1.61780780553818 1.65439492464066 1.36723574995995 1.09409022331238 0.820788770914078 0.722444996237755 0.81861600279808 0.893394023180008 0.888520538806915 0.935839533805847 1.00203377008438 1.07451599836349 1.38525822758675 2.06177473068237 4.99942338466644 5.80335831642151 6.9440324306488 7.80917572975159 10.5427751541138 20.0940113067627 12.2961187362671 36.1705098152161 -9999 -9999 -9999 -9999 -9999 -9999 -9999 -9999 -9999 -9999 -9999 -9999 -9999 -9999 -9999 -9999 -9999 -9999 -9999 -9999 -9999 -9999 -9999 -9999 -9999
-9999 40.1633425025301 4.92123812244784 8.86882793903351 3.5939633846283 3.2018723487854 3.01621949672699 2.90873998403549 2.54626572132111 2.14962816238403 2.22500771284103 2.40402603149414 2.26321649551392 1.84424096345901 1.76689052581787 1.71690005064011 1.47602623701096 1.24115923047066 0.998733758926392 0.873339772224426 0.873515993356705 1.05698472261429 1.06556403636932 1.22536951303482 1.36572450399399 1.75732952356339 2.11809146404266 3.11941659450531 3.36712217330933 4.67622756958008 5.71510934829712 7.12045741081238 11.8522245883942 22.5215749740601 14.440247297287 9.04713824662295 -9999 -9999 -9999 -9999 -9999 -9999 -9999 -9999 -9999 -9999 -9999 -9999 -9999 -9999 -9999 -9999 -9999 -9999 -9999 -9999 -9999 -9999 -9999 -9999 -9999 -9999
5.39530748128891 5.75653259754181 4.00920903682709 3.50201940536499 2.95275217294693 2.85282450914383 3.08139073848724 3.30702817440033 2.73749023675919 2.40611332654953 1.99988257884979 1.83290702104568 1.80187278985977 1.67128944396973 1.70099329948425 1.68424791097641 1.35745945572853 1.21091097593307 1.06840950250626 1.13754978775978 1.16075250506401 1.30935823917389 1.64842575788498 1.97765707969666 5.97900152206421 8.65277338027954 10.7655715942383 9.65326309204102 2.87457758188248 5.18320941925049 10.1550042629242 14.9605321884155 22.9092693328857 -9999 -9999 -9999 -9999 -9999 -9999 -9999 -9999 -9999 -9999 -9999 -9999 -9999 -9999 -9999 -9999 -9999 -9999 -9999 -9999 -9999 -9999 -9999 -9999 -9999 -9999 -9999 -9999 -9999
8.73959337581288 3.62444114685059 3.45028817653656 3.34881663322449 3.17365658283234 3.22091782093048 3.05721080303192 2.65930277109146 2.898950278759 2.29490482807159 1.64903926849365 1.75932598114014 1.60469108819962 1.56675893068314 1.63917750120163 1.63349783420563 1.38854625821114 1.17227473855019 1.20635774731636 1.34348925948143 2.69881725311279 3.96696388721466 4.27835083007812 5.68144941329956 8.94909811019897 11.0322318077087 3.42824792861938 3.60927593708038 5.43773853778839 6.98280429840088 16.7901020050049 12.7737836837769 11.6684710979462 10.54133024124 11.1635196038655 6.30260472586661 -9999 -9999 -9999 -9999 -9999 -9999 -9999 -9999 -9999 -9999 -9999 -9999 -9999 -9999 -9999 -9999 -9999 -9999 -9999 -9999 -9999 -9999 -9999 -9999 -9999 -9999
4.07538306713104 3.55380821228027 3.45319962501526 3.62812042236328 3.36778199672699 2.97991794347763 2.67316943407059 2.3803762793541 2.10103493928909 1.83812928199768 1.81329452991486 1.85969477891922 1.59505945444107 1.59256571531296 1.49158349633217 1.25642171502113 1.36335673928261 1.44194027781487 1.82018548250198 2.42818719148636 3.59370839595795 3.83860516548157 5.20649707317352 5.74439549446106 4.78958237171173 4.50025427341461 4.09609365463257 5.76282906532288 9.40042090415955 15.2076609134674 6.14587806383769 -9999 -9999 -9999 -9999 -9999 -9999 -9999 -9999 -9999 -9999 -9999 -9999 -9999 -9999 -9999 -9999 -9999 -9999 -9999 -9999 -9999 -9999 -9999 -9999 -9999 -9999 -9999 -9999 -9999 -9999 -9999
4.1207138299942 3.99429452419281 4.24399352073669 3.88637244701385 3.77611112594604 3.31387066841125 2.80006206035614 2.53054869174957 2.64207601547241 2.45601743459702 2.21652299165726 1.54918420314789 1.49122649431229 1.44979423284531 1.34190747141838 1.58653718233109 1.76714551448822 3.98178434371948 7.73266696929932 8.69501280784607 7.52926111221313 7.29656195640564 7.94593691825867 7.12157320976257 6.24083089828491 6.10833621025085 6.64241409301758 7.66518759727478 10.1257438659668 12.1293969154358 26.6571714878082 9.42726036480495 -9999 -9999 -9999 -9999 -9999 -9999 35.377464956312 12.6942715644836 -9999 -9999 -9999 -9999 -9999 -9999 -9999 -9999 -9999 -9999 -9999 -9999 -9999 -9999 -9999 -9999 -9999 -9999 -9999 -9999 -9999 -9999
4.81678783893585 4.9981073141098 6.37559509277344 4.6055520772934 4.30017077922821 4.13730621337891 10.0994423627853 3.36801087856293 3.22122001647949 2.2715220451355 1.84995228052139 1.57093942165375 1.56067192554474 1.50554019212723 1.47786596417427 1.61210095882416 3.90540540218353 11.451963186264 8.53185081481934 9.4740264415741 11.3839559555054 10.454761505127 10.8293688297272 8.66930150985718 6.45432114601135 6.78622126579285 6.20293951034546 8.82209157943726 9.72918963432312 16.0764305591583 10.1298478756632 3.42093944549561 -9999 -9999 -9999 -9999 -9999 -9999 -9999 -9999 -9999 -9999 -9999 -9999 -9999 -9999 -9999 -9999 -9999 -9999 -9999 -9999 -9999 -9999 -9999 -9999 -9999 -9999 -9999 -9999 -9999 -9999
-9999 -9999 -9999 -9999 -9999 4.23595430976466 4.75870585441589 4.23202121257782 2.9473859667778 1.87366354465485 1.72749817371368 1.6646745800972 1.96695077419281 2.55617398023605 2.86355620622635 2.95288342237473 4.51631534099579 5.5846095085144 4.46273624897003 11.0322110652924 12.3049578666687 13.3237566947937 13.462619304657 10.2986927032471 7.6332049369812 9.28415358066559 -9999 -9999 -9999 -9999 -9999 -9999 -9999 -9999 -9999 -9999 -9999 -9999 -9999 -9999 -9999 -9999 -9999 -9999 -9999 -9999 -9999 -9999 -9999 -9999 -9999 -9999 -9999 -9999 -9999 -9999 -9999 -9999 -9999 -9999 -9999 -9999
-9999 -9999 -9999 -9999 -9999 -9999 4.37978553771973 3.2958208322525 2.02943998575211 1.77298271656036 1.94901591539383 3.21396088600159 3.09093976020813 2.68512600660324 2.65930956602097 4.0940408706665 4.73540318012238 10.7193095684052 12.450355052948 15.8941140174866 21.6294565200806 19.8973531723022 21.1550731658936 3.14161066601916 -9999 -9999 -9999 -9999 -9999 -9999 -9999 -9999 -9999 -9999 -9999 -9999 -9999 -9999 -9999 -9999 -9999 -9999 -9999 -9999 -9999 -9999 -9999 -9999 -9999 -9999 -9999 -9999 -9999 -9999 -9999 -9999 -9999 -9999 -9999 -9999 -9999 -9999
