EcologicalScience/Bass/data/rs_data_bass/chl_99.asc
NCOLS 226 
NROWS 124 
XLLCORNER -9.41648524995501 
YLLCORNER 47.587301625531 
CELLSIZE 0.0833 
NODATA_value -9999 
[rows 81 to 107 of 124, columns 62 to 123 of 226]
3.85158455371857 5.97498106956482 7.6620512008667 7.66205191612244 -9999 -9999 -9999 -9999 -9999 -9999 -9999 -9999 -9999 -9999 -9999 -9999 -9999 -9999 -9999 -9999 -9999 -9999 -9999 -9999 -9999 -9999 -9999 -9999 -9999 -9999 -9999 -9999 -9999 -9999 -9999 -9999 -9999 -9999 -9999 -9999 -9999 -9999 -9999 -9999 -9999 -9999 -9999 -9999 -9999 -9999 -9999 -9999 -9999 -9999 -9999 -9999 -9999 -9999 -9999 -9999 -9999 -9999
2.84491252031141 -9999 -9999 -9999 -9999 -9999 -9999 -9999 -9999 -9999 -9999 -9999 -9999 -9999 -9999 -9999 -9999 -9999 -9999 -9999 -9999 -9999 -9999 -9999 -9999 -9999 -9999 -9999 -9999 -9999 -9999 -9999 -9999 -9999 -9999 -9999 -9999 -9999 -9999 -9999 -9999 -9999 -9999 -9999 -9999 -9999 -9999 -9999 -9999 -9999 -9999 -9999 -9999 -9999 -9999 -9999 -9999 -9999 -9999 -9999 -9999 -9999
-9999 -9999 -9999 -9999 -9999 -9999 -9999 -9999 -9999 -9999 -9999 -9999 -9999 -9999 -9999 -9999 -9999 -9999 -9999 -9999 -9999 -9999 -9999 -9999 -9999 -9999 -9999 -9999 -9999 -9999 -9999 -9999 -9999 -9999 -9999 -9999 -9999 -9999 -9999 -9999 -9999 -9999 -9999 -9999 -9999 -9999 -9999 -9999 -9999 -9999 -9999 -9999 -9999 -9999 -9999 -9999 -9999 -9999 -9999 -9999 -9999 -9999
-9999 -9999 -9999 -9999 -9999 -9999 -9999 -9999 -9999 -9999 -9999 -9999 -9999 -9999 -9999 -9999 -9999 -9999 -9999 -9999 -9999 -9999 -9999 -9999 -9999 -9999 -9999 -9999 -9999 -9999 -9999 -9999 -9999 -9999 -9999 -9999 -9999 -9999 -9999 -9999 -9999 -9999 -9999 -9999 -9999 -9999 -9999 -9999 -9999 -9999 -9999 -9999 -9999 -9999 -9999 -9999 -9999 2.71880664569991 3.4095240354538 3.11580723524094 3.02596127986908 3.04817926883698
-9999 -9999 -9999 -9999 -9999 -9999 -9999 -9999 -9999 -9999 -9999 -9999 -9999 -9999 -9999 -9999 -9999 -9999 -9999 -9999 -9999 -9999 -9999 -9999 -9999 -9999 -9999 -9999 -9999 -9999 -9999 -9999 -9999 -9999 -9999 -9999 37.1749906539917 -9999 2.39609625935555 3.4824291306573 -9999 -9999 1.83361192047596 1.99688851833344 1.93877139687538 2.11612388491631 2.17368820309639 2.42572394013405 2.72020563483238 2.8902862071991 2.94836363196373 2.81970539689064 -9999 -9999 -9999 3.50830981135368 3.40011137723923 3.02763041853905 3.13095554709435 3.03792598843575 2.90597623586655 2.88940680027008
-9999 -9999 -9999 -9999 -9999 -9999 -9999 -9999 -9999 -9999 -9999 -9999 -9999 3.59956310435039 2.3135371953249 1.91355255246162 1.4165970236063 1.26338812708855 1.12509450316429 -9999 -9999 -9999 -9999 -9999 -9999 -9999 -9999 -9999 2.75929886102676 3.22755897045135 3.36766934394836 3.52415919303894 -9999 3.66949796676636 -9999 -9999 -9999 -9999 2.34971925616264 2.41543087363243 2.50568845868111 2.30926162004471 2.1399213373661 2.06341275572777 1.99994288384914 2.13015447556973 2.20724657177925 2.43753933906555 2.5587465763092 2.68454852700233 2.87318855524063 2.95863085985184 3.19510138034821 3.27549308538437 3.26236948370934 3.33125585317612 3.24993342161179 2.94359019398689 2.6745952963829 2.48808753490448 2.11748242378235 2.18308013677597
-9999 -9999 -9999 -9999 -9999 -9999 -9999 -9999 -9999 -9999 3.02392331063747 2.42644840478897 1.94204664230347 1.67878729104996 1.44805347919464 2.08347862958908 1.47659151256084 1.50135981291533 1.71306969970465 1.81032805144787 5.69573628902435 -9999 2.26288577570365 2.28700276357787 2.64781516919965 -9999 -9999 2.88338401913643 3.02796524763107 2.97954270243645 3.03433281183243 3.14627248048782 3.19022816419601 3.05746731162071 -9999 -9999 2.38779601454735 2.32811161875725 2.44746145606041 2.3238183259964 2.2830071747303 2.19569402933121 2.05746066570282 1.91073524951935 1.80570486187935 1.86408148705959 2.09265607595444 2.19315898418427 2.17624944448471 2.30713427066803 2.26200377941132 2.29876989126205 2.2999075949192 2.43766576051712 2.47698560357094 2.57411214709282 2.39453136920929 1.9206285327673 1.81959593296051 1.68350663781166 1.58679865300655 1.60714615881443
-9999 -9999 -9999 -9999 -9999 -9999 -9999 -9999 -9999 2.04881358146667 1.97187522053719 1.71229836344719 1.44651094079018 1.50613537430763 1.5443786457181 1.60628740489483 1.74450919032097 1.65770325064659 1.73491045832634 1.80434846878052 1.91351790726185 1.65022394236396 2.2158217728138 2.26455420255661 2.22309002280235 2.18555662035942 2.42910343408585 2.80299863219261 2.75609135627747 2.82701030373573 2.86977562308311 2.8908574283123 2.84329238533974 2.76994237303734 2.83501946926117 2.77675205469131 2.72494867444038 2.68228116631508 2.36661261320114 2.25690820813179 2.0543058514595 1.96936422586441 1.82971456646919 1.69474947452545 1.60717615485191 1.54980826377869 1.66861014068127 1.71492603421211 1.67455610632896 1.613898396492 1.64976489543915 1.70519918203354 1.7705343067646 1.60488975048065 1.58121111989021 1.62909266352654 1.49911880493164 1.28352932631969 1.23644663393497 1.22039513289928 1.38665623962879 1.55329987406731
-9999 -9999 -9999 -9999 -9999 -9999 -9999 -9999 -9999 1.46485367417336 1.39738980531693 1.36672872304916 1.26540946960449 1.37138964235783 1.15631297230721 1.17281752824783 1.32675847411156 1.42420198023319 1.59538279473782 1.69592437148094 1.80014884471893 1.81822952628136 1.72422516345978 1.64303398132324 2.04730877280235 1.91593238711357 1.73686051368713 2.3104732632637 2.46474596858025 2.54214531183243 2.55626884102821 2.44606992602348 2.32816609740257 2.28908702731133 2.28789746761322 2.30494049191475 2.35334140062332 2.31863808631897 2.18139374256134 2.12702921032906 2.018236130476 1.87934330105782 1.49357137084007 1.44292236864567 1.38573785126209 1.61737234890461 1.37480400502682 1.4005218744278 1.31184335052967 1.22704915702343 1.24064438045025 1.16396733373404 1.17072524875402 1.24818822741508 1.11105224490166 1.09357613325119 1.03756687045097 1.02374584972858 1.0765972584486 1.19651252031326 1.60586097836494 1.58104348182678
-9999 -9999 -9999 -9999 -9999 -9999 -9999 -9999 -9999 1.37213663756847 1.32666058838367 1.63000316619873 1.35289067029953 1.09376383423805 1.10907700657845 0.815838754177094 0.837874889373779 1.04470378160477 1.25603473186493 1.43393048644066 1.57196438312531 1.6802936643362 1.73419842123985 1.63358545303345 1.97674879431725 1.97237402200699 2.0492984354496 2.27427631616592 2.38218972086906 2.41888126730919 2.36823409795761 2.27219250798225 2.28646722435951 2.26812145113945 2.25215211510658 2.3024887740612 2.31052163243294 2.27425763010979 2.1158766746521 2.01892465353012 1.88031792640686 1.7757334113121 1.42882879078388 1.31767652928829 1.19807177782059 1.21075536310673 1.36594654619694 1.35519750416279 0.845502734184265 0.908391773700714 0.710044795274734 0.654384452104569 0.654622495174408 0.667392015457153 0.693345010280609 0.74601024389267 0.858410596847534 1.08262125402689 1.15216724574566 0.495752245187759 1.41839893162251 1.7757723480463
0.8153514303267 0.840790517628193 1.03943212330341 1.30615738034248 -9999 -9999 -9999 1.91382571137868 1.86920227110386 1.6286595761776 1.27978700399399 1.28845971822739 1.27122339606285 1.27139885723591 1.12257640063763 0.749499455094337 0.831660769879818 0.720833256840706 1.09277072548866 1.08635398745537 1.22648026049137 1.23982053995132 1.3052212446928 1.33304513990879 1.36793513596058 1.55251353979111 1.38611774146557 1.42377904057503 1.61973443627357 1.8354307115078 1.99148368835449 1.99113151431084 2.06722310185432 2.18795290589333 2.23961663246155 2.20893636345863 2.1722197830677 2.09181261062622 1.9580400288105 1.92117789387703 1.8950569331646 1.81195423007011 1.63242343068123 1.45903837680817 1.29505835473537 1.18372238427401 1.19015847891569 1.18065936863422 1.14739684760571 1.04048176109791 0.95157752931118 0.623334765434265 0.639225244522095 0.588862055540085 0.599917817115784 0.681831508874893 0.898535259068012 0.884423241019249 0.917328760027885 0.931978113949299 1.12049502134323 2.18583235144615
0.611701503396034 0.800095148384571 0.904241636395454 1.10877035558224 1.38291466981173 1.33109021186829 1.56422285735607 1.40529933571815 1.39972648769617 1.36806037276983 1.31670190393925 1.31414888799191 1.33242975175381 1.27695183455944 0.960546746850014 0.577576853334904 0.645986996591091 0.767255611717701 0.925076633691788 0.950164496898651 0.931735888123512 0.9290816411376 0.965544015169144 0.937004238367081 0.951547130942345 1.07972699403763 1.13221836090088 1.18349133431911 1.50177790224552 1.73822249472141 1.79868972301483 1.90981838107109 1.96757018566132 2.05239790678024 2.0015594959259 1.97376483678818 1.94533717632294 1.84768983721733 1.70768849551678 1.53709910809994 1.27677936851978 1.17930749058723 0.832209229469299 0.795796245336533 1.13054209202528 1.1048778668046 1.57691929489374 1.34804208576679 1.43266126513481 0.62068138718605 0.629765868186951 0.634179979562759 0.62203693985939 0.634312498569489 0.697302460670471 0.876286514103413 0.829038754105568 0.837589502334595 0.93969451636076 1.09305073320866 1.01022127270699 1.27742320299149
0.743512306362391 0.798238500952721 0.584925010800362 1.286138266325 1.27325476706028 1.17930601537228 1.23210413753986 1.25423401594162 1.25615809857845 1.31370712816715 1.35498900711536 1.32925951480865 1.3009124994278 1.13486719876528 0.615185625851154 0.638541005551815 0.629538752138615 0.771591000258923 0.913615487515926 0.883065350353718 0.882648378610611 0.916072502732277 0.926272138953209 0.943991616368294 0.966371610760689 0.925757244229317 0.925753086805344 0.949859619140625 1.33154551684856 1.61693027615547 1.6792938709259 1.59948264062405 1.4662960767746 1.48599489033222 1.57208995521069 1.46728840470314 1.35007202625275 1.31718747317791 1.30073292553425 1.11022315174341 1.08773703128099 1.01080200076103 0.936008624732494 0.934712626039982 0.904414862394333 0.901356361806393 0.610792940855026 0.599912703037262 0.601945495605469 0.602690011262894 0.623662340641022 0.586362916231155 0.569626200199127 0.625281000137329 0.639022797346115 0.719462245702744 0.764598488807678 0.790412485599518 1.05816862732172 0.767778754234314 1.02780976891518 1.18374800682068
0.723159903287887 1.11104509234428 0.619226261973381 0.519559487700462 0.555158257484436 0.552189007401466 0.623007014393806 1.0049399882555 1.09801273047924 1.11829800903797 1.17122103273869 1.12844476103783 0.998353108763695 0.710038244724274 0.796007260680199 0.714597746729851 0.597967498004436 0.641845129430294 0.862714894115925 0.862889617681503 0.865801870822906 0.879219733178616 0.906577885150909 0.992166772484779 0.970964223146439 0.95481450855732 0.944037348031998 0.975528359413147 1.03821261227131 1.0958027690649 1.01106202602386 0.861909493803978 0.861604779958725 0.913061633706093 0.723188728094101 0.774074256420135 0.800217241048813 0.734955251216888 0.714780241250992 0.709741741418839 0.688308507204056 0.674898758530617 0.906825363636017 0.891781859099865 0.662568479776382 0.856752388179302 0.601054757833481 0.574693214893341 0.507741737365723 0.605059742927551 0.595058870315552 0.591720736026764 0.63053834438324 0.691396808624268 0.623199492692947 0.677863746881485 0.69471949338913 0.71933451294899 0.895902000367641 0.92817335575819 1.46460649371147 1.78579902648926
0.691310651600361 0.713516805320978 0.691933383162205 0.690784558653831 0.766363866627216 0.754727616906166 0.758097007870674 0.835404016077518 0.798127144575119 0.815165251493454 0.82397286593914 0.818004369735718 0.836905494332314 0.820853993296623 0.861552760004997 0.831762000918388 0.823488369584084 0.857383891940117 0.886678129434586 0.88238288462162 0.864906392991543 0.89426402002573 0.930774003267288 0.984086617827415 1.12463699281216 0.754431247711182 0.749705247581005 0.712235495448112 0.820721507072449 0.961411491036415 0.835230976343155 0.754577726125717 0.889347493648529 0.833648234605789 0.87941500544548 0.883769989013672 0.877491265535355 0.845099478960037 0.771335750818253 0.744681745767593 0.723216235637665 0.683519244194031 0.9187241345644 0.903188623487949 0.858700476586819 0.874092735350132 0.857208363711834 0.640639752149582 0.671845480799675 0.575250506401062 0.614487260580063 0.630298227071762 0.491924732923508 0.61141249537468 0.613674744963646 0.634578734636307 0.720035761594772 0.780559509992599 0.834702730178833 0.967885732650757 1.07179570198059 1.18130874633789
0.54126001149416 0.542540989816189 0.582759739114688 0.625846859067678 0.581254497170448 0.58313175290823 0.578478388488293 0.601354882121086 0.660370498895645 0.632500872015953 0.643456868827343 0.698094740509987 0.72297752648592 0.746682375669479 0.77511752396822 0.613237515091896 0.797478742897511 0.84019723534584 0.866791874170303 0.891972005367279 0.87201489508152 0.655897989869118 0.628395989537239 0.65608648955822 0.777275741100311 0.787257254123688 0.781992298364639 0.846733796596527 0.883580839633942 1.00619551539421 1.04304423928261 0.973137736320496 0.891178280115128 0.861352503299713 0.865808755159378 0.904319763183594 0.963875472545624 0.972539752721786 0.936079144477844 0.896266788244247 0.855437755584717 0.959467492997646 0.948083259165287 0.931796260178089 0.881839133799076 0.861945748329163 0.862409971654415 0.868155352771282 0.856816872954369 0.641350507736206 0.634531736373901 0.628736227750778 0.630200982093811 0.640932373702526 0.724669247865677 0.811205238103867 1.15903997421265 1.39740797877312 1.38038748502731 1.34084677696228 1.60791148245335 2.16215297476999
0.440545745193958 0.564090549945831 0.568438488990068 0.575594432651997 0.488282740116119 0.530390247702599 0.52394063025713 0.5539256259799 0.58798011392355 0.573490127921104 0.582358494400978 0.616315126419067 0.641005508601665 0.696035273373127 0.715319260954857 0.775699518620968 0.688541769981384 0.681334733963013 0.600712493062019 0.596893012523651 0.633375495672226 0.659500494599342 0.698598749935627 0.716148756444454 0.871385008096695 0.983472865819931 1.01995950937271 1.10283401608467 1.12333595752716 1.13274917006493 0.949262470006943 1.00300273299217 1.14732801914215 1.15463724732399 1.11996749043465 1.03819301724434 1.00072577595711 0.868093885481358 0.838973253965378 0.927380606532097 0.978350982069969 0.882201507687569 0.838830001652241 0.907576516270638 0.88313926756382 0.909442506730556 0.918398626148701 0.894291378557682 0.891630358994007 0.911656111478806 0.875936977565289 0.992819219827652 0.944287844002247 1.20975601673126 1.29918125271797 1.47186249494553 1.90784042421049 -9999 -9999 -9999 -9999 -9999
0.515967361629009 0.490042112767696 0.482580006122589 0.468278996646404 0.461551487445831 0.448641262948513 0.446338757872581 0.529890645008821 0.557098880410194 0.542469374835491 0.53973526507616 0.556228883564472 0.585807748138905 0.599423982203007 0.557046018540859 0.565409235656261 0.543614611029625 0.598982244729996 0.628096237778664 0.884754739701748 0.938690979033709 0.86131027340889 0.936460226774216 0.955986514687538 1.04273278824985 1.00217097997665 1.32217172384262 1.54856523871422 1.57703958749771 1.73675033875874 1.79100155830383 1.23156559467316 1.48757019639015 1.38127675652504 1.12106922268867 0.993058115243912 1.02117490768433 1.00676024705172 0.970007635653019 0.946348495781422 0.872750602662563 0.939569726586342 1.01547186076641 0.980129644274712 0.975895509123802 0.989838749170303 0.948000736534595 0.978633493185043 0.910101391375065 1.16433338820934 1.31318020820618 1.36389563977718 1.26695996522903 1.67198574542999 1.93458588299204 -9999 -9999 -9999 -9999 -9999 -9999 -9999
0.452113129198551 0.452314496040344 0.517752510996965 0.490008199587464 0.525344376380627 0.51409747164983 0.559736946454415 0.453729811769265 0.337755746566332 0.360424496233463 0.540646858513355 0.512341886758804 0.507805109024048 0.503435254096985 0.511556625366211 0.4980513677001 0.547340244054794 0.616671368479729 0.784103259444237 0.86668049544096 0.84680063277483 1.02256648242474 0.901194021105766 0.864416241645813 0.878732621669769 0.980156242847443 1.23481661081314 1.3405512213707 1.88747370243073 -9999 -9999 -9999 -9999 -9999 -9999 3.14426672458649 1.53997026596751 1.16259849071503 1.18646501004696 1.23673328757286 1.11789147555828 1.18246448040009 1.13287798315287 1.06433138251305 1.01115003228188 1.06474274396896 1.05553123354912 1.0393477678299 1.15489576756954 1.32114560902119 1.19362848997116 1.30941250920296 2.24561490118504 1.9762424826622 1.97624230384827 -9999 -9999 -9999 -9999 -9999 -9999 -9999
0.469165243208408 0.498291738331318 0.523434763917556 0.511706406107316 0.471160655984512 0.458178702455301 0.400734756141901 0.334387503564358 0.333520501852036 0.420365236699581 0.414171740412712 0.512497141957283 0.533449128270149 0.537907876074314 0.549734249711037 0.580940254032612 0.576647982001305 0.605256378650665 0.83688410371542 0.966576352715492 0.989181727170944 1.0370722413063 1.08805653452873 0.98378736153245 0.937210500240326 0.979065746068954 1.19999004261834 1.76485944539309 1.74047332688382 -9999 -9999 -9999 -9999 -9999 -9999 -9999 1.3445411835398 1.37682526026453 1.25308272242546 1.09520550817251 1.13061755150557 1.00150913000107 0.994861856102943 1.15854634344578 1.16531400382519 1.17333528399467 1.11726786196232 1.0786826312542 1.29594302177429 1.62322729825974 2.04940694570541 2.00572526454926 -9999 -9999 -9999 -9999 -9999 -9999 -9999 -9999 -9999 -9999
0.533617051748129 0.337366998195648 0.4302858710289 0.331201493740082 0.316428378224373 0.3614058829844 0.371990986168385 0.369938615709543 0.274958990514278 0.558010116219521 0.555738754570484 0.497965961694717 0.570997126400471 0.508268997073174 0.552879363298416 0.602034755051136 0.635335117578506 0.725403003394604 0.869275487959385 1.11203829309728 -9999 1.29334157862161 1.11805091612041 0.989860117435455 1.06684106960893 0.924889862537384 1.16673260501453 1.2824222445488 1.47647445201874 -9999 -9999 -9999 -9999 -9999 -9999 -9999 2.74549216032028 1.44471903358187 2.07194253802299 1.31983686983585 0.972010523080826 0.994091510772705 0.995621740818024 1.1689477711916 1.383968770504 1.23084412515163 1.16148975491524 1.14603674411774 1.33117836713791 1.88055038452148 1.90790131688118 2.51612508296967 3.49834684949172 -9999 -9999 -9999 -9999 -9999 -9999 -9999 -9999 -9999
0.373062238097191 0.440594248473644 0.410376749932766 0.308725798130035 0.306453377008438 0.341260123997927 0.421899132430553 0.404431745409966 0.39223450422287 0.47189524769783 0.566969856619835 0.577542605996132 0.606056097149849 0.651835656166077 0.633883506059647 0.636988140642643 0.696543753147125 0.643810003995895 0.766961261630058 0.814784623682499 0.659618820995092 0.54704811796546 0.604801118373871 1.22618664801121 1.26369528472424 1.29067575931549 1.29988742619753 1.53027296662331 1.69618663787842 1.9478043142487 -9999 -9999 -9999 -9999 -9999 -9999 -9999 3.32277512032053 20.1437676056572 5.54957181215286 1.74694876670837 1.72820461392403 1.80315726995468 2.38064959645271 2.16002511978149 1.64361718297005 1.73294743895531 1.47396847605705 1.72461098432541 2.11779725551605 2.03606441617012 2.50327934324741 3.12417369612147 -9999 -9999 -9999 -9999 -9999 -9999 -9999 -9999 -9999
0.458277381956577 0.463677383959293 0.449158877134323 0.426953122019768 0.416327990591526 0.405919499695301 0.46989598274231 0.473569491505623 0.486493787169457 0.527801987528801 0.610147190093994 0.617094460129738 0.646621799468994 0.666478925943375 0.653656862676144 0.645773246884346 0.597966745495796 0.618862509727478 0.616389766335487 0.589199259877205 0.566366016864777 0.631169624626637 0.778967633843422 1.35860815644264 1.3658077865839 1.2621063888073 1.07786471396685 1.05877541005611 1.28309570252895 1.64303733408451 -9999 -9999 -9999 -9999 -9999 -9999 -9999 -9999 -9999 -9999 -9999 -9999 -9999 -9999 -9999 -9999 3.65490746498108 2.45353576540947 2.42188835144043 3.87725712571825 -9999 -9999 -9999 -9999 -9999 -9999 -9999 -9999 -9999 -9999 -9999 -9999
0.447640240192413 0.447733737528324 0.442591890692711 0.380981616675854 0.363843742758036 0.328702501952648 0.330310497432947 0.505178394913673 0.51781799197197 0.54031665623188 0.59962665438652 0.504176497459412 0.635288107395172 0.59604187309742 0.600678361952305 0.635567620396614 0.649742983281612 0.6197369992733 0.607264123857021 0.515547260642052 0.527083992958069 0.64640000462532 0.949419781565666 0.935126071976077 -9999 -9999 -9999 1.32446251809597 1.33008203655481 1.34698464721441 1.47220543622971 -9999 -9999 -9999 -9999 -9999 -9999 -9999 -9999 -9999 -9999 -9999 -9999 -9999 -9999 -9999 -9999 -9999 -9999 -9999 -9999 -9999 -9999 -9999 -9999 -9999 -9999 -9999 -9999 -9999 -9999 -9999
0.490217491984367 0.519990757107735 0.498544499278069 0.376344881951809 0.398754304647446 0.408388942480087 0.450670212507248 0.518349453806877 0.535052981972694 0.570149409770966 0.49838450551033 0.505214244127274 0.620628154277802 0.585980068892241 0.57841520011425 0.634828492999077 0.639415875077248 0.65683351457119 0.671567268669605 0.639946103096008 0.564089000225067 0.590900748968124 1.00569373369217 1.30867686867714 1.31535221636295 1.21812562644482 1.0146558880806 1.36950449645519 1.33592437952757 1.29264429956675 1.50917328894138 2.37010801030744 -9999 -9999 -9999 -9999 -9999 -9999 -9999 -9999 -9999 -9999 -9999 -9999 -9999 -9999 -9999 -9999 -9999 -9999 -9999 -9999 -9999 -9999 -9999 -9999 -9999 -9999 -9999 -9999 -9999 -9999
0.51664973795414 0.487559638917446 0.517481610178947 0.511102356016636 0.495631366968155 0.501509487628937 0.503605514764786 0.569900268316269 0.558673501014709 0.572639986872673 0.575899988412857 0.740460759401321 0.578992754220963 0.557032242417336 0.612813390791416 0.618243366479874 0.603848431259394 0.701734900474548 0.688307985663414 0.542869254946709 0.573464512825012 0.811924517154694 0.870927773416042 0.833102971315384 1.02362886071205 1.01722273975611 0.578799739480019 1.40248013287783 1.19468699768186 1.07804815471172 1.59132559597492 2.82267594337463 -9999 -9999 -9999 -9999 -9999 -9999 -9999 -9999 -9999 -9999 -9999 -9999 -9999 -9999 -9999 -9999 -9999 -9999 -9999 -9999 -9999 -9999 -9999 -9999 -9999 -9999 -9999 -9999 -9999 -9999
0.516644760966301 0.547365240752697 0.563535615801811 0.577508762478828 0.57525148242712 0.583003950119019 0.564176499843597 0.602077260613441 0.608066007494926 0.63359522819519 0.665928483009338 0.794280588626862 0.843841016292572 0.824239999055862 0.764780867099762 0.729940317571163 0.709742613136768 0.686044134199619 0.542367503046989 0.571784242987633 0.602286010980606 0.83482912927866 0.894370503723621 0.952940225601196 1.21061928570271 1.21617449820042 0.616063490509987 0.948847107589245 0.998838767409325 0.986118771135807 1.51858165115118 -9999 -9999 -9999 -9999 -9999 -9999 -9999 -9999 -9999 -9999 -9999 -9999 -9999 -9999 -9999 -9999 -9999 -9999 -9999 -9999 -9999 -9999 -9999 -9999 -9999 -9999 -9999 -9999 -9999 -9999 -9999
