EcologicalScience/Bass/data/rs_data_bass/chl_241.asc
NCOLS 226 
NROWS 124 
XLLCORNER -9.41648524995501 
YLLCORNER 47.587301625531 
CELLSIZE 0.0833 
NODATA_value -9999 
[rows 81 to 107 of 124, columns 62 to 123 of 226]
3.85158455371857 5.97498106956482 7.6620512008667 7.66205191612244 -9999 -9999 -9999 -9999 -9999 -9999 -9999 -9999 -9999 -9999 -9999 -9999 -9999 -9999 -9999 -9999 -9999 -9999 -9999 -9999 -9999 -9999 -9999 -9999 -9999 -9999 -9999 -9999 -9999 -9999 -9999 -9999 -9999 -9999 -9999 -9999 -9999 -9999 -9999 -9999 -9999 -9999 -9999 -9999 -9999 -9999 -9999 -9999 -9999 -9999 -9999 -9999 -9999 -9999 -9999 -9999 -9999 -9999
3.03198916703752 -9999 -9999 -9999 -9999 -9999 -9999 -9999 -9999 -9999 -9999 -9999 -9999 -9999 -9999 -9999 -9999 -9999 -9999 -9999 -9999 -9999 -9999 -9999 -9999 -9999 -9999 -9999 -9999 -9999 -9999 -9999 -9999 -9999 -9999 -9999 -9999 -9999 -9999 -9999 -9999 -9999 -9999 -9999 -9999 -9999 -9999 -9999 -9999 -9999 -9999 -9999 -9999 -9999 -9999 -9999 -9999 -9999 -9999 -9999 -9999 -9999
-9999 -9999 -9999 -9999 -9999 -9999 -9999 -9999 -9999 -9999 -9999 -9999 -9999 -9999 -9999 -9999 -9999 -9999 -9999 -9999 -9999 -9999 -9999 -9999 -9999 -9999 -9999 -9999 -9999 -9999 -9999 -9999 -9999 -9999 -9999 -9999 -9999 -9999 -9999 -9999 -9999 -9999 -9999 -9999 -9999 -9999 -9999 -9999 -9999 -9999 -9999 -9999 -9999 -9999 -9999 -9999 -9999 -9999 -9999 -9999 -9999 -9999
-9999 -9999 -9999 -9999 -9999 -9999 -9999 -9999 -9999 -9999 -9999 -9999 -9999 -9999 -9999 -9999 -9999 -9999 -9999 -9999 -9999 -9999 -9999 -9999 -9999 -9999 -9999 -9999 -9999 -9999 -9999 -9999 -9999 -9999 -9999 -9999 -9999 -9999 -9999 -9999 -9999 -9999 -9999 -9999 -9999 -9999 -9999 -9999 -9999 -9999 -9999 -9999 -9999 -9999 -9999 -9999 -9999 17.7554044255189 5.95394039154053 5.14010775089264 8.6906054019928 7.49104285240173
-9999 -9999 -9999 -9999 -9999 -9999 -9999 -9999 -9999 -9999 -9999 -9999 -9999 -9999 -9999 -9999 -9999 -9999 -9999 -9999 -9999 -9999 -9999 -9999 -9999 -9999 -9999 -9999 -9999 -9999 -9999 -9999 -9999 -9999 -9999 -9999 37.1749906539917 -9999 4.26629555225372 4.46414744853973 -9999 -9999 8.52433705329895 15.015242099762 3.33470177650452 5.61894536018372 3.19685983657837 1.49030622839928 1.90850847959518 1.98800700902939 1.35701921582222 1.59753900766373 -9999 -9999 -9999 10.02280408144 4.29286801815033 3.83285629749298 6.96933960914612 8.63186645507812 4.47535049915314 2.20640395581722
-9999 -9999 -9999 -9999 -9999 -9999 -9999 -9999 -9999 -9999 -9999 -9999 -9999 1.39941005002369 3.31131541728973 2.22246158123016 2.00729316473007 2.02692067623138 1.12509450316429 -9999 -9999 -9999 -9999 -9999 -9999 -9999 -9999 -9999 3.02040208876133 3.30683040618896 3.39407157897949 3.48176693916321 -9999 3.66949796676636 -9999 -9999 -9999 -9999 5.22454440593719 6.22299957275391 7.27000379562378 5.48535740375519 5.29230523109436 5.7571656703949 6.33789324760437 4.33909571170807 3.17970013618469 2.68161374330521 2.54408025741577 3.25019252300262 3.33131182193756 3.66305243968964 2.97732675075531 1.89772045612335 1.96731072664261 2.83076405525208 3.26146423816681 2.52865201234818 2.48117923736572 2.13347321748734 1.13596424460411 0.830195993185043
-9999 -9999 -9999 -9999 -9999 -9999 -9999 -9999 -9999 -9999 5.66508366232333 5.90352916717529 3.65277135372162 2.47425377368927 1.80645596981049 1.53198820352554 1.47206997871399 1.66695231199265 1.7750962972641 1.47447896003723 3.41613175147083 -9999 1.44536121828215 1.44270077347755 1.24416822195053 -9999 -9999 1.75062757730484 2.62332004308701 2.52968108654022 2.81962430477142 2.97702223062515 3.05885553359985 3.16822957992554 -9999 -9999 3.23616996589972 4.55380868911743 5.42518579959869 6.14689064025879 4.49476289749146 3.27171742916107 2.14022022485733 2.20808243751526 2.46709799766541 2.00237095355988 1.86827480792999 2.01673579216003 1.87814247608185 2.04763877391815 2.30576026439667 2.51350504159927 2.83707082271576 3.35871684551239 2.84386879205704 2.28386253118515 2.13441145420074 2.29199481010437 2.1490695476532 1.98140627145767 0.828434228897095 0.793090492486954
-9999 -9999 -9999 -9999 -9999 -9999 -9999 -9999 -9999 4.93102562427521 3.60136127471924 2.14702874422073 1.50014930963516 1.23400497436523 1.13752573728561 1.06360271573067 1.10663849115372 1.10597929358482 1.08789825439453 1.14626625180244 1.27353671193123 1.62373430728912 1.5313373208046 1.65496569871902 1.75002819299698 1.85279023647308 1.97434043884277 1.87407141923904 1.9332389831543 2.20591646432877 2.45958441495895 3.00019955635071 3.19313406944275 3.12431037425995 3.31638443470001 3.32910883426666 3.15048372745514 3.03473854064941 3.11620724201202 3.29491281509399 2.73317402601242 2.41427475214005 1.86863708496094 1.64257568120956 1.88659876585007 1.46748304367065 1.41064050793648 1.32552149891853 1.27042651176453 1.27563151717186 1.16718301177025 1.23643353581429 1.58385372161865 1.82644128799438 1.93682098388672 1.92405527830124 1.8709289431572 1.7463464140892 1.55337524414062 1.37588176131248 1.13254648447037 0.912024021148682
-9999 -9999 -9999 -9999 -9999 -9999 -9999 -9999 -9999 2.68421316146851 1.7839087843895 1.15849426388741 0.848121017217636 0.786974966526031 0.801606774330139 0.817319244146347 0.936158984899521 0.906538456678391 0.875893503427505 0.963660031557083 1.0908217728138 1.24770221114159 1.31907150149345 1.59862804412842 1.69910699129105 1.68313801288605 1.66009658575058 1.53322058916092 1.54163557291031 1.63326966762543 1.8177689909935 2.34108603000641 2.77185755968094 2.74114197492599 3.15024447441101 3.12385582923889 3.02809345722198 2.95098155736923 2.83566516637802 2.68806141614914 2.40536391735077 2.140833735466 2.01664352416992 1.78844171762466 1.37621247768402 1.1444925069809 1.02872997522354 0.918391495943069 0.889178216457367 0.980383515357971 1.13483548164368 1.33770677447319 1.41447973251343 1.37113729119301 1.53632694482803 1.69100099802017 1.61445897817612 1.46601301431656 1.30838254094124 1.1139472424984 0.956014484167099 1.25300028920174
-9999 -9999 -9999 -9999 -9999 -9999 -9999 -9999 1.61516078895536 1.30781704187393 1.11377772688866 0.938400775194168 0.894572228193283 0.791785508394241 0.791127741336823 0.783970534801483 0.811188787221909 0.939272224903107 1.04152125120163 1.00212371349335 1.07487371563911 1.13308122754097 1.23215773701668 1.32669228315353 1.46210020780563 1.47359776496887 1.35357150435448 1.30638375878334 1.31796151399612 1.38851702213287 1.60792583227158 1.98871207237244 1.97085750102997 1.96582424640656 2.17739474773407 2.21010446548462 2.5397452712059 2.72333925962448 2.27269273996353 1.49481073021889 1.28761428594589 1.87817886471748 1.1964892745018 1.16585925221443 1.03699198365211 0.969950258731842 0.900686234235764 0.852478533983231 0.752423286437988 0.713406756520271 0.826635003089905 0.960911214351654 1.20494922995567 1.47999751567841 1.59020626544952 1.5502912402153 1.6693514585495 1.66843646764755 1.26621598005295 1.09646478295326 1.20940724015236 1.24464896321297
0.705549001693726 0.70030876994133 0.797423958778381 0.705435007810593 -9999 -9999 -9999 2.64010351896286 2.35776454210281 1.37920045852661 0.938900291919708 0.895214259624481 0.840533226728439 0.692667737603188 0.716934755444527 0.769246459007263 0.815490782260895 0.981867760419846 1.08064725995064 1.09297272562981 1.17300224304199 1.27501121163368 1.27996802330017 1.31208899617195 1.26565352082253 1.33308300375938 1.35978376865387 1.20254552364349 1.19364604353905 1.23767021298409 1.2576652765274 1.30446901917458 1.41370046138763 1.48778772354126 1.4931615293026 1.38598725199699 1.28414252400398 1.36123797297478 1.32138678431511 1.35984528064728 1.30508248507977 1.24944752454758 1.23454874753952 1.16015776991844 1.0950540304184 0.888859480619431 0.814020037651062 0.778972506523132 0.791894227266312 0.888592511415482 1.01235821843147 1.56619566679001 1.61906397342682 1.56579977273941 1.59826129674911 1.7122455239296 1.80323696136475 1.74937731027603 1.51446747779846 1.36146453022957 1.03227746486664 0.970672488212585
0.540883496403694 0.579083248972893 0.59280601143837 0.663415521383286 0.791310042142868 0.851217001676559 1.18207874894142 1.35717898607254 1.10511445999146 0.959094732999802 0.804033011198044 0.812856763601303 0.715887755155563 0.706237480044365 0.754807502031326 0.819165766239166 0.960410982370377 1.15057870745659 1.19291326403618 1.23223578929901 1.39112323522568 1.30236822366714 1.27940475940704 1.16869801282883 1.09814178943634 0.997485727071762 1.01320946216583 1.07923945784569 1.17327672243118 1.21251448988914 1.19048774242401 1.16794422268867 1.29535049200058 1.35091575980186 1.3323532640934 1.28240329027176 1.13834398984909 1.0897057056427 1.23898310959339 1.34605121612549 1.12941527366638 1.1109217107296 1.09924498200417 1.02927750349045 0.931396543979645 0.885737210512161 1.01070150732994 1.12972274422646 1.29836851358414 1.70440578460693 1.87595325708389 1.91172677278519 1.94144994020462 1.60540348291397 1.43544673919678 1.36256924271584 1.31990772485733 1.28028604388237 1.16465252637863 1.20201972126961 1.15721395611763 1.10682597756386
0.492141008377075 0.552419990301132 0.549685478210449 0.590964764356613 0.666469484567642 0.701653495430946 0.798276007175446 0.972092986106873 0.820611745119095 0.763266026973724 0.69853650033474 0.660651013255119 0.641883015632629 0.665308490395546 0.80811595916748 0.889142990112305 0.967666536569595 1.07564395666122 1.12102577090263 1.10095426440239 0.982171475887299 0.81884703040123 0.829121232032776 0.851227462291718 0.922214269638062 0.981721490621567 1.05374702811241 1.09104824066162 1.12386828660965 1.09335377812386 1.04923045635223 1.04091078042984 1.07480996847153 1.14600071310997 1.16148295998573 1.27271550893784 1.21838101744652 1.18958929181099 1.39160245656967 0.930173277854919 1.03722828626633 1.20600673556328 1.22322750091553 1.18893903493881 1.17419698834419 1.23302999138832 1.43097004294395 1.62795978784561 1.89359325170517 2.11976319551468 2.12238818407059 1.97438621520996 1.71271723508835 1.54316103458405 1.39061924815178 1.40752950310707 1.68610346317291 1.59959399700165 1.57113218307495 1.47730278968811 1.26385501027107 1.21900051832199
0.539440512657166 0.57006673514843 0.596529766917229 0.628461733460426 0.636689990758896 0.665334016084671 0.658251732587814 0.671612977981567 0.682078510522842 0.688235253095627 0.708417758345604 0.712277993559837 0.703649997711182 0.696978762745857 0.726240769028664 0.778460294008255 0.838248789310455 0.884525209665298 0.879938274621964 0.819213777780533 0.749628737568855 0.790280252695084 0.890333980321884 0.996336042881012 1.12442100048065 1.2732802927494 1.30019098520279 1.28117251396179 1.26738300919533 1.24713295698166 1.17623698711395 1.14706054329872 1.09024277329445 1.13688978552818 1.14082199335098 1.16991296410561 1.24892771244049 1.26549303531647 1.22844895720482 1.25224497914314 1.17690145969391 1.31537845730782 1.43130299448967 1.4930662214756 1.50827479362488 1.54481846094131 1.70106071233749 1.7924040555954 1.89928418397903 2.05824083089828 2.02012807130814 1.75777566432953 1.63884973526001 1.25270703434944 1.25189772248268 1.26936596632004 1.460593521595 1.53925502300262 1.5373170375824 1.5416271686554 1.59082567691803 1.57682400941849
0.491895005106926 0.477374240756035 0.501827985048294 0.445293769240379 0.5337885171175 0.589778244495392 0.640307977795601 0.680540263652802 0.727139264345169 0.720588013529778 0.73379547894001 0.720237001776695 0.714347988367081 0.710612252354622 0.723079517483711 0.724585488438606 0.728694006800652 0.747458249330521 0.750198751688004 0.70652174949646 0.718218728899956 1.14698624610901 1.32208648324013 1.23490351438522 1.25773501396179 1.22975778579712 1.30241176486015 1.32157123088837 1.43632346391678 1.41194325685501 1.17490947246552 1.14149925112724 1.01594477891922 1.04916304349899 1.12152448296547 1.05591076612473 1.10875725746155 1.14323097467422 1.18059673905373 1.36303576827049 1.43600472807884 1.42266601324081 1.51446533203125 1.59100270271301 1.59692770242691 1.57859408855438 1.79844224452972 1.86081379652023 1.84281152486801 1.95479768514633 1.89064729213715 1.77044767141342 1.53891599178314 1.10513851046562 1.13356724381447 1.21398523449898 1.44891902804375 1.63555419445038 1.85656875371933 1.90923678874969 2.03881430625916 2.1033239364624
0.495746254920959 0.472091227769852 0.46399949491024 0.458759263157845 0.575635492801666 0.654645770788193 0.6290662586689 0.618038982152939 0.610164731740952 0.722757741808891 0.724680751562119 0.69963526725769 0.68640598654747 0.751483529806137 0.836001008749008 0.938784778118134 0.856741458177567 0.764952778816223 0.800056457519531 0.952796280384064 1.05668100714684 1.17229574918747 1.23281702399254 1.26814949512482 1.29373651742935 1.40506947040558 1.49235373735428 1.56002622842789 1.74150896072388 1.56525975465775 1.1303077340126 0.958456456661224 1.01535227894783 1.38888296484947 1.33840870857239 1.3483162522316 1.39468502998352 1.46908047795296 1.41145572066307 1.42600876092911 1.49108549952507 1.59103041887283 1.56936675310135 1.61419343948364 1.63100856542587 1.67814141511917 1.78374445438385 1.80021893978119 1.93051725625992 1.75053298473358 1.55585020780563 1.46457821130753 1.35934495925903 1.26799947023392 1.26770853996277 1.3554607629776 1.9334317445755 1.99485683441162 2.18943893909454 2.19575482606888 2.41539233922958 2.68884605169296
0.457700237631798 0.50187224149704 0.528836265206337 0.585807770490646 0.634784996509552 0.716309979557991 0.663102731108665 0.738813757896423 0.878076732158661 0.878859758377075 0.810535490512848 0.814130991697311 1.00247320532799 1.0521240234375 0.884918957948685 0.744039729237556 0.844726502895355 1.08044251799583 1.0871490240097 1.12943923473358 1.17520728707314 1.18244022130966 1.30699422955513 1.4680979847908 1.50859647989273 1.70565748214722 1.78498721122742 1.8904230594635 1.71984153985977 1.49800501763821 1.44815960526466 1.5045243948698 1.60494750738144 1.6296803355217 1.64022070169449 1.72814548015594 1.69912505149841 1.65068167448044 1.67017042636871 1.45375648140907 1.46338650584221 1.52219331264496 1.39467975497246 1.44112426042557 1.63276201486588 1.75622320175171 1.83181571960449 1.81406933069229 1.95092475414276 1.51430332660675 1.47360527515411 1.32067796587944 1.42692822217941 1.57750958204269 1.69337850809097 1.78554672002792 2.29605647160189 -9999 -9999 -9999 -9999 -9999
0.434847012162209 0.466148257255554 0.557216987013817 0.742045506834984 0.899738252162933 1.02554771304131 0.88619327545166 0.945567727088928 0.852339774370193 0.815003246068954 0.786304503679276 0.850404024124146 1.02783599495888 0.967161029577255 0.99597904086113 0.862442225217819 0.978837758302689 1.24742621183395 1.13199529051781 1.01908797025681 1.09212523698807 1.22445148229599 1.53198748826981 1.3150634765625 1.23229949176311 1.85131126642227 2.22682732343674 1.07622599601746 1.69112545251846 1.57648243010044 1.88956502079964 2.10875773429871 2.09978359937668 2.06858888268471 1.90597835183144 1.73079711198807 1.83885008096695 1.75028926134109 1.82104504108429 1.37723851203918 1.32280951738358 1.08385196328163 1.21893748641014 1.29715052247047 1.33243274688721 1.36819195747375 1.31949600577354 1.4385487139225 1.71449929475784 2.39910972118378 1.78762882947922 1.71197247505188 1.80175799131393 8.10587649485644 1.73741215760591 -9999 -9999 -9999 -9999 -9999 -9999 -9999
0.573770999908447 0.485900983214378 0.587797477841377 0.73115998506546 0.962588220834732 0.961907207965851 0.984452247619629 0.808860003948212 0.587094739079475 0.531039744615555 0.695794478058815 0.754898250102997 0.934271246194839 0.89692497253418 0.908706039190292 1.16388228535652 1.33769845962524 1.28025448322296 1.15420496463776 1.17504447698593 1.37128347158432 1.53653919696808 1.39313846826553 1.58244824409485 1.56948530673981 1.85704118013382 1.93120193481445 1.66428145766258 2.0794356316328 -9999 -9999 -9999 -9999 -9999 -9999 3.14426672458649 1.6336424946785 1.50386095046997 1.3647832274437 1.18671074509621 1.20501896739006 1.08897453546524 1.06168046593666 1.29413250088692 1.29016122221947 1.2734542787075 1.54136252403259 2.16165894269943 2.6566566824913 3.43338668346405 2.14863753318787 2.13132226467133 1.79782122373581 1.9762424826622 1.97624230384827 -9999 -9999 -9999 -9999 -9999 -9999 -9999
0.67670850455761 0.670864507555962 0.793890774250031 0.977036207914352 0.986719518899918 0.846684783697128 0.708588749170303 0.769532293081284 0.57581926882267 0.639051005244255 0.758985042572021 0.853915482759476 1.06125301122665 1.14189603924751 1.22388303279877 1.13450101017952 1.20021450519562 1.27417051792145 1.49622970819473 1.51236516237259 1.39311003684998 1.36642125248909 1.14000749588013 1.22295074164867 2.90957397222519 2.36587357521057 2.59339642524719 3.00365710258484 1.97362500429153 -9999 -9999 -9999 -9999 -9999 -9999 -9999 2.68294268846512 2.91504067182541 1.51293003559113 1.03518971800804 0.938495278358459 0.973514288663864 1.33553096652031 2.34949117898941 1.11672002077103 1.30933722853661 1.61747467517853 2.69690108299255 3.10769248008728 3.11458575725555 3.0403904914856 3.03327584266663 -9999 -9999 -9999 -9999 -9999 -9999 -9999 -9999 -9999 -9999
0.698985770344734 0.646706253290176 0.643720507621765 2.37527918815613 2.4249472618103 0.784669518470764 0.497723981738091 0.487784251570702 0.472116753458977 0.597183734178543 0.758055746555328 0.910019963979721 0.95305797457695 1.22626349329948 1.33394622802734 1.22982528805733 1.15673625469208 1.47851622104645 1.7520614862442 1.40461070938357 0.836474980716105 1.24164712429047 1.40796862542629 1.22493861615658 1.07560233771801 1.21838249266148 2.92096567153931 3.82681667804718 2.00937455892563 -9999 -9999 -9999 -9999 -9999 -9999 -9999 3.161456823349 2.32266372442245 3.11878788471222 1.30512303113937 1.25488722324371 1.09617975354195 1.1590042412281 3.41637539863586 5.93461740016937 3.29054617881775 3.13954210281372 3.17530059814453 3.12313592433929 2.94743621349335 2.98243868350983 3.16421914100647 3.55294972658157 -9999 -9999 -9999 -9999 -9999 -9999 -9999 -9999 -9999
0.708816021680832 0.762491226196289 0.890426963567734 0.883802980184555 0.849654793739319 0.746916756033897 0.517892986536026 0.452771991491318 0.491187751293182 0.629049763083458 0.957604497671127 0.984418541193008 0.991347759962082 1.18578672409058 1.11875545978546 1.08166274428368 1.16648545861244 1.36076778173447 1.61741316318512 0.962000280618668 1.49174854159355 0.899498999118805 0.938505738973618 1.14671587944031 1.73235529661179 2.33891701698303 1.92717897891998 1.75510722398758 1.61350876092911 2.8556279540062 -9999 -9999 -9999 -9999 -9999 -9999 -9999 2.70579341053963 3.49621461331844 1.71170997619629 1.89632105827332 1.73956793546677 1.80087679624557 2.35456645488739 3.20974409580231 3.00929009914398 3.42474460601807 3.75482261180878 3.95072865486145 3.02474856376648 3.12269711494446 3.49113893508911 3.9354571594686 -9999 -9999 -9999 -9999 -9999 -9999 -9999 -9999 -9999
0.662283763289452 0.672212988138199 0.704152509570122 0.739673271775246 0.803026467561722 0.787988215684891 0.666341230273247 0.517067268490791 0.598277270793915 0.621200233697891 0.964700996875763 1.01794204115868 1.11888974905014 1.09645047783852 1.05546900629997 1.13230875134468 1.29282376170158 1.4616562128067 0.723255760967731 0.703430235385895 0.903750747442245 1.00079771876335 1.10100299119949 1.50627972185612 1.52103441953659 1.60206305980682 1.70239716768265 1.593654692173 1.75611680746078 2.00192248821259 -9999 -9999 -9999 -9999 -9999 -9999 -9999 -9999 -9999 -9999 -9999 -9999 -9999 -9999 -9999 -9999 3.65490746498108 6.46377182006836 4.9517115354538 4.33336279067126 -9999 -9999 -9999 -9999 -9999 -9999 -9999 -9999 -9999 -9999 -9999 -9999
0.744854986667633 0.714432746171951 0.721411496400833 0.578953519463539 0.79620149731636 0.762459754943848 0.71509350836277 0.594056233763695 0.645303770899773 0.708071261644363 0.954353213310242 1.18960726261139 1.33913397789001 1.22919148206711 1.10604375600815 1.1737545132637 1.21976172924042 0.795236259698868 0.825209230184555 0.708824247121811 0.758703768253326 0.73855047672987 0.906512260437012 1.19482791423798 -9999 -9999 -9999 1.53760725259781 1.4494980275631 1.44484278559685 2.06570702791214 -9999 -9999 -9999 -9999 -9999 -9999 -9999 -9999 -9999 -9999 -9999 -9999 -9999 -9999 -9999 -9999 -9999 -9999 -9999 -9999 -9999 -9999 -9999 -9999 -9999 -9999 -9999 -9999 -9999 -9999 -9999
0.711309000849724 0.716508731245995 0.740601003170013 0.764498233795166 0.779608458280563 0.738399758934975 0.764289736747742 0.700386017560959 0.665610730648041 0.671444267034531 0.970353037118912 1.13002198934555 0.813490144908428 0.804574504494667 1.26708376407623 1.20576524734497 1.17955273389816 1.00253699719906 0.889372140169144 0.892681539058685 0.845500499010086 0.863902509212494 1.09574514627457 1.56429447233677 1.81788110733032 1.8788306415081 1.77806550264359 1.62028652429581 1.76050508022308 1.74251174926758 1.93930792808533 2.23033882420639 -9999 -9999 -9999 -9999 -9999 -9999 -9999 -9999 -9999 -9999 -9999 -9999 -9999 -9999 -9999 -9999 -9999 -9999 -9999 -9999 -9999 -9999 -9999 -9999 -9999 -9999 -9999 -9999 -9999 -9999
0.792577475309372 0.854072213172913 0.851877719163895 0.831774741411209 0.718172237277031 0.717946484684944 0.758368492126465 0.791387289762497 0.895450472831726 1.05253279209137 1.21709471940994 1.47693452239037 1.28253301978111 1.26297372579575 1.36681947112083 1.36916327476501 1.35403203964233 1.2539002597332 1.04255470633507 0.932175725698471 1.02064123749733 1.00644336640835 1.12425751984119 1.26250201463699 1.51488527655602 1.55993288755417 1.59082987904549 1.54693195223808 3.72309529781342 2.57780921459198 2.64556807279587 2.28273820877075 -9999 -9999 -9999 -9999 -9999 -9999 -9999 -9999 -9999 -9999 -9999 -9999 -9999 -9999 -9999 -9999 -9999 -9999 -9999 -9999 -9999 -9999 -9999 -9999 -9999 -9999 -9999 -9999 -9999 -9999
0.952093541622162 0.917335510253906 0.924089223146439 1.04894399642944 0.943866759538651 0.728314518928528 0.761404484510422 1.0146090388298 1.25742074847221 1.32978004217148 1.58535969257355 1.3622505068779 1.52982741594315 1.60906273126602 1.76752942800522 1.55595374107361 1.35186597704887 1.17297747731209 1.03705725073814 0.967743024230003 1.10013976693153 1.14106160402298 1.41147485375404 1.34729254245758 1.78395295143127 1.42798653244972 1.49602201581001 2.89731824398041 3.50691962242126 4.12482225894928 3.89467442035675 -9999 -9999 -9999 -9999 -9999 -9999 -9999 -9999 -9999 -9999 -9999 -9999 -9999 -9999 -9999 -9999 -9999 -9999 -9999 -9999 -9999 -9999 -9999 -9999 -9999 -9999 -9999 -9999 -9999 -9999 -9999
