EcologicalScience/Bass/data/rs_data_bass/chl_190.asc
NCOLS 226 
NROWS 124 
XLLCORNER -9.41648524995501 
YLLCORNER 47.587301625531 
CELLSIZE 0.0833 
NODATA_value -9999 
[rows 54 to 80 of 124, columns 124 to 185 of 226]
2.7080392241478 2.4585719704628 2.4585172533989 2.72452569007874 2.77107667922974 2.63679367303848 2.50282573699951 2.29092675447464 2.50404006242752 2.48935121297836 2.50206828117371 2.52200245857239 2.54940980672836 2.55374032258987 2.6766659617424 2.64960300922394 2.56946843862534 2.68221974372864 2.62642353773117 2.65148323774338 2.64092248678207 2.52278691530228 2.43351227045059 2.24311798810959 2.1716136932373 2.26460480690002 2.16881024837494 2.25287175178528 2.22652870416641 2.12270772457123 2.12703824043274 2.06873631477356 2.07555896043777 1.93824005126953 1.8629812002182 1.82759696245193 1.78260898590088 1.70934069156647 1.57735651731491 1.40688371658325 1.20987528562546 1.05437698960304 1.05783829092979 1.13636550307274 1.18455675244331 1.26273000240326 1.44578701257706 1.68681371212006 2.27053195238113 2.25122702121735 2.35635370016098 14.5499000787735 6.04184146549391 7.27910747735397 3.99848914146423 4.0134801864624 24.6680433154106 4.01144564151764 23.9019003868103 4.69308292865753 4.5869243144989 5.11688482761383
3.05856156349182 2.90447330474854 2.83442920446396 2.91906523704529 3.0272855758667 3.07030785083771 2.82695174217224 2.73297303915024 2.76515257358551 2.93702244758606 3.09765458106995 2.98743152618408 2.80389529466629 2.79354983568192 2.88492000102997 3.00828373432159 3.02788281440735 3.08688533306122 3.02594983577728 2.9947657585144 2.83533596992493 2.59700632095337 2.28526657819748 2.15077954530716 2.13873302936554 2.02121329307556 2.13552832603455 2.18032050132751 2.14761453866959 1.99136030673981 1.90444725751877 1.76122123003006 1.65971696376801 1.62989473342896 1.60930877923965 1.54113757610321 1.49766299128532 1.33273351192474 1.18084198236465 1.15775325894356 1.09538698196411 1.02522227168083 1.0662630200386 1.32698848843575 1.5108060836792 1.78730249404907 2.05536532402039 2.3673015832901 2.49829494953156 2.79720443487167 2.89705717563629 3.10520553588867 3.16382610797882 8.51104536263839 5.08880460262299 7.38919177362996 10.5720698833466 -9999 -9999 -9999 -9999 -9999
3.17673754692078 3.22129583358765 3.26145136356354 3.32495641708374 3.32714009284973 3.17870485782623 3.08733379840851 3.0501823425293 3.0828058719635 3.22246205806732 3.28008449077606 3.06232881546021 2.92863374948502 3.0275856256485 3.09630382061005 3.18750822544098 3.30373048782349 3.20718598365784 3.11888694763184 2.90869045257568 2.65865617990494 2.47808772325516 2.1287789940834 2.00519549846649 1.98232269287109 1.89305394887924 1.86144679784775 1.86669301986694 1.78521144390106 1.80730122327805 1.5522066950798 1.41737553477287 1.32514500617981 1.33633348345757 1.33729353547096 1.29443398118019 1.21380373835564 1.20656928420067 1.21042799949646 1.15579953789711 0.991153478622437 0.978467971086502 1.2773677110672 1.63316023349762 1.9626989364624 2.31461030244827 2.72641432285309 4.21324957334078 4.55787970469548 3.23782360553741 3.42669832706451 3.73427546024323 4.62967872619629 8.2792058067937 -9999 -9999 -9999 -9999 -9999 -9999 -9999 -9999
3.48224544525146 3.45383262634277 3.59651613235474 3.66067707538605 3.64357709884644 3.48519909381866 3.45599341392517 3.46529853343964 3.54475665092468 3.52001094818115 3.49515759944916 3.25514996051788 3.07368957996368 3.09751796722412 3.27881491184235 3.47954392433167 3.44240462779999 3.38212788105011 3.20506417751312 2.94046872854233 2.70805567502975 2.31771522760391 1.98092257976532 1.81020301580429 1.74859499931335 1.71696442365646 1.64339107275009 1.43087697029114 1.38999599218369 1.3960440158844 1.31285771727562 1.26111075282097 1.27765426039696 1.37254947423935 1.3914270401001 1.30906051397324 1.2812460064888 1.28330022096634 1.21735346317291 1.07210174202919 0.919806718826294 0.960462033748627 1.41738823056221 1.93314152956009 2.25179243087769 2.67197477817535 2.75888246297836 6.84739534898636 5.00918698310852 3.99783682823181 4.12968456745148 4.57159817218781 5.45624399185181 -9999 -9999 -9999 -9999 -9999 -9999 -9999 -9999 -9999
4.1263861656189 3.98204255104065 3.98731362819672 4.00248241424561 3.96850347518921 3.93714988231659 3.86005640029907 3.92074263095856 3.99447011947632 3.82327508926392 3.54826891422272 3.35422432422638 3.28321945667267 3.25237047672272 3.25805640220642 3.32353734970093 3.43712246417999 3.33082365989685 3.1352641582489 2.92267495393753 2.691446185112 2.31721866130829 1.94828617572784 1.78590005636215 1.62157881259918 1.60320818424225 1.40050202608109 1.33062002062798 1.33103173971176 1.40275204181671 1.48491820693016 1.72104442119598 1.70992648601532 1.69957208633423 1.47301876544952 1.38126745820045 1.5598304271698 1.58011794090271 1.38916352391243 1.05883428454399 0.877211272716522 0.942712515592575 1.45403471589088 2.1615082025528 2.60839051008224 17.7396307858554 7.12174904668653 5.4659024477005 5.26656317710876 5.45817732810974 5.12371265888214 25.4090824127197 40.7113924026489 -9999 -9999 -9999 -9999 -9999 -9999 -9999 -9999 -9999
-9999 4.98041939735413 5.24690186977386 4.83834457397461 4.5557302236557 4.67545187473297 4.26605415344238 4.22731804847717 4.04577362537384 3.92905783653259 3.66741299629211 3.44123768806458 3.47520911693573 3.54255831241608 3.53327608108521 3.36332488059998 3.47882330417633 3.34521460533142 3.17536282539368 2.95014524459839 2.78334224224091 2.47183495759964 2.05587369203568 1.80587697029114 1.66184628009796 1.41701477766037 1.27265551686287 1.28500878810883 1.44743245840073 1.78417432308197 2.33518642187119 2.63089352846146 2.41177117824554 2.23071223497391 1.96703767776489 2.14818155765533 2.49304121732712 2.47404152154922 1.9535436630249 1.24964627623558 1.04939550161362 1.12565848231316 1.409144282341 2.1359286904335 2.55087983608246 -9999 19.7659830863659 4.70945763587952 7.107182264328 7.04449224472046 30.483344078064 29.958532333374 41.8088722229004 54.7576503753662 -9999 -9999 -9999 -9999 -9999 -9999 -9999 -9999
-9999 -9999 -9999 -9999 -9999 2.28387522697449 4.94424283504486 4.54870712757111 4.11934268474579 4.04121387004852 3.82755446434021 3.53045618534088 3.47350358963013 3.54989469051361 3.69081902503967 3.78774440288544 3.29010915756226 3.14876389503479 2.96394002437592 2.8921844959259 2.63899129629135 2.39651101827621 2.1427897810936 1.84130930900574 1.60376483201981 1.2975389957428 1.26840600371361 1.34923946857452 1.51671373844147 1.9534957408905 2.75465101003647 3.21358215808868 3.50698792934418 3.1785135269165 3.36469066143036 3.73022389411926 3.79686462879181 3.26391077041626 2.40449398756027 1.57414126396179 1.23756077885628 1.34785348176956 1.56348305940628 1.9999253153801 2.38532620668411 23.2399502645419 -9999 -9999 -9999 -9999 43.7578868865967 50.8055019378662 35.5504446029663 26.0550405649038 -9999 -9999 -9999 -9999 -9999 -9999 -9999 -9999
-9999 -9999 -9999 -9999 -9999 -9999 -9999 -9999 5.1986221075058 4.30685555934906 3.88356971740723 3.80185425281525 3.66150534152985 3.708420753479 3.94114816188812 3.56544148921967 3.28809607028961 2.86647373437881 2.7122722864151 2.6368260383606 2.57238829135895 2.28093141317368 1.97788506746292 1.77010416984558 1.48168122768402 1.35788547992706 1.32471451163292 1.47189903259277 1.66713899374008 2.16093367338181 3.05296432971954 3.68408238887787 4.27681338787079 4.42187941074371 4.79888641834259 4.88395571708679 4.23304867744446 3.25520467758179 1.89001500606537 1.18153953552246 1.41775649785995 1.60525953769684 1.78380596637726 2.14731001853943 5.41649164829725 29.0682649612427 -9999 -9999 -9999 -9999 17.548882484436 48.660530090332 38.8655519485474 28.3241558074951 19.8946952819824 16.7716398239136 -9999 -9999 -9999 -9999 -9999 -9999
-9999 -9999 -9999 -9999 -9999 -9999 -9999 -9999 -9999 -9999 3.85094404220581 3.89727437496185 4.00223994255066 4.03228211402893 4.30379104614258 4.12565982341766 3.11947345733643 2.9751945734024 2.66729843616486 2.63451379537582 2.39855629205704 2.09583002328873 1.87137830257416 1.63584297895432 1.38568729162216 1.40279853343964 1.45948576927185 1.68798905611038 2.09724444150925 2.71544247865677 3.43376541137695 4.00961029529572 4.00589239597321 4.6146411895752 5.27947640419006 5.0215859413147 4.0719598531723 2.20750719308853 1.45827904343605 1.3421685397625 1.59422618150711 1.93211621046066 2.15891468524933 2.5277144908905 14.7196322037178 -9999 -9999 -9999 -9999 -9999 -9999 -9999 10.1579548520286 12.0271525382996 12.6718325614929 15.5136280059814 10.8786277770996 -9999 -9999 -9999 -9999 -9999
-9999 -9999 -9999 -9999 -9999 -9999 -9999 -9999 -9999 4.3704868555069 4.53791105747223 4.21507573127747 4.29871559143066 4.60454642772675 5.00448310375214 4.75191450119019 3.63186585903168 2.82385718822479 2.68652558326721 2.49004501104355 2.11918723583221 1.91025817394257 1.60564792156219 1.31098428368568 1.27721697092056 1.39700621366501 1.5574101805687 1.88711321353912 2.50330656766891 2.99226307868958 3.22474586963654 3.46501493453979 3.5729513168335 4.62208807468414 5.62154316902161 5.10930991172791 3.82289242744446 2.58898043632507 1.52426558732986 1.63485217094421 1.84998142719269 2.16004943847656 2.47967630624771 2.65980076789856 26.5187792089379 33.0447750091553 -9999 -9999 -9999 14.8806445598602 14.605663886437 15.6187680684603 11.9807290597395 19.9893178939819 11.9419813156128 10.2385861873627 13.0954615108428 -9999 -9999 -9999 -9999 -9999
-9999 -9999 -9999 -9999 -9999 -9999 -9999 -9999 -9999 -9999 5.15431880950928 4.60125231742859 5.43616962432861 5.7944244146347 4.75586414337158 4.63411581516266 4.24839520454407 3.38876187801361 2.6999534368515 2.28770399093628 1.95872408151627 1.71183675527573 1.4918107688427 1.24244552850723 1.27945795655251 1.4299687743187 1.63010555505753 2.03221571445465 3.02161288261414 3.1879745721817 3.19597363471985 3.25263297557831 3.4083913564682 4.51265323162079 5.68003642559052 5.02461218833923 3.95991289615631 2.35087877511978 1.60380828380585 1.75255572795868 1.96540868282318 2.26971155405045 2.87678325176239 2.90924102067947 9.17664011068714 -9999 -9999 -9999 -9999 -9999 31.8116033627437 13.2338692383333 13.2045752893795 14.0731196403503 18.8943057060242 -9999 -9999 -9999 -9999 -9999 -9999 -9999
-9999 -9999 -9999 -9999 -9999 -9999 -9999 -9999 -9999 3.67937564849854 6.95361542701721 3.43815207481384 6.05248045921326 5.31693291664124 4.22477924823761 3.9364424943924 3.67081189155579 3.37004792690277 3.02338564395905 2.23169016838074 1.86249232292175 1.52314281463623 1.39956673979759 1.22645178437233 1.32319870591164 1.60057193040848 1.91458493471146 2.22886723279953 2.90693467855453 3.0955628156662 3.24077260494232 3.48275113105774 4.04701817035675 4.94250905513763 5.11002087593079 4.90235924720764 4.53797543048859 2.3516092300415 1.88532972335815 1.8982327580452 2.02862548828125 2.5026667714119 2.95430248975754 6.09948487883633 3.86466658115387 -9999 -9999 -9999 -9999 -9999 22.6758422161403 35.5412601470947 30.3578939437866 -9999 -9999 -9999 -9999 -9999 -9999 -9999 -9999 -9999
-9999 -9999 -9999 -9999 -9999 -9999 -9999 -9999 -9999 5.90787115964023 5.2817223072052 4.54319453239441 3.69327807426453 4.18441414833069 3.78443706035614 3.61468291282654 3.19583094120026 3.06620764732361 2.36400979757309 1.94700980186462 1.71002322435379 1.55560648441315 1.35551699995995 1.25317651033401 1.50787281990051 1.83798158168793 2.11512976884842 2.44883251190186 2.92022091150284 3.18591392040253 3.47993409633636 3.69205641746521 4.73552083969116 4.91133534908295 4.57507288455963 4.7564971446991 4.40119564533234 2.67511349916458 2.11481094360352 2.06134808063507 2.16527473926544 2.60515576601028 2.90751457214355 11.5678557452646 3.86466693878174 -9999 -9999 -9999 -9999 12.1949715614319 -9999 -9999 -9999 -9999 -9999 -9999 -9999 -9999 -9999 -9999 -9999 -9999
-9999 -9999 -9999 -9999 -9999 -9999 -9999 -9999 -9999 5.0078888961247 4.19132900238037 3.83272111415863 4.04565739631653 3.8978773355484 3.37036192417145 3.14435863494873 2.7315262556076 2.58965849876404 2.07732224464417 1.86497551202774 1.65440028905869 1.56371176242828 1.42177051305771 1.25005576014519 1.42877098917961 1.70707494020462 2.01192301511765 2.55823266506195 3.2163405418396 3.71487307548523 3.96780145168304 4.17516160011292 4.69889187812805 4.34902632236481 4.04600250720978 4.28110635280609 3.70965600013733 2.70553278923035 2.19059103727341 2.1471374630928 2.54600554704666 2.7074385881424 3.92006611752866 -9999 -9999 -9999 -9999 -9999 -9999 -9999 -9999 -9999 -9999 -9999 -9999 -9999 -9999 -9999 -9999 -9999 -9999 -9999
-9999 -9999 -9999 -9999 -9999 -9999 -9999 -9999 -9999 5.85718953609467 5.54259359836578 4.48910772800446 4.00374591350555 3.26026511192322 3.08778369426727 2.88270968198776 2.35563898086548 2.11922317743301 1.93386375904083 1.8311573266983 1.66911900043488 1.51135271787643 1.26151496171951 1.22337976098061 1.2791805267334 1.45831203460693 1.65111154317856 2.21925973892212 2.67189073562622 3.17047941684723 3.7398966550827 4.52892208099365 4.18613469600677 3.88731229305267 3.5141294002533 3.00175952911377 2.47496098279953 2.3694509267807 2.39244443178177 2.43015897274017 2.78815358877182 7.55587564815174 6.9790556947869 -9999 -9999 -9999 -9999 -9999 -9999 -9999 -9999 -9999 -9999 -9999 -9999 -9999 -9999 -9999 -9999 -9999 -9999 -9999
-9999 -9999 -9999 -9999 -9999 -9999 -9999 3.28386068344116 3.33757164603785 4.27894198894501 4.21677231788635 3.8549941778183 3.42079639434814 2.88850343227386 2.6843678355217 2.41381341218948 2.03688383102417 1.87990272045135 1.75250172615051 1.65487271547318 1.56611394882202 1.40842571854591 1.25839421153069 1.2354157269001 1.28168553113937 1.44512325525284 1.81037700176239 1.97430449724197 2.20612871646881 2.63723856210709 3.21204972267151 4.06444430351257 3.63091814517975 3.44788813591003 3.01239967346191 2.41237199306488 2.59217548370361 3.0066990852356 3.21373558044434 3.04216575622559 10.804671679307 5.69786846637726 3.25656187534332 -9999 -9999 -9999 -9999 -9999 -9999 -9999 -9999 -9999 -9999 -9999 -9999 -9999 -9999 -9999 -9999 -9999 -9999 -9999
-9999 -9999 -9999 -9999 -9999 -9999 6.32713949052911 6.0235389362682 3.94558346271515 3.74480009078979 3.690145611763 3.38465237617493 3.14803040027618 2.39232820272446 2.51886069774628 2.32229179143906 1.93994325399399 1.58204770088196 1.36045950651169 1.32825002074242 1.36807197332382 1.35938921570778 1.29186898469925 1.29398247599602 1.37152871489525 1.50303983688354 1.71073651313782 1.83749395608902 2.1421058177948 2.65451627969742 3.27820873260498 3.17588317394257 2.73037058115005 2.412766456604 2.26786655187607 2.71106994152069 3.15725862979889 3.18869841098785 3.44760239124298 -9999 -9999 -9999 -9999 -9999 -9999 -9999 -9999 -9999 -9999 -9999 -9999 -9999 -9999 -9999 -9999 -9999 -9999 -9999 -9999 -9999 -9999 -9999
-9999 -9999 -9999 -9999 5.10646025827326 7.8708392273296 4.30233657360077 4.14715933799744 4.07637691497803 3.79882049560547 3.22779750823975 2.80794829130173 2.71644151210785 2.40746927261353 2.32722598314285 2.07062101364136 1.85402995347977 1.35555222630501 1.3244414627552 1.348503023386 1.3893269598484 1.35719177126884 1.38601952791214 1.42389070987701 1.46493449807167 1.56757128238678 1.66119378805161 1.76581048965454 1.98151642084122 2.15859228372574 2.17091846466064 2.18034982681274 2.08640027046204 2.10759830474854 2.5944008231163 2.80291575193405 3.26928448677063 3.89472107887268 -9999 -9999 -9999 -9999 -9999 -9999 -9999 -9999 -9999 -9999 -9999 -9999 -9999 -9999 -9999 -9999 -9999 -9999 -9999 -9999 -9999 -9999 -9999 -9999
-9999 -9999 -9999 -9999 5.77300870418549 6.93256187438965 4.03492498397827 4.00433921813965 3.69441211223602 3.35339176654816 2.87932652235031 2.6350491642952 2.56789791584015 2.44035083055496 2.08854675292969 1.7861670255661 1.74007648229599 1.29734846949577 1.32827854156494 1.37003776431084 1.35538575053215 1.36390346288681 1.44131022691727 1.47928351163864 1.49786996841431 1.58240479230881 1.6919429898262 1.79209202528 1.84241992235184 1.9406715631485 1.96170669794083 2.02767741680145 2.10267233848572 2.38739991188049 2.83925253152847 3.10018515586853 3.34498035907745 -9999 -9999 -9999 -9999 -9999 -9999 -9999 -9999 -9999 -9999 -9999 -9999 -9999 -9999 -9999 -9999 -9999 -9999 -9999 -9999 -9999 -9999 -9999 -9999 -9999
-9999 22.5300843755626 41.8269299614814 5.35935480594635 4.82421919277736 3.62749135494232 3.60262942314148 4.05800628662109 3.80268359184265 3.13195788860321 2.77570867538452 2.59366571903229 2.54321622848511 2.24639850854874 2.13453966379166 1.88031595945358 1.39551374316216 1.33666348457336 1.31391003727913 1.34944948554039 1.36499628424644 1.39181470870972 1.46120247244835 1.49630999565125 1.57672941684723 1.59283947944641 1.62786072492599 1.73312097787857 1.85007297992706 1.99711132049561 2.12114471197128 2.23583024740219 2.44290608167648 2.61435002088547 2.23755830526352 10.7027653232217 -9999 -9999 -9999 -9999 -9999 -9999 -9999 -9999 -9999 -9999 -9999 -9999 -9999 -9999 -9999 -9999 -9999 -9999 -9999 -9999 -9999 -9999 -9999 -9999 -9999 -9999
11.4275474383913 5.70105942658016 4.75254607200623 4.05384242534637 3.62858104705811 3.74283742904663 3.95857036113739 4.32915008068085 3.8452695608139 3.44894313812256 2.96706676483154 2.63672107458115 2.35011452436447 2.03532743453979 2.02144575119019 1.69784474372864 1.40086421370506 1.34097522497177 1.36712774634361 1.45553621649742 1.4526210129261 1.5472229719162 1.52052533626556 1.50055718421936 1.56318747997284 1.62135225534439 1.70357555150986 1.74148195981979 1.77192753553391 2.18936777114868 2.63373827934265 2.82376724481583 2.76613426208496 -9999 -9999 -9999 -9999 -9999 -9999 -9999 -9999 -9999 -9999 -9999 -9999 -9999 -9999 -9999 -9999 -9999 -9999 -9999 -9999 -9999 -9999 -9999 -9999 -9999 -9999 -9999 -9999 -9999
27.5177546616258 3.37593519687653 3.42705166339874 3.59793305397034 3.50150942802429 3.87227690219879 3.92750036716461 3.49073839187622 3.53106915950775 3.11481213569641 2.50091707706451 2.29880994558334 1.9109303355217 1.74603599309921 1.77592653036118 1.68478202819824 1.3646767437458 1.46195250749588 1.61731427907944 1.6042372584343 1.65737253427505 1.61200493574142 1.43369400501251 1.56495451927185 1.64166301488876 1.7343270778656 1.79951030015945 2.00535142421722 2.58704781532288 2.62298476696014 2.79042899608612 2.87517142295837 3.09090685844421 18.4770046786258 2.68690431118011 4.86990498412739 -9999 -9999 -9999 -9999 -9999 -9999 -9999 -9999 -9999 -9999 -9999 -9999 -9999 -9999 -9999 -9999 -9999 -9999 -9999 -9999 -9999 -9999 -9999 -9999 -9999 -9999
3.51655125617981 3.52005743980408 3.50812268257141 3.46971595287323 3.59306252002716 3.57140457630157 3.45542192459106 3.25446152687073 3.11206126213074 2.73421722650528 2.44812816381454 2.04883342981339 1.70034152269363 1.53323256969452 1.50272333621979 1.38247722387314 1.52636468410492 1.69726127386093 1.77455931901932 1.84001022577286 1.66449594497681 1.54048418998718 1.56950479745865 1.72927129268646 1.86421430110931 2.05231350660324 2.13915073871613 2.23545742034912 2.80678582191467 3.09937119483948 7.18512648423513 -9999 -9999 -9999 -9999 -9999 -9999 -9999 -9999 -9999 -9999 -9999 -9999 -9999 -9999 -9999 -9999 -9999 -9999 -9999 -9999 -9999 -9999 -9999 -9999 -9999 -9999 -9999 -9999 -9999 -9999 -9999
3.91818809509277 4.04346907138824 4.42066562175751 3.65559303760529 3.48446094989777 4.00136089324951 3.37660646438599 3.16529560089111 3.24434638023376 3.08179128170013 2.32678198814392 1.44283273816109 1.33928927779198 1.27675500512123 1.38822904229164 1.61504405736923 1.6431337594986 1.72473675012589 1.80388498306274 1.85025143623352 1.68591517210007 1.64496070146561 1.82771104574203 2.06517899036407 2.50688624382019 2.45263123512268 2.59782457351685 2.7308834195137 2.50091332197189 2.54035806655884 3.04908299446106 3.9558523405682 -9999 -9999 -9999 -9999 -9999 -9999 14.6754392474445 12.6942715644836 -9999 -9999 -9999 -9999 -9999 -9999 -9999 -9999 -9999 -9999 -9999 -9999 -9999 -9999 -9999 -9999 -9999 -9999 -9999 -9999 -9999 -9999
4.64660739898682 5.54337823390961 5.43598365783691 4.61093366146088 4.20618683951242 2.82227222467291 3.6358687877655 3.34541916847229 3.11609995365143 2.89713299274445 2.11660802364349 1.27784621715546 1.19860276579857 1.2799965441227 1.48441502451897 1.4575500190258 1.53199946880341 1.85513466596603 1.95151805877686 1.98381078243256 1.97140717506409 2.00974881649017 2.17902374267578 2.77590680122375 2.80693799257278 2.79637581110001 2.96833491325378 3.11576020717621 3.05138397216797 3.3290730714798 7.44244342470822 3.42093944549561 -9999 -9999 -9999 -9999 -9999 -9999 -9999 -9999 -9999 -9999 -9999 -9999 -9999 -9999 -9999 -9999 -9999 -9999 -9999 -9999 -9999 -9999 -9999 -9999 -9999 -9999 -9999 -9999 -9999 -9999
-9999 -9999 -9999 -9999 -9999 3.81575903139616 3.09840595722198 3.29619240760803 3.0051691532135 2.49073719978333 1.74516069889069 1.09565323591232 1.18160399794579 1.31226003170013 1.37111324071884 1.57859623432159 2.16565132141113 2.29838329553604 2.33196902275085 2.46901953220367 2.46957528591156 2.61576372385025 2.76230478286743 2.98979330062866 3.31428837776184 3.50465834140778 -9999 -9999 -9999 -9999 -9999 -9999 -9999 -9999 -9999 -9999 -9999 -9999 -9999 -9999 -9999 -9999 -9999 -9999 -9999 -9999 -9999 -9999 -9999 -9999 -9999 -9999 -9999 -9999 -9999 -9999 -9999 -9999 -9999 -9999 -9999 -9999
-9999 -9999 -9999 -9999 -9999 -9999 3.64805388450623 3.07983219623566 2.29760098457336 1.64154517650604 1.29130652546883 1.23986023664474 1.3592010140419 1.49460223317146 1.67076301574707 2.19165229797363 2.52553278207779 2.73292046785355 3.1663373708725 3.19903421401978 2.99347418546677 2.91369903087616 3.00984442234039 3.44546363621115 -9999 -9999 -9999 -9999 -9999 -9999 -9999 -9999 -9999 -9999 -9999 -9999 -9999 -9999 -9999 -9999 -9999 -9999 -9999 -9999 -9999 -9999 -9999 -9999 -9999 -9999 -9999 -9999 -9999 -9999 -9999 -9999 -9999 -9999 -9999 -9999 -9999 -9999
