EcologicalScience/Bass/data/rs_data_bass/chl_105.asc
NCOLS 226 
NROWS 124 
XLLCORNER -9.41648524995501 
YLLCORNER 47.587301625531 
CELLSIZE 0.0833 
NODATA_value -9999 
[rows 54 to 80 of 124, columns 124 to 185 of 226]
2.85327458381653 2.77552950382233 2.60730528831482 2.59136545658112 2.41660273075104 2.2886917591095 2.52430951595306 2.41741508245468 1.99651050567627 1.89698392152786 2.52511203289032 3.54945015907288 3.37106537818909 3.16903710365295 2.86794304847717 3.48321211338043 3.8865727186203 3.58839011192322 3.32354307174683 3.1384094953537 2.83412182331085 2.5819845199585 2.32078206539154 2.43636667728424 2.49250280857086 2.61137706041336 2.71957433223724 2.83360129594803 2.81728130578995 2.77158755064011 2.73879379034042 2.72403216362 2.68579119443893 2.61830931901932 2.63812279701233 2.6319996714592 2.58114749193192 2.60322743654251 2.66138398647308 2.57441318035126 2.3579369187355 2.14333802461624 1.65863621234894 1.69951719045639 1.79925227165222 2.19511646032333 2.51147174835205 2.79597669839859 4.13940453529358 4.93028104305267 5.4905526638031 7.29754540053281 4.47971257567406 13.8837676048279 11.6492342948914 11.9813296794891 8.55997810913966 30.7773330211639 43.4975768923759 9.45267329897199 10.7424933569772 12.3964023951624
2.93196666240692 2.95706552267075 2.50869154930115 2.59036731719971 2.52451801300049 2.35001403093338 2.32038366794586 2.69013601541519 2.05277091264725 1.75399947166443 1.89142280817032 1.79844599962234 2.0586217045784 2.03233569860458 2.2220054268837 2.15965050458908 1.95069301128387 2.2576612830162 2.42217153310776 2.40671843290329 2.33445292711258 2.34650552272797 2.63664668798447 2.75079292058945 2.78677654266357 2.76262950897217 2.76267975568771 2.82612150907516 2.76543527841568 2.67395693063736 2.5680810213089 2.62276947498322 2.5783177614212 2.67922568321228 2.68212443590164 2.6330332159996 2.58990150690079 2.61146020889282 2.44362670183182 2.09405028820038 1.64937901496887 1.30241176486015 1.22064971923828 1.94698423147202 2.2624146938324 2.66137951612473 3.08361840248108 3.59927845001221 4.70928990840912 5.65872967243195 7.05345726013184 8.61183804273605 8.58822011947632 12.1574192047119 9.05458188056946 6.48504844833823 10.5720698833466 -9999 -9999 -9999 -9999 -9999
2.845483481884 2.87676823139191 2.90933167934418 2.8106991648674 2.65664327144623 2.5849626660347 2.43260782957077 2.68126273155212 2.17569369077682 1.97812271118164 1.96064919233322 1.79993033409119 1.99560302495956 2.20178925991058 2.22925508022308 1.75018733739853 1.85701274871826 2.06198483705521 2.05036801099777 2.23598992824554 2.4274799823761 2.71020895242691 2.83935230970383 2.79372900724411 2.81887346506119 2.70514494180679 2.77058619260788 2.74155074357986 2.7421567440033 2.69919830560684 2.54837107658386 2.63267093896866 2.67088347673416 2.71187031269073 2.69427824020386 2.62691402435303 2.69401127099991 2.40765380859375 1.97241067886353 1.47820195555687 1.06254976987839 1.01996853947639 1.76801258325577 2.1550971865654 2.66147017478943 3.12245178222656 3.81442666053772 6.37646350264549 3.75779181718826 4.12804126739502 8.35954427719116 9.57977700233459 8.88036060333252 13.6506188142039 -9999 -9999 -9999 -9999 -9999 -9999 -9999 -9999
2.92703694105148 3.01665008068085 3.02903759479523 3.00831520557404 3.09206342697144 2.99093466997147 2.74921578168869 2.48807698488235 2.30396783351898 2.33569943904877 2.24174255132675 2.0451854467392 1.9716203212738 2.21929728984833 2.02540504932404 2.03230494260788 1.8725917339325 2.07519292831421 2.31668472290039 2.55962991714478 2.79813516139984 2.81497943401337 2.77664995193481 2.7097755074501 2.6826149225235 2.6497215628624 2.66073971986771 2.63873702287674 2.67329031229019 2.62314230203629 2.49824702739716 2.46813833713531 2.4641677737236 2.4484207034111 2.45362508296967 2.4779759645462 2.39525252580643 1.94274830818176 1.58191573619843 1.13484227657318 1.05121725797653 1.48624277114868 2.0247443318367 2.69764566421509 3.39570236206055 3.81828367710114 4.10169911384583 7.55116453302016 5.21401727199554 5.81447553634644 6.68321013450623 7.21840310096741 7.19374966621399 -9999 -9999 -9999 -9999 -9999 -9999 -9999 -9999 -9999
3.43748939037323 3.58935070037842 3.58285939693451 4.13277232646942 3.47277367115021 3.46636784076691 3.12508857250214 3.12895953655243 2.93570244312286 2.83394175767899 2.74498808383942 1.87930208444595 1.8022193312645 1.86052358150482 1.97217071056366 1.87345880270004 2.07968401908875 2.30871820449829 2.52714443206787 2.77945196628571 2.81516021490097 2.74232929944992 2.67187947034836 2.62477791309357 2.53851145505905 2.51956647634506 2.51533573865891 2.47163701057434 2.46139723062515 2.4443256855011 2.32786345481873 2.20560067892075 2.25279593467712 2.13450908660889 2.09644567966461 2.01579219102859 1.98799878358841 1.7970449924469 1.41781049966812 1.23572999238968 1.32102227210999 1.80638247728348 2.48749655485153 3.20396983623505 3.6915135383606 4.15342032909393 7.96542978286743 6.52586388587952 5.81320667266846 5.66707956790924 6.0947048664093 4.99569833278656 20.2818384170532 -9999 -9999 -9999 -9999 -9999 -9999 -9999 -9999 -9999
-9999 3.80991017818451 3.86393988132477 3.79116976261139 3.90679728984833 3.78336238861084 3.75381231307983 3.59296059608459 3.43364918231964 3.05578279495239 3.22220313549042 2.21708697080612 2.12912768125534 2.24618017673492 2.11377078294754 1.80553418397903 2.26705133914948 2.34650999307632 2.65909498929977 2.72587877511978 2.78393697738647 2.66482275724411 2.57175368070602 2.48703682422638 2.41526019573212 2.40780597925186 2.39138478040695 2.33183920383453 2.40146541595459 2.37536466121674 2.37798303365707 2.32071143388748 1.99929231405258 1.87604016065598 1.66603571176529 1.74984383583069 1.86576676368713 1.69588047266006 1.53335398435593 1.37271147966385 1.65310943126678 1.94237333536148 2.5473450422287 3.3946738243103 3.89858114719391 -9999 9.02619194984436 6.27894902229309 4.94111788272858 5.04460966587067 57.6375904083252 24.0755891799927 27.5697498321533 60.3302693367004 -9999 -9999 -9999 -9999 -9999 -9999 -9999 -9999
-9999 -9999 -9999 -9999 -9999 2.28387522697449 3.95490264892578 3.58295327425003 3.66113483905792 3.34111189842224 3.11098515987396 2.63933408260345 2.39150923490524 2.46938252449036 2.2408275604248 2.20139104127884 2.1941864490509 2.50916469097137 2.62994241714478 2.78288841247559 2.6406757235527 2.5310093164444 2.41407305002213 2.26686000823975 2.17620080709457 2.26231133937836 2.21600621938705 2.3503589630127 2.43572545051575 2.43145644664764 2.36301004886627 2.04897147417068 1.71702593564987 1.4585639834404 1.27910622954369 1.46141624450684 1.44216826558113 1.50019651651382 1.56547433137894 1.39650303125381 1.59024596214294 2.01702153682709 2.62618499994278 3.32381629943848 3.99665915966034 27.3342189094395 -9999 -9999 -9999 -9999 44.2071161270142 55.286190032959 30.0943214893341 31.1542107362014 -9999 -9999 -9999 -9999 -9999 -9999 -9999 -9999
-9999 -9999 -9999 -9999 -9999 -9999 -9999 -9999 4.089161708951 3.2251170873642 3.04804193973541 2.80525875091553 2.54997146129608 2.60129553079605 2.56604558229446 2.29331248998642 2.39921468496323 2.49185782670975 2.58113104104996 2.57218426465988 2.27176201343536 2.1847477555275 2.12477248907089 2.13688427209854 2.1131032705307 2.15326058864594 2.18256604671478 2.31620317697525 2.54500043392181 2.41988772153854 2.05648130178452 1.6933770775795 1.4071327149868 1.17443624138832 1.00351274013519 1.08541050553322 1.19444400072098 1.33041000366211 1.17469426989555 1.54398822784424 1.73659729957581 2.06953418254852 2.62838101387024 3.21155548095703 3.39830103332614 29.0682649612427 -9999 -9999 -9999 -9999 17.548882484436 29.8100332260132 25.7125465393066 48.9484758377075 27.3150494098663 19.5518752863241 -9999 -9999 -9999 -9999 -9999 -9999
-9999 -9999 -9999 -9999 -9999 -9999 -9999 -9999 -9999 -9999 3.59272277355194 3.22897410392761 3.29564487934113 2.96741473674774 2.72634673118591 2.50208401679993 2.37137550115585 2.47220402956009 2.38200080394745 2.37036681175232 2.1224872469902 2.04668766260147 2.03764343261719 2.21460145711899 2.15387481451035 2.29264426231384 2.23979169130325 2.31608408689499 2.54575055837631 2.17947149276733 1.87731528282166 1.56408816576004 1.31545946002007 1.23350402712822 1.13433972001076 1.15786278247833 1.18349620699883 1.19201552867889 1.28528246283531 1.55327922105789 1.85297477245331 2.30337220430374 2.9008537530899 3.51312303543091 16.1249887850678 -9999 -9999 -9999 -9999 -9999 -9999 -9999 9.24324488639832 52.8737277984619 42.7469310760498 21.2298874855042 10.8786277770996 -9999 -9999 -9999 -9999 -9999
-9999 -9999 -9999 -9999 -9999 -9999 -9999 -9999 -9999 4.3704868555069 4.58938694000244 3.50893199443817 3.46949315071106 3.33146488666534 3.04484009742737 2.96456319093704 2.76064199209213 2.64406424760818 2.3176161646843 1.91968792676926 1.95037722587585 2.10011100769043 2.08659982681274 2.14516353607178 2.16730570793152 2.17278599739075 2.15626269578934 2.31614255905151 2.27572649717331 1.97008126974106 1.68972373008728 1.57077670097351 1.41159224510193 1.32234826683998 1.29561746120453 1.28690698742867 1.25642323493958 1.21982324123383 1.53663378953934 1.71825224161148 2.06575495004654 2.59502917528152 3.06640291213989 3.48653697967529 31.1025836282563 33.0447750091553 -9999 -9999 -9999 23.7715483578769 51.537287979126 28.4978140640259 21.2849657535553 21.4433269500732 27.7135601043701 26.7314872741699 -9999 -9999 -9999 -9999 -9999 -9999
-9999 -9999 -9999 -9999 -9999 -9999 -9999 -9999 -9999 -9999 5.65607625246048 3.96513855457306 3.52496910095215 3.62350273132324 3.24722027778625 2.99208068847656 2.71154469251633 2.58149099349976 2.2653397321701 1.75491893291473 1.84599530696869 2.05736696720123 2.10901200771332 2.13504892587662 2.13473403453827 2.01654231548309 1.98824697732925 2.05513501167297 1.83055418729782 1.73846393823624 1.6726770401001 1.52558094263077 1.47730502486229 1.40302947163582 1.30363047122955 1.20816224813461 1.18889477849007 1.28998652100563 1.52064156532288 1.85279095172882 2.11979931592941 2.42748892307281 3.50809049606323 3.4270191192627 9.72257784500863 -9999 -9999 -9999 -9999 -9999 17.5057250105816 24.4400650405884 19.3118051446002 19.5693554256273 60.9245686001248 -9999 -9999 -9999 -9999 -9999 -9999 -9999
-9999 -9999 -9999 -9999 -9999 -9999 -9999 -9999 -9999 3.67937564849854 3.51037273081866 3.90589427947998 3.0470062494278 3.31197667121887 2.86056822538376 2.65524297952652 2.52549755573273 2.38987058401108 2.16964727640152 1.81986379623413 1.90816873311996 2.0829119682312 2.06059724092484 2.10589492321014 2.15325307846069 2.09462696313858 2.08042949438095 1.80864518880844 1.50228595733643 1.43360620737076 1.44014024734497 1.42684426903725 1.65746104717255 1.77200174331665 1.66024428606033 1.37064751982689 1.26348745822906 1.43621098995209 1.72373253107071 2.05404675006866 2.68250620365143 3.30579221248627 3.4296727180481 5.98133674871574 3.86466658115387 -9999 -9999 -9999 -9999 -9999 17.8641532352992 51.1030783653259 18.8406158973431 -9999 -9999 -9999 -9999 -9999 -9999 -9999 -9999 -9999
-9999 -9999 -9999 -9999 -9999 -9999 -9999 -9999 -9999 3.415645821528 3.83048504590988 3.58976697921753 3.37597131729126 3.03037440776825 2.84890133142471 2.70407098531723 2.48676896095276 2.04553198814392 1.97688066959381 2.00759249925613 2.02026379108429 2.12883675098419 2.14458149671555 2.23313695192337 2.27744024991989 2.23371005058289 2.14063954353333 1.60447508096695 1.36455899477005 1.35829049348831 1.34131649136543 1.55208224058151 2.17335230112076 2.07140332460403 1.71834003925323 1.49724152684212 1.50232118368149 1.69809758663177 1.90714126825333 2.22260016202927 2.7333921790123 3.49174332618713 3.6769859790802 12.7366973751957 3.86466693878174 -9999 -9999 -9999 -9999 12.1949715614319 -9999 -9999 -9999 -9999 -9999 -9999 -9999 -9999 -9999 -9999 -9999 -9999
-9999 -9999 -9999 -9999 -9999 -9999 -9999 -9999 -9999 4.13998782634735 3.64520537853241 3.56440651416779 3.48964869976044 3.13412547111511 2.788245677948 2.67431169748306 2.57063180208206 2.46739357709885 2.36736595630646 2.53058105707169 2.26131981611252 2.12684619426727 2.10793948173523 2.21957623958588 2.28891152143478 2.34355419874191 2.44143372774124 1.77229571342468 1.62484502792358 1.52290427684784 1.44591298699379 1.72839295864105 1.9573432803154 1.66510426998138 1.53480219841003 1.43264624476433 1.72107517719269 1.89919871091843 1.99119830131531 2.42517596483231 2.93779957294464 3.31562411785126 6.19491777791605 -9999 -9999 -9999 -9999 -9999 -9999 -9999 -9999 -9999 -9999 -9999 -9999 -9999 -9999 -9999 -9999 -9999 -9999 -9999
-9999 -9999 -9999 -9999 -9999 -9999 -9999 -9999 -9999 3.69211292266846 3.76182818412781 3.59464859962463 3.47511005401611 3.00947248935699 3.0229514837265 2.89311522245407 2.71606796979904 2.39861994981766 2.24669408798218 2.20170521736145 2.28017556667328 2.25322043895721 2.10766875743866 2.22051233053207 2.35612499713898 2.51362270116806 2.72775971889496 2.19462829828262 1.85706156492233 1.59642380475998 1.46858847141266 1.53609144687653 1.57143831253052 1.54953002929688 1.56376647949219 1.64797729253769 1.87815231084824 2.24523228406906 2.68987208604813 3.10656237602234 3.38700306415558 13.8406757319846 4.36408069765711 -9999 -9999 -9999 -9999 -9999 -9999 -9999 -9999 -9999 -9999 -9999 -9999 -9999 -9999 -9999 -9999 -9999 -9999 -9999
-9999 -9999 -9999 -9999 -9999 -9999 -9999 3.28386068344116 4.12960820773552 3.60979735851288 3.61020147800446 3.50379359722137 3.40898859500885 3.16649687290192 3.05447566509247 2.87485349178314 2.78105092048645 2.55640196800232 2.33875197172165 2.42348331212997 2.76284623146057 3.07915055751801 2.57170808315277 2.68623608350754 2.74650299549103 2.83005076646805 2.86244255304337 2.62278145551682 2.04891604185104 1.81551074981689 1.69920229911804 1.50694870948792 1.51231795549393 1.59144222736359 1.6407750248909 1.74482846260071 1.97524577379227 2.36942857503891 2.93530422449112 3.1296569108963 7.21912283573336 5.69786846637726 3.25656187534332 -9999 -9999 -9999 -9999 -9999 -9999 -9999 -9999 -9999 -9999 -9999 -9999 -9999 -9999 -9999 -9999 -9999 -9999 -9999
-9999 -9999 -9999 -9999 -9999 -9999 4.23170936107635 4.13190335577185 3.97611284255981 3.6468254327774 3.60203611850739 3.63639986515045 3.59275209903717 3.31574392318726 3.02277910709381 2.83479219675064 2.60759031772614 2.62738502025604 2.78062355518341 3.32885098457336 4.24834585189819 4.63619184494019 5.30386054515839 5.05970478057861 4.04753386974335 4.22735846042633 3.60459530353546 3.13926208019257 2.79547727108002 2.39171701669693 1.69668370485306 1.60127323865891 1.58912926912308 1.65758782625198 1.81069278717041 2.39217531681061 3.00576210021973 3.36157965660095 3.29917860031128 -9999 -9999 -9999 -9999 -9999 -9999 -9999 -9999 -9999 -9999 -9999 -9999 -9999 -9999 -9999 -9999 -9999 -9999 -9999 -9999 -9999 -9999 -9999
-9999 -9999 -9999 -9999 4.76175888379415 4.09594580802051 3.87895905971527 3.62213603087834 3.83368277549744 3.68577611446381 3.44921100139618 3.31507515907288 3.26617956161499 2.82689023017883 2.71617293357849 2.57121151685715 2.63785117864609 4.57578456401825 5.37365090847015 5.92662370204926 6.81162285804749 7.04855561256409 7.26032567024231 7.5744252204895 6.52197289466858 5.63552534580231 5.47794914245605 5.91471898555756 6.03208780288696 4.34017431735992 2.6300196647644 2.43695855140686 2.21916908025742 2.39477473497391 2.76862192153931 3.19171714782715 3.43643116950989 10.4011537626888 -9999 -9999 -9999 -9999 -9999 -9999 -9999 -9999 -9999 -9999 -9999 -9999 -9999 -9999 -9999 -9999 -9999 -9999 -9999 -9999 -9999 -9999 -9999 -9999
-9999 -9999 -9999 -9999 3.90072977542877 4.55937051773071 3.74825159140996 3.29990186010088 3.00941222906113 3.58544397354126 3.40126061439514 3.16475415229797 3.12337803840637 2.65153867006302 1.95955502986908 2.49435156583786 3.82769787311554 5.90183687210083 7.89021420478821 8.26280164718628 9.35695195198059 9.41659641265869 9.46825003623962 8.83355140686035 8.27373218536377 7.80709147453308 7.57059645652771 6.36250734329224 5.45048117637634 4.09876942634583 3.52032458782196 3.33084833621979 3.15695106983185 3.27520501613617 3.59735083580017 3.72019135951996 3.6403101682663 -9999 -9999 -9999 -9999 -9999 -9999 -9999 -9999 -9999 -9999 -9999 -9999 -9999 -9999 -9999 -9999 -9999 -9999 -9999 -9999 -9999 -9999 -9999 -9999 -9999
-9999 8.77937849673479 3.909095287323 4.46235159039497 4.04338508182102 3.44355130195618 3.37979936599731 3.98923587799072 3.44055461883545 3.29490888118744 2.88890254497528 2.52880346775055 2.79005473852158 2.34370046854019 2.42675846815109 2.10418277978897 4.35351061820984 5.25155246257782 5.45215272903442 6.20727181434631 7.43458771705627 8.19218945503235 8.93198275566101 11.0938868522644 10.2641501426697 10.3552057743073 10.1895453929901 9.40808987617493 6.53293919563293 3.76849114894867 4.00058770179749 3.96778213977814 3.75632929801941 3.80231022834778 4.14118266105652 -9999 -9999 -9999 -9999 -9999 -9999 -9999 -9999 -9999 -9999 -9999 -9999 -9999 -9999 -9999 -9999 -9999 -9999 -9999 -9999 -9999 -9999 -9999 -9999 -9999 -9999 -9999
3.94257165776922 5.01824167796544 4.76009222439357 4.58556488582066 4.41418504714966 3.60650682449341 3.71438491344452 3.86950135231018 3.61166703701019 3.34343469142914 2.89704608917236 2.32880705595016 2.05332291126251 1.86905854940414 2.21905356645584 2.51214230060577 5.72565829753876 5.96498250961304 7.29277396202087 9.6028139591217 7.55855011940002 8.85414290428162 8.73042511940002 8.20261216163635 9.02759742736816 10.9819049835205 11.0863523483276 8.00432395935059 7.19406151771545 4.11232709884644 4.24816274642944 5.24743115901947 5.00461649894714 -9999 -9999 -9999 -9999 -9999 -9999 -9999 -9999 -9999 -9999 -9999 -9999 -9999 -9999 -9999 -9999 -9999 -9999 -9999 -9999 -9999 -9999 -9999 -9999 -9999 -9999 -9999 -9999 -9999
4.3880771948741 4.25703673892551 4.06169213567461 3.66973328590393 3.97325170040131 3.51308405399323 3.61250567436218 3.4341995716095 3.31038737297058 2.87585628032684 2.4566205739975 2.08290141820908 1.7521567940712 1.65918606519699 2.36111927032471 3.83541369438171 5.70837378501892 9.06164360046387 8.60719084739685 7.33443260192871 5.23458981513977 6.48012042045593 7.48770546913147 9.14689493179321 8.91013598442078 6.66052150726318 6.89019656181335 7.12604928016663 4.29780972003937 5.08295631408691 5.30941879749298 5.78576624393463 6.03143978118896 9.43860540891948 43.6223989908512 3.75266206625736 -9999 -9999 -9999 -9999 -9999 -9999 -9999 -9999 -9999 -9999 -9999 -9999 -9999 -9999 -9999 -9999 -9999 -9999 -9999 -9999 -9999 -9999 -9999 -9999 -9999 -9999
3.84303903579712 3.73440885543823 3.90468835830688 4.95794641971588 3.48255157470703 3.47765171527863 3.29933631420135 2.88438445329666 2.77486056089401 2.56610476970673 2.25648379325867 1.91469973325729 1.63718998432159 2.30761957168579 3.01097559928894 3.4806786775589 6.26049971580505 7.08124136924744 5.69250226020813 4.29104161262512 3.39093089103699 6.32863926887512 6.6930513381958 7.23200440406799 8.18683934211731 6.56297492980957 5.14180934429169 4.26713240146637 5.01316487789154 4.38983488082886 6.47863879570594 -9999 -9999 -9999 -9999 -9999 -9999 -9999 -9999 -9999 -9999 -9999 -9999 -9999 -9999 -9999 -9999 -9999 -9999 -9999 -9999 -9999 -9999 -9999 -9999 -9999 -9999 -9999 -9999 -9999 -9999 -9999
4.67481136322021 3.82202625274658 4.51114636659622 3.63425552845001 3.97628617286682 3.3839818239212 3.53718745708466 3.12778651714325 3.12344777584076 2.8032420873642 2.36319744586945 1.75462049245834 1.83226132392883 1.91092425584793 3.16264736652374 5.90812504291534 8.1640841960907 9.41253089904785 6.79037189483643 7.52369141578674 8.873375415802 8.31578993797302 7.96595478057861 6.87649297714233 5.24879264831543 5.03705406188965 5.80260372161865 5.83194673061371 6.40574860572815 4.17868387699127 4.50568008422852 4.34013369679451 -9999 -9999 -9999 -9999 -9999 -9999 8.54251117706299 12.6942715644836 -9999 -9999 -9999 -9999 -9999 -9999 -9999 -9999 -9999 -9999 -9999 -9999 -9999 -9999 -9999 -9999 -9999 -9999 -9999 -9999 -9999 -9999
8.40894001722336 8.54201702096245 6.87963875315406 4.25953296474789 5.41559712325825 3.4297149181366 3.82094085216522 3.63195526599884 3.38256311416626 2.86748707294464 2.49282217025757 1.83854931592941 1.68849974870682 1.81371742486954 2.8034588098526 6.8893575668335 7.97895812988281 8.70711994171143 7.70723819732666 7.81662368774414 9.02425289154053 9.46900606155396 7.30018186569214 5.18123781681061 4.4724555015564 4.49967455863953 3.66075956821442 3.7554186230356 3.71993613243103 2.96619184379992 5.72850375426443 3.42093944549561 -9999 -9999 -9999 -9999 -9999 -9999 -9999 -9999 -9999 -9999 -9999 -9999 -9999 -9999 -9999 -9999 -9999 -9999 -9999 -9999 -9999 -9999 -9999 -9999 -9999 -9999 -9999 -9999 -9999 -9999
-9999 -9999 -9999 -9999 -9999 3.48808381431981 4.50286209583282 4.35154509544373 3.6498795747757 2.71184992790222 2.47601705789566 1.72218757867813 1.60288041830063 2.50226998329163 3.33151280879974 5.89344155788422 8.79942798614502 9.87472414970398 8.1861412525177 7.37095785140991 7.21514797210693 7.7517421245575 7.53321576118469 5.76488542556763 3.83547363768924 4.82920877138774 -9999 -9999 -9999 -9999 -9999 -9999 -9999 -9999 -9999 -9999 -9999 -9999 -9999 -9999 -9999 -9999 -9999 -9999 -9999 -9999 -9999 -9999 -9999 -9999 -9999 -9999 -9999 -9999 -9999 -9999 -9999 -9999 -9999 -9999 -9999 -9999
-9999 -9999 -9999 -9999 -9999 -9999 3.96157050132751 3.70869612693787 2.97084295749664 2.40313571691513 1.93131369352341 1.39688470959663 2.02726274728775 2.91413408517838 3.85251080989838 7.23955821990967 9.29092526435852 7.23299789428711 7.89339923858643 6.00055003166199 5.53962242603302 4.95506250858307 4.91963911056519 2.69412562000417 -9999 -9999 -9999 -9999 -9999 -9999 -9999 -9999 -9999 -9999 -9999 -9999 -9999 -9999 -9999 -9999 -9999 -9999 -9999 -9999 -9999 -9999 -9999 -9999 -9999 -9999 -9999 -9999 -9999 -9999 -9999 -9999 -9999 -9999 -9999 -9999 -9999 -9999
