EcologicalScience/Bass/data/rs_data_bass/chl_167.asc
NCOLS 226 
NROWS 124 
XLLCORNER -9.41648524995501 
YLLCORNER 47.587301625531 
CELLSIZE 0.0833 
NODATA_value -9999 
[rows 0 to 26 of 124, columns 62 to 123 of 226]
-9999 -9999 -9999 -9999 -9999 -9999 -9999 -9999 -9999 -9999 -9999 -9999 -9999 -9999 -9999 -9999 -9999 -9999 -9999 -9999 -9999 -9999 -9999 -9999 -9999 -9999 -9999 -9999 -9999 -9999 -9999 -9999 -9999 -9999 -9999 -9999 -9999 -9999 -9999 -9999 -9999 -9999 -9999 -9999 -9999 -9999 -9999 -9999 -9999 -9999 -9999 -9999 -9999 -9999 -9999 -9999 -9999 -9999 -9999 -9999 -9999 -9999
-9999 -9999 -9999 -9999 -9999 -9999 -9999 -9999 -9999 -9999 -9999 -9999 -9999 -9999 -9999 -9999 -9999 -9999 -9999 -9999 -9999 -9999 -9999 -9999 -9999 -9999 -9999 -9999 -9999 -9999 -9999 -9999 -9999 -9999 -9999 -9999 -9999 -9999 -9999 -9999 -9999 -9999 -9999 -9999 -9999 -9999 -9999 -9999 -9999 -9999 -9999 -9999 -9999 -9999 -9999 -9999 -9999 -9999 -9999 -9999 -9999 -9999
-9999 -9999 -9999 -9999 -9999 -9999 -9999 -9999 -9999 -9999 -9999 -9999 -9999 -9999 -9999 -9999 -9999 -9999 -9999 -9999 -9999 -9999 -9999 -9999 -9999 -9999 -9999 -9999 -9999 -9999 -9999 -9999 -9999 -9999 -9999 -9999 -9999 -9999 -9999 -9999 -9999 -9999 -9999 -9999 -9999 -9999 -9999 -9999 -9999 -9999 -9999 -9999 -9999 -9999 -9999 -9999 -9999 -9999 -9999 -9999 -9999 -9999
-9999 -9999 -9999 -9999 -9999 -9999 -9999 -9999 -9999 -9999 -9999 -9999 -9999 -9999 -9999 -9999 -9999 -9999 -9999 -9999 -9999 -9999 -9999 -9999 -9999 -9999 -9999 -9999 -9999 -9999 -9999 -9999 -9999 -9999 -9999 -9999 -9999 -9999 -9999 -9999 -9999 -9999 -9999 -9999 -9999 -9999 -9999 -9999 -9999 -9999 -9999 -9999 -9999 -9999 -9999 -9999 -9999 -9999 -9999 -9999 -9999 -9999
-9999 -9999 -9999 -9999 -9999 -9999 -9999 -9999 -9999 -9999 -9999 -9999 -9999 -9999 -9999 -9999 -9999 -9999 -9999 -9999 -9999 -9999 -9999 -9999 -9999 -9999 -9999 -9999 -9999 -9999 -9999 -9999 -9999 -9999 -9999 -9999 -9999 -9999 -9999 -9999 -9999 -9999 -9999 -9999 -9999 -9999 -9999 -9999 -9999 -9999 -9999 -9999 -9999 -9999 -9999 -9999 -9999 -9999 -9999 -9999 -9999 -9999
-9999 -9999 -9999 -9999 -9999 -9999 -9999 -9999 -9999 -9999 -9999 -9999 -9999 -9999 -9999 -9999 -9999 -9999 -9999 -9999 -9999 -9999 -9999 -9999 -9999 -9999 -9999 -9999 0.63735419511795 0.849663108260962 1.08088687062263 1.21369913220406 1.2443036288023 1.08688987791538 0.815658375620842 0.707220733165741 0.623912997543812 0.66745837032795 0.607238620519638 0.598511226475239 0.491799741983414 0.606043517589569 0.632525995373726 0.627281248569489 0.578268751502037 0.558809235692024 0.526908740401268 0.506531998515129 0.484751254320145 0.448954492807388 0.42925500869751 0.428048998117447 0.426636770367622 0.449352756142616 0.486682489514351 0.463666498661041 0.475242733955383 0.48853500187397 0.513625502586365 0.5013697296381 0.462221994996071 0.437913000583649
-9999 -9999 -9999 -9999 -9999 -9999 -9999 -9999 -9999 -9999 -9999 -9999 -9999 -9999 -9999 -9999 -9999 -9999 -9999 -9999 -9999 -9999 -9999 -9999 -9999 -9999 1.18186515569687 1.0627324283123 1.85367960589273 1.21010363101959 1.1265525072813 1.33945235610008 1.1152830272913 0.982985638082027 0.719818130135536 0.743358761072159 0.791131496429443 0.844466596841812 0.798176229000092 0.78574874997139 0.746035516262054 0.697864517569542 0.662106022238731 0.648649513721466 0.609299272298813 0.547323748469353 0.510909765958786 0.493900492787361 0.446456238627434 0.440190017223358 0.439043238759041 0.445758730173111 0.429520502686501 0.420582756400108 0.402799487113953 0.441806271672249 0.49228723347187 0.49735651910305 0.485588237643242 0.477406516671181 0.468023255467415 0.425550743937492
-9999 -9999 -9999 -9999 -9999 -9999 -9999 -9999 -9999 -9999 -9999 -9999 -9999 -9999 -9999 -9999 -9999 -9999 -9999 -9999 -9999 -9999 -9999 -9999 -9999 -9999 1.18186515569687 3.31015169620514 1.49532522261143 1.04521425068378 1.12763473391533 1.37231884896755 1.30568808317184 1.05584965646267 0.957933381199837 0.910271599888802 0.823639132082462 0.791809469461441 0.739403262734413 0.659614518284798 0.614340752363205 0.576217487454414 0.578607738018036 0.56462100148201 0.573166519403458 0.508856266736984 0.476570248603821 0.45439875125885 0.442157238721848 0.431996986269951 0.43301323056221 0.408515989780426 0.38969399034977 0.412151232361794 0.426620230078697 0.442850232124329 0.462162002921104 0.488280728459358 0.493737012147903 0.476042255759239 0.471400514245033 0.383022755384445
-9999 -9999 -9999 -9999 -9999 -9999 -9999 -9999 -9999 -9999 -9999 -9999 -9999 -9999 -9999 -9999 -9999 -9999 -9999 -9999 -9999 -9999 -9999 -9999 -9999 -9999 5.91479521989822 2.93479916453362 1.46288926899433 1.19463001191616 1.32429599761963 1.29680626094341 1.26803098618984 1.02614173293114 0.970220983028412 1.03888124227524 0.976854711771011 0.860161542892456 0.788113474845886 0.6706882417202 0.593811750411987 0.583088234066963 0.547457993030548 0.529191747307777 0.512505769729614 0.472877249121666 0.450178518891335 0.433706268668175 0.425885260105133 0.413342982530594 0.42509400844574 0.39402075111866 0.391124993562698 0.405872270464897 0.413026481866837 0.419232755899429 0.413693994283676 0.444419994950294 0.436524733901024 0.391181230545044 0.355594508349895 0.364487260580063
-9999 -9999 -9999 -9999 -9999 -9999 -9999 -9999 -9999 -9999 -9999 -9999 -9999 -9999 -9999 -9999 -9999 -9999 -9999 -9999 -9999 -9999 -9999 -9999 -9999 1.19121462106705 4.64660325050354 2.8103035390377 1.98711901903152 1.50881177186966 1.26378639042377 1.15911675989628 1.04650913178921 1.31941428780556 1.11717975139618 1.14043870568275 1.10111251473427 1.02575996518135 1.0016827583313 0.856671005487442 0.734358742833138 0.645601496100426 0.599157750606537 0.55486424267292 0.484870478510857 0.416504234075546 0.387075752019882 0.36522451043129 0.36938850581646 0.364531494677067 0.360091499984264 0.343031242489815 0.371610760688782 0.386972263455391 0.392964765429497 0.384924754500389 0.392552241683006 0.408593237400055 0.443189263343811 0.386178731918335 0.430728748440742 0.428627997636795
-9999 -9999 -9999 -9999 -9999 -9999 -9999 -9999 -9999 -9999 -9999 -9999 -9999 -9999 -9999 -9999 -9999 -9999 -9999 -9999 -9999 -9999 -9999 -9999 -9999 13.9041695594788 8.17895579338074 5.00925770401955 3.12909109890461 1.44512061774731 1.24581076204777 1.10031938552856 2.20528507232666 1.40522548556328 1.04085302352905 0.9935302734375 0.976134717464447 0.940913289785385 0.935429960489273 0.924913465976715 0.827166706323624 0.705375730991364 0.626405999064445 0.559208258986473 0.493679255247116 0.412216499447823 0.36965323984623 0.368110500276089 0.364781990647316 0.357644252479076 0.338683493435383 0.330737248063087 0.323136001825333 0.312623240053654 0.328480504453182 0.357339754700661 0.357243753969669 0.410399258136749 0.417315736413002 0.390401244163513 0.424690514802933 0.471050262451172
-9999 -9999 -9999 -9999 -9999 -9999 -9999 -9999 -9999 -9999 -9999 -9999 -9999 -9999 -9999 -9999 -9999 -9999 -9999 -9999 -9999 -9999 -9999 -9999 1.31647038459778 6.61072129011154 5.50604009628296 8.87944382429123 5.96058788895607 1.57839524745941 1.49733299016953 1.44978529214859 1.29082122445107 1.24127697944641 1.08651074767113 0.907488763332367 0.783660739660263 0.699285730719566 0.670113757252693 0.651614248752594 0.604582518339157 0.550964266061783 0.512645244598389 0.494814768433571 0.483059987425804 0.454186499118805 0.408370479941368 0.409572020173073 0.40786050260067 0.372064501047134 0.35377049446106 0.333591006696224 0.318652510643005 0.311914511024952 0.334946997463703 0.344200506806374 0.342845253646374 0.357496507465839 0.347117990255356 0.368888989090919 0.378005996346474 0.388001248240471
-9999 -9999 -9999 -9999 -9999 -9999 -9999 -9999 -9999 -9999 -9999 -9999 -9999 -9999 -9999 -9999 -9999 -9999 -9999 -9999 -9999 -9999 -9999 1.50594073534012 1.66025018692017 1.36704379320145 1.2551077902317 3.35529443621635 1.47384828329086 1.75751477479935 1.70512497425079 1.59392166137695 1.50299102067947 1.30865621566772 1.1590987443924 0.817886978387833 0.746484741568565 0.674499750137329 0.589877262711525 0.545637756586075 0.535835266113281 0.519429758191109 0.501231729984283 0.473401486873627 0.4660424888134 0.45890848338604 0.452363267540932 0.445223987102509 0.435496509075165 0.406140759587288 0.36506699770689 0.384445488452911 0.375803992152214 0.349475249648094 0.340498499572277 0.327277489006519 0.363082498311996 0.371715746819973 0.381390765309334 0.397866770625114 0.42325048148632 0.45712423324585
-9999 -9999 -9999 -9999 -9999 -9999 -9999 -9999 -9999 -9999 -9999 -9999 -9999 -9999 -9999 -9999 -9999 -9999 -9999 -9999 -9999 -9999 6.79708874225616 1.95501816272736 1.42962446808815 1.27597126364708 1.41447973251343 1.58990406990051 1.8202845454216 1.96728301048279 1.92338544130325 1.57569819688797 1.38402074575424 1.19508451223373 0.964214980602264 0.757661283016205 0.732191249728203 0.68324401974678 0.636773228645325 0.613773733377457 0.567110270261765 0.541861519217491 0.512097761034966 0.489522010087967 0.479372262954712 0.443486988544464 0.457079261541367 0.430850252509117 0.416532754898071 0.394155755639076 0.374849997460842 0.382185772061348 0.387448489665985 0.356504246592522 0.343423493206501 0.321531750261784 0.35529450327158 0.347947508096695 0.313907258212566 0.393555745482445 0.414263755083084 0.395307257771492
-9999 -9999 -9999 -9999 -9999 -9999 -9999 -9999 -9999 -9999 -9999 -9999 -9999 -9999 -9999 -9999 -9999 -9999 -9999 -9999 2.64602583646774 1.98907244037574 4.14160314202309 2.48476383090019 2.32425230741501 1.45787850022316 1.40759173035622 1.42103925347328 1.59168148040771 1.73242127895355 1.71409732103348 1.57176375389099 1.37296950817108 1.17721652984619 1.00317522883415 0.920074492692947 0.777996718883514 0.687704980373383 0.626308500766754 0.592698767781258 0.529256254434586 0.507057756185532 0.492421478033066 0.482422515749931 0.432017996907234 0.414767235517502 0.39648748934269 0.379545003175735 0.378195002675056 0.377139732241631 0.36880199611187 0.373860754072666 0.383145019412041 0.379953771829605 0.358370997011662 0.348192751407623 0.348013490438461 0.341131500899792 0.326369248330593 0.291505493223667 0.306578256189823 0.374384254217148
-9999 -9999 -9999 -9999 -9999 -9999 -9999 -9999 -9999 -9999 -9999 -9999 -9999 -9999 -9999 -9999 -9999 -9999 -9999 -9999 2.14646302332106 4.35819615636553 2.78317084908485 1.76511007547379 1.83312678337097 1.76234024763107 1.73349523544312 1.60679322481155 1.5490785241127 1.52015483379364 1.49274972081184 1.41406354308128 1.35728475451469 1.26059773564339 1.14095476269722 1.02662175893784 0.845716506242752 0.762872993946075 0.670951500535011 0.595496267080307 0.542868733406067 0.492186740040779 0.466449737548828 0.446042999625206 0.388433262705803 0.371325753629208 0.383139744400978 0.376433998346329 0.363312005996704 0.359393253922462 0.353234991431236 0.358518004417419 0.368318997323513 0.373072497546673 0.394384503364563 0.381136491894722 0.363970510661602 0.360019505023956 0.344902507960796 0.305272489786148 0.293795250356197 0.245571009814739
-9999 -9999 -9999 -9999 -9999 -9999 -9999 -9999 -9999 -9999 -9999 -9999 -9999 -9999 -9999 -9999 -9999 -9999 -9999 2.34592232108116 3.19788452982903 3.62379974126816 2.43004792928696 2.31895878911018 1.87286853790283 1.59413856267929 1.44264900684357 1.59249007701874 1.46062874794006 1.41651973128319 1.34369704127312 1.01047879457474 0.95457449555397 1.04923126101494 1.13084399700165 1.02133727073669 0.804061532020569 0.664215758442879 0.592715263366699 0.521700739860535 0.458519250154495 0.413949742913246 0.396290257573128 0.418641731142998 0.372662253677845 0.361050747334957 0.359264999628067 0.362559758126736 0.365769758820534 0.376785010099411 0.379400253295898 0.372544504702091 0.361154995858669 0.364270493388176 0.373869001865387 0.388299018144608 0.380633980035782 0.371464490890503 0.326366990804672 0.291416242718697 0.287494495511055 0.332517368718982
-9999 -9999 -9999 -9999 -9999 -9999 -9999 -9999 -9999 -9999 -9999 -9999 -9999 -9999 -9999 -9999 -9999 -9999 40.771649479866 9.39942401647568 5.73186063766479 4.46191191673279 3.88394924998283 2.88237181305885 1.53515177965164 1.77406507730484 1.70873022079468 1.42068073153496 1.31305798888206 1.34394451975822 1.00751253962517 1.01291620731354 0.952667266130447 1.08454647660255 1.09788823127747 1.05161699652672 0.977876991033554 0.527759984135628 0.489452987909317 0.455054998397827 0.409805238246918 0.398571744561195 0.3906120210886 0.360048741102219 0.343354493379593 0.352388240396976 0.361853241920471 0.378012746572495 0.396252751350403 0.401573270559311 0.409095749258995 0.376908749341965 0.360938251018524 0.380886733531952 0.414205253124237 0.39893513917923 0.435416504740715 0.413100749254227 0.411831259727478 0.297929249703884 0.266068495810032 0.266118004918098
-9999 -9999 -9999 -9999 -9999 -9999 -9999 -9999 -9999 -9999 -9999 -9999 -9999 -9999 -9999 -9999 -9999 14.5185577828071 21.7489929199219 11.5401306152344 6.82627022266388 4.36766964197159 1.44073578715324 1.81312876939774 1.5814665555954 1.30602899193764 1.30057945847511 1.37503427267075 0.783455282449722 0.819104254245758 0.906805515289307 0.892372459173203 0.891215980052948 0.966639786958694 0.964390486478806 0.917424023151398 0.86919978260994 0.553076237440109 0.505926758050919 0.409943237900734 0.35768698900938 0.390676483511925 0.397058978676796 0.384123757481575 0.378776237368584 0.372605994343758 0.355919994413853 0.373043239116669 0.407840251922607 0.419597983360291 0.408098995685577 0.400512769818306 0.387107267975807 0.36480825394392 0.345542997121811 0.325991258025169 0.395097367465496 0.403113752603531 0.299303255975246 0.330290995538235 0.281377494335175 0.337026748806238
-9999 -9999 -9999 -9999 -9999 -9999 -9999 -9999 -9999 -9999 -9999 -9999 -9999 -9999 -9999 -9999 -9999 -9999 -9999 18.7563564777374 1.11569845676422 1.11931800842285 1.55774331092834 1.75787097215652 1.55315548181534 1.48593297600746 1.72171944379807 1.56043571233749 1.0118699669838 0.8111452460289 0.76824152469635 0.838746786117554 0.939608216285706 1.04074949026108 1.10292372107506 1.01483103632927 0.95008796453476 0.754311740398407 0.583511263132095 0.494960993528366 0.504914984107018 0.465539261698723 0.411453768610954 0.399612754583359 0.3919687718153 0.387083262205124 0.368949003517628 0.366342008113861 0.389009982347488 0.421385988593102 0.418158754706383 0.415828496217728 0.411569237709045 0.412056729197502 0.370511993765831 0.341840989887714 0.296091008931398 0.266537245362997 0.268767004832625 0.304872371256351 0.398371517658234 0.320605125278234
-9999 -9999 -9999 -9999 -9999 -9999 -9999 -9999 -9999 -9999 -9999 -9999 -9999 -9999 -9999 12.0263246297836 8.88489583061963 3.839835488519 11.4052242189646 11.8838857412338 0.860067754983902 0.903894782066345 2.18358939886093 2.32851406931877 2.456080108881 1.83524850010872 1.56094533205032 1.31668871641159 1.38945378363132 0.698520764708519 0.720950245857239 0.912806242704391 1.01175454258919 1.04774996638298 1.03684276342392 0.949935793876648 0.865248709917068 0.79722073674202 0.612054750323296 0.571147486567497 0.534800246357918 0.476639270782471 0.458748757839203 0.418482765555382 0.404106751084328 0.372980989515781 0.363216005265713 0.376951485872269 0.385521769523621 0.391584768891335 0.397409230470657 0.413745760917664 0.421982243657112 0.427302002906799 0.394839763641357 0.299533501267433 0.376374766230583 0.278254117816687 0.263906624168158 0.275883749127388 0.28685324639082 0.301706627011299
-9999 -9999 -9999 -9999 -9999 -9999 -9999 -9999 -9999 -9999 35.2986888885498 35.2986888885498 13.7248649597168 16.5380923748016 20.321061372757 11.2877247333527 13.5024955272675 20.9719741344452 9.94026482105255 7.02069854736328 5.86208260059357 3.91212218999863 2.96628043055534 0.936005294322968 0.952088266611099 1.21197599172592 1.38453152775764 1.44667947292328 1.09804272651672 1.44532200694084 0.990245997905731 0.953393965959549 0.896283030509949 0.913008034229279 0.913911044597626 0.879796475172043 0.889476746320724 0.768289536237717 0.60758475959301 0.573203265666962 0.493046253919601 0.486989244818687 0.473298758268356 0.413703739643097 0.403740763664246 0.401806488633156 0.384739503264427 0.383843243122101 0.408114731311798 0.439672484993935 0.442991271615028 0.4439647346735 0.476753979921341 0.462372019886971 0.434392511844635 0.471831768751144 0.459289491176605 0.460904985666275 0.399366740137339 0.318994123488665 0.292890004813671 0.300215989351273
-9999 -9999 -9999 -9999 -9999 -9999 -9999 -9999 -9999 -9999 35.2986888885498 5.66122914685143 5.04626967225756 6.19514554738998 6.31167984008789 11.0754654407501 14.4423140287399 9.57389408891851 7.47209333606286 2.2385189384222 26.5637626647949 11.2970459461212 7.29678565263748 0.815775007009506 0.889237493276596 1.02699753642082 1.26340726017952 1.29074478149414 1.25347870588303 1.24686446785927 0.947485506534576 0.936509281396866 0.889060467481613 0.841555505990982 0.736087515950203 0.650571763515472 0.640957519412041 0.624567747116089 0.568274259567261 0.522721499204636 0.461998522281647 0.442733243107796 0.438214480876923 0.421018481254578 0.414650246500969 0.415545746684074 0.455648258328438 0.428710520267487 0.491494506597519 0.550376236438751 0.531085520982742 0.495112493634224 0.488061010837555 0.540665253996849 0.524998515844345 0.484992742538452 0.481359019875526 0.458742007613182 0.459280505776405 0.427137762308121 0.457638010382652 0.336139507591724
-9999 -9999 -9999 -9999 -9999 -9999 -9999 -9999 -9999 -9999 -9999 -9999 12.9280737946322 4.45385304093361 5.53926783800125 5.73817509412766 -9999 -9999 -9999 -9999 -9999 -9999 30.2702643871307 19.6022154092789 0.551166728138924 0.627102747559547 0.56359201669693 0.689919769763947 0.7982137799263 0.800324231386185 0.679038763046265 0.896279990673065 0.821500539779663 0.890245467424393 0.57065150141716 0.751895248889923 0.633981764316559 0.538017734885216 0.518132641911507 0.428897246718407 0.36108224093914 0.391468495130539 0.399597734212875 0.41728949546814 0.405707269906998 0.391009479761124 0.408448487520218 0.471197247505188 0.50397826731205 0.533966258168221 0.597549766302109 0.588499501347542 0.593337759375572 0.611853763461113 0.628200754523277 0.609036728739738 0.539457768201828 0.476530507206917 0.499937251210213 0.441031515598297 0.459113985300064 0.403637230396271
-9999 -9999 -9999 -9999 -9999 -9999 -9999 -9999 -9999 -9999 -9999 -9999 -9999 16.6274771690369 16.6274771690369 16.6274771690369 -9999 -9999 -9999 -9999 -9999 -9999 4.94490551948547 4.94490551948547 4.94490551948547 0.308659605681896 26.4983946830034 9.10389733314514 3.6576364338398 1.88299235701561 0.716360986232758 0.647414267063141 1.03816464543343 0.263557501137257 0.878370389342308 0.734863489866257 0.618486374616623 0.545647121965885 0.665700003504753 0.455595754086971 0.48616274446249 0.391608014702797 0.483863979578018 0.509177997708321 0.412843510508537 0.406455740332603 0.426572978496552 0.44676898419857 0.459215998649597 0.508676245808601 0.51233097910881 0.571012482047081 0.581074520945549 0.607501521706581 0.661874994635582 0.632423266768456 0.607524007558823 0.382752746343613 0.399663761258125 0.406235262751579 0.427137762308121 0.384899988770485
-9999 -9999 -9999 -9999 -9999 -9999 -9999 -9999 -9999 -9999 -9999 -9999 -9999 -9999 -9999 -9999 -9999 -9999 -9999 -9999 -9999 -9999 -9999 -9999 -9999 -9999 10.9097815901041 22.836944013834 9.91190931200981 6.45899239182472 2.50001138448715 2.3549527823925 1.85719531774521 1.19173090159893 1.0142572671175 0.857466727495193 0.589320749044418 0.506899125874043 0.47350238263607 0.499310631304979 0.507826119661331 0.516965635120869 0.517162509262562 0.306996010243893 0.352400243282318 0.359275504946709 0.486824244260788 0.533651255071163 0.591105379164219 0.591617994010448 0.567691504955292 0.577486127614975 0.507761254906654 0.610760271549225 0.777423709630966 0.458897978067398 0.470452487468719 0.395317509770393 0.381704270839691 0.346328258514404 0.325065739452839 0.33509624004364
-9999 -9999 -9999 -9999 -9999 -9999 -9999 -9999 -9999 -9999 -9999 -9999 -9999 -9999 -9999 -9999 -9999 -9999 -9999 -9999 -9999 -9999 -9999 -9999 -9999 -9999 -9999 7.9442867012251 56.4161252975464 6.90663680434227 6.20707565546036 4.77097289264202 2.6848121881485 1.34398198127747 1.14388686418533 0.849259525537491 0.646641008555889 0.588227994740009 0.546124510467052 0.528605617582798 0.55595887452364 0.530912630259991 0.560742370784283 0.561342760920525 0.571580998599529 0.531713247299194 0.523597106337547 0.553066112101078 0.58907400816679 0.595943257212639 0.585463128983974 0.582160882651806 0.461081251502037 0.458414241671562 0.459590256214142 0.415608733892441 0.421383753418922 0.39248925447464 0.361787997186184 0.3204735070467 0.316416755318642 0.326473496854305
