EcologicalScience/Bass/data/rs_data_bass/chl_214.asc
NCOLS 226 
NROWS 124 
XLLCORNER -9.41648524995501 
YLLCORNER 47.587301625531 
CELLSIZE 0.0833 
NODATA_value -9999 
[rows 54 to 80 of 124, columns 0 to 61 of 226]
-9999 -9999 -9999 -9999 -9999 -9999 -9999 -9999 -9999 -9999 -9999 -9999 -9999 -9999 -9999 -9999 -9999 -9999 -9999 -9999 -9999 -9999 -9999 -9999 -9999 -9999 -9999 -9999 -9999 -9999 -9999 -9999 -9999 -9999 -9999 -9999 -9999 -9999 4.86228911050287 2.98884349747708 4.62196299433708 2.46072453260422 1.91369260847569 1.35055989772081 1.51790922135115 1.14170071482658 1.07969149947166 0.989708721637726 0.950471252202988 1.02228650450706 1.11862599849701 1.17109102010727 1.20649747550488 1.0767960101366 1.32246673107147 1.71103942394257 1.40033951401711 1.92460915446281 -9999 0.607058599591255 0.62790758907795 1.66854554479537
-9999 -9999 -9999 -9999 -9999 -9999 -9999 -9999 -9999 -9999 -9999 -9999 -9999 -9999 -9999 -9999 -9999 -9999 -9999 -9999 -9999 -9999 -9999 -9999 -9999 -9999 -9999 -9999 -9999 -9999 -9999 -9999 -9999 -9999 -9999 -9999 -9999 -9999 -9999 4.53989790036128 3.56362393498421 2.3119588047266 1.910330504179 1.73405000567436 1.11402225494385 0.942306265234947 0.906488478183746 0.903893977403641 0.947036519646645 1.06696550548077 1.05462701618671 1.24153426289558 1.71790578961372 1.55039134025574 1.48836299777031 1.63163588941097 1.67016823589802 -9999 -9999 -9999 -9999 -9999
-9999 -9999 -9999 -9999 -9999 -9999 -9999 -9999 -9999 -9999 -9999 -9999 -9999 -9999 -9999 -9999 -9999 -9999 -9999 -9999 -9999 -9999 -9999 -9999 -9999 -9999 -9999 -9999 -9999 -9999 -9999 -9999 -9999 -9999 -9999 -9999 -9999 -9999 -9999 -9999 2.6621849834919 2.07020115852356 1.87699292600155 1.81512880325317 1.78650896251202 1.1393129825592 1.09580501914024 1.12766176462173 1.2107969969511 1.11587253212929 1.05956700444221 1.50304216146469 1.58255285024643 1.18621163070202 1.2517364770174 1.60505738854408 1.97617480158806 2.04940304160118 1.85589836041133 -9999 -9999 -9999
-9999 -9999 -9999 -9999 -9999 -9999 -9999 -9999 -9999 -9999 -9999 -9999 -9999 -9999 -9999 -9999 -9999 -9999 -9999 -9999 -9999 -9999 -9999 -9999 -9999 -9999 -9999 -9999 -9999 -9999 -9999 -9999 -9999 -9999 -9999 -9999 -9999 -9999 -9999 -9999 2.63156890869141 2.12877988815308 2.08702455461025 1.7846075296402 1.776621311903 1.78125500679016 1.38006049394608 1.41738253831863 1.41923367977142 1.43396133184433 1.29836945235729 1.08573261648417 1.06875488162041 1.1027969866991 1.17214424908161 1.19555287063122 1.28869691491127 1.48200975358486 1.78293934464455 2.03059986233711 2.40670041561127 -9999
-9999 -9999 -9999 -9999 -9999 -9999 -9999 -9999 -9999 -9999 -9999 -9999 -9999 -9999 -9999 -9999 -9999 -9999 -9999 -9999 -9999 -9999 -9999 -9999 -9999 -9999 -9999 -9999 -9999 -9999 -9999 -9999 -9999 -9999 -9999 -9999 -9999 -9999 -9999 -9999 -9999 2.45120083540678 2.22119030356407 2.06925773620605 1.96108290553093 1.98415905237198 1.6974995136261 1.58116671442986 1.55953097343445 1.37183853983879 1.24577962607145 1.06326712667942 1.03858800977468 1.21874096989632 1.27826173603535 1.33482304215431 1.44143325090408 1.47922611236572 1.52770493924618 1.65032288432121 1.56528259813786 -9999
-9999 -9999 -9999 -9999 -9999 -9999 -9999 -9999 -9999 -9999 -9999 -9999 -9999 -9999 -9999 -9999 -9999 -9999 -9999 -9999 -9999 -9999 -9999 -9999 -9999 -9999 -9999 -9999 -9999 -9999 -9999 -9999 -9999 -9999 -9999 -9999 -9999 -9999 -9999 -9999 -9999 2.67195868492126 2.11252731084824 1.94506198167801 2.06281971931458 2.10375986248255 1.91416051983833 1.58988826721907 1.38460102677345 1.36323976516724 1.27685397863388 0.979459226131439 1.23045788705349 1.34086123108864 1.38833048939705 1.32272887229919 1.33414801955223 1.57438606023788 1.67957943677902 2.07685093852607 -9999 -9999
-9999 -9999 -9999 -9999 -9999 -9999 -9999 -9999 -9999 -9999 -9999 -9999 -9999 -9999 -9999 -9999 -9999 -9999 -9999 -9999 -9999 -9999 -9999 -9999 -9999 -9999 -9999 -9999 -9999 -9999 -9999 -9999 -9999 -9999 -9999 -9999 -9999 -9999 -9999 -9999 2.79507147073746 2.20644016563892 2.11286924779415 1.58867660164833 1.41168746352196 1.33365073800087 1.42790776491165 1.47754128277302 1.31653346121311 1.35165072977543 1.07398255169392 1.10525925457478 1.28312323987484 1.32694427669048 1.58335348963737 1.69355374574661 1.57060307264328 -9999 -9999 3.7526141166687 3.16352587938309 3.67077302932739
-9999 -9999 -9999 -9999 -9999 -9999 -9999 -9999 -9999 -9999 -9999 -9999 -9999 -9999 -9999 -9999 -9999 -9999 -9999 -9999 -9999 -9999 -9999 -9999 -9999 -9999 -9999 -9999 -9999 -9999 -9999 -9999 -9999 -9999 -9999 -9999 -9999 -9999 -9999 2.60991042852402 2.21837045252323 2.06471867859364 1.75970211625099 1.62034164369106 1.31511636078358 1.29036189615726 1.38726259768009 1.42842972278595 1.32667838037014 1.11859915405512 1.09563504159451 0.981869235634804 1.19920648634434 1.40673337876797 1.44059081375599 1.83839249610901 2.04397156834602 2.43655577301979 2.83297660946846 2.69521504640579 2.8560850918293 3.20163184404373
-9999 -9999 -9999 -9999 -9999 -9999 -9999 -9999 -9999 -9999 -9999 -9999 -9999 -9999 -9999 -9999 -9999 -9999 -9999 -9999 -9999 -9999 -9999 -9999 -9999 -9999 -9999 -9999 -9999 -9999 -9999 -9999 -9999 -9999 -9999 -9999 -9999 -9999 -9999 2.46494740247726 1.83879634737968 1.83378517627716 1.44330145418644 1.4404630959034 1.30860860645771 1.27380605041981 1.30649435520172 1.26869250833988 1.28402660787106 1.10337860137224 1.11715033650398 1.13550878316164 1.20610052347183 1.3997812718153 1.43375211954117 1.58593493700027 1.69222953915596 1.7546489238739 1.80113482475281 2.5753039419651 2.74213483929634 2.42219772934914
-9999 -9999 -9999 -9999 -9999 -9999 -9999 -9999 -9999 -9999 -9999 -9999 -9999 -9999 -9999 -9999 -9999 -9999 -9999 -9999 -9999 -9999 -9999 -9999 -9999 -9999 -9999 -9999 -9999 -9999 -9999 -9999 -9999 -9999 -9999 -9999 -9999 -9999 3.87665893137455 2.61511373519897 1.71929503977299 1.37122531235218 1.32534751296043 1.23772273957729 1.25968985259533 1.22282364964485 1.22560648620129 1.24050034582615 1.26326662302017 1.05762375891209 1.02287703752518 1.03471740335226 1.02829648554325 1.18785037100315 1.46762871742249 1.5562282204628 1.5754320025444 1.18068373203278 1.74532431364059 1.74990230798721 1.8808441311121 2.12485814094543
-9999 -9999 -9999 -9999 -9999 -9999 -9999 -9999 -9999 -9999 -9999 -9999 -9999 -9999 -9999 -9999 -9999 -9999 -9999 -9999 -9999 -9999 -9999 -9999 -9999 -9999 -9999 -9999 -9999 -9999 -9999 -9999 -9999 -9999 -9999 -9999 -9999 -9999 2.42455315589905 1.99823391437531 1.55879585444927 1.40194129943848 1.3161229044199 1.23160797357559 1.19156138598919 1.22108513116837 1.26035512983799 1.1690928786993 1.17538721859455 1.22812083363533 1.0242018699646 0.673703268170357 1.12853908538818 1.20163106918335 1.38857698440552 0.917310029268265 1.00932374596596 1.04175370931625 1.18726122379303 1.6339972615242 1.71793127059937 1.77702605724335
-9999 -9999 -9999 -9999 -9999 -9999 -9999 -9999 -9999 -9999 -9999 -9999 -9999 -9999 -9999 -9999 -9999 -9999 -9999 -9999 -9999 -9999 -9999 -9999 -9999 -9999 -9999 -9999 -9999 -9999 -9999 -9999 -9999 -9999 -9999 -9999 -9999 2.05630508065224 1.90392154455185 1.42014755308628 1.47086924314499 1.51724959909916 1.16772602498531 1.13587912917137 1.1877772808075 1.17665478587151 1.27966497838497 1.02082233130932 0.973623767495155 0.981314644217491 1.05263623595238 0.909009352326393 0.815707504749298 1.04566951096058 1.12932939827442 0.90853351354599 1.03002074360847 0.993252754211426 0.966287970542908 1.20435489714146 1.49020651727915 1.81495830416679
-9999 -9999 -9999 -9999 -9999 -9999 -9999 -9999 -9999 -9999 -9999 -9999 -9999 -9999 -9999 -9999 -9999 -9999 -9999 -9999 -9999 -9999 -9999 -9999 -9999 -9999 -9999 -9999 -9999 -9999 -9999 -9999 -9999 -9999 -9999 -9999 -9999 2.78436984121799 2.26440712809563 1.34150174260139 1.54560188949108 1.49986124038696 1.37411212921143 1.02641326189041 1.01863422989845 0.576945751905441 0.603302255272865 0.752226747572422 0.758669972419739 0.73666575551033 0.7381192445755 0.765116214752197 0.777357559651136 0.940903343260288 1.05523049086332 0.980022251605988 1.26337873935699 1.25771999359131 0.775099247694016 1.78912550210953 1.84106278419495 2.20588231086731
-9999 -9999 -9999 -9999 -9999 -9999 -9999 -9999 -9999 -9999 -9999 -9999 -9999 -9999 -9999 -9999 -9999 -9999 -9999 -9999 -9999 -9999 -9999 -9999 -9999 -9999 -9999 -9999 -9999 -9999 -9999 -9999 -9999 -9999 -9999 -9999 4.80281129479408 3.84880194067955 2.63221085071564 1.61241897940636 1.28026123344898 0.892758384346962 0.929172746837139 0.644561246037483 0.612804740667343 0.603759750723839 0.731271743774414 0.780338287353516 0.78081750869751 0.789740234613419 0.817550987005234 0.964110374450684 0.893064178526402 1.03559229522943 1.07654886692762 1.10581013560295 1.09605411440134 1.33107022941113 0.889435328543186 0.951567023992538 2.1726448059082 2.43440520763397
-9999 -9999 -9999 -9999 -9999 -9999 -9999 -9999 -9999 -9999 -9999 -9999 -9999 -9999 -9999 -9999 -9999 -9999 -9999 -9999 -9999 -9999 -9999 -9999 -9999 -9999 -9999 -9999 -9999 -9999 -9999 1.3586695253849 1.37477658532168 -9999 2.10493344068527 2.38398849964142 2.10258642832438 1.45799884200096 1.21815790235996 1.14390563964844 1.03622737526894 0.50847601890564 0.605615258216858 0.644367769360542 0.631478235125542 0.695690989494324 0.747647255659103 0.809871733188629 1.06062752008438 1.00868451595306 1.0211855173111 0.959884762763977 0.922407388687134 1.19524198770523 1.41224178671837 1.53813743591309 1.6917262673378 2.0502405166626 2.23507654666901 1.84972095489502 2.39472076892853 2.59325959682465
-9999 -9999 -9999 -9999 -9999 -9999 -9999 -9999 -9999 -9999 -9999 -9999 -9999 -9999 -9999 -9999 -9999 -9999 -9999 -9999 -9999 -9999 0.346259817481041 0.981200643948146 1.88926953077316 2.21638834476471 2.19013425707817 2.62067909538746 2.41125494241714 4.58311173319817 4.42389509081841 4.37866866588593 2.37677657604218 1.22969551384449 1.49931639432907 1.59863743185997 1.6267781406641 1.21003049612045 1.14940202236176 1.03719860315323 0.996375381946564 0.523454993963242 0.58102123439312 0.616824746131897 0.612764239311218 0.883942544460297 0.92883825302124 0.929928034543991 1.45340779423714 1.34731274843216 1.54552721977234 1.46199372410774 1.46588471531868 1.49322000145912 1.80462223291397 1.62577646970749 2.00323122739792 2.27457529306412 7.44974143540158 -9999 -9999 -9999
-9999 -9999 -9999 -9999 -9999 -9999 -9999 -9999 -9999 -9999 -9999 -9999 -9999 -9999 -9999 -9999 -9999 -9999 -9999 -9999 -9999 -9999 4.47672906517982 1.1744741499424 1.02252562344074 0.972805872559547 0.303483746945858 1.38556422293186 2.66894133388996 4.72615617513657 4.26225489377975 3.01314747333527 1.33919513225555 1.23825676739216 1.05203926563263 0.373648501932621 0.383965507149696 0.444038271903992 0.41524051129818 0.397325992584229 0.500655010342598 0.581199735403061 0.562554001808167 0.571898996829987 0.57056325674057 0.848930239677429 0.931583225727081 1.55108016729355 1.55167883634567 1.56044769287109 1.45205926895142 1.48275303840637 1.58352971076965 1.58588254451752 1.84852570295334 -9999 -9999 -9999 -9999 -9999 -9999 -9999
-9999 -9999 -9999 -9999 -9999 -9999 -9999 -9999 -9999 -9999 -9999 -9999 -9999 -9999 -9999 -9999 -9999 -9999 -9999 17.2091199755669 2.39153498411179 1.26471635699272 1.01882591843605 0.807990007102489 0.927854619920254 1.40610752999783 0.434482499957085 0.515227496623993 0.703347757458687 0.506658732891083 0.293860495090485 0.349245741963387 0.334085248410702 0.318171009421349 0.364431001245975 0.400277987122536 0.418566003441811 0.457580253481865 0.515480250120163 0.521249994635582 0.563776507973671 0.543958514928818 0.567110985517502 0.591799512505531 0.632242485880852 0.833030998706818 1.6221097111702 1.60154324769974 1.57619243860245 1.59512776136398 1.60371154546738 -9999 -9999 -9999 -9999 -9999 -9999 -9999 -9999 -9999 -9999 -9999
-9999 -9999 -9999 -9999 -9999 -9999 -9999 -9999 -9999 -9999 -9999 -9999 -9999 -9999 -9999 -9999 -9999 6.15656219422817 4.6964810192585 3.10947825014591 1.32666112482548 0.995380863547325 0.294639743864536 0.415099516510963 0.451375499367714 0.574314013123512 0.75171822309494 0.842029541730881 0.98600247502327 0.883304983377457 0.415774494409561 0.386608511209488 0.386094018816948 0.421335741877556 0.418704763054848 0.418704763054848 0.492361485958099 0.495326265692711 0.50331674516201 0.669591754674911 0.708587229251862 0.621887996792793 0.60820198059082 0.638834238052368 0.737557500600815 0.942682474851608 1.59536182880402 1.73918330669403 1.78554528951645 1.59215795993805 2.20355254411697 -9999 -9999 -9999 -9999 -9999 -9999 -9999 -9999 -9999 -9999 -9999
-9999 -9999 -9999 -9999 -9999 -9999 -9999 -9999 -9999 -9999 -9999 -9999 -9999 -9999 7.14807473123074 1.07912622392178 1.22106148302555 1.02565839886665 4.43845953047276 2.40694919228554 1.42434266209602 1.22472484409809 0.372176997363567 0.443000257015228 0.488673761487007 1.33431789278984 0.991097241640091 1.16352903842926 1.13502448797226 1.06880477070808 0.746585234999657 0.37287899851799 0.37202100455761 0.398576259613037 0.396584987640381 0.367177493870258 0.411689266562462 0.538858518004417 0.543523505330086 0.616797745227814 0.641580730676651 0.544521734118462 0.602073758840561 0.738114729523659 0.914690226316452 0.956670016050339 1.50297224521637 1.48321124911308 1.51708799600601 1.46825775504112 2.03885328769684 4.8061455488205 -9999 -9999 -9999 -9999 -9999 -9999 -9999 -9999 -9999 -9999
-9999 -9999 -9999 -9999 -9999 -9999 -9999 -9999 -9999 -9999 -9999 2.29136406601249 19.8066504478455 3.61020492017269 1.80659508705139 1.7281578630209 1.47407586872578 2.1085979193449 4.66581107676029 3.54027405381203 2.96068382263184 1.55984097719193 0.357759743928909 0.416789263486862 0.429566994309425 0.459210008382797 0.454114481806755 0.451581761240959 0.461586758494377 0.433839753270149 0.460122764110565 0.491010010242462 0.472629010677338 0.457240507006645 0.474933743476868 0.435840010643005 0.829204134643078 0.815474264323711 0.767465226352215 0.68868300318718 0.672150760889053 0.735968247056007 0.646042495965958 0.654925480484962 0.924377292394638 0.973163992166519 1.54039496183395 1.54990875720978 1.548568546772 1.46250003576279 2.00210675985917 -9999 -9999 -9999 -9999 -9999 5.60635086270266 3.26252102851868 3.4719375371933 3.98973226547241 18.9903337955475 -9999
-9999 -9999 -9999 -9999 -9999 -9999 -9999 -9999 -9999 20.4416782855988 8.64005242288113 7.96065048873425 2.71729007363319 2.47633275389671 4.72194680571556 4.38624608516693 1.53071518242359 1.6706455796957 1.5567776709795 1.47077134251595 1.28358109295368 1.02346462011337 0.40598626434803 0.422689497470856 0.436243504285812 0.452868729829788 0.468860998749733 0.50603324174881 0.491876989603043 0.528397500514984 0.539307743310928 0.540950998663902 0.540750771760941 0.513653978705406 0.452647492289543 0.392125502228737 0.36115875095129 0.433510512113571 0.513978749513626 0.531681731343269 0.717943489551544 0.451158732175827 0.446316003799438 0.591567009687424 0.640793234109879 0.943656742572784 0.981040477752686 1.15764221549034 1.22946748137474 1.47387152910233 1.70847219228745 1.7813640832901 1.90072792768478 2.77980038675211 2.58899849653244 1.96082434058189 2.22093003988266 2.21880143880844 2.5686337351799 3.62765157222748 4.47734999656677 -9999
-9999 -9999 -9999 -9999 -9999 2.21782723814249 2.1174843236804 1.57064623385668 5.07775872945786 5.45813123881817 6.31023363769054 4.04787164926529 1.46225135028362 1.84315270185471 2.55149218440056 3.2569597363472 1.76019193232059 1.37674087285995 0.308359488844872 0.32388599216938 0.375883519649506 0.42094199359417 0.431354239583015 0.451391994953156 0.477005258202553 0.525069013237953 0.537378743290901 0.526305735111237 0.527388006448746 0.490202262997627 0.488804250955582 0.471377268433571 0.471790507435799 0.436353743076324 0.407211005687714 0.401798263192177 0.367055989801884 0.428856745362282 0.442625239491463 0.545520767569542 0.625119745731354 0.502233758568764 0.510684013366699 0.564233243465424 0.542774990200996 0.532012492418289 0.535801514983177 0.855063021183014 0.964576542377472 1.33831948041916 1.58878952264786 1.79957395792007 1.93541622161865 1.76885032653809 1.67698228359222 2.05328553915024 1.99111944437027 2.04276376962662 2.29975283145905 2.61081522703171 2.77668821811676 2.90704643726349
-9999 -9999 -9999 -9999 -9999 1.28644390404224 1.2665756419301 1.16804958879948 1.42626562714577 1.4748659580946 1.28644609451294 1.09117913246155 0.997984483838081 1.27357649803162 1.4494364708662 1.32813633978367 1.45383900403976 0.345858760178089 0.368246242403984 0.382272005081177 0.403356000781059 0.427727267146111 0.4466812312603 0.463153481483459 0.484827741980553 0.509928748011589 0.490821003913879 0.489600017666817 0.469657480716705 0.429485991597176 0.464359492063522 0.462221994996071 0.466246515512466 0.464835003018379 0.410750985145569 0.419620513916016 0.377776488661766 0.381892517209053 0.50298598408699 0.564154520630836 0.616461753845215 0.618438005447388 0.493571251630783 0.521598011255264 0.548328012228012 0.52590224146843 0.486775517463684 0.752064764499664 1.15928328037262 1.24025103449821 1.43028822541237 1.53419405221939 1.57317066192627 1.56013280153275 1.44904500246048 1.50405371189117 1.6741184592247 1.78385925292969 2.07463806867599 2.18772000074387 2.27824205160141 2.19142574071884
-9999 -9999 -9999 -9999 -9999 1.15481548011303 0.974132627248764 1.01342886686325 0.993062272667885 0.976424217224121 0.901647761464119 0.952129483222961 0.970079585909843 1.06302224099636 1.08309674263 1.20303033292294 1.16748113930225 0.997231140732765 0.807468742132187 0.412539750337601 0.429929986596107 0.443505764007568 0.443543270230293 0.451367989182472 0.461255237460136 0.470720261335373 0.469779744744301 0.453003019094467 0.459564730525017 0.422346755862236 0.441533267498016 0.453578263521194 0.475099503993988 0.464018270373344 0.427165478467941 0.37668152153492 0.341822996735573 0.334716752171516 0.447984740138054 0.631597504019737 0.653845489025116 0.506968483328819 0.469647020101547 0.447128981351852 0.437281519174576 0.447325497865677 0.451275765895844 0.609653234481812 0.568650752305984 0.780767261981964 1.03948572278023 1.29940196871758 1.29897522926331 1.3663327395916 1.11671322584152 1.49963021278381 1.5152782201767 1.56065100431442 1.66474270820618 2.06153404712677 1.87885630130768 1.96160080432892
-9999 -9999 -9999 -9999 -9999 1.16037976741791 0.858326263725758 0.854977123439312 0.834799133241177 0.792486749589443 0.787076242268085 0.796501882374287 0.775512367486954 0.738656982779503 0.763374768197536 0.720962628722191 0.744707241654396 0.60903487354517 0.722580507397652 0.354275241494179 0.349111497402191 0.371386505663395 0.40820100903511 0.457636490464211 0.452423259615898 0.481629744172096 0.473758488893509 0.438865497708321 0.434934765100479 0.37339049577713 0.355164751410484 0.411817520856857 0.41007824242115 0.391008764505386 0.372247494757175 0.33033449202776 0.326579242944717 0.351943507790565 0.438060745596886 0.544754236936569 0.443004012107849 0.441199511289597 0.4048792719841 0.445269003510475 0.431461483240128 0.441501751542091 0.396112516522408 0.404457002878189 0.468905255198479 0.542407482862473 0.66753526031971 1.0731900036335 1.16680723428726 0.978202521800995 1.04418334364891 1.22651150822639 0.929315239191055 1.53374844789505 1.82828843593597 2.04302555322647 2.3541487455368 2.55393522977829
-9999 -9999 -9999 -9999 -9999 0.882402755320072 0.64179752022028 0.618518628180027 0.635400004684925 0.646619640290737 0.632038481533527 0.644235000014305 0.689429618418217 0.680959515273571 0.637328624725342 0.693618379533291 0.565192133188248 0.532079994678497 0.539543621242046 0.473615236580372 0.324872240424156 0.311064004898071 0.318392246961594 0.319949246942997 0.411059260368347 0.393990755081177 0.391778245568275 0.3970777541399 0.381558761000633 0.350258991122246 0.354640491306782 0.35954475402832 0.341154009103775 0.338604010641575 0.497679390013218 0.473972998559475 0.371127739548683 0.401965498924255 0.433662012219429 0.449789240956306 0.430494010448456 0.442558497190475 0.459915995597839 0.402939006686211 0.421621486544609 0.428361743688583 0.409776762127876 0.405539229512215 0.457905739545822 0.529675483703613 0.557673007249832 0.75592052936554 0.94150610268116 0.959463179111481 1.02046072483063 1.18886134028435 1.17590678483248 1.22862542420626 1.31243830919266 1.28169187903404 1.87329304218292 1.80379951000214
