EcologicalScience/Bass/data/rs_data_bass/chl_219.asc
NCOLS 226 
NROWS 124 
XLLCORNER -9.41648524995501 
YLLCORNER 47.587301625531 
CELLSIZE 0.0833 
NODATA_value -9999 
[rows 81 to 107 of 124, columns 62 to 123 of 226]
3.85158455371857 5.97498106956482 7.6620512008667 7.66205191612244 -9999 -9999 -9999 -9999 -9999 -9999 -9999 -9999 -9999 -9999 -9999 -9999 -9999 -9999 -9999 -9999 -9999 -9999 -9999 -9999 -9999 -9999 -9999 -9999 -9999 -9999 -9999 -9999 -9999 -9999 -9999 -9999 -9999 -9999 -9999 -9999 -9999 -9999 -9999 -9999 -9999 -9999 -9999 -9999 -9999 -9999 -9999 -9999 -9999 -9999 -9999 -9999 -9999 -9999 -9999 -9999 -9999 -9999
3.00300546120671 -9999 -9999 -9999 -9999 -9999 -9999 -9999 -9999 -9999 -9999 -9999 -9999 -9999 -9999 -9999 -9999 -9999 -9999 -9999 -9999 -9999 -9999 -9999 -9999 -9999 -9999 -9999 -9999 -9999 -9999 -9999 -9999 -9999 -9999 -9999 -9999 -9999 -9999 -9999 -9999 -9999 -9999 -9999 -9999 -9999 -9999 -9999 -9999 -9999 -9999 -9999 -9999 -9999 -9999 -9999 -9999 -9999 -9999 -9999 -9999 -9999
-9999 -9999 -9999 -9999 -9999 -9999 -9999 -9999 -9999 -9999 -9999 -9999 -9999 -9999 -9999 -9999 -9999 -9999 -9999 -9999 -9999 -9999 -9999 -9999 -9999 -9999 -9999 -9999 -9999 -9999 -9999 -9999 -9999 -9999 -9999 -9999 -9999 -9999 -9999 -9999 -9999 -9999 -9999 -9999 -9999 -9999 -9999 -9999 -9999 -9999 -9999 -9999 -9999 -9999 -9999 -9999 -9999 -9999 -9999 -9999 -9999 -9999
-9999 -9999 -9999 -9999 -9999 -9999 -9999 -9999 -9999 -9999 -9999 -9999 -9999 -9999 -9999 -9999 -9999 -9999 -9999 -9999 -9999 -9999 -9999 -9999 -9999 -9999 -9999 -9999 -9999 -9999 -9999 -9999 -9999 -9999 -9999 -9999 -9999 -9999 -9999 -9999 -9999 -9999 -9999 -9999 -9999 -9999 -9999 -9999 -9999 -9999 -9999 -9999 -9999 -9999 -9999 -9999 -9999 8.090251353654 3.90339778661728 2.90842312574387 2.8175858259201 1.94921064376831
-9999 -9999 -9999 -9999 -9999 -9999 -9999 -9999 -9999 -9999 -9999 -9999 -9999 -9999 -9999 -9999 -9999 -9999 -9999 -9999 -9999 -9999 -9999 -9999 -9999 -9999 -9999 -9999 -9999 -9999 -9999 -9999 -9999 -9999 -9999 -9999 37.1749906539917 -9999 3.18485587835312 2.71092772483826 -9999 -9999 1.43959501114759 2.58216753602028 2.20931553840637 2.45146125555038 2.5682618021965 2.66998583078384 2.73738974332809 2.17356339097023 2.31944620609283 2.17510322162083 -9999 -9999 -9999 3.33125925064087 2.80169695615768 2.16200968623161 2.04796269536018 1.79279029369354 1.26161666214466 1.18709662556648
-9999 -9999 -9999 -9999 -9999 -9999 -9999 -9999 -9999 -9999 -9999 -9999 -9999 1.32369361411441 1.82909939600074 4.23970346152782 0.762809962034225 0.994983473962004 1.12509450316429 -9999 -9999 -9999 -9999 -9999 -9999 -9999 -9999 -9999 2.09186437726021 2.34140887856483 2.661596596241 2.7124605178833 -9999 3.66949796676636 -9999 -9999 -9999 -9999 2.44896858930588 2.4087855219841 2.14617151021957 1.88470941781998 2.41380000114441 2.48930096626282 2.09625828266144 2.17908757925034 2.30318319797516 2.35355991125107 2.42366999387741 1.58037936687469 1.63574060797691 1.73813697695732 1.83404543995857 1.99050682783127 1.91477707028389 1.93974226713181 2.68805408477783 2.23421841859818 1.62310802936554 1.4603887796402 0.984375 1.01839202642441
-9999 -9999 -9999 -9999 -9999 -9999 -9999 -9999 -9999 -9999 2.32876888811588 1.85638320446014 2.19027641415596 0.977920532226562 1.54647262394428 1.32282485067844 1.58624696731567 1.49314351379871 1.30892702937126 0.808244973421097 3.78489130901625 -9999 1.31104597449303 1.58900654315948 1.6010617017746 -9999 -9999 1.90339848399162 1.88773906230927 1.84402647614479 2.13657340407372 2.17938485741615 2.20653256773949 2.25797814130783 -9999 -9999 3.25634105838075 3.08153016865253 2.35099348425865 2.07142424583435 1.98943716287613 1.92028570175171 1.66121256351471 1.55770272016525 1.6525365114212 1.92148053646088 1.21823175251484 1.13721714913845 1.1412899941206 1.07330887019634 0.811895281076431 0.808446764945984 1.17929551005363 1.50678223371506 1.13813924789429 1.62321156263351 1.74073505401611 1.55250227451324 1.0732507109642 0.912723004817963 0.866465270519257 0.905462980270386
-9999 -9999 -9999 -9999 -9999 -9999 -9999 -9999 -9999 2.71360579133034 1.92315566539764 1.69169399142265 1.68748050928116 1.29847571253777 1.35592120885849 1.3296645283699 1.34281271696091 1.09281340241432 1.10005348920822 0.98024770617485 0.8971027135849 1.89403774738312 1.09683711826801 1.36116635799408 1.38469652831554 1.42415437102318 1.40521574020386 1.52464011311531 1.47738862037659 1.48427930474281 1.64612777531147 2.03179568052292 2.21611279249191 2.34089630842209 2.37218132615089 2.57582062482834 2.40697386860847 2.24797877669334 1.97169935703278 1.96029442548752 1.92512172460556 1.69749864935875 1.59798002243042 1.43622002005577 0.929091766476631 0.82634474337101 0.807433515787125 0.771401256322861 0.752008527517319 0.740487769246101 0.756796538829803 0.78763872385025 0.825925469398499 0.86150997877121 0.876493513584137 0.876390784978867 0.85366353392601 0.79815673828125 0.757865220308304 0.759441018104553 0.819685488939285 0.872384279966354
-9999 -9999 -9999 -9999 -9999 -9999 -9999 -9999 -9999 1.41335847973824 1.46121110022068 1.36523813009262 1.36069571971893 1.28069400787354 1.36354422569275 0.85201495885849 0.956037729978561 0.778067976236343 0.79219052195549 0.844356000423431 0.971464544534683 1.22615021467209 0.97623373568058 1.07972252368927 1.19695271551609 1.22013598680496 1.23353290557861 1.30141013860703 1.3093173801899 1.34576927125454 1.40756888687611 1.72841620445251 1.91472601890564 2.20768493413925 2.41695892810822 2.44263142347336 2.40848779678345 2.35503530502319 1.96400016546249 1.8105945289135 1.72051799297333 1.46149125695229 1.01362533867359 0.842523381114006 0.77460902184248 0.827890455722809 0.759419292211533 0.729651734232903 0.706236764788628 0.704078257083893 0.697558522224426 0.702841490507126 0.724783480167389 0.764158487319946 0.799865216016769 0.807625472545624 0.795701265335083 0.782238721847534 0.771808505058289 0.724349230527878 0.912429749965668 0.968409776687622
-9999 -9999 -9999 -9999 -9999 -9999 -9999 -9999 1.55957399750578 1.50814761221409 1.32414829730988 1.15556886792183 1.20268799364567 0.959710881114006 0.918545633554459 0.867184460163116 0.65863274037838 0.659702986478806 0.708529517054558 0.758736044168472 0.837175458669662 0.875068455934525 0.923705220222473 0.93843412399292 1.04832038283348 1.05757011473179 1.07290233671665 1.14860174059868 1.16695010662079 1.19595077633858 1.43728798627853 1.61976081132889 1.72756344079971 1.84606951475143 1.9830014705658 2.17403107881546 2.18331599235535 2.13290619850159 1.52389043569565 1.41191402077675 1.24396200478077 0.918254613876343 0.69022386521101 0.681651368737221 0.664051875472069 0.655731372535229 0.702060744166374 0.72035850584507 0.72230476140976 0.670148983597755 0.614232748746872 0.591089978814125 0.619353756308556 0.739314749836922 0.755693256855011 0.742460981011391 0.708679497241974 0.728732988238335 0.749977514147758 0.756327778100967 0.847142994403839 0.887355744838715
1.35094723105431 1.76083686947823 2.3148318529129 2.16866302490234 -9999 -9999 -9999 1.47429472208023 1.19783587753773 1.43457336723804 1.29904313385487 1.13735362887383 1.09509372711182 1.01376409828663 0.973270237445831 0.927138239145279 0.788627609610558 0.790800780057907 0.793321520090103 0.745983749628067 0.769510477781296 0.77142521739006 0.784280978143215 0.771745517849922 0.80163187533617 0.863483257591724 0.883594863116741 0.878438629209995 0.91609013825655 0.935634031891823 1.00911524891853 0.985766261816025 1.01347535848618 1.0299468934536 1.06986674666405 1.41820576786995 1.41628503799438 1.38286346197128 1.42458826303482 1.31964603066444 0.662169367074966 0.665521144866943 0.65642885863781 0.66093036532402 0.653372257947922 0.634354121983051 0.679872751235962 0.670848771929741 0.668972253799438 0.676686018705368 0.669040516018867 0.617126271128654 0.605273991823196 0.691893741488457 0.738693729043007 0.749298736453056 0.721135497093201 0.704927980899811 0.732443243265152 0.757715284824371 0.802456498146057 0.81193345785141
1.0303076505661 1.22173163294792 1.06012912094593 1.04304148256779 0.781357124447823 0.939313530921936 0.838714107871056 0.85538586974144 0.89459028840065 0.883502975106239 1.07659274339676 0.9631307721138 0.899220764636993 0.894385144114494 0.878030598163605 0.865122020244598 0.87442535161972 0.878547728061676 0.599751010537148 0.601749747991562 0.7531398832798 0.714304491877556 0.722435988485813 0.640695244073868 0.665506884455681 0.66491773724556 0.668710492551327 0.775590352714062 0.784259989857674 0.652935013175011 0.63721676170826 0.711668854951859 0.849877506494522 0.789938226342201 0.791301347315311 0.79561722278595 0.744821257889271 0.729954354465008 0.718470744788647 0.697899743914604 0.677105247974396 0.671338878571987 0.666471004486084 0.658212751150131 0.700046271085739 0.694803759455681 0.689699247479439 0.691477507352829 0.70065750181675 0.729576766490936 0.708463490009308 0.691351488232613 0.646085232496262 0.633063018321991 0.691118985414505 0.742269739508629 0.716663986444473 0.717431992292404 0.733355239033699 0.757678538560867 0.773442775011063 0.79107454419136
0.946900874376297 0.85409814119339 0.872484728693962 0.719393603503704 0.318899989128113 0.416762262582779 0.493178978562355 0.586824730038643 0.753954403102398 0.74845614284277 0.729396007955074 0.750624753534794 0.776212111115456 0.799989759922028 0.802191764116287 0.788066983222961 0.776153258979321 0.778490625321865 0.562942519783974 0.68402586132288 0.684501372277737 0.701459638774395 0.702002629637718 0.69539699703455 0.707446128129959 0.706596359610558 0.656551510095596 0.670574769377708 0.699120372533798 0.76394023373723 0.745692014694214 0.706768941879272 0.70556069612503 0.686073750257492 0.701734878122807 0.7351428642869 0.726526513695717 0.741009391844273 0.699288390576839 0.665121003985405 0.657590992748737 0.663991883397102 0.66771150380373 0.66449361294508 0.71247898042202 0.710945248603821 0.724635735154152 0.758711278438568 0.771096020936966 0.747703492641449 0.758673012256622 0.775042533874512 0.750102013349533 0.685633510351181 0.664018481969833 0.671778738498688 0.792931526899338 0.849297791719437 0.873641967773438 0.896605521440506 0.848936229944229 0.87332546710968
0.937941379845142 0.811227008700371 0.796767018735409 0.666442863643169 0.658077366650105 0.406804516911507 0.471341237425804 0.485165253281593 1.00009050965309 0.787857368588448 0.613267511129379 0.71578873693943 0.73795348405838 0.720841482281685 0.791990250349045 0.704512149095535 0.721113748848438 0.726029634475708 0.698802754282951 0.780141770839691 0.69268649071455 0.606470987200737 0.617083266377449 0.62865999341011 0.652879014611244 0.677073255181313 0.680986747145653 0.684635519981384 0.844868235290051 0.74600275605917 0.727160252630711 0.731717862188816 0.741251759231091 0.743681997060776 0.728528648614883 0.784094631671906 0.778672501444817 0.760265976190567 0.743827857077122 0.696904107928276 0.703590385615826 0.724526278674603 0.763769634068012 0.761158503592014 0.749038115143776 0.728029154241085 0.785189241170883 0.762333780527115 0.759176999330521 0.707039996981621 0.721949234604836 0.76130998134613 0.759885013103485 0.710461512207985 0.726725980639458 0.757447510957718 0.833411246538162 0.865684479475021 0.884651273488998 0.900581985712051 0.946833729743958 0.917955726385117
0.934101730585098 0.47409899532795 0.426914244890213 0.43323826789856 0.356357999145985 0.359079010784626 0.37645348906517 0.456918731331825 0.518709003925323 1.05857963114977 0.778286620974541 0.643478259444237 0.658946245908737 0.618021748960018 0.712287738919258 0.747586503624916 0.636687755584717 0.65294473618269 0.681618377566338 0.686204999685287 0.684407629072666 0.703582115471363 0.726842232048512 0.740824118256569 0.622074261307716 0.882213391363621 0.869093634188175 0.712176114320755 0.790272362530231 0.74524949491024 0.680950105190277 0.668608143925667 0.731105268001556 0.7635093703866 0.774036750197411 0.843026988208294 0.863722510635853 0.863662876188755 0.885939382016659 0.812126263976097 0.780836261808872 0.763491757214069 0.79092525690794 0.846402794122696 0.831629276275635 0.819520533084869 0.769151240587234 0.749616757035255 0.731954991817474 0.700524732470512 0.686635494232178 0.720705762505531 0.751496225595474 0.758323520421982 0.744640499353409 0.712454259395599 0.633229494094849 0.62526074051857 0.732336759567261 1.33306422829628 1.55820786952972 1.66887447237968
1.919642329216 0.666065230965614 0.52378799021244 0.485419481992722 0.428638502955437 0.473939269781113 0.473334744572639 0.45686548948288 0.476763769984245 0.473814010620117 0.969295486807823 1.02285113185644 0.682533726096153 0.638688392937183 0.593161873519421 0.663146987557411 0.714757516980171 0.724238231778145 0.74320350587368 0.677276238799095 0.671157762408257 0.62670486420393 0.641481019556522 0.659929856657982 0.683950513601303 0.875371523201466 0.881585977971554 0.907001651823521 0.913840480148792 0.886769995093346 0.864192388951778 0.844631262123585 0.840656988322735 1.08860850334167 1.09539753198624 1.10116875171661 1.08716922998428 1.06217774748802 1.04235371947289 0.990374252200127 0.954125985503197 0.90384940803051 0.874262273311615 0.849787473678589 0.82610696554184 0.837242960929871 0.764834225177765 0.841360509395599 0.547660499811172 0.626222267746925 0.686171248555183 0.730488762259483 0.750886470079422 0.7605240046978 0.741542994976044 0.723987758159637 1.64955112338066 1.58503872156143 1.55872535705566 1.60513356328011 1.96574923396111 2.48684976696968
1.89630442857742 1.01293203234673 0.682267516851425 0.528007507324219 0.534968242049217 0.621613517403603 0.761969268321991 1.05774521827698 0.631062000989914 0.491906270384789 0.467690259218216 0.481835246086121 0.745593354105949 0.759372353553772 0.732889115810394 0.693656980991364 0.737162992358208 0.757782787084579 0.662306249141693 0.58408422768116 0.602196358144283 0.59578612446785 0.743200868368149 0.81996937841177 0.85394923388958 0.982892230153084 1.28301823139191 1.23915445804596 1.19628077745438 1.12509825825691 1.13151901960373 1.10303395986557 1.36472547054291 1.50251626968384 1.58916145563126 1.6563532948494 1.26655501127243 1.07206428050995 1.01406526565552 0.953766793012619 0.836279958486557 0.779637783765793 0.798584997653961 0.840164959430695 0.841573521494865 0.812853366136551 0.803604394197464 0.835804872214794 0.561952516436577 1.22273361682892 1.1428395062685 1.14528451859951 1.33538474142551 1.93615011870861 2.31204226613045 2.36604711413383 2.23591032341449 -9999 -9999 -9999 -9999 -9999
1.34087026119232 0.733758017420769 0.590041503310204 0.52718397974968 0.494976013898849 0.696982517838478 0.934998750686646 0.875702261924744 0.729741007089615 0.609023228287697 0.614790737628937 0.65795025229454 0.624543741345406 0.764595754444599 0.78541986644268 0.620770119130611 0.56487862765789 0.556728377938271 0.6863062530756 0.700980350375175 0.712673239409924 0.764592379331589 0.86216139793396 0.889447510242462 0.919912129640579 1.32033750414848 1.29546001553535 1.30564203858376 1.17182251811028 1.28132548928261 1.21043846011162 1.39605224132538 1.93080747127533 2.45089942216873 3.21385717391968 2.83343249559402 1.36662447452545 1.23663899302483 1.19814598560333 0.92753478884697 0.813578993082047 0.927698627114296 1.10696402192116 1.04804849624634 0.974667012691498 1.00864689052105 0.927656605839729 1.10549287497997 1.08128437399864 1.5483450293541 1.5150475949049 1.9768011868 2.09523935616016 2.41038732668933 1.76796019956714 -9999 -9999 -9999 -9999 -9999 -9999 -9999
1.26687151193619 0.749059483408928 0.529297515749931 0.537816748023033 0.456090733408928 0.598415270447731 0.654124483466148 0.700849503278732 0.719993993639946 0.784345507621765 0.792760491371155 0.762108743190765 0.727493271231651 0.611109383404255 0.622237488627434 0.562297135591507 0.566680133342743 0.61590488255024 0.653739385306835 0.761745370924473 0.787141129374504 0.818046033382416 0.870858371257782 0.871486499905586 0.948865905404091 1.02412985265255 1.38443174958229 1.43717703223228 1.5360211879015 -9999 -9999 -9999 -9999 -9999 -9999 3.14426672458649 5.888900578022 1.72866341471672 1.55603657662868 1.05363821983337 1.01636512577534 1.035798355937 1.14349986612797 1.28646039962769 1.31873627007008 1.75122146308422 1.77612943947315 2.36059606075287 2.94831892848015 2.1470884680748 2.5650944262743 2.67767259478569 1.59516370296478 1.9762424826622 1.97624230384827 -9999 -9999 -9999 -9999 -9999 -9999 -9999
0.843643516302109 0.742972478270531 0.484107747673988 0.493321493268013 0.47903698682785 0.561552733182907 0.618820488452911 0.635081246495247 0.6177843734622 0.567402765154839 0.730913266539574 0.652126505970955 0.564721874892712 0.560111247003078 0.561676874756813 0.563017129898071 0.580155752599239 0.622100986540318 0.725473523139954 0.792563639581203 0.842674478888512 0.811277210712433 0.71806575357914 0.719433009624481 0.910311743617058 0.988734036684036 1.41050246357918 1.30401715636253 1.40990249812603 -9999 -9999 -9999 -9999 -9999 -9999 -9999 24.74001288414 14.2553472518921 8.96076858043671 2.11700132489204 1.99307888746262 1.89251321554184 1.54404750466347 1.83473441004753 2.18285465240479 2.58672487735748 5.35748353600502 7.11175882816315 4.14564567804337 2.02169367671013 2.93451333045959 3.3814709186554 -9999 -9999 -9999 -9999 -9999 -9999 -9999 -9999 -9999 -9999
0.9230917096138 0.792218238115311 0.690717771649361 0.577972881495953 0.55919473618269 0.577720127999783 0.513778477907181 0.514643266797066 0.504387751221657 0.587546981871128 0.790266752243042 0.770423233509064 0.611295372247696 0.582447744905949 0.586609862744808 0.58203412592411 0.572986118495464 0.645802862942219 0.904235243797302 1.42808850109577 0.796697064504757 0.831761598587036 0.739359006285667 0.772512003779411 0.865712597966194 0.988647758960724 1.21514175832272 1.49097374081612 1.50729525089264 -9999 -9999 -9999 -9999 -9999 -9999 -9999 29.4492388990792 27.4772357940674 7.09485733509064 9.60910391807556 10.503950715065 9.62348198890686 5.85716378688812 4.14096683263779 3.6556493639946 5.78058332204819 5.02352651953697 6.31885117292404 7.7743769288063 3.48103004693985 2.73969903588295 2.96746954321861 3.53642106056213 -9999 -9999 -9999 -9999 -9999 -9999 -9999 -9999 -9999
0.682964265346527 0.634814992547035 0.589864499866962 0.520511247217655 0.518624626100063 0.487124249339104 0.558912009000778 0.592113018035889 0.622984483838081 0.778260737657547 0.762826502323151 0.633563630282879 0.613061606884003 0.594767242670059 0.589208252727985 0.595101378858089 0.625635735690594 0.623566478490829 0.634140014648438 0.701311513781548 0.749638102948666 0.764948979020119 0.725835755467415 0.819885358214378 0.950060248374939 1.09870572388172 1.36054162681103 1.48409508168697 1.73241037130356 2.11321127414703 -9999 -9999 -9999 -9999 -9999 -9999 -9999 3.11459958553314 4.48495028739752 1.54371545995985 11.1390058994293 37.3221387863159 21.5547144412994 5.38794922828674 4.11380445957184 6.62318104505539 9.92112690210342 15.2691564559937 11.1974312067032 12.4695564508438 6.44153022766113 4.18603920936584 3.66228813028796 -9999 -9999 -9999 -9999 -9999 -9999 -9999 -9999 -9999
0.714519359171391 0.619123511016369 0.580908760428429 0.517644010484219 0.459327757358551 0.502393484115601 0.558423757553101 0.660602241754532 0.731389492750168 0.881373792886734 0.740076743066311 0.713669635355473 0.672193877398968 0.638075619935989 0.622740738093853 0.646310605108738 0.730463236570358 0.728180229663849 0.729344978928566 0.700268268585205 0.672772116959095 0.466956004500389 0.509558245539665 1.09515112638474 1.25218538939953 1.27689376473427 1.35668890178204 1.51481585204601 0.921474784612656 1.46218121051788 -9999 -9999 -9999 -9999 -9999 -9999 -9999 -9999 -9999 -9999 -9999 -9999 -9999 -9999 -9999 -9999 3.65490746498108 6.4288147687912 15.3818060159683 5.87818751335144 -9999 -9999 -9999 -9999 -9999 -9999 -9999 -9999 -9999 -9999 -9999 -9999
0.709015890955925 0.646161764860153 0.570026613771915 0.596709005534649 0.483193516731262 0.513545259833336 0.597431257367134 0.644556730985641 0.695608511567116 0.709429487586021 0.728924252092838 0.757109642028809 0.763268619775772 0.695085391402245 0.670901991426945 0.665904365479946 0.726446986198425 0.675384365022182 0.687506608664989 0.701042264699936 0.688536733388901 0.706057503819466 0.645116239786148 1.5992551445961 -9999 -9999 -9999 1.34727488458157 1.53764207661152 1.61351510882378 1.86381554603577 -9999 -9999 -9999 -9999 -9999 -9999 -9999 -9999 -9999 -9999 -9999 -9999 -9999 -9999 -9999 -9999 -9999 -9999 -9999 -9999 -9999 -9999 -9999 -9999 -9999 -9999 -9999 -9999 -9999 -9999 -9999
0.679311767220497 0.597178503870964 0.55756576359272 0.579101979732513 0.600087001919746 0.526321515440941 0.546423017978668 0.644911497831345 0.665134504437447 0.685701012611389 0.712564118206501 0.740116886794567 0.751412630081177 0.738719254732132 0.707268342375755 0.701917134225368 0.738249756395817 0.78152322024107 0.749160379171371 0.716041512787342 0.672865502536297 0.789502501487732 0.75833997130394 1.07353909313679 1.26041060686111 1.31419537961483 1.43878948688507 1.32236887514591 1.40585026144981 1.68323439359665 1.80263105034828 2.31235492023928 -9999 -9999 -9999 -9999 -9999 -9999 -9999 -9999 -9999 -9999 -9999 -9999 -9999 -9999 -9999 -9999 -9999 -9999 -9999 -9999 -9999 -9999 -9999 -9999 -9999 -9999 -9999 -9999 -9999 -9999
0.670616269111633 0.663017258048058 0.626273989677429 0.635299488902092 0.622488006949425 0.621074616909027 0.711376503109932 0.699170261621475 0.760504513978958 0.762439861893654 0.774525716900826 0.784497365355492 0.766673997044563 0.761633612215519 0.804379507899284 0.843521989881992 0.883341729640961 0.84426786750555 0.592484995722771 0.705305255949497 0.714309364557266 0.724144488573074 0.720780730247498 0.972107604146004 1.21027234196663 1.26624262332916 1.25087888538837 1.31799973547459 1.58252182602882 1.96118134260178 2.53924539685249 1.71265087276697 -9999 -9999 -9999 -9999 -9999 -9999 -9999 -9999 -9999 -9999 -9999 -9999 -9999 -9999 -9999 -9999 -9999 -9999 -9999 -9999 -9999 -9999 -9999 -9999 -9999 -9999 -9999 -9999 -9999 -9999
0.702402368187904 0.713472738862038 0.615537017583847 0.649456880986691 0.676345892250538 0.701381631195545 0.693753384053707 0.729399003088474 0.880218788981438 0.929413855075836 0.95754785835743 1.17379273474216 1.25313636660576 1.4550641477108 1.24629333615303 1.05336226522923 1.02259348332882 0.935518473386765 0.772002384066582 0.717605262994766 0.72188213467598 0.781769648194313 0.754343211650848 1.16991971433163 1.63632971048355 1.56003637611866 1.29148051142693 1.4165373891592 1.71201977133751 2.31934270262718 6.01655888557434 -9999 -9999 -9999 -9999 -9999 -9999 -9999 -9999 -9999 -9999 -9999 -9999 -9999 -9999 -9999 -9999 -9999 -9999 -9999 -9999 -9999 -9999 -9999 -9999 -9999 -9999 -9999 -9999 -9999 -9999 -9999
