EcologicalScience/Bass/data/rs_data_bass/chl_480.asc
NCOLS 226 
NROWS 124 
XLLCORNER -9.41648524995501 
YLLCORNER 47.587301625531 
CELLSIZE 0.0833 
NODATA_value -9999 
[rows 54 to 80 of 124, columns 0 to 60 of 226]
-9999 -9999 -9999 -9999 -9999 -9999 -9999 -9999 -9999 -9999 -9999 -9999 -9999 -9999 -9999 -9999 -9999 -9999 -9999 -9999 -9999 -9999 -9999 -9999 -9999 -9999 -9999 -9999 -9999 -9999 -9999 -9999 -9999 -9999 -9999 -9999 -9999 -9999 5.66272490290532 8.2521615922451 5.04363521933556 3.58619213104248 1.69595754146576 1.86227041482925 1.49318566918373 1.41699761152267 1.84716814756393 2.5373786687851 2.1199523806572 1.90544235706329 1.71326118707657 1.28446090221405 1.3347544670105 1.46376138925552 1.69542199373245 2.02803665399551 2.54024720191956 2.84950071573257 3.24242877960205 0.607058599591255 0.62790758907795
-9999 -9999 -9999 -9999 -9999 -9999 -9999 -9999 -9999 -9999 -9999 -9999 -9999 -9999 -9999 -9999 -9999 -9999 -9999 -9999 -9999 -9999 -9999 -9999 -9999 -9999 -9999 -9999 -9999 -9999 -9999 -9999 -9999 -9999 -9999 -9999 -9999 -9999 -9999 3.40325653553009 4.54274564981461 12.50945520401 10.5797803401947 10.3205337524414 1.70950359106064 1.40602451562881 2.01646077632904 2.01520836353302 1.63058370351791 1.87516433000565 2.15580224990845 1.63603556156158 1.35815262794495 1.68289268016815 1.91912823915482 2.13662141561508 2.56364321708679 2.54002526828221 -9999 -9999 -9999
-9999 -9999 -9999 -9999 -9999 -9999 -9999 -9999 -9999 -9999 -9999 -9999 -9999 -9999 -9999 -9999 -9999 -9999 -9999 -9999 -9999 -9999 -9999 -9999 -9999 -9999 -9999 -9999 -9999 -9999 -9999 -9999 -9999 -9999 -9999 -9999 -9999 -9999 -9999 2.61568164825439 2.12753346562386 47.2586002349854 29.2921800613403 9.5891432762146 2.19864249229431 1.77826988697052 1.85993099212646 1.73032987117767 1.36568248271942 1.36898231506348 1.22054900228977 1.39944192767143 1.47919374704361 1.57420438528061 1.75912427902222 1.8648898601532 1.96283876895905 2.06096416711807 2.22935628890991 1.65724718570709 -9999
-9999 -9999 -9999 -9999 -9999 -9999 -9999 -9999 -9999 -9999 -9999 -9999 -9999 -9999 -9999 -9999 -9999 -9999 -9999 -9999 -9999 -9999 -9999 -9999 -9999 -9999 -9999 -9999 -9999 -9999 -9999 -9999 -9999 -9999 -9999 -9999 -9999 -9999 -9999 -9999 2.8814777135849 5.22692629694939 7.62548446655273 2.98655605316162 2.32442092895508 2.14933204650879 1.87172663211823 1.76909869909286 1.46518805623055 1.39237162470818 1.34638255834579 1.36690637469292 1.38705915212631 1.40017175674438 1.43567329645157 1.45463535189629 1.44845759868622 1.75163930654526 2.60952937602997 3.73094737529755 4.46977257728577
-9999 -9999 -9999 -9999 -9999 -9999 -9999 -9999 -9999 -9999 -9999 -9999 -9999 -9999 -9999 -9999 -9999 -9999 -9999 -9999 -9999 -9999 -9999 -9999 -9999 -9999 -9999 -9999 -9999 -9999 -9999 -9999 -9999 -9999 -9999 -9999 -9999 -9999 -9999 -9999 3.07887689820651 3.01248389482498 2.78038144111633 2.54480981826782 2.33010864257812 2.3449741601944 2.02797603607178 1.73819750547409 1.53664326667786 1.34869158267975 0.991582453250885 0.894249022006989 0.923170030117035 0.955185770988464 1.04109513759613 1.13423502445221 1.37635830044746 1.80982840061188 2.94547516107559 4.95603024959564 6.71911954879761
-9999 -9999 -9999 -9999 -9999 -9999 -9999 -9999 -9999 -9999 -9999 -9999 -9999 -9999 -9999 -9999 -9999 -9999 -9999 -9999 -9999 -9999 -9999 -9999 -9999 -9999 -9999 -9999 -9999 -9999 -9999 -9999 -9999 -9999 -9999 -9999 -9999 -9999 -9999 -9999 2.5745165348053 3.18190437555313 2.48368844389915 2.3347806930542 2.19654124975204 2.11984544992447 1.94282627105713 1.68487554788589 1.33279573917389 1.07652693986893 0.904084324836731 0.913515508174896 1.0263215303421 1.06568124890327 1.33038139343262 1.51452952623367 1.64232677221298 1.90355801582336 2.32393366098404 2.43549621105194 -9999
-9999 -9999 -9999 -9999 -9999 -9999 -9999 -9999 -9999 -9999 -9999 -9999 -9999 -9999 -9999 -9999 -9999 -9999 -9999 -9999 -9999 -9999 -9999 -9999 -9999 -9999 -9999 -9999 -9999 -9999 -9999 -9999 -9999 -9999 -9999 -9999 -9999 -9999 -9999 -9999 3.44956517219543 2.70760962367058 2.56775388121605 2.37583976984024 1.7415246963501 1.67252379655838 1.53683012723923 1.4017775952816 1.27095454931259 1.1960264146328 1.15610030293465 1.15934550762177 1.28261929750443 1.42896035313606 1.56021308898926 1.68117266893387 2.01873832941055 -9999 -9999 1.88834962248802 1.79014787077904
-9999 -9999 -9999 -9999 -9999 -9999 -9999 -9999 -9999 -9999 -9999 -9999 -9999 -9999 -9999 -9999 -9999 -9999 -9999 -9999 -9999 -9999 -9999 -9999 -9999 -9999 -9999 -9999 -9999 -9999 -9999 -9999 -9999 -9999 -9999 -9999 -9999 -9999 -9999 2.73145008087158 2.7628336250782 2.15914052724838 1.99400675296783 1.75639468431473 1.47067022323608 1.45610654354095 1.28154328465462 1.24410027265549 1.16510429978371 1.16742637753487 0.985465317964554 0.894840180873871 1.1244720518589 1.32399469614029 1.42191159725189 1.41094565391541 2.25570076704025 2.77422040700912 2.5697329044342 2.20154768228531 1.8639594912529
-9999 -9999 -9999 -9999 -9999 -9999 -9999 -9999 -9999 -9999 -9999 -9999 -9999 -9999 -9999 -9999 -9999 -9999 -9999 -9999 -9999 -9999 -9999 -9999 -9999 -9999 -9999 -9999 -9999 -9999 -9999 -9999 -9999 -9999 -9999 -9999 -9999 -9999 -9999 1.69246280193329 1.93224960565567 1.92476767301559 1.68350350856781 1.50363689661026 1.36196395754814 1.23968106508255 1.36050698161125 1.17387521266937 1.15467408299446 1.07279062271118 0.982239603996277 0.942434012889862 1.30568495392799 1.53759294748306 1.5440046787262 1.46130833029747 1.69856876134872 1.89932906627655 2.26071506738663 2.11997509002686 1.86123722791672
-9999 -9999 -9999 -9999 -9999 -9999 -9999 -9999 -9999 -9999 -9999 -9999 -9999 -9999 -9999 -9999 -9999 -9999 -9999 -9999 -9999 -9999 -9999 -9999 -9999 -9999 -9999 -9999 -9999 -9999 -9999 -9999 -9999 -9999 -9999 -9999 -9999 -9999 3.89106345176697 3.35647827386856 1.51079714298248 1.59637856483459 1.5261806845665 1.25539442896843 1.22828605771065 1.33593839406967 1.3331698179245 1.13598203659058 1.16558066010475 1.380849391222 1.30710786581039 1.24522259831429 1.24311250448227 1.28465375304222 1.71539390087128 1.36894789338112 1.46148079633713 2.17973005771637 2.70549774169922 2.29835522174835 1.95556175708771
-9999 -9999 -9999 -9999 -9999 -9999 -9999 -9999 -9999 -9999 -9999 -9999 -9999 -9999 -9999 -9999 -9999 -9999 -9999 -9999 -9999 -9999 -9999 -9999 -9999 -9999 -9999 -9999 -9999 -9999 -9999 -9999 -9999 -9999 -9999 -9999 -9999 -9999 3.29329660534859 1.59276831150055 1.42834612727165 1.11474940180779 0.996084541082382 0.941446870565414 1.07784694433212 1.21841713786125 1.19272184371948 1.04652187228203 0.868662089109421 0.798135459423065 1.20984846353531 2.04138171672821 1.64376676082611 1.64934092760086 1.86628890037537 1.59007680416107 1.77191770076752 2.2654532790184 2.24847757816315 2.11308056116104 1.73614364862442
-9999 -9999 -9999 -9999 -9999 -9999 -9999 -9999 -9999 -9999 -9999 -9999 -9999 -9999 -9999 -9999 -9999 -9999 -9999 -9999 -9999 -9999 -9999 -9999 -9999 -9999 -9999 -9999 -9999 -9999 -9999 -9999 -9999 -9999 -9999 -9999 -9999 7.77047483971778 2.50706720352173 1.99668699502945 1.16917490959167 1.03025740385056 0.96764874458313 0.901638865470886 0.904800921678543 0.867128223180771 0.779198348522186 0.70441161096096 0.714082047343254 0.751924842596054 0.923322558403015 1.45371463894844 1.33342757821083 1.39275848865509 1.53700321912766 1.57625752687454 2.50965356826782 2.23124420642853 2.09125185012817 1.93277013301849 1.65968084335327
-9999 -9999 -9999 -9999 -9999 -9999 -9999 -9999 -9999 -9999 -9999 -9999 -9999 -9999 -9999 -9999 -9999 -9999 -9999 -9999 -9999 -9999 -9999 -9999 -9999 -9999 -9999 -9999 -9999 -9999 -9999 -9999 -9999 -9999 -9999 -9999 2.28439056873322 7.18269681930542 5.57604897022247 2.15851056575775 1.29897764325142 0.961344301700592 0.888743251562119 0.862682193517685 0.773402810096741 0.703831404447556 0.690122187137604 0.744894951581955 0.78549537062645 0.795032232999802 0.823173612356186 0.789370000362396 0.894706696271896 0.978543788194656 0.991208106279373 1.31030693650246 2.40646827220917 2.5891769528389 2.15075612068176 1.79617756605148 1.80774021148682
-9999 -9999 -9999 -9999 -9999 -9999 -9999 -9999 -9999 -9999 -9999 -9999 -9999 -9999 -9999 -9999 -9999 -9999 -9999 -9999 -9999 -9999 -9999 -9999 -9999 -9999 -9999 -9999 -9999 -9999 -9999 -9999 -9999 -9999 -9999 -9999 6.45964193344116 6.39928579330444 4.16867780685425 2.07981991767883 1.52787727117538 0.955806255340576 0.783565163612366 0.718188598752022 0.750308632850647 0.863131284713745 0.893942534923553 0.8689104616642 0.867709279060364 0.875690460205078 0.902233242988586 0.873132705688477 0.877045959234238 1.00520530343056 1.00397309660912 0.989123582839966 1.24692329764366 1.96063077449799 2.30762046575546 1.77561342716217 1.84178441762924
-9999 -9999 -9999 -9999 -9999 -9999 -9999 -9999 -9999 -9999 -9999 -9999 -9999 -9999 -9999 -9999 -9999 -9999 -9999 -9999 -9999 -9999 -9999 -9999 -9999 -9999 -9999 -9999 -9999 -9999 -9999 4.53350847959518 4.42304301261902 2.14738583564758 2.10493344068527 2.03949576379969 1.7952207326889 1.95244216918945 1.72897374629974 1.25945574045181 0.944448798894882 0.818996518850327 0.704910054802895 0.758238852024078 0.976065963506699 1.04764437675476 1.06481856107712 0.99382272362709 0.937019169330597 0.950626730918884 0.960677951574326 0.987369775772095 0.933171808719635 0.874035090208054 0.867824882268906 0.980242431163788 1.06322899460793 1.27534317970276 1.67582541704178 1.88358861207962 1.7530210018158
-9999 -9999 -9999 -9999 -9999 -9999 -9999 -9999 -9999 -9999 -9999 -9999 -9999 -9999 -9999 -9999 -9999 -9999 -9999 -9999 -9999 -9999 0.346259817481041 6.39157247543335 1.55748420953751 1.5834476351738 1.59606778621674 4.1667902469635 4.04082548618317 4.69510960578918 9.17037177085876 3.87195825576782 2.09352976083755 1.42179921269417 1.57917040586472 1.65018904209137 3.72751235961914 1.7269127368927 0.893890231847763 0.827200770378113 0.913202494382858 0.889509916305542 0.898360133171082 0.957449376583099 0.895729064941406 0.803643107414246 0.890698939561844 1.14573016762733 1.01042523980141 1.0540931224823 1.16976365447044 1.28948664665222 1.39104929566383 1.42667904496193 1.42614054679871 1.33647957444191 1.26302111148834 2.3152095079422 2.4899876380668 -9999 -9999
-9999 -9999 -9999 -9999 -9999 -9999 -9999 -9999 -9999 -9999 -9999 -9999 -9999 -9999 -9999 -9999 -9999 -9999 -9999 -9999 -9999 -9999 2.80434004962444 0.775550454854965 2.24631875753403 3.04989945888519 3.76049816608429 4.15306842327118 3.35948717594147 3.12145006656647 2.60747301578522 2.12354600429535 2.78735965490341 3.00336277484894 3.16735589504242 2.10353940725327 1.49791815876961 1.00495898723602 0.859512001276016 0.848590046167374 0.906760364770889 1.07089787721634 1.31536656618118 1.2068940103054 1.00605145096779 0.882325261831284 0.830046325922012 0.886239141225815 0.941951841115952 1.08776557445526 1.1824716925621 1.27025350928307 1.70383286476135 2.03158217668533 2.20523554086685 2.85959440469742 -9999 -9999 -9999 -9999 -9999
-9999 -9999 -9999 -9999 -9999 -9999 -9999 -9999 -9999 -9999 -9999 -9999 -9999 -9999 -9999 -9999 -9999 -9999 -9999 1.57043046451041 2.68465447425842 2.25385004281998 1.155268907547 0.842440634965897 0.904129296541214 1.16505092382431 1.50639492273331 1.28272300958633 1.16520693898201 0.820512324571609 0.935113996267319 1.15119802951813 1.41770553588867 1.78390091657639 1.49600431323051 1.44749888777733 1.44865795969963 0.989269316196442 0.843817859888077 0.963177680969238 1.04999157786369 1.11051937937737 1.09874761104584 1.0889798104763 1.03878477215767 1.10389691591263 1.01072376966476 1.12922975420952 1.65603536367416 1.86614727973938 1.83090072870255 1.69107985496521 -9999 -9999 -9999 -9999 -9999 -9999 -9999 -9999 -9999
-9999 -9999 -9999 -9999 -9999 -9999 -9999 -9999 -9999 -9999 -9999 -9999 -9999 -9999 -9999 -9999 -9999 1.81983751058578 1.70323401689529 1.6784473657608 1.61716175079346 1.31186243891716 0.853498935699463 0.805548548698425 0.794903755187988 0.831031948328018 0.873674780130386 0.788176149129868 0.642708510160446 0.549511671066284 0.711259111762047 0.820032298564911 0.928202122449875 0.907631099224091 0.938658177852631 1.0897830426693 1.42608869075775 1.35870525240898 1.18786865472794 1.19605001807213 1.15735870599747 0.969597369432449 0.802192658185959 0.688579916954041 0.663601219654083 1.01995360851288 1.06294298171997 1.4093291759491 1.92237728834152 2.36045931279659 2.32126446068287 1.50760120153427 -9999 -9999 -9999 -9999 -9999 -9999 -9999 -9999 -9999
-9999 -9999 -9999 -9999 -9999 -9999 -9999 -9999 -9999 -9999 -9999 -9999 -9999 -9999 2.37229299545288 1.89879083633423 1.59416574239731 1.36959886550903 1.27454182505608 1.46930229663849 1.22853192687035 0.660701841115952 0.540702894330025 0.475233480334282 0.536763310432434 0.825361669063568 0.659593015909195 0.524524301290512 0.488190963864326 0.433397278189659 0.422507420182228 0.521091163158417 0.782738596200943 0.981131494045258 1.13425147533417 1.27085503935814 1.82935774326324 1.49756553769112 0.913888603448868 0.812108069658279 0.787780612707138 0.663189858198166 0.533460974693298 0.844991415739059 1.1039634346962 1.08024206757545 1.14192965626717 1.31068325042725 1.53785061836243 2.2191236615181 10.1213228702545 38.8314528465271 -9999 -9999 -9999 -9999 -9999 -9999 -9999 -9999 -9999
-9999 -9999 -9999 -9999 -9999 -9999 -9999 -9999 -9999 -9999 -9999 3.60088312625885 1.18594363331795 1.25968596339226 1.39911442995071 1.24066606163979 1.25270587205887 1.28435781598091 1.0800761282444 0.985044658184052 0.83148854970932 0.552870959043503 0.435612067580223 0.443053722381592 0.479431182146072 0.489108100533485 0.558770924806595 0.544931039214134 0.475713193416595 0.440354123711586 0.432345315814018 0.472542688250542 0.665398389101028 0.980574578046799 1.37397122383118 1.64993262290955 1.88609665632248 1.40251457691193 0.652983248233795 0.528504744172096 0.498823508620262 0.496175497770309 0.75213548541069 1.24284186959267 1.11478051543236 1.04758733510971 1.11746352910995 1.17615455389023 1.48040851950645 2.34834744036198 2.48621954236712 -9999 -9999 -9999 -9999 -9999 -9999 9.51276057958603 51.3981742858887 38.8382291793823 6.30274271965027
-9999 -9999 -9999 -9999 -9999 -9999 -9999 -9999 -9999 12.7884712517262 0.531734897540166 1.11475369334221 1.20076301693916 1.07990223169327 1.16747125983238 1.1390897333622 0.92342072725296 0.860221982002258 0.793521523475647 0.667967900633812 0.625970810651779 0.580216035246849 0.590616568922997 0.616630867123604 0.581407696008682 0.50639171898365 0.434344902634621 0.426033318042755 0.42117503285408 0.469026267528534 0.483076751232147 0.393272414803505 0.531433045864105 0.846939861774445 1.03082406520844 1.09043920040131 0.906133890151978 0.664475619792938 0.522397711873055 0.50185963511467 0.492397651076317 0.490772634744644 0.899228185415268 1.4225190281868 1.30125233530998 1.15032693743706 1.0770021378994 1.11135059595108 1.15361076593399 1.23118382692337 1.41590818762779 1.43382167816162 3.92924255132675 2.39500826597214 3.55234444141388 4.77011954784393 2.53339594602585 7.31745743751526 14.6581377983093 13.6283369064331 20.6694359779358
-9999 -9999 -9999 -9999 -9999 1.86229692399502 2.45780646800995 2.11452421545982 2.12852208316326 1.27785462141037 1.10727310180664 0.994399398565292 0.992692619562149 0.954462736845016 0.852493017911911 0.893740296363831 0.918863832950592 0.785797208547592 0.734308674931526 0.725795656442642 0.721169605851173 0.693645671010017 0.705687671899796 0.728241071105003 0.68001227080822 0.499769568443298 0.36673779040575 0.409925043582916 0.387106999754906 0.37464601546526 0.480569779872894 0.597864970564842 0.564318716526031 0.492427110671997 0.570617258548737 0.772390276193619 0.742420703172684 0.657638758420944 0.536236837506294 0.470434695482254 0.439626261591911 0.454860001802444 0.563572749495506 0.740313783288002 1.06678006052971 1.17482471466064 1.24204069375992 1.42028197646141 1.49001762270927 1.39595165848732 1.33488070964813 1.47728204727173 2.00476258993149 2.50909870862961 2.77912509441376 2.81265288591385 2.05712181329727 2.05181264877319 2.54270786046982 5.57942998409271 8.75936222076416
-9999 -9999 -9999 -9999 -9999 1.41759710758924 2.00515347719193 1.10012027621269 0.861400008201599 0.941241949796677 0.888584107160568 0.784115731716156 0.837980836629868 0.831165701150894 0.856393486261368 1.10522916913033 0.823062568902969 0.80293196439743 0.808244168758392 0.775241106748581 0.675898835062981 0.657544076442719 0.676274880766869 0.677443474531174 0.663614675402641 0.521694928407669 0.414027750492096 0.550981432199478 0.519657075405121 0.492562741041183 0.584793403744698 0.659469410777092 0.701042622327805 0.760297983884811 0.685695737600327 0.642266258597374 0.633725389838219 0.584820136427879 0.463552191853523 0.433538898825645 0.43793061375618 0.416228145360947 0.40739643573761 0.42657570540905 0.65427254140377 0.771621286869049 0.535859361290932 0.574333772063255 0.930817991495132 0.910850197076797 0.979998797178268 1.70569628477097 1.75678244233131 1.69984951615334 1.73781001567841 1.10725191235542 1.10725191235542 2.17380747199059 1.68538963794708 2.148168861866 2.57644647359848
-9999 -9999 -9999 -9999 -9999 1.4179439842701 0.991056472063065 0.94334802031517 0.827164381742477 0.788401991128922 0.774928271770477 0.799541741609573 0.717013254761696 0.688859716057777 0.669596448540688 0.641642421483994 0.638028144836426 0.654545813798904 0.672932982444763 0.674374043941498 0.6451406031847 0.661745265126228 0.698528274893761 0.676922857761383 0.662560656666756 0.734980076551437 0.77489510178566 0.747327089309692 0.782758355140686 0.66266892850399 0.625209107995033 0.616434037685394 0.628731697797775 0.74170258641243 0.787639707326889 0.68291200697422 0.59303592145443 0.527716219425201 0.450673654675484 0.427217602729797 0.427231192588806 0.406397894024849 0.380985885858536 0.383002683520317 0.380685612559319 0.41722346842289 0.451913818717003 0.483188778162003 0.514688372612 0.512407332658768 1.08314475417137 1.17741322517395 1.37537795305252 1.25504368543625 1.17804774641991 1.11782392859459 1.20587182044983 1.31198081374168 1.49614092707634 1.72819358110428 1.89779591560364
-9999 -9999 -9999 -9999 -9999 1.18186944723129 1.02322053909302 1.5774199962616 1.36363497376442 1.09409442543983 0.938669711351395 0.84709632396698 0.603006720542908 0.616559341549873 0.604269504547119 0.616704046726227 0.629616558551788 0.674924165010452 0.672150582075119 0.65671880543232 0.661232337355614 0.650498226284981 0.660311043262482 0.662932500243187 0.729011937975883 0.738596320152283 0.840592950582504 0.888325095176697 0.93315526843071 0.895876675844193 0.850385069847107 0.687865376472473 0.613551959395409 0.635328814387321 0.647530853748322 0.621920451521873 0.596063554286957 0.540449067950249 0.473421156406403 0.467779889702797 0.448977380990982 0.407979145646095 0.367775313556194 0.333505265414715 0.317497260868549 0.33452533185482 0.351621709764004 0.380221545696259 0.517119526863098 0.821357309818268 1.06440576910973 1.167660176754 1.19332748651505 1.30827650427818 1.30055442452431 1.2061602473259 1.22294756770134 1.30168282985687 1.44640526175499 1.61186188459396 1.81075751781464
-9999 -9999 -9999 -9999 -9999 1.03141924738884 0.958434015512466 0.757463425397873 1.00348752737045 0.978667974472046 1.0414023399353 0.842910647392273 0.780827343463898 1.20813000202179 0.575744390487671 0.568364873528481 0.566268369555473 0.623898893594742 0.641361594200134 0.651431679725647 0.664744690060616 0.663861885666847 0.690546534955502 0.757395207881927 0.769828140735626 0.759591221809387 0.909839540719986 0.899485766887665 0.853560537099838 0.88407826423645 0.839408688247204 0.831912405788898 0.871091276407242 0.837793797254562 0.763508856296539 0.73912525177002 0.646738484501839 0.566134169697762 0.514388367533684 0.500090226531029 0.442010655999184 0.413413390517235 0.377937957644463 0.33679374307394 0.326799094676971 0.342846594750881 0.351078227162361 0.434756353497505 0.624749332666397 0.784958124160767 0.987004905939102 1.14260870218277 1.10392919182777 1.0979300737381 1.16795727610588 1.21287757158279 1.23781844973564 1.20632100105286 1.20331764221191 1.35963740944862 1.64250773191452
