EcologicalScience/Bass/data/rs_data_bass/chl_230.asc
NCOLS 226 
NROWS 124 
XLLCORNER -9.41648524995501 
YLLCORNER 47.587301625531 
CELLSIZE 0.0833 
NODATA_value -9999 
[rows 54 to 80 of 124, columns 124 to 185 of 226]
2.53575099431551 2.3801246881485 1.89656566381454 1.97241733624385 1.92626248873197 1.8792068866583 2.01640522021514 2.18408153607295 2.22671189904213 2.19862750172615 2.49295329196113 2.13984622061253 2.01779197729551 2.56377031803131 2.54699699878693 2.7353084564209 2.60712447166443 3.50420067991529 2.62654668944223 2.512673163414 2.69117724895477 2.64856882095337 2.70291817188263 2.3729341506958 2.27597658634186 2.19212776422501 2.1300799369812 2.18265209197998 2.19793066978455 2.66332057714462 2.65711530447006 2.60591411590576 2.4083168611807 1.63281909777568 1.83953200067793 1.73825878756387 1.83223110437393 2.15890916436911 2.28533061593771 2.10532425642014 1.99678357690573 1.59079257845879 1.31929494002286 1.37851203539792 1.17544449865818 1.12672587732474 1.58110155165195 1.82163465768099 2.05697789043188 4.49188105683578 4.43929547385166 4.30389731808713 6.24800373160321 4.72759276628494 13.3787724177043 31.6508560180664 8.11876550316811 6.80297830275127 7.61511951684952 15.7469913655479 5.47524024626452 -9999
2.7853494148988 2.37262187898159 2.22217574715614 2.15493069703762 2.16532070820148 2.24490043291679 2.60397250311715 2.51075084720339 2.3600575694671 2.3268579095602 2.36100263893604 2.2972554564476 2.34636895014689 2.94298655646188 2.7094517827034 2.43554182236011 2.58670380482307 5.20237949916295 2.5165637254715 2.62836592197418 2.67709214687347 2.76099366801126 2.63240505542074 2.5156461596489 2.42557393312454 2.27963547706604 2.27272664308548 2.33242814540863 3.3462294737498 2.15024804323912 1.94101302623749 1.9661870598793 2.34980158946093 2.07197391986847 1.76319506764412 1.71365388482809 1.62731576152146 1.76513982169768 1.74304980039597 1.71389253700481 1.29391091689467 1.64365161517087 1.63681514561176 2.15617293119431 2.71270209864566 1.73487417027354 2.14707718044519 2.09195105731487 5.29363530560544 12.3853361606598 5.65070640004199 6.11470857910488 6.78714462985163 5.50937955003036 7.20688703656197 12.156173184514 10.5720698833466 -9999 -9999 -9999 -9999 -9999
3.22485566139221 2.97566160559654 2.80973465740681 2.8764967918396 2.3342349254168 2.19047275873331 2.3284960434987 2.35193908673066 2.3095965385437 2.35527312755585 2.42384088039398 2.60061950981617 2.58072850337395 3.18365713528224 2.59099814525017 2.81071829795837 3.19658837148121 2.95834761857986 6.03583299196683 2.60723904462961 2.79157098440024 2.825038928252 3.11505045890808 2.6510219335556 2.57489082813263 3.05938929319382 2.9887951867921 4.26581847667694 3.21349012851715 2.24367852509022 2.05650009959936 1.96981962025166 2.3699558762943 2.33924420674642 2.10920043786367 1.89127150002648 1.74600924463833 1.6799839664908 1.59005410530988 1.57043478769415 1.34262825921178 1.4626240991056 1.75057008862495 2.05613728612661 2.29915405064821 2.50714011490345 3.4401957988739 3.88812817549854 6.09239106074623 4.22549775838852 4.12498819828033 4.853200507164 5.18673335251055 12.2408296689391 -9999 -9999 -9999 -9999 -9999 -9999 -9999 -9999
2.99646630653968 2.84479858325078 3.15592356026173 3.06798769533634 2.66922369828591 2.54347765445709 2.54802141281275 2.57097205748925 2.55044991236467 2.43168095441965 2.53308186622766 3.09727095640623 3.32474937805763 2.89289788099436 2.87385254639846 3.01696867209214 2.19122815132141 2.40905070304871 2.40024515390396 2.43279384374619 2.31818971633911 2.49974927902222 2.64119009971619 2.49473569393158 2.69579601287842 2.54794385433197 2.51514932513237 3.40422940254211 3.2857803106308 3.01663366953532 2.05540222674608 2.10791337490082 2.58101058006287 2.44517342249552 2.49086888631185 2.26599011818568 2.18299502134323 1.27865650057793 1.3190115749836 1.5612469385652 1.42715294659138 1.54164442420006 1.73794573545456 2.1291016638279 2.3152110055089 2.60032600164413 7.99756622314453 6.51620985061751 8.6117799282074 4.97085285186768 4.72412552833557 7.54616301938107 12.088226268166 -9999 -9999 -9999 -9999 -9999 -9999 -9999 -9999 -9999
4.04953998327255 3.44020295143127 3.35445268452168 3.21854229271412 3.42402249574661 3.37989600002766 2.82546918208782 2.7753213093831 2.84780243726877 2.79417539559878 2.8700845516645 1.82398724555969 1.91357365250587 3.06078516585486 2.8772018807275 2.78076755149024 2.52849935293198 2.30922547578812 2.28030319213867 2.19524676799774 2.10784375667572 2.17049413919449 2.02680477925709 2.08458117076329 2.46394977399281 2.90625992417336 2.51521480083466 2.53783313433329 2.58762625853221 2.86487444241842 1.95945393294096 2.49645880858103 1.7052485793829 1.70100063085556 1.70069331675768 2.19497265418371 1.76105681587668 1.58347470970715 1.42007897155625 1.31124071404338 1.32521012797952 1.38119998574257 2.11014857143164 2.39959716796875 2.94290408021525 6.11208436800086 9.10795187950134 6.70500862598419 8.0319550037384 5.01610115596226 7.31035995483398 18.5658550764385 40.6181496840257 -9999 -9999 -9999 -9999 -9999 -9999 -9999 -9999 -9999
-9999 5.12796328617976 4.80687483457419 3.94437393546104 4.02900826931 4.07286664843559 3.41902676224709 3.28050156740042 3.37493898318364 3.13876937902891 2.18168592453003 3.50290746986866 2.05716481804848 2.28803193569183 3.1380740404129 2.97043194089617 2.30893777608871 2.19524624347687 2.18514937162399 2.1886803984642 2.14132075309753 2.33122426271439 2.07676689965384 2.12568865503584 2.16252912793841 2.07066791398185 2.47785258293152 2.37004879117012 2.50625364219441 2.60387664682725 2.41657024621964 2.1797812183698 1.74870928376913 1.70736618340015 1.71019298583269 1.83533367743859 2.11179063951268 1.68485674086739 1.5629468700465 1.71641964070937 1.85907226055861 1.82866003364325 1.95452356338501 2.67452597618103 3.01319178087371 -9999 6.49257755279541 6.67261709950187 9.19762766361237 7.07020248864826 24.3954772949219 53.6085645426875 53.3545822416033 60.5766520500183 -9999 -9999 -9999 -9999 -9999 -9999 -9999 -9999
-9999 -9999 -9999 -9999 -9999 2.28387522697449 3.69469185975882 3.55804959627298 3.47337734699249 3.81923512050084 4.15203112363815 2.29185113310814 2.49164772033691 3.32319325208664 3.56611278423896 3.24996923548835 2.26728149652481 3.1968069764284 3.01672956347466 2.963787317276 2.53852093219757 2.39665612578392 2.29123422503471 2.07832005194255 2.38819536566734 2.08145923912525 2.1973530203104 2.2445909678936 2.0112119615078 2.1105359941721 1.89119097590446 1.80121725797653 2.01529077688853 2.00697761774063 1.96941227422041 1.37158951163292 1.36969928070903 2.53634798526764 2.30212630243862 1.63016049220012 1.92025285500747 1.90082706212997 2.09194645973352 2.23241715706312 2.72282277792692 21.3132356081194 -9999 -9999 -9999 -9999 26.4780765601567 33.9020927974156 35.8054649489267 23.6554310725285 -9999 -9999 -9999 -9999 -9999 -9999 -9999 -9999
-9999 -9999 -9999 -9999 -9999 -9999 -9999 -9999 3.82492618560791 4.44217668260847 4.16772139989413 3.72075451910496 3.62678170204163 3.96913870481344 4.12469574121329 3.6480958036014 3.57636944736753 3.42505890589494 3.39592146414977 2.76705323798316 2.42999991774559 2.29483649560383 2.31304044382913 2.16832589251654 2.05579284259251 1.94709903001785 1.814995855093 1.96142962574959 2.05106606228011 2.12941608258656 1.85254204273224 1.75952817499638 1.56855005877359 1.60641402751207 1.50465583428741 1.47454602643847 1.40718030184507 1.34108975529671 1.66941924889882 1.76842066416374 1.76284448917095 1.79610353708267 1.99858759458248 2.31919322105554 6.36622840828366 29.0682649612427 -9999 -9999 -9999 -9999 17.548882484436 24.766322458944 64.4185821533203 37.5374784469604 52.4115445273263 44.5839753394224 -9999 -9999 -9999 -9999 -9999 -9999
-9999 -9999 -9999 -9999 -9999 -9999 -9999 -9999 -9999 -9999 4.07031951631819 4.54343225405766 4.46312168928293 3.45685115882329 3.3471736907959 3.20894765853882 2.72925075888634 2.36916902661324 2.19905814528465 2.27999630570412 2.44832584261894 2.29761268411364 2.10505219868251 2.00554301057543 1.9109384894371 2.16943870271955 1.91970151662827 2.13559038724218 2.25479706696102 1.90362900495529 1.95523720979691 1.90053230524063 2.06197480243795 1.61625646054745 1.28578972816467 0.847234852612019 0.800233737780498 1.31252070888877 1.53888117522001 2.00802129507065 2.01146284433512 2.09961569309235 2.31443697672624 2.83884694576263 14.0582879301414 -9999 -9999 -9999 -9999 -9999 -9999 -9999 9.95692237048614 14.3975993565151 15.2315859113421 17.64427217756 10.8786277770996 -9999 -9999 -9999 -9999 -9999
-9999 -9999 -9999 -9999 -9999 -9999 -9999 -9999 -9999 4.3704868555069 4.2711546421051 3.79173997470311 3.55283372742789 3.478205374309 3.28857472964696 25.3007393836975 2.99461126327515 2.11524356603622 1.73571771383286 2.32452252682518 2.09003601004096 1.84668350920958 1.60984687244191 1.5257435686448 1.68494846423467 1.78760209679604 1.86058911681175 1.93403819203377 1.94018179178238 2.05729803442955 2.03633408336078 1.82249987125397 1.66367847919464 1.57862893491983 1.45613512024283 1.4698647223413 1.32122251018882 1.21014266747695 1.70874600112438 1.79415857791901 2.09977421164513 2.35584676265717 2.45699179172516 2.73196184635162 24.3616947763174 33.0447750091553 -9999 -9999 -9999 28.7830153498156 29.2262013608759 21.852241190997 23.7337210828608 36.455369905992 14.6304704441744 17.8610637187958 14.672111115148 -9999 -9999 -9999 -9999 -9999
-9999 -9999 -9999 -9999 -9999 -9999 -9999 -9999 -9999 -9999 4.4579313652856 3.92202799660819 3.58187990529197 3.83274640355791 3.17539528012276 3.41308370758505 3.2746216619716 2.1288500726223 2.43638484267627 1.93025624050814 2.02849345207214 1.79367481470108 1.660730946064 1.48204454183578 1.78033115466436 1.71771804775511 1.68079833473478 1.6047950014472 1.78855165243149 2.18154575544245 2.20073655072381 1.77160098552704 2.149862408638 1.57922478765249 1.47551177814603 1.37294637411833 1.35188655182719 1.59168183803558 1.85148230195045 2.01377284526825 2.0390388071537 2.25739315152168 2.59733855724335 16.9383075237274 8.91972823571233 -9999 -9999 -9999 -9999 -9999 30.6496056643399 33.5968358516693 41.0087240826 36.879048650915 47.5029933929443 -9999 -9999 -9999 -9999 -9999 -9999 -9999
-9999 -9999 -9999 -9999 -9999 -9999 -9999 -9999 -9999 3.67937564849854 5.04739308357239 3.98681739398411 2.78864922523499 4.16063470499856 3.95669194630214 3.29602131422828 3.45641441345215 3.33733112812042 2.41517624784918 1.90462700759663 1.8051370382309 2.02949352264404 1.65330719947815 2.01474138100942 2.1178505619367 2.37158566713333 2.32890456914902 2.1412180463473 1.78345054015517 1.90695694684982 1.88570591211319 1.79966822862625 2.21863162868163 1.46010993719101 1.51291463524103 1.30880803987384 1.3635487139225 1.53259018063545 1.76176688075066 1.99627500772476 2.05924952030182 2.27518951892853 2.57028692109244 6.15508399889307 3.86466658115387 -9999 -9999 -9999 -9999 -9999 46.2686908684279 17.9091258645058 21.5698833465576 -9999 -9999 -9999 -9999 -9999 -9999 -9999 -9999 -9999
-9999 -9999 -9999 -9999 -9999 -9999 -9999 -9999 -9999 5.80041272823627 4.86898417656238 3.29891699552536 4.28648133461292 3.44055053591728 3.03126638669234 2.99038426692669 2.57867566438822 2.42236364804781 1.96690540804582 1.77870379475986 1.80894931975533 1.64926183924955 1.48880149336422 1.21967150084674 1.24780196137726 1.20451111346483 2.47699408671435 2.09145555075477 1.93617106886471 2.19419410649468 2.40242589922512 1.71672946214676 1.68230409622192 1.35713723301888 1.32297512463161 1.43789325356483 1.48930440545082 1.67850556969643 1.79722237586975 2.00613668560982 2.16016316413879 2.36486211419106 3.64149114960118 11.0178126252971 3.86466693878174 -9999 -9999 -9999 -9999 12.1949715614319 -9999 -9999 -9999 -9999 -9999 -9999 -9999 -9999 -9999 -9999 -9999 -9999
-9999 -9999 -9999 -9999 -9999 -9999 -9999 -9999 -9999 3.95807585120201 3.50299993157387 4.17695106778826 3.93095026566432 3.0082044750452 2.82977066934109 2.65967710316181 2.42378477866833 1.93784336745739 1.93843556642532 1.89279811382294 1.68608622340595 1.66985513532863 1.14913304708898 1.23303286358714 2.69042183371151 1.18171565048397 1.14612886682153 2.24703673755421 2.25421011097291 2.5968925111434 1.64407750368118 1.75256313085556 1.74955279827118 1.68285284042358 1.62673106789589 1.5226114153862 1.60582971748184 1.7408644258976 1.80539846420288 1.95926401019096 2.22242429852486 3.2131952047348 4.72612790492044 -9999 -9999 -9999 -9999 -9999 -9999 -9999 -9999 -9999 -9999 -9999 -9999 -9999 -9999 -9999 -9999 -9999 -9999 -9999
-9999 -9999 -9999 -9999 -9999 -9999 -9999 -9999 -9999 3.06793244446025 4.19489649625925 4.08361189181988 3.55820211080404 2.51401343941689 2.43021029233932 2.56130434458072 2.35419680522038 2.1401457969959 2.00103336572647 1.97785357236862 1.98267230987549 2.08954939421485 1.45543544366956 1.54180939123034 1.44324609450996 1.21024816855788 1.18059122934937 1.37891087494791 1.83007739782333 1.72767720222473 1.74297169446945 1.60084335620587 1.6694952249527 1.63051437480109 1.52547746045249 2.81449982151389 1.91738973645603 2.04768748493756 2.26062689108007 2.50929075479507 2.59983002288001 5.23717183225295 8.20963216402444 -9999 -9999 -9999 -9999 -9999 -9999 -9999 -9999 -9999 -9999 -9999 -9999 -9999 -9999 -9999 -9999 -9999 -9999 -9999
-9999 -9999 -9999 -9999 -9999 -9999 -9999 3.28386068344116 3.83350124359131 2.63385028839111 4.35452292515681 4.02712730719493 3.54170116094443 2.42726169526577 2.45977738270393 2.29916593661675 2.18080672392478 1.83666745253972 1.55043508325304 1.99855196125367 1.27145688874381 1.29327233321965 2.87451422915739 3.06523898068596 1.26512037590146 1.21933050267398 1.33071490377188 1.27554700523615 1.98951222896576 1.8080729842186 1.83480734825134 1.72352405956813 1.77892421824592 1.72015747853688 1.65117087784935 1.7863116979599 1.91710070371628 2.0116647362709 2.56339082121849 2.63630667328835 12.4919887821651 5.69786846637726 3.25656187534332 -9999 -9999 -9999 -9999 -9999 -9999 -9999 -9999 -9999 -9999 -9999 -9999 -9999 -9999 -9999 -9999 -9999 -9999 -9999
-9999 -9999 -9999 -9999 -9999 -9999 4.05576549635993 2.87714040279388 2.99576522322262 2.68504302501678 2.60170357227325 3.34442563698842 3.14009734988213 2.4730538725853 2.04577073454857 2.08053383918909 1.79153991171292 1.58012127450534 1.42201272291797 1.22956010699272 1.14979299902916 1.23565065647875 2.86445854604244 3.16833085172317 1.24159857071936 1.29590919613838 7.00054196750416 1.88250181674957 2.02449434995651 2.05224823951721 1.88522955179214 1.81596432413374 1.76374674694879 1.77512587819781 1.87857602323805 2.73576846894096 2.88872507214546 2.6799558699131 2.60887724161148 -9999 -9999 -9999 -9999 -9999 -9999 -9999 -9999 -9999 -9999 -9999 -9999 -9999 -9999 -9999 -9999 -9999 -9999 -9999 -9999 -9999 -9999 -9999
-9999 -9999 -9999 -9999 4.6319995336006 3.45413525104523 2.9752606398919 3.21806394002017 3.82749963723696 3.22713214159012 2.94615440070629 3.06579510867596 3.00082382559776 2.4164417331869 2.29632618752393 2.05817197127776 1.87375924262134 1.46132152126386 1.4048592883807 1.28507399559021 1.31638926267624 1.40651953220367 1.39125153422356 3.90080219507217 1.29942171488489 6.0091918777017 15.0085441925946 2.36931602954864 2.20910620689392 2.12635749578476 2.16372838190624 2.05846927847181 1.980706010546 2.01445716619492 2.50201897961753 2.99721574082094 8.08278670907021 7.92370974100553 -9999 -9999 -9999 -9999 -9999 -9999 -9999 -9999 -9999 -9999 -9999 -9999 -9999 -9999 -9999 -9999 -9999 -9999 -9999 -9999 -9999 -9999 -9999 -9999
-9999 -9999 -9999 -9999 3.18119096755981 4.07141773922499 2.76382836699486 2.90302419662476 3.32777483122689 3.40195607680541 2.73707807064056 2.78249701857567 2.45622831583023 2.33103637397289 2.26345719282444 1.96751630306244 1.67831593751907 1.41031916554158 1.33765606009043 1.28657733018582 1.32718237088277 1.35909153177188 1.37422484388718 1.39808249473572 1.33444029092789 1.46024532960011 1.56322600749823 1.65408284962177 1.69391302764416 2.23413717746735 2.252323278359 2.2304744890758 2.22652323756899 2.30205421788352 2.60957797134624 2.55708929721047 11.1688934734889 -9999 -9999 -9999 -9999 -9999 -9999 -9999 -9999 -9999 -9999 -9999 -9999 -9999 -9999 -9999 -9999 -9999 -9999 -9999 -9999 -9999 -9999 -9999 -9999 -9999
-9999 29.0010047891287 4.47599546853886 4.07920994730883 3.52903960031622 2.65975087881088 2.75802853703499 2.86749672889709 3.82474456842129 3.33346896446668 2.91574993729591 2.23765237514789 1.89978021383286 1.8481007034962 1.82388430833817 1.78360450267792 1.40380333707883 1.27483851176042 1.17337899712416 1.18801877590326 1.25436154466409 1.29974893652476 1.33206681104807 1.38082103545849 1.45360660094481 1.47788035869598 1.69752685381816 1.81173147261143 1.93430288136005 2.32059878110886 2.38761973381042 2.49711722135544 2.31839661087309 2.49092325568199 25.575539129121 13.6743918494745 -9999 -9999 -9999 -9999 -9999 -9999 -9999 -9999 -9999 -9999 -9999 -9999 -9999 -9999 -9999 -9999 -9999 -9999 -9999 -9999 -9999 -9999 -9999 -9999 -9999 -9999
18.5020727770669 5.01098086194294 5.94844465989333 3.30888278143746 3.91782463513888 3.85479360360366 4.03553495957301 4.18586408174955 4.32150721549988 3.4069030880928 2.56066160477125 2.18411914201883 1.97164899110794 1.53084113964668 1.88658981139843 1.46128942416264 1.31899181925333 2.01518433935502 2.00467054282918 1.21304601430893 1.29279787494586 1.37715788758718 1.36489177437929 1.41688566024487 1.93264590203762 1.64686555862427 1.81599801778793 1.99093933403492 2.28961957352502 2.6864367723465 3.0987274646759 3.02852195501328 9.11963190436363 -9999 -9999 -9999 -9999 -9999 -9999 -9999 -9999 -9999 -9999 -9999 -9999 -9999 -9999 -9999 -9999 -9999 -9999 -9999 -9999 -9999 -9999 -9999 -9999 -9999 -9999 -9999 -9999 -9999
24.3346421285109 2.58546193440755 4.09233158826828 4.0771428163235 4.41462028026581 4.04164860798762 3.90783435564775 4.10527189878317 3.97926744818687 3.1414121389389 2.50409505297156 2.03400216783796 1.58238541015557 1.48895441421441 1.83548991469776 1.33386915234419 1.21803513627786 1.14985572833281 1.15866333933977 1.2554028744881 1.40610102736033 1.46068246089495 1.52398150700789 1.64878822748478 2.03801304101944 2.0653533752148 2.1053327184457 2.23777391360356 2.96729500804629 2.95567228112902 3.58461168408394 3.32596308451432 3.18544782125033 22.7303690408406 13.5292476756232 5.3956663572427 -9999 -9999 -9999 -9999 -9999 -9999 -9999 -9999 -9999 -9999 -9999 -9999 -9999 -9999 -9999 -9999 -9999 -9999 -9999 -9999 -9999 -9999 -9999 -9999 -9999 -9999
4.35979902744293 4.24487465620041 4.1210985481739 3.81202345235007 3.62240777696882 3.48203955377851 3.2930748462677 2.3282581109267 2.2326490512261 1.9986815239702 1.74752364839826 2.30012529036578 1.55423679522106 1.72720836891847 1.33276986617308 1.35256584103291 1.17024969825378 1.18687853446374 1.23622133181645 1.22769443805401 1.42758331980024 1.6595242023468 1.90084949561528 2.07157535736377 2.11068123579025 2.17348055197642 2.37044291771375 2.63329715912159 3.47649237513542 3.74216401576996 6.8037509171168 -9999 -9999 -9999 -9999 -9999 -9999 -9999 -9999 -9999 -9999 -9999 -9999 -9999 -9999 -9999 -9999 -9999 -9999 -9999 -9999 -9999 -9999 -9999 -9999 -9999 -9999 -9999 -9999 -9999 -9999 -9999
4.69958633184433 4.13518384099007 5.62198290228844 3.7281614780426 4.32025812353407 3.81290655136108 3.79707507044077 2.51956281753687 2.28050232850588 2.03407780023722 2.01877240464091 2.07392493316105 1.53307796927059 1.43840821350322 0.898344103779112 1.2383107313743 1.23032463972385 1.22503513785509 1.2469665981256 1.45654170100506 1.76652857890496 1.93667663977696 2.1034648005779 2.25756299495697 2.51518630981445 2.72429057726493 2.8353725029872 4.02585589885712 4.05399237360273 4.23808494635991 4.30952203273773 6.53706488738189 -9999 -9999 -9999 -9999 -9999 -9999 22.2725129020748 12.6942715644836 -9999 -9999 -9999 -9999 -9999 -9999 -9999 -9999 -9999 -9999 -9999 -9999 -9999 -9999 -9999 -9999 -9999 -9999 -9999 -9999 -9999 -9999
3.77226005150722 3.83770713439355 3.41705203056335 4.41554084089067 3.99132202193141 3.64149134723764 4.11784918606281 2.44388163941247 2.18578279935397 1.75797182321548 1.55161611391948 1.47160999564564 1.29806642321979 1.62860875620562 0.893149386559214 1.37204816249701 1.35789653888116 1.3172498689248 1.594278216362 1.98952231957362 2.11861556768417 2.11503006730761 2.38720571994781 2.70834642648697 2.85555845499039 3.1809341449004 3.28061637282372 8.73277860338038 9.24291040680625 3.893050968647 8.18439662129912 3.42093944549561 -9999 -9999 -9999 -9999 -9999 -9999 -9999 -9999 -9999 -9999 -9999 -9999 -9999 -9999 -9999 -9999 -9999 -9999 -9999 -9999 -9999 -9999 -9999 -9999 -9999 -9999 -9999 -9999 -9999 -9999
-9999 -9999 -9999 -9999 -9999 3.96995913354974 2.89386421016284 2.52574855547685 1.6833502139364 1.69036065254893 1.50175548664161 0.832099451550416 0.869225883058139 0.913071359906878 0.924759274082524 1.40491746480648 1.45162913203239 1.60777059426674 1.73418966623453 2.16326022148132 2.5998953626706 2.69317775964737 2.90234577655792 16.4030758948887 5.4025114774704 9.01903064684434 -9999 -9999 -9999 -9999 -9999 -9999 -9999 -9999 -9999 -9999 -9999 -9999 -9999 -9999 -9999 -9999 -9999 -9999 -9999 -9999 -9999 -9999 -9999 -9999 -9999 -9999 -9999 -9999 -9999 -9999 -9999 -9999 -9999 -9999 -9999 -9999
-9999 -9999 -9999 -9999 -9999 -9999 2.79697152972221 2.23049321541419 1.75426770632084 1.6680121421814 0.853046680135386 0.895163907536438 1.03239410902773 1.08543890501772 1.41423469994749 1.68103465012142 3.99041620641947 1.87580506159709 2.16351745220331 2.51693904399872 2.9945255288711 3.12219095230103 2.99887639284134 3.34138626441723 -9999 -9999 -9999 -9999 -9999 -9999 -9999 -9999 -9999 -9999 -9999 -9999 -9999 -9999 -9999 -9999 -9999 -9999 -9999 -9999 -9999 -9999 -9999 -9999 -9999 -9999 -9999 -9999 -9999 -9999 -9999 -9999 -9999 -9999 -9999 -9999 -9999 -9999
