EcologicalScience/Bass/data/rs_data_bass/chl_163.asc
NCOLS 226 
NROWS 124 
XLLCORNER -9.41648524995501 
YLLCORNER 47.587301625531 
CELLSIZE 0.0833 
NODATA_value -9999 
[rows 54 to 80 of 124, columns 0 to 61 of 226]
-9999 -9999 -9999 -9999 -9999 -9999 -9999 -9999 -9999 -9999 -9999 -9999 -9999 -9999 -9999 -9999 -9999 -9999 -9999 -9999 -9999 -9999 -9999 -9999 -9999 -9999 -9999 -9999 -9999 -9999 -9999 -9999 -9999 -9999 -9999 -9999 -9999 -9999 4.70882209767383 3.41194232304891 2.18747699260712 2.38427102565765 2.07021152973175 1.27860224246979 1.39439696073532 1.24507945775986 1.06207725405693 0.918825030326843 0.812190771102905 0.827077478170395 0.928421974182129 1.00158897042274 1.14203551411629 1.50413328409195 1.74228751659393 2.06690168380737 2.21219104528427 2.37996232509613 -9999 0.607058599591255 0.62790758907795 1.35244245632835
-9999 -9999 -9999 -9999 -9999 -9999 -9999 -9999 -9999 -9999 -9999 -9999 -9999 -9999 -9999 -9999 -9999 -9999 -9999 -9999 -9999 -9999 -9999 -9999 -9999 -9999 -9999 -9999 -9999 -9999 -9999 -9999 -9999 -9999 -9999 -9999 -9999 -9999 -9999 4.12813862164815 1.95383548736572 1.96095299720764 1.82747858762741 2.29811400175095 1.51523244380951 1.22608128190041 1.13421678543091 0.92809796333313 1.01823154091835 0.90135070681572 0.931437760591507 1.03174129128456 1.41790348291397 1.65506333112717 1.93473297357559 2.13325041532516 2.12234557526452 -9999 -9999 -9999 -9999 -9999
-9999 -9999 -9999 -9999 -9999 -9999 -9999 -9999 -9999 -9999 -9999 -9999 -9999 -9999 -9999 -9999 -9999 -9999 -9999 -9999 -9999 -9999 -9999 -9999 -9999 -9999 -9999 -9999 -9999 -9999 -9999 -9999 -9999 -9999 -9999 -9999 -9999 -9999 -9999 -9999 2.01642376184464 1.91891026496887 1.7809191942215 1.82714331150055 1.92981219291687 1.50429153442383 1.43321549892426 1.29471677541733 1.13367971777916 0.998578459024429 0.897550463676453 1.11667799949646 1.26564002037048 1.28445374965668 1.38054451346397 1.53110325336456 1.79368507862091 2.00719803571701 6.65106564760208 -9999 -9999 -9999
-9999 -9999 -9999 -9999 -9999 -9999 -9999 -9999 -9999 -9999 -9999 -9999 -9999 -9999 -9999 -9999 -9999 -9999 -9999 -9999 -9999 -9999 -9999 -9999 -9999 -9999 -9999 -9999 -9999 -9999 -9999 -9999 -9999 -9999 -9999 -9999 -9999 -9999 -9999 -9999 1.90360854069392 2.11535918712616 1.86440545320511 1.83366376161575 1.99396508932114 2.03099924325943 1.48885121941566 1.61017656326294 1.47762528061867 1.20998176932335 0.864740252494812 0.975794970989227 1.15811178088188 1.25828701257706 1.23312449455261 1.1820997595787 1.17446252703667 1.61045104265213 1.63585191965103 1.26502275466919 6.01456797122955 -9999
-9999 -9999 -9999 -9999 -9999 -9999 -9999 -9999 -9999 -9999 -9999 -9999 -9999 -9999 -9999 -9999 -9999 -9999 -9999 -9999 -9999 -9999 -9999 -9999 -9999 -9999 -9999 -9999 -9999 -9999 -9999 -9999 -9999 -9999 -9999 -9999 -9999 -9999 -9999 -9999 -9999 2.70170474052429 2.136834025383 2.23236680030823 2.40579682588577 2.19424867630005 1.61348032951355 1.6323704123497 1.58569121360779 1.22349447011948 0.834411710500717 0.916617751121521 1.03180798888206 1.14924001693726 1.2293167412281 1.1956612765789 1.30124321579933 1.42188450694084 1.43402624130249 1.25427147746086 1.28418374061584 -9999
-9999 -9999 -9999 -9999 -9999 -9999 -9999 -9999 -9999 -9999 -9999 -9999 -9999 -9999 -9999 -9999 -9999 -9999 -9999 -9999 -9999 -9999 -9999 -9999 -9999 -9999 -9999 -9999 -9999 -9999 -9999 -9999 -9999 -9999 -9999 -9999 -9999 -9999 -9999 -9999 -9999 2.77606791257858 2.42638581991196 2.28022795915604 2.03405928611755 1.49157223105431 1.55029946565628 1.32763427495956 1.23688870668411 1.02803027629852 0.8904809653759 0.826194763183594 1.03393122553825 1.14778429269791 1.21793773770332 1.26994049549103 1.4054040312767 1.70727217197418 1.73193597793579 2.40150959383358 -9999 -9999
-9999 -9999 -9999 -9999 -9999 -9999 -9999 -9999 -9999 -9999 -9999 -9999 -9999 -9999 -9999 -9999 -9999 -9999 -9999 -9999 -9999 -9999 -9999 -9999 -9999 -9999 -9999 -9999 -9999 -9999 -9999 -9999 -9999 -9999 -9999 -9999 -9999 -9999 -9999 -9999 2.55594527721405 2.50602668523788 2.38703781366348 1.92231827974319 1.69405728578568 1.43277221918106 1.5271418094635 1.43858921527863 1.24825197458267 1.08032771945 0.943554729223251 0.871036469936371 1.03952550888062 1.34332501888275 1.41686546802521 1.40775525569916 1.39308822154999 -9999 -9999 4.94011652469635 10.8023879528046 32.6391019821167
-9999 -9999 -9999 -9999 -9999 -9999 -9999 -9999 -9999 -9999 -9999 -9999 -9999 -9999 -9999 -9999 -9999 -9999 -9999 -9999 -9999 -9999 -9999 -9999 -9999 -9999 -9999 -9999 -9999 -9999 -9999 -9999 -9999 -9999 -9999 -9999 -9999 -9999 -9999 2.52056032419205 2.43369001150131 2.31926107406616 1.98718196153641 1.68087673187256 1.3962367773056 1.33284375071526 1.52546399831772 1.22336250543594 1.26529052853584 1.01588326692581 0.963932991027832 0.985941767692566 1.01745826005936 1.22871145606041 1.41746029257774 1.76345175504684 1.99143308401108 1.97929948568344 2.24605947732925 2.50251817703247 3.23879492282867 3.47741711139679
-9999 -9999 -9999 -9999 -9999 -9999 -9999 -9999 -9999 -9999 -9999 -9999 -9999 -9999 -9999 -9999 -9999 -9999 -9999 -9999 -9999 -9999 -9999 -9999 -9999 -9999 -9999 -9999 -9999 -9999 -9999 -9999 -9999 -9999 -9999 -9999 -9999 -9999 -9999 2.39037895202637 2.11457777023315 1.69686377048492 1.48488825559616 1.23292502760887 1.15478101372719 1.24617299437523 1.33130925893784 1.11799576878548 1.11146020889282 0.955022245645523 1.01722276210785 1.02306604385376 0.995136737823486 1.18432277441025 1.33882650732994 1.41632178425789 1.49426999688148 1.64991223812103 1.82264542579651 1.73733597993851 1.65702599287033 1.49875500798225
-9999 -9999 -9999 -9999 -9999 -9999 -9999 -9999 -9999 -9999 -9999 -9999 -9999 -9999 -9999 -9999 -9999 -9999 -9999 -9999 -9999 -9999 -9999 -9999 -9999 -9999 -9999 -9999 -9999 -9999 -9999 -9999 -9999 -9999 -9999 -9999 -9999 -9999 3.01554358005524 2.53361248970032 2.01065558195114 1.48639950156212 1.27557823061943 1.16686651110649 1.19422647356987 1.27728000283241 1.08276075124741 1.01426249742508 0.978008240461349 0.962329477071762 1.03030800819397 1.07163378596306 1.06199097633362 1.11718127131462 1.20296251773834 1.2862049639225 1.32378521561623 1.26666453480721 1.22366398572922 1.36931249499321 1.32521402835846 1.61355221271515
-9999 -9999 -9999 -9999 -9999 -9999 -9999 -9999 -9999 -9999 -9999 -9999 -9999 -9999 -9999 -9999 -9999 -9999 -9999 -9999 -9999 -9999 -9999 -9999 -9999 -9999 -9999 -9999 -9999 -9999 -9999 -9999 -9999 -9999 -9999 -9999 -9999 -9999 2.17963349819183 2.23008745908737 1.79166752099991 1.22433221340179 1.1302709877491 1.15642350912094 1.24617451429367 1.29690903425217 1.08369746804237 1.02801221609116 1.03625553846359 1.20422628521919 1.35725328326225 1.18287599086761 1.21107298135757 1.19170573353767 1.13855096697807 0.984093725681305 1.09175929427147 0.977867245674133 0.957571506500244 0.9842189848423 1.00543203949928 1.07233053445816
-9999 -9999 -9999 -9999 -9999 -9999 -9999 -9999 -9999 -9999 -9999 -9999 -9999 -9999 -9999 -9999 -9999 -9999 -9999 -9999 -9999 -9999 -9999 -9999 -9999 -9999 -9999 -9999 -9999 -9999 -9999 -9999 -9999 -9999 -9999 -9999 -9999 2.1590623408556 2.64495742321014 1.70290875434875 1.35198748111725 1.05964949727058 0.997960478067398 1.01328447461128 1.03175550699234 1.05485773086548 1.07983347773552 1.04630845785141 1.22156327962875 1.42772546410561 1.57464444637299 1.58267033100128 1.3855447769165 1.18845453858376 1.06231346726418 1.02738153934479 0.981395959854126 0.973603516817093 0.904522508382797 0.853590041399002 0.907078474760056 1.16769075393677
-9999 -9999 -9999 -9999 -9999 -9999 -9999 -9999 -9999 -9999 -9999 -9999 -9999 -9999 -9999 -9999 -9999 -9999 -9999 -9999 -9999 -9999 -9999 -9999 -9999 -9999 -9999 -9999 -9999 -9999 -9999 -9999 -9999 -9999 -9999 -9999 -9999 2.54168254137039 2.19079130887985 1.76416432857513 1.34841147065163 1.1652352809906 1.05830177664757 1.0587329864502 0.954041987657547 0.942574471235275 1.00118923187256 1.10201248526573 1.33578523993492 1.47901654243469 1.54591566324234 1.76586002111435 1.84104377031326 1.32188022136688 1.18288949131966 0.973783493041992 1.13738250732422 1.21478095650673 1.16130673885345 1.01371201872826 1.22829446196556 2.24625366926193
-9999 -9999 -9999 -9999 -9999 -9999 -9999 -9999 -9999 -9999 -9999 -9999 -9999 -9999 -9999 -9999 -9999 -9999 -9999 -9999 -9999 -9999 -9999 -9999 -9999 -9999 -9999 -9999 -9999 -9999 -9999 -9999 -9999 -9999 -9999 -9999 3.48160725831985 1.9942342042923 1.81416374444962 1.41687521338463 1.22585928440094 1.08286651968956 1.08177673816681 1.12849429249763 1.04664301872253 1.15219876170158 1.22567099332809 1.26087972521782 1.28469300270081 1.32481947541237 1.4118517935276 1.56389182806015 2.06889742612839 1.64660024642944 1.40080127120018 1.23848095536232 1.05695995688438 1.21268847584724 1.41304421424866 1.77307641506195 3.28484845161438 5.86504125595093
-9999 -9999 -9999 -9999 -9999 -9999 -9999 -9999 -9999 -9999 -9999 -9999 -9999 -9999 -9999 -9999 -9999 -9999 -9999 -9999 -9999 -9999 -9999 -9999 -9999 -9999 -9999 -9999 -9999 -9999 -9999 1.87198877334595 0.584356003481409 -9999 2.10493344068527 2.25101919472218 24.2116114497185 1.58214908838272 1.44900897145271 1.24656146764755 2.02767527103424 2.54862749576569 2.71821749210358 2.47590225934982 1.81290078163147 1.52435696125031 1.39326077699661 1.3043714761734 1.27130100131035 1.30235776305199 1.47666674852371 1.59858155250549 1.69270205497742 1.68125921487808 1.58769983053207 1.6600102186203 1.89598202705383 1.71466505527496 4.17578458786011 4.73626041412354 7.52863669395447 3.14738470315933
-9999 -9999 -9999 -9999 -9999 -9999 -9999 -9999 -9999 -9999 -9999 -9999 -9999 -9999 -9999 -9999 -9999 -9999 -9999 -9999 -9999 -9999 0.346259817481041 2.18370151519775 3.79284524917603 2.87923049926758 1.02325197458267 1.35814501047134 3.75318145751953 2.57578057050705 2.99252092838287 2.62450057268143 1.83948683738708 1.63909578323364 1.30961626768112 1.38821098208427 1.31074878573418 1.13646447658539 1.09895101189613 1.4163427054882 2.75012022256851 2.78386956453323 2.69103294610977 2.21207249164581 1.54036581516266 1.26333001255989 1.32258751988411 1.36444875597954 1.41974776983261 1.43692052364349 1.60023218393326 1.78379917144775 1.92830318212509 1.85906624794006 2.43399828672409 2.47874701023102 2.65838706493378 2.50205916166306 7.14083783250106 -9999 -9999 -9999
-9999 -9999 -9999 -9999 -9999 -9999 -9999 -9999 -9999 -9999 -9999 -9999 -9999 -9999 -9999 -9999 -9999 -9999 -9999 -9999 -9999 -9999 1.22923877835274 1.71365243196487 2.0007119178772 2.24939095973969 2.19831454753876 1.89724498987198 2.41710591316223 2.54965656995773 2.46849453449249 1.69234800338745 1.23065400123596 1.29901796579361 1.11277198791504 1.03459578752518 1.06794753670692 1.06901997327805 1.77105367183685 1.93468272686005 2.18111550807953 1.09726649522781 1.2292312681675 1.05800700187683 0.855735003948212 1.10815653204918 1.46975550055504 1.56270378828049 1.57989227771759 1.67962718009949 1.61250078678131 1.84243351221085 1.82528167963028 2.38475167751312 3.00403439998627 -9999 -9999 -9999 -9999 -9999 -9999 -9999
-9999 -9999 -9999 -9999 -9999 -9999 -9999 -9999 -9999 -9999 -9999 -9999 -9999 -9999 -9999 -9999 -9999 -9999 -9999 2.05365522819407 1.77133798599243 1.02929100394249 1.27730628848076 1.12204349040985 1.68856054544449 1.34610146284103 1.10450997948647 1.36189797520638 1.56248992681503 1.6006777882576 1.65140551328659 1.52834630012512 1.83471447229385 1.98864376544952 1.14758920669556 0.958550959825516 1.0718024969101 1.73518574237823 2.31176555156708 1.93622553348541 1.68421196937561 1.31418827176094 0.939572274684906 0.942647248506546 0.90092396736145 1.02227997779846 1.60994553565979 1.54722082614899 1.49265003204346 1.54640918970108 1.82416051626205 -9999 -9999 -9999 -9999 -9999 -9999 -9999 -9999 -9999 -9999 -9999
-9999 -9999 -9999 -9999 -9999 -9999 -9999 -9999 -9999 -9999 -9999 -9999 -9999 -9999 -9999 -9999 -9999 2.73760575056076 2.10028356313705 1.31960400938988 0.870848268270493 0.904862254858017 0.508567482233047 0.63008026778698 1.04269051551819 1.09868770837784 0.998742789030075 1.1011717915535 1.35322272777557 1.45827904343605 1.57699352502823 1.95830029249191 2.67467468976974 2.84884268045425 2.64543449878693 1.48543345928192 1.32413175702095 1.89313119649887 3.45940732955933 1.56536024808884 1.28058296442032 1.17501595616341 1.09521371126175 0.804618716239929 0.900028467178345 1.23233923316002 1.66473752260208 1.64726775884628 1.73332732915878 1.99796172976494 2.88882592320442 -9999 -9999 -9999 -9999 -9999 -9999 -9999 -9999 -9999 -9999 -9999
-9999 -9999 -9999 -9999 -9999 -9999 -9999 -9999 -9999 -9999 -9999 -9999 -9999 -9999 0.640902757644653 0.712422743439674 0.84536549448967 0.926332533359528 0.718380734324455 0.525543004274368 0.483792006969452 0.480601519346237 0.486113995313644 0.507009744644165 0.544793978333473 0.612314254045486 0.950260519981384 1.25733375549316 1.33245000243187 1.31197276711464 1.29141747951508 1.37181222438812 1.46009400486946 1.52317053079605 2.06137347221375 1.94264781475067 1.75058019161224 2.53293603658676 3.04023742675781 1.32520571351051 1.43640822172165 1.12416449189186 0.80322003364563 0.648731231689453 1.13938128948212 1.40209802985191 1.67623651027679 1.65718048810959 1.50533616542816 1.46722277998924 1.96522432565689 4.25854361057281 -9999 -9999 -9999 -9999 -9999 -9999 -9999 -9999 -9999 -9999
-9999 -9999 -9999 -9999 -9999 -9999 -9999 -9999 -9999 -9999 -9999 15.9624353019815 0.830505788326263 0.885132730007172 0.731595754623413 0.626875519752502 0.686253771185875 0.600690007209778 0.474470257759094 0.363302260637283 0.35810174793005 0.359225258231163 0.398616760969162 0.435146257281303 0.412678509950638 0.481324508786201 0.918283492326736 1.69280326366425 1.37854501605034 1.26788851618767 1.20492526888847 1.19595971703529 1.50051605701447 2.04367500543594 2.66007220745087 2.47981202602386 2.29075652360916 2.6299461722374 2.40815180540085 1.82320582866669 1.21292254328728 0.762659221887589 0.533040001988411 0.559394985437393 1.0883062183857 1.31338423490524 1.61869722604752 1.65673273801804 1.80223274230957 2.39170449972153 1.99964435895284 -9999 -9999 -9999 -9999 -9999 4.82211118506831 14.7198742798397 37.7817449569702 22.4585638046265 27.8828344345093 -9999
-9999 -9999 -9999 -9999 -9999 -9999 -9999 -9999 -9999 0.649891510605812 0.543002977967262 0.585799500346184 0.44064599275589 0.40954801440239 0.5767762362957 0.482544735074043 0.392205744981766 0.384818986058235 0.343389742076397 0.329644493758678 0.330132745206356 0.348933756351471 0.353598743677139 0.366983994841576 0.397929757833481 0.410731494426727 0.544436261057854 0.816652536392212 0.950106024742126 1.05483824014664 1.08413547277451 1.17097422480583 1.6371847987175 2.10524851083755 2.32177948951721 2.35681128501892 2.09905421733856 2.18766903877258 1.69892030954361 1.43802148103714 1.02075603604317 0.529649242758751 0.457002013921738 0.449250742793083 0.511179015040398 0.843720763921738 1.22766074538231 1.77592492103577 2.05299746990204 2.24072170257568 1.92472726106644 1.86799424886703 2.11911123991013 2.12220468521118 5.16860640048981 5.28045308589935 5.74794673919678 7.60136818885803 13.9091033935547 19.4931349754333 11.8903613090515 -9999
-9999 -9999 -9999 -9999 -9999 0.363906741142273 0.42883126437664 0.466839015483856 0.50272724032402 0.489617228507996 0.462367504835129 0.406961247324944 0.329109750688076 0.334088243544102 0.341438256204128 0.33933375030756 0.387786760926247 0.384492740035057 0.361562244594097 0.362146496772766 0.346158742904663 0.373830758035183 0.386660233139992 0.425000980496407 0.454680740833282 0.442019239068031 0.460062772035599 0.50059649348259 0.562607243657112 0.96609753370285 1.46292078495026 2.02530294656754 1.7572837471962 2.27038943767548 1.86110258102417 1.23686099052429 1.2160424888134 1.6568700671196 1.66111582517624 1.28113049268723 0.766820222139359 0.416570261120796 0.365823000669479 0.354426003992558 0.364036493003368 0.413821488618851 0.577610984444618 0.723215997219086 1.01192253828049 1.71593695878983 2.25520277023315 2.20427316427231 2.5195500254631 3.52600586414337 3.36674988269806 3.36169946193695 5.17702496051788 4.9815194606781 3.28372585773468 5.40150761604309 10.2317998409271 3.39454811811447
-9999 -9999 -9999 -9999 -9999 0.383331745862961 0.381024733185768 0.408495739102364 0.415791749954224 0.379613265395164 0.357145495712757 0.35742299258709 0.371875494718552 0.393892496824265 0.381915763020515 0.372381739318371 0.369230255484581 0.361335754394531 0.350765258073807 0.341994009912014 0.360030747950077 0.362330250442028 0.355322241783142 0.398219257593155 0.453239232301712 0.870366007089615 1.44898572564125 1.88907444477081 1.61707431077957 1.10714927315712 1.87397092580795 2.27327316999435 1.73941200971603 1.76670008897781 1.34930554032326 1.36564046144485 1.86542254686356 1.8125587105751 1.73149645328522 0.800211042165756 0.515586018562317 0.416481748223305 0.333266995847225 0.29772824048996 0.265869006514549 0.286645509302616 0.431281507015228 0.577247232198715 0.653402253985405 1.18854376673698 1.44592273235321 1.7165145277977 1.72015357017517 1.92171066999435 2.70768445730209 3.97534203529358 3.44154989719391 2.85247725248337 2.51087772846222 2.77130019664764 2.56820172071457 2.32623374462128
-9999 -9999 -9999 -9999 -9999 0.3634417578578 0.360321745276451 0.355544999241829 0.366893246769905 0.35097599029541 0.369593247771263 0.398197486996651 0.429244503378868 0.402951747179031 0.362616755068302 0.364177510142326 0.368479505181313 0.352305740118027 0.335239492356777 0.323267251253128 0.328356005251408 0.326798245310783 0.33900149166584 0.393748506903648 0.477423012256622 0.661177486181259 1.12229025363922 2.03664743900299 2.21489542722702 1.84740668535233 1.91771918535233 1.85994458198547 1.87767595052719 2.0592885017395 1.9152540564537 1.72157692909241 1.81857079267502 1.52183032035828 0.987695217132568 0.679757997393608 0.604026764631271 0.476498991250992 0.349898993968964 0.303478494286537 0.279454506933689 0.279682494699955 0.471115484833717 0.300750754773617 0.426701232790947 0.472138479351997 0.865826994180679 1.23101699352264 1.55769592523575 1.26057225465775 3.15058636665344 3.41815638542175 1.36092191934586 1.39952775835991 1.5326504856348 1.94457940757275 1.96679931879044 2.61809331178665
-9999 -9999 -9999 -9999 -9999 0.336397491395473 0.327726759016514 0.322596006095409 0.337439998984337 0.331532992422581 0.309205502271652 0.34986674040556 0.349837504327297 0.347712747752666 0.343386009335518 0.323814757168293 0.308564253151417 0.296929500997066 0.290000259876251 0.301924489438534 0.326833494007587 0.319418258965015 0.311892740428448 0.313765503466129 0.364897504448891 0.446457758545876 0.537653982639313 1.99281746149063 3.02693867683411 2.32672047615051 1.86188703775406 2.2224794626236 2.13555157184601 2.74611300230026 2.3569763302803 1.51934319734573 1.49799674749374 1.34821048378944 1.15137603878975 0.805388242006302 0.696372002363205 0.532301992177963 0.391098752617836 0.2786985039711 0.290932506322861 0.267007492482662 0.276081740856171 0.341557502746582 0.390361502766609 0.408127516508102 0.512941494584084 0.70738197863102 1.13994339108467 1.00760547816753 0.95931863039732 1.06959633529186 1.08899286389351 1.26342903077602 1.51428490877151 1.91204631328583 2.61754274368286 2.04754167795181
-9999 -9999 -9999 -9999 -9999 0.311084255576134 0.309155255556107 0.31726048886776 0.319440007209778 0.315832503139973 0.31556099653244 0.324099741876125 0.302919007837772 0.320228241384029 0.318914249539375 0.301017008721828 0.274948507547379 0.293922007083893 0.301091238856316 0.308036997914314 0.322294503450394 0.336425989866257 0.307850249111652 0.315742492675781 0.324658490717411 0.350391760468483 0.37092000246048 0.407538771629333 2.11914145946503 2.78951704502106 2.0246250629425 2.01138299703598 1.75121033191681 2.62985855340958 2.25438666343689 1.45722895860672 1.43583378195763 1.44493049383163 1.18419751524925 0.746388763189316 0.618216007947922 0.504135757684708 0.367810495197773 0.327419243752956 0.368552248924971 0.28142624348402 0.321950616315007 0.265294499695301 0.376835256814957 0.433586999773979 0.487982243299484 0.514046251773834 0.878680475056171 0.754453517496586 0.870834745466709 0.997065380215645 1.11866587400436 1.08044622838497 1.21403923630714 1.59764474630356 2.99857199192047 1.99145177006721
