EcologicalScience/Bass/data/rs_data_bass/chl_183.asc
NCOLS 226 
NROWS 124 
XLLCORNER -9.41648524995501 
YLLCORNER 47.587301625531 
CELLSIZE 0.0833 
NODATA_value -9999 
[rows 0 to 26 of 124, columns 62 to 123 of 226]
-9999 -9999 -9999 -9999 -9999 -9999 -9999 -9999 -9999 -9999 -9999 -9999 -9999 -9999 -9999 -9999 -9999 -9999 -9999 -9999 -9999 -9999 -9999 -9999 -9999 -9999 -9999 -9999 -9999 -9999 -9999 -9999 -9999 -9999 -9999 -9999 -9999 -9999 -9999 -9999 -9999 -9999 -9999 -9999 -9999 -9999 -9999 -9999 -9999 -9999 -9999 -9999 -9999 -9999 -9999 -9999 -9999 -9999 -9999 -9999 -9999 -9999
-9999 -9999 -9999 -9999 -9999 -9999 -9999 -9999 -9999 -9999 -9999 -9999 -9999 -9999 -9999 -9999 -9999 -9999 -9999 -9999 -9999 -9999 -9999 -9999 -9999 -9999 -9999 -9999 -9999 -9999 -9999 -9999 -9999 -9999 -9999 -9999 -9999 -9999 -9999 -9999 -9999 -9999 -9999 -9999 -9999 -9999 -9999 -9999 -9999 -9999 -9999 -9999 -9999 -9999 -9999 -9999 -9999 -9999 -9999 -9999 -9999 -9999
-9999 -9999 -9999 -9999 -9999 -9999 -9999 -9999 -9999 -9999 -9999 -9999 -9999 -9999 -9999 -9999 -9999 -9999 -9999 -9999 -9999 -9999 -9999 -9999 -9999 -9999 -9999 -9999 -9999 -9999 -9999 -9999 -9999 -9999 -9999 -9999 -9999 -9999 -9999 -9999 -9999 -9999 -9999 -9999 -9999 -9999 -9999 -9999 -9999 -9999 -9999 -9999 -9999 -9999 -9999 -9999 -9999 -9999 -9999 -9999 -9999 -9999
-9999 -9999 -9999 -9999 -9999 -9999 -9999 -9999 -9999 -9999 -9999 -9999 -9999 -9999 -9999 -9999 -9999 -9999 -9999 -9999 -9999 -9999 -9999 -9999 -9999 -9999 -9999 -9999 -9999 -9999 -9999 -9999 -9999 -9999 -9999 -9999 -9999 -9999 -9999 -9999 -9999 -9999 -9999 -9999 -9999 -9999 -9999 -9999 -9999 -9999 -9999 -9999 -9999 -9999 -9999 -9999 -9999 -9999 -9999 -9999 -9999 -9999
-9999 -9999 -9999 -9999 -9999 -9999 -9999 -9999 -9999 -9999 -9999 -9999 -9999 -9999 -9999 -9999 -9999 -9999 -9999 -9999 -9999 -9999 -9999 -9999 -9999 -9999 -9999 -9999 -9999 -9999 -9999 -9999 -9999 -9999 -9999 -9999 -9999 -9999 -9999 -9999 -9999 -9999 -9999 -9999 -9999 -9999 -9999 -9999 -9999 -9999 -9999 -9999 -9999 -9999 -9999 -9999 -9999 -9999 -9999 -9999 -9999 -9999
-9999 -9999 -9999 -9999 -9999 -9999 -9999 -9999 -9999 -9999 -9999 -9999 -9999 -9999 -9999 -9999 -9999 -9999 -9999 -9999 -9999 -9999 -9999 -9999 -9999 -9999 -9999 -9999 0.63735419511795 0.884325795256308 1.37187231638852 0.919097684762057 0.690718344412744 1.3690925873816 0.73481987323612 0.647126390598714 0.553831405499402 0.556130200624466 0.606770253181458 0.638981603085995 0.545016378164291 0.575018012523651 0.557842952013016 0.520606867969036 0.455888248980045 0.497940748929977 0.382416659593582 0.392801749706268 0.455657623708248 0.451193645596504 0.522536247968674 0.506504997611046 0.530663631856441 0.503973875852192 0.521484488073517 0.483891514294288 0.488826828844407 0.509045988321304 0.494378958877764 0.494069199028768 0.443581871688366 0.368983134627342
-9999 -9999 -9999 -9999 -9999 -9999 -9999 -9999 -9999 -9999 -9999 -9999 -9999 -9999 -9999 -9999 -9999 -9999 -9999 -9999 -9999 -9999 -9999 -9999 -9999 -9999 1.18186515569687 1.0627324283123 2.13605839014053 1.64531902074814 1.22242782711983 1.03895232081413 0.902984177693725 0.818400532007217 0.69098838865757 0.654102590680122 0.616126799583435 0.587518602609634 0.595440453290939 0.601919558644295 0.566344392299652 0.645571142435074 0.613492387533188 0.569317801910288 0.553589472875876 0.456663002260029 0.43447396857664 0.430179603863508 0.430285876616836 0.412889624945819 0.395003814250231 0.489844493129674 0.493175610023386 0.484777658301241 0.483399744419491 0.515276525827015 0.483009159564972 0.491673972261579 0.478069311694095 0.441124508255406 0.414134260070951 0.410596024048956
-9999 -9999 -9999 -9999 -9999 -9999 -9999 -9999 -9999 -9999 -9999 -9999 -9999 -9999 -9999 -9999 -9999 -9999 -9999 -9999 -9999 -9999 -9999 -9999 -9999 -9999 1.18186515569687 1.8540673494339 1.94252731800079 1.50503562688827 1.11271399855614 1.00926499962807 0.814275693893433 0.676186782121658 0.660979542136192 0.636696541309357 0.504419799149036 0.651278332807124 0.641918334178627 0.613084735348821 0.596676947548985 0.589275330305099 0.524473029188812 0.583873016869321 0.539994506165385 0.508862530812621 0.480199601501226 0.483492235187441 0.482406196184456 0.514129129238427 0.561260380289134 0.566376076025121 0.527118128888747 0.508820603875553 0.480475658003022 0.452732250094414 0.403729498386383 0.422687999904156 0.417333782503479 0.401130934294901 0.431186206246677 0.421878816265809
-9999 -9999 -9999 -9999 -9999 -9999 -9999 -9999 -9999 -9999 -9999 -9999 -9999 -9999 -9999 -9999 -9999 -9999 -9999 -9999 -9999 -9999 -9999 -9999 -9999 -9999 1.90881378650665 1.69525734186172 1.41824218034744 1.13059281930327 1.07970336824656 0.942100709304214 0.825576949864626 0.749930346384645 0.746626040898263 0.707777199335396 0.695725520141423 0.669288198463619 0.628287789411843 0.618569919839501 0.603431238792837 0.584731830283999 0.578538950532675 0.633679098066162 0.576582195237279 0.466204636730254 0.476250699721277 0.474423890467733 0.471760272514075 0.709587046328713 0.652490363401525 0.643844194271985 0.57995748870513 0.5392725853359 0.513967321199529 0.405278630554676 0.375701632350683 0.416991486268885 0.434660338303622 0.481055680443259 0.457533972228275 0.384691961109638
-9999 -9999 -9999 -9999 -9999 -9999 -9999 -9999 -9999 -9999 -9999 -9999 -9999 -9999 -9999 -9999 -9999 -9999 -9999 -9999 -9999 -9999 -9999 -9999 -9999 1.19121462106705 1.39129128456116 1.27163225412369 1.15519767403603 1.06715903282166 0.880133628845215 0.877880811691284 0.930016112327576 0.893355870246887 0.763097161054611 0.740106853656471 0.69818015769124 0.646573232486844 0.662361793220043 0.648218418471515 0.628407195210457 0.592810149304569 0.541171156335622 0.706813352949479 0.704154928817469 0.479833535850048 0.499255794100463 0.460249221883714 0.61625679889146 0.597673981505282 0.622453269713065 0.593279763179667 0.581269383430481 0.55728233824758 0.576898150584277 0.583717990447493 0.531523225938573 0.475285751854672 0.502175254856839 0.355081133544445 0.371108997613192 0.433448413715643
-9999 -9999 -9999 -9999 -9999 -9999 -9999 -9999 -9999 -9999 -9999 -9999 -9999 -9999 -9999 -9999 -9999 -9999 -9999 -9999 -9999 -9999 -9999 -9999 -9999 2.64599132537842 1.26405894756317 1.19715374112129 1.00931634306908 0.932632660865784 0.961072117090225 1.04282271210104 2.50344212055206 1.72304663658142 0.751919193193316 0.689862404018641 0.669670734554529 0.670172271318734 0.670278087258339 0.670432032085955 0.643295601010323 0.628316092304885 0.762417833594715 0.54974186886102 0.510482717771083 0.489747289102525 0.485133365727961 0.671340010621968 0.642837797894197 0.64530992946204 0.645634366308942 0.610239312929266 0.604111859027077 0.601359384024844 0.652276238974403 0.641507432741277 0.557221588843009 0.473835081738584 0.434582785648458 0.405150311834672 0.441059478942086 0.438472049201236
-9999 -9999 -9999 -9999 -9999 -9999 -9999 -9999 -9999 -9999 -9999 -9999 -9999 -9999 -9999 -9999 -9999 -9999 -9999 -9999 -9999 -9999 -9999 -9999 1.31647038459778 1.33376562595367 1.24090470559895 1.08943730033934 0.954338919371367 0.948663488030434 0.893663856200874 0.826175297610462 0.811575600877404 0.805634206160903 0.742628015577793 0.701664718799293 0.671970896422863 0.657918909564614 0.645497996360064 0.659299350343645 0.638366865925491 0.613422615453601 0.590200262144208 0.625289236195385 0.535938283894211 0.506728175561875 0.701339111608617 0.690503584111438 0.659763722735293 0.630139723420143 0.599656278596205 0.579833060503006 0.612201877376612 0.604321423698874 0.669925739659983 0.637818469720728 0.534777936689994 0.449668592828162 0.432606703656561 0.398047191255233 0.393315662794253 0.431724135928294
-9999 -9999 -9999 -9999 -9999 -9999 -9999 -9999 -9999 -9999 -9999 -9999 -9999 -9999 -9999 -9999 -9999 -9999 -9999 -9999 -9999 -9999 -9999 1.50594073534012 1.51903218527635 1.25871767600377 1.12042422504986 0.827815948985517 0.808502160944045 0.816293712705374 0.800598107278347 0.803627016954124 0.793766347691417 0.765382024459541 0.787732374854386 0.681860432960093 0.682171775959432 0.652571492828429 0.631712878122926 0.639331385493279 0.615631093271077 0.590816932730377 0.574397611431777 0.500082698184997 0.544874233659357 0.724943026900291 0.691287704250392 0.674211275928161 0.670662069145371 0.609175993239178 0.588476168758729 0.63437696677797 0.703385221607545 0.764383729766397 0.623834218172466 0.461825260782943 0.46857374862713 0.430836097282522 0.392973165739985 0.435740438892561 0.442593519740245 0.439571244751706
-9999 -9999 -9999 -9999 -9999 -9999 -9999 -9999 -9999 -9999 -9999 -9999 -9999 -9999 -9999 -9999 -9999 -9999 -9999 -9999 -9999 -9999 2.26594839147899 2.73607902667102 1.75478265565984 0.940931372344494 0.883442686870694 0.808793932199478 0.7904312023893 0.788146426901221 0.76079426240176 0.80914468690753 0.78643842972815 0.767544426955283 0.784692959859967 0.719976721331477 0.641773011535406 0.638513459824026 0.65944547764957 0.648556091822684 0.626353355124593 0.548950498457998 0.545107031241059 0.541821049991995 0.683855205774307 0.712315252598594 0.725247754770167 0.723137424272649 0.685188823763062 0.65543719337267 0.694284055162879 0.947729529703365 1.17263420189128 0.677855238318443 0.44572823319365 0.469887614250183 0.472335712436368 0.441864100887495 0.410338628379738 0.444797906367218 0.445957097937079 0.395184140871553
-9999 -9999 -9999 -9999 -9999 -9999 -9999 -9999 -9999 -9999 -9999 -9999 -9999 -9999 -9999 -9999 -9999 -9999 -9999 -9999 2.64602583646774 1.93359120127181 1.86409045668209 1.68919805064797 1.08968714580816 1.04191299900413 0.950501896440983 0.877546895295382 0.831171171739697 0.804097775369883 0.785860251635313 0.779982260428369 0.785057111643255 0.77853250131011 0.774098943918943 0.76614814158529 0.756062197498977 0.728372831828892 0.630435747094452 0.6412219600752 0.641328382305801 0.595831481739879 0.629857306368649 0.763041185215116 0.749673239886761 0.74337959010154 0.783685526427101 0.785332155578277 0.794612167512669 0.795003102106207 0.871936330023934 0.865683801033918 0.817124985158443 0.683655761182308 0.539129024042803 0.516628672094906 0.465928230653791 0.444676009171149 0.491478250307195 0.468344515737365 0.499087361728444 0.349295429885387
-9999 -9999 -9999 -9999 -9999 -9999 -9999 -9999 -9999 -9999 -9999 -9999 -9999 -9999 -9999 -9999 -9999 -9999 -9999 -9999 2.1592318638994 2.01148636266589 1.80797717347741 1.46134051680565 1.41282626241446 1.35247717425227 1.11454384960234 0.987967064604163 0.923256799578667 0.890003336593509 0.840608971193433 0.783197762444615 0.819769911468029 0.833676673471928 0.781341682188213 0.752409808337688 0.780983238480985 0.71535935997963 0.723112720996141 0.749745804816484 0.714244441129267 0.727185395546257 0.7662596963346 0.780578034929931 0.767834329046309 0.742195853032172 0.679305648431182 0.628131045028567 0.607884619385004 0.609618569724262 0.591297009028494 0.58401192817837 0.570967121981084 0.578312513418496 0.564422909170389 0.542061279527843 0.552514029666781 0.499907724559307 0.462315514683723 0.460769123397768 0.504348372711855 0.486102209371679
-9999 -9999 -9999 -9999 -9999 -9999 -9999 -9999 -9999 -9999 -9999 -9999 -9999 -9999 -9999 -9999 -9999 -9999 -9999 3.13804853589911 2.01822875440121 1.8589600995183 1.7653543073684 1.58811823837459 1.5341683421284 1.39875076711178 1.27408100478351 1.13948915340006 1.01093496568501 0.909586256369948 0.861548451706767 0.854669686406851 0.995444610714912 0.876736119389534 0.842429637908936 0.847584396600723 0.815184130333364 0.880070647224784 0.857927469536662 0.812196107581258 0.782819509506226 0.770157376304269 0.761227643117309 0.757816560566425 0.737836729735136 0.691151912324131 0.63278376404196 0.624551950022578 0.603298044763505 0.59636658243835 0.582745676860213 0.566112169995904 0.556086558848619 0.571933697909117 0.562278379686177 0.560643235221505 0.531668188981712 0.521312811411917 0.497257078997791 0.470779686234891 0.445403060875833 0.423103876411915
-9999 -9999 -9999 -9999 -9999 -9999 -9999 -9999 -9999 -9999 -9999 -9999 -9999 -9999 -9999 -9999 -9999 -9999 12.8688652992249 10.7990701675415 2.98356744647026 2.67995399236679 2.11155751347542 1.7801388502121 1.51801465451717 1.41076616942883 1.39243952929974 1.27214133739471 1.12100851535797 1.12642689049244 1.02394124865532 0.974555276334286 0.929630979895592 0.867688894271851 0.882872633635998 0.915066763758659 0.951096681877971 0.911596778780222 0.894168125465512 0.850061997771263 0.747362986207008 0.725098863244057 0.715655252337456 0.720237359404564 0.701825246214867 0.671585239470005 0.597736685536802 0.58856787532568 0.590428646653891 0.623327197507024 0.607976172119379 0.561657425947487 0.538843584246933 0.526107938960195 0.532396640628576 0.540825669653714 0.495997415855527 0.487772339489311 0.472258692607284 0.44204011419788 0.429563064593822 0.42146629979834
-9999 -9999 -9999 -9999 -9999 -9999 -9999 -9999 -9999 -9999 -9999 -9999 -9999 -9999 -9999 -9999 -9999 16.0519908039556 11.774032831192 6.89507491886616 9.33637218475342 4.47223949432373 3.02471879124641 2.02555122971535 1.63896717131138 1.46434834599495 1.52230949699879 1.40625227987766 1.10457377135754 0.995952755212784 1.069753870368 1.02831112593412 0.990001872181892 0.891244500875473 0.951032593846321 0.991219103336334 0.960004851222038 0.869292005896568 0.863255247473717 0.827048286795616 0.827713876962662 0.754612125456333 0.735896989703178 0.704185858368874 0.701980501413345 0.701837606728077 0.642616868019104 0.671863683499396 0.635491797700524 0.597007071599364 0.569449041970074 0.546623767353594 0.512596626766026 0.497522913850844 0.491407918743789 0.470560041256249 0.429152165539563 0.431552013382316 0.444033481646329 0.425930765457451 0.42366412980482 0.41665012948215
-9999 -9999 -9999 -9999 -9999 -9999 -9999 -9999 -9999 -9999 -9999 -9999 -9999 -9999 -9999 -9999 -9999 -9999 -9999 6.19189219615039 3.54134930670261 3.22509151697159 2.95891307294369 2.81492967903614 2.86586885154247 2.18608792126179 1.58293832838535 1.36598217487335 1.1299012452364 1.01759245991707 1.04578350484371 0.980768635869026 0.955817990005016 0.928875736892223 0.873176984488964 0.912096373736858 0.898471489548683 0.839605517685413 0.819518610835075 0.798069722950459 0.786328509449959 0.755979381501675 0.736254349350929 0.719681605696678 0.705253891646862 0.711895130574703 0.726121773943305 0.664704076945782 0.594986015930772 0.560355752706528 0.502661570906639 0.4966054642573 0.476286683231592 0.463979863096029 0.482184891588986 0.488153383601457 0.463724871631712 0.443751050624996 0.431358479429036 0.424664251506329 0.399313962087035 0.448731957551311
-9999 -9999 -9999 -9999 -9999 -9999 -9999 -9999 -9999 -9999 -9999 -9999 -9999 -9999 -9999 4.6962380927542 8.00858239313451 3.65725604877915 2.74895045757294 2.23251602053642 2.1142920255661 2.27719156444073 2.11562021076679 1.85463112592697 1.64207097887993 2.09175047278404 1.95173621177673 2.044612839818 1.60797413438559 0.995775394141674 0.97469886392355 1.02371773123741 1.02119661122561 0.960596971213818 0.993102014064789 0.945196107029915 0.863147266209126 0.814903870224953 0.75408149510622 0.731081999838352 0.725667737424374 0.73931061476469 0.770002149045467 0.724018514156342 0.733192138373852 0.748379275202751 0.717663757503033 0.579515431076288 0.547044376842678 0.512182211503386 0.479138544760644 0.485559652559459 0.476397096645087 0.484430101700127 0.50649336213246 0.527009390294552 0.498118027579039 0.445981604978442 0.423487957566977 0.415443752892315 0.397237120661885 0.380728357471526
-9999 -9999 -9999 -9999 -9999 -9999 -9999 -9999 -9999 -9999 35.2986888885498 35.2986888885498 13.7248649597168 4.33830609731376 3.92731002531946 3.78696667402983 3.42976443767548 3.59050104618072 3.59299051761627 3.39741709828377 2.68909165263176 2.25866550207138 2.0342268794775 1.74004729092121 1.55493821203709 1.48638188838959 1.46649827063084 1.30836863815784 1.74087636172771 1.00069537013769 0.93731814622879 0.911096982657909 0.984516397118568 1.00186009705067 0.992125153541565 0.908336251974106 0.849277138710022 0.812388740479946 0.741967096924782 0.732781134545803 0.737543240189552 0.75941401720047 0.732239261269569 0.677204243838787 0.660924352705479 0.669433124363422 0.640897482633591 0.548692502081394 0.526526257395744 0.510805115103722 0.517236761748791 0.501323754899204 0.48816880909726 0.502345230896026 0.521066193468869 0.48204660974443 0.470765481702983 0.445609638467431 0.423384938389063 0.411638582590967 0.418437327258289 0.429974188562483
-9999 -9999 -9999 -9999 -9999 -9999 -9999 -9999 -9999 -9999 35.2986888885498 5.60430792967478 5.56014827638865 4.48241067677736 4.15862562507391 3.314931884408 4.51452036464916 7.79754446853291 7.14695262377805 2.20628831842366 5.70388180017471 2.94992136955261 2.33616900444031 2.01280497014523 1.7933085411787 1.5892473757267 1.46699926257133 1.3141121417284 1.291632771492 1.2788842767477 0.972414024174213 0.96696525067091 0.977173112332821 0.930702365934849 0.958709232509136 0.926330633461475 0.8548773676157 0.83415225148201 0.787617735564709 0.800065107643604 0.712082259356976 0.659102618694305 0.630450390279293 0.606067143380642 0.600643873214722 0.581551507115364 0.568153493106365 0.537921376526356 0.519337870180607 0.506026111543179 0.532377753406763 0.475422363728285 0.500078530982137 0.484548549167812 0.481506893411279 0.470603582449257 0.467683440539986 0.478547858074307 0.479369069449604 0.467778182588518 0.451965607702732 0.445950522087514
-9999 -9999 -9999 -9999 -9999 -9999 -9999 -9999 -9999 -9999 -9999 -9999 12.05392655239 5.45242366370033 6.11838502743665 7.13151503905006 -9999 -9999 -9999 -9999 -9999 -9999 4.56920367479324 4.37813311815262 2.65417568385601 2.12886191904545 1.70185236632824 1.68145202100277 2.08446943759918 1.71705859154463 1.24511732161045 1.75849872082472 1.12401565164328 1.06863787025213 1.05864825099707 0.98454487323761 0.999250508844852 1.01118077337742 0.824894987046719 0.742374368011951 0.682450152933598 0.646276853978634 0.624453015625477 0.584586761891842 0.568298242986202 0.566010743379593 0.565281003713608 0.544308006763458 0.524393990635872 0.501133494079113 0.470045238733292 0.453161093592644 0.452089747786522 0.486258200369775 0.482065452262759 0.511442491784692 0.499970625154674 0.482679889071733 0.486410818062723 0.456735992431641 0.454012340307236 0.454826492071152
-9999 -9999 -9999 -9999 -9999 -9999 -9999 -9999 -9999 -9999 -9999 -9999 -9999 16.6274771690369 16.6274771690369 16.6274771690369 -9999 -9999 -9999 -9999 -9999 -9999 4.94490551948547 4.94490551948547 4.94490551948547 0.308659605681896 1.94549325853586 1.85815872251987 1.86492151021957 1.94635502994061 2.06059093773365 2.6887559518218 1.56249522417784 1.63493659347296 1.15993279963732 1.0939841195941 1.12428074330091 1.1318040266633 0.840133890509605 0.69938812404871 0.651028521358967 0.651675380766392 0.648849382996559 0.627238109707832 0.584247015416622 0.577929005026817 0.576513379812241 0.558491975069046 0.546250127255917 0.521444242447615 0.534051742404699 0.624553866684437 0.472793847322464 0.479804652929306 0.492007055878639 0.530663575977087 0.537568151950836 0.51332609821111 0.505179944448173 0.491713263094425 0.472723161801696 0.467966292053461
-9999 -9999 -9999 -9999 -9999 -9999 -9999 -9999 -9999 -9999 -9999 -9999 -9999 -9999 -9999 -9999 -9999 -9999 -9999 -9999 -9999 -9999 -9999 -9999 -9999 -9999 1.920783162117 1.94097635149956 2.00196969509125 2.621908390522 1.72147724032402 1.9369495511055 1.33674032986164 1.62923437356949 1.3286309838295 1.18325740098953 0.972001522779465 0.848887123167515 0.768437996506691 0.727056764066219 0.701707497239113 0.705683626234531 0.70169623196125 0.650878507643938 0.612561766058207 0.595536019653082 0.566398892551661 0.549451857805252 0.540580876171589 0.519202508032322 0.502957876771688 0.481354873627424 0.435603361576796 0.511321851611137 0.518722894787788 0.506577253341675 0.470413401722908 0.465403896570206 0.449194201827049 0.426474103331566 0.455507721751928 0.430146893486381
-9999 -9999 -9999 -9999 -9999 -9999 -9999 -9999 -9999 -9999 -9999 -9999 -9999 -9999 -9999 -9999 -9999 -9999 -9999 -9999 -9999 -9999 -9999 -9999 -9999 -9999 -9999 8.83840893847602 3.35112974643707 3.10356721878052 1.81994435191154 1.79046602547169 1.56223574280739 1.57945346832275 1.46559754014015 1.48246613144875 1.15126651525497 0.914137132465839 0.845272488892078 0.722833514213562 0.703883640468121 0.706317767500877 0.681301139295101 0.671671494841576 0.661701735109091 0.645508870482445 0.605167854577303 0.541762489825487 0.538231126964092 0.528670895844698 0.548842124640942 0.473953127861023 0.558113640546799 0.54048176407814 0.53330799639225 0.509934306144714 0.474563041329384 0.455770352482796 0.430891245603561 0.410851755738258 0.396441951394081 0.38442599773407
