EcologicalScience/Bass/data/rs_data_bass/chl_441.asc
NCOLS 226 
NROWS 124 
XLLCORNER -9.41648524995501 
YLLCORNER 47.587301625531 
CELLSIZE 0.0833 
NODATA_value -9999 
[rows 0 to 26 of 124, columns 61 to 121 of 226]
-9999 -9999 -9999 -9999 -9999 -9999 -9999 -9999 -9999 -9999 -9999 -9999 -9999 -9999 -9999 -9999 -9999 -9999 -9999 -9999 -9999 -9999 -9999 -9999 -9999 -9999 -9999 -9999 -9999 -9999 -9999 -9999 -9999 -9999 -9999 -9999 -9999 -9999 -9999 -9999 -9999 -9999 -9999 -9999 -9999 -9999 -9999 -9999 -9999 -9999 -9999 -9999 -9999 -9999 -9999 -9999 -9999 -9999 -9999 -9999 -9999
-9999 -9999 -9999 -9999 -9999 -9999 -9999 -9999 -9999 -9999 -9999 -9999 -9999 -9999 -9999 -9999 -9999 -9999 -9999 -9999 -9999 -9999 -9999 -9999 -9999 -9999 -9999 -9999 -9999 -9999 -9999 -9999 -9999 -9999 -9999 -9999 -9999 -9999 -9999 -9999 -9999 -9999 -9999 -9999 -9999 -9999 -9999 -9999 -9999 -9999 -9999 -9999 -9999 -9999 -9999 -9999 -9999 -9999 -9999 -9999 -9999
-9999 -9999 -9999 -9999 -9999 -9999 -9999 -9999 -9999 -9999 -9999 -9999 -9999 -9999 -9999 -9999 -9999 -9999 -9999 -9999 -9999 -9999 -9999 -9999 -9999 -9999 -9999 -9999 -9999 -9999 -9999 -9999 -9999 -9999 -9999 -9999 -9999 -9999 -9999 -9999 -9999 -9999 -9999 -9999 -9999 -9999 -9999 -9999 -9999 -9999 -9999 -9999 -9999 -9999 -9999 -9999 -9999 -9999 -9999 -9999 -9999
-9999 -9999 -9999 -9999 -9999 -9999 -9999 -9999 -9999 -9999 -9999 -9999 -9999 -9999 -9999 -9999 -9999 -9999 -9999 -9999 -9999 -9999 -9999 -9999 -9999 -9999 -9999 -9999 -9999 -9999 -9999 -9999 -9999 -9999 -9999 -9999 -9999 -9999 -9999 -9999 -9999 -9999 -9999 -9999 -9999 -9999 -9999 -9999 -9999 -9999 -9999 -9999 -9999 -9999 -9999 -9999 -9999 -9999 -9999 -9999 -9999
-9999 -9999 -9999 -9999 -9999 -9999 -9999 -9999 -9999 -9999 -9999 -9999 -9999 -9999 -9999 -9999 -9999 -9999 -9999 -9999 -9999 -9999 -9999 -9999 -9999 -9999 -9999 -9999 -9999 -9999 -9999 -9999 -9999 -9999 -9999 -9999 -9999 -9999 -9999 -9999 -9999 -9999 -9999 -9999 -9999 -9999 -9999 -9999 -9999 -9999 -9999 -9999 -9999 -9999 -9999 -9999 -9999 -9999 -9999 -9999 -9999
-9999 -9999 -9999 -9999 -9999 -9999 -9999 -9999 -9999 -9999 -9999 -9999 -9999 -9999 -9999 -9999 -9999 -9999 -9999 -9999 -9999 -9999 -9999 -9999 -9999 -9999 -9999 -9999 -9999 0.63735419511795 1.44326162305627 0.868943274021149 1.21360802650452 1.01918774843216 1.01947277784348 1.13220977783203 1.24350821971893 1.21944004297256 1.04290124773979 0.951320260763168 0.965223759412766 0.85028475522995 0.857014507055283 0.871288508176804 0.874185025691986 0.839343756437302 0.851495236158371 0.76706850528717 0.813269287347794 0.675703480839729 0.652570500969887 0.626172736287117 0.572496011853218 0.545569494366646 0.523800015449524 0.495626986026764 0.474485993385315 0.465281993150711 0.451214253902435 0.499508991837502 0.494475021958351
-9999 -9999 -9999 -9999 -9999 -9999 -9999 -9999 -9999 -9999 -9999 -9999 -9999 -9999 -9999 -9999 -9999 -9999 -9999 -9999 -9999 -9999 -9999 -9999 -9999 -9999 -9999 1.18186515569687 1.0627324283123 1.40151071548462 1.10409897565842 0.996549725532532 1.14666375517845 0.902405261993408 0.902357965707779 0.943919956684113 0.926346749067307 0.921386986970901 0.881719529628754 0.902322024106979 0.896304756402969 0.846271544694901 0.801873028278351 0.809588223695755 0.780238509178162 0.733890742063522 0.716427013278008 0.758477210998535 0.733362749218941 0.581166744232178 0.574404761195183 0.573093742132187 0.551429271697998 0.522708758711815 0.482230514287949 0.441600769758224 0.424371734261513 0.412604257464409 0.396477743983269 0.429703518748283 0.473631754517555
-9999 -9999 -9999 -9999 -9999 -9999 -9999 -9999 -9999 -9999 -9999 -9999 -9999 -9999 -9999 -9999 -9999 -9999 -9999 -9999 -9999 -9999 -9999 -9999 -9999 -9999 -9999 1.18186515569687 1.14972674846649 1.41884028911591 1.36436399817467 1.23111596703529 1.23097050189972 1.01477327942848 0.888320982456207 0.86565899848938 0.863254487514496 0.849344998598099 0.79271399974823 0.769623041152954 0.740556746721268 0.722310751676559 0.706886261701584 0.674865022301674 0.621993765234947 0.573252752423286 0.5781269967556 0.585755243897438 0.568235233426094 0.551984265446663 0.530719488859177 0.528499513864517 0.512001737952232 0.472927495837212 0.404380515217781 0.373098760843277 0.359700009226799 0.355228498578072 0.368248499929905 0.384608253836632 0.428808733820915
-9999 -9999 -9999 -9999 -9999 -9999 -9999 -9999 -9999 -9999 -9999 -9999 -9999 -9999 -9999 -9999 -9999 -9999 -9999 -9999 -9999 -9999 -9999 -9999 -9999 -9999 -9999 1.73699855804443 1.2648149728775 1.41548770666122 1.25134053826332 1.19529524445534 1.28580978512764 1.26345974206924 1.02723678946495 0.929621279239655 0.788094788789749 0.777717769145966 0.743708252906799 0.736847251653671 0.68198624253273 0.661238238215446 0.635801240801811 0.602570995688438 0.570762008428574 0.543995261192322 0.543986231088638 0.530093997716904 0.521529749035835 0.521432250738144 0.485889002680779 0.426530241966248 0.3892732411623 0.379406243562698 0.334650747478008 0.324513003230095 0.334143742918968 0.352532252669334 0.350925743579865 0.390770271420479 0.419561997056007
-9999 -9999 -9999 -9999 -9999 -9999 -9999 -9999 -9999 -9999 -9999 -9999 -9999 -9999 -9999 -9999 -9999 -9999 -9999 -9999 -9999 -9999 -9999 -9999 -9999 -9999 1.19121462106705 1.86491328477859 1.12145698070526 1.55995273590088 1.29475575685501 1.29178726673126 1.31702774763107 1.25284427404404 1.1456812620163 1.06051871180534 0.870742499828339 0.772387504577637 0.698509499430656 0.652915477752686 0.565443769097328 0.524198994040489 0.50908724963665 0.49931775033474 0.494181767106056 0.507498756051064 0.483873009681702 0.468001484870911 0.472841262817383 0.467494502663612 0.439627513289452 0.373608000576496 0.345074996352196 0.345939740538597 0.302529752254486 0.303720742464066 0.316730260848999 0.326550006866455 0.357626259326935 0.36837299913168 0.372947260737419
-9999 -9999 -9999 -9999 -9999 -9999 -9999 -9999 -9999 -9999 -9999 -9999 -9999 -9999 -9999 -9999 -9999 -9999 -9999 -9999 -9999 -9999 -9999 -9999 -9999 -9999 0.763115286827087 1.16878652572632 1.26881396770477 1.31490674614906 1.145189255476 0.971077501773834 1.00578001141548 1.12238699197769 1.15029001235962 0.996544539928436 0.887822270393372 0.764490723609924 0.605046004056931 0.518016770482063 0.506909251213074 0.469480499625206 0.432650238275528 0.414147019386292 0.423687011003494 0.440990254282951 0.434507980942726 0.414816007018089 0.422796741127968 0.440090239048004 0.433697238564491 0.388622269034386 0.338349759578705 0.315617993474007 0.313220992684364 0.320105999708176 0.339455991983414 0.367978490889072 0.345336757600307 0.363594755530357 0.358246497809887
-9999 -9999 -9999 -9999 -9999 -9999 -9999 -9999 -9999 -9999 -9999 -9999 -9999 -9999 -9999 -9999 -9999 -9999 -9999 -9999 -9999 -9999 -9999 -9999 -9999 1.31647038459778 1.56257700920105 1.09530526399612 0.994205206632614 1.02298504114151 0.822717726230621 0.646076247096062 0.708507746458054 0.776570230722427 0.840562462806702 0.753892511129379 0.796368777751923 0.71577300131321 0.555651739239693 0.498750731348991 0.463968738913536 0.436775252223015 0.406492486596107 0.389282271265984 0.386874005198479 0.38978773355484 0.394149005413055 0.379155769944191 0.37203074991703 0.383456245064735 0.400153487920761 0.393216758966446 0.343526244163513 0.321141757071018 0.315905258059502 0.338951244950294 0.340931251645088 0.359415002167225 0.388735502958298 0.399765729904175 0.412497013807297
-9999 -9999 -9999 -9999 -9999 -9999 -9999 -9999 -9999 -9999 -9999 -9999 -9999 -9999 -9999 -9999 -9999 -9999 -9999 -9999 -9999 -9999 -9999 -9999 1.50594073534012 0.831186711788177 1.00721025466919 0.949431717395782 0.815064758062363 0.844582468271255 0.786744028329849 0.738828733563423 0.674176499247551 0.593053489923477 0.58711351454258 0.641383498907089 0.622964233160019 0.596626505255699 0.515873998403549 0.444989249110222 0.42893323302269 0.428673729300499 0.409713014960289 0.386183246970177 0.370270505547523 0.366611994802952 0.370358996093273 0.357762739062309 0.344771258533001 0.340144492685795 0.359238758683205 0.357725255191326 0.336560256779194 0.326022751629353 0.332053497433662 0.332366243004799 0.336947254836559 0.355120494961739 0.366690739989281 0.368804253637791 0.38297925889492
-9999 -9999 -9999 -9999 -9999 -9999 -9999 -9999 -9999 -9999 -9999 -9999 -9999 -9999 -9999 -9999 -9999 -9999 -9999 -9999 -9999 -9999 -9999 3.78112125396729 0.921061456203461 1.00151923298836 0.950498968362808 0.874150514602661 0.816468715667725 0.722077488899231 0.665865004062653 0.628428742289543 0.58125302195549 0.553051516413689 0.54151725769043 0.544397994875908 0.508858501911163 0.493010982871056 0.465062990784645 0.429584249854088 0.414234012365341 0.415835246443748 0.410225987434387 0.383605509996414 0.366058498620987 0.354928493499756 0.357219010591507 0.345798745751381 0.33891749382019 0.342511497437954 0.34688550978899 0.346005745232105 0.35197725892067 0.359019756317139 0.354519747197628 0.347850009799004 0.335462249815464 0.385901257395744 0.392306238412857 0.381582006812096 0.38840027153492
-9999 -9999 -9999 -9999 -9999 -9999 -9999 -9999 -9999 -9999 -9999 -9999 -9999 -9999 -9999 -9999 -9999 -9999 -9999 -9999 -9999 2.64602583646774 2.20723500194397 1.45373323559761 1.55261474847794 1.26587471365929 0.862773030996323 0.756168007850647 0.71415750682354 0.658744499087334 0.583829239010811 0.543992981314659 0.514550238847733 0.505517229437828 0.493148982524872 0.474939733743668 0.48005023598671 0.460574984550476 0.415368005633354 0.421680763363838 0.406787261366844 0.399240732192993 0.387909740209579 0.386652767658234 0.370608754456043 0.365817748010159 0.36284776031971 0.361243508756161 0.353948995471001 0.352978505194187 0.353656500577927 0.36684376001358 0.37541475892067 0.380545511841774 0.381283521652222 0.366896241903305 0.358965754508972 0.389852240681648 0.360395260155201 0.371455505490303 0.38526226580143
-9999 -9999 -9999 -9999 -9999 -9999 -9999 -9999 -9999 -9999 -9999 -9999 -9999 -9999 -9999 -9999 -9999 -9999 -9999 -9999 -9999 2.36512941822509 1.89919084310532 1.37803198099136 1.27805328369141 1.05613499879837 0.902303963899612 0.755971491336823 0.797751724720001 0.777740210294724 0.7134899944067 0.630106508731842 0.562949270009995 0.516259521245956 0.489154502749443 0.485385730862617 0.462317258119583 0.432465746998787 0.406426504254341 0.373324491083622 0.387677997350693 0.383438229560852 0.363066002726555 0.359373740851879 0.358215741813183 0.354422248899937 0.356108240783215 0.373592242598534 0.367395758628845 0.3619215041399 0.363726004958153 0.387624755501747 0.393138751387596 0.394517228007317 0.400479018688202 0.390677243471146 0.380675241351128 0.370925255119801 0.358526989817619 0.370864503085613 0.36930600553751
-9999 -9999 -9999 -9999 -9999 -9999 -9999 -9999 -9999 -9999 -9999 -9999 -9999 -9999 -9999 -9999 -9999 -9999 -9999 -9999 6.07538228375571 1.85529291629791 1.0964714884758 1.07530876994133 0.853103220462799 0.655950754880905 0.593544736504555 0.610877260565758 0.6798465102911 0.653702259063721 0.611101493239403 0.569813266396523 0.532740756869316 0.512706756591797 0.501266241073608 0.435451492667198 0.411442503333092 0.40634474158287 0.378524243831635 0.359600991010666 0.376131758093834 0.374591991305351 0.376167744398117 0.379628241062164 0.350707501173019 0.347459994256496 0.388110011816025 0.371843241155148 0.374934755265713 0.365610748529434 0.38484451174736 0.390819758176804 0.395173519849777 0.377489268779755 0.379469230771065 0.400532260537148 0.409883245825768 0.371987253427505 0.37016399949789 0.359385743737221 0.362909249961376
-9999 -9999 -9999 -9999 -9999 -9999 -9999 -9999 -9999 -9999 -9999 -9999 -9999 -9999 -9999 -9999 -9999 -9999 -9999 3.43924480676651 4.43838214874268 1.08563554286957 0.695516243577003 0.707147240638733 0.567722260951996 0.525923252105713 0.586144521832466 0.643301233649254 0.64818674325943 0.638615995645523 0.545695513486862 0.509619757533073 0.521248519420624 0.507924020290375 0.484207481145859 0.463876515626907 0.479337751865387 0.484497740864754 0.469812735915184 0.418426483869553 0.434861227869987 0.528402730822563 0.53082449734211 0.408696010708809 0.392514735460281 0.456131994724274 0.423600733280182 0.372436501085758 0.382933482527733 0.390319481492043 0.382266014814377 0.378495007753372 0.385663479566574 0.383551508188248 0.417366743087769 0.40804123878479 0.406348496675491 0.377035483717918 0.356978259980679 0.357642754912376 0.371920511126518
-9999 -9999 -9999 -9999 -9999 -9999 -9999 -9999 -9999 -9999 -9999 -9999 -9999 -9999 -9999 -9999 -9999 -9999 35.74421324911 5.2700115442276 2.25705999135971 1.61127752065659 0.666903018951416 0.697391241788864 0.596404507756233 0.504226505756378 0.552378013730049 0.597103491425514 0.635295733809471 0.691317737102509 0.618876770138741 0.538828521966934 0.513552770018578 0.543029263615608 0.565843507647514 0.610299736261368 0.638016745448112 0.659158498048782 0.671875521540642 0.61617748439312 0.557835727930069 0.613075509667397 0.621231749653816 0.52886925637722 0.51367498934269 0.486839264631271 0.463123485445976 0.39189375936985 0.364527739584446 0.357910506427288 0.356702998280525 0.351095996797085 0.354058496654034 0.386671498417854 0.394816517829895 0.391400992870331 0.389804229140282 0.384503245353699 0.376383751630783 0.360506996512413 0.356011502444744
-9999 -9999 -9999 -9999 -9999 -9999 -9999 -9999 -9999 -9999 -9999 -9999 -9999 -9999 -9999 -9999 -9999 -9999 -9999 -9999 3.13751077651978 0.946403615176678 1.2081892490387 0.67341148853302 0.578931748867035 0.577128008008003 0.56614351272583 0.580446749925613 0.561596229672432 0.546687360852957 0.671169742941856 0.669019505381584 0.587895020842552 0.543612018227577 0.52768649160862 0.556263729929924 0.622126489877701 0.675178483128548 0.74737049639225 0.731965497136116 0.642408728599548 0.580081477761269 0.543899238109589 0.507236257195473 0.4636410176754 0.471962258219719 0.484216511249542 0.410213246941566 0.355682238936424 0.345607504248619 0.35767500847578 0.349931247532368 0.321636758744717 0.327046506106853 0.335539497435093 0.331179745495319 0.351388491690159 0.358584746718407 0.35401875525713 0.354555755853653 0.339599244296551
-9999 -9999 -9999 -9999 -9999 -9999 -9999 -9999 -9999 -9999 -9999 -9999 -9999 -9999 -9999 -9999 4.45368007096377 4.92927604371851 50.0108333587646 1.05419448018074 0.726003721356392 0.840611279010773 0.779226779937744 0.622467756271362 0.592236757278442 0.584363982081413 0.604545772075653 0.672821268439293 0.460386000573635 0.522369749844074 0.51850912347436 0.670773759484291 0.586851015686989 0.934388279914856 0.808941006660461 0.715368747711182 0.708086997270584 0.717964500188828 0.74804699420929 0.70481850206852 0.572828248143196 0.526240512728691 0.523402512073517 0.473574757575989 0.464744254946709 0.535206019878387 0.521555230021477 0.481127232313156 0.368642248213291 0.366531752049923 0.37865249812603 0.354751490056515 0.32439599186182 0.311507239937782 0.282536253333092 0.31521975249052 0.336537010967731 0.334470748901367 0.331805996596813 0.342872992157936 0.351752243936062
-9999 -9999 -9999 -9999 -9999 -9999 -9999 -9999 -9999 -9999 -9999 35.2986888885498 35.2986888885498 13.7248649597168 27.8603961765766 4.01139954328537 1.03361928462982 1.49982896447182 1.3289737701416 0.876366510987282 0.840684771537781 0.932445019483566 0.394006110727787 0.355877257883549 0.562064990401268 0.551064759492874 0.581397011876106 0.590349018573761 0.444763116538525 0.491023130714893 0.519673123955727 0.573204502463341 0.505062013864517 0.499569743871689 0.514858514070511 0.531405732035637 0.733473747968674 0.847193956375122 0.786801785230637 0.588113263249397 0.5545274913311 0.527367755770683 0.523671001195908 0.508293762803078 0.481156513094902 0.476611509919167 0.474743261933327 0.467173486948013 0.423955500125885 0.399144753813744 0.380104511976242 0.362251505255699 0.366545990109444 0.366387002170086 0.355647750198841 0.356900990009308 0.334860004484653 0.341507256031036 0.339070491492748 0.341943740844727 0.368148744106293
-9999 -9999 -9999 -9999 -9999 -9999 -9999 -9999 -9999 -9999 -9999 35.2986888885498 11.1252541438393 4.08762099061693 2.71328848600388 2.00332868099213 1.27679622173309 1.24935525655746 23.6179435498574 3.69243916560864 2.11075326016075 3.76093679666519 0.492993369698524 0.393444735556841 0.354908253997564 0.296478744596243 0.55162750184536 0.38178339600563 0.388893764466047 0.48293175548315 0.502887010574341 0.497005015611649 0.493706993758678 0.564010865986347 0.485873982310295 0.486603006720543 0.47663252055645 0.698591262102127 0.806160718202591 0.52752149105072 0.514162480831146 0.559635758399963 0.587212488055229 0.571013242006302 0.516663014888763 0.503181740641594 0.485976755619049 0.458931013941765 0.435402765870094 0.41338424384594 0.392448753118515 0.409438490867615 0.397079989314079 0.37592925131321 0.337512753903866 0.319981500506401 0.302069999277592 0.298215754330158 0.314811006188393 0.314290501177311 0.33194325864315
-9999 -9999 -9999 -9999 -9999 -9999 -9999 -9999 -9999 -9999 -9999 -9999 -9999 -9999 17.4717417955399 17.7017211318016 4.50204037874937 -9999 -9999 -9999 -9999 -9999 -9999 8.02270913869143 1.10904629230499 0.815990634262562 0.807822369039059 0.709518000483513 0.464612007141113 0.439937632530928 0.411311991512775 0.461936503648758 0.471735253930092 0.479016736149788 0.528843730688095 0.429060012102127 0.511616259813309 0.505429498851299 0.503665119409561 0.421342492103577 0.469490244984627 0.491859018802643 0.485262751579285 0.487082988023758 0.519134268164635 0.504903763532639 0.469196230173111 0.418061256408691 0.434557512402534 0.440769016742706 0.440499007701874 0.421506732702255 0.410505741834641 0.372743256390095 0.348959997296333 0.339129008352757 0.321308255195618 0.358338743448257 0.347319759428501 0.345520488917828 0.335822246968746
-9999 -9999 -9999 -9999 -9999 -9999 -9999 -9999 -9999 -9999 -9999 -9999 -9999 -9999 16.6274771690369 16.6274771690369 16.6274771690369 -9999 -9999 -9999 -9999 -9999 -9999 4.94490551948547 4.94490551948547 4.94490551948547 0.308659605681896 6.34326320886612 0.502285301685333 0.525154866278172 0.436573125422001 0.460226990282536 0.514461010694504 0.384014993906021 0.497386485338211 0.513325877487659 0.588534012436867 0.561960741877556 0.546188235282898 0.468424513936043 0.451488018035889 0.492747008800507 0.483614981174469 0.494930237531662 0.477287247776985 0.498487517237663 0.490791007876396 0.505346238613129 0.427240490913391 0.431105241179466 0.418014764785767 0.40174126625061 0.364631250500679 0.305388003587723 0.302156992256641 0.312899239361286 0.29289074242115 0.331788741052151 0.302314504981041 0.272904753684998 0.281873255968094
-9999 -9999 -9999 -9999 -9999 -9999 -9999 -9999 -9999 -9999 -9999 -9999 -9999 -9999 -9999 -9999 -9999 -9999 -9999 -9999 -9999 -9999 -9999 -9999 -9999 -9999 -9999 1.51001399382949 1.00000829100609 0.783684387803078 0.654131054878235 0.565706506371498 0.497741505503654 0.48938349634409 0.497683502733707 0.522875234484673 0.552749991416931 0.558884248137474 0.515906989574432 0.4636440128088 0.521552234888077 0.536214753985405 0.484241992235184 0.421011731028557 0.399975746870041 0.409362003207207 0.441228747367859 0.441957011818886 0.406451269984245 0.417089268565178 0.41065576672554 0.374460004270077 0.320535756647587 0.285269245505333 0.277561493217945 0.277460999786854 0.271745257079601 0.274088256061077 0.263957239687443 0.275637745857239 0.274566739797592
-9999 -9999 -9999 -9999 -9999 -9999 -9999 -9999 -9999 -9999 -9999 -9999 -9999 -9999 -9999 -9999 -9999 -9999 -9999 -9999 -9999 -9999 -9999 -9999 -9999 -9999 -9999 -9999 1.80903152009131 1.81449991464615 1.24416433274746 1.0590181723237 0.767885476350784 0.608067020773888 0.552254989743233 0.560771986842155 0.568562999367714 0.571782767772675 0.554536521434784 0.503678262233734 0.455637753009796 0.418799266219139 0.349049247801304 0.331167742609978 0.33814875036478 0.340209759771824 0.363418489694595 0.390143260359764 0.371324993669987 0.371088758111 0.361067242920399 0.334562256932259 0.302093245089054 0.294398993253708 0.295032754540443 0.287328757345676 0.27097050100565 0.270022496581078 0.255125239491463 0.262602008879185 0.283041000366211
