EcologicalScience/Bass/data/rs_data_bass/chl_472.asc
NCOLS 226 
NROWS 124 
XLLCORNER -9.41648524995501 
YLLCORNER 47.587301625531 
CELLSIZE 0.0833 
NODATA_value -9999 
[rows 54 to 80 of 124, columns 0 to 61 of 226]
-9999 -9999 -9999 -9999 -9999 -9999 -9999 -9999 -9999 -9999 -9999 -9999 -9999 -9999 -9999 -9999 -9999 -9999 -9999 -9999 -9999 -9999 -9999 -9999 -9999 -9999 -9999 -9999 -9999 -9999 -9999 -9999 -9999 -9999 -9999 -9999 -9999 -9999 5.63865164599096 2.35549650192261 2.55389624834061 1.95421350002289 1.72650194168091 1.65892499685287 1.68800693750381 1.82534104585648 1.60367166996002 1.67967456579208 1.7086027264595 1.41113211214542 1.41996748745441 1.52830028533936 1.7053160071373 2.16433882713318 2.27218016982079 2.65024530887604 2.76963821053505 3.07247239351273 3.24242877960205 0.607058599591255 0.62790758907795 3.26765528645204
-9999 -9999 -9999 -9999 -9999 -9999 -9999 -9999 -9999 -9999 -9999 -9999 -9999 -9999 -9999 -9999 -9999 -9999 -9999 -9999 -9999 -9999 -9999 -9999 -9999 -9999 -9999 -9999 -9999 -9999 -9999 -9999 -9999 -9999 -9999 -9999 -9999 -9999 -9999 2.25293610692024 2.42393560409546 2.09530721604824 1.83032774925232 1.68929302692413 2.27950948476791 2.32733631134033 1.97677874565125 1.57241320610046 1.72458082437515 1.78833907842636 1.59666073322296 1.75898694992065 1.78110229969025 2.00304383039474 2.06885831058025 2.48000854253769 2.82909625768661 3.34258034119027 -9999 -9999 -9999 -9999
-9999 -9999 -9999 -9999 -9999 -9999 -9999 -9999 -9999 -9999 -9999 -9999 -9999 -9999 -9999 -9999 -9999 -9999 -9999 -9999 -9999 -9999 -9999 -9999 -9999 -9999 -9999 -9999 -9999 -9999 -9999 -9999 -9999 -9999 -9999 -9999 -9999 -9999 -9999 2.61568164825439 2.1114315032959 2.03698973357677 1.95709002017975 1.73335763812065 2.5509472489357 1.65219220519066 2.64713108539581 2.25451505184174 2.07038176059723 1.71416813135147 1.5352915674448 1.81590449810028 2.24654173851013 2.3143150806427 2.09745115041733 2.39502708613873 2.68327841162682 2.18351224064827 2.32180194854736 1.65724718570709 -9999 -9999
-9999 -9999 -9999 -9999 -9999 -9999 -9999 -9999 -9999 -9999 -9999 -9999 -9999 -9999 -9999 -9999 -9999 -9999 -9999 -9999 -9999 -9999 -9999 -9999 -9999 -9999 -9999 -9999 -9999 -9999 -9999 -9999 -9999 -9999 -9999 -9999 -9999 -9999 -9999 -9999 2.2833513379097 2.1950024664402 2.15288588404655 2.69100683927536 2.73941767215729 2.83912646770477 1.87622970342636 1.81980746984482 1.84189689159393 1.88033437728882 1.66183461248875 1.81653043627739 2.15929466485977 2.10742950439453 2.92176532745361 3.14674115180969 2.039470911026 1.83061373233795 2.07848551869392 2.55776810646057 4.87959380149841 -9999
-9999 -9999 -9999 -9999 -9999 -9999 -9999 -9999 -9999 -9999 -9999 -9999 -9999 -9999 -9999 -9999 -9999 -9999 -9999 -9999 -9999 -9999 -9999 -9999 -9999 -9999 -9999 -9999 -9999 -9999 -9999 -9999 -9999 -9999 -9999 -9999 -9999 -9999 -9999 -9999 2.87207870647825 2.60358864068985 2.34681934118271 2.73632025718689 2.9612107872963 2.9392694234848 2.64758706092834 2.03107050061226 1.77743798494339 2.06136944890022 1.52094608545303 2.08572381734848 2.33863949775696 2.69042247533798 3.00808274745941 2.49009758234024 2.04128032922745 2.09720098972321 2.14680308103561 2.15522700548172 2.33699691295624 -9999
-9999 -9999 -9999 -9999 -9999 -9999 -9999 -9999 -9999 -9999 -9999 -9999 -9999 -9999 -9999 -9999 -9999 -9999 -9999 -9999 -9999 -9999 -9999 -9999 -9999 -9999 -9999 -9999 -9999 -9999 -9999 -9999 -9999 -9999 -9999 -9999 -9999 -9999 -9999 -9999 2.5745165348053 2.71169820427895 2.45528921484947 3.18241560459137 2.96787679195404 2.7262544631958 2.41894572973251 2.02250629663467 1.9513755440712 1.8405824303627 1.62790882587433 1.677474796772 2.2166993021965 2.33678466081619 2.23546278476715 2.06634145975113 2.12934225797653 2.34557783603668 2.42119950056076 2.0760304659605 -9999 -9999
-9999 -9999 -9999 -9999 -9999 -9999 -9999 -9999 -9999 -9999 -9999 -9999 -9999 -9999 -9999 -9999 -9999 -9999 -9999 -9999 -9999 -9999 -9999 -9999 -9999 -9999 -9999 -9999 -9999 -9999 -9999 -9999 -9999 -9999 -9999 -9999 -9999 -9999 -9999 -9999 3.05418826639652 2.81435251235962 2.57449990510941 2.84261924028397 2.61275553703308 2.52902179956436 2.13366669416428 1.95428019762039 2.0385165810585 2.09748369455338 1.90272456407547 1.97298896312714 2.21169751882553 2.27336329221725 2.28641241788864 2.30011349916458 2.51405256986618 -9999 -9999 2.56186723709106 2.27085381746292 2.17368757724762
-9999 -9999 -9999 -9999 -9999 -9999 -9999 -9999 -9999 -9999 -9999 -9999 -9999 -9999 -9999 -9999 -9999 -9999 -9999 -9999 -9999 -9999 -9999 -9999 -9999 -9999 -9999 -9999 -9999 -9999 -9999 -9999 -9999 -9999 -9999 -9999 -9999 -9999 -9999 2.60902552306652 2.8063679933548 3.87026703357697 3.24332320690155 2.93708699941635 2.25366818904877 2.19713848829269 1.93954342603683 2.00996482372284 2.05157017707825 2.11943328380585 2.06601744890213 2.02007406949997 2.07115566730499 2.32063275575638 2.06976869702339 1.87062150239944 2.320980489254 1.87603056430817 3.14601439237595 5.24411773681641 2.37504905462265 2.29831498861313
-9999 -9999 -9999 -9999 -9999 -9999 -9999 -9999 -9999 -9999 -9999 -9999 -9999 -9999 -9999 -9999 -9999 -9999 -9999 -9999 -9999 -9999 -9999 -9999 -9999 -9999 -9999 -9999 -9999 -9999 -9999 -9999 -9999 -9999 -9999 -9999 -9999 -9999 -9999 2.69566404819489 3.16433537006378 3.24091565608978 2.75021016597748 2.3150782585144 1.91924482584 1.94850307703018 1.95330673456192 2.16786754131317 2.25799566507339 2.02980601787567 1.99622708559036 1.8991214632988 1.96315956115723 2.04980707168579 1.73169529438019 1.54186803102493 1.5217387676239 1.94570344686508 1.92829430103302 3.43821775913239 4.43027114868164 2.63486766815186
-9999 -9999 -9999 -9999 -9999 -9999 -9999 -9999 -9999 -9999 -9999 -9999 -9999 -9999 -9999 -9999 -9999 -9999 -9999 -9999 -9999 -9999 -9999 -9999 -9999 -9999 -9999 -9999 -9999 -9999 -9999 -9999 -9999 -9999 -9999 -9999 -9999 -9999 3.07809770107269 2.91734026372433 3.12829649448395 2.59466099739075 2.36099696159363 2.02408128976822 1.69727253913879 2.07426828145981 2.24374866485596 2.39710432291031 2.25333452224731 1.98013651371002 2.08219277858734 2.21880447864532 2.32800453901291 2.5412340760231 2.0257642865181 2.07534000277519 2.18672060966492 2.00476574897766 1.96790200471878 2.69510436058044 2.67028492689133 2.81752771139145
-9999 -9999 -9999 -9999 -9999 -9999 -9999 -9999 -9999 -9999 -9999 -9999 -9999 -9999 -9999 -9999 -9999 -9999 -9999 -9999 -9999 -9999 -9999 -9999 -9999 -9999 -9999 -9999 -9999 -9999 -9999 -9999 -9999 -9999 -9999 -9999 -9999 -9999 2.5749363899231 3.00294828414917 3.00197088718414 2.34540224075317 1.88970369100571 1.76820605993271 1.63514918088913 1.77729749679565 2.18558621406555 2.23408341407776 2.10949498414993 1.99040633440018 2.0465362071991 2.40320026874542 2.33412748575211 1.98406684398651 1.8558794260025 1.93657985329628 1.94574725627899 2.13139295578003 1.94539451599121 2.07078349590302 2.09342032670975 2.33413624763489
-9999 -9999 -9999 -9999 -9999 -9999 -9999 -9999 -9999 -9999 -9999 -9999 -9999 -9999 -9999 -9999 -9999 -9999 -9999 -9999 -9999 -9999 -9999 -9999 -9999 -9999 -9999 -9999 -9999 -9999 -9999 -9999 -9999 -9999 -9999 -9999 -9999 9.25364191988681 2.87512654066086 2.23384344577789 2.35976779460907 2.03097152709961 1.51777732372284 1.58050274848938 1.66207355260849 1.78427624702454 1.82417017221451 1.83930373191833 1.85050642490387 1.91986566781998 2.11224818229675 2.18706893920898 1.86643534898758 1.84648650884628 1.79262265563011 1.77243527770042 2.09834924340248 2.13439452648163 2.06992298364639 2.13962173461914 1.94950506091118 2.59845860302448
-9999 -9999 -9999 -9999 -9999 -9999 -9999 -9999 -9999 -9999 -9999 -9999 -9999 -9999 -9999 -9999 -9999 -9999 -9999 -9999 -9999 -9999 -9999 -9999 -9999 -9999 -9999 -9999 -9999 -9999 -9999 -9999 -9999 -9999 -9999 -9999 2.28439056873322 3.19982850551605 2.91193056106567 2.35970556735992 2.02803307771683 1.68336528539658 1.50366443395615 1.69389832019806 1.77726674079895 1.71799725294113 1.66605824232101 1.64199668169022 1.79861032962799 1.89445120096207 1.93605601787567 2.03518795967102 1.62977367639542 1.62102636694908 1.71631130576134 1.80259948968887 2.02194339036942 2.17818564176559 2.18329071998596 2.2458810210228 2.39201098680496 2.37842980027199
-9999 -9999 -9999 -9999 -9999 -9999 -9999 -9999 -9999 -9999 -9999 -9999 -9999 -9999 -9999 -9999 -9999 -9999 -9999 -9999 -9999 -9999 -9999 -9999 -9999 -9999 -9999 -9999 -9999 -9999 -9999 -9999 -9999 -9999 -9999 -9999 2.83618762493134 2.76993298530579 2.5344614982605 1.75786507129669 1.51204651594162 1.3906357884407 1.33161002397537 1.26944929361343 1.38903227448463 1.52509957551956 1.5648787021637 1.66924577951431 1.81007695198059 1.91143655776978 1.78946775197983 1.827123016119 1.72361361980438 1.68169838190079 1.48727628588676 1.51690196990967 1.5733796954155 2.11130207777023 2.15024816989899 1.93940292298794 1.98983520269394 2.20131509006023
-9999 -9999 -9999 -9999 -9999 -9999 -9999 -9999 -9999 -9999 -9999 -9999 -9999 -9999 -9999 -9999 -9999 -9999 -9999 -9999 -9999 -9999 -9999 -9999 -9999 -9999 -9999 -9999 -9999 -9999 -9999 2.20994125306606 2.74643349647522 2.14738583564758 2.10493344068527 2.06328380843091 2.59069093465805 2.16936671733856 2.02893072366714 1.56205058097839 1.18745103478432 1.22760826349258 1.15946996212006 1.33513954281807 1.20856127142906 1.23037424683571 1.55460226535797 1.60218076407909 1.63771761953831 1.73678290843964 1.7985528409481 1.88722345232964 1.89974811673164 1.74156779050827 1.55911979079247 1.63396775722504 2.13686701655388 2.06021064519882 2.07608324289322 2.01686811447144 2.20621307194233 2.73710489273071
-9999 -9999 -9999 -9999 -9999 -9999 -9999 -9999 -9999 -9999 -9999 -9999 -9999 -9999 -9999 -9999 -9999 -9999 -9999 -9999 -9999 -9999 0.346259817481041 6.66571629047394 2.41714882850647 2.80925470590591 3.12649118900299 3.55025267601013 2.65083968639374 2.75919145345688 2.13460350036621 1.81674742698669 2.53402268886566 2.60084092617035 2.00974416732788 2.05952256917953 1.67813032865524 1.36125978827477 1.25234323740005 1.16572576761246 0.921654760837555 1.3269014954567 1.30821374058723 1.29970201849937 1.30271172523499 1.4333771020174 1.51266820728779 1.64396850764751 1.85920393466949 1.97321847081184 2.00513809919357 2.10928156971931 2.14553627371788 2.16208425164223 2.35475367307663 2.01074194908142 2.08759754896164 2.98905551433563 2.48695945564438 -9999 -9999 -9999
-9999 -9999 -9999 -9999 -9999 -9999 -9999 -9999 -9999 -9999 -9999 -9999 -9999 -9999 -9999 -9999 -9999 -9999 -9999 -9999 -9999 -9999 8.36752355843782 1.71051675081253 2.69883227348328 4.91966843605042 7.92231059074402 6.48893594741821 4.66742563247681 3.04843640327454 2.44383823871613 2.25535118579865 2.04034870862961 1.77120673656464 1.67002201080322 1.56704324483871 1.31533053517342 1.11785325407982 1.01633548736572 1.06406924128532 1.14181879162788 1.27992072701454 1.31051176786423 1.44563171267509 1.33557227253914 1.39430925250053 1.766481757164 1.98442876338959 2.17091175913811 2.34711563587189 2.47177952528 2.33080199360847 2.59078958630562 2.61377021670341 2.50577419996262 2.85959440469742 -9999 -9999 -9999 -9999 -9999 -9999
-9999 -9999 -9999 -9999 -9999 -9999 -9999 -9999 -9999 -9999 -9999 -9999 -9999 -9999 -9999 -9999 -9999 -9999 -9999 1.4262637888513 3.29352052509785 2.47077441215515 2.4461932182312 2.75174617767334 3.5587409734726 14.3015985488892 16.0054135322571 13.1798214912415 10.46804022789 6.37437629699707 4.86439275741577 4.21893382072449 3.57660913467407 3.12580490112305 1.47376495599747 1.34710648655891 1.24670621752739 1.20927304029465 0.935761481523514 1.00357201695442 1.10043302178383 2.08740033209324 1.27537277340889 1.50333601236343 1.58704352378845 1.79958921670914 2.14291682839394 2.32544472813606 2.52421653270721 2.66657021641731 2.72069960832596 2.2603315114975 -9999 -9999 -9999 -9999 -9999 -9999 -9999 -9999 -9999 -9999
-9999 -9999 -9999 -9999 -9999 -9999 -9999 -9999 -9999 -9999 -9999 -9999 -9999 -9999 -9999 -9999 -9999 4.75585871934891 1.95814418792725 2.24114102125168 2.24888169765472 2.16361570358276 3.69251489639282 5.69074201583862 8.96600389480591 16.5099749565125 20.1976861953735 15.6412568092346 13.8337783813477 11.9249045848846 8.79080271720886 7.81700778007507 6.37667083740234 3.46831047534943 1.50685197114944 1.11724725365639 0.924663752317429 0.904995739459991 0.8945332467556 0.987563252449036 1.04385825991631 1.09456354379654 1.10360777378082 1.2172679901123 1.68042427301407 2.00254225730896 1.93388848006725 2.30654999613762 2.10215157270432 2.2747089266777 1.81682570278645 1.50760120153427 -9999 -9999 -9999 -9999 -9999 -9999 -9999 -9999 -9999 -9999
-9999 -9999 -9999 -9999 -9999 -9999 -9999 -9999 -9999 -9999 -9999 -9999 -9999 -9999 2.54658603668213 2.13188380002975 2.02979272603989 3.30925941467285 2.02028918266296 3.34832167625427 5.35389161109924 7.55865383148193 8.99309921264648 9.77121305465698 12.3227705955505 14.4845023155212 14.5414352416992 11.9764401912689 11.2333595752716 11.1418297290802 10.4225535392761 8.4814281463623 7.58833265304565 5.60141265392303 3.06352043151855 0.955861508846283 1.01225253939629 1.04999247193336 1.13710579276085 1.01108774542809 1.05494329333305 1.12101674079895 1.1369354724884 1.29880124330521 1.64969891309738 1.85798504948616 1.98369795084 2.12985751032829 2.23199772834778 2.17121994495392 2.17625820636749 2.1460896389825 -9999 -9999 -9999 -9999 -9999 -9999 -9999 -9999 -9999 -9999
-9999 -9999 -9999 -9999 -9999 -9999 -9999 -9999 -9999 -9999 -9999 3.60003290942737 2.54576247930527 3.14795207977295 2.63104850053787 3.27734684944153 2.9685907959938 5.09216237068176 6.03929543495178 8.87078547477722 9.51062107086182 7.30213737487793 6.27662944793701 6.39900469779968 7.292076587677 8.04763340950012 10.1118013858795 9.08729195594788 8.63181567192078 6.43276906013489 5.9882150888443 5.94321012496948 4.62958574295044 3.43897497653961 2.54420703649521 1.62450367212296 1.20147076249123 0.992053538560867 1.06144121289253 1.11583578586578 1.14828899502754 1.21386525034904 1.42000651359558 1.37434950470924 1.49225699901581 1.33959898352623 1.79445710778236 1.89403277635574 2.20491367578506 2.36855101585388 2.17240076065063 -9999 -9999 -9999 -9999 -9999 -9999 3.19954758882523 2.70583379268646 3.47118926048279 3.35666102170944 -9999
-9999 -9999 -9999 -9999 -9999 -9999 -9999 -9999 -9999 7.6779213309288 1.24530626260317 1.9064769744873 1.72053298354149 1.89805170893669 2.20710301399231 5.63028144836426 5.31142115592957 4.55192112922668 4.019566655159 3.53915619850159 5.06258475780487 5.54295015335083 6.82596373558044 6.56481671333313 6.64511203765869 7.10728883743286 6.11813807487488 4.71378743648529 5.25042986869812 5.38685774803162 9.00625205039978 4.90147662162781 3.21826958656311 2.80531650781631 1.80424582958221 1.43337151408195 1.12309348583221 1.14492675662041 1.11171072721481 1.13097748160362 1.37866276502609 1.37449952960014 1.26142197847366 1.25125801563263 1.26658201217651 1.2885884642601 1.3620825111866 1.90184703469276 1.93787705898285 1.99848711490631 2.07138633728027 2.22090697288513 2.37652698755264 3.17768621986563 2.82150676846504 2.12122493982315 2.59410297870636 2.24663704633713 2.14428305625916 2.55724006891251 2.64642003178596 3.16605341434479
-9999 -9999 -9999 -9999 -9999 1.33195647597313 1.34782648086548 1.40667673945427 1.66711270809174 25.1526918411255 1.50985252857208 1.70107078552246 1.89701426029205 2.12440448999405 2.34738880395889 6.68457913398743 4.922487616539 3.89377355575562 3.39479613304138 3.47500741481781 3.85665607452393 3.97593533992767 4.10801696777344 4.62103271484375 4.24223613739014 4.45894289016724 3.16460537910461 3.0320098400116 3.33528971672058 2.08470833301544 2.31232649087906 2.17684650421143 2.16680932044983 2.02076178789139 1.84566825628281 1.68516969680786 1.40657848119736 1.26634651422501 1.15661323070526 1.20770850777626 1.55242502689362 1.38886204361916 1.3659719824791 1.25510546565056 1.28824353218079 1.29358577728271 1.39650821685791 1.44066524505615 1.42531272768974 1.45673552155495 1.93244254589081 2.00970563292503 2.10970550775528 2.12038719654083 2.21834421157837 2.00839644670486 2.15019750595093 2.37542474269867 2.87568980455399 2.52624481916428 2.87872043251991 3.25842189788818
-9999 -9999 -9999 -9999 -9999 2.88031733036041 4.65824389457703 4.53306841850281 6.61310935020447 9.44139575958252 11.1435406208038 5.18740653991699 4.26779472827911 8.13789939880371 8.19906949996948 6.12155485153198 4.98319709300995 6.70314145088196 5.03494334220886 4.34284579753876 3.88373851776123 3.97136557102203 3.12913191318512 2.41594576835632 2.56403481960297 1.87830376625061 1.13894096016884 1.03681576251984 1.1302897632122 1.20273149013519 1.3107585310936 1.34946075081825 1.50745421648026 1.82102179527283 1.81750720739365 2.12829458713531 1.27091547846794 1.0844594836235 1.10001674294472 1.30679547786713 1.3836952149868 1.30994698405266 1.70500946044922 1.69843196868896 1.83378517627716 1.74863773584366 1.64396703243256 1.46566128730774 1.36950302124023 1.46272578835487 1.57710152864456 1.56628793478012 1.56363898515701 1.65675526857376 1.78248757123947 1.89943420886993 2.05765879154205 2.04675757884979 2.31005018949509 2.53762722015381 3.01859557628632 3.25177788734436
-9999 -9999 -9999 -9999 -9999 3.81605172157288 5.10902416706085 4.84650456905365 4.69242668151855 3.40215075016022 3.75293469429016 2.33950728178024 2.43103283643723 2.71359676122665 3.44064223766327 4.01792907714844 4.61042189598083 4.97279620170593 5.02753579616547 3.79197013378143 2.52334499359131 2.09670299291611 1.88495099544525 1.99979031085968 1.98411297798157 1.27831497788429 0.970913976430893 1.00205773115158 1.03822427988052 1.03349849581718 1.13757902383804 1.25649896264076 1.45467522740364 1.48136928677559 1.67095202207565 1.23681378364563 1.05130952596664 0.995747208595276 1.0273605287075 1.25599953532219 1.37297996878624 1.30038446187973 1.37856978178024 1.77344852685928 1.84925258159637 1.53088867664337 1.73391079902649 1.75836682319641 1.59447973966599 1.33141422271729 1.37800571322441 1.52640455961227 1.53974175453186 1.48512974381447 1.56753373146057 1.57811093330383 1.59748649597168 1.65894591808319 1.87833970785141 2.5862722992897 3.14907610416412 2.92757928371429
-9999 -9999 -9999 -9999 -9999 1.64761197566986 1.99523556232452 1.70617568492889 2.01649957895279 1.98867219686508 1.35583046078682 1.3379662334919 1.22972398996353 1.4578792154789 1.19674050807953 3.38372254371643 3.26790583133698 2.92231124639511 3.30809104442596 2.89532697200775 1.23983922600746 1.18991321325302 1.25542947649956 1.49715980887413 1.47600415349007 0.89790603518486 0.91947528719902 0.97582796216011 0.997148215770721 1.05607724189758 1.0665982067585 1.24659445881844 1.10721597075462 1.28946375846863 1.15877097845078 1.00025698542595 0.964524775743484 0.970996499061584 0.960815995931625 1.84852610528469 1.97965241968632 3.56171318888664 5.71131952106953 1.45606577396393 1.43535304069519 2.76340046525002 1.25156021118164 1.69318574666977 1.96714121103287 1.98113250732422 1.70860344171524 1.79011876881123 1.79532936215401 1.62788665294647 1.32669304311275 1.40562745928764 1.449228733778 1.43111774325371 1.5557661652565 2.31980627775192 2.50506520271301 2.55992782115936
-9999 -9999 -9999 -9999 -9999 0.954543024301529 1.06980147957802 1.3661895096302 1.38186433911324 1.31188353896141 1.33891198039055 1.52228021621704 0.959605515003204 0.955815017223358 0.964549541473389 1.13247978687286 1.15302148461342 1.45002302527428 1.70056807994843 1.6565819978714 1.68542357683182 0.922620713710785 0.96058577299118 2.49158184528351 2.77541581392288 2.11507844924927 1.88333377242088 1.04520446062088 1.13752350211143 1.19175150990486 1.10006546974182 1.02590623497963 2.55477556586266 4.18243871927261 4.16344229131937 0.969571530818939 0.955686002969742 0.973706245422363 0.954659253358841 0.944392472505569 0.851730018854141 3.32925485372543 3.85182940363884 4.6309545814991 3.87237101867795 4.50003268495202 3.69456678628922 1.2853290438652 1.29782178997993 1.63513720035553 1.54809755086899 1.16167053580284 1.69014036655426 1.49451376497746 1.44522303342819 1.62306600809097 1.52672696113586 1.43464279174805 1.51690274477005 1.89465683698654 2.21986949443817 2.35390198230743
