EcologicalScience/Bass/data/rs_data_bass/chl_436.asc
NCOLS 226 
NROWS 124 
XLLCORNER -9.41648524995501 
YLLCORNER 47.587301625531 
CELLSIZE 0.0833 
NODATA_value -9999 
[rows 54 to 80 of 124, columns 124 to 185 of 226]
6.09451818466187 3.36609542369843 2.74552202224731 2.88466358184814 2.64291679859161 2.77889853715897 3.78482401371002 4.13996386528015 3.42033970355988 2.84586292505264 2.53162425756454 2.2776517868042 1.61668342351913 1.25873029232025 1.2396847307682 1.31895151734352 1.06671300530434 1.08328798413277 2.96200089901686 3.05006775259972 2.61528448760509 1.07248646020889 1.05214950442314 5.23818451166153 1.17628571391106 1.12206897139549 1.18046995997429 1.24722602963448 1.30215525627136 1.42655628919601 2.15922367572784 3.59971725940704 4.17917490005493 5.27359879016876 4.12249517440796 2.72859907150269 2.54015243053436 1.43726474046707 3.25072574615479 3.47958558797836 3.55588701367378 4.88148877024651 4.31695634126663 3.67792248725891 3.54753059148788 3.84576499462128 4.3211270570755 5.8299480676651 8.557785987854 8.23001933097839 7.29138851165771 7.25583529472351 6.89445108175278 5.58094784617424 6.0451465845108 6.17445516586304 7.09340518712997 7.09586414694786 9.73402508822354 8.47780800653883 -9999 -9999
7.09891676902771 5.33748435974121 2.91785842180252 2.77021425962448 2.73467999696732 2.48645782470703 2.42331379652023 5.31327509880066 4.53487193584442 3.00779235363007 3.06202948093414 2.37679052352905 1.86118805408478 1.32755398750305 1.29599475860596 1.27391400933266 1.36700847744942 1.15852198004723 1.05751723051071 3.55181448161602 0.979147464036942 1.00824674963951 1.19484525918961 1.25489696860313 8.07183234393597 6.40502138435841 7.33367389440536 1.37908127903938 1.30514171719551 2.01846152544022 2.76277881860733 3.31328237056732 3.29545140266418 3.31522107124329 2.3638259768486 5.24198484420776 4.91752517223358 2.76342004537582 1.40873622894287 0.891680270433426 0.791221529245377 1.26739802956581 3.68097132444382 3.64721083641052 3.89848387241364 4.95834028720856 7.20096659660339 10.3229277133942 7.19890880584717 10.7761892080307 6.94740657806397 6.14980316162109 6.26421689987183 6.40492182970047 6.26943379640579 7.52659785747528 10.5720698833466 -9999 -9999 -9999 -9999 -9999
14.1765332221985 8.96949791908264 3.31436991691589 2.65716969966888 2.39575427770615 2.23053002357483 2.41376781463623 2.00354623794556 3.55414044857025 3.53405106067657 3.10441339015961 2.62800747156143 2.28303980827332 2.0037254691124 1.71821630001068 1.39478248357773 1.32542851567268 1.25584727525711 3.57377579808235 4.38986277580261 2.19003149867058 1.02125027775764 1.29072895646095 1.31440427899361 1.32220351696014 1.26058048009872 6.80747835338116 1.10321322083473 1.24926075339317 2.0589764714241 2.21366482973099 2.51089417934418 2.13867151737213 1.74099308252335 1.27310925722122 2.69094747304916 1.22221496701241 1.45473450422287 1.15311750769615 0.845513999462128 0.803961753845215 1.12714800238609 5.29047435522079 9.23008668422699 4.35706257820129 5.28780519962311 8.37810659408569 2.94432933032513 7.46601047515869 3.7420462667942 9.63030910491943 13.796040058136 11.392021894455 6.9746515750885 -9999 -9999 -9999 -9999 -9999 -9999 -9999 -9999
15.5570096969604 6.77835845947266 3.79020380973816 3.13260090351105 2.72376304864883 2.45421820878983 2.29385107755661 2.36131578683853 2.11020827293396 2.15483629703522 2.55092632770538 2.78989720344543 2.50331032276154 2.40573155879974 2.03161507844925 1.70927023887634 1.31287801265717 1.30808401107788 1.20594075322151 4.02287369966507 1.91663679480553 1.03245520591736 1.23684373497963 1.25598523020744 1.3099425137043 1.28442004323006 1.31951925158501 6.83768512308598 1.07812947034836 1.33067777752876 1.55684548616409 1.8715717792511 1.54739928245544 0.972663760185242 0.830381959676743 0.738901510834694 0.694784983992577 0.961037993431091 0.914907038211823 1.14036297798157 1.14661878347397 1.22027698159218 5.96160626411438 4.56107246875763 6.24585199356079 7.53701233863831 12.4159802913666 21.5612395931693 9.25735430717468 9.38238859176636 9.06850433349609 10.1087336540222 9.65509843826294 11.8598100185394 -9999 -9999 -9999 -9999 -9999 -9999 -9999 -9999
15.2533235549927 11.3911192417145 7.33209586143494 4.6340264081955 3.64778101444244 3.3335999250412 2.91331654787064 2.71944755315781 2.47633641958237 2.22178727388382 2.21746945381165 2.01990222930908 1.99573874473572 2.09968274831772 2.28752017021179 2.00723022222519 1.82551199197769 1.73555392026901 1.76057696342468 1.57491038739681 1.78853100538254 1.31677347421646 1.4013457596302 1.3482922911644 1.30977898836136 1.29639074206352 1.16443875432014 1.20366454124451 1.1404350399971 1.05937948822975 1.09825426340103 1.30987572669983 0.885902971029282 0.610652983188629 0.66065476834774 0.610963493585587 0.633354753255844 0.773828208446503 0.786339730024338 0.869735240936279 0.846667528152466 1.66413223743439 2.42028969526291 5.75936472415924 8.92080760002136 7.59555759429932 10.7561087608337 31.0283997058868 12.094208240509 8.26218008995056 8.48542070388794 8.27779054641724 24.68172955513 -9999 -9999 -9999 -9999 -9999 -9999 -9999 -9999 -9999
30.4074359250069 15.9581437110901 11.3047378063202 19.5251212120056 15.0808238983154 11.6758167743683 3.46204197406769 3.22810792922974 3.53494191169739 2.94207376241684 2.32582050561905 2.24194568395615 2.23459732532501 2.43672519922256 2.14086449146271 2.20388406515121 2.16785699129105 2.22309672832489 2.16750293970108 1.80646866559982 1.59380400180817 1.35832571983337 1.3746600151062 1.33996653556824 1.2983737885952 1.31850528717041 1.13553750514984 1.07557725906372 1.05040499567986 0.930330008268356 0.906101256608963 0.874236792325974 0.701991006731987 0.63331800699234 0.60647776722908 0.642715483903885 0.706664264202118 0.937836706638336 1.05334424972534 0.970613211393356 1.45396873354912 2.14904397726059 3.17808294296265 6.33759784698486 9.55770206451416 -9999 18.3727213052603 26.0961673736572 34.4554452896118 5.79739344120026 72.874906539917 21.768928527832 26.5237247943878 33.6389597654343 -9999 -9999 -9999 -9999 -9999 -9999 -9999 -9999
-9999 -9999 -9999 -9999 -9999 2.28387522697449 3.53012812137604 3.51786601543427 3.22496616840363 3.34140658378601 3.40898251533508 2.50045055150986 2.24164205789566 2.18071281909943 2.43946874141693 2.59859704971313 2.29476445913315 2.06975394487381 1.99441194534302 1.67411917448044 1.47791853547096 1.43746349215508 1.36389371752739 1.26419627666473 1.21543353796005 1.24454247951508 1.09102427959442 0.913485020399094 0.941211730241776 0.837117791175842 0.900448501110077 0.849558770656586 0.766476720571518 0.697443768382072 0.689040005207062 0.794854491949081 0.851973742246628 0.875436723232269 0.997171461582184 1.22024470567703 1.58793067932129 2.40373420715332 3.13207340240479 7.42644166946411 11.0858001708984 11.3906551275438 -9999 -9999 -9999 -9999 53.0044498443604 67.5772132873535 21.0131750106812 69.7855430603027 -9999 -9999 -9999 -9999 -9999 -9999 -9999 -9999
-9999 -9999 -9999 -9999 -9999 -9999 -9999 -9999 4.00262856483459 5.18750846385956 7.08345812559128 2.80987268686295 2.54401051998138 2.41359078884125 2.40392392873764 2.64335256814957 2.39832079410553 1.9317569732666 1.68011552095413 1.4753497838974 1.40831029415131 1.37749797105789 1.28507548570633 1.23337948322296 1.09237504005432 1.1518289744854 0.829895228147507 0.708411008119583 0.772894531488419 0.964773774147034 1.15395972132683 1.05148422718048 0.88330203294754 0.828144013881683 0.819326967000961 0.904017001390457 0.882963716983795 0.887318283319473 0.868317782878876 1.33883625268936 1.75636357069016 2.89743983745575 7.13387489318848 11.4046819210052 23.6491243243217 29.0682649612427 -9999 -9999 -9999 -9999 17.548882484436 64.1609630584717 27.2587966918945 12.8456826210022 13.4606637954712 24.2219023704529 -9999 -9999 -9999 -9999 -9999 -9999
-9999 -9999 -9999 -9999 -9999 -9999 -9999 -9999 -9999 -9999 6.36793828010559 8.07757592201233 2.81742972135544 2.59893000125885 2.48038727045059 2.84421443939209 2.37539255619049 2.03453332185745 1.59052348136902 1.41459301114082 1.18419751524925 1.0638487637043 0.966303706169128 0.98307529091835 0.834028512239456 0.830811023712158 0.697984501719475 0.57106576859951 0.848256021738052 0.875795960426331 0.998185515403748 0.931774467229843 0.865568965673447 0.907328993082047 0.871247291564941 0.928896725177765 1.030174523592 1.3291409611702 1.60821229219437 2.58199417591095 3.42511940002441 4.60951066017151 6.42615509033203 14.1452822685242 10.6523649212226 -9999 -9999 -9999 -9999 -9999 -9999 -9999 8.92160509054254 11.1952085494995 9.48422956466675 13.4442129135132 10.8786277770996 -9999 -9999 -9999 -9999 -9999
-9999 -9999 -9999 -9999 -9999 -9999 -9999 -9999 -9999 4.3704868555069 7.5811098575592 7.86124491691589 9.26065540313721 11.400383234024 12.3932981193066 3.98306787014008 3.63410639762878 2.02921575307846 1.62117898464203 1.281071215868 1.07771247625351 0.959181010723114 0.891404986381531 0.825074225664139 0.719547763466835 0.629036262631416 0.626707479357719 0.639243006706238 0.701958730816841 0.665946006774902 0.68427599966526 0.806136757135391 0.82598027586937 0.847476035356522 0.82055926322937 0.991849511861801 1.1818582713604 1.43349972367287 1.86938846111298 3.15746247768402 3.99978375434875 10.2806797027588 10.933650970459 14.4612135887146 13.2527099483221 33.0447750091553 -9999 -9999 -9999 13.1526741027832 33.964169383049 28.5811421871185 18.3768310546875 13.2442789077759 19.7302308082581 20.1327910423279 14.2717222990813 -9999 -9999 -9999 -9999 -9999
-9999 -9999 -9999 -9999 -9999 -9999 -9999 -9999 -9999 -9999 10.7354925870895 10.130418241024 9.74136462807655 10.5185812711716 8.55762755870819 8.88508403301239 7.15436261892319 1.870978474617 1.57974529266357 1.18199175596237 1.09757700562477 0.947180986404419 0.837176978588104 0.726370498538017 0.676173001527786 0.653466001152992 0.624712496995926 0.678205490112305 0.589255481958389 0.574725732207298 0.590484738349915 0.670946270227432 0.763094276189804 0.80816325545311 0.959312975406647 1.26872402429581 1.51282131671906 2.3527860045433 3.66904127597809 4.80258750915527 5.73659384250641 8.07048296928406 15.6167993545532 22.9992442131042 7.59663207959203 -9999 -9999 -9999 -9999 -9999 12.6561160087585 49.9442925453186 23.6141948699951 22.1974296569824 20.9717393875122 -9999 -9999 -9999 -9999 -9999 -9999 -9999
-9999 -9999 -9999 -9999 -9999 -9999 -9999 -9999 -9999 3.67937564849854 7.4457773566246 8.93685758113861 9.20045909285545 10.0414254069328 8.28342115879059 8.6851504445076 7.84328079223633 1.60936957597733 1.33394998311996 9.00778289884329 1.09309574961662 1.04841229319572 0.947451710700989 0.741399005055428 0.666595503687859 0.626999258995056 0.610059008002281 0.580467760562897 0.55926901102066 0.583697229623795 0.659327253699303 0.723066732287407 0.850838989019394 1.03886246681213 1.22289678454399 1.44179177284241 1.98565131425858 4.21120655536652 6.34837245941162 7.76027011871338 6.39485907554626 9.83327007293701 18.43528175354 6.44141946718531 3.86466658115387 -9999 -9999 -9999 -9999 -9999 12.8002036213875 38.4166080951691 18.9376602172852 23.1290230257758 -9999 -9999 -9999 -9999 -9999 -9999 -9999 -9999
-9999 -9999 -9999 -9999 -9999 -9999 -9999 -9999 -9999 7.55234527587891 7.78599339723587 8.58120176196098 9.06859830021858 2.43839997053146 9.57261630892754 7.31529387831688 5.68570478260517 4.88698495924473 1.14022278785706 1.09053978323936 0.952113032341003 0.923605531454086 0.876690030097961 0.693561762571335 0.662584483623505 0.608805745840073 0.61837349832058 0.656364753842354 0.701141998171806 0.823716044425964 0.919516503810883 0.977311491966248 1.07718372344971 1.15873950719833 1.2722100019455 1.45433101058006 3.02314960956573 5.49362254142761 7.9929084777832 10.4396131038666 12.6235585212708 20.3273162841797 32.8281354904175 8.18509055746412 3.86466693878174 -9999 -9999 -9999 -9999 12.1949715614319 -9999 -9999 -9999 -9999 -9999 -9999 -9999 -9999 -9999 -9999 -9999 -9999
-9999 -9999 -9999 -9999 -9999 -9999 -9999 -9999 -9999 6.88456839323044 8.72263285517693 10.8606355190277 9.22661161422729 8.20284542441368 8.40296360850334 7.6846114397049 4.89068537950516 4.72936977446079 0.975903779268265 0.941857516765594 0.835807532072067 0.799820959568024 0.824978291988373 0.779790043830872 0.737756252288818 0.672585010528564 0.649743005633354 0.667520999908447 0.793045520782471 1.04388445615768 1.27877998352051 1.3267215192318 1.32065704464912 1.37168928980827 1.55528318881989 2.0174378156662 6.34213614463806 8.77738380432129 10.710330247879 12.89910364151 29.2064180374146 45.4276685714722 8.87734610998809 -9999 -9999 -9999 -9999 -9999 -9999 -9999 -9999 -9999 -9999 -9999 -9999 -9999 -9999 -9999 -9999 -9999 -9999 -9999
-9999 -9999 -9999 -9999 -9999 -9999 -9999 -9999 12.0537562506539 6.23222118616104 11.4158145189285 10.8277567327023 9.05792471766472 2.30117028951645 5.69693483412266 5.12045784294605 4.73059429228306 4.8378841727972 1.04170122742653 0.984430521726608 0.944382011890411 0.891615718603134 0.975856482982635 0.915749251842499 0.8634352684021 0.805483460426331 0.76436322927475 0.696071997284889 0.782078236341476 0.98326501250267 1.23645678162575 1.62704032659531 1.79452800750732 2.07787424325943 2.18522769212723 3.95762264728546 7.4476261138916 9.40395426750183 11.4420368671417 16.427770614624 49.1468925476074 9.74170844371502 14.5471009805978 -9999 -9999 -9999 -9999 -9999 -9999 -9999 -9999 -9999 -9999 -9999 -9999 -9999 -9999 -9999 -9999 -9999 -9999 -9999
-9999 -9999 -9999 -9999 -9999 -9999 -9999 3.28386068344116 3.66848492622375 8.19466459751129 9.5824436545372 9.26710331439972 7.92364740371704 5.28340749442577 4.68308217823505 4.16781413555145 3.88041454553604 1.12649023532867 1.09366053342819 1.05012747645378 1.04880827665329 1.03273424506187 1.04605802893639 0.986912995576859 0.926304012537003 0.912074983119965 1.01841446757317 1.06466174125671 1.19460296630859 1.36702126264572 1.47067353129387 1.7520495057106 1.79613447189331 2.10565567016602 2.83885878324509 5.41624653339386 7.01518821716309 7.89429688453674 12.0259323120117 15.5647788047791 21.1816718618847 5.69786846637726 3.25656187534332 -9999 -9999 -9999 -9999 -9999 -9999 -9999 -9999 -9999 -9999 -9999 -9999 -9999 -9999 -9999 -9999 -9999 -9999 -9999
-9999 -9999 -9999 -9999 -9999 -9999 3.91109231802133 10.8494721651077 11.5634985566139 7.56822198629379 5.31543636322021 5.40794336795807 5.35983073711395 3.61971163749695 1.65189743041992 1.94066751003265 1.28497651219368 1.13007599115372 1.07469972968102 1.16578423976898 1.19432178139687 1.11319425702095 1.2425354719162 1.16514676809311 1.0432440340519 1.03638821840286 1.27933126688004 1.31292977929115 1.35545772314072 1.37882477045059 1.69095683097839 1.97499829530716 2.2992337346077 2.83231794834137 3.20038568973541 4.19740283489227 5.06501090526581 6.36654353141785 8.32321500778198 -9999 -9999 -9999 -9999 -9999 -9999 -9999 -9999 -9999 -9999 -9999 -9999 -9999 -9999 -9999 -9999 -9999 -9999 -9999 -9999 -9999 -9999 -9999
-9999 -9999 -9999 -9999 11.4183187633753 8.07674166134426 8.47594910860062 8.55757051706314 9.37160244584084 7.8676330447197 4.93432474136353 3.27836573123932 3.7885128557682 2.56844544410706 1.7412314414978 1.37379303574562 1.37015470862389 1.18306124210358 1.2199994623661 1.29434403777122 1.26343649625778 1.77800023555756 1.81593829393387 1.74856567382812 2.053506731987 2.09959119558334 1.94713050127029 1.87040770053864 1.90500372648239 1.90015947818756 1.87052768468857 2.2004354596138 2.69598752260208 3.3693208694458 3.99458026885986 4.60105955600739 8.57954978942871 5.1274177965365 -9999 -9999 -9999 -9999 -9999 -9999 -9999 -9999 -9999 -9999 -9999 -9999 -9999 -9999 -9999 -9999 -9999 -9999 -9999 -9999 -9999 -9999 -9999 -9999
-9999 -9999 -9999 -9999 6.84917736053467 8.85197159222194 6.9908464550972 7.87866371870041 7.55832150578499 5.10997089743614 3.08420589566231 2.54410573840141 2.56761936843395 0.942943476140499 1.6794022321701 1.37331300973892 1.41369903087616 1.22554877400398 1.32381972670555 1.48378649353981 1.5977835059166 2.19154196977615 2.51833355426788 2.42681032419205 2.54495179653168 3.0935046672821 3.63751065731049 3.12667572498322 2.56997019052505 2.06195247173309 2.125512778759 2.69202750921249 3.30433344841003 3.76618587970734 5.58106362819672 6.3671236038208 6.39477396011353 -9999 -9999 -9999 -9999 -9999 -9999 -9999 -9999 -9999 -9999 -9999 -9999 -9999 -9999 -9999 -9999 -9999 -9999 -9999 -9999 -9999 -9999 -9999 -9999 -9999
-9999 62.0026988983154 17.2331254959106 9.80314472743443 8.87329050472805 6.76107627153397 6.74842071533203 6.50862461328506 3.16819667816162 3.09297680854797 2.87507182359695 2.76359403133392 1.3263795375824 1.26846671104431 1.31819254159927 1.46067827939987 1.29710850119591 0.793121755123138 1.53452092409134 1.71710854768753 1.9074479341507 2.38198345899582 2.32250708341599 2.05123275518417 2.1671279668808 3.29016387462616 4.56968486309052 6.44306516647339 7.05390572547913 3.59305107593536 3.0830272436142 3.42890703678131 4.46241974830627 4.5959107875824 4.85185861587524 29.5296049346315 -9999 -9999 -9999 -9999 -9999 -9999 -9999 -9999 -9999 -9999 -9999 -9999 -9999 -9999 -9999 -9999 -9999 -9999 -9999 -9999 -9999 -9999 -9999 -9999 -9999 -9999
3.45283108949661 10.6956303119659 6.75876170396805 6.67914372682571 6.84345978498459 5.53384041786194 5.38551414012909 4.82489562034607 3.13540649414062 2.91247344017029 2.46040731668472 2.02689903974533 1.41988652944565 1.35077628493309 1.47059699892998 1.59918755292892 1.64037448167801 1.69920819997787 1.84985768795013 2.00976008176804 2.2692539691925 1.93359231948853 1.92544949054718 1.91382747888565 3.19253325462341 4.55867779254913 7.23216962814331 10.0872058868408 11.241295337677 7.16960835456848 6.57089281082153 8.07262015342712 8.70153021812439 -9999 -9999 -9999 -9999 -9999 -9999 -9999 -9999 -9999 -9999 -9999 -9999 -9999 -9999 -9999 -9999 -9999 -9999 -9999 -9999 -9999 -9999 -9999 -9999 -9999 -9999 -9999 -9999 -9999
3.75804474949837 6.98852889878409 6.96807932853699 4.95046436786652 2.76283764839172 3.02329677343369 3.04737210273743 2.91276222467422 2.99341571331024 2.82869017124176 2.43439346551895 1.7644230723381 1.2408487200737 1.22098499536514 1.26464849710464 1.55280607938766 1.89871054887772 1.65985053777695 1.82696467638016 2.07567983865738 2.454898416996 2.15518641471863 1.78072267770767 1.93121176958084 3.97824990749359 5.01292955875397 7.05674529075623 8.2576539516449 9.31746554374695 10.0968990325928 14.54682970047 15.411506652832 11.4431562423706 6.38728831708431 7.44975554943085 8.10333742878654 -9999 -9999 -9999 -9999 -9999 -9999 -9999 -9999 -9999 -9999 -9999 -9999 -9999 -9999 -9999 -9999 -9999 -9999 -9999 -9999 -9999 -9999 -9999 -9999 -9999 -9999
8.41975110769272 7.40061128139496 4.82111179828644 4.56124544143677 4.65713977813721 3.08293426036835 2.93010592460632 2.45776051282883 2.1654104590416 1.79803204536438 1.59400945901871 1.23077023029327 1.44950321316719 1.60927498340607 1.92972153425217 2.22809618711472 2.75579702854156 2.47644978761673 2.84722566604614 2.45498478412628 2.2365996837616 2.07002556324005 1.99315649271011 2.24760818481445 3.64942502975464 3.76028323173523 4.0022474527359 4.95149838924408 7.56115078926086 11.2669458389282 12.8363672668284 -9999 -9999 -9999 -9999 -9999 -9999 -9999 -9999 -9999 -9999 -9999 -9999 -9999 -9999 -9999 -9999 -9999 -9999 -9999 -9999 -9999 -9999 -9999 -9999 -9999 -9999 -9999 -9999 -9999 -9999 -9999
16.9450120925903 12.0768097043037 4.75961565971375 4.04715979099274 3.40935158729553 4.72959065437317 3.63806712627411 3.2527266740799 3.05055677890778 2.50794893503189 1.75057429075241 1.31923949718475 1.44433727860451 1.81887817382812 2.617052257061 3.92576158046722 4.28972411155701 4.58638966083527 4.5411719083786 3.76159107685089 2.49009221792221 2.81963932514191 3.30552363395691 3.25051653385162 3.28627038002014 3.46181845664978 4.27351641654968 5.15145599842072 6.03778839111328 7.66877365112305 28.5423016548157 6.53025683015585 -9999 -9999 -9999 -9999 -9999 -9999 25.9314322471619 12.6942715644836 -9999 -9999 -9999 -9999 -9999 -9999 -9999 -9999 -9999 -9999 -9999 -9999 -9999 -9999 -9999 -9999 -9999 -9999 -9999 -9999 -9999 -9999
9.20332682132721 19.757461309433 6.18996405601501 6.16526985168457 6.5749545437949 5.06179797649384 8.52520036697388 3.84633135795593 3.63925266265869 2.57865518331528 2.06495994329453 1.49154603481293 1.97931146621704 2.61946356296539 4.04992496967316 4.35773026943207 4.50234746932983 5.76291239261627 6.40058827400208 4.15095663070679 4.15670013427734 4.45204067230225 4.88351404666901 4.76185190677643 4.49245047569275 4.78177356719971 4.46156930923462 12.5669091939926 14.3414810299873 15.2548549969991 4.9602086953003 3.42093944549561 -9999 -9999 -9999 -9999 -9999 -9999 -9999 -9999 -9999 -9999 -9999 -9999 -9999 -9999 -9999 -9999 -9999 -9999 -9999 -9999 -9999 -9999 -9999 -9999 -9999 -9999 -9999 -9999 -9999 -9999
-9999 -9999 -9999 -9999 -9999 5.73380314720261 7.13859622478485 3.89084386825562 3.87261790037155 3.56075504422188 0.929165989160538 2.04826802015305 3.18779039382935 4.37490391731262 4.383784532547 5.80763626098633 9.56561279296875 9.76248264312744 9.20874452590942 7.56195259094238 12.7669544219971 8.77093005180359 10.0347418785095 4.46144163608551 6.85937261581421 6.30664823566164 -9999 -9999 -9999 -9999 -9999 -9999 -9999 -9999 -9999 -9999 -9999 -9999 -9999 -9999 -9999 -9999 -9999 -9999 -9999 -9999 -9999 -9999 -9999 -9999 -9999 -9999 -9999 -9999 -9999 -9999 -9999 -9999 -9999 -9999 -9999 -9999
-9999 -9999 -9999 -9999 -9999 -9999 6.70628378391266 4.13379389047623 3.30964833498001 1.07792323827744 1.00418800115585 1.21259048581123 1.18486347794533 1.17554873228073 3.2944883108139 8.46165919303894 12.2385177612305 4.48958623409271 8.39971232414246 11.2662091255188 12.6213726997375 6.1485550403595 14.8919277191162 7.54569395728733 -9999 -9999 -9999 -9999 -9999 -9999 -9999 -9999 -9999 -9999 -9999 -9999 -9999 -9999 -9999 -9999 -9999 -9999 -9999 -9999 -9999 -9999 -9999 -9999 -9999 -9999 -9999 -9999 -9999 -9999 -9999 -9999 -9999 -9999 -9999 -9999 -9999 -9999
