EcologicalScience/Bass/data/rs_data_bass/chl_98.asc
NCOLS 226 
NROWS 124 
XLLCORNER -9.41648524995501 
YLLCORNER 47.587301625531 
CELLSIZE 0.0833 
NODATA_value -9999 
[rows 54 to 80 of 124, columns 124 to 185 of 226]
2.65695458650589 2.34665179252625 2.28710693120956 1.91314235329628 1.73519244790077 1.72623601555824 1.66144466400146 1.79514375329018 1.85278835892677 1.97413274645805 1.98947891592979 1.89964574575424 2.27214449644089 2.39809727668762 2.62735944986343 2.71840649843216 2.9078106880188 3.04394638538361 3.19527447223663 3.23615384101868 3.27080833911896 3.31042206287384 2.44706252217293 2.54115226864815 1.68440544605255 1.96725672483444 1.88308417797089 2.06113117933273 1.90273207426071 1.91621106863022 2.71197587251663 2.67651011943817 2.57796330451965 2.88804786205292 3.15131115913391 3.24534929990768 3.15730005502701 3.02471685409546 2.37155710458755 4.81151032447815 1.61720887422562 1.33998639583588 2.91815024614334 0.932636976242065 1.38898907899857 1.53276513814926 1.68481030464172 1.41873159259558 1.90112386643887 2.25191301852465 4.4135308265686 4.68298421408001 4.77304346220834 4.84531385758344 4.19795404161726 4.25195860862732 8.01020886347844 23.5067844390869 33.3271851539612 10.2054098674229 11.2494225722401 12.9958920771958
2.78055971860886 2.84743058681488 2.34092617034912 1.98856540024281 1.98921789228916 1.85564321279526 1.77255749702454 1.83242028951645 1.83286875486374 1.91090816259384 2.04069972038269 2.02625843882561 2.1549232006073 2.36546033620834 2.57357543706894 3.08252692222595 3.09767460823059 3.14110136032104 3.28812825679779 3.38570988178253 3.39742112159729 3.28844404220581 3.76745402812958 2.61973485946655 2.76899367570877 1.95251244306564 1.92332392930984 1.79915177822113 1.8565086722374 1.94130742549896 2.02910631895065 2.32307047843933 1.98807101249695 2.84526817798614 3.23026274442673 3.20473644733429 3.04969753026962 2.51791673898697 1.96181255578995 1.53787666559219 1.25355415344238 1.13544619083405 1.14259750843048 1.19617429375648 1.26775726675987 1.58091366291046 1.86861118078232 2.34417251497507 2.54376246035099 4.62999061977162 4.38366942107677 4.86872429507119 4.90467493874686 4.73382193701608 4.9428364712259 6.45426788049586 10.5720698833466 -9999 -9999 -9999 -9999 -9999
2.94742870330811 2.89051651954651 2.90446790201323 2.10102899372578 2.07848663628101 2.07479099929333 2.06552320718765 1.73285284638405 1.74418276548386 1.86175614595413 1.92129695841244 2.00627963457789 2.25588744878769 2.4266699552536 2.31863844394684 2.70154201984406 3.01593518257141 3.21375668048859 3.17470586299896 3.27345979213715 3.20687985420227 3.44678628444672 3.87230265140533 4.16710710525513 4.39552438259125 3.07776439189911 2.01567149162292 1.96076631546021 1.98690891265869 1.99267494678497 1.94435691833496 2.82218207120895 2.37600660324097 2.01815174818039 1.93365074396133 2.31105949878693 2.57443968057632 2.20004212856293 1.71728926897049 1.11955299377441 0.980788016319275 1.00051491260529 1.2653209907668 4.33923518657684 2.61775052547455 2.27434283494949 2.16702157258987 6.66283505409956 4.56308947290693 4.46599687848772 4.173832654953 4.87515127658844 5.26009099824088 13.865964732901 -9999 -9999 -9999 -9999 -9999 -9999 -9999 -9999
3.30268585681915 3.28663408756256 3.16024910126414 3.0169843350138 2.1922886967659 2.17039167881012 2.05712136626244 1.8389621078968 1.74532198905945 1.88437382238252 1.68735381960869 2.22476774454117 2.27031826972961 2.32966732978821 2.49128848314285 2.71935456991196 3.07403111457825 3.18443763256073 3.21114528179169 2.99517971277237 3.15959393978119 3.46601986885071 3.9202755689621 4.22676157951355 2.85970428586006 2.10867083072662 2.28275173902512 2.09567481279373 2.08513569831848 1.95852899551392 1.90230220556259 1.95620477199554 2.44951800107956 2.10722728967667 2.48728716373444 1.67769672870636 1.73561704158783 1.64403319358826 1.74697332382202 1.19822522572109 0.947007434708732 1.18190676186766 1.50379941293171 1.77146043522017 2.16496306657791 3.01574264466763 2.95359671115875 7.60912199523471 4.1750191450119 4.10581894715627 4.06935083866119 4.60038220882416 6.34392428398132 -9999 -9999 -9999 -9999 -9999 -9999 -9999 -9999 -9999
4.12922358512878 3.68537253141403 3.80660364031792 3.74594048942838 3.67977661320141 3.61322090455464 2.16020062565804 2.42408269643784 2.24179629768644 2.01448649168015 2.08778697252274 2.17881828546524 2.15980195999146 2.21907144784927 2.33557641506195 2.31253498792648 3.13579273223877 3.24362468719482 3.09710097312927 2.97675901651382 3.00874435901642 3.51087069511414 3.80164432525635 4.24442088603973 4.24788522720337 2.97210600972176 2.11767607927322 2.2442541718483 2.11511778831482 2.00330919027328 1.92565280199051 2.61112421751022 2.39016986744744 2.18748419625419 2.40585082769394 2.13120532035828 1.28574770689011 1.20751888751984 1.12265746593475 1.02370651960373 0.980652777212007 1.2998246720859 1.70005981411253 1.93636852502823 2.28907070159912 3.66019421465257 12.4597947534762 6.65444389979045 5.69316852092743 4.52940440177917 4.54885272185008 19.0340569019318 62.9706194089807 -9999 -9999 -9999 -9999 -9999 -9999 -9999 -9999 -9999
-9999 4.32075245380402 5.00677534512111 4.91255925382887 4.45630147627422 4.7171009353229 3.45373275876045 2.97691422700882 2.7193800508976 2.44890625987734 2.19618260008948 2.13988727331161 2.05633503198624 2.14156723022461 2.31258219480515 2.21519547700882 2.50361085789544 2.88799436092377 2.96104987859726 2.51523149013519 2.63580232858658 3.7278299331665 3.97480952739716 4.60250616073608 4.79846084117889 3.47981715202332 2.18884652853012 2.20749521255493 2.08374524116516 2.10828083753586 2.34156149625778 2.39222931861877 2.39312201738358 2.11002869606018 1.62037181854248 2.0482297539711 1.35408110618591 1.32956702709198 1.21551249027252 1.11118729114532 1.12271970510483 1.22911659479141 1.45380581617355 1.87199375629425 5.57943568510168 -9999 8.55667519569397 5.90814741452535 6.89719851811727 7.44027042388916 20.4863476131273 20.1369390487671 60.8782255753227 58.6970936230251 -9999 -9999 -9999 -9999 -9999 -9999 -9999 -9999
-9999 -9999 -9999 -9999 -9999 2.28387522697449 4.84869089126587 3.52294385433197 3.84772924865995 3.07349934748241 2.65808859893254 2.31514421531132 1.99235773086548 2.25566929578781 2.26146233081818 2.69520825147629 2.79398328065872 2.82626740932465 2.97068359851837 3.07835457324982 3.20101826190949 3.93404173851013 4.31866049766541 4.63838160037994 4.73366940021515 2.40542846918106 2.03698951005936 2.02008301019669 2.01899027824402 2.10853797197342 2.50497382879257 2.22155392169952 2.08246868848801 1.94082301855087 1.91701501607895 1.91129404306412 1.2568527340889 1.13186923265457 1.15540001392365 1.1032438993454 0.937493652105331 1.27224339544773 1.45475952625275 1.76362843513489 2.96380441635847 27.6713939743135 -9999 -9999 -9999 -9999 30.8637523651123 29.8805500910832 49.2754400693453 31.2142009735107 -9999 -9999 -9999 -9999 -9999 -9999 -9999 -9999
-9999 -9999 -9999 -9999 -9999 -9999 -9999 -9999 3.35948476195335 3.97639154536384 2.87908655405045 2.60720998048782 2.19761019945145 2.20399725437164 2.27278643846512 2.17273718118668 2.61507833003998 2.73334090709686 2.90186487436295 3.05549380779266 3.24393918514252 3.28592367172241 4.20668113231659 4.58603024482727 4.14730131626129 2.22417747974396 2.11322093009949 2.22649347782135 1.95922350883484 1.80178052186966 1.72620141506195 1.63348191976547 1.84912347793579 1.83251845836639 0.942608118057251 0.950034594535828 1.00238509178162 1.0706198990345 1.09954132437706 1.12036541700363 1.19041773080826 1.25865330696106 1.40541266202927 1.50802615880966 7.77919315951211 29.0682649612427 -9999 -9999 -9999 -9999 17.548882484436 29.4595775043263 31.2311393949721 33.5525638580322 41.0000141143799 19.3895734299061 -9999 -9999 -9999 -9999 -9999 -9999
-9999 -9999 -9999 -9999 -9999 -9999 -9999 -9999 -9999 -9999 3.10978889465332 2.87228018045425 2.5555334687233 2.31453520059586 2.19293028116226 2.21757817268372 2.32031393051147 2.60097631216049 2.74086425304413 2.89498157501221 3.28846261501312 2.83746923293386 4.71607482433319 4.55321252346039 3.1275862455368 2.35360658168793 2.15233129262924 2.15684545040131 2.00015169382095 1.66661471128464 1.65650546550751 1.21064574718475 1.01956125497818 0.87752810716629 0.805759835243225 0.883275437355042 0.887871080636978 0.954445606470108 1.02985671758652 1.11965066194534 1.22075219154358 1.37095614671707 1.5346208691597 3.12760099768639 16.2407240329437 -9999 -9999 -9999 -9999 -9999 -9999 -9999 8.10425958037376 37.4646821863511 66.1307217734201 24.0903129577637 10.8786277770996 -9999 -9999 -9999 -9999 -9999
-9999 -9999 -9999 -9999 -9999 -9999 -9999 -9999 -9999 4.3704868555069 2.96834865957499 2.9546685218811 2.64513820409775 2.50841546058655 2.18249541521072 2.33192771673203 2.14839899539948 2.43356466293335 2.5844102025032 5.81650364398956 2.66642478959901 2.79135176539421 2.19952046871185 3.02894854545593 2.3762714266777 2.00015705823898 1.77911031246185 1.79398798942566 1.92872482538223 1.10320211840527 0.956828831561974 0.937348031997681 0.851479411125183 0.817075645923615 0.800869137048721 0.860614848136902 0.863602685928345 0.917416369915009 1.09574967622757 1.247374522686 1.47356783151627 1.70784426927567 2.06091826302665 2.02667481984411 31.4800734039649 33.0447750091553 -9999 -9999 -9999 21.3417157693343 41.9050436210632 24.0152196121216 20.0417197545369 22.205949557455 31.3273279190063 17.399512683644 -9999 -9999 -9999 -9999 -9999 -9999
-9999 -9999 -9999 -9999 -9999 -9999 -9999 -9999 -9999 -9999 6.93034801483154 2.91619348526001 2.84745901823044 3.25498469173908 2.39603143930435 2.54022713005543 2.60027412176132 2.60325616598129 2.65826826095581 2.9931845664978 3.01685733795166 2.68012661933899 2.16310948133469 2.14191681146622 1.72467666864395 1.65497928857803 1.78315722942352 1.57774794101715 1.1260583281517 0.990278172492981 0.888378608226776 0.700305372476578 0.856614804267883 0.661917015910149 0.527540981769562 0.903221523761749 1.01051143407822 1.10669091939926 1.16726161241531 1.27375468015671 1.68810190047537 1.97697111112731 2.26595841561045 2.25400762898581 9.76753742312922 -9999 -9999 -9999 -9999 -9999 26.3256652251534 27.0222213363647 22.0964729889579 20.835407215616 47.9691304100884 -9999 -9999 -9999 -9999 -9999 -9999 -9999
-9999 -9999 -9999 -9999 -9999 -9999 -9999 -9999 -9999 3.67937564849854 3.65801944515922 4.36274081468582 2.60481083393097 2.35711133480072 2.79330575466156 3.04620206356049 3.17112386226654 2.95497212409973 2.77877662181854 2.83016189932823 2.52262594511634 2.76174372434616 2.79460724592209 1.78013616800308 1.67581504583359 1.69416224956512 1.67801105976105 1.45562429428101 0.942332768440246 0.867911195755005 0.837451255321503 0.886146283149719 1.02950435876846 1.03515200614929 0.818841375410557 0.830608896911144 1.1013539646353 1.31584738492966 1.41951826810837 1.59432199384485 1.88574040787561 2.58871533189501 3.46567353180477 5.97160690270581 3.86466658115387 -9999 -9999 -9999 -9999 -9999 18.1180043629238 51.2138242721558 22.8963175806506 -9999 -9999 -9999 -9999 -9999 -9999 -9999 -9999 -9999
-9999 -9999 -9999 -9999 -9999 -9999 -9999 -9999 -9999 3.50396298278462 3.2565404176712 2.97223716974258 2.74391394853592 2.26660805940628 3.25858694314957 3.56295508146286 2.94278609752655 2.5746945142746 2.26982349157333 2.20875218510628 2.97115027159452 2.87164760380983 2.0137522816658 1.72652631998062 1.70146948099136 1.59695327281952 1.53066605329514 1.73955643177032 0.616314768791199 0.627474769949913 1.37715904502308 0.884888637065887 1.48695616722107 1.55992668867111 1.56164942979813 1.54205511510372 1.44964876770973 1.51494956655162 1.67470417703901 1.9361809015274 2.10391932725906 2.93284168243408 3.15231065750122 12.83295492119 3.86466693878174 -9999 -9999 -9999 -9999 12.1949715614319 -9999 -9999 -9999 -9999 -9999 -9999 -9999 -9999 -9999 -9999 -9999 -9999
-9999 -9999 -9999 -9999 -9999 -9999 -9999 -9999 -9999 3.84611320495605 3.24234759807587 3.49657666683197 3.82087862491608 2.92460024356842 2.93570780754089 3.34835085868835 2.52894949913025 2.58190679550171 2.00085112452507 2.23828315734863 2.38550135493279 2.36799770593643 2.37795301526785 1.79805600643158 1.79631972312927 1.65108758211136 1.75899622837702 1.72972253958384 1.80328412850698 0.649691238999367 1.40916550860685 1.92670086622238 1.74745901823044 1.77010892629623 1.40066251158714 1.27360461652279 1.64526906609535 1.77735621162823 1.97115872587476 2.16136230315481 2.52432632446289 2.82145621776581 6.73468942146797 -9999 -9999 -9999 -9999 -9999 -9999 -9999 -9999 -9999 -9999 -9999 -9999 -9999 -9999 -9999 -9999 -9999 -9999 -9999
-9999 -9999 -9999 -9999 -9999 -9999 -9999 -9999 -9999 4.23842310905457 4.01724135875702 3.97592711448669 3.93365550041199 3.33065414428711 3.21760332584381 3.17479562759399 2.56006237268448 1.88144909058298 2.23795969145639 2.50496432930231 2.17806652933359 2.0324924737215 2.02069173753262 2.02723290771246 1.68911468982697 1.59884333610535 1.50532678295584 1.77233095963796 1.6855797842145 0.678443267941475 1.17709309714181 1.97191430330276 2.08230057954788 1.93201334135873 2.02034446171352 2.32807076403073 2.26030936411449 2.117826040302 2.20825308561325 2.42419147917203 2.84410600662231 12.3140649911834 4.14872981554054 -9999 -9999 -9999 -9999 -9999 -9999 -9999 -9999 -9999 -9999 -9999 -9999 -9999 -9999 -9999 -9999 -9999 -9999 -9999
-9999 -9999 -9999 -9999 -9999 -9999 -9999 3.28386068344116 4.03568350035569 4.71592426300049 4.5647828578949 3.79591655731201 3.73625922203064 3.0133341550827 2.70903217792511 2.5636380314827 2.45689505338669 2.0766946205071 2.32102986574173 2.29954317212105 2.13812977820635 2.07904777675867 2.31069807943545 2.18707098145234 1.36527277792201 1.4326714627883 1.6442729383707 1.70865362137556 0.648184508085251 0.677017495036125 0.699655517935753 2.20714915990829 2.25081505775452 2.21966378177915 2.27022377933775 2.9464276262692 2.70382816876684 2.55216158713613 2.50703181113516 2.53163626194 6.92384234273318 5.69786846637726 3.25656187534332 -9999 -9999 -9999 -9999 -9999 -9999 -9999 -9999 -9999 -9999 -9999 -9999 -9999 -9999 -9999 -9999 -9999 -9999 -9999
-9999 -9999 -9999 -9999 -9999 -9999 4.27997052669525 4.18692593141036 4.56142369906108 5.7427636384964 4.00278460979462 3.44428360462189 3.29163837432861 2.84367156028748 2.45338797569275 2.31911033391953 2.33113270998001 2.64665189981461 2.43813885450363 2.21858938783407 2.05711483955383 1.95362652540207 1.59578188508749 1.53239178657532 1.66339948028326 1.7231006026268 1.91876965016127 1.97285308688879 0.868336468935013 2.02169524368487 0.778395026922226 1.71694406270981 1.99480557441711 2.27098390460014 2.04893928766251 2.23112171888351 3.04760435649327 3.25224968791008 2.89004724025726 -9999 -9999 -9999 -9999 -9999 -9999 -9999 -9999 -9999 -9999 -9999 -9999 -9999 -9999 -9999 -9999 -9999 -9999 -9999 -9999 -9999 -9999 -9999
-9999 -9999 -9999 -9999 4.47623763481776 4.12063576958396 4.05611598491669 3.71478525229863 3.90648251771927 3.68680191412568 3.9548992395401 2.76887404918671 2.76934200525284 2.5113000869751 2.19380182027817 2.03682821989059 2.00061446428299 2.52573313191533 2.29063334316015 2.18494364619255 2.2255232334137 1.77542674541473 1.64848836511374 1.65313167124987 1.66454093903303 2.23808713754018 2.38846917947133 0.824631035327911 0.912498772144318 1.04860800504684 1.63184065818787 1.77959493398666 2.16506507396698 2.30231394767761 2.39744246006012 2.5293465256691 2.85504066944122 10.3887723644128 -9999 -9999 -9999 -9999 -9999 -9999 -9999 -9999 -9999 -9999 -9999 -9999 -9999 -9999 -9999 -9999 -9999 -9999 -9999 -9999 -9999 -9999 -9999 -9999
-9999 -9999 -9999 -9999 3.97369873523712 4.45082581043243 3.66895929404667 3.3552428654262 4.75354537963867 4.01424310207367 3.58275454044342 3.2223494052887 2.62450951337814 2.37607795000076 2.26727253198624 2.14150196313858 2.10084307193756 2.37891410663724 2.20753424987197 2.31011261790991 2.14193083718419 1.87719545513391 1.92439761757851 1.78484299778938 1.61505608260632 1.65377982705832 2.40565663576126 1.63640787601471 0.912438780069351 1.07382899522781 1.57594170570374 2.08513652086258 1.76027172803879 2.27343920469284 2.1168315410614 2.34162229299545 3.36594316959381 -9999 -9999 -9999 -9999 -9999 -9999 -9999 -9999 -9999 -9999 -9999 -9999 -9999 -9999 -9999 -9999 -9999 -9999 -9999 -9999 -9999 -9999 -9999 -9999 -9999
-9999 7.64696742436073 3.97737328211467 4.97261283795039 3.97979782687293 3.52109229564667 3.15613412857056 3.14446304241816 4.44065487384796 3.55102407932281 3.21497762203217 3.11959433555603 2.82144606113434 2.54884278774261 2.38921505212784 2.94664245843887 2.59181984513998 2.43349577486515 2.37713102996349 2.26588966324925 2.15686402469873 1.82968723773956 1.83277620747685 1.86847485601902 1.87359210848808 1.65366603434086 1.5788631811738 1.64047864079475 1.55486567105566 1.79511822462082 1.94469834566116 2.03876744508743 1.86931121349335 2.57442004680634 3.062475040555 -9999 -9999 -9999 -9999 -9999 -9999 -9999 -9999 -9999 -9999 -9999 -9999 -9999 -9999 -9999 -9999 -9999 -9999 -9999 -9999 -9999 -9999 -9999 -9999 -9999 -9999 -9999
3.86021224995877 4.9230169398444 4.59668454102107 4.7517671925681 4.91409766674042 4.92113757133484 4.57012045383453 4.96140146255493 4.80918896198273 3.73962378501892 3.37184715270996 3.13256692886353 2.95861494541168 2.62776374816895 2.34007430076599 1.91366708278656 2.22121250629425 2.13906067609787 1.94770205020905 2.1722405590117 2.02674170583487 1.86245745420456 1.79680049419403 1.77183544635773 2.20378392934799 1.88199886679649 1.71594454050064 1.76074328422546 1.74144380858966 1.92702296972275 2.19992296695709 2.31901557445526 2.4984854221344 -9999 -9999 -9999 -9999 -9999 -9999 -9999 -9999 -9999 -9999 -9999 -9999 -9999 -9999 -9999 -9999 -9999 -9999 -9999 -9999 -9999 -9999 -9999 -9999 -9999 -9999 -9999 -9999 -9999
4.42077827453613 4.24597655402289 3.94741811071123 4.01673924922943 4.76787972450256 4.94240856170654 5.06712734699249 4.73483920097351 4.18304014205933 3.66853809356689 3.30350482463837 3.18813443183899 2.76498448848724 2.49959403276443 2.17645043134689 1.95047253370285 2.53188827633858 1.96334332227707 1.84902948141098 1.79571127891541 2.22782957553864 2.18992200493813 1.79038923978806 1.84507578611374 2.11010402441025 1.5076425075531 1.63446968793869 1.96052544116974 2.21701773405075 2.31597043275833 2.52746534347534 2.77653684616089 2.89102714061737 8.6942666455319 34.1539462346297 3.66065382596218 -9999 -9999 -9999 -9999 -9999 -9999 -9999 -9999 -9999 -9999 -9999 -9999 -9999 -9999 -9999 -9999 -9999 -9999 -9999 -9999 -9999 -9999 -9999 -9999 -9999 -9999
4.31241381168365 3.80169367790222 3.88552129268646 4.92572700977325 4.74074685573578 5.03128945827484 4.32468616962433 3.96747672557831 3.69593775272369 3.41869568824768 3.05432403087616 2.70996826887131 2.74791526794434 2.59414583444595 2.1374534368515 1.98776024580002 2.19717818498611 2.07933041453362 2.13742652535439 2.33568379282951 2.11302673816681 2.07044550776482 2.08614295721054 2.2227378487587 1.86113691329956 1.90406620502472 1.94028604030609 2.23943996429443 2.50596678256989 2.82624478340149 5.66051490490253 -9999 -9999 -9999 -9999 -9999 -9999 -9999 -9999 -9999 -9999 -9999 -9999 -9999 -9999 -9999 -9999 -9999 -9999 -9999 -9999 -9999 -9999 -9999 -9999 -9999 -9999 -9999 -9999 -9999 -9999 -9999
4.25127303600311 4.14663684368134 3.79000353813171 4.54944813251495 4.8092976808548 4.78491675853729 5.06538605690002 4.76474010944366 4.40746665000916 3.84864234924316 3.11067295074463 2.75086569786072 2.84798258543015 2.46232491731644 2.31045377254486 2.11868959665298 2.14134487509727 2.16140842437744 2.18288281559944 2.16617318987846 2.15243697166443 2.23233067989349 2.37389025092125 2.31351757049561 2.38494300842285 2.44884073734283 2.7418515086174 2.82346129417419 3.01276794075966 3.78234396662031 2.94586352109909 2.97527854889631 -9999 -9999 -9999 -9999 -9999 -9999 10.1328555425008 12.6942715644836 -9999 -9999 -9999 -9999 -9999 -9999 -9999 -9999 -9999 -9999 -9999 -9999 -9999 -9999 -9999 -9999 -9999 -9999 -9999 -9999 -9999 -9999
3.89763307571411 7.17042881792242 6.01191752607172 4.24442366931749 5.89950692653656 5.26606035232544 4.85469532012939 5.31612753868103 4.98040723800659 3.7377952337265 3.13189136981964 2.97988718748093 2.62349098920822 2.53880703449249 2.17595547437668 2.03645923733711 1.99557262659073 2.09205892682076 2.15748819708824 2.40965402126312 2.56615644693375 2.71699610352516 2.61495226621628 2.67311096191406 2.64881783723831 2.74457842111588 2.9915474653244 3.38588638739152 3.23088438259928 2.95333320939023 5.4785339581339 3.42093944549561 -9999 -9999 -9999 -9999 -9999 -9999 -9999 -9999 -9999 -9999 -9999 -9999 -9999 -9999 -9999 -9999 -9999 -9999 -9999 -9999 -9999 -9999 -9999 -9999 -9999 -9999 -9999 -9999 -9999 -9999
-9999 -9999 -9999 -9999 -9999 3.46109879644294 5.17798483371735 4.91320717334747 4.12426650524139 3.22406995296478 3.10299682617188 2.75324177742004 2.51590722799301 2.16318601369858 1.97189319133759 1.94783663749695 2.26166769862175 2.41147541999817 2.47873422503471 2.74455186724663 2.87431472539902 2.99330019950867 3.268718791008 3.3209558895656 3.46736344424161 4.08732448683845 -9999 -9999 -9999 -9999 -9999 -9999 -9999 -9999 -9999 -9999 -9999 -9999 -9999 -9999 -9999 -9999 -9999 -9999 -9999 -9999 -9999 -9999 -9999 -9999 -9999 -9999 -9999 -9999 -9999 -9999 -9999 -9999 -9999 -9999 -9999 -9999
-9999 -9999 -9999 -9999 -9999 -9999 4.52052068710327 4.39988243579865 3.48008465766907 3.09323465824127 2.82591444253922 1.87615942955017 1.630599796772 1.55935192108154 1.78760701417923 2.42986384034157 2.0823717713356 2.18202096223831 2.19566422700882 2.9095578789711 3.27990155360278 3.09411447867751 2.91832499994951 2.63225072455183 -9999 -9999 -9999 -9999 -9999 -9999 -9999 -9999 -9999 -9999 -9999 -9999 -9999 -9999 -9999 -9999 -9999 -9999 -9999 -9999 -9999 -9999 -9999 -9999 -9999 -9999 -9999 -9999 -9999 -9999 -9999 -9999 -9999 -9999 -9999 -9999 -9999 -9999
