EcologicalScience/Bass/data/rs_data_bass/chl_266.asc
NCOLS 226 
NROWS 124 
XLLCORNER -9.41648524995501 
YLLCORNER 47.587301625531 
CELLSIZE 0.0833 
NODATA_value -9999 
[rows 54 to 80 of 124, columns 124 to 185 of 226]
2.11986109614372 2.01454541087151 1.60567724704742 1.79870170354843 1.71024745702744 1.82543706893921 1.77283644676208 1.63568258285522 1.22750401496887 1.18522873520851 1.19215875864029 1.34328147768974 1.19305577874184 1.22159779071808 1.28257951140404 1.57670706510544 1.51922625303268 1.58770430088043 1.13993248343468 1.28686121106148 1.62544798851013 1.61141842603683 1.65226274728775 1.76984703540802 1.7561736702919 1.90928918123245 1.78282499313354 2.04839622974396 1.9918540778913 2.03945249319077 2.12714856863022 2.25156301259995 2.73346281051636 2.4854564666748 2.2067511677742 1.969133913517 1.98381757736206 2.09892153739929 2.38451474905014 2.13000530004501 2.07004791498184 2.26632821559906 2.36906468868256 2.03050428628922 1.90339869260788 1.86951756477356 2.19841879606247 3.15782690048218 3.23046147823334 2.8300604224205 2.7838026881218 6.62336282730103 6.38455736637115 7.80566651245643 5.42200475079673 4.48047551843855 4.7914503301893 6.77681003298078 14.2960156713213 14.7218401064009 6.27472458485358 -9999
1.66733998060226 1.83396756649017 1.81777274608612 1.79415446519852 1.83374923467636 1.89369893074036 1.87654191255569 2.21887198090553 1.39260229468346 1.15210354328156 1.10379222035408 1.14098328351974 1.29976496100426 1.26765221357346 1.50534152984619 1.6484482884407 1.75229322910309 1.7631439268589 2.01512771844864 1.91083270311356 1.89087456464767 2.00477242469788 1.97650194168091 2.08780878782272 2.03319829702377 2.08798491954803 1.80174225568771 1.92606604099274 2.13249760866165 2.17886831760407 2.36737305777413 2.31272783875465 2.86419975757599 3.39206850528717 2.69062444041757 3.75421714782715 2.80195945501328 2.02370078312723 2.67238050699234 2.16028118133545 2.05872005224228 2.25257331132889 2.06238752603531 1.6667692065239 1.71708226203918 2.17614752054214 2.7944415807724 3.33018743991852 3.8464822769165 4.10607612133026 4.31675171852112 5.31291786555586 6.01039314788321 6.57182264328003 9.18182720456804 9.73831087205468 10.5720698833466 -9999 -9999 -9999 -9999 -9999
1.76287508010864 1.95816367864609 1.98560482263565 1.88262891769409 1.83447003364563 1.76548129320145 2.02119076251984 1.77067351341248 1.66822421550751 1.89306002855301 1.33188450336456 1.31749203801155 1.28124377131462 1.50741666555405 1.72596144676208 1.71013641357422 1.73416417837143 2.21796789765358 2.02867430448532 2.05665600299835 2.21820455789566 2.19273680448532 2.14297503232956 1.97410118579865 2.02634257078171 1.88568073511124 2.00035125017166 2.55779630259464 2.53684028826262 2.38166996240616 2.39320880770683 2.35909236073494 3.38317286968231 2.20121535658836 1.76009303331375 3.20867693424225 3.11417841911316 2.02999836520145 1.72692829370499 1.8920714416002 1.90223202109337 1.97125804424286 1.9640309214592 2.44074457883835 3.0746169090271 2.45776730775833 2.61619716882706 3.7841035401599 4.49180201383737 3.99046787023544 3.60507581915174 4.16479481969561 5.41682074620174 5.49694302082062 -9999 -9999 -9999 -9999 -9999 -9999 -9999 -9999
2.02396273612976 1.97805833816528 2.08610773086548 2.09460979700089 1.93487548828125 1.86536407470703 1.91813850402832 2.11499324440956 1.78163528442383 1.90170487761497 1.79304899275303 1.45291578769684 1.32629773020744 1.96453428268433 2.02410292625427 1.89418423175812 1.85540843009949 2.39693668484688 2.18532979488373 2.10093748569489 2.1812909245491 2.11005967855453 2.07237821817398 2.00384920835495 1.78143382072449 2.16267364025116 2.11014819145203 2.31415574801596 2.21715327103933 2.27866349816322 2.27792265415192 2.13549421230952 2.96947807073593 3.01938593387604 1.49644523859024 2.10885562215533 3.53089297413826 2.52326354384422 1.69764751195908 1.58894330263138 1.46075695753098 0.573611989617348 0.721180513501167 2.94090896844864 3.20838224887848 3.50431215763092 3.01009261608124 6.21814290208554 5.68886255759459 6.03577494621277 7.17828941345215 5.74729748725891 7.74115716494047 -9999 -9999 -9999 -9999 -9999 -9999 -9999 -9999 -9999
2.54724901914597 2.04973042011261 2.07893709341685 2.46094090798322 1.93909974892934 2.32001525163651 2.3877135515213 2.19644778966904 2.01979458332062 2.05206486582756 2.09184831380844 1.94527651369572 2.18522620201111 2.12814491987228 2.09626919031143 1.81168949604034 2.14827078580856 2.56838473677635 1.89412719011307 1.96875303983688 1.90514248609543 2.036168217659 1.80968624353409 1.78017908334732 1.84278756380081 2.37789848446846 1.37601155042648 1.11272925138474 2.02049696445465 2.09323521852493 2.09107661247253 1.46699622273445 2.20509070158005 2.39918625354767 1.40270970055931 2.09531827569008 2.47252653326307 2.10641831159592 1.76067978143692 1.51794755458832 1.39575299620628 2.21333019733429 2.85009643435478 3.11522483825684 4.92919299602509 6.66992281634232 6.00190505899232 8.79434882998466 7.33505487442017 4.64944280448713 10.6464035511017 31.312011423111 70.0849245071411 -9999 -9999 -9999 -9999 -9999 -9999 -9999 -9999 -9999
-9999 2.54559545516968 2.24668186275583 2.04407170885488 1.85537521044413 1.38910531471757 2.96222779154778 3.02634108066559 2.97733283042908 2.71555352210999 2.47003644704819 2.11009311676025 2.29629412293434 2.26810169219971 2.09337303042412 2.03990811109543 2.63461875915527 2.78394377231598 2.77381119132042 1.97960025072098 1.85801249742508 1.71640133857727 1.72235852479935 1.86018973588943 1.66974925994873 1.85808575153351 2.51288078228633 2.25794645150503 1.84937362074852 1.01497426629066 1.31472525000572 1.40899050235748 1.43655449151993 1.5329418182373 1.71460908651352 1.28242827057838 1.26339939236641 1.5750929415226 1.59122498631477 1.73934683203697 1.99947783350945 2.2435939013958 2.86329156160355 2.52265727519989 3.2858190536499 -9999 9.79506248235703 3.8697030544281 8.29677844047546 9.60396909713745 61.1589721043905 59.1093548583984 61.6459865570068 38.5686865474867 -9999 -9999 -9999 -9999 -9999 -9999 -9999 -9999
-9999 -9999 -9999 -9999 -9999 2.28387522697449 2.40151731406941 2.0178106322008 3.14058110117912 2.93083754181862 2.85213938355446 2.36539310216904 2.26888355612755 2.23579162359238 2.14404487609863 2.26759207248688 2.4580927491188 1.84135347604752 1.94594174623489 1.9216343164444 1.78869223594666 1.78049093484879 2.17780655622482 2.22812104225159 3.66089125683433 2.23974148929119 3.28947356869193 2.61165623103871 1.54242297013601 1.96961975097656 1.45933198928833 1.20444372296333 1.06445029377937 0.959170460700989 1.3821730017662 1.57306000590324 0.934529989957809 1.33298622965813 1.33960835337639 1.27207571268082 1.45912724733353 6.0636782169342 2.50226408243179 2.95023894309998 3.60758686065674 19.5791924173392 -9999 -9999 -9999 -9999 58.569944858551 44.6426567644686 60.3067662375314 21.4957825293908 -9999 -9999 -9999 -9999 -9999 -9999 -9999 -9999
-9999 -9999 -9999 -9999 -9999 -9999 -9999 -9999 2.06377522150675 2.35904395580292 1.98603683710098 1.82044941186905 1.60532248020172 1.59301882982254 2.36693099141121 2.18082895874977 1.92377471923828 1.77515548467636 1.92295718193054 1.53886270523071 1.69448697566986 1.60483056306839 1.72978645563126 2.09165697097778 1.94196361899376 1.25752675533295 1.23353546857834 1.43062677979469 2.08550870418549 1.90846598148346 1.60478702187538 1.18289324641228 1.13101047277451 1.32041922211647 1.37635535001755 1.43111662566662 1.38900111615658 1.21376475691795 1.21196320652962 1.32192671298981 1.63318866491318 1.74289727210999 5.71082940101623 2.25408071279526 7.22099149227142 29.0682649612427 -9999 -9999 -9999 -9999 17.548882484436 45.9851777657219 31.8737320130871 63.7190587180001 60.8579881668091 33.7235028549117 -9999 -9999 -9999 -9999 -9999 -9999
-9999 -9999 -9999 -9999 -9999 -9999 -9999 -9999 -9999 -9999 2.28288602828979 2.02841466665268 2.03367966413498 1.62723755836487 1.9442549943924 2.3320789039135 1.9737930893898 2.03988897800446 1.50811582803726 1.70090246200562 1.77616345882416 1.47731173038483 1.32533097267151 1.73856675624847 3.14529871239382 1.25779724121094 1.25468400120735 1.30964997410774 1.54183423519135 1.64880526065826 1.72123795747757 1.45969985425472 1.70456960640456 1.42682254314423 1.00390949845314 1.44616766273975 1.4511292129755 1.39213424921036 1.09002596139908 1.97467575967312 2.13336110115051 2.12216694653034 4.23249798161643 4.91780126094818 13.4630780839226 -9999 -9999 -9999 -9999 -9999 -9999 -9999 9.77599313709794 31.9923589602113 32.1400110423565 30.9124883294106 10.8786277770996 -9999 -9999 -9999 -9999 -9999
-9999 -9999 -9999 -9999 -9999 -9999 -9999 -9999 -9999 4.3704868555069 2.74076946079731 3.28302770853043 2.99649399518967 2.06048852205276 1.98886567354202 2.47420942783356 2.21891391277313 1.85577303171158 1.51273655891418 1.58153396844864 2.87197208404541 1.31979221105576 1.19602346420288 1.38515245914459 0.785459965467453 1.18992903828621 1.39145404100418 1.39959222078323 1.40496745705605 1.85743643045425 1.45673554709979 1.20066297054291 1.1973420381546 1.28474020957947 1.51781509816647 1.38642708957195 1.35796988010406 1.35509620606899 1.84235063195229 1.93112549185753 2.02813428640366 2.26501804590225 2.48144316673279 5.94795274734497 22.420318786959 33.0447750091553 -9999 -9999 -9999 15.7238162755966 14.9217015266418 12.1730163314126 17.7851915359497 15.5541400909424 50.8145439965384 52.0332527160645 16.0910957590226 -9999 -9999 -9999 -9999 -9999
-9999 -9999 -9999 -9999 -9999 -9999 -9999 -9999 -9999 -9999 3.09268451929092 1.99077147245407 1.85389119386673 2.03493672609329 2.65732651948929 2.67006379365921 2.35666358470917 1.71569019556046 1.27467826008797 1.33291572332382 1.61651176214218 1.0333154797554 0.896920502185822 1.04895678162575 1.71399372816086 1.59879715505399 1.70131731033325 1.63428372144699 1.76284729242325 1.65737503767014 1.37176400721073 1.33952517807484 1.27149751782417 1.37283003330231 1.2386634179524 1.34909279644489 1.15579913556576 1.45695823431015 1.67596346139908 1.71337419748306 1.6879073381424 2.7304559648037 3.22308218479156 3.31371903419495 8.68850754823499 -9999 -9999 -9999 -9999 -9999 41.1244951883952 18.4621602467128 20.647027015686 19.7910962104797 13.5680477959769 -9999 -9999 -9999 -9999 -9999 -9999 -9999
-9999 -9999 -9999 -9999 -9999 -9999 -9999 -9999 -9999 3.67937564849854 2.89954805374146 2.30271220207214 2.22621381282806 2.47881817817688 2.74962383508682 2.65940630435944 2.17267656326294 1.94374054670334 1.55319517850876 1.22430825233459 1.21963351964951 1.12097176909447 0.95547679066658 1.7522497177124 1.62840449810028 1.51979702711105 1.60399121046066 1.56511348485947 1.69631502628326 1.64079041182995 1.40997751951218 1.34305305182934 1.25240497291088 1.14796302616596 1.3185384443828 1.24652019994599 1.13102960586548 1.69027429819107 1.718885242939 2.19777971506119 2.75237084627152 2.85197478532791 2.81989645957947 6.20512320694414 3.86466658115387 -9999 -9999 -9999 -9999 -9999 44.6414614259527 39.2988069852193 11.7007455825806 -9999 -9999 -9999 -9999 -9999 -9999 -9999 -9999 -9999
-9999 -9999 -9999 -9999 -9999 -9999 -9999 -9999 -9999 4.4725755572319 3.1707615852356 3.16676759719849 3.07345354557037 3.02779591083527 2.85133945941925 2.63782954216003 2.18842577934265 1.80835193395615 1.05521401762962 1.19397747516632 1.19547227025032 1.20145046710968 1.8659902905163 1.38447264830271 1.46710226933161 1.48613923788071 1.53057146072388 1.60961025953293 1.5051217675209 1.79732085529127 1.68114101886749 1.44803166389465 1.40301933288574 1.55259597301483 1.36971750855446 1.29991653561592 1.36689025163651 1.67762423157692 3.7365517616272 4.34471690654755 2.86063796281815 2.9456444978714 3.0535386800766 10.5227738173263 3.86466693878174 -9999 -9999 -9999 -9999 12.1949715614319 -9999 -9999 -9999 -9999 -9999 -9999 -9999 -9999 -9999 -9999 -9999 -9999
-9999 -9999 -9999 -9999 -9999 -9999 -9999 -9999 -9999 3.04450048769222 3.06058502197266 3.09894526004791 3.28399050235748 3.01528108119965 2.40215921401978 2.29279124736786 1.69154664874077 1.1222677230835 1.10884577035904 1.14316427707672 1.23533624410629 1.58214855194092 1.65167227387428 1.52078308661779 1.59852528572083 1.4220509827137 1.49859300255775 1.59217429161072 1.56571716070175 1.52212357521057 1.57619619369507 1.56103348731995 1.4687947332859 1.60254675149918 1.51467829942703 1.71449393033981 2.35292029380798 3.49575841426849 3.95871233940125 4.15160036087036 2.93098647147417 2.93064242005348 5.45158351357303 -9999 -9999 -9999 -9999 -9999 -9999 -9999 -9999 -9999 -9999 -9999 -9999 -9999 -9999 -9999 -9999 -9999 -9999 -9999
-9999 -9999 -9999 -9999 -9999 -9999 -9999 -9999 -9999 3.29905200004578 3.25474333763123 3.13519942760468 3.14408040046692 2.7605819106102 1.99302667379379 1.68193423748016 1.72083266079426 1.60230749845505 1.21628102660179 1.15422677993774 1.50075602531433 1.96523627638817 1.28073745965958 1.28148078918457 1.30584302544594 1.4321902692318 1.55241072177887 1.61043906211853 1.56640416383743 1.53463500738144 1.54541105031967 1.5366929769516 1.55186623334885 1.74505645036697 1.91779571771622 2.18155431747437 2.23650741577148 2.11010026931763 4.65674042701721 6.13063859939575 3.13925085067749 4.89947603730594 9.31715098633824 -9999 -9999 -9999 -9999 -9999 -9999 -9999 -9999 -9999 -9999 -9999 -9999 -9999 -9999 -9999 -9999 -9999 -9999 -9999
-9999 -9999 -9999 -9999 -9999 -9999 -9999 3.28386068344116 3.25964674949646 3.32123172283173 3.22853994369507 3.05535757541656 2.91718643903732 2.18861621618271 1.80419772863388 1.61229604482651 1.45114722847939 1.31341874599457 1.31786701083183 1.54603725671768 1.49279853701591 2.24461245536804 1.48688623309135 1.35456222295761 1.42682924866676 1.61748522520065 1.60418844223022 1.5534855723381 1.53906744718552 1.57561719417572 1.60233896970749 1.75212067365646 2.01461845636368 2.20075052976608 2.34844046831131 2.36351931095123 2.32626897096634 2.38641375303268 2.44769096374512 2.64436633586884 14.0105741747375 5.69786846637726 3.25656187534332 -9999 -9999 -9999 -9999 -9999 -9999 -9999 -9999 -9999 -9999 -9999 -9999 -9999 -9999 -9999 -9999 -9999 -9999 -9999
-9999 -9999 -9999 -9999 -9999 -9999 3.37259478569031 3.99466628498501 4.25091683864594 3.5321946144104 3.33180677890778 3.15701329708099 2.98808705806732 2.17951798439026 1.98924905061722 1.78410601615906 1.72723424434662 1.34438547492027 2.24039924144745 1.52665793895721 1.68681818246841 2.32541191577911 1.65184879302979 1.75506144762039 1.78880167007446 1.66359078884125 1.57146370410919 1.58655381202698 1.61348247528076 1.62210381031036 1.7890613079071 2.01707929372787 2.26070183515549 2.2457857131958 2.27152043581009 2.27801102399826 2.46320021152496 2.50334018468857 2.67970418930054 -9999 -9999 -9999 -9999 -9999 -9999 -9999 -9999 -9999 -9999 -9999 -9999 -9999 -9999 -9999 -9999 -9999 -9999 -9999 -9999 -9999 -9999 -9999
-9999 -9999 -9999 -9999 4.20498488139521 3.45917567941878 3.45327240228653 5.0133490562439 3.55292022228241 3.3803608417511 3.16008603572845 2.86764979362488 2.82685875892639 2.55184954404831 2.12067443132401 1.91348844766617 1.84029901027679 2.40070497989655 1.59784269332886 1.61270999908447 1.67482656240463 1.63644826412201 1.73771917819977 1.82727527618408 1.81749075651169 1.66409468650818 1.590471804142 1.54199767112732 1.62473022937775 1.77654004096985 2.06384700536728 2.26848149299622 2.31359392404556 2.12656044960022 2.15407651662827 2.18669325113297 2.20767903327942 12.512586923746 -9999 -9999 -9999 -9999 -9999 -9999 -9999 -9999 -9999 -9999 -9999 -9999 -9999 -9999 -9999 -9999 -9999 -9999 -9999 -9999 -9999 -9999 -9999 -9999
-9999 -9999 -9999 -9999 3.28457754850388 3.19043047428131 5.39101600646973 4.84644711017609 3.47501492500305 3.31143164634705 3.07606422901154 2.82076352834702 2.80313032865524 2.62370181083679 2.29287528991699 1.99136406183243 1.94013226032257 1.6777560710907 1.65646952390671 1.64404195547104 1.674964427948 1.744988322258 1.8972315788269 2.01134097576141 1.95726299285889 1.91342693567276 1.8922957777977 1.85493975877762 1.94550150632858 2.12311041355133 2.57404500246048 2.76421505212784 2.51664304733276 2.44683444499969 2.83853995800018 2.81862080097198 2.64395552873611 -9999 -9999 -9999 -9999 -9999 -9999 -9999 -9999 -9999 -9999 -9999 -9999 -9999 -9999 -9999 -9999 -9999 -9999 -9999 -9999 -9999 -9999 -9999 -9999 -9999
-9999 34.8248331613381 3.16294111145867 3.12144235107634 3.21260456085205 3.31350690126419 4.20405972003937 4.20772182941437 3.46481716632843 3.18490433692932 3.0454763174057 2.69405096769333 2.82901203632355 2.43126600980759 2.27864402532578 2.13134998083115 1.85138100385666 1.79097604751587 1.70845806598663 1.68431407213211 1.68905854225159 1.93253016471863 2.07023245096207 2.15897619724274 2.25982117652893 2.37850731611252 2.40584707260132 2.50728070735931 2.7666449546814 2.62183803319931 2.73909741640091 2.59770977497101 2.4324637055397 2.53894686698914 9.93539160490036 11.2601725784215 -9999 -9999 -9999 -9999 -9999 -9999 -9999 -9999 -9999 -9999 -9999 -9999 -9999 -9999 -9999 -9999 -9999 -9999 -9999 -9999 -9999 -9999 -9999 -9999 -9999 -9999
3.30061945915222 3.23312443256378 3.26470181465149 3.45672369003296 3.0132908821106 3.19901382923126 3.35695052146912 3.38240396976471 3.3698616027832 3.15007817745209 2.99944192171097 2.66295146942139 2.57853144407272 2.37373799085617 2.26834881305695 1.97862607240677 1.70366925001144 1.71556431055069 1.71023547649384 1.71692705154419 1.80592954158783 1.96191519498825 2.08881604671478 2.26939576864243 2.77215903997421 2.87283378839493 2.82411217689514 2.88391041755676 3.30321156978607 3.00389492511749 3.30274128913879 3.39685714244843 3.38366278012594 -9999 -9999 -9999 -9999 -9999 -9999 -9999 -9999 -9999 -9999 -9999 -9999 -9999 -9999 -9999 -9999 -9999 -9999 -9999 -9999 -9999 -9999 -9999 -9999 -9999 -9999 -9999 -9999 -9999
16.1980949531902 3.34533083438873 3.28002512454987 3.39691936969757 3.07337772846222 3.1600649356842 3.40358018875122 3.26268446445465 3.28458917140961 3.2028397321701 2.89448994398117 2.60935199260712 2.15548574924469 2.06432622671127 1.92898571491241 1.77259647846222 1.72019773721695 1.70689791440964 1.5726113319397 1.75774651765823 1.89255756139755 2.0518627166748 2.45627707242966 2.860671043396 2.81833058595657 2.77770978212357 2.61945158243179 2.63306772708893 2.68719971179962 2.91536843776703 2.83316016197205 2.87856531143188 3.56749910116196 12.8898456738545 7.40404837781733 5.86885159304648 -9999 -9999 -9999 -9999 -9999 -9999 -9999 -9999 -9999 -9999 -9999 -9999 -9999 -9999 -9999 -9999 -9999 -9999 -9999 -9999 -9999 -9999 -9999 -9999 -9999 -9999
3.39791178703308 3.3543848991394 3.1586000919342 3.16939866542816 3.20293879508972 3.02397537231445 2.92435491085052 3.34929084777832 3.06525814533234 2.70590704679489 2.58142268657684 2.7029310464859 2.22477149963379 1.90889775753021 1.76720917224884 1.78914070129395 1.67046529054642 1.73050206899643 1.823646068573 1.80965316295624 1.95542407035828 2.37765830755234 3.01916027069092 3.43220686912537 2.85453379154205 2.41388708353043 2.22129607200623 2.19980406761169 3.5495685338974 2.98779451847076 6.46051290671031 -9999 -9999 -9999 -9999 -9999 -9999 -9999 -9999 -9999 -9999 -9999 -9999 -9999 -9999 -9999 -9999 -9999 -9999 -9999 -9999 -9999 -9999 -9999 -9999 -9999 -9999 -9999 -9999 -9999 -9999 -9999
3.59160590171814 3.50515258312225 3.33941173553467 3.53333687782288 3.85120975971222 3.49852502346039 3.27881270647049 2.91954749822617 2.8620833158493 2.62587225437164 2.49897819757462 2.52773916721344 2.22514718770981 1.82006031274796 1.81964331865311 1.71938627958298 1.77935922145844 1.78442108631134 1.74249672889709 2.20776146650314 2.77354645729065 3.13933789730072 3.72423756122589 3.24547183513641 2.50034844875336 2.53187620639801 2.745081782341 2.92270642518997 4.53653168678284 3.84426283836365 2.39808458089828 3.86727094650269 -9999 -9999 -9999 -9999 -9999 -9999 29.109879191242 12.6942715644836 -9999 -9999 -9999 -9999 -9999 -9999 -9999 -9999 -9999 -9999 -9999 -9999 -9999 -9999 -9999 -9999 -9999 -9999 -9999 -9999 -9999 -9999
3.58738803863525 3.87954390048981 3.14946377277374 4.27193945646286 3.83234202861786 5.32725894451141 5.31729674339294 3.112229347229 2.98546206951141 2.75391966104507 2.68270128965378 2.32876199483871 1.87711268663406 1.82676368951797 1.7430083155632 1.71487498283386 1.61258769035339 1.74564975500107 2.27036476135254 3.17198467254639 3.22030198574066 3.6412171125412 3.53801393508911 2.93926280736923 3.12974631786346 2.85732758045197 2.52091723680496 2.99827641248703 2.8600897192955 2.40874725580215 2.47288799285889 3.42093944549561 -9999 -9999 -9999 -9999 -9999 -9999 -9999 -9999 -9999 -9999 -9999 -9999 -9999 -9999 -9999 -9999 -9999 -9999 -9999 -9999 -9999 -9999 -9999 -9999 -9999 -9999 -9999 -9999 -9999 -9999
-9999 -9999 -9999 -9999 -9999 4.10873922548796 3.08616900444031 3.16972732543945 2.92381578683853 2.68130779266357 2.52250277996063 1.97598373889923 1.80632704496384 1.78467375040054 1.79390466213226 1.58277297019958 2.03048998117447 2.13590544462204 2.43381679058075 2.63498783111572 2.65928167104721 2.81736069917679 2.96802073717117 3.60934495925903 2.54250901937485 2.76371026039124 -9999 -9999 -9999 -9999 -9999 -9999 -9999 -9999 -9999 -9999 -9999 -9999 -9999 -9999 -9999 -9999 -9999 -9999 -9999 -9999 -9999 -9999 -9999 -9999 -9999 -9999 -9999 -9999 -9999 -9999 -9999 -9999 -9999 -9999 -9999 -9999
-9999 -9999 -9999 -9999 -9999 -9999 2.65428337454796 2.90576541423798 2.49026101827621 2.21385526657104 2.04919946193695 1.80645078420639 1.73581123352051 1.81485968828201 1.73550152778625 2.04459822177887 2.18975776433945 2.54028832912445 2.73873299360275 2.58976131677628 2.71601933240891 3.095370054245 2.75656646490097 3.23715551742693 -9999 -9999 -9999 -9999 -9999 -9999 -9999 -9999 -9999 -9999 -9999 -9999 -9999 -9999 -9999 -9999 -9999 -9999 -9999 -9999 -9999 -9999 -9999 -9999 -9999 -9999 -9999 -9999 -9999 -9999 -9999 -9999 -9999 -9999 -9999 -9999 -9999 -9999
