EcologicalScience/Bass/data/rs_data_bass/chl_22.asc
NCOLS 226 
NROWS 124 
XLLCORNER -9.41648524995501 
YLLCORNER 47.587301625531 
CELLSIZE 0.0833 
NODATA_value -9999 
[rows 54 to 80 of 124, columns 0 to 61 of 226]
-9999 -9999 -9999 -9999 -9999 -9999 -9999 -9999 -9999 -9999 -9999 -9999 -9999 -9999 -9999 -9999 -9999 -9999 -9999 -9999 -9999 -9999 -9999 -9999 -9999 -9999 -9999 -9999 -9999 -9999 -9999 -9999 -9999 -9999 -9999 -9999 -9999 -9999 4.28453094455825 2.57772209094121 20.6974139213562 20.9860564470291 1.84370845556259 2.01532208919525 2.91487205028534 1.98209774494171 1.78227370977402 1.38154050707817 1.72819197177887 1.51302516460419 1.21515002846718 1.22946372628212 1.72270953655243 2.62422448396683 2.55658882856369 2.75631594657898 2.70244270563126 3.89019110798836 -9999 0.607058599591255 0.62790758907795 -9999
-9999 -9999 -9999 -9999 -9999 -9999 -9999 -9999 -9999 -9999 -9999 -9999 -9999 -9999 -9999 -9999 -9999 -9999 -9999 -9999 -9999 -9999 -9999 -9999 -9999 -9999 -9999 -9999 -9999 -9999 -9999 -9999 -9999 -9999 -9999 -9999 -9999 -9999 -9999 1.58975194394588 18.3264638185501 15.5538929700851 14.8803475499153 5.88586843013763 2.32417792081833 1.53498369455338 1.18778926134109 1.18794304132462 1.46563804149628 1.70247530937195 1.50751429796219 1.91715377569199 2.74132508039474 3.4764643907547 3.23295915126801 3.61898159980774 2.7558026611805 -9999 -9999 -9999 -9999 -9999
-9999 -9999 -9999 -9999 -9999 -9999 -9999 -9999 -9999 -9999 -9999 -9999 -9999 -9999 -9999 -9999 -9999 -9999 -9999 -9999 -9999 -9999 -9999 -9999 -9999 -9999 -9999 -9999 -9999 -9999 -9999 -9999 -9999 -9999 -9999 -9999 -9999 -9999 -9999 -9999 12.7310433983803 20.2896829247475 15.6999253034592 13.7414022088051 6.23706918954849 1.36701527237892 1.21610176563263 1.19694149494171 1.39384800195694 1.7095440030098 1.25421148538589 1.9769384264946 2.49407476186752 2.14368832111359 3.14343452453613 3.09311985969543 2.81308275461197 3.42505216598511 2.60254883766174 -9999 -9999 -9999
-9999 -9999 -9999 -9999 -9999 -9999 -9999 -9999 -9999 -9999 -9999 -9999 -9999 -9999 -9999 -9999 -9999 -9999 -9999 -9999 -9999 -9999 -9999 -9999 -9999 -9999 -9999 -9999 -9999 -9999 -9999 -9999 -9999 -9999 -9999 -9999 -9999 -9999 -9999 -9999 1.56682969629765 3.3932763338089 3.37009024620056 4.85310691595078 8.27346897125244 2.19332706928253 1.26705676317215 1.40253978967667 1.39788150787354 1.3136520087719 0.985205233097076 1.45228350162506 1.62742567062378 1.96071749925613 2.32305300235748 1.90749979019165 1.41563245654106 1.57796251773834 1.31177625060081 1.72018647193909 2.66592264175415 -9999
-9999 -9999 -9999 -9999 -9999 -9999 -9999 -9999 -9999 -9999 -9999 -9999 -9999 -9999 -9999 -9999 -9999 -9999 -9999 -9999 -9999 -9999 -9999 -9999 -9999 -9999 -9999 -9999 -9999 -9999 -9999 -9999 -9999 -9999 -9999 -9999 -9999 -9999 -9999 -9999 -9999 7.56380179524422 9.50335443019867 6.91947394609451 3.09090006351471 4.23936152458191 4.58438265323639 2.4876224398613 2.02660882472992 1.3968907892704 1.03111499547958 1.06401899456978 1.19672548770905 1.46354627609253 1.74282521009445 1.60305082798004 2.23450273275375 2.33640074729919 2.08249425888062 3.39856722950935 3.81122803688049 -9999
-9999 -9999 -9999 -9999 -9999 -9999 -9999 -9999 -9999 -9999 -9999 -9999 -9999 -9999 -9999 -9999 -9999 -9999 -9999 -9999 -9999 -9999 -9999 -9999 -9999 -9999 -9999 -9999 -9999 -9999 -9999 -9999 -9999 -9999 -9999 -9999 -9999 -9999 -9999 -9999 -9999 4.69061741232872 4.27289968729019 4.56234124302864 1.16046452522278 1.50843751430511 1.90687429904938 2.07631051540375 1.77769947052002 1.38740622997284 1.10571223497391 0.923820018768311 1.3198125064373 1.44032549858093 1.52095198631287 1.72970473766327 2.35629826784134 3.39637792110443 7.01770269870758 -9999 -9999 -9999
-9999 -9999 -9999 -9999 -9999 -9999 -9999 -9999 -9999 -9999 -9999 -9999 -9999 -9999 -9999 -9999 -9999 -9999 -9999 -9999 -9999 -9999 -9999 -9999 -9999 -9999 -9999 -9999 -9999 -9999 -9999 -9999 -9999 -9999 -9999 -9999 -9999 -9999 -9999 -9999 3.13147616386414 3.09702149033546 2.80795016884804 1.26602321863174 1.2548962533474 1.1625209748745 1.34007221460342 1.30010470747948 1.15870946645737 1.04787746071815 0.94956448674202 0.926115721464157 1.1112405359745 1.50118267536163 1.7551537156105 2.0847435593605 2.3686455488205 -9999 -9999 2.55608254671097 6.31888884305954 5.44661539793015
-9999 -9999 -9999 -9999 -9999 -9999 -9999 -9999 -9999 -9999 -9999 -9999 -9999 -9999 -9999 -9999 -9999 -9999 -9999 -9999 -9999 -9999 -9999 -9999 -9999 -9999 -9999 -9999 -9999 -9999 -9999 -9999 -9999 -9999 -9999 -9999 -9999 -9999 -9999 3.02747628092766 2.99046519398689 2.58841127157211 1.93786802887917 1.78856657445431 1.16814002394676 0.86617648601532 1.09841546416283 1.17021971940994 1.09043401479721 0.930611997842789 0.88619327545166 0.904700249433517 1.02225226163864 1.42425379157066 1.70866870880127 2.94963902235031 3.1914689540863 3.42314851284027 5.61793291568756 4.24685847759247 3.33748269081116 3.00889134407043
-9999 -9999 -9999 -9999 -9999 -9999 -9999 -9999 -9999 -9999 -9999 -9999 -9999 -9999 -9999 -9999 -9999 -9999 -9999 -9999 -9999 -9999 -9999 -9999 -9999 -9999 -9999 -9999 -9999 -9999 -9999 -9999 -9999 -9999 -9999 -9999 -9999 -9999 -9999 2.82526075839996 1.7929807305336 1.8945044875145 1.53090897202492 1.3527802079916 1.087656006217 0.850062042474747 1.03573501110077 0.917716473340988 0.84787729382515 0.913169234991074 0.888709455728531 0.973914742469788 1.21969270706177 1.54716682434082 2.20414352416992 2.06185644865036 2.428675532341 2.84904152154922 3.80792248249054 4.03502190113068 3.59546327590942 3.35571384429932
-9999 -9999 -9999 -9999 -9999 -9999 -9999 -9999 -9999 -9999 -9999 -9999 -9999 -9999 -9999 -9999 -9999 -9999 -9999 -9999 -9999 -9999 -9999 -9999 -9999 -9999 -9999 -9999 -9999 -9999 -9999 -9999 -9999 -9999 -9999 -9999 -9999 -9999 3.78897726535797 3.09974884986877 2.00987175107002 1.43329498171806 1.16942211985588 1.10062198340893 0.972491294145584 1.10138699412346 1.01910603046417 0.872011542320251 0.786316484212875 0.763266026973724 1.02754497528076 1.35757872462273 2.06217294931412 2.02082848548889 2.37473022937775 2.79926329851151 2.54100233316422 3.2652450799942 4.04161190986633 3.67138338088989 3.66910886764526 3.2268397808075
-9999 -9999 -9999 -9999 -9999 -9999 -9999 -9999 -9999 -9999 -9999 -9999 -9999 -9999 -9999 -9999 -9999 -9999 -9999 -9999 -9999 -9999 -9999 -9999 -9999 -9999 -9999 -9999 -9999 -9999 -9999 -9999 -9999 -9999 -9999 -9999 -9999 -9999 3.62443023920059 3.17176195979118 1.76439186930656 1.21261386573315 1.05000901222229 1.06359153985977 0.907541960477829 0.934489488601685 0.84825673699379 0.825772494077682 0.783636778593063 0.763268977403641 0.852633029222488 1.25907146930695 1.81448328495026 2.72420471906662 3.2055584192276 2.23123651742935 2.00730299949646 2.00139892101288 2.22435683012009 2.73312073945999 2.90614646673203 2.7900533080101
-9999 -9999 -9999 -9999 -9999 -9999 -9999 -9999 -9999 -9999 -9999 -9999 -9999 -9999 -9999 -9999 -9999 -9999 -9999 -9999 -9999 -9999 -9999 -9999 -9999 -9999 -9999 -9999 -9999 -9999 -9999 -9999 -9999 -9999 -9999 -9999 -9999 -9999 3.09363797307014 1.94166451692581 1.29590924084187 0.741314247250557 0.975111365318298 0.624526485800743 0.9804607629776 0.883796274662018 0.839996248483658 0.826012462377548 0.993178457021713 0.988091289997101 0.995858252048492 1.1569020152092 1.47190278768539 2.34231233596802 3.48762381076813 2.46856498718262 1.59747076034546 2.40295118093491 2.595558822155 2.74033051729202 2.70716482400894 2.50639575719833
-9999 -9999 -9999 -9999 -9999 -9999 -9999 -9999 -9999 -9999 -9999 -9999 -9999 -9999 -9999 -9999 -9999 -9999 -9999 -9999 -9999 -9999 -9999 -9999 -9999 -9999 -9999 -9999 -9999 -9999 -9999 -9999 -9999 -9999 -9999 -9999 -9999 4.97379657626152 1.4763825237751 1.05223050713539 1.10104948282242 1.28274151682854 1.01036439836025 0.892921105027199 1.09583097696304 0.721971765160561 0.723570764064789 0.778953015804291 1.03366354107857 1.21262776851654 1.61967444419861 2.06241148710251 2.03794419765472 2.4116730093956 3.61495864391327 2.55127358436584 2.5286318063736 2.38777953386307 2.70575255155563 2.55280047655106 2.56024199724197 2.82395482063293
-9999 -9999 -9999 -9999 -9999 -9999 -9999 -9999 -9999 -9999 -9999 -9999 -9999 -9999 -9999 -9999 -9999 -9999 -9999 -9999 -9999 -9999 -9999 -9999 -9999 -9999 -9999 -9999 -9999 -9999 -9999 -9999 -9999 -9999 -9999 -9999 17.1463833497121 4.45969399809837 3.64342233538628 1.00140300393105 0.943817228078842 2.00654482841492 1.03273013234138 0.842984274029732 1.02031570672989 0.690362244844437 0.667525514960289 0.689587488770485 0.894862532615662 1.10788053274155 1.5325927734375 2.39055222272873 3.49176585674286 1.7956650853157 1.78814470767975 1.80279672145844 1.52503949403763 1.95902091264725 2.11349558830261 2.21454155445099 2.50417345762253 3.71624314785004
-9999 -9999 -9999 -9999 -9999 -9999 -9999 -9999 -9999 -9999 -9999 -9999 -9999 -9999 -9999 -9999 -9999 -9999 -9999 -9999 -9999 -9999 -9999 -9999 -9999 -9999 -9999 -9999 -9999 -9999 -9999 1.74441960453987 2.25876976435001 -9999 2.10493344068527 -9999 2.7575389444828 1.13272878527641 1.09439626336098 2.63235631585121 3.48779618740082 2.31031054258347 0.456788241863251 0.461970761418343 0.618823483586311 0.613932743668556 0.658490270376205 0.677151739597321 0.738000020384789 0.976844966411591 1.28743126988411 1.83631128072739 2.12253677845001 2.86723655462265 2.49792820215225 2.25874578952789 1.86018455028534 2.83090943098068 3.25865399837494 3.08109962940216 3.38556289672852 2.34030756354332
-9999 -9999 -9999 -9999 -9999 -9999 -9999 -9999 -9999 -9999 -9999 -9999 -9999 -9999 -9999 -9999 -9999 -9999 -9999 -9999 -9999 -9999 0.346259817481041 12.7418736155544 3.16421443223953 2.38350043818355 1.9295370541513 4.47136616706848 16.5334858298302 4.56381368637085 3.68853306770325 2.36700600385666 1.31245046854019 1.15849497914314 1.20545321702957 1.1986740231514 1.08138298988342 0.897379517555237 0.793878793716431 1.22286674380302 1.51624202728271 1.16301003098488 1.26679122447968 0.747560977935791 0.675390735268593 0.84168604016304 0.984126716852188 1.09887528419495 1.2007215321064 1.27745246887207 1.57646316289902 2.02211326360703 2.55246305465698 2.98992222547531 3.3282698392868 2.99117016792297 3.29849624633789 4.95570373535156 2.52731258728925 -9999 -9999 -9999
-9999 -9999 -9999 -9999 -9999 -9999 -9999 -9999 -9999 -9999 -9999 -9999 -9999 -9999 -9999 -9999 -9999 -9999 -9999 -9999 -9999 -9999 2.93134151399136 3.61308968067169 2.21334600448608 1.94789791479707 2.24934634566307 3.59494113922119 0.586046978831291 1.22831171751022 1.54439467191696 1.5047909617424 1.54986977577209 1.61776953935623 4.80922651290894 24.9693632125854 13.5513725280762 3.36844718456268 0.975765019655228 0.699097484350204 0.781192481517792 0.958321541547775 1.10181149840355 1.27641677856445 1.42718553543091 1.52886682748795 1.58014118671417 1.46153247356415 1.50970208644867 1.58738100528717 1.93717342615128 2.07784652709961 2.58905929327011 2.81689882278442 3.34256565570831 -9999 -9999 -9999 -9999 -9999 -9999 -9999
-9999 -9999 -9999 -9999 -9999 -9999 -9999 -9999 -9999 -9999 -9999 -9999 -9999 -9999 -9999 -9999 -9999 -9999 -9999 37.4510822296143 6.40468490123749 3.76436886750162 1.43510136008263 1.85440278053284 1.93659746646881 2.76117146015167 2.61847794055939 3.09050416946411 2.40901207923889 1.49085903167725 1.59351825714111 1.62812930345535 1.62128251791 1.78226923942566 2.0475817322731 3.53586888313293 1.69728380441666 1.43813851475716 1.07201474905014 0.867079496383667 1.1219257414341 1.31849849224091 1.63611674308777 1.71099382638931 1.72995221614838 1.70849168300629 1.74990302324295 1.77621746063232 1.83112871646881 2.00835978984833 2.53847032785416 -9999 -9999 -9999 -9999 -9999 -9999 -9999 -9999 -9999 -9999 -9999
-9999 -9999 -9999 -9999 -9999 -9999 -9999 -9999 -9999 -9999 -9999 -9999 -9999 -9999 -9999 -9999 -9999 5.69830513000488 2.19795970916748 1.74858788028359 1.00529961660504 0.617147063836455 0.667840749025345 1.08094650506973 0.963573038578033 1.17549222707748 1.53336668014526 1.31701353192329 0.976598292589188 1.10639771819115 1.10124376416206 1.06227895617485 0.999419242143631 1.19664672017097 1.5476256608963 1.63579881191254 1.24036350846291 0.949662029743195 1.31848722696304 1.54021883010864 1.66163617372513 1.82694607973099 1.97702997922897 1.94122874736786 1.74942219257355 1.71762818098068 1.82582545280457 2.18614572286606 2.22391310334206 3.10945880413055 2.03070999383926 -9999 -9999 -9999 -9999 -9999 -9999 -9999 -9999 -9999 -9999 -9999
-9999 -9999 -9999 -9999 -9999 -9999 -9999 -9999 -9999 -9999 -9999 -9999 -9999 -9999 3.93165108561516 2.51834589242935 1.40252324938774 1.27054050564766 1.23631203174591 0.90896925330162 1.09856995940208 0.898485749959946 0.611847728490829 0.573374256491661 0.534768015146255 0.645765736699104 0.714891761541367 0.674271762371063 0.699013486504555 0.865949213504791 1.18949550390244 1.05657675862312 0.970834493637085 1.04882401227951 1.31543245911598 1.77209705114365 1.18823325634003 1.42247396707535 1.69545078277588 1.99380970001221 2.14064544439316 2.2603560090065 2.15932792425156 2.37353628873825 1.98301953077316 1.65591967105865 1.94021254777908 2.01394879817963 2.48381692171097 2.8627724647522 16.6346197128296 8.26721347868443 -9999 -9999 -9999 -9999 -9999 -9999 -9999 -9999 -9999 -9999
-9999 -9999 -9999 -9999 -9999 -9999 -9999 -9999 -9999 -9999 -9999 4.18960869312286 1.45425301790237 1.54003983736038 1.82365018129349 1.34072698652744 1.22753284871578 0.658183354139328 0.783657364547253 0.76776596903801 0.62431275844574 0.544483512639999 0.483125254511833 0.497998505830765 0.527841746807098 0.543516755104065 0.584512487053871 0.598677769303322 0.656691759824753 0.771623969078064 0.8607397377491 0.894086211919785 0.97313404083252 1.3496610224247 1.4527582526207 1.46090099215508 1.3173742890358 1.58410495519638 1.93952625989914 2.13394957780838 2.36041581630707 2.22623258829117 2.20870345830917 2.29826098680496 2.07341247797012 1.76723992824554 1.90259617567062 1.9495387673378 2.31770020723343 2.38683074712753 1.57350639626384 -9999 -9999 -9999 -9999 -9999 2.65391913513805 5.11430168151855 4.98493087291718 9.06084179878235 6.26310335672819 -9999
-9999 -9999 -9999 -9999 -9999 -9999 -9999 -9999 -9999 6.19584494829178 2.14727593141217 1.79020690917969 1.09337228536606 0.871057480573654 0.921155244112015 0.751835972070694 0.397716745734215 0.595781251788139 0.484170734882355 0.489945754408836 0.66796875 0.573685482144356 0.49024423956871 0.531815260648727 0.472427979111671 0.479885995388031 0.495651751756668 0.544400990009308 0.651923999190331 0.755037009716034 0.944847732782364 1.01181972026825 1.24711579084396 1.51793396472931 1.51429277658463 1.39643096923828 1.28929495811462 1.62754654884338 1.71536028385162 1.68394643068314 1.86519008874893 2.5874490737915 2.96140873432159 3.79060649871826 2.98801571130753 3.06391632556915 2.77208107709885 2.72670221328735 2.72513544559479 3.20156693458557 3.88270890712738 4.17654812335968 2.90802150964737 2.19240447878838 2.84618318080902 2.83782380819321 7.61364984512329 2.74883025884628 2.4842916727066 2.74162727594376 5.09216690063477 -9999
-9999 -9999 -9999 -9999 -9999 1.5417627543211 5.62265972793102 4.14140000939369 1.69728624820709 1.10596072673798 1.002590239048 0.506264269351959 0.582383260130882 0.53584648668766 0.45424573123455 0.40088327229023 0.320354998111725 0.386406764388084 0.399671271443367 0.371613755822182 0.340029001235962 0.376745983958244 0.430078491568565 0.45764248073101 0.49168498814106 0.463991984724998 0.500633239746094 0.53278049826622 0.619704768061638 0.757696509361267 1.01332274079323 1.27477052807808 1.47896021604538 1.81387120485306 1.47079503536224 1.73109823465347 1.45761600136757 1.55460369586945 1.48165726661682 1.47571277618408 1.56575095653534 2.56249433755875 2.86920976638794 3.43888485431671 3.33709573745728 3.33972072601318 3.09013044834137 2.69152879714966 2.32530230283737 3.12802290916443 2.73622870445251 2.22238719463348 2.36687099933624 2.95635080337524 5.99541091918945 4.92762136459351 2.50177270174026 3.65398049354553 2.61647772789001 2.44668978452682 2.62589406967163 2.43471229076385
-9999 -9999 -9999 -9999 -9999 1.04327434301376 1.10110947489738 0.859243109822273 0.853537872433662 0.308840252459049 0.315060004591942 0.324803240597248 0.362046003341675 0.352113761007786 0.298802241683006 0.308728493750095 0.311892002820969 0.343596003949642 0.339888744056225 0.340908005833626 0.347990244626999 0.374295003712177 0.40150648355484 0.389575481414795 0.414165750145912 0.457902744412422 0.501287251710892 0.546643495559692 0.651297748088837 0.791241735219955 0.904931992292404 1.32832798361778 1.58046448230743 1.85498249530792 1.78835248947144 1.5688304901123 1.37225022912025 1.22105848789215 1.65305542945862 1.55434656143188 1.52078032493591 1.71177291870117 2.53669649362564 2.49853420257568 2.74181395769119 3.09890484809875 2.98712092638016 2.36713868379593 1.98527401685715 1.89999908208847 1.93757843971252 1.90207797288895 2.06167280673981 3.31695914268494 4.17863631248474 3.00582003593445 3.54998087882996 3.42267751693726 5.2931581735611 6.24674034118652 3.09448277950287 1.78963494300842
-9999 -9999 -9999 -9999 -9999 0.298110008239746 0.281333260238171 0.289787247776985 0.277692005038261 0.259974740445614 0.25127474963665 0.245008505880833 0.276815257966518 0.286303505301476 0.287426993250847 0.313106998801231 0.321296252310276 0.342293992638588 0.334939509630203 0.334946997463703 0.340085260570049 0.347594261169434 0.368175745010376 0.37857748568058 0.399842262268066 0.422175765037537 0.562691241502762 1.06168422102928 1.22183400392532 1.28129553794861 1.20743778347969 1.12413221597672 1.53453308343887 1.58000618219376 1.83080703020096 1.41268801689148 1.18620604276657 1.18832248449326 1.30736848711967 1.37069472670555 1.46682822704315 1.61643147468567 1.67648774385452 1.64740580320358 2.02831345796585 1.99268925189972 2.27896803617477 2.17676478624344 1.78793549537659 1.48654425144196 1.53834146261215 1.41157275438309 1.39605376124382 1.20847347378731 1.23162603378296 1.58636391162872 1.35504448413849 1.32246896624565 3.4614976644516 2.1052987575531 1.46957471966743 1.62880432605743
-9999 -9999 -9999 -9999 -9999 0.269565001130104 0.307812742888927 0.270025491714478 0.246744744479656 0.248313747346401 0.23930324614048 0.243389993906021 0.246639758348465 0.237407259643078 0.255157493054867 0.281113497912884 0.291885741055012 0.291060760617256 0.300299249589443 0.32888925075531 0.3372982442379 0.340091250836849 0.361023746430874 0.365564994513988 0.4336027354002 0.57998925447464 0.800108224153519 1.15052998065948 1.42162424325943 1.62350928783417 1.65434020757675 1.25447773933411 1.38213899731636 1.38953098654747 1.37728428840637 1.17818176746368 0.968165963888168 1.05868425965309 1.19206121563911 1.166622787714 1.229172706604 1.0687350332737 1.0924319922924 1.29287096858025 1.47540825605392 1.68344396352768 2.0308079123497 2.54124373197556 2.09605729579926 2.07672894001007 1.46818578243256 1.18139246106148 1.22986122965813 1.28148454427719 1.14830848574638 0.970689743757248 1.01047503948212 1.06989446282387 1.05547195672989 1.16417250037193 1.17548471689224 1.25879627466202
-9999 -9999 -9999 -9999 -9999 0.263817004859447 0.281863510608673 0.278098493814468 0.285554990172386 0.231871493160725 0.216246753931046 0.245882257819176 0.255948007106781 0.259562239050865 0.267921008169651 0.27971550822258 0.303149990737438 0.301580250263214 0.309830993413925 0.320252247154713 0.342624753713608 0.345092251896858 0.362500503659248 0.380462229251862 0.432963743805885 0.620643764734268 0.755478769540787 0.911580741405487 1.12798726558685 2.17868775129318 1.5514680147171 1.67988449335098 1.99017369747162 1.89155781269073 1.81514257192612 1.49162551760674 1.05617478489876 0.976020008325577 0.919151991605759 0.963602989912033 0.872804224491119 0.904602706432343 1.17833179235458 1.21901848912239 1.50082719326019 1.70559829473495 1.57205772399902 1.64303702116013 2.41640031337738 2.43754416704178 1.96520698070526 1.78595405817032 1.33911073207855 1.38527020812035 1.29699450731277 1.22937601804733 1.11332479119301 1.17560550570488 1.21102952957153 1.22558400034904 1.13118678331375 1.42043253779411
