EcologicalScience/Bass/data/rs_data_bass/chl_408.asc
NCOLS 226 
NROWS 124 
XLLCORNER -9.41648524995501 
YLLCORNER 47.587301625531 
CELLSIZE 0.0833 
NODATA_value -9999 
[rows 54 to 80 of 124, columns 0 to 61 of 226]
-9999 -9999 -9999 -9999 -9999 -9999 -9999 -9999 -9999 -9999 -9999 -9999 -9999 -9999 -9999 -9999 -9999 -9999 -9999 -9999 -9999 -9999 -9999 -9999 -9999 -9999 -9999 -9999 -9999 -9999 -9999 -9999 -9999 -9999 -9999 -9999 -9999 -9999 5.44606559067608 3.91789675610406 3.70188982997622 2.90876688957214 2.32699402570725 1.63230087436163 1.69580666376994 1.76659998510565 1.16454987600446 1.10147423297167 0.985787193564808 1.05485915611772 1.32311042770743 1.18123379945755 1.27613013982773 1.64576765298843 1.86470711231232 2.16192755699158 2.32042568922043 2.32445719242096 -9999 0.607058599591255 0.62790758907795 2.87097690092481
-9999 -9999 -9999 -9999 -9999 -9999 -9999 -9999 -9999 -9999 -9999 -9999 -9999 -9999 -9999 -9999 -9999 -9999 -9999 -9999 -9999 -9999 -9999 -9999 -9999 -9999 -9999 -9999 -9999 -9999 -9999 -9999 -9999 -9999 -9999 -9999 -9999 -9999 -9999 4.40371324334826 3.72081276348659 3.26129083974021 2.62263010229383 2.23682529585702 1.72195003124384 1.59084506034851 1.42196025252342 1.05905230343342 1.41103187799454 0.948702178895473 1.11120846867561 1.29746598319003 1.47598104178905 1.63706571981311 2.14541094303131 2.23313140869141 2.34309107065201 3.00479798303174 -9999 -9999 -9999 -9999
-9999 -9999 -9999 -9999 -9999 -9999 -9999 -9999 -9999 -9999 -9999 -9999 -9999 -9999 -9999 -9999 -9999 -9999 -9999 -9999 -9999 -9999 -9999 -9999 -9999 -9999 -9999 -9999 -9999 -9999 -9999 -9999 -9999 -9999 -9999 -9999 -9999 -9999 -9999 -9999 3.54491662062131 3.05268135070801 2.47465564012527 2.14654007324806 2.01000705132118 1.86311334371567 1.88090940458434 1.72191070318222 1.50420016050339 1.44895396828651 0.890812544261708 1.36013849079609 1.5876708984375 1.5946715567261 1.79041382074356 1.85664342916929 1.84393278452066 1.73733758926392 2.60747116262263 -9999 -9999 -9999
-9999 -9999 -9999 -9999 -9999 -9999 -9999 -9999 -9999 -9999 -9999 -9999 -9999 -9999 -9999 -9999 -9999 -9999 -9999 -9999 -9999 -9999 -9999 -9999 -9999 -9999 -9999 -9999 -9999 -9999 -9999 -9999 -9999 -9999 -9999 -9999 -9999 -9999 -9999 -9999 2.2350710272789 2.52596520919066 2.21582816197322 2.0644661967571 1.91930300914324 1.85889905691147 1.69608590236077 1.82881057262421 1.62175759077072 1.63203263282776 1.21909709888346 1.24293188005686 1.46434795856476 1.5088198184967 1.5680701319988 1.60155180325875 1.60937511920929 1.65646823644638 1.86489272117615 2.22890896350145 2.20336916049321 -9999
-9999 -9999 -9999 -9999 -9999 -9999 -9999 -9999 -9999 -9999 -9999 -9999 -9999 -9999 -9999 -9999 -9999 -9999 -9999 -9999 -9999 -9999 -9999 -9999 -9999 -9999 -9999 -9999 -9999 -9999 -9999 -9999 -9999 -9999 -9999 -9999 -9999 -9999 -9999 -9999 -9999 2.62794939829753 2.12205323806176 2.00249467904751 2.17740122630046 2.33779622499759 1.86608461822782 2.0201975277492 1.89158233770957 1.5589319229126 1.45443030595779 1.19439276001033 1.63995963335037 1.67097544670105 1.6359546661377 1.60807610750198 1.66036018303462 1.75343886443547 1.9901672244072 2.07383725047112 2.02245821803808 -9999
-9999 -9999 -9999 -9999 -9999 -9999 -9999 -9999 -9999 -9999 -9999 -9999 -9999 -9999 -9999 -9999 -9999 -9999 -9999 -9999 -9999 -9999 -9999 -9999 -9999 -9999 -9999 -9999 -9999 -9999 -9999 -9999 -9999 -9999 -9999 -9999 -9999 -9999 -9999 -9999 -9999 2.71214567239468 2.15996001775448 2.10442029971343 2.15893522134194 2.19295840996962 2.06914265666689 1.74458248340167 1.8211798117711 1.7307771398471 1.58019901514053 1.25694577132954 1.63940198421478 1.62449909448624 1.6817002083574 1.77377593517303 1.84371702585902 2.26610574551991 2.35454349517822 0.841874877160246 -9999 -9999
-9999 -9999 -9999 -9999 -9999 -9999 -9999 -9999 -9999 -9999 -9999 -9999 -9999 -9999 -9999 -9999 -9999 -9999 -9999 -9999 -9999 -9999 -9999 -9999 -9999 -9999 -9999 -9999 -9999 -9999 -9999 -9999 -9999 -9999 -9999 -9999 -9999 -9999 -9999 -9999 2.79246819019318 2.65805641045937 2.23705050349236 2.23852009432656 2.22326956476484 2.04027181863785 1.79604779822486 1.78554178987231 1.79251668086419 1.58858357026027 1.57669774889946 1.30553847551346 1.63438857793808 1.61403290288789 1.82835655127253 1.98445699044636 2.07542963964599 -9999 -9999 3.04758374889692 3.52856919765472 3.70898977518082
-9999 -9999 -9999 -9999 -9999 -9999 -9999 -9999 -9999 -9999 -9999 -9999 -9999 -9999 -9999 -9999 -9999 -9999 -9999 -9999 -9999 -9999 -9999 -9999 -9999 -9999 -9999 -9999 -9999 -9999 -9999 -9999 -9999 -9999 -9999 -9999 -9999 -9999 -9999 2.45252029384886 2.36951500177383 2.26746374368668 2.23241014778614 1.97826719284058 1.51072835709367 1.4432691000402 1.65096316337585 1.58942395448685 1.63181651555575 1.55475026827592 1.25736888191279 1.23188001793974 1.30252559110522 1.67656444225992 1.9903248335634 1.67093519369761 1.83865835666657 1.75652809068561 1.95111086368561 2.26181792020798 2.56235986948013 2.77731464803219
-9999 -9999 -9999 -9999 -9999 -9999 -9999 -9999 -9999 -9999 -9999 -9999 -9999 -9999 -9999 -9999 -9999 -9999 -9999 -9999 -9999 -9999 -9999 -9999 -9999 -9999 -9999 -9999 -9999 -9999 -9999 -9999 -9999 -9999 -9999 -9999 -9999 -9999 -9999 2.7781373411417 2.24310079216957 2.03876127302647 1.86846543848515 1.56327575445175 1.43500565737486 1.47724945580258 1.60119788646698 1.59794081108911 1.48660280182958 1.29336540028453 1.16593383644757 1.34526593238115 1.58485713601112 1.62614542671612 1.72336971759796 1.73762211799622 1.8009693145752 1.87437949010304 1.76352476222175 2.07274869510106 2.24445758547102 1.9384891646249
-9999 -9999 -9999 -9999 -9999 -9999 -9999 -9999 -9999 -9999 -9999 -9999 -9999 -9999 -9999 -9999 -9999 -9999 -9999 -9999 -9999 -9999 -9999 -9999 -9999 -9999 -9999 -9999 -9999 -9999 -9999 -9999 -9999 -9999 -9999 -9999 -9999 -9999 7.13332605361938 3.75055541098118 2.33229957520962 1.94710202515125 1.6783791333437 1.47645320743322 1.35500755906105 1.69198698997498 1.6170489192009 1.5002104640007 1.42313373790068 0.987356977803366 1.64657368697226 1.65250200033188 1.69353060211454 1.69098957947322 1.65569454431534 1.7116932954107 1.58991384964723 1.61861501290248 1.74997669458389 2.04955193996429 2.21024272441864 2.32747998833656
-9999 -9999 -9999 -9999 -9999 -9999 -9999 -9999 -9999 -9999 -9999 -9999 -9999 -9999 -9999 -9999 -9999 -9999 -9999 -9999 -9999 -9999 -9999 -9999 -9999 -9999 -9999 -9999 -9999 -9999 -9999 -9999 -9999 -9999 -9999 -9999 -9999 -9999 2.67451773881912 2.58758385823323 2.20895482599735 1.82160322368145 1.49493365734816 1.40617830306292 1.37288247048855 1.40294129573382 1.45220700502396 1.3971826672554 1.20208654403687 1.31046198606491 0.814823704106467 1.69301773309708 1.63026266098022 1.72740154266357 1.49135013888864 1.73024734166952 1.82961839895982 1.81209906247946 1.78675727660839 1.71581267033304 2.27217800617218 2.35406305789948
-9999 -9999 -9999 -9999 -9999 -9999 -9999 -9999 -9999 -9999 -9999 -9999 -9999 -9999 -9999 -9999 -9999 -9999 -9999 -9999 -9999 -9999 -9999 -9999 -9999 -9999 -9999 -9999 -9999 -9999 -9999 -9999 -9999 -9999 -9999 -9999 -9999 2.64144324522752 2.53012140897604 2.20652887821198 1.5993372968265 1.52737245389393 1.43203255534172 1.28521199226379 2.20928424596786 1.81483510136604 1.26966916322708 1.30755511522293 1.33473018407822 1.41304993629456 1.26705509882707 1.57520291805267 1.54682614547866 1.64002107381821 1.4989906668663 1.46827533245087 1.34000403540475 1.40101299967085 1.87109905022841 1.70272246854646 2.03009008169174 2.33246952295303
-9999 -9999 -9999 -9999 -9999 -9999 -9999 -9999 -9999 -9999 -9999 -9999 -9999 -9999 -9999 -9999 -9999 -9999 -9999 -9999 -9999 -9999 -9999 -9999 -9999 -9999 -9999 -9999 -9999 -9999 -9999 -9999 -9999 -9999 -9999 -9999 -9999 2.50206899642944 2.19100545919859 2.07857440985166 1.7577599974779 1.45581337170941 1.34870101511478 1.31814430015428 1.31774414650032 1.28396100997925 1.23289823106357 1.27370971441269 1.26026040315628 1.3292111992836 1.3100265674293 1.45052615659577 1.51782946586609 1.55409044958651 1.52136512473226 1.46607232093811 1.69001244581663 1.52082091569901 1.71135400874274 1.85549191066197 2.0186031460762 2.41349564607327
-9999 -9999 -9999 -9999 -9999 -9999 -9999 -9999 -9999 -9999 -9999 -9999 -9999 -9999 -9999 -9999 -9999 -9999 -9999 -9999 -9999 -9999 -9999 -9999 -9999 -9999 -9999 -9999 -9999 -9999 -9999 -9999 -9999 -9999 -9999 -9999 2.85638611133282 2.55348734213756 2.14982329308987 1.55875943601131 1.40362109988928 1.339337598819 1.30790098813864 1.12145983485075 0.959375739097595 0.972319483757019 0.981910065693014 0.991900876164436 1.17762856682142 1.12297191470861 1.24793697595596 1.43537669522422 1.45112374637808 1.61913735100201 1.62332444531577 1.53304859570095 1.36509543657303 1.63993349075317 1.81336085612957 2.0077861905098 2.29190611839294 2.38756622374058
-9999 -9999 -9999 -9999 -9999 -9999 -9999 -9999 -9999 -9999 -9999 -9999 -9999 -9999 -9999 -9999 -9999 -9999 -9999 -9999 -9999 -9999 -9999 -9999 -9999 -9999 -9999 -9999 -9999 -9999 -9999 1.66194329353479 1.63451147930963 -9999 2.10493344068527 2.25358816548066 1.58367005416325 1.51502763479948 1.43997879326344 1.34463899582624 1.38367161154747 1.33911971404002 1.11132046580315 1.12220981291362 1.14478399045765 1.20936226844788 1.18351935701711 1.06053406000137 1.41848763610635 0.952860842148463 1.47312422096729 1.53957981296948 1.5529044015067 1.63923679292202 1.61578603088856 1.54814335278102 1.76012459993362 1.69887403505189 1.76393401622772 1.85508817434311 2.8131910264492 2.78713028132915
-9999 -9999 -9999 -9999 -9999 -9999 -9999 -9999 -9999 -9999 -9999 -9999 -9999 -9999 -9999 -9999 -9999 -9999 -9999 -9999 -9999 -9999 0.346259817481041 3.9187973678112 3.21409109005561 2.74823885239088 2.8033087849617 2.58635641061343 1.70188976251162 1.47155659703108 1.42785273148463 1.42287812095422 1.38296627310606 1.62060021895629 1.67063685563894 1.75657502504495 1.18699073791504 1.08383283764124 1.16091320663691 1.609446479724 0.810221413416522 0.721634324640036 0.731513001024723 0.926984227129391 0.653605683761485 1.10107892325946 1.25762408546039 1.48666558414698 1.48500638283216 1.45234589393322 1.59669927450327 1.59525609474916 1.84391817876271 1.89842981100082 2.10452674116407 2.07968777418137 1.81554177999496 2.20525975738253 2.46273399626507 -9999 -9999 -9999
-9999 -9999 -9999 -9999 -9999 -9999 -9999 -9999 -9999 -9999 -9999 -9999 -9999 -9999 -9999 -9999 -9999 -9999 -9999 -9999 -9999 -9999 1.55236403758709 1.45446971517343 1.47503115122135 1.30980037725889 1.45170219127948 1.64581448298234 1.45446977707056 1.40045080276636 1.27595332035652 1.32275746877377 1.20898329294645 1.19541547447443 1.24354739487171 1.11401183903217 0.952245756983757 0.884100571274757 0.893561519682407 0.841527923941612 0.831967040896416 0.74892969802022 0.749628011137247 0.874549962580204 0.428525943022508 1.07272690348327 1.51895298063755 1.59115843474865 1.76982425153255 1.87621398155506 1.94486177884615 2.03297737928537 2.01100151813947 2.21264379223188 2.5010675239563 -9999 -9999 -9999 -9999 -9999 -9999 -9999
-9999 -9999 -9999 -9999 -9999 -9999 -9999 -9999 -9999 -9999 -9999 -9999 -9999 -9999 -9999 -9999 -9999 -9999 -9999 3.3154167085886 2.28653767017218 1.0777607858181 1.11349549144506 1.086594812572 0.972705870866776 0.944210059940815 1.03169082850218 0.975955940783024 0.923883095383644 0.997151456773281 0.985530337462058 0.890169776976109 0.915854714810848 0.977096915245056 0.972460687160492 0.931834936141968 0.901083081960678 0.869048617780209 0.838032364845276 0.726159782094114 0.716951634734869 0.68954960629344 0.667617365717888 0.69594557210803 0.84830971381494 1.59558787516185 1.76833812892437 1.86964628100395 1.98424090445042 2.02198891341686 2.12573005046163 -9999 -9999 -9999 -9999 -9999 -9999 -9999 -9999 -9999 -9999 -9999
-9999 -9999 -9999 -9999 -9999 -9999 -9999 -9999 -9999 -9999 -9999 -9999 -9999 -9999 -9999 -9999 -9999 3.07622929981777 3.79222762584686 3.94796399772167 1.80168375372887 0.947569899260998 0.90064711868763 0.957260027527809 0.979519940912724 0.960453137755394 0.946740992367268 0.958915963768959 0.89421185106039 0.894627533853054 0.859674662351608 0.871348306536674 0.875071994960308 0.869250036776066 0.795357517898083 0.796320736408234 0.811146289110184 0.855668403208256 0.717530559748411 0.662189576774836 0.609162968583405 0.595265066251159 0.575386133976281 0.719805740884372 0.866826567266669 1.25010055303574 1.75872057676315 2.04001021385193 1.9812397318227 1.71438506618142 2.0386393904686 -9999 -9999 -9999 -9999 -9999 -9999 -9999 -9999 -9999 -9999 -9999
-9999 -9999 -9999 -9999 -9999 -9999 -9999 -9999 -9999 -9999 -9999 -9999 -9999 -9999 1.30329931527376 1.23147998005152 1.08901765197515 1.17964082956314 1.06726763397455 0.767889317125082 0.688428729772568 0.698752507567406 0.777440249919891 0.899037033319473 0.827064782381058 0.86538228392601 0.837938994169235 0.825276546180248 0.830640457570553 0.847026452422142 0.812135197222233 0.7516113743186 0.757425058633089 0.749756071716547 0.741882625967264 0.753851279616356 0.744859371334314 0.784508276444215 0.729377313302114 0.632970819106469 0.608940922296964 0.551047246245777 0.548928977123329 0.78702657350472 0.885462983378342 1.43776979403836 1.68096656799316 1.86081802099943 1.85741547122598 1.74440027475357 1.58395768515766 1.85546818375587 -9999 -9999 -9999 -9999 -9999 -9999 -9999 -9999 -9999 -9999
-9999 -9999 -9999 -9999 -9999 -9999 -9999 -9999 -9999 -9999 -9999 3.54559614402907 1.22202543062823 1.15057031810284 1.13214788585901 1.04811958223581 0.926691673696041 0.827372916042805 0.712092291563749 0.479310131989993 0.714965254068375 0.707288235425949 0.752449482679367 0.816458970308304 0.80801323056221 0.81086254119873 0.809374541044235 0.808497726917267 0.772764712572098 0.709889262914658 0.663493484258652 0.630653232336044 0.623805731534958 0.629360988736153 0.700172055512667 0.694947257637978 0.649977214061297 0.587044949714954 0.576770765277056 0.589832559227943 0.550715890068274 0.571651694364846 0.570952051877975 0.632691112848429 1.06863326260022 1.1979581952095 1.96715215444565 1.92749841213226 1.5052493562301 1.49564664562543 1.73611784708209 -9999 -9999 -9999 -9999 -9999 8.5895370874294 3.88073909282684 4.06496274471283 4.1529797077179 3.54606459538142 -9999
-9999 -9999 -9999 -9999 -9999 -9999 -9999 -9999 -9999 1.16008470952511 1.21604041010141 1.01476296782494 0.988847486674786 0.884030774235725 0.768972001969814 0.74811814725399 1.00102624616453 0.575603928949152 0.535399346479348 0.601670488715172 0.689776495099068 0.688677728176117 0.717317998409271 0.759416967630386 0.778508216142654 0.772001266479492 0.782327234745026 0.757710009813309 0.746087998151779 0.722291260957718 0.628586232662201 0.56725949048996 0.596690252423286 0.630359262228012 0.683027878403664 0.693867389972393 0.642921855816474 0.65531100332737 0.548333242535591 0.526176005601883 0.516425237059593 0.534839227795601 0.590319737792015 0.85070029007537 0.952962021742548 1.11997708082199 1.24771802565631 1.33635595616172 1.70925851379122 1.58437621593475 1.93855748176575 1.90438395738602 1.75664010643959 2.21277849782597 2.16118901968002 2.59137500524521 2.49438896179199 2.45646024942398 2.33598548173904 2.41751056909561 2.49898149967194 -9999
-9999 -9999 -9999 -9999 -9999 1.06766905635595 1.06347844004631 0.952168859541416 0.963612161576748 0.975037084892392 0.925213890150189 0.86822322756052 0.760747749358416 0.74427756773574 0.672347187995911 0.481836312583515 1.31314707919955 0.916612148284912 0.735899366438389 0.653340823948383 0.733398020267487 0.712167754769325 0.704518496990204 0.698735252022743 0.685496270656586 0.683528244495392 0.667869731783867 0.678355515003204 0.705112516880035 0.61888575553894 0.592966496944427 0.572357252240181 0.591930001974106 0.681652750819921 0.636511335006127 0.660704605854475 0.632731786141029 0.51341700553894 0.528537735342979 0.538050010800362 0.538283988833427 0.616749733686447 0.611692517995834 0.674078240990639 0.820788286626339 0.858342453837395 0.945068889856338 1.00503090620041 1.18651378154755 1.73669567278453 1.82732340267726 1.91427837099348 2.03430681569236 1.97677499055862 1.93162046670914 2.00537894964218 1.87240560054779 1.99652584791183 2.53782900571823 2.6653884768486 3.03635162115097 2.87677892670035
-9999 -9999 -9999 -9999 -9999 0.86782793700695 0.80271284468472 0.801291704177856 0.831060480326414 0.795857238418916 0.735251508214894 0.671630067860379 0.760034922291251 0.79198582470417 0.637327906489372 0.471899691969156 0.732784312218428 0.740284990519285 0.638100817799568 0.760858476161957 0.695129245519638 0.748123481869698 0.667577236890793 0.628042504191399 0.594576001167297 0.596112012863159 0.59860423207283 0.564849749207497 0.599388018250465 0.597551241517067 0.593234986066818 0.61108423769474 0.616506010293961 0.625764772295952 0.592707050698144 0.496376705169678 0.500518190860748 0.534220965845244 0.583710730075836 0.573049485683441 0.573935240507126 0.5845777541399 0.626679003238678 0.708990286176021 0.739866576515711 0.749053785434136 0.821271038972414 0.755372987343715 0.918217586619513 0.854588781084333 1.40982786317666 1.45209503670534 1.42373084334227 1.54203250545722 1.67927062511444 1.90081608295441 1.72925268411636 1.92145080566406 2.32093091011047 2.52340669631958 2.26240130513906 2.57762848958373
-9999 -9999 -9999 -9999 -9999 0.804627472863478 0.799092092934777 0.805298958631123 0.723703785854227 0.754958097549046 0.816765247022404 0.939722746610641 0.87011539673104 0.853679496262755 0.658718877113782 0.696458552032709 0.681922666728497 0.674176979809999 1.97900408506393 0.783660739660263 0.637581612914801 0.601235320934883 0.621620394289494 0.601438522338867 0.576798006892204 0.589860007166862 0.581960991024971 0.569100022315979 0.569906249642372 0.574880987405777 0.545336231589317 0.554126992821693 0.555812984704971 0.573805400958428 0.598686072975397 0.483223669230938 0.453715078532696 0.44777624309063 0.539042249321938 0.54067200422287 0.513759846870716 0.541848313808441 0.700352414296224 0.727839595996417 0.741027357486578 0.760255164824999 0.814231636432501 0.848305374383926 0.791225859097072 0.798245174544198 0.911813225064959 1.18821454924696 1.23732744902372 1.35748461633921 1.12061438709497 1.63781381504876 1.33150735923222 1.53390491008759 1.55598977208138 1.98276085087231 2.15964700494494 2.31427432482059
-9999 -9999 -9999 -9999 -9999 0.855447844547384 0.799042816547787 0.803852096199989 0.809468657654875 0.859578225542517 1.24571973523673 1.01167175699683 0.704611782641972 1.61544885379928 0.690813648700714 0.632156913833959 0.65867048731217 0.648304220575553 0.638328060507774 0.628279820084572 0.603582866489887 0.574602481264334 0.572305757552385 0.581462521106005 0.601415991783142 0.584282264113426 0.55816125869751 0.568206757307053 0.585968255996704 0.521036982536316 0.561111733317375 0.518466755747795 0.4998479783535 0.565156437456608 0.478294221254495 0.440065495669842 0.490544812037395 0.460190001588601 0.517625505273992 0.519366071982817 0.569596499204636 0.563617614599375 0.534643059968948 0.720710415106553 0.562935894727707 0.58492169380188 0.659611282440332 0.687491548061371 0.715270693813052 0.729630551167897 0.835777738515068 0.956079771885505 0.998099333964861 1.09834288060665 1.08386728912592 1.13935376589115 1.27258502290799 1.00772702693939 1.53959339398604 1.16159248352051 2.00573647939242 2.58410764657534
-9999 -9999 -9999 -9999 -9999 0.830063137061456 0.836577481206726 0.81695353809525 0.746878944775637 0.825032159686089 1.60615966337569 0.789722090258318 0.555210014184316 0.615979418158531 0.668985925176564 0.656650040956104 0.660241223298586 0.660951448174623 0.593249958295089 0.606726304842875 0.564063679713469 0.571108274734937 0.573225294168179 0.556160241365433 0.579857245087624 0.552531749010086 0.555687770247459 0.554329499602318 0.500548550715813 0.500355820243175 0.563734486699104 0.548809513449669 0.561938410768142 0.593055494129658 0.543095251216608 0.45314158411587 0.435674889729573 0.421822600639783 0.393263591023592 0.419278446298379 0.513940146336189 0.559324718438662 0.554772883653641 0.529767286777496 0.577976703643799 0.595595240592957 0.637332594394684 0.668609404563904 0.621060222387314 1.06046512021738 0.758413642644882 0.880623964162973 0.967792345927312 1.05497453762935 1.12919365442716 1.55168979901534 1.06059229373932 1.02943646907806 1.0706385076046 1.07414925098419 6.85162463784218 2.2036879658699
