EcologicalScience/Bass/data/rs_data_bass/chl_65.asc
NCOLS 226 
NROWS 124 
XLLCORNER -9.41648524995501 
YLLCORNER 47.587301625531 
CELLSIZE 0.0833 
NODATA_value -9999 
[rows 54 to 80 of 124, columns 0 to 61 of 226]
-9999 -9999 -9999 -9999 -9999 -9999 -9999 -9999 -9999 -9999 -9999 -9999 -9999 -9999 -9999 -9999 -9999 -9999 -9999 -9999 -9999 -9999 -9999 -9999 -9999 -9999 -9999 -9999 -9999 -9999 -9999 -9999 -9999 -9999 -9999 -9999 -9999 -9999 4.41392470047293 46.3968648314476 1.94932866096497 1.98616808652878 1.80577343702316 1.41252753138542 1.28183698654175 1.05554553866386 0.999649465084076 0.988404035568237 0.950795263051987 0.856170773506165 0.912001490592957 1.02154952287674 1.86782705783844 2.17326217889786 3.92084169387817 4.12694549560547 4.99605739116669 4.81871867179871 -9999 0.607058599591255 0.62790758907795 -9999
-9999 -9999 -9999 -9999 -9999 -9999 -9999 -9999 -9999 -9999 -9999 -9999 -9999 -9999 -9999 -9999 -9999 -9999 -9999 -9999 -9999 -9999 -9999 -9999 -9999 -9999 -9999 -9999 -9999 -9999 -9999 -9999 -9999 -9999 -9999 -9999 -9999 -9999 -9999 47.759872674942 30.7284264564514 15.4325870275497 8.22851836681366 7.80053722858429 1.93695974349976 1.33845672011375 1.08844274282455 0.962030231952667 1.0998210310936 0.836025774478912 0.945136517286301 1.32227548956871 1.68399077653885 2.26311600208282 3.035768866539 3.54250860214233 2.37948906421661 -9999 -9999 -9999 -9999 -9999
-9999 -9999 -9999 -9999 -9999 -9999 -9999 -9999 -9999 -9999 -9999 -9999 -9999 -9999 -9999 -9999 -9999 -9999 -9999 -9999 -9999 -9999 -9999 -9999 -9999 -9999 -9999 -9999 -9999 -9999 -9999 -9999 -9999 -9999 -9999 -9999 -9999 -9999 -9999 -9999 31.6078040599823 20.8407504558563 8.62774014472961 2.06301069259644 2.24529004096985 1.68349653482437 1.59679573774338 1.2330629825592 1.23987454175949 1.06780725717545 0.945388466119766 1.25861924886703 1.49703150987625 1.65477293729782 1.98820424079895 2.43163579702377 2.8830224275589 5.18025970458984 2.71939519047737 -9999 -9999 -9999
-9999 -9999 -9999 -9999 -9999 -9999 -9999 -9999 -9999 -9999 -9999 -9999 -9999 -9999 -9999 -9999 -9999 -9999 -9999 -9999 -9999 -9999 -9999 -9999 -9999 -9999 -9999 -9999 -9999 -9999 -9999 -9999 -9999 -9999 -9999 -9999 -9999 -9999 -9999 -9999 9.87512218952179 22.9996465444565 3.4330530166626 3.58915257453918 2.422407746315 2.27127742767334 2.10331356525421 1.83582293987274 1.06968677043915 1.10115373134613 0.874143719673157 1.10607674717903 1.23135754466057 1.3247347176075 1.61649817228317 1.96833747625351 3.62748527526855 6.77003574371338 6.79456758499146 17.1736224889755 4.5617103968796 -9999
-9999 -9999 -9999 -9999 -9999 -9999 -9999 -9999 -9999 -9999 -9999 -9999 -9999 -9999 -9999 -9999 -9999 -9999 -9999 -9999 -9999 -9999 -9999 -9999 -9999 -9999 -9999 -9999 -9999 -9999 -9999 -9999 -9999 -9999 -9999 -9999 -9999 -9999 -9999 -9999 -9999 30.8559445142746 12.138411462307 9.41714215278625 5.73171997070312 2.87760829925537 2.02459573745728 1.62407630681992 1.47557777166367 1.29896852374077 0.920152455568314 0.986884474754333 1.2113062441349 1.41953471302986 1.77112501859665 1.78152680397034 5.10904133319855 11.5676815509796 14.9195795059204 11.6019051074982 6.79492807388306 -9999
-9999 -9999 -9999 -9999 -9999 -9999 -9999 -9999 -9999 -9999 -9999 -9999 -9999 -9999 -9999 -9999 -9999 -9999 -9999 -9999 -9999 -9999 -9999 -9999 -9999 -9999 -9999 -9999 -9999 -9999 -9999 -9999 -9999 -9999 -9999 -9999 -9999 -9999 -9999 -9999 -9999 26.4767626523972 13.8428270220757 7.51694053411484 3.98978692293167 1.6664571762085 2.18591701984406 1.36989524960518 1.15889552235603 1.06112998723984 0.896764487028122 0.827650487422943 1.13595825433731 1.25886753201485 1.95360374450684 3.45806157588959 7.86975646018982 6.39075779914856 15.0630814433098 -9999 -9999 -9999
-9999 -9999 -9999 -9999 -9999 -9999 -9999 -9999 -9999 -9999 -9999 -9999 -9999 -9999 -9999 -9999 -9999 -9999 -9999 -9999 -9999 -9999 -9999 -9999 -9999 -9999 -9999 -9999 -9999 -9999 -9999 -9999 -9999 -9999 -9999 -9999 -9999 -9999 -9999 -9999 19.0819389224052 20.8132283091545 14.687067091465 1.38896396756172 1.58766603469849 1.35154795646667 1.21348348259926 1.23418575525284 1.0750627219677 1.03065374493599 0.914613783359528 0.8866927921772 1.25747099518776 1.46173650026321 1.50791555643082 2.22873741388321 3.41944813728333 -9999 -9999 5.52721685171127 5.90277171134949 6.81254553794861
-9999 -9999 -9999 -9999 -9999 -9999 -9999 -9999 -9999 -9999 -9999 -9999 -9999 -9999 -9999 -9999 -9999 -9999 -9999 -9999 -9999 -9999 -9999 -9999 -9999 -9999 -9999 -9999 -9999 -9999 -9999 -9999 -9999 -9999 -9999 -9999 -9999 -9999 -9999 8.16268825531006 17.3999735713005 10.4430752396584 2.25680476427078 1.39482825994492 1.47017320990562 1.25852170586586 1.34878653287888 1.10764503479004 1.22041350603104 0.976109236478806 0.899438291788101 0.974305540323257 1.40999248623848 1.40922448039055 1.04714995622635 3.2933492064476 13.0257139205933 3.64823698997498 2.1930878162384 2.40660524368286 2.52252370119095 2.65553694963455
-9999 -9999 -9999 -9999 -9999 -9999 -9999 -9999 -9999 -9999 -9999 -9999 -9999 -9999 -9999 -9999 -9999 -9999 -9999 -9999 -9999 -9999 -9999 -9999 -9999 -9999 -9999 -9999 -9999 -9999 -9999 -9999 -9999 -9999 -9999 -9999 -9999 -9999 -9999 4.67135941982269 3.68687635660172 4.14250320196152 1.99085623025894 1.39912050962448 1.12373703718185 1.19095051288605 1.17333447933197 0.993395984172821 0.967177480459213 0.844917744398117 0.869513958692551 1.01321697235107 1.23930752277374 1.60197222232819 2.8865647315979 2.88369226455688 3.2107447385788 3.56131589412689 2.45837992429733 2.10010349750519 1.95978605747223 1.87002825737
-9999 -9999 -9999 -9999 -9999 -9999 -9999 -9999 -9999 -9999 -9999 -9999 -9999 -9999 -9999 -9999 -9999 -9999 -9999 -9999 -9999 -9999 -9999 -9999 -9999 -9999 -9999 -9999 -9999 -9999 -9999 -9999 -9999 -9999 -9999 -9999 -9999 -9999 4.03857093304396 4.04449677467346 2.84940379858017 2.12022337317467 1.53441148996353 1.74129903316498 1.51024121046066 1.27289924025536 0.870907455682755 0.859258532524109 1.0348462164402 1.04837921261787 1.11510077118874 1.12074449658394 1.14375302195549 1.25792849063873 1.51659822463989 1.63370096683502 2.09589529037476 2.01869398355484 1.53671997785568 1.68183302879333 1.56573897600174 1.78103470802307
-9999 -9999 -9999 -9999 -9999 -9999 -9999 -9999 -9999 -9999 -9999 -9999 -9999 -9999 -9999 -9999 -9999 -9999 -9999 -9999 -9999 -9999 -9999 -9999 -9999 -9999 -9999 -9999 -9999 -9999 -9999 -9999 -9999 -9999 -9999 -9999 -9999 -9999 9.84394907951355 7.06502687931061 2.69538670778275 1.93654578924179 1.98978370428085 3.04981577396393 2.31523418426514 1.27383828163147 0.99806472659111 0.908882260322571 0.817397207021713 1.00448173284531 1.20176401734352 1.05865797400475 1.03049772977829 1.00252050161362 1.14415571093559 0.979820966720581 1.0613332092762 1.16031673550606 1.08232578635216 1.19819927215576 1.18063724040985 1.38010427355766
-9999 -9999 -9999 -9999 -9999 -9999 -9999 -9999 -9999 -9999 -9999 -9999 -9999 -9999 -9999 -9999 -9999 -9999 -9999 -9999 -9999 -9999 -9999 -9999 -9999 -9999 -9999 -9999 -9999 -9999 -9999 -9999 -9999 -9999 -9999 -9999 -9999 2.27588975429535 5.34130311012268 4.70456832647324 2.295814499259 1.45901396870613 1.62460273504257 1.4632177054882 1.30288124084473 1.06968149542809 0.736223235726357 1.01756697893143 0.979975461959839 1.24430170655251 1.53920477628708 1.27784925699234 1.11897450685501 1.10538822412491 1.14501446485519 1.03535029292107 0.812860518693924 0.995419532060623 1.03349179029465 1.03503826260567 1.13620725274086 1.56417292356491
-9999 -9999 -9999 -9999 -9999 -9999 -9999 -9999 -9999 -9999 -9999 -9999 -9999 -9999 -9999 -9999 -9999 -9999 -9999 -9999 -9999 -9999 -9999 -9999 -9999 -9999 -9999 -9999 -9999 -9999 -9999 -9999 -9999 -9999 -9999 -9999 -9999 3.75144076347351 7.32716536521912 3.85300129652023 2.97949227690697 1.74188482761383 1.95285451412201 1.62039291858673 0.886343210935593 0.998523026704788 0.763607293367386 0.984493464231491 1.37633022665977 1.44515624642372 1.6397362947464 1.82838302850723 1.4147392809391 1.45047676563263 1.22216328978539 1.09057053923607 1.02041852474213 1.06222575902939 0.924923211336136 0.957683265209198 1.06291428208351 1.53470546007156
-9999 -9999 -9999 -9999 -9999 -9999 -9999 -9999 -9999 -9999 -9999 -9999 -9999 -9999 -9999 -9999 -9999 -9999 -9999 -9999 -9999 -9999 -9999 -9999 -9999 -9999 -9999 -9999 -9999 -9999 -9999 -9999 -9999 -9999 -9999 -9999 9.11544674634933 4.03177058696747 3.2343675494194 3.01425459980965 1.49574673175812 1.47744825482368 1.12638446688652 1.09150725603104 1.13739448785782 1.204107016325 1.24328926205635 1.29447224736214 1.58685976266861 1.70794200897217 1.8335468173027 1.9830030798912 1.9156665802002 1.70805448293686 1.66804647445679 1.5256410241127 1.33191150426865 1.2824715077877 1.05630898475647 1.08006146550179 1.37204477190971 1.91612166166306
-9999 -9999 -9999 -9999 -9999 -9999 -9999 -9999 -9999 -9999 -9999 -9999 -9999 -9999 -9999 -9999 -9999 -9999 -9999 -9999 -9999 -9999 -9999 -9999 -9999 -9999 -9999 -9999 -9999 -9999 -9999 5.05066706453051 1.52214533791823 -9999 2.10493344068527 2.00854575634003 2.22965729236603 4.69130551815033 4.8632880449295 2.92584979534149 1.1580847799778 1.16721528768539 1.31786996126175 1.2969337105751 1.29064875841141 1.33948123455048 1.43081626296043 1.71611630916595 1.6109436750412 2.03077876567841 2.22491472959518 2.41243278980255 2.55054152011871 1.80687367916107 1.5682777762413 1.58138698339462 1.6536517739296 1.86039966344833 2.00105631351471 1.9531717300415 2.55142343044281 2.04539394378662
-9999 -9999 -9999 -9999 -9999 -9999 -9999 -9999 -9999 -9999 -9999 -9999 -9999 -9999 -9999 -9999 -9999 -9999 -9999 -9999 -9999 -9999 0.346259817481041 5.58761116862297 7.62044298648834 3.88942913711071 4.76039703190327 5.55892539024353 3.14672011137009 2.34346206486225 2.45641493797302 4.01514959335327 8.97170758247375 5.4101128578186 3.14244961738586 4.4357213973999 6.48805403709412 3.31850481033325 3.15035712718964 1.81976616382599 1.29989022016525 1.37086871266365 1.33989304304123 1.35126525163651 1.30436021089554 1.34469527006149 1.55153095722198 1.74649572372437 1.98604792356491 2.29873949289322 2.5278337597847 2.70000743865967 2.94352805614471 2.59403997659683 1.84707230329514 2.0070224404335 2.80165654420853 3.12810909748077 2.51549173102659 -9999 -9999 -9999
-9999 -9999 -9999 -9999 -9999 -9999 -9999 -9999 -9999 -9999 -9999 -9999 -9999 -9999 -9999 -9999 -9999 -9999 -9999 -9999 -9999 -9999 5.42813766002655 7.37547039985657 7.46696162223816 7.20957255363464 8.5724766254425 2.85202431678772 3.28829634189606 2.86433029174805 1.43257346749306 2.7014474272728 3.19041609764099 3.41285383701324 3.20724606513977 3.61234652996063 2.74224668741226 1.85948091745377 1.80586498975754 1.32113921642303 1.72468793392181 1.82881879806519 1.72812080383301 1.59853506088257 1.50261604785919 1.3647652566433 1.51689451932907 1.89782774448395 2.32849431037903 2.65373933315277 3.21803534030914 4.95849466323853 5.37549090385437 4.87353229522705 2.59210646152496 -9999 -9999 -9999 -9999 -9999 -9999 -9999
-9999 -9999 -9999 -9999 -9999 -9999 -9999 -9999 -9999 -9999 -9999 -9999 -9999 -9999 -9999 -9999 -9999 -9999 -9999 5.86912353975432 1.48346741497517 6.39844465255737 5.29953467845917 5.87208008766174 3.27812540531158 1.5228608250618 1.7886997461319 0.94754621386528 1.19287195801735 0.71627551317215 0.731301739811897 0.76840353012085 0.874338716268539 0.954180032014847 1.17646050453186 1.16247823834419 1.20720148086548 1.51839298009872 1.71182316541672 1.68541431427002 1.68925344944 1.65356093645096 2.1316904425621 2.13548845052719 1.73517143726349 1.8627952337265 1.96919542551041 2.32752066850662 2.65704524517059 3.11986434459686 4.79166448116302 -9999 -9999 -9999 -9999 -9999 -9999 -9999 -9999 -9999 -9999 -9999
-9999 -9999 -9999 -9999 -9999 -9999 -9999 -9999 -9999 -9999 -9999 -9999 -9999 -9999 -9999 -9999 -9999 5.09956884384155 6.87501740455627 7.9286835193634 7.75127720832825 6.89578485488892 2.57798105478287 2.34947472810745 1.88927257061005 0.851259738206863 0.602064728736877 0.588721498847008 0.591601520776749 0.653918981552124 0.794615238904953 0.936657786369324 0.977676004171371 1.20711377263069 1.3442220389843 1.20915377140045 1.24504423141479 1.71424055099487 2.1205290555954 1.57134819030762 1.21153646707535 1.16534775495529 1.17676198482513 1.49137052893639 1.59176623821259 1.73923569917679 1.68569326400757 2.88358497619629 3.12041115760803 2.158327460289 3.26681184768677 -9999 -9999 -9999 -9999 -9999 -9999 -9999 -9999 -9999 -9999 -9999
-9999 -9999 -9999 -9999 -9999 -9999 -9999 -9999 -9999 -9999 -9999 -9999 -9999 -9999 7.82585906982422 7.84340071678162 28.8590440750122 6.47954607009888 3.00640118122101 3.37796759605408 2.70657080411911 2.57845276594162 0.74576398730278 0.834194988012314 0.787394285202026 0.645462736487389 0.569760739803314 0.577092736959457 0.597353249788284 0.670230746269226 0.927705734968185 0.956946015357971 0.951067507266998 1.00090053677559 1.16327029466629 1.32416546344757 1.35868799686432 1.7460458278656 1.622902572155 1.32078900933266 1.21629372239113 1.17223504185677 0.999789029359818 1.34481078386307 1.64720553159714 1.90757918357849 2.0638080239296 2.08508402109146 2.24112975597382 2.09477555751801 3.10678052902222 2.93868666887283 -9999 -9999 -9999 -9999 -9999 -9999 -9999 -9999 -9999 -9999
-9999 -9999 -9999 -9999 -9999 -9999 -9999 -9999 -9999 -9999 -9999 1.13414472341537 3.07176446914673 5.5540566444397 10.6193089485168 6.19066429138184 5.89302814006805 1.99833673238754 1.13203874230385 0.879270762205124 0.71043898165226 0.679511234164238 0.644750252366066 0.634854018688202 0.622965753078461 0.680473521351814 0.734417259693146 0.747581228613853 0.693931505084038 0.695063978433609 0.716511771082878 0.634271264076233 0.573994517326355 0.61438724398613 0.925480484962463 1.06562626361847 1.26905778050423 1.10283225774765 0.991463989019394 0.917574763298035 0.777347266674042 0.844456493854523 0.912093043327332 1.57523703575134 1.64476132392883 1.91861701011658 1.82631379365921 1.77615451812744 1.44842925667763 1.64140051603317 1.728695333004 -9999 -9999 -9999 -9999 -9999 3.31514082412387 20.3384164810181 2.77769404649734 8.88068205969674 8.7126385484423 -9999
-9999 -9999 -9999 -9999 -9999 -9999 -9999 -9999 -9999 2.02358704805374 16.2329469323158 4.3724273443222 3.5486204624176 1.72189432382584 1.41785252094269 3.69958126544952 0.932960987091064 0.957316517829895 0.685116738080978 0.651404231786728 0.689817756414413 0.59204775094986 0.575857490301132 0.592206761240959 0.628638759255409 0.690746247768402 0.749635487794876 0.724692016839981 0.583697229623795 0.617645993828773 0.617552250623703 0.589754998683929 0.580016255378723 0.589038759469986 0.533015996217728 0.66356098651886 0.876432716846466 1.04287049174309 0.920247763395309 0.723871484398842 0.724836006760597 0.726254984736443 0.955205976963043 1.46150922775269 1.59508055448532 1.59803545475006 1.56213748455048 1.59019732475281 1.53303158283234 1.79396849870682 2.00248646736145 2.44113904237747 2.6045286655426 2.68014979362488 6.98598504066467 21.2343764305115 9.9413788318634 6.30356097221375 4.8630645275116 5.23867642879486 11.36225938797 -9999
-9999 -9999 -9999 -9999 -9999 3.17640478909016 1.91782718896866 1.76240408420563 1.82691603899002 1.2949695289135 0.845755487680435 0.749523013830185 0.941277712583542 0.69955350458622 0.77897921204567 0.883593767881393 0.693321749567986 0.694597497582436 0.616724252700806 0.621821254491806 0.619929760694504 0.564072757959366 0.566618978977203 0.591590255498886 0.610832244157791 0.614426985383034 0.575438261032104 0.547801494598389 0.535981491208076 0.630885735154152 0.576470240950584 0.556775987148285 0.623952761292458 0.740202739834785 0.682138502597809 0.700028255581856 0.715880244970322 1.15320673584938 0.805159538984299 0.680010750889778 0.678953245282173 0.683364763855934 0.900635272264481 1.24394997954369 1.50175416469574 1.49674648046494 1.45381727814674 1.6309649348259 1.6752524971962 1.81166696548462 1.84674382209778 1.81312358379364 2.01751273870468 3.07341456413269 6.85682201385498 11.3435161113739 11.9361755847931 9.67999076843262 9.90744209289551 8.69943380355835 7.07103967666626 6.03675055503845
-9999 -9999 -9999 -9999 -9999 1.23456448316574 1.33713296055794 1.38096749782562 1.23263847827911 0.850944757461548 0.506798252463341 0.437994003295898 0.517031997442245 0.592817232012749 0.601866021752357 0.613535240292549 0.583691999316216 0.515070766210556 0.522352516651154 0.534690007567406 0.561841517686844 0.567629233002663 0.599823743104935 0.583661243319511 0.580005750060081 0.494549229741096 0.461813986301422 0.545026481151581 0.566479504108429 0.542032510042191 0.51792673766613 0.532307982444763 0.674124017357826 0.884230524301529 0.671310737729073 0.788187772035599 0.772858500480652 0.76886174082756 0.633277505636215 0.628220245242119 0.606177002191544 0.614110484719276 0.650129243731499 0.780074268579483 0.957667529582977 1.27757549285889 1.26548928022385 1.09266373515129 1.08246222138405 1.64992582798004 1.72452825307846 1.65136349201202 1.81371456384659 2.9211922287941 11.6222949028015 9.98789477348328 9.71561408042908 8.65457797050476 9.33176708221436 9.29984092712402 4.67154586315155 4.13752055168152
-9999 -9999 -9999 -9999 -9999 0.914819240570068 0.813434958457947 0.883362025022507 1.02258521318436 0.759794980287552 0.503681257367134 0.432788997888565 0.447741732001305 0.465751513838768 0.470038488507271 0.533427760004997 0.461415767669678 0.430280238389969 0.4439647346735 0.490118265151978 0.499215021729469 0.499554768204689 0.499778240919113 0.472491770982742 0.461420238018036 0.426020979881287 0.423784509301186 0.459147736430168 0.472092747688293 0.501750737428665 0.493370980024338 0.4881292283535 0.541613236069679 0.652156502008438 0.774275243282318 0.804789036512375 0.730064257979393 0.571858495473862 0.566731497645378 0.562976270914078 0.577763244509697 0.561433508992195 0.607109248638153 0.545993998646736 0.604435488581657 0.760182023048401 0.696400478482246 0.774627774953842 0.972934484481812 1.28724896907806 1.68264144659042 2.24728202819824 2.90165627002716 3.75463056564331 2.61589801311493 3.81732738018036 5.49066388607025 6.29477548599243 9.24064350128174 3.56263875961304 2.36756926774979 2.19321978092194
-9999 -9999 -9999 -9999 -9999 0.751226216554642 0.833335518836975 1.08467996120453 0.68605649471283 0.408618003129959 0.382343262434006 0.38288851082325 0.367937251925468 0.368072994053364 0.37558950483799 0.39946348965168 0.379868254065514 0.387653231620789 0.40556176006794 0.433900505304337 0.440069228410721 0.443894997239113 0.434063270688057 0.390171021223068 0.405927747488022 0.41473200917244 0.401643007993698 0.417791247367859 0.399641990661621 0.392205744981766 0.398270264267921 0.426689252257347 0.489546731114388 0.525659993290901 0.560332506895065 0.551319748163223 0.574295237660408 0.680491849780083 0.520770750939846 1.77917522192001 1.06224708259106 0.478051498532295 0.560302510857582 0.49617974460125 0.520532235503197 0.459930762648582 0.609132751822472 0.801084011793137 0.834542959928513 0.873561769723892 1.14699751138687 1.32958647608757 1.4605815410614 1.5068444609642 1.79186850786209 2.1317685842514 2.72204250097275 3.69774663448334 5.55401623249054 4.2425833940506 3.00259280204773 2.54024702310562
-9999 -9999 -9999 -9999 -9999 0.400782018899918 0.453408747911453 0.749981984496117 0.343724995851517 0.356907740235329 0.345680996775627 0.339321747422218 0.336668260395527 0.3410310074687 0.342582754790783 0.353399254381657 0.357546754181385 0.367881752550602 0.364622242748737 0.356762252748013 0.339365243911743 0.345778495073318 0.360924750566483 0.364229254424572 0.391426518559456 0.392875492572784 0.380459234118462 0.391851738095284 0.447881251573563 0.474307492375374 0.500494480133057 0.550523981451988 0.491980478167534 0.580229267477989 0.628501519560814 0.621425986289978 0.758128121495247 0.738804757595062 0.81708624958992 1.04429322481155 0.465809985995293 0.486036747694016 0.724046275019646 0.43044376373291 0.506715729832649 0.512456998229027 0.603875979781151 0.746483266353607 0.901903510093689 1.01459696888924 1.01413348317146 0.85783052444458 1.31967598199844 1.58528691530228 1.78842526674271 1.78718250989914 1.68273442983627 1.77278476953506 1.92792677879333 3.18282508850098 4.14651739597321 15.5038962364197
