EcologicalScience/Bass/data/rs_data_bass/chl_283.asc
NCOLS 226 
NROWS 124 
XLLCORNER -9.41648524995501 
YLLCORNER 47.587301625531 
CELLSIZE 0.0833 
NODATA_value -9999 
[rows 54 to 80 of 124, columns 124 to 185 of 226]
2.82525157928467 2.40657895803452 2.03851792216301 1.50221693515778 1.59891897439957 1.77617919445038 2.64012908935547 1.95355117321014 1.90641742944717 1.99263006448746 2.04270458221436 2.00095957517624 1.93782448768616 2.45472943782806 2.40527373552322 2.47930628061295 2.15761131048203 2.22801893949509 2.69955475540722 2.61243266363939 2.48412376642227 2.69465625286102 2.59469634995741 2.53446598847707 2.4345888197422 2.47172176837921 2.53471237421036 2.5955411195755 2.81861212849617 2.76617324352264 3.02944257855415 2.85003393888474 3.20060231288274 2.78351032733917 2.77856209874153 2.80707460641861 2.92622524499893 2.66230207681656 2.59631842374802 2.22620657086372 1.82389265298843 1.79583146642236 1.9698551595211 2.65690129995346 4.9217302869348 4.57804153246038 5.14672723237206 5.69913410088595 6.57245082714978 6.59590132797466 6.32103891933666 12.2028190732002 7.30228158831596 8.29277836043259 5.31506068365914 6.45798240767585 6.90915935380118 7.41540767465319 10.2583862032209 14.2377409006925 6.65225885585397 -9999
3.16778111457825 2.88036525249481 2.49466082453728 2.4963241815567 2.25199690461159 2.12554824352264 2.19615435950896 2.13773703575134 1.84237575531006 1.93576955795288 1.96741944551468 2.96823298931122 2.12845945358276 2.44542050361633 2.49023395776749 2.73031058907509 2.17822569608688 2.27407497167587 2.18698132038116 2.48847648676704 2.64837088655023 2.62500751018524 2.75140110885396 2.98756825573304 3.00714111328125 2.95894905924797 2.97668766975403 3.10623827576637 3.14160856604576 3.05432099103928 3.22394104514803 3.26628895103931 2.8387825191021 2.99301740527153 2.99478793144226 3.55483424663544 3.2740523715814 2.46067053079605 2.24808973073959 1.85614678438972 2.0794360935688 2.67608481645584 3.89485130941167 5.98303085214951 6.11609384242226 4.52757612747305 4.78861719720504 5.31613837270176 6.18994832038879 6.30814109129064 7.58936842109846 5.83208720437412 8.04087704160939 12.5349230662636 10.2164230942726 8.7981990546715 10.5720698833466 -9999 -9999 -9999 -9999 -9999
3.3890722990036 3.39755094051361 2.62986069917679 2.69166666269302 2.41999804973602 2.32104599475861 2.45217858342563 2.59313769200269 2.91650042463751 2.94692588904325 2.6139372587204 2.55377632379532 2.96476923718172 2.96541958346086 2.86325161246692 2.97909609228373 2.74777095392346 2.53567078534295 2.48684668190339 2.51811094143811 2.59296282249338 2.77167755715987 3.06367359091254 3.48064497639151 3.43398277958234 3.16156250238419 3.16460698843002 3.2631493806839 3.33049911260605 3.29468466639519 3.39725279510021 3.52931663095951 3.27951814730962 3.42736320197582 3.41618670786128 3.35762387514114 2.82282609740893 1.98129111528397 2.23491668701172 2.09296953678131 2.60867401957512 3.26722544431686 4.66570143489277 4.18367197583703 4.05675515707801 4.45194779424106 4.5090230142369 3.73498079569443 7.18629448688947 5.73230929970741 4.55774130140032 4.6775678225926 10.1457935021474 5.91029314994812 -9999 -9999 -9999 -9999 -9999 -9999 -9999 -9999
3.71864247322083 3.56940364837646 3.32736217975616 3.44696864310433 2.72934946417809 2.49923631548882 2.31799086928368 2.48768457244424 2.52296187947778 2.64203781240127 2.39403480291367 2.66925615422866 2.63245784535128 2.84772424136891 2.80201405637404 2.57551830305773 2.92422114685178 2.75023850798607 2.82495615762823 2.8991660575072 2.54896581172943 2.66728127002716 2.7651629447937 2.82712054252625 3.68153993288676 3.34362602233887 3.26462244987488 3.38450092077255 3.39443135261536 3.51592407524586 3.52547900676727 2.88205996155739 2.81740313768387 3.02714933951696 2.89054066994611 2.31767258473805 2.3800239533186 1.94273547828197 1.85058838874102 1.54151822626591 2.0441057831049 3.93654692173004 4.18832912164576 3.76299398786881 4.03573769330978 4.00142160583945 11.9887670952341 6.07738906527878 11.5646841617731 9.94670183008367 11.0839407010512 11.0753003311157 11.703263255266 -9999 -9999 -9999 -9999 -9999 -9999 -9999 -9999 -9999
3.92472088336945 3.64440751075745 3.36159360408783 2.94228601455688 2.76739275455475 2.61722481250763 2.242471575737 2.01706355810165 1.74211049079895 1.67079967260361 2.7155134362333 2.67698066374835 2.6407474174219 2.69246967399822 2.64429250885459 2.58778674812878 3.06553554885528 3.21583632861867 3.24197938862969 3.3658143492306 2.42220067977905 2.61111080646515 3.28865453600883 3.29397647579511 3.44402664899826 3.38328069448471 2.9788139462471 2.94951224327087 2.73613804578781 3.30902679562569 3.45867490768433 2.58904194831848 2.46118091543516 1.87299531698227 0.588664501905441 2.17802630960941 1.96305349043437 1.97243137657642 2.03206180036068 2.36515873298049 3.34251004954179 4.33706603050232 3.51581910252571 3.70594938844442 4.12308143824339 9.46218217652419 12.03326659367 4.86109507083893 4.44529438018799 4.04489028453827 7.04355921464808 12.3092670965195 48.4265147209168 -9999 -9999 -9999 -9999 -9999 -9999 -9999 -9999 -9999
-9999 4.72351334095001 4.12321364879608 3.58258867263794 3.3068071603775 3.46065151691437 3.02551710605621 2.66470581293106 2.32073700428009 2.26979845762253 2.11040407419205 2.75720642945346 2.7841816684779 2.50502330064774 2.74479445990394 2.66180452529122 3.58915758132935 3.46284655332565 3.79084899425507 3.66251093149185 3.88481672371135 3.46031522750855 3.35622778534889 3.25933427611987 3.15470060706139 3.14245641231537 2.98133924603462 2.79551696777344 3.49338717162609 2.7000018954277 2.65889140963554 2.49121904373169 2.29936186472575 2.09018951654434 1.91851453921374 1.84804570376873 1.95746786892414 2.21200598338071 2.36376928389072 2.73555533587933 4.96862565726042 4.83402901142836 4.11747488379478 3.85098020732403 4.03808883825938 -9999 12.3436870574951 7.69620690138444 4.66340625286102 5.32153058052063 59.7383117675781 64.460269317627 67.1051931381226 28.1760361712912 -9999 -9999 -9999 -9999 -9999 -9999 -9999 -9999
-9999 -9999 -9999 -9999 -9999 2.28387522697449 3.74797582626343 3.61674392223358 3.46930718421936 2.81155353784561 2.69890058040619 2.87238740570405 2.65970770050498 2.79615113735199 2.88703494913438 3.18761259317398 3.76530692577362 4.29093561803593 4.43665250259287 3.86835426092148 3.50782714521184 3.20105229756411 3.03968314563527 3.05201309919357 3.04315928408974 2.7342149913311 2.60703000426292 2.57380539178848 2.37402936816216 2.30279919505119 2.54031291604042 2.37213905155659 2.19611680010955 2.00226988395055 1.87475262669956 2.03462963945725 2.35421766340733 2.7555801898241 2.93007213771343 3.22380112608274 6.14758740862211 6.42378401756287 4.7385868281126 2.53248077630997 3.99933459609747 18.7603386883597 -9999 -9999 -9999 -9999 52.4213762283325 24.5960524919871 52.3198652267456 20.4759484951313 -9999 -9999 -9999 -9999 -9999 -9999 -9999 -9999
-9999 -9999 -9999 -9999 -9999 -9999 -9999 -9999 4.71977055072784 3.69998788833618 3.33783531188965 2.87748599052429 2.62044453620911 2.35980230569839 3.26500286074246 3.97601664767546 4.21614359617233 4.23650966321721 3.78162797759561 3.71091721689 3.47715169892592 3.21646767854691 3.03047641585855 2.89948997497559 2.67796238958836 2.37813448905945 2.33750769495964 2.24215462803841 2.21169036626816 2.48918367549777 1.91971579018761 1.78885101220187 2.00177049636841 1.8688391558826 3.58274108522079 4.27113894855275 4.02075339064879 2.74581657350063 1.01023721694946 3.58472589651744 4.12081165115039 4.5546839038531 3.52247806638479 3.5178052559495 7.62462961526565 29.0682649612427 -9999 -9999 -9999 -9999 17.548882484436 30.858068673507 25.422793357603 28.4456484658377 33.2628012657165 28.5949464038927 -9999 -9999 -9999 -9999 -9999 -9999
-9999 -9999 -9999 -9999 -9999 -9999 -9999 -9999 -9999 -9999 3.81525528430939 3.24522507190704 2.89341455698013 2.73271733522415 2.71577703952789 4.08386074094211 4.03844667673111 2.64920783042908 3.66581317186356 3.33740098336164 3.38781040906906 3.1716200078235 2.82847914976232 2.47794269463595 2.29925626516342 2.18167805671692 2.06707236170769 1.96109774708748 2.15651893615723 2.51646278053522 2.32468398528941 2.22727408479242 2.10653075732683 2.45709747076035 4.28113885223866 4.64235929399729 4.90144408866763 6.27193382754922 7.21563823521137 6.76474280655384 6.80946603789926 5.16903182119131 4.30540571893964 3.611163854599 13.1820067676526 -9999 -9999 -9999 -9999 -9999 -9999 -9999 9.6905543324424 13.0679467767477 0.412854015827179 37.9218408823013 10.8786277770996 -9999 -9999 -9999 -9999 -9999
-9999 -9999 -9999 -9999 -9999 -9999 -9999 -9999 -9999 4.3704868555069 4.03129863739014 3.67164981365204 3.33844184875488 3.15812265872955 3.05954539775848 3.46071302890778 3.03977930545807 2.82236176729202 2.78570848703384 2.62678653001785 3.27538838456659 3.30589842796326 2.76467074366177 2.21746676108416 1.70366186400255 1.7696205675602 1.98555037379265 2.12396854162216 2.21132853627205 2.91029822230339 2.77810118028096 1.87766115864118 1.91038459539413 3.42950354019801 4.74348381534219 5.75493857637048 6.57089292258024 7.8225061185658 7.30607542768121 6.16187033057213 4.79590969160199 3.74450505897403 1.73900556564331 1.98468232154846 21.5035579030954 33.0447750091553 -9999 -9999 -9999 16.9974661320448 16.0640454769134 28.2168702754107 21.1680868466695 31.1481167642694 32.4209339618683 15.3940796571619 16.7611718408523 -9999 -9999 -9999 -9999 -9999
-9999 -9999 -9999 -9999 -9999 -9999 -9999 -9999 -9999 -9999 4.16569876670837 3.84147155284882 3.69813287258148 3.79131209850311 4.15233600139618 3.86489617824554 3.37198340892792 3.11046016216278 2.95397543907166 3.08240854740143 3.18527917563915 2.94830984249711 2.5135969184339 2.17114610597491 1.73918884992599 1.69024680790148 1.49976810316245 3.55797609686852 3.96864200234413 3.20654734969139 2.5246553555131 1.83234847337008 1.6061353435119 2.99974017394216 2.38171489749636 4.32814548164606 3.53539503179491 2.89880907163024 3.45132696256042 3.8752979747951 4.11584262549877 3.4176639765501 3.38721851507823 2.77723088860512 8.5793200013707 -9999 -9999 -9999 -9999 -9999 21.0366513994005 12.8058297974723 14.7974081039429 16.4773551623027 15.3361984491348 -9999 -9999 -9999 -9999 -9999 -9999 -9999
-9999 -9999 -9999 -9999 -9999 -9999 -9999 -9999 -9999 3.67937564849854 4.57643270492554 4.9692131280899 4.46633040904999 4.4557785987854 3.80662858486176 3.46675872802734 3.05211210250854 2.98748016357422 2.98095971345901 3.19033026695251 2.96805734435717 2.83103361229102 2.7178256859382 1.93581818416715 1.83051816746593 2.08422667781512 2.42846928040187 4.1364441215992 4.21888597011566 4.85330910533667 3.17439885735512 2.60929642170668 2.19674208015203 1.96768855601549 3.99179444994245 3.1672756586756 2.85905744748957 3.99843348327436 4.95681867003441 4.68835472067197 4.29211115241051 3.61739203333855 3.93617522716522 6.22875283296826 3.86466658115387 -9999 -9999 -9999 -9999 -9999 37.003263698535 21.8891603681776 13.6069999337196 -9999 -9999 -9999 -9999 -9999 -9999 -9999 -9999 -9999
-9999 -9999 -9999 -9999 -9999 -9999 -9999 -9999 -9999 3.9471423625946 5.34081430435181 4.37759935855865 4.13176739215851 3.94257366657257 3.25108802318573 3.02507185935974 2.86167007684708 2.97987449169159 3.07463638782501 3.01548457145691 2.97779256105423 2.69314960576594 2.65105872405203 1.73874190449715 1.85281571745872 3.12330570816994 4.97862567504247 4.88611178596815 5.82242189844449 4.95124809679232 3.45376414060593 3.60860788822174 4.09774779081345 3.08262862761815 4.00365727438646 3.46142323052182 3.19121639518177 3.15046730339527 3.35556234419346 3.63089288771152 3.98344038923581 3.39020071427027 3.33201138178508 10.28900549134 3.86466693878174 -9999 -9999 -9999 -9999 12.1949715614319 -9999 -9999 -9999 -9999 -9999 -9999 -9999 -9999 -9999 -9999 -9999 -9999
-9999 -9999 -9999 -9999 -9999 -9999 -9999 -9999 -9999 3.75812411308289 4.75100952386856 4.39273881912231 4.25647258758545 3.74007904529572 3.35259461402893 3.18611168861389 2.89869457483292 3.05823683738708 2.98437675833702 2.82598006725311 2.55687072873116 1.9805523455143 1.78401035070419 1.70083165168762 1.78751215338707 3.21688256164392 5.47775240242481 6.68789339065552 9.37461277842522 7.33812189102173 8.41522796948751 8.57822875181834 8.45618819693724 5.97626495887251 7.47790351510048 6.37812504172325 3.00296598672867 3.24465268850327 2.83728374540806 2.70267570018768 3.83851334452629 3.84578121006489 5.79415977321454 -9999 -9999 -9999 -9999 -9999 -9999 -9999 -9999 -9999 -9999 -9999 -9999 -9999 -9999 -9999 -9999 -9999 -9999 -9999
-9999 -9999 -9999 -9999 -9999 -9999 -9999 -9999 -9999 3.64726448059082 3.88911437988281 4.05484879016876 3.90647041797638 3.33794331550598 3.32528328895569 3.17148220539093 2.89397549629211 2.77666872739792 2.74505317211151 1.92222833633423 1.77091956138611 1.75731790065765 1.52031522989273 1.53320887684822 1.42310120165348 2.86884394784768 5.36133376757304 6.16166325410207 6.57364864150683 5.74107600251834 5.2063235938549 7.23934421936671 7.28972648084164 6.7779553681612 4.794447876513 4.04876165091991 3.0022156308679 2.84574340371525 2.95445946852366 3.32002365589142 3.975350689888 4.74000857858097 9.84014598576419 -9999 -9999 -9999 -9999 -9999 -9999 -9999 -9999 -9999 -9999 -9999 -9999 -9999 -9999 -9999 -9999 -9999 -9999 -9999
-9999 -9999 -9999 -9999 -9999 -9999 -9999 3.28386068344116 6.41922868490219 3.68226354122162 3.86255264282227 3.74780917167664 3.70335602760315 2.89565545320511 2.99568754434586 2.70872694253922 2.65551906824112 2.43485856056213 2.1348659992218 1.9415842294693 1.75383675098419 1.59960566461086 1.6675560772419 1.9375676214695 1.35132148861885 1.25089654326439 1.24626821279526 1.14467096328735 1.39688470959663 1.77243143320084 1.87735658884048 2.04592573642731 4.7507955506444 3.41327986121178 3.05363350734115 2.90573323890567 1.7356470823288 2.94539066031575 2.0548095703125 3.51462968587875 14.7276839434522 5.69786846637726 3.25656187534332 -9999 -9999 -9999 -9999 -9999 -9999 -9999 -9999 -9999 -9999 -9999 -9999 -9999 -9999 -9999 -9999 -9999 -9999 -9999
-9999 -9999 -9999 -9999 -9999 -9999 4.53139134645462 3.92031345102522 4.3579608743841 3.37286770343781 3.85293745994568 3.67071461677551 3.53353428840637 2.7550882101059 2.52726674079895 2.37910276651382 2.14065903425217 2.26388329267502 2.0083304643631 1.80174744129181 1.42446747422218 1.20704627037048 1.58435171842575 1.95498383045197 2.12514817714691 1.80289041996002 1.67379605770111 1.42683228850365 1.79267245531082 1.85423094034195 1.99453121423721 2.04457354545593 3.19320015907288 2.5961591117084 2.48784707486629 2.97005479037762 3.32631379365921 3.20693526417017 3.11076809093356 -9999 -9999 -9999 -9999 -9999 -9999 -9999 -9999 -9999 -9999 -9999 -9999 -9999 -9999 -9999 -9999 -9999 -9999 -9999 -9999 -9999 -9999 -9999
-9999 -9999 -9999 -9999 4.00333907340933 3.94531022177802 3.629912763834 3.55341208682341 3.39911091327667 3.33700060844421 3.250896692276 3.4586706161499 3.24311327934265 2.80660647153854 2.43676275014877 2.17096424102783 2.01442283391953 1.98264902830124 1.84444123506546 1.56918972730637 1.14912754297256 1.17009973526001 1.46101346611977 1.89968848228455 2.08449983596802 3.10633339360356 3.94808665663004 4.66884154826403 5.02002390101552 4.50842242687941 8.52293515205383 2.60453712940216 2.4742448553443 2.65327561274171 2.86700928211212 3.29720914363861 3.40810037914075 14.6795567044845 -9999 -9999 -9999 -9999 -9999 -9999 -9999 -9999 -9999 -9999 -9999 -9999 -9999 -9999 -9999 -9999 -9999 -9999 -9999 -9999 -9999 -9999 -9999 -9999
-9999 -9999 -9999 -9999 3.5582495033741 3.55270364284515 3.73555612564087 3.63405944319332 3.34157717227936 3.23776817321777 2.98499768972397 3.05975103378296 3.09933614730835 2.88864004611969 2.66844373941422 2.22796654701233 1.83699452877045 1.76033252477646 1.77106493711472 1.55514532327652 1.24769479036331 1.21694549918175 1.49827346205711 1.704669713974 1.9172887802124 2.08347451686859 3.88861008882523 3.9776421546936 3.72468812465668 3.21385163068771 2.54144234657288 2.44929550886154 2.98248774558306 1.88661825656891 4.3213791847229 4.11273228004575 4.11429271101952 -9999 -9999 -9999 -9999 -9999 -9999 -9999 -9999 -9999 -9999 -9999 -9999 -9999 -9999 -9999 -9999 -9999 -9999 -9999 -9999 -9999 -9999 -9999 -9999 -9999
-9999 37.5749743371036 4.44976598686642 4.23083971606361 3.95149600982666 3.40545845031738 3.70206640047186 4.19013118743896 3.13945198059082 3.06449460983276 3.19756364822388 3.2208616733551 3.12565934658051 2.75597476959229 2.22634202241898 1.9402574300766 1.54769092798233 1.60534054040909 1.60013169050217 1.49480554461479 1.60241854190826 1.67930853366852 2.91564783453941 3.11081701517105 3.64031412204107 3.74952351674438 3.76376438140869 3.39214459657669 2.61478945612907 2.25451201200485 2.40797732770443 2.20131683349609 2.58655428886414 3.76963799446821 27.1363724470139 10.1201245893132 -9999 -9999 -9999 -9999 -9999 -9999 -9999 -9999 -9999 -9999 -9999 -9999 -9999 -9999 -9999 -9999 -9999 -9999 -9999 -9999 -9999 -9999 -9999 -9999 -9999 -9999
4.4583441734314 4.40275079727173 4.00558277606964 3.89626924991608 3.48797388637767 3.39006088761722 3.3207460641861 3.28956255492042 3.14564609527588 3.10332441329956 2.82704848051071 2.85982882976532 3.07647836208344 2.16851323843002 1.68121057748795 1.57130920886993 1.54092228412628 1.71203470230103 1.77370655536652 1.9061467051506 2.35172617435455 2.52460867166519 2.56816202402115 2.62271100282669 2.40037572383881 3.4181335195899 2.14623820781708 2.1363240480423 2.08248746395111 2.39253669977188 2.58282369375229 2.66358071565628 3.06417632102966 -9999 -9999 -9999 -9999 -9999 -9999 -9999 -9999 -9999 -9999 -9999 -9999 -9999 -9999 -9999 -9999 -9999 -9999 -9999 -9999 -9999 -9999 -9999 -9999 -9999 -9999 -9999 -9999 -9999
12.3558365648443 4.0996016934514 3.87826830893755 3.74132993221283 5.64385986328125 3.56702432781458 3.20418785512447 3.12509176880121 3.32510769367218 2.83293896913528 2.24339032173157 2.82704544067383 2.30193597078323 1.65578931570053 1.5953888297081 1.61116433143616 1.94276475906372 2.00526595115662 2.0131995677948 2.06652975082397 2.42200416326523 1.89053828269243 2.56144648790359 2.97215195372701 2.95430588722229 2.68249949812889 1.84730476140976 2.65558496117592 2.46891152858734 2.50101149082184 2.63240700960159 2.54672849178314 2.42042630910873 11.6800043903864 4.17114763600486 6.09230017662048 -9999 -9999 -9999 -9999 -9999 -9999 -9999 -9999 -9999 -9999 -9999 -9999 -9999 -9999 -9999 -9999 -9999 -9999 -9999 -9999 -9999 -9999 -9999 -9999 -9999 -9999
4.14766135215759 3.95470385551453 3.89793558120728 3.68216067552567 4.20773738622665 3.63839187473059 3.41775834560394 3.14997661113739 2.63269793987274 2.39845043420792 2.20890980958939 2.33419042825699 1.72396266460419 1.4794807434082 1.44997572898865 1.30341884493828 1.14223662391305 1.20205986499786 1.43134028278291 1.5060710683465 1.75571447610855 1.90077456459403 2.2231919914484 2.97964311763644 2.71996834874153 2.66547185182571 2.68486315011978 2.59369468688965 3.06191736459732 3.19353684782982 6.29842829068502 -9999 -9999 -9999 -9999 -9999 -9999 -9999 -9999 -9999 -9999 -9999 -9999 -9999 -9999 -9999 -9999 -9999 -9999 -9999 -9999 -9999 -9999 -9999 -9999 -9999 -9999 -9999 -9999 -9999 -9999 -9999
4.16139969825745 5.23777731657028 4.29326317310333 3.60254054069519 4.39820069074631 3.32869577407837 3.48979496955872 3.36545634269714 3.11992943286896 2.82981598377228 2.35567420721054 1.75148391723633 1.64597770571709 1.47458700835705 1.25259197751681 1.17527207359672 1.30818442006906 1.54544539377093 1.47531630657613 1.79429110139608 2.38287033140659 2.64651203155518 3.0085830911994 2.82138641551137 2.86147049814463 2.75325744599104 2.71171573922038 3.06096287816763 3.75597325124239 3.51594573573062 3.34830703233418 4.00405912399292 -9999 -9999 -9999 -9999 -9999 -9999 32.3386354944599 12.6942715644836 -9999 -9999 -9999 -9999 -9999 -9999 -9999 -9999 -9999 -9999 -9999 -9999 -9999 -9999 -9999 -9999 -9999 -9999 -9999 -9999 -9999 -9999
7.12476224899292 4.53725578784943 4.39162404537201 4.5683787430034 4.07594230175018 4.67971846461296 4.87152796983719 4.48864656686783 3.30056262016296 2.74866682291031 2.32411873340607 1.41457870602608 1.27492809295654 1.27754259606202 1.28046589096387 1.48862972483039 1.65643181093037 1.81127886101604 1.89089879393578 3.20741191506386 3.32454362511635 3.32996920868754 3.38687198236585 3.284503005445 2.80476000532508 2.7654300481081 3.16251977284749 3.43598652513404 3.8880884150664 3.10209773088756 3.24020297903764 3.42093944549561 -9999 -9999 -9999 -9999 -9999 -9999 -9999 -9999 -9999 -9999 -9999 -9999 -9999 -9999 -9999 -9999 -9999 -9999 -9999 -9999 -9999 -9999 -9999 -9999 -9999 -9999 -9999 -9999 -9999 -9999
-9999 -9999 -9999 -9999 -9999 4.17427426890323 3.88565691312154 3.43810259103775 2.63844966888428 2.19985270500183 1.9102755188942 1.27252280898392 1.47622170050939 1.2164272069931 1.74618854373693 1.61439979076385 2.4511674977839 2.70259530097246 3.32270441204309 3.39338572695851 3.52850266546011 3.50345022976398 3.35914224386215 3.04177840054035 8.80828622631405 7.73710096733911 -9999 -9999 -9999 -9999 -9999 -9999 -9999 -9999 -9999 -9999 -9999 -9999 -9999 -9999 -9999 -9999 -9999 -9999 -9999 -9999 -9999 -9999 -9999 -9999 -9999 -9999 -9999 -9999 -9999 -9999 -9999 -9999 -9999 -9999 -9999 -9999
-9999 -9999 -9999 -9999 -9999 -9999 3.32195277884603 2.97838282585144 1.81633722782135 1.54596447944641 1.52400970458984 0.888548970222473 1.24962303042412 2.10748516023159 1.79197418689728 2.47053444385529 2.43818628787994 2.18336856365204 2.33632797002792 2.68638753890991 2.64385271072388 2.58775269985199 4.25676830112934 3.18793544245929 -9999 -9999 -9999 -9999 -9999 -9999 -9999 -9999 -9999 -9999 -9999 -9999 -9999 -9999 -9999 -9999 -9999 -9999 -9999 -9999 -9999 -9999 -9999 -9999 -9999 -9999 -9999 -9999 -9999 -9999 -9999 -9999 -9999 -9999 -9999 -9999 -9999 -9999
