EcologicalScience/Bass/data/rs_data_bass/chl_454.asc
NCOLS 226 
NROWS 124 
XLLCORNER -9.41648524995501 
YLLCORNER 47.587301625531 
CELLSIZE 0.0833 
NODATA_value -9999 
[rows 54 to 80 of 124, columns 124 to 185 of 226]
2.60417688351411 2.50100491597102 2.37224853955782 2.31267138169362 2.48172722543989 2.27466474129603 2.26705034879538 2.16609685696088 2.24136585914172 2.16077352487124 1.91843635302324 1.88415470948586 2.0672927911465 1.31866054981947 1.10213825106621 2.12533334585337 2.08979533399854 2.07406675815582 2.10327013901302 2.03842760835375 2.02855324745178 1.9271480185645 1.89549136161804 1.87284999234336 2.09991916588375 2.34110028403146 2.28258774110249 2.30166843959263 1.93002556903022 2.0959243957813 2.00879594454399 1.89898738035789 1.88139921426773 4.89672148227692 12.9625932574272 1.91241916784873 1.93550884723663 1.98522800665635 2.02122878111326 1.81651121377945 1.76509207028609 1.08751749396324 1.26060649752617 1.0880189165473 0.940391398966312 1.01133181899786 2.19463198460065 2.25425054476811 2.44959871585553 3.27834875767048 3.17950113003071 5.42758997281392 5.29234584172567 5.24638402462006 6.62028752267361 8.69112776219845 6.11180426180363 7.38701489567757 8.67590211331844 7.64555236721827 -9999 -9999
2.90720914418881 2.73636739529096 2.60134614889438 2.44296916173055 2.51748066682082 2.44480465925657 2.37811326522094 2.35494494896669 2.22731424753483 2.09224425370877 1.94639967496579 1.88607972401839 1.95765608090621 1.89287708814328 2.07388570216986 2.15006907628133 2.04147551151422 2.08834993380767 2.08406533186252 2.14434407307551 2.18274695139665 2.10943393982374 2.22465949333631 2.25256674630301 2.34212665046964 2.4312698159899 2.4206514103072 2.06307013545717 1.85124937125615 1.70122539997101 1.68546287502561 1.86139476299286 1.8519793840555 1.89073243507972 1.85323263590152 1.92178501532628 1.94186759453553 1.85609046770976 1.17845246195793 1.53368379978033 1.58409934318983 1.46128117293119 1.61164172337605 2.01530767404116 2.22461162622158 2.34960944377459 3.00401385013874 3.09959061329181 4.07289662361145 4.30347812175751 5.07658688227336 7.68951143324375 6.24895794689655 8.09786774218082 7.44041687250137 10.0877648867094 10.5720698833466 -9999 -9999 -9999 -9999 -9999
3.06288115794842 2.97715574961442 2.58194732666016 2.50237696904403 2.51652226539759 2.46977588763604 2.55162577904188 2.44496377614828 2.26986686082987 2.16554737549562 2.07743464983427 2.00463781907008 2.03722374255841 2.09865119824043 2.18908131122589 2.1791994204888 2.13907457773502 2.07418947953444 2.26493368699 2.23976354874097 2.29228443365831 2.40109319411791 2.60807601763652 2.45065408945084 2.67294591665268 2.46030144508068 2.30467798028673 1.98690588657673 1.95034812046931 1.95662139470761 1.88779166111579 1.8625985796635 1.85116267204285 1.88645037779441 1.92909955061399 1.99378348313845 2.00217663783294 1.95479329732748 1.8970913199278 1.69037558940741 1.58742335667977 1.60259061593276 1.86423728557733 2.14970045823317 2.26809189869807 2.32648572096458 2.53114007069514 2.92395724207163 8.614453236262 4.77365990479787 6.59963687260946 5.78915047645569 6.64898644387722 8.64469380676746 -9999 -9999 -9999 -9999 -9999 -9999 -9999 -9999
3.30061458624326 3.13263652874873 2.89046273781703 2.75530139758037 2.71332378112353 2.67489907374749 2.62260101850216 2.62927980147875 2.55093411298899 2.39375480780235 2.23357167610755 2.25118487614852 2.2925734107311 2.33832016358009 2.37237764321841 2.52787600113795 2.29313866908734 2.23706942796707 2.35289713052603 2.592331299415 2.59236139910562 2.58399295806885 2.80512946844101 2.48547833306449 2.2175053187779 2.17891949415207 2.15090711627688 2.04968478849956 1.99735137132498 1.93677720198265 1.85588677112873 1.81838539013496 1.90249341267806 1.97260432059948 1.96931389661936 1.97356946193255 2.06629351010689 2.06271490683922 1.88881329389719 1.68538263669381 0.814079776406288 1.64809222863271 1.59410628676414 1.88196400403976 2.51972875595093 3.88727722167969 5.16372658925898 17.2339563089259 8.55368265980168 6.66138779371977 8.40830562664912 7.55183882713318 6.69286872943242 14.5534808829024 -9999 -9999 -9999 -9999 -9999 -9999 -9999 -9999
3.64521517203404 2.56244601309299 2.41584478318691 3.36187844093029 3.34257957568535 3.21993668262775 2.9442296394935 2.88030896737025 2.86390779568599 2.87377710067309 2.77991030766414 2.55587412302311 2.37883937358856 2.43477645745644 2.37597760787377 2.58934439145602 2.82613835884975 2.5888624053735 2.52264104439662 2.53655563933509 2.68261678729738 2.71082672902516 2.37638369628361 2.23627046176365 1.90632600443704 1.8684218440737 2.02420743022646 2.00435374464308 1.94794548409326 1.85006511211395 1.85560582692807 1.96487485445463 2.02169754871955 2.05459044071344 2.0422380566597 2.1758936047554 1.87259136254971 1.74936676025391 1.75110293351687 1.82723460289148 1.77309966087341 2.53405274336155 2.88358654425694 2.900882597153 3.42446452837724 3.6626489092322 5.84489798545837 5.99472103118896 6.43786191940308 5.5437126984963 5.79638528823853 13.2538724679213 54.936819413129 -9999 -9999 -9999 -9999 -9999 -9999 -9999 -9999 -9999
25.6559651613236 2.65532739460468 2.5567219555378 3.72966630118234 3.69921362400055 5.04173208200014 3.66787029229678 3.54094034891862 3.45268695171063 3.23051512241364 3.13432476612238 2.61470463642707 2.43892228603363 2.44557959758318 2.59620355642759 2.94439387321472 3.05451504542277 3.12202454071778 3.13982951182586 2.99918448925018 2.93034747242928 2.66016578674316 2.2884815633297 1.92834742580141 1.87151675564902 1.75489571264812 1.88365730217525 1.87866198165076 1.81375998258591 1.79929927220711 1.82108378868837 1.89531715558125 1.9416783956381 1.97801044354072 1.89138425313509 1.85705167513627 1.76564452281365 1.83383395121648 1.89948999881744 1.87776465599353 1.8068049458357 2.1661793589592 2.62426954507828 2.78070490176861 3.62794017791748 -9999 7.77103429682115 5.82041263580322 7.4680314540863 7.69021697044372 21.6812046703539 40.5087772818173 43.4218817879172 41.39108644213 -9999 -9999 -9999 -9999 -9999 -9999 -9999 -9999
-9999 -9999 -9999 -9999 -9999 2.28387522697449 4.38844341390273 4.07297103404999 3.8550555229187 3.52874611105238 3.42851361861596 3.26580892159389 2.92595675358405 3.00067500884716 3.04045515335523 2.98214132969196 2.82412462509595 3.0710810147799 3.20627370247474 3.21113035082817 2.43204444646835 2.20820581912994 1.9213692843914 1.75662407279015 1.83888303382056 1.65605947801045 1.70531027657645 1.80777628081185 1.75364130735397 1.65152658407505 1.65438588765951 1.71152260670295 1.74431622945345 1.73743732617452 1.72939464679131 1.72627083613322 1.81575450071922 1.78871659590648 1.96718444274022 2.0611232152352 2.10418991859143 2.25838983975924 2.38617498141069 2.54416992572638 3.02671339878669 10.5236335321537 -9999 -9999 -9999 -9999 25.8704540729523 29.2291011810303 40.632041629992 52.4890079498291 -9999 -9999 -9999 -9999 -9999 -9999 -9999 -9999
-9999 -9999 -9999 -9999 -9999 -9999 -9999 -9999 4.4123216365513 4.49591159820557 3.97365216108469 3.42256648723896 3.19985133867997 3.3218423311527 3.3932737662242 2.92880650929042 2.88529655566582 2.58823646817889 2.58276952688511 2.20800307163825 1.61253654956818 1.63182462751865 1.73139306902885 1.71282976865768 1.65767285227776 1.57951863322939 1.53802465541022 1.60007498094014 1.5904386135248 1.50624822653257 1.53557957135714 1.54673996109229 1.57970236356442 1.6122301037495 1.83230308385996 1.7303313429539 1.73538173620517 1.94033531042246 2.10960279519741 2.28503633462466 2.85876540954296 2.89443306739514 2.78954174885383 2.89978092450362 14.9738136902452 29.0682649612427 -9999 -9999 -9999 -9999 17.548882484436 15.1073212130316 24.7934023009406 39.3569940626621 12.8413155995882 37.9692030513988 -9999 -9999 -9999 -9999 -9999 -9999
-9999 -9999 -9999 -9999 -9999 -9999 -9999 -9999 -9999 -9999 4.56138356029987 3.61607658863068 3.48594653606415 3.39809678282057 3.26567264965602 2.91819839818137 2.55096290792738 2.68736662183489 1.94898973192487 1.75399305990764 1.59027758666447 1.51561313867569 1.56903495107378 1.68112999200821 1.60274162888527 1.61482927628926 1.59687262773514 1.5873002069337 1.63991784590941 1.51065425001658 1.52398476004601 1.66134018164415 1.71776888003716 1.6956602701774 1.70879804629546 1.78636391346271 2.0089191198349 2.18490996727577 2.36086910963058 2.58064226003794 2.74994122982025 2.84745355752798 2.88603761562934 3.33317280732668 10.3547599981132 -9999 -9999 -9999 -9999 -9999 -9999 -9999 15.4175084531307 11.392622929353 12.0935649138231 18.8449515543486 10.8786277770996 -9999 -9999 -9999 -9999 -9999
-9999 -9999 -9999 -9999 -9999 -9999 -9999 -9999 -9999 4.3704868555069 4.08296929299831 4.59123413903373 4.49924887929644 3.56182490076338 3.21669479778835 3.26860014029912 2.99493077823094 2.82637591021402 1.85929303509848 1.92607825142997 1.74923987899508 1.74186927080154 1.62165462970734 1.60862844330924 1.55852922567954 1.61219428594296 1.59808762715413 1.59376420293536 1.63445143516247 1.65312800040612 1.63286355367074 1.71444053374804 1.69269542510693 1.72339885051434 1.83329778451186 2.07773347542836 2.32775569879092 2.42827628209041 2.82474380273085 2.6348554950494 2.73050814408522 2.77861315011978 2.84954574933419 3.24474717103518 12.2820219536429 33.0447750091553 -9999 -9999 -9999 25.6537603464994 16.2209563688798 14.4623860359192 15.7359518051147 26.0542661059986 15.8600661938007 17.173258121197 13.5479210041187 -9999 -9999 -9999 -9999 -9999
-9999 -9999 -9999 -9999 -9999 -9999 -9999 -9999 -9999 -9999 3.97471936047077 3.99953953921795 3.56883814334869 3.52406787872314 3.27314598743732 2.9886768758297 3.60889904839652 2.2775388274874 1.67819912093026 1.92859564508711 1.91941068853651 1.8797995192664 1.85875076907022 1.75414162874222 1.61813408136368 1.61454490423203 1.65621862044701 1.73092882908308 1.77002181915136 1.78020917910796 1.73510498725451 1.69629508715409 1.69394984612098 1.85506448837427 2.11123173511945 2.47033733587999 2.50539221213414 2.50068029990563 2.59359763218806 2.6891925243231 2.80336456115429 2.86927565244528 3.28089242715102 3.44533109664917 7.48102173585336 -9999 -9999 -9999 -9999 -9999 27.3801524422385 19.7156348991394 17.5508207559586 18.110679323023 15.9531643867493 -9999 -9999 -9999 -9999 -9999 -9999 -9999
-9999 -9999 -9999 -9999 -9999 -9999 -9999 -9999 -9999 3.67937564849854 4.2336673411456 3.93656778335571 3.75812530517578 3.72518149444035 2.53895230293274 2.69020492189071 3.66114242287243 1.80329829454422 1.86641700778689 1.96177403415952 1.98169260365622 1.83267568690436 1.70802983641624 1.66570222377777 1.69951568331037 1.69472369977406 1.69860152556346 1.70325819804118 1.71362962631079 1.71565876557277 1.68417186003465 1.6788553916491 1.91931460453914 2.00875602777188 2.38463542094597 2.52357098689446 2.43123986170842 2.59458537285145 2.74979776602525 2.81820288529763 2.97895802901341 3.20567816954393 3.68300755207355 6.46643907121084 3.86466658115387 -9999 -9999 -9999 -9999 -9999 12.4590157385795 33.4694444032816 28.642815223107 19.6136401275109 -9999 -9999 -9999 -9999 -9999 -9999 -9999 -9999
-9999 -9999 -9999 -9999 -9999 -9999 -9999 -9999 -9999 3.36262006484545 4.38727352619171 4.07894606590271 3.49658373685984 3.28199276557336 3.28407449381692 3.09134985719408 2.74651316234044 2.20299122163228 2.11399621622903 1.9772036586489 1.91415433700268 1.71750451051272 1.60058193023388 1.68192956080803 1.7239033809075 1.70754472567485 1.6385589838028 1.56622034311295 1.57755245612218 0.827111333608627 1.61939684244303 1.74201981837933 2.12008744019728 2.31587823079183 2.46531840012624 2.47731495820559 2.40404865833429 2.59615447888008 2.70728442302117 2.81912325437252 2.89393706505115 3.69261847092555 3.7235272022394 7.93757115347871 3.86466693878174 -9999 -9999 -9999 -9999 12.1949715614319 -9999 -9999 -9999 -9999 -9999 -9999 -9999 -9999 -9999 -9999 -9999 -9999
-9999 -9999 -9999 -9999 -9999 -9999 -9999 -9999 -9999 4.46336264610291 4.31575584411621 4.1805040377837 3.77946491241455 3.37579955373492 3.28684406621116 1.85225497484207 2.385414821761 2.16987830400467 1.97088261161532 1.607534549066 1.48844859429768 1.71255205227778 1.56143013789104 1.59978521787203 1.57973861694336 1.65705545590474 1.71192130675683 1.81827771663666 1.79649705153245 0.771849352866411 0.778368607163429 1.93730708268973 2.25451462543928 2.57395648956299 2.4551764864188 2.34487771070921 2.39532158924983 2.55639583330888 2.88376740767406 3.19425286696507 3.57456413599161 4.01708287459153 9.24007391431438 -9999 -9999 -9999 -9999 -9999 -9999 -9999 -9999 -9999 -9999 -9999 -9999 -9999 -9999 -9999 -9999 -9999 -9999 -9999
-9999 -9999 -9999 -9999 -9999 -9999 -9999 -9999 8.1773838860648 4.26875493159661 4.35481967375829 4.17732018690843 3.25662392377853 2.01428167819977 1.91820777654648 1.68125789165497 1.57842779159546 1.55896722078323 1.7535576581955 2.07084529101849 1.54548815488815 1.56684077244539 1.46269087837293 1.41742055461957 1.44549606167353 1.42316289589955 1.46029411829435 1.6431451348158 1.69971380325464 1.8370573749909 1.90279325613609 2.11753708582658 2.2864636687132 2.49045549906217 2.14998484116334 2.27907877701979 2.56763023138046 2.76749469225223 3.02798325281877 3.22613244790297 3.42261020036844 6.89193151547359 15.1008603917547 -9999 -9999 -9999 -9999 -9999 -9999 -9999 -9999 -9999 -9999 -9999 -9999 -9999 -9999 -9999 -9999 -9999 -9999 -9999
-9999 -9999 -9999 -9999 -9999 -9999 -9999 3.28386068344116 3.35793303762163 3.90225717654595 3.9341119986314 3.55797416430253 3.2658380820201 2.48287717785154 2.57447375701024 2.52818720615827 2.29526373318263 1.96323531866074 1.88146250064556 1.83685351335085 1.70053839683533 1.62019713108356 1.53374804900243 1.48728686571121 1.46995486433689 1.47313009775602 1.53215349637545 1.58053084978691 1.68838804501754 1.87787591952544 1.97014770599512 2.00223041956241 2.04709941607255 2.14407312870026 2.15567657122245 2.32932048577529 2.43439330045994 2.65686040658217 2.88472799612926 2.96495372056961 21.9409645581708 5.69786846637726 3.25656187534332 -9999 -9999 -9999 -9999 -9999 -9999 -9999 -9999 -9999 -9999 -9999 -9999 -9999 -9999 -9999 -9999 -9999 -9999 -9999
-9999 -9999 -9999 -9999 -9999 -9999 4.23531419890267 3.90230302512646 3.69463681429625 4.36748839341677 3.81783603704893 3.45015926544483 3.12553186600025 2.85688376426697 2.76076087781361 2.60289392301014 2.41646497524702 1.91464984416962 1.84308475255966 1.73962039672411 1.63437637457481 1.6017352938652 1.54140245455962 1.49763191892551 1.51270965429453 1.6018189237668 1.6228822011214 1.65227482410578 1.69763140495007 1.73039097052354 1.90321179078175 2.02733677625656 2.12342017430526 2.2523574416454 2.33733304188802 2.54572824789928 2.82892155647278 2.8233455327841 2.85885804891586 -9999 -9999 -9999 -9999 -9999 -9999 -9999 -9999 -9999 -9999 -9999 -9999 -9999 -9999 -9999 -9999 -9999 -9999 -9999 -9999 -9999 -9999 -9999
-9999 -9999 -9999 -9999 3.88288906904367 3.66400328278542 3.56555387377739 3.87106690956996 3.52650436988244 3.42993249342992 3.28553039294023 3.29519688166105 3.30295990980588 2.96288284888634 2.63557795836375 2.4409236907959 2.25977677106857 1.93546894192696 1.63340137096552 1.55691838477339 1.57692591960614 1.46516761642236 1.47486163561161 1.51580799084443 1.60635177447246 1.67049674804394 1.68766690217532 1.75852660032419 1.78919429045457 1.87654471855897 2.10398285205548 2.21525917603419 2.23035434576181 2.31397247314453 2.60503413127019 2.97795385122299 3.40021543753775 4.31212321349553 -9999 -9999 -9999 -9999 -9999 -9999 -9999 -9999 -9999 -9999 -9999 -9999 -9999 -9999 -9999 -9999 -9999 -9999 -9999 -9999 -9999 -9999 -9999 -9999
-9999 -9999 -9999 -9999 4.19530031314263 4.26780326025827 3.21839646622539 4.22135830777032 3.29913051311786 3.11187876187838 2.96180101082875 3.16352542547079 2.93668632847922 2.8366456581996 1.93530004758101 1.60270236088679 1.65505055280832 1.61096782179979 1.60013895162514 1.34533716394351 1.35788279084059 1.35652561371143 1.41601732602486 1.62516725063324 1.55587895853179 1.6639046898255 1.76288706064224 1.83616750056927 1.92623712466313 2.06591463088989 2.21212104650644 2.28043428292641 2.32988269053973 2.2376662676151 2.21137376931997 2.94959374666214 3.86841715872288 -9999 -9999 -9999 -9999 -9999 -9999 -9999 -9999 -9999 -9999 -9999 -9999 -9999 -9999 -9999 -9999 -9999 -9999 -9999 -9999 -9999 -9999 -9999 -9999 -9999
-9999 62.0026988983154 3.51516915451397 3.60661529092228 3.35667218945243 3.78271288531167 3.59018433094025 3.65674726779644 2.89972261740611 2.76937002402085 2.81479101914626 2.92188506892749 2.64918122547013 2.12596667729891 1.81507577804419 1.59282301480954 1.10751676559448 1.15911090373993 1.20238144122637 1.3441833120126 1.34765801062951 1.56963510811329 1.75095388479531 1.79726815223694 1.59415078163147 1.5668827848775 1.92488198620932 1.7662880053887 1.87842859213169 2.18496674757737 2.31538089422079 2.41824596203291 2.72421430624448 2.69472409486771 5.26673443421074 21.4069567817323 -9999 -9999 -9999 -9999 -9999 -9999 -9999 -9999 -9999 -9999 -9999 -9999 -9999 -9999 -9999 -9999 -9999 -9999 -9999 -9999 -9999 -9999 -9999 -9999 -9999 -9999
3.75812449363562 4.1321208967882 3.9099800937316 4.11057532750643 3.21843621134758 2.69938057661057 2.60905094657625 3.24603119263282 2.94463081543262 2.45893756242899 2.22429460287094 2.61500437770571 2.49479140979903 1.99696023647602 1.52267543627666 1.4515237148319 1.61722035067422 1.18470234137315 1.2162933922731 1.28058743476868 1.66337931581906 1.67044872471264 1.7480865418911 1.86367667147091 1.75681365728378 1.83368707895279 1.72708185360982 1.8309084039468 1.92415556540856 2.34586404837095 2.69124957231375 2.8178178026126 3.2538206577301 -9999 -9999 -9999 -9999 -9999 -9999 -9999 -9999 -9999 -9999 -9999 -9999 -9999 -9999 -9999 -9999 -9999 -9999 -9999 -9999 -9999 -9999 -9999 -9999 -9999 -9999 -9999 -9999 -9999
4.30817689214434 3.42460984736681 4.26492808546339 3.79113247990608 3.58219635486603 2.66713158786297 2.50314263999462 2.34200841188431 3.20041769742966 2.11349047147311 1.82684214757039 2.47696311133248 2.55810460874013 1.7693871642862 1.51709384577615 1.73581580604826 1.6031270218747 1.58033680915833 1.60442915133068 1.59751969150135 1.70135839283466 1.76936310103961 1.81115725636482 1.85761288659913 1.63908466925988 1.7080274270131 1.84851077886728 1.93862214913735 2.87057948112488 3.41642666714532 3.67252288545881 3.78831418071474 3.57480242422649 3.93182280388745 3.85345723954114 8.33993004668843 -9999 -9999 -9999 -9999 -9999 -9999 -9999 -9999 -9999 -9999 -9999 -9999 -9999 -9999 -9999 -9999 -9999 -9999 -9999 -9999 -9999 -9999 -9999 -9999 -9999 -9999
4.13383288816972 4.1288518172044 3.01343487203121 3.16088861227036 2.82007014751434 2.63036748766899 2.57936717569828 2.44141621887684 2.05465003848076 1.89794470369816 2.04172846078873 1.6151277422905 0.85176555124613 0.846905715190447 0.889779368272195 1.03673723569283 1.14419950659458 1.67862216915403 1.65535552586828 1.669733609472 1.67227427448545 1.82696129168783 1.97646034189633 1.61720296052786 1.69351309996385 1.85313496222863 2.0866795365627 2.33071136933107 3.40659016370773 3.43116196990013 11.450810204534 -9999 -9999 -9999 -9999 -9999 -9999 -9999 -9999 -9999 -9999 -9999 -9999 -9999 -9999 -9999 -9999 -9999 -9999 -9999 -9999 -9999 -9999 -9999 -9999 -9999 -9999 -9999 -9999 -9999 -9999 -9999
3.98306626081467 3.49644872020273 2.91393851150166 2.82794080674648 3.02683520317078 2.9886167794466 2.88217908143997 2.5036878734827 2.48645687103271 2.01436748287895 1.8237889083949 1.87503316998482 1.73267048171588 1.57395198941231 1.48135586295809 1.1444118137543 1.54219053472791 1.58617519906589 1.60808808037213 1.63828795296805 1.55402322457387 1.57124588122735 1.59549816755148 1.70171935283221 1.86306697588701 2.86267904724394 3.10207537242344 3.13615991388048 3.36364010721445 3.63729745149612 3.69698816537857 3.77669171690941 -9999 -9999 -9999 -9999 -9999 -9999 16.0535851169277 12.6942715644836 -9999 -9999 -9999 -9999 -9999 -9999 -9999 -9999 -9999 -9999 -9999 -9999 -9999 -9999 -9999 -9999 -9999 -9999 -9999 -9999 -9999 -9999
4.63363799027034 4.28539833897038 4.30105398830615 4.06954253756482 3.07165908515453 3.74762155698693 2.8318568436723 3.86625635623932 2.83971293270588 1.98817735368555 1.81806481426412 1.49553361109325 1.45954797097615 1.38679532493864 1.46677161966051 1.22849359191381 1.40514823794365 1.31157901883125 1.75054393070085 1.53665570112375 1.5978392133346 1.71417660438097 1.84057798752418 2.06287570183094 2.87050764901297 2.86714142560959 3.00106878140393 3.24623971476274 3.54463028907776 2.96784102916718 4.23950928708781 3.42093944549561 -9999 -9999 -9999 -9999 -9999 -9999 -9999 -9999 -9999 -9999 -9999 -9999 -9999 -9999 -9999 -9999 -9999 -9999 -9999 -9999 -9999 -9999 -9999 -9999 -9999 -9999 -9999 -9999 -9999 -9999
-9999 -9999 -9999 -9999 -9999 5.9760134186778 3.40461406230926 3.1775165115084 2.34889104962349 1.76311095058918 1.3955078125 1.32451656460762 1.32395929098129 1.31044274568558 1.14590748915306 1.23839628696442 1.43430751562119 1.4913712992118 1.55947843881754 1.69475847024184 1.80947396388421 1.96810444043233 2.06154778828988 2.82594820005553 3.06367818514506 5.17510232329369 -9999 -9999 -9999 -9999 -9999 -9999 -9999 -9999 -9999 -9999 -9999 -9999 -9999 -9999 -9999 -9999 -9999 -9999 -9999 -9999 -9999 -9999 -9999 -9999 -9999 -9999 -9999 -9999 -9999 -9999 -9999 -9999 -9999 -9999 -9999 -9999
-9999 -9999 -9999 -9999 -9999 -9999 2.73743315253939 2.39964215755463 1.77040153741837 1.37150213718414 1.28741673827171 1.38559715024063 1.25570034522277 1.36943024396896 1.34785276651382 1.45005299036319 1.46774698679264 1.56592498375819 1.69648274550071 1.92451877777393 2.07683477034936 2.14674099133565 2.37166678905487 2.61469528751989 -9999 -9999 -9999 -9999 -9999 -9999 -9999 -9999 -9999 -9999 -9999 -9999 -9999 -9999 -9999 -9999 -9999 -9999 -9999 -9999 -9999 -9999 -9999 -9999 -9999 -9999 -9999 -9999 -9999 -9999 -9999 -9999 -9999 -9999 -9999 -9999 -9999 -9999
