EcologicalScience/Bass/data/rs_data_bass/chl_383.asc
NCOLS 226 
NROWS 124 
XLLCORNER -9.41648524995501 
YLLCORNER 47.587301625531 
CELLSIZE 0.0833 
NODATA_value -9999 
[rows 81 to 107 of 124, columns 62 to 123 of 226]
3.85158455371857 5.97498106956482 7.6620512008667 7.66205191612244 -9999 -9999 -9999 -9999 -9999 -9999 -9999 -9999 -9999 -9999 -9999 -9999 -9999 -9999 -9999 -9999 -9999 -9999 -9999 -9999 -9999 -9999 -9999 -9999 -9999 -9999 -9999 -9999 -9999 -9999 -9999 -9999 -9999 -9999 -9999 -9999 -9999 -9999 -9999 -9999 -9999 -9999 -9999 -9999 -9999 -9999 -9999 -9999 -9999 -9999 -9999 -9999 -9999 -9999 -9999 -9999 -9999 -9999
3.21906581376363 -9999 -9999 -9999 -9999 -9999 -9999 -9999 -9999 -9999 -9999 -9999 -9999 -9999 -9999 -9999 -9999 -9999 -9999 -9999 -9999 -9999 -9999 -9999 -9999 -9999 -9999 -9999 -9999 -9999 -9999 -9999 -9999 -9999 -9999 -9999 -9999 -9999 -9999 -9999 -9999 -9999 -9999 -9999 -9999 -9999 -9999 -9999 -9999 -9999 -9999 -9999 -9999 -9999 -9999 -9999 -9999 -9999 -9999 -9999 -9999 -9999
-9999 -9999 -9999 -9999 -9999 -9999 -9999 -9999 -9999 -9999 -9999 -9999 -9999 -9999 -9999 -9999 -9999 -9999 -9999 -9999 -9999 -9999 -9999 -9999 -9999 -9999 -9999 -9999 -9999 -9999 -9999 -9999 -9999 -9999 -9999 -9999 -9999 -9999 -9999 -9999 -9999 -9999 -9999 -9999 -9999 -9999 -9999 -9999 -9999 -9999 -9999 -9999 -9999 -9999 -9999 -9999 -9999 -9999 -9999 -9999 -9999 -9999
-9999 -9999 -9999 -9999 -9999 -9999 -9999 -9999 -9999 -9999 -9999 -9999 -9999 -9999 -9999 -9999 -9999 -9999 -9999 -9999 -9999 -9999 -9999 -9999 -9999 -9999 -9999 -9999 -9999 -9999 -9999 -9999 -9999 -9999 -9999 -9999 -9999 -9999 -9999 -9999 -9999 -9999 -9999 -9999 -9999 -9999 -9999 -9999 -9999 -9999 -9999 -9999 -9999 -9999 -9999 -9999 -9999 5.73664671240501 3.55020487308502 4.66970407962799 5.02961254119873 3.80369639396667
-9999 -9999 -9999 -9999 -9999 -9999 -9999 -9999 -9999 -9999 -9999 -9999 -9999 -9999 -9999 -9999 -9999 -9999 -9999 -9999 -9999 -9999 -9999 -9999 -9999 -9999 -9999 -9999 -9999 -9999 -9999 -9999 -9999 -9999 -9999 -9999 37.1749906539917 -9999 3.59164869785309 3.70951826870441 -9999 -9999 3.25393903255463 3.77686178684235 3.87427753210068 5.89068698883057 6.47123694419861 4.55848574638367 3.62927162647247 5.95986449718475 5.85599792003632 2.44064155966043 -9999 -9999 -9999 4.20324003696442 4.9824675321579 4.27029883861542 4.27823388576508 3.60441756248474 2.17752599716187 2.12606102228165
-9999 -9999 -9999 -9999 -9999 -9999 -9999 -9999 -9999 -9999 -9999 -9999 12.001266002655 1.88812522725625 3.16045632362366 3.20570111274719 2.99475967884064 1.78702913224697 1.12509450316429 -9999 -9999 -9999 -9999 -9999 -9999 -9999 -9999 -9999 2.85867445170879 2.89985132217407 3.54176151752472 3.70304203033447 -9999 3.66949796676636 -9999 -9999 -9999 -9999 3.318932980299 3.18073046207428 3.22778034210205 4.15058398246765 3.24693882465363 2.7215301990509 2.27349078655243 3.05569803714752 2.52796876430511 2.07998478412628 2.03831022977829 2.23897433280945 2.76777076721191 2.05576658248901 1.94103902578354 4.99436330795288 4.50467491149902 4.3192183971405 4.28628516197205 3.84115362167358 2.57934308052063 2.13862127065659 1.96133780479431 1.68061280250549
-9999 -9999 -9999 -9999 -9999 -9999 -9999 -9999 -9999 -9999 39.1161053180695 3.06171834468842 3.15233337879181 3.62870407104492 3.1181116104126 2.74753725528717 2.76473701000214 2.73260772228241 2.75523895025253 1.41914129257202 1.47973922060596 -9999 2.04143462330103 1.78172779083252 2.04145874977112 -9999 -9999 2.8874174952507 2.51085224747658 2.35448741912842 1.98822158575058 2.50022359192371 2.18592292070389 2.11242967844009 -9999 -9999 3.10597473261308 2.89583766460419 3.005655169487 2.70194327831268 2.91845691204071 3.38334667682648 3.01833736896515 2.27755504846573 1.48772022128105 1.57245075702667 1.61741852760315 1.51001250743866 1.57257753610611 1.91023206710815 1.53944438695908 2.60000020265579 2.1066135764122 2.75536358356476 2.73000526428223 2.76282370090485 2.5717071890831 2.12241518497467 1.96639716625214 1.91720992326736 1.53418797254562 1.40378996729851
-9999 -9999 -9999 -9999 -9999 -9999 -9999 -9999 -9999 2.40473274886608 1.7899364233017 2.3352427482605 2.94936972856522 2.95538628101349 2.65634250640869 2.08207654953003 1.63221001625061 1.66520780324936 1.73312169313431 1.76570928096771 1.97504478693008 2.42346181869507 2.60376530885696 1.59701590240002 1.84126728773117 2.13961949944496 1.65986770391464 1.7819167971611 1.86070507764816 1.88388007879257 1.93730628490448 2.20037394762039 2.38418555259705 2.5108927488327 2.99483996629715 2.93376302719116 2.84460067749023 2.80016183853149 2.90603703260422 2.81013679504395 2.61781722307205 2.4909120798111 1.89496421813965 1.62076878547668 1.6323105096817 1.39715096354485 1.31048396229744 1.31136372685432 1.37649974226952 1.75647068023682 1.78755533695221 1.81495875120163 1.94865596294403 1.55418294668198 1.07722198963165 1.84717279672623 1.82024091482162 1.64737808704376 1.51006132364273 1.40016746520996 1.33728379011154 1.31891629099846
-9999 -9999 -9999 -9999 -9999 -9999 -9999 -9999 -9999 2.86445772647858 1.76629322767258 1.65894377231598 2.1333771944046 1.85546332597733 1.54377007484436 1.62910866737366 2.04120004177094 1.89756971597672 1.38007646799088 1.38471221923828 1.53596770763397 1.87806379795074 1.84667479991913 1.56859642267227 1.46332834661007 1.52282917499542 1.52926504611969 1.63390731811523 1.6826257109642 1.73381549119949 1.76868742704391 1.9880565404892 2.00569492578506 2.08394247293472 2.34978532791138 2.411396920681 2.31579530239105 2.16736346483231 2.31968700885773 2.42295151948929 2.23833221197128 1.99023216962814 1.68774300813675 1.5862575173378 1.46063402295113 1.36941522359848 1.58069407939911 1.7729355096817 1.89483672380447 1.40651097893715 1.38184502720833 1.45375120639801 1.34090924263 1.3177042901516 1.2120735347271 1.23536628484726 1.30677822232246 1.32058498263359 1.29000225663185 1.27683600783348 1.35129153728485 1.36277621984482
-9999 -9999 -9999 -9999 -9999 -9999 -9999 -9999 -9999 1.64917731285095 1.59309375286102 1.42441204190254 0.971505999565125 1.05730876326561 1.46464803814888 1.43827503919601 1.57929307222366 1.54887145757675 2.20211917161942 3.1713148355484 1.96115630865097 1.52777552604675 1.44109877943993 1.36709851026535 1.28417176008224 1.24863901734352 1.19864997267723 1.11525821685791 1.07080498337746 1.08824327588081 1.11095702648163 1.19151824712753 1.29204225540161 1.45514103770256 1.58683043718338 2.0168804526329 2.38711953163147 2.4508695602417 2.24075621366501 2.13073951005936 1.79664158821106 1.49998873472214 1.1912362575531 1.11964952945709 1.21265324950218 1.33576798439026 1.28551948070526 1.30040404200554 1.28805524110794 1.23009753227234 1.08173024654388 1.03257822990417 1.13538148999214 1.23042672872543 1.17143028974533 1.25752499699593 1.38695624470711 1.37629348039627 1.39740747213364 1.36858347058296 1.42300951480865 1.39816045761108
3.13407611846924 3.32894933223724 4.5122401714325 4.27269387245178 -9999 -9999 -9999 2.90342490239577 2.71632124185562 1.40495628118515 1.17537599802017 1.25760671496391 1.00218677893281 1.15637509524822 1.31702247262001 1.67937219142914 1.65924829244614 1.83722931146622 2.02098226547241 2.78229296207428 6.82501745223999 7.61877107620239 6.43501996994019 4.30472087860107 1.10369852185249 0.891085535287857 0.872554510831833 0.868261456489563 0.909343510866165 0.907743036746979 0.915029257535934 0.968298733234406 0.981027781963348 1.01745003461838 1.07756620645523 1.18075722455978 1.28929951786995 1.35559728741646 1.41425022482872 1.29360151290894 1.00605449080467 0.959086507558823 0.979384481906891 0.949149012565613 0.961673229932785 1.01880070567131 1.116102039814 1.15955471992493 1.16486924886703 1.0822559595108 1.13521349430084 1.12697848677635 1.17554774880409 0.88291722536087 0.887118749320507 0.82694698870182 1.42554527521133 1.43266421556473 1.39494296908379 1.39519053697586 1.28808599710464 1.29170778393745
0.693980991840363 1.51601850986481 2.87020128965378 2.86377972364426 3.21931207180023 6.07400679588318 4.64197790622711 2.29592853784561 1.47199121117592 1.30787399411201 1.39856627583504 1.27240195870399 1.61055833101273 1.59738904237747 2.33279031515121 3.32128357887268 3.72594916820526 3.59766161441803 3.9403520822525 4.78511989116669 5.09965109825134 4.07850587368011 5.70625126361847 4.10331737995148 1.57616168260574 1.09634247422218 1.00435799360275 0.969657719135284 0.970745980739594 0.948698222637177 0.943079978227615 0.929648280143738 0.895104020833969 0.871809035539627 0.868871212005615 0.84219753742218 0.860004723072052 0.849276781082153 0.895950794219971 0.906681776046753 0.908813238143921 0.94463923573494 0.944959491491318 0.931823283433914 0.939327031373978 0.984969735145569 1.02769804000854 1.03875070810318 1.06272599101067 1.11887696385384 1.17495676875114 1.13823303580284 0.904172636568546 1.3215798586607 1.45041784644127 1.45781926810741 10.2204909324646 6.26466107368469 2.19970053434372 1.56166416406631 1.49988341331482 2.17359346151352
0.782564252614975 0.854272484779358 0.929335534572601 1.53443849086761 2.42918783426285 3.70477044582367 2.45058006048203 1.62879520654678 1.84899008274078 2.11609357595444 1.7572785615921 1.77468144893646 1.94981020689011 2.28945672512054 3.29910671710968 4.17556643486023 4.39687514305115 3.47258234024048 3.4151383638382 3.57629692554474 3.33848083019257 4.67410433292389 5.24685144424438 4.1782021522522 2.97817128896713 2.38254833221436 2.01951742172241 1.72252875566483 1.31573322415352 1.38007128238678 1.65232729911804 1.38983702659607 1.18926152586937 1.15423947572708 1.06870570778847 0.993441760540009 0.840684771537781 0.839683502912521 0.858281224966049 0.895619988441467 0.929495215415955 0.905747294425964 0.885770291090012 0.878275483846664 0.901673287153244 0.918246746063232 1.10225853323936 1.13656497001648 1.12906873226166 1.26014176011086 1.30573126673698 1.5475110411644 2.50585716962814 3.09246003627777 2.77762949466705 2.27780216932297 4.08857560157776 1.84096723794937 1.58060556650162 1.44152846932411 1.60630837082863 1.9576495885849
0.651612728834152 0.723036020994186 0.695279270410538 0.656136006116867 0.573275998234749 0.59663325548172 0.628989011049271 0.673030480742455 0.792330712080002 1.12273049354553 1.64086282253265 1.70509350299835 1.9703174829483 2.62577551603317 2.92647743225098 3.38038873672485 3.61317372322083 3.92394375801086 6.28324270248413 5.7095228433609 6.04456400871277 7.13284134864807 6.94921731948853 6.12165141105652 5.92005372047424 4.04614126682281 4.15241932868958 3.77361166477203 2.65576654672623 2.61315983533859 2.45765107870102 2.10876381397247 1.15303802490234 1.06691175699234 0.987264722585678 0.869019001722336 0.846827208995819 0.834362983703613 0.834230214357376 0.84732449054718 0.844032794237137 0.810393780469894 0.761978209018707 0.839680463075638 0.912941962480545 1.00376254320145 1.11939972639084 1.25539049506187 1.33697846531868 1.89236104488373 2.31473618745804 2.6715629696846 3.41808664798737 1.8734325170517 0.604888513684273 1.28167015314102 1.5681813955307 2.05176901817322 3.87264883518219 3.04038369655609 6.73406106233597 6.90702903270721
1.55903631448746 1.6739804148674 1.46342700719833 1.21288651227951 0.872547715902328 0.952122777700424 0.969629287719727 0.764895737171173 0.704856008291245 0.660773232579231 0.821931034326553 1.33192875981331 1.7989364862442 2.36651694774628 2.55488473176956 2.78188794851303 3.00910127162933 2.85640275478363 3.84883725643158 4.6091730594635 5.55003762245178 5.8392151594162 6.0876567363739 7.01742482185364 7.21028423309326 6.29008841514587 4.4328156709671 3.65220236778259 2.63769668340683 2.52569997310638 2.55459827184677 1.57789117097855 1.11796948313713 1.10886445641518 1.08690825104713 0.972866266965866 0.923518538475037 0.895468533039093 0.891354024410248 0.889857709407806 0.833636283874512 0.758322715759277 1.08367726206779 1.12896752357483 1.17431098222733 1.2068632543087 1.49164348840714 1.61059802770615 1.95920777320862 3.94490396976471 5.06317734718323 4.37632584571838 2.79516291618347 1.80713850259781 0.799331277608871 1.05707851052284 1.62642824649811 2.50455111265182 2.56911832094193 3.99877488613129 17.5743999481201 6.27157258987427
1.48616176843643 1.44863328337669 1.36518824100494 1.3622197508812 1.46371051669121 1.5035115480423 1.51492792367935 1.5583056807518 1.31974875926971 1.10474851727486 0.984379470348358 0.787996530532837 0.722465246915817 0.787034958600998 0.896568775177002 0.84477299451828 0.839803487062454 0.971611529588699 1.41587403416634 1.62395542860031 1.8862087726593 1.73886001110077 1.94698655605316 1.92009598016739 2.65166848897934 2.40025717020035 2.12244898080826 2.14835929870605 1.62243300676346 1.19659727811813 0.966329991817474 0.96542027592659 1.1476035118103 1.2464317381382 1.2046050131321 1.01365953683853 0.992781758308411 1.0088212788105 1.04430449008942 0.966633707284927 0.950313001871109 0.990776985883713 1.26586049795151 1.32782775163651 1.37589973211288 1.42580929398537 1.5705052614212 1.82375854253769 2.10904580354691 5.05149435997009 4.66817486286163 2.84541231393814 1.82418376207352 1.24871027469635 0.799221038818359 0.88893073797226 2.19710853695869 2.19318521022797 2.1088964343071 7.81365895271301 13.5130267739296 3.89885504976396
1.02817422151566 0.824977487325668 0.814575791358948 0.83361679315567 0.928436279296875 1.04643747210503 1.19129249453545 1.26879376173019 1.14132526516914 1.17402228713036 1.17727875709534 0.967888534069061 0.820876479148865 0.837310463190079 0.829937964677811 0.920314460992813 0.879303753376007 0.796325236558914 0.884269505739212 0.968034714460373 0.943142205476761 0.982251763343811 1.44041928648949 1.66602373123169 1.6980299949646 1.72219955921173 1.31295150518417 1.25378921627998 1.23821622133255 1.08902102708817 1.00353679060936 0.897506207227707 1.28569945693016 1.63956141471863 1.66869682073593 1.58380204439163 1.35601428151131 1.3257187306881 1.27996873855591 1.1840857565403 1.17486521601677 1.28000771999359 1.49700897932053 1.54631406068802 1.56772273778915 1.71640491485596 1.81714957952499 1.75835931301117 1.79710203409195 3.21468508243561 1.75062757730484 1.64123779535294 1.87117356061935 2.4207261800766 2.09179159998894 2.21582847833633 2.68427251899329 -9999 -9999 -9999 -9999 -9999
0.537653267383575 0.553455010056496 0.577434003353119 0.589860007166862 0.636422261595726 0.836751759052277 0.858527272939682 0.885211497545242 0.816890984773636 0.808750480413437 0.787562280893326 0.799423456192017 0.824028789997101 0.815274775028229 0.8019959628582 0.646562978625298 0.719625771045685 0.81790879368782 0.897286534309387 0.884980469942093 0.840609759092331 1.10915547609329 1.71797257661819 1.01307901740074 0.849954754114151 0.999426037073135 1.18182751536369 1.74583952128887 1.68027712106705 0.886511206626892 0.800787717103958 1.03826621174812 1.92776477336884 1.93101972341537 1.83899921178818 1.81154322624207 1.51885432004929 1.53834754228592 1.47192451357841 1.27368003129959 1.18518295884132 1.27269896864891 1.48346847295761 1.55265158414841 1.63013023138046 1.70614349842072 1.50982117652893 1.42120653390884 1.85341429710388 1.69718027114868 2.0660714507103 2.94054526090622 3.01710891723633 31.4503926719938 1.54023843221977 -9999 -9999 -9999 -9999 -9999 -9999 -9999
0.434466764330864 0.448535978794098 0.551001012325287 0.547883257269859 0.546015009284019 0.643390506505966 0.668562009930611 0.667128011584282 0.660262495279312 0.758047521114349 0.78999075293541 0.808885484933853 0.847748994827271 0.854107528924942 0.792497992515564 0.707690253853798 0.771701216697693 0.837550520896912 0.852459758520126 0.988014042377472 0.729015737771988 0.807812958955765 0.775370210409164 0.747029989957809 0.764061748981476 0.915288716554642 0.808255523443222 1.25918823480606 2.47097325325012 -9999 -9999 -9999 -9999 -9999 -9999 3.14426672458649 1.57623186707497 1.26901504397392 1.35339295864105 1.31640520691872 1.21835249662399 1.19919374585152 1.29045447707176 1.50658875703812 1.58712369203568 1.55825400352478 1.55003249645233 1.61409974098206 1.58007377386093 2.50231647491455 3.9620236158371 4.81022107601166 3.60234582424164 1.9762424826622 1.97624230384827 -9999 -9999 -9999 -9999 -9999 -9999 -9999
0.400470748543739 0.463953763246536 0.487427249550819 0.506951987743378 0.502231478691101 0.502397999167442 0.63154873251915 0.655124232172966 0.6666000187397 0.81624448299408 0.853536754846573 0.839033961296082 0.840470284223557 0.824312210083008 0.666505515575409 0.588548988103867 0.545756980776787 0.741328001022339 1.04522252082825 1.18510571122169 1.06360128521919 0.989859044551849 0.939125239849091 0.815475761890411 0.933047980070114 0.95668950676918 0.989619791507721 1.11262571811676 1.51677024364471 -9999 -9999 -9999 -9999 -9999 -9999 -9999 5.55819177627563 1.30005151033401 1.24557003378868 1.24230900406837 1.23077175021172 1.20725923776627 1.20563998818398 1.18129277229309 1.20728704333305 1.22726771235466 1.47905024886131 1.87492579221725 1.64448899030685 2.69152504205704 5.18854951858521 4.7182799577713 -9999 -9999 -9999 -9999 -9999 -9999 -9999 -9999 -9999 -9999
0.412188738584518 0.444378018379211 0.561078742146492 0.518774271011353 0.554543986916542 0.641692489385605 0.720828741788864 0.760640233755112 0.808210462331772 0.84407776594162 0.844454258680344 0.824027985334396 0.765387743711472 0.680328771471977 0.589480519294739 0.531987011432648 0.561899229884148 0.886334985494614 1.48494377732277 1.31153774261475 0.892522775251931 0.828473500907421 1.05559328198433 0.606883518397808 0.809664756059647 1.00414350628853 1.2686924636364 1.48128524422646 1.26080927252769 -9999 -9999 -9999 -9999 -9999 -9999 -9999 13.0460951328278 6.85180681943893 1.4255456328392 1.68100100755692 1.32828676700592 1.28157895803452 1.30349028110504 1.26197621226311 1.2608767747879 1.25506120920181 1.27632004022598 1.25750550627708 1.36363577842712 3.46347677707672 5.19253742694855 4.49538767337799 4.10568532347679 -9999 -9999 -9999 -9999 -9999 -9999 -9999 -9999 -9999
0.534195765852928 0.546744748950005 0.55325773358345 0.667102485895157 0.670784264802933 0.696044236421585 0.720976486802101 0.739943236112595 0.744089260697365 0.867735028266907 0.839878499507904 0.773826777935028 0.672324746847153 0.501560255885124 0.512865766882896 0.547736987471581 0.675394490361214 1.05134323239326 1.13415822386742 0.736851766705513 0.889748990535736 0.998243272304535 0.550301268696785 0.81072199344635 0.812365494668484 1.48749151825905 1.67242276668549 1.6284441947937 1.71148878335953 1.54766321182251 -9999 -9999 -9999 -9999 -9999 -9999 -9999 3.85898936646325 6.79742846488953 3.4820182800293 2.21022176742554 2.28387796878815 1.76015317440033 2.1368835568428 1.95605331659317 2.04399079084396 1.9974165558815 1.77917182445526 1.71362847089767 3.70595383644104 4.35747528076172 3.78774738311768 5.69863907508911 -9999 -9999 -9999 -9999 -9999 -9999 -9999 -9999 -9999
0.58526448905468 0.568919241428375 0.61769400537014 0.652300491929054 0.466301992535591 0.675266996026039 0.696101233363152 0.674911513924599 0.57090599834919 0.830185510218143 0.716457769274712 0.715207502245903 0.737927243113518 0.587843254208565 0.566197514533997 0.536220744252205 0.744465753436089 0.768498748540878 0.558773249387741 0.598584741353989 0.582672759890556 0.626486241817474 0.781811982393265 1.35404326021671 1.57016623020172 1.53024530410767 1.08938173949718 1.37195920944214 1.39907848834991 1.48385998606682 -9999 -9999 -9999 -9999 -9999 -9999 -9999 -9999 -9999 -9999 -9999 -9999 -9999 -9999 -9999 -9999 3.65490746498108 2.95994853973389 3.52706837654114 13.7472492200988 -9999 -9999 -9999 -9999 -9999 -9999 -9999 -9999 -9999 -9999 -9999 -9999
0.663668990135193 0.676173761487007 0.686772018671036 0.668775022029877 0.518174260854721 0.535255506634712 0.518564254045486 0.638450235128403 0.553818002343178 0.563462242484093 0.763638481497765 0.777095228433609 0.780746251344681 0.571295991539955 0.563879996538162 0.60997100174427 0.562285490334034 0.587100729346275 0.551999241113663 0.487427249550819 0.68138176202774 0.803147971630096 0.972457498311996 2.45467190038074 -9999 -9999 1.74959507584572 1.35765820741653 1.34435847401619 1.30822572112083 1.50064424425364 -9999 -9999 -9999 -9999 -9999 -9999 -9999 -9999 -9999 -9999 -9999 -9999 -9999 -9999 -9999 -9999 -9999 -9999 -9999 -9999 -9999 -9999 -9999 -9999 -9999 -9999 -9999 -9999 -9999 -9999 -9999
0.629838734865189 0.657331511378288 0.594338268041611 0.523205235600471 0.543991506099701 0.540893241763115 0.542829751968384 0.629661753773689 0.700562261044979 0.586126253008842 0.88171523809433 0.731422148644924 0.72689925134182 0.633509248495102 0.642495766282082 0.611931771039963 0.644321233034134 0.528204001486301 0.609529495239258 0.616924479603767 0.690688490867615 0.81672602891922 1.13145822286606 1.56138449907303 1.1652284860611 1.4113589823246 1.47305470705032 0.940749764442444 1.02168823778629 1.1857466250658 1.56819713115692 2.60830499048102 -9999 -9999 -9999 -9999 -9999 -9999 -9999 -9999 -9999 -9999 -9999 -9999 -9999 -9999 -9999 -9999 -9999 -9999 -9999 -9999 -9999 -9999 -9999 -9999 -9999 -9999 -9999 -9999 -9999 -9999
0.662312999367714 0.656162247061729 0.57956850528717 0.464478000998497 0.595536008477211 0.537195011973381 0.549210011959076 0.740607753396034 0.794769734144211 0.787988640367985 0.749377883970737 0.831741750240326 0.702633753418922 0.687623262405396 0.89511376619339 0.573604501783848 0.804083257913589 0.668750256299973 0.694146752357483 0.668681234121323 0.660911992192268 0.500351250171661 1.3603410422802 1.5154282450676 1.43473273515701 1.38142427802086 1.14920398592949 1.06899976730347 1.40979677438736 1.69198572635651 2.35734003782272 2.17310742955459 -9999 -9999 -9999 -9999 -9999 -9999 -9999 -9999 -9999 -9999 -9999 -9999 -9999 -9999 -9999 -9999 -9999 -9999 -9999 -9999 -9999 -9999 -9999 -9999 -9999 -9999 -9999 -9999 -9999 -9999
0.519996017217636 0.635264977812767 0.700263753533363 0.669990733265877 0.634199246764183 0.741407230496407 0.814126521348953 0.746746480464935 0.925037294626236 0.936727121472359 1.06036198139191 0.932309255003929 0.920419007539749 1.02309000492096 1.09235921502113 0.968364715576172 0.826023727655411 0.725609242916107 0.491900615394115 0.706668734550476 0.67647148668766 0.932929515838623 1.29789751768112 1.55366402864456 1.09764938056469 1.14899548888206 0.955860391259193 1.28587353229523 1.42469698190689 1.32178428769112 2.30654400587082 -9999 -9999 -9999 -9999 -9999 -9999 -9999 -9999 -9999 -9999 -9999 -9999 -9999 -9999 -9999 -9999 -9999 -9999 -9999 -9999 -9999 -9999 -9999 -9999 -9999 -9999 -9999 -9999 -9999 -9999 -9999
