EcologicalScience/Bass/data/rs_data_bass/chl_240.asc
NCOLS 226 
NROWS 124 
XLLCORNER -9.41648524995501 
YLLCORNER 47.587301625531 
CELLSIZE 0.0833 
NODATA_value -9999 
[rows 54 to 80 of 124, columns 124 to 185 of 226]
2.47429132461548 2.30657476186752 1.75257593393326 1.93970918655396 2.03351318836212 2.07602173089981 2.1238551735878 2.49683779478073 2.55990225076675 2.5038623213768 2.20233678817749 2.07434695959091 2.22807741165161 2.28843605518341 2.58706641197205 3.06816601753235 3.09825360774994 2.87130832672119 2.92168128490448 2.79916280508041 2.66496902704239 2.51871228218079 2.50960868597031 2.43315142393112 2.38039720058441 2.34109729528427 2.25904047489166 3.40956678986549 3.39388051629066 3.13588044047356 2.92334175109863 2.86383229494095 2.65655958652496 2.74232062697411 2.81660404801369 2.64211133122444 2.68745738267899 2.04956477880478 2.03279542922974 2.14044982194901 2.25513142347336 2.68764442205429 3.77148592472076 3.27397441864014 7.88979291915894 7.85335636138916 7.01385569572449 4.91183567047119 16.3088121414185 5.67544841766357 4.89504778385162 6.9634416103363 6.03764390945435 9.75950350080218 16.3496732181973 37.8602151870728 18.3846994638443 19.8502553701401 12.1378811597824 15.462227126896 5.69731922920593 -9999
3.04344257712364 2.78357514739037 2.52949869632721 2.318264991045 2.20879197120667 2.3420684337616 2.32605224847794 2.09712374210358 2.00654929876328 2.01333296298981 2.22541576623917 2.13332480192184 2.20667320489883 2.40646952390671 2.60188722610474 2.80227291584015 2.86421996355057 2.82808130979538 2.64874130487442 2.58805650472641 2.61957907676697 2.7449317574501 2.86912643909454 2.87146729230881 2.80104070901871 2.72327703237534 2.68322020769119 3.08719646930695 2.59680396318436 2.48981446027756 2.42638343572617 2.70475798845291 2.68179523944855 2.80272227525711 1.93319553136826 2.65241548418999 2.69548505544662 2.48900699615479 2.38057726621628 2.40042150020599 2.12092655897141 2.37536180019379 3.42187786102295 5.16962921619415 3.5929491519928 3.57357466220856 4.39627647399902 6.23962211608887 23.2295680046082 17.3028659820557 5.33559286594391 6.1127450466156 6.31419110298157 8.1183614730835 9.2873260974884 9.59425029158592 10.5720698833466 -9999 -9999 -9999 -9999 -9999
3.13028928637505 3.20951503515244 2.82037916779518 2.69157975912094 2.58835583925247 2.47045576572418 2.38426208496094 2.22881841659546 2.00615108013153 2.14770376682281 2.08155083656311 2.13901877403259 2.17304402589798 2.32309645414352 2.61261069774628 2.97591376304626 2.82998031377792 3.00655567646027 2.94927531480789 2.73543602228165 2.76358956098557 2.97708231210709 3.00654315948486 3.00273907184601 2.89998596906662 2.68943774700165 2.84223157167435 2.5611629486084 3.11575242877007 2.58656072616577 2.53936582803726 2.33242312073708 2.46024370193481 2.86631137132645 3.12989920377731 2.00259304046631 1.93711870908737 2.62128746509552 2.71024203300476 2.46905547380447 1.93455308675766 2.53852343559265 3.84485685825348 5.65304553508759 5.36404860019684 5.32321715354919 5.50144708156586 3.85923244346003 5.87419188022614 6.23734903335571 5.57496535778046 7.1744270324707 8.84552228450775 13.6534340456128 -9999 -9999 -9999 -9999 -9999 -9999 -9999 -9999
3.07735794782639 3.1646936237812 3.26421511173248 3.08444166183472 2.92985183000565 2.74714350700378 2.44869375228882 2.44978880882263 2.42704725265503 2.38637548685074 2.24862080812454 2.33997452259064 2.3839920759201 2.43486303091049 2.70417451858521 2.63350653648376 2.65984725952148 3.05740571022034 3.04282486438751 3.04743003845215 2.93373531103134 2.81028753519058 2.76556420326233 2.60932356119156 2.50780427455902 2.40837532281876 2.19703942537308 3.10728675127029 2.98737716674805 2.84167805314064 2.79925426840782 3.27785888314247 2.26151025295258 2.43106341362 2.05725967884064 1.89780378341675 1.98993158340454 2.26541179418564 1.87443906068802 1.30300122499466 1.99358475208282 2.95931392908096 4.26042830944061 5.09798169136047 6.18145179748535 8.01240348815918 6.56480026245117 6.43341347602529 7.44969034194946 6.7115113735199 7.14162254333496 6.94075512886047 9.0223503112793 -9999 -9999 -9999 -9999 -9999 -9999 -9999 -9999 -9999
3.98851239681244 3.65789115428925 3.45074093341827 3.25474512577057 3.13158738613129 3.12174296379089 2.9580420255661 2.85085505247116 2.87131798267365 2.77607470750809 2.53450655937195 2.54487007856369 2.5133062005043 2.59535318613052 2.56159651279449 2.51785576343536 3.2711101770401 3.20398485660553 3.31634187698364 3.24004948139191 3.00204813480377 2.79824477434158 2.71253925561905 2.52276742458344 2.41186344623566 2.21100330352783 2.14891904592514 2.06622624397278 1.93979427218437 2.86284255981445 1.72125148773193 1.64734125137329 1.54162055253983 2.35094547271729 1.80729603767395 1.82361978292465 1.38371470570564 1.32963001728058 1.19929647445679 1.47712048888206 2.21257191896439 3.26523756980896 4.57853937149048 4.6026166677475 5.35781407356262 7.47193121910095 8.25205206871033 7.13707423210144 7.73146748542786 7.88350081443787 8.64403009414673 29.0604057312012 46.7134358332707 -9999 -9999 -9999 -9999 -9999 -9999 -9999 -9999 -9999
-9999 5.43435648679733 6.46351750691732 2.9823083281517 3.42055571079254 3.7746673822403 3.48171901702881 3.42934048175812 3.24073505401611 3.05281662940979 2.64136791229248 2.75702172517776 2.99003630876541 3.00095415115356 3.02919960021973 2.99363243579865 3.31278383731842 3.49214458465576 3.29350733757019 3.13658559322357 2.93790757656097 2.66175001859665 2.68744647502899 2.33855378627777 2.35753351449966 1.94163751602173 0.978594034910202 1.02750071883202 1.25365126132965 1.39188596606255 1.49484372138977 1.06647902727127 1.04463073611259 1.01850378513336 2.30926841497421 1.96756267547607 0.957822024822235 1.06154626607895 1.33584371209145 1.57135945558548 1.71877348423004 2.36613374948502 3.62058234214783 4.14768755435944 6.83105635643005 -9999 5.79107236862183 5.92132115364075 6.67108941078186 6.75375151634216 30.5060005187988 35.6778087615967 44.7954254150391 54.4633282993151 -9999 -9999 -9999 -9999 -9999 -9999 -9999 -9999
-9999 -9999 -9999 -9999 -9999 2.28387522697449 3.63435759544373 3.52977550029755 3.17157661914825 3.09594011306763 3.03524315357208 2.63640224933624 2.55608707666397 2.74771642684937 2.91886192560196 3.32235288619995 3.44762992858887 3.45543229579926 3.06942307949066 2.94156378507614 2.58667874336243 2.68747043609619 3.09651517868042 2.44849491119385 3.19672572612762 2.47648429870605 1.78480875492096 1.09819051623344 1.14645972847939 1.29719021916389 1.25529751181602 1.134023219347 0.948661476373672 0.75815024971962 0.688625246286392 0.748055979609489 1.00059002637863 1.23888596892357 1.64774483442307 1.84941226243973 2.22766649723053 2.97194999456406 4.26760733127594 4.55010437965393 5.69677484035492 20.8315569440138 -9999 -9999 -9999 -9999 39.576976776123 56.0009536743164 49.17919921875 23.0555286994347 -9999 -9999 -9999 -9999 -9999 -9999 -9999 -9999
-9999 -9999 -9999 -9999 -9999 -9999 -9999 -9999 4.39269858598709 4.42015635967255 3.98491108417511 3.08105492591858 2.87489855289459 2.88421726226807 3.09075450897217 4.11428332328796 3.48948240280151 2.87035202980042 2.58663153648376 2.56467372179031 2.54097300767899 3.31256926059723 2.67919725179672 3.01315784454346 0.95882248878479 1.1085390150547 1.02906748652458 1.332041233778 1.29578322172165 1.57168275117874 1.80912601947784 1.50959408283234 1.21469923853874 1.12627574801445 1.15827450156212 1.31741398572922 1.11680924892426 1.56289583444595 1.92818319797516 2.41707676649094 3.28670024871826 4.21339738368988 6.03089833259583 6.80797648429871 6.60366259828026 29.0682649612427 -9999 -9999 -9999 -9999 17.548882484436 40.751895904541 42.2002000808716 33.7910213470459 31.3952407836914 41.5671774270583 -9999 -9999 -9999 -9999 -9999 -9999
-9999 -9999 -9999 -9999 -9999 -9999 -9999 -9999 -9999 -9999 3.97684192657471 3.67550611495972 3.32279241085052 3.45404934883118 3.66906809806824 3.5536025762558 2.8598558306694 2.57297998666763 2.25534456968307 2.12400966882706 2.4284160733223 1.46461799740791 1.05869928002357 0.885012030601501 0.733393505215645 0.823579519987106 1.03877851366997 1.34921702742577 1.55130672454834 1.72258043289185 1.83834457397461 2.20037931203842 1.6821209192276 1.43197721242905 1.2136657834053 1.19435477256775 1.18080675601959 1.60579580068588 2.29532325267792 3.31693661212921 4.25706231594086 5.20294654369354 8.70996451377869 6.36381268501282 13.8929518617473 -9999 -9999 -9999 -9999 -9999 -9999 -9999 9.90666425010053 18.129415512085 16.5839009284973 27.7205944061279 10.8786277770996 -9999 -9999 -9999 -9999 -9999
-9999 -9999 -9999 -9999 -9999 -9999 -9999 -9999 -9999 4.3704868555069 4.78488729000092 3.52374136447906 3.71321761608124 3.59298884868622 4.0689343214035 3.07987797260284 2.7580658197403 2.51420241594315 2.02386367321014 1.66162580251694 1.98508054018021 1.67917728424072 0.836016744375229 0.591896250844002 0.696114018559456 0.924852043390274 1.40605053305626 1.87958693504333 1.99151033163071 2.13781946897507 1.90270882844925 2.2554270029068 4.00586342811584 2.18654108047485 2.21889907121658 1.66422593593597 1.21772396564484 1.41003146767616 2.51877754926682 3.84209024906158 5.66792106628418 6.8850109577179 9.12775540351868 9.60414361953735 23.8224236681623 33.0447750091553 -9999 -9999 -9999 35.9136592601908 42.2073211669922 30.3696641921997 31.3335857391357 54.5543746948242 26.8942766189575 15.379054069519 15.0662735162243 -9999 -9999 -9999 -9999 -9999
-9999 -9999 -9999 -9999 -9999 -9999 -9999 -9999 -9999 -9999 3.56301467759269 5.59285962581635 5.6812469959259 5.2255185842514 4.23301041126251 3.40560829639435 2.86896818876266 2.29050296545029 1.82668805122375 1.4064547419548 1.43422204256058 1.79275131225586 1.26313653588295 0.654152244329453 0.639641985297203 0.870611250400543 1.26460352540016 2.15095871686935 2.86232399940491 2.89739173650742 6.50031423568726 5.52128398418427 9.10269784927368 2.24454671144485 4.61747252941132 2.90243482589722 1.62514954805374 2.19736272096634 2.9988471865654 4.12781774997711 6.026930809021 10.9974889755249 9.07649445533752 10.8484296798706 8.85550026696863 -9999 -9999 -9999 -9999 -9999 45.7643938064575 54.9309253692627 61.7241096496582 54.9027214050293 69.2319431304932 -9999 -9999 -9999 -9999 -9999 -9999 -9999
-9999 -9999 -9999 -9999 -9999 -9999 -9999 -9999 -9999 3.67937564849854 3.40121762752533 4.36734223365784 5.21359348297119 4.7746821641922 3.22321665287018 3.11653876304626 2.47129422426224 2.34247505664825 1.77219825983047 1.53847342729568 1.57320374250412 1.62459594011307 1.88070899248123 0.62024849653244 0.728063240647316 0.83885246515274 0.925604224205017 1.27772095799446 2.3256847858429 4.75125896930695 8.02067470550537 7.31556630134583 4.02643883228302 6.54659986495972 6.05011653900146 5.36279261112213 5.0468909740448 7.37009239196777 8.82520937919617 10.119802236557 9.89065074920654 9.99837398529053 6.49169826507568 6.16898377890726 3.86466658115387 -9999 -9999 -9999 -9999 -9999 52.1669030314998 23.8969706296921 30.5786056518555 -9999 -9999 -9999 -9999 -9999 -9999 -9999 -9999 -9999
-9999 -9999 -9999 -9999 -9999 -9999 -9999 -9999 -9999 3.3243565288457 3.84388797283173 4.78086376190186 3.95510458946228 3.25078046321869 3.06457507610321 2.67422103881836 2.16981893777847 1.9535670876503 1.70820593833923 1.63558727502823 1.73784971237183 1.8444128036499 1.8881955742836 0.631673991680145 0.817818760871887 1.01735177636147 0.837897777557373 1.00230154395103 1.0161389708519 1.79903107881546 4.68817126750946 7.92177700996399 6.34350228309631 5.46850275993347 5.37763059139252 6.07366561889648 9.34865641593933 11.5318522453308 11.8433554172516 14.184139251709 11.7537503242493 5.07380783557892 4.10915315151215 10.8803018453052 3.86466693878174 -9999 -9999 -9999 -9999 12.1949715614319 -9999 -9999 -9999 -9999 -9999 -9999 -9999 -9999 -9999 -9999 -9999 -9999
-9999 -9999 -9999 -9999 -9999 -9999 -9999 -9999 -9999 4.32751371860504 3.85223209857941 5.53301560878754 4.60567367076874 3.45883440971375 3.03049635887146 2.80749374628067 1.92728108167648 1.90070253610611 1.80661118030548 1.8639360666275 1.77909904718399 2.07253879308701 1.73202377557755 0.623536482453346 0.724662736058235 0.937532991170883 0.838821709156036 1.20149025321007 1.62191319465637 2.74884974956512 2.71427249908447 3.16817486286163 5.34863090515137 5.62144124507904 6.61498546600342 7.13857412338257 9.21834683418274 8.72614359855652 9.49949526786804 9.45050024986267 8.86818408966064 4.82953119277954 4.92764335176838 -9999 -9999 -9999 -9999 -9999 -9999 -9999 -9999 -9999 -9999 -9999 -9999 -9999 -9999 -9999 -9999 -9999 -9999 -9999
-9999 -9999 -9999 -9999 -9999 -9999 -9999 -9999 -9999 2.78216618299484 4.10425186157227 4.12454760074615 4.13906693458557 3.44973063468933 3.44610750675201 2.59994101524353 2.0872403383255 1.88832896947861 1.98754280805588 2.1652193069458 1.91705632209778 1.57624268531799 0.628286987543106 0.612086981534958 0.763709217309952 0.907736957073212 0.919031292200089 1.73135697841644 1.25301450490952 1.21346774697304 1.61336177587509 5.06395125389099 5.38963508605957 5.43802213668823 5.94323480129242 6.69992280006409 6.5395073890686 8.55773949623108 12.0379185676575 7.0270836353302 7.20924639701843 5.14336744476767 8.51727628133383 -9999 -9999 -9999 -9999 -9999 -9999 -9999 -9999 -9999 -9999 -9999 -9999 -9999 -9999 -9999 -9999 -9999 -9999 -9999
-9999 -9999 -9999 -9999 -9999 -9999 -9999 3.28386068344116 4.08838119506836 2.85521703958511 3.36410164833069 3.88644361495972 4.13587653636932 3.32405340671539 2.93004441261292 2.20200455188751 1.99527221918106 2.20133095979691 2.32275903224945 1.87065982818604 1.33415848016739 0.826533794403076 0.732912003993988 0.799215763807297 0.940786510705948 1.02777376770973 1.960404753685 4.35150289535522 4.55729341506958 4.0415461063385 1.99316257238388 5.39779043197632 6.5973379611969 5.94628858566284 6.07539081573486 6.10351324081421 5.74912941455841 5.64971709251404 6.26509809494019 8.82441115379333 12.9138180578797 5.69786846637726 3.25656187534332 -9999 -9999 -9999 -9999 -9999 -9999 -9999 -9999 -9999 -9999 -9999 -9999 -9999 -9999 -9999 -9999 -9999 -9999 -9999
-9999 -9999 -9999 -9999 -9999 -9999 3.81473616758982 2.92463347044858 2.94804501533508 2.77238470315933 2.99052143096924 3.77402758598328 4.14418494701385 3.32755136489868 2.48369926214218 2.24959355592728 2.17230892181396 2.15771108865738 1.44675976037979 1.01577150821686 1.13243097066879 1.17036527395248 1.193913012743 1.13462626934052 1.01707202196121 2.19632399082184 8.55859780311584 9.16496443748474 6.4905002117157 6.20112133026123 6.22736406326294 15.3933076858521 10.4132173061371 7.84882092475891 6.64802527427673 5.79461789131165 6.10488510131836 6.03349685668945 5.3903660774231 -9999 -9999 -9999 -9999 -9999 -9999 -9999 -9999 -9999 -9999 -9999 -9999 -9999 -9999 -9999 -9999 -9999 -9999 -9999 -9999 -9999 -9999 -9999
-9999 -9999 -9999 -9999 4.51338435243244 3.68084318637848 2.67260840535164 4.1469337105751 2.70954519510269 2.59045279026031 2.84507703781128 3.53753113746643 3.58125221729279 2.74106472730637 2.16035556793213 2.06936323642731 2.01562732458115 2.35971683263779 1.72121697664261 1.81920450925827 1.43104800581932 1.53644549846649 2.60056579113007 4.1782318353653 4.47885167598724 2.51889896392822 11.1225786209106 11.1438875198364 10.467128276825 5.08983242511749 5.16963744163513 7.761066198349 12.7042593955994 11.5568583011627 12.9409976005554 8.92872333526611 5.09138023853302 9.19839784732232 -9999 -9999 -9999 -9999 -9999 -9999 -9999 -9999 -9999 -9999 -9999 -9999 -9999 -9999 -9999 -9999 -9999 -9999 -9999 -9999 -9999 -9999 -9999 -9999
-9999 -9999 -9999 -9999 3.20212916766896 3.79976843401443 2.66013781229655 4.03616802692413 2.6586862206459 2.43815320730209 2.47187930345535 3.1909636259079 2.97962182760239 2.89119154214859 2.09449124336243 1.97731804847717 2.14196991920471 2.2948762178421 2.34034645557404 3.42052638530731 4.76490533351898 5.61085438728333 4.91774833202362 5.47761905193329 5.98549282550812 4.53820431232452 4.02297163009644 7.41516709327698 8.78921484947205 4.18309199810028 7.61496520042419 11.9117302894592 12.9708194732666 6.2662718296051 16.557804107666 13.9073796272278 32.6175155639648 -9999 -9999 -9999 -9999 -9999 -9999 -9999 -9999 -9999 -9999 -9999 -9999 -9999 -9999 -9999 -9999 -9999 -9999 -9999 -9999 -9999 -9999 -9999 -9999 -9999
-9999 30.6187348925202 4.04527619827625 3.75912614340006 3.05970726013184 3.59972167015076 4.05295524001122 3.65609908103943 2.79724431037903 2.41058099269867 2.19170773029327 2.29862254858017 2.96905875205994 2.06003093719482 1.77914482355118 1.95437407493591 1.62645596265793 1.58145529031754 2.08438503742218 4.47852516174316 7.59222078323364 4.36064922809601 7.9359655380249 10.8402199745178 7.07822370529175 7.03505301475525 8.06006598472595 1.57377451658249 1.57772022485733 15.2284727096558 23.3563013076782 20.4775085449219 17.7190232276917 27.5053310394287 35.8327349424362 13.0037753852931 -9999 -9999 -9999 -9999 -9999 -9999 -9999 -9999 -9999 -9999 -9999 -9999 -9999 -9999 -9999 -9999 -9999 -9999 -9999 -9999 -9999 -9999 -9999 -9999 -9999 -9999
13.9909974166325 4.68518745608446 5.19670005945059 3.66468355485371 3.98108911514282 3.17986714839935 3.16972661018372 4.31161558628082 2.71609497070312 2.4653018116951 2.63638508319855 2.30401808023453 2.83172482252121 1.98183524608612 1.68132448196411 1.50186592340469 1.83031046390533 1.69201129674911 2.02591645717621 4.42546570301056 2.6458792090416 3.93099224567413 6.65012383460999 9.2651309967041 10.9225609302521 8.92046856880188 5.24976432323456 8.26039123535156 14.3274965286255 13.8111906051636 19.9402799606323 29.1509370803833 59.7720336914062 -9999 -9999 -9999 -9999 -9999 -9999 -9999 -9999 -9999 -9999 -9999 -9999 -9999 -9999 -9999 -9999 -9999 -9999 -9999 -9999 -9999 -9999 -9999 -9999 -9999 -9999 -9999 -9999 -9999
22.0744901353663 2.47804658753531 4.05785700253078 3.77893084287643 3.23943436145782 3.30773341655731 3.65764582157135 2.95658701658249 2.52545177936554 2.28162217140198 2.12768179178238 2.16411745548248 2.11533147096634 1.38088801503181 1.25645926594734 1.32429000735283 1.68957978487015 2.11378580331802 2.19128179550171 2.80663347244263 2.49561148881912 5.9740823507309 7.72550082206726 12.8062019348145 13.7321619987488 22.4454073905945 22.0251631736755 20.8332080841064 12.5852179527283 17.2469487190247 19.8415861129761 50.8326187133789 30.8452463150024 22.6299846967061 18.4540650049845 5.52710670052153 -9999 -9999 -9999 -9999 -9999 -9999 -9999 -9999 -9999 -9999 -9999 -9999 -9999 -9999 -9999 -9999 -9999 -9999 -9999 -9999 -9999 -9999 -9999 -9999 -9999 -9999
4.07244479656219 3.25786179304123 3.66383546590805 3.47086715698242 4.17209243774414 3.74043238162994 2.45988750457764 2.19038772583008 2.20260894298553 2.03097295761108 1.86320704221725 1.75260293483734 1.73906242847443 1.65595132112503 1.43223524093628 1.12514546513557 2.10902845859528 2.31987226009369 1.98924368619919 2.76516008377075 4.63605809211731 8.41461610794067 12.5868544578552 16.1514558792114 12.7094593048096 14.7024836540222 15.3804845809937 16.7505140304565 17.3328995704651 12.1940574645996 6.70840702533722 -9999 -9999 -9999 -9999 -9999 -9999 -9999 -9999 -9999 -9999 -9999 -9999 -9999 -9999 -9999 -9999 -9999 -9999 -9999 -9999 -9999 -9999 -9999 -9999 -9999 -9999 -9999 -9999 -9999 -9999 -9999
3.91718459129333 3.98429471254349 3.83467197418213 4.00417202711105 3.77074384689331 3.63498985767365 2.69127076864243 2.45901829004288 2.53111803531647 2.44125831127167 2.04027307033539 1.39027726650238 1.741903424263 1.62976276874542 1.47940501570702 1.59525150060654 1.79498916864395 1.94705325365067 2.86923444271088 5.11963641643524 9.92830395698547 9.38504433631897 14.8111052513123 11.7643475532532 10.4868621826172 11.0572028160095 14.6893043518066 15.7159566879272 25.3343982696533 21.4539799690247 20.179491519928 6.57071708988499 -9999 -9999 -9999 -9999 -9999 -9999 24.1717813157324 12.6942715644836 -9999 -9999 -9999 -9999 -9999 -9999 -9999 -9999 -9999 -9999 -9999 -9999 -9999 -9999 -9999 -9999 -9999 -9999 -9999 -9999 -9999 -9999
3.18327233195305 6.12684037685394 3.6660560911352 5.82568991184235 4.5785499997437 3.68310445547104 4.81816039979458 3.41921997070312 3.06824612617493 2.29878902435303 2.0927751660347 1.56319355964661 1.29902771115303 1.40578651428223 1.80560177564621 1.39115327596664 1.4542064666748 4.0718879699707 5.79232656955719 10.5361018180847 17.1257500648499 19.5021886825562 16.319429397583 9.07133531570435 8.06895732879639 7.65924668312073 8.11680221557617 13.0539865493774 14.0452437400818 20.8213677406311 8.36988492044684 3.42093944549561 -9999 -9999 -9999 -9999 -9999 -9999 -9999 -9999 -9999 -9999 -9999 -9999 -9999 -9999 -9999 -9999 -9999 -9999 -9999 -9999 -9999 -9999 -9999 -9999 -9999 -9999 -9999 -9999 -9999 -9999
-9999 -9999 -9999 -9999 -9999 4.00850915908813 3.65129458904266 3.10395622253418 2.93306511640549 2.26249122619629 2.11545306444168 1.77880203723907 1.55164343118668 1.60150873661041 1.62808799743652 1.8019979596138 2.83817553520203 3.33109724521637 5.03905355930328 8.77524018287659 11.7046880722046 10.2883515357971 9.76698589324951 8.14298701286316 7.78939747810364 13.0200963020325 -9999 -9999 -9999 -9999 -9999 -9999 -9999 -9999 -9999 -9999 -9999 -9999 -9999 -9999 -9999 -9999 -9999 -9999 -9999 -9999 -9999 -9999 -9999 -9999 -9999 -9999 -9999 -9999 -9999 -9999 -9999 -9999 -9999 -9999 -9999 -9999
-9999 -9999 -9999 -9999 -9999 -9999 3.66084492206573 2.51728266477585 2.13190877437592 1.89614617824554 1.91854798793793 1.64977794885635 1.49841678142548 1.6288890838623 1.87369877099991 2.73316276073456 3.08579778671265 3.49495589733124 5.05227291584015 9.75290179252625 13.4856905937195 23.3558835983276 16.2799472808838 3.31243327914215 -9999 -9999 -9999 -9999 -9999 -9999 -9999 -9999 -9999 -9999 -9999 -9999 -9999 -9999 -9999 -9999 -9999 -9999 -9999 -9999 -9999 -9999 -9999 -9999 -9999 -9999 -9999 -9999 -9999 -9999 -9999 -9999 -9999 -9999 -9999 -9999 -9999 -9999
