EcologicalScience/Bass/data/rs_data_bass/chl_512.asc
NCOLS 226 
NROWS 124 
XLLCORNER -9.41648524995501 
YLLCORNER 47.587301625531 
CELLSIZE 0.0833 
NODATA_value -9999 
[rows 81 to 107 of 124, columns 62 to 123 of 226]
3.85158455371857 5.97498106956482 7.6620512008667 7.66205191612244 -9999 -9999 -9999 -9999 -9999 -9999 -9999 -9999 -9999 -9999 -9999 -9999 -9999 -9999 -9999 -9999 -9999 -9999 -9999 -9999 -9999 -9999 -9999 -9999 -9999 -9999 -9999 -9999 -9999 -9999 -9999 -9999 -9999 -9999 -9999 -9999 -9999 -9999 -9999 -9999 -9999 -9999 -9999 -9999 -9999 -9999 -9999 -9999 -9999 -9999 -9999 -9999 -9999 -9999 -9999 -9999 -9999 -9999
2.6566141947456 -9999 -9999 -9999 -9999 -9999 -9999 -9999 -9999 -9999 -9999 -9999 -9999 -9999 -9999 -9999 -9999 -9999 -9999 -9999 -9999 -9999 -9999 -9999 -9999 -9999 -9999 -9999 -9999 -9999 -9999 -9999 -9999 -9999 -9999 -9999 -9999 -9999 -9999 -9999 -9999 -9999 -9999 -9999 -9999 -9999 -9999 -9999 -9999 -9999 -9999 -9999 -9999 -9999 -9999 -9999 -9999 -9999 -9999 -9999 -9999 -9999
-9999 -9999 -9999 -9999 -9999 -9999 -9999 -9999 -9999 -9999 -9999 -9999 -9999 -9999 -9999 -9999 -9999 -9999 -9999 -9999 -9999 -9999 -9999 -9999 -9999 -9999 -9999 -9999 -9999 -9999 -9999 -9999 -9999 -9999 -9999 -9999 -9999 -9999 -9999 -9999 -9999 -9999 -9999 -9999 -9999 -9999 -9999 -9999 -9999 -9999 -9999 -9999 -9999 -9999 -9999 -9999 -9999 -9999 -9999 -9999 -9999 -9999
-9999 -9999 -9999 -9999 -9999 -9999 -9999 -9999 -9999 -9999 -9999 -9999 -9999 -9999 -9999 -9999 -9999 -9999 -9999 -9999 -9999 -9999 -9999 -9999 -9999 -9999 -9999 -9999 -9999 -9999 -9999 -9999 -9999 -9999 -9999 -9999 -9999 -9999 -9999 -9999 -9999 -9999 -9999 -9999 -9999 -9999 -9999 -9999 -9999 -9999 -9999 -9999 -9999 -9999 -9999 -9999 -9999 4.44975303781444 3.05987799167633 2.85019505023956 2.59157770872116 2.31079638004303
-9999 -9999 -9999 -9999 -9999 -9999 -9999 -9999 -9999 -9999 -9999 -9999 -9999 -9999 -9999 -9999 -9999 -9999 -9999 -9999 -9999 -9999 -9999 -9999 -9999 -9999 -9999 -9999 -9999 -9999 -9999 -9999 -9999 -9999 -9999 -9999 37.1749906539917 5.09926009178162 4.2422776222229 4.2422776222229 -9999 -9999 5.85364069257464 3.76455008983612 3.56664633750916 3.14912617206573 3.18465685844421 2.98455011844635 2.96365803480148 2.91954874992371 2.86062812805176 2.35043683648109 -9999 -9999 4.3601142168045 4.08802700042725 3.11745572090149 2.5695886015892 2.24437111616135 1.99254012107849 1.80503171682358 1.52824348211288
-9999 -9999 -9999 -9999 -9999 -9999 -9999 -9999 -9999 -9999 -9999 -9999 -9999 1.65585905313492 1.55159246921539 1.38870120048523 1.45225498080254 1.72636306285858 1.12509450316429 -9999 -9999 -9999 -9999 -9999 -9999 -9999 -9999 -9999 3.61110270023346 3.84390556812286 3.64256644248962 3.52066826820374 2.76636278629303 3.66949796676636 -9999 -9999 -9999 3.92777287960052 3.73997104167938 3.62225711345673 3.70415711402893 3.01567840576172 2.75448113679886 2.71985524892807 2.73641395568848 2.57858026027679 2.43653619289398 2.35149568319321 2.33786058425903 2.37383151054382 2.28989124298096 2.32009720802307 2.62969154119492 2.99569988250732 2.99676024913788 2.87444257736206 2.40542614459991 1.84178477525711 1.59174692630768 1.40031623840332 1.26225954294205 1.23229587078094
-9999 -9999 -9999 -9999 -9999 -9999 -9999 -9999 -9999 -9999 1.45457401871681 1.44733464717865 1.54646354913712 1.36398267745972 1.28357568383217 1.32013750076294 1.42721137404442 1.52038675546646 1.72915881872177 2.03255242109299 2.0998894572258 2.18132829666138 2.33802419900894 2.54704821109772 2.62037855386734 2.31599227871214 -9999 1.80174985196855 2.87196081876755 2.8068745136261 2.95467013120651 3.01976072788239 3.49373066425323 3.70032119750977 3.78868854045868 -9999 3.15843793101933 3.1872171163559 3.33560335636139 3.24198603630066 2.65646409988403 2.30493128299713 2.13102811574936 2.0662334561348 2.1068896651268 2.15410602092743 2.19619220495224 1.87957745790482 1.81000202894211 1.72133964300156 1.47384756803513 1.43631675839424 1.52672892808914 1.50757867097855 1.61244517564774 1.53092801570892 1.31064364314079 0.973755419254303 0.933007657527924 0.871144652366638 0.931137353181839 0.958695620298386
-9999 -9999 -9999 -9999 -9999 -9999 -9999 -9999 1.84130013447541 1.4115217924118 1.45848459005356 1.24963054060936 1.15946879982948 1.24001240730286 1.46332034468651 1.68763911724091 1.78914320468903 1.962999522686 2.09781074523926 2.30300903320312 2.50939267873764 2.36295694112778 2.46458655595779 2.47030752897263 2.64356589317322 2.49373608827591 2.44347792863846 2.40925651788712 2.37222790718079 2.31391990184784 2.31671243906021 2.57841360569 3.13120329380035 3.39958763122559 3.56052303314209 3.44730699062347 2.91450154781342 2.67570823431015 2.89918148517609 2.84834790229797 2.36750507354736 2.17720288038254 2.13692396879196 1.91038870811462 1.60505622625351 1.40983182191849 1.18968406319618 0.979648143053055 0.891458362340927 0.611887603998184 0.639095261693001 0.638412863016129 0.687857732176781 0.742855399847031 0.741987124085426 0.748184368014336 0.767729669809341 0.753846377134323 0.744231730699539 0.757954001426697 0.826216131448746 0.884704917669296
-9999 -9999 -9999 -9999 -9999 -9999 -9999 -9999 -9999 1.18973591923714 1.17787143588066 1.25769826769829 1.31942510604858 1.39989924430847 1.51069986820221 1.61702656745911 1.73567855358124 1.93039637804031 2.00571548938751 2.04100263118744 2.18482142686844 2.32438212633133 2.34009701013565 2.28040391206741 2.31687837839127 2.1999843120575 2.25520831346512 2.2442911863327 2.3145135641098 2.38012236356735 2.44721156358719 2.73300665616989 3.27711689472198 3.44210636615753 3.13695859909058 3.33162224292755 3.20148825645447 2.79513323307037 2.48993575572968 2.38804739713669 2.41454619169235 2.25064569711685 1.83624351024628 1.39331746101379 1.24543762207031 1.28607013821602 1.31431236863136 0.538330391049385 0.574775397777557 0.645375117659569 0.65984719991684 0.676895275712013 0.664201766252518 0.676739573478699 0.67902883887291 0.671634703874588 0.707434594631195 0.705042734742165 0.693634763360023 0.75606107711792 0.901316195726395 0.961582660675049
-9999 -9999 -9999 -9999 -9999 -9999 -9999 -9999 -9999 1.25628635287285 1.26651692390442 1.19447502493858 1.18151021003723 1.22629326581955 1.25993701815605 1.34810855984688 1.51327013969421 1.62633669376373 1.7336311340332 1.8888087272644 1.99944001436234 2.05290627479553 2.08052498102188 1.9945228099823 1.90121501684189 1.89391887187958 1.89023369550705 1.96434617042542 2.01997178792953 2.13584464788437 2.26542770862579 2.50355887413025 2.66382747888565 2.93315076828003 3.10158205032349 3.13962364196777 3.2754807472229 3.12849104404449 2.78791505098343 2.59771174192429 2.50450193881989 2.41215294599533 1.8245837688446 1.3433929681778 1.31773425936699 1.75618824018882 1.80195299822551 0.613475874066353 0.62156443297863 0.606078654527664 0.608271941542625 0.631703048944473 0.662000969052315 0.681385338306427 0.68048532307148 0.663395583629608 0.64280703663826 0.646516397595406 0.70248980820179 0.810544967651367 0.87458136677742 0.860022515058517
1.02404057979584 0.97320744395256 1.32809928059578 1.9938206076622 2.2513986825943 -9999 -9999 1.98634046316147 1.76653951406479 1.26181894540787 1.21420088410378 1.21123427152634 1.17825356125832 1.17444661259651 1.16457697749138 1.18428540229797 1.12181496620178 0.590443387627602 0.665822088718414 0.865447372198105 1.2816116809845 1.30231538414955 1.27823093533516 1.22313541173935 1.1793367266655 1.17776861786842 1.17651164531708 1.20771074295044 1.25817453861237 1.27560353279114 1.36780992150307 1.45468559861183 1.46409782767296 1.50132822990417 1.54263943433762 1.59564918279648 1.76803904771805 1.87577569484711 1.90607464313507 1.76817101240158 1.67625671625137 1.63748788833618 1.51869571208954 1.41290107369423 0.662629008293152 0.636100083589554 0.615079522132874 0.600310564041138 0.598633736371994 0.617680057883263 0.635647729039192 0.652614310383797 0.661222457885742 0.668267548084259 0.674236178398132 0.658906728029251 0.642525091767311 0.644952446222305 0.718817666172981 0.792039692401886 0.765012949705124 0.811913967132568
0.604918733239174 0.733107805252075 1.11149454116821 1.51895517110825 1.51179957389832 1.60192108154297 1.63172060251236 1.52184963226318 1.39918264746666 1.31720781326294 1.25559577345848 1.37806445360184 1.25928765535355 1.31711840629578 1.27260804176331 1.18777120113373 0.948080778121948 0.861213594675064 1.29179441928864 1.2396953701973 1.20338746905327 1.22639760375023 1.2430095076561 1.16744667291641 1.11474117636681 1.13145983219147 1.15359726548195 1.1652717590332 1.13914480805397 0.632881388068199 0.946232390403748 1.13693368434906 1.17442014813423 1.14136531949043 1.1309497654438 1.16535401344299 1.18715617060661 1.18760472536087 1.32941855192184 1.30048652887344 1.2688649058342 1.26811103224754 0.688728779554367 0.674691572785378 0.668392136693001 0.62650828063488 0.63992603123188 0.637882009148598 0.641726598143578 0.659400388598442 0.680926948785782 0.666123747825623 0.661458805203438 0.662396728992462 0.666544809937477 0.666015565395355 0.628815293312073 0.59906530380249 0.603955373167992 0.620704382658005 0.638613492250443 0.637541994452477
0.538022384047508 0.63680662214756 0.820324033498764 0.881743490695953 0.945175588130951 1.1522501707077 1.16701358556747 1.21785253286362 1.34007757902145 1.34003832936287 1.3312012553215 1.37083670496941 1.08555167913437 0.904017895460129 0.83427232503891 1.18400028347969 1.16757935285568 1.21454268693924 1.22343796491623 1.17492896318436 1.08791068196297 1.47039814591408 1.44591921567917 1.20647482872009 1.33879165777138 1.27490293341024 1.16840540298394 1.17691470384598 0.54689584672451 0.543882966041565 0.540283754467964 1.29678415154156 1.28157635111558 0.981298752129078 1.36613930463791 1.36190638542175 1.34848602009671 1.33295699421849 1.33060009883983 1.33698761037418 1.31747335883287 0.7024045586586 0.7024045586586 0.632986083626747 0.641282334923744 0.649434104561806 0.647375017404556 0.647288382053375 1.39071397802659 0.716457232832909 0.715890035033226 0.683472856879234 0.637197956442833 0.621098354458809 0.635567083954811 0.657520160079002 0.639717757701874 0.637652322649956 0.654990836977959 0.674422904849052 0.703430950641632 0.734654903411865
0.582373782992363 0.653860151767731 0.708526432514191 0.692953616380692 0.688435837626457 0.752313673496246 0.781049966812134 0.771522402763367 0.824628263711929 0.978822559118271 0.888463228940964 0.817778617143631 0.794220954179764 0.803452223539352 0.852190911769867 1.17095535993576 1.16867110133171 1.1414076089859 1.11164590716362 0.71040204167366 0.963548764586449 0.984209842979908 1.29757952094078 0.871698415279389 0.742001664638519 0.704013881087303 0.999033540487289 0.999033540487289 1.22843278646469 0.917870197445154 0.940675914287567 0.940675914287567 0.881772094964981 0.881417447328567 1.22348806013664 1.26873178531726 1.30849540765796 1.30107069228377 1.28033278776067 1.33514835579055 1.3226949104241 0.924312686920166 0.958087837696075 1.22824817470142 0.707292169332504 0.686192527413368 0.700457498431206 0.729885935783386 0.74157589673996 0.940707755088806 0.475036472082138 0.550517991185188 0.611734673380852 0.632058665156364 0.685165777802467 0.729784369468689 0.760563790798187 0.825603514909744 0.897819757461548 0.905748099088669 0.905857533216476 0.936304092407227
0.565590620040894 0.607559904456139 0.673106342554092 0.662151888012886 0.630532577633858 0.651682779192924 0.685347497463226 0.713781148195267 0.715040355920792 0.717814430594444 0.748293355107307 0.797919183969498 0.800588965415955 0.825934678316116 0.829780340194702 0.928161799907684 0.719121247529984 0.662860617041588 0.649245277047157 0.647212877869606 0.668102145195007 0.855548076331615 0.783528160303831 0.733501821756363 0.70943777859211 1.05128136277199 1.05780735611916 1.06387674808502 1.06161180138588 1.03994902968407 1.06548687815666 1.05419486761093 1.04169362783432 1.06063082814217 1.10311129689217 1.12905675172806 1.04462358355522 1.01338854432106 1.02444872260094 1.04069486260414 1.01333248615265 0.962550133466721 1.34987392595836 0.730838298797607 0.7315813601017 0.73497998714447 0.730435833334923 0.733199939131737 0.725312009453773 0.720817342400551 0.661872312426567 0.549837604165077 0.624820455908775 0.724777311086655 0.805927008390427 0.967811107635498 1.07927986979485 1.17708715796471 1.33680966496468 1.4404568374157 1.39371773600578 1.4786631166935
0.522814527153969 0.523716017603874 0.54561522603035 0.585437804460526 0.588592439889908 0.672612950205803 0.678707286715508 0.676933005452156 0.724055930972099 0.843497067689896 0.856579005718231 0.899746745824814 0.923520416021347 0.899646162986755 0.854059875011444 0.813950389623642 0.684971898794174 0.67209666967392 0.692756518721581 0.709150224924088 0.705282256007195 0.794842153787613 0.909048682451248 0.655651951208711 0.710213424637914 1.03772556781769 1.05289274454117 1.07739919424057 1.09085056185722 1.09682822227478 1.07325804233551 1.11317440867424 1.20407447218895 1.36965411901474 1.58572053909302 1.48313221335411 1.22538685798645 1.07372689247131 1.0753567814827 1.05896830558777 1.01185593008995 0.981854617595673 0.922629117965698 0.791661411523819 0.78521740436554 0.781998306512833 0.774039655923843 0.756027549505234 0.718785524368286 0.652386769652367 0.693225145339966 0.794019162654877 0.880407214164734 1.01515504717827 1.16743326187134 1.38304567337036 1.52305465936661 1.66625064611435 1.75948941707611 1.92644476890564 1.98261094093323 2.50076946616173
0.54268504679203 0.50038830935955 0.502045467495918 0.512838453054428 0.536638990044594 0.66236637532711 0.613932251930237 0.576581463217735 0.649574518203735 0.738351747393608 0.782427549362183 0.856449007987976 0.916577786207199 0.928104043006897 0.898090392351151 0.814931005239487 0.696258410811424 0.670590028166771 0.666804492473602 0.766701911176954 0.62880232334137 0.956447674677922 1.15905771936689 1.13267160952091 1.06025835871696 1.1410171687603 1.21796894073486 1.29205450415611 1.3034340441227 1.33354496955872 1.47692227363586 1.69353532791138 2.16314327716827 2.27637362480164 2.27034223079681 2.1576737165451 1.80964010953903 1.44167402386665 1.20775124430656 1.02736222743988 1.01703661680222 1.01171645522118 0.941307306289673 0.799429804086685 0.805031150579453 0.809019595384598 0.751756221055984 0.73930124938488 0.724184721708298 0.708781108260155 0.824544310569763 1.02069836854935 1.28511071205139 1.57957273721695 1.75543749332428 1.9532436132431 2.2409879565239 -9999 -9999 -9999 -9999 -9999
0.5469059497118 0.547047436237335 0.542912855744362 0.525733754038811 0.51004846394062 0.634086281061172 0.669920593500137 0.594239562749863 0.7097108066082 0.669805750250816 0.678346395492554 0.672197967767715 0.70890636742115 0.80932429432869 0.873932003974915 0.773660123348236 0.672692745923996 0.683685511350632 0.656161665916443 1.08044993877411 1.03462699055672 0.997202843427658 0.965233951807022 1.02296742796898 1.07776325941086 1.26441407203674 1.3604428768158 1.42128923535347 1.55703181028366 1.64525109529495 1.98644024133682 2.26393800973892 2.50683689117432 2.34195023775101 2.23163545131683 2.06851476430893 1.83324855566025 1.53187769651413 1.23256453871727 1.09522631764412 1.07191666960716 0.971834599971771 0.839770138263702 0.809918761253357 0.823495656251907 0.840494602918625 0.78522053360939 0.819075375795364 0.861149489879608 0.981328457593918 1.1984575688839 1.45572432875633 1.61754959821701 1.69686007041198 2.57058365004403 -9999 -9999 -9999 -9999 -9999 -9999 -9999
0.595386251807213 0.584071666002274 0.616039261221886 0.627666011452675 0.587511241436005 0.621163621544838 0.653548926115036 0.581143230199814 0.610450342297554 0.684050738811493 0.694284528493881 0.664753675460815 0.709296315908432 0.706503823399544 0.735310032963753 0.690468594431877 0.700277164578438 0.738378793001175 0.985718160867691 1.08552646636963 1.0777460038662 1.05959790945053 1.05097407102585 1.05779457092285 1.24469178915024 1.35223442316055 1.38719049096107 1.45539343357086 1.52829784154892 -9999 -9999 -9999 -9999 -9999 -9999 3.14426672458649 1.88129281997681 1.66086655855179 1.28761839866638 1.10610741376877 1.06175923347473 1.02334097027779 0.889228194952011 0.881578087806702 0.923466503620148 1.00092145800591 1.04240772128105 1.11502146720886 1.15321961045265 1.50034081935883 1.81021249294281 1.95067262649536 1.97960489988327 1.9762424826622 1.97624230384827 -9999 -9999 -9999 -9999 -9999 -9999 -9999
0.588585913181305 0.609370037913322 0.612603932619095 0.625042587518692 0.596545279026031 0.644807517528534 0.65101084113121 0.613575249910355 0.667858779430389 0.831304907798767 0.823148041963577 0.848681956529617 0.785259157419205 0.727095410227776 0.7044997215271 0.755281627178192 0.774223387241364 0.872090399265289 1.1058963239193 1.10026600956917 1.05570352077484 0.975303590297699 1.00655999779701 0.969257533550262 1.15662959218025 1.24321022629738 1.31094601750374 1.38814374804497 1.37600845098495 -9999 -9999 -9999 -9999 -9999 -9999 2.40929807935442 2.23462414741516 2.04873222112656 1.73996526002884 1.30347660183907 1.11679869890213 1.11802536249161 1.01927241683006 0.934302806854248 0.886635929346085 0.980966180562973 1.13711956143379 1.28088140487671 1.55274599790573 1.90276229381561 2.10772275924683 2.25855910778046 -9999 -9999 -9999 -9999 -9999 -9999 -9999 -9999 -9999 -9999
0.587701991200447 0.609785065054893 0.606211915612221 0.608862161636353 0.614151030778885 0.861898915842175 0.659962356090546 0.653102919459343 0.992227882146835 0.953589856624603 0.839377999305725 0.744958475232124 0.739931121468544 0.730745494365692 0.669626623392105 0.662741973996162 0.687318697571754 0.846598953008652 1.22433793544769 1.31154352426529 0.810029742777894 1.10633996129036 1.09574005007744 1.08782476186752 0.934603571891785 1.14580696821213 1.29220050573349 1.44910061359406 1.56859302520752 -9999 -9999 -9999 -9999 -9999 -9999 -9999 2.8634746670723 2.63282972574234 2.46778106689453 2.21158236265182 1.83545476198196 1.52222728729248 1.50635433197021 1.58515745401382 1.59804064035416 1.47595399618149 1.45672819018364 1.42445594072342 1.68007439374924 2.16565400362015 2.5417492389679 2.6451244354248 2.99107298254967 -9999 -9999 -9999 -9999 -9999 -9999 -9999 -9999 -9999
0.602302685379982 0.571118518710136 0.55997371673584 0.566664844751358 0.599887579679489 0.622742995619774 0.620543271303177 0.62042011320591 0.77045139670372 0.750876724720001 0.721086591482162 0.736113935709 0.706192418932915 0.664398685097694 0.635687917470932 0.623715609312057 0.612019211053848 0.764118790626526 1.1196021437645 1.1661359667778 1.26568615436554 1.02826800942421 1.17112103104591 1.19473233819008 1.31971845030785 1.41525882482529 1.45086872577667 1.65966099500656 1.7818855047226 2.03280955553055 -9999 -9999 -9999 -9999 -9999 -9999 -9999 2.3308146695296 2.09573705056134 2.69429017866359 2.35470020771027 2.34300684928894 2.71742087602615 3.17330682277679 2.91901481151581 2.89826202392578 2.42111974954605 2.24039429426193 2.50974011421204 2.85209763050079 3.05845391750336 2.86350393295288 3.04432821273804 -9999 -9999 -9999 -9999 -9999 -9999 -9999 -9999 -9999
0.536963626742363 0.578813642263412 0.610258296132088 0.605141222476959 0.603034794330597 0.616745978593826 0.627308204770088 0.781555272638798 0.979779082350433 0.79104933142662 0.85080823302269 0.78676763176918 0.748918130993843 0.696925386786461 0.677770480513573 0.679304167628288 0.650667741894722 0.524408876895905 0.630885109305382 0.621911644935608 0.730198623878615 1.18702840805054 1.37865498661995 1.46868315339088 1.46742027997971 1.48600485920906 1.52738589048386 1.48739817738533 1.62684881687164 1.70433926582336 1.79823589324951 -9999 -9999 -9999 -9999 -9999 -9999 -9999 -9999 -9999 -9999 -9999 -9999 -9999 -9999 -9999 3.65490746498108 2.6828179863783 3.32770228385925 3.40156316757202 2.58963485767967 -9999 -9999 -9999 -9999 -9999 -9999 -9999 -9999 -9999 -9999 -9999
0.571904852986336 0.573655486106873 0.603803113102913 0.597013413906097 0.599979892373085 0.64035652577877 0.680133193731308 0.934269865974784 0.928356170654297 0.961841762065887 0.968151837587357 0.850217521190643 0.755217790603638 0.71396179497242 0.67379441857338 0.62024961411953 0.607029050588608 0.613096654415131 0.584088340401649 0.554085373878479 0.514327928423882 0.804621040821075 1.24063611030579 1.45378687977791 1.63455116271973 -9999 1.87254435817401 1.38379114866257 1.40157732367516 1.5652568936348 1.77497577667236 2.23474115133286 -9999 -9999 -9999 -9999 -9999 -9999 -9999 -9999 -9999 -9999 -9999 -9999 -9999 -9999 -9999 -9999 -9999 -9999 -9999 -9999 -9999 -9999 -9999 -9999 -9999 -9999 -9999 -9999 -9999 -9999
0.560236394405365 0.550795465707779 0.577451661229134 0.558131530880928 0.55637888610363 0.596691995859146 0.501151263713837 0.970640325546265 0.960532486438751 0.97259509563446 0.962998688220978 0.916217833757401 0.810294806957245 0.714182272553444 0.662254080176353 0.638331592082977 0.663270816206932 0.662384793162346 0.596403300762177 0.515185698866844 0.50932802259922 0.755337417125702 1.21869724988937 1.40059643983841 1.50648057460785 1.41242900490761 1.33971261978149 1.39745101332664 1.33122745156288 1.43719384074211 1.69579195976257 1.91352939605713 -9999 -9999 -9999 -9999 -9999 -9999 -9999 -9999 -9999 -9999 -9999 -9999 -9999 -9999 -9999 -9999 -9999 -9999 -9999 -9999 -9999 -9999 -9999 -9999 -9999 -9999 -9999 -9999 -9999 -9999
0.576523795723915 0.569954395294189 0.552679359912872 0.548557564616203 0.557675376534462 0.575406521558762 0.561404764652252 0.77064648270607 1.02062550187111 1.06624093651772 1.03873005509377 0.97410660982132 0.906205862760544 0.758950531482697 0.706238016486168 0.6982202231884 0.682811424136162 0.655261650681496 0.582137525081635 0.520925089716911 0.49978244304657 0.498364046216011 1.09335869550705 1.16028079390526 1.18892195820808 1.22149273753166 1.25361639261246 1.46046030521393 1.62408041954041 1.7779723405838 2.40533423423767 2.5443617105484 -9999 -9999 -9999 -9999 -9999 -9999 -9999 -9999 -9999 -9999 -9999 -9999 -9999 -9999 -9999 -9999 -9999 -9999 -9999 -9999 -9999 -9999 -9999 -9999 -9999 -9999 -9999 -9999 -9999 -9999
0.594141706824303 0.564451977610588 0.584953755140305 0.594807699322701 0.614148080348969 0.62473252415657 0.613622099161148 0.891427785158157 0.975719511508942 1.04414686560631 1.06405422091484 1.07669600844383 1.14882865548134 1.09175634384155 1.06785723567009 0.989612370729446 0.716098085045815 0.594089895486832 0.569007351994514 0.546101063489914 0.539882361888885 1.04051086306572 1.08048668503761 1.40386685729027 1.6282587647438 1.52766984701157 1.30344316363335 1.35206571221352 1.59501296281815 1.7792741060257 2.10163629055023 2.3173765540123 -9999 -9999 -9999 -9999 -9999 -9999 -9999 -9999 -9999 -9999 -9999 -9999 -9999 -9999 -9999 -9999 -9999 -9999 -9999 -9999 -9999 -9999 -9999 -9999 -9999 -9999 -9999 -9999 -9999 -9999
