EcologicalScience/Bass/data/rs_data_bass/chl_440.asc
NCOLS 226 
NROWS 124 
XLLCORNER -9.41648524995501 
YLLCORNER 47.587301625531 
CELLSIZE 0.0833 
NODATA_value -9999 
[rows 81 to 107 of 124, columns 62 to 123 of 226]
3.85158455371857 5.97498106956482 7.6620512008667 7.66205191612244 -9999 -9999 -9999 -9999 -9999 -9999 -9999 -9999 -9999 -9999 -9999 -9999 -9999 -9999 -9999 -9999 -9999 -9999 -9999 -9999 -9999 -9999 -9999 -9999 -9999 -9999 -9999 -9999 -9999 -9999 -9999 -9999 -9999 -9999 -9999 -9999 -9999 -9999 -9999 -9999 -9999 -9999 -9999 -9999 -9999 -9999 -9999 -9999 -9999 -9999 -9999 -9999 -9999 -9999 -9999 -9999 -9999 -9999
3.2941599606889 -9999 -9999 -9999 -9999 -9999 -9999 -9999 -9999 -9999 -9999 -9999 -9999 -9999 -9999 -9999 -9999 -9999 -9999 -9999 -9999 -9999 -9999 -9999 -9999 -9999 -9999 -9999 -9999 -9999 -9999 -9999 -9999 -9999 -9999 -9999 -9999 -9999 -9999 -9999 -9999 -9999 -9999 -9999 -9999 -9999 -9999 -9999 -9999 -9999 -9999 -9999 -9999 -9999 -9999 -9999 -9999 -9999 -9999 -9999 -9999 -9999
-9999 -9999 -9999 -9999 -9999 -9999 -9999 -9999 -9999 -9999 -9999 -9999 -9999 -9999 -9999 -9999 -9999 -9999 -9999 -9999 -9999 -9999 -9999 -9999 -9999 -9999 -9999 -9999 -9999 -9999 -9999 -9999 -9999 -9999 -9999 -9999 -9999 -9999 -9999 -9999 -9999 -9999 -9999 -9999 -9999 -9999 -9999 -9999 -9999 -9999 -9999 -9999 -9999 -9999 -9999 -9999 -9999 -9999 -9999 -9999 -9999 -9999
-9999 -9999 -9999 -9999 -9999 -9999 -9999 -9999 -9999 -9999 -9999 -9999 -9999 -9999 -9999 -9999 -9999 -9999 -9999 -9999 -9999 -9999 -9999 -9999 -9999 -9999 -9999 -9999 -9999 -9999 -9999 -9999 -9999 -9999 -9999 -9999 -9999 -9999 -9999 -9999 -9999 -9999 -9999 -9999 -9999 -9999 -9999 -9999 -9999 -9999 -9999 -9999 -9999 -9999 -9999 -9999 -9999 3.87239382863045 3.11834067106247 2.72861623764038 2.36839056015015 1.07380798459053
-9999 -9999 -9999 -9999 -9999 -9999 -9999 -9999 -9999 -9999 -9999 -9999 -9999 -9999 -9999 -9999 -9999 -9999 -9999 -9999 -9999 -9999 -9999 -9999 -9999 -9999 -9999 -9999 -9999 -9999 -9999 -9999 -9999 -9999 -9999 -9999 37.1749906539917 -9999 4.37212532758713 3.30770639010838 -9999 -9999 2.35866676058088 2.1100093960762 2.33917472362518 2.79329180717468 2.22697806358337 1.83404105901718 1.44745722413063 1.00372570753098 1.15443223714828 2.18162178993225 -9999 -9999 -9999 3.35872399806976 3.47012186050415 1.98461544513702 1.72433692216873 1.41079571843147 0.869335502386093 0.746906250715256
-9999 -9999 -9999 -9999 -9999 -9999 -9999 -9999 -9999 -9999 -9999 -9999 3.00090157985687 2.01230478286743 1.58601552248001 0.952688634395599 0.974998533725739 0.874616797481264 1.12509450316429 -9999 -9999 -9999 -9999 -9999 -9999 -9999 -9999 -9999 1.88207405805588 1.89765071868896 2.06249856948853 2.87343353033066 -9999 3.66949796676636 -9999 -9999 -9999 2.68547254800797 2.12992724776268 1.6325678229332 1.39142623543739 1.39235696196556 1.44341772794724 1.4308634698391 1.6073362827301 1.48529022932053 1.28216922283173 1.04942178726196 0.924043536186218 0.910029709339142 0.931109994649887 1.11066448688507 1.27889397740364 0.971270263195038 1.43232750892639 1.70687627792358 1.36382773518562 0.82581228017807 0.621118515729904 0.514215767383575 0.594974264502525 0.666357770562172
-9999 -9999 -9999 -9999 -9999 -9999 -9999 -9999 -9999 -9999 2.51027968254956 0.608820006251335 1.12870422005653 0.663183018565178 0.427021488547325 0.584306269884109 0.89953950047493 0.959639221429825 0.889562219381332 1.12888124585152 1.62146243370242 -9999 2.31361269950867 1.09112173318863 1.16114872694016 -9999 -9999 1.56329691410065 1.68917030096054 1.65934431552887 1.4201842546463 1.57049319148064 2.61618661880493 1.66769099235535 -9999 -9999 3.05371326573041 1.34044727683067 1.71456903219223 1.53414595127106 1.31322446465492 1.31395652890205 1.1888827085495 1.0410652756691 0.957298457622528 0.918757528066635 0.807051032781601 0.732896268367767 0.721486508846283 0.64112251996994 0.624769493937492 0.63924752175808 0.623502016067505 0.547371760010719 0.570083990693092 0.562379255890846 0.51342000067234 0.409032762050629 0.434311509132385 0.417135000228882 0.550820991396904 0.664890736341476
-9999 -9999 -9999 -9999 -9999 -9999 -9999 -9999 -9999 1.33582726120949 1.44818776845932 0.994476735591888 0.598661988973618 0.589790984988213 0.603209987282753 0.620229005813599 0.59841151535511 0.684855759143829 0.845753252506256 0.98762172460556 1.24039873480797 1.32343709468842 1.1603062748909 1.23077246546745 1.2910912334919 1.34036028385162 1.39666271209717 1.33646553754807 1.30179297924042 1.28498321771622 1.28099173307419 1.58755642175674 1.8356414437294 1.88058221340179 2.09679973125458 2.07951074838638 1.79221057891846 1.75647443532944 1.47115275263786 1.35361495614052 1.31119653582573 1.20904728770256 0.996959209442139 0.847472995519638 0.720720738172531 0.581940740346909 0.56741327047348 0.562175989151001 0.544397994875908 0.479615986347198 0.512180998921394 0.501632988452911 0.467504248023033 0.523662015795708 0.539754018187523 0.474844515323639 0.488529771566391 0.471050977706909 0.501740992069244 0.517602011561394 0.673535987734795 0.790078461170197
-9999 -9999 -9999 -9999 -9999 -9999 -9999 -9999 -9999 1.5257962346077 0.8853839635849 0.710030257701874 0.491710513830185 0.503060236573219 0.503138244152069 0.466217234730721 0.562281757593155 0.613163977861404 0.736824005842209 0.91576275229454 0.993084043264389 1.01779648661613 1.04702246189117 1.0132395029068 1.08983623981476 1.0901130437851 1.11632171273232 1.18593299388885 1.18617296218872 1.20736196637154 1.24142700433731 1.59213906526566 1.783327460289 1.85155642032623 1.7627047598362 2.27760672569275 1.90566301345825 1.83049947023392 1.54244095087051 1.33793476223946 1.22927775979042 1.05494096875191 0.691257745027542 0.661019995808601 0.652245730161667 0.656012982130051 0.651087015867233 0.620123997330666 0.595307260751724 0.594683244824409 0.602567240595818 0.659155502915382 0.637673243880272 0.630774736404419 0.664964228868484 0.67628775537014 0.652051493525505 0.68639101088047 0.707204237580299 0.823058992624283 0.952949970960617 1.02092170715332
-9999 -9999 -9999 -9999 -9999 -9999 -9999 -9999 -9999 0.754924535751343 0.487214237451553 0.454717487096786 0.471423000097275 0.531438767910004 0.520337238907814 0.489542260766029 0.506739020347595 0.566642269492149 0.584988757967949 0.676407739520073 1.11165225505829 1.08041471242905 0.965409010648727 0.855303794145584 0.807855784893036 0.812067747116089 0.80340975522995 0.800650477409363 0.789465755224228 0.813259541988373 0.828367531299591 0.934359759092331 1.00947377085686 1.01498553156853 0.966586500406265 0.840726792812347 0.953912973403931 0.995853781700134 0.862837493419647 0.81766802072525 0.693466499447823 0.667478978633881 0.748002737760544 0.800402998924255 0.828170210123062 0.842693209648132 0.772929757833481 0.740100771188736 0.742457270622253 0.747224986553192 0.750949501991272 0.788149505853653 0.83178448677063 0.94932147860527 1.0054349899292 0.944391757249832 0.845571756362915 0.895923793315887 0.923334002494812 0.930638998746872 0.896684288978577 0.911311537027359
1.43487676978111 0.83763375878334 0.894903033971786 1.17569696903229 -9999 -9999 -9999 1.99550506472588 1.11914026737213 0.602895006537437 0.482944518327713 0.642188251018524 0.656835749745369 0.689607739448547 0.785397738218307 0.767799764871597 0.742362767457962 0.611145749688148 0.643882513046265 0.670213490724564 0.593012988567352 0.643455728888512 0.648947238922119 0.617688730359077 0.612876757979393 0.61822047829628 0.617818504571915 0.61880099773407 0.631706267595291 0.631534516811371 0.656868740916252 0.694895267486572 0.708570018410683 0.701031759381294 0.69387973845005 0.818756282329559 0.808738499879837 0.798841506242752 0.735998243093491 0.689396247267723 0.718080013990402 0.783290237188339 0.944841742515564 1.00950971245766 0.99054229259491 0.977429956197739 0.840068221092224 0.829524010419846 0.819242209196091 0.88342872262001 0.939623236656189 0.981663733720779 0.990755975246429 1.04993551969528 0.995354980230331 0.918288767337799 0.82711797952652 0.865559220314026 0.875299483537674 0.846906781196594 0.785880714654922 0.89252096414566
0.792471706867218 0.780198723077774 0.969929963350296 0.927830278873444 0.866211712360382 1.08478420972824 1.26354673504829 1.25641724467278 0.839610010385513 0.559875771403313 0.805084526538849 0.826474517583847 0.819494962692261 0.79670324921608 0.843526482582092 0.896901726722717 0.859892964363098 0.793747544288635 0.827967792749405 0.781800001859665 0.680894985795021 0.592665731906891 0.597216010093689 0.607575729489326 0.627410978078842 0.637453481554985 0.642776235938072 0.645198002457619 0.653344497084618 0.670717477798462 0.682480484247208 0.698441997170448 0.685106232762337 0.677670747041702 0.760156542062759 0.790722727775574 0.802516490221024 0.817741513252258 0.887319713830948 0.920466721057892 0.934178978204727 0.964749723672867 1.02843976020813 1.03799253702164 0.969439476728439 0.920537263154984 0.918272227048874 0.912642002105713 0.923523724079132 1.04316303133965 1.07744175195694 1.07130673527718 1.02752324938774 0.958827763795853 0.876696735620499 0.925264477729797 0.953265756368637 1.11571124196053 1.23263400793076 1.37420475482941 2.06074798107147 2.89988851547241
0.715094268321991 0.736525520682335 0.744929999113083 0.750117748975754 0.779624998569489 0.734828978776932 0.756698280572891 0.537790507078171 0.510674268007278 0.583261504769325 0.794232755899429 0.808384537696838 0.764219284057617 0.745892241597176 0.795321732759476 0.775220990180969 0.798731982707977 0.898969531059265 0.768159002065659 0.649185016751289 0.629805743694305 0.606699764728546 0.603939771652222 0.596415013074875 0.621576771140099 0.653936237096786 0.661658987402916 0.663906008005142 0.681511491537094 0.695661753416061 0.710061013698578 0.720130518078804 0.747973501682281 0.806050479412079 0.850818783044815 0.885917276144028 0.868692755699158 0.891425997018814 0.917345255613327 0.932167500257492 0.958113759756088 0.97348353266716 1.00615954399109 0.994804501533508 0.948624014854431 1.00089901685715 1.04084104299545 1.07706597447395 1.09526252746582 1.13989421725273 1.10611796379089 1.04646375775337 1.0025594830513 0.91524749994278 0.963276028633118 0.990929961204529 1.0386937558651 1.19980877637863 1.4711782336235 2.01608848571777 3.58257973194122 6.18239808082581
0.57124051451683 0.563088744878769 0.594824999570847 0.602341488003731 0.649404019117355 0.665526017546654 0.675148487091064 0.738767981529236 0.751743793487549 0.793297469615936 0.909573018550873 0.97035750746727 0.782400012016296 0.793871283531189 0.807484477758408 0.843845218420029 0.854995518922806 0.83228999376297 0.698009982705116 0.642830237746239 0.662568747997284 0.794109016656876 0.808713018894196 0.83633029460907 0.794339239597321 0.770612239837646 0.764928728342056 0.760448276996613 0.766455709934235 0.771420747041702 0.765625476837158 0.758196741342545 0.729515254497528 0.772821038961411 0.815030962228775 0.873484522104263 0.878579288721085 0.899168282747269 0.925039529800415 0.945794284343719 0.967719733715057 0.974816232919693 0.992021262645721 1.02497774362564 1.06040704250336 1.08266696333885 1.12145474553108 1.14947247505188 1.11470997333527 1.10784003138542 1.0514819920063 1.05374926328659 1.08482024073601 1.01234623789787 1.03521975874901 1.02944853901863 1.12428152561188 1.26384526491165 1.74826794862747 2.58140391111374 9.1003360748291 14.6532483100891
0.616474494338036 0.597393751144409 0.571866765618324 0.565642520785332 0.578250735998154 0.620648995041847 0.674750983715057 0.705692991614342 0.701151743531227 0.712293013930321 0.768078714609146 0.966280460357666 0.92602202296257 0.809195995330811 0.817967981100082 0.974926471710205 0.979827761650085 0.737961754202843 0.668229013681412 0.757379293441772 0.783032208681107 1.24283547699451 1.08832233399153 0.732189014554024 0.760271966457367 0.81919652223587 0.816359996795654 0.855382472276688 0.858309745788574 0.825416207313538 0.777351021766663 0.767547011375427 0.79086372256279 0.804120004177094 0.856044709682465 0.934140712022781 0.982614755630493 1.02379122376442 1.05903303623199 1.0992097556591 1.1027384698391 1.1231452524662 1.12333872914314 1.206383228302 1.28955745697021 1.3880527317524 1.43766903877258 1.54512369632721 1.34398502111435 1.07574677467346 1.02661353349686 1.01518428325653 1.14760878682137 1.19495478272438 1.23645821213722 1.32236471772194 1.59899550676346 1.78393346071243 1.96574771404266 2.45709228515625 4.04232823848724 4.68684017658234
0.559383004903793 0.741594761610031 0.707489266991615 0.619307979941368 0.554318994283676 0.615089267492294 0.58875073492527 0.538415998220444 0.636929243803024 0.707820743322372 0.727608740329742 0.809367030858994 0.91909646987915 0.917623490095139 0.897170215845108 0.800143539905548 0.905927985906601 0.898821741342545 0.794660210609436 0.772665023803711 0.690790504217148 0.653578519821167 0.988813474774361 0.819870002567768 0.797499731183052 0.726667508482933 0.729559510946274 0.706848755478859 0.796029031276703 0.853511989116669 0.869420260190964 0.818935543298721 0.902342230081558 0.930393755435944 0.974199771881104 1.07212203741074 1.15507954359055 1.25156173110008 1.31489253044128 1.35644924640656 1.36971151828766 1.37347653508186 1.23617997765541 1.25564852356911 1.45253777503967 1.82077199220657 2.10912519693375 1.7902552485466 1.53849756717682 1.06345796585083 1.06833153963089 1.10071277618408 1.12058320641518 1.26126524806023 1.55917418003082 1.79103666543961 2.1222397685051 2.48231095075607 2.99002879858017 3.48190140724182 6.89920949935913 2.16431297361851
0.598132520914078 0.866297990083694 0.957201719284058 1.0140794813633 0.943635731935501 0.757833033800125 0.683791503310204 0.592039480805397 0.503975987434387 0.499248012900352 0.627525016665459 0.68197725713253 0.649657487869263 0.658934980630875 0.731492981314659 0.964565277099609 0.967548787593842 0.980003982782364 0.68349900841713 0.652718245983124 0.62255322933197 0.595501497387886 0.625661998987198 0.830604404211044 0.860534235835075 0.712299764156342 0.867232471704483 0.848652005195618 0.773193776607513 1.01686276495457 0.971563518047333 0.959927290678024 1.02330377697945 1.33824822306633 1.44878697395325 1.48846274614334 1.34841004014015 1.32810446619987 1.30642721056938 1.34038200974464 1.36124101281166 1.36912277340889 1.26893323659897 1.29188695549965 1.4240797162056 1.54171192646027 1.86957067251205 1.9971336722374 1.70163971185684 1.15737149119377 1.08504903316498 1.31348472833633 1.52846932411194 2.01142573356628 2.36552327871323 11.1846930980682 2.8401057211152 -9999 -9999 -9999 -9999 -9999
0.794980466365814 0.91200453042984 1.01594772934914 1.17376872897148 1.19406974315643 0.985827773809433 0.750468760728836 0.617998480796814 0.562127262353897 0.533405989408493 0.568542748689651 0.584441229701042 0.638884484767914 0.662295743823051 0.710624232888222 0.939887255430222 0.83932426571846 0.772508293390274 0.695168986916542 0.670587748289108 0.706719741225243 0.728449478745461 0.821367770433426 0.854580000042915 0.83501923084259 1.16257689893246 1.10056498646736 1.10402831860951 1.21480983495712 1.45393300056458 1.35862013697624 1.66279269754887 1.70697516202927 2.09791874885559 2.16513526439667 2.09279930591583 3.34551760554314 1.39008003473282 1.2942142188549 1.31440651416779 1.42303124070168 1.53662770986557 1.30574324727058 1.35846000909805 1.3830172419548 1.36371079087257 1.50285083055496 1.46548274159431 1.38904720544815 1.20829197764397 1.25119426846504 1.49849250912666 1.76300776004791 2.43396169908585 1.46109123259294 -9999 -9999 -9999 -9999 -9999 -9999 -9999
1.23257473111153 1.30786728858948 1.17972752451897 1.09690421819687 1.07202073931694 0.910736292600632 0.766176760196686 0.644819229841232 0.582888007164001 0.476321250200272 0.470517754554749 0.466985240578651 0.563097730278969 0.612288013100624 0.716522231698036 0.742890000343323 0.722571730613708 0.715583994984627 0.789876759052277 0.809288263320923 0.857293456792831 0.899423986673355 0.878513216972351 0.877873510122299 0.93893775343895 1.03271698951721 1.05237373709679 1.28084403276443 1.40530648827553 -9999 -9999 -9999 -9999 -9999 -9999 3.14426672458649 1.28851354122162 1.47576454281807 1.35979574918747 1.25641947984695 1.42791822552681 1.7428275346756 1.72415399551392 1.32946720719337 1.17438447475433 1.29713773727417 1.31382304430008 1.27727025747299 1.30900570750237 1.45147499442101 1.55306857824326 1.88102996349335 8.20578550547361 1.9762424826622 1.97624230384827 -9999 -9999 -9999 -9999 -9999 -9999 -9999
1.12139922380447 1.26350846886635 1.25793001055717 1.02582076191902 0.903893262147903 0.806256026029587 0.708623260259628 0.663728266954422 0.617736741900444 0.535084515810013 0.564420014619827 0.54841648042202 0.586770728230476 0.635678261518478 0.686773493885994 0.737743511795998 0.69285674393177 0.732407256960869 0.94733852148056 0.990381717681885 0.832278728485107 0.803364783525467 0.79681795835495 0.793645530939102 0.894075751304626 0.970114499330521 1.22576701641083 1.38222000002861 2.00237059593201 -9999 -9999 -9999 -9999 -9999 -9999 -9999 1.73460155725479 1.75796180963516 1.44239401817322 1.17385500669479 1.29449477791786 1.86473768949509 2.38825267553329 2.31042230129242 2.21257656812668 1.62827628850937 1.90611380338669 2.28196120262146 2.35182291269302 7.22725224494934 9.08805084228516 2.31972151994705 -9999 -9999 -9999 -9999 -9999 -9999 -9999 -9999 -9999 -9999
1.13897028565407 1.11498221755028 1.09097027778625 0.914754778146744 0.844276517629623 0.731276258826256 0.618035271763802 0.598810493946075 0.562179744243622 0.542999982833862 0.570830270648003 0.590542495250702 0.562784269452095 0.653222233057022 0.802094221115112 0.822552770376205 0.910856276750565 0.940781235694885 1.21896153688431 2.05857808773334 0.856072365554101 0.905688017606735 0.91858497262001 0.723314255475998 0.809465289115906 0.959528267383575 1.20779854059219 1.50258672237396 1.58490300178528 -9999 -9999 -9999 -9999 -9999 -9999 -9999 32.3982141017914 2.7042750120163 2.48960316181183 1.63258051872253 1.68891817331314 1.65074479579926 2.06620341539383 1.96658778190613 2.47868317365646 3.32259285449982 4.77757036685944 5.11378633975983 3.33087372779846 6.81218218803406 6.18950629234314 4.35796666145325 3.98260097320263 -9999 -9999 -9999 -9999 -9999 -9999 -9999 -9999 -9999
0.881423234939575 0.871352970600128 0.833950459957123 0.70651875436306 0.691678494215012 0.694117516279221 0.679939493536949 0.627344235777855 0.587501227855682 0.564114019274712 0.609233245253563 0.585155233740807 0.534417763352394 0.558047264814377 0.669885009527206 0.751424252986908 0.775263011455536 0.864236265420914 0.838911026716232 0.791303247213364 0.765686273574829 0.763152748346329 0.660170987248421 0.757793962955475 0.840681731700897 0.953605502843857 1.14733502268791 1.30313703417778 1.47093978524208 1.27422851324081 -9999 -9999 -9999 -9999 -9999 -9999 -9999 4.92793565988541 31.7813738476146 3.97377731118883 2.56388854980469 2.29247170686722 2.60723483562469 2.85170030593872 2.14388108253479 2.34231823682785 4.13356482982635 4.17810451984406 4.57611215114594 4.14619517326355 3.95411610603333 6.64475399255753 6.40639519614805 -9999 -9999 -9999 -9999 -9999 -9999 -9999 -9999 -9999
0.752900987863541 0.732298493385315 0.736740007996559 0.721403270959854 0.710322752594948 0.711671993136406 0.743779510259628 0.654458999633789 0.657195746898651 0.68196827173233 0.669353261590004 0.637263759970665 0.600617989897728 0.527913004159927 0.568636491894722 0.623711988329887 0.701345264911652 0.655040234327316 0.609367489814758 0.575102269649506 0.542303994297981 0.599010765552521 0.730852514505386 1.06565478444099 1.09155151247978 1.08502802252769 0.931921541690826 0.925058215856552 1.03118178248405 1.10597249865532 -9999 -9999 -9999 -9999 -9999 -9999 -9999 -9999 -9999 -9999 -9999 -9999 -9999 -9999 -9999 -9999 3.65490746498108 11.8731375932693 4.65984284877777 3.92287335897747 -9999 -9999 -9999 -9999 -9999 -9999 -9999 -9999 -9999 -9999 -9999 -9999
0.821512520313263 0.673083007335663 0.655041754245758 0.683503478765488 0.66254098713398 0.682752013206482 0.71247898042202 0.699107989668846 0.715190246701241 0.729606002569199 0.743708252906799 0.690782234072685 0.630827978253365 0.587433770298958 0.648774728178978 0.58949701488018 0.583586230874062 0.564772501587868 0.538354486227036 0.511727258563042 0.585869997739792 0.671145021915436 0.796799272298813 1.25307766329951 -9999 -9999 1.70901783307393 0.879003793001175 0.815817028284073 0.860041469335556 1.5225847363472 -9999 -9999 -9999 -9999 -9999 -9999 -9999 -9999 -9999 -9999 -9999 -9999 -9999 -9999 -9999 -9999 -9999 -9999 -9999 -9999 -9999 -9999 -9999 -9999 -9999 -9999 -9999 -9999 -9999 -9999 -9999
0.842080503702164 0.667595252394676 0.635945230722427 0.618243768811226 0.641323506832123 0.63348600268364 0.642062991857529 0.670295253396034 0.689102992415428 0.748695731163025 0.73481547832489 0.679164737462997 0.69098474085331 0.6900494992733 0.65301825106144 0.530453994870186 0.576188251376152 0.611288979649544 0.548472762107849 0.534942001104355 0.584487766027451 0.634757995605469 0.694555521011353 0.805745959281921 0.932527542114258 0.933294028043747 0.820796281099319 1.00582954287529 0.976332753896713 0.973044008016586 1.03496700525284 2.71775523821513 -9999 -9999 -9999 -9999 -9999 -9999 -9999 -9999 -9999 -9999 -9999 -9999 -9999 -9999 -9999 -9999 -9999 -9999 -9999 -9999 -9999 -9999 -9999 -9999 -9999 -9999 -9999 -9999 -9999 -9999
0.738471731543541 0.721626743674278 0.712872013449669 0.714277490973473 0.747554987668991 0.746325016021729 0.748014762997627 0.730863019824028 0.741991505026817 0.807599276304245 0.781951457262039 0.749945238232613 0.677772000432014 0.528019487857819 0.585696771740913 0.748953759670258 0.691838264465332 0.48792976140976 0.516114011406898 0.528272241353989 0.562229230999947 0.657825753092766 0.745236754417419 0.760479748249054 0.817874997854233 0.829044789075851 0.79729950428009 0.817461043596268 0.947802722454071 1.00207275152206 1.36829397082329 2.81219741931328 -9999 -9999 -9999 -9999 -9999 -9999 -9999 -9999 -9999 -9999 -9999 -9999 -9999 -9999 -9999 -9999 -9999 -9999 -9999 -9999 -9999 -9999 -9999 -9999 -9999 -9999 -9999 -9999 -9999 -9999
0.660742521286011 0.716355755925179 0.707165256142616 0.687025487422943 0.728632494807243 0.803844004869461 0.79171496629715 0.839412778615952 1.09404525160789 1.07372403144836 1.09423273801804 0.582033008337021 0.443797498941422 0.509927228093147 0.771511495113373 0.734010770916939 0.538124263286591 0.525770992040634 0.44047124683857 0.490949258208275 0.615290254354477 0.763922274112701 0.778302043676376 0.843826532363892 1.1303197145462 1.17367422580719 0.91077071428299 1.0424467921257 1.03787550330162 1.03438273072243 1.88172447681427 -9999 -9999 -9999 -9999 -9999 -9999 -9999 -9999 -9999 -9999 -9999 -9999 -9999 -9999 -9999 -9999 -9999 -9999 -9999 -9999 -9999 -9999 -9999 -9999 -9999 -9999 -9999 -9999 -9999 -9999 -9999
