EcologicalScience/Bass/data/rs_data_bass/chl_423.asc
NCOLS 226 
NROWS 124 
XLLCORNER -9.41648524995501 
YLLCORNER 47.587301625531 
CELLSIZE 0.0833 
NODATA_value -9999 
[rows 54 to 80 of 124, columns 124 to 185 of 226]
2.71860042214394 2.4839733839035 2.361213773489 2.15496191382408 2.14986526966095 2.10583430528641 2.01082491874695 2.00273019075394 2.0246190726757 2.00789067149162 1.95399078726768 1.95935618877411 2.4956044703722 1.98741933703423 2.09243246912956 2.26906424760818 2.29439029097557 2.29047524929047 2.45731616020203 2.33950683474541 2.26704972982407 2.13621443510056 1.94603544473648 2.3534220457077 2.84478002786636 2.95993655920029 3.40727233886719 3.6923668384552 3.14143109321594 2.95241779088974 2.69023159146309 2.81880417466164 2.5306259393692 2.39225587248802 2.63509279489517 2.75459396839142 2.66040980815887 2.61075603961945 1.63459199666977 1.66573566198349 1.76849699020386 1.67366319894791 1.41392102837563 1.65448808670044 2.02647829055786 2.35510504245758 2.56638604402542 2.83895391225815 3.07642865180969 2.91558301448822 3.10268479585648 3.74620023965836 4.63457760214806 4.88055342435837 4.35790125319832 5.05778457641602 5.06366925056164 5.5711263188949 5.60453319177032 9.07888152382591 -9999 -9999
2.50908744335175 2.47358474135399 2.24357816576958 2.21726658940315 2.41169196367264 2.43589027225971 2.36787137389183 2.02535551786423 1.90194672346115 1.94376450777054 1.98789301514626 2.30309933423996 2.84355533123016 2.43735444545746 2.56872296333313 2.82349795103073 2.63332432508469 2.31547236442566 2.25688165426254 2.2095310986042 2.27620983123779 2.25278252363205 1.97402483224869 1.69555950164795 2.22892731428146 2.64929705858231 2.68113005161285 2.8405185341835 3.06977462768555 2.26143604516983 2.84029716253281 3.02868139743805 2.79986554384232 2.54381024837494 2.50615882873535 2.44525426626205 2.53866219520569 1.60913845896721 2.20142471790314 2.16103446483612 2.34228157997131 2.19935095310211 1.76523971557617 1.87862920761108 2.19719767570496 2.50089150667191 2.77937096357346 2.77387118339539 3.65281403064728 3.68279880285263 4.96790963411331 4.70503038167953 4.96295231580734 5.67475801706314 5.56763139367104 6.63598283131917 10.5720698833466 -9999 -9999 -9999 -9999 -9999
3.21387255191803 2.89535844326019 2.48116908967495 2.26356106996536 2.24262057244778 2.4206662774086 2.46272291243076 2.43059492111206 2.11185792088509 2.28120106458664 1.81539639830589 2.32420724630356 2.49098467826843 2.71233075857162 2.56052327156067 2.64511728286743 2.67014783620834 2.44713449478149 2.47278714179993 2.49641928076744 2.3549519777298 2.37698632478714 2.24732851982117 2.17253932356834 1.92799946665764 2.02487736940384 2.07904985547066 2.4385199546814 2.32035899162292 3.22548079490662 3.11455357074738 3.86514616012573 3.6215136051178 3.48370957374573 2.82573455572128 2.59307169914246 2.77125263214111 1.81964707374573 2.41790699958801 2.28292948007584 2.05658841133118 1.91210103034973 2.09924697875977 2.35328024625778 2.798379778862 3.07882511615753 2.80619931221008 2.95904250517488 4.03095543384552 3.82926571369171 4.28386127948761 4.61854809522629 5.52252185344696 5.82778649670737 -9999 -9999 -9999 -9999 -9999 -9999 -9999 -9999
3.31534498929977 3.18208640813828 2.8506545573473 2.6489776968956 2.56949776411057 2.4224039465189 2.49381735920906 2.49631136655807 2.47175914049149 2.39625298976898 2.27413505315781 2.55307088792324 2.32624652981758 2.62497442960739 2.65897732973099 2.65884232521057 2.6068514585495 2.65911644697189 2.69269081950188 2.58258855342865 2.30729806423187 2.33663061261177 2.3232903778553 2.22990480065346 2.0170721411705 2.12601417303085 1.96541583538055 2.22230851650238 2.49787044525146 2.92336642742157 3.2282041311264 3.59750533103943 3.1391773223877 2.74571472406387 2.52544802427292 2.65242552757263 2.96966931223869 4.60563361644745 4.7433135509491 3.45512187480927 2.43103194236755 2.14910924434662 2.27516555786133 2.76265794038773 3.32715010643005 3.78961408138275 3.438347697258 19.3262220235432 4.4173931479454 4.09637743234634 3.96814459562302 5.12223583459854 5.84847128391266 11.5164499282837 -9999 -9999 -9999 -9999 -9999 -9999 -9999 -9999
3.68461990356445 3.63269108533859 3.48905432224274 3.34506779909134 3.15682911872864 2.95418071746826 2.54551081359386 2.40452992916107 2.26557523012161 2.3396258354187 2.51515120267868 1.85689423978329 2.01586872339249 2.49544161558151 2.78817370533943 2.86878597736359 2.98319363594055 2.73701584339142 2.85525789856911 2.78542050719261 2.54031148552895 2.27704766392708 2.21626764535904 2.17143827676773 2.14442360401154 2.00159928202629 1.84976211190224 1.87540429830551 2.08766841888428 2.40001684427261 3.82151091098785 3.06226807832718 5.86515963077545 6.33611726760864 4.19456398487091 3.87140607833862 4.2610981464386 5.01967191696167 5.40563929080963 5.3663889169693 3.38450610637665 2.29483723640442 2.84521651268005 3.15606164932251 3.73009049892426 4.11781418323517 6.30797159671783 4.7891566157341 5.04931765794754 4.41326987743378 4.65763735771179 7.92019701004028 15.7171057891846 -9999 -9999 -9999 -9999 -9999 -9999 -9999 -9999 -9999
23.4023936014426 3.94923037290573 3.93918299674988 3.86421597003937 3.82660871744156 3.74720245599747 3.2967392206192 2.70914322137833 2.86624199151993 2.53879988193512 2.25401517748833 2.27042663097382 2.10593622922897 2.4832099378109 2.49446439743042 2.6190033853054 3.02211892604828 3.19053661823273 2.97958865761757 2.89632788300514 2.73901310563087 3.01657032966614 2.23352140188217 2.11436060070992 1.94093888998032 1.92745417356491 1.78476530313492 1.78509972989559 1.96053716540337 2.39252284169197 3.34721696376801 4.4359964132309 5.16985738277435 6.0803382396698 5.78176438808441 4.22003567218781 4.49017739295959 4.33269667625427 2.87537616491318 2.48000174760818 1.90820628404617 2.36515349149704 3.01190757751465 3.75631499290466 4.25534391403198 -9999 8.19264467060566 5.07590478658676 5.13377183675766 5.78999519348145 21.1307101249695 19.4470410346985 14.8462314605713 18.5076207733154 -9999 -9999 -9999 -9999 -9999 -9999 -9999 -9999
-9999 -9999 -9999 -9999 -9999 2.28387522697449 3.64298325777054 3.55580699443817 2.97903102636337 2.89346221089363 2.98970094323158 2.51190635561943 2.45018407702446 2.47838401794434 2.1181755065918 2.68714910745621 2.7075469493866 2.76141563057899 3.04483982920647 2.90317913889885 2.47102421522141 2.84504771232605 2.78714329004288 2.15197688341141 1.92077252268791 1.79534697532654 1.68500250577927 1.77510899305344 1.71416920423508 2.38815298676491 3.3154581785202 4.10686504840851 4.30482888221741 5.35856187343597 6.61549615859985 5.89174032211304 6.09825253486633 5.58308565616608 3.4516761302948 1.60395294427872 2.42489182949066 2.71049183607101 3.34693801403046 3.87734413146973 4.97716963291168 12.0168373908811 -9999 -9999 -9999 -9999 15.0923202037811 13.5202860832214 17.4220733642578 67.454757838779 -9999 -9999 -9999 -9999 -9999 -9999 -9999 -9999
-9999 -9999 -9999 -9999 -9999 -9999 -9999 -9999 3.60776317119598 3.28904619812965 3.07345050573349 2.90294462442398 2.7744989991188 2.74715477228165 2.67275995016098 2.78671377897263 2.62159430980682 2.83309203386307 3.00904002785683 3.20899736881256 2.70400124788284 2.53106591105461 2.66981399059296 2.01177191734314 1.82208900153637 1.75384569168091 1.63216120004654 1.69205242395401 1.75380367040634 2.46864598989487 3.1962958574295 3.25497078895569 3.13236236572266 6.88184523582458 9.64702033996582 9.60591673851013 7.66710448265076 7.31367301940918 5.28901290893555 2.24121755361557 2.72019982337952 3.64196991920471 4.29180300235748 5.12724459171295 20.5294783115387 29.0682649612427 -9999 -9999 -9999 -9999 17.548882484436 12.8144935369492 11.5311741828918 18.1744894981384 19.2507863044739 23.7219657897949 -9999 -9999 -9999 -9999 -9999 -9999
-9999 -9999 -9999 -9999 -9999 -9999 -9999 -9999 -9999 -9999 3.30300709605217 2.27820825576782 2.06988000869751 2.99737241864204 2.81953570246696 2.8194168806076 2.85316237807274 2.88084751367569 2.9507842361927 3.36281543970108 2.69228026270866 2.45760709047318 2.14503148198128 1.88745224475861 2.0536515712738 1.86519527435303 1.71365708112717 1.676105260849 1.72528499364853 2.05784556269646 3.33076441287994 5.27518808841705 6.95610380172729 8.89150071144104 15.7235727310181 22.0354228019714 14.3655624389648 8.63980865478516 6.92642712593079 6.13090825080872 5.16855597496033 4.63603055477142 5.89680898189545 7.05929374694824 10.867301810135 -9999 -9999 -9999 -9999 -9999 -9999 -9999 8.98694064704383 9.82354331016541 10.8232440948486 12.6518483161926 10.8786277770996 -9999 -9999 -9999 -9999 -9999
-9999 -9999 -9999 -9999 -9999 -9999 -9999 -9999 -9999 4.3704868555069 3.45819944143295 2.36903697252274 2.41361778974533 3.12531217932701 2.59133917093277 2.73914551734924 2.68452000617981 2.5869015455246 3.11396920681 2.94468927383423 2.69635570049286 2.72102066874504 2.4330450296402 2.67761027812958 1.90932673215866 1.73475748300552 1.65005028247833 1.59421795606613 1.61064666509628 1.54284971952438 2.01666712760925 6.77514696121216 8.52442646026611 12.1913967132568 18.9627170562744 23.5723457336426 12.954065322876 9.23606371879578 5.59097707271576 11.3040325641632 10.9542782306671 10.5431406497955 9.36408162117004 11.2353115081787 13.9537623889238 33.0447750091553 -9999 -9999 -9999 17.13823393413 15.4052968025208 20.1779978871346 14.0118691921234 12.7725741863251 11.8810214996338 12.2119445800781 14.7944676787765 -9999 -9999 -9999 -9999 -9999
-9999 -9999 -9999 -9999 -9999 -9999 -9999 -9999 -9999 -9999 3.60798910260201 3.36537265777588 3.25613138079643 3.15356665849686 3.08625787496567 3.13277578353882 3.30520570278168 3.29810607433319 3.08943808078766 2.93399369716644 2.89062568545341 2.6603479385376 2.51987358927727 2.15905085206032 1.6091730594635 1.59759682416916 1.68837296962738 1.75125378370285 1.78803080320358 2.65905904769897 3.03927218914032 4.04559767246246 5.26181638240814 12.2314367294312 23.3543071746826 22.4075374603271 13.3898849487305 7.79251599311829 8.52649998664856 15.1134796142578 22.0421576499939 14.8127446174622 7.76049256324768 8.41369771957397 7.68012843895884 -9999 -9999 -9999 -9999 -9999 13.7284888539995 15.0934899330139 16.1497008459909 14.9496932029724 12.1730818748474 -9999 -9999 -9999 -9999 -9999 -9999 -9999
-9999 -9999 -9999 -9999 -9999 -9999 -9999 -9999 -9999 3.67937564849854 3.49466782808304 3.32604110240936 3.1583054959774 3.19284331798553 3.9531329870224 4.01449942588806 3.03159552812576 3.0442031621933 3.25912570953369 2.3320848941803 2.04218217730522 2.16203391551971 2.14112091064453 1.54156503081322 1.7490171790123 1.82247143983841 1.95875769853592 2.00974506139755 1.92749243974686 2.15280300378799 2.86135733127594 4.2094874382019 8.43820810317993 11.6962659358978 15.1690349578857 34.3035106658936 36.132396697998 15.9088625907898 15.9496049880981 13.4027924537659 19.608115196228 11.1217639446259 7.01274919509888 6.42334975316687 3.86466658115387 -9999 -9999 -9999 -9999 -9999 12.5908355712891 21.5588231767927 21.0114297866821 25.6679106745227 -9999 -9999 -9999 -9999 -9999 -9999 -9999 -9999
-9999 -9999 -9999 -9999 -9999 -9999 -9999 -9999 -9999 3.03519117832184 3.51855906844139 3.51386475563049 3.42459118366241 3.40396159887314 3.45644849538803 3.19384083151817 3.06438222527504 3.13473942875862 3.24043643474579 2.81017625331879 2.57674503326416 2.37336266040802 2.06788051128387 1.7718660235405 1.76510328054428 1.84597045183182 2.05830073356628 2.91288596391678 3.24953985214233 3.23098647594452 3.26935207843781 4.02820801734924 9.00357556343079 13.7477159500122 19.9187793731689 43.8565435409546 45.3479633331299 48.7639560699463 30.7149982452393 14.5290756225586 10.5468649864197 7.28374528884888 7.26586818695068 8.36385457145358 3.86466693878174 -9999 -9999 -9999 -9999 12.1949715614319 -9999 -9999 -9999 -9999 -9999 -9999 -9999 -9999 -9999 -9999 -9999 -9999
-9999 -9999 -9999 -9999 -9999 -9999 -9999 -9999 -9999 3.69400352239609 3.57423037290573 3.68596547842026 3.71211451292038 3.59267538785934 3.47897225618362 3.24770629405975 3.00739941000938 3.23444259166718 2.71059268712997 2.46592235565186 2.27027916908264 1.85954546928406 1.7312590777874 1.76947957277298 1.9177628159523 2.33116203546524 2.54014867544174 3.24515390396118 3.54609310626984 3.59650933742523 4.09643626213074 6.20240306854248 9.7592568397522 14.1824612617493 28.4463329315186 47.2079229354858 16.375316619873 22.9694008827209 15.1988124847412 8.51124358177185 6.7093870639801 5.56865251064301 8.61537602908576 -9999 -9999 -9999 -9999 -9999 -9999 -9999 -9999 -9999 -9999 -9999 -9999 -9999 -9999 -9999 -9999 -9999 -9999 -9999
-9999 -9999 -9999 -9999 -9999 -9999 -9999 -9999 14.8533585139683 3.86583995819092 3.58656567335129 3.60230255126953 3.48730677366257 3.34017258882523 3.2388533949852 2.99922305345535 2.750532746315 2.87942397594452 2.64909982681274 1.93889397382736 1.61694306135178 1.91667848825455 2.13176202774048 3.23982381820679 2.62936341762543 2.58328503370285 3.11265456676483 3.74748158454895 3.81347608566284 4.29894840717316 5.08088707923889 8.13602471351624 12.0027365684509 17.0029921531677 35.5711326599121 28.8588352203369 14.0436186790466 9.49197149276733 6.36264681816101 5.28572773933411 5.5642876625061 9.55430016752149 14.1471636280956 -9999 -9999 -9999 -9999 -9999 -9999 -9999 -9999 -9999 -9999 -9999 -9999 -9999 -9999 -9999 -9999 -9999 -9999 -9999
-9999 -9999 -9999 -9999 -9999 -9999 -9999 3.28386068344116 3.59071820229292 3.59737265110016 3.41358214616776 3.31230533123016 3.42112880945206 3.25184297561646 3.0397372841835 2.7854175567627 2.5839851796627 2.20283854007721 2.05057883262634 1.75932079553604 1.69173145294189 1.67765557765961 3.23070287704468 3.29178285598755 3.42901861667633 3.42258524894714 4.02513813972473 3.8308492898941 3.99982345104218 4.80978226661682 6.54485821723938 14.9126014709473 35.4002552032471 30.6456413269043 24.764365196228 12.761438369751 9.51891160011292 7.41531157493591 4.65896308422089 4.225665807724 20.6332938034558 5.69786846637726 3.25656187534332 -9999 -9999 -9999 -9999 -9999 -9999 -9999 -9999 -9999 -9999 -9999 -9999 -9999 -9999 -9999 -9999 -9999 -9999 -9999
-9999 -9999 -9999 -9999 -9999 -9999 3.458957024983 3.96339426040649 3.94586262702942 3.56375026702881 3.34645467996597 3.15297710895538 3.1694238781929 3.15571242570877 2.84235030412674 2.55464699864388 2.30817747116089 1.63307623565197 1.63566148281097 1.54774957895279 2.98378354310989 3.21493434906006 3.19707584381104 3.23250317573547 3.57203471660614 3.81606602668762 3.95588636398315 3.54461789131165 3.67195200920105 4.43564093112946 6.38926935195923 13.7898173332214 3.87149691581726 10.2177579402924 2.56684792041779 3.92570114135742 4.80066454410553 4.54200375080109 4.32095396518707 -9999 -9999 -9999 -9999 -9999 -9999 -9999 -9999 -9999 -9999 -9999 -9999 -9999 -9999 -9999 -9999 -9999 -9999 -9999 -9999 -9999 -9999 -9999
-9999 -9999 -9999 -9999 5.44646668434143 3.51370673520224 3.38053030627114 4.88236880302429 3.80774956941605 3.37194049358368 3.14567631483078 3.11670327186584 3.20960211753845 3.13950365781784 2.9126190841198 2.19184821844101 1.95069980621338 1.6118538826704 2.11512038111687 2.34586349129677 2.42373633384705 3.46285951137543 3.42081677913666 3.51427710056305 3.78500175476074 4.57446670532227 3.97311151027679 3.71676063537598 3.6380363702774 3.89345490932465 1.98689621686935 2.44754773378372 2.45354175567627 3.59068357944489 5.46200466156006 6.12798142433167 4.0897536277771 4.02008521556854 -9999 -9999 -9999 -9999 -9999 -9999 -9999 -9999 -9999 -9999 -9999 -9999 -9999 -9999 -9999 -9999 -9999 -9999 -9999 -9999 -9999 -9999 -9999 -9999
-9999 -9999 -9999 -9999 3.64090740680695 3.49720823764801 3.3443318775722 3.15488377639226 3.43527835607529 2.58140391111374 2.61955654621124 3.20715183019638 3.01887032389641 2.98037020862103 2.40741518139839 2.20295771956444 1.98761361837387 2.47741457819939 4.0706033706665 4.24396204948425 4.03656220436096 3.85392379760742 4.01525115966797 3.06913626194 4.6909214258194 3.1732589006424 1.96629291772842 2.21706528961658 2.19705408811569 2.41025438904762 4.38650643825531 7.41477799415588 6.67159295082092 7.64437866210938 11.8256027698517 11.123587846756 5.37648296356201 -9999 -9999 -9999 -9999 -9999 -9999 -9999 -9999 -9999 -9999 -9999 -9999 -9999 -9999 -9999 -9999 -9999 -9999 -9999 -9999 -9999 -9999 -9999 -9999 -9999
-9999 60.2231957845848 5.96692918814146 3.5875049829483 3.5301662002291 3.09782693215779 2.98389798402786 2.95814962046487 2.97645455598831 2.82692170143127 3.07881778478622 2.95656341314316 2.67244648933411 1.96546876430511 2.20530599355698 2.14656865596771 2.23864352703094 2.8203649520874 3.13079729676247 4.33423733711243 4.48511481285095 4.9555971622467 4.39025330543518 2.89152950048447 2.84311777353287 3.58598783612251 2.46967881917953 4.75013244152069 5.28785991668701 9.47227048873901 10.0281736850739 12.36652135849 15.5740985870361 3.03240421414375 5.50178714593252 35.3959619339476 -9999 -9999 -9999 -9999 -9999 -9999 -9999 -9999 -9999 -9999 -9999 -9999 -9999 -9999 -9999 -9999 -9999 -9999 -9999 -9999 -9999 -9999 -9999 -9999 -9999 -9999
3.56493091583252 4.91334037597363 4.89199221134186 3.4968011038644 3.06477971587862 3.55652868747711 3.11377286911011 3.06397040401186 3.76988035440445 2.94379806518555 3.22163736820221 2.75881093740463 2.02761541306973 2.49648043513298 2.17791031301022 1.86199615895748 2.44932299852371 2.77885794639587 4.04897260665894 4.63831257820129 2.6939195394516 2.74442273378372 2.82161068916321 2.70834559202194 2.55287170410156 3.14978809654713 12.339873790741 9.6678900718689 9.53733515739441 2.44717159867287 3.01428106427193 4.11463540792465 4.35292249917984 -9999 -9999 -9999 -9999 -9999 -9999 -9999 -9999 -9999 -9999 -9999 -9999 -9999 -9999 -9999 -9999 -9999 -9999 -9999 -9999 -9999 -9999 -9999 -9999 -9999 -9999 -9999 -9999 -9999
3.63350492715836 3.80549883842468 3.33819168806076 3.3899804353714 3.64401930570602 3.52514535188675 3.61356908082962 3.60975444316864 2.85127018690109 3.18617129325867 2.83150765299797 2.63411405682564 2.24827270209789 2.07586839795113 1.78511475026608 1.94166979193687 2.68758380413055 3.05489292740822 2.67576974630356 3.52212345600128 2.661949634552 2.69523197412491 2.38513648509979 2.34170019626617 1.28737798333168 1.61155271530151 2.39351883530617 2.83794724941254 2.69780069589615 3.23435175418854 3.98142975568771 4.29049998521805 3.95475625991821 3.96256915926933 4.00076734721661 7.93246498252406 -9999 -9999 -9999 -9999 -9999 -9999 -9999 -9999 -9999 -9999 -9999 -9999 -9999 -9999 -9999 -9999 -9999 -9999 -9999 -9999 -9999 -9999 -9999 -9999 -9999 -9999
3.73168423175812 3.21172821521759 3.4591539055109 3.98492324352264 3.50111675262451 3.51749807596207 3.30396795272827 3.59094536304474 2.91043388843536 2.77159211039543 2.8547759950161 2.92218415439129 1.76899498701096 1.82464456558228 1.66075088828802 2.06377422809601 2.40469613671303 2.56878626346588 2.81011021137238 2.88900130987167 2.34881371259689 2.09972274303436 2.17318904399872 2.48057496547699 2.54905140399933 2.67805051803589 2.84727501869202 2.51937112212181 3.71091890335083 3.86250782012939 10.6217224944722 -9999 -9999 -9999 -9999 -9999 -9999 -9999 -9999 -9999 -9999 -9999 -9999 -9999 -9999 -9999 -9999 -9999 -9999 -9999 -9999 -9999 -9999 -9999 -9999 -9999 -9999 -9999 -9999 -9999 -9999 -9999
3.64042085409164 3.54666656255722 3.43625843524933 3.65593037009239 3.35743349790573 3.71544653177261 3.70028257369995 3.25746309757233 3.30959093570709 3.34948432445526 3.42310801148415 2.45647019147873 2.00209084153175 1.65724385529757 1.78093537688255 2.54965974390507 2.39633625745773 2.90244787931442 2.77386003732681 3.13248109817505 2.12178474664688 2.16900306940079 2.45843350887299 2.61348748207092 2.82351446151733 3.25094568729401 2.57943677902222 3.20576369762421 3.57107830047607 3.85800719261169 4.20913195610046 4.64296695164272 -9999 -9999 -9999 -9999 -9999 -9999 35.2843866348267 12.6942715644836 -9999 -9999 -9999 -9999 -9999 -9999 -9999 -9999 -9999 -9999 -9999 -9999 -9999 -9999 -9999 -9999 -9999 -9999 -9999 -9999 -9999 -9999
4.53376817703247 4.15719759464264 3.90373635292053 3.89820456504822 4.59703711509705 4.37035509518215 3.66472434997559 3.60402202606201 3.67262327671051 3.52110224962234 3.19686484336853 2.18819810450077 1.76320897042751 1.76942136883736 1.95034682750702 2.774887830019 2.74914819002151 2.12185925245285 2.1702064871788 2.34547761082649 2.31542506814003 2.42398354411125 2.90489542484283 2.98257195949554 2.50387385487556 2.64564979076385 2.50547099113464 4.82509142160416 4.54387646913528 4.59903037548065 4.87865607668884 3.42093944549561 -9999 -9999 -9999 -9999 -9999 -9999 -9999 -9999 -9999 -9999 -9999 -9999 -9999 -9999 -9999 -9999 -9999 -9999 -9999 -9999 -9999 -9999 -9999 -9999 -9999 -9999 -9999 -9999 -9999 -9999
-9999 -9999 -9999 -9999 -9999 5.55887350669274 5.47057305276394 3.73686110973358 3.23952931165695 2.92014643549919 3.0121631026268 1.80165664851665 2.00622989237309 2.09144449234009 2.11495769023895 2.08301997184753 2.38504874706268 2.67272973060608 2.75903296470642 2.75401908159256 2.66691792011261 2.62762802839279 3.24451625347137 3.91373857855797 4.51704738898711 4.84324477059501 -9999 -9999 -9999 -9999 -9999 -9999 -9999 -9999 -9999 -9999 -9999 -9999 -9999 -9999 -9999 -9999 -9999 -9999 -9999 -9999 -9999 -9999 -9999 -9999 -9999 -9999 -9999 -9999 -9999 -9999 -9999 -9999 -9999 -9999 -9999 -9999
-9999 -9999 -9999 -9999 -9999 -9999 3.94403010606766 3.06307563185692 2.40181463956833 2.27308988571167 1.9493715763092 2.11604481935501 2.43218153715134 2.58028769493103 2.81682026386261 3.21361070871353 3.41062486171722 3.23307812213898 3.26796805858612 2.90025821328163 3.10983797907829 3.89606103301048 5.97451031208038 6.68600755411646 -9999 -9999 -9999 -9999 -9999 -9999 -9999 -9999 -9999 -9999 -9999 -9999 -9999 -9999 -9999 -9999 -9999 -9999 -9999 -9999 -9999 -9999 -9999 -9999 -9999 -9999 -9999 -9999 -9999 -9999 -9999 -9999 -9999 -9999 -9999 -9999 -9999 -9999
