EcologicalScience/Bass/data/rs_data_bass/chl_344.asc
NCOLS 226 
NROWS 124 
XLLCORNER -9.41648524995501 
YLLCORNER 47.587301625531 
CELLSIZE 0.0833 
NODATA_value -9999 
[rows 54 to 80 of 124, columns 0 to 61 of 226]
-9999 -9999 -9999 -9999 -9999 -9999 -9999 -9999 -9999 -9999 -9999 -9999 -9999 -9999 -9999 -9999 -9999 -9999 -9999 -9999 -9999 -9999 -9999 -9999 -9999 -9999 -9999 -9999 -9999 -9999 -9999 -9999 -9999 -9999 -9999 -9999 -9999 -9999 5.25347953536121 4.72229418754578 3.01652787923813 1.2443186044693 1.07614499330521 1.25060811638832 1.04096022248268 1.17706945538521 0.938376009464264 0.654445499181747 0.650974877178669 0.634723484516144 0.638609245419502 0.639469876885414 0.852108746767044 1.12754246592522 1.746189057827 2.16021966934204 2.16282516717911 2.19462597370148 -9999 0.607058599591255 0.62790758907795 2.47429851539757
-9999 -9999 -9999 -9999 -9999 -9999 -9999 -9999 -9999 -9999 -9999 -9999 -9999 -9999 -9999 -9999 -9999 -9999 -9999 -9999 -9999 -9999 -9999 -9999 -9999 -9999 -9999 -9999 -9999 -9999 -9999 -9999 -9999 -9999 -9999 -9999 -9999 -9999 -9999 3.07666373252869 2.97718255519867 2.08132195472717 1.30104484409094 1.41655348241329 1.15100625157356 1.07701760530472 0.930912718176842 0.780827634036541 0.706070981919765 0.632900252938271 0.678883887827396 0.698155514895916 1.0533127784729 0.988974720239639 1.77896922826767 1.87163776159286 2.04208259284496 2.66701562487321 -9999 -9999 -9999 -9999
-9999 -9999 -9999 -9999 -9999 -9999 -9999 -9999 -9999 -9999 -9999 -9999 -9999 -9999 -9999 -9999 -9999 -9999 -9999 -9999 -9999 -9999 -9999 -9999 -9999 -9999 -9999 -9999 -9999 -9999 -9999 -9999 -9999 -9999 -9999 -9999 -9999 -9999 -9999 -9999 1.77176059484482 1.80599701404572 1.83720302581787 1.97662419080734 1.65837746858597 1.0271797478199 0.935070008039474 0.79100925475359 0.733511969447136 0.736282870173454 0.595344007015228 0.736380770802498 0.873108744621277 0.998259007930756 1.0939259827137 1.55250298976898 1.65727132558823 1.61630541086197 2.42227869374411 -9999 -9999 -9999
-9999 -9999 -9999 -9999 -9999 -9999 -9999 -9999 -9999 -9999 -9999 -9999 -9999 -9999 -9999 -9999 -9999 -9999 -9999 -9999 -9999 -9999 -9999 -9999 -9999 -9999 -9999 -9999 -9999 -9999 -9999 -9999 -9999 -9999 -9999 -9999 -9999 -9999 -9999 -9999 1.4425950050354 2.33816628456116 2.20052146911621 2.25930833816528 2.36953943967819 1.90718472003937 1.0832279920578 0.995727762579918 0.884238369762897 0.815795257687569 0.602259770035744 0.709051519632339 0.795412480831146 0.917363226413727 0.948013544082642 0.921212285757065 0.99349008500576 0.818874031305313 1.54433923959732 1.91104120016098 1.98331978917122 -9999
-9999 -9999 -9999 -9999 -9999 -9999 -9999 -9999 -9999 -9999 -9999 -9999 -9999 -9999 -9999 -9999 -9999 -9999 -9999 -9999 -9999 -9999 -9999 -9999 -9999 -9999 -9999 -9999 -9999 -9999 -9999 -9999 -9999 -9999 -9999 -9999 -9999 -9999 -9999 -9999 -9999 3.41447525024414 2.19859045743942 2.34011024236679 2.45647877454758 1.99871402978897 1.22743351757526 1.14723452925682 0.993634834885597 0.8476492613554 0.734202370047569 0.719056136906147 0.711765736341476 0.7882961332798 0.930490493774414 0.991122722625732 0.726879760622978 0.87234753370285 1.04268595576286 1.27500146627426 1.51412570476532 -9999
-9999 -9999 -9999 -9999 -9999 -9999 -9999 -9999 -9999 -9999 -9999 -9999 -9999 -9999 -9999 -9999 -9999 -9999 -9999 -9999 -9999 -9999 -9999 -9999 -9999 -9999 -9999 -9999 -9999 -9999 -9999 -9999 -9999 -9999 -9999 -9999 -9999 -9999 -9999 -9999 -9999 3.74277040958405 2.63628327846527 1.98108154535294 1.45859250426292 1.7174391746521 1.42803110182285 1.13090322911739 1.03182300925255 0.894550502300262 0.745128750801086 0.560240998864174 0.767163388431072 0.782434523105621 0.887187033891678 0.970199972391129 1.04974874854088 0.856105528771877 0.988981783390045 1.24928966029124 -9999 -9999
-9999 -9999 -9999 -9999 -9999 -9999 -9999 -9999 -9999 -9999 -9999 -9999 -9999 -9999 -9999 -9999 -9999 -9999 -9999 -9999 -9999 -9999 -9999 -9999 -9999 -9999 -9999 -9999 -9999 -9999 -9999 -9999 -9999 -9999 -9999 -9999 -9999 -9999 -9999 -9999 3.39375913143158 3.30198204517365 3.25310817360878 1.70777404308319 1.50416810810566 1.22826826572418 1.27954423427582 1.18612870573997 1.37491276860237 1.02038928866386 0.823806792497635 0.729486376047134 0.676477521657944 0.84783598780632 0.940677791833878 1.1813962161541 1.29547575116158 -9999 -9999 1.56371673941612 1.46550571918488 1.89192277193069
-9999 -9999 -9999 -9999 -9999 -9999 -9999 -9999 -9999 -9999 -9999 -9999 -9999 -9999 -9999 -9999 -9999 -9999 -9999 -9999 -9999 -9999 -9999 -9999 -9999 -9999 -9999 -9999 -9999 -9999 -9999 -9999 -9999 -9999 -9999 -9999 -9999 -9999 -9999 2.51790082454681 3.04237139225006 2.59043169021606 2.2737854719162 1.92129367589951 1.4928614795208 1.27443972229958 1.39370101690292 1.441605001688 1.68567591905594 1.24278303980827 0.846548616886139 0.740564279258251 0.741502895951271 0.712396502494812 0.856200724840164 1.03645348548889 1.24586436152458 1.6759005188942 1.72466558218002 1.82995802164078 1.70683497190475 1.06657835841179
-9999 -9999 -9999 -9999 -9999 -9999 -9999 -9999 -9999 -9999 -9999 -9999 -9999 -9999 -9999 -9999 -9999 -9999 -9999 -9999 -9999 -9999 -9999 -9999 -9999 -9999 -9999 -9999 -9999 -9999 -9999 -9999 -9999 -9999 -9999 -9999 -9999 -9999 -9999 2.91749945282936 1.75991329550743 2.51044642925262 1.32561975717545 1.54499173164368 1.49694898724556 1.28445070981979 1.08609898388386 0.948585748672485 0.851424783468246 0.825808882713318 0.776343360543251 0.795623615384102 0.779033616185188 0.717302978038788 0.869605511426926 1.06776970624924 1.15788379311562 1.31458121538162 1.4340937435627 1.73410052061081 1.68859058618546 1.640396296978
-9999 -9999 -9999 -9999 -9999 -9999 -9999 -9999 -9999 -9999 -9999 -9999 -9999 -9999 -9999 -9999 -9999 -9999 -9999 -9999 -9999 -9999 -9999 -9999 -9999 -9999 -9999 -9999 -9999 -9999 -9999 -9999 -9999 -9999 -9999 -9999 -9999 -9999 4.64648771286011 2.86315163969994 1.78718742728233 1.54913020133972 1.42540124058723 1.36651048064232 0.905570477247238 0.671711996197701 1.09840053319931 0.958077013492584 0.726029232144356 0.712386757135391 0.319347739219666 0.311999246478081 0.311343759298325 0.663744002580643 0.843015789985657 0.881948634982109 0.839139774441719 0.759626984596252 0.724534884095192 1.6860060095787 1.54326152801514 1.77425926923752
-9999 -9999 -9999 -9999 -9999 -9999 -9999 -9999 -9999 -9999 -9999 -9999 -9999 -9999 -9999 -9999 -9999 -9999 -9999 -9999 -9999 -9999 -9999 -9999 -9999 -9999 -9999 -9999 -9999 -9999 -9999 -9999 -9999 -9999 -9999 -9999 -9999 -9999 5.19541983604431 2.679090321064 2.16924002766609 1.61379593610764 1.5991718173027 0.853708505630493 0.875142008066177 1.08153676986694 1.01792478561401 0.902621984481812 0.771086990833282 0.725486263632774 0.733202263712883 0.926939249038696 0.748352274298668 0.667732492089272 0.632855236530304 0.703622996807098 0.66602099686861 0.596457749605179 0.622469611465931 0.657267361879349 1.46731799840927 1.85991382598877
-9999 -9999 -9999 -9999 -9999 -9999 -9999 -9999 -9999 -9999 -9999 -9999 -9999 -9999 -9999 -9999 -9999 -9999 -9999 -9999 -9999 -9999 -9999 -9999 -9999 -9999 -9999 -9999 -9999 -9999 -9999 -9999 -9999 -9999 -9999 -9999 -9999 2.13061567328193 3.57148164510727 2.47040095925331 2.14660727977753 1.76699995994568 0.988247215747833 0.893080472946167 0.993297725915909 0.939254969358444 0.871659010648727 0.845963269472122 0.86954927444458 0.93458104133606 0.976634234189987 1.11411827802658 0.952107757329941 1.00367474555969 0.956727772951126 0.621752634644508 0.582596249878407 0.531880125403404 0.578992143273354 0.952607989311218 0.624472126364708 0.85053489357233
-9999 -9999 -9999 -9999 -9999 -9999 -9999 -9999 -9999 -9999 -9999 -9999 -9999 -9999 -9999 -9999 -9999 -9999 -9999 -9999 -9999 -9999 -9999 -9999 -9999 -9999 -9999 -9999 -9999 -9999 -9999 -9999 -9999 -9999 -9999 -9999 -9999 5.37936854362488 3.64094665646553 2.0665522813797 1.8456734418869 1.3647832274437 0.930393040180206 0.826460212469101 0.82879427075386 0.811420530080795 0.828929990530014 0.889475226402283 0.972816735506058 1.03903797268867 1.09126424789429 1.03412327170372 0.877161026000977 0.817797034978867 0.826785743236542 0.813452214002609 0.731675997376442 0.596989117562771 0.607970617711544 0.616525143384933 0.614264242351055 0.817564509809017
-9999 -9999 -9999 -9999 -9999 -9999 -9999 -9999 -9999 -9999 -9999 -9999 -9999 -9999 -9999 -9999 -9999 -9999 -9999 -9999 -9999 -9999 -9999 -9999 -9999 -9999 -9999 -9999 -9999 -9999 -9999 -9999 -9999 -9999 -9999 -9999 5.93507611751556 4.51524293422699 3.2718540430069 1.7914080619812 1.44692623615265 1.14478048682213 0.704436734318733 0.313343994319439 0.742446005344391 0.825612008571625 0.914720982313156 0.989588230848312 1.09787178039551 1.15688252449036 0.900794237852097 0.961265981197357 0.899240255355835 0.833665519952774 0.860792219638824 0.817717462778091 0.74941948056221 0.658937998116016 0.756272971630096 0.722021251916885 0.867788225412369 0.885456264019012
-9999 -9999 -9999 -9999 -9999 -9999 -9999 -9999 -9999 -9999 -9999 -9999 -9999 -9999 -9999 -9999 -9999 -9999 -9999 -9999 -9999 -9999 -9999 -9999 -9999 -9999 -9999 -9999 -9999 -9999 -9999 15.2110331058502 1.68686470660296 -9999 2.10493344068527 2.44389252253041 2.45078929066658 1.98641932010651 1.97649157047272 1.68931800127029 0.839546978473663 0.603743255138397 0.500880762934685 0.538659766316414 0.758453965187073 0.837417036294937 0.838987469673157 0.841668784618378 0.971108257770538 1.03486803174019 1.05803552269936 1.02690902352333 0.972513735294342 0.87049126625061 0.839591234922409 0.901259243488312 0.898674756288528 0.913096457719803 0.807322472333908 0.704684257507324 0.679389014840126 1.14734628796577
-9999 -9999 -9999 -9999 -9999 -9999 -9999 -9999 -9999 -9999 -9999 -9999 -9999 -9999 -9999 -9999 -9999 -9999 -9999 -9999 -9999 -9999 0.346259817481041 6.73041691382726 4.45938947796822 5.53296250104904 1.50852298736572 1.70459854602814 2.18244530260563 1.36474607884884 1.25740420818329 1.30515673756599 1.18104600906372 1.19991445541382 1.13549628853798 1.088841766119 1.49216097593307 1.45504572987556 1.30687201023102 1.01779353618622 0.607078492641449 0.569436013698578 0.555810749530792 0.507905244827271 0.620101511478424 0.731708228588104 0.824790716171265 0.911235719919205 1.09103178977966 1.21711349487305 1.17827779054642 1.13743203878403 1.10969325900078 1.08647847175598 1.53682279586792 1.62271052598953 1.2776280194521 2.15132002830505 3.51193538658759 -9999 -9999 -9999
-9999 -9999 -9999 -9999 -9999 -9999 -9999 -9999 -9999 -9999 -9999 -9999 -9999 -9999 -9999 -9999 -9999 -9999 -9999 -9999 -9999 -9999 0.693544507026672 0.511671736836433 0.447077259421349 0.539871767163277 1.3816784620285 1.56045967340469 1.60949617624283 1.56063973903656 1.33796775341034 1.20227470993996 0.84365326166153 0.853499293327332 0.71721750497818 0.671727731823921 0.728385731577873 0.740738242864609 0.675161272287369 0.620887488126755 0.572927981615067 0.581965506076813 0.72170627117157 0.780690014362335 0.795088469982147 1.0222327709198 1.0499332845211 1.19995129108429 1.26987147331238 1.25730746984482 1.21182301640511 1.22555100917816 2.62375465035439 3.69402498006821 3.93418997526169 -9999 -9999 -9999 -9999 -9999 -9999 -9999
-9999 -9999 -9999 -9999 -9999 -9999 -9999 -9999 -9999 -9999 -9999 -9999 -9999 -9999 -9999 -9999 -9999 -9999 -9999 31.8230936933071 1.12109479308128 0.567880511283875 0.59917277097702 0.664082229137421 0.567357748746872 0.450849741697311 0.531466484069824 0.491468980908394 0.425331741571426 0.597570016980171 1.01405471563339 1.14305403828621 0.771663755178452 0.711540743708611 0.66246297955513 0.637059733271599 0.652679264545441 0.697278767824173 0.867571502923965 0.81315752863884 0.763092041015625 0.773515462875366 0.864765733480453 0.959772706031799 0.904174536466599 1.02285745739937 1.30940473079681 1.36254376173019 1.31786021590233 1.34491422772408 20.04659101367 -9999 -9999 -9999 -9999 -9999 -9999 -9999 -9999 -9999 -9999 -9999
-9999 -9999 -9999 -9999 -9999 -9999 -9999 -9999 -9999 -9999 -9999 -9999 -9999 -9999 -9999 -9999 -9999 1.4026657640934 1.38215929269791 1.31099545955658 0.882770955562592 0.742908015847206 0.605871766805649 0.587449505925179 0.454676985740662 0.423991486430168 0.446574747562408 0.449088737368584 0.438058510422707 0.445799231529236 0.441796481609344 0.533730760216713 0.647393256425858 0.729701980948448 0.72035251557827 0.661827743053436 0.717978000640869 0.90840071439743 1.05598801374435 1.02557176351547 0.870221257209778 0.832328259944916 0.858180016279221 0.748145252466202 0.86303249001503 1.14520570635796 1.42962223291397 1.52772080898285 1.48167899250984 1.33459648489952 1.53649740666151 -9999 -9999 -9999 -9999 -9999 -9999 -9999 -9999 -9999 -9999 -9999
-9999 -9999 -9999 -9999 -9999 -9999 -9999 -9999 -9999 -9999 -9999 -9999 -9999 -9999 1.40737652778625 1.49338495731354 1.60189801454544 1.47198897600174 1.29950478672981 0.942633032798767 0.492222011089325 0.485358729958534 0.425940737128258 0.430453509092331 0.420715481042862 0.421112984418869 0.438069730997086 0.417949497699738 0.437725514173508 0.454824015498161 0.438053995370865 0.418616250157356 0.451070263981819 0.487374007701874 0.513134256005287 0.725624263286591 0.815798968076706 0.963111788034439 0.824685037136078 0.870499491691589 0.900100529193878 0.872682720422745 0.812156975269318 0.611323490738869 0.957836240530014 1.14544951915741 1.42194601893425 1.50618374347687 1.45341074466705 1.65785104036331 1.63554453849792 1.8285462141037 -9999 -9999 -9999 -9999 -9999 -9999 -9999 -9999 -9999 -9999
-9999 -9999 -9999 -9999 -9999 -9999 -9999 -9999 -9999 -9999 -9999 3.49115937863077 2.30998653173447 2.11098378896713 1.95419257879257 1.12855571508408 0.849750727415085 0.616611734032631 0.502731755375862 0.452246233820915 0.433985263109207 0.422427758574486 0.436814233660698 0.419058009982109 0.389537259936333 0.400932759046555 0.422243267297745 0.415061250329018 0.395372986793518 0.414972022175789 0.421362742781639 0.420645743608475 0.421524748206139 0.432683229446411 0.459989234805107 0.542418748140335 0.849037528038025 1.10971274971962 0.947942286729813 0.746448755264282 0.603014230728149 0.603003770112991 0.507631480693817 0.579915001988411 1.13883295655251 1.24480497837067 1.31472373008728 1.39366346597672 1.49189624190331 1.44056215882301 1.39995452016592 -9999 -9999 -9999 -9999 -9999 7.6053931782412 6.50876140594482 7.74367713928223 5.24415957927704 6.59416428208351 -9999
-9999 -9999 -9999 -9999 -9999 -9999 -9999 -9999 -9999 1.64467942714691 0.711810737848282 1.41524773836136 0.594283506274223 0.632826000452042 0.701904013752937 0.458271011710167 0.404286772012711 0.441451504826546 0.441983252763748 0.423509985208511 0.424091264605522 0.402287989854813 0.379019245505333 0.359779492020607 0.375591740012169 0.384165018796921 0.400671020150185 0.377094760537148 0.388295978307724 0.396426737308502 0.407111272215843 0.411551982164383 0.403346255421638 0.436233758926392 0.42372827231884 0.448659002780914 0.680318981409073 0.985221773386002 0.913828521966934 0.73421622812748 0.617399230599403 0.460701763629913 0.38730825483799 0.565895229578018 0.827996224164963 0.906345784664154 0.980853706598282 1.14122772216797 1.37516024708748 1.75669866800308 1.68585669994354 1.61603558063507 1.83016276359558 2.45557045936584 1.83200633525848 2.64137631654739 2.29671227931976 2.5501372218132 2.85278695821762 3.06588435173035 3.28624641895294 -9999
-9999 -9999 -9999 -9999 -9999 0.925415217876434 0.794927269220352 0.865255504846573 1.24462428689003 1.64011949300766 0.824982762336731 0.412679269909859 0.428855985403061 0.425847753882408 0.405038997530937 0.406157255172729 0.399289503693581 0.376488760113716 0.359805755317211 0.340563744306564 0.344575501978397 0.354346498847008 0.362502001225948 0.364845000207424 0.342291757464409 0.34595925360918 0.329458504915237 0.341270260512829 0.354339748620987 0.416231229901314 0.373624496161938 0.378558754920959 0.39605775475502 0.418247982859612 0.467210233211517 0.535975500941277 0.73217099905014 0.971112012863159 0.864854246377945 0.719337746500969 0.653137519955635 0.446210235357285 0.361871257424355 0.403098732233047 0.498396769165993 0.52421173453331 0.870862483978271 1.01890048384666 1.18832775950432 1.5313732624054 1.68438595533371 1.66132646799088 1.96695005893707 2.25699001550674 2.45706528425217 2.30743503570557 2.08882266283035 2.52821320295334 2.95710521936417 3.29638409614563 3.49847638607025 3.40169262886047
-9999 -9999 -9999 -9999 -9999 0.736851766705513 0.953558206558228 1.0241482257843 1.04276928305626 0.698024243116379 0.434708252549171 0.384393006563187 0.372588001191616 0.372075006365776 0.358280248939991 0.347380489110947 0.346844248473644 0.334862999618053 0.300474755465984 0.273225747048855 0.276819750666618 0.281022749841213 0.281900256872177 0.265392757952213 0.271443754434586 0.272280760109425 0.354290999472141 0.424462482333183 0.437566503882408 0.491717264056206 0.472626015543938 0.436608016490936 0.426501765847206 0.452381238341331 0.53371949493885 0.6328244805336 0.805780470371246 0.964718967676163 0.683958739042282 0.61760625243187 0.571906507015228 0.519045755267143 0.359214752912521 0.385260745882988 0.372719250619411 0.40487252175808 0.599225252866745 0.714111015200615 0.770232707262039 0.984434992074966 1.53111827373505 1.68849831819534 1.68290627002716 1.73669850826263 2.27050656080246 2.39583832025528 2.4134978055954 2.40820491313934 2.22214883565903 2.27521651983261 2.46736800670624 2.66883230209351
-9999 -9999 -9999 -9999 -9999 0.54755924642086 0.788543254137039 0.771469473838806 0.567296236753464 0.511703252792358 0.440118759870529 0.394379988312721 0.350847758352757 0.338500499725342 0.314576245844364 0.285152994096279 0.267207741737366 0.275099247694016 0.258865490555763 0.243778489530087 0.261893257498741 0.278578497469425 0.279940500855446 0.295245744287968 0.299050502479076 0.323782503604889 0.429767981171608 0.462251991033554 0.517257750034332 0.551680505275726 0.538734018802643 0.492901504039764 0.463685229420662 0.489237740635872 0.597090750932693 0.834110230207443 0.866048276424408 0.884112775325775 0.762880504131317 0.674625009298325 0.628529995679855 0.538694232702255 0.427458733320236 0.382227748632431 0.360766500234604 0.345015004277229 0.430420517921448 0.457480520009995 0.464818507432938 0.500874012708664 0.94179904460907 1.2408427298069 1.57854831218719 1.66346257925034 1.55280822515488 1.30201497673988 1.37832221388817 1.42895552515984 1.65291291475296 1.93055480718613 1.99014830589294 2.16181808710098
-9999 -9999 -9999 -9999 -9999 0.347386501729488 0.408623993396759 0.450350269675255 0.39911775290966 0.312638260424137 0.298359006643295 0.306961499154568 0.309748493134975 0.301913246512413 0.30273449420929 0.273443251848221 0.251091755926609 0.242748007178307 0.240053996443748 0.240832507610321 0.249232493340969 0.257931746542454 0.27616424113512 0.316415257751942 0.354722991585732 0.388821735978127 0.455457016825676 0.481594517827034 0.499565228819847 0.556439995765686 0.579110249876976 0.502548739314079 0.493630483746529 0.573624014854431 0.625808984041214 0.861496478319168 0.979114472866058 0.94367328286171 0.78804749250412 0.717943489551544 0.750651776790619 0.591635271906853 0.424562260508537 0.363746993243694 0.357606008648872 0.372095257043839 0.381067514419556 0.456010490655899 0.345883872359991 0.478627502918243 0.519285008311272 0.682961985468864 0.773875504732132 0.872617542743683 0.906205505132675 0.998988032341003 1.10822027921677 1.26030001044273 1.57963424921036 1.86307954788208 2.19392251968384 2.61877119541168
-9999 -9999 -9999 -9999 -9999 0.288629248738289 0.282563254237175 0.298260748386383 0.288745500147343 0.277497746050358 0.264650993049145 0.25687500089407 0.255044259130955 0.25051648914814 0.258386246860027 0.253344006836414 0.24227549135685 0.230100005865097 0.228359252214432 0.230691008269787 0.244278006255627 0.259307250380516 0.282962255179882 0.316504508256912 0.338553003966808 0.353672996163368 0.400534495711327 0.481498494744301 0.567225739359856 0.582339003682137 0.585692256689072 0.548451751470566 0.537597745656967 0.574706241488457 0.708870738744736 0.79371902346611 0.901211231946945 0.874728709459305 0.835434794425964 0.775743752717972 0.834712475538254 0.729216009378433 0.564139500260353 0.407130002975464 0.389493003487587 0.367761008441448 0.382556229829788 0.420552760362625 0.497628003358841 0.467930987477303 0.522431999444962 0.591701254248619 0.743648260831833 0.802179783582687 0.92612099647522 1.13847675919533 1.07004895806313 1.15860003232956 1.37490749359131 1.73338580131531 3.22649931907654 3.04593658447266
