EcologicalScience/Bass/data/rs_data_bass/chl_489.asc
NCOLS 226 
NROWS 124 
XLLCORNER -9.41648524995501 
YLLCORNER 47.587301625531 
CELLSIZE 0.0833 
NODATA_value -9999 
[rows 54 to 80 of 124, columns 0 to 61 of 226]
-9999 -9999 -9999 -9999 -9999 -9999 -9999 -9999 -9999 -9999 -9999 -9999 -9999 -9999 -9999 -9999 -9999 -9999 -9999 -9999 -9999 -9999 -9999 -9999 -9999 -9999 -9999 -9999 -9999 -9999 -9999 -9999 -9999 -9999 -9999 -9999 -9999 -9999 5.68980731693397 3.45209584236145 2.82430636882782 2.69382548332214 2.21556150913239 1.78086572885513 1.60967266559601 1.5636727809906 1.41037881374359 1.34790480136871 1.27052807807922 1.08951070904732 1.08069929480553 1.14314872026443 1.25400656461716 1.6146953701973 2.10027784109116 2.52354347705841 2.85995990037918 3.03151917457581 2.92688089609146 0.607058599591255 0.62790758907795 3.34601953625679
-9999 -9999 -9999 -9999 -9999 -9999 -9999 -9999 -9999 -9999 -9999 -9999 -9999 -9999 -9999 -9999 -9999 -9999 -9999 -9999 -9999 -9999 -9999 -9999 -9999 -9999 -9999 -9999 -9999 -9999 -9999 -9999 -9999 -9999 -9999 -9999 -9999 -9999 -9999 2.81728801131248 2.53120028972626 2.56294137239456 1.86065948009491 1.86605715751648 1.77693772315979 1.49009129405022 1.33613866567612 1.13745528459549 1.09149643778801 0.990524053573608 0.958728522062302 1.03005051612854 1.459049731493 2.3183981180191 2.631711602211 2.8041256070137 2.89715963602066 3.00885593891144 -9999 -9999 -9999 -9999
-9999 -9999 -9999 -9999 -9999 -9999 -9999 -9999 -9999 -9999 -9999 -9999 -9999 -9999 -9999 -9999 -9999 -9999 -9999 -9999 -9999 -9999 -9999 -9999 -9999 -9999 -9999 -9999 -9999 -9999 -9999 -9999 -9999 -9999 -9999 -9999 -9999 -9999 -9999 2.3316422700882 1.8959949016571 1.79946863651276 1.73621356487274 1.8838968873024 1.91602349281311 1.6259948015213 1.38598877191544 1.21885219216347 1.21472829580307 1.25138622522354 0.985273271799088 1.04382634162903 1.68561762571335 2.39197933673859 2.46653491258621 2.47069573402405 2.29296272993088 2.36949563026428 3.89886608719826 1.65724718570709 -9999 -9999
-9999 -9999 -9999 -9999 -9999 -9999 -9999 -9999 -9999 -9999 -9999 -9999 -9999 -9999 -9999 -9999 -9999 -9999 -9999 -9999 -9999 -9999 -9999 -9999 -9999 -9999 -9999 -9999 -9999 -9999 -9999 -9999 -9999 -9999 -9999 -9999 -9999 -9999 -9999 -9999 2.03648221492767 1.94517928361893 1.90370285511017 1.98191267251968 1.95716768503189 1.89937502145767 1.61483269929886 1.53593534231186 1.59802579879761 1.45735922455788 1.08071941137314 1.14471441507339 1.62479835748672 2.02461415529251 1.96152913570404 1.99215316772461 1.99056369066238 2.32326275110245 2.81623721122742 3.92315113544464 4.42987769842148 -9999
-9999 -9999 -9999 -9999 -9999 -9999 -9999 -9999 -9999 -9999 -9999 -9999 -9999 -9999 -9999 -9999 -9999 -9999 -9999 -9999 -9999 -9999 -9999 -9999 -9999 -9999 -9999 -9999 -9999 -9999 -9999 -9999 -9999 -9999 -9999 -9999 -9999 -9999 -9999 -9999 2.13246256113052 2.18218034505844 1.87264609336853 1.85455173254013 1.89700055122375 1.98498147726059 1.82254940271378 1.65456408262253 1.62194466590881 1.40508154034615 1.03672206401825 1.07042455673218 1.4030390381813 1.69194173812866 1.69404512643814 1.65413010120392 1.89952504634857 3.15565860271454 5.59862101078033 5.81134700775146 4.46201848983765 -9999
-9999 -9999 -9999 -9999 -9999 -9999 -9999 -9999 -9999 -9999 -9999 -9999 -9999 -9999 -9999 -9999 -9999 -9999 -9999 -9999 -9999 -9999 -9999 -9999 -9999 -9999 -9999 -9999 -9999 -9999 -9999 -9999 -9999 -9999 -9999 -9999 -9999 -9999 -9999 -9999 2.22440163294474 2.42080117464066 2.5484464764595 2.23091018199921 1.99542009830475 1.78927284479141 1.62825429439545 1.56888073682785 1.44227144122124 1.2913558781147 1.05558210611343 1.09721267223358 1.38055157661438 1.6791974902153 1.82589894533157 2.00208073854446 2.61356502771378 4.81762683391571 7.88656640052795 8.88255071640015 -9999 -9999
-9999 -9999 -9999 -9999 -9999 -9999 -9999 -9999 -9999 -9999 -9999 -9999 -9999 -9999 -9999 -9999 -9999 -9999 -9999 -9999 -9999 -9999 -9999 -9999 -9999 -9999 -9999 -9999 -9999 -9999 -9999 -9999 -9999 -9999 -9999 -9999 -9999 -9999 -9999 -9999 2.73444628715515 2.33902448415756 2.33902448415756 1.61565881967545 1.57966536283493 1.50625365972519 1.52028876543045 1.48956093192101 1.34510815143585 1.20048621296883 1.03768613934517 1.11443522572517 1.34833806753159 1.53900933265686 1.82784068584442 2.48440128564835 3.39037585258484 -9999 -9999 3.32974317669868 4.74751532077789 4.12524282932281
-9999 -9999 -9999 -9999 -9999 -9999 -9999 -9999 -9999 -9999 -9999 -9999 -9999 -9999 -9999 -9999 -9999 -9999 -9999 -9999 -9999 -9999 -9999 -9999 -9999 -9999 -9999 -9999 -9999 -9999 -9999 -9999 -9999 -9999 -9999 -9999 -9999 -9999 -9999 2.4316653907299 2.62805696725845 2.28656440973282 2.11119300127029 1.78250885009766 1.41392487287521 1.24193063378334 1.43812823295593 1.38136741518974 1.23189130425453 1.14900085330009 1.03554886579514 1.13219752907753 1.32119384407997 1.56689018011093 1.98978459835052 2.21124941110611 3.55632483959198 3.8895982503891 3.96313154697418 2.27242064476013 3.67521214485168 3.59729790687561
-9999 -9999 -9999 -9999 -9999 -9999 -9999 -9999 -9999 -9999 -9999 -9999 -9999 -9999 -9999 -9999 -9999 -9999 -9999 -9999 -9999 -9999 -9999 -9999 -9999 -9999 -9999 -9999 -9999 -9999 -9999 -9999 -9999 -9999 -9999 -9999 -9999 -9999 -9999 1.96656703948975 1.83801564574242 1.66767328977585 1.71257150173187 1.41390109062195 1.22131982445717 1.2221003472805 1.35709127783775 1.2624371945858 1.17700347304344 1.09693273901939 1.05264642834663 1.32781970500946 1.53082948923111 1.67856001853943 1.78579795360565 1.94339579343796 2.29405188560486 2.710429251194 3.3175767660141 3.32982122898102 3.05191469192505 3.02507436275482
-9999 -9999 -9999 -9999 -9999 -9999 -9999 -9999 -9999 -9999 -9999 -9999 -9999 -9999 -9999 -9999 -9999 -9999 -9999 -9999 -9999 -9999 -9999 -9999 -9999 -9999 -9999 -9999 -9999 -9999 -9999 -9999 -9999 -9999 -9999 -9999 -9999 -9999 2.48675975203514 2.23301736116409 1.96981877088547 1.71592211723328 1.43950742483139 1.1946819126606 1.18453136086464 1.24045264720917 1.16016036272049 1.07444429397583 1.02557024359703 0.958840012550354 1.05511486530304 1.33878582715988 1.66770154237747 1.7975007891655 1.92798435688019 2.12865525484085 2.42366337776184 2.7368751168251 2.77050769329071 2.69481611251831 2.3943647146225 2.61384433507919
-9999 -9999 -9999 -9999 -9999 -9999 -9999 -9999 -9999 -9999 -9999 -9999 -9999 -9999 -9999 -9999 -9999 -9999 -9999 -9999 -9999 -9999 -9999 -9999 -9999 -9999 -9999 -9999 -9999 -9999 -9999 -9999 -9999 -9999 -9999 -9999 -9999 -9999 2.64289247989655 2.02855557203293 1.65305006504059 1.39152020215988 1.29572814702988 0.934610992670059 0.903700143098831 1.15797588229179 1.09518429636955 1.06187546253204 1.0500470995903 1.10476318001747 1.2293162047863 1.38927626609802 1.47894304990768 1.80048662424088 2.25876849889755 2.33733505010605 2.7986615896225 2.94505262374878 3.10858654975891 3.05533075332642 2.31383872032166 2.24825406074524
-9999 -9999 -9999 -9999 -9999 -9999 -9999 -9999 -9999 -9999 -9999 -9999 -9999 -9999 -9999 -9999 -9999 -9999 -9999 -9999 -9999 -9999 -9999 -9999 -9999 -9999 -9999 -9999 -9999 -9999 -9999 -9999 -9999 -9999 -9999 -9999 -9999 2.82734709978104 2.49075302481651 1.36162555217743 1.18250513076782 0.913752168416977 0.911767423152924 0.883396536111832 0.868437230587006 0.919618159532547 0.979274153709412 1.0239020884037 1.08665344119072 1.34054660797119 1.46119245886803 1.64058101177216 1.81801092624664 2.37488347291946 2.86877220869064 2.74765473604202 2.56963402032852 2.85155564546585 2.57726740837097 2.4616647362709 2.22599762678146 2.32625913619995
-9999 -9999 -9999 -9999 -9999 -9999 -9999 -9999 -9999 -9999 -9999 -9999 -9999 -9999 -9999 -9999 -9999 -9999 -9999 -9999 -9999 -9999 -9999 -9999 -9999 -9999 -9999 -9999 -9999 -9999 -9999 -9999 -9999 -9999 -9999 -9999 2.31220241636038 2.49398696422577 1.07174044847488 1.07662770152092 1.02397003769875 0.867590725421906 0.824000537395477 0.940973997116089 0.928439050912857 0.90801939368248 0.942108124494553 1.0534625351429 1.13146045804024 1.19399902224541 1.27095553278923 1.44999146461487 1.69270545244217 1.89066749811172 2.86066478490829 2.65769273042679 2.47994756698608 2.6637402176857 2.56077611446381 2.41172164678574 2.24033975601196 2.22139549255371
-9999 -9999 -9999 -9999 -9999 -9999 -9999 -9999 -9999 -9999 -9999 -9999 -9999 -9999 -9999 -9999 -9999 -9999 -9999 -9999 -9999 -9999 -9999 -9999 -9999 -9999 -9999 -9999 -9999 -9999 -9999 -9999 -9999 -9999 -9999 -9999 2.06241005659103 1.80840021371841 1.4055415391922 1.17799580097198 0.981377363204956 0.833929181098938 0.846622467041016 0.910367578268051 0.90656590461731 0.945758074522018 0.981965124607086 1.05903035402298 1.10625180602074 1.19333124160767 1.36361467838287 1.52897447347641 1.69777750968933 2.23008781671524 2.68882817029953 2.43688488006592 2.10892778635025 1.99802184104919 1.97728353738785 2.00501596927643 1.56955289840698 1.97990620136261
-9999 -9999 -9999 -9999 -9999 -9999 -9999 -9999 -9999 -9999 -9999 -9999 -9999 -9999 -9999 -9999 -9999 -9999 -9999 -9999 -9999 -9999 -9999 -9999 -9999 -9999 -9999 -9999 -9999 -9999 -9999 1.36716219037771 1.21679350733757 1.6230204552412 2.10493344068527 2.01273421358957 1.78187797665596 1.27969890832901 1.27969890832901 1.05044563114643 0.82137867808342 0.856055349111557 0.867219597101212 0.813602417707443 0.868890702724457 0.985172241926193 1.09022158384323 1.17600211501122 1.18781867623329 1.21473553776741 1.28709384799004 1.44740080833435 1.82733553647995 2.09315317869186 2.48997473716736 2.16820996999741 2.06123828887939 2.01264417171478 2.00264525413513 1.95909529924393 2.05136919021606 2.84661420013594
-9999 -9999 -9999 -9999 -9999 -9999 -9999 -9999 -9999 -9999 -9999 -9999 -9999 -9999 -9999 -9999 -9999 -9999 -9999 -9999 -9999 -9999 0.346259817481041 26.307795278728 1.06756760179996 1.10146915912628 1.19683301448822 2.09780837595463 1.96548530459404 1.46477580070496 1.06385368108749 1.08049401640892 1.06310945749283 0.866666615009308 0.922494158148766 0.920830249786377 0.949881911277771 0.817866802215576 0.71051587164402 0.721583783626556 0.76390340924263 0.792238801717758 0.779785841703415 0.852007359266281 0.990863353013992 1.13596898317337 1.13434705138206 1.14640992879868 1.26302969455719 1.41410529613495 1.42164355516434 1.65691137313843 1.89418494701385 2.02571886777878 2.25079536437988 2.16504961252213 2.21665930747986 2.31557585299015 2.44286119937897 -9999 -9999 -9999
-9999 -9999 -9999 -9999 -9999 -9999 -9999 -9999 -9999 -9999 -9999 -9999 -9999 -9999 -9999 -9999 -9999 -9999 -9999 -9999 -9999 -9999 1.27270595729351 1.18013989925385 1.19156484305859 1.61713860929012 1.94291283935308 1.35539808869362 1.29117699712515 1.31619396060705 1.26134240627289 0.885968506336212 0.890945166349411 0.791155189275742 0.673663213849068 0.559896871447563 0.758717134594917 0.798356294631958 0.758351594209671 0.775439769029617 0.711524292826653 0.721769526600838 0.733938619494438 1.2038793861866 1.21391013264656 1.20030936598778 1.22119724750519 1.29598125815392 1.23014804720879 1.33613589406013 1.64619255065918 1.84570634365082 1.96062290668488 2.65246874094009 5.15519437193871 7.04731911420822 -9999 -9999 -9999 -9999 -9999 -9999
-9999 -9999 -9999 -9999 -9999 -9999 -9999 -9999 -9999 -9999 -9999 -9999 -9999 -9999 -9999 -9999 -9999 -9999 -9999 1.52821094755616 1.16391107439995 1.00324720144272 0.575061455368996 0.402729257941246 0.389660194516182 0.478189140558243 0.501956284046173 0.483146533370018 0.693523317575455 0.868348985910416 0.983793050050735 0.998204827308655 0.853852987289429 0.721237063407898 0.712665215134621 0.930601179599762 1.08610206842422 0.933786571025848 0.751892790198326 0.729169562458992 0.778382331132889 0.869152665138245 0.961797952651978 1.01245388388634 1.20089015364647 1.39727944135666 1.56028425693512 1.56239247322083 1.44718497991562 1.44961255788803 2.01960057020187 2.01960057020187 -9999 -9999 -9999 -9999 -9999 -9999 -9999 -9999 -9999 -9999
-9999 -9999 -9999 -9999 -9999 -9999 -9999 -9999 -9999 -9999 -9999 -9999 -9999 -9999 -9999 -9999 -9999 1.3935172855854 1.1631932258606 0.885133802890778 0.62658978626132 0.369429096579552 0.373378403484821 0.404237732291222 0.504184383898973 0.622930772602558 0.741753593087196 0.536329239606857 0.724988266825676 0.804302304983139 1.02921429276466 0.993449717760086 0.958579301834106 1.29115757346153 1.22501581907272 1.28183296322823 0.938854604959488 1.10623517632484 0.958812296390533 0.962997704744339 0.871287167072296 0.72339802980423 0.731197670102119 1.13693234324455 1.39965561032295 1.68240094184875 1.69639939069748 1.93922567367554 2.35309088230133 1.31702761352062 1.31702765822411 1.44927201540239 -9999 -9999 -9999 -9999 -9999 -9999 -9999 -9999 -9999 -9999
-9999 -9999 -9999 -9999 -9999 -9999 -9999 -9999 -9999 -9999 -9999 -9999 -9999 -9999 0.925594568252563 1.01226872205734 1.11137395352125 1.12217572331429 0.909096904098988 0.64673774689436 0.488588064908981 0.401486054062843 0.423356428742409 0.507290035486221 0.587719649076462 0.728548943996429 0.977021723985672 0.915563374757767 0.960860073566437 1.05418467521667 1.02364504337311 1.29580047726631 1.38205790519714 1.27755832672119 1.27430185675621 1.38662311434746 1.36072719097137 1.0936267375946 1.00084009766579 0.981414288282394 0.879537642002106 0.895810604095459 0.839079558849335 0.922583341598511 1.49478095769882 1.50664079189301 1.39679369330406 1.77519822120667 2.09138667583466 1.97033393383026 2.45465630292892 2.85336720943451 -9999 -9999 -9999 -9999 -9999 -9999 -9999 -9999 -9999 -9999
-9999 -9999 -9999 -9999 -9999 -9999 -9999 -9999 -9999 -9999 -9999 3.60088312625885 0.70510321855545 0.714439429342747 0.797869294881821 0.812435522675514 0.704454638063908 0.721836760640144 0.659094639122486 0.476413115859032 0.461455017328262 0.472600467503071 0.479025565087795 0.359757497906685 0.369396284222603 0.443153366446495 0.623059585690498 0.708145961165428 0.791522741317749 0.830118119716644 0.840480923652649 0.751598328351974 1.48930773139 1.59487456083298 1.26792427897453 1.18129867315292 1.40992015600204 1.29017865657806 1.1628161072731 0.893784552812576 0.712685644626617 0.794560790061951 0.944114506244659 1.24979737401009 1.45904597640038 1.40290680527687 1.42029592394829 1.50783956050873 1.64513450860977 1.67944657802582 1.74634712934494 -9999 -9999 -9999 -9999 -9999 -9999 2.48999619483948 2.24423545598984 2.43084543943405 2.72501021623611 -9999
-9999 -9999 -9999 -9999 -9999 -9999 -9999 -9999 -9999 0.842810243368149 0.683363512158394 0.371448609977961 0.374879814684391 0.492169216275215 0.570935972034931 0.528766170144081 0.547831490635872 0.585188448429108 0.444236062467098 0.407898098230362 0.395558260381222 0.342057086527348 0.354634366929531 0.355227783322334 0.366062767803669 0.40907746553421 0.510755583643913 0.75416162610054 0.629658535122871 0.507220387458801 0.495297968387604 0.736365035176277 1.6675860285759 2.09467649459839 1.65813320875168 0.78337374329567 0.728601381182671 0.857565969228745 0.74697133898735 0.663763269782066 0.758886426687241 0.896398991346359 1.04432210326195 1.43432655930519 1.68373703956604 1.59452033042908 1.46538886427879 1.38088801503181 1.44237577915192 1.6638463139534 1.76031696796417 1.81699043512344 1.64851099252701 1.98838242888451 1.71410264968872 2.08118990063667 2.04152208566666 1.92055463790894 1.98703882098198 2.08499291539192 2.02039206027985 2.28646011650562
-9999 -9999 -9999 -9999 -9999 1.06720903515816 0.900499999523163 0.804399713873863 0.664538562297821 0.703240692615509 0.683824650943279 0.496475011110306 0.352910086512566 0.352910064160824 0.213703617453575 0.213634014129639 0.207328476011753 0.203103885054588 0.283601336181164 0.270322680473328 0.265406459569931 0.269453443586826 0.355076104402542 0.36912763863802 0.345984265208244 0.324451804161072 0.346399113535881 0.367790758609772 0.392959356307983 0.403920918703079 0.509800806641579 0.596664011478424 0.736122965812683 1.78758680820465 1.8123065829277 0.941635966300964 0.764228761196136 0.664139002561569 0.643959313631058 0.613780751824379 0.634429603815079 0.775533467531204 0.867492020130157 0.858784675598145 1.27288573980331 1.4764606654644 1.50605446100235 1.3906469643116 1.40051677823067 1.45386976003647 1.55309897661209 1.65171235799789 1.78884100914001 1.90662664175034 1.997085750103 1.85816305875778 1.70750749111176 1.76559394598007 1.84059655666351 1.92854243516922 1.97627073526382 1.93078964948654
-9999 -9999 -9999 -9999 -9999 0.681527584791183 0.559335373342037 0.492154061794281 0.470309168100357 0.379458501935005 0.353410005569458 0.397528722882271 0.386921167373657 0.348942987620831 0.283836431801319 0.291986770927906 0.322670817375183 0.325275287032127 0.362978260964155 0.279012098908424 0.276435524225235 0.279473640024662 0.328540474176407 0.347743190824986 0.355690464377403 0.339467234909534 0.344057880342007 0.363030038774014 0.402775123715401 0.495388895273209 0.563815802335739 0.641910329461098 0.761374711990356 1.18342977762222 1.16219526529312 0.749519482254982 0.657772153615952 0.600817143917084 0.53395003080368 0.495240300893784 0.634567245841026 0.706566140055656 0.681491240859032 0.861917495727539 0.899950504302979 1.05097344517708 1.39159682393074 1.51854515075684 1.38146504759789 1.39420938491821 1.41775918006897 1.41590496897697 1.51882749795914 1.58917325735092 1.60389715433121 1.66973251104355 1.59630507230759 1.5434957742691 1.50339049100876 1.66157054901123 1.77884155511856 1.88339745998383
-9999 -9999 -9999 -9999 -9999 0.526212394237518 0.483975023031235 0.453801959753036 0.459978774189949 0.419301196932793 0.347919300198555 0.369554154574871 0.350246518850327 0.348774164915085 0.330632552504539 0.337519370019436 0.300681665539742 0.306899540126324 0.323662161827087 0.376465156674385 0.359943933784962 0.374718300998211 0.376567974686623 0.371768094599247 0.351960271596909 0.359106682240963 0.367720507085323 0.37578459084034 0.392315313220024 0.437797620892525 0.539102554321289 0.653603821992874 0.914984196424484 1.05371877551079 0.890787810087204 0.712192922830582 0.589755401015282 0.549871891736984 0.539605423808098 0.485717967152596 0.502222269773483 0.666855409741402 0.731267675757408 0.786731600761414 0.803610384464264 0.91156080365181 1.32214906811714 1.509257376194 1.43723130226135 1.37780356407166 1.54099094867706 1.45144414901733 1.42635217308998 1.43284893035889 1.43224114179611 1.32054045796394 1.18656134605408 1.12969708442688 1.26356837153435 1.4637933075428 1.74445205926895 2.01723343133926
-9999 -9999 -9999 -9999 -9999 0.513167157769203 0.482546612620354 0.385189041495323 0.409375458955765 0.379640534520149 0.334227874875069 0.332908295094967 0.334067545831203 0.37404877692461 0.371918678283691 0.362317778170109 0.319196708500385 0.344743341207504 0.352652348577976 0.357027992606163 0.352781407535076 0.366042673587799 0.363728106021881 0.374460764229298 0.377890437841415 0.360049076378345 0.362065002322197 0.36580516397953 0.374097973108292 0.391843736171722 0.41140191257 0.581753745675087 0.777067601680756 1.02946928143501 0.835305064916611 0.560561612248421 0.492141768336296 0.560760542750359 0.502300098538399 0.464152470231056 0.400972098112106 0.436153158545494 0.668242871761322 0.837594777345657 0.986120134592056 1.23968768119812 1.02271610498428 1.061513453722 1.17316183447838 1.3915947675705 1.75439697504044 1.57586699724197 1.37361985445023 1.34313386678696 1.23260459303856 1.10856199264526 1.19789510965347 1.31432604789734 1.42258751392365 1.52795988321304 1.73386770486832 1.69739878177643
-9999 -9999 -9999 -9999 -9999 0.387868210673332 0.385611400008202 0.366683408617973 0.356575593352318 0.35675136744976 0.343674570322037 0.337126538157463 0.35137528181076 0.294768020510674 0.316512264311314 0.351910226047039 0.375288605690002 0.381153479218483 0.366764813661575 0.35494302213192 0.352288641035557 0.362143144011497 0.376994624733925 0.373229272663593 0.372099861502647 0.362938709557056 0.362643085420132 0.372108265757561 0.386468276381493 0.395318627357483 0.418102964758873 0.593346431851387 0.902254521846771 0.903519183397293 0.802888512611389 0.629400461912155 0.469642907381058 0.480187609791756 0.403362393379211 0.367161780595779 0.350866265594959 0.458874732255936 0.76841738820076 1.00826159119606 1.20264226198196 1.39907285571098 1.31252020597458 1.7029777765274 2.07400631904602 2.33738976716995 1.87829500436783 1.51241683959961 1.34302747249603 1.23869866132736 1.16276594996452 1.2466413974762 1.3445166349411 1.3767317533493 1.44037029147148 1.46493923664093 1.61458539962769 1.65409594774246
