EcologicalScience/Bass/data/rs_data_bass/chl_430.asc
NCOLS 226 
NROWS 124 
XLLCORNER -9.41648524995501 
YLLCORNER 47.587301625531 
CELLSIZE 0.0833 
NODATA_value -9999 
[rows 0 to 26 of 124, columns 62 to 123 of 226]
-9999 -9999 -9999 -9999 -9999 -9999 -9999 -9999 -9999 -9999 -9999 -9999 -9999 -9999 -9999 -9999 -9999 -9999 -9999 -9999 -9999 -9999 -9999 -9999 -9999 -9999 -9999 -9999 -9999 -9999 -9999 -9999 -9999 -9999 -9999 -9999 -9999 -9999 -9999 -9999 -9999 -9999 -9999 -9999 -9999 -9999 -9999 -9999 -9999 -9999 -9999 -9999 -9999 -9999 -9999 -9999 -9999 -9999 -9999 -9999 -9999 -9999
-9999 -9999 -9999 -9999 -9999 -9999 -9999 -9999 -9999 -9999 -9999 -9999 -9999 -9999 -9999 -9999 -9999 -9999 -9999 -9999 -9999 -9999 -9999 -9999 -9999 -9999 -9999 -9999 -9999 -9999 -9999 -9999 -9999 -9999 -9999 -9999 -9999 -9999 -9999 -9999 -9999 -9999 -9999 -9999 -9999 -9999 -9999 -9999 -9999 -9999 -9999 -9999 -9999 -9999 -9999 -9999 -9999 -9999 -9999 -9999 -9999 -9999
-9999 -9999 -9999 -9999 -9999 -9999 -9999 -9999 -9999 -9999 -9999 -9999 -9999 -9999 -9999 -9999 -9999 -9999 -9999 -9999 -9999 -9999 -9999 -9999 -9999 -9999 -9999 -9999 -9999 -9999 -9999 -9999 -9999 -9999 -9999 -9999 -9999 -9999 -9999 -9999 -9999 -9999 -9999 -9999 -9999 -9999 -9999 -9999 -9999 -9999 -9999 -9999 -9999 -9999 -9999 -9999 -9999 -9999 -9999 -9999 -9999 -9999
-9999 -9999 -9999 -9999 -9999 -9999 -9999 -9999 -9999 -9999 -9999 -9999 -9999 -9999 -9999 -9999 -9999 -9999 -9999 -9999 -9999 -9999 -9999 -9999 -9999 -9999 -9999 -9999 -9999 -9999 -9999 -9999 -9999 -9999 -9999 -9999 -9999 -9999 -9999 -9999 -9999 -9999 -9999 -9999 -9999 -9999 -9999 -9999 -9999 -9999 -9999 -9999 -9999 -9999 -9999 -9999 -9999 -9999 -9999 -9999 -9999 -9999
-9999 -9999 -9999 -9999 -9999 -9999 -9999 -9999 -9999 -9999 -9999 -9999 -9999 -9999 -9999 -9999 -9999 -9999 -9999 -9999 -9999 -9999 -9999 -9999 -9999 -9999 -9999 -9999 -9999 -9999 -9999 -9999 -9999 -9999 -9999 -9999 -9999 -9999 -9999 -9999 -9999 -9999 -9999 -9999 -9999 -9999 -9999 -9999 -9999 -9999 -9999 -9999 -9999 -9999 -9999 -9999 -9999 -9999 -9999 -9999 -9999 -9999
-9999 -9999 -9999 -9999 -9999 -9999 -9999 -9999 -9999 -9999 -9999 -9999 -9999 -9999 -9999 -9999 -9999 -9999 -9999 -9999 -9999 -9999 -9999 -9999 -9999 -9999 -9999 -9999 0.63735419511795 1.41943102574697 30.4297657012939 10.344206571579 5.11714196205139 3.16385614871979 2.21653193235397 1.58716195821762 1.29879373311996 1.2115815281868 1.30062371492386 1.34266573190689 1.36880779266357 1.08068025112152 1.02349349856377 0.976865977048874 0.920777231454849 0.81683474779129 0.845765233039856 0.798047214746475 0.828833252191544 0.836581528186798 0.957770973443985 1.1918782889843 1.4011350274086 1.06542375683784 1.12675273418427 1.18030652403831 0.971548497676849 1.14122253656387 1.26084896922112 1.36229476332664 1.24930572509766 1.04367229342461
-9999 -9999 -9999 -9999 -9999 -9999 -9999 -9999 -9999 -9999 -9999 -9999 -9999 -9999 -9999 -9999 -9999 -9999 -9999 -9999 -9999 -9999 -9999 -9999 -9999 -9999 1.18186515569687 1.0627324283123 11.8207633495331 5.86161732673645 10.7423865795135 11.6592106819153 4.52270257472992 3.29160976409912 2.15273469686508 1.50198072195053 1.39111572504044 1.30888652801514 1.41288828849792 1.39798647165298 1.51831948757172 1.15624952316284 1.12912952899933 1.08667945861816 1.08678004145622 1.17340797185898 1.24956902861595 1.13470271229744 1.22998121380806 1.28419053554535 1.48429727554321 1.38446098566055 1.09796547889709 1.029401242733 0.965371459722519 0.889697223901749 1.45766401290894 1.24143299460411 1.20120826363564 1.06314450502396 1.04148003458977 0.980135232210159
-9999 -9999 -9999 -9999 -9999 -9999 -9999 -9999 -9999 -9999 -9999 -9999 -9999 -9999 -9999 -9999 -9999 -9999 -9999 -9999 -9999 -9999 -9999 -9999 -9999 -9999 1.18186515569687 13.3662149906158 5.7465158700943 10.1207764148712 8.9826078414917 6.65977692604065 3.65728640556335 2.53430843353271 1.7532554268837 1.35787796974182 1.26556348800659 1.32911923527718 1.41219154000282 1.72956526279449 2.20640033483505 1.57182222604752 1.49098572134972 1.45585951209068 1.45989453792572 1.66552573442459 1.7083552479744 1.83092468976974 1.43366476893425 1.72926145792007 2.72918397188187 2.65818071365356 1.02166950702667 0.961896032094955 1.28122499585152 1.46277746558189 1.56754875183105 1.18714275956154 0.990898489952087 0.810164272785187 0.792928487062454 0.749762266874313
-9999 -9999 -9999 -9999 -9999 -9999 -9999 -9999 -9999 -9999 -9999 -9999 -9999 -9999 -9999 -9999 -9999 -9999 -9999 -9999 -9999 -9999 -9999 -9999 -9999 -9999 2.7069119811058 22.6889634132385 5.29869139194489 2.7282532453537 3.65451979637146 3.54484891891479 2.58374029397964 2.46575099229813 1.46950873732567 1.36692523956299 1.34834548830986 1.31129479408264 1.41875696182251 1.67012017965317 2.0228887796402 1.51973479986191 1.50893622636795 1.50039374828339 1.43424001336098 1.43555921316147 1.75952178239822 1.33207502961159 1.15703022480011 1.16020345687866 1.61769068241119 3.04236817359924 2.37122994661331 2.090511739254 1.70564103126526 1.41099071502686 1.17429596185684 1.11066976189613 0.959956526756287 0.729635998606682 0.595131754875183 0.637982234358788
-9999 -9999 -9999 -9999 -9999 -9999 -9999 -9999 -9999 -9999 -9999 -9999 -9999 -9999 -9999 -9999 -9999 -9999 -9999 -9999 -9999 -9999 -9999 -9999 -9999 1.19121462106705 0.925809037685394 6.63773059844971 6.95995759963989 1.18437901139259 2.10445117950439 1.76670974493027 1.91924929618835 1.52899575233459 1.29446026682854 1.33410903811455 1.30684947967529 1.22564175724983 1.17386323213577 1.27269825339317 1.52436071634293 1.37318551540375 1.27468648552895 1.38468378782272 1.40430602431297 2.11391401290894 1.28763377666473 1.17714750766754 1.13148826360703 1.00358775258064 0.760697990655899 1.85381323099136 1.78296893835068 1.76669704914093 1.921646296978 1.37334975600243 0.829172998666763 0.641774252057076 0.553600519895554 0.519338250160217 0.623147249221802 0.643054515123367
-9999 -9999 -9999 -9999 -9999 -9999 -9999 -9999 -9999 -9999 -9999 -9999 -9999 -9999 -9999 -9999 -9999 -9999 -9999 -9999 -9999 -9999 -9999 -9999 -9999 4.7328554391861 3.03164398670197 2.6649164557457 1.82616752386093 1.4468640089035 1.35268726944923 1.35172802209854 1.37576177716255 1.36397847533226 1.32703721523285 1.36659747362137 1.53790354728699 1.67630249261856 1.92027372121811 1.63119971752167 1.60797071456909 1.47757422924042 1.35882970690727 1.33498200774193 1.79423993825912 1.77284556627274 1.19372472167015 0.995607733726501 0.895606487989426 0.799475222826004 0.99199578166008 1.47217503190041 1.6943017244339 1.37346598505974 0.927956968545914 0.597635239362717 0.612410992383957 0.531956255435944 0.462468758225441 0.463439270853996 0.69199275970459 0.806019008159637
-9999 -9999 -9999 -9999 -9999 -9999 -9999 -9999 -9999 -9999 -9999 -9999 -9999 -9999 -9999 -9999 -9999 -9999 -9999 -9999 -9999 -9999 -9999 -9999 1.31647038459778 4.41943287849426 1.81094473600388 1.06445923447609 1.15377223491669 1.12532177567482 1.10579547286034 1.27242225408554 1.25274896621704 1.29726523160934 1.29522076249123 1.50314319133759 1.50197768211365 1.47489827871323 1.5868154168129 1.68452847003937 1.70336920022964 1.69029146432877 1.79010683298111 1.68097883462906 1.56456452608109 1.46345248818398 1.30855125188828 1.05565121769905 0.845622003078461 0.853607207536697 0.930432736873627 0.86941123008728 0.697286993265152 0.613942489027977 0.558156743645668 0.475154265761375 0.530520021915436 0.578805729746819 0.609575986862183 0.90716028213501 1.03818225860596 0.976504504680634
-9999 -9999 -9999 -9999 -9999 -9999 -9999 -9999 -9999 -9999 -9999 -9999 -9999 -9999 -9999 -9999 -9999 -9999 -9999 -9999 -9999 -9999 -9999 1.50594073534012 4.39797735214233 4.96556174755096 1.51901471614838 1.07514452934265 0.952244997024536 0.913776755332947 1.03621950745583 1.02174228429794 0.955328285694122 1.05761995911598 1.13451147079468 1.36368003487587 1.23587921261787 1.37346303462982 1.41002252697945 1.42042726278305 1.50117516517639 1.6518217921257 1.46342477202415 1.31283527612686 1.34716871380806 1.50064945220947 0.996516019105911 0.8737972676754 0.784965723752975 0.881922751665115 0.755924999713898 0.590135246515274 0.524261981248856 0.47722801566124 0.49106776714325 0.65141549706459 0.639805510640144 0.762904465198517 0.907140791416168 0.997102528810501 1.23316875100136 1.6698083281517
-9999 -9999 -9999 -9999 -9999 -9999 -9999 -9999 -9999 -9999 -9999 -9999 -9999 -9999 -9999 -9999 -9999 -9999 -9999 -9999 -9999 -9999 2.1521430015564 1.89528894424438 2.68009132146835 1.90424698591232 1.28397676348686 1.0210747718811 1.05008921027184 1.08377096056938 1.13007000088692 1.09599673748016 1.00088846683502 1.1265315413475 1.31499221920967 1.25059649348259 1.36100247502327 1.29112422466278 1.26464778184891 1.45207723975182 1.22620126605034 0.976204544305801 1.00612351298332 1.08291149139404 1.16465476155281 1.41336679458618 0.724779009819031 0.75976350903511 0.669363006949425 0.625209733843803 0.598014771938324 0.526260763406754 0.590312987565994 0.673881769180298 0.794037044048309 0.806608468294144 1.34927853941917 1.32819378376007 1.26686176657677 1.2671745121479 1.8421425819397 1.96563827991486
-9999 -9999 -9999 -9999 -9999 -9999 -9999 -9999 -9999 -9999 -9999 -9999 -9999 -9999 -9999 -9999 -9999 -9999 -9999 -9999 2.64602583646774 2.20528468888074 1.84114193916321 2.81231099367142 2.39386278390884 1.38930979371071 1.20011249184608 1.1344912648201 1.12541404366493 1.12214621901512 1.02768748998642 1.00750198960304 0.921618014574051 0.908100038766861 1.03861802816391 1.294682264328 1.54029446840286 1.31458649039268 1.12456199526787 1.23295497894287 1.46708697080612 1.24797222018242 1.01140576601028 0.898017793893814 0.830600291490555 0.834911227226257 0.866029500961304 0.726494997739792 0.638273254036903 0.639148503541946 0.634305730462074 0.615516006946564 0.538049250841141 0.569756984710693 0.675074234604836 0.773140490055084 1.02049425244331 1.4395267367363 1.41523200273514 1.68157052993774 1.57848966121674 1.77461403608322
-9999 -9999 -9999 -9999 -9999 -9999 -9999 -9999 -9999 -9999 -9999 -9999 -9999 -9999 -9999 -9999 -9999 -9999 -9999 -9999 2.35635084032748 1.63497650623322 1.76538741588593 1.82121223211288 1.39790323376656 1.35784649848938 1.23761996626854 1.2344137430191 1.16854351758957 1.10636553168297 1.07604074478149 1.01507252454758 0.947673708200455 0.901255488395691 0.954063713550568 1.12959748506546 1.40694826841354 1.49261927604675 1.59740316867828 1.35348147153854 1.35962328314781 1.26890176534653 0.816908955574036 0.646759495139122 0.635976746678352 0.712353765964508 0.819205462932587 0.718131020665169 0.670896738767624 0.816382527351379 0.899691760540009 0.948320209980011 0.789873719215393 0.538734018802643 0.552550479769707 0.654851227998734 1.09466475248337 1.51145106554031 1.55226230621338 1.60066044330597 1.81332528591156 1.66358327865601
-9999 -9999 -9999 -9999 -9999 -9999 -9999 -9999 -9999 -9999 -9999 -9999 -9999 -9999 -9999 -9999 -9999 -9999 -9999 2.39276468753815 1.83256870508194 1.88082593679428 1.63877695798874 1.502077460289 1.24551898241043 1.37947726249695 1.34479799866676 0.932969212532043 1.01061370968819 1.05627304315567 1.04843178391457 0.967952996492386 0.895096510648727 0.919236034154892 1.00014898180962 1.19635874032974 1.4727089703083 1.89965844154358 1.58415001630783 1.2936495244503 0.963457524776459 0.896571010351181 0.757185727357864 0.709520995616913 0.768208533525467 0.664616256952286 0.87774521112442 0.824697017669678 0.720773264765739 0.82056525349617 1.21064928174019 1.94336843490601 2.52815991640091 1.901162981987 2.00325000286102 1.70308417081833 1.87396270036697 1.79034751653671 1.86339372396469 1.80867522954941 1.71231007575989 1.74536329507828
-9999 -9999 -9999 -9999 -9999 -9999 -9999 -9999 -9999 -9999 -9999 -9999 -9999 -9999 -9999 -9999 -9999 -9999 3.92872202396393 3.09606885910034 6.50462508201599 2.44628477096558 1.82431644201279 1.67304825782776 1.49889296293259 1.19682678580284 0.979893028736115 0.875881522893906 0.8553247153759 0.969182252883911 1.02452704310417 1.16787600517273 1.17778122425079 1.16726025938988 1.22686877846718 1.37387403845787 1.31763526797295 1.30453500151634 1.11952874064445 1.05785849690437 1.01278495788574 0.914685040712357 0.796501457691193 0.794665485620499 0.739239022135735 0.602988749742508 1.24287003278732 1.07709449529648 1.16559451818466 1.42061698436737 2.22317183017731 2.55083853006363 2.17763471603394 2.74381041526794 2.16785627603531 2.0421239733696 1.65122848749161 1.8219832777977 1.59673726558685 1.6703115105629 1.89975303411484 1.61433076858521
-9999 -9999 -9999 -9999 -9999 -9999 -9999 -9999 -9999 -9999 -9999 -9999 -9999 -9999 -9999 -9999 -9999 36.1866871073276 4.38091814517975 12.2399525642395 4.38861215114594 3.08169615268707 2.67665630578995 2.56016099452972 1.85282850265503 1.27630797028542 1.0677630007267 0.899209499359131 0.829789459705353 0.858416229486465 0.925298273563385 1.09153354167938 1.17231452465057 1.32992327213287 1.41197928786278 1.36962077021599 1.25879779458046 1.22314873337746 1.15576949715614 1.04456099867821 1.09051948785782 0.984670490026474 0.8113012611866 0.749568745493889 0.631402507424355 0.562853246927261 0.48215626180172 0.882854282855988 1.38718199729919 1.59399819374084 1.97984021902084 1.99386745691299 2.5540754199028 3.07436084747314 3.18117821216583 2.53016102313995 2.1095062494278 1.7441782951355 1.81085103750229 1.894835293293 1.71421641111374 1.55471169948578
-9999 -9999 -9999 -9999 -9999 -9999 -9999 -9999 -9999 -9999 -9999 -9999 -9999 -9999 -9999 -9999 -9999 -9999 -9999 4.20053350925446 1.90471208095551 3.70121848583221 3.74722802639008 2.81969922780991 2.37258142232895 1.59603595733643 1.02634352445602 0.890686511993408 0.850390523672104 0.937134772539139 1.03906497359276 1.2352109849453 1.1368867456913 1.14201754331589 1.40637901425362 1.49036622047424 1.27346473932266 1.14138454198837 1.06854897737503 0.963867723941803 0.900726020336151 0.903065979480743 0.88592854142189 0.887261241674423 0.749518498778343 0.667072489857674 0.443055734038353 0.381482988595963 0.423979505896568 0.47569951415062 1.39774578809738 1.98798823356628 3.53851282596588 3.54686307907104 2.50792193412781 2.2863262295723 2.17914891242981 2.26213055849075 2.09336400032043 1.81604397296906 1.27089974284172 0.988606542348862
-9999 -9999 -9999 -9999 -9999 -9999 -9999 -9999 -9999 -9999 -9999 -9999 -9999 -9999 -9999 4.80533448132602 4.76718979532068 7.54918742179871 2.60690331459045 1.83201223611832 1.77467107772827 2.93942695856094 2.69428431987762 2.19723683595657 1.67344880104065 1.57098591327667 1.33599302172661 1.29706951975822 1.31508600711823 1.18596151471138 1.46490222215652 1.54741501808167 1.21939346194267 1.18226775527 1.44702449440956 1.54065299034119 1.38541129231453 1.2003487944603 0.955332040786743 0.863421767950058 0.879990041255951 0.986351251602173 0.836370706558228 0.696239233016968 0.660738006234169 0.588178485631943 0.529108509421349 0.377973765134811 0.374382756650448 0.364988252520561 1.19741776585579 1.55747473239899 1.39805853366852 1.85369020700455 2.03022676706314 1.66972804069519 1.40615245699883 2.83763998746872 3.03697657585144 2.62762570381165 1.3234980404377 0.703947007656097
-9999 -9999 -9999 -9999 -9999 -9999 -9999 -9999 -9999 -9999 35.2986888885498 35.2986888885498 13.7248649597168 8.11980456113815 13.0674734115601 6.17733550071716 5.96435987949371 3.29929053783417 2.8836225271225 2.52542102336884 3.51342916488647 2.87447029352188 2.65473604202271 3.115567445755 3.06952357292175 2.6712321639061 2.19391947984695 2.30940145254135 2.00653731822968 1.85454225540161 2.19510751962662 2.09360933303833 2.24692797660828 1.87508404254913 1.70430082082748 1.93991106748581 1.71752393245697 1.26126372814178 0.870402753353119 0.738423004746437 0.63034576177597 0.62729474902153 0.556437000632286 0.530088767409325 0.499487265944481 0.461190730333328 0.428124010562897 0.379099488258362 0.373517990112305 0.35445374250412 0.428187757730484 0.397542759776115 0.382646262645721 0.538443759083748 0.510468766093254 0.715302005410194 0.692930996417999 0.725555241107941 2.65206527709961 1.41991871595383 1.45851597189903 1.35716021060944
-9999 -9999 -9999 -9999 -9999 -9999 -9999 -9999 -9999 -9999 35.2986888885498 12.4437323445859 5.76705086231232 3.41684782505035 3.51644289493561 5.45305502414703 5.65421330928802 15.8258835375309 2.75067183889192 2.25525603482598 5.57435488700867 2.71462494134903 2.8059629201889 2.88459974527359 6.74588227272034 5.67259204387665 4.07656967639923 3.31546783447266 3.00615298748016 2.45315033197403 2.3541247844696 2.25662630796432 2.33439069986343 3.42906224727631 5.02802181243896 3.31725239753723 1.92024457454681 1.48222723603249 0.772398769855499 0.686622753739357 0.694931253790855 0.618162766098976 0.540467262268066 0.472242012619972 0.409359768033028 0.368330240249634 0.354952499270439 0.374935492873192 0.389601767063141 0.378828004002571 0.429673478007317 0.423826485872269 0.465470239520073 0.55918125808239 0.587320491671562 1.04342553019524 1.46123403310776 1.00389298796654 1.3250595331192 1.49469897150993 1.09300947189331 1.2936854660511
-9999 -9999 -9999 -9999 -9999 -9999 -9999 -9999 -9999 -9999 -9999 -9999 -9999 4.40727317333221 4.02046090364456 3.45416298508644 -9999 -9999 -9999 -9999 -9999 -9999 7.18972220420837 1.29392096400261 3.55646771192551 2.19265204668045 7.68419337272644 12.1436491012573 14.9091868400574 8.38083100318909 12.2056374549866 5.33901965618134 1.36851301789284 1.08917704224586 1.44589278101921 1.20596024394035 0.688219517469406 0.607300490140915 0.55688251554966 0.569933250546455 0.626981243491173 0.559761732816696 0.472688242793083 0.417585745453835 0.381710261106491 0.378387004137039 0.371243253350258 0.4101442694664 0.437490731477737 0.490626007318497 0.574701011180878 0.742050021886826 0.654872238636017 0.714462742209435 0.615770235657692 0.51852522790432 0.417770236730576 0.619523987174034 0.545316740870476 0.476820006966591 0.45744900405407 0.443460747599602
-9999 -9999 -9999 -9999 -9999 -9999 -9999 -9999 -9999 -9999 -9999 -9999 -9999 16.6274771690369 16.6274771690369 16.6274771690369 -9999 -9999 -9999 -9999 -9999 -9999 4.94490551948547 4.94490551948547 4.94490551948547 0.308659605681896 11.0057804584503 5.51494574546814 19.4385566711426 12.7758893966675 3.17996335029602 37.0958032608032 6.88548374176025 6.47076916694641 2.26166474819183 1.1345519721508 1.51509301364422 0.478208988904953 0.478198483586311 0.555597022175789 0.577725738286972 0.48318900167942 0.383634746074677 0.37601999938488 0.393585741519928 0.356016755104065 0.344015993177891 0.395953506231308 0.4166070073843 0.481376990675926 0.679904267191887 0.862191706895828 0.974798977375031 0.947649031877518 1.06051048636436 0.69760425388813 0.435072764754295 0.403468519449234 0.450527250766754 0.518303990364075 0.511018484830856 0.464544743299484
-9999 -9999 -9999 -9999 -9999 -9999 -9999 -9999 -9999 -9999 -9999 -9999 -9999 -9999 -9999 -9999 -9999 -9999 -9999 -9999 -9999 -9999 -9999 -9999 -9999 -9999 1.60546101629734 13.6975615024567 2.01863318681717 1.14702299237251 7.22891473770142 2.64320433139801 3.01541814208031 9.18730616569519 12.1745009422302 2.18889302015305 0.805134773254395 0.57252824306488 0.514946267008781 0.449617490172386 0.457785755395889 0.442277267575264 0.517685249447823 0.51045598089695 0.441102728247643 0.417170986533165 0.374039992690086 0.357234008610249 0.411099761724472 0.450852021574974 0.61412250995636 0.698345258831978 0.715337231755257 0.594155251979828 0.617061764001846 0.56293348968029 0.581679001450539 0.463098764419556 0.414998978376389 0.464128509163857 0.46544998884201 0.515698492527008
-9999 -9999 -9999 -9999 -9999 -9999 -9999 -9999 -9999 -9999 -9999 -9999 -9999 -9999 -9999 -9999 -9999 -9999 -9999 -9999 -9999 -9999 -9999 -9999 -9999 -9999 -9999 2.23103306243117 1.36611449718475 15.9435126781464 14.1668181419373 58.854829788208 32.1556921005249 20.8982734680176 7.29583525657654 2.64784419536591 0.952072530984879 0.590155497193336 0.59155797958374 0.485978990793228 0.537092238664627 0.720639020204544 0.764969229698181 0.746028006076813 0.501903757452965 0.420861750841141 0.367626003921032 0.381302252411842 0.398890480399132 0.367478996515274 0.421983763575554 0.472602009773254 0.435252740979195 0.423726752400398 0.446347519755363 0.540699005126953 0.453436508774757 0.441954731941223 0.504018008708954 0.547850981354713 0.777458220720291 0.939806967973709
