EcologicalScience/Bass/data/rs_data_bass/chl_405.asc
NCOLS 226 
NROWS 124 
XLLCORNER -9.41648524995501 
YLLCORNER 47.587301625531 
CELLSIZE 0.0833 
NODATA_value -9999 
[rows 81 to 107 of 124, columns 62 to 123 of 226]
3.85158455371857 5.97498106956482 7.6620512008667 7.66205191612244 -9999 -9999 -9999 -9999 -9999 -9999 -9999 -9999 -9999 -9999 -9999 -9999 -9999 -9999 -9999 -9999 -9999 -9999 -9999 -9999 -9999 -9999 -9999 -9999 -9999 -9999 -9999 -9999 -9999 -9999 -9999 -9999 -9999 -9999 -9999 -9999 -9999 -9999 -9999 -9999 -9999 -9999 -9999 -9999 -9999 -9999 -9999 -9999 -9999 -9999 -9999 -9999 -9999 -9999 -9999 -9999 -9999 -9999
3.24804951959443 -9999 -9999 -9999 -9999 -9999 -9999 -9999 -9999 -9999 -9999 -9999 -9999 -9999 -9999 -9999 -9999 -9999 -9999 -9999 -9999 -9999 -9999 -9999 -9999 -9999 -9999 -9999 -9999 -9999 -9999 -9999 -9999 -9999 -9999 -9999 -9999 -9999 -9999 -9999 -9999 -9999 -9999 -9999 -9999 -9999 -9999 -9999 -9999 -9999 -9999 -9999 -9999 -9999 -9999 -9999 -9999 -9999 -9999 -9999 -9999 -9999
-9999 -9999 -9999 -9999 -9999 -9999 -9999 -9999 -9999 -9999 -9999 -9999 -9999 -9999 -9999 -9999 -9999 -9999 -9999 -9999 -9999 -9999 -9999 -9999 -9999 -9999 -9999 -9999 -9999 -9999 -9999 -9999 -9999 -9999 -9999 -9999 -9999 -9999 -9999 -9999 -9999 -9999 -9999 -9999 -9999 -9999 -9999 -9999 -9999 -9999 -9999 -9999 -9999 -9999 -9999 -9999 -9999 -9999 -9999 -9999 -9999 -9999
-9999 -9999 -9999 -9999 -9999 -9999 -9999 -9999 -9999 -9999 -9999 -9999 -9999 -9999 -9999 -9999 -9999 -9999 -9999 -9999 -9999 -9999 -9999 -9999 -9999 -9999 -9999 -9999 -9999 -9999 -9999 -9999 -9999 -9999 -9999 -9999 -9999 -9999 -9999 -9999 -9999 -9999 -9999 -9999 -9999 -9999 -9999 -9999 -9999 -9999 -9999 -9999 -9999 -9999 -9999 -9999 -9999 6.68232026609402 2.63774616377694 2.62839742643493 2.58532326987812 2.19603469542095
-9999 -9999 -9999 -9999 -9999 -9999 -9999 -9999 -9999 -9999 -9999 -9999 -9999 -9999 -9999 -9999 -9999 -9999 -9999 -9999 -9999 -9999 -9999 -9999 -9999 -9999 -9999 -9999 -9999 -9999 -9999 -9999 -9999 -9999 -9999 -9999 37.1749906539917 -9999 3.23324492031878 4.71457084784141 -9999 -9999 2.09667241573334 1.88858234882355 2.19080927968025 1.6395802795887 2.04023887217045 2.21854814887047 1.93957649384226 1.48747652343341 1.51610171582018 1.99937949996246 -9999 -9999 -9999 2.41295587165015 2.49859298127038 2.16375853759902 2.01924158845629 1.75235880272729 1.12377716813769 1.0131576188973
-9999 -9999 -9999 -9999 -9999 -9999 -9999 -9999 -9999 -9999 -9999 -9999 9.42973331042698 18.8354514241219 2.56100989580154 1.7646917350152 1.24305285215378 1.33047910034657 1.12509450316429 -9999 -9999 -9999 -9999 -9999 -9999 -9999 -9999 -9999 3.74173092842102 2.70798904895782 3.57664918899536 4.80023839473724 -9999 3.66949796676636 -9999 -9999 -9999 -9999 3.03391465544701 2.94994294643402 2.6805042386055 1.8814180791378 1.73231591284275 1.92035964131355 1.84194691479206 1.69068659842014 1.63419726490974 1.42547810822725 1.47625196405819 1.34123637633664 1.42676391771861 1.63639576945986 1.68707817792892 1.43252188605922 1.54341123359544 1.67289432457515 1.63267097302846 1.2670984523637 1.04685039818287 0.893801578453609 0.8806086736066 0.848722381626859
-9999 -9999 -9999 -9999 -9999 -9999 -9999 -9999 -9999 -9999 2.7837827904471 2.33684245347977 2.08647572994232 2.29301404953003 2.58881628513336 2.63472908735275 2.39026719331741 2.35001707077026 2.65377151966095 1.39799824357033 1.53443940811687 -9999 1.6973029088974 1.62526696920395 1.51293276656758 -9999 -9999 5.71689661773475 2.39879778027534 3.05812933444977 2.65809899568558 2.68789914250374 2.08873602747917 2.6359316110611 -9999 -9999 3.08580364013205 3.03597700595856 1.95175051689148 1.89607872068882 1.74104189872742 1.68559907376766 2.43198001384735 2.44420266151428 2.71715408563614 1.54069966077805 1.48444879800081 1.25686953216791 1.30294592678547 1.17365135997534 1.05340164899826 1.02719434350729 1.29297114908695 0.942044843520437 1.03162505584104 0.976849098290716 0.982970371842384 0.818175143429211 0.804264019642557 0.816667390721185 0.765937849002726 0.840179906171911
-9999 -9999 -9999 -9999 -9999 -9999 -9999 -9999 -9999 2.68162831664085 2.35354417562485 2.24901705980301 1.96414572000504 1.8718718290329 2.0102167725563 2.2512127161026 1.7597399353981 1.82501846551895 1.8800123333931 2.32419151067734 1.89544039964676 1.51736258320949 1.71698927879333 1.8209036886692 1.98611342906952 2.12063330411911 2.20716977119446 2.08896070718765 2.28078299760818 2.31242394447327 2.30250906944275 2.37199652194977 1.51516377925873 1.6663812994957 2.12482836842537 2.63307995796204 2.73000966310501 2.17294049263 1.9640186727047 1.69953583180904 2.26766399145126 2.76462972164154 2.60630393028259 2.95134741067886 1.35822552442551 1.06707447767258 1.0615199804306 1.04430621862411 0.737029496580362 0.759104065597057 0.824867574231965 0.760521546006203 0.730607986450195 0.726333014667034 0.723727977275848 0.711205445230007 0.672489937394857 0.717474583536386 0.721717951928868 0.723397314548492 0.766188814359553 0.775465631484985
-9999 -9999 -9999 -9999 -9999 -9999 -9999 -9999 -9999 1.76008951663971 2.42888510227203 2.52719955146313 1.51832324266434 1.54161608219147 1.24284070730209 1.25269617140293 1.27428862452507 1.31044954061508 1.26317963004112 1.2591652572155 1.45261014997959 1.4997952580452 1.52935315668583 1.39598554372787 1.32663971185684 1.10009500384331 1.326689645648 1.93318802118301 1.32021850347519 1.34714323282242 1.31176349520683 1.40932068228722 1.5061669126153 1.71930876374245 2.17069716453552 1.9768951177597 1.95261164009571 1.72222194075584 2.06797072291374 1.98035229742527 1.82655894756317 1.66529287397861 1.00480818003416 0.908547542989254 0.819144576787949 1.04701054096222 0.589973241090775 0.663491416722536 0.647689875215292 0.695440048521215 0.654870882630348 0.652468714118004 0.656682530045509 0.654104512929916 0.617697784304619 0.620047059655189 0.648204166442156 0.633932566818069 0.704950511455536 0.664337810128927 0.766731362789869 0.779193956404924
-9999 -9999 -9999 -9999 -9999 -9999 -9999 -9999 -9999 1.8459247648716 2.08587634563446 1.95695811510086 1.99290007352829 0.820019751787186 0.796795979142189 1.17447750270367 1.04761648178101 1.0680810213089 1.11582751572132 1.16877409815788 1.19565524160862 1.16827762126923 1.09459689259529 1.0553759932518 1.00758874416351 0.996217519044876 1.04120001196861 1.24079975485802 1.13674300909042 1.07819402217865 1.30025549871581 1.44880574941635 1.5056078348841 1.77001574635506 2.09103825688362 1.89946800470352 1.74496883153915 1.68328267335892 1.67364791035652 1.507652297616 1.48753595352173 1.27278770506382 0.629760190844536 0.641266129910946 0.631244827061892 0.635394372045994 0.609346132725477 0.574794501066208 0.571428168565035 0.602448505349457 0.59837303403765 0.563858014345169 0.583921545743942 0.555876967310906 0.523176240921021 0.516744595766067 0.569399446249008 0.544110562652349 0.641996225889991 0.778241246938705 0.714143458753824 0.768836237490177
2.08093196153641 0.998704493045807 1.26136475801468 1.53963478803635 -9999 -9999 -9999 1.86812822341919 2.02851697802544 1.37891319394112 1.24855121970177 1.16950276494026 1.10330924391747 0.675000488758087 0.702603995800018 0.895210526883602 0.945818223059177 1.02163202315569 0.99949199706316 0.665125995874405 0.812612503767014 0.787732779979706 0.77641624212265 0.765074729919434 0.784701466560364 0.801265984773636 0.8286492228508 0.856101244688034 1.23127394914627 0.839723544461386 0.852942715798106 1.18106466957501 1.17144814559392 1.1058693677187 1.23245579430035 1.41985337138176 1.36515187472105 1.31521012634039 1.1571529135108 1.05653709874434 1.25307715684175 0.906339442357421 0.525896988809109 0.552813570946455 0.48407309949398 0.508025430142879 0.492381568998098 0.505719568580389 0.514584369957447 0.568760278634727 0.55650695040822 0.60475932341069 0.699783250689507 0.576259157061577 0.562525731325149 0.801535195112228 0.745451706647873 0.832107871770859 1.02458323538303 0.868645334243774 0.863219100236893 0.994466958677068
0.766350746154785 0.748574987053871 0.766016274690628 1.02481824159622 1.08150923252106 1.28409829735756 1.46361672878265 1.48169213533401 1.34399811923504 1.23006749153137 0.750997133553028 0.858528770506382 0.899160611629486 0.831728607416153 0.829551346600056 0.845401525497437 0.531215488910675 0.771876007318497 0.68038272857666 0.74397935718298 0.721621513366699 0.70304000377655 0.711297005414963 0.756716728210449 0.915868520736694 0.830511510372162 0.668814741075039 0.625276129692793 0.86818054318428 0.769678870216012 0.705710228000368 0.635768238455057 0.623432993888855 0.619301989674568 0.594224512577057 0.736697271466255 0.742904059588909 0.726858772337437 0.675329919372286 0.552766118198633 0.618885206324714 0.978037878870964 0.615724286862782 0.495308071374893 0.498434350825846 0.481838621199131 0.495857264846563 0.51296653971076 0.545884679071605 0.579433891922235 0.581476831436157 0.561806816607714 0.568422183394432 0.845198231935501 0.807836079597473 0.958964798380347 0.972526552046046 1.03397381481002 1.01685670514901 1.05815098683039 1.10524133899633 0.82779706120491
0.721861481666565 0.77419576048851 0.783692210912704 0.861239731311798 0.979405030608177 1.00719264149666 1.15935190021992 0.652555741369724 0.853690668940544 1.17934991419315 1.175362855196 0.652136981487274 0.631295621395111 0.726105932146311 0.705440238118172 0.582138016819954 0.544368982315063 0.566517487168312 0.787948876619339 1.14799917971387 0.835611015558243 0.747886072844267 0.741277813911438 0.685164369642735 0.651492744684219 0.677314303815365 0.678092066198587 0.728241979144514 0.62882661446929 0.660961478948593 0.625541286433444 0.655461588731179 0.638201549649239 0.620022267103195 0.664019495248795 0.609004810452461 0.670331429690123 0.615196511149406 0.60848366362708 0.644702464342117 0.645471096038818 0.635286211967468 0.766197019815445 0.768782079219818 0.767496299743652 0.76088490486145 0.534189194440842 0.553946622647345 0.571524932049215 0.990177633131252 0.996837037451127 0.819585381369842 1.06563588801552 0.828403508663178 1.01416656374931 1.03997400578331 1.10484857418958 1.09966916547102 0.763256701827049 0.631789160626275 1.05417421986075 1.04177534580231
0.612590253353119 0.775651484727859 0.77793824672699 0.867246776819229 0.767377518117428 0.76891802251339 0.78984372317791 0.707488685846329 0.722175937145948 0.653344005346298 0.644290745258331 0.616565242409706 0.591367498040199 0.697498485445976 0.70880252122879 0.950820744037628 0.747746512293816 0.743194118142128 0.708533242344856 0.566714003682137 0.665798500180244 0.695638535544276 0.711909910663962 0.722645107437583 0.718367083984263 0.74724457445352 0.735623009826826 0.737174045780431 0.65528604760766 0.637575197964907 0.65404124557972 0.64089024066925 0.628096371889114 0.615240211997713 0.604151876909392 0.619954066617148 0.607552707195282 0.619143113493919 0.617120255317007 0.652843933020319 0.645285321133477 0.662984343511718 0.800423986033389 0.778826088497513 0.953248158973806 0.962878153512353 0.821267849206925 0.81401789188385 0.992016445187961 1.09102707224734 0.825745871976802 0.855962544679642 0.851248204708099 0.862102514505386 0.8570860683918 0.884256166219711 1.00244552493095 1.14687282631272 1.14660541450276 1.1499075766872 1.25987961888313 1.29004199802876
0.619758769869804 0.677669987082481 0.770417958498001 0.77906996011734 0.561785236001015 0.56522136926651 0.588629633188248 0.624804362654686 0.624535873532295 0.641620494425297 0.65719947963953 0.565945997834206 0.584999993443489 0.592408746480942 0.760477513074875 0.752503484487534 0.654531754553318 0.416311994194984 0.575763389468193 0.520791319012642 0.496276500821114 0.619186601601541 0.640387253835797 0.650217432528734 0.67087989607278 0.865161903202534 0.819410338997841 0.904251975672586 0.760515762493014 0.878494100911277 0.871135929356451 0.796365782618523 0.64936613291502 0.880362835369612 0.65108420593398 0.740768261253834 0.716765054634639 0.469523258507252 0.710774340799877 0.871984527299279 0.848431024112199 0.813253212916224 0.774678927400838 0.800401401260625 0.942171015237507 1.04393489746486 0.89156146645546 0.863764464855194 0.881518489122391 0.848185193538666 0.836706429719925 0.805821293592453 0.798609280586243 1.03081011772156 1.04339888691902 0.893471881747246 1.44641575217247 1.42132136539409 1.39434349536896 2.27545353770256 1.84946449995041 1.66450497508049
0.590817734599113 0.571082979440689 0.461523368954659 0.722631767392159 0.436524018645287 0.459416270256042 0.486609756946564 0.496012508869171 0.514131367206573 0.540063366293907 0.541369512677193 0.602533489465714 0.496560499072075 0.511506497859955 0.533055499196053 0.432899236679077 0.573156014084816 0.490536242723465 0.548729628324509 0.563359752297401 0.567972496151924 0.538080744445324 0.618019744753838 0.611591994762421 0.708896731336911 0.86946003139019 0.923715636134148 0.994164943695068 0.885207530699278 0.915877983570099 0.867956514869417 0.656421214342117 0.78403352200985 0.937053289852644 0.913008363623368 0.761487109320504 0.759969368577003 0.462677244096994 0.767609481300626 0.829677317823682 0.788802636521203 1.11228803326102 0.978097969293594 0.98596767783165 1.01897488832474 1.14995546340942 0.93462433218956 0.618412502110004 0.904696637392044 0.882041126489639 0.863080233335495 0.895966333150864 0.937779718637466 1.29811200499535 1.31785798072815 1.32517471909523 1.74270051717758 1.92397344112396 2.07075291872025 2.11510753631592 2.18955904559085 3.10212910175323
0.578432992100716 0.318061508238316 0.330701999366283 0.45738223940134 0.45652013272047 0.465510740876198 0.473131500184536 0.354705758392811 0.46577399969101 0.479010388255119 0.497491121292114 0.515157379209995 0.502735748887062 0.526629999279976 0.527706764638424 0.543997243046761 0.445633247494698 0.416717737913132 0.531609378755093 0.583332560956478 0.844084203243256 0.825032945941476 0.788587379104951 0.773177052245421 0.740593656897545 0.683683879673481 1.08062062193366 1.09394776821136 1.01064711107927 0.766259998083115 0.750519965376173 0.786947033235005 0.973786503076553 0.964582487940788 1.06581169366837 0.995232725143433 1.12653542160988 1.13424386382103 0.948317717103397 0.821161843836308 0.948760844328824 1.30893247127533 1.02823888063431 1.0586474776268 1.06916758418083 1.03819366693497 1.14069477915764 1.07410436272621 0.891792619228363 0.918870592117309 0.99896399974823 1.11369840502739 1.28092381954193 1.74447026252747 1.94356119632721 1.77883100509644 2.74441866718069 -9999 -9999 -9999 -9999 -9999
0.570473983883858 0.41685413941741 0.449463374912739 0.447920255362988 0.446481764316559 0.465507745742798 0.456897005438805 0.444040507078171 0.493902012705803 0.512383125722408 0.520580247044563 0.49209751188755 0.555570751428604 0.581963747739792 0.555720493197441 0.61794725060463 0.538647501784213 0.692070080953486 0.701559774577618 0.85113599896431 0.672081261873245 0.880275785923004 0.852928519248962 0.644424753529685 0.90041846036911 0.999961048364639 1.19755825996399 1.13954844258048 1.19231789778261 1.17817745038441 1.11982977390289 1.13656864847456 1.18714585048812 1.45815825462341 1.29163662876402 1.23156378098897 1.07812777161598 1.04671803116798 0.962461486458778 0.872315615415573 1.0087616622448 0.997657781839371 1.0706839621067 1.0818007349968 1.04957547783852 0.98081311583519 1.09291709065437 0.927845817804337 0.949660187959671 1.06739668250084 1.18511728048325 2.91861695051193 1.68968675136566 2.40583565158229 1.50969039025854 -9999 -9999 -9999 -9999 -9999 -9999 -9999
0.445401012897491 0.425380505621433 0.438477739691734 0.437874376773834 0.457351483404636 0.440329492092133 0.366736494004726 0.407522231340408 0.459626242518425 0.52404673397541 0.551618233323097 0.510983511805534 0.590495623648167 0.55639024078846 0.57752750813961 0.643151829347891 0.629567936939352 0.707346896914875 0.584997743368149 0.9086594581604 0.950031727552414 0.974457710981369 0.917613744735718 1.07192847132683 1.24467676877975 1.30054271221161 0.773230493068695 1.09398631453514 1.17155175699907 -9999 -9999 -9999 -9999 -9999 -9999 3.14426672458649 1.70613703557423 1.13912878632545 1.18388472497463 1.03200765252113 1.03264321088791 1.04408293962479 1.01574195027351 0.82253323495388 0.813516020774841 0.805328652262688 1.01911663413048 1.08757497668266 1.14147285819054 1.43343490362167 1.92632728815079 1.98827722072601 2.5450033475371 1.9762424826622 1.97624230384827 -9999 -9999 -9999 -9999 -9999 -9999 -9999
0.514031991362572 0.488489270210266 0.437935866415501 0.458173513412476 0.477439507842064 0.474517866969109 0.512823008000851 0.371930256485939 0.273903742432594 0.688772231340408 0.737508729100227 0.73360875248909 0.792967468500137 0.867002248764038 0.949191033840179 0.485520377755165 0.717239585869452 0.625155508518219 0.932157134308535 1.06848912729936 0.928062736988068 1.07533201575279 0.835999774932861 0.748135941369193 0.853428483009338 1.06055006735465 0.802937992981502 0.844925561121532 0.900375008583069 -9999 -9999 -9999 -9999 -9999 -9999 -9999 1.60526901483536 1.13219777494669 1.01205003261566 0.86645831912756 0.846943862736225 0.882957749068737 0.901477664709091 0.950047791004181 0.836102988570929 0.827558979392052 0.926255039870739 1.60464441776276 1.74114382266998 1.91016447544098 2.30401575565338 2.88640328816005 -9999 -9999 -9999 -9999 -9999 -9999 -9999 -9999 -9999 -9999
0.577648490667343 0.548543259501457 0.513735741376877 0.480135753750801 0.473955765366554 0.463201493024826 0.542993232607841 0.632466003298759 0.663116991519928 0.738467261195183 0.746125504374504 0.743754744529724 0.766335725784302 0.846309721469879 0.863688737154007 0.582254260778427 0.599515005946159 0.641267985105515 1.06621404605753 1.26744476291868 0.878454196070312 0.754669480919838 0.730941279530525 0.924986521987354 0.959665262699127 1.03807381321402 1.26650208234787 1.44299919815624 1.56470538938747 -9999 -9999 -9999 -9999 -9999 -9999 -9999 2.19674612844692 2.36523520946503 2.36564779281616 1.18722602725029 1.10674601793289 1.18707901239395 1.15393376350403 1.11707749962807 1.10554850101471 1.12425976991653 1.05859690904617 1.51971817016602 1.83092468976974 2.43583345413208 2.54708701372147 2.76942443847656 3.22553694248199 -9999 -9999 -9999 -9999 -9999 -9999 -9999 -9999 -9999
0.523413732647896 0.520812749862671 0.4947389960289 0.471518263220787 0.46927048265934 0.462481498718262 0.538350731134415 0.605410516262054 0.661515757441521 0.732374265789986 0.780442535877228 0.782425493001938 0.799303472042084 0.613400995731354 0.522268161177635 0.521803513169289 0.724160245236228 0.745790830429862 0.692017503082752 0.903000696617014 0.803693280500524 0.775501291541492 0.62177661806345 0.874422677792609 1.06877285242081 1.11533263538565 1.23606996238232 1.31434763967991 1.61911548461233 1.54856658922999 -9999 -9999 -9999 -9999 -9999 -9999 -9999 2.47119832038879 5.34558324681388 1.47261602282524 1.53987300395966 1.46031349897385 1.51395975798368 1.83082763850689 1.95091652870178 1.89707249403 1.65927225351334 1.73336845636368 2.92140376567841 3.3541088104248 3.20110416412354 2.62923672795296 5.97180810426976 -9999 -9999 -9999 -9999 -9999 -9999 -9999 -9999 -9999
0.532093495130539 0.539552986621857 0.533121764659882 0.505554735660553 0.499013230204582 0.53089351952076 0.583763256669044 0.693552017211914 0.734472021460533 0.788088709115982 0.801609009504318 0.808815747499466 0.8201624751091 0.854046732187271 0.873730480670929 0.860913008451462 0.930055528879166 0.898774534463882 0.902760028839111 0.874880969524384 0.659562456607819 0.595820993185043 0.906572915175382 1.43655382885652 1.19588515162468 1.23384359478951 1.17330814635052 1.15863673388958 1.22061520814896 1.40849965810776 -9999 -9999 -9999 -9999 -9999 -9999 -9999 -9999 -9999 -9999 -9999 -9999 -9999 -9999 -9999 -9999 3.65490746498108 2.55021750926971 4.30179977416992 6.02528929710388 -9999 -9999 -9999 -9999 -9999 -9999 -9999 -9999 -9999 -9999 -9999 -9999
0.510465770959854 0.534879729151726 0.532339498400688 0.524338513612747 0.534268498420715 0.590974509716034 0.640002742409706 0.744149252772331 0.773045271635056 0.793037205934525 0.84807077050209 0.853073984384537 0.849067479372025 0.841970980167389 0.872124016284943 0.857158541679382 0.850732505321503 0.890364021062851 0.874822497367859 0.841188758611679 0.795026731491089 0.745004989206791 1.14723216891289 1.54568174022895 -9999 -9999 1.73393368389871 0.930879011750221 0.828185968101025 1.42679235935211 1.95161862373352 -9999 -9999 -9999 -9999 -9999 -9999 -9999 -9999 -9999 -9999 -9999 -9999 -9999 -9999 -9999 -9999 -9999 -9999 -9999 -9999 -9999 -9999 -9999 -9999 -9999 -9999 -9999 -9999 -9999 -9999 -9999
0.499962732195854 0.542479500174522 0.560979008674622 0.597286507487297 0.591494232416153 0.583346977829933 0.641845509409904 0.730974018573761 0.787904262542725 0.838440746068954 0.908672243356705 0.916690528392792 0.894072711467743 0.943274974822998 0.818156987428665 0.80776047706604 0.867953985929489 0.925550222396851 0.880418211221695 0.902204990386963 1.06436401605606 1.24450948834419 1.12961460351944 1.18765107989311 1.33189347982407 1.45039129257202 1.68055057525635 1.6145880818367 1.93797218799591 2.2129590511322 1.94814001321793 2.85226787606331 -9999 -9999 -9999 -9999 -9999 -9999 -9999 -9999 -9999 -9999 -9999 -9999 -9999 -9999 -9999 -9999 -9999 -9999 -9999 -9999 -9999 -9999 -9999 -9999 -9999 -9999 -9999 -9999 -9999 -9999
0.522180765867233 0.544587761163712 0.578204244375229 0.612956240773201 0.65897324681282 0.65309701859951 0.697007238864899 0.748776018619537 0.894728243350983 0.979620784521103 1.02013349533081 0.968045979738235 1.01640379428864 0.920859754085541 0.841529220342636 0.908058017492294 0.978866994380951 1.0774889588356 0.948368221521378 0.971000969409943 1.03110149502754 0.783981156349182 0.85949774980545 0.940241092443466 1.40046671032906 1.41605848073959 1.4477347433567 1.95015746355057 2.10828369855881 2.06791430711746 1.97698452472687 2.27442290067673 -9999 -9999 -9999 -9999 -9999 -9999 -9999 -9999 -9999 -9999 -9999 -9999 -9999 -9999 -9999 -9999 -9999 -9999 -9999 -9999 -9999 -9999 -9999 -9999 -9999 -9999 -9999 -9999 -9999 -9999
0.574176728725433 0.608884513378143 0.607148230075836 0.647674486041069 0.692231252789497 0.75566178560257 0.845267236232758 0.925958275794983 1.16706302762032 1.21388626098633 1.26385653018951 1.29139047861099 1.32987597584724 1.23710998892784 1.02284547686577 1.12524676322937 1.17297229170799 1.15617451071739 1.05103495717049 0.968749523162842 1.02566251158714 1.1581574678421 1.22765627503395 1.33342082500458 1.33201888203621 1.30118581652641 1.23075318336487 1.16633290797472 1.70238518714905 1.05410823225975 0.638642013072968 -9999 -9999 -9999 -9999 -9999 -9999 -9999 -9999 -9999 -9999 -9999 -9999 -9999 -9999 -9999 -9999 -9999 -9999 -9999 -9999 -9999 -9999 -9999 -9999 -9999 -9999 -9999 -9999 -9999 -9999 -9999
