EcologicalScience/Bass/data/rs_data_bass/chl_476.asc
NCOLS 226 
NROWS 124 
XLLCORNER -9.41648524995501 
YLLCORNER 47.587301625531 
CELLSIZE 0.0833 
NODATA_value -9999 
[rows 81 to 107 of 124, columns 62 to 123 of 226]
3.85158455371857 5.97498106956482 7.6620512008667 7.66205191612244 -9999 -9999 -9999 -9999 -9999 -9999 -9999 -9999 -9999 -9999 -9999 -9999 -9999 -9999 -9999 -9999 -9999 -9999 -9999 -9999 -9999 -9999 -9999 -9999 -9999 -9999 -9999 -9999 -9999 -9999 -9999 -9999 -9999 -9999 -9999 -9999 -9999 -9999 -9999 -9999 -9999 -9999 -9999 -9999 -9999 -9999 -9999 -9999 -9999 -9999 -9999 -9999 -9999 -9999 -9999 -9999 -9999 -9999
3.34158784295749 -9999 -9999 -9999 -9999 -9999 -9999 -9999 -9999 -9999 -9999 -9999 -9999 -9999 -9999 -9999 -9999 -9999 -9999 -9999 -9999 -9999 -9999 -9999 -9999 -9999 -9999 -9999 -9999 -9999 -9999 -9999 -9999 -9999 -9999 -9999 -9999 -9999 -9999 -9999 -9999 -9999 -9999 -9999 -9999 -9999 -9999 -9999 -9999 -9999 -9999 -9999 -9999 -9999 -9999 -9999 -9999 -9999 -9999 -9999 -9999 -9999
-9999 -9999 -9999 -9999 -9999 -9999 -9999 -9999 -9999 -9999 -9999 -9999 -9999 -9999 -9999 -9999 -9999 -9999 -9999 -9999 -9999 -9999 -9999 -9999 -9999 -9999 -9999 -9999 -9999 -9999 -9999 -9999 -9999 -9999 -9999 -9999 -9999 -9999 -9999 -9999 -9999 -9999 -9999 -9999 -9999 -9999 -9999 -9999 -9999 -9999 -9999 -9999 -9999 -9999 -9999 -9999 -9999 -9999 -9999 -9999 -9999 -9999
-9999 -9999 -9999 -9999 -9999 -9999 -9999 -9999 -9999 -9999 -9999 -9999 -9999 -9999 -9999 -9999 -9999 -9999 -9999 -9999 -9999 -9999 -9999 -9999 -9999 -9999 -9999 -9999 -9999 -9999 -9999 -9999 -9999 -9999 -9999 -9999 -9999 -9999 -9999 -9999 -9999 -9999 -9999 -9999 -9999 -9999 -9999 -9999 -9999 -9999 -9999 -9999 -9999 -9999 -9999 -9999 -9999 5.58075632367815 29.3489718437195 3.03018164634705 2.69310218095779 3.28979015350342
-9999 -9999 -9999 -9999 -9999 -9999 -9999 -9999 -9999 -9999 -9999 -9999 -9999 -9999 -9999 -9999 -9999 -9999 -9999 -9999 -9999 -9999 -9999 -9999 -9999 -9999 -9999 -9999 -9999 -9999 -9999 -9999 -9999 -9999 -9999 -9999 37.1749906539917 3.43177270889282 5.27949578111822 8.80575126095822 -9999 -9999 5.81475377082825 6.66983699798584 6.66395044326782 4.66099333763123 2.54154521226883 1.9014036655426 2.56274253129959 6.47412300109863 4.75407886505127 11.3925723348345 -9999 -9999 3.652419090271 3.68157416582108 2.76282906532288 3.08659493923187 4.23179483413696 4.19819462299347 1.62443250417709 1.54312723875046
-9999 -9999 -9999 -9999 -9999 -9999 -9999 -9999 -9999 -9999 -9999 -9999 -9999 11.0090989019813 1.79883480072021 21.4138137102127 3.90380229949951 2.98127859830856 1.12509450316429 -9999 -9999 -9999 -9999 -9999 -9999 -9999 -9999 -9999 3.26668643951416 7.11234140396118 5.19773840904236 5.31253872977363 3.36643445491791 3.66949796676636 -9999 -9999 -9999 5.40558294206858 4.18768036365509 6.41857266426086 5.99889528751373 4.71743166446686 5.77909862995148 3.87773394584656 3.94579660892487 2.8112279176712 2.32744807004929 3.2702751159668 5.91646492481232 4.29500913619995 4.56124591827393 5.20195877552032 6.553879737854 3.1247638463974 2.56345957517624 2.85936230421066 2.14346247911453 2.51842957735062 2.10243970155716 1.28053352236748 0.887774258852005 0.775000512599945
-9999 -9999 -9999 -9999 -9999 -9999 -9999 -9999 -9999 -9999 16.7350602149963 29.6594409942627 3.06887957453728 9.75034260749817 6.44864389300346 4.18703618645668 2.81081861257553 2.71189650893211 2.23592779040337 2.92122143507004 1.71097183144755 1.60367381572723 2.2787674665451 2.08478254079819 1.9174924492836 2.10020810365677 -9999 3.10093608498573 5.63915777206421 4.26796066761017 3.55068218708038 2.89610856771469 3.05790138244629 3.13516938686371 3.00081825256348 -9999 3.02070602348873 5.28768455982208 3.85089075565338 3.98774921894073 3.95964539051056 3.77434194087982 2.96390104293823 2.70846158266068 2.16357904672623 1.81666570901871 1.7459197640419 1.70883303880692 1.66818219423294 2.39621472358704 2.79694122076035 2.66146194934845 2.49252068996429 1.58032196760178 1.66079396009445 1.61894470453262 1.41275471448898 0.860168963670731 0.708004519343376 0.641213268041611 0.570586502552032 0.750638276338577
-9999 -9999 -9999 -9999 -9999 -9999 -9999 -9999 2.29644691944122 3.45642697811127 2.21940448880196 2.86235466599464 2.71048870682716 2.97914662957191 2.68731147050858 2.01285526156425 1.80866177380085 1.71416589617729 1.96374942362309 2.40900930762291 1.92364650964737 2.2031040430069 5.43000590801239 2.30371052026749 2.4490447640419 15.8415398597717 22.5129890441895 8.71544766426086 5.73491835594177 4.68781042098999 4.03202855587006 2.66125720739365 2.7371444106102 2.87486028671265 3.33648991584778 3.41390097141266 3.20301282405853 3.04838490486145 2.81971800327301 3.30542314052582 3.00519061088562 2.84707349538803 2.6156160235405 1.96079403162003 1.51056897640228 1.03556996583939 1.00176975131035 1.01335653662682 1.1545544564724 1.20425176620483 1.21341222524643 1.07140204310417 0.901408463716507 0.698688760399818 0.764943033456802 0.844886273145676 0.809151738882065 0.786387026309967 0.714178517460823 0.68528625369072 1.06691998243332 1.65017920732498
-9999 -9999 -9999 -9999 -9999 -9999 -9999 -9999 -9999 2.30924272537231 1.93796887993813 2.19522258639336 1.82332161068916 2.43555906414986 3.00633811950684 2.74706974625587 1.96306952834129 1.56930144131184 1.9958771020174 2.39607265591621 1.4789092540741 1.62515169382095 4.73785436153412 4.63399064540863 3.5924881696701 4.42180037498474 4.28807938098907 2.52999383211136 2.3471354842186 2.50410372018814 2.37898421287537 2.62089228630066 2.71535468101501 2.78844827413559 2.98911148309708 2.84174394607544 2.49986028671265 2.09986352920532 2.91318154335022 3.13436615467072 2.73051220178604 2.53919166326523 1.88407945632935 1.45946404337883 1.12605446577072 0.963889539241791 1.12293148040771 1.08962327241898 1.15047079324722 0.868161767721176 0.727523267269135 0.619290009140968 0.582387015223503 0.670398741960526 0.655346229672432 0.636746227741241 0.609945014119148 0.772958993911743 0.820520997047424 0.776255249977112 1.99755066633224 3.84871208667755
-9999 -9999 -9999 -9999 -9999 -9999 -9999 -9999 -9999 2.38481390476227 2.14183312654495 1.85401046276093 1.77947250008583 2.40203064680099 1.94624063372612 1.73726400732994 1.70216926932335 1.69249686598778 1.28443425893784 1.19330325722694 1.300103276968 1.34905654191971 1.41701254248619 2.70970648527145 1.84225273132324 1.8360795378685 1.91253966093063 2.00967979431152 2.03125655651093 2.12232595682144 2.19246608018875 2.24374347925186 2.38837730884552 2.50415772199631 2.40820419788361 2.51357781887054 2.56849658489227 2.12821197509766 2.19098997116089 2.19293332099915 1.87618052959442 1.63198953866959 1.16272276639938 0.942087024450302 0.953043043613434 1.07586675882339 1.21655023097992 1.33105275034904 1.12458372116089 0.800825983285904 0.593237265944481 0.515111267566681 0.53627698123455 0.662575498223305 0.709726497530937 0.668403759598732 0.637742266058922 0.69480898976326 0.706557735800743 0.677382007241249 2.23375868797302 5.96142911911011
7.30339314043522 0.853476777672768 1.66965277493 2.99743072986603 1.89001232385635 -9999 -9999 1.39424373209476 0.793573468923569 5.73376715183258 1.6098638176918 1.9978184401989 2.19274762272835 1.95469763875008 1.85481977462769 1.99052810668945 1.99748289585114 1.90876686573029 0.577180489897728 1.46629196405411 1.27530446648598 0.93938022851944 0.76059678196907 0.71160677075386 0.863217741250992 0.787176758050919 0.795160531997681 0.641015991568565 0.731838762760162 0.73702047765255 0.727212756872177 1.03676846623421 1.17357900738716 1.3947539627552 1.43729245662689 1.61382526159286 1.6243799328804 1.47500324249268 1.54418992996216 1.57154542207718 1.56393295526505 1.70249551534653 1.66859257221222 1.39261235296726 1.20314472913742 1.23543521761894 1.31480848789215 1.26128697395325 0.789024710655212 0.644348233938217 0.576046496629715 0.543305262923241 0.578159987926483 0.760615468025208 0.788028001785278 0.784959018230438 0.777803242206573 0.846422284841537 0.825695246458054 1.02803698182106 1.53977179527283 3.06134927272797
4.12415885925293 4.18812375515699 10.5451969206333 17.2874021977186 19.9515291452408 25.3121934235096 0.652791738510132 0.642162010073662 0.556510493159294 0.587508738040924 0.883995741605759 0.737819999456406 0.634336486458778 0.481213510036469 0.737764477729797 0.881949037313461 0.994099527597427 1.03128522634506 0.979022294282913 1.11823502182961 0.982499241828918 0.780710220336914 0.843014270067215 2.20644003152847 1.08537599444389 0.959365457296371 0.837336033582687 0.725521489977837 0.631901979446411 0.656193003058434 1.40336245298386 1.44376051425934 1.38645449280739 1.36388924717903 1.34084701538086 1.3026667535305 1.33598998188972 1.3770495057106 1.34274825453758 1.42598623037338 1.51231580972672 1.59140771627426 1.53820806741714 1.27325201034546 1.11595425009727 1.36167150735855 0.67024277150631 0.558347269892693 0.450145483016968 0.676494732499123 0.683883771300316 0.678978011012077 0.691596016287804 0.717591762542725 0.817880272865295 1.2966930270195 1.54747867584229 1.56313955783844 1.49367901682854 1.54524457454681 3.20053946971893 6.80401682853699
0.951401632279158 1.09249538183212 2.21008278429508 6.7430716753006 0.368601746857166 0.38322226703167 0.454802244901657 0.492746248841286 0.593406021595001 0.80853670835495 0.950062483549118 0.758376717567444 0.524021252989769 0.410111993551254 0.625710770487785 1.30213871598244 1.13673976063728 0.73251973092556 0.795440286397934 0.956900238990784 0.835234522819519 0.720594003796577 0.690198764204979 1.08286195993423 1.2154083698988 1.07299500703812 1.10796001553535 1.11543595790863 1.37769651412964 1.4106297492981 1.40004420280457 1.36771476268768 1.10680648684502 1.12641227245331 1.1234692633152 1.12582647800446 1.13106152415276 1.18092602491379 1.19413948059082 1.23751875758171 1.28642320632935 1.33732125163078 1.38386777043343 1.08246633410454 1.04215276241302 1.05432850122452 1.08865851163864 1.15056800842285 1.12930575013161 1.0284937620163 0.996919512748718 0.881162256002426 0.821287482976913 0.921045005321503 1.26772874593735 1.36366724967957 1.34827879071236 1.35692703723907 1.51076173782349 1.95577883720398 6.70148706436157 9.246262550354
0.333173990249634 0.331129498779774 0.313973240554333 0.293204247951508 0.496070981025696 0.443684980273247 0.429163500666618 0.513299256563187 0.548116520047188 0.545063272118568 0.491637736558914 0.560500502586365 0.547470018267632 0.389589741826057 0.524672269821167 0.541820257902145 0.71119724214077 0.392160013318062 0.630977243185043 0.651582017540932 0.68196152150631 0.667886987328529 1.03820550441742 1.07527497410774 1.1068394780159 1.09368601441383 1.08283048868179 1.06846278905869 1.05967801809311 1.06498351693153 1.11892426013947 1.10941725969315 1.10689723491669 0.965451747179031 1.06562027335167 1.1693414747715 1.14922347664833 1.15483573079109 1.20467546582222 1.32992997765541 1.29174077510834 1.02788177132607 1.10257802903652 1.14863228797913 1.13038176298141 1.16709554195404 1.19484478235245 1.235555768013 3.48347461223602 2.19495445489883 1.30496326088905 1.15591576695442 1.32764026522636 1.54681867361069 1.53631049394608 1.41608771681786 1.31863197684288 1.33205249905586 1.46740499138832 1.85747319459915 6.41596055030823 17.6073846817017
0.332521498203278 0.340637259185314 1.00126013159752 1.59033977240324 0.520574256777763 0.535859271883965 0.557690978050232 0.577341735363007 0.568721249699593 0.504008263349533 0.507079482078552 0.584879234433174 0.581505015492439 0.931519523262978 0.377391010522842 0.390715509653091 0.690726734697819 0.692188113927841 0.831603735685349 0.806365743279457 0.810215994715691 0.846802532672882 0.996332287788391 1.12059304118156 1.15905073285103 1.38104796409607 1.06006425619125 1.07815423607826 1.14094796776772 1.15435945987701 1.15357947349548 1.14366978406906 1.03835248947144 0.824245512485504 0.849361538887024 1.1073254942894 1.07107499241829 1.14715352654457 1.10245272517204 1.27742171287537 1.36667096614838 1.39809376001358 1.14977999031544 1.11632998287678 0.675069004297256 0.853346228599548 3.55849206447601 3.31872689723969 2.34159457683563 5.68003141880035 5.16609156131744 2.81163901090622 1.85611116886139 1.40689122676849 1.35429972410202 1.35759222507477 1.47262197732925 1.65359616279602 1.7844255566597 1.87499856948853 2.23886919021606 4.81789934635162
1.25976379215717 1.597690500319 1.75523333251476 1.92155367136002 0.576176986098289 0.608524516224861 0.674726262688637 0.722350493073463 0.784021496772766 0.787929743528366 0.734805732965469 0.736607238650322 0.691699504852295 0.565762124955654 0.653808362782001 0.777170240879059 0.757353723049164 0.623963624238968 1.02312323451042 1.07842549681664 1.17455276846886 1.23362448811531 1.10032349824905 1.07719123363495 1.13644498586655 1.07235145568848 1.03546804189682 1.16556376218796 1.23155701160431 1.35382720828056 1.3348740041256 1.21806147694588 1.14140403270721 0.918499499559402 0.917165279388428 1.15206304192543 1.28026950359344 1.17806401848793 0.8607157766819 0.886845767498016 0.796183526515961 0.82760551571846 0.770771205425262 0.697566747665405 0.681529507040977 0.933745533227921 2.9112029671669 2.23006796836853 1.50499266386032 4.30082559585571 3.17703151702881 2.2281539440155 1.23114976286888 1.36728447675705 1.50333666801453 1.72169923782349 1.94025832414627 2.1388943195343 2.2891897559166 2.48962497711182 6.14189743995667 8.30322084755733
1.82229866087437 1.58119500428438 0.616687506437302 0.6183772534132 0.6105667501688 0.640672490000725 0.678795754909515 0.820874959230423 0.798373460769653 0.763515025377274 0.679514989256859 0.655187979340553 0.58974900841713 0.655087865889072 0.744354017078876 0.786200255155563 0.780619114637375 0.83110649138689 1.10014447569847 1.04276847839355 1.09574174880981 1.17891749739647 1.26646202802658 1.19912695884705 1.25731801986694 1.23987972736359 1.39439097046852 1.58139753341675 1.42500454187393 1.65845927596092 1.16412225365639 1.16152954101562 1.08208724856377 1.04425495862961 1.55735474824905 1.7126550078392 1.84466171264648 1.81937098503113 1.01531848311424 0.813740283250809 0.836556762456894 1.13333702087402 0.73496550321579 0.618691518902779 0.720246747136116 1.01839050650597 1.99011594057083 1.94425642490387 1.32569548487663 2.799640417099 1.6504590511322 1.02806478738785 1.105584025383 1.63870131969452 1.95613199472427 2.48708993196487 2.9385266908764 -9999 -9999 -9999 -9999 -9999
1.20639333128929 0.792274877429008 0.704368516802788 0.638245493173599 0.649575769901276 0.6457259953022 0.648254245519638 0.721679985523224 0.632313743233681 0.631689012050629 0.641018271446228 0.651164978742599 0.62524276971817 0.61964924633503 0.642384767532349 0.63823726773262 0.589111492037773 0.81003787368536 1.37764245271683 0.631859242916107 1.23246824741364 1.43639472126961 1.47244128584862 1.21289026737213 1.14462670683861 1.47671923041344 1.62108224630356 2.21695327758789 1.96775847673416 1.17145425081253 1.18774795532227 1.19742599129677 2.67454871535301 2.93243658542633 2.44051802158356 2.07426291704178 2.45059204101562 0.971699237823486 0.853993535041809 1.46896946430206 1.37066501379013 1.41000896692276 1.47294527292252 1.67827990651131 0.889040261507034 0.90063750743866 1.07398277521133 0.787101745605469 0.771223515272141 1.10484454035759 1.17216378450394 1.39301624894142 2.12728875875473 2.74139152094722 1.41110352756547 -9999 -9999 -9999 -9999 -9999 -9999 -9999
0.717149265110493 0.669357016682625 0.615914985537529 0.637483522295952 0.664955243468285 0.661981478333473 0.655257761478424 0.650747984647751 0.636935994029045 0.655995771288872 0.666102737188339 0.601421982049942 0.577547997236252 0.55578151345253 0.553694263100624 0.528689235448837 0.545039266347885 0.578310012817383 1.11500997841358 0.672564759850502 0.728211745619774 0.858060032129288 1.00497597455978 0.820632755756378 0.992693960666656 1.19239801168442 1.52154904603958 2.3040919303894 2.08498188257217 -9999 -9999 -9999 -9999 -9999 -9999 3.14426672458649 3.6174396276474 2.94483631849289 2.45135068893433 1.66989874839783 1.56308776140213 1.16220112144947 1.05346123874187 1.24061250686646 1.36082366108894 1.60713145136833 2.26734441518784 2.20007246732712 0.920349776744843 0.975972712039948 1.27873054146767 1.31578651070595 2.69220119714737 1.9762424826622 1.97624230384827 -9999 -9999 -9999 -9999 -9999 -9999 -9999
0.635912999510765 0.633795373141766 0.63349574804306 0.662288516759872 0.71968024969101 0.772550493478775 0.619460642337799 0.583212018013 0.574316248297691 0.576266258955002 0.578717261552811 0.578502729535103 0.542220756411552 0.536771982908249 0.502246499061584 0.482503518462181 0.514218002557755 0.55307699739933 0.722475752234459 1.22723096609116 1.03794372081757 1.17198970913887 1.23641547560692 1.02537971735001 0.967941015958786 1.14319574832916 1.41722998023033 2.31780338287354 2.38591799139977 -9999 -9999 -9999 -9999 -9999 -9999 4.89700627326965 14.9787659645081 6.14670443534851 2.8956515789032 3.20643281936646 2.55716353654861 2.38366323709488 2.1502397954464 1.69904704391956 1.83775801956654 3.38723695278168 4.37039852142334 4.73717629909515 3.01815748214722 1.82319295406342 1.65308779478073 4.43365705013275 -9999 -9999 -9999 -9999 -9999 -9999 -9999 -9999 -9999 -9999
0.618562124669552 0.632617883384228 0.661294996738434 0.723376750946045 0.732280015945435 0.753927260637283 0.60037949681282 0.582591757178307 0.578875511884689 0.57328274846077 0.57202573120594 0.592492505908012 0.598615497350693 0.569234266877174 0.538834512233734 0.506290510296822 0.513519018888474 0.705168753862381 0.832662016153336 1.64860033530455 0.833051054165998 2.09542688727379 1.24536895751953 0.990087032318115 0.755146533250809 0.831596285104752 1.20289421081543 1.49657320976257 1.75040405988693 -9999 -9999 -9999 -9999 -9999 -9999 -9999 5.87374277909597 32.3061993122101 13.2537777423859 11.407289981842 12.2490175962448 11.8255423307419 12.8165274858475 10.3759348392487 8.46393489837646 5.63882249593735 4.00632083415985 6.86023950576782 8.15042567253113 5.19840681552887 8.39687037467957 7.09419167041778 4.92690277099609 -9999 -9999 -9999 -9999 -9999 -9999 -9999 -9999 -9999
0.669786371290684 0.751628279685974 0.735506236553192 0.780261009931564 0.834257990121841 0.872094750404358 0.662308484315872 0.978534519672394 0.692233510315418 0.66908173263073 0.670794367790222 0.669323980808258 0.656777992844582 0.608658000826836 0.563028752803802 0.532507494091988 0.543791234493256 0.646520242094994 0.763242781162262 0.903302282094955 0.746133014559746 0.708882004022598 0.749702230095863 0.898101031780243 0.972738772630692 1.04995277523994 1.57630133628845 1.69835025072098 1.84179604053497 2.11018717288971 -9999 -9999 -9999 -9999 -9999 -9999 -9999 6.1218338727951 4.86043553352356 17.2051268654901 39.9383858442307 30.5049488544464 20.6971601247787 4.98112833499908 4.49314665794373 2.52651822566986 3.54641532897949 8.18942141532898 11.466304063797 5.33173584938049 9.46374988555908 9.82715392112732 6.85339906208002 -9999 -9999 -9999 -9999 -9999 -9999 -9999 -9999 -9999
0.690421506762505 0.690899252891541 0.726118758320808 0.847556978464127 0.878090500831604 0.933687776327133 0.956551015377045 1.00471773743629 1.08370250463486 1.10621851682663 0.765541881322861 0.675568521022797 0.666123747825623 0.607253238558769 0.618813738226891 0.559781268239021 0.959337025880814 0.731102988123894 0.695955768227577 0.69990000128746 0.682856261730194 0.671579986810684 0.673973232507706 1.22865521907806 1.38492375612259 1.42721477150917 1.5629460811615 1.56838953495026 1.56594908237457 1.78170526027679 2.05294150114059 -9999 -9999 -9999 -9999 -9999 -9999 -9999 -9999 -9999 -9999 -9999 -9999 -9999 -9999 -9999 3.65490746498108 13.327968120575 31.3345470428467 19.4300289154053 4.15063583850861 -9999 -9999 -9999 -9999 -9999 -9999 -9999 -9999 -9999 -9999 -9999
0.773910999298096 0.687920249998569 0.714020982384682 0.75918173789978 0.888938993215561 0.921649992465973 0.859538599848747 1.00589075684547 1.02183753252029 1.08978426456451 1.09219378232956 1.03015726804733 0.828342765569687 0.688222512602806 0.592030495405197 0.564372763037682 0.649297490715981 0.712296769022942 0.725692480802536 0.687260270118713 0.706999495625496 0.739443764090538 0.876915782690048 1.0094078190443 1.54974102973938 -9999 1.68339010079702 1.52465629577637 1.54477268457413 1.63652408123016 2.90876770019531 1.83472234010696 -9999 -9999 -9999 -9999 -9999 -9999 -9999 -9999 -9999 -9999 -9999 -9999 -9999 -9999 -9999 -9999 -9999 -9999 -9999 -9999 -9999 -9999 -9999 -9999 -9999 -9999 -9999 -9999 -9999 -9999
0.859127998352051 0.710906244814396 0.745789512991905 0.892006754875183 0.828000739216805 1.02348828315735 0.881278485059738 1.10413047671318 0.993271261453629 0.978171363472939 0.98837274312973 0.728189259767532 0.68954698741436 0.679933503270149 0.94982174038887 0.596379742026329 0.682127997279167 0.613123521208763 0.620493739843369 0.649336516857147 0.705690756440163 0.802984535694122 0.856268227100372 0.97587525844574 1.3427699804306 1.48163250088692 1.51892691850662 1.36257827281952 1.57895618677139 1.78665232658386 2.53426802158356 1.77304760615031 -9999 -9999 -9999 -9999 -9999 -9999 -9999 -9999 -9999 -9999 -9999 -9999 -9999 -9999 -9999 -9999 -9999 -9999 -9999 -9999 -9999 -9999 -9999 -9999 -9999 -9999 -9999 -9999 -9999 -9999
0.40038076043129 0.816473230719566 0.937712222337723 0.989241510629654 1.03025887906551 1.14689201116562 1.17243349552155 1.21102774143219 1.03345164656639 1.00360237061977 0.969570770859718 0.813752979040146 0.777916520833969 0.780782997608185 0.64343324303627 0.651972770690918 0.748866006731987 0.618938237428665 0.624340519309044 0.66399148106575 0.670337989926338 0.682600513100624 0.728979751467705 0.806273281574249 1.17531153559685 1.28318470716476 1.24782148003578 1.45203378796577 2.14199101924896 2.54799449443817 2.89904183149338 1.51843274556673 -9999 -9999 -9999 -9999 -9999 -9999 -9999 -9999 -9999 -9999 -9999 -9999 -9999 -9999 -9999 -9999 -9999 -9999 -9999 -9999 -9999 -9999 -9999 -9999 -9999 -9999 -9999 -9999 -9999 -9999
0.379997983574867 0.8163982629776 0.945757493376732 0.908510640263557 1.11055302619934 0.924714356660843 0.978769093751907 1.1334356367588 1.19381663203239 1.1942490041256 1.08644512295723 0.935267239809036 0.910824716091156 0.928483486175537 0.8918197453022 0.810045003890991 0.735135734081268 0.650037735700607 0.663235500454903 0.676267504692078 0.671435996890068 0.684435769915581 0.875472038984299 1.14695021510124 1.56940716505051 1.35982945561409 1.13260871171951 1.39434224367142 1.70326495170593 1.44549599289894 3.63383030891418 2.58347457647324 -9999 -9999 -9999 -9999 -9999 -9999 -9999 -9999 -9999 -9999 -9999 -9999 -9999 -9999 -9999 -9999 -9999 -9999 -9999 -9999 -9999 -9999 -9999 -9999 -9999 -9999 -9999 -9999 -9999 -9999
