EcologicalScience/Bass/data/rs_data_bass/chl_10.asc
NCOLS 226 
NROWS 124 
XLLCORNER -9.41648524995501 
YLLCORNER 47.587301625531 
CELLSIZE 0.0833 
NODATA_value -9999 
[rows 0 to 27 of 124, columns 62 to 123 of 226]
-9999 -9999 -9999 -9999 -9999 -9999 -9999 -9999 -9999 -9999 -9999 -9999 -9999 -9999 -9999 -9999 -9999 -9999 -9999 -9999 -9999 -9999 -9999 -9999 -9999 -9999 -9999 -9999 -9999 -9999 -9999 -9999 -9999 -9999 -9999 -9999 -9999 -9999 -9999 -9999 -9999 -9999 -9999 -9999 -9999 -9999 -9999 -9999 -9999 -9999 -9999 -9999 -9999 -9999 -9999 -9999 -9999 -9999 -9999 -9999 -9999 -9999
-9999 -9999 -9999 -9999 -9999 -9999 -9999 -9999 -9999 -9999 -9999 -9999 -9999 -9999 -9999 -9999 -9999 -9999 -9999 -9999 -9999 -9999 -9999 -9999 -9999 -9999 -9999 -9999 -9999 -9999 -9999 -9999 -9999 -9999 -9999 -9999 -9999 -9999 -9999 -9999 -9999 -9999 -9999 -9999 -9999 -9999 -9999 -9999 -9999 -9999 -9999 -9999 -9999 -9999 -9999 -9999 -9999 -9999 -9999 -9999 -9999 -9999
-9999 -9999 -9999 -9999 -9999 -9999 -9999 -9999 -9999 -9999 -9999 -9999 -9999 -9999 -9999 -9999 -9999 -9999 -9999 -9999 -9999 -9999 -9999 -9999 -9999 -9999 -9999 -9999 -9999 -9999 -9999 -9999 -9999 -9999 -9999 -9999 -9999 -9999 -9999 -9999 -9999 -9999 -9999 -9999 -9999 -9999 -9999 -9999 -9999 -9999 -9999 -9999 -9999 -9999 -9999 -9999 -9999 -9999 -9999 -9999 -9999 -9999
-9999 -9999 -9999 -9999 -9999 -9999 -9999 -9999 -9999 -9999 -9999 -9999 -9999 -9999 -9999 -9999 -9999 -9999 -9999 -9999 -9999 -9999 -9999 -9999 -9999 -9999 -9999 -9999 -9999 -9999 -9999 -9999 -9999 -9999 -9999 -9999 -9999 -9999 -9999 -9999 -9999 -9999 -9999 -9999 -9999 -9999 -9999 -9999 -9999 -9999 -9999 -9999 -9999 -9999 -9999 -9999 -9999 -9999 -9999 -9999 -9999 -9999
-9999 -9999 -9999 -9999 -9999 -9999 -9999 -9999 -9999 -9999 -9999 -9999 -9999 -9999 -9999 -9999 -9999 -9999 -9999 -9999 -9999 -9999 -9999 -9999 -9999 -9999 -9999 -9999 -9999 -9999 -9999 -9999 -9999 -9999 -9999 -9999 -9999 -9999 -9999 -9999 -9999 -9999 -9999 -9999 -9999 -9999 -9999 -9999 -9999 -9999 -9999 -9999 -9999 -9999 -9999 -9999 -9999 -9999 -9999 -9999 -9999 -9999
-9999 -9999 -9999 -9999 -9999 -9999 -9999 -9999 -9999 -9999 -9999 -9999 -9999 -9999 -9999 -9999 -9999 -9999 -9999 -9999 -9999 -9999 -9999 -9999 -9999 -9999 -9999 -9999 0.63735419511795 -9999 1.09326303005219 0.823388278484344 0.738207757472992 0.643017008900642 0.586868271231651 0.543621763586998 0.554307013750076 0.546697497367859 0.538383767008781 0.513104259967804 0.506877735257149 0.507985487580299 0.504071250557899 0.496010988950729 0.4804627597332 0.487963512539864 0.47529374063015 0.464105978608131 0.46542526781559 0.46526250243187 0.463957518339157 0.465517491102219 0.462811499834061 0.449841767549515 0.445044010877609 0.443258240818977 0.444119229912758 0.43742698431015 0.42509101331234 0.426930740475655 0.429231762886047 0.426396757364273
-9999 -9999 -9999 -9999 -9999 -9999 -9999 -9999 -9999 -9999 -9999 -9999 -9999 -9999 -9999 -9999 -9999 -9999 -9999 -9999 -9999 -9999 -9999 -9999 -9999 -9999 1.18186515569687 1.0627324283123 1.92033205032349 1.70852837562561 1.18353974819183 1.01683348417282 0.734851509332657 0.682596758008003 0.649958252906799 0.603334486484528 0.593477994203568 0.5949427485466 0.620640009641647 0.596569508314133 0.582290232181549 0.56497348845005 0.561989977955818 0.559224754571915 0.547164738178253 0.497320488095284 0.481719017028809 0.480505496263504 0.484838247299194 0.476269483566284 0.474931508302689 0.465630769729614 0.461635485291481 0.451174512505531 0.437541738152504 0.434928730130196 0.435605987906456 0.424085229635239 0.42738975584507 0.430881768465042 0.427920743823051 0.419689491391182
-9999 -9999 -9999 -9999 -9999 -9999 -9999 -9999 -9999 -9999 -9999 -9999 -9999 -9999 -9999 -9999 -9999 -9999 -9999 -9999 -9999 -9999 -9999 -9999 -9999 -9999 1.18186515569687 1.87490372657776 2.44601708650589 1.81137979030609 1.60560375452042 1.22582995891571 0.755939215421677 0.640584021806717 0.620008483529091 0.619796991348267 0.61727549135685 0.584451019763947 0.565790981054306 0.554559007287025 0.526598989963531 0.518740519881248 0.522355511784554 0.527565747499466 0.516966015100479 0.488496735692024 0.473743513226509 0.470047518610954 0.451415240764618 0.448769241571426 0.440939247608185 0.43544702231884 0.434423983097076 0.433135494589806 0.432885020971298 0.433558478951454 0.426459744572639 0.419358015060425 0.426257237792015 0.433860003948212 0.420266255736351 0.431757017970085
-9999 -9999 -9999 -9999 -9999 -9999 -9999 -9999 -9999 -9999 -9999 -9999 -9999 -9999 -9999 -9999 -9999 -9999 -9999 -9999 -9999 -9999 -9999 -9999 -9999 -9999 1.63444483280182 1.55066245794296 1.49283376336098 1.37374725937843 1.24993720650673 1.07280975580215 0.88109028339386 0.629979014396667 0.604808270931244 0.607881769537926 0.6053077429533 0.578666254878044 0.55962672829628 0.556631997227669 0.558375746011734 0.550674766302109 0.541718244552612 0.528227984905243 0.508428767323494 0.452830508351326 0.443109735846519 0.436715260148048 0.438573002815247 0.442641735076904 0.43553102016449 0.43505023419857 0.429138019680977 0.427089750766754 0.42112272977829 0.41880601644516 0.417651727795601 0.432012766599655 0.460079982876778 0.454880252480507 0.457395002245903 0.455895736813545
-9999 -9999 -9999 -9999 -9999 -9999 -9999 -9999 -9999 -9999 -9999 -9999 -9999 -9999 -9999 -9999 -9999 -9999 -9999 -9999 -9999 -9999 -9999 -9999 -9999 1.19121462106705 1.66268661618233 1.47172647714615 1.49326720833778 1.40529227256775 0.913418233394623 0.772950768470764 0.720410227775574 0.622387513518333 0.619573518633842 0.723270758986473 0.796366542577744 0.716268762946129 0.671105235815048 0.634608015418053 0.585023984313011 0.547988265752792 0.52877251803875 0.498538479208946 0.481749728322029 0.462683245539665 0.449492231011391 0.448266014456749 0.442548751831055 0.435927763581276 0.427601248025894 0.423125267028809 0.419021978974342 0.418621480464935 0.415682271122932 0.418157994747162 0.407885268330574 0.440017506480217 0.454879492521286 0.454649269580841 0.46594275534153 0.472323730587959
-9999 -9999 -9999 -9999 -9999 -9999 -9999 -9999 -9999 -9999 -9999 -9999 -9999 -9999 -9999 -9999 -9999 -9999 -9999 -9999 -9999 -9999 -9999 -9999 -9999 1.54011833667755 1.43517825007439 1.28221499919891 1.239167958498 1.32223203778267 1.22019901871681 1.0587329864502 0.807119250297546 0.706476017832756 0.705497995018959 0.741090014576912 0.796037256717682 0.729740247130394 0.712869733572006 0.678438752889633 0.625623732805252 0.588360741734505 0.560764521360397 0.531203269958496 0.511382237076759 0.485629498958588 0.466307982802391 0.444660007953644 0.431685760617256 0.417645737528801 0.416501998901367 0.418078511953354 0.413831233978271 0.408723011612892 0.39596401154995 0.420614987611771 0.42876224219799 0.449297234416008 0.443793743848801 0.458003997802734 0.480827271938324 0.492059260606766
-9999 -9999 -9999 -9999 -9999 -9999 -9999 -9999 -9999 -9999 -9999 -9999 -9999 -9999 -9999 -9999 -9999 -9999 -9999 -9999 -9999 -9999 -9999 -9999 1.31647038459778 1.48747953772545 1.22375249862671 1.10822322964668 1.04484522342682 1.13929197192192 1.23380622267723 0.893459290266037 0.852651000022888 0.876197218894958 0.865173786878586 0.847463965415955 0.796459525823593 0.740111991763115 0.682785764336586 0.666470244526863 0.63747301697731 0.60395023226738 0.577563017606735 0.545499756932259 0.522018000483513 0.507638230919838 0.480594769120216 0.455798998475075 0.434296488761902 0.431712001562119 0.424843490123749 0.461243256926537 0.450869232416153 0.432201012969017 0.391570508480072 0.404842481017113 0.427946269512177 0.456517517566681 0.484286248683929 0.406720139086246 0.41040862351656 0.410248875617981
-9999 -9999 -9999 -9999 -9999 -9999 -9999 -9999 -9999 -9999 -9999 -9999 -9999 -9999 -9999 -9999 -9999 -9999 -9999 -9999 -9999 -9999 -9999 1.50594073534012 1.84609794616699 1.47553047537804 1.00631698966026 0.851292729377747 0.850383013486862 0.832769215106964 0.771518245339394 0.863226771354675 0.875696986913681 0.887601792812347 0.911084979772568 0.819218248128891 0.796189516782761 0.744733482599258 0.654965981841087 0.594284266233444 0.560333266854286 0.549536257982254 0.547450482845306 0.527695521712303 0.508892253041267 0.506133735179901 0.478059008717537 0.455627247691154 0.430389761924744 0.409638002514839 0.417244479060173 0.436595991253853 0.4324019998312 0.434259742498398 0.426851257681847 0.41941425204277 0.519413262605667 0.430829495191574 0.392814002931118 0.411054745316505 0.409575752913952 0.417616501450539
-9999 -9999 -9999 -9999 -9999 -9999 -9999 -9999 -9999 -9999 -9999 -9999 -9999 -9999 -9999 -9999 -9999 -9999 -9999 -9999 -9999 -9999 2.09773203730583 2.78820383548737 2.34140843153 1.87724554538727 1.09626299142838 0.937446713447571 0.894609779119492 0.83110499382019 0.743896141648293 0.709318868815899 0.858409523963928 0.850603491067886 0.833349019289017 0.756082534790039 0.701304003596306 0.645558759570122 0.567445501685143 0.528508499264717 0.525928482413292 0.535166233778 0.532999500632286 0.524823009967804 0.502814993262291 0.49668824672699 0.465387001633644 0.442310258746147 0.436692729592323 0.472565978765488 0.458423987030983 0.430049255490303 0.44447024166584 0.446272507309914 0.44478902220726 0.521237254142761 0.447647243738174 0.443578749895096 0.450914263725281 0.417156010866165 0.420359998941422 0.430068746209145
-9999 -9999 -9999 -9999 -9999 -9999 -9999 -9999 -9999 -9999 -9999 -9999 -9999 -9999 -9999 -9999 -9999 -9999 -9999 -9999 2.64602583646774 -9999 2.6042947769165 2.32247704267502 2.29160928726196 1.61171400547028 0.985003530979156 0.94503977894783 0.887881457805634 0.82235249876976 0.760021515190601 0.780774392187595 0.777720496058464 0.706377737224102 0.727420471608639 0.720353253185749 0.70516799390316 0.643534496426582 0.591710239648819 0.552759736776352 0.528023242950439 0.54287101328373 0.542525231838226 0.516985505819321 0.495223492383957 0.496334999799728 0.483164235949516 0.468206986784935 0.469776749610901 0.466083750128746 0.45891147851944 0.425211757421494 0.454344749450684 0.443607732653618 0.409755751490593 0.309482999145985 0.473320990800858 0.468092262744904 0.417275235056877 0.42909899353981 0.432296991348267 0.469428017735481
-9999 -9999 -9999 -9999 -9999 -9999 -9999 -9999 -9999 -9999 -9999 -9999 -9999 -9999 -9999 -9999 -9999 -9999 -9999 -9999 -9999 1.99711475372314 2.2775319814682 1.67005550861359 2.05756419897079 1.88409966230392 1.64506208896637 1.07060176134109 0.909270733594894 0.819963008165359 0.841362744569778 0.740308254957199 0.757692977786064 0.812238961458206 0.738337509334087 0.721036523580551 0.683300256729126 0.657484486699104 0.624495729804039 0.588339731097221 0.558614239096642 0.574242755770683 0.550796985626221 0.540458992123604 0.521387994289398 0.509528249502182 0.501039013266563 0.485331013798714 0.486709490418434 0.46237125992775 0.461720243096352 0.483689233660698 0.476701498031616 0.441985249519348 0.445952266454697 0.407952178269625 0.493607491254807 0.668378636240959 0.497574508190155 0.455157771706581 0.501768752932549 0.502431750297546
-9999 -9999 -9999 -9999 -9999 -9999 -9999 -9999 -9999 -9999 -9999 -9999 -9999 -9999 -9999 -9999 -9999 -9999 -9999 2.34953126907349 2.42497229576111 2.51768326759338 1.31325826048851 2.0907998085022 1.6920570731163 1.48734149336815 1.41903376579285 0.945902287960052 0.956561207771301 0.94925245642662 0.939477771520615 0.891435027122498 0.804655522108078 0.81039947271347 0.861902713775635 0.814645498991013 0.653538018465042 0.633131995797157 0.60538275539875 0.570571482181549 0.558687016367912 0.548193007707596 0.537725239992142 0.539184004068375 0.529008015990257 0.519385501742363 0.519687741994858 0.544543504714966 0.511331230401993 0.475827008485794 0.487551748752594 0.560357987880707 0.434802994132042 0.444639757275581 0.457003995776176 0.457424730062485 0.511376231908798 0.415305018424988 0.41939851641655 0.45226876437664 0.487530738115311 0.453911259770393
-9999 -9999 -9999 -9999 -9999 -9999 -9999 -9999 -9999 -9999 -9999 -9999 -9999 -9999 -9999 -9999 -9999 -9999 2.760444688797 2.89893424510956 2.80647492408752 3.15776467323303 0.937145613133907 1.0166407674551 0.89827799052 0.955128520727158 1.2092219889164 0.918689221143723 0.906759738922119 0.900195747613907 0.88917151093483 0.869218468666077 0.816358476877213 0.742501482367516 0.65735998749733 0.63008326292038 0.617832764983177 0.576228752732277 0.578384980559349 0.539440512657166 0.521085754036903 0.472936481237411 0.500835746526718 0.526861488819122 0.541490256786346 0.55221976339817 0.472551003098488 0.454268999397755 0.467735230922699 0.437448754906654 0.425428882241249 0.434087753295898 0.483078986406326 0.480778247117996 0.445136994123459 0.4454685151577 0.428546994924545 0.422610729932785 0.425164505839348 0.424819484353065 0.436049267649651 0.463478252291679
-9999 -9999 -9999 -9999 -9999 -9999 -9999 -9999 -9999 -9999 -9999 -9999 -9999 -9999 -9999 -9999 -9999 -9999 9.44189950398036 2.58398501873016 2.07757088541985 1.34671014547348 1.08034537732601 1.11171188950539 1.07845951616764 1.15195646882057 1.14737471938133 1.03068298101425 0.868605762720108 0.846720010042191 0.822950273752213 0.848742038011551 0.835482716560364 0.775860786437988 0.650138229131699 0.576934486627579 0.529286250472069 0.503621980547905 0.50619001686573 0.514799237251282 0.519465744495392 0.531522765755653 0.572639241814613 0.555660009384155 0.45585523545742 0.451454982161522 0.595788761973381 0.653496757149696 0.537938252091408 0.463386744260788 0.51818174123764 0.515857994556427 0.509527266025543 0.524422004818916 0.465206980705261 0.452814012765884 0.443095520138741 0.44241526722908 0.448984488844872 0.450268507003784 0.451117515563965 0.45693826675415
-9999 -9999 -9999 -9999 -9999 -9999 -9999 -9999 -9999 -9999 -9999 -9999 -9999 -9999 -9999 -9999 -9999 -9999 -9999 2.35059159994125 1.68483603000641 1.41768072545528 1.1651339828968 0.991379231214523 1.15225723385811 1.00830897688866 0.924476981163025 0.936106503009796 0.996010512113571 0.888128221035004 0.758558213710785 0.741617247462273 0.702489763498306 0.675793513655663 0.618095263838768 0.528780743479729 0.484898999333382 0.468699753284454 0.497188478708267 0.565762504935265 0.558555006980896 0.541190251708031 0.53150924295187 0.502023383975029 0.580385237932205 0.499872744083405 1.59670954942703 0.471281245350838 0.462418869137764 0.453186370432377 0.519615262746811 0.512641727924347 0.775616258382797 0.485766738653183 0.495197251439095 0.500201985239983 0.465579763054848 0.490650728344917 0.516468733549118 0.513282760977745 0.488051265478134 0.481920763850212
-9999 -9999 -9999 -9999 -9999 -9999 -9999 -9999 -9999 -9999 -9999 -9999 -9999 -9999 -9999 3.807979716195 -9999 2.54555657776919 1.82270362973213 1.91937598586082 1.60445585846901 1.41564492881298 1.03803527355194 1.16241672635078 1.25828325748444 1.25600928068161 1.26093524694443 1.35191479325294 1.37165549397469 0.867562517523766 0.648467257618904 0.608655005693436 0.569481745362282 0.553437754511833 0.497168228030205 0.464334771037102 0.482464492321014 0.463371008634567 0.57644248008728 0.553258493542671 0.470364734530449 0.460389733314514 0.521460749208927 0.500306613743305 0.501020260155201 0.52810075879097 0.532420009374619 0.486918747425079 0.471930004656315 0.476860888302326 0.530896499752998 0.585203006863594 0.569335520267487 0.4974644780159 0.508496984839439 0.495908260345459 0.489021733403206 0.470158517360687 0.49158301949501 0.519438743591309 0.521478742361069 0.557262003421783
-9999 -9999 -9999 -9999 -9999 -9999 -9999 -9999 -9999 -9999 35.2986888885498 35.2986888885498 13.7248649597168 3.53151673078537 3.09980142116547 2.65432387590408 2.40130054950714 2.04202499985695 1.98298233747482 1.71454694867134 2.03273350000381 1.78180521726608 1.5067260414362 1.53788097202778 1.32180753350258 1.54465055465698 1.74557250738144 0.942874878644943 0.923719525337219 0.873203985393047 0.883419759571552 0.843882389366627 0.695652008056641 0.60496761649847 0.677452124655247 0.614879250526428 0.561981752514839 0.494923487305641 0.551170103251934 0.5776197463274 0.542927987873554 0.522759005427361 0.520619630813599 0.501262865960598 0.549886003136635 0.533082500100136 0.481624513864517 0.467003256082535 0.474276021122932 0.468376502394676 0.473234251141548 0.482619747519493 0.498512998223305 0.532300516963005 0.515424728393555 0.502952232956886 0.50145149230957 0.497027233242989 0.509853735566139 0.523606494069099 0.538386002182961 0.487635008990765
-9999 -9999 -9999 -9999 -9999 -9999 -9999 -9999 -9999 -9999 35.2986888885498 10.189933170443 3.9303565621376 3.06852042675018 3.11216703057289 2.98146370053291 3.29284679889679 3.18221604824066 10.5202875137329 -9999 2.70393562316895 2.11976593732834 1.72455520927906 1.63657794892788 1.43008424341679 1.23644663393497 1.0826276242733 0.986685387790203 0.923192247748375 0.872646376490593 0.943018488585949 0.836929477751255 0.799019247293472 0.648472487926483 0.756989613175392 0.651200987398624 0.720737233757973 0.665849983692169 0.809281468391418 0.54111447930336 0.470594242215157 0.492117002606392 0.507152259349823 0.521000996232033 0.514400258660316 0.526965737342834 0.528275996446609 0.478397995233536 0.486345738172531 0.48683850467205 0.488045230507851 0.50967076420784 0.543080985546112 0.549527227878571 0.538545727729797 0.556558504700661 0.554472014307976 0.544130265712738 0.590482503175735 0.589648514986038 0.596195250749588 0.508416004478931
-9999 -9999 -9999 -9999 -9999 -9999 -9999 -9999 -9999 -9999 -9999 -9999 -9999 5.94072759151459 5.86956614255905 -9999 -9999 -9999 -9999 -9999 -9999 -9999 2.48579251766205 3.09053018689156 2.36689800024033 1.6585608869791 1.45163024961948 1.12306612730026 0.937026411294937 0.956451013684273 1.06392522901297 0.960574507713318 0.821318238973618 0.762069761753082 0.810645371675491 1.42831420898438 0.697740733623505 0.707039996981621 0.624832883477211 0.528943508863449 0.540590241551399 0.560378238558769 0.569252997636795 0.560695499181747 0.553546518087387 0.54169799387455 0.539033263921738 0.529574990272522 0.517126500606537 0.519150003790855 0.518502742052078 0.534919515252113 0.552763491868973 0.575384259223938 0.595623761415482 0.619818761944771 0.626360982656479 0.584216237068176 0.631402507424355 0.684535503387451 0.714785233139992 0.680254518985748
-9999 -9999 -9999 -9999 -9999 -9999 -9999 -9999 -9999 -9999 -9999 -9999 -9999 16.6274771690369 16.6274771690369 16.6274771690369 -9999 -9999 -9999 -9999 -9999 -9999 4.94490551948547 4.94490551948547 4.94490551948547 0.308659605681896 1.5409833714366 1.18871846795082 1.01888702809811 0.912083655595779 1.11657974123955 1.25887875258923 1.05189827084541 1.02793872356415 1.03668339550495 0.859704717993736 0.785267606377602 0.73725825548172 0.609639018774033 0.609818235039711 0.662736743688583 0.704609245061874 0.69913874566555 0.68163751065731 0.630815997719765 0.555092990398407 0.544595271348953 0.57193198800087 0.557936981320381 0.547741502523422 0.571820229291916 0.578196734189987 0.571437746286392 0.592251732945442 0.645408734679222 0.688772991299629 0.691115990281105 0.628209739923477 0.650718748569489 0.684620261192322 0.700810521841049 0.688806742429733
-9999 -9999 -9999 -9999 -9999 -9999 -9999 -9999 -9999 -9999 -9999 -9999 -9999 -9999 -9999 -9999 -9999 -9999 -9999 -9999 -9999 -9999 -9999 -9999 -9999 -9999 6.72656893730164 1.62261915206909 1.61167721450329 1.42708311975002 1.35312567651272 1.47227141261101 1.43265299499035 1.32504715025425 1.14065136015415 1.14645373821259 0.878476873040199 0.829072862863541 0.661535248160362 0.7148497402668 0.747326239943504 0.770555287599564 0.778946220874786 0.771847486495972 0.747232496738434 0.696640491485596 0.691780507564545 0.650505736470222 0.570529505610466 0.580943271517754 0.579000771045685 0.567105755209923 0.611038506031036 0.651829496026039 0.705519765615463 0.721820265054703 0.729443997144699 0.671219989657402 0.678199499845505 0.729175508022308 0.756503999233246 0.665645241737366
-9999 -9999 -9999 -9999 -9999 -9999 -9999 -9999 -9999 -9999 -9999 -9999 -9999 -9999 -9999 -9999 -9999 -9999 -9999 -9999 -9999 -9999 -9999 -9999 -9999 -9999 -9999 -9999 1.64939123392105 1.68419587612152 1.73497608304024 1.60075427591801 1.68018785119057 1.44319009780884 1.29405900835991 1.39227229356766 1.20294079184532 1.17955577373505 1.01652154326439 0.768707245588303 0.741448491811752 0.766155034303665 0.771256506443024 0.796255499124527 0.800831973552704 0.80560576915741 0.826262980699539 0.637295991182327 0.607008755207062 0.639825001358986 0.679657503962517 0.691115990281105 0.644897997379303 0.678811490535736 0.535658620297909 0.492555007338524 0.724379271268845 0.675931513309479 0.733833745121956 0.731644481420517 0.679823979735374 0.659448757767677
-9999 -9999 -9999 -9999 -9999 -9999 -9999 -9999 -9999 -9999 -9999 -9999 -9999 -9999 -9999 -9999 -9999 -9999 -9999 -9999 -9999 -9999 -9999 -9999 -9999 -9999 -9999 -9999 -9999 -9999 1.74439370632172 2.15609210729599 1.4401567876339 1.44528450071812 1.11949127912521 1.07996097207069 1.01238521933556 0.980930238962173 0.937348544597626 0.897633790969849 0.7877137362957 0.8126580119133 0.821658790111542 0.806021958589554 0.7929427921772 0.81447297334671 0.813958525657654 0.72001576423645 0.734392493963242 0.784704029560089 0.817753493785858 0.835061252117157 0.772487282752991 0.761429250240326 0.552715122699738 0.714547500014305 0.68182048201561 0.69208051264286 0.737614497542381 0.705803230404854 0.684483736753464 0.766343235969543
