EcologicalScience/Bass/data/rs_data_bass/chl_110.asc
NCOLS 226 
NROWS 124 
XLLCORNER -9.41648524995501 
YLLCORNER 47.587301625531 
CELLSIZE 0.0833 
NODATA_value -9999 
[rows 54 to 80 of 124, columns 124 to 185 of 226]
1.75745916366577 1.61197417974472 1.25839197635651 1.45412927865982 1.54960125684738 1.47826051712036 1.64318472146988 1.84550249576569 1.56547224521637 1.46995896100998 2.02027273178101 2.0282016992569 1.92597521841526 1.41479222476482 1.34656094014645 1.3481485247612 1.1221165060997 1.05634976923466 1.05232602357864 0.862723499536514 1.10650125145912 1.91223156452179 2.94992691278458 4.4251606464386 5.10734689235687 4.58368936181068 4.34764415025711 4.00197693705559 2.45641776919365 2.11343625187874 2.16391196846962 3.77972030639648 6.4808177947998 4.85660111904144 2.74202620983124 2.41859543323517 2.99481904506683 3.73368072509766 3.08233952522278 2.28440701961517 3.29858100414276 4.20600163936615 4.19418597221375 3.90794849395752 3.17365515232086 2.85321825742722 2.34861981868744 2.52738672494888 3.27636015415192 3.09344244003296 5.99093651771545 10.8909289403395 7.18663144111633 6.86567602157593 5.92200357913971 6.63925967216492 8.11338057518005 9.99990999698639 6.42682828903198 8.91500432150704 10.3804010603608 11.9681954794243
1.78862857818604 1.64585995674133 1.41600903868675 1.39850798249245 1.34108525514603 1.39400678873062 1.45754599571228 1.59511303901672 1.43773078918457 1.41871473193169 1.57556477189064 1.36336147785187 1.70160605013371 1.7348542958498 1.80500954389572 1.80122555792332 1.64405471086502 1.33448299765587 1.23813897371292 1.35567677021027 2.09383499622345 3.15169215202332 6.98015141487122 8.47406673431396 10.5801286697388 4.74303901195526 3.87337154150009 2.78386622667313 2.40294146537781 2.11468604207039 4.31104338169098 3.0153876543045 3.29688692092896 2.442626953125 2.20053005218506 2.11147570610046 1.98434096574783 1.92169958353043 1.65116322040558 1.79004818201065 1.67414921522141 2.21110582351685 2.54541456699371 2.27832144498825 2.07343643903732 2.14797449111938 2.45128279924393 2.88538348674774 4.05340790748596 16.6701912879944 7.48104043006897 8.32150382995605 6.43584609031677 7.00356760025024 7.53465113639832 6.50703456822564 10.5720698833466 -9999 -9999 -9999 -9999 -9999
2.99059563875198 2.81428647041321 1.977647960186 2.03146320581436 1.77448776364326 1.49659803509712 1.46542477607727 1.49654573202133 1.44216799736023 1.47256422042847 1.61186724901199 1.77998521924019 1.64908620715141 2.15787374973297 2.57197916507721 2.58409957587719 2.56324745714664 1.93945221602917 2.31049025058746 1.92578780651093 3.60516965389252 5.45027160644531 9.57137989997864 11.3108439445496 13.0090799331665 3.61600261926651 3.51202899217606 2.3783210515976 4.13417708873749 2.02331703901291 3.47458863258362 2.78632879257202 2.10747528076172 1.92536401748657 1.60912942886353 1.36215296387672 1.36719524860382 1.56181043386459 1.96276116371155 2.193579018116 1.73183780908585 1.98435831069946 2.03030776977539 2.04397058486938 2.33003479242325 2.75300323963165 2.90851718187332 6.17191239446402 5.16500215530396 3.86429598927498 3.88251274824142 6.95129199028015 7.85548796653748 13.4968003008487 -9999 -9999 -9999 -9999 -9999 -9999 -9999 -9999
3.0558021068573 3.0389244556427 2.89932680130005 2.68117153644562 2.4842694401741 2.28121727705002 1.42026454210281 1.41452997922897 1.6746329665184 1.63541901111603 1.56070071458817 2.15836870670319 2.22324749827385 2.33145123720169 2.84775123000145 4.11614710092545 3.26706114411354 2.61933371424675 3.04392915964127 3.9470579624176 4.83324837684631 8.11192059516907 10.2418134212494 10.380699634552 10.0023279190063 3.01247277855873 2.56537091732025 2.14873027801514 3.30401837825775 3.38773727416992 1.79774558544159 1.70604979991913 1.53339153528214 1.60636353492737 1.67728507518768 1.62126821279526 1.6256827712059 1.92553567886353 2.27406746149063 2.00854057073593 1.61630702018738 2.12305802106857 1.95242857933044 2.3783842921257 3.76684641838074 4.25166821479797 4.25869059562683 7.50976634572405 7.13581323623657 6.31864070892334 6.26678323745728 5.71958819031715 10.6415214197976 -9999 -9999 -9999 -9999 -9999 -9999 -9999 -9999 -9999
5.92585492134094 6.85497808456421 5.44368886947632 4.37096858024597 3.53217387199402 3.80858445167542 1.56822967529297 1.29100647568703 2.10044300556183 2.02532452344894 2.1100742816925 2.35860472917557 2.89489170908928 3.283292979002 3.49767488241196 3.49084380269051 4.29078084230423 3.89137941598892 2.66323274374008 5.83546113967896 6.01061582565308 7.19561219215393 7.31819486618042 8.07618641853333 7.03488564491272 2.09060946106911 2.64792823791504 2.89807945489883 2.78346973657608 2.61933141946793 1.55068746209145 1.54237425327301 1.71080321073532 1.5556515455246 1.51775407791138 1.62691569328308 1.8233460187912 2.02241098880768 2.07512176036835 1.8733919262886 1.45157772302628 1.81488597393036 1.99309498071671 3.80585610866547 5.28531217575073 5.8442291021347 8.799809217453 9.28499257564545 8.29629117250443 6.6256628036499 6.64197707176208 26.4956660270691 47.3409748077393 -9999 -9999 -9999 -9999 -9999 -9999 -9999 -9999 -9999
-9999 20.3329777121544 5.553082883358 9.52370285987854 8.87104916572571 4.80311733484268 4.10732764005661 3.69314914941788 3.87301450967789 3.76751688122749 4.24358323216438 2.78242498636246 0.869277745485306 1.04361373186111 0.933896273374557 2.95183908939362 5.04297381639481 2.48977196216583 3.91705584526062 3.79487836360931 6.20434927940369 4.53468883037567 4.95918524265289 4.43574392795563 4.6551411151886 1.82072877883911 2.24606627225876 2.493692278862 2.4909360408783 1.9396635890007 1.71652793884277 1.37541076540947 1.28046226501465 1.09526029229164 1.47113424539566 2.86959743499756 3.81003558635712 1.6010205745697 1.67185646295547 1.28811371326447 1.31201702356339 1.96093422174454 2.53881829977036 4.48392748832703 8.53098034858704 -9999 9.36156105995178 7.13122119222368 9.94549173116684 7.43613152503967 37.1852769851685 42.6874561309814 58.1679458618164 45.9250581264496 -9999 -9999 -9999 -9999 -9999 -9999 -9999 -9999
-9999 -9999 -9999 -9999 -9999 2.28387522697449 5.43021976947784 5.1439071893692 4.82747393846512 4.49040287733078 4.38128292560577 2.93037259578705 1.23679652810097 1.45101749897003 2.86360269784927 3.00221621990204 3.19043862819672 2.59906947612762 2.79659467935562 3.79323828220367 3.41185283660889 3.00477075576782 2.77543580532074 2.68090349435806 2.66373074054718 1.63599202036858 1.61693423986435 1.65860825777054 1.54575830698013 1.40734577178955 1.18777048587799 0.942720741033554 0.871874213218689 0.873272269964218 0.88341897726059 2.78707611560822 1.44757121801376 1.40096247196198 1.27011153101921 0.981438785791397 1.61865144968033 2.17376554012299 4.32636451721191 8.4643771648407 8.87413287162781 27.0933795773867 -9999 -9999 -9999 -9999 56.4563598632812 59.7572238922119 49.1713328361511 30.8542595496544 -9999 -9999 -9999 -9999 -9999 -9999 -9999 -9999
-9999 -9999 -9999 -9999 -9999 -9999 -9999 -9999 5.16501697897911 5.54413765668869 1.66281366348267 1.62163281440735 1.60204356908798 1.66554898023605 3.72952544689178 2.92565631866455 2.55712133646011 2.38491457700729 1.93859481811523 2.24513483047485 2.50868546962738 2.45749282836914 2.19273000955582 2.19201153516769 1.95362842082977 1.68421131372452 1.62650021910667 1.60265249013901 1.59787598252296 1.07999476790428 0.779577791690826 0.798690766096115 0.75541278719902 0.776685744524002 2.23013150691986 2.20712023973465 1.40633547306061 1.29451873898506 1.08623027801514 1.53341317176819 1.8696870803833 2.3015753030777 4.67134416103363 12.3427176475525 3.51701812832444 29.0682649612427 -9999 -9999 -9999 -9999 17.548882484436 31.2827004432678 20.7930848121643 43.6099708557129 26.0159983634949 19.6678051837655 -9999 -9999 -9999 -9999 -9999 -9999
-9999 -9999 -9999 -9999 -9999 -9999 -9999 -9999 -9999 -9999 4.32620894908905 3.80264586210251 4.73429989814758 4.43824291229248 4.50038087368011 3.0106326341629 2.66951474547386 1.93098145723343 1.72838401794434 1.67816251516342 1.70893353223801 1.60347443819046 1.65769046545029 1.67262142896652 1.48302711546421 1.60731562972069 1.66290429234505 1.53832045197487 1.67372074723244 0.78227698802948 0.732735738158226 1.16408059000969 1.27952927350998 1.39877599477768 2.14282327890396 2.07804143428802 1.39377522468567 1.23799127340317 1.17373278737068 2.41967779397964 2.42571902275085 2.71820247173309 3.09350717067719 38.5826534628868 16.0423207508708 -9999 -9999 -9999 -9999 -9999 -9999 -9999 10.056805819273 54.3263359069824 46.6702003479004 16.1069622720991 10.8786277770996 -9999 -9999 -9999 -9999 -9999
-9999 -9999 -9999 -9999 -9999 -9999 -9999 -9999 -9999 4.3704868555069 5.78356671333313 5.82488703727722 3.89606130123138 5.68131327629089 5.07939910888672 2.86760482192039 2.61275517940521 1.75251907110214 1.83177530765533 1.27776074409485 1.04671204090118 1.09116151928902 1.15186277031898 1.20105528831482 1.42644341289997 1.44472315907478 1.52575278282166 1.69627973437309 0.809473514556885 1.65414953231812 0.802123457193375 0.843149274587631 1.16224873065948 1.5360252559185 2.74714946746826 2.90936279296875 2.43536347150803 2.92494744062424 4.6460108757019 4.91802102327347 4.42887991666794 5.84929674863815 14.1714637577534 16.8791508078575 30.8329480741788 33.0447750091553 -9999 -9999 -9999 25.5071430639787 50.5773706436157 31.5118923187256 34.2751998901367 37.9798212051392 33.2554397583008 34.1084250722613 -9999 -9999 -9999 -9999 -9999 -9999
-9999 -9999 -9999 -9999 -9999 -9999 -9999 -9999 -9999 -9999 6.57991313934326 5.21614623069763 5.18184685707092 4.47389531135559 3.11579477787018 2.51619976758957 2.66783022880554 2.30299508571625 2.20259016752243 1.03412845730782 0.956021279096603 0.961249530315399 0.925942540168762 0.932332456111908 1.53192180395126 1.53714779019356 1.61002120375633 0.792229503393173 0.789734244346619 0.779170542955399 1.63611444830894 1.6292377114296 1.60276654362679 1.41633400321007 1.6856404542923 1.98590871691704 2.11167427897453 3.75153183937073 6.73454713821411 8.15173625946045 6.49294084310532 9.8033401966095 28.6866750270128 9.34252828359604 9.69046386063678 -9999 -9999 -9999 -9999 -9999 25.3700971603394 28.9906311035156 36.4657211303711 24.4217163920403 70.1784530215793 -9999 -9999 -9999 -9999 -9999 -9999 -9999
-9999 -9999 -9999 -9999 -9999 -9999 -9999 -9999 -9999 3.67937564849854 6.65808272361755 4.51407134532928 3.70891451835632 3.53994584083557 3.13998144865036 2.79107022285461 2.58698254823685 2.36625444889069 2.15345549583435 0.916710019111633 0.949521750211716 0.903197228908539 0.789719223976135 0.835677713155746 1.3494984805584 1.41850751638412 1.45903643965721 1.45646324753761 1.5156344473362 1.51641178131104 1.61988952755928 1.72925451397896 1.67570677399635 1.43904277682304 1.26240348815918 1.53936350345612 2.35849505662918 0.957242220640182 9.78213262557983 15.2529582977295 13.0270214080811 27.0448379516602 24.0755043029785 5.98828663872284 3.86466658115387 -9999 -9999 -9999 -9999 -9999 17.6828310012817 51.0239741461618 15.943686123552 -9999 -9999 -9999 -9999 -9999 -9999 -9999 -9999 -9999
-9999 -9999 -9999 -9999 -9999 -9999 -9999 -9999 -9999 5.90543031692505 5.54647493362427 4.04615700244904 3.05883896350861 2.80422300100327 2.71385282278061 2.50661399960518 2.35337179899216 1.74697047472 1.41471603512764 0.914949774742126 0.815494537353516 0.770637005567551 0.606329262256622 0.564543753862381 1.13612496852875 1.18435150384903 1.259013235569 1.23298674821854 1.40689250826836 1.50996705889702 1.58738878369331 1.60917973518372 1.32837924361229 1.29994601011276 1.37530148029327 2.02110725641251 4.55809044837952 0.934090465307236 1.18658173084259 9.8593652844429 16.5909040868282 23.2603672742844 34.746292591095 12.6679419851998 3.86466693878174 -9999 -9999 -9999 -9999 12.1949715614319 -9999 -9999 -9999 -9999 -9999 -9999 -9999 -9999 -9999 -9999 -9999 -9999
-9999 -9999 -9999 -9999 -9999 -9999 -9999 -9999 -9999 4.26019012928009 3.74541854858398 3.30695021152496 3.22620704770088 2.58959406614304 2.65254789590836 2.3749432861805 1.71745683252811 1.54846948385239 1.21099948883057 1.00395146012306 0.770538032054901 0.658268228173256 0.676782757043839 1.07020162045956 1.06033234298229 0.989874482154846 1.00873297452927 1.08632475137711 1.27499973773956 1.36419549584389 1.45049646496773 1.70582127571106 1.96721798181534 1.83561450242996 2.24172878265381 3.1150289773941 5.90968704223633 5.78139936923981 8.30308604240417 11.2257122993469 15.1588959693909 13.9926470518112 5.8093666039504 -9999 -9999 -9999 -9999 -9999 -9999 -9999 -9999 -9999 -9999 -9999 -9999 -9999 -9999 -9999 -9999 -9999 -9999 -9999
-9999 -9999 -9999 -9999 -9999 -9999 -9999 -9999 -9999 3.55836379528046 3.28641325235367 3.02494430541992 2.76866602897644 2.06268453598022 2.43150526285172 2.00010824203491 1.41875772178173 1.19821348786354 1.01427295804024 1.0200172662735 0.863603979349136 0.770821541547775 0.809332519769669 1.04298039525747 0.932248122990131 0.90709613263607 1.34273099899292 1.77554923295975 1.60438048839569 1.61286681890488 1.4613202214241 2.17931222915649 2.9512300491333 3.39953374862671 4.69580984115601 6.14510536193848 12.3314337730408 10.8238101005554 9.71644991636276 14.1902883052826 24.995454788208 14.931111975414 4.51790275631181 -9999 -9999 -9999 -9999 -9999 -9999 -9999 -9999 -9999 -9999 -9999 -9999 -9999 -9999 -9999 -9999 -9999 -9999 -9999
-9999 -9999 -9999 -9999 -9999 -9999 -9999 3.28386068344116 4.1966972844354 3.58012783527374 3.24992555379868 2.85707032680511 2.69344383478165 1.80005046725273 1.58975774049759 1.5348000228405 1.43102177977562 0.955467402935028 0.984899997711182 0.983360230922699 1.030079215765 0.937745243310928 0.725724756717682 0.620817750692368 0.849712461233139 1.07184371352196 2.16139125823975 1.86064732074738 2.01417303085327 2.06813406944275 2.208899974823 5.48422431945801 4.03779590129852 5.40406930446625 5.7629702091217 4.84432625770569 7.06151461601257 11.3199970722198 12.6020931601524 15.7319301366806 7.43003747359063 5.69786846637726 3.25656187534332 -9999 -9999 -9999 -9999 -9999 -9999 -9999 -9999 -9999 -9999 -9999 -9999 -9999 -9999 -9999 -9999 -9999 -9999 -9999
-9999 -9999 -9999 -9999 -9999 -9999 4.19723709992 3.90583395957947 3.98655247688293 3.36762529611588 3.00806957483292 2.86027652025223 2.95337623357773 2.16790676116943 1.39778193831444 1.21995151042938 1.09046599268913 0.926081985235214 0.898902505636215 0.656836129724979 1.13121074438095 0.897897005081177 0.644699245691299 0.581040769815445 0.72486899793148 0.917778789997101 2.3222159743309 2.32594567537308 2.3986821770668 2.58670949935913 2.0054337978363 3.40945851802826 3.90459370613098 1.54858124256134 1.79346746206284 6.21867871284485 7.85485571622849 10.1638394594193 10.7154141068459 -9999 -9999 -9999 -9999 -9999 -9999 -9999 -9999 -9999 -9999 -9999 -9999 -9999 -9999 -9999 -9999 -9999 -9999 -9999 -9999 -9999 -9999 -9999
-9999 -9999 -9999 -9999 4.965702633063 4.0492091178894 3.72078669071198 4.38044548034668 3.38681995868683 2.82048207521439 2.52677303552628 2.77849668264389 2.9565834403038 2.05606549978256 1.21456226706505 1.02834802865982 1.0124240219593 0.96255524456501 0.957916766405106 0.613822851330042 0.580630872398615 0.598422020673752 0.672958508133888 0.958114475011826 0.972263753414154 1.22664861381054 2.22274267673492 2.36249703168869 2.04160577058792 1.76783627271652 1.80062466859818 1.91010975837708 1.81811624765396 1.64430445432663 3.67073106765747 7.56012636423111 7.65804755687714 10.4099976186002 -9999 -9999 -9999 -9999 -9999 -9999 -9999 -9999 -9999 -9999 -9999 -9999 -9999 -9999 -9999 -9999 -9999 -9999 -9999 -9999 -9999 -9999 -9999 -9999
-9999 -9999 -9999 -9999 4.04084312915802 4.07261407375336 3.72107303142548 4.10537886619568 3.26824271678925 2.76687687635422 2.20321995019913 2.33351376652718 2.14573752880096 1.54702028632164 1.05567198991776 1.02011477947235 1.06184251606464 0.857052236795425 0.883492261171341 0.862970471382141 0.644258245825768 0.69895800948143 0.761000990867615 1.07800349593163 1.25794422626495 1.74739354848862 1.62704783678055 1.67532366514206 1.85031294822693 2.31982272863388 3.03754663467407 3.60821843147278 3.88472628593445 5.07337939739227 6.30200958251953 15.3496958017349 17.6575276851654 -9999 -9999 -9999 -9999 -9999 -9999 -9999 -9999 -9999 -9999 -9999 -9999 -9999 -9999 -9999 -9999 -9999 -9999 -9999 -9999 -9999 -9999 -9999 -9999 -9999
-9999 9.58824354843054 3.86032529104324 4.09787927071253 4.08880454964108 3.74431324005127 3.63194251060486 3.62496942281723 3.41973167657852 2.7931432723999 2.17500153183937 1.78381252288818 1.90503895282745 1.12124553322792 0.960106983780861 0.904512271285057 1.61003476381302 1.58226907253265 1.33289328217506 1.18183797597885 0.923918277025223 1.0229287147522 1.07435622811317 1.22680047154427 1.4596035182476 1.75416219234467 1.8420233130455 2.01706427335739 2.07995921373367 3.2014993429184 3.90007138252258 4.4283127784729 5.34774219989777 12.5730085372925 14.4794132709503 -9999 -9999 -9999 -9999 -9999 -9999 -9999 -9999 -9999 -9999 -9999 -9999 -9999 -9999 -9999 -9999 -9999 -9999 -9999 -9999 -9999 -9999 -9999 -9999 -9999 -9999 -9999
4.00139980620526 4.1321622133255 4.19559729099274 3.29117822647095 3.39137017726898 3.43120932579041 3.07720184326172 3.52737164497375 3.03833591938019 2.40568882226944 2.21618556976318 1.69260674715042 1.62353181838989 1.90074898302555 0.936898246407509 0.784604027867317 1.23317322134972 1.3749532699585 1.49592071771622 1.21410450339317 1.25298598408699 1.36377829313278 1.3406737446785 1.25281646847725 1.58289974927902 1.72799098491669 1.94903773069382 2.18997520208359 2.41135883331299 4.51304233074188 5.97432017326355 7.64110851287842 7.81713366508484 -9999 -9999 -9999 -9999 -9999 -9999 -9999 -9999 -9999 -9999 -9999 -9999 -9999 -9999 -9999 -9999 -9999 -9999 -9999 -9999 -9999 -9999 -9999 -9999 -9999 -9999 -9999 -9999 -9999
4.3647192808298 4.26493687099881 4.00630605220795 3.38620603084564 3.29305356740952 3.3200551867485 3.15082991123199 2.48431801795959 3.05940234661102 2.30179041624069 1.83369076251984 1.75280776619911 1.17194178700447 1.79983578622341 0.915737748146057 1.27200865745544 1.12416449189186 0.926940366625786 0.806089147925377 0.814289644360542 1.45715779066086 1.48569229245186 1.49905952811241 1.42715173959732 2.13811200857162 2.63670891523361 3.1679595708847 3.50878357887268 6.06397747993469 6.1029953956604 6.94438862800598 8.449063539505 9.61744379997253 9.97027595419633 50.3855795310094 3.81838223789677 -9999 -9999 -9999 -9999 -9999 -9999 -9999 -9999 -9999 -9999 -9999 -9999 -9999 -9999 -9999 -9999 -9999 -9999 -9999 -9999 -9999 -9999 -9999 -9999 -9999 -9999
3.38153600692749 2.88171470165253 3.04021382331848 3.04938006401062 3.25882482528687 2.70508277416229 2.22939121723175 2.3219812810421 2.22984114289284 1.97303661704063 1.7212537676096 1.11877900362015 1.71902543306351 1.65889616310596 1.53922127187252 1.40222136676311 0.977101877331734 0.860628381371498 0.950306251645088 1.4660932123661 1.40544828772545 1.43217220902443 1.2513607442379 1.43487301468849 2.2125923037529 3.53182947635651 4.39654111862183 5.41946089267731 11.7594974040985 13.460024356842 7.06301300342266 -9999 -9999 -9999 -9999 -9999 -9999 -9999 -9999 -9999 -9999 -9999 -9999 -9999 -9999 -9999 -9999 -9999 -9999 -9999 -9999 -9999 -9999 -9999 -9999 -9999 -9999 -9999 -9999 -9999 -9999 -9999
3.11693036556244 3.24583899974823 3.49113881587982 3.05854547023773 3.02709579467773 3.37273842096329 2.90516513586044 2.76979234814644 2.6841821372509 1.67397379875183 1.75605896115303 1.25604298710823 1.54027386009693 0.924034535884857 1.38207565248013 0.990446984767914 0.848557502031326 1.25613301992416 1.33405047655106 1.25722950696945 1.58860051631927 1.33383446931839 1.01548799872398 1.29760649800301 4.01915609836578 5.21322083473206 5.45609414577484 9.97239875793457 10.0257897377014 7.60175102949142 5.2966127872467 6.19205136732622 -9999 -9999 -9999 -9999 -9999 -9999 7.40655091603597 12.6942715644836 -9999 -9999 -9999 -9999 -9999 -9999 -9999 -9999 -9999 -9999 -9999 -9999 -9999 -9999 -9999 -9999 -9999 -9999 -9999 -9999 -9999 -9999
4.71129083633423 5.05928587913513 4.74442446231842 4.08748197555542 5.06994726377375 3.44001090526581 3.14663593769074 3.65618240833282 4.49463897943497 2.50172361731529 1.5432270616293 1.21208135783672 1.3208621442318 1.31640377640724 1.1887683570385 1.16656275093555 1.57759201526642 1.41355875134468 1.30836072564125 1.93844926357269 1.21189722418785 0.868680775165558 0.751559257507324 2.26744276285172 3.36476200819016 3.83928340673447 4.25948631763458 3.65364798903465 3.38440139293671 3.8463850915432 5.90705360864338 3.42093944549561 -9999 -9999 -9999 -9999 -9999 -9999 -9999 -9999 -9999 -9999 -9999 -9999 -9999 -9999 -9999 -9999 -9999 -9999 -9999 -9999 -9999 -9999 -9999 -9999 -9999 -9999 -9999 -9999 -9999 -9999
-9999 -9999 -9999 -9999 -9999 3.50735882708901 3.94753885269165 3.43872129917145 3.35407528281212 1.62991055846214 1.27626411616802 1.20993867516518 1.37827536463737 1.4121251553297 1.4033328294754 1.20872926712036 1.21162122488022 1.37048774957657 1.39236071705818 1.2170145213604 1.01094746589661 0.87926173210144 0.701352015137672 4.55476981401443 4.88063178062439 5.35912611749437 -9999 -9999 -9999 -9999 -9999 -9999 -9999 -9999 -9999 -9999 -9999 -9999 -9999 -9999 -9999 -9999 -9999 -9999 -9999 -9999 -9999 -9999 -9999 -9999 -9999 -9999 -9999 -9999 -9999 -9999 -9999 -9999 -9999 -9999 -9999 -9999
-9999 -9999 -9999 -9999 -9999 -9999 2.9728647172451 2.48298329114914 1.5358852148056 1.09126600623131 1.27795051038265 0.931942462921143 1.04975026845932 1.10291621088982 1.24319770932198 1.32509770989418 1.37397220730782 1.36904552578926 1.51263374090195 5.13447439670563 4.49184811115265 4.04775238037109 3.7615270614624 2.7383219738987 -9999 -9999 -9999 -9999 -9999 -9999 -9999 -9999 -9999 -9999 -9999 -9999 -9999 -9999 -9999 -9999 -9999 -9999 -9999 -9999 -9999 -9999 -9999 -9999 -9999 -9999 -9999 -9999 -9999 -9999 -9999 -9999 -9999 -9999 -9999 -9999 -9999 -9999
