EcologicalScience/Bass/data/rs_data_bass/chl_379.asc
NCOLS 226 
NROWS 124 
XLLCORNER -9.41648524995501 
YLLCORNER 47.587301625531 
CELLSIZE 0.0833 
NODATA_value -9999 
[rows 0 to 26 of 124, columns 62 to 123 of 226]
-9999 -9999 -9999 -9999 -9999 -9999 -9999 -9999 -9999 -9999 -9999 -9999 -9999 -9999 -9999 -9999 -9999 -9999 -9999 -9999 -9999 -9999 -9999 -9999 -9999 -9999 -9999 -9999 -9999 -9999 -9999 -9999 -9999 -9999 -9999 -9999 -9999 -9999 -9999 -9999 -9999 -9999 -9999 -9999 -9999 -9999 -9999 -9999 -9999 -9999 -9999 -9999 -9999 -9999 -9999 -9999 -9999 -9999 -9999 -9999 -9999 -9999
-9999 -9999 -9999 -9999 -9999 -9999 -9999 -9999 -9999 -9999 -9999 -9999 -9999 -9999 -9999 -9999 -9999 -9999 -9999 -9999 -9999 -9999 -9999 -9999 -9999 -9999 -9999 -9999 -9999 -9999 -9999 -9999 -9999 -9999 -9999 -9999 -9999 -9999 -9999 -9999 -9999 -9999 -9999 -9999 -9999 -9999 -9999 -9999 -9999 -9999 -9999 -9999 -9999 -9999 -9999 -9999 -9999 -9999 -9999 -9999 -9999 -9999
-9999 -9999 -9999 -9999 -9999 -9999 -9999 -9999 -9999 -9999 -9999 -9999 -9999 -9999 -9999 -9999 -9999 -9999 -9999 -9999 -9999 -9999 -9999 -9999 -9999 -9999 -9999 -9999 -9999 -9999 -9999 -9999 -9999 -9999 -9999 -9999 -9999 -9999 -9999 -9999 -9999 -9999 -9999 -9999 -9999 -9999 -9999 -9999 -9999 -9999 -9999 -9999 -9999 -9999 -9999 -9999 -9999 -9999 -9999 -9999 -9999 -9999
-9999 -9999 -9999 -9999 -9999 -9999 -9999 -9999 -9999 -9999 -9999 -9999 -9999 -9999 -9999 -9999 -9999 -9999 -9999 -9999 -9999 -9999 -9999 -9999 -9999 -9999 -9999 -9999 -9999 -9999 -9999 -9999 -9999 -9999 -9999 -9999 -9999 -9999 -9999 -9999 -9999 -9999 -9999 -9999 -9999 -9999 -9999 -9999 -9999 -9999 -9999 -9999 -9999 -9999 -9999 -9999 -9999 -9999 -9999 -9999 -9999 -9999
-9999 -9999 -9999 -9999 -9999 -9999 -9999 -9999 -9999 -9999 -9999 -9999 -9999 -9999 -9999 -9999 -9999 -9999 -9999 -9999 -9999 -9999 -9999 -9999 -9999 -9999 -9999 -9999 -9999 -9999 -9999 -9999 -9999 -9999 -9999 -9999 -9999 -9999 -9999 -9999 -9999 -9999 -9999 -9999 -9999 -9999 -9999 -9999 -9999 -9999 -9999 -9999 -9999 -9999 -9999 -9999 -9999 -9999 -9999 -9999 -9999 -9999
-9999 -9999 -9999 -9999 -9999 -9999 -9999 -9999 -9999 -9999 -9999 -9999 -9999 -9999 -9999 -9999 -9999 -9999 -9999 -9999 -9999 -9999 -9999 -9999 -9999 -9999 -9999 -9999 0.63735419511795 1.3089437109493 6.20987033843994 2.05608075857162 1.70125883817673 1.71031504869461 1.25196602940559 1.23298653960228 1.96882349252701 2.56905519962311 4.32755398750305 3.88501954078674 3.33395040035248 3.19554376602173 2.66821879148483 1.74362397193909 1.14074251055717 1.22783848643303 1.22942098975182 1.36642947793007 1.04885923862457 1.03744724392891 1.00753274559975 1.06613177061081 1.11179772019386 1.2464565038681 2.48180025815964 3.57974553108215 2.22448128461838 1.59240067005157 1.68814194202423 1.7645189166069 1.83361047506332 1.76822930574417
-9999 -9999 -9999 -9999 -9999 -9999 -9999 -9999 -9999 -9999 -9999 -9999 -9999 -9999 -9999 -9999 -9999 -9999 -9999 -9999 -9999 -9999 -9999 -9999 -9999 -9999 1.18186515569687 1.0627324283123 5.00158488750458 4.82403910160065 5.29989087581635 2.2824786901474 1.57080227136612 1.55626648664474 1.43557128310204 1.46458795666695 2.21171021461487 1.93425071239471 2.6630864739418 2.31062471866608 2.30947726964951 1.43740573525429 0.99047926068306 1.00225800275803 1.02253952622414 0.973653763532639 0.874959737062454 0.897053271532059 1.11089470982552 1.21875447034836 1.03952479362488 1.10871452093124 1.68291825056076 1.77209025621414 1.61994677782059 1.7294288277626 1.76556891202927 1.83481121063232 1.52304518222809 1.52186322212219 1.55022007226944 1.68560707569122
-9999 -9999 -9999 -9999 -9999 -9999 -9999 -9999 -9999 -9999 -9999 -9999 -9999 -9999 -9999 -9999 -9999 -9999 -9999 -9999 -9999 -9999 -9999 -9999 -9999 -9999 1.18186515569687 3.06403648853302 2.93079453706741 2.57768028974533 2.56662833690643 2.06510031223297 2.27594858407974 4.2064790725708 3.87878465652466 3.81685888767242 2.72586750984192 1.73002874851227 1.13368570804596 1.00937622785568 1.04934301972389 0.919716775417328 0.890962511301041 0.926974475383759 0.942363023757935 1.02351227402687 1.49161425232887 1.61555027961731 1.70460158586502 1.80756229162216 1.62938243150711 1.58946830034256 1.56673353910446 1.75520932674408 1.76144170761108 1.66905981302261 1.61007517576218 1.81038755178452 1.65220803022385 1.40455198287964 1.4026537835598 1.46840545535088
-9999 -9999 -9999 -9999 -9999 -9999 -9999 -9999 -9999 -9999 -9999 -9999 -9999 -9999 -9999 -9999 -9999 -9999 -9999 -9999 -9999 -9999 -9999 -9999 -9999 -9999 2.90650945901871 2.212826192379 1.59309303760529 1.40525624155998 1.30693727731705 1.32899478077888 1.53947925567627 1.89558523893356 1.66202706098557 1.57797145843506 1.62039291858673 1.56289350986481 1.22381776571274 1.00702723860741 1.01179799437523 0.996641278266907 1.00140899419785 1.15577852725983 1.05426675081253 1.41521170735359 1.74925804138184 1.85342180728912 1.7097539305687 1.70281505584717 1.65784281492233 1.79399406909943 1.82334977388382 1.66874545812607 1.77299916744232 1.63415855169296 1.58795481920242 1.6796767115593 1.53464251756668 1.30760022997856 1.20428252220154 1.29291379451752
-9999 -9999 -9999 -9999 -9999 -9999 -9999 -9999 -9999 -9999 -9999 -9999 -9999 -9999 -9999 -9999 -9999 -9999 -9999 -9999 -9999 -9999 -9999 -9999 -9999 1.19121462106705 2.00869131088257 1.56950926780701 1.3032840192318 1.14019721746445 1.06461971998215 1.06828424334526 1.08768823742867 1.16379377245903 1.26479396224022 1.41455778479576 1.35911777615547 1.15329676866531 1.03577774763107 1.01609176397324 1.0518239736557 1.10554423928261 1.28291773796082 1.34516251087189 1.37937372922897 1.93195277452469 2.07786905765533 1.83765381574631 1.59873443841934 1.46724674105644 1.47523874044418 1.63834494352341 1.66146218776703 1.638068318367 1.75514549016953 1.66287070512772 1.57230448722839 1.32975670695305 1.29614621400833 1.20620700716972 1.18275824189186 1.19599351286888
-9999 -9999 -9999 -9999 -9999 -9999 -9999 -9999 -9999 -9999 -9999 -9999 -9999 -9999 -9999 -9999 -9999 -9999 -9999 -9999 -9999 -9999 -9999 -9999 -9999 1.57166916131973 1.41268345713615 1.28972554206848 1.17233249545097 1.1389102935791 1.01885104179382 0.940755039453506 0.912090003490448 0.903683245182037 0.968765258789062 1.00969952344894 1.03340551257133 1.11611920595169 1.18149822950363 1.14837598800659 1.11343351006508 1.13390403985977 1.21764671802521 1.29618072509766 1.48306122422218 1.97960776090622 2.11230897903442 1.83467549085617 1.60291421413422 1.40221872925758 1.33762729167938 1.39439696073532 1.47078296542168 1.63047820329666 1.66640174388885 1.58549022674561 1.48630195856094 1.41493570804596 1.27461299300194 1.1703442633152 1.12591803073883 1.10089874267578
-9999 -9999 -9999 -9999 -9999 -9999 -9999 -9999 -9999 -9999 -9999 -9999 -9999 -9999 -9999 -9999 -9999 -9999 -9999 -9999 -9999 -9999 -9999 -9999 1.31647038459778 1.60744267702103 1.39118099212646 1.22884574532509 1.10394224524498 1.16244900226593 1.08874797821045 0.969679534435272 0.922304213047028 0.945502460002899 0.975115478038788 1.02411523461342 1.13914802670479 1.25519326329231 1.2817987203598 1.28222027420998 1.31138777732849 1.34893503785133 1.32227700948715 1.35911402106285 1.58312845230103 1.63436025381088 1.97138392925262 2.02145254611969 1.68397200107574 1.55232900381088 1.44269996881485 1.46458652615547 1.69310027360916 1.6187955737114 1.63957732915878 1.71145498752594 1.5803205370903 1.42589771747589 1.3053982257843 1.42141422629356 1.24269899725914 1.31038498878479
-9999 -9999 -9999 -9999 -9999 -9999 -9999 -9999 -9999 -9999 -9999 -9999 -9999 -9999 -9999 -9999 -9999 -9999 -9999 -9999 -9999 -9999 -9999 1.50594073534012 1.82632273435593 1.57250100374222 1.38085654377937 1.14815399050713 1.03764599561691 1.05767253041267 1.03369796276093 0.985607206821442 0.972487539052963 0.971709787845612 1.01789250969887 1.1127772629261 1.17586576938629 1.34008276462555 1.42236971855164 1.43756926059723 1.50387293100357 1.53521543741226 1.45936346054077 1.41383546590805 1.42899146676064 1.62935328483582 1.78546267747879 1.83924221992493 1.68961805105209 1.67877817153931 1.62456142902374 1.60951191186905 1.63273733854294 1.64583599567413 1.6457228064537 1.59602916240692 1.41020554304123 1.35400950908661 1.39857298135757 1.41602101922035 1.34939628839493 1.43180850148201
-9999 -9999 -9999 -9999 -9999 -9999 -9999 -9999 -9999 -9999 -9999 -9999 -9999 -9999 -9999 -9999 -9999 -9999 -9999 -9999 -9999 -9999 2.76295870542526 2.30704808235168 1.80161243677139 1.33361399173737 1.17001953721046 1.04574975371361 0.989273965358734 0.996616512537003 1.02146172523499 1.05578103661537 1.06955999135971 1.09801572561264 1.1377574801445 1.18233901262283 1.26387897133827 1.35776397585869 1.42666652798653 1.52822399139404 1.65747821331024 1.58561557531357 1.51910018920898 1.57672941684723 1.48117795586586 1.49579697847366 1.62951672077179 1.38504445552826 1.32432827353477 1.35322648286819 1.48700997233391 1.64260429143906 1.61556673049927 1.66851603984833 1.69413757324219 1.62492156028748 1.45529025793076 1.37365570664406 1.27613174915314 1.30692449212074 1.44481953978539 1.44920852780342
-9999 -9999 -9999 -9999 -9999 -9999 -9999 -9999 -9999 -9999 -9999 -9999 -9999 -9999 -9999 -9999 -9999 -9999 -9999 -9999 2.64602583646774 2.19624232831486 2.34424942731857 1.9885305762291 1.60526257753372 1.24267727136612 1.21081128716469 1.15780645608902 1.09738352894783 1.0545015335083 1.08401396870613 1.15048196911812 1.30239826440811 1.36226025223732 1.36010554432869 1.35314476490021 1.3149442076683 1.55887949466705 1.73458796739578 1.72821307182312 1.65858221054077 1.68716704845428 1.76685833930969 1.6088781952858 1.59993070363998 1.57575523853302 1.27898401021957 1.29524928331375 1.27133327722549 1.32135602831841 1.37677422165871 1.64881718158722 1.76227873563766 1.61773949861526 1.6076175570488 1.67139744758606 1.5495936870575 1.47333070635796 1.40259379148483 1.48491677641869 1.39560225605965 1.40486553311348
-9999 -9999 -9999 -9999 -9999 -9999 -9999 -9999 -9999 -9999 -9999 -9999 -9999 -9999 -9999 -9999 -9999 -9999 -9999 -9999 2.31565016098403 2.47580552101135 1.95258146524429 1.55311650037766 1.37150922417641 1.30183276534081 1.28079825639725 1.27462202310562 1.25101572275162 1.23869696259499 1.20720899105072 1.28506350517273 1.4425582587719 1.61841827630997 1.56595051288605 1.3848352432251 1.43017798662186 1.41726520657539 1.47751504182816 1.3554795384407 1.23524853587151 1.22715747356415 1.35294896364212 1.46512278914452 1.3712857067585 1.30128747224808 1.21854221820831 1.23840522766113 1.41302695870399 1.43470573425293 1.40528324246407 1.37787303328514 1.53578925132751 1.48235097527504 1.53387004137039 1.68666297197342 1.94029051065445 1.75786650180817 1.56567907333374 1.60784482955933 1.62901943922043 1.58417093753815
-9999 -9999 -9999 -9999 -9999 -9999 -9999 -9999 -9999 -9999 -9999 -9999 -9999 -9999 -9999 -9999 -9999 -9999 -9999 5.83353674411774 3.07418775558472 2.18669253587723 1.71824777126312 1.61185276508331 1.49179422855377 1.38492822647095 1.32958495616913 1.4364772439003 1.55570769309998 1.7059012055397 1.7271044254303 1.77704179286957 1.90496170520782 1.94223153591156 1.841537296772 1.66827142238617 1.41686850786209 1.34216549992561 1.31906551122665 1.30765727162361 1.23018300533295 1.17241653800011 1.16985896229744 1.18157923221588 1.22038051486015 1.25231248140335 1.42064622044563 1.52362954616547 1.55353116989136 1.51267343759537 1.39895322918892 1.3330927491188 1.45203226804733 1.57248294353485 1.57649552822113 1.58511453866959 1.73248797655106 1.70505291223526 1.81305527687073 1.84650528430939 1.77015906572342 1.6468026638031
-9999 -9999 -9999 -9999 -9999 -9999 -9999 -9999 -9999 -9999 -9999 -9999 -9999 -9999 -9999 -9999 -9999 -9999 7.82463312149048 6.80689287185669 4.64238917827606 3.22592997550964 2.68794894218445 2.7955949306488 2.14255428314209 2.05385541915894 2.29917007684708 1.89495080709457 2.09898233413696 2.25026625394821 2.60381251573563 2.441426217556 2.34858530759811 2.2137097120285 2.04750752449036 1.94415378570557 1.8681914806366 1.56277942657471 1.5448522567749 1.50569093227386 1.40827801823616 1.34054696559906 1.24883776903152 1.20397120714188 1.2075360417366 1.3723372220993 1.3861620426178 1.4356124997139 1.70004147291183 1.85365730524063 1.57889628410339 1.70550227165222 1.79009467363358 1.69022101163864 1.60360425710678 1.53631943464279 1.52519631385803 1.53995472192764 1.59363752603531 1.71673357486725 1.73303246498108 1.68554770946503
-9999 -9999 -9999 -9999 -9999 -9999 -9999 -9999 -9999 -9999 -9999 -9999 -9999 -9999 -9999 -9999 -9999 34.8365453130248 24.3301935195923 6.84731769561768 9.05439734458923 8.2832407951355 8.30113363265991 6.70687866210938 7.18185639381409 6.33617305755615 7.49433588981628 4.41728317737579 3.29408383369446 3.16691923141479 3.65062129497528 3.6853483915329 3.51303148269653 3.65756857395172 3.70093417167664 2.09574455022812 2.18705999851227 2.15309250354767 2.01309370994568 1.77494698762894 1.73574149608612 1.72123432159424 1.60398977994919 1.5296031832695 1.44857025146484 1.36257228255272 1.59149783849716 1.65779542922974 1.62869328260422 1.93787258863449 1.91557270288467 1.86981600522995 1.89492827653885 1.53663003444672 1.26283729076385 1.13211822509766 1.41692778468132 1.46595302224159 1.34101277589798 1.3432320356369 1.60736095905304 1.71883803606033
-9999 -9999 -9999 -9999 -9999 -9999 -9999 -9999 -9999 -9999 -9999 -9999 -9999 -9999 -9999 -9999 -9999 -9999 -9999 7.32216310501099 6.08074378967285 4.80062556266785 6.00726842880249 11.4855644702911 8.58434271812439 8.92352342605591 12.1301493644714 9.66840648651123 4.43230354785919 4.15964090824127 3.60935926437378 2.96465849876404 4.3136579990387 4.04956805706024 3.43012940883636 3.27875912189484 3.25528943538666 3.12319350242615 2.92094993591309 2.40947699546814 2.27827942371368 2.15472453832626 1.7517254948616 1.48493322730064 1.54124182462692 1.53256505727768 1.55511152744293 1.84868091344833 1.77057605981827 1.94208669662476 2.08756881952286 1.8465381860733 1.77934044599533 1.58598446846008 1.31398048996925 1.25694599747658 1.15341898798943 1.16212651133537 1.32311028242111 1.55678844451904 1.58014118671417 1.48893597722054
-9999 -9999 -9999 -9999 -9999 -9999 -9999 -9999 -9999 -9999 -9999 -9999 -9999 -9999 -9999 43.3465194141164 4.01569900729439 2.46763180834906 5.47532308101654 4.07299268245697 5.00822782516479 4.78063952922821 5.56223559379578 5.62622094154358 4.50048530101776 8.17489099502563 7.37321448326111 6.86578559875488 5.66412305831909 5.3692102432251 5.36824035644531 4.42674458026886 4.63387942314148 4.16329193115234 3.97921657562256 4.43758642673492 4.93822431564331 5.28278625011444 4.77144742012024 2.89458382129669 2.63919907808304 2.32235848903656 2.07970941066742 2.20212972164154 2.24501180648804 1.69574403762817 1.40292075276375 1.60741049051285 1.86308991909027 2.06900918483734 2.08457708358765 2.02824676036835 2.14342421293259 2.07351744174957 1.76426696777344 1.49549245834351 1.2856522500515 1.18664252758026 1.25733527541161 1.81945270299911 2.10811793804169 2.00626426935196
-9999 -9999 -9999 -9999 -9999 -9999 -9999 -9999 -9999 -9999 35.2986888885498 35.2986888885498 13.7248649597168 9.34938097000122 26.6231460571289 11.8360197544098 10.9601562023163 10.6490120887756 4.17417240142822 9.54915761947632 7.29046368598938 5.5738799571991 5.73107993602753 2.51267623901367 2.93654108047485 3.83201837539673 4.84793758392334 6.20204615592957 6.25890398025513 5.90034306049347 4.46825087070465 3.53243029117584 2.92982929944992 2.49654078483582 3.05232882499695 2.15122801065445 3.73337388038635 3.77833878993988 4.43212509155273 2.45370680093765 2.30711102485657 2.7188166975975 3.73982405662537 5.11803066730499 4.2804411649704 2.69985741376877 2.42129176855087 2.56926155090332 2.58584779500961 2.67140632867813 2.5248795747757 2.49817568063736 2.4590460062027 2.73913425207138 2.67090082168579 2.05157482624054 1.80601644515991 1.36856773495674 1.15405878424644 1.05897000432014 1.17769575119019 1.40600252151489
-9999 -9999 -9999 -9999 -9999 -9999 -9999 -9999 -9999 -9999 35.2986888885498 7.23244194550948 7.66947841644287 8.07722640037537 9.10029458999634 11.0673179626465 25.9049377441406 8.39798604249954 3.16397889828918 30.3500507937537 12.1144580841064 8.71072697639465 7.02552509307861 5.30823004245758 5.11909067630768 7.42599034309387 6.07738208770752 4.37517285346985 3.11930251121521 3.10591435432434 2.586565554142 2.24421679973602 1.8865208029747 2.18568831682205 4.16642332077026 1.68696892261505 1.82593131065369 2.07890170812607 2.50086826086044 2.4008070230484 3.55998516082764 4.08795011043549 3.75950253009796 5.09644711017609 3.99955666065216 4.02358138561249 3.9594794511795 3.37637543678284 3.28728461265564 5.5239794254303 4.74292266368866 5.68222653865814 5.71920132637024 6.09413194656372 5.50163340568542 3.41346967220306 2.43196803331375 1.67431282997131 1.59262508153915 1.54529249668121 1.72636270523071 1.80971771478653
-9999 -9999 -9999 -9999 -9999 -9999 -9999 -9999 -9999 -9999 -9999 -9999 1.3456228349235 7.21795606613159 13.7128171920776 7.01683147748311 -9999 -9999 -9999 -9999 -9999 -9999 16.7679061889648 9.66918468475342 9.30738830566406 4.6434291601181 2.642014503479 2.84353941679001 3.70734536647797 1.60754853487015 2.70896029472351 3.20305037498474 1.81894129514694 1.71985799074173 1.95539170503616 2.87681400775909 2.90905576944351 2.46123594045639 3.42046058177948 3.34648633003235 3.24836790561676 2.53116005659103 1.77074772119522 1.83973342180252 1.56615453958511 1.80226117372513 1.78032445907593 1.97881275415421 2.54068493843079 3.12962865829468 5.55667054653168 6.06907725334167 5.44404458999634 5.28670799732208 5.04352712631226 3.90414762496948 1.68267291784286 1.77340650558472 1.74138754606247 1.49199146032333 1.37065270543098 1.29978749155998
-9999 -9999 -9999 -9999 -9999 -9999 -9999 -9999 -9999 -9999 -9999 -9999 -9999 16.6274771690369 16.6274771690369 16.6274771690369 -9999 -9999 -9999 -9999 -9999 -9999 4.94490551948547 4.94490551948547 4.94490551948547 0.308659605681896 2.52293032407761 6.94542217254639 3.64826023578644 4.47469210624695 1.27750200033188 2.28342068195343 3.52481710910797 3.12409257888794 2.46545630693436 3.91488075256348 5.27197659015656 3.28112697601318 3.3231840133667 1.59637641906738 1.56720149517059 1.80706268548965 1.92234456539154 1.80253726243973 1.89467704296112 2.02399206161499 2.34071928262711 2.22201293706894 2.47738122940063 4.20586359500885 5.31072378158569 3.70094704627991 3.049635887146 3.83660781383514 2.98586404323578 2.09483993053436 2.69624179601669 1.74435067176819 1.55109304189682 1.25151970982552 1.21017676591873 1.22777098417282
-9999 -9999 -9999 -9999 -9999 -9999 -9999 -9999 -9999 -9999 -9999 -9999 -9999 -9999 -9999 -9999 -9999 -9999 -9999 -9999 -9999 -9999 -9999 -9999 -9999 -9999 3.75883846879005 7.04992318153381 3.10162138938904 2.13349574804306 1.80105006694794 2.53858941793442 1.88136899471283 1.61190229654312 1.88025605678558 3.14870846271515 2.53394258022308 2.01999145746231 2.63410806655884 2.21450328826904 2.78622078895569 3.75252985954285 2.46813833713531 2.33297020196915 2.15440267324448 1.8900089263916 1.683021068573 1.88392871618271 2.31114900112152 1.35576224327087 1.37675625085831 1.42636048793793 1.46578127145767 2.31685870885849 2.33075773715973 1.9235976934433 2.37084156274796 1.93912500143051 1.25194877386093 1.06336721777916 1.12167602777481 1.09412401914597
-9999 -9999 -9999 -9999 -9999 -9999 -9999 -9999 -9999 -9999 -9999 -9999 -9999 -9999 -9999 -9999 -9999 -9999 -9999 -9999 -9999 -9999 -9999 -9999 -9999 -9999 -9999 4.18758566782508 3.94627046585083 2.54171401262283 1.83294975757599 2.88401019573212 2.7754470705986 2.21101123094559 2.22984606027603 6.78815889358521 3.5553914308548 2.85715717077255 1.57292926311493 1.62602323293686 1.52214074134827 1.4256232380867 1.54949855804443 1.53508347272873 1.34167796373367 1.26254323124886 1.25056046247482 1.31221354007721 1.32171070575714 1.23502573370934 1.40510174632072 1.65881252288818 1.62891376018524 1.69398593902588 1.7973210811615 1.71745204925537 2.28606444597244 1.26364874839783 1.40657624602318 1.35873225331306 1.26206177473068 1.13811296224594
