EcologicalScience/Bass/data/rs_data_bass/chl_297.asc
NCOLS 226 
NROWS 124 
XLLCORNER -9.41648524995501 
YLLCORNER 47.587301625531 
CELLSIZE 0.0833 
NODATA_value -9999 
[rows 0 to 26 of 124, columns 62 to 123 of 226]
-9999 -9999 -9999 -9999 -9999 -9999 -9999 -9999 -9999 -9999 -9999 -9999 -9999 -9999 -9999 -9999 -9999 -9999 -9999 -9999 -9999 -9999 -9999 -9999 -9999 -9999 -9999 -9999 -9999 -9999 -9999 -9999 -9999 -9999 -9999 -9999 -9999 -9999 -9999 -9999 -9999 -9999 -9999 -9999 -9999 -9999 -9999 -9999 -9999 -9999 -9999 -9999 -9999 -9999 -9999 -9999 -9999 -9999 -9999 -9999 -9999 -9999
-9999 -9999 -9999 -9999 -9999 -9999 -9999 -9999 -9999 -9999 -9999 -9999 -9999 -9999 -9999 -9999 -9999 -9999 -9999 -9999 -9999 -9999 -9999 -9999 -9999 -9999 -9999 -9999 -9999 -9999 -9999 -9999 -9999 -9999 -9999 -9999 -9999 -9999 -9999 -9999 -9999 -9999 -9999 -9999 -9999 -9999 -9999 -9999 -9999 -9999 -9999 -9999 -9999 -9999 -9999 -9999 -9999 -9999 -9999 -9999 -9999 -9999
-9999 -9999 -9999 -9999 -9999 -9999 -9999 -9999 -9999 -9999 -9999 -9999 -9999 -9999 -9999 -9999 -9999 -9999 -9999 -9999 -9999 -9999 -9999 -9999 -9999 -9999 -9999 -9999 -9999 -9999 -9999 -9999 -9999 -9999 -9999 -9999 -9999 -9999 -9999 -9999 -9999 -9999 -9999 -9999 -9999 -9999 -9999 -9999 -9999 -9999 -9999 -9999 -9999 -9999 -9999 -9999 -9999 -9999 -9999 -9999 -9999 -9999
-9999 -9999 -9999 -9999 -9999 -9999 -9999 -9999 -9999 -9999 -9999 -9999 -9999 -9999 -9999 -9999 -9999 -9999 -9999 -9999 -9999 -9999 -9999 -9999 -9999 -9999 -9999 -9999 -9999 -9999 -9999 -9999 -9999 -9999 -9999 -9999 -9999 -9999 -9999 -9999 -9999 -9999 -9999 -9999 -9999 -9999 -9999 -9999 -9999 -9999 -9999 -9999 -9999 -9999 -9999 -9999 -9999 -9999 -9999 -9999 -9999 -9999
-9999 -9999 -9999 -9999 -9999 -9999 -9999 -9999 -9999 -9999 -9999 -9999 -9999 -9999 -9999 -9999 -9999 -9999 -9999 -9999 -9999 -9999 -9999 -9999 -9999 -9999 -9999 -9999 -9999 -9999 -9999 -9999 -9999 -9999 -9999 -9999 -9999 -9999 -9999 -9999 -9999 -9999 -9999 -9999 -9999 -9999 -9999 -9999 -9999 -9999 -9999 -9999 -9999 -9999 -9999 -9999 -9999 -9999 -9999 -9999 -9999 -9999
-9999 -9999 -9999 -9999 -9999 -9999 -9999 -9999 -9999 -9999 -9999 -9999 -9999 -9999 -9999 -9999 -9999 -9999 -9999 -9999 -9999 -9999 -9999 -9999 -9999 -9999 -9999 -9999 0.63735419511795 1.13129744009815 1.7326762676239 1.17566549777985 1.2995745241642 1.28722974658012 1.32357650995255 1.20621526241302 1.21976602077484 1.25954002141953 1.40178498625755 1.48815497756004 1.37009951472282 1.3006095290184 1.29267454147339 1.3297920525074 1.48951721191406 1.12765923142433 1.15161901712418 1.36889997124672 1.31412148475647 1.30286474525928 1.26792222261429 1.07123747467995 0.629732266068459 0.709185004234314 0.76153651624918 0.495049506425858 0.48997275531292 0.585829764604568 0.583999767899513 0.536906510591507 0.425660982728004 0.449111983180046
-9999 -9999 -9999 -9999 -9999 -9999 -9999 -9999 -9999 -9999 -9999 -9999 -9999 -9999 -9999 -9999 -9999 -9999 -9999 -9999 -9999 -9999 -9999 -9999 -9999 -9999 1.18186515569687 1.0627324283123 3.02220690250397 2.25468599796295 1.37651628255844 0.994325995445251 1.34828326106071 1.41460275650024 1.42331027984619 1.3572082221508 1.33415123820305 1.40961873531342 1.46758496761322 1.50118267536163 1.61213845014572 1.6623732149601 1.74927255511284 1.62699675559998 1.45351347327232 1.31324195861816 1.2739010155201 1.39628925919533 1.32291600108147 1.25383123755455 0.963558524847031 0.57983623445034 0.527563512325287 0.559815019369125 0.503941521048546 0.45602323114872 0.440364003181458 0.505246013402939 0.549970507621765 0.489103496074677 0.389881521463394 0.385551005601883
-9999 -9999 -9999 -9999 -9999 -9999 -9999 -9999 -9999 -9999 -9999 -9999 -9999 -9999 -9999 -9999 -9999 -9999 -9999 -9999 -9999 -9999 -9999 -9999 -9999 -9999 1.18186515569687 3.66846227645874 2.5295205116272 1.43763300776482 1.37858399748802 1.13631901144981 1.32359173893929 1.32198974490166 1.42116746306419 1.44855898618698 1.34552246332169 1.64998269081116 1.64851051568985 1.57375341653824 1.47043758630753 1.43987779319286 1.39609426259995 1.37165960669518 1.33338372409344 1.20681072771549 1.15489836037159 0.933684378862381 0.806717231869698 0.848196759819984 0.50170724093914 0.538570493459702 0.488736748695374 0.474443256855011 0.467414259910583 0.442103236913681 0.416115000844002 0.54781050235033 0.475729510188103 0.42782923579216 0.379892259836197 0.359084241092205
-9999 -9999 -9999 -9999 -9999 -9999 -9999 -9999 -9999 -9999 -9999 -9999 -9999 -9999 -9999 -9999 -9999 -9999 -9999 -9999 -9999 -9999 -9999 -9999 -9999 -9999 4.92374789714813 2.23566520214081 1.70420032739639 1.60001707077026 1.40502753853798 1.4168992638588 1.38707104325294 1.5540075302124 1.80786073207855 1.66757333278656 1.60930198431015 1.50414669513702 1.46592977643013 1.22117663919926 1.25932274758816 1.25916475057602 1.20598301291466 1.17429950833321 0.707103744149208 0.580978497862816 0.631544262170792 0.644672244787216 0.667724646627903 0.52165724337101 0.552104249596596 0.494769752025604 0.473030269145966 0.497946739196777 0.469523996114731 0.434003233909607 0.429082497954369 0.462592497467995 0.445520997047424 0.409800007939339 0.366883501410484 0.32227049767971
-9999 -9999 -9999 -9999 -9999 -9999 -9999 -9999 -9999 -9999 -9999 -9999 -9999 -9999 -9999 -9999 -9999 -9999 -9999 -9999 -9999 -9999 -9999 -9999 -9999 1.19121462106705 1.38250436527388 2.31152182817459 1.57858729362488 1.96103024482727 2.02532851696014 1.86038249731064 1.69552266597748 2.24698716402054 1.92000603675842 1.95217430591583 1.75941753387451 1.60119670629501 1.5673109292984 1.17268726229668 1.06944528222084 1.09333571791649 1.01945847272873 1.10558250546455 1.10492889583111 0.485635489225388 0.890181005001068 0.827416509389877 0.658827021718025 0.555885002017021 0.663793489336967 0.53862302005291 0.533967733383179 0.560284495353699 0.470939263701439 0.403555512428284 0.402497246861458 0.397956758737564 0.380649760365486 0.361553259193897 0.339067496359348 0.311934739351273
-9999 -9999 -9999 -9999 -9999 -9999 -9999 -9999 -9999 -9999 -9999 -9999 -9999 -9999 -9999 -9999 -9999 -9999 -9999 -9999 -9999 -9999 -9999 -9999 -9999 2.26503002643585 2.07064944505692 2.1730837225914 1.80623781681061 2.07015681266785 2.22460645437241 2.40828967094421 2.2870237827301 2.12611055374146 1.53538191318512 1.25100749731064 1.43454524874687 1.1881807744503 1.12977746129036 1.08259803056717 1.0502744615078 1.04404726624489 0.989011466503143 1.14160948991776 1.150809019804 0.844258457422256 0.655469253659248 0.704143479466438 0.67730775475502 0.619554743170738 0.63392248749733 0.584354996681213 0.61430624127388 0.611507266759872 0.499779760837555 0.389274761080742 0.381272256374359 0.329154744744301 0.31903725117445 0.309117749333382 0.323653489351273 0.42034500092268
-9999 -9999 -9999 -9999 -9999 -9999 -9999 -9999 -9999 -9999 -9999 -9999 -9999 -9999 -9999 -9999 -9999 -9999 -9999 -9999 -9999 -9999 -9999 -9999 1.31647038459778 2.21708250045776 2.1459487080574 2.47673696279526 2.4011190533638 1.67576104402542 1.5409260392189 1.75894045829773 2.07952058315277 1.93563973903656 1.05055877566338 0.705727502703667 0.65063850581646 0.729947984218597 0.793588489294052 0.880066484212875 0.97569751739502 0.922093480825424 0.909562468528748 0.909905254840851 0.855097532272339 0.681903764605522 0.607458740472794 0.599407508969307 0.586716011166573 0.595487236976624 0.667775228619576 0.727496266365051 0.575239509344101 0.52827975153923 0.528404250741005 0.425769746303558 0.402982503175735 0.342893242835999 0.344294250011444 0.331192508339882 0.35257800668478 0.351356998085976
-9999 -9999 -9999 -9999 -9999 -9999 -9999 -9999 -9999 -9999 -9999 -9999 -9999 -9999 -9999 -9999 -9999 -9999 -9999 -9999 -9999 -9999 -9999 1.50594073534012 2.16703498363495 1.87479293346405 1.83948004245758 2.13962692022324 1.69075566530228 1.45011001825333 1.70860648155212 1.78360193967819 1.67430746555328 1.19170725345612 0.866821467876434 0.515555262565613 0.575098514556885 0.611494481563568 0.629817008972168 0.612222746014595 0.663240730762482 0.702540010213852 0.699863255023956 0.629171267151833 0.574844241142273 0.527063995599747 0.479507982730865 0.512201249599457 0.489659249782562 0.598259255290031 0.685086742043495 0.732108771800995 0.645670518279076 0.542834267020226 0.456402003765106 0.4062539935112 0.339931502938271 0.347325749695301 0.342611990869045 0.342500992119312 0.358720488846302 0.383342251181602
-9999 -9999 -9999 -9999 -9999 -9999 -9999 -9999 -9999 -9999 -9999 -9999 -9999 -9999 -9999 -9999 -9999 -9999 -9999 -9999 -9999 -9999 2.19148013591766 2.79755568504333 1.89650255441666 0.493469998240471 0.61497075855732 0.858164280653 1.02315598726273 1.13653126358986 1.1621610224247 0.902329534292221 0.740400016307831 0.665413498878479 0.554441258311272 0.434670746326447 0.441904485225677 0.430760979652405 0.419153988361359 0.461769014596939 0.48633223772049 0.48938025534153 0.507942751049995 0.491206482052803 0.505932748317719 0.505694255232811 0.596015989780426 0.50460147857666 0.592335730791092 0.637309491634369 0.628073260188103 0.765647292137146 0.712324507534504 0.435663744807243 0.361593760550022 0.336271494626999 0.329072244465351 0.33644400537014 0.347706757485867 0.377735272049904 0.391308769583702 0.389148741960526
-9999 -9999 -9999 -9999 -9999 -9999 -9999 -9999 -9999 -9999 -9999 -9999 -9999 -9999 -9999 -9999 -9999 -9999 -9999 -9999 2.64602583646774 2.18170363093442 3.32973825931549 2.97693273425102 0.964677035808563 0.660627767443657 0.376304268836975 0.492249771952629 0.704090237617493 0.977161467075348 1.02514654397964 0.986717998981476 0.738255009055138 0.658057495951653 0.593088001012802 0.500087231397629 0.481542751193047 0.427976980805397 0.379988998174667 0.392972990870476 0.461274012923241 0.507078766822815 0.532594487071037 0.51724049448967 0.479014500975609 0.571439981460571 0.393868491053581 0.361405491828918 0.397421255707741 0.498252019286156 0.531968995928764 0.320891261100769 0.311543248593807 0.352715246379375 0.401462271809578 0.372045747935772 0.352019257843494 0.363578259944916 0.36336674541235 0.362763002514839 0.422619760036469 0.403903484344482
-9999 -9999 -9999 -9999 -9999 -9999 -9999 -9999 -9999 -9999 -9999 -9999 -9999 -9999 -9999 -9999 -9999 -9999 -9999 -9999 2.25020985302005 2.73696707189083 2.38464260101318 2.08175848424435 0.805544972419739 0.606488227844238 0.384718492627144 0.489394515752792 0.50467349588871 0.557451769709587 0.713288247585297 0.754079282283783 0.924936711788177 0.681242242455482 0.648305252194405 0.568045511841774 0.364800743758678 0.356225989758968 0.356412000954151 0.436055257916451 0.454713016748428 0.487575754523277 0.581902518868446 0.584938511252403 0.523485749959946 0.598021522164345 0.332490742206573 0.302468240261078 0.285992257297039 0.317833498120308 0.505384504795074 0.27505499124527 0.259944744408131 0.25722299516201 0.211808994412422 0.753432758152485 0.611835367977619 0.333618745207787 0.368524499237537 0.354990005493164 0.359388738870621 0.494267240166664
-9999 -9999 -9999 -9999 -9999 -9999 -9999 -9999 -9999 -9999 -9999 -9999 -9999 -9999 -9999 -9999 -9999 -9999 -9999 3.05265091359615 8.11993432044983 0.775505214929581 0.736520245671272 0.725430741906166 0.464688017964363 0.376301988959312 0.392772004008293 0.450102746486664 0.479234978556633 0.514383763074875 0.510132014751434 0.512761518359184 0.543764233589172 0.557337015867233 0.483675017952919 0.413582995533943 0.360455252230167 0.385456502437592 0.59144626557827 0.598109990358353 0.64528352022171 0.678080230951309 0.668395489454269 0.708810746669769 0.820364266633987 0.819668233394623 0.765555024147034 0.835358619689941 0.997579135000706 1.16920927166939 0.874372132122517 1.02031502127647 0.208456501364708 0.208829998970032 0.24116550385952 0.405521258711815 0.605587854981422 0.373998753726482 0.424662753939629 0.396166518330574 0.580722749233246 0.485408619046211
-9999 -9999 -9999 -9999 -9999 -9999 -9999 -9999 -9999 -9999 -9999 -9999 -9999 -9999 -9999 -9999 -9999 -9999 14.363019824028 1.9539338350296 1.54044967889786 0.990584224462509 0.589298978447914 0.414386227726936 0.537895515561104 0.418946251273155 0.377968490123749 0.460676237940788 0.525204017758369 0.55613100528717 0.521749511361122 0.494829744100571 0.411526501178741 0.424883991479874 0.378951743245125 0.329280003905296 0.375871494412422 0.525281980633736 0.627127513289452 0.643873482942581 0.750964522361755 0.69563926756382 0.640725016593933 0.621711015701294 0.584973737597466 0.649172231554985 0.897687390446663 0.912695623934269 0.778284765779972 0.853116989135742 0.814821749925613 0.82633601129055 0.862908780574799 0.736694253981113 0.657824993133545 0.579951010644436 0.269114255905151 0.329538747668266 0.321094505488873 0.29101873934269 0.289281740784645 0.219239249825478
-9999 -9999 -9999 -9999 -9999 -9999 -9999 -9999 -9999 -9999 -9999 -9999 -9999 -9999 -9999 -9999 -9999 26.9777010796387 21.2986076831818 1.22613975405693 1.23686322569847 1.00635820627213 0.81877800822258 0.616850987076759 0.364323757588863 0.349348492920399 0.370986744761467 0.388993486762047 0.478093519806862 0.525620251893997 0.483651012182236 0.521174982190132 0.422881498932838 0.324148491024971 0.302120245993137 0.303285755217075 0.314675241708755 0.426119238138199 0.498182237148285 0.527594983577728 0.547588482499123 0.573973506689072 0.58111198246479 0.628471478819847 0.533957988023758 0.476527512073517 0.901739604771137 0.767770864069462 0.627055518329144 0.607316225767136 0.645989634096622 0.596251510083675 0.472872376441956 0.489941239356995 0.663516253232956 0.670290753245354 0.357373505830765 0.362150989472866 0.334894493222237 0.246971994638443 0.237169504165649 0.218910746276379
-9999 -9999 -9999 -9999 -9999 -9999 -9999 -9999 -9999 -9999 -9999 -9999 -9999 -9999 -9999 -9999 -9999 -9999 -9999 3.01602387428284 1.16907146573067 1.03415921330452 0.765858024358749 0.476965516805649 0.37729574739933 0.358672499656677 0.380906984210014 0.385746762156487 0.362411990761757 0.372252747416496 0.364436253905296 0.360604494810104 0.322949253022671 0.319983758032322 0.311881497502327 0.309320256114006 0.318765744566917 0.361709251999855 0.405592516064644 0.467633262276649 0.451908767223358 0.437819257378578 0.580415993928909 0.798149228096008 0.816159389913082 0.798135012388229 0.726877860724926 0.785056494176388 0.719971507787704 0.590203508734703 0.491822250187397 0.477812245488167 0.516917243599892 0.588313490152359 0.611790753901005 0.695262014865875 0.580629386007786 0.357565507292747 0.33797550201416 0.271609492599964 0.224077507853508 0.215631745755672
-9999 -9999 -9999 -9999 -9999 -9999 -9999 -9999 -9999 -9999 -9999 -9999 -9999 -9999 -9999 4.72768342494965 2.80741970105605 1.59225457906723 18.8128538131714 14.4912028312683 4.72954130172729 0.485675230622292 0.316730998456478 0.325817249715328 0.35206800699234 0.372244499623775 0.383137509226799 0.376406237483025 0.340451247990131 0.331258490681648 0.323958747088909 0.327711760997772 0.341618254780769 0.347932510077953 0.331872001290321 0.318821243941784 0.307862989604473 0.312777757644653 0.350556001067162 0.38477848470211 0.374052755534649 0.547767385840416 0.609673127532005 0.648131646215916 0.698468998074532 0.782074883580208 0.698524139821529 0.361591503024101 0.694397605955601 0.621725253760815 0.629085749387741 0.635425865650177 0.658045873045921 0.696474395692348 0.670244246721268 0.62407124787569 0.673307999968529 0.62737275660038 0.275728493928909 0.244195505976677 0.221877738833427 0.211551010608673
-9999 -9999 -9999 -9999 -9999 -9999 -9999 -9999 -9999 -9999 35.2986888885498 35.2986888885498 13.7248649597168 16.0898294448853 12.6920943260193 4.29217958450317 3.89283227920532 8.68007969856262 15.548415184021 16.3520851135254 11.907657623291 0.340428002178669 0.333283491432667 0.312830999493599 0.343110747635365 0.378618746995926 0.412470012903214 0.421601995825768 0.422554492950439 0.41083051264286 0.434623494744301 0.481812760233879 0.515077516436577 0.405716255307198 0.383259013295174 0.389693230390549 0.357401244342327 0.358090505003929 0.370861507952213 0.376815766096115 0.315230995416641 0.555835135281086 0.551340758800507 0.561416253447533 0.518857128918171 0.548991367220879 0.620019368827343 0.66745913028717 0.684630028903484 0.597500257194042 0.620096236467361 0.731202743947506 0.729693755507469 0.759728617966175 0.66839175671339 0.608246639370918 0.549800992012024 0.319563746452332 0.290466003119946 0.280502244830132 0.264068260788918 0.268312498927116
-9999 -9999 -9999 -9999 -9999 -9999 -9999 -9999 -9999 -9999 35.2986888885498 6.14451652148674 9.43939089775085 5.61169052124023 4.29521405696869 3.40028250217438 3.75241363048553 7.52249751091003 4.83032504874881 4.11280002043797 28.9402599334717 3.14014506340027 3.99551939964294 2.24871826171875 0.405468732118607 0.444900020956993 0.465552762150764 0.590244770050049 0.664940983057022 0.629352763295174 0.465698271989822 0.448413759469986 0.450501009821892 0.443573266267776 0.6587865203619 0.688979253172874 0.624519020318985 0.516817510128021 0.452952012419701 0.520067989826202 0.465128257870674 0.468584999442101 0.444495767354965 0.520620368421078 0.543832495808601 0.500747233629227 0.617329135537148 0.701672628521919 0.690274514257908 0.71094187349081 0.780835121870041 0.861790090799332 0.776379369199276 0.720291003584862 0.649321518838406 0.591671258211136 0.464010000228882 0.429134264588356 0.385727986693382 0.33356324583292 0.331305004656315 0.298850253224373
-9999 -9999 -9999 -9999 -9999 -9999 -9999 -9999 -9999 -9999 -9999 -9999 5.82562745141459 4.88589084148407 5.62607109546661 7.03013634681702 -9999 -9999 -9999 -9999 -9999 -9999 12.7521171569824 10.1697163581848 6.147132396698 8.12356352806091 2.33685225248337 1.54201716184616 1.44886502623558 0.604303479194641 0.636340498924255 0.679394245147705 0.756802529096603 0.769549459218979 0.779918968677521 0.837632238864899 0.885924786329269 1.02684304118156 1.08494102954865 1.46269798278809 1.50649201869965 1.22552999854088 1.1665552854538 1.28496453166008 1.15153804421425 0.960183709859848 0.746825985610485 0.826039865612984 0.930477753281593 0.964302778244019 1.20386137068272 1.28138959407806 1.14644886553288 0.896883755922318 0.555690005421638 0.637986749410629 0.75620698928833 0.600414007902145 0.594608992338181 0.622247993946075 0.401275500655174 0.258730508387089
-9999 -9999 -9999 -9999 -9999 -9999 -9999 -9999 -9999 -9999 -9999 -9999 -9999 16.6274771690369 16.6274771690369 16.6274771690369 -9999 -9999 -9999 -9999 -9999 -9999 4.94490551948547 4.94490551948547 4.94490551948547 0.308659605681896 20.143967628479 8.64541268348694 3.27109587192535 2.13691431283951 0.754839777946472 0.624451518058777 0.739781230688095 0.899987250566483 1.04582476615906 0.99131253361702 0.952671021223068 1.03619474172592 1.05641251802444 1.69579946994781 1.81098604202271 1.61725580692291 1.25138247013092 1.22156104445457 1.27989596128464 1.15821075439453 1.13141852617264 1.17620024085045 1.35252825915813 1.43217600882053 1.35721760988235 1.17767255008221 1.03776110708714 1.0712920948863 0.616575747728348 0.587761491537094 0.733532980084419 0.803477257490158 0.733745232224464 0.605068489909172 0.391998767852783 0.256256997585297
-9999 -9999 -9999 -9999 -9999 -9999 -9999 -9999 -9999 -9999 -9999 -9999 -9999 -9999 -9999 -9999 -9999 -9999 -9999 -9999 -9999 -9999 -9999 -9999 -9999 -9999 1.85440494962361 36.8723917007446 27.3170700073242 15.9409518241882 2.91653108596802 0.430608004331589 0.491990983486176 0.542855232954025 0.710094004869461 0.745040997862816 0.892259985208511 1.13224571943283 1.26770702004433 1.97631007432938 1.5838320851326 1.18612504005432 1.395702034235 1.16785570979118 0.971650511026382 0.858356237411499 1.04878726601601 1.06398448348045 1.05245625972748 0.980966985225677 0.851487725973129 0.668301746249199 0.624750763177872 0.576633766293526 0.550393491983414 0.613173767924309 0.555855765938759 0.496476754546165 0.413684248924255 0.377605497837067 0.276473991572857 0.283897496759892
-9999 -9999 -9999 -9999 -9999 -9999 -9999 -9999 -9999 -9999 -9999 -9999 -9999 -9999 -9999 -9999 -9999 -9999 -9999 -9999 -9999 -9999 -9999 -9999 -9999 -9999 -9999 3.45486132966148 47.0170097351074 11.1491484045982 4.70785617828369 3.07155865430832 0.401771262288094 1.06071227788925 0.948574483394623 0.631181985139847 1.08414226770401 1.19154971837997 1.37839570641518 1.38303226232529 1.02656704187393 1.08153676986694 1.04236578941345 0.923399984836578 0.769194781780243 0.871144473552704 0.975141763687134 0.960909783840179 0.950490027666092 0.847635000944138 0.472458019852638 0.531654730439186 0.568992018699646 0.620169013738632 0.579593271017075 0.335856758058071 0.35198400914669 0.330429755151272 0.317269496619701 0.402828007936478 0.408681750297546 0.396932244300842
