EcologicalScience/Bass/data/rs_data_bass/chl_428.asc
NCOLS 226 
NROWS 124 
XLLCORNER -9.41648524995501 
YLLCORNER 47.587301625531 
CELLSIZE 0.0833 
NODATA_value -9999 
[rows 54 to 80 of 124, columns 0 to 61 of 226]
-9999 -9999 -9999 -9999 -9999 -9999 -9999 -9999 -9999 -9999 -9999 -9999 -9999 -9999 -9999 -9999 -9999 -9999 -9999 -9999 -9999 -9999 -9999 -9999 -9999 -9999 -9999 -9999 -9999 -9999 -9999 -9999 -9999 -9999 -9999 -9999 -9999 -9999 5.50624873296198 2.5976215004921 2.4958587884903 2.21373701095581 1.25286000967026 1.57532322406769 1.52643531560898 1.48488602042198 1.3147095143795 1.1628330051899 1.00430399179459 1.04940748214722 1.0867694914341 1.13052821159363 1.17274421453476 1.32621377706528 1.55313974618912 1.96404218673706 2.50515818595886 2.93619149923325 -9999 0.607058599591255 0.62790758907795 2.99493889640207
-9999 -9999 -9999 -9999 -9999 -9999 -9999 -9999 -9999 -9999 -9999 -9999 -9999 -9999 -9999 -9999 -9999 -9999 -9999 -9999 -9999 -9999 -9999 -9999 -9999 -9999 -9999 -9999 -9999 -9999 -9999 -9999 -9999 -9999 -9999 -9999 -9999 -9999 -9999 2.38271152973175 2.53492724895477 1.82584583759308 1.47010803222656 1.47609525918961 1.76795554161072 1.28895601630211 1.00855046510696 0.907550275325775 1.01813328266144 0.898866713047028 0.959781736135483 0.968611478805542 1.05690747499466 1.28658378124237 1.69873058795929 2.34627002477646 3.24215161800385 3.11035496995628 -9999 -9999 -9999 -9999
-9999 -9999 -9999 -9999 -9999 -9999 -9999 -9999 -9999 -9999 -9999 -9999 -9999 -9999 -9999 -9999 -9999 -9999 -9999 -9999 -9999 -9999 -9999 -9999 -9999 -9999 -9999 -9999 -9999 -9999 -9999 -9999 -9999 -9999 -9999 -9999 -9999 -9999 -9999 -9999 2.46980249881744 1.80489367246628 1.64736521244049 1.51141279935837 1.47904202342033 1.463547706604 1.3155435025692 1.03959676623344 1.17260402441025 1.07633623480797 0.868489533662796 0.934923022985458 1.06783872842789 1.20232048630714 1.42411574721336 2.14059966802597 2.41552877426147 2.43020099401474 1.75921021699905 -9999 -9999 -9999
-9999 -9999 -9999 -9999 -9999 -9999 -9999 -9999 -9999 -9999 -9999 -9999 -9999 -9999 -9999 -9999 -9999 -9999 -9999 -9999 -9999 -9999 -9999 -9999 -9999 -9999 -9999 -9999 -9999 -9999 -9999 -9999 -9999 -9999 -9999 -9999 -9999 -9999 -9999 -9999 2.67472529411316 2.28294217586517 2.50218003988266 2.68655633926392 2.43837082386017 1.88628441095352 1.55853742361069 1.19141927361488 1.19945177435875 1.14118346571922 0.83086422085762 0.966926962137222 1.1151907145977 1.26074329018593 1.40643972158432 1.6407322883606 1.77960973978043 1.94858175516129 2.08939719200134 2.19493728876114 2.36341405607933 -9999
-9999 -9999 -9999 -9999 -9999 -9999 -9999 -9999 -9999 -9999 -9999 -9999 -9999 -9999 -9999 -9999 -9999 -9999 -9999 -9999 -9999 -9999 -9999 -9999 -9999 -9999 -9999 -9999 -9999 -9999 -9999 -9999 -9999 -9999 -9999 -9999 -9999 -9999 -9999 -9999 2.35508322715759 3.27892816066742 2.96879482269287 2.88119781017303 2.5928692817688 2.04804003238678 1.68085652589798 1.47651672363281 1.55089205503464 1.37205371260643 0.919725000858307 0.983206540346146 1.15674072504044 1.2717427611351 1.34022152423859 1.36576947569847 1.55892223119736 1.83245319128036 2.02267116308212 2.21973752975464 2.33955073356628 -9999
-9999 -9999 -9999 -9999 -9999 -9999 -9999 -9999 -9999 -9999 -9999 -9999 -9999 -9999 -9999 -9999 -9999 -9999 -9999 -9999 -9999 -9999 -9999 -9999 -9999 -9999 -9999 -9999 -9999 -9999 -9999 -9999 -9999 -9999 -9999 -9999 -9999 -9999 -9999 -9999 -9999 3.83094537258148 2.69929575920105 2.57208216190338 2.1542272567749 1.7784698009491 1.75043177604675 1.45276272296906 1.3941704928875 1.1163367331028 0.879027038812637 0.930330723524094 1.02708148956299 1.036899715662 1.1350439786911 1.29205951094627 1.5351083278656 1.858707010746 2.16167628765106 0.71455775743181 -9999 -9999
-9999 -9999 -9999 -9999 -9999 -9999 -9999 -9999 -9999 -9999 -9999 -9999 -9999 -9999 -9999 -9999 -9999 -9999 -9999 -9999 -9999 -9999 -9999 -9999 -9999 -9999 -9999 -9999 -9999 -9999 -9999 -9999 -9999 -9999 -9999 -9999 -9999 -9999 -9999 -9999 2.93831330537796 2.79135972261429 2.51244896650314 1.88179725408554 1.59355866909027 1.41664946079254 1.39849948883057 1.29158627986908 1.19131278991699 1.00610250234604 0.960975766181946 1.06086078286171 1.20938175916672 1.14425325393677 1.28198254108429 1.63361406326294 1.59943199157715 -9999 -9999 2.80511695146561 2.815778195858 3.00186824798584
-9999 -9999 -9999 -9999 -9999 -9999 -9999 -9999 -9999 -9999 -9999 -9999 -9999 -9999 -9999 -9999 -9999 -9999 -9999 -9999 -9999 -9999 -9999 -9999 -9999 -9999 -9999 -9999 -9999 -9999 -9999 -9999 -9999 -9999 -9999 -9999 -9999 -9999 -9999 3.7185240983963 3.47705233097076 2.55073946714401 2.30097073316574 1.80095618963242 1.34162476658821 1.11028271913528 1.13564550876617 1.0077637732029 0.96051898598671 1.030896037817 1.0928872525692 1.17192828655243 1.271075963974 1.40663623809814 1.62078666687012 1.53040945529938 2.66317641735077 2.61757493019104 2.85378456115723 2.76157504320145 2.77540719509125 3.07559394836426
-9999 -9999 -9999 -9999 -9999 -9999 -9999 -9999 -9999 -9999 -9999 -9999 -9999 -9999 -9999 -9999 -9999 -9999 -9999 -9999 -9999 -9999 -9999 -9999 -9999 -9999 -9999 -9999 -9999 -9999 -9999 -9999 -9999 -9999 -9999 -9999 -9999 -9999 -9999 3.48656100034714 2.72983807325363 2.21081167459488 1.82318472862244 1.42030504345894 1.13531246781349 0.958795487880707 0.934492528438568 0.905265748500824 0.90538501739502 1.18275073170662 1.23694503307343 1.22576022148132 1.45361477136612 1.68327069282532 1.97918254137039 2.21494942903519 2.19600820541382 2.52775883674622 2.97072154283524 3.16510713100433 3.18278467655182 3.10868096351624
-9999 -9999 -9999 -9999 -9999 -9999 -9999 -9999 -9999 -9999 -9999 -9999 -9999 -9999 -9999 -9999 -9999 -9999 -9999 -9999 -9999 -9999 -9999 -9999 -9999 -9999 -9999 -9999 -9999 -9999 -9999 -9999 -9999 -9999 -9999 -9999 -9999 -9999 5.42839515209198 5.2849348783493 2.04122847318649 1.57857155799866 1.32120528817177 1.10881653428078 1.03508171439171 0.951570779085159 0.941987246274948 0.922738462686539 0.933018743991852 0.940007239580154 1.12203598022461 1.15585273504257 1.22506427764893 1.39311674237251 1.78219431638718 2.08370929956436 2.34887391328812 2.75158202648163 3.16869306564331 3.04761457443237 2.94792151451111 2.95051574707031
-9999 -9999 -9999 -9999 -9999 -9999 -9999 -9999 -9999 -9999 -9999 -9999 -9999 -9999 -9999 -9999 -9999 -9999 -9999 -9999 -9999 -9999 -9999 -9999 -9999 -9999 -9999 -9999 -9999 -9999 -9999 -9999 -9999 -9999 -9999 -9999 -9999 -9999 2.66343903541565 2.74971795082092 1.78468877077103 1.67355519533157 1.20661649107933 1.09547853469849 1.00067326426506 0.974480956792831 0.888926982879639 0.900149971246719 0.908328741788864 0.913201510906219 1.12617972493172 1.28969997167587 1.11019420623779 1.11998623609543 1.17922273278236 1.85874080657959 2.10689181089401 2.69355368614197 2.83983153104782 2.80143982172012 2.66759991645813 2.69064223766327
-9999 -9999 -9999 -9999 -9999 -9999 -9999 -9999 -9999 -9999 -9999 -9999 -9999 -9999 -9999 -9999 -9999 -9999 -9999 -9999 -9999 -9999 -9999 -9999 -9999 -9999 -9999 -9999 -9999 -9999 -9999 -9999 -9999 -9999 -9999 -9999 -9999 6.15860000252724 2.78577142953873 2.1803662776947 1.51626527309418 1.33196103572845 0.936573028564453 0.906839221715927 0.884163022041321 0.851720988750458 0.838481247425079 0.835978478193283 0.849087774753571 0.972054719924927 1.15126347541809 1.30736553668976 1.29517802596092 1.4901419878006 1.43409302830696 1.64988380670547 2.251848757267 2.59356969594955 2.63534545898438 2.57598441839218 2.57903176546097 2.6175143122673
-9999 -9999 -9999 -9999 -9999 -9999 -9999 -9999 -9999 -9999 -9999 -9999 -9999 -9999 -9999 -9999 -9999 -9999 -9999 -9999 -9999 -9999 -9999 -9999 -9999 -9999 -9999 -9999 -9999 -9999 -9999 -9999 -9999 -9999 -9999 -9999 -9999 3.41839957237244 2.9424022436142 1.63623368740082 1.35294672846794 1.1013577580452 0.884946763515472 0.850509792566299 0.837944984436035 0.822468012571335 0.805482745170593 0.824010014533997 0.911007016897202 1.02268123626709 1.10083124041557 1.10619074106216 1.36261349916458 1.61981481313705 1.71908104419708 1.81337249279022 2.28472048044205 2.32513421773911 2.42514967918396 2.43197858333588 2.45974570512772 2.61664205789566
-9999 -9999 -9999 -9999 -9999 -9999 -9999 -9999 -9999 -9999 -9999 -9999 -9999 -9999 -9999 -9999 -9999 -9999 -9999 -9999 -9999 -9999 -9999 -9999 -9999 -9999 -9999 -9999 -9999 -9999 -9999 -9999 -9999 -9999 -9999 -9999 3.94351816177368 3.18399667739868 2.2523587346077 1.23586052656174 1.07853072881699 0.853224724531174 0.755630224943161 0.761289775371552 0.77150622010231 0.769820272922516 0.770858287811279 0.791461497545242 0.915581971406937 0.98591548204422 1.02083846926689 1.13794872164726 1.4273167848587 1.75320607423782 1.88921248912811 1.97738546133041 2.07905924320221 2.43590033054352 2.30401128530502 2.28911179304123 2.41231280565262 2.61549299955368
-9999 -9999 -9999 -9999 -9999 -9999 -9999 -9999 -9999 -9999 -9999 -9999 -9999 -9999 -9999 -9999 -9999 -9999 -9999 -9999 -9999 -9999 -9999 -9999 -9999 -9999 -9999 -9999 -9999 -9999 -9999 3.1960734128952 1.01092482358217 -9999 2.10493344068527 2.19411805390261 1.30019626021385 1.66163545846939 1.57829707860947 1.27844998240471 0.867482274770737 0.767924219369888 0.737776502966881 0.738149240612984 0.726454496383667 0.743699982762337 0.782977491617203 0.832959741353989 0.875320494174957 1.05324903130531 1.2267472743988 1.38187801837921 1.55451375246048 1.86371469497681 1.99112248420715 2.25489681959152 2.45031595230103 2.58627158403397 2.19122707843781 2.21267402172089 2.52661049365997 2.1139620244503
-9999 -9999 -9999 -9999 -9999 -9999 -9999 -9999 -9999 -9999 -9999 -9999 -9999 -9999 -9999 -9999 -9999 -9999 -9999 -9999 -9999 -9999 0.346259817481041 1.2927967607975 1.23335176706314 1.78444504737854 1.89918458461761 2.27086132764816 2.49881547689438 2.39516848325729 2.43944478034973 2.06809508800507 2.17649924755096 1.85013592243195 2.02949541807175 1.74754804372787 1.33892172574997 1.04471477866173 0.998912215232849 0.807660788297653 0.721278011798859 0.678451493382454 0.676227763295174 0.707010760903358 0.747936755418777 0.919628977775574 0.96321827173233 0.996462732553482 1.07599049806595 1.28805077075958 1.52929276227951 1.66722446680069 1.77313131093979 1.90070843696594 2.44724321365356 2.50666719675064 2.68775850534439 2.62021905183792 2.47030445232111 -9999 -9999 -9999
-9999 -9999 -9999 -9999 -9999 -9999 -9999 -9999 -9999 -9999 -9999 -9999 -9999 -9999 -9999 -9999 -9999 -9999 -9999 -9999 -9999 -9999 2.80432051420212 1.77338254451752 1.65036231279373 1.73851275444031 1.74049133062363 1.73150324821472 1.87193477153778 1.6979752779007 1.61390858888626 1.5243381857872 1.58974349498749 1.55243843793869 1.28853222727776 1.1035612821579 1.00970774888992 0.920381247997284 0.821879267692566 0.717105746269226 0.675580501556396 0.649476751685143 0.677039265632629 0.740936234593391 0.801016509532928 0.991287767887115 1.25761646032333 1.34554570913315 1.41172876954079 1.56801974773407 1.75686979293823 1.79155951738358 2.03310227394104 2.29448997974396 2.86713820695877 -9999 -9999 -9999 -9999 -9999 -9999 -9999
-9999 -9999 -9999 -9999 -9999 -9999 -9999 -9999 -9999 -9999 -9999 -9999 -9999 -9999 -9999 -9999 -9999 -9999 -9999 2.68960742652416 2.20686554908752 1.87799102067947 2.24992954730988 1.94681632518768 1.35877650976181 2.42291700839996 2.33788579702377 2.13418650627136 1.54615420103073 0.991293042898178 0.996646463871002 1.02385273575783 1.17518770694733 1.13127672672272 0.848456293344498 0.854471236467361 0.917386472225189 0.937085956335068 0.72648748755455 0.654461994767189 0.648353263735771 0.662018984556198 0.72358126938343 0.760842740535736 0.873591721057892 1.00947296619415 1.49506723880768 1.71200770139694 1.86881017684937 2.06243848800659 2.19150227308273 -9999 -9999 -9999 -9999 -9999 -9999 -9999 -9999 -9999 -9999 -9999
-9999 -9999 -9999 -9999 -9999 -9999 -9999 -9999 -9999 -9999 -9999 -9999 -9999 -9999 -9999 -9999 -9999 2.73091578483582 2.59978955984116 2.50211244821548 2.08655333518982 1.68365317583084 1.54754930734634 1.39466178417206 1.52147179841995 1.59011024236679 1.45982623100281 1.65867894887924 1.44498145580292 1.30632376670837 0.997320771217346 0.863925755023956 0.863780289888382 0.799550235271454 0.741540759801865 0.808127224445343 0.905489981174469 0.917951256036758 0.719450265169144 0.654480770230293 0.654394492506981 0.671279981732368 0.685779735445976 0.89011949300766 1.02656927704811 1.26574873924255 1.48020520806313 1.93095141649246 2.00454604625702 2.23253917694092 8.38956490159035 -9999 -9999 -9999 -9999 -9999 -9999 -9999 -9999 -9999 -9999 -9999
-9999 -9999 -9999 -9999 -9999 -9999 -9999 -9999 -9999 -9999 -9999 -9999 -9999 -9999 3.06503713130951 2.84050726890564 2.42567628622055 2.24502968788147 1.56819373369217 1.48347678780556 1.23692321777344 1.03328928351402 1.05890026688576 1.01360473036766 0.890230536460876 0.968105256557465 1.09855574369431 1.17828378081322 1.18079549074173 0.985787987709045 0.828555732965469 0.77009779214859 0.767076730728149 0.784679263830185 0.749854490160942 0.721239745616913 0.82490399479866 0.864243775606155 0.767172038555145 0.714434266090393 0.730689749121666 0.765462040901184 0.795107960700989 0.86231929063797 0.951298534870148 1.12437745928764 1.46282923221588 1.70047795772552 1.89969742298126 1.95575845241547 2.26278752088547 2.35052919387817 -9999 -9999 -9999 -9999 -9999 -9999 -9999 -9999 -9999 -9999
-9999 -9999 -9999 -9999 -9999 -9999 -9999 -9999 -9999 -9999 -9999 3.56260763321604 1.89638328552246 1.9668944478035 1.86841571331024 1.61477851867676 1.26811954379082 1.11207148432732 1.07570251822472 0.849652469158173 0.777372032403946 0.779773503541946 0.769166260957718 0.731914490461349 0.754509776830673 0.758931040763855 0.813312023878098 0.8138587474823 0.83170947432518 0.842748016119003 0.880204528570175 0.841679245233536 0.843440294265747 0.826104730367661 0.761887460947037 0.756519019603729 0.69870226085186 0.800841718912125 0.702013492584229 0.717896997928619 0.857941478490829 0.941265016794205 1.02107325196266 1.12768498063087 1.17187428474426 1.53555071353912 1.51215898990631 1.54576796293259 1.76953876018524 1.98348301649094 2.05513054132462 -9999 -9999 -9999 -9999 -9999 8.89708205905072 2.35724633932114 2.49257558584213 2.41258120536804 2.31500619649887 -9999
-9999 -9999 -9999 -9999 -9999 -9999 -9999 -9999 -9999 2.05299603939056 1.43758505311879 1.86576443910599 1.31410199403763 1.11896172165871 1.08471670746803 1.05667126178741 0.898752719163895 0.831075757741928 0.800515472888947 0.736613988876343 0.609312012791634 0.570940509438515 0.569370746612549 0.595112979412079 0.639171749353409 0.650947496294975 0.633067488670349 0.628594502806664 0.756033718585968 0.815413534641266 0.816765010356903 0.804589480161667 0.781139999628067 0.785888224840164 0.825732707977295 0.76758000254631 0.823763251304626 0.864406496286392 0.718100979924202 0.688679248094559 0.747275993227959 0.817385226488113 0.918648719787598 1.01399624347687 1.13151597976685 1.50432068109512 1.62368702888489 1.66734981536865 1.70978254079819 1.77602326869965 1.84229546785355 1.97661817073822 2.44617676734924 2.01273392579135 2.8218104839325 2.70418041944504 2.69940143823624 2.45892226696014 2.5914825797081 2.6862119436264 2.54883527755737 -9999
-9999 -9999 -9999 -9999 -9999 1.97675174474716 1.88883680105209 1.6944277882576 1.60680145025253 1.38116097450256 1.27184548974037 1.09784549474716 0.780114769935608 0.75365549325943 0.867045789957047 0.793619960546494 0.717426002025604 0.626612260937691 0.555027008056641 0.540003016591072 0.530548498034477 0.55680450797081 0.547146007418633 0.565296739339828 0.598569765686989 0.593011513352394 0.593954265117645 0.578150242567062 0.600347980856895 0.801740258932114 0.785667032003403 0.864072740077972 0.901445209980011 0.840744763612747 0.69013050198555 0.661792516708374 0.728130742907524 0.823159486055374 0.77173125743866 0.746628016233444 0.725275486707687 0.711496487259865 0.740357235074043 0.81074845790863 0.926655739545822 1.24499621987343 1.47883200645447 1.58020198345184 1.6868212223053 1.74716395139694 1.87110221385956 1.99513131380081 2.26955169439316 2.42125725746155 2.32868617773056 2.23016703128815 2.2554337978363 2.37029993534088 2.70425927639008 2.78486841917038 2.3613104224205 2.44357877969742
-9999 -9999 -9999 -9999 -9999 1.08153748512268 1.02878621220589 0.961086004972458 0.866541713476181 0.727115258574486 0.727845758199692 0.724305018782616 0.725889757275581 0.699019521474838 0.690120756626129 0.697982266545296 0.695552989840508 0.711678743362427 0.703990504145622 0.688984483480453 0.694070979952812 0.657536253333092 0.584844768047333 0.535713002085686 0.499024495482445 0.48734025657177 0.565094232559204 0.575105980038643 0.566030234098434 0.633903756737709 0.716175734996796 0.712347015738487 0.707822978496552 0.701211020350456 0.586510509252548 0.624275252223015 0.678321003913879 0.74362725019455 0.813292533159256 0.756639719009399 0.725715011358261 0.732140243053436 0.754366457462311 0.752835005521774 0.729331478476524 0.851952731609344 1.08405822515488 1.11881920695305 1.08027827739716 1.2999712228775 1.54689145088196 1.71454417705536 1.75996881723404 1.81889623403549 2.02124547958374 1.96348053216934 1.91548043489456 2.04173916578293 2.14926141500473 2.07700270414352 2.18939781188965 2.34615218639374
-9999 -9999 -9999 -9999 -9999 0.628318503499031 0.677786260843277 0.758570998907089 0.776713460683823 0.761859029531479 0.779588252305984 0.779771268367767 0.792952537536621 0.764295011758804 0.762677282094955 0.778706967830658 0.773904740810394 0.764871776103973 0.75112196803093 0.722100734710693 0.714633017778397 0.697764739394188 0.663400501012802 0.623318240046501 0.585637494921684 0.5638507604599 0.568251013755798 0.597768008708954 0.563599482178688 0.554310008883476 0.554642245173454 0.610950753092766 0.671360984444618 0.705257266759872 0.651303738355637 0.714171767234802 0.809238731861115 0.826046258211136 0.753728985786438 0.748630508780479 0.723335981369019 0.742015510797501 0.738621756434441 0.690435737371445 0.708011269569397 0.752409785985947 0.815416485071182 0.943934977054596 1.06007328629494 1.28239721059799 1.39901545643806 1.38597071170807 1.42126429080963 1.51422446966171 1.58122426271439 1.54865545034409 1.61274826526642 1.64298444986343 1.87877243757248 1.96455681324005 1.9828770160675 2.10852599143982
-9999 -9999 -9999 -9999 -9999 0.715842738747597 0.724924519658089 0.73107898235321 0.764727741479874 0.781880289316177 0.795825004577637 0.786750733852386 0.757357478141785 0.748113736510277 0.763198524713516 0.804084777832031 0.777299970388412 0.749889761209488 0.718024492263794 0.672150760889053 0.659765258431435 0.639797240495682 0.633392259478569 0.647233486175537 0.642429739236832 0.642667517066002 0.646838262677193 0.673082247376442 0.643765479326248 0.631916239857674 0.623256012797356 0.663152977824211 0.600990012288094 0.535440757870674 0.531346499919891 0.700692728161812 0.843619465827942 0.906966716051102 0.791518539190292 0.770043790340424 0.753515213727951 0.72444449365139 0.708866268396378 0.6652612388134 0.697495490312576 0.748427242040634 0.753170996904373 0.864778518676758 0.937291502952576 1.04800727963448 1.27889773249626 1.42091399431229 1.48067924380302 1.5127762556076 1.4951077401638 1.74250048398972 1.95175498723984 2.02788233757019 2.02050071954727 2.08851903676987 2.11844247579575 2.32599592208862
-9999 -9999 -9999 -9999 -9999 0.646192520856857 0.668693259358406 0.675179243087769 0.719806507229805 0.715887755155563 0.696245983242989 0.688179731369019 0.716358751058578 0.727519512176514 0.71594774723053 0.706137746572495 0.697070986032486 0.688347011804581 0.69377700984478 0.695195227861404 0.683967769145966 0.65599724650383 0.632236495614052 0.637247979640961 0.686615243554115 0.696615010499954 0.698151022195816 0.673453509807587 0.661389738321304 0.673915520310402 0.675921767950058 0.670364230871201 0.672309011220932 0.6847785115242 0.65794649720192 0.619332745671272 0.813300043344498 0.863459229469299 0.798520535230637 0.805458784103394 0.740495234727859 0.707862004637718 0.693509235978127 0.656726270914078 0.636171743273735 0.676494017243385 0.748170733451843 0.759930789470673 0.830315262079239 0.882542252540588 0.947267979383469 0.974069237709045 1.47674775123596 1.79083657264709 1.8137880563736 1.89933907985687 1.88450843095779 1.96692377328873 2.02196770906448 2.02295333147049 2.56182217597961 2.64959245920181
