EcologicalScience/Bass/data/rs_data_bass/chl_28.asc
NCOLS 226 
NROWS 124 
XLLCORNER -9.41648524995501 
YLLCORNER 47.587301625531 
CELLSIZE 0.0833 
NODATA_value -9999 
[rows 0 to 26 of 124, columns 62 to 123 of 226]
-9999 -9999 -9999 -9999 -9999 -9999 -9999 -9999 -9999 -9999 -9999 -9999 -9999 -9999 -9999 -9999 -9999 -9999 -9999 -9999 -9999 -9999 -9999 -9999 -9999 -9999 -9999 -9999 -9999 -9999 -9999 -9999 -9999 -9999 -9999 -9999 -9999 -9999 -9999 -9999 -9999 -9999 -9999 -9999 -9999 -9999 -9999 -9999 -9999 -9999 -9999 -9999 -9999 -9999 -9999 -9999 -9999 -9999 -9999 -9999 -9999 -9999
-9999 -9999 -9999 -9999 -9999 -9999 -9999 -9999 -9999 -9999 -9999 -9999 -9999 -9999 -9999 -9999 -9999 -9999 -9999 -9999 -9999 -9999 -9999 -9999 -9999 -9999 -9999 -9999 -9999 -9999 -9999 -9999 -9999 -9999 -9999 -9999 -9999 -9999 -9999 -9999 -9999 -9999 -9999 -9999 -9999 -9999 -9999 -9999 -9999 -9999 -9999 -9999 -9999 -9999 -9999 -9999 -9999 -9999 -9999 -9999 -9999 -9999
-9999 -9999 -9999 -9999 -9999 -9999 -9999 -9999 -9999 -9999 -9999 -9999 -9999 -9999 -9999 -9999 -9999 -9999 -9999 -9999 -9999 -9999 -9999 -9999 -9999 -9999 -9999 -9999 -9999 -9999 -9999 -9999 -9999 -9999 -9999 -9999 -9999 -9999 -9999 -9999 -9999 -9999 -9999 -9999 -9999 -9999 -9999 -9999 -9999 -9999 -9999 -9999 -9999 -9999 -9999 -9999 -9999 -9999 -9999 -9999 -9999 -9999
-9999 -9999 -9999 -9999 -9999 -9999 -9999 -9999 -9999 -9999 -9999 -9999 -9999 -9999 -9999 -9999 -9999 -9999 -9999 -9999 -9999 -9999 -9999 -9999 -9999 -9999 -9999 -9999 -9999 -9999 -9999 -9999 -9999 -9999 -9999 -9999 -9999 -9999 -9999 -9999 -9999 -9999 -9999 -9999 -9999 -9999 -9999 -9999 -9999 -9999 -9999 -9999 -9999 -9999 -9999 -9999 -9999 -9999 -9999 -9999 -9999 -9999
-9999 -9999 -9999 -9999 -9999 -9999 -9999 -9999 -9999 -9999 -9999 -9999 -9999 -9999 -9999 -9999 -9999 -9999 -9999 -9999 -9999 -9999 -9999 -9999 -9999 -9999 -9999 -9999 -9999 -9999 -9999 -9999 -9999 -9999 -9999 -9999 -9999 -9999 -9999 -9999 -9999 -9999 -9999 -9999 -9999 -9999 -9999 -9999 -9999 -9999 -9999 -9999 -9999 -9999 -9999 -9999 -9999 -9999 -9999 -9999 -9999 -9999
-9999 -9999 -9999 -9999 -9999 -9999 -9999 -9999 -9999 -9999 -9999 -9999 -9999 -9999 -9999 -9999 -9999 -9999 -9999 -9999 -9999 -9999 -9999 -9999 -9999 -9999 -9999 -9999 0.63735419511795 -9999 2.85114598274231 1.36335897445679 0.792566210031509 0.652365759015083 0.695494517683983 0.839408218860626 1.04654324054718 0.904839009046555 0.847424983978271 0.955209732055664 1.16082751750946 1.12048503756523 0.959075957536697 0.676225483417511 0.639586508274078 0.579846739768982 0.63347701728344 0.57652048766613 0.391805246472359 0.364911004900932 0.385559231042862 0.334337241947651 0.27666974812746 0.248446494340897 0.25517401099205 0.266991756856441 0.279629252851009 0.310527004301548 0.31734225153923 0.31683225184679 0.282287254929543 0.241026744246483
-9999 -9999 -9999 -9999 -9999 -9999 -9999 -9999 -9999 -9999 -9999 -9999 -9999 -9999 -9999 -9999 -9999 -9999 -9999 -9999 -9999 -9999 -9999 -9999 -9999 -9999 1.18186515569687 1.0627324283123 1.95684798558553 3.80289208889008 2.67278319597244 2.12164950370789 1.59634494781494 1.025799036026 1.31359648704529 1.15082547068596 1.14114153385162 1.07085603475571 1.30096274614334 1.31797796487808 1.02070578932762 0.815360248088837 0.651578262448311 0.554459229111671 0.542108237743378 0.559878006577492 0.413203507661819 0.345400504767895 0.319317743182182 0.334531500935555 0.321865506470203 0.253937244415283 0.218660250306129 0.21731474250555 0.230016745626926 0.228474006056786 0.235995747148991 0.265996500849724 0.267855741083622 0.256323739886284 0.24456974118948 0.230367757380009
-9999 -9999 -9999 -9999 -9999 -9999 -9999 -9999 -9999 -9999 -9999 -9999 -9999 -9999 -9999 -9999 -9999 -9999 -9999 -9999 -9999 -9999 -9999 -9999 -9999 -9999 1.18186515569687 2.848517034735 2.57793045043945 2.05854892730713 1.80521696805954 1.68759226799011 1.84731817245483 1.74366527795792 1.72738122940063 1.42892324924469 1.44234073162079 1.72015732526779 1.74708902835846 1.18332678079605 0.802734017372131 0.644155517220497 0.582219734787941 0.445758014917374 0.377922758460045 0.344989500939846 0.294186003506184 0.273734249174595 0.271827757358551 0.277843505144119 0.254855252802372 0.222020991146564 0.209154009819031 0.210936740040779 0.217164739966393 0.223539009690285 0.226686760783195 0.233368501067162 0.237323239445686 0.237526506185532 0.228159740567207 0.21645674854517
-9999 -9999 -9999 -9999 -9999 -9999 -9999 -9999 -9999 -9999 -9999 -9999 -9999 -9999 -9999 -9999 -9999 -9999 -9999 -9999 -9999 -9999 -9999 -9999 -9999 -9999 1.48415172100067 3.48776811361313 3.08123409748077 2.10228592157364 1.97497200965881 1.5135315656662 1.59903448820114 1.89623773097992 1.50914919376373 1.3815929889679 1.24295023083687 1.24222201108932 1.15389597415924 0.838016241788864 0.700183510780334 0.612564012408257 0.513015747070312 0.385235980153084 0.282706506550312 0.281727746129036 0.275182507932186 0.273555748164654 0.273095995187759 0.246407993137836 0.240939751267433 0.2252107411623 0.214611008763313 0.210535503923893 0.227970756590366 0.23191724717617 0.232566006481647 0.218460001051426 0.221618257462978 0.22443750500679 0.212665490806103 0.21340200304985
-9999 -9999 -9999 -9999 -9999 -9999 -9999 -9999 -9999 -9999 -9999 -9999 -9999 -9999 -9999 -9999 -9999 -9999 -9999 -9999 -9999 -9999 -9999 -9999 -9999 1.19121462106705 1.79641127586365 1.59260183572769 1.25868603587151 1.37766748666763 1.54785972833633 1.35644173622131 1.16853377223015 1.19030177593231 1.07642698287964 0.990990042686462 0.960642725229263 1.05721351504326 1.09912875294685 1.02875179052353 0.864652544260025 0.702909752726555 0.536810249090195 0.41186548769474 0.325845748186111 0.33550351113081 0.350091755390167 0.317538745701313 0.264457494020462 0.255727507174015 0.262573510408401 0.258030004799366 0.235171504318714 0.243869997560978 0.235148258507252 0.236027240753174 0.237985499203205 0.22477725148201 0.221453994512558 0.217863008379936 0.209882989525795 0.218425489962101
-9999 -9999 -9999 -9999 -9999 -9999 -9999 -9999 -9999 -9999 -9999 -9999 -9999 -9999 -9999 -9999 -9999 -9999 -9999 -9999 -9999 -9999 -9999 -9999 -9999 8.68645608850888 1.0376857817173 1.03149524331093 0.953757762908936 0.898701757192612 0.898876458406448 0.959910035133362 0.954560995101929 0.996061474084854 0.859316289424896 0.797701478004456 0.770600259304047 0.802451223134995 0.888945043087006 0.930880486965179 0.838062018156052 0.784426510334015 0.618447750806808 0.567878231406212 0.467175006866455 0.393852755427361 0.380454763770103 0.357886500656605 0.306443251669407 0.295810505747795 0.303897745907307 0.304572008550167 0.285810761153698 0.272336259484291 0.25212599337101 0.23810850083828 0.238220997154713 0.232302010059357 0.224203504621983 0.216585740447044 0.207333751022816 0.211672492325306
-9999 -9999 -9999 -9999 -9999 -9999 -9999 -9999 -9999 -9999 -9999 -9999 -9999 -9999 -9999 -9999 -9999 -9999 -9999 -9999 -9999 -9999 -9999 -9999 1.31647038459778 7.7212647497654 1.29798522591591 1.20518472790718 0.910365790128708 0.7824487388134 0.781727224588394 0.93825826048851 0.994127243757248 0.946178287267685 0.813055515289307 0.648054018616676 0.59477399289608 0.605077520012856 0.644129991531372 0.664757251739502 0.684843733906746 0.677371501922607 0.638570263981819 0.572823017835617 0.502238988876343 0.413861230015755 0.37509597837925 0.373074755072594 0.337755739688873 0.32260125875473 0.313247993588448 0.329112745821476 0.312345005571842 0.270730510354042 0.256872743368149 0.235444508492947 0.236815497279167 0.238384500145912 0.230807259678841 0.225929260253906 0.21433724462986 0.211642496287823
-9999 -9999 -9999 -9999 -9999 -9999 -9999 -9999 -9999 -9999 -9999 -9999 -9999 -9999 -9999 -9999 -9999 -9999 -9999 -9999 -9999 -9999 -9999 1.50594073534012 4.58135440945625 1.65378141403198 1.37709903717041 0.995563477277756 0.791511029005051 0.826808273792267 1.0818584561348 1.0050682425499 0.891878217458725 0.877484232187271 0.800031781196594 0.606993734836578 0.583686769008636 0.616200014948845 0.658829256892204 0.651202484965324 0.625308752059937 0.592551738023758 0.531603768467903 0.473297998309135 0.428993985056877 0.387947246432304 0.332222990691662 0.324007496237755 0.30510900914669 0.291639760136604 0.290390990674496 0.251996241509914 0.243193499743938 0.233980491757393 0.233655743300915 0.234608240425587 0.22826175391674 0.228602260351181 0.224173508584499 0.217572748661041 0.213595502078533 0.213975749909878
-9999 -9999 -9999 -9999 -9999 -9999 -9999 -9999 -9999 -9999 -9999 -9999 -9999 -9999 -9999 -9999 -9999 -9999 -9999 -9999 -9999 -9999 2.46265929937363 7.69298398494721 9.85613162815571 1.39430326223373 1.12594798207283 0.888138771057129 0.948418468236923 1.10826596617699 0.965505033731461 0.826506793498993 0.849360018968582 0.83050274848938 0.802462488412857 0.596695482730865 0.638723239302635 0.688919261097908 0.63544499874115 0.634105503559113 0.591589495539665 0.599213272333145 0.552110239863396 0.441250517964363 0.376347005367279 0.323256745934486 0.281187750399113 0.263530500233173 0.280496992170811 0.281600251793861 0.26511899381876 0.267170995473862 0.224669247865677 0.211933493614197 0.219777747988701 0.215757742524147 0.217180497944355 0.216191992163658 0.212727002799511 0.210365250706673 0.222030758857727 0.23420774191618
-9999 -9999 -9999 -9999 -9999 -9999 -9999 -9999 -9999 -9999 -9999 -9999 -9999 -9999 -9999 -9999 -9999 -9999 -9999 -9999 2.64602583646774 -9999 3.49427863955498 3.74353617429733 1.17899098992348 1.09945347905159 1.11997354030609 1.02519598603249 0.971683502197266 1.09214177727699 1.02414304018021 0.904476016759872 1.07237479090691 0.911109030246735 0.835630506277084 0.799854040145874 0.647174254059792 0.722802758216858 0.678416982293129 0.660440236330032 0.701244011521339 0.694290742278099 0.641332492232323 0.530583769083023 0.43138799071312 0.349004253745079 0.269816994667053 0.267526499927044 0.277225501835346 0.276362992823124 0.2498414888978 0.27657300978899 0.245123259723186 0.214062742888927 0.214861504733562 0.22147274762392 0.218543238937855 0.2162009999156 0.2201122418046 0.224201247096062 0.227194502949715 0.235741496086121
-9999 -9999 -9999 -9999 -9999 -9999 -9999 -9999 -9999 -9999 -9999 -9999 -9999 -9999 -9999 -9999 -9999 -9999 -9999 -9999 -9999 1.92728626728058 2.6635140478611 1.62456080317497 1.13244651257992 0.944186225533485 1.48814696073532 1.69531506299973 0.919679492712021 0.937552779912949 1.10035201907158 1.02520126104355 0.80799001455307 1.09022927284241 0.952705532312393 0.898362725973129 0.742683738470078 0.767328768968582 0.754804462194443 0.682436227798462 0.684619501233101 0.649760261178017 0.626543998718262 0.612140983343124 0.521210253238678 0.397554740309715 0.289574258029461 0.266532741487026 0.274285510182381 0.270781494677067 0.273714758455753 0.265364997088909 0.262579500675201 0.239013008773327 0.219960004091263 0.223045505583286 0.221222251653671 0.227361761033535 0.235051497817039 0.239323496818542 0.242333248257637 0.250733993947506
-9999 -9999 -9999 -9999 -9999 -9999 -9999 -9999 -9999 -9999 -9999 -9999 -9999 -9999 -9999 -9999 -9999 -9999 -9999 20.6041328161955 3.13027650117874 2.5006383061409 2.38595336675644 1.8219079375267 1.59915769100189 1.44310745596886 1.67239104956388 1.23194298148155 1.31859821081161 1.43506175279617 1.22468024492264 0.795708268880844 0.789027512073517 0.80902624130249 1.49609845876694 1.283611536026 0.840259462594986 0.808298259973526 0.732836991548538 0.657756730914116 0.656950503587723 0.635807991027832 0.576917231082916 0.507767245173454 0.460173770785332 0.402199521660805 0.316324509680271 0.281209498643875 0.273448504507542 0.269592002034187 0.243267752230167 0.235337242484093 0.237717010080814 0.237048000097275 0.254315994679928 0.243488989770412 0.233786255121231 0.238329000771046 0.24906975030899 0.254573240876198 0.261494256556034 0.264070495963097
-9999 -9999 -9999 -9999 -9999 -9999 -9999 -9999 -9999 -9999 -9999 -9999 -9999 -9999 -9999 -9999 -9999 -9999 7.30780810117722 3.76292069256306 2.14304622262716 2.18528172373772 2.11776077747345 2.16087770462036 1.89023074507713 2.2062069773674 2.23263993859291 1.93686145544052 1.84027054905891 1.63591527938843 1.56043779850006 1.54084399342537 0.591781005263329 0.633020758628845 0.655883222818375 0.694081515073776 0.972011983394623 0.708361521363258 0.650265008211136 0.71279476583004 0.760177463293076 0.68580450117588 0.508899763226509 0.444507747888565 0.411407232284546 0.392346739768982 0.309001497924328 0.285389252007008 0.275029510259628 0.247800752520561 0.243407249450684 0.24380099773407 0.241904251277447 0.240562498569489 0.245286002755165 0.248202010989189 0.254729993641376 0.251391761004925 0.262686744332314 0.268361248075962 0.265346243977547 0.264518246054649
-9999 -9999 -9999 -9999 -9999 -9999 -9999 -9999 -9999 -9999 -9999 -9999 -9999 -9999 -9999 -9999 -9999 -9999 10.4220260381699 4.90702611207962 2.0322308242321 3.69194772839546 2.738715082407 2.30133379250765 1.9322469830513 1.58504045009613 1.43856278061867 1.41652220487595 1.4567477107048 1.15288624167442 1.3172219991684 1.83661848306656 0.991052627563477 1.01651059091091 0.593931496143341 0.582244500517845 0.888298541307449 0.827128529548645 0.761312216520309 0.796326756477356 0.896615266799927 0.771198749542236 0.587015256285667 0.469229981303215 0.405357733368874 0.374642260372639 0.309918008744717 0.292170010507107 0.279089994728565 0.278660997748375 0.277115240693092 0.265939503908157 0.255716241896152 0.254881493747234 0.248589746654034 0.249976493418217 0.260121010243893 0.265460260212421 0.26707050204277 0.272006258368492 0.272397749125957 0.26809199899435
-9999 -9999 -9999 -9999 -9999 -9999 -9999 -9999 -9999 -9999 -9999 -9999 -9999 -9999 -9999 -9999 -9999 -9999 -9999 12.0340967178345 2.70852375030518 1.88702374696732 1.737738519907 2.06510245800018 1.4958129376173 1.69522196054459 1.66464127600193 1.29650449752808 1.0161292552948 0.97324326634407 0.896913766860962 0.995574027299881 1.00578325986862 1.00184100866318 0.819671988487244 0.964886516332626 0.674323737621307 0.92018324136734 0.83788076043129 0.743037015199661 0.544959761202335 0.901011765003204 0.730356752872467 0.592755764722824 0.469240486621857 0.373095743358135 0.27624374628067 0.278375990688801 0.27938324958086 0.273121498525143 0.273243002593517 0.260578505694866 0.265487998723984 0.259054496884346 0.25017075240612 0.248314507305622 0.265722759068012 0.266788490116596 0.27437400072813 0.275618992745876 0.276670508086681 0.271542750298977
-9999 -9999 -9999 -9999 -9999 -9999 -9999 -9999 -9999 -9999 -9999 -9999 -9999 -9999 -9999 4.06534637345208 -9999 40.0404950976372 8.00993764400482 3.39412593841553 1.56038703024387 1.49737047404051 1.83755808323622 1.73881988972425 1.65576976537704 1.13245977461338 1.19195148348808 1.04426774382591 0.901457488536835 0.786439746618271 0.836391717195511 0.734735257923603 0.74294326454401 0.792338624596596 0.799379244446754 0.996257722377777 0.963762223720551 0.800067752599716 0.830896019935608 0.695591233670712 0.613977380096912 0.59153126180172 0.501089259982109 0.435217007994652 0.382773756980896 0.372014001011848 0.293349377810955 0.282606370747089 0.272624239325523 0.264740243554115 0.266748011112213 0.292653009295464 0.262067243456841 0.248416498303413 0.246670491993427 0.254902504384518 0.262809745967388 0.272604010999203 0.273475505411625 0.264794245362282 0.263048999011517 0.261111751198769
-9999 -9999 -9999 -9999 -9999 -9999 -9999 -9999 -9999 -9999 35.2986888885498 35.2986888885498 13.7248649597168 1.01068691164255 3.27923619747162 4.82056760787964 5.61410593986511 6.6273341178894 4.92766493558884 5.22423619031906 3.37811923027039 1.55664414167404 1.70074461400509 1.63699914515018 1.42381013184786 0.961641728878021 0.828230977058411 0.664740398526192 0.661435134708881 0.562858141958714 0.537048764526844 0.564076133072376 0.592933125793934 0.600131258368492 0.603468373417854 0.567165747284889 0.581869505345821 0.77206951379776 0.815157502889633 0.712360873818398 0.738499015569687 0.628787755966187 0.578003734350204 0.507215246558189 0.471074506640434 0.336053997278214 0.293098121881485 0.293040756136179 0.297452252358198 0.325255490839481 0.318894498050213 0.293422870337963 0.249215260148048 0.246702745556831 0.246852748095989 0.254147998988628 0.256784252822399 0.257994756102562 0.250533744692802 0.255721494555473 0.246067509055138 0.240758255124092
-9999 -9999 -9999 -9999 -9999 -9999 -9999 -9999 -9999 -9999 35.2986888885498 7.86550275657488 5.44256296524635 2.59328824281693 2.63161683082581 3.61686170101166 3.86945486068726 4.99381259354678 10.2967532740371 -9999 5.44478899240494 2.2997402921319 1.77406990528107 1.00180777907372 0.671595007181168 0.693055875599384 0.508071765303612 0.514743380248547 0.684059992432594 0.534881740808487 0.619441479444504 0.590360999107361 0.540340006351471 0.4648492410779 0.478508993983269 0.446643367409706 0.470169000327587 0.572393745183945 0.553344994783401 0.509672746062279 0.50297674536705 0.467248737812042 0.513615503907204 0.530530244112015 0.472284510731697 0.436252757906914 0.368862748146057 0.279107250273228 0.285188253968954 0.285096745938063 0.291807744652033 0.275379002094269 0.251044504344463 0.255702741444111 0.244891494512558 0.246875256299973 0.245871752500534 0.238866001367569 0.243595495820045 0.252047248184681 0.24507524818182 0.249287255108356
-9999 -9999 -9999 -9999 -9999 -9999 -9999 -9999 -9999 -9999 -9999 -9999 -9999 11.7585848808289 5.92830325256695 -9999 -9999 -9999 -9999 -9999 -9999 -9999 7.77771353721619 3.62969154119492 3.17060112953186 0.627655237913132 0.621013998985291 0.619063258171082 0.655359730124474 0.656948268413544 0.59137424826622 0.49770151078701 0.570873260498047 0.505995735526085 0.477261364459991 0.523479759693146 0.442978106439114 0.444419994950294 0.475267007946968 0.420104261487722 0.441855996847153 0.429648250341415 0.401506245136261 0.439388751983643 0.433020740747452 0.446446254849434 0.404595255851746 0.274946998804808 0.274150505661964 0.291314620524645 0.284932874143124 0.284484006464481 0.327657990157604 0.268750503659248 0.262508243322372 0.261370494961739 0.256517238914967 0.25067775696516 0.250295989215374 0.25925550609827 0.241484239697456 0.23835975676775
-9999 -9999 -9999 -9999 -9999 -9999 -9999 -9999 -9999 -9999 -9999 -9999 -9999 16.6274771690369 16.6274771690369 16.6274771690369 -9999 -9999 -9999 -9999 -9999 -9999 4.94490551948547 4.94490551948547 4.94490551948547 0.308659605681896 0.733057230710983 1.53259572386742 1.03538922965527 0.823144868016243 0.630969762802124 0.720067754387856 0.751190766692162 0.530602890998125 0.513380616903305 0.533561266958714 0.476755879819393 0.436722010374069 0.459418505430222 0.460196614265442 0.430450245738029 0.464617505669594 0.414663746953011 0.417794749140739 0.38034650683403 0.379282251000404 0.379563748836517 0.369876250624657 0.346804991364479 0.289343252778053 0.291919492185116 0.281904369592667 0.287455871701241 0.294656999409199 0.251967005431652 0.258311994373798 0.27157124876976 0.262887753546238 0.260983496904373 0.250878006219864 0.231053240597248 0.229714505374432
-9999 -9999 -9999 -9999 -9999 -9999 -9999 -9999 -9999 -9999 -9999 -9999 -9999 -9999 -9999 -9999 -9999 -9999 -9999 -9999 -9999 -9999 -9999 -9999 -9999 -9999 9.55299806594849 3.43443006277084 1.79912853240967 1.64772522449493 1.7493103146553 0.672616895288229 0.609563235193491 0.538585491478443 0.470712382346392 0.444814492017031 0.458163365721703 0.495200246572495 0.504598125815392 0.44471450150013 0.452648758888245 0.440148249268532 0.426981240510941 0.388621002435684 0.365984991192818 0.410006508231163 0.401941001415253 0.374466508626938 0.351778492331505 0.271039120852947 0.273588750511408 0.283726874738932 0.281904369592667 0.277267120778561 0.237170241773129 0.25985249876976 0.260379754006863 0.26196750998497 0.244320005178452 0.221088007092476 0.207176998257637 0.198603004217148
-9999 -9999 -9999 -9999 -9999 -9999 -9999 -9999 -9999 -9999 -9999 -9999 -9999 -9999 -9999 -9999 -9999 -9999 -9999 -9999 -9999 -9999 -9999 -9999 -9999 -9999 -9999 -9999 5.22642320394516 4.04037424921989 2.33623471856117 1.1351420134306 0.877710521221161 0.777126789093018 0.56877750903368 0.514113016426563 0.575135238468647 0.567693762481213 0.452696241438389 0.466768488287926 0.482041999697685 0.454431250691414 0.414321258664131 0.381807506084442 0.361969247460365 0.383083000779152 0.403057515621185 0.382440254092216 0.330460995435715 0.241216879338026 0.263337381184101 0.254895005375147 0.259633876383305 0.256213501095772 0.238292992115021 0.252303756773472 0.251743510365486 0.245192259550095 0.226489506661892 0.217281751334667 0.212625749409199 0.202375508844852
