EcologicalScience/Bass/data/rs_data_bass/chl_538.asc
NCOLS 226 
NROWS 124 
XLLCORNER -9.41648524995501 
YLLCORNER 47.587301625531 
CELLSIZE 0.0833 
NODATA_value -9999 
[rows 0 to 26 of 124, columns 62 to 123 of 226]
-9999 -9999 -9999 -9999 -9999 -9999 -9999 -9999 -9999 -9999 -9999 -9999 -9999 -9999 -9999 -9999 -9999 -9999 -9999 -9999 -9999 -9999 -9999 -9999 -9999 -9999 -9999 -9999 -9999 -9999 -9999 -9999 -9999 -9999 -9999 -9999 -9999 -9999 -9999 -9999 -9999 -9999 -9999 -9999 -9999 -9999 -9999 -9999 -9999 -9999 -9999 -9999 -9999 -9999 -9999 -9999 -9999 -9999 -9999 -9999 -9999 -9999
-9999 -9999 -9999 -9999 -9999 -9999 -9999 -9999 -9999 -9999 -9999 -9999 -9999 -9999 -9999 -9999 -9999 -9999 -9999 -9999 -9999 -9999 -9999 -9999 -9999 -9999 -9999 -9999 -9999 -9999 -9999 -9999 -9999 -9999 -9999 -9999 -9999 -9999 -9999 -9999 -9999 -9999 -9999 -9999 -9999 -9999 -9999 -9999 -9999 -9999 -9999 -9999 -9999 -9999 -9999 -9999 -9999 -9999 -9999 -9999 -9999 -9999
-9999 -9999 -9999 -9999 -9999 -9999 -9999 -9999 -9999 -9999 -9999 -9999 -9999 -9999 -9999 -9999 -9999 -9999 -9999 -9999 -9999 -9999 -9999 -9999 -9999 -9999 -9999 -9999 -9999 -9999 -9999 -9999 -9999 -9999 -9999 -9999 -9999 -9999 -9999 -9999 -9999 -9999 -9999 -9999 -9999 -9999 -9999 -9999 -9999 -9999 -9999 -9999 -9999 -9999 -9999 -9999 -9999 -9999 -9999 -9999 -9999 -9999
-9999 -9999 -9999 -9999 -9999 -9999 -9999 -9999 -9999 -9999 -9999 -9999 -9999 -9999 -9999 -9999 -9999 -9999 -9999 -9999 -9999 -9999 -9999 -9999 -9999 -9999 -9999 -9999 -9999 -9999 -9999 -9999 -9999 -9999 -9999 -9999 -9999 -9999 -9999 -9999 -9999 -9999 -9999 -9999 -9999 -9999 -9999 -9999 -9999 -9999 -9999 -9999 -9999 -9999 -9999 -9999 -9999 -9999 -9999 -9999 -9999 -9999
-9999 -9999 -9999 -9999 -9999 -9999 -9999 -9999 -9999 -9999 -9999 -9999 -9999 -9999 -9999 -9999 -9999 -9999 -9999 -9999 -9999 -9999 -9999 -9999 -9999 -9999 -9999 -9999 -9999 -9999 -9999 -9999 -9999 -9999 -9999 -9999 -9999 -9999 -9999 -9999 -9999 -9999 -9999 -9999 -9999 -9999 -9999 -9999 -9999 -9999 -9999 -9999 -9999 -9999 -9999 -9999 -9999 -9999 -9999 -9999 -9999 -9999
-9999 -9999 -9999 -9999 -9999 -9999 -9999 -9999 -9999 -9999 -9999 -9999 -9999 -9999 -9999 -9999 -9999 -9999 -9999 -9999 -9999 -9999 -9999 -9999 -9999 -9999 -9999 -9999 0.63735419511795 0.852917701005936 0.907290726900101 0.801302522420883 0.807623147964478 0.808997511863708 0.709290012717247 0.676933810114861 0.661644771695137 0.674792557954788 0.704199716448784 0.710358738899231 0.731907337903976 0.76408115029335 0.736526146531105 0.697388514876366 0.642517223954201 0.571889519691467 0.5840914696455 0.585300475358963 0.664755329489708 0.689433619379997 0.592116728425026 0.591839298605919 0.571723759174347 0.625736206769943 0.623004645109177 0.661371722817421 0.741466999053955 0.690833866596222 0.589068084955215 0.597147926688194 0.629822552204132 0.615538895130157
-9999 -9999 -9999 -9999 -9999 -9999 -9999 -9999 -9999 -9999 -9999 -9999 -9999 -9999 -9999 -9999 -9999 -9999 -9999 -9999 -9999 -9999 -9999 -9999 -9999 -9999 1.18186515569687 1.0627324283123 1.82004690170288 0.985300719738007 0.80836209654808 0.824101388454437 0.823447376489639 0.796645849943161 0.721427142620087 0.670539423823357 0.696968883275986 0.70847949385643 0.687124997377396 0.690383031964302 0.710166603326797 0.807377994060516 0.800737917423248 0.707157835364342 0.658227100968361 0.636744573712349 0.61785301566124 0.582578212022781 0.558073595166206 0.676665365695953 0.648496583104134 0.684276938438416 0.731472954154015 0.708019942045212 0.673117741942406 0.667335167527199 0.705025255680084 0.640236631035805 0.560917407274246 0.567208841443062 0.587793678045273 0.59013819694519
-9999 -9999 -9999 -9999 -9999 -9999 -9999 -9999 -9999 -9999 -9999 -9999 -9999 -9999 -9999 -9999 -9999 -9999 -9999 -9999 -9999 -9999 -9999 -9999 -9999 -9999 1.18186515569687 1.54518860578537 1.4686616063118 1.08712184429169 0.780918091535568 0.705420792102814 0.76196613907814 0.760867238044739 0.741305217146873 0.75509637594223 0.714421436190605 0.695785760879517 0.697455570101738 0.690239667892456 0.742160081863403 0.792766124010086 0.836334943771362 0.813499420881271 0.713966712355614 0.717399224638939 0.683045536279678 0.67984539270401 0.755739122629166 0.694023326039314 0.663838237524033 0.599339559674263 0.561515361070633 0.620199143886566 0.645521119236946 0.637762829661369 0.613921746611595 0.564866915345192 0.546322390437126 0.576885178685188 0.589022353291512 0.585069894790649
-9999 -9999 -9999 -9999 -9999 -9999 -9999 -9999 -9999 -9999 -9999 -9999 -9999 -9999 -9999 -9999 -9999 -9999 -9999 -9999 -9999 -9999 -9999 -9999 -9999 -9999 1.08382013440132 1.23593929409981 0.670839607715607 0.624776422977448 0.650047034025192 0.642822772264481 0.671905741095543 0.689443901181221 0.685572311282158 0.702705278992653 0.740360364317894 0.672381922602654 0.645537927746773 0.69876229763031 0.773227393627167 0.776249259710312 0.798613607883453 0.731090605258942 0.658980533480644 0.664435878396034 0.762142986059189 0.797835499048233 0.869893312454224 0.977908283472061 1.00226175785065 0.667398199439049 0.578187614679337 0.623350784182549 0.656647369265556 0.679074749350548 0.614493325352669 0.574188575148582 0.590280577540398 0.634042382240295 0.656794890761375 0.571624115109444
-9999 -9999 -9999 -9999 -9999 -9999 -9999 -9999 -9999 -9999 -9999 -9999 -9999 -9999 -9999 -9999 -9999 -9999 -9999 -9999 -9999 -9999 -9999 -9999 -9999 1.19121462106705 1.22578293085098 1.12991845607758 0.957473337650299 0.885417222976685 0.913876533508301 0.903965145349503 0.906470954418182 0.898122847080231 0.965502351522446 0.931590735912323 0.816431879997253 0.70755198597908 0.724465548992157 0.774453610181808 0.793895602226257 0.766123831272125 0.766598224639893 0.757039189338684 0.776409924030304 0.817728191614151 0.801408380270004 0.808088600635529 0.811054140329361 0.77619794011116 0.752549976110458 0.708472922444344 0.636966079473495 0.634851470589638 0.611245483160019 0.57495242357254 0.568362638354301 0.575574517250061 0.588931873440742 0.591140359640121 0.591847568750381 0.568437069654465
-9999 -9999 -9999 -9999 -9999 -9999 -9999 -9999 -9999 -9999 -9999 -9999 -9999 -9999 -9999 -9999 -9999 -9999 -9999 -9999 -9999 -9999 -9999 -9999 -9999 1.73423051834106 1.53510278463364 1.24732446670532 1.0683998465538 1.04556441307068 1.03740093111992 0.98437026143074 1.01152217388153 1.04985880851746 1.0088218152523 0.882947891950607 0.853719860315323 0.890953928232193 0.884630352258682 0.851946204900742 0.857570171356201 0.830076545476913 0.791560292243958 0.777063935995102 0.76988223195076 0.842639565467834 0.859929174184799 0.845678776502609 0.734391778707504 0.664826989173889 0.712783455848694 0.692018955945969 0.60929936170578 0.580250948667526 0.591507151722908 0.576827421784401 0.60104888677597 0.614343658089638 0.612914487719536 0.572334498167038 0.498968347907066 0.486521556973457
-9999 -9999 -9999 -9999 -9999 -9999 -9999 -9999 -9999 -9999 -9999 -9999 -9999 -9999 -9999 -9999 -9999 -9999 -9999 -9999 -9999 -9999 -9999 -9999 1.31647038459778 1.58766674995422 1.40132081508636 1.12196588516235 1.05554705858231 1.05968981981277 1.05571147799492 1.03558185696602 1.01264575123787 0.994210928678513 1.12110784649849 1.25355505943298 1.14681950211525 1.10746845602989 1.01499661803246 0.932152211666107 0.790232419967651 0.721755355596542 0.700735554099083 0.685042351484299 0.756384193897247 0.841409146785736 0.868284791707993 0.796468734741211 0.706194028258324 0.653226926922798 0.702087968587875 0.688989803195 0.607441127300262 0.552865549921989 0.521366357803345 0.519146382808685 0.521783128380775 0.552963361144066 0.572102576494217 0.537357553839684 0.463754519820213 0.4465312063694
-9999 -9999 -9999 -9999 -9999 -9999 -9999 -9999 -9999 -9999 -9999 -9999 -9999 -9999 -9999 -9999 -9999 -9999 -9999 -9999 -9999 -9999 -9999 1.50594073534012 2.14398497343063 1.93574184179306 1.54800260066986 1.23888748884201 1.22200772166252 1.12156274914742 1.10255071520805 1.17419573664665 1.22313094139099 1.199472874403 1.14585953950882 1.09017589688301 1.09397408366203 1.01731592416763 0.792911499738693 0.742288783192635 0.714218974113464 0.75735667347908 0.782878428697586 0.695089235901833 0.75073716044426 0.821661829948425 0.782902926206589 0.720601201057434 0.682522684335709 0.702972292900085 0.714106187224388 0.737272784113884 0.648658186197281 0.610389679670334 0.564307227730751 0.565629154443741 0.570541843771935 0.577320143580437 0.572198867797852 0.529239624738693 0.474953055381775 0.452249452471733
-9999 -9999 -9999 -9999 -9999 -9999 -9999 -9999 -9999 -9999 -9999 -9999 -9999 -9999 -9999 -9999 -9999 -9999 -9999 -9999 -9999 -9999 3.43559646606445 3.12575948238373 2.47602188587189 1.8036196231842 1.55082929134369 1.38466528058052 1.38160434365273 1.38685807585716 1.3460481762886 1.29090705513954 1.28587773442268 1.28378257155418 1.18038386106491 1.11116042733192 0.956745475530624 0.792296379804611 0.750663757324219 0.795893400907516 0.826231509447098 0.817447453737259 0.798558264970779 0.7611004114151 0.768742740154266 0.790176808834076 0.832411587238312 0.805331200361252 0.765820205211639 0.791991680860519 0.823576390743256 0.801915675401688 0.729950532317162 0.674657106399536 0.606638520956039 0.59566493332386 0.564061269164085 0.567356005311012 0.563790947198868 0.523597821593285 0.471780449151993 0.489010646939278
-9999 -9999 -9999 -9999 -9999 -9999 -9999 -9999 -9999 -9999 -9999 -9999 -9999 -9999 -9999 -9999 -9999 -9999 -9999 -9999 2.64602583646774 3.33460593223572 2.72404772043228 2.2413427233696 1.80489134788513 1.42268988490105 1.20740792155266 1.1279890537262 1.11452186107635 1.14066767692566 1.1787976026535 1.25939324498177 1.19942790269852 1.12529450654984 1.01130411028862 0.921516358852386 0.854018479585648 0.83286264538765 0.947147011756897 1.01308313012123 0.986926853656769 0.937180191278458 0.812636733055115 0.748789742588997 0.7452722042799 0.782919108867645 0.811444848775864 0.819018423557281 0.844878494739532 0.885949015617371 1.06390258669853 0.942947298288345 0.852708399295807 0.700547486543655 0.570659503340721 0.558369979262352 0.580944165587425 0.561841875314713 0.515038356184959 0.470481991767883 0.492898374795914 0.522107765078545
-9999 -9999 -9999 -9999 -9999 -9999 -9999 -9999 -9999 -9999 -9999 -9999 -9999 -9999 -9999 -9999 -9999 -9999 -9999 -9999 2.42817556858063 1.93743789196014 1.85599315166473 1.65546959638596 1.32257035374641 1.03966498374939 0.99748107790947 1.01848778128624 1.01346498727798 0.961776226758957 0.921358823776245 0.933007657527924 0.898645251989365 0.888086289167404 0.882566928863525 0.8252894282341 0.811294108629227 0.841443657875061 0.948389053344727 1.01887911558151 1.1680514216423 1.06017324328423 0.904982060194016 0.863675057888031 0.882722318172455 0.880775213241577 0.842308759689331 0.772440612316132 0.695696711540222 0.705634206533432 0.835329294204712 0.746382012963295 0.721039295196533 0.668116182088852 0.619772985577583 0.606265693902969 0.559195160865784 0.533247068524361 0.521986573934555 0.490657210350037 0.533880203962326 0.537260457873344
-9999 -9999 -9999 -9999 -9999 -9999 -9999 -9999 -9999 -9999 -9999 -9999 -9999 -9999 -9999 -9999 -9999 -9999 -9999 27.3706272125244 3.24141240119934 2.17114895582199 1.67053949832916 1.39961993694305 1.15028089284897 1.00402897596359 0.967817276716232 0.950327754020691 0.969874441623688 0.898003131151199 0.874124586582184 0.871789991855621 0.855381667613983 0.830736726522446 0.826491415500641 0.822085529565811 0.851590812206268 0.906187802553177 0.943471759557724 0.943903148174286 0.958307772874832 1.01687836647034 1.05244919657707 0.974980920553207 0.881587564945221 0.833289384841919 0.711260139942169 0.718945160508156 0.710682526230812 0.742215871810913 0.882617175579071 0.797760844230652 0.605025932192802 0.609204456210136 0.600606948137283 0.527615591883659 0.525008305907249 0.577293187379837 0.558163896203041 0.501379698514938 0.498284429311752 0.552183419466019
-9999 -9999 -9999 -9999 -9999 -9999 -9999 -9999 -9999 -9999 -9999 -9999 -9999 -9999 -9999 -9999 -9999 4.68021512031555 6.48565721511841 8.04696679115295 5.27753162384033 2.27288120985031 1.54804515838623 1.3638109266758 1.23182755708694 1.11527180671692 0.945324718952179 0.913857579231262 0.90693587064743 0.937853336334229 0.927888929843903 0.874484270811081 0.800261467695236 0.811407119035721 0.857010394334793 0.885029554367065 0.9400694668293 0.994878709316254 1.06550341844559 1.07348656654358 1.06425341963768 1.0339457988739 1.01203715801239 0.999944150447845 0.932023465633392 0.886695027351379 0.721542522311211 0.671235322952271 0.635977864265442 0.749580323696136 0.840443462133408 0.751137793064117 0.652745291590691 0.624725863337517 0.565001785755157 0.540422469377518 0.564924940466881 0.569914564490318 0.613640874624252 0.525066018104553 0.4960777759552 0.501259490847588
-9999 -9999 -9999 -9999 -9999 -9999 -9999 -9999 -9999 -9999 -9999 -9999 -9999 -9999 -9999 -9999 -9999 6.25624680519104 6.21946406364441 6.80478143692017 3.56562423706055 1.76758432388306 1.32369786500931 1.16590628027916 1.176035374403 1.10365381836891 1.0180432498455 0.92275732755661 0.904485315084457 0.928430914878845 0.935913473367691 0.877034604549408 0.812520056962967 0.813805729150772 0.848267197608948 0.869744271039963 0.949232250452042 1.06579729914665 1.11376941204071 1.04780933260918 0.972921341657639 0.917891353368759 0.901739180088043 0.871904075145721 0.902508437633514 0.867130547761917 0.831320196390152 0.793082892894745 0.802251666784286 0.718774035573006 0.672906428575516 0.658770158886909 0.6422288864851 0.621834307909012 0.564712464809418 0.568960636854172 0.5679632127285 0.550648033618927 0.633916229009628 0.669229432940483 0.537918090820312 0.4628034979105
-9999 -9999 -9999 -9999 -9999 -9999 -9999 -9999 -9999 -9999 -9999 -9999 -9999 -9999 -9999 -9999 -9999 -9999 -9999 3.91970193386078 2.35452318191528 1.97859621047974 1.42108619213104 1.17968049645424 1.13798949122429 1.10833838582039 1.08402782678604 0.986101090908051 0.953972607851028 0.980376809835434 1.04625338315964 0.995862454175949 0.901253789663315 0.854386746883392 0.859467744827271 0.830735296010971 0.855878680944443 0.930631041526794 0.929913908243179 0.854950457811356 0.816795498132706 0.813934296369553 0.859722018241882 0.860617697238922 0.857699811458588 0.868724048137665 0.89660981297493 0.868621051311493 0.836082100868225 0.708712577819824 0.641110360622406 0.618783876299858 0.58053369820118 0.551538929343224 0.549879625439644 0.581705465912819 0.545986711978912 0.537873700261116 0.588719800114632 0.54975651204586 0.500294297933578 0.453557655215263
-9999 -9999 -9999 -9999 -9999 -9999 -9999 -9999 -9999 -9999 -9999 -9999 -9999 -9999 -9999 3.66210771690715 3.495020408522 6.89977884292603 7.23382186889648 7.62207698822021 3.39576423168182 2.52048021554947 1.9246312379837 1.26118165254593 1.10810717940331 1.05596280097961 0.999515801668167 0.943083912134171 0.882348597049713 0.889497935771942 0.906625539064407 0.889593511819839 0.861185520887375 0.833045482635498 0.876263022422791 0.896436721086502 0.882129818201065 1.00300124287605 0.878139585256577 0.770769059658051 0.75811779499054 0.730316340923309 0.726037457585335 0.747077912092209 0.751070827245712 0.774348646402359 0.688679024577141 0.702011257410049 0.671554237604141 0.585100024938583 0.559440448880196 0.56331105530262 0.578666210174561 0.558000683784485 0.577944338321686 0.599360346794128 0.519634142518044 0.488654404878616 0.473767787218094 0.434294208884239 0.542729169130325 0.560588255524635
-9999 -9999 -9999 -9999 -9999 -9999 -9999 -9999 -9999 -9999 35.2986888885498 35.2986888885498 13.7248649597168 36.2880020141602 11.5147190093994 24.4739255905151 19.3132066726685 11.0989665985107 7.48210144042969 6.22292518615723 4.57303869724274 2.45214915275574 1.72221618890762 1.53151631355286 1.1740120947361 1.00549212098122 0.964770019054413 0.921085149049759 0.843352407217026 0.836934864521027 0.798158794641495 0.704220503568649 0.677629977464676 0.767726361751556 0.862668424844742 0.946684420108795 0.963755249977112 0.938093572854996 0.837608188390732 0.773296236991882 0.730067163705826 0.698156520724297 0.676533177495003 0.689664155244827 0.713309571146965 0.71631883084774 0.721868544816971 0.686061412096024 0.629279270768166 0.57285238802433 0.555612847208977 0.535288944840431 0.563928544521332 0.586735904216766 0.602172866463661 0.609155148267746 0.569703474640846 0.505013957619667 0.471694797277451 0.431549996137619 0.446555569767952 0.558226034045219
-9999 -9999 -9999 -9999 -9999 -9999 -9999 -9999 -9999 -9999 35.2986888885498 12.3729872703552 31.2519435882568 24.0651712417603 20.9073886871338 16.7429194450378 4.23849079012871 4.93579271435738 6.91077446937561 5.22895896434784 4.1979353427887 4.08924829959869 2.21988040208817 1.62545496225357 1.32937493920326 1.23756712675095 1.07828941941261 1.04776999354362 0.995587795972824 0.875226885080338 0.759162247180939 0.693804949522018 0.686002492904663 0.730694085359573 0.779635637998581 0.836222022771835 0.885527282953262 0.837697237730026 0.749450013041496 0.728719085454941 0.728302359580994 0.743735879659653 0.665762856602669 0.67451848089695 0.693128764629364 0.689334869384766 0.685078114271164 0.666638150811195 0.60878187417984 0.569622650742531 0.566908970475197 0.569060102105141 0.575363203883171 0.607701167464256 0.611130818724632 0.550357729196548 0.520407423377037 0.506649166345596 0.511703073978424 0.520633175969124 0.581281274557114 0.662847608327866
-9999 -9999 -9999 -9999 -9999 -9999 -9999 -9999 -9999 -9999 -9999 -9999 -9999 9.18333002140647 18.717889547348 19.9994854927063 13.2224073626778 -9999 -9999 -9999 -9999 -9999 2.72602111101151 2.77443695068359 2.43056327104568 1.90702968835831 1.32625097036362 1.12976351380348 1.03772735595703 0.950986325740814 0.868111073970795 0.807623326778412 0.804715543985367 0.818387031555176 0.875523805618286 0.859793812036514 0.783908307552338 0.701799005270004 0.666335374116898 0.670847967267036 0.683444023132324 0.663852050900459 0.668874353170395 0.672048255801201 0.671354323625565 0.661319553852081 0.637916162610054 0.613849058747292 0.595062732696533 0.601062208414078 0.611898735165596 0.590485721826553 0.591207057237625 0.609358012676239 0.626141309738159 0.59547346830368 0.575592935085297 0.544339835643768 0.526572838425636 0.565080016851425 0.682403907179832 0.816761702299118
-9999 -9999 -9999 -9999 -9999 -9999 -9999 -9999 -9999 -9999 -9999 -9999 -9999 16.6274771690369 16.6274771690369 16.6274771690369 -9999 -9999 -9999 -9999 -9999 -9999 4.94490551948547 4.94490551948547 4.94490551948547 0.308659605681896 1.37150233983994 1.43810838460922 1.24886244535446 1.11825513839722 1.02803000807762 1.00050231814384 0.993284225463867 0.991973340511322 1.00742599368095 0.914399564266205 0.826258152723312 0.736436605453491 0.653503149747849 0.630411341786385 0.624528273940086 0.630817249417305 0.632659301161766 0.620870679616928 0.62634488940239 0.628171384334564 0.613572970032692 0.594218775629997 0.578871622681618 0.568546816706657 0.579677492380142 0.608508825302124 0.588656902313232 0.556136816740036 0.557993486523628 0.556897535920143 0.561767667531967 0.593702986836433 0.59431055188179 0.640122279524803 0.591483101248741 0.584843873977661
-9999 -9999 -9999 -9999 -9999 -9999 -9999 -9999 -9999 -9999 -9999 -9999 -9999 -9999 -9999 -9999 -9999 -9999 -9999 -9999 -9999 -9999 -9999 -9999 -9999 -9999 1.25228253006935 1.7232860326767 1.59444987773895 1.34633776545525 1.18458142876625 1.00974091887474 1.01197215914726 1.00962755084038 0.911990851163864 0.857723504304886 0.767918318510056 0.754818588495255 0.699096947908401 0.630996823310852 0.602108627557755 0.603624701499939 0.602149531245232 0.589871004223824 0.591514885425568 0.60124084353447 0.593290418386459 0.574405789375305 0.553809240460396 0.543431237339973 0.556670486927032 0.583208084106445 0.587839767336845 0.569005161523819 0.618380427360535 0.645973563194275 0.62472103536129 0.596088632941246 0.588349565863609 0.631552219390869 0.622515946626663 0.570945024490356
-9999 -9999 -9999 -9999 -9999 -9999 -9999 -9999 -9999 -9999 -9999 -9999 -9999 -9999 -9999 -9999 -9999 -9999 -9999 -9999 -9999 -9999 -9999 -9999 -9999 -9999 -9999 -9999 2.24648576974869 1.74617671966553 1.25077772140503 1.11473178863525 1.1529643535614 1.07551887631416 0.894949078559875 0.826320379972458 0.758348017930984 0.755708634853363 0.75261265039444 0.694823428988457 0.659965574741364 0.636006027460098 0.617032080888748 0.597070544958115 0.594000175595284 0.57275864481926 0.560032188892365 0.557169511914253 0.566383257508278 0.57639317214489 0.562910512089729 0.556886315345764 0.566412135958672 0.57117734849453 0.622742012143135 0.641206428408623 0.625611528754234 0.600089952349663 0.57836526632309 0.632937222719193 0.623848512768745 0.533924907445908
