EcologicalScience/Bass/data/rs_data_bass/chl_157.asc
NCOLS 226 
NROWS 124 
XLLCORNER -9.41648524995501 
YLLCORNER 47.587301625531 
CELLSIZE 0.0833 
NODATA_value -9999 
[rows 81 to 107 of 124, columns 62 to 123 of 226]
3.85158455371857 5.97498106956482 7.6620512008667 7.66205191612244 -9999 -9999 -9999 -9999 -9999 -9999 -9999 -9999 -9999 -9999 -9999 -9999 -9999 -9999 -9999 -9999 -9999 -9999 -9999 -9999 -9999 -9999 -9999 -9999 -9999 -9999 -9999 -9999 -9999 -9999 -9999 -9999 -9999 -9999 -9999 -9999 -9999 -9999 -9999 -9999 -9999 -9999 -9999 -9999 -9999 -9999 -9999 -9999 -9999 -9999 -9999 -9999 -9999 -9999 -9999 -9999 -9999 -9999
2.92132410841081 -9999 -9999 -9999 -9999 -9999 -9999 -9999 -9999 -9999 -9999 -9999 -9999 -9999 -9999 -9999 -9999 -9999 -9999 -9999 -9999 -9999 -9999 -9999 -9999 -9999 -9999 -9999 -9999 -9999 -9999 -9999 -9999 -9999 -9999 -9999 -9999 -9999 -9999 -9999 -9999 -9999 -9999 -9999 -9999 -9999 -9999 -9999 -9999 -9999 -9999 -9999 -9999 -9999 -9999 -9999 -9999 -9999 -9999 -9999 -9999 -9999
-9999 -9999 -9999 -9999 -9999 -9999 -9999 -9999 -9999 -9999 -9999 -9999 -9999 -9999 -9999 -9999 -9999 -9999 -9999 -9999 -9999 -9999 -9999 -9999 -9999 -9999 -9999 -9999 -9999 -9999 -9999 -9999 -9999 -9999 -9999 -9999 -9999 -9999 -9999 -9999 -9999 -9999 -9999 -9999 -9999 -9999 -9999 -9999 -9999 -9999 -9999 -9999 -9999 -9999 -9999 -9999 -9999 -9999 -9999 -9999 -9999 -9999
-9999 -9999 -9999 -9999 -9999 -9999 -9999 -9999 -9999 -9999 -9999 -9999 -9999 -9999 -9999 -9999 -9999 -9999 -9999 -9999 -9999 -9999 -9999 -9999 -9999 -9999 -9999 -9999 -9999 -9999 -9999 -9999 -9999 -9999 -9999 -9999 -9999 -9999 -9999 -9999 -9999 -9999 -9999 -9999 -9999 -9999 -9999 -9999 -9999 -9999 -9999 -9999 -9999 -9999 -9999 -9999 -9999 3.17023082340465 3.37872761487961 2.99253523349762 3.8547306060791 3.0567330121994
-9999 -9999 -9999 -9999 -9999 -9999 -9999 -9999 -9999 -9999 -9999 -9999 -9999 -9999 -9999 -9999 -9999 -9999 -9999 -9999 -9999 -9999 -9999 -9999 -9999 -9999 -9999 -9999 -9999 -9999 -9999 -9999 -9999 -9999 -9999 -9999 37.1749906539917 -9999 4.93368399994714 2.73016119003296 -9999 -9999 10.5016343674876 5.86411940306425 33.4677658081055 2.08912119269371 1.953134983778 1.77485847473145 2.01179176568985 1.72524154186249 4.63239598274231 1.94573858380318 -9999 -9999 -9999 3.14606635272503 4.5626528263092 3.32939100265503 3.20285618305206 3.04287207126617 1.27066352963448 1.11644920706749
-9999 -9999 -9999 -9999 -9999 -9999 -9999 -9999 -9999 -9999 -9999 -9999 -9999 3.27238243818283 4.20199288640703 2.40510937571526 2.21824425458908 1.87970451513926 1.12509450316429 -9999 -9999 -9999 -9999 -9999 -9999 -9999 -9999 -9999 2.66029298305511 4.01923656463623 4.19276082515717 3.62012304578509 -9999 3.66949796676636 -9999 -9999 -9999 -9999 2.24886292219162 2.28207528591156 2.53484469652176 2.45257651805878 2.46667581796646 2.18647867441177 2.1491122841835 2.16283267736435 2.40298354625702 2.28715431690216 2.2476105093956 2.99603247642517 3.59729111194611 3.35652530193329 5.21915924549103 4.18814384937286 4.47534906864166 4.55562508106232 3.87341237068176 2.20932823419571 1.93131530284882 1.65570831298828 1.05230623483658 0.799368739128113
-9999 -9999 -9999 -9999 -9999 -9999 -9999 -9999 -9999 -9999 3.21718946099281 2.49272096157074 15.3562030792236 23.4954328536987 30.2599382400513 22.9651236534119 2.12144216895103 2.23739066720009 2.31992393732071 2.83485379815102 4.82412278937154 -9999 2.12786932786306 2.25048951307933 3.19664389436895 -9999 -9999 4.47640872001648 3.53375101089478 3.06645905971527 2.17980068922043 2.42153853178024 2.97574800252914 3.46201658248901 -9999 -9999 3.0236051763807 4.34933826327324 2.92424100637436 2.80553108453751 2.75598907470703 2.9756618142128 3.31676316261292 2.70407545566559 2.66858321428299 2.87776207923889 2.89004927873611 1.99783945083618 1.48511096835136 2.14469558000565 1.98375374078751 2.41746157407761 2.67904883623123 2.57499378919601 2.76344257593155 2.29299294948578 2.00695949792862 2.01459217071533 1.88733154535294 1.09801796078682 0.704758509993553 0.713376760482788
-9999 -9999 -9999 -9999 -9999 -9999 -9999 -9999 -9999 4.22419604659081 7.07653596997261 2.99808932840824 9.40857982635498 11.6610467433929 18.2877044677734 26.9570989608765 1.81940317153931 1.87454617023468 2.40990525484085 2.74874478578568 2.29935032129288 2.23218175023794 3.07495951652527 3.63333070278168 3.12707233428955 2.98537355661392 2.95503526926041 2.80708193778992 2.33263349533081 2.07143032550812 1.74412125349045 2.37222146987915 2.90193450450897 3.21032702922821 3.42505967617035 3.49534785747528 3.40605747699738 3.19202792644501 4.02652716636658 4.25685811042786 4.84099566936493 4.47339820861816 3.54180514812469 2.80655246973038 2.67447370290756 1.70818948745728 1.68879371881485 1.51440525054932 1.46240472793579 1.52712231874466 1.62809246778488 1.68849742412567 1.83076947927475 1.57050150632858 1.61475831270218 1.74011170864105 1.68822008371353 1.36261573433876 0.99411079287529 0.756257236003876 0.743654251098633 0.691986009478569
-9999 -9999 -9999 -9999 -9999 -9999 -9999 -9999 -9999 3.36552827060223 2.21423097699881 1.42945984750986 7.28858184814453 13.1433391571045 12.314404964447 12.7487025260925 1.21929641067982 1.52227807044983 1.51315569877625 1.83736574649811 3.75652205944061 5.08496117591858 6.10226225852966 5.14864575862885 2.88220721483231 2.47118031978607 1.92676198482513 1.57629382610321 1.40546250343323 1.41504979133606 1.42148700356483 1.63504582643509 1.98754799365997 2.67649948596954 3.02404117584229 3.3084636926651 3.44306337833405 3.62300634384155 4.51001608371735 4.8936231136322 4.10066485404968 3.44840383529663 2.02776753902435 2.06954616308212 2.10853207111359 1.81599301099777 1.35144299268723 1.29081979393959 1.32545551657677 1.3559467792511 1.3295970261097 1.12554600834846 0.995414257049561 1.06743675470352 0.951946467161179 0.859818756580353 0.871202230453491 0.798952460289001 0.743663236498833 0.673647746443748 0.581802740693092 0.596931740641594
-9999 -9999 -9999 -9999 -9999 -9999 -9999 -9999 1.43829372525215 1.93970440328121 1.45399685204029 7.56714105606079 7.98642539978027 8.17893505096436 10.1994817256927 10.7953455448151 8.12274312973022 6.16823315620422 2.52646869421005 3.40194833278656 2.81120932102203 3.07184457778931 2.6888655424118 2.68025547266006 1.67477542161942 1.25410428643227 1.09649249911308 1.10262751579285 1.14582520723343 1.1741024851799 1.25925001502037 1.53463733196259 1.82024395465851 2.02777647972107 2.1903315782547 2.38407897949219 2.39579021930695 2.66019308567047 2.96039324998856 2.54213923215866 1.93246132135391 1.38567978143692 0.964887768030167 0.920557469129562 0.924888789653778 0.918339729309082 0.93309223651886 0.79502472281456 0.74302276968956 0.749088004231453 0.736940234899521 0.739140003919601 0.753882765769958 0.896463006734848 0.876309782266617 0.829647749662399 0.582237750291824 0.485007002949715 0.452847003936768 0.423529520630836 0.474184513092041 0.565203756093979
6.7444703578949 0.860114626586437 1.33806149661541 1.08535239100456 -9999 -9999 -9999 22.2161666750908 1.2944021075964 1.28548765182495 6.53709554672241 1.34650647640228 1.10373075306416 5.65562832355499 4.49906766414642 6.0989727973938 7.33731150627136 5.14755964279175 2.63286155462265 1.69907695055008 1.11107924580574 0.998757004737854 1.01268973946571 0.996284991502762 0.824811726808548 0.807281255722046 0.821696251630783 0.83626127243042 0.816141754388809 0.81742125749588 0.821289002895355 0.88952699303627 0.972600013017654 1.07805445790291 1.21899595856667 1.40660852193832 1.38878327608109 1.26787573099136 0.982715964317322 0.906307518482208 0.951945036649704 0.935371488332748 0.766356021165848 0.741786003112793 0.757517963647842 0.725466728210449 0.579512268304825 0.565527006983757 0.545101493597031 0.560732245445251 0.541494771838188 0.559961244463921 0.583135485649109 0.794192969799042 0.80008202791214 0.63085350394249 0.578108981251717 0.623045235872269 0.626239478588104 0.607511267066002 0.589866757392883 0.664546519517899
1.81486201286316 2.07247495651245 1.79899942874908 1.12479490041733 1.06016327440739 0.779797866940498 0.768884271383286 0.745113350450993 0.837673857808113 0.862210504710674 4.44374763965607 4.06012558937073 2.15686726570129 2.29219794273376 2.08539372682571 0.861675761640072 0.881929144263268 5.05203759670258 2.76356327533722 1.38814723491669 1.20475575327873 0.83389350771904 0.858701974153519 0.819875210523605 0.7576544880867 0.754155747592449 0.833924621343613 0.742624506354332 0.741488993167877 0.746564269065857 0.753446996212006 0.839258998632431 0.857093274593353 0.848598718643188 0.8607217669487 0.85541170835495 0.818818509578705 0.772233009338379 0.737430766224861 0.751760959625244 0.75467249751091 0.766879498958588 0.689099997282028 0.582090005278587 0.552739486098289 0.615440994501114 0.493331998586655 0.515250742435455 0.519873753190041 0.501081749796867 0.513131260871887 0.56497947871685 0.620493739843369 1.07854498922825 1.37141212821007 0.548779517412186 0.710751011967659 0.698091745376587 0.66364498436451 0.698656484484673 0.729928493499756 0.873315006494522
1.17214348912239 1.20884174108505 1.41934275627136 0.777305603027344 0.871464751660824 0.860699996352196 0.867666363716125 0.834366001188755 0.800513595342636 0.738402754068375 0.822357371449471 0.810358487069607 0.807945728302002 3.41618764400482 4.27206158638 4.45937097072601 4.9669371843338 4.68341410160065 1.96889179944992 1.308927744627 1.23734995722771 0.828314244747162 0.813361465930939 0.800746500492096 0.785824477672577 0.787216544151306 0.789406478404999 0.794322788715363 0.802722752094269 0.797101467847824 0.766781240701675 0.906422227621078 0.814342528581619 0.719198986887932 0.752604782581329 0.779003262519836 0.807239234447479 0.803193747997284 0.811190217733383 0.818491458892822 0.75450074672699 0.679652988910675 0.620950520038605 0.578676760196686 0.531890988349915 0.509007766842842 0.544025257229805 0.515772745013237 0.549513772130013 0.566698506474495 0.59025451540947 0.79032826423645 0.912074983119965 0.995081976056099 0.958065032958984 0.879521995782852 0.742069512605667 0.84333148598671 0.998464465141296 1.07884204387665 1.11142498254776 1.35130727291107
0.688143745064735 0.735234752297401 0.745011761784554 0.478087484836578 0.37610699236393 0.8834013864398 0.841844245791435 0.769157990813255 0.720420017838478 0.777558714151382 0.951680213212967 1.45268172025681 2.66067981719971 2.49975675344467 4.05685722827911 3.93175113201141 4.22299361228943 3.90617251396179 1.68227916955948 1.53023028373718 1.20680701732635 0.97638076543808 0.920021206140518 0.844295293092728 0.805760979652405 0.787459462881088 0.753524959087372 0.736867502331734 0.715608760714531 0.717888012528419 0.700607255101204 0.677915990352631 0.598334267735481 0.633357748389244 0.662137493491173 0.705537021160126 0.700773730874062 0.722237259149551 0.72723600268364 0.645963728427887 0.62373223900795 0.620697766542435 0.539903238415718 0.524581521749496 0.513206988573074 0.49142923951149 0.503685012459755 0.536708235740662 0.542384997010231 0.704163014888763 0.657382518053055 0.698414996266365 0.996211498975754 1.08628387749195 1.18865360319614 1.25274333357811 0.810553461313248 1.01356574892998 1.01136445999146 1.03643327951431 1.05265572667122 1.02803322672844
0.444164246320724 0.848480969667435 1.12160924077034 1.11444452404976 0.775014013051987 0.939935982227325 1.11122998595238 0.805495128035545 0.80580036342144 1.0903605222702 1.14544048905373 1.42791974544525 1.48471426963806 2.48664522171021 4.11170840263367 4.14317536354065 3.9282134771347 3.5536333322525 2.15794497728348 1.49402251839638 0.945676535367966 0.770371466875076 0.716738998889923 0.695715755224228 0.689293518662453 0.75039678812027 0.706175252795219 0.70619098842144 0.75177526473999 0.750602960586548 0.754680007696152 0.716882988810539 0.63484051823616 0.623346000909805 0.646192520856857 0.655334249138832 0.758823752403259 0.809563457965851 0.738293990492821 0.776249259710312 0.760113716125488 0.722597256302834 0.629709005355835 0.575155511498451 0.573714762926102 0.577262252569199 0.610892236232758 0.62058824300766 0.656844019889832 0.89895299077034 0.881861597299576 0.886562615633011 0.967686384916306 1.27232623100281 1.33443709462881 1.474120862782 2.16975179314613 1.45645120739937 1.46381324529648 6.90719985961914 4.36395835876465 4.87830105423927
1.00303423404694 2.52236241102219 1.26080623269081 0.936960786581039 0.902642995119095 0.889321535825729 0.943394958972931 1.34146276116371 0.660760492086411 0.88495945930481 1.40428948402405 1.55598825216293 1.38242626190186 1.84080594778061 2.35345208644867 1.85091823339462 2.42961305379868 2.24359792470932 1.43014347553253 0.889650732278824 0.498133510351181 0.532866016030312 0.543816760182381 0.569582238793373 0.582034483551979 0.674901008605957 0.7565977871418 0.816911995410919 0.853593707084656 0.895511269569397 0.857714205980301 0.782413512468338 0.671295762062073 0.668148770928383 0.691553235054016 0.945434242486954 1.00319471955299 1.12876877188683 1.04403752088547 0.962266534566879 0.856027543544769 0.787676274776459 0.643097251653671 0.616436988115311 0.625145271420479 0.628737017512321 0.484936505556107 0.713406756520271 0.835478246212006 0.934174507856369 0.862025991082191 1.32907350361347 2.8301583006978 2.96652254462242 3.30378299206495 3.33515551686287 4.21908894181252 8.58183391392231 15.4243833252362 14.7335371077061 14.6652903735638 2.03283254089563
2.87288618087769 1.98946058750153 0.960805535316467 0.851429969072342 0.841005027294159 0.966254264116287 1.01308652758598 1.15119525790215 0.718267500400543 0.80587050318718 0.955734014511108 0.957193493843079 1.58533644676208 4.8959698677063 6.63475370407104 2.69931828975677 5.68848967552185 3.30833172798157 0.587147980928421 0.535173743963242 0.479958012700081 0.561935260891914 0.65956574678421 0.665459990501404 0.702843770384789 0.92558553814888 1.06923678517342 1.14291903376579 1.1526270210743 1.14702898263931 1.06962150335312 0.890558212995529 1.2036397755146 1.52353352308273 1.74284327030182 1.91686123609543 2.06281721591949 2.07512176036835 1.67632573843002 1.13652303814888 1.06374979019165 1.00524973869324 0.862782776355743 0.713949769735336 0.696498021483421 0.672633022069931 0.899122506380081 1.21029259264469 1.04875163733959 1.14676161110401 2.02230629324913 2.45151078701019 1.96845553815365 5.44048637151718 6.2506020963192 6.66585811972618 2.06640754215909 -9999 -9999 -9999 -9999 -9999
2.31600683927536 1.02267220616341 0.953411221504211 0.855211526155472 0.74040225148201 0.558445483446121 0.533724009990692 0.599344521760941 0.557909980416298 0.565584003925323 0.59579399228096 1.01522174477577 3.69130182266235 7.38417220115662 13.8862109184265 2.13631582260132 0.726240009069443 0.561272978782654 0.569565743207932 0.550704762339592 0.705405011773109 0.971363246440887 1.10474252700806 0.854665517807007 0.910329043865204 1.27023223042488 1.32967945933342 1.25305566672356 1.50127063118494 1.04142451286316 0.749118760228157 0.82636946439743 1.68235945701599 2.40623706579208 2.96264541149139 3.88313090801239 7.31287407875061 6.41129422187805 2.68581891059875 1.29608702659607 1.05071774125099 0.875476509332657 0.905055016279221 0.838695734739304 0.709788769483566 0.675551265478134 2.55467111617327 1.53853869438171 0.986670792102814 1.23643353581429 1.57562255859375 2.07527250051498 2.82523119449615 3.2220297728266 1.85405013600334 -9999 -9999 -9999 -9999 -9999 -9999 -9999
0.759834766387939 0.709455013275146 0.65209798514843 0.579979509115219 0.524080485105515 0.40318800508976 0.403427258133888 0.462899252772331 0.563877761363983 0.541804522275925 0.916338711977005 0.819259464740753 3.01988339424133 4.88068199157715 6.255051612854 0.538994237780571 0.51069375872612 0.534526482224464 0.647426247596741 0.621761977672577 0.682050749659538 0.699494227766991 0.622774511575699 0.714825734496117 0.893503457307816 1.17715653777122 1.33762577176094 1.50115424394608 1.6131087216464 -9999 -9999 -9999 -9999 -9999 -9999 3.14426672458649 6.64191842079163 6.00849223136902 3.14442837238312 1.69872450828552 1.3170922100544 1.13611203432083 0.993252754211426 0.997827708721161 0.935651242733002 6.07326708734035 1.760766685009 2.0145315527916 2.22904944419861 2.84279930591583 3.34868717193604 3.48456752300262 3.87576305866241 1.9762424826622 1.97624230384827 -9999 -9999 -9999 -9999 -9999 -9999 -9999
0.573583513498306 0.719727739691734 3.08114252239466 2.60205157846212 0.5273527354002 0.492846742272377 0.467894241213799 0.511206015944481 0.50960174202919 0.51808275282383 0.520266741514206 0.521336987614632 0.910443753004074 0.988684505224228 0.939566284418106 0.663243770599365 0.617234230041504 0.655690491199493 0.91778701543808 0.892902016639709 0.683384254574776 0.622058987617493 0.614495247602463 0.699048757553101 0.905733793973923 1.07427003979683 1.14139804244041 1.05856651067734 0.826300531625748 -9999 -9999 -9999 -9999 -9999 -9999 -9999 6.62056732177734 7.10894393920898 4.51855874061584 1.83889120817184 1.5665790438652 1.50124651193619 1.52827870845795 1.56175196170807 1.42353522777557 1.38559949398041 2.25020402669907 2.8567162156105 3.52719211578369 3.76474213600159 4.20234668254852 5.52488243579865 -9999 -9999 -9999 -9999 -9999 -9999 -9999 -9999 -9999 -9999
1.22408849000931 1.38678976893425 1.11411148309708 2.56566269695759 1.73296281695366 0.541443005204201 0.807039767503738 0.895595222711563 0.790725767612457 0.608434483408928 0.614567264914513 0.597901493310928 0.637296751141548 0.5964734852314 0.607643231749535 0.418370246887207 0.599549978971481 0.815039277076721 1.22635647654533 0.981545646591942 0.686403751373291 1.04819942638278 1.19196034471194 0.610713019967079 0.654757484793663 0.871596783399582 1.2474704682827 1.41163051128387 1.91727304458618 -9999 -9999 -9999 -9999 -9999 -9999 -9999 8.76883006095886 31.6743407249451 8.99473142623901 3.85227835178375 3.61749887466431 3.59846913814545 3.47804617881775 3.34929156303406 2.95938670635223 2.47653526067734 3.54137492179871 3.25259864330292 3.49863231182098 4.20799040794373 4.11877870559692 3.93695318698883 5.05176164553716 -9999 -9999 -9999 -9999 -9999 -9999 -9999 -9999 -9999
2.23824369907379 1.12538136541843 1.37336812913418 1.8265383169055 3.0815098285675 2.65928095579147 1.12896448373795 0.860684216022491 0.772837489843369 0.682514995336533 0.554902508854866 0.542183250188828 0.524827480316162 0.439323753118515 0.366813004016876 0.607248768210411 0.60808727145195 0.801696717739105 0.621726751327515 0.561027735471725 0.71382375061512 0.716415748000145 0.664931237697601 1.02755329012871 1.12454921007156 1.13755050301552 1.17927977442741 1.11835196614265 1.1333025097847 1.32319504022598 -9999 -9999 -9999 -9999 -9999 -9999 -9999 19.0607522044863 9.56645618952238 2.54987589802061 10.9728133678436 10.3961219787598 10.1415474414825 5.86445617675781 6.96493148803711 5.09521722793579 6.04384160041809 4.48657214641571 4.28504705429077 4.34591174125671 3.95919692516327 6.10175631263039 3.05563073077898 -9999 -9999 -9999 -9999 -9999 -9999 -9999 -9999 -9999
2.07960891723633 1.31439710408449 1.34537478536367 1.65460807085037 1.61696326732635 1.47398552298546 1.34901371598244 0.95118373632431 0.824610024690628 0.7083840072155 0.618598490953445 0.723594009876251 0.428444266319275 0.33703500777483 1.29366222023964 0.505362018942833 0.459006741642952 0.497441992163658 0.486313506960869 0.468067511916161 0.44378399848938 0.602426245808601 1.29921528697014 1.7178413271904 1.214823782444 1.22830054163933 1.08961951732635 0.932970017194748 1.38724878430367 1.47037947177887 -9999 -9999 -9999 -9999 -9999 -9999 -9999 -9999 -9999 -9999 -9999 -9999 -9999 -9999 -9999 -9999 3.65490746498108 4.44408452510834 4.18284165859222 4.62504959106445 -9999 -9999 -9999 -9999 -9999 -9999 -9999 -9999 -9999 -9999 -9999 -9999
2.25788927078247 1.61136817932129 1.70105177164078 1.54700320959091 1.51807880401611 1.50314247608185 1.33907175064087 1.0556715130806 0.88513121008873 0.708130493760109 0.6144660115242 0.603323981165886 0.587681248784065 0.392955020070076 0.595562249422073 0.648545980453491 0.509805768728256 0.419862002134323 0.439638733863831 0.468606010079384 0.535382241010666 0.774425983428955 1.11710098385811 1.34479236602783 -9999 -9999 -9999 1.16644272208214 1.22470271587372 0.916303485631943 1.5504959821701 -9999 -9999 -9999 -9999 -9999 -9999 -9999 -9999 -9999 -9999 -9999 -9999 -9999 -9999 -9999 -9999 -9999 -9999 -9999 -9999 -9999 -9999 -9999 -9999 -9999 -9999 -9999 -9999 -9999 -9999 -9999
1.64609241485596 1.35120597481728 1.20770171284676 1.27928254008293 1.5498411655426 1.51014822721481 1.45715698599815 0.863024264574051 0.675772503018379 0.637848749756813 0.602819234132767 0.650749504566193 0.67873951792717 0.627558767795563 0.670976266264915 0.705153733491898 0.703749015927315 0.556496992707253 0.481097996234894 0.512032493948936 0.487434759736061 0.554914489388466 0.651124522089958 0.834848999977112 1.00698146224022 0.984510719776154 1.10197278857231 1.23180001974106 1.49160897731781 1.46845579147339 1.55876702070236 2.54349119087745 -9999 -9999 -9999 -9999 -9999 -9999 -9999 -9999 -9999 -9999 -9999 -9999 -9999 -9999 -9999 -9999 -9999 -9999 -9999 -9999 -9999 -9999 -9999 -9999 -9999 -9999 -9999 -9999 -9999 -9999
0.982572734355927 0.956544756889343 0.856411457061768 0.932978957891464 1.33532997965813 1.32111150026321 1.22171097993851 0.972853481769562 0.703850269317627 0.86829149723053 0.880535960197449 0.883700251579285 1.51271617412567 1.12049996852875 0.906275242567062 1.29747971892357 1.44117745757103 0.727805256843567 0.546049520373344 0.544963493943214 0.4792859852314 0.511782735586166 0.619230732321739 0.754388988018036 1.0433115363121 1.08238425850868 1.18512073159218 1.44218400120735 1.56755554676056 1.70184445381165 2.0421479344368 2.16853272914886 -9999 -9999 -9999 -9999 -9999 -9999 -9999 -9999 -9999 -9999 -9999 -9999 -9999 -9999 -9999 -9999 -9999 -9999 -9999 -9999 -9999 -9999 -9999 -9999 -9999 -9999 -9999 -9999 -9999 -9999
0.701018258929253 0.919259995222092 1.07470196485519 0.872174978256226 0.799457967281342 1.4507542848587 1.40155121684074 1.33160322904587 1.0557382106781 3.35378623008728 6.22452449798584 3.85382759571075 5.29020917415619 1.3934737443924 5.0559196472168 2.38491368293762 6.14413475990295 1.49163973331451 0.570201739668846 0.578308492898941 0.549227982759476 0.58373250067234 0.652645513415337 0.876969784498215 1.61496305465698 1.61608868837357 1.41553571820259 1.71104103326797 1.78632456064224 1.95346802473068 2.40004348754883 -9999 -9999 -9999 -9999 -9999 -9999 -9999 -9999 -9999 -9999 -9999 -9999 -9999 -9999 -9999 -9999 -9999 -9999 -9999 -9999 -9999 -9999 -9999 -9999 -9999 -9999 -9999 -9999 -9999 -9999 -9999
