EcologicalScience/Bass/data/rs_data_bass/chl_143.asc
NCOLS 226 
NROWS 124 
XLLCORNER -9.41648524995501 
YLLCORNER 47.587301625531 
CELLSIZE 0.0833 
NODATA_value -9999 
[rows 54 to 80 of 124, columns 0 to 61 of 226]
-9999 -9999 -9999 -9999 -9999 -9999 -9999 -9999 -9999 -9999 -9999 -9999 -9999 -9999 -9999 -9999 -9999 -9999 -9999 -9999 -9999 -9999 -9999 -9999 -9999 -9999 -9999 -9999 -9999 -9999 -9999 -9999 -9999 -9999 -9999 -9999 -9999 -9999 4.64863895538794 2.66411030292511 1.84035750994316 1.73899425910069 1.45925079400723 1.63577699661255 1.65038108825684 1.70141619443893 1.56627452373505 1.64299196004868 1.64127645748002 1.65588229894638 1.8334327340126 1.83200472593307 2.00420844554901 2.06004291772842 2.21192246675491 2.38232624530792 2.52664572000504 2.57315093278885 -9999 0.607058599591255 0.62790758907795 1.22848046085109
-9999 -9999 -9999 -9999 -9999 -9999 -9999 -9999 -9999 -9999 -9999 -9999 -9999 -9999 -9999 -9999 -9999 -9999 -9999 -9999 -9999 -9999 -9999 -9999 -9999 -9999 -9999 -9999 -9999 -9999 -9999 -9999 -9999 -9999 -9999 -9999 -9999 -9999 -9999 2.40948562324047 1.91482622348345 1.74841183882493 1.49169637606694 1.56484608925306 2.03029440982001 1.69764518737793 1.52848953008652 1.41589424014091 1.99987433237188 1.5412859916687 1.64134651422501 1.9415534734726 2.22808045148849 2.33889591693878 2.49374395608902 2.53724402189255 2.88120675086975 -9999 -9999 -9999 -9999 -9999
-9999 -9999 -9999 -9999 -9999 -9999 -9999 -9999 -9999 -9999 -9999 -9999 -9999 -9999 -9999 -9999 -9999 -9999 -9999 -9999 -9999 -9999 -9999 -9999 -9999 -9999 -9999 -9999 -9999 -9999 -9999 -9999 -9999 -9999 -9999 -9999 -9999 -9999 -9999 -9999 1.86388581991196 1.45738354325294 1.62964997841762 1.66327430193241 1.65370713747465 1.735191822052 1.66461074352264 1.61795997619629 1.66391104459763 1.76640379428864 1.87508851289749 2.00198328495026 2.29887682199478 2.38024431467056 2.37113320827484 2.35889106988907 2.47190093994141 2.41211771965027 2.60289198160172 -9999 -9999 -9999
-9999 -9999 -9999 -9999 -9999 -9999 -9999 -9999 -9999 -9999 -9999 -9999 -9999 -9999 -9999 -9999 -9999 -9999 -9999 -9999 -9999 -9999 -9999 -9999 -9999 -9999 -9999 -9999 -9999 -9999 -9999 -9999 -9999 -9999 -9999 -9999 -9999 -9999 -9999 -9999 1.7869729064405 1.9454573392868 1.94781207121336 1.87317615288955 1.47791102528572 1.68885451555252 1.7612339258194 1.79497271776199 1.85468405485153 1.9471492767334 1.87637633085251 2.01739203929901 2.14682847261429 2.19675529003143 2.38300055265427 2.29909121990204 2.53131151199341 2.37051218748093 2.17296981811523 1.92841494083405 10.2683072456947 -9999
-9999 -9999 -9999 -9999 -9999 -9999 -9999 -9999 -9999 -9999 -9999 -9999 -9999 -9999 -9999 -9999 -9999 -9999 -9999 -9999 -9999 -9999 -9999 -9999 -9999 -9999 -9999 -9999 -9999 -9999 -9999 -9999 -9999 -9999 -9999 -9999 -9999 -9999 -9999 -9999 -9999 2.28678452968597 2.06694227457047 1.89855605363846 1.75999492406845 1.81262844800949 1.80983394384384 1.8600577712059 1.96546429395676 1.97564256191254 1.89791321754456 1.96667629480362 1.95470774173737 2.13580566644669 2.30068051815033 2.41939347982407 2.49286723136902 2.64250802993774 2.24227201938629 1.94321858882904 1.90593820810318 -9999
-9999 -9999 -9999 -9999 -9999 -9999 -9999 -9999 -9999 -9999 -9999 -9999 -9999 -9999 -9999 -9999 -9999 -9999 -9999 -9999 -9999 -9999 -9999 -9999 -9999 -9999 -9999 -9999 -9999 -9999 -9999 -9999 -9999 -9999 -9999 -9999 -9999 -9999 -9999 -9999 -9999 2.61247579540525 2.00248718261719 2.13577204942703 1.87235856056213 1.95618081092834 2.11334180831909 1.92654222249985 1.9855118393898 2.08600723743439 1.99686974287033 1.92357891798019 1.9432418346405 2.01288896799088 2.1494414806366 2.33357852697372 2.48656350374222 2.17897492647171 2.11239820718765 2.52882671356201 -9999 -9999
-9999 -9999 -9999 -9999 -9999 -9999 -9999 -9999 -9999 -9999 -9999 -9999 -9999 -9999 -9999 -9999 -9999 -9999 -9999 -9999 -9999 -9999 -9999 -9999 -9999 -9999 -9999 -9999 -9999 -9999 -9999 -9999 -9999 -9999 -9999 -9999 -9999 -9999 -9999 -9999 2.27751279728753 2.61959999799728 2.5608292222023 2.21622222661972 2.22673505544662 2.09683728218079 2.03898006677628 2.0120535492897 2.11783128976822 2.21656805276871 2.28393298387527 2.26007473468781 2.28758704662323 2.27397519350052 2.34958058595657 2.35024201869965 2.49213230609894 -9999 -9999 2.06088906526566 2.08101832866669 2.1881639957428
-9999 -9999 -9999 -9999 -9999 -9999 -9999 -9999 -9999 -9999 -9999 -9999 -9999 -9999 -9999 -9999 -9999 -9999 -9999 -9999 -9999 -9999 -9999 -9999 -9999 -9999 -9999 -9999 -9999 -9999 -9999 -9999 -9999 -9999 -9999 -9999 -9999 -9999 -9999 2.57226679416803 2.54619669914246 2.54070371389389 2.40131843090057 2.2777424454689 2.08119606971741 1.91218793392181 1.97415894269943 2.06733155250549 2.12742680311203 2.36994677782059 2.53161817789078 2.49464857578278 2.47708797454834 2.40295118093491 2.46563243865967 2.47964107990265 2.48534846305847 2.20131683349609 2.02124243974686 2.08318054676056 2.06483101844788 2.17899441719055
-9999 -9999 -9999 -9999 -9999 -9999 -9999 -9999 -9999 -9999 -9999 -9999 -9999 -9999 -9999 -9999 -9999 -9999 -9999 -9999 -9999 -9999 -9999 -9999 -9999 -9999 -9999 -9999 -9999 -9999 -9999 -9999 -9999 -9999 -9999 -9999 -9999 -9999 -9999 2.62661182880402 2.36662727594376 2.30916523933411 1.96251082420349 1.81683969497681 1.6763100028038 1.74059325456619 1.93254750967026 2.11678951978683 2.21769297122955 2.22686541080475 2.18283158540726 2.36075842380524 2.37771677970886 2.40952277183533 2.25815695524216 2.22443407773972 2.06188058853149 2.02791827917099 2.05689972639084 2.17660868167877 2.32169097661972 2.18199670314789
-9999 -9999 -9999 -9999 -9999 -9999 -9999 -9999 -9999 -9999 -9999 -9999 -9999 -9999 -9999 -9999 -9999 -9999 -9999 -9999 -9999 -9999 -9999 -9999 -9999 -9999 -9999 -9999 -9999 -9999 -9999 -9999 -9999 -9999 -9999 -9999 -9999 -9999 2.73683531284332 2.35284942847032 2.37772053480148 2.20168268680573 1.81811249256134 1.62952655553818 1.50911700725555 2.04711896181107 2.12901592254639 2.20485073328018 2.09897392988205 1.88800120353699 1.86062854528427 1.96736633777618 2.07360452413559 2.19846975803375 2.17304474115372 2.02852803468704 1.87262320518494 1.92198675870895 2.0323274731636 2.08110666275024 2.09605801105499 2.13360446691513
-9999 -9999 -9999 -9999 -9999 -9999 -9999 -9999 -9999 -9999 -9999 -9999 -9999 -9999 -9999 -9999 -9999 -9999 -9999 -9999 -9999 -9999 -9999 -9999 -9999 -9999 -9999 -9999 -9999 -9999 -9999 -9999 -9999 -9999 -9999 -9999 -9999 -9999 2.43486279249191 2.27492541074753 2.24173504114151 2.13081908226013 1.74759757518768 1.59802043437958 1.60363876819611 1.95621532201767 2.19595205783844 2.14361107349396 2.00234019756317 1.75829172134399 1.87820327281952 1.96813881397247 2.01489382982254 2.15174996852875 2.12456703186035 1.88975250720978 1.81769317388535 1.8724536895752 2.02783942222595 2.07148200273514 2.00731658935547 2.16544353961945
-9999 -9999 -9999 -9999 -9999 -9999 -9999 -9999 -9999 -9999 -9999 -9999 -9999 -9999 -9999 -9999 -9999 -9999 -9999 -9999 -9999 -9999 -9999 -9999 -9999 -9999 -9999 -9999 -9999 -9999 -9999 -9999 -9999 -9999 -9999 -9999 -9999 2.51262396148273 2.77275592088699 2.18402552604675 2.04151582717896 1.96446973085403 1.73632729053497 1.50027894973755 1.5780930519104 1.91381549835205 2.05473750829697 1.98771983385086 1.92957383394241 1.88529896736145 1.89497172832489 1.83138602972031 1.92319053411484 1.98278474807739 2.02365607023239 1.92773705720901 1.86992329359055 1.92699533700943 2.05639797449112 2.11927127838135 2.43306595087051 2.60925829410553
-9999 -9999 -9999 -9999 -9999 -9999 -9999 -9999 -9999 -9999 -9999 -9999 -9999 -9999 -9999 -9999 -9999 -9999 -9999 -9999 -9999 -9999 -9999 -9999 -9999 -9999 -9999 -9999 -9999 -9999 -9999 -9999 -9999 -9999 -9999 -9999 -9999 3.04854369163513 2.58861297369003 2.14074075222015 1.99105131626129 1.9094962477684 1.81763845682144 1.44506478309631 1.65889942646027 1.90648806095123 2.01309674978256 1.9621290564537 1.95510220527649 1.98252296447754 1.91223818063736 1.75458455085754 1.69644606113434 1.80075073242188 1.90043932199478 1.88888168334961 1.95041316747665 1.91749656200409 1.98169952630997 2.08783203363419 2.06584203243256 2.20472770929337
-9999 -9999 -9999 -9999 -9999 -9999 -9999 -9999 -9999 -9999 -9999 -9999 -9999 -9999 -9999 -9999 -9999 -9999 -9999 -9999 -9999 -9999 -9999 -9999 -9999 -9999 -9999 -9999 -9999 -9999 -9999 -9999 -9999 -9999 -9999 -9999 2.94014328718185 2.66340601444244 2.29467898607254 2.05155676603317 1.93653827905655 1.82763147354126 1.61663103103638 1.4374792277813 1.8181169629097 1.93674677610397 1.9957537651062 1.98667502403259 1.78947150707245 1.73238444328308 1.68515557050705 1.70818054676056 1.67381697893143 1.66146379709244 1.58144330978394 1.64221197366714 1.58381778001785 1.94007754325867 2.12291318178177 2.17571550607681 2.25801604986191 2.37782692909241
-9999 -9999 -9999 -9999 -9999 -9999 -9999 -9999 -9999 -9999 -9999 -9999 -9999 -9999 -9999 -9999 -9999 -9999 -9999 -9999 -9999 -9999 -9999 -9999 -9999 -9999 -9999 -9999 -9999 -9999 -9999 1.42569673061371 1.44801896810532 -9999 2.10493344068527 2.19887436926365 2.21932876110077 2.28719848394394 2.0141310095787 1.73341566324234 1.68224626779556 1.64252096414566 1.50224322080612 1.51040554046631 1.85615247488022 1.8451446890831 1.84690582752228 1.78587001562119 1.67224270105362 1.49604374170303 1.46512573957443 1.42453345656395 1.41060751676559 1.5121214389801 1.60011899471283 1.67733442783356 1.76441019773483 1.98327666521072 2.15925300121307 2.26573276519775 2.43508958816528 2.16778653860092
-9999 -9999 -9999 -9999 -9999 -9999 -9999 -9999 -9999 -9999 -9999 -9999 -9999 -9999 -9999 -9999 -9999 -9999 -9999 -9999 -9999 -9999 0.346259817481041 2.13735008239746 2.22676956653595 2.51416808366776 2.36942321062088 2.26348274946213 1.86447304487228 1.38188025355339 1.33817321062088 1.41303303837776 1.67350280284882 1.58581048250198 1.86709356307983 1.93395227193832 1.88944494724274 1.68757116794586 1.59889358282089 1.47943273186684 1.38516229391098 1.58004158735275 1.52698570489883 1.71063297986984 1.72339653968811 1.48578304052353 1.49910753965378 1.48133173584938 1.45372053980827 1.43965351581573 1.58352828025818 1.65437704324722 1.57944220304489 1.72757023572922 1.91774171590805 1.95801222324371 2.22372382879257 2.14985918998718 4.65709546992653 -9999 -9999 -9999
-9999 -9999 -9999 -9999 -9999 -9999 -9999 -9999 -9999 -9999 -9999 -9999 -9999 -9999 -9999 -9999 -9999 -9999 -9999 -9999 -9999 -9999 1.85471248626709 2.0138955116272 2.49031054973602 2.3096376657486 2.29564279317856 2.27915167808533 1.7750009894371 1.31607601046562 1.23277500271797 1.28376898169518 1.46358677744865 1.45542445778847 1.46797120571136 1.5053197145462 1.47992849349976 1.35744300484657 1.3461622595787 1.28097152709961 1.21073251962662 1.23869177699089 1.30727398395538 1.3799130320549 1.47618824243546 1.39036577939987 1.52349007129669 1.60935831069946 1.61365807056427 1.66377228498459 1.92981898784637 2.05528646707535 1.87627351284027 2.03309243917465 2.14922773838043 -9999 -9999 -9999 -9999 -9999 -9999 -9999
-9999 -9999 -9999 -9999 -9999 -9999 -9999 -9999 -9999 -9999 -9999 -9999 -9999 -9999 -9999 -9999 -9999 -9999 -9999 1.72570198774338 2.43902331590652 1.62213081121445 2.09214824438095 1.86097794771194 2.0110387802124 1.61535751819611 1.51272296905518 1.472143471241 1.31494796276093 1.06211704015732 1.01092502474785 1.05419924855232 1.09664922952652 1.17247653007507 1.2343642115593 1.24325475096703 1.21181479096413 1.15191221237183 1.1147880256176 1.10578572750092 1.12615728378296 1.13308203220367 1.29270225763321 1.30773451924324 1.24527820944786 1.31339925527573 1.87743669748306 2.0043563246727 1.98899406194687 1.9051131606102 2.06057999063941 -9999 -9999 -9999 -9999 -9999 -9999 -9999 -9999 -9999 -9999 -9999
-9999 -9999 -9999 -9999 -9999 -9999 -9999 -9999 -9999 -9999 -9999 -9999 -9999 -9999 -9999 -9999 -9999 2.35323375463486 2.07526874542236 2.08408570289612 1.95631420612335 1.83262199163437 1.60765421390533 1.46367672085762 1.09005752205849 1.00849351286888 0.97272527217865 0.960365206003189 0.947472006082535 0.956968456506729 0.955023765563965 0.99429452419281 1.01548871397972 1.01713496446609 1.03019624948502 1.05174753069878 1.07409596443176 1.12130776047707 1.16269049048424 1.13849848508835 1.04747924208641 1.03191071748734 0.969432771205902 1.10265147686005 1.24076923727989 1.39900723099709 1.69782453775406 1.955735206604 2.20597726106644 2.02988138794899 1.9011512696743 -9999 -9999 -9999 -9999 -9999 -9999 -9999 -9999 -9999 -9999 -9999
-9999 -9999 -9999 -9999 -9999 -9999 -9999 -9999 -9999 -9999 -9999 -9999 -9999 -9999 1.35387298464775 1.8897510766983 1.84216046333313 1.89014321565628 1.62279295921326 1.36829397082329 1.17455103993416 0.910986006259918 0.951818972826004 0.764961719512939 0.80155348777771 0.790893763303757 0.809878528118134 0.859923720359802 0.872314542531967 0.902686536312103 0.94066196680069 0.894407987594604 0.916994959115982 0.921993792057037 0.934002041816711 0.981359213590622 1.05980175733566 1.11256125569344 1.12084347009659 0.908270984888077 0.833585232496262 0.938825279474258 0.997736245393753 1.19774776697159 1.47485625743866 1.57903647422791 1.6224405169487 1.66161078214645 1.90055841207504 1.62567293643951 1.68691116571426 1.56245774030685 -9999 -9999 -9999 -9999 -9999 -9999 -9999 -9999 -9999 -9999
-9999 -9999 -9999 -9999 -9999 -9999 -9999 -9999 -9999 -9999 -9999 1.95557729899883 1.33578971028328 1.28390622138977 1.27955549955368 1.93950819969177 1.6357319355011 1.3237087726593 1.14416098594666 0.798947274684906 0.704991012811661 0.7095817476511 0.725605487823486 0.750984013080597 0.747477740049362 0.768953293561935 0.76943251490593 0.8045414686203 0.875871777534485 0.93042978644371 0.905831962823868 0.861104965209961 0.863023459911346 0.838034212589264 0.856896758079529 0.934821724891663 0.941097021102905 0.957630783319473 0.999549776315689 0.94524747133255 1.14038702845573 1.21534645557404 1.242032289505 1.3332052230835 1.49299800395966 1.62235575914383 1.50943726301193 1.52474856376648 1.44215252995491 1.2805492579937 1.96923564434052 -9999 -9999 -9999 -9999 -9999 4.51456621344699 2.33257055282593 5.20743986964226 4.65898446525846 3.07885043991023 -9999
-9999 -9999 -9999 -9999 -9999 -9999 -9999 -9999 -9999 1.28796377778053 4.08341715137164 1.49781900644302 1.29664877057076 1.13973149657249 1.08275628089905 1.01763001084328 0.989055007696152 1.02362778782845 0.912512272596359 0.814537525177002 0.700683742761612 0.711731269955635 0.728320509195328 0.726843014359474 0.745671764016151 0.769672483205795 0.796059787273407 0.803872525691986 0.794504284858704 0.837556511163712 0.857697039842606 0.85182523727417 0.859918534755707 0.858029276132584 0.869391024112701 0.862823992967606 0.957756042480469 0.998618245124817 0.982643276453018 0.876887261867523 0.944985777139664 1.07993772625923 1.25909927487373 1.47115874290466 1.59097945690155 1.17734777927399 1.21434223651886 1.30924272537231 1.37396246194839 1.51671677827835 1.61113357543945 1.83916416764259 1.89354354143143 2.96508374214172 2.26399956643581 2.27942991256714 2.17419683933258 2.26177042722702 2.48029804229736 2.83024424314499 2.63811095952988 -9999
-9999 -9999 -9999 -9999 -9999 0.995934784412384 1.08083403110504 1.18600872159004 1.1800342798233 1.27446529269218 1.27952402830124 1.47406053543091 1.12050524353981 0.840785264968872 0.880056023597717 0.685824751853943 0.697035759687424 0.639946505427361 0.702164992690086 0.672655507922173 0.669374272227287 0.703143730759621 0.72249747812748 0.711870744824409 0.705951020121574 0.762683987617493 0.791446477174759 0.761502027511597 0.780560284852982 0.799762487411499 0.801072746515274 0.800802022218704 0.828933030366898 0.786102712154388 0.856263041496277 0.892737776041031 0.840186774730682 0.801749289035797 0.894988507032394 0.834017962217331 0.97174197435379 1.18265247344971 1.32020178437233 1.35752928256989 1.39414501190186 1.33655101060867 1.18481996655464 1.23004272580147 1.33312502503395 1.3984335064888 1.5024134516716 1.71401470899582 1.79870170354843 2.07878708839417 2.11717200279236 2.15792244672775 2.13283199071884 2.31774079799652 3.45015907287598 3.36227488517761 4.27999341487885 4.44871723651886
-9999 -9999 -9999 -9999 -9999 1.02742803096771 1.00206595659256 1.16133454442024 1.21301025152206 0.948186010122299 1.27324721217155 1.07978323101997 0.741621762514114 0.693689256906509 1.06439999447149 0.707311481237411 0.680612236261368 0.648484513163567 0.647483244538307 0.668867245316505 0.670602768659592 0.668334022164345 0.651492744684219 0.68113499879837 0.694791734218597 0.749415770173073 0.750200986862183 0.772689789533615 0.772841960191727 0.766470730304718 0.730740755796432 0.747729018330574 0.752136021852493 0.750843733549118 0.838827788829803 0.760184973478317 0.955202221870422 0.971489295363426 1.11352609843016 1.10480936989188 1.19076973199844 1.1803574860096 1.27822726964951 1.33004173636436 1.44094571471214 1.54655545949936 1.52781450748444 1.40063926577568 1.24412477016449 1.23257625102997 1.47531527280807 1.5778169631958 1.61712008714676 1.78745323419571 2.15879166126251 2.18236130475998 2.31613576412201 2.7182639837265 2.76390302181244 3.39381515979767 4.1127644777298 4.30658984184265
-9999 -9999 -9999 -9999 -9999 0.87583726644516 0.798198044300079 0.782595723867416 0.72784423828125 0.640748977661133 0.995948687195778 0.803840383887291 1.00973537067572 0.66745725274086 0.626642256975174 0.660036742687225 0.626996979117393 0.641690254211426 0.661985993385315 0.660714000463486 0.667556270956993 0.681388512253761 0.690744012594223 0.703060492873192 0.707789987325668 0.706244990229607 0.729592502117157 0.767983496189117 0.846758276224136 0.934144467115402 0.812638521194458 2.04279269278049 2.01314507424831 2.34547982364893 1.83200486749411 1.29931879043579 1.27547639608383 0.971370041370392 1.04909473657608 1.13115897774696 1.11546823382378 1.07556822896004 1.15281003713608 1.27211773395538 1.32604274153709 1.40879246592522 1.47565501928329 1.52330321073532 1.16621848940849 1.16618621349335 1.2610319852829 1.37212425470352 1.4466952085495 1.4969257414341 1.62813144922256 1.81299304962158 1.9076834321022 2.05014896392822 2.28141528367996 3.47136890888214 3.61603116989136 3.18470621109009
-9999 -9999 -9999 -9999 -9999 0.395009994506836 0.839927339783082 0.401175007224083 0.723589819512869 0.73632665841203 0.64385724812746 0.720158942043781 0.687413200736046 0.605522990226746 0.662075981497765 0.748607995609442 0.793532068530718 0.746972233057022 0.70039576292038 0.727284014225006 0.730309501290321 0.765183001756668 0.772340208292007 0.76842525601387 0.73658475279808 0.738741740584373 0.774305999279022 0.82608300447464 0.931971788406372 0.977913737297058 0.878516972064972 1.08717003464699 1.1778239607811 1.18804534205369 0.78135432916529 2.52095127105713 1.4727506712079 1.02990122884512 0.994807541370392 0.988409221172333 1.03685027360916 1.02336448431015 1.06788977980614 1.15326672792435 1.0930792093277 1.19462549686432 1.21914303302765 1.28794500231743 1.26569178700447 1.37740275263786 1.29514798521996 1.4495767056942 1.31107646226883 1.36132800579071 1.48536595702171 1.93456506729126 2.17121994495392 2.15439981222153 2.25874131917953 2.63986569643021 2.91256731748581 3.16700792312622
-9999 -9999 -9999 -9999 -9999 0.398158505558968 0.395309239625931 0.386500507593155 0.677966274713215 0.735500698288282 0.68948653837045 0.653620901207129 0.564481481909752 0.615527272224426 0.703995019197464 0.621522389352322 0.710808768868446 0.760474473237991 0.725082769989967 0.746032521128654 0.782221466302872 0.79816871881485 0.810647249221802 0.800087213516235 0.766659021377563 0.78585147857666 0.799358993768692 0.853878736495972 0.941334038972855 1.03550174832344 1.0239195227623 1.09230449795723 0.827385038137436 0.810371249914169 0.77050904841984 0.73479451239109 0.711845263838768 0.705402016639709 0.994578748941422 0.882159769535065 0.954700469970703 0.849213749170303 0.913333475589752 1.04271376132965 1.018853276968 1.13655602931976 1.1235179901123 1.1509282886982 1.16540175676346 1.20711672306061 1.35974621772766 1.47525224089622 1.36501201987267 1.66439026594162 2.08679705858231 2.21171396970749 2.19043278694153 2.01530778408051 2.08222049474716 2.22026699781418 3.33440923690796 3.83530640602112
