EcologicalScience/Bass/data/rs_data_bass/chl_437.asc
NCOLS 226 
NROWS 124 
XLLCORNER -9.41648524995501 
YLLCORNER 47.587301625531 
CELLSIZE 0.0833 
NODATA_value -9999 
[rows 0 to 26 of 124, columns 62 to 123 of 226]
-9999 -9999 -9999 -9999 -9999 -9999 -9999 -9999 -9999 -9999 -9999 -9999 -9999 -9999 -9999 -9999 -9999 -9999 -9999 -9999 -9999 -9999 -9999 -9999 -9999 -9999 -9999 -9999 -9999 -9999 -9999 -9999 -9999 -9999 -9999 -9999 -9999 -9999 -9999 -9999 -9999 -9999 -9999 -9999 -9999 -9999 -9999 -9999 -9999 -9999 -9999 -9999 -9999 -9999 -9999 -9999 -9999 -9999 -9999 -9999 -9999 -9999
-9999 -9999 -9999 -9999 -9999 -9999 -9999 -9999 -9999 -9999 -9999 -9999 -9999 -9999 -9999 -9999 -9999 -9999 -9999 -9999 -9999 -9999 -9999 -9999 -9999 -9999 -9999 -9999 -9999 -9999 -9999 -9999 -9999 -9999 -9999 -9999 -9999 -9999 -9999 -9999 -9999 -9999 -9999 -9999 -9999 -9999 -9999 -9999 -9999 -9999 -9999 -9999 -9999 -9999 -9999 -9999 -9999 -9999 -9999 -9999 -9999 -9999
-9999 -9999 -9999 -9999 -9999 -9999 -9999 -9999 -9999 -9999 -9999 -9999 -9999 -9999 -9999 -9999 -9999 -9999 -9999 -9999 -9999 -9999 -9999 -9999 -9999 -9999 -9999 -9999 -9999 -9999 -9999 -9999 -9999 -9999 -9999 -9999 -9999 -9999 -9999 -9999 -9999 -9999 -9999 -9999 -9999 -9999 -9999 -9999 -9999 -9999 -9999 -9999 -9999 -9999 -9999 -9999 -9999 -9999 -9999 -9999 -9999 -9999
-9999 -9999 -9999 -9999 -9999 -9999 -9999 -9999 -9999 -9999 -9999 -9999 -9999 -9999 -9999 -9999 -9999 -9999 -9999 -9999 -9999 -9999 -9999 -9999 -9999 -9999 -9999 -9999 -9999 -9999 -9999 -9999 -9999 -9999 -9999 -9999 -9999 -9999 -9999 -9999 -9999 -9999 -9999 -9999 -9999 -9999 -9999 -9999 -9999 -9999 -9999 -9999 -9999 -9999 -9999 -9999 -9999 -9999 -9999 -9999 -9999 -9999
-9999 -9999 -9999 -9999 -9999 -9999 -9999 -9999 -9999 -9999 -9999 -9999 -9999 -9999 -9999 -9999 -9999 -9999 -9999 -9999 -9999 -9999 -9999 -9999 -9999 -9999 -9999 -9999 -9999 -9999 -9999 -9999 -9999 -9999 -9999 -9999 -9999 -9999 -9999 -9999 -9999 -9999 -9999 -9999 -9999 -9999 -9999 -9999 -9999 -9999 -9999 -9999 -9999 -9999 -9999 -9999 -9999 -9999 -9999 -9999 -9999 -9999
-9999 -9999 -9999 -9999 -9999 -9999 -9999 -9999 -9999 -9999 -9999 -9999 -9999 -9999 -9999 -9999 -9999 -9999 -9999 -9999 -9999 -9999 -9999 -9999 -9999 -9999 -9999 -9999 0.63735419511795 1.43459595130743 2.31764939427376 0.839416533708572 0.710635498166084 0.549096018075943 0.510255753993988 0.521238729357719 0.492237746715546 0.41203048825264 0.514681488275528 0.364669494330883 0.254163756966591 0.536721378564835 0.645279765129089 0.763175994157791 0.537617236375809 0.53661073744297 0.841310977935791 1.16766151785851 0.936959266662598 0.876138746738434 0.981137216091156 0.739372506737709 0.62812802195549 0.620180994272232 0.570417746901512 0.52122075855732 0.533449485898018 0.444207742810249 0.425890490412712 0.446092486381531 0.476445749402046 0.46203151345253
-9999 -9999 -9999 -9999 -9999 -9999 -9999 -9999 -9999 -9999 -9999 -9999 -9999 -9999 -9999 -9999 -9999 -9999 -9999 -9999 -9999 -9999 -9999 -9999 -9999 -9999 1.18186515569687 1.0627324283123 4.02703276276588 2.77722787857056 2.02254675328732 2.11971496045589 0.962861627340317 0.709811255335808 0.584259733557701 0.52455148100853 0.525437995791435 0.561761990189552 0.566303998231888 0.610980749130249 1.08111825585365 0.616476394236088 0.627547882497311 0.62975737452507 0.597655512392521 1.29831826686859 0.570673875510693 0.562100261449814 0.955712288618088 0.580614745616913 0.588866248726845 0.643712997436523 0.610316231846809 0.532509729266167 0.503389477729797 0.487911745905876 0.455134481191635 0.374093994498253 0.375051006674767 0.387093767523766 0.4609245210886 0.455406010150909
-9999 -9999 -9999 -9999 -9999 -9999 -9999 -9999 -9999 -9999 -9999 -9999 -9999 -9999 -9999 -9999 -9999 -9999 -9999 -9999 -9999 -9999 -9999 -9999 -9999 -9999 1.18186515569687 3.68896159529686 3.06924676895142 2.15898674726486 1.07227420806885 1.06497153639793 0.92583829164505 1.76517158746719 0.828778490424156 0.541789501905441 0.677733018994331 0.768395215272903 0.780515223741531 0.928902000188828 1.0703392624855 1.18042579293251 1.27501425147057 1.07421299815178 0.636923633515835 0.604314766824245 0.572501242160797 0.708762019872665 0.829792499542236 0.801230996847153 0.69293774664402 0.595475256443024 0.54134626686573 0.506025016307831 0.446429997682571 0.422256767749786 0.405058488249779 0.377588242292404 0.36370575428009 0.374618992209435 0.387609019875526 0.405335247516632
-9999 -9999 -9999 -9999 -9999 -9999 -9999 -9999 -9999 -9999 -9999 -9999 -9999 -9999 -9999 -9999 -9999 -9999 -9999 -9999 -9999 -9999 -9999 -9999 -9999 -9999 2.58232685923576 5.86253714561462 2.67098325490952 1.1560338512063 0.911422491073608 1.06953370571136 1.07685077190399 1.54584378004074 1.51033276319504 1.24172401428223 1.02509701251984 1.04743203520775 1.11702525615692 0.946690499782562 1.06862998008728 1.04633545875549 1.13540849089622 0.923737496137619 0.855499505996704 1.28050723671913 0.871383726596832 1.02751502394676 0.892581760883331 1.00852954387665 1.04202523827553 0.742208987474442 0.514404729008675 0.383130759000778 0.362234249711037 0.348378002643585 0.354174748063087 0.351937495172024 0.342254988849163 0.360956244170666 0.356169752776623 0.355857007205486
-9999 -9999 -9999 -9999 -9999 -9999 -9999 -9999 -9999 -9999 -9999 -9999 -9999 -9999 -9999 -9999 -9999 -9999 -9999 -9999 -9999 -9999 -9999 -9999 -9999 1.19121462106705 4.39476585388184 2.10413700342178 1.33047679066658 1.1979067325592 0.884005486965179 1.21251976490021 1.38357603549957 1.60102432966232 1.40031597018242 1.1688195168972 0.992129266262054 0.945306748151779 0.936222016811371 0.935351997613907 0.87433648109436 0.84945747256279 0.942354708909988 0.849389255046844 1.04441624879837 1.06310471892357 1.02831602096558 1.07432171702385 1.23663827776909 1.34620347619057 0.975296974182129 0.595776736736298 0.360779240727425 0.342070497572422 0.333362996578217 0.333464249968529 0.321084000170231 0.321372739970684 0.32370375841856 0.330963000655174 0.340171493589878 0.35734049230814
-9999 -9999 -9999 -9999 -9999 -9999 -9999 -9999 -9999 -9999 -9999 -9999 -9999 -9999 -9999 -9999 -9999 -9999 -9999 -9999 -9999 -9999 -9999 -9999 -9999 4.92893803119659 3.78538200259209 1.48320190608501 1.04399514198303 1.17753446102142 1.07376073300838 1.00018237531185 0.907876878976822 1.63679766654968 1.65848779678345 1.58032804727554 1.45569974184036 1.40297850966454 1.20476621389389 1.08281546831131 1.07504698634148 0.903590977191925 1.09359973669052 1.16742521524429 1.28305202722549 0.862611025571823 0.771857231855392 0.681419268250465 0.610122755169868 0.904449731111526 0.688310265541077 0.420799478888512 0.35130974650383 0.341265007853508 0.325645498931408 0.316556252539158 0.302372239530087 0.315245993435383 0.333020254969597 0.336946494877338 0.340558491647243 0.33653549104929
-9999 -9999 -9999 -9999 -9999 -9999 -9999 -9999 -9999 -9999 -9999 -9999 -9999 -9999 -9999 -9999 -9999 -9999 -9999 -9999 -9999 -9999 -9999 -9999 1.31647038459778 5.4702016711235 2.84830579161644 1.21532589197159 1.00055922567844 0.935391761362553 0.943323388695717 1.05282787978649 1.15810127556324 1.22635500133038 1.92892795801163 1.41280236840248 1.94863575696945 1.80242621898651 1.67496532201767 1.29736572504044 1.13732475042343 1.33402195572853 1.28421002626419 1.14574652910233 1.11983701586723 1.08399975299835 0.670550242066383 0.548454746603966 0.501618012785912 0.430938765406609 0.398678228259087 0.369741752743721 0.349906504154205 0.321353249251842 0.309678755700588 0.304189503192902 0.285102009773254 0.312533251941204 0.33703800290823 0.334044009447098 0.318044252693653 0.304181255400181
-9999 -9999 -9999 -9999 -9999 -9999 -9999 -9999 -9999 -9999 -9999 -9999 -9999 -9999 -9999 -9999 -9999 -9999 -9999 -9999 -9999 -9999 -9999 1.50594073534012 4.2979057431221 1.95462155342102 1.29392248392105 1.05747824907303 0.985798135399818 1.04540924727917 1.07915326952934 1.1014034897089 1.21514815092087 1.28337371349335 1.37926836311817 1.4409281462431 1.31962350010872 1.22666028141975 1.38146397471428 1.33785304427147 1.30748328566551 1.50513303279877 1.38391578197479 1.0564229786396 0.940099507570267 0.96367871761322 0.666236981749535 0.557870998978615 0.488196015357971 0.442920729517937 0.390881985425949 0.366801001131535 0.350744247436523 0.322620749473572 0.308290489017963 0.304222494363785 0.292365007102489 0.303026251494884 0.310070246458054 0.30384224653244 0.292683005332947 0.261869989335537
-9999 -9999 -9999 -9999 -9999 -9999 -9999 -9999 -9999 -9999 -9999 -9999 -9999 -9999 -9999 -9999 -9999 -9999 -9999 -9999 -9999 -9999 3.17024612426758 2.61497470736504 0.350440509617329 1.11139914393425 1.08023996651173 0.991875037550926 0.596618995070457 0.622650772333145 0.673581004142761 0.744887262582779 0.862479776144028 1.29654604196548 1.29299399256706 1.74785023927689 1.79973077774048 1.73867172002792 1.55183100700378 1.59680771827698 1.38308322429657 1.20525598526001 1.16182127594948 1.0113659799099 0.888965249061584 0.863650470972061 0.567605271935463 0.457381501793861 0.408504769206047 0.39885301887989 0.3619230017066 0.348663747310638 0.335032492876053 0.320142008364201 0.311040759086609 0.306256502866745 0.29441249370575 0.290298007428646 0.291402742266655 0.273412495851517 0.269366249442101 0.259407006204128
-9999 -9999 -9999 -9999 -9999 -9999 -9999 -9999 -9999 -9999 -9999 -9999 -9999 -9999 -9999 -9999 -9999 -9999 -9999 -9999 2.64602583646774 2.2065257971937 2.82696291804314 0.454252481460571 0.499529242515564 0.413236498832703 0.728880733251572 0.669399753212929 0.747803270816803 0.852762758731842 0.864197283983231 1.07422202825546 1.21637696027756 1.40049523115158 1.62686544656754 1.74386250972748 1.78133243322372 1.71541875600815 1.70250302553177 1.54476141929626 1.40783321857452 1.27228876948357 1.14221924543381 1.00875824689865 0.830152541399002 0.702992230653763 0.522985517978668 0.395527482032776 0.366587251424789 0.355652242898941 0.339995250105858 0.331327490508556 0.320363245904446 0.328015498816967 0.32082898914814 0.318796500563622 0.277046240866184 0.266204260289669 0.263998501002789 0.251402243971825 0.247611746191978 0.240012757480145
-9999 -9999 -9999 -9999 -9999 -9999 -9999 -9999 -9999 -9999 -9999 -9999 -9999 -9999 -9999 -9999 -9999 -9999 -9999 -9999 2.3619372080805 1.67144912481308 2.20013397932053 1.61621180176735 1.41631722450256 1.34572121500969 1.20231226086617 1.02393221855164 0.986460775136948 0.991892248392105 1.1099197268486 1.34386503696442 1.74976050853729 2.62295472621918 1.6063215136528 2.02578681707382 2.1418109536171 2.05441868305206 1.97942250967026 1.57561504840851 1.33823695778847 1.14424645900726 0.963615775108337 0.929766744375229 0.832857728004456 0.747804746031761 0.465565502643585 0.390889495611191 0.351009741425514 0.339500248432159 0.337804488837719 0.324570760130882 0.312561750411987 0.296418003737926 0.292250253260136 0.290426999330521 0.255254253745079 0.23684249818325 0.223241999745369 0.217908002436161 0.208374761044979 0.209445744752884
-9999 -9999 -9999 -9999 -9999 -9999 -9999 -9999 -9999 -9999 -9999 -9999 -9999 -9999 -9999 -9999 -9999 -9999 -9999 6.28666162490845 3.72770923376083 2.58857175707817 1.82765212655067 1.54605259001255 1.36791747808456 1.33069762587547 1.33271849155426 1.20911246538162 1.15986603498459 1.22636997699738 1.39906874299049 1.75763779878616 2.10803031921387 1.86744225025177 1.7357565164566 1.87974143028259 2.43711447715759 2.47529697418213 2.2060838341713 1.9105709195137 1.38912597298622 1.10143652558327 0.937806040048599 0.856217980384827 0.734271749854088 0.660861745476723 0.450560241937637 0.375161245465279 0.340736255049706 0.335220739245415 0.326415739953518 0.316215746104717 0.292914748191833 0.272693239152431 0.265394993126392 0.262754246592522 0.235025256872177 0.219737246632576 0.221027255058289 0.208869002759457 0.201335996389389 0.20134424418211
-9999 -9999 -9999 -9999 -9999 -9999 -9999 -9999 -9999 -9999 -9999 -9999 -9999 -9999 -9999 -9999 -9999 -9999 10.5818817615509 5.66531592607498 3.79695278406143 2.66354066133499 1.8455718755722 1.41453824937344 1.35351973772049 1.37382745742798 1.49331334233284 1.32689926028252 1.38896995782852 1.77953696250916 1.73724979162216 1.91371124982834 2.18790006637573 2.35998004674911 2.51079082489014 2.78436970710754 3.00947713851929 2.63357180356979 2.03095883131027 1.23541054129601 1.15552201867104 1.12902376055717 0.940330535173416 0.830672979354858 0.706266760826111 0.563985005021095 0.446093246340752 0.383729249238968 0.345112502574921 0.319706998765469 0.296990990638733 0.283189505338669 0.26995275914669 0.262572750449181 0.24516599625349 0.228086248040199 0.208629749715328 0.226529248058796 0.227636240422726 0.216411754488945 0.18962399661541 0.170352749526501
-9999 -9999 -9999 -9999 -9999 -9999 -9999 -9999 -9999 -9999 -9999 -9999 -9999 -9999 -9999 -9999 -9999 35.9051128339164 8.96859633922577 4.48275983333588 3.72815483808517 2.54752984642982 2.14733397960663 1.66390688717365 1.36686301231384 0.700112253427505 0.830388754606247 1.32222747802734 1.82922381162643 2.07175719738007 2.30536580085754 2.1992415189743 2.27899718284607 2.317263007164 2.70587396621704 2.92027419805527 3.21946263313293 2.36226367950439 1.8780854344368 1.21679475903511 0.930109530687332 0.76162201166153 0.745965734124184 0.756110966205597 0.730767756700516 0.628198519349098 0.443412020802498 0.400417506694794 0.349073253571987 0.329338498413563 0.311651989817619 0.290988005697727 0.283093504607677 0.274447493255138 0.26095350086689 0.25306199491024 0.234000742435455 0.231513753533363 0.212477244436741 0.212169751524925 0.199417501688004 0.163504499942064
-9999 -9999 -9999 -9999 -9999 -9999 -9999 -9999 -9999 -9999 -9999 -9999 -9999 -9999 -9999 -9999 -9999 -9999 -9999 1.73799370229244 1.48992490768433 1.3839266449213 1.70095270872116 1.48944671452045 0.533646762371063 0.6525007635355 0.774722993373871 0.926101505756378 1.45739847421646 1.82274305820465 1.72945421934128 2.21738630533218 2.50710904598236 2.55791026353836 2.49347323179245 2.10889202356339 2.462233543396 2.0573256611824 1.56535649299622 1.08424347639084 0.807918012142181 0.625291496515274 0.563139751553535 0.55324798822403 0.560503497719765 0.555499479174614 0.431957244873047 0.379970267415047 0.341270998120308 0.315779238939285 0.309908241033554 0.298628255724907 0.283151999115944 0.264059990644455 0.255596995353699 0.244082249701023 0.20906925201416 0.198125995695591 0.184574246406555 0.18036825209856 0.183242999017239 0.180741749703884
-9999 -9999 -9999 -9999 -9999 -9999 -9999 -9999 -9999 -9999 -9999 -9999 -9999 -9999 -9999 4.58155440200459 4.87033558975567 56.6485877445766 7.70663952827454 4.65494906902313 2.46270570158958 1.78107033669949 1.65734365582466 0.625497758388519 0.616985231637955 1.63802026212215 0.872481018304825 0.622741520404816 0.620967015624046 1.29706951975822 1.35348603129387 1.5221346616745 3.26531159877777 3.21267592906952 2.03976827859879 2.10854995250702 1.74747383594513 1.61882776021957 1.4320949614048 1.14388203620911 0.815346747636795 0.656292021274567 0.564152240753174 0.516968250274658 0.475175991654396 0.466747507452965 0.428403005003929 0.35487225651741 0.311757758259773 0.29050949960947 0.275484010577202 0.265523247420788 0.246504753828049 0.222627751529217 0.207775510847569 0.202521756291389 0.190672494471073 0.182496003806591 0.17858699709177 0.179126255214214 0.181778244674206 0.173080500215292
-9999 -9999 -9999 -9999 -9999 -9999 -9999 -9999 -9999 -9999 35.2986888885498 35.2986888885498 13.7248649597168 47.7109707891941 15.7411666214466 46.6307887732983 17.1403748989105 32.9738230705261 13.8103412389755 8.69364184141159 7.19270467758179 3.28014113008976 2.40345945954323 1.99330651760101 1.85857120156288 1.73905389010906 0.804346472024918 1.48395529389381 0.993534028530121 1.9023824930191 4.58305585384369 4.4283367395401 2.09576922655106 1.62693071365356 1.36912053823471 1.70090246200562 1.63152158260345 1.45937553048134 1.74293321371078 1.24119901657104 0.908274739980698 0.625656768679619 0.490744516253471 0.48377551138401 0.473716512322426 0.428127005696297 0.394070237874985 0.359430000185966 0.324787504971027 0.29670674353838 0.259914010763168 0.235261492431164 0.222549006342888 0.202069491147995 0.195809260010719 0.180776998400688 0.185822244733572 0.183506246656179 0.180816002190113 0.17986049875617 0.202490240335464 0.210996754467487
-9999 -9999 -9999 -9999 -9999 -9999 -9999 -9999 -9999 -9999 35.2986888885498 11.6047007622926 16.6170703172684 38.2291778326035 35.3379360437393 41.0703363418579 2.53356559574604 26.6436002359671 3.34997831952983 2.16329972367538 2.67724430561066 20.1965745985508 11.1242323815823 5.75168967247009 5.34541413187981 2.59311524033546 1.02583578228951 2.17710672318935 1.03054422140121 1.25853154063225 1.14925087988377 1.27977673709393 0.99938178062439 0.992821544408798 1.919568836689 1.25205901265144 1.38107773661613 1.49678778648376 1.16890051960945 0.879516005516052 0.713086500763893 0.590287506580353 0.49565327167511 0.454169243574142 0.449921250343323 0.448438480496407 0.417078763246536 0.361455760896206 0.343956761062145 0.316523239016533 0.272569499909878 0.236482501029968 0.223463259637356 0.213124506175518 0.206275507807732 0.184646252542734 0.193050004541874 0.193436242640018 0.197068490087986 0.20992349088192 0.224395506083965 0.23156476020813
-9999 -9999 -9999 -9999 -9999 -9999 -9999 -9999 -9999 -9999 -9999 -9999 -9999 4.92514591557639 7.59846210479736 4.12099405378103 -9999 -9999 -9999 -9999 -9999 -9999 10.8085625171661 6.76692014932632 35.4602344036102 31.6422564983368 1.1498309969902 1.08469426631927 0.862723499536514 0.871452748775482 1.23566848039627 1.25566689670086 0.970284014940262 1.0213620364666 0.93513223528862 0.798644989728928 0.799381524324417 0.942647248506546 0.986530512571335 0.731569513678551 0.656436771154404 0.57846674323082 0.463114500045776 0.416681259870529 0.409023731946945 0.402417004108429 0.384907498955727 0.348654001951218 0.317451752722263 0.299019008874893 0.273780003190041 0.246399745345116 0.234285749495029 0.225996740162373 0.205260761082172 0.205603502690792 0.21323474496603 0.224216245114803 0.229475252330303 0.231372758746147 0.231429755687714 0.226835243403912
-9999 -9999 -9999 -9999 -9999 -9999 -9999 -9999 -9999 -9999 -9999 -9999 -9999 16.6274771690369 16.6274771690369 16.6274771690369 -9999 -9999 -9999 -9999 -9999 -9999 4.94490551948547 4.94490551948547 4.94490551948547 0.308659605681896 8.49082252383232 3.19559076428413 2.0239149928093 1.45653676986694 2.08319176733494 1.30458453297615 1.28862074017525 1.36021421849728 1.5515823662281 0.974491506814957 0.86480176448822 0.781711488962173 0.811813473701477 0.681271478533745 0.546029269695282 0.462773993611336 0.408457517623901 0.377409741282463 0.368691757321358 0.355837494134903 0.328402496874332 0.30510375648737 0.290528252720833 0.283880241215229 0.260228253901005 0.241220243275166 0.245434507727623 0.228319510817528 0.218071505427361 0.217613250017166 0.219902247190475 0.24346574395895 0.24659925699234 0.250407747924328 0.249689251184464 0.227910742163658
-9999 -9999 -9999 -9999 -9999 -9999 -9999 -9999 -9999 -9999 -9999 -9999 -9999 -9999 -9999 -9999 -9999 -9999 -9999 -9999 -9999 -9999 -9999 -9999 -9999 -9999 1.54472200199962 5.13648337125778 5.50935456156731 4.10664939880371 2.5247447937727 1.5867674946785 1.48135498166084 1.53754457831383 1.55212877690792 0.993528038263321 0.89434951543808 0.680877014994621 0.58397850394249 0.43732425570488 0.437729269266129 0.389442756772041 0.341174997389317 0.347196757793427 0.31054725497961 0.303207747638226 0.303183004260063 0.277239002287388 0.279661506414413 0.275244757533073 0.271307989954948 0.267468743026257 0.265662744641304 0.240238510072231 0.251461498439312 0.245228245854378 0.25094099342823 0.252137996256351 0.253477491438389 0.243707254528999 0.232712253928185 0.228493496775627
-9999 -9999 -9999 -9999 -9999 -9999 -9999 -9999 -9999 -9999 -9999 -9999 -9999 -9999 -9999 -9999 -9999 -9999 -9999 -9999 -9999 -9999 -9999 -9999 -9999 -9999 -9999 1.96248662639672 8.43933248519897 5.42169570922852 3.41551199555397 2.11410185694695 1.87682059407234 1.89641958475113 1.75105382502079 1.54721738398075 0.895127266645432 1.05267789959908 0.653156653046608 0.551080495119095 0.499624505639076 0.472152359783649 0.421036139130592 0.429792366921902 0.398808382451534 0.333793491125107 0.349834509193897 0.293836489319801 0.290659502148628 0.281774260103703 0.269562743604183 0.262154258787632 0.280113749206066 0.266081258654594 0.282678008079529 0.272109009325504 0.267967499792576 0.263302490115166 0.251738257706165 0.238738507032394 0.228268504142761 0.214542746543884
