EcologicalScience/Bass/data/rs_data_bass/chl_200.asc
NCOLS 226 
NROWS 124 
XLLCORNER -9.41648524995501 
YLLCORNER 47.587301625531 
CELLSIZE 0.0833 
NODATA_value -9999 
[rows 0 to 26 of 124, columns 62 to 123 of 226]
-9999 -9999 -9999 -9999 -9999 -9999 -9999 -9999 -9999 -9999 -9999 -9999 -9999 -9999 -9999 -9999 -9999 -9999 -9999 -9999 -9999 -9999 -9999 -9999 -9999 -9999 -9999 -9999 -9999 -9999 -9999 -9999 -9999 -9999 -9999 -9999 -9999 -9999 -9999 -9999 -9999 -9999 -9999 -9999 -9999 -9999 -9999 -9999 -9999 -9999 -9999 -9999 -9999 -9999 -9999 -9999 -9999 -9999 -9999 -9999 -9999 -9999
-9999 -9999 -9999 -9999 -9999 -9999 -9999 -9999 -9999 -9999 -9999 -9999 -9999 -9999 -9999 -9999 -9999 -9999 -9999 -9999 -9999 -9999 -9999 -9999 -9999 -9999 -9999 -9999 -9999 -9999 -9999 -9999 -9999 -9999 -9999 -9999 -9999 -9999 -9999 -9999 -9999 -9999 -9999 -9999 -9999 -9999 -9999 -9999 -9999 -9999 -9999 -9999 -9999 -9999 -9999 -9999 -9999 -9999 -9999 -9999 -9999 -9999
-9999 -9999 -9999 -9999 -9999 -9999 -9999 -9999 -9999 -9999 -9999 -9999 -9999 -9999 -9999 -9999 -9999 -9999 -9999 -9999 -9999 -9999 -9999 -9999 -9999 -9999 -9999 -9999 -9999 -9999 -9999 -9999 -9999 -9999 -9999 -9999 -9999 -9999 -9999 -9999 -9999 -9999 -9999 -9999 -9999 -9999 -9999 -9999 -9999 -9999 -9999 -9999 -9999 -9999 -9999 -9999 -9999 -9999 -9999 -9999 -9999 -9999
-9999 -9999 -9999 -9999 -9999 -9999 -9999 -9999 -9999 -9999 -9999 -9999 -9999 -9999 -9999 -9999 -9999 -9999 -9999 -9999 -9999 -9999 -9999 -9999 -9999 -9999 -9999 -9999 -9999 -9999 -9999 -9999 -9999 -9999 -9999 -9999 -9999 -9999 -9999 -9999 -9999 -9999 -9999 -9999 -9999 -9999 -9999 -9999 -9999 -9999 -9999 -9999 -9999 -9999 -9999 -9999 -9999 -9999 -9999 -9999 -9999 -9999
-9999 -9999 -9999 -9999 -9999 -9999 -9999 -9999 -9999 -9999 -9999 -9999 -9999 -9999 -9999 -9999 -9999 -9999 -9999 -9999 -9999 -9999 -9999 -9999 -9999 -9999 -9999 -9999 -9999 -9999 -9999 -9999 -9999 -9999 -9999 -9999 -9999 -9999 -9999 -9999 -9999 -9999 -9999 -9999 -9999 -9999 -9999 -9999 -9999 -9999 -9999 -9999 -9999 -9999 -9999 -9999 -9999 -9999 -9999 -9999 -9999 -9999
-9999 -9999 -9999 -9999 -9999 -9999 -9999 -9999 -9999 -9999 -9999 -9999 -9999 -9999 -9999 -9999 -9999 -9999 -9999 -9999 -9999 -9999 -9999 -9999 -9999 -9999 -9999 -9999 0.63735419511795 0.921154900188864 1.81622850894928 1.29004570841789 1.27978125214577 1.52799904346466 1.71169799566269 1.82882255315781 1.82247823476791 1.59446918964386 1.58263653516769 1.77285969257355 1.9366859793663 1.92692023515701 2.05592107772827 2.03113281726837 2.03528702259064 2.08294576406479 2.07424646615982 2.01799356937408 1.7203214764595 1.36681804060936 1.27126201987267 1.37492251396179 1.4632762670517 1.21692001819611 0.746858239173889 0.727528497576714 0.663039743900299 0.566769003868103 1.10184225440025 1.04521724581718 0.813429772853851 0.362531997263432
-9999 -9999 -9999 -9999 -9999 -9999 -9999 -9999 -9999 -9999 -9999 -9999 -9999 -9999 -9999 -9999 -9999 -9999 -9999 -9999 -9999 -9999 -9999 -9999 -9999 -9999 1.18186515569687 1.0627324283123 2.39480030536652 1.72941452264786 1.78686833381653 1.45567274093628 1.19277825951576 1.43257802724838 1.96559107303619 2.16556280851364 2.08292555809021 1.77026849985123 1.44749173521996 1.49264475703239 1.56284022331238 1.71738749742508 1.75659906864166 1.61504101753235 1.61094456911087 1.68634504079819 1.53460729122162 1.40045553445816 0.988843470811844 0.76469475030899 0.851724028587341 1.3661827147007 0.907072484493256 0.481287762522697 0.508947730064392 0.697877258062363 0.632954254746437 0.621630728244781 0.778904289007187 0.686657980084419 0.414920255541801 0.341610006988049
-9999 -9999 -9999 -9999 -9999 -9999 -9999 -9999 -9999 -9999 -9999 -9999 -9999 -9999 -9999 -9999 -9999 -9999 -9999 -9999 -9999 -9999 -9999 -9999 -9999 -9999 1.18186515569687 3.0092339515686 1.78549879789352 1.46293053030968 1.27842673659325 1.28646451234818 1.78862106800079 2.03408253192902 2.08191901445389 1.97628968954086 1.77499580383301 1.50171232223511 1.42121851444244 1.59978675842285 1.68378674983978 1.73594391345978 1.87713825702667 1.53467702865601 0.853716015815735 0.593300253152847 0.52123349905014 0.4492117613554 0.290227510035038 0.349046252667904 0.37237199395895 0.552170231938362 0.717414021492004 0.505128756165504 0.454030483961105 0.617023497819901 0.477093771100044 1.37068426609039 1.47622802853584 1.868084192276 1.64906626939774 1.79985380172729
-9999 -9999 -9999 -9999 -9999 -9999 -9999 -9999 -9999 -9999 -9999 -9999 -9999 -9999 -9999 -9999 -9999 -9999 -9999 -9999 -9999 -9999 -9999 -9999 -9999 -9999 1.8999502658844 1.82906019687653 1.59953927993774 1.39978954195976 2.21475523710251 2.54252618551254 2.87518054246902 2.52978676557541 1.75854671001434 1.45548596978188 1.25521123409271 1.18628695607185 1.15428972244263 1.28389424085617 1.55612254142761 1.45414504408836 1.48104304075241 1.53576600551605 0.616650000214577 0.274373240768909 0.288774758577347 0.280390508472919 0.293009988963604 0.30578850209713 0.403215765953064 0.84687003493309 0.866027981042862 0.661887019872665 0.416641518473625 0.391113728284836 0.659610003232956 1.46918928623199 0.613580256700516 0.604881003499031 0.991025984287262 1.53718650341034
-9999 -9999 -9999 -9999 -9999 -9999 -9999 -9999 -9999 -9999 -9999 -9999 -9999 -9999 -9999 -9999 -9999 -9999 -9999 -9999 -9999 -9999 -9999 -9999 -9999 1.19121462106705 1.97126770019531 2.5558095574379 2.58155107498169 3.30138981342316 2.73703122138977 2.44951808452606 2.16613644361496 2.12064599990845 1.47848170995712 1.30944827198982 1.22501322627068 1.19852024316788 1.25470501184464 1.62288755178452 1.69663506746292 1.33822122216225 0.916075497865677 0.404371485114098 0.262361258268356 0.255317240953445 0.255870759487152 0.243898496031761 0.243589505553246 0.254598006606102 0.30459900945425 0.278189241886139 0.349107004702091 0.539238765835762 0.512067764997482 0.377475008368492 0.383774980902672 0.958044022321701 0.382004991173744 0.493602007627487 0.689430758357048 1.04244071245193
-9999 -9999 -9999 -9999 -9999 -9999 -9999 -9999 -9999 -9999 -9999 -9999 -9999 -9999 -9999 -9999 -9999 -9999 -9999 -9999 -9999 -9999 -9999 -9999 -9999 1.46746502816677 1.59005391597748 2.16981518268585 2.69268000125885 2.97054970264435 2.72567707300186 2.21799373626709 1.88064068555832 1.89079356193542 1.29989245533943 1.20086699724197 1.35034051537514 1.44523501396179 1.42179375886917 1.23310124874115 0.889778226613998 0.51996074616909 0.338971495628357 0.270806260406971 0.249241501092911 0.241494007408619 0.24168149381876 0.236869499087334 0.230646751821041 0.228210009634495 0.229424245655537 0.279881246387959 0.423657730221748 0.496330484747887 0.542621254920959 0.552889510989189 0.383854508399963 0.455969989299774 0.597103491425514 0.792716234922409 0.975726038217545 1.11565652489662
-9999 -9999 -9999 -9999 -9999 -9999 -9999 -9999 -9999 -9999 -9999 -9999 -9999 -9999 -9999 -9999 -9999 -9999 -9999 -9999 -9999 -9999 -9999 -9999 1.31647038459778 1.29478570818901 1.5743579864502 2.30049830675125 2.23864567279816 2.12444847822189 2.07272028923035 2.05120950937271 1.70157444477081 1.58460456132889 1.3323840200901 1.15760698914528 1.20549827814102 1.27333125472069 1.22094520926476 0.87383696436882 0.694443002343178 0.630393728613853 0.414708003401756 0.314466007053852 0.265308000147343 0.242071509361267 0.258640497922897 0.26103450357914 0.254227504134178 0.247720509767532 0.251727752387524 0.264252752065659 0.338125504553318 0.385284751653671 0.485320508480072 0.664317771792412 0.676938772201538 0.877740740776062 0.985439211130142 1.15555429458618 1.29371774196625 1.33427023887634
-9999 -9999 -9999 -9999 -9999 -9999 -9999 -9999 -9999 -9999 -9999 -9999 -9999 -9999 -9999 -9999 -9999 -9999 -9999 -9999 -9999 -9999 -9999 1.50594073534012 1.53469347953796 1.53161931037903 1.86094057559967 1.87607932090759 2.0188604593277 1.7795804142952 1.71095019578934 1.50277268886566 1.34529000520706 1.49477702379227 1.50258296728134 1.34932798147202 1.38208875060081 1.32662245631218 1.23658204078674 1.10881349444389 0.956687986850739 0.672695249319077 0.30714974552393 0.255997493863106 0.275770492851734 0.313650749623775 0.236633241176605 0.247125752270222 0.247407741844654 0.246410250663757 0.257044494152069 0.278880760073662 0.329729251563549 0.42196199297905 0.537504002451897 0.695429250597954 0.821478724479675 0.864456027746201 1.02575924992561 1.31694450974464 1.23993676900864 1.07029348611832
-9999 -9999 -9999 -9999 -9999 -9999 -9999 -9999 -9999 -9999 -9999 -9999 -9999 -9999 -9999 -9999 -9999 -9999 -9999 -9999 -9999 -9999 2.25165563821793 1.80063754320145 1.59142273664474 1.89514124393463 1.83919429779053 1.67731958627701 1.7737575173378 1.65718495845795 1.62586569786072 1.50577050447464 1.59352505207062 1.4777692258358 1.34263721108437 1.39878675341606 1.33988553285599 1.33131077885628 1.2065204679966 0.8149034678936 0.693464264273643 0.561925515532494 0.504700496792793 0.387351751327515 0.627360731363297 0.584346771240234 0.296727754175663 0.258060000836849 0.247283242642879 0.262016259133816 0.336848996579647 0.437039986252785 0.541573494672775 0.572066232562065 0.638501241803169 0.950901746749878 1.14474901556969 1.17680624127388 1.21514028310776 0.753663003444672 0.563723981380463 0.581557497382164
-9999 -9999 -9999 -9999 -9999 -9999 -9999 -9999 -9999 -9999 -9999 -9999 -9999 -9999 -9999 -9999 -9999 -9999 -9999 -9999 2.64602583646774 1.87464238472388 2.18746358156204 2.06867176294327 2.58817273378372 3.38159394264221 2.32824003696442 1.54054874181747 1.37997150421143 1.20423746109009 1.2233002781868 1.27508622407913 1.25518879294395 1.31674799323082 1.24861800670624 1.22247979044914 1.10331979393959 0.994190275669098 0.768831789493561 0.79374897480011 0.796483486890793 0.761624962091446 0.768973499536514 0.989933967590332 0.920570254325867 0.778775274753571 0.548888236284256 0.554426237940788 0.535635754466057 0.625455737113953 0.793737709522247 0.917778789997101 0.906097501516342 0.906175464391708 1.04212421178818 1.179343521595 1.19146201014519 1.14870750904083 1.04513847827911 0.8384850025177 0.572815507650375 0.557008489966393
-9999 -9999 -9999 -9999 -9999 -9999 -9999 -9999 -9999 -9999 -9999 -9999 -9999 -9999 -9999 -9999 -9999 -9999 -9999 -9999 2.17279875701388 3.34124314785004 2.81988823413849 3.58976340293884 4.33652329444885 4.68835508823395 1.3763954937458 1.10571670532227 1.08939072489738 1.2795225083828 1.15814924240112 1.15586176514626 1.58176946640015 1.74257183074951 1.66915118694305 1.28980350494385 1.23056852817535 1.17653328180313 1.14073875546455 1.0555274784565 0.950688779354095 0.699518233537674 0.61693874001503 1.11845326423645 1.20293551683426 0.977768272161484 0.929810285568237 0.995255291461945 1.11565947532654 1.29156821966171 1.37600621581078 1.47944024205208 1.48260077834129 1.37823379039764 1.24296301603317 1.2707587480545 1.16263800859451 1.0424827337265 0.901644766330719 0.831061542034149 0.790994256734848 0.875262022018433
-9999 -9999 -9999 -9999 -9999 -9999 -9999 -9999 -9999 -9999 -9999 -9999 -9999 -9999 -9999 -9999 -9999 -9999 -9999 2.96777361631393 3.60486602783203 4.69124257564545 4.16569411754608 4.15278840065002 4.17341995239258 3.22978055477142 1.75742554664612 1.33596003055573 1.51918208599091 1.44487121701241 1.30095675587654 2.07401168346405 2.01048302650452 1.74679577350616 1.55505073070526 1.5537314414978 1.43372851610184 1.41204527020454 1.46092727780342 1.32561904191971 1.08934128284454 0.766261518001556 0.990313500165939 1.09586924314499 1.0774709880352 1.08407101035118 1.20974850654602 1.36457026004791 1.57820856571198 1.79470431804657 1.8504524230957 1.75028622150421 1.4438205063343 1.00493323802948 0.875885277986526 0.875524520874023 1.16362577676773 0.952784210443497 0.901317715644836 0.854290455579758 0.829672515392303 0.782812535762787
-9999 -9999 -9999 -9999 -9999 -9999 -9999 -9999 -9999 -9999 -9999 -9999 -9999 -9999 -9999 -9999 -9999 -9999 6.73548889160156 4.87927794456482 5.28452110290527 4.42562484741211 4.37008202075958 4.16914808750153 3.64211547374725 3.06236457824707 2.41428744792938 2.21526968479156 2.2846223115921 2.22689473628998 3.42773687839508 3.06212174892426 1.87660503387451 2.99138993024826 2.06713807582855 1.654576420784 1.54818230867386 1.48339721560478 1.3393357694149 1.19776278734207 1.08816978335381 1.07554578781128 1.25471922755241 1.46011126041412 1.54938071966171 1.28319221735001 1.44639971852303 1.78954428434372 1.8555314540863 1.9906439781189 1.96751403808594 1.6782186627388 1.2542849779129 1.11150375008583 1.14976125955582 1.03020823001862 0.999218255281448 0.990575283765793 0.908690214157104 0.825770974159241 0.649201512336731 0.622797757387161
-9999 -9999 -9999 -9999 -9999 -9999 -9999 -9999 -9999 -9999 -9999 -9999 -9999 -9999 -9999 -9999 -9999 17.6812633889259 6.18112206459045 5.4950909614563 6.00669264793396 3.96962320804596 3.68160760402679 3.85198581218719 3.73891139030457 3.31421256065369 2.59246569871902 2.71069049835205 2.26853781938553 1.91726928949356 1.90845894813538 1.85209357738495 1.78453356027603 1.59693521261215 1.33482527732849 1.14089021086693 1.22409376502037 1.31611722707748 1.17895871400833 1.18547996878624 1.12869304418564 1.04671427607536 0.952341735363007 1.07176798582077 1.20770099759102 1.35943427681923 1.61817669868469 1.45884302258492 1.40954920649529 1.20395171642303 1.30803072452545 1.85974127054214 1.96287757158279 1.97057783603668 2.61427652835846 2.87007826566696 2.4717863202095 1.89939308166504 1.37897622585297 1.05768451094627 0.776963263750076 0.644472017884254
-9999 -9999 -9999 -9999 -9999 -9999 -9999 -9999 -9999 -9999 -9999 -9999 -9999 -9999 -9999 -9999 -9999 -9999 -9999 7.25609457492828 3.73820865154266 4.00793552398682 4.09542596340179 3.76156640052795 3.93703651428223 3.3214191198349 2.9246016740799 2.11757844686508 1.89773780107498 1.85872131586075 1.68194782733917 1.34619748592377 1.19333776831627 1.31808149814606 1.30285423994064 1.01880070567131 0.942198783159256 1.09380295872688 0.969267725944519 1.07061678171158 1.02965623140335 0.912871509790421 0.8084377348423 0.895244210958481 1.18860152363777 1.42942053079605 1.84631770849228 2.68504357337952 3.47438013553619 3.82125091552734 4.40114915370941 4.63371527194977 5.45786190032959 5.78323066234589 5.57524573802948 5.60360634326935 5.04585957527161 3.96523118019104 2.021244764328 1.39632377028465 1.0809637606144 0.801350265741348
-9999 -9999 -9999 -9999 -9999 -9999 -9999 -9999 -9999 -9999 -9999 -9999 -9999 -9999 -9999 4.36583425687707 7.07749936580658 3.13789133727551 11.6554698944092 8.40989971160889 4.89714682102203 5.59786283969879 3.517582654953 2.40128767490387 2.5575749874115 2.4356153011322 2.00480407476425 1.93045574426651 1.57176750898361 1.47376272082329 1.38737922906876 1.49963995814323 1.51953148841858 1.1786160171032 1.12619850039482 1.23437771201134 1.06903570890427 1.00883701443672 1.07974120974541 1.02832728624344 0.999998956918716 0.979865223169327 1.09611824154854 1.25076824426651 1.58551651239395 2.49381297826767 2.86389666795731 4.22907614707947 4.98705732822418 5.39893484115601 5.65800225734711 6.16877603530884 6.27603578567505 5.23165333271027 4.50901937484741 2.60478758811951 1.5528666973114 0.955215007066727 0.759218215942383 0.859571993350983 0.800792992115021 0.752957224845886
-9999 -9999 -9999 -9999 -9999 -9999 -9999 -9999 -9999 -9999 35.2986888885498 35.2986888885498 13.7248649597168 10.7179419994354 33.1024096012115 69.2953205108643 28.8080549240112 27.9410934448242 21.1267991065979 25.9432010650635 7.69162130355835 3.85457539558411 3.00859665870667 2.40927904844284 1.95563399791718 1.86235570907593 1.97949367761612 1.88681924343109 1.72405117750168 1.86176025867462 1.78125751018524 1.6946924328804 1.24179974198341 1.19796153903008 1.22735023498535 1.33389821648598 1.498151242733 1.45233902335167 1.31739154458046 1.49351701140404 1.39775097370148 1.52512192726135 1.84914296865463 2.77308905124664 3.99678146839142 4.24506533145905 4.49101889133453 4.66711127758026 5.28238570690155 5.5324319601059 3.98563885688782 4.01810789108276 3.72420823574066 1.97727298736572 1.18040925264359 0.82234650850296 0.694155737757683 0.621896982192993 0.545746520161629 0.557829737663269 0.567042768001556 0.587136000394821
-9999 -9999 -9999 -9999 -9999 -9999 -9999 -9999 -9999 -9999 35.2986888885498 5.54382913642459 18.7892028093338 7.63787859678268 13.6611589193344 43.1795692443848 31.4946930706501 3.86616515571421 6.80149061697544 2.18594796517316 5.9087301492691 6.59429883956909 4.38905918598175 4.64695286750793 3.71432912349701 2.48807626962662 2.1742297410965 2.0710244178772 1.99629592895508 1.86769205331802 1.47359177470207 1.41218546032906 1.39510273933411 1.42386370897293 1.33891046047211 1.36609652638435 1.3577122092247 1.44209852814674 1.74828833341599 1.81321728229523 2.45482116937637 2.23746979236603 3.43267786502838 5.82261300086975 6.22111058235168 6.71978044509888 6.82305121421814 5.61063158512115 4.1058075428009 3.06424641609192 2.08103406429291 1.70327031612396 1.79424369335175 1.16097602248192 0.870258003473282 0.801416963338852 0.846332967281342 0.724757999181747 0.623013004660606 0.614434495568275 0.598041728138924 0.573763489723206
-9999 -9999 -9999 -9999 -9999 -9999 -9999 -9999 -9999 -9999 -9999 -9999 11.1251451075077 25.5602125525475 27.0401211977005 7.16517088046441 -9999 -9999 -9999 -9999 -9999 -9999 3.79937624931335 5.58529186248779 4.7966616153717 6.38977289199829 3.08793210983276 3.21397197246552 3.59745740890503 3.27422690391541 2.10373717546463 1.9463152885437 1.89827173948288 1.69591194391251 1.6297042965889 1.64533352851868 1.70589977502823 1.62119096517563 1.82391232252121 2.70243591070175 4.47734928131104 4.78545534610748 5.49684906005859 7.95273971557617 8.54674172401428 7.72021007537842 8.74410223960876 5.66796362400055 3.895463347435 2.73380702733994 2.04885149002075 1.7126550078392 1.63295620679855 1.40513920783997 1.45695903897285 1.09180954098701 1.01295903325081 0.85850402712822 0.712715998291969 0.680168241262436 0.712218001484871 0.742473006248474
-9999 -9999 -9999 -9999 -9999 -9999 -9999 -9999 -9999 -9999 -9999 -9999 -9999 16.6274771690369 16.6274771690369 16.6274771690369 -9999 -9999 -9999 -9999 -9999 -9999 4.94490551948547 4.94490551948547 4.94490551948547 0.308659605681896 5.98664778470993 5.60294187068939 10.3747365474701 14.7151122093201 5.80322849750519 2.64811420440674 2.47010403871536 2.47713750600815 2.2795313000679 2.13567441701889 2.1543892621994 2.13657224178314 1.9440096616745 2.87020128965378 3.96153223514557 4.40207397937775 5.07115566730499 4.58590865135193 7.95672869682312 8.10460782051086 8.38242530822754 9.43376111984253 7.67377424240112 5.62471568584442 4.20552670955658 3.7016716003418 4.22633635997772 3.52963364124298 2.48062348365784 1.43232527375221 1.27738201618195 1.20488476753235 0.970967978239059 0.984165787696838 0.984137982130051 0.961463212966919
-9999 -9999 -9999 -9999 -9999 -9999 -9999 -9999 -9999 -9999 -9999 -9999 -9999 -9999 -9999 -9999 -9999 -9999 -9999 -9999 -9999 -9999 -9999 -9999 -9999 -9999 4.17113411426544 2.20073622465134 4.31959569454193 7.65205335617065 11.7890517711639 8.04587244987488 4.1127712726593 3.23349738121033 2.61953097581863 2.39936023950577 2.46335703134537 2.3488957285881 2.08220171928406 2.51628077030182 3.76312136650085 5.98127782344818 5.59360063076019 6.10679626464844 5.81006491184235 6.42940306663513 9.08320355415344 10.1912505626678 8.17101645469666 7.70297956466675 7.20638608932495 7.42511057853699 6.91673827171326 5.37118291854858 3.15709269046783 1.57328474521637 1.41116845607758 1.47469201683998 1.37873250246048 1.47149321436882 1.47394949197769 1.5247814655304
-9999 -9999 -9999 -9999 -9999 -9999 -9999 -9999 -9999 -9999 -9999 -9999 -9999 -9999 -9999 -9999 -9999 -9999 -9999 -9999 -9999 -9999 -9999 -9999 -9999 -9999 -9999 9.78841381555512 5.43264073133469 6.55142998695374 12.8054451942444 4.36956381797791 3.3072921037674 2.95297050476074 3.17924022674561 2.81488806009293 2.75860422849655 2.51887732744217 2.46276676654816 2.4772424697876 4.11585760116577 5.85195064544678 5.440190076828 6.51141858100891 7.2650420665741 7.26637315750122 10.5453650951385 8.57065486907959 7.71208834648132 8.19124746322632 8.46508526802063 8.03220105171204 7.08466744422913 6.23796272277832 4.65819597244263 3.00329697132111 3.02283811569214 3.36701488494873 3.11955964565277 3.07030141353607 2.58711451292038 2.87720704078674
