EcologicalScience/Bass/data/rs_data_bass/chl_135.asc
NCOLS 226 
NROWS 124 
XLLCORNER -9.41648524995501 
YLLCORNER 47.587301625531 
CELLSIZE 0.0833 
NODATA_value -9999 
[rows 0 to 26 of 124, columns 62 to 123 of 226]
-9999 -9999 -9999 -9999 -9999 -9999 -9999 -9999 -9999 -9999 -9999 -9999 -9999 -9999 -9999 -9999 -9999 -9999 -9999 -9999 -9999 -9999 -9999 -9999 -9999 -9999 -9999 -9999 -9999 -9999 -9999 -9999 -9999 -9999 -9999 -9999 -9999 -9999 -9999 -9999 -9999 -9999 -9999 -9999 -9999 -9999 -9999 -9999 -9999 -9999 -9999 -9999 -9999 -9999 -9999 -9999 -9999 -9999 -9999 -9999 -9999 -9999
-9999 -9999 -9999 -9999 -9999 -9999 -9999 -9999 -9999 -9999 -9999 -9999 -9999 -9999 -9999 -9999 -9999 -9999 -9999 -9999 -9999 -9999 -9999 -9999 -9999 -9999 -9999 -9999 -9999 -9999 -9999 -9999 -9999 -9999 -9999 -9999 -9999 -9999 -9999 -9999 -9999 -9999 -9999 -9999 -9999 -9999 -9999 -9999 -9999 -9999 -9999 -9999 -9999 -9999 -9999 -9999 -9999 -9999 -9999 -9999 -9999 -9999
-9999 -9999 -9999 -9999 -9999 -9999 -9999 -9999 -9999 -9999 -9999 -9999 -9999 -9999 -9999 -9999 -9999 -9999 -9999 -9999 -9999 -9999 -9999 -9999 -9999 -9999 -9999 -9999 -9999 -9999 -9999 -9999 -9999 -9999 -9999 -9999 -9999 -9999 -9999 -9999 -9999 -9999 -9999 -9999 -9999 -9999 -9999 -9999 -9999 -9999 -9999 -9999 -9999 -9999 -9999 -9999 -9999 -9999 -9999 -9999 -9999 -9999
-9999 -9999 -9999 -9999 -9999 -9999 -9999 -9999 -9999 -9999 -9999 -9999 -9999 -9999 -9999 -9999 -9999 -9999 -9999 -9999 -9999 -9999 -9999 -9999 -9999 -9999 -9999 -9999 -9999 -9999 -9999 -9999 -9999 -9999 -9999 -9999 -9999 -9999 -9999 -9999 -9999 -9999 -9999 -9999 -9999 -9999 -9999 -9999 -9999 -9999 -9999 -9999 -9999 -9999 -9999 -9999 -9999 -9999 -9999 -9999 -9999 -9999
-9999 -9999 -9999 -9999 -9999 -9999 -9999 -9999 -9999 -9999 -9999 -9999 -9999 -9999 -9999 -9999 -9999 -9999 -9999 -9999 -9999 -9999 -9999 -9999 -9999 -9999 -9999 -9999 -9999 -9999 -9999 -9999 -9999 -9999 -9999 -9999 -9999 -9999 -9999 -9999 -9999 -9999 -9999 -9999 -9999 -9999 -9999 -9999 -9999 -9999 -9999 -9999 -9999 -9999 -9999 -9999 -9999 -9999 -9999 -9999 -9999 -9999
-9999 -9999 -9999 -9999 -9999 -9999 -9999 -9999 -9999 -9999 -9999 -9999 -9999 -9999 -9999 -9999 -9999 -9999 -9999 -9999 -9999 -9999 -9999 -9999 -9999 -9999 -9999 -9999 0.63735419511795 0.78033773427027 2.14826440438628 1.20684603229165 1.12340797483921 1.01126335188746 0.915214883163571 0.837354552000761 0.807710643857718 0.768293844535947 0.754661003127694 0.734696402214468 0.726478231139481 0.714349888265133 0.673398507758975 0.624201223254204 0.59816475212574 0.599170362576842 0.626829992048442 0.652108976617455 0.646470841951668 0.635172405280173 0.603087767958641 0.6157864658162 0.607809506356716 0.611715559847653 0.661437045782804 0.670877524651587 0.694663111120462 0.71170892380178 0.697349779307842 0.72795298229903 0.742977390065789 0.735011994838715
-9999 -9999 -9999 -9999 -9999 -9999 -9999 -9999 -9999 -9999 -9999 -9999 -9999 -9999 -9999 -9999 -9999 -9999 -9999 -9999 -9999 -9999 -9999 -9999 -9999 -9999 1.18186515569687 1.0627324283123 2.6914416924119 2.12498548999429 1.91447357833385 1.55479745753109 1.33089284040034 1.08847338147461 0.915740696713328 0.83197620883584 0.839183874428272 0.847960939630866 0.839205862954259 0.828363625332713 0.804740130901337 0.76455638743937 0.722086144611239 0.689899918623269 0.679219189099967 0.652602142654359 0.744250210002065 0.740418853238225 0.626474152319133 0.653666015714407 0.65941777266562 0.675244971178472 0.678248000331223 0.810769694857299 0.704338177107275 0.732446861453354 0.715073590166867 0.672175635583699 0.738283180631697 0.738598485477269 0.739162710495293 0.72035557217896
-9999 -9999 -9999 -9999 -9999 -9999 -9999 -9999 -9999 -9999 -9999 -9999 -9999 -9999 -9999 -9999 -9999 -9999 -9999 -9999 -9999 -9999 -9999 -9999 -9999 -9999 1.18186515569687 2.46297497302294 2.15133793652058 1.74111330136657 1.45334907062352 1.26633420400321 1.00667515955865 0.953655095770955 0.926792627200484 0.866798166185617 0.853695658966899 0.826551217585802 0.803076580166817 0.782725553959608 0.776774324476719 0.76452158857137 0.785161586478353 0.773967085406184 0.760938453488052 0.705888141877949 0.724112721160054 0.724922876805067 0.710767163895071 0.693489854224026 0.711136632598937 0.65297635551542 0.634368223138154 0.581964234821498 0.610467192716897 0.714087319560349 0.778118273243308 0.743426989763975 0.74621875025332 0.776039522141218 0.279277651011944 0.725816315039992
-9999 -9999 -9999 -9999 -9999 -9999 -9999 -9999 -9999 -9999 -9999 -9999 -9999 -9999 -9999 -9999 -9999 -9999 -9999 -9999 -9999 -9999 -9999 -9999 -9999 -9999 2.69309705123305 2.72436828911304 2.19175592623651 1.56286825798452 1.26515846326947 1.08868546038866 1.07341912575066 0.930934494361281 0.927138866856694 0.888399912044406 0.896609008312225 0.86714281886816 0.827125886455178 0.799548609182239 0.801179794594646 0.799569063819945 0.809538351371884 0.780026815831661 0.727789929136634 0.731129910796881 0.765820777975023 0.759384353645146 0.761998808942735 0.696839589625597 0.701081315986812 0.691468217410147 0.638345137238503 0.682854163460433 0.757679181173444 0.71553554199636 0.720232844352722 1.03610010724515 0.272802590578795 0.280434295535088 0.301985554397106 0.634145895950496
-9999 -9999 -9999 -9999 -9999 -9999 -9999 -9999 -9999 -9999 -9999 -9999 -9999 -9999 -9999 -9999 -9999 -9999 -9999 -9999 -9999 -9999 -9999 -9999 -9999 1.19121462106705 2.64296336844563 2.16210084781051 1.83402740769088 1.44793585315347 1.29930815286934 1.25536248832941 1.15524827688932 1.00525713153183 0.949110947549343 0.981411885470152 0.9568653088063 0.925750633701682 0.875192558392882 0.835002386011183 0.834188184700906 0.841352887451649 0.839226401410997 0.781248221173882 0.710034074261785 0.804635656066239 0.767714154906571 0.769108378328383 0.706375300884247 0.642321294173598 0.676009437069297 0.753052809275687 0.765614731237292 0.335365048795939 0.736566245555878 0.707753106951714 0.715163653716445 0.699408235028386 0.794599760323763 0.778115895576775 0.775256546835105 0.740228104094664
-9999 -9999 -9999 -9999 -9999 -9999 -9999 -9999 -9999 -9999 -9999 -9999 -9999 -9999 -9999 -9999 -9999 -9999 -9999 -9999 -9999 -9999 -9999 -9999 -9999 1.78767737746239 1.95229601114988 1.66684011183679 1.41290296241641 1.24999309703708 1.26753138005733 1.31613407470286 1.49194483458996 1.29338805377483 1.00041501782835 1.0110262837261 0.959187638014555 0.926618194207549 0.890117081813514 0.886673206463456 0.883514776825905 0.869021281599998 0.83882699534297 0.78342015389353 0.71991422586143 0.720262004993856 0.722110248170793 0.681938739493489 0.666648460552096 0.636064695194364 0.590185152366757 0.656918110325933 0.325977596640587 0.334738947451115 0.645761344581842 0.660021741874516 0.664150477387011 0.868391040712595 0.763657033443451 0.774553500115871 0.775910730163256 0.665194156269232
-9999 -9999 -9999 -9999 -9999 -9999 -9999 -9999 -9999 -9999 -9999 -9999 -9999 -9999 -9999 -9999 -9999 -9999 -9999 -9999 -9999 -9999 -9999 -9999 1.31647038459778 1.81307372823358 1.5666934568435 1.57260124012828 1.31227540411055 1.23953055404127 1.23474493436515 1.18263611756265 1.05555963143706 1.08829101920128 1.04776899889112 0.985608424991369 0.946562949568033 0.95360547490418 0.919700480997562 0.900112576782703 0.915406549349427 0.918920170515776 0.865657735615969 0.799828721210361 0.747062729671597 0.717228264547884 0.732300661504269 0.696946847252548 0.667275935411453 0.653506231494248 0.583116430789232 0.587574983015656 0.607166399247944 0.662641684524715 0.646256527863443 0.639676345512271 0.59172257501632 0.577607527375221 0.694804467260838 0.681568252543608 0.596567874153455 0.628658761580785
-9999 -9999 -9999 -9999 -9999 -9999 -9999 -9999 -9999 -9999 -9999 -9999 -9999 -9999 -9999 -9999 -9999 -9999 -9999 -9999 -9999 -9999 -9999 1.50594073534012 1.92215086519718 1.75409631058574 1.72620202414691 1.39212649874389 1.22711004316807 1.08388772048056 1.11428557522595 1.11432358436286 1.17052186466753 1.06943252496421 1.04934286884964 0.933463247492909 0.970733195543289 0.949363214895129 0.928336758166552 0.946200884878635 0.444866998493671 0.938980612903833 0.83093037083745 0.789283538237214 0.725418311543763 0.714578686282039 0.723061574622989 0.715429100207984 0.669775670394301 0.630051411688328 0.605182173661888 0.642044951207936 0.625936556607485 0.661008291877806 0.66074459720403 0.654558549324671 0.61283932129542 0.641820331414541 0.78232825299104 0.720238253474236 0.696997972826163 0.60577766597271
-9999 -9999 -9999 -9999 -9999 -9999 -9999 -9999 -9999 -9999 -9999 -9999 -9999 -9999 -9999 -9999 -9999 -9999 -9999 -9999 -9999 -9999 2.54843695374096 2.25687683680478 2.09854710102081 1.43352993763983 1.2968423590064 1.22333569452167 1.1662772744894 1.16414986364543 1.27145079150796 1.16404634155333 1.01239814981818 1.00421944074333 0.986662488430738 0.890052253380418 0.917927859351039 0.938786583021283 0.963306100107729 1.07845732010901 0.48293714672327 0.780829381942749 0.855161248706281 0.755060819908977 0.725619203411043 0.717180442996323 0.714183744974434 0.700422297231853 0.662329042330384 0.641173820011318 0.579046966508031 0.64488220307976 0.653661296702921 0.664908980950713 0.63329720000426 0.621716126799583 0.628694819907347 0.725654842952887 0.749874790509542 0.634451339642207 0.6554986378178 0.771976590156555
-9999 -9999 -9999 -9999 -9999 -9999 -9999 -9999 -9999 -9999 -9999 -9999 -9999 -9999 -9999 -9999 -9999 -9999 -9999 -9999 2.64602583646774 1.9707635946052 2.40012527914608 2.20420855656266 1.94487024843693 1.52403348684311 1.29508709348738 1.2643197029829 1.2212703153491 1.14668949320912 1.08229310810566 1.02544323541224 0.979620717465878 1.04162016324699 1.01259397342801 0.981124246492982 0.962134083732963 0.922728901728988 0.925447499379516 0.565988248586655 0.579524543881416 1.31981625873595 1.05685624480247 0.957229728810489 0.829891503788531 0.819590415805578 0.830109086818993 0.741905746981502 0.69772251136601 0.671278548426926 0.643731923773885 0.595009264536202 0.653542027808726 0.643982673684756 0.61359524883722 0.588045478651398 0.619281753897667 0.64073821157217 0.664004161953926 0.640489421784878 0.598694620033105 0.652278492848078
-9999 -9999 -9999 -9999 -9999 -9999 -9999 -9999 -9999 -9999 -9999 -9999 -9999 -9999 -9999 -9999 -9999 -9999 -9999 -9999 2.12092534216439 1.66123246295112 2.22667935490608 1.94129290804267 1.6333713568747 1.57925879023969 1.23049682378769 1.90213490724564 1.24955133162439 1.18174973130226 1.1529948413372 1.10295441001654 1.11185089498758 1.10970498807728 1.07304624840617 1.07781264558434 0.969692459329963 0.919062914326787 0.892537018284202 0.905646527186036 0.950680847279727 1.0780050130561 0.528325670957565 2.38205950241536 1.2830286892131 1.17806999199092 0.979900058358908 0.823779456317425 0.720368449576199 0.723406967706978 0.732281170785427 0.630830039580663 0.632393086949984 0.621163293719292 0.595391493878866 0.595540801161214 0.29264947443324 0.652226842939854 0.640645819405715 0.581373865405718 0.531982317566872 0.539898996551832
-9999 -9999 -9999 -9999 -9999 -9999 -9999 -9999 -9999 -9999 -9999 -9999 -9999 -9999 -9999 -9999 -9999 -9999 -9999 2.8131419209873 4.10115745067596 3.52716857939959 3.18439424782991 1.98375850170851 1.8582795381546 1.38295515775681 1.15066983103752 1.24881939589977 1.23068724945188 1.19691635482013 1.1306843329221 0.99722240678966 1.02509804069996 1.05544919148088 1.05312918126583 1.08466137573123 0.98748473636806 1.00149333570153 0.968906507827342 0.983894099481404 1.08455298934132 2.03408677037805 2.0715493960306 2.17577663809061 1.08703646063805 0.865443273447454 0.944291241466999 0.835768279619515 1.02236137725413 0.667498690386613 0.666661225259304 0.679041008154551 0.590389766975453 0.585752573452498 0.545265049526566 0.572922431324658 0.570581388970216 0.593433938920498 0.565270016590754 0.552168635030588 0.534853123128414 0.520319178700447
-9999 -9999 -9999 -9999 -9999 -9999 -9999 -9999 -9999 -9999 -9999 -9999 -9999 -9999 -9999 -9999 -9999 -9999 6.60488305091858 4.6566917181015 4.82271609306335 5.29041810035705 3.17319939136505 2.52724925279617 1.73941622972488 1.89451797008514 1.32371532730758 1.32411798276007 1.31944875977933 1.15995924733579 1.02431543916464 1.04156409390271 1.13283419050276 1.0781011339277 1.04466419108212 1.10666286572814 1.12287966348231 1.26288272626698 1.65971367806196 1.590352345258 1.70178212597966 1.75835855305195 1.36274288222194 1.23936540540308 1.15949882101268 0.983172750100493 1.10555344820023 0.350819647750434 0.337496612001868 0.724204786121845 0.683140973250071 0.668438558777173 0.632584909598033 0.656106363001623 0.664916231444007 0.653484433105117 0.611887660465742 0.587115481495857 0.594479749600093 0.560855408509572 0.5773934101065 0.570594822367032
-9999 -9999 -9999 -9999 -9999 -9999 -9999 -9999 -9999 -9999 -9999 -9999 -9999 -9999 -9999 -9999 -9999 11.4516917405101 12.3403223991394 9.11487464904785 6.32819752693176 3.85896556377411 2.07016704082489 1.95434296131134 1.8763333439827 2.39561984539032 1.56687415838242 1.73786284960806 1.83957323245704 1.81815433502197 1.51571577787399 1.57022096961737 1.57707566209137 1.26222585327923 1.08334726653993 1.10413134656847 1.16832021251321 1.83576455153525 1.85211840458214 2.22383652068675 2.08989749662578 1.70673963055015 1.71359317470342 1.50387045834213 1.22644043248147 1.28111502528191 0.401261998888324 0.389564509339192 0.367927903638167 0.360095209058593 0.347099419902353 0.334797927123659 0.316210636759506 0.743745027404082 0.759474486896866 0.770616263151169 0.689999301966868 0.629099990976484 0.653052616276239 0.364762753248215 0.369395645225749 0.380121621577179
-9999 -9999 -9999 -9999 -9999 -9999 -9999 -9999 -9999 -9999 -9999 -9999 -9999 -9999 -9999 -9999 -9999 -9999 -9999 1.54525080480074 5.5693258523941 2.98617653846741 2.79142284393311 2.00553152561188 1.06235819756985 0.9108951151371 1.00254600942135 1.06548479497433 1.40619215928018 1.29924229346216 0.927546438574791 1.24719989486039 1.36399102024734 1.25740666687489 1.13639129139483 1.15013270638883 1.29131068848073 2.72138270549476 2.53289233334363 2.74812825769186 2.7710688225925 1.74217580258846 1.61817986425012 1.20922621898353 1.05994141381234 0.415701904892921 0.383457523058442 0.386896546272671 0.395605981349945 0.372608424109571 0.356637048808967 0.349299973863013 0.342540001167971 0.373523741083987 0.349567330935422 0.819237416512088 0.398437738418579 0.41610024869442 0.445543751120567 0.475465759634972 0.698014229536057 0.922817260026932
-9999 -9999 -9999 -9999 -9999 -9999 -9999 -9999 -9999 -9999 -9999 -9999 -9999 -9999 -9999 3.77627762922874 10.6375227055899 6.0571882724762 5.77141392230988 4.73969156742096 10.298327922821 6.78386349678039 2.9246337890625 1.55277768373489 1.09188386499882 1.15849184989929 0.99755851328373 1.07881588339806 1.4558341987431 1.21897505410016 1.19240263290703 1.21195640042424 1.377924637869 1.35058266296983 1.49132849648595 1.77184727042913 1.33405311964452 1.67778120562434 2.32771347463131 2.63462349772453 2.23132863454521 2.09016569517553 2.13605376581351 1.21628836790721 1.04807488123576 0.382865107234787 0.374612345853273 0.380515777451151 0.395914231591365 0.398444642038906 0.380660692996839 0.353907798581264 0.356721846058088 0.340426412575385 0.490833435952663 0.41641538458712 0.625293999910355 0.54295951128006 0.476982265710831 0.743632761140664 0.759042888879776 0.517691746354103
-9999 -9999 -9999 -9999 -9999 -9999 -9999 -9999 -9999 -9999 35.2986888885498 35.2986888885498 13.7248649597168 2.00777101516724 20.3447486400604 12.8316297054291 13.301567029953 12.8208380699158 9.82847871780395 13.9714321374893 16.3034168243408 9.1466588973999 1.06614113599062 7.7532154083252 1.74756133982113 9.25812520980835 1.16425595538957 1.0862813357796 1.22524711489677 0.906739497184753 1.0485797021538 1.06946628168225 1.08926966786385 1.53999912925065 1.61751835048199 1.22459415905178 1.46226632595062 1.26448683813214 1.28104506991804 1.34798507206142 0.827664342708886 1.24475824336211 2.07281300922235 1.39113033749163 1.10595325380564 0.876581244170666 0.965971474846204 0.968679808080196 0.905565969645977 0.44783008317737 0.446818231659777 0.434656627914485 0.767219258844853 1.47409263700247 1.60534151270986 0.573703684351023 0.551730665213922 0.469111993908882 0.503263741731644 0.501689125509823 0.504878900506917 0.509274170679205
-9999 -9999 -9999 -9999 -9999 -9999 -9999 -9999 -9999 -9999 35.2986888885498 4.29012216370681 3.11460200697184 9.80093307495117 13.2656029701233 14.0730115413666 9.54394583702087 18.4338194578886 8.12237476063247 2.41639874875546 2.15036564213889 1.5699066051415 1.16734426362174 1.39238325320184 14.4422699689865 1.34362736131464 1.35899603579726 1.32390428015164 0.958812609314919 0.911422178149223 0.746134071477822 0.712878888845444 0.974006619304419 0.944455029442906 0.622869618237019 1.37993811629713 2.19065826013684 1.56919214129448 0.881061762571335 0.824505150318146 0.916350960731506 0.864801272749901 0.815419028202693 0.839018339912097 0.924818503359954 0.952876272300879 0.762042334851097 0.622268110513687 0.557266907656894 0.513758045785567 2.48981249034405 1.50827820003033 1.03682490885258 1.4940668027848 0.808030386765798 0.638446848182117 0.633590075023034 0.640603020787239 0.654352486133575 0.647166758775711 0.555101938983973 0.529260354006992
-9999 -9999 -9999 -9999 -9999 -9999 -9999 -9999 -9999 -9999 -9999 -9999 14.6763682791165 4.37422932596768 21.2300278186798 3.86674102492954 -9999 -9999 -9999 -9999 -9999 -9999 1.85040896572173 1.89143052910055 1.73385838099888 1.57398738818509 1.44957458547183 1.36511571279594 1.2818781967674 7.42197461639132 1.49568166903087 0.716785642504692 1.01225032657385 1.01589514128864 0.709296762943268 0.560612533986569 1.20919174700975 1.28922506980598 1.28043295070529 1.86828333511949 1.32167537882924 1.00284160114825 0.797441701094309 0.634430071886848 0.839727259734098 0.996125968063579 0.867965587798287 0.668469681459315 0.658485813175931 0.655332013964653 0.644992490025128 0.657304681399289 0.936456228295962 0.595540102790384 0.614796262453584 0.662001224125133 0.657799733035705 0.66144472360611 0.679069995880127 0.631386756896973 0.49581481691669 0.595565259456635
-9999 -9999 -9999 -9999 -9999 -9999 -9999 -9999 -9999 -9999 -9999 -9999 -9999 16.6274771690369 16.6274771690369 16.6274771690369 -9999 -9999 -9999 -9999 -9999 -9999 4.94490551948547 4.94490551948547 4.94490551948547 0.308659605681896 1.50084171483391 1.26566703245044 1.09461511884417 1.57050323858857 1.09303674740451 1.03109118129526 1.03993720241955 1.01943694480828 1.19607193395495 1.02898516505957 1.22442853823304 0.558775823031153 1.13348678313196 0.7368847489357 1.21419698931277 0.610193239791053 0.626199700376567 0.544849681667984 0.733342085691059 0.517105134971002 0.669580665581367 0.634906274430892 0.625108575119692 0.616819031974849 0.629697424523971 0.68204629508888 0.676373094320297 0.727123702273649 0.699591010808945 0.53063681256026 0.528234743513167 0.65517899656997 0.652939856928938 0.644396511070868 0.708270996809006 0.673016995191574
-9999 -9999 -9999 -9999 -9999 -9999 -9999 -9999 -9999 -9999 -9999 -9999 -9999 -9999 -9999 -9999 -9999 -9999 -9999 -9999 -9999 -9999 -9999 -9999 -9999 -9999 2.24047395586967 2.64550667575427 2.22663817661149 1.64762626162597 1.44503314580236 1.15420896879264 1.0382329331977 0.969977272408349 0.892681411334446 0.893646534000124 0.556288969836065 0.547052845358849 0.539273256169898 0.559948556657348 0.501469651702791 0.487063157837838 0.480041619390249 0.577370650628034 0.596234510926639 0.597217577345231 0.674600645899773 0.56718201097101 0.553168228827417 0.58887536264956 0.644920346491477 0.635445264332435 0.620949189452564 0.617795971386573 0.626380915150923 0.674123495817184 0.733695507049561 0.647391407805331 0.622887803351178 0.614836687550825 0.582808466518627 1.54189486205578
-9999 -9999 -9999 -9999 -9999 -9999 -9999 -9999 -9999 -9999 -9999 -9999 -9999 -9999 -9999 -9999 -9999 -9999 -9999 -9999 -9999 -9999 -9999 -9999 -9999 -9999 -9999 6.15604222672326 2.82712773340089 1.92675572633743 2.24140399268695 1.90872027192797 1.45211863517761 1.04229994756835 0.933916182390281 0.79511895775795 0.667633652687073 0.605548250888075 0.574665039245571 0.551588468785797 0.5404580575414 0.533286281861365 0.52842026995495 0.524977921907391 0.552137938461133 0.562765289630209 0.554525363125971 0.711238289518016 0.700746908783913 0.712859368750027 0.700862433761358 0.634770805947483 0.654570129700005 0.643012123072849 0.663257117383182 0.743539273738861 0.666902953210999 1.15935682398932 1.1295782529882 1.43065342413528 1.3773220539093 1.44159885942936
