EcologicalScience/Bass/data/rs_data_bass/chl_146.asc
NCOLS 226 
NROWS 124 
XLLCORNER -9.41648524995501 
YLLCORNER 47.587301625531 
CELLSIZE 0.0833 
NODATA_value -9999 
[rows 81 to 107 of 124, columns 62 to 123 of 226]
3.85158455371857 5.97498106956482 7.6620512008667 7.66205191612244 -9999 -9999 -9999 -9999 -9999 -9999 -9999 -9999 -9999 -9999 -9999 -9999 -9999 -9999 -9999 -9999 -9999 -9999 -9999 -9999 -9999 -9999 -9999 -9999 -9999 -9999 -9999 -9999 -9999 -9999 -9999 -9999 -9999 -9999 -9999 -9999 -9999 -9999 -9999 -9999 -9999 -9999 -9999 -9999 -9999 -9999 -9999 -9999 -9999 -9999 -9999 -9999 -9999 -9999 -9999 -9999 -9999 -9999
2.9068322554954 -9999 -9999 -9999 -9999 -9999 -9999 -9999 -9999 -9999 -9999 -9999 -9999 -9999 -9999 -9999 -9999 -9999 -9999 -9999 -9999 -9999 -9999 -9999 -9999 -9999 -9999 -9999 -9999 -9999 -9999 -9999 -9999 -9999 -9999 -9999 -9999 -9999 -9999 -9999 -9999 -9999 -9999 -9999 -9999 -9999 -9999 -9999 -9999 -9999 -9999 -9999 -9999 -9999 -9999 -9999 -9999 -9999 -9999 -9999 -9999 -9999
-9999 -9999 -9999 -9999 -9999 -9999 -9999 -9999 -9999 -9999 -9999 -9999 -9999 -9999 -9999 -9999 -9999 -9999 -9999 -9999 -9999 -9999 -9999 -9999 -9999 -9999 -9999 -9999 -9999 -9999 -9999 -9999 -9999 -9999 -9999 -9999 -9999 -9999 -9999 -9999 -9999 -9999 -9999 -9999 -9999 -9999 -9999 -9999 -9999 -9999 -9999 -9999 -9999 -9999 -9999 -9999 -9999 -9999 -9999 -9999 -9999 -9999
-9999 -9999 -9999 -9999 -9999 -9999 -9999 -9999 -9999 -9999 -9999 -9999 -9999 -9999 -9999 -9999 -9999 -9999 -9999 -9999 -9999 -9999 -9999 -9999 -9999 -9999 -9999 -9999 -9999 -9999 -9999 -9999 -9999 -9999 -9999 -9999 -9999 -9999 -9999 -9999 -9999 -9999 -9999 -9999 -9999 -9999 -9999 -9999 -9999 -9999 -9999 -9999 -9999 -9999 -9999 -9999 -9999 3.30354006631034 2.76399368047714 2.18074607849121 2.40136796236038 1.77893882989883
-9999 -9999 -9999 -9999 -9999 -9999 -9999 -9999 -9999 -9999 -9999 -9999 -9999 -9999 -9999 -9999 -9999 -9999 -9999 -9999 -9999 -9999 -9999 -9999 -9999 -9999 -9999 -9999 -9999 -9999 -9999 -9999 -9999 -9999 -9999 -9999 37.1749906539917 -9999 3.45620632872862 2.48589975582926 -9999 -9999 2.90461391210556 3.06857717037201 3.17212879657745 3.50942704081535 3.0797798037529 3.15496534109116 2.84532594680786 2.91888517141342 3.01517415046692 3.08861017227173 -9999 -9999 -9999 3.11649978160858 2.93002653121948 2.74639123678207 2.55477601289749 2.11270576715469 1.2179040312767 1.04890576004982
-9999 -9999 -9999 -9999 -9999 -9999 -9999 -9999 -9999 -9999 -9999 -9999 -9999 3.48345237824975 1.94671554118395 3.30147007852793 3.0996468141675 1.95892166150244 1.12509450316429 -9999 -9999 -9999 -9999 -9999 -9999 -9999 -9999 -9999 2.37010983377695 2.54171776771545 2.74546730518341 3.04624879360199 -9999 3.66949796676636 -9999 -9999 -9999 -9999 3.05064082145691 3.00835561752319 2.76514014601707 3.08126619458199 2.91701397299767 2.91586124897003 2.99200576543808 2.86609125137329 2.76073944568634 2.71252566576004 2.62385183572769 2.64844125509262 2.77618718147278 2.89362967014313 2.93348783254623 2.9634861946106 2.90610980987549 2.79791396856308 2.69967448711395 2.16903448104858 1.76317352056503 1.31872871518135 0.717924252152443 0.708334743976593
-9999 -9999 -9999 -9999 -9999 -9999 -9999 -9999 -9999 -9999 2.77109223604202 2.12545484304428 2.63211572170258 1.54036957025528 2.15036550164223 2.07081153988838 2.03059583902359 1.91652899980545 1.97081851959229 2.06701576709747 5.00850256814425 -9999 2.0234055519104 2.47322773933411 2.02544474601746 -9999 -9999 2.44584962725639 2.49733386933804 2.34739798307419 2.42728346586227 2.48206043243408 2.76414227485657 2.63735318183899 -9999 -9999 2.9341470173427 3.70043385028839 3.13468337059021 3.11295890808105 3.13265490531921 3.03233027458191 2.87574452161789 2.86697995662689 2.7684171795845 2.54431343078613 2.44146680831909 2.1704249382019 1.90979397296906 1.89035779237747 1.87244778871536 1.83297300338745 1.8568087220192 1.77913945913315 1.6858304142952 1.64286822080612 1.54234278202057 1.2145664691925 1.12816947698593 1.08123153448105 0.733091711997986 0.691037267446518
-9999 -9999 -9999 -9999 -9999 -9999 -9999 -9999 -9999 2.54192287921905 2.20437651872635 2.125145226717 1.39778172969818 1.74095436930656 1.75280660390854 1.81809604167938 1.58413499593735 2.0424907207489 2.03224718570709 1.95810449123383 2.35938066244125 3.16303082534245 2.32167148590088 2.2256618142128 2.25193494558334 2.26919782161713 2.32195651531219 2.35247629880905 2.31341332197189 2.25953543186188 2.2265145778656 2.24690616130829 2.30015856027603 2.38939958810806 2.87119656801224 3.08557140827179 3.1362898349762 3.09926927089691 3.0312659740448 3.09488761425018 3.10578238964081 3.04952323436737 2.73388731479645 2.63043147325516 2.27731508016586 1.65535283088684 1.54161822795868 1.38717001676559 1.31155425310135 1.26223495602608 1.25315853953362 1.25382676720619 1.25260725617409 1.19542121887207 1.18413600325584 1.17211872339249 1.1676299571991 1.0733707845211 1.06396722793579 0.624241246841848 0.592612504959106 0.607012763619423
-9999 -9999 -9999 -9999 -9999 -9999 -9999 -9999 -9999 1.63336873054504 1.69998025894165 1.74614967405796 1.64935728907585 1.31840327382088 1.31682676076889 1.37804773449898 1.3774402141571 1.34391376376152 1.49410799145699 1.73464500904083 2.12503570318222 2.0861234664917 2.07561671733856 2.07749176025391 2.20544028282166 2.2564777135849 2.28397196531296 2.27327781915665 2.25441455841064 2.17865252494812 2.11896228790283 2.05908000469208 2.06942403316498 2.15949833393097 2.36062341928482 2.53206896781921 2.59793776273727 2.64433568716049 2.91649496555328 3.04208993911743 3.01098310947418 2.83842444419861 2.04980778694153 1.73896872997284 1.48050302267075 1.31074351072311 1.19516703486443 1.19486171007156 1.17225828766823 1.17094498872757 1.0885057747364 1.12032374739647 1.09614452719688 1.05190873146057 1.03598695993423 0.999456793069839 0.994272708892822 0.624259358644485 0.57243900001049 0.577641993761063 0.593425005674362 0.606120005249977
-9999 -9999 -9999 -9999 -9999 -9999 -9999 -9999 1.43829372525215 1.39313450455666 1.4708925485611 1.34882846474648 1.57817208766937 1.29161551594734 1.25776425004005 1.25271525979042 1.22345995903015 1.27940252423286 1.30714577436447 1.43706902861595 1.82751005887985 1.89217042922974 1.89316427707672 1.88767200708389 1.9091602563858 1.92006307840347 1.91985529661179 1.83620166778564 1.80637496709824 1.79320120811462 1.72754698991776 1.72302746772766 1.75943773984909 1.81096279621124 1.8885435461998 2.0740926861763 2.14410442113876 2.20837354660034 2.2499166727066 2.18341344594955 2.04517203569412 1.66736555099487 1.31659573316574 1.21371075510979 1.10484302043915 1.01855698227882 1.25716723501682 1.22932876646519 1.15665636956692 0.934556263685226 0.791960254311562 0.683217903971672 0.582474303245544 0.598694282770157 0.953244030475616 0.975657016038895 0.5720787525177 0.59518033862114 0.602557861804962 0.723920255899429 0.67077000439167 0.786800980567932
1.51371377706528 1.39603874087334 1.35746473073959 1.62608921527863 -9999 -9999 -9999 1.0940345321831 1.26299250125885 1.28526520729065 1.20553153753281 1.3187547326088 1.314249381423 1.29782474040985 1.37601149082184 1.4003182053566 1.34472745656967 1.43788647651672 1.43024924397469 1.43363401293755 1.61839950084686 1.6832309961319 1.67766970396042 1.68450897932053 1.72781324386597 1.73679381608963 1.72204273939133 1.6525844335556 1.54445993900299 1.44513228535652 1.36542677879333 1.26896470785141 1.25382453203201 1.27995076775551 1.31588020920753 1.34087401628494 1.38147523999214 1.45731148123741 1.59945452213287 1.51264947652817 1.2486284673214 1.17665728926659 1.11077246814966 1.08599060028791 0.997870832681656 0.979603296518326 0.852094781398773 0.898011714220047 0.694350197911263 0.692130452394485 0.689035427570343 0.668351310491562 0.662541216611862 0.681781399250031 0.692047208547592 0.949021518230438 0.879981011152267 0.907709240913391 0.790318518877029 0.746568739414215 0.974485516548157 1.07495999336243
1.24568402767181 1.1942310333252 1.22323125600815 1.6587735414505 1.49277895689011 1.42718026041985 1.39651501178741 1.20028129220009 1.01078927516937 0.959430277347565 0.945970237255096 1.08734250068665 1.02295976877213 1.1199367493391 1.1444875895977 1.22492703795433 0.96774934977293 1.26456373929977 1.28294098377228 1.28852096199989 1.40177401900291 1.47444972395897 1.50523728132248 1.53215843439102 1.5349463224411 1.51358467340469 1.50445121526718 1.48371675610542 1.38623929023743 1.33026677370071 1.25422346591949 1.17550653219223 1.11486974358559 1.12572151422501 1.10433527827263 1.05135145783424 1.02002772688866 1.3213588476181 1.29433506131172 0.98104727268219 0.940326780080795 1.06903371810913 0.966163516044617 0.971788465976715 1.07705435156822 0.985334247350693 0.627871996164322 0.665629863739014 0.739535129070282 0.61981800198555 0.686775022745132 0.654913401603699 0.68906329870224 0.642682361602783 0.608695115894079 0.718771731853485 0.932197540998459 0.952396541833878 0.835012525320053 0.938879281282425 0.93035700917244 0.795879721641541
1.15378949046135 0.687123745679855 1.25013500452042 1.35854628682137 1.32899326086044 1.27128598093987 1.18941074609756 0.769881010055542 0.801598757505417 0.80255800485611 0.822992742061615 0.853349030017853 0.892260253429413 0.719498757272959 0.75745780672878 0.827628057450056 0.918268086388707 1.23083022236824 1.22578203678131 1.26832196116447 1.30613547563553 1.28489702939987 1.23936975002289 1.26604127883911 1.32217428088188 1.31123176217079 1.30667996406555 1.3089457154274 1.28897023200989 1.28006547689438 1.26379796862602 1.22035726904869 1.10888546705246 1.08434924483299 1.06676852703094 1.08958833217621 1.12280207872391 0.956672251224518 1.11602463126183 1.0411016702652 0.943154990673065 0.979343980550766 0.938077479600906 0.941687285900116 0.906910870224237 0.959964752197266 0.924606710672379 0.731069868803024 0.994192510843277 0.545888990163803 0.664399397373199 0.687363141775131 0.965768247842789 0.929095476865768 0.913432538509369 0.920210212469101 0.926261991262436 0.919965773820877 0.954968959093094 0.962728500366211 0.981553494930267 1.03318879008293
0.847459495067596 0.955039471387863 1.01307076215744 0.864169210195541 0.789566963911057 0.71442323923111 0.709233999252319 0.736770749092102 0.753344014286995 0.758675754070282 0.799383729696274 0.829679727554321 0.872213751077652 0.895659506320953 0.968125384300947 1.01694984734058 1.00489311665297 0.870342453941703 1.19255676865578 1.16530525684357 1.17111548781395 1.07997223734856 1.11641022562981 1.10257351398468 1.07030546665192 1.09468647837639 1.10336628556252 1.04980498552322 1.04883974790573 1.04997074604034 1.04467803239822 1.03595253825188 0.98845174908638 0.987428039312363 0.919027239084244 0.962359517812729 0.976295292377472 1.00696559250355 1.11856490373611 1.0462911605835 0.951200991868973 0.960761994123459 0.965817365795374 0.955254212021828 0.92027984932065 0.893887436389923 0.966316111385822 0.952812731266022 0.906692236661911 0.628187824040651 0.77190300822258 0.776671528816223 0.864881962537766 0.832833766937256 0.805146753787994 0.778532981872559 0.782766759395599 0.847065031528473 0.870201766490936 0.874159455299377 1.0713284611702 1.22297170758247
0.679589632898569 0.672020059078932 0.845588535070419 0.817524665594101 0.702546000480652 0.702681258320808 0.717915743589401 0.747561767697334 0.751753985881805 0.73657500743866 0.80926576256752 0.938168525695801 0.985996961593628 1.09275674819946 0.976702599786222 0.994067422114313 1.02222920022905 0.902067750692368 0.900942362844944 0.882444061338902 0.941282349824905 1.10884872078896 1.11348152160645 1.10847750306129 1.06802397966385 1.10267552733421 1.13820371031761 1.09983971714973 1.12699797749519 1.25967019200325 1.03708353638649 1.04529002308846 1.0847060739994 1.05296328663826 1.05961084552109 1.05813174843788 1.14662396907806 0.967078506946564 1.25108027458191 1.20817346870899 0.969394505023956 1.00314974784851 1.00892549753189 0.971323996782303 0.900499761104584 1.02907727658749 0.889896377921104 0.90259688347578 0.901442617177963 0.779796034097672 0.813045769929886 0.843983978033066 0.818874031305313 0.830025762319565 0.836676031351089 0.892782032489777 1.06546649336815 1.21167299151421 1.39433178305626 1.52485120296478 1.52644497156143 1.65944927930832
0.817399710416794 0.660046783089638 0.694117728620768 0.753073990345001 0.713480016589165 0.717684832215309 0.727885800600052 0.740554589033127 0.831974983215332 0.875680476427078 0.889853239059448 0.973100990056992 0.992701768875122 0.667225509881973 0.733004987239838 1.10996871907264 1.13378435187042 1.1258245697245 1.06112775206566 1.07241895794868 1.12184777855873 1.12955251336098 1.10537695884705 1.07986575365067 1.04695129394531 1.12606573104858 1.13056352734566 1.11011695861816 1.19461798667908 1.29744297266006 1.18471124768257 1.11202570796013 1.1102189719677 1.19690474867821 1.13393399119377 1.23806324601173 1.25137987732887 1.27013437449932 0.964793980121613 0.943803012371063 1.25904040038586 1.04186850786209 1.08864824473858 1.03846688568592 1.0069627314806 0.931115247309208 0.688242763280869 0.66127797961235 0.919733628630638 0.807735711336136 0.862602710723877 0.879885792732239 0.886236727237701 1.15516197681427 1.16584646701813 1.26318302750587 1.77725332975388 1.87641441822052 2.06364369392395 2.14818227291107 2.20574998855591 2.16477837510731
0.797352021932602 0.796555459499359 0.78956190943718 0.796818664669991 0.756697967648506 0.796884161233902 0.808871746063232 0.858333736658096 0.861196249723434 0.881651997566223 0.877169489860535 0.986980497837067 1.04422026872635 1.11784154176712 1.17448952794075 1.2800185084343 1.16351473331451 1.09797450900078 1.00505179166794 0.996864706277847 0.915918782353401 1.01560950279236 1.06520104408264 1.10763296484947 1.13573554158211 1.26178425550461 1.36262851953506 1.39047521352768 1.38796278834343 1.34196299314499 1.3393357694149 1.269845277071 1.30276876688004 1.379114985466 1.29604876041412 1.24773976206779 1.15513873100281 1.19336628913879 1.11402297019958 0.987514525651932 1.01643222570419 1.0913992524147 1.04113313555717 1.0729147195816 0.845901757478714 0.99016946554184 0.717318758368492 0.696556493639946 0.687315747141838 0.751582503318787 0.898193210363388 0.947504281997681 2.21032279729843 2.34720379114151 2.10250988602638 2.01559567451477 2.03633446806539 -9999 -9999 -9999 -9999 -9999
0.679242376238108 0.749971278011799 0.831078672409058 0.835081622004509 0.776356780529022 0.94304635822773 1.03385448455811 1.02786725759506 0.924409717321396 0.870306521654129 0.998574748635292 1.0612754970789 1.09548336267471 1.10406151413918 1.18652227520943 1.03982546925545 0.924174388870597 0.782423783093691 0.79180492926389 1.15298554301262 1.13781604170799 1.19078698754311 1.20940053462982 1.23730650544167 1.48005375266075 1.28718858361244 1.42466175556183 1.28000654328254 0.981434529242308 0.672373026609421 1.27970905601978 1.44480147957802 1.3563314974308 1.33083146810532 1.18906572461128 0.984664499759674 1.10753470659256 1.07022750377655 1.02521771192551 1.00842297077179 1.0686457157135 1.06868398189545 0.979127258062363 0.715501517057419 0.735893234610558 0.787352979183197 0.689253732562065 0.651702761650085 0.772102475166321 0.924306035041809 1.18753498792648 2.0374590754509 2.38315808773041 2.29794743657112 1.86932415698395 -9999 -9999 -9999 -9999 -9999 -9999 -9999
0.895562846213579 0.995395481586456 0.892785530537367 0.946364969015121 0.918448325246572 1.04676799178123 0.950788680464029 1.04738050699234 1.05871197581291 0.988935738801956 0.963658779859543 0.976123496890068 1.07595933973789 1.07489249110222 0.911146253347397 1.16083645820618 1.14775201678276 0.768669831566513 0.838887345045805 1.18713220953941 1.1316029727459 1.37807577848434 1.2075532078743 1.26285749673843 1.42710372805595 1.44225078821182 1.56410247087479 1.601771235466 1.0754945397377 -9999 -9999 -9999 -9999 -9999 -9999 3.14426672458649 1.32197231054306 1.33437372744083 0.956225216388702 0.852532535791397 0.84674996137619 0.875032514333725 0.771941274404526 0.686077505350113 0.56394150853157 0.803177207708359 0.71926049888134 0.581509485840797 0.88375648856163 1.16442221403122 1.74392330646515 2.49287474155426 2.77628320455551 1.9762424826622 1.97624230384827 -9999 -9999 -9999 -9999 -9999 -9999 -9999
0.974541183561087 0.987837351858616 0.613916864991188 0.731906685233116 0.998276263475418 0.963761955499649 0.952156007289886 0.992070749402046 0.921118974685669 1.02781954407692 1.0310332775116 1.12174612283707 1.0619036257267 1.0497862547636 0.78470041975379 0.726661339402199 0.713522829115391 0.822807054966688 1.23594152927399 1.22987625002861 1.188012778759 1.14395928382874 1.25742928683758 1.24234575033188 1.25168922543526 1.36107149720192 1.53763121366501 1.72689217329025 1.66002380847931 -9999 -9999 -9999 -9999 -9999 -9999 -9999 9.69868891686201 3.07375925034285 1.3884821087122 1.20504377782345 0.604763254523277 0.667328998446465 0.63774374127388 0.54058201611042 0.602781727910042 0.666731268167496 0.839416533708572 0.872982770204544 1.07615554332733 1.58173567056656 2.50851380825043 2.88709956407547 -9999 -9999 -9999 -9999 -9999 -9999 -9999 -9999 -9999 -9999
1.0797180198133 1.08903185650706 1.11238047480583 1.05736202001572 1.02658796310425 1.02008771896362 0.831384241580963 0.696603197604418 0.849829494953156 1.05231414735317 0.953968495130539 1.04964262247086 1.03944486379623 0.973988592624664 0.841901510953903 0.66206081584096 0.828821748495102 1.080202460289 1.10665199160576 1.00629425196364 0.686403751373291 1.02214127406478 1.23994463211612 1.46227920055389 1.50789070129395 1.61289972066879 1.77564293146133 1.91794645786285 1.99936044216156 -9999 -9999 -9999 -9999 -9999 -9999 -9999 2.6873583723517 25.1279298216105 1.02992776036263 1.01295375823975 0.928833782672882 0.834177732467651 0.839676707983017 0.876640498638153 0.907790958881378 0.899358004331589 0.945121496915817 0.902144283056259 1.03030800819397 1.63026756048203 2.30663251876831 3.09648907184601 4.43528215508712 -9999 -9999 -9999 -9999 -9999 -9999 -9999 -9999 -9999
1.1195977628231 1.08373349905014 1.03612875938416 0.882867380976677 0.961282521486282 0.878464870154858 1.00226175785065 0.994642496109009 0.995873987674713 1.03171277046204 0.977354228496552 0.948312029242516 0.922718659043312 0.845362901687622 0.865739978849888 0.759375512599945 1.13108253479004 1.08121275901794 0.962000489234924 1.08467477560043 1.20310950279236 1.25789996981621 1.09404525160789 1.3621012866497 1.46542498469353 1.50215703248978 1.85823521018028 1.96865022182465 2.21856379508972 1.74171072244644 -9999 -9999 -9999 -9999 -9999 -9999 -9999 54.7574717998505 58.6976508550022 2.44094663858414 1.46233204007149 1.2136410176754 1.39621576666832 2.08707225322723 2.27901595830917 1.6594814658165 1.24583700299263 1.2385545372963 1.52904742956161 2.4657096862793 2.75235450267792 3.04868245124817 3.06863025868877 -9999 -9999 -9999 -9999 -9999 -9999 -9999 -9999 -9999
0.950002430006862 1.0818892121315 1.04320165514946 0.95574413985014 0.926270999014378 1.02705752849579 1.02873453497887 1.03114199638367 1.04319074749947 0.859947346150875 0.850299000740051 0.884216994047165 0.846730977296829 0.746376737952232 0.698897257447243 0.613909117877483 0.679239928722382 0.803854763507843 0.83280947804451 0.744424469769001 0.839152276515961 1.12557524442673 1.1979007422924 1.49283599853516 1.51793932914734 2.1123768389225 1.27579141259193 1.76019944250584 1.68971601128578 1.55641740560532 -9999 -9999 -9999 -9999 -9999 -9999 -9999 -9999 -9999 -9999 -9999 -9999 -9999 -9999 -9999 -9999 3.65490746498108 15.2204262167215 2.03562819957733 3.12439897656441 -9999 -9999 -9999 -9999 -9999 -9999 -9999 -9999 -9999 -9999 -9999 -9999
1.30117803812027 1.23635700345039 1.17129975557327 1.13491728901863 1.03510402143002 1.0883369743824 1.10498996078968 0.998098522424698 0.952544957399368 0.722869247198105 1.00360277295113 0.957729756832123 0.757353514432907 0.853032007813454 0.745630502700806 0.717941254377365 0.904552459716797 0.881421715021133 0.775643974542618 0.663360759615898 0.964279487729073 1.02880163490772 1.1586007475853 1.19943790634473 -9999 -9999 -9999 1.66785033792257 1.72755593061447 1.65846714377403 1.64406506011361 -9999 -9999 -9999 -9999 -9999 -9999 -9999 -9999 -9999 -9999 -9999 -9999 -9999 -9999 -9999 -9999 -9999 -9999 -9999 -9999 -9999 -9999 -9999 -9999 -9999 -9999 -9999 -9999 -9999 -9999 -9999
0.695989188551903 1.27393653988838 0.794701494276524 0.79092863202095 0.788992859423161 1.20265129208565 1.17851248383522 1.05995625257492 1.09688696265221 1.110754519701 1.16805222630501 0.986865788698196 0.730964004993439 0.712036490440369 0.87228112667799 0.87237710505724 0.88274060189724 0.70592275261879 0.676128998398781 0.684066489338875 1.16722825169563 1.18369008600712 1.3896467089653 1.78635567426682 2.06449869275093 2.04643088579178 2.03212648630142 2.00861173868179 1.87373632192612 1.78860819339752 1.88797795772552 2.5844992388939 -9999 -9999 -9999 -9999 -9999 -9999 -9999 -9999 -9999 -9999 -9999 -9999 -9999 -9999 -9999 -9999 -9999 -9999 -9999 -9999 -9999 -9999 -9999 -9999 -9999 -9999 -9999 -9999 -9999 -9999
0.946381494402885 0.498473998904228 0.511685532331467 0.808364242315292 0.797057993710041 0.800961010158062 1.31381320953369 1.42370322346687 0.825157508254051 0.889079242944717 0.905551850795746 0.934016659855843 0.770160257816315 0.719773262739182 0.739393979310989 0.927083998918533 0.964519143104553 0.735507518053055 0.708935245871544 0.736956015229225 0.996945768594742 1.08868849277496 1.43788692355156 1.76779764890671 1.9294458925724 1.9078560769558 1.85076677799225 1.62237560749054 1.81886771321297 1.86257699131966 2.70040655136108 2.78650473356247 -9999 -9999 -9999 -9999 -9999 -9999 -9999 -9999 -9999 -9999 -9999 -9999 -9999 -9999 -9999 -9999 -9999 -9999 -9999 -9999 -9999 -9999 -9999 -9999 -9999 -9999 -9999 -9999 -9999 -9999
0.693828508257866 0.489791259169579 0.621245232224464 0.605888441205025 0.590277618169785 0.99161696434021 0.971719890832901 1.01486925780773 1.07236723601818 1.10595899820328 1.02829049527645 1.09614636003971 1.16209946572781 0.940579503774643 0.972965270280838 1.03501237928867 0.951011225581169 0.684547737240791 0.691465750336647 0.839566111564636 1.22490786015987 1.41589348018169 1.75610026717186 1.91836801171303 1.9902723133564 1.94495844841003 1.69650900363922 1.3672908693552 1.5231374502182 1.58091486990452 1.59156528115273 -9999 -9999 -9999 -9999 -9999 -9999 -9999 -9999 -9999 -9999 -9999 -9999 -9999 -9999 -9999 -9999 -9999 -9999 -9999 -9999 -9999 -9999 -9999 -9999 -9999 -9999 -9999 -9999 -9999 -9999 -9999
