EcologicalScience/Bass/data/rs_data_bass/chl_415.asc
NCOLS 226 
NROWS 124 
XLLCORNER -9.41648524995501 
YLLCORNER 47.587301625531 
CELLSIZE 0.0833 
NODATA_value -9999 
[rows 0 to 26 of 124, columns 62 to 123 of 226]
-9999 -9999 -9999 -9999 -9999 -9999 -9999 -9999 -9999 -9999 -9999 -9999 -9999 -9999 -9999 -9999 -9999 -9999 -9999 -9999 -9999 -9999 -9999 -9999 -9999 -9999 -9999 -9999 -9999 -9999 -9999 -9999 -9999 -9999 -9999 -9999 -9999 -9999 -9999 -9999 -9999 -9999 -9999 -9999 -9999 -9999 -9999 -9999 -9999 -9999 -9999 -9999 -9999 -9999 -9999 -9999 -9999 -9999 -9999 -9999 -9999 -9999
-9999 -9999 -9999 -9999 -9999 -9999 -9999 -9999 -9999 -9999 -9999 -9999 -9999 -9999 -9999 -9999 -9999 -9999 -9999 -9999 -9999 -9999 -9999 -9999 -9999 -9999 -9999 -9999 -9999 -9999 -9999 -9999 -9999 -9999 -9999 -9999 -9999 -9999 -9999 -9999 -9999 -9999 -9999 -9999 -9999 -9999 -9999 -9999 -9999 -9999 -9999 -9999 -9999 -9999 -9999 -9999 -9999 -9999 -9999 -9999 -9999 -9999
-9999 -9999 -9999 -9999 -9999 -9999 -9999 -9999 -9999 -9999 -9999 -9999 -9999 -9999 -9999 -9999 -9999 -9999 -9999 -9999 -9999 -9999 -9999 -9999 -9999 -9999 -9999 -9999 -9999 -9999 -9999 -9999 -9999 -9999 -9999 -9999 -9999 -9999 -9999 -9999 -9999 -9999 -9999 -9999 -9999 -9999 -9999 -9999 -9999 -9999 -9999 -9999 -9999 -9999 -9999 -9999 -9999 -9999 -9999 -9999 -9999 -9999
-9999 -9999 -9999 -9999 -9999 -9999 -9999 -9999 -9999 -9999 -9999 -9999 -9999 -9999 -9999 -9999 -9999 -9999 -9999 -9999 -9999 -9999 -9999 -9999 -9999 -9999 -9999 -9999 -9999 -9999 -9999 -9999 -9999 -9999 -9999 -9999 -9999 -9999 -9999 -9999 -9999 -9999 -9999 -9999 -9999 -9999 -9999 -9999 -9999 -9999 -9999 -9999 -9999 -9999 -9999 -9999 -9999 -9999 -9999 -9999 -9999 -9999
-9999 -9999 -9999 -9999 -9999 -9999 -9999 -9999 -9999 -9999 -9999 -9999 -9999 -9999 -9999 -9999 -9999 -9999 -9999 -9999 -9999 -9999 -9999 -9999 -9999 -9999 -9999 -9999 -9999 -9999 -9999 -9999 -9999 -9999 -9999 -9999 -9999 -9999 -9999 -9999 -9999 -9999 -9999 -9999 -9999 -9999 -9999 -9999 -9999 -9999 -9999 -9999 -9999 -9999 -9999 -9999 -9999 -9999 -9999 -9999 -9999 -9999
-9999 -9999 -9999 -9999 -9999 -9999 -9999 -9999 -9999 -9999 -9999 -9999 -9999 -9999 -9999 -9999 -9999 -9999 -9999 -9999 -9999 -9999 -9999 -9999 -9999 -9999 -9999 -9999 0.63735419511795 1.38693475668883 1.2784009873867 1.20992720872164 1.05517394654453 0.837127396836877 0.664902633056045 0.612534558400512 0.612486088648438 0.616477400064468 0.61853126809001 0.603167619556189 0.560465265065432 0.556067448109388 0.53674987424165 0.511795490048826 0.500608222559094 0.505960520356894 0.466568143106997 0.466214245185256 0.493194652721286 0.557675829157233 0.467914315707543 0.452981769162066 0.452913956607089 0.427294970490038 0.429976869374514 0.404627898707986 0.426545737311244 0.422683959826827 0.365468152798712 0.388189307413995 0.519239818677306 0.386487483101733
-9999 -9999 -9999 -9999 -9999 -9999 -9999 -9999 -9999 -9999 -9999 -9999 -9999 -9999 -9999 -9999 -9999 -9999 -9999 -9999 -9999 -9999 -9999 -9999 -9999 -9999 1.18186515569687 1.0627324283123 2.3723744820146 1.88161314278841 1.46749310195446 1.30778909102082 0.920123621821404 0.759623246267438 0.660660104826093 0.613253340125084 0.593370856717229 0.622584756463766 0.646127426996827 0.614610655233264 0.621856877580285 0.596872033551335 0.552182614803314 0.530198441818357 0.50405381899327 0.457707102410495 0.434333053417504 0.429488061927259 0.396804392337799 0.413473051260499 0.435439633095966 0.425371109562762 0.431677205488086 0.443451549857855 0.439703157171607 0.437207059934735 0.437094194814563 0.413749694824219 0.428991369903088 0.427399596199393 0.404196807566811 0.453661764040589
-9999 -9999 -9999 -9999 -9999 -9999 -9999 -9999 -9999 -9999 -9999 -9999 -9999 -9999 -9999 -9999 -9999 -9999 -9999 -9999 -9999 -9999 -9999 -9999 -9999 -9999 1.18186515569687 2.06315878208946 1.7276958078146 1.50687288120389 1.09785506129265 1.0001366045326 0.857066804543138 0.682838793843985 0.650280648842454 0.661492478102446 0.628982149064541 0.609459925442934 0.600763974711299 0.611864989623427 0.579411568120122 0.584036719053984 0.564570832997561 0.553464548662305 0.53461942076683 0.486137911677361 0.443980140611529 0.450462562032044 0.451154911342789 0.426295577603228 0.425114614122054 0.484162604436278 0.462437331676483 0.460550045594573 0.464918252080679 0.460628153756261 0.447832491248846 0.44324822165072 0.443121369928122 0.485405730083585 0.58236618898809 0.557722952216864
-9999 -9999 -9999 -9999 -9999 -9999 -9999 -9999 -9999 -9999 -9999 -9999 -9999 -9999 -9999 -9999 -9999 -9999 -9999 -9999 -9999 -9999 -9999 -9999 -9999 -9999 2.59308962260976 1.97668945044279 1.45067366212606 1.18198819085956 1.05042158067226 0.933162566274405 0.816063215956092 0.668558975681663 0.665582897141576 0.696831688284874 0.717470353469253 0.626272592693567 0.583798214793205 0.605566218495369 0.61267227306962 0.613402403891087 0.584399063140154 0.566000813618302 0.504976124502718 0.45401634927839 0.470032950863242 0.476374492049217 0.46652633138001 0.47160591557622 0.510176159441471 0.511426415294409 0.500984452664852 0.481975587084889 0.496711034327745 0.523579297587276 0.486793018877506 0.430234970524907 0.441859502345324 0.556255789473653 0.603167999535799 1.00521948561072
-9999 -9999 -9999 -9999 -9999 -9999 -9999 -9999 -9999 -9999 -9999 -9999 -9999 -9999 -9999 -9999 -9999 -9999 -9999 -9999 -9999 -9999 -9999 -9999 -9999 1.19121462106705 2.20260809361935 1.6654351092875 1.13288868963718 0.849570918828249 0.983419016003609 0.947459250688553 0.897488489747047 0.813211232423782 0.77350503206253 0.820110514760017 0.857287257909775 0.632068594917655 0.943655505776405 0.926928758621216 0.968389242887497 0.907955780625343 0.619268998503685 0.563843535259366 0.508586347103119 0.497362609952688 0.489986345171928 0.509261067956686 0.495810555294156 0.500544290989637 0.540443429723382 0.612848253920674 0.65685973316431 0.54001378454268 0.661568898707628 0.645699832588434 0.483075929805636 0.447618937119842 0.418709046207368 0.329310463741422 0.349764717852368 0.678901953622699
-9999 -9999 -9999 -9999 -9999 -9999 -9999 -9999 -9999 -9999 -9999 -9999 -9999 -9999 -9999 -9999 -9999 -9999 -9999 -9999 -9999 -9999 -9999 -9999 -9999 1.4692208468914 1.57629195973277 1.32862950861454 0.928884912282228 0.953134015202522 0.950751274824142 0.909693226218224 0.830268517136574 0.790353760123253 0.806516006588936 0.896307351998985 0.94048348069191 0.983584225177765 0.928790256381035 0.877342224121094 0.829408526420593 0.834624513983727 0.6175202652812 0.568743277341127 0.535854192450643 0.531780743971467 0.52632974088192 0.503792529925704 0.474741920828819 0.466295711696148 0.484789296984673 0.602856751531363 0.595923850312829 0.649847997352481 0.469376251101494 0.50183193013072 0.434557881206274 0.412917662411928 0.40006837528199 0.389559365808964 0.344866317696869 0.364155526546871
-9999 -9999 -9999 -9999 -9999 -9999 -9999 -9999 -9999 -9999 -9999 -9999 -9999 -9999 -9999 -9999 -9999 -9999 -9999 -9999 -9999 -9999 -9999 -9999 1.31647038459778 1.41264782845974 1.32511821761727 1.10969088971615 0.963115599006414 0.866681316867471 0.954621016979218 0.928211987018585 0.796495258808136 0.779199510812759 0.818221256136894 0.93410350382328 0.946408241987228 0.950529783964157 0.922268763184547 0.85514323413372 0.848152488470078 0.623842690140009 0.595532638952136 0.572817754000425 0.558133598417044 0.552380729466677 0.526471115648746 0.506039259955287 0.487905945628881 0.465330949053168 0.467122575268149 0.482886090874672 0.474688600748777 0.413825715892017 0.395517183467746 0.437298288568854 0.421678410843015 0.441873639822006 0.453775690868497 0.470593588426709 0.478361159563065 0.419611498713493
-9999 -9999 -9999 -9999 -9999 -9999 -9999 -9999 -9999 -9999 -9999 -9999 -9999 -9999 -9999 -9999 -9999 -9999 -9999 -9999 -9999 -9999 -9999 1.50594073534012 1.48888164013624 1.30147755146027 1.10580479353666 0.92336605489254 0.780129298567772 0.725174512714148 0.681956447660923 0.866159975528717 0.832013741135597 0.784368470311165 0.860832273960114 0.986666768789291 0.972392976284027 0.918386980891228 0.872386023402214 0.825127229094505 0.767264738678932 0.706500247120857 0.561315581202507 0.547874042764306 0.570356989279389 0.553200764581561 0.482750158756971 0.483476243913174 0.463589144870639 0.45697433128953 0.446632783859968 0.449124377220869 0.439817257225513 0.426114175468683 0.411362707614899 0.434545515105128 0.475652994588017 0.401108527556062 0.419807055965066 0.468079034239054 0.483884051442146 0.6754389423877
-9999 -9999 -9999 -9999 -9999 -9999 -9999 -9999 -9999 -9999 -9999 -9999 -9999 -9999 -9999 -9999 -9999 -9999 -9999 -9999 -9999 -9999 2.30412065237761 2.20287007838488 1.66925977170467 1.06615830212831 0.948961291462183 0.808093143627048 0.990927249193192 1.00809523463249 0.937547728419304 0.90267950296402 0.899932250380516 0.922519028186798 0.989753231406212 0.962925493717193 0.851243004202843 0.807175517082214 0.781083270907402 0.768469750881195 0.603943511843681 0.629631496965885 0.620183520019054 0.630330726504326 0.50903344899416 0.512818593531847 0.472836166620255 0.526673711836338 0.496118165552616 0.475851265713573 0.486657371744514 0.448458436657401 0.421445370596998 0.410014783032238 0.438180947676301 0.46860140003264 0.343283333815634 0.340801966376603 0.347227879799902 0.353800032287836 0.376074758522651 0.355419762432575
-9999 -9999 -9999 -9999 -9999 -9999 -9999 -9999 -9999 -9999 -9999 -9999 -9999 -9999 -9999 -9999 -9999 -9999 -9999 -9999 2.64602583646774 2.20262517106724 2.24966121464968 2.123564645648 1.76620863005519 1.18189220130444 1.10874724388123 1.03091423213482 1.04345098137856 1.02781173586845 1.03895875811577 1.0108357667923 1.00905026495457 1.02372373640537 1.03135272860527 0.928751245141029 0.806251481175423 0.748489484190941 0.749156981706619 0.743035018444061 0.653045505285263 0.663953989744186 0.643879778683186 0.632849223911762 0.69939973950386 0.548812681809068 0.479651246219873 0.612281056120992 0.525274202227592 0.517116928473115 0.488495067693293 0.431044774129987 0.438911816105247 0.406494464725256 0.360418511554599 0.421395281329751 0.348522651940584 0.350415268912911 0.429309399688945 0.378559819915715 0.378472498234581 0.454509029493612
-9999 -9999 -9999 -9999 -9999 -9999 -9999 -9999 -9999 -9999 -9999 -9999 -9999 -9999 -9999 -9999 -9999 -9999 -9999 -9999 2.34438005228529 3.58379200100899 2.1717289686203 1.95465528964996 1.49777564406395 1.33953928947449 1.17087826132774 1.21208372712135 1.11062271893024 1.13539649546146 1.13442072272301 1.12457574903965 1.06305623054504 1.01576428115368 0.98711322247982 0.916657522320747 0.737708762288094 0.781820476055145 0.780315473675728 0.796980738639832 0.753543734550476 0.662107743322849 0.641644760966301 0.6296077221632 0.644874284975231 0.515843502738897 0.535142738152953 0.567366192117333 0.531888546422124 0.476842112839222 0.471014622598886 0.473625370301306 0.471461042761803 0.55503393150866 0.457770192995667 0.609023749828339 0.398990051820874 0.460741184213582 0.433585156412686 0.417680409024743 0.410273031276815 0.363180974827093
-9999 -9999 -9999 -9999 -9999 -9999 -9999 -9999 -9999 -9999 -9999 -9999 -9999 -9999 -9999 -9999 -9999 -9999 -9999 2.0398722115685 4.6325249671936 2.36551427841187 1.79878926277161 1.59595721960068 1.4202107489109 1.24038472771645 1.25969979166985 1.20858597755432 1.13588953018188 1.08153149485588 1.09452176094055 1.06898175179958 1.0109000056982 0.942849725484848 0.871484503149986 0.789695248007774 0.79073677957058 0.823624983429909 0.809337273240089 0.824308723211288 0.731384247541428 0.675278231501579 0.632751494646072 0.67293556407094 0.682097802869976 0.583396509289742 0.5120994374156 0.510701894760132 0.486597826704383 0.477545522153378 0.469030768610537 0.510144570842385 0.690096175298095 0.620194125920534 0.554779729422401 0.416542111895978 0.442614970838322 0.58433324098587 0.400623947381973 0.416104031726718 0.410636248067021 0.413643387146294
-9999 -9999 -9999 -9999 -9999 -9999 -9999 -9999 -9999 -9999 -9999 -9999 -9999 -9999 -9999 -9999 -9999 -9999 3.889484482653 2.62630459490944 2.76097416877747 2.07324606180191 1.90660694241524 1.61240747570992 1.27097675204277 1.54646050930023 1.50742679834366 1.20120251178741 1.1227890253067 1.10637873411179 1.11354452371597 1.13841998577118 1.03229476511478 0.940121501684189 0.870816513895988 0.836313977837563 0.790258750319481 0.722333490848541 0.775118582881987 0.637528479099274 0.687913000583649 0.669884756207466 0.637047286145389 0.662527673877776 0.616630118340254 0.636765061877668 0.481730913743377 0.471045289188623 0.465317526832223 0.496535897254944 0.41864120028913 0.44282765686512 0.31593553069979 0.306236525997519 0.353055626592215 0.39873179141432 0.537441084782283 0.505461444749552 0.411148865707219 0.414270663633943 0.437772662378848 0.399874802459689
-9999 -9999 -9999 -9999 -9999 -9999 -9999 -9999 -9999 -9999 -9999 -9999 -9999 -9999 -9999 -9999 -9999 36.7900605503517 3.89458617568016 2.77923774719238 3.64886903762817 2.30975699424744 1.75382846593857 1.50310304760933 1.45625972747803 1.6602658033371 1.47087049484253 1.31362625956535 1.21388152241707 1.26239302754402 1.12902775406837 1.14854672551155 1.15330699086189 1.18437448143959 1.00222150981426 0.88223297894001 0.817407727241516 0.762868255376816 0.727457761764526 0.641137970611453 0.619465922936797 0.616125689819455 0.630420003086329 0.661052615381777 0.644486342556775 0.54078420996666 0.489660769701004 0.456241870298982 0.437252065166831 0.427947448895258 0.430773923940518 0.418486901942421 0.401856262017699 0.388147766537526 0.391334662104354 0.422895712011001 0.481763787567616 0.487071007490158 0.484230132663951 0.430604685755337 0.407615311882075 0.416272930362645
-9999 -9999 -9999 -9999 -9999 -9999 -9999 -9999 -9999 -9999 -9999 -9999 -9999 -9999 -9999 -9999 -9999 -9999 -9999 2.45947331190109 2.34893563565086 1.96600108221173 1.66547048091888 1.55409026145935 1.40846837125719 1.34405285865068 1.22218999266624 1.24344325065613 1.16064974665642 1.18686801195145 1.14282298088074 1.10050997138023 1.15329897403717 1.09930828213692 0.952160507440567 0.844162747263908 0.824838012456894 0.684999676421285 0.853272497653961 0.592696222476661 0.620849302969873 0.625927166081965 0.649268768727779 0.647847429849207 0.628711497411132 0.407483488321304 0.458093754947185 0.474830999970436 0.49327587204821 0.44029759352698 0.417967267334461 0.407985746860504 0.376233249902725 0.473229273277171 0.307084210216999 0.444895676830236 0.315602289403186 0.475239126121297 0.481654901714886 0.483071720775436 0.484298124032862 0.483437950120253
-9999 -9999 -9999 -9999 -9999 -9999 -9999 -9999 -9999 -9999 -9999 -9999 -9999 -9999 -9999 8.3235310614109 4.54616309296001 2.8240151279851 2.79601318695966 2.10656851530075 1.58206704854965 1.71328768985612 1.46756815910339 1.19660647426333 1.42739051580429 1.28118175268173 1.27742421627045 1.24318751692772 1.22148823738098 1.09053297553744 1.14512476325035 1.13569423556328 1.12648084200919 1.00060231704265 0.804112762212753 0.760902479290962 0.735978771932423 0.674601813778281 0.58231470733881 0.602032841183245 0.619486114941537 0.654433032497764 0.629323750734329 0.584464512765408 0.463849609717727 0.449846045935855 0.483378261327744 0.474745988845825 0.461130991578102 0.396857760846615 0.396810494363308 0.399162493646145 0.387390986084938 0.426746264100075 0.443571714793935 0.428328618407249 0.468513710533871 0.511239843333469 0.513273741392528 0.493512442883323 0.503048140336485 0.501982764286153
-9999 -9999 -9999 -9999 -9999 -9999 -9999 -9999 -9999 -9999 35.2986888885498 35.2986888885498 13.7248649597168 4.60359028726816 4.69363131523132 3.88810830116272 3.43726508617401 3.3167515039444 3.1396989941597 2.13362091779709 1.62990468314716 1.49909189982074 1.20811276137829 1.04448658334357 1.47778552770615 1.34051898121834 1.26689696311951 1.2184442281723 1.38852822780609 1.2902720272541 1.10895974934101 1.02791002392769 1.10801049135625 0.884904757142067 0.784058272838592 0.732253935188055 0.694916945882142 0.660789007321 0.616441969759762 0.642350781708956 0.647474871017039 0.665312052704394 0.535293504595757 0.471848211744252 0.454530800090117 0.444837967262549 0.439693242311478 0.463884102071033 0.465849616948296 0.456053256988525 0.450205489993095 0.444991737604141 0.441464990377426 0.476718127727509 0.481500282883644 0.530579167253831 0.524932483539862 0.513863827375805 0.506758447955636 0.452151041697053 0.493998185676687 0.513889253139496
-9999 -9999 -9999 -9999 -9999 -9999 -9999 -9999 -9999 -9999 35.2986888885498 14.2416571637859 6.69091994315386 6.3011971950531 4.87187054157257 4.19245262145996 3.00055235624313 3.70632896500249 2.43241229564837 5.59916453151142 2.61022839801652 1.70288135749953 1.43204287865332 1.33607013204268 1.1847961970738 1.87370675802231 1.45111194252968 0.983859318175486 0.952502048441342 0.927989447223289 1.10427296161652 1.03780671954155 0.961893022060394 0.899881526827812 0.811717227101326 0.769605246372521 0.756196830421686 0.70101826172322 0.643685954622924 0.651333495974541 0.59732423722744 0.595134735107422 0.600387752056122 0.493525735595647 0.488874180351987 0.488922173486036 0.524847936104326 0.467924389769049 0.51063498153406 0.492793262004852 0.476288512349129 0.463306993246078 0.449755012989044 0.555862773867214 0.551543473320849 0.53172142803669 0.515673232429168 0.493985986884902 0.466652651920038 0.483446107191198 0.504243919078042 0.490286344991011
-9999 -9999 -9999 -9999 -9999 -9999 -9999 -9999 -9999 -9999 -9999 -9999 -9999 6.87207218259573 7.49683141708374 5.59612349867821 -9999 -9999 -9999 -9999 -9999 -9999 1.56035999740873 2.20835285527366 1.87439002096653 1.53784340832915 1.34184290521911 1.19421454252941 1.09763221123389 1.03432841120022 1.76248472929001 1.33809649944305 0.940930038690567 0.886060521006584 0.829660758376122 0.768335498869419 0.730486981570721 0.761114068329334 0.534755282104015 0.522172474685837 0.622339740395546 0.604949250817299 0.607007756829262 0.578179754755076 0.574497586664032 0.541215088437585 0.551599239601808 0.499402700101628 0.480555919163367 0.501967544064802 0.495315876077203 0.485566101530019 0.549070907866254 0.576003100065624 0.57051942366011 0.520207711878945 0.508762158015195 0.527695716303938 0.512878862373969 0.523357897996902 0.539930078913184 0.537285959895919
-9999 -9999 -9999 -9999 -9999 -9999 -9999 -9999 -9999 -9999 -9999 -9999 -9999 16.6274771690369 16.6274771690369 16.6274771690369 -9999 -9999 -9999 -9999 -9999 -9999 4.94490551948547 4.94490551948547 4.94490551948547 0.308659605681896 2.51499710977077 1.54975073039532 1.93086694926023 1.60196505859494 2.06362998485565 2.559430539608 1.45421427488327 1.12310197949409 0.892789721488953 0.749816730618477 0.692598775029182 0.664585009217262 0.628021515905857 0.519211639376248 0.603419482707977 0.614114016294479 0.592538024572765 0.63355628444868 0.630597721127903 0.585955753922462 0.632441734566408 0.537060115267249 0.518000395858989 0.503526880460627 0.514477022430476 0.539471834021456 0.531461508835063 0.531678607358652 0.550299396409708 0.562886466874796 0.507198259234428 0.482566013932228 0.559396150357583 0.558995215331807 0.548242570722804 0.534950923393754
-9999 -9999 -9999 -9999 -9999 -9999 -9999 -9999 -9999 -9999 -9999 -9999 -9999 -9999 -9999 -9999 -9999 -9999 -9999 -9999 -9999 -9999 -9999 -9999 -9999 -9999 1.9547383338213 3.3855581022799 2.8425852060318 1.88672721385956 1.59452342987061 2.07831519842148 1.33734774589539 0.97520349919796 0.799078494310379 0.759442269802094 0.722855493426323 0.69190326333046 0.663751021027565 0.674813240766525 0.669908985495567 0.589206770062447 0.620995745062828 0.611768022179604 0.613081246614456 0.639685735106468 0.616151243448257 0.560127081239925 0.557886537383584 0.548198703457327 0.581784738337292 0.606446248643538 0.604584564180935 0.567118025001358 0.554678686401423 0.571667438044268 0.496384248137474 0.589439591940711 0.58755600540077 0.572867253247429 0.534588769954794 0.526607257478377
-9999 -9999 -9999 -9999 -9999 -9999 -9999 -9999 -9999 -9999 -9999 -9999 -9999 -9999 -9999 -9999 -9999 -9999 -9999 -9999 -9999 -9999 -9999 -9999 -9999 -9999 -9999 2.80648971107644 3.18029705062509 2.64109807088971 2.68100917339325 1.87337172031403 1.46775677800179 1.27504900097847 1.1956122815609 0.957364499568939 0.794206500053406 0.710096523165703 0.693195760250092 0.652853742241859 0.61557725071907 0.62007375061512 0.681399255990982 0.70422375202179 0.691594764590263 0.606185369631823 0.628285244107246 0.625135186840506 0.609686086283011 0.592009545249097 0.619196171269697 0.6270371938453 0.644658468225423 0.621323344462058 0.579072614803034 0.629223386154455 0.597370231852812 0.590975882375942 0.566356017309077 0.553840756416321 0.529149249196053 0.542249293011777
