EcologicalScience/Bass/data/rs_data_bass/chl_122.asc
NCOLS 226 
NROWS 124 
XLLCORNER -9.41648524995501 
YLLCORNER 47.587301625531 
CELLSIZE 0.0833 
NODATA_value -9999 
[rows 54 to 80 of 124, columns 0 to 61 of 226]
-9999 -9999 -9999 -9999 -9999 -9999 -9999 -9999 -9999 -9999 -9999 -9999 -9999 -9999 -9999 -9999 -9999 -9999 -9999 -9999 -9999 -9999 -9999 -9999 -9999 -9999 -9999 -9999 -9999 -9999 -9999 -9999 -9999 -9999 -9999 -9999 -9999 -9999 4.58544665598774 2.75744528429849 2.42840212583542 2.87566813230515 1.52080571651459 1.54167079925537 1.40896573662758 1.27696654200554 1.18165272474289 1.21288874745369 0.93741899728775 0.890349715948105 0.923640757799149 0.851272523403168 0.859012484550476 1.11021450161934 1.56807374954224 1.75269895792007 1.93864578008652 2.02000200748444 -9999 0.607058599591255 0.62790758907795 1.09832036559996
-9999 -9999 -9999 -9999 -9999 -9999 -9999 -9999 -9999 -9999 -9999 -9999 -9999 -9999 -9999 -9999 -9999 -9999 -9999 -9999 -9999 -9999 -9999 -9999 -9999 -9999 -9999 -9999 -9999 -9999 -9999 -9999 -9999 -9999 -9999 -9999 -9999 -9999 -9999 2.39993700385094 1.99754798412323 2.4230917096138 1.42877545952797 1.37592145800591 1.16038799285889 1.15002599358559 1.02995252609253 0.923220008611679 0.991426527500153 0.829057484865189 0.880021512508392 0.908658027648926 1.01010677218437 1.23599177598953 1.86297672986984 2.06559008359909 2.03909701108932 -9999 -9999 -9999 -9999 -9999
-9999 -9999 -9999 -9999 -9999 -9999 -9999 -9999 -9999 -9999 -9999 -9999 -9999 -9999 -9999 -9999 -9999 -9999 -9999 -9999 -9999 -9999 -9999 -9999 -9999 -9999 -9999 -9999 -9999 -9999 -9999 -9999 -9999 -9999 -9999 -9999 -9999 -9999 -9999 -9999 1.9385107755661 1.50674396753311 1.49341428279877 1.6090350151062 1.45161598920822 1.26561078429222 1.22262972593307 1.17200928926468 1.07344874739647 1.00428003072739 0.865580230951309 0.937925219535828 1.15007096529007 1.37945553660393 1.65059852600098 1.70532006025314 1.80234825611115 1.70307970046997 2.07854318618774 -9999 -9999 -9999
-9999 -9999 -9999 -9999 -9999 -9999 -9999 -9999 -9999 -9999 -9999 -9999 -9999 -9999 -9999 -9999 -9999 -9999 -9999 -9999 -9999 -9999 -9999 -9999 -9999 -9999 -9999 -9999 -9999 -9999 -9999 -9999 -9999 -9999 -9999 -9999 -9999 -9999 -9999 -9999 2.26234972476959 2.02682447433472 1.88729703426361 2.08373558521271 2.09534633159637 1.60243803262711 1.31902125477791 1.30951872467995 1.20120298862457 1.11153227090836 0.900712519884109 0.971462219953537 1.09905526041985 1.25068348646164 1.41866245865822 1.28124529123306 1.40966695547104 1.41620403528214 1.83917856216431 3.60088062286377 19.4076357621413 -9999
-9999 -9999 -9999 -9999 -9999 -9999 -9999 -9999 -9999 -9999 -9999 -9999 -9999 -9999 -9999 -9999 -9999 -9999 -9999 -9999 -9999 -9999 -9999 -9999 -9999 -9999 -9999 -9999 -9999 -9999 -9999 -9999 -9999 -9999 -9999 -9999 -9999 -9999 -9999 -9999 -9999 2.4748495221138 2.05312556028366 1.80252599716187 2.49721652269363 2.40649205446243 1.63065826892853 1.35113328695297 1.40648853778839 1.19654551148415 1.00327277183533 0.917588263750076 1.00992071628571 1.10792925953865 1.17663824558258 1.12312424182892 1.34861621260643 1.48974153399467 1.70443421602249 2.87912768125534 1.86541260480881 -9999
-9999 -9999 -9999 -9999 -9999 -9999 -9999 -9999 -9999 -9999 -9999 -9999 -9999 -9999 -9999 -9999 -9999 -9999 -9999 -9999 -9999 -9999 -9999 -9999 -9999 -9999 -9999 -9999 -9999 -9999 -9999 -9999 -9999 -9999 -9999 -9999 -9999 -9999 -9999 -9999 -9999 2.75066176056862 2.13909202814102 2.17078500986099 1.98335480690002 1.75575828552246 1.71120375394821 1.27087345719337 1.29433500766754 1.03904628753662 0.904086023569107 0.916403979063034 0.979562222957611 1.12134298682213 1.14866253733635 1.17406198382378 1.27300053834915 2.63111257553101 1.74700266122818 -9999 -9999 -9999
-9999 -9999 -9999 -9999 -9999 -9999 -9999 -9999 -9999 -9999 -9999 -9999 -9999 -9999 -9999 -9999 -9999 -9999 -9999 -9999 -9999 -9999 -9999 -9999 -9999 -9999 -9999 -9999 -9999 -9999 -9999 -9999 -9999 -9999 -9999 -9999 -9999 -9999 -9999 -9999 2.65202958583832 2.6766916513443 2.51563429832458 1.8708490729332 1.27574774622917 1.28558626770973 1.36008650064468 1.35616451501846 1.13311725854874 0.94207352399826 0.876299232244492 0.896231979131699 1.01716500520706 1.15333271026611 1.26771149039268 1.39671224355698 1.44965475797653 -9999 -9999 4.6848025560379 3.41349363327026 3.43451106548309
-9999 -9999 -9999 -9999 -9999 -9999 -9999 -9999 -9999 -9999 -9999 -9999 -9999 -9999 -9999 -9999 -9999 -9999 -9999 -9999 -9999 -9999 -9999 -9999 -9999 -9999 -9999 -9999 -9999 -9999 -9999 -9999 -9999 -9999 -9999 -9999 -9999 -9999 -9999 2.35927051305771 2.62184470891953 2.3478364944458 2.2829287648201 1.84864237904549 1.29703044891357 1.29399526119232 1.35596626996994 1.21146774291992 1.36733360588551 0.786318719387054 0.794280767440796 0.814059019088745 0.860462218523026 0.977400720119476 1.01904371380806 1.14422777295113 1.61603182554245 1.32925048470497 1.56991875171661 1.8410257101059 1.42777052521706 1.64687329530716
-9999 -9999 -9999 -9999 -9999 -9999 -9999 -9999 -9999 -9999 -9999 -9999 -9999 -9999 -9999 -9999 -9999 -9999 -9999 -9999 -9999 -9999 -9999 -9999 -9999 -9999 -9999 -9999 -9999 -9999 -9999 -9999 -9999 -9999 -9999 -9999 -9999 -9999 -9999 2.30720664560795 2.208027780056 1.87749147415161 1.66927427053452 1.24208106100559 1.19535975158215 1.21238400042057 1.30292174220085 1.20891563594341 1.13021099567413 0.574560731649399 0.624989256262779 0.779643774032593 0.810945779085159 0.980682760477066 1.20712199807167 1.27851748466492 1.34217828512192 1.28594774007797 1.40848195552826 1.53870445489883 1.25201028585434 1.12785825133324
-9999 -9999 -9999 -9999 -9999 -9999 -9999 -9999 -9999 -9999 -9999 -9999 -9999 -9999 -9999 -9999 -9999 -9999 -9999 -9999 -9999 -9999 -9999 -9999 -9999 -9999 -9999 -9999 -9999 -9999 -9999 -9999 -9999 -9999 -9999 -9999 -9999 -9999 3.05878071784973 2.64610320329666 2.20129376649857 1.5341414809227 1.14392848312855 1.06509035825729 1.0698701441288 1.16026537120342 0.947284519672394 0.710973009467125 0.861741721630096 0.698420271277428 0.703836008906364 0.745056018233299 0.886362791061401 1.09453421831131 1.10696402192116 1.13535752892494 1.10293275117874 1.04145526885986 1.11571499705315 1.00554674863815 0.977973729372025 1.19597554206848
-9999 -9999 -9999 -9999 -9999 -9999 -9999 -9999 -9999 -9999 -9999 -9999 -9999 -9999 -9999 -9999 -9999 -9999 -9999 -9999 -9999 -9999 -9999 -9999 -9999 -9999 -9999 -9999 -9999 -9999 -9999 -9999 -9999 -9999 -9999 -9999 -9999 -9999 2.53238993883133 2.3098800778389 1.42603236436844 1.20840865373611 0.796015530824661 1.02777072787285 0.953257888555527 0.952612102031708 0.885199517011642 0.821433037519455 0.744359269738197 0.753930777311325 0.748881742358208 0.852479964494705 0.963831782341003 0.840340465307236 0.955832272768021 0.945418506860733 0.970100283622742 1.00143224000931 1.01366847753525 0.952447503805161 0.859820991754532 0.966555744409561
-9999 -9999 -9999 -9999 -9999 -9999 -9999 -9999 -9999 -9999 -9999 -9999 -9999 -9999 -9999 -9999 -9999 -9999 -9999 -9999 -9999 -9999 -9999 -9999 -9999 -9999 -9999 -9999 -9999 -9999 -9999 -9999 -9999 -9999 -9999 -9999 -9999 2.45707715622016 2.02936685085297 1.46311953663826 1.20846225321293 1.1088123768568 0.969812259078026 0.900242999196053 0.880502969026566 0.905800491571426 0.9211166203022 0.737831979990005 0.745587006211281 0.783600032329559 0.883931279182434 1.06257788836956 0.670650735497475 1.14856611192226 0.875938475131989 0.919829249382019 0.952556222677231 0.965283036231995 0.902696281671524 0.847855478525162 0.777778476476669 1.06540122628212
-9999 -9999 -9999 -9999 -9999 -9999 -9999 -9999 -9999 -9999 -9999 -9999 -9999 -9999 -9999 -9999 -9999 -9999 -9999 -9999 -9999 -9999 -9999 -9999 -9999 -9999 -9999 -9999 -9999 -9999 -9999 -9999 -9999 -9999 -9999 -9999 -9999 2.81463503837585 1.7435294687748 1.1975100338459 1.08632925152779 1.03615647554398 0.886755019426346 0.800103753805161 0.81053701043129 0.773804627358913 0.790275022387505 0.849636733531952 1.37190002202988 1.09925848245621 1.05292949080467 1.08654677867889 1.0102507174015 1.04327103495598 1.21047189831734 0.828593999147415 0.916017025709152 0.919932782649994 0.871381491422653 0.812449514865875 0.833544015884399 1.10989201068878
-9999 -9999 -9999 -9999 -9999 -9999 -9999 -9999 -9999 -9999 -9999 -9999 -9999 -9999 -9999 -9999 -9999 -9999 -9999 -9999 -9999 -9999 -9999 -9999 -9999 -9999 -9999 -9999 -9999 -9999 -9999 -9999 -9999 -9999 -9999 -9999 3.05785301327705 2.63034474849701 2.18790072202682 1.11073686182499 0.95591738820076 0.864311993122101 0.837988123297691 0.833871379494667 0.937455028295517 1.17006826400757 1.54475480318069 1.4818394780159 1.55948996543884 1.73120480775833 1.31204321980476 1.4355885386467 0.957168728113174 1.01297253370285 0.92814901471138 0.857537984848022 0.824673771858215 0.892045497894287 0.916934251785278 0.926028728485107 0.987676531076431 1.28419348597527
-9999 -9999 -9999 -9999 -9999 -9999 -9999 -9999 -9999 -9999 -9999 -9999 -9999 -9999 -9999 -9999 -9999 -9999 -9999 -9999 -9999 -9999 -9999 -9999 -9999 -9999 -9999 -9999 -9999 -9999 -9999 2.25756293535233 1.15180171430111 -9999 2.10493344068527 2.1441223025322 1.42164504528046 1.13254201412201 1.07782915234566 0.977851152420044 0.800935529172421 0.78134436160326 0.835903510451317 0.648892521858215 1.03695899248123 0.942483007907867 0.994521707296371 1.22830125689507 1.16564476490021 1.20417827367783 1.22318252921104 1.1154600083828 1.12304963171482 0.880751967430115 0.887896478176117 0.928220272064209 0.8904689848423 0.90420600771904 1.11979427933693 1.24149522185326 1.49884870648384 2.29955008200237
-9999 -9999 -9999 -9999 -9999 -9999 -9999 -9999 -9999 -9999 -9999 -9999 -9999 -9999 -9999 -9999 -9999 -9999 -9999 -9999 -9999 -9999 0.346259817481041 10.1030269861221 10.1386315226555 10.1155757904053 4.60900747776031 8.04615640640259 2.64026522636414 1.59360003471374 1.61636424064636 4.65813863277435 3.02253234386444 1.75489872694016 1.27051497995853 1.5032069683075 0.873352155089378 0.798030361533165 0.74201025813818 0.759141013026237 0.758692122995853 0.790814638137817 0.866922006011009 1.03566674888134 1.12527412176132 0.834412515163422 0.820740044116974 0.936870038509369 0.973461717367172 1.10907152295113 1.17169350385666 1.34293574094772 1.10204923152924 1.01097303628922 1.30439928174019 1.15594500303268 1.10884648561478 1.00025546550751 2.04916598922328 -9999 -9999 -9999
-9999 -9999 -9999 -9999 -9999 -9999 -9999 -9999 -9999 -9999 -9999 -9999 -9999 -9999 -9999 -9999 -9999 -9999 -9999 -9999 -9999 -9999 1.2056440114975 0.637329742312431 0.758664362132549 0.909749999642372 0.992663607001305 1.07066814601421 1.87041516602039 0.862820617854595 0.822625480592251 0.762311607599258 0.747306771576405 0.745975501835346 0.731068521738052 0.738317258656025 0.71934599429369 0.69777075201273 0.727282494306564 0.71639060229063 0.753595501184464 1.81554669141769 1.09303946793079 1.11814087629318 0.789543718099594 0.548008516430855 0.902303248643875 1.05045828223228 1.14991271495819 1.17851999402046 1.27338749170303 1.19352301955223 1.37408924102783 1.49792772531509 2.75351804494858 -9999 -9999 -9999 -9999 -9999 -9999 -9999
-9999 -9999 -9999 -9999 -9999 -9999 -9999 -9999 -9999 -9999 -9999 -9999 -9999 -9999 -9999 -9999 -9999 -9999 -9999 1.39896583743393 6.03895751237869 5.81990301609039 3.27418446540832 0.463690482079983 0.258382491767406 0.602924600243568 0.650371134281158 0.757705114781857 0.80223374068737 0.79000948369503 0.91024573892355 0.908410482108593 0.797523379325867 0.703728765249252 0.678357012569904 0.648200623691082 0.683702610433102 0.741931110620499 0.938520357012749 0.989301726222038 0.917690277099609 0.887580782175064 1.40600404143333 0.966300755739212 0.558206230401993 0.616701006889343 1.04356947541237 1.35830327868462 1.38031196594238 1.38801223039627 1.74875700473785 -9999 -9999 -9999 -9999 -9999 -9999 -9999 -9999 -9999 -9999 -9999
-9999 -9999 -9999 -9999 -9999 -9999 -9999 -9999 -9999 -9999 -9999 -9999 -9999 -9999 -9999 -9999 -9999 7.43602192401886 0.69556836783886 1.6574295759201 1.32802447676659 0.915495246648788 0.844460964202881 0.492103859782219 0.511141888797283 0.62405251711607 0.582598485052586 0.669559881091118 0.71348062902689 0.698302902281284 0.727341771125793 0.734792992472649 0.782582648098469 0.806096278131008 0.311865001916885 0.23115000128746 0.658572368323803 0.737417981028557 0.987337097525597 1.13898785412312 0.831263244152069 0.73616623878479 0.797712028026581 0.670832991600037 0.77744847536087 0.836321264505386 0.990537017583847 1.67456316947937 1.65581917762756 1.47456076741219 3.89127230644226 -9999 -9999 -9999 -9999 -9999 -9999 -9999 -9999 -9999 -9999 -9999
-9999 -9999 -9999 -9999 -9999 -9999 -9999 -9999 -9999 -9999 -9999 -9999 -9999 -9999 0.981252491474152 1.06446474790573 0.657100021839142 0.608223751187325 0.528477765619755 0.452384993433952 0.586778238415718 0.577142983675003 0.67510874569416 0.730032503604889 0.749754756689072 0.631265625357628 0.692217394709587 0.630254253745079 0.662817008793354 0.792048744857311 0.824604369699955 0.785914108157158 0.758673012256622 0.668078228831291 0.406664997339249 0.317151010036469 0.280966490507126 0.296433739364147 1.30165949463844 1.19836646318436 0.851319015026093 0.669726759195328 0.656759262084961 0.516255766153336 0.658258482813835 0.972582757472992 1.11571124196053 1.74125772714615 1.314024746418 1.18558502197266 0.958773761987686 0.76187852025032 -9999 -9999 -9999 -9999 -9999 -9999 -9999 -9999 -9999 -9999
-9999 -9999 -9999 -9999 -9999 -9999 -9999 -9999 -9999 -9999 -9999 2.36458747797325 0.860831260681152 0.721065253019333 0.670727491378784 0.548031747341156 0.48955350369215 0.543140262365341 0.519203245639801 0.535838261246681 0.556953743100166 0.54313051700592 0.472979977726936 0.400288492441177 0.344433009624481 0.316899754106998 0.325627505779266 0.685520231723785 0.548362478613853 0.581141263246536 0.438075765967369 0.303558759391308 0.370425000786781 0.478552490472794 0.825818225741386 0.376822516322136 1.17231264710426 1.21920190751553 1.15447233617306 0.919114485383034 0.656607002019882 0.655886247754097 0.715787261724472 0.712179735302925 0.599802732467651 0.883953005075455 1.01562148332596 1.1904202401638 1.05137175321579 1.32175120711327 1.32696828246117 -9999 -9999 -9999 -9999 -9999 4.19164399324461 11.3134406805038 6.86802232265473 5.71901893615723 4.08722838040056 -9999
-9999 -9999 -9999 -9999 -9999 -9999 -9999 -9999 -9999 0.636361961066723 9.29106150070826 0.969254225492477 0.832387775182724 0.536833494901657 0.448192000389099 0.454130008816719 0.445139497518539 0.776095479726791 0.418936252593994 0.405330255627632 0.685980767011642 0.915162026882172 0.671874761581421 0.64673624932766 0.522056266665459 0.424658238887787 0.37441199272871 0.411057740449905 0.977589011192322 0.683317512273788 0.441794246435165 0.319998756051064 0.506756231188774 0.351682506501675 0.415813520550728 0.689838007092476 1.05091872811317 1.40637078881264 1.15787851810455 0.747229859232903 0.665138617157936 0.676399111747742 0.803809493780136 0.963570758700371 1.15929597616196 0.889271289110184 0.993729025125504 0.897793471813202 0.947300255298615 1.26481801271439 1.21827971935272 1.18708428740501 1.16186401247978 3.85010675191879 3.49917894601822 2.23615658283234 2.01185327768326 2.33983272314072 2.48750478029251 8.55011129379272 2.49739193916321 -9999
-9999 -9999 -9999 -9999 -9999 0.501327373087406 0.550244629383087 0.512217007577419 0.558190874755383 0.629089884459972 0.225518256425858 0.635679498314857 0.6431675106287 0.433033749461174 0.418616488575935 0.406498000025749 0.399094000458717 0.396682247519493 0.360374618321657 0.376224003732204 0.372184865176678 0.556572735309601 0.62441548705101 0.586353734135628 0.489376500248909 0.381647229194641 0.376329749822617 0.379722744226456 0.478072509169579 0.723270758986473 0.550183519721031 0.524999231100082 0.63340499997139 0.604242011904716 0.733885511755943 0.93400052189827 1.79285252094269 1.40125349164009 0.996371984481812 0.569087237119675 0.420383244752884 0.429064482450485 0.780772849917412 1.05223198235035 1.14847840368748 1.44088536500931 0.971745014190674 0.905115008354187 0.85130774974823 0.827769041061401 1.21796554327011 1.31899952888489 1.35324597358704 1.64867252111435 1.82281047105789 1.85261178016663 1.88835382461548 1.95645976066589 2.08931475877762 2.39854270219803 2.30019307136536 2.06890118122101
-9999 -9999 -9999 -9999 -9999 0.50340411812067 0.53838849067688 0.431226376444101 0.428488131612539 0.456893250346184 0.621821239590645 0.461894005537033 0.420462504029274 0.441720005124807 0.425368867814541 0.400703251361847 0.424395501613617 0.497255265712738 0.511001229286194 0.570356234908104 0.575762987136841 0.501774743199348 0.577316254377365 0.512933269143105 0.483314260840416 0.442383751273155 0.458786264061928 0.460056737065315 0.406103253364563 0.397196263074875 0.808520257472992 0.759511470794678 0.651111021637917 0.592898994684219 0.592538237571716 0.749025732278824 0.755682706832886 1.04930028319359 0.7734614610672 0.442905753850937 0.43545600771904 0.422567993402481 0.409499242901802 0.42331275343895 0.476850762963295 0.702860243618488 0.850223623216152 1.19683197140694 0.700676992535591 1.06184551119804 1.80238491296768 1.62157505750656 1.67191654443741 1.83075678348541 1.49378398060799 1.42213797569275 1.27850103378296 1.33391252160072 1.3943512737751 1.80056780576706 2.04079574346542 2.12114024162292
-9999 -9999 -9999 -9999 -9999 0.500623002648354 0.437846012413502 0.426520876586437 0.428790383040905 0.435941502451897 0.427600249648094 0.429489508271217 0.388565987348557 0.424994990229607 0.414330244064331 0.399734996259212 0.416777998209 0.44547526538372 0.479041501879692 0.525710240006447 0.51978899538517 0.475896745920181 0.526109978556633 0.531789734959602 0.466215759515762 0.440353497862816 0.463341727852821 0.521505743265152 0.4492207467556 0.6679657548666 1.01871076226234 0.674909234046936 0.591563254594803 0.463223978877068 0.50475749373436 0.484374761581421 0.602367728948593 1.18838927149773 0.576297014951706 0.455084234476089 0.4374990016222 0.413780272006989 0.416981980204582 0.419926509261131 0.428389504551888 0.469115272164345 0.365564256906509 0.810319863259792 0.875461131334305 0.862551368772984 1.15302148461342 6.22827959060669 1.65624457597733 6.55533027648926 2.95588356256485 1.26504296064377 1.06867870688438 1.13980123400688 1.26848477125168 1.99030119180679 2.15863645076752 2.32789653539658
-9999 -9999 -9999 -9999 -9999 0.450222730636597 0.457808494567871 0.419342994689941 0.406175628304482 0.383698124438524 0.381270747631788 0.393830247223377 0.378839638084173 0.380413513630629 0.384770616889 0.376198500394821 0.464120998978615 0.753402024507523 0.435273751616478 0.461842507123947 0.526400238275528 0.509281486272812 0.502995014190674 0.479515492916107 0.486701980233192 0.492953985929489 0.500918984413147 0.488243982195854 0.59816475212574 0.758711278438568 0.743154734373093 0.582644239068031 0.607370272278786 0.654223501682281 0.736450508236885 0.46415551006794 0.436507478356361 0.43291649222374 0.433830007910728 0.436914011836052 0.410255268216133 0.396605238318443 0.415937259793282 0.432076513767242 0.45236773788929 0.457592234015465 0.423876017332077 0.721557259559631 0.666034758090973 0.770033240318298 0.628715753555298 0.4882852435112 0.600505515933037 0.786817520856857 1.20514798164368 1.07735404372215 1.20007574558258 1.24274477362633 1.59409046173096 2.24476808309555 2.49164843559265 2.45406818389893
-9999 -9999 -9999 -9999 -9999 0.468186020851135 0.458364754915237 0.460830017924309 0.435180008411407 0.428644515573978 0.431791126728058 0.425064738839865 0.410520739853382 0.403393875807524 0.411274887621403 0.396347623318434 0.382726136595011 0.378026247024536 0.407222986221313 0.421764001250267 0.422843992710114 0.387972012162209 0.401454761624336 0.424747511744499 0.472184255719185 0.460181996226311 0.459746271371841 0.435097485780716 0.472933486104012 0.446513235569 0.42858749628067 0.518714234232903 0.618110239505768 0.483671262860298 0.466025233268738 0.430559992790222 0.386371493339539 0.373009510338306 0.341831244528294 0.350012250244617 0.383428484201431 0.392265737056732 0.422079741954803 0.446142017841339 0.415289238095284 0.514596372842789 0.450230240821838 0.477264001965523 0.835451245307922 0.735536232590675 0.527707502245903 0.500636994838715 0.912721484899521 1.1783039867878 1.17630448937416 1.2498479783535 1.29079949855804 1.30571320652962 1.50303447246552 1.88823527097702 2.45408248901367 2.29227304458618
