EcologicalScience/Bass/data/rs_data_bass/chl_506.asc
NCOLS 226 
NROWS 124 
XLLCORNER -9.41648524995501 
YLLCORNER 47.587301625531 
CELLSIZE 0.0833 
NODATA_value -9999 
[rows 54 to 80 of 124, columns 124 to 185 of 226]
2.26317450404167 1.9266939163208 1.84736059606075 2.44275038975936 2.34230671020655 1.67729243636131 1.76472693681717 1.60129037499428 1.42262231558561 1.99054597432797 1.97646344166536 1.97964693491275 2.57984378508159 2.87973010540009 3.0992614541735 3.16670437370028 1.68633799828016 1.63455978265175 1.63886012022312 1.65973020975406 2.0705326284681 2.15035407032285 2.15392746244158 1.76135326348818 1.74053767094245 2.04136536802564 2.02816108294896 2.06748308454241 2.13657163656675 2.12546174801313 2.25710481405258 2.42503475684386 2.4052813740877 2.42154139280319 1.78486776351929 2.00947722563377 2.07008906969657 2.12450209489235 1.86726601634707 1.71530839204788 1.7720486998558 1.84409140348434 1.47238588546004 1.56025826505252 1.56060027224677 1.47502867877483 1.54460274108819 1.91993565284289 2.00801099263705 1.84485666453838 2.42656508088112 3.06724214553833 5.06824531274683 5.05877828598022 6.12699699401856 6.23703980445862 6.80601859092712 9.94214814049857 11.1964965207236 11.9548272064754 -9999 -9999
2.28220094740391 2.18159151077271 2.03317981958389 1.94977515935898 1.96280181407928 1.71097211539745 1.77248904109001 1.81839521229267 1.64124290645123 1.4932067990303 1.51169713586569 1.52655410021544 2.41228393997465 2.71508030380522 3.08507149560111 3.07322767802647 1.86974091713245 1.89398218576725 1.77857790084986 1.77053429988714 1.95575216641793 2.01400572978533 2.51794455732618 2.38975782119311 2.32020240563613 2.35655101446005 2.33580066149051 2.414790726625 2.43292987346649 2.10952972514289 2.60053627307598 2.5377086355136 2.39307224750519 2.43946761351365 2.38878242458616 1.74719209671021 1.73076260089874 1.86750395383154 1.84037466134344 1.74610710995538 1.69978562848909 1.69532496162823 1.48485015447323 1.6700493143155 1.8719379901886 2.05371181781475 2.3511184820762 2.68349018922219 3.07745764347223 4.40691029108488 5.04052096146804 6.35832099914551 6.54185532121097 6.9243016242981 6.81192922592163 9.32288299288069 10.5720698833466 -9999 -9999 -9999 -9999 -9999
2.54244264960289 2.67072278261185 2.41040986776352 2.10796654224396 2.09014184772968 2.14548011926504 2.07333140648328 2.01012413318341 2.00567693435229 1.62096992135048 1.76910382967729 1.80502357391211 2.80690514189856 3.03447343621935 2.05902505379457 2.25899963654005 2.28064858454924 2.1772055213268 2.05537868004579 1.99275854917673 2.1349297945316 2.27947037953597 2.42278289794922 2.4861808694326 2.55890442774846 2.61838015684715 2.79050529461641 2.87664966399853 2.88519438413473 2.77626039890143 2.61868756551009 2.55798910672848 2.57828107705483 2.36285491500582 2.34220133721828 2.13769875679697 1.99094013231141 1.87247987304415 1.81150474292891 1.67149906499045 1.46887771572386 1.52537406768118 1.72904697748331 1.97972628703484 2.27129715222579 2.59728590341715 2.76242915483621 3.6461865901947 5.26355177164078 6.92976379394531 6.78216505050659 6.12803239822388 6.29466571305927 7.56236107725846 12.6462629863194 -9999 -9999 -9999 -9999 -9999 -9999 -9999
2.74666140973568 2.67491401731968 2.65308897197247 2.60904850065708 2.63407549262047 2.15157429873943 2.129384547472 2.14642281830311 2.6158905854592 2.09718760848045 2.02973109483719 2.09593123197556 3.15324576411928 3.56644736868995 3.15108362265996 3.00678747040885 2.8187381029129 2.35785495317899 2.29955363273621 2.36642428086354 2.39894801836747 2.50112967307751 2.60860761770835 2.68269897882755 2.76979062190423 2.69926018898304 2.40959275685824 3.21876132488251 2.93550148377052 2.8562314922993 2.16053624664034 2.12737669050694 2.13999101732458 2.21311080030033 2.17869662812778 2.1577359182494 1.97855274592127 1.86221974662372 1.77420690229961 1.70623293093273 1.38417286139268 1.54566764831543 1.8195167183876 2.23461167170451 2.67321178546319 3.10128733744988 4.52735683917999 -9999 6.25623500347137 6.41063958406448 5.85269156098366 6.2832775041461 6.73047812283039 8.5092220544815 -9999 -9999 -9999 -9999 -9999 -9999 -9999 -9999
3.25960165262222 3.27648776769638 3.43336942791939 3.46129947900772 3.30435524880886 3.21098408102989 2.9102821201086 2.77190631628036 2.96178190410137 2.77678906917572 2.76638610087908 2.16230767965317 1.93341016310912 2.02215891617995 2.2334246635437 2.39161364848797 2.54519901367334 2.42733149803602 2.38057824281546 2.57329264970926 2.56541408025301 2.81212146465595 2.85935827401968 2.72384674732502 2.52155490104969 2.36269345191809 2.06751394271851 1.94868620804378 1.96611510004316 1.90983469145639 1.79824623891285 1.73350865926061 2.16264191040626 2.12171313592366 1.98640332313684 1.82616953207896 1.8746768959931 1.81413693611438 1.73149243684915 1.59295268242176 1.56954200451191 1.65240740776062 2.06717093632771 2.63592302799225 3.02840935266935 3.22094865945669 10.4216629196616 5.71551357782804 5.72268946354206 4.70088112354279 4.63793516159058 9.38155651092529 9.36935973167419 42.910879952567 -9999 -9999 -9999 -9999 -9999 -9999 -9999 -9999
11.9294940662384 4.63103875747094 4.14416405558586 4.21026650071144 4.96792584657669 4.08174535632133 3.62055492401123 3.86647337216597 3.37736983597279 3.33223340144524 2.742336837145 2.36318986690961 2.18671238422394 2.15433832773796 2.18074865066088 2.29374355536241 2.57184472450843 2.75990559504582 2.72737610798616 3.13079342671803 3.05979500825589 2.885924412654 2.62496308180002 2.48111860568707 2.25914272895226 2.17259655090479 2.04564455839304 1.82185942360333 1.76208957604 1.74992868304253 1.7267519065312 1.74759668111801 1.80920592867411 1.90469417401723 1.85598175866263 1.83885617439563 1.8491207407071 1.8359664449325 1.71678056166722 1.66622513074141 1.69220579128999 1.73471480149489 2.37404626607895 2.98876407513252 3.57760391785548 4.02547032099504 8.17928628019384 6.3670517206192 7.4864407380422 7.92492302258809 18.1772510210673 16.5768903096517 16.5978161493937 17.3702216148376 -9999 -9999 -9999 -9999 -9999 -9999 -9999 -9999
-9999 -9999 -9999 -9999 -9999 2.28387522697449 3.99794056415558 4.91109093597957 4.54708214906546 2.74002350866795 2.99967315563789 2.77474423555227 2.56628509668203 2.50729697942734 2.37602306787784 2.43456922586148 2.80601472121019 3.00459562815153 3.22342346395765 3.23887342214584 3.05129428420748 2.62990376582512 2.3792042365441 2.20410653719535 2.17421345527355 2.10560107001892 2.10404858680872 1.74297536270959 1.64284736343792 1.71677383354732 1.78600398302078 1.61773458123207 1.68139891965049 2.14357620477676 1.77585157981286 1.79983184887813 1.86388744299228 2.01277452707291 1.98897272806901 1.90893217233511 1.82335914098299 1.88769786632978 2.5413290812419 3.25118174919715 3.77756713903867 6.13746137619019 -9999 -9999 -9999 -9999 34.9342481374741 19.0145897070567 22.2040393352509 13.4269764820735 -9999 -9999 -9999 -9999 -9999 -9999 -9999 -9999
-9999 -9999 -9999 -9999 -9999 -9999 -9999 -9999 5.5373378441884 5.46960243811974 4.39610726099748 4.23016792994279 3.47071566031529 2.90394775684063 2.84476656180162 2.85246492807682 3.3543392760413 3.18472766876221 3.02508307354791 3.05716298307691 2.83291894197464 2.46589614794805 2.37593107498609 2.13607937949044 2.13608045237405 2.02746674844197 1.79938875777381 1.84493455716542 1.89421521765845 1.87059154680797 1.39976695638437 1.54035051969381 1.90801359139956 1.93219739198685 1.96781853070626 1.9586680989999 1.96227821478477 1.99847873816123 1.84060717546023 1.8591831097236 1.99957224038931 2.35540209366725 2.85863559062664 3.15463300851675 3.60710001908816 29.0682649612427 -9999 -9999 -9999 -9999 17.548882484436 16.7751276584772 14.3831081390381 16.3643083175023 18.13456594944 18.2260866165161 24.8098468780518 -9999 -9999 -9999 -9999 -9999
-9999 -9999 -9999 -9999 -9999 -9999 -9999 -9999 -9999 4.39772551059723 4.3427695952929 3.93434000015259 3.71742574068216 3.54142603507409 3.25022495709933 3.37648379802704 3.4285349387389 3.15912171772548 2.94526635748999 2.94545602798462 2.6967140691621 2.46860974175589 1.94315467561994 1.94407094376428 2.06247478723526 2.00603244985853 1.95436664138521 1.90205523797444 1.96596300601959 1.91475641727448 2.01718670981271 1.81868718679135 1.85214316386443 1.92496755948433 1.99981165849246 2.01176953774232 1.92445997549937 1.84998896488777 1.80797455402521 4.25577929615974 4.50448054075241 2.94750993985396 2.29855459928513 2.36566266417503 3.2921974842365 -9999 -9999 -9999 -9999 -9999 -9999 -9999 13.765321969986 14.1139447689056 11.4875973292759 11.2008782795497 10.8786277770996 -9999 -9999 -9999 -9999 -9999
-9999 -9999 -9999 -9999 -9999 -9999 -9999 -9999 -9999 4.3704868555069 3.81213239523081 3.54734384096586 3.62312579154968 3.70259130918063 3.71645312649863 3.70483221326556 3.59091746807098 3.17141481808254 2.92492609364646 2.78717156818935 2.4416720867157 2.17057414565768 2.14931768637437 2.16147761161511 2.00081109083616 1.9679260804103 1.86954581737518 1.84491601160594 1.80563502128308 1.78998683507626 1.88599645174467 1.8907227241076 1.92922787024425 1.3634043186903 1.2203376069665 1.20395532250404 1.34924155846238 1.95202697698887 1.81182587605256 2.08083758904384 5.22552280128002 2.27196811139584 2.57064060866833 2.62295705080032 4.10199730396271 33.0447750091553 -9999 -9999 -9999 10.5783099532127 13.8537425169578 11.2493809604645 9.73410235404968 23.5906963348389 19.9094040053231 15.1691153730665 14.555861387934 -9999 -9999 -9999 -9999 -9999
-9999 -9999 -9999 -9999 -9999 -9999 -9999 -9999 -9999 4.30188989639282 4.05483847398024 3.99920896383432 4.38981643744877 4.2915449993951 4.21994463035039 4.21663498878479 4.07854235172272 3.67257586547307 3.21809470653534 2.81204535279955 2.44750706638609 2.02964986222131 2.08029274298595 2.03595586923453 1.85480319995147 1.81306798641498 1.76867301188982 1.83329032934629 1.86240169176689 1.88241445101224 1.42691781371832 1.42663013190031 1.86782429309992 1.26222836226225 1.15171079151332 1.17600922100246 2.14925430371211 4.37315034866333 6.09501838684082 5.46612775325775 4.36599418520927 3.63379767537117 2.59487019479275 2.9515640437603 3.96252830028534 -9999 -9999 -9999 -9999 10.9721794923147 10.7227908074856 9.09917637018057 8.93881619893587 9.19231986082517 14.179948925972 -9999 -9999 -9999 -9999 -9999 -9999 -9999
-9999 -9999 -9999 -9999 -9999 -9999 -9999 -9999 -9999 3.67937564849854 4.40319797992706 3.02775995547955 3.0417649104045 4.33000797884805 4.12453625883375 4.06358216490064 3.7742976972035 3.57832952908107 3.2018472126552 2.90971153123038 2.36417944090707 1.97606525250844 1.79691427946091 1.94205405712128 2.46652227181655 4.45037232454006 1.81516411212774 1.80870212041415 2.10878748618639 2.36095239565923 1.82615262728471 1.77434867620468 1.72838185842221 1.80586028557557 1.88628298044205 2.06598703677838 5.89520923793316 8.65819476544857 7.86348930001259 4.64433340728283 3.65404383838177 3.78524059057236 2.51567162573338 3.84008040428162 3.86466658115387 -9999 -9999 -9999 -9999 -9999 10.5450139045715 9.51598882675171 9.83427980211046 10.1476942168342 -9999 -9999 -9999 -9999 -9999 -9999 -9999 -9999
-9999 -9999 -9999 -9999 -9999 -9999 -9999 -9999 -9999 5.05796625216802 3.87411852794535 1.50605434179306 3.48981100779313 4.08993361677442 4.01643873964037 3.24408286351424 3.22762015232673 3.31664090497153 3.11304473876953 2.88540979794094 2.3108030472483 1.97071404116494 1.21241609408305 1.18017419484945 1.20164982401408 1.84140460307782 1.81804789946629 1.84648678394464 1.77301759903248 1.68001091480255 1.70548499547518 1.73860586148042 1.87588611932901 1.92052565629666 2.01318837129153 4.77130247652531 7.91749693453312 6.22890941798687 3.76914525032043 3.47312605381012 3.45149919390678 3.702074021101 3.30386071938735 3.98749873638153 3.86466693878174 -9999 -9999 -9999 -9999 12.1949715614319 -9999 -9999 -9999 -9999 -9999 -9999 -9999 -9999 -9999 -9999 -9999 -9999
-9999 -9999 -9999 -9999 -9999 -9999 -9999 -9999 -9999 4.60394082466761 4.1637283002629 4.21494059562683 4.18589299065726 4.03085139819554 3.88825513766362 3.90544339326712 3.27545535564423 2.86523284230913 2.84028426238469 2.6136965581349 2.21188080310822 1.22809680379354 1.31041191518307 1.86203644367365 1.88534823747782 1.83694334672048 1.78899961709976 1.83427409483836 1.86581209989694 1.83548820018768 1.85814266021435 1.94393850748356 2.05685542179988 1.97524153727752 1.7267088339879 5.06053943932056 5.38758973777294 4.48263402283192 3.5832201987505 3.74773764610291 4.19570101797581 3.38994218752934 3.57239206937643 -9999 -9999 -9999 -9999 -9999 -9999 -9999 -9999 -9999 -9999 -9999 -9999 -9999 -9999 -9999 -9999 -9999 -9999 -9999
-9999 -9999 -9999 -9999 -9999 -9999 -9999 -9999 2.97445706345818 4.06795696651234 3.33052349090576 3.30106854438782 3.23903203010559 3.68231279509408 3.63308209639329 3.57439068647531 3.30674958229065 2.59726634195873 2.54404592514038 2.39822178227561 1.51961247737591 1.36037121369289 1.35608815401793 1.37846949696541 1.40586007386446 1.45712878555059 1.76179823508629 1.81904022051738 1.94532384780737 2.02572164627222 1.98349446058273 1.94929255430515 1.86933897091792 1.75641643084013 4.46093200147152 4.01778717339039 3.84203693270683 2.95901194214821 2.91518333554268 2.86005446314812 2.55730375647545 2.66682559251785 -9999 -9999 -9999 -9999 -9999 -9999 -9999 -9999 -9999 -9999 -9999 -9999 -9999 -9999 -9999 -9999 -9999 -9999 -9999 -9999
-9999 -9999 -9999 -9999 -9999 -9999 -9999 3.28386068344116 3.90201079845428 4.05743256737204 3.39433288574219 3.27671456336975 3.14167821407318 2.96642611576961 2.87623635622171 2.58967406933124 2.40985465049744 2.31367630224961 2.16590919664928 1.98614182642528 1.4788147136569 1.47430245578289 1.57723492383957 1.59999962151051 1.76338247152475 1.77330377010199 1.81727026517575 1.87482791222059 1.92813369402519 1.89995851883521 1.96940754010127 1.94886444623654 1.74994801557981 1.71183220927532 3.39325398206711 3.44123013317585 2.89231358468533 2.86475642025471 3.1836030036211 3.61218339204788 2.51936845108867 5.69786846637726 3.25656187534332 -9999 -9999 -9999 -9999 -9999 -9999 -9999 -9999 -9999 -9999 -9999 -9999 -9999 -9999 -9999 -9999 -9999 -9999 -9999
-9999 -9999 -9999 -9999 -9999 -9999 3.50743496417999 4.01638642110323 3.7197242975235 3.60533618927002 3.32861542701721 3.17435669898987 3.07685971260071 2.99294169132526 2.8630985388389 2.4892931672243 2.1948837683751 2.06615527318074 1.85062426328659 1.76479743208204 1.69830100811445 1.6746709392621 1.67722956033853 1.71070504188538 1.73455227338351 1.81278101756023 1.92332149468935 1.97894158271643 2.05540938102282 2.14240521192551 2.08643984794617 2.05039508067645 2.0328661432633 2.24624502658844 3.06297697126865 3.33781293034554 3.41662423312664 3.53114105761051 3.68852788209915 7.89501299460729 -9999 -9999 -9999 -9999 -9999 -9999 -9999 -9999 -9999 -9999 -9999 -9999 -9999 -9999 -9999 -9999 -9999 -9999 -9999 -9999 -9999 -9999
-9999 -9999 -9999 -9999 3.92414091615116 4.14949793815613 4.25079975128174 4.05808517932892 3.91854727268219 3.861311009952 2.9792183637619 2.91877496242523 3.28430240494864 2.316743181302 2.22809527929013 2.39041177715574 2.22144556045532 1.97787709747042 1.78769680431911 1.6681935106005 1.62138876089683 1.62177564547612 1.65991371411544 1.6754913513477 1.70610436567893 1.77749889630538 1.79274467059544 2.54326492547989 2.26603329181671 2.2101536989212 3.0001188787547 2.94666171073914 2.32698905467987 2.29111322760582 3.28321754932404 3.59983688592911 3.57320952415466 3.92944579465049 -9999 -9999 -9999 -9999 -9999 -9999 -9999 -9999 -9999 -9999 -9999 -9999 -9999 -9999 -9999 -9999 -9999 -9999 -9999 -9999 -9999 -9999 -9999 -9999
-9999 -9999 -9999 -9999 3.96172063140308 3.98750947581397 3.88754396438599 3.84429206848144 3.74706482887268 3.44052043982915 3.36491520064218 3.18084526062012 2.99697457041059 2.85737465960639 2.42286622524261 2.12892585141318 2.04446020296642 1.8499248453549 1.62137006796323 1.60868294422443 1.61910855311614 1.67505809893975 1.70425353141931 1.71931348855679 1.71519325788205 1.80588959730588 1.9658354979295 2.08668788579794 2.18803159679685 2.40462346374989 2.44316722452641 2.61966261267662 2.38569816946983 2.85375456511974 3.45520135760307 3.9847894356801 4.02089309692383 10.1554041329552 -9999 -9999 -9999 -9999 -9999 -9999 -9999 -9999 -9999 -9999 -9999 -9999 -9999 -9999 -9999 -9999 -9999 -9999 -9999 -9999 -9999 -9999 -9999 -9999
-9999 -9999 3.29921555519104 3.95033811289689 4.0324351650018 3.62371757626534 3.42952930927277 3.64195637702942 3.79766578674316 3.49669335569654 3.09819061415536 2.77525617395129 2.65119028942926 2.44473902668272 2.21431962081364 1.90705283199038 1.70604320934841 1.59154570954187 1.5539895937993 1.64907764471494 1.54486981779337 1.52606140822172 1.46863380819559 1.40924024581909 1.84536496034035 1.8875624354069 1.98997775866435 2.12102739627545 2.4302852664675 2.39809569487205 2.51518587882702 2.73693810059474 2.95947559063251 3.36106816621927 3.99071145057678 3.03195712566376 -9999 -9999 -9999 -9999 -9999 -9999 -9999 -9999 -9999 -9999 -9999 -9999 -9999 -9999 -9999 -9999 -9999 -9999 -9999 -9999 -9999 -9999 -9999 -9999 -9999 -9999
-9999 4.44835050191198 3.61897563934326 3.56967210769653 3.53382477760315 3.78387471607753 3.77325975894928 3.79391721316746 3.7247200523104 3.58703424249377 3.20424045835223 2.8132392168045 2.72668665647507 2.52964471067701 2.38422498794702 1.81199481395575 1.37140067724081 1.53237957220811 1.60709925798269 1.68786680239898 1.50425191223621 1.47986457496881 1.61466105282307 1.94223453104496 2.15461806150583 2.13616121732272 2.10983742658909 2.37096461227962 2.52457855428968 2.65767361109073 2.93051022291183 3.30938173715885 3.43424098766767 4.98377830826718 -9999 -9999 -9999 -9999 -9999 -9999 -9999 -9999 -9999 -9999 -9999 -9999 -9999 -9999 -9999 -9999 -9999 -9999 -9999 -9999 -9999 -9999 -9999 -9999 -9999 -9999 -9999 -9999
3.34567488729954 3.50872671604156 3.60385251045227 3.33652924001217 3.54002517920274 3.50450071004721 3.42137561394618 3.7662398815155 3.60409707682473 3.28958022594452 2.88532624074391 2.80952055113656 2.73724007606506 2.20390427112579 1.73734372002738 1.6281128014837 1.56534463625688 1.54296780549563 1.56620284685722 1.62223208867587 1.75323647260666 1.79317745337119 1.90174586039323 2.01256468204352 2.30393066576549 2.26773453610284 2.38624334335327 2.4348983338901 2.59057619741985 3.0617053600458 2.74410805918954 2.71725864302028 3.74396109580994 6.2003356218338 3.8062166902754 3.81793573167589 -9999 -9999 -9999 -9999 -9999 -9999 -9999 -9999 -9999 -9999 -9999 -9999 -9999 -9999 -9999 -9999 -9999 -9999 -9999 -9999 -9999 -9999 -9999 -9999 -9999 -9999
3.98950200814467 3.69517449232248 3.33004224300385 3.32274402678013 3.73207536110511 3.60685317332928 3.43891577537243 3.42930064751552 3.37962658064706 3.17034821850913 2.93701192310878 2.84573783193316 2.50080874136516 1.96568336657115 1.67761927843094 1.54541370698384 1.55029282399586 1.58377195256097 1.66799924203328 1.68306365183422 1.68973399911608 1.75626103367124 2.31475119590759 2.14785489210716 1.7185123488307 1.69646501541138 2.31327742338181 2.54254554850715 3.17026417596 3.52585647787367 5.85961937276941 -9999 -9999 -9999 -9999 -9999 -9999 -9999 -9999 -9999 -9999 -9999 -9999 -9999 -9999 -9999 -9999 -9999 -9999 -9999 -9999 -9999 -9999 -9999 -9999 -9999 -9999 -9999 -9999 -9999 -9999 -9999
4.6605988740921 4.36546126433781 3.86775414943695 4.24541013581412 3.7047697030581 3.7879798412323 3.76102495193481 3.32138550281525 3.31662678718567 3.36769136360713 3.09263489076069 2.52835375070572 1.85246844802584 1.58100493465151 1.47212625401361 1.49708532009806 1.52987827573504 1.68582091161183 1.76295064176832 1.80933566604342 1.85171165636608 2.03097763231822 1.91331664874003 2.06269910931587 2.20278716545839 2.41096326938042 3.24963344846453 3.47775042057037 3.70244458743504 3.71247958219968 3.96361362934113 3.74823020486271 -9999 -9999 -9999 -9999 -9999 -9999 -9999 12.6942715644836 -9999 -9999 -9999 -9999 -9999 -9999 -9999 -9999 -9999 -9999 -9999 -9999 -9999 -9999 -9999 -9999 -9999 -9999 -9999 -9999 -9999 -9999
4.39611248970032 4.51103663444519 4.69231195449829 3.90841236114502 3.75647272561726 3.9860568523407 3.66974008083344 3.3836864233017 3.22352921962738 2.81171172857285 2.12965613603592 1.75017458200455 1.5220759510994 1.4045193876539 1.43532805783408 1.50528825606619 1.56674311842237 1.7919601883207 1.95004493849618 2.03888705798558 2.16197674615043 2.22926891767062 2.33518728843102 2.23076116121732 2.76848576750074 2.70359276808225 2.87736230630141 2.968824835924 3.62600885118757 3.68418595790863 3.75732164382935 3.42093944549561 -9999 -9999 -9999 -9999 -9999 -9999 -9999 -9999 -9999 -9999 -9999 -9999 -9999 -9999 -9999 -9999 -9999 -9999 -9999 -9999 -9999 -9999 -9999 -9999 -9999 -9999 -9999 -9999 -9999 -9999
-9999 -9999 -9999 -9999 -9999 3.03136837482452 3.08724296092987 3.02110993862152 2.87158405780792 2.10333460569382 1.62294703722 1.43784859776497 1.40653602566038 1.4061168219362 1.36862042546272 1.45482617616653 1.60363280773163 1.85920834541321 1.91485017538071 1.93770760297775 1.92635282603177 2.14379076524214 2.79037348123697 3.50222189937319 6.01419585943222 18.7355097117631 4.18149375915527 -9999 -9999 -9999 -9999 -9999 -9999 -9999 -9999 -9999 -9999 -9999 -9999 -9999 -9999 -9999 -9999 -9999 -9999 -9999 -9999 -9999 -9999 -9999 -9999 -9999 -9999 -9999 -9999 -9999 -9999 -9999 -9999 -9999 -9999 -9999
-9999 -9999 -9999 -9999 -9999 3.9440199136734 2.53375178575516 2.40000993013382 1.86707031726837 2.45531205489085 1.5069243141583 1.45901275532586 1.52347044008119 1.60406513725008 1.83108592884881 2.06494144882475 1.88563817739487 2.10935324430466 2.21547329425812 2.20830059051514 2.09078407287598 2.18296873569489 2.24558061361313 2.62333798408508 -9999 -9999 -9999 -9999 -9999 -9999 -9999 -9999 -9999 -9999 -9999 -9999 -9999 -9999 -9999 -9999 -9999 -9999 -9999 -9999 -9999 -9999 -9999 -9999 -9999 -9999 -9999 -9999 -9999 -9999 -9999 -9999 -9999 -9999 -9999 -9999 -9999 -9999
