EcologicalScience/Bass/data/rs_data_bass/chl_482.asc
NCOLS 226 
NROWS 124 
XLLCORNER -9.41648524995501 
YLLCORNER 47.587301625531 
CELLSIZE 0.0833 
NODATA_value -9999 
[rows 54 to 80 of 124, columns 0 to 60 of 226]
-9999 -9999 -9999 -9999 -9999 -9999 -9999 -9999 -9999 -9999 -9999 -9999 -9999 -9999 -9999 -9999 -9999 -9999 -9999 -9999 -9999 -9999 -9999 -9999 -9999 -9999 -9999 -9999 -9999 -9999 -9999 -9999 -9999 -9999 -9999 -9999 -9999 -9999 5.66874321713391 10.2473373413086 2.94037771224976 3.02696871757507 1.75582337379456 1.46343818306923 1.28965017199516 0.973300248384476 0.956292986869812 1.21209928393364 1.25696325302124 0.981076240539551 0.912813663482666 0.849928379058838 0.912771105766296 1.02106028795242 1.20611187815666 1.68662631511688 2.47447890043259 2.98266917467117 3.8240464925766 0.607058599591255 0.62790758907795
-9999 -9999 -9999 -9999 -9999 -9999 -9999 -9999 -9999 -9999 -9999 -9999 -9999 -9999 -9999 -9999 -9999 -9999 -9999 -9999 -9999 -9999 -9999 -9999 -9999 -9999 -9999 -9999 -9999 -9999 -9999 -9999 -9999 -9999 -9999 -9999 -9999 -9999 -9999 5.34707272052765 5.09335577487946 4.29365837574005 2.68303155899048 2.62477201223373 2.2161757349968 1.63658845424652 1.41083917021751 1.31798896193504 1.1459105014801 1.00408235192299 0.894940137863159 0.815802276134491 0.921218991279602 1.11497783660889 1.30599617958069 1.4343469440937 1.61148816347122 2.74581730365753 -9999 -9999 -9999
-9999 -9999 -9999 -9999 -9999 -9999 -9999 -9999 -9999 -9999 -9999 -9999 -9999 -9999 -9999 -9999 -9999 -9999 -9999 -9999 -9999 -9999 -9999 -9999 -9999 -9999 -9999 -9999 -9999 -9999 -9999 -9999 -9999 -9999 -9999 -9999 -9999 -9999 -9999 5.90361678600311 4.71646106243134 3.9926176071167 2.43986892700195 2.49699944257736 2.50721579790115 2.06488412618637 1.45596814155579 1.02516558766365 1.03818368911743 1.17420145869255 1.05769935250282 0.937693566083908 1.0132699906826 1.23241505026817 1.399304240942 1.34390509128571 1.49761685729027 1.57784593105316 1.55142617225647 1.65724718570709 -9999
-9999 -9999 -9999 -9999 -9999 -9999 -9999 -9999 -9999 -9999 -9999 -9999 -9999 -9999 -9999 -9999 -9999 -9999 -9999 -9999 -9999 -9999 -9999 -9999 -9999 -9999 -9999 -9999 -9999 -9999 -9999 -9999 -9999 -9999 -9999 -9999 -9999 -9999 -9999 -9999 5.14293658733368 3.98442578315735 3.10060107707977 3.21096324920654 2.81166332960129 2.17259949445724 1.49635711312294 1.31005507707596 1.07678756117821 1.12506499886513 1.08495649695396 0.959664970636368 1.05989697575569 1.17006969451904 1.21947777271271 1.25869899988174 1.54299741983414 1.84241169691086 2.25028324127197 2.93221879005432 3.18706440925598
-9999 -9999 -9999 -9999 -9999 -9999 -9999 -9999 -9999 -9999 -9999 -9999 -9999 -9999 -9999 -9999 -9999 -9999 -9999 -9999 -9999 -9999 -9999 -9999 -9999 -9999 -9999 -9999 -9999 -9999 -9999 -9999 -9999 -9999 -9999 -9999 -9999 -9999 -9999 -9999 3.76723158359528 3.53520548343658 3.07401967048645 3.30003476142883 2.9187251329422 2.19300591945648 1.52350562810898 1.37825345993042 1.37976604700089 1.26846009492874 1.01699781417847 0.875901371240616 0.960627436637878 1.06158730387688 1.16574910283089 1.38069587945938 1.60232019424438 1.92540121078491 2.19530957937241 2.22025984525681 2.19698613882065
-9999 -9999 -9999 -9999 -9999 -9999 -9999 -9999 -9999 -9999 -9999 -9999 -9999 -9999 -9999 -9999 -9999 -9999 -9999 -9999 -9999 -9999 -9999 -9999 -9999 -9999 -9999 -9999 -9999 -9999 -9999 -9999 -9999 -9999 -9999 -9999 -9999 -9999 -9999 -9999 3.55142104625702 3.21611702442169 2.8302213549614 2.794897377491 2.72463351488113 2.14233130216599 1.89470118284225 1.67424219846725 1.54547971487045 1.24487981200218 1.03949698805809 0.937079161405563 0.93855294585228 1.06554365158081 1.12039598822594 1.23156121373177 1.92241930961609 2.68078672885895 2.71944576501846 2.68152093887329 -9999
-9999 -9999 -9999 -9999 -9999 -9999 -9999 -9999 -9999 -9999 -9999 -9999 -9999 -9999 -9999 -9999 -9999 -9999 -9999 -9999 -9999 -9999 -9999 -9999 -9999 -9999 -9999 -9999 -9999 -9999 -9999 -9999 -9999 -9999 -9999 -9999 -9999 -9999 -9999 -9999 2.69438999891281 2.75100034475327 2.43969225883484 2.31392616033554 1.90880566835403 1.43858921527863 1.44620820879936 1.38010105490685 1.24644112586975 1.10756009817123 1.07925251126289 1.05603468418121 1.0094878077507 1.08547961711884 1.22266459465027 1.44059452414513 1.84776216745377 -9999 -9999 1.29409217834473 1.07006344199181
-9999 -9999 -9999 -9999 -9999 -9999 -9999 -9999 -9999 -9999 -9999 -9999 -9999 -9999 -9999 -9999 -9999 -9999 -9999 -9999 -9999 -9999 -9999 -9999 -9999 -9999 -9999 -9999 -9999 -9999 -9999 -9999 -9999 -9999 -9999 -9999 -9999 -9999 -9999 2.35167074203491 2.41854929924011 2.23193693161011 1.92246598005295 1.56130599975586 1.35681563615799 1.28945070505142 1.38319650292397 1.28735652565956 1.31160432100296 1.26382505893707 1.20646530389786 1.11234265565872 1.07220232486725 1.1368932723999 1.23625409603119 1.57032626867294 2.24852818250656 2.88025242090225 3.35431265830994 2.35235112905502 1.62254673242569
-9999 -9999 -9999 -9999 -9999 -9999 -9999 -9999 -9999 -9999 -9999 -9999 -9999 -9999 -9999 -9999 -9999 -9999 -9999 -9999 -9999 -9999 -9999 -9999 -9999 -9999 -9999 -9999 -9999 -9999 -9999 -9999 -9999 -9999 -9999 -9999 -9999 -9999 -9999 2.40127766132355 1.88647252321243 1.80666142702103 1.4362605214119 1.19660443067551 1.20522299408913 1.32466319203377 1.37200301885605 1.29686316847801 1.44932940602303 1.36370354890823 1.18265694379807 1.10877621173859 1.14327746629715 1.23329892754555 1.34226661920547 1.63439244031906 1.90829032659531 2.09366798400879 2.61589443683624 2.29640489816666 1.88216954469681
-9999 -9999 -9999 -9999 -9999 -9999 -9999 -9999 -9999 -9999 -9999 -9999 -9999 -9999 -9999 -9999 -9999 -9999 -9999 -9999 -9999 -9999 -9999 -9999 -9999 -9999 -9999 -9999 -9999 -9999 -9999 -9999 -9999 -9999 -9999 -9999 -9999 -9999 3.20398664474487 2.53292602300644 1.70245385169983 1.47777798771858 1.36821395158768 1.15528804063797 1.05782094597816 1.26001819968224 1.39982575178146 1.35558807849884 1.34054294228554 1.14306047558784 1.35673731565475 1.5278325676918 1.52541071176529 1.4509704709053 1.42841899394989 1.59943950176239 1.76110464334488 2.11194258928299 2.18274182081223 1.91358035802841 1.67274677753448
-9999 -9999 -9999 -9999 -9999 -9999 -9999 -9999 -9999 -9999 -9999 -9999 -9999 -9999 -9999 -9999 -9999 -9999 -9999 -9999 -9999 -9999 -9999 -9999 -9999 -9999 -9999 -9999 -9999 -9999 -9999 -9999 -9999 -9999 -9999 -9999 -9999 -9999 2.63746190071106 2.46683263778687 1.54315888881683 1.09886920452118 0.992992848157883 0.921102046966553 1.01629257202148 1.19656026363373 1.16380414366722 1.14607304334641 0.993452489376068 1.21388241648674 1.70477950572968 1.56355959177017 1.38240829110146 1.41342079639435 1.63161528110504 2.10613006353378 2.05057275295258 1.95385909080505 1.77178394794464 1.47043007612228 1.11658564209938
-9999 -9999 -9999 -9999 -9999 -9999 -9999 -9999 -9999 -9999 -9999 -9999 -9999 -9999 -9999 -9999 -9999 -9999 -9999 -9999 -9999 -9999 -9999 -9999 -9999 -9999 -9999 -9999 -9999 -9999 -9999 -9999 -9999 -9999 -9999 -9999 -9999 3.0540246963501 2.91314274072647 1.9912816286087 1.38288974761963 1.18072226643562 1.07384017109871 1.07008722424507 1.09726703166962 1.09628793597221 0.995792001485825 0.886488318443298 0.889647871255875 1.33223775029182 1.84032386541367 1.86923629045486 1.80076628923416 1.95051974058151 2.27891153097153 2.13268518447876 1.5433993935585 1.12116846442223 0.915036588907242 0.862323671579361 0.885176718235016
-9999 -9999 -9999 -9999 -9999 -9999 -9999 -9999 -9999 -9999 -9999 -9999 -9999 -9999 -9999 -9999 -9999 -9999 -9999 -9999 -9999 -9999 -9999 -9999 -9999 -9999 -9999 -9999 -9999 -9999 -9999 -9999 -9999 -9999 -9999 -9999 1.59200727939606 2.0986288189888 2.33147263526917 1.93772274255753 1.55525118112564 1.35504251718521 1.16957983374596 1.14491987228394 1.10914903879166 0.898054629564285 0.80462059378624 0.850133836269379 1.01867079734802 1.38541334867477 1.56655186414719 1.46963855624199 1.38206630945206 1.39145717024803 1.40184286236763 1.14945781230927 0.873745143413544 0.727914467453957 0.672223761677742 0.741713270545006 0.875736862421036
-9999 -9999 -9999 -9999 -9999 -9999 -9999 -9999 -9999 -9999 -9999 -9999 -9999 -9999 -9999 -9999 -9999 -9999 -9999 -9999 -9999 -9999 -9999 -9999 -9999 -9999 -9999 -9999 -9999 -9999 -9999 -9999 -9999 -9999 -9999 -9999 2.19139319658279 2.25920712947845 2.07437092065811 1.84797817468643 1.67790949344635 1.24716183543205 1.06761476397514 0.968941032886505 0.863027393817902 0.825890064239502 0.923278391361237 1.06501972675323 1.23896044492722 1.39925175905228 1.59680181741714 1.61339682340622 1.4686381816864 1.27379223704338 1.17684406042099 1.05781817436218 0.846704989671707 0.692216500639915 0.669439539313316 0.699339732527733 0.986635118722916
-9999 -9999 -9999 -9999 -9999 -9999 -9999 -9999 -9999 -9999 -9999 -9999 -9999 -9999 -9999 -9999 -9999 -9999 -9999 -9999 -9999 -9999 -9999 -9999 -9999 -9999 -9999 -9999 -9999 -9999 -9999 3.73098790645599 0.944574952125549 0.944574952125549 2.10493344068527 2.03354875264189 1.70986068248749 2.05709034204483 2.06217509508133 1.68253201246262 1.31626465916634 0.988693356513977 0.922847092151642 0.859735518693924 0.813737243413925 0.814388573169708 0.88834735751152 1.02149328589439 1.33739751577377 1.85378444194794 1.94714605808258 2.25467312335968 2.06495332717896 1.53236156702042 1.35556375980377 1.24506774544716 1.26736852526665 1.27734231948853 1.17181554436684 1.00416630506516 0.946569174528122
-9999 -9999 -9999 -9999 -9999 -9999 -9999 -9999 -9999 -9999 -9999 -9999 -9999 -9999 -9999 -9999 -9999 -9999 -9999 -9999 -9999 -9999 0.346259817481041 1.43389168381691 1.39719226956367 1.44249200820923 2.547747194767 2.12314832210541 1.86373472213745 1.60998505353928 1.54281288385391 1.55133873224258 1.49665716290474 1.57183599472046 1.91661214828491 2.21656966209412 2.10134518146515 1.78146296739578 1.43743550777435 1.24738141894341 1.08887100219727 0.97760483622551 0.884541481733322 0.77640500664711 0.748883530497551 0.791834324598312 0.861305594444275 0.954498946666718 1.2785327732563 1.66059225797653 1.82010179758072 1.81361246109009 1.98171848058701 2.20774447917938 2.34575539827347 2.27237623929977 2.86246919631958 3.77677595615387 3.52723824977875 -9999 -9999
-9999 -9999 -9999 -9999 -9999 -9999 -9999 -9999 -9999 -9999 -9999 -9999 -9999 -9999 -9999 -9999 -9999 -9999 -9999 -9999 -9999 -9999 1.1435618698597 0.790857285261154 0.670199766755104 0.669734537601471 0.685598731040955 0.953426241874695 1.30515334010124 1.42576262354851 1.3683266043663 1.41528591513634 1.40709042549133 1.53232222795486 1.59483522176743 1.55662733316422 1.47202008962631 1.39989200234413 1.22566983103752 1.07902246713638 1.03569120168686 0.965982735157013 0.828785061836243 0.76018899679184 0.785691440105438 0.873674690723419 0.992798119783401 1.24275022745132 1.51229614019394 1.7591757774353 1.68374955654144 1.68521440029144 1.92119497060776 2.20539253950119 2.68462908267975 3.63582444190979 -9999 -9999 -9999 -9999 -9999
-9999 -9999 -9999 -9999 -9999 -9999 -9999 -9999 -9999 -9999 -9999 -9999 -9999 -9999 -9999 -9999 -9999 -9999 -9999 1.56104834963168 1.31050819158554 0.822157770395279 0.649367138743401 0.434524297714233 0.392234086990356 0.417561337351799 0.487627431750298 0.830225586891174 1.05487552285194 0.935199469327927 0.940811991691589 0.935921341180801 1.03346282243729 1.25510519742966 1.34907388687134 1.46600335836411 1.40296223759651 1.42777714133263 1.49952962994576 1.38756448030472 1.19697135686874 1.0968981385231 1.05946424603462 0.980072379112244 0.960644513368607 1.01189535856247 1.19704788923264 1.45649617910385 1.67299085855484 1.82383418083191 1.84055399894714 2.0036113858223 -9999 -9999 -9999 -9999 -9999 -9999 -9999 -9999 -9999
-9999 -9999 -9999 -9999 -9999 -9999 -9999 -9999 -9999 -9999 -9999 -9999 -9999 -9999 -9999 -9999 -9999 4.48442316055298 0.985841989517212 0.730715855956078 0.642971187829971 0.456049382686615 0.382525160908699 0.362527683377266 0.35851775854826 0.354004293680191 0.377738311886787 0.520561337471008 0.553798645734787 0.499907210469246 0.593302264809608 0.707678362727165 0.910165429115295 1.0837330520153 1.25933459401131 1.42970368266106 1.59423923492432 1.7214133143425 1.610426902771 1.35999575257301 1.17663422226906 1.12881329655647 1.18038055300713 1.31823197007179 1.37133666872978 1.23786547780037 1.38910076022148 1.75449496507645 2.1148077249527 1.68543112277985 1.53734850883484 1.50760120153427 -9999 -9999 -9999 -9999 -9999 -9999 -9999 -9999 -9999
-9999 -9999 -9999 -9999 -9999 -9999 -9999 -9999 -9999 -9999 -9999 -9999 -9999 -9999 0.431304171681404 1.22278046607971 2.32332211732864 1.09019538760185 0.637654066085815 0.414162710309029 0.427650913596153 0.364593699574471 0.346697084605694 0.351661719381809 0.346615098416805 0.349108211696148 0.351938188076019 0.370750285685062 0.407382041215897 0.472068607807159 0.557961702346802 0.674521297216415 0.785470604896545 0.906347304582596 1.09372061491013 1.30990040302277 1.52221637964249 1.4559161067009 1.28637769818306 1.08660274744034 0.986825287342072 0.997410714626312 1.1502031981945 1.32623916864395 1.42819860577583 1.38171216845512 1.62461596727371 1.87680906057358 1.82703101634979 2.78290683031082 12.567883014679 62.7140979766846 -9999 -9999 -9999 -9999 -9999 -9999 -9999 -9999 -9999
-9999 -9999 -9999 -9999 -9999 -9999 -9999 -9999 -9999 -9999 -9999 3.60088312625885 1.21089506149292 0.742322400212288 0.46406914293766 0.496897593140602 0.718268930912018 0.648212358355522 0.453859135508537 0.345189839601517 0.322345711290836 0.327025964856148 0.337200164794922 0.342422693967819 0.350676208734512 0.389636904001236 0.402483925223351 0.371564872562885 0.373157881200314 0.416275396943092 0.525010004639626 0.674008637666702 0.761563986539841 0.853788167238235 0.986060410737991 1.19913294911385 1.36433351039886 1.25882703065872 1.06756621599197 0.897966474294662 0.836598247289658 0.802727848291397 0.901962250471115 1.21373301744461 1.32228872179985 1.44491145014763 1.71237176656723 1.96530050039291 1.9006222486496 1.69112437963486 1.74968218803406 -9999 -9999 -9999 -9999 -9999 -9999 2.13780784606934 1.75060683488846 3.44152808189392 5.08402705192566
-9999 -9999 -9999 -9999 -9999 -9999 -9999 -9999 -9999 0.45885095000267 0.353342056274414 0.603778928518295 0.567198112607002 0.497292414307594 0.42496132850647 0.382171019911766 0.339512251317501 0.328597493469715 0.318623766303062 0.324944771826267 0.325106263160706 0.334644421935081 0.346497014164925 0.350012764334679 0.367065846920013 0.4223672747612 0.47492042183876 0.474794626235962 0.464739248156548 0.496462181210518 0.546230658888817 0.609156891703606 0.652095526456833 0.717351168394089 0.794688820838928 0.897992312908173 0.974443674087524 0.953241527080536 0.777823448181152 0.642036437988281 0.60748989880085 0.625995174050331 0.750202417373657 1.0619215965271 1.30358245968819 1.41444504261017 1.59034413099289 1.65253525972366 1.60671275854111 1.70422339439392 1.75151699781418 1.46167427301407 1.47944158315659 2.33583623170853 6.01021188497543 1.50505685806274 1.38189920783043 1.40625473856926 1.65195769071579 1.85383254289627 2.23830395936966
-9999 -9999 -9999 -9999 -9999 0.600111365318298 0.41105805337429 0.411720246076584 0.416667133569717 0.473548248410225 0.454873323440552 0.359100244939327 0.315719604492188 0.302977234125137 0.302335649728775 0.303167156875134 0.300247952342033 0.297175258398056 0.319336496293545 0.340836726129055 0.360663838684559 0.385886371135712 0.386208236217499 0.381240963935852 0.393823027610779 0.401462540030479 0.439994975924492 0.487632930278778 0.518369793891907 0.5590990036726 0.569877192378044 0.582106366753578 0.601870536804199 0.615462988615036 0.633504822850227 0.678643226623535 0.709385141730309 0.682553619146347 0.618799120187759 0.569026619195938 0.541001334786415 0.544852092862129 0.601529762148857 0.750708997249603 0.955957978963852 1.13205429911613 1.30010730028152 1.47488844394684 1.59168756008148 1.59090095758438 1.58524668216705 1.50344699621201 1.49374598264694 1.61202031373978 1.62715405225754 1.59190732240677 1.59464997053146 1.69892174005508 1.96760308742523 2.56010001897812 3.72947859764099
-9999 -9999 -9999 -9999 -9999 0.398044556379318 0.392370387911797 0.396060258150101 0.405533507466316 0.404799565672874 0.376459389925003 0.339042149484158 0.324099808931351 0.315523736178875 0.317525424063206 0.313547238707542 0.312273479998112 0.313445203006268 0.314094319939613 0.326984994113445 0.366397373378277 0.422753378748894 0.446095302700996 0.447717323899269 0.423098802566528 0.431570693850517 0.447514414787292 0.466214418411255 0.49971279501915 0.536458522081375 0.559262529015541 0.570417433977127 0.568959832191467 0.579236626625061 0.587513521313667 0.57008421421051 0.574010699987411 0.579597875475883 0.580579295754433 0.579904764890671 0.57963140308857 0.553111553192139 0.497770115733147 0.516123399138451 0.587001264095306 0.595148250460625 0.625309601426125 0.673326954245567 0.752633661031723 0.934517294168472 1.0758925974369 1.11553135514259 1.13543969392776 1.13706091046333 1.12192055583 1.15624076128006 1.33350053429604 1.55665272474289 1.62469232082367 1.64740598201752 1.76369959115982
-9999 -9999 -9999 -9999 -9999 0.339099057018757 0.362931579351425 0.369230769574642 0.315460547804832 0.295741260051727 0.290265753865242 0.292719438672066 0.309927307069302 0.316164739429951 0.309384696185589 0.313637495040894 0.321549743413925 0.321357361972332 0.316826909780502 0.331205382943153 0.349308259785175 0.43168106675148 0.5103809684515 0.510734260082245 0.496681362390518 0.467155292630196 0.451642334461212 0.461825519800186 0.496446043252945 0.540283754467964 0.558918178081512 0.582632392644882 0.603234216570854 0.626839444041252 0.659258231520653 0.634808957576752 0.630652472376823 0.610703364014626 0.56808690726757 0.52920113503933 0.522744789719582 0.559613943099976 0.559170931577682 0.515053868293762 0.474883452057838 0.462640821933746 0.482041999697685 0.495548129081726 0.501514077186584 0.502407342195511 0.509514883160591 0.512486904859543 0.551308706402779 0.592454597353935 0.630483895540237 0.702990397810936 0.823091179132462 1.11652413010597 1.33219707012177 1.38813266158104 1.36182609200478
-9999 -9999 -9999 -9999 -9999 0.253846652805805 0.248373582959175 0.254487633705139 0.263108924031258 0.264935821294785 0.276951022446156 0.301137261092663 0.335819721221924 0.33571283519268 0.324266441166401 0.322517864406109 0.354809783399105 0.374016970396042 0.368890441954136 0.380233481526375 0.41226164996624 0.491084218025208 0.572284832596779 0.584742620587349 0.568689823150635 0.539787948131561 0.500496134161949 0.470607340335846 0.479618579149246 0.517299771308899 0.551161408424377 0.572534009814262 0.5950777977705 0.608413964509964 0.610610336065292 0.596347644925117 0.585007980465889 0.558674946427345 0.513312354683876 0.467339113354683 0.433435365557671 0.431925058364868 0.479390859603882 0.54037182033062 0.600683122873306 0.620045810937881 0.587323486804962 0.556138873100281 0.523397415876389 0.534624293446541 0.548474103212357 0.499709039926529 0.485715463757515 0.50701667368412 0.531817361712456 0.594282925128937 0.651987388730049 0.697474434971809 0.812084555625916 1.03107610344887 1.6048675775528
-9999 -9999 -9999 -9999 -9999 0.262999579310417 0.259645879268646 0.272686399519444 0.29173468798399 0.297950193285942 0.298077821731567 0.346867628395557 0.40935306251049 0.429315403103828 0.416566550731659 0.428950399160385 0.454405680298805 0.478665679693222 0.446208581328392 0.41065402328968 0.472454041242599 0.557573318481445 0.626594290137291 0.642545431852341 0.639740779995918 0.623707205057144 0.590672180056572 0.550782144069672 0.534417986869812 0.535293594002724 0.554492399096489 0.587798684835434 0.643061086535454 0.68132109940052 0.674782007932663 0.643710717558861 0.589944541454315 0.546429008245468 0.504828572273254 0.43497571349144 0.397088840603828 0.373963169753551 0.354184292256832 0.374639488756657 0.423539757728577 0.461745992302895 0.464789494872093 0.484813570976257 0.515474930405617 0.535490870475769 0.47865928709507 0.458722829818726 0.443699866533279 0.440606519579887 0.547515571117401 0.656529083848 0.743827119469643 0.789555162191391 0.776211261749268 0.761557102203369 0.85971674323082
