EcologicalScience/Bass/data/rs_data_bass/chl_35.asc
NCOLS 226 
NROWS 124 
XLLCORNER -9.41648524995501 
YLLCORNER 47.587301625531 
CELLSIZE 0.0833 
NODATA_value -9999 
[rows 56 to 83 of 124, columns 0 to 61 of 226]
-9999 -9999 -9999 -9999 -9999 -9999 -9999 -9999 -9999 -9999 -9999 -9999 -9999 -9999 -9999 -9999 -9999 -9999 -9999 -9999 -9999 -9999 -9999 -9999 -9999 -9999 -9999 -9999 -9999 -9999 -9999 -9999 -9999 -9999 -9999 -9999 -9999 -9999 -9999 -9999 2.05279460549355 1.81711757183075 1.94302421808243 1.77983397245407 1.71436643600464 1.54107302427292 1.57824379205704 1.42369276285172 1.40761345624924 1.51373255252838 1.25867700576782 1.42475178837776 1.62227475643158 1.62972593307495 1.85664600133896 2.02222716808319 2.36699169874191 2.48138022422791 2.5806013584137 -9999 -9999 -9999
-9999 -9999 -9999 -9999 -9999 -9999 -9999 -9999 -9999 -9999 -9999 -9999 -9999 -9999 -9999 -9999 -9999 -9999 -9999 -9999 -9999 -9999 -9999 -9999 -9999 -9999 -9999 -9999 -9999 -9999 -9999 -9999 -9999 -9999 -9999 -9999 -9999 -9999 -9999 -9999 1.70297715067863 1.82791149616241 1.99913549423218 1.89157193899155 1.91323417425156 1.80892199277878 1.59822750091553 1.61239421367645 1.66126728057861 1.60448402166367 1.38268196582794 1.33752751350403 1.46144923567772 1.48363423347473 1.61406379938126 1.72845411300659 1.72285348176956 2.13457310199738 2.57241359353065 3.18661084771156 15.3341683510103 -9999
-9999 -9999 -9999 -9999 -9999 -9999 -9999 -9999 -9999 -9999 -9999 -9999 -9999 -9999 -9999 -9999 -9999 -9999 -9999 -9999 -9999 -9999 -9999 -9999 -9999 -9999 -9999 -9999 -9999 -9999 -9999 -9999 -9999 -9999 -9999 -9999 -9999 -9999 -9999 -9999 -9999 1.88525059819221 1.70943376421928 1.8023886680603 1.8514312505722 2.04569256305695 1.61874067783356 1.81547623872757 1.85184681415558 1.77195292711258 1.52555698156357 1.31994527578354 1.40440571308136 1.37125727534294 1.2215947508812 1.79490369558334 1.55702483654022 1.70405173301697 2.33245718479156 2.32330119609833 4.01387518644333 -9999
-9999 -9999 -9999 -9999 -9999 -9999 -9999 -9999 -9999 -9999 -9999 -9999 -9999 -9999 -9999 -9999 -9999 -9999 -9999 -9999 -9999 -9999 -9999 -9999 -9999 -9999 -9999 -9999 -9999 -9999 -9999 -9999 -9999 -9999 -9999 -9999 -9999 -9999 -9999 -9999 -9999 2.88266952037811 2.09142225980759 1.99552389979362 1.99496483802795 1.53510001301765 1.69420355558395 1.85449576377869 1.82018852233887 1.88089281320572 1.49329948425293 1.31712976098061 1.38601729273796 1.44135224819183 2.13446617126465 1.92987602949142 1.75443077087402 1.8834299325943 2.47270649671555 -9999 -9999 -9999
-9999 -9999 -9999 -9999 -9999 -9999 -9999 -9999 -9999 -9999 -9999 -9999 -9999 -9999 -9999 -9999 -9999 -9999 -9999 -9999 -9999 -9999 -9999 -9999 -9999 -9999 -9999 -9999 -9999 -9999 -9999 -9999 -9999 -9999 -9999 -9999 -9999 -9999 -9999 -9999 2.40084837377071 2.04184967279434 2.35949921607971 1.64223562180996 1.56080022454262 1.4750339537859 1.81698220968246 1.85500574111938 1.68590480089188 1.75868922472 1.46544975042343 1.40273997187614 1.51834201812744 1.53578478097916 1.90757542848587 2.02247107028961 2.1172748208046 -9999 -9999 3.68149799108505 2.96571904420853 3.08452892303467
-9999 -9999 -9999 -9999 -9999 -9999 -9999 -9999 -9999 -9999 -9999 -9999 -9999 -9999 -9999 -9999 -9999 -9999 -9999 -9999 -9999 -9999 -9999 -9999 -9999 -9999 -9999 -9999 -9999 -9999 -9999 -9999 -9999 -9999 -9999 -9999 -9999 -9999 -9999 3.18483159542084 1.66745062172413 1.62374643981457 1.64064373075962 2.32618582248688 1.70208066701889 1.33357840776443 1.6029531955719 1.63797301054001 1.50729149580002 1.5007027387619 1.35792303085327 1.4108422100544 1.45043849945068 1.59885442256927 1.91894924640656 2.53486651182175 2.58287107944489 2.50193470716476 2.1352387368679 2.82904583215714 2.62214541435242 2.65008527040482
-9999 -9999 -9999 -9999 -9999 -9999 -9999 -9999 -9999 -9999 -9999 -9999 -9999 -9999 -9999 -9999 -9999 -9999 -9999 -9999 -9999 -9999 -9999 -9999 -9999 -9999 -9999 -9999 -9999 -9999 -9999 -9999 -9999 -9999 -9999 -9999 -9999 -9999 -9999 2.52250158786774 2.02423506975174 2.00091594457626 1.77638322114944 1.41660377383232 1.46440878510475 1.46748447418213 1.57477355003357 1.35906672477722 0.999299615621567 0.923769727349281 1.47137099504471 0.93391840159893 1.8513171672821 1.90356749296188 1.82455193996429 1.92524242401123 2.27149271965027 2.35726207494736 2.33487457036972 2.49835270643234 2.66696923971176 2.49836671352386
-9999 -9999 -9999 -9999 -9999 -9999 -9999 -9999 -9999 -9999 -9999 -9999 -9999 -9999 -9999 -9999 -9999 -9999 -9999 -9999 -9999 -9999 -9999 -9999 -9999 -9999 -9999 -9999 -9999 -9999 -9999 -9999 -9999 -9999 -9999 -9999 -9999 -9999 2.20565557479858 2.12899732589722 1.86898130178452 1.86003971099854 1.55758041143417 1.21711653470993 1.31271895766258 1.52065873146057 1.55118441581726 1.08125549554825 1.00906535983086 0.895928263664246 1.38510078191757 1.53399682044983 1.76212656497955 1.80727797746658 1.93231576681137 1.55954557657242 1.85292971134186 1.94414150714874 2.09412908554077 2.47879868745804 2.65595769882202 2.20655545592308
-9999 -9999 -9999 -9999 -9999 -9999 -9999 -9999 -9999 -9999 -9999 -9999 -9999 -9999 -9999 -9999 -9999 -9999 -9999 -9999 -9999 -9999 -9999 -9999 -9999 -9999 -9999 -9999 -9999 -9999 -9999 -9999 -9999 -9999 -9999 -9999 -9999 -9999 2.0717933177948 1.93570125102997 1.99684506654739 1.2584565281868 1.47911775112152 1.13074797391891 1.04018622636795 1.10362087190151 0.982011750340462 0.952375888824463 0.884061008691788 0.821023508906364 1.34585103392601 1.61119508743286 1.68148577213287 1.67208606004715 1.74231308698654 1.42742103338242 1.48268097639084 1.50375933945179 1.71136724948883 1.86465400457382 1.74947740137577 2.04049426317215
-9999 -9999 -9999 -9999 -9999 -9999 -9999 -9999 -9999 -9999 -9999 -9999 -9999 -9999 -9999 -9999 -9999 -9999 -9999 -9999 -9999 -9999 -9999 -9999 -9999 -9999 -9999 -9999 -9999 -9999 -9999 -9999 -9999 -9999 -9999 -9999 -9999 -9999 1.90281750261784 1.63069117069244 1.51696121692657 1.16599461436272 1.01094634830952 0.96061085164547 0.936724126338959 0.900853514671326 0.868247285485268 0.81071774661541 0.80282811820507 0.815066993236542 0.883164346218109 1.6483628153801 1.73719722032547 1.72014373540878 1.10845649242401 1.15248486399651 1.26819026470184 1.35443449020386 1.13928224891424 1.77564346790314 2.03175922483206 2.70562970638275
-9999 -9999 -9999 -9999 -9999 -9999 -9999 -9999 -9999 -9999 -9999 -9999 -9999 -9999 -9999 -9999 -9999 -9999 -9999 -9999 -9999 -9999 -9999 -9999 -9999 -9999 -9999 -9999 -9999 -9999 -9999 -9999 -9999 -9999 -9999 -9999 -9999 1.94330401718616 1.9799040555954 1.50038856267929 1.38566029071808 1.35897526144981 1.32967346906662 1.29935547709465 0.806406363844872 1.11619046330452 1.16866573691368 0.745693489909172 0.832864120602608 0.981438785791397 0.915950283408165 1.6759740114212 1.66183054447174 1.16547109186649 1.19028072059155 1.1531677544117 1.17134289443493 1.17103749513626 1.45120996236801 1.61335349082947 2.00060850381851 2.33171254396439
-9999 -9999 -9999 -9999 -9999 -9999 -9999 -9999 -9999 -9999 -9999 -9999 -9999 -9999 -9999 -9999 -9999 -9999 -9999 -9999 -9999 -9999 -9999 -9999 -9999 -9999 -9999 -9999 -9999 -9999 -9999 -9999 -9999 -9999 -9999 -9999 3.7362478814627 1.77209919691086 1.73660391569138 1.46210253238678 1.35325652360916 1.323216766119 1.32350099086761 1.227419257164 1.05501303076744 1.05012971162796 0.690465733408928 0.733021125197411 0.852585732936859 0.909517496824265 0.948621734976768 1.02627561986446 1.06679740548134 1.11858563125134 1.22377087175846 1.26045490801334 1.49675726890564 1.37420547008514 1.65967345237732 1.83178848028183 1.87368023395538 2.45901838415547
-9999 -9999 -9999 -9999 -9999 -9999 -9999 -9999 -9999 -9999 -9999 -9999 -9999 -9999 -9999 -9999 -9999 -9999 -9999 -9999 -9999 -9999 -9999 -9999 -9999 -9999 -9999 -9999 -9999 -9999 -9999 1.48786497116089 1.36300219098727 -9999 2.10493344068527 -9999 1.96119852249439 1.71504002809525 1.45214778184891 1.33123952150345 1.29742947220802 1.22539427876472 1.15209004282951 1.11748874187469 1.09230002760887 1.12685322761536 0.805265724658966 0.828156501054764 0.864346474409103 0.924451902508736 0.97969762980938 1.02294073998928 1.15754824876785 1.13363590836525 1.32144173979759 1.50107151269913 1.54974573850632 1.63751924037933 1.8487414419651 4.4649227142334 3.13439092510625 2.92445348203182
-9999 -9999 -9999 -9999 -9999 -9999 -9999 -9999 -9999 -9999 -9999 -9999 -9999 -9999 -9999 -9999 -9999 -9999 -9999 -9999 -9999 -9999 0.346259817481041 1.49269950389862 2.04348074644804 5.79557398706675 3.7926914691925 1.50019423663616 2.19029027223587 2.13226282596588 1.47308403253555 1.26451724767685 1.45540577173233 1.40988072752953 1.52139455080032 1.38617178797722 1.242511510849 1.20645895600319 1.14667350053787 1.1522204875946 1.17215698957443 1.01365122199059 1.02246522903442 1.04878878593445 1.070103764534 1.15681198239326 1.36669278144836 1.31758725643158 1.33879047632217 1.49677875638008 1.72781842947006 1.70879548788071 1.46946978569031 1.62051218748093 2.08520025014877 1.98951977491379 2.11264884471893 2.14792032899528 2.52373884004705 -9999 -9999 -9999
-9999 -9999 -9999 -9999 -9999 -9999 -9999 -9999 -9999 -9999 -9999 -9999 -9999 -9999 -9999 -9999 -9999 -9999 -9999 -9999 -9999 -9999 1.14513621864648 1.12526372075081 0.982562273740768 0.698651254177094 1.19017195701599 1.14854702353477 1.26073497533798 1.28444704413414 1.16990402340889 0.837545245885849 1.0981402695179 1.17410025000572 1.13937073945999 1.09203073382378 1.03464004397392 1.01696321368217 1.07140651345253 1.04014652967453 0.912049502134323 0.905128508806229 0.959059506654739 1.12472775578499 1.20643651485443 1.3546507358551 1.60523092746735 1.72608679533005 1.74179631471634 1.7666078209877 1.76234918832779 1.50048303604126 1.74598324298859 1.87659617265066 2.42414474487305 -9999 -9999 -9999 -9999 -9999 -9999 -9999
-9999 -9999 -9999 -9999 -9999 -9999 -9999 -9999 -9999 -9999 -9999 -9999 -9999 -9999 -9999 -9999 -9999 -9999 -9999 32.1874224479709 2.00491070747375 1.39415171742439 0.644164502620697 1.09261277318001 0.889163255691528 0.726921737194061 0.788126975297928 0.651720732450485 0.695537254214287 0.977844715118408 0.782019764184952 0.638593509793282 0.67476524412632 0.804206281900406 0.982222527265549 0.913386762142181 0.910788774490356 0.961895227432251 0.934400975704193 0.818225294351578 0.775400966405869 0.75788551568985 0.843671232461929 0.886053711175919 0.90271121263504 1.22075629234314 1.57747882604599 1.77146244049072 1.82546925544739 1.34090173244476 1.58694976568222 -9999 -9999 -9999 -9999 -9999 -9999 -9999 -9999 -9999 -9999 -9999
-9999 -9999 -9999 -9999 -9999 -9999 -9999 -9999 -9999 -9999 -9999 -9999 -9999 -9999 -9999 -9999 -9999 1.72720718756318 2.76588390022516 3.05719961598516 2.74748310446739 1.05083701014519 0.519173249602318 0.72315676510334 0.799277275800705 0.79991403222084 0.706023752689362 0.745130985975266 0.699194982647896 0.823030471801758 0.894622474908829 0.783788233995438 0.843722283840179 0.824577748775482 0.838730245828629 0.805173754692078 0.88165345788002 0.976541250944138 0.722150266170502 0.726554229855537 0.693386256694794 0.679719731211662 0.68435400724411 0.63297526538372 0.819878965616226 1.27032601833344 1.55766516923904 1.88431119918823 1.91710352897644 2.28617037336032 1.65248871445656 -9999 -9999 -9999 -9999 -9999 -9999 -9999 -9999 -9999 -9999 -9999
-9999 -9999 -9999 -9999 -9999 -9999 -9999 -9999 -9999 -9999 -9999 -9999 -9999 -9999 1.70411961078644 1.12737527489662 0.833732217550278 0.940290033817291 0.62329950928688 0.575052738189697 0.569313749670982 0.71196448802948 0.572066232562065 0.60861973464489 0.61515149474144 0.663208499550819 0.787497729063034 0.895059764385223 0.835980713367462 0.825240790843964 0.787107735872269 0.63221700489521 0.73157773911953 0.719393268227577 0.739239737391472 0.984067529439926 0.951783746480942 0.845137506723404 0.731636255979538 0.703873515129089 0.661372482776642 0.61982099711895 0.596378982067108 0.565121993422508 0.732087761163712 1.11996674537659 1.32365548610687 1.5934687256813 1.61933398246765 1.62788021564484 1.75169724225998 1.92694121599197 -9999 -9999 -9999 -9999 -9999 -9999 -9999 -9999 -9999 -9999
-9999 -9999 -9999 -9999 -9999 -9999 -9999 -9999 -9999 -9999 -9999 4.09698668973787 1.02506505846977 1.0078228097409 0.604772239923477 0.430781230330467 0.431764483451843 0.448596730828285 0.460582494735718 0.571244984865189 0.606098234653473 0.735521256923676 0.670884758234024 0.586405500769615 0.567309737205505 0.537995249032974 0.623070001602173 0.760475277900696 0.698395505547523 0.739900499582291 0.670815020799637 0.661537483334541 0.720188230276108 0.742330491542816 0.768819719552994 0.833041459321976 0.862686038017273 0.72113174200058 0.726494237780571 0.699786767363548 0.614427745342255 0.56240625679493 0.573135003447533 0.577595248818398 1.09235027432442 1.16095277667046 1.35710021853447 1.43570771813393 1.7594513297081 1.67715382575989 1.69499105215073 -9999 -9999 -9999 -9999 -9999 2.8538233666919 3.61860989034176 5.14170029888982 7.62497612963552 11.3238938212395 -9999
-9999 -9999 -9999 -9999 -9999 -9999 -9999 -9999 -9999 1.68819569689887 1.62734237793953 0.701519250869751 0.428158521652222 0.485436022281647 0.419906258583069 0.420219004154205 0.471566990017891 0.468081772327423 0.499262988567352 0.511067256331444 0.529106989502907 0.570239245891571 0.721159502863884 0.666189730167389 0.623619765043259 0.687661483883858 0.632362514734268 0.5677560120821 0.638645231723785 0.632174983620644 0.637523263692856 0.702129006385803 0.484229981899261 0.516460746526718 0.598953247070312 0.611132249236107 0.748548269271851 0.732711732387543 0.699336737394333 0.641002491116524 0.563268005847931 0.574458003044128 0.595836013555527 0.639629244804382 0.84665322303772 1.11863628029823 1.23784500360489 1.27339804172516 1.37708777189255 1.42494750022888 1.36161151528358 1.33642023801804 1.30087311565876 2.42346586199368 2.09395949542522 1.93682344257832 1.95204794406891 1.60497725009918 1.76508152484894 2.15967971086502 2.49920818052794 -9999
-9999 -9999 -9999 -9999 -9999 0.750515967607498 0.495034486055374 0.578171253204346 0.704031765460968 0.655844271183014 0.566332519054413 0.467750251293182 0.398305490612984 0.382385239005089 0.404699251055717 0.448854759335518 0.500297248363495 0.50075925886631 0.465357005596161 0.570903763175011 0.66574801504612 0.632849246263504 0.628330484032631 0.682764753699303 0.695197507739067 0.660641267895699 0.614281520247459 0.68656499683857 0.830828994512558 0.630480766296387 0.653360992670059 0.712338745594025 0.668181762099266 0.557865247130394 0.625755488872528 0.741622477769852 0.744312018156052 0.67391699552536 0.580799236893654 0.561615005135536 0.560464516282082 0.61496476829052 0.606755241751671 0.613835245370865 0.686633259057999 0.817173779010773 0.961275726556778 1.04798474907875 1.22753772139549 1.38113701343536 1.46085673570633 1.43358904123306 1.58723545074463 1.41193276643753 1.5705188959837 1.73274022340775 1.57747948169708 1.55815249681473 1.78945374488831 2.49083179235458 2.468730032444 2.9031338095665
-9999 -9999 -9999 -9999 -9999 0.572964727878571 0.424567490816116 0.513606771826744 0.461490735411644 0.430238261818886 0.433601260185242 0.409662768244743 0.447052493691444 0.46729351580143 0.473687991499901 0.660457491874695 0.599405989050865 0.568727999925613 0.661518752574921 0.531544491648674 0.524997755885124 0.48159147799015 0.562916994094849 0.523957505822182 0.526235237717628 0.531035229563713 0.614326491951942 0.72019650042057 0.697010233998299 0.647433757781982 0.709853231906891 0.662091761827469 0.666534751653671 0.760176032781601 0.704411253333092 0.6406230032444 0.584138229489326 0.619719743728638 0.574685990810394 0.591185241937637 0.597677260637283 0.603412494063377 0.646583989262581 0.630877509713173 0.661039486527443 0.795832514762878 1.0250129699707 1.03636720776558 1.12745171785355 1.27452823519707 1.49293050169945 1.57610741257668 1.36190849542618 1.4212394952774 1.67750251293182 1.43024043738842 1.57927876710892 1.81282871961594 2.22916567325592 2.50529766082764 2.67503482103348 2.40854841470718
-9999 -9999 -9999 -9999 -9999 0.588207766413689 0.543858736753464 0.544161021709442 0.498040482401848 0.498732000589371 0.46111424267292 0.492996767163277 0.50755275785923 0.471140250563622 0.563070014119148 0.590568020939827 0.626545518636703 0.811463981866837 0.734730765223503 1.38213524222374 0.981218218803406 0.6497872620821 0.634633496403694 0.554415017366409 0.492420002818108 0.515817761421204 0.614734500646591 0.731932505965233 0.791909962892532 0.89310747385025 0.781803756952286 0.820344775915146 0.72835873067379 0.800002455711365 0.613222494721413 0.633884266018867 0.530513271689415 0.69226647913456 0.646822482347488 0.613208994269371 0.597129017114639 0.626548513770103 0.63501150906086 0.659078255295753 0.759772539138794 0.845097005367279 0.960711747407913 1.01234471797943 1.02069148421288 1.0849514901638 1.30832961201668 1.52338796854019 1.46132554113865 1.50903657392452 1.6917905608813 1.45022675219704 1.32124203443527 1.15257275104523 1.27394276857376 1.57122325897217 1.81057423353195 2.34423744678497
-9999 -9999 -9999 -9999 -9999 0.531593263149261 0.533417254686356 0.564021751284599 0.630493506789207 0.619207486510277 0.598088264465332 0.633804738521576 0.690309002995491 0.766037285327911 0.866523742675781 0.827475786209106 0.749396234750748 0.658349990844727 0.62747548520565 0.781134724617004 0.661659747362137 0.664806738495827 0.710898756980896 0.56047198176384 0.569544732570648 0.576838508248329 0.550370246171951 0.693950235843658 0.830435246229172 1.07397374510765 1.03264197707176 0.920936286449432 0.585525020956993 0.459602996706963 0.557960271835327 0.676349982619286 0.697245016694069 0.725993245840073 0.628481268882751 0.62102173268795 0.615906000137329 0.62855176627636 0.626882269978523 0.61431223154068 0.623196020722389 0.764534264802933 0.991929709911346 1.07866877317429 1.02666521072388 0.804489225149155 0.915178388357162 1.3134780228138 0.892709970474243 1.19852440059185 1.38489264249802 1.39872986954801 1.54665749073029 1.34812425076962 1.40858848392963 2.42634121054097 2.363416492939 2.85209172964096
-9999 -9999 -9999 -9999 -9999 0.535600483417511 0.579626262187958 0.656275480985641 0.647929519414902 0.707886770367622 0.746501237154007 0.768608272075653 0.76301246881485 0.731851503252983 0.767002522945404 0.834199458360672 0.677768245339394 0.658941015601158 0.594881996512413 0.666230991482735 0.649351492524147 0.656098499894142 0.739113003015518 0.701907768845558 0.623281493782997 0.639118507504463 0.623264238238335 0.630929231643677 0.989860475063324 1.38469728827477 0.988327503204346 0.802004992961884 0.725318983197212 0.559515729546547 0.554324269294739 0.642500996589661 0.565923750400543 0.567916497588158 0.512032493948936 0.518966987729073 0.567110985517502 0.559020012617111 0.584549233317375 0.566328004002571 0.549309745430946 0.758013725280762 0.801840037107468 0.819880485534668 1.02801221609116 0.826909720897675 0.822510749101639 0.853668764233589 0.830272123217583 1.28443738818169 1.0056457221508 1.31168712675571 1.25072436034679 1.37147386136808 1.26637199521065 1.40615397691727 2.61250573396683 2.82335025072098
-9999 -9999 -9999 -9999 -9999 0.63076950609684 0.694464728236198 0.804998964071274 0.743761494755745 0.626676008105278 0.682098761200905 0.646263733506203 0.717670485377312 0.508338734507561 0.510914236307144 0.654413521289825 0.533099234104156 0.53200127184391 0.528280511498451 0.549445509910583 0.581772744655609 0.671646013855934 0.735509991645813 0.693557247519493 0.658344000577927 0.634273499250412 0.774612754583359 2.07421875 0.676589235663414 0.967008769512177 1.19254803657532 0.818086534738541 0.721672520041466 0.581521511077881 0.625226989388466 0.670155018568039 0.55807127058506 0.504797995090485 0.489584997296333 0.474037483334541 0.461247012019157 0.454680740833282 0.432780012488365 0.419652745127678 0.508964270353317 0.609381258487701 0.716677486896515 0.77044951915741 0.588985495269299 0.492617826908827 0.595616716146469 0.604741188883781 1.33007325232029 1.52043937146664 1.26899515092373 1.15861947834492 1.4214966237545 1.45543649196625 1.56505733728409 1.96125376224518 2.55872923135757 2.99376747608185
-9999 -9999 -9999 -9999 -9999 0.799567490816116 0.831876039505005 0.779316008090973 0.700803011655807 0.666107252240181 0.669330731034279 0.53355672955513 0.41821052134037 0.453162744641304 0.906068623065948 0.813644997775555 0.525785252451897 0.504175499081612 0.496689006686211 0.538937240839005 0.570901483297348 0.569942235946655 0.652629017829895 0.676868230104446 0.632433012127876 0.603242978453636 0.63647273182869 0.647009491920471 0.536022752523422 0.53997977077961 0.887850791215897 0.823150455951691 0.70966275036335 0.697365000844002 0.865605711936951 0.622916266322136 0.527500480413437 0.502376228570938 0.490455731749535 0.507847487926483 0.515814766287804 0.48971700668335 0.514802992343903 0.482788503170013 0.585362255573273 0.524645984172821 0.532463237643242 0.771856486797333 0.76997122168541 0.463955238461494 0.595342010259628 1.25929471850395 0.791750013828278 0.992668479681015 0.854752126336098 1.25849668979645 1.146080493927 1.95591299235821 2.48445028066635 1.87147906422615 2.48823273181915 3.27197688817978
-9999 -9999 -9999 -9999 -9999 0.813098251819611 0.740076005458832 0.514619261026382 0.437915235757828 0.593043744564056 0.620637729763985 0.684365510940552 0.8099430128932 0.85156986862421 0.791722498834133 0.50007900595665 0.440807238221169 0.456460520625114 0.47334149479866 0.49763323366642 0.466497763991356 0.540654550705637 0.585635259747505 0.639332234859467 0.610404744744301 0.599410504102707 0.727705880999565 0.737903997302055 0.547153502702713 0.44029426574707 0.713151767849922 1.37066549062729 0.727780491113663 0.732590228319168 0.523433268070221 0.459223508834839 0.435846760869026 0.440365478396416 0.504053235054016 0.507770240306854 0.506138250231743 0.523478239774704 0.568027496337891 0.560220748186111 0.553742229938507 0.500156253576279 0.545981258153915 0.593309998512268 0.645230233669281 0.494858264923096 0.466605752706528 0.489466488361359 0.946839243173599 0.934199480633987 1.10910092843206 2.49545632302761 1.80304008722305 2.68825194239616 -9999 -9999 -9999 -9999
