EcologicalScience/Bass/data/rs_data_bass/chl_172.asc
NCOLS 226 
NROWS 124 
XLLCORNER -9.41648524995501 
YLLCORNER 47.587301625531 
CELLSIZE 0.0833 
NODATA_value -9999 
[rows 54 to 80 of 124, columns 124 to 185 of 226]
2.21376344561577 2.64675217866898 2.59496319293976 2.44313782453537 2.47387719154358 2.61079430580139 2.08580473065376 1.98590326309204 1.90730738639832 1.96463245153427 1.82949104905128 1.83848333358765 1.84021756052971 1.72259473800659 1.71685275435448 1.46894404292107 1.39840945601463 1.49041950702667 1.38305845856667 1.43745750188828 1.40944799780846 1.56645154953003 1.501031935215 1.5543487071991 1.59711974859238 1.59110391139984 1.6328256726265 1.64969176054001 1.74860626459122 1.63711416721344 1.65132594108582 1.64021623134613 1.76519107818604 2.23033493757248 2.22758477926254 2.04982423782349 2.15542280673981 2.25413703918457 2.15742516517639 2.00141483545303 1.93323710560799 1.90160930156708 1.93275073170662 1.28565672039986 1.18983149528503 1.05340576171875 2.55514508485794 3.0415019094944 2.99430102109909 2.82677710056305 2.49335426092148 8.05078468322754 4.69722461700439 4.8105765581131 6.41319721085685 5.03656804561615 6.69883990287781 9.95029312058499 9.04326667785644 9.0165660238266 5.89045658231783 6.65842972427118
2.44386559724808 2.39665460586548 2.92918646335602 2.92202693223953 2.79179316759109 2.80585724115372 2.09558996558189 2.17139214277267 1.95983549952507 1.99119561910629 2.09923830628395 1.90958243608475 1.83097949624062 1.76470193266869 1.69533902406693 1.44142797589302 1.6020045876503 1.70534026622772 1.73384767770767 1.74954074621201 1.73877668380737 1.68541574478149 1.51209604740143 1.6019384264946 1.60683757066727 1.75168043375015 1.71497172117233 1.81792205572128 1.63589322566986 1.39342725276947 1.36360046267509 1.53185552358627 1.62121045589447 1.95247131586075 1.97557944059372 1.98436278104782 2.1128625869751 2.06731349229813 2.08259546756744 1.76001530885696 1.71020776033401 1.23114377260208 1.39779004454613 1.49877226352692 1.11598724126816 3.06901681423187 3.29034447669983 2.63232824206352 3.60525995492935 4.2249585219792 4.73537061716381 5.60290152093638 6.4546480178833 5.82081532478333 6.5043331682682 8.42138526516576 10.5720698833466 -9999 -9999 -9999 -9999 -9999
2.55922499299049 2.68167454004288 3.13650763034821 3.04944598674774 3.04114866256714 2.47886100411415 2.4391323029995 2.33330288529396 2.25950217247009 2.14495986700058 2.11720722913742 1.77105304598808 1.94466975331306 2.09281879663467 1.99403661489487 1.93100470304489 1.77860999107361 2.20705944299698 2.03328377008438 2.02082169055939 2.00000774860382 1.88142067193985 1.65714293718338 1.64951258897781 1.63482892513275 1.67448896169662 1.85345470905304 1.43876552581787 1.26189377903938 1.23664578795433 1.23099374771118 1.45998752117157 2.05075192451477 1.87383216619492 1.89611256122589 1.9532790184021 1.94556069374084 1.83665031194687 1.49258396029472 1.74506887793541 1.68065106868744 1.84982317686081 2.28933227062225 2.37466192245483 2.53232029080391 3.09965407848358 3.19475814700127 6.15110811820397 6.78793603640336 3.84395748376846 4.51250284910202 5.55648189783096 6.25204272019236 7.17899495555509 -9999 -9999 -9999 -9999 -9999 -9999 -9999 -9999
2.72645437717438 3.10828113555908 3.11397314071655 2.74801763892174 2.74579015374184 2.6574068069458 2.69763788580894 2.71294686198235 2.51865184307098 2.19092962145805 1.96379363536835 2.03588774800301 2.04712092876434 2.00752606987953 2.0682520866394 2.57711327075958 2.19189155101776 2.11060416698456 2.21903550624847 2.24254578351974 2.14689517021179 1.92978751659393 1.70002198219299 1.62501382827759 1.62758857011795 1.49671876430511 1.42676174640656 1.33302748203278 1.55246919393539 1.17632773518562 1.17730423808098 1.33297723531723 1.91416651010513 1.97688603401184 1.75623562932014 1.81875117123127 1.9676516354084 1.42531049251556 2.2965093255043 2.21224272251129 3.04773509502411 3.0230348110199 2.89859998226166 3.48825967311859 3.17470470070839 2.8846054315567 3.3892639875412 6.99642882325234 6.03386771678925 4.81476986408234 4.78715515136719 7.34721601009369 9.89913272857666 -9999 -9999 -9999 -9999 -9999 -9999 -9999 -9999 -9999
5.23159110546112 3.68016064167023 3.12392163276672 3.22927272319794 0.982459455728531 4.13899540901184 4.20435565710068 3.33829155564308 2.59325668215752 2.72626912593842 2.60052680969238 2.06116649508476 1.98439460992813 2.01925653219223 2.01230621337891 1.99191230535507 2.15881508588791 2.14526242017746 2.24833649396896 2.3406885266304 2.37318366765976 2.51790457963943 1.55508828163147 1.96256920695305 1.77382984757423 1.77772200107574 1.2131122648716 1.82847753167152 1.74343121051788 1.81411081552505 1.88032534718513 1.75017902255058 1.92157950997353 1.98000445961952 1.88099697232246 1.75772550702095 1.96654576063156 2.09905949234962 2.29226061701775 2.54736667871475 2.65344893932343 3.01339495182037 2.79689472913742 3.25250852108002 4.02656623721123 5.03239265084267 4.36777588299343 7.51980882883072 11.3226127624512 11.198390007019 12.6008577346802 6.89270675182343 34.2673687093398 -9999 -9999 -9999 -9999 -9999 -9999 -9999 -9999 -9999
-9999 6.48183131217957 5.77915728092194 6.20493006706238 4.87616014480591 1.13217151165009 3.41579020023346 2.14294195175171 2.53362983465195 2.99678957462311 2.68665450811386 2.86876648664474 2.71327203512192 2.32989299297333 2.32786720991135 1.99559319019318 1.94757896661758 2.01401174068451 2.07587403059006 2.36141324043274 2.55839771032333 2.580681681633 1.95002925395966 1.90043887495995 1.8687262237072 1.65642902255058 1.63258016109467 1.67435699701309 1.7577727586031 1.75280544161797 1.89684078097343 2.00951027870178 1.96183651685715 1.88937413692474 1.8352387547493 1.73433937132359 1.85254427790642 1.89719662070274 1.90370178222656 2.15183401107788 3.01913166046143 3.10198366641998 3.07204735279083 3.30485558509827 4.36325436830521 -9999 4.16284397670201 7.46887671947479 9.97493505477905 7.10198628902435 21.6905120502819 32.4581598554339 45.878110068185 55.7842169199904 -9999 -9999 -9999 -9999 -9999 -9999 -9999 -9999
-9999 -9999 -9999 -9999 -9999 2.28387522697449 3.90873610973358 4.02680957317352 2.40782171487808 2.98023891448975 3.44949406385422 2.95646023750305 2.9306001663208 2.92486792802811 2.74372047185898 2.42773121595383 2.01426976919174 2.10441380739212 2.05764144659042 2.31291711330414 2.0217002928257 1.95772987604141 1.88928607106209 1.6976283788681 1.68853390216827 1.60595400631428 1.59232909977436 1.61083124577999 1.68131026625633 1.74093671143055 1.87311002612114 1.92975631356239 1.96116828918457 1.88922071456909 1.82682940363884 1.7684628367424 1.83899018168449 2.14742437005043 1.65235358476639 2.50877398252487 3.24129438400269 3.01264214515686 3.19754862785339 3.6379813849926 4.2521163225174 24.1069718599319 -9999 -9999 -9999 -9999 44.0717409358305 63.5860476493835 53.382467508316 27.1348648364727 -9999 -9999 -9999 -9999 -9999 -9999 -9999 -9999
-9999 -9999 -9999 -9999 -9999 -9999 -9999 -9999 4.64534239768982 4.28299868106842 3.18579491972923 3.03687465190887 3.01755595207214 2.99534100294113 3.1760094165802 2.01975291967392 1.98194772005081 2.06460607051849 2.81532222032547 1.90303122997284 1.87898021936417 1.90658587217331 1.71988686919212 1.8538735806942 1.65833812952042 1.68755248188972 1.67388260364532 1.66654685139656 1.8132247030735 1.50761848688126 2.01278060674667 1.45058703422546 1.53253385424614 1.40707722306252 1.98764061927795 1.50667369365692 1.44948193430901 1.62813073396683 2.57216477394104 3.90905240178108 2.84402257204056 2.89527672529221 3.10548913478851 3.01271116733551 4.98911010630337 29.0682649612427 -9999 -9999 -9999 -9999 17.548882484436 59.7195676502429 69.1570601463318 67.4440645490374 64.2369698115758 18.7298140525818 -9999 -9999 -9999 -9999 -9999 -9999
-9999 -9999 -9999 -9999 -9999 -9999 -9999 -9999 -9999 -9999 3.48159223794937 3.0089031457901 2.82875168323517 2.87477481365204 2.77710825204849 2.3546824157238 2.24662014842033 2.09996625781059 1.9333601295948 1.90854451060295 1.89331009984016 1.78302866220474 1.72223255038261 1.92161554098129 1.71502196788788 1.61909137666225 1.72265473008156 1.6571823656559 1.80349919199944 1.58441931009293 1.27252674102783 1.17544251680374 1.14644175767899 1.16834625601768 1.34199015051126 1.47022950649261 1.49765396118164 1.99175673723221 2.77114498615265 2.34365925192833 3.14071583747864 6.29854881763458 3.08662712574005 4.93789958953857 15.0172371268272 -9999 -9999 -9999 -9999 -9999 -9999 -9999 10.2484194687227 51.3843650817871 50.8492994869457 44.3830375671387 10.8786277770996 -9999 -9999 -9999 -9999 -9999
-9999 -9999 -9999 -9999 -9999 -9999 -9999 -9999 -9999 4.3704868555069 3.80668008327484 3.32930767536163 3.95279395580292 4.01459240913391 3.27023327350616 2.71943548321724 2.51914232969284 2.29395005106926 1.83148804306984 1.74550840258598 1.71173809468746 1.64895974099636 1.56317661702633 1.70249363780022 1.77199280261993 1.52398091554642 1.55081507563591 1.62464551627636 1.57469442486763 1.19175374507904 1.3623052239418 1.34556041657925 1.13994550704956 1.07343825697899 1.09040831029415 1.28999416530132 1.65781100839376 2.02153786271811 3.3929625749588 3.39429295063019 3.43568694591522 3.58711516857147 2.78140640258789 5.91549217700958 27.4894672036171 33.0447750091553 -9999 -9999 -9999 15.0754598890032 14.3142960548401 15.1825618743896 11.1388714313507 15.4249396324158 38.8399815559387 18.0009983464291 12.3859691889055 -9999 -9999 -9999 -9999 -9999
-9999 -9999 -9999 -9999 -9999 -9999 -9999 -9999 -9999 -9999 3.74639171361923 3.68491941690445 3.3977715075016 3.14354279637337 2.58118808269501 7.11884021759033 2.82366862893105 2.40748277306557 1.98683175444603 1.78349474072456 1.74383667111397 1.66113147139549 1.63490626215935 1.69248184561729 1.4997573941946 1.49253858625889 1.45406699180603 1.43551799654961 1.35416623950005 1.16150149703026 1.14928525686264 1.04463827610016 1.02089577913284 1.06216752529144 1.19506967067719 1.63074298202991 2.18743593245745 3.44912910461426 3.34162652492523 3.14894914627075 3.2833206653595 3.50990474224091 3.23016393184662 3.28166623413563 9.29225045442581 -9999 -9999 -9999 -9999 -9999 13.9107341766357 13.6624417304993 12.183505654335 12.2192484140396 15.3319249153137 -9999 -9999 -9999 -9999 -9999 -9999 -9999
-9999 -9999 -9999 -9999 -9999 -9999 -9999 -9999 -9999 3.67937564849854 2.93103346824646 3.64932525157928 3.6904102563858 3.73088693618774 2.79379123449326 3.15090751647949 2.67491993308067 2.35664507746696 2.68011000752449 0.742110013961792 1.93562132120132 1.81196174025536 1.84807419776917 1.69298887252808 1.57500448822975 1.4966853260994 1.38299439847469 1.26067690551281 1.28925298154354 1.19834138453007 1.20476625859737 1.26129640638828 1.35401138663292 1.53816950321198 1.74715615063906 2.04136110842228 2.14003145694733 3.348020195961 3.70964562892914 3.5764696598053 3.50134348869324 3.01230016350746 3.81948194503784 6.07446527481079 3.86466658115387 -9999 -9999 -9999 -9999 -9999 12.059060322611 11.8401784896851 10.0457379817963 -9999 -9999 -9999 -9999 -9999 -9999 -9999 -9999 -9999
-9999 -9999 -9999 -9999 -9999 -9999 -9999 -9999 -9999 3.47051930427551 3.90998911857605 3.67201817035675 3.52947735786438 2.98138952255249 3.63842502236366 3.6027959883213 1.88121843338013 1.87750428915024 1.39600123465061 1.37010937929153 1.66397702693939 1.63695400953293 1.97056084871292 1.68308812379837 1.75354202091694 1.56696791946888 1.30572487413883 1.31556522846222 1.35246071219444 1.35586912930012 1.33976890146732 1.36773866415024 1.66688968241215 1.83046495914459 2.1343212723732 2.45593053102493 2.41280156373978 2.69396448135376 2.63645297288895 2.60641700029373 3.80824792385101 4.03311359882355 3.07822421193123 11.81537514925 3.86466693878174 -9999 -9999 -9999 -9999 12.1949715614319 -9999 -9999 -9999 -9999 -9999 -9999 -9999 -9999 -9999 -9999 -9999 -9999
-9999 -9999 -9999 -9999 -9999 -9999 -9999 -9999 -9999 3.47495555877686 3.16854357719421 3.42064118385315 2.93336695432663 2.58800321817398 2.30991053581238 1.25433227419853 1.24804499745369 0.848874002695084 1.43981379270554 1.33644998073578 1.58999675512314 1.59052592515945 1.51051324605942 1.46686673164368 1.34880110621452 1.54147504270077 1.57558272778988 1.45428152382374 1.56601533293724 1.61020235717297 1.58277489244938 1.62944626808167 1.96229401230812 2.15335088968277 2.38581056892872 2.5523279607296 2.70123046636581 2.47801744937897 2.53968304395676 2.65726393461227 3.84321463108063 4.10325586795807 3.55733831320236 -9999 -9999 -9999 -9999 -9999 -9999 -9999 -9999 -9999 -9999 -9999 -9999 -9999 -9999 -9999 -9999 -9999 -9999 -9999
-9999 -9999 -9999 -9999 -9999 -9999 -9999 -9999 -9999 4.0447883605957 3.35679817199707 2.76608920097351 2.34651517868042 1.40020653605461 1.32527402043343 1.15256550908089 1.0825072824955 1.08656626939774 0.974643766880035 1.42737454175949 1.44409722089767 1.58414393663406 1.79924619197845 1.84038823843002 1.66316556930542 1.50425094366074 1.51208773255348 1.43721038103104 1.60975867509842 1.65100729465485 1.65175232291222 1.70928373932838 1.94965088367462 2.11453235149384 2.50428150594234 3.05415010452271 3.11555427312851 3.15976464748383 3.68094384670258 3.91188883781433 3.79942059516907 9.47386118498716 6.42529628363 -9999 -9999 -9999 -9999 -9999 -9999 -9999 -9999 -9999 -9999 -9999 -9999 -9999 -9999 -9999 -9999 -9999 -9999 -9999
-9999 -9999 -9999 -9999 -9999 -9999 -9999 3.28386068344116 2.49368493807943 4.23257267475128 3.48147976398468 2.66847681999207 2.16548842191696 1.31133297085762 1.18075051903725 1.18882352113724 1.04525998234749 0.973253220319748 1.02739423513412 1.34050351381302 1.52972030639648 1.50554019212723 1.47214087843895 1.43217748403549 1.42512072622776 1.50845025479794 1.67278951406479 1.49468171596527 1.54377150535583 1.61234933137894 1.56095176935196 1.81166848540306 2.02066388726234 2.3476155102253 2.41666013002396 2.65839555859566 3.24968469142914 3.41736388206482 3.49477207660675 2.89997744560242 10.0453789830208 5.69786846637726 3.25656187534332 -9999 -9999 -9999 -9999 -9999 -9999 -9999 -9999 -9999 -9999 -9999 -9999 -9999 -9999 -9999 -9999 -9999 -9999 -9999
-9999 -9999 -9999 -9999 -9999 -9999 4.04251716534297 3.97938358783722 3.20331466197968 3.12533855438232 2.13698333501816 1.70881122350693 1.52745294570923 1.39113521575928 1.24344974756241 1.11742570996284 1.05326396226883 1.05493050813675 1.21846050024033 1.43055903911591 1.52046525478363 1.55282092094421 1.33970323204994 1.63632452487946 1.65557813644409 1.73161688446999 1.76281356811523 1.5701025724411 1.7417054772377 1.7196356356144 2.01246187090874 2.09985154867172 2.16432818770409 2.39992493391037 2.66710352897644 2.89574548602104 3.09369742870331 3.31595027446747 3.40008151531219 -9999 -9999 -9999 -9999 -9999 -9999 -9999 -9999 -9999 -9999 -9999 -9999 -9999 -9999 -9999 -9999 -9999 -9999 -9999 -9999 -9999 -9999 -9999
-9999 -9999 -9999 -9999 3.45449777653343 3.29317420721054 4.62390518188477 4.12765574455261 2.47150057554245 2.40490651130676 1.88033992052078 1.65791541337967 1.82204782962799 1.51358556747437 1.41055646538734 1.35325947403908 1.20112502574921 1.28227123618126 1.27866902947426 1.4867137670517 1.40072098374367 1.35592201352119 1.36240348219872 1.47224476933479 1.64957928657532 1.76948708295822 1.76719951629639 1.78662899136543 1.96288651227951 2.04800775647163 2.24292039871216 2.20035114884377 2.23628398776054 2.40929362177849 2.19572031497955 2.52369296550751 2.56324571371078 4.54578289985657 -9999 -9999 -9999 -9999 -9999 -9999 -9999 -9999 -9999 -9999 -9999 -9999 -9999 -9999 -9999 -9999 -9999 -9999 -9999 -9999 -9999 -9999 -9999 -9999
-9999 -9999 -9999 -9999 2.75771436095238 4.50305986404419 3.55195569992065 2.91735076904297 2.54908955097198 2.42470425367355 1.98625874519348 2.12938803434372 2.07279825210571 1.75215142965317 1.54487478733063 1.46056947112083 1.34573328495026 0.850775957107544 0.899359524250031 1.5059494972229 1.63928326964378 1.39030426740646 1.45127847790718 1.50878691673279 1.67928904294968 1.95576077699661 2.09576663374901 2.15943905711174 2.234793394804 1.99791973829269 2.00489330291748 2.0403465628624 2.02374672889709 2.05096131563187 3.02644121646881 3.24635696411133 4.89385495867048 -9999 -9999 -9999 -9999 -9999 -9999 -9999 -9999 -9999 -9999 -9999 -9999 -9999 -9999 -9999 -9999 -9999 -9999 -9999 -9999 -9999 -9999 -9999 -9999 -9999
-9999 19.6181701894579 7.10424496281532 4.3684093952179 3.59303641319275 3.03217041492462 2.7172012925148 2.45159018039703 2.10129743814468 1.84866607189178 1.6561626791954 1.56333893537521 1.66542220115662 1.41831529140472 1.1564707159996 1.10826596617699 1.0134254693985 1.62884925305843 1.60620675981045 1.82279893755913 1.81144720315933 1.47576597332954 1.65993905067444 1.90813726186752 2.12885481119156 2.27567481994629 2.35786646604538 2.28004011511803 2.38751399517059 2.20520102977753 2.1411457657814 2.22393375635147 2.410784304142 2.72615092992783 3.87861585617065 6.5533663854003 -9999 -9999 -9999 -9999 -9999 -9999 -9999 -9999 -9999 -9999 -9999 -9999 -9999 -9999 -9999 -9999 -9999 -9999 -9999 -9999 -9999 -9999 -9999 -9999 -9999 -9999
3.78464131519712 4.86714720726013 4.16741108894348 4.29260909557343 2.94736504554749 2.62545150518417 2.48994076251984 2.98927581310272 2.26765269041061 1.69810277223587 1.38880571722984 1.22769302129745 1.39876726269722 1.16457152366638 1.0728532075882 1.05857554078102 1.00030875205994 1.0218959748745 1.07792776823044 1.05201825499535 1.3456207215786 1.61253833770752 1.89425700902939 2.1515970826149 2.2828454375267 2.34015744924545 2.31026780605316 2.04730653762817 2.0561535358429 2.1609622836113 2.54710578918457 2.93886530399323 3.04365813732147 -9999 -9999 -9999 -9999 -9999 -9999 -9999 -9999 -9999 -9999 -9999 -9999 -9999 -9999 -9999 -9999 -9999 -9999 -9999 -9999 -9999 -9999 -9999 -9999 -9999 -9999 -9999 -9999 -9999
4.56762782458601 4.08963668346405 4.6199061870575 3.65977656841278 2.92293298244476 2.77642196416855 3.14531242847443 2.02023893594742 1.81433397531509 1.55188876390457 1.38966000080109 1.53345376253128 1.51265627145767 1.2796845138073 1.1238300204277 1.11109498143196 1.14242175221443 1.09596821665764 1.0809885263443 1.12535324692726 1.64316380023956 1.87547779083252 2.24649453163147 2.3667254447937 2.33678930997849 2.23478257656097 2.06582629680634 2.08670246601105 2.21416801214218 2.45722049474716 2.87803655862808 3.50187957286835 3.79724907875061 16.5629907156292 5.87295961976051 4.6333123662255 -9999 -9999 -9999 -9999 -9999 -9999 -9999 -9999 -9999 -9999 -9999 -9999 -9999 -9999 -9999 -9999 -9999 -9999 -9999 -9999 -9999 -9999 -9999 -9999 -9999 -9999
2.80335080623627 4.11028432846069 4.4637211561203 3.41685140132904 3.07354724407196 2.24423325061798 2.52599108219147 2.12581354379654 1.91111916303635 1.66957730054855 1.55529892444611 1.76917505264282 1.57490032911301 1.31798547506332 1.13725572824478 1.16641876101494 1.17009973526001 1.16436079144478 1.25813627243042 1.32809329032898 1.88150918483734 2.21795028448105 2.28353780508041 2.36263346672058 2.34862124919891 2.38249880075455 2.25983691215515 2.23124617338181 2.82806020975113 2.98826551437378 7.35674548943838 -9999 -9999 -9999 -9999 -9999 -9999 -9999 -9999 -9999 -9999 -9999 -9999 -9999 -9999 -9999 -9999 -9999 -9999 -9999 -9999 -9999 -9999 -9999 -9999 -9999 -9999 -9999 -9999 -9999 -9999 -9999
4.62442409992218 4.39636588096619 4.65628659725189 4.4713042974472 3.20346450805664 2.83732056617737 2.78485548496246 2.36109155416489 1.97681468725204 1.7583292722702 1.60798716545105 1.46174928545952 1.37681776285172 1.30734077095985 1.33944073319435 1.25909399986267 1.36725828051567 1.50314694643021 1.65298497676849 1.73805141448975 2.52209544181824 2.8131959438324 2.42623507976532 2.36780852079391 2.47454255819321 2.40252757072449 2.4263579249382 2.46525979042053 2.97912973165512 3.20954632759094 3.49946892261505 3.08287854194641 -9999 -9999 -9999 -9999 -9999 -9999 11.2567561028609 12.6942715644836 -9999 -9999 -9999 -9999 -9999 -9999 -9999 -9999 -9999 -9999 -9999 -9999 -9999 -9999 -9999 -9999 -9999 -9999 -9999 -9999 -9999 -9999
7.43420958518982 5.88677096366882 6.19581413269043 3.90907299518585 4.99384771074568 2.78505884984444 2.53061699867249 1.95587021112442 2.16394275426865 1.73801028728485 1.42465648055077 1.32856571674347 1.20392096042633 1.26809701323509 1.39549201726913 1.65314841270447 1.60950529575348 1.68241131305695 1.75854831933975 2.56930357217789 3.36665260791779 3.38070523738861 2.55948758125305 2.53554904460907 2.49935549497604 2.47777283191681 2.48660999536514 2.62231653928757 2.71625930070877 5.17733298029219 7.10856448624232 3.42093944549561 -9999 -9999 -9999 -9999 -9999 -9999 -9999 -9999 -9999 -9999 -9999 -9999 -9999 -9999 -9999 -9999 -9999 -9999 -9999 -9999 -9999 -9999 -9999 -9999 -9999 -9999 -9999 -9999 -9999 -9999
-9999 -9999 -9999 -9999 -9999 3.74636898542705 2.72517228126526 1.47292202711105 1.59262418746948 1.32317474484444 1.20310351252556 1.20464926958084 1.20387822389603 1.33359378576279 1.37390622496605 1.6146479845047 1.80429518222809 1.99533605575562 2.46543520689011 2.72853147983551 2.91276383399963 2.89477944374084 2.77591341733932 2.68046182394028 2.66078478097916 3.13203030824661 -9999 -9999 -9999 -9999 -9999 -9999 -9999 -9999 -9999 -9999 -9999 -9999 -9999 -9999 -9999 -9999 -9999 -9999 -9999 -9999 -9999 -9999 -9999 -9999 -9999 -9999 -9999 -9999 -9999 -9999 -9999 -9999 -9999 -9999 -9999 -9999
-9999 -9999 -9999 -9999 -9999 -9999 2.9845777451992 2.09745454788208 1.55210548639297 1.19891551136971 1.09249421954155 1.21432203054428 1.28477400541306 1.35740250349045 1.60533821582794 2.05081057548523 2.28884017467499 2.33368045091629 2.90028601884842 3.81440234184265 4.13265287876129 3.69418358802795 2.91161245107651 3.28635676219085 -9999 -9999 -9999 -9999 -9999 -9999 -9999 -9999 -9999 -9999 -9999 -9999 -9999 -9999 -9999 -9999 -9999 -9999 -9999 -9999 -9999 -9999 -9999 -9999 -9999 -9999 -9999 -9999 -9999 -9999 -9999 -9999 -9999 -9999 -9999 -9999 -9999 -9999
