EcologicalScience/Bass/data/rs_data_bass/chl_101.asc
NCOLS 226 
NROWS 124 
XLLCORNER -9.41648524995501 
YLLCORNER 47.587301625531 
CELLSIZE 0.0833 
NODATA_value -9999 
[rows 81 to 107 of 124, columns 62 to 123 of 226]
3.85158455371857 5.97498106956482 7.6620512008667 7.66205191612244 -9999 -9999 -9999 -9999 -9999 -9999 -9999 -9999 -9999 -9999 -9999 -9999 -9999 -9999 -9999 -9999 -9999 -9999 -9999 -9999 -9999 -9999 -9999 -9999 -9999 -9999 -9999 -9999 -9999 -9999 -9999 -9999 -9999 -9999 -9999 -9999 -9999 -9999 -9999 -9999 -9999 -9999 -9999 -9999 -9999 -9999 -9999 -9999 -9999 -9999 -9999 -9999 -9999 -9999 -9999 -9999 -9999 -9999
2.84754740265967 -9999 -9999 -9999 -9999 -9999 -9999 -9999 -9999 -9999 -9999 -9999 -9999 -9999 -9999 -9999 -9999 -9999 -9999 -9999 -9999 -9999 -9999 -9999 -9999 -9999 -9999 -9999 -9999 -9999 -9999 -9999 -9999 -9999 -9999 -9999 -9999 -9999 -9999 -9999 -9999 -9999 -9999 -9999 -9999 -9999 -9999 -9999 -9999 -9999 -9999 -9999 -9999 -9999 -9999 -9999 -9999 -9999 -9999 -9999 -9999 -9999
-9999 -9999 -9999 -9999 -9999 -9999 -9999 -9999 -9999 -9999 -9999 -9999 -9999 -9999 -9999 -9999 -9999 -9999 -9999 -9999 -9999 -9999 -9999 -9999 -9999 -9999 -9999 -9999 -9999 -9999 -9999 -9999 -9999 -9999 -9999 -9999 -9999 -9999 -9999 -9999 -9999 -9999 -9999 -9999 -9999 -9999 -9999 -9999 -9999 -9999 -9999 -9999 -9999 -9999 -9999 -9999 -9999 -9999 -9999 -9999 -9999 -9999
-9999 -9999 -9999 -9999 -9999 -9999 -9999 -9999 -9999 -9999 -9999 -9999 -9999 -9999 -9999 -9999 -9999 -9999 -9999 -9999 -9999 -9999 -9999 -9999 -9999 -9999 -9999 -9999 -9999 -9999 -9999 -9999 -9999 -9999 -9999 -9999 -9999 -9999 -9999 -9999 -9999 -9999 -9999 -9999 -9999 -9999 -9999 -9999 -9999 -9999 -9999 -9999 -9999 -9999 -9999 -9999 -9999 2.82441479393414 3.25698745250702 3.18566447496414 4.10442674160004 3.34670519828796
-9999 -9999 -9999 -9999 -9999 -9999 -9999 -9999 -9999 -9999 -9999 -9999 -9999 -9999 -9999 -9999 -9999 -9999 -9999 -9999 -9999 -9999 -9999 -9999 -9999 -9999 -9999 -9999 -9999 -9999 -9999 -9999 -9999 -9999 -9999 -9999 37.1749906539917 -9999 3.24739283323288 3.48015581594931 -9999 -9999 2.67452971637249 3.80052414536476 3.18615898489952 3.42785292863846 3.18053779006004 3.15856173634529 3.33376783132553 3.57921409606934 3.17558254301548 2.66604110598564 -9999 -9999 -9999 3.62674310803413 3.40269434452057 2.95762646198273 2.97290396690369 2.92629450559616 2.8544288277626 2.68678057193756
-9999 -9999 -9999 -9999 -9999 -9999 -9999 -9999 -9999 -9999 -9999 -9999 -9999 3.59462222238866 2.32425431907177 1.92672380805016 1.56011955440044 1.37194886803627 1.12509450316429 -9999 -9999 -9999 -9999 -9999 -9999 -9999 -9999 -9999 2.53616362810135 3.8136727809906 2.95636868476868 3.40730166435242 -9999 3.66949796676636 -9999 -9999 -9999 -9999 2.71457326412201 2.73177605867386 2.58794403076172 3.16323870420456 2.45819091796875 2.29372876882553 2.56583404541016 2.57393324375153 2.32419973611832 2.15066707134247 2.92578113079071 3.19413900375366 3.45139575004578 3.7931415438652 4.0232167840004 3.81714534759521 3.59225848317146 3.05276012420654 2.97291666269302 2.24150025844574 1.96137678623199 1.96064633131027 2.38581597805023 2.42129927873611
-9999 -9999 -9999 -9999 -9999 -9999 -9999 -9999 -9999 -9999 2.82834366559982 2.12485462427139 1.95032787322998 1.68378931283951 1.43783849477768 1.37009847164154 1.4522155970335 1.51476493477821 1.71108260750771 2.15078508853912 5.69573628902435 -9999 2.34149413498548 2.58846750855446 2.78562603437382 -9999 -9999 2.56303533911705 2.81354928016663 2.6749672293663 2.62343627214432 2.345443546772 2.4127049446106 2.57876998186111 -9999 -9999 2.42931047081947 2.61994984745979 2.67087078094482 2.4923483133316 2.35257983207703 2.24416726827621 2.07398843765259 2.02316093444824 2.12309396266937 2.15849322080612 2.04219532012939 2.54350796341896 2.64503136277199 2.735072940588 2.66183853149414 2.76637986302376 2.25453901290894 1.83777970075607 2.38614821434021 2.34818404912949 1.94621175527573 1.35301879048347 1.28497123718262 1.32668253779411 1.69029307365417 1.21954572200775
-9999 -9999 -9999 -9999 -9999 -9999 -9999 -9999 -9999 1.88593935966492 1.79987069964409 1.51767209172249 1.31201474368572 1.43663249909878 1.4944983869791 1.5537731051445 1.75953751802444 1.86588487029076 1.99071452021599 2.12275046110153 2.25252579152584 1.73741179704666 2.03865230083466 2.660251557827 2.85392993688583 2.87861251831055 2.83110871911049 2.79710698127747 2.7894412279129 2.84465020895004 2.7143018245697 2.59833526611328 2.57248717546463 2.90885853767395 3.07762742042542 3.2898645401001 2.80592930316925 2.51943308115005 2.20698899030685 2.21893948316574 2.12657403945923 2.09149199724197 2.11079621315002 1.71210157871246 1.54553031921387 1.56610733270645 1.5782430768013 1.4493300318718 1.44984152913094 1.95366489887238 1.34232750535011 1.17970651388168 2.04723367094994 2.20448738336563 1.501140832901 1.44688421487808 1.24475848674774 1.0521292090416 0.933202475309372 0.864024013280869 1.03140825033188 1.08503696322441
-9999 -9999 -9999 -9999 -9999 -9999 -9999 -9999 -9999 1.51286995410919 1.21512962579727 1.18563222885132 1.24944260716438 1.23576039075851 1.21440933644772 1.21286214888096 1.29848210513592 1.29206478595734 1.40520599484444 1.43058452010155 1.57258647680283 1.9508775472641 2.21169072389603 2.32174569368362 2.37380468845367 2.3394690155983 2.25027304887772 2.5508805513382 2.61912524700165 2.71332156658173 2.68661177158356 2.57181143760681 2.42094683647156 2.4630029797554 2.57244908809662 2.53640252351761 2.29714733362198 2.10997277498245 1.93713068962097 2.03384166955948 2.01912903785706 1.78061771392822 1.54661554098129 1.52652382850647 1.50412791967392 1.46694597601891 1.37163376808167 1.24818447232246 1.1862705051899 1.25329497456551 1.19027853012085 1.14267826080322 1.03059071302414 1.05414828658104 1.3396854698658 1.01847222447395 0.837279707193375 0.85977977514267 0.87324070930481 1.17409497499466 1.08565270900726 1.22623720765114
-9999 -9999 -9999 -9999 -9999 -9999 -9999 -9999 -9999 1.42738951742649 1.29599399864674 1.43149437904358 1.24248558282852 0.993648451566696 0.665779486298561 0.64910101890564 0.639559507369995 0.956660091876984 1.29243296384811 1.37706595659256 1.48220103979111 1.56137770414352 1.591193318367 1.71964126825333 1.99839967489243 2.00535750389099 2.14164304733276 2.34311699867249 2.35546499490738 2.30909550189972 2.26924574375153 2.32564580440521 2.26622468233109 2.28671854734421 2.3184449672699 2.20876801013947 2.16651892662048 2.04916656017303 1.83912599086761 1.89937341213226 1.66259855031967 1.48520922660828 1.42114126682281 1.42935079336166 1.42439326643944 1.37186470627785 1.16138845682144 1.08355352282524 1.03931620717049 1.55607980489731 1.05180839896202 0.951698863506317 0.964729517698288 0.956536531448364 0.964224010705948 1.03645876049995 1.11879748106003 1.02722400426865 1.0406339764595 1.11196947097778 1.24664470553398 1.27448478341103
0.946677736938 0.97842188179493 1.06574539840221 1.24717280268669 -9999 -9999 -9999 1.75016861007764 2.30619263648987 2.00901719927788 1.47615972161293 1.39320561289787 1.29463264346123 1.24362109601498 1.15318514406681 0.597989246249199 0.617319747805595 0.670781269669533 1.07857722043991 0.694330483675003 1.03344449400902 1.24042350053787 1.09813347458839 1.09476748108864 1.01196527481079 1.17633748054504 1.18451473116875 1.194988489151 1.56818550825119 1.71702218055725 1.84508103132248 2.0144550204277 2.06497657299042 2.0619540810585 2.07235425710678 2.18143057823181 2.15759932994843 2.05662971735001 1.73714697360992 1.62574124336243 1.54176306724548 1.50586491823196 1.40377950668335 1.3469475209713 1.29877576231956 1.27983900904655 1.16910374164581 1.08912670612335 1.03565096855164 1.41175127029419 1.27537903189659 0.792785257101059 0.811065763235092 0.75026113986969 0.769550406932831 0.878329485654831 0.891275256872177 0.765056222677231 0.780620992183685 0.865444511175156 1.75167900323868 1.89394354820251
0.810575991868973 0.830367743968964 0.883941024541855 1.23339521884918 1.63276344537735 1.46260651946068 1.53785137832165 1.58963097631931 1.61498437821865 1.54808664321899 1.43204060196877 1.37805113196373 1.35967876017094 1.29871237277985 0.621250480413437 0.582966014742851 0.592717498540878 0.608090981841087 0.633674249053001 0.65702024102211 0.713501259684563 0.697365000844002 0.700875744223595 0.756753712892532 0.859402477741241 0.883195459842682 0.894077986478806 0.886490285396576 1.19427752494812 1.40994599461555 1.53386253118515 1.69818305969238 1.69429206848145 1.64321994781494 1.61442822217941 1.51145696640015 1.48686146736145 1.50253647565842 1.46193453669548 1.3926765024662 1.37487977743149 1.33851072192192 1.19661372900009 1.11941921710968 1.09931847453117 1.07485046982765 1.00714579224586 0.997862219810486 1.87633502483368 0.808603173494339 0.82595506310463 0.806029468774796 0.746390837430954 0.746583008766174 0.870961368083954 1.14756751060486 0.73837499320507 0.807292520999908 0.891706466674805 1.01637527346611 1.20724126696587 1.83703118562698
0.789518237113953 0.794659495353699 0.809786260128021 0.950814753770828 0.963215231895447 0.90540075302124 0.814898997545242 0.845217794179916 1.32496275007725 1.32950328290462 1.19806838035583 1.24465763568878 1.31848387420177 0.592495501041412 0.578622758388519 0.587934002280235 0.604956015944481 0.617992490530014 0.628919988870621 0.653806507587433 0.659313753247261 0.69038625061512 0.716435998678207 0.788944512605667 0.893367737531662 0.969459772109985 1.05451646447182 1.01509049534798 0.978139489889145 1.10152351856232 0.949543476104736 1.15831875801086 1.12714424729347 1.23345753550529 1.17672300338745 1.18064546585083 1.2089039683342 1.24198052287102 1.25949749350548 1.16905876994133 1.17923998832703 1.12039348483086 0.93836697936058 1.19910123944283 1.14774623513222 1.14996099472046 0.792949336767197 0.796302616596222 0.801874476671219 0.778634995222092 0.826433533430099 0.733633214235306 0.687789613008499 0.754801493883133 0.728441387414932 1.00970622897148 1.16846099495888 1.20859497785568 1.12010702490807 1.15242978930473 1.43693473935127 1.75205701589584
0.677288979291916 0.714466497302055 0.822230279445648 0.879713237285614 0.848906278610229 0.884775012731552 0.858209252357483 0.77946075797081 0.695273995399475 0.720497265458107 0.805585473775864 0.680815503001213 0.661333501338959 0.633530259132385 0.583167761564255 0.551495254039764 0.567974254488945 0.580824002623558 0.594503983855247 0.599695488810539 0.587658762931824 0.621751517057419 0.636839255690575 0.683829009532928 0.771694511175156 0.9154372215271 0.893085032701492 1.01252397894859 0.676851734519005 0.685001268982887 0.704607009887695 0.71976001560688 0.911562770605087 0.789764285087585 0.819533228874207 0.966824233531952 1.05507972836494 0.862385272979736 0.83838826417923 0.788124740123749 0.746800482273102 0.704040750861168 0.730746746063232 1.08125025033951 0.793802976608276 0.784817218780518 0.798258751630783 0.756326115131378 0.70809822678566 0.78967273235321 0.748187577724457 0.747401225566864 0.770075529813766 0.724779009819031 0.809736013412476 0.886805266141891 0.95035046339035 1.05172500014305 1.07368496060371 1.84086066484451 3.0669629573822 3.86511754989624
0.621833994984627 0.591714754700661 0.582645758986473 0.549545243382454 0.57073125243187 0.571665734052658 0.580261498689651 0.603042751550674 0.614906251430511 0.628092750906944 0.639289498329163 0.650492995977402 0.648297742009163 0.63323025405407 0.599745735526085 0.601980730891228 0.596604734659195 0.567027747631073 0.536572515964508 0.556734010577202 0.595569759607315 0.625105485320091 0.633470982313156 0.654414743185043 0.681921020150185 0.822501718997955 0.75407400727272 0.730213478207588 0.885508984327316 1.08699601888657 0.855069011449814 0.700698763132095 1.06448096036911 0.898199290037155 0.974916011095047 0.888385534286499 0.94547626376152 0.99897900223732 0.934637278318405 0.877094238996506 0.84349724650383 0.773435264825821 0.629550755023956 0.675410270690918 0.745049983263016 0.778026759624481 0.736932769417763 0.785297244787216 0.794819980859756 0.784246534109116 0.817608743906021 0.853257715702057 0.497952729463577 0.754355996847153 0.741981759667397 0.754149734973907 0.95929428935051 1.0957815349102 1.21622622013092 1.34474623203278 1.68771368265152 1.89768826961517
0.532941743731499 0.524032518267632 0.509569510817528 0.513876736164093 0.565083771944046 0.573389992117882 0.577441513538361 0.582344993948936 0.596612244844437 0.596594229340553 0.604669511318207 0.594407245516777 0.594267770648003 0.587385758757591 0.595780491828918 0.591333746910095 0.624501764774323 0.650890499353409 0.592764750123024 0.581163749098778 0.583792492747307 0.578081980347633 0.582452997565269 0.606282010674477 0.812921226024628 0.893556743860245 0.827954417467117 0.893562877178192 0.95604704618454 1.0407899916172 1.03019472956657 0.971475720405579 1.0528207719326 1.01791352033615 1.07396176457405 1.05938172340393 1.05049949884415 1.07852920889854 1.09292703866959 1.06306877732277 1.04735773801804 0.9363172352314 0.951832473278046 0.834593206644058 0.861281275749207 0.855978012084961 0.7656329870224 0.767802000045776 0.765385508537292 0.808879494667053 0.826884716749191 0.848436713218689 0.830086469650269 0.759333729743958 0.87262424826622 1.06411725282669 1.52952593564987 1.48121246695518 1.58723992109299 1.50825977325439 1.9967976808548 2.15360695123672
0.502628982067108 0.477844521403313 0.46528422832489 0.470172017812729 0.495160505175591 0.494589731097221 0.479653492569923 0.477843001484871 0.497511014342308 0.502504482865334 0.507524237036705 0.543496504426003 0.553109988570213 0.571781247854233 0.573515251278877 0.544902741909027 0.576960772275925 0.618075728416443 0.56732551753521 0.53336700797081 0.579427510499954 0.612664505839348 0.734837248921394 0.744271516799927 0.728880017995834 1.09013516306877 1.19611948728561 1.39083150029182 1.21956145763397 1.18083044886589 1.0655532181263 1.08577799797058 1.20862948894501 1.28678324818611 1.35306152701378 1.31521198153496 1.13445076346397 0.997629761695862 0.942774027585983 1.08315673470497 1.18574398756027 1.14718428254128 1.04471102356911 0.863492220640182 0.877199292182922 0.864156782627106 0.858556509017944 0.820036500692368 0.781461775302887 0.894728243350983 0.905771970748901 0.884574741125107 0.935929477214813 1.32406049966812 1.49451372027397 1.69096344709396 1.91330825586389 -9999 -9999 -9999 -9999 -9999
0.400644734501839 0.40352775156498 0.437366992235184 0.460143730044365 0.467192977666855 0.441737249493599 0.42018449306488 0.427081480622292 0.438448503613472 0.442157998681068 0.44421748816967 0.447117760777473 0.469241246581078 0.5001570135355 0.518290489912033 0.499694243073463 0.48623026907444 0.536934748291969 0.636549755930901 0.643587738275528 0.628795489668846 0.657053992152214 0.98505824804306 0.938601762056351 0.937868267297745 1.03151696920395 1.54213564395905 1.57063948363066 1.62620862722397 2.14096237931933 1.88898831605911 1.36761671304703 1.3240994811058 1.4919847548008 1.03272521495819 1.04118901491165 1.24123129248619 1.29296323657036 1.26385053992271 1.2430154979229 1.10116571187973 1.04167878627777 1.11105152964592 1.13270097970963 0.921425253152847 0.856734037399292 0.810739517211914 0.808808237314224 0.994296044111252 1.04577228426933 1.13050496578217 1.20045670866966 1.40302348136902 1.96311950683594 1.93180878826829 -9999 -9999 -9999 -9999 -9999 -9999 -9999
0.377565756440163 0.379839733242989 0.41302952170372 0.52013848721981 0.508887737989426 0.475001245737076 0.4374870210886 0.437112763524055 0.433722004294395 0.410658001899719 0.397801503539085 0.388287752866745 0.516993016004562 0.507566258311272 0.508022993803024 0.507924020290375 0.527064755558968 0.581202015280724 0.63374850153923 0.735677272081375 0.687129735946655 1.1807179749012 0.905915290117264 0.827151775360107 0.912734270095825 0.994232207536697 1.48078840970993 1.5932256102562 1.94188857078552 -9999 -9999 -9999 -9999 -9999 -9999 3.14426672458649 2.28697449394635 1.66222947835922 1.53246223926544 1.38111528754234 1.10528853535652 1.12102425098419 1.03713297843933 1.21136328577995 1.39155301451683 1.2817380130291 0.993658483028412 1.07776495814323 1.12730625271797 1.36057502031326 1.38271200656891 1.28220596909523 4.0948421806097 1.9762424826622 1.97624230384827 -9999 -9999 -9999 -9999 -9999 -9999 -9999
0.413052767515182 0.390314251184464 0.397974729537964 0.479976743459702 0.46289524435997 0.545082002878189 0.463856264948845 0.420591741800308 0.42094574868679 0.388270497322083 0.389657244086266 0.383456245064735 0.616781741380692 0.671088755130768 0.479832753539085 0.507449269294739 0.553015485405922 0.566547006368637 0.605366259813309 1.09703403711319 1.03021949529648 1.17181646823883 0.766014754772186 0.697289988398552 0.812603205442429 0.959517002105713 1.21864575147629 1.88043481484056 1.85689583263899 -9999 -9999 -9999 -9999 -9999 -9999 -9999 1.3440780043602 1.41382876038551 1.50043505430222 1.57558196783066 1.51539158821106 1.30165350437164 1.30795946717262 1.24698972702026 1.2814507484436 1.28249028325081 1.09600353240967 1.1786467730999 1.3312012553215 1.48055478930473 1.56883192062378 2.42470590770245 -9999 -9999 -9999 -9999 -9999 -9999 -9999 -9999 -9999 -9999
0.365085750818253 0.381937488913536 0.434563994407654 0.404775246977806 0.382423743605614 0.451021000742912 0.478271428495646 0.41890874505043 0.400449737906456 0.434320494532585 0.417405009269714 0.513977855443954 0.606470003724098 0.643785730004311 0.578076750040054 0.594223514199257 0.516944244503975 0.517591506242752 0.551260516047478 1.10753854666606 -9999 1.37874992270219 1.13154729455709 1.26943999528885 0.71366474032402 0.802366465330124 1.20356628298759 1.32362025976181 1.9740013718605 -9999 -9999 -9999 -9999 -9999 -9999 -9999 2.8750746846199 1.42560678720474 1.61710506677628 1.55517446994781 1.54048508405685 1.55315405130386 1.55546325445175 1.66135132312775 1.5624772310257 1.40007072687149 1.32538121938705 1.20112198591232 1.27915647625923 1.92501747608185 2.22238433361053 2.57228624820709 3.48741619837911 -9999 -9999 -9999 -9999 -9999 -9999 -9999 -9999 -9999
0.423530235886574 0.409524008631706 0.475044250488281 0.374214899539947 0.378322243690491 0.394655434414744 0.440050877630711 0.497984245419502 0.473392501473427 0.476010739803314 0.587792560458183 0.591433802247047 0.625225791335106 0.724515455961227 0.606153756380081 0.615789771080017 0.515061736106873 0.543356984853745 0.562937244772911 1.02096375823021 0.669558931142092 0.641782868653536 0.663205862045288 1.22419238090515 1.3817857503891 1.44702972471714 1.54507025331259 1.5921819627285 1.7976015329361 2.06424207897747 -9999 -9999 -9999 -9999 -9999 -9999 -9999 3.29502375747847 21.784358382225 6.17753943800926 2.31469724178314 2.3447397172451 1.56980180740356 2.43290251493454 2.24457675218582 1.78297358751297 1.92647105455399 1.49514296650887 1.58249992132187 2.18188583850861 2.44316178560257 2.76830738782883 3.12181014559242 -9999 -9999 -9999 -9999 -9999 -9999 -9999 -9999 -9999
0.391324505209923 0.392310753464699 0.510757237672806 0.479965880513191 0.445354498922825 0.46129497885704 0.528962981700897 0.535544988512993 0.564764383435249 0.610586991906166 0.667920595407486 0.677399852871895 0.692547905445099 0.766745817661285 0.628303103148937 0.621165364980698 0.547223255038261 0.535190999507904 0.532188758254051 0.502017751336098 0.503958016633987 0.479249238967896 0.617613762617111 1.49904303252697 1.58079448342323 1.62156111001968 1.56629204750061 1.57743188738823 1.52185915410519 2.01963905990124 -9999 -9999 -9999 -9999 -9999 -9999 -9999 -9999 -9999 -9999 -9999 -9999 -9999 -9999 -9999 -9999 3.65490746498108 3.57044032216072 3.21506810188293 5.3806015593665 -9999 -9999 -9999 -9999 -9999 -9999 -9999 -9999 -9999 -9999 -9999 -9999
0.500814735889435 0.498018734157085 0.497179135680199 0.446822807192802 0.476918488740921 0.425131008028984 0.41992874443531 0.585731694102287 0.606602990627289 0.643852964043617 0.722289454936981 0.376663506031036 0.772566282749176 0.620225250720978 0.634504124522209 0.679376251995564 0.695341497659683 0.45710925757885 0.466656759381294 0.479004755616188 0.539411991834641 0.598132520914078 0.907612502574921 0.933042958859474 -9999 -9999 -9999 0.843339711427689 1.2690472304821 1.70989613234997 1.99590186774731 -9999 -9999 -9999 -9999 -9999 -9999 -9999 -9999 -9999 -9999 -9999 -9999 -9999 -9999 -9999 -9999 -9999 -9999 -9999 -9999 -9999 -9999 -9999 -9999 -9999 -9999 -9999 -9999 -9999 -9999 -9999
0.579442486166954 0.634299740195274 0.599656507372856 0.405440635979176 0.543317395448685 0.538511842489243 0.55886310338974 0.598034843802452 0.611401489377022 0.698534721136093 0.430747479200363 0.396374255418777 0.768630462884903 0.680992696434259 0.661460056900978 0.622821003198624 0.594037503004074 0.601937234401703 0.563046008348465 0.558734983205795 0.570376485586166 0.620015233755112 0.845090210437775 1.23731097579002 1.27246651053429 1.23934051394463 1.346241787076 1.50701500475407 1.71711753308773 1.27088552713394 1.58795553445816 2.3870024661864 -9999 -9999 -9999 -9999 -9999 -9999 -9999 -9999 -9999 -9999 -9999 -9999 -9999 -9999 -9999 -9999 -9999 -9999 -9999 -9999 -9999 -9999 -9999 -9999 -9999 -9999 -9999 -9999 -9999 -9999
0.60386623442173 0.497490383684635 0.550990864634514 0.553304605185986 0.54407662153244 0.528484493494034 0.518197506666183 0.655959767103195 0.526901990175247 0.498794987797737 0.477689981460571 0.918495762348175 0.484508246183395 0.483785256743431 0.753089658915997 0.766433626413345 0.731677304953337 0.626081988215446 0.655903503298759 0.598110750317574 0.636975020170212 0.694039508700371 0.705660000443459 0.944353491067886 1.30499321222305 1.28612324595451 1.81144058704376 1.98073308169842 2.1121439896524 1.24062824249268 2.36031559109688 2.89633558477674 -9999 -9999 -9999 -9999 -9999 -9999 -9999 -9999 -9999 -9999 -9999 -9999 -9999 -9999 -9999 -9999 -9999 -9999 -9999 -9999 -9999 -9999 -9999 -9999 -9999 -9999 -9999 -9999 -9999 -9999
0.507572248578072 0.550095744431019 0.569446876645088 0.617684260010719 0.616229988634586 0.670046871900559 0.592117488384247 0.547728762030602 0.559797003865242 0.527012228965759 0.52607399225235 0.920419782400131 1.15125453472137 1.13779503107071 1.09288006424904 0.974259920418262 0.970005378127098 0.5859434902668 0.589138492941856 0.601134762167931 0.64648050069809 0.738212987780571 0.79748547077179 1.2236790060997 1.85240918397903 1.44675448536873 1.57633048295975 1.46505904197693 1.60382401943207 1.55608874559402 1.98567742109299 -9999 -9999 -9999 -9999 -9999 -9999 -9999 -9999 -9999 -9999 -9999 -9999 -9999 -9999 -9999 -9999 -9999 -9999 -9999 -9999 -9999 -9999 -9999 -9999 -9999 -9999 -9999 -9999 -9999 -9999 -9999
