EcologicalScience/Bass/data/rs_data_bass/chl_363.asc
NCOLS 226 
NROWS 124 
XLLCORNER -9.41648524995501 
YLLCORNER 47.587301625531 
CELLSIZE 0.0833 
NODATA_value -9999 
[rows 54 to 80 of 124, columns 124 to 185 of 226]
1.85663256474904 3.38494969265802 3.85246462481362 5.30862836326872 1.96005925961903 1.77187235866274 2.52270412445068 2.4565007686615 2.66904399028191 2.6293145601566 2.47097509640914 2.34951736835333 1.86630794405937 2.12114931986882 2.07847328369434 2.11415204176536 2.03043805635892 1.98414121682827 2.03492158192855 2.05660732434346 2.15325450897217 2.15136628884536 2.07163739204407 1.92716346337245 1.91259939853962 1.82035023891009 1.85533544650445 1.99131439282344 2.19133854829348 2.1681029017155 2.20300548351728 2.28628192498134 2.29929393988389 2.17830177453848 2.20645769284322 2.2970573076835 2.29973759100987 2.2638761813824 2.22598061194787 2.16656566583193 2.14704742339941 2.20784486257113 2.2418540762021 1.68739352317957 1.49530189770919 1.48050723167566 1.60101076731315 1.98750341397065 2.60728740692139 3.42010322739096 3.21525127046249 3.20308613777161 4.51550352573395 5.1255130370458 3.98407044831444 4.16103132565816 3.80958826201303 5.30018296025016 13.1133833189268 11.8530669882278 8.29564332962036 -9999
2.15787700244359 2.19097873142787 1.89898937089103 1.88084297520774 1.86082631349564 1.89725124835968 1.89214046512331 2.5584538936615 2.44770189890495 2.04467386007309 2.0017277598381 1.9739733338356 1.98087695240974 1.86965903639793 1.55977435410023 1.48622153699398 1.54342423379421 1.91643917560577 1.82464066147804 1.80962044000626 2.08401376467485 2.08810274417584 1.99000094945614 1.98080842770063 1.96387122686093 2.13317805070144 2.17996741258181 2.23579661662762 2.37245673399705 2.22284852082913 2.40653794086896 2.31677661950772 2.32798458062685 2.25565551335995 2.24163042123501 2.37314866139339 2.29320550423402 2.2225390626834 2.22537521674083 2.1336142879266 2.05283690874393 1.84607380628586 1.77721741566291 1.50102189412484 1.5887179007897 1.66978094210991 1.97158244022956 2.56085941424737 3.63254057659822 4.08570132536047 3.8742894004373 4.12217102050781 4.50630136097179 6.58827471733093 4.43399222691854 4.50764280207017 10.5720698833466 -9999 -9999 -9999 -9999 -9999
2.25522473880223 2.38135554109301 2.11409252030509 2.01245437349592 1.96005943843297 1.89934687103544 1.91325088058199 1.94353207520076 2.28619208335877 2.04180681705475 2.0081003010273 2.04387605190277 1.97770068049431 1.83426895737648 1.79283985495567 1.70503647625446 1.64543499052525 1.91084438562393 1.96101331710815 1.95682844519615 2.07110785520994 2.10086111839001 2.21484553813934 2.21775310773116 2.25837825811826 2.15235376358032 2.26184943318367 2.4250721014463 2.39758685918955 2.32335035617535 2.40041421009944 2.50707163260533 2.49246657811678 2.40704463078425 2.31010452142129 2.22532802361708 2.12684270051809 2.13235817505763 2.0803295649015 1.98648403699581 1.99439600339303 1.59250174118922 1.5620315854366 1.72539664231814 1.95085584200346 2.30057761760858 2.59292445863996 3.47486078739166 3.85065371990204 3.96660017967224 3.92317881303675 4.28936740931343 4.74706767587101 10.4909403581877 -9999 -9999 -9999 -9999 -9999 -9999 -9999 -9999
2.48570972222548 2.56099188786287 2.48188953740256 2.31136495726449 2.21925649472645 2.03918598379408 1.90189466306141 1.86486155646188 1.88868486029761 2.08910709619522 2.09996330738068 2.00095620751381 2.07307973504066 1.95595765113831 1.77916884422302 1.86274039745331 2.09912669658661 1.99635070562363 2.04904296994209 2.44626593589783 2.46502560377121 2.09476249034588 2.18913569817176 2.24932287289546 2.15273058414459 2.04734203219414 2.154770642519 2.13431859016418 2.1820921599865 2.15956154465675 2.03080335259438 2.48589136967292 2.24097662247144 2.11891917998974 2.1519960302573 2.09203157516626 2.13223630648393 2.03427814061825 1.83325193937008 1.94063065602229 1.61194182817753 1.4641145330209 1.56999931427149 1.87816118277036 2.18050822844872 2.41669806608787 2.57398223876953 5.41501806854108 5.42436386557186 3.92839791900233 4.38780469052932 3.99924104353961 3.75801265239716 -9999 -9999 -9999 -9999 -9999 -9999 -9999 -9999 -9999
2.14728857462223 2.89971536856431 3.03600382804871 2.62096033777509 2.47178629466466 2.33535928385598 2.00388124159404 1.94289347955159 1.69974068232945 1.71681787286486 1.90600430965424 2.04580199718475 2.00241854786873 2.01066148281097 2.09488958120346 2.09532508254051 2.23930430412292 2.35826575756073 2.5072303712368 2.67076089978218 2.69001004099846 2.02672554896428 1.98802330860725 2.26996061435113 2.24799439311028 2.32410467587985 1.92925879359245 1.9903419315815 1.97509205341339 1.9415608048439 1.89228242635727 1.83483254909515 2.04246222055875 1.75628253817558 1.74667024612427 1.92549782532912 1.86297348370919 1.94867070821615 1.64862069258323 1.70346505727087 1.57450143649028 1.36559856396455 1.61978103105838 2.06318254654224 2.45151227254134 2.32171025020736 7.90845546939156 14.1545359527363 11.4794306895312 8.45207341979532 6.69493889808655 8.15387797355652 46.8885119154647 -9999 -9999 -9999 -9999 -9999 -9999 -9999 -9999 -9999
-9999 4.27187021076679 4.98346195771144 3.81236875974215 2.5618838255222 2.54894767488752 2.24095911639077 2.00370582512447 1.7121325135231 1.67576612745013 1.46470031567982 1.85764640569687 1.84955620765686 2.05946704745293 2.03301656246185 2.0305951833725 2.30166965723038 2.47421479225159 2.73041743040085 2.8822435438633 2.76564866304398 2.47354918718338 2.27856060862541 2.00359588009971 2.34294182979144 2.21644058594337 1.9420548081398 1.8352273106575 1.82977300882339 1.85576865077019 1.95217931270599 1.9387697669176 1.93551921844482 1.86796949001459 1.82068380942711 1.48233488202095 1.51204484701157 1.63202360272408 1.67261308431625 1.59539110958576 1.84149163961411 2.00574430823326 2.02524069180855 2.70952820777893 3.31311552341168 -9999 7.86406639644078 5.85455564657847 7.05043931007385 8.87416625022888 45.7484431947981 52.7413376894864 44.6661822795868 35.7539069652557 -9999 -9999 -9999 -9999 -9999 -9999 -9999 -9999
-9999 -9999 -9999 -9999 -9999 2.28387522697449 2.18959680944681 2.11372646263667 1.93451929092407 1.84384366444179 1.92420474120549 1.8808366060257 1.86951169371605 2.02632883191109 2.04552444815636 2.23335820436478 2.52487379312515 2.19836938381195 2.27691309268658 2.13467502593994 2.69155019521713 2.09206872326987 2.08247195822852 1.98740471260888 2.11400767014577 2.00786620836992 1.75468322634697 1.8317722265537 1.87993804308084 1.86902176875335 1.79803787744962 1.7587074637413 1.71428209084731 1.63432128612812 1.54532946990087 1.49661250412464 1.52958786487579 1.66176044940948 1.62691155076027 1.46146501600742 1.9067567884922 2.24937811493874 2.41905584931374 2.86406141519547 3.17624869942665 14.9069093755148 -9999 -9999 -9999 -9999 54.4954433441162 46.2233022451401 46.396875500679 44.258635351393 -9999 -9999 -9999 -9999 -9999 -9999 -9999 -9999
-9999 -9999 -9999 -9999 -9999 -9999 -9999 -9999 2.70888696983457 2.52400021893638 1.74882377798741 1.70659354754857 1.93891525268555 2.01038780808449 2.12654143571854 2.46117687225342 2.44701766967773 2.26147856162145 2.16442000865936 2.36458240105556 2.13387439342646 2.14964966132091 2.06968124423708 1.87004087062982 1.87428126426843 1.81785578452624 1.74085763784555 1.71272933941621 1.78760162225136 1.77724286226126 2.20301995958601 1.57578659974612 1.54281084812604 1.55068498849869 1.46250614523888 1.54211512207985 1.61002478003502 1.66447442770004 1.62444970011711 1.80976441502571 2.13928782939911 2.29852518439293 2.41041991114616 2.63040536642075 6.13111209869385 29.0682649612427 -9999 -9999 -9999 -9999 17.548882484436 45.2630230585734 40.0910406112671 47.0451588881643 26.4480202538627 28.1213150024414 -9999 -9999 -9999 -9999 -9999 -9999
-9999 -9999 -9999 -9999 -9999 -9999 -9999 -9999 -9999 -9999 2.96307545900345 2.52048517124993 2.68229344257942 2.65462448963752 2.27548265457153 2.42499215786274 2.64819101186899 2.7650484763659 2.86914016650273 2.95947160170628 2.86267391076455 2.4123824605575 2.37956227706029 2.00952118635178 1.72600245017272 1.77690070867538 1.7069352039924 1.61227447711504 1.62087516601269 1.31659691608869 1.28743462608411 1.35595642144863 1.42104576528072 1.47325238585472 1.49888126552105 1.54317986965179 1.59917989373207 1.58845013380051 1.89741006493568 2.13058748841286 2.29542511701584 2.45891314744949 2.68754667043686 2.74377533793449 11.8593182204997 -9999 -9999 -9999 -9999 -9999 -9999 -9999 9.2884893693575 18.5302958147866 32.1872234344482 20.5566354990005 10.8786277770996 -9999 -9999 -9999 -9999 -9999
-9999 -9999 -9999 -9999 -9999 -9999 -9999 -9999 -9999 4.3704868555069 3.07764720491001 3.24470168352127 3.35358792543411 3.06905137002468 3.01351770758629 2.62656297133519 2.71551577861492 3.36072826385498 2.24056574931511 1.96694754178707 2.04118044101275 2.0621730868633 1.5613268234513 1.89348294905254 1.64417044016031 1.69419622421265 1.67122043554599 1.66769807613813 1.24666500091553 1.20582424104214 1.30097789718555 1.25932278541418 1.34462846815586 1.41366527974606 1.4736509770155 1.54088592529297 1.59393927454948 1.58082950115204 2.17705425620079 2.12047818303108 2.06225422024727 2.38179433345795 2.55093133449554 3.28859561681747 17.1893890378545 33.0447750091553 -9999 -9999 -9999 23.4195290866651 16.36273150695 14.4348872837267 17.9497455954552 28.9785699248314 19.9684648173196 13.9670611790248 17.207138661985 -9999 -9999 -9999 -9999 -9999
-9999 -9999 -9999 -9999 -9999 -9999 -9999 -9999 -9999 -9999 2.75314336589405 3.61407964570182 3.57457190752029 3.35077768564224 3.33541150526567 3.34508748487993 3.29448063807054 3.23296747424386 3.12898551334034 2.57414916970513 1.78093900680542 1.74515336751938 1.63787534236908 1.51151579618454 1.61388409137726 1.6277861148119 1.71976114236391 1.60550040006638 1.22411262989044 1.54633947781154 1.32948900186099 1.17969528924335 1.21866869655522 1.33715924620628 1.39585649967194 1.55458310246468 1.73623993992805 1.67815363407135 1.74152630567551 2.06194549798965 2.01396158337593 2.13704258203506 2.28923732042313 2.35778418183327 8.06549625142107 -9999 -9999 -9999 -9999 -9999 15.5337643372385 11.0797147750854 22.5445711612701 19.5765054366168 14.4722503821055 -9999 -9999 -9999 -9999 -9999 -9999 -9999
-9999 -9999 -9999 -9999 -9999 -9999 -9999 -9999 -9999 3.67937564849854 3.28960416316986 3.30865814004626 3.40507581404277 3.37424540519714 3.44469827413559 3.39210930737582 2.86532579362392 2.36672405898571 2.93606436252594 1.66915089637041 1.85946169495583 1.51698285341263 1.5256747841835 1.42176066040993 1.4988546479832 1.45524196191268 1.58069694042206 1.22764167487621 1.19943675398827 1.23876114785671 1.25801226496696 1.25292827188969 1.25860473811626 1.53361145853996 1.5824933052063 1.41117495596409 1.35695693492889 1.79900827191093 2.08413182063536 2.27758770639246 2.37852367758751 2.54314640164375 2.42348721623421 6.33995107308175 3.86466658115387 -9999 -9999 -9999 -9999 -9999 36.2695750594139 26.7406874299049 32.9330794215202 17.7275088429451 -9999 -9999 -9999 -9999 -9999 -9999 -9999 -9999
-9999 -9999 -9999 -9999 -9999 -9999 -9999 -9999 -9999 3.84045099467039 3.87178782054356 3.85616183280945 3.36640841685809 3.13631562544749 3.35747838020325 3.29226592183113 2.97005935013294 2.59744799137115 2.01494617760181 1.8424766510725 1.70749166607857 1.53833051919937 1.636897534132 1.52276124195619 1.49413808909329 1.48191900144924 1.47550440918316 1.12207363843918 1.14671005985954 1.22333869636059 1.28015042245388 1.31363796293736 1.27637535631657 1.43857156634331 1.52421976625919 1.62116977572441 1.51248461008072 1.97871903939681 2.09036602215333 2.29953799464486 2.49468133124438 2.96070825511759 3.14809197729284 9.18891925140492 3.86466693878174 -9999 -9999 -9999 -9999 12.1949715614319 -9999 -9999 -9999 -9999 -9999 -9999 -9999 -9999 -9999 -9999 -9999 -9999
-9999 -9999 -9999 -9999 -9999 -9999 -9999 -9999 -9999 3.37587148802621 3.65543867009027 3.5897120145651 3.53921490449172 3.54704216122627 3.37102398276329 3.28273576498032 2.93208262324333 2.3445390611887 1.97181580960751 2.19821798801422 1.70551598668098 1.5178397834301 1.32666222453117 1.57716315239668 1.53776847571135 1.52786254137754 1.0901105761528 1.13946008384228 1.22067519128323 1.26465313732624 1.29539332687855 1.35858203172684 1.43155905604362 1.59487992525101 1.66067706942558 1.72375057339668 1.7474336206913 1.87696857885881 2.08060624382713 2.3431853055954 2.66092485731298 3.12945602156899 7.40628334799809 -9999 -9999 -9999 -9999 -9999 -9999 -9999 -9999 -9999 -9999 -9999 -9999 -9999 -9999 -9999 -9999 -9999 -9999 -9999
-9999 -9999 -9999 -9999 -9999 -9999 -9999 -9999 -9999 3.44114225644332 3.38445790914389 3.3538262293889 3.42856756540445 3.15116831660271 3.26456183195114 3.15503919124603 2.74306167662144 2.16829763352871 1.92774671316147 1.92185479402542 1.53836775720119 1.43526792526245 1.59038963913918 1.50782342255116 1.32969623533162 1.35897344079885 1.09543379545212 1.23777592778206 1.25300390124321 1.25890576243401 1.25985038280487 1.37606688737869 1.53722670078278 1.70979618430138 1.97888744473457 1.89534003138542 1.82599529027939 1.90236963629723 2.16897503354333 2.38812745701183 2.83834648132324 6.80493567419834 12.3012989242393 -9999 -9999 -9999 -9999 -9999 -9999 -9999 -9999 -9999 -9999 -9999 -9999 -9999 -9999 -9999 -9999 -9999 -9999 -9999
-9999 -9999 -9999 -9999 -9999 -9999 -9999 3.28386068344116 4.02722938855489 3.79018143245152 3.37617161640754 3.51143305118267 3.502274283996 3.13138809800148 3.11074241995811 2.89130660891533 2.51291133463383 2.11890158057213 1.9482549726963 1.94102945923805 1.84134297072887 1.64777357876301 1.56175444275141 1.52115746587515 1.08760997951031 1.07174593481151 1.13799196779728 1.20666935741901 1.25244865715504 1.27818827927113 1.2910533875227 1.33261118531227 1.48038395047188 1.54776052236557 1.58384748101234 1.72354001998901 1.88686031699181 2.01363911032677 2.17740531563759 2.32095640897751 18.1023181491685 5.69786846637726 3.25656187534332 -9999 -9999 -9999 -9999 -9999 -9999 -9999 -9999 -9999 -9999 -9999 -9999 -9999 -9999 -9999 -9999 -9999 -9999 -9999
-9999 -9999 -9999 -9999 -9999 -9999 4.24209222197533 3.88697694695514 4.894899559021 3.67570751053946 3.85556226968765 3.70942577031942 3.57626641713656 2.23381716012955 1.85169666409493 2.7017305791378 2.41937698423862 1.98859718441963 1.95785795152187 1.90531589090824 1.28282592594624 1.22386145889759 1.5083387196064 1.5452519506216 1.58540028333664 1.42104067585685 1.19989696741104 1.20941228270531 1.22950902879238 1.26216652393341 1.39917455613613 1.4702397197485 1.56414302587509 1.68297734856606 1.78521856069565 2.14936158657074 2.45313665270805 2.36170198917389 2.35994514226913 -9999 -9999 -9999 -9999 -9999 -9999 -9999 -9999 -9999 -9999 -9999 -9999 -9999 -9999 -9999 -9999 -9999 -9999 -9999 -9999 -9999 -9999 -9999
-9999 -9999 -9999 -9999 3.93025495111942 3.83484111334148 4.12521386146545 4.21407303214073 3.3784270967756 3.01237180829048 2.79378214478493 3.69074078706595 3.45602653576778 2.15979627045718 2.02837452292442 1.76778559684753 2.33781051635742 2.03969152271748 1.93275699019432 1.80939276516438 1.69585955142975 1.31347363293171 1.17928151786327 1.14801146090031 1.63050471246243 1.49201202392578 1.25071478784084 1.30258965790272 1.33464375436306 1.43039162456989 1.57476332187653 1.66413545608521 1.80234373211861 1.92108135223389 2.0989517390728 2.18945825099945 4.68785834312439 5.4072506021946 -9999 -9999 -9999 -9999 -9999 -9999 -9999 -9999 -9999 -9999 -9999 -9999 -9999 -9999 -9999 -9999 -9999 -9999 -9999 -9999 -9999 -9999 -9999 -9999
-9999 -9999 -9999 -9999 4.12832261168438 3.22947301106019 4.07626470923424 4.27834305167198 3.30696512971606 3.01439008116722 2.9426127076149 3.43818399997858 2.2442295442928 2.06646875739098 1.81737776398659 1.93879154920578 1.79491880536079 1.94419455528259 1.81003461778164 1.69346136599779 1.60447968542576 1.27975460074165 1.21682301163673 1.18375802636147 1.38408488631248 1.36204677522182 1.35141767263412 1.44430442154408 1.46182261705399 1.72300661802292 1.90584345459938 1.95270504355431 2.0679972410202 2.14988633394241 2.50602571964264 2.5028475522995 3.37342172319239 -9999 -9999 -9999 -9999 -9999 -9999 -9999 -9999 -9999 -9999 -9999 -9999 -9999 -9999 -9999 -9999 -9999 -9999 -9999 -9999 -9999 -9999 -9999 -9999 -9999
-9999 50.5168151642357 4.07442114045543 4.05606399084392 3.85404213478691 3.44964882205514 4.02518627643585 3.92509308457375 3.2364182812827 2.84168282151222 2.69007548689842 2.61138096451759 2.79295398294926 2.40849182009697 1.63119919896126 1.93261497616768 1.4954592436552 1.74564921855927 1.6638695821166 1.60761988162994 1.44433523118496 1.42474939064546 1.36644042134285 1.44901884198189 1.4283184915781 1.37267039716244 1.35732019543648 1.44353878498077 1.53612774610519 1.9136716067791 1.96701716780663 2.08453402519226 2.21727499365807 2.34745121598244 3.22547388076782 27.9487143392148 -9999 -9999 -9999 -9999 -9999 -9999 -9999 -9999 -9999 -9999 -9999 -9999 -9999 -9999 -9999 -9999 -9999 -9999 -9999 -9999 -9999 -9999 -9999 -9999 -9999 -9999
5.20510316491127 7.69006524767194 5.29934365408761 3.60765441467887 3.48727931295122 3.56592173235757 3.37483952726637 3.46702863488879 3.03813564777374 3.13778119820815 3.21617179650527 3.02895410244281 2.30766771733761 1.61231364011765 1.69292544722557 1.6163083255291 1.44005354046822 1.39970528483391 1.40598379969597 1.40989512205124 1.64661350846291 1.52641508281231 1.46453863978386 1.42002790868282 1.40771291255951 1.40900745391846 1.54836171269417 1.68043890595436 1.74829775691032 1.99806904792786 2.19800112247467 2.48476918719032 2.66317784786224 -9999 -9999 -9999 -9999 -9999 -9999 -9999 -9999 -9999 -9999 -9999 -9999 -9999 -9999 -9999 -9999 -9999 -9999 -9999 -9999 -9999 -9999 -9999 -9999 -9999 -9999 -9999 -9999 -9999
4.55135143855039 4.84866980143956 3.69738852977753 3.75302200657981 3.43910473585129 3.44876205921173 3.50230807065964 3.1555817425251 2.62588557600975 2.60329374670982 2.16658952832222 3.08353870648604 1.574288803339 1.47075237035751 1.55132193267345 1.5420728713274 1.44935384988785 1.52124199569225 1.62295840680599 1.69641231894493 1.65956424041228 1.49384854137897 1.55705460906029 1.57178392410278 1.63978444933891 1.748442953825 1.88108786344528 1.9723549425602 2.17961694002152 2.45589838027954 2.72111490368843 3.38399101495743 3.2022835558111 5.9866336446542 7.78560093701896 7.1438229228511 -9999 -9999 -9999 -9999 -9999 -9999 -9999 -9999 -9999 -9999 -9999 -9999 -9999 -9999 -9999 -9999 -9999 -9999 -9999 -9999 -9999 -9999 -9999 -9999 -9999 -9999
4.50302812457085 3.4113575220108 3.70609678540911 4.05579379626683 3.70226174592972 3.46236324310303 3.16362977027893 2.82062268257141 2.51588779687881 2.29686605930328 2.0624241232872 1.30902818929065 1.42808610498905 1.5044544428587 1.32517893612385 1.45452379435301 1.75514541864395 1.71253190338612 2.36786080598831 1.54696208238602 1.71117566227913 1.63007994890213 1.61363115906715 1.75809393525124 1.97734102606773 1.99912465810776 2.11646790504456 2.1516036093235 2.63492968407544 3.12137401103973 3.70748808899441 -9999 -9999 -9999 -9999 -9999 -9999 -9999 -9999 -9999 -9999 -9999 -9999 -9999 -9999 -9999 -9999 -9999 -9999 -9999 -9999 -9999 -9999 -9999 -9999 -9999 -9999 -9999 -9999 -9999 -9999 -9999
4.12400349548885 3.95188026768821 4.05455824307033 3.69540228162493 3.58798880236489 3.23561715162717 3.28213312075688 2.78691079941663 2.56704565611753 1.9275570566004 1.77317269823768 1.14922700415958 1.10305718129331 1.1016646027565 1.13977373730053 1.64149231463671 1.44687727364627 1.41959571296519 1.50393083420667 1.69131049242887 1.78423255140131 1.64737681909041 1.64642895893617 2.25324506163597 2.3676500916481 2.44188609448346 2.62813717668707 2.66313889893619 3.19928330183029 3.53844758868217 3.41091093420982 3.6216905862093 -9999 -9999 -9999 -9999 -9999 -9999 47.5327828037205 12.6942715644836 -9999 -9999 -9999 -9999 -9999 -9999 -9999 -9999 -9999 -9999 -9999 -9999 -9999 -9999 -9999 -9999 -9999 -9999 -9999 -9999 -9999 -9999
4.63068614403407 4.23119800431388 4.39234593936375 4.29670894145966 3.81229026317596 4.09013447035914 3.70619356632233 3.33649492263794 2.73461167378859 1.80833905935287 1.57019627094269 1.45674560219049 1.23136986047029 1.25170460343361 1.34295558929443 1.52788203209639 1.31639942797748 1.48943364078348 1.66387258334593 1.79396313428879 2.56381814181805 2.15319337248802 2.24980975985527 2.49894239902496 2.64077951691367 2.81797757744789 2.93686357140541 2.94263090193272 3.07544919848442 3.89103269577026 4.50225937540514 3.42093944549561 -9999 -9999 -9999 -9999 -9999 -9999 -9999 -9999 -9999 -9999 -9999 -9999 -9999 -9999 -9999 -9999 -9999 -9999 -9999 -9999 -9999 -9999 -9999 -9999 -9999 -9999 -9999 -9999 -9999 -9999
-9999 -9999 -9999 -9999 -9999 4.75150593510874 3.03057116620681 3.00877033174038 2.55762297456915 1.69305257499218 1.37980893999338 1.15923410654068 1.22728633135557 1.26652219891548 1.3487102240324 1.43417283621701 1.54463309591467 1.42281969568946 1.73319378766147 2.86512069404125 3.00708228349686 2.27846844629808 3.29931557178497 2.73383934006971 2.84654456377029 3.32269236445427 -9999 -9999 -9999 -9999 -9999 -9999 -9999 -9999 -9999 -9999 -9999 -9999 -9999 -9999 -9999 -9999 -9999 -9999 -9999 -9999 -9999 -9999 -9999 -9999 -9999 -9999 -9999 -9999 -9999 -9999 -9999 -9999 -9999 -9999 -9999 -9999
-9999 -9999 -9999 -9999 -9999 -9999 3.39829518965312 2.55350397527218 1.90619847178459 1.4263775870204 1.29336485266685 1.39224560558796 1.43556920439005 1.37021611495451 1.54975128715689 1.71609894795851 1.89352296157317 2.18183344602585 2.61708734929562 3.35831750929356 3.68085643223354 3.52653687000275 3.41457209587097 2.92335270751606 -9999 -9999 -9999 -9999 -9999 -9999 -9999 -9999 -9999 -9999 -9999 -9999 -9999 -9999 -9999 -9999 -9999 -9999 -9999 -9999 -9999 -9999 -9999 -9999 -9999 -9999 -9999 -9999 -9999 -9999 -9999 -9999 -9999 -9999 -9999 -9999 -9999 -9999
