EcologicalScience/Bass/data/rs_data_bass/chl_474.asc
NCOLS 226 
NROWS 124 
XLLCORNER -9.41648524995501 
YLLCORNER 47.587301625531 
CELLSIZE 0.0833 
NODATA_value -9999 
[rows 54 to 80 of 124, columns 124 to 185 of 226]
4.13733887672424 3.92783546447754 4.05979335308075 4.6162987947464 6.874751329422 7.29939579963684 5.45844519138336 3.68040990829468 3.41285634040833 3.0429847240448 2.96197879314423 2.56002366542816 2.51625376939774 2.11512833833694 3.39460945129395 4.31152188777924 3.843581199646 9.67574572563171 7.15579748153687 15.5861449241638 14.6774024963379 14.0538325309753 11.4693853855133 5.49646890163422 5.32225120067596 4.22725045681 3.66925942897797 3.37348186969757 3.13802397251129 2.98265701532364 3.31836462020874 3.13885259628296 3.02833735942841 3.30026757717133 2.90760380029678 2.46262729167938 2.54009932279587 2.38951277732849 1.35389399528503 1.54388773441315 1.90117871761322 2.56714582443237 3.23896586894989 3.67666482925415 4.26804685592651 5.51119065284729 7.58120656013489 11.0788013935089 13.4171276092529 13.9741287231445 11.2461233139038 7.11009635925293 10.476930141449 9.70548248291016 9.55671715736389 44.0526741027832 6.98401436805725 7.64149775505066 7.35273785591125 6.72082387908431 6.53587818145752 -9999
4.2391619682312 3.83607387542725 3.6317446231842 3.94742023944855 5.54426085948944 7.24371457099915 5.67035400867462 4.4125349521637 3.44379436969757 4.72383892536163 7.46274304389954 5.18311858177185 2.4700500369072 2.37645077705383 4.62249541282654 3.87989276647568 5.11363416910172 19.0323314666748 17.6502456665039 6.8886444568634 16.7502951622009 17.4002194404602 14.3137736320496 7.89074921607971 4.33279359340668 3.72141587734222 3.49312126636505 3.41116511821747 3.2278425693512 3.05489552021027 3.94611060619354 3.74160826206207 3.53467869758606 3.28893899917603 2.19116020202637 1.62982875108719 1.52973818778992 1.67277592420578 1.84009569883347 2.67097055912018 3.20654833316803 3.31901264190674 3.47410869598389 5.65962839126587 8.27737712860107 9.99774956703186 13.2842874526978 15.6797132492065 14.2624611854553 14.7043862342834 15.6185517311096 11.5930051803589 11.7496068477631 9.69317293167114 29.9539381027222 9.04467553358812 10.5720698833466 -9999 -9999 -9999 -9999 -9999
4.13722586631775 4.06319546699524 3.99796879291534 3.29062557220459 3.00911486148834 3.45486688613892 4.2984516620636 4.45312714576721 5.37805652618408 9.15752577781677 9.53185486793518 9.82990765571594 2.6217765212059 2.66232669353485 4.62454032897949 4.33457171916962 4.53566175699234 6.0233114361763 18.3921318054199 15.8407645225525 13.6488275527954 11.7568860054016 8.95307564735413 7.21963405609131 3.74161720275879 3.51586067676544 3.6785534620285 3.69434022903442 3.7263525724411 3.39680027961731 4.13817822933197 4.31037139892578 2.95626300573349 2.27287870645523 1.57136106491089 1.38839703798294 1.4064667224884 2.22791630029678 2.44217920303345 2.74565917253494 2.96523606777191 3.21825313568115 5.14816188812256 7.24908542633057 13.0529880523682 22.5357813835144 21.3526182174683 2.90132158845663 11.8232402801514 11.0192785263062 13.1894316673279 14.7685661315918 9.16331763267517 5.23213273286819 9.86727476119995 -9999 -9999 -9999 -9999 -9999 -9999 -9999
4.43564021587372 4.48380088806152 4.52171623706818 3.83323645591736 2.8376669883728 3.03626382350922 3.17044651508331 5.8100870847702 8.55726385116577 8.87521576881409 7.80597424507141 7.24868273735046 3.78668761253357 2.80411273241043 3.82691860198975 6.05252480506897 3.8453414440155 10.311767578125 7.65715169906616 6.61069178581238 8.86286544799805 6.24875020980835 3.60928666591644 4.16718757152557 3.85414266586304 3.62976837158203 3.88917446136475 4.33543646335602 5.12187016010284 4.67124617099762 3.99474906921387 3.55110883712769 2.1929190158844 1.75417041778564 1.59323018789291 1.69641602039337 1.75037705898285 1.87554144859314 1.9414342045784 2.38834655284882 2.98629373311996 4.25145149230957 7.08459734916687 10.3573801517487 15.9494676589966 19.777195930481 74.3732357025146 12.4258637708776 14.4430232048035 15.5671949386597 16.6027908325195 15.4999866485596 8.06692004203796 10.7109801447069 -9999 -9999 -9999 -9999 -9999 -9999 -9999 -9999
6.86794996261597 5.83516037464142 4.9993371963501 4.7568519115448 3.73711788654327 3.83871209621429 3.94221532344818 4.40133368968964 6.16828680038452 7.27884793281555 7.45331597328186 8.40679979324341 5.02917659282684 3.34826409816742 3.89116108417511 4.55499601364136 4.40286684036255 5.25313353538513 4.66361546516418 3.71234929561615 3.66043782234192 3.2870671749115 3.48152160644531 3.62705683708191 4.30772638320923 5.01219606399536 5.35099732875824 5.79274499416351 4.81701385974884 4.986412525177 2.98582273721695 1.92596769332886 2.0928892493248 3.70960664749146 3.21017181873322 3.09908258914948 2.71347069740295 2.62375277280807 2.05598706007004 2.12058216333389 3.34831345081329 7.69152975082397 10.1202285289764 14.7750806808472 19.8980755805969 24.0101652145386 11.9662432670593 10.6534107685089 41.6404294967651 25.6097030639648 27.9730825424194 22.9446315765381 26.0465669631958 27.6686382293701 -9999 -9999 -9999 -9999 -9999 -9999 -9999 -9999
20.3765532016754 8.00082993507385 6.85996770858765 6.25670528411865 7.59834766387939 5.6080334186554 4.57730162143707 4.17390060424805 4.07158863544464 3.78514266014099 6.51339197158813 5.51209580898285 4.98848032951355 5.4710408449173 4.25212275981903 4.42388999462128 3.76414132118225 4.09255063533783 3.72614014148712 3.6485903263092 3.70002222061157 3.56140565872192 3.46591436862946 4.54516804218292 2.83984726667404 3.44494664669037 5.76136636734009 4.09284961223602 4.89710175991058 5.26321363449097 5.21807169914246 6.92877745628357 7.32564640045166 6.8800048828125 6.37288928031921 4.85901081562042 3.05530858039856 2.34925872087479 2.11421692371368 2.7238050699234 7.72743773460388 9.68062663078308 12.4249863624573 15.6606373786926 35.7570362091064 8.91902947425842 9.14630381266276 14.0243544578552 22.0814671516418 8.48886871337891 17.2290029525757 25.0437641143799 35.0848073959351 46.3461799621582 -9999 -9999 -9999 -9999 -9999 -9999 -9999 -9999
-9999 -9999 -9999 -9999 -9999 2.28387522697449 5.24435091018677 4.94571232795715 4.53830409049988 3.40734815597534 3.74163901805878 5.21616303920746 5.17337107658386 5.13117814064026 5.73474526405334 4.53802335262299 3.55141067504883 3.50258839130402 3.51241564750671 3.63584411144257 4.07758641242981 4.40719056129456 4.35592138767242 4.45090734958649 4.56595408916473 6.48813414573669 6.38364887237549 8.13370084762573 9.48885941505432 9.58971691131592 8.72146081924438 8.23339247703552 7.80740332603455 7.28281259536743 6.65093350410461 3.70022642612457 2.53407597541809 2.25680708885193 2.65885055065155 3.64129722118378 9.00164222717285 13.1944169998169 18.8798418045044 22.4513826370239 35.0112533569336 9.56027620394253 -9999 -9999 -9999 -9999 14.1518940925598 18.3510060310364 21.2387323379517 33.2706356048584 28.4660425186157 -9999 -9999 -9999 -9999 -9999 -9999 -9999
-9999 -9999 -9999 -9999 -9999 -9999 -9999 -9999 5.68683671951294 4.84756207466125 3.70282423496246 3.71269261837006 3.7607274055481 3.85973417758942 3.82701444625854 3.70841610431671 3.45676052570343 3.19915366172791 3.6002916097641 3.85241997241974 4.02896404266357 4.51993560791016 4.55423784255981 4.59173262119293 4.69773960113525 8.57328701019287 10.6129195690155 11.0657365322113 10.6269342899323 9.44016122817993 7.98633098602295 7.06213903427124 5.96705031394958 5.2274204492569 3.83881723880768 3.07184386253357 2.91082280874252 3.17136526107788 3.57309365272522 8.04375600814819 10.1259155273438 13.0720410346985 12.9681158065796 14.1874136924744 2.89099166943477 29.0682649612427 -9999 -9999 -9999 -9999 17.548882484436 12.7487096786499 14.338315486908 26.1835985183716 42.6837873458862 68.2615928649902 68.2615928649902 -9999 -9999 -9999 -9999 -9999
-9999 -9999 -9999 -9999 -9999 -9999 -9999 -9999 -9999 6.65822911262512 4.31157767772675 4.03132045269012 4.02032160758972 3.98768627643585 3.95662415027618 3.65671420097351 3.20564317703247 3.3530580997467 3.94203221797943 3.78157496452332 3.72515165805817 1.95351594686508 2.38892251253128 3.39907515048981 9.59256505966187 10.9235823154449 10.8689789772034 11.4456961154938 11.0072708129883 9.48146367073059 6.93353533744812 5.31376111507416 4.1424697637558 3.85917985439301 3.53235161304474 3.5964013338089 4.18531858921051 4.56310951709747 5.53619849681854 7.72821450233459 9.01926612854004 11.0489337444305 14.6038870811462 34.3158473968506 10.024087861325 -9999 -9999 -9999 -9999 -9999 -9999 -9999 25.4498660266399 13.8635988235474 24.9611692428589 39.8161525726318 10.8786277770996 -9999 -9999 -9999 -9999 -9999
-9999 -9999 -9999 -9999 -9999 -9999 -9999 -9999 -9999 4.3704868555069 4.60819709300995 4.02937138080597 3.928013920784 3.91431283950806 3.8931884765625 3.8125079870224 3.30958485603333 3.42842853069305 3.51735520362854 4.68821847438812 3.54314088821411 1.95125842094421 2.15228408575058 5.13163805007935 9.79874181747437 12.4390025138855 13.0409116744995 12.1192674636841 12.0785307884216 10.6951353549957 8.7096540927887 6.05607104301453 4.45672345161438 5.00147616863251 5.92063343524933 6.70073246955872 6.59732794761658 7.25414299964905 8.36364340782166 8.89314579963684 10.2560083866119 16.9341859817505 24.3253526687622 37.2674560546875 11.2034797373327 33.0447750091553 -9999 -9999 -9999 15.3041281700134 14.4822034835815 13.8929657936096 13.4372849464417 14.7120566368103 13.8206133842468 14.9075074195862 12.7436973430492 -9999 -9999 -9999 -9999 -9999
-9999 -9999 -9999 -9999 -9999 -9999 -9999 -9999 -9999 4.97573053836823 4.42512166500092 4.079709649086 3.95472085475922 3.88692140579224 4.02431488037109 3.91970694065094 3.80711388587952 3.83871138095856 3.8655606508255 3.11699545383453 2.40475791692734 1.34959727525711 1.3274302482605 2.24459552764893 7.49125957489014 11.0681791305542 11.3872089385986 11.1805822849274 11.2543129920959 10.8903343677521 9.58682870864868 7.29575443267822 6.27231073379517 6.40047025680542 7.04957842826843 7.6840832233429 7.32493114471436 9.52455425262451 12.0148415565491 14.1298799514771 16.4074745178223 27.973217010498 44.8386240005493 5.06712155342102 7.35256579836595 -9999 -9999 -9999 -9999 12.7338151931763 14.858081817627 14.2534087944031 10.3816103935242 14.7283987998962 16.2131924629211 -9999 -9999 -9999 -9999 -9999 -9999 -9999
-9999 -9999 -9999 -9999 -9999 -9999 -9999 -9999 -9999 3.67937564849854 4.48533689975739 4.10274231433868 3.89098942279816 3.87332475185394 3.74017667770386 3.82102489471436 3.74476790428162 3.77838599681854 3.7756530046463 4.47024965286255 3.59500873088837 2.25679868459702 2.19206321239471 8.46298813819885 8.84054803848267 10.4127595424652 14.386622428894 13.2629828453064 11.6964447498322 11.1491396427155 9.63707971572876 8.18236684799194 7.46881699562073 7.93477535247803 9.01592016220093 8.67422246932983 9.15385293960571 12.7799205780029 15.3864755630493 19.0840859413147 16.9192643165588 40.6734781265259 50.9652614593506 6.49423863123922 3.86466658115387 -9999 -9999 -9999 -9999 -9999 11.9986074662978 13.3500647361462 13.85045506404 15.7076591294387 -9999 -9999 -9999 -9999 -9999 -9999 -9999 -9999
-9999 -9999 -9999 -9999 -9999 -9999 -9999 -9999 -9999 4.47334957122803 4.58868885040283 4.12340319156647 3.87803399562836 3.79040694236755 3.60340797901154 3.69401550292969 3.57858538627625 3.52546942234039 4.2237811088562 3.6077663898468 1.78960955142975 2.07256346940994 3.8706990480423 10.8580305576324 12.1784334182739 11.4589140415192 11.721875667572 12.4966077804565 9.75708603858948 9.21774458885193 8.30350255966187 7.2112090587616 7.67429995536804 9.02589797973633 9.52983641624451 9.25302314758301 12.2492980957031 16.268189907074 19.4002690315247 25.8767910003662 25.9059906005859 6.17234873771667 5.79289269447327 7.66254959349493 3.86466693878174 -9999 -9999 -9999 -9999 12.1949715614319 -9999 -9999 -9999 -9999 -9999 -9999 -9999 -9999 -9999 -9999 -9999 -9999
-9999 -9999 -9999 -9999 -9999 -9999 -9999 -9999 -9999 4.11118340492249 3.84149158000946 3.85251009464264 3.83696758747101 3.64387142658234 3.34424614906311 3.51993012428284 3.57550513744354 3.94650542736053 4.03245985507965 3.566486120224 2.22276824712753 3.68573999404907 6.19279432296753 9.69601249694824 11.1855111122131 13.0878653526306 9.92702007293701 11.2785179615021 9.88957214355469 8.92174315452576 8.6700975894928 8.74367666244507 8.56428837776184 8.13940358161926 8.84702968597412 9.35704851150513 11.7578272819519 15.8010349273682 19.6083283424377 34.3594264984131 26.6772394180298 13.9588465690613 9.64310480801027 -9999 -9999 -9999 -9999 -9999 -9999 -9999 -9999 -9999 -9999 -9999 -9999 -9999 -9999 -9999 -9999 -9999 -9999 -9999
-9999 -9999 -9999 -9999 -9999 -9999 -9999 -9999 3.87030348096575 3.97905313968658 3.8632904291153 3.80805373191833 3.91224753856659 3.62755501270294 3.76139008998871 3.5842798948288 3.73085618019104 3.91710841655731 3.07380831241608 3.5095192193985 5.82407927513123 8.72070407867432 8.81800532341003 8.13408422470093 7.1295018196106 7.3389687538147 6.3451988697052 9.77928328514099 12.0715842247009 9.95953059196472 10.1490712165833 10.7395384311676 9.61972832679749 9.0444016456604 9.73042559623718 12.8904376029968 11.5535023212433 10.0801348686218 11.9402725696564 18.9521899223328 19.8262138366699 6.35156026482582 15.7161486263735 -9999 -9999 -9999 -9999 -9999 -9999 -9999 -9999 -9999 -9999 -9999 -9999 -9999 -9999 -9999 -9999 -9999 -9999 -9999
-9999 -9999 -9999 -9999 -9999 -9999 -9999 3.28386068344116 3.07631008284433 3.80498099327087 3.84570014476776 4.28325212001801 5.00166213512421 4.40451979637146 4.59585607051849 3.99378454685211 4.067342877388 7.34055233001709 9.17682123184204 9.98645353317261 12.78360414505 10.716388463974 7.83611583709717 6.79703450202942 5.98254883289337 4.16670155525208 7.58803224563599 8.93802380561829 10.1295275688171 11.682496547699 9.45930075645447 10.2118570804596 11.224125623703 9.03007221221924 8.24108505249023 7.15507650375366 7.32931566238403 6.45758056640625 6.075679063797 5.90804779529572 22.7846231095999 5.69786846637726 3.25656187534332 -9999 -9999 -9999 -9999 -9999 -9999 -9999 -9999 -9999 -9999 -9999 -9999 -9999 -9999 -9999 -9999 -9999 -9999 -9999
-9999 -9999 -9999 -9999 -9999 -9999 4.61651607922145 4.06745067664555 3.94138956069946 3.85330438613892 4.14268577098846 4.8635094165802 5.57939171791077 4.27412545681 4.04381489753723 5.41898703575134 6.86987042427063 14.0991983413696 17.9365739822388 12.5889358520508 11.0146436691284 10.8804388046265 6.89837765693665 6.24418258666992 6.63483667373657 6.55740666389465 8.41209483146667 8.45238161087036 8.61909127235413 9.96317481994629 7.79351878166199 7.4457221031189 6.90668821334839 5.32892382144928 5.4210262298584 4.93718254566193 5.2941974401474 5.02814412117004 4.55274832248688 9.83150911331177 -9999 -9999 -9999 -9999 -9999 -9999 -9999 -9999 -9999 -9999 -9999 -9999 -9999 -9999 -9999 -9999 -9999 -9999 -9999 -9999 -9999 -9999
-9999 -9999 -9999 -9999 3.42331635035001 4.42866361141205 4.2572203874588 4.14157783985138 3.79603278636932 3.74164259433746 4.5830991268158 5.78971409797668 6.21167421340942 3.63757038116455 3.94110059738159 7.93030500411987 15.4607791900635 16.874071598053 12.3608350753784 11.4913544654846 9.87626767158508 6.69108653068542 6.32887744903564 7.0483124256134 7.18400359153748 8.49201321601868 9.7471911907196 10.314079284668 10.1647095680237 9.72198128700256 7.11743259429932 6.83159923553467 6.20421051979065 6.57613849639893 5.51173567771912 7.04764580726624 6.58637523651123 4.16493959086282 -9999 -9999 -9999 -9999 -9999 -9999 -9999 -9999 -9999 -9999 -9999 -9999 -9999 -9999 -9999 -9999 -9999 -9999 -9999 -9999 -9999 -9999 -9999 -9999
-9999 -9999 -9999 -9999 4.47803351283073 4.39406490325928 4.26171362400055 4.03380525112152 3.80783843994141 4.13833343982697 4.76016139984131 5.44460105895996 4.12384128570557 3.54203617572784 5.30297255516052 10.6906249523163 15.3569827079773 17.7026696205139 14.6743054389954 13.4405279159546 14.9701108932495 8.7130823135376 8.95121455192566 8.42003417015076 8.54672241210938 11.4138815402985 12.9062604904175 14.118335723877 12.0938515663147 10.7528414726257 9.44115614891052 9.54517292976379 10.0591177940369 11.4142906665802 9.32282423973083 7.22035431861877 8.6484968662262 20.2356777191162 -9999 -9999 -9999 -9999 -9999 -9999 -9999 -9999 -9999 -9999 -9999 -9999 -9999 -9999 -9999 -9999 -9999 -9999 -9999 -9999 -9999 -9999 -9999 -9999
-9999 -9999 3.64903163909912 4.28949594497681 3.95558363199234 4.20250868797302 4.14548027515411 4.50273513793945 3.98514211177826 4.20137321949005 4.06994390487671 4.11468136310577 4.28768563270569 6.47659063339233 10.2552373409271 15.0704255104065 12.85524559021 15.5908470153809 17.8665447235107 10.481237411499 8.20526933670044 10.1561365127563 10.1762430667877 10.6376624107361 10.3640034198761 12.5470433235168 17.0335536003113 14.5848054885864 18.0528945922852 15.8870801925659 12.6123361587524 11.6647396087646 10.867199420929 4.7249983549118 19.19647698743 12.3817921673998 -9999 -9999 -9999 -9999 -9999 -9999 -9999 -9999 -9999 -9999 -9999 -9999 -9999 -9999 -9999 -9999 -9999 -9999 -9999 -9999 -9999 -9999 -9999 -9999 -9999 -9999
4.34957371887408 4.14107555150986 3.81932079792023 5.7257444858551 5.36983788013458 6.4559326171875 5.91530549526215 5.439288854599 4.40801310539246 4.22544085979462 4.70909249782562 4.72498655319214 10.2120344638824 13.1287980079651 14.6356101036072 22.9953846931458 13.8972415924072 13.6352934837341 10.4718554019928 10.76225066185 15.1800227165222 11.864795923233 11.8265962600708 11.6515574455261 17.1105108261108 16.5640797615051 20.4373669624329 19.4976725578308 16.3944125175476 20.1636171340942 16.418306350708 12.5993671417236 14.0593528747559 9.34804272651672 -9999 -9999 -9999 -9999 -9999 -9999 -9999 -9999 -9999 -9999 -9999 -9999 -9999 -9999 -9999 -9999 -9999 -9999 -9999 -9999 -9999 -9999 -9999 -9999 -9999 -9999 -9999 -9999
4.97063677961176 5.44467151165009 8.16713690757751 7.30152583122253 6.12553954124451 6.68923830986023 5.42272639274597 5.57485270500183 4.71561133861542 5.16132688522339 4.58618402481079 7.55980825424194 10.9684281349182 10.4591975212097 14.1731986999512 9.69175958633423 11.4193260669708 11.3955845832825 11.1641507148743 14.5503716468811 8.9735426902771 19.1772093772888 16.2653675079346 17.5556702613831 15.7460675239563 17.8793206214905 19.6415734291077 21.497739315033 19.9860391616821 16.5502324104309 17.4176874160767 22.3235921859741 29.8544368743896 7.67330065369606 6.57789105176926 8.60281073324608 -9999 -9999 -9999 -9999 -9999 -9999 -9999 -9999 -9999 -9999 -9999 -9999 -9999 -9999 -9999 -9999 -9999 -9999 -9999 -9999 -9999 -9999 -9999 -9999 -9999 -9999
7.9276978969574 7.03872799873352 6.61994004249573 6.5701060295105 6.07327723503113 5.60874366760254 5.69641363620758 4.50283885002136 4.31359040737152 3.67829096317291 4.62404465675354 17.7035565376282 13.520929813385 12.022876739502 10.850405216217 8.53086733818054 10.5724718570709 10.7614545822144 10.2397742271423 11.9652750492096 8.22741508483887 7.83267116546631 6.94889616966248 7.62542724609375 15.6693005561829 26.2505950927734 31.1253032684326 22.4846706390381 15.3435115814209 15.986207485199 4.02738884687424 4.40436959266663 -9999 -9999 -9999 -9999 -9999 -9999 -9999 -9999 -9999 -9999 -9999 -9999 -9999 -9999 -9999 -9999 -9999 -9999 -9999 -9999 -9999 -9999 -9999 -9999 -9999 -9999 -9999 -9999 -9999 -9999
8.72732377052307 9.23629403114319 8.34681272506714 6.41190361976624 6.85557103157043 5.71505033969879 5.689248919487 3.74982833862305 3.95877063274384 4.88116121292114 4.96156275272369 22.6765251159668 12.328236579895 10.5997166633606 10.8605575561523 12.3656229972839 9.18354606628418 13.4149503707886 17.5397114753723 10.1682064533234 10.1610732078552 10.6088705062866 15.3332633972168 15.8219132423401 12.7427458763123 14.6508207321167 15.8531312942505 19.1380734443665 15.7219777107239 16.5493354797363 5.83897197246552 6.38617363572121 -9999 -9999 -9999 -9999 -9999 -9999 13.9540141466502 12.6942715644836 -9999 -9999 -9999 -9999 -9999 -9999 -9999 -9999 -9999 -9999 -9999 -9999 -9999 -9999 -9999 -9999 -9999 -9999 -9999 -9999 -9999 -9999
7.40727353096008 11.7059648036957 9.29049897193909 10.3199393749237 9.47810196876526 3.89838579297066 3.25034666061401 5.52691876888275 5.42177617549896 4.31243705749512 3.79756414890289 7.63052701950073 8.83292770385742 7.2981870174408 7.90127420425415 6.56946086883545 11.5740923881531 9.83008432388306 11.1575739383698 14.9933853149414 21.3348054885864 23.0701704025269 6.72418069839478 13.6241612434387 10.9651501178741 10.4323282241821 11.4352498054504 5.47730569839478 4.93302683830261 4.81381001472473 3.23560746816488 3.42093944549561 -9999 -9999 -9999 -9999 -9999 -9999 -9999 -9999 -9999 -9999 -9999 -9999 -9999 -9999 -9999 -9999 -9999 -9999 -9999 -9999 -9999 -9999 -9999 -9999 -9999 -9999 -9999 -9999 -9999 -9999
-9999 -9999 -9999 -9999 -9999 6.24513594253913 5.33839988708496 5.41248071193695 5.36396169662476 4.36148250102997 4.45252132415771 9.34754991531372 7.63379216194153 6.49299073219299 6.28802418708801 10.9598686695099 12.868143081665 12.9154272079468 17.7004194259644 18.9429960250854 14.9226565361023 18.7537078857422 12.5751986503601 9.22011691331863 8.85043873786926 12.0227247476578 5.84842443466187 -9999 -9999 -9999 -9999 -9999 -9999 -9999 -9999 -9999 -9999 -9999 -9999 -9999 -9999 -9999 -9999 -9999 -9999 -9999 -9999 -9999 -9999 -9999 -9999 -9999 -9999 -9999 -9999 -9999 -9999 -9999 -9999 -9999 -9999 -9999
-9999 -9999 -9999 -9999 -9999 4.59236168861389 3.1874932050705 5.18502223491669 5.75644183158875 8.45569753646851 9.96286082267761 7.47002220153809 7.77307391166687 8.34414267539978 9.51078200340271 14.1777420043945 13.7927041053772 15.4845814704895 19.3075575828552 18.2589840888977 11.5536053180695 16.0865836143494 16.9181142747402 3.39807117369867 -9999 -9999 -9999 -9999 -9999 -9999 -9999 -9999 -9999 -9999 -9999 -9999 -9999 -9999 -9999 -9999 -9999 -9999 -9999 -9999 -9999 -9999 -9999 -9999 -9999 -9999 -9999 -9999 -9999 -9999 -9999 -9999 -9999 -9999 -9999 -9999 -9999 -9999
