EcologicalScience/Bass/data/rs_data_bass/chl_207.asc
NCOLS 226 
NROWS 124 
XLLCORNER -9.41648524995501 
YLLCORNER 47.587301625531 
CELLSIZE 0.0833 
NODATA_value -9999 
[rows 81 to 107 of 124, columns 62 to 123 of 226]
3.85158455371857 5.97498106956482 7.6620512008667 7.66205191612244 -9999 -9999 -9999 -9999 -9999 -9999 -9999 -9999 -9999 -9999 -9999 -9999 -9999 -9999 -9999 -9999 -9999 -9999 -9999 -9999 -9999 -9999 -9999 -9999 -9999 -9999 -9999 -9999 -9999 -9999 -9999 -9999 -9999 -9999 -9999 -9999 -9999 -9999 -9999 -9999 -9999 -9999 -9999 -9999 -9999 -9999 -9999 -9999 -9999 -9999 -9999 -9999 -9999 -9999 -9999 -9999 -9999 -9999
2.98719616711718 -9999 -9999 -9999 -9999 -9999 -9999 -9999 -9999 -9999 -9999 -9999 -9999 -9999 -9999 -9999 -9999 -9999 -9999 -9999 -9999 -9999 -9999 -9999 -9999 -9999 -9999 -9999 -9999 -9999 -9999 -9999 -9999 -9999 -9999 -9999 -9999 -9999 -9999 -9999 -9999 -9999 -9999 -9999 -9999 -9999 -9999 -9999 -9999 -9999 -9999 -9999 -9999 -9999 -9999 -9999 -9999 -9999 -9999 -9999 -9999 -9999
-9999 -9999 -9999 -9999 -9999 -9999 -9999 -9999 -9999 -9999 -9999 -9999 -9999 -9999 -9999 -9999 -9999 -9999 -9999 -9999 -9999 -9999 -9999 -9999 -9999 -9999 -9999 -9999 -9999 -9999 -9999 -9999 -9999 -9999 -9999 -9999 -9999 -9999 -9999 -9999 -9999 -9999 -9999 -9999 -9999 -9999 -9999 -9999 -9999 -9999 -9999 -9999 -9999 -9999 -9999 -9999 -9999 -9999 -9999 -9999 -9999 -9999
-9999 -9999 -9999 -9999 -9999 -9999 -9999 -9999 -9999 -9999 -9999 -9999 -9999 -9999 -9999 -9999 -9999 -9999 -9999 -9999 -9999 -9999 -9999 -9999 -9999 -9999 -9999 -9999 -9999 -9999 -9999 -9999 -9999 -9999 -9999 -9999 -9999 -9999 -9999 -9999 -9999 -9999 -9999 -9999 -9999 -9999 -9999 -9999 -9999 -9999 -9999 -9999 -9999 -9999 -9999 -9999 -9999 2.35257822275162 5.49047761304038 2.0270516872406 1.90064781904221 1.90894728899002
-9999 -9999 -9999 -9999 -9999 -9999 -9999 -9999 -9999 -9999 -9999 -9999 -9999 -9999 -9999 -9999 -9999 -9999 -9999 -9999 -9999 -9999 -9999 -9999 -9999 -9999 -9999 -9999 -9999 -9999 -9999 -9999 -9999 -9999 -9999 -9999 37.1749906539917 -9999 4.39913642406464 4.08013808727264 -9999 -9999 1.65153316408396 1.47260624170303 1.58005499839783 1.6676339507103 1.874771296978 2.03967905044556 1.78771501779556 1.88765931129456 3.12632238864899 3.80067086219788 -9999 -9999 -9999 2.95217996835709 3.0925133228302 2.18944269418716 2.34348142147064 1.94428950548172 1.36715027689934 1.28188803792
-9999 -9999 -9999 -9999 -9999 -9999 -9999 -9999 -9999 -9999 -9999 -9999 -9999 1.87450985068625 1.16319251060486 0.994369491934776 0.856440737843513 0.924715116620064 1.12509450316429 -9999 -9999 -9999 -9999 -9999 -9999 -9999 -9999 -9999 1.78951064497232 2.41756653785706 2.80694854259491 4.29621827602386 -9999 3.66949796676636 -9999 -9999 -9999 -9999 2.64653706550598 2.1408576965332 2.15734273195267 2.19909077882767 1.61870616674423 1.35432377457619 1.29912748932838 1.32454499602318 1.14188396930695 0.996861755847931 0.950629502534866 1.22859826683998 1.52292144298553 1.65618968009949 1.57464158535004 1.99009573459625 1.84399420022964 1.79303401708603 1.5553822517395 1.44560024142265 1.35159373283386 1.29619574546814 1.12563228607178 1.08997052907944
-9999 -9999 -9999 -9999 -9999 -9999 -9999 -9999 -9999 -9999 5.68756094276905 1.5410215370357 1.17993338406086 1.15031325817108 1.34300100803375 1.18084573745728 1.02656192332506 1.18506002426147 1.16815200448036 1.23922500014305 3.98603288585921 -9999 1.25672024488449 1.29160425066948 1.57092601060867 -9999 -9999 2.16711916668074 1.69725751876831 1.66405123472214 2.2009574174881 1.77667272090912 2.01983106136322 1.97876179218292 -9999 -9999 3.26734347246131 2.83838850259781 1.77856421470642 1.45876353979111 1.49682149291039 1.44246903061867 1.13021850585938 0.986202746629715 0.932923525571823 0.798323214054108 0.760858476161957 0.774808466434479 0.953272461891174 1.37004375457764 1.31465846300125 1.26938179135323 1.27365526556969 1.24116897583008 1.2233310341835 1.22033697366714 1.14519971609116 1.01579546928406 1.03816804289818 0.976168513298035 0.909335285425186 0.834156006574631
-9999 -9999 -9999 -9999 -9999 -9999 -9999 -9999 -9999 2.23382574319839 1.68704906702042 0.846258017420769 0.686537995934486 0.947052776813507 0.976020008325577 0.920954257249832 0.951852768659592 0.964199244976044 0.973605036735535 1.04740127921104 1.47754204273224 1.77724876999855 1.47768598794937 1.23591747879982 1.19993779063225 1.28909772634506 1.48321804404259 1.15806153416634 1.06770077347755 0.971206516027451 0.996545255184174 1.12363421916962 1.57412624359131 1.94018250703812 2.53242748975754 2.56033945083618 2.11652916669846 1.81868773698807 1.44664424657822 1.29850423336029 1.20173773169518 1.23750150203705 0.857757747173309 0.706833735108376 0.645428270101547 0.562559232115746 0.554682746529579 0.567453011870384 0.612834021449089 0.761330276727676 0.793617725372314 0.755497455596924 0.722294256091118 0.698947504162788 0.680749520659447 0.673743009567261 0.674292013049126 0.889050722122192 0.992255955934525 1.0473450422287 0.839166730642319 0.781280994415283
-9999 -9999 -9999 -9999 -9999 -9999 -9999 -9999 -9999 1.09259279072285 0.724564629793167 0.602305787801743 0.805226236581802 0.533240228891373 0.484923765063286 0.550029739737511 0.724365010857582 0.732564747333527 0.784164726734161 0.939049512147903 1.225570499897 1.15905296802521 1.19808599352837 1.06392824649811 1.00057947635651 1.05022948980331 1.05991351604462 1.03843125700951 1.05151122808456 1.06613847613335 1.05306297540665 1.18275073170662 1.36522722244263 1.7425462603569 2.0612753033638 1.76801705360413 1.50162291526794 1.34384921193123 1.03985103964806 0.98650199174881 0.908064007759094 0.840603768825531 0.714171007275581 0.703259244561195 0.677043735980988 0.648290991783142 0.636483728885651 0.647508770227432 0.586854010820389 0.534883484244347 0.525915741920471 0.546281978487968 0.546921730041504 0.579427510499954 0.595926761627197 0.595648482441902 0.648273020982742 0.685418263077736 0.678032264113426 0.677568733692169 0.90517196059227 0.963502496480942
-9999 -9999 -9999 -9999 -9999 -9999 -9999 -9999 1.52925392944237 1.33328551054001 1.40883073210716 1.05872771143913 0.825639724731445 0.558378741145134 0.489197239279747 0.462016493082047 0.550054505467415 0.606166496872902 0.640420496463776 0.827087223529816 0.94643846154213 0.938789248466492 0.938906282186508 0.92754453420639 0.894083261489868 0.960390776395798 0.981507003307343 1.00905677676201 1.03063425421715 1.02320623397827 1.02388125658035 1.13432854413986 1.13275802135468 1.15864500403404 1.20119252800941 1.20369896292686 1.1420077085495 1.09379696846008 0.814936459064484 0.756846785545349 0.718844264745712 0.716268002986908 0.757758736610413 0.793117493391037 0.789122253656387 0.745457231998444 0.660415515303612 0.628857761621475 0.613688260316849 0.62762850522995 0.651189744472504 0.671566486358643 0.700013235211372 0.675130516290665 0.725303247570992 0.732118517160416 0.686261236667633 0.642131254076958 0.627679511904716 0.60588526725769 0.780216783285141 0.967983037233353
0.96366123855114 1.03393650054932 1.39200526475906 3.21449983119965 -9999 -9999 -9999 2.35732347123763 2.39075553417206 1.84286320209503 1.06446674466133 1.02420303225517 0.96245402097702 0.708029240369797 0.628635004162788 0.65115675330162 0.674941509962082 0.689745739102364 0.670623734593391 0.701556757092476 0.757836788892746 0.806796044111252 0.901202291250229 1.01793524622917 1.08737996220589 1.00275072455406 0.923675268888474 0.877028256654739 0.782167464494705 0.759198009967804 0.722607001662254 0.704283758997917 0.696670487523079 0.702747747302055 0.698244765400887 0.708395227789879 0.695051997900009 0.683223009109497 0.699807733297348 0.728147998452187 0.747618734836578 0.734832733869553 0.726104244589806 0.771038979291916 0.803146541118622 0.809986531734467 0.833367705345154 0.723881229758263 0.679959744215012 0.60879148542881 0.660651728510857 0.775494039058685 0.937667995691299 1.02186977863312 1.06956750154495 1.09510427713394 0.758879989385605 0.64003050327301 0.641513988375664 0.623362496495247 0.678689271211624 0.740222230553627
0.664859980344772 0.67126576602459 1.04306700825691 1.45702502131462 1.57462799549103 1.01853302121162 0.969188958406448 1.25726097822189 1.34667527675629 1.24795201420784 1.05372673273087 0.921427488327026 0.852551221847534 0.811464786529541 0.703958988189697 0.685011729598045 0.735996007919312 0.827609986066818 0.811428040266037 0.785642266273499 0.764938473701477 0.915065288543701 1.10721972584724 1.08473020792007 1.00107228755951 0.96899476647377 0.938805788755417 0.893140465021133 0.845111221075058 0.835482001304626 0.803841769695282 0.70661549270153 0.677393227815628 0.678741753101349 0.670825481414795 0.658449769020081 0.631821021437645 0.60352349281311 0.591893255710602 0.62006476521492 0.630474731326103 0.639683246612549 0.687600016593933 0.767361760139465 0.772611737251282 0.811388254165649 0.771220475435257 0.750883519649506 0.711552008986473 0.724747493863106 0.763249486684799 0.812531232833862 0.935311496257782 0.860652029514313 0.790255486965179 0.780374228954315 0.611226752400398 0.674233496189117 0.735315755009651 0.77061527967453 0.704465255141258 0.795260220766068
0.564020231366158 0.569988012313843 0.575819984078407 0.553256258368492 1.16494953632355 1.39800596237183 1.32599472999573 1.38319578766823 1.32223945856094 1.33928176760674 1.44101402163506 1.33931922912598 1.10277226567268 0.984717786312103 0.690327733755112 0.571065008640289 0.586589232087135 0.608621254563332 0.582067519426346 0.606033012270927 0.692647486925125 0.9218490421772 0.784379214048386 0.77570629119873 0.748170733451843 0.721245020627975 0.709038019180298 0.701672986149788 0.720837771892548 0.731861248612404 0.73267950117588 0.693946480751038 0.730352997779846 0.746582999825478 0.727008730173111 0.624317988753319 0.638931021094322 0.715616270899773 0.670843496918678 0.64266899228096 0.606342762708664 0.608886748552322 0.657873764634132 0.738853499293327 0.821656465530396 0.819446235895157 0.885915040969849 0.8474962413311 0.871416002511978 0.961929738521576 0.909333765506744 0.793879508972168 0.766102463006973 0.846695244312286 0.853284001350403 0.909429788589478 1.10922074317932 0.903651773929596 0.924723744392395 1.04636245965958 0.959681957960129 0.960354030132294
0.388928264379501 0.352517254650593 0.379737004637718 0.483411759138107 0.498381748795509 0.539401486515999 0.932331740856171 1.09262475371361 1.16134572029114 1.04393175244331 1.46383050084114 1.4794627726078 1.53523725271225 1.42800825834274 0.682776734232903 0.544062003493309 0.54389101266861 0.46799772977829 0.58238098025322 0.617577016353607 0.643293008208275 0.685526981949806 0.583050727844238 0.673283994197845 0.76752296090126 0.903949499130249 0.905488461256027 0.910514205694199 0.958148986101151 0.964366525411606 0.944051206111908 0.90712496638298 0.880518794059753 0.865809738636017 0.864405781030655 0.7759650349617 0.733262255787849 0.705533981323242 0.731171250343323 0.745538994669914 0.629514768719673 0.645775482058525 0.771393746137619 0.810366779565811 0.836951225996017 0.839988738298416 0.850053727626801 0.908915251493454 0.963957756757736 1.01399096846581 1.04597997665405 0.885648787021637 0.899058759212494 1.06133097410202 1.26540148258209 1.69660127162933 2.01501667499542 1.66535782814026 1.55492091178894 1.56962317228317 2.66399770975113 2.56194680929184
0.348526507616043 0.414213761687279 0.471119999885559 0.49753649532795 0.427293017506599 0.46950227022171 0.693518981337547 0.827627956867218 0.783920288085938 0.798159778118134 0.846644997596741 1.09299373626709 1.02300596237183 1.41264447569847 1.32523423433304 0.897873759269714 0.694824010133743 0.610290750861168 0.559528514742851 0.542776510119438 0.505820229649544 0.634194731712341 0.778067260980606 0.87541276216507 0.973448216915131 1.09554523229599 1.11265048384666 1.08043500781059 1.12644973397255 1.12456047534943 1.05633446574211 0.946805208921432 0.995043754577637 0.966970503330231 1.00342646241188 0.954338282346725 0.909744769334793 0.811394244432449 0.823427259922028 0.814076274633408 0.767360955476761 0.750926971435547 0.7774837911129 0.782761484384537 0.748924478888512 0.818985790014267 0.971859723329544 0.978960782289505 0.951445519924164 1.34396696090698 1.12076479196548 0.979977786540985 0.882586508989334 1.28318998217583 2.49118494987488 2.54834032058716 4.60192036628723 3.84132599830627 2.72986721992493 2.28320091962814 2.54664677381516 2.62589621543884
0.328767746686935 0.395485505461693 0.481836006045341 0.574352994561195 0.526800021529198 0.506133019924164 0.621592506766319 0.735831007361412 0.826391994953156 0.738632261753082 0.771118462085724 1.01297552883625 1.03033396601677 1.19681623578072 1.73372250795364 1.10948100686073 0.585344016551971 0.503012269735336 0.571104750037193 0.645673513412476 0.676425755023956 0.694867506623268 0.796750456094742 0.8332259953022 0.973251789808273 1.24054652452469 1.27425527572632 1.27165424823761 1.22144320607185 1.16344428062439 1.01157975196838 1.01097223162651 1.09778174757957 1.14816677570343 1.18940699100494 1.06698453426361 0.978198766708374 0.948545962572098 0.877593755722046 0.948365271091461 0.919298976659775 0.874078541994095 0.813988476991653 0.771681725978851 0.823788732290268 0.897293239831924 0.9842309653759 1.0280077457428 1.00407376885414 1.22747397422791 1.27859473228455 1.3075162768364 1.43303552269936 1.50146698951721 1.683742582798 2.531345307827 3.14874386787415 2.93678319454193 2.40349423885345 2.39003330469131 2.6861018538475 6.12378335595131
0.292166993021965 0.337701760232449 0.365730755031109 0.347558252513409 0.314414240419865 0.363987743854523 0.45642676949501 0.552735015749931 0.932658791542053 0.831647276878357 0.888994753360748 0.961950719356537 1.31921353936195 1.24346923828125 1.19707345962524 1.28000324964523 0.765656232833862 0.663470238447189 0.574090495705605 0.627633735537529 0.658448249101639 0.661546513438225 0.764088749885559 0.852877467870712 1.05038622021675 1.42410376667976 1.51923823356628 1.53254467248917 1.49527725577354 1.3228807747364 1.28712451457977 1.27937400341034 1.5077685713768 1.56335932016373 1.53709495067596 1.54064333438873 1.28389871120453 1.32405897974968 1.3152322769165 1.09777799248695 1.01339703798294 0.933840036392212 0.910309463739395 0.965465247631073 1.03502172231674 1.16244676709175 1.21169176697731 1.18760025501251 1.14799046516418 1.50846827030182 2.26094394922256 2.53651732206345 2.39124602079391 2.86809897422791 2.93156325817108 3.60642528533936 2.20310333349409 -9999 -9999 -9999 -9999 -9999
0.27938923984766 0.275117240846157 0.265394255518913 0.265190251171589 0.255560249090195 0.248315244913101 0.532153487205505 0.587963998317719 0.809960961341858 0.949082225561142 0.998735994100571 0.671809494495392 0.828131228685379 0.776023507118225 0.912078022956848 0.919491738080978 0.740269482135773 0.981602221727371 0.985943287611008 0.885565459728241 0.948329240083694 0.981806248426437 0.953978955745697 1.02296921610832 1.16374272108078 1.57006126642227 1.65012592077255 1.78851190209389 1.75887447595596 1.75569677352905 1.58816474676132 1.68777233362198 1.77942681312561 1.60364556312561 1.73143941164017 1.64973306655884 1.59279322624207 1.35907870531082 1.30466097593307 1.10754677653313 1.08645978569984 0.982553958892822 0.928996503353119 0.962593495845795 0.998170495033264 1.1001997590065 1.16326197981834 1.28325453400612 1.25560122728348 2.38901549577713 3.51251471042633 4.19613540172577 5.67657887935638 2.50243240136367 1.78462276790963 -9999 -9999 -9999 -9999 -9999 -9999 -9999
0.29102399200201 0.262386001646519 0.232140004634857 0.227144256234169 0.228473246097565 0.459749981760979 0.441401258111 0.462629243731499 0.471774771809578 0.507088512182236 0.772156268358231 0.833039492368698 0.816827744245529 0.826487749814987 0.885086745023727 0.895342260599136 0.748782008886337 0.64012049138546 0.861218243837357 1.01890575885773 1.09305077791214 1.10062801837921 0.985926032066345 1.0869135260582 1.34218499064445 1.54370927810669 1.64291095733643 1.6126184463501 1.6557959318161 -9999 -9999 -9999 -9999 -9999 -9999 3.14426672458649 1.49482950568199 1.5293385386467 1.4229157269001 1.1987407207489 1.26535204052925 1.1535592675209 0.985029011964798 1.04298001527786 1.29764100909233 1.49181747436523 1.92228376865387 1.92641258239746 1.86097276210785 3.20036029815674 5.61593091487885 7.84013843536377 6.85986042022705 1.9762424826622 1.97624230384827 -9999 -9999 -9999 -9999 -9999 -9999 -9999
0.262725748121738 0.264042757451534 0.262337252497673 0.280178256332874 0.310980744659901 0.469488769769669 0.50874750316143 0.425784006714821 0.401548504829407 0.462087750434875 0.466940268874168 0.430590748786926 0.337728001177311 0.334396496415138 0.361036509275436 0.423181504011154 0.786750018596649 0.769361972808838 0.901668012142181 1.09106701612473 1.00703251361847 0.953190743923187 0.951087713241577 1.1048167347908 1.22903475165367 1.35796424746513 1.70507168769836 1.84751629829407 1.95453304052353 -9999 -9999 -9999 -9999 -9999 -9999 -9999 7.71963000297546 2.52783298492432 2.53946399688721 1.14882901310921 1.10644653439522 1.12400329113007 1.13423547148705 0.969717711210251 1.17389103770256 1.8203871846199 3.08114790916443 2.97583794593811 3.34241008758545 4.93480360507965 6.26538777351379 8.0364682674408 -9999 -9999 -9999 -9999 -9999 -9999 -9999 -9999 -9999 -9999
0.340670250356197 0.274682991206646 0.31165424734354 0.354139499366283 0.3943702429533 0.432500258088112 0.462288022041321 0.427004233002663 0.425779491662979 0.67146147787571 0.481234520673752 0.420319497585297 0.318929247558117 0.352271988987923 0.351975001394749 0.383351236581802 0.4376580119133 0.650070011615753 1.18702948093414 1.44089456930243 0.775000019298567 1.22408097982407 1.38517874479294 1.18135571479797 1.16847378015518 1.40358451008797 1.69993275403976 1.81589770317078 1.6846176981926 -9999 -9999 -9999 -9999 -9999 -9999 -9999 6.56026315689087 21.6510000228882 10.1896183490753 4.84139335155487 2.36523073911667 1.89291822910309 2.30047202110291 1.40177696943283 1.49704125523567 2.09455794095993 4.42550253868103 5.37230336666107 9.60921549797058 6.86961007118225 5.79974842071533 4.59154486656189 4.03412479162216 -9999 -9999 -9999 -9999 -9999 -9999 -9999 -9999 -9999
0.422547742724419 0.396756738424301 0.411234766244888 0.420864745974541 0.431673020124435 0.451275005936623 0.488976001739502 0.495531767606735 0.488372996449471 0.486944988369942 0.557400763034821 0.454291507601738 0.391005769371986 0.435852751135826 0.435875996947289 0.437718763947487 0.491062492132187 0.633995980024338 1.07361674308777 0.931700974702835 0.841223984956741 0.928201496601105 0.904550224542618 1.0562310218811 0.883392781019211 1.1100449860096 1.370018273592 1.51112097501755 1.79579401016235 1.95053333044052 -9999 -9999 -9999 -9999 -9999 -9999 -9999 18.5057354927063 5.14598860851554 3.62741482257843 5.443887591362 4.53708815574646 5.25111436843872 3.66527938842773 3.96709191799164 6.29034733772278 17.7997541427612 11.6281785964966 10.1993973255157 11.626424074173 9.00422644615173 17.0992383956909 3.51328684164397 -9999 -9999 -9999 -9999 -9999 -9999 -9999 -9999 -9999
0.449269518256187 0.440070748329163 0.453824982047081 0.484365731477737 0.478424996137619 0.50382225215435 0.522902995347977 0.532215759158134 0.548527479171753 0.556606516242027 0.712062746286392 0.665367767214775 0.635942995548248 0.463092014193535 0.494623482227325 0.472516492009163 0.458116516470909 0.498688504099846 0.59316748380661 0.637193262577057 0.583868980407715 0.721719011664391 1.37530723214149 1.73467057943344 1.79746949672699 1.85271155834198 2.15196597576141 2.02791970968246 2.18013668060303 2.30746954679489 -9999 -9999 -9999 -9999 -9999 -9999 -9999 -9999 -9999 -9999 -9999 -9999 -9999 -9999 -9999 -9999 3.65490746498108 29.0953617095947 25.0067625045776 6.7598934173584 -9999 -9999 -9999 -9999 -9999 -9999 -9999 -9999 -9999 -9999 -9999 -9999
0.390000745654106 0.416550010442734 0.426333770155907 0.473373010754585 0.504888743162155 0.503861993551254 0.563729256391525 0.6380715072155 0.627083256840706 0.883207529783249 0.870139539241791 0.855947256088257 0.952991992235184 0.863959461450577 0.746079012751579 0.583952978253365 0.527876257896423 0.517110005021095 0.456074237823486 0.48513525724411 0.798422276973724 0.938563495874405 1.11353471875191 1.81985181570053 -9999 -9999 -9999 2.14004695415497 2.07173323631287 2.08907318115234 3.34197807312012 -9999 -9999 -9999 -9999 -9999 -9999 -9999 -9999 -9999 -9999 -9999 -9999 -9999 -9999 -9999 -9999 -9999 -9999 -9999 -9999 -9999 -9999 -9999 -9999 -9999 -9999 -9999 -9999 -9999 -9999 -9999
0.459755256772041 0.487842008471489 0.465481504797935 0.401644483208656 0.438863262534142 0.444660767912865 0.533458516001701 0.650327995419502 0.832677036523819 0.833748042583466 0.898406267166138 0.886624485254288 0.886190235614777 0.905268788337708 0.863039284944534 0.871393471956253 0.8620845079422 0.810095965862274 0.920888274908066 1.08482328057289 1.01674121618271 0.964486509561539 1.28784602880478 1.33475098013878 1.58939480781555 1.68898576498032 1.73948031663895 1.95271879434586 1.94620800018311 2.11760920286179 2.47759491205215 2.35709097262087 -9999 -9999 -9999 -9999 -9999 -9999 -9999 -9999 -9999 -9999 -9999 -9999 -9999 -9999 -9999 -9999 -9999 -9999 -9999 -9999 -9999 -9999 -9999 -9999 -9999 -9999 -9999 -9999 -9999 -9999
0.566590502858162 0.782993227243423 0.695349767804146 0.705525755882263 0.502625271677971 0.532255500555038 0.839626461267471 1.17034274339676 1.08019351959229 1.09509971737862 1.03913775086403 0.927629292011261 0.958606481552124 0.901818752288818 0.894149243831635 0.953474253416061 0.95745375752449 0.868554711341858 0.869679719209671 1.00439178943634 0.7852942943573 0.844211250543594 0.928831458091736 1.09825122356415 1.64910525083542 1.78973633050919 1.8420233130455 1.83247429132462 1.85259604454041 2.0627167224884 2.68175858259201 2.59286999702454 -9999 -9999 -9999 -9999 -9999 -9999 -9999 -9999 -9999 -9999 -9999 -9999 -9999 -9999 -9999 -9999 -9999 -9999 -9999 -9999 -9999 -9999 -9999 -9999 -9999 -9999 -9999 -9999 -9999 -9999
0.99166801571846 1.37377274036407 1.75245594978333 1.45019996166229 0.999440252780914 1.3007692694664 2.08468794822693 1.62807297706604 1.36830827593803 1.20598572492599 1.09076696634293 0.958040982484818 1.00052699446678 1.0307452082634 1.04579776525497 1.00795197486877 0.944719523191452 0.840828716754913 0.832826972007751 0.802119791507721 0.720678761601448 0.802509784698486 1.15051272511482 1.65453600883484 1.92631655931473 2.01966458559036 2.14800149202347 1.70841908454895 1.85586369037628 2.18766152858734 3.22253787517548 -9999 -9999 -9999 -9999 -9999 -9999 -9999 -9999 -9999 -9999 -9999 -9999 -9999 -9999 -9999 -9999 -9999 -9999 -9999 -9999 -9999 -9999 -9999 -9999 -9999 -9999 -9999 -9999 -9999 -9999 -9999
