EcologicalScience/Bass/data/rs_data_bass/chl_320.asc
NCOLS 226 
NROWS 124 
XLLCORNER -9.41648524995501 
YLLCORNER 47.587301625531 
CELLSIZE 0.0833 
NODATA_value -9999 
[rows 54 to 80 of 124, columns 124 to 185 of 226]
2.55562371015549 2.44067139923573 2.22456280887127 2.2225005030632 2.56999316811562 2.0594283118844 2.13728235661983 2.30747278034687 2.25017395615578 2.05186411738396 1.76294425874949 1.80357977747917 1.78661225736141 1.94514882564545 1.86356545984745 1.82780784368515 1.70127947628498 1.54967572540045 3.25118890175453 3.05894967225882 2.84893900614518 2.5759172806373 2.6175706249017 2.37517639765373 2.357364824185 2.25460374355316 2.31703169070757 2.40146335271689 2.56690336649234 2.69559508103591 2.75132307639489 2.78484276624826 2.85327077370424 2.64811756060674 2.52266343740317 2.4701950274981 2.28991513252258 2.22050145864487 2.87078594244443 2.84387342746441 2.7228747010231 2.55819459144886 2.43163180809755 3.0127534031868 2.5726319872416 2.45352042179841 2.4847905085637 2.40546986460686 2.49550920724869 3.46718774735928 3.88184966146946 7.31845061302185 7.50338074139186 8.47518600736346 8.36295318603516 11.9738198985224 10.7913084030151 16.823113148029 11.0414469297542 13.1841132176802 7.47395109273716 -9999
2.9450209736824 2.82017277181149 2.58403208851814 2.51029865443707 2.45081183314323 2.45608751475811 2.42617677152157 2.48307983577251 2.29576858878136 2.0942860096693 2.09021018445492 2.03864113986492 3.96011977012341 2.25933596491814 1.87612169981003 1.78665520995855 1.70283574610949 2.02849012613297 2.03334859013557 3.18745697461642 3.24622700764583 2.00589859485626 3.12404306118305 2.5250089764595 2.60296063423157 2.62216576337814 2.69341521538221 3.01994287050687 3.13438081741333 3.07094639539719 2.82619153536283 2.89228998239224 2.78773266077042 2.65696784624687 2.57830336002203 2.4809006865208 2.49342821194575 2.52676082115907 2.52135516588505 2.46650879199688 2.41093756143863 2.36277720561394 2.16599447910602 3.10193059444427 3.54093236923218 3.58169620037079 2.76286053657532 3.16964149475098 2.94453814029694 5.4933680786806 6.44683517728533 9.01203771999904 7.67577293940953 7.13723846744089 6.9866425037384 8.14096355438232 10.5720698833466 -9999 -9999 -9999 -9999 -9999
3.06454640626907 2.97726547718048 2.95250603556633 2.77202014625072 2.71191339194775 2.66470456123352 2.62257871031761 2.99589738249779 2.69325631856918 2.20490476489067 2.08547140657902 1.9990960508585 3.46347212791443 2.15777778625488 2.11329531669617 1.77129753679037 2.01915934681892 2.09451448917389 2.17104980349541 5.34902124221508 2.13387817602891 2.46369007825851 2.59288077354431 2.89803355932236 3.2057997584343 3.05720318555832 3.31384343367356 2.91590616703033 3.10379509283946 3.0634323312686 2.73298800450105 2.66862584077395 2.69527274828691 2.68781756896239 2.62164622086745 2.46677455076805 2.40762607867901 2.35385410143779 2.22058206796646 2.07791421505121 2.15181886691314 2.08280954911159 2.20318688337619 3.36292765140533 4.14271714687347 4.58106350898743 4.915618594955 3.62806658715195 10.9773542540414 6.40181146349226 5.0841834962368 6.92669813632965 7.69645759933873 6.80993754863739 -9999 -9999 -9999 -9999 -9999 -9999 -9999 -9999
3.36111453175545 3.23644769191742 3.22585041821003 3.13704933226109 2.97462722659111 2.80930936336517 2.67881444096565 2.45196817815304 2.20715773105621 2.09306883811951 2.06369905173779 2.15635974705219 2.15848492085934 2.51092618703842 2.32333874702454 2.29848378896713 2.21808081865311 2.20835772156715 2.25099715590477 2.40045788884163 2.20595123676153 2.27599295744529 3.00063883066177 3.11780852079391 3.42218652963638 3.48867390247492 3.37956858598269 3.07241467237472 2.8488328731977 2.8465905051965 2.64705917468438 2.62804778722616 2.70092716125342 2.62161364922157 2.57900702036344 2.48100228034533 2.32483987624829 2.1874923155858 2.00222017214848 1.97023055186638 2.00192767381668 1.95898835475628 2.13587877383599 2.51301473379135 2.7541392995761 4.7399941444397 5.37342654957491 5.77104247928759 5.64573168754578 7.62189129682688 7.52288229648884 8.12604796886444 7.87071614516409 -9999 -9999 -9999 -9999 -9999 -9999 -9999 -9999 -9999
3.81584112346172 4.4425380046551 3.69376246631145 3.61573348939419 3.57591055333614 3.36689542233944 2.80311879515648 2.52316726744175 2.37348000705242 2.29704351723194 2.11366182565689 2.33348098397255 2.4083831012249 2.67903533577919 2.52269393205643 6.53481333072369 2.84445977210999 2.66865608096123 2.59178334474564 2.51275902986526 2.78861531019211 3.78186244231004 3.70610021627866 3.14717614650726 2.7450510263443 2.88854894042015 3.19109990963569 2.86269436432765 2.64203986754784 2.59924724468818 2.57214634235089 2.56244751581779 2.59886499551626 2.62613515211986 2.3989024070593 2.35091841679353 2.23032028858478 2.00904954396761 1.84385633468628 1.95878467193017 1.91258103572405 1.91429562752063 2.29739302396774 2.81622184698398 3.05033194101774 4.13439688261817 6.66166293209997 11.2758996963501 14.6744581460953 6.48081339322604 7.88838017903841 7.92932499372042 51.7964286804199 -9999 -9999 -9999 -9999 -9999 -9999 -9999 -9999 -9999
-9999 5.22358884414037 6.00784224271774 4.1089488863945 3.93598972260952 4.03311355412006 3.30722045898438 2.91760784387589 2.75111867487431 2.61714553833008 2.48216870427132 2.30518411099911 2.27031411975622 2.2567410171032 2.29042968153954 2.35730767250061 2.62979212403297 3.26072548627853 3.3661204457283 3.48887166380882 3.24348825216293 3.33306264877319 2.98738270998001 3.11426442861557 3.16739840507507 3.03978694677353 2.92347356447807 2.67421119029705 2.52376995178369 2.42442083358765 2.44479280251723 2.43692285739459 2.41025472604311 2.40155650102175 2.28619295817155 2.33393194583746 2.14847064476747 2.01137737127451 2.06995808161222 1.86997930361674 1.83217287980593 1.96629613637924 3.14787026552054 3.403675867961 3.16697772911617 -9999 8.84237018653325 10.6329342126846 30.5670869350433 9.77730739116669 14.6666940327348 49.8106384277344 36.6352371069101 43.9282894134521 -9999 -9999 -9999 -9999 -9999 -9999 -9999 -9999
-9999 -9999 -9999 -9999 -9999 2.28387522697449 4.13674785196781 3.97697933018208 3.58313664793968 3.15703099966049 4.97506898183089 2.46569532155991 2.43288131058216 2.31101641058922 2.43542820215225 1.95099129396326 1.98887184788199 2.32896077282289 2.67729124251534 2.78643016955432 3.40098524093628 3.51005294322968 3.57506614923477 3.44291073083878 3.4901756644249 2.9499779343605 2.69808373084435 2.57553219795227 2.37565380334854 2.27268994771517 2.30155509710312 2.25858231232717 2.234385403303 2.16074876601879 2.20955641453083 2.22179415134283 2.01723117553271 1.94573077330223 1.89314481386772 1.84710559019676 1.84005880814332 2.38282282535846 3.91681117277879 5.66578498253456 3.63261294364929 16.9781276311689 -9999 -9999 -9999 -9999 41.9923251015799 55.1049785614014 36.4164014543806 27.6347475687663 -9999 -9999 -9999 -9999 -9999 -9999 -9999 -9999
-9999 -9999 -9999 -9999 -9999 -9999 -9999 -9999 4.16794647276402 2.77259007096291 4.153579428792 3.64454030073606 3.06982505321503 2.40699329227209 3.07967028021812 2.81952005624771 2.80020985007286 2.38968459648245 2.73737183037926 2.9695835908254 2.72395050525665 2.56473712126414 2.49115788936615 3.57525942325592 3.642176425457 2.63478372188715 2.54920430825307 2.50036421188941 2.33867497169054 2.17828909250406 2.11440828213325 2.05042303066987 2.0246700827892 2.05968949886469 2.09404451113481 1.99667916848109 1.95281699070564 1.86547421033566 1.91376444009634 2.01131206292373 2.19597073701712 2.44403698352667 2.88978865742683 3.55976378917694 8.50313611825307 29.0682649612427 -9999 -9999 -9999 -9999 17.548882484436 32.6784075328282 15.3417758411831 39.9995941162109 13.7588627155011 18.1345586299896 -9999 -9999 -9999 -9999 -9999 -9999
-9999 -9999 -9999 -9999 -9999 -9999 -9999 -9999 -9999 -9999 3.82204124560723 3.61647069454193 3.93690793330853 3.45742955803871 2.9655286471049 2.97934998075167 2.7237634062767 2.62244874238968 2.76826161146164 3.06029405405647 2.73597153236991 2.55007641566427 2.48615674909792 2.92454985380173 2.68936125040054 2.57968038006833 2.27077806740999 2.50645318398109 2.28227749696145 2.19347797448818 2.02247721873797 1.86354273099166 1.82926656191166 1.93035474190345 1.95811388584284 2.00668222629107 1.91844977782323 1.93154909519049 2.05571581308658 2.252938078 2.52610264833157 2.39503724758442 4.30699038505554 4.66417014598846 12.5702633145943 -9999 -9999 -9999 -9999 -9999 -9999 -9999 9.50459928701564 18.823846578598 29.1065082550049 26.4988113130842 10.8786277770996 -9999 -9999 -9999 -9999 -9999
-9999 -9999 -9999 -9999 -9999 -9999 -9999 -9999 -9999 4.3704868555069 3.89895343780518 3.65667334198952 3.70745024085045 3.18452218174934 3.08566989004612 3.57234781980515 3.40424358844757 3.74036536216736 3.16840222477913 3.12254297733307 2.67337285844903 2.34096348285675 2.24742648998896 2.25953139861425 2.27965507904689 2.46399551943729 2.22504710449892 2.18312874261071 2.00598098600612 2.25142594484183 1.87655451206061 1.793030330768 1.68950402278167 1.82345047363868 1.94366664152879 2.0184453359017 2.00507816901574 1.99277354203738 2.28876035488569 2.46675401467543 2.75275024542442 2.91811265395238 4.44088500738144 4.63294726610184 19.5082548029214 33.0447750091553 -9999 -9999 -9999 10.6866828819801 13.3855642477671 14.2320857048035 15.5096974874798 16.8346276581287 16.0257857322693 13.0413104057312 18.2195727248346 -9999 -9999 -9999 -9999 -9999
-9999 -9999 -9999 -9999 -9999 -9999 -9999 -9999 -9999 -9999 4.51186986152942 3.9051416516304 3.7183253467083 3.88480228185654 4.06294423341751 4.01189035177231 4.0243576169014 3.8043372631073 3.28304020166397 2.16617023944855 3.00946373939514 2.60461933361857 2.45078505654084 2.2271697918574 2.21843336025874 2.32252203790765 2.27832875649134 1.80285041672843 1.59224671125412 1.54319277405739 1.43818759918213 1.39548741919654 1.67087112252529 1.77547813378848 1.90277034044266 1.94934170062725 1.93370134096879 1.94697141188842 2.09929659274908 2.33131763109794 2.7516134427144 3.53849073556753 3.11455544829369 4.88250202291152 8.34167651701899 -9999 -9999 -9999 -9999 -9999 14.314491811006 43.864942073822 27.3270541191101 21.2637765884399 28.0107973884134 -9999 -9999 -9999 -9999 -9999 -9999 -9999
-9999 -9999 -9999 -9999 -9999 -9999 -9999 -9999 -9999 3.67937564849854 5.11486583948135 4.23661831250558 3.78775901060838 4.13061475753784 4.24502885341644 4.37510061264038 4.41935241222382 4.37459689378738 3.59185825586319 2.80561870336533 3.03584623336792 2.9726909995079 2.37549697411688 2.1140776370701 2.11937026601089 2.20075132972316 1.73583599925041 1.95373606681824 1.66648213352476 1.56285176958357 1.48902745332037 1.7546121432231 1.77967815674268 1.813736475431 1.88959874098118 1.96759744790884 1.99352219471565 2.06817382115584 2.03979318875533 2.36494302749634 3.63958078622818 3.60258561372757 3.27747112512589 6.28018201902075 3.86466658115387 -9999 -9999 -9999 -9999 -9999 20.3789509976848 37.6317043304443 36.0363056659698 -9999 -9999 -9999 -9999 -9999 -9999 -9999 -9999 -9999
-9999 -9999 -9999 -9999 -9999 -9999 -9999 -9999 -9999 8.1252254486084 5.27615079283714 4.64887925982475 4.92241162061691 4.68662166595459 4.68842250108719 4.42273199558258 3.75389635562897 3.69083091616631 3.08409968018532 3.06339338421822 2.95946922898293 2.80333131551743 2.59440726041794 2.32776036858559 2.2577089369297 2.12971571087837 2.05196329951286 1.92805281877518 1.73461319391544 1.62409522670966 1.61381077078673 1.75085171369406 1.85433529202755 1.91328279788678 2.02391916054946 2.17317886535938 2.26336196752695 2.49964781449391 3.01312221930577 3.03039839634528 3.12160756037785 3.52973771095276 2.25077922344208 9.78021560537005 3.86466693878174 -9999 -9999 -9999 -9999 12.1949715614319 -9999 -9999 -9999 -9999 -9999 -9999 -9999 -9999 -9999 -9999 -9999 -9999
-9999 -9999 -9999 -9999 -9999 -9999 -9999 -9999 -9999 5.97879627346992 5.02952238917351 4.56995765062479 4.54734442784236 4.48739372766935 4.54887896776199 3.99503928422928 3.30851858854294 3.27123454213142 3.1608082652092 3.14554300904274 2.80033528804779 2.48723843693733 2.3208401799202 2.27856034040451 2.26986560225487 2.14817136526108 2.05891880393028 1.86923807859421 1.64872987568378 1.70718283378161 1.75493959280161 1.61678776144981 1.99567221219723 2.07959938507814 2.11820162718113 2.22684982648263 2.6998771245663 3.00861379733452 2.89650568595299 2.83673912286758 2.96128264298806 4.06917998790741 6.53976692655193 -9999 -9999 -9999 -9999 -9999 -9999 -9999 -9999 -9999 -9999 -9999 -9999 -9999 -9999 -9999 -9999 -9999 -9999 -9999
-9999 -9999 -9999 -9999 -9999 -9999 -9999 -9999 -9999 5.32216414809227 5.04486203193665 4.97476835434253 4.98492399545816 4.18076172241798 4.3517861366272 4.12390422821045 3.52579236030579 3.1513706445694 3.01950493454933 2.82699447870255 2.54140162467957 2.31246122717857 1.58244658261538 2.32339757680893 2.1224529834894 2.10368853807449 1.97638875246048 1.8159866631031 1.87869116663933 1.80879555757229 1.83103358745575 1.86282943189144 1.36776727065444 1.39834412932396 2.16125570352261 2.49462751700328 2.81467556036436 2.91375321149826 2.82241483376576 2.81661483874688 4.78251724243164 4.83455778731674 10.9784292198089 -9999 -9999 -9999 -9999 -9999 -9999 -9999 -9999 -9999 -9999 -9999 -9999 -9999 -9999 -9999 -9999 -9999 -9999 -9999
-9999 -9999 -9999 -9999 -9999 -9999 -9999 3.28386068344116 4.65179951190948 4.97405943274498 5.00516334176064 4.78922992944717 4.57986892186678 3.9141961978032 3.955930352211 3.75143104791641 3.53128123283386 3.07144609093666 2.82802650332451 2.5375774204731 2.37185624241829 2.32817924022675 2.27495366334915 2.30106407403946 2.26563522219658 2.01604900910304 1.62741374510985 1.64500064574755 1.77196628313798 1.84387854887889 1.99571138620377 2.05530090973927 2.06759758637502 1.42357705533504 1.42598749324679 2.76556384563446 2.0147920365517 2.98644751310349 2.72667336922425 2.88999302112139 16.288452263596 5.69786846637726 3.25656187534332 -9999 -9999 -9999 -9999 -9999 -9999 -9999 -9999 -9999 -9999 -9999 -9999 -9999 -9999 -9999 -9999 -9999 -9999 -9999
-9999 -9999 -9999 -9999 -9999 -9999 5.39722012996674 4.84593013616709 4.86315729067876 4.13238504299751 3.62202753740198 4.7660618195167 4.49768270896031 3.9220222234726 3.45406267046928 3.31869220733643 3.23454603552818 2.83557191491127 2.66842237114906 2.45134162902832 2.37256121635437 2.30359384417534 2.26185482740402 2.22804746031761 2.14779978990555 2.13058233261108 1.72969681483049 1.95357897877693 2.07813227176666 2.12253561615944 1.70743009906549 2.11863593871777 2.22535700522936 2.11217109973614 2.83079725962419 3.24661275744438 3.43300384283066 3.43251711130142 3.11402803659439 -9999 -9999 -9999 -9999 -9999 -9999 -9999 -9999 -9999 -9999 -9999 -9999 -9999 -9999 -9999 -9999 -9999 -9999 -9999 -9999 -9999 -9999 -9999
-9999 -9999 -9999 -9999 3.56446290308712 4.16481264560453 4.78463827646696 4.83334705462823 6.11844706535339 4.22919801565317 4.03762909082266 4.14505073657403 4.28967046737671 3.8024046421051 3.37907257676125 3.02244687080383 2.89903432130814 2.47425461273927 2.30935790447088 2.25330745256864 2.25443395972252 1.91664681067834 1.92409155002007 1.90469579513256 1.89013283069317 1.89588817724815 1.89997454331471 2.09013488888741 1.96569391855827 2.01087086017315 2.47358474135399 2.43401314203556 2.1418701261282 3.05334609746933 2.97693662001536 3.39045971632004 3.73970549357565 6.1887892560756 -9999 -9999 -9999 -9999 -9999 -9999 -9999 -9999 -9999 -9999 -9999 -9999 -9999 -9999 -9999 -9999 -9999 -9999 -9999 -9999 -9999 -9999 -9999 -9999
-9999 -9999 -9999 -9999 4.09149046428502 4.64499912410975 4.79672398017003 4.65110880594987 6.06794580817223 4.16240704976595 4.00950223665971 4.17576152086258 3.82953929901123 3.41104906797409 3.08822813630104 2.88542658090591 2.86400440335274 2.49847313761711 2.35408759117126 2.25277242064476 2.07946237921715 1.93201419711113 1.82011200372989 1.56738405674696 1.51345125585794 1.88697946071625 2.11387477012781 2.21015449212148 2.226204762092 2.12348362803459 2.21523755788803 2.25069811940193 2.36354511976242 2.37816599011421 3.50284230709076 3.6305547952652 6.02797015508016 -9999 -9999 -9999 -9999 -9999 -9999 -9999 -9999 -9999 -9999 -9999 -9999 -9999 -9999 -9999 -9999 -9999 -9999 -9999 -9999 -9999 -9999 -9999 -9999 -9999
-9999 43.5605757196522 4.58731299831021 3.22015396987691 5.01658464431763 4.53247206027691 4.61908127711369 4.54665503135094 4.10525154150449 4.14938467741013 3.9573472738266 3.861880838871 3.65576702356339 3.39104774594307 3.23305687308311 2.92186877131462 2.48025521636009 2.42909064888954 2.3276786506176 2.15749686956406 2.01118272542953 2.16811805963516 1.8139496743679 1.75566263496876 9.63114280998707 2.10070942915403 1.93690764904022 2.04852879047394 2.08817330002785 2.37865005433559 2.44059908390045 2.46596501767635 2.51993487775326 2.43166108429432 7.32990895146909 7.63884367184205 -9999 -9999 -9999 -9999 -9999 -9999 -9999 -9999 -9999 -9999 -9999 -9999 -9999 -9999 -9999 -9999 -9999 -9999 -9999 -9999 -9999 -9999 -9999 -9999 -9999 -9999
5.36056780815125 5.68929624557495 4.14565744400024 4.84410643577576 5.1085065144759 4.67991231955015 4.52928985999181 4.72198360699874 4.29767968104436 4.24768107671004 3.88143110275269 3.4708024263382 3.42764282226562 3.23904928565025 2.91649460792542 2.45735245943069 2.3167650103569 2.17423385381699 2.10956963896751 2.02845373749733 2.07796803116798 2.07207190990448 2.16932138800621 2.40429953428415 2.03525987267494 2.09583723545074 2.12326961755753 2.1629584133625 2.277548417449 2.66721577942371 2.67684577405453 3.00624299049377 2.60422849655151 -9999 -9999 -9999 -9999 -9999 -9999 -9999 -9999 -9999 -9999 -9999 -9999 -9999 -9999 -9999 -9999 -9999 -9999 -9999 -9999 -9999 -9999 -9999 -9999 -9999 -9999 -9999 -9999 -9999
7.11150578090123 6.45799911022186 5.56540186588581 5.12559089293847 4.68762134588682 4.79776184375469 4.62651421473576 4.02074272815998 4.12273591298323 3.91514435181251 3.48830741643906 3.29281085729599 3.4769629240036 3.20102369785309 2.71135497093201 2.66011387109756 2.16150265932083 2.02743190526962 1.87608716121087 1.85093300617658 2.03006440401077 1.98624564409256 2.07306600809097 1.96064971387386 2.01462815701962 2.1201020181179 2.26022771000862 2.32940390706062 2.72947973012924 2.96166849136353 4.32635915279388 4.85954546928406 3.95809317552126 9.04682042048528 7.93836464200701 6.57862944675214 -9999 -9999 -9999 -9999 -9999 -9999 -9999 -9999 -9999 -9999 -9999 -9999 -9999 -9999 -9999 -9999 -9999 -9999 -9999 -9999 -9999 -9999 -9999 -9999 -9999 -9999
5.5936712209995 5.01665912224696 4.72286358475685 4.84765571814317 4.97076383003822 4.40432720000927 3.92119926672715 3.7982665850566 3.70130324363708 3.56694602966309 3.50612211227417 3.19110041856766 3.24326249957085 2.88346230983734 2.69471356272697 2.50085815787315 1.78355178236961 1.84713307252297 1.91194218855638 1.95064903681095 1.88224668502808 2.04514615535736 2.31316800300892 2.57077690271231 2.62205593861066 2.17152759432793 2.31922474503517 2.51534478366375 3.67192890093877 4.45283937454224 5.94565589110057 -9999 -9999 -9999 -9999 -9999 -9999 -9999 -9999 -9999 -9999 -9999 -9999 -9999 -9999 -9999 -9999 -9999 -9999 -9999 -9999 -9999 -9999 -9999 -9999 -9999 -9999 -9999 -9999 -9999 -9999 -9999
5.08995887637138 5.12269985675812 5.21144028810354 4.62572462742145 4.51183684972616 4.26581677106711 4.07393296865316 3.84874834464147 4.16032339976384 4.27395075559616 3.19771581888199 2.82375973463058 2.83021911978722 2.64310911297798 2.34966641664505 1.74749547243118 1.79020017385483 1.78066232800484 2.06728228238913 2.13109847215506 2.12474396824837 2.43037694692612 2.5820324420929 2.59551121638371 3.15150824189186 2.4134743064642 2.44517824053764 3.70552047561197 4.52019944787025 4.84318358302116 4.41938665509224 4.1391564488411 -9999 -9999 -9999 -9999 -9999 -9999 39.3659286249929 12.6942715644836 -9999 -9999 -9999 -9999 -9999 -9999 -9999 -9999 -9999 -9999 -9999 -9999 -9999 -9999 -9999 -9999 -9999 -9999 -9999 -9999 -9999 -9999
4.95093739032745 4.9037184715271 4.91251066327095 4.771794625691 4.65825451047797 4.71063926586738 5.07309705018997 4.01490324277144 4.1469783782959 3.42451947927475 2.53568288683891 2.11854296922684 2.06998693943024 2.16157087683678 1.96009833812714 1.85113102197647 1.85676380395889 1.92185190549264 2.06280054495885 2.32159718183371 2.69049069285393 2.5750335752964 2.74941936135292 2.90905866622925 3.10239651203156 3.51405774845797 3.5086674970739 3.75930760502815 4.25712869848524 4.04795278821673 4.23250840615182 3.42093944549561 -9999 -9999 -9999 -9999 -9999 -9999 -9999 -9999 -9999 -9999 -9999 -9999 -9999 -9999 -9999 -9999 -9999 -9999 -9999 -9999 -9999 -9999 -9999 -9999 -9999 -9999 -9999 -9999 -9999 -9999
-9999 -9999 -9999 -9999 -9999 4.31690936339529 4.18005722761154 4.06746602058411 4.03688031435013 2.09957340359688 1.78679399192333 1.75237649679184 1.94210770726204 2.00583332777023 1.77366252243519 1.83293136358261 1.904566437006 2.1211897455729 2.17357449806654 2.46429491043091 2.56558129191399 2.79464176297188 2.85670901536942 3.28031895160675 3.51927196979523 4.40645896911621 -9999 -9999 -9999 -9999 -9999 -9999 -9999 -9999 -9999 -9999 -9999 -9999 -9999 -9999 -9999 -9999 -9999 -9999 -9999 -9999 -9999 -9999 -9999 -9999 -9999 -9999 -9999 -9999 -9999 -9999 -9999 -9999 -9999 -9999 -9999 -9999
-9999 -9999 -9999 -9999 -9999 -9999 3.74600270390511 3.11595438420773 2.40299901366234 1.78815886378288 1.61441443860531 1.7014168202877 1.92973254621029 2.04424086213112 1.84618824720383 2.24759021401405 2.14869636297226 2.32677859067917 2.37137031555176 2.54823938012123 2.78659665584564 2.99082312583923 3.13575122356415 3.08080939694149 -9999 -9999 -9999 -9999 -9999 -9999 -9999 -9999 -9999 -9999 -9999 -9999 -9999 -9999 -9999 -9999 -9999 -9999 -9999 -9999 -9999 -9999 -9999 -9999 -9999 -9999 -9999 -9999 -9999 -9999 -9999 -9999 -9999 -9999 -9999 -9999 -9999 -9999
