EcologicalScience/Bass/data/rs_data_bass/chl_481.asc
NCOLS 226 
NROWS 124 
XLLCORNER -9.41648524995501 
YLLCORNER 47.587301625531 
CELLSIZE 0.0833 
NODATA_value -9999 
[rows 0 to 26 of 124, columns 61 to 121 of 226]
-9999 -9999 -9999 -9999 -9999 -9999 -9999 -9999 -9999 -9999 -9999 -9999 -9999 -9999 -9999 -9999 -9999 -9999 -9999 -9999 -9999 -9999 -9999 -9999 -9999 -9999 -9999 -9999 -9999 -9999 -9999 -9999 -9999 -9999 -9999 -9999 -9999 -9999 -9999 -9999 -9999 -9999 -9999 -9999 -9999 -9999 -9999 -9999 -9999 -9999 -9999 -9999 -9999 -9999 -9999 -9999 -9999 -9999 -9999 -9999 -9999
-9999 -9999 -9999 -9999 -9999 -9999 -9999 -9999 -9999 -9999 -9999 -9999 -9999 -9999 -9999 -9999 -9999 -9999 -9999 -9999 -9999 -9999 -9999 -9999 -9999 -9999 -9999 -9999 -9999 -9999 -9999 -9999 -9999 -9999 -9999 -9999 -9999 -9999 -9999 -9999 -9999 -9999 -9999 -9999 -9999 -9999 -9999 -9999 -9999 -9999 -9999 -9999 -9999 -9999 -9999 -9999 -9999 -9999 -9999 -9999 -9999
-9999 -9999 -9999 -9999 -9999 -9999 -9999 -9999 -9999 -9999 -9999 -9999 -9999 -9999 -9999 -9999 -9999 -9999 -9999 -9999 -9999 -9999 -9999 -9999 -9999 -9999 -9999 -9999 -9999 -9999 -9999 -9999 -9999 -9999 -9999 -9999 -9999 -9999 -9999 -9999 -9999 -9999 -9999 -9999 -9999 -9999 -9999 -9999 -9999 -9999 -9999 -9999 -9999 -9999 -9999 -9999 -9999 -9999 -9999 -9999 -9999
-9999 -9999 -9999 -9999 -9999 -9999 -9999 -9999 -9999 -9999 -9999 -9999 -9999 -9999 -9999 -9999 -9999 -9999 -9999 -9999 -9999 -9999 -9999 -9999 -9999 -9999 -9999 -9999 -9999 -9999 -9999 -9999 -9999 -9999 -9999 -9999 -9999 -9999 -9999 -9999 -9999 -9999 -9999 -9999 -9999 -9999 -9999 -9999 -9999 -9999 -9999 -9999 -9999 -9999 -9999 -9999 -9999 -9999 -9999 -9999 -9999
-9999 -9999 -9999 -9999 -9999 -9999 -9999 -9999 -9999 -9999 -9999 -9999 -9999 -9999 -9999 -9999 -9999 -9999 -9999 -9999 -9999 -9999 -9999 -9999 -9999 -9999 -9999 -9999 -9999 -9999 -9999 -9999 -9999 -9999 -9999 -9999 -9999 -9999 -9999 -9999 -9999 -9999 -9999 -9999 -9999 -9999 -9999 -9999 -9999 -9999 -9999 -9999 -9999 -9999 -9999 -9999 -9999 -9999 -9999 -9999 -9999
-9999 -9999 -9999 -9999 -9999 -9999 -9999 -9999 -9999 -9999 -9999 -9999 -9999 -9999 -9999 -9999 -9999 -9999 -9999 -9999 -9999 -9999 -9999 -9999 -9999 -9999 -9999 -9999 -9999 0.63735419511795 1.39917209744453 1.34713098406792 1.43136763572693 1.94349306821823 2.57739758491516 2.97801357507706 3.02900147438049 2.90129810571671 2.55921649932861 2.37899547815323 2.29968398809433 1.45919117331505 1.45919117331505 3.06519810855389 2.85197295248508 1.66745156049728 1.74161642789841 2.24252307415009 2.20576876401901 2.32209885120392 2.08151453733444 1.91479969024658 1.82826375961304 1.67069274187088 2.21482589095831 2.26780530810356 1.91650879383087 1.87793970108032 2.06974285840988 2.29439824819565 2.38723343610764
-9999 -9999 -9999 -9999 -9999 -9999 -9999 -9999 -9999 -9999 -9999 -9999 -9999 -9999 -9999 -9999 -9999 -9999 -9999 -9999 -9999 -9999 -9999 -9999 -9999 -9999 -9999 1.18186515569687 1.0627324283123 1.97893005609512 1.75169223546982 1.4878249168396 1.53367871046066 2.00510448217392 2.24953544139862 2.32696348428726 2.51087093353271 2.67503142356873 2.54187744855881 2.3005558848381 2.10841834545135 1.59898321330547 1.58746053278446 2.01884466409683 2.41824209690094 2.22875216603279 2.15998958051205 1.62528222799301 1.80539774894714 1.75359392166138 2.11109679937363 2.09449195861816 1.86941564083099 1.35386636853218 1.22424629330635 1.38804709911346 1.63276237249374 1.96382600069046 2.16681665182114 2.23951023817062 2.1449636220932
-9999 -9999 -9999 -9999 -9999 -9999 -9999 -9999 -9999 -9999 -9999 -9999 -9999 -9999 -9999 -9999 -9999 -9999 -9999 -9999 -9999 -9999 -9999 -9999 -9999 -9999 -9999 1.18186515569687 2.21378374099731 1.86190384626389 1.29533752799034 1.12264546751976 1.34497028589249 1.77797251939774 1.98127627372742 1.99030923843384 2.02209573984146 2.36749595403671 2.67624360322952 2.6482447385788 1.57453295588493 1.62418060004711 1.58893266320229 2.09399330615997 2.18062797188759 2.11883381009102 2.19830296933651 2.17139084637165 1.96397061645985 1.10356029868126 1.18272596597672 1.25564977526665 1.49407061934471 1.1449022591114 1.07966691255569 1.23610460758209 1.33799824118614 1.35276290774345 1.41653448343277 1.4729491174221 1.43828710913658
-9999 -9999 -9999 -9999 -9999 -9999 -9999 -9999 -9999 -9999 -9999 -9999 -9999 -9999 -9999 -9999 -9999 -9999 -9999 -9999 -9999 -9999 -9999 -9999 -9999 -9999 -9999 2.61494851112366 4.77699494361877 2.08480954170227 1.34956750273705 1.3015493452549 1.3533960878849 1.42088913917542 1.53335845470428 1.63938492536545 1.69483602046967 1.84238201379776 1.9243671298027 1.75581961870193 1.54905956983566 1.63556170463562 1.77515262365341 1.77789384126663 1.60415875911713 1.44736084342003 1.51895016431808 1.58044016361237 1.64906322956085 1.18269816040993 1.10625645518303 1.08411553502083 1.06943437457085 1.0128670334816 0.673102408647537 0.673102408647537 0.632010519504547 0.696020469069481 1.18459644913673 1.07557708024979 0.929487973451614
-9999 -9999 -9999 -9999 -9999 -9999 -9999 -9999 -9999 -9999 -9999 -9999 -9999 -9999 -9999 -9999 -9999 -9999 -9999 -9999 -9999 -9999 -9999 -9999 -9999 -9999 1.19121462106705 14.5553483963013 5.991943359375 3.29115056991577 1.6251237988472 1.3143427670002 1.22980633378029 1.29766416549683 1.45407459139824 1.56637126207352 1.62832796573639 1.69676399230957 1.53541213274002 1.38407090306282 1.54933029413223 1.64128571748734 1.44827556610107 1.36942103505135 1.47456631064415 1.55616813898087 1.67176795005798 1.63519585132599 1.59463334083557 1.38220605254173 1.14250007271767 1.05976912379265 1.00819623470306 0.889433741569519 0.801998287439346 0.593989983201027 0.647116094827652 0.742703542113304 0.817956656217575 0.851846963167191 0.498924806714058
-9999 -9999 -9999 -9999 -9999 -9999 -9999 -9999 -9999 -9999 -9999 -9999 -9999 -9999 -9999 -9999 -9999 -9999 -9999 -9999 -9999 -9999 -9999 -9999 -9999 -9999 2.59237885475159 2.36680424213409 1.24267441034317 1.16261699795723 1.26993057131767 1.22975841164589 1.23629611730576 1.23857724666595 1.3118756711483 1.31789839267731 1.38764342665672 1.4576510488987 1.60009431838989 1.47259390354156 1.23410019278526 1.29666844010353 1.27578610181808 1.39898309111595 1.46486511826515 1.6164675951004 1.59455716609955 1.51017594337463 1.35570645332336 1.10393840074539 0.86361426115036 0.752254396677017 0.752377331256866 0.713406980037689 0.694877564907074 0.723279431462288 0.645562887191772 0.829649519920349 1.10233000516891 0.955888938903809 0.876305687427521
-9999 -9999 -9999 -9999 -9999 -9999 -9999 -9999 -9999 -9999 -9999 -9999 -9999 -9999 -9999 -9999 -9999 -9999 -9999 -9999 -9999 -9999 -9999 -9999 -9999 1.31647038459778 1.78429073095322 1.54830276966095 1.30688562989235 0.786614745855331 0.802992671728134 1.11884906888008 1.25698578357697 1.29445660114288 1.30958077311516 1.17226248979568 1.11036863923073 1.12840336561203 1.11497211456299 1.04510745406151 1.18220892548561 1.35153061151505 1.32715165615082 1.14646580815315 1.12017416954041 1.29315000772476 1.38315305113792 1.37198227643967 1.27534353733063 1.12721908092499 1.0017004609108 0.832381635904312 0.64808763563633 0.58974190056324 0.58783033490181 0.763513556548527 0.741314232349396 1.02864693403244 0.778789043426514 0.778789043426514 1.07306730151176
-9999 -9999 -9999 -9999 -9999 -9999 -9999 -9999 -9999 -9999 -9999 -9999 -9999 -9999 -9999 -9999 -9999 -9999 -9999 -9999 -9999 -9999 -9999 -9999 1.50594073534012 2.59468269348145 2.05237227678299 1.37434440851212 1.22994348406792 0.765671163797379 0.873452603816986 0.968924850225449 1.01412749290466 1.1675820350647 1.33591756224632 1.38178762793541 1.17601132392883 1.01660558581352 0.875581115484238 0.970101982355118 1.06976249814034 1.07774180173874 0.990769922733307 0.881525337696075 0.872008949518204 0.989573657512665 1.0667966902256 1.02521833777428 0.932886779308319 0.841399401426315 0.779030174016953 0.709982290863991 0.656357601284981 0.635692924261093 0.64364030957222 0.663219183683395 1.10621364712715 0.592584192752838 0.556822746992111 0.517701476812363 0.50284306704998
-9999 -9999 -9999 -9999 -9999 -9999 -9999 -9999 -9999 -9999 -9999 -9999 -9999 -9999 -9999 -9999 -9999 -9999 -9999 -9999 -9999 -9999 -9999 3.41609451770782 1.93228062987328 1.66067545115948 1.09331578016281 1.04779189825058 0.932285249233246 0.87106329202652 0.90454950928688 0.936528950929642 1.01968529820442 1.20324021577835 1.32799726724625 1.24849417805672 1.19872346520424 0.966463923454285 0.861161738634109 0.826174557209015 0.865613758563995 0.915619611740112 0.919398754835129 0.878698647022247 0.875477582216263 0.899088174104691 0.886330872774124 0.863106250762939 0.826417297124863 0.714690685272217 0.631218329071999 0.614164486527443 0.617016300559044 0.619232922792435 0.632854521274567 0.649564549326897 0.663803547620773 0.61396099627018 0.553696230053902 0.500647500157356 0.465970560908318
-9999 -9999 -9999 -9999 -9999 -9999 -9999 -9999 -9999 -9999 -9999 -9999 -9999 -9999 -9999 -9999 -9999 -9999 -9999 -9999 -9999 2.64602583646774 4.73915675282478 2.27305456995964 1.54730594158173 1.10171958804131 1.06354200839996 1.05635315179825 1.10058295726776 1.11942002177238 1.08321690559387 1.1089833676815 1.23599311709404 1.57961583137512 1.77386820316315 1.75284522771835 1.30999258160591 1.08728465437889 0.961899250745773 0.898135095834732 0.886343657970428 0.897832632064819 0.906214714050293 0.895613998174667 0.856491655111313 0.814338952302933 0.781353950500488 0.769059598445892 0.721203669905663 0.647051051259041 0.579459652304649 0.54800771176815 0.554237052798271 0.563653886318207 0.581440418958664 0.594822987914085 0.591878682374954 0.591683596372604 0.582516610622406 0.545539721846581 0.528581634163857
-9999 -9999 -9999 -9999 -9999 -9999 -9999 -9999 -9999 -9999 -9999 -9999 -9999 -9999 -9999 -9999 -9999 -9999 -9999 -9999 -9999 2.39705151967093 1.20678108930588 1.25900825858116 1.09451705217361 1.11334919929504 1.17012995481491 1.21064329147339 1.2255811393261 1.19919231534004 1.0754779279232 1.052315980196 1.25511583685875 1.64149171113968 1.53860807418823 1.39543157815933 1.17193946242332 1.02741757035255 0.941571772098541 0.896261394023895 0.860565483570099 0.81157386302948 0.767084151506424 0.718281403183937 0.745572969317436 0.766975522041321 0.778588771820068 0.754971474409103 0.699169903993607 0.631501615047455 0.580403566360474 0.574647411704063 0.582375258207321 0.624609634280205 0.660517171025276 0.625107631087303 0.599557086825371 0.620552480220795 0.645639181137085 0.676686689257622 0.666463673114777
-9999 -9999 -9999 -9999 -9999 -9999 -9999 -9999 -9999 -9999 -9999 -9999 -9999 -9999 -9999 -9999 -9999 -9999 -9999 -9999 19.7804092168808 7.84036064147949 1.12853394448757 1.33980917930603 1.26831239461899 1.15613588690758 1.14896366000175 1.20077231526375 1.20918560028076 1.1877772808075 1.16418761014938 1.15911608934402 1.22773835062981 1.28307768702507 1.26392796635628 1.19206166267395 1.14047169685364 1.02069112658501 0.928002297878265 0.828002035617828 0.789662897586823 0.78288397192955 0.743257731199265 0.73419763147831 0.751240611076355 0.797134637832642 0.83617115020752 0.772845715284348 0.728608846664429 0.677728816866875 0.630357384681702 0.619710132479668 0.662381708621979 0.734081536531448 0.749596953392029 0.715499237179756 0.709713712334633 0.705659821629524 0.701017901301384 0.694616004824638 0.706029832363129
-9999 -9999 -9999 -9999 -9999 -9999 -9999 -9999 -9999 -9999 -9999 -9999 -9999 -9999 -9999 -9999 -9999 -9999 22.6958093643188 7.29384326934814 5.84435999393463 6.64552187919617 8.97713184356689 3.950838804245 2.14511811733246 1.31352800130844 0.916419267654419 1.1159411072731 1.24499961733818 1.21695649623871 1.29229134321213 1.36858168244362 1.42026597261429 1.38102632761002 1.27672603726387 1.099022179842 0.976775854825974 0.916610419750214 0.853681951761246 0.809802621603012 0.836868345737457 0.887082874774933 0.926111429929733 0.975390046834946 1.05732393264771 1.18745300173759 1.24271214008331 0.978770792484283 0.842616140842438 0.845026016235352 0.801239579916 0.769065588712692 0.772818982601166 0.75387167930603 0.698365196585655 0.665269643068314 0.642409935593605 0.615553915500641 0.557667464017868 0.52098360657692 0.533962547779083
-9999 -9999 -9999 -9999 -9999 -9999 -9999 -9999 -9999 -9999 -9999 -9999 -9999 -9999 -9999 -9999 -9999 -9999 34.1352174010458 4.42647707462311 2.66584289073944 8.89398837089539 8.4503653049469 4.69488716125488 3.01408588886261 2.07305377721786 1.56329369544983 1.51155281066895 1.38865721225739 1.35531717538834 1.48405605554581 1.61557710170746 1.56731969118118 1.45799258351326 1.39234837889671 1.35320609807968 1.17685505747795 1.09765022993088 1.01714587211609 0.921019345521927 0.971067577600479 1.1758131980896 1.25246313214302 1.29216402769089 1.2979656457901 1.20634406805038 1.11349868774414 1.02841785550117 0.975054144859314 0.880800783634186 0.828234493732452 0.771592766046524 0.710542738437653 0.654525876045227 0.5547886043787 0.520683065056801 0.515301838517189 0.504761382937431 0.481228440999985 0.464358642697334 0.457853481173515
-9999 -9999 -9999 -9999 -9999 -9999 -9999 -9999 -9999 -9999 -9999 -9999 -9999 -9999 -9999 -9999 -9999 -9999 -9999 -9999 3.01953148841858 2.06852120161057 1.7428223490715 6.08776760101318 4.2228444814682 2.76212936639786 1.51076906919479 1.50464451313019 1.42924278974533 1.56209403276443 1.82290488481522 1.80784678459167 1.57551169395447 1.4797138273716 1.40809071063995 1.2663277387619 1.1916615664959 1.25935104489326 1.25537601113319 1.2540388405323 1.47872579097748 1.58550399541855 1.50235444307327 1.38518831133842 1.28753113746643 1.23485907912254 1.19798165559769 1.17877373099327 1.13283383846283 0.96428257226944 0.855009198188782 0.791166543960571 0.774009346961975 0.707373082637787 0.613116413354874 0.534765556454659 0.455604001879692 0.40770511329174 0.382582113146782 0.382707640528679 0.387640133500099
-9999 -9999 -9999 -9999 -9999 -9999 -9999 -9999 -9999 -9999 -9999 -9999 -9999 -9999 -9999 -9999 7.23162639141083 7.19343837669918 5.97528403145926 11.1302774548531 2.37146866321564 2.07968813180923 1.67043060064316 1.60705089569092 1.53797310590744 1.54953342676163 1.61613696813583 1.59908205270767 1.59761506319046 1.66184395551682 1.71763998270035 1.85830932855606 1.73507881164551 1.59096157550812 1.43779116868973 1.47179165482521 1.51258313655853 1.49991434812546 1.57651430368423 1.7525600194931 1.71869337558746 1.6558803319931 1.56522041559219 1.32844009995461 1.14003583788872 1.06566140055656 1.05433031916618 1.0513973236084 1.03332442045212 0.987466245889664 0.89630064368248 0.824080377817154 0.7769435942173 0.736650958657265 0.66172331571579 0.520648419857025 0.413870975375175 0.367932558059692 0.370024971663952 0.404251232743263 0.438145771622658
-9999 -9999 -9999 -9999 -9999 -9999 -9999 -9999 -9999 -9999 -9999 35.2986888885498 35.2986888885498 13.7248649597168 12.452718436718 12.7392534613609 13.2570408582687 0.678986504673958 2.72338145971298 12.2310304641724 5.65560758113861 2.46291625499725 1.79524326324463 1.55652898550034 1.40238180756569 1.42491871118546 1.5373352766037 1.66757744550705 1.73885643482208 1.72735744714737 1.49129909276962 1.5200400352478 1.59165000915527 1.50925809144974 1.36572995781898 1.32203114032745 1.41282990574837 1.52292144298553 1.73630368709564 2.17153644561768 1.66849708557129 1.50616210699081 1.50086760520935 1.37040960788727 1.19514244794846 1.07641392946243 0.992864191532135 0.937057435512543 0.911241084337234 0.837376266717911 0.798089057207108 0.732663810253143 0.641931921243668 0.572336062788963 0.459385558962822 0.416482910513878 0.407872170209885 0.389162063598633 0.409962013363838 0.466890960931778 0.507227808237076
-9999 -9999 -9999 -9999 -9999 -9999 -9999 -9999 -9999 -9999 -9999 35.2986888885498 7.46555919013917 12.564244389534 0.566753670573235 0.506865352392197 0.504418596625328 0.983561217784882 0.649186939001083 7.1170476263967 1.58528862501446 2.93909221887589 2.45514696836472 2.54958575963974 2.13602900505066 2.19952833652496 1.73623216152191 1.74744164943695 1.83576196432114 1.76835197210312 1.66599351167679 1.52527624368668 1.50461357831955 1.36037841439247 1.19129160046577 1.2099549472332 1.41146779060364 1.48772969841957 1.54588204622269 2.04209125041962 2.06805449724197 1.65677493810654 1.59043818712234 1.38590490818024 1.20864164829254 1.08362701535225 0.929820746183395 0.825575977563858 0.737490266561508 0.70455265045166 0.686972200870514 0.584995195269585 0.466424703598022 0.427256807684898 0.431729257106781 0.428213909268379 0.396385163068771 0.383793264627457 0.401247560977936 0.414862722158432 0.453133463859558
-9999 -9999 -9999 -9999 -9999 -9999 -9999 -9999 -9999 -9999 -9999 -9999 -9999 -9999 10.2970665182386 19.5599612167903 23.4208127657572 7.64567255973816 -9999 -9999 -9999 -9999 -9999 1.42226752638817 8.55182933807373 10.843000754714 2.38267189264297 2.08509171009064 1.86488789319992 1.91551512479782 1.88438379764557 1.65610420703888 1.47172674536705 1.30880481004715 1.26077082753181 1.27868244051933 1.22839280962944 1.32463601231575 1.47976818680763 1.64959216117859 1.5717408657074 1.15675315260887 1.27375110983849 1.09462997317314 0.960867941379547 0.872642129659653 0.770347595214844 0.717624574899673 0.649783998727798 0.580662667751312 0.536880075931549 0.513148605823517 0.486635372042656 0.480874925851822 0.466840669512749 0.446900770068169 0.413951933383942 0.38947619497776 0.38904082775116 0.400084376335144 0.404848739504814
-9999 -9999 -9999 -9999 -9999 -9999 -9999 -9999 -9999 -9999 -9999 -9999 -9999 -9999 16.6274771690369 16.6274771690369 16.6274771690369 -9999 -9999 -9999 -9999 -9999 -9999 4.94490551948547 4.94490551948547 4.94490551948547 0.308659605681896 7.15660715103149 4.79146206378937 2.12538331747055 1.61273986101151 1.4569678902626 1.3512519299984 1.19706004858017 1.15927210450172 1.38869342207909 1.17820930480957 1.08500835299492 1.08944499492645 1.02363207936287 0.959640562534332 0.853559553623199 0.714229300618172 0.633897364139557 0.604076474905014 0.566664889454842 0.531129688024521 0.511088088154793 0.501813143491745 0.491516679525375 0.472516849637032 0.468302607536316 0.477329716086388 0.484997346997261 0.45496192574501 0.438363209366798 0.430354535579681 0.407954335212708 0.395161673426628 0.401063293218613 0.399773061275482
-9999 -9999 -9999 -9999 -9999 -9999 -9999 -9999 -9999 -9999 -9999 -9999 -9999 -9999 -9999 -9999 -9999 -9999 -9999 -9999 -9999 -9999 -9999 -9999 -9999 -9999 -9999 18.3074966187661 20.5798378139734 2.46795701980591 1.74818247556686 1.45021748542786 1.24878680706024 1.05231830477715 1.87006491422653 1.77944934368134 1.43676915764809 1.46242386102676 1.0605947971344 0.864523619413376 1.08982971310616 0.815787434577942 0.628456324338913 0.601586446166039 0.673468217253685 0.663808241486549 0.660082653164864 0.6143908649683 0.545451879501343 0.49634912610054 0.460221067070961 0.430357664823532 0.419387474656105 0.42533178627491 0.429638922214508 0.425516366958618 0.424886092543602 0.413639232516289 0.405819162726402 0.407556608319283 0.40855461359024
-9999 -9999 -9999 -9999 -9999 -9999 -9999 -9999 -9999 -9999 -9999 -9999 -9999 -9999 -9999 -9999 -9999 -9999 -9999 -9999 -9999 -9999 -9999 -9999 -9999 -9999 -9999 -9999 13.4515369279044 1.77784192562103 2.62932658195496 2.44333291053772 1.59380793571472 1.36623206734657 5.01543170213699 1.77494180202484 1.39637759327888 1.09306928515434 1.3673543035984 1.49537917971611 1.42140224575996 1.20522612333298 0.963636338710785 0.852796286344528 0.768969386816025 0.792005717754364 0.878283530473709 0.782120436429977 0.62652276456356 0.554775282740593 0.523446276783943 0.527611121535301 0.485062390565872 0.479285851120949 0.454630360007286 0.429126888513565 0.421951308846474 0.414645239710808 0.406364589929581 0.395029172301292 0.388222754001617
