EcologicalScience/Bass/data/rs_data_bass/chl_160.asc
NCOLS 226 
NROWS 124 
XLLCORNER -9.41648524995501 
YLLCORNER 47.587301625531 
CELLSIZE 0.0833 
NODATA_value -9999 
[rows 54 to 80 of 124, columns 124 to 185 of 226]
1.74473333358765 1.85316681861877 1.5661101937294 1.30910396575928 1.14386397600174 1.25528472661972 1.24322926998138 0.972804039716721 1.03214478492737 0.962966233491898 0.894190460443497 0.810018002986908 0.724798500537872 0.663956254720688 0.580483496189117 0.645750761032104 0.611197516322136 0.617593511939049 0.697346270084381 0.786147773265839 0.856706231832504 0.984685510396957 1.06948497891426 0.968831241130829 0.922891527414322 0.961623787879944 0.965694040060043 1.18724548816681 1.18319249153137 1.25265303254128 1.51406693458557 1.37709447741508 1.21641826629639 1.51362293958664 1.54207795858383 1.25691300630569 1.04292976856232 1.02661648392677 0.974755525588989 0.94383904337883 0.925358980894089 0.92263126373291 0.903138041496277 1.02927446365356 1.23006078600883 1.54645282030106 1.626240670681 1.58997291326523 2.29217326641083 4.0801123380661 4.1658171415329 6.70716762542725 9.69347109113421 7.21477103233337 8.97851729393005 8.61255297660828 7.58101673126221 10.9770812988281 10.3388682878934 10.4954669429706 6.75947809419712 7.68612632204275
2.36577075719833 1.61951172351837 1.45715922117233 1.51500070095062 1.51956528425217 1.24643701314926 1.24334996938705 1.14906746149063 0.888528764247894 0.809780269861221 0.857795208692551 0.788533508777618 0.864161252975464 0.717098236083984 0.701286748051643 0.703358262777328 0.615455254912376 0.71358297765255 0.749926507472992 0.764317542314529 0.831351757049561 0.8868607878685 0.997581750154495 0.932634741067886 0.950695484876633 1.13022673130035 1.27064627408981 1.18311524391174 1.05618453025818 1.21082702279091 1.3338959813118 1.266273021698 1.11660602688789 1.3511977493763 1.53053623437881 1.12807086110115 0.988472253084183 0.954319506883621 0.894346475601196 0.888358533382416 0.904057502746582 0.90847572684288 0.919058293104172 1.03697472810745 1.3485090136528 2.02993279695511 2.22247123718262 1.8244326710701 3.06712424755096 5.88058161735535 5.91773121356964 8.49670948301043 7.25818419456482 9.7699077129364 9.89865548270089 14.0209791183472 10.5720698833466 -9999 -9999 -9999 -9999 -9999
2.40668249130249 2.0441902577877 1.87129233777523 1.1922570168972 1.41245922446251 1.43362274765968 1.43256828188896 1.60336643457413 1.16089501976967 1.06474721431732 0.997968792915344 0.845552265644073 0.907197743654251 1.14460721611977 1.06112703680992 0.773390293121338 0.744273751974106 0.661900520324707 0.980374485254288 0.907836019992828 0.795478463172913 0.807732760906219 1.03872004151344 1.15856471657753 1.23612302541733 1.25898823142052 1.30662220716476 0.922088205814362 0.861017256975174 0.980513960123062 1.02558526396751 1.045568972826 0.890291959047318 0.895019978284836 1.00460770726204 0.938533544540405 0.782359510660172 1.03811176121235 0.852912783622742 0.907641023397446 0.965069264173508 0.923352777957916 1.15718552470207 1.43255925178528 1.89832198619843 2.96416121721268 7.05456322431564 7.04240670204163 6.87377899033683 5.72271144390106 6.63997793197632 6.58914542198181 6.31160259246826 10.9724197821184 -9999 -9999 -9999 -9999 -9999 -9999 -9999 -9999
2.54636853933334 2.36875802278519 1.81265741586685 1.14558371901512 1.69113747775555 1.36494711041451 1.30679324269295 1.62217193841934 1.65058207511902 1.57797306776047 1.17543375492096 0.991934984922409 0.807891011238098 0.899650543928146 0.815635532140732 0.877583205699921 0.843582719564438 0.797894239425659 1.11445426940918 1.07573622465134 1.00315573811531 1.03959453105927 1.2868230342865 1.3543387055397 1.444455742836 1.28897550702095 1.0022055208683 0.758819282054901 0.666590988636017 0.652922227978706 0.726934477686882 0.802306473255157 0.688136234879494 0.673938766121864 0.670823246240616 0.678121492266655 0.685110747814178 0.625607997179031 0.508670255541801 0.869428887963295 0.825754478573799 0.926044464111328 1.50868389755487 2.2196499556303 3.48386907577515 3.77614724636078 4.33710470795631 7.09578447276299 10.6721358299255 9.92854642868042 9.115891456604 7.82290363311768 13.0095880508423 -9999 -9999 -9999 -9999 -9999 -9999 -9999 -9999 -9999
5.49184000492096 3.66171976498195 3.18774157762527 3.28092402219772 2.91551703214645 2.83188074827194 2.11130404472351 2.06807845830917 2.11991626024246 2.00005567073822 1.86406266689301 0.944007754325867 0.812299489974976 0.866112738847733 1.0091145336628 0.766605019569397 1.16427898406982 1.05195298790932 1.17425027489662 1.25046452879906 1.27650225162506 1.41241273283958 1.54775029420853 1.61167949438095 1.610271692276 1.40284278988838 0.859290719032288 0.724049985408783 0.612702012062073 0.563668504357338 0.577333509922028 0.65133672952652 0.654316484928131 0.675899237394333 0.707052737474442 0.727707758545876 0.663821250200272 0.588797986507416 0.584315255284309 0.663317263126373 0.770188137888908 1.30065111815929 2.08881734311581 3.40026792883873 6.1698203086853 5.57610869407654 9.40278301519506 10.5641434192657 11.0114958286285 12.2766509056091 9.26041102409363 7.95502692461014 29.9713529138004 -9999 -9999 -9999 -9999 -9999 -9999 -9999 -9999 -9999
-9999 22.7837285995483 4.88200771808624 3.93361204862595 3.66204035282135 3.97501838207245 3.21744936704636 2.78602194786072 3.03827011585236 2.58632558584213 2.36543476581573 1.57099342346191 1.45368227362633 1.47267445921898 1.37730449438095 1.07612326741219 1.22697597742081 1.38675677776337 1.38565501570702 1.35446628928185 1.41787871718407 1.58398354053497 1.4362665116787 1.35698845982552 1.2003975212574 1.14513677358627 0.891368240118027 0.731080502271652 0.650568008422852 0.625488728284836 0.795654773712158 0.89148223400116 1.00244772434235 1.08438822627068 0.855002224445343 0.732737258076668 0.672798737883568 0.598857745528221 0.643832981586456 0.738923996686935 0.962893098592758 1.25457711517811 1.89448571205139 4.71717739105225 7.3130401968956 -9999 10.318311044148 8.58774822950363 6.38945290446281 8.04395574331284 30.8443660736084 63.2597785949707 54.6819219589233 56.4685946164066 -9999 -9999 -9999 -9999 -9999 -9999 -9999 -9999
-9999 -9999 -9999 -9999 -9999 2.28387522697449 3.29446056910924 3.58886933326721 2.83954261881965 3.37287211418152 2.83217167854309 2.27371644973755 2.49249297380447 2.28612148761749 1.97259306907654 1.6196197271347 1.33301702141762 1.26318821310997 1.26805651187897 1.29164850711823 1.3828612267971 1.37077724933624 1.3214812874794 1.14338698983192 1.04392048716545 1.35153222084045 1.39433473348618 1.41352871060371 1.40832298994064 1.28794947266579 1.36643627285957 1.27399653196335 1.08992589265108 1.45269146561623 0.871093511581421 0.715965762734413 0.728448003530502 0.718681499361992 0.812142044305801 0.952793955802917 1.28808000683784 1.77080029249191 2.23182481527328 4.27205836772919 7.97343689203262 24.6849862568587 -9999 -9999 -9999 -9999 44.2809769686531 61.7060600280762 59.9082733154297 27.8547476841853 -9999 -9999 -9999 -9999 -9999 -9999 -9999 -9999
-9999 -9999 -9999 -9999 -9999 -9999 -9999 -9999 5.35840337276459 3.61072266953332 2.25311475992203 2.62566518783569 2.65111416578293 3.15768671035767 2.91070872545242 1.70505756139755 1.4229217171669 1.36604404449463 1.49720245599747 1.48530748486519 1.31502002477646 1.41785922646523 1.71516072750092 1.88391816616058 1.92330300807953 2.37545853853226 2.39339768886566 2.3932244181633 2.23350155353546 2.27926433086395 1.69611373543739 1.62628497183323 1.52104425430298 1.54257827997208 1.2261469066143 1.0332288891077 0.949704766273499 0.833378970623016 0.9164699614048 1.24665597081184 1.96369242668152 2.60922825336456 2.82783606648445 3.82215678691864 4.70418907830745 29.0682649612427 -9999 -9999 -9999 -9999 17.548882484436 67.0922593568501 52.5447841644287 63.5610694885254 50.7401521682739 20.0352635383606 -9999 -9999 -9999 -9999 -9999 -9999
-9999 -9999 -9999 -9999 -9999 -9999 -9999 -9999 -9999 -9999 5.89053297042847 3.84013509750366 4.57700085639954 4.51827585697174 3.73717868328094 2.30515283346176 1.71894818544388 1.50715130567551 1.42110604047775 2.0123348236084 1.63252133131027 1.84803307056427 2.05584758520126 3.16199934482574 3.73679101467133 4.10350120067596 3.29707503318787 2.56964778900146 2.13722026348114 2.34130793809891 2.32168954610825 1.49623426795006 1.14418950676918 1.26068696379662 0.958669491112232 0.866284847259521 0.851116888225079 0.922668009996414 1.3876053839922 1.6059427857399 2.51044052839279 3.36110061407089 3.30091863870621 3.99809181690216 15.2156404089002 -9999 -9999 -9999 -9999 -9999 -9999 -9999 10.3087292131854 36.4370927810669 39.2680051466998 53.710636138916 10.8786277770996 -9999 -9999 -9999 -9999 -9999
-9999 -9999 -9999 -9999 -9999 -9999 -9999 -9999 -9999 4.3704868555069 6.14966940879822 4.68952059745789 3.71410739421844 4.10234463214874 3.1293683052063 2.46359699964523 1.67473948001862 1.58260130882263 1.2717120051384 2.28566479682922 2.15377879142761 2.07060903310776 3.17215061187744 4.00967037677765 4.46976149082184 4.51833164691925 3.72414672374725 3.42679560184479 3.56785440444946 3.18311405181885 2.20313555002213 1.33895096182823 0.800314150750637 0.827511012554169 0.859679237008095 0.91263373196125 0.987206608057022 1.17845548689365 1.89396411180496 2.28223496675491 3.23142895102501 3.91486197710037 4.53408229351044 4.82155287265778 28.1365925334032 33.0447750091553 -9999 -9999 -9999 22.847731590271 15.2416687011719 13.2968239784241 10.5703321695328 13.799658536911 58.8407907485962 32.3569814782394 11.912974307614 -9999 -9999 -9999 -9999 -9999
-9999 -9999 -9999 -9999 -9999 -9999 -9999 -9999 -9999 -9999 5.64477074146271 4.13024389743805 3.13260984420776 2.93232518434525 2.52975368499756 1.80480068922043 1.44453898072243 1.65197771787643 1.4546309709549 1.99513274431229 6.72733569145203 1.425916492939 1.41720896959305 1.42288988828659 2.59142625331879 4.2158979177475 3.90315842628479 2.14076891541481 1.49606701731682 1.23126347362995 0.939107730984688 0.815899863839149 0.76206897944212 0.756492465734482 0.822583884000778 0.996299728751182 1.1164638698101 1.45168273150921 2.48739141225815 3.06794321537018 3.24883541464806 3.43366688489914 5.22320920228958 9.04921245574951 9.36932401691826 -9999 -9999 -9999 -9999 -9999 20.3538541793823 15.3717403411865 20.2078709602356 11.2428329586983 20.6973636490958 -9999 -9999 -9999 -9999 -9999 -9999 -9999
-9999 -9999 -9999 -9999 -9999 -9999 -9999 -9999 -9999 3.67937564849854 3.49677300453186 2.82803624868393 2.40686774253845 2.48563420772552 2.05740594863892 1.93515068292618 1.60637176036835 1.87358558177948 1.7449836730957 1.73061150312424 3.78917920589447 1.4936238527298 1.33151739835739 1.30693048238754 1.59456825256348 1.63313470780849 1.95176589488983 2.24153588712215 1.238954231143 1.12961626052856 0.970862612128258 0.946274265646935 0.886148974299431 0.799469277262688 0.871245220303535 1.00461596250534 1.22240525484085 1.65626326203346 2.03216922283173 2.64824250340462 2.75634607672691 0.834067493677139 7.41301124095917 6.05778553879377 3.86466658115387 -9999 -9999 -9999 -9999 -9999 13.3642855371748 14.1137283065102 12.030001076785 -9999 -9999 -9999 -9999 -9999 -9999 -9999 -9999 -9999
-9999 -9999 -9999 -9999 -9999 -9999 -9999 -9999 -9999 3.03435373306274 2.98040843009949 2.29367476701736 1.8722437620163 2.081363260746 2.46032917499542 2.22079879045486 1.92056179046631 1.75095373392105 2.8653067946434 2.1552420258522 1.87058329582214 1.44253197312355 1.47197252511978 1.63705877959728 1.47338023781776 1.6878776550293 1.64578011631966 1.00687010586262 0.864169523119926 0.921240717172623 0.959068134427071 1.01582211256027 0.903654366731644 0.931503362953663 1.01824050396681 1.30378296971321 2.39769196510315 3.88085579872131 4.64038014411926 4.81329607963562 4.2721711397171 4.0637024641037 4.83374297618866 11.9803880852403 3.86466693878174 -9999 -9999 -9999 -9999 12.1949715614319 -9999 -9999 -9999 -9999 -9999 -9999 -9999 -9999 -9999 -9999 -9999 -9999
-9999 -9999 -9999 -9999 -9999 -9999 -9999 -9999 -9999 3.13999056816101 2.91367954015732 2.8349940776825 2.49062991142273 2.30836647748947 2.5128983259201 2.7102068066597 1.9329217672348 2.22023624181747 2.60492777824402 3.79367244243622 5.85360825061798 1.26273787021637 1.1567699611187 1.69144231081009 1.64350157976151 1.46106934547424 1.2898870781064 1.05882751196623 1.00048989057541 1.06009836494923 1.1373101323843 1.20636373758316 1.46074837446213 1.53060413897038 1.82072830200195 1.29596927762032 4.60726499557495 6.28454899787903 4.94897270202637 5.32270550727844 4.989342212677 4.08641088008881 3.31551977698483 -9999 -9999 -9999 -9999 -9999 -9999 -9999 -9999 -9999 -9999 -9999 -9999 -9999 -9999 -9999 -9999 -9999 -9999 -9999
-9999 -9999 -9999 -9999 -9999 -9999 -9999 -9999 -9999 3.64114952087402 3.11961507797241 3.13448560237885 2.80449002981186 2.25549745559692 2.31941092014313 2.30459707975388 1.87759494781494 1.6952685713768 1.85129624605179 2.16743856668472 2.22158843278885 1.04138740897179 1.0098352432251 1.12766361236572 1.19662347435951 1.19158239662647 1.14315410703421 1.17833514511585 1.18416675925255 1.25836198031902 1.42406214773655 1.74323733150959 1.64838901162148 1.79318627715111 1.83874203264713 3.74267077445984 7.00952792167664 5.85911560058594 5.78366732597351 5.42719101905823 4.43495047092438 8.13717591762543 6.05612334285874 -9999 -9999 -9999 -9999 -9999 -9999 -9999 -9999 -9999 -9999 -9999 -9999 -9999 -9999 -9999 -9999 -9999 -9999 -9999
-9999 -9999 -9999 -9999 -9999 -9999 -9999 3.28386068344116 4.9506017611577 3.61233007907867 2.92583692073822 2.57103824615479 2.76082277297974 1.95612895488739 2.39789700508118 1.72773367166519 1.59511041641235 1.59678143262863 1.5191205739975 1.48436772823334 1.81608599424362 1.33495125174522 0.994830384850502 1.18003571033478 1.34716276824474 1.23548139631748 1.04703976213932 1.18052405118942 1.32646907866001 1.44349721074104 2.20615145564079 2.9627394080162 2.74870645999908 3.12807047367096 4.06179821491241 5.83094191551208 5.97894763946533 6.41512274742127 4.76707744598389 4.76632165908813 9.53918385216333 5.69786846637726 3.25656187534332 -9999 -9999 -9999 -9999 -9999 -9999 -9999 -9999 -9999 -9999 -9999 -9999 -9999 -9999 -9999 -9999 -9999 -9999 -9999
-9999 -9999 -9999 -9999 -9999 -9999 3.1928070675243 5.40320312976837 5.2015814781189 3.59089815616608 3.0333434343338 2.4491760134697 2.86137896776199 2.07139956951141 1.72356677055359 1.91777104139328 1.39473974704742 1.59689998626709 1.8101504445076 1.7970262169838 1.65142947435379 1.80716854333878 1.36203454434872 1.42103697359562 1.5087498575449 0.957400515675545 1.00997400283813 0.881739974021912 1.17110025882721 1.51507970690727 2.22910779714584 2.95069462060928 3.30824327468872 5.34183728694916 4.39925622940063 5.14086616039276 5.04010152816772 5.12524461746216 3.79100096225739 -9999 -9999 -9999 -9999 -9999 -9999 -9999 -9999 -9999 -9999 -9999 -9999 -9999 -9999 -9999 -9999 -9999 -9999 -9999 -9999 -9999 -9999 -9999
-9999 -9999 -9999 -9999 3.60725604163276 6.22668027877808 4.87945640087128 4.31565284729004 3.17933249473572 2.72321319580078 2.55329632759094 2.7734482884407 2.7616560459137 2.20171129703522 1.70674431324005 1.73315101861954 1.54533451795578 1.62329256534576 1.80073267221451 1.58991676568985 1.38255822658539 1.10751333832741 1.49668237566948 1.47071215510368 0.930705763399601 0.884786233305931 1.04221728444099 1.18081027269363 1.5444655418396 1.87523195147514 2.4165925681591 2.8079577088356 3.14585739374161 3.42723441123962 3.57815134525299 3.68594837188721 4.38633453845978 4.99910354614258 -9999 -9999 -9999 -9999 -9999 -9999 -9999 -9999 -9999 -9999 -9999 -9999 -9999 -9999 -9999 -9999 -9999 -9999 -9999 -9999 -9999 -9999 -9999 -9999
-9999 -9999 -9999 -9999 4.32675611972809 4.74497330188751 4.09041917324066 3.81134462356567 2.94605630636215 2.44099044799805 2.19480979442596 2.53937172889709 2.45150470733643 2.15088307857513 1.64472377300262 1.45593300461769 1.40456548333168 1.43722951412201 1.39588272571564 1.60259181261063 1.44280725717545 1.12713897228241 1.46201851218939 1.46515797078609 1.84988620877266 2.91919216513634 1.14000827819109 1.91615748405457 3.37443923950195 3.3993037045002 4.17739897966385 4.45652234554291 4.71431517601013 4.79080486297607 4.92693161964417 4.63119745254517 4.94327330589294 -9999 -9999 -9999 -9999 -9999 -9999 -9999 -9999 -9999 -9999 -9999 -9999 -9999 -9999 -9999 -9999 -9999 -9999 -9999 -9999 -9999 -9999 -9999 -9999 -9999
-9999 17.6768940653881 3.14643375440077 5.09929255076817 4.2714786529541 3.6919162273407 3.37482905387878 3.52737665176392 2.87793231010437 2.25746029615402 2.10040283203125 2.43578481674194 2.27046900987625 1.70984476804733 1.45662000775337 1.39473304152489 1.43110951781273 1.65756529569626 1.54580408334732 1.48767149448395 1.55782431364059 1.07486812770367 1.27840087562799 1.68663121759892 1.91968721151352 3.14015990495682 3.29654585570097 3.45686928927898 2.61512817442417 4.36613214015961 4.41443645954132 4.19285607337952 4.50646281242371 5.84993124008179 4.40282374620438 4.017622590065 -9999 -9999 -9999 -9999 -9999 -9999 -9999 -9999 -9999 -9999 -9999 -9999 -9999 -9999 -9999 -9999 -9999 -9999 -9999 -9999 -9999 -9999 -9999 -9999 -9999 -9999
4.38345059064718 5.23051986694336 4.85444133281708 3.55517685413361 2.85215181112289 2.89794820547104 3.16735875606537 3.7551441192627 2.95845150947571 2.03473949432373 1.49582478404045 1.65602391958237 2.03775072097778 1.21645125746727 1.22572875022888 1.32252225279808 1.88075691461563 1.69115853309631 1.38498821854591 1.21565097570419 1.25590422749519 1.44493049383163 2.30392733216286 2.56562313437462 4.44763785600662 8.0042282268405 6.96497341990471 2.85964952409267 2.93834356963634 3.84637051820755 4.22035771608353 5.12066620588303 4.42581367492676 -9999 -9999 -9999 -9999 -9999 -9999 -9999 -9999 -9999 -9999 -9999 -9999 -9999 -9999 -9999 -9999 -9999 -9999 -9999 -9999 -9999 -9999 -9999 -9999 -9999 -9999 -9999 -9999 -9999
4.43541360985149 4.50222473794764 3.4070405960083 3.34020602703094 3.3924458026886 3.28861427307129 3.35196375846863 2.96798408031464 2.60391068458557 1.99261057376862 1.58095943927765 2.0211067199707 1.36282503604889 1.03846424818039 1.25033774971962 1.63924723863602 1.737424492836 1.49060028791428 1.35875102877617 1.40256303548813 1.68754506111145 2.20329523086548 3.19268023967743 4.69325990974903 3.33626925945282 5.07779610157013 9.01403045654297 2.62302258610725 3.3920561671257 3.80397999286652 4.57603061199188 4.06807363033295 4.59184527397156 15.2869814069648 14.8283806622028 4.47558395429091 -9999 -9999 -9999 -9999 -9999 -9999 -9999 -9999 -9999 -9999 -9999 -9999 -9999 -9999 -9999 -9999 -9999 -9999 -9999 -9999 -9999 -9999 -9999 -9999 -9999 -9999
3.52710092067719 3.10869741439819 3.25967395305634 3.73833382129669 3.7303694486618 3.11775290966034 2.96843844652176 2.5670662522316 2.28582608699799 1.90473228693008 1.90235316753387 1.82868754863739 1.24269524216652 1.21636497974396 1.25366395711899 1.43432477116585 1.66016846895218 1.64227867126465 1.67885774374008 1.76392042636871 2.5152263045311 2.23459196090698 3.03103946149349 2.03251840174198 5.77948558330536 5.37228012084961 5.95292401313782 7.40570998191833 4.43849140405655 4.30700662136078 7.47115815957387 -9999 -9999 -9999 -9999 -9999 -9999 -9999 -9999 -9999 -9999 -9999 -9999 -9999 -9999 -9999 -9999 -9999 -9999 -9999 -9999 -9999 -9999 -9999 -9999 -9999 -9999 -9999 -9999 -9999 -9999 -9999
4.81635799578258 4.02611517906189 3.68132865428925 3.60512459278107 3.3930891752243 4.05231535434723 3.65014064311981 3.01922106742859 2.61643642187119 2.29415845870972 2.18138319253922 1.6087229847908 1.40380051732063 1.34419646859169 1.4769232571125 1.77333444356918 1.88460749387741 1.73228394985199 1.76773577928543 2.41925257444382 2.46496868133545 2.34987455606461 2.50060495734215 3.57270741462708 4.00595033168793 2.61814990639687 2.68317827582359 3.75990974903107 5.02293019294739 6.0761901140213 5.75219464302063 10.2529789209366 -9999 -9999 -9999 -9999 -9999 -9999 8.97763400647178 12.6942715644836 -9999 -9999 -9999 -9999 -9999 -9999 -9999 -9999 -9999 -9999 -9999 -9999 -9999 -9999 -9999 -9999 -9999 -9999 -9999 -9999 -9999 -9999
5.39952449798584 17.5838559150696 13.3048872947693 6.74250984191895 5.80244708061218 5.54828095436096 4.16732311248779 3.74051177501678 3.12833189964294 2.24516844749451 2.07402008771896 1.47845703363419 1.36998823285103 1.36955550312996 1.66641819477081 1.47571796178818 1.52072471380234 1.6086990237236 2.10335326194763 2.13961493968964 2.724768653512 2.90538194775581 3.31272080540657 2.883155554533 3.16025876998901 4.99139738082886 5.0906754732132 4.94293453012194 4.94216895103455 11.8496059070934 6.88597852726505 3.42093944549561 -9999 -9999 -9999 -9999 -9999 -9999 -9999 -9999 -9999 -9999 -9999 -9999 -9999 -9999 -9999 -9999 -9999 -9999 -9999 -9999 -9999 -9999 -9999 -9999 -9999 -9999 -9999 -9999 -9999 -9999
-9999 -9999 -9999 -9999 -9999 3.70010895478098 4.40904821455479 3.73217260837555 2.78968870639801 2.0378805398941 1.79333031177521 1.35500925779343 1.40454751253128 1.52955150604248 1.34099024534225 1.24938225746155 1.69166028499603 2.07830482721329 2.71594280004501 2.47150580585003 2.4809388667345 2.31652474403381 2.72806000709534 4.09292929172516 5.47810983657837 7.41378593444824 -9999 -9999 -9999 -9999 -9999 -9999 -9999 -9999 -9999 -9999 -9999 -9999 -9999 -9999 -9999 -9999 -9999 -9999 -9999 -9999 -9999 -9999 -9999 -9999 -9999 -9999 -9999 -9999 -9999 -9999 -9999 -9999 -9999 -9999 -9999 -9999
-9999 -9999 -9999 -9999 -9999 -9999 3.60704033374786 2.93329650163651 1.96634924411774 1.68732297420502 1.55030179023743 1.43198624253273 1.44882524013519 1.37152352929115 1.64851051568985 1.97210168838501 3.39572095870972 2.19078004360199 1.34237059950829 2.06748574972153 2.19114476442337 4.55864052772522 4.88712882995605 3.18028551284398 -9999 -9999 -9999 -9999 -9999 -9999 -9999 -9999 -9999 -9999 -9999 -9999 -9999 -9999 -9999 -9999 -9999 -9999 -9999 -9999 -9999 -9999 -9999 -9999 -9999 -9999 -9999 -9999 -9999 -9999 -9999 -9999 -9999 -9999 -9999 -9999 -9999 -9999
