EcologicalScience/Bass/data/rs_data_bass/chl_60.asc
NCOLS 226 
NROWS 124 
XLLCORNER -9.41648524995501 
YLLCORNER 47.587301625531 
CELLSIZE 0.0833 
NODATA_value -9999 
[rows 0 to 26 of 124, columns 62 to 123 of 226]
-9999 -9999 -9999 -9999 -9999 -9999 -9999 -9999 -9999 -9999 -9999 -9999 -9999 -9999 -9999 -9999 -9999 -9999 -9999 -9999 -9999 -9999 -9999 -9999 -9999 -9999 -9999 -9999 -9999 -9999 -9999 -9999 -9999 -9999 -9999 -9999 -9999 -9999 -9999 -9999 -9999 -9999 -9999 -9999 -9999 -9999 -9999 -9999 -9999 -9999 -9999 -9999 -9999 -9999 -9999 -9999 -9999 -9999 -9999 -9999 -9999 -9999
-9999 -9999 -9999 -9999 -9999 -9999 -9999 -9999 -9999 -9999 -9999 -9999 -9999 -9999 -9999 -9999 -9999 -9999 -9999 -9999 -9999 -9999 -9999 -9999 -9999 -9999 -9999 -9999 -9999 -9999 -9999 -9999 -9999 -9999 -9999 -9999 -9999 -9999 -9999 -9999 -9999 -9999 -9999 -9999 -9999 -9999 -9999 -9999 -9999 -9999 -9999 -9999 -9999 -9999 -9999 -9999 -9999 -9999 -9999 -9999 -9999 -9999
-9999 -9999 -9999 -9999 -9999 -9999 -9999 -9999 -9999 -9999 -9999 -9999 -9999 -9999 -9999 -9999 -9999 -9999 -9999 -9999 -9999 -9999 -9999 -9999 -9999 -9999 -9999 -9999 -9999 -9999 -9999 -9999 -9999 -9999 -9999 -9999 -9999 -9999 -9999 -9999 -9999 -9999 -9999 -9999 -9999 -9999 -9999 -9999 -9999 -9999 -9999 -9999 -9999 -9999 -9999 -9999 -9999 -9999 -9999 -9999 -9999 -9999
-9999 -9999 -9999 -9999 -9999 -9999 -9999 -9999 -9999 -9999 -9999 -9999 -9999 -9999 -9999 -9999 -9999 -9999 -9999 -9999 -9999 -9999 -9999 -9999 -9999 -9999 -9999 -9999 -9999 -9999 -9999 -9999 -9999 -9999 -9999 -9999 -9999 -9999 -9999 -9999 -9999 -9999 -9999 -9999 -9999 -9999 -9999 -9999 -9999 -9999 -9999 -9999 -9999 -9999 -9999 -9999 -9999 -9999 -9999 -9999 -9999 -9999
-9999 -9999 -9999 -9999 -9999 -9999 -9999 -9999 -9999 -9999 -9999 -9999 -9999 -9999 -9999 -9999 -9999 -9999 -9999 -9999 -9999 -9999 -9999 -9999 -9999 -9999 -9999 -9999 -9999 -9999 -9999 -9999 -9999 -9999 -9999 -9999 -9999 -9999 -9999 -9999 -9999 -9999 -9999 -9999 -9999 -9999 -9999 -9999 -9999 -9999 -9999 -9999 -9999 -9999 -9999 -9999 -9999 -9999 -9999 -9999 -9999 -9999
-9999 -9999 -9999 -9999 -9999 -9999 -9999 -9999 -9999 -9999 -9999 -9999 -9999 -9999 -9999 -9999 -9999 -9999 -9999 -9999 -9999 -9999 -9999 -9999 -9999 -9999 -9999 -9999 0.63735419511795 -9999 10.2208369374275 0.886054515838623 0.819756746292114 0.664856985211372 0.489998996257782 0.487478256225586 0.581509485840797 0.639545246958733 0.643999502062798 0.66507451236248 0.717565521597862 0.619533017277718 0.556033506989479 0.517426505684853 0.47512574493885 0.448058992624283 0.453030735254288 0.459187477827072 0.546889498829842 0.726546764373779 0.730122730135918 0.609551981091499 0.559808269143105 0.585548266768456 0.584966987371445 0.639366745948792 0.604210495948792 0.569548487663269 0.450195729732513 0.365570247173309 0.265527002513409 0.187150496989489
-9999 -9999 -9999 -9999 -9999 -9999 -9999 -9999 -9999 -9999 -9999 -9999 -9999 -9999 -9999 -9999 -9999 -9999 -9999 -9999 -9999 -9999 -9999 -9999 -9999 -9999 1.18186515569687 1.0627324283123 3.06500232964754 2.26929295063019 1.39259245991707 1.16208153963089 0.776492267847061 0.672679513692856 0.547649994492531 0.585082501173019 0.658728003501892 0.691152021288872 0.606404989957809 0.65734501183033 0.651715502142906 0.623719498515129 0.659531995654106 0.687089994549751 0.602938503026962 0.51409050822258 0.605282261967659 0.694443002343178 0.745514988899231 0.792033791542053 0.725567981600761 0.585560247302055 0.53405624628067 0.461964011192322 0.43997548520565 0.58238098025322 0.504289492964745 0.429851979017258 0.361883997917175 0.276374258100986 0.225516758859158 0.421426132321358
-9999 -9999 -9999 -9999 -9999 -9999 -9999 -9999 -9999 -9999 -9999 -9999 -9999 -9999 -9999 -9999 -9999 -9999 -9999 -9999 -9999 -9999 -9999 -9999 -9999 -9999 1.18186515569687 6.89766669273376 3.97945511341095 1.5378509759903 1.13312476873398 1.03114423155785 1.30796697735786 0.780874460935593 0.514293730258942 0.509588241577148 0.48462375998497 0.505616247653961 0.491849228739738 0.540649518370628 0.577109232544899 0.624092236161232 0.670740008354187 0.671262010931969 0.59101876616478 0.925445973873138 0.931616216897964 0.799704015254974 0.738672763109207 0.74966324865818 0.72094202041626 0.65319000184536 0.444540739059448 0.293852247297764 0.318388491868973 0.443864241242409 0.387781485915184 0.346289992332458 0.273470252752304 0.221716493368149 0.384735368192196 0.410123638808727
-9999 -9999 -9999 -9999 -9999 -9999 -9999 -9999 -9999 -9999 -9999 -9999 -9999 -9999 -9999 -9999 -9999 -9999 -9999 -9999 -9999 -9999 -9999 -9999 -9999 -9999 1.19990474581718 3.46894061565399 2.87168848514557 2.72409528493881 1.91296720504761 2.33868008852005 1.58168739080429 0.71450100839138 0.445537492632866 0.510120749473572 0.460618481040001 0.509534999728203 0.615800991654396 0.705558747053146 0.72352422773838 0.686396241188049 0.726105004549026 0.755531966686249 0.749715015292168 0.87297597527504 0.721933498978615 0.591617256402969 0.613627508282661 0.591512247920036 0.592487990856171 0.389919742941856 0.257882997393608 0.252606756985188 0.282502502202988 0.351674996316433 0.273063004016876 0.25509075075388 0.414796125143766 0.414849758148193 0.407878875732422 0.410972245037556
-9999 -9999 -9999 -9999 -9999 -9999 -9999 -9999 -9999 -9999 -9999 -9999 -9999 -9999 -9999 -9999 -9999 -9999 -9999 -9999 -9999 -9999 -9999 -9999 -9999 1.19121462106705 9.10034465789795 11.9028239250183 8.53414034843445 3.56357109546661 2.98508995771408 2.56459951400757 2.72130900621414 1.36762645840645 1.37750512361526 1.16745302081108 0.844176024198532 0.851966232061386 0.865865260362625 0.85300800204277 0.839753240346909 0.810940504074097 0.70872451364994 0.787559241056442 0.746605485677719 0.542413517832756 0.498322516679764 0.513758271932602 0.476486250758171 0.413115754723549 0.2668117582798 0.22333949804306 0.209451757371426 0.471090015023947 0.447602234780788 0.433180131018162 0.413987617939711 0.385375868529081 0.395097378641367 0.422537248581648 0.412665378302336 0.417168013751507
-9999 -9999 -9999 -9999 -9999 -9999 -9999 -9999 -9999 -9999 -9999 -9999 -9999 -9999 -9999 -9999 -9999 -9999 -9999 -9999 -9999 -9999 -9999 -9999 -9999 23.5891971588135 9.22377347946167 9.55832076072693 19.8924150466919 17.620747089386 5.88509094715118 3.47139823436737 3.05446350574493 2.47232472896576 1.53870069980621 1.28440654277802 1.03099420666695 2.50254110991955 2.0651767551899 1.51221410930157 1.4165343940258 1.4499344676733 1.32470101118088 1.31027287244797 1.07149015367031 0.580730259418488 0.939661905169487 0.967583611607552 1.02092023193836 0.327428251504898 0.857673358172178 0.716419145464897 0.528640508651733 0.44853525236249 0.414106886833906 0.413648631423712 0.403188742697239 0.363434258848429 0.371073760092258 0.443584866821766 0.537244878709316 0.617003627121449
-9999 -9999 -9999 -9999 -9999 -9999 -9999 -9999 -9999 -9999 -9999 -9999 -9999 -9999 -9999 -9999 -9999 -9999 -9999 -9999 -9999 -9999 -9999 -9999 1.31647038459778 34.8594589233398 11.4587802886963 8.31494379043579 9.66141557693481 19.305314540863 13.5748615264893 5.68106710910797 3.2306113243103 2.36538380384445 1.90009653568268 1.3622812628746 1.26437178254128 1.23652276396751 1.0497405230999 0.928267478942871 0.823894500732422 0.856201529502869 0.824201971292496 0.778432488441467 0.742481991648674 0.559593021869659 0.445583269000053 0.462867736816406 0.977484360337257 1.00170113146305 0.896921597421169 0.893489632755518 0.774389605969191 0.565156124532223 0.45210413262248 0.412321887910366 0.415234129875898 0.409590013325214 0.401757750660181 0.432051368057728 0.549739502370358 0.237740993499756
-9999 -9999 -9999 -9999 -9999 -9999 -9999 -9999 -9999 -9999 -9999 -9999 -9999 -9999 -9999 -9999 -9999 -9999 -9999 -9999 -9999 -9999 -9999 1.50594073534012 23.6884961128235 20.8404564857483 9.67246985435486 11.1129684448242 9.88183164596558 7.06623530387878 3.44631314277649 2.80694246292114 1.96660727262497 1.84121918678284 1.64885401725769 1.65198451280594 1.40939176082611 0.957421481609344 0.853334963321686 0.862953722476959 0.729292497038841 0.808291465044022 0.780150711536407 0.707244738936424 0.668054983019829 0.625811979174614 0.530588999390602 0.695926487445831 0.572607010602951 0.551317512989044 0.60029174387455 0.465408772230148 0.844007235020399 0.645232871174812 0.217455759644508 0.210549004375935 0.503262005746365 0.496273130178452 0.251310758292675 0.251019760966301 0.250372499227524 0.247063502669334
-9999 -9999 -9999 -9999 -9999 -9999 -9999 -9999 -9999 -9999 -9999 -9999 -9999 -9999 -9999 -9999 -9999 -9999 -9999 -9999 -9999 -9999 12.077296257019 20.2217473983765 22.1327576637268 4.51950967311859 4.80408883094788 4.59323394298553 3.56207013130188 3.02559149265289 2.89595693349838 2.74915426969528 2.84620732069016 3.01857447624207 3.0359069108963 1.58367741107941 1.19958302378654 1.08471903204918 1.08195447921753 1.02848249673843 0.994308024644852 0.878294974565506 0.783404231071472 0.707096233963966 0.674047484993935 0.64621876180172 0.675547510385513 0.589840516448021 0.489672750234604 0.493352249264717 0.428013011813164 0.265325993299484 0.243431255221367 0.230408258736134 0.227707497775555 0.225808493793011 0.225732006132603 0.234116993844509 0.249498009681702 0.251977510750294 0.254794500768185 0.252138756215572
-9999 -9999 -9999 -9999 -9999 -9999 -9999 -9999 -9999 -9999 -9999 -9999 -9999 -9999 -9999 -9999 -9999 -9999 -9999 -9999 2.64602583646774 1.85790351846001 9.50249290466309 6.71940493583679 6.25068068504333 3.54862725734711 3.98649537563324 3.56942403316498 3.29971790313721 3.3571754693985 3.86523520946503 4.03606116771698 4.09964561462402 3.35143053531647 2.72616147994995 1.9662891626358 1.4459932744503 1.19758647680283 1.18807125091553 1.19018545746803 1.02282902598381 0.842728525400162 0.714186742901802 0.662416487932205 0.652568265795708 0.696360737085342 0.703428760170937 0.734853744506836 0.636245235800743 0.524541020393372 0.467778772115707 0.315861001610756 0.255048751831055 0.249486744403839 0.245114251971245 0.244933493435383 0.240156747400761 0.237685494124889 0.236230507493019 0.235367998480797 0.241666495800018 0.247561499476433
-9999 -9999 -9999 -9999 -9999 -9999 -9999 -9999 -9999 -9999 -9999 -9999 -9999 -9999 -9999 -9999 -9999 -9999 -9999 -9999 -9999 4.05471539497375 4.19868814945221 3.42803335189819 3.1439505815506 2.91628950834274 3.26305139064789 3.61880385875702 4.21511542797089 4.43604290485382 4.41868579387665 3.60847663879395 3.44945991039276 2.88056033849716 2.30105245113373 2.31781053543091 2.03608721494675 1.55995792150497 1.4406915307045 1.30187550187111 1.0387305021286 0.84928947687149 0.838935792446136 0.696562483906746 0.656063988804817 0.653665512800217 0.722096979618073 0.724322229623795 0.672107979655266 0.645923271775246 0.63263775408268 0.556572005152702 0.446180999279022 0.364100240170956 0.257317498326302 0.248536504805088 0.244536750018597 0.24252674728632 0.238229244947433 0.241158753633499 0.241754248738289 0.245837241411209
-9999 -9999 -9999 -9999 -9999 -9999 -9999 -9999 -9999 -9999 -9999 -9999 -9999 -9999 -9999 -9999 -9999 -9999 -9999 3.80412447452545 3.38577675819397 2.62605518102646 2.16335552930832 1.95787417888641 2.13634657859802 2.46890097856522 2.70561522245407 3.40501964092255 3.79916417598724 4.37815511226654 3.59528911113739 2.98003721237183 2.51990550756454 2.20746892690659 1.90378206968307 1.91701805591583 1.78028923273087 1.99601769447327 2.0161896944046 1.69294649362564 1.24296525120735 1.06039577722549 0.98290354013443 0.824517756700516 0.728654265403748 0.691142991185188 0.743283748626709 0.774593263864517 0.752131462097168 0.737054988741875 0.651931509375572 0.552930772304535 0.39079275727272 0.308023497462273 0.268111489713192 0.265764757990837 0.258031502366066 0.253871999680996 0.259891502559185 0.263444244861603 0.261664509773254 0.264112494885921
-9999 -9999 -9999 -9999 -9999 -9999 -9999 -9999 -9999 -9999 -9999 -9999 -9999 -9999 -9999 -9999 -9999 -9999 3.92740345001221 3.12318384647369 2.60234391689301 2.73000973463058 2.39994978904724 1.91306179761887 1.68133646249771 1.92497545480728 2.13321608304977 2.48087257146835 3.99895942211151 3.58342051506042 3.3524272441864 3.37555289268494 3.1524817943573 2.74790704250336 2.60582542419434 2.24701201915741 1.96733397245407 2.45254504680634 2.20246571302414 1.67885023355484 1.39889171719551 1.07411625981331 0.686055019497871 0.399507746100426 0.593566507101059 0.57923997938633 0.592169255018234 0.676827728748322 0.724554017186165 0.624408021569252 0.571569755673409 0.546152248978615 0.540619522333145 0.426387771964073 0.352398745715618 0.329102240502834 0.289445243775845 0.258895508944988 0.268016248941422 0.26655225455761 0.28456874191761 0.299393244087696
-9999 -9999 -9999 -9999 -9999 -9999 -9999 -9999 -9999 -9999 -9999 -9999 -9999 -9999 -9999 -9999 -9999 4.26372445387647 5.44159126281738 3.29664587974548 2.519915163517 2.34761166572571 2.277303814888 1.89669370651245 1.52584272623062 1.51833307743073 1.4276280105114 1.46568149328232 2.23895627260208 2.54368579387665 2.67295342683792 3.01241862773895 3.35538911819458 3.70355772972107 3.50166893005371 3.15130341053009 3.00577354431152 3.5309454202652 5.30786991119385 6.57868480682373 4.97934365272522 1.27328923344612 0.873028457164764 0.334791004657745 0.27955799549818 0.3839962631464 0.428426250815392 0.740305513143539 0.544979229569435 0.357788242399693 0.339855752885342 0.332222990691662 0.335962504148483 0.32116274535656 0.294186003506184 0.286356009542942 0.279617249965668 0.266176499426365 0.2617147564888 0.266880758106709 0.271406248211861 0.288354746997356
-9999 -9999 -9999 -9999 -9999 -9999 -9999 -9999 -9999 -9999 -9999 -9999 -9999 -9999 -9999 -9999 -9999 -9999 -9999 6.81314563751221 3.90456962585449 2.35297358036041 2.1727169752121 2.02809745073318 1.47362771630287 1.38905999064445 1.31657096743584 1.29664948582649 1.97592151165009 2.23255348205566 2.91551542282104 1.87541770935059 2.18125641345978 2.73648226261139 3.24011850357056 3.4487761259079 2.84067070484161 3.13771641254425 4.22209203243256 4.94270610809326 1.9416863322258 1.33659598231316 0.787544220685959 0.776325345039368 0.997767761349678 1.32455583661795 0.291404999792576 0.455711245536804 0.568761751055717 0.377800494432449 0.267138004302979 0.270330749452114 0.275837995111942 0.296009995043278 0.317515499889851 0.390053272247314 0.265813507139683 0.282904498279095 0.290130749344826 0.30800324678421 0.310761004686356 0.305698491632938
-9999 -9999 -9999 -9999 -9999 -9999 -9999 -9999 -9999 -9999 -9999 -9999 -9999 -9999 -9999 5.60740113258362 13.8141589164734 21.6691340666551 4.25851714611053 3.53521656990051 2.3734604716301 2.1596594452858 1.97506499290466 1.72335147857666 1.62957072257996 1.4765017926693 1.42072203755379 1.54852205514908 1.86971855163574 2.04491329193115 1.90333878993988 2.09736907482147 2.28874808549881 1.64747107028961 1.3666327893734 2.13021379709244 2.16943502426147 2.09528106451035 2.25954973697662 1.15889704227448 0.875074535608292 0.691589266061783 0.587888985872269 0.428904756903648 0.411290243268013 0.442187994718552 0.392142757773399 0.286372505128384 0.314805753529072 0.293423250317574 0.280544243752956 0.369550488889217 0.389061748981476 0.401943013072014 0.410988003015518 0.323247760534286 0.306550495326519 0.314939260482788 0.296510249376297 0.303930759429932 0.32566275447607 0.317199759185314
-9999 -9999 -9999 -9999 -9999 -9999 -9999 -9999 -9999 -9999 35.2986888885498 35.2986888885498 13.7248649597168 22.5806837081909 11.6341624259949 6.29085874557495 6.11473774909973 5.05506312847137 4.75284683704376 3.75536012649536 2.74234342575073 2.39901369810104 2.35046249628067 2.15808516740799 1.97791796922684 1.85011357069016 1.76225924491882 1.97659796476364 2.64142352342606 2.31278783082962 2.25793129205704 2.89096122980118 2.22154802083969 1.90999799966812 1.68898057937622 1.71366745233536 1.50324368476868 1.44549000263214 1.16624101996422 0.977778017520905 0.811616957187653 0.690852016210556 0.615857988595963 0.606373518705368 0.724939495325089 0.730452731251717 0.637149006128311 0.298777498304844 0.293645247817039 0.310000509023666 0.437467485666275 0.475419759750366 0.424596011638641 0.494945257902145 0.511764004826546 0.460354506969452 0.45320700109005 0.446232005953789 0.460167020559311 0.464612245559692 0.38910149037838 0.358642503619194
-9999 -9999 -9999 -9999 -9999 -9999 -9999 -9999 -9999 -9999 35.2986888885498 15.421654190336 9.1065845489502 12.1419296264648 8.34264349937439 6.34804487228394 4.88606786727905 5.29193937778473 9.6464718494675 3.26540246180126 4.02791476249695 2.89394170045853 2.71244841814041 2.57533800601959 3.31417715549469 3.25297272205353 2.6972159743309 2.4600487947464 2.73110997676849 2.88922208547592 2.93310606479645 2.50816798210144 1.83114373683929 1.80206483602524 1.14524620771408 1.41962322592735 1.28870397806168 1.21365746855736 0.828207761049271 0.799553275108337 0.691424265503883 0.588045760989189 0.558882012963295 0.622664228081703 0.742094993591309 0.749641478061676 0.756663769483566 0.76623746752739 0.79209378361702 0.653575479984283 0.468555763363838 0.455465242266655 0.547658264636993 0.609524980187416 0.51408451795578 0.445925250649452 0.461175754666328 0.459598481655121 0.488564237952232 0.509897992014885 0.541303485631943 0.520383015275002
-9999 -9999 -9999 -9999 -9999 -9999 -9999 -9999 -9999 -9999 -9999 -9999 -9999 7.95254945755005 8.07144212722778 8.54926205532891 -9999 -9999 -9999 -9999 -9999 -9999 3.8596283197403 3.75686860084534 4.79985308647156 5.16315150260925 3.96298813819885 2.47904098033905 2.6305958032608 2.73077094554901 2.91872477531433 3.35010516643524 2.92852199077606 1.72888201475143 1.44660821557045 0.871114522218704 0.707067757844925 0.754032790660858 1.13628146052361 0.685967266559601 0.668937742710114 0.670347020030022 0.650207251310349 0.631314754486084 0.60920324921608 0.534930020570755 0.557112738490105 0.650445744395256 0.73141872882843 0.851770520210266 0.784251719713211 0.69828750193119 0.694406256079674 0.719652771949768 0.606264755129814 0.44717775285244 0.471168771386147 0.540764272212982 0.518223747611046 0.53311425447464 0.539322003722191 0.64570426940918
-9999 -9999 -9999 -9999 -9999 -9999 -9999 -9999 -9999 -9999 -9999 -9999 -9999 16.6274771690369 16.6274771690369 16.6274771690369 -9999 -9999 -9999 -9999 -9999 -9999 4.94490551948547 4.94490551948547 4.94490551948547 0.308659605681896 7.8220853805542 5.76210236549377 3.54008710384369 2.57504332065582 2.89980983734131 3.03564512729645 2.88220721483231 2.4662076830864 1.78866899013519 1.50275319814682 0.90649276971817 0.710830494761467 0.700614765286446 0.748506769537926 0.768418461084366 0.797873228788376 0.769710749387741 0.691458016633987 0.618242248892784 0.567052513360977 0.586143001914024 0.571666494011879 0.605693981051445 0.652359008789062 0.793566763401031 0.801037520170212 0.610387489199638 0.585243746638298 0.552786737680435 0.369028508663177 0.387126758694649 0.363691493868828 0.357525005936623 0.361360497772694 0.39291675388813 0.505488753318787
-9999 -9999 -9999 -9999 -9999 -9999 -9999 -9999 -9999 -9999 -9999 -9999 -9999 -9999 -9999 -9999 -9999 -9999 -9999 -9999 -9999 -9999 -9999 -9999 -9999 -9999 8.77839803695679 6.97638130187988 4.7758537530899 3.18060207366943 2.63749194145203 3.11191141605377 2.3384730219841 2.61057525873184 3.250115275383 2.11700177192688 1.10872051119804 0.910885512828827 0.765778541564941 0.78490349650383 0.771005988121033 0.803633272647858 0.743817016482353 0.796046286821365 0.766408503055573 0.720082506537437 0.667755737900734 0.606531009078026 0.657042771577835 0.701250001788139 0.656487017869949 0.652598261833191 0.613132506608963 0.597631484270096 0.559203743934631 0.429626986384392 0.41856524348259 0.410662516951561 0.428700014948845 0.401958748698235 0.396949499845505 0.40558348596096
-9999 -9999 -9999 -9999 -9999 -9999 -9999 -9999 -9999 -9999 -9999 -9999 -9999 -9999 -9999 -9999 -9999 -9999 -9999 -9999 -9999 -9999 -9999 -9999 -9999 -9999 -9999 2.80308383703232 6.16975665092468 4.46097385883331 3.91268312931061 3.47295069694519 2.34506767988205 2.03192782402039 1.9450004696846 0.963748544454575 0.767600208520889 0.743864983320236 0.748003497719765 0.724535241723061 0.692993268370628 0.699977248907089 0.809627294540405 0.878035515546799 0.817383706569672 0.725491493940353 0.65150249004364 0.630589485168457 0.636194989085197 0.649958252906799 0.647277742624283 0.640356749296188 0.608949735760689 0.583475232124329 0.517267495393753 0.469220995903015 0.480557262897491 0.476363271474838 0.512106746435165 0.505799978971481 0.495068237185478 0.491249978542328
