EcologicalScience/Bass/data/rs_data_bass/chl_33.asc
NCOLS 226 
NROWS 124 
XLLCORNER -9.41648524995501 
YLLCORNER 47.587301625531 
CELLSIZE 0.0833 
NODATA_value -9999 
[rows 54 to 80 of 124, columns 0 to 61 of 226]
-9999 -9999 -9999 -9999 -9999 -9999 -9999 -9999 -9999 -9999 -9999 -9999 -9999 -9999 -9999 -9999 -9999 -9999 -9999 -9999 -9999 -9999 -9999 -9999 -9999 -9999 -9999 -9999 -9999 -9999 -9999 -9999 -9999 -9999 -9999 -9999 -9999 -9999 4.3176316728155 3.24577751755714 3.13179583847523 2.47427254915237 1.32467848062515 1.35425779223442 1.36175626516342 1.42860826849937 1.26703128218651 1.12487027049065 0.995779484510422 1.13902987539768 1.09281076490879 1.61641055345535 1.90797972679138 1.69834041595459 1.88341122865677 2.20797747373581 2.35281747579575 2.27486246824265 -9999 0.607058599591255 0.62790758907795 -9999
-9999 -9999 -9999 -9999 -9999 -9999 -9999 -9999 -9999 -9999 -9999 -9999 -9999 -9999 -9999 -9999 -9999 -9999 -9999 -9999 -9999 -9999 -9999 -9999 -9999 -9999 -9999 -9999 -9999 -9999 -9999 -9999 -9999 -9999 -9999 -9999 -9999 -9999 -9999 4.1058598279953 2.8342159986496 1.93838703632355 1.72099953889847 1.75490552186966 1.44378671050072 1.25124898552895 1.11833703517914 1.0176217854023 1.07333922386169 1.39731600880623 1.26082429289818 1.24440228939056 1.68351531028748 1.83255976438522 2.11693650484085 2.29242825508118 2.04159051590952 -9999 -9999 -9999 -9999 -9999
-9999 -9999 -9999 -9999 -9999 -9999 -9999 -9999 -9999 -9999 -9999 -9999 -9999 -9999 -9999 -9999 -9999 -9999 -9999 -9999 -9999 -9999 -9999 -9999 -9999 -9999 -9999 -9999 -9999 -9999 -9999 -9999 -9999 -9999 -9999 -9999 -9999 -9999 -9999 -9999 1.95309895277023 1.95384907722473 1.53618532419205 1.70349454879761 1.60936278104782 1.32982876896858 1.29826802015305 1.34129101037979 1.2811912894249 1.29829198122025 1.10955145955086 1.35106274485588 1.5894690155983 1.73633766174316 1.83839249610901 1.74317622184753 1.88989126682281 2.62210321426392 2.59523301124573 -9999 -9999 -9999
-9999 -9999 -9999 -9999 -9999 -9999 -9999 -9999 -9999 -9999 -9999 -9999 -9999 -9999 -9999 -9999 -9999 -9999 -9999 -9999 -9999 -9999 -9999 -9999 -9999 -9999 -9999 -9999 -9999 -9999 -9999 -9999 -9999 -9999 -9999 -9999 -9999 -9999 -9999 -9999 2.03890255093575 2.19722700119019 2.28910428285599 2.20604556798935 1.97152572870255 1.68249446153641 1.42970171570778 1.60146296024323 1.61381471157074 1.47657823562622 1.12842974066734 1.52626723051071 1.67883378267288 1.63416981697083 1.66095381975174 1.46828323602676 2.27418449521065 0.932675242424011 3.25883719325066 4.6097500026226 16.052332214619 -9999
-9999 -9999 -9999 -9999 -9999 -9999 -9999 -9999 -9999 -9999 -9999 -9999 -9999 -9999 -9999 -9999 -9999 -9999 -9999 -9999 -9999 -9999 -9999 -9999 -9999 -9999 -9999 -9999 -9999 -9999 -9999 -9999 -9999 -9999 -9999 -9999 -9999 -9999 -9999 -9999 -9999 2.07876527309418 2.01975220441818 2.02035409212112 2.14240425825119 2.11277174949646 1.65934717655182 1.61563950777054 1.90978199243546 1.63735431432724 1.17661052942276 1.00729796290398 1.21824073791504 1.3386749625206 1.41214799880981 1.37171995639801 1.46533271670341 1.61797803640366 3.49721276760101 5.29262936115265 6.53665262460709 -9999
-9999 -9999 -9999 -9999 -9999 -9999 -9999 -9999 -9999 -9999 -9999 -9999 -9999 -9999 -9999 -9999 -9999 -9999 -9999 -9999 -9999 -9999 -9999 -9999 -9999 -9999 -9999 -9999 -9999 -9999 -9999 -9999 -9999 -9999 -9999 -9999 -9999 -9999 -9999 -9999 -9999 2.5519113779068 1.98053696751595 2.24139413237572 1.79209345579147 1.69335150718689 1.57609874010086 1.45245829224586 1.58885622024536 1.30604401230812 1.02159753441811 0.960750013589859 1.20165377855301 1.13785654306412 1.3799190223217 1.49711027741432 1.62090522050858 1.73358142375946 2.66348499059677 -9999 -9999 -9999
-9999 -9999 -9999 -9999 -9999 -9999 -9999 -9999 -9999 -9999 -9999 -9999 -9999 -9999 -9999 -9999 -9999 -9999 -9999 -9999 -9999 -9999 -9999 -9999 -9999 -9999 -9999 -9999 -9999 -9999 -9999 -9999 -9999 -9999 -9999 -9999 -9999 -9999 -9999 -9999 2.56883378326893 2.34843653440475 2.27066624164581 1.57696491479874 1.4437709748745 1.31651178002357 1.41672152280807 1.41505345702171 1.26653400063515 1.02944549918175 0.902782469987869 0.971179515123367 1.26779624819756 1.29602175951004 1.28060621023178 1.35268726944923 1.53485852479935 -9999 -9999 3.72411757707596 3.96929210424423 4.41593933105469
-9999 -9999 -9999 -9999 -9999 -9999 -9999 -9999 -9999 -9999 -9999 -9999 -9999 -9999 -9999 -9999 -9999 -9999 -9999 -9999 -9999 -9999 -9999 -9999 -9999 -9999 -9999 -9999 -9999 -9999 -9999 -9999 -9999 -9999 -9999 -9999 -9999 -9999 -9999 3.10108144283295 2.17643438279629 2.03744079172611 1.89674440026283 1.31925451755524 1.13967373967171 1.22748452425003 1.4056079685688 1.33135503530502 1.24142476916313 0.999752283096313 0.847530037164688 0.827579230070114 0.86656129360199 1.02170249819756 1.18906652927399 1.21009576320648 2.59337246417999 2.15963619947433 2.04255679249763 2.51281780004501 2.91307806968689 2.94409626722336
-9999 -9999 -9999 -9999 -9999 -9999 -9999 -9999 -9999 -9999 -9999 -9999 -9999 -9999 -9999 -9999 -9999 -9999 -9999 -9999 -9999 -9999 -9999 -9999 -9999 -9999 -9999 -9999 -9999 -9999 -9999 -9999 -9999 -9999 -9999 -9999 -9999 -9999 -9999 2.35986453294754 2.18176835775375 1.78974857926369 1.57556359469891 1.35666972398758 1.1165354847908 1.14312073588371 1.38173326849937 1.1626837849617 1.05448651313782 0.828428238630295 0.832072466611862 0.85515296459198 0.937031239271164 1.0924499630928 1.52741020917892 1.81225794553757 2.39491581916809 2.74021875858307 2.73234897851944 2.73833101987839 2.89580100774765 3.10740530490875
-9999 -9999 -9999 -9999 -9999 -9999 -9999 -9999 -9999 -9999 -9999 -9999 -9999 -9999 -9999 -9999 -9999 -9999 -9999 -9999 -9999 -9999 -9999 -9999 -9999 -9999 -9999 -9999 -9999 -9999 -9999 -9999 -9999 -9999 -9999 -9999 -9999 -9999 2.35679805278778 2.60854923725128 1.77170732617378 1.60319584608078 1.47584514319897 1.33384045958519 1.18465496599674 1.10942700505257 1.06125149130821 0.946194022893906 0.937296777963638 0.816429734230042 0.913296014070511 0.903702735900879 0.990122973918915 1.16546478867531 1.23922052979469 1.45940923690796 1.451620221138 2.21814608573914 2.3608785867691 2.2917412519455 2.43421804904938 2.20800071954727
-9999 -9999 -9999 -9999 -9999 -9999 -9999 -9999 -9999 -9999 -9999 -9999 -9999 -9999 -9999 -9999 -9999 -9999 -9999 -9999 -9999 -9999 -9999 -9999 -9999 -9999 -9999 -9999 -9999 -9999 -9999 -9999 -9999 -9999 -9999 -9999 -9999 -9999 3.1130313873291 2.18511557579041 1.74153077602386 1.36722600460052 1.21550627052784 1.1316059678793 0.99584099650383 1.16768212616444 0.994263008236885 0.975467249751091 0.917238369584084 0.928599715232849 1.07115304470062 1.04967302083969 1.04580375552177 1.16202145814896 1.12099653482437 1.37052896618843 1.81644380092621 2.25848472118378 2.3503897190094 2.48392206430435 1.64012508094311 2.18363025784492
-9999 -9999 -9999 -9999 -9999 -9999 -9999 -9999 -9999 -9999 -9999 -9999 -9999 -9999 -9999 -9999 -9999 -9999 -9999 -9999 -9999 -9999 -9999 -9999 -9999 -9999 -9999 -9999 -9999 -9999 -9999 -9999 -9999 -9999 -9999 -9999 -9999 -9999 1.73513782024384 1.99022179841995 1.44848696887493 1.27858498692513 0.99346724152565 0.98794350028038 0.995374470949173 1.02921974658966 1.0441515147686 0.982438534498215 1.06777203083038 1.16072174906731 1.16704201698303 1.30231726169586 1.22704428434372 1.1993707716465 1.14763203263283 1.08015596866608 1.82358527183533 1.9492215514183 1.12819726020098 2.36915391683578 1.49396456032991 2.00779402256012
-9999 -9999 -9999 -9999 -9999 -9999 -9999 -9999 -9999 -9999 -9999 -9999 -9999 -9999 -9999 -9999 -9999 -9999 -9999 -9999 -9999 -9999 -9999 -9999 -9999 -9999 -9999 -9999 -9999 -9999 -9999 -9999 -9999 -9999 -9999 -9999 -9999 2.78965352475643 1.83377695083618 0.990485966205597 0.928590774536133 0.880765467882156 0.855120778083801 0.927585035562515 0.963638216257095 0.986447274684906 0.977885216474533 1.00535926222801 1.05988124012947 1.05207896232605 1.05851098895073 1.15413370728493 1.43101572990417 1.32993748784065 1.27108052372932 1.11433500051498 1.24992370605469 1.32901346683502 1.4871164560318 1.72819197177887 2.60801249742508 1.97493606805801
-9999 -9999 -9999 -9999 -9999 -9999 -9999 -9999 -9999 -9999 -9999 -9999 -9999 -9999 -9999 -9999 -9999 -9999 -9999 -9999 -9999 -9999 -9999 -9999 -9999 -9999 -9999 -9999 -9999 -9999 -9999 -9999 -9999 -9999 -9999 -9999 3.90382102602407 2.75246268510818 2.23703438043594 1.26694652438164 0.845637023448944 0.805472999811172 0.755037009716034 0.934662044048309 0.952347010374069 0.934724986553192 0.919437736272812 0.942046523094177 0.99049499630928 1.01186326146126 1.02826800942421 1.14464020729065 1.23743623495102 1.23645222187042 1.26530778408051 1.4123797416687 1.7414887547493 1.53748494386673 1.63126802444458 1.77388948202133 1.86364424228668 2.46064871549606
-9999 -9999 -9999 -9999 -9999 -9999 -9999 -9999 -9999 -9999 -9999 -9999 -9999 -9999 -9999 -9999 -9999 -9999 -9999 -9999 -9999 -9999 -9999 -9999 -9999 -9999 -9999 -9999 -9999 -9999 -9999 1.76656427979469 1.39491078257561 -9999 2.10493344068527 -9999 1.95449467805716 1.75712701678276 0.824953526258469 0.884541749954224 0.81676197052002 0.821296513080597 0.818432986736298 0.86215353012085 0.691738486289978 0.924019485712051 0.900314211845398 0.927403539419174 0.965741962194443 1.17360895872116 1.32756677269936 1.36893224716187 1.40100824832916 1.33664774894714 1.29645672440529 1.70272654294968 1.75515818595886 1.98941016197205 2.01815557479858 4.6411319732666 3.32197359361147 3.00035436451435
-9999 -9999 -9999 -9999 -9999 -9999 -9999 -9999 -9999 -9999 -9999 -9999 -9999 -9999 -9999 -9999 -9999 -9999 -9999 -9999 -9999 -9999 0.346259817481041 1.2613320350647 3.22563222795725 14.7948359772563 8.25261282920837 1.39326372742653 1.88071882724762 1.26952573657036 0.919706225395203 0.842126995325089 1.3176517188549 1.72276943922043 2.71363954246044 2.44706055521965 0.74720473587513 0.724109262228012 0.759636729955673 0.788864225149155 0.763213455677032 0.797681272029877 0.793385982513428 0.870518267154694 0.876573711633682 0.9166020154953 1.02709722518921 1.14529502391815 1.22998729348183 1.36710378527641 1.42516949772835 1.51999121904373 1.61965280771255 1.72736316919327 1.73476499319077 2.05928921699524 2.17622101306915 2.15497648715973 2.52428864731508 -9999 -9999 -9999
-9999 -9999 -9999 -9999 -9999 -9999 -9999 -9999 -9999 -9999 -9999 -9999 -9999 -9999 -9999 -9999 -9999 -9999 -9999 -9999 -9999 -9999 1.09912257770012 1.39464524388313 0.811710029840469 0.697296738624573 2.82890748977661 3.44689348340034 1.03701603412628 0.896881520748138 0.740349009633064 0.755847036838531 0.975422233343124 0.711778521537781 0.710447251796722 0.692091017961502 0.741698250174522 0.737340733408928 0.782267242670059 0.810728251934052 0.747051000595093 0.743325009942055 0.803220748901367 0.802087515592575 0.856080025434494 0.855006784200668 1.11778575181961 1.37384176254272 1.46791648864746 1.48635452985764 1.73389953374863 1.62769657373428 1.73529982566833 1.85600692033768 2.16018980741501 -9999 -9999 -9999 -9999 -9999 -9999 -9999
-9999 -9999 -9999 -9999 -9999 -9999 -9999 -9999 -9999 -9999 -9999 -9999 -9999 -9999 -9999 -9999 -9999 -9999 -9999 33.9419757085187 0.993956208229065 1.00278148055077 1.06706848740578 0.458925738930702 0.932135224342346 0.42486298084259 0.953918486833572 0.532017007470131 0.615911990404129 0.538484260439873 0.617448762059212 0.698720991611481 0.633136510848999 0.591806262731552 0.653005510568619 0.738113254308701 0.719985008239746 0.665577739477158 0.713310018181801 0.710454002022743 0.717917248606682 0.749369993805885 0.773760706186295 0.750078767538071 0.810756772756577 0.982901215553284 1.44321075081825 1.64622008800507 1.75888055562973 1.86760568618774 1.90935981273651 -9999 -9999 -9999 -9999 -9999 -9999 -9999 -9999 -9999 -9999 -9999
-9999 -9999 -9999 -9999 -9999 -9999 -9999 -9999 -9999 -9999 -9999 -9999 -9999 -9999 -9999 -9999 -9999 0.864077221602201 1.20448630303144 1.51116054877639 0.906734973192215 0.950438261032104 0.686111256480217 0.564752250909805 0.499079257249832 0.568992733955383 0.635732978582382 0.575028017163277 0.586772248148918 0.493125736713409 0.490398734807968 0.540841519832611 0.527361005544662 0.523214265704155 0.603344991803169 0.660927012562752 0.667670980095863 0.613166257739067 0.632133767008781 0.727620765566826 0.735792741179466 0.738639011979103 0.78034570813179 0.82296895980835 0.922323793172836 1.17890176177025 1.47751575708389 1.75271397829056 2.07711750268936 2.41482979059219 1.69952977001667 -9999 -9999 -9999 -9999 -9999 -9999 -9999 -9999 -9999 -9999 -9999
-9999 -9999 -9999 -9999 -9999 -9999 -9999 -9999 -9999 -9999 -9999 -9999 -9999 -9999 1.60504367351532 0.543273761868477 1.39188149571419 1.60662227869034 1.21154703497887 0.748026743531227 0.652114480733871 0.648716256022453 0.584885984659195 0.528704255819321 0.531736493110657 0.54534749686718 0.675392255187035 0.616227731108665 0.634428754448891 0.648431986570358 0.51900976896286 0.554910019040108 0.52698826789856 0.524316743016243 0.563582986593246 0.796214282512665 0.729705736041069 0.638415768742561 0.682688266038895 0.831204771995544 0.82252049446106 0.799326002597809 0.821213275194168 0.912692248821259 0.974957227706909 1.22569128870964 1.38010945916176 1.48431149125099 1.91971957683563 1.99448776245117 2.10956472158432 2.36891323328018 -9999 -9999 -9999 -9999 -9999 -9999 -9999 -9999 -9999 -9999
-9999 -9999 -9999 -9999 -9999 -9999 -9999 -9999 -9999 -9999 -9999 4.29387047461101 1.01118915975094 0.450878435745835 0.75686851143837 1.03950226306915 0.983280032873154 0.865494757890701 0.840833276510239 0.715602770447731 0.70627798140049 0.676309481263161 0.619173020124435 0.659704506397247 0.640380755066872 0.708578243851662 0.720753729343414 0.699255019426346 0.741052508354187 0.687798768281937 0.655697241425514 0.667405486106873 0.563352763652802 0.553250268101692 0.632358759641647 0.716997742652893 1.0311059653759 0.807697534561157 0.804108023643494 0.783428281545639 0.805389761924744 0.827922016382217 0.869547754526138 0.855971217155457 0.998282968997955 1.12457326054573 1.30392748117447 1.45451027154922 1.40633529424667 1.44585579633713 1.42709749937057 -9999 -9999 -9999 -9999 -9999 2.82306886952977 6.69122059643269 5.50193620764691 8.20956451737363 12.4189841866493 -9999
-9999 -9999 -9999 -9999 -9999 -9999 -9999 -9999 -9999 1.76976434673582 1.70733215539686 0.703756503760815 0.477159395813942 0.778812021017075 0.860363245010376 0.902971476316452 0.764402210712433 0.815504997968674 0.747307509183884 0.739915519952774 0.657841488718987 0.68070150911808 0.661345481872559 0.883101761341095 0.755492269992828 0.758812487125397 0.800186991691589 0.827754735946655 0.693238511681557 0.684819728136063 0.732728987932205 0.746477991342545 0.530705988407135 0.547662734985352 0.689697772264481 0.871673226356506 1.008659273386 1.17141821980476 1.00426197052002 1.55715608596802 0.853193253278732 0.895355254411697 0.847005754709244 0.819683969020844 0.968773484230042 1.15968453884125 1.26742574572563 1.34600096940994 1.40187978744507 1.38149097561836 1.72185748815536 1.81928479671478 1.48339842259884 2.40635359988493 2.03785349428654 2.04070030152798 2.46896696090698 1.77671778202057 2.09660696983337 2.37170022726059 2.58555829524994 -9999
-9999 -9999 -9999 -9999 -9999 0.701601728796959 0.732546731829643 0.843866229057312 0.877112209796906 0.64349927008152 0.51612862944603 0.645731985569 0.831996023654938 0.863073706626892 0.744281262159348 0.830666989088058 0.850816458463669 0.892170041799545 0.837223470211029 0.868206739425659 0.687319502234459 0.720788240432739 0.759776294231415 0.823415994644165 0.836562752723694 0.830539494752884 0.735643520951271 0.72920697927475 0.609078750014305 0.590315982699394 0.615687757730484 0.528318732976913 0.476517766714096 0.599954232573509 0.740552991628647 0.84775722026825 1.17468523979187 1.61411476135254 1.48486948013306 1.88963556289673 0.939543753862381 0.770286709070206 0.74653422832489 0.930660724639893 0.905445009469986 1.05539104342461 1.09969800710678 1.04797947406769 1.11000296473503 1.24267503619194 1.57372570037842 1.55152344703674 1.56209850311279 1.61964672803879 1.72329725325108 2.37694269418716 1.93093049526215 1.85867697000504 2.48891472816467 2.61848992109299 2.70019948482513 2.77800750732422
-9999 -9999 -9999 -9999 -9999 0.823889225721359 0.825310528278351 0.730649247765541 0.646005749702454 0.728618234395981 1.00509229302406 0.96220126748085 1.06876426935196 0.738733515143394 0.558477759361267 0.370237752795219 0.763142287731171 0.997101008892059 0.903152257204056 1.08784729242325 1.00859096646309 0.974394768476486 0.86389347910881 0.984302222728729 1.00632378458977 0.865183532238007 0.684228748083115 0.679673999547958 0.758062541484833 0.737441271543503 0.590828239917755 0.477820515632629 0.491489231586456 0.54067499935627 0.71839651465416 0.848901718854904 1.18974378705025 1.41052803397179 1.61993855237961 1.21111875772476 1.0346175134182 0.819134205579758 0.767882287502289 0.885834753513336 0.882490485906601 1.0329607129097 1.09346249699593 1.00980153679848 1.04758876562119 1.19224128127098 1.53340423107147 1.68650704622269 1.72219794988632 1.90749156475067 1.61828100681305 1.60752131044865 2.31038779020309 2.34585750102997 2.19320100545883 2.19300591945648 2.38014221191406 2.51050275564194
-9999 -9999 -9999 -9999 -9999 0.907005786895752 0.957599222660065 1.07357847690582 1.04205751419067 0.939628511667252 0.931418985128403 1.05336597561836 1.02108979225159 0.767434537410736 0.714728236198425 1.10880222916603 0.973287731409073 0.858879715204239 0.955390512943268 1.14616647362709 1.30045428872108 1.29386097192764 1.04068046808243 0.898815035820007 0.841740041971207 0.815775007009506 0.718985259532928 0.742838993668556 0.732322499155998 0.632807269692421 0.576818257570267 0.573414757847786 0.55495423078537 0.53870701789856 0.666072741150856 0.974616765975952 1.51964092254639 1.46524125337601 1.46490079164505 1.25309479236603 1.0606372654438 0.880374044179916 0.817184239625931 0.759644240140915 0.854540973901749 1.23498228192329 1.30748471617699 1.03023451566696 0.897037535905838 0.907758772373199 1.16871750354767 1.5856574177742 1.56359928846359 1.48164823651314 1.70261406898499 1.43968802690506 1.69347006082535 1.79023575782776 1.90771275758743 2.14424782991409 2.15408706665039 2.46699893474579
-9999 -9999 -9999 -9999 -9999 1.27281376719475 1.08160874247551 0.519832871854305 0.784243494272232 0.780114769935608 0.787076979875565 0.8099505007267 0.960094481706619 0.834808498620987 0.784911721944809 1.10506126284599 0.791393995285034 0.744407996535301 0.879078716039658 1.04961821436882 0.940168529748917 1.22459551692009 1.0608352124691 0.851948261260986 0.849602222442627 0.891630738973618 0.938245475292206 0.817353755235672 0.73937326669693 0.699678763747215 0.729305237531662 0.72061724960804 0.665737509727478 0.633917257189751 0.72960376739502 1.91380798816681 2.14761829376221 1.56882530450821 1.62643504142761 1.12788453698158 0.89701572060585 0.823412239551544 0.728651985526085 0.78243300318718 0.810722261667252 0.840059995651245 1.17909604310989 0.999722957611084 0.820173025131226 0.817373245954514 0.874236792325974 1.18323227763176 1.33444878458977 1.35877203941345 1.34926503896713 1.3753447830677 1.58585697412491 1.26876927912235 2.16340720653534 2.45945245027542 2.56987345218658 2.85703343153
-9999 -9999 -9999 -9999 -9999 0.565480515360832 0.607089757919312 0.588405758142471 0.613040238618851 0.623763754963875 0.644256010651588 0.765294760465622 0.95485121011734 0.768327713012695 0.742596745491028 0.712260738015175 0.888802528381348 0.788903206586838 0.736769244074821 0.709797754883766 0.62509573996067 0.698678255081177 1.31508752703667 0.861951738595963 0.780363768339157 0.805486500263214 0.912053257226944 0.943015515804291 0.853365004062653 0.753822773694992 0.682893767952919 0.710876986384392 0.731055021286011 0.734536483883858 0.70789723098278 0.737536489963531 0.95259752869606 1.03834122419357 1.07857346534729 1.03912496566772 0.93530398607254 0.968223720788956 0.866870284080505 0.840449273586273 0.885576009750366 0.927116990089417 1.04924395680428 1.02881625294685 0.825627028942108 0.854207217693329 0.888449281454086 0.948774039745331 0.86599488556385 1.09935477375984 1.09280821681023 1.26726204653581 1.19083861013254 1.3467699728514 1.56583732366562 1.93793696165085 2.48845499753952 2.68014979362488
