EcologicalScience/Bass/data/rs_data_bass/chl_515.asc
NCOLS 226 
NROWS 124 
XLLCORNER -9.41648524995501 
YLLCORNER 47.587301625531 
CELLSIZE 0.0833 
NODATA_value -9999 
[rows 54 to 80 of 124, columns 124 to 185 of 226]
3.21351993083954 3.0863835811615 2.97410649061203 2.913778424263 2.93082654476166 3.02847790718079 3.07100486755371 3.08644866943359 3.13360548019409 3.16850996017456 3.27934670448303 4.35710048675537 5.25226593017578 4.9846293926239 3.78078067302704 3.32748305797577 3.20477199554443 2.31276440620422 2.15132206678391 2.11875987052917 1.95833194255829 1.94122642278671 2.08634984493256 2.2804908156395 2.49902504682541 2.61750090122223 2.65531092882156 2.67853832244873 2.69890111684799 2.87894421815872 2.8857958316803 2.61836975812912 2.50439500808716 2.36540830135345 2.48514157533646 2.73007124662399 2.89601022005081 2.84772741794586 2.82853531837463 2.82003039121628 3.06734848022461 3.5955662727356 2.68418455123901 1.63732087612152 2.32061326503754 4.93136322498322 7.24644613265991 8.05589318275452 10.4626379013062 13.4219856262207 18.7046341896057 21.3489146232605 15.8293175697327 13.4954023361206 8.28012299537659 9.44653058052063 12.2077975273132 11.272974729538 12.7978706359863 12.1570715904236 -9999 -9999
3.46994197368622 3.41369712352753 3.37129497528076 3.26281356811523 3.25583481788635 3.36308169364929 3.41245400905609 3.43345499038696 3.41099166870117 3.41897428035736 3.48429572582245 3.15988147258759 3.34029972553253 4.13154852390289 3.97082412242889 3.8932421207428 3.20165169239044 3.03991198539734 2.50193899869919 2.55106741189957 2.80235052108765 2.78228098154068 2.64951127767563 2.60800588130951 2.63679349422455 2.58476954698563 2.63214576244354 2.60542327165604 2.57540702819824 2.51046681404114 2.47510260343552 2.57338553667068 2.66077190637589 2.79143732786179 3.04008185863495 3.06170690059662 2.88788062334061 2.69145798683167 2.78676795959473 3.07151985168457 2.72326916456223 1.58690714836121 1.99468302726746 3.89705336093903 6.3921332359314 6.77203130722046 6.97572112083435 9.355140209198 14.1878957748413 14.9988698959351 14.9843673706055 15.7975158691406 16.6028509140015 14.2283535003662 11.6925830841064 8.66999745368958 10.5720698833466 -9999 -9999 -9999 -9999 -9999
3.66807353496552 3.70895683765411 3.6331729888916 3.60127151012421 3.57140672206879 3.58518826961517 3.65723204612732 3.59333717823029 3.37495458126068 3.42952036857605 3.2371551990509 3.26273596286774 3.44189465045929 3.02148771286011 3.61316514015198 3.51095831394196 2.91642719507217 2.70590955018997 2.64843481779099 2.85341370105743 3.14218747615814 3.32076573371887 3.40534007549286 3.27879059314728 3.18171572685242 2.94341236352921 3.03837704658508 3.00706994533539 2.98521637916565 2.82755148410797 2.51653468608856 2.90229070186615 3.05835914611816 3.03544449806213 3.05656921863556 2.84920227527618 2.82374542951584 3.33284246921539 3.62019073963165 2.29550743103027 1.20855903625488 1.84739255905151 4.20475351810455 6.86983895301819 8.41101908683777 7.569256067276 8.08002734184265 14.4548335075378 9.97695636749268 8.19216799736023 12.1367039680481 11.412695646286 8.87628650665283 11.8814706802368 12.5703678131104 -9999 -9999 -9999 -9999 -9999 -9999 -9999
4.17334842681885 4.08288252353668 4.07988488674164 4.04424405097961 4.10549068450928 4.0832576751709 3.99563777446747 3.79830622673035 3.60679256916046 3.49176263809204 3.32488775253296 3.23019933700562 3.22221994400024 3.12519407272339 3.25390541553497 3.28725922107697 2.91257178783417 2.76748466491699 2.82761907577515 3.02139902114868 3.32969176769257 3.58394229412079 3.6111946105957 3.34253776073456 3.25312435626984 3.15872597694397 3.13432002067566 3.11532425880432 3.129314661026 3.09250295162201 3.00042521953583 3.0277351140976 3.1850870847702 3.42545771598816 3.84072196483612 3.86775040626526 4.12971031665802 3.26292872428894 1.98919969797134 1.09886831045151 1.29524624347687 2.93262147903442 5.95839715003967 6.88895630836487 6.98791122436523 6.89155983924866 7.43285804986954 -9999 8.56469893455505 8.46832680702209 8.93726134300232 8.49856066703796 7.96513152122498 8.84193706512451 -9999 -9999 -9999 -9999 -9999 -9999 -9999 -9999
5.00245034694672 4.6562876701355 4.80089521408081 4.52504253387451 4.59972238540649 4.60091185569763 4.51644086837769 4.42886853218079 4.34760689735413 4.05089163780212 3.74283349514008 3.42636358737946 3.21766340732574 2.94053184986115 3.13399028778076 3.14836835861206 3.41521883010864 3.24082052707672 3.07369565963745 3.15211343765259 3.40814781188965 3.45178556442261 3.39784669876099 3.17379927635193 3.05341386795044 3.05610859394073 3.10754871368408 2.88875359296799 2.88448601961136 3.16713273525238 3.38669550418854 3.52462935447693 4.07168090343475 4.48855912685394 3.95112705230713 3.07073378562927 2.58860170841217 1.529321372509 1.13605400919914 1.09819480776787 1.40143185853958 2.771568775177 5.4415225982666 7.00965142250061 6.45689749717712 6.57581448554993 13.538143157959 11.6633477210999 9.06408977508545 7.60388946533203 7.95103740692139 8.50453591346741 24.7486839294434 60.2689990997314 -9999 -9999 -9999 -9999 -9999 -9999 -9999 -9999
9.55375868439674 7.27230906486511 6.84330725669861 5.42513465881348 5.48499870300293 4.94101095199585 4.68139564990997 4.64895844459534 4.26878356933594 3.93501019477844 3.62394118309021 3.24378418922424 2.88131028413773 2.8644654750824 2.96559530496597 3.26682043075562 3.65517425537109 3.70821619033813 3.27880418300629 3.15972125530243 3.14120256900787 3.11630880832672 3.14926886558533 2.8965300321579 2.87395459413528 2.94659221172333 3.18879210948944 3.45339059829712 3.61311435699463 3.52053129673004 3.87445628643036 3.26453053951263 3.57289838790894 2.57087373733521 1.93469381332397 1.36408898234367 1.17356085777283 1.12057408690453 1.21978667378426 1.14728021621704 2.4934766292572 4.96140646934509 5.54332566261292 8.41128730773926 6.79137325286865 7.09306740760803 8.1030820253733 7.55839848518372 8.64629030227661 8.62785243988037 20.7156600952148 26.3259716033936 41.5022850036621 68.898588180542 -9999 -9999 -9999 -9999 -9999 -9999 -9999 -9999
-9999 -9999 -9999 -9999 -9999 2.28387522697449 4.72061884403229 4.3389995098114 4.15435373783112 3.91998302936554 3.85263919830322 3.55430066585541 3.22790443897247 3.185675740242 3.48653411865234 4.07048463821411 4.1268664598465 3.74060332775116 3.20830857753754 2.94441640377045 2.83354640007019 2.89756053686142 2.92154198884964 2.78575891256332 2.7973775267601 2.97730261087418 3.10875356197357 3.64418864250183 3.82752585411072 2.79546135663986 2.10139864683151 1.90147680044174 1.92719507217407 1.69656372070312 1.31950297951698 1.11455065011978 1.01040950417519 0.992344200611115 1.07182449102402 1.78988564014435 4.69424200057983 6.07836842536926 5.69292640686035 5.96844577789307 7.10377192497253 7.15003538131714 -9999 -9999 -9999 -9999 32.0279703140259 44.6365985870361 45.4849290847778 27.243591427803 -9999 -9999 -9999 -9999 -9999 -9999 -9999 -9999
-9999 -9999 -9999 -9999 -9999 -9999 -9999 -9999 4.68160808086395 3.9434140920639 3.57250392436981 3.57165563106537 3.63145065307617 3.80832695960999 4.46812212467194 4.86370253562927 4.44387030601501 3.83720970153809 2.96240669488907 2.72172617912292 2.82380443811417 2.76414906978607 2.64745777845383 2.69013404846191 2.87991768121719 3.43249797821045 3.52368628978729 2.40985715389252 2.19073051214218 1.52770382165909 1.47965615987778 1.57806104421616 1.65601694583893 1.50049102306366 1.23167762160301 1.09812712669373 0.999666631221771 1.09439474344254 2.04806435108185 5.8318555355072 7.31919121742249 7.36046004295349 7.48437094688416 6.22609663009644 6.68671560287476 29.0682649612427 -9999 -9999 -9999 -9999 17.548882484436 35.4588747024536 31.9661693572998 18.6967935562134 18.6270661354065 26.1940155029297 38.7965927124023 -9999 -9999 -9999 -9999 -9999
-9999 -9999 -9999 -9999 -9999 -9999 -9999 -9999 -9999 3.7953554391861 3.54569041728973 3.77229022979736 3.96140170097351 4.24922919273376 6.2770049571991 6.77651739120483 4.95413482189178 3.67872977256775 2.91081708669662 2.60378748178482 2.48530268669128 2.4114021062851 2.37683773040771 2.54542511701584 2.92922455072403 4.38015711307526 4.00720345973969 1.77441430091858 1.60244733095169 1.29472428560257 1.43485110998154 1.56982970237732 1.43997207283974 1.32372942566872 1.17709243297577 1.17760410904884 1.37124735116959 2.04468905925751 6.36797404289246 9.48992300033569 6.12807440757751 5.81909394264221 6.24352097511292 5.87765944004059 5.71775043010712 -9999 -9999 -9999 -9999 -9999 -9999 -9999 13.7052798271179 17.9938530921936 25.5944910049438 16.3312983512878 10.8786277770996 -9999 -9999 -9999 -9999 -9999
-9999 -9999 -9999 -9999 -9999 -9999 -9999 -9999 -9999 4.3704868555069 3.32135760784149 3.84924924373627 4.27864015102386 4.70423126220703 6.70811605453491 8.13842511177063 5.45841801166534 3.87408649921417 3.13238739967346 2.71825808286667 2.49017715454102 2.49636018276215 2.45304000377655 2.55758267641068 3.32460629940033 3.38973569869995 1.84576427936554 1.4613741338253 1.36005163192749 1.46079933643341 1.58779853582382 1.55578404664993 1.42758178710938 1.34235727787018 1.36652174592018 1.70948588848114 4.08573997020721 6.32101464271545 8.96549320220947 7.96530604362488 5.49078333377838 5.08350884914398 5.5159524679184 6.15243172645569 6.46201944351196 33.0447750091553 -9999 -9999 -9999 9.76255095005035 11.0727239755484 9.9229190826416 9.2635142326355 14.4967088699341 16.1852960586548 15.3942632675171 17.2400636672974 -9999 -9999 -9999 -9999 -9999
-9999 -9999 -9999 -9999 -9999 -9999 -9999 -9999 -9999 4.30188989639282 3.79025959968567 4.04855525493622 5.00301897525787 6.33424401283264 8.47840189933777 6.88679981231689 5.48057842254639 4.12387275695801 3.19429063796997 2.73294067382812 2.67472797632217 2.54424476623535 2.54359120130539 3.06841778755188 3.70525395870209 2.34851038455963 1.41001072525978 1.40503969788551 1.48725476861 1.61943501234055 1.84398007392883 1.87954652309418 2.02917015552521 2.09833556413651 2.22500967979431 3.17415511608124 6.84856152534485 10.9178709983826 8.87347054481506 6.59055519104004 5.38320815563202 5.30073702335358 5.89290297031403 6.59460139274597 7.24117970466614 -9999 -9999 -9999 -9999 9.63705422661521 9.2349470615387 7.92498482190646 8.06448307404151 8.98348364463219 15.1660270214081 -9999 -9999 -9999 -9999 -9999 -9999 -9999
-9999 -9999 -9999 -9999 -9999 -9999 -9999 -9999 -9999 3.67937564849854 4.27141451835632 4.32482242584229 5.90467429161072 5.31406939029694 5.26537156105042 5.16686511039734 4.54234349727631 3.98462641239166 3.260897397995 2.97873491048813 2.74132794141769 2.53866773843765 2.55700671672821 2.9208260178566 2.84733474254608 1.95958828926086 1.36119738221169 1.34390294551849 1.49430969357491 1.87373489141464 2.38821530342102 2.54613697528839 3.00572025775909 2.51030176877975 2.09410786628723 3.24915754795074 7.02875876426697 5.80265057086945 4.26178121566772 3.89292311668396 4.25367772579193 4.72337079048157 5.27319896221161 5.70618653297424 3.86466658115387 -9999 -9999 -9999 -9999 -9999 9.6512975692749 9.66505312919617 10.6623776223924 11.3318105803596 -9999 -9999 -9999 -9999 -9999 -9999 -9999 -9999
-9999 -9999 -9999 -9999 -9999 -9999 -9999 -9999 -9999 5.04192531108856 4.267706990242 3.92560994625092 3.81438624858856 4.12921035289764 4.35488641262054 4.01455271244049 3.91374528408051 3.38779413700104 3.17304718494415 3.00725769996643 2.6948618888855 2.58870255947113 2.54034143686295 2.97158378362656 2.66139060258865 1.81292366981506 1.72019165754318 1.50583112239838 1.58888787031174 1.97328758239746 3.08034253120422 5.25564551353455 9.93815517425537 7.02414608001709 2.89387732744217 2.19151729345322 3.02395105361938 3.61507272720337 4.13815677165985 4.18398785591125 4.27386796474457 4.35932457447052 4.75579226016998 5.03705477714539 3.86466693878174 -9999 -9999 -9999 -9999 12.1949715614319 -9999 -9999 -9999 -9999 -9999 -9999 -9999 -9999 -9999 -9999 -9999 -9999
-9999 -9999 -9999 -9999 -9999 -9999 -9999 -9999 -9999 4.83617448806763 4.56575930118561 3.85308194160461 3.87275075912476 4.34562313556671 4.34510278701782 3.90325462818146 3.59496188163757 3.49603235721588 3.21749496459961 2.90715730190277 2.69035363197327 2.52108442783356 2.79078286886215 3.52390944957733 3.09422242641449 1.52489823102951 1.38716500997543 1.65200507640839 1.7598769068718 2.28556895256042 4.32784509658813 11.9918475151062 19.9108071327209 19.474588394165 5.55579650402069 2.65117746591568 4.07320439815521 4.88249552249908 4.37492430210114 4.59848642349243 4.62865734100342 4.56591904163361 4.58739101886749 -9999 -9999 -9999 -9999 -9999 -9999 -9999 -9999 -9999 -9999 -9999 -9999 -9999 -9999 -9999 -9999 -9999 -9999 -9999
-9999 -9999 -9999 -9999 -9999 -9999 -9999 -9999 2.94464584643191 3.83488985896111 4.25431406497955 3.84345638751984 3.90048694610596 4.24431645870209 4.5327376127243 4.12211000919342 3.56381213665009 3.20635557174683 3.06216859817505 2.96326696872711 2.68910425901413 2.5966637134552 3.87558853626251 4.81996822357178 3.33384454250336 1.83868360519409 1.83476561307907 2.62444710731506 2.89865952730179 2.57958948612213 5.65129959583282 11.824627161026 16.660258769989 8.45356893539429 4.39517641067505 4.20128953456879 4.32465398311615 4.31320774555206 4.71653437614441 4.87729060649872 4.8655800819397 4.66519117355347 -9999 -9999 -9999 -9999 -9999 -9999 -9999 -9999 -9999 -9999 -9999 -9999 -9999 -9999 -9999 -9999 -9999 -9999 -9999 -9999
-9999 -9999 -9999 -9999 -9999 -9999 -9999 3.28386068344116 4.22542476654053 4.23531544208527 3.97417616844177 3.89004814624786 4.3125786781311 4.30775141716003 3.88934218883514 3.39074957370758 3.00394070148468 3.00001931190491 3.08943021297455 2.92983913421631 2.89285880327225 3.62679612636566 4.64483642578125 5.27686858177185 3.2102358341217 3.10395848751068 2.62388151884079 2.18172955513 3.38406944274902 3.37764108181 5.63896000385284 10.1992471218109 10.4133903980255 10.3517582416534 7.03857636451721 4.16177952289581 4.04999041557312 4.51020956039429 4.61936831474304 4.95578920841217 5.117840051651 5.69786846637726 3.25656187534332 -9999 -9999 -9999 -9999 -9999 -9999 -9999 -9999 -9999 -9999 -9999 -9999 -9999 -9999 -9999 -9999 -9999 -9999 -9999
-9999 -9999 -9999 -9999 -9999 -9999 3.53108963370323 4.16258399053053 3.72808978557587 3.86186456680298 3.6066380739212 3.69323337078094 3.96033847332001 3.57517147064209 3.24782502651215 2.87462317943573 2.75500327348709 2.98445606231689 3.03407692909241 2.92037111520767 3.39572525024414 4.74705255031586 6.38029789924622 6.94160985946655 6.27438068389893 4.03817439079285 2.88566279411316 2.67190092802048 3.92903101444244 3.67181754112244 4.04768800735474 5.60082864761353 6.15968227386475 4.269202709198 4.22055244445801 4.93957543373108 4.84251201152802 4.52461194992065 4.49947786331177 4.64134061336517 -9999 -9999 -9999 -9999 -9999 -9999 -9999 -9999 -9999 -9999 -9999 -9999 -9999 -9999 -9999 -9999 -9999 -9999 -9999 -9999 -9999 -9999
-9999 -9999 -9999 -9999 3.97624235293444 4.1708749294281 4.28116800785065 3.75019272168477 4.42530047893524 4.19939839839935 3.96726036071777 3.61678004264832 3.63537132740021 3.4048558473587 3.26270377635956 2.83704847097397 2.75788307189941 2.66835254430771 3.02230024337769 3.23330461978912 4.07253134250641 5.53687047958374 8.06437182426453 9.15904784202576 7.75342583656311 4.58087074756622 4.30900847911835 4.49629461765289 4.81605362892151 5.37781620025635 5.71733057498932 4.83829021453857 6.15961718559265 8.30509185791016 9.66578936576843 6.38799405097961 5.23229241371155 3.86321316446577 -9999 -9999 -9999 -9999 -9999 -9999 -9999 -9999 -9999 -9999 -9999 -9999 -9999 -9999 -9999 -9999 -9999 -9999 -9999 -9999 -9999 -9999 -9999 -9999
-9999 -9999 -9999 -9999 3.8893230452257 4.14815543757545 3.93311909834544 6.58964467048645 5.0816752910614 4.35032057762146 3.74991738796234 3.45048415660858 3.31692588329315 3.4955677986145 2.85264194011688 2.54807424545288 2.72045803070068 2.69374626874924 3.20809149742126 4.02985346317291 4.07612657546997 4.86392641067505 6.09191608428955 6.81623768806458 6.58958101272583 6.45855975151062 7.56678628921509 7.8297758102417 8.02143216133118 9.73670768737793 17.9860939979553 21.2846403121948 13.3536257743835 8.90666127204895 7.21159958839417 5.01177334785461 4.78167057037354 11.9963427080828 -9999 -9999 -9999 -9999 -9999 -9999 -9999 -9999 -9999 -9999 -9999 -9999 -9999 -9999 -9999 -9999 -9999 -9999 -9999 -9999 -9999 -9999 -9999 -9999
-9999 -9999 3.41640073060989 3.96638441907948 3.98489210238824 3.62701549530029 3.85835516452789 4.03352379798889 3.65424835681915 3.38433694839478 3.36047995090485 2.98082774877548 2.86653971672058 2.81816411018372 2.3390725851059 2.25037801265717 2.45690131187439 3.33029758930206 3.91381072998047 4.11588191986084 4.45922291278839 5.2831814289093 5.34030425548553 5.88945007324219 6.28585910797119 6.29339718818665 8.12627506256104 12.2215447425842 12.7247800827026 13.2869424819946 10.7464950084686 7.46090197563171 5.64803910255432 4.89696729183197 4.71258187294006 3.4437431037426 -9999 -9999 -9999 -9999 -9999 -9999 -9999 -9999 -9999 -9999 -9999 -9999 -9999 -9999 -9999 -9999 -9999 -9999 -9999 -9999 -9999 -9999 -9999 -9999 -9999 -9999
-9999 4.04533461162022 3.99416935443878 4.10551657676697 3.99983274936676 4.05946469306946 3.64635729789734 3.74808204174042 3.61476302146912 3.55324029922485 3.36751770973206 2.79381215572357 2.45059508085251 2.07377135753632 2.16264474391937 2.75810354948044 4.05465638637543 4.81316649913788 5.7389634847641 4.47289502620697 4.23047804832458 4.47200453281403 5.31413805484772 5.44889867305756 5.85530626773834 7.18035006523132 11.0862908363342 12.7778248786926 8.72646117210388 6.20389151573181 5.96745479106903 5.98379373550415 4.99973058700562 7.09566826405733 -9999 -9999 -9999 -9999 -9999 -9999 -9999 -9999 -9999 -9999 -9999 -9999 -9999 -9999 -9999 -9999 -9999 -9999 -9999 -9999 -9999 -9999 -9999 -9999 -9999 -9999 -9999 -9999
3.41237062960863 3.73203763961792 3.35764288902283 3.32129073143005 3.2712596654892 3.59979271888733 3.51751434803009 3.41104066371918 3.44059145450592 3.20204401016235 2.66573113203049 2.5009024143219 2.12970703840256 2.09647768735886 2.62574350833893 3.5191376209259 4.94797217845917 5.50301384925842 5.98734498023987 6.14143896102905 7.05089807510376 7.03078508377075 5.9714663028717 7.24745106697083 8.28268718719482 7.87358450889587 6.16434359550476 4.64096510410309 4.68759655952454 6.23040962219238 6.2605254650116 4.12932729721069 3.63987064361572 7.17164799571037 3.99365258216858 3.99365258216858 -9999 -9999 -9999 -9999 -9999 -9999 -9999 -9999 -9999 -9999 -9999 -9999 -9999 -9999 -9999 -9999 -9999 -9999 -9999 -9999 -9999 -9999 -9999 -9999 -9999 -9999
3.54199755191803 3.48698329925537 3.31277632713318 3.36887347698212 3.88681268692017 4.25012934207916 3.85720431804657 3.44129598140717 3.10886871814728 2.77956283092499 2.46327352523804 2.17764365673065 2.00539880990982 2.44128799438477 3.07731449604034 4.28958785533905 5.40107131004333 6.52350926399231 6.49360656738281 6.18994688987732 7.61371493339539 7.94711494445801 8.63547348976135 9.74687647819519 7.62242317199707 4.58194649219513 3.6926611661911 3.27142524719238 3.79177844524384 6.22773733735085 8.80293646611665 -9999 -9999 -9999 -9999 -9999 -9999 -9999 -9999 -9999 -9999 -9999 -9999 -9999 -9999 -9999 -9999 -9999 -9999 -9999 -9999 -9999 -9999 -9999 -9999 -9999 -9999 -9999 -9999 -9999 -9999 -9999
3.61981773376465 3.85367667675018 3.97545719146729 4.28115928173065 4.73917436599731 3.59214448928833 3.48819029331207 3.70439171791077 3.71610295772552 2.34390878677368 1.97299772500992 1.73110717535019 1.93083983659744 2.78211629390717 3.76354944705963 5.17082941532135 6.8723931312561 8.38231229782104 9.09340238571167 8.34265065193176 8.8733868598938 8.35063076019287 6.93356394767761 5.69590294361115 4.48159468173981 4.04064166545868 3.66720986366272 3.52178800106049 4.46239852905273 3.62598538398743 3.65655255317688 3.78500461578369 -9999 -9999 -9999 -9999 -9999 -9999 -9999 12.6942715644836 -9999 -9999 -9999 -9999 -9999 -9999 -9999 -9999 -9999 -9999 -9999 -9999 -9999 -9999 -9999 -9999 -9999 -9999 -9999 -9999 -9999 -9999
3.93213665485382 4.34946298599243 4.34946298599243 4.57620882987976 3.81652834540919 3.74854810237884 3.84922823309898 3.61048758029938 4.87555146217346 2.42694371938705 1.80853021144867 1.65440279245377 2.16869240999222 3.74826872348785 5.57574033737183 6.38566017150879 6.37750124931335 6.88979744911194 8.50235652923584 8.21749949455261 6.95802211761475 6.90415048599243 7.1775906085968 6.40240931510925 5.41542184352875 4.17585325241089 4.0124648809433 3.87314558029175 4.1991377558027 4.21256273388863 4.2308466553688 3.42093944549561 -9999 -9999 -9999 -9999 -9999 -9999 -9999 -9999 -9999 -9999 -9999 -9999 -9999 -9999 -9999 -9999 -9999 -9999 -9999 -9999 -9999 -9999 -9999 -9999 -9999 -9999 -9999 -9999 -9999 -9999
-9999 -9999 -9999 -9999 -9999 3.62320990115404 3.90728124976158 3.70377767086029 2.33805012702942 1.86994510889053 1.48906767368317 1.81560319662094 2.55600768327713 4.05588269233704 5.19270372390747 6.56668996810913 7.07595348358154 8.3615562915802 8.2763786315918 8.78546977043152 8.82693314552307 9.51037573814392 8.8688428401947 6.10146260261536 8.96910756826401 33.2188832448876 5.01946306228638 -9999 -9999 -9999 -9999 -9999 -9999 -9999 -9999 -9999 -9999 -9999 -9999 -9999 -9999 -9999 -9999 -9999 -9999 -9999 -9999 -9999 -9999 -9999 -9999 -9999 -9999 -9999 -9999 -9999 -9999 -9999 -9999 -9999 -9999 -9999
-9999 -9999 -9999 -9999 -9999 3.9440199136734 3.56480383872986 3.09922242164612 2.189497590065 1.60677534341812 2.05253702402115 2.84283149242401 3.56459820270538 5.17103826999664 7.58090114593506 9.07079386711121 10.5717751979828 13.5144910812378 14.452320098877 16.2358303070068 14.2831377983093 10.7045223712921 11.719310760498 11.5176002383232 -9999 -9999 -9999 -9999 -9999 -9999 -9999 -9999 -9999 -9999 -9999 -9999 -9999 -9999 -9999 -9999 -9999 -9999 -9999 -9999 -9999 -9999 -9999 -9999 -9999 -9999 -9999 -9999 -9999 -9999 -9999 -9999 -9999 -9999 -9999 -9999 -9999 -9999
