EcologicalScience/Bass/data/rs_data_bass/chl_204.asc
NCOLS 226 
NROWS 124 
XLLCORNER -9.41648524995501 
YLLCORNER 47.587301625531 
CELLSIZE 0.0833 
NODATA_value -9999 
[rows 0 to 26 of 124, columns 62 to 123 of 226]
-9999 -9999 -9999 -9999 -9999 -9999 -9999 -9999 -9999 -9999 -9999 -9999 -9999 -9999 -9999 -9999 -9999 -9999 -9999 -9999 -9999 -9999 -9999 -9999 -9999 -9999 -9999 -9999 -9999 -9999 -9999 -9999 -9999 -9999 -9999 -9999 -9999 -9999 -9999 -9999 -9999 -9999 -9999 -9999 -9999 -9999 -9999 -9999 -9999 -9999 -9999 -9999 -9999 -9999 -9999 -9999 -9999 -9999 -9999 -9999 -9999 -9999
-9999 -9999 -9999 -9999 -9999 -9999 -9999 -9999 -9999 -9999 -9999 -9999 -9999 -9999 -9999 -9999 -9999 -9999 -9999 -9999 -9999 -9999 -9999 -9999 -9999 -9999 -9999 -9999 -9999 -9999 -9999 -9999 -9999 -9999 -9999 -9999 -9999 -9999 -9999 -9999 -9999 -9999 -9999 -9999 -9999 -9999 -9999 -9999 -9999 -9999 -9999 -9999 -9999 -9999 -9999 -9999 -9999 -9999 -9999 -9999 -9999 -9999
-9999 -9999 -9999 -9999 -9999 -9999 -9999 -9999 -9999 -9999 -9999 -9999 -9999 -9999 -9999 -9999 -9999 -9999 -9999 -9999 -9999 -9999 -9999 -9999 -9999 -9999 -9999 -9999 -9999 -9999 -9999 -9999 -9999 -9999 -9999 -9999 -9999 -9999 -9999 -9999 -9999 -9999 -9999 -9999 -9999 -9999 -9999 -9999 -9999 -9999 -9999 -9999 -9999 -9999 -9999 -9999 -9999 -9999 -9999 -9999 -9999 -9999
-9999 -9999 -9999 -9999 -9999 -9999 -9999 -9999 -9999 -9999 -9999 -9999 -9999 -9999 -9999 -9999 -9999 -9999 -9999 -9999 -9999 -9999 -9999 -9999 -9999 -9999 -9999 -9999 -9999 -9999 -9999 -9999 -9999 -9999 -9999 -9999 -9999 -9999 -9999 -9999 -9999 -9999 -9999 -9999 -9999 -9999 -9999 -9999 -9999 -9999 -9999 -9999 -9999 -9999 -9999 -9999 -9999 -9999 -9999 -9999 -9999 -9999
-9999 -9999 -9999 -9999 -9999 -9999 -9999 -9999 -9999 -9999 -9999 -9999 -9999 -9999 -9999 -9999 -9999 -9999 -9999 -9999 -9999 -9999 -9999 -9999 -9999 -9999 -9999 -9999 -9999 -9999 -9999 -9999 -9999 -9999 -9999 -9999 -9999 -9999 -9999 -9999 -9999 -9999 -9999 -9999 -9999 -9999 -9999 -9999 -9999 -9999 -9999 -9999 -9999 -9999 -9999 -9999 -9999 -9999 -9999 -9999 -9999 -9999
-9999 -9999 -9999 -9999 -9999 -9999 -9999 -9999 -9999 -9999 -9999 -9999 -9999 -9999 -9999 -9999 -9999 -9999 -9999 -9999 -9999 -9999 -9999 -9999 -9999 -9999 -9999 -9999 0.63735419511795 0.9298205719377 1.59179770946503 1.26246526837349 1.04614797234535 0.943796217441559 0.925462514162064 1.16441550850868 1.00457775592804 1.20703125 1.13523522019386 1.44710576534271 1.46579825878143 1.23962500691414 0.995473712682724 0.878685235977173 0.764915987849236 0.711632631719112 0.700858868658543 0.698606491088867 0.699243500828743 0.674683764576912 0.619685739278793 0.587067000567913 0.622218236327171 0.619797751307487 0.628340765833855 0.594724237918854 0.591940253973007 0.590990260243416 0.509197130799294 0.43317899107933 0.386252246797085 0.360089257359505
-9999 -9999 -9999 -9999 -9999 -9999 -9999 -9999 -9999 -9999 -9999 -9999 -9999 -9999 -9999 -9999 -9999 -9999 -9999 -9999 -9999 -9999 -9999 -9999 -9999 -9999 1.18186515569687 1.0627324283123 1.59757096320391 1.32112034410238 1.17594136936324 0.859078082442284 0.920888990163803 0.838090538978577 1.02116847038269 1.05840227007866 1.23196426033974 1.22076979279518 1.34283596277237 1.196468770504 0.861379489302635 1.0961309671402 1.12883350253105 1.24514925479889 1.05107423663139 0.739349640905857 0.731166377663612 0.704464763402939 0.595529995858669 0.580148242413998 0.558960735797882 0.539840251207352 0.555527240037918 0.582776628434658 0.62439276278019 0.605585992336273 0.572779759764671 0.519471257925034 0.509273007512093 0.421642877161503 0.359432637691498 0.392315745353699
-9999 -9999 -9999 -9999 -9999 -9999 -9999 -9999 -9999 -9999 -9999 -9999 -9999 -9999 -9999 -9999 -9999 -9999 -9999 -9999 -9999 -9999 -9999 -9999 -9999 -9999 1.18186515569687 1.51010271906853 1.28774470090866 0.935125753283501 0.815961256623268 1.17683151364326 0.979143708944321 0.839863479137421 0.936916530132294 0.994109272956848 0.966043531894684 1.06100097298622 1.20004498958588 1.25757524371147 0.750816352665424 1.03581789135933 1.08793598413467 1.15190196037292 0.791475757956505 0.687269635498524 0.659400008618832 0.694670766592026 0.651523739099503 0.501596622169018 0.487045884132385 0.47503687441349 0.510893493890762 0.500203758478165 0.497854247689247 0.5008594840765 0.484310001134872 0.384244870394468 0.451242506504059 0.430039495229721 0.418280005455017 0.419797495007515
-9999 -9999 -9999 -9999 -9999 -9999 -9999 -9999 -9999 -9999 -9999 -9999 -9999 -9999 -9999 -9999 -9999 -9999 -9999 -9999 -9999 -9999 -9999 -9999 -9999 -9999 2.6209654211998 1.32055726647377 1.25712150335312 1.52007079124451 1.2230249941349 1.08534827828407 1.00797379016876 1.10169151425362 0.803786963224411 1.02834221720695 0.786775499582291 1.52887791395187 1.14774450659752 0.839247018098831 0.72587326169014 0.711000010371208 0.615975022315979 1.03827148675919 0.897188484668732 0.797183752059937 0.755845993757248 0.748678505420685 0.679723739624023 0.611844271421432 0.590548485517502 0.545207232236862 0.515272244811058 0.508205756545067 0.504105493426323 0.483933985233307 0.454193755984306 0.338413506746292 0.392913997173309 0.412562742829323 0.412677749991417 0.411024242639542
-9999 -9999 -9999 -9999 -9999 -9999 -9999 -9999 -9999 -9999 -9999 -9999 -9999 -9999 -9999 -9999 -9999 -9999 -9999 -9999 -9999 -9999 -9999 -9999 -9999 1.19121462106705 4.80080003397805 1.71226125955582 1.86366301774979 1.82126998901367 1.62463796138763 1.48416003584862 1.18427395820618 1.74116992950439 0.922955274581909 1.36224190145731 1.2797580063343 1.56834036111832 1.29475575685501 1.44058576226234 0.768324762582779 0.616610258817673 0.531457498669624 0.530009999871254 0.841041743755341 0.832251518964767 0.853621512651443 0.805616229772568 0.688265234231949 0.666454493999481 0.591767996549606 0.533993482589722 0.518876016139984 0.512515500187874 0.506191492080688 0.486782491207123 0.454785987734795 0.399995997548103 0.389126494526863 0.428786754608154 0.443415492773056 0.449741244316101
-9999 -9999 -9999 -9999 -9999 -9999 -9999 -9999 -9999 -9999 -9999 -9999 -9999 -9999 -9999 -9999 -9999 -9999 -9999 -9999 -9999 -9999 -9999 -9999 -9999 9.16321170330048 7.95250345127923 2.17992067337036 1.94235223531723 2.0363661646843 1.88477629423141 1.55431866645813 1.83823648095131 1.77049952745438 0.831389218568802 1.45204836130142 1.51252574846148 1.39492426067591 1.47808501124382 1.58182232826948 0.868553280830383 1.57044035196304 0.828561007976532 0.462995231151581 0.762527495622635 0.773281753063202 0.811024010181427 0.711979240179062 0.671489983797073 0.595323741436005 0.532383233308792 0.504338994622231 0.488386243581772 0.487872496247292 0.464003756642342 0.459928497672081 0.461774736642838 0.447066992521286 0.457157999277115 0.466173484921455 0.465535745024681 0.470623269677162
-9999 -9999 -9999 -9999 -9999 -9999 -9999 -9999 -9999 -9999 -9999 -9999 -9999 -9999 -9999 -9999 -9999 -9999 -9999 -9999 -9999 -9999 -9999 -9999 1.31647038459778 5.73163002729416 2.96221679449081 1.64729779958725 1.60781997442245 1.73237103223801 1.09206748008728 1.03631472587585 0.96235728263855 0.649908006191254 0.785412758588791 0.570971265435219 1.4089567065239 1.83850351721048 1.82525289058685 0.981744736433029 0.872379004955292 0.709146738052368 1.53424425423145 0.890134245157242 0.75417548418045 0.665545761585236 0.628062754869461 0.601628988981247 0.559387505054474 0.532752245664597 0.505290985107422 0.473463505506515 0.490175232291222 0.522365003824234 0.514552503824234 0.377520371228456 0.359893508255482 0.34042989090085 0.369187116622925 0.350788123905659 0.421524256467819 0.34341150149703
-9999 -9999 -9999 -9999 -9999 -9999 -9999 -9999 -9999 -9999 -9999 -9999 -9999 -9999 -9999 -9999 -9999 -9999 -9999 -9999 -9999 -9999 -9999 1.50594073534012 2.78484872728586 2.79709918051958 1.67795473337173 1.90873646736145 1.5202431678772 1.24738195538521 0.860744208097458 0.481643244624138 0.372547499835491 0.484493985772133 0.590125501155853 1.39093764871359 1.43108285218477 1.58169787377119 1.43249434232712 1.61535409837961 1.78319992125034 1.47639566659927 1.31362836062908 0.956061512231827 0.710192263126373 0.659065514802933 0.592339754104614 0.57141101360321 0.527149498462677 0.50899350643158 0.492558002471924 0.513778239488602 0.522627234458923 0.533828765153885 0.477697506546974 0.387454122304916 0.375360757112503 0.477762266993523 0.397972114384174 0.355325259268284 0.322555873543024 0.311941500753164
-9999 -9999 -9999 -9999 -9999 -9999 -9999 -9999 -9999 -9999 -9999 -9999 -9999 -9999 -9999 -9999 -9999 -9999 -9999 -9999 -9999 -9999 1.33632597327232 1.20546153187752 7.34451413154602 2.12766297161579 1.96707111597061 1.79963994026184 1.4284687936306 1.02351826429367 0.87405601143837 0.83605420589447 0.778058230876923 1.39689901471138 1.46936208754778 1.56388203799725 1.52664414793253 1.56771151721478 1.63953003287315 0.866507470607758 1.43247152119875 0.756607502698898 0.723097771406174 0.665699005126953 0.672246009111404 0.639139503240585 0.61081725358963 0.583636224269867 0.542508244514465 0.50703476369381 0.534211486577988 0.401447609066963 0.554670244455338 0.549455255270004 0.413566488772631 0.404405616223812 0.515721753239632 0.521485731005669 0.490259990096092 0.358547620475292 0.341855987906456 0.327928125858307
-9999 -9999 -9999 -9999 -9999 -9999 -9999 -9999 -9999 -9999 -9999 -9999 -9999 -9999 -9999 -9999 -9999 -9999 -9999 -9999 2.64602583646774 1.86077207494789 2.02788591384888 1.42270427942276 1.30683749914169 1.55248957872391 1.72711497545242 1.61273364722729 1.54868964850903 1.51193675398827 1.12926849722862 1.11862125992775 1.17427986860275 1.36425340175629 1.5376136675477 1.56849339231849 1.49480775743723 1.36315684765577 1.21553479135036 1.11805540323257 1.18421251326799 0.790788471698761 0.734213769435883 0.65871199965477 0.651701003313065 0.643012225627899 0.632198005914688 0.600005507469177 0.568049490451813 0.527723491191864 0.511402994394302 0.398494876921177 0.435361124575138 0.576508015394211 0.58152574300766 0.58355775475502 0.498419232666492 0.506277568638325 0.492744758725166 0.400294873863459 0.367286995053291 0.349157251417637
-9999 -9999 -9999 -9999 -9999 -9999 -9999 -9999 -9999 -9999 -9999 -9999 -9999 -9999 -9999 -9999 -9999 -9999 -9999 -9999 2.17599096715847 3.36741748452187 2.10143780708313 1.61528545618057 1.78435868024826 1.71681600809097 0.95363250374794 0.829562991857529 0.771507740020752 1.17779103666544 1.45515637099743 1.59159895777702 1.29082573950291 1.29807338118553 1.37030699104071 1.2646364942193 1.05065397173166 0.938592374324799 0.909645393490791 1.13092537969351 1.19931350648403 0.679455995559692 0.656425982713699 0.667044758796692 0.643950760364532 0.672071516513824 0.625034987926483 0.590939998626709 0.556821763515472 0.516606509685516 0.444934509694576 0.543543756008148 0.56396147608757 0.583867520093918 0.568983495235443 0.584624499082565 0.558790236711502 0.42815775051713 0.43273352086544 0.433526247739792 0.386935885995626 0.286155000329018
-9999 -9999 -9999 -9999 -9999 -9999 -9999 -9999 -9999 -9999 -9999 -9999 -9999 -9999 -9999 -9999 -9999 -9999 -9999 1.85709183556693 2.25327229499817 2.73909294605255 2.75953871011734 2.45446872711182 1.74681597948074 1.3624005317688 1.10798773169518 1.02017623186111 1.433488458395 1.36559700965881 1.34848085045815 1.46653805673122 1.2238222360611 1.04716685414314 1.01561629772186 0.839812874794006 0.978131994605064 0.914403006434441 0.918071262538433 0.894819751381874 0.930187895894051 0.639763981103897 0.630219519138336 0.63672599196434 0.647687256336212 0.637948244810104 0.645210236310959 0.590954482555389 0.554854243993759 0.442927502095699 0.518498256802559 0.545307248830795 0.57038751244545 0.587880253791809 0.568315744400024 0.567511990666389 0.4822593703866 0.446838743984699 0.43011561781168 0.482347756624222 0.4502322524786 0.451387003064156
-9999 -9999 -9999 -9999 -9999 -9999 -9999 -9999 -9999 -9999 -9999 -9999 -9999 -9999 -9999 -9999 -9999 -9999 10.6520730257034 7.30521987676621 6.19186019897461 4.38435959815979 3.16778540611267 1.88750106096268 1.2230122089386 1.30697554349899 1.37581720948219 1.0662630200386 1.34387397766113 1.33600875735283 1.26568351686001 1.18496775627136 1.45372163504362 1.39367866516113 0.800906248390675 0.803703516721725 0.831837221980095 0.923681989312172 0.861921742558479 0.941614151000977 0.695385485887527 0.669873237609863 0.647593975067139 0.643146008253098 0.892334617674351 0.897112123668194 0.636680752038956 0.522867389023304 0.605374991893768 0.5898507386446 0.610191762447357 0.612496495246887 0.596538990736008 0.544653013348579 0.518648743629456 0.489631250500679 0.464678749442101 0.418788760900497 0.410868756473064 0.423380747437477 0.408574506640434 0.395168751478195
-9999 -9999 -9999 -9999 -9999 -9999 -9999 -9999 -9999 -9999 -9999 -9999 -9999 -9999 -9999 -9999 -9999 18.064621644213 19.1960333883762 8.60443568229675 5.58080542087555 5.00052738189697 2.38500666618347 1.24815300107002 0.62517374753952 0.771815210580826 0.928918540477753 0.917415708303452 0.978163540363312 0.810505539178848 0.64630950987339 1.20827512443066 1.07498526573181 0.994481474161148 0.859274476766586 0.755329236388206 0.732843235135078 0.748188726603985 0.772153861820698 0.768034525215626 0.67272175848484 0.676809251308441 0.670156985521317 0.661036998033524 0.673457503318787 0.642161995172501 0.626476973295212 0.646423012018204 0.683378249406815 0.579410094022751 0.533126387000084 0.506512485444546 0.548391237854958 0.53753949701786 0.524015739560127 0.470716238021851 0.358165506273508 0.341916751116514 0.342947244644165 0.381193250417709 0.378250256180763 0.299218509346247
-9999 -9999 -9999 -9999 -9999 -9999 -9999 -9999 -9999 -9999 -9999 -9999 -9999 -9999 -9999 -9999 -9999 -9999 -9999 4.87385165691376 6.36502861976624 3.4988933801651 1.52013605833054 0.661840483546257 0.567792758345604 0.659871742129326 0.621812984347343 0.548007756471634 0.592224732041359 0.488416492938995 0.470012247562408 0.466819480061531 0.441647261381149 0.841006904840469 0.794747963547707 0.740051239728928 0.719031751155853 0.690757870674133 0.717086635529995 0.741192743182182 0.746788501739502 0.669882744550705 0.620278745889664 0.528167255222797 0.540942750871181 0.704857125878334 0.606461003422737 0.615091487765312 0.592435985803604 0.558211505413055 0.468105375766754 0.517522245645523 0.47597548365593 0.488269999623299 0.465968012809753 0.426845997571945 0.351171378046274 0.337734751403332 0.410945251584053 0.339567381888628 0.32743875682354 0.322254002094269
-9999 -9999 -9999 -9999 -9999 -9999 -9999 -9999 -9999 -9999 -9999 -9999 -9999 -9999 -9999 4.28809217784716 6.8584210064353 2.15491338819265 1.66758866608143 1.58744399249554 3.27282893657684 4.17471313476562 0.732993766665459 0.663273766636848 0.60760273039341 0.697908729314804 0.598328232765198 0.54830476641655 0.57745349407196 0.524360999464989 0.542797520756721 0.558228000998497 0.55631098151207 0.544122755527496 0.515939980745316 0.734465628862381 0.719448745250702 0.731198273599148 0.822025515139103 0.791155122220516 0.713788144290447 0.66031613945961 0.658478021621704 0.571315124630928 0.570071630179882 0.684991523623466 0.624317497014999 0.583512514829636 0.488634005188942 0.49482025206089 0.479836493730545 0.458181515336037 0.472036495804787 0.511175245046616 0.400403626263142 0.373953737318516 0.369094491004944 0.360833622515202 0.367509752511978 0.347519628703594 0.33398662135005 0.32964488491416
-9999 -9999 -9999 -9999 -9999 -9999 -9999 -9999 -9999 -9999 35.2986888885498 35.2986888885498 13.7248649597168 8.94860950112343 4.35314387083054 4.03474366664886 2.94318535923958 5.94279556721449 3.93578839302063 2.24910302460194 1.567727252841 1.30161076784134 0.634918481111526 0.588706478476524 0.559545010328293 0.589343994855881 0.831172496080399 0.773097038269043 0.842882215976715 0.647681996226311 0.596715733408928 0.710508763790131 0.833944469690323 0.6965002566576 0.590587511658669 0.779506511986256 0.779939644038677 0.7596071138978 0.765730507671833 0.752221114933491 0.757783524692059 0.782878518104553 0.706279009580612 0.723717227578163 0.727106258273125 0.729180246591568 0.611189737915993 0.501602739095688 0.514731004834175 0.529379740357399 0.50637449324131 0.508222013711929 0.417191997170448 0.445199623703957 0.452430747449398 0.432397864758968 0.420014619827271 0.409049246460199 0.410067748278379 0.380667384713888 0.474204495549202 0.425080746412277
-9999 -9999 -9999 -9999 -9999 -9999 -9999 -9999 -9999 -9999 35.2986888885498 5.52959883213043 19.2560467720032 6.35304129123688 5.36912280321121 3.22290766239166 3.92672061920166 2.94113472916863 6.72020543890424 2.18116199970245 1.52524763345718 1.13239574432373 1.09614077210426 1.08303751051426 1.13674423098564 0.964365005493164 1.10127300024033 1.20892345905304 1.27569901943207 1.04741621017456 0.563974890857935 0.604181617498398 0.662711642682552 0.719823360443115 0.563924252986908 0.538844257593155 0.536265760660172 0.772102855145931 0.685243874788284 0.6843476369977 0.754655733704567 0.729241520166397 0.714337766170502 0.700188755989075 0.72138600051403 0.713468745350838 0.642215758562088 0.557352989912033 0.434848889708519 0.431517742574215 0.431408241391182 0.425237618386745 0.434181377291679 0.456191249191761 0.454773746430874 0.451213516294956 0.621105492115021 0.578044265508652 0.414624363183975 0.552483975887299 0.504504486918449 0.351585756987333
-9999 -9999 -9999 -9999 -9999 -9999 -9999 -9999 -9999 -9999 -9999 -9999 10.9066082969472 66.2841334581375 44.2189949512482 6.93479872666872 -9999 -9999 -9999 -9999 -9999 -9999 2.16911268234253 2.53366076946259 1.11708149313927 1.13595110177994 0.915164977312088 1.13871520757675 1.29376199841499 1.44253653287888 0.923430025577545 1.03683337569237 0.956764496862888 0.920849964022636 0.861226111650467 0.933524653315544 0.529086738824844 0.500594258308411 0.837931752204895 0.667181633412838 0.635196760296822 0.595607757568359 0.591289505362511 0.610569015145302 0.625998735427856 0.616865500807762 0.597234502434731 0.554800495505333 0.545454517006874 0.429502867162228 0.433789484202862 0.526712998747826 0.532961741089821 0.560282737016678 0.417349118739367 0.469040259718895 0.473321624100208 0.461701892316341 0.429669387638569 0.445944003760815 0.432709492743015 0.413510240614414
-9999 -9999 -9999 -9999 -9999 -9999 -9999 -9999 -9999 -9999 -9999 -9999 -9999 16.6274771690369 16.6274771690369 16.6274771690369 -9999 -9999 -9999 -9999 -9999 -9999 4.94490551948547 4.94490551948547 4.94490551948547 0.308659605681896 4.43593692779541 1.5331267118454 1.3393586575985 1.27419823408127 1.0859047472477 1.47970613837242 1.43475562334061 1.38327866792679 1.42393496632576 1.15086038410664 1.01315286755562 0.966984003782272 0.812521509826183 0.632988385856152 0.594773486256599 0.529778003692627 0.473596006631851 0.476586744189262 0.540855497121811 0.537140607833862 0.530273236334324 0.487012133002281 0.438271500170231 0.471576377749443 0.459252744913101 0.468573018908501 0.473688751459122 0.461292743682861 0.429619498550892 0.47867850959301 0.499710001051426 0.502336487174034 0.493692375719547 0.474759377539158 0.459588758647442 0.443052738904953
-9999 -9999 -9999 -9999 -9999 -9999 -9999 -9999 -9999 -9999 -9999 -9999 -9999 -9999 -9999 -9999 -9999 -9999 -9999 -9999 -9999 -9999 -9999 -9999 -9999 -9999 6.64225342869759 3.72257803380489 2.21043607592583 6.42078226804733 0.796196222305298 1.397580742836 2.40115544199944 2.1113748550415 1.6478898525238 1.28850603103638 1.18281633406878 0.923106014728546 0.719167895615101 0.488069996237755 0.474426381289959 0.42306786775589 0.428783990442753 0.445850640535355 0.476594254374504 0.482381254434586 0.469962760806084 0.450143247842789 0.465629249811172 0.478331990540028 0.488985747098923 0.520106256008148 0.503544375300407 0.495367884635925 0.508724234998226 0.514618501067162 0.499744892120361 0.500289380550385 0.496372886002064 0.476417250931263 0.452928766608238 0.423646487295628
-9999 -9999 -9999 -9999 -9999 -9999 -9999 -9999 -9999 -9999 -9999 -9999 -9999 -9999 -9999 -9999 -9999 -9999 -9999 -9999 -9999 -9999 -9999 -9999 -9999 -9999 -9999 9.36317286993328 3.85625638067722 13.3600473403931 4.61597013473511 1.94176429510117 1.50517201423645 2.8468582034111 1.67956419289112 1.41022311151028 1.43718145787716 1.26384857296944 0.985544264316559 0.485133022069931 0.41338124871254 0.360326997935772 0.308867253363132 0.448494359850883 0.473862759768963 0.508555881679058 0.469295606017113 0.453651756048203 0.45483485609293 0.486895121634007 0.502459868788719 0.499834500253201 0.505348138511181 0.517693117260933 0.495519004762173 0.509464882314205 0.50789549946785 0.506458505988121 0.476251512765884 0.459614239633083 0.438861384987831 0.420802496373653
