EcologicalScience/Bass/data/rs_data_bass/chl_107.asc
NCOLS 226 
NROWS 124 
XLLCORNER -9.41648524995501 
YLLCORNER 47.587301625531 
CELLSIZE 0.0833 
NODATA_value -9999 
[rows 81 to 107 of 124, columns 62 to 123 of 226]
3.85158455371857 5.97498106956482 7.6620512008667 7.66205191612244 -9999 -9999 -9999 -9999 -9999 -9999 -9999 -9999 -9999 -9999 -9999 -9999 -9999 -9999 -9999 -9999 -9999 -9999 -9999 -9999 -9999 -9999 -9999 -9999 -9999 -9999 -9999 -9999 -9999 -9999 -9999 -9999 -9999 -9999 -9999 -9999 -9999 -9999 -9999 -9999 -9999 -9999 -9999 -9999 -9999 -9999 -9999 -9999 -9999 -9999 -9999 -9999 -9999 -9999 -9999 -9999 -9999 -9999
2.85545204970443 -9999 -9999 -9999 -9999 -9999 -9999 -9999 -9999 -9999 -9999 -9999 -9999 -9999 -9999 -9999 -9999 -9999 -9999 -9999 -9999 -9999 -9999 -9999 -9999 -9999 -9999 -9999 -9999 -9999 -9999 -9999 -9999 -9999 -9999 -9999 -9999 -9999 -9999 -9999 -9999 -9999 -9999 -9999 -9999 -9999 -9999 -9999 -9999 -9999 -9999 -9999 -9999 -9999 -9999 -9999 -9999 -9999 -9999 -9999 -9999 -9999
-9999 -9999 -9999 -9999 -9999 -9999 -9999 -9999 -9999 -9999 -9999 -9999 -9999 -9999 -9999 -9999 -9999 -9999 -9999 -9999 -9999 -9999 -9999 -9999 -9999 -9999 -9999 -9999 -9999 -9999 -9999 -9999 -9999 -9999 -9999 -9999 -9999 -9999 -9999 -9999 -9999 -9999 -9999 -9999 -9999 -9999 -9999 -9999 -9999 -9999 -9999 -9999 -9999 -9999 -9999 -9999 -9999 -9999 -9999 -9999 -9999 -9999
-9999 -9999 -9999 -9999 -9999 -9999 -9999 -9999 -9999 -9999 -9999 -9999 -9999 -9999 -9999 -9999 -9999 -9999 -9999 -9999 -9999 -9999 -9999 -9999 -9999 -9999 -9999 -9999 -9999 -9999 -9999 -9999 -9999 -9999 -9999 -9999 -9999 -9999 -9999 -9999 -9999 -9999 -9999 -9999 -9999 -9999 -9999 -9999 -9999 -9999 -9999 -9999 -9999 -9999 -9999 -9999 -9999 3.14123923863683 4.89509975910187 4.97697526216507 4.31899327039719 3.42358991503716
-9999 -9999 -9999 -9999 -9999 -9999 -9999 -9999 -9999 -9999 -9999 -9999 -9999 -9999 -9999 -9999 -9999 -9999 -9999 -9999 -9999 -9999 -9999 -9999 -9999 -9999 -9999 -9999 -9999 -9999 -9999 -9999 -9999 -9999 -9999 -9999 37.1749906539917 -9999 3.04675042629242 3.60753075778484 -9999 -9999 1.84886556863785 4.22091262042522 3.52866160869598 4.67168116569519 4.10716605186462 4.27523171901703 4.37343311309814 5.41169835627079 8.77807778120041 29.4509321451187 -9999 -9999 -9999 5.87051725387573 6.22128421068192 4.94453537464142 3.75123113393784 2.28613463044167 1.48159235715866 1.49568973481655
-9999 -9999 -9999 -9999 -9999 -9999 -9999 -9999 -9999 -9999 -9999 -9999 -9999 3.57979957650347 2.52847892045975 1.23755499720573 1.18737798929214 1.86878153681755 1.12509450316429 -9999 -9999 -9999 -9999 -9999 -9999 -9999 -9999 -9999 2.47609425442559 4.47998827695847 17.5007961988449 33.251484811306 -9999 3.66949796676636 -9999 -9999 -9999 -9999 2.21991634368896 2.29790586233139 2.50297459959984 2.41241705417633 2.24811905622482 2.16743592917919 2.31933629512787 2.41855001449585 2.09305948019028 2.22324371337891 2.18149012327194 2.52913489937782 2.96535900235176 1.85468244552612 2.10973191261292 3.64466124773026 3.37798467278481 3.28434339165688 2.75357061624527 1.53998328745365 1.16981475055218 1.08977361023426 1.10995312035084 1.07713915407658
-9999 -9999 -9999 -9999 -9999 -9999 -9999 -9999 -9999 -9999 2.24160473048687 0.580442994832993 0.299039997160435 0.283835247159004 0.320202760398388 0.318731255829334 0.327217496931553 0.324102759361267 0.365031749010086 0.385257750749588 5.66221269288386 -9999 18.3372000370707 15.7776166200638 1.76705476641655 -9999 -9999 2.04338566213846 7.4248343706131 6.73032647371292 7.36917024850845 6.53635114431381 8.5550999045372 9.72995817661285 -9999 -9999 2.55385383963585 2.79739427566528 2.23276126384735 2.3178334236145 2.50914788246155 2.4025117456913 2.42755343019962 1.79591703414917 1.66801100969315 1.80009341239929 1.78459873795509 1.31432399153709 1.94797012209892 1.34622225165367 1.29612377285957 1.26016348600388 1.16132399439812 1.08608400821686 1.0619512796402 1.10975995659828 1.25646713376045 1.17948299646378 0.958639517426491 0.916175276041031 0.964792504906654 1.36483503878117
-9999 -9999 -9999 -9999 -9999 -9999 -9999 -9999 -9999 0.553155496716499 0.234672747552395 0.204012751579285 0.318920999765396 0.279427506029606 0.307886995375156 0.367574259638786 0.634971007704735 0.576233267784119 0.623986512422562 0.78700652718544 1.30284824967384 1.82080486044288 1.44411098957062 1.981873691082 2.03673624992371 1.75967752933502 2.16794770956039 3.20749950408936 3.22708743810654 2.41250002384186 2.04316800832748 1.96881750226021 2.19269362092018 2.49238237738609 2.85183039307594 2.90008127689362 2.89405417442322 2.74365001916885 2.47516161203384 2.67700535058975 2.95396238565445 2.9174470603466 2.56351643800735 2.47346431016922 1.75682929158211 1.39739137887955 1.32604122161865 1.62150979042053 1.42416527867317 0.910694986581802 0.944616794586182 0.945774793624878 0.910270482301712 0.940223962068558 0.927717715501785 0.889990478754044 0.858034461736679 1.1058434844017 0.825772494077682 0.771746635437012 1.00201946496964 1.07125800848007
-9999 -9999 -9999 -9999 -9999 -9999 -9999 -9999 -9999 0.260155498981476 0.227724753320217 0.212756238877773 0.598102986812592 0.680785745382309 0.672876268625259 0.714556723833084 1.17940351366997 0.861734233796597 0.994962275028229 0.893900036811829 0.77189102768898 0.837474793195724 0.857082724571228 1.03674003481865 1.74574130773544 2.03264701366425 1.77926391363144 2.23623758554459 2.30614274740219 1.59265315532684 1.96690240502357 2.92127627134323 3.08209884166718 3.26212656497955 3.46951568126678 2.88552448153496 2.92149889469147 2.48768180608749 2.80518937110901 3.31133285164833 1.95077258348465 2.52825969457626 1.87556916475296 2.28591156005859 2.38751703500748 1.88224267959595 1.59059393405914 1.48247247934341 1.40186101198196 1.05004951357841 0.923456221818924 1.03519722819328 1.08391499519348 0.975612759590149 0.878120988607407 0.781298249959946 0.687665998935699 0.967594504356384 0.736842758953571 0.936590261757374 0.955350011587143 1.23484200239182
-9999 -9999 -9999 -9999 -9999 -9999 -9999 -9999 -9999 0.439910262823105 0.366716243326664 0.554172769188881 0.816938996315002 1.04152196645737 1.02365702390671 0.989796727895737 1.00320598483086 1.32233700156212 1.34642171859741 1.53993979096413 1.08568722009659 1.07295227050781 0.790410786867142 1.60801273584366 2.19968318939209 2.41223555803299 2.7846674323082 2.80813801288605 3.0679829120636 2.81486105918884 2.76489382982254 2.12203350663185 2.1276787519455 3.16081738471985 3.27401626110077 3.49082922935486 3.55083239078522 3.64254677295685 2.07181191444397 2.17788523435593 1.90786117315292 2.19181644916534 2.80628031492233 2.94130575656891 2.82497853040695 2.4514394402504 1.76699781417847 1.54845374822617 1.15532326698303 0.960662215948105 0.830828994512558 0.752842515707016 0.801698237657547 0.785595774650574 0.832161784172058 0.733000516891479 0.728637389838696 0.723143264651299 0.896269865334034 1.34349864721298 1.39231494069099 1.31104722619057
3.36051392555237 0.769583493471146 0.712339997291565 3.25421356303351 -9999 -9999 -9999 1.42950734496117 1.26312375068665 0.875056475400925 0.447100505232811 0.650498986244202 0.793216466903687 0.815946042537689 0.827465236186981 0.855092972517014 1.06280171871185 1.50477755069733 1.72642278671265 1.95865577459335 2.59051126241684 2.39634293317795 2.74095529317856 2.6536477804184 4.09149992465973 4.04249489307404 5.57426941394806 5.72773790359497 4.43334674835205 3.78628349304199 3.27786147594452 3.44869709014893 3.64724457263947 4.31215667724609 4.28247284889221 4.55995059013367 4.53489911556244 4.55739605426788 2.5196453332901 2.33284270763397 2.13139200210571 2.2462837100029 2.94714367389679 2.64721047878265 2.48929506540298 2.20459574460983 1.52814817428589 1.1988907456398 0.775751978158951 0.761969268321991 0.637077748775482 0.597280517220497 0.614693239331245 0.687112480401993 0.695757016539574 1.01606288552284 0.864698633551598 0.896829754114151 0.935578152537346 0.96724534034729 1.049152135849 1.55476355552673
0.840122222900391 1.42097026109695 1.43607497215271 2.47521007061005 3.21966361999512 13.5282570123672 0.998551785945892 0.918982475996017 0.96545022726059 0.785922735929489 0.688074007630348 0.699741750955582 0.724674761295319 0.74193075299263 0.884467542171478 1.47212773561478 2.00054919719696 2.6363160610199 2.68553173542023 2.61972373723984 3.04877758026123 3.69267690181732 3.76552712917328 2.80068451166153 2.69782358407974 2.33081102371216 2.28679043054581 2.04048603773117 2.26599669456482 2.41809672117233 2.5919805765152 2.45509725809097 2.35384654998779 2.44063121080399 2.35767531394958 2.40627747774124 2.07446551322937 1.6286535859108 2.14303797483444 2.59120577573776 2.35817098617554 2.16778492927551 1.80180895328522 1.46518501639366 1.11927598714828 1.00583025813103 0.82856547832489 0.902063995599747 1.11909601092339 1.05713778734207 0.931789487600327 0.900863260030746 0.762365251779556 0.657066732645035 0.684493482112885 0.646126493811607 0.911594644188881 0.899251833558083 0.931933477520943 1.06435310840607 1.81240797042847 2.60829448699951
0.850521773099899 1.86429905891418 1.61534482240677 1.51110148429871 1.72357642650604 2.10952123999596 2.0106600522995 0.88765275478363 0.870494216680527 0.802014023065567 0.768359988927841 0.788325011730194 0.821312248706818 0.998713463544846 2.04842394590378 2.42004525661469 2.64395320415497 3.59587740898132 3.32147920131683 3.04275763034821 3.30043351650238 3.44506216049194 2.18992871046066 1.35764846205711 1.24674448370934 1.47318452596664 1.83774751424789 2.31325650215149 3.59096467494965 3.66130113601685 3.40764963626862 2.79499268531799 2.10188019275665 1.73704504966736 1.50879442691803 1.33535626530647 1.4082727432251 1.27035900950432 1.15414202213287 1.4651617705822 1.48303949832916 1.41480302810669 1.24891278147697 1.20925578474998 1.27404221892357 1.28701651096344 1.23474749922752 1.20854625105858 1.2163664996624 1.2885405421257 1.15068072080612 0.976413756608963 0.84918075799942 0.7617427110672 0.733409240841866 0.899594977498055 1.32314872741699 1.2855532169342 1.17455586791039 1.19398498535156 0.976494044065475 1.24408274888992
1.16990026831627 1.8855966925621 2.22325283288956 2.26848971843719 4.25888013839722 4.83838620781898 4.83632466197014 1.30688399076462 1.11639153957367 1.06855872273445 1.03780049085617 1.1438564658165 1.33734977245331 1.79000473022461 2.9538397192955 3.91327035427094 4.04559659957886 4.29108059406281 4.45704388618469 4.54069125652313 5.71286165714264 3.59245562553406 3.2344343662262 1.15370100736618 1.07797250151634 1.35708448290825 1.53051066398621 2.18815952539444 1.82871758937836 1.88305574655533 1.87680906057358 1.68819683790207 1.37579548358917 1.26263996958733 1.17738372087479 1.3376482129097 1.38288447260857 1.43825322389603 1.43964752554893 1.52859073877335 1.62210828065872 1.69201952219009 1.44851928949356 1.376868724823 1.28969103097916 1.25815576314926 1.26413923501968 1.33328703045845 1.39407223463058 1.28059270977974 1.11074548959732 1.02858299016953 0.952991276979446 0.916821777820587 0.903351008892059 0.840821206569672 0.86012327671051 0.859828501939774 0.871029764413834 0.935849279165268 1.06544476747513 1.19043597579002
2.5198193192482 2.37654680013657 2.38030654191971 1.94246917963028 1.9509614109993 2.43514734506607 1.41889164224267 1.9572885632515 1.82732105255127 1.75540351867676 1.32592722773552 1.44300296902657 1.86314481496811 2.08144873380661 3.54648077487946 4.34533202648163 4.72268557548523 4.71377635002136 5.24994134902954 5.5572098493576 5.65306663513184 4.30200362205505 4.96791458129883 1.10677924752235 1.54448783397675 1.50426667928696 1.07486513257027 1.08162498474121 1.25890499353409 1.19272577762604 1.18696573376656 1.16619676351547 1.26612147688866 1.23761549592018 1.17856577038765 1.26594820618629 1.3485150039196 1.30051875114441 1.33178249001503 1.4558572769165 1.54643923044205 1.58757966756821 1.59590846300125 1.70003181695938 1.68771225214005 1.48027271032333 1.49253451824188 1.4022045135498 1.31776803731918 1.41444826126099 1.16246697306633 1.06384572386742 1.01509729027748 0.948421508073807 0.95423099398613 0.939023226499557 1.17276003956795 1.19854053854942 1.23395472764969 1.35844346880913 1.58915251493454 1.74316048622131
2.05766397714615 1.39853703975677 1.28588470816612 1.1464027762413 1.12386828660965 1.05083620548248 1.23529797792435 0.865810543298721 0.869129240512848 1.10439071059227 1.22637525200844 1.48091098666191 1.51417422294617 1.51337403059006 1.61282479763031 3.53182053565979 4.72508382797241 5.24389958381653 5.17869222164154 4.85207855701447 4.46762037277222 3.9138411283493 3.38222551345825 3.37847542762756 1.73144692182541 1.72325778007507 1.58667594194412 1.51266896724701 1.48218074440956 1.35759526491165 1.3474814593792 1.33665677905083 1.40145528316498 1.35715645551682 1.335782289505 1.39299827814102 1.42272600531578 1.42383670806885 1.4913427233696 1.56157726049423 1.52520525455475 1.56927520036697 1.7309655547142 1.80241870880127 1.78217929601669 1.64481604099274 1.53855228424072 1.69324868917465 1.55246847867966 1.01457676291466 1.02678751945496 1.06474050879478 1.07006102800369 1.06085246801376 1.23269703984261 1.39888572692871 1.58792853355408 1.68093565106392 1.61866012215614 1.72877624630928 10.3076682388783 4.02144886340414
1.0584644973278 0.586422756314278 0.661743745207787 0.735111728310585 0.838049232959747 0.74839349091053 0.736269012093544 0.723279744386673 0.805998712778091 0.872006982564926 0.922509759664536 0.961110770702362 1.02274802327156 1.0775962471962 1.19405472278595 3.21586418151855 3.76183140277863 3.31407451629639 1.64183467626572 1.42280253767967 1.42962071299553 1.54402577877045 2.27862972021103 2.27990108728409 1.85956281423569 1.71414971351624 1.46178898215294 1.36116296052933 1.32092928886414 1.3640932738781 1.41733646392822 1.44062322378159 1.82245051860809 2.15711170434952 2.53416752815247 2.18137049674988 1.46398803591728 1.42297723889351 1.52893656492233 1.70224499702454 1.61563646793365 1.68160951137543 1.66856932640076 1.78575897216797 2.01569098234177 2.08690273761749 1.97056192159653 1.69219350814819 1.44469723105431 0.978021025657654 1.0404360294342 1.22329124808311 1.44563403725624 1.62010270357132 1.72111058235168 2.08625847101212 1.92971175082409 -9999 -9999 -9999 -9999 -9999
0.449132993817329 0.44054326415062 0.440000250935555 0.444110244512558 0.51663900911808 0.633147731423378 0.660992994904518 0.675049513578415 0.656064748764038 0.704943001270294 0.743152499198914 0.779171973466873 0.910380721092224 1.0052302479744 1.32384297251701 1.56540530920029 1.51981955766678 1.71812474727631 1.7150017619133 1.58706682920456 1.85469532012939 2.23359006643295 3.06604135036469 2.41001254320145 1.66634917259216 1.39729803800583 1.43265071511269 1.63686221837997 1.4378887116909 1.62874728441238 1.67789930105209 1.91970527172089 2.2086187005043 4.84441423416138 5.11040031909943 4.05646419525146 1.91489481925964 1.84780418872833 1.93901324272156 1.75897496938705 1.64440280199051 1.53905779123306 1.37684100866318 1.33529403805733 1.3321485221386 1.43869721889496 1.62265348434448 1.27133551239967 1.11213603615761 1.4896192252636 2.20004993677139 2.18530797958374 1.74117833375931 8.02394771575928 1.92347750409705 -9999 -9999 -9999 -9999 -9999 -9999 -9999
0.404459998011589 0.436813518404961 0.475178271532059 0.523563757538795 0.56421522796154 0.679782763123512 0.680149510502815 0.700921520590782 0.72751048207283 0.751020759344101 0.778731018304825 0.846109539270401 0.88881379365921 0.849400520324707 1.03011524677277 1.49795097112656 2.00185132026672 2.02494817972183 1.60023522377014 1.95801150798798 1.84092003107071 1.76663857698441 1.64704942703247 1.74527782201767 1.6922122836113 1.49781829118729 1.38849377632141 1.37789699435234 1.41953659057617 -9999 -9999 -9999 -9999 -9999 -9999 3.14426672458649 4.03275525569916 3.24743342399597 2.20110601186752 1.68248552083969 1.6515149474144 1.57902896404266 1.21775248646736 1.27707302570343 1.14238500595093 1.30387571454048 1.59479695558548 1.44580122828484 1.44999003410339 2.61594969034195 4.13642406463623 3.75249373912811 3.16344237327576 1.9762424826622 1.97624230384827 -9999 -9999 -9999 -9999 -9999 -9999 -9999
0.673037990927696 0.719555228948593 0.673336520791054 0.671420261263847 0.733027517795563 0.800404518842697 0.97836971282959 0.987259536981583 0.989913761615753 1.09253025054932 1.2405187189579 1.29530096054077 1.07204702496529 0.805186539888382 0.892344027757645 1.13949528336525 1.83992922306061 2.17236757278442 2.02085620164871 1.65233319997787 1.53661054372787 1.33722299337387 1.43935427069664 1.54708796739578 1.80828595161438 1.86944246292114 1.80454498529434 1.76205593347549 1.49004022032022 -9999 -9999 -9999 -9999 -9999 -9999 -9999 2.94886274635792 40.1743268966675 5.54399085044861 1.85170197486877 1.71132981777191 1.48511999845505 1.36648803949356 1.26519146561623 1.20285004377365 1.25550296902657 2.28251552581787 2.63951253890991 2.50158298015594 2.95696502923965 3.15495228767395 3.9374406337738 -9999 -9999 -9999 -9999 -9999 -9999 -9999 -9999 -9999 -9999
1.22301828861237 1.02586045861244 0.851221472024918 0.783096760511398 0.885056287050247 0.980417221784592 1.13229829072952 1.25276479125023 1.39903423190117 1.52156406641006 1.64271605014801 1.65638333559036 1.47473323345184 0.769081503152847 0.713502734899521 0.786873757839203 1.51869231462479 2.12718522548676 2.32778853178024 1.0940393073724 -9999 1.22089840471745 1.55575463175774 1.42378199100494 1.72592478990555 2.12921404838562 2.46162450313568 2.90874445438385 1.67743872106075 -9999 -9999 -9999 -9999 -9999 -9999 -9999 3.69706867422376 4.33946764469147 18.5385904312134 7.74004697799683 21.1081795692444 11.7940979003906 3.14183628559113 1.60502403974533 1.67634218931198 1.78621047735214 2.93059569597244 3.17110955715179 3.00199127197266 3.79733026027679 3.78066086769104 4.79700475931168 3.48250035444895 -9999 -9999 -9999 -9999 -9999 -9999 -9999 -9999 -9999
1.25022599101067 1.19601827859879 1.25759696960449 1.11447072029114 1.15465503931046 1.32462152838707 1.44168528914452 1.31375402212143 1.2508627474308 1.31876921653748 1.68067198991776 1.53661125898361 1.32680770754814 0.989488542079926 0.888048022985458 0.969892501831055 1.50233030319214 1.82496517896652 1.60128307342529 1.60705804824829 1.62293100357056 0.682279497385025 0.578667730093002 1.33699429035187 1.44280350208282 1.66783046722412 1.73907226324081 1.96196329593658 1.82160741090775 1.35054375976324 -9999 -9999 -9999 -9999 -9999 -9999 -9999 28.0853580236435 26.7061307119287 8.06144231557846 3.89885008335114 26.3064365386963 9.96213054656982 2.42979526519775 2.73415946960449 3.60294914245605 7.94823431968689 10.1917297840118 19.0978145599365 19.0380091667175 8.31226015090942 4.41521370410919 3.11471949400527 -9999 -9999 -9999 -9999 -9999 -9999 -9999 -9999 -9999
1.65762376785278 1.39087128639221 1.46009847521782 1.44484797120094 1.40976601839066 1.35645452141762 1.47140023112297 1.27526396512985 1.2131422162056 1.40702703595161 1.52246618270874 1.36083072423935 1.20577427744865 0.892801523208618 0.784565985202789 0.685364261269569 0.843931496143341 0.87136647105217 0.80824202299118 0.785837978124619 0.535856232047081 0.62509198486805 1.31673672795296 1.72532916069031 1.70535975694656 1.47908252477646 1.87938523292542 1.86003667116165 2.08767145872116 2.35272002220154 -9999 -9999 -9999 -9999 -9999 -9999 -9999 -9999 -9999 -9999 -9999 -9999 -9999 -9999 -9999 -9999 3.65490746498108 6.65402183532715 6.09392938613892 9.65114879608154 -9999 -9999 -9999 -9999 -9999 -9999 -9999 -9999 -9999 -9999 -9999 -9999
1.20624071359634 1.32366675138474 1.30409476161003 1.21109175682068 1.13868221640587 1.22758349776268 1.21580100059509 1.07863050699234 1.15042573213577 1.14151945710182 1.18416452407837 1.11903297901154 0.959678292274475 0.757611036300659 0.64206750690937 0.566681250929832 0.530518501996994 0.481027498841286 0.534869268536568 0.674266487360001 0.819624781608582 0.734684988856316 0.873863250017166 0.862509112805128 -9999 -9999 -9999 1.76527869701385 1.76485651731491 1.97274452447891 2.37348268926144 -9999 -9999 -9999 -9999 -9999 -9999 -9999 -9999 -9999 -9999 -9999 -9999 -9999 -9999 -9999 -9999 -9999 -9999 -9999 -9999 -9999 -9999 -9999 -9999 -9999 -9999 -9999 -9999 -9999 -9999 -9999
0.777718484401703 1.05005925893784 0.97571924328804 0.814981520175934 0.782525986433029 0.797152519226074 0.921374291181564 1.01616525650024 0.919799208641052 0.977048993110657 1.07684326171875 1.02243974804878 0.873537003993988 0.765848994255066 0.712562263011932 0.72043950855732 0.762270748615265 0.658576503396034 0.535989761352539 0.571671769022942 0.835715264081955 0.862303465604782 0.970652282238007 1.51014071702957 0.75406763702631 0.777871862053871 0.831385128200054 1.02283309400082 1.20595613121986 2.42172145843506 1.82979413866997 2.4376858338233 -9999 -9999 -9999 -9999 -9999 -9999 -9999 -9999 -9999 -9999 -9999 -9999 -9999 -9999 -9999 -9999 -9999 -9999 -9999 -9999 -9999 -9999 -9999 -9999 -9999 -9999 -9999 -9999 -9999 -9999
0.800972253084183 0.551769018173218 0.772746741771698 0.775037258863449 0.756327778100967 0.773211747407913 0.816728264093399 0.842144250869751 0.901369482278824 1.01326274871826 1.13766521215439 1.19027549028397 0.987772464752197 1.0933852493763 1.26626926660538 1.32262578606606 1.26043277978897 0.845423966646194 0.567315012216568 0.550028264522552 0.605165228247643 0.632536500692368 0.814343959093094 0.549426734447479 0.835300147533417 0.729851245880127 0.66040163487196 1.92389135062695 2.03139674663544 3.93097579479218 2.98194220662117 3.11731450898307 -9999 -9999 -9999 -9999 -9999 -9999 -9999 -9999 -9999 -9999 -9999 -9999 -9999 -9999 -9999 -9999 -9999 -9999 -9999 -9999 -9999 -9999 -9999 -9999 -9999 -9999 -9999 -9999 -9999 -9999
0.842565715312958 0.599579617381096 0.790349274873734 0.814053028821945 0.816926211118698 0.866254538297653 0.95874148607254 0.892858475446701 1.13302347064018 1.35971850156784 2.03443282842636 2.43359023332596 2.76532423496246 2.72694754600525 2.71798878908157 2.28886950016022 1.19219478964806 0.798281282186508 0.547989740967751 0.529102519154549 0.516536235809326 0.493471518158913 0.537809237837791 0.613863006234169 0.945069372653961 1.01167385280132 1.00749038904905 2.8939515799284 2.69256001710892 2.82227852940559 2.52389158308506 -9999 -9999 -9999 -9999 -9999 -9999 -9999 -9999 -9999 -9999 -9999 -9999 -9999 -9999 -9999 -9999 -9999 -9999 -9999 -9999 -9999 -9999 -9999 -9999 -9999 -9999 -9999 -9999 -9999 -9999 -9999
