EcologicalScience/Bass/data/rs_data_bass/chl_93.asc
NCOLS 226 
NROWS 124 
XLLCORNER -9.41648524995501 
YLLCORNER 47.587301625531 
CELLSIZE 0.0833 
NODATA_value -9999 
[rows 81 to 107 of 124, columns 62 to 123 of 226]
3.85158455371857 5.97498106956482 7.6620512008667 7.66205191612244 -9999 -9999 -9999 -9999 -9999 -9999 -9999 -9999 -9999 -9999 -9999 -9999 -9999 -9999 -9999 -9999 -9999 -9999 -9999 -9999 -9999 -9999 -9999 -9999 -9999 -9999 -9999 -9999 -9999 -9999 -9999 -9999 -9999 -9999 -9999 -9999 -9999 -9999 -9999 -9999 -9999 -9999 -9999 -9999 -9999 -9999 -9999 -9999 -9999 -9999 -9999 -9999 -9999 -9999 -9999 -9999 -9999 -9999
2.83700787326665 -9999 -9999 -9999 -9999 -9999 -9999 -9999 -9999 -9999 -9999 -9999 -9999 -9999 -9999 -9999 -9999 -9999 -9999 -9999 -9999 -9999 -9999 -9999 -9999 -9999 -9999 -9999 -9999 -9999 -9999 -9999 -9999 -9999 -9999 -9999 -9999 -9999 -9999 -9999 -9999 -9999 -9999 -9999 -9999 -9999 -9999 -9999 -9999 -9999 -9999 -9999 -9999 -9999 -9999 -9999 -9999 -9999 -9999 -9999 -9999 -9999
-9999 -9999 -9999 -9999 -9999 -9999 -9999 -9999 -9999 -9999 -9999 -9999 -9999 -9999 -9999 -9999 -9999 -9999 -9999 -9999 -9999 -9999 -9999 -9999 -9999 -9999 -9999 -9999 -9999 -9999 -9999 -9999 -9999 -9999 -9999 -9999 -9999 -9999 -9999 -9999 -9999 -9999 -9999 -9999 -9999 -9999 -9999 -9999 -9999 -9999 -9999 -9999 -9999 -9999 -9999 -9999 -9999 -9999 -9999 -9999 -9999 -9999
-9999 -9999 -9999 -9999 -9999 -9999 -9999 -9999 -9999 -9999 -9999 -9999 -9999 -9999 -9999 -9999 -9999 -9999 -9999 -9999 -9999 -9999 -9999 -9999 -9999 -9999 -9999 -9999 -9999 -9999 -9999 -9999 -9999 -9999 -9999 -9999 -9999 -9999 -9999 -9999 -9999 -9999 -9999 -9999 -9999 -9999 -9999 -9999 -9999 -9999 -9999 -9999 -9999 -9999 -9999 -9999 -9999 2.40198220099722 3.20365266501904 2.97409652173519 3.02040705084801 2.89307843148708
-9999 -9999 -9999 -9999 -9999 -9999 -9999 -9999 -9999 -9999 -9999 -9999 -9999 -9999 -9999 -9999 -9999 -9999 -9999 -9999 -9999 -9999 -9999 -9999 -9999 -9999 -9999 -9999 -9999 -9999 -9999 -9999 -9999 -9999 -9999 -9999 37.1749906539917 -9999 3.2938461052744 3.48924907478126 -9999 -9999 2.32092248309742 2.34295157952742 2.11839151382446 1.64659584110433 1.6391469463706 2.1666613925587 2.22136518359184 2.56097982823849 2.65419070422649 3.37268720354353 -9999 -9999 -9999 2.99095903337002 2.94448457658291 3.06295010447502 3.53089805082841 2.67394280433655 2.38832301646471 2.17184087634087
-9999 -9999 -9999 -9999 -9999 -9999 -9999 -9999 -9999 -9999 -9999 -9999 -9999 3.61438575023558 2.2677793353796 1.8832672559298 1.65186652812091 1.2854200051381 1.12509450316429 -9999 -9999 -9999 -9999 -9999 -9999 -9999 -9999 -9999 2.71658961474895 2.77417755872011 3.38850362598896 3.48142643272877 -9999 3.66949796676636 -9999 -9999 -9999 -9999 2.85477210174907 2.93975004282865 3.14547141031785 2.16044421494007 1.98754149133509 1.83354112776843 1.87797341563485 1.61151317507029 1.68313202261925 1.72095443308353 1.74360314011574 1.77826747298241 2.03637465834618 2.21802426874638 2.42399067431688 2.64184167168357 2.68544297868555 2.43758273124695 2.50547751513394 2.53148013353348 2.52738375216722 2.43409106880426 2.08824473619461 1.55838163197041
-9999 -9999 -9999 -9999 -9999 -9999 -9999 -9999 -9999 -9999 3.61066224575043 3.15244752519271 1.85645757615566 1.6924742013216 1.5538070127368 1.52611790461974 1.69539977203716 1.78292004086755 1.72148168628866 1.53055587640175 5.69573628902435 -9999 2.02706069785815 1.9755537211895 2.23438257367715 -9999 -9999 2.65320626999203 2.93214177489281 3.05280289649963 3.10990160107613 3.2517440199852 3.34509755373001 3.09157437086105 -9999 -9999 2.26325264573097 1.9723987366472 2.45527277209542 2.42362163283608 2.53072789582339 1.776570931077 1.72543981075287 1.69146423339844 1.69016001820564 1.47745338353244 1.50461009144783 1.4316167011857 1.36022847890854 1.34954682737589 1.36095714569092 1.48358716070652 1.76437465846539 2.11815334991975 2.12710077654232 2.07469343597239 2.10109256614338 1.89578855037689 1.88911670446396 1.6129122376442 1.17289927974343 1.01694303005934
-9999 -9999 -9999 -9999 -9999 -9999 -9999 -9999 -9999 2.19849029183388 2.27658579279395 1.86752551048994 1.63211090456356 1.69427543878555 1.77229392528534 1.57214232087135 1.67315615415573 1.69297678470612 1.75955228805542 1.86044406294823 1.76574673722772 1.38866037831587 1.67508606612682 2.35822094678879 2.53184090852737 2.58408747911453 2.63587481975555 2.65584372282028 2.58543106913567 2.55213353633881 2.57947211265564 2.94767725467682 3.22843945026398 3.07127918438478 2.82463785735044 2.57028767466545 2.39265002310276 2.16815087199211 1.7832553088665 1.69850923866034 1.67476274818182 1.6838411539793 1.98664163459431 1.77897902727127 1.72472612985543 1.38113359361887 1.48050393909216 1.31037772446871 1.18315351009369 1.01836962591518 1.12096070498228 1.14367799833417 1.21091680973768 1.24691735208035 1.23409199985591 1.32053031027317 1.2404070161283 1.01004433259368 0.941404681652784 0.883775822818279 0.857348901304332 0.868072145364501
-9999 -9999 -9999 -9999 -9999 -9999 -9999 -9999 -9999 1.74645302158136 1.51214376837015 1.41332840648564 1.45840466835282 1.42038268446922 1.44408153891563 1.42917859554291 1.4526901781559 1.47234401106834 1.59384661316872 1.72319226264954 1.81103060245514 1.92918468117714 1.96800665259361 2.06003449559212 1.98814914822578 2.05810659527779 2.05626393556595 2.04211242198944 2.03062452077866 1.98815680146217 2.12109913229942 2.39860601858659 2.69334567676891 2.8250089450316 2.57483578920364 2.46965271234512 2.34960469007492 2.2911623954773 1.83991120755672 1.79371064901352 1.83432546257973 1.79102843105793 1.79337879270315 1.70134444534779 1.61886911094189 1.46640070080757 1.17237263917923 1.09918087720871 1.12016971707344 0.874242603778839 0.813170208172365 0.832418460398912 0.763884544372559 0.677668979222124 0.684006331996484 0.722769632935524 0.774242240935564 0.764356512576342 0.749623138457537 0.766881588846445 0.815092094242573 0.741152839227156
-9999 -9999 -9999 -9999 -9999 -9999 -9999 -9999 -9999 1.14275908470154 1.15001045912504 1.14772646874189 1.22181083858013 1.17059866189957 1.17752699553967 1.16640075445175 1.16804541349411 1.17570874392986 1.2583759188652 1.41985951960087 1.62894715368748 1.66683458089828 1.61411119401455 1.57619520127773 1.32717026174068 1.29995491504669 1.33534372150898 1.39839817285538 1.44780958592892 1.52638398706913 1.68692096471787 2.07225727289915 2.45597203373909 2.51116245388985 2.43417030572891 2.47562209367752 2.43012809157372 2.36352678537369 2.03795114904642 2.18933356404304 1.94360008835793 1.73545824363828 1.46437572240829 1.34015370905399 1.23752271831036 1.17542087137699 0.871291670948267 0.76783761754632 0.74796449393034 0.703071545809507 0.672115322202444 0.645598964257674 0.628453585234555 0.653704315423965 0.651636935770512 0.626047689467669 0.629313927143812 0.645206641405821 0.672970689833164 0.702808970754797 0.73686784370379 0.803475357592106
1.79298149455677 1.0641003549099 1.03822441399097 1.48311111330986 -9999 -9999 -9999 2.40479701528182 1.97134704481472 1.37104634195566 1.21435781121254 1.23437994718552 1.16509704887867 1.05903804302216 1.07907121181488 1.04401861131191 1.059762185812 1.01835825741291 1.01665747761726 1.04092254638672 1.05447483658791 1.04824987649918 1.04785259664059 1.05757449567318 1.02047093957663 0.977518120408058 0.947401866316795 0.993895813822746 0.735197994858027 0.851121716201305 1.05418069660664 1.29501762986183 1.3701098933816 1.62012054026127 1.84771049022675 1.86897564679384 1.89095959067345 1.94431907683611 1.81200862303376 1.68297014012933 1.51959773898125 1.38776735588908 1.16405233740807 1.06878639757633 1.00561124458909 0.985146537423134 0.732160717248917 0.695423986762762 0.648287996649742 0.577178730206056 0.612577322870493 0.610680364072323 0.619195965203372 0.609238129109144 0.600197430700064 0.590794879943132 0.6395567022264 0.647625926882029 0.659050494432449 0.710745212706653 0.788206994533539 0.740614704787731
0.868406981229782 0.818753778934479 0.922355234622955 1.16985821723938 1.34979650378227 1.58922523260117 1.5271395072341 1.59507112611424 1.17731725898656 1.21437750756741 1.33610654175282 1.25204240083694 1.15390156209469 0.941389158368111 0.934300231933594 0.946301141381264 0.925064599514008 0.970419654250145 0.996474297344685 1.01465721577406 1.00198412686586 0.678518995642662 0.652906492352486 0.645278625190258 0.641066987067461 0.640431392937899 0.637910071760416 0.485944707285274 0.675473257899284 0.702320236712694 0.712139066308737 0.705008239908652 0.992122503844174 1.16204177588224 1.30916930193251 1.38075078651309 1.3423682525754 1.26321245357394 1.14248433709145 0.94370961561799 1.08682183921337 1.04068631306291 0.685109071433544 0.698196183890104 0.685085613280535 0.664046254009008 0.582839615643024 0.568248577415943 0.484260897744786 0.554683222012086 0.57281906157732 0.600839052687992 0.485899983481927 0.622052047401667 0.640306502580643 0.66958687081933 0.721066645600579 0.685367982834578 0.689202569425106 0.743814086372202 0.715985200621865 0.682241622358561
0.716012746095657 0.791070029139519 0.86414597928524 1.13346421718597 1.15862473845482 1.23529726266861 1.26216948032379 1.18615174293518 1.17857697606087 1.30079901218414 1.26999485492706 1.05909039974213 0.926984605193138 0.913258731365204 0.851938909292221 0.838494059443474 0.885641911625862 1.0206715464592 1.03597230613232 0.677894432097673 0.65639079362154 0.620619010180235 0.616856452077627 0.623495053499937 0.617301922291517 0.606767423450947 0.600986246019602 0.710770149122585 0.595815002918243 0.597007110714912 0.607498493045568 0.643441704186526 0.657336619767276 0.833557906475934 0.714338604699482 0.632609434425831 0.636352322995663 0.665693992918188 0.640683732926846 0.663600752299482 0.650747627019882 0.647696625441313 0.628941938281059 0.614526551216841 0.605096250772476 0.585643697530031 0.548056125640869 0.540061321109533 0.541282840750434 0.563395489007235 0.593040939420462 0.606089998036623 0.605910558253527 0.617020703852177 0.64406269043684 0.674377676099539 0.762614632194692 0.768904343247414 0.855819330974059 0.791548214175484 0.710323910821568 0.686810977756977
0.708996027708054 0.728561997413635 0.784162729978561 0.775769514116374 1.03996498882771 1.0504505187273 1.04632623493671 1.08523201942444 1.0879287570715 1.0111999809742 0.826764509081841 0.795410022139549 0.759661257266998 0.846122172474861 0.778688330948353 0.816732059419155 0.859293526411057 0.658192120492458 0.636679127812386 0.626811571419239 0.616502825170755 0.6080212444067 0.611285079270601 0.603004306554794 0.593968492001295 0.592835426330566 0.596429619938135 0.59595750644803 0.602135807275772 0.590913388878107 0.590830866247416 0.593899145722389 0.613321132957935 0.622338384389877 0.628418069332838 0.643344942480326 0.63960787653923 0.623631935566664 0.62269801273942 0.610891098325903 0.623496551066637 0.618853133171797 0.601245559751987 0.592538807541132 0.592953376471996 0.591928862035275 0.570790138095617 0.565154828131199 0.561402752995491 0.568838451057673 0.573225941509008 0.591906376183033 0.609451487660408 0.678972748192874 0.693024329163811 0.711622636426579 0.748525906692852 0.740080498158932 0.839054451747374 0.806036133657802 0.793788614598188 0.801819574087858
0.517901049418883 0.646796494722366 0.617633181122633 0.622821405529976 0.735417485237122 0.763508751988411 0.799973741173744 0.832452997565269 0.788597479462624 0.773358747363091 0.749886021018028 0.679367005825043 0.670081987977028 0.659971997141838 0.657496497035027 0.62537931041284 0.624188177964904 0.619821187108755 0.588481687009335 0.571336302906275 0.567591179162264 0.576465379446745 0.587560135871172 0.591607868671417 0.599635686725378 0.622944552451372 0.638707861304283 0.619733445346355 0.626635506749153 0.619554553180933 0.617917500436306 0.623927637934685 0.650113329291344 0.711353927850723 0.688093699514866 0.70792481303215 0.712602004408836 0.719513062387705 0.700834326446056 0.676625803112984 0.685585118830204 0.668646555393934 0.623015608638525 0.599649757146835 0.605407498776913 0.612492755055428 0.587002884596586 0.573724307119846 0.579476058483124 0.588794633746147 0.607185747474432 0.67930603298274 0.631574124097824 0.66797584566203 0.681079241362485 0.711047936569561 0.837167850949548 0.927943110466003 0.986703380942345 1.11853647773916 1.31933131001212 1.29891092330217
0.604437232017517 0.600690990686417 0.555840738690816 0.568106487393379 0.636315241456032 0.64698626101017 0.638436019420624 0.626809000968933 0.61779348552227 0.597442016005516 0.605310261249542 0.602296262979507 0.621986240148544 0.621551513671875 0.61632151901722 0.614513516426086 0.614957988262177 0.564936995506287 0.494844183325768 0.489595491439104 0.497956875711679 0.51312730461359 0.523427255451679 0.601497944444418 0.616683930158615 0.678123760968447 0.693000387400389 0.672318756580353 0.71240172162652 0.682788010686636 0.686707857996225 0.690812643617392 0.728037748485804 0.755117442458868 0.771607138216496 0.799242720007896 0.824005488306284 0.85760061442852 0.841050580143929 0.80476500838995 0.776343561708927 0.728094555437565 0.673687320202589 0.638525996357203 0.652266014367342 0.659444633871317 0.627919882535934 0.609375 0.605237446725368 0.648108176887035 0.690693944692612 0.69495934789831 0.694287259470333 0.775100924751975 0.854603786360134 1.00322580066594 1.37288969213312 1.39450033144517 1.4720484316349 1.52389068156481 1.55462115257978 2.18779104536977
0.574182987213135 0.549844011664391 0.542940989136696 0.550878494977951 0.555926486849785 0.573679760098457 0.594050005078316 0.574430003762245 0.470801010727882 0.525765746831894 0.472822248935699 0.576705125245181 0.598253586075523 0.512360244989395 0.584839731454849 0.556292504072189 0.545949757099152 0.547002494335175 0.536899492144585 0.547322019934654 0.567464232444763 0.5836141705513 0.624061323702335 0.631419914273115 0.679634425789118 0.721793979406357 0.800669493583532 0.712261475622654 0.775215558707714 0.745636135339737 0.765307690948248 0.790738865733147 0.974276006221771 1.21032223105431 1.30546250939369 1.22405299544334 1.02427899837494 0.983184993267059 0.944808751344681 0.85266101360321 0.817452728748322 0.793624758720398 0.784492716193199 0.736226443201303 0.77260272949934 0.793334797024727 0.78885400837118 0.735953734679656 0.722863433035937 0.79928624088114 0.843342377380891 0.889433172616092 0.973479623144323 1.2577998583967 1.48248771103946 1.59709560871124 1.89143692925029 -9999 -9999 -9999 -9999 -9999
0.401383742690086 0.507886371829293 0.410120248794556 0.414295241236687 0.406473487615585 0.432326003909111 0.434401005506516 0.53591544353045 0.542721894654361 0.534797108986161 0.541963987729766 0.545828652652827 0.448494493961334 0.606439159675078 0.590745355595242 0.576530241153457 0.54588782787323 0.515511512756348 0.576153233647346 0.583797175437212 0.630983248353004 0.724467958916317 0.62578261586336 0.677407254393284 0.887700470164418 0.945456753884043 1.08383903758866 1.4823425039649 1.45536025417478 1.09989953041077 1.00984752178192 1.03682926297188 1.62777003645897 1.58835514783859 1.39908131361008 1.18859624862671 1.07959371805191 0.989063739776611 0.94716602563858 0.841359227895737 0.811950236558914 0.823494970798492 0.888641238212585 0.890641987323761 0.886097222566605 0.850472241640091 0.898723214864731 0.905781477689743 0.840299086137251 1.02775155414234 1.16173546964472 1.35937573963946 1.55549435994842 1.38014449675878 1.94291716716329 -9999 -9999 -9999 -9999 -9999 -9999 -9999
0.389748895168304 0.397636359930038 0.519695131824567 0.387983739376068 0.519886555579992 0.519156860617491 0.544409607465451 0.489527666798005 0.433556247216005 0.390825596451759 0.442556557059288 0.427215591073036 0.450577041506767 0.456771290302277 0.454907262325287 0.502722404219887 0.516984459757805 0.460339687764645 0.492627941071987 0.561532516032457 0.653678235411644 0.650777980685234 0.703242920912229 0.686453076509329 0.737604418626198 0.91107386137758 1.08325470035726 1.17304276878184 1.72422909736633 -9999 -9999 -9999 -9999 -9999 -9999 3.14426672458649 0.9337755382061 0.87238951921463 0.983338236808777 0.886127024888992 0.879653006792068 0.848700731992722 0.872581750154495 0.942938983440399 0.978606015443802 1.02335301041603 1.03747150301933 1.10600924491882 1.11549174785614 1.42820325493813 1.7158175110817 1.88204127550125 1.75903718038039 1.9762424826622 1.97624230384827 -9999 -9999 -9999 -9999 -9999 -9999 -9999
0.380346442759037 0.409344613552094 0.512558261935527 0.50866546195287 0.487006197755153 0.480147356024155 0.40847864896059 0.409895105659962 0.410724905133247 0.405644546449184 0.47168876637112 0.476969727061012 0.478383010625839 0.479597845673561 0.481147938966751 0.487957048416138 0.45329924672842 0.453658495098352 0.500699613243341 0.625105941295624 0.832437008619308 0.805928513407707 0.89918977022171 0.664916249838742 0.704173505306244 0.76201480999589 1.14402291604451 1.41813333705068 1.3912058096183 -9999 -9999 -9999 -9999 -9999 -9999 -9999 1.3459307210786 1.26581475990159 1.10324522852898 0.958025485277176 0.953674525022507 0.950625479221344 0.938753008842468 0.955991506576538 0.993261009454727 1.08344900608063 1.20126950740814 1.28452250361443 1.43322676420212 1.73498600721359 1.95127075910568 2.11542671918869 -9999 -9999 -9999 -9999 -9999 -9999 -9999 -9999 -9999 -9999
0.520046786620067 0.397857882759788 0.447183344851841 0.427582508325577 0.426478654146194 0.398947951197624 0.424923303723335 0.419077500700951 0.387675949118354 0.481410124085166 0.48978641493754 0.506333193995736 0.52483233674006 0.502703109383583 0.492602849006653 0.514232406020164 0.538857892155647 0.471895504742861 0.47890068590641 1.12553753239093 -9999 1.03711654637989 1.00055396743119 0.575776040554047 0.74657079577446 0.739707484841347 1.05623157109533 1.20353050394492 1.26745972782373 -9999 -9999 -9999 -9999 -9999 -9999 -9999 2.35674458742142 1.50205577271325 1.3456337749958 1.23047149181366 1.19269397854805 1.22081902623177 1.18399304151535 1.2807645201683 1.30035677552223 1.20134398341179 1.19154852628708 1.22808650135994 1.33141300082207 1.64866769313812 2.04169172048569 2.49599397182465 3.53113880282954 -9999 -9999 -9999 -9999 -9999 -9999 -9999 -9999 -9999
0.423098237677054 0.437062565575946 0.407121889293194 0.420382811129093 0.372066821564328 0.388965896584771 0.435444742441177 0.442107582092285 0.436962749809027 0.416873808950186 0.552167931740934 0.559309154748917 0.572266365994107 0.587492457844994 0.54119548201561 0.514458492398262 0.478706438094378 0.490362178534269 0.504866626113653 0.504947997629642 0.529405128210783 0.479484189301729 0.38617198728025 0.532698579132557 0.807904988527298 0.916603237390518 1.15359089320356 1.34454597830772 1.39194195270538 1.59849102006239 -9999 -9999 -9999 -9999 -9999 -9999 -9999 3.40602920884671 15.2219952759535 3.66566893458366 1.98331701755524 1.83515876531601 1.94115495681763 2.24631071090698 1.994873046875 1.89851748943329 1.97295951843262 1.72497075796127 1.74581223726273 1.92551732063293 2.28760623931885 2.81843974373557 3.13126434770863 -9999 -9999 -9999 -9999 -9999 -9999 -9999 -9999 -9999
0.451045295054262 0.45739378712394 0.447816407138651 0.43883004784584 0.445752134377306 0.452357602390376 0.464113972403786 0.441765233874321 0.464133203029633 0.456080451607704 0.580881747332486 0.500252231955528 0.508230492472649 0.507096007466316 0.495307490229607 0.495028495788574 0.566968247294426 0.452302303165197 0.554948762059212 0.543802738189697 0.531050503253937 0.532484740018845 0.649075239896774 0.973391979932785 1.16334150325168 0.794233354926109 0.874335692687468 0.80650935660709 1.10077574849129 1.04589799046516 -9999 -9999 -9999 -9999 -9999 -9999 -9999 -9999 -9999 -9999 -9999 -9999 -9999 -9999 -9999 -9999 3.65490746498108 2.08936876058578 2.38721001148224 2.45632469654083 -9999 -9999 -9999 -9999 -9999 -9999 -9999 -9999 -9999 -9999 -9999 -9999
0.466689823703332 0.468610894950953 0.466568266803568 0.42789381200617 0.404418488795107 0.40848483145237 0.423229905692014 0.500786857171492 0.51682389866222 0.519688487052917 0.56759575009346 0.577839240431786 0.556141257286072 0.552938759326935 0.533278495073318 0.533497750759125 0.512093514204025 0.517517253756523 0.526602491736412 0.539726749062538 0.424959003925323 0.414784317836165 0.420971252024174 0.941375411325885 -9999 -9999 -9999 1.1213312338699 0.993072748184204 0.995010495185852 1.52298612594604 -9999 -9999 -9999 -9999 -9999 -9999 -9999 -9999 -9999 -9999 -9999 -9999 -9999 -9999 -9999 -9999 -9999 -9999 -9999 -9999 -9999 -9999 -9999 -9999 -9999 -9999 -9999 -9999 -9999 -9999 -9999
0.475203740325841 0.496267501603473 0.488614289598031 0.445301324129105 0.428688554601236 0.434670343995094 0.460134561766278 0.510235848751935 0.535641118884087 0.602777257561684 0.635614261031151 0.604079753160477 0.598345249891281 0.544426247477531 0.531463742256165 0.539246752858162 0.533132240176201 0.549626767635345 0.555676743388176 0.580698505043983 0.439835239201784 0.449779864400625 0.48887924104929 0.650879066437483 0.971332758665085 1.02595079541206 1.02510598897934 1.0706812441349 1.03106600046158 1.08137375116348 1.12856402993202 2.31942464267054 -9999 -9999 -9999 -9999 -9999 -9999 -9999 -9999 -9999 -9999 -9999 -9999 -9999 -9999 -9999 -9999 -9999 -9999 -9999 -9999 -9999 -9999 -9999 -9999 -9999 -9999 -9999 -9999 -9999 -9999
0.497867183251814 0.505906990983269 0.518245627934283 0.514726687561382 0.511589307676662 0.522845506668091 0.532183028080247 0.522318750619888 0.60785698890686 0.655050009489059 0.707584232091904 0.663298517465591 0.625133514404297 0.611382991075516 0.582397758960724 0.573124244809151 0.568476513028145 0.572141751646996 0.575426250696182 0.438794620335102 0.475277826189995 0.614465109326623 0.719752216880972 0.875236467881636 0.832709954543547 0.834526452151212 1.09299048781395 1.1122405230999 1.15944197773933 1.20744574069977 1.33847251534462 2.60169701916831 -9999 -9999 -9999 -9999 -9999 -9999 -9999 -9999 -9999 -9999 -9999 -9999 -9999 -9999 -9999 -9999 -9999 -9999 -9999 -9999 -9999 -9999 -9999 -9999 -9999 -9999 -9999 -9999 -9999 -9999
0.44990798830986 0.455848500132561 0.472005173563957 0.474500980228186 0.484002370387316 0.522586509585381 0.569410249590874 0.589566498994827 0.644007503986359 0.637430757284164 0.662580996751785 0.83049276471138 0.92909824848175 0.787555754184723 0.711205750703812 0.665781736373901 0.613715246319771 0.599127247929573 0.46534276753664 0.476240448653698 0.504295885562897 0.596866495907307 0.682617247104645 0.705214738845825 0.869524508714676 0.888690501451492 0.709632992744446 1.04236096143723 1.04653850197792 1.02469050884247 1.59403425455093 -9999 -9999 -9999 -9999 -9999 -9999 -9999 -9999 -9999 -9999 -9999 -9999 -9999 -9999 -9999 -9999 -9999 -9999 -9999 -9999 -9999 -9999 -9999 -9999 -9999 -9999 -9999 -9999 -9999 -9999 -9999
