EcologicalScience/Bass/data/rs_data_bass/chl_361.asc
NCOLS 226 
NROWS 124 
XLLCORNER -9.41648524995501 
YLLCORNER 47.587301625531 
CELLSIZE 0.0833 
NODATA_value -9999 
[rows 54 to 80 of 124, columns 124 to 185 of 226]
1.70342481136322 3.52597260475159 4.09637832641602 5.7784423828125 1.88439291715622 1.68444979190826 2.55706381797791 2.51094007492065 2.66759037054502 2.63942723090832 2.44098987029149 2.28902098307243 1.72077369689941 2.02474431808178 1.98512644034166 1.97518880092181 1.89696470590738 1.82792889613372 1.88622714922978 1.90764175470059 2.00716245174408 2.01369859622075 1.95612931251526 1.82781477157886 1.80895609122056 1.70459487346502 1.72390162027799 1.83642752353962 2.10659166482779 2.07027198259647 2.1155906686416 2.24267347042377 2.28825531556056 2.17831459412208 2.17280887181942 2.28878078093896 2.29880170638745 2.27644641582782 2.26952909506284 2.19759651330801 2.15784951815238 2.2187752356896 2.23613874270366 1.56065401664147 1.3178584759052 1.34804442754159 1.46895975791491 1.92628459288524 2.68050527572632 3.26137897547554 3.02659644800074 2.73128390312195 4.14503717422485 4.82320443789164 3.72120647570666 3.75214992629157 3.76455269541059 5.36024535786022 13.4306753648294 11.9455398370412 8.29564332962036 -9999
1.99439692497253 2.03817898035049 1.76751673221588 1.76753693819046 1.79482877254486 1.79651391506195 1.78095746040344 2.59755201339722 2.397771188846 1.86882823705673 1.81041526794434 1.79066920280457 1.84306418895721 1.72148931026459 1.3157294690609 1.22692278027534 1.25427523255348 1.70433157682419 1.59535878896713 1.58523666858673 1.89304969860957 1.89098923939925 1.82622265357238 1.79421696754602 1.8190522148059 1.96794440196111 2.05431934503409 2.08268457192641 2.23878286435054 2.13450645941954 2.32530579658655 2.22405433196288 2.27903588918539 2.21231913108092 2.16690861720305 2.30254609768207 2.24523178889201 2.14467533276631 2.13169421140964 2.06170129317504 1.97007048588533 1.73441737890244 1.61640275441683 1.33727013147794 1.47815164694419 1.60297011412107 1.8988361450342 2.42649125135862 3.49537034595714 3.79188954128939 3.5003579083611 3.96847944259644 4.059633956236 6.27106857299805 4.06005679236518 4.11321864408605 10.5720698833466 -9999 -9999 -9999 -9999 -9999
2.07817429304123 2.24966025352478 1.9485000371933 1.84368306398392 1.80984002351761 1.73560130596161 1.77078151702881 1.88725197315216 2.29503397941589 1.8986948132515 1.82158505916595 1.8405396938324 1.79902356863022 1.62232196331024 1.58397746086121 1.45042571425438 1.33031246066093 1.61596727371216 1.69670855998993 1.69200593233109 1.81408230157999 1.86621206540328 1.99224078655243 2.02295400546147 2.09475973936228 1.98429375886917 2.11242967844009 2.33049941979922 2.26226160159478 2.20516961354476 2.29856605713184 2.37987451369946 2.45153018144461 2.34875626747425 2.2510552910658 2.18721856520726 2.02780404457679 2.04003651325519 1.97369016133822 1.86291634577971 1.87399320877515 1.37498940412815 1.36998866613095 1.63789065984579 1.87134281488565 2.2469152533091 2.55396560260228 3.4864307641983 3.84124431610107 3.42567801475525 3.46027577624601 3.86588771202985 4.23761836220236 10.5883227361215 -9999 -9999 -9999 -9999 -9999 -9999 -9999 -9999
2.49222457408905 2.60456782579422 2.31898266077042 2.15512043237686 2.09210693836212 1.92838507890701 1.81730997562408 1.83303219079971 1.8686415553093 1.96331995725632 1.93732792139053 1.8007373213768 1.89472872018814 1.76589077711105 1.55235296487808 1.63390052318573 1.85164868831635 1.6769939661026 1.76015692949295 2.26444280147552 2.28149771690369 1.85514312524062 2.00548792802371 2.05057830993946 1.98064792156219 1.88339477777481 2.04460501670837 2.0246114730835 2.05538177490234 2.03193604946136 1.8546667098999 2.38566494905032 2.15977273079065 2.0261718584941 2.08009398442048 2.0370273911036 2.07476542546199 1.9345831825183 1.70562052268248 1.85501344387348 1.46735245447892 1.30317365664702 1.47327712407479 1.83576921316294 2.15322958506071 2.39511651717699 2.50258255004883 5.43157734345952 5.09420880149393 3.56563052378203 3.65734758096583 3.40621333963731 2.99351692199707 -9999 -9999 -9999 -9999 -9999 -9999 -9999 -9999 -9999
2.06251055002213 2.97015523910522 2.87049597501755 2.43210518360138 2.29383230209351 2.20166856050491 1.91893583536148 1.88664829730988 1.66660130023956 1.66928780078888 1.70017057657242 1.87748622894287 1.82498931884766 1.82693248987198 1.90522956848145 1.85501843690872 1.99935078620911 2.12185728549957 2.33205896615982 2.56820851564407 2.59695607423782 1.83186666782086 1.80596090280093 2.15219353712522 2.14905077219009 2.26802059320303 1.81635528802872 1.88992416858673 1.86800855398178 1.80920255184174 1.74392330646515 1.68960982561111 1.95051626058725 1.64788055419922 1.66414725780487 1.92042459891393 1.80635862625562 1.89605393776527 1.49841774426974 1.58039390189307 1.43461133425052 1.2303815300648 1.56135046940583 2.04877204161424 2.45139076159551 2.22707943831171 7.74221631613645 14.8175171824063 11.7112506277421 8.28744485799004 6.33704924583435 8.11195945739746 47.6583361754546 -9999 -9999 -9999 -9999 -9999 -9999 -9999 -9999 -9999
-9999 4.31262016296387 5.41956388950348 4.04610085487366 2.57586371898651 2.34647405147552 2.04680407047272 1.817702293396 1.57384192943573 1.58973598480225 1.3321485221386 1.64557278156281 1.61776041984558 1.87357431650162 1.86620557308197 1.82964742183685 2.01864981651306 2.23348116874695 2.55250418186188 2.7671976685524 2.69243252277374 2.40097868442535 2.20838624238968 1.90218796900341 2.30467762855383 2.18546200715579 1.87857681512833 1.74574506282806 1.72851902246475 1.76494127511978 1.89519488811493 1.86382653621527 1.81797552108765 1.81495049825081 1.79237662828886 1.3782075047493 1.39849197864532 1.49961823225021 1.52644121646881 1.4697599709034 1.78837126493454 1.98997342586517 2.01375024593793 2.74121260643005 3.36887388962966 -9999 8.27310531479972 5.34681828816732 6.69225940704346 8.90053391456604 46.2791430609567 51.4434902884743 46.8185620307922 35.6958365440369 -9999 -9999 -9999 -9999 -9999 -9999 -9999 -9999
-9999 -9999 -9999 -9999 -9999 2.28387522697449 1.91261619329453 1.87129944562912 1.78147566318512 1.70335417985916 1.8215160369873 1.62766420841217 1.59639519453049 1.7739263176918 1.81089681386948 2.02604556083679 2.2233270406723 1.91681027412415 2.02653449315291 1.89180135726929 2.64464557170868 1.95177146366664 1.97407134941646 1.91692164966038 2.06544469411557 1.98115525795863 1.69559097290039 1.78295068557446 1.84093699088463 1.8252117221172 1.77307740541605 1.74274331331253 1.67466236994817 1.60279220801133 1.50376884753887 1.42208924889565 1.44269549846649 1.56726068258286 1.51613241434097 1.33773002028465 1.85577303171158 2.26898324489594 2.46296846866608 2.95625853538513 3.221071600914 15.0032451083359 -9999 -9999 -9999 -9999 55.4842071533203 49.4621660709381 49.4893996715546 43.4854312684801 -9999 -9999 -9999 -9999 -9999 -9999 -9999 -9999
-9999 -9999 -9999 -9999 -9999 -9999 -9999 -9999 2.57935332879424 2.38859392915453 1.4713034927845 1.61280530691147 1.69483351707458 1.73105853796005 1.86051893234253 2.26706027984619 2.11370480060577 1.9468461733598 1.90545630455017 2.1913431424361 2.00254097810158 2.07213093225773 2.00885022538049 1.79257694116006 1.82570043435464 1.76844289211126 1.7044068299807 1.66904680087016 1.74239115990125 1.75463428864112 2.29130696398871 1.5159862270722 1.51574680896906 1.53049904108047 1.41892951726913 1.476886510849 1.52110129594803 1.55342692136765 1.51622092723846 1.77914553880692 2.16158258914948 2.36531317234039 2.5024808049202 2.77100622653961 5.65116655826569 29.0682649612427 -9999 -9999 -9999 -9999 17.548882484436 47.7840160793728 40.5030371348063 47.7601444846705 26.3158208302089 28.5209986368815 -9999 -9999 -9999 -9999 -9999 -9999
-9999 -9999 -9999 -9999 -9999 -9999 -9999 -9999 -9999 -9999 2.9235092997551 2.45407525982176 2.54588080369509 2.48678637467898 2.01693141460419 2.16033226710099 2.34315988650689 2.52118181265317 2.76884453113262 2.93786804492657 2.91511159218275 2.43470993867287 2.43511442954724 2.01646971702576 1.674104649287 1.74101289510727 1.67024335494408 1.55978276637884 1.56503074902755 1.25942615362314 1.25787885601704 1.31984644669753 1.38988128304482 1.45471501350403 1.49958452582359 1.51918798685074 1.54427701234818 1.51856625080109 1.88884341716766 2.18946522474289 2.39858847856522 2.57388228178024 2.8095577955246 2.8933237195015 11.8923854341785 -9999 -9999 -9999 -9999 -9999 -9999 -9999 9.29854099343463 19.654061794281 35.9005250930786 21.6708828608195 10.8786277770996 -9999 -9999 -9999 -9999 -9999
-9999 -9999 -9999 -9999 -9999 -9999 -9999 -9999 -9999 4.3704868555069 3.0166354562555 3.14326113462448 3.27718466520309 2.90683515369892 2.77684596180916 2.3459020119447 2.43994336861831 3.15116250514984 2.06572877443754 1.78414415854674 1.91531994251104 2.01680801923458 1.58971461653709 1.90424887623106 1.60856828322777 1.6788250207901 1.65201950531739 1.64228484722284 1.13502824306488 1.13429698348045 1.29324076955135 1.28100123772254 1.34667071700096 1.4288355410099 1.45922622084618 1.52037906646729 1.56791478395462 1.52442973852158 2.25015825033188 2.18036466836929 2.11436247825623 2.44945496320724 2.65821969509125 3.49603199958801 17.2972432594855 33.0447750091553 -9999 -9999 -9999 24.5691376485323 16.5309039417066 14.3204540453459 18.4573559761047 31.1983623504639 22.0463576316833 14.9719519615173 17.287561028092 -9999 -9999 -9999 -9999 -9999
-9999 -9999 -9999 -9999 -9999 -9999 -9999 -9999 -9999 -9999 2.63326499717576 3.678749697549 3.50252240896225 3.23055595159531 3.19544792175293 3.2582745552063 3.21106946468353 3.16936719417572 3.10831260681152 2.56323748826981 1.67756581306458 1.70871332287788 1.64598029851913 1.57650035619736 1.67184734344482 1.70635186135769 1.73956068662497 1.6859182715416 1.31821183115244 1.55136672939573 1.34970750717016 1.31187450885773 1.26728099584579 1.32473400235176 1.36502623558044 1.54333573579788 1.74140632152557 1.65445125102997 1.70268005132675 2.08469098806381 2.01318669319153 2.12000244855881 2.26935607194901 2.3066189289093 8.07834184516981 -9999 -9999 -9999 -9999 -9999 15.7504717676263 10.5930891036987 23.7529850006104 21.0301423072815 14.8782749176025 -9999 -9999 -9999 -9999 -9999 -9999 -9999
-9999 -9999 -9999 -9999 -9999 -9999 -9999 -9999 -9999 3.67937564849854 3.24074666500092 3.30079707077571 3.39492679493768 3.33722591400146 3.41896229982376 3.34989452362061 2.76753504574299 2.14984406530857 2.85907208919525 1.48251815885305 1.77123805880547 1.62950733304024 1.59625571966171 1.5163237452507 1.54733330011368 1.50058722496033 1.65407192707062 1.47394761443138 1.46649223566055 1.42826852202415 1.4400187432766 1.39980527758598 1.34439450502396 1.3565174639225 1.43306851387024 1.55053496360779 1.5381885766983 1.73220670223236 2.02461522817612 2.24380946159363 2.39242208003998 2.58098101615906 2.41449594497681 6.33717111707891 3.86466658115387 -9999 -9999 -9999 -9999 -9999 39.2643842697144 28.6712665557861 35.7737073898315 18.3326568603516 -9999 -9999 -9999 -9999 -9999 -9999 -9999 -9999
-9999 -9999 -9999 -9999 -9999 -9999 -9999 -9999 -9999 3.83098167926073 3.82641332490104 3.76468777656555 3.45268204120489 3.2600669998389 3.37182402610779 3.28896889090538 2.96485422551632 2.51197397708893 1.89991568028927 1.75741840898991 1.70981732010841 1.64720776677132 1.6840800344944 1.58455646038055 1.55030393600464 1.52892816066742 1.52199894189835 0.864092230796814 1.16036546230316 1.3461682498455 1.36741948127747 1.23666599392891 1.45512002706528 1.54845303297043 1.62567383050919 1.6457639336586 1.79426622390747 1.97948169708252 2.07040947675705 2.26606643199921 2.45169228315353 2.91799575090408 3.11943447589874 9.2164214074033 3.86466693878174 -9999 -9999 -9999 -9999 12.1949715614319 -9999 -9999 -9999 -9999 -9999 -9999 -9999 -9999 -9999 -9999 -9999 -9999
-9999 -9999 -9999 -9999 -9999 -9999 -9999 -9999 -9999 3.24677549089704 3.51646463360105 3.62882522436289 3.60678126261784 3.54589089751244 3.36707761883736 3.31066828966141 2.96232035756111 2.27049605548382 1.8789839297533 2.00030359625816 1.73157450556755 1.628707498312 1.50589276850224 1.64624951034784 1.60791996866465 1.59213105589151 1.3439936041832 1.2961612790823 1.31739936769009 1.39451551437378 1.49275463819504 1.45865097641945 1.52147018909454 1.58756768703461 1.60315507650375 1.69574028253555 1.61837393045425 1.8658275604248 2.05382251739502 2.32486581802368 2.62012267112732 3.12600088119507 7.3659802586285 -9999 -9999 -9999 -9999 -9999 -9999 -9999 -9999 -9999 -9999 -9999 -9999 -9999 -9999 -9999 -9999 -9999 -9999 -9999
-9999 -9999 -9999 -9999 -9999 -9999 -9999 -9999 -9999 3.49247087882115 3.46278407940498 3.44707511021541 3.50988289943108 3.14960041642189 3.3237698674202 3.22928082942963 2.78082494437695 2.09692187607288 1.82834070920944 1.85398381948471 1.66444762051105 1.55465358495712 1.63122388720512 1.55118130147457 1.34279778599739 1.39210054278374 1.32979725301266 1.21052961051464 1.30804346501827 1.43991900980473 1.47081711888313 1.58398354053497 1.46541970968246 1.54782450199127 1.64057099819183 1.71396517753601 1.86545616388321 1.99659007787704 2.14131599664688 2.33827579021454 2.78898596763611 6.71329019108757 12.2397701007774 -9999 -9999 -9999 -9999 -9999 -9999 -9999 -9999 -9999 -9999 -9999 -9999 -9999 -9999 -9999 -9999 -9999 -9999 -9999
-9999 -9999 -9999 -9999 -9999 -9999 -9999 3.28386068344116 4.08882824579875 3.44171833992004 3.41926742517031 3.60133057374221 3.61809333471151 3.15542861819267 3.17487052083015 2.94553735852242 2.50236158072948 2.05339458584785 1.86989936232567 1.90486833453178 1.8367824703455 1.65025781095028 1.59941481798887 1.56730145961046 1.3259561508894 1.32204110920429 1.34986272454262 1.44869622588158 1.40749275684357 1.15732651948929 1.27136474847794 1.4908139705658 1.4856104850769 1.52126848697662 1.58821499347687 2.03095954656601 2.24107271432877 2.29495793581009 2.26570200920105 2.3459535241127 18.0179522940256 5.69786846637726 3.25656187534332 -9999 -9999 -9999 -9999 -9999 -9999 -9999 -9999 -9999 -9999 -9999 -9999 -9999 -9999 -9999 -9999 -9999 -9999 -9999
-9999 -9999 -9999 -9999 -9999 -9999 4.23843219876289 3.86691672905632 4.62777922153473 3.38860881328583 3.78610843420029 3.75176670918098 3.56275221017691 2.60303735733032 2.31089669466019 2.70956030488014 2.37715248763561 1.95022568106651 1.93269534409046 1.90985576808453 1.50209663808346 1.42559395730495 1.54118260741234 1.60578544437885 1.6728327870369 1.45854449272156 1.36363577842712 1.20708078145981 1.41324225068092 1.40383422374725 1.56697207689285 1.67929798364639 1.82100677490234 1.84242743253708 1.85264629125595 2.03507548570633 2.25529342889786 2.37734091281891 2.47366869449615 -9999 -9999 -9999 -9999 -9999 -9999 -9999 -9999 -9999 -9999 -9999 -9999 -9999 -9999 -9999 -9999 -9999 -9999 -9999 -9999 -9999 -9999 -9999
-9999 -9999 -9999 -9999 3.96327213943005 3.7877790927887 3.8900899887085 3.992152556777 3.07298254966736 2.97570008039474 2.76381826400757 3.72504082092872 3.44923837368305 2.5136122405529 2.28576681017876 2.05562737584114 2.27122712135315 2.04265664517879 1.95655086636543 1.83401237428188 1.73284006118774 0.959247708320618 1.09299221634865 1.10024321079254 1.71232409775257 1.52925592660904 1.51830750703812 1.51376616954803 1.56554996967316 1.55711477994919 1.97409600019455 2.06079518795013 2.128790974617 2.17911297082901 2.36155128479004 2.57565450668335 4.5972695350647 5.47206065502573 -9999 -9999 -9999 -9999 -9999 -9999 -9999 -9999 -9999 -9999 -9999 -9999 -9999 -9999 -9999 -9999 -9999 -9999 -9999 -9999 -9999 -9999 -9999 -9999
-9999 -9999 -9999 -9999 4.07621209517769 3.07669051668861 3.84278427064419 3.99443672597408 3.11257588863373 3.02378261089325 2.89461743831635 3.52913776269326 2.60091260075569 2.37111791968346 2.09834405779839 2.06416609883308 1.90949741005898 1.98564779758453 1.86253435909748 1.74636962264776 1.66235606372356 1.46115633845329 1.48056520521641 1.55561774969101 1.56236028671265 1.53616493940353 1.5359303355217 1.55311506986618 1.66338300704956 1.75450354814529 1.9762305021286 2.0438107252121 2.13439571857452 2.20538467168808 2.61936968564987 3.11484289169312 3.38506186008453 -9999 -9999 -9999 -9999 -9999 -9999 -9999 -9999 -9999 -9999 -9999 -9999 -9999 -9999 -9999 -9999 -9999 -9999 -9999 -9999 -9999 -9999 -9999 -9999 -9999
-9999 50.1932691435574 4.0833961233016 4.01042175292969 3.79939949512482 3.4484585944344 3.88961727619171 3.64137800037861 2.98691618442535 2.86125594377518 2.65856248140335 2.60748821496964 2.87278310954571 2.4364085495472 1.88298225402832 1.9848997592926 1.64962609112263 1.78778910636902 1.71835321933031 1.67357623577118 1.65411829948425 1.60286182165146 1.64168018102646 1.64152944087982 1.57743072509766 1.5367643237114 1.5895904302597 1.71883875131607 1.79395580291748 2.05535405874252 2.13007879257202 2.30454003810883 2.46340942382812 2.55930680036545 3.22265847524007 25.9743356808372 -9999 -9999 -9999 -9999 -9999 -9999 -9999 -9999 -9999 -9999 -9999 -9999 -9999 -9999 -9999 -9999 -9999 -9999 -9999 -9999 -9999 -9999 -9999 -9999 -9999 -9999
5.21233407855034 7.98445361001151 5.43808630534581 3.57502806186676 3.26883065700531 3.30518925189972 3.13317668437958 3.20232689380646 2.95003652572632 3.20528318331792 3.26648976252629 3.03984326582689 2.4134625941515 1.84407484531403 1.78100582957268 1.72565174102783 1.55086389183998 1.56771679222584 1.63009759783745 1.61247146129608 1.72082626819611 1.75997775793076 1.75619852542877 1.66646325588226 1.54507058858871 1.70743042230606 1.76794195175171 1.90010243654251 2.04357826709747 2.41816717386246 2.54411548376083 2.70317924022675 2.80003505945206 -9999 -9999 -9999 -9999 -9999 -9999 -9999 -9999 -9999 -9999 -9999 -9999 -9999 -9999 -9999 -9999 -9999 -9999 -9999 -9999 -9999 -9999 -9999 -9999 -9999 -9999 -9999 -9999 -9999
4.5617583043435 4.9948638847896 3.64440536499023 3.44938731193542 3.21590173244476 3.1632696390152 3.22005665302277 2.99694675207138 2.5491651892662 2.13267678022385 1.847312271595 3.01299669192387 1.78013473749161 1.55111172795296 1.61320316791534 1.59517094492912 1.51860482990742 1.44639372825623 1.5565402507782 1.70631158351898 1.7555302977562 1.75337702035904 1.64516705274582 1.62361872196198 1.70657926797867 1.86327302455902 1.94032198190689 2.15451747179031 2.50780194997787 2.77181178331375 2.72567027807236 2.99565750360489 3.1629331111908 6.12896791329751 8.01515344037848 7.11753485419533 -9999 -9999 -9999 -9999 -9999 -9999 -9999 -9999 -9999 -9999 -9999 -9999 -9999 -9999 -9999 -9999 -9999 -9999 -9999 -9999 -9999 -9999 -9999 -9999 -9999 -9999
4.45177893340588 3.06470847129822 3.25409460067749 3.53110635280609 3.36891674995422 3.19976413249969 2.90576326847076 2.55613803863525 2.27992129325867 2.02719068527222 1.78369796276093 1.17797550559044 1.40853300690651 1.48437188565731 1.37344531714916 1.49873880296946 1.49793228507042 1.5290624499321 1.53358948230743 1.57650142908096 1.72316855192184 1.72709476947784 1.6391669511795 1.60859924554825 1.81878143548965 2.03301966190338 2.24661594629288 2.43742793798447 2.99677580595016 3.1121506690979 3.58014144446399 -9999 -9999 -9999 -9999 -9999 -9999 -9999 -9999 -9999 -9999 -9999 -9999 -9999 -9999 -9999 -9999 -9999 -9999 -9999 -9999 -9999 -9999 -9999 -9999 -9999 -9999 -9999 -9999 -9999 -9999 -9999
3.85844242572784 3.64054048061371 3.5484631061554 3.24600148200989 3.23175895214081 3.1132904291153 3.1769871711731 2.63853818178177 2.55842256546021 1.89087975025177 1.78737741708755 1.00039878487587 1.02947250008583 1.06366646289825 1.08655428886414 1.70841004699469 1.44606971740723 1.41831976175308 1.53758919239044 1.72318875789642 1.81229102611542 1.6299262046814 1.62246304750443 1.90353602170944 2.2142077088356 2.40564447641373 2.63045632839203 2.98500144481659 3.23660480976105 3.64889109134674 3.4951583147049 3.6706702709198 -9999 -9999 -9999 -9999 -9999 -9999 47.152929120989 12.6942715644836 -9999 -9999 -9999 -9999 -9999 -9999 -9999 -9999 -9999 -9999 -9999 -9999 -9999 -9999 -9999 -9999 -9999 -9999 -9999 -9999 -9999 -9999
4.80367690324783 3.76824223995209 3.79333198070526 4.18395388126373 3.66957471370697 4.05672549683115 3.78119591871897 3.26482558250427 2.81230866909027 1.77023702859879 1.5265097618103 1.35560684651136 1.2271306142211 1.24512985348701 1.361880838871 1.55499754101038 1.30773746967316 1.51192206144333 1.69745403528214 1.80845779180527 2.71105851233006 1.88778072595596 1.90885573625565 2.43883341550827 2.633116543293 2.8543553352356 2.96510767936707 2.98873275518417 3.11350965499878 4.01568245887756 4.48971281869568 3.42093944549561 -9999 -9999 -9999 -9999 -9999 -9999 -9999 -9999 -9999 -9999 -9999 -9999 -9999 -9999 -9999 -9999 -9999 -9999 -9999 -9999 -9999 -9999 -9999 -9999 -9999 -9999 -9999 -9999 -9999 -9999
-9999 -9999 -9999 -9999 -9999 4.72459368272261 3.1365727186203 2.97275193035603 2.63891994953156 1.69853331148624 1.35350780934095 1.15109485387802 1.22763995081186 1.27183857560158 1.37046410143375 1.43415373563766 1.55347573757172 1.37521201372147 1.72270131111145 3.01922418177128 3.19756978750229 2.26723945140839 2.48115670681 2.68039494752884 2.88812398910522 3.08439517021179 -9999 -9999 -9999 -9999 -9999 -9999 -9999 -9999 -9999 -9999 -9999 -9999 -9999 -9999 -9999 -9999 -9999 -9999 -9999 -9999 -9999 -9999 -9999 -9999 -9999 -9999 -9999 -9999 -9999 -9999 -9999 -9999 -9999 -9999 -9999 -9999
-9999 -9999 -9999 -9999 -9999 -9999 3.42796016590936 2.56759996712208 1.91049447655678 1.42239371687174 1.29908809065819 1.42528335750103 1.47116708010435 1.37344425916672 1.55881279706955 1.7218222618103 1.87775033712387 2.2353658080101 2.73182399570942 3.63540463149548 3.81167466299874 3.604927277565 3.45458216667175 2.93738301775672 -9999 -9999 -9999 -9999 -9999 -9999 -9999 -9999 -9999 -9999 -9999 -9999 -9999 -9999 -9999 -9999 -9999 -9999 -9999 -9999 -9999 -9999 -9999 -9999 -9999 -9999 -9999 -9999 -9999 -9999 -9999 -9999 -9999 -9999 -9999 -9999 -9999 -9999
