EcologicalScience/Bass/data/rs_data_bass/chl_467.asc
NCOLS 226 
NROWS 124 
XLLCORNER -9.41648524995501 
YLLCORNER 47.587301625531 
CELLSIZE 0.0833 
NODATA_value -9999 
[rows 0 to 26 of 124, columns 62 to 123 of 226]
-9999 -9999 -9999 -9999 -9999 -9999 -9999 -9999 -9999 -9999 -9999 -9999 -9999 -9999 -9999 -9999 -9999 -9999 -9999 -9999 -9999 -9999 -9999 -9999 -9999 -9999 -9999 -9999 -9999 -9999 -9999 -9999 -9999 -9999 -9999 -9999 -9999 -9999 -9999 -9999 -9999 -9999 -9999 -9999 -9999 -9999 -9999 -9999 -9999 -9999 -9999 -9999 -9999 -9999 -9999 -9999 -9999 -9999 -9999 -9999 -9999 -9999
-9999 -9999 -9999 -9999 -9999 -9999 -9999 -9999 -9999 -9999 -9999 -9999 -9999 -9999 -9999 -9999 -9999 -9999 -9999 -9999 -9999 -9999 -9999 -9999 -9999 -9999 -9999 -9999 -9999 -9999 -9999 -9999 -9999 -9999 -9999 -9999 -9999 -9999 -9999 -9999 -9999 -9999 -9999 -9999 -9999 -9999 -9999 -9999 -9999 -9999 -9999 -9999 -9999 -9999 -9999 -9999 -9999 -9999 -9999 -9999 -9999 -9999
-9999 -9999 -9999 -9999 -9999 -9999 -9999 -9999 -9999 -9999 -9999 -9999 -9999 -9999 -9999 -9999 -9999 -9999 -9999 -9999 -9999 -9999 -9999 -9999 -9999 -9999 -9999 -9999 -9999 -9999 -9999 -9999 -9999 -9999 -9999 -9999 -9999 -9999 -9999 -9999 -9999 -9999 -9999 -9999 -9999 -9999 -9999 -9999 -9999 -9999 -9999 -9999 -9999 -9999 -9999 -9999 -9999 -9999 -9999 -9999 -9999 -9999
-9999 -9999 -9999 -9999 -9999 -9999 -9999 -9999 -9999 -9999 -9999 -9999 -9999 -9999 -9999 -9999 -9999 -9999 -9999 -9999 -9999 -9999 -9999 -9999 -9999 -9999 -9999 -9999 -9999 -9999 -9999 -9999 -9999 -9999 -9999 -9999 -9999 -9999 -9999 -9999 -9999 -9999 -9999 -9999 -9999 -9999 -9999 -9999 -9999 -9999 -9999 -9999 -9999 -9999 -9999 -9999 -9999 -9999 -9999 -9999 -9999 -9999
-9999 -9999 -9999 -9999 -9999 -9999 -9999 -9999 -9999 -9999 -9999 -9999 -9999 -9999 -9999 -9999 -9999 -9999 -9999 -9999 -9999 -9999 -9999 -9999 -9999 -9999 -9999 -9999 -9999 -9999 -9999 -9999 -9999 -9999 -9999 -9999 -9999 -9999 -9999 -9999 -9999 -9999 -9999 -9999 -9999 -9999 -9999 -9999 -9999 -9999 -9999 -9999 -9999 -9999 -9999 -9999 -9999 -9999 -9999 -9999 -9999 -9999
-9999 -9999 -9999 -9999 -9999 -9999 -9999 -9999 -9999 -9999 -9999 -9999 -9999 -9999 -9999 -9999 -9999 -9999 -9999 -9999 -9999 -9999 -9999 -9999 -9999 -9999 -9999 -9999 0.63735419511795 1.4995884894237 1.70148682594299 1.20991578698158 1.12316545844078 0.966511487960815 0.806515485048294 0.735083252191544 0.749535754323006 0.788287460803986 0.781800001859665 0.750015735626221 0.717252016067505 0.687522768974304 0.712245002388954 0.71135026216507 0.720416262745857 0.655497014522552 0.559499233961105 0.58558727055788 0.587773874402046 0.634931266307831 0.56597176194191 0.559770002961159 0.543833255767822 0.541129499673843 0.537553489208221 0.536373764276505 0.529348477721214 0.507192760705948 0.475026771426201 0.452074483036995 0.436899751424789 0.431084990501404
-9999 -9999 -9999 -9999 -9999 -9999 -9999 -9999 -9999 -9999 -9999 -9999 -9999 -9999 -9999 -9999 -9999 -9999 -9999 -9999 -9999 -9999 -9999 -9999 -9999 -9999 1.18186515569687 1.0627324283123 3.09880650043488 2.49491107463837 1.55966180562973 1.28329503536224 1.16908872127533 0.951027721166611 0.903048008680344 0.846546739339828 0.777419239282608 0.738065242767334 0.77045550942421 0.742843508720398 0.711003005504608 0.653428494930267 0.6419737637043 0.629436001181602 0.680779457876557 0.620122522115707 0.553632751107216 0.620380863547325 0.598234489560127 0.555944234132767 0.546122252941132 0.549118503928185 0.53965799510479 0.529652997851372 0.5222407579422 0.512407511472702 0.498626992106438 0.464991018176079 0.45124876499176 0.441578239202499 0.428394734859467 0.425100758671761
-9999 -9999 -9999 -9999 -9999 -9999 -9999 -9999 -9999 -9999 -9999 -9999 -9999 -9999 -9999 -9999 -9999 -9999 -9999 -9999 -9999 -9999 -9999 -9999 -9999 -9999 1.18186515569687 5.06559312343597 3.2203334569931 2.16194325685501 1.59891003370285 1.30194899439812 1.23477897047997 0.975878208875656 0.836531281471252 0.79341521859169 0.798327773809433 0.760201513767242 0.784396469593048 0.836221486330032 0.777476996183395 0.71494048833847 0.677968516945839 0.673951506614685 0.656312987208366 0.51435823738575 0.526003494858742 0.514605760574341 0.626825988292694 0.549176260828972 0.525110229849815 0.528080239892006 0.521633997559547 0.512076750397682 0.515225261449814 0.504609748721123 0.485543981194496 0.478596746921539 0.466890022158623 0.4478699862957 0.441755264997482 0.432756006717682
-9999 -9999 -9999 -9999 -9999 -9999 -9999 -9999 -9999 -9999 -9999 -9999 -9999 -9999 -9999 -9999 -9999 -9999 -9999 -9999 -9999 -9999 -9999 -9999 -9999 -9999 2.96324694156647 2.3514096736908 1.9110569357872 1.30473750829697 1.24334621429443 1.1516370177269 1.14072221517563 0.912504762411118 0.851688712835312 0.80299499630928 0.855599999427795 0.806709766387939 0.77862149477005 0.821015238761902 0.879725217819214 0.851853758096695 0.793078511953354 0.74243625998497 0.643418982625008 0.623868763446808 0.523908716936906 0.527094751596451 0.53176648914814 0.59180024266243 0.502414682978078 0.50288325548172 0.508149012923241 0.521693989634514 0.537298500537872 0.513159736990929 0.486453741788864 0.458569496870041 0.452206492424011 0.450802490115166 0.446273982524872 0.43784174323082
-9999 -9999 -9999 -9999 -9999 -9999 -9999 -9999 -9999 -9999 -9999 -9999 -9999 -9999 -9999 -9999 -9999 -9999 -9999 -9999 -9999 -9999 -9999 -9999 -9999 1.19121462106705 1.95699441432953 1.68564820289612 1.37947949767113 1.16608572006226 1.07290121912956 1.11719995737076 0.989300966262817 0.864626973867416 0.905224531888962 0.982394993305206 0.993158966302872 0.883089780807495 0.908038526773453 0.878380537033081 0.861755222082138 0.916032761335373 0.812152504920959 0.726757496595383 0.66866397857666 0.587855234742165 0.553397253155708 0.514794018119574 0.510392468422651 0.540971099585295 0.530783995985985 0.527143478393555 0.53448674082756 0.543047994375229 0.547399520874023 0.522363021969795 0.497947499155998 0.458491489291191 0.444996759295464 0.444903016090393 0.447073504328728 0.443250015377998
-9999 -9999 -9999 -9999 -9999 -9999 -9999 -9999 -9999 -9999 -9999 -9999 -9999 -9999 -9999 -9999 -9999 -9999 -9999 -9999 -9999 -9999 -9999 -9999 -9999 2.34724652767181 1.91195851564407 1.57237279415131 1.40018624067307 1.3219792842865 1.1927669942379 1.08315896987915 1.0147702395916 0.90109196305275 0.906146228313446 1.02975153923035 1.06565549969673 0.929230481386185 0.913666516542435 0.945330709218979 0.953341484069824 0.923145711421967 0.879537016153336 0.75733271241188 0.690449237823486 0.605669260025024 0.601986765861511 0.633610501885414 0.582765852659941 0.60197326540947 0.562045499682426 0.546269237995148 0.540098994970322 0.538327485322952 0.558495730161667 0.559571251273155 0.530997008085251 0.482416480779648 0.467410504817963 0.46833448112011 0.470256730914116 0.44930773973465
-9999 -9999 -9999 -9999 -9999 -9999 -9999 -9999 -9999 -9999 -9999 -9999 -9999 -9999 -9999 -9999 -9999 -9999 -9999 -9999 -9999 -9999 -9999 -9999 1.31647038459778 2.13487958908081 1.88667672872543 1.8315464258194 1.29668927192688 1.17598047852516 1.16736003756523 1.28334000706673 1.1176934838295 1.01779872179031 1.03351047635078 1.06805777549744 0.950150996446609 0.935006260871887 0.900689274072647 0.887248456478119 0.954458981752396 0.976722031831741 0.931634992361069 0.800430715084076 0.717510759830475 0.67093800008297 0.660378769040108 0.682823985815048 0.654332265257835 0.51670412812382 0.564098998904228 0.555347263813019 0.548176512122154 0.544365763664246 0.543365254998207 0.553768515586853 0.553365737199783 0.549302995204926 0.520286232233047 0.494246229529381 0.490699499845505 0.478029012680054
-9999 -9999 -9999 -9999 -9999 -9999 -9999 -9999 -9999 -9999 -9999 -9999 -9999 -9999 -9999 -9999 -9999 -9999 -9999 -9999 -9999 -9999 -9999 1.50594073534012 2.47200518846512 2.14168041944504 2.17261576652527 1.79777097702026 1.46509203314781 1.37102928757668 1.20588299632072 1.13538452982903 1.16842120885849 1.11905175447464 1.05246976017952 1.05267298221588 1.09548300504684 1.05730202794075 0.978701233863831 0.955975502729416 0.934574961662292 0.908564239740372 0.898362010717392 0.858161240816116 0.796212762594223 0.792945742607117 0.715642511844635 0.684355482459068 0.663089990615845 0.623934745788574 0.572549572214484 0.540854260325432 0.530675992369652 0.528534740209579 0.523109257221222 0.520545735955238 0.547248020768166 0.530521497130394 0.531192004680634 0.524489253759384 0.507218241691589 0.482056483626366
-9999 -9999 -9999 -9999 -9999 -9999 -9999 -9999 -9999 -9999 -9999 -9999 -9999 -9999 -9999 -9999 -9999 -9999 -9999 -9999 -9999 -9999 2.63891600072384 3.04598093032837 2.29609197378159 1.72813493013382 1.63728904724121 1.55333018302917 1.41820120811462 1.36109322309494 1.3473202586174 1.24258571863174 1.18792954087257 1.11853122711182 1.06482973694801 1.10488352179527 1.05160197615623 1.04313603043556 0.980880707502365 0.941794484853745 0.891434222459793 0.84292271733284 0.827947497367859 0.761523753404617 0.742437019944191 0.729662239551544 0.673730984330177 0.635290503501892 0.603599265217781 0.602160751819611 0.57765254471451 0.512423247098923 0.537875264883041 0.518100768327713 0.500451743602753 0.497366979718208 0.51087149977684 0.515655755996704 0.52404673397541 0.52486726641655 0.513166487216949 0.500306993722916
-9999 -9999 -9999 -9999 -9999 -9999 -9999 -9999 -9999 -9999 -9999 -9999 -9999 -9999 -9999 -9999 -9999 -9999 -9999 -9999 2.64602583646774 2.21184483282069 2.61546930670738 2.37230408191681 1.95924067497253 1.51544398069382 1.51082843542099 1.4665364921093 1.41680628061295 1.40011122822762 1.34565299749374 1.22092947363853 1.14974623918533 1.11136570572853 1.09234571456909 1.13354095816612 1.04362571239471 0.990108042955399 0.954578250646591 0.906888037919998 0.867123752832413 0.841958284378052 0.801611959934235 0.736943230032921 0.703003495931625 0.673800766468048 0.612807020545006 0.611117228865623 0.592685267329216 0.58304625749588 0.589571267366409 0.570464238524437 0.543810769915581 0.555554240942001 0.524270251393318 0.510446235537529 0.50602425634861 0.518613740801811 0.502100989222527 0.522251263260841 0.528047248721123 0.531339749693871
-9999 -9999 -9999 -9999 -9999 -9999 -9999 -9999 -9999 -9999 -9999 -9999 -9999 -9999 -9999 -9999 -9999 -9999 -9999 -9999 2.38587878416489 1.7387271929871 2.10306376218796 1.73144924640656 1.62018603086472 1.55690252780914 1.45318123698235 1.47785398364067 1.43061599135399 1.39056971669197 1.36807796359062 1.26271122694016 1.20056623220444 1.14477896690369 1.12238028645515 1.09454172849655 1.07643449306488 0.977837294340134 0.910832226276398 0.869873285293579 0.825010478496552 0.802618503570557 0.812215536832809 0.781097263097763 0.725586757063866 0.686586767435074 0.622461006045341 0.591156765818596 0.587022006511688 0.583556234836578 0.587832748889923 0.577658995985985 0.570517480373383 0.553818002343178 0.542055755853653 0.520866751670837 0.503769010305405 0.504707247018814 0.506243258714676 0.5129055082798 0.519221261143684 0.534240022301674
-9999 -9999 -9999 -9999 -9999 -9999 -9999 -9999 -9999 -9999 -9999 -9999 -9999 -9999 -9999 -9999 -9999 -9999 -9999 3.51636892557144 2.52179351449013 1.85803546688773 1.92179775238037 1.72821897268295 1.90636432170868 1.4426137804985 1.34393852949142 1.29152852296829 1.34964671730995 1.36765578389168 1.26617628335953 1.18819203972816 1.08666229248047 1.03125303983688 0.988752007484436 1.01364451646805 1.02359998226166 0.901689022779465 0.836759984493256 0.789536207914352 0.730718985199928 0.747819766402245 0.802357524633408 0.809751033782959 0.784352213144302 0.703778252005577 0.645349502563477 0.608088746666908 0.601515009999275 0.635568737983704 0.642608240246773 0.615173265337944 0.591880515217781 0.577715992927551 0.562284752726555 0.523212745785713 0.517810508608818 0.504571482539177 0.500842496752739 0.504984766244888 0.502994254231453 0.509266510605812
-9999 -9999 -9999 -9999 -9999 -9999 -9999 -9999 -9999 -9999 -9999 -9999 -9999 -9999 -9999 -9999 -9999 13.4738645553589 2.97599486509959 2.18140643835068 2.07877045869827 2.11382478475571 1.90286475419998 1.99177202582359 1.42215746641159 1.01000100374222 1.18738576769829 1.22269946336746 1.24923750758171 1.30084347724915 1.18995603919029 1.16633471846581 1.10038125514984 1.0493977367878 1.02940347790718 0.972633004188538 1.0074457526207 0.859752774238586 0.772716790437698 0.728553771972656 0.704745769500732 0.720734238624573 0.723713234066963 0.745867520570755 0.751937985420227 0.73997475206852 0.660668268799782 0.662799015641212 0.651776254177094 0.688145264983177 0.670657485723495 0.625658243894577 0.601785734295845 0.552074253559113 0.537912771105766 0.523319989442825 0.508926764130592 0.508429482579231 0.505719736218452 0.516009002923965 0.500318259000778 0.499077022075653
-9999 -9999 -9999 -9999 -9999 -9999 -9999 -9999 -9999 -9999 -9999 -9999 -9999 -9999 -9999 -9999 -9999 34.6983659478683 5.96360608935356 3.89952421188354 2.02131146192551 1.84925919771194 1.71818697452545 2.08246645331383 1.16862604022026 1.1428237259388 1.06575000286102 1.02278253436089 0.969572246074677 1.0455330312252 1.08288073539734 1.0489304959774 1.03858199715614 1.05565577745438 1.03764376044273 1.00637698173523 0.971391767263412 0.809089511632919 0.746018260717392 0.69863623380661 0.676527008414268 0.676862239837646 0.689600229263306 0.692924246191978 0.703050747513771 0.739188730716705 0.740239486098289 0.710000261664391 0.709542766213417 0.698053479194641 0.678272992372513 0.668266519904137 0.635732263326645 0.611957252025604 0.577674731612206 0.544298261404037 0.515600234270096 0.524995520710945 0.533277735114098 0.523821741342545 0.525765001773834 0.511343255639076
-9999 -9999 -9999 -9999 -9999 -9999 -9999 -9999 -9999 -9999 -9999 -9999 -9999 -9999 -9999 -9999 -9999 -9999 -9999 3.53573932773189 2.23832479119301 2.03504974767566 1.84846016764641 1.82115939259529 1.19507923722267 1.18452152609825 1.24731972813606 1.31119573116302 0.968728512525558 0.875761538743973 0.928036540746689 0.95506426692009 0.933360010385513 0.96492075920105 0.929772734642029 0.933612763881683 0.906963765621185 0.813806265592575 0.752734512090683 0.703593000769615 0.648195013403893 0.648951753973961 0.653347492218018 0.675568521022797 0.686756238341331 0.736164003610611 0.754889219999313 0.726620256900787 0.740773513913155 0.685173735022545 0.713299512863159 0.720491230487823 0.662243261933327 0.625162482261658 0.589285477995872 0.572310760617256 0.557868763804436 0.559250235557556 0.559443756937981 0.553523987531662 0.533845514059067 0.515148729085922
-9999 -9999 -9999 -9999 -9999 -9999 -9999 -9999 -9999 -9999 -9999 -9999 -9999 -9999 -9999 3.62249691919847 5.31238899447701 6.86542985098703 3.13827896969659 2.65959445238113 1.8610608279705 1.75297093391418 1.70788541436195 1.81368747353554 1.83981934189796 1.86766165494919 1.55491429567337 1.47635096311569 1.22155496478081 0.876632273197174 0.896892786026001 0.877917766571045 0.868231505155563 0.845406711101532 0.840493530035019 0.864143282175064 0.872277706861496 0.879160523414612 0.747107997536659 0.676698759198189 0.647517755627632 0.661473736166954 0.680363237857819 0.692655757069588 0.710822269320488 0.729513734579086 0.74116051197052 0.71161575615406 0.744093015789986 0.73616024851799 0.741910502314568 0.711262509226799 0.672620236873627 0.653658002614975 0.604906484484673 0.591519758105278 0.574365019798279 0.560693264007568 0.552933767437935 0.55825500190258 0.558085486292839 0.538253232836723
-9999 -9999 -9999 -9999 -9999 -9999 -9999 -9999 -9999 -9999 35.2986888885498 35.2986888885498 13.7248649597168 7.10094907409266 3.63094007968903 2.41129231452942 2.36864367127419 2.4241960644722 2.63381972908974 2.15484711527824 2.0675313770771 1.87182006239891 1.85034674406052 1.73637941479683 1.71360710263252 1.57667469978333 1.49278271198273 1.45819053053856 1.09167221188545 0.838484287261963 0.828017234802246 0.826608717441559 0.8188117146492 0.791448712348938 0.818645238876343 0.809514731168747 0.82177796959877 0.830102294683456 0.649599015712738 0.679821744561195 0.671251505613327 0.666345745325089 0.676901265978813 0.694006517529488 0.699981763958931 0.697881013154984 0.679197728633881 0.708123743534088 0.750882714986801 0.679292231798172 0.685569003224373 0.679355263710022 0.675850510597229 0.615701258182526 0.596233516931534 0.600287988781929 0.594021767377853 0.594819009304047 0.585530251264572 0.577889978885651 0.571403995156288 0.534367516636848
-9999 -9999 -9999 -9999 -9999 -9999 -9999 -9999 -9999 -9999 35.2986888885498 8.63114502467215 3.71370740731557 2.69217388828595 2.57032799720764 2.83551156520844 2.51963709890842 3.95117509014466 5.91843466512088 1.76920124731566 2.57291999459267 1.97125428915024 1.81552791595459 1.6372155547142 1.37012100219727 1.69235099852085 1.34829595685005 1.44991797208786 1.29615676403046 1.0407412648201 1.02041101455688 0.946130990982056 0.842248499393463 0.74805673956871 0.734883740544319 0.799878716468811 0.877490647137165 0.705675020813942 0.663441762328148 0.67220476269722 0.687614232301712 0.67637175321579 0.653377488255501 0.640142261981964 0.627179995179176 0.642270013689995 0.642644271254539 0.649001240730286 0.646441519260406 0.662829011678696 0.676408499479294 0.668237239122391 0.615701258182526 0.597491249442101 0.593465253710747 0.600254997611046 0.615618020296097 0.622242003679276 0.563481017947197 0.520840510725975 0.513284996151924 0.511088982224464
-9999 -9999 -9999 -9999 -9999 -9999 -9999 -9999 -9999 -9999 -9999 -9999 -9999 3.15756154060364 2.89304101467133 6.97884149104357 7.64567255973816 -9999 -9999 -9999 -9999 -9999 2.1276308298111 2.17827451229095 2.25094199180603 2.1088530421257 1.99617969989777 1.42008975148201 1.41822221875191 1.22363546490669 1.15656298398972 1.09984570741653 0.938526391983032 0.942602232098579 0.712817251682281 0.69192972779274 0.716377481818199 0.748388260602951 0.690100505948067 0.673316270112991 0.682723492383957 0.667161762714386 0.649678498506546 0.633849754929543 0.619418263435364 0.645431265234947 0.637000501155853 0.636308267712593 0.626860499382019 0.653979733586311 0.628373265266418 0.628694996237755 0.594447746872902 0.630257248878479 0.628101021051407 0.616833731532097 0.621583521366119 0.636518239974976 0.572601020336151 0.596312239766121 0.603782996535301 0.606468737125397
-9999 -9999 -9999 -9999 -9999 -9999 -9999 -9999 -9999 -9999 -9999 -9999 -9999 16.6274771690369 16.6274771690369 16.6274771690369 -9999 -9999 -9999 -9999 -9999 -9999 4.94490551948547 4.94490551948547 4.94490551948547 0.308659605681896 3.93193117209843 2.07344555854797 1.90480577945709 1.84720051288605 1.06306573748589 0.797042995691299 0.867819786071777 0.901136219501495 0.810792714357376 0.843261748552322 0.735837757587433 0.668951243162155 0.678425252437592 0.632140517234802 0.627614244818687 0.641337767243385 0.624787509441376 0.613827735185623 0.610913246870041 0.618567734956741 0.616039484739304 0.615916505455971 0.621972754597664 0.626646012067795 0.628028243780136 0.6107317507267 0.625761017203331 0.638613000512123 0.630981758236885 0.616204485297203 0.596090242266655 0.614407494664192 0.607146754860878 0.613816514611244 0.609864771366119 0.621671229600906
-9999 -9999 -9999 -9999 -9999 -9999 -9999 -9999 -9999 -9999 -9999 -9999 -9999 -9999 -9999 -9999 -9999 -9999 -9999 -9999 -9999 -9999 -9999 -9999 -9999 -9999 4.01814145701272 3.51195967197418 4.44490742683411 1.78416189551353 1.72307619452477 1.50128397345543 1.42450127005577 0.956348240375519 0.931878000497818 1.20786376297474 0.688617736101151 0.659161493182182 0.664091259241104 0.617879256606102 0.611604005098343 0.618029996752739 0.643042489886284 0.699188232421875 0.703334257006645 0.684414759278297 0.655269742012024 0.652480512857437 0.705249756574631 0.636651769280434 0.653422504663467 0.624879732728004 0.597705021500587 0.622409239411354 0.644583731889725 0.608547002077103 0.640333503484726 0.642119228839874 0.646616265177727 0.655957505106926 0.665528252720833 0.658773019909859
-9999 -9999 -9999 -9999 -9999 -9999 -9999 -9999 -9999 -9999 -9999 -9999 -9999 -9999 -9999 -9999 -9999 -9999 -9999 -9999 -9999 -9999 -9999 -9999 -9999 -9999 -9999 20.1815021181107 4.30881943021502 4.18317425251007 3.46246564388275 2.61300384998322 1.85155874490738 1.47774231433868 1.64055597782135 1.44930562376976 1.25691077113152 0.698106005787849 0.680234268307686 0.630635261535645 0.670817255973816 0.721394240856171 0.755428522825241 0.77392503619194 0.756804764270782 0.730307266116142 0.68919526040554 0.628583237528801 0.636937513947487 0.615649491548538 0.597351014614105 0.599079743027687 0.616960510611534 0.629467517137527 0.634620755910873 0.641058012843132 0.645492732524872 0.64997099339962 0.669913485646248 0.667769238352776 0.681617259979248 0.693773254752159
