EcologicalScience/Bass/data/rs_data_bass/chl_174.asc
NCOLS 226 
NROWS 124 
XLLCORNER -9.41648524995501 
YLLCORNER 47.587301625531 
CELLSIZE 0.0833 
NODATA_value -9999 
[rows 0 to 26 of 124, columns 62 to 123 of 226]
-9999 -9999 -9999 -9999 -9999 -9999 -9999 -9999 -9999 -9999 -9999 -9999 -9999 -9999 -9999 -9999 -9999 -9999 -9999 -9999 -9999 -9999 -9999 -9999 -9999 -9999 -9999 -9999 -9999 -9999 -9999 -9999 -9999 -9999 -9999 -9999 -9999 -9999 -9999 -9999 -9999 -9999 -9999 -9999 -9999 -9999 -9999 -9999 -9999 -9999 -9999 -9999 -9999 -9999 -9999 -9999 -9999 -9999 -9999 -9999 -9999 -9999
-9999 -9999 -9999 -9999 -9999 -9999 -9999 -9999 -9999 -9999 -9999 -9999 -9999 -9999 -9999 -9999 -9999 -9999 -9999 -9999 -9999 -9999 -9999 -9999 -9999 -9999 -9999 -9999 -9999 -9999 -9999 -9999 -9999 -9999 -9999 -9999 -9999 -9999 -9999 -9999 -9999 -9999 -9999 -9999 -9999 -9999 -9999 -9999 -9999 -9999 -9999 -9999 -9999 -9999 -9999 -9999 -9999 -9999 -9999 -9999 -9999 -9999
-9999 -9999 -9999 -9999 -9999 -9999 -9999 -9999 -9999 -9999 -9999 -9999 -9999 -9999 -9999 -9999 -9999 -9999 -9999 -9999 -9999 -9999 -9999 -9999 -9999 -9999 -9999 -9999 -9999 -9999 -9999 -9999 -9999 -9999 -9999 -9999 -9999 -9999 -9999 -9999 -9999 -9999 -9999 -9999 -9999 -9999 -9999 -9999 -9999 -9999 -9999 -9999 -9999 -9999 -9999 -9999 -9999 -9999 -9999 -9999 -9999 -9999
-9999 -9999 -9999 -9999 -9999 -9999 -9999 -9999 -9999 -9999 -9999 -9999 -9999 -9999 -9999 -9999 -9999 -9999 -9999 -9999 -9999 -9999 -9999 -9999 -9999 -9999 -9999 -9999 -9999 -9999 -9999 -9999 -9999 -9999 -9999 -9999 -9999 -9999 -9999 -9999 -9999 -9999 -9999 -9999 -9999 -9999 -9999 -9999 -9999 -9999 -9999 -9999 -9999 -9999 -9999 -9999 -9999 -9999 -9999 -9999 -9999 -9999
-9999 -9999 -9999 -9999 -9999 -9999 -9999 -9999 -9999 -9999 -9999 -9999 -9999 -9999 -9999 -9999 -9999 -9999 -9999 -9999 -9999 -9999 -9999 -9999 -9999 -9999 -9999 -9999 -9999 -9999 -9999 -9999 -9999 -9999 -9999 -9999 -9999 -9999 -9999 -9999 -9999 -9999 -9999 -9999 -9999 -9999 -9999 -9999 -9999 -9999 -9999 -9999 -9999 -9999 -9999 -9999 -9999 -9999 -9999 -9999 -9999 -9999
-9999 -9999 -9999 -9999 -9999 -9999 -9999 -9999 -9999 -9999 -9999 -9999 -9999 -9999 -9999 -9999 -9999 -9999 -9999 -9999 -9999 -9999 -9999 -9999 -9999 -9999 -9999 -9999 0.63735419511795 0.864828033821426 1.58383727073669 0.864551961421967 0.738244503736496 0.683927267789841 0.622251749038696 0.580661237239838 0.575545504689217 0.589632734656334 0.666519731283188 0.381772488355637 0.367382995784283 0.406777516007423 0.50365161895752 0.49277999997139 0.466982625424862 0.458820730447769 0.449940763413906 0.483992256224155 0.459872625768185 0.451366893947124 0.444342747330666 0.458488874137402 0.487406238913536 0.514388993382454 0.525696761906147 0.48471562564373 0.479531988501549 0.495699360966682 0.548189252614975 0.54976724088192 0.490123495459557 0.625088632106781
-9999 -9999 -9999 -9999 -9999 -9999 -9999 -9999 -9999 -9999 -9999 -9999 -9999 -9999 -9999 -9999 -9999 -9999 -9999 -9999 -9999 -9999 -9999 -9999 -9999 -9999 1.18186515569687 1.0627324283123 3.67807066440582 2.8058962225914 1.70913076400757 1.24671524763107 0.927776992321014 0.792225033044815 0.711414009332657 0.636786729097366 0.645061478018761 0.687188252806664 0.760883957147598 0.560425512492657 0.349963501095772 0.348954007029533 0.561605997383595 0.542261257767677 0.520780876278877 0.496376261115074 0.490931242704391 0.47782838344574 0.472752012312412 0.478758729994297 0.468676127493382 0.482780992984772 0.502412259578705 0.532044745981693 0.49746036529541 0.517664641141891 0.474157109856606 0.542530484497547 0.514718636870384 0.548083126544952 0.630750395357609 0.571544252336025
-9999 -9999 -9999 -9999 -9999 -9999 -9999 -9999 -9999 -9999 -9999 -9999 -9999 -9999 -9999 -9999 -9999 -9999 -9999 -9999 -9999 -9999 -9999 -9999 -9999 -9999 1.18186515569687 3.74568665027618 3.00046956539154 2.01425474882126 1.3863779604435 1.15150049328804 0.938425540924072 0.819480746984482 0.759634494781494 0.777319461107254 0.705044254660606 0.700565233826637 0.721467018127441 0.710761517286301 0.640713751316071 0.642548248171806 0.633966743946075 0.554877363145351 0.530187763273716 0.513539247214794 0.536838009953499 0.523111492395401 0.5007633715868 0.492138750851154 0.511781640350819 0.532901622354984 0.482022754848003 0.492844507098198 0.513737618923187 0.474505126476288 0.475022614002228 0.491820015013218 0.500059492886066 0.507706113159657 0.515378996729851 0.455545864999294
-9999 -9999 -9999 -9999 -9999 -9999 -9999 -9999 -9999 -9999 -9999 -9999 -9999 -9999 -9999 -9999 -9999 -9999 -9999 -9999 -9999 -9999 -9999 -9999 -9999 -9999 3.16444516181946 2.59622991085052 1.77560466527939 1.40313148498535 1.34445297718048 1.21658849716187 1.10123026371002 0.88296827673912 0.843020975589752 0.805490970611572 0.815581530332565 0.781239777803421 0.743790730834007 0.717203244566917 0.678861737251282 0.674982011318207 0.71782574057579 0.684661477804184 0.681246757507324 0.517603129148483 0.548206508159637 0.568140372633934 0.591964870691299 0.643138892948627 0.614367730915546 0.597460493445396 0.554925374686718 0.517655253410339 0.522985495626926 0.535403251647949 0.545574747025967 0.460891865193844 0.48521326482296 0.430241256952286 0.464396998286247 0.47172899544239
-9999 -9999 -9999 -9999 -9999 -9999 -9999 -9999 -9999 -9999 -9999 -9999 -9999 -9999 -9999 -9999 -9999 -9999 -9999 -9999 -9999 -9999 -9999 -9999 -9999 1.19121462106705 2.95635366439819 2.64584398269653 1.62454050779343 1.46522471308708 1.29831603169441 1.42852422595024 1.37855324149132 1.15821826457977 1.22373747825623 2.39892518520355 1.18736770749092 0.94405871629715 0.818951994180679 0.765834778547287 0.739477515220642 0.731849983334541 0.749995484948158 0.707777246832848 0.741053983569145 0.875656485557556 0.709768876433372 0.661939881742001 0.620137877762318 0.636854991316795 0.65964337438345 0.674014873802662 0.609340891242027 0.551535375416279 0.653189241886139 0.627976879477501 0.541678480803967 0.47469225525856 0.488784000277519 0.546564012765884 0.582226485013962 0.539953485131264
-9999 -9999 -9999 -9999 -9999 -9999 -9999 -9999 -9999 -9999 -9999 -9999 -9999 -9999 -9999 -9999 -9999 -9999 -9999 -9999 -9999 -9999 -9999 -9999 -9999 3.5052809715271 3.29133009910583 2.25463342666626 1.72850096225739 1.76303547620773 1.44313198328018 1.52470797300339 1.49443870782852 1.42879727482796 1.8953093290329 1.08229574561119 1.50239020586014 1.07873922586441 0.936283528804779 0.919865995645523 0.874328970909119 0.795187532901764 0.764206498861313 0.76089745759964 0.757880955934525 0.878488540649414 0.917655766010284 0.634042516350746 0.639715880155563 0.635365135967731 0.687029980123043 0.677133366465569 0.644847370684147 0.618267752230167 0.657576374709606 0.660956248641014 0.571662738919258 0.444067507982254 0.559691995382309 0.43173448741436 0.402051016688347 0.432318761944771
-9999 -9999 -9999 -9999 -9999 -9999 -9999 -9999 -9999 -9999 -9999 -9999 -9999 -9999 -9999 -9999 -9999 -9999 -9999 -9999 -9999 -9999 -9999 -9999 1.31647038459778 1.46069584786892 4.20975601673126 2.73482841253281 1.78962600231171 1.505619764328 1.59769195318222 1.37231102585793 1.48719674348831 1.53156977891922 0.546290248632431 0.361128754913807 0.950394719839096 1.17012825608253 1.14626848697662 1.19245120882988 1.13597327470779 1.00440376996994 0.973034977912903 0.935176491737366 0.899881482124329 1.08039003610611 1.19077876210213 1.14104998111725 0.875975221395493 1.01512572169304 1.09083679318428 0.810099720954895 0.884454756975174 0.844379961490631 0.829486459493637 0.630001500248909 0.53412826359272 0.20821125805378 0.218328751623631 0.226261496543884 0.224804989993572 0.385906487703323
-9999 -9999 -9999 -9999 -9999 -9999 -9999 -9999 -9999 -9999 -9999 -9999 -9999 -9999 -9999 -9999 -9999 -9999 -9999 -9999 -9999 -9999 -9999 1.50594073534012 1.46923425793648 1.2403893917799 3.02356052398682 2.934201836586 1.88305950164795 1.72127777338028 0.839555293321609 0.78193724155426 0.795978784561157 0.528998985886574 0.514313980937004 1.26614624261856 1.78851306438446 1.51761442422867 1.70565301179886 1.93264943361282 1.67272728681564 1.43443429470062 1.16579103469849 1.16912698745728 1.17638853192329 1.11103123426437 0.946622282266617 0.976479738950729 0.982764780521393 0.934658288955688 0.881746530532837 0.802589267492294 0.812480270862579 0.769380748271942 0.680453985929489 0.735885769128799 0.418623760342598 0.307705499231815 0.226356759667397 0.236007750034332 0.293631009757519 0.455106005072594
-9999 -9999 -9999 -9999 -9999 -9999 -9999 -9999 -9999 -9999 -9999 -9999 -9999 -9999 -9999 -9999 -9999 -9999 -9999 -9999 -9999 -9999 2.26777322655139 1.46255698800087 1.23151803016663 0.904238641262054 0.800382010638714 0.733125731348991 0.686118766665459 1.20940053462982 1.59057980775833 0.542501270771027 0.508071765303612 0.635592743754387 0.616211995482445 1.49292370676994 1.23799949884415 3.19575011730194 3.23976767063141 3.27719557285309 2.60580521821976 1.44011771678925 1.051866710186 0.971731513738632 1.03675729036331 0.996492773294449 0.98189851641655 0.950129270553589 1.02707022428513 0.867561757564545 0.814645528793335 0.842542469501495 0.82262322306633 0.74321548640728 0.739752754569054 0.673132494091988 0.522713989019394 0.513495728373528 0.577736243605614 0.277492493391037 0.267294757068157 0.271377749741077
-9999 -9999 -9999 -9999 -9999 -9999 -9999 -9999 -9999 -9999 -9999 -9999 -9999 -9999 -9999 -9999 -9999 -9999 -9999 -9999 2.64602583646774 1.96479939826777 1.8714288175106 1.48512527346611 1.37541604042053 1.13019374012947 1.08624373376369 0.865450501441956 0.750144749879837 0.758988730609417 0.769942112267017 0.786304503679276 0.81113737821579 0.836119115352631 0.995686903595924 0.776777610182762 0.340314008295536 0.670125737786293 0.650549992918968 0.642430119216442 0.662984266877174 2.80965381860733 1.54923981428146 1.01297628879547 0.906465768814087 0.998632460832596 1.05796954035759 1.11451050639153 1.14247423410416 0.976831465959549 0.924859464168549 1.08284774422646 0.993293970823288 0.737747266888618 0.58993873000145 0.536195978522301 0.53083424270153 0.508306503295898 0.567084744572639 0.592545747756958 0.595953762531281 0.393170982599258
-9999 -9999 -9999 -9999 -9999 -9999 -9999 -9999 -9999 -9999 -9999 -9999 -9999 -9999 -9999 -9999 -9999 -9999 -9999 -9999 2.15204939107409 1.86855202913284 1.14019051194191 1.34406074881554 3.27801239490509 3.19050765037537 1.20079877972603 1.06220738589764 1.26744447648525 1.35832612216473 0.614877730607986 0.569136008620262 0.945613861083984 0.84680400788784 1.02297185361385 0.719710148870945 0.708402380347252 0.711570002138615 0.597862131893635 0.60088574141264 0.642651356756687 0.700080737471581 1.2470737695694 1.61524879932404 1.47761625051498 1.34403374791145 1.07198622822762 1.03749525547028 1.03512677550316 1.45244550704956 1.190569460392 1.0444815158844 0.917775750160217 0.764723271131516 0.866153955459595 0.624981746077538 0.585570752620697 0.485770493745804 0.533707514405251 0.57854251563549 0.747714757919312 0.603552728891373
-9999 -9999 -9999 -9999 -9999 -9999 -9999 -9999 -9999 -9999 -9999 -9999 -9999 -9999 -9999 -9999 -9999 -9999 -9999 4.01891965928831 6.62109285593033 3.25365856289864 4.12816786766052 3.91950309276581 3.44672191143036 3.06166577339172 3.74760317802429 1.00942128896713 0.739929020404816 0.607162490487099 0.525338262319565 0.973979607224464 0.701082766056061 0.692823395133018 0.752775013446808 0.760114520788193 0.719145745038986 0.763254761695862 0.605472385883331 0.58346550911665 0.599376752972603 0.645244516432285 1.45766097307205 1.8686535358429 3.30018746852875 5.08588421344757 1.27125146985054 1.25857722759247 1.34139677882195 1.35699900984764 1.34628295898438 1.00562328100204 0.869704484939575 0.827796041965485 0.938455492258072 0.71026200056076 0.460969492793083 0.513111010193825 0.582328498363495 0.64164599776268 0.404306977987289 0.30179625749588
-9999 -9999 -9999 -9999 -9999 -9999 -9999 -9999 -9999 -9999 -9999 -9999 -9999 -9999 -9999 -9999 -9999 -9999 8.83978933095932 10.0702443122864 12.6418704986572 5.48908281326294 10.5545318126678 8.67502641677856 7.27916479110718 9.14215064048767 1.36765386164188 0.822051733732224 0.709052234888077 0.612883508205414 0.567489758133888 0.807445518672466 0.990241505205631 0.820808261632919 0.820053353905678 0.786807373166084 0.742055632174015 0.641816630959511 0.620606258511543 0.631632372736931 0.170301005244255 0.181493997573853 2.61238950490952 1.65687596797943 3.26733005046844 1.23752322793007 1.59018516540527 1.71642601490021 1.98756229877472 1.49553000926971 0.740093261003494 0.86556601524353 0.507368981838226 0.291941240429878 0.415974006056786 0.545914515852928 0.677811741828918 0.558387011289597 0.61939050257206 0.554990261793137 0.35860575735569 0.297570750117302
-9999 -9999 -9999 -9999 -9999 -9999 -9999 -9999 -9999 -9999 -9999 -9999 -9999 -9999 -9999 -9999 -9999 15.1894347295596 5.0580153465271 3.73073950409889 6.08388805389404 3.78002214431763 5.6372401714325 7.24810552597046 1.63375197350979 1.57392820715904 1.7545473575592 0.870979517698288 0.711139485239983 0.657527267932892 0.649291500449181 0.540690019726753 0.515165984630585 0.990378007292747 0.801994867622852 0.824593506753445 0.816553115844727 0.703819870948792 0.679236374795437 0.173536498099566 0.17493225261569 0.17764800041914 0.205150499939919 0.228965252637863 0.572889000177383 3.04260385036469 3.49489653110504 4.2446300983429 5.80298924446106 3.37559187412262 8.76331114768982 2.2328234910965 0.906176269054413 0.76840952038765 0.673280239105225 0.786879032850266 0.656335517764091 0.284885242581367 0.286414504051208 0.308237247169018 0.323217004537582 0.337878003716469
-9999 -9999 -9999 -9999 -9999 -9999 -9999 -9999 -9999 -9999 -9999 -9999 -9999 -9999 -9999 -9999 -9999 -9999 -9999 2.80694448246675 2.15223187208176 2.18243327736855 1.93301586806774 1.27395223081112 1.65989282727242 1.48442360758781 1.30361066758633 0.874410778284073 0.73395149409771 0.68190823495388 0.647524505853653 0.534936770796776 0.472123503684998 0.396741762757301 0.930689245462418 0.996048375964165 1.01957137137651 0.872709363698959 0.148838248103857 0.17068875208497 0.182045996189117 0.189694494009018 0.195953249931335 0.216456010937691 0.225272253155708 0.272967003285885 0.879361510276794 2.98728972673416 4.2007874250412 2.49536776542664 2.48605191707611 1.74956256151199 0.718070983886719 0.815103024244308 0.586749762296677 0.613548740744591 0.349994994699955 0.387169495224953 0.352292239665985 0.296170502901077 0.282806240022182 0.282422259449959
-9999 -9999 -9999 -9999 -9999 -9999 -9999 -9999 -9999 -9999 -9999 -9999 -9999 -9999 -9999 4.8711577705715 8.50150870171989 3.75995698363282 1.91043224930763 1.81826251745224 1.31510245800018 1.85631859302521 3.09637194871902 1.1030445098877 0.855994462966919 1.73898864537477 1.57903835177422 0.861148506402969 0.800642967224121 0.603407979011536 0.583705499768257 0.541486501693726 0.525290250778198 0.405706509947777 1.55234514176846 1.20907833427191 0.849574483931065 1.20981708168983 0.156261004507542 0.172151248902082 0.185251504182816 0.201036751270294 0.217373996973038 0.242980509996414 0.270777739584446 0.296997003257275 0.321132749319077 0.319433256983757 0.539557501673698 0.46807274222374 0.408312767744064 0.3722820058465 0.386949017643929 0.41210849583149 0.489956259727478 0.355384491384029 0.348274491727352 0.334133997559547 0.326901756227016 0.302918247878551 0.300250500440598 0.296413511037827
-9999 -9999 -9999 -9999 -9999 -9999 -9999 -9999 -9999 -9999 35.2986888885498 35.2986888885498 13.7248649597168 1.4718442261219 1.36129572987556 1.51488304138184 2.62769544124603 3.06095892190933 2.30492404103279 1.91136601567268 1.65424674749374 1.62259352207184 1.29035022854805 0.786362260580063 0.766723483800888 0.792659271508455 1.04992577433586 0.889911711215973 0.68954998254776 0.614741250872612 0.569987252354622 0.53150475025177 0.509804248809814 0.48192822933197 0.930698610842228 1.30837237089872 0.713800884783268 0.734513618052006 0.17093849927187 0.246611997485161 0.267330005764961 0.220406256616116 0.245820008218288 0.293577745556831 0.335904009640217 0.330739505589008 0.328602746129036 0.403253987431526 0.452633991837502 0.470407515764236 0.383378997445107 0.386412754654884 0.292897492647171 0.306104242801666 0.290855996310711 0.327114745974541 0.328094244003296 0.328211255371571 0.286959752440453 0.260765992105007 0.289068751037121 0.275364004075527
-9999 -9999 -9999 -9999 -9999 -9999 -9999 -9999 -9999 -9999 35.2986888885498 5.63632611433665 2.96391069889069 2.97623920440674 2.74082100391388 1.60054206848145 3.94784280833076 9.87886292826046 7.32984427443825 2.21705674073275 3.6965765953064 2.45752799510956 4.49304735660553 1.954534471035 1.11694577336311 0.83296425640583 1.17642223834991 0.953258246183395 0.735540747642517 0.680092513561249 0.597838506102562 0.601786494255066 0.537071228027344 0.524078249931335 0.825108379125595 0.837673097848892 0.752991020679474 0.172015495598316 0.191371500492096 0.199999496340752 0.214134760200977 0.241787239909172 0.27760049700737 0.340632744133472 0.372474007308483 0.424984484910965 0.520512744784355 0.314555995166302 0.28660724312067 0.311864241957664 0.312717005610466 0.36429825425148 0.350855246186256 0.300662241876125 0.331905752420425 0.317269496619701 0.310909509658813 0.295481242239475 0.279197998344898 0.258099742233753 0.243191242218018 0.576662495732307
-9999 -9999 -9999 -9999 -9999 -9999 -9999 -9999 -9999 -9999 -9999 -9999 12.5456343761512 4.61853542047388 4.81043041453642 6.34776132003121 -9999 -9999 -9999 -9999 -9999 -9999 3.26653397083282 5.57978403568268 2.14642578363419 1.2350497841835 1.26842173933983 1.13469672203064 0.970638781785965 0.747148498892784 0.570723742246628 0.5402452647686 0.50924925506115 0.484523266553879 0.478175237774849 0.369544498622417 0.319570496678352 0.343282498419285 0.395613759756088 0.317768253386021 0.25212599337101 0.279956996440887 0.338460758328438 0.382170751690865 0.376159518957138 0.39257401227951 0.387784481048584 0.299697004258633 0.315885007381439 0.325462505221367 0.327121496200562 0.309345759451389 0.306329257786274 0.312879748642445 0.313376247882843 0.320534996688366 0.299653507769108 0.278794504702091 0.294014990329742 0.348153010010719 0.349585510790348 0.573173493146896
-9999 -9999 -9999 -9999 -9999 -9999 -9999 -9999 -9999 -9999 -9999 -9999 -9999 16.6274771690369 16.6274771690369 16.6274771690369 -9999 -9999 -9999 -9999 -9999 -9999 4.94490551948547 4.94490551948547 4.94490551948547 0.308659605681896 1.52205674350262 1.34158203005791 1.1209177672863 1.02590471506119 0.741707995533943 0.565595269203186 0.525743991136551 0.456531018018723 0.487280264496803 0.482157737016678 0.408515989780426 0.392630249261856 0.363401256501675 0.377487748861313 0.361416757106781 0.319834493100643 0.370959743857384 0.438298478722572 0.429161265492439 0.432685509324074 0.397978484630585 0.357743248343468 0.357038252055645 0.372834742069244 0.342551238834858 0.328754246234894 0.317898742854595 0.321580499410629 0.322907254099846 0.279526501893997 0.296340756118298 0.309123001992702 0.293036252260208 0.502479761838913 0.51647887006402 0.51019974052906
-9999 -9999 -9999 -9999 -9999 -9999 -9999 -9999 -9999 -9999 -9999 -9999 -9999 -9999 -9999 -9999 -9999 -9999 -9999 -9999 -9999 -9999 -9999 -9999 -9999 -9999 1.80268571376801 1.27096876502037 1.2452737390995 0.868478983640671 0.74516849219799 0.538709253072739 0.514991998672485 0.544630497694016 0.556360512971878 0.416473478078842 0.304508239030838 0.381638243794441 0.382890745997429 0.402969762682915 0.388629734516144 0.374160759150982 0.416593506932259 0.445495516061783 0.455860510468483 0.4373399913311 0.428886741399765 0.422879979014397 0.401370763778687 0.395425513386726 0.396439477801323 0.344696246087551 0.312826506793499 0.306779243052006 0.302631005644798 0.240797996520996 0.285460509359837 0.267093747854233 0.26995725184679 0.498310502618551 0.454880632460117 0.850010633468628
-9999 -9999 -9999 -9999 -9999 -9999 -9999 -9999 -9999 -9999 -9999 -9999 -9999 -9999 -9999 -9999 -9999 -9999 -9999 -9999 -9999 -9999 -9999 -9999 -9999 -9999 -9999 8.33546518002238 3.13114088773727 2.69021442532539 0.738576740026474 0.835166215896606 0.860782474279404 0.724816516041756 0.763146042823792 0.571758762001991 0.488058730959892 0.46238699555397 0.4335847645998 0.422501251101494 0.403583228588104 0.431053519248962 0.438914269208908 0.462857991456985 0.475463256239891 0.460880264639854 0.458687245845795 0.431127771735191 0.397226259112358 0.389166757464409 0.365295007824898 0.357956260442734 0.340426504611969 0.314808011054993 0.306429751217365 0.435300372540951 0.444738373160362 0.471440244466066 0.459298510104418 0.452416487038136 0.447312735021114 0.459627762436867
