EcologicalScience/Bass/data/rs_data_bass/chl_121.asc
NCOLS 226 
NROWS 124 
XLLCORNER -9.41648524995501 
YLLCORNER 47.587301625531 
CELLSIZE 0.0833 
NODATA_value -9999 
[rows 81 to 107 of 124, columns 62 to 123 of 226]
3.85158455371857 5.97498106956482 7.6620512008667 7.66205191612244 -9999 -9999 -9999 -9999 -9999 -9999 -9999 -9999 -9999 -9999 -9999 -9999 -9999 -9999 -9999 -9999 -9999 -9999 -9999 -9999 -9999 -9999 -9999 -9999 -9999 -9999 -9999 -9999 -9999 -9999 -9999 -9999 -9999 -9999 -9999 -9999 -9999 -9999 -9999 -9999 -9999 -9999 -9999 -9999 -9999 -9999 -9999 -9999 -9999 -9999 -9999 -9999 -9999 -9999 -9999 -9999 -9999 -9999
2.87389622614222 -9999 -9999 -9999 -9999 -9999 -9999 -9999 -9999 -9999 -9999 -9999 -9999 -9999 -9999 -9999 -9999 -9999 -9999 -9999 -9999 -9999 -9999 -9999 -9999 -9999 -9999 -9999 -9999 -9999 -9999 -9999 -9999 -9999 -9999 -9999 -9999 -9999 -9999 -9999 -9999 -9999 -9999 -9999 -9999 -9999 -9999 -9999 -9999 -9999 -9999 -9999 -9999 -9999 -9999 -9999 -9999 -9999 -9999 -9999 -9999 -9999
-9999 -9999 -9999 -9999 -9999 -9999 -9999 -9999 -9999 -9999 -9999 -9999 -9999 -9999 -9999 -9999 -9999 -9999 -9999 -9999 -9999 -9999 -9999 -9999 -9999 -9999 -9999 -9999 -9999 -9999 -9999 -9999 -9999 -9999 -9999 -9999 -9999 -9999 -9999 -9999 -9999 -9999 -9999 -9999 -9999 -9999 -9999 -9999 -9999 -9999 -9999 -9999 -9999 -9999 -9999 -9999 -9999 -9999 -9999 -9999 -9999 -9999
-9999 -9999 -9999 -9999 -9999 -9999 -9999 -9999 -9999 -9999 -9999 -9999 -9999 -9999 -9999 -9999 -9999 -9999 -9999 -9999 -9999 -9999 -9999 -9999 -9999 -9999 -9999 -9999 -9999 -9999 -9999 -9999 -9999 -9999 -9999 -9999 -9999 -9999 -9999 -9999 -9999 -9999 -9999 -9999 -9999 -9999 -9999 -9999 -9999 -9999 -9999 -9999 -9999 -9999 -9999 -9999 -9999 3.37833384786333 1.67272634165628 1.59923499822617 2.14779925346375 1.86521172523499
-9999 -9999 -9999 -9999 -9999 -9999 -9999 -9999 -9999 -9999 -9999 -9999 -9999 -9999 -9999 -9999 -9999 -9999 -9999 -9999 -9999 -9999 -9999 -9999 -9999 -9999 -9999 -9999 -9999 -9999 -9999 -9999 -9999 -9999 -9999 -9999 37.1749906539917 -9999 3.25768876075745 3.10029432177544 -9999 -9999 2.22092837946756 3.05503284931183 3.95529979467392 2.76592093706131 2.37853145599365 2.44557821750641 1.23452997207642 1.33277928829193 1.42838171124458 2.08536156018575 -9999 -9999 -9999 2.77010923624039 2.57174748182297 1.88580568134785 1.5274987667799 0.695546999573708 0.789543360471725 0.785318613052368
-9999 -9999 -9999 -9999 -9999 -9999 -9999 -9999 -9999 -9999 -9999 -9999 -9999 3.54521340277137 1.29563927650452 1.47460015118122 1.50696484744549 1.30429747700691 1.12509450316429 -9999 -9999 -9999 -9999 -9999 -9999 -9999 -9999 -9999 1.97920585870743 1.6862690448761 1.87974697351456 2.25609545409679 -9999 3.66949796676636 -9999 -9999 -9999 -9999 2.12597662210464 1.8799162209034 1.84032636880875 1.83456337451935 1.96926525235176 1.79035943746567 1.7423107624054 1.43904787302017 1.44087789952755 1.37458316981792 1.3184677362442 1.36836603283882 1.14083249866962 1.45870690047741 1.48058067262173 1.29138520359993 1.31210397183895 1.85392874479294 1.69716829061508 0.796753495931625 0.556406244635582 0.455653488636017 0.482085004448891 0.464881494641304
-9999 -9999 -9999 -9999 -9999 -9999 -9999 -9999 -9999 -9999 5.37654525583441 2.47244602441788 0.793024986982345 0.775608509778976 0.947914004325867 0.909949243068695 1.01253423094749 1.186274766922 1.46909245848656 1.33380675315857 5.42754751990041 -9999 1.12260392904282 1.4604165405035 1.73726934620312 -9999 -9999 1.9360511643546 1.74578100442886 1.33141574263573 1.16101084649563 1.38438901305199 1.69816347956657 1.51133579015732 -9999 -9999 2.73083301952907 1.78444536030293 1.69551575183868 1.92943051457405 2.06118822097778 2.01443740725517 1.73164464533329 1.33757346868515 1.37180770933628 1.2757833302021 1.21962712705135 1.08433386683464 1.06089600920677 0.736457258462906 0.741831757128239 0.74532562494278 0.714721508324146 0.700791366398335 0.742348864674568 2.34713405370712 1.5083811879158 0.547078505158424 0.513823494315147 0.478760272264481 0.552544489502907 0.512743502855301
-9999 -9999 -9999 -9999 -9999 -9999 -9999 -9999 -9999 1.653484582901 1.53126829862595 1.4049299955368 0.834433495998383 0.791171491146088 0.7405004799366 0.729796767234802 0.755542010068893 0.849728763103485 1.00110778212547 1.09013974666595 1.25663802027702 1.41552496893065 1.88024175167084 1.2662343531847 1.76447403430939 1.85649597644806 1.57371979951859 1.62191998958588 1.6011638045311 1.39351800084114 1.20819635689259 1.36834086477757 1.45047341287136 1.66829627752304 1.855584025383 1.92549186944962 1.85146495699883 1.71745347976685 1.66589404642582 1.69591234624386 1.80336678028107 1.73272839188576 1.40996061265469 1.26634682714939 1.15171909332275 0.859899379312992 0.784060880541801 0.705362990498543 0.674643740057945 0.607129879295826 0.517693139612675 0.347012244164944 0.542208731174469 0.515404880046844 0.516781881451607 0.517573133111 0.520123869180679 0.538041740655899 0.570352479815483 0.569656491279602 0.767522245645523 0.643885508179665
-9999 -9999 -9999 -9999 -9999 -9999 -9999 -9999 -9999 1.64930766820908 1.5867794752121 0.580456495285034 0.585463866591454 0.752265244722366 0.720461249351501 0.742324501276016 0.790940761566162 0.866183966398239 0.904241636395454 0.917789965867996 0.856143772602081 0.87075001001358 1.21337212622166 0.95216703414917 1.38004052639008 1.53372967243195 1.3352167904377 1.49977424740791 1.50096076726913 1.52407282590866 1.54149752855301 1.60030120611191 1.72128599882126 1.93639433383942 2.00480103492737 1.92656475305557 2.02086746692657 1.70227494835854 1.54258726537228 1.57129463553429 1.32918897271156 1.35081262886524 0.73251973092556 0.634142249822617 0.625858515501022 0.651033729314804 0.625695750117302 0.624980986118317 0.558584243059158 0.505314745008945 0.474711008369923 0.609927758574486 0.650000229477882 0.637173011898994 0.704046741127968 0.593862734735012 0.628990888595581 0.740073010325432 0.719364747405052 0.716709740459919 0.720266237854958 0.959696263074875
-9999 -9999 -9999 -9999 -9999 -9999 -9999 -9999 -9999 0.878345757722855 0.762004494667053 0.689217239618301 0.47757750749588 0.599766366183758 0.751581490039825 0.713939487934113 0.661326751112938 0.772178500890732 0.871818721294403 0.927441000938416 1.07676114141941 1.15201462805271 0.951972752809525 0.975991487503052 0.899562746286392 0.91873499751091 1.00346320867538 1.15545451641083 1.17546075582504 1.19228473305702 1.17205873131752 1.27319777011871 1.32278779149055 1.33754396438599 1.3566307425499 1.66435503959656 1.76368725299835 1.75792568922043 1.5555562376976 1.22865226864815 1.1034539937973 0.906753748655319 0.624472483992577 0.597301483154297 0.602091729640961 0.610640242695808 0.621671229600906 0.59246626496315 0.582498729228973 0.661463230848312 0.63628126680851 0.599203482270241 0.618742480874062 0.796680718660355 0.867224246263504 0.775755733251572 1.1265427172184 1.01505526900291 1.00109624862671 1.04733002185822 1.20802947878838 1.05562126636505
1.24419450759888 0.758879251778126 1.15445300936699 1.22611427307129 -9999 -9999 -9999 1.34117337635585 1.12417852878571 0.893817991018295 0.708293735980988 0.674398750066757 0.743123233318329 0.625561483204365 0.654603369534016 0.767960757017136 0.732580751180649 0.680877014994621 0.586278766393661 0.697036519646645 0.830125987529755 0.80247225612402 0.654803261160851 0.646107003092766 0.719900250434875 0.837151497602463 0.961320787668228 1.01706147193909 0.966399729251862 0.946430236101151 0.888355493545532 0.839058727025986 0.830523043870926 0.830116510391235 0.812150985002518 0.84653028845787 0.862716794013977 0.840951025485992 0.777560234069824 0.764810979366302 0.687650263309479 0.623605504631996 0.621128261089325 0.610135495662689 0.614998519420624 0.619062021374702 0.582423761487007 0.60495825111866 0.6433484852314 0.710243985056877 0.748919248580933 0.749343752861023 0.755712032318115 0.968452513217926 1.26872777938843 0.932127378880978 1.23440328240395 1.19646227359772 1.15607696771622 1.06458002328873 1.03014600276947 1.02036228775978
1.30608451366425 0.980200901627541 0.999756395816803 1.12153834104538 1.21088701486588 1.32035587728024 1.10076224803925 0.914633274078369 0.758778274059296 0.671463996171951 0.707998484373093 0.677383989095688 0.83450773358345 0.757621496915817 0.750961504876614 0.764970749616623 1.26851552724838 0.885356247425079 0.662323504686356 0.597198754549026 0.660971269011497 0.601902008056641 0.667895257472992 0.764622777700424 0.9414322078228 0.845557540655136 0.788854479789734 0.76002448797226 0.733654484152794 0.71613147854805 0.750853478908539 0.751882463693619 0.737424731254578 0.730379998683929 0.709620013833046 0.67740672826767 0.656348258256912 0.649900496006012 0.637636497616768 0.629892021417618 0.606786757707596 0.595067247748375 0.634113729000092 0.602459236979485 0.605113506317139 0.667010977864265 0.682596758008003 0.719279989600182 0.753657013177872 0.866942256689072 0.884629458189011 0.887887537479401 0.909600019454956 0.951349496841431 0.829884767532349 0.666375741362572 1.22607529163361 1.20410174131393 1.20553573966026 1.26389998197556 1.29692396521568 1.24805697798729
0.767505705356598 1.4681148827076 1.01768962293863 0.81350851804018 0.853556603193283 0.832605376839638 0.824926525354385 0.868169993162155 0.855459719896317 0.661555498838425 0.658454477787018 0.781615972518921 0.981645256280899 1.11406204104424 1.10762849450111 1.33054348826408 1.3359502851963 0.91490176320076 0.770324975252151 0.723464235663414 0.740819245576859 0.947347462177277 0.771141707897186 0.785031706094742 0.766539752483368 0.744390740990639 0.722267255187035 0.715553238987923 0.75986248254776 0.840860992670059 0.740837261080742 0.705990761518478 0.683088004589081 0.684011980891228 0.670797765254974 0.697296738624573 0.68317723274231 0.722249999642372 0.74073900282383 0.616755768656731 0.610580250620842 0.579994484782219 0.59162101149559 0.580822482705116 0.521384239196777 0.467649757862091 0.716414228081703 0.862826228141785 0.988041758537292 0.926201283931732 0.986916750669479 1.02674925327301 1.0935959815979 1.15666571259499 1.03711053729057 1.11672149598598 1.68065482378006 1.6425164937973 1.82075393199921 1.29134175181389 1.30248373746872 1.10494726896286
0.693663731217384 1.40856975317001 1.44909372925758 1.49092572927475 0.928208291530609 1.08793124556541 1.33261129260063 0.99955353140831 0.935512103140354 1.04876178503036 0.650425493717194 1.25160679221153 1.39434295892715 1.3118272125721 1.13888248801231 1.10073226690292 1.12558722496033 0.945901483297348 0.739436253905296 0.790294468402863 0.808028250932693 0.89612478017807 0.812459260225296 0.794742733240128 0.65717326104641 0.69684000313282 0.6795254945755 0.615958482027054 0.631556242704391 0.813104242086411 0.725339233875275 0.72249448299408 0.692085742950439 0.663814499974251 0.641915246844292 0.623534247279167 0.61293751001358 0.601264491677284 0.631575018167496 0.632404491305351 0.593224480748177 0.598425731062889 0.707095518708229 0.716611504554749 0.768916457891464 0.762126713991165 0.835883975028992 0.985571980476379 1.02846524119377 1.05935248732567 1.06675046682358 1.00655096769333 0.987935274839401 0.853960543870926 1.11422476172447 1.0951027572155 1.84560817480087 1.40874525904655 1.3091025352478 1.23685348033905 1.11333525180817 1.08845177292824
1.7272372841835 1.77407585084438 1.99246162176132 1.68149104714394 1.62771861255169 0.932270228862762 1.20090597867966 1.35440549254417 1.03989601135254 1.07098951935768 1.07768547534943 1.25684103369713 1.33714351058006 1.19618403911591 1.22859227657318 1.19992500543594 0.903708726167679 0.746319741010666 0.690955504775047 0.72053325176239 0.826577246189117 0.704747244715691 0.705743238329887 0.677283748984337 0.673110768198967 0.650962516665459 0.666315749287605 0.876706480979919 0.651271507143974 0.655844271183014 0.642294019460678 0.60198600590229 0.590529754757881 0.604550242424011 0.591010496020317 0.579769492149353 0.580292254686356 0.594228744506836 0.605622008442879 0.696039766073227 0.707038521766663 0.730541244149208 0.752387970685959 0.689203485846519 0.678065255284309 0.827561259269714 1.06782826781273 1.09154400229454 1.12529924511909 1.08177825808525 1.10553225874901 1.07287350296974 1.12035937607288 1.05974927544594 1.04652263224125 1.14756560325623 1.61301000416279 1.91653686761856 2.08177345991135 1.95351447165012 1.65281626582146 1.64507022500038
1.94377085566521 1.88621556758881 1.98832583427429 2.03043454885483 2.13127760589123 2.46228450536728 2.21932125091553 2.40228152275085 1.98701405525208 1.60480266809464 1.36779454350471 1.33362525701523 1.24232625961304 1.09415701031685 1.16090923547745 1.20295876264572 1.00142249464989 0.785674542188644 0.777563273906708 0.773882210254669 0.734309256076813 0.693139493465424 0.634451240301132 0.681075766682625 0.682017758488655 0.788369983434677 0.831160515546799 0.858289539813995 0.766528487205505 0.680552244186401 0.609743982553482 0.607640996575356 0.582027018070221 0.581921249628067 0.592036485671997 0.715354487299919 0.756500244140625 0.816120028495789 0.823327481746674 0.721835240721703 0.73113526403904 0.734351992607117 0.910982251167297 1.01751378178596 1.05683925747871 0.936695963144302 1.14567902684212 1.17384973168373 1.19029802083969 1.14254021644592 1.1314477622509 1.1761132478714 1.13070376217365 1.17563545703888 1.0100160241127 1.31992873549461 2.39838641881943 2.50065569579601 2.42855125665665 2.33129319548607 2.69559395313263 2.55326090455055
0.640509009361267 2.30003768205643 2.59335368871689 2.41467601060867 2.55685204267502 2.20724844932556 1.63071155548096 1.38349503278732 2.51076972484589 2.07229793071747 1.98990905284882 1.81307923793793 1.92564153671265 1.94789546728134 2.17770141363144 1.1117497086525 0.983758538961411 0.802187293767929 0.967815041542053 0.7850182056427 0.706149011850357 0.747161999344826 0.767614513635635 0.763886243104935 0.777102023363113 0.879990041255951 0.973989754915237 1.03402501344681 1.00092825293541 0.662604734301567 0.636598482728004 0.704327255487442 0.757239729166031 0.79306349158287 0.841021478176117 1.09132048487663 1.40891173481941 1.36320751905441 1.33665454387665 1.20170027017593 1.08956623077393 0.938014537096024 1.43966245651245 1.43343222141266 1.45115473866463 1.38284996151924 1.32031425833702 1.23071551322937 1.07501175999641 1.12098303437233 1.08838802576065 1.18896979093552 1.41701889038086 2.74673473834991 2.60579627752304 2.36685901880264 1.96798657239789 -9999 -9999 -9999 -9999 -9999
1.74656707048416 2.69777548313141 2.46726375818253 2.51132994890213 2.3050155043602 1.5763823390007 1.72597718238831 1.93229699134827 2.15966391563416 1.69195121526718 1.61094832420349 1.85681319236755 1.59095996618271 1.47548022866249 1.54241251945496 1.18620747327805 1.14513748884201 1.31805521249771 1.31170275807381 0.751836776733398 0.779285252094269 0.800433039665222 0.828065246343613 0.775342494249344 0.846802532672882 1.03902223706245 1.17771971225739 1.0355100184679 1.13082227110863 0.832073628902435 0.994615495204926 0.92479196190834 1.00295922160149 1.53717818856239 1.84473896026611 1.5767474770546 1.75324648618698 1.67284423112869 1.61245054006577 1.37190449237823 1.15817624330521 1.08328351378441 1.38336977362633 1.39664849638939 1.44344401359558 1.24020454287529 0.929564237594604 1.07776799798012 1.04176050424576 1.53658466041088 1.85315769910812 2.82510942220688 3.17798486351967 8.59872447527372 1.90403784103081 -9999 -9999 -9999 -9999 -9999 -9999 -9999
3.22103333473206 2.77864944934845 2.19112426042557 1.82635277509689 1.84452223777771 1.81402498483658 1.99309051036835 2.01028579473495 1.48288428783417 0.961344033479691 0.805233746767044 0.974276214838028 1.42374595999718 1.04650801420212 1.19246327877045 1.24043923616409 1.32418352365494 1.4546309709549 1.31004229187965 0.817365020513535 0.840269207954407 0.851955771446228 0.718740016222 0.766505241394043 0.82589328289032 0.874868273735046 0.96397277712822 0.941975980997086 1.90221707224846 -9999 -9999 -9999 -9999 -9999 -9999 3.14426672458649 1.85572582483292 1.71999442577362 1.55037903785706 1.48291951417923 1.29955127835274 1.22000554203987 1.20197850465775 1.26493200659752 1.51899379491806 0.620824500918388 1.69822838902473 1.08346277475357 1.83503401279449 2.39098387956619 3.35124117136002 5.4236866235733 4.85667461156845 1.9762424826622 1.97624230384827 -9999 -9999 -9999 -9999 -9999 -9999 -9999
3.88390517234802 2.67070645093918 1.92792749404907 1.61350125074387 1.85972625017166 1.77290332317352 1.3406917154789 1.04427373409271 0.705351769924164 0.813075721263885 0.709495514631271 0.664439991116524 1.0168544948101 1.33174645900726 1.29643946886063 1.3815997838974 1.62975382804871 1.54382246732712 1.11436504125595 0.844875007867813 1.00254526734352 0.838053792715073 0.764885276556015 0.85760772228241 0.91374671459198 0.980802744626999 1.05472201108932 1.04283303022385 2.09596876502037 -9999 -9999 -9999 -9999 -9999 -9999 -9999 1.75987046957016 1.69931477308273 1.60333496332169 2.362120449543 1.55083054304123 1.49947947263718 1.23755997419357 1.7434199899435 2.26020982861519 2.18400299549103 2.88427305221558 3.24096295237541 2.63612696528435 5.84049099683762 7.04343062639236 9.89832070469856 -9999 -9999 -9999 -9999 -9999 -9999 -9999 -9999 -9999 -9999
3.55622684955597 2.80323976278305 2.21050572395325 1.53539782762527 1.47647479176521 1.28881421685219 0.993718475103378 0.605057269334793 0.641255244612694 0.582505479454994 0.568656742572784 0.68657773733139 0.721722766757011 0.879110991954803 1.07779428362846 1.22807621955872 1.31548270583153 1.43501928448677 1.13359799981117 1.06254108235388 -9999 0.673977747559547 0.951940780878067 0.735452994704247 0.761169791221619 0.876008212566376 1.05992326140404 1.2084247469902 1.63199400901794 -9999 -9999 -9999 -9999 -9999 -9999 -9999 2.72098192572594 8.54814738035202 6.61311230063438 4.81908264756203 4.90449231863022 3.48688504099846 3.64917120337486 1.55257576704025 3.20453470945358 5.86370050907135 4.4742631316185 5.5931810438633 8.75407746434212 6.78828835487366 6.11005836725235 6.04805994033813 4.48883814811706 -9999 -9999 -9999 -9999 -9999 -9999 -9999 -9999 -9999
2.92896598577499 2.86034846305847 2.39056348800659 1.80486381053925 1.42787396907806 1.31670901179314 0.744844481348991 0.616954520344734 0.63426299393177 0.515551507472992 0.550495505332947 0.609398245811462 0.672338247299194 0.688639506697655 0.717526495456696 0.844041019678116 1.19489023089409 1.22730973362923 1.03754478693008 0.926516979932785 0.814023792743683 0.750137239694595 0.729021728038788 0.745904982089996 0.796286970376968 0.835559248924255 1.12400695681572 1.16335496306419 1.15286323428154 1.92788775265217 -9999 -9999 -9999 -9999 -9999 -9999 -9999 9.05284023284912 38.1902661479038 5.55869012757352 6.67107403278351 14.4744408130646 26.8030365109444 4.13323768973351 4.64755108952522 4.71639096736908 7.49023425579071 7.5516831278801 6.62804853916168 10.0571726560593 9.09256732463837 4.93297319412232 3.09817464030191 -9999 -9999 -9999 -9999 -9999 -9999 -9999 -9999 -9999
2.50317978858948 2.21810102462769 2.03296583890915 1.55840027332306 1.31923878192902 1.11130347847939 1.0211572945118 0.645255759358406 0.647838771343231 0.596412733197212 0.599724009633064 0.598406240344048 0.55391027033329 0.518997743725777 0.565366521477699 0.612710997462273 0.925811290740967 1.03943476080894 0.97505995631218 0.995202720165253 0.943548023700714 0.76886773109436 0.653514012694359 0.908010005950928 0.915934503078461 1.07895147800446 1.12484174966812 1.48978051543236 1.37301376461983 1.51645575463772 -9999 -9999 -9999 -9999 -9999 -9999 -9999 -9999 -9999 -9999 -9999 -9999 -9999 -9999 -9999 -9999 3.65490746498108 16.3010573387146 20.0743646621704 19.8434658050537 -9999 -9999 -9999 -9999 -9999 -9999 -9999 -9999 -9999 -9999 -9999 -9999
2.09042698144913 1.77207827568054 1.58153092861176 1.27984347939491 1.03333953022957 0.840805470943451 0.522288769483566 0.492493495345116 0.494673728942871 0.521805748343468 0.580870494246483 0.616820231080055 0.61107149720192 0.607212021946907 0.587014496326447 0.546417742967606 0.576111003756523 0.719253748655319 0.67103473842144 0.652749761939049 0.707813233137131 0.669780761003494 0.65208600461483 0.869086861610413 -9999 -9999 -9999 1.11967796087265 1.06196245551109 1.17132970690727 1.40784528851509 -9999 -9999 -9999 -9999 -9999 -9999 -9999 -9999 -9999 -9999 -9999 -9999 -9999 -9999 -9999 -9999 -9999 -9999 -9999 -9999 -9999 -9999 -9999 -9999 -9999 -9999 -9999 -9999 -9999 -9999 -9999
1.22338575124741 1.33755075931549 1.14218777418137 1.13527429103851 0.814712226390839 0.613409981131554 0.547576501965523 0.47316974401474 0.492335245013237 0.522901520133018 0.586419761180878 0.62295900285244 0.642473235726357 0.687867745757103 0.622031271457672 0.610730230808258 0.593013748526573 0.599555253982544 0.602979004383087 0.600914999842644 0.626793757081032 0.627895519137383 0.666804000735283 0.787963539361954 1.10963773727417 1.13900774717331 1.06761145591736 1.12034547328949 1.19238299131393 1.2065144777298 1.59826129674911 2.55594702497605 -9999 -9999 -9999 -9999 -9999 -9999 -9999 -9999 -9999 -9999 -9999 -9999 -9999 -9999 -9999 -9999 -9999 -9999 -9999 -9999 -9999 -9999 -9999 -9999 -9999 -9999 -9999 -9999 -9999 -9999
0.723788246512413 1.04893201589584 0.978547543287277 0.683223769068718 0.635867267847061 0.579308241605759 0.565170004963875 0.526050746440887 0.551934733986855 0.582560241222382 0.609904512763023 0.688840493559837 0.700232237577438 0.706644013524055 0.841814965009689 0.761698544025421 0.756235510110855 0.69055500626564 0.613296747207642 0.575737506151199 0.617571741342545 0.745285481214523 0.780106544494629 0.898612529039383 0.973127245903015 0.995789229869843 1.01845729351044 1.04037898778915 1.19686648249626 1.30379095673561 1.54513120651245 3.63293199879783 -9999 -9999 -9999 -9999 -9999 -9999 -9999 -9999 -9999 -9999 -9999 -9999 -9999 -9999 -9999 -9999 -9999 -9999 -9999 -9999 -9999 -9999 -9999 -9999 -9999 -9999 -9999 -9999 -9999 -9999
0.548062518239021 0.792391508817673 0.704271733760834 0.488066241145134 0.524722516536713 0.475469246506691 0.461380496621132 0.540542230010033 0.633438751101494 0.667097255587578 0.695795997977257 0.981319516897202 0.994921535253525 1.074427485466 1.04453399777412 0.969137281179428 0.717358499765396 0.747010499238968 0.586064994335175 0.549489006400108 0.569268018007278 0.663869261741638 0.835337251424789 0.971763789653778 1.27135276794434 1.30006277561188 1.07611504197121 1.4145892560482 2.71781927347183 1.46656948328018 1.68400132656097 -9999 -9999 -9999 -9999 -9999 -9999 -9999 -9999 -9999 -9999 -9999 -9999 -9999 -9999 -9999 -9999 -9999 -9999 -9999 -9999 -9999 -9999 -9999 -9999 -9999 -9999 -9999 -9999 -9999 -9999 -9999
