EcologicalScience/Bass/data/rs_data_bass/chl_208.asc
NCOLS 226 
NROWS 124 
XLLCORNER -9.41648524995501 
YLLCORNER 47.587301625531 
CELLSIZE 0.0833 
NODATA_value -9999 
[rows 54 to 80 of 124, columns 122 to 182 of 226]
6.72346758842468 5.93519711494446 5.39031064510345 4.8042254447937 4.10510337352753 3.69921684265137 2.71807944774628 1.48094174265862 1.30056524276733 1.24237874150276 1.23227101564407 1.3094017803669 1.29819747805595 1.26497849822044 1.07926726341248 0.997371017932892 0.842765986919403 1.01628148555756 0.798606365919113 0.916791021823883 0.910372495651245 0.921836256980896 0.908246219158173 0.888358533382416 1.26361870765686 1.64619970321655 1.73403829336166 1.85758352279663 2.11461746692657 2.05043399333954 1.42882879078388 1.65867076814175 1.79312619566917 1.78087985515594 1.8026947081089 1.62223729491234 1.39650674164295 1.16873252391815 1.08677065372467 1.0909698754549 1.01058599352837 0.974689498543739 0.962235018610954 0.980569124221802 1.0168087631464 1.53188292682171 2.47074049711227 2.50619924068451 2.63208168745041 3.28267121315002 4.87155759334564 3.46806108951569 7.09073030948639 4.93188750743866 8.14626631736756 10.7284326553345 8.94012308120728 9.83822536468506 15.4586691856384 12.3477501869202 15.3658418655396
8.00891947746277 8.162193775177 7.30177187919617 6.16444945335388 5.32670402526855 5.08393728733063 4.49951612949371 3.38323652744293 2.49783146381378 2.21167945861816 1.49414026737213 1.18102052807808 1.29185476899147 1.16698721051216 1.26710852980614 0.929043710231781 1.03631472587585 0.925531536340714 0.788066983222961 0.801701635122299 0.781031236052513 0.785520002245903 0.835198894143105 1.6915454864502 1.95080029964447 2.25864744186401 2.46418046951294 2.41405427455902 2.41210126876831 2.19603449106216 2.45187216997147 1.85272318124771 1.91620910167694 1.94117322564125 1.64164200425148 1.38788214325905 1.29186791181564 1.27924579381943 1.23211951553822 1.02753040194511 1.04345847666264 1.0241591334343 0.968751758337021 0.950020104646683 0.98456959426403 1.88062579929829 3.53503024578094 3.55520939826965 5.25166416168213 6.00433444976807 6.74736452102661 6.0289671421051 7.354865026474 7.43651161193848 7.82224488258362 8.95441246032715 15.4852380752563 12.8463034629822 10.5720698833466 -9999 -9999
8.25711393356323 7.27345776557922 6.67330956459045 6.64849662780762 5.81280362606049 4.64463686943054 4.6323755979538 3.69458484649658 3.55803680419922 1.87117052078247 1.38627675175667 1.26933377981186 1.25933021306992 1.13648477196693 1.14919728040695 1.21834874153137 1.06390652060509 0.854849964380264 0.945557981729507 0.868943989276886 0.769550263881683 0.757376968860626 1.21680521965027 1.3809090256691 1.99857151508331 2.49833929538727 2.58359545469284 2.6068822145462 2.40211576223373 2.14526098966599 2.19922041893005 1.84592288732529 1.89399933815002 1.94624139368534 1.49848231673241 1.29298643767834 1.24590414762497 1.17993298172951 1.11862801015377 0.866350874304771 0.948530226945877 0.937959775328636 0.898251011967659 0.956035137176514 1.56476283073425 2.68426506221294 5.07039415836334 6.45230650901794 19.4675080776215 3.95169878598326 8.81739406585693 10.5991380214691 11.6874732971191 12.2778716087341 8.93181681632996 10.6089282989502 -9999 -9999 -9999 -9999 -9999
9.4399631023407 5.66782128810883 5.88140773773193 5.30488514900208 5.13925588130951 5.16861462593079 3.48453605175018 2.89278155565262 2.20456355810165 1.94461941719055 1.6772392988205 1.32534670829773 1.07987925410271 1.31991899013519 1.17754197120667 1.20311996340752 0.978214502334595 0.975378781557083 0.911198973655701 0.8865787088871 0.855701208114624 0.865553230047226 1.14564299583435 1.36809146404266 1.94902807474136 2.39675617218018 2.35796695947647 2.22564142942429 2.06318324804306 1.74687749147415 1.83350247144699 1.94733935594559 1.71142315864563 1.51750387251377 1.25970670580864 0.964127272367477 0.967587769031525 0.955627128481865 0.821147225797176 0.754947736859322 0.818562738597393 0.829402506351471 0.847166240215302 1.32081037759781 2.5760902762413 5.02685362100601 10.9838454723358 12.6837290525436 7.98641665776571 6.69836187472037 11.1730487346649 10.8565474748611 15.7301473617554 13.2619936466217 14.8644112178258 -9999 -9999 -9999 -9999 -9999 -9999
7.23640894889832 7.08390998840332 6.15960073471069 4.96271467208862 5.59868931770325 6.20305466651917 6.92662668228149 6.47571587562561 2.58682125806808 1.87555807828903 1.42044228315353 1.18657949566841 1.11377996206284 0.919086009263992 0.917544007301331 1.0010099709034 1.12801721692085 0.989112764596939 1.04560124874115 0.984154522418976 1.15283471345901 1.33086749911308 1.4884312748909 1.75863003730774 1.89910125732422 1.92502570152283 1.80533319711685 1.57740676403046 1.44398778676987 1.46928754448891 1.32155773043633 0.919041752815247 0.89564922451973 1.17035628855228 0.895840466022491 0.941085040569305 0.941811740398407 0.86083048582077 0.800984993577003 0.740874387323856 0.743725508451462 0.764879621565342 0.88493737578392 2.32861983776093 5.2331480383873 8.42181944847107 17.5368522405624 12.6938644250234 10.4499512556437 13.1763210296631 11.9347769021988 12.4819514751434 20.6095275878906 14.4669899940491 27.2085201556866 -9999 -9999 -9999 -9999 -9999 -9999
8.07212482128188 -9999 -9999 5.86440979242325 6.52272884845734 5.64934194087982 5.58744442462921 5.78064608573914 6.36515665054321 3.15915155410767 2.57414853572845 1.79871904850006 1.33133402466774 0.877919286489487 0.909231036901474 0.948263257741928 0.918823510408401 0.92535674571991 1.36185523867607 1.51439166069031 1.63700705766678 1.64566648006439 1.71623629331589 1.77723079919815 1.71031272411346 1.52079677581787 1.51736551523209 1.45351275801659 1.37273249030113 1.23262050747871 1.11017552018166 1.01489621400833 0.922820270061493 0.853567510843277 0.859452724456787 1.03997701406479 1.0789350271225 0.928998023271561 0.644635118544102 0.643020741641521 0.725957281887531 0.84204675257206 1.71193724870682 4.01264521479607 7.71775531768799 12.3241109848022 17.589239358902 -9999 12.2743053436279 9.87440264225006 12.4687206745148 9.95982599258423 26.5614757537842 50.1517772674561 65.4165331976754 74.0259643015654 -9999 -9999 -9999 -9999 -9999
-9999 -9999 -9999 -9999 -9999 -9999 -9999 2.28387522697449 7.85834169387817 6.2369749546051 3.0262838602066 2.13922941684723 2.3835284113884 1.1871719956398 0.924341976642609 0.899239540100098 0.887610733509064 1.11790278553963 1.44887548685074 1.77667433023453 1.77539241313934 1.73114544153214 1.71899181604385 1.45552271604538 1.27964928746223 1.20915073156357 1.25770425796509 1.32135075330734 1.25379225611687 1.10076972842216 0.972684770822525 0.945734292268753 1.05493050813675 0.975935965776443 0.962606281042099 1.01492553949356 0.984550505876541 0.72258223593235 0.702036738395691 0.689445734024048 0.960052147507668 1.04909098148346 3.74476987123489 9.62541997432709 14.9978195428848 22.0131096839905 27.0383906364441 22.3729286691518 -9999 -9999 -9999 -9999 64.0300998687744 49.91748046875 55.2403907775879 24.975216293335 -9999 -9999 -9999 -9999 -9999
-9999 -9999 -9999 -9999 -9999 -9999 -9999 -9999 -9999 -9999 5.4617668390274 3.8595757484436 2.21369844675064 1.48877102136612 1.08449175953865 1.13565748929977 1.09442701935768 1.51480203866959 1.56736725568771 1.63339948654175 1.63177871704102 1.65881556272507 1.46331828832626 1.14694279432297 1.02273452281952 1.06637924909592 1.13541153073311 1.14529949426651 1.09560897946358 0.955374777317047 0.930084764957428 0.926582962274551 0.991709232330322 0.975855767726898 0.890276223421097 0.85029074549675 0.784763216972351 0.731856733560562 0.696357741951942 0.724699482321739 0.755196779966354 1.31876626610756 2.9129444360733 4.80724275112152 7.14774298667908 8.59754705429077 5.84387319029113 29.0682649612427 -9999 -9999 -9999 -9999 17.548882484436 53.0092812353565 49.1567974090576 62.667594909668 49.8248413630894 51.2209307466234 -9999 -9999 -9999
-9999 -9999 -9999 -9999 -9999 -9999 -9999 -9999 -9999 -9999 -9999 -9999 2.7498659491539 1.63688850402832 1.42675870656967 1.21999803185463 1.2082327902317 2.13983702659607 1.98844796419144 1.72001999616623 1.48779451847076 1.45720052719116 1.17093524336815 1.05510154366493 0.985952228307724 0.985899746417999 0.961752712726593 0.825372040271759 0.838879466056824 0.779159277677536 0.780383259057999 0.778212010860443 0.866145730018616 0.835655272006989 0.758737474679947 0.836105972528458 0.80170726776123 0.701962485909462 0.652259230613708 0.706541240215302 0.911345958709717 2.19550341367722 3.109503865242 6.33171343803406 8.44587278366089 11.6388187408447 14.4220272806084 -9999 -9999 -9999 -9999 -9999 -9999 -9999 10.0674902353345 64.541862487793 23.5110039060766 24.7765193939209 10.8786277770996 -9999 -9999
-9999 -9999 -9999 -9999 -9999 -9999 -9999 -9999 -9999 -9999 -9999 4.3704868555069 3.4686838388443 2.33617651462555 1.40521502494812 1.30033877491951 1.44469276070595 2.29540354013443 2.29370248317719 1.95236241817474 1.61046820878983 1.2002235352993 1.07134947180748 1.02784949541092 1.0024162530899 0.935600280761719 0.797345280647278 0.698901012539864 0.721580252051353 0.778670221567154 0.779278457164764 0.642812982201576 0.697157263755798 0.859850227832794 0.818973004817963 0.861823529005051 0.882256507873535 0.896214723587036 1.0840320289135 1.33654126524925 2.26028251647949 3.4913467168808 5.44390654563904 8.47891116142273 11.0013492107391 13.7480092048645 25.5480912142587 33.0447750091553 -9999 -9999 -9999 15.8680815696716 15.4230680465698 15.5228247642517 18.0829296112061 15.0356111526489 22.6254021326701 39.756368637085 13.8049538327802 -9999 -9999
-9999 -9999 -9999 -9999 -9999 -9999 -9999 -9999 -9999 -9999 -9999 -9999 3.22484707832336 2.15535306930542 1.66202920675278 1.61940443515778 2.42265450954437 2.28449177742004 2.10433799028397 1.86460572481155 1.5415860414505 1.14194396138191 1.08561596274376 1.02428403496742 0.934564501047134 0.838532209396362 0.714539989829063 0.650941506028175 0.605955004692078 0.577610984444618 0.607388243079185 0.586575016379356 0.731761515140533 1.04524120688438 0.887266516685486 1.03729650378227 1.1818882226944 0.956670016050339 1.10508674383163 1.29650849103928 1.73829978704453 2.85413467884064 4.63428747653961 8.42223286628723 15.0316014289856 16.3288621902466 9.06102976694848 -9999 -9999 -9999 -9999 -9999 14.736385345459 14.3673148155212 14.7849626541138 14.9199357032776 15.0873041152954 -9999 -9999 -9999 -9999
-9999 -9999 -9999 -9999 -9999 -9999 -9999 -9999 -9999 -9999 -9999 3.67937564849854 2.17135208845139 1.96924048662186 2.04621076583862 2.14923602342606 2.34045892953873 2.21576768159866 1.72253555059433 1.61189693212509 1.48508548736572 1.26000300049782 1.16384321451187 1.01375404000282 0.895935773849487 0.7199347615242 0.660365268588066 0.63611926138401 0.652066513895988 0.605405241250992 0.595753490924835 0.610495492815971 0.854400783777237 0.972661525011063 0.816324770450592 1.41173252463341 1.63379108905792 1.87661629915237 2.34512776136398 3.88694322109222 4.67628443241119 5.38342344760895 5.28768146038055 10.3029184341431 17.4751582145691 6.12450448286186 3.86466658115387 -9999 -9999 -9999 -9999 -9999 33.2926241096697 13.4917831420898 15.3176035881042 -9999 -9999 -9999 -9999 -9999 -9999
-9999 -9999 -9999 -9999 -9999 -9999 -9999 -9999 -9999 -9999 -9999 2.83937394618988 2.57427603006363 2.62589854001999 2.93059802055359 2.8230539560318 2.69106441736221 2.37777900695801 1.73107427358627 1.52084916830063 1.27094998955727 1.12031400203705 1.02142801880836 0.948726743459702 0.882982492446899 0.629214763641357 0.622807502746582 0.705443993210793 0.779240995645523 0.720475494861603 0.704466730356216 0.746454745531082 0.813516765832901 0.830735206604004 0.824469029903412 1.49151223897934 2.32397550344467 3.5031555891037 4.83437383174896 6.40299010276794 6.82617831230164 6.49472808837891 7.20402932167053 16.0821504592896 20.8369202613831 11.3203363412792 3.86466693878174 -9999 -9999 -9999 -9999 12.1949715614319 -9999 -9999 -9999 -9999 -9999 -9999 -9999 -9999 -9999
-9999 -9999 -9999 -9999 -9999 -9999 -9999 -9999 -9999 -9999 -9999 3.13686990737915 3.31853091716766 3.47281658649445 3.39617264270782 3.10068082809448 2.40472269058228 2.24139904975891 1.57052403688431 1.36863970756531 1.10972321033478 0.983465999364853 0.970228493213654 0.91467672586441 0.847840458154678 0.671677485108376 0.747455254197121 0.755709707736969 0.724648520350456 0.646512016654015 0.689651235938072 0.755874752998352 0.777304530143738 0.758520036935806 0.857909291982651 1.1097157895565 1.93120801448822 3.6456059217453 7.53715324401855 8.22286677360535 8.74110746383667 8.92821764945984 13.2892913818359 17.4336619377136 4.28279392185496 -9999 -9999 -9999 -9999 -9999 -9999 -9999 -9999 -9999 -9999 -9999 -9999 -9999 -9999 -9999 -9999
-9999 -9999 -9999 -9999 -9999 -9999 -9999 -9999 -9999 -9999 -9999 4.11122095584869 3.94127011299133 3.32982158660889 3.07190787792206 2.35960650444031 1.92023992538452 1.59110176563263 1.30213952064514 1.13760226964951 0.969894021749496 0.87157729268074 0.822655498981476 0.733142271637917 0.669276013970375 0.727118253707886 0.768545240163803 0.73276948928833 0.722296491265297 0.646562978625298 0.676307246088982 0.727452769875526 0.776839524507523 0.962336272001266 1.25327628850937 2.58305543661118 2.80966883897781 2.61776858568192 3.45999133586884 4.67616140842438 5.45879852771759 6.87051916122437 17.2609262466431 5.63789011131633 7.5328151059438 -9999 -9999 -9999 -9999 -9999 -9999 -9999 -9999 -9999 -9999 -9999 -9999 -9999 -9999 -9999 -9999
-9999 -9999 -9999 -9999 -9999 -9999 -9999 -9999 -9999 3.28386068344116 4.18145835399628 3.73084509372711 3.03000748157501 2.63989198207855 2.7314954996109 2.2674817442894 1.77890253067017 1.59071552753448 1.37928450107574 1.01429477334023 0.904063493013382 0.814325988292694 0.763250291347504 0.786030739545822 0.865114510059357 0.880145251750946 0.893608510494232 0.813550472259521 0.747034505009651 0.721348509192467 0.797960221767426 0.902928024530411 1.0546875 1.39747872948647 1.62367647886276 2.76761323213577 3.17939400672913 3.20071041584015 3.55494689941406 4.81451082229614 6.20825529098511 7.47548031806946 11.5639643755931 5.69786846637726 3.25656187534332 -9999 -9999 -9999 -9999 -9999 -9999 -9999 -9999 -9999 -9999 -9999 -9999 -9999 -9999 -9999 -9999
-9999 -9999 -9999 -9999 -9999 -9999 -9999 -9999 5.0373637676239 4.48683071136475 4.57198333740234 3.67780959606171 3.44482362270355 3.2720707654953 2.99221283197403 2.9620469212532 2.06459695100784 1.57462424039841 1.1958232820034 0.995033293962479 0.920794486999512 0.906274527311325 0.917553037405014 0.903945028781891 0.920876294374466 0.937501519918442 0.909308284521103 0.819421470165253 0.77026954293251 0.787925988435745 0.814514994621277 0.835543513298035 0.978608965873718 1.09588578343391 1.22288703918457 1.77642077207565 2.7251610159874 4.6315598487854 4.90193331241608 6.06894993782043 7.14416098594666 -9999 -9999 -9999 -9999 -9999 -9999 -9999 -9999 -9999 -9999 -9999 -9999 -9999 -9999 -9999 -9999 -9999 -9999 -9999 -9999
-9999 -9999 -9999 -9999 -9999 -9999 4.89295293217056 5.30087864398956 5.68736028671265 5.03443336486816 4.41695988178253 3.70551288127899 3.4713546037674 3.45813739299774 3.15733802318573 2.58157199621201 2.00934594869614 1.32207754254341 1.15242978930473 0.944495290517807 0.92224046587944 0.900473266839981 0.920118033885956 0.917930960655212 0.903069019317627 0.887834966182709 0.864131212234497 0.874136209487915 0.954052537679672 1.00360947847366 1.15727850794792 1.55448442697525 2.05608594417572 2.45021241903305 3.13111639022827 4.43789541721344 4.88594341278076 5.3491462469101 4.67452347278595 16.9811486656016 -9999 -9999 -9999 -9999 -9999 -9999 -9999 -9999 -9999 -9999 -9999 -9999 -9999 -9999 -9999 -9999 -9999 -9999 -9999 -9999 -9999
-9999 -9999 -9999 -9999 -9999 -9999 5.66805322964986 4.61358904838562 3.9592080116272 3.69646883010864 3.35492169857025 3.11267244815826 2.80469173192978 2.22256582975388 1.99074751138687 1.86365783214569 1.47649875283241 1.18976551294327 1.11789375543594 0.997398018836975 0.897932231426239 0.865290731191635 0.904484242200851 0.893349766731262 0.841751217842102 0.808142960071564 0.835432469844818 1.09308296442032 1.47365552186966 1.77824181318283 2.4896759390831 3.73764824867249 4.40570390224457 5.22318434715271 6.09757089614868 6.33123350143433 6.51592969894409 8.14994430541992 5.84187912940979 -9999 -9999 -9999 -9999 -9999 -9999 -9999 -9999 -9999 -9999 -9999 -9999 -9999 -9999 -9999 -9999 -9999 -9999 -9999 -9999 -9999 -9999
-9999 -9999 -9999 25.4419985616673 42.0662784952866 14.4053440839052 3.93720835447311 3.59020882844925 3.89398276805878 3.89212810993195 3.26108086109161 2.59415996074677 2.173359811306 1.80879145860672 1.70921552181244 1.29810002446175 1.09621050953865 1.07888102531433 1.05308103561401 1.04749649763107 0.989899456501007 0.999698996543884 1.08520200848579 1.14833700656891 1.25199151039124 1.23596173524857 1.40966472029686 2.2973250746727 2.92334318161011 3.85041296482086 5.11018216609955 8.22883486747742 8.98728132247925 8.23559904098511 8.4920117855072 5.51295590400696 5.18137407302856 14.8521642610431 -9999 -9999 -9999 -9999 -9999 -9999 -9999 -9999 -9999 -9999 -9999 -9999 -9999 -9999 -9999 -9999 -9999 -9999 -9999 -9999 -9999 -9999 -9999
-9999 -9999 28.4264385700226 4.24439835548401 4.95454609394073 5.2787264585495 3.78893780708313 3.41606032848358 3.81736493110657 3.7270485162735 3.45359480381012 2.83439254760742 2.15747094154358 1.7097299695015 1.38576301932335 1.13770571351051 1.16272428631783 1.05949804186821 1.03081727027893 1.02984076738358 1.01073145866394 1.07883220911026 1.2579525411129 1.75801277160645 2.11069357395172 2.21439224481583 2.73743176460266 3.32155215740204 4.02672672271729 4.83497786521912 5.99424433708191 8.03243637084961 9.53477454185486 8.3757119178772 8.00912046432495 -9999 -9999 -9999 -9999 -9999 -9999 -9999 -9999 -9999 -9999 -9999 -9999 -9999 -9999 -9999 -9999 -9999 -9999 -9999 -9999 -9999 -9999 -9999 -9999 -9999 -9999
-9999 -9999 29.3069765134291 4.79540884494781 3.86396026611328 3.89553916454315 3.6445484161377 3.76991307735443 3.14784836769104 2.97411972284317 2.59175777435303 2.01451206207275 1.58121156692505 1.47267445921898 0.796820282936096 1.5793245434761 1.12537577748299 1.07842576503754 1.01139602065086 1.06291124224663 1.17717745900154 1.21696346998215 1.55012995004654 1.78647744655609 1.84255278110504 1.79950207471848 2.94540292024612 3.37490558624268 3.78213608264923 4.17443919181824 5.01871418952942 7.83699131011963 9.96643424034119 8.98654246330261 9.25186657905579 20.3910186416224 12.9562932469628 5.10649760202928 -9999 -9999 -9999 -9999 -9999 -9999 -9999 -9999 -9999 -9999 -9999 -9999 -9999 -9999 -9999 -9999 -9999 -9999 -9999 -9999 -9999 -9999 -9999
5.66614840611031 5.27276575565338 4.39371490478516 4.17848253250122 4.4327677488327 4.63119077682495 3.7801079750061 3.52786195278168 1.97750473022461 1.66928333044052 1.58351558446884 1.91355979442596 1.63013470172882 1.03535476326942 0.840527236461639 1.01357062160969 0.96651828289032 1.05051076412201 1.08419698476791 1.31869429349899 1.17828378081322 1.26865571737289 1.64556080102921 1.64251345396042 1.67522174119949 2.21297550201416 2.46455097198486 2.62426418066025 3.44463837146759 5.30056643486023 6.74119520187378 8.39724183082581 7.01350747903188 -9999 -9999 -9999 -9999 -9999 -9999 -9999 -9999 -9999 -9999 -9999 -9999 -9999 -9999 -9999 -9999 -9999 -9999 -9999 -9999 -9999 -9999 -9999 -9999 -9999 -9999 -9999 -9999
7.43774580955505 6.64574539661407 6.37929439544678 9.95931720733643 9.23454773426056 4.30384102463722 3.91998901963234 3.07952660322189 2.76044020056725 2.89576095342636 2.48995041847229 2.24481528997421 1.56555604934692 0.863198965787888 0.770974516868591 0.892055243253708 1.01844298839569 1.26494479179382 1.28936478495598 1.19851273298264 1.23638400435448 1.72245901823044 1.75448477268219 1.75546127557755 2.04378980398178 2.2232723236084 2.70074558258057 3.31005442142487 3.95081913471222 4.78305065631866 5.51478517055511 5.95727705955505 5.78289663791656 6.46303004187507 -9999 -9999 -9999 -9999 -9999 -9999 18.0941223920281 12.6942715644836 -9999 -9999 -9999 -9999 -9999 -9999 -9999 -9999 -9999 -9999 -9999 -9999 -9999 -9999 -9999 -9999 -9999 -9999 -9999
-9999 -9999 5.32051005363464 32.6503692865372 18.7056791782379 4.48602667450905 4.38682072162628 3.99687309265137 2.91573425531387 2.37705892324448 3.52569973468781 2.4282254576683 1.55879992246628 0.834106475114822 0.762749254703522 0.727755010128021 1.14948749542236 1.01291924715042 1.19020575284958 1.39913401007652 4.20637714862823 1.97698044776917 2.1313424706459 2.87181526422501 3.06030464172363 3.32930338382721 3.58638596534729 3.88698363304138 4.13790607452393 4.6688894033432 4.73234188556671 5.79260551929474 7.77632236317413 3.42093944549561 -9999 -9999 -9999 -9999 -9999 -9999 -9999 -9999 -9999 -9999 -9999 -9999 -9999 -9999 -9999 -9999 -9999 -9999 -9999 -9999 -9999 -9999 -9999 -9999 -9999 -9999 -9999
-9999 -9999 -9999 -9999 -9999 -9999 -9999 3.88514907736527 3.71771907806396 4.33923590183258 3.15189242362976 1.44876596331596 1.36541926860809 0.909945756196976 0.867348790168762 1.21705654263496 0.898784995079041 2.47267507016659 1.84260445833206 2.40131324529648 2.21070599555969 2.50794070959091 2.91158026456833 3.71177387237549 3.6372127532959 5.02080523967743 5.68666434288025 6.89691965281963 -9999 -9999 -9999 -9999 -9999 -9999 -9999 -9999 -9999 -9999 -9999 -9999 -9999 -9999 -9999 -9999 -9999 -9999 -9999 -9999 -9999 -9999 -9999 -9999 -9999 -9999 -9999 -9999 -9999 -9999 -9999 -9999 -9999
-9999 -9999 -9999 -9999 -9999 -9999 -9999 -9999 3.90229375362396 3.90088713169098 2.1822150349617 1.61291617155075 1.35075375437737 1.16140052676201 1.17215251922607 1.24560445547104 1.28032726049423 2.06126099824905 2.2709219455719 2.32124394178391 2.31658726930618 3.09164249897003 3.46022772789001 3.74421215057373 3.78835666179657 3.40508283202241 -9999 -9999 -9999 -9999 -9999 -9999 -9999 -9999 -9999 -9999 -9999 -9999 -9999 -9999 -9999 -9999 -9999 -9999 -9999 -9999 -9999 -9999 -9999 -9999 -9999 -9999 -9999 -9999 -9999 -9999 -9999 -9999 -9999 -9999 -9999
