EcologicalScience/Bass/data/rs_data_bass/chl_169.asc
NCOLS 226 
NROWS 124 
XLLCORNER -9.41648524995501 
YLLCORNER 47.587301625531 
CELLSIZE 0.0833 
NODATA_value -9999 
[rows 54 to 80 of 124, columns 0 to 61 of 226]
-9999 -9999 -9999 -9999 -9999 -9999 -9999 -9999 -9999 -9999 -9999 -9999 -9999 -9999 -9999 -9999 -9999 -9999 -9999 -9999 -9999 -9999 -9999 -9999 -9999 -9999 -9999 -9999 -9999 -9999 -9999 -9999 -9999 -9999 -9999 -9999 -9999 -9999 4.7268770403596 3.5112696647644 4.18056607246399 3.75233566761017 2.72058981657028 1.49032428860664 1.25688824057579 1.17537000775337 1.25574973225594 1.23315453529358 0.996813744306564 0.976003468036652 1.06462275981903 1.02478873729706 1.12519946694374 1.55460906028748 2.08324867486954 2.33249706029892 2.60413348674774 2.40259826183319 -9999 0.607058599591255 0.62790758907795 1.38963105497153
-9999 -9999 -9999 -9999 -9999 -9999 -9999 -9999 -9999 -9999 -9999 -9999 -9999 -9999 -9999 -9999 -9999 -9999 -9999 -9999 -9999 -9999 -9999 -9999 -9999 -9999 -9999 -9999 -9999 -9999 -9999 -9999 -9999 -9999 -9999 -9999 -9999 -9999 -9999 3.34762226343155 3.99682796001434 3.62228608131409 2.33539420366287 2.02933430671692 1.33543798327446 1.28003096580505 1.22017496824265 1.16016975045204 1.1166487634182 1.06130102276802 1.05748271942139 1.05257624387741 1.35752695798874 1.75475478172302 2.1433357000351 2.0927392244339 2.05347057580948 -9999 -9999 -9999 -9999 -9999
-9999 -9999 -9999 -9999 -9999 -9999 -9999 -9999 -9999 -9999 -9999 -9999 -9999 -9999 -9999 -9999 -9999 -9999 -9999 -9999 -9999 -9999 -9999 -9999 -9999 -9999 -9999 -9999 -9999 -9999 -9999 -9999 -9999 -9999 -9999 -9999 -9999 -9999 -9999 -9999 2.74664622545242 2.71166557073593 2.12235671281815 1.84131002426147 1.74604421854019 1.49824503064156 1.38454574346542 1.40349599719048 1.32710552215576 1.4621610045433 1.0334475338459 1.20855823159218 1.62288451194763 1.91151666641235 2.07062101364136 2.30152720212936 1.89783301949501 2.25456875562668 2.08678298337119 -9999 -9999 -9999
-9999 -9999 -9999 -9999 -9999 -9999 -9999 -9999 -9999 -9999 -9999 -9999 -9999 -9999 -9999 -9999 -9999 -9999 -9999 -9999 -9999 -9999 -9999 -9999 -9999 -9999 -9999 -9999 -9999 -9999 -9999 -9999 -9999 -9999 -9999 -9999 -9999 -9999 -9999 -9999 2.65008670091629 2.41585350036621 2.23333579301834 2.27645480632782 2.35329741239548 1.8269482254982 1.63749378919601 1.57501494884491 1.5648495554924 1.47018000483513 1.16045174002647 1.27481853961945 1.43975847959518 1.62619650363922 1.73994755744934 1.53410857915878 1.85468316078186 2.15273469686508 2.22052878141403 3.67379962205887 3.78858485392162 -9999
-9999 -9999 -9999 -9999 -9999 -9999 -9999 -9999 -9999 -9999 -9999 -9999 -9999 -9999 -9999 -9999 -9999 -9999 -9999 -9999 -9999 -9999 -9999 -9999 -9999 -9999 -9999 -9999 -9999 -9999 -9999 -9999 -9999 -9999 -9999 -9999 -9999 -9999 -9999 -9999 -9999 2.80803233385086 2.3083410859108 2.31753516197205 2.46446996927261 2.43413400650024 1.86782705783844 1.77721720933914 1.76080048084259 1.6143479347229 1.26986852288246 1.31484228372574 1.38094353675842 1.20286689698696 1.25682561099529 1.13627171516418 1.73837247490883 1.87239190936089 2.03379075229168 3.42246576547623 3.85709209442139 -9999
-9999 -9999 -9999 -9999 -9999 -9999 -9999 -9999 -9999 -9999 -9999 -9999 -9999 -9999 -9999 -9999 -9999 -9999 -9999 -9999 -9999 -9999 -9999 -9999 -9999 -9999 -9999 -9999 -9999 -9999 -9999 -9999 -9999 -9999 -9999 -9999 -9999 -9999 -9999 -9999 -9999 2.95853626728058 2.5988797545433 2.61475950479507 2.43334794044495 2.11370176076889 1.89473551511765 1.60522431135178 1.58720326423645 1.35170924663544 1.10989728569984 1.06176379323006 0.880921125411987 0.941342264413834 1.41549897193909 1.40021395683289 1.51823472976685 1.97046491503716 2.14702159166336 2.36331445791505 -9999 -9999
-9999 -9999 -9999 -9999 -9999 -9999 -9999 -9999 -9999 -9999 -9999 -9999 -9999 -9999 -9999 -9999 -9999 -9999 -9999 -9999 -9999 -9999 -9999 -9999 -9999 -9999 -9999 -9999 -9999 -9999 -9999 -9999 -9999 -9999 -9999 -9999 -9999 -9999 -9999 -9999 3.00450611114502 3.0030562877655 2.80461448431015 2.20749682188034 1.86606681346893 1.58064758777618 1.55829530954361 1.58318549394608 1.51846718788147 1.34921550750732 1.21473598480225 1.17035177350044 1.28817451000214 1.29649347066879 1.40314051508904 1.55583071708679 1.68464398384094 -9999 -9999 5.02146908640862 1.2619087100029 1.68305397033691
-9999 -9999 -9999 -9999 -9999 -9999 -9999 -9999 -9999 -9999 -9999 -9999 -9999 -9999 -9999 -9999 -9999 -9999 -9999 -9999 -9999 -9999 -9999 -9999 -9999 -9999 -9999 -9999 -9999 -9999 -9999 -9999 -9999 -9999 -9999 -9999 -9999 -9999 -9999 2.73622280359268 2.64539927244186 2.22481566667557 2.16296249628067 2.00498843193054 1.51623755693436 1.44347852468491 1.67485570907593 1.49659046530724 1.3812997341156 1.23482474684715 1.07821950316429 1.11289501190186 1.19823449850082 1.33879351615906 1.40295150876045 1.71313047409058 1.7781397998333 2.32859256863594 2.23734501004219 2.74670653045177 2.24955216050148 1.3060530424118
-9999 -9999 -9999 -9999 -9999 -9999 -9999 -9999 -9999 -9999 -9999 -9999 -9999 -9999 -9999 -9999 -9999 -9999 -9999 -9999 -9999 -9999 -9999 -9999 -9999 -9999 -9999 -9999 -9999 -9999 -9999 -9999 -9999 -9999 -9999 -9999 -9999 -9999 -9999 2.92704981565475 2.38122296333313 2.08428525924683 1.75684726238251 1.68453222513199 1.46770200133324 1.3631639778614 1.44228520989418 1.23808121681213 1.16302952170372 0.893043011426926 0.85512301325798 0.992653459310532 1.14639973640442 1.40010970830917 1.72358858585358 1.64530491828918 1.60282731056213 1.90467381477356 1.78562557697296 1.38386696577072 1.47716251015663 1.58789616823196
-9999 -9999 -9999 -9999 -9999 -9999 -9999 -9999 -9999 -9999 -9999 -9999 -9999 -9999 -9999 -9999 -9999 -9999 -9999 -9999 -9999 -9999 -9999 -9999 -9999 -9999 -9999 -9999 -9999 -9999 -9999 -9999 -9999 -9999 -9999 -9999 -9999 -9999 2.34334614872932 2.86260294914246 2.11775475740433 1.84678566455841 1.57067030668259 1.51771116256714 1.48464524745941 1.27823549509048 1.24168503284454 1.12624874711037 0.993866980075836 0.865460962057114 0.876278221607208 1.04684999585152 1.22111928462982 1.49457371234894 1.40194576978683 1.38530024886131 1.45372501015663 1.69806754589081 1.61136370897293 1.42499247193336 1.40408250689507 1.52651256322861
-9999 -9999 -9999 -9999 -9999 -9999 -9999 -9999 -9999 -9999 -9999 -9999 -9999 -9999 -9999 -9999 -9999 -9999 -9999 -9999 -9999 -9999 -9999 -9999 -9999 -9999 -9999 -9999 -9999 -9999 -9999 -9999 -9999 -9999 -9999 -9999 -9999 -9999 2.57988381385803 2.58299177885056 2.16374695301056 1.39387053251266 1.16270104050636 1.11079578101635 0.897173970937729 0.867367476224899 1.00094997882843 0.940607249736786 0.840893983840942 0.777602970600128 0.863770544528961 1.04424074292183 1.1428484916687 1.20540896058083 1.24837651848793 1.3191824555397 1.36620676517487 1.45048722624779 1.45196548104286 1.33666571974754 1.40261998772621 1.39071750640869
-9999 -9999 -9999 -9999 -9999 -9999 -9999 -9999 -9999 -9999 -9999 -9999 -9999 -9999 -9999 -9999 -9999 -9999 -9999 -9999 -9999 -9999 -9999 -9999 -9999 -9999 -9999 -9999 -9999 -9999 -9999 -9999 -9999 -9999 -9999 -9999 -9999 2.25847437232733 1.65188992023468 2.04343432188034 1.91668421030045 1.14803324639797 1.08959403634071 0.967750489711761 0.878079771995544 0.853479713201523 0.807110220193863 0.838507533073425 0.866385787725449 0.922151237726212 0.908535718917847 0.868083715438843 0.915179997682571 0.997141510248184 1.08357372879982 1.12508699297905 0.990182965993881 1.04282096028328 1.13717249035835 1.27098378539085 1.23836472630501 1.28015774488449
-9999 -9999 -9999 -9999 -9999 -9999 -9999 -9999 -9999 -9999 -9999 -9999 -9999 -9999 -9999 -9999 -9999 -9999 -9999 -9999 -9999 -9999 -9999 -9999 -9999 -9999 -9999 -9999 -9999 -9999 -9999 -9999 -9999 -9999 -9999 -9999 -9999 2.02683752775192 1.72207581996918 1.42391100525856 0.944856762886047 0.823888510465622 0.811939537525177 0.955826282501221 0.969201743602753 0.850935012102127 0.795027762651443 0.874382972717285 0.938561260700226 0.903754502534866 0.874762505292892 0.94490772485733 1.09169545769691 1.17935773730278 1.18746748566628 1.08989328145981 0.875656485557556 0.971733748912811 1.00904470682144 1.07069849967957 1.20221847295761 1.69919854402542
-9999 -9999 -9999 -9999 -9999 -9999 -9999 -9999 -9999 -9999 -9999 -9999 -9999 -9999 -9999 -9999 -9999 -9999 -9999 -9999 -9999 -9999 -9999 -9999 -9999 -9999 -9999 -9999 -9999 -9999 -9999 -9999 -9999 -9999 -9999 -9999 3.98983957370122 2.20599907636642 1.96943771839142 1.22776275873184 1.01043900847435 0.833477228879929 0.807172536849976 0.750265538692474 0.751933515071869 0.752156227827072 0.745962738990784 0.743464484810829 0.839087247848511 0.920757740736008 1.01999849081039 1.08009749650955 1.25282701849937 1.3324199616909 1.33185678720474 1.2756142616272 1.11698850989342 1.08336746692657 1.21943548321724 1.39707523584366 1.73802816867828 2.10050243139267
-9999 -9999 -9999 -9999 -9999 -9999 -9999 -9999 -9999 -9999 -9999 -9999 -9999 -9999 -9999 -9999 -9999 -9999 -9999 -9999 -9999 -9999 -9999 -9999 -9999 -9999 -9999 -9999 -9999 -9999 -9999 1.46812769770622 0.683489142552666 -9999 2.10493344068527 2.26666264235973 1.69520753622055 1.36912572383881 1.38507226109505 1.14513677358627 0.877026736736298 0.745640248060226 0.703230008482933 0.650746509432793 0.753293216228485 0.792567729949951 0.80504697561264 0.80178827047348 0.802699506282806 0.911532014608383 1.06569671630859 1.08592727780342 1.25683799386024 1.1803582906723 1.34671497344971 1.50940418243408 1.68822222948074 1.68398773670197 1.97907149791718 1.87046098709106 2.16819155216217 3.92315631833943
-9999 -9999 -9999 -9999 -9999 -9999 -9999 -9999 -9999 -9999 -9999 -9999 -9999 -9999 -9999 -9999 -9999 -9999 -9999 -9999 -9999 -9999 0.346259817481041 21.2667693793774 2.80142612968172 0.899857467412949 17.4222718477249 1.66684919595718 3.98918521404266 1.57046659290791 1.90843391418457 1.36397212743759 1.08009134531021 1.17017103731632 1.18560227751732 1.07425045967102 1.12167745828629 1.0857367515564 0.934819489717484 0.868116706609726 0.7381222397089 0.695216998457909 0.749234229326248 0.794814705848694 0.755200535058975 0.742894515395164 0.874672472476959 0.924409478902817 0.922847986221313 0.959208726882935 1.02159377932549 1.15746304392815 1.32359173893929 1.37609025835991 1.43662574887276 1.54720866680145 1.75074523687363 1.98086696863174 7.88596054127342 -9999 -9999 -9999
-9999 -9999 -9999 -9999 -9999 -9999 -9999 -9999 -9999 -9999 -9999 -9999 -9999 -9999 -9999 -9999 -9999 -9999 -9999 -9999 -9999 -9999 11.046187967062 11.4062558412552 12.3902925252914 15.4373502731323 5.01927191019058 6.88966646790504 1.62601089477539 1.23902028053999 1.28388297557831 1.49625715613365 1.23006565868855 0.81057071685791 0.834073483943939 0.86829149723053 0.873813718557358 0.835372477769852 0.803636223077774 0.755241751670837 0.723092257976532 0.865946978330612 0.769176006317139 0.78704845905304 0.772584736347198 0.784097224473953 0.948415517807007 1.06419521570206 1.2324615418911 1.29328653216362 1.3477635383606 1.3003012239933 1.6245111823082 1.82934147119522 1.90138041973114 -9999 -9999 -9999 -9999 -9999 -9999 -9999
-9999 -9999 -9999 -9999 -9999 -9999 -9999 -9999 -9999 -9999 -9999 -9999 -9999 -9999 -9999 -9999 -9999 -9999 -9999 2.15204120032928 2.25336393713951 0.240403510630131 0.22826099395752 1.88672250509262 0.576792731881142 0.490544244647026 0.437116518616676 0.498253494501114 0.789165750145912 0.657393738627434 0.846813753247261 0.866693995893002 0.759251207113266 0.708111003041267 0.783472537994385 0.835578739643097 0.834079474210739 0.816477030515671 0.865781217813492 0.936369001865387 0.935174971818924 0.965804278850555 0.907208293676376 0.884727001190186 0.886040210723877 0.967022985219955 1.2562897503376 1.46658450365067 1.67991077899933 1.78603506088257 2.02200382947922 -9999 -9999 -9999 -9999 -9999 -9999 -9999 -9999 -9999 -9999 -9999
-9999 -9999 -9999 -9999 -9999 -9999 -9999 -9999 -9999 -9999 -9999 -9999 -9999 -9999 -9999 -9999 -9999 6.52225385606289 1.80622427165508 0.304866001009941 0.34136925637722 0.331324495375156 1.16402739286423 0.953887492418289 0.598154246807098 0.576091513037682 0.470985755324364 0.483789011836052 0.661955997347832 0.660025522112846 1.27453047037125 1.1283854842186 0.87610799074173 0.712653771042824 0.817740708589554 0.804510712623596 0.759502530097961 0.883098006248474 0.842247784137726 0.791725516319275 0.867179989814758 1.03860899806023 1.01002871990204 0.956813961267471 0.879006028175354 1.09981352090836 1.44378599524498 1.89419406652451 1.5703484416008 1.12766924500465 1.08754429221153 -9999 -9999 -9999 -9999 -9999 -9999 -9999 -9999 -9999 -9999 -9999
-9999 -9999 -9999 -9999 -9999 -9999 -9999 -9999 -9999 -9999 -9999 -9999 -9999 -9999 3.51928719878197 1.39537915214896 16.9965821877122 6.41722525656223 0.412566751241684 0.4583820104599 0.375717759132385 0.430195480585098 0.501770988106728 0.577835261821747 0.562744483351707 0.54136124253273 0.559659004211426 0.555051729083061 0.600495010614395 0.607968002557755 0.674451738595963 0.794012278318405 0.729392990469933 0.682016238570213 0.729746237397194 0.707778006792068 0.59282474219799 0.649752750992775 0.663108766078949 0.68996849656105 0.696381747722626 0.848636984825134 0.981816709041595 1.094262778759 0.922193974256516 1.17155545949936 1.58309483528137 1.65238577127457 1.60447722673416 1.26701778173447 1.2131490111351 18.8950145244598 -9999 -9999 -9999 -9999 -9999 -9999 -9999 -9999 -9999 -9999
-9999 -9999 -9999 -9999 -9999 -9999 -9999 -9999 -9999 -9999 -9999 7.07820091122075 3.24233928322792 1.6064887046814 1.23991088569164 0.536744982004166 0.84814578294754 1.03542450070381 0.719098493456841 0.562445238232613 0.553176730871201 0.532397255301476 0.506880015134811 0.527597978711128 0.547682985663414 0.555783748626709 0.568265989422798 0.642198756337166 0.636568486690521 0.628417521715164 0.638351261615753 0.63061948120594 0.671616733074188 0.808191776275635 0.908767461776733 0.881150990724564 0.778426498174667 0.742870509624481 0.60793724656105 0.563054993748665 0.633238479495049 0.699167981743813 0.866151005029678 1.06153875589371 1.00981199741364 1.16668054461479 1.29922127723694 1.4108729660511 1.38023328781128 1.82504171133041 1.95515783786774 -9999 -9999 -9999 -9999 -9999 4.9143746765547 30.7853379249573 23.6447761058807 13.2108936309814 9.4131828546524 -9999
-9999 -9999 -9999 -9999 -9999 -9999 -9999 -9999 -9999 11.5940424799919 0.851195028278886 1.21360310912132 0.680528238415718 0.662084251642227 0.624257236719131 0.683028012514114 0.732007518410683 0.709195509552956 0.670401021838188 0.69038625061512 0.599944487214088 0.59519849717617 0.57159523665905 0.609421491622925 0.573038265109062 0.588549748063087 0.639006748795509 0.731488510966301 0.650882989168167 0.667675495147705 0.637431755661964 0.617973759770393 0.860104501247406 0.865853279829025 0.978428989648819 0.984418541193008 0.807109504938126 0.690413251519203 0.592631265521049 0.656827479600906 0.874862998723984 1.28206872940063 1.15572899580002 1.15700474381447 1.21717724204063 1.52155566215515 1.60296750068665 1.86371397972107 1.76093244552612 1.27603197097778 1.14787423610687 1.04933246970177 0.996833235025406 1.86934096813202 4.29750448465347 6.59036028385162 7.95020645856857 1.40750098228455 1.44372001290321 1.70956724882126 3.53990614414215 -9999
-9999 -9999 -9999 -9999 -9999 1.1563166230917 0.808903455734253 0.755504965782166 1.4095331132412 2.1784143447876 0.764009982347488 0.992707461118698 0.869035542011261 0.675280496478081 0.674969986081123 0.630281254649162 0.609345763921738 0.594143986701965 0.616900518536568 0.652253240346909 0.614586755633354 0.640212759375572 0.642200231552124 0.651454478502274 0.618684008717537 0.58170148730278 0.62729175388813 0.661926761269569 0.700508996844292 0.764962524175644 0.785055756568909 0.728146478533745 0.615048006176949 0.852959275245667 0.867192775011063 0.832153469324112 0.830765962600708 0.70328776538372 0.700487986207008 0.704816266894341 0.716241762042046 0.880828499794006 1.01808527112007 1.44434398412704 1.35300377011299 1.54193025827408 2.13156527280807 2.10637575387955 2.24567699432373 1.9366620182991 1.55257201194763 1.27913546562195 1.15988624095917 1.35703647136688 1.41560778021812 1.16431125998497 1.25381773710251 1.38982799649239 1.64028757810593 1.68761855363846 2.01349568367004 2.03517007827759
-9999 -9999 -9999 -9999 -9999 0.797302544116974 0.763890378177166 1.15924876928329 0.953643769025803 0.909534752368927 0.619759485125542 0.699509248137474 0.714201003313065 0.666087001562119 0.655442252755165 0.643669500946999 0.607752755284309 0.621045738458633 0.635987251996994 0.578980520367622 0.593852251768112 0.666425228118896 0.696275264024734 0.722450271248817 0.664179772138596 0.58917447924614 0.569963246583939 0.57685124874115 0.586875021457672 0.621710255742073 0.621772482991219 0.574241235852242 0.627330020070076 0.627023980021477 0.986806511878967 1.01957023143768 0.954450041055679 1.17314922809601 0.832471489906311 0.800132989883423 0.868034988641739 1.10299122333527 1.32147601246834 1.5987623333931 1.57881367206573 1.54882192611694 1.57178556919098 1.65882003307343 1.8085897564888 1.74367654323578 1.48084571957588 1.40474849939346 1.31304001808167 1.28780472278595 1.03887301683426 0.961374789476395 1.05980622768402 1.24399870634079 1.50920695066452 1.50868874788284 1.65150082111359 1.79785197973251
-9999 -9999 -9999 -9999 -9999 0.758806496858597 1.06173822283745 0.853366523981094 0.681323245167732 0.622385233640671 0.545163005590439 0.605500504374504 0.63815626502037 0.699420735239983 0.731488510966301 0.664496228098869 0.612463518977165 0.622590735554695 0.57525072991848 0.539456248283386 0.630080983042717 0.618627771735191 0.674185484647751 0.764987289905548 0.692027270793915 0.605642259120941 0.595707759261131 0.559040978550911 0.490709245204926 0.495598509907722 0.594709485769272 0.538757979869843 0.557313770055771 0.706465512514114 0.882553517818451 0.842807292938232 0.848246991634369 0.735337480902672 0.860451757907867 1.43190228939056 5.68835842609406 2.90606617927551 1.83915907144547 1.35769352316856 1.31954929232597 1.72437608242035 1.29366821050644 1.11030748486519 1.02676722407341 1.09225049614906 1.12528350949287 1.14259797334671 1.1023964881897 0.991710752248764 0.871758788824081 0.862067967653275 0.901353746652603 1.00899302959442 1.09284979104996 1.3064129948616 1.47645673155785 1.66185683012009
-9999 -9999 -9999 -9999 -9999 0.664347767829895 0.585886493325233 0.573224231600761 0.630686983466148 0.583848014473915 0.633989229798317 0.594467237591743 0.575478002429008 0.582950234413147 0.648798018693924 0.608998507261276 0.568749010562897 0.556864500045776 0.446456238627434 0.469133242964745 0.477415502071381 0.551468253135681 0.610107734799385 0.778925210237503 0.730081513524055 0.690351739525795 0.59535151720047 0.51902174949646 0.461237266659737 0.482531234622002 0.489899262785912 0.472250238060951 0.599075987935066 0.686554491519928 0.897517472505569 0.865371018648148 0.866628706455231 0.824641495943069 1.16660025715828 2.34582531452179 6.05624485015869 8.33757448196411 5.38271248340607 2.76268655061722 2.4076754450798 2.1518497467041 1.59833317995071 1.17037948966026 0.82483121752739 0.801981747150421 0.948329955339432 0.988505959510803 0.989062517881393 1.05736649036407 1.129772990942 1.31398728489876 0.882824957370758 0.899056524038315 0.971047461032867 1.26534748077393 1.48962977528572 1.83826357126236
-9999 -9999 -9999 -9999 -9999 0.568667247891426 0.615637511014938 0.66050697863102 0.666887998580933 0.651119247078896 0.704674512147903 0.661407753825188 0.539400771260262 0.504126772284508 0.481779769062996 0.503526002168655 0.436678513884544 0.423971235752106 0.394108504056931 0.402222767472267 0.475389003753662 0.566255986690521 0.625188007950783 0.658658981323242 0.762933790683746 0.675511479377747 0.583430260419846 0.55842898786068 0.491279259324074 0.487902760505676 0.45627598464489 0.433746010065079 0.602019757032394 0.62304000556469 0.571358978748322 0.577850237488747 0.922960460186005 1.01879623532295 1.12627950310707 1.579077064991 2.70315903425217 5.11489427089691 9.22705364227295 4.89846360683441 1.46561327576637 1.19862753152847 1.39272746443748 1.11778128147125 0.679371759295464 0.664501503109932 0.754236727952957 0.798501759767532 1.26219972968102 1.18752899765968 1.24357795715332 1.46395799517632 1.59462717175484 1.20089024305344 1.06993871927261 1.16277676820755 1.23491701483727 1.53869783878326
