EcologicalScience/Bass/data/rs_data_bass/chl_195.asc
NCOLS 226 
NROWS 124 
XLLCORNER -9.41648524995501 
YLLCORNER 47.587301625531 
CELLSIZE 0.0833 
NODATA_value -9999 
[rows 81 to 107 of 124, columns 62 to 123 of 226]
3.85158455371857 5.97498106956482 7.6620512008667 7.66205191612244 -9999 -9999 -9999 -9999 -9999 -9999 -9999 -9999 -9999 -9999 -9999 -9999 -9999 -9999 -9999 -9999 -9999 -9999 -9999 -9999 -9999 -9999 -9999 -9999 -9999 -9999 -9999 -9999 -9999 -9999 -9999 -9999 -9999 -9999 -9999 -9999 -9999 -9999 -9999 -9999 -9999 -9999 -9999 -9999 -9999 -9999 -9999 -9999 -9999 -9999 -9999 -9999 -9999 -9999 -9999 -9999 -9999 -9999
2.97138687302765 -9999 -9999 -9999 -9999 -9999 -9999 -9999 -9999 -9999 -9999 -9999 -9999 -9999 -9999 -9999 -9999 -9999 -9999 -9999 -9999 -9999 -9999 -9999 -9999 -9999 -9999 -9999 -9999 -9999 -9999 -9999 -9999 -9999 -9999 -9999 -9999 -9999 -9999 -9999 -9999 -9999 -9999 -9999 -9999 -9999 -9999 -9999 -9999 -9999 -9999 -9999 -9999 -9999 -9999 -9999 -9999 -9999 -9999 -9999 -9999 -9999
-9999 -9999 -9999 -9999 -9999 -9999 -9999 -9999 -9999 -9999 -9999 -9999 -9999 -9999 -9999 -9999 -9999 -9999 -9999 -9999 -9999 -9999 -9999 -9999 -9999 -9999 -9999 -9999 -9999 -9999 -9999 -9999 -9999 -9999 -9999 -9999 -9999 -9999 -9999 -9999 -9999 -9999 -9999 -9999 -9999 -9999 -9999 -9999 -9999 -9999 -9999 -9999 -9999 -9999 -9999 -9999 -9999 -9999 -9999 -9999 -9999 -9999
-9999 -9999 -9999 -9999 -9999 -9999 -9999 -9999 -9999 -9999 -9999 -9999 -9999 -9999 -9999 -9999 -9999 -9999 -9999 -9999 -9999 -9999 -9999 -9999 -9999 -9999 -9999 -9999 -9999 -9999 -9999 -9999 -9999 -9999 -9999 -9999 -9999 -9999 -9999 -9999 -9999 -9999 -9999 -9999 -9999 -9999 -9999 -9999 -9999 -9999 -9999 -9999 -9999 -9999 -9999 -9999 -9999 2.55530297340349 2.67188097749438 2.87659451365471 2.67685201764107 2.41982254385948
-9999 -9999 -9999 -9999 -9999 -9999 -9999 -9999 -9999 -9999 -9999 -9999 -9999 -9999 -9999 -9999 -9999 -9999 -9999 -9999 -9999 -9999 -9999 -9999 -9999 -9999 -9999 -9999 -9999 -9999 -9999 -9999 -9999 -9999 -9999 -9999 37.1749906539917 -9999 3.21076261997223 3.57435853140695 -9999 -9999 3.03335031867027 3.26288920640945 3.16458705067635 3.00946193933487 2.63837769627571 2.54591917991638 2.64009144902229 2.564473092556 2.42957407236099 2.55889188051224 -9999 -9999 -9999 3.33028560876846 2.9794736802578 2.15536943078041 2.24619340896606 1.88925299048424 1.63079810142517 1.3619327545166
-9999 -9999 -9999 -9999 -9999 -9999 -9999 -9999 -9999 -9999 -9999 -9999 -9999 4.20167441937056 3.84028047323227 2.2123144865036 2.02572474309376 1.81845080852509 1.12509450316429 -9999 -9999 -9999 -9999 -9999 -9999 -9999 -9999 -9999 2.26142743229866 3.39405906200409 3.476158618927 2.91147476434708 -9999 3.66949796676636 -9999 -9999 -9999 -9999 2.95609197020531 2.90752351284027 2.95052137970924 3.26894652843475 2.88145565986633 2.67704629898071 2.58881172537804 2.63289293646812 2.45779430866241 2.42507404088974 2.21363925933838 2.05188256502151 2.24616676568985 2.24264055490494 2.30468997359276 2.68489614129066 2.45989993214607 2.37176585197449 3.21867835521698 1.61725839972496 1.88139367103577 1.6986540555954 1.58626055717468 1.65444141626358
-9999 -9999 -9999 -9999 -9999 -9999 -9999 -9999 -9999 -9999 4.0993196112769 2.53449678421021 3.74604383111 3.32326233386993 1.42391395568848 1.23667573928833 1.44403204321861 1.50411307811737 1.49195247888565 1.93057280778885 4.18717446270217 -9999 1.51941462074007 2.97308403253555 2.30790621042252 -9999 -9999 2.16978564858437 3.08148515224457 3.11094832420349 3.20205223560333 3.39525961875916 3.45919346809387 3.71565306186676 -9999 -9999 3.27834588654187 3.65618848800659 3.45163714885712 3.04495391249657 2.96875378489494 2.76309335231781 2.62214183807373 1.8456255197525 1.65992850065231 2.6360946893692 2.48312026262283 2.32231718301773 2.34364128112793 1.62688386440277 1.78509521484375 1.68043202161789 1.46169224381447 1.25519853830338 1.00477802753448 1.41621002554893 0.85079625248909 1.08047103881836 1.326590269804 1.12054127454758 1.18043553829193 1.40570470690727
-9999 -9999 -9999 -9999 -9999 -9999 -9999 -9999 -9999 3.33296918869019 2.90824171900749 2.73993489146233 2.5391500890255 1.56948226690292 1.49864548444748 1.61342918872833 1.90972280502319 2.0079637169838 2.09400522708893 2.2948282957077 1.47272449731827 2.20116338559559 2.74625766277313 2.7315314412117 2.72443342208862 1.95342880487442 2.12197148799896 2.69904899597168 2.85228216648102 2.85668849945068 2.89476066827774 3.03609824180603 3.34947967529297 3.60735082626343 3.52103018760681 3.44772756099701 3.4434996843338 3.45859408378601 3.34202027320862 3.2417414188385 3.10290312767029 2.81888097524643 2.552454829216 2.33988457918167 2.04499733448029 2.00387853384018 1.88679456710815 1.7838134765625 1.56329780817032 1.30590829253197 1.41098552942276 0.68369248509407 0.988484233617783 0.982037276029587 0.984657794237137 1.0679549574852 1.09169545769691 0.893634706735611 1.10812202095985 1.11724796891212 1.21370396018028 1.54357945919037
-9999 -9999 -9999 -9999 -9999 -9999 -9999 -9999 -9999 1.93236672878265 1.91043184697628 1.38716697692871 1.49686279892921 1.65064573287964 1.60239976644516 1.67751520872116 1.97332191467285 2.01522445678711 2.33658295869827 2.35481929779053 2.33099323511124 2.46189969778061 2.47376543283463 2.53844028711319 2.55187046527863 2.50717717409134 2.39919966459274 2.54955679178238 2.63847219944 2.69576776027679 2.69373375177383 2.66988444328308 2.76391124725342 2.88637357950211 3.11160814762115 3.18686556816101 3.20710122585297 3.28116452693939 3.21102833747864 3.21815192699432 2.94675081968307 2.7370485663414 1.94769823551178 1.73360252380371 1.69022995233536 1.71510154008865 1.75748616456985 1.7164312005043 1.6608390212059 1.63882952928543 1.54306054115295 1.42444878816605 1.38138672709465 1.21145921945572 1.09713372588158 1.18062525987625 1.16388899087906 1.2151537835598 1.18282198905945 1.21781551837921 1.73157602548599 2.04700130224228
-9999 -9999 -9999 -9999 -9999 -9999 -9999 -9999 1.49893386137897 1.06770864129066 1.08468183875084 1.06657911837101 1.10410460829735 1.55816781520844 1.5219914317131 1.69407565891743 1.70666992664337 1.71538728475571 2.11659157276154 2.14564651250839 2.24806129932404 2.21764343976974 2.2185840010643 2.1447172164917 1.85255706310272 1.77403342723846 1.88760817050934 2.10448801517487 2.18063932657242 2.22861975431442 2.25681066513062 2.47883766889572 2.64563101530075 2.72770196199417 2.74813950061798 2.94225007295609 2.98253846168518 2.98316466808319 2.95031243562698 2.64255970716476 2.20941066741943 1.80802649259567 1.30113297700882 1.36718103289604 1.44715279340744 1.48479974269867 1.59180450439453 1.61884653568268 1.58201998472214 1.40115228295326 1.38919195532799 1.32384976744652 1.23631650209427 1.33671900629997 0.937124222517014 1.0326307117939 1.1236432492733 1.1949645280838 1.30523845553398 1.31376528739929 1.31586071848869 1.50141817331314
0.905018270015717 1.05151990056038 1.16277749836445 0.62152661383152 -9999 -9999 -9999 2.32205141674389 1.55916827917099 1.323894739151 1.02798226475716 0.955186888575554 0.962942630052567 1.31968197226524 1.24291196465492 1.72534874081612 1.82801401615143 1.93773221969604 1.50770998001099 1.62957072257996 1.67677956819534 1.57242608070374 1.52317267656326 1.47134175896645 1.40849027037621 1.38593396544456 1.3833164870739 1.34787672758102 1.37660104036331 1.38182696700096 1.43086203932762 1.54942345619202 1.58766603469849 1.5788556933403 1.57107603549957 1.60928320884705 1.6715601682663 1.75644528865814 1.64626049995422 1.64791578054428 1.38955423235893 0.559400007128716 1.40604221820831 1.39038375020027 1.33811321854591 1.42968678474426 1.33170595765114 1.37434270977974 1.36590296030045 1.21047824621201 1.16497421264648 1.1847825050354 1.15893825888634 1.1020972430706 1.10380077362061 1.03490322828293 1.02951228618622 1.07878276705742 1.11764028668404 1.14222970604897 1.30319702625275 1.3605817258358
0.785606235265732 0.781170755624771 0.830560505390167 0.831281214952469 1.03904324769974 0.925425723195076 1.25757151842117 1.22895902395248 1.02187353372574 0.960857212543488 0.94565324485302 0.967428378760815 0.971971482038498 1.13282849639654 1.36373591423035 1.53808428347111 1.25916749238968 1.30732423067093 1.774274289608 1.67604821920395 1.42274437844753 1.47689402103424 1.349025785923 1.33772474527359 1.23834827542305 1.24028697609901 1.24320378899574 1.41142952442169 1.45143377780914 1.3921477496624 1.35921603441238 1.32851850986481 1.29784128069878 1.27211326360703 1.20259648561478 0.790817610919476 0.741377636790276 1.10647121071815 1.12314596772194 1.10870853066444 1.15375202894211 1.17950177192688 0.608083754777908 0.535814508795738 1.00820627063513 0.6419707685709 0.999336719512939 0.798410207033157 0.824541002511978 1.12799477577209 1.16326349973679 1.21989297866821 1.27187177538872 1.07135251164436 1.08740401268005 1.08267670869827 1.15802621841431 1.1374027132988 1.14457046985626 1.19957104325294 1.30542451143265 1.29045823216438
0.604343265295029 0.567581981420517 0.563295006752014 0.671288251876831 0.744803264737129 0.695412755012512 0.687809988856316 0.811629742383957 0.865070968866348 0.969693034887314 0.769889026880264 0.736232981085777 0.907912507653236 1.01821086555719 0.805522263050079 0.827762484550476 1.25017833709717 1.76176744699478 1.4583532512188 1.38552112877369 1.39220474660397 1.17818590253592 1.13128504157066 1.20023024082184 1.17657002806664 1.13349223136902 1.10414779186249 1.31424450874329 1.24866074323654 1.22216999530792 1.20393821597099 1.14314478635788 1.11891227960587 1.11047172546387 1.11404103040695 1.12401822209358 1.08719551563263 1.10451900959015 1.12776973843575 1.12882277369499 1.15195646882057 1.15902748703957 1.05444824695587 0.616719007492065 0.732416242361069 0.763723522424698 0.803075283765793 0.743998512625694 0.761485487222672 0.614081010222435 0.944667041301727 1.01285102963448 1.15800297260284 1.29524624347687 1.31649148464203 1.31112304329872 1.41577497124672 1.49506124854088 1.45077297091484 1.07601827383041 1.17242521047592 1.16545099020004
0.532554745674133 0.511808261275291 0.490177497267723 0.471193492412567 0.457278728485107 0.452674493193626 0.457751244306564 0.565914005041122 0.679155752062798 0.703301981091499 0.78286837041378 0.862303532660007 0.924187503755093 1.00416672974825 1.10720591247082 1.09593299031258 1.16524837911129 1.20741377770901 1.23371577262878 1.50813415646553 1.54778771102428 1.15021723508835 1.21755301952362 1.23693224787712 1.20172879099846 1.15820252895355 1.18877774477005 1.2477884888649 1.23473846912384 1.20670875906944 1.1406637430191 1.13083952665329 1.1008785367012 1.09731298685074 1.10381698608398 1.11157196760178 1.1152980029583 0.630877509713173 1.12363654375076 0.53336800634861 1.14858895540237 1.15572971105576 0.560433238744736 1.17566174268723 1.19438400864601 1.15076395869255 1.29238352179527 1.1104237139225 0.802064269781113 0.917843252420425 0.978139489889145 1.06430098414421 1.1119185090065 1.14873003959656 1.12924575805664 1.16739445924759 1.37456470727921 0.891496479511261 1.48436325788498 1.56196957826614 1.00987949967384 1.11548176407814
0.541182741522789 0.519476249814034 0.532247990369797 0.523267507553101 0.47078700363636 0.463807493448257 0.47063022851944 0.459573000669479 0.479973748326302 0.501675009727478 0.51536625623703 0.535677015781403 0.926905855536461 0.980605490505695 1.41679096221924 1.43638402223587 1.46546179056168 1.40496075153351 1.41020058095455 1.56798188388348 1.5047721862793 1.39567646384239 1.39422297477722 1.25169146060944 1.17203396558762 1.35418421030045 1.38732147216797 1.40619000792503 1.44878849387169 1.44201529026031 1.41459596157074 1.28929129242897 1.09666648507118 1.06666499376297 1.07549321651459 1.11677849292755 1.10473948717117 1.12546196579933 1.16861173510551 1.38146397471428 1.39383378624916 0.654731258749962 1.42065453529358 1.3853512108326 1.43586525321007 1.46910524368286 1.38355046510696 1.29550579190254 1.24686527252197 1.09706550836563 1.03249123692513 1.06532853841782 1.10836279392242 1.09130027890205 1.14865878224373 1.22592902183533 1.55268001556396 1.4146192073822 1.57346695661545 1.68924218416214 1.45569550991058 1.61434730887413
0.632742002606392 0.632807269692421 0.637085258960724 0.637954518198967 0.648741737008095 0.650246992707253 0.631081491708755 0.605683520436287 0.555003762245178 0.526022270321846 0.521848484873772 0.588493511080742 0.518643021583557 0.885224238038063 0.928712993860245 1.34614296257496 1.51083520054817 1.34532178938389 1.29586645960808 0.984705001115799 1.52990171313286 1.01238825917244 1.39193326234818 1.38771298527718 1.39742320775986 1.39587226510048 1.42297652363777 1.40531399846077 1.57079029083252 1.58554118871689 1.56011992692947 1.46097600460052 1.0962795317173 1.01750099658966 1.096664249897 0.826215267181396 1.18180274963379 1.15571621060371 1.12791377305984 1.28573924303055 1.38788849115372 1.46137797832489 1.47414296865463 1.41457799077034 1.37442827224731 1.34243103861809 1.17548096179962 1.1592974960804 1.15836149454117 1.15953451395035 1.28186997771263 1.32546749711037 1.29934948682785 1.42686000466347 1.54420566558838 1.75238853693008 2.11826401948929 2.22713470458984 1.75788700580597 1.74723744392395 2.02066850662231 5.38542321324348
0.583419755101204 0.594511494040489 0.596450239419937 0.59970223903656 0.602995499968529 0.628413006663322 0.636912748217583 0.64434751868248 0.647327989339828 0.636617258191109 0.638142764568329 0.629958763718605 0.651224255561829 0.978111393749714 0.807291205440249 1.68848699331284 1.69549006223679 1.48192647099495 1.25377571582794 1.21778029203415 1.11573153734207 1.06625479459763 1.44423151016235 1.5535694360733 1.56198066473007 1.45866751670837 1.89351296424866 1.33563151955605 1.53931421041489 1.63682627677917 1.59857547283173 1.51221066713333 1.14587178826332 1.5339487195015 1.64490222930908 1.90012282133102 1.30465802550316 1.3587389588356 1.37430828809738 1.21674004197121 1.32258599996567 1.41677552461624 0.961493492126465 1.38580504059792 1.24642199277878 1.21366345882416 1.25638729333878 1.26620399951935 1.28622901439667 1.40335500240326 1.5097793340683 1.68232280015945 1.84403926134109 1.94915556907654 2.15093618631363 2.25014770030975 2.17029634357369 -9999 -9999 -9999 -9999 -9999
0.578792229294777 0.574665740132332 0.573413997888565 0.564596995711327 0.57380323112011 0.584386512637138 0.562146753072739 0.583654493093491 0.576455265283585 0.572712019085884 0.575358018279076 0.571898236870766 0.577876478433609 0.974434889853001 0.912223108112812 0.979511976242065 1.30133849382401 1.32583847641945 1.14459827542305 1.2639142870903 0.993717044591904 1.17095178365707 1.506039083004 1.57954613864422 1.37293471097946 1.56712272763252 1.40128722786903 1.65749356150627 1.40187525749207 1.40902501344681 1.32493579387665 1.51934391260147 1.75137001276016 1.22066074609756 2.15337753295898 2.25652956962585 2.38482445478439 1.3495237827301 1.43900102376938 1.29881402850151 1.27059450745583 1.26158702373505 1.17633828520775 1.2343222796917 1.20350396633148 1.26574873924255 1.25262147188187 0.98590350151062 1.28312703967094 1.79950046539307 1.86197930574417 2.42326641082764 2.83501428365707 2.64241938931601 1.80128533625212 -9999 -9999 -9999 -9999 -9999 -9999 -9999
0.791926234960556 1.24211177229881 0.607084482908249 0.615843012928963 0.615351766347885 0.601872771978378 0.573915749788284 0.60853873193264 0.612816005945206 1.1864757835865 1.17382401227951 1.50216972827911 0.566078245639801 1.0192154943943 0.960227519273758 1.19368822872639 1.51573294401169 1.83686926960945 1.25830802321434 1.33192947506905 1.29836922883987 1.53843605518341 1.5073356628418 1.39230528473854 1.38006976246834 1.53085720539093 1.40736120939255 1.91595071554184 1.53055849671364 -9999 -9999 -9999 -9999 -9999 -9999 3.14426672458649 1.75065678358078 1.37033924460411 1.37962576746941 1.29329100251198 1.27966949343681 1.29854848980904 1.21780952811241 1.1707110106945 1.13924476504326 1.25435847043991 1.16907227039337 0.995484709739685 1.35212776064873 1.69984120130539 2.09712302684784 2.74209523200989 3.09343278408051 1.9762424826622 1.97624230384827 -9999 -9999 -9999 -9999 -9999 -9999 -9999
0.826984494924545 0.73064998537302 0.865328434109688 0.863467544317245 0.611177265644073 0.605930998921394 0.89731653034687 0.913505628705025 0.530429005622864 0.878696233034134 0.805143378674984 0.831781513988972 1.47887849807739 1.47188025712967 1.46752426028252 1.43377947807312 1.78692650794983 2.05167496204376 1.93424642086029 1.46852776408195 1.01722499728203 1.52143424749374 1.5886042714119 1.57532179355621 1.48733478784561 1.42119598388672 1.82271230220795 1.92547792196274 2.00456857681274 -9999 -9999 -9999 -9999 -9999 -9999 -9999 4.49228310585022 3.00150299072266 1.44434997439384 1.41583201289177 1.36194822192192 1.29618152976036 1.33687502145767 1.10741096735001 1.08861520886421 1.30551302433014 1.53400129079819 1.69305998086929 1.83461546897888 2.30208730697632 2.23810821771622 2.24455672502518 -9999 -9999 -9999 -9999 -9999 -9999 -9999 -9999 -9999 -9999
0.882173869013786 1.00224646925926 0.881515681743622 0.88758133649826 1.29638175666332 1.0233082473278 1.2982387393713 1.19775827229023 0.975384026765823 1.40328902006149 1.45775923132896 1.49990245699883 1.49653726816177 0.744729749858379 1.45056599378586 1.55357480049133 1.37876424193382 1.94532036781311 1.89453828334808 1.45370063750908 0.753302974092377 2.11115330457687 1.80574686080217 1.69501197338104 1.70408320426941 1.21753951907158 1.81464368104935 1.56915307044983 1.72636446356773 -9999 -9999 -9999 -9999 -9999 -9999 -9999 4.61782175302505 2.94936519861221 3.49614322185516 1.75382173061371 1.67451125383377 1.6366890668869 1.50735908746719 1.28768849372864 1.55132097005844 1.94431132078171 1.72629576921463 1.71522599458694 1.79694122076035 2.41062104701996 2.9891659617424 2.92715549468994 4.39764109253883 -9999 -9999 -9999 -9999 -9999 -9999 -9999 -9999 -9999
1.04345801472664 0.857396442443132 1.27294796705246 1.10594323277473 1.21017823219299 1.07937976717949 0.564950676901 0.938066571950912 0.980714267492294 1.54108947515488 1.58157742023468 1.58507394790649 1.56630742549896 1.57964318990707 1.57006949186325 1.58711242675781 1.4179972410202 1.55510720610619 1.46820902824402 1.25783398747444 1.62566328048706 1.94237852096558 1.74574506282806 1.84574317932129 1.28530052304268 1.35061347484589 2.18251204490662 2.25551480054855 1.75032073259354 2.03851795196533 -9999 -9999 -9999 -9999 -9999 -9999 -9999 6.50709629058838 7.60006467501322 3.41477194428444 5.6784975528717 3.15038287639618 3.4372695684433 2.85640978813171 3.01726591587067 2.57724219560623 2.52465516328812 2.82801979780197 2.09710192680359 2.27366548776627 2.57973593473434 3.08015903234482 3.36428555299998 -9999 -9999 -9999 -9999 -9999 -9999 -9999 -9999 -9999
1.38335207104683 1.26044595241547 1.40331414341927 1.23893596529961 1.05526675283909 1.27125922590494 1.26742670685053 1.10873213410378 1.68367946147919 0.989318236708641 1.72755002975464 1.74006897211075 0.868567970395088 1.59649801254272 1.56416398286819 0.893085725605488 1.62906521558762 1.27019274234772 1.2397997379303 1.1998627781868 1.22735470533371 1.41149178147316 1.80652315914631 1.93194231390953 1.8036915063858 1.84739810228348 2.20236217975616 2.14401751756668 2.04145574569702 2.06678992509842 -9999 -9999 -9999 -9999 -9999 -9999 -9999 -9999 -9999 -9999 -9999 -9999 -9999 -9999 -9999 -9999 3.65490746498108 3.36243821382523 4.09220439195633 4.48824812471867 -9999 -9999 -9999 -9999 -9999 -9999 -9999 -9999 -9999 -9999 -9999 -9999
1.40296800434589 1.43480738997459 1.37741442024708 1.15364445447922 1.41827555000782 1.18651031255722 1.21590344309807 1.77393382787704 1.82008266448975 1.85003846883774 0.954441748559475 1.67689275741577 0.92570174485445 1.51502466201782 1.62589430809021 1.60966944694519 1.53247278928757 1.43783703446388 1.12285876274109 1.23589822649956 1.10761952400208 1.35565499961376 1.5680670440197 1.88700871595315 -9999 -9999 -9999 2.14823627471924 2.11896818876266 2.08140224218369 1.5458710363933 -9999 -9999 -9999 -9999 -9999 -9999 -9999 -9999 -9999 -9999 -9999 -9999 -9999 -9999 -9999 -9999 -9999 -9999 -9999 -9999 -9999 -9999 -9999 -9999 -9999 -9999 -9999 -9999 -9999 -9999 -9999
1.36760330200195 1.41749887168407 1.15374499559402 1.25678320527077 1.7159977555275 1.53007808753422 1.54361325502396 1.80321228504181 1.79691821336746 1.88474553823471 1.85014808177948 1.5196305513382 1.59301882982254 0.997980371117592 1.56074398756027 1.57499921321869 1.5825532078743 1.36408799886703 1.71975302696228 1.80994123220444 1.4668852686882 1.5577238202095 1.40242499113083 1.89176470041275 2.57534247636795 1.75713747739792 1.73723700642586 2.22641855478287 2.23502326011658 2.20031476020813 1.62674021720886 2.40182702500245 -9999 -9999 -9999 -9999 -9999 -9999 -9999 -9999 -9999 -9999 -9999 -9999 -9999 -9999 -9999 -9999 -9999 -9999 -9999 -9999 -9999 -9999 -9999 -9999 -9999 -9999 -9999 -9999 -9999 -9999
1.39011262357235 1.18562126159668 1.42559400200844 1.11313726007938 1.36527249217033 1.42430901527405 1.42652100324631 1.45128700137138 0.886778265237808 0.884130030870438 1.20903897285461 1.54664182662964 1.58119958639145 1.65396898984909 1.14594452083111 1.60039508342743 1.38991874456406 1.48080003261566 1.83499056100845 1.89802658557892 2.14388555288315 1.88510692119598 1.29474976658821 1.53033381700516 2.86179149150848 1.80498567223549 2.13170474767685 2.08959674835205 2.12580156326294 2.12141025066376 2.48938804864883 2.29231177057539 -9999 -9999 -9999 -9999 -9999 -9999 -9999 -9999 -9999 -9999 -9999 -9999 -9999 -9999 -9999 -9999 -9999 -9999 -9999 -9999 -9999 -9999 -9999 -9999 -9999 -9999 -9999 -9999 -9999 -9999
1.35659524798393 1.30142277479172 1.37307953834534 1.39134097099304 1.34327472746372 1.41450750827789 1.47713997960091 0.911967784166336 1.12001547217369 1.84429353475571 1.80876749753952 1.59402823448181 1.53454202413559 1.48732128739357 1.14777414500713 1.35961648821831 1.29278773069382 1.31086277961731 1.22814635932446 2.12486922740936 1.96678501367569 2.10317623615265 2.0127614736557 2.28145283460617 2.35036647319794 2.23972642421722 1.86400759220123 1.62113624811172 1.7098451256752 2.05208659172058 2.30256861448288 -9999 -9999 -9999 -9999 -9999 -9999 -9999 -9999 -9999 -9999 -9999 -9999 -9999 -9999 -9999 -9999 -9999 -9999 -9999 -9999 -9999 -9999 -9999 -9999 -9999 -9999 -9999 -9999 -9999 -9999 -9999
