EcologicalScience/Bass/data/rs_data_bass/chl_120.asc
NCOLS 226 
NROWS 124 
XLLCORNER -9.41648524995501 
YLLCORNER 47.587301625531 
CELLSIZE 0.0833 
NODATA_value -9999 
[rows 54 to 80 of 124, columns 124 to 185 of 226]
1.27218076586723 1.42311528325081 1.6790235042572 1.46644502878189 1.24897053837776 1.31637373566628 1.46499449014664 1.13092875480652 1.10848724842072 1.31251573562622 1.36639952659607 1.07753321528435 0.76809373497963 0.758549273014069 0.667311742901802 0.77699401974678 0.741582736372948 0.811116389930248 0.832947760820389 0.798910886049271 0.913269728422165 0.974646359682083 1.05259725451469 1.19794297218323 1.23737174272537 1.30260375142097 1.36528450250626 2.1678494811058 1.96808105707169 1.19833499193192 1.2965669631958 1.39428448677063 1.63388782739639 1.72805106639862 1.57959455251694 1.6920930147171 2.00851732492447 2.23818969726562 2.22107917070389 2.42200344800949 2.52554780244827 2.34749776124954 2.14604777097702 2.2810800075531 4.87424039840698 5.21889746189117 6.37140297889709 6.91863512992859 6.49569439888 4.56357192993164 4.7522144317627 6.42831083138784 5.28273296356201 5.49129414558411 5.1275851726532 6.5510196685791 9.7380485534668 8.55523228645325 9.88140439987183 8.87583800004079 9.65621646712808 11.111781647948
2.17087197303772 0.996912002563477 1.18436998128891 1.10646522045135 1.51207208633423 1.82955676317215 1.61505299806595 1.27693122625351 1.05583047866821 0.79881227016449 0.788258224725723 0.746372982859612 0.844990521669388 0.690433502197266 0.974239468574524 0.919654458761215 0.86199152469635 0.830175787210464 0.818548142910004 1.04022677242756 1.03755788505077 1.08615826070309 1.11519026756287 1.17320600152016 1.26161849498749 1.32388174533844 1.78358244895935 1.89650398492813 1.81766921281815 1.46894922852516 1.2600539624691 1.41815248131752 1.72092068195343 1.75081354379654 1.8456135392189 2.00085228681564 2.08240878582001 2.15403896570206 2.31251621246338 2.13612520694733 1.87244474887848 1.71009296178818 1.76843172311783 2.88847500085831 4.36497688293457 5.6517698764801 7.31468725204468 8.3408374786377 8.7803692817688 6.34394812583923 5.62766996026039 5.37501016259193 5.55477958917618 6.84104681015015 8.23453885316849 6.97404486792428 10.5720698833466 -9999 -9999 -9999 -9999 -9999
2.6403636932373 2.47975641489029 1.55453556776047 1.42116674780846 1.40204697847366 1.49397602677345 1.44680026173592 1.45588052272797 1.05191096663475 0.903411716222763 0.754998743534088 0.651842996478081 0.915708035230637 0.799786537885666 0.860742777585983 0.701228231191635 0.798918038606644 0.790866740047932 1.18789646029472 1.11169427633286 1.12123650312424 1.17962399125099 1.31740048527718 1.27290147542953 1.41631281375885 1.47495259344578 1.50729829072952 1.63588732481003 1.55126702785492 1.17101776599884 1.21997925639153 1.28933098912239 1.61418302357197 1.92827475070953 2.01396828889847 1.78249204158783 1.87654119729996 2.21889442205429 1.95472276210785 2.01743030548096 1.64445143938065 1.43909472227097 3.7580863237381 4.2056143283844 5.03154015541077 7.34567999839783 7.95742607116699 5.98711235706623 6.44697600603104 5.64815166592598 5.3819208741188 5.82178589701653 5.51111197471619 13.1891632741385 -9999 -9999 -9999 -9999 -9999 -9999 -9999 -9999
2.40427726507187 2.20019102096558 1.71589869260788 1.57764226198196 1.46658074855804 1.35938027501106 1.24625998735428 1.05997949838638 0.992550015449524 0.895984500646591 0.898978471755981 0.892396509647369 0.87415874004364 0.915239989757538 0.942643493413925 1.07070448994637 0.927515268325806 0.899486616253853 0.926679387688637 1.29273971915245 1.24322099983692 1.19759774208069 1.31048771739006 1.25599873065948 1.47291371226311 1.54903127253056 1.26871570944786 1.24548000097275 1.13148826360703 0.974329501390457 0.834656238555908 1.10353052616119 1.42035529017448 1.70480632781982 1.9469159245491 1.52777999639511 1.62669146060944 1.87124544382095 2.09282398223877 1.57896441221237 1.45941227674484 1.35278289020061 3.4572411775589 4.04641127586365 5.89374232292175 7.31694173812866 8.20281229913235 7.42696997113184 7.66466331481934 6.66233539581299 5.36588156223297 8.17496132850647 10.8799278736115 -9999 -9999 -9999 -9999 -9999 -9999 -9999 -9999 -9999
1.92831158638 1.76998883485794 1.73703682422638 1.44468221068382 1.20286577939987 1.13694825768471 1.06038898229599 1.17438751459122 0.939170211553574 1.05373647809029 1.22925674915314 0.902666956186295 0.7851502597332 0.934884756803513 1.05918225646019 0.842355787754059 1.34874150156975 1.18709748983383 1.254908233881 1.28561778366566 1.35808199644089 1.14665400981903 1.27966421842575 1.34061446785927 1.42181472480297 1.47061724960804 1.54430896043777 1.10767498612404 0.856267511844635 0.779904037714005 0.710664018988609 1.18791076540947 1.30104973912239 1.51564425230026 1.7130029797554 1.70199072360992 1.48931023478508 1.63491833209991 1.68516683578491 1.69119149446487 1.9099862575531 2.98116904497147 3.81494092941284 4.22924780845642 5.76717603206635 5.98660518229008 11.1734621184213 7.08057332038879 7.13491630554199 6.54581952095032 6.42325043678284 10.6754956245422 18.9576735245554 -9999 -9999 -9999 -9999 -9999 -9999 -9999 -9999 -9999
-9999 1.84483122825623 2.00907146930695 1.3276162147522 1.3410592675209 1.09239596128464 1.09307250380516 1.11744824051857 1.85180550813675 1.44241645932198 1.23800924420357 1.29399597644806 1.15817400813103 1.0908944606781 1.00569677352905 0.920856714248657 1.36358147859573 1.55352520942688 1.61249428987503 1.70032829046249 1.43001598119736 1.02479097247124 1.05835354328156 1.18364328145981 1.16422346234322 1.25307753682137 1.00622776150703 1.01422199606895 0.954683214426041 1.18466547131538 1.11609596014023 1.16399028897285 1.14332395792007 1.15706554055214 1.06788450479507 1.10069328546524 1.39262473583221 0.891181722283363 1.94934451580048 1.83807504177094 3.2774623632431 3.45746684074402 7.41572284698486 8.56507587432861 9.91049695014954 -9999 9.53071285486221 7.45868110656738 9.73100709915161 6.45045375823975 18.1208660316467 19.5395999336243 30.9253266906738 58.7498536044604 -9999 -9999 -9999 -9999 -9999 -9999 -9999 -9999
-9999 -9999 -9999 -9999 -9999 2.28387522697449 2.56654977798462 1.68848544359207 1.18127703666687 1.59251028299332 1.8632624745369 1.6915574669838 1.47847875952721 1.36784103512764 1.09798577427864 1.38482701778412 1.48672744631767 1.38727873563766 1.16418264806271 1.1183310225606 0.890356510877609 0.922467738389969 0.936362206935883 0.933155983686447 1.02250126004219 1.15431976318359 1.07461577653885 1.07630547881126 0.901707708835602 0.859878033399582 1.01775446534157 1.02122104167938 1.02296170592308 0.951756745576859 0.919781237840652 0.807953238487244 0.985460981726646 1.00177274644375 1.02567185461521 1.06982213258743 3.8891407251358 4.71263694763184 2.43096676468849 7.45752668380737 10.1879346370697 26.6117009132811 -9999 -9999 -9999 -9999 23.9879493236542 35.6112384796143 32.3054864747184 30.2543571765606 -9999 -9999 -9999 -9999 -9999 -9999 -9999 -9999
-9999 -9999 -9999 -9999 -9999 -9999 -9999 -9999 2.44793397188187 2.34959095716476 1.59328132867813 1.63360118865967 1.55870032310486 1.88950645923615 1.62945073843002 2.03223896026611 1.0349355340004 1.00862923264503 0.662652745842934 0.777404218912125 0.87957751750946 0.928722023963928 0.963056981563568 1.00445625185966 1.03616398572922 1.14312073588371 1.2436665147543 1.20864714682102 1.3756178021431 1.0584405362606 1.05523645877838 0.994515717029572 0.974283009767532 0.880707710981369 0.819803237915039 0.869588255882263 0.919793218374252 1.19198700785637 1.09633572399616 1.36738501489162 3.38785421848297 4.36744129657745 4.40064740180969 3.65130221843719 3.75445231832104 29.0682649612427 -9999 -9999 -9999 -9999 17.548882484436 31.3961883544922 19.9916131973267 29.207062636103 13.3034528323582 19.8996649786483 -9999 -9999 -9999 -9999 -9999 -9999
-9999 -9999 -9999 -9999 -9999 -9999 -9999 -9999 -9999 -9999 2.36234092712402 1.91496741771698 1.81119292974472 1.66521155834198 1.65796208381653 2.19536179304123 1.87023371458054 1.14167547225952 0.930258750915527 0.862034976482391 0.896201223134995 0.838225543498993 0.889822483062744 0.945381760597229 0.992226004600525 1.30765803158283 1.23834416270256 1.2139571160078 1.20443513989449 1.00311747193336 0.979947745800018 0.93836322426796 0.897810727357864 0.959645211696625 1.0986570417881 0.958803713321686 0.985583245754242 1.05678038299084 1.1746691018343 1.58574298024178 2.15049487352371 2.95916354656219 4.70569986104965 8.44774970412254 15.8769846824766 -9999 -9999 -9999 -9999 -9999 -9999 -9999 10.5097616947279 49.6003772735596 54.954123544693 22.6419537408011 10.8786277770996 -9999 -9999 -9999 -9999 -9999
-9999 -9999 -9999 -9999 -9999 -9999 -9999 -9999 -9999 4.3704868555069 2.13642150163651 2.04281616210938 1.88825708627701 1.79133456945419 1.69903582334518 2.03280454874039 1.79428732395172 1.42942652106285 1.16551575064659 0.971800535917282 1.14462527632713 0.930946469306946 0.855768710374832 1.01246327161789 1.05564603209496 1.05130577087402 1.15082587301731 1.16302911937237 1.20340575277805 0.811477482318878 0.822746962308884 0.859097957611084 0.849398285150528 1.2382335215807 1.13445787131786 1.07247899472713 1.1237715035677 1.28598748147488 1.34507659077644 1.68137361109257 2.49563205242157 3.9085331261158 4.9148867726326 8.26934105157852 30.2936769660237 33.0447750091553 -9999 -9999 -9999 13.8788362230573 14.7168745994568 25.4667892456055 13.5177054405212 22.5867010525295 34.7849868535995 44.8667925321139 -9999 -9999 -9999 -9999 -9999 -9999
-9999 -9999 -9999 -9999 -9999 -9999 -9999 -9999 -9999 -9999 2.56965458393097 2.19616502523422 1.76667219400406 1.67787981033325 2.20918357372284 1.74734991788864 1.42194825410843 1.15052247047424 1.00401896238327 0.910503745079041 1.05301728844643 1.26534453034401 1.2297847867012 1.3710629940033 1.00931096076965 0.982910245656967 1.06572036445141 1.12482561171055 0.728819981217384 0.756789028644562 0.769574224948883 0.756646513938904 0.801406502723694 1.26116435229778 1.25469034910202 1.1275485008955 1.2020366191864 1.52740386128426 1.64976900815964 1.96993169188499 2.93810704350471 6.64179056882858 5.90775114297867 7.59367829561234 9.62623589189307 -9999 -9999 -9999 -9999 -9999 12.6909871101379 18.350917339325 16.1239228248596 15.7014269828796 27.0841504505702 -9999 -9999 -9999 -9999 -9999 -9999 -9999
-9999 -9999 -9999 -9999 -9999 -9999 -9999 -9999 -9999 3.67937564849854 2.77942800521851 2.52655017375946 1.76070892810822 1.93251156806946 1.98205572366714 1.53199428319931 1.18527227640152 1.07979226112366 0.959532737731934 0.864582002162933 1.02960374951363 1.23813074827194 1.36975872516632 0.826932013034821 0.786846041679382 0.888945758342743 0.944478034973145 0.952571958303452 1.03562926501036 0.818413496017456 0.733880996704102 0.777411729097366 1.0520107448101 1.20026698708534 1.27448250353336 1.26423901319504 1.46343259513378 1.91623118519783 2.23979812860489 2.84939709305763 3.90880277752876 5.71616989374161 6.15152460336685 6.00218641873702 3.86466658115387 -9999 -9999 -9999 -9999 -9999 30.2770915031433 12.2625379562378 26.8584635598319 -9999 -9999 -9999 -9999 -9999 -9999 -9999 -9999 -9999
-9999 -9999 -9999 -9999 -9999 -9999 -9999 -9999 -9999 3.46335453987122 3.53163356781006 3.24074018001556 2.64768075942993 2.26061242818832 1.76705628633499 1.4284679889679 1.06833225488663 0.977201253175735 0.853401750326157 0.82098001241684 0.891638249158859 1.17756602168083 1.07495024800301 0.74576698243618 0.872120976448059 0.981462746858597 1.0492357313633 0.931676208972931 0.822380214929581 0.829213500022888 0.801587283611298 0.949472218751907 1.16315478086472 1.42000651359558 1.12885724008083 1.09166099131107 1.54456727206707 1.87803035974503 2.20769101381302 2.56663316488266 3.12418627738953 8.21213489770889 6.32532534599304 12.5304312052079 3.86466693878174 -9999 -9999 -9999 -9999 12.1949715614319 -9999 -9999 -9999 -9999 -9999 -9999 -9999 -9999 -9999 -9999 -9999 -9999
-9999 -9999 -9999 -9999 -9999 -9999 -9999 -9999 -9999 2.88271129131317 3.11937081813812 1.43997001647949 2.10153079032898 1.92017930746078 1.46124225854874 1.08453449606895 0.956249266862869 0.861690044403076 0.70662148296833 0.709555506706238 0.944657206535339 0.979575008153915 0.864863991737366 0.819401979446411 0.931564539670944 0.993331521749496 1.07859224081039 0.981176286935806 1.01234471797943 0.882411003112793 0.80450776219368 0.842429995536804 1.07856076955795 1.22118298709393 1.2800850123167 5.38790744543076 1.77087450027466 2.01551780104637 2.28505235910416 2.69028487801552 3.43923532962799 4.71146056652069 5.0382642560191 -9999 -9999 -9999 -9999 -9999 -9999 -9999 -9999 -9999 -9999 -9999 -9999 -9999 -9999 -9999 -9999 -9999 -9999 -9999
-9999 -9999 -9999 -9999 -9999 -9999 -9999 -9999 -9999 2.37006819248199 1.52238607406616 1.42935079336166 1.93698674440384 1.58070516586304 1.17553871870041 0.906025528907776 0.88382551074028 0.802355289459229 0.741269990801811 0.828228771686554 0.900385469198227 0.810153722763062 0.814579457044601 0.960962265729904 1.03716829419136 1.12306120991707 1.15863677859306 1.04245421290398 1.06127321720123 0.921766519546509 0.875621974468231 1.06623601913452 1.24341452121735 1.39920558035374 1.56591340899467 2.15056237578392 2.54425048828125 2.92110067605972 3.28062075376511 3.95100715756416 6.19242185354233 10.6537474393845 4.82554687362119 -9999 -9999 -9999 -9999 -9999 -9999 -9999 -9999 -9999 -9999 -9999 -9999 -9999 -9999 -9999 -9999 -9999 -9999 -9999
-9999 -9999 -9999 -9999 -9999 -9999 -9999 3.28386068344116 3.4553416115897 2.06021708250046 1.55190145969391 1.74845176935196 2.00478297472 1.3369950056076 0.969956964254379 0.912605971097946 0.996450752019882 0.981042712926865 1.22271940112114 1.2096701413393 0.84746852517128 0.648453757166862 0.943848788738251 1.08907046914101 1.15690648555756 1.14519077539444 0.888909727334976 0.880542039871216 0.866672962903976 0.892743766307831 0.846934497356415 1.61545054614544 1.6582537740469 1.73755878210068 1.95559242367744 8.80024576187134 2.50873535871506 3.14127123355865 3.8251878619194 4.04746323823929 7.85186674930517 5.69786846637726 3.25656187534332 -9999 -9999 -9999 -9999 -9999 -9999 -9999 -9999 -9999 -9999 -9999 -9999 -9999 -9999 -9999 -9999 -9999 -9999 -9999
-9999 -9999 -9999 -9999 -9999 -9999 2.93969696760178 3.02082896232605 2.92962366342545 2.03904980421066 1.44581025838852 2.00645542144775 2.11065369844437 1.48758602142334 0.933149993419647 0.95148977637291 0.925741463899612 1.08128553628922 0.937172614037991 0.830251112580299 1.23748683929443 1.28890836238861 0.952283263206482 0.936598509550095 0.844156533479691 0.841215044260025 1.18595252931118 1.17734362185001 1.26979610323906 1.09109401702881 0.842960983514786 1.7075759768486 1.90143862366676 2.06010639667511 2.01900333166122 2.38285651803017 3.31614035367966 4.81824427843094 4.14644300937653 -9999 -9999 -9999 -9999 -9999 -9999 -9999 -9999 -9999 -9999 -9999 -9999 -9999 -9999 -9999 -9999 -9999 -9999 -9999 -9999 -9999 -9999 -9999
-9999 -9999 -9999 -9999 3.5783919095993 3.34902369976044 2.94989848136902 2.65227824449539 2.27606928348541 1.84809458255768 1.64932358264923 1.97429555654526 1.83652567863464 1.24255272746086 0.944261223077774 0.876545995473862 0.938034743070602 1.15664550662041 1.12399613857269 1.19848749041557 1.25378826260567 1.53409123420715 1.43860088288784 1.34718601405621 1.44100606441498 0.742402508854866 1.19017499685287 1.27623376250267 1.28033253550529 1.32348597049713 1.56960520148277 1.9171507358551 2.25006517767906 2.63797348737717 3.52220374345779 3.93959248065948 3.94740350246429 7.76434436866215 -9999 -9999 -9999 -9999 -9999 -9999 -9999 -9999 -9999 -9999 -9999 -9999 -9999 -9999 -9999 -9999 -9999 -9999 -9999 -9999 -9999 -9999 -9999 -9999
-9999 -9999 -9999 -9999 3.63099018165043 3.40770828723907 2.87435030937195 2.19924080371857 2.05913633108139 1.71089708805084 1.51190328598022 1.89664041996002 1.6197322010994 1.28476345539093 1.16329121589661 1.17133802175522 1.23899102210999 1.29706424474716 1.35403650999069 1.29805013537407 1.29849149286747 1.5503299087286 1.44232383370399 1.22647239267826 1.20040726661682 1.28448075056076 1.32387524843216 1.39906239509583 1.5164639800787 1.96981644630432 2.48306545615196 2.9499848484993 3.06150797009468 3.07338336110115 3.26431757211685 5.92724196910858 7.8796569108963 -9999 -9999 -9999 -9999 -9999 -9999 -9999 -9999 -9999 -9999 -9999 -9999 -9999 -9999 -9999 -9999 -9999 -9999 -9999 -9999 -9999 -9999 -9999 -9999 -9999
-9999 11.2059736518221 3.76278529848371 3.36893463134766 3.16517329216003 3.11137712001801 2.69213551282883 2.56010395288467 2.09622520208359 2.01618218421936 1.80099892616272 1.95246005058289 2.55649024248123 2.2408327460289 1.55977803468704 1.43659204244614 1.46252846717834 1.40022745728493 1.42617371678352 1.40045964717865 1.40675514936447 1.493846565485 1.41424950957298 1.38966263830662 1.45951236784458 0.599767506122589 0.560862734913826 1.63214215636253 1.77544203400612 2.05305308103561 2.72409787774086 3.03638327121735 3.19831198453903 4.16457426548004 7.17456078529358 -9999 -9999 -9999 -9999 -9999 -9999 -9999 -9999 -9999 -9999 -9999 -9999 -9999 -9999 -9999 -9999 -9999 -9999 -9999 -9999 -9999 -9999 -9999 -9999 -9999 -9999 -9999
4.11905610307734 4.42105426571586 3.76180565357208 3.43244934082031 3.07990121841431 2.95087122917175 2.85841655731201 2.95937168598175 2.6096482872963 2.22498679161072 1.93045341968536 1.79411172866821 1.60772180557251 2.09743237495422 2.04733693599701 1.56919848918915 1.68940463662148 1.1506649851799 1.09048426151276 1.06879502534866 1.37790150940418 1.50853577256203 1.52037861943245 1.72405269742012 1.91558030247688 1.86860999464989 2.100153028965 2.1545812189579 2.28537493944168 2.14246344566345 3.12773779034615 3.50954246520996 3.96290094852447 -9999 -9999 -9999 -9999 -9999 -9999 -9999 -9999 -9999 -9999 -9999 -9999 -9999 -9999 -9999 -9999 -9999 -9999 -9999 -9999 -9999 -9999 -9999 -9999 -9999 -9999 -9999 -9999 -9999
4.31800345274118 3.31810784339905 3.48059320449829 3.20702540874481 2.7424401640892 2.71684724092484 2.77608293294907 2.54079669713974 2.42089641094208 2.10255521535873 1.79415982961655 1.55788958072662 1.02543970942497 2.12766453623772 1.70549720525742 1.52736303210258 1.70649334788322 1.6189894080162 1.0796984732151 1.41580273211002 1.71206134557724 1.88152465224266 2.13635283708572 2.39160713553429 2.47567722201347 2.62892854213715 2.99794578552246 2.99954921007156 2.83980005979538 2.77272373437881 2.74549502134323 3.72360498905182 3.83567326068878 11.03361704475 54.3447453782365 3.9498225811756 -9999 -9999 -9999 -9999 -9999 -9999 -9999 -9999 -9999 -9999 -9999 -9999 -9999 -9999 -9999 -9999 -9999 -9999 -9999 -9999 -9999 -9999 -9999 -9999 -9999 -9999
2.718257188797 2.66411626338959 2.55573606491089 2.57325142621994 2.57904893159866 2.60482120513916 2.5020187497139 2.26557219028473 2.07150757312775 1.79205304384232 1.46883898973465 1.29114228487015 0.941428542137146 1.94880253076553 1.26460951566696 1.1684887111187 1.40652045607567 1.31762400269508 1.49793000519276 1.57997819781303 2.02798917889595 2.06475377082825 2.39445188641548 3.03779858350754 2.99817189574242 3.05149698257446 2.96217110753059 3.04599219560623 3.93694710731506 3.78943741321564 7.8525337266922 -9999 -9999 -9999 -9999 -9999 -9999 -9999 -9999 -9999 -9999 -9999 -9999 -9999 -9999 -9999 -9999 -9999 -9999 -9999 -9999 -9999 -9999 -9999 -9999 -9999 -9999 -9999 -9999 -9999 -9999 -9999
2.96713042259216 3.058424949646 3.07735633850098 2.86504501104355 2.82445120811462 2.80155819654465 2.84439826011658 2.4598680138588 2.23663276433945 1.84303951263428 1.33721324801445 0.877833008766174 0.740930244326591 1.66771504282951 1.04783695936203 1.44886015355587 1.83332665264606 1.58721601963043 1.63298451900482 2.08417844772339 2.48649054765701 2.74171453714371 3.04018443822861 3.33959430456161 3.49398082494736 3.50239759683609 3.55084347724915 4.40920643806458 3.25467216968536 3.46411263942719 3.94208264350891 5.96028757095337 -9999 -9999 -9999 -9999 -9999 -9999 5.13463039398193 12.6942715644836 -9999 -9999 -9999 -9999 -9999 -9999 -9999 -9999 -9999 -9999 -9999 -9999 -9999 -9999 -9999 -9999 -9999 -9999 -9999 -9999 -9999 -9999
3.10297429561615 3.32165014743805 3.15705907344818 3.04594051837921 3.09623765945435 3.04938590526581 3.2409975528717 2.7523866891861 2.28560096025467 1.55605870485306 1.0344794690609 0.782814770936966 0.670606479048729 1.37170225381851 1.37428946793079 1.27043996751308 1.09970927238464 1.22253450751305 1.43582779169083 3.03314808011055 3.09200006723404 3.33841073513031 3.7402862906456 4.10217064619064 4.09888595342636 4.09504210948944 4.25589337348938 4.38024945259094 3.43533432483673 5.29174911975861 6.14402533067416 3.42093944549561 -9999 -9999 -9999 -9999 -9999 -9999 -9999 -9999 -9999 -9999 -9999 -9999 -9999 -9999 -9999 -9999 -9999 -9999 -9999 -9999 -9999 -9999 -9999 -9999 -9999 -9999 -9999 -9999 -9999 -9999
-9999 -9999 -9999 -9999 -9999 3.5459088526274 2.94654607772827 2.66599953174591 1.98373800516129 1.25093623995781 0.801678031682968 0.778803706169128 0.832154273986816 1.01791423559189 1.20847946405411 1.69725224375725 2.26379281282425 2.47801986336708 1.76800793409348 3.46051436662674 3.48855555057526 3.82984101772308 3.89399063587189 4.02455759048462 4.77281212806702 5.05282652378082 -9999 -9999 -9999 -9999 -9999 -9999 -9999 -9999 -9999 -9999 -9999 -9999 -9999 -9999 -9999 -9999 -9999 -9999 -9999 -9999 -9999 -9999 -9999 -9999 -9999 -9999 -9999 -9999 -9999 -9999 -9999 -9999 -9999 -9999 -9999 -9999
-9999 -9999 -9999 -9999 -9999 -9999 2.75171542167664 2.25359702110291 1.35623627901077 0.924123018980026 0.899272531270981 1.02012902498245 1.02590775489807 1.04516100883484 1.0685670375824 2.5470869243145 2.08278071880341 3.05473375320435 3.00230473279953 3.95897126197815 3.56733304262161 3.56540709733963 3.6229373216629 2.82671468168776 -9999 -9999 -9999 -9999 -9999 -9999 -9999 -9999 -9999 -9999 -9999 -9999 -9999 -9999 -9999 -9999 -9999 -9999 -9999 -9999 -9999 -9999 -9999 -9999 -9999 -9999 -9999 -9999 -9999 -9999 -9999 -9999 -9999 -9999 -9999 -9999 -9999 -9999
