EcologicalScience/Bass/data/rs_data_bass/chl_543.asc
NCOLS 226 
NROWS 124 
XLLCORNER -9.41648524995501 
YLLCORNER 47.587301625531 
CELLSIZE 0.0833 
NODATA_value -9999 
[rows 0 to 26 of 124, columns 62 to 123 of 226]
-9999 -9999 -9999 -9999 -9999 -9999 -9999 -9999 -9999 -9999 -9999 -9999 -9999 -9999 -9999 -9999 -9999 -9999 -9999 -9999 -9999 -9999 -9999 -9999 -9999 -9999 -9999 -9999 -9999 -9999 -9999 -9999 -9999 -9999 -9999 -9999 -9999 -9999 -9999 -9999 -9999 -9999 -9999 -9999 -9999 -9999 -9999 -9999 -9999 -9999 -9999 -9999 -9999 -9999 -9999 -9999 -9999 -9999 -9999 -9999 -9999 -9999
-9999 -9999 -9999 -9999 -9999 -9999 -9999 -9999 -9999 -9999 -9999 -9999 -9999 -9999 -9999 -9999 -9999 -9999 -9999 -9999 -9999 -9999 -9999 -9999 -9999 -9999 -9999 -9999 -9999 -9999 -9999 -9999 -9999 -9999 -9999 -9999 -9999 -9999 -9999 -9999 -9999 -9999 -9999 -9999 -9999 -9999 -9999 -9999 -9999 -9999 -9999 -9999 -9999 -9999 -9999 -9999 -9999 -9999 -9999 -9999 -9999 -9999
-9999 -9999 -9999 -9999 -9999 -9999 -9999 -9999 -9999 -9999 -9999 -9999 -9999 -9999 -9999 -9999 -9999 -9999 -9999 -9999 -9999 -9999 -9999 -9999 -9999 -9999 -9999 -9999 -9999 -9999 -9999 -9999 -9999 -9999 -9999 -9999 -9999 -9999 -9999 -9999 -9999 -9999 -9999 -9999 -9999 -9999 -9999 -9999 -9999 -9999 -9999 -9999 -9999 -9999 -9999 -9999 -9999 -9999 -9999 -9999 -9999 -9999
-9999 -9999 -9999 -9999 -9999 -9999 -9999 -9999 -9999 -9999 -9999 -9999 -9999 -9999 -9999 -9999 -9999 -9999 -9999 -9999 -9999 -9999 -9999 -9999 -9999 -9999 -9999 -9999 -9999 -9999 -9999 -9999 -9999 -9999 -9999 -9999 -9999 -9999 -9999 -9999 -9999 -9999 -9999 -9999 -9999 -9999 -9999 -9999 -9999 -9999 -9999 -9999 -9999 -9999 -9999 -9999 -9999 -9999 -9999 -9999 -9999 -9999
-9999 -9999 -9999 -9999 -9999 -9999 -9999 -9999 -9999 -9999 -9999 -9999 -9999 -9999 -9999 -9999 -9999 -9999 -9999 -9999 -9999 -9999 -9999 -9999 -9999 -9999 -9999 -9999 -9999 -9999 -9999 -9999 -9999 -9999 -9999 -9999 -9999 -9999 -9999 -9999 -9999 -9999 -9999 -9999 -9999 -9999 -9999 -9999 -9999 -9999 -9999 -9999 -9999 -9999 -9999 -9999 -9999 -9999 -9999 -9999 -9999 -9999
-9999 -9999 -9999 -9999 -9999 -9999 -9999 -9999 -9999 -9999 -9999 -9999 -9999 -9999 -9999 -9999 -9999 -9999 -9999 -9999 -9999 -9999 -9999 -9999 -9999 -9999 -9999 -9999 0.63735419511795 0.856125175952911 0.801021605730057 0.7066430747509 0.64802223443985 0.609551578760147 0.60526804625988 0.595615670084953 0.596058011054993 0.623802289366722 0.650636717677116 0.676239028573036 0.658711731433868 0.65167897939682 0.632956758141518 0.572470754384995 0.602670952677727 0.573425441980362 0.566042706370354 0.6511200517416 0.982067406177521 0.982079207897186 0.625610858201981 0.659070163965225 0.56800402700901 0.519827350974083 0.942187696695328 0.40335077047348 0.402144089341164 0.449651420116425 0.526617094874382 0.566549733281136 0.568946108222008 0.546567901968956
-9999 -9999 -9999 -9999 -9999 -9999 -9999 -9999 -9999 -9999 -9999 -9999 -9999 -9999 -9999 -9999 -9999 -9999 -9999 -9999 -9999 -9999 -9999 -9999 -9999 -9999 1.18186515569687 1.0627324283123 1.59233039617538 1.16529831290245 0.888769000768661 0.742143988609314 0.684150472283363 0.629848703742027 0.611933290958405 0.599051937460899 0.593560919165611 0.587461039423943 0.603616565465927 0.586203843355179 0.699247777462006 0.718119084835052 0.715677604079247 0.607627362012863 0.600235015153885 0.53019592165947 0.502810254693031 0.922961622476578 0.904288530349731 0.871662765741348 0.4497100263834 0.435310542583466 0.44054514169693 0.472129136323929 0.493890702724457 0.42100802063942 0.43966618180275 0.503286346793175 0.559188857674599 0.566993951797485 0.556926906108856 0.553833425045013
-9999 -9999 -9999 -9999 -9999 -9999 -9999 -9999 -9999 -9999 -9999 -9999 -9999 -9999 -9999 -9999 -9999 -9999 -9999 -9999 -9999 -9999 -9999 -9999 -9999 -9999 1.18186515569687 1.2531256377697 1.10385292768478 0.847011119127274 0.732263892889023 0.709612727165222 0.689852848649025 0.664565697312355 0.652903452515602 0.638871252536774 0.653028443455696 0.642501085996628 0.64764940738678 0.706656888127327 0.645137876272202 0.617595791816711 0.571517363190651 0.562872737646103 0.565714001655579 1.01166021823883 0.983291298151016 0.948937743902206 0.371297389268875 0.418394073843956 0.457268893718719 0.483908459544182 0.45734766125679 0.463380038738251 0.428985670208931 0.707027480006218 0.611570924520493 0.667978405952454 0.627447903156281 0.593936070799828 0.603625327348709 0.630096986889839
-9999 -9999 -9999 -9999 -9999 -9999 -9999 -9999 -9999 -9999 -9999 -9999 -9999 -9999 -9999 -9999 -9999 -9999 -9999 -9999 -9999 -9999 -9999 -9999 -9999 -9999 1.5577644109726 1.32992497086525 0.980803459882736 0.77896973490715 0.718629196286201 0.698593363165855 0.684162721037865 0.665228962898254 0.651261672377586 0.620133072137833 0.669725060462952 0.72807888686657 0.755299776792526 0.706066310405731 0.67954221367836 0.699645012617111 0.648653000593185 0.673458561301231 0.681663572788239 1.16703674197197 0.391521066427231 0.38488894701004 0.393285512924194 0.416421756148338 0.458983808755875 0.498343169689178 0.479471102356911 0.434160098433495 0.436177834868431 0.746346607804298 0.767664402723312 0.585706919431686 0.586135268211365 0.605672970414162 0.636020645499229 0.733511745929718
-9999 -9999 -9999 -9999 -9999 -9999 -9999 -9999 -9999 -9999 -9999 -9999 -9999 -9999 -9999 -9999 -9999 -9999 -9999 -9999 -9999 -9999 -9999 -9999 -9999 1.19121462106705 1.28735285997391 1.19656500220299 1.13130068778992 0.855881541967392 0.743062600493431 0.738633245229721 0.729128882288933 0.66084498167038 0.6368228495121 0.634944230318069 0.703064113855362 0.622954398393631 0.572892442345619 0.795885890722275 1.09993296861649 0.859060049057007 0.620308130979538 0.693099126219749 0.736494988203049 0.326204225420952 0.34354966878891 0.402984827756882 0.439449995756149 0.465539664030075 0.511478617787361 0.526867747306824 0.534380167722702 0.529670208692551 0.676375910639763 0.677416294813156 0.597423478960991 0.6497513204813 0.699728474020958 0.750390708446503 0.747408494353294 0.796914249658585
-9999 -9999 -9999 -9999 -9999 -9999 -9999 -9999 -9999 -9999 -9999 -9999 -9999 -9999 -9999 -9999 -9999 -9999 -9999 -9999 -9999 -9999 -9999 -9999 -9999 1.22387391328812 1.1674137711525 1.0886138677597 1.05724874138832 0.921152204275131 0.763219177722931 0.711094737052917 0.707645863294601 0.683503791689873 0.5831398665905 0.596790924668312 0.532414242625237 0.547777533531189 0.699387922883034 1.05538138747215 1.06980237364769 1.12862840294838 1.02487760782242 0.967489242553711 1.10564053058624 0.309955783188343 0.443896472454071 0.51748614013195 0.533923253417015 0.54702316224575 0.592000275850296 0.573373451828957 0.575654670596123 0.478608280420303 0.485115766525269 0.616874769330025 0.680197477340698 0.736043259501457 0.792165488004684 0.741167888045311 0.701868340373039 0.744566917419434
-9999 -9999 -9999 -9999 -9999 -9999 -9999 -9999 -9999 -9999 -9999 -9999 -9999 -9999 -9999 -9999 -9999 -9999 -9999 -9999 -9999 -9999 -9999 -9999 1.31647038459778 1.32284501194954 1.12540492415428 0.900236338376999 0.771212697029114 0.78330472111702 0.743453398346901 0.711668461561203 0.738233149051666 0.758162766695023 0.622821763157845 0.562816277146339 0.469930619001389 0.373269148170948 1.11924058198929 1.1581694483757 1.20281526446342 1.27773696184158 1.20712986588478 1.15911430120468 1.11905881762505 0.516246289014816 0.554045677185059 0.620223686099052 0.631258025765419 0.616308733820915 0.592162773013115 0.591570451855659 0.613461568951607 0.64279443025589 0.652680203318596 0.609839245676994 0.556747198104858 0.585679695010185 0.706688985228539 0.74968609213829 0.680090993642807 0.650545254349709
-9999 -9999 -9999 -9999 -9999 -9999 -9999 -9999 -9999 -9999 -9999 -9999 -9999 -9999 -9999 -9999 -9999 -9999 -9999 -9999 -9999 -9999 -9999 1.50594073534012 1.44358929991722 1.27957534790039 1.15753653645515 1.01215016841888 0.851719737052917 0.758736938238144 0.745661348104477 0.751569181680679 0.829550206661224 0.760083854198456 0.707525700330734 0.613871902227402 0.571591168642044 1.10976022481918 1.02736204862595 1.04280281066895 1.03480982780457 1.15013015270233 1.07975202798843 0.461015313863754 0.477328553795815 0.520864516496658 0.567931517958641 0.626799568533897 0.644586011767387 0.63621760904789 0.627196758985519 0.522129222750664 0.534263491630554 0.545122727751732 0.588990926742554 0.607386812567711 0.607998490333557 0.595142796635628 0.608819201588631 0.603371143341064 0.612066507339478 0.650046855211258
-9999 -9999 -9999 -9999 -9999 -9999 -9999 -9999 -9999 -9999 -9999 -9999 -9999 -9999 -9999 -9999 -9999 -9999 -9999 -9999 -9999 -9999 2.77675276994705 1.96688514947891 1.7200573682785 1.29769921302795 1.15875300765038 1.04714950919151 0.909776777029037 0.833495378494263 0.843729883432388 0.861098527908325 0.906101077795029 0.957582592964172 0.932803720235825 0.794429808855057 0.499303579330444 1.16647705435753 1.15815845131874 1.09826105833054 1.06649726629257 1.03018775582314 0.497575297951698 0.499317973852158 0.531267330050468 0.561308473348618 0.615971401333809 0.65940535068512 0.685317367315292 0.665176838636398 0.626091778278351 0.584484368562698 0.583084613084793 0.598288759589195 0.619727835059166 0.647354453802109 0.618225663900375 0.580726861953735 0.577410489320755 0.593048706650734 0.637842044234276 0.652976006269455
-9999 -9999 -9999 -9999 -9999 -9999 -9999 -9999 -9999 -9999 -9999 -9999 -9999 -9999 -9999 -9999 -9999 -9999 -9999 -9999 2.64602583646774 2.03093200922012 1.8983405828476 1.72634643316269 1.6450851559639 1.39835187792778 1.21302196383476 1.06109189987183 0.959452539682388 0.930037558078766 0.919028520584106 1.13453498482704 1.22106125950813 0.999924749135971 0.844970941543579 0.649120956659317 0.495931461453438 0.491107642650604 1.14864519238472 1.11343520879745 0.922784417867661 0.794906705617905 0.528092265129089 0.54912905395031 0.56354346871376 0.623330399394035 0.663763538002968 0.651301369071007 0.660819992423058 0.668594151735306 0.674312755465508 0.648648217320442 0.627623856067657 0.630766153335571 0.667526721954346 0.717235252261162 0.632792294025421 0.576264247298241 0.59868586063385 0.622499987483025 0.655140817165375 0.641722932457924
-9999 -9999 -9999 -9999 -9999 -9999 -9999 -9999 -9999 -9999 -9999 -9999 -9999 -9999 -9999 -9999 -9999 -9999 -9999 -9999 2.42817556858063 1.48575693368912 1.41330447793007 1.32967945933342 1.23307210206985 1.12252217531204 1.01621416211128 0.921407550573349 0.905412197113037 0.926893204450607 0.927480697631836 0.991617679595947 1.10645359754562 1.09171423316002 0.842689275741577 1.42767772078514 1.41505506634712 0.621051728725433 0.572923332452774 0.626638814806938 0.665533930063248 0.655826613306999 0.570265263319016 0.562609747052193 0.608825236558914 0.651875451207161 0.653995960950851 0.670595929026604 0.661297827959061 0.652731344103813 0.655844986438751 0.670179158449173 0.651512324810028 0.643578439950943 0.695386961102486 0.720287829637527 0.72352959215641 0.72995688021183 0.708217933773994 0.703343465924263 0.719128042459488 1.15917679667473
-9999 -9999 -9999 -9999 -9999 -9999 -9999 -9999 -9999 -9999 -9999 -9999 -9999 -9999 -9999 -9999 -9999 -9999 -9999 5.40186381340027 2.5586069226265 1.43349489569664 1.21447134017944 1.14347997307777 1.10392481088638 1.01970666646957 0.877724826335907 0.842936843633652 0.867512226104736 0.827145427465439 1.07254520058632 1.02103865146637 0.92920982837677 0.860441565513611 0.844499856233597 0.921893835067749 0.824029594659805 0.693881392478943 0.714944064617157 0.808055877685547 0.717826411128044 0.654517471790314 0.662962630391121 0.700395718216896 0.693525597453117 0.696955606341362 0.67626665532589 0.659663870930672 0.63635565340519 0.643946528434753 0.64704068005085 0.641159310936928 0.622649610042572 0.61981862783432 0.636978954076767 0.682172521948814 0.664456129074097 0.696024790406227 0.722030282020569 0.777953535318375 0.720992267131805 0.599988162517548
-9999 -9999 -9999 -9999 -9999 -9999 -9999 -9999 -9999 -9999 -9999 -9999 -9999 -9999 -9999 -9999 -9999 37.9388551712036 27.1461267471313 14.3263092041016 4.81918358802795 2.10509347915649 1.42638078331947 1.21004086732864 1.08934745192528 1.06644067168236 1.21869921684265 1.49198395013809 1.27594444155693 1.40823340415955 1.2000128030777 1.11305040121078 1.03173458576202 1.01987752318382 0.995917707681656 0.919380158185959 0.755838006734848 0.735525280237198 0.812601953744888 0.812114953994751 0.681417524814606 0.632333680987358 0.643566951155663 0.663915887475014 0.658687636256218 0.698727920651436 0.676015958189964 0.636085420846939 0.632317811250687 0.606562346220016 0.547051638364792 0.552168846130371 0.564004808664322 0.567642420530319 0.576496750116348 0.625720247626305 0.685610979795456 0.822067111730576 1.33155763149261 1.2542417049408 0.747163563966751 0.533686146140099
-9999 -9999 -9999 -9999 -9999 -9999 -9999 -9999 -9999 -9999 -9999 -9999 -9999 -9999 -9999 -9999 -9999 7.2885274887085 10.1405975818634 3.51277613639832 3.37301623821259 3.50090253353119 2.55461150407791 1.80304402112961 1.72667402029037 1.59999918937683 1.62217676639557 1.87122112512589 1.96258413791656 1.55985277891159 1.34317991137505 1.24898064136505 0.813124805688858 1.81512326002121 2.00410026311874 1.01470738649368 0.895876675844193 0.643482863903046 0.566535785794258 0.555361345410347 0.587190851569176 0.593364804983139 0.620502501726151 0.621034562587738 0.623588517308235 0.622940093278885 0.598249688744545 0.593615144491196 0.562453374266624 0.530391499400139 0.53731007874012 0.547687411308289 0.53210087120533 0.52638503909111 0.51127128303051 0.560435056686401 0.557480603456497 0.568689152598381 0.569793418049812 0.838914602994919 0.625525608658791 0.539372742176056
-9999 -9999 -9999 -9999 -9999 -9999 -9999 -9999 -9999 -9999 -9999 -9999 -9999 -9999 -9999 -9999 -9999 -9999 -9999 2.52315133810043 2.6213858127594 2.04718047380447 2.09919619560242 2.03533512353897 1.80725383758545 1.75582265853882 1.57264959812164 1.82954424619675 2.01646363735199 1.43359968066216 1.18552467226982 0.978444814682007 0.950553059577942 0.833995074033737 0.789177149534225 1.00138717889786 1.04513221979141 0.666355177760124 0.648692965507507 0.602216854691505 0.573277875781059 0.581340104341507 0.605606272816658 0.611399710178375 0.610730186104774 0.613965287804604 0.606589838862419 0.585248574614525 0.59584142267704 0.518107652664185 0.490609601140022 0.490259930491447 0.496809035539627 0.514665842056274 0.534358754754066 0.556331053376198 0.557254180312157 0.54312390089035 1.60240924358368 1.00394922494888 0.912177085876465 0.904260724782944
-9999 -9999 -9999 -9999 -9999 -9999 -9999 -9999 -9999 -9999 -9999 -9999 -9999 -9999 -9999 3.21811401844025 5.20619380474091 7.20881652832031 2.06670570373535 2.17165768146515 1.96018534898758 1.64559924602509 1.65732192993164 1.25812330842018 1.11664679646492 2.86621230840683 2.1019366979599 2.22057008743286 1.86008834838867 0.843958228826523 0.807475805282593 0.893671900033951 1.06614777445793 0.90925607085228 0.801708072423935 0.748365014791489 0.713213369250298 0.688384741544724 0.667806431651115 0.6125178784132 0.587449461221695 0.574020400643349 0.57437664270401 0.591249525547028 0.614991813898087 0.595204621553421 0.572523638606071 0.537834361195564 0.520027041435242 0.498218804597855 0.473068088293076 0.457366749644279 0.452927067875862 0.481289058923721 0.493749439716339 0.525326773524284 0.546223193407059 0.539372608065605 0.513126030564308 1.25163665413857 2.10057699680328 0.956782311201096
-9999 -9999 -9999 -9999 -9999 -9999 -9999 -9999 -9999 -9999 35.2986888885498 35.2986888885498 13.7248649597168 5.69475102424622 1.78563523292542 1.87169051170349 2.35238116979599 3.00997030735016 3.21522009372711 2.63504791259766 1.51777195930481 1.31186977028847 1.42520785331726 1.26284730434418 1.18611690402031 1.04048386216164 0.808781057596207 0.806071490049362 0.839678943157196 1.00688955187798 0.883475035429001 0.789325475692749 0.717687964439392 0.782510340213776 0.755303978919983 0.782759070396423 0.752037942409515 0.718783423304558 0.668901398777962 0.621862694621086 0.564575582742691 0.549562275409698 0.539410203695297 0.587761044502258 0.594677165150642 0.518704667687416 0.454689905047417 0.467152968049049 0.518594741821289 0.536764919757843 0.509061276912689 0.477231904864311 0.484855324029922 0.50581231713295 0.515997782349586 0.525517836213112 0.534643560647964 1.07051655650139 1.07274797558784 1.03791618347168 1.0038565993309 0.49752277135849
-9999 -9999 -9999 -9999 -9999 -9999 -9999 -9999 -9999 -9999 35.2986888885498 7.71102619171143 3.40003216266632 3.40003216266632 5.56262505054474 5.92255747318268 5.55157327651978 5.04171752929688 6.91077446937561 5.54986381530762 4.36049795150757 1.3566606938839 1.37907984852791 1.59844762086868 1.95518267154694 1.16225185990334 0.867482721805573 0.794462442398071 0.735468462109566 0.870866239070892 0.935055613517761 0.792797863483429 0.662881135940552 0.723983824253082 0.806713968515396 0.805594235658646 0.774196743965149 0.695474803447723 0.64204828441143 0.623805284500122 0.603211954236031 0.579932078719139 0.562625885009766 0.567597761750221 0.557023555040359 0.520605057477951 0.543014958500862 0.52904212474823 0.517481088638306 0.502865821123123 0.466471999883652 0.469785109162331 0.472085952758789 0.476454734802246 0.483882531523705 1.15697783231735 1.22655263543129 1.18488630652428 1.09847071766853 1.03725564479828 1.1217103600502 1.17557108402252
-9999 -9999 -9999 -9999 -9999 -9999 -9999 -9999 -9999 -9999 -9999 -9999 -9999 5.53998166322708 6.63727104663849 9.25198066234589 11.1158545017242 -9999 -9999 -9999 -9999 -9999 11.6315294802189 6.91543248295784 1.76794248819351 1.56754159927368 0.975430458784103 0.976180583238602 0.891011774539948 1.34164541959763 1.1193505525589 0.874972075223923 0.753798007965088 0.686595886945724 0.687201976776123 0.676793038845062 0.652606308460236 0.654981672763824 0.644178584218025 0.672526627779007 0.620691061019897 0.537915274500847 0.496114835143089 0.478628978133202 0.447477400302887 0.432617425918579 0.457668408751488 0.466513484716415 0.456484079360962 0.426255226135254 0.431083649396896 0.428526699542999 1.35507327318192 1.51119875907898 1.470618724823 1.30666664242744 1.35911428928375 1.26554855704308 1.18969121575356 1.14849480986595 1.17057421803474 0.4853555560112
-9999 -9999 -9999 -9999 -9999 -9999 -9999 -9999 -9999 -9999 -9999 -9999 -9999 16.6274771690369 16.6274771690369 16.6274771690369 -9999 -9999 -9999 -9999 -9999 -9999 4.94490551948547 4.94490551948547 4.94490551948547 0.308659605681896 1.77146977186203 1.9572896361351 3.63189625740051 2.46868461370468 1.20755240321159 1.20909440517426 1.28799873590469 1.14735835790634 0.968595653772354 0.908673226833344 0.822453618049622 0.710588693618774 0.660691425204277 0.663828760385513 0.626178726553917 0.54218678176403 0.419355869293213 0.360196776688099 0.398272722959518 0.374456852674484 0.397597879171371 0.408446475863457 0.43824890255928 0.467508003115654 0.494449272751808 1.16537046432495 1.38592770695686 1.86979901790619 1.86810725927353 1.49607995152473 1.33447703719139 1.34688332676888 1.20007744431496 0.346614204347134 0.41974975168705 0.47032655775547
-9999 -9999 -9999 -9999 -9999 -9999 -9999 -9999 -9999 -9999 -9999 -9999 -9999 -9999 -9999 -9999 -9999 -9999 -9999 -9999 -9999 -9999 -9999 -9999 -9999 -9999 6.18196105957031 1.19101604819298 3.66580331325531 3.49802327156067 2.14522701501846 1.38993626832962 1.3256234228611 1.41404038667679 1.59105670452118 1.26699846982956 1.06427800655365 0.885014802217484 0.794838398694992 0.710868492722511 0.6661436855793 0.605730906128883 0.520524010062218 0.346183575689793 0.354745611548424 0.401191279292107 0.408232524991035 0.439334616065025 1.18225720524788 1.12775105237961 1.22037720680237 1.39586770534515 1.54012656211853 1.81566935777664 1.88290840387344 1.56605333089828 1.36023312807083 1.08456864953041 0.821509033441544 0.544412970542908 0.917910575866699 0.915513038635254
-9999 -9999 -9999 -9999 -9999 -9999 -9999 -9999 -9999 -9999 -9999 -9999 -9999 -9999 -9999 -9999 -9999 -9999 -9999 -9999 -9999 -9999 -9999 -9999 -9999 -9999 -9999 -9999 2.32827231287956 1.72826600074768 1.58558320999146 2.3115953207016 1.83522588014603 1.30088174343109 1.51312512159348 1.2864451110363 1.15689253807068 0.995161324739456 0.875548928976059 0.884654670953751 0.939743489027023 0.86966398358345 0.878334760665894 0.961998760700226 1.25015929341316 1.17284926772118 0.472348004579544 0.459862768650055 0.457398265600204 0.466389209032059 1.18163377046585 1.24520033597946 1.4443547129631 1.65272802114487 1.5979111790657 1.5570033788681 1.41631937026978 1.18833535909653 1.00998437404633 0.937435358762741 0.829259544610977 0.823526948690414
