EcologicalScience/Bass/data/rs_data_bass/chl_185.asc
NCOLS 226 
NROWS 124 
XLLCORNER -9.41648524995501 
YLLCORNER 47.587301625531 
CELLSIZE 0.0833 
NODATA_value -9999 
[rows 81 to 107 of 124, columns 62 to 123 of 226]
3.85158455371857 5.97498106956482 7.6620512008667 7.66205191612244 -9999 -9999 -9999 -9999 -9999 -9999 -9999 -9999 -9999 -9999 -9999 -9999 -9999 -9999 -9999 -9999 -9999 -9999 -9999 -9999 -9999 -9999 -9999 -9999 -9999 -9999 -9999 -9999 -9999 -9999 -9999 -9999 -9999 -9999 -9999 -9999 -9999 -9999 -9999 -9999 -9999 -9999 -9999 -9999 -9999 -9999 -9999 -9999 -9999 -9999 -9999 -9999 -9999 -9999 -9999 -9999 -9999 -9999
2.95821246128638 -9999 -9999 -9999 -9999 -9999 -9999 -9999 -9999 -9999 -9999 -9999 -9999 -9999 -9999 -9999 -9999 -9999 -9999 -9999 -9999 -9999 -9999 -9999 -9999 -9999 -9999 -9999 -9999 -9999 -9999 -9999 -9999 -9999 -9999 -9999 -9999 -9999 -9999 -9999 -9999 -9999 -9999 -9999 -9999 -9999 -9999 -9999 -9999 -9999 -9999 -9999 -9999 -9999 -9999 -9999 -9999 -9999 -9999 -9999 -9999 -9999
-9999 -9999 -9999 -9999 -9999 -9999 -9999 -9999 -9999 -9999 -9999 -9999 -9999 -9999 -9999 -9999 -9999 -9999 -9999 -9999 -9999 -9999 -9999 -9999 -9999 -9999 -9999 -9999 -9999 -9999 -9999 -9999 -9999 -9999 -9999 -9999 -9999 -9999 -9999 -9999 -9999 -9999 -9999 -9999 -9999 -9999 -9999 -9999 -9999 -9999 -9999 -9999 -9999 -9999 -9999 -9999 -9999 -9999 -9999 -9999 -9999 -9999
-9999 -9999 -9999 -9999 -9999 -9999 -9999 -9999 -9999 -9999 -9999 -9999 -9999 -9999 -9999 -9999 -9999 -9999 -9999 -9999 -9999 -9999 -9999 -9999 -9999 -9999 -9999 -9999 -9999 -9999 -9999 -9999 -9999 -9999 -9999 -9999 -9999 -9999 -9999 -9999 -9999 -9999 -9999 -9999 -9999 -9999 -9999 -9999 -9999 -9999 -9999 -9999 -9999 -9999 -9999 -9999 -9999 2.72424026561338 2.66091928482056 2.39503410458565 2.54890978794831 2.66212245225906
-9999 -9999 -9999 -9999 -9999 -9999 -9999 -9999 -9999 -9999 -9999 -9999 -9999 -9999 -9999 -9999 -9999 -9999 -9999 -9999 -9999 -9999 -9999 -9999 -9999 -9999 -9999 -9999 -9999 -9999 -9999 -9999 -9999 -9999 -9999 -9999 37.1749906539917 -9999 3.92506430830274 3.44813744723797 -9999 -9999 3.27059324582418 2.90406415292195 2.85849869251251 2.78000283241272 2.58513474464417 2.68662337823348 2.61832308769226 2.46531504392624 2.26117980480194 2.56284227060235 -9999 -9999 -9999 2.71752275526524 2.95207611322403 2.49715663790703 2.10871066153049 2.05431470274925 1.83158490657806 1.3945416033268
-9999 -9999 -9999 -9999 -9999 -9999 -9999 -9999 -9999 -9999 -9999 -9999 -9999 6.1409782266075 2.16018232703209 1.6720165014267 1.86575882434845 1.84792322516441 1.12509450316429 -9999 -9999 -9999 -9999 -9999 -9999 -9999 -9999 -9999 2.29058240760456 2.19715025750074 2.75412315130234 2.82802206277847 -9999 3.66949796676636 -9999 -9999 -9999 -9999 3.07463394105434 3.04003778100014 2.91814993321896 2.89244645833969 2.65536195039749 1.94948387958787 1.76544253528118 2.37768281318925 2.29244397445159 2.05967366695404 1.97809254039418 1.96965143355456 1.98965972661972 2.0025737285614 2.10964876413345 2.62418904629621 2.11945159435272 2.20255955457687 2.22592007517815 1.92809913754463 1.88494439721108 1.64671588540077 1.49434196054935 1.35946447849274
-9999 -9999 -9999 -9999 -9999 -9999 -9999 -9999 -9999 -9999 2.02003195881844 1.59145876765251 1.48721000552177 1.62904721227559 1.44565041498704 1.46048099886287 1.45896268974651 1.50835498354652 1.56063452092084 1.54893288016319 4.35479244340463 -9999 2.01776626862978 2.02975477142768 2.4813378997471 -9999 -9999 2.50494213746144 2.21968926624818 2.12957074967298 2.21912479942495 2.39289692857049 2.37814325094223 2.28979024291039 -9999 -9999 3.25131685393197 2.74819017648697 2.6101019626314 2.7967943251133 2.22176633639769 2.27435898184776 1.9925352036953 1.79134018421173 1.72377759218216 1.7820827960968 1.74310645461082 1.63702121376991 1.45810178193179 1.33177018436519 1.15626124360345 1.09272345900536 1.22503967447714 2.09741678237915 1.67427735328674 1.52567515075207 1.44955340623856 1.28705129921436 1.12957530319691 1.10238500833511 1.01761119961739 1.06994060575962
-9999 -9999 -9999 -9999 -9999 -9999 -9999 -9999 -9999 1.4398772445592 1.41458057544448 1.36548412117091 1.33641940355301 1.34232225269079 1.42392168939114 1.3776101320982 1.54349926114082 1.60840578512712 1.71657542207024 1.7536843446168 1.81448337435722 1.65524497628212 2.05646621639078 2.05696287209337 2.07676420699466 2.12441534887661 2.10699818080122 2.0876937454397 2.13454307751222 2.09328784184022 2.30541376769543 2.30774730985815 2.4498079419136 2.39673492583362 2.79514960267327 2.92474880543622 2.97479695623571 2.93997289375825 2.6208305792375 2.48846167055043 2.21962704712694 2.09553369283676 2.03584724664688 1.51114432649179 1.38646988706155 1.13096429001201 1.19292731312188 1.13083358515393 1.01631385087967 1.04821439493786 1.04485522075133 0.996103243394332 1.00036068125205 0.986005485057831 0.761750237508254 0.799758435650305 0.728526165539568 1.00382017493248 1.02991296797991 0.959951247274876 0.949481405317783 0.98594374358654
-9999 -9999 -9999 -9999 -9999 -9999 -9999 -9999 -9999 1.45065450668335 1.36657127737999 1.36217625439167 1.30591161434467 1.18716225840829 1.14941064607013 1.31302616000175 1.64779341816902 1.81088933944702 1.66523214632815 1.89009567553347 2.023402556777 2.06856746971607 2.04131471839818 1.87818612293764 1.80705141208389 2.11516539752483 2.07920233905315 2.00962588191032 2.08280235528946 2.09811222553253 2.09765607118607 2.03482832014561 2.16792219335383 2.26335070349953 2.52781079032204 2.64295755191283 2.51198886199431 2.5300500609658 2.15765575387261 2.12137606469068 1.99015815691514 1.85211173512719 1.30332200906493 1.11772719838402 1.06106100163677 1.03065156665715 0.998389891602776 0.995602572506124 0.988901735706763 0.98190826177597 0.895691230893135 0.914243504405022 0.993126511573792 0.790399021723054 0.738985553383827 0.705411953004924 0.685609691522338 0.696421680125323 0.682632683352991 0.887181651592255 0.939682343602181 0.994273728132248
-9999 -9999 -9999 -9999 -9999 -9999 -9999 -9999 1.47366713799279 1.25252140313387 1.2293748781085 1.24609746783972 1.13365396044471 1.12502376599745 1.13137218897993 1.10979590632699 1.6065553933382 1.39870347976685 1.16634006662802 1.29428024996411 1.66581979393959 1.70636087114161 1.79825365084868 1.83223380283876 1.50873660296202 1.56147582828999 1.54049348831177 1.58717635273933 1.52603681087494 1.57887090878053 1.66326798092235 1.61949379742146 1.71527096629143 1.79880656979301 1.9168355031447 2.11435942216353 2.12809839573773 2.09621479836377 1.79015361720865 1.61928802728653 1.44477640498768 1.41698421673341 1.31963662058115 1.28003116697073 1.23958309739828 1.33234423398972 0.97077950835228 0.956379249691963 0.951452225446701 0.915329277515411 0.707914595093046 0.717307141848973 0.701543575951031 0.734516318548809 0.738462120294571 0.713051319122314 0.812647421658039 0.783079522848129 0.830866183340549 0.831292051076889 0.889445757865906 0.926745902001858
1.09481251239777 0.950596526265144 1.1521474014629 1.05526059178206 -9999 -9999 -9999 2.50116796927019 1.54270045955976 1.23259211579959 1.27607079595327 1.24460292607546 1.49787843972445 0.899147581595641 0.835976184560702 0.975221514701843 0.93851974606514 0.974309823729775 1.01981710032983 1.0622482733293 1.11623055013743 1.14934055913578 1.12389220703732 1.20238599479198 1.22565152496099 1.18954519182444 1.13359912771445 1.18970836400986 1.19727264940739 1.20817525684834 1.17952556793506 1.23069047240111 1.25336623191833 1.29228772222996 1.34627138078213 1.44769797474146 1.54853293028745 1.58075957406651 1.46026235818863 1.4333827495575 1.37183441794836 1.03299623727798 0.927396431565285 0.911536246538162 0.880868715735582 0.859039008617401 0.827802946934333 0.805354559650788 0.781017543031619 0.685868984231582 0.720116632489058 0.727670826590978 0.741467930949651 0.904196262359619 0.995204112359456 0.989628923790795 0.835791593248194 0.823223894834519 0.810214501619339 0.796279031038284 0.79057731628418 0.811749967932701
0.879822999238968 0.876999467611313 1.07025826871395 1.26359535455704 1.3970747249467 1.38824161035674 1.47801161557436 1.20307004749775 1.12762409448624 0.778591619088099 1.29629567265511 1.54762524366379 2.01515580849214 0.849324971437454 0.753423634171486 0.753976982831955 0.777055191993713 0.9492298649116 0.916683524847031 0.941106006503105 1.05235859155655 0.968326017260551 1.06035180177007 1.01522252840154 0.819034662097692 0.738359534740448 0.951563295196085 0.860277915000915 1.05889859369823 0.992039769887924 0.994609773159027 1.00207674503326 1.10417806250708 1.12526879566056 1.12581578748567 1.14577911794186 1.96854672982143 0.972271072013038 0.798022288829088 0.850517861545086 0.928581029176712 0.816897521798427 0.78677595865268 0.805428416683124 0.731218855828047 0.764244262988751 0.751315871110329 0.759405358479573 0.760763811377379 0.783624020906595 0.804466965106817 0.894742727279663 0.897157266736031 0.920294716954231 0.808785252846204 0.837485253810883 0.819135761260986 0.823912104964256 0.817758786678314 0.774586929380894 0.763070118427277 0.78294975310564
0.742443263530731 0.666498258709908 0.655210763216019 1.12821855247021 1.16082182228565 1.16145868599415 1.1912365347147 0.620699748396873 0.63638824224472 0.686172738671303 0.8439861536026 0.841362458467484 0.750455752015114 0.728331997990608 0.715256541967392 0.731325164437294 0.767375130545009 0.776549390771172 0.80398858487606 0.884017047286034 1.32201671898365 0.740141662684354 0.752318755938457 0.740300540740673 0.952839240431786 0.939633810206463 0.982336438127926 0.877117035143516 1.03355473918574 0.952127486467361 1.07851149354662 1.03671443249498 1.05462817209108 1.07315167358943 0.953978508710861 0.902393690177372 0.887476086616516 0.842297396876595 0.849409322847019 0.935385627405984 0.950854603733335 0.983155195202146 0.836504518985748 0.829070741480047 0.869775518774986 0.811698840214656 0.812138406129984 0.820400521159172 0.799500071085416 0.811668345561394 0.828407664711659 0.886445015668869 0.877159997820854 0.93532320857048 0.8377406001091 0.772746927463091 0.819873896241188 0.818613736331463 0.822376777231693 0.812341198325157 0.80697006136179 0.806972171366215
0.579171806573868 0.571098054830845 0.577484487341001 0.719004765152931 0.666364919055592 0.651756629347801 0.648442374034361 0.624848991632462 0.63782924413681 0.683580610156059 0.792758265137672 0.786827525496483 0.698761771504696 0.690090000629425 0.712607517838478 0.70527908205986 0.720058968121355 0.717850132422014 0.726053267717361 0.753111243247986 0.751472011208534 0.847529551812581 0.999875277280807 1.02275106310844 1.03973130385081 0.960233220282723 0.972660851829192 1.05686912628321 1.19828995145284 1.03716546297073 1.03297424316406 1.18630498876938 1.1180736216215 0.930582863943917 1.03864740866881 0.972235373088292 1.12597335301913 0.867692836306312 0.876128716902299 1.0071761906147 1.00584545731544 1.0033936883722 1.01515682254519 1.13131138911614 1.1224480500588 0.962046312434333 0.861219523044733 0.848488417955545 0.816550705295343 0.752945815141384 0.751970325197492 0.648104980587959 0.687523220073093 0.800783175230026 0.804069051146507 0.783581399917602 0.868504244547624 0.898290914297104 0.908208695054054 0.900689569115639 0.891925862431526 1.3338367451321
0.554033019221746 0.55369909795431 0.557554140686989 0.562762846167271 0.584182571281086 0.592037452892824 0.598797139796344 0.622105365449732 0.631167086687955 0.653645197098905 0.658790259198709 0.596553492275151 0.643072320864751 0.643568247556686 0.683300736275586 0.709357336163521 0.718866128813137 0.715374752879143 0.775036230683327 0.807371873121995 0.809806583019403 0.826002957729193 0.856737986207008 0.870374352886127 0.883535388570565 0.951821665553486 1.05674973428249 1.06276018917561 1.16257709494004 1.00774738618306 1.15200992043202 1.18361836442581 1.14855208878334 0.970109696899142 1.0344723130648 1.10441869497299 1.16619468652285 1.19288387665382 1.20404787017749 1.05837567789214 1.05027770570346 1.03512600915773 1.17652597794166 1.15991419783005 1.12769493231407 0.975256613322667 0.889617472887039 0.709282917635781 0.755266057593482 0.704550217304911 0.716633351785796 0.722774863243103 0.756298944354057 0.834853845834732 0.859529453516006 0.892658784985542 1.02039277553558 1.09010505974293 1.15714007019997 1.14013905823231 1.8313270536336 1.95056602087888
0.6015949472785 0.516392833911456 0.518331703085166 0.521563837161431 0.546567280184139 0.546093134717508 0.549366876482964 0.557015935128385 0.584377434391242 0.684699006378651 0.705889890139753 0.636770814657211 0.698098039627075 0.802840822935104 0.847191023826599 0.753856402906505 0.785166755318642 0.868348266590725 0.874084576964378 0.79602575302124 0.915813860568133 0.923712677576325 0.955023468895392 0.886248006270482 0.873090780698336 0.95814802700823 0.915902125564488 1.04580361247063 1.06156167158714 1.04276164907676 1.03511436168964 0.990047912706028 0.944586875763806 0.977089109329077 1.04628497820634 0.979572390968149 1.18508195647827 1.21276325445909 1.24655291208854 1.12649916325297 1.10245425786291 1.09440158946174 1.22406072570727 1.19345478828137 1.13130829425958 0.983940239463534 0.868557125329971 0.754255056381226 0.786158055067062 0.747935995459557 0.785879284143448 0.782364423573017 0.791927625238895 0.97099920809269 1.03762089908123 1.13529676795006 1.47547571361065 1.57656589150429 1.94208884239197 2.11494633826343 2.37080571743158 2.30783028155565
0.469071648441828 0.815273228287697 0.506917517918807 0.5113948400204 0.512804423387234 0.514687153426084 0.488891068100929 0.514926046133041 0.743431005340356 0.788176160305738 0.77016768604517 0.766663343860553 0.672650769352913 0.752502944607001 0.781766099425463 0.813894705338912 0.752584867179394 0.652357131242752 0.908970830115405 0.919477079402317 0.945904397151687 0.938715605573221 0.968998615037311 1.01291986612173 0.982769519090652 1.07155330692019 1.20777940750122 1.25749401109559 1.24935331514903 1.16985147274458 1.01892186836763 1.15489856153727 1.19257624103473 1.2299186065793 1.31380538642406 1.28949151933193 1.27462028998595 1.25112015008926 1.22071021336776 1.22055644713915 1.16755829407619 1.16133254307967 1.1727326466487 1.16720071434975 1.09251200465056 1.05866282949081 0.87945152933781 0.844612839130255 0.809709266974376 0.740429565310478 0.848071051495416 1.02860694310882 1.10391211509705 1.59150093335372 1.63994028893384 1.78329473733902 2.14295718530669 -9999 -9999 -9999 -9999 -9999
0.847062908113003 0.86252338886261 0.43750087916851 0.462388515472412 0.452815867960453 0.477966698817909 0.483212342485785 0.528129601478577 0.972408763386987 0.621812770409243 0.788585302921442 0.810399485322145 0.628450259566307 0.649788539324488 0.674599592174802 0.860718486400751 0.822445899248123 0.726013720035553 0.967921061011461 0.900287365371531 0.965132595254825 1.01931354059623 1.15912299431287 1.15613720050225 1.0959729208396 1.27626350063544 1.34518651320384 1.37060775927135 1.32871758086341 1.2784333045666 1.17282502217726 1.27761840132567 1.30643084186774 1.69526325166225 1.62327429881463 1.5987320627485 1.41618677286001 1.34119293093681 1.27455053879664 1.19211990787433 1.12872864879095 1.13125019348585 1.17503831478266 1.18355160493117 1.13399713314497 0.974805964873387 0.814449741290166 0.776742359766593 0.786473469092296 1.00627535155841 1.30615186265537 1.39649950374256 1.55171081152829 2.43202251536506 1.81517080987086 -9999 -9999 -9999 -9999 -9999 -9999 -9999
0.772200570865111 0.780278579755263 0.74544600918889 0.441430114209652 0.439729504287243 0.974601900035685 0.939088350534439 0.935743193328381 0.995486058972099 0.567144244909286 0.587471753358841 0.571082770824432 0.611184999346733 0.715913708720888 0.848822181041424 0.74360671213695 0.835102698632649 0.93834742477962 0.966512743097085 0.994013487146451 1.09717335723914 1.26320715707082 1.25759898813871 1.20672148236862 1.20228708248872 1.23435822816995 1.33773723473916 1.36885284689757 1.35760679841042 -9999 -9999 -9999 -9999 -9999 -9999 3.14426672458649 1.41787324960415 1.85893736141069 1.44964102762086 1.10226488113403 1.05941875852071 1.06619112995955 1.02680427982257 1.01526303703968 0.94589345730268 0.927405994672042 0.90722254189578 0.981654012745077 1.01661976900968 1.30103710523018 2.06879381622587 2.21864942141942 2.16803493670055 1.9762424826622 1.97624230384827 -9999 -9999 -9999 -9999 -9999 -9999 -9999
0.844158355146646 0.785410596565767 0.814361688088287 0.976220990717411 1.01736770705743 0.468221677467227 0.536094937473536 0.500302875414491 0.598333239555359 0.549027979373932 0.603102013468742 0.615883231163025 0.641778260469437 0.926383773867901 0.899556257403814 0.902904720260547 0.853723966158353 0.967119575693057 1.01081241667271 1.06879774194497 1.03547408030583 1.17327116888303 1.25955442167245 1.28266603671587 1.15655852583322 1.13351000303572 1.3233421421968 1.38508078914422 1.32640821167401 -9999 -9999 -9999 -9999 -9999 -9999 -9999 1.87000166911345 1.28761888008851 1.199769031543 1.09832545885673 1.01690041560393 0.995432764291763 1.01285073390374 0.798339469866319 0.874942020728038 0.870635906091103 1.00229516166907 1.02616187388247 1.18649638782848 1.81146705150604 2.27547899117837 2.1527014374733 -9999 -9999 -9999 -9999 -9999 -9999 -9999 -9999 -9999 -9999
0.764008547772061 0.767519827593457 0.900274492800236 0.994763795067282 1.02217954747817 0.444405269096879 0.476213542744517 0.601978242397308 0.46829135902226 0.517137100920081 0.815380479608263 0.821082638842719 0.81295770406723 0.913610984499638 0.868906923211538 0.866701043569125 0.895326746361596 1.00703530586683 1.20867481827736 1.37832975387573 0.735222103087218 1.156267366239 1.03922088657107 1.12677548137995 1.17429286012283 1.19359935246981 1.37101711447422 1.48775197450931 1.60459063947201 -9999 -9999 -9999 -9999 -9999 -9999 -9999 20.4863223859242 9.78552046843937 7.20346983522177 1.77322869575941 1.31481578487616 1.14371098004855 1.12518889628924 1.29909363159767 1.27356367844802 1.21489569315544 1.17279361532285 1.25250931428029 1.34283718195829 1.85886485468258 2.47306164869895 3.10044677440937 3.53121424638308 -9999 -9999 -9999 -9999 -9999 -9999 -9999 -9999 -9999
1.05422945997932 1.04390820589933 0.993217207053128 0.953638183719972 0.955445249875386 0.960641026496887 0.481387175181333 0.919376454183033 0.857341974973679 0.907263994216919 0.872070001704352 0.828401110001973 0.843173031296049 0.582990136336196 0.655744279806431 0.669841612760837 0.915556937456131 0.965143906218665 1.02234696916171 0.873287396935316 0.915135438625629 0.907527517813903 1.13951804087712 0.972120076417923 1.18696903288364 1.33126352727413 1.73512223592171 1.8050573353584 1.74319201111794 1.41895151138306 -9999 -9999 -9999 -9999 -9999 -9999 -9999 15.0851319386409 13.007270260861 9.28658390045166 2.56364827889663 1.8429452089163 1.78350627422333 2.05926112945263 2.34800058603287 2.32999348640442 2.24351093860773 2.19381492871505 2.32864562823222 3.20408430966464 3.67913928898898 3.74510088333717 3.24011781246333 -9999 -9999 -9999 -9999 -9999 -9999 -9999 -9999 -9999
0.846670870597546 0.845652257020657 1.01859335104624 0.958398590485255 0.973346382379532 0.981542817183903 0.968702814408711 0.932114911767153 0.886009820482948 0.903576818379489 0.90942222731454 0.867908145700182 0.660071477293968 0.584982906281948 0.625723488628864 0.659921441227198 0.864943729979651 0.942558607884816 0.979373114449637 0.957526470933642 0.772120219010573 0.947100444481923 1.13105081766844 1.55472089464848 1.6349440000274 1.67589975893497 1.71119636893272 1.70186577737331 1.71321873664856 1.82068676054478 -9999 -9999 -9999 -9999 -9999 -9999 -9999 -9999 -9999 -9999 -9999 -9999 -9999 -9999 -9999 -9999 3.65490746498108 2.41052363174302 2.47663211396762 3.91209164532748 -9999 -9999 -9999 -9999 -9999 -9999 -9999 -9999 -9999 -9999 -9999 -9999
0.844876936503819 0.804548157887025 1.01644539833069 0.865374806252393 0.956593189920698 0.987744940178735 1.00891071132251 0.954864896260775 0.921507249657924 0.852654614127599 0.781241999222682 0.777983159973071 0.791551238069168 0.656352408803426 0.664631309834394 0.868998881090771 0.831882265481082 0.821957966143435 0.792784750461578 0.750700533390045 0.889083022421057 0.996608815409921 1.1344672001221 1.19491150975227 -9999 -9999 -9999 1.63755933344364 1.57680912315845 1.61929821074009 1.94197171926498 -9999 -9999 -9999 -9999 -9999 -9999 -9999 -9999 -9999 -9999 -9999 -9999 -9999 -9999 -9999 -9999 -9999 -9999 -9999 -9999 -9999 -9999 -9999 -9999 -9999 -9999 -9999 -9999 -9999 -9999 -9999
0.788402942093936 0.87344278530641 0.869152209975503 0.892231472513892 1.34505894780159 1.05499528987067 1.09506415895053 0.839134874252173 0.858889556848086 0.84274866603888 0.819197364724599 0.800606798667174 0.781567715681516 0.774999515368388 0.749319604851983 0.882140957496383 0.930810326879675 0.882968792861158 0.811378724195741 0.779154835776849 0.970250633629886 1.10697378353639 1.37954499515203 1.70222670298356 1.75637182864276 1.90262642273536 1.68470124900341 1.55152831971645 1.52849236428738 1.53602511584759 1.93585755228996 2.43910706865376 -9999 -9999 -9999 -9999 -9999 -9999 -9999 -9999 -9999 -9999 -9999 -9999 -9999 -9999 -9999 -9999 -9999 -9999 -9999 -9999 -9999 -9999 -9999 -9999 -9999 -9999 -9999 -9999 -9999 -9999
0.774707054549997 1.15492736299833 0.85011444308541 1.41329157352448 0.964127304879102 0.992819805036891 0.995904833078384 0.763297095894814 0.915485253700843 0.933943046973302 0.921376292522137 0.986947516982372 0.983946981338354 1.00200636341022 0.982292492281307 1.0088349215009 1.00274366140366 0.899305042895404 0.874438774856654 0.899025284431197 1.06712055883624 1.15108806707642 1.24332565475594 1.52339896559715 1.67983477494933 1.71642221104015 1.65493286848068 1.47667808532715 1.68490208387375 1.77543439865112 1.82807047963142 1.64041870832443 -9999 -9999 -9999 -9999 -9999 -9999 -9999 -9999 -9999 -9999 -9999 -9999 -9999 -9999 -9999 -9999 -9999 -9999 -9999 -9999 -9999 -9999 -9999 -9999 -9999 -9999 -9999 -9999 -9999 -9999
1.08553693691889 1.34435412287712 1.10754381269217 0.903026429089633 0.935680868950757 0.759702917933464 0.807911632955074 0.906753619015217 1.17264864661477 1.14524255422029 1.12203972718932 1.25068166987462 1.24162419546734 1.22497820718722 1.3233347764382 1.24973140542324 1.15493110051522 1.02532933652401 0.914672861045057 1.0163504996083 1.12494314529679 1.42879410088062 1.6507364037362 1.70741136236624 1.86484453894875 1.77526539835063 1.69460743367672 1.43694207072258 1.62426812052727 1.68148335814476 1.78448672890663 -9999 -9999 -9999 -9999 -9999 -9999 -9999 -9999 -9999 -9999 -9999 -9999 -9999 -9999 -9999 -9999 -9999 -9999 -9999 -9999 -9999 -9999 -9999 -9999 -9999 -9999 -9999 -9999 -9999 -9999 -9999
