EcologicalScience/Bass/data/rs_data_bass/chl_75.asc
NCOLS 226 
NROWS 124 
XLLCORNER -9.41648524995501 
YLLCORNER 47.587301625531 
CELLSIZE 0.0833 
NODATA_value -9999 
[rows 0 to 26 of 124, columns 62 to 123 of 226]
-9999 -9999 -9999 -9999 -9999 -9999 -9999 -9999 -9999 -9999 -9999 -9999 -9999 -9999 -9999 -9999 -9999 -9999 -9999 -9999 -9999 -9999 -9999 -9999 -9999 -9999 -9999 -9999 -9999 -9999 -9999 -9999 -9999 -9999 -9999 -9999 -9999 -9999 -9999 -9999 -9999 -9999 -9999 -9999 -9999 -9999 -9999 -9999 -9999 -9999 -9999 -9999 -9999 -9999 -9999 -9999 -9999 -9999 -9999 -9999 -9999 -9999
-9999 -9999 -9999 -9999 -9999 -9999 -9999 -9999 -9999 -9999 -9999 -9999 -9999 -9999 -9999 -9999 -9999 -9999 -9999 -9999 -9999 -9999 -9999 -9999 -9999 -9999 -9999 -9999 -9999 -9999 -9999 -9999 -9999 -9999 -9999 -9999 -9999 -9999 -9999 -9999 -9999 -9999 -9999 -9999 -9999 -9999 -9999 -9999 -9999 -9999 -9999 -9999 -9999 -9999 -9999 -9999 -9999 -9999 -9999 -9999 -9999 -9999
-9999 -9999 -9999 -9999 -9999 -9999 -9999 -9999 -9999 -9999 -9999 -9999 -9999 -9999 -9999 -9999 -9999 -9999 -9999 -9999 -9999 -9999 -9999 -9999 -9999 -9999 -9999 -9999 -9999 -9999 -9999 -9999 -9999 -9999 -9999 -9999 -9999 -9999 -9999 -9999 -9999 -9999 -9999 -9999 -9999 -9999 -9999 -9999 -9999 -9999 -9999 -9999 -9999 -9999 -9999 -9999 -9999 -9999 -9999 -9999 -9999 -9999
-9999 -9999 -9999 -9999 -9999 -9999 -9999 -9999 -9999 -9999 -9999 -9999 -9999 -9999 -9999 -9999 -9999 -9999 -9999 -9999 -9999 -9999 -9999 -9999 -9999 -9999 -9999 -9999 -9999 -9999 -9999 -9999 -9999 -9999 -9999 -9999 -9999 -9999 -9999 -9999 -9999 -9999 -9999 -9999 -9999 -9999 -9999 -9999 -9999 -9999 -9999 -9999 -9999 -9999 -9999 -9999 -9999 -9999 -9999 -9999 -9999 -9999
-9999 -9999 -9999 -9999 -9999 -9999 -9999 -9999 -9999 -9999 -9999 -9999 -9999 -9999 -9999 -9999 -9999 -9999 -9999 -9999 -9999 -9999 -9999 -9999 -9999 -9999 -9999 -9999 -9999 -9999 -9999 -9999 -9999 -9999 -9999 -9999 -9999 -9999 -9999 -9999 -9999 -9999 -9999 -9999 -9999 -9999 -9999 -9999 -9999 -9999 -9999 -9999 -9999 -9999 -9999 -9999 -9999 -9999 -9999 -9999 -9999 -9999
-9999 -9999 -9999 -9999 -9999 -9999 -9999 -9999 -9999 -9999 -9999 -9999 -9999 -9999 -9999 -9999 -9999 -9999 -9999 -9999 -9999 -9999 -9999 -9999 -9999 -9999 -9999 -9999 0.63735419511795 0.650352658037722 3.86965952600752 0.611471995711327 0.543976485729218 0.551083490252495 0.53795850276947 0.568568989634514 0.539460763335228 0.400203019380569 0.242004744708538 0.25637248903513 0.784123510122299 0.759665988385677 0.725087240338326 0.78738996013999 0.409629732370377 0.371031001210213 0.432912737131119 0.432022500783205 0.419091381132603 0.389265742152929 0.454187244176865 0.479572504758835 0.447581246495247 0.420139260590076 0.415993995964527 0.373089745640755 0.360487252473831 0.323965005576611 0.305922999978065 0.30892725661397 0.290393996983767 0.256816115230322
-9999 -9999 -9999 -9999 -9999 -9999 -9999 -9999 -9999 -9999 -9999 -9999 -9999 -9999 -9999 -9999 -9999 -9999 -9999 -9999 -9999 -9999 -9999 -9999 -9999 -9999 1.18186515569687 1.0627324283123 1.48539787530899 0.600305110216141 2.59767305850983 0.679378509521484 0.562393516302109 0.551637768745422 0.504202499985695 0.529977768659592 0.498623996973038 0.468305245041847 0.316457256674767 0.269567258656025 0.74167538434267 0.762252397835255 0.723136112093925 0.461575493216515 0.44835376739502 0.35945101082325 0.422078981995583 0.406935766339302 0.463537506759167 0.423649124801159 0.452197499573231 0.443008236587048 0.24150525033474 0.402578748762608 0.391638487577438 0.382720738649368 0.373447492718697 0.329554494470358 0.379928007721901 0.333837378770113 0.311708249151707 0.272983498871326
-9999 -9999 -9999 -9999 -9999 -9999 -9999 -9999 -9999 -9999 -9999 -9999 -9999 -9999 -9999 -9999 -9999 -9999 -9999 -9999 -9999 -9999 -9999 -9999 -9999 -9999 1.18186515569687 1.25876471400261 0.844437003135681 0.646061271429062 1.99085798859596 1.34535145759583 0.529679998755455 0.545554518699646 0.481675520539284 0.496937245130539 0.465526521205902 0.480638980865479 0.573502510786057 0.460218742489815 0.583426505327225 0.728770114481449 0.375682488083839 0.394255489110947 0.362230494618416 0.329960256814957 0.320455491542816 0.309485994279385 0.284673750400543 0.288501754403114 0.27564749121666 0.205319993197918 0.206803500652313 0.340065248310566 0.320498995482922 0.323435001075268 0.336274996399879 0.203538000583649 0.219889506697655 0.289239995181561 0.28983099758625 0.216921374201775
-9999 -9999 -9999 -9999 -9999 -9999 -9999 -9999 -9999 -9999 -9999 -9999 -9999 -9999 -9999 -9999 -9999 -9999 -9999 -9999 -9999 -9999 -9999 -9999 -9999 -9999 1.07028901576996 0.826379209756851 0.617562755942345 0.592730239033699 0.513185262680054 1.13624347746372 0.478704750537872 0.495655506849289 0.501107230782509 0.490388989448547 0.472241252660751 0.432521983981133 0.483319491147995 0.480395257472992 0.596162259578705 0.580771520733833 0.41007524728775 0.347637757658958 0.333345741033554 0.25831650942564 0.24685800075531 0.244537509977818 0.23998649418354 0.25942949205637 0.251378260552883 0.225567005574703 0.211487241089344 0.306782998144627 0.311447747051716 0.305335998535156 0.261490490287542 0.219532504677773 0.211971759796143 0.206258252263069 0.200042992830276 0.221441246569157
-9999 -9999 -9999 -9999 -9999 -9999 -9999 -9999 -9999 -9999 -9999 -9999 -9999 -9999 -9999 -9999 -9999 -9999 -9999 -9999 -9999 -9999 -9999 -9999 -9999 1.19121462106705 0.929171293973923 0.684350252151489 0.650845482945442 0.62042248249054 0.548397749662399 0.481803014874458 0.484950006008148 0.514879480004311 0.526646241545677 0.456329986453056 0.455271765589714 0.443367764353752 0.529749020934105 0.576677262783051 0.671715751290321 0.501160517334938 0.382434770464897 0.348608247935772 0.330836243927479 0.266030251979828 0.252320989966393 0.250086754560471 0.229571990668774 0.240516744554043 0.330226749181747 0.32235000282526 0.29951249808073 0.289317257702351 0.305972993373871 0.237457506358624 0.239116497337818 0.231332257390022 0.205044753849506 0.205826997756958 0.225940503180027 0.268668249249458
-9999 -9999 -9999 -9999 -9999 -9999 -9999 -9999 -9999 -9999 -9999 -9999 -9999 -9999 -9999 -9999 -9999 -9999 -9999 -9999 -9999 -9999 -9999 -9999 -9999 0.721320748329163 0.894627034664154 0.873670488595963 0.692037731409073 0.693055495619774 0.600915759801865 0.496208265423775 0.501562491059303 0.532451257109642 0.58366347849369 0.565901979804039 0.571971729397774 0.522385507822037 0.480597004294395 0.511239007115364 0.618893265724182 0.475235983729362 0.430559992790222 0.38976001739502 0.327651746571064 0.299139752984047 0.280379243195057 0.256826989352703 0.239653497934341 0.244011752307415 0.32821974158287 0.280292250216007 0.26630175858736 0.245210990309715 0.231774754822254 0.216748505830765 0.279573492705822 0.26987274736166 0.253379624336958 0.233265750110149 0.240348380059004 0.259083006531
-9999 -9999 -9999 -9999 -9999 -9999 -9999 -9999 -9999 -9999 -9999 -9999 -9999 -9999 -9999 -9999 -9999 -9999 -9999 -9999 -9999 -9999 -9999 -9999 1.31647038459778 0.758140504360199 0.724917009472847 0.75409197807312 0.816176265478134 0.69640651345253 0.636452257633209 0.555846020579338 0.518052756786346 0.491734519600868 0.588715508580208 0.629180252552032 0.602351993322372 0.532065019011497 0.453414738178253 0.41339322924614 0.41362501680851 0.390849754214287 0.416243255138397 0.378696754574776 0.318299241364002 0.315426751971245 0.297542989253998 0.272777996957302 0.261555008590221 0.268839754164219 0.327746249735355 0.330652490258217 0.316382244229317 0.300406500697136 0.295632004737854 0.289365999400616 0.268737372010946 0.196545749902725 0.180629253387451 0.168441005051136 0.166953753679991 0.163506746292114
-9999 -9999 -9999 -9999 -9999 -9999 -9999 -9999 -9999 -9999 -9999 -9999 -9999 -9999 -9999 -9999 -9999 -9999 -9999 -9999 -9999 -9999 -9999 1.50594073534012 1.26767778396606 1.01077803969383 0.938242524862289 0.816300004720688 0.834563255310059 0.794824540615082 0.713845521211624 0.644827499985695 0.612863257527351 0.580451264977455 0.604916989803314 0.529947012662888 0.511734768748283 0.473994746804237 0.399984732270241 0.352872759103775 0.333702005445957 0.347535744309425 0.336357749998569 0.314890488982201 0.324717745184898 0.329127743840218 0.293036252260208 0.261144004762173 0.263248510658741 0.2734365016222 0.325606495141983 0.333936005830765 0.356038503348827 0.309195756912231 0.302371993660927 0.234781511127949 0.22367325425148 0.229429498314857 0.195263989269733 0.193540491163731 0.179719503968954 0.174801003187895
-9999 -9999 -9999 -9999 -9999 -9999 -9999 -9999 -9999 -9999 -9999 -9999 -9999 -9999 -9999 -9999 -9999 -9999 -9999 -9999 -9999 -9999 16.4616015979222 1.26420521736145 1.16650047898293 0.982431024312973 0.855601519346237 0.837206214666367 0.732704982161522 0.798338234424591 0.670709252357483 0.594570010900497 0.568753480911255 0.541899740695953 0.526297509670258 0.441378012299538 0.365871749818325 0.329280003905296 0.320555247366428 0.330282747745514 0.320445008575916 0.333548247814178 0.338762260973454 0.331250242888927 0.345737993717194 0.321101255714893 0.29203574359417 0.286311753094196 0.325138494372368 0.268447503447533 0.33288449048996 0.400379240512848 0.345097862184048 0.324129000306129 0.333795368671417 0.247765503823757 0.249619491398335 0.208867505192757 0.192962251603603 0.207004509866238 0.202791005373001 0.178298994898796
-9999 -9999 -9999 -9999 -9999 -9999 -9999 -9999 -9999 -9999 -9999 -9999 -9999 -9999 -9999 -9999 -9999 -9999 -9999 -9999 2.64602583646774 2.52383289666011 0.880980759859085 0.748170733451843 0.968902498483658 0.836411207914352 0.898896753787994 0.926051259040833 0.803371489048004 0.758897960186005 0.675294756889343 0.591161236166954 0.557303264737129 0.502548739314079 0.465857237577438 0.461487740278244 0.358830749988556 0.33159975707531 0.347506508231163 0.338350497186184 0.324289508163929 0.317289747297764 0.315729752182961 0.323888249695301 0.30902624130249 0.287249252200127 0.310224004089832 0.30825150758028 0.334885507822037 0.319635003805161 0.281193003058434 0.267357006669044 0.27784726023674 0.25763625651598 0.308973759412766 0.350043743848801 0.235677748918533 0.217787995934486 0.20006400346756 0.186087001115084 0.197711259126663 0.198308251798153
-9999 -9999 -9999 -9999 -9999 -9999 -9999 -9999 -9999 -9999 -9999 -9999 -9999 -9999 -9999 -9999 -9999 -9999 -9999 -9999 2.07304218999562 1.17179623246193 1.02674549818039 0.824180960655212 0.749861240386963 0.68165548145771 0.851306229829788 0.94431746006012 0.930161207914352 1.04477101564407 0.979555517435074 0.795873731374741 0.604427263140678 0.536218509078026 0.503008514642715 0.43289852142334 0.461899504065514 0.414826512336731 0.399232506752014 0.363669008016586 0.334002748131752 0.322988994419575 0.342763490974903 0.341529004275799 0.340509004890919 0.319099500775337 0.283474490046501 0.281723253428936 0.277261510491371 0.267245247960091 0.315824255347252 0.296319007873535 0.28693950176239 0.251383490860462 0.252329997718334 0.281209498643875 0.313961260020733 0.334121994674206 0.205203741788864 0.181965753436089 0.192146256566048 0.193582490086555
-9999 -9999 -9999 -9999 -9999 -9999 -9999 -9999 -9999 -9999 -9999 -9999 -9999 -9999 -9999 -9999 -9999 -9999 -9999 4.26142368997846 0.944277763366699 1.03629451990128 0.767039269208908 0.755515515804291 0.723129004240036 0.702721506357193 0.670966520905495 0.744665265083313 0.814862966537476 0.820578038692474 0.810566961765289 0.755298793315887 0.644384980201721 0.552332237362862 0.489182263612747 0.530069231987 0.492791265249252 0.426088482141495 0.396265491843224 0.396554231643677 0.367523990571499 0.327331490814686 0.32446800917387 0.309855759143829 0.289134755730629 0.277740754187107 0.283055260777473 0.253052249550819 0.246805496513844 0.284346006810665 0.306001491844654 0.303286492824554 0.285436503589153 0.290360257029533 0.280343994498253 0.262509740889072 0.312005996704102 0.26053125411272 0.223142243921757 0.211850993335247 0.198484495282173 0.18528974801302
-9999 -9999 -9999 -9999 -9999 -9999 -9999 -9999 -9999 -9999 -9999 -9999 -9999 -9999 -9999 -9999 -9999 -9999 2.87489622831345 1.69015270471573 1.31174996495247 1.11552974581718 0.842515468597412 0.658194735646248 0.662348985671997 0.761250793933868 0.775636464357376 0.6757882386446 0.753767251968384 0.677181020379066 0.768105000257492 0.783897757530212 0.738395243883133 0.607317745685577 0.613131746649742 0.617448002099991 0.58576574921608 0.406335756182671 0.425425484776497 0.413318261504173 0.406573489308357 0.386336982250214 0.353191494941711 0.340759500861168 0.31835925579071 0.326362498104572 0.30358500033617 0.272577747702599 0.269148007035255 0.28864424675703 0.293380491435528 0.289346247911453 0.295559249818325 0.281804993748665 0.27267524600029 0.289255499839783 0.279790498316288 0.23191874474287 0.209519997239113 0.208943992853165 0.204378001391888 0.184467002749443
-9999 -9999 -9999 -9999 -9999 -9999 -9999 -9999 -9999 -9999 -9999 -9999 -9999 -9999 -9999 -9999 -9999 5.7013179112032 4.22868597507477 2.13080477714539 1.44377249479294 1.0711552798748 0.824153244495392 0.642570734024048 0.69403575360775 0.766093522310257 0.965594261884689 0.971488505601883 0.798044264316559 0.821608543395996 0.849019467830658 0.884687215089798 0.849497258663177 0.71840026974678 0.700306490063667 0.512469738721848 0.340983755886555 0.435409516096115 0.435484483838081 0.421932756900787 0.406420513987541 0.412200003862381 0.375192761421204 0.355769991874695 0.335385739803314 0.334093496203423 0.271922260522842 0.265578009188175 0.271890744566917 0.26740875095129 0.261908993124962 0.27632025629282 0.271634258329868 0.265405498445034 0.279708757996559 0.293967001140118 0.273336008191109 0.255819752812386 0.236521504819393 0.215565741062164 0.201955497264862 0.196376994252205
-9999 -9999 -9999 -9999 -9999 -9999 -9999 -9999 -9999 -9999 -9999 -9999 -9999 -9999 -9999 -9999 -9999 -9999 -9999 2.38257068395615 1.58187675476074 1.1392830312252 0.806069254875183 0.708652496337891 0.699578270316124 0.743954256176949 0.81302547454834 1.10062426328659 0.760072499513626 0.721441492438316 0.703113734722137 0.715373978018761 0.777466535568237 0.672996014356613 0.600057765841484 0.599398478865623 0.485764503479004 0.409565985202789 0.380654990673065 0.368329502642155 0.358340241014957 0.338471241295338 0.316327504813671 0.310061998665333 0.313976995646954 0.302278496325016 0.257111258804798 0.259959742426872 0.25908675044775 0.255402758717537 0.25221674144268 0.243109501898289 0.267928496003151 0.294005244970322 0.319920010864735 0.3019665107131 0.283283248543739 0.332732990384102 0.267414003610611 0.231297008693218 0.209500506520271 0.195520497858524
-9999 -9999 -9999 -9999 -9999 -9999 -9999 -9999 -9999 -9999 -9999 -9999 -9999 -9999 -9999 4.33222889900208 13.8141589164734 9.42161232233047 1.7229922413826 1.80414533615112 1.37639102339745 1.04504477977753 0.902653455734253 0.806651294231415 0.77312171459198 0.752584487199783 0.726623252034187 0.72664649784565 0.696585014462471 0.691456496715546 0.661715984344482 0.653068497776985 0.565662771463394 0.551891997456551 0.543858736753464 0.508610978722572 0.39852149784565 0.361376993358135 0.354276739060879 0.329867251217365 0.302499756217003 0.292867496609688 0.280278749763966 0.277660489082336 0.273049503564835 0.275029510259628 0.257638491690159 0.241142995655537 0.219620257616043 0.219194255769253 0.225479990243912 0.237966746091843 0.30460799485445 0.345397509634495 0.344482496380806 0.304553993046284 0.36302100867033 0.357444003224373 0.351212248206139 0.330884255468845 0.261456750333309 0.258945755660534
-9999 -9999 -9999 -9999 -9999 -9999 -9999 -9999 -9999 -9999 35.2986888885498 35.2986888885498 13.7248649597168 37.9623119831085 3.37456333637238 2.46378672122955 1.86263108253479 1.49654102325439 1.82524341344833 2.12353867292404 1.34739303588867 0.889091223478317 0.73470076918602 0.70347748696804 0.740108996629715 0.688616260886192 0.598139271140099 0.595923766493797 0.554874747991562 0.556502982974052 0.563734486699104 0.550344005227089 0.542639270424843 0.576473236083984 0.562347739934921 0.52495501935482 0.427544251084328 0.366373501718044 0.327418506145477 0.298003502190113 0.27047473937273 0.267071239650249 0.262574248015881 0.262575007975101 0.25518299639225 0.243957750499249 0.244281738996506 0.22664250433445 0.19820174574852 0.234759740531445 0.246475495398045 0.277527742087841 0.3072419911623 0.30664799362421 0.289359748363495 0.309313505887985 0.340569756925106 0.299899511039257 0.330309748649597 0.302207998931408 0.282888002693653 0.288521245121956
-9999 -9999 -9999 -9999 -9999 -9999 -9999 -9999 -9999 -9999 35.2986888885498 6.47219395637512 5.34422779083252 3.2771430015564 3.50671434402466 1.98990297317505 2.64252376556396 6.0181776881218 9.34165243170049 14.2620405952136 2.56294280290604 1.01550677418709 0.784853965044022 0.733355239033699 0.722382768988609 0.743966236710548 0.69699601829052 0.639895498752594 0.583818733692169 0.56971500813961 0.539942979812622 0.504067495465279 0.496467769145966 0.52029150724411 0.488714978098869 0.519988507032394 0.429818227887154 0.399903729557991 0.310052253305912 0.288432754576206 0.28227149695158 0.288448490202427 0.286982998251915 0.261939749121666 0.242159239947796 0.238388255238533 0.244025252759457 0.228758253157139 0.241927497088909 0.259724244475365 0.299881495535374 0.32201025635004 0.318808503448963 0.29924625903368 0.295299746096134 0.31283625215292 0.328165501356125 0.307433992624283 0.316721253097057 0.309036009013653 0.307168498635292 0.311835005879402
-9999 -9999 -9999 -9999 -9999 -9999 -9999 -9999 -9999 -9999 -9999 -9999 -9999 26.1988162994385 19.3716044425964 7.48567914962769 -9999 -9999 -9999 -9999 -9999 -9999 1.50808203220367 2.43856805562973 1.61996555328369 1.04987552762032 0.708822771906853 0.560470506548882 0.536899521946907 0.55443674325943 0.576850488781929 0.551150992512703 0.516297742724419 0.493284747004509 0.436689734458923 0.417304515838623 0.39699675142765 0.370875746011734 0.354356244206429 0.331115998327732 0.320613741874695 0.309265494346619 0.305046759545803 0.286390498280525 0.262245006859303 0.256977751851082 0.248316742479801 0.31241550296545 0.318998247385025 0.30987448990345 0.336269997060299 0.385961249470711 0.344535000622272 0.343851752579212 0.318381004035473 0.317223742604256 0.320987239480019 0.303831003606319 0.303551249206066 0.311214007437229 0.320022001862526 0.326151005923748
-9999 -9999 -9999 -9999 -9999 -9999 -9999 -9999 -9999 -9999 -9999 -9999 -9999 16.6274771690369 16.6274771690369 16.6274771690369 -9999 -9999 -9999 -9999 -9999 -9999 4.94490551948547 4.94490551948547 4.94490551948547 0.308659605681896 0.913099497556686 1.01795849204063 0.776866525411606 0.51340726017952 0.530636250972748 0.510282754898071 0.508953765034676 0.526218742132187 0.514097258448601 0.470966979861259 0.441108763217926 0.390057742595673 0.328593760728836 0.319325990974903 0.336716249585152 0.326999254524708 0.321120746433735 0.323050506412983 0.312789000570774 0.304383002221584 0.282237008213997 0.317984260618687 0.34298924356699 0.365702256560326 0.397260010242462 0.415732517838478 0.381804004311562 0.284816242754459 0.300804756581783 0.329929500818253 0.339977994561195 0.308706745505333 0.315253503620625 0.328319258987904 0.321305260062218 0.299469754099846
-9999 -9999 -9999 -9999 -9999 -9999 -9999 -9999 -9999 -9999 -9999 -9999 -9999 -9999 -9999 -9999 -9999 -9999 -9999 -9999 -9999 -9999 -9999 -9999 -9999 -9999 4.75933786700754 1.31589370965958 1.18608078360558 0.661961987614632 0.524032518267632 0.473270237445831 0.485449478030205 0.481454998254776 0.478779762983322 0.447399750351906 0.391552492976189 0.362240239977837 0.341949753463268 0.287840992212296 0.293549247086048 0.314042240381241 0.337994992733002 0.328964240849018 0.303625501692295 0.302483260631561 0.31571850925684 0.309860989451408 0.337516508996487 0.380393251776695 0.440036997199059 0.417093738913536 0.366353251039982 0.385670989751816 0.355697996914387 0.340329006314278 0.289741493761539 0.292583249509335 0.311465241014957 0.319748260080814 0.316962003707886 0.294048003852367
-9999 -9999 -9999 -9999 -9999 -9999 -9999 -9999 -9999 -9999 -9999 -9999 -9999 -9999 -9999 -9999 -9999 -9999 -9999 -9999 -9999 -9999 -9999 -9999 -9999 -9999 -9999 2.80308383703232 2.66409748792648 0.985731035470963 0.980209529399872 0.853967249393463 0.611083477735519 0.493371739983559 0.454459503293037 0.41254198551178 0.389295771718025 0.37424024194479 0.370815753936768 0.359477989375591 0.324996739625931 0.290347494184971 0.298754990100861 0.321061491966248 0.334860742092133 0.344636254012585 0.347771242260933 0.359060257673264 0.375072732567787 0.409150511026382 0.428495988249779 0.401121765375137 0.372543007135391 0.446191236376762 0.410523377358913 0.417230263352394 0.262174509465694 0.266856752336025 0.271757997572422 0.282223507761955 0.276545248925686 0.256391242146492
