EcologicalScience/Bass/data/rs_data_bass/chl_221.asc
NCOLS 226 
NROWS 124 
XLLCORNER -9.41648524995501 
YLLCORNER 47.587301625531 
CELLSIZE 0.0833 
NODATA_value -9999 
[rows 54 to 80 of 124, columns 124 to 185 of 226]
2.56840807199478 2.47159802913666 2.48446726799011 2.36786556243896 2.48946905136108 2.45694154500961 2.64957368373871 2.59026753902435 2.51581048965454 2.53077971935272 2.75226366519928 2.93858617544174 2.73778796195984 2.82554930448532 2.37767332792282 2.1858224272728 1.93743449449539 1.75899070501328 1.73604369163513 1.68115049600601 1.79346817731857 1.92126756906509 2.11770308017731 2.07551032304764 1.9864245057106 1.99185526371002 2.02515524625778 2.09527194499969 2.23534941673279 2.25841194391251 2.35010772943497 2.3288494348526 2.12652379274368 1.71980398893356 1.73843032121658 1.89261299371719 1.68872702121735 2.19322913512588 2.1376962326467 2.06419193744659 1.9231862090528 1.74173694849014 1.73068324432654 1.83028957948965 1.79879463464022 1.83067509780327 1.96213609725237 2.25644390657544 2.84337907657027 3.15872046194578 3.26292467744727 3.64410185186486 6.43732757153718 6.46338765621185 10.7049616972605 26.0624327659607 12.3419512063265 9.07129407354764 10.7858695685863 16.0032791803347 5.27536916161726 5.11688482761383
2.74636191129684 2.61309599876404 2.52166056632996 2.4761438369751 2.45788425207138 2.32785147428513 2.34026992321014 2.81047493219376 2.56035822629929 2.46576744318008 2.31897979974747 2.28195816278458 2.89222955703735 2.61590033769608 2.40959250926971 1.95386928319931 1.78229624032974 1.70768845081329 1.62418806552887 1.69488894939423 1.77502351999283 1.73475444316864 1.9305254817009 2.01963007450104 2.00569868087769 1.92993378639221 1.96367704868317 2.05948430299759 2.80726067225138 2.47448597475886 2.07141441106796 2.04930067062378 1.97860282659531 1.75123125314713 1.8152961730957 1.94303405284882 1.87118393182755 2.08705763255849 1.94644117355347 1.87580004509758 1.75748912058771 1.86237228617949 1.97974006086588 1.95024043321609 2.13028503091712 2.23694884590805 2.33969140425324 2.53575130552053 3.64163600771051 7.9595593214035 5.93430858073027 6.11647575834523 7.21280280403469 8.46612434638174 12.5413285642862 14.4619037881494 10.5720698833466 -9999 -9999 -9999 -9999 -9999
2.64269399642944 2.65637916326523 2.63888329267502 2.64261442422867 2.59919929504395 2.46806019544601 2.38450580835342 2.50945651531219 2.41129124164581 2.39037680625916 2.21316522359848 2.0974035859108 2.30221652984619 2.55201154947281 2.54476118087769 2.18468391895294 1.98618757724762 1.82353806495667 2.00577592849731 1.75362968444824 1.7265704870224 1.64141625165939 1.87834417819977 1.85461431741714 1.83108669519424 1.78710973262787 1.81011307239532 3.16639881134033 2.55470660328865 2.40147710591555 2.14145347103477 2.08694813400507 1.82616680860519 1.99732487400373 1.90536846717199 1.88550547641866 1.83710359475192 1.86047861505957 1.8330715666799 1.77886320738231 1.805050464347 2.08714248798788 1.82764671742916 2.09040414914489 2.54169799759984 2.86487162858248 4.48144149780273 3.91413433433319 6.28877032321432 6.15861225128174 5.70907723903656 7.53870391845703 7.79760345659758 10.9694857299328 -9999 -9999 -9999 -9999 -9999 -9999 -9999 -9999
2.4666953086853 2.50055694580078 2.56353521347046 2.42336404323578 2.26518523693085 2.38192123174667 2.21837782859802 2.22386848926544 2.22119557857513 2.16532945632935 2.08104532957077 2.20332598686218 2.22558456659317 2.29338669776917 2.56533372402191 2.60930997133255 2.0948166847229 1.7629868388176 1.61606025695801 1.80153304338455 1.83686631917953 1.77957379817963 1.83677995204926 1.76586073637009 1.75233596563339 1.79175531864166 2.17501719295979 3.31074905395508 2.85408708453178 2.29092008868853 1.77126144245267 1.77206969261169 1.85354989767075 1.81053290764491 1.88630818327268 1.85230139891307 1.90173000097275 1.54317708313465 1.5904987603426 1.78230231474428 1.94598115235567 2.06638146936893 2.08387184143066 2.58550755679607 2.56842719390988 2.69383424520493 9.28705558776856 6.5907265877505 9.65766055583954 7.76438641548157 7.30837082862854 8.09103012084961 14.847514629364 -9999 -9999 -9999 -9999 -9999 -9999 -9999 -9999 -9999
3.35089731216431 2.66918921470642 2.58523803949356 2.51292675733566 2.44487625360489 2.36976367235184 2.55231446027756 2.48970758914948 2.47446602582932 2.41065680980682 2.47479146718979 2.27098417282104 2.19063305854797 2.25315606594086 2.42779272794724 2.31103491783142 2.17485004663467 1.90347146987915 1.74523723125458 1.64623206853867 1.74981075525284 1.77983468770981 1.81342345476151 1.6909214258194 1.68499803543091 1.78184880316257 1.93570932745934 2.05107004443804 1.98809237281481 2.06430648763975 1.99535627290606 1.86844039956729 1.76746409386396 1.76098662614822 1.76740478351712 1.85392477114995 1.81266409509322 1.74413778326091 1.53850011527538 1.72290509752929 1.84228924848139 2.03524123132229 2.4613785110414 2.87567344307899 3.93285578803012 4.88822220201078 9.87826170921326 6.92764592170715 8.99595665931702 6.74256062507629 7.31830358505249 9.1207594871521 35.1323921497052 -9999 -9999 -9999 -9999 -9999 -9999 -9999 -9999 -9999
-9999 3.90683913230896 3.80423927307129 3.34600210189819 3.04591727256775 3.36183536052704 3.02071058750153 2.98795205354691 3.17943513393402 2.94177371263504 2.47454023361206 2.47327870130539 2.27013158798218 2.30897033214569 2.48445528745651 2.31075382232666 1.90239304304123 1.86593252420425 1.73134499788284 1.64395201206207 1.55608570575714 1.64501255750656 1.78937101364136 1.66203904151917 1.58016908168793 1.57193550467491 1.62510940432549 1.41313728690147 1.54832768440247 1.58837252855301 1.81159693002701 1.77728955944379 1.74608397111297 1.731530405581 1.76847158744931 1.85271275043488 1.86838850203682 1.8089504031574 1.75642811200198 1.84597478544011 2.37588931247592 1.99177753552794 2.16998729109764 2.60412582159042 4.79739740916661 -9999 7.12393221855164 7.19097642465071 10.5351977348328 7.35500836372375 18.8960063934326 59.2760544652524 58.2890167236328 66.0786434256512 -9999 -9999 -9999 -9999 -9999 -9999 -9999 -9999
-9999 -9999 -9999 -9999 -9999 2.28387522697449 3.31455087661743 2.97085207700729 2.86926752328873 2.7971363067627 2.87151002883911 2.58210003376007 2.41965973377228 2.51381403207779 2.60664904117584 2.59619700908661 2.32157778739929 1.93100255727768 1.64605271816254 1.64119952917099 1.57001173496246 1.710842192173 1.72755378484726 1.51563066244125 1.54830819368362 1.51786909997463 1.51436702907085 1.51980677247047 1.55616563558578 1.54972390830517 1.58507850766182 1.52115145325661 1.69242245952288 1.70749288797379 1.60454857349396 1.68628464639187 1.75809845142066 1.81791213154793 1.88054912230548 1.98161548376083 2.22121971845627 2.00773358345032 2.40017777681351 2.43688946962357 2.79970900341868 21.7467464058145 -9999 -9999 -9999 -9999 41.8402679136821 40.4538422993251 43.7561164242881 24.195343208313 -9999 -9999 -9999 -9999 -9999 -9999 -9999 -9999
-9999 -9999 -9999 -9999 -9999 -9999 -9999 -9999 2.70035094022751 2.60062569379807 2.61416923999786 2.27357393503189 2.08771347999573 2.15053278207779 2.32970702648163 2.82473176717758 2.54734200239182 1.99780869483948 1.75496166944504 1.7020942568779 1.59507608413696 1.67356717586517 1.54607856273651 1.4856164753437 1.5106492638588 1.60600197315216 1.64484304189682 1.43886226415634 1.4779530018568 1.55045548081398 1.61964038014412 1.57621385157108 1.51738008856773 1.57677518203855 1.73759919963777 1.91371498815715 1.93515561148524 1.86808548867702 2.04921584328016 2.40171670913696 2.46871370077133 1.77923619747162 2.43434250354767 2.81343001127243 6.15253763728672 29.0682649612427 -9999 -9999 -9999 -9999 17.548882484436 36.3202601402037 66.5028382873535 39.8438846588135 51.3533477783203 47.2990934605501 -9999 -9999 -9999 -9999 -9999 -9999
-9999 -9999 -9999 -9999 -9999 -9999 -9999 -9999 -9999 -9999 3.76023030281067 2.36204624176025 2.54835891723633 2.39269942045212 2.43912667036057 2.67506092786789 2.5997189283371 2.1437571644783 1.76435780525208 1.59356331825256 1.59136122465134 1.44804149866104 1.29834678769112 1.31372326612473 1.42110452055931 1.40462324023247 1.45204308629036 1.4125020056963 1.41447262465954 1.47290700674057 1.62746885418892 1.40972623229027 1.47715196013451 1.62298243492842 1.5643653512001 1.3430709540844 1.59127750992775 1.68621044419706 2.13572382926941 2.22921425104141 2.95953422784805 2.39478796720505 2.50923818349838 3.29256534576416 14.2070903916961 -9999 -9999 -9999 -9999 -9999 -9999 -9999 10.0021546788332 15.5753946304321 29.3589706420898 20.5620096751622 10.8786277770996 -9999 -9999 -9999 -9999 -9999
-9999 -9999 -9999 -9999 -9999 -9999 -9999 -9999 -9999 4.3704868555069 2.92740082740784 2.4801914691925 2.36466532945633 2.31570893526077 2.39747482538223 3.09219610691071 2.87014049291611 2.61914849281311 2.08335453271866 1.79398047924042 1.50521993637085 1.38807901740074 1.31279924511909 1.22329348325729 1.49396735926469 1.4678553789854 1.50255636870861 1.5704902857542 1.5074924826622 1.42830973863602 1.45932224392891 1.52007383108139 1.50247943401337 1.57657996192575 1.46196203492582 1.58664939366281 1.6312264110893 1.60246005654335 2.05086929798126 2.30403196811676 2.41379672288895 2.5130872130394 2.63371127843857 2.7950482070446 24.847038773657 33.0447750091553 -9999 -9999 -9999 22.365435830478 17.5431935353713 14.1865604899146 16.8938428922133 20.166265596043 27.1752004623413 12.5660991668701 14.3173649541793 -9999 -9999 -9999 -9999 -9999
-9999 -9999 -9999 -9999 -9999 -9999 -9999 -9999 -9999 -9999 2.97543668746948 2.5770674943924 2.45197427272797 2.40684682130814 2.91224849224091 3.1705824136734 3.16552340984344 2.8590629696846 2.27412754297256 1.41798529028893 1.39784324169159 1.23885896801949 1.21572822332382 1.28889378905296 1.61391814549764 1.64248386025429 1.71147072315216 1.54236715659499 1.42643621563911 1.50721871852875 1.54939645528793 1.55580300092697 1.54296004772186 1.6656024120748 1.47988577373326 1.51284814998507 1.58398240618408 1.66168932616711 2.14263653755188 2.36737430095673 2.46599501371384 2.41024768352509 2.82566821575165 38.3990189433098 8.97753340758166 -9999 -9999 -9999 -9999 -9999 17.0462963364341 14.3961552858353 22.3648770722476 20.6577431722121 27.9469386291504 -9999 -9999 -9999 -9999 -9999 -9999 -9999
-9999 -9999 -9999 -9999 -9999 -9999 -9999 -9999 -9999 3.67937564849854 4.38278102874756 2.74476081132889 2.76550054550171 2.8513965010643 2.82917618751526 3.37747514247894 3.44677734375 3.13780653476715 2.10986620187759 1.67399704456329 1.58731645345688 1.44744595885277 1.59863519668579 1.8503263493379 1.67972977956136 1.83721104264259 1.740249812603 1.60173479715983 1.36948653124273 1.55367225408554 1.607317507267 1.59912300109863 1.55875718593597 1.52251732349396 1.80214712396264 1.46218535117805 1.74239695072174 2.11263066530228 2.79114556312561 2.6145653128624 2.25595235824585 2.55054223537445 2.85686954855919 6.1425741968803 3.86466658115387 -9999 -9999 -9999 -9999 -9999 40.9602999216632 12.5200655758381 13.4620332717896 -9999 -9999 -9999 -9999 -9999 -9999 -9999 -9999 -9999
-9999 -9999 -9999 -9999 -9999 -9999 -9999 -9999 -9999 4.70536136627197 3.37658715248108 3.13472485542297 3.03053176403046 3.02365708351135 2.97179621458054 3.66227567195892 2.9244772195816 2.60565000772476 1.84344667196274 1.68488466739655 1.60772627592087 1.28961074352264 1.12474501132965 1.47744977474213 1.53710782527924 1.4397802054882 1.4877644777298 1.523342192173 1.50527930259705 1.55421906709671 1.59528833627701 1.64996927976608 1.76081246137619 1.84619557857513 1.85352069139481 1.79768621921539 1.6802362203598 1.99979794025421 2.42080257833004 2.75620865821838 2.4355360865593 3.08198323845863 3.18950397717325 11.1415723272898 3.86466693878174 -9999 -9999 -9999 -9999 12.1949715614319 -9999 -9999 -9999 -9999 -9999 -9999 -9999 -9999 -9999 -9999 -9999 -9999
-9999 -9999 -9999 -9999 -9999 -9999 -9999 -9999 -9999 4.12577176094055 3.35206353664398 3.19070863723755 3.12483286857605 3.16399562358856 2.91767925024033 2.57471466064453 2.32908082008362 2.0668882727623 1.747199177742 1.52758204936981 1.29408001899719 1.11203554272652 1.31693172454834 1.4368200302124 1.4351692199707 1.39928251504898 1.43370375037193 1.47502648830414 1.56117457151413 1.569759786129 1.48285201191902 1.70984101295471 1.8131400346756 1.88950502872467 1.93972045183182 1.97069621086121 1.79822300812777 7.03295803070068 3.75248761475086 2.88147979974747 3.05137503147125 3.56639635562897 4.54476400275729 -9999 -9999 -9999 -9999 -9999 -9999 -9999 -9999 -9999 -9999 -9999 -9999 -9999 -9999 -9999 -9999 -9999 -9999 -9999
-9999 -9999 -9999 -9999 -9999 -9999 -9999 -9999 -9999 3.46021592617035 3.29836142063141 3.18983566761017 3.13491690158844 3.06637644767761 2.81991523504257 2.6563373208046 2.50660049915314 2.15617275238037 1.12263303995132 1.34439450502396 1.40529897809029 1.36840125918388 1.40182650089264 1.30341750383377 1.24120429158211 1.26525601744652 1.32422322034836 1.54691916704178 1.665034532547 1.64877820014954 1.66552805900574 1.72859179973602 1.82258480787277 1.69298553466797 2.41152638196945 4.80537571571767 1.93671574662713 2.03723851372214 2.24594927535338 2.48178225755692 3.78659999370575 5.3215957809897 7.932752458446 -9999 -9999 -9999 -9999 -9999 -9999 -9999 -9999 -9999 -9999 -9999 -9999 -9999 -9999 -9999 -9999 -9999 -9999 -9999
-9999 -9999 -9999 -9999 -9999 -9999 -9999 3.28386068344116 3.60410928726196 3.47707664966583 3.45591080188751 3.2808119058609 3.16173362731934 2.87693399190903 2.65347522497177 2.50031769275665 2.06703972816467 1.78179520368576 1.29353249073029 1.28469899296761 1.50631356239319 1.53666293621063 1.39006054401398 1.21917673945427 1.20567521452904 1.14911699295044 1.33950001001358 1.41651526093483 1.47316199541092 1.59492158889771 1.81679481267929 1.6445010304451 1.77623349428177 1.80556398630142 1.86059315064374 2.06979640722275 2.17790765762329 2.24497668743134 2.44219428300858 2.60700070858002 12.112342434022 5.69786846637726 3.25656187534332 -9999 -9999 -9999 -9999 -9999 -9999 -9999 -9999 -9999 -9999 -9999 -9999 -9999 -9999 -9999 -9999 -9999 -9999 -9999
-9999 -9999 -9999 -9999 -9999 -9999 4.27269189225303 3.33151841163635 3.61974763870239 3.86504638195038 3.7087687253952 3.36929476261139 3.19721925258636 2.64349275827408 2.48255842924118 2.2975350022316 1.94049596786499 1.57774579524994 1.43123996257782 1.56582820415497 1.77983468770981 1.3787550330162 1.1705242395401 1.16184452176094 1.17127874493599 1.13922527432442 1.2805979847908 1.40881195664406 1.50702220201492 1.63211023807526 1.86995029449463 1.92927968502045 2.01220428943634 1.91785854101181 2.02675724029541 2.65262674233493 2.83731325864792 2.6087130188942 2.5059269785881 -9999 -9999 -9999 -9999 -9999 -9999 -9999 -9999 -9999 -9999 -9999 -9999 -9999 -9999 -9999 -9999 -9999 -9999 -9999 -9999 -9999 -9999 -9999
-9999 -9999 -9999 -9999 4.73875319665195 3.2500981092453 3.53305292129517 3.98596501350403 3.80227339267731 3.65739977359772 3.31984806060791 3.17181980609894 3.00491917133331 2.73731249570847 2.47686302661896 2.02601927518845 1.82629358768463 1.5488144159317 1.35016196966171 1.28256672620773 1.60148853063583 1.09775546193123 1.1350072324276 1.15967398881912 1.18007925152779 1.24976179003716 1.36213874816895 1.5563662648201 1.71323773264885 1.73881557583809 1.87544167041779 2.30341422557831 2.29604029655457 2.47115287184715 2.53905263543129 2.7441443029572 4.0129821896553 6.77649044532042 -9999 -9999 -9999 -9999 -9999 -9999 -9999 -9999 -9999 -9999 -9999 -9999 -9999 -9999 -9999 -9999 -9999 -9999 -9999 -9999 -9999 -9999 -9999 -9999
-9999 -9999 -9999 -9999 3.16234658746158 4.31590211391449 3.74638867378235 3.87104845046997 3.63352811336517 3.38038122653961 3.11242496967316 3.05916738510132 2.71313774585724 2.54234933853149 2.23770600557327 1.91713356971741 1.77055943012238 1.5011699795723 1.31590497493744 1.23817723989487 1.30884522199631 1.25288701057434 1.21536827087402 1.29674023389816 1.39002299308777 1.38313803076744 1.45342272520065 1.56060669198632 1.65834019705653 2.05553188920021 1.99528306722641 2.31450068950653 2.3726264834404 2.44069880247116 2.6297786972102 2.53543014386121 5.46957329341343 -9999 -9999 -9999 -9999 -9999 -9999 -9999 -9999 -9999 -9999 -9999 -9999 -9999 -9999 -9999 -9999 -9999 -9999 -9999 -9999 -9999 -9999 -9999 -9999 -9999
-9999 27.5450476960763 4.86364281177521 4.36728537082672 4.5936666727066 3.81395995616913 3.78490126132965 3.67776989936829 3.38956189155579 3.13508999347687 2.87348699569702 2.68539816141129 2.45541751384735 2.21583902835846 2.31626325845718 2.05038142204285 1.50494331121445 1.29574272036552 1.07750925421715 1.08410927653313 1.1562352180481 1.21325549483299 1.27402871847153 1.28852096199989 1.35791704058647 1.15142548084259 1.61513471603394 1.83093867078424 1.90636046603322 2.2457469701767 3.61448514461517 2.38521981239319 2.49903219938278 2.42903780937195 9.85180285998753 14.2779466672377 -9999 -9999 -9999 -9999 -9999 -9999 -9999 -9999 -9999 -9999 -9999 -9999 -9999 -9999 -9999 -9999 -9999 -9999 -9999 -9999 -9999 -9999 -9999 -9999 -9999 -9999
22.5620406014579 5.30419492721558 4.23610281944275 3.94739627838135 3.44582998752594 3.47458112239838 3.39024889469147 3.59968936443329 3.13990187644958 2.90860497951508 2.64384305477142 2.35042726993561 1.87108433246613 1.99045944213867 2.10135304927826 1.62987381219864 1.20590025186539 1.04173350334167 1.01487672328949 1.04285100102425 1.24893379211426 1.33837500214577 1.35692623257637 1.40225324034691 2.52173916622996 1.33677499890327 1.83640627563 1.98204408958554 2.68939842070852 2.77104306221008 2.9051219522953 2.72666043043137 4.15281418561935 -9999 -9999 -9999 -9999 -9999 -9999 -9999 -9999 -9999 -9999 -9999 -9999 -9999 -9999 -9999 -9999 -9999 -9999 -9999 -9999 -9999 -9999 -9999 -9999 -9999 -9999 -9999 -9999 -9999
26.3687789223411 2.87022384007772 3.65902590751648 3.2976930141449 3.50353288650513 3.65566956996918 3.51001954078674 2.93844366073608 2.85585826635361 2.59432500600815 2.41084581613541 2.20368897914886 1.76046824455261 1.86101245880127 1.62609225511551 1.29219827055931 1.05879226326942 0.976233780384064 0.990018725395203 1.10094675421715 1.20940500497818 1.3677074611187 1.52105104923248 1.52190381288528 2.25023598968983 2.18919146060944 2.24189400672913 2.42770278453827 2.96793528965541 2.7788112120969 4.36727470904589 3.13734841346741 3.35012340545654 21.7733620593422 7.83922035353524 5.27737004829176 -9999 -9999 -9999 -9999 -9999 -9999 -9999 -9999 -9999 -9999 -9999 -9999 -9999 -9999 -9999 -9999 -9999 -9999 -9999 -9999 -9999 -9999 -9999 -9999 -9999 -9999
4.293252825737 3.46623373031616 3.51045083999634 3.48406112194061 3.5714818239212 3.25232934951782 2.82796651124954 2.63246923685074 2.49181491136551 2.40092700719833 2.13520807027817 1.82748752832413 1.64545726776123 1.60484397411346 1.34283149242401 1.16532602906227 0.99059996008873 1.0196872651577 1.11255303025246 1.10577070713043 1.50754288264683 1.60937842726707 1.84793280703681 1.88444101810455 2.26597952842712 2.47460997104645 2.61346417665482 2.72722506523132 4.11298077553511 4.68097767233849 6.88956041971842 -9999 -9999 -9999 -9999 -9999 -9999 -9999 -9999 -9999 -9999 -9999 -9999 -9999 -9999 -9999 -9999 -9999 -9999 -9999 -9999 -9999 -9999 -9999 -9999 -9999 -9999 -9999 -9999 -9999 -9999 -9999
3.26282179355621 3.51576733589172 3.51512861251831 3.57284331321716 3.58997082710266 3.43803834915161 3.13645040988922 2.35170900821686 2.22533243894577 2.03982979059219 1.9687979221344 1.55273616313934 1.19864997267723 1.09413000941277 1.04262828826904 1.00381574034691 1.06937402486801 1.15424475073814 1.15997779369354 1.46125423908234 1.6249988079071 1.87265396118164 2.05232316255569 2.34059929847717 2.60725575685501 2.76049643754959 2.91025131940842 3.37230062484741 4.25082835129329 4.36834711687905 4.63240849971771 6.5067779051291 -9999 -9999 -9999 -9999 -9999 -9999 20.563171329783 12.6942715644836 -9999 -9999 -9999 -9999 -9999 -9999 -9999 -9999 -9999 -9999 -9999 -9999 -9999 -9999 -9999 -9999 -9999 -9999 -9999 -9999 -9999 -9999
3.56733977794647 3.65724259614944 4.03395617008209 4.03055548667908 3.46281684190035 3.60403954982758 3.48756909370422 2.80388474464417 2.26883322000504 1.76737582683563 2.05834794044495 1.14601421356201 1.0516132414341 1.05237597227097 1.03361400961876 1.14886870980263 1.26714903116226 1.27272373437881 1.55869281291962 1.85730224847794 2.09069699048996 1.73808639815875 2.06178492307663 2.63664668798447 3.06626093387604 3.30805277824402 3.28476300090551 4.84369145198302 4.92081040685827 3.87253408133984 8.01745715206616 3.42093944549561 -9999 -9999 -9999 -9999 -9999 -9999 -9999 -9999 -9999 -9999 -9999 -9999 -9999 -9999 -9999 -9999 -9999 -9999 -9999 -9999 -9999 -9999 -9999 -9999 -9999 -9999 -9999 -9999 -9999 -9999
-9999 -9999 -9999 -9999 -9999 3.93526411056519 3.89054989814758 2.70985507965088 2.01368701457977 2.10501748323441 1.78271019458771 1.07062277197838 1.08407548069954 1.17790424823761 1.24261727929115 1.2894052863121 1.44582670927048 1.59489673376083 1.74372231960297 2.04191547632217 2.80054432153702 2.55550342798233 2.59935674071312 2.83321952819824 3.25431407690048 5.41807155717503 -9999 -9999 -9999 -9999 -9999 -9999 -9999 -9999 -9999 -9999 -9999 -9999 -9999 -9999 -9999 -9999 -9999 -9999 -9999 -9999 -9999 -9999 -9999 -9999 -9999 -9999 -9999 -9999 -9999 -9999 -9999 -9999 -9999 -9999 -9999 -9999
-9999 -9999 -9999 -9999 -9999 -9999 3.20318019390106 2.14508771896362 1.64908647537231 1.29663303494453 1.16361898183823 1.16545128822327 1.25343972444534 1.3371502161026 1.3845539689064 1.57387357950211 1.88570845127106 1.78110158443451 2.02336192131042 2.77793920040131 3.06552314758301 2.98642355203629 3.18700504302979 3.3674439511648 -9999 -9999 -9999 -9999 -9999 -9999 -9999 -9999 -9999 -9999 -9999 -9999 -9999 -9999 -9999 -9999 -9999 -9999 -9999 -9999 -9999 -9999 -9999 -9999 -9999 -9999 -9999 -9999 -9999 -9999 -9999 -9999 -9999 -9999 -9999 -9999 -9999 -9999
