EcologicalScience/Bass/data/rs_data_bass/chl_59.asc
NCOLS 226 
NROWS 124 
XLLCORNER -9.41648524995501 
YLLCORNER 47.587301625531 
CELLSIZE 0.0833 
NODATA_value -9999 
[rows 56 to 83 of 124, columns 0 to 61 of 226]
-9999 -9999 -9999 -9999 -9999 -9999 -9999 -9999 -9999 -9999 -9999 -9999 -9999 -9999 -9999 -9999 -9999 -9999 -9999 -9999 -9999 -9999 -9999 -9999 -9999 -9999 -9999 -9999 -9999 -9999 -9999 -9999 -9999 -9999 -9999 -9999 -9999 -9999 -9999 -9999 2.12115776538849 1.89947435259819 1.71402901411057 1.58782267570496 1.65059620141983 1.5444803237915 1.52143049240112 1.47845774888992 1.52169746160507 1.55542355775833 1.5467317700386 1.5821145772934 1.8190124630928 1.98363822698593 2.05269366502762 2.6149919629097 2.30666095018387 1.98894356489182 2.40502152442932 -9999 -9999 -9999
-9999 -9999 -9999 -9999 -9999 -9999 -9999 -9999 -9999 -9999 -9999 -9999 -9999 -9999 -9999 -9999 -9999 -9999 -9999 -9999 -9999 -9999 -9999 -9999 -9999 -9999 -9999 -9999 -9999 -9999 -9999 -9999 -9999 -9999 -9999 -9999 -9999 -9999 -9999 -9999 2.0500409245491 2.11612905263901 1.7972377538681 1.9395135641098 1.84335601329803 1.63252204656601 1.52176880836487 1.58237242698669 1.57613253593445 1.56088131666183 1.43063101172447 1.67125654220581 1.63871920108795 1.77988117933273 1.93694472312927 2.04157429933548 1.95374482870102 2.14170151948929 1.90903043746948 1.69069200754166 6.71620198770573 -9999
-9999 -9999 -9999 -9999 -9999 -9999 -9999 -9999 -9999 -9999 -9999 -9999 -9999 -9999 -9999 -9999 -9999 -9999 -9999 -9999 -9999 -9999 -9999 -9999 -9999 -9999 -9999 -9999 -9999 -9999 -9999 -9999 -9999 -9999 -9999 -9999 -9999 -9999 -9999 -9999 -9999 1.93951427936554 1.94041568040848 1.91189932823181 1.92785167694092 1.87169855833054 1.61125266551971 1.60308158397675 1.61982679367065 1.56791549921036 1.40806424617767 1.78856027126312 1.79803723096848 1.81727242469788 1.84613478183746 1.77542316913605 1.82793295383453 1.96854972839355 2.014519572258 1.73114776611328 10.5838442668319 -9999
-9999 -9999 -9999 -9999 -9999 -9999 -9999 -9999 -9999 -9999 -9999 -9999 -9999 -9999 -9999 -9999 -9999 -9999 -9999 -9999 -9999 -9999 -9999 -9999 -9999 -9999 -9999 -9999 -9999 -9999 -9999 -9999 -9999 -9999 -9999 -9999 -9999 -9999 -9999 -9999 -9999 2.74969202280045 2.10462230443954 2.01504081487656 1.82647347450256 1.82212275266647 1.77143633365631 1.50094431638718 1.60555869340897 1.44665023684502 1.37900921702385 1.48658475279808 1.80561894178391 1.79780691862106 1.82089197635651 1.86225754022598 1.88262158632278 2.0076704621315 5.97852904688228 -9999 -9999 -9999
-9999 -9999 -9999 -9999 -9999 -9999 -9999 -9999 -9999 -9999 -9999 -9999 -9999 -9999 -9999 -9999 -9999 -9999 -9999 -9999 -9999 -9999 -9999 -9999 -9999 -9999 -9999 -9999 -9999 -9999 -9999 -9999 -9999 -9999 -9999 -9999 -9999 -9999 -9999 -9999 2.94488996267319 2.86859303712845 2.40813374519348 1.78485149145126 1.6569299697876 1.44526648521423 1.34421077370644 1.44437178969383 1.62224096059799 1.59137177467346 1.57773292064667 1.6156815290451 1.81387728452682 1.90434980392456 1.96305745840073 2.0436247587204 2.22046798467636 -9999 -9999 8.5085049533844 2.08038675785065 2.11159354448318
-9999 -9999 -9999 -9999 -9999 -9999 -9999 -9999 -9999 -9999 -9999 -9999 -9999 -9999 -9999 -9999 -9999 -9999 -9999 -9999 -9999 -9999 -9999 -9999 -9999 -9999 -9999 -9999 -9999 -9999 -9999 -9999 -9999 -9999 -9999 -9999 -9999 -9999 -9999 2.62158995866776 2.59719604253769 2.38298417329788 2.03007370233536 2.08137756586075 1.67409306764603 1.34182503819466 1.23710399866104 1.421769708395 1.31854351758957 1.64492172002792 1.59558516740799 1.62242996692657 1.63955408334732 1.81340020895004 1.93534576892853 2.04838567972183 1.98860549926758 1.65021840333939 1.89696675539017 2.02583473920822 2.13478642702103 2.31139129400253
-9999 -9999 -9999 -9999 -9999 -9999 -9999 -9999 -9999 -9999 -9999 -9999 -9999 -9999 -9999 -9999 -9999 -9999 -9999 -9999 -9999 -9999 -9999 -9999 -9999 -9999 -9999 -9999 -9999 -9999 -9999 -9999 -9999 -9999 -9999 -9999 -9999 -9999 -9999 3.31474679708481 2.29020899534225 2.37514650821686 1.94035202264786 1.6704803109169 1.57132494449615 1.39395377039909 1.49021020531654 1.53146624565125 1.11951729655266 1.08534602075815 1.04625754058361 1.68959856033325 1.65652942657471 1.88153922557831 1.87499767541885 1.89080625772476 1.85224717855453 1.79153180122375 1.76367080211639 1.79338502883911 1.79423171281815 1.91332501173019
-9999 -9999 -9999 -9999 -9999 -9999 -9999 -9999 -9999 -9999 -9999 -9999 -9999 -9999 -9999 -9999 -9999 -9999 -9999 -9999 -9999 -9999 -9999 -9999 -9999 -9999 -9999 -9999 -9999 -9999 -9999 -9999 -9999 -9999 -9999 -9999 -9999 -9999 3.67198786139488 3.40717160701752 2.0694323182106 2.09734493494034 1.7725635766983 1.30990728735924 1.16172078251839 1.42856097221375 1.43259072303772 1.45478475093842 1.46367752552032 1.32277348637581 0.944272667169571 1.66893446445465 1.60117721557617 1.63381505012512 1.69920980930328 1.6756364107132 1.4870497584343 1.53196799755096 1.5840607881546 1.6300710439682 1.70527642965317 1.92029106616974
-9999 -9999 -9999 -9999 -9999 -9999 -9999 -9999 -9999 -9999 -9999 -9999 -9999 -9999 -9999 -9999 -9999 -9999 -9999 -9999 -9999 -9999 -9999 -9999 -9999 -9999 -9999 -9999 -9999 -9999 -9999 -9999 -9999 -9999 -9999 -9999 -9999 -9999 3.10244309902191 2.94241571426392 2.12598478794098 1.33369631767273 1.13941526412964 0.822602212429047 1.07532379031181 1.35292348265648 1.83833849430084 1.15065348148346 1.15084773302078 1.10155674815178 1.13233023881912 1.18537253141403 1.48324424028397 1.54514318704605 1.38931801915169 1.35511422157288 1.34025228023529 1.36515220999718 1.43915998935699 1.48107826709747 1.6055880188942 1.78802633285522
-9999 -9999 -9999 -9999 -9999 -9999 -9999 -9999 -9999 -9999 -9999 -9999 -9999 -9999 -9999 -9999 -9999 -9999 -9999 -9999 -9999 -9999 -9999 -9999 -9999 -9999 -9999 -9999 -9999 -9999 -9999 -9999 -9999 -9999 -9999 -9999 -9999 2.21275162696838 3.1784256696701 2.47572124004364 1.98144751787186 0.750417709350586 0.767956495285034 0.812036275863647 0.834690414369106 1.31004229187965 1.54377830028534 1.9496294260025 1.05329376459122 1.10339078307152 1.15798372030258 1.43377795815468 1.31486177444458 1.32639446854591 1.24371001124382 1.19908279180527 1.23028421401978 1.32209247350693 1.39740604162216 1.53238499164581 1.65358418226242 1.89895802736282
-9999 -9999 -9999 -9999 -9999 -9999 -9999 -9999 -9999 -9999 -9999 -9999 -9999 -9999 -9999 -9999 -9999 -9999 -9999 -9999 -9999 -9999 -9999 -9999 -9999 -9999 -9999 -9999 -9999 -9999 -9999 -9999 -9999 -9999 -9999 -9999 -9999 6.01476752758026 2.78657941818237 1.92335975170135 0.860272496938705 0.793439269065857 0.820592254400253 0.754306465387344 1.01516246795654 1.2749730348587 1.30795946717262 1.87860077619553 1.1490690112114 1.28206430375576 1.10505723953247 1.11780422925949 1.4189954996109 1.35999977588654 1.23902624845505 1.19490829110146 1.22137945890427 1.24609950184822 1.32232573628426 1.52779948711395 1.56688570976257 1.84012430906296
-9999 -9999 -9999 -9999 -9999 -9999 -9999 -9999 -9999 -9999 -9999 -9999 -9999 -9999 -9999 -9999 -9999 -9999 -9999 -9999 -9999 -9999 -9999 -9999 -9999 -9999 -9999 -9999 -9999 -9999 -9999 -9999 -9999 -9999 -9999 -9999 6.10580503940582 7.91871777176857 5.23166167736053 2.29523538351059 1.31082978844643 1.07343077659607 0.86215353012085 0.746880009770393 0.662899509072304 0.750357370823622 0.886195242404938 0.952329725027084 1.27302744984627 1.32324635982513 1.3025883436203 1.13745051622391 1.37934225797653 1.30465722084045 1.19033324718475 1.17459297180176 1.24396196007729 1.40225851535797 1.48049023747444 1.48711502552032 1.65277272462845 1.82724219560623
-9999 -9999 -9999 -9999 -9999 -9999 -9999 -9999 -9999 -9999 -9999 -9999 -9999 -9999 -9999 -9999 -9999 -9999 -9999 -9999 -9999 -9999 -9999 -9999 -9999 -9999 -9999 -9999 -9999 -9999 -9999 1.61222573121389 1.49222783446312 -9999 2.10493344068527 2.00854575634003 3.25751924514771 2.64443331956863 1.84927046298981 0.979083716869354 0.801754474639893 0.796099483966827 0.825747013092041 0.771588027477264 0.709228701889515 0.76330479606986 0.937613248825073 0.974771499633789 0.956685721874237 1.5962587594986 1.68107932806015 1.55537098646164 1.46189403533936 1.2601612508297 1.28233873844147 1.42400702834129 1.51292181015015 1.6046279668808 1.76137501001358 1.89550280570984 2.25972336530685 2.10012745857239
-9999 -9999 -9999 -9999 -9999 -9999 -9999 -9999 -9999 -9999 -9999 -9999 -9999 -9999 -9999 -9999 -9999 -9999 -9999 -9999 -9999 -9999 0.346259817481041 2.22015412151814 1.84310357272625 2.08500297367573 2.4345338344574 2.11555230617523 1.3700829744339 1.17875522375107 1.00353401899338 0.588546752929688 4.67715382575989 1.2966922223568 1.75137001276016 2.5248749256134 2.08818000555038 1.77127575874329 1.26344695687294 1.01630848646164 0.81956022977829 0.811762511730194 0.832620710134506 0.664179358631372 1.47477373480797 0.790276307612658 1.1332061290741 1.23913273215294 1.59900891780853 1.61753922700882 1.6894274353981 1.69188523292542 1.66205620765686 1.68320024013519 1.55437195301056 1.65753972530365 1.86343878507614 2.06324643102186 2.51714115283068 -9999 -9999 -9999
-9999 -9999 -9999 -9999 -9999 -9999 -9999 -9999 -9999 -9999 -9999 -9999 -9999 -9999 -9999 -9999 -9999 -9999 -9999 -9999 -9999 -9999 1.69729991000274 1.19159051775932 3.11988110840321 3.17620830237865 2.35728643834591 2.016273021698 1.05985575914383 0.961015149950981 0.765500620007515 1.35488775372505 1.51568108797073 1.30548897385597 1.29215848445892 1.26245552301407 1.02963075041771 0.952488005161285 0.870202481746674 0.873210042715073 0.832479000091553 0.910743713378906 0.748588889837265 0.692745186388493 0.705398250371218 0.789485815912485 1.70253074169159 1.70368266105652 1.75977820158005 1.81448167562485 1.79594331979752 1.81507873535156 1.81032818555832 1.78219655156136 2.05320221185684 -9999 -9999 -9999 -9999 -9999 -9999 -9999
-9999 -9999 -9999 -9999 -9999 -9999 -9999 -9999 -9999 -9999 -9999 -9999 -9999 -9999 -9999 -9999 -9999 -9999 -9999 11.1327833213976 2.0791704133153 1.16179552674294 1.84160101413727 1.36712822318077 1.42785951495171 2.40823870897293 2.24192015826702 1.71750976145267 1.26113623380661 1.60409241914749 2.01120901107788 2.43947553634644 6.05318999290466 1.02043050527573 0.99071404337883 0.913265973329544 0.770353496074677 0.693531766533852 0.749715730547905 0.738008245825768 0.761320531368256 0.782133758068085 0.893303990364075 0.858990043401718 0.667848736047745 0.98072350025177 1.8582449555397 1.94694900512695 2.02366644144058 1.97350430488586 1.72828695774078 -9999 -9999 -9999 -9999 -9999 -9999 -9999 -9999 -9999 -9999 -9999
-9999 -9999 -9999 -9999 -9999 -9999 -9999 -9999 -9999 -9999 -9999 -9999 -9999 -9999 -9999 -9999 -9999 1.19840249419212 0.891485989093781 1.55059196054935 2.42597436904907 0.269439004361629 1.15699374675751 1.41984187066555 0.477716982364655 0.44779197871685 1.34516586363316 1.13022002577782 1.6986848115921 1.9179779291153 2.00229531526566 2.71862626075745 0.724271267652512 0.753808468580246 0.742718249559402 0.698541730642319 0.620541751384735 0.553014010190964 0.666600733995438 0.634820982813835 0.630110263824463 0.651127517223358 0.666177749633789 1.59913355112076 1.53162896633148 1.55111557245255 1.6007017493248 2.08506381511688 2.24446547031403 2.26374095678329 2.41367545723915 -9999 -9999 -9999 -9999 -9999 -9999 -9999 -9999 -9999 -9999 -9999
-9999 -9999 -9999 -9999 -9999 -9999 -9999 -9999 -9999 -9999 -9999 -9999 -9999 -9999 8.24774545431137 4.87880837917328 0.625529989600182 0.652854770421982 1.58754417300224 1.64699703454971 1.61529184877872 1.5902733206749 1.62632288038731 1.07865624129772 0.518795236945152 1.76260462403297 0.401094764471054 1.52493980526924 1.67493599653244 1.6348859667778 1.52118819952011 1.75839221477509 0.644058018922806 0.67908301949501 0.680711254477501 0.688510492444038 0.676590755581856 0.633123010396957 0.586935013532639 0.562891513109207 0.558405742049217 0.580366507172585 0.61029227077961 0.924089223146439 1.84289020299911 2.123759329319 1.95756375789642 1.59728175401688 1.85961216688156 1.77065920829773 1.64182269573212 1.56756956577301 -9999 -9999 -9999 -9999 -9999 -9999 -9999 -9999 -9999 -9999
-9999 -9999 -9999 -9999 -9999 -9999 -9999 -9999 -9999 -9999 -9999 1.7319849729538 5.12373715639114 7.81789070367813 5.63953185081482 0.591165751218796 0.576892510056496 0.63605323433876 1.22825210541487 0.502857014536858 1.72703965008259 1.48230940103531 0.485638484358788 0.697424232959747 0.623429238796234 0.82769250869751 0.863760709762573 0.91921654343605 1.10493448376656 0.677204266190529 0.600961491465569 0.527712732553482 0.545964002609253 0.596294984221458 0.631231516599655 0.636243000626564 0.589488744735718 0.566677495837212 0.536792993545532 0.530631735920906 0.534812271595001 0.563793763518333 0.612666741013527 0.694212019443512 1.38498598337173 1.28806255012751 1.47813525795937 1.71875542402267 1.540221118927 1.51011875991164 1.72195447683334 -9999 -9999 -9999 -9999 -9999 3.22287733263748 3.25615060329437 2.74178767204285 8.07655012607574 11.9558123230934 -9999
-9999 -9999 -9999 -9999 -9999 -9999 -9999 -9999 -9999 4.9574290394783 2.59839803725481 6.32304978370666 6.87744927406311 5.48399174213409 2.91939353942871 1.98422446846962 0.239650502800941 1.349604383111 0.245409741997719 0.247955247759819 0.304223254323006 0.602366253733635 0.774782985448837 0.924862504005432 0.798106491565704 1.19768849015236 1.25435847043991 0.950294226408005 0.460984513163567 0.452812492847443 0.443288236856461 0.483867734670639 0.53117099404335 0.569777995347977 0.568046987056732 0.578461512923241 0.552459016442299 0.523068755865097 0.537473246455193 0.530480235815048 0.631322979927063 0.679229244589806 0.678048759698868 0.757866024971008 0.792212247848511 0.816707253456116 0.824872523546219 1.19916826486588 1.43147251009941 1.66441869735718 1.770179271698 1.70872431993484 1.9111642241478 2.62881300729864 4.9775581240654 4.44073402881622 1.98658418655396 5.94811543822289 1.96359068155289 3.06517517566681 6.19619178771973 -9999
-9999 -9999 -9999 -9999 -9999 9.81341373920441 7.7206787019968 5.11819110810757 4.13873916864395 2.66585889458656 3.04109363257885 2.81066630780697 2.80804291367531 1.79784096777439 2.30006772279739 2.36287008225918 1.79201517999172 0.301136255264282 0.370735488831997 0.340139240026474 0.341562755405903 0.95863875746727 0.867868512868881 0.676575019955635 0.7967249751091 1.19140729308128 1.00890675187111 0.638940006494522 0.492057770490646 0.408190503716469 0.441389232873917 0.495984748005867 0.569861993193626 0.589029014110565 0.561407268047333 0.53584349155426 0.540381744503975 0.56757827103138 0.603803247213364 0.64188677072525 0.638787746429443 0.873941212892532 0.761456251144409 0.787765502929688 0.761595010757446 0.855835497379303 0.937122792005539 0.975653976202011 1.17925125360489 1.35619720816612 1.59691196680069 1.62707018852234 1.71435141563416 1.69339120388031 1.67989200353622 1.65559655427933 1.77529281377792 1.8551099896431 2.13517355918884 3.81857478618622 1.729079246521 4.74525690078735
-9999 -9999 -9999 -9999 -9999 2.03198245167732 1.40202453732491 0.369570001959801 0.430862993001938 0.856575787067413 0.967212706804276 0.780788272619247 0.65583448112011 1.22223396599293 3.90821197628975 3.52572977542877 3.06818327307701 2.85862094163895 1.99765688180923 1.56621752679348 0.649656012654305 0.807682514190674 0.942712515592575 1.08088275790215 0.719022005796432 0.714333012700081 0.633311256766319 0.411190509796143 0.408370479941368 0.416325733065605 0.547419011592865 0.584068492054939 0.673958256840706 0.894294708967209 0.560063257813454 0.551637768745422 0.561890244483948 0.605515480041504 0.760257035493851 0.764018207788467 0.848555266857147 0.921010494232178 0.980706721544266 0.940218776464462 0.928453534841537 0.946385979652405 0.910262256860733 1.03405201435089 1.31410878896713 1.32936295866966 1.36728671193123 1.49960178136826 1.63193929195404 1.68615818023682 1.74750673770905 1.95728319883347 2.04600530862808 1.9110569357872 1.74731701612473 1.93293982744217 2.49397802352905 2.91315007209778
-9999 -9999 -9999 -9999 -9999 0.363301500678062 1.68491622805595 1.6258001178503 2.00499111413956 4.96424531936646 1.62511718273163 1.75860142707825 1.11808723211288 2.13544946908951 4.46115303039551 4.55182582139969 0.361671008169651 0.395847737789154 0.367532260715961 1.93037022650242 1.71205200254917 1.14382874965668 1.165054500103 0.684044256806374 0.553727254271507 0.537722244858742 0.495818272233009 0.424180492758751 0.437225997447968 0.453636735677719 0.579350978136063 0.694606482982635 0.900829464197159 0.86211821436882 0.771327763795853 0.992174237966537 0.863242506980896 0.951722234487534 0.975859522819519 1.04717472195625 1.32379952073097 1.44044172763824 1.0560322701931 1.02213075757027 1.09753721952438 0.965918987989426 0.876891016960144 1.0137494802475 1.08758398890495 1.13607528805733 1.23654600977898 1.28863129019737 1.42407220602036 1.55098575353622 1.74914556741714 1.66898918151855 1.62666445970535 1.60838556289673 1.70879316329956 2.57421523332596 2.9342138171196 2.57840019464493
-9999 -9999 -9999 -9999 -9999 0.469128727912903 2.45701012015343 1.43928790837526 2.21702881157398 1.3126072883606 1.30324351787567 0.994262963533401 1.98443506658077 1.79710006713867 2.12701615691185 3.09394732117653 0.50738999247551 0.663106486201286 0.799482017755508 1.17763870954514 1.39943853020668 1.55246168375015 1.13346299529076 0.485729992389679 0.505933508276939 0.495445489883423 0.483170986175537 0.484065011143684 0.459887981414795 0.464270263910294 0.526152759790421 0.716618254780769 0.841706961393356 0.880727291107178 0.925671726465225 0.931271284818649 1.01472902297974 1.04201996326447 0.927922457456589 1.07987397909164 1.49119421839714 1.90572291612625 1.77140933275223 2.11177343130112 1.72849416732788 1.03854149580002 0.925661981105804 1.07722878456116 1.42020526528358 1.53357374668121 1.29473546147346 1.22673377394676 1.25084701180458 1.24521678686142 1.40053197741508 1.69267129898071 1.71454954147339 1.79688441753387 1.78114342689514 2.47064477205276 3.38172519207001 2.96024394035339
-9999 -9999 -9999 -9999 -9999 0.596145004034042 0.552251234650612 0.597456738352776 1.14368775486946 1.07440423965454 1.23333898186684 1.57568782567978 1.81327646970749 1.79703828692436 1.81867651641369 1.74391914904118 0.978811472654343 1.05346503853798 1.19346222281456 1.30167004466057 1.58992946147919 1.32319048047066 0.838614732027054 0.570561736822128 0.479398503899574 0.519004493951797 0.523460268974304 0.528127491474152 0.436800017952919 0.476429253816605 0.533556014299393 0.517785742878914 0.532385990023613 0.600135013461113 0.733496993780136 0.830136716365814 0.989003956317902 0.939804017543793 0.950130790472031 1.02177375555038 1.30061772465706 1.55731576681137 1.79824197292328 2.12158799171448 1.92740625143051 1.30252951383591 1.11202803254128 1.55578279495239 1.9936950802803 1.42382553219795 1.2695520222187 1.25090771913528 1.24030575156212 1.54212373495102 1.74138450622559 2.03211969137192 1.75895404815674 1.63908939063549 1.58196151256561 1.70366996526718 2.99259227514267 2.57684630155563
-9999 -9999 -9999 -9999 -9999 0.590474233031273 0.545429259538651 0.59917277097702 0.925539761781693 1.30192270874977 1.74329549074173 2.15988832712173 2.26631480455399 2.11685693264008 1.54416292905807 1.44805571436882 1.20479929447174 1.46106603741646 1.41962474584579 1.55314958095551 1.82990473508835 1.47773998975754 1.06404000520706 0.760477513074875 0.691735491156578 0.534701228141785 0.487621486186981 0.48021599650383 0.432870000600815 0.485133022069931 0.508937984704971 0.530226767063141 0.52708201110363 0.446993261575699 0.45244950056076 0.577380001544952 0.522369772195816 0.736213490366936 0.9699667096138 1.23754352331161 1.43269720673561 1.40701952576637 1.34960550069809 1.36517250537872 2.21054542064667 2.32037848234177 2.06098955869675 2.31817799806595 1.7267256975174 1.09978428483009 1.02861902117729 1.15681421756744 1.16072326898575 1.42351278662682 1.72022616863251 2.05377227067947 2.32568693161011 1.55462551116943 1.41885298490524 1.70415151119232 2.08387506008148 2.43423637747765
-9999 -9999 -9999 -9999 -9999 0.642768010497093 0.583965003490448 0.689293518662453 0.978771775960922 1.11920177936554 1.46992501616478 1.57169616222382 1.86375975608826 2.00008642673492 1.79356420040131 1.66497606039047 1.63018423318863 1.64974880218506 1.5950174331665 1.69248604774475 2.13023543357849 2.33735704421997 1.42916920781136 1.28318023681641 1.14478576183319 0.540553495287895 0.384199485182762 0.397311732172966 0.398229002952576 0.443624228239059 0.468095988035202 0.494550749659538 0.479084998369217 0.387773260474205 0.377016752958298 0.382751271128654 0.460208237171173 0.721029013395309 1.14358949661255 1.24838921427727 1.12435573339462 1.50084149837494 1.76907974481583 1.78561198711395 1.68958353996277 1.82289898395538 1.88648843765259 2.48263657093048 1.85428583621979 1.31197947263718 1.28607228398323 1.19882547855377 1.24379852414131 1.24548223614693 1.34136521816254 1.74339526891708 2.16371333599091 1.82463267445564 1.89146482944489 1.84170073270798 1.79436832666397 1.81721699237823
-9999 -9999 -9999 -9999 -9999 0.561726003885269 0.588326990604401 0.82753050327301 0.873749971389771 0.967001259326935 1.19611421227455 1.65564966201782 1.80211132764816 1.97814148664474 2.06101208925247 1.83495676517487 1.66141498088837 1.76753854751587 1.94053423404694 2.0705332159996 2.46247798204422 2.59804952144623 2.20459270477295 1.7639474272728 1.30524677038193 0.902444243431091 0.654282733798027 0.439649999141693 0.418575748801231 0.431438997387886 0.456949487328529 0.448325246572495 0.400292247533798 0.361853241920471 0.363455258309841 0.388425752520561 0.489828005433083 0.705311983823776 1.30358478426933 1.41320997476578 1.75676017999649 1.59735757112503 1.56247043609619 1.86440473794937 1.93705576658249 1.68204742670059 1.71601724624634 1.35179096460342 1.13902804255486 1.18663421273232 1.31954929232597 1.35569626092911 1.23111373186111 1.08488103747368 1.28755795955658 1.78224903345108 2.04775267839432 2.21289449930191 -9999 -9999 -9999 -9999
