EcologicalScience/Bass/data/rs_data_bass/chl_385.asc
NCOLS 226 
NROWS 124 
XLLCORNER -9.41648524995501 
YLLCORNER 47.587301625531 
CELLSIZE 0.0833 
NODATA_value -9999 
[rows 81 to 107 of 124, columns 62 to 123 of 226]
3.85158455371857 5.97498106956482 7.6620512008667 7.66205191612244 -9999 -9999 -9999 -9999 -9999 -9999 -9999 -9999 -9999 -9999 -9999 -9999 -9999 -9999 -9999 -9999 -9999 -9999 -9999 -9999 -9999 -9999 -9999 -9999 -9999 -9999 -9999 -9999 -9999 -9999 -9999 -9999 -9999 -9999 -9999 -9999 -9999 -9999 -9999 -9999 -9999 -9999 -9999 -9999 -9999 -9999 -9999 -9999 -9999 -9999 -9999 -9999 -9999 -9999 -9999 -9999 -9999 -9999
3.22170069611188 -9999 -9999 -9999 -9999 -9999 -9999 -9999 -9999 -9999 -9999 -9999 -9999 -9999 -9999 -9999 -9999 -9999 -9999 -9999 -9999 -9999 -9999 -9999 -9999 -9999 -9999 -9999 -9999 -9999 -9999 -9999 -9999 -9999 -9999 -9999 -9999 -9999 -9999 -9999 -9999 -9999 -9999 -9999 -9999 -9999 -9999 -9999 -9999 -9999 -9999 -9999 -9999 -9999 -9999 -9999 -9999 -9999 -9999 -9999 -9999 -9999
-9999 -9999 -9999 -9999 -9999 -9999 -9999 -9999 -9999 -9999 -9999 -9999 -9999 -9999 -9999 -9999 -9999 -9999 -9999 -9999 -9999 -9999 -9999 -9999 -9999 -9999 -9999 -9999 -9999 -9999 -9999 -9999 -9999 -9999 -9999 -9999 -9999 -9999 -9999 -9999 -9999 -9999 -9999 -9999 -9999 -9999 -9999 -9999 -9999 -9999 -9999 -9999 -9999 -9999 -9999 -9999 -9999 -9999 -9999 -9999 -9999 -9999
-9999 -9999 -9999 -9999 -9999 -9999 -9999 -9999 -9999 -9999 -9999 -9999 -9999 -9999 -9999 -9999 -9999 -9999 -9999 -9999 -9999 -9999 -9999 -9999 -9999 -9999 -9999 -9999 -9999 -9999 -9999 -9999 -9999 -9999 -9999 -9999 -9999 -9999 -9999 -9999 -9999 -9999 -9999 -9999 -9999 -9999 -9999 -9999 -9999 -9999 -9999 -9999 -9999 -9999 -9999 -9999 -9999 5.82261703546765 3.76288719971975 3.20539325475693 2.99400508403778 2.38457077741623
-9999 -9999 -9999 -9999 -9999 -9999 -9999 -9999 -9999 -9999 -9999 -9999 -9999 -9999 -9999 -9999 -9999 -9999 -9999 -9999 -9999 -9999 -9999 -9999 -9999 -9999 -9999 -9999 -9999 -9999 -9999 -9999 -9999 -9999 -9999 -9999 37.1749906539917 -9999 3.41329419612885 4.06202512979507 -9999 -9999 3.14780205488205 3.75675356388092 12.7196305990219 5.84516823291779 4.92868888378143 4.45383989810944 4.00703108310699 3.63836538791656 6.09025740623474 2.26856398582458 -9999 -9999 -9999 4.30675667524338 4.36336344480515 4.98077702522278 3.92269062995911 3.27744734287262 2.45306181907654 1.95748722553253
-9999 -9999 -9999 -9999 -9999 -9999 -9999 -9999 -9999 -9999 -9999 -9999 12.001266002655 1.89500853961164 2.26682326197624 2.17886406183243 1.79305958747864 1.6813035607338 1.12509450316429 -9999 -9999 -9999 -9999 -9999 -9999 -9999 -9999 -9999 4.49982038140297 3.8962616622448 3.62474280595779 3.56501830816269 -9999 3.66949796676636 -9999 -9999 -9999 -9999 3.97749066352844 4.58390414714813 4.07383131980896 4.86364889144897 2.87409442663193 3.49284732341766 5.16136586666107 3.70927333831787 2.53108191490173 2.00030618906021 1.89680242538452 3.96545326709747 5.2849942445755 5.25720226764679 3.27038437128067 3.87212979793549 3.60369992256165 3.10941445827484 3.42213821411133 2.12773042917252 1.37808752059937 1.07007899880409 0.700629740953445 0.701789259910583
-9999 -9999 -9999 -9999 -9999 -9999 -9999 -9999 -9999 -9999 33.9218015670776 2.69735777378082 2.74844706058502 3.08430898189545 2.84680652618408 1.91571450233459 1.50323331356049 1.57854223251343 1.43560579419136 1.96717393398285 1.48471196492513 -9999 2.29054890275002 2.0590358376503 2.0536635518074 -9999 -9999 2.93937164545059 3.49297642707825 3.13392162322998 3.05575132369995 3.14772820472717 2.73605024814606 2.63973516225815 -9999 -9999 3.10414099693298 4.32299315929413 3.86795926094055 3.75001645088196 3.3370521068573 3.32841610908508 2.30903702974319 2.1462487578392 1.437281280756 1.17957678437233 1.1843024790287 1.8542400598526 2.67790120840073 4.43867611885071 2.18570664525032 2.19066452980042 0.726435005664825 0.556004986166954 0.63305626809597 0.696593999862671 0.616513520479202 0.437880009412766 0.420212253928185 0.432894766330719 0.460794746875763 0.459254264831543
-9999 -9999 -9999 -9999 -9999 -9999 -9999 -9999 -9999 2.84904456138611 2.6387894153595 2.59073692560196 1.87681192159653 1.440006762743 1.44923025369644 1.27407601475716 1.67309403419495 1.51626223325729 1.34134876728058 1.34695798158646 1.48768723011017 2.01510575413704 2.20367324352264 1.80743855237961 1.88321632146835 1.82462847232819 1.84855127334595 2.3873587846756 2.62761068344116 1.92803406715393 1.31206990778446 2.56172329187393 1.91549921035767 2.11425894498825 3.16703689098358 3.42494416236877 3.48863625526428 3.13893091678619 3.18800318241119 3.03170621395111 2.92435723543167 2.5554975271225 2.13295429944992 1.2306367456913 0.773396283388138 0.648132741451263 0.725345984101295 0.950100034475327 0.920205026865005 0.640759482979774 0.630082502961159 0.572027251124382 0.499490261077881 0.391174480319023 0.392999231815338 0.441000759601593 0.43317599594593 0.400566011667252 0.396411761641502 0.391404747962952 0.4740000218153 0.522626236081123
-9999 -9999 -9999 -9999 -9999 -9999 -9999 -9999 -9999 2.65041303634644 2.03367376327515 1.70865368843079 1.39674898982048 1.23480221629143 0.999515265226364 0.736559987068176 0.893209487199783 1.13956877589226 1.36060953140259 1.41018676757812 1.51494830846786 1.6832258105278 1.70642691850662 1.70849776268005 1.27400100231171 1.44632703065872 1.32162147760391 1.42940327525139 1.39879873394966 1.22328972816467 1.2941722869873 1.53500175476074 1.78082031011581 1.62059032917023 1.97421669960022 2.47088098526001 2.50868546962738 2.52856421470642 2.5891529917717 2.46214574575424 1.84856253862381 1.58154594898224 0.76130998134613 0.699840769171715 0.674705252051353 0.653231978416443 0.592194020748138 0.587606996297836 0.595777496695518 0.656794488430023 0.641803488135338 0.59612774848938 0.518781021237373 0.457204520702362 0.456488996744156 0.450269982218742 0.453804016113281 0.44506573677063 0.454054489731789 0.452630236744881 0.555033758282661 0.613459512591362
-9999 -9999 -9999 -9999 -9999 -9999 -9999 -9999 -9999 1.8926317691803 1.65369522571564 1.30181327462196 0.926679790019989 0.710486233234406 0.607484981417656 0.556214243173599 0.562329769134521 0.707036241889 0.946334213018417 1.10511222481728 1.47572404146194 1.42909428477287 1.36127471923828 1.32992103695869 1.1195302605629 0.997032791376114 0.899384289979935 0.866205006837845 0.878141283988953 0.919566035270691 0.936417013406754 1.00352928042412 1.27131003141403 1.40057927370071 1.39691027998924 1.56425249576569 0.953155517578125 0.909514456987381 1.17115987837315 2.59588944911957 1.91240626573563 0.563094735145569 0.640128001570702 0.66446927189827 0.676191732287407 0.683160737156868 0.60614325106144 0.600572258234024 0.599210232496262 0.618085518479347 0.609066769480705 0.59622448682785 0.562020733952522 0.583384484052658 0.608246237039566 0.513262510299683 0.508836731314659 0.500926494598389 0.491290479898453 0.509274020791054 0.642917990684509 0.710861250758171
2.73213368654251 1.09217548370361 1.5468921661377 1.65847724676132 -9999 -9999 -9999 2.76252013986761 2.64347702264786 1.83247053623199 1.56644028425217 1.31110721826553 0.89409077167511 0.954237788915634 0.952197790145874 0.93076953291893 0.853614717721939 0.510095983743668 0.579209268093109 0.733738481998444 0.916409969329834 0.845508009195328 0.929036289453506 0.78407621383667 0.760844260454178 0.754257023334503 0.721005767583847 0.746388003230095 0.75890251994133 0.776870280504227 0.818397760391235 0.873095244169235 0.870798736810684 0.875994712114334 0.866685748100281 0.986705213785172 0.861377209424973 0.74913601577282 0.676932021975517 0.662041515111923 0.678272232413292 0.66787277162075 0.663660004734993 0.64945949614048 0.661001265048981 0.671039253473282 0.646090507507324 0.635924980044365 0.633566245436668 0.532715991139412 0.522548988461494 0.524270251393318 0.546855747699738 0.646594494581223 0.643803745508194 0.614948228001595 0.630774021148682 0.739287748932838 0.964186459779739 1.31330779194832 1.71047025918961 1.90056592226028
1.17056179046631 1.20391353964806 1.30526626110077 2.21724075078964 1.70164954662323 1.83432072401047 3.08804941177368 2.23970550298691 1.73834252357483 1.61686956882477 1.3096424639225 1.25945475697517 1.1693107187748 1.16887727379799 1.20116248726845 0.89002051949501 0.631448999047279 0.534878253936768 0.568334251642227 0.600096747279167 0.549464240670204 0.564067482948303 0.729036748409271 0.718521013855934 0.617643758654594 0.592584013938904 0.604730978608131 0.602184757590294 0.640849515795708 0.642604485154152 0.664950013160706 0.699999734759331 0.690125271677971 0.684365227818489 0.666558757424355 0.596647515892982 0.599333256483078 0.618416234850883 0.652241259813309 0.70515601336956 0.710210233926773 0.73710523545742 0.700839757919312 0.68928824365139 0.680088758468628 0.669885769486427 0.653332516551018 0.623996257781982 0.563222229480743 0.485850736498833 0.503312990069389 0.525029987096786 0.569379732012749 0.70676851272583 0.743435248732567 0.999606013298035 2.21938043832779 2.47020220756531 3.23133838176727 3.77437198162079 2.75748002529144 1.70861703157425
0.85604327917099 0.9047512114048 0.989947468042374 1.78812450170517 1.58869957923889 2.08249121904373 2.70588755607605 1.48940554261208 1.27401521801949 1.24933648109436 1.11407697200775 1.07956650853157 0.889034271240234 0.874683022499084 0.74151822924614 0.675700485706329 0.63613723218441 0.618492767214775 0.595064252614975 0.608414992690086 0.625781267881393 0.650108993053436 0.637897521257401 0.615267008543015 0.561755239963531 0.570530980825424 0.57669223845005 0.60375452041626 0.619328230619431 0.61105951666832 0.605747267603874 0.616229251027107 0.539697736501694 0.534171000123024 0.525473266839981 0.530313760042191 0.520347744226456 0.546062260866165 0.551130741834641 0.613247260451317 0.66431325674057 0.677263498306274 0.618480741977692 0.586041748523712 0.585899233818054 0.606793507933617 0.580514252185822 0.545758500695229 0.522443979978561 0.569983497262001 0.641115769743919 0.723607510328293 0.822875261306763 1.38863325119019 2.28989320993423 4.55432188510895 6.26839399337769 4.46007585525513 3.45833909511566 3.21506559848785 1.95203107595444 1.93771576881409
0.577859982848167 0.695528268814087 0.609287247061729 0.60520501434803 0.629123255610466 0.649818733334541 0.751464754343033 0.564683228731155 0.571365013718605 0.549072772264481 0.543309018015862 0.56199149787426 0.565841227769852 0.571059733629227 0.684201747179031 0.688925251364708 0.628414481878281 0.598260015249252 0.652124986052513 0.722126260399818 0.801831007003784 0.917783975601196 0.837200224399567 0.677832752466202 0.61158674955368 0.631286233663559 0.646950736641884 0.680460020899773 0.708836227655411 0.70387727022171 0.688359752297401 0.661130994558334 0.63247874379158 0.604464009404182 0.566210255026817 0.571768507361412 0.562959730625153 0.56469601392746 0.561833247542381 0.539689511060715 0.52503602206707 0.541407734155655 0.65735699236393 0.651907503604889 0.644348233938217 0.616523265838623 0.608439758419991 0.705590263009071 0.707923516631126 0.725335478782654 0.776039242744446 0.82981950044632 0.899580717086792 1.71630442142487 2.81884503364563 3.48804008960724 2.43386542797089 1.94215947389603 1.9430136680603 2.15176051855087 3.48140037059784 3.86448991298676
0.487647771835327 0.451577246189117 0.450515270233154 0.475207507610321 0.520061999559402 0.584849998354912 0.726570770144463 0.817115217447281 0.809084236621857 0.688028231263161 0.656315982341766 0.666270732879639 0.664430245757103 0.598788008093834 0.729139521718025 0.730011731386185 0.797708988189697 0.917142748832703 1.18914002180099 1.25027024745941 1.31552177667618 1.17174071073532 1.00566449761391 0.956204205751419 0.907529264688492 0.744721502065659 0.684332236647606 0.698257505893707 0.726564019918442 0.7747822701931 0.685866013169289 0.661100998520851 0.654834017157555 0.658584013581276 0.648209229111671 0.657167986035347 0.678342014551163 0.70678049325943 0.714165017008781 0.698008507490158 0.699629992246628 0.703355267643929 0.727944731712341 0.72936075925827 0.716498985886574 0.663846731185913 0.883908033370972 1.18409326672554 1.75160479545593 1.26719471812248 1.00764378905296 0.94420650601387 1.04097077250481 1.60654574632645 1.86222892999649 1.82881128787994 1.70372933149338 1.73808521032333 1.82847154140472 1.96245682239532 2.81976306438446 4.19386267662048
0.629142746329308 0.622376248240471 0.572628021240234 0.521138995885849 0.546430483460426 0.585817515850067 0.5482267588377 0.53413724899292 0.562276482582092 0.561839997768402 0.563088744878769 0.577936515212059 0.641876265406609 0.785786211490631 0.854093223810196 0.900572955608368 0.90005698800087 1.00259774923325 1.00848072767258 0.987654000520706 0.989540219306946 1.01940152049065 0.752132266759872 0.676851734519005 0.689170494675636 0.728873983025551 0.753294736146927 0.795801758766174 0.832315474748611 0.817058980464935 0.775712996721268 0.744830265641212 0.705259501934052 0.746643751859665 0.811895281076431 0.874017030000687 0.981102794408798 1.01657178997993 1.08251997828484 0.99717977643013 0.869540244340897 0.877932786941528 0.85361248254776 0.799856275320053 0.784831523895264 0.865567535161972 8.96481800079346 11.7049226760864 5.14945507049561 1.32972228527069 1.11373803019524 1.25842800736427 1.64873099327087 1.9883685708046 1.89657533168793 1.85613816976547 2.13860017061234 2.32049918174744 2.22278326749802 2.25715416669846 3.48648887872696 3.93086483209364
0.483762010931969 0.596873268485069 0.541518732905388 0.45151948928833 0.411202490329742 0.451191768050194 0.454864516854286 0.419789984822273 0.471030011773109 0.532379239797592 0.568671762943268 0.614729270339012 0.659567266702652 0.691115230321884 0.702545240521431 0.748954519629478 0.766020029783249 0.777062237262726 0.60471148788929 0.554462268948555 0.565811991691589 0.573681771755219 0.642116993665695 0.68605050444603 0.702221229672432 0.854293495416641 1.01442378759384 1.12714871764183 1.14523646235466 1.09145548939705 1.03213047981262 0.863688737154007 0.816993713378906 0.939009010791779 1.16789701581001 1.22278046607971 1.04100671410561 0.983665466308594 1.06311222910881 1.08061274886131 1.11214202642441 1.05190122127533 0.939025461673737 0.733250990509987 1.02534520626068 2.57844758033752 3.01498711109161 11.4812643527985 12.4659433364868 1.55990767478943 1.57715481519699 2.29673928022385 2.34986633062363 2.283138692379 2.70976567268372 2.46590852737427 2.68974035064669 -9999 -9999 -9999 -9999 -9999
0.467355743050575 0.463648483157158 0.442129477858543 0.447477757930756 0.42706198990345 0.411626994609833 0.410844013094902 0.424867495894432 0.505473732948303 0.532147496938705 0.61003652215004 0.654110983014107 0.700341001152992 0.698588982224464 0.655250251293182 0.684692233800888 0.63138373196125 0.592323750257492 0.5820292532444 0.545605480670929 0.535926729440689 0.569602489471436 0.762174725532532 0.855286538600922 0.917669981718063 1.10637527704239 1.15071299672127 1.21182484924793 1.5830940246582 1.22920721769333 1.07093024253845 0.999454468488693 1.21454098820686 1.8570014834404 1.73221278190613 1.50690007209778 1.64470499753952 1.24345502257347 0.973120540380478 0.947194486856461 0.937799960374832 0.889907240867615 1.14340648055077 0.964433223009109 1.10114845633507 1.96503746509552 4.64574086666107 6.50123691558838 3.96434462070465 2.09535366296768 3.35877513885498 3.58903813362122 3.40804123878479 37.2520737392562 1.53746133749602 -9999 -9999 -9999 -9999 -9999 -9999 -9999
0.393941983580589 0.409970998764038 0.451202228665352 0.470236480236053 0.489158257842064 0.472610235214233 0.451967239379883 0.464066237211227 0.479490771889687 0.517699509859085 0.534116998314857 0.541249483823776 0.581438988447189 0.582144007086754 0.567104235291481 0.595958232879639 0.610400229692459 0.634099513292313 0.652262270450592 0.664168506860733 0.686378985643387 0.663379490375519 0.752952754497528 0.837604522705078 0.924053281545639 0.973846524953842 1.23258671164513 1.32601279020309 2.36891877651215 -9999 -9999 -9999 -9999 -9999 -9999 3.14426672458649 5.06160986423492 2.63386648893356 1.4488679766655 0.984529495239258 0.812612235546112 0.759993731975555 0.815153986215591 2.16866022348404 2.06429243087769 2.14123803377151 2.43838727474213 3.22243058681488 3.51704478263855 8.89487957954407 7.57165288925171 6.23855710029602 3.40059757232666 1.9762424826622 1.97624230384827 -9999 -9999 -9999 -9999 -9999 -9999 -9999
0.47301073372364 0.4726642370224 0.480086982250214 0.487209007143974 0.496147513389587 0.533664733171463 0.521627247333527 0.515331745147705 0.503247767686844 0.497870251536369 0.482419520616531 0.470490753650665 0.550263002514839 0.597039744257927 0.597349494695663 0.610268265008926 0.624789744615555 0.658423483371735 0.796097248792648 0.98197728395462 0.968439012765884 0.980861216783524 1.01610222458839 0.783427476882935 0.851579278707504 1.01229974627495 1.25856453180313 1.29925802350044 1.14235829114914 -9999 -9999 -9999 -9999 -9999 -9999 -9999 12.2061681747437 18.4295611381531 11.4647934436798 2.18205374479294 1.72205543518066 1.66787248849869 1.54242217540741 3.03603601455688 4.59782767295837 5.79963755607605 8.23010945320129 8.5786235332489 9.31358027458191 12.8416614532471 8.17071318626404 6.44741320610046 -9999 -9999 -9999 -9999 -9999 -9999 -9999 -9999 -9999 -9999
0.504724502563477 0.510217487812042 0.514943271875381 0.546840012073517 0.503766730427742 0.485188499093056 0.498417735099792 0.501873761415482 0.509640768170357 0.45932699739933 0.480200260877609 0.498903751373291 0.539544001221657 0.563549235463142 0.604177504777908 0.60718198120594 0.670607998967171 0.724806770682335 0.877649277448654 1.31636462608973 0.891243813508148 0.814771570265293 0.938824564218521 0.841701775789261 0.783075749874115 0.886768519878387 1.24633651971817 1.31719949841499 1.42163470387459 -9999 -9999 -9999 -9999 -9999 -9999 -9999 20.1325986385345 8.08893799781799 9.20954918861389 2.82614994049072 2.84077352285385 3.64237189292908 4.0854195356369 6.79682207107544 6.782634973526 7.5222544670105 17.4409503936768 14.1070833206177 13.058153629303 11.3968877792358 5.84831178188324 5.05174040794373 7.56960773468018 -9999 -9999 -9999 -9999 -9999 -9999 -9999 -9999 -9999
0.510784506797791 0.520692765712738 0.558527246117592 0.537593230605125 0.500231981277466 0.495453000068665 0.515084266662598 0.530238747596741 0.532947018742561 0.523022264242172 0.562463253736496 0.606009766459465 0.638514742255211 0.593026489019394 0.585093766450882 0.56944651901722 0.684972748160362 0.691909521818161 0.732741728425026 0.837465763092041 0.705520480871201 0.612213760614395 0.685351520776749 0.901081502437592 0.94704070687294 0.980646014213562 1.35468220710754 1.35602921247482 1.36141946911812 1.65648150444031 -9999 -9999 -9999 -9999 -9999 -9999 -9999 3.80027744599751 8.87662482261658 3.39647769927979 3.59177041053772 3.81282305717468 5.35418093204498 9.08033323287964 19.338191986084 15.1584906578064 19.7775020599365 22.6992545127869 29.5879354476929 14.9317946434021 9.13444519042969 5.66790068149567 5.72347262319645 -9999 -9999 -9999 -9999 -9999 -9999 -9999 -9999 -9999
0.469548001885414 0.506268739700317 0.531624019145966 0.518999263644218 0.53201325237751 0.534557238221169 0.536302506923676 0.563894256949425 0.587012261152267 0.590425506234169 0.651603743433952 0.618992239236832 0.608980491757393 0.621677979826927 0.610688254237175 0.617523729801178 0.668327987194061 0.60749477148056 0.635406017303467 0.654128238558769 0.615797996520996 0.57905700802803 0.653206497430801 1.13142147660255 1.17225453257561 1.37932500243187 1.269749969244 1.36888870596886 1.43665346503258 1.65165817737579 -9999 -9999 -9999 -9999 -9999 -9999 -9999 -9999 -9999 -9999 -9999 -9999 -9999 -9999 -9999 -9999 3.65490746498108 2.91589532115243 30.5121946334839 19.3453145793506 -9999 -9999 -9999 -9999 -9999 -9999 -9999 -9999 -9999 -9999 -9999 -9999
0.458257511258125 0.428390979766846 0.425879269838333 0.451142236590385 0.503980502486229 0.531273007392883 0.519488230347633 0.508316248655319 0.550653755664825 0.602022752165794 0.638072982430458 0.595163270831108 0.681921020150185 0.624524250626564 0.607548728585243 0.646956011652946 0.648690730333328 0.608215481042862 0.62516476213932 0.634376987814903 0.64894799888134 0.69209548830986 0.791349738836288 2.33739644018087 -9999 -9999 1.74817131294145 1.13817152380943 1.2185632288456 1.50533330440521 2.00247967243195 -9999 -9999 -9999 -9999 -9999 -9999 -9999 -9999 -9999 -9999 -9999 -9999 -9999 -9999 -9999 -9999 -9999 -9999 -9999 -9999 -9999 -9999 -9999 -9999 -9999 -9999 -9999 -9999 -9999 -9999 -9999
0.525343492627144 0.498795747756958 0.493019253015518 0.495149239897728 0.502699479460716 0.523746728897095 0.519489750266075 0.509153991937637 0.54203474521637 0.585365250706673 0.572126269340515 0.646424978971481 0.670899018645287 0.681433483958244 0.718631252646446 0.689445734024048 0.671840250492096 0.576988488435745 0.611313745379448 0.627007484436035 0.647725492715836 0.720265477895737 0.795187532901764 0.914882272481918 1.00195124745369 1.00639423727989 1.05200028419495 1.0558514893055 1.21546196937561 1.36524528264999 1.96500527858734 2.63048343462487 -9999 -9999 -9999 -9999 -9999 -9999 -9999 -9999 -9999 -9999 -9999 -9999 -9999 -9999 -9999 -9999 -9999 -9999 -9999 -9999 -9999 -9999 -9999 -9999 -9999 -9999 -9999 -9999 -9999 -9999
0.508901998400688 0.47028449177742 0.478316992521286 0.461206510663033 0.470636263489723 0.479405254125595 0.485751003026962 0.497127011418343 0.610443010926247 0.632691755890846 0.625068739056587 0.694751992821693 0.667112991213799 0.657875239849091 0.683873981237411 0.632855236530304 0.68018402159214 0.675393730401993 0.667586982250214 0.690783753991127 0.705641269683838 0.751082271337509 0.808883249759674 0.799877285957336 0.867342710494995 0.928606510162354 0.958203792572021 1.20537078380585 1.53389471769333 1.78995144367218 2.07659697532654 2.19377672044854 -9999 -9999 -9999 -9999 -9999 -9999 -9999 -9999 -9999 -9999 -9999 -9999 -9999 -9999 -9999 -9999 -9999 -9999 -9999 -9999 -9999 -9999 -9999 -9999 -9999 -9999 -9999 -9999 -9999 -9999
0.534327015280724 0.515556737780571 0.506524488329887 0.491997733712196 0.454483509063721 0.444192007184029 0.453858733177185 0.557007014751434 0.679118245840073 0.750684767961502 0.631912484765053 0.816308230161667 0.882243007421494 0.890078276395798 0.876173973083496 0.814404755830765 0.776063293218613 0.780609011650085 0.692178010940552 0.72987525165081 0.743676736950874 0.863520741462708 0.774893224239349 0.892618507146835 1.16985753178596 1.30028101801872 1.05932548642159 1.22558927536011 1.4539657831192 1.57330870628357 2.1977646946907 -9999 -9999 -9999 -9999 -9999 -9999 -9999 -9999 -9999 -9999 -9999 -9999 -9999 -9999 -9999 -9999 -9999 -9999 -9999 -9999 -9999 -9999 -9999 -9999 -9999 -9999 -9999 -9999 -9999 -9999 -9999
