EcologicalScience/Bass/data/rs_data_bass/chl_102.asc
NCOLS 226 
NROWS 124 
XLLCORNER -9.41648524995501 
YLLCORNER 47.587301625531 
CELLSIZE 0.0833 
NODATA_value -9999 
[rows 54 to 80 of 124, columns 124 to 185 of 226]
2.86056101322174 2.5154595375061 2.130914747715 2.12468945980072 2.18350178003311 2.10313773155212 2.30565413832664 2.12834733724594 2.02966767549515 2.0524355173111 2.10434329509735 2.00609882175922 2.2100165784359 2.3062254935503 2.33891204595566 2.20469959080219 2.18215276300907 1.94535970687866 2.02286320924759 2.0780662894249 2.08628171682358 2.02616626024246 1.96719002723694 1.8944993019104 1.92119246721268 2.04264521598816 1.96811628341675 2.34112054109573 2.38827520608902 2.64363151788712 2.64933300018311 2.6815710067749 2.68277996778488 2.65813583135605 2.75992798805237 2.93209505081177 3.01654887199402 3.00757205486298 2.16416922211647 1.88557308912277 1.84762725234032 1.99495983123779 2.31444856524467 2.70820418000221 0.530671522021294 0.536832019686699 0.57403801381588 0.620340004563332 5.26505827903748 4.99313378334045 5.89236259460449 5.14151527664878 4.4361571925027 4.49870431423187 3.59477642604283 3.61074757575989 8.324362718142 27.6613836288452 39.1388375759125 9.77527468545096 10.959748734947 12.6533265446053
3.12054109573364 2.79283094406128 2.29082399606705 2.28937149047852 2.60196635127068 2.46865233778954 2.18817800283432 2.15660145878792 2.08623248338699 2.03865069150925 2.14554899930954 2.20873272418976 2.11620658636093 2.12876911461353 2.22164368629456 2.33823511004448 1.87570130825043 2.096286714077 2.16790419816971 2.22840893268585 2.2318514585495 2.23676401376724 2.2222763299942 2.28682118654251 2.27086043357849 2.62895482778549 2.76056098937988 2.92504191398621 2.97979956865311 2.85415345430374 2.85307645797729 2.90117257833481 3.05161213874817 3.13989508152008 3.1417590379715 3.19183659553528 3.173379778862 3.08986186981201 2.52396154403687 1.49881875514984 1.66217476129532 1.64109224081039 1.78128308057785 1.76778531074524 1.85394376516342 4.79029530286789 5.17464154958725 5.76487398147583 6.39361721277237 5.33852165937424 4.82932434976101 4.64957341126033 4.74878004619053 4.3078043120248 4.31277440941852 6.47185677640578 10.5720698833466 -9999 -9999 -9999 -9999 -9999
3.69722330570221 3.60381722450256 2.6533807516098 2.37124675512314 2.49032092094421 2.64302399754524 2.479945063591 2.30951845645905 2.35641306638718 2.41632044315338 2.29105204343796 2.30564874410629 2.35766452550888 2.40280747413635 2.29040622711182 2.07009297609329 1.98284858465195 1.95696008205414 2.40334296226501 2.37735247612 2.44745445251465 2.68706327676773 2.62270045280457 2.52259576320648 2.55051827430725 3.03823113441467 3.01582646369934 2.98143821954727 3.10234129428864 3.16424310207367 3.14629948139191 3.15236413478851 3.24288582801819 3.40079784393311 3.37876868247986 3.24609088897705 3.16742706298828 2.43533778190613 2.03283110260963 2.01188725233078 2.01233741641045 2.2291311621666 2.10551708936691 2.26096272468567 2.59129732847214 3.94572365283966 5.37799215316772 6.49919416755438 4.06895763533456 4.21921007973807 4.40638289451599 4.67407715320587 4.84818938800267 13.7429099222169 -9999 -9999 -9999 -9999 -9999 -9999 -9999 -9999
4.37744975090027 4.04012596607208 3.57916367053986 3.029465675354 2.60594594478607 2.448894739151 2.33076524734497 2.27902123332024 1.6847677230835 1.74885374307632 1.80176782608032 1.96264958381653 2.1661251783371 2.12703216075897 2.28246974945068 2.29950302839279 2.12314581871033 2.18826681375504 2.55500695109367 2.54517406225204 2.54372817277908 2.63323983550072 2.7730388045311 2.77792096138 2.93263626098633 3.10707175731659 3.18689095973969 3.15048980712891 3.18638706207275 3.30455696582794 3.30008411407471 3.35259461402893 3.3934063911438 3.39285135269165 3.27035236358643 3.17386257648468 2.83164525032043 2.77989828586578 2.52508199214935 1.76232379674911 1.83704030513763 2.01479172706604 2.35560983419418 2.38634991645813 2.97551769018173 3.4105635881424 4.87776446342468 7.57600344539782 4.106076836586 4.01461493968964 4.06703317165375 4.28568971157074 5.56906342506409 -9999 -9999 -9999 -9999 -9999 -9999 -9999 -9999 -9999
4.80456304550171 4.81215751171112 4.42939281463623 4.05574023723602 3.26108348369598 2.24572956562042 2.17646920681 2.15012401342392 2.07035171985626 2.01896703243256 1.92479252815247 2.06380426883698 2.12292981147766 2.22838354110718 2.33724296092987 2.33615094423294 2.32156133651733 2.21356129646301 2.55570897459984 2.57907190918922 2.52852264046669 2.72626841068268 2.70509326457977 2.78018152713776 2.71391928195953 2.76223456859589 2.65705651044846 3.23000335693359 3.31250631809235 3.39819610118866 3.36282384395599 3.38492846488953 3.29487884044647 3.19734835624695 3.15243530273438 2.76572245359421 2.72886747121811 2.0891609787941 1.82210469245911 1.81045567989349 1.92260992527008 2.19606596231461 2.35948348045349 2.68662375211716 3.57105767726898 6.25265926122665 14.4584392058222 7.0927140712738 5.94579684734344 4.45697236061096 4.48066484928131 23.1435785293579 55.0062961578369 -9999 -9999 -9999 -9999 -9999 -9999 -9999 -9999 -9999
-9999 4.66705226898193 4.94079673290253 4.74657493829727 5.07819259166718 4.81504547595978 2.45477020740509 2.51508754491806 2.41929906606674 2.27620267868042 2.02353000640869 2.24328517913818 2.28445494174957 2.32769018411636 2.33062416315079 2.30036705732346 2.365099132061 2.39458680152893 2.45194429159164 2.62980377674103 2.45649755001068 2.76354593038559 2.73295578360558 2.79257020354271 2.72180843353271 2.68027245998383 2.86511921882629 2.81834283471107 3.36434841156006 3.42014408111572 3.32618021965027 3.07158672809601 3.07650911808014 3.16277253627777 2.52910566329956 2.23470747470856 1.78593081235886 1.85633629560471 2.01603144407272 2.1393449306488 2.13588756322861 2.20887905359268 2.52893400192261 3.34640622138977 3.93606305122375 -9999 8.82497048377991 5.69184136390686 7.07156181335449 6.74489235877991 22.5875930786133 17.4791078567505 65.1490173339844 64.6133017812456 -9999 -9999 -9999 -9999 -9999 -9999 -9999 -9999
-9999 -9999 -9999 -9999 -9999 2.28387522697449 4.12030416727066 2.80058991909027 2.83134752511978 2.34328347444534 2.33362877368927 2.1577439904213 2.32271021604538 2.37189370393753 2.52042776346207 2.49915319681168 2.39713400602341 2.42077803611755 2.38406300544739 2.55729293823242 2.74498605728149 2.79901912808418 2.76513031125069 2.82630488276482 2.75739705562592 2.98183339834213 2.79223054647446 2.88900795578957 2.76579639315605 2.50918650627136 2.89916771650314 3.02945387363434 2.73906147480011 2.40876603126526 1.95358049869537 1.91670298576355 2.03571671247482 2.09073007106781 2.30189770460129 2.41444194316864 3.20451664924622 2.71665233373642 2.31836771965027 3.46160638332367 3.94157767295837 27.4787225086712 -9999 -9999 -9999 -9999 26.0862007141113 27.1012401580811 51.1848392486572 31.2142009735107 -9999 -9999 -9999 -9999 -9999 -9999 -9999 -9999
-9999 -9999 -9999 -9999 -9999 -9999 -9999 -9999 3.7024886906147 3.81464002132416 2.30709081888199 2.02598404884338 2.17492353916168 2.24381929636002 2.92372477054596 2.4724828004837 2.52142775058746 2.1018773317337 2.5436469912529 2.59731495380402 2.86779475212097 2.78567540645599 2.79296243190765 3.04344475269318 2.90620690584183 2.93891328573227 3.15356853604317 2.83658444881439 2.67456150054932 2.04813900589943 2.88853883743286 2.7924308180809 2.38092076778412 1.96928626298904 1.77713620662689 1.7189347743988 1.70389276742935 1.78514617681503 1.92580872774124 1.97736382484436 1.86051374673843 1.9489740729332 2.34319192171097 3.13427174091339 4.84276946272169 29.0682649612427 -9999 -9999 -9999 -9999 17.548882484436 31.6982460021973 28.3904928631253 33.4234142303467 32.709846496582 19.4823173478592 -9999 -9999 -9999 -9999 -9999 -9999
-9999 -9999 -9999 -9999 -9999 -9999 -9999 -9999 -9999 -9999 3.72831755876541 3.27067315578461 2.79950997233391 3.09327739477158 3.45467174053192 3.03039705753326 2.73859995603561 2.35292226076126 2.31917357444763 2.479008436203 2.94861054420471 2.8668258190155 2.71599125862122 3.06298875808716 2.8308345079422 3.28111267089844 3.39218187332153 2.64466425776482 2.3632256090641 2.26532542705536 2.40262717008591 2.17852056026459 1.78094547986984 1.85485875606537 1.90401381254196 2.02795118093491 1.84134382009506 1.62330758571625 1.61394971609116 1.71273529529572 1.78255051374435 2.07777374982834 2.76597225666046 3.67870795726776 16.174589605586 -9999 -9999 -9999 -9999 -9999 -9999 -9999 8.75510832667351 26.630521774292 42.9086437225342 22.4557841164725 10.8786277770996 -9999 -9999 -9999 -9999 -9999
-9999 -9999 -9999 -9999 -9999 -9999 -9999 -9999 -9999 4.3704868555069 4.58343547582626 3.79983603954315 2.94559061527252 3.07615250349045 3.36315363645554 3.03714972734451 2.80795079469681 2.7401727437973 2.39362794160843 2.73785626888275 2.83376777172089 2.7558434009552 2.74236798286438 2.98208272457123 2.93765169382095 2.79752916097641 2.03800570964813 1.82379305362701 1.3964227437973 1.73586004972458 1.8075698018074 1.58365577459335 1.4419529736042 1.47218254208565 1.55900770425797 1.55837774276733 1.46308046579361 1.42687278985977 1.53733956813812 1.69266897439957 1.93759578466415 2.38184255361557 2.94863766431808 3.64258360862732 31.2643649607029 33.0447750091553 -9999 -9999 -9999 22.7301915342158 47.4091832542419 26.5767021560669 20.1638746261597 22.6134830023113 22.7980613708496 20.1374244689941 -9999 -9999 -9999 -9999 -9999 -9999
-9999 -9999 -9999 -9999 -9999 -9999 -9999 -9999 -9999 -9999 6.15515298843384 3.66631686687469 3.83977800607681 3.51445531845093 2.61981108784676 2.71771457791328 2.61419096589088 2.66492959856987 2.52570652961731 2.71077454090118 2.72185730934143 2.65983021259308 2.6684867143631 2.81839776039124 2.87520968914032 3.04906725883484 2.49305927753448 2.01606899499893 1.42501428723335 1.41671025753021 1.34975695610046 1.36512449383736 1.53615528345108 1.47102150321007 1.41231822967529 1.31482127308846 1.245236992836 1.42811098694801 1.73299795389175 1.86514431238174 2.11158156394958 2.48979216814041 3.09166717529297 3.25700408220291 9.74184623563174 -9999 -9999 -9999 -9999 -9999 21.2856993882552 25.546703453064 20.5052342207535 20.1119490499082 55.3722379472521 -9999 -9999 -9999 -9999 -9999 -9999 -9999
-9999 -9999 -9999 -9999 -9999 -9999 -9999 -9999 -9999 3.67937564849854 3.57364989410747 4.55449050664902 4.06609952449799 3.79932022094727 2.72052597999573 2.6445404291153 2.1856244802475 2.46007239818573 2.69128051400185 2.52245628833771 2.5953344389012 2.56240493059158 2.35221469402313 2.17878368496895 2.0855947136879 1.9087575674057 1.89731168746948 1.91934370994568 1.56084448099136 1.40047574043274 1.40043970942497 1.6129732131958 1.80865502357483 1.6582807302475 1.4120557308197 1.35882300138474 1.25005352497101 1.60149300098419 1.7265533208847 1.97030478715897 2.18820816278458 2.637919485569 3.05342245101929 5.97716681471149 3.86466658115387 -9999 -9999 -9999 -9999 -9999 17.9729465757098 51.1505408968244 20.5787737616177 -9999 -9999 -9999 -9999 -9999 -9999 -9999 -9999 -9999
-9999 -9999 -9999 -9999 -9999 -9999 -9999 -9999 -9999 3.45349603349512 4.04931938648224 4.04649448394775 3.87721848487854 3.52062773704529 3.04541248083115 3.07064697146416 2.50281599164009 2.41344863176346 2.60804289579391 2.80126804113388 2.696124792099 2.63725596666336 2.61773025989532 2.32725074887276 2.44553366303444 2.41232326626778 1.74437856674194 1.7462317943573 1.69946479797363 1.63489651679993 1.67629283666611 1.59847122430801 1.78511470556259 1.66497069597244 1.61407721042633 1.66998302936554 1.55616742372513 1.7268038392067 1.99567794799805 2.3051295876503 2.46008330583572 2.67798757553101 3.20981848239899 12.7779506091933 3.86466693878174 -9999 -9999 -9999 -9999 12.1949715614319 -9999 -9999 -9999 -9999 -9999 -9999 -9999 -9999 -9999 -9999 -9999 -9999
-9999 -9999 -9999 -9999 -9999 -9999 -9999 -9999 -9999 3.83496713638306 4.11409503221512 3.64706790447235 4.0800529718399 3.76692706346512 3.4573187828064 3.31633102893829 2.95458853244781 2.84607720375061 3.19288802146912 3.07156026363373 2.9021475315094 2.59106677770615 2.32110977172852 2.12968261241913 1.82652448117733 1.97271752357483 1.78011006116867 1.68141067028046 1.76381993293762 1.81469321250916 1.85400366783142 1.86600816249847 1.84140676259995 1.86159825325012 2.01073426008224 2.08299672603607 1.86107468605042 2.09893655776978 2.43544417619705 2.64273744821548 2.6174955368042 2.5310520529747 6.42624848229544 -9999 -9999 -9999 -9999 -9999 -9999 -9999 -9999 -9999 -9999 -9999 -9999 -9999 -9999 -9999 -9999 -9999 -9999 -9999
-9999 -9999 -9999 -9999 -9999 -9999 -9999 -9999 -9999 4.18946056365967 3.90239932537079 4.13007670640945 3.75550264120102 3.15027970075607 3.70085465908051 3.34629905223846 3.12381774187088 3.1624448299408 3.08776807785034 2.92677861452103 2.76926976442337 2.49330377578735 2.18099397420883 1.84227821230888 1.80371251702309 1.93993949890137 1.8551459312439 1.72134447097778 1.73818802833557 1.82251578569412 1.81164532899857 1.92526191473007 1.88041877746582 1.7836702466011 1.90239518880844 1.96169257164001 2.19060748815536 2.50870192050934 2.81727594137192 2.96330773830414 2.91058498620987 13.1864139859269 4.2717874624643 -9999 -9999 -9999 -9999 -9999 -9999 -9999 -9999 -9999 -9999 -9999 -9999 -9999 -9999 -9999 -9999 -9999 -9999 -9999
-9999 -9999 -9999 -9999 -9999 -9999 -9999 3.28386068344116 4.08935476171559 4.42506980895996 4.84248769283295 3.99981355667114 4.12090212106705 3.25683975219727 2.87284201383591 3.2389640212059 2.75280350446701 3.0528057217598 3.01102310419083 2.85845893621445 2.66870945692062 2.5259810090065 2.52303458201258 2.37529003933856 2.05893748998642 1.90143299102783 1.91389203071594 2.05649328231812 2.19869095087051 2.27021098136902 2.02331632375717 1.6019144654274 1.53954291343689 1.65960824489594 1.80677247047424 2.46230167150497 2.90852469205856 3.10737991333008 2.86094105243683 2.91147816181183 7.092574053019 5.69786846637726 3.25656187534332 -9999 -9999 -9999 -9999 -9999 -9999 -9999 -9999 -9999 -9999 -9999 -9999 -9999 -9999 -9999 -9999 -9999 -9999 -9999
-9999 -9999 -9999 -9999 -9999 -9999 4.25239271777017 4.15548445961692 4.56684501965841 4.55524384975433 5.00746089220047 4.35016018152237 4.07954728603363 3.47836419939995 2.97116097807884 2.92255416512489 2.81380695104599 3.14288920164108 3.15683668851852 2.83030092716217 2.514976978302 2.45024752616882 2.206822514534 2.23233604431152 2.15333247184753 2.1278475522995 2.10091120004654 1.89309453964233 1.66942119598389 1.93523366200297 3.24398839473724 2.50846123695374 2.36499828100204 1.9652624130249 2.08881443738937 3.23297488689423 3.41433155536652 3.13530886173248 2.98231726884842 -9999 -9999 -9999 -9999 -9999 -9999 -9999 -9999 -9999 -9999 -9999 -9999 -9999 -9999 -9999 -9999 -9999 -9999 -9999 -9999 -9999 -9999 -9999
-9999 -9999 -9999 -9999 4.63939263423284 4.10652722011913 3.95488345623016 3.66184284005846 4.12294441461563 3.65743982791901 4.19948208332062 4.0333691239357 3.95546543598175 3.52713945508003 3.24695813655853 3.16213694214821 3.30983918905258 3.12117797136307 2.9714121222496 2.72681301832199 2.61088347434998 2.3920950293541 2.30360108613968 2.24416351318359 2.18855166435242 2.31201982498169 2.47394549846649 2.5191165804863 2.34133207798004 2.14168882369995 2.08903133869171 2.4685971736908 2.46746331453323 2.76613193750381 3.17011213302612 3.33362174034119 3.73258709907532 10.3958474491419 -9999 -9999 -9999 -9999 -9999 -9999 -9999 -9999 -9999 -9999 -9999 -9999 -9999 -9999 -9999 -9999 -9999 -9999 -9999 -9999 -9999 -9999 -9999 -9999
-9999 -9999 -9999 -9999 3.93200218677521 4.51285135746002 3.71426917825426 3.32361943381173 4.14475393295288 3.88753795623779 3.73316216468811 4.01095300912857 3.92794507741928 3.43825909495354 3.11899280548096 3.07753282785416 3.09887838363647 2.85981041193008 2.71286138892174 2.73235416412354 2.55509841442108 2.34549003839493 2.3277930021286 2.21312856674194 2.20535552501678 2.51325452327728 2.49269932508469 2.49750155210495 2.7313334941864 2.58473628759384 2.57376676797867 2.77928030490875 3.25861287117004 3.52871382236481 3.06773471832275 3.46828001737595 3.66568100452423 -9999 -9999 -9999 -9999 -9999 -9999 -9999 -9999 -9999 -9999 -9999 -9999 -9999 -9999 -9999 -9999 -9999 -9999 -9999 -9999 -9999 -9999 -9999 -9999 -9999
-9999 8.29405946571734 3.93835728509086 4.68103498220444 4.01613340112898 3.47678315639496 3.03605794906616 3.02768840392431 4.13361078500748 3.94322329759598 3.63670688867569 3.45857709646225 3.47200870513916 3.56292307376862 3.28974777460098 3.08649632334709 3.04114463925362 2.85886055231094 2.78151458501816 2.75163906812668 2.60586369037628 2.37427121400833 2.38518905639648 2.37852895259857 2.31405526399612 2.51186406612396 2.53924798965454 2.60040074586868 2.67141151428223 2.79481941461563 2.83575600385666 2.7980609536171 2.7396719455719 2.90250107645988 3.14298117160797 -9999 -9999 -9999 -9999 -9999 -9999 -9999 -9999 -9999 -9999 -9999 -9999 -9999 -9999 -9999 -9999 -9999 -9999 -9999 -9999 -9999 -9999 -9999 -9999 -9999 -9999 -9999
3.9072747687076 4.97743107591357 4.69006036009107 4.65679444585528 3.42284553050995 3.5489245891571 3.61897222995758 3.30165095329285 3.99402272701263 3.91317218542099 3.40346074104309 3.03764551877975 3.5134699344635 3.174923568964 3.00796875357628 3.24923059344292 3.64317521452904 2.68995970487595 2.72004300355911 2.65579944849014 2.54025220870972 2.46257472038269 2.56973022222519 2.46280574798584 2.36334747076035 2.19901394844055 2.14304172992706 2.2970517873764 2.84523457288742 3.00234389305115 2.95662903785706 2.7488865852356 3.69665789604187 -9999 -9999 -9999 -9999 -9999 -9999 -9999 -9999 -9999 -9999 -9999 -9999 -9999 -9999 -9999 -9999 -9999 -9999 -9999 -9999 -9999 -9999 -9999 -9999 -9999 -9999 -9999 -9999 -9999
4.40209194330069 4.25229665968153 4.01271755354745 3.71496069431305 3.7622058391571 3.79752645492554 3.52166969776154 3.57516274452209 4.17551078796387 3.54756420850754 3.16606986522675 3.31773376464844 3.27567046880722 3.33942255377769 3.44996997714043 3.49778214097023 3.58183202147484 2.52667129039764 2.61883056163788 2.55738294124603 2.46452558040619 2.7980318069458 2.92862471938133 2.78306177258492 2.52615863084793 2.6660829782486 2.72119075059891 2.68678119778633 3.1315002143383 3.43326678872108 3.55643650889397 3.99541993439198 3.73728007078171 9.11960308175338 39.5644906667563 3.71322996327371 -9999 -9999 -9999 -9999 -9999 -9999 -9999 -9999 -9999 -9999 -9999 -9999 -9999 -9999 -9999 -9999 -9999 -9999 -9999 -9999 -9999 -9999 -9999 -9999 -9999 -9999
4.64563524723053 3.96722483634949 4.20520856380463 4.18167850971222 4.18277752399445 4.00707101821899 4.08837103843689 3.5568154156208 3.5193704366684 3.41344454884529 3.37307506799698 2.62623828649521 2.27355605363846 2.35778027772903 2.16935777664185 2.02006942033768 2.25483369827271 2.28832644224167 2.16928946971893 2.35986828804016 2.24755650758743 2.14441573619843 3.20215192437172 3.1391838490963 2.80050301551819 2.8415861427784 2.42534244060516 2.49002927541733 4.28224021196365 3.45919534564018 6.12801427107591 -9999 -9999 -9999 -9999 -9999 -9999 -9999 -9999 -9999 -9999 -9999 -9999 -9999 -9999 -9999 -9999 -9999 -9999 -9999 -9999 -9999 -9999 -9999 -9999 -9999 -9999 -9999 -9999 -9999 -9999 -9999
4.74430859088898 4.46946370601654 4.3402259349823 4.14523732662201 4.22193310260773 4.06748652458191 3.9874871969223 3.58677971363068 3.53952831029892 3.54016524553299 3.41633033752441 2.35254603624344 2.34732896089554 2.21033924818039 2.17615646123886 2.45239573717117 2.74240279197693 2.72361516952515 2.65898019075394 2.50453197956085 2.55234593153 2.52055943012238 2.47461068630219 2.54028367996216 2.73118650913239 2.84720993041992 2.86502176523209 2.94604647159576 3.1480113863945 3.95940143721444 4.09459060430527 3.51601898670197 -9999 -9999 -9999 -9999 -9999 -9999 9.2240873336792 12.6942715644836 -9999 -9999 -9999 -9999 -9999 -9999 -9999 -9999 -9999 -9999 -9999 -9999 -9999 -9999 -9999 -9999 -9999 -9999 -9999 -9999 -9999 -9999
6.47552275657654 7.95419350537387 6.50775822726163 4.25305755242057 5.62298703894896 4.21672010421753 4.26397848129272 4.30485486984253 3.90597903728485 3.68083870410919 3.33448040485382 2.86906653642654 2.57894325256348 2.59359830617905 2.61960822343826 3.74236357212067 3.67409241199493 3.16979777812958 2.85144531726837 2.72662049531937 2.88990157842636 2.89475923776627 2.88784575462341 2.99784529209137 3.00668907165527 3.01886236667633 3.22828710079193 3.59704766490243 3.35899654815072 2.96068100048148 5.62137384163706 3.42093944549561 -9999 -9999 -9999 -9999 -9999 -9999 -9999 -9999 -9999 -9999 -9999 -9999 -9999 -9999 -9999 -9999 -9999 -9999 -9999 -9999 -9999 -9999 -9999 -9999 -9999 -9999 -9999 -9999 -9999 -9999
-9999 -9999 -9999 -9999 -9999 3.47651880665829 4.79220041206905 4.27862244844437 3.5460678935051 3.29317939281464 3.12109565734863 3.35564839839935 3.61788153648376 2.95759499073029 3.50317418575287 3.73533153533936 3.48971557617188 3.41598808765411 3.13423132896423 3.1374306678772 3.10741281509399 3.83913561701775 3.18279826641083 3.26023762566703 3.67771212621169 4.51125836372375 -9999 -9999 -9999 -9999 -9999 -9999 -9999 -9999 -9999 -9999 -9999 -9999 -9999 -9999 -9999 -9999 -9999 -9999 -9999 -9999 -9999 -9999 -9999 -9999 -9999 -9999 -9999 -9999 -9999 -9999 -9999 -9999 -9999 -9999 -9999 -9999
-9999 -9999 -9999 -9999 -9999 -9999 4.2011205809457 4.43336927890778 3.25121462345123 3.13442015647888 3.58627581596375 4.63936722278595 4.76133513450623 4.90652632713318 4.95848107337952 5.22574138641357 4.61571371555328 3.76847612857819 3.6028311252594 5.71811950206757 5.85884588956833 4.00987386703491 3.65302717685699 2.66760780766746 -9999 -9999 -9999 -9999 -9999 -9999 -9999 -9999 -9999 -9999 -9999 -9999 -9999 -9999 -9999 -9999 -9999 -9999 -9999 -9999 -9999 -9999 -9999 -9999 -9999 -9999 -9999 -9999 -9999 -9999 -9999 -9999 -9999 -9999 -9999 -9999 -9999 -9999
