EcologicalScience/Bass/data/rs_data_bass/chl_56.asc
NCOLS 226 
NROWS 124 
XLLCORNER -9.41648524995501 
YLLCORNER 47.587301625531 
CELLSIZE 0.0833 
NODATA_value -9999 
[rows 54 to 80 of 124, columns 0 to 61 of 226]
-9999 -9999 -9999 -9999 -9999 -9999 -9999 -9999 -9999 -9999 -9999 -9999 -9999 -9999 -9999 -9999 -9999 -9999 -9999 -9999 -9999 -9999 -9999 -9999 -9999 -9999 -9999 -9999 -9999 -9999 -9999 -9999 -9999 -9999 -9999 -9999 -9999 -9999 4.38684228644428 2.68286919593811 2.26185894012451 2.18505370616913 1.69486123323441 1.34575501084328 1.5963186621666 1.44234153628349 1.22327104210854 1.05762827396393 0.845294237136841 0.872030228376389 0.891889482736588 0.863097757101059 0.938988000154495 1.14407247304916 1.43076145648956 1.59317851066589 2.51412504911423 2.87563914060593 -9999 0.607058599591255 0.62790758907795 -9999
-9999 -9999 -9999 -9999 -9999 -9999 -9999 -9999 -9999 -9999 -9999 -9999 -9999 -9999 -9999 -9999 -9999 -9999 -9999 -9999 -9999 -9999 -9999 -9999 -9999 -9999 -9999 -9999 -9999 -9999 -9999 -9999 -9999 -9999 -9999 -9999 -9999 -9999 -9999 2.78998804092407 2.31281250715256 2.18554580211639 1.73957097530365 1.48759871721268 1.31657096743584 0.974065482616425 1.0574437379837 0.99581703543663 0.926076740026474 0.814754247665405 0.834899246692657 0.854375213384628 0.941156208515167 1.07429704070091 1.3121392428875 1.31965121626854 2.10753259987667 -9999 -9999 -9999 -9999 -9999
-9999 -9999 -9999 -9999 -9999 -9999 -9999 -9999 -9999 -9999 -9999 -9999 -9999 -9999 -9999 -9999 -9999 -9999 -9999 -9999 -9999 -9999 -9999 -9999 -9999 -9999 -9999 -9999 -9999 -9999 -9999 -9999 -9999 -9999 -9999 -9999 -9999 -9999 -9999 -9999 2.15344566106796 2.03314572572708 1.892398416996 1.85536658763885 1.54353457689285 1.39983958750963 0.97959378361702 0.861791253089905 0.900170981884003 0.89671128988266 0.805168479681015 0.907473027706146 1.19062954187393 1.34444251656532 1.52447104454041 1.96778780221939 2.18340218067169 1.92281922698021 2.42696900367737 -9999 -9999 -9999
-9999 -9999 -9999 -9999 -9999 -9999 -9999 -9999 -9999 -9999 -9999 -9999 -9999 -9999 -9999 -9999 -9999 -9999 -9999 -9999 -9999 -9999 -9999 -9999 -9999 -9999 -9999 -9999 -9999 -9999 -9999 -9999 -9999 -9999 -9999 -9999 -9999 -9999 -9999 -9999 1.96760880947113 2.12937068939209 1.79949527978897 1.75770825147629 1.43155199289322 1.4190397337079 1.13444325327873 1.03675121068954 0.923238784074783 0.919188022613525 0.831112504005432 0.863287478685379 1.02724796533585 1.19287651777267 1.47690153121948 1.62495982646942 1.86040270328522 1.77888751029968 1.7385892868042 1.82972433737346 7.7934477831188 -9999
-9999 -9999 -9999 -9999 -9999 -9999 -9999 -9999 -9999 -9999 -9999 -9999 -9999 -9999 -9999 -9999 -9999 -9999 -9999 -9999 -9999 -9999 -9999 -9999 -9999 -9999 -9999 -9999 -9999 -9999 -9999 -9999 -9999 -9999 -9999 -9999 -9999 -9999 -9999 -9999 -9999 1.75601550936699 1.64156676828861 1.63694527745247 1.53907030820847 1.51340961456299 1.10841223597527 1.05010351538658 1.00830379128456 0.936164259910583 0.826924502849579 0.816761255264282 0.897085458040237 0.966652482748032 1.05681073665619 1.18320447206497 1.47274723649025 1.60986667871475 1.66884756088257 1.46982827782631 9.43617622554302 -9999
-9999 -9999 -9999 -9999 -9999 -9999 -9999 -9999 -9999 -9999 -9999 -9999 -9999 -9999 -9999 -9999 -9999 -9999 -9999 -9999 -9999 -9999 -9999 -9999 -9999 -9999 -9999 -9999 -9999 -9999 -9999 -9999 -9999 -9999 -9999 -9999 -9999 -9999 -9999 -9999 -9999 2.08463248610497 1.69993853569031 1.73190924525261 1.9257794469595 1.93123032152653 1.84608958661556 1.41818308085203 1.00510123372078 0.905006289482117 0.804023265838623 0.808773726224899 0.863688737154007 0.920618265867233 1.008814483881 1.1129512488842 1.22328597307205 1.57443219423294 4.39535083554008 -9999 -9999 -9999
-9999 -9999 -9999 -9999 -9999 -9999 -9999 -9999 -9999 -9999 -9999 -9999 -9999 -9999 -9999 -9999 -9999 -9999 -9999 -9999 -9999 -9999 -9999 -9999 -9999 -9999 -9999 -9999 -9999 -9999 -9999 -9999 -9999 -9999 -9999 -9999 -9999 -9999 -9999 -9999 2.24362006783485 2.14316788315773 1.87686496973038 1.65749591588974 2.06392742693424 1.85178709030151 1.87537834793329 1.67068351060152 0.902932494878769 0.887474209070206 0.853393524885178 0.86781370639801 0.931185007095337 1.06244623661041 1.16822174191475 1.17831900715828 2.095494389534 -9999 -9999 7.80979976177216 2.28745748315539 2.29165506362915
-9999 -9999 -9999 -9999 -9999 -9999 -9999 -9999 -9999 -9999 -9999 -9999 -9999 -9999 -9999 -9999 -9999 -9999 -9999 -9999 -9999 -9999 -9999 -9999 -9999 -9999 -9999 -9999 -9999 -9999 -9999 -9999 -9999 -9999 -9999 -9999 -9999 -9999 -9999 2.17418801784515 2.16497549414635 2.03464858531952 1.8180995285511 1.79631145298481 1.9117705821991 1.76445487886667 1.58381545543671 1.36499552428722 1.41299847364426 1.02634048461914 0.915018707513809 0.96101251244545 1.02361053228378 1.29718422889709 1.58532607555389 1.46604073047638 2.22682946920395 1.48726353049278 1.89614099264145 1.64079755544662 1.46424302458763 1.0632605664432
-9999 -9999 -9999 -9999 -9999 -9999 -9999 -9999 -9999 -9999 -9999 -9999 -9999 -9999 -9999 -9999 -9999 -9999 -9999 -9999 -9999 -9999 -9999 -9999 -9999 -9999 -9999 -9999 -9999 -9999 -9999 -9999 -9999 -9999 -9999 -9999 -9999 -9999 -9999 2.37305799126625 1.99108609557152 1.9940988868475 1.85704851150513 1.61373080313206 1.72055111825466 1.72330094128847 1.70486920326948 1.57564786076546 0.964347749948502 0.999879777431488 0.973076283931732 0.991898238658905 1.00498276948929 1.0730399787426 1.17788851261139 1.45036724209785 1.58765172958374 1.51206600666046 1.43697676062584 1.51519793272018 1.42966201901436 1.50215399265289
-9999 -9999 -9999 -9999 -9999 -9999 -9999 -9999 -9999 -9999 -9999 -9999 -9999 -9999 -9999 -9999 -9999 -9999 -9999 -9999 -9999 -9999 -9999 -9999 -9999 -9999 -9999 -9999 -9999 -9999 -9999 -9999 -9999 -9999 -9999 -9999 -9999 -9999 3.48869632557034 2.32402014732361 1.91445007920265 1.87209798395634 1.93146474659443 1.68508348613977 1.5917075201869 0.929073750972748 0.938296526670456 0.940876543521881 0.933909773826599 0.96800771355629 0.999531000852585 1.00091171264648 1.0042282640934 1.02787801623344 1.1925750374794 1.24278223514557 1.24459353089333 1.25569278001785 1.34773278236389 1.41545623540878 1.4794200360775 1.79672706127167
-9999 -9999 -9999 -9999 -9999 -9999 -9999 -9999 -9999 -9999 -9999 -9999 -9999 -9999 -9999 -9999 -9999 -9999 -9999 -9999 -9999 -9999 -9999 -9999 -9999 -9999 -9999 -9999 -9999 -9999 -9999 -9999 -9999 -9999 -9999 -9999 -9999 -9999 2.30988126993179 2.21495699882507 1.90246790647507 1.60484560132027 1.8563831448555 1.52791200578213 0.995265752077103 1.04039999842644 0.995530486106873 1.01520672440529 0.957701236009598 0.932202726602554 1.02568951249123 1.07208752632141 1.09542220830917 1.12419971823692 1.17157351970673 1.2144690155983 1.25755727291107 1.31368947029114 1.31008198857307 1.3245367705822 1.39998829364777 1.66808170080185
-9999 -9999 -9999 -9999 -9999 -9999 -9999 -9999 -9999 -9999 -9999 -9999 -9999 -9999 -9999 -9999 -9999 -9999 -9999 -9999 -9999 -9999 -9999 -9999 -9999 -9999 -9999 -9999 -9999 -9999 -9999 -9999 -9999 -9999 -9999 -9999 -9999 2.1811825633049 2.42473423480988 2.17373150587082 1.94581991434097 1.05873522162437 0.903002232313156 0.929222971200943 0.962226033210754 1.00197449326515 1.03427624702454 0.977546274662018 0.994818717241287 0.944448709487915 1.02328652143478 1.01161050796509 1.05067428946495 1.02521476149559 1.04326504468918 1.10524275898933 1.23688727617264 1.27613997459412 1.28412374854088 1.3199625313282 1.49876475334167 1.8617616891861
-9999 -9999 -9999 -9999 -9999 -9999 -9999 -9999 -9999 -9999 -9999 -9999 -9999 -9999 -9999 -9999 -9999 -9999 -9999 -9999 -9999 -9999 -9999 -9999 -9999 -9999 -9999 -9999 -9999 -9999 -9999 -9999 -9999 -9999 -9999 -9999 -9999 2.99246460199356 2.14432854652405 1.99991071224213 1.6128128528595 1.5235692858696 0.817646205425262 0.937887758016586 0.967293709516525 0.938907712697983 0.924711763858795 0.949759483337402 0.997650772333145 1.07005271315575 1.07737800478935 0.981519788503647 0.987899959087372 1.01659879088402 1.00772246718407 1.05721798539162 1.13341578841209 1.27352178096771 1.37373903393745 1.45453503727913 1.58811753988266 1.77553349733353
-9999 -9999 -9999 -9999 -9999 -9999 -9999 -9999 -9999 -9999 -9999 -9999 -9999 -9999 -9999 -9999 -9999 -9999 -9999 -9999 -9999 -9999 -9999 -9999 -9999 -9999 -9999 -9999 -9999 -9999 -9999 -9999 -9999 -9999 -9999 -9999 4.68975228071213 5.64352405071259 3.4854120016098 1.76737589836121 0.891018748283386 0.8450887799263 0.870234042406082 0.970921486616135 1.04667377471924 0.986883044242859 0.958074778318405 0.972877532243729 1.02838352322578 1.07069697976112 1.04201325774193 1.00710001587868 0.982001960277557 0.979860037565231 1.00555425882339 1.06292778253555 1.15153500437737 1.42335829138756 1.53857320547104 1.6285035610199 1.76297700405121 1.90360200405121
-9999 -9999 -9999 -9999 -9999 -9999 -9999 -9999 -9999 -9999 -9999 -9999 -9999 -9999 -9999 -9999 -9999 -9999 -9999 -9999 -9999 -9999 -9999 -9999 -9999 -9999 -9999 -9999 -9999 -9999 -9999 1.53227894504865 1.34804244339466 -9999 2.10493344068527 2.00854575634003 2.69936235461916 2.08286190032959 1.83740450441837 0.8787442445755 0.858245998620987 0.823419749736786 0.810989230871201 0.899637758731842 0.932496786117554 1.01335349678993 1.00633272528648 0.9725062251091 0.973217278718948 1.07662126421928 1.07903775572777 1.03796848654747 1.00074452161789 1.12534949183464 1.27176448702812 1.36577171087265 1.36268851161003 1.54424178600311 1.72939431667328 1.71101027727127 2.01061427593231 2.12749421596527
-9999 -9999 -9999 -9999 -9999 -9999 -9999 -9999 -9999 -9999 -9999 -9999 -9999 -9999 -9999 -9999 -9999 -9999 -9999 -9999 -9999 -9999 0.346259817481041 2.84907388687134 2.49053829908371 2.53057526350021 1.4377207159996 1.23417672514915 1.30966427922249 1.31131052970886 1.42342275381088 1.33557298779488 1.07905648648739 0.900314971804619 0.898472651839256 0.800004512071609 0.615408383309841 0.858977258205414 0.831153720617294 0.834641218185425 0.830604761838913 0.823435485363007 0.830855995416641 0.859084457159042 0.877628982067108 0.968207985162735 0.991719782352448 1.02520573139191 1.05428552627563 1.08917248249054 1.14269998669624 1.12459650635719 1.25445824861526 1.39522129297256 1.52491128444672 1.49209159612656 1.86594476018633 2.07383066826853 2.51796586373273 -9999 -9999 -9999
-9999 -9999 -9999 -9999 -9999 -9999 -9999 -9999 -9999 -9999 -9999 -9999 -9999 -9999 -9999 -9999 -9999 -9999 -9999 -9999 -9999 -9999 1.62827944858321 2.18872131407261 1.14761401712894 0.786563470959663 1.65953922271729 2.15412980318069 2.79135596752167 1.5008887052536 1.22353953123093 0.971931785345078 1.03989377617836 0.715156495571136 0.682645864784718 0.627926230430603 0.614575110375881 0.948903769254684 0.823205977678299 0.784758031368256 0.8034787774086 0.838874280452728 0.847660481929779 0.865797758102417 0.897786766290665 0.926411211490631 1.1178375184536 1.16168627142906 1.25621321797371 1.2448762357235 1.23084828257561 1.34518200159073 1.49294704198837 1.60124480724335 2.18779841065407 -9999 -9999 -9999 -9999 -9999 -9999 -9999
-9999 -9999 -9999 -9999 -9999 -9999 -9999 -9999 -9999 -9999 -9999 -9999 -9999 -9999 -9999 -9999 -9999 -9999 -9999 13.7646132122193 2.1354161798954 1.03734387457371 0.97665785998106 0.98735062032938 1.02982726693153 0.593210488557816 0.557410761713982 0.565856248140335 1.93365150690079 1.22083050012589 1.11028271913528 1.10663098096848 0.87603896856308 0.732403501868248 0.700432509183884 0.532045483589172 0.590624257922173 0.638656497001648 0.640642113983631 0.758515477180481 0.775909513235092 0.81138002872467 0.839733749628067 0.842234998941422 0.892693519592285 0.958684533834457 1.21701228618622 1.43081322312355 1.46709904074669 1.43059721589088 1.81216832399368 -9999 -9999 -9999 -9999 -9999 -9999 -9999 -9999 -9999 -9999 -9999
-9999 -9999 -9999 -9999 -9999 -9999 -9999 -9999 -9999 -9999 -9999 -9999 -9999 -9999 -9999 -9999 -9999 3.12824221327901 1.37968268617988 0.612642735242844 0.641778364777565 1.08327904343605 1.429812759161 1.73855406045914 1.79816848039627 1.12559473514557 1.05872029066086 0.618257254362106 0.61064201593399 0.578023746609688 0.687836989760399 0.741470977663994 0.623465985059738 0.587858229875565 0.622820243239403 0.527071505784988 0.541822493076324 0.571380749344826 0.588438749313354 0.614532753825188 0.761747270822525 0.773352742195129 0.772975534200668 0.798773288726807 0.838643968105316 0.912262469530106 1.0585717856884 1.91159100830555 2.11399093270302 2.18902319669724 1.98710726201534 -9999 -9999 -9999 -9999 -9999 -9999 -9999 -9999 -9999 -9999 -9999
-9999 -9999 -9999 -9999 -9999 -9999 -9999 -9999 -9999 -9999 -9999 -9999 -9999 -9999 1.37251503020525 1.43395804613829 1.38673160970211 1.87676292657852 1.0241787917912 1.84786123037338 1.75715392827988 1.25708323717117 0.748896762728691 0.691232487559319 0.673915266990662 0.711168006062508 0.695325002074242 0.651081740856171 0.751904994249344 0.865028232336044 0.63154873251915 0.620879977941513 0.607310235500336 0.585468739271164 0.588516756892204 0.596994012594223 0.582915008068085 0.596684262156487 0.621536269783974 0.677474230527878 0.738627746701241 0.731179520487785 0.742371752858162 0.765084743499756 0.999960780143738 1.06477278470993 1.05568724870682 1.71959853172302 1.592394053936 1.38946723937988 1.51093176752329 1.58561986684799 -9999 -9999 -9999 -9999 -9999 -9999 -9999 -9999 -9999 -9999
-9999 -9999 -9999 -9999 -9999 -9999 -9999 -9999 -9999 -9999 -9999 2.02970694856984 1.64339995980263 2.10539956390858 1.57955947518349 1.48533491492271 1.15235086083412 0.966402161121368 1.17090225219727 0.536472231149673 0.504508495330811 0.913773715496063 0.665693253278732 0.691626012325287 0.69403275847435 0.711888000369072 0.591597765684128 0.595084503293037 0.792823523283005 0.908403038978577 0.602879986166954 0.614145755767822 0.53311125934124 0.55504198372364 0.578761518001556 0.603460505604744 0.647767513990402 0.682501494884491 0.682835251092911 0.679904267191887 0.69446325302124 0.672462746500969 0.782637029886246 0.667035005986691 1.14741298556328 1.20762678980827 1.49143499135971 1.3075590133667 1.82427955269814 1.44447788185087 1.71858404874802 -9999 -9999 -9999 -9999 -9999 3.17674558689428 2.32472348213196 2.47232472896576 3.25595319271088 4.25063939094543 -9999
-9999 -9999 -9999 -9999 -9999 -9999 -9999 -9999 -9999 3.48676058650017 1.8908399939537 1.85163046717644 1.60832174122334 1.30706152319908 1.19061979651451 1.17160151898861 1.19633102416992 1.22047501802444 1.15773823857307 0.665328741073608 0.546973496675491 0.347933622077107 0.354211874306202 0.337540112435818 0.755205720663071 0.956118732690811 0.55756875872612 0.510543018579483 0.566109761595726 0.445129886269569 0.665475770831108 0.62178897857666 0.537551254034042 0.539430767297745 0.599212512373924 0.629898011684418 0.621998995542526 0.696016520261765 0.709570482373238 0.686862766742706 0.725959494709969 0.525747746229172 0.597350992262363 0.654508508741856 0.722336992621422 1.20618841052055 1.40770900249481 1.75110602378845 1.50936560332775 1.76472115516663 1.77168220281601 1.64352831244469 2.28793542725699 2.60314461413552 2.77888948917389 1.94871863722801 1.88678321242332 2.03294849395752 1.97703373432159 1.95933079719543 2.17358297109604 -9999
-9999 -9999 -9999 -9999 -9999 4.38639903068542 0.960228610038757 1.27412132620811 1.07404391169548 0.912449985742569 0.783879980444908 0.793610021471977 0.732504978775978 0.486248251050711 0.437580373138189 0.411482613533735 0.878907769918442 0.816141039133072 0.690377980470657 0.699410989880562 0.711553484201431 0.679012522101402 0.363811120390892 0.37363837659359 0.371065132319927 0.392229381948709 0.39249524474144 0.570617258548737 0.60793349146843 0.506323501467705 0.431229002773762 0.449170880019665 0.557508766651154 0.557906985282898 0.592839002609253 0.597565501928329 0.592179000377655 0.625440761446953 0.68776573240757 0.67797826230526 0.65692126750946 0.75457352399826 0.529307998716831 0.565835997462273 0.650150634348392 0.661386765539646 1.42534899711609 1.21845674514771 1.2475271075964 1.39188677072525 1.58257609605789 1.70649227499962 1.78485900163651 1.83530026674271 1.76927778124809 1.68378487229347 1.63019093871117 1.67048245668411 2.12446582317352 2.18001598119736 2.36829525232315 2.4699495434761
-9999 -9999 -9999 -9999 -9999 0.827821218967438 0.684916996210813 0.632634291797876 0.524373739957809 0.485528245568275 0.459304511547089 0.419934377074242 0.386739000678062 0.368198610842228 0.336554255336523 0.335067003965378 0.869373768568039 0.345743615180254 0.368192609399557 0.781982213258743 0.698498994112015 0.387000381946564 0.384628493338823 0.376675128936768 0.382786497473717 0.427851006388664 0.433065757155418 0.395138628780842 0.73488450050354 0.561710268259048 0.497816249728203 0.470082744956017 0.512933269143105 0.502012521028519 0.62847375869751 0.653421744704247 0.634622231125832 0.622972503304482 0.632532745599747 0.625995755195618 0.683140486478806 0.769555538892746 0.60921223461628 0.64715476334095 0.599558629095554 0.607034616172314 0.726859487593174 0.905300594866276 1.20779326558113 1.28497706651688 1.43284092843533 1.44462597370148 1.46917645633221 1.51064667105675 1.54107677936554 1.5769671946764 1.63534162938595 1.58686351776123 1.95387044548988 1.98553428053856 2.1787748336792 2.34487867355347
-9999 -9999 -9999 -9999 -9999 0.484382607042789 0.449319005012512 0.444169498980045 0.434326127171516 0.421546116471291 0.400857746601105 0.374118000268936 0.344434127211571 0.363754492253065 0.319776367396116 0.33101362735033 0.334046244621277 0.365959871560335 0.394013989716768 0.402932614088058 0.424987133592367 0.423431999981403 0.407749503850937 0.397303126752377 0.386596865952015 0.381671234965324 0.388191752135754 0.510901495814323 0.524409011006355 0.703354507684708 0.531092271208763 0.495746254920959 0.496299013495445 0.506169766187668 0.564062252640724 0.653252229094505 0.632140517234802 0.738882020115852 0.689309254288673 0.653850764036179 0.721452757716179 0.691672503948212 0.632639989256859 0.65201398730278 0.786408752202988 0.560532376170158 0.580440759658813 0.888962262868881 0.929432111978531 1.25372384190559 1.12517445087433 1.48538649082184 1.39053761959076 1.44534373283386 1.30682927370071 1.51317416131496 1.46451526880264 1.51849463582039 1.68088719248772 2.27336964011192 2.21977838873863 2.28983062505722
-9999 -9999 -9999 -9999 -9999 0.42144638299942 0.423129759728909 0.429723367094994 0.438923254609108 0.421048499643803 0.372215621173382 0.322656009346247 0.337888117879629 0.371233865618706 0.375109881162643 0.398640386760235 0.397999115288258 0.386883370578289 0.372812256217003 0.3950448743999 0.465564753860235 0.482663612812757 0.457302376627922 0.419733747839928 0.414038993418217 0.391794383525848 0.388830374926329 0.598266765475273 0.520147517323494 0.650634750723839 0.472460612654686 0.492641642689705 0.521402254700661 0.577837496995926 0.545710489153862 0.654843762516975 0.668010011315346 0.81685870885849 0.777231752872467 0.701955735683441 0.708530232310295 0.628998756408691 0.634574979543686 0.656509503722191 0.681927010416985 0.745997250080109 0.809329479932785 0.819150745868683 0.84984827041626 0.922929793596268 0.930209219455719 1.10204029083252 1.16852474212646 1.2015982568264 1.22088074684143 1.26506853103638 1.50119930505753 1.34049296379089 1.53172092139721 2.34718582034111 2.26022243499756 2.3114452958107
-9999 -9999 -9999 -9999 -9999 0.376504484564066 0.400422010570765 0.441108372062445 0.439600110054016 0.413940377533436 0.407761126756668 0.386515114456415 0.359253745526075 0.377761133015156 0.385267116129398 0.378712121397257 0.393608998507261 0.388740375638008 1.02389323711395 0.884558290243149 0.441295120865107 0.477872248739004 0.709617018699646 0.610286235809326 0.448491007089615 0.417551256716251 0.450153484940529 0.409089997410774 0.426101624965668 0.433028012514114 0.463432855904102 0.460387118160725 0.470611877739429 0.455367743968964 0.555666759610176 0.590376019477844 0.633420020341873 0.640161752700806 0.646198511123657 0.66110622882843 0.65300627052784 0.655086770653725 0.661241233348846 0.681068256497383 0.718011751770973 0.74015548825264 0.761724025011063 0.764710485935211 0.804641246795654 0.828630745410919 0.919032722711563 0.922523975372314 0.958389043807983 1.01015549898148 1.02262195944786 1.45687571167946 1.79728353023529 1.54321128129959 1.44139873981476 1.52720707654953 1.86136275529861 2.05488681793213
