EcologicalScience/Bass/data/rs_data_bass/chl_324.asc
NCOLS 226 
NROWS 124 
XLLCORNER -9.41648524995501 
YLLCORNER 47.587301625531 
CELLSIZE 0.0833 
NODATA_value -9999 
[rows 0 to 26 of 124, columns 62 to 123 of 226]
-9999 -9999 -9999 -9999 -9999 -9999 -9999 -9999 -9999 -9999 -9999 -9999 -9999 -9999 -9999 -9999 -9999 -9999 -9999 -9999 -9999 -9999 -9999 -9999 -9999 -9999 -9999 -9999 -9999 -9999 -9999 -9999 -9999 -9999 -9999 -9999 -9999 -9999 -9999 -9999 -9999 -9999 -9999 -9999 -9999 -9999 -9999 -9999 -9999 -9999 -9999 -9999 -9999 -9999 -9999 -9999 -9999 -9999 -9999 -9999 -9999 -9999
-9999 -9999 -9999 -9999 -9999 -9999 -9999 -9999 -9999 -9999 -9999 -9999 -9999 -9999 -9999 -9999 -9999 -9999 -9999 -9999 -9999 -9999 -9999 -9999 -9999 -9999 -9999 -9999 -9999 -9999 -9999 -9999 -9999 -9999 -9999 -9999 -9999 -9999 -9999 -9999 -9999 -9999 -9999 -9999 -9999 -9999 -9999 -9999 -9999 -9999 -9999 -9999 -9999 -9999 -9999 -9999 -9999 -9999 -9999 -9999 -9999 -9999
-9999 -9999 -9999 -9999 -9999 -9999 -9999 -9999 -9999 -9999 -9999 -9999 -9999 -9999 -9999 -9999 -9999 -9999 -9999 -9999 -9999 -9999 -9999 -9999 -9999 -9999 -9999 -9999 -9999 -9999 -9999 -9999 -9999 -9999 -9999 -9999 -9999 -9999 -9999 -9999 -9999 -9999 -9999 -9999 -9999 -9999 -9999 -9999 -9999 -9999 -9999 -9999 -9999 -9999 -9999 -9999 -9999 -9999 -9999 -9999 -9999 -9999
-9999 -9999 -9999 -9999 -9999 -9999 -9999 -9999 -9999 -9999 -9999 -9999 -9999 -9999 -9999 -9999 -9999 -9999 -9999 -9999 -9999 -9999 -9999 -9999 -9999 -9999 -9999 -9999 -9999 -9999 -9999 -9999 -9999 -9999 -9999 -9999 -9999 -9999 -9999 -9999 -9999 -9999 -9999 -9999 -9999 -9999 -9999 -9999 -9999 -9999 -9999 -9999 -9999 -9999 -9999 -9999 -9999 -9999 -9999 -9999 -9999 -9999
-9999 -9999 -9999 -9999 -9999 -9999 -9999 -9999 -9999 -9999 -9999 -9999 -9999 -9999 -9999 -9999 -9999 -9999 -9999 -9999 -9999 -9999 -9999 -9999 -9999 -9999 -9999 -9999 -9999 -9999 -9999 -9999 -9999 -9999 -9999 -9999 -9999 -9999 -9999 -9999 -9999 -9999 -9999 -9999 -9999 -9999 -9999 -9999 -9999 -9999 -9999 -9999 -9999 -9999 -9999 -9999 -9999 -9999 -9999 -9999 -9999 -9999
-9999 -9999 -9999 -9999 -9999 -9999 -9999 -9999 -9999 -9999 -9999 -9999 -9999 -9999 -9999 -9999 -9999 -9999 -9999 -9999 -9999 -9999 -9999 -9999 -9999 -9999 -9999 -9999 0.63735419511795 1.1897907244028 1.66431223601103 1.23418122343719 1.77507171034813 1.74367168370415 1.49668489221264 1.3841751936604 1.2148720201324 1.14167432048742 1.22849262461943 1.30842029303312 0.657761245965958 0.657811239361763 0.613431245088577 0.609516248106956 0.538035988807678 0.529808737337589 0.549484506249428 0.553140087162747 0.54801541391541 0.535775253001381 0.513053499162197 0.505560763180256 0.552047031767228 0.516208551385823 0.506335145410369 0.511863609447199 0.535023776923909 0.55656322749222 0.541130199151881 0.512934186879326 0.523631854092374 0.523768197087681
-9999 -9999 -9999 -9999 -9999 -9999 -9999 -9999 -9999 -9999 -9999 -9999 -9999 -9999 -9999 -9999 -9999 -9999 -9999 -9999 -9999 -9999 -9999 -9999 -9999 -9999 1.18186515569687 1.0627324283123 2.5632890202105 2.34768285602331 2.00243872404099 1.68873945437372 1.87068849429488 1.82179721138057 1.63587725863737 1.50212365213562 1.53879980217008 1.41787121751729 1.61911716794266 0.70697046816349 0.715769499540329 0.700471714138985 0.615540709565668 0.622448830920107 0.578245269025073 0.626905232667923 0.620268478989601 0.559556767344475 0.517142062678057 0.503775160978822 0.456755037693416 0.5514356879627 0.495915003120899 0.496390499174595 0.516720519346349 0.525652590919943 0.533590023131931 0.653993281094651 0.5444326269276 0.558611399110626 0.592968406046138 0.685368392397376
-9999 -9999 -9999 -9999 -9999 -9999 -9999 -9999 -9999 -9999 -9999 -9999 -9999 -9999 -9999 -9999 -9999 -9999 -9999 -9999 -9999 -9999 -9999 -9999 -9999 -9999 1.18186515569687 2.43191558122635 2.26196002960205 1.98796945810318 1.7206372320652 2.73751199245453 2.24706700444221 2.04865928344867 0.824583023786545 0.768999993801117 0.748668730258942 0.708914741873741 0.699297770857811 0.703085750341415 0.712511748075485 0.716526534996535 0.71084152162075 0.669735997915268 0.636051505804062 0.63595874607563 0.603778496384621 0.542760744690895 0.550305753946304 0.51265150308609 0.542343601584435 0.566689686740146 0.477154739201069 0.539932158939979 0.5405062673723 0.536273397067014 0.506140992045403 0.494641244411468 0.558850362896919 0.546803749659482 0.676318172561495 0.744516268372536
-9999 -9999 -9999 -9999 -9999 -9999 -9999 -9999 -9999 -9999 -9999 -9999 -9999 -9999 -9999 -9999 -9999 -9999 -9999 -9999 -9999 -9999 -9999 -9999 -9999 -9999 1.74309111918722 2.51573103666306 1.70235389471054 1.34561691060662 1.195426505059 1.08647914230824 1.028275039047 0.981103409081697 0.880426838994026 0.8121178150177 0.708863496780396 0.721191272139549 0.738513007760048 0.784114765003324 0.725080758333206 0.715553984045982 0.723114534428245 0.727451771497726 0.714838054250268 0.627829745411873 0.619353488087654 0.608853504061699 0.591152518987656 0.53048450499773 0.492182739078999 0.587399898206487 0.605100926230935 0.615350567242678 0.513736508786678 0.506062246859074 0.496209241449833 0.612387977978762 0.615668269641259 0.645636898629806 0.6470076783615 0.630326736499282
-9999 -9999 -9999 -9999 -9999 -9999 -9999 -9999 -9999 -9999 -9999 -9999 -9999 -9999 -9999 -9999 -9999 -9999 -9999 -9999 -9999 -9999 -9999 -9999 -9999 1.19121462106705 2.12285455316305 2.0914713665843 1.63242131844163 1.5709311068058 1.37197151407599 1.12955492734909 0.997399684041739 0.852346133440733 0.848433751612902 0.831601236015558 0.83729861676693 0.827956281602383 0.805588122457266 0.784415356814861 0.769549436867237 0.74454777315259 0.732610333710909 0.771376490592957 0.713892693905269 0.647031621021383 0.64563467660371 0.663989919073442 0.669323736253907 0.660192707882208 0.666286231840358 0.677499890327454 0.684895771391252 0.659204960745924 0.703733600283924 0.698888312044897 0.609555623110603 0.586973947637221 0.613235997803071 0.679647871676613 0.671357421314015 0.637093184625401
-9999 -9999 -9999 -9999 -9999 -9999 -9999 -9999 -9999 -9999 -9999 -9999 -9999 -9999 -9999 -9999 -9999 -9999 -9999 -9999 -9999 -9999 -9999 -9999 -9999 1.77979853573967 1.95309411427554 1.98966219495325 1.89179594814777 1.60076067969203 1.42064396291971 1.22252325341105 1.04775205627084 0.883239917457104 0.907412633299828 0.892931241542101 0.883192621171474 0.835175815969706 0.807921588420868 0.811831880360842 0.800171457231045 0.784431830048561 0.767428759485483 0.744336845353246 0.71026380546391 0.716106250882149 0.72647126019001 0.695729019010768 0.699952325400184 0.686203629654996 0.651874139028437 0.649247872478822 0.649951497421545 0.639330391498173 0.707505548470899 0.727358657278513 0.66508888584726 0.595313984681578 0.618252217769623 0.601929924067329 0.690355442026082 0.728055696277057
-9999 -9999 -9999 -9999 -9999 -9999 -9999 -9999 -9999 -9999 -9999 -9999 -9999 -9999 -9999 -9999 -9999 -9999 -9999 -9999 -9999 -9999 -9999 -9999 1.31647038459778 2.25687988847494 2.00528597831726 1.55161468684673 1.38521219417453 1.39318719506264 1.25878095254302 1.04861925914884 0.938028171658516 0.957130372524261 0.95004902780056 0.897758334875107 0.871226727962494 0.83749733492732 0.82265916466713 0.819350559264421 0.80760158970952 0.820703331381083 0.789376225322485 0.768882656469941 0.753850204870105 0.734566133469343 0.756789929772678 0.790777236223221 0.743782013654709 0.701212003827095 0.673594743013382 0.634595853440902 0.629211765878341 0.599978198899942 0.637042999267578 0.577705337720759 0.606752922429758 0.596537561101072 0.587721247883404 0.566614979330231 0.600708832635599 0.585132337668363
-9999 -9999 -9999 -9999 -9999 -9999 -9999 -9999 -9999 -9999 -9999 -9999 -9999 -9999 -9999 -9999 -9999 -9999 -9999 -9999 -9999 -9999 -9999 1.50594073534012 1.87674444168806 1.92384291440248 1.641766525805 1.37092773243785 1.24113385006785 1.18040821328759 1.09507843852043 0.995176814496517 0.985823985189199 0.982413165271282 0.98620941862464 0.886016171425581 0.87408209592104 0.838476464152336 0.837921436876059 0.840144284069538 0.815409734845161 0.803654093295336 0.771039359271526 0.767192244529724 0.74006718210876 0.733228594064713 0.704918168485165 0.669704807155272 0.67321212414433 0.661209788392572 0.660113653715919 0.653495510711389 0.667403377154294 0.695023158893866 0.705254274256089 0.684138804674149 0.692845541764708 0.678023599526461 0.638630114057485 0.602036242099369 0.613990048275274 0.564837048158926
-9999 -9999 -9999 -9999 -9999 -9999 -9999 -9999 -9999 -9999 -9999 -9999 -9999 -9999 -9999 -9999 -9999 -9999 -9999 -9999 -9999 -9999 7.06522867083549 2.19857444241643 2.08544620871544 1.65527817606926 1.49893108382821 1.30786715447903 1.1908275000751 1.1258363686502 1.08339506015182 1.06139491125941 1.01178075000644 0.990439720451832 0.959751740098 0.872782107442617 0.884369887411594 0.876194514334202 0.865137856453657 0.862666882574558 0.839054178446531 0.817125353962183 1.38914552330971 0.74801898188889 0.736361430957913 0.729552000761032 0.710305983200669 0.664576297625899 0.638434695079923 0.650743193486158 0.651834166225265 0.647281360976836 0.65910034933511 0.653389208457049 0.675989801392836 0.716857223826296 0.642061106422368 0.636038792483947 0.630829900503159 0.430941271595657 0.632954725447823 0.620985060053713
-9999 -9999 -9999 -9999 -9999 -9999 -9999 -9999 -9999 -9999 -9999 -9999 -9999 -9999 -9999 -9999 -9999 -9999 -9999 -9999 2.64602583646774 2.18649076299871 1.8760066529115 1.98065379261971 1.94427752494812 1.55449076369405 1.40878362581134 1.3695923499763 1.28050530329347 1.18977758288383 1.10458968579769 1.07775381579995 1.05948569253087 1.03710952028632 0.95727514475584 0.903791517019272 0.917321931570768 0.876743819564581 0.854812368750572 0.81315977498889 0.799926660954952 0.792730674147606 0.799065738916397 0.783677782863379 0.757623016834259 0.735461818054318 0.703635759651661 0.688353359699249 0.674949657171965 0.664387699216604 0.665021996945143 0.606413365286939 0.576866161297349 0.600521411965875 0.634098991751671 0.632702816058608 0.637129071004251 0.646670193356626 0.658598184585571 0.662628408740549 0.681684664943639 0.428275600075722
-9999 -9999 -9999 -9999 -9999 -9999 -9999 -9999 -9999 -9999 -9999 -9999 -9999 -9999 -9999 -9999 -9999 -9999 -9999 -9999 2.271757271496 2.14386952668428 1.91211003065109 1.77674907445908 1.91461608598107 1.73662787675858 1.40592667087913 1.27155864983797 1.23142585158348 1.16676495596766 1.0973754376173 1.09634259715676 1.09274645894766 1.06682592630386 1.02348798885942 0.961435195058584 0.930718202143908 0.908758968114853 0.866561830043793 0.832799982279539 0.787057053297758 0.774539262056351 0.761017134413123 0.740168999880552 0.743062315508723 0.740421937778592 0.735439404845238 0.720472700893879 0.696857448667288 0.685536297038198 0.672394886612892 0.678362248465419 0.666600845754147 0.647154461592436 0.50370749568238 0.600103405468604 0.632150864776443 0.628112062811852 0.644454762339592 0.634078868171748 0.641859406934065 0.576081566512585
-9999 -9999 -9999 -9999 -9999 -9999 -9999 -9999 -9999 -9999 -9999 -9999 -9999 -9999 -9999 -9999 -9999 -9999 -9999 2.44587202370167 2.44894941151142 1.88208168745041 1.73464822769165 1.56335920095444 1.80342174321413 1.7582593113184 1.57171273604035 1.27458153292537 1.17845643684268 1.09027069061995 1.08177321776748 1.07063483074307 1.0749344676733 1.05322156101465 1.03371460363269 1.0385814383626 0.943653088063002 0.960104081779718 0.936298850923777 0.866430021822453 0.824669536203146 0.790028695017099 0.795737732201815 0.797832358628511 0.770193742588162 0.739758744835854 0.737507980316877 0.714934045448899 0.701021913439035 0.687811503186822 0.672221917659044 0.663070790469646 0.655107462778687 0.643154706805944 0.648813273757696 0.587403598077157 0.556063889580614 0.587420740548302 0.606742890442119 0.583579023094738 0.56783879767446 0.553483851692256
-9999 -9999 -9999 -9999 -9999 -9999 -9999 -9999 -9999 -9999 -9999 -9999 -9999 -9999 -9999 -9999 -9999 -9999 4.10221816599369 3.01342606544495 2.38901491463184 2.1103376224637 1.94025383144617 1.75979321077466 1.70962243527174 1.64684745669365 1.55448022484779 1.25681111589074 1.1085755713284 1.07998221740127 1.0950734205544 1.1137164272368 1.06102406233549 1.04204596951604 1.05833045393229 1.03904595226049 0.990571338683367 0.995007466524839 0.961460709571838 0.857335858047009 0.808466713875532 0.761330176144838 0.763565624132752 0.763748629018664 0.767285512760282 0.747070871293545 0.711061025038362 0.720582369714975 0.711349977180362 0.697336703538895 0.671764025464654 0.660295117646456 0.63161232881248 0.616021508350968 0.609092256054282 0.600264189764857 0.641915785915711 0.593694616766537 0.571021756705116 0.576779036837466 0.526035739218488 0.477260892279446
-9999 -9999 -9999 -9999 -9999 -9999 -9999 -9999 -9999 -9999 -9999 -9999 -9999 -9999 -9999 -9999 -9999 29.5653693028268 7.28204628825188 3.83165267854929 2.50149655342102 2.1619119644165 1.85480457544327 1.37906849384308 1.55503624677658 1.53370502963662 1.5005747191608 1.39528683945537 1.1085957325995 1.07485718652606 1.10157011076808 1.10629791766405 1.03302158787847 1.04096342995763 1.04994090646505 1.05974036827683 1.00375470891595 0.568602855716433 0.537209981254169 0.525445697563035 0.502455111060824 0.776990432292223 0.782883111387491 0.77332884259522 0.761021241545677 0.770234344527125 0.763097992166877 0.746699798852205 0.715572355315089 0.695314871147275 0.668789992108941 0.613931799307466 0.589919060468674 0.591038072481751 0.596050685271621 0.6010283511132 0.553668083623052 0.518921448849142 0.524764688685536 0.576425910872572 0.555820368668612 0.5346049762824
-9999 -9999 -9999 -9999 -9999 -9999 -9999 -9999 -9999 -9999 -9999 -9999 -9999 -9999 -9999 -9999 -9999 -9999 -9999 3.42028579115868 2.31238400936127 2.05185031890869 1.70942395925522 1.38812726736069 1.61684592068195 1.5752704963088 1.95856196433306 1.63150338828564 1.2066090926528 1.15141003578901 1.14215614646673 1.11216336116195 0.597534835338593 1.0333286114037 0.988486099988222 0.959686685353518 0.95366332679987 0.873944342136383 0.80467864125967 0.783546019345522 0.767954986542463 0.7745166644454 0.759919691830873 0.780158266425133 0.76623147726059 0.777968924492598 0.75100407935679 0.735376697033644 0.716560961678624 0.715842470526695 0.684789910912514 0.637482192367315 0.601762019097805 0.606693657115102 0.602538842707872 0.601486690342426 0.565581645816565 0.52833610586822 0.497022469528019 0.49695639219135 0.511157730594277 0.526592619717121
-9999 -9999 -9999 -9999 -9999 -9999 -9999 -9999 -9999 -9999 -9999 -9999 -9999 -9999 -9999 3.95407379024169 3.20526776530526 2.73685417324305 4.18484270572662 2.57788187265396 2.0696514248848 1.98462331295013 2.11353611201048 2.02944127097726 1.84607656672597 1.75173464592765 1.71144668845569 1.5513128824532 1.5335052497685 1.38297211378813 1.32576214894652 1.23458796367049 1.21821390464902 1.11275184899569 1.02608463540673 0.958401169627905 0.932398237287998 0.891582068055868 0.809816546738148 0.785461686551571 0.785657051950693 0.778736460953951 0.768110068514943 0.76999275572598 0.774994689971209 0.77825927361846 0.787246227264404 0.703102229163051 0.680158585309982 0.651013970375061 0.634626472368836 0.611449671909213 0.621476730331779 0.619846869260073 0.610392082482576 0.576170448213816 0.563034173101187 0.540439596399665 0.533395417034626 0.524464398622513 0.513917164877057 0.570976132526994
-9999 -9999 -9999 -9999 -9999 -9999 -9999 -9999 -9999 -9999 35.2986888885498 35.2986888885498 13.7248649597168 3.74181534485384 3.10867329333958 3.46941923350096 3.51610330492258 5.78262406587601 3.6074538230896 3.41999459266663 3.14278934150934 2.67330045998096 2.39273180812597 2.12838743627071 1.94144575385486 1.90633563883603 1.56407350301743 1.50490774400532 1.53079880686367 1.47667710855603 1.53496336564422 1.52926522493362 1.23727779462934 1.11370836943388 1.05602185428143 1.01136850565672 0.961174987256527 0.8788942694664 0.81261495128274 0.783664584159851 0.79200429841876 0.786506049335003 0.774590816348791 0.754553508013487 0.744711846113205 0.731966983526945 0.739168686792254 0.698296682909131 0.669742232188582 0.675866615027189 0.659866601228714 0.653323682025075 0.640867134556174 0.614378526806831 0.61215029284358 0.592919815331697 0.554831916466355 0.544003861024976 0.561488533392549 0.564283970743418 0.5948755312711 0.54413708858192
-9999 -9999 -9999 -9999 -9999 -9999 -9999 -9999 -9999 -9999 35.2986888885498 7.39442948861556 6.86719813942909 4.70465894043446 4.60751804709435 3.47741700621212 4.74396390774671 6.85371465682983 4.2816500967682 5.21719678810665 3.70173852145672 3.1500773280859 1.79419177770615 1.66264474391937 1.63882297277451 1.8188878968358 1.51432681083679 2.02673381567001 2.38784654438496 1.93312041899737 1.69463192671537 1.41406554356217 1.09991023689508 0.998549837619066 1.05450845137239 1.01623536273837 0.978867832571268 0.929658629000187 0.627940720745495 0.611245297959873 0.590395273906844 0.618243538907596 0.561150203858103 0.522283603038107 0.723990289494395 0.717000089585781 0.710079945623875 0.73417828604579 0.731989111751318 0.72367182187736 0.654584521427751 0.64864095300436 0.630527341738343 0.596598196774721 0.60107952542603 0.613200645893812 0.595260864123702 0.602030351758003 0.609103130176663 0.594161996617913 0.577825482934713 0.567344147711992
-9999 -9999 -9999 -9999 -9999 -9999 -9999 -9999 -9999 -9999 -9999 -9999 4.35050398013094 5.07213904640891 5.58255243301392 6.61149445824001 -9999 -9999 -9999 -9999 -9999 -9999 3.08346453309059 3.39920548349619 2.43649712204933 2.24296939373016 2.32974549382925 1.68535050004721 1.90098115056753 2.11280001327395 1.81597397848964 1.61668115481734 1.20049011334777 1.13725659996271 1.22127147763968 1.13308456912637 0.682368016668728 0.643812200852803 0.646102915917124 0.632457956671715 0.624941551259586 0.607821221862521 0.576136618852615 0.566158820475851 0.557945053492274 0.563596716948918 0.703222040086985 0.718743385747075 0.674744350835681 0.637616442516446 0.61899871006608 0.549894271418452 0.552149165421724 0.5664506200701 0.595951404422522 0.603240843862295 0.639118982478976 0.664626561105251 0.660884337499738 0.629323974251747 0.658355053514242 0.639334112405777
-9999 -9999 -9999 -9999 -9999 -9999 -9999 -9999 -9999 -9999 -9999 -9999 -9999 16.6274771690369 16.6274771690369 16.6274771690369 -9999 -9999 -9999 -9999 -9999 -9999 4.94490551948547 4.94490551948547 4.94490551948547 0.308659605681896 3.28749170601368 2.83591765165329 2.38672948256135 1.89631101116538 1.67284524813294 1.17145070007869 1.23878304873194 1.17400243878365 1.56516375392675 0.825859180518559 0.699526375957898 0.675300312893731 0.643080334578242 0.634534593139376 0.651485451630184 0.656567573547363 0.657097169331142 0.642707347869873 0.613705732992717 0.571003918136869 0.586527107017381 0.595999947616032 0.564726425068719 0.543564108865602 0.846448514610529 0.774514116346836 0.609812529757619 0.590622939169407 0.598813600838184 0.636217318475246 0.727224949747324 0.745385617017746 0.704482024535537 0.692506620660424 0.692485403269529 0.716105539351702
-9999 -9999 -9999 -9999 -9999 -9999 -9999 -9999 -9999 -9999 -9999 -9999 -9999 -9999 -9999 -9999 -9999 -9999 -9999 -9999 -9999 -9999 -9999 -9999 -9999 -9999 31.3402682691813 3.23596161603928 3.19104693084955 2.37442349642515 1.93388761952519 1.4249895470483 1.26873655404363 1.01407585399491 0.908522665500641 0.923513659409114 1.49112907424569 0.657101792948587 0.681624655212675 1.35716804489493 0.679458975791931 0.685122843299593 0.700862460902759 0.681203133293561 0.679153593523162 0.654098689556122 0.626817762851715 0.583407634070941 0.5631230452231 0.533436215349606 1.35556489415467 1.11844557523727 0.834403892979026 0.718364138156176 0.661772640421987 0.729730473831296 0.74112056940794 0.733857935294509 0.71607518568635 0.754430266097188 0.743656983599067 0.811879405751824
-9999 -9999 -9999 -9999 -9999 -9999 -9999 -9999 -9999 -9999 -9999 -9999 -9999 -9999 -9999 -9999 -9999 -9999 -9999 -9999 -9999 -9999 -9999 -9999 -9999 -9999 -9999 3.19165521589192 2.58399104758313 2.98242533951998 2.51871588081121 2.22963159531355 1.48660205943244 1.23508079562868 1.28587820700237 1.23548187528338 1.06309862647738 1.04230702349118 0.851397092853274 0.656868555716106 0.634417821254049 0.625675378101213 0.671777672001294 0.698068193026951 0.712929968323026 0.682283361043249 1.83613109216094 2.33696120046079 0.616267280919211 0.584801578095981 1.59567638486624 0.850447319447994 0.79930005222559 0.74005582742393 0.728755032643676 0.751393044367433 0.733633328229189 0.756768006831408 0.811671355739236 0.941359709948301 0.809077888727188 0.748732421547174
