EcologicalScience/Bass/data/rs_data_bass/chl_258.asc
NCOLS 226 
NROWS 124 
XLLCORNER -9.41648524995501 
YLLCORNER 47.587301625531 
CELLSIZE 0.0833 
NODATA_value -9999 
[rows 54 to 80 of 124, columns 124 to 185 of 226]
1.6353120803833 1.48698601126671 1.63785302639008 1.49302875995636 1.46408253908157 1.4025157392025 1.44107097387314 1.15480953454971 1.26807072758675 1.18780723214149 1.08622053265572 1.06435346603394 1.02303072810173 0.941419512033463 0.960907459259033 1.04766601324081 0.986133009195328 1.0351334810257 1.11781498789787 1.03576871752739 1.07024627923965 1.24437752366066 1.46737504005432 1.65154874324799 1.50507080554962 1.66120576858521 1.82321548461914 1.74057000875473 2.27173644304276 2.42631232738495 2.1941437125206 2.05748248100281 2.02981871366501 1.99567580223083 1.98125177621841 1.75377970933914 1.82543241977692 1.74999457597733 1.31018999218941 1.12473902106285 0.942336022853851 0.805520206689835 0.794113487005234 0.96136200428009 1.31398272514343 2.00718677043915 3.61701214313507 5.33535432815552 7.59888696670532 6.44135355949402 3.94504880905151 4.5887063741684 6.88894414901733 8.51992559432983 8.7745970249176 4.90965440869331 6.51833832263947 6.98312240839005 16.4489440917969 14.9496514973224 6.09706139850045 -9999
2.81445372104645 2.22058868408203 1.57467377185822 1.54109555482864 1.48615497350693 1.33391323685646 1.35403722524643 1.55283755064011 1.18831273913383 1.09363648295403 1.12071821093559 1.06763103604317 1.05182549357414 0.894609779119492 0.951474040746689 0.964651465415955 1.00438204407692 1.04781076312065 1.02611553668976 1.15096646547318 1.27593675255775 1.60496699810028 1.74558144807816 1.72702717781067 1.77466642856598 1.87539893388748 2.15580832958221 2.38933503627777 2.29746454954147 2.57367593050003 2.46528142690659 1.8228240609169 2.01207375526428 1.92397427558899 1.38694050908089 1.33198195695877 1.41618597507477 1.14164847135544 0.954521209001541 0.911275506019592 0.888698995113373 0.890477210283279 1.03808024525642 2.70055192708969 5.58497250080109 7.09254384040833 7.74604368209839 11.3170852661133 6.4151816368103 6.3299446105957 6.40758383274078 6.0446311712265 6.10441274642944 9.88914394378662 13.4299083709717 10.1807164331762 10.5720698833466 -9999 -9999 -9999 -9999 -9999
2.24385899305344 2.24183320999146 1.59677177667618 1.60135495662689 1.606993496418 1.44926771521568 1.42718777060509 1.46442970633507 1.22617274522781 1.14151650667191 1.17286723852158 1.196608543396 1.09910622239113 1.01694747805595 1.05361121892929 1.05451503396034 1.05107778310776 1.07488498091698 1.20415127277374 1.42969277501106 1.69833219051361 1.83785927295685 1.85781455039978 1.91517448425293 1.88104945421219 1.85631144046783 2.05934250354767 2.01549750566483 1.8742259144783 1.8476414680481 1.64013004302979 1.32419246435165 1.27036347985268 1.035470277071 1.11663526296616 1.16699177026749 1.13121297955513 0.879641264677048 0.814795464277267 0.845216989517212 0.933523535728455 0.974273264408112 2.89528942108154 8.04151082038879 12.8482646942139 19.9638118743896 11.6983623504639 3.80722012579071 3.94745850563049 4.14310562610626 3.7699681520462 3.68019139766693 5.18879556655884 9.607541680336 -9999 -9999 -9999 -9999 -9999 -9999 -9999 -9999
2.39298069477081 1.81736916303635 1.65866929292679 1.52276766300201 1.59151196479797 1.55336844921112 1.53839617967606 1.58119118213654 1.61054027080536 1.63641822338104 1.5794917345047 1.39652171730995 1.32327827811241 1.17908173799515 1.07709002494812 1.37409746646881 1.43641948699951 1.59396636486053 1.84831202030182 1.7028923034668 1.75460404157639 1.69016468524933 1.61662870645523 1.81897205114365 1.97724455595016 1.78227227926254 1.82543778419495 1.72255504131317 1.46639174222946 1.43925896286964 1.18802627921104 0.959249228239059 0.877669483423233 0.805910289287567 0.802676260471344 0.877367287874222 0.850479751825333 0.746669992804527 0.70871476829052 0.769922286272049 0.992606967687607 1.8348240852356 4.98495984077454 11.8395023345947 17.4746346473694 12.1669850349426 5.68320214748383 6.28438000175931 6.48536270856857 8.42103052139282 8.43134880065918 8.45403742790222 16.5730716705322 -9999 -9999 -9999 -9999 -9999 -9999 -9999 -9999 -9999
3.53911364078522 2.23103553056717 2.26372271776199 1.9349205493927 1.65916728973389 1.51279878616333 1.58484292030334 1.81816345453262 1.70818197727203 1.80143022537231 1.99805778264999 1.38189446926117 1.07809647917747 1.3733024597168 1.18989828228951 1.14832279086113 1.55283969640732 1.83278703689575 1.85222768783569 1.90945726633072 1.84554147720337 1.72673106193542 1.56099450588226 1.59226942062378 1.49053573608398 1.36042195558548 1.07110798358917 1.19570696353912 1.05476027727127 0.806781738996506 0.93257474899292 0.632786259055138 0.660864740610123 0.665061011910439 0.727409228682518 0.762944251298904 0.728921234607697 0.707036241889 0.750728219747543 0.865103960037231 1.03816804289818 2.22471517324448 10.9633026123047 23.5508809089661 41.9254245758057 8.11230032444 9.76004519462585 11.346294593811 9.93020725250244 12.5435428619385 11.4785406589508 6.64150214195251 73.1405317133123 -9999 -9999 -9999 -9999 -9999 -9999 -9999 -9999 -9999
-9999 3.55013179779053 3.22125363349915 2.75118970870972 2.75677800178528 2.44824296236038 1.74246525764465 1.54334324598312 2.18998646736145 1.99077826738358 1.83715045452118 1.36612424254417 1.52830946445465 1.25815424323082 1.23416250944138 1.27891427278519 1.96599000692368 1.89060151576996 1.93984204530716 1.89322507381439 1.77248400449753 1.52534919977188 1.51522958278656 1.35497546195984 1.46808224916458 1.20026028156281 0.837063789367676 0.769112974405289 0.768830269575119 0.64768123626709 0.583372503519058 0.649525478482246 0.650863498449326 0.669221252202988 0.72580423951149 0.736552521586418 0.738681748509407 0.771878957748413 0.792470991611481 0.855984717607498 1.15324196219444 1.87263822555542 14.5854949951172 24.8575000762939 4.26411747932434 -9999 8.59570974111557 9.86066551208496 11.6261515617371 10.6423466205597 61.8275181452433 61.8022977655584 63.0413174629211 43.4593455480493 -9999 -9999 -9999 -9999 -9999 -9999 -9999 -9999
-9999 -9999 -9999 -9999 -9999 2.28387522697449 2.44960641860962 1.9498815536499 3.07038223743439 2.74657416343689 2.60744851827621 1.46903622150421 1.07392948865891 0.971588283777237 0.988432466983795 1.54401308298111 1.8918576836586 1.79846101999283 1.73893046379089 1.77397495508194 1.48460850119591 1.32986623048782 1.32078596949577 1.12875598669052 1.18113228678703 0.963447779417038 0.74575500190258 0.660697504878044 0.617075979709625 0.648936733603477 0.634031251072884 0.645815268158913 0.68258772790432 0.722792252898216 0.706966504454613 0.690720766782761 0.741272985935211 0.73242075741291 0.774419993162155 0.824500501155853 0.9753757417202 1.40116426348686 9.37213110923767 54.6330585479736 6.75653868913651 19.9645353486237 -9999 -9999 -9999 -9999 61.4633889198303 54.0763528926952 64.0653078896659 21.9757044278658 -9999 -9999 -9999 -9999 -9999 -9999 -9999 -9999
-9999 -9999 -9999 -9999 -9999 -9999 -9999 -9999 1.87801641225815 1.72868406772614 4.40708184242249 1.65357220172882 1.12882500886917 1.64858356118202 1.52262072265148 1.99182897806168 1.94124680757523 1.69094181060791 1.62038773298264 1.54957348108292 1.41939076781273 1.09498429298401 1.20638850331306 1.19812354445457 1.13208746910095 0.930560231208801 0.760189533233643 0.734247744083405 0.713165983557701 0.780747771263123 0.733438521623611 0.673983737826347 0.683813229203224 0.683315992355347 0.72859950363636 0.780165016651154 0.85472247004509 0.896648973226547 0.84176704287529 0.966983288526535 1.43396928906441 2.29930955171585 3.72623920440674 15.9606957435608 7.03104414027414 29.0682649612427 -9999 -9999 -9999 -9999 17.548882484436 53.1038173385288 34.909467850962 52.4351203224876 51.3011203765869 36.1369411848029 -9999 -9999 -9999 -9999 -9999 -9999
-9999 -9999 -9999 -9999 -9999 -9999 -9999 -9999 -9999 -9999 3.96518540382385 2.70888966321945 2.25191169977188 2.24549317359924 2.48948550224304 2.08336955308914 1.76288169622421 1.60024577379227 1.61238008737564 1.5586296916008 1.29766425490379 1.03691250085831 1.06814101338387 1.08493798971176 1.09621426463127 0.926414251327515 0.809475749731064 0.766664206981659 0.788362473249435 0.818156272172928 0.72317174077034 0.690761268138885 0.703974768519402 0.735777765512466 0.859929710626602 0.911084979772568 0.898978471755981 0.87491101026535 0.93632698059082 1.46006548404694 2.33688533306122 3.59982669353485 4.40103220939636 22.7483485937119 13.5953469386379 -9999 -9999 -9999 -9999 -9999 -9999 -9999 9.81619963340643 40.8979646936059 47.0704378783703 27.6139694809914 10.8786277770996 -9999 -9999 -9999 -9999 -9999
-9999 -9999 -9999 -9999 -9999 -9999 -9999 -9999 -9999 4.3704868555069 3.12346708774567 2.78449791669846 2.27294182777405 2.2671405673027 2.44110524654388 2.59592843055725 2.33277153968811 1.8993381857872 1.55910533666611 1.55369317531586 1.38927295804024 1.13073447346687 1.15802478790283 1.13687771558762 1.059430539608 1.01890799403191 0.928964227437973 0.849534720182419 0.894488275051117 0.806357234716415 0.733419746160507 0.753365278244019 0.762112498283386 0.792339742183685 0.832844227552414 0.86677274107933 0.856545746326447 0.843536227941513 1.01487296819687 2.36491566896439 4.35071611404419 10.8612370491028 9.04298257827759 25.2287700176239 22.8517356734831 33.0447750091553 -9999 -9999 -9999 15.1244516372681 14.0093421936035 12.4146766662598 11.8442430496216 11.5002937316895 54.703057607015 42.864429473877 15.7757658381616 -9999 -9999 -9999 -9999 -9999
-9999 -9999 -9999 -9999 -9999 -9999 -9999 -9999 -9999 -9999 3.73933027471815 3.1480393409729 2.89481770992279 2.86139917373657 2.87421369552612 2.5806457400322 1.94482505321503 1.69922769069672 1.65977543592453 1.62245106697083 1.47266176342964 1.2304807305336 1.06290525197983 1.01648846268654 0.956525981426239 0.87449249625206 0.905483275651932 0.862092018127441 0.814086019992828 0.794125467538834 0.804828733205795 0.772834539413452 0.730497747659683 0.834151536226273 0.954663723707199 0.979396462440491 0.959349006414413 1.36035454273224 2.2761202454567 6.97306966781616 10.1342182159424 18.8977088928223 29.1048030853271 10.1198106765747 8.73988992322996 -9999 -9999 -9999 -9999 -9999 13.9563317298889 11.8789522647858 11.9235548973083 10.8439207077026 18.7096915978652 -9999 -9999 -9999 -9999 -9999 -9999 -9999
-9999 -9999 -9999 -9999 -9999 -9999 -9999 -9999 -9999 3.67937564849854 3.35578787326813 3.21679723262787 3.12620759010315 2.94636905193329 2.60915172100067 2.41332757472992 2.11213052272797 1.9966784119606 1.81206446886063 1.62157791852951 1.48984578251839 1.25487747788429 1.10447627305984 1.00805023312569 0.930695235729218 0.886169224977493 0.916773766279221 0.879363745450974 0.827492237091064 0.835942536592484 0.820372492074966 0.748517230153084 0.78490349650383 0.954728275537491 1.02284771203995 0.903773993253708 1.04669478535652 2.14642202854156 4.27219355106354 6.10519337654114 12.8557834625244 20.5591678619385 19.887323141098 6.19400338293279 3.86466658115387 -9999 -9999 -9999 -9999 -9999 48.2359074153257 11.1347529888153 11.9853172302246 -9999 -9999 -9999 -9999 -9999 -9999 -9999 -9999 -9999
-9999 -9999 -9999 -9999 -9999 -9999 -9999 -9999 -9999 4.04223319888115 3.19783805608749 3.24872767925262 2.96760445833206 2.85621750354767 2.49674999713898 2.3199525475502 1.97088825702667 1.91591852903366 1.73578494787216 1.4701275229454 1.34930473566055 1.28952822089195 1.19481003284454 0.946083784103394 0.874818742275238 0.835400998592377 0.849086970090866 0.873799502849579 0.874874264001846 0.869491517543793 0.818312287330627 0.773262709379196 0.873891770839691 1.08943203091621 1.36451250314713 1.36787474155426 2.10386627912521 2.82078516483307 2.83644980192184 4.44258749485016 21.0209312438965 13.5613671541214 21.6788909912109 10.6327824413198 3.86466693878174 -9999 -9999 -9999 -9999 12.1949715614319 -9999 -9999 -9999 -9999 -9999 -9999 -9999 -9999 -9999 -9999 -9999 -9999
-9999 -9999 -9999 -9999 -9999 -9999 -9999 -9999 -9999 3.63423384726048 3.36119413375854 2.53696274757385 2.82477307319641 2.69668954610825 2.52784645557404 2.2849035859108 1.8988042473793 1.77827024459839 1.33320826292038 1.18299525976181 1.17339751124382 1.18237128853798 1.10324773192406 0.947294980287552 0.910098731517792 0.849371284246445 0.813279032707214 0.892274290323257 0.828121483325958 0.772873520851135 0.759345710277557 0.864915043115616 1.03991621732712 1.16964599490166 1.71428918838501 2.86052852869034 5.15594780445099 7.52876329421997 5.33026295900345 8.39174848794937 8.45010685920715 16.3527122735977 5.29037115609468 -9999 -9999 -9999 -9999 -9999 -9999 -9999 -9999 -9999 -9999 -9999 -9999 -9999 -9999 -9999 -9999 -9999 -9999 -9999
-9999 -9999 -9999 -9999 -9999 -9999 -9999 -9999 -9999 3.68334889411926 3.47431164979935 3.38590407371521 2.85509330034256 2.53602147102356 2.43462824821472 2.27951467037201 1.78457844257355 1.42798420786858 1.11690151691437 1.10891926288605 1.05815550684929 0.998947530984879 1.02604803442955 1.05537003278732 0.971361011266708 0.910877287387848 0.877345472574234 0.783843040466309 0.71110725402832 0.779501259326935 0.876536965370178 1.10260051488876 1.23552149534225 1.49863797426224 1.88391298055649 2.66834020614624 4.54266679286957 11.3849551677704 18.8585286140442 31.4523868560791 10.8617772459984 4.97451954729417 9.07103569249073 -9999 -9999 -9999 -9999 -9999 -9999 -9999 -9999 -9999 -9999 -9999 -9999 -9999 -9999 -9999 -9999 -9999 -9999 -9999
-9999 -9999 -9999 -9999 -9999 -9999 -9999 3.28386068344116 3.57138564953437 2.79518473148346 2.67184799909592 2.84522616863251 2.68189644813538 2.26872897148132 2.00633633136749 1.87815445661545 1.46234554052353 1.27151396870613 1.2036517560482 1.07818347215652 0.960034489631653 0.95047053694725 1.06520247459412 1.058937728405 0.990848958492279 0.979320734739304 0.971616715192795 0.94642648100853 0.903422981500626 1.00956228375435 1.11182025074959 1.3264642059803 1.54745918512344 1.9587966799736 2.58589804172516 5.96150457859039 16.009135723114 19.4597125053406 23.4385814666748 4.96571273803711 13.6731107541658 5.69786846637726 3.25656187534332 -9999 -9999 -9999 -9999 -9999 -9999 -9999 -9999 -9999 -9999 -9999 -9999 -9999 -9999 -9999 -9999 -9999 -9999 -9999
-9999 -9999 -9999 -9999 -9999 -9999 3.38088337580363 3.81999220848084 3.61577332019806 2.85718721151352 2.85577118396759 2.95499843358994 3.03129529953003 2.17835694551468 1.85572278499603 1.35877203941345 1.17548176646233 1.22510996460915 1.15085470676422 1.14233028888702 1.1250607073307 1.09165799617767 1.32672223448753 1.2753090262413 1.15769550204277 1.17653703689575 1.46300777792931 1.50220423936844 1.78241318464279 1.75562703609467 1.59388267993927 1.75703108310699 1.88369554281235 2.20905894041061 4.13946139812469 11.6467151641846 13.6213774681091 40.8015089035034 5.6349655687809 -9999 -9999 -9999 -9999 -9999 -9999 -9999 -9999 -9999 -9999 -9999 -9999 -9999 -9999 -9999 -9999 -9999 -9999 -9999 -9999 -9999 -9999 -9999
-9999 -9999 -9999 -9999 4.29987702632974 3.6457857810534 3.58181154727936 3.58765518665314 3.04352331161499 2.66266429424286 2.51569426059723 2.61704707145691 2.65763247013092 2.38991099596024 1.62173706293106 1.09232175350189 1.12186047434807 1.12748247385025 1.11880275607109 1.12752297520638 1.16953504085541 1.06603878736496 1.03529772162437 1.13850975036621 1.06298178434372 1.12885576486588 1.38131922483444 1.50345307588577 1.59295499324799 1.64652532339096 2.2386719584465 2.53430467844009 3.46597409248352 3.78244721889496 5.8466956615448 8.13284182548523 4.51850017905235 11.4928364386925 -9999 -9999 -9999 -9999 -9999 -9999 -9999 -9999 -9999 -9999 -9999 -9999 -9999 -9999 -9999 -9999 -9999 -9999 -9999 -9999 -9999 -9999 -9999 -9999
-9999 -9999 -9999 -9999 3.23981792786542 3.31079968463543 3.3317813873291 2.76803541183472 2.56827592849731 2.38237577676773 2.25748497247696 2.23392605781555 2.04435521364212 2.04271423816681 1.40526750683784 1.0017015337944 1.06748101115227 1.10073146224022 1.16020202636719 1.18905821442604 1.28454601764679 1.16450473666191 1.06780725717545 1.00805774331093 0.997803032398224 1.03453204035759 1.42033275961876 2.12298828363419 2.39124155044556 2.8600589632988 3.57753002643585 3.28533375263214 4.13445067405701 5.78689134120941 5.66452217102051 7.33415597677231 6.28154182434082 -9999 -9999 -9999 -9999 -9999 -9999 -9999 -9999 -9999 -9999 -9999 -9999 -9999 -9999 -9999 -9999 -9999 -9999 -9999 -9999 -9999 -9999 -9999 -9999 -9999
-9999 33.5306490786249 3.26998151180356 3.18297529636427 3.71540824004582 2.81659644842148 2.8815330862999 3.3301956653595 2.50196778774261 2.23309582471848 2.13613879680634 1.98303669691086 1.32562646269798 1.14728772640228 0.92494198679924 1.01500654220581 1.21573421359062 1.23624300956726 1.22274675965309 1.30591723322868 1.4012970328331 1.42810875177383 1.36025324463844 1.26529428362846 0.998969972133636 1.02344924211502 1.53604191541672 2.37444967031479 2.34295123815536 3.36070561408997 3.45471811294556 3.96104192733765 5.16886532306671 4.3875834941864 8.36947131156921 11.7966657497666 -9999 -9999 -9999 -9999 -9999 -9999 -9999 -9999 -9999 -9999 -9999 -9999 -9999 -9999 -9999 -9999 -9999 -9999 -9999 -9999 -9999 -9999 -9999 -9999 -9999 -9999
5.8710617678506 4.09875932553919 3.84355977865366 3.58787208795547 2.87145155668259 2.97067880630493 3.037761926651 3.17260408401489 2.92665606737137 2.63105696439743 2.29356443881989 1.33704677224159 0.834719985723495 1.16269871592522 1.09414726495743 1.0594057738781 1.27173900604248 1.27820026874542 1.24411574006081 1.3396537899971 1.74636751413345 1.76067817211151 1.68052124977112 1.20044928789139 1.01262152194977 1.59387373924255 2.30965733528137 2.86895853281021 3.29220914840698 3.68586659431458 4.205397605896 5.70394921302795 6.79371178150177 -9999 -9999 -9999 -9999 -9999 -9999 -9999 -9999 -9999 -9999 -9999 -9999 -9999 -9999 -9999 -9999 -9999 -9999 -9999 -9999 -9999 -9999 -9999 -9999 -9999 -9999 -9999 -9999 -9999
18.0062165477059 3.78940371104649 3.27098768949509 3.47202301025391 3.05976891517639 3.0109498500824 2.61248624324799 2.34483307600021 2.59216421842575 2.19532120227814 1.23464325070381 0.798414766788483 0.898412257432938 0.974713504314423 1.13118973374367 1.22082898020744 1.40854498744011 1.33419898152351 1.46481147408485 1.60984808206558 1.74370568990707 1.76127827167511 1.38783296942711 1.03706628084183 2.24225252866745 2.90770357847214 3.18373203277588 3.28339862823486 3.8190096616745 4.55073916912079 5.5317667722702 6.34078985452652 7.49537801742554 13.4591827484278 9.59442023797469 5.76369931842342 -9999 -9999 -9999 -9999 -9999 -9999 -9999 -9999 -9999 -9999 -9999 -9999 -9999 -9999 -9999 -9999 -9999 -9999 -9999 -9999 -9999 -9999 -9999 -9999 -9999 -9999
3.10498416423798 3.09349358081818 3.12162896990776 3.23763906955719 3.05021417140961 2.6297909617424 2.36316293478012 2.06951916217804 1.94148606061935 1.66471195220947 1.29925578832626 1.12682622671127 1.34664970636368 1.41865047812462 1.41007572412491 1.53419101238251 1.43890124559402 1.59925425052643 1.88056272268295 1.96373105049133 1.85282778739929 1.39399874210358 1.27589777112007 2.21950793266296 3.01832234859467 3.10556924343109 3.08282840251923 3.20113742351532 4.35848164558411 5.44031488895416 6.53678802013397 -9999 -9999 -9999 -9999 -9999 -9999 -9999 -9999 -9999 -9999 -9999 -9999 -9999 -9999 -9999 -9999 -9999 -9999 -9999 -9999 -9999 -9999 -9999 -9999 -9999 -9999 -9999 -9999 -9999 -9999 -9999
3.59392940998077 3.46801936626434 3.66534662246704 3.32007086277008 3.1409969329834 2.86732882261276 2.72371941804886 2.55526649951935 2.43434017896652 2.14655327796936 1.35031878948212 1.34314951300621 1.48945873975754 1.60018944740295 1.77214193344116 1.60325020551682 1.95550203323364 2.09505969285965 1.97052454948425 2.14730107784271 1.71425253152847 1.75860232114792 2.59218299388885 3.7053165435791 3.97127616405487 3.81701481342316 3.6966165304184 3.88698756694794 5.65813958644867 6.2594690322876 20.1643602848053 7.89346023400625 -9999 -9999 -9999 -9999 -9999 -9999 27.590464460316 12.6942715644836 -9999 -9999 -9999 -9999 -9999 -9999 -9999 -9999 -9999 -9999 -9999 -9999 -9999 -9999 -9999 -9999 -9999 -9999 -9999 -9999 -9999 -9999
3.54159051179886 3.72798657417297 4.36780643463135 4.45105590820313 4.3153011649847 3.75800805029116 3.05278730392456 2.94772803783417 2.70457416772842 2.07811278104782 1.46088820695877 1.33142021298409 1.63452154397964 1.80195379257202 1.8693682551384 2.02384883165359 2.28991198539734 2.28632408380508 2.19802647829056 2.30735403299332 2.50980073213577 3.07967340946198 3.58671391010284 4.71414077281952 5.20093059539795 5.65423214435577 5.36846566200256 4.87114655971527 6.06197530031204 9.29279816150665 8.70376385891274 3.42093944549561 -9999 -9999 -9999 -9999 -9999 -9999 -9999 -9999 -9999 -9999 -9999 -9999 -9999 -9999 -9999 -9999 -9999 -9999 -9999 -9999 -9999 -9999 -9999 -9999 -9999 -9999 -9999 -9999 -9999 -9999
-9999 -9999 -9999 -9999 -9999 4.07789920505724 3.43213641643524 3.0296459197998 2.56163173913956 1.44994273781776 1.34928524494171 1.4389740228653 1.79804617166519 2.43573904037476 2.35158973932266 2.43817949295044 2.69786328077316 3.02527213096619 2.949522793293 2.99325603246689 3.59399557113647 3.37015199661255 3.95867908000946 6.95453381538391 6.72482657432556 3.59475266933441 -9999 -9999 -9999 -9999 -9999 -9999 -9999 -9999 -9999 -9999 -9999 -9999 -9999 -9999 -9999 -9999 -9999 -9999 -9999 -9999 -9999 -9999 -9999 -9999 -9999 -9999 -9999 -9999 -9999 -9999 -9999 -9999 -9999 -9999 -9999 -9999
-9999 -9999 -9999 -9999 -9999 -9999 2.19713544845581 2.24407875537872 1.46643447875977 1.23272699117661 1.39709097146988 1.82189172506332 2.13359928131104 2.78609257936478 2.87649071216583 3.52221751213074 4.10219764709473 4.22821962833405 3.94051194190979 3.18451809883118 3.39457511901855 3.90536534786224 4.60883402824402 3.260317905647 -9999 -9999 -9999 -9999 -9999 -9999 -9999 -9999 -9999 -9999 -9999 -9999 -9999 -9999 -9999 -9999 -9999 -9999 -9999 -9999 -9999 -9999 -9999 -9999 -9999 -9999 -9999 -9999 -9999 -9999 -9999 -9999 -9999 -9999 -9999 -9999 -9999 -9999
