EcologicalScience/Bass/data/rs_data_bass/chl_353.asc
NCOLS 226 
NROWS 124 
XLLCORNER -9.41648524995501 
YLLCORNER 47.587301625531 
CELLSIZE 0.0833 
NODATA_value -9999 
[rows 54 to 80 of 124, columns 124 to 185 of 226]
2.09104058146477 2.31394127011299 1.99965150654316 1.82346300780773 1.71983174979687 1.60752564668655 1.61291438341141 1.69745475053787 1.06198072433472 1.41098779439926 1.07172477245331 1.35414499044418 1.34469598531723 1.33484695851803 1.45113623142242 1.50136572122574 1.44494998455048 1.49219101667404 1.59338092803955 1.63300573825836 1.55720472335815 1.59195524454117 1.68513607978821 1.76693844795227 1.66299372911453 1.64191424846649 1.65494173765182 1.6928842663765 1.77298718690872 1.76623356342316 1.78281891345978 1.78898853063583 1.78108352422714 1.79525327682495 1.7512035369873 1.95950961112976 1.9422749876976 1.88887649774551 1.50181932002306 1.345593765378 1.08127161115408 1.71874344348907 2.24997675418854 2.26520168781281 2.12628251314163 0.772265762090683 0.918951988220215 1.00277623534203 3.47107011079788 4.06442999839783 3.86654770374298 6.19031602144241 5.14877462387085 7.54654297828674 6.13544726371765 5.68166792392731 6.7173764705658 6.28870296478271 11.1340306455439 12.2443912301288 8.2068117364438 -9999
2.54972407221794 2.55894488096237 2.01747867465019 1.6072034239769 1.77591861784458 1.66101188957691 1.45574176311493 2.0105288028717 1.58216392993927 1.75165098905563 1.82127374410629 1.61268675327301 1.74563705921173 1.23869660496712 1.58250671625137 1.38366673886776 1.5682709813118 1.30460134148598 1.36771953105927 1.55093318223953 1.65278095006943 1.7875349521637 1.84600281715393 1.87922295928001 1.98794960975647 2.16739842295647 1.68011927604675 1.8149054646492 1.85289305448532 1.77089023590088 1.79459255933762 1.74228894710541 1.78017157316208 1.77710745334625 1.66528183221817 1.51689255237579 1.55476914346218 1.66648328304291 1.76633453369141 1.7088577747345 1.69773322343826 1.57601803541183 1.84452342987061 3.53937435150146 3.18869304656982 0.961048297584057 2.13402074575424 2.89440071582794 4.84169978754861 4.63213205337524 4.45936632156372 4.87110614776611 5.29460263252258 7.11646914482117 7.94107675552368 10.0173461437225 10.5720698833466 -9999 -9999 -9999 -9999 -9999
1.78422975540161 1.69704830646515 1.581214427948 1.59269553422928 1.6457108259201 2.21196869015694 2.01051306724548 2.32425794005394 2.23991924524307 1.70934900641441 1.83104699850082 1.73920722305775 1.49128313362598 1.90864580869675 1.69394700229168 1.52560722827911 1.45802852511406 1.46867667138577 1.42856781184673 1.56884104013443 1.65265953540802 2.07159411907196 2.09875085949898 2.02212193608284 2.18928900361061 2.23064509034157 2.29377114772797 1.8387998342514 1.82195699214935 1.76702928543091 1.76187980175018 1.68348973989487 1.62570458650589 1.61232680082321 1.14710247516632 1.44211030751467 1.47029265761375 1.55428302288055 1.6168424487114 1.41740380972624 1.23538649082184 1.17860627174377 1.2698392868042 2.89425069093704 3.87083852291107 4.9609043598175 8.93499040603638 3.53271067142487 4.34517538547516 4.40437352657318 4.47087514400482 5.09082841873169 9.22149753570557 14.9470109939575 -9999 -9999 -9999 -9999 -9999 -9999 -9999 -9999
2.52410244941711 1.61331367492676 1.55734133720398 2.12484785914421 2.05935269594193 1.91092452406883 1.90604880452156 1.91713804006577 1.92268913984299 1.90516349673271 1.82545951008797 1.78830488026142 1.73971201479435 1.71843186020851 1.60206708312035 1.86210371553898 1.6661309748888 1.36225324869156 1.61778523027897 1.58400785923004 1.72527524828911 2.24858173727989 2.1693255007267 2.01725694537163 2.14854598045349 2.05553475022316 2.19001346826553 2.13373053073883 2.03784558176994 1.91540855169296 1.72392082214355 1.29152396321297 1.07818427681923 1.05804598331451 1.07472896575928 1.09342575073242 1.25536349415779 1.15471503138542 1.27552351355553 1.13021251559258 1.19942396879196 1.18768501281738 1.24757999181747 1.4112862944603 3.6673618555069 8.21028327941895 12.538134098053 5.49781444313329 5.30100524425507 5.58268189430237 6.5798192024231 9.44478750228882 14.9563164710999 -9999 -9999 -9999 -9999 -9999 -9999 -9999 -9999 -9999
3.30037495493889 2.0478184223175 2.16911822557449 1.6589543223381 1.68347328901291 2.15600547194481 1.6928942501545 1.93127283453941 1.85462173819542 2.04721981287003 1.89682719111443 1.72767418622971 1.54268029332161 1.50178653001785 1.49449801445007 1.33083501458168 2.62321338057518 1.50830453634262 1.6616370677948 1.98836928606033 2.11371982097626 2.11521899700165 1.96640136837959 1.90044370293617 1.83157575130463 1.72050109505653 1.95252674818039 1.89115503430367 1.73718863725662 1.40511256456375 1.39333046972752 1.02389028668404 0.99025422334671 0.957115530967712 0.997131764888763 1.05742272734642 1.15658023953438 1.02134773135185 1.0599712729454 1.20430272817612 1.16709449887276 1.25392127037048 1.52861326932907 2.17499846220016 3.76452898979187 2.30444258451462 7.37560108729771 8.1515429019928 9.16655158996582 7.24422669410706 7.24510860443115 9.47501564025879 51.5582660675049 -9999 -9999 -9999 -9999 -9999 -9999 -9999 -9999 -9999
-9999 2.82403373122215 2.59715752601624 3.22251169170652 3.19344860315323 1.51071149110794 1.71850651502609 1.66171950101852 1.74620407819748 2.34151124954224 2.01875057816505 1.61893796920776 1.68026274442673 1.47084295749664 1.49038763344288 1.2802402228117 2.21927019953728 1.8558035492897 2.16629022359848 2.1048603951931 2.08651801943779 1.91127562522888 1.88553147017956 1.75619700551033 1.8415912091732 1.78342799842358 1.78275525569916 1.63120159506798 1.41911512613297 1.3682928532362 1.58696141839027 1.56974400579929 0.975107252597809 1.02192825078964 1.07111924886703 1.21086448431015 1.18484097719193 1.13189998269081 0.965918987989426 1.14440551400185 1.0804537832737 1.2877604663372 1.50013571977615 2.84587508440018 7.01677179336548 -9999 9.90926098823547 8.00139856338501 8.83220028877258 9.58000731468201 39.2231705188751 41.5363347530365 55.1972901821136 41.5204174518585 -9999 -9999 -9999 -9999 -9999 -9999 -9999 -9999
-9999 -9999 -9999 -9999 -9999 2.28387522697449 3.15798319280147 2.10576935112476 1.71634197235107 1.80131328105927 1.96222203969955 1.26199051737785 1.70489126443863 1.52705208957195 1.47049981355667 1.92536021769047 1.88626277446747 1.78356695175171 1.95446020364761 1.80764317512512 1.80265349149704 1.79304528236389 1.50912335515022 1.56413438916206 1.61231924593449 1.72055134177208 1.61040222644806 1.48068299889565 1.30399078130722 1.50728742778301 1.61525774002075 1.49748149514198 1.43860463798046 1.01307302713394 1.08383327722549 1.15608376264572 1.0942200422287 1.02107173204422 1.1248260140419 1.19661828875542 1.04081627726555 1.2488579750061 1.85594773292542 3.12566113471985 5.1658251285553 15.3885880396204 -9999 -9999 -9999 -9999 48.5476188659668 45.0927200317383 45.2501821517944 40.3926149368286 -9999 -9999 -9999 -9999 -9999 -9999 -9999 -9999
-9999 -9999 -9999 -9999 -9999 -9999 -9999 -9999 3.69592751264572 2.07058607339859 2.58521322011948 1.40420025587082 1.57084272801876 1.79716797173023 1.66283288598061 2.31155741214752 1.99997842311859 1.85988825559616 1.88248944282532 1.78455591201782 1.88625222444534 1.68142658472061 1.39155144989491 1.48374076187611 1.48478101193905 1.66222684085369 1.51917900145054 1.36416529119015 1.35686887800694 1.45157673954964 1.48431223630905 0.805706977844238 0.81468603014946 0.870215266942978 0.899433732032776 0.995150238275528 1.00500226020813 1.01519849896431 1.0239075422287 0.96374773979187 1.17072147130966 1.46317952871323 2.39986199140549 3.78892636299133 3.73138439655304 29.0682649612427 -9999 -9999 -9999 -9999 17.548882484436 42.3076699574788 35.150754292806 24.8489879828233 37.5855397444505 30.1197331746419 -9999 -9999 -9999 -9999 -9999 -9999
-9999 -9999 -9999 -9999 -9999 -9999 -9999 -9999 -9999 -9999 2.82808345556259 1.85283225774765 1.58700250089169 2.26070474088192 2.08092936873436 2.26806190609932 1.87020224332809 1.80523717403412 1.72179758548737 1.59837520122528 1.41967575252056 1.28009216487408 1.13968688249588 1.29924899339676 1.27872633934021 1.33231088519096 1.34552358090878 1.1967000067234 1.46257001161575 1.25722426176071 0.772827744483948 0.757361233234406 0.741209998726845 0.794364720582962 0.887606978416443 0.983101487159729 1.0101472735405 1.00809600949287 1.07153695821762 1.17738676071167 1.47101703286171 2.04202580451965 3.26551651954651 4.50968241691589 12.0246542888938 -9999 -9999 -9999 -9999 -9999 -9999 -9999 9.33874748974312 42.8252182006836 22.0966844558716 26.1278723080953 10.8786277770996 -9999 -9999 -9999 -9999 -9999
-9999 -9999 -9999 -9999 -9999 -9999 -9999 -9999 -9999 4.3704868555069 2.72997319698334 1.71761298179626 1.66899001598358 2.55584219098091 2.49656707048416 1.67884504795074 1.75954341888428 1.65270441770554 1.58614128828049 1.35631164908409 1.29010431468487 1.2448770403862 1.17931987345219 1.19137273728848 1.16236165165901 1.13211746513844 1.1015377342701 1.22654700279236 0.969294726848602 0.886261492967606 0.789671212434769 0.77428874373436 0.813908278942108 0.919695764780045 1.05401399731636 1.12322553992271 1.08760875463486 1.05796498060226 1.21595478057861 1.52835524082184 1.88418155908585 2.63468241691589 3.59120535850525 7.90901112556458 17.7286601460096 33.0447750091553 -9999 -9999 -9999 26.5322679519653 31.1408538818359 11.7959629297256 12.3545165061951 18.6768098831177 27.7094268798828 23.9720206260681 17.6092504925198 -9999 -9999 -9999 -9999 -9999
-9999 -9999 -9999 -9999 -9999 -9999 -9999 -9999 -9999 -9999 2.60069990158081 2.13532157242298 1.80203175544739 2.53010657429695 1.61618846654892 1.78683292865753 1.9101015329361 1.78128004074097 1.63100177049637 1.35109350085258 1.39657236635685 1.28882928192616 1.21757738292217 1.09426724910736 1.12443897128105 1.0888110101223 1.03382402658463 0.99254322052002 0.836433738470078 0.881231278181076 0.84331950545311 0.886703252792358 0.932792276144028 1.02016353607178 1.04983502626419 1.01988825201988 1.05797097086906 1.23956850171089 1.40101647377014 1.803979575634 2.11466324329376 2.78617358207703 5.93578791618347 11.4902558326721 8.12972422016477 -9999 -9999 -9999 -9999 -9999 19.2738647460938 14.1161427497864 10.3699443340302 11.059779882431 12.9354300498962 -9999 -9999 -9999 -9999 -9999 -9999 -9999
-9999 -9999 -9999 -9999 -9999 -9999 -9999 -9999 -9999 3.67937564849854 2.58988686970302 2.46980917453766 2.10426306724548 2.82955884933472 2.73520454764366 1.73540318012238 1.86624294519424 2.1866220831871 1.72988998889923 1.4034052491188 1.47945445775986 1.42679554224014 1.38552376627922 1.12709328532219 1.14792224764824 1.05756148695946 1.1171865016222 1.08177191019058 1.03774121403694 1.05778348445892 1.03516727685928 1.00606799125671 0.967866718769073 0.970762521028519 0.928562253713608 0.901273459196091 0.992100030183792 1.32707771658897 1.53931796550751 1.79285627603531 2.10475641489029 3.08988833427429 4.77852594852448 6.32605129306756 3.86466658115387 -9999 -9999 -9999 -9999 -9999 11.3546873541439 11.6610825061798 10.2114822864532 16.193213735308 -9999 -9999 -9999 -9999 -9999 -9999 -9999 -9999
-9999 -9999 -9999 -9999 -9999 -9999 -9999 -9999 -9999 3.14948855127607 2.61622792482376 2.7880425453186 2.73887550830841 2.5137015581131 3.03234958648682 2.92754995822906 2.60060620307922 2.59106701612473 1.66901993751526 1.40050426125526 1.29362323880196 1.1754712164402 1.13642925024033 1.14626178145409 1.15651872754097 1.08099979162216 1.00155374407768 0.991158038377762 1.0762882232666 1.10442075133324 1.21429949998856 1.18007996678352 0.969774037599564 0.931476026773453 0.902161538600922 0.940469205379486 1.18534576892853 1.4207369685173 1.62203854322433 2.09955596923828 2.58219516277313 4.05498540401459 4.85253238677979 9.32643003139681 3.86466693878174 -9999 -9999 -9999 -9999 12.1949715614319 -9999 -9999 -9999 -9999 -9999 -9999 -9999 -9999 -9999 -9999 -9999 -9999
-9999 -9999 -9999 -9999 -9999 -9999 -9999 -9999 -9999 3.4099041223526 3.27607583999634 3.17526090145111 2.99542057514191 2.91556870937347 2.72600698471069 2.7051944732666 2.2160804271698 2.04894232749939 1.54720795154572 1.31748676300049 1.20625725388527 1.0913317501545 1.09017446637154 1.22323349118233 1.2654202580452 1.12622621655464 1.05572926998138 1.04536199569702 1.02194479107857 0.988161027431488 0.955694228410721 0.909031480550766 0.868853241205215 0.872362464666367 0.923541784286499 0.957368284463882 1.12115854024887 1.39738047122955 1.86150079965591 2.42847526073456 3.04078352451324 3.87425708770752 7.20476790115015 -9999 -9999 -9999 -9999 -9999 -9999 -9999 -9999 -9999 -9999 -9999 -9999 -9999 -9999 -9999 -9999 -9999 -9999 -9999
-9999 -9999 -9999 -9999 -9999 -9999 -9999 -9999 -9999 3.45059537887573 3.16188061237335 2.74534875154495 2.86050295829773 2.82812708616257 2.52999901771545 2.12728732824326 1.81750792264938 1.65445125102997 1.50487875938416 1.32542324066162 1.18165647983551 1.07947951555252 1.18349102139473 1.25403079390526 1.23240074515343 1.21019777655602 1.18090796470642 1.04146948456764 0.983336269855499 0.943551778793335 0.89265900850296 0.83788651227951 0.86466971039772 0.90130278468132 0.965726226568222 1.35078522562981 1.55356049537659 2.02374082803726 2.50529927015305 2.78934448957443 3.85949921607971 6.34670825864448 11.9936548069299 -9999 -9999 -9999 -9999 -9999 -9999 -9999 -9999 -9999 -9999 -9999 -9999 -9999 -9999 -9999 -9999 -9999 -9999 -9999
-9999 -9999 -9999 -9999 -9999 -9999 -9999 3.28386068344116 4.33522367477417 3.05115616321564 2.82093071937561 2.82963824272156 3.03547811508179 2.60394304990768 2.32909870147705 2.09480166435242 1.89523422718048 1.66990202665329 1.51344966888428 1.31565445661545 1.15166553854942 1.11028200387955 1.17934727668762 1.24365824460983 1.2518467605114 1.23141074180603 1.22460374236107 1.12433928251266 1.02680397033691 0.987682521343231 0.963264763355255 1.03741425275803 1.15806823968887 1.2734962105751 1.44464546442032 2.17164158821106 2.41764968633652 2.80684643983841 3.05499672889709 3.14433896541595 17.680488873454 5.69786846637726 3.25656187534332 -9999 -9999 -9999 -9999 -9999 -9999 -9999 -9999 -9999 -9999 -9999 -9999 -9999 -9999 -9999 -9999 -9999 -9999 -9999
-9999 -9999 -9999 -9999 -9999 -9999 4.13118042264666 3.88863658905029 3.9953556060791 3.17262661457062 3.13778614997864 3.19329142570496 3.16877460479736 2.72772824764252 2.41324192285538 2.35850393772125 2.10128098726273 1.60091543197632 1.34279170632362 1.21555128693581 1.20810824632645 1.17779552936554 1.24382552504539 1.27401602268219 1.19901528954506 1.20801445841789 1.17503553628922 1.01922976970673 1.02245253324509 1.06884527206421 1.40737652778625 1.56833553314209 1.66976916790009 1.69206529855728 1.89421051740646 2.52915751934052 2.87824416160583 3.33670127391815 3.29630398750305 -9999 -9999 -9999 -9999 -9999 -9999 -9999 -9999 -9999 -9999 -9999 -9999 -9999 -9999 -9999 -9999 -9999 -9999 -9999 -9999 -9999 -9999 -9999
-9999 -9999 -9999 -9999 3.4001245200634 4.21098589897156 4.06157040596008 3.94826245307922 3.53385365009308 3.38835883140564 3.32676458358765 3.29015100002289 3.09735524654388 2.66408407688141 2.35650229454041 2.25948071479797 2.05142176151276 1.58109676837921 1.33566749095917 1.22473499178886 1.23864376544952 1.24250999093056 1.25646749138832 1.24681574106216 1.23902472853661 1.15805473923683 1.05559203028679 1.1262195110321 1.2455370426178 1.38120371103287 1.67820757627487 1.92139273881912 2.1638497710228 2.47494757175446 2.68446153402328 3.10269963741302 4.23491430282593 5.73130086635021 -9999 -9999 -9999 -9999 -9999 -9999 -9999 -9999 -9999 -9999 -9999 -9999 -9999 -9999 -9999 -9999 -9999 -9999 -9999 -9999 -9999 -9999 -9999 -9999
-9999 -9999 -9999 -9999 4.40121138095856 4.03216200215476 4.2069354057312 3.81223261356354 3.60491931438446 3.47247362136841 3.14580917358398 3.11178588867188 2.91124266386032 2.60534620285034 2.2401419878006 2.05929154157639 2.06171768903732 1.6863112449646 1.43739598989487 1.25519996881485 1.25039997696877 1.29468673467636 1.36042428016663 1.33740672469139 1.372463285923 1.29297602176666 1.32449322938919 1.41662102937698 1.53395318984985 2.0391411781311 2.46556127071381 2.861681163311 3.17176795005798 3.37590658664703 3.95655691623688 6.18868732452393 5.81426560878754 -9999 -9999 -9999 -9999 -9999 -9999 -9999 -9999 -9999 -9999 -9999 -9999 -9999 -9999 -9999 -9999 -9999 -9999 -9999 -9999 -9999 -9999 -9999 -9999 -9999
-9999 48.8990850608442 4.0625735175225 3.38839664242484 3.63213654756546 3.90102732181549 3.6671347618103 3.70581364631653 3.42030823230743 3.33800625801086 3.08834838867188 2.95415997505188 2.61320328712463 2.40174150466919 2.15742230415344 2.11839830875397 1.6622189283371 1.4233957529068 1.28349673748016 1.27513870596886 1.35422399640083 1.63179069757462 1.74417757987976 1.71936231851578 1.61374568939209 1.46323871612549 1.5056077837944 1.67717403173447 1.90657353401184 2.6407762169838 2.87975245714188 3.04196083545685 3.26871514320374 3.98949158191681 4.16640436649323 18.0768210473268 -9999 -9999 -9999 -9999 -9999 -9999 -9999 -9999 -9999 -9999 -9999 -9999 -9999 -9999 -9999 -9999 -9999 -9999 -9999 -9999 -9999 -9999 -9999 -9999 -9999 -9999
5.24125773310661 4.49231522733515 4.25268194675446 3.62472506761551 3.31457161903381 3.48859798908234 3.53184449672699 3.67292547225952 3.66773629188538 3.32317864894867 2.81208372116089 2.44478631019592 2.21778899431229 2.07363528013229 2.27644497156143 2.0442795753479 1.41243901848793 1.32788398861885 1.2545902132988 1.37973752617836 2.00214833021164 2.09593945741653 1.91489017009735 1.65115195512772 1.81112623214722 1.93109250068665 2.25325208902359 2.54090541601181 2.65932673215866 3.06788492202759 3.29787075519562 3.8093558549881 3.96374773979187 -9999 -9999 -9999 -9999 -9999 -9999 -9999 -9999 -9999 -9999 -9999 -9999 -9999 -9999 -9999 -9999 -9999 -9999 -9999 -9999 -9999 -9999 -9999 -9999 -9999 -9999 -9999 -9999 -9999
4.79808632816587 4.12995499372482 3.21973049640656 3.33474612236023 3.26666557788849 3.45222294330597 3.60837686061859 3.39073348045349 3.47335338592529 3.40841710567474 2.78418749570847 2.39876478910446 2.07231223583221 1.98817044496536 1.86950093507767 1.53527480363846 1.40549397468567 1.41185545921326 1.70501482486725 1.97085982561111 2.16716551780701 2.03581416606903 1.79726707935333 2.18079453706741 2.75327932834625 3.02465236186981 3.21611166000366 3.08335053920746 3.03862738609314 3.22417795658112 3.57208514213562 3.57901561260223 3.68538594245911 6.69830498787073 8.93336345381656 7.01238257957227 -9999 -9999 -9999 -9999 -9999 -9999 -9999 -9999 -9999 -9999 -9999 -9999 -9999 -9999 -9999 -9999 -9999 -9999 -9999 -9999 -9999 -9999 -9999 -9999 -9999 -9999
3.52594935894012 3.30766439437866 3.29784607887268 2.98473304510117 3.32794940471649 3.51533997058868 3.3173850774765 3.20008277893066 3.02723836898804 2.66266804933548 2.53128218650818 2.31665396690369 1.95196795463562 1.75679469108582 1.60204875469208 1.64493227005005 1.50861757993698 1.63625550270081 1.95259577035904 1.97089952230453 2.26445925235748 2.11208242177963 2.59228956699371 3.19942796230316 2.80307328701019 2.76924830675125 2.83028393983841 2.8161923289299 3.39304053783417 3.59905207157135 3.96823513507843 -9999 -9999 -9999 -9999 -9999 -9999 -9999 -9999 -9999 -9999 -9999 -9999 -9999 -9999 -9999 -9999 -9999 -9999 -9999 -9999 -9999 -9999 -9999 -9999 -9999 -9999 -9999 -9999 -9999 -9999 -9999
4.06575965881348 3.73024141788483 3.58477127552032 3.7082211971283 3.34681963920593 3.67373621463776 3.39450895786285 3.11244821548462 2.79247426986694 2.69488424062729 2.50135731697083 1.78446829319 1.51070773601532 1.64852321147919 1.71475267410278 1.77633458375931 1.96441876888275 1.83027076721191 1.82179874181747 2.52615004777908 2.53574466705322 2.58455854654312 2.93813699483871 2.74967855215073 2.76165533065796 2.79706424474716 3.07909190654755 3.47976529598236 3.45781874656677 3.51402819156647 3.45587253570557 6.04307263547724 -9999 -9999 -9999 -9999 -9999 -9999 45.6335143900629 12.6942715644836 -9999 -9999 -9999 -9999 -9999 -9999 -9999 -9999 -9999 -9999 -9999 -9999 -9999 -9999 -9999 -9999 -9999 -9999 -9999 -9999 -9999 -9999
5.91603534221649 4.48782134056091 4.49627780914307 3.27554762363434 3.20784902572632 3.75181843553271 3.26944935321808 3.21792304515839 3.18349885940552 3.03572702407837 2.38285428285599 1.50287854671478 1.47694498300552 1.58005195856094 1.6053067445755 1.78732645511627 1.84775841236115 2.32033807039261 3.07627952098846 3.67510342597961 3.55913543701172 3.24542105197906 2.94512093067169 2.79559117555618 2.87785416841507 3.04499638080597 2.87988066673279 2.9130517244339 2.96468317508698 3.01571917533875 4.43952659185785 3.42093944549561 -9999 -9999 -9999 -9999 -9999 -9999 -9999 -9999 -9999 -9999 -9999 -9999 -9999 -9999 -9999 -9999 -9999 -9999 -9999 -9999 -9999 -9999 -9999 -9999 -9999 -9999 -9999 -9999 -9999 -9999
-9999 -9999 -9999 -9999 -9999 4.61694467317808 2.79510247707367 3.31433308124542 3.30726671218872 3.02953112125397 2.1430612206459 1.45231202244759 1.57956379652023 1.57973402738571 1.89255756139755 2.10273832082748 2.64334416389465 2.63932049274445 3.30548107624054 4.21675193309784 3.81611180305481 3.44524419307709 3.49971520900726 3.5196487903595 3.81151514053345 7.75535109043121 -9999 -9999 -9999 -9999 -9999 -9999 -9999 -9999 -9999 -9999 -9999 -9999 -9999 -9999 -9999 -9999 -9999 -9999 -9999 -9999 -9999 -9999 -9999 -9999 -9999 -9999 -9999 -9999 -9999 -9999 -9999 -9999 -9999 -9999 -9999 -9999
-9999 -9999 -9999 -9999 -9999 -9999 3.41450107097626 3.13402783870697 2.75921630859375 2.13757055997849 1.69965595006943 1.76925069093704 1.82245123386383 1.9715588092804 2.00635349750519 2.29830372333527 2.3651459813118 2.71391630172729 3.21387362480164 4.70379745960236 5.03975629806519 5.72827184200287 6.99269986152649 2.98526454553372 -9999 -9999 -9999 -9999 -9999 -9999 -9999 -9999 -9999 -9999 -9999 -9999 -9999 -9999 -9999 -9999 -9999 -9999 -9999 -9999 -9999 -9999 -9999 -9999 -9999 -9999 -9999 -9999 -9999 -9999 -9999 -9999 -9999 -9999 -9999 -9999 -9999 -9999
