EcologicalScience/Bass/data/rs_data_bass/chl_496.asc
NCOLS 226 
NROWS 124 
XLLCORNER -9.41648524995501 
YLLCORNER 47.587301625531 
CELLSIZE 0.0833 
NODATA_value -9999 
[rows 0 to 26 of 124, columns 62 to 123 of 226]
-9999 -9999 -9999 -9999 -9999 -9999 -9999 -9999 -9999 -9999 -9999 -9999 -9999 -9999 -9999 -9999 -9999 -9999 -9999 -9999 -9999 -9999 -9999 -9999 -9999 -9999 -9999 -9999 -9999 -9999 -9999 -9999 -9999 -9999 -9999 -9999 -9999 -9999 -9999 -9999 -9999 -9999 -9999 -9999 -9999 -9999 -9999 -9999 -9999 -9999 -9999 -9999 -9999 -9999 -9999 -9999 -9999 -9999 -9999 -9999 -9999 -9999
-9999 -9999 -9999 -9999 -9999 -9999 -9999 -9999 -9999 -9999 -9999 -9999 -9999 -9999 -9999 -9999 -9999 -9999 -9999 -9999 -9999 -9999 -9999 -9999 -9999 -9999 -9999 -9999 -9999 -9999 -9999 -9999 -9999 -9999 -9999 -9999 -9999 -9999 -9999 -9999 -9999 -9999 -9999 -9999 -9999 -9999 -9999 -9999 -9999 -9999 -9999 -9999 -9999 -9999 -9999 -9999 -9999 -9999 -9999 -9999 -9999 -9999
-9999 -9999 -9999 -9999 -9999 -9999 -9999 -9999 -9999 -9999 -9999 -9999 -9999 -9999 -9999 -9999 -9999 -9999 -9999 -9999 -9999 -9999 -9999 -9999 -9999 -9999 -9999 -9999 -9999 -9999 -9999 -9999 -9999 -9999 -9999 -9999 -9999 -9999 -9999 -9999 -9999 -9999 -9999 -9999 -9999 -9999 -9999 -9999 -9999 -9999 -9999 -9999 -9999 -9999 -9999 -9999 -9999 -9999 -9999 -9999 -9999 -9999
-9999 -9999 -9999 -9999 -9999 -9999 -9999 -9999 -9999 -9999 -9999 -9999 -9999 -9999 -9999 -9999 -9999 -9999 -9999 -9999 -9999 -9999 -9999 -9999 -9999 -9999 -9999 -9999 -9999 -9999 -9999 -9999 -9999 -9999 -9999 -9999 -9999 -9999 -9999 -9999 -9999 -9999 -9999 -9999 -9999 -9999 -9999 -9999 -9999 -9999 -9999 -9999 -9999 -9999 -9999 -9999 -9999 -9999 -9999 -9999 -9999 -9999
-9999 -9999 -9999 -9999 -9999 -9999 -9999 -9999 -9999 -9999 -9999 -9999 -9999 -9999 -9999 -9999 -9999 -9999 -9999 -9999 -9999 -9999 -9999 -9999 -9999 -9999 -9999 -9999 -9999 -9999 -9999 -9999 -9999 -9999 -9999 -9999 -9999 -9999 -9999 -9999 -9999 -9999 -9999 -9999 -9999 -9999 -9999 -9999 -9999 -9999 -9999 -9999 -9999 -9999 -9999 -9999 -9999 -9999 -9999 -9999 -9999 -9999
-9999 -9999 -9999 -9999 -9999 -9999 -9999 -9999 -9999 -9999 -9999 -9999 -9999 -9999 -9999 -9999 -9999 -9999 -9999 -9999 -9999 -9999 -9999 -9999 -9999 -9999 -9999 -9999 0.63735419511795 1.04461378231645 0.975069791078568 0.9223592877388 0.787007331848145 0.676043227314949 0.618066743016243 0.592446461319923 0.571370378136635 0.707898929715157 0.612597450613976 0.522252649068832 0.559569105505943 0.592527329921722 0.688987344503403 0.734021678566933 0.824768453836441 0.722358539700508 0.660778507590294 0.540456265211105 0.47467714548111 0.457505106925964 0.490422964096069 0.460087314248085 0.422183454036713 0.40945690870285 0.405422955751419 0.392855331301689 0.386642709374428 0.400338381528854 0.414623111486435 0.448641613125801 0.450973302125931 0.463976517319679
-9999 -9999 -9999 -9999 -9999 -9999 -9999 -9999 -9999 -9999 -9999 -9999 -9999 -9999 -9999 -9999 -9999 -9999 -9999 -9999 -9999 -9999 -9999 -9999 -9999 -9999 1.18186515569687 1.0627324283123 1.89525468762104 1.19983246922493 0.950482070446014 0.788542091846466 0.701938480138779 0.641165927052498 0.548624664545059 0.562887892127037 0.543933257460594 0.610346406698227 0.697494730353355 0.751370519399643 0.73232164978981 0.708719596266747 0.716048017144203 0.723853334784508 0.698008462786674 0.671030446887016 0.667998611927032 0.651660025119781 0.61129492521286 0.559265926480293 0.434823364019394 0.408158808946609 0.406998887658119 0.397379994392395 0.41005727648735 0.426278963685036 0.442781388759613 0.437513753771782 0.480582386255264 0.527273610234261 0.527986139059067 0.497531712055206
-9999 -9999 -9999 -9999 -9999 -9999 -9999 -9999 -9999 -9999 -9999 -9999 -9999 -9999 -9999 -9999 -9999 -9999 -9999 -9999 -9999 -9999 -9999 -9999 -9999 -9999 1.18186515569687 1.09958982467651 1.44592487812042 1.19284844398499 0.867053925991058 0.70298744738102 0.588741928339005 0.517520293593407 0.495058357715607 0.495239317417145 0.551541030406952 0.668064102530479 0.795525401830673 0.819638550281525 0.793920189142227 0.742329642176628 0.708076357841492 0.682881698012352 0.637808248400688 0.601219296455383 0.559988871216774 0.500858277082443 0.460570067167282 0.446458250284195 0.44922910630703 0.463788583874702 0.47595302760601 0.508659705519676 0.462453737854958 0.456400662660599 0.440848678350449 0.466682687401772 0.5156519562006 0.561137929558754 0.581334203481674 0.578363835811615
-9999 -9999 -9999 -9999 -9999 -9999 -9999 -9999 -9999 -9999 -9999 -9999 -9999 -9999 -9999 -9999 -9999 -9999 -9999 -9999 -9999 -9999 -9999 -9999 -9999 -9999 1.83257966149937 1.68346399068832 1.33287236094475 0.892246216535568 0.701604232192039 0.630658507347107 0.604281842708588 0.56301212310791 0.558344677090645 0.589444488286972 0.653284505009651 0.678948909044266 0.679147303104401 0.666912719607353 0.639843732118607 0.636812970042229 0.64147675037384 0.646931424736977 0.621304169297218 0.554349482059479 0.498740181326866 0.484766274690628 0.506501466035843 0.528740152716637 0.508268773555756 0.497666895389557 0.534088119864464 0.578178852796555 0.599049657583237 0.543903976678848 0.484671592712402 0.427319526672363 0.485205039381981 0.536349982023239 0.54057414829731 0.558144003152847
-9999 -9999 -9999 -9999 -9999 -9999 -9999 -9999 -9999 -9999 -9999 -9999 -9999 -9999 -9999 -9999 -9999 -9999 -9999 -9999 -9999 -9999 -9999 -9999 -9999 1.19121462106705 1.48756509078176 2.66997009515762 1.81510645151138 1.02161720395088 0.720748767256737 0.66553920507431 0.635148659348488 0.56503102183342 0.610876098275185 0.699029132723808 0.831910997629166 0.905922174453735 0.811916023492813 0.697721645236015 0.675895527005196 0.678372547030449 0.66971755027771 0.672531858086586 0.657317250967026 0.627063497900963 0.624610394239426 0.576726660132408 0.619997531175613 0.626176804304123 0.6748066842556 0.673045635223389 0.67350335419178 0.644272282719612 0.644260123372078 0.587024688720703 0.527691453695297 0.438914179801941 0.414417788386345 0.447287991642952 0.48141485452652 0.509106114506721
-9999 -9999 -9999 -9999 -9999 -9999 -9999 -9999 -9999 -9999 -9999 -9999 -9999 -9999 -9999 -9999 -9999 -9999 -9999 -9999 -9999 -9999 -9999 -9999 -9999 1.25738154351711 2.80650472640991 2.37508642673492 1.35150325298309 0.953269690275192 0.819728404283524 0.762063950300217 0.663628935813904 0.603610888123512 0.702354267239571 1.01297861337662 1.11787828803062 0.795952677726746 0.722294703125954 0.716930329799652 0.708264470100403 0.684843152761459 0.669442221522331 0.6674585044384 0.691118583083153 0.723136022686958 0.717295333743095 0.671155482530594 0.676696076989174 0.676633134484291 0.750480830669403 0.810572415590286 0.739183947443962 0.705934435129166 0.753963053226471 0.589711099863052 0.411641523241997 0.438242331147194 0.469249695539474 0.472191676497459 0.499831393361092 0.517715826630592
-9999 -9999 -9999 -9999 -9999 -9999 -9999 -9999 -9999 -9999 -9999 -9999 -9999 -9999 -9999 -9999 -9999 -9999 -9999 -9999 -9999 -9999 -9999 -9999 1.31647038459778 2.66504323482513 1.82195466756821 1.55973958969116 1.12053921818733 0.883601725101471 0.892525255680084 0.764719426631927 0.690229564905167 0.640328943729401 0.598720595240593 0.625216707587242 0.738480940461159 0.702815741300583 0.729410111904144 0.700884193181992 0.683294132351875 0.680056348443031 0.648670569062233 0.668652579188347 0.727383568882942 0.771097004413605 0.768391996622086 0.733224302530289 0.743537664413452 0.711508557200432 0.710506930947304 0.853257268667221 0.837262004613876 0.58181431889534 0.434040427207947 0.408795386552811 0.405716344714165 0.481650665402412 0.537292331457138 0.549331918358803 0.564043790102005 0.65482784807682
-9999 -9999 -9999 -9999 -9999 -9999 -9999 -9999 -9999 -9999 -9999 -9999 -9999 -9999 -9999 -9999 -9999 -9999 -9999 -9999 -9999 -9999 -9999 1.50594073534012 2.04616445302963 1.62550985813141 1.39024570584297 1.06988641619682 0.910338699817657 0.854186207056046 0.804079592227936 0.732044398784637 0.729735240340233 0.871152967214584 0.913576304912567 0.962553530931473 0.707336202263832 0.706176996231079 0.718915969133377 0.711441949009895 0.714072838425636 0.696660384535789 0.647235453128815 0.669164702296257 0.713548511266708 0.703218832612038 0.683929055929184 0.638843178749084 0.630922704935074 0.635917469859123 0.62131056189537 0.673888429999352 0.586556643247604 0.553282186388969 0.523869037628174 0.475890353322029 0.470406353473663 0.51882129907608 0.566926047205925 0.585917294025421 0.592302516102791 0.621502563357353
-9999 -9999 -9999 -9999 -9999 -9999 -9999 -9999 -9999 -9999 -9999 -9999 -9999 -9999 -9999 -9999 -9999 -9999 -9999 -9999 -9999 -9999 2.93348951184231 1.91857425476375 2.32213085889816 1.4779018163681 1.15479621291161 0.98007532954216 0.871047019958496 0.849476248025894 0.863805681467056 0.804884433746338 0.758334785699844 0.768631339073181 0.794897228479385 0.735566943883896 0.672780632972717 0.759922653436661 0.754096537828445 0.764482766389847 0.754357874393463 0.682911828160286 0.668703675270081 0.657373040914536 0.660615473985672 0.597350433468819 0.61021314561367 0.611876875162125 0.610223516821861 0.612147286534309 0.744521096348763 0.718762770295143 0.655046850442886 0.605872482061386 0.566206052899361 0.566297248005867 0.564781844615936 0.493653193116188 0.487048879265785 0.534949824213982 0.539069250226021 0.537963777780533
-9999 -9999 -9999 -9999 -9999 -9999 -9999 -9999 -9999 -9999 -9999 -9999 -9999 -9999 -9999 -9999 -9999 -9999 -9999 -9999 2.64602583646774 8.51944997906685 2.70523774623871 3.01966309547424 2.31367653608322 1.25697675347328 1.04894632101059 1.00986966490746 0.978610217571259 0.945556551218033 0.94348481297493 0.878186702728271 0.956413775682449 0.910385191440582 0.931673258543015 0.867017537355423 0.72978763282299 0.71113720536232 0.676241934299469 0.712512955069542 0.735306054353714 0.761831313371658 0.669915765523911 0.607105985283852 0.610464870929718 0.618552401661873 0.617895483970642 0.668675065040588 0.753295987844467 0.818874835968018 1.068976521492 0.944042712450027 0.700619995594025 0.665432810783386 0.620279967784882 0.646124884486198 0.693966284394264 0.934280097484589 1.24554249644279 0.912257015705109 0.797117382287979 0.631985038518906
-9999 -9999 -9999 -9999 -9999 -9999 -9999 -9999 -9999 -9999 -9999 -9999 -9999 -9999 -9999 -9999 -9999 -9999 -9999 -9999 2.40902230771312 2.63478019833565 2.33050847053528 1.93733274936676 1.4228198826313 1.2116542160511 1.17292132973671 1.18389773368835 1.05455633997917 1.07644084095955 1.10852497816086 1.12390181422234 1.14155182242393 0.97233510017395 0.880815356969833 0.82703098654747 0.820437669754028 0.780158758163452 0.816564291715622 0.945602595806122 0.900288194417953 0.733779519796371 0.640396893024445 0.616782411932945 0.637036442756653 0.677217051386833 0.852842509746552 0.917812585830688 0.761239260435104 0.840605825185776 0.728816047310829 0.639212518930435 0.668538898229599 0.631495580077171 0.625778943300247 0.625012904405594 0.637498095631599 0.601581037044525 0.575010314583778 2.04662418365479 1.63287448883057 1.29939562082291
-9999 -9999 -9999 -9999 -9999 -9999 -9999 -9999 -9999 -9999 -9999 -9999 -9999 -9999 -9999 -9999 -9999 -9999 -9999 3.58445325493813 3.25792605462282 2.48822781832322 1.96406141916911 1.70929218331973 1.06576082110405 1.15213519334793 1.22190678119659 1.11091777682304 1.04820656776428 1.14410537481308 1.19760391116142 1.14277419447899 1.06310892105103 0.990933895111084 0.959806054830551 0.928639054298401 0.835404932498932 0.866490393877029 1.53700053691864 1.22219824790955 1.02654048800468 0.922027140855789 0.683842420578003 0.663946196436882 0.695554822683334 0.733943179249763 1.16202718019485 0.636226370930672 0.602905914187431 0.648374676704407 0.637770652770996 0.640001982450485 0.625144600868225 0.641326904296875 0.645864218473434 0.635556802153587 0.628534778952599 0.622899278998375 0.606912553310394 0.625188767910004 0.684175238013268 0.736490204930305
-9999 -9999 -9999 -9999 -9999 -9999 -9999 -9999 -9999 -9999 -9999 -9999 -9999 -9999 -9999 -9999 -9999 8.32490319013596 7.52226591110229 3.06660803504612 2.25487070334585 2.04352209128832 1.75107492271223 2.18396583199501 1.42168244719505 1.13304358720779 1.06812161207199 0.99286562204361 0.940030574798584 0.992006242275238 1.01598957180977 0.973458230495453 0.975893586874008 0.916792988777161 0.871373981237411 0.85870760679245 0.859444320201874 0.893928229808807 0.872836321592331 0.852618724107742 0.827215880155563 0.810395479202271 0.707832366228104 0.737787008285522 0.71282784640789 0.720379874110222 0.704140707850456 0.706717640161514 0.681992009282112 0.661087319254875 0.64857392013073 0.667494624853134 0.684219628572464 0.719000279903412 0.731478542089462 0.713305369019508 0.71001635491848 0.711559474468231 0.711734846234322 0.7213004976511 0.717128768563271 0.742953434586525
-9999 -9999 -9999 -9999 -9999 -9999 -9999 -9999 -9999 -9999 -9999 -9999 -9999 -9999 -9999 -9999 -9999 9.6665885746479 7.3339079618454 6.07607942819595 4.25769647955894 1.20169124007225 1.15842801332474 1.17377418279648 1.19107237458229 1.14256855845451 1.10181060433388 1.01825943589211 0.921978145837784 0.851304799318314 0.881705224514008 0.851059198379517 0.879482388496399 0.862584739923477 0.860587388277054 0.860484302043915 0.861805468797684 0.850842922925949 0.861011803150177 0.845640420913696 0.870813935995102 0.941191524267197 1.02500376105309 1.00913107395172 0.984468787908554 0.890670418739319 0.781917929649353 0.75776070356369 0.750425755977631 0.716277524828911 0.708517670631409 0.738745138049126 0.771457135677338 0.777269929647446 0.756325364112854 0.73617585003376 0.730183392763138 0.764311820268631 0.844594448804855 0.801343828439713 0.729640871286392 0.704370975494385
-9999 -9999 -9999 -9999 -9999 -9999 -9999 -9999 -9999 -9999 -9999 -9999 -9999 -9999 -9999 -9999 -9999 -9999 -9999 2.40458983182907 1.4563193321228 1.30496004223824 1.18292409181595 1.09176430106163 1.06152150034904 0.98053166270256 0.928520500659943 0.939927488565445 0.912130236625671 0.893359690904617 0.866832733154297 0.879929155111313 0.899964272975922 0.919610738754272 0.868003785610199 0.987463295459747 1.07238453626633 0.998441755771637 0.94959944486618 0.916531473398209 0.89403909444809 0.843289017677307 0.849502086639404 0.893526345491409 0.937468618154526 0.955113887786865 0.877498090267181 0.830897033214569 0.796540707349777 0.754064351320267 0.80167481303215 0.860151618719101 0.862964361906052 0.837768852710724 0.818254262208939 0.787957191467285 0.747193783521652 0.763274252414703 0.781060874462128 0.789358556270599 0.816873461008072 0.747183859348297
-9999 -9999 -9999 -9999 -9999 -9999 -9999 -9999 -9999 -9999 -9999 -9999 -9999 -9999 -9999 4.87737127008109 1.38382852077484 1.39691376686096 1.41171848773956 1.45883104205132 1.43573132157326 1.33513364195824 1.19138485193253 1.01339516043663 0.974183231592178 0.97777247428894 0.923547953367233 0.884857267141342 0.948142379522324 0.923297703266144 0.914847046136856 1.00781983137131 1.04217767715454 1.0345464348793 0.90922075510025 0.972727239131927 1.09245184063911 1.00318273901939 0.821881502866745 0.816348910331726 0.828738927841187 0.889299094676971 1.15726017951965 1.21076729893684 1.09419742226601 0.942414164543152 0.904614686965942 0.895380645990372 0.863255649805069 0.805134862661362 0.800534874200821 0.782041758298874 0.810190111398697 0.824053734540939 0.828807055950165 0.800695896148682 0.797677427530289 0.793103009462357 0.773905724287033 0.836741387844086 0.926720470190048 0.919828623533249
-9999 -9999 -9999 -9999 -9999 -9999 -9999 -9999 -9999 -9999 35.2986888885498 35.2986888885498 13.7248649597168 3.29865410327911 2.81757086515427 2.6504362821579 1.70029109716415 1.51042342185974 1.53871643543243 1.60311985015869 1.43274191021919 1.38034138083458 1.22884601354599 1.03029924631119 0.977330356836319 0.944630116224289 0.910388052463531 0.853228390216827 0.786751538515091 0.7485441416502 0.815790206193924 0.993572473526001 0.841496676206589 0.731722667813301 0.815432667732239 0.886526226997375 0.909383744001389 0.962950140237808 0.865325421094894 0.851132065057755 0.905213087797165 1.04648306965828 1.02505633234978 1.000866740942 1.02271011471748 1.08004868030548 1.01046377420425 0.927667200565338 0.897082686424255 0.871295213699341 0.903196156024933 0.900221854448318 0.864107698202133 0.848622500896454 0.827561885118484 0.834810465574265 0.842546850442886 0.731588110327721 0.856952548027039 0.796765297651291 0.903234511613846 0.735412895679474
-9999 -9999 -9999 -9999 -9999 -9999 -9999 -9999 -9999 -9999 35.2986888885498 6.21671722456813 3.74151527881622 3.97823572158813 3.99040699005127 3.86348903179169 1.62083601951599 16.9649423789978 23.7686844499488 2.82374195541654 1.39943307638168 1.36684852838516 1.25925922393799 1.15024942159653 0.946779102087021 0.997432172298431 0.973168730735779 0.82989826798439 0.782446146011353 0.776646316051483 0.830206543207169 0.723016440868378 0.751290321350098 0.781957358121872 0.820123493671417 0.845116764307022 0.904113382101059 0.999506592750549 1.14481428265572 1.17325794696808 1.12741094827652 1.08301278948784 1.10525920987129 1.03748434782028 1.08463078737259 1.19548290967941 1.07561999559402 1.00872114300728 0.942781269550323 0.910452336072922 0.910957753658295 0.884769827127457 0.888255625963211 0.857795119285583 0.788611561059952 0.787649273872375 0.790335059165955 0.810832947492599 0.881039410829544 0.879200041294098 0.946089237928391 0.914819687604904
-9999 -9999 -9999 -9999 -9999 -9999 -9999 -9999 -9999 -9999 -9999 -9999 -9999 3.96012496948242 4.42856693267822 4.61125016212463 7.64567255973816 -9999 -9999 -9999 -9999 -9999 1.77112970352173 1.1654748916626 1.07340332865715 0.886754482984543 0.711920902132988 0.793323844671249 0.858413457870483 0.886703968048096 0.926063597202301 0.889891415834427 0.848957866430283 0.801916569471359 0.75346165895462 0.778779923915863 0.848640561103821 0.897701650857925 0.953728795051575 1.38943201303482 1.57002979516983 1.30301034450531 1.1127051115036 1.13340532779694 1.21718770265579 1.26673722267151 1.11907920241356 1.03825601935387 1.05675235390663 1.00076195597649 0.946761041879654 0.901655495166779 0.881513983011246 0.810967952013016 0.800748199224472 0.782115429639816 0.80658084154129 0.857463240623474 0.91889101266861 0.937369465827942 0.931887745857239 0.87665006518364
-9999 -9999 -9999 -9999 -9999 -9999 -9999 -9999 -9999 -9999 -9999 -9999 -9999 16.6274771690369 16.6274771690369 16.6274771690369 -9999 -9999 -9999 -9999 -9999 -9999 4.94490551948547 4.94490551948547 4.94490551948547 0.308659605681896 1.0893269777298 1.3966506421566 1.26563353836536 1.35276997089386 0.773845016956329 0.793128401041031 0.825986355543137 0.950909346342087 0.81757977604866 0.733711302280426 0.744035258889198 0.881643354892731 1.08020353317261 1.20824790000916 1.11169999837875 0.793629884719849 0.774495363235474 0.867623627185822 0.91285827755928 1.03384637832642 1.00875046849251 1.14238473773003 1.15208423137665 1.00387081503868 0.973451524972916 0.948486238718033 0.92813640832901 0.833809018135071 0.798518747091293 0.811971724033356 0.80856728553772 0.876348495483398 0.904250264167786 0.964445114135742 0.865141868591309 0.832231342792511
-9999 -9999 -9999 -9999 -9999 -9999 -9999 -9999 -9999 -9999 -9999 -9999 -9999 -9999 -9999 -9999 -9999 -9999 -9999 -9999 -9999 -9999 -9999 -9999 -9999 -9999 1.4248660415411 1.319983959198 1.73020447790623 1.70035891234875 1.40471386909485 0.666589334607124 0.765528202056885 0.75188872218132 0.710275188088417 0.699071019887924 0.736251622438431 0.831602364778519 0.83991140127182 0.795423209667206 0.706288754940033 0.618983834981918 0.636559501290321 0.670530706644058 0.78660848736763 0.835117936134338 0.970660507678986 1.1414552628994 1.08756092190742 0.90972438454628 0.845577925443649 0.811060130596161 0.851101934909821 0.854708075523376 0.881389528512955 0.88828843832016 0.847126543521881 0.882419407367706 0.943452268838882 0.956754773855209 0.919717043638229 0.846914291381836
-9999 -9999 -9999 -9999 -9999 -9999 -9999 -9999 -9999 -9999 -9999 -9999 -9999 -9999 -9999 -9999 -9999 -9999 -9999 -9999 -9999 -9999 -9999 -9999 -9999 -9999 -9999 15.0286116600037 1.81105262041092 2.1095971763134 0.997000873088837 0.949073374271393 0.918465077877045 0.869222044944763 0.760956019163132 0.7102420181036 0.717749699950218 0.787847936153412 0.860871881246567 0.827386468648911 0.643425241112709 0.653477758169174 0.705487444996834 0.737101703882217 0.77079114317894 0.81188553571701 0.788167834281921 0.770941704511642 0.776989191770554 0.727442532777786 0.752961963415146 0.756890505552292 0.703593894839287 0.760082602500916 0.903507739305496 0.901075959205627 0.81367027759552 0.788512498140335 0.841012179851532 0.796190947294235 0.809546381235123 0.772995293140411
