EcologicalScience/Bass/data/rs_data_bass/chl_341.asc
NCOLS 226 
NROWS 124 
XLLCORNER -9.41648524995501 
YLLCORNER 47.587301625531 
CELLSIZE 0.0833 
NODATA_value -9999 
[rows 56 to 83 of 124, columns 0 to 60 of 226]
-9999 -9999 -9999 -9999 -9999 -9999 -9999 -9999 -9999 -9999 -9999 -9999 -9999 -9999 -9999 -9999 -9999 -9999 -9999 -9999 -9999 -9999 -9999 -9999 -9999 -9999 -9999 -9999 -9999 -9999 -9999 -9999 -9999 -9999 -9999 -9999 -9999 -9999 -9999 -9999 3.79954098165035 2.00898787379265 2.05826845765114 2.21215492486954 0.69198676943779 2.47626823186874 2.30675494670868 1.03542785346508 0.826257348060608 1.48690676689148 0.69446025788784 0.843881249427795 1.71947783231735 2.35618418455124 2.91810750961304 3.43064618110657 2.79282447695732 3.43668973445892 2.99410488775798 -9999 -9999
-9999 -9999 -9999 -9999 -9999 -9999 -9999 -9999 -9999 -9999 -9999 -9999 -9999 -9999 -9999 -9999 -9999 -9999 -9999 -9999 -9999 -9999 -9999 -9999 -9999 -9999 -9999 -9999 -9999 -9999 -9999 -9999 -9999 -9999 -9999 -9999 -9999 -9999 -9999 -9999 1.75685219764709 2.4741877913475 2.28391832113266 2.5463958978653 3.01171004772186 2.89318823814392 2.73377525806427 2.72976553440094 2.32380199432373 1.03815221786499 0.782880038022995 1.07048553228378 1.6876312494278 1.10566645860672 2.49835807085037 3.46245539188385 3.72754418849945 2.90631973743439 2.34003227949142 2.91166341304779 2.91286301612854
-9999 -9999 -9999 -9999 -9999 -9999 -9999 -9999 -9999 -9999 -9999 -9999 -9999 -9999 -9999 -9999 -9999 -9999 -9999 -9999 -9999 -9999 -9999 -9999 -9999 -9999 -9999 -9999 -9999 -9999 -9999 -9999 -9999 -9999 -9999 -9999 -9999 -9999 -9999 -9999 -9999 5.41808098554611 2.53281533718109 2.70174551010132 3.76915085315704 3.73983943462372 3.06541591882706 0.785328716039658 0.750665992498398 1.08838123083115 0.940060526132584 0.906356960535049 0.400926008820534 1.03005149960518 1.49928823113441 2.6404829621315 1.15692901611328 1.91360324621201 1.66970551013947 1.75445330142975 3.05414021015167
-9999 -9999 -9999 -9999 -9999 -9999 -9999 -9999 -9999 -9999 -9999 -9999 -9999 -9999 -9999 -9999 -9999 -9999 -9999 -9999 -9999 -9999 -9999 -9999 -9999 -9999 -9999 -9999 -9999 -9999 -9999 -9999 -9999 -9999 -9999 -9999 -9999 -9999 -9999 -9999 -9999 5.00473111867905 3.2414958178997 3.27773785591125 3.14592158794403 2.98035991191864 2.70085549354553 0.853361964225769 0.962046772241592 0.824315249919891 1.13255551457405 0.997540533542633 0.807728290557861 1.09525948762894 2.05023747682571 4.33316159248352 1.61536055803299 1.33429500460625 1.8401198387146 1.2683872282505 -9999
-9999 -9999 -9999 -9999 -9999 -9999 -9999 -9999 -9999 -9999 -9999 -9999 -9999 -9999 -9999 -9999 -9999 -9999 -9999 -9999 -9999 -9999 -9999 -9999 -9999 -9999 -9999 -9999 -9999 -9999 -9999 -9999 -9999 -9999 -9999 -9999 -9999 -9999 -9999 -9999 4.39359104633331 4.5927894115448 3.89891874790192 2.81943851709366 2.45353382825851 1.93023329973221 1.7245209813118 1.98796075582504 1.34423920512199 1.06652811169624 0.979442238807678 1.03154101967812 1.13649451732635 0.857878535985947 1.71389776468277 1.17681636661291 1.43832542002201 -9999 -9999 1.65479812771082 1.76109337806702
-9999 -9999 -9999 -9999 -9999 -9999 -9999 -9999 -9999 -9999 -9999 -9999 -9999 -9999 -9999 -9999 -9999 -9999 -9999 -9999 -9999 -9999 -9999 -9999 -9999 -9999 -9999 -9999 -9999 -9999 -9999 -9999 -9999 -9999 -9999 -9999 -9999 -9999 -9999 3.11265832185745 5.01332545280457 3.73557382822037 3.14897191524506 2.82106399536133 1.96616876125336 1.72180819511414 1.34478521347046 1.44230550527573 1.39043247699738 1.18244549632072 1.26426078379154 0.377164497971535 0.463038772344589 0.980449765920639 1.10595658421516 1.21168672186988 1.94387018680573 1.86793041229248 2.05254077911377 2.12374716997147 1.56767512857914
-9999 -9999 -9999 -9999 -9999 -9999 -9999 -9999 -9999 -9999 -9999 -9999 -9999 -9999 -9999 -9999 -9999 -9999 -9999 -9999 -9999 -9999 -9999 -9999 -9999 -9999 -9999 -9999 -9999 -9999 -9999 -9999 -9999 -9999 -9999 -9999 -9999 -9999 -9999 5.35342106223106 2.64842239022255 3.46145904064178 2.51996845006943 1.97874999046326 1.53645372390747 1.34962427616119 1.31164500117302 1.21095080673695 1.27833969891071 0.439453482627869 0.416712015867233 0.430491015315056 0.435172498226166 0.481292992830276 0.722853764891624 1.42126721888781 1.75587755441666 1.38630223274231 1.75867956876755 1.91495025157928 1.76670295000076
-9999 -9999 -9999 -9999 -9999 -9999 -9999 -9999 -9999 -9999 -9999 -9999 -9999 -9999 -9999 -9999 -9999 -9999 -9999 -9999 -9999 -9999 -9999 -9999 -9999 -9999 -9999 -9999 -9999 -9999 -9999 -9999 -9999 -9999 -9999 -9999 -9999 -9999 4.77283655107021 4.46942549943924 2.81525206565857 1.94381231069565 1.44795721769333 1.26121151447296 1.12019026279449 0.50314798951149 0.515434518456459 0.531135767698288 0.603293985128403 0.526172250509262 0.747738763689995 0.479143515229225 0.490442991256714 0.497332513332367 0.488303259015083 1.17377400398254 1.34046748280525 1.22332200407982 1.37347349524498 1.47178727388382 1.4563604593277
-9999 -9999 -9999 -9999 -9999 -9999 -9999 -9999 -9999 -9999 -9999 -9999 -9999 -9999 -9999 -9999 -9999 -9999 -9999 -9999 -9999 -9999 -9999 -9999 -9999 -9999 -9999 -9999 -9999 -9999 -9999 -9999 -9999 -9999 -9999 -9999 -9999 -9999 7.37247294187546 3.81508910655975 2.64028108119965 1.48762577772141 0.548469766974449 0.597636759281158 0.697359770536423 0.815252959728241 0.653454020619392 0.675571516156197 0.55299000442028 0.524893507361412 0.896962523460388 0.960393726825714 0.695094734430313 0.570892497897148 0.518484771251678 1.91369211673737 1.23441150784492 0.985167771577835 1.06970921158791 0.827929884195328 1.24058175086975
-9999 -9999 -9999 -9999 -9999 -9999 -9999 -9999 -9999 -9999 -9999 -9999 -9999 -9999 -9999 -9999 -9999 -9999 -9999 -9999 -9999 -9999 -9999 -9999 -9999 -9999 -9999 -9999 -9999 -9999 -9999 -9999 -9999 -9999 -9999 -9999 -9999 2.37586955048821 1.13882321119308 1.2604792714119 0.976722031831741 0.808457225561142 0.566566497087479 0.596516981720924 0.770951986312866 0.927632749080658 0.803272113204002 0.460944771766663 0.522968977689743 0.645643517374992 1.13441473245621 1.06399127840996 1.09073325991631 1.28037822246552 2.00135399401188 2.14176455140114 0.973030507564545 0.99055203795433 1.10110804438591 1.08858677744865 0.792839616537094
-9999 -9999 -9999 -9999 -9999 -9999 -9999 -9999 -9999 -9999 -9999 -9999 -9999 -9999 -9999 -9999 -9999 -9999 -9999 -9999 -9999 -9999 -9999 -9999 -9999 -9999 -9999 -9999 -9999 -9999 -9999 -9999 -9999 -9999 -9999 -9999 -9999 7.37103021144867 1.88148307800293 1.14935848116875 1.01082453131676 0.803628712892532 0.618333756923676 0.784194737672806 0.777125507593155 0.770520016551018 0.785268366336823 0.490260019898415 0.759613484144211 0.921486765146255 1.35035321116447 1.6306357383728 1.73768556118011 2.21194642782211 2.56415927410126 1.71924519538879 1.31548047065735 0.995800495147705 1.02176696062088 1.19668945670128 1.11556649208069
-9999 -9999 -9999 -9999 -9999 -9999 -9999 -9999 -9999 -9999 -9999 -9999 -9999 -9999 -9999 -9999 -9999 -9999 -9999 -9999 -9999 -9999 -9999 -9999 -9999 -9999 -9999 -9999 -9999 -9999 -9999 -9999 -9999 -9999 -9999 -9999 6.96516437530518 4.68070048093796 3.49009299278259 1.97186297178268 1.23498153686523 0.987188011407852 0.929793208837509 0.881510674953461 0.740368992090225 0.745186865329742 0.76612950861454 0.867313116788864 0.816259503364563 1.01975700259209 1.12461823225021 1.14920103549957 1.28683796525002 2.72520607709885 3.31281316280365 2.77176296710968 1.99167966842651 1.62315291166306 1.77885603904724 1.26128625869751 1.31672099232674
-9999 -9999 -9999 -9999 -9999 -9999 -9999 -9999 -9999 -9999 -9999 -9999 -9999 -9999 -9999 -9999 -9999 -9999 -9999 -9999 -9999 -9999 -9999 -9999 -9999 -9999 -9999 -9999 -9999 -9999 -9999 28.9983072280884 1.81803072582592 -9999 2.10493344068527 2.45281303926712 2.96924779415131 2.98403813838959 14.4067150354385 22.7455389350653 1.07475751638412 0.964051879942417 0.982881769537926 0.904918894171715 0.890025392174721 0.867128603160381 0.936607137322426 0.600320979952812 0.675850510597229 0.866390973329544 0.85620528459549 0.85057121515274 1.13010826706886 4.13629567623138 4.82820582389832 4.56684064865112 2.68964928388596 1.61386942863464 1.78456342220306 1.74879741668701 1.87470978498459
-9999 -9999 -9999 -9999 -9999 -9999 -9999 -9999 -9999 -9999 -9999 -9999 -9999 -9999 -9999 -9999 -9999 -9999 -9999 -9999 -9999 -9999 0.346259817481041 7.52488247305155 6.02461040019989 7.71269106864929 6.76866364479065 3.27242082357407 5.1393780708313 3.38103973865509 3.39171129465103 7.53863275051117 8.2807492017746 4.51746153831482 6.5205711722374 8.29207491874695 2.08318444490433 1.1596582531929 1.07223576307297 0.653210252523422 1.21928995847702 0.487251743674278 0.809698268771172 0.937100619077682 0.975865110754967 0.527601018548012 0.556446745991707 0.572890520095825 0.606873750686646 0.726948738098145 0.845805734395981 1.23110702633858 2.28887021541595 3.85469627380371 2.48426181077957 1.94331604242325 2.08253699541092 3.84869034290314 3.60280783386791 -9999 -9999
-9999 -9999 -9999 -9999 -9999 -9999 -9999 -9999 -9999 -9999 -9999 -9999 -9999 -9999 -9999 -9999 -9999 -9999 -9999 -9999 -9999 -9999 2.10799570083618 3.04996036291122 1.62317627668381 1.6345067024231 1.78827154636383 2.44691240787506 0.23708550632 0.243944250047207 1.81197407841682 2.46073651313782 5.15108174085617 0.315410256385803 12.9141671061516 0.315949492156506 0.336655497550964 0.372698999941349 0.477932989597321 0.551892757415771 0.607787981629372 0.534052491188049 0.53803052008152 0.575218498706818 0.562319979071617 0.548375263810158 0.657055512070656 0.707786992192268 0.794509470462799 0.845326513051987 1.20495826005936 1.84513878822327 1.7470777630806 2.27473729848862 2.96275502443314 -9999 -9999 -9999 -9999 -9999 -9999
-9999 -9999 -9999 -9999 -9999 -9999 -9999 -9999 -9999 -9999 -9999 -9999 -9999 -9999 -9999 -9999 -9999 -9999 -9999 34.0696292836615 6.76651326247624 1.46934944987297 1.17836397886276 1.20527273416519 1.36541998386383 1.49081361293793 1.26563514769077 1.12273500859737 0.313583247363567 0.350404500961304 0.35784000903368 0.395345985889435 0.484159514307976 0.465465769171715 0.403583988547325 0.432842999696732 0.460765510797501 0.508347764611244 0.727450489997864 0.718763262033463 0.721612483263016 0.706031978130341 0.527494490146637 0.542380481958389 0.58814924955368 0.627866998314857 0.775452733039856 0.995722532272339 1.05432522296906 1.23098847270012 1.51390725374222 -9999 -9999 -9999 -9999 -9999 -9999 -9999 -9999 -9999 -9999
-9999 -9999 -9999 -9999 -9999 -9999 -9999 -9999 -9999 -9999 -9999 -9999 -9999 -9999 -9999 -9999 -9999 12.424379825592 3.79037624597549 5.18620347976685 3.47004219889641 1.5117662101984 0.914880007505417 0.845851242542267 0.867809534072876 1.52660930156708 1.33090916275978 0.401475012302399 0.394923001527786 0.465215250849724 0.543670490384102 0.483791247010231 0.453363016247749 0.508685991168022 0.509547740221024 0.517053008079529 0.533970728516579 0.69608773291111 1.01546251773834 0.883582502603531 0.923345267772675 0.771145462989807 0.662590518593788 0.676123514771461 0.788022726774216 0.89434352517128 1.02305772900581 1.1619930267334 2.14673700928688 1.54357874393463 1.73136353492737 -9999 -9999 -9999 -9999 -9999 -9999 -9999 -9999 -9999 -9999
-9999 -9999 -9999 -9999 -9999 -9999 -9999 -9999 -9999 -9999 -9999 -9999 -9999 -9999 8.75562870502472 9.00659203529358 2.73679047822952 1.31794953346252 1.37242329120636 1.20488351583481 0.44972026348114 0.532562255859375 0.593452513217926 0.652227021753788 0.969607874751091 1.52728722989559 2.28919807076454 0.666755989193916 0.701335519552231 0.75227102637291 0.758569478988647 0.661335021257401 0.604881003499031 0.590497478842735 0.647811770439148 1.51174718141556 1.30955171585083 1.66980975866318 1.32203847169876 0.754797756671906 0.792625486850739 0.763305008411407 0.874430269002914 1.06471797823906 0.962131530046463 1.14701771736145 1.27436846494675 1.72834432125092 1.19971945881844 1.72814029455185 2.24769008159637 3.04076875448227 -9999 -9999 -9999 -9999 -9999 -9999 -9999 -9999 -9999
-9999 -9999 -9999 -9999 -9999 -9999 -9999 -9999 -9999 -9999 -9999 3.48860765525273 13.9595530450344 1.54228097200394 0.932551771402359 1.07347202301025 1.08890148997307 1.42381721735001 1.5526290088892 0.426549017429352 0.523991256952286 0.575048267841339 0.63876074552536 1.30943698436022 1.61618515849113 0.840233266353607 0.912736505270004 0.865106284618378 0.914061784744263 0.903242290019989 0.932725489139557 0.86233127117157 0.920348256826401 0.993546724319458 0.904947727918625 0.552211493253708 0.609981760382652 0.732785984873772 0.798669040203094 0.767006278038025 1.15007847547531 1.59375447034836 1.75385177135468 1.9806067943573 1.24665221571922 1.36426797509193 1.42714574933052 1.57894045114517 1.32386925816536 1.5072637796402 1.47675374150276 -9999 -9999 -9999 -9999 -9999 7.559261432498 4.78415822982788 14.6503171920776 11.1179221272469 7.00502908229828
-9999 -9999 -9999 -9999 -9999 -9999 -9999 -9999 -9999 4.74667904376984 0.69693224132061 1.92519633471966 1.39485450088978 1.00708535313606 0.889114871621132 0.809739366173744 0.912424877285957 1.01514261960983 1.05821623653173 1.30742852389812 1.38101246953011 1.51621799916029 1.32671170681715 1.50967765599489 0.931675493717194 1.02203777432442 1.14362177252769 1.1086582839489 1.15002670884132 0.892478227615356 0.926546216011047 0.888193488121033 0.886371731758118 1.2233250439167 0.618927016854286 0.485796019434929 0.540188267827034 0.644318997859955 0.839973717927933 1.1854245364666 1.79483395814896 2.42107343673706 1.74878096580505 3.43890523910522 2.97304272651672 1.29065099358559 1.30696347355843 1.75755679607391 1.605084836483 1.94846695661545 1.60159581899643 1.1986680328846 3.8033367395401 5.7176176071167 5.14513578414917 9.8651807308197 26.4124517440796 10.0213930606842 10.9067099690437 10.7908515930176 8.85179096460342
-9999 -9999 -9999 -9999 -9999 0.704471334815025 1.07075402140617 1.77749848365784 1.24247476458549 1.06781101226807 3.55645358562469 7.43431091308594 17.8595252037048 9.04450750350952 5.52861285209656 3.9013763666153 2.03682607412338 0.912967532873154 0.883835256099701 0.852201730012894 0.889988958835602 0.805698037147522 1.12414459884167 0.870177716016769 0.977465271949768 1.02878326177597 0.935245513916016 0.96822452545166 1.067084223032 1.03865924477577 0.980289727449417 1.08426824212074 1.35781127214432 1.09117797017097 0.876406520605087 0.484596759080887 0.445091262459755 2.05244922637939 1.66265255212784 1.58574521541595 1.32792448997498 1.90616923570633 1.52445369958878 1.77993679046631 0.886153109371662 0.987402766942978 1.54334628582001 1.81436258554459 2.05461519956589 2.52770626544952 2.5959615111351 2.48254269361496 1.60009878873825 1.74134999513626 1.86365479230881 9.5614607334137 20.994197845459 58.0788860321045 6.71067881584167 5.58155697584152 5.55759716033936
-9999 -9999 -9999 -9999 -9999 1.00144726037979 1.44216370582581 1.88253825902939 1.73359358310699 1.53759151697159 3.29166305065155 6.10948705673218 9.30003619194031 9.58381605148315 8.17943930625916 6.37090945243835 4.96893739700317 1.86067432165146 0.805218011140823 0.767601728439331 0.823789536952972 0.856335014104843 0.976844966411591 1.33757248520851 1.21280845999718 1.13128647208214 1.07451823353767 0.916452705860138 0.892519533634186 1.07059729099274 1.38596695661545 1.42501652240753 1.26065102219582 1.28997749090195 2.089311003685 5.43206262588501 5.32407510280609 6.95666313171387 3.53116285800934 1.56633675098419 1.67827266454697 1.80837678909302 1.88013142347336 1.24039426445961 0.802884757518768 0.744087740778923 1.61393916606903 1.69055700302124 1.92426592111588 2.33660173416138 4.93244683742523 3.26833641529083 2.19921147823334 1.54709404706955 2.46184283494949 3.77318394184113 4.35773277282715 4.11215168237686 1.96427017450333 2.35436403751373 2.5516072511673
-9999 -9999 -9999 -9999 -9999 1.11322724819183 1.61663854122162 1.83213526010513 1.84482371807098 1.75763028860092 4.49691832065582 7.10256671905518 8.49472045898438 8.63746690750122 4.8021833896637 3.77040088176727 1.94059056043625 1.1195542216301 0.816953212022781 0.74822773039341 0.931651532649994 0.998804211616516 0.890049755573273 1.04608502984047 1.21575379371643 1.22584953904152 1.03282275795937 0.841310977935791 0.919996529817581 1.03368303179741 1.16017797589302 1.23496198654175 1.15233153104782 1.15292251110077 2.73530548810959 3.93919122219086 3.67329061031342 3.81096732616425 2.95344150066376 2.03159326314926 1.64460682868958 1.79982608556747 2.39814966917038 1.60142397880554 0.790137737989426 0.690705746412277 1.00385695695877 1.15892699360847 0.955934286117554 0.996386289596558 2.41807651519775 4.15442776679993 3.32987487316132 1.21433848142624 3.2253509759903 1.90507793426514 1.31489923596382 1.33179223537445 1.30384799838066 1.4403974711895 1.57940626144409
-9999 -9999 -9999 -9999 -9999 1.57999491691589 0.906338766217232 0.794924274086952 0.650187000632286 0.988823980093002 1.41810788959265 3.91747033596039 4.34554409980774 4.60450422763824 2.58428692817688 1.35258302092552 1.12743750214577 1.11043050885201 0.774720758199692 0.680665478110313 0.691383764147758 0.764395505189896 0.727335020899773 1.03326451778412 1.07964071631432 0.973060458898544 0.835677713155746 0.862773030996323 0.963497221469879 1.02958872914314 1.10789027810097 1.43041571974754 1.22963771224022 1.17720302939415 1.68948966264725 2.45389956235886 2.62762123346329 3.12776470184326 4.01816546916962 1.97215729951859 1.68950182199478 1.76776206493378 2.01873600482941 1.29527029395103 1.0323194861412 0.840773284435272 0.691488012671471 0.911617487668991 0.788495242595673 0.789327710866928 0.931566774845123 2.45733672380447 1.17145648598671 0.960463464260101 1.24994024634361 1.33977860212326 1.09291872382164 1.19541898369789 1.12257823348045 1.29227247834206 1.52758866548538
-9999 -9999 -9999 -9999 -9999 0.947204992175102 0.720492202788591 0.561626762151718 0.555413246154785 0.615463860332966 1.09911111742258 0.637345477938652 2.13985723257065 2.04575318098068 1.90180867910385 1.88708853721619 1.15833520889282 0.759995251893997 0.723756730556488 0.674311503767967 0.670084521174431 0.688676252961159 0.755303263664246 0.749408259987831 0.829427272081375 0.80878347158432 0.753645747900009 0.754635035991669 0.923258274793625 1.04417100548744 1.18551295995712 1.34001597762108 1.28423103690147 1.20912677049637 1.54898250102997 1.77335768938065 2.89044070243835 2.5563622713089 2.57435774803162 2.68418025970459 2.24846255779266 2.00067222118378 1.44388648867607 1.02457576990128 0.942944973707199 0.867706507444382 0.844706207513809 0.965128540992737 0.793260008096695 0.61004626750946 0.563874006271362 0.598048478364944 0.83551499247551 0.867295861244202 1.03781323134899 1.17106573283672 1.16869877278805 0.891506284475327 0.899479508399963 1.0579297542572 1.57164824008942
-9999 -9999 -9999 -9999 -9999 0.713432259857655 0.543716982007027 0.830375254154205 1.10463827848434 0.257105246186256 0.301427990198135 0.581922009587288 0.763680785894394 0.605786249041557 0.575759992003441 1.51061707735062 1.61623120307922 0.765213757753372 0.642224997282028 0.52877551317215 0.574709996581078 0.806472033262253 0.741267755627632 0.693401992321014 1.05310499668121 0.768130481243134 0.744109511375427 0.72783824801445 0.809976786375046 1.08828896284103 1.45932376384735 1.38692924380302 1.42953523993492 1.27018421888351 1.31597095727921 1.41361427307129 2.39492172002792 1.92503482103348 2.41122525930405 2.16953319311142 2.03607594966888 2.18721449375153 1.70188200473785 0.99862352013588 0.807697534561157 0.766389012336731 0.774293214082718 0.856884777545929 0.757405489683151 0.797565042972565 0.631472244858742 0.588853508234024 0.781037986278534 0.898504123091698 1.04296687245369 1.24078461527824 1.5111303627491 1.27204772830009 1.31364724040031 0.826650023460388 1.72989302873611
-9999 -9999 -9999 -9999 -9999 0.348832502961159 0.407191514968872 0.366413243114948 0.359663240611553 0.399203270673752 0.342238493263721 0.379247233271599 0.443574741482735 0.414601519703865 0.531216770410538 0.842858970165253 1.2088919878006 1.10889753699303 0.66889500617981 0.523474484682083 0.564618766307831 0.741626232862473 0.474136501550674 0.455904766917229 0.59467801451683 0.666077256202698 0.722662478685379 0.737996980547905 0.783859491348267 1.00116750597954 1.49231770634651 1.52571451663971 1.57403254508972 1.60874408483505 1.61125355958939 1.21413454413414 1.13876920938492 1.3696117401123 1.77702516317368 1.83074927330017 1.78446078300476 1.06295925378799 0.792071968317032 0.775870531797409 0.70542973279953 0.593884482979774 0.730686753988266 0.6379184871912 0.598978489637375 0.558784514665604 0.556742236018181 0.827615261077881 0.774267733097076 0.677937254309654 0.705649748444557 0.829582750797272 1.79853415489197 2.3002068400383 2.35637775063515 1.87897351384163 1.73128044605255
-9999 -9999 -9999 -9999 -9999 0.286056742072105 0.319845758378506 0.391845747828484 0.439340248703957 0.466815769672394 0.370512373745441 0.374108254909515 0.581377521157265 0.581640735268593 0.447225742042065 0.39843637123704 0.416821505874395 0.446145381778479 0.490751635283232 0.45279523730278 0.456488259136677 0.705126017332077 0.514735490083694 0.49414649605751 0.585962265729904 0.675777018070221 0.737978249788284 0.950493782758713 0.984584212303162 1.10478901863098 1.47551697492599 1.57304102182388 1.5075044631958 1.54301780462265 1.53303372859955 1.45321950316429 1.57731592655182 1.30760326981544 1.48443746566772 1.55401343107224 1.6621230840683 1.48816278576851 0.956260532140732 0.645192012190819 0.568323746323586 0.579284995794296 0.633264765143394 0.634202241897583 0.586858481168747 0.57303974032402 0.721508234739304 0.862430959939957 0.827754020690918 0.669682241976261 0.746833726763725 0.837201721966267 1.90283963084221 2.51487898826599 -9999 -9999 -9999
