EcologicalScience/Bass/data/rs_data_bass/chl_74.asc
NCOLS 226 
NROWS 124 
XLLCORNER -9.41648524995501 
YLLCORNER 47.587301625531 
CELLSIZE 0.0833 
NODATA_value -9999 
[rows 0 to 26 of 124, columns 62 to 123 of 226]
-9999 -9999 -9999 -9999 -9999 -9999 -9999 -9999 -9999 -9999 -9999 -9999 -9999 -9999 -9999 -9999 -9999 -9999 -9999 -9999 -9999 -9999 -9999 -9999 -9999 -9999 -9999 -9999 -9999 -9999 -9999 -9999 -9999 -9999 -9999 -9999 -9999 -9999 -9999 -9999 -9999 -9999 -9999 -9999 -9999 -9999 -9999 -9999 -9999 -9999 -9999 -9999 -9999 -9999 -9999 -9999 -9999 -9999 -9999 -9999 -9999 -9999
-9999 -9999 -9999 -9999 -9999 -9999 -9999 -9999 -9999 -9999 -9999 -9999 -9999 -9999 -9999 -9999 -9999 -9999 -9999 -9999 -9999 -9999 -9999 -9999 -9999 -9999 -9999 -9999 -9999 -9999 -9999 -9999 -9999 -9999 -9999 -9999 -9999 -9999 -9999 -9999 -9999 -9999 -9999 -9999 -9999 -9999 -9999 -9999 -9999 -9999 -9999 -9999 -9999 -9999 -9999 -9999 -9999 -9999 -9999 -9999 -9999 -9999
-9999 -9999 -9999 -9999 -9999 -9999 -9999 -9999 -9999 -9999 -9999 -9999 -9999 -9999 -9999 -9999 -9999 -9999 -9999 -9999 -9999 -9999 -9999 -9999 -9999 -9999 -9999 -9999 -9999 -9999 -9999 -9999 -9999 -9999 -9999 -9999 -9999 -9999 -9999 -9999 -9999 -9999 -9999 -9999 -9999 -9999 -9999 -9999 -9999 -9999 -9999 -9999 -9999 -9999 -9999 -9999 -9999 -9999 -9999 -9999 -9999 -9999
-9999 -9999 -9999 -9999 -9999 -9999 -9999 -9999 -9999 -9999 -9999 -9999 -9999 -9999 -9999 -9999 -9999 -9999 -9999 -9999 -9999 -9999 -9999 -9999 -9999 -9999 -9999 -9999 -9999 -9999 -9999 -9999 -9999 -9999 -9999 -9999 -9999 -9999 -9999 -9999 -9999 -9999 -9999 -9999 -9999 -9999 -9999 -9999 -9999 -9999 -9999 -9999 -9999 -9999 -9999 -9999 -9999 -9999 -9999 -9999 -9999 -9999
-9999 -9999 -9999 -9999 -9999 -9999 -9999 -9999 -9999 -9999 -9999 -9999 -9999 -9999 -9999 -9999 -9999 -9999 -9999 -9999 -9999 -9999 -9999 -9999 -9999 -9999 -9999 -9999 -9999 -9999 -9999 -9999 -9999 -9999 -9999 -9999 -9999 -9999 -9999 -9999 -9999 -9999 -9999 -9999 -9999 -9999 -9999 -9999 -9999 -9999 -9999 -9999 -9999 -9999 -9999 -9999 -9999 -9999 -9999 -9999 -9999 -9999
-9999 -9999 -9999 -9999 -9999 -9999 -9999 -9999 -9999 -9999 -9999 -9999 -9999 -9999 -9999 -9999 -9999 -9999 -9999 -9999 -9999 -9999 -9999 -9999 -9999 -9999 -9999 -9999 0.63735419511795 0.648186240100513 3.27420452662877 1.34166222810745 1.25717926025391 0.998234957456589 0.437862753868103 0.696643486618996 0.791399985551834 0.549957767128944 0.894650995731354 0.884871035814285 0.526870518922806 0.561149999499321 0.574301987886429 0.660526894032955 0.391516864299774 0.301472246646881 0.334542006254196 0.271290756762028 0.278460010886192 0.271545745432377 0.456319496035576 0.462627753615379 0.425531253218651 0.38739325106144 0.379851996898651 0.356664001941681 0.352180756628513 0.335298500955105 0.256628260016441 0.303819760680199 0.250570490956306 0.213128238916397
-9999 -9999 -9999 -9999 -9999 -9999 -9999 -9999 -9999 -9999 -9999 -9999 -9999 -9999 -9999 -9999 -9999 -9999 -9999 -9999 -9999 -9999 -9999 -9999 -9999 -9999 1.18186515569687 1.0627324283123 1.40778225660324 0.667935490608215 2.14706254005432 0.764479959011078 1.24146223068237 1.20670500397682 0.867998957633972 0.897879749536514 0.894329220056534 0.625262260437012 0.53455576300621 0.517942517995834 0.610599741339684 0.687336757779121 0.515700727701187 0.444064512848854 0.451168142259121 0.351910494267941 0.333322495222092 0.289684496819973 0.26655524969101 0.284817740321159 0.410635501146317 0.404801487922668 0.296489629894495 0.370830252766609 0.363873988389969 0.364153996109962 0.355773746967316 0.245237253606319 0.338512003421783 0.2578139975667 0.241743743419647 0.226101748645306
-9999 -9999 -9999 -9999 -9999 -9999 -9999 -9999 -9999 -9999 -9999 -9999 -9999 -9999 -9999 -9999 -9999 -9999 -9999 -9999 -9999 -9999 -9999 -9999 -9999 -9999 1.18186515569687 1.85000381469727 0.951493209600448 0.648001704365015 1.67890311777592 1.19984471797943 0.757304280996323 0.847233027219772 0.547252491116524 0.494387269020081 0.425673007965088 0.496455743908882 0.519378751516342 0.500644505023956 0.500441238284111 0.405160501599312 0.399257227778435 0.433917000889778 0.462786018848419 0.365351244807243 0.39029324054718 0.368175007402897 0.330977998673916 0.337756119668484 0.296178370714188 0.243600368499756 0.273226875811815 0.340125501155853 0.324783742427826 0.322404250502586 0.325073502957821 0.255254991352558 0.248916383832693 0.279034242033958 0.238685242831707 0.213380254805088
-9999 -9999 -9999 -9999 -9999 -9999 -9999 -9999 -9999 -9999 -9999 -9999 -9999 -9999 -9999 -9999 -9999 -9999 -9999 -9999 -9999 -9999 -9999 -9999 -9999 -9999 1.06519238650799 1.69038848876953 0.467822268605232 0.625893741846085 0.570375010371208 1.02822936326265 0.450293228030205 0.873282015323639 0.775201499462128 0.594908997416496 0.496000483632088 0.544706985354424 0.595884740352631 0.432422250509262 0.373934246599674 0.344875507056713 0.4048972427845 0.422026500105858 0.430862233042717 0.366400502622128 0.310712993144989 0.331308759748936 0.309498757123947 0.311255995184183 0.303647249937057 0.290970750153065 0.273127119988203 0.309929251670837 0.306248493492603 0.301313497126102 0.224646739661694 0.242997743189335 0.227031759917736 0.23097825050354 0.228542245924473 0.234633751213551
-9999 -9999 -9999 -9999 -9999 -9999 -9999 -9999 -9999 -9999 -9999 -9999 -9999 -9999 -9999 -9999 -9999 -9999 -9999 -9999 -9999 -9999 -9999 -9999 -9999 1.19121462106705 0.851012974977493 0.630430519580841 0.571644768118858 0.510416999459267 0.494675248861313 0.612453203648329 0.593939101696014 0.592969492077827 0.513555005192757 0.57380323112011 0.534160874783993 0.534893251955509 0.59407217502594 0.624005860090256 0.705811947584152 0.565934407711029 0.43257976770401 0.399123001098633 0.368949752300978 0.320853754878044 0.290865004062653 0.313055254518986 0.222296252846718 0.218418002128601 0.350038252770901 0.330603003501892 0.306418500840664 0.294647008180618 0.297627747058868 0.263625383377075 0.232407756149769 0.25381200760603 0.241552881896496 0.229617744684219 0.227598756551743 0.238449744880199
-9999 -9999 -9999 -9999 -9999 -9999 -9999 -9999 -9999 -9999 -9999 -9999 -9999 -9999 -9999 -9999 -9999 -9999 -9999 -9999 -9999 -9999 -9999 -9999 -9999 0.868045538663864 0.829867511987686 0.702341258525848 0.632649019360542 0.686006247997284 0.669620990753174 0.68199522793293 0.619609647989273 0.650771248340607 0.501634508371353 0.520346984267235 0.29007750749588 0.269774995744228 0.266151756048203 0.569559305906296 0.647244465351105 0.521123689413071 0.496667987108231 0.435829885303974 0.336485998705029 0.34655325114727 0.273777008056641 0.202092759311199 0.222268491983414 0.21025125682354 0.345463991165161 0.317409005016088 0.297944258898497 0.283424243330956 0.274885877966881 0.255019873380661 0.281041741371155 0.270410001277924 0.250715240836143 0.235010996460915 0.24889200925827 0.276567757129669
-9999 -9999 -9999 -9999 -9999 -9999 -9999 -9999 -9999 -9999 -9999 -9999 -9999 -9999 -9999 -9999 -9999 -9999 -9999 -9999 -9999 -9999 -9999 -9999 1.31647038459778 0.922218024730682 0.718615517020226 0.718262270092964 0.729546010494232 0.878510981798172 0.831269234418869 0.816445469856262 0.821225970983505 0.672272264957428 0.45677250623703 0.442944020032883 0.372036002576351 0.333458997309208 0.283014759421349 0.318790510296822 0.31852725148201 0.486783760786057 0.225764997303486 0.414005242288113 0.371740501374006 0.368066243827343 0.199743747711182 0.194944493472576 0.200937755405903 0.248582258820534 0.308630257844925 0.326307758688927 0.337372496724129 0.326349750161171 0.318912751972675 0.296936750411987 0.267704240977764 0.282623246312141 0.273987740278244 0.258387006819248 0.281094744801521 0.31963723897934
-9999 -9999 -9999 -9999 -9999 -9999 -9999 -9999 -9999 -9999 -9999 -9999 -9999 -9999 -9999 -9999 -9999 -9999 -9999 -9999 -9999 -9999 -9999 1.50594073534012 1.77617847919464 1.40681174397469 1.28905498981476 1.09373179078102 0.908276975154877 0.953561246395111 0.849074274301529 0.835862964391708 0.775180488824844 0.650159239768982 0.580978497862816 0.384703516960144 0.35325825959444 0.372329257428646 0.370960503816605 0.320197507739067 0.2798917517066 0.259165495634079 0.386803116649389 0.377334751188755 0.304709248244762 0.314441241323948 0.330426000058651 0.281888991594315 0.334483489394188 0.325868993997574 0.335273243486881 0.357747741043568 0.341485507786274 0.340920008718967 0.330392494797707 0.281723253428936 0.302622757852077 0.284964010119438 0.295441500842571 0.258334502577782 0.206753991544247 0.236425504088402
-9999 -9999 -9999 -9999 -9999 -9999 -9999 -9999 -9999 -9999 -9999 -9999 -9999 -9999 -9999 -9999 -9999 -9999 -9999 -9999 -9999 -9999 13.7523806435721 2.00869506597519 1.6282634139061 0.984693735837936 1.013557523489 1.05186152458191 1.08890774846077 1.10177546739578 0.995117962360382 0.878655016422272 0.87714895606041 0.94037327170372 0.830987960100174 0.336821258068085 0.323175005614758 0.323074489831924 0.315582007169724 0.307520247995853 0.3152130022645 0.298704743385315 0.318198747932911 0.295337252318859 0.312906749546528 0.317166745662689 0.337901249527931 0.335141256451607 0.337204501032829 0.340200752019882 0.366502493619919 0.367247991263866 0.389057233929634 0.362952746450901 0.388822495937347 0.349536739289761 0.307226255536079 0.296841010451317 0.288836248219013 0.285760492086411 0.233445379883051 0.241559989750385
-9999 -9999 -9999 -9999 -9999 -9999 -9999 -9999 -9999 -9999 -9999 -9999 -9999 -9999 -9999 -9999 -9999 -9999 -9999 -9999 2.64602583646774 2.54419841643037 1.76099699735641 2.06382119655609 1.2905684709549 0.962506502866745 0.890171974897385 0.930582761764526 1.0929120182991 1.09823173284531 0.963833212852478 0.944945275783539 0.982039511203766 1.00904703140259 0.827412754297256 0.618603765964508 0.264597751200199 0.334521755576134 0.350911505520344 0.353656500577927 0.349916249513626 0.340376257896423 0.322465494275093 0.313725739717484 0.310271993279457 0.324630752205849 0.275015249848366 0.215737491846085 0.268357492983341 0.342591740190983 0.375295490026474 0.387345001101494 0.382162481546402 0.36336075514555 0.374689489603043 0.379031985998154 0.339962258934975 0.325432509183884 0.283778250217438 0.277948491275311 0.244361255317926 0.240712121129036
-9999 -9999 -9999 -9999 -9999 -9999 -9999 -9999 -9999 -9999 -9999 -9999 -9999 -9999 -9999 -9999 -9999 -9999 -9999 -9999 2.07224413745948 1.33186621963978 7.50217878818512 0.785359472036362 0.957216024398804 0.895256280899048 0.85454848408699 0.840119987726212 0.874656736850739 0.928857743740082 0.930120706558228 0.896443516016006 0.776254534721375 0.799514293670654 0.686071515083313 0.621919512748718 0.430279478430748 0.320596508681774 0.309703499078751 0.392972230911255 0.410803511738777 0.376886978745461 0.36625649034977 0.327633753418922 0.302704498171806 0.312600754201412 0.325001992285252 0.319167740643024 0.355340994894505 0.368015259504318 0.383873239159584 0.400016248226166 0.390603750944138 0.376174494624138 0.390520513057709 0.420464247465134 0.350672990083694 0.344172745943069 0.29932875931263 0.2995845079422 0.272991009056568 0.235439993441105
-9999 -9999 -9999 -9999 -9999 -9999 -9999 -9999 -9999 -9999 -9999 -9999 -9999 -9999 -9999 -9999 -9999 -9999 -9999 4.47563900266375 4.2986056804657 1.98806202411652 0.794766739010811 0.773925751447678 1.61530494689941 1.02199271321297 1.02266246080399 0.925917774438858 0.828126758337021 0.878640711307526 0.883539766073227 1.0075897872448 0.856584012508392 0.864247530698776 0.900976538658142 0.736141517758369 0.534229516983032 0.433606490492821 0.374158501625061 0.316903509199619 0.331143759191036 0.318543009459972 0.363900750875473 0.33117751032114 0.318080998957157 0.336263246834278 0.321613490581512 0.335095502436161 0.326491490006447 0.344588242471218 0.34178701043129 0.335124760866165 0.340521745383739 0.383633270859718 0.433179751038551 0.429689258337021 0.367550991475582 0.315702751278877 0.323660239577293 0.317658752202988 0.291152246296406 0.24923774600029
-9999 -9999 -9999 -9999 -9999 -9999 -9999 -9999 -9999 -9999 -9999 -9999 -9999 -9999 -9999 -9999 -9999 -9999 7.81439363956452 5.78484666347504 1.39090499281883 1.22460561990738 0.956091493368149 0.681421995162964 0.705231994390488 0.785420536994934 0.927594736218452 1.83678442239761 0.951147705316544 0.841932713985443 0.942046523094177 1.05786225199699 1.0127167403698 0.960349470376968 1.01209500432014 0.889549523591995 0.741411745548248 0.532871246337891 0.461649745702744 0.442661270499229 0.367436997592449 0.399228751659393 0.274931252002716 0.299663253128529 0.330116249620914 0.306455254554749 0.31224674731493 0.314079746603966 0.326604746282101 0.334062002599239 0.270164251327515 0.271668747067451 0.339797995984554 0.354561008512974 0.389131486415863 0.37203224748373 0.375405728816986 0.324713990092278 0.321581996977329 0.287758491933346 0.254066996276379 0.209859006106853
-9999 -9999 -9999 -9999 -9999 -9999 -9999 -9999 -9999 -9999 -9999 -9999 -9999 -9999 -9999 -9999 -9999 5.60547834738142 7.68778347969055 4.90898299217224 2.45687520503998 1.21397978067398 0.937956005334854 0.79475873708725 0.802398264408112 0.791362255811691 0.969872251152992 0.981181874871254 1.63104218244553 1.04121753573418 0.950062483549118 1.08933153748512 1.0779382288456 1.07486701011658 1.02438452839851 0.90993520617485 0.825235515832901 0.70322473347187 0.588177770376205 0.408417016267776 0.403934240341187 0.387911260128021 0.335473492741585 0.292672500014305 0.280239008367062 0.28448174893856 0.276718497276306 0.287450239062309 0.303951747715473 0.313655242323875 0.285533241927624 0.331984888762236 0.387881264090538 0.372072748839855 0.3503707498312 0.35037899762392 0.321930751204491 0.293694756925106 0.312604509294033 0.303175494074821 0.322793997824192 0.219990760087967
-9999 -9999 -9999 -9999 -9999 -9999 -9999 -9999 -9999 -9999 -9999 -9999 -9999 -9999 -9999 -9999 -9999 -9999 -9999 2.68377350270748 1.31866049766541 1.2161660194397 0.900431990623474 0.966496512293816 0.805005013942719 0.818463742733002 0.721370995044708 0.99065551161766 0.745004251599312 0.743865363299847 0.702895112335682 0.714206613600254 1.03894346952438 1.13125875592232 1.07324776053429 0.920612275600433 0.802616268396378 0.597882002592087 0.496127262711525 0.402985498309135 0.362918257713318 0.374312996864319 0.351933002471924 0.337572008371353 0.341901004314423 0.299714997410774 0.321119997650385 0.320426613092422 0.285990759730339 0.295509740710258 0.299829751253128 0.306355498731136 0.303577490150928 0.323231242597103 0.361100256443024 0.361544989049435 0.377892002463341 0.385166242718697 0.415281727910042 0.387333020567894 0.399131253361702 0.347765989601612
-9999 -9999 -9999 -9999 -9999 -9999 -9999 -9999 -9999 -9999 -9999 -9999 -9999 -9999 -9999 4.41724038124084 13.8141589164734 10.1858615577221 1.3236989825964 6.69627857208252 1.51841825246811 0.920497119426727 0.990748733282089 0.881792277097702 0.842291235923767 0.807453244924545 0.750089764595032 0.71798924356699 0.718711875379086 4.04055368900299 1.58607441186905 1.11594521999359 1.1097269654274 1.17225453257561 1.0922032892704 0.876329988241196 0.864405781030655 0.824171215295792 0.42766048014164 0.421594485640526 0.38442300260067 0.36617249250412 0.350473500788212 0.365344494581223 0.340565241873264 0.340034991502762 0.339998245239258 0.317798249423504 0.317447260022163 0.3488415107131 0.329361006617546 0.304136998951435 0.362188495695591 0.396430492401123 0.37568624317646 0.390597760677338 0.429363012313843 0.437491491436958 0.499177515506744 0.47367525100708 0.44583597779274 0.403956770896912
-9999 -9999 -9999 -9999 -9999 -9999 -9999 -9999 -9999 -9999 35.2986888885498 35.2986888885498 13.7248649597168 42.722508430481 1.8632811717689 1.43679711967707 1.12825541943312 1.03033275157213 1.2492963373661 1.36400172114372 0.892787262797356 0.671700350940228 0.59782350808382 0.568903125822544 0.581428505480289 0.572552628815174 0.691870003938675 0.651447750627995 0.633716627955437 0.612566627562046 1.98994266986847 0.987132757902145 0.915114015340805 0.742632731795311 0.644366249442101 0.735617995262146 0.766146004199982 0.618385478854179 0.462805509567261 0.547408506274223 0.645674228668213 0.425670728087425 0.395025014877319 0.433260753750801 0.384782239794731 0.347841739654541 0.368673004209995 0.361281752586365 0.476349011063576 0.505352988839149 0.444277480244637 0.42824399471283 0.415753483772278 0.448569014668465 0.425137504935265 0.391551733016968 0.371309995651245 0.379372492432594 0.425457760691643 0.45141077041626 0.44446724653244 0.445101767778397
-9999 -9999 -9999 -9999 -9999 -9999 -9999 -9999 -9999 -9999 35.2986888885498 11.2766097784042 11.0321609973907 2.10314700007439 2.17106366157532 1.22803612053394 7.42158966064453 3.51128697395325 9.36197372621829 14.4933271275626 15.1897238492966 0.746647126972675 0.63774785399437 0.628247246146202 0.649399884045124 0.65294024348259 0.61462989449501 0.623232364654541 0.386262729763985 0.55027087032795 0.559324488043785 0.960638254880905 0.822551965713501 0.698406010866165 0.699155241250992 0.638125509023666 0.619828507304192 0.589076980948448 0.620123997330666 0.613506004214287 0.589966490864754 0.594786733388901 0.542349770665169 0.421836018562317 0.411691501736641 0.416008517146111 0.411665260791779 0.406124264001846 0.440274730324745 0.454096511006355 0.445886269211769 0.435257256031036 0.430067986249924 0.442624479532242 0.44913075864315 0.421001270413399 0.414348766207695 0.410736009478569 0.400554746389389 0.42163123190403 0.436763986945152 0.409803003072739
-9999 -9999 -9999 -9999 -9999 -9999 -9999 -9999 -9999 -9999 -9999 -9999 -9999 24.6035931110382 18.9142498970032 9.00931215286255 -9999 -9999 -9999 -9999 -9999 -9999 1.02050701528788 1.53915265202522 1.15882878005505 0.8210703805089 0.666163891553879 0.572166368365288 0.570345394313335 0.339831747114658 0.390708759427071 0.38409823179245 0.536919727921486 0.576312750577927 0.572735980153084 0.60528901219368 0.598494753241539 0.612516760826111 0.593451753258705 0.572764500975609 0.588109508156776 0.556340262293816 0.464828252792358 0.464808002114296 0.432276740670204 0.418204486370087 0.412811234593391 0.435018762946129 0.419819265604019 0.452390983700752 0.48614627122879 0.46585276722908 0.477966740727425 0.469518765807152 0.449350520968437 0.428029507398605 0.416405260562897 0.433000490069389 0.434010744094849 0.422988742589951 0.425875514745712 0.405110254883766
-9999 -9999 -9999 -9999 -9999 -9999 -9999 -9999 -9999 -9999 -9999 -9999 -9999 16.6274771690369 16.6274771690369 16.6274771690369 -9999 -9999 -9999 -9999 -9999 -9999 4.94490551948547 4.94490551948547 4.94490551948547 0.308659605681896 1.91516411304474 0.868823625147343 0.668340012431145 0.503576628863811 0.539139367640018 0.548746503889561 0.410945266485214 0.594007506966591 0.574258491396904 0.698767483234406 0.575227484107018 0.586563751101494 0.588815242052078 0.521806508302689 0.50220899283886 0.524113520979881 0.473127007484436 0.498161271214485 0.416204228997231 0.420351728796959 0.406142234802246 0.395612999796867 0.378410249948502 0.41042098402977 0.425502732396126 0.443964019417763 0.396764248609543 0.376935750246048 0.276529490947723 0.436527013778687 0.438274517655373 0.432373479008675 0.426415488123894 0.391733229160309 0.386501982808113 0.401258245110512
-9999 -9999 -9999 -9999 -9999 -9999 -9999 -9999 -9999 -9999 -9999 -9999 -9999 -9999 -9999 -9999 -9999 -9999 -9999 -9999 -9999 -9999 -9999 -9999 -9999 -9999 5.02727521167082 1.12455397844315 0.852983638644218 0.577855870127678 0.305385008454323 0.303804740309715 0.354742504656315 0.593013748526573 0.761877715587616 0.640735521912575 0.581865012645721 0.594277516007423 0.507833987474442 0.500009268522263 0.464297264814377 0.471683263778687 0.489163488149643 0.44691301882267 0.29798287153244 0.328992750495672 0.368341136723757 0.297750553116202 0.317956505343318 0.421615496277809 0.456146255135536 0.33050324767828 0.345275245606899 0.369594745337963 0.403252512216568 0.454122751951218 0.460874989628792 0.424141511321068 0.399341270327568 0.380910739302635 0.38137574493885 0.349547244608402
-9999 -9999 -9999 -9999 -9999 -9999 -9999 -9999 -9999 -9999 -9999 -9999 -9999 -9999 -9999 -9999 -9999 -9999 -9999 -9999 -9999 -9999 -9999 -9999 -9999 -9999 -9999 2.80308383703232 1.74057447910309 0.951467245817184 0.747946880757809 0.475140765309334 0.379061982035637 0.333369746804237 0.904250979423523 0.631289228796959 0.549716234207153 0.49302676320076 0.424391984939575 0.476603239774704 0.488486990332603 0.459903761744499 0.474762752652168 0.477900758385658 0.457760989665985 0.469196230173111 0.364366494119167 0.399306379258633 0.417146623134613 0.438918761909008 0.442246869206429 0.413458876311779 0.39206475019455 0.421566233038902 0.405693769454956 0.406767010688782 0.404847756028175 0.420117750763893 0.421779736876488 0.420246765017509 0.398307010531425 0.388696521520615
