EcologicalScience/Bass/data/rs_data_bass/chl_542.asc
NCOLS 226 
NROWS 124 
XLLCORNER -9.41648524995501 
YLLCORNER 47.587301625531 
CELLSIZE 0.0833 
NODATA_value -9999 
[rows 54 to 80 of 124, columns 0 to 61 of 226]
-9999 -9999 -9999 -9999 -9999 -9999 -9999 -9999 -9999 -9999 -9999 -9999 -9999 -9999 -9999 -9999 -9999 -9999 -9999 -9999 -9999 -9999 -9999 -9999 -9999 -9999 -9999 -9999 -9999 -9999 -9999 -9999 -9999 -9999 -9999 -9999 -9999 -9999 5.78309118747711 2.38973331451416 2.33362179994583 2.22795778512955 1.75975531339645 1.5065250992775 1.48289966583252 1.41070908308029 1.19240570068359 1.18055838346481 1.16756647825241 1.16929230093956 1.17484903335571 1.12702202796936 1.14194440841675 1.12633672356606 1.34830927848816 1.86381769180298 2.36692178249359 2.61271727085114 2.45711463689804 0.607058599591255 0.62790758907795 1.89392673969269
-9999 -9999 -9999 -9999 -9999 -9999 -9999 -9999 -9999 -9999 -9999 -9999 -9999 -9999 -9999 -9999 -9999 -9999 -9999 -9999 -9999 -9999 -9999 -9999 -9999 -9999 -9999 -9999 -9999 -9999 -9999 -9999 -9999 -9999 -9999 -9999 -9999 -9999 -9999 2.40370161831379 2.33160030841827 2.46481561660767 1.7822939157486 1.39854329824448 1.27478018403053 1.26742163300514 1.24618595838547 1.16063725948334 1.22534143924713 1.17609599232674 1.15484780073166 1.09621068835258 1.30212906002998 1.4045869410038 1.59446507692337 1.73248296976089 2.09203684329987 2.08091729879379 -9999 -9999 -9999 -9999
-9999 -9999 -9999 -9999 -9999 -9999 -9999 -9999 -9999 -9999 -9999 -9999 -9999 -9999 -9999 -9999 -9999 -9999 -9999 -9999 -9999 -9999 -9999 -9999 -9999 -9999 -9999 -9999 -9999 -9999 -9999 -9999 -9999 -9999 -9999 -9999 -9999 -9999 -9999 2.76784998178482 2.18348872661591 2.24786084890366 1.90387344360352 1.86995494365692 1.41737133264542 1.36247554421425 1.40357476472855 1.30296126008034 1.33576932549477 1.31052562594414 1.05692240595818 1.1094873547554 1.43629243969917 1.67664778232574 1.79902267456055 1.75169795751572 1.96497809886932 2.09675431251526 1.90326136350632 1.68966597318649 -9999 -9999
-9999 -9999 -9999 -9999 -9999 -9999 -9999 -9999 -9999 -9999 -9999 -9999 -9999 -9999 -9999 -9999 -9999 -9999 -9999 -9999 -9999 -9999 -9999 -9999 -9999 -9999 -9999 -9999 -9999 -9999 -9999 -9999 -9999 -9999 -9999 -9999 -9999 -9999 -9999 -9999 1.73755985498428 1.87503361701965 1.99571406841278 2.05398380756378 1.7976581454277 1.49221560359001 1.41326111555099 1.41692760586739 1.42918816208839 1.41959390044212 1.18831086158752 1.19942110776901 1.36435237526894 1.56456166505814 1.54370158910751 1.42436492443085 1.38311764597893 1.57631957530975 1.68874400854111 1.94560343027115 2.24346095323563 -9999
-9999 -9999 -9999 -9999 -9999 -9999 -9999 -9999 -9999 -9999 -9999 -9999 -9999 -9999 -9999 -9999 -9999 -9999 -9999 -9999 -9999 -9999 -9999 -9999 -9999 -9999 -9999 -9999 -9999 -9999 -9999 -9999 -9999 -9999 -9999 -9999 -9999 -9999 -9999 -9999 3.0262598991394 2.1145441532135 1.99376606941223 1.92599326372147 1.78643846511841 1.62627625465393 1.46493083238602 1.5053796172142 1.55908441543579 1.5668848156929 1.28929594159126 1.17871159315109 1.27004519104958 1.36220428347588 1.48127987980843 1.38936531543732 1.33585193753242 1.53330606222153 1.70154136419296 1.97713547945023 2.49156653881073 -9999
-9999 -9999 -9999 -9999 -9999 -9999 -9999 -9999 -9999 -9999 -9999 -9999 -9999 -9999 -9999 -9999 -9999 -9999 -9999 -9999 -9999 -9999 -9999 -9999 -9999 -9999 -9999 -9999 -9999 -9999 -9999 -9999 -9999 -9999 -9999 -9999 -9999 -9999 -9999 -9999 3.16249930858612 2.13260078430176 2.04998570680618 1.9073292016983 1.68472999334335 1.62515991926193 1.48737618327141 1.45197263360023 1.49324297904968 1.52614295482635 1.29857888817787 1.18613907694817 1.17342844605446 1.27799239754677 1.41782999038696 1.41537925601006 1.36722752451897 1.55015856027603 1.71374219655991 1.72941559553146 -9999 -9999
-9999 -9999 -9999 -9999 -9999 -9999 -9999 -9999 -9999 -9999 -9999 -9999 -9999 -9999 -9999 -9999 -9999 -9999 -9999 -9999 -9999 -9999 -9999 -9999 -9999 -9999 -9999 -9999 -9999 -9999 -9999 -9999 -9999 -9999 -9999 -9999 -9999 -9999 -9999 -9999 2.34740656614304 2.30746650695801 2.02424991130829 1.85021191835403 1.81576269865036 1.61860102415085 1.41917359828949 1.4158498942852 1.44413995742798 1.49922841787338 1.22913345694542 1.21716061234474 1.28497508168221 1.37847849726677 1.45731514692307 1.58720505237579 1.52661198377609 -9999 -9999 2.05480349063873 1.94237995147705 1.9951583147049
-9999 -9999 -9999 -9999 -9999 -9999 -9999 -9999 -9999 -9999 -9999 -9999 -9999 -9999 -9999 -9999 -9999 -9999 -9999 -9999 -9999 -9999 -9999 -9999 -9999 -9999 -9999 -9999 -9999 -9999 -9999 -9999 -9999 -9999 -9999 -9999 -9999 -9999 -9999 2.42212808132172 2.36356455087662 2.2391100525856 1.99421310424805 1.68879872560501 1.58551061153412 1.34015187621117 1.39724126458168 1.34637361764908 1.39230313897133 1.43365439772606 1.28074336051941 1.27984982728958 1.33897045254707 1.29781571030617 1.37411186099052 1.52051943540573 1.39073404669762 1.4715488255024 1.46700739860535 1.53724855184555 1.66753846406937 1.58949673175812
-9999 -9999 -9999 -9999 -9999 -9999 -9999 -9999 -9999 -9999 -9999 -9999 -9999 -9999 -9999 -9999 -9999 -9999 -9999 -9999 -9999 -9999 -9999 -9999 -9999 -9999 -9999 -9999 -9999 -9999 -9999 -9999 -9999 -9999 -9999 -9999 -9999 -9999 -9999 2.28529393672943 2.20397400856018 1.808180809021 1.57113415002823 1.5370826125145 1.34404903650284 1.14646580815315 1.34631559252739 1.20816314220428 1.19014620780945 1.15907058119774 1.13827282190323 1.15980130434036 1.21747612953186 1.35127454996109 1.46315994858742 1.42391467094421 1.41894847154617 1.42306047677994 1.38594174385071 1.40759092569351 1.36513674259186 1.3783577978611
-9999 -9999 -9999 -9999 -9999 -9999 -9999 -9999 -9999 -9999 -9999 -9999 -9999 -9999 -9999 -9999 -9999 -9999 -9999 -9999 -9999 -9999 -9999 -9999 -9999 -9999 -9999 -9999 -9999 -9999 -9999 -9999 -9999 -9999 -9999 -9999 -9999 -9999 2.70892095565796 2.59346491098404 1.89267736673355 1.42988553643227 1.38980859518051 1.35064816474915 1.10480323433876 1.14705267548561 1.25369176268578 1.07599899172783 1.09569597244263 1.01670527458191 1.02022817730904 1.13929018378258 1.28302609920502 1.30315724015236 1.26873376965523 1.26180955767632 1.24216032028198 1.23458325862885 1.26811400055885 1.34921845793724 1.27769055962563 1.27866554260254
-9999 -9999 -9999 -9999 -9999 -9999 -9999 -9999 -9999 -9999 -9999 -9999 -9999 -9999 -9999 -9999 -9999 -9999 -9999 -9999 -9999 -9999 -9999 -9999 -9999 -9999 -9999 -9999 -9999 -9999 -9999 -9999 -9999 -9999 -9999 -9999 -9999 -9999 2.35443609952927 2.11402130126953 1.73115473985672 1.36998161673546 1.27262306213379 1.17473039031029 1.16844007372856 1.29335600137711 1.17219007015228 1.06087616086006 1.01601469516754 0.944434583187103 0.985105097293854 1.05114743113518 1.18952035903931 1.23013034462929 1.155138194561 1.10078644752502 1.0764616727829 1.09730753302574 1.20375367999077 1.23005524277687 1.20729053020477 1.23932361602783
-9999 -9999 -9999 -9999 -9999 -9999 -9999 -9999 -9999 -9999 -9999 -9999 -9999 -9999 -9999 -9999 -9999 -9999 -9999 -9999 -9999 -9999 -9999 -9999 -9999 -9999 -9999 -9999 -9999 -9999 -9999 -9999 -9999 -9999 -9999 -9999 -9999 1.95318496227264 2.08496707677841 1.99244803190231 1.59761774539948 1.39108845591545 1.25410169363022 1.14865082502365 1.24170854687691 1.2417486011982 1.133968770504 1.04091864824295 0.947369456291199 1.03383439779282 1.11599019169807 1.18427413702011 1.23411360383034 1.21766379475594 1.1493381857872 1.0060650408268 0.909985721111298 0.965406060218811 1.03224545717239 1.12967902421951 1.17600685358047 1.22988349199295
-9999 -9999 -9999 -9999 -9999 -9999 -9999 -9999 -9999 -9999 -9999 -9999 -9999 -9999 -9999 -9999 -9999 -9999 -9999 -9999 -9999 -9999 -9999 -9999 -9999 -9999 -9999 -9999 -9999 -9999 -9999 -9999 -9999 -9999 -9999 -9999 1.8490355014801 2.00278151035309 1.85393786430359 1.67619520425797 1.37627336382866 1.22299683094025 1.1461628973484 1.1562180519104 1.15747672319412 1.06134286522865 0.990923702716827 0.922459602355957 0.92553636431694 0.970369845628738 1.07180169224739 1.15123254060745 1.17932698130608 1.20233720541 1.13409903645515 0.944404721260071 0.894790649414062 0.940728396177292 1.01437640190125 1.11124429106712 1.13262355327606 1.29248785972595
-9999 -9999 -9999 -9999 -9999 -9999 -9999 -9999 -9999 -9999 -9999 -9999 -9999 -9999 -9999 -9999 -9999 -9999 -9999 -9999 -9999 -9999 -9999 -9999 -9999 -9999 -9999 -9999 -9999 -9999 -9999 -9999 -9999 -9999 -9999 -9999 2.70614576339722 2.39014738798141 1.93343335390091 1.48055210709572 1.29412257671356 0.928474992513657 0.987024307250977 1.04972156882286 0.961937427520752 0.891903251409531 0.841143161058426 0.856640249490738 0.877582669258118 0.91148829460144 1.03087145090103 1.21735793352127 1.25267860293388 1.20767024159431 1.04410609602928 0.939914703369141 0.96313002705574 1.05577397346497 1.15010511875153 1.18261921405792 1.17175045609474 1.48764878511429
-9999 -9999 -9999 -9999 -9999 -9999 -9999 -9999 -9999 -9999 -9999 -9999 -9999 -9999 -9999 -9999 -9999 -9999 -9999 -9999 -9999 -9999 -9999 -9999 -9999 -9999 -9999 -9999 -9999 -9999 -9999 1.2791263461113 1.36790317296982 1.29696795344353 2.10493344068527 2.24456119537354 1.25450018048286 1.22157624363899 1.24517905712128 1.18657940626144 1.11600905656815 1.03357341885567 1.02227926254272 0.975357681512833 0.894752562046051 0.852186620235443 0.871823161840439 0.904539227485657 0.953340947628021 1.01058366894722 1.09227767586708 1.20809090137482 1.23066079616547 1.13668674230576 1.07012432813644 1.099419683218 1.23379004001617 1.42270785570145 1.59832692146301 1.77286076545715 1.84967494010925 3.02386629581451
-9999 -9999 -9999 -9999 -9999 -9999 -9999 -9999 -9999 -9999 -9999 -9999 -9999 -9999 -9999 -9999 -9999 -9999 -9999 -9999 -9999 -9999 0.346259817481041 1.42463287711143 1.36903032660484 1.44288620352745 1.69006079435349 1.54181295633316 1.42733269929886 1.22364592552185 1.09052968025208 1.09505000710487 1.11349636316299 1.10383942723274 1.28984946012497 1.35512405633926 1.22933265566826 1.14752286672592 0.987543135881424 0.925263673067093 0.962775439023972 0.846057057380676 0.834834516048431 0.866606712341309 0.91633540391922 0.96753591299057 1.01016560196877 1.0128485262394 1.05371931195259 1.07526594400406 1.15178418159485 1.27787232398987 1.34329631924629 1.38330334424973 1.47563686966896 1.53211677074432 1.67566913366318 1.97453516721725 2.41643458062952 -9999 -9999 -9999
-9999 -9999 -9999 -9999 -9999 -9999 -9999 -9999 -9999 -9999 -9999 -9999 -9999 -9999 -9999 -9999 -9999 -9999 -9999 -9999 -9999 -9999 2.04408723860979 1.54576992988586 1.28187999129295 1.21703866124153 1.20376145839691 1.06412798166275 1.04887354373932 0.992942333221436 0.922889560461044 0.886130154132843 0.92168390750885 0.941140472888947 0.98234286904335 0.989654213190079 0.895360976457596 0.846779733896255 0.864180654287338 0.847766518592834 0.830858945846558 0.834947794675827 0.832097411155701 0.825721353292465 0.910252153873444 1.00590938329697 1.1257139146328 1.20962092280388 1.27776896953583 1.25272107124329 1.35022670030594 1.57758128643036 1.82346367835999 1.93233203887939 2.08060187101364 2.31510919332504 -9999 -9999 -9999 -9999 -9999 -9999
-9999 -9999 -9999 -9999 -9999 -9999 -9999 -9999 -9999 -9999 -9999 -9999 -9999 -9999 -9999 -9999 -9999 -9999 -9999 1.70446854829788 1.19631618261337 1.11338138580322 0.825122505426407 0.893192499876022 0.817887514829636 0.747704565525055 0.648052766919136 0.639308229088783 0.6305882781744 0.67156121134758 0.659999147057533 0.652905061841011 0.748684197664261 0.884291589260101 0.922592997550964 0.913569420576096 0.861375689506531 0.84443923830986 0.827197998762131 0.833510935306549 0.933216065168381 1.01534029841423 1.03050899505615 1.04038667678833 1.02274256944656 1.09595972299576 1.25423723459244 1.42423921823502 1.69071596860886 1.7164791226387 1.81731176376343 2.03567093610764 -9999 -9999 -9999 -9999 -9999 -9999 -9999 -9999 -9999 -9999
-9999 -9999 -9999 -9999 -9999 -9999 -9999 -9999 -9999 -9999 -9999 -9999 -9999 -9999 -9999 -9999 -9999 2.12972742319107 1.84698235988617 1.39691850543022 1.07174062728882 0.764520943164825 0.647099956870079 0.70780286192894 0.606817960739136 0.603572845458984 0.639952942728996 0.65193709731102 0.669198587536812 0.676772072911263 0.710763975977898 0.752868354320526 0.816459327936172 0.883937895298004 0.960151970386505 0.947950959205627 0.901814550161362 0.87854853272438 0.854700028896332 0.882941365242004 1.05343472957611 1.29820927977562 1.24190327525139 1.16550582647324 1.17207822203636 1.27066603302956 1.47882610559464 1.91117423772812 2.23627263307571 1.67860615253448 1.54399502277374 1.4742514193058 -9999 -9999 -9999 -9999 -9999 -9999 -9999 -9999 -9999 -9999
-9999 -9999 -9999 -9999 -9999 -9999 -9999 -9999 -9999 -9999 -9999 -9999 -9999 -9999 1.89624345302582 1.84902119636536 1.52963054180145 1.3945859670639 1.21168738603592 0.856350481510162 0.669816076755524 0.621236488223076 0.619474411010742 0.584095403552055 0.607348591089249 0.617709964513779 0.621598765254021 0.697457358241081 0.739141792058945 0.842773228883743 0.8832828104496 0.909110963344574 0.874860495328903 0.889177590608597 1.079949259758 1.12855383753777 1.11830735206604 1.09495228528976 0.977609395980835 0.977943778038025 1.06485199928284 1.18471348285675 1.33080124855042 1.50555288791656 1.4501419365406 1.39362519979477 1.5599872469902 1.88244992494583 1.93312686681747 1.86369431018829 1.61618363857269 3.25033450126648 -9999 -9999 -9999 -9999 -9999 -9999 -9999 -9999 -9999 -9999
-9999 -9999 -9999 -9999 -9999 -9999 -9999 -9999 -9999 -9999 -9999 -9999 1.48352935910225 1.14320710301399 1.06080365180969 0.91915825009346 0.837041616439819 0.818517208099365 0.707589894533157 0.667234763503075 0.625954985618591 0.592397332191467 0.573659062385559 0.56654280424118 0.601837679743767 0.628642156720161 0.622958019375801 0.668434426188469 0.785993993282318 0.953009337186813 1.06290113925934 0.971143394708633 0.964101523160934 1.00210225582123 1.04588431119919 1.12647378444672 1.16194340586662 1.08219972252846 1.05803927779198 1.09608140587807 1.17058807611465 1.23422133922577 1.60201728343964 1.88690793514252 1.48137375712395 1.35912019014359 1.41742497682571 1.53098094463348 1.60830670595169 1.78968089818954 1.61391822248697 -9999 -9999 -9999 -9999 -9999 -9999 4.20670258998871 2.94928103685379 3.02420032024384 2.9459930062294 -9999
-9999 -9999 -9999 -9999 -9999 -9999 -9999 -9999 -9999 1.5756071805954 1.35651227831841 1.1396192908287 0.911467641592026 0.735835522413254 0.671137422323227 0.658218383789062 0.682760283350945 0.664139583706856 0.640393316745758 0.615559861063957 0.60564498603344 0.587324917316437 0.575645908713341 0.648275077342987 0.671493217349052 0.681843727827072 0.709612771868706 0.751568108797073 0.91680970788002 0.93352147936821 1.0003747344017 1.02685895562172 1.02824467420578 1.00556749105453 0.991489827632904 0.994599491357803 1.0994980931282 1.00702285766602 0.989069223403931 1.08146971464157 1.0694982111454 1.16517707705498 1.28177985548973 1.47908610105515 1.44102689623833 1.25695824623108 1.12477040290833 1.18749511241913 1.27433484792709 1.09876790642738 1.21912094950676 1.77512186765671 2.0525044798851 2.65788173675537 1.58489924669266 1.68383860588074 1.70232760906219 2.39526969194412 2.1341570019722 2.11999851465225 2.91758054494858 3.93851651251316
-9999 -9999 -9999 -9999 -9999 1.22929868102074 1.18401342630386 1.14297688007355 1.12443476915359 1.03558275103569 0.918027430772781 0.796438336372375 0.680284604430199 0.661323085427284 0.680421084165573 0.66015350818634 0.657774791121483 0.615533977746964 0.596695840358734 0.604708090424538 0.572007223963737 0.593206956982613 0.682380124926567 0.702881768345833 0.623634427785873 0.641903176903725 0.680179864168167 0.914986342191696 0.935269474983215 1.02931264042854 1.07753285765648 1.04905065894127 1.03572043776512 1.01960662007332 1.02131545543671 1.0466910302639 1.07612773776054 1.15850454568863 1.26286751031876 1.26337516307831 1.17551985383034 1.15830266475677 1.21182855963707 1.28476747870445 1.36374199390411 1.30633753538132 1.28338837623596 1.19963479042053 1.14508840441704 1.12542504072189 1.14085784554482 1.18696188926697 1.31851288676262 1.41700619459152 1.44125032424927 1.46168652176857 1.4727745950222 1.55535846948624 1.74981182813644 1.95354795455933 2.13910317420959 2.14907455444336
-9999 -9999 -9999 -9999 -9999 0.657268881797791 0.747451901435852 0.785439938306808 0.760599553585052 0.706117138266563 0.670121222734451 0.675879120826721 0.662084743380547 0.670460656285286 0.675476387143135 0.661376595497131 0.607690796256065 0.576277300715446 0.587112531065941 0.583292931318283 0.616147980093956 0.710815608501434 0.721737071871758 0.793112307786942 0.718174338340759 0.626415878534317 0.691158592700958 0.755599290132523 0.859662294387817 1.12950700521469 1.07596528530121 1.00806006789207 1.0581157207489 0.979424089193344 0.977104246616364 0.950433790683746 0.988510608673096 1.18041023612022 1.39454045891762 1.39869698882103 1.27564975619316 1.11526626348495 1.15186008810997 1.35061186552048 1.36218282580376 1.36709985136986 1.46408128738403 1.46151852607727 1.3728643655777 1.25888460874557 1.23484995961189 1.21252718567848 1.20636695623398 1.22652447223663 1.29526457190514 1.40054404735565 1.4561153948307 1.45219248533249 1.47866410017014 1.63891839981079 1.78490710258484 1.89622020721436
-9999 -9999 -9999 -9999 -9999 0.589940115809441 0.74098764359951 0.678359940648079 0.622496590018272 0.566321656107903 0.560435056686401 0.51831042766571 0.566177532076836 0.641835272312164 0.683720290660858 0.712020367383957 0.647439658641815 0.562437236309052 0.603866949677467 0.617106825113297 0.592075690627098 0.644573405385017 0.643390774726868 0.702135264873505 0.655819550156593 0.630277678370476 0.676913648843765 0.822848260402679 1.00911676883698 1.05827629566193 1.01048657298088 0.980857372283936 1.04794138669968 1.0211286842823 1.02492946386337 0.967596620321274 0.949737936258316 1.02004051208496 1.27141410112381 1.2323545217514 1.16844508051872 1.19351229071617 1.11528208851814 1.20200818777084 1.22343975305557 1.31794273853302 1.27660059928894 1.28418901562691 1.3917398750782 1.46433207392693 1.33176764845848 1.16745203733444 1.10272639989853 1.13124024868011 1.15849354863167 1.26487612724304 1.24699607491493 1.1938591003418 1.33963143825531 1.6191753745079 1.89932191371918 2.06610953807831
-9999 -9999 -9999 -9999 -9999 0.5505231320858 0.627833381295204 0.562670588493347 0.50158104300499 0.443200394511223 0.412747889757156 0.411264315247536 0.375961527228355 0.554426640272141 0.622358903288841 0.607686683535576 0.557640999555588 0.539523079991341 0.551551759243011 0.592565909028053 0.620670765638351 0.634253785014153 0.638873398303986 0.642329782247543 0.722491756081581 0.739078357815742 0.800815969705582 0.862114548683167 1.10932928323746 0.963255017995834 0.966691553592682 0.905747294425964 0.906533807516098 0.968473702669144 1.06451895833015 1.02533170580864 1.01110151410103 1.11778825521469 1.21077972650528 1.18229922652245 1.10874143242836 1.20308563113213 1.21445828676224 1.27988469600677 1.25832456350327 1.29126727581024 1.14840093255043 1.00108096003532 1.04826816916466 1.20098152756691 1.11667343974113 1.26126551628113 1.14479836821556 1.08310407400131 1.12885648012161 1.2215182185173 1.27952626347542 1.27964419126511 1.4952697455883 1.80319529771805 2.21098440885544 2.38862389326096
-9999 -9999 -9999 -9999 -9999 0.483046039938927 0.516539320349693 0.485785782337189 0.526976466178894 0.48590312898159 0.469675987958908 0.438950523734093 0.397620365023613 0.406261414289474 0.489654466509819 0.466846570372581 0.427718415856361 0.440122917294502 0.476076856255531 0.551634147763252 0.557216942310333 0.552110016345978 0.537197917699814 0.718773633241653 1.03352871537209 0.854758054018021 0.858357667922974 0.930790543556213 1.04779458045959 1.09658727049828 0.976510405540466 0.860682338476181 0.89760348200798 1.01193210482597 1.00982281565666 1.00572118163109 1.14560839533806 1.20583999156952 1.19147917628288 1.11738923192024 1.15518397092819 1.2911391556263 1.22724696993828 1.26041230559349 1.18407717347145 1.17963874340057 1.08388522267342 0.895769119262695 0.856658488512039 0.868617027997971 0.910498738288879 1.13213673233986 1.07149332761765 1.09393179416656 1.25600579380989 1.48632913827896 1.43483886122704 1.30140683054924 1.32519203424454 1.68498855829239 2.1642347574234 2.35191804170609
