EcologicalScience/Bass/data/rs_data_bass/chl_443.asc
NCOLS 226 
NROWS 124 
XLLCORNER -9.41648524995501 
YLLCORNER 47.587301625531 
CELLSIZE 0.0833 
NODATA_value -9999 
[rows 0 to 27 of 124, columns 61 to 121 of 226]
-9999 -9999 -9999 -9999 -9999 -9999 -9999 -9999 -9999 -9999 -9999 -9999 -9999 -9999 -9999 -9999 -9999 -9999 -9999 -9999 -9999 -9999 -9999 -9999 -9999 -9999 -9999 -9999 -9999 -9999 -9999 -9999 -9999 -9999 -9999 -9999 -9999 -9999 -9999 -9999 -9999 -9999 -9999 -9999 -9999 -9999 -9999 -9999 -9999 -9999 -9999 -9999 -9999 -9999 -9999 -9999 -9999 -9999 -9999 -9999 -9999
-9999 -9999 -9999 -9999 -9999 -9999 -9999 -9999 -9999 -9999 -9999 -9999 -9999 -9999 -9999 -9999 -9999 -9999 -9999 -9999 -9999 -9999 -9999 -9999 -9999 -9999 -9999 -9999 -9999 -9999 -9999 -9999 -9999 -9999 -9999 -9999 -9999 -9999 -9999 -9999 -9999 -9999 -9999 -9999 -9999 -9999 -9999 -9999 -9999 -9999 -9999 -9999 -9999 -9999 -9999 -9999 -9999 -9999 -9999 -9999 -9999
-9999 -9999 -9999 -9999 -9999 -9999 -9999 -9999 -9999 -9999 -9999 -9999 -9999 -9999 -9999 -9999 -9999 -9999 -9999 -9999 -9999 -9999 -9999 -9999 -9999 -9999 -9999 -9999 -9999 -9999 -9999 -9999 -9999 -9999 -9999 -9999 -9999 -9999 -9999 -9999 -9999 -9999 -9999 -9999 -9999 -9999 -9999 -9999 -9999 -9999 -9999 -9999 -9999 -9999 -9999 -9999 -9999 -9999 -9999 -9999 -9999
-9999 -9999 -9999 -9999 -9999 -9999 -9999 -9999 -9999 -9999 -9999 -9999 -9999 -9999 -9999 -9999 -9999 -9999 -9999 -9999 -9999 -9999 -9999 -9999 -9999 -9999 -9999 -9999 -9999 -9999 -9999 -9999 -9999 -9999 -9999 -9999 -9999 -9999 -9999 -9999 -9999 -9999 -9999 -9999 -9999 -9999 -9999 -9999 -9999 -9999 -9999 -9999 -9999 -9999 -9999 -9999 -9999 -9999 -9999 -9999 -9999
-9999 -9999 -9999 -9999 -9999 -9999 -9999 -9999 -9999 -9999 -9999 -9999 -9999 -9999 -9999 -9999 -9999 -9999 -9999 -9999 -9999 -9999 -9999 -9999 -9999 -9999 -9999 -9999 -9999 -9999 -9999 -9999 -9999 -9999 -9999 -9999 -9999 -9999 -9999 -9999 -9999 -9999 -9999 -9999 -9999 -9999 -9999 -9999 -9999 -9999 -9999 -9999 -9999 -9999 -9999 -9999 -9999 -9999 -9999 -9999 -9999
-9999 -9999 -9999 -9999 -9999 -9999 -9999 -9999 -9999 -9999 -9999 -9999 -9999 -9999 -9999 -9999 -9999 -9999 -9999 -9999 -9999 -9999 -9999 -9999 -9999 -9999 -9999 -9999 -9999 0.63735419511795 1.44759445893068 1.46895450353622 0.672584503889084 0.989329487085342 1.10184824466705 1.31386578083038 1.04487374424934 0.942116975784302 0.552400499582291 0.533880740404129 0.524469003081322 0.52529177069664 0.51927150785923 0.516848266124725 0.50578348338604 0.546971261501312 0.55681349337101 0.561050266027451 0.603557243943214 0.658173769712448 0.636291012167931 0.651041239500046 0.601052239537239 0.582797259092331 0.580857753753662 0.568506002426147 0.540321752429008 0.543325513601303 0.610616996884346 0.726696744561195 0.585534766316414
-9999 -9999 -9999 -9999 -9999 -9999 -9999 -9999 -9999 -9999 -9999 -9999 -9999 -9999 -9999 -9999 -9999 -9999 -9999 -9999 -9999 -9999 -9999 -9999 -9999 -9999 -9999 1.18186515569687 1.0627324283123 1.20551812648773 1.37934824824333 1.3270882666111 1.20345604419708 0.647575870156288 0.696382887661457 0.626745745539665 0.643839731812477 0.602654993534088 0.558462738990784 0.546671256422997 0.570085510611534 0.576227232813835 0.550050750374794 0.526113733649254 0.502763986587524 0.535473749041557 0.576904490590096 0.623910740017891 0.647013008594513 0.6575947701931 0.668572515249252 0.648568511009216 0.599397763609886 0.555742487311363 0.531136482954025 0.501208484172821 0.497626483440399 0.51128925383091 0.560380518436432 0.574623763561249 0.542919740080833
-9999 -9999 -9999 -9999 -9999 -9999 -9999 -9999 -9999 -9999 -9999 -9999 -9999 -9999 -9999 -9999 -9999 -9999 -9999 -9999 -9999 -9999 -9999 -9999 -9999 -9999 -9999 1.18186515569687 1.28109057247639 1.2207972407341 2.328085064888 1.2472725212574 1.17301797866821 0.938649773597717 3.46495765447617 4.26674342155457 0.631770730018616 0.56471773982048 0.57294300198555 0.580492481589317 0.545758500695229 0.556532263755798 0.54926173388958 0.531228750944138 0.506238743662834 0.531360760331154 0.721580252051353 0.669897750020027 0.660333752632141 0.638444244861603 0.627939015626907 0.66212323307991 0.631156504154205 0.583493247628212 0.484818756580353 0.446761518716812 0.430181264877319 0.409916236996651 0.398667767643929 0.406464010477066 0.42525976896286
-9999 -9999 -9999 -9999 -9999 -9999 -9999 -9999 -9999 -9999 -9999 -9999 -9999 -9999 -9999 -9999 -9999 -9999 -9999 -9999 -9999 -9999 -9999 -9999 -9999 -9999 -9999 1.8313253567769 2.06774318218231 1.55909693241119 1.19861921668053 1.19054022431374 1.08581775426865 0.988581776618958 0.954238504171371 0.68904148042202 0.531650260090828 0.5845777541399 0.602296516299248 0.600109487771988 0.574206009507179 0.582611247897148 0.591649487614632 0.552618741989136 0.532223984599113 0.614782512187958 0.725151747465134 0.681197986006737 0.66210526227951 0.670704737305641 0.586946994066238 0.558205515146255 0.568168491125107 0.552076488733292 0.474447011947632 0.444152981042862 0.430404737591743 0.415814235806465 0.37772624194622 0.380997017025948 0.396430492401123
-9999 -9999 -9999 -9999 -9999 -9999 -9999 -9999 -9999 -9999 -9999 -9999 -9999 -9999 -9999 -9999 -9999 -9999 -9999 -9999 -9999 -9999 -9999 -9999 -9999 -9999 1.19121462106705 1.94857460260391 2.16871118545532 1.87871325016022 1.68504220247269 1.29803922772408 0.948843777179718 0.890586018562317 0.950898706912994 0.826173037290573 0.769503772258759 0.636263251304626 0.686832770705223 0.608900249004364 0.54390674829483 0.557739749550819 0.54781499505043 0.522728249430656 0.50202901661396 0.53744101524353 0.683709740638733 0.670510500669479 0.641010761260986 0.639123737812042 0.576471760869026 0.536429241299629 0.529482007026672 0.517551764845848 0.465261742472649 0.447688490152359 0.451364234089851 0.445602759718895 0.36939749121666 0.363983251154423 0.357323259115219
-9999 -9999 -9999 -9999 -9999 -9999 -9999 -9999 -9999 -9999 -9999 -9999 -9999 -9999 -9999 -9999 -9999 -9999 -9999 -9999 -9999 -9999 -9999 -9999 -9999 -9999 1.4256501942873 1.08660037815571 1.69501572847366 2.00988006591797 1.3100677728653 0.925899714231491 0.969371259212494 0.885356247425079 0.676401749253273 0.601689755916595 0.610398754477501 0.693025499582291 0.688614740967751 0.644489988684654 0.616335019469261 0.615605235099792 0.559216484427452 0.527750998735428 0.527063235640526 0.497641503810883 0.617651984095573 0.653054997324944 0.62423774600029 0.570841491222382 0.532024517655373 0.516365244984627 0.51741524040699 0.500526756048203 0.484166979789734 0.50483626127243 0.452652007341385 0.396954730153084 0.370435506105423 0.370657503604889 0.383632510900497
-9999 -9999 -9999 -9999 -9999 -9999 -9999 -9999 -9999 -9999 -9999 -9999 -9999 -9999 -9999 -9999 -9999 -9999 -9999 -9999 -9999 -9999 -9999 -9999 -9999 1.31647038459778 1.37239426374435 1.11314249038696 1.2039629817009 1.08178049325943 1.03378647565842 0.961739212274551 0.863491505384445 0.888014227151871 0.845801264047623 0.686490744352341 0.599475771188736 0.659345984458923 0.634318515658379 0.574525505304337 0.559519484639168 0.557306259870529 0.535099491477013 0.528080239892006 0.52003875374794 0.512175768613815 0.526055261492729 0.569358006119728 0.583359003067017 0.548840269446373 0.51273974776268 0.498137980699539 0.47606398165226 0.493905007839203 0.483322486281395 0.472796246409416 0.447703510522842 0.370110757648945 0.360764242708683 0.359429240226746 0.344622753560543
-9999 -9999 -9999 -9999 -9999 -9999 -9999 -9999 -9999 -9999 -9999 -9999 -9999 -9999 -9999 -9999 -9999 -9999 -9999 -9999 -9999 -9999 -9999 -9999 1.50594073534012 1.19748486578465 1.1078006029129 1.07378625869751 1.01117625832558 1.10069024562836 1.04245045781136 0.941710531711578 0.847833752632141 0.793759524822235 0.744803979992867 0.693723767995834 0.552803233265877 0.549635991454124 0.515859737992287 0.464680507779121 0.411061495542526 0.393173977732658 0.409773007035255 0.445422738790512 0.450209990143776 0.463052988052368 0.493249520659447 0.504227980971336 0.493380010128021 0.48871573805809 0.478789508342743 0.475753515958786 0.442966505885124 0.424259260296822 0.402876734733582 0.38842499256134 0.362380497157574 0.346680745482445 0.350272491574287 0.341383494436741 0.318215243518353
-9999 -9999 -9999 -9999 -9999 -9999 -9999 -9999 -9999 -9999 -9999 -9999 -9999 -9999 -9999 -9999 -9999 -9999 -9999 -9999 -9999 -9999 -9999 4.08655881881714 1.29835850000381 1.17964753508568 1.05690973997116 0.949708521366119 0.756089001893997 0.722153261303902 0.862295240163803 0.673548728227615 0.696320235729218 0.711636766791344 0.6419857442379 0.62711401283741 0.474784478545189 0.446205765008926 0.404439747333527 0.396205499768257 0.404291242361069 0.392386481165886 0.386124014854431 0.388202235102654 0.399929255247116 0.425707519054413 0.445972502231598 0.467816233634949 0.444879770278931 0.43121400475502 0.454456508159637 0.491468980908394 0.478726521134377 0.435339018702507 0.388289228081703 0.35453999787569 0.352561511099339 0.345315009355545 0.34171499311924 0.340134747326374 0.333776257932186
-9999 -9999 -9999 -9999 -9999 -9999 -9999 -9999 -9999 -9999 -9999 -9999 -9999 -9999 -9999 -9999 -9999 -9999 -9999 -9999 -9999 2.64602583646774 2.2075896043191 1.86113202571869 1.66747176647186 0.962998002767563 0.580017015337944 0.640095010399818 0.674022763967514 0.645365238189697 0.614182502031326 0.637352988123894 0.659039989113808 0.622411519289017 0.554351270198822 0.559737771749496 0.554454758763313 0.423832520842552 0.385667234659195 0.354248240590096 0.352233745157719 0.371307760477066 0.382383763790131 0.381722241640091 0.384830251336098 0.406521007418633 0.416681259870529 0.436219498515129 0.429940491914749 0.415376991033554 0.401204243302345 0.395258992910385 0.395574733614922 0.393021762371063 0.37355250120163 0.346055991947651 0.348540008068085 0.369330748915672 0.347984254360199 0.358139991760254 0.366933010518551
-9999 -9999 -9999 -9999 -9999 -9999 -9999 -9999 -9999 -9999 -9999 -9999 -9999 -9999 -9999 -9999 -9999 -9999 -9999 -9999 -9999 2.36672552329738 2.01306170225143 1.9582409620285 1.6963132917881 1.68567451834679 0.786843717098236 0.957563996315002 0.753508508205414 0.583730265498161 0.520924508571625 0.52121776342392 0.544146001338959 0.538342505693436 0.573405012488365 0.596113488078117 0.573365271091461 0.48063151538372 0.433905735611916 0.389726981520653 0.3646424934268 0.372381739318371 0.368960246443748 0.365851499140263 0.376488760113716 0.382458731532097 0.394049271941185 0.411954000592232 0.417329236865044 0.403280988335609 0.394190266728401 0.382658243179321 0.378002241253853 0.369567006826401 0.359363995492458 0.3437564894557 0.344655744731426 0.35130076110363 0.347501255571842 0.345609001815319 0.347640752792358
-9999 -9999 -9999 -9999 -9999 -9999 -9999 -9999 -9999 -9999 -9999 -9999 -9999 -9999 -9999 -9999 -9999 -9999 -9999 -9999 4.52308901718685 1.99870759248734 1.45159500837326 1.17960625886917 1.43396544456482 1.3137941211462 1.07840251922607 1.05969598889351 0.947173476219177 0.713875517249107 0.589011758565903 0.613061249256134 0.612299993634224 0.611951261758804 0.608868733048439 0.649816498160362 0.706304267048836 0.599655747413635 0.52429273724556 0.444435015320778 0.382524758577347 0.376007258892059 0.375313505530357 0.36420600861311 0.36523499339819 0.381903737783432 0.382555514574051 0.378456741571426 0.398369237780571 0.421347767114639 0.408784478902817 0.384155228734016 0.374364741146564 0.362888999283314 0.348578989505768 0.349259242415428 0.362007759511471 0.343217991292477 0.338415741920471 0.34696950763464 0.34112099558115
-9999 -9999 -9999 -9999 -9999 -9999 -9999 -9999 -9999 -9999 -9999 -9999 -9999 -9999 -9999 -9999 -9999 -9999 -9999 3.00469601154327 3.34391167759895 1.48831880092621 1.0219247341156 1.29165002703667 0.850802987813949 1.21261650323868 1.21665152907372 0.890300989151001 1.05032470822334 0.877447485923767 0.738966733217239 0.678989231586456 0.634476765990257 0.549033746123314 0.52582123875618 0.549735009670258 0.592708513140678 0.538547247648239 0.564938262104988 0.411426767706871 0.363489747047424 0.361894503235817 0.367604993283749 0.357456006109715 0.363421507179737 0.367128007113934 0.400253266096115 0.425356507301331 0.426819741725922 0.405038997530937 0.383273988962173 0.371744245290756 0.371297255158424 0.368453241884708 0.361208997666836 0.358844250440598 0.361241988837719 0.354345001280308 0.346836000680923 0.342597752809525 0.339903004467487
-9999 -9999 -9999 -9999 -9999 -9999 -9999 -9999 -9999 -9999 -9999 -9999 -9999 -9999 -9999 -9999 -9999 -9999 35.6637634567068 3.87234044075012 2.21223801374435 1.04142299294472 1.15126875042915 1.11845102906227 1.14702898263931 1.20712271332741 0.594632998108864 0.576438769698143 0.595464751124382 0.67281599342823 0.631116762757301 0.559529989957809 0.573497995734215 0.59187975525856 0.540818229317665 0.498752251267433 0.508495509624481 0.459976494312286 0.513866990804672 0.431261256337166 0.364596739411354 0.349542751908302 0.357426010072231 0.353786252439022 0.362506493926048 0.369775503873825 0.395643755793571 0.382583990693092 0.381831005215645 0.395860478281975 0.393783733248711 0.387519747018814 0.379661232233047 0.379401013255119 0.381129741668701 0.369309760630131 0.367746748030186 0.367778241634369 0.372268505394459 0.364180505275726 0.365641504526138
-9999 -9999 -9999 -9999 -9999 -9999 -9999 -9999 -9999 -9999 -9999 -9999 -9999 -9999 -9999 -9999 -9999 -9999 -9999 -9999 3.66896867752075 0.722184017300606 0.903621017932892 1.06247171759605 1.14473247528076 0.703149735927582 0.314355757087469 0.501430481672287 0.435494989156723 0.403516486287117 0.504025518894196 0.522845238447189 0.457613244652748 0.432447016239166 0.450615763664246 0.452296480536461 0.448015496134758 0.403262257575989 0.410867258906364 0.384257242083549 0.374897249042988 0.366023249924183 0.366638258099556 0.363649494946003 0.364230751991272 0.364023752510548 0.361879505217075 0.367151990532875 0.372607491910458 0.384401991963387 0.381666764616966 0.380124762654305 0.387455239892006 0.391257762908936 0.401701480150223 0.396642744541168 0.396167233586311 0.396571487188339 0.385480508208275 0.385087519884109 0.375902250409126
-9999 -9999 -9999 -9999 -9999 -9999 -9999 -9999 -9999 -9999 -9999 -9999 -9999 -9999 -9999 -9999 4.38974290544336 4.95874627069994 46.6919561658587 0.446981996297836 0.635546252131462 0.606051743030548 0.643993511795998 0.808760732412338 1.04222099483013 0.580060496926308 0.433347746729851 0.475587755441666 0.497944504022598 0.491454005241394 0.465554237365723 0.438335984945297 0.429313480854034 0.435872241854668 0.451613232493401 0.445932760834694 0.410021245479584 0.378543734550476 0.390672013163567 0.393315017223358 0.37983450293541 0.37432949244976 0.381854251027107 0.376770749688148 0.382596015930176 0.379642501473427 0.374006241559982 0.376323759555817 0.38995273411274 0.379079237580299 0.381699755787849 0.383819997310638 0.389919742941856 0.407428488135338 0.413206502795219 0.408070519566536 0.405585005879402 0.4089615046978 0.4037114828825 0.409626021981239 0.406315505504608
-9999 -9999 -9999 -9999 -9999 -9999 -9999 -9999 -9999 -9999 -9999 35.2986888885498 35.2986888885498 13.7248649597168 17.9351088702679 2.23545320034027 1.03321528434753 1.22732099890709 0.857489973306656 0.451813504099846 0.450897753238678 0.513850495219231 0.43911188095808 0.464197129011154 0.371045999228954 0.415295988321304 0.422896519303322 0.459560617804527 0.488260857760906 0.444899260997772 0.426617234945297 0.41024999320507 0.417456731200218 0.423336759209633 0.423690766096115 0.417025521397591 0.415150478482246 0.400084510445595 0.384617999196053 0.387695252895355 0.388665765523911 0.39673125743866 0.392445757985115 0.40293225646019 0.410556748509407 0.406478986144066 0.39759823679924 0.395765259861946 0.392012983560562 0.365761511027813 0.382719755172729 0.387940496206284 0.397479727864265 0.403956770896912 0.403522521257401 0.397244989871979 0.412218734622002 0.400095731019974 0.398689493536949 0.412886247038841 0.398871749639511
-9999 -9999 -9999 -9999 -9999 -9999 -9999 -9999 -9999 -9999 -9999 35.2986888885498 10.8855308346126 3.87056366034916 1.78235751390457 1.28958374261856 1.61542645096779 1.92886767217091 22.1051152068026 3.86366958864804 2.08448002840343 10.0604963600636 0.466518759727478 0.378103494644165 0.389252990484238 0.402144759893417 0.410486251115799 0.403832271695137 0.422327265143394 0.432775497436523 0.450899988412857 0.393604516983032 0.413191482424736 0.399602249264717 0.41329725086689 0.413475751876831 0.420513734221458 0.440451756119728 0.442291483283043 0.412440732121468 0.407547757029533 0.40709625184536 0.428504258394241 0.43767973780632 0.440036237239838 0.430694997310638 0.419745728373528 0.416908487677574 0.418402478098869 0.416478753089905 0.401649758219719 0.408019512891769 0.406201511621475 0.409470766782761 0.396459728479385 0.390927001833916 0.388064995408058 0.385130256414413 0.395189255475998 0.397260010242462 0.398355022072792
-9999 -9999 -9999 -9999 -9999 -9999 -9999 -9999 -9999 -9999 -9999 -9999 -9999 -9999 12.2241386175156 12.46469861269 4.69256354123354 -9999 -9999 -9999 -9999 -9999 -9999 3.10453837364912 0.742022091150284 0.436175242066383 0.394389733672142 0.404464513063431 0.416374504566193 0.418437749147415 0.431350484490395 0.412894517183304 0.404402241110802 0.382451266050339 0.400355234742165 0.439560770988464 0.426717728376389 0.447501763701439 0.472889989614487 0.477660745382309 0.451670989394188 0.453133508563042 0.475788742303848 0.469193235039711 0.469805270433426 0.470603987574577 0.460818752646446 0.457420483231544 0.405104979872704 0.41897477209568 0.428403005003929 0.419025018811226 0.41312849521637 0.402270019054413 0.384915769100189 0.384976521134377 0.390863254666328 0.37449000030756 0.367439992725849 0.380724012851715 0.377426236867905
-9999 -9999 -9999 -9999 -9999 -9999 -9999 -9999 -9999 -9999 -9999 -9999 -9999 -9999 16.6274771690369 16.6274771690369 16.6274771690369 -9999 -9999 -9999 -9999 -9999 -9999 4.94490551948547 4.94490551948547 4.94490551948547 0.308659605681896 2.54793256521225 0.512591421604156 0.509017132222652 0.386268764734268 0.396350249648094 0.398538753390312 0.410659521818161 0.394652992486954 0.411167979240417 0.430713012814522 0.445288494229317 0.469989761710167 0.4777462631464 0.472839742898941 0.466263771057129 0.486354008316994 0.506334766745567 0.504137992858887 0.501283496618271 0.479780271649361 0.423035994172096 0.421220988035202 0.430078491568565 0.447360008955002 0.420678734779358 0.410696268081665 0.394647762179375 0.38544599711895 0.381804004311562 0.379693508148193 0.383331745862961 0.375785261392593 0.365118004381657 0.349216505885124
-9999 -9999 -9999 -9999 -9999 -9999 -9999 -9999 -9999 -9999 -9999 -9999 -9999 -9999 -9999 -9999 -9999 -9999 -9999 -9999 -9999 -9999 -9999 -9999 -9999 -9999 -9999 1.49265998974442 0.784553092718124 0.874004647135735 0.754605174064636 0.467488512396812 0.390757486224174 0.359566502273083 0.354129754006863 0.369965247809887 0.401681989431381 0.419147238135338 0.428102239966393 0.458582997322083 0.458919748663902 0.484777495265007 0.497750267386436 0.533856734633446 0.513484507799149 0.50815723836422 0.481812000274658 0.444290265440941 0.48582749068737 0.494135230779648 0.440835759043694 0.44328448176384 0.432000741362572 0.400616258382797 0.374374508857727 0.361388996243477 0.333925500512123 0.34715024381876 0.351634494960308 0.348865494132042 0.334913246333599
-9999 -9999 -9999 -9999 -9999 -9999 -9999 -9999 -9999 -9999 -9999 -9999 -9999 -9999 -9999 -9999 -9999 -9999 -9999 -9999 -9999 -9999 -9999 -9999 -9999 -9999 -9999 -9999 1.73230396693861 2.30465430021286 1.53031893074512 1.32519804686308 0.41627249121666 0.36887700855732 0.386490762233734 0.391796261072159 0.407091021537781 0.43036875128746 0.441218242049217 0.429268509149551 0.457673996686935 0.45643575489521 0.428594246506691 0.404213234782219 0.382967993617058 0.407284498214722 0.41695274412632 0.422688737511635 0.491287484765053 0.480019479990005 0.488881498575211 0.461415767669678 0.421274989843369 0.364263743162155 0.353783257305622 0.301252506673336 0.314674504101276 0.318340502679348 0.313296005129814 0.310513503849506 0.302760757505894
-9999 -9999 -9999 -9999 -9999 -9999 -9999 -9999 -9999 -9999 -9999 -9999 -9999 -9999 -9999 -9999 -9999 -9999 -9999 -9999 -9999 -9999 -9999 -9999 -9999 -9999 -9999 -9999 -9999 -9999 5.17883124558822 2.22573035955429 1.82817882299423 0.539760008454323 0.504338264465332 0.437853008508682 0.400533020496368 0.416681259870529 0.401704519987106 0.393737241625786 0.405728235840797 0.396551996469498 0.395947515964508 0.405290991067886 0.424613982439041 0.459034502506256 0.475292265415192 0.448722749948502 0.503219246864319 0.487957522273064 0.470385745167732 0.422331020236015 0.409762501716614 0.412528485059738 0.407723978161812 0.331504493951797 0.336520493030548 0.306325502693653 0.298113740980625 0.293239496648312 0.281868740916252
