EcologicalScience/Bass/data/rs_data_bass/chl_86.asc
NCOLS 226 
NROWS 124 
XLLCORNER -9.41648524995501 
YLLCORNER 47.587301625531 
CELLSIZE 0.0833 
NODATA_value -9999 
[rows 54 to 80 of 124, columns 0 to 61 of 226]
-9999 -9999 -9999 -9999 -9999 -9999 -9999 -9999 -9999 -9999 -9999 -9999 -9999 -9999 -9999 -9999 -9999 -9999 -9999 -9999 -9999 -9999 -9999 -9999 -9999 -9999 -9999 -9999 -9999 -9999 -9999 -9999 -9999 -9999 -9999 -9999 -9999 -9999 4.47711699987313 2.39442223310471 1.846109063729 1.94098426401615 1.64683610200882 1.44465352480228 1.40212151408195 1.32745555788279 1.29338181763887 1.31579317897558 1.30899311602116 1.27316744625568 1.46574455073902 1.41950267979077 1.51935103764901 1.62428642596517 1.50867713185457 1.61059370866189 1.78228596540598 2.51112639904022 -9999 0.607058599591255 0.62790758907795 0.875188773740893
-9999 -9999 -9999 -9999 -9999 -9999 -9999 -9999 -9999 -9999 -9999 -9999 -9999 -9999 -9999 -9999 -9999 -9999 -9999 -9999 -9999 -9999 -9999 -9999 -9999 -9999 -9999 -9999 -9999 -9999 -9999 -9999 -9999 -9999 -9999 -9999 -9999 -9999 -9999 2.82361200608705 1.98947876691818 1.9853159070015 1.67458094083346 1.66184650017665 1.44770801067352 1.43097800016403 1.33804951608181 1.32230827957392 1.89436800777912 1.64613991550037 1.19975899045284 1.25348192453384 1.31379267147609 1.35193773645621 1.72241434225669 1.75968051415223 1.85677157342434 -9999 -9999 -9999 -9999 -9999
-9999 -9999 -9999 -9999 -9999 -9999 -9999 -9999 -9999 -9999 -9999 -9999 -9999 -9999 -9999 -9999 -9999 -9999 -9999 -9999 -9999 -9999 -9999 -9999 -9999 -9999 -9999 -9999 -9999 -9999 -9999 -9999 -9999 -9999 -9999 -9999 -9999 -9999 -9999 -9999 1.90685801506042 1.98706855223729 1.72054041922092 1.57910771667957 1.54094280302525 1.45724794268608 1.38406940549612 0.89077258339295 0.851503324508667 1.22659062743187 1.19024633673521 1.19973721641761 1.28439684556081 1.30961338111332 1.43743144614356 2.10242314849581 2.31966665157905 2.44007241725922 2.08150671422482 -9999 -9999 -9999
-9999 -9999 -9999 -9999 -9999 -9999 -9999 -9999 -9999 -9999 -9999 -9999 -9999 -9999 -9999 -9999 -9999 -9999 -9999 -9999 -9999 -9999 -9999 -9999 -9999 -9999 -9999 -9999 -9999 -9999 -9999 -9999 -9999 -9999 -9999 -9999 -9999 -9999 -9999 -9999 2.14932466011781 2.66465091705322 1.8602592498064 1.77689979970455 1.5243086963892 1.58699069917202 1.61398825645447 1.36931717395782 1.33598795303932 1.29440843829742 0.916963873001245 0.95893232180522 1.16119154436248 1.29773166775703 1.34444434302194 1.63711820428188 1.78826683759689 1.91866407944606 2.07824927109938 2.23311318953832 3.46184033782859 -9999
-9999 -9999 -9999 -9999 -9999 -9999 -9999 -9999 -9999 -9999 -9999 -9999 -9999 -9999 -9999 -9999 -9999 -9999 -9999 -9999 -9999 -9999 -9999 -9999 -9999 -9999 -9999 -9999 -9999 -9999 -9999 -9999 -9999 -9999 -9999 -9999 -9999 -9999 -9999 -9999 -9999 3.25556712150574 0.777273000432895 1.75364598631859 2.04466942548752 1.87414960861206 1.74192721843719 1.19605032068032 1.5167379617691 1.44862324228654 1.27026727107855 1.32800524234772 1.11718073487282 1.25596937078696 1.38069537052741 1.31358452714407 1.56101995935807 1.77015117236546 2.02067651918956 2.18940317630768 2.27800009080342 -9999
-9999 -9999 -9999 -9999 -9999 -9999 -9999 -9999 -9999 -9999 -9999 -9999 -9999 -9999 -9999 -9999 -9999 -9999 -9999 -9999 -9999 -9999 -9999 -9999 -9999 -9999 -9999 -9999 -9999 -9999 -9999 -9999 -9999 -9999 -9999 -9999 -9999 -9999 -9999 -9999 -9999 2.28296990828081 2.29608500003815 2.19047870635986 2.12332609891891 1.13011204770633 1.82985830307007 1.89134063720703 1.84941884279251 1.65045070648193 1.52133210897446 1.31460229754448 1.4501236140728 1.66820665597916 1.45679893663951 1.66839061677456 1.77485844492912 1.89838135242462 2.25087023482603 -9999 -9999 -9999
-9999 -9999 -9999 -9999 -9999 -9999 -9999 -9999 -9999 -9999 -9999 -9999 -9999 -9999 -9999 -9999 -9999 -9999 -9999 -9999 -9999 -9999 -9999 -9999 -9999 -9999 -9999 -9999 -9999 -9999 -9999 -9999 -9999 -9999 -9999 -9999 -9999 -9999 -9999 -9999 2.08518147468567 1.89637727737427 2.78972814083099 2.24875154495239 2.22736430168152 2.06563616991043 1.63894445555551 1.67387597475733 1.55623348270144 1.11846516224054 1.44044451713562 1.31249947547913 1.37220388650894 0.994999009829301 1.38389755670841 1.72118908166885 1.87986375391483 -9999 -9999 2.62279776965871 2.43174006231129 3.12094940858729
-9999 -9999 -9999 -9999 -9999 -9999 -9999 -9999 -9999 -9999 -9999 -9999 -9999 -9999 -9999 -9999 -9999 -9999 -9999 -9999 -9999 -9999 -9999 -9999 -9999 -9999 -9999 -9999 -9999 -9999 -9999 -9999 -9999 -9999 -9999 -9999 -9999 -9999 -9999 2.685882071654 2.83364435036977 1.50755848884583 1.03659765422344 1.25589395314455 2.0819776058197 1.89700964689255 1.52473536985261 1.23849748877379 1.16632515192032 1.1365450322628 1.08234255654471 0.894755966388262 1.41919251680374 1.070955991745 1.41904518604279 1.6257355633904 2.68734692675727 2.47644391230174 2.36203523193087 2.22015237808228 2.51494084085737 2.58548922198159
-9999 -9999 -9999 -9999 -9999 -9999 -9999 -9999 -9999 -9999 -9999 -9999 -9999 -9999 -9999 -9999 -9999 -9999 -9999 -9999 -9999 -9999 -9999 -9999 -9999 -9999 -9999 -9999 -9999 -9999 -9999 -9999 -9999 -9999 -9999 -9999 -9999 -9999 -9999 2.14768122001128 1.57052347660065 1.3031310915947 2.08045546213786 1.99015411138535 1.93211903572083 0.630667004734278 0.973658353090286 1.61858271360397 1.75571432113647 1.62833950519562 1.40203233957291 0.902443583195026 1.49730710685253 1.17947604335271 1.6126321875132 2.00194698572159 2.04603262589528 2.12669371707099 2.12692837204252 2.31402136598315 2.39394322266945 2.46026487861361
-9999 -9999 -9999 -9999 -9999 -9999 -9999 -9999 -9999 -9999 -9999 -9999 -9999 -9999 -9999 -9999 -9999 -9999 -9999 -9999 -9999 -9999 -9999 -9999 -9999 -9999 -9999 -9999 -9999 -9999 -9999 -9999 -9999 -9999 -9999 -9999 -9999 -9999 2.20500409916828 2.81882470846176 1.51620594412088 1.05202791690826 1.7864599943161 1.69179737567902 1.64789994955063 1.90765681266785 1.00066778489522 1.06252759695053 1.4120837032795 1.28648975491524 1.23692137598991 1.37521955583777 1.4470776276929 1.28783664107323 1.59322288206645 1.83244486366 1.98063387189593 1.9705736722265 2.05396950244904 2.1994280906824 2.31849382473872 2.37760620392286
-9999 -9999 -9999 -9999 -9999 -9999 -9999 -9999 -9999 -9999 -9999 -9999 -9999 -9999 -9999 -9999 -9999 -9999 -9999 -9999 -9999 -9999 -9999 -9999 -9999 -9999 -9999 -9999 -9999 -9999 -9999 -9999 -9999 -9999 -9999 -9999 -9999 -9999 1.79448571330623 2.17931821346283 2.04281253814697 1.78026753664017 1.04830141578402 1.03435031431062 1.04989941843918 1.05615864694118 1.33560946583748 0.871534407138824 0.923800049083574 0.718648745463445 1.13818451762199 1.46438793092966 0.917755620820182 0.908499399056802 1.43016179118838 1.6750100510461 1.85449185541698 1.9081614783832 2.02622524329594 2.06801429161659 2.22597205638885 2.35016455100133
-9999 -9999 -9999 -9999 -9999 -9999 -9999 -9999 -9999 -9999 -9999 -9999 -9999 -9999 -9999 -9999 -9999 -9999 -9999 -9999 -9999 -9999 -9999 -9999 -9999 -9999 -9999 -9999 -9999 -9999 -9999 -9999 -9999 -9999 -9999 -9999 -9999 3.29679700502982 1.57693182046597 1.43158704787493 1.79718533754349 0.955650627613068 1.33352823853493 1.13474102318287 1.15705428166049 1.13198620293822 1.30840622782707 0.711109915604958 0.755435518920422 0.831300961119788 0.845367059111595 1.32807131409645 1.45060319900513 1.57772024720907 1.60630126297474 1.59244077546256 1.68280575105122 1.841204728399 1.84457023654665 1.96415941204344 1.95086003725345 2.28701220108913
-9999 -9999 -9999 -9999 -9999 -9999 -9999 -9999 -9999 -9999 -9999 -9999 -9999 -9999 -9999 -9999 -9999 -9999 -9999 -9999 -9999 -9999 -9999 -9999 -9999 -9999 -9999 -9999 -9999 -9999 -9999 -9999 -9999 -9999 -9999 -9999 -9999 2.52254216372967 2.55882512032986 0.96823063492775 1.08380537480116 0.968847577060972 0.864263866628919 1.26486083269119 0.812024459242821 1.03668169677258 0.985663181969098 0.928515136241913 0.775758205698087 0.924114681780338 0.938834079674312 1.35824382305145 1.40352407097816 1.51698334515095 1.59537783265114 1.62331362068653 1.83596567465709 1.58761243522167 1.94432085752487 1.79940184950829 2.01263885200024 2.33928962395741
-9999 -9999 -9999 -9999 -9999 -9999 -9999 -9999 -9999 -9999 -9999 -9999 -9999 -9999 -9999 -9999 -9999 -9999 -9999 -9999 -9999 -9999 -9999 -9999 -9999 -9999 -9999 -9999 -9999 -9999 -9999 -9999 -9999 -9999 -9999 -9999 2.19414135813713 2.83097032238455 2.15275306210798 1.72265548706055 1.51380612254143 1.21367478966713 1.14836461544037 0.673776595638349 1.00379898548126 0.913213032484055 0.890875726938248 0.72724136366294 0.760791448446421 1.15890592932701 1.26726374030113 1.36762107163668 1.51689380407333 1.64740781486034 1.69464339315891 1.68410874903202 1.53901399557407 1.58119728735515 1.79325743232455 2.36592765365328 2.34978056870974 2.45253396034241
-9999 -9999 -9999 -9999 -9999 -9999 -9999 -9999 -9999 -9999 -9999 -9999 -9999 -9999 -9999 -9999 -9999 -9999 -9999 -9999 -9999 -9999 -9999 -9999 -9999 -9999 -9999 -9999 -9999 -9999 -9999 2.10239981327738 1.47966874837875 -9999 2.10493344068527 2.05026161670685 1.68623597984729 1.49392439424992 1.40325881426151 0.855508391673748 1.15111331641674 1.00631414055824 1.08921938538551 0.812143774969237 0.91555660367012 0.919325679540634 0.928369557857513 0.993951004743576 0.934507120932851 1.29684954285622 1.51610598564148 1.61845988631248 1.43315794638225 1.68172618746758 1.73368822038174 1.76827329397202 1.57378355356363 2.10299448456083 2.82563383877277 3.02399437129498 2.14600617044112 2.33847309861864
-9999 -9999 -9999 -9999 -9999 -9999 -9999 -9999 -9999 -9999 -9999 -9999 -9999 -9999 -9999 -9999 -9999 -9999 -9999 -9999 -9999 -9999 0.346259817481041 2.20247037495886 2.15545112320355 2.24717190861702 1.51545749604702 1.93035906553268 2.28244075604847 2.06946741044521 1.92645569145679 2.10167920589447 1.76153494630541 1.60360939162118 1.00059674680233 0.974197238683701 1.54028343302863 1.32873898744583 1.17678053038461 0.810963367873972 0.996570608445576 0.973859029156821 0.985884202378137 0.681327822116705 0.949680651937212 1.01613278899874 1.04152416331427 1.0724783369473 1.16922596096992 1.41530045015471 1.54943664371967 1.65645933151245 1.69140893220901 1.89496288980756 1.95442061764853 2.12405253946781 1.70758548974991 1.80136419043821 2.50971875471227 -9999 -9999 -9999
-9999 -9999 -9999 -9999 -9999 -9999 -9999 -9999 -9999 -9999 -9999 -9999 -9999 -9999 -9999 -9999 -9999 -9999 -9999 -9999 -9999 -9999 1.83784340960639 1.97934420406818 1.76444059610367 1.58672940731049 1.32557673752308 1.4644799977541 1.32736802101135 1.85165405273438 1.994684278965 2.12776207923889 1.28252674639225 1.28541602194309 1.03844565153122 1.1073314845562 1.11388948559761 0.876738756895065 0.828235477209091 0.820452779531479 0.796913981437683 0.793998777866364 0.770106732845306 0.765383273363113 0.77539050579071 0.909778371453285 1.28396497453962 1.36787644028664 1.41607360328947 1.56164133548737 1.59338204562664 1.67760783433914 2.28314556394305 2.27845279659544 2.11912033706903 -9999 -9999 -9999 -9999 -9999 -9999 -9999
-9999 -9999 -9999 -9999 -9999 -9999 -9999 -9999 -9999 -9999 -9999 -9999 -9999 -9999 -9999 -9999 -9999 -9999 -9999 0.838846722617745 2.2678736820817 1.6706840544939 1.71237343549728 1.59030494093895 1.48911744356155 0.866299510002136 1.01705133914948 1.10722483694553 1.19097127020359 1.15381561219692 1.13824340701103 1.09422037005424 1.00772039592266 0.982250973582268 1.22095128893852 1.13407498598099 1.03602004051208 0.864231705665588 0.761060267686844 0.755546271800995 0.780885726213455 0.787847220897675 0.70345875620842 0.706973254680634 0.714727520942688 1.67493387514895 1.32974600791931 1.62233230471611 1.90456020832062 2.07429295778275 2.32413906710488 -9999 -9999 -9999 -9999 -9999 -9999 -9999 -9999 -9999 -9999 -9999
-9999 -9999 -9999 -9999 -9999 -9999 -9999 -9999 -9999 -9999 -9999 -9999 -9999 -9999 -9999 -9999 -9999 2.03139102458954 4.2159216680697 1.70928290027838 3.3929441422224 0.927618741989136 1.01574198901653 0.973440662026405 0.952290996909142 1.00939571857452 1.03780840337276 1.07218666374683 1.06668810546398 0.982979103922844 1.02650034427643 1.01493734121323 0.982296481728554 1.00055967909949 0.894493341445923 1.02366748452187 0.92041951417923 0.837597727775574 0.72221776843071 0.736635759472847 0.755323469638824 0.767118036746979 0.807057231664658 0.939626162702387 1.01240794496103 1.06683813035488 1.92853302305395 1.96224960684776 2.09742748737335 1.74056650776612 2.49495270064003 -9999 -9999 -9999 -9999 -9999 -9999 -9999 -9999 -9999 -9999 -9999
-9999 -9999 -9999 -9999 -9999 -9999 -9999 -9999 -9999 -9999 -9999 -9999 -9999 -9999 4.12997899452845 1.55192962884903 2.85947353925024 1.22793033931937 0.759713028485958 0.818354604335932 0.840143412351608 0.877200722694397 0.889616414904594 0.913022264838219 0.940778255462646 0.975341007113457 0.925610482692719 0.826667353510857 0.796670526266098 0.785794228315353 0.765750467777252 0.760772116482258 0.785369351506233 0.861557528376579 0.991123527288437 1.04928222298622 0.992119520902634 0.840559512376785 0.769830733537674 0.704067751765251 0.827080100774765 0.82073412835598 0.824689403176308 0.789389371871948 0.90513151884079 1.09330339729786 1.68904563513669 2.05958281321959 1.79425257444382 1.84646558761597 2.02087554335594 2.51912074026309 -9999 -9999 -9999 -9999 -9999 -9999 -9999 -9999 -9999 -9999
-9999 -9999 -9999 -9999 -9999 -9999 -9999 -9999 -9999 -9999 -9999 1.03099591712483 0.696918462452136 28.1243522882462 14.498514175415 6.59930376495634 1.04989406924981 0.868455782532692 0.860156491398811 1.47972247430256 1.14243483543396 1.60093878209591 0.938945755362511 0.785791501402855 0.734919011592865 0.719896495342255 0.730230376124382 0.755152009427547 0.775445520877838 0.745491519570351 0.77988013625145 0.812288999557495 0.896445870399475 0.89732551574707 0.938178777694702 0.945240005850792 0.893469878605434 0.71419493989511 0.731934200633656 0.674261456186121 0.863949881150172 0.800468279765203 0.741846053646161 0.747134193778038 0.965996846556664 1.13025848567486 1.34156060218811 1.93983008102937 2.28230741890994 2.03507329867436 1.98667960613966 -9999 -9999 -9999 -9999 -9999 3.63806304432625 6.13266292640141 6.09719451836177 5.94986220200857 7.25274881072666 -9999
-9999 -9999 -9999 -9999 -9999 -9999 -9999 -9999 -9999 2.21746841669083 1.08428055964983 0.988414391875267 5.71289701121194 0.68298701196909 0.74456924200058 2.69142503397805 0.687557630240917 0.737681515514851 0.749010115861893 0.791593760251999 0.922182515263557 0.69931523845746 0.686768937569398 0.81473246216774 0.725061364471912 0.732405632734299 0.714307129383087 0.740826651453972 0.795383632183075 0.833548732101917 0.903970867395401 1.01458212733269 0.744453012943268 0.73073548078537 0.729963947426189 0.756579751318151 0.781047479672865 0.740755285208042 0.717343249000036 0.705611067322584 0.684761680662632 0.919854668470529 0.868485847344765 0.876168608665466 0.909764096140862 1.15613321959972 1.24139051139355 1.95406573468989 2.01536710153926 1.89037305116653 1.89878734946251 1.9948536157608 2.09262934327126 2.71774386452592 1.64103654026985 3.03756814343589 2.24240177869797 2.57091474533081 2.31233486533165 2.29971015453339 2.25923037528992 -9999
-9999 -9999 -9999 -9999 -9999 1.36589587160519 2.04425882015909 3.12299681029149 4.85918584695229 0.772830754518509 0.815962970256805 2.07629202093397 0.720504984259605 0.721759751439095 0.77174100279808 0.784671038389206 0.723280370235443 0.818687401711941 0.882286101579666 0.927887111902237 0.910644516348839 1.54765034999166 0.709310114383698 0.783754877746105 0.783817395567894 0.519545202905482 0.537856773896651 0.566383017735048 0.550458734685724 0.841061502695084 0.791791498661041 0.725180268287659 0.667558506131172 0.747652099891142 0.702514960007234 0.734363664280285 0.727135811001062 0.657969512045383 0.695310301505602 0.783699721097946 0.885430108755827 0.94899113038007 1.09634716808796 1.04632152616978 0.963709518313408 1.01434923708439 1.1081110984087 1.24104714393616 1.44761553406715 1.57699286937714 1.64575645327568 1.90560632944107 1.73086327314377 2.46446966273444 2.15500116348267 2.21964707970619 2.43230001415525 2.19876861572266 2.29090160131454 2.0430800318718 2.42995673418045 2.60692346096039
-9999 -9999 -9999 -9999 -9999 0.713900670409203 0.64621813967824 1.71889527371297 0.663525237486913 0.704895120400649 0.726341809217746 1.59469392044204 0.685919113457203 0.729959510266781 0.692051135003567 0.608941614627838 0.517827749252319 0.811337724328041 0.937027409672737 0.840441532433033 0.860804751515388 0.555237241089344 0.642799004912376 0.706109113991261 0.738025389611721 0.542059714143926 0.581451525742357 0.613729838620533 0.625590123913505 0.59068322588097 0.795082971453667 0.87864001095295 0.985080242156982 0.936500787734985 0.704625613987446 0.70411229133606 0.974106575434025 0.899353582125444 0.855505922261406 0.833338048528222 0.862066816538572 0.965772550553083 1.22755339741707 1.5723614011492 1.02615660429001 1.05569626390934 1.07229788601398 1.0709216594696 1.20155142247677 1.14146709442139 1.58444005250931 1.70995790617807 1.77485750402723 1.80684036867959 1.96395765883582 2.17241023268018 2.28307219914028 1.63343623280525 1.66357938945293 1.77451881766319 1.92095312476158 2.33322978019714
-9999 -9999 -9999 -9999 -9999 0.619180738925934 0.567657607522878 1.41463323150362 0.700055859982967 0.714274734258652 0.786417223513126 0.752738140523434 0.752395622432232 0.798262380063534 0.739981383085251 0.654826611280441 0.670134119689465 0.599903754889965 0.674526140093803 0.764531224966049 0.63588523119688 0.614748761057854 0.688402488827705 0.756169520318508 0.437732979655266 0.441140234470367 0.456757485866547 0.716535612940788 0.680196762084961 0.705779984593391 0.629678249359131 0.651678816838698 0.74852346832102 0.771621262485331 0.723661370575428 0.723576176911592 0.685124880501202 0.951688180951511 0.907026389613748 0.73731205612421 1.10989554723104 1.26751439770063 1.10550987906754 0.958466157317162 1.01203359663486 0.984798014163971 0.973086625337601 0.963156744837761 1.03696471452713 1.05710116028786 1.40577761190278 1.55907189846039 1.64319810697011 1.6076742538384 1.59230818493026 1.5169683950288 1.32651950418949 1.36518965661526 1.5598116517067 1.66465499997139 1.89033424854279 2.03878057003021
-9999 -9999 -9999 -9999 -9999 0.483922504565933 0.528390762480823 0.807094991207123 0.380768529393456 0.383617023175413 0.390499632466923 0.863968253135681 0.82662046700716 0.839461497962475 0.798549085855484 0.79664196819067 0.799144119024277 0.762669339776039 0.620944485068321 0.703051507472992 0.724172249436378 0.827030271291733 0.85496923327446 0.612611263990402 0.510795012116432 0.53022600710392 0.483071252703667 0.543163508176804 0.78488552570343 0.627143797549334 0.849150255322456 0.721495701508089 0.700403850186955 0.736301641572605 0.801121428608894 0.735718551804038 1.0354573186487 1.05542410165071 0.998559018597007 0.855777600780129 0.883484467864037 0.993131399154663 1.03090727329254 0.960647150874138 0.951157763600349 0.95661723613739 0.996820151805878 0.904610261321068 0.944778516888618 0.916034117341042 1.22819691896439 1.19089703474726 1.30467064465795 1.32034256202834 1.30389234423637 1.51552412765367 1.65147330931255 1.53090386092663 1.55753511190414 1.83444187045097 2.1437064409256 2.3733923137188
-9999 -9999 -9999 -9999 -9999 0.448782953349027 0.797782249748707 0.836251236498356 0.831030122935772 0.432841569185257 1.39870706945658 1.02551985532045 0.903092756867409 0.902663752436638 0.867757022380829 0.810696385800838 0.765953615307808 0.815965339541435 0.681011259555817 0.715080767869949 0.80621300637722 0.803560234606266 0.69794999063015 0.559039503335953 0.706569001078606 0.550330504775047 0.550343245267868 0.754120215773582 0.846565902233124 0.60875250805508 0.942411839962006 0.968110620975494 0.960806891322136 0.99282605157179 1.04988911222009 0.675808012485504 0.720849696546793 1.07361922585047 1.05906054606804 1.01455584727228 1.0268336981535 1.07226464152336 1.02212375402451 0.97239288687706 0.923050165176392 0.944020867347717 0.894405364990234 0.882250890135765 0.816554643213749 0.875882118940353 0.863820150494576 0.93561290204525 1.2330193391868 1.19966145924159 1.3790484815836 1.47209188342094 1.51636217534542 1.74915009737015 1.74286219477654 1.74415743350983 2.25048553943634 2.26566222310066
