EcologicalScience/Bass/data/rs_data_bass/chl_305.asc
NCOLS 226 
NROWS 124 
XLLCORNER -9.41648524995501 
YLLCORNER 47.587301625531 
CELLSIZE 0.0833 
NODATA_value -9999 
[rows 81 to 107 of 124, columns 62 to 123 of 226]
3.85158455371857 5.97498106956482 7.6620512008667 7.66205191612244 -9999 -9999 -9999 -9999 -9999 -9999 -9999 -9999 -9999 -9999 -9999 -9999 -9999 -9999 -9999 -9999 -9999 -9999 -9999 -9999 -9999 -9999 -9999 -9999 -9999 -9999 -9999 -9999 -9999 -9999 -9999 -9999 -9999 -9999 -9999 -9999 -9999 -9999 -9999 -9999 -9999 -9999 -9999 -9999 -9999 -9999 -9999 -9999 -9999 -9999 -9999 -9999 -9999 -9999 -9999 -9999 -9999 -9999
3.11630540218168 -9999 -9999 -9999 -9999 -9999 -9999 -9999 -9999 -9999 -9999 -9999 -9999 -9999 -9999 -9999 -9999 -9999 -9999 -9999 -9999 -9999 -9999 -9999 -9999 -9999 -9999 -9999 -9999 -9999 -9999 -9999 -9999 -9999 -9999 -9999 -9999 -9999 -9999 -9999 -9999 -9999 -9999 -9999 -9999 -9999 -9999 -9999 -9999 -9999 -9999 -9999 -9999 -9999 -9999 -9999 -9999 -9999 -9999 -9999 -9999 -9999
-9999 -9999 -9999 -9999 -9999 -9999 -9999 -9999 -9999 -9999 -9999 -9999 -9999 -9999 -9999 -9999 -9999 -9999 -9999 -9999 -9999 -9999 -9999 -9999 -9999 -9999 -9999 -9999 -9999 -9999 -9999 -9999 -9999 -9999 -9999 -9999 -9999 -9999 -9999 -9999 -9999 -9999 -9999 -9999 -9999 -9999 -9999 -9999 -9999 -9999 -9999 -9999 -9999 -9999 -9999 -9999 -9999 -9999 -9999 -9999 -9999 -9999
-9999 -9999 -9999 -9999 -9999 -9999 -9999 -9999 -9999 -9999 -9999 -9999 -9999 -9999 -9999 -9999 -9999 -9999 -9999 -9999 -9999 -9999 -9999 -9999 -9999 -9999 -9999 -9999 -9999 -9999 -9999 -9999 -9999 -9999 -9999 -9999 -9999 -9999 -9999 -9999 -9999 -9999 -9999 -9999 -9999 -9999 -9999 -9999 -9999 -9999 -9999 -9999 -9999 -9999 -9999 -9999 -9999 2.88041235879064 2.78543806927545 2.16408482193947 2.39813670516014 1.97268757224083
-9999 -9999 -9999 -9999 -9999 -9999 -9999 -9999 -9999 -9999 -9999 -9999 -9999 -9999 -9999 -9999 -9999 -9999 -9999 -9999 -9999 -9999 -9999 -9999 -9999 -9999 -9999 -9999 -9999 -9999 -9999 -9999 -9999 -9999 -9999 -9999 37.1749906539917 -9999 2.6198656133243 2.2635975967754 -9999 -9999 1.65504119172692 1.94302421808243 2.10529571771622 2.13845318555832 2.23283171653748 2.43786370754242 2.52709132432938 2.56453281641006 2.48499298095703 2.58867681026459 -9999 -9999 -9999 2.83630460500717 2.89029935002327 2.03340482711792 1.07629823684692 1.03295052051544 0.798853754997253 0.719709753990173
-9999 -9999 -9999 -9999 -9999 -9999 -9999 -9999 -9999 -9999 -9999 -9999 -9999 1.61967604539611 6.70971957966685 2.53848949670792 1.86228268146515 1.74165975196021 1.12509450316429 -9999 -9999 -9999 -9999 -9999 -9999 -9999 -9999 -9999 2.15886214971542 2.01393672823906 2.00809425115585 2.05097097158432 -9999 3.66949796676636 -9999 -9999 -9999 -9999 2.78090018033981 2.81318932771683 2.80557453632355 2.61214792728424 2.13760882616043 1.94369477033615 2.0951219201088 2.11389756202698 2.05308902263641 1.94131046533585 2.04963004589081 2.0632506608963 2.12370443344116 2.03784674406052 1.94858998060226 1.73645055294037 1.23860174417496 2.27377572655678 1.0344979763031 0.793428003787994 0.637201011180878 0.544630244374275 0.681047990918159 0.729435756802559
-9999 -9999 -9999 -9999 -9999 -9999 -9999 -9999 -9999 -9999 6.82449500901358 6.33149499446154 6.30837939307094 1.92413009405136 1.64724934101105 1.39970478415489 1.35677395015955 1.65006244182587 1.22166522272996 1.20217409357429 2.34337667497506 -9999 1.51167974621058 1.58390583470464 3.49650683999062 -9999 -9999 2.19880825281143 1.42212660312653 1.62162816524506 1.77261382341385 1.51742845773697 1.77379649877548 1.47454878687859 -9999 -9999 3.17749042413673 2.86959832906723 2.70609068870544 2.60635507106781 2.41105270385742 2.33196669816971 2.2759957909584 2.15919756889343 1.73986208438873 1.64597100019455 1.60468500852585 1.56138968467712 1.38595873117447 1.47716403007507 1.44671022891998 1.39650446176529 1.09392674267292 0.777596741914749 0.793661504983902 0.69854524731636 1.08323024958372 0.517744988203049 0.499321505427361 0.540484756231308 0.740449123084545 0.688233256340027
-9999 -9999 -9999 -9999 -9999 -9999 -9999 -9999 -9999 6.45921717882156 10.096520781517 0.749622747302055 1.72986022755504 1.35288531705737 1.2388325817883 1.04984609037638 1.12410947680473 1.12077784538269 0.913769960403442 0.877732515335083 1.00891202688217 1.06473959237337 1.42165023088455 1.61725723743439 1.71372520923615 1.93689519166946 1.67108327150345 1.77171832323074 1.35842590034008 1.61884868144989 1.40647606551647 1.32598426938057 1.39695900678635 1.53325116634369 1.66111421585083 1.8289777636528 2.02701902389526 2.22725558280945 2.63525104522705 2.51689428091049 2.42193818092346 2.38750129938126 2.45523154735565 2.05994778871536 1.40266200900078 1.06703174114227 0.841577231884003 0.804512232542038 0.755248457193375 0.70169323682785 0.734569519758224 0.769863724708557 0.726343482732773 0.878076016902924 0.676527261734009 0.653393983840942 0.787922233343124 0.978577494621277 0.635575741529465 0.60267998278141 0.868555516004562 0.854319021105766
-9999 -9999 -9999 -9999 -9999 -9999 -9999 -9999 -9999 1.58130145668983 1.44725764095783 1.26192354038358 0.954804018139839 1.08335649967194 0.842449486255646 0.840247504413128 1.00299824774265 0.964035719633102 0.936235517263412 0.868499279022217 0.944937765598297 1.19607675075531 1.2109931409359 1.70040303468704 1.67148756980896 1.98532283306122 2.23910093307495 1.61673791706562 1.44950151443481 1.45322924852371 1.54951971769333 1.82607007026672 1.74727356433868 1.70434355735779 1.51468580961227 1.5754206776619 1.84881591796875 2.17542833089828 2.84182798862457 2.74141716957092 2.42862367630005 2.06815266609192 1.36176225543022 1.20471525192261 0.837523519992828 0.84211054444313 0.706997260451317 0.677827522158623 0.626717269420624 0.600664481520653 0.619317010045052 0.646125733852386 0.886101722717285 0.760752707719803 0.725235007703304 0.770442724227905 0.762185990810394 0.928024470806122 0.9245984852314 0.916633486747742 0.841551035642624 0.847138524055481
-9999 -9999 -9999 -9999 -9999 -9999 -9999 -9999 1.77686781862686 1.39149146899581 1.21762536093593 1.13426909409463 0.893523389473557 0.773734778165817 0.759268507361412 0.797304734587669 0.926917120814323 1.05259349942207 1.063879519701 1.07594329118729 0.922858536243439 1.24581822752953 1.30919288098812 1.30335035920143 1.97853380441666 2.29259616136551 2.14447349309921 1.49726021289825 1.59708407521248 1.50152327120304 1.72025620937347 2.02877622842789 1.92935621738434 1.69628405570984 1.55955451726913 1.50906300544739 1.61424458026886 1.71113777160645 2.0112367272377 1.81054347753525 1.34880003333092 1.13026571273804 0.912728995084763 1.03830823302269 1.05599623918533 0.851442754268646 0.742031246423721 0.665282249450684 0.650379002094269 0.609363734722137 0.540361493825912 0.601683765649796 0.622351482510567 0.811790227890015 0.804353982210159 0.884823739528656 0.750858753919601 0.777843028306961 0.648420765995979 0.656407490372658 0.908307731151581 1.18492045998573
1.64067491702735 3.35417359215873 2.268171697855 2.33474002406001 -9999 -9999 -9999 1.80996281281114 1.36241968721151 1.16029994487762 0.959225596860051 0.819050990045071 0.715392764657736 0.769365027546883 0.876812011003494 0.817556619644165 0.985888123512268 0.955035030841827 0.963137984275818 1.00948351621628 1.0566982626915 1.06104375422001 1.09950748085976 1.13401347398758 1.52978771924973 1.70165026187897 1.72895693778992 1.78954124450684 1.3310958892107 1.41425997018814 1.75724101066589 1.80796283483505 1.72251516580582 1.6613661646843 1.38419249653816 1.02333301305771 0.983509540557861 1.02856877446175 0.992498248815536 0.887534290552139 0.822252720594406 0.833949744701385 0.820227026939392 0.905045986175537 0.901253968477249 0.865212768316269 0.790441542863846 0.744853511452675 0.672812238335609 0.628352254629135 0.677640751004219 0.668438985943794 0.711445480585098 0.877287000417709 0.888068228960037 0.948945790529251 0.838711470365524 0.719428494572639 0.641078263521194 0.638877734541893 0.722926497459412 0.793119728565216
1.58524131774902 1.11687371134758 1.11049953103065 1.08329567313194 0.915683962404728 0.826998397707939 1.12072053551674 0.817699134349823 0.876981943845749 0.963593278080225 1.1286657974124 1.16557350754738 0.967628508806229 0.969202756881714 1.0137434899807 0.831170976161957 0.871890753507614 0.966032266616821 0.999906778335571 0.981144726276398 0.973538249731064 0.989406377077103 0.967446774244308 1.33177497982979 1.17295798659325 1.15314003825188 1.00974896550179 0.634842753410339 0.806966990232468 0.876897722482681 0.943674713373184 0.963166505098343 0.964528530836105 0.92610901594162 0.87383696436882 0.741270750761032 0.754745990037918 0.763937294483185 0.771557986736298 0.785652011632919 0.814266711473465 0.775395780801773 0.724050745368004 0.805261462926865 0.782781779766083 0.759263277053833 0.792172461748123 0.76678803563118 0.730245754122734 0.724365770816803 0.752555966377258 0.777544498443604 0.824066966772079 0.938309222459793 0.899618268013 0.946894526481628 1.01810851693153 1.03446301817894 1.04218572378159 1.02603596448898 0.748609498143196 0.75260853767395
1.41294899582863 1.56266623735428 1.55182278156281 1.04447624087334 0.96006316691637 0.86811375617981 1.0415940284729 1.06706222891808 0.976698517799377 0.8955367654562 0.958138763904572 0.984382525086403 0.972243741154671 0.978828251361847 0.797731518745422 0.774771004915237 0.816558033227921 1.0159649848938 1.07676753401756 1.10432320833206 1.06804946064949 0.657428249716759 0.780350983142853 1.03715479373932 1.11135372519493 1.17289352416992 1.33192053437233 0.772478967905045 0.859733998775482 0.959850758314133 0.963204771280289 0.977330267429352 0.957512229681015 0.912824213504791 0.873644292354584 0.806429207324982 0.801295459270477 0.781757265329361 0.79542750120163 0.782406717538834 0.767291218042374 0.768132001161575 0.740761488676071 0.717693731188774 0.698148742318153 0.698433011770248 0.69812174141407 0.685137748718262 0.680877014994621 0.766556292772293 0.844722747802734 0.847781985998154 0.791469007730484 0.801530241966248 0.825420767068863 0.885186731815338 1.31918326020241 1.26015445590019 1.18843129277229 1.0728472173214 0.765910506248474 0.726234018802643
0.902761459350586 1.08962175250053 1.58016532659531 2.61834454536438 2.3838524222374 1.05430349707603 1.08786901831627 1.03131973743439 1.01563650369644 0.954404979944229 0.721766263246536 0.750974267721176 0.809028714895248 0.785475790500641 0.777644276618958 0.797747254371643 0.881479471921921 0.991189509630203 0.980366259813309 0.889858514070511 0.89283299446106 0.825803965330124 0.86873397231102 0.896267205476761 0.898981511592865 0.737304747104645 0.730406239628792 0.7384372651577 0.806781738996506 0.928595244884491 0.970268279314041 0.993878245353699 0.990671217441559 0.984025508165359 0.977270990610123 0.899330288171768 0.894742459058762 0.91043096780777 0.904969543218613 0.894086211919785 0.852890968322754 0.835033535957336 0.85301399230957 0.847671031951904 0.819983214139938 0.785192281007767 0.747861742973328 0.750295490026474 0.790663540363312 0.846744775772095 0.828549027442932 0.80104199051857 0.854490011930466 0.820746034383774 0.899801284074783 0.987794995307922 1.1141160428524 1.17657673358917 1.33988928794861 1.18480798602104 0.963164269924164 0.913660526275635
0.885842263698578 1.01696401834488 1.16828995943069 1.30560153722763 1.87774729728699 1.84642642736435 1.88405692577362 1.16072702407837 0.727505251765251 0.744768753647804 1.23020812869072 0.855097532272339 0.733572766184807 0.747890263795853 0.743199750781059 0.731036245822906 0.741875991225243 0.790279537439346 0.767752468585968 0.75847801566124 0.778129488229752 0.788819968700409 0.761718034744263 0.776685029268265 0.828929275274277 0.885454505681992 1.0688055306673 0.858842968940735 0.957878261804581 0.939692258834839 0.932436794042587 0.957771778106689 1.0220639705658 1.01344576478004 1.01123249530792 0.985671758651733 0.987501740455627 0.986227512359619 1.00055247545242 1.06662976741791 1.07307001948357 1.04498773813248 0.947589755058289 0.918364495038986 0.93433803319931 0.905932456254959 0.926671475172043 0.886577278375626 0.919761747121811 0.893828988075256 0.886086791753769 0.912819027900696 0.94837948679924 1.01117473840714 0.929068475961685 0.87153822183609 0.996234744787216 1.20074254274368 1.27848002314568 1.20723670721054 1.21243196725845 1.22013446688652
0.787594467401505 1.32594752311707 1.36937552690506 1.43773046135902 2.13984382152557 2.66580981016159 2.88447153568268 3.03897285461426 1.38643723726273 0.658184230327606 0.79423651099205 0.859971731901169 0.809248477220535 0.801649510860443 0.81450828909874 0.796566724777222 0.789683282375336 0.799958288669586 0.817597478628159 0.812822967767715 0.785856753587723 0.746694758534431 0.760757982730865 0.757036507129669 0.759885728359222 0.902224481105804 0.980558216571808 1.07602724432945 1.01397979259491 1.09374448657036 1.04847827553749 1.03823027014732 1.06557896733284 1.02573376893997 1.03722453117371 1.07463446259499 1.06592479348183 1.0975230038166 1.07448372244835 1.15059900283813 1.21264725923538 1.21519196033478 1.09650376439095 1.02835276722908 1.07743871212006 1.11255303025246 1.15392976999283 1.15170747041702 1.18889853358269 1.11880499124527 1.00708946585655 0.981418490409851 0.98555999994278 1.12367096543312 1.19083052873611 1.19541603326797 1.34582403302193 1.37965652346611 1.4563972055912 1.42846727371216 1.26251399517059 2.71620012447238
0.806416511535645 1.33265545964241 1.50036299228668 1.69439470767975 1.77955949306488 1.27348503470421 1.75621193647385 1.61317044496536 1.45400699973106 0.883532255887985 0.803617537021637 0.839222967624664 0.791996955871582 0.790435463190079 0.794271737337112 0.780056208372116 0.774969041347504 0.762646526098251 0.712415993213654 0.798156023025513 0.841970264911652 0.81630751490593 0.748778253793716 0.914157718420029 0.904709279537201 1.0903605222702 1.22183704376221 1.31141325831413 1.21443146467209 1.25330096483231 1.19637671113014 1.1805262863636 1.22546026110649 1.29117000102997 1.2979177236557 1.2586552798748 1.20345371961594 1.15368899703026 1.09679397940636 1.05419021844864 1.13439828157425 1.12177428603172 1.05086249113083 1.08790048956871 1.1813850402832 1.41376876831055 1.63017743825912 1.54814994335175 1.39244851469994 1.21978202462196 1.19193676114082 1.08267822861671 1.27916327118874 1.57373321056366 1.42128753662109 1.63630342483521 2.47102708451069 -9999 -9999 -9999 -9999 -9999
0.991122722625732 1.14005845785141 1.45706024765968 1.91871446371078 1.15846127271652 1.13719046115875 1.25824347138405 1.2614940404892 1.43321397900581 1.0432380437851 0.87986621260643 0.748324513435364 0.692788481712341 0.689370006322861 0.697493255138397 0.766364246606827 0.708906769752502 0.68148373067379 0.736611753702164 0.803889781236649 0.795173227787018 0.834956288337708 1.01720479130745 0.948389232158661 1.04852396249771 1.33859547972679 1.38244128227234 1.44593623280525 1.49330475926399 1.44465824961662 1.55696547031403 1.51967543363571 1.49865147471428 1.5643926858902 1.53710407018661 1.50645071268082 1.41456297039986 1.22131195664406 1.17702975869179 1.06093275547028 1.06195878982544 1.06268325448036 1.15439397096634 1.20267596840858 1.31211376190186 1.41461625695229 1.58320730924606 1.45932823419571 1.30662372708321 1.388881534338 1.58298075199127 1.92411518096924 1.46551948785782 2.53660376866658 1.64854512644596 -9999 -9999 -9999 -9999 -9999 -9999 -9999
1.21161076426506 1.29119172692299 1.67195391654968 2.58630895614624 1.37311720848083 1.12053295969963 1.24309122562408 1.1990339756012 1.01631152629852 0.975087761878967 0.785084277391434 0.794124752283096 0.690591752529144 0.70746673643589 0.747503265738487 0.793827027082443 0.737421736121178 0.69725176692009 0.764855235815048 0.879576712846756 0.903746992349625 0.980640739202499 1.04529073834419 1.04715523123741 1.0266997218132 1.08382272720337 1.38650026917458 1.63603645563126 1.68925577402115 -9999 -9999 -9999 -9999 -9999 -9999 3.14426672458649 1.58433526754379 2.81513857841492 1.80699527263641 1.17832347750664 1.10597401857376 1.11617177724838 1.13367149233818 1.30965220928192 1.33492201566696 1.38297978043556 1.48509228229523 1.66984051465988 1.35679122805595 1.51934623718262 2.05782830715179 2.03520905971527 2.65048095583916 1.9762424826622 1.97624230384827 -9999 -9999 -9999 -9999 -9999 -9999 -9999
0.910392791032791 1.15596377849579 1.32433649897575 2.25503557920456 0.965344503521919 0.965639233589172 0.847385287284851 0.77062126994133 0.732401266694069 0.657642737030983 0.621724516153336 0.647598758339882 0.731963261961937 0.750472515821457 0.774700462818146 0.777079492807388 0.793629705905914 0.762066006660461 0.868824005126953 1.10206800699234 1.05651524662971 1.07192927598953 1.09925848245621 1.07832527160645 1.08889353275299 1.13409000635147 1.43861398100853 1.63368898630142 1.76689732074738 -9999 -9999 -9999 -9999 -9999 -9999 -9999 2.50333803892136 7.810702085495 3.93155086040497 1.51841622591019 1.86733049154282 1.98567366600037 1.96617758274078 1.93062973022461 2.36497950553894 1.75223851203918 1.98524254560471 2.11572682857513 2.38105648756027 2.39513397216797 1.9885972738266 1.85321778059006 -9999 -9999 -9999 -9999 -9999 -9999 -9999 -9999 -9999 -9999
1.63766705989838 1.8688890337944 1.3605270087719 1.2495299577713 2.11788976192474 1.07198663055897 1.42584523558617 0.724928230047226 0.613890007138252 0.610447481274605 0.626122489571571 0.683910772204399 0.684779986739159 0.723845243453979 0.744340494275093 1.07340377569199 0.873477727174759 0.862320005893707 0.95174852013588 1.1232892870903 0.942402283259488 1.13133698701859 0.986715406179428 0.998618960380554 1.0799857378006 1.2475072145462 1.68633967638016 1.83769279718399 2.03858256340027 -9999 -9999 -9999 -9999 -9999 -9999 -9999 4.59229946136475 3.72428619861603 9.50219821929932 2.66860717535019 2.54140198230743 2.79614782333374 2.78536051511765 2.09703755378723 2.0821545124054 2.06899201869965 5.05165135860443 5.0825811624527 4.94037365913391 3.9594419002533 3.63284182548523 3.20331287384033 5.23102480173111 -9999 -9999 -9999 -9999 -9999 -9999 -9999 -9999 -9999
1.16996848583221 1.08098021149635 1.41670426726341 1.14743095636368 0.993909403681755 1.02819903194904 0.758077472448349 0.757631242275238 0.720683231949806 0.661054506897926 0.690255761146545 0.694141522049904 0.678779259324074 0.787539035081863 0.874078541994095 1.1713650226593 0.970051467418671 0.871963530778885 0.88444572687149 0.90659773349762 0.93689551949501 0.911382794380188 0.942021042108536 1.26069447398186 1.24652624130249 1.29818549752235 1.82419341802597 2.09636932611465 2.10660374164581 2.03933107852936 -9999 -9999 -9999 -9999 -9999 -9999 -9999 5.17117963053963 13.2604827727041 2.15746099948883 2.74739992618561 2.66181975603104 2.29198801517487 2.60772371292114 2.60143500566483 2.45114922523499 3.20030164718628 7.83142590522766 9.2238757610321 4.42308390140533 3.97455990314484 16.1792885235378 4.7301306989032 -9999 -9999 -9999 -9999 -9999 -9999 -9999 -9999 -9999
1.09724396467209 0.906288743019104 1.21337547898293 2.04201221466064 0.913842022418976 0.775637984275818 0.575590521097183 0.790396481752396 0.824092537164688 0.817362785339355 0.751377761363983 0.743484020233154 0.702699735760689 0.79074901342392 0.820700973272324 0.988877266645432 1.31830948591232 0.895011752843857 0.889760255813599 0.908184707164764 0.906538456678391 0.882584989070892 0.852424532175064 1.57592332363129 1.62729370594025 1.51993954181671 1.88862079381943 2.03323119878769 2.05186200141907 2.06456243991852 -9999 -9999 -9999 -9999 -9999 -9999 -9999 -9999 -9999 -9999 -9999 -9999 -9999 -9999 -9999 -9999 3.65490746498108 8.57508516311646 7.41015601158142 4.00462365150452 -9999 -9999 -9999 -9999 -9999 -9999 -9999 -9999 -9999 -9999 -9999 -9999
1.65413242578506 1.33663952350616 3.18172574043274 3.43923461437225 3.50582098960876 1.45890524983406 0.799955248832703 0.579957738518715 0.55901925265789 0.64028924703598 0.774216771125793 0.821664780378342 0.886669456958771 0.966291010379791 1.13833424448967 1.07019004225731 1.38298496603966 0.993902206420898 0.970041006803513 0.950789988040924 0.935241043567657 1.10390397906303 1.16912627220154 1.35641920566559 -9999 -9999 -9999 2.00127232074738 2.28968918323517 1.89647108316422 1.81165498495102 -9999 -9999 -9999 -9999 -9999 -9999 -9999 -9999 -9999 -9999 -9999 -9999 -9999 -9999 -9999 -9999 -9999 -9999 -9999 -9999 -9999 -9999 -9999 -9999 -9999 -9999 -9999 -9999 -9999 -9999 -9999
0.886350721120834 0.900792717933655 1.19616973400116 2.08607178926468 1.85460823774338 1.40100753307343 2.20908218622208 0.56709448993206 0.586699515581131 0.618483021855354 0.681560978293419 0.800535768270493 0.848066210746765 0.918037533760071 1.16707795858383 1.18679398298264 1.15052846074104 1.07284051179886 1.04490378499031 1.02304646372795 0.953946769237518 1.0776210129261 1.368523478508 1.49103525280952 1.62617325782776 1.57575970888138 1.59651893377304 1.82486182451248 2.18321245908737 2.57025682926178 1.75748920440674 1.99174654483795 -9999 -9999 -9999 -9999 -9999 -9999 -9999 -9999 -9999 -9999 -9999 -9999 -9999 -9999 -9999 -9999 -9999 -9999 -9999 -9999 -9999 -9999 -9999 -9999 -9999 -9999 -9999 -9999 -9999 -9999
1.74952268600464 1.97392880916595 2.08431082963943 1.77491694688797 1.07946226000786 1.2705420255661 1.61960470676422 1.01812273263931 0.677634760737419 0.699167981743813 0.729865506291389 0.813451498746872 0.930711776018143 1.10099628567696 1.17653846740723 1.20443174242973 1.12080529332161 0.992027968168259 1.00533297657967 1.10899275541306 0.924036741256714 0.973970264196396 1.14165678620338 1.19522622227669 1.50682801008224 1.56391042470932 1.60155683755875 2.01559048891068 1.99998593330383 1.62117379903793 1.71721941232681 1.87032816807429 -9999 -9999 -9999 -9999 -9999 -9999 -9999 -9999 -9999 -9999 -9999 -9999 -9999 -9999 -9999 -9999 -9999 -9999 -9999 -9999 -9999 -9999 -9999 -9999 -9999 -9999 -9999 -9999 -9999 -9999
0.743399262428284 0.965663284063339 1.64311355352402 0.573396742343903 0.5519730001688 0.618207737803459 0.651316478848457 0.75883349776268 0.672935262322426 0.711578249931335 0.742446005344391 0.819104254245758 0.732108011841774 0.69838348031044 0.792789727449417 0.929543226957321 0.910458773374557 0.794382780790329 0.823665708303452 0.883786529302597 0.914370775222778 0.980936229228973 1.26059398055077 1.48459875583649 1.79030781984329 1.88798403739929 1.82225918769836 1.39882877469063 1.31948322057724 1.3646639585495 2.01469731330872 -9999 -9999 -9999 -9999 -9999 -9999 -9999 -9999 -9999 -9999 -9999 -9999 -9999 -9999 -9999 -9999 -9999 -9999 -9999 -9999 -9999 -9999 -9999 -9999 -9999 -9999 -9999 -9999 -9999 -9999 -9999
