EcologicalScience/Bass/data/rs_data_bass/chl_431.asc
NCOLS 226 
NROWS 124 
XLLCORNER -9.41648524995501 
YLLCORNER 47.587301625531 
CELLSIZE 0.0833 
NODATA_value -9999 
[rows 81 to 107 of 124, columns 62 to 123 of 226]
3.85158455371857 5.97498106956482 7.6620512008667 7.66205191612244 -9999 -9999 -9999 -9999 -9999 -9999 -9999 -9999 -9999 -9999 -9999 -9999 -9999 -9999 -9999 -9999 -9999 -9999 -9999 -9999 -9999 -9999 -9999 -9999 -9999 -9999 -9999 -9999 -9999 -9999 -9999 -9999 -9999 -9999 -9999 -9999 -9999 -9999 -9999 -9999 -9999 -9999 -9999 -9999 -9999 -9999 -9999 -9999 -9999 -9999 -9999 -9999 -9999 -9999 -9999 -9999 -9999 -9999
3.28230299012175 -9999 -9999 -9999 -9999 -9999 -9999 -9999 -9999 -9999 -9999 -9999 -9999 -9999 -9999 -9999 -9999 -9999 -9999 -9999 -9999 -9999 -9999 -9999 -9999 -9999 -9999 -9999 -9999 -9999 -9999 -9999 -9999 -9999 -9999 -9999 -9999 -9999 -9999 -9999 -9999 -9999 -9999 -9999 -9999 -9999 -9999 -9999 -9999 -9999 -9999 -9999 -9999 -9999 -9999 -9999 -9999 -9999 -9999 -9999 -9999 -9999
-9999 -9999 -9999 -9999 -9999 -9999 -9999 -9999 -9999 -9999 -9999 -9999 -9999 -9999 -9999 -9999 -9999 -9999 -9999 -9999 -9999 -9999 -9999 -9999 -9999 -9999 -9999 -9999 -9999 -9999 -9999 -9999 -9999 -9999 -9999 -9999 -9999 -9999 -9999 -9999 -9999 -9999 -9999 -9999 -9999 -9999 -9999 -9999 -9999 -9999 -9999 -9999 -9999 -9999 -9999 -9999 -9999 -9999 -9999 -9999 -9999 -9999
-9999 -9999 -9999 -9999 -9999 -9999 -9999 -9999 -9999 -9999 -9999 -9999 -9999 -9999 -9999 -9999 -9999 -9999 -9999 -9999 -9999 -9999 -9999 -9999 -9999 -9999 -9999 -9999 -9999 -9999 -9999 -9999 -9999 -9999 -9999 -9999 -9999 -9999 -9999 -9999 -9999 -9999 -9999 -9999 -9999 -9999 -9999 -9999 -9999 -9999 -9999 -9999 -9999 -9999 -9999 -9999 -9999 7.79993446590831 2.42222768068314 1.82927691936493 1.94336324930191 1.73443132638931
-9999 -9999 -9999 -9999 -9999 -9999 -9999 -9999 -9999 -9999 -9999 -9999 -9999 -9999 -9999 -9999 -9999 -9999 -9999 -9999 -9999 -9999 -9999 -9999 -9999 -9999 -9999 -9999 -9999 -9999 -9999 -9999 -9999 -9999 -9999 -9999 37.1749906539917 -9999 4.06871709823608 3.69232320785522 -9999 -9999 3.68047193118504 2.76646274328232 3.04551208019257 4.84313035011292 3.98041963577271 3.44191646575928 2.98242741823196 3.92280006408691 6.43072387576103 2.48955582578977 -9999 -9999 -9999 4.61586767435074 4.65242028236389 2.66195029020309 1.58531320095062 1.27324122190475 1.02516978979111 1.39592921733856
-9999 -9999 -9999 -9999 -9999 -9999 -9999 -9999 -9999 -9999 -9999 -9999 4.65402973914633 6.33825677633286 1.30024469892184 1.42028170824051 1.11709123849869 1.04397225379944 1.12509450316429 -9999 -9999 -9999 -9999 -9999 -9999 -9999 -9999 -9999 3.76287174224854 2.25661718845367 3.00813889503479 5.50421887636185 -9999 3.66949796676636 -9999 -9999 -9999 2.68547254800797 2.98936200141907 2.99771922826767 2.87220221757889 2.57452583312988 2.81878352165222 2.56203603744507 2.65339583158493 2.3950799703598 2.01230853796005 1.93144941329956 1.92136877775192 2.06447249650955 2.5505039691925 2.40953403711319 2.68406403064728 4.01303780078888 2.8383457660675 2.43878316879272 2.21914207935333 1.20891746878624 0.806946784257889 0.739424988627434 1.04211527109146 2.02497982978821
-9999 -9999 -9999 -9999 -9999 -9999 -9999 -9999 -9999 -9999 4.09191347658634 1.457544028759 1.49311879277229 1.34901604056358 1.40870323777199 1.35691353678703 1.24062377214432 1.35916051268578 1.18178701400757 1.011510014534 1.59908508426613 -9999 5.68661311268806 0.765024036169052 3.82024544477463 -9999 -9999 2.34405854586008 1.7671485543251 1.82612925767899 2.07692402601242 2.64710855484009 2.0767462849617 3.06594371795654 -9999 -9999 3.06196507629083 3.78868138790131 3.01953542232513 2.71162730455399 2.70076417922974 2.79057151079178 2.29855942726135 1.83143842220306 1.69262999296188 1.31849098205566 1.1242852807045 1.00206595659256 1.00617823004723 0.97332975268364 1.06073471903801 1.22162845730782 1.19613522291183 1.26258301734924 1.1128965318203 1.0964227616787 1.03380453586578 0.827787727117538 0.858453780412674 1.00751173496246 2.37159758806229 2.81054931879044
-9999 -9999 -9999 -9999 -9999 -9999 -9999 -9999 -9999 1.04063853621483 1.21424549818039 1.24205401539803 1.09636500477791 1.09802252054214 1.18114426732063 0.947278529405594 0.975862473249435 0.852740228176117 0.712424978613853 0.648572981357574 0.936657786369324 2.9887866973877 1.51351869106293 1.48225504159927 1.17294529080391 1.22325602173805 1.42294496297836 1.32040652632713 1.29306221008301 1.25748673081398 1.40612778067589 1.53489142656326 1.78468573093414 2.3228707909584 2.05838477611542 2.71111875772476 2.91924226284027 2.85956919193268 2.59375494718552 2.44262319803238 2.42401421070099 2.36301219463348 1.60105133056641 1.30342796444893 1.06887522339821 0.760615468025208 0.695449501276016 0.645697519183159 0.586266741156578 0.623274743556976 0.703644007444382 0.810014247894287 0.901651471853256 1.03607851266861 1.03669801354408 1.13148826360703 1.32795372605324 1.09648123383522 1.13666546344757 1.60962080955505 2.29099506139755 2.75078469514847
-9999 -9999 -9999 -9999 -9999 -9999 -9999 -9999 -9999 0.957349509000778 0.751758724451065 0.715497002005577 0.802851766347885 0.867495775222778 0.775908708572388 0.694097980856895 0.491990983486176 0.475127264857292 0.492922514677048 0.585915014147758 0.722883000969887 0.99906000494957 1.10528102517128 1.18973851203918 1.13802149891853 1.04271599650383 1.03335678577423 0.96764999628067 0.955114513635635 1.087317019701 1.17328798770905 1.48163777589798 1.61934453248978 1.95211726427078 2.22754794359207 2.50048041343689 2.50056982040405 2.71913927793503 2.69362431764603 2.37981301546097 2.0446942448616 1.66279792785645 1.03818297386169 0.806911468505859 0.751285493373871 0.770211786031723 0.699507012963295 0.602621242403984 0.489170998334885 0.598367258906364 0.944521486759186 1.04453095793724 1.12086975574493 1.78173905611038 1.86367499828339 2.00852108001709 1.79727905988693 1.64607900381088 1.25189477205276 1.67197716236115 5.20261967182159 6.67217516899109
-9999 -9999 -9999 -9999 -9999 -9999 -9999 -9999 -9999 0.79813277721405 0.724154233932495 0.685328230261803 0.627660021185875 0.576968237757683 0.60198001563549 0.573197990655899 0.579254999756813 0.526969492435455 0.52172327041626 0.523103266954422 0.584670022130013 0.546802505850792 0.592467740178108 0.655851021409035 0.712229266762733 0.756156027317047 0.82830074429512 0.82721471786499 0.902091711759567 0.999562472105026 1.0760655105114 1.1966564655304 1.28075096011162 1.35768520832062 1.44685497879982 1.55433529615402 1.55562829971313 1.48843798041344 1.37628453969955 1.15279796719551 0.983155488967896 0.812935531139374 0.681191995739937 0.680098503828049 0.690856486558914 0.71910448372364 0.796307265758514 0.708380252122879 0.586154982447624 0.686470493674278 0.707238748669624 0.943522542715073 1.01830270886421 1.60017371177673 1.85411256551743 1.91384929418564 1.37571823596954 1.79375249147415 2.3193524479866 3.21525156497955 5.21747624874115 4.09798264503479
1.41642639040947 1.15393799543381 1.50730866193771 1.84264880418777 -9999 -9999 -9999 2.43990258872509 2.68423801660538 2.01276129484177 0.644090250134468 0.542567253112793 0.495181515812874 0.514561504125595 0.517097264528275 0.535451978445053 0.571788758039474 0.594258740544319 0.613421246409416 0.597758263349533 0.536983519792557 0.574235245585442 0.567448496818542 0.735178515315056 0.993626207113266 1.07186847925186 1.06866073608398 1.04047349095345 0.962462246417999 0.970303505659103 1.02777823805809 1.12618947029114 1.16421675682068 1.16837096214294 1.17690753936768 1.12342724204063 1.07447925209999 1.03119295835495 0.909575253725052 0.754717469215393 0.68205825984478 0.652979269623756 0.59857651591301 0.60495525598526 0.599863484501839 0.61966198682785 0.665989503264427 0.63393522799015 0.627029255032539 0.728799015283585 0.82963952422142 0.943112254142761 1.16931447386742 1.57710975408554 1.81635975837708 2.07187271118164 1.92875772714615 2.40304720401764 2.86211174726486 3.01351940631866 1.16536724567413 1.04112151265144
0.674847006797791 0.598990872502327 1.50007206201553 1.22284045815468 1.21878603100777 1.10446429252625 0.757265210151672 0.723747745156288 0.683859005570412 0.811680793762207 0.830563455820084 0.654265478253365 0.591129004955292 0.684012740850449 0.713807255029678 0.684875249862671 0.674131482839584 0.684369742870331 0.672982513904572 0.685407757759094 0.776021987199783 0.823186486959457 0.91141802072525 1.11026099324226 1.01865971088409 0.832999527454376 0.742131739854813 0.720288768410683 0.772144496440887 0.78972601890564 0.797216266393661 0.811405509710312 0.796909511089325 0.792507022619247 0.784760981798172 0.763742208480835 0.754392027854919 0.732991486787796 0.672417014837265 0.643368020653725 0.605661749839783 0.581519991159439 0.580526992678642 0.584454014897346 0.596494495868683 0.616834491491318 0.617470487952232 0.616042479872704 0.631092756986618 0.676792502403259 0.903351008892059 1.07814225554466 1.44370803236961 2.57194429636002 2.65868031978607 2.63630318641663 1.89361953735352 1.58558017015457 1.09495049715042 0.942068248987198 1.19800651073456 1.57462567090988
0.795464627444744 0.730599738657475 1.21706199645996 1.08465823531151 1.01690402626991 0.98589152097702 0.950797498226166 0.815840989351273 0.781111478805542 0.826947033405304 0.937639474868774 0.955244243144989 1.03740075230598 1.12601700425148 1.09982621669769 1.03423422574997 1.08423525094986 1.07041651010513 1.07777327299118 1.08347028493881 1.04164803028107 1.01165628433228 1.01340222358704 0.982204467058182 0.835289239883423 0.793941020965576 0.793325275182724 0.7955242395401 0.786513715982437 0.768041253089905 0.774374216794968 0.762506246566772 0.745314002037048 0.736974745988846 0.735176995396614 0.713803499937057 0.717853501439095 0.709509015083313 0.661645486950874 0.570853516459465 0.603525727987289 0.597714766860008 0.575799018144608 0.572554484009743 0.567189753055573 0.567190513014793 0.591470271348953 0.562059000134468 0.524603247642517 1.17675071954727 1.35074552893639 1.54526245594025 1.82440942525864 1.80254620313644 1.48805174231529 1.17200848460197 1.09024500846863 1.13185277581215 1.20074701309204 1.17198300361633 1.7164905667305 2.39394593238831
0.864204369485378 0.990051001310349 0.968136012554169 1.17710101604462 0.970974773168564 0.928969502449036 0.911748737096786 0.691104769706726 0.66473700106144 0.695931002497673 0.749776482582092 0.959263533353806 0.83901447057724 0.904358983039856 0.772468507289886 0.845085024833679 0.837182253599167 0.854811787605286 0.883968740701675 0.890165269374847 0.912543743848801 0.941135287284851 0.93028798699379 0.90045154094696 0.870989978313446 0.870444774627686 0.86237695813179 0.829595267772675 0.778115272521973 0.756367474794388 0.799054473638535 0.836478710174561 0.812856763601303 0.803131520748138 0.777031481266022 0.685544237494469 0.667074009776115 0.660264730453491 0.666904494166374 0.650502741336823 0.661133229732513 0.666087001562119 0.599698483943939 0.565127983689308 0.612077236175537 0.609861731529236 0.536123245954514 0.552557229995728 0.576446995139122 1.48391622304916 1.84438580274582 1.87544631958008 1.75853544473648 1.32937502861023 1.14578622579575 1.11391049623489 1.20409351587296 1.21953973174095 1.15221601724625 1.15595850348473 1.38586503267288 1.98547875881195
0.465267017483711 0.574795514345169 1.10081022977829 1.10740578174591 0.640365019440651 0.547251015901566 0.604149743914604 0.56615249812603 0.553019240498543 0.69487202167511 0.706242755055428 0.984465748071671 0.857904016971588 1.27096724510193 0.766130268573761 0.811346232891083 0.872078239917755 0.967818707227707 0.997771471738815 0.988321512937546 0.971922039985657 0.928533732891083 1.07929274439812 1.13032498955727 1.04867023229599 0.963831782341003 0.96272474527359 0.979482024908066 0.941441237926483 0.982298254966736 0.974645286798477 0.969915747642517 0.935928761959076 0.904760956764221 0.873104989528656 0.772136270999908 0.698523759841919 0.687121510505676 0.674219995737076 0.637504488229752 0.664407759904861 0.669645756483078 0.722783267498016 0.603626981377602 0.587630242109299 0.654484480619431 0.576776996254921 0.611052006483078 0.674006268382072 1.33582279086113 1.83516597747803 1.79402858018875 1.48666575551033 1.01335653662682 1.08768671751022 1.16624101996422 1.3371450304985 1.38776251673698 1.44697201251984 1.35609295964241 1.35876524448395 1.80482172966003
0.457212746143341 0.438980251550674 0.499344751238823 0.471272259950638 0.422836482524872 0.41575799882412 0.463384509086609 0.533899515867233 0.431403011083603 0.541211262345314 0.530625745654106 0.510452270507812 0.477874517440796 0.542049765586853 0.652262270450592 0.744945019483566 0.774823486804962 0.95186322927475 0.860749483108521 0.856349229812622 0.872261255979538 0.886306464672089 1.28867921233177 1.28341349959373 1.16568303108215 0.987221986055374 1.03991174697876 1.05606374144554 1.08395174145699 1.08720150589943 1.03347900509834 0.965523719787598 0.917374491691589 0.934804469347 0.846608966588974 1.03322848677635 0.974110543727875 0.872919023036957 0.838032782077789 0.666341230273247 0.682447493076324 0.742369517683983 0.785304039716721 0.713733002543449 0.651028499007225 0.663366749882698 0.64505472779274 0.660164996981621 0.853505283594131 1.5294885635376 1.2273944914341 1.12922170758247 1.24853700399399 1.31860721111298 1.32379424571991 1.42847326397896 1.60007625818253 1.75166255235672 1.86301124095917 1.91770952939987 2.58319705724716 2.40546569228172
0.434076011180878 0.4310482442379 0.444318741559982 0.415575742721558 0.356027998030186 0.338999256491661 0.355503000319004 0.392459258437157 0.381341233849525 0.34757924079895 0.366378754377365 0.431376770138741 0.46782298386097 0.506519258022308 0.738174006342888 0.923813223838806 0.843732744455338 1.04088449478149 1.31740799546242 1.21970620751381 0.864791214466095 0.817241281270981 0.902065515518188 0.929909974336624 0.933250486850739 1.16549625992775 1.12540125846863 1.10621398687363 1.15921425819397 0.921599999070168 0.916827365756035 0.937529996037483 1.1474107503891 1.00624164193869 1.10502002388239 1.11357226967812 0.845660984516144 0.871797770261765 0.803262770175934 0.697046265006065 0.72928574681282 0.827180206775665 0.931461721658707 0.9009929895401 0.765491992235184 0.694725751876831 0.713968500494957 0.892358958721161 1.3787055015564 1.70983725786209 1.40098875761032 1.44828227162361 1.7545822262764 1.96135801076889 2.10591155290604 1.88284873962402 2.8155004786749 -9999 -9999 -9999 -9999 -9999
0.404639258980751 0.400958240032196 0.387461990118027 0.370867498219013 0.357338257133961 0.334341756999493 0.31292100995779 0.319591507315636 0.327364504337311 0.368116490542889 0.413544729351997 0.442481249570847 1.27392375469208 1.10194578766823 0.761095494031906 1.10793748497963 1.1329904794693 1.19017347693443 1.11710849404335 0.819480746984482 0.832529246807098 0.903063744306564 1.07336702942848 1.01023051142693 1.12406247854233 1.16920799016953 1.14773252606392 1.44059888883071 1.36058750748634 1.08509136736393 1.01674088090658 1.21555128693581 1.17605888843536 1.98907297849655 2.27352458238602 2.05717200040817 0.947984218597412 1.06226402521133 1.09012949466705 0.772309541702271 0.714128270745277 0.78200626373291 0.865820288658142 0.808071792125702 0.709582507610321 0.681456729769707 0.700554728507996 0.794232755899429 1.08057600259781 1.38359552621841 1.47915753722191 2.06943744421005 2.44360202550888 2.42672928687065 1.47358815884981 -9999 -9999 -9999 -9999 -9999 -9999 -9999
0.916894108057022 0.370576500892639 0.378186732530594 0.36727199703455 0.369372747838497 0.460597515106201 0.5051009953022 0.411831021308899 0.390141740441322 0.459134235978127 0.505182757973671 0.627424478530884 0.83763599395752 0.836055725812912 0.763149708509445 0.901375472545624 1.17709949612617 1.07172524929047 1.02438300848007 0.99496203660965 0.958326011896133 1.00400322675705 1.03537353873253 0.968625783920288 0.943912535905838 0.994471460580826 1.14717972278595 1.15610173344612 1.73896902799606 -9999 -9999 -9999 -9999 -9999 -9999 3.14426672458649 4.00726681947708 1.89496898651123 0.943387538194656 0.790386021137238 0.735562518239021 0.781354486942291 0.819299966096878 0.742353737354279 0.673389762639999 0.64471198618412 0.668559014797211 0.74752052128315 0.804123044013977 0.974478006362915 1.36613622307777 1.93605226278305 2.8639150261879 1.9762424826622 1.97624230384827 -9999 -9999 -9999 -9999 -9999 -9999 -9999
0.331874996423721 0.34926825016737 0.350430741906166 0.35096550732851 0.359591245651245 0.357073500752449 0.455259740352631 0.562356010079384 0.620785519480705 0.512475728988647 0.589516505599022 0.772664219141006 0.861262500286102 0.879850476980209 0.812035471200943 0.814599752426147 1.03129801154137 1.18459278345108 1.26199945807457 1.25909775495529 1.21204724907875 1.1122425198555 1.10687926411629 0.907203018665314 0.948842257261276 1.0401299893856 1.17639827728271 1.26091504096985 1.93256624042988 -9999 -9999 -9999 -9999 -9999 -9999 -9999 6.97871804237366 4.82206547260284 2.84279650449753 0.681914269924164 0.75933301448822 0.794651985168457 0.837257981300354 0.7433902323246 0.708495765924454 0.704504996538162 1.68712073564529 1.87537777423859 2.18433630466461 2.07347470521927 3.44647872447968 3.06826780736446 -9999 -9999 -9999 -9999 -9999 -9999 -9999 -9999 -9999 -9999
0.331845760345459 0.321387760341167 0.334024496376514 0.338597260415554 0.517603509128094 0.497151732444763 0.664358988404274 0.647791519761086 0.69148126244545 0.817107707262039 0.677669271826744 0.691170752048492 0.791857481002808 0.89268895983696 0.874715209007263 0.894755959510803 0.915540039539337 1.0324874818325 1.36142778396606 2.16107252584054 0.861827693401127 0.942524269223213 1.39684951305389 0.938151776790619 0.951941281557083 0.883310973644257 0.948882758617401 1.10496523976326 1.33337098360062 -9999 -9999 -9999 -9999 -9999 -9999 -9999 6.59250469207764 9.18533396720886 9.53643190860748 3.17546701431274 1.81589734554291 1.37448745965958 1.19981396198273 1.73389130830765 1.83399787545204 2.25445577502251 2.52870166301727 4.1518691778183 5.45999503135681 1.42055770754814 1.68604266643524 4.1921029239893 4.4488401229565 -9999 -9999 -9999 -9999 -9999 -9999 -9999 -9999 -9999
0.330709509551525 0.429708011448383 0.609966740012169 0.740157008171082 0.618710249662399 0.441475510597229 0.532865256071091 0.545950502157211 0.607473000884056 0.700294509530067 0.698964759707451 0.720918729901314 0.80850675702095 0.817432522773743 0.808552533388138 0.794522970914841 0.877102464437485 0.935703009366989 0.988564521074295 1.10196071863174 0.992378979921341 0.924480020999908 0.894870042800903 0.918364495038986 1.05230328440666 0.946465462446213 1.15869453549385 1.10510095953941 1.06218749284744 2.02091767787933 -9999 -9999 -9999 -9999 -9999 -9999 -9999 3.93373918533325 6.12549928575754 2.37043112090656 2.11878034472466 2.06944236159325 1.96932148933411 2.04658690094948 2.41044634580612 2.15693360567093 3.45858001708984 6.63558340072632 4.5467677116394 1.61928302049637 2.10832732915878 4.84100544452667 6.29464422966506 -9999 -9999 -9999 -9999 -9999 -9999 -9999 -9999 -9999
0.437683492898941 0.607844263315201 0.604061231017113 0.580427259206772 0.54695400595665 0.568730995059013 0.56675398349762 0.599289759993553 0.662078261375427 0.750385522842407 0.743870258331299 0.846481472253799 0.884280771017075 0.791660964488983 0.743387997150421 0.720639020204544 0.734862014651299 0.673437729477882 0.658816516399384 0.686010763049126 0.728813990950584 0.755167543888092 0.945696741342545 1.13094002008438 1.18003571033478 1.17363077402115 1.08118870854378 1.17871123552322 1.26050779223442 1.2965977191925 -9999 -9999 -9999 -9999 -9999 -9999 -9999 -9999 -9999 -9999 -9999 -9999 -9999 -9999 -9999 -9999 3.65490746498108 4.64730589730399 5.83623911440372 4.76849458092137 -9999 -9999 -9999 -9999 -9999 -9999 -9999 -9999 -9999 -9999 -9999 -9999
0.592693492770195 0.511650010943413 0.514198511838913 0.535794764757156 0.61388173699379 0.663139522075653 0.677757740020752 0.662267982959747 0.685584738850594 0.733341738581657 0.772020041942596 0.815431505441666 0.817398011684418 0.776917487382889 0.717383980751038 0.676983743906021 0.652143001556396 0.66449399292469 0.633456766605377 0.663436487317085 0.788854479789734 0.875451028347015 0.935240238904953 1.3525358709422 -9999 -9999 1.71542476614316 1.08655875921249 1.1121232509613 1.21215525269508 1.70003512501717 -9999 -9999 -9999 -9999 -9999 -9999 -9999 -9999 -9999 -9999 -9999 -9999 -9999 -9999 -9999 -9999 -9999 -9999 -9999 -9999 -9999 -9999 -9999 -9999 -9999 -9999 -9999 -9999 -9999 -9999 -9999
0.527207985520363 0.493272766470909 0.488984271883965 0.620508760213852 0.69540448486805 0.770836472511292 0.774429738521576 0.751052230596542 0.782259732484818 0.802500754594803 0.775718986988068 0.76909875869751 0.770220011472702 0.735189020633698 0.740067020058632 0.666335240006447 0.678903758525848 0.684288740158081 0.658260762691498 0.677742004394531 0.815130740404129 0.842679709196091 0.868068784475327 0.942830979824066 1.02246075868607 0.952401012182236 0.940509706735611 0.956793040037155 1.0215607881546 1.09817853569984 1.64204174280167 2.95393214623133 -9999 -9999 -9999 -9999 -9999 -9999 -9999 -9999 -9999 -9999 -9999 -9999 -9999 -9999 -9999 -9999 -9999 -9999 -9999 -9999 -9999 -9999 -9999 -9999 -9999 -9999 -9999 -9999 -9999 -9999
0.558902263641357 0.569279238581657 0.61286772787571 0.705542251467705 0.802379965782166 0.834466516971588 0.855829507112503 0.854923456907272 0.868952214717865 0.886320769786835 0.931075483560562 0.735726356506348 0.817521035671234 0.771556466817856 0.771188288927078 0.694916233420372 0.733334988355637 0.705736488103867 0.664520233869553 0.63916951417923 0.658872753381729 0.739642515778542 0.7707239985466 0.835310250520706 1.0149202644825 0.923873215913773 0.828402042388916 1.01939553022385 1.18514174222946 1.47062775492668 1.9270259141922 3.13563858774992 -9999 -9999 -9999 -9999 -9999 -9999 -9999 -9999 -9999 -9999 -9999 -9999 -9999 -9999 -9999 -9999 -9999 -9999 -9999 -9999 -9999 -9999 -9999 -9999 -9999 -9999 -9999 -9999 -9999 -9999
0.621586516499519 0.731370002031326 0.791120231151581 0.774078726768494 0.798885762691498 0.866990983486176 0.887214034795761 0.910791009664536 0.957797259092331 1.00992447137833 0.994059026241302 1.01347947120667 0.853458791971207 0.890484720468521 0.806374490261078 0.900873005390167 0.803240239620209 0.732078015804291 0.649258509278297 0.577234491705894 0.579536989331245 0.706935748457909 0.775123536586761 1.04138624668121 1.16515123844147 1.09979850053787 0.85399729013443 1.03958773612976 1.21196696162224 1.37642848491669 1.65960448980331 -9999 -9999 -9999 -9999 -9999 -9999 -9999 -9999 -9999 -9999 -9999 -9999 -9999 -9999 -9999 -9999 -9999 -9999 -9999 -9999 -9999 -9999 -9999 -9999 -9999 -9999 -9999 -9999 -9999 -9999 -9999
