EcologicalScience/Bass/data/rs_data_bass/chl_468.asc
NCOLS 226 
NROWS 124 
XLLCORNER -9.41648524995501 
YLLCORNER 47.587301625531 
CELLSIZE 0.0833 
NODATA_value -9999 
[rows 54 to 80 of 124, columns 0 to 61 of 226]
-9999 -9999 -9999 -9999 -9999 -9999 -9999 -9999 -9999 -9999 -9999 -9999 -9999 -9999 -9999 -9999 -9999 -9999 -9999 -9999 -9999 -9999 -9999 -9999 -9999 -9999 -9999 -9999 -9999 -9999 -9999 -9999 -9999 -9999 -9999 -9999 -9999 -9999 5.62661501753378 2.67705068737268 1.82333576051812 2.88935476541519 1.5818784981966 1.64252400398254 1.76385372877121 1.61932200193405 1.49079975485802 1.52929276227951 1.73384928703308 1.81338447332382 1.89110255241394 1.9065899848938 2.17797893285751 3.02246010303497 3.47425282001495 3.59163916110992 3.77577459812164 3.20643559098244 3.24242877960205 0.607058599591255 0.62790758907795 3.24286288735659
-9999 -9999 -9999 -9999 -9999 -9999 -9999 -9999 -9999 -9999 -9999 -9999 -9999 -9999 -9999 -9999 -9999 -9999 -9999 -9999 -9999 -9999 -9999 -9999 -9999 -9999 -9999 -9999 -9999 -9999 -9999 -9999 -9999 -9999 -9999 -9999 -9999 -9999 -9999 2.17980436303399 2.77637475728989 2.78152656555176 2.42088603973389 2.12261921167374 1.77144080400467 1.61293280124664 1.44679802656174 1.55740803480148 1.68732082843781 1.53251999616623 1.69695675373077 1.90276122093201 2.30735242366791 2.56486505270004 3.07711350917816 3.19031310081482 2.82458706200123 3.32146894380536 -9999 -9999 -9999 -9999
-9999 -9999 -9999 -9999 -9999 -9999 -9999 -9999 -9999 -9999 -9999 -9999 -9999 -9999 -9999 -9999 -9999 -9999 -9999 -9999 -9999 -9999 -9999 -9999 -9999 -9999 -9999 -9999 -9999 -9999 -9999 -9999 -9999 -9999 -9999 -9999 -9999 -9999 -9999 2.61568164825439 1.90917518734932 1.88266637921333 2.27257794141769 2.2265796661377 2.17091917991638 1.97393023967743 1.54764533042908 1.51522493362427 1.75176233053207 1.69811546802521 1.63249343633652 2.12604457139969 2.56429499387741 2.52235418558121 2.85177594423294 3.59134268760681 3.66899836063385 3.5862922668457 1.80854065418243 1.65724718570709 -9999 -9999
-9999 -9999 -9999 -9999 -9999 -9999 -9999 -9999 -9999 -9999 -9999 -9999 -9999 -9999 -9999 -9999 -9999 -9999 -9999 -9999 -9999 -9999 -9999 -9999 -9999 -9999 -9999 -9999 -9999 -9999 -9999 -9999 -9999 -9999 -9999 -9999 -9999 -9999 -9999 -9999 2.25646618008614 2.04800440371037 2.88517427444458 2.88324451446533 2.63649970293045 2.14897495508194 2.00840467214584 1.77975672483444 1.67872720956802 1.45631173253059 1.31330922245979 2.13936674594879 2.5937220454216 2.57308280467987 2.58614766597748 2.81749498844147 2.93352895975113 3.04269075393677 2.90296357870102 2.90517067909241 2.53632846128109 -9999
-9999 -9999 -9999 -9999 -9999 -9999 -9999 -9999 -9999 -9999 -9999 -9999 -9999 -9999 -9999 -9999 -9999 -9999 -9999 -9999 -9999 -9999 -9999 -9999 -9999 -9999 -9999 -9999 -9999 -9999 -9999 -9999 -9999 -9999 -9999 -9999 -9999 -9999 -9999 -9999 2.76867961061412 2.6399223357439 3.87430286407471 3.36862814426422 3.02424144744873 2.66265231370926 2.18612694740295 1.9706346988678 1.75722223520279 1.62575322389603 1.19677948951721 2.10441380739212 2.51975029706955 2.74697542190552 2.69632583856583 2.73049503564835 2.82630068063736 3.08311128616333 3.01360130310059 3.2466938495636 1.79879027334127 -9999
-9999 -9999 -9999 -9999 -9999 -9999 -9999 -9999 -9999 -9999 -9999 -9999 -9999 -9999 -9999 -9999 -9999 -9999 -9999 -9999 -9999 -9999 -9999 -9999 -9999 -9999 -9999 -9999 -9999 -9999 -9999 -9999 -9999 -9999 -9999 -9999 -9999 -9999 -9999 -9999 2.5745165348053 2.56497544050217 3.19221532344818 3.16494977474213 2.8719157576561 2.64993453025818 2.28858375549316 1.9159072637558 1.88328891992569 1.52617281675339 1.33788147568703 1.71446996927261 2.65248441696167 2.88472205400467 2.83250999450684 2.78468102216721 2.98242455720901 3.31315112113953 3.0682657957077 1.89629759341478 -9999 -9999
-9999 -9999 -9999 -9999 -9999 -9999 -9999 -9999 -9999 -9999 -9999 -9999 -9999 -9999 -9999 -9999 -9999 -9999 -9999 -9999 -9999 -9999 -9999 -9999 -9999 -9999 -9999 -9999 -9999 -9999 -9999 -9999 -9999 -9999 -9999 -9999 -9999 -9999 -9999 -9999 2.77052114903927 2.67154616117477 2.60786081850529 3.05065047740936 2.42251950502396 2.22084456682205 2.16470843553543 2.03076374530792 1.69647002220154 1.38128399848938 1.4787780046463 1.94022220373154 2.61301571130753 2.8904550075531 2.94239473342896 3.06028890609741 2.9782732129097 -9999 -9999 2.87881046533585 2.57177782058716 2.43473696708679
-9999 -9999 -9999 -9999 -9999 -9999 -9999 -9999 -9999 -9999 -9999 -9999 -9999 -9999 -9999 -9999 -9999 -9999 -9999 -9999 -9999 -9999 -9999 -9999 -9999 -9999 -9999 -9999 -9999 -9999 -9999 -9999 -9999 -9999 -9999 -9999 -9999 -9999 -9999 2.28482478155809 2.39857492026161 3.25956916809082 2.88845247030258 2.72529226541519 2.08550852537155 1.90008294582367 1.87401974201202 1.77945524454117 1.64304149150848 1.54898929595947 1.80465745925903 2.1767286658287 2.31576454639435 2.79180067777634 2.82004201412201 2.41245523095131 3.48529350757599 2.89023292064667 2.92709022760391 2.49102741479874 2.48282253742218 2.3832825422287
-9999 -9999 -9999 -9999 -9999 -9999 -9999 -9999 -9999 -9999 -9999 -9999 -9999 -9999 -9999 -9999 -9999 -9999 -9999 -9999 -9999 -9999 -9999 -9999 -9999 -9999 -9999 -9999 -9999 -9999 -9999 -9999 -9999 -9999 -9999 -9999 -9999 -9999 -9999 2.25106584280729 3.31004190444946 3.18465685844421 2.56948274374008 2.18826448917389 1.96718108654022 1.73042625188828 1.77799201011658 1.71403723955154 1.67115604877472 1.82763522863388 2.33281642198563 2.66943597793579 2.68255269527435 2.6938710808754 2.92745769023895 3.73226094245911 3.72939133644104 3.51687669754028 2.68306946754456 2.57073229551315 2.55004870891571 2.35674177110195
-9999 -9999 -9999 -9999 -9999 -9999 -9999 -9999 -9999 -9999 -9999 -9999 -9999 -9999 -9999 -9999 -9999 -9999 -9999 -9999 -9999 -9999 -9999 -9999 -9999 -9999 -9999 -9999 -9999 -9999 -9999 -9999 -9999 -9999 -9999 -9999 -9999 -9999 2.52146545323459 2.25358432531357 2.22629016637802 1.95330226421356 2.04089105129242 1.90440291166306 1.65883129835129 1.57921206951141 1.6961744427681 1.67102319002151 1.70104193687439 1.82256531715393 2.2586504817009 2.23370468616486 2.23067021369934 2.42783921957016 3.08203053474426 3.28197991847992 2.88964569568634 2.55617916584015 2.63838225603104 2.99825549125671 3.16606271266937 3.1370347738266
-9999 -9999 -9999 -9999 -9999 -9999 -9999 -9999 -9999 -9999 -9999 -9999 -9999 -9999 -9999 -9999 -9999 -9999 -9999 -9999 -9999 -9999 -9999 -9999 -9999 -9999 -9999 -9999 -9999 -9999 -9999 -9999 -9999 -9999 -9999 -9999 -9999 -9999 2.35744936019182 2.17367089167237 2.23562318086624 2.05553179979324 1.76257717609406 1.64989793300629 1.57344818115234 1.58565008640289 1.62025433778763 1.73673069477081 1.78772932291031 1.85565608739853 1.87884682416916 2.0294451713562 2.16137480735779 2.06765842437744 2.16856580972672 2.44596523046494 2.5820272564888 2.80652618408203 3.10409009456635 2.92489582300186 3.02537620067596 3.13264131546021
-9999 -9999 -9999 -9999 -9999 -9999 -9999 -9999 -9999 -9999 -9999 -9999 -9999 -9999 -9999 -9999 -9999 -9999 -9999 -9999 -9999 -9999 -9999 -9999 -9999 -9999 -9999 -9999 -9999 -9999 -9999 -9999 -9999 -9999 -9999 -9999 -9999 9.99522545997133 3.31116235256195 2.54166519641876 2.10784506797791 1.92499047517776 1.6145406961441 1.59672152996063 1.6902968287468 1.79084175825119 1.83586567640305 1.67643892765045 1.60108941793442 1.6854413151741 1.75210118293762 1.80533248186111 1.96941983699799 2.01525521278381 2.03515058755875 2.16850125789642 2.58985358476639 2.79687756299973 2.81891995668411 2.86454772949219 2.85709494352341 2.92924493551254
-9999 -9999 -9999 -9999 -9999 -9999 -9999 -9999 -9999 -9999 -9999 -9999 -9999 -9999 -9999 -9999 -9999 -9999 -9999 -9999 -9999 -9999 -9999 -9999 -9999 -9999 -9999 -9999 -9999 -9999 -9999 -9999 -9999 -9999 -9999 -9999 2.28439056873322 2.54266986250877 3.39060437679291 2.32678806781769 1.96914303302765 1.71866619586945 1.62490797042847 1.63048946857452 1.72987496852875 1.79450476169586 1.79261255264282 1.6606222987175 1.72436106204987 1.79305422306061 1.85826981067657 1.89940041303635 1.95829653739929 2.03146505355835 2.09946227073669 2.34196418523788 2.68692755699158 2.75504618883133 2.73897224664688 2.91099375486374 3.03018987178802 2.33333247900009
-9999 -9999 -9999 -9999 -9999 -9999 -9999 -9999 -9999 -9999 -9999 -9999 -9999 -9999 -9999 -9999 -9999 -9999 -9999 -9999 -9999 -9999 -9999 -9999 -9999 -9999 -9999 -9999 -9999 -9999 -9999 -9999 -9999 -9999 -9999 -9999 2.38532692193985 2.59552609920502 3.17781364917755 2.13419991731644 1.8519532084465 1.70434355735779 1.74181044101715 1.88871073722839 1.75929147005081 1.70176881551743 1.67710947990417 1.77717304229736 1.8041775226593 1.90026891231537 2.00307154655457 2.05161899328232 2.08028483390808 2.32674068212509 2.42925828695297 2.6164448261261 2.71052777767181 2.54537773132324 2.60848349332809 2.76218855381012 2.96582168340683 3.22422069311142
-9999 -9999 -9999 -9999 -9999 -9999 -9999 -9999 -9999 -9999 -9999 -9999 -9999 -9999 -9999 -9999 -9999 -9999 -9999 -9999 -9999 -9999 -9999 -9999 -9999 -9999 -9999 -9999 -9999 -9999 -9999 2.19275137782097 2.08400016278028 2.14738583564758 2.10493344068527 2.07517783074652 2.55773475766182 2.25631839036942 2.06610229611397 2.3650199174881 1.69338154792786 1.67928224802017 1.8046823143959 1.8088064789772 1.80209022760391 1.86028057336807 1.80149549245834 1.84370023012161 1.93067997694016 1.99132132530212 2.05716222524643 2.13828670978546 2.13867902755737 2.5201980471611 2.7434429526329 2.8524044752121 2.8242666721344 2.82163721323013 2.75008875131607 2.83714574575424 2.48422202467918 2.97882127761841
-9999 -9999 -9999 -9999 -9999 -9999 -9999 -9999 -9999 -9999 -9999 -9999 -9999 -9999 -9999 -9999 -9999 -9999 -9999 -9999 -9999 -9999 0.346259817481041 2.73358646035194 3.116340726614 3.3943372964859 3.1744849383831 3.01154091954231 2.32969951629639 2.3713601231575 1.96493017673492 1.92854708433151 2.04948449134827 1.97076827287674 2.32680451869965 2.695865213871 2.00355157256126 1.99392074346542 1.8557835817337 1.76709598302841 1.54834127426147 1.80235576629639 1.98448491096497 1.90366119146347 1.83894824981689 1.95237457752228 1.9971284866333 2.09964233636856 2.28826868534088 2.36487758159637 2.49830406904221 2.69854420423508 2.81436449289322 2.94124567508698 2.79494547843933 2.94173616170883 2.98513269424438 2.7335849404335 2.48544536443318 -9999 -9999 -9999
-9999 -9999 -9999 -9999 -9999 -9999 -9999 -9999 -9999 -9999 -9999 -9999 -9999 -9999 -9999 -9999 -9999 -9999 -9999 -9999 -9999 -9999 1.92726074159145 1.72156128287315 1.53186517953873 1.56444829702377 1.68980544805527 1.65040880441666 1.58497130870819 1.6983727812767 1.87999945878983 1.93041533231735 1.89130282402039 1.86613655090332 2.00990170240402 2.04869556427002 1.91824275255203 1.76583516597748 1.74622356891632 1.6435244679451 1.56262493133545 1.62523341178894 1.8447248339653 2.02117431163788 2.03944873809814 2.13187873363495 2.37327146530151 2.65043842792511 2.78766596317291 2.98136097192764 3.30026400089264 3.46557605266571 3.83921098709106 3.83816492557526 3.46772539615631 2.85959440469742 -9999 -9999 -9999 -9999 -9999 -9999
-9999 -9999 -9999 -9999 -9999 -9999 -9999 -9999 -9999 -9999 -9999 -9999 -9999 -9999 -9999 -9999 -9999 -9999 -9999 1.34120222708074 1.9989233314991 1.6931494474411 1.52408319711685 1.48093199729919 1.46658566594124 1.2895425260067 1.35220947861671 1.35759079456329 1.43205150961876 1.51376098394394 1.49536353349686 1.5305033326149 1.60149532556534 1.7188800573349 1.54928469657898 1.48063051700592 1.27666720747948 1.2990825176239 1.49356046319008 1.44634652137756 1.47664421796799 1.76411408185959 1.86665242910385 1.97390019893646 2.00907379388809 2.10704183578491 2.89441877603531 3.25926840305328 4.0503945350647 3.67158079147339 4.07439815998077 2.2603315114975 -9999 -9999 -9999 -9999 -9999 -9999 -9999 -9999 -9999 -9999
-9999 -9999 -9999 -9999 -9999 -9999 -9999 -9999 -9999 -9999 -9999 -9999 -9999 -9999 -9999 -9999 -9999 1.62709951400757 1.63978958129883 1.47047701478004 1.41360300779343 1.30044221878052 1.2664470076561 1.35981300473213 1.33286999166012 1.27673399448395 1.34508445858955 1.18295927345753 1.30856171250343 1.27130627632141 1.27715474367142 1.46532154083252 1.41166198253632 1.3348740041256 1.39888796210289 1.42713528871536 1.31427446007729 1.23430278897285 1.19813695549965 1.26756522059441 1.32337126135826 1.42634323239326 1.51372504234314 1.87436324357986 1.86535942554474 2.05793702602386 2.73341023921967 2.54220601916313 2.25583396716551 1.85817340558225 1.65333797173067 1.50760120153427 -9999 -9999 -9999 -9999 -9999 -9999 -9999 -9999 -9999 -9999
-9999 -9999 -9999 -9999 -9999 -9999 -9999 -9999 -9999 -9999 -9999 -9999 -9999 -9999 1.11282056219438 1.47544571757317 1.37936773896217 1.5723472237587 1.32499650120735 1.27836298942566 1.22271072864532 1.27883845567703 1.25911085307598 1.26406610012054 1.32010428607464 1.20023703575134 1.27417051792145 0.916935369372368 1.17387489974499 1.15135422348976 1.11210599541664 1.25347271561623 1.16698202490807 1.20115497708321 1.21437227725983 1.27875450253487 1.31127825379372 1.25106221437454 1.18960127234459 1.28781750798225 1.43912771344185 1.53592497110367 1.6134592294693 1.80734020471573 1.4440263658762 2.29967844486237 2.81336402893066 3.36475718021393 3.24875628948212 2.84680420160294 2.78654623031616 1.86177340149879 -9999 -9999 -9999 -9999 -9999 -9999 -9999 -9999 -9999 -9999
-9999 -9999 -9999 -9999 -9999 -9999 -9999 -9999 -9999 -9999 -9999 3.59663061158998 1.64258247613907 1.66957807540894 1.15034025907516 1.34780099987984 1.00691887210397 1.33311223983765 1.29843074083328 1.00811280485462 0.990621247328818 2.21149957180023 1.14091725647449 1.04210552852601 1.08342899009585 6.54281482994556 1.21783125400543 1.78431943058968 1.09377971291542 1.11180603504181 1.04103687317932 1.15062752366066 1.10074393947919 1.22338503599167 1.22614726424217 1.23430198431015 1.26514872908592 1.19178146123886 1.14936599135399 1.35753375291824 1.53808504343033 1.4761897623539 1.3994235098362 1.3761251270771 1.46911958232522 2.72454982995987 3.07327437400818 3.09778439998627 3.56823742389679 3.05488872528076 1.70194402337074 -9999 -9999 -9999 -9999 -9999 -9999 2.85573336482048 2.6459125343122 2.54741853475571 2.52276258719595 -9999
-9999 -9999 -9999 -9999 -9999 -9999 -9999 -9999 -9999 1.87106931209564 1.49917110800743 1.43242728710175 1.22637575864792 0.957955953829429 0.932492399916929 0.932140596649226 0.970509494052214 0.96028198389446 0.954006556202384 1.1477937400341 1.14340549707413 0.968078931793571 0.996496338397264 1.33145624399185 1.17268273234367 0.994982008548344 1.24378779530525 1.23479946702719 1.23131248354912 1.32605999708176 1.3860180079937 1.43613302707672 1.30495271086693 1.2952469587326 1.32517352700233 1.38119253516197 1.41846370697021 1.23987749218941 1.268121778965 1.32692392082775 1.4400315284729 1.41520196199417 1.59246075153351 1.88971799612045 1.53402408957481 1.44252469204366 1.5312817543745 1.5478600859642 3.52837264537811 2.95155608654022 3.16274392604828 3.40236139297485 2.158074537913 3.43275418281555 2.58489072322845 2.30934485793114 2.27287048101425 2.14093655347824 2.24236875772476 2.17913845181465 2.26067671650334 3.16605341434479
-9999 -9999 -9999 -9999 -9999 1.26511378037302 1.44448274374008 1.38211950659752 1.60888051986694 1.56319266557693 1.42553928494453 1.42324796319008 1.46934109926224 1.14006096124649 1.12258946895599 1.13725274801254 1.4120527356863 1.3117248415947 1.3389750123024 1.33030235767365 1.52400881052017 0.986695943400264 1.34578648209572 1.37872874736786 1.42750203609467 0.909991416861029 1.25487750023603 1.21939422190189 1.36727249622345 1.66844183206558 1.69275605678558 1.55117172002792 1.52991682291031 1.48625475168228 1.54646176099777 1.52287656068802 1.52075707912445 1.40156847238541 1.31327703595161 1.22227728366852 1.24966353178024 1.26699829101562 1.27675876021385 1.27692970633507 1.19793972373009 1.50534524023533 1.48463889956474 1.50149403512478 2.05660808086395 1.85923951864243 2.36734127998352 3.01426577568054 2.85771757364273 3.7920960187912 2.94435381889343 2.05837234854698 2.17360353469849 2.58775573968887 2.47828191518784 2.4416241645813 2.49506458640099 2.54309436678886
-9999 -9999 -9999 -9999 -9999 1.14564710855484 1.12765750288963 1.10675397515297 1.15788549184799 1.0805252790451 1.61545085906982 1.61391144990921 1.59772458672523 1.96345201134682 1.51688025891781 1.4363429993391 1.41011475026608 3.2352055311203 1.15334874391556 1.43887129426003 1.50448501110077 1.61702692508698 1.7831107378006 1.80154877901077 1.80439424514771 1.62078219652176 1.00055870662133 0.94821688781182 0.953062803867985 1.40043148398399 1.73035508394241 1.76653879880905 1.79265224933624 1.56508791446686 1.59356474876404 1.51796704530716 1.3383082151413 1.36083295941353 1.27737522125244 1.28522622585297 1.2714247405529 1.26843675971031 1.3505565226078 1.24143075942993 1.46137423375074 1.44482057585436 1.46148526668549 1.54662823677063 1.79220449924469 1.68082791566849 1.70274862647057 3.03317785263062 2.27081018686295 2.29053980112076 1.91551575064659 1.98761397600174 2.36349749565125 2.41072207689285 2.29475927352905 2.3408437371254 2.27964305877686 2.42901456356049
-9999 -9999 -9999 -9999 -9999 1.63050616979599 1.52135210037231 1.48099909722805 1.43069136142731 1.41347587108612 1.46044953167439 1.45939090847969 1.51613022387028 1.76775562763214 1.79292449355125 1.522141456604 1.48558723926544 1.52692651748657 1.55191200971603 1.62777149677277 1.66919696331024 1.62639141082764 1.6601055264473 1.76828241348267 1.69040179252625 1.55248868465424 1.57999044656754 1.09640865772963 1.07977485160033 1.4868877530098 1.7523854970932 1.78639948368073 1.75101006031036 1.60348355770111 1.55267018079758 1.43015402555466 0.87928727426027 1.26533854007721 1.32771375775337 1.3261222243309 1.3265894651413 1.33208325505257 1.39047449827194 1.2081844263217 1.25176670972039 1.35714000463486 1.32486683316529 1.49090328812599 1.60003566741943 1.521419942379 1.55884730815887 1.74130609631538 2.19663441181183 2.10955131053925 1.68180902302265 1.79832816123962 1.75907617807388 2.39475220441818 1.90834879875183 2.38119149208069 2.42605876922607 2.50692218542099
-9999 -9999 -9999 -9999 -9999 0.865612557530403 0.890325438976288 1.0675602555275 1.43438640832901 1.49507814645767 1.46392700076103 1.38721722364426 1.4148705303669 1.43475446105003 1.43690478801727 1.45496553182602 1.48823404312134 1.53404170274734 1.60251975059509 1.65937346220016 1.68976879119873 1.66440457105637 1.74247044324875 1.68492525815964 1.8104744553566 1.82499378919601 1.79922598600388 1.51628404855728 1.55147767066956 1.56557768583298 1.7139036655426 1.6705282330513 1.64627480506897 1.56256878376007 1.47282528877258 1.34187752008438 1.32507598400116 1.35369229316711 1.03397041931748 1.15634649340063 1.12352213356644 0.913451626896858 1.00655478984118 1.23277911543846 1.16878551595351 1.24346874917255 1.30935221209246 1.65170699357986 1.57579278945923 1.55660927295685 1.51069718599319 1.53522741794586 1.47551366686821 1.55032402276993 1.57439023256302 1.61162853240967 1.61726546287537 1.74036294221878 1.9056059718132 1.82574601471424 2.26960283517838 2.25849294662476
-9999 -9999 -9999 -9999 -9999 0.901074249954785 0.952353487412135 1.07599326968193 1.05026200413704 1.31299728155136 1.35962328314781 1.52244737148285 1.49308052659035 1.51068216562271 1.49127826094627 1.52816694974899 1.60355705022812 1.63949918746948 1.66446304321289 1.68188095092773 1.71203166246414 1.76958668231964 1.79050505161285 1.83523643016815 1.76109892129898 1.76284718513489 1.75729358196259 1.76131421327591 1.75348430871964 1.67797958850861 1.64224791526794 1.77123606204987 1.4940570294857 1.51009494066238 1.46793901920319 1.38992097973824 1.31463521718979 1.41317027807236 1.43756398558617 1.40570104122162 1.41835123300552 1.39876574277878 1.37216028571129 1.35539022088051 3.20774275436997 3.70800196006894 1.25041877872804 1.29411579756176 1.4446485042572 1.48749750852585 1.54783201217651 1.53877347707748 1.26196646690369 1.55132526159286 1.76074570417404 1.82752954959869 1.68694987893105 1.64597252011299 1.87401896715164 1.88253897428513 2.43442726135254 2.3464822769165
