EcologicalScience/Bass/data/rs_data_bass/chl_131.asc
NCOLS 226 
NROWS 124 
XLLCORNER -9.41648524995501 
YLLCORNER 47.587301625531 
CELLSIZE 0.0833 
NODATA_value -9999 
[rows 0 to 26 of 124, columns 62 to 123 of 226]
-9999 -9999 -9999 -9999 -9999 -9999 -9999 -9999 -9999 -9999 -9999 -9999 -9999 -9999 -9999 -9999 -9999 -9999 -9999 -9999 -9999 -9999 -9999 -9999 -9999 -9999 -9999 -9999 -9999 -9999 -9999 -9999 -9999 -9999 -9999 -9999 -9999 -9999 -9999 -9999 -9999 -9999 -9999 -9999 -9999 -9999 -9999 -9999 -9999 -9999 -9999 -9999 -9999 -9999 -9999 -9999 -9999 -9999 -9999 -9999 -9999 -9999
-9999 -9999 -9999 -9999 -9999 -9999 -9999 -9999 -9999 -9999 -9999 -9999 -9999 -9999 -9999 -9999 -9999 -9999 -9999 -9999 -9999 -9999 -9999 -9999 -9999 -9999 -9999 -9999 -9999 -9999 -9999 -9999 -9999 -9999 -9999 -9999 -9999 -9999 -9999 -9999 -9999 -9999 -9999 -9999 -9999 -9999 -9999 -9999 -9999 -9999 -9999 -9999 -9999 -9999 -9999 -9999 -9999 -9999 -9999 -9999 -9999 -9999
-9999 -9999 -9999 -9999 -9999 -9999 -9999 -9999 -9999 -9999 -9999 -9999 -9999 -9999 -9999 -9999 -9999 -9999 -9999 -9999 -9999 -9999 -9999 -9999 -9999 -9999 -9999 -9999 -9999 -9999 -9999 -9999 -9999 -9999 -9999 -9999 -9999 -9999 -9999 -9999 -9999 -9999 -9999 -9999 -9999 -9999 -9999 -9999 -9999 -9999 -9999 -9999 -9999 -9999 -9999 -9999 -9999 -9999 -9999 -9999 -9999 -9999
-9999 -9999 -9999 -9999 -9999 -9999 -9999 -9999 -9999 -9999 -9999 -9999 -9999 -9999 -9999 -9999 -9999 -9999 -9999 -9999 -9999 -9999 -9999 -9999 -9999 -9999 -9999 -9999 -9999 -9999 -9999 -9999 -9999 -9999 -9999 -9999 -9999 -9999 -9999 -9999 -9999 -9999 -9999 -9999 -9999 -9999 -9999 -9999 -9999 -9999 -9999 -9999 -9999 -9999 -9999 -9999 -9999 -9999 -9999 -9999 -9999 -9999
-9999 -9999 -9999 -9999 -9999 -9999 -9999 -9999 -9999 -9999 -9999 -9999 -9999 -9999 -9999 -9999 -9999 -9999 -9999 -9999 -9999 -9999 -9999 -9999 -9999 -9999 -9999 -9999 -9999 -9999 -9999 -9999 -9999 -9999 -9999 -9999 -9999 -9999 -9999 -9999 -9999 -9999 -9999 -9999 -9999 -9999 -9999 -9999 -9999 -9999 -9999 -9999 -9999 -9999 -9999 -9999 -9999 -9999 -9999 -9999 -9999 -9999
-9999 -9999 -9999 -9999 -9999 -9999 -9999 -9999 -9999 -9999 -9999 -9999 -9999 -9999 -9999 -9999 -9999 -9999 -9999 -9999 -9999 -9999 -9999 -9999 -9999 -9999 -9999 -9999 0.63735419511795 0.771672062521433 2.14671359583735 1.18434171751142 1.09182639420033 0.997931744903326 0.905690068379045 0.864413794130087 0.816439133137465 0.773598784580827 0.754139559343457 0.731557468883693 0.716664106585085 0.699645392596722 0.654109066352248 0.60263966023922 0.575097754597664 0.573116300627589 0.605160436592996 0.639204846695065 0.629338220693171 0.604986590333283 0.567483767867088 0.589703335426748 0.586165063083172 0.598286801017821 0.665884729474783 0.681699645705521 0.716972608119249 0.74899665825069 0.740262351930141 0.771655297838151 0.814207898452878 0.800429999828339
-9999 -9999 -9999 -9999 -9999 -9999 -9999 -9999 -9999 -9999 -9999 -9999 -9999 -9999 -9999 -9999 -9999 -9999 -9999 -9999 -9999 -9999 -9999 -9999 -9999 -9999 1.18186515569687 1.0627324283123 2.8799629881978 2.11955719068646 1.81927607953548 1.35855191387236 1.09181608445942 0.962170014157891 0.889811893925071 0.845466066151857 0.853629805147648 0.870893133804202 0.857792923226953 0.834978243336082 0.809955060482025 0.753199892118573 0.707293337211013 0.678650096990168 0.674647375009954 0.638576212339103 0.767697075381875 0.761503228917718 0.600670776329935 0.622949581593275 0.632907332852483 0.664308856241405 0.689771563746035 0.897338449023664 0.747298370115459 0.791022808291018 0.763646417297423 0.70416668895632 0.799639371223748 0.819610484875739 0.82337646279484 0.799840936437249
-9999 -9999 -9999 -9999 -9999 -9999 -9999 -9999 -9999 -9999 -9999 -9999 -9999 -9999 -9999 -9999 -9999 -9999 -9999 -9999 -9999 -9999 -9999 -9999 -9999 -9999 1.18186515569687 2.49636981636286 2.09167112410069 1.65442774817348 1.31840702332556 1.23005708120763 0.97637533955276 0.966834465041757 0.953500119969249 0.883066792041063 0.865467270836234 0.8441979624331 0.826301828026772 0.803736235946417 0.796153016388416 0.786028959788382 0.826201954856515 0.815166464075446 0.796193330548704 0.720347204245627 0.738106587901711 0.743621494621038 0.725098351947963 0.706810229457915 0.734889683313668 0.657026725821197 0.640055657364428 0.581543675623834 0.621519939042628 0.772617132402956 0.871544284746051 0.831086989492178 0.838945196941495 0.883701648563147 0.158280049264431 0.79054000787437
-9999 -9999 -9999 -9999 -9999 -9999 -9999 -9999 -9999 -9999 -9999 -9999 -9999 -9999 -9999 -9999 -9999 -9999 -9999 -9999 -9999 -9999 -9999 -9999 -9999 -9999 2.77155904099345 2.55254365503788 1.71689140610397 1.28912238590419 1.12082374468446 1.0006463304162 1.02744863368571 0.942727474495769 0.946628937497735 0.901112979277968 0.917711555957794 0.888316623866558 0.848733382299542 0.835390543565154 0.847490033134818 0.849607762880623 0.858541840687394 0.823862068355083 0.757454110309482 0.773933541029692 0.833621892146766 0.813376852311194 0.822145613841712 0.733967397361994 0.741406015120447 0.727704090066254 0.660925760865211 0.723887233994901 0.834967816248536 0.785037679597735 0.789676666259766 1.25905203726143 0.15812519416213 0.156528100371361 0.158398352563381 0.635018519125879
-9999 -9999 -9999 -9999 -9999 -9999 -9999 -9999 -9999 -9999 -9999 -9999 -9999 -9999 -9999 -9999 -9999 -9999 -9999 -9999 -9999 -9999 -9999 -9999 -9999 1.19121462106705 2.24600282683969 1.8618642501533 1.62909405492246 1.25034122541547 1.15728775598109 1.14736736565828 1.10536428540945 1.01505906321108 0.965401701629162 0.990479942411184 0.978522112593055 0.959961695596576 0.91679167561233 0.877309885807335 0.896523493342102 0.915480829775333 0.915055903606117 0.83893464691937 0.739386448636651 0.888818831183016 0.840166778303683 0.845367995090783 0.760437548160553 0.665257422253489 0.71335474960506 0.82947461027652 0.847447609528899 0.22450684979558 0.81210869550705 0.775047048926353 0.788599161431193 0.753035673871636 0.881354872137308 0.848912523128092 0.898202382028103 0.842675603926182
-9999 -9999 -9999 -9999 -9999 -9999 -9999 -9999 -9999 -9999 -9999 -9999 -9999 -9999 -9999 -9999 -9999 -9999 -9999 -9999 -9999 -9999 -9999 -9999 -9999 1.66252300143242 1.83050914853811 1.56213259510696 1.34648614749312 1.20814460143447 1.24357299506664 1.30841787345707 1.55804608762264 1.30849586427212 1.04120357148349 1.04182128421962 0.991473253816366 0.975805817171931 0.952534331940114 0.960636528208852 0.96622534096241 0.950928971171379 0.91185000166297 0.836396229453385 0.757269104942679 0.776597122661769 0.780334803275764 0.728124300017953 0.704258328303695 0.664718443527818 0.600940341129899 0.699093053117394 0.223580202460289 0.235086150467396 0.683645714074373 0.708930739201605 0.724111472256482 0.946136612445116 0.88596385717392 0.904627494513988 0.906218901276588 0.741159491240978
-9999 -9999 -9999 -9999 -9999 -9999 -9999 -9999 -9999 -9999 -9999 -9999 -9999 -9999 -9999 -9999 -9999 -9999 -9999 -9999 -9999 -9999 -9999 -9999 1.31647038459778 1.69845591858029 1.52412364818156 1.65218278393149 1.32066658325493 1.23339368216693 1.26484712027013 1.21667748503387 1.07023225352168 1.13996359705925 1.10110843554139 1.03629059717059 0.99762125685811 1.03488148190081 1.01362992078066 0.983191944658756 1.00049424357712 1.01257079467177 0.938644174486399 0.859108155593276 0.785497600212693 0.754006390459836 0.78436528891325 0.745483665727079 0.71014067530632 0.694863111712039 0.595320615917444 0.603477420285344 0.634297468699515 0.702692440710962 0.680151659063995 0.677444284781814 0.607901380397379 0.617153361439705 0.784449644386768 0.780827261507511 0.655449375510216 0.682797759771347
-9999 -9999 -9999 -9999 -9999 -9999 -9999 -9999 -9999 -9999 -9999 -9999 -9999 -9999 -9999 -9999 -9999 -9999 -9999 -9999 -9999 -9999 -9999 1.50594073534012 1.87138111889362 1.7527423761785 1.86605358682573 1.45122837089002 1.26529629528522 1.10828560777009 1.14768325723708 1.16336252354085 1.2315968144685 1.11862953566015 1.10285179875791 0.969226816669106 1.04033151268959 1.02962110005319 1.00322220101953 1.03721994906664 0.326257993280888 1.05624799802899 0.907718751579523 0.845499219372869 0.761661113239825 0.762335887178779 0.768286949023604 0.766362919472158 0.718052415177226 0.666228599846363 0.632269366644323 0.685978271998465 0.651654247194529 0.699166414327919 0.688960530795157 0.681920379400253 0.6389319896698 0.685434997081757 0.881471261382103 0.814172253012657 0.76748313754797 0.645896002650261
-9999 -9999 -9999 -9999 -9999 -9999 -9999 -9999 -9999 -9999 -9999 -9999 -9999 -9999 -9999 -9999 -9999 -9999 -9999 -9999 -9999 -9999 2.23059863553328 1.88631794382544 1.89912307262421 1.382423998788 1.30725442618132 1.23875343427062 1.1952074021101 1.19210181199014 1.34653704240918 1.19522628374398 1.00000120326877 1.0114591922611 1.01785948500037 0.92943868227303 0.979302814230323 1.01700540818274 1.06226748693734 1.23193168826401 0.386691541969776 0.835191988945007 0.929657245986164 0.79084106348455 0.754179957322776 0.746706635691226 0.75813074503094 0.759286425076425 0.714611174538732 0.672412625513971 0.58948583342135 0.68143252003938 0.688150425441563 0.652461407706141 0.660550370812416 0.636746630072594 0.659879483282566 0.795218519866467 0.838186621665955 0.693652004003525 0.694023708812892 0.723217964172363
-9999 -9999 -9999 -9999 -9999 -9999 -9999 -9999 -9999 -9999 -9999 -9999 -9999 -9999 -9999 -9999 -9999 -9999 -9999 -9999 2.64602583646774 1.95016155132028 2.13908398852629 1.9166351146996 1.74474437534809 1.40119904279709 1.30662003345788 1.28336857259274 1.2385184392333 1.1412846185267 1.05387260019779 0.982698099687696 0.964943043887615 1.08689578436315 1.07519740238786 1.04391312785447 1.04761288873851 1.01200195960701 1.01841449551284 0.504378241300583 0.521169343590736 1.60045425686985 1.22596380114555 1.08702415879816 0.907345508225262 0.902244161814451 0.936000452376902 0.821449628099799 0.759838068857789 0.719286234118044 0.677206674590707 0.634366826154292 0.695948143489659 0.676280006766319 0.639194242264095 0.60332163776222 0.640104755759239 0.674701385200024 0.71645750105381 0.696539752185345 0.644893117249012 0.705175489187241
-9999 -9999 -9999 -9999 -9999 -9999 -9999 -9999 -9999 -9999 -9999 -9999 -9999 -9999 -9999 -9999 -9999 -9999 -9999 -9999 2.1177331320198 1.57472659008844 2.04752030968666 1.70781077072024 1.53127088025212 1.4988719355315 1.17514163255692 2.22293051481247 1.27928113751113 1.17070618271828 1.13884064555168 1.09028803557158 1.11225850135088 1.14414086379111 1.13620337471366 1.17349182441831 1.06005789153278 1.00514865852892 0.979610128328204 1.00771010108292 1.05848867353052 1.23372002039105 0.44796707034111 3.13928028848022 1.57709132228047 1.43068197928369 1.16167287155986 0.936329327523708 0.780162208713591 0.73640485201031 0.73077779263258 0.674901872873306 0.663373753428459 0.671325132250786 0.618106067964905 0.614750904472251 0.197879827416995 0.691205509006977 0.684044487774372 0.626418367028236 0.568893983960152 0.552512988448143
-9999 -9999 -9999 -9999 -9999 -9999 -9999 -9999 -9999 -9999 -9999 -9999 -9999 -9999 -9999 -9999 -9999 -9999 -9999 2.6900061859804 4.53737847805023 3.71707568317652 3.34559456259012 1.76109626144171 1.92969753742218 1.37316654920578 1.10194963812828 1.27313290536404 1.26857537403703 1.22901785932481 1.14758070744574 0.986263012513518 1.04912616312504 1.10781605914235 1.10859994590282 1.17394643649459 1.09353116713464 1.12869015801698 1.09134062100202 1.09798202756792 1.2354385452345 2.61350566428155 2.6839313423261 2.85514647513628 1.29693576693535 0.988300393335521 1.09977523237467 0.877495841123164 0.915193872526288 0.734387032687664 0.745838217437267 0.720555007457733 0.61360360838865 0.610383675286644 0.55453931893173 0.590051328665332 0.591562889516354 0.616139106452465 0.587694019079208 0.573868133127689 0.55103062838316 0.540525510907173
-9999 -9999 -9999 -9999 -9999 -9999 -9999 -9999 -9999 -9999 -9999 -9999 -9999 -9999 -9999 -9999 -9999 -9999 8.06987423896789 5.32901952266693 5.59967608451843 6.3536406993866 3.37873823642731 2.63286544084549 1.89157143831253 2.18076195716858 1.3588972594589 1.38838887400925 1.37173576466739 1.13124568574131 0.969548754394054 1.02944147028029 1.21017137356102 1.15431219153106 1.10745137371123 1.23242435976863 1.27530028112233 1.48347892798483 2.06339087337255 1.94738328829408 2.11647305265069 2.21655191481113 1.67034938558936 1.50259048026055 1.39395930524915 1.14434474520385 1.13601619005203 0.291528875775197 0.283945372875999 0.810439623892307 0.739934146404266 0.726569399237633 0.660712242126465 0.704156735225728 0.715377975451319 0.699473325359194 0.651093707272881 0.612817481160164 0.634287744760513 0.591602742671967 0.598868735134602 0.594764485955238
-9999 -9999 -9999 -9999 -9999 -9999 -9999 -9999 -9999 -9999 -9999 -9999 -9999 -9999 -9999 -9999 -9999 11.068333485223 16.3171484947205 11.7373777389526 7.93161473274231 4.57588837146759 1.93391664028168 1.8934131860733 1.96809593439102 2.86293942928314 1.64909633398056 1.88805169053376 2.06635465286672 2.0465075969696 1.63937991857529 1.76596795767546 1.83544183708727 1.41007446683943 1.17213395051658 1.21882173232734 1.32525997236371 2.27528292126954 2.30392513610423 2.84342463500798 2.6717188116163 2.15103025361896 2.16886381153017 1.87567866314203 1.48245273437351 1.52514347434044 0.334940999308053 0.322742336374872 0.306195138131871 0.310532740810338 0.300975301686455 0.293599811985212 0.284385043470299 0.812973030303654 0.839092906368406 0.856395095586777 0.745833567098567 0.661961992320262 0.697148828914291 0.318013588587443 0.322104881791507 0.331391211379977
-9999 -9999 -9999 -9999 -9999 -9999 -9999 -9999 -9999 -9999 -9999 -9999 -9999 -9999 -9999 -9999 -9999 -9999 -9999 1.396366671512 6.85467479228973 3.3847170829773 3.17194724082947 2.17455656528473 0.79843039214611 0.606776696443558 0.738987991213799 0.826033613085747 1.36289578489959 1.28948497585952 0.798839637637138 1.31211764551699 1.50920360349119 1.35468842089176 1.23230241425335 1.2591491471976 1.42217390052974 3.53044881485403 3.27967893518507 3.59018891304731 3.66241663321853 2.19241015613079 2.00477224867791 1.37564577721059 1.22360847797245 0.310332301259041 0.311250173870255 0.320128012229415 0.327482163906097 0.325236310853678 0.310922514428111 0.296263324425501 0.28551599558662 0.290033916340155 0.24440444742932 0.903121056525331 0.346418072779973 0.35727958381176 0.394855082035065 0.452953591942787 0.755801886320114 1.05470276872317
-9999 -9999 -9999 -9999 -9999 -9999 -9999 -9999 -9999 -9999 -9999 -9999 -9999 -9999 -9999 3.38900818733069 10.8566010649611 6.45563197135925 7.0632027387619 5.67750718593597 13.8698449134827 8.90504326820374 3.47671303749085 1.48740507364273 0.83017728626728 0.937418460845947 0.731037500500679 0.871503275632858 1.44916296377778 1.18148874677718 1.1676037106663 1.23530802503228 1.46494826115668 1.42925127223134 1.65968248620629 2.0656329318881 1.46246228925884 1.98556509241462 2.95403377711773 3.42644628882408 2.86015959642828 2.68538723699749 2.68843959271908 1.43468368053436 1.20219337940216 0.29911269948763 0.297196288757464 0.301612598492819 0.31756041111315 0.31602388269761 0.31470040319597 0.292467272895224 0.289928788209663 0.267707466202624 0.281984643638134 0.455626613953534 0.633342832326889 0.522073010603587 0.432769099871318 0.832965768873692 0.866907387971878 0.495198910435041
-9999 -9999 -9999 -9999 -9999 -9999 -9999 -9999 -9999 -9999 35.2986888885498 35.2986888885498 13.7248649597168 1.97582490103585 27.7997828006744 16.9544855594635 17.7317673206329 17.05480260849 12.7936718940735 18.9135985136032 22.4061328887939 12.2912549972534 0.762941636145115 10.4438225746155 1.76825792874609 12.6591141700745 0.986665363822665 0.909106690968786 1.13951870799065 0.760546493530273 0.975989447906613 0.9951729811728 1.04289284348488 1.71214551664889 1.8409393876791 1.29532591067255 1.65393912792206 1.39237666502595 1.43250943534076 1.53240386210382 0.782331154681742 1.46565224230289 2.58665318787098 1.16956983692944 0.996950693428516 0.962783239781857 1.08974765241146 1.07981347292662 0.993599139153957 0.387814199661507 0.390193412409109 0.381864043719628 0.473463256657124 0.64485021084547 1.35403994098306 0.569873574025491 0.545524717253797 0.400081659356753 0.418957581122716 0.502137717078714 0.502137956373832 0.513691043152529
-9999 -9999 -9999 -9999 -9999 -9999 -9999 -9999 -9999 -9999 35.2986888885498 3.9083659566682 2.77167255431414 12.743035697937 17.5497992515564 18.5568047046661 11.9196108341217 19.3424669355154 8.20365993870367 2.43863372504711 1.68315998145512 1.21399090545518 0.764462266649519 1.13195454888046 19.9797823190689 1.06137710171086 1.08670959515231 1.10103983964239 0.678442910313606 0.716636046767235 0.534303229834352 0.511011284589767 0.90633113309741 0.871496150270104 0.411434210836887 1.50436295382679 2.6955018080771 1.81061920523643 0.833010762929916 0.763623535633087 0.89472770690918 0.922005102038383 0.859056860208511 0.888070002198219 0.993787504732609 1.05147909373045 0.77769509659094 0.592104703187943 0.523563142208492 0.464887692647822 1.15458250939846 0.831954392790794 0.63401029407978 1.19197919033468 0.880126893520355 0.640731606413336 0.641968191546552 0.610217854380608 0.620889981587728 0.609737267096837 0.568332466132501 0.557285125641262
-9999 -9999 -9999 -9999 -9999 -9999 -9999 -9999 -9999 -9999 -9999 -9999 14.894905089677 4.75678158507628 28.976349401474 3.92518195898637 -9999 -9999 -9999 -9999 -9999 -9999 1.18405327387154 1.44185329122203 1.34135208811079 1.21593866816589 1.13861792002405 1.04574817631926 0.964217822466578 9.97862099749701 1.58248408351626 0.520600041747093 0.953264705836773 0.959812765941024 0.504604756832123 0.330609337985516 1.25560531765223 1.37357833050191 1.39070826396346 2.25681181624532 1.43152431026101 0.940078960731626 0.835691869258881 0.620929188588086 0.888978076331756 1.11298550227109 0.926590346238192 0.645226741538328 0.636171285720432 0.633948013186455 0.630937483380823 0.637139571063659 1.01986722648144 0.568766870919396 0.588561081710984 0.657357584027683 0.640736087280161 0.622275561094284 0.639418164889018 0.556513766447703 0.509242113022243 0.519199748833974
-9999 -9999 -9999 -9999 -9999 -9999 -9999 -9999 -9999 -9999 -9999 -9999 -9999 16.6274771690369 16.6274771690369 16.6274771690369 -9999 -9999 -9999 -9999 -9999 -9999 4.94490551948547 4.94490551948547 4.94490551948547 0.308659605681896 1.24767455615495 1.22664603218436 0.640887430735997 1.38679637387395 0.845239539231573 0.850839608481952 0.865862859146936 0.857692358749254 1.15394913777709 1.0010452196002 1.29195668175817 0.336558969957488 1.17594635300338 0.597931754589081 1.26725141890347 0.334157249757222 0.587263229138711 0.47671892400831 0.726101856897859 0.435665369910352 0.642551540451891 0.588768913465388 0.575976522529826 0.576993855483392 0.591142132001765 0.660838773145395 0.637375205755234 0.672353057300343 0.674440503120422 0.609849938191473 0.611084240488708 0.640058995169752 0.652806630029398 0.64455532939995 0.671719342470169 0.630587508281072
-9999 -9999 -9999 -9999 -9999 -9999 -9999 -9999 -9999 -9999 -9999 -9999 -9999 -9999 -9999 -9999 -9999 -9999 -9999 -9999 -9999 -9999 -9999 -9999 -9999 -9999 1.99207472205162 2.58206139717783 1.97219979337284 1.34660324667181 1.16789142148835 0.896122398121016 0.842351796371596 0.817504623106548 0.765773688043867 0.811872111899512 0.329954191510166 0.343243762850761 0.338678245565721 0.370251910494907 0.361287333536893 0.358524230774492 0.358630131930113 0.483963889234206 0.510290328194113 0.519333527368658 0.62754987180233 0.481937195174396 0.466278861276805 0.522834481671453 0.59777393849457 0.578361093121416 0.560968074728461 0.534897505360491 0.546294150983586 0.637267341216405 0.702037165562312 0.646057645187658 0.625323270173634 0.624500570928349 0.587401996640598 0.892623457312584
-9999 -9999 -9999 -9999 -9999 -9999 -9999 -9999 -9999 -9999 -9999 -9999 -9999 -9999 -9999 -9999 -9999 -9999 -9999 -9999 -9999 -9999 -9999 -9999 -9999 -9999 -9999 5.93251166741053 2.71353894046375 1.72356230020523 2.1114442220756 1.87313108784812 1.40048432350159 0.908701364483152 0.776552039597716 0.658187180757523 0.508574724197388 0.433108458561557 0.387089407337563 0.392648892211063 0.38926180684939 0.390285660512745 0.382572656963021 0.372998779905694 0.352794587079968 0.370953855769975 0.389593080218349 0.607161848672799 0.61686797440052 0.664558072175298 0.652774672955275 0.546535371802747 0.567832821048796 0.55311536350671 0.59705442097038 0.721737921237946 0.685884483596858 0.647607181753431 0.608664051762649 0.625859099839415 0.846206855773926 0.856694439053535
