EcologicalScience/Bass/data/rs_data_bass/chl_88.asc
NCOLS 226 
NROWS 124 
XLLCORNER -9.41648524995501 
YLLCORNER 47.587301625531 
CELLSIZE 0.0833 
NODATA_value -9999 
[rows 54 to 80 of 124, columns 124 to 185 of 226]
2.22996685596613 1.91228172183037 1.69044855237007 1.61533954739571 1.42055730177806 1.84388212859631 1.81833006441593 2.1104975938797 1.81393897533417 1.72205333411694 1.56850799918175 1.43362404406071 1.44170036453467 1.48730262688228 1.49439340404102 1.67360402430807 1.73952767678669 1.81167429685593 1.90717360803059 1.5665211219054 1.6314426775162 1.74519919890624 1.66856182997043 1.8436383329905 1.7918666096834 1.71338079296626 1.60956485454853 1.6481401851544 1.62874633925302 1.78646316698619 2.16934233903885 2.31198801994324 2.32103939056397 2.45882694721222 2.53495621681213 2.56398369073868 2.51346558332443 2.3842887878418 1.95211254358292 2.55978155136108 1.65571740865707 1.57522786855698 2.05080099616732 1.48274808270591 1.53968261480331 1.6394221663475 2.04169633388519 2.4290796071291 3.39688923954964 3.30189715325832 5.59947331746419 5.55013636538857 5.61525913647243 4.57638548402225 5.70589808055333 5.8549861907959 7.22482422681955 13.1202864646912 18.7980540990829 11.2807478223528 11.9736071654728 13.8523059086721
2.31094604730606 2.23810917597551 1.84616283327341 1.70558584481478 1.71833885461092 1.7974449545145 1.92923985421658 1.9138638228178 1.99844052699896 2.02773057955962 1.88553375005722 1.78281873464584 2.05061273063932 2.0776372551918 2.06691664031574 2.41340913942882 1.96954235008785 2.0128601534026 2.04468553406852 2.0180672790323 2.0089290695531 2.0229561158589 2.28444738047464 2.02147386074066 2.05513514922215 2.0350151016162 2.17780636365597 2.01582727982448 1.8504530106272 1.90046785558973 2.13796875306538 2.26443691253662 2.15257792472839 2.38247971534729 2.40245186090469 2.36193845272064 2.33495808839798 2.10459369421005 1.78056854009628 1.60803371667862 1.55325065851212 1.48741519451141 1.44915504455566 1.43714554820742 1.55930106128965 1.8923807144165 2.60448619127274 3.38586013019085 4.60116764903069 4.89713758580825 3.26953209936619 5.41660150459835 5.29441217013768 5.79886599949428 6.51799162574436 6.41029564072104 10.5720698833466 -9999 -9999 -9999 -9999 -9999
2.44589399374448 2.34790769907144 2.23717683127948 1.91146326810122 1.80134861916304 1.71864999085665 1.75671753287315 1.77744546532631 1.69417655467987 1.78725188970566 1.85394911680903 1.8168189908777 1.83056255028798 1.81459384698134 1.88465207356673 1.92429162905766 2.04551086058983 2.02727409509512 2.26961148702181 2.2651061461522 2.3070273399353 2.50363819088255 2.92135660988944 2.79400128977639 2.49556225996751 2.28062705810253 2.03091525179999 2.1161646928106 2.12033821003778 2.08026056630271 2.1174178974969 2.36544312238693 2.1874920129776 2.03096126317978 2.01287378072739 2.08546509742737 2.15328673124313 1.95691120624542 1.78344625234604 1.53616555929184 1.37746551036835 1.35234640836716 1.45257826362337 2.25534296035767 2.27421830381666 2.64301335811615 3.16384705475398 7.07193727046251 5.79841906683786 5.08296387536185 3.59245705604553 5.37783658504486 6.28984502383641 14.1736017596113 -9999 -9999 -9999 -9999 -9999 -9999 -9999 -9999
3.08582444374378 2.62120416531196 2.51405117767198 2.44522192648479 1.96075674891472 2.00563690066338 1.93417252600193 1.84619490802288 1.92020197212696 1.93821150490216 1.89685133099556 1.98610561169111 1.93401877696698 1.99750270293309 1.89866911906462 2.02699320591413 2.24135789504418 2.37465864878434 2.5033258658189 2.57014779402659 2.69103719637944 2.77859707062061 2.67715381085873 2.60180148482323 2.53810407221317 2.56093065440655 2.22613360790106 2.10086014179083 2.02806557076318 2.09963234833309 2.05285510846547 1.97804855448859 2.1008425116539 1.96755775213242 2.04908049958093 1.8137761592865 1.82317839350019 1.78546965122223 1.79863076210022 1.17329256023679 1.47921926634652 1.47752406554563 1.95283134494509 2.10585641435214 1.98483127355576 3.04759231209755 3.76417585781642 7.69191836982692 4.34737491607666 4.33382896582286 4.07514500617981 5.3871134519577 8.28107643127441 -9999 -9999 -9999 -9999 -9999 -9999 -9999 -9999 -9999
5.15282329916954 3.31095036864281 2.98172155022621 2.87898182017463 2.81363116417612 2.73375649963106 2.07658615708351 2.23566287755966 2.20328973872321 2.15795166217364 2.16013911366463 1.99554088711739 1.98526773085961 1.95401747868611 2.03253149986267 2.13453341905887 2.68436430050777 2.85681686034569 2.73265286592337 2.74692671574079 2.69733672875624 2.76995722147135 2.79034547622387 2.53737634420395 2.38954313099384 2.36169531941414 2.21427659346507 2.18323130332507 2.07265965755169 1.96033100570951 1.90166721173695 2.07776925393513 1.9684527856963 1.89410289696285 1.91855322463172 1.88709096397672 1.64159518480301 1.66176540851593 1.57171754837036 1.41300197839737 1.46596331042903 1.35944647448403 2.15765999896186 2.45490151643753 2.81066772937775 3.37482127021341 7.4631836226112 5.55876847108205 5.06159770488739 4.71048450469971 4.71932240327199 8.76025283336639 51.3504291617352 -9999 -9999 -9999 -9999 -9999 -9999 -9999 -9999 -9999
-9999 5.48651654720306 4.29155026163374 3.550116113254 3.34436158623014 3.30176795380456 2.66457724571228 2.44651316106319 2.39886054396629 2.19175649540765 2.0840077655656 2.0439496086194 1.97753946483135 1.9547081887722 2.06682032346725 2.42232866585255 2.77364620992116 2.93926484584808 2.80855032205582 2.56608782364772 2.57718739601282 2.74764347076416 2.69753526724302 2.33062514662743 2.8403522509795 2.42416254373697 2.05558764476043 2.04958558999575 1.84775401864733 1.84028000491006 1.83589934844237 1.97316251482282 1.91256195306778 1.80267567634583 1.63521337509155 1.79916327340262 1.64398212432861 1.63195253610611 1.57009253501892 1.40464730262756 1.40535420179367 1.54652509689331 2.17385627031326 2.80093369483948 4.21756246510674 -9999 7.88593697547913 6.44891254107157 6.46129028002421 9.17871558666229 15.2332339494125 26.7815170288086 50.2012461786685 43.9065732274737 -9999 -9999 -9999 -9999 -9999 -9999 -9999 -9999
-9999 -9999 -9999 -9999 -9999 2.28387522697449 4.49211230278015 2.66130463778973 2.85153102023261 2.50715295757566 2.37743272100176 2.30957927022661 2.16835740896372 2.33407880365849 2.48913614451885 2.53994983434677 2.59594808633511 2.6711918592453 2.70184471607208 2.63424561023712 2.5325291633606 2.61790199463184 2.69100005810077 2.2229600250721 2.2348799854517 2.01869505643845 1.95924973946351 2.05607027732409 2.0335315649326 1.7762799688748 1.95203733444214 1.83751114777156 1.73854013851711 1.66564101832254 1.66473371641976 1.69868989501681 1.52750270366669 1.45892176628113 1.40474746227264 1.38537038564682 1.30264057104404 1.55385932097068 1.84731947183609 2.45115740299225 3.51935662329197 28.1530726384191 -9999 -9999 -9999 -9999 42.8076314926147 36.8288249235887 44.5019421210656 -9999 -9999 -9999 -9999 -9999 -9999 -9999 -9999 -9999
-9999 -9999 -9999 -9999 -9999 -9999 -9999 -9999 2.50197494029999 3.0196641939027 2.64334761637908 2.5129685997963 2.4020395049682 2.58859095206627 2.78479881928517 2.71516429919463 2.56397330760956 2.48283534049988 2.41506682634354 2.36068532466888 2.30121674537659 2.33202023506165 2.61579254040351 2.75336306828719 2.42254934140614 1.89199227946145 1.95379867920509 1.88306254148483 1.75902598244803 1.72206616401672 1.70412313086646 1.62033130441393 1.64671568359647 1.63110755171095 1.34415656328201 1.37698510885239 1.35728110074997 1.36635388731956 1.32863731980324 1.45660988092422 1.59750726222992 1.65905877351761 1.87779663801193 2.36123064756393 15.1202524014882 29.0682649612427 -9999 -9999 -9999 -9999 17.548882484436 23.8629062596489 38.332755724589 30.9344436645508 46.8768871307373 19.1577136350232 -9999 -9999 -9999 -9999 -9999 -9999
-9999 -9999 -9999 -9999 -9999 -9999 -9999 -9999 -9999 -9999 2.73498842349419 2.7310511469841 2.92034013569355 2.98774229104702 2.91754280145352 2.68208835675166 2.52561901165889 2.43574937582016 2.26268527507782 2.21961958408356 2.17215750217438 2.0302388880934 2.13006855891301 2.55363004548209 2.12636781590325 1.93636648995536 1.87321934529713 1.89541424172265 1.85516603503908 1.68623366526195 1.63356299911227 1.46433575153351 1.40690674781799 1.36046407222748 1.33468537330627 1.35010992288589 1.26695209145546 1.23193210959435 1.35802177190781 1.5827721953392 1.77046926021576 1.91340514421463 2.27583937644958 2.84127250313759 16.4060601013378 -9999 -9999 -9999 -9999 -9999 -9999 -9999 6.4771377146244 35.2686804603128 72.3979233333043 28.1766350609916 10.8786277770996 -9999 -9999 -9999 -9999 -9999
-9999 -9999 -9999 -9999 -9999 -9999 -9999 -9999 -9999 4.3704868555069 4.52354161441326 3.17530978642977 3.38643764074032 3.37494125962257 3.4015409052372 2.97671769674008 2.6324011362516 2.50215631264907 2.20438624620438 2.66025201173929 1.9515109700816 2.0111588537693 1.94115195955549 2.03324524845396 1.89959396634783 1.85669374465942 1.75804539237704 1.78215893677303 1.78449491092137 0.551225695226874 0.73883973381349 1.44700553417206 1.41007089614868 1.40640470981598 1.37097817659378 1.30040336847305 1.24278168678284 1.25102988481522 1.60765165090561 1.78733705282211 1.99193083047867 2.2478487610817 2.30401631764003 2.53643592340606 32.01934451212 33.0447750091553 -9999 -9999 -9999 17.8705263571306 28.1446945381165 17.6115132522583 19.7363325754801 21.1871159453141 55.4695798873901 32.3450337578269 -9999 -9999 -9999 -9999 -9999 -9999
-9999 -9999 -9999 -9999 -9999 -9999 -9999 -9999 -9999 -9999 8.86833558082581 4.24597574983324 3.80130299500057 3.55428144335747 3.07486166403844 2.95093041658401 2.7135955452919 2.54222220182419 2.20158426761627 2.01686704158783 2.44248027801514 2.25240261554718 1.2802867935254 1.84615268877574 1.70317531483514 1.70650746141161 1.71050104073116 1.62831141267504 1.56120936870575 1.55328713655472 1.55001209974289 1.44914076419977 1.55527786016464 1.48292833108168 1.45734174893453 1.51579401493073 1.50703845024109 1.61658546924591 1.81906266212463 2.02611424922943 2.1484406207289 2.2319754915578 2.69844482200486 2.83693441322872 9.83176539187292 -9999 -9999 -9999 -9999 -9999 38.9255798173987 30.7110160446167 26.0745699094689 22.6440526298855 29.4613615671794 -9999 -9999 -9999 -9999 -9999 -9999 -9999
-9999 -9999 -9999 -9999 -9999 -9999 -9999 -9999 -9999 3.67937564849854 3.86894332278859 3.88336658477783 3.63375765543718 3.20321100491744 3.06786476075649 2.97089910507202 2.7383745610714 2.45968601703644 2.11037120819092 2.5697323679924 2.34085471065421 2.30809873342514 2.10535725355148 1.71794723612922 1.68910986185074 1.66846247230257 1.67013711588723 1.57387228012085 1.50760527849197 1.54450771808624 1.60002628564835 1.6588892698288 1.80525583028793 1.89575951099396 1.80703796790196 1.58950443193316 1.7661015348775 2.03689836263657 2.11017820835114 1.47342736167567 1.78925726243428 2.83417040961129 3.32434461797987 5.95770712269163 3.86466658115387 -9999 -9999 -9999 -9999 -9999 18.4806488309588 51.3720327104841 28.6901771282328 -9999 -9999 -9999 -9999 -9999 -9999 -9999 -9999 -9999
-9999 -9999 -9999 -9999 -9999 -9999 -9999 -9999 -9999 3.63013035600836 3.54859747205462 3.52643353598458 3.20490603722059 2.86455869216185 2.94178944826126 2.71576152741909 2.18072144687176 1.92649273574352 2.43316830121554 2.30594390630722 2.4565100222826 2.30146573483944 1.97316816023418 1.78623752934592 1.72418804679598 1.63933038711548 1.62210868937629 1.72286802530289 1.48940854413169 1.52302141274725 1.75615433735006 1.63925712108612 2.02741520404816 2.10595172643661 2.11998091936111 1.90679436922073 1.90407577157021 1.89556492439338 1.96959619862693 2.53772242069244 2.61945182085037 3.1441201210022 3.40363531112671 12.9704657011819 3.86466693878174 -9999 -9999 -9999 -9999 12.1949715614319 -9999 -9999 -9999 -9999 -9999 -9999 -9999 -9999 -9999 -9999 -9999 -9999
-9999 -9999 -9999 -9999 -9999 -9999 -9999 -9999 -9999 3.62934345858438 3.73248181893275 3.49423723037426 3.41958714448489 2.78012491189516 2.441919867809 2.3506560087204 1.83946573734283 1.83934217691422 2.28410361363338 2.15671186263745 2.1276026734939 2.03579269464199 2.04235424101353 1.71782104458128 1.655206152371 1.6247153367315 1.70621164639791 1.85050221284231 1.90194461743037 1.58650717990739 1.81913889506284 2.08566681146622 2.1475500702858 2.28244231939316 2.07807692197653 1.83050278516916 2.41672928631306 2.45706080113138 2.59871797902243 2.07586612445968 2.18314754962921 3.12033619880676 7.50579176939927 -9999 -9999 -9999 -9999 -9999 -9999 -9999 -9999 -9999 -9999 -9999 -9999 -9999 -9999 -9999 -9999 -9999 -9999 -9999
-9999 -9999 -9999 -9999 -9999 -9999 -9999 -9999 -9999 4.14361458558303 3.89449522128472 3.44024870945857 3.16685086947221 2.63762346597818 2.52302329356854 2.29735290087186 1.94617041349411 1.69595811622483 1.75366488524846 2.10910503566265 2.01956753432751 1.9229436814785 1.79692777991295 1.69975765049458 1.58485773631505 1.63353770971298 1.68779777779299 1.8997971812884 1.93826834857464 1.70494091085025 1.51706436702183 2.2615947842598 2.34023050069809 1.97074929305485 1.99788568701063 2.56105344210352 2.42617027248655 2.51637662734304 2.71631413698196 2.15485362921442 3.11970405578613 10.1331925043246 3.84108569823116 -9999 -9999 -9999 -9999 -9999 -9999 -9999 -9999 -9999 -9999 -9999 -9999 -9999 -9999 -9999 -9999 -9999 -9999 -9999
-9999 -9999 -9999 -9999 -9999 -9999 -9999 3.28386068344116 3.90150534695592 3.75640841630789 3.53097752424387 3.09803465696482 2.92108253332285 2.33462454722478 2.30877864360809 2.06016993064147 1.887126321976 1.77461006385939 1.79648884534836 1.91424429416656 1.83690641820431 1.79869692027569 1.77985682299263 1.71652333673678 1.51415967590669 1.62507557167726 1.85910245776176 1.98335887491703 1.74080055100577 1.79598691208022 1.39942909777164 2.35776008367538 2.40997757911682 2.02796911341803 2.03353237254279 2.24895238024848 2.23843284589904 2.21145322067397 2.1972904418196 2.88151814937592 6.50201306701864 5.69786846637726 3.25656187534332 -9999 -9999 -9999 -9999 -9999 -9999 -9999 -9999 -9999 -9999 -9999 -9999 -9999 -9999 -9999 -9999 -9999 -9999 -9999
-9999 -9999 -9999 -9999 -9999 -9999 4.34891504900796 4.26552961089394 4.54787039756775 3.83901145825019 3.24028540574587 2.88625125701611 2.8325062256593 2.21691551575294 2.05840450066787 1.92145166488794 1.83585002330633 1.90659037828445 1.81457687616348 1.85360611975193 1.77833139896393 1.67291260957718 1.49584110081196 1.51832985877991 1.65070201456547 1.80442070960999 2.11134208738804 2.21501643955708 1.87615868874959 2.23784919788963 1.95374035835266 2.2413125872612 2.37376296520233 2.41443115931291 2.31019546893927 2.39480811815995 2.419139283044 2.43892613053322 3.13032774925232 -9999 -9999 -9999 -9999 -9999 -9999 -9999 -9999 -9999 -9999 -9999 -9999 -9999 -9999 -9999 -9999 -9999 -9999 -9999 -9999 -9999 -9999 -9999
-9999 -9999 -9999 -9999 4.06835013628006 4.15590714324604 4.309197306633 3.84714128289904 3.36532777547836 3.04521673545241 3.05941479206085 2.76712015958933 2.64163378110299 2.26528966426849 1.96169583155559 1.86410097433971 1.6637595479305 1.66792910546064 1.72723992168903 1.80470967292786 1.83727169036865 1.74421030282974 1.71864522993565 1.83860854804516 1.95359422266483 2.05325541893641 2.17477838198344 1.84616745369775 1.97839547906603 2.07615895782198 2.31491417884827 2.38316742181778 2.51849164962769 2.5946564912796 2.50567457309136 2.63455603672908 2.96007716655731 10.3710846525899 -9999 -9999 -9999 -9999 -9999 -9999 -9999 -9999 -9999 -9999 -9999 -9999 -9999 -9999 -9999 -9999 -9999 -9999 -9999 -9999 -9999 -9999 -9999 -9999
-9999 -9999 -9999 -9999 4.07794010639191 4.29576194286346 3.5556845835277 3.43430144446237 3.28534398078918 2.82174417972565 2.59209101200104 2.71839327995594 2.05796540634973 1.78873152392251 1.44539413281849 1.44554535831724 1.5138116138322 1.62402599304914 1.55330172926188 1.60998107492924 1.59553664177656 1.67964260280132 1.73167955875397 1.74201661348343 1.75367107987404 1.8240814357996 2.1880499124527 1.5947193145752 1.5400716318534 2.08993917703629 2.31570174694061 2.48933397531509 2.41520547866821 2.58378425836563 2.71735923630851 3.04183888435364 3.65107367038727 -9999 -9999 -9999 -9999 -9999 -9999 -9999 -9999 -9999 -9999 -9999 -9999 -9999 -9999 -9999 -9999 -9999 -9999 -9999 -9999 -9999 -9999 -9999 -9999 -9999
-9999 6.02923732096922 4.07491327467419 5.70155747731527 3.88895889123281 3.63186514377594 3.45632457733154 3.4363996386528 3.4174697124041 2.54923593080961 2.2971133177097 2.69347027631906 2.07627232585634 1.82279128687722 1.6185841517789 1.76057231426239 1.57861818373203 1.55317577719688 1.56323906779289 1.52827631682158 1.5160743445158 1.47055953053328 1.53071605414152 1.60932317376137 1.7113510966301 1.86658403277397 1.93537513911724 2.05906015634537 1.74988921625274 2.32799221277237 2.41401232481003 2.51544951200485 2.55585530826024 2.88966794013977 3.19417127966881 -9999 -9999 -9999 -9999 -9999 -9999 -9999 -9999 -9999 -9999 -9999 -9999 -9999 -9999 -9999 -9999 -9999 -9999 -9999 -9999 -9999 -9999 -9999 -9999 -9999 -9999 -9999
3.74255595308669 4.7869815996715 4.36324499334608 4.98919905935015 3.74570596218109 3.50299745256251 3.4733756238764 3.53119657256387 3.29609071124684 2.93335442109541 2.56085433743217 2.44202646342191 2.38584195483815 2.07276596806266 1.92816271565177 1.84058076143265 1.45265998748633 1.46606733248784 1.36982065668473 1.52473088353872 1.50577814877033 1.41576711718853 1.45762364910199 1.50657362662829 1.90424376726151 1.98141092061996 2.06173206567764 2.1376993894577 1.80349875773702 2.34507302045822 2.65693192481995 2.91454298496246 2.95127484798431 -9999 -9999 -9999 -9999 -9999 -9999 -9999 -9999 -9999 -9999 -9999 -9999 -9999 -9999 -9999 -9999 -9999 -9999 -9999 -9999 -9999 -9999 -9999 -9999 -9999 -9999 -9999 -9999 -9999
4.46749410262475 4.2301762898763 3.78416950362069 3.85488386587663 3.59724279967221 3.42873322963715 3.35231611945412 3.2918445630507 3.03698382594369 2.85656680844047 2.391498002139 1.74055218696594 1.85364800691605 1.93974679708481 2.44425296783447 2.09939557313919 1.7933638475158 1.51090997457504 1.45592099428177 1.47292625904083 1.56319224834442 1.52389401197433 1.52206301689148 1.65665829181671 1.93802452087402 2.00776201486588 2.08578379665102 2.2595719575882 2.3731952548027 2.69052554368973 2.97117185592651 3.02850081920624 3.14100115299225 7.63092555497822 20.6275851543133 3.52921348268336 -9999 -9999 -9999 -9999 -9999 -9999 -9999 -9999 -9999 -9999 -9999 -9999 -9999 -9999 -9999 -9999 -9999 -9999 -9999 -9999 -9999 -9999 -9999 -9999 -9999 -9999
4.21838882836428 4.03689733418551 3.83471274375916 4.08552165464921 3.39645243774761 3.31724787842144 3.20799474282698 2.81154438582334 2.7332249879837 2.41766638105566 2.18349877270785 1.61215448379517 1.82105976343155 1.89417278766632 1.80612075870687 1.64233369718898 1.60778204961257 1.62219673395157 1.59363651275635 1.61168122291565 1.52162379026413 1.55599451065063 1.66293799877167 1.79658818244934 1.99633103609085 2.07922726869583 2.2430237531662 2.34569352865219 2.88476622104645 3.06014335155487 4.49176648946909 -9999 -9999 -9999 -9999 -9999 -9999 -9999 -9999 -9999 -9999 -9999 -9999 -9999 -9999 -9999 -9999 -9999 -9999 -9999 -9999 -9999 -9999 -9999 -9999 -9999 -9999 -9999 -9999 -9999 -9999 -9999
3.95280013301156 4.20949041843414 4.44408118724823 3.95619181069461 3.72351710362868 3.56988020376726 3.3336915102872 2.71501382914456 2.62167211012407 2.36447105624459 2.01044076139277 1.61983400583267 1.68763250112534 1.62535572052002 1.63385872949253 1.58545465902849 1.60002872618762 1.4158566810868 1.82180273532867 1.57109200954437 1.67473274469376 1.85982424020767 1.97187572717667 2.08623945713043 2.32382333278656 2.48902374505997 2.5766424536705 2.56062304973602 3.03784739971161 3.12925945628773 2.86480346918106 3.01862539350986 -9999 -9999 -9999 -9999 -9999 -9999 12.4047760645548 12.6942715644836 -9999 -9999 -9999 -9999 -9999 -9999 -9999 -9999 -9999 -9999 -9999 -9999 -9999 -9999 -9999 -9999 -9999 -9999 -9999 -9999 -9999 -9999
4.28614159992763 5.2110170992938 4.77231577309695 4.22283896155979 4.53513419628143 4.57213175296783 2.98113679885864 3.02646899223328 2.63721799850464 2.08235510912808 1.81283162940632 1.67834621667862 1.59552174806595 1.46538054943085 1.62935287844051 1.40081332488493 1.3717494932088 1.74483144283295 1.58947998285294 2.08045929670334 2.13694220781326 2.2063502073288 2.26627427339554 2.60765743255615 2.82777118682861 3.03147435188293 3.14974439144135 2.85798319361427 2.91060396872069 2.93496373166209 5.121434249376 3.42093944549561 -9999 -9999 -9999 -9999 -9999 -9999 -9999 -9999 -9999 -9999 -9999 -9999 -9999 -9999 -9999 -9999 -9999 -9999 -9999 -9999 -9999 -9999 -9999 -9999 -9999 -9999 -9999 -9999 -9999 -9999
-9999 -9999 -9999 -9999 -9999 3.42254877090454 3.71275382382529 3.21949953382665 2.2343897819519 1.95422474904494 1.50801426172256 1.49885553121567 1.3661504983902 1.35881227254868 1.06478891047564 1.33787626028061 1.52302050590515 1.64482700824738 2.75600320100784 2.88593649864197 2.57576858997345 2.65910351276398 2.688631772995 2.90399253368378 2.94149173931642 3.02748979462518 -9999 -9999 -9999 -9999 -9999 -9999 -9999 -9999 -9999 -9999 -9999 -9999 -9999 -9999 -9999 -9999 -9999 -9999 -9999 -9999 -9999 -9999 -9999 -9999 -9999 -9999 -9999 -9999 -9999 -9999 -9999 -9999 -9999 -9999 -9999 -9999
-9999 -9999 -9999 -9999 -9999 -9999 2.8876633644104 2.5138833956285 1.93912577629089 1.54633796215057 1.46879249811172 1.11200339685787 1.27730393951589 1.26158242334019 1.36119144071232 1.84869260137731 1.87607844309373 2.03799398920753 2.33123401620171 3.58122491836548 3.15670169802273 2.58328140154481 2.69415270230349 2.54385801676278 -9999 -9999 -9999 -9999 -9999 -9999 -9999 -9999 -9999 -9999 -9999 -9999 -9999 -9999 -9999 -9999 -9999 -9999 -9999 -9999 -9999 -9999 -9999 -9999 -9999 -9999 -9999 -9999 -9999 -9999 -9999 -9999 -9999 -9999 -9999 -9999 -9999 -9999
