EcologicalScience/Bass/data/rs_data_bass/chl_232.asc
NCOLS 226 
NROWS 124 
XLLCORNER -9.41648524995501 
YLLCORNER 47.587301625531 
CELLSIZE 0.0833 
NODATA_value -9999 
[rows 0 to 26 of 124, columns 62 to 123 of 226]
-9999 -9999 -9999 -9999 -9999 -9999 -9999 -9999 -9999 -9999 -9999 -9999 -9999 -9999 -9999 -9999 -9999 -9999 -9999 -9999 -9999 -9999 -9999 -9999 -9999 -9999 -9999 -9999 -9999 -9999 -9999 -9999 -9999 -9999 -9999 -9999 -9999 -9999 -9999 -9999 -9999 -9999 -9999 -9999 -9999 -9999 -9999 -9999 -9999 -9999 -9999 -9999 -9999 -9999 -9999 -9999 -9999 -9999 -9999 -9999 -9999 -9999
-9999 -9999 -9999 -9999 -9999 -9999 -9999 -9999 -9999 -9999 -9999 -9999 -9999 -9999 -9999 -9999 -9999 -9999 -9999 -9999 -9999 -9999 -9999 -9999 -9999 -9999 -9999 -9999 -9999 -9999 -9999 -9999 -9999 -9999 -9999 -9999 -9999 -9999 -9999 -9999 -9999 -9999 -9999 -9999 -9999 -9999 -9999 -9999 -9999 -9999 -9999 -9999 -9999 -9999 -9999 -9999 -9999 -9999 -9999 -9999 -9999 -9999
-9999 -9999 -9999 -9999 -9999 -9999 -9999 -9999 -9999 -9999 -9999 -9999 -9999 -9999 -9999 -9999 -9999 -9999 -9999 -9999 -9999 -9999 -9999 -9999 -9999 -9999 -9999 -9999 -9999 -9999 -9999 -9999 -9999 -9999 -9999 -9999 -9999 -9999 -9999 -9999 -9999 -9999 -9999 -9999 -9999 -9999 -9999 -9999 -9999 -9999 -9999 -9999 -9999 -9999 -9999 -9999 -9999 -9999 -9999 -9999 -9999 -9999
-9999 -9999 -9999 -9999 -9999 -9999 -9999 -9999 -9999 -9999 -9999 -9999 -9999 -9999 -9999 -9999 -9999 -9999 -9999 -9999 -9999 -9999 -9999 -9999 -9999 -9999 -9999 -9999 -9999 -9999 -9999 -9999 -9999 -9999 -9999 -9999 -9999 -9999 -9999 -9999 -9999 -9999 -9999 -9999 -9999 -9999 -9999 -9999 -9999 -9999 -9999 -9999 -9999 -9999 -9999 -9999 -9999 -9999 -9999 -9999 -9999 -9999
-9999 -9999 -9999 -9999 -9999 -9999 -9999 -9999 -9999 -9999 -9999 -9999 -9999 -9999 -9999 -9999 -9999 -9999 -9999 -9999 -9999 -9999 -9999 -9999 -9999 -9999 -9999 -9999 -9999 -9999 -9999 -9999 -9999 -9999 -9999 -9999 -9999 -9999 -9999 -9999 -9999 -9999 -9999 -9999 -9999 -9999 -9999 -9999 -9999 -9999 -9999 -9999 -9999 -9999 -9999 -9999 -9999 -9999 -9999 -9999 -9999 -9999
-9999 -9999 -9999 -9999 -9999 -9999 -9999 -9999 -9999 -9999 -9999 -9999 -9999 -9999 -9999 -9999 -9999 -9999 -9999 -9999 -9999 -9999 -9999 -9999 -9999 -9999 -9999 -9999 0.63735419511795 0.990480274179556 0.978072771254708 0.881890275899102 0.782324226463542 0.648640736937523 0.578601494431496 0.535844013094902 0.490801259875298 0.480693742632866 0.477783754467964 0.475655257701874 0.472478494048119 0.456734254956245 0.486739009618759 0.503604993224144 0.54403597430179 0.455191999673843 0.443484853295719 0.366690660361201 0.369339450317271 0.443843308836222 0.484156499616802 0.503998815136797 0.508712453000686 0.515905001584221 0.520107086967019 0.539486549356404 0.5263081254328 0.527908452293452 0.512983847190352 0.588044832734501 0.534743504489169 0.490699247402303
-9999 -9999 -9999 -9999 -9999 -9999 -9999 -9999 -9999 -9999 -9999 -9999 -9999 -9999 -9999 -9999 -9999 -9999 -9999 -9999 -9999 -9999 -9999 -9999 -9999 -9999 1.18186515569687 1.0627324283123 1.92200058996677 2.02287644147873 1.60406639646081 1.15699361527667 0.766667309929343 0.65542752690175 0.613182932138443 0.582284652134951 0.529059885179295 0.528381612370996 0.507285505533218 0.493587002158165 0.487450748682022 0.491069495677948 0.483557000756264 0.47495049238205 0.61149504623915 0.550304879744848 0.559660126765569 0.425026311593897 0.57713794708252 0.569099257389704 0.564054335157076 0.556973850354552 0.554056031629443 0.541822685860097 0.512858586385846 0.512944565154612 0.516006412751534 0.496963562334285 0.47110160834649 0.440769650480327 0.427579409059356 0.447726782630472
-9999 -9999 -9999 -9999 -9999 -9999 -9999 -9999 -9999 -9999 -9999 -9999 -9999 -9999 -9999 -9999 -9999 -9999 -9999 -9999 -9999 -9999 -9999 -9999 -9999 -9999 1.18186515569687 2.13789501289527 1.95531191925208 1.38082644518684 1.27895772457123 1.11757823298959 0.721050769090652 0.575635999441147 0.54533326625824 0.565053612870329 0.609054852057906 0.545524285996661 0.548681643079309 0.543999820947647 0.496119007468224 0.494725242257118 0.506367266178131 0.479928001761436 0.638054924575906 0.591136830548445 0.581849699219068 0.573282594482104 0.543121308088303 0.552825646474957 0.557172146625817 0.548037897795439 0.557574947364628 0.543598783202469 0.537059714086354 0.505611148662865 0.477718222886324 0.46041172479882 0.456186456715359 0.431815182461458 0.431691971771857 0.432620902271832
-9999 -9999 -9999 -9999 -9999 -9999 -9999 -9999 -9999 -9999 -9999 -9999 -9999 -9999 -9999 -9999 -9999 -9999 -9999 -9999 -9999 -9999 -9999 -9999 -9999 -9999 2.63027944441499 1.90305196742217 1.44594553638907 1.03443431854248 0.943752918173285 0.887412186931161 0.786528352428885 0.614674455979291 0.584853529930115 0.55431489471127 0.56853352662395 0.547020493184819 0.543841368135284 0.543123085709179 0.543101867332178 0.544873355942614 0.508268252015114 0.475120738148689 0.523103937506676 0.542347110807896 0.610068912307421 0.602479490141074 0.591425423820814 0.555385654171308 0.417050868272781 0.537161853164434 0.554959958419204 0.545013478025794 0.528273839503527 0.510579007677734 0.427499516867101 0.428322207401781 0.430777911754215 0.43610684047727 0.461039388004471 0.468279077726252
-9999 -9999 -9999 -9999 -9999 -9999 -9999 -9999 -9999 -9999 -9999 -9999 -9999 -9999 -9999 -9999 -9999 -9999 -9999 -9999 -9999 -9999 -9999 -9999 -9999 1.19121462106705 1.84268271923065 1.55851003030936 1.16345005234083 0.845077919609406 0.79018890507081 0.738342433291323 0.650504829252467 0.625801279264338 0.566494853180997 0.565342634039767 0.553611356545897 0.535949444069582 0.547814237720826 0.524499496116358 0.478496983647346 0.530937568229787 0.537963698892032 0.551988796276205 0.566736541250173 0.582213196903467 0.606672800146043 0.601472798734903 0.58883033785969 0.559801627881825 0.566623541526496 0.558016394264996 0.541265247389674 0.524438956752419 0.516501470468938 0.502806192263961 0.503759832121432 0.47779906584936 0.470129744094961 0.494636643458815 0.579758342574624 0.55045953743598
-9999 -9999 -9999 -9999 -9999 -9999 -9999 -9999 -9999 -9999 -9999 -9999 -9999 -9999 -9999 -9999 -9999 -9999 -9999 -9999 -9999 -9999 -9999 -9999 -9999 1.62183823188146 1.38445536792278 1.2998061577479 0.889843483181561 0.774480695233626 0.695896462482565 0.663043877657722 0.631022033445975 0.663943640449468 0.584079089410165 0.582559583818211 0.642320352442124 0.520507737994194 0.512673005461693 0.529393517795731 0.591830053366721 0.572669900022447 0.58194457432803 0.586235827382873 0.587499655344907 0.605215193594203 0.647041671909392 0.595994719304144 0.606123466975987 0.579625859856606 0.579344524070621 0.538319916464388 0.506621947512031 0.501032827422023 0.510622786357999 0.508245980367064 0.503909206017852 0.454480983316898 0.440675431314637 0.453365514383597 0.467029533842031 0.451423579279114
-9999 -9999 -9999 -9999 -9999 -9999 -9999 -9999 -9999 -9999 -9999 -9999 -9999 -9999 -9999 -9999 -9999 -9999 -9999 -9999 -9999 -9999 -9999 -9999 1.31647038459778 1.62120544351637 1.24030010314549 1.18801663815975 0.878379316890941 0.830237882978776 0.769451574367635 0.7432822181898 0.636539195390309 0.608514510533389 0.647378304425408 0.726874033317846 0.712316430666867 0.628818609258708 0.654331749852966 0.613681183196604 0.616719285026193 0.58470300771296 0.643542425706983 0.60836882237345 0.566074064549278 0.540211061344427 0.519783573115573 0.546172231435776 0.83224468678236 0.760793348774314 0.640310347080231 0.546666238456964 0.495060838758945 0.493649636395276 0.490929041057825 0.493136068806052 0.48170732986182 0.477242809884688 0.505243499489392 0.405077153268982 0.431539727484479 0.451141090077512
-9999 -9999 -9999 -9999 -9999 -9999 -9999 -9999 -9999 -9999 -9999 -9999 -9999 -9999 -9999 -9999 -9999 -9999 -9999 -9999 -9999 -9999 -9999 1.50594073534012 1.59997001115014 1.34556962286725 1.23122274525025 0.91471154198927 0.821346275946673 0.800712846657809 0.773316148449393 0.698731241857304 0.645180570728639 0.632539724602419 0.654421154190512 0.657176676918479 0.646478870335747 0.680979096714188 0.642923052696621 0.600461698630277 0.59150325200137 0.653188913184054 0.64272902905941 0.644773287808194 0.63526009461459 0.543429315090179 0.528581342276405 0.508176295196309 0.817384139634669 1.81290229316801 1.14720351062715 1.12045610323548 0.891354273073375 0.544661511393154 0.555993826073759 0.548165325732792 0.504675670581705 0.509795097743764 0.527630333514775 0.499272510409355 0.532031491398811 0.448435043587404
-9999 -9999 -9999 -9999 -9999 -9999 -9999 -9999 -9999 -9999 -9999 -9999 -9999 -9999 -9999 -9999 -9999 -9999 -9999 -9999 -9999 -9999 2.65492981672287 3.43700866699219 1.34121785970295 0.726210314780474 0.741358878090978 0.703146424144506 0.785894320291631 0.761378177825142 0.709287932690452 0.680166737121694 0.662240306244177 0.66189622353105 0.70061382651329 0.69765471097301 0.670899292125421 0.650675704374033 0.63383127924274 0.621528454563197 0.740813389420509 0.73001882682244 0.725855263570944 0.718740167717139 0.707179131607215 0.608174121938646 0.590084234252572 0.554385337047279 0.540497500230284 0.552261273376644 0.550081394612789 0.535695467144251 0.495150502771139 0.555144404663759 0.5354213407811 0.5382580529241 0.550174997133367 0.54271073551739 0.545239338103463 0.558720743831466 0.512395516037941 0.538923740386963
-9999 -9999 -9999 -9999 -9999 -9999 -9999 -9999 -9999 -9999 -9999 -9999 -9999 -9999 -9999 -9999 -9999 -9999 -9999 -9999 2.64602583646774 3.74484955942309 2.41009124368429 2.3894185423851 1.35532502532005 0.829310473054647 0.731933374889195 0.669205779209733 0.642935710027814 0.759024365859873 0.751180642667939 0.72263316897785 0.712148561197169 0.643887547776103 0.736683923531981 0.655101276934147 0.671971018700039 0.827688033382098 0.631075404146138 0.762571488817533 0.753134662906329 0.721494893232981 0.68289058158795 0.66816313068072 0.68324988335371 0.578556172549725 0.565672256983817 0.57046406250447 0.621572697535157 0.620023436844349 0.558312837034464 0.559021739289165 0.566424808081459 0.572088260861004 0.549198583644979 0.533237065462505 0.548440570340437 0.54593771433129 0.552916012266103 0.588153832975556 0.507185012102127 0.521451994776726
-9999 -9999 -9999 -9999 -9999 -9999 -9999 -9999 -9999 -9999 -9999 -9999 -9999 -9999 -9999 -9999 -9999 -9999 -9999 -9999 2.19833643817056 1.9871639808019 1.64330276846886 1.57940176129341 0.913537979125977 0.842040777206421 0.797281910665333 0.749881851486862 0.737784602679312 0.834145519663306 0.770670767216121 0.771656121401226 0.764729498063817 0.792427232160288 0.753784042070894 0.667636498808861 0.854331582784653 0.868518233299255 0.659610087051988 0.636743539944291 0.619765788316727 0.688359347482522 0.675359492500623 0.663173799713453 0.627230649193128 0.597755662165582 0.590083253569901 0.595250146463513 0.613650005310774 0.619623203761876 0.601155096665025 0.560612300410867 0.543415448628366 0.545037246309221 0.54214111994952 0.557267454452813 0.514838014729321 0.543085579486454 0.548571496325381 0.493018493056297 0.502283006906509 0.507206246256828
-9999 -9999 -9999 -9999 -9999 -9999 -9999 -9999 -9999 -9999 -9999 -9999 -9999 -9999 -9999 -9999 -9999 -9999 -9999 2.82208228111267 1.70629184693098 1.509261790663 1.28594209626317 1.15606445074081 1.08976079151034 0.808087736368179 0.719216227531433 0.700298488140106 0.781535714864731 0.809552303131889 0.78856859312338 0.781806617975235 0.776324753375614 0.741564342204262 0.951493496696154 0.934559469421705 0.683193638920784 0.695639605633914 0.664881940931082 0.657183327712119 0.649746936745942 0.676508419215679 0.612854450941086 0.602336260490119 0.580740749835968 0.565200507640839 0.61568695306778 0.614558469504118 0.611373477615416 0.633764480240643 0.644193707965314 0.594252043403685 0.551855768077075 0.545774680562317 0.557877612300217 0.554732026532292 0.534530963091289 0.592016660991837 0.470779746770859 0.495407253503799 0.499476507306099 0.507111251354218
-9999 -9999 -9999 -9999 -9999 -9999 -9999 -9999 -9999 -9999 -9999 -9999 -9999 -9999 -9999 -9999 -9999 -9999 2.30735375199999 2.15967017412186 2.0308871780123 2.10353101491928 1.52234101295471 1.41440889835358 1.38845010995865 1.22374188474246 1.11030868547303 0.920133769512177 0.954466057675225 0.899978028876441 0.691283913329244 0.624567652121186 0.619149835780263 0.932942728201548 0.936460599303246 0.672400298364022 0.711141223087907 0.714251328259706 0.682151268236339 0.67147737275809 0.649080595001578 0.620264070108533 0.618344589136541 0.624949084594846 0.614398400299251 0.615000139921904 0.618860439397395 0.608680461533368 0.617983220145106 0.630272079259157 0.609165924601257 0.5373893994838 0.549759923480451 0.54656430054456 0.542287912219763 0.536526061156217 0.74233410989537 0.451367005705833 0.444319233298302 0.411169864675578 0.460483450223418 0.461669530938653
-9999 -9999 -9999 -9999 -9999 -9999 -9999 -9999 -9999 -9999 -9999 -9999 -9999 -9999 -9999 -9999 -9999 20.7481294312229 1.8923636504582 1.7823264343398 2.09093849148069 1.84840201480048 1.5872027533395 1.45763176083565 1.34299767017365 1.27279385328293 1.09623799579484 1.02640733548573 0.922906151839665 0.91918619615691 0.740362363202231 0.737274553094591 0.697286233305931 0.917138015851378 0.844894224777818 0.774503365159035 0.760096997022629 0.721547509543598 0.729172613471746 0.581596463042147 0.741226263344288 0.748294879992803 0.720734126865864 0.711179785430431 0.565237044411547 0.607683565467596 0.601505532860756 0.623110164888203 0.60790257062763 0.575451693114112 0.556168043438126 0.539229743620929 0.534795528825592 0.541085293187815 0.531681050272549 0.528189923833398 0.533270746469498 0.405670688487589 0.401392195154639 0.381910182973918 0.419038222116582 0.419462778989007
-9999 -9999 -9999 -9999 -9999 -9999 -9999 -9999 -9999 -9999 -9999 -9999 -9999 -9999 -9999 -9999 -9999 -9999 -9999 1.56448531150818 1.33682274392673 1.29890706283706 1.67940663099289 1.04531252809933 1.10579068320138 1.05434003898076 1.03299233743123 1.00768201691764 0.874287984200886 0.959094524383545 0.761773722512381 0.686384171247482 0.797507691383362 0.854244891554117 0.802628770470619 0.736779004335403 0.795557269826531 0.739855874329805 0.843488072355588 0.804448895156384 0.787233817080657 0.820489138364792 0.78105985869964 0.718838987251123 0.650350506417453 0.653353409841657 0.573115632869303 0.542416506579944 0.534021988511086 0.513872735202312 0.49625351279974 0.474480256438255 0.47198423743248 0.491120010614395 0.511835753917694 0.512328252196312 0.44683401286602 0.402912757359445 0.366751112043858 0.396045931998421 0.391570989699925 0.461414608008721
-9999 -9999 -9999 -9999 -9999 -9999 -9999 -9999 -9999 -9999 -9999 -9999 -9999 -9999 -9999 3.74389762463777 5.32487249083635 2.92149364203215 1.59546958655119 1.38464129716158 1.13650622963905 1.31227027518409 1.10500030006681 1.07055705785751 1.05331717218672 1.02350001249995 0.967264779976436 0.95955964922905 0.899822358574186 0.78886513199125 0.724968437637602 0.784775797809873 0.761381807071822 0.674291898097311 0.678277501038143 0.728899327106774 0.651828497648239 0.771401778794825 0.82814950744311 0.812066505352656 0.791911639273167 0.776729377607505 0.803451485931873 0.681757254526019 0.629707544110715 0.604705234989524 0.573120981454849 0.503725990653038 0.505115509033203 0.519065007567406 0.499404743313789 0.511594243347645 0.509803988039494 0.514306247234344 0.515202254056931 0.438841503113508 0.465341480714934 0.448533009205546 0.425444355234504 0.403328075073659 0.388344849733745 0.388057453667416
-9999 -9999 -9999 -9999 -9999 -9999 -9999 -9999 -9999 -9999 35.2986888885498 35.2986888885498 13.7248649597168 2.25126859545708 2.05094008147717 1.87404535710812 2.10889890789986 1.5556612270219 1.66843411752156 1.63034761803491 1.42395117133856 1.02761482766696 1.002969873803 1.21888694912195 1.95411318540573 1.70781153440475 0.927597744124276 0.897332042455673 0.820528175149645 6.61364704370499 1.05519663915038 0.808954070596134 0.779884226181928 0.781562841990415 0.783217970062705 0.762354291537229 0.697092251742587 0.666291867108906 0.841978885233402 0.783040978945792 0.680606991052628 0.695163314833361 0.658679731628474 0.632982736124712 0.567452251911163 0.585208505392075 0.598119258880615 0.53337450325489 0.525460004806519 0.525025501847267 0.507101997733116 0.507870256900787 0.495510242879391 0.504542991518974 0.51978500187397 0.42725401691028 0.445290212120329 0.443760950650488 0.499050864151546 0.428798167034984 0.419607317447662 0.427330389618874
-9999 -9999 -9999 -9999 -9999 -9999 -9999 -9999 -9999 -9999 35.2986888885498 5.4299867020713 4.69873952865601 3.42619713395834 3.12359869480133 3.03956508636475 2.19937590290518 3.27621157910373 6.15120919240583 2.14766024140751 1.8102034500667 1.58400341123343 1.42283128201962 1.43871650844812 1.30050238966942 5.64048337936401 0.860355019569397 0.764612866299493 0.747873774596623 0.761324350322996 0.76444732967545 0.782687497489593 0.791263855555478 0.748763117720099 0.730858149773934 0.587773209437728 0.554673554375768 0.636427278904354 0.906055494211614 0.742533839800779 0.68497657688225 0.704006833334764 0.68817854175965 0.610407829284668 0.595530799206565 0.700311273336411 0.617224738001823 0.539499316896711 0.519788886819567 0.525421710950988 0.477369010448456 0.46262526512146 0.45779550075531 0.458567008376122 0.460416762158275 0.444646596908569 0.475954911538533 0.445204509156091 0.431529847638948 0.379013721831143 0.372672099620104 0.365002050119288
-9999 -9999 -9999 -9999 -9999 -9999 -9999 -9999 -9999 -9999 -9999 -9999 9.37685062302338 2.94337386488914 10.8358691533407 5.32219365009895 -9999 -9999 -9999 -9999 -9999 -9999 1.68950391516966 1.49262644964106 1.31360448108 1.20739875470891 1.07462717329755 0.753279766866139 1.48177448908488 1.14291402697563 1.1153044514358 0.981595985591412 0.81468179449439 0.72113467566669 0.587838096544147 0.562322253361344 0.558790268642562 0.524764023721218 0.627075841321665 0.598985723712865 0.730816369255384 0.678899330397447 0.553959665053031 0.406329497694969 0.536913135472466 0.39291949570179 0.520470762954039 0.56593005997794 0.548169423426901 0.52170589353357 0.511221202356475 0.470156563179834 0.432871252298355 0.444009765982628 0.463324274335589 0.460356199315616 0.452330672315189 0.366624522296821 0.485036239027977 0.415912609015192 0.421172887086868 0.371490757380213
-9999 -9999 -9999 -9999 -9999 -9999 -9999 -9999 -9999 -9999 -9999 -9999 -9999 16.6274771690369 16.6274771690369 16.6274771690369 -9999 -9999 -9999 -9999 -9999 -9999 4.94490551948547 4.94490551948547 4.94490551948547 0.308659605681896 1.4828060096816 1.56442354707157 1.31604955126258 1.11819023419829 1.18237622695811 1.10642504253808 0.916305474936962 0.846721314332064 0.661304449662566 0.670686839148402 0.628968916833401 0.521685547062329 0.609252256155014 0.495156649500132 0.547303061274921 0.507306500831071 0.40336674451828 0.398214012384415 0.51351537686937 0.537076368927956 0.538978199748432 0.510097503662109 0.50457926094532 0.467948257923126 0.462306499481201 0.454676747322083 0.437384992837906 0.416076257824898 0.469334683247975 0.462903327175549 0.451999700495175 0.435696423053741 0.323565378785133 0.421889356204442 0.420555864061628 0.414013651013374
-9999 -9999 -9999 -9999 -9999 -9999 -9999 -9999 -9999 -9999 -9999 -9999 -9999 -9999 -9999 -9999 -9999 -9999 -9999 -9999 -9999 -9999 -9999 -9999 -9999 -9999 1.63031699782924 1.93107996267431 2.23110198974609 1.87480755647024 1.76690431435903 1.30697486301263 0.977776486426592 0.853088993579149 0.747453739866614 0.661034803837538 0.591012842953205 0.640181382789331 0.503321154043078 0.532409785049302 0.48600483579295 0.454131743737629 0.431791245937347 0.441896989941597 0.540136714191998 0.600470462015697 0.604797861405781 0.449930503964424 0.461999252438545 0.564114223633494 0.559167316981724 0.552127942442894 0.449363738298416 0.479571225387709 0.455891668796539 0.425466950450625 0.361109716817737 0.359419969841838 0.386733451858163 0.341478951275349 0.434272969141603 0.437721563503146
-9999 -9999 -9999 -9999 -9999 -9999 -9999 -9999 -9999 -9999 -9999 -9999 -9999 -9999 -9999 -9999 -9999 -9999 -9999 -9999 -9999 -9999 -9999 -9999 -9999 -9999 -9999 4.87268607239974 3.57793664932251 2.79022706548373 2.07139267524083 1.58565187454224 0.964022900909185 1.10864359491012 0.978960198514602 0.731024611741304 0.61342996917665 0.537319047376513 0.619913903730256 0.732806006073952 0.74716919362545 0.776964664459229 0.679550043174199 0.640207177826337 0.624918739710535 0.610013659511294 0.491415992379189 0.473609492182732 0.576580728803362 0.551966792770795 0.529938736132213 0.522372741784368 0.463041491368238 0.498795441218785 0.456045736159597 0.452211863228253 0.369903565384448 0.379485089331865 0.398140582256019 0.434574547223747 0.450777078978717 0.438505031168461
