EcologicalScience/Bass/data/rs_data_bass/chl_239.asc
NCOLS 226 
NROWS 124 
XLLCORNER -9.41648524995501 
YLLCORNER 47.587301625531 
CELLSIZE 0.0833 
NODATA_value -9999 
[rows 81 to 107 of 124, columns 62 to 123 of 226]
3.85158455371857 5.97498106956482 7.6620512008667 7.66205191612244 -9999 -9999 -9999 -9999 -9999 -9999 -9999 -9999 -9999 -9999 -9999 -9999 -9999 -9999 -9999 -9999 -9999 -9999 -9999 -9999 -9999 -9999 -9999 -9999 -9999 -9999 -9999 -9999 -9999 -9999 -9999 -9999 -9999 -9999 -9999 -9999 -9999 -9999 -9999 -9999 -9999 -9999 -9999 -9999 -9999 -9999 -9999 -9999 -9999 -9999 -9999 -9999 -9999 -9999 -9999 -9999 -9999 -9999
3.02935428468926 -9999 -9999 -9999 -9999 -9999 -9999 -9999 -9999 -9999 -9999 -9999 -9999 -9999 -9999 -9999 -9999 -9999 -9999 -9999 -9999 -9999 -9999 -9999 -9999 -9999 -9999 -9999 -9999 -9999 -9999 -9999 -9999 -9999 -9999 -9999 -9999 -9999 -9999 -9999 -9999 -9999 -9999 -9999 -9999 -9999 -9999 -9999 -9999 -9999 -9999 -9999 -9999 -9999 -9999 -9999 -9999 -9999 -9999 -9999 -9999 -9999
-9999 -9999 -9999 -9999 -9999 -9999 -9999 -9999 -9999 -9999 -9999 -9999 -9999 -9999 -9999 -9999 -9999 -9999 -9999 -9999 -9999 -9999 -9999 -9999 -9999 -9999 -9999 -9999 -9999 -9999 -9999 -9999 -9999 -9999 -9999 -9999 -9999 -9999 -9999 -9999 -9999 -9999 -9999 -9999 -9999 -9999 -9999 -9999 -9999 -9999 -9999 -9999 -9999 -9999 -9999 -9999 -9999 -9999 -9999 -9999 -9999 -9999
-9999 -9999 -9999 -9999 -9999 -9999 -9999 -9999 -9999 -9999 -9999 -9999 -9999 -9999 -9999 -9999 -9999 -9999 -9999 -9999 -9999 -9999 -9999 -9999 -9999 -9999 -9999 -9999 -9999 -9999 -9999 -9999 -9999 -9999 -9999 -9999 -9999 -9999 -9999 -9999 -9999 -9999 -9999 -9999 -9999 -9999 -9999 -9999 -9999 -9999 -9999 -9999 -9999 -9999 -9999 -9999 -9999 17.653039905158 4.77810537815094 5.24103462696075 5.47917437553406 3.78750908374786
-9999 -9999 -9999 -9999 -9999 -9999 -9999 -9999 -9999 -9999 -9999 -9999 -9999 -9999 -9999 -9999 -9999 -9999 -9999 -9999 -9999 -9999 -9999 -9999 -9999 -9999 -9999 -9999 -9999 -9999 -9999 -9999 -9999 -9999 -9999 -9999 37.1749906539917 -9999 3.51865124702454 3.54744565486908 -9999 -9999 4.15233969688416 9.06303352117538 3.43824076652527 3.63692557811737 4.25572657585144 4.86907804012299 4.56033897399902 3.36887383460999 3.30840289592743 2.36163747310638 -9999 -9999 -9999 3.10852646827698 3.3641871213913 2.95428156852722 2.59369057416916 2.05184930562973 1.64812123775482 1.71125543117523
-9999 -9999 -9999 -9999 -9999 -9999 -9999 -9999 -9999 -9999 -9999 -9999 -9999 1.3925267376683 3.0602927311607 2.22672739773989 2.03355252742767 2.20970725064928 1.12509450316429 -9999 -9999 -9999 -9999 -9999 -9999 -9999 -9999 -9999 2.50036564469337 2.47944855690002 2.87306672334671 3.34740504026413 -9999 3.66949796676636 -9999 -9999 -9999 -9999 2.33534467220306 2.57628446817398 2.89053082466125 2.78644055128098 2.47369945049286 2.6823382973671 2.72993391752243 2.99483996629715 2.72794657945633 2.49577045440674 2.41038751602173 2.07194852828979 2.1164715886116 2.18161422014236 2.36437582969666 2.31322950124741 2.20026451349258 2.12577456235886 1.85667532682419 1.37012627720833 1.25236496329308 1.24625024199486 1.27517178654671 1.33946022391319
-9999 -9999 -9999 -9999 -9999 -9999 -9999 -9999 -9999 -9999 5.32068231831426 3.9177148014307 3.14769752402055 2.62966055932798 1.57850581407547 1.3665357530117 1.56485792994499 1.6482991874218 1.65544179081917 1.30647447109222 3.44965534761132 -9999 1.71850383281708 1.94112023711205 1.86308020353317 -9999 -9999 1.75530540091651 2.31849300861359 2.36626178026199 2.72169336676598 2.59292176365852 2.57016786932945 2.51423478126526 -9999 -9999 3.23800370157981 3.30039381980896 2.30537545681 2.80630731582642 2.64560401439667 2.40265041589737 2.43019044399261 2.68803369998932 2.36136907339096 2.32446455955505 2.26056146621704 2.04295867681503 1.66650152206421 1.43537628650665 1.41092625260353 1.40502378344536 1.40892523527145 1.32752698659897 1.25125801563263 1.20634120702744 1.15612497925758 1.13904073834419 1.12415251135826 1.11216071248055 1.2843562066555 1.41624078154564
-9999 -9999 -9999 -9999 -9999 -9999 -9999 -9999 -9999 5.42353869974613 3.53907492286281 2.46435651183128 1.56108565628529 1.34555665913381 1.21849113859628 1.3582698404789 1.27015900611877 1.2225087583065 1.22535851597786 1.52625600993633 1.39486920833588 1.64830734729767 1.68630181252956 1.97181674838066 1.74340349435806 1.68631732463837 2.15820336341858 2.29381611943245 2.30651217699051 2.29220250248909 2.25888678431511 2.29238846898079 2.40307348966599 2.65442883968353 3.11755800247192 3.15035998821259 3.1673875451088 1.89842998981476 1.90306949615479 2.21195393800735 2.24144250154495 2.24313908815384 2.27670067548752 2.40213149785995 2.08074080944061 1.93905901908875 1.71769416332245 1.45976704359055 1.28453028202057 1.12860524654388 1.0456702709198 1.02708300948143 1.00481772422791 0.962279230356216 0.963066726922989 0.944106012582779 0.940848022699356 0.98622527718544 0.993096739053726 1.04663926362991 1.20473626255989 1.38352954387665
-9999 -9999 -9999 -9999 -9999 -9999 -9999 -9999 -9999 3.14784626166026 1.56380888819695 1.13747393909623 0.821070998907089 1.08592084050179 1.10734422504902 1.12507273256779 1.12241673469543 1.2214489877224 1.4313502907753 1.44791775941849 1.50768595933914 1.47509019076824 1.51423126459122 1.74705263972282 1.85983836650848 1.5663743019104 1.85912588238716 1.76972812414169 1.71077245473862 1.77547878026962 1.8038047850132 1.98622986674309 2.21159809827805 2.46076834201813 2.87842467427254 3.01023334264755 2.8114305138588 2.5228995680809 2.28888219594955 2.6030752658844 2.09912323951721 1.79303473234177 1.8108224272728 1.82189780473709 1.50660824775696 1.42682102322578 1.21611598134041 1.03902527689934 1.02789151668549 0.86497950553894 0.717864766716957 0.696513757109642 0.649660483002663 0.745850265026093 0.767585277557373 0.807120770215988 0.871862232685089 0.97349551320076 0.987395972013474 1.0002247095108 1.07898598909378 1.12598624825478
-9999 -9999 -9999 -9999 -9999 -9999 -9999 -9999 1.61010744427813 1.25059714615345 1.05402816596784 0.801222026348114 0.786054983735085 0.793237015604973 0.847351804375648 1.01007413864136 1.00907514989376 0.938405960798264 1.05558335781097 1.23573750257492 1.57890643179417 1.69672492146492 1.79326236248016 1.76335242390633 1.64754036068916 1.59303939342499 1.51805292069912 1.57145994901657 1.56140023469925 1.60512971878052 1.70600545406342 1.96455001831055 2.25226950645447 2.06462323665619 2.22950702905655 2.29681277275085 2.63229757547379 2.76200330257416 2.58309155702591 2.20557671785355 1.84026217460632 1.33734074234962 1.14020249247551 1.13192626833916 1.03895473480225 1.04645097255707 1.01295375823975 0.943894475698471 0.87203773856163 0.71867099404335 0.688266769051552 0.699468746781349 0.727170020341873 0.809716522693634 0.83074352145195 0.849151521921158 0.897346526384354 0.934623777866364 0.932561248540878 0.922294467687607 0.901917010545731 0.984290242195129
1.07750701904297 0.827743470668793 1.04532169550657 0.932282929122448 -9999 -9999 -9999 2.52022237437112 1.85032492429018 1.56307151913643 0.927270978689194 0.846596986055374 0.72605174779892 0.784401997923851 0.755245476961136 0.748124033212662 0.839021924294923 0.899464845657349 0.958125382661819 1.081060141325 1.25727564096451 1.28249622881413 1.30214363336563 1.30466584861279 1.22118902206421 1.22931562364101 1.22573961317539 1.2445560246706 1.40023729205132 1.31332647800446 1.29225826263428 1.38715875148773 1.47514870762825 1.66312497854233 1.418208360672 1.3325879573822 1.3853879570961 1.31555253267288 1.1003797352314 1.36844328045845 1.38070575892925 1.02823725342751 1.22410051524639 1.2131520062685 1.00609275698662 0.962030231952667 0.903147786855698 0.854977458715439 0.719759255647659 0.774143278598785 0.782308459281921 0.830165237188339 0.80683422088623 0.836904019117355 0.855221271514893 0.892431735992432 0.85513499379158 0.874913960695267 0.883208245038986 0.875619739294052 0.884007722139359 0.966744750738144
0.571008011698723 0.575802728533745 0.500205740332603 0.752716138958931 0.738865859806538 0.796449735760689 0.869295760989189 0.895618110895157 0.875778749585152 1.00830262899399 0.779948249459267 1.1699478328228 1.12677671760321 0.673508003354073 0.655455008149147 0.750489011406898 0.786746263504028 0.886873126029968 0.96205647289753 1.0474534034729 1.13896125555038 1.12737263739109 1.11648152768612 1.12437298893929 1.14269511401653 1.14551889896393 1.16382899880409 1.16332612931728 1.20927375555038 1.23288296163082 1.21104861795902 1.20598760247231 1.21096649765968 1.21919627487659 1.09097921848297 1.19334375858307 1.19042775034904 1.14833700656891 1.12904477119446 1.0450094640255 1.02676650881767 0.939177721738815 1.19518835842609 0.781244248151779 0.704474240541458 0.776913732290268 0.695134520530701 0.724434748291969 0.763594508171082 0.925507485866547 0.993074208498001 1.06596753001213 0.953639209270477 0.819957733154297 0.823044776916504 0.799892216920853 0.812042266130447 0.839974522590637 0.892564505338669 0.938312262296677 0.991852462291718 1.06688475608826
0.598490238189697 0.622001990675926 0.607236742973328 0.573229886591434 0.600102357566357 0.637882120907307 0.602651238441467 0.594177737832069 0.741957731544971 0.73132836073637 0.682194739580154 0.838088259100914 0.716443106532097 0.596027761697769 0.700624510645866 0.691501513123512 0.747256882488728 0.874247610569 0.936968252062798 0.959859028458595 0.944376021623611 1.02876037359238 1.05068814754486 1.0952310115099 1.14591488242149 1.05475276708603 1.14526856169105 1.19373223185539 1.20453751087189 1.21082809567451 1.22030702233315 1.17860546708107 1.22793674468994 1.2473917901516 1.28677046298981 1.22168773412704 1.1313404738903 1.2117734849453 1.2033217549324 1.12598025798798 1.12790697813034 1.08950471878052 0.696248263120651 0.764518529176712 0.750057756900787 0.765615731477737 0.808698713779449 0.836947470903397 0.899606287479401 1.00673550367355 0.963927716016769 0.903347969055176 0.833785504102707 0.758856743574142 0.77927702665329 0.821171253919601 0.92901822924614 0.951664477586746 0.95508599281311 0.961588472127914 1.05552524328232 1.08735153079033
0.607296735048294 0.606111735105515 0.603640481829643 0.581037014722824 0.572199001908302 0.564391493797302 0.569991007447243 0.610447481274605 0.633702009916306 0.68945324420929 0.714885011315346 0.694007232785225 0.636626623570919 0.629261255264282 0.639972493052483 0.680385008454323 0.731023862957954 0.783748470246792 0.919123113155365 0.914811372756958 0.914694339036942 0.945074245333672 1.02232727408409 1.06753273308277 1.11315223574638 1.11491623520851 1.19185236096382 1.26114110648632 1.31612326204777 1.30462047457695 1.29552787542343 1.34212875366211 1.26770621538162 1.26013353466988 1.25556540638208 1.19865337014198 1.04522100090981 1.07585477828979 1.15966272354126 1.17028051614761 1.18737977743149 1.12452301383018 1.01587647199631 0.994876474142075 0.905088007450104 1.04254952073097 0.933950275182724 0.914612978696823 0.935394018888474 0.944679737091064 0.862828463315964 0.788854479789734 0.738085493445396 0.743070736527443 0.765194267034531 0.83033099770546 0.883995741605759 0.945613503456116 0.967765510082245 0.979534506797791 1.12309500575066 1.16843247413635
0.582927748560905 0.525871485471725 0.529265239834785 0.53184449672699 0.555860996246338 0.567383989691734 0.599213272333145 0.685460239648819 0.687031477689743 0.645235866308212 0.603640496730804 0.658067427183452 0.659002438187599 0.633768729865551 0.670140378177166 0.671164870262146 0.658385619521141 0.621916994452477 0.631947010755539 0.699220803380012 0.849603742361069 0.976943224668503 1.02772910892963 1.07530273497105 1.10440050065517 1.22776351869106 1.28380537033081 1.31095236539841 1.33901698887348 1.32848359644413 1.30751024186611 1.27820631042123 1.36452975869179 1.37009999155998 1.17587175965309 1.13508528470993 1.14337277412415 1.0849694609642 1.0592797100544 1.23342597484589 1.22440651059151 1.12461224198341 1.20581924915314 1.0925324857235 1.07710647583008 1.17093676328659 0.900856465101242 0.917570292949677 0.927532464265823 0.909477710723877 0.848107516765594 0.758707523345947 0.692322760820389 0.742630496621132 0.816624015569687 0.856251776218414 1.09495121240616 1.18334850668907 1.20899096131325 1.2332309782505 1.37996998429298 1.49573850631714
0.594543009996414 0.598864495754242 0.619001984596252 0.59570324420929 0.599322751164436 0.541204258799553 0.651739507913589 0.773288279771805 0.713264241814613 0.570161491632462 0.591080795777472 0.578784382657001 0.581974820871102 0.590321064779633 0.577176257967949 0.625669747591019 0.650167241692543 0.641501501202583 0.664780259132385 1.22082227468491 1.20468601584435 1.21008449792862 1.22582924365997 1.1837317943573 1.0675890147686 1.19552886486053 1.28337787091732 1.15024504065514 1.21086153388023 1.15946772694588 1.15146222710609 1.14729604125023 1.25118523836136 1.22465926408768 1.23207485675812 1.05801603198051 1.07980799674988 1.03350752592087 1.01611277461052 1.10172379016876 1.14809247851372 1.15310552716255 1.17078450322151 1.15187099575996 1.19201025366783 1.26531225442886 1.26853349804878 1.04830348491669 0.918256491422653 0.804423719644547 0.789426773786545 0.903852760791779 1.02625876665115 1.00923979282379 1.14999827742577 1.29990452528 1.51445174217224 1.53819072246552 1.63291651010513 1.6339139342308 1.73839581012726 2.02836281061172
0.603189021348953 0.516947717258805 0.627729758620262 0.637341007590294 0.649489492177963 0.703689739108086 0.525841757655144 0.846860289573669 0.59578700363636 0.623080253601074 0.961659014225006 1.00231504440308 1.0748587846756 1.09362003207207 1.09773078560829 1.15246948599815 1.11545097827911 1.09869673848152 1.14202120900154 1.18164673447609 1.17724800109863 1.24055027961731 1.253258228302 1.22427445650101 1.16525852680206 1.37625226378441 1.44830846786499 1.43269577622414 1.385861992836 1.28432920575142 1.27850478887558 1.25300475955009 1.38386549055576 1.39967550337315 1.48825952410698 1.23512327671051 1.20883047580719 1.11076954007149 1.10759478807449 1.07749798893929 1.15022698044777 1.2172184586525 1.28049901127815 1.21612349152565 1.24781396985054 1.25214672088623 0.969676494598389 0.896481782197952 0.849431991577148 0.793351471424103 0.861707210540771 1.24961176514626 1.41504675149918 1.55903846025467 1.72103780508041 1.91246098279953 2.29058863994849 -9999 -9999 -9999 -9999 -9999
0.61829848587513 0.471138700058586 0.484438623700823 0.461002540500725 0.480007152347004 0.731968492269516 0.785700738430023 0.820884793996811 0.910114467144012 1.01001074910164 1.04009628295898 1.0730220079422 1.18389827013016 1.11661800742149 1.05747377872467 1.08190950751305 1.00292471051216 1.0488997399807 1.15900576114655 1.18217852711678 1.19547745585442 1.34102323651314 1.40437352657318 1.35583573579788 1.49126628041267 1.69216132164001 1.73725944757462 1.08349585533142 1.52233654260635 1.45370623469353 1.31014797091484 1.43844598531723 1.70030736923218 1.76628372073174 1.70134842395782 1.17063295841217 1.46937900781631 1.40405921638012 0.888525724411011 1.3619115203619 1.30730625987053 1.22484675049782 1.18263754248619 0.98834028840065 0.906693041324615 0.82624277472496 0.81944552063942 0.792804032564163 0.846452236175537 1.07696476578712 1.30588200688362 1.60347443819046 1.78439927101135 5.88734316124636 1.74018925232965 -9999 -9999 -9999 -9999 -9999 -9999 -9999
0.577898249030113 0.575751766562462 0.627779245376587 0.683109015226364 0.673844262957573 0.77596727013588 0.796759486198425 0.853610247373581 0.882547527551651 0.799650013446808 0.774668991565704 0.864680975675583 0.839036285877228 0.953010767698288 0.969261735677719 0.99174901843071 0.842995472252369 1.12447348237038 1.28335949778557 1.47119629383087 1.63400995731354 1.72962158918381 1.60758072137833 1.66325622797012 1.4962845146656 1.48739996552467 1.7068544626236 1.65179479122162 2.03003431856632 -9999 -9999 -9999 -9999 -9999 -9999 3.14426672458649 1.52638345956802 1.343604773283 1.23009154200554 0.929635494947433 1.01800873875618 1.04063245654106 1.05316346883774 0.966699779033661 0.998389542102814 1.144217222929 0.91634327173233 1.02548396587372 1.16878196597099 1.64888995885849 1.72913932800293 1.75039798021317 1.91520595550537 1.9762424826622 1.97624230384827 -9999 -9999 -9999 -9999 -9999 -9999 -9999
0.489352494478226 0.458838745951653 0.522882744669914 0.602745741605759 0.640512764453888 0.688699498772621 0.730042487382889 0.712704733014107 0.680577009916306 0.690369755029678 0.691740766167641 0.703579500317574 0.813833981752396 0.850937247276306 0.908418774604797 0.930685490369797 1.14970126748085 1.1669707596302 1.43309551477432 1.57122445106506 1.70597916841507 1.43230202794075 1.66436630487442 1.70248121023178 1.56878167390823 1.50235283374786 1.50126904249191 1.50028878450394 1.43882927298546 -9999 -9999 -9999 -9999 -9999 -9999 -9999 1.77998918294907 1.47493198513985 1.3250894844532 1.16711702942848 1.21860453486443 1.15724328160286 1.06372877955437 0.944981217384338 0.891661494970322 1.01077196002007 1.35446628928185 1.32803696393967 1.37198173999786 2.01472806930542 2.1682140827179 1.99349999427795 -9999 -9999 -9999 -9999 -9999 -9999 -9999 -9999 -9999 -9999
0.476864978671074 0.469497755169868 0.485393241047859 0.551018267869949 0.599334731698036 0.61693574488163 0.584950491786003 0.616583257913589 0.627537757158279 0.734236478805542 0.78874871134758 0.845822989940643 0.857750236988068 0.863914489746094 0.933817505836487 1.04967972636223 1.40683203935623 1.73210781812668 1.87727093696594 1.40674505408468 0.832858806515073 1.20815498828888 1.57314902544022 1.88952076435089 1.57143902778625 1.6041111946106 1.71941471099854 1.82697308063507 1.97936546802521 -9999 -9999 -9999 -9999 -9999 -9999 -9999 3.95855682817372 1.90131425857544 2.16846525669098 1.104486733675 1.11265575885773 1.33658328652382 1.46010446548462 1.40348929166794 1.27358695864677 1.32012900710106 1.38963523507118 1.88379156589508 1.69599902629852 2.32877093553543 2.56785446405411 3.00812458992004 3.72268259525299 -9999 -9999 -9999 -9999 -9999 -9999 -9999 -9999 -9999
0.540885731577873 0.554921239614487 0.560928761959076 0.532803744077682 0.538632765412331 0.546407237648964 0.593370750546455 0.621224239468575 0.64530748128891 0.736980736255646 0.898105502128601 0.948332995176315 0.972474753856659 1.0298692882061 1.10026726126671 1.2790125310421 1.38917854428291 1.5100319981575 1.49522852897644 1.46926948428154 1.22711697220802 1.24737596511841 1.21982252597809 1.96468806266785 1.79669916629791 1.94126772880554 2.03447020053864 2.07750445604324 2.3100278377533 2.504210293293 -9999 -9999 -9999 -9999 -9999 -9999 -9999 3.21223401395898 3.38321975220081 1.9807935655117 1.71858376264572 1.34287503361702 1.58785271644592 2.42580968141556 2.05153495073318 1.69388616085052 1.83776772022247 2.2011855840683 2.68523919582367 3.02802586555481 3.23538458347321 3.23530805110931 3.91062361136127 -9999 -9999 -9999 -9999 -9999 -9999 -9999 -9999 -9999
0.570188239216805 0.541964247822762 0.52606201171875 0.584840252995491 0.568996489048004 0.563930243253708 0.633382514119148 0.715740010142326 0.878082722425461 1.06083896756172 1.1278635263443 1.193463742733 1.17397803068161 1.09928101301193 1.11989852786064 0.743333257734776 1.33821076154709 1.41382125020027 1.3919549882412 1.17872849106789 0.643819481134415 0.898611009120941 1.70917868614197 2.3677162528038 2.25070041418076 2.39200794696808 2.00261253118515 2.13364791870117 2.20810657739639 2.03603929281235 -9999 -9999 -9999 -9999 -9999 -9999 -9999 -9999 -9999 -9999 -9999 -9999 -9999 -9999 -9999 -9999 3.65490746498108 2.62927347421646 3.16760087013245 3.97269749290803 -9999 -9999 -9999 -9999 -9999 -9999 -9999 -9999 -9999 -9999 -9999 -9999
0.744233250617981 0.667717516422272 0.717976480722427 0.699807018041611 0.651930749416351 0.603128269314766 0.606704235076904 1.08408898115158 0.525092989206314 1.16485503315926 1.28621327877045 1.39140227437019 1.34367147088051 0.667149499058723 1.21637552976608 0.88393646478653 0.701969236135483 0.938942223787308 0.841717511415482 0.899077534675598 1.10814446210861 1.13201925158501 1.8695302605629 1.23159402608871 -9999 -9999 -9999 2.11870801448822 1.90561044216156 1.84143447875977 2.14319318532944 -9999 -9999 -9999 -9999 -9999 -9999 -9999 -9999 -9999 -9999 -9999 -9999 -9999 -9999 -9999 -9999 -9999 -9999 -9999 -9999 -9999 -9999 -9999 -9999 -9999 -9999 -9999 -9999 -9999 -9999 -9999
0.551083744503558 0.584126377806944 0.576828607741524 0.589951254865702 0.555902749300003 0.574717745184898 0.729010485112667 1.10707649588585 1.16665050387383 1.19958454370499 1.25182646512985 1.32506623864174 1.29114523530006 1.27249351143837 0.971438974142075 0.831987708806992 0.802531510591507 0.879572242498398 0.636707246303558 0.732145518064499 1.38446626067162 1.88141924142838 1.16092953085899 1.50756525993347 1.76763743162155 1.95171296596527 1.74347019195557 2.11690503358841 2.00294476747513 1.92017108201981 2.08941829204559 2.23779483293665 -9999 -9999 -9999 -9999 -9999 -9999 -9999 -9999 -9999 -9999 -9999 -9999 -9999 -9999 -9999 -9999 -9999 -9999 -9999 -9999 -9999 -9999 -9999 -9999 -9999 -9999 -9999 -9999 -9999 -9999
0.932945251464844 0.602894246578217 0.617974504828453 1.1378647685051 0.643038243055344 1.12711420655251 1.12041145563126 1.17014703154564 1.23330223560333 1.280267983675 1.46450400352478 1.50055950880051 1.47154274582863 1.49050426483154 0.744951769709587 0.74703074991703 0.728561237454414 0.685979247093201 0.751207530498505 0.736034229397774 1.36208322644234 1.94319069385529 1.44339600205421 1.55329495668411 1.98337268829346 1.79234844446182 1.65116769075394 2.25506097078323 2.09122878313065 2.18037521839142 2.45573544502258 2.05085027217865 -9999 -9999 -9999 -9999 -9999 -9999 -9999 -9999 -9999 -9999 -9999 -9999 -9999 -9999 -9999 -9999 -9999 -9999 -9999 -9999 -9999 -9999 -9999 -9999 -9999 -9999 -9999 -9999 -9999 -9999
0.715011268854141 0.749006271362305 1.02747675776482 1.18541622161865 1.22369921207428 1.14217722415924 1.22898146510124 1.35913351178169 1.4157772064209 1.05292987078428 1.11525955796242 1.6222836971283 1.23933523893356 1.08907198905945 0.881256759166718 0.858846008777618 0.83816322684288 0.733478263020515 0.978245258331299 1.14692553877831 0.968749523162842 1.08551850914955 1.2107954621315 1.53657066822052 2.06198626756668 1.76685082912445 1.35303372144699 1.25365045666695 1.26887771487236 1.52771776914597 2.03510105609894 -9999 -9999 -9999 -9999 -9999 -9999 -9999 -9999 -9999 -9999 -9999 -9999 -9999 -9999 -9999 -9999 -9999 -9999 -9999 -9999 -9999 -9999 -9999 -9999 -9999 -9999 -9999 -9999 -9999 -9999 -9999
