EcologicalScience/Bass/data/rs_data_bass/chl_159.asc
NCOLS 226 
NROWS 124 
XLLCORNER -9.41648524995501 
YLLCORNER 47.587301625531 
CELLSIZE 0.0833 
NODATA_value -9999 
[rows 0 to 26 of 124, columns 62 to 123 of 226]
-9999 -9999 -9999 -9999 -9999 -9999 -9999 -9999 -9999 -9999 -9999 -9999 -9999 -9999 -9999 -9999 -9999 -9999 -9999 -9999 -9999 -9999 -9999 -9999 -9999 -9999 -9999 -9999 -9999 -9999 -9999 -9999 -9999 -9999 -9999 -9999 -9999 -9999 -9999 -9999 -9999 -9999 -9999 -9999 -9999 -9999 -9999 -9999 -9999 -9999 -9999 -9999 -9999 -9999 -9999 -9999 -9999 -9999 -9999 -9999 -9999 -9999
-9999 -9999 -9999 -9999 -9999 -9999 -9999 -9999 -9999 -9999 -9999 -9999 -9999 -9999 -9999 -9999 -9999 -9999 -9999 -9999 -9999 -9999 -9999 -9999 -9999 -9999 -9999 -9999 -9999 -9999 -9999 -9999 -9999 -9999 -9999 -9999 -9999 -9999 -9999 -9999 -9999 -9999 -9999 -9999 -9999 -9999 -9999 -9999 -9999 -9999 -9999 -9999 -9999 -9999 -9999 -9999 -9999 -9999 -9999 -9999 -9999 -9999
-9999 -9999 -9999 -9999 -9999 -9999 -9999 -9999 -9999 -9999 -9999 -9999 -9999 -9999 -9999 -9999 -9999 -9999 -9999 -9999 -9999 -9999 -9999 -9999 -9999 -9999 -9999 -9999 -9999 -9999 -9999 -9999 -9999 -9999 -9999 -9999 -9999 -9999 -9999 -9999 -9999 -9999 -9999 -9999 -9999 -9999 -9999 -9999 -9999 -9999 -9999 -9999 -9999 -9999 -9999 -9999 -9999 -9999 -9999 -9999 -9999 -9999
-9999 -9999 -9999 -9999 -9999 -9999 -9999 -9999 -9999 -9999 -9999 -9999 -9999 -9999 -9999 -9999 -9999 -9999 -9999 -9999 -9999 -9999 -9999 -9999 -9999 -9999 -9999 -9999 -9999 -9999 -9999 -9999 -9999 -9999 -9999 -9999 -9999 -9999 -9999 -9999 -9999 -9999 -9999 -9999 -9999 -9999 -9999 -9999 -9999 -9999 -9999 -9999 -9999 -9999 -9999 -9999 -9999 -9999 -9999 -9999 -9999 -9999
-9999 -9999 -9999 -9999 -9999 -9999 -9999 -9999 -9999 -9999 -9999 -9999 -9999 -9999 -9999 -9999 -9999 -9999 -9999 -9999 -9999 -9999 -9999 -9999 -9999 -9999 -9999 -9999 -9999 -9999 -9999 -9999 -9999 -9999 -9999 -9999 -9999 -9999 -9999 -9999 -9999 -9999 -9999 -9999 -9999 -9999 -9999 -9999 -9999 -9999 -9999 -9999 -9999 -9999 -9999 -9999 -9999 -9999 -9999 -9999 -9999 -9999
-9999 -9999 -9999 -9999 -9999 -9999 -9999 -9999 -9999 -9999 -9999 -9999 -9999 -9999 -9999 -9999 -9999 -9999 -9999 -9999 -9999 -9999 -9999 -9999 -9999 -9999 -9999 -9999 0.63735419511795 0.832331764763289 1.41559651494026 1.6029000878334 1.58713427782059 1.14945432543755 0.903859466314316 0.914033979177475 0.845960229635239 0.820923775434494 0.826883286237717 1.7539369314909 1.94697093963623 1.74788904190063 1.42286622524261 1.33697420358658 1.05118989944458 1.01825438439846 2.2913713157177 0.727811247110367 0.59070298075676 0.525894016027451 1.03801274299622 1.14656621217728 1.22023952007294 1.15173527598381 1.0654402077198 1.06770971417427 1.03988474607468 0.51562574505806 0.499824494123459 0.656240254640579 0.624969005584717 0.221088744699955
-9999 -9999 -9999 -9999 -9999 -9999 -9999 -9999 -9999 -9999 -9999 -9999 -9999 -9999 -9999 -9999 -9999 -9999 -9999 -9999 -9999 -9999 -9999 -9999 -9999 -9999 1.18186515569687 1.0627324283123 2.1005482843944 0.815439015626907 0.716241002082825 0.929065715521574 1.61508557796478 1.26485670804977 0.877242028713226 1.54827108979225 1.85574375092983 2.42056345939636 2.95147284865379 2.93594169616699 3.40716344118118 3.70522847771645 2.58142995834351 2.21946120262146 1.89633563160896 2.83607810735703 2.16262882947922 1.70372182130814 1.35811173915863 1.53429573774338 1.27467054128647 0.995376706123352 0.989891231060028 1.12998148798943 0.620501518249512 0.59816700220108 0.598086506128311 0.664100229740143 0.167344495654106 0.629235729575157 0.227013744413853 0.206403739750385
-9999 -9999 -9999 -9999 -9999 -9999 -9999 -9999 -9999 -9999 -9999 -9999 -9999 -9999 -9999 -9999 -9999 -9999 -9999 -9999 -9999 -9999 -9999 -9999 -9999 -9999 1.18186515569687 4.90062668547034 3.13596895337105 1.54893881678581 1.37900403141975 1.41906452178955 2.01194930076599 1.23297674953938 1.07738626003265 1.23665004968643 1.76910376548767 2.7656022310257 3.22185027599335 3.44178247451782 2.23162043094635 2.42628675699234 2.47903794050217 2.3656439781189 2.60239952802658 1.83868128061295 1.20865198969841 1.140416264534 1.21899750828743 1.41007447242737 1.45597746968269 0.527720242738724 0.771893262863159 0.987141996622086 0.855114996433258 0.309680253267288 0.296679005026817 0.223039492964745 0.237643495202065 0.232086002826691 0.186412498354912 0.487017244100571
-9999 -9999 -9999 -9999 -9999 -9999 -9999 -9999 -9999 -9999 -9999 -9999 -9999 -9999 -9999 -9999 -9999 -9999 -9999 -9999 -9999 -9999 -9999 -9999 -9999 -9999 3.50258839130402 3.30154359340668 1.99499773979187 2.73358726501465 2.41797226667404 2.30166667699814 2.07494992017746 1.63649920374155 2.81105107069016 2.38682049512863 2.70810306072235 2.82839244604111 3.55652666091919 3.88139343261719 2.12474691867828 2.17828416824341 5.16452398896217 1.35976427793503 1.1680274605751 1.03980150818825 1.02868428826332 0.930996716022491 0.873141020536423 0.741787478327751 1.7284422814846 0.529485762119293 0.525495752692223 0.425226733088493 0.347809508442879 0.232965745031834 0.224640749394894 0.244628258049488 0.264716997742653 0.317981243133545 0.315795756876469 0.496455743908882
-9999 -9999 -9999 -9999 -9999 -9999 -9999 -9999 -9999 -9999 -9999 -9999 -9999 -9999 -9999 -9999 -9999 -9999 -9999 -9999 -9999 -9999 -9999 -9999 -9999 1.19121462106705 3.8891773223877 3.62236940860748 4.93207490444183 4.44977939128876 2.77711880207062 2.55211043357849 2.87753105163574 2.68391847610474 5.16235882043839 4.2076912522316 2.73065400123596 2.71073770523071 0.42502798140049 0.416891992092133 3.36434531211853 3.53555047512054 3.82713520526886 1.17306903004646 1.35680928826332 0.878668516874313 0.838359743356705 0.846924036741257 0.805076211690903 1.77717825770378 1.64486968517303 1.46857881546021 1.26042622327805 0.4087132550776 0.407893884927034 0.208613254129887 0.210698246955872 0.697325497865677 0.579652518033981 0.5460145175457 0.5911945104599 0.616911739110947
-9999 -9999 -9999 -9999 -9999 -9999 -9999 -9999 -9999 -9999 -9999 -9999 -9999 -9999 -9999 -9999 -9999 -9999 -9999 -9999 -9999 -9999 -9999 -9999 -9999 21.9217157363892 23.1974172592163 9.32661724090576 5.37818026542664 5.1139132976532 4.77404701709747 4.23884618282318 4.34705543518066 3.16811335086823 3.06980931758881 4.29054939746857 6.02067509293556 6.55814802646637 3.46002978086472 3.59491145610809 3.07979387044907 3.24540656805038 3.66531020402908 3.91862696409226 3.21650660037994 0.917623490095139 2.42998573184013 0.709336504340172 0.68061451613903 0.673260748386383 0.653687998652458 0.660866260528564 0.633719265460968 0.510380253195763 0.479262739419937 0.47612701356411 0.46341598033905 0.439816519618034 0.438819766044617 0.438026234507561 0.722460269927979 0.448491767048836
-9999 -9999 -9999 -9999 -9999 -9999 -9999 -9999 -9999 -9999 -9999 -9999 -9999 -9999 -9999 -9999 -9999 -9999 -9999 -9999 -9999 -9999 -9999 -9999 1.31647038459778 19.048713684082 10.5663084983826 7.26767420768738 5.88290762901306 5.03336763381958 4.78118240833282 4.00587522983551 3.33763884007931 4.57102787494659 2.94442757964134 3.17555844783783 4.560919880867 2.7630735039711 2.62920606136322 2.72343528270721 3.82988846302032 3.64206963777542 3.59688007831574 3.83160877227783 1.7652862071991 3.09569346904755 1.51280325651169 2.91447961330414 2.69109356403351 0.76526927947998 0.799517959356308 0.785131484270096 0.871512740850449 0.822888761758804 0.57176399230957 0.521474272012711 0.527539506554604 0.502158746123314 0.464303255081177 0.481990501284599 0.5076584815979 0.530510991811752
-9999 -9999 -9999 -9999 -9999 -9999 -9999 -9999 -9999 -9999 -9999 -9999 -9999 -9999 -9999 -9999 -9999 -9999 -9999 -9999 -9999 -9999 -9999 1.50594073534012 40.9976892471313 22.0498466491699 9.79527640342712 7.68371343612671 5.12597322463989 4.15811705589294 4.2577246427536 3.75057148933411 3.6872341632843 3.22455883026123 3.219966173172 2.98012804985046 2.56955999135971 2.25988644361496 2.16669595241547 2.15308195352554 2.20072799921036 2.2250309586525 2.26398897171021 4.12973141670227 3.73669111728668 3.60313493013382 3.43744456768036 3.35915583372116 2.71558356285095 2.36627972126007 1.84016197919846 1.90389519929886 1.85590696334839 1.26550728082657 1.30219477415085 1.14949402213097 0.832475244998932 0.830983489751816 0.828794986009598 0.694193243980408 0.574352994561195 0.675573751330376
-9999 -9999 -9999 -9999 -9999 -9999 -9999 -9999 -9999 -9999 -9999 -9999 -9999 -9999 -9999 -9999 -9999 -9999 -9999 -9999 -9999 -9999 7.63788360357285 50.5608215332031 41.5733613967896 9.40126919746399 6.77076530456543 4.49233210086823 3.16889083385468 2.7534082531929 3.43563687801361 3.53605663776398 3.52735590934753 3.47296142578125 3.08023345470428 2.65754771232605 2.32996273040771 2.31835269927979 2.51391971111298 2.27265894412994 2.13558983802795 2.20662975311279 4.22723376750946 4.1880429983139 4.42117321491241 4.30289006233215 3.67075860500336 2.8268204331398 2.86653655767441 2.13278079032898 0.503891620784998 1.12046027183533 0.653640367090702 0.718058221042156 0.803716152906418 0.881873220205307 0.842906981706619 0.847802996635437 0.817846477031708 0.808051496744156 0.810129761695862 0.840848207473755
-9999 -9999 -9999 -9999 -9999 -9999 -9999 -9999 -9999 -9999 -9999 -9999 -9999 -9999 -9999 -9999 -9999 -9999 -9999 -9999 2.64602583646774 2.01681305992771 52.3054733276367 34.1948461532593 16.77570104599 4.99630808830261 3.7726628780365 3.5706832408905 3.20987713336945 2.95541703701019 3.19595038890839 4.12814319133759 3.95475590229034 3.79947459697723 3.45595335960388 2.72922366857529 2.36285179853439 2.41869825124741 2.78979831933975 2.90914195775986 2.58831149339676 2.29923158884048 2.12505376338959 2.00403821468353 1.61844742298126 1.33163174986839 2.43789505958557 2.32000374794006 0.499725759029388 0.567568480968475 0.610488742589951 0.756314992904663 0.723082512617111 0.624571122229099 0.716452874243259 0.803389146924019 0.532681480050087 0.692842863500118 0.615490145981312 0.760481983423233 0.757004231214523 0.63543601334095
-9999 -9999 -9999 -9999 -9999 -9999 -9999 -9999 -9999 -9999 -9999 -9999 -9999 -9999 -9999 -9999 -9999 -9999 -9999 -9999 2.14007860303189 10.4508949858802 1.78959931433201 16.6679563522339 10.1449964046478 3.70029509067535 1.98143917322159 2.74357116222382 3.02238893508911 3.18548834323883 3.81456828117371 4.89350473880768 5.29097700119019 4.6310498714447 3.78942382335663 3.12921810150146 2.65227520465851 2.65927416086197 4.85488975048065 4.89421725273132 4.91609573364258 2.88514423370361 2.31113469600677 1.99439781904221 1.66291505098343 1.4126670062542 0.738580495119095 0.686592757701874 0.676951512694359 0.716835737228394 0.735556483268738 0.895364284515381 0.846783041954041 0.823830753564835 0.685697257518768 0.515315249562263 0.38128799200058 0.337136998772621 0.542026877403259 0.542414993047714 0.514136999845505 0.504341259598732
-9999 -9999 -9999 -9999 -9999 -9999 -9999 -9999 -9999 -9999 -9999 -9999 -9999 -9999 -9999 -9999 -9999 -9999 -9999 4.68704032897949 2.9950080871582 48.7049446105957 5.89561128616333 5.21391141414642 4.51313924789429 2.67661195993423 3.19671213626862 4.87818539142609 4.77091813087463 4.83515989780426 5.21227812767029 5.67631280422211 5.30184602737427 4.68092930316925 3.63704788684845 3.0891637802124 3.30074107646942 3.46230590343475 3.40563297271729 3.95649611949921 4.25273609161377 3.58988535404205 3.94300401210785 3.83143973350525 0.840781509876251 0.821864247322083 0.787854731082916 0.745947003364563 0.766465544700623 0.665616005659103 0.621703505516052 0.541789501905441 0.596248492598534 0.623497501015663 0.641148000955582 0.613485753536224 0.363750748336315 0.31241700053215 0.414342731237411 0.467500492930412 0.495535477995872 0.421437375247478
-9999 -9999 -9999 -9999 -9999 -9999 -9999 -9999 -9999 -9999 -9999 -9999 -9999 -9999 -9999 -9999 -9999 -9999 5.94296050071716 3.62847769260406 14.673451423645 7.91754198074341 3.57976412773132 3.26663088798523 2.39024770259857 2.38461595773697 2.79668319225311 3.70093560218811 3.84340488910675 5.40830862522125 6.11351895332336 5.57501542568207 4.89883589744568 2.58905696868896 2.55930608510971 2.62902742624283 3.88962507247925 3.66256892681122 3.90367072820663 4.2376483976841 3.16635048389435 2.86338400840759 2.80962896347046 2.60779452323914 0.832647711038589 0.936282008886337 0.926192253828049 0.850161015987396 0.717207759618759 0.584199741482735 0.462176978588104 0.418747499585152 0.382656008005142 0.361451245844364 0.32362575083971 0.291540741920471 0.335202008485794 0.405404269695282 0.413676738739014 0.418385982513428 0.442467749118805 0.42628276348114
-9999 -9999 -9999 -9999 -9999 -9999 -9999 -9999 -9999 -9999 -9999 -9999 -9999 -9999 -9999 -9999 -9999 13.7518412722329 8.50123329162598 5.93419404029846 3.01456146240234 1.83417674303055 1.89801827073097 2.05208140611649 1.62303033471107 1.44454720616341 1.29868197441101 0.369374245405197 0.561441019177437 1.27516025304794 1.75065976381302 1.97087901830673 2.1613529920578 2.63843178749084 3.79441559314728 3.00747585296631 3.1385962665081 3.05094042420387 2.69602051377296 3.3925489783287 2.78474324941635 2.49799847602844 1.91901528835297 0.60717599093914 0.724146768450737 0.83243402838707 0.890709757804871 0.861508458852768 0.768017292022705 0.583564504981041 0.419280007481575 0.346270501613617 0.309029996395111 0.289707742631435 0.291722260415554 0.289968743920326 0.31164825707674 0.317274749279022 0.44591698050499 0.420461252331734 0.363680999726057 0.360254622995853
-9999 -9999 -9999 -9999 -9999 -9999 -9999 -9999 -9999 -9999 -9999 -9999 -9999 -9999 -9999 -9999 -9999 -9999 -9999 3.34471144846507 3.90847302675247 1.1865089982748 1.67245423793793 1.85583825409412 1.72842036187649 0.799748003482819 0.983632236719131 1.17018401622772 1.26022750139236 1.29449200630188 1.26698499917984 1.53829073905945 1.65852865576744 1.6505418419838 1.71578925848007 1.51270762458444 2.39556866884232 1.95682092010975 2.22777633368969 2.39095348119736 2.49994491040707 2.40583688020706 1.88036048412323 0.656222999095917 0.665913015604019 0.71731124818325 1.60951447486877 1.40457397699356 0.782802790403366 0.631613239645958 0.533923521637917 0.426744729280472 0.390624761581421 0.330860249698162 0.276734255254269 0.283598989248276 0.294683240354061 0.305008493363857 0.310762502253056 0.302697010338306 0.278943747282028 0.347599122673273
-9999 -9999 -9999 -9999 -9999 -9999 -9999 -9999 -9999 -9999 -9999 -9999 -9999 -9999 -9999 8.82736623287201 9.32305254936218 3.93112520838893 0.234070502221584 0.233258239924908 2.36437042951584 0.246922507882118 0.977828234434128 0.837740510702133 1.05847500264645 0.980146139860153 1.02523085474968 0.918335258960724 0.901790738105774 1.02042350172997 1.09684550762177 1.35651040077209 1.54454965889454 1.62559242546558 1.65912948846817 0.497636988759041 0.495511516928673 0.47325074672699 1.4306892156601 1.6645502448082 1.4700842499733 1.63542035222054 1.35970324277878 0.609236240386963 0.63986773788929 0.690337479114532 0.742336481809616 1.60118597745895 1.34569823741913 1.06614571809769 0.898103505373001 0.364847995340824 0.325623750686646 0.294770255684853 0.290781006217003 0.285348750650883 0.275140509009361 0.265774503350258 0.263238742947578 0.260242491960526 0.261996746063232 0.255737990140915
-9999 -9999 -9999 -9999 -9999 -9999 -9999 -9999 -9999 -9999 35.2986888885498 35.2986888885498 13.7248649597168 50.7068731134588 0.44088976085186 0.377354979515076 0.332405246794224 0.343606509268284 0.256206750869751 0.243471756577492 0.235036499798298 0.214646257460117 1.58297771215439 1.33412401378155 0.97043140232563 0.833038866519928 1.02238100767136 0.39045225083828 0.375809267163277 0.410312980413437 0.949987500905991 1.39599971473217 1.3968134522438 1.35344588756561 0.521204978227615 0.529273509979248 0.555765733122826 0.5533327460289 0.531492009758949 0.504019483923912 0.522888019680977 1.12790477275848 0.640839770436287 0.683179512619972 0.722533509135246 0.720375001430511 0.707235753536224 0.608549237251282 0.551872506737709 0.530762270092964 0.367623008787632 0.298960492014885 0.282806240022182 0.284919753670692 0.282609008252621 0.262886255979538 0.253770008683205 0.255508504807949 0.265900500118732 0.268006503582001 0.264162741601467 0.25671149790287
-9999 -9999 -9999 -9999 -9999 -9999 -9999 -9999 -9999 -9999 35.2986888885498 5.68968975543976 4.3988479077816 2.66200733184814 2.26770079135895 0.710302501916885 0.608814015984535 11.3952294588089 7.63466369220526 2.28298889100552 0.255498759448528 2.30023523569107 0.976186037063599 0.833981484174728 0.78575325012207 1.10600450634956 0.345587991178036 0.340071760118008 0.375746235251427 0.394539758563042 0.419762268662453 0.407726258039474 0.854140251874924 1.14354300498962 1.27847027778625 1.57490886747837 0.985339522361755 1.04675924777985 1.01050275564194 0.839029490947723 0.621929258108139 0.539225980639458 0.625901252031326 0.644566521048546 0.521325767040253 0.507409483194351 0.52259324491024 0.464867234230042 0.394373998045921 0.332222990691662 0.298010252416134 0.27844275534153 0.272760003805161 0.282018005847931 0.295668751001358 0.281793750822544 0.277432501316071 0.268407002091408 0.283768504858017 0.3033247590065 0.306450739502907 0.295090489089489
-9999 -9999 -9999 -9999 -9999 -9999 -9999 -9999 -9999 -9999 -9999 -9999 13.3651474157532 5.46732920408249 4.5929993391037 5.04150512166645 -9999 -9999 -9999 -9999 -9999 -9999 2.56832626461983 1.12572899460793 1.60062548518181 1.36561301350594 0.809163987636566 0.721266508102417 0.734620749950409 0.788306474685669 1.01146852970123 0.924494236707687 0.874119997024536 0.233801990747452 0.944451749324799 1.09791427850723 1.08182150125504 0.974484771490097 1.32039445638657 0.981609016656876 0.744852751493454 0.590998515486717 0.516106501221657 0.226836740970612 0.243675000965595 0.274992741644382 0.291348002851009 0.279012747108936 0.268707744777203 0.258878991007805 0.257211752235889 0.271820247173309 0.277682259678841 0.292483493685722 0.307246506214142 0.305735260248184 0.319483503699303 0.322828508913517 0.312391497194767 0.339637510478497 0.364737756550312 0.347735993564129
-9999 -9999 -9999 -9999 -9999 -9999 -9999 -9999 -9999 -9999 -9999 -9999 -9999 16.6274771690369 16.6274771690369 16.6274771690369 -9999 -9999 -9999 -9999 -9999 -9999 4.94490551948547 4.94490551948547 4.94490551948547 0.308659605681896 1.05457513332367 4.28410571813583 2.16092050075531 2.27592122554779 1.44531726837158 1.02210250496864 0.208827003836632 1.06199327111244 1.05760923027992 1.06269577145576 1.13892126083374 1.15220546722412 1.09914553165436 1.19518795609474 0.957869231700897 0.637863770127296 0.752254486083984 0.752778261899948 0.670050263404846 0.602225750684738 0.234746240079403 0.257499754428864 0.257792249321938 0.234467245638371 0.230026490986347 0.251077495515347 0.264628507196903 0.245175004005432 0.257378250360489 0.280000492930412 0.273080259561539 0.26723100990057 0.283524759113789 0.301541246473789 0.33654373884201 0.351699739694595
-9999 -9999 -9999 -9999 -9999 -9999 -9999 -9999 -9999 -9999 -9999 -9999 -9999 -9999 -9999 -9999 -9999 -9999 -9999 -9999 -9999 -9999 -9999 -9999 -9999 -9999 23.0700720101595 10.0246405303478 5.70859128236771 1.62092399597168 0.658084496855736 1.6202757358551 1.30037349462509 0.436329022049904 1.3583690226078 1.31463572382927 0.445523992180824 0.60690151154995 1.02657598257065 1.06416973471642 0.828193455934525 0.674730017781258 0.821277737617493 0.654620245099068 0.428817003965378 0.648126244544983 0.691696003079414 0.605483502149582 0.509262517094612 0.523322507739067 0.505007266998291 0.479773238301277 0.432422488927841 0.406087994575501 0.401615500450134 0.237588755786419 0.229290001094341 0.225834757089615 0.238430991768837 0.279362238943577 0.313101746141911 0.332239497452974
-9999 -9999 -9999 -9999 -9999 -9999 -9999 -9999 -9999 -9999 -9999 -9999 -9999 -9999 -9999 -9999 -9999 -9999 -9999 -9999 -9999 -9999 -9999 -9999 -9999 -9999 -9999 7.49722558259964 7.57996642589569 1.00940322875977 0.685843482613564 2.09438502788544 2.07740253210068 1.63008326292038 1.3418972492218 1.23614725470543 1.26455122232437 1.25339221954346 0.862835973501205 1.18691700696945 1.08216145634651 0.801080256700516 0.445954486727715 0.370504505932331 0.537518978118896 0.696794271469116 0.598103240132332 0.244501501321793 0.648329496383667 0.590423732995987 0.512655735015869 0.448750242590904 0.430309742689133 0.437968507409096 0.435656741261482 0.428346261382103 0.318505123257637 0.329694002866745 0.340943243354559 0.347234252840281 0.353735994547606 0.356870245188475
