EcologicalScience/Bass/data/rs_data_bass/chl_294.asc
NCOLS 226 
NROWS 124 
XLLCORNER -9.41648524995501 
YLLCORNER 47.587301625531 
CELLSIZE 0.0833 
NODATA_value -9999 
[rows 81 to 107 of 124, columns 62 to 123 of 226]
3.85158455371857 5.97498106956482 7.6620512008667 7.66205191612244 -9999 -9999 -9999 -9999 -9999 -9999 -9999 -9999 -9999 -9999 -9999 -9999 -9999 -9999 -9999 -9999 -9999 -9999 -9999 -9999 -9999 -9999 -9999 -9999 -9999 -9999 -9999 -9999 -9999 -9999 -9999 -9999 -9999 -9999 -9999 -9999 -9999 -9999 -9999 -9999 -9999 -9999 -9999 -9999 -9999 -9999 -9999 -9999 -9999 -9999 -9999 -9999 -9999 -9999 -9999 -9999 -9999 -9999
3.10181354926628 -9999 -9999 -9999 -9999 -9999 -9999 -9999 -9999 -9999 -9999 -9999 -9999 -9999 -9999 -9999 -9999 -9999 -9999 -9999 -9999 -9999 -9999 -9999 -9999 -9999 -9999 -9999 -9999 -9999 -9999 -9999 -9999 -9999 -9999 -9999 -9999 -9999 -9999 -9999 -9999 -9999 -9999 -9999 -9999 -9999 -9999 -9999 -9999 -9999 -9999 -9999 -9999 -9999 -9999 -9999 -9999 -9999 -9999 -9999 -9999 -9999
-9999 -9999 -9999 -9999 -9999 -9999 -9999 -9999 -9999 -9999 -9999 -9999 -9999 -9999 -9999 -9999 -9999 -9999 -9999 -9999 -9999 -9999 -9999 -9999 -9999 -9999 -9999 -9999 -9999 -9999 -9999 -9999 -9999 -9999 -9999 -9999 -9999 -9999 -9999 -9999 -9999 -9999 -9999 -9999 -9999 -9999 -9999 -9999 -9999 -9999 -9999 -9999 -9999 -9999 -9999 -9999 -9999 -9999 -9999 -9999 -9999 -9999
-9999 -9999 -9999 -9999 -9999 -9999 -9999 -9999 -9999 -9999 -9999 -9999 -9999 -9999 -9999 -9999 -9999 -9999 -9999 -9999 -9999 -9999 -9999 -9999 -9999 -9999 -9999 -9999 -9999 -9999 -9999 -9999 -9999 -9999 -9999 -9999 -9999 -9999 -9999 -9999 -9999 -9999 -9999 -9999 -9999 -9999 -9999 -9999 -9999 -9999 -9999 -9999 -9999 -9999 -9999 -9999 -9999 2.62608321011066 4.49422723054886 17.7559876441956 11.4622278213501 7.52515125274658
-9999 -9999 -9999 -9999 -9999 -9999 -9999 -9999 -9999 -9999 -9999 -9999 -9999 -9999 -9999 -9999 -9999 -9999 -9999 -9999 -9999 -9999 -9999 -9999 -9999 -9999 -9999 -9999 -9999 -9999 -9999 -9999 -9999 -9999 -9999 -9999 37.1749906539917 -9999 3.76360416412354 2.83050592525585 -9999 -9999 2.66612023115158 3.21887397766113 4.72399199008942 14.0956778526306 19.1765899658203 16.3652057647705 11.8709843158722 9.73066449165344 37.1400032043457 2.36353215575218 -9999 -9999 -9999 24.835521697998 34.886999130249 30.4172916412354 14.1807732582092 5.84293806552887 4.53156745433807 6.93581056594849
-9999 -9999 -9999 -9999 -9999 -9999 -9999 -9999 -9999 -9999 -9999 -9999 -9999 1.58181782744148 15.7915992736816 27.0921535491943 11.41619181633 3.72884023189545 1.12509450316429 -9999 -9999 -9999 -9999 -9999 -9999 -9999 -9999 -9999 2.90178751945496 3.85397458076477 3.23931884765625 3.87912011146545 -9999 3.66949796676636 -9999 -9999 -9999 -9999 3.22533810138702 2.68294268846512 2.973608314991 3.75828838348389 5.46102976799011 6.32999038696289 8.4640896320343 14.2124361991882 12.2128257751465 11.9053480625153 13.3604035377502 15.7950639724731 24.4860792160034 9.40160465240479 5.89843189716339 5.93984162807465 9.17620968818665 13.9875354766846 11.1522767543793 3.63040816783905 1.72324794530869 1.85930246114731 3.30542635917664 7.91818785667419
-9999 -9999 -9999 -9999 -9999 -9999 -9999 -9999 -9999 -9999 4.15073561668396 11.2511515617371 1.96259182691574 5.0284252166748 3.48365771770477 3.09406292438507 2.08981204032898 3.7847056388855 5.16312754154205 1.21533849835396 2.52775645374777 -9999 1.44015201655301 41.1766176223755 4.05941927433014 -9999 -9999 2.76625456809998 2.84034222364426 2.85388648509979 3.28271770477295 3.27851557731628 2.97305166721344 2.93816471099854 -9999 -9999 3.18757597037724 2.93663828372955 2.74141269922256 2.65198731422424 3.01203739643097 3.80110037326813 5.53847694396973 5.1842976808548 5.6357946395874 6.95171356201172 6.17381358146667 5.13893473148346 5.08159053325653 2.99673825502396 1.92952716350555 1.98451495170593 4.57925319671631 2.44107896089554 2.2427174448967 2.02574318647385 1.41249078512192 1.34502750635147 1.62485557794571 1.68893855810165 2.47417116165161 3.51552379131317
-9999 -9999 -9999 -9999 -9999 -9999 -9999 -9999 -9999 3.42027461528778 3.57993900775909 4.76260936260223 1.31497952342033 1.72084575891495 2.5688009262085 2.6039571762085 3.91469693183899 6.07797145843506 8.93773198127747 14.1302046775818 1.50806128978729 8.16035342216492 9.88172650337219 8.85970187187195 4.72298920154572 3.43168044090271 2.72740495204926 2.48168170452118 2.33174854516983 2.15331298112869 2.01293402910233 1.83017992973328 1.83560478687286 2.07737016677856 2.56956517696381 2.99568450450897 3.5495857000351 3.30328667163849 3.00980937480927 3.24243450164795 4.37566065788269 5.73335087299347 5.28726840019226 3.28931021690369 2.67339080572128 1.91768252849579 1.67511230707169 1.49048253893852 1.27985474467278 1.37340974807739 1.473837018013 1.56872481107712 1.73304605484009 1.29927152395248 1.14895203709602 1.08245703577995 1.16807851195335 1.46186926960945 1.35169726610184 1.16067373752594 1.10848948359489 1.43293726444244
-9999 -9999 -9999 -9999 -9999 -9999 -9999 -9999 -9999 0.857792973518372 0.645014986395836 0.586697995662689 0.895797729492188 1.29447671771049 2.25162667036057 4.29744815826416 2.83244258165359 6.06922960281372 10.1185591220856 6.63102793693542 10.2694752216339 10.8417885303497 9.97380566596985 7.67866158485413 5.87179720401764 3.64712083339691 2.36870330572128 1.58150857686996 1.32296025753021 1.06856846809387 1.23787048459053 1.68593841791153 1.73113650083542 1.78198045492172 1.85090321302414 2.0898397564888 2.46539783477783 2.88959920406342 3.03585541248322 3.27124571800232 2.9461373090744 2.85473477840424 1.33132204413414 0.942798793315887 0.846774727106094 0.924004465341568 1.00749224424362 1.01898077130318 0.924207776784897 0.94709175825119 1.17136573791504 1.17267599701881 1.0891410112381 1.01973304152489 1.16381853818893 1.47655579447746 1.88897842168808 2.24555325508118 1.69253325462341 1.26899921894073 1.2936187684536 1.57642650604248
-9999 -9999 -9999 -9999 -9999 -9999 -9999 -9999 1.74907442290207 0.698376014828682 0.597554996609688 0.549736484885216 0.642057001590729 0.787506759166718 0.848874002695084 0.951785981655121 1.95660066604614 3.73871612548828 3.14359796047211 3.86812341213226 4.54836308956146 4.67291021347046 4.68734264373779 3.75869178771973 2.11110377311707 1.59095549583435 1.29740104079247 1.11135300993919 1.09231728315353 1.05731928348541 1.06780198216438 1.25224873423576 1.5080571770668 1.56032699346542 1.5762255191803 1.58254873752594 1.66716295480728 1.69865030050278 1.70447766780853 1.72294056415558 1.25839501619339 0.896212488412857 0.720716267824173 0.730369493365288 0.751490235328674 0.772638738155365 0.735300734639168 0.693061485886574 0.652676984667778 0.716595768928528 0.777166485786438 0.899056524038315 1.01467877626419 1.48541629314423 1.68723893165588 1.75644671916962 1.54658317565918 1.21091401576996 0.734836488962173 0.717096000909805 0.751854747533798 0.789634466171265
0.614198237657547 0.620462983846664 1.13902804255486 2.61430495977402 -9999 -9999 -9999 1.75768399238586 3.18266916275024 1.12324503064156 0.609191983938217 0.66261975467205 0.865271955728531 0.704435259103775 0.710451766848564 0.686037763953209 0.719616740942001 1.42713448405266 1.61696773767471 2.08072507381439 2.72152054309845 2.94733572006226 3.24840080738068 2.55373567342758 2.71658474206924 2.34358942508698 2.17176157236099 1.83794617652893 1.42304921150208 1.5011647939682 1.50695031881332 1.24780797958374 1.22497728466988 1.17525601387024 1.00809895992279 0.853650748729706 0.827258259057999 0.814740747213364 0.765035212039948 0.736358240246773 0.698169752955437 0.683567985892296 0.693304494023323 0.702614262700081 0.719070732593536 0.72637876868248 0.715161770582199 0.690913483500481 0.658197015523911 0.921507775783539 1.17383328080177 1.24515447020531 1.216577231884 1.36354199051857 1.34555250406265 1.23579820990562 0.783631503582001 0.736806750297546 0.72876450419426 0.701197519898415 0.649178981781006 0.647749498486519
0.521090269088745 0.517636477947235 0.669441729784012 2.15890574455261 2.36569958925247 5.2940708398819 8.47762870788574 2.82534527778625 1.49435850977898 1.09292927384377 0.854561269283295 0.619494751095772 0.627768740057945 0.789172500371933 0.858797997236252 0.864131212234497 0.880517274141312 2.01992619037628 2.29086077213287 1.85016971826553 1.65648597478867 2.48074579238892 3.04365742206573 4.79981482028961 5.44627439975739 7.00857424736023 5.37895667552948 4.78996574878693 5.83512961864471 5.74125838279724 4.67703294754028 2.88189518451691 2.15628004074097 1.4808247089386 1.17419251799583 0.884556770324707 0.801673471927643 0.724916249513626 0.702573001384735 0.720015004277229 0.730068013072014 0.747004508972168 0.746271014213562 0.745003491640091 0.739523246884346 0.738237753510475 1.61905717849731 2.41920518875122 2.29632443189621 2.62111204862595 2.56218677759171 2.06051623821259 1.43475902080536 0.997734725475311 0.956050515174866 0.950594991445541 0.870019465684891 0.899520009756088 0.937484264373779 0.894332975149155 0.729137241840363 0.755517035722733
0.763331294059753 0.802401781082153 0.550200015306473 0.996820539236069 1.15724623203278 1.46963846683502 1.74360448122025 1.39519572257996 1.30805772542953 1.08537974953651 0.887270987033844 0.846150755882263 0.804740220308304 0.879896968603134 1.58568978309631 1.61724668741226 1.34866279363632 1.52861022949219 1.5103132724762 1.62323319911957 1.85849475860596 3.09401857852936 5.22875547409058 3.50155806541443 3.69439709186554 3.24496865272522 3.13534426689148 3.3918045759201 3.17814159393311 3.74705171585083 5.28033006191254 3.42473244667053 1.77115720510483 1.27841851115227 1.11294302344322 0.955029755830765 0.872079759836197 0.82429575920105 0.783698290586472 0.769296705722809 0.773369997739792 0.800647526979446 1.06195271015167 1.46490079164505 2.12770646810532 2.91427052021027 7.54086756706238 8.57291507720947 7.78451657295227 5.73155307769775 4.78491818904877 1.89007204771042 1.00304853916168 0.873764276504517 0.926393955945969 1.02794247865677 1.05818849802017 1.02118724584579 0.992795258760452 0.937263786792755 0.78540900349617 0.778595209121704
1.10679146647453 1.36933797597885 1.1535592675209 0.648576021194458 0.84672224521637 1.03331395983696 1.20977926254272 1.28557652235031 1.37278497219086 1.47963899374008 1.76117849349976 1.90478700399399 1.99633651971817 2.12952375411987 2.65052032470703 2.34612143039703 2.20998001098633 2.16742050647736 1.84270352125168 2.07236766815186 2.28668475151062 5.12753033638 5.23358237743378 3.14959645271301 2.97251093387604 2.2472385764122 1.25807324051857 1.11619502305984 1.63603341579437 1.60713905096054 1.60919541120529 1.4541277885437 1.28741928935051 1.23433578014374 1.18086370825768 0.997093498706818 0.937436252832413 0.914517760276794 0.863964736461639 0.828016519546509 0.812220722436905 0.820904284715652 1.04964450001717 1.5676417350769 2.36563128232956 3.4837521314621 6.54782867431641 7.71219491958618 9.6972062587738 5.92296838760376 2.42586082220078 0.983309268951416 0.879028469324112 1.05797097086906 1.12528198957443 1.19328904151917 1.08809548616409 0.999233990907669 1.02346578240395 1.03469923138618 0.966034501791 0.911466032266617
1.09364327788353 1.45717576146126 1.73769003152847 1.52253305912018 1.7060564160347 2.35117954015732 1.52604907751083 1.75763779878616 1.5744720697403 1.74151057004929 2.01579308509827 2.00619667768478 2.32913392782211 2.60349744558334 3.43505716323853 3.22864508628845 2.83183801174164 3.34393787384033 3.38829159736633 3.53415012359619 3.89314126968384 4.20974636077881 4.24064540863037 4.16080355644226 3.42049276828766 1.95947241783142 1.61457753181458 1.41862946748734 1.27821072936058 1.41616800427437 1.6914569735527 1.47751870751381 1.30013698339462 1.23906898498535 1.16108921170235 1.01771253347397 0.966763526201248 1.00149303674698 1.05182254314423 1.0268737077713 0.973028987646103 0.991878747940063 1.22302570939064 2.04162222146988 3.13913011550903 5.23247480392456 9.41637182235718 12.0049338340759 12.4820051193237 6.29414033889771 3.11865448951721 1.87566983699799 1.07377427816391 1.16534623503685 1.10712522268295 1.10795921087265 1.18512672185898 1.20372077822685 1.26230996847153 1.25264400243759 1.27935004234314 1.41772422194481
0.864595502614975 1.81662225723267 2.92204266786575 3.1318963766098 1.40638947486877 1.29513528943062 1.47735902667046 1.81473004817963 2.45029717683792 2.26187252998352 2.33135998249054 2.74131453037262 3.14851355552673 3.09893560409546 3.50068795681 3.54163205623627 3.42645835876465 3.81842029094696 4.11246085166931 4.1208404302597 3.74781596660614 4.2711546421051 2.85356032848358 2.28165149688721 2.46247494220734 1.97715675830841 1.71648681163788 1.37018322944641 1.30354052782059 1.48726871609688 1.31817001104355 1.14894300699234 1.33947524428368 1.31979596614838 1.15585049986839 1.05963000655174 1.07055598497391 1.05817803740501 1.05163353681564 1.21345800161362 1.1714009642601 1.16930848360062 1.33182522654533 1.90297275781631 3.23953056335449 5.25902760028839 10.4718668460846 12.1529431343079 10.9017097949982 4.88004541397095 2.69280982017517 2.04910719394684 1.69544398784637 1.28477776050568 1.18854823708534 1.21726727485657 1.42147421836853 1.4569965004921 1.58101272583008 1.70562672615051 1.84100317955017 2.56692381948233
1.27948352694511 1.99482679367065 3.49843561649323 3.2689311504364 2.64812922477722 1.76735472679138 1.68153369426727 1.70693099498749 1.47675821185112 1.65640354156494 1.5907364487648 1.71788781881332 2.1505229473114 2.44270956516266 2.34981518983841 2.97916120290756 3.67963635921478 4.1434611082077 3.97443151473999 2.57526004314423 1.89364045858383 1.7185800075531 2.45577442646027 2.4631222486496 2.41046172380447 1.81253170967102 1.45853170752525 1.40326273441315 1.37781751155853 1.29179254174232 1.23658499121666 1.07359126210213 1.11272022128105 1.23190274834633 1.40352675318718 1.36009204387665 1.1938125193119 1.11623999476433 1.05150148272514 1.07104647159576 1.12592098116875 1.2005467414856 1.64327841997147 2.5414627790451 4.24313628673553 6.39989805221558 10.2802877426147 9.17615246772766 7.76731181144714 4.69757187366486 2.74186724424362 1.94191128015518 1.55136144161224 1.44318303465843 1.56410032510757 1.69080376625061 2.44095401041699 -9999 -9999 -9999 -9999 -9999
1.84950006008148 2.03844594955444 2.65737980604172 1.99005442857742 2.65862327814102 1.64166676998138 1.93667846918106 2.34207379817963 1.74129366874695 1.29420304298401 1.19063553214073 1.01116874814034 0.791870266199112 0.82076695561409 1.03992077708244 1.83451652526855 2.11427628993988 2.72927623987198 2.20689672231674 1.26842701435089 1.39853024482727 1.81988471746445 2.10691791772842 1.55103081464767 1.5519967675209 1.46694526076317 1.71876221895218 1.33009629696608 1.58279174566269 1.39133548736572 1.24528124928474 1.41964870691299 1.50165599584579 1.87353819608688 1.85989952087402 1.79815793037415 1.49632948637009 1.28033995628357 1.09423953294754 0.983147978782654 0.948830276727676 0.960295468568802 1.43037378787994 2.15546697378159 3.3940064907074 4.84967029094696 5.79968762397766 5.04385185241699 4.03720736503601 1.96806067228317 1.57305979728699 1.45710825920105 1.74531072378159 4.9273279979825 1.66381914742657 -9999 -9999 -9999 -9999 -9999 -9999 -9999
2.12410193681717 2.38726204633713 2.03394824266434 1.89410251379013 1.59024828672409 1.11023104190826 1.14281621575356 1.28155651688576 1.41696971654892 0.992930263280869 1.03690722584724 1.08138826489449 0.993471711874008 0.966198027133942 1.00871327519417 1.09371373057365 1.15609726309776 1.41725322604179 1.73461425304413 1.16796603798866 1.26535651087761 1.52482491731644 1.23788174986839 1.19696778059006 1.24088099598885 1.27423346042633 1.4201475083828 1.6465927362442 1.78623282909393 -9999 -9999 -9999 -9999 -9999 -9999 3.14426672458649 1.96471577882767 1.66706317663193 1.23604720830917 0.939074277877808 0.907969504594803 0.915804773569107 1.06732651591301 1.54928255081177 2.16731107234955 2.85680776834488 4.00590455532074 3.81057894229889 3.27758717536926 2.33684170246124 2.28995400667191 2.48751819133759 2.82678973674774 1.9762424826622 1.97624230384827 -9999 -9999 -9999 -9999 -9999 -9999 -9999
2.43675452470779 2.16568118333817 1.62592417001724 1.35543751716614 1.25502303242683 1.09459349513054 0.824838727712631 0.819293975830078 0.788535743951797 0.682385981082916 0.657159000635147 0.743975982069969 0.884148001670837 0.896149456501007 0.934707015752792 0.932829022407532 0.999953269958496 1.41258671879768 1.57434833049774 1.3054995238781 1.29306972026825 1.26735672354698 1.24790999293327 1.07565897703171 1.10391828417778 1.1790015399456 1.38687524199486 1.5060510635376 1.9911607503891 -9999 -9999 -9999 -9999 -9999 -9999 -9999 5.33700907230377 3.44748616218567 2.02743530273438 1.54734367132187 1.69374006986618 1.75915342569351 1.66281080245972 1.85702258348465 3.42085862159729 3.97399592399597 4.85269939899445 5.35954141616821 5.80622613430023 6.97366905212402 7.9915816783905 4.85409915447235 -9999 -9999 -9999 -9999 -9999 -9999 -9999 -9999 -9999 -9999
1.44333225488663 1.21113601326942 1.00151923298836 1.34313824772835 1.12060797214508 1.06368827819824 0.746996238827705 0.661631271243095 0.635493770241737 0.585430517792702 0.574267521500587 0.551086485385895 0.554534241557121 0.64673325419426 0.744448497891426 0.774089992046356 0.984261006116867 1.23035770654678 1.82987469434738 0.943467648661866 0.932303597043444 1.37086976766586 1.08159372210503 1.12008154392242 1.08838275074959 1.13639178872108 1.3707877099514 1.73319894075394 2.55839395523071 -9999 -9999 -9999 -9999 -9999 -9999 -9999 6.19362545013428 5.15085446834564 5.23547780513763 3.23904526233673 3.46211993694305 3.40716898441315 2.70993822813034 3.31020534038544 3.36733138561249 3.49653375148773 3.95398128032684 4.4572252035141 5.40255081653595 10.2705245018005 11.3609826564789 9.96091675758362 5.94320547580719 -9999 -9999 -9999 -9999 -9999 -9999 -9999 -9999 -9999
0.72333750128746 0.664769232273102 0.588252738118172 0.915695250034332 0.791579961776733 0.745332017540932 0.68688976764679 0.655598983168602 0.608370736241341 0.588134989142418 0.521428495645523 0.496627494692802 0.479760736227036 0.501283496618271 0.551854491233826 0.634817987680435 0.884889006614685 1.03594949841499 1.13558846712112 1.22946524620056 1.39601549506187 1.38765674829483 1.18475478887558 1.07476124167442 1.11781203746796 1.16636627912521 1.39297199249268 1.58245128393173 1.5511919260025 1.44446515291929 -9999 -9999 -9999 -9999 -9999 -9999 -9999 3.37569229602814 3.5425985455513 13.6322404566933 5.28632175922394 5.76248860359192 4.77327454090118 3.37129426002502 3.07127845287323 3.40701305866241 4.479287981987 6.49992370605469 10.7850873470306 16.0559506416321 16.9185647964478 10.1761980056763 4.59354618431288 -9999 -9999 -9999 -9999 -9999 -9999 -9999 -9999 -9999
0.434546247124672 0.472472235560417 0.313995011150837 0.565130978822708 0.627084016799927 0.637822508811951 0.637828499078751 0.657831743359566 0.640058979392052 0.608902484178543 0.550460994243622 0.517797008156776 0.488637015223503 0.501067489385605 0.549648731946945 0.620415017008781 0.745104745030403 0.811859965324402 0.900917261838913 0.941263496875763 1.06912645697594 1.17499879002571 1.12563523650169 1.30302822589874 1.6353412270546 1.21180129051208 1.32797250151634 1.38983023166656 1.40780773758888 1.60251295566559 -9999 -9999 -9999 -9999 -9999 -9999 -9999 -9999 -9999 -9999 -9999 -9999 -9999 -9999 -9999 -9999 3.65490746498108 6.81207418441772 11.7438876628876 23.6106435168873 -9999 -9999 -9999 -9999 -9999 -9999 -9999 -9999 -9999 -9999 -9999 -9999
0.347373001277447 0.319674745202065 0.297113992273808 0.287772752344608 0.435484483838081 0.507732734084129 0.557865768671036 0.586008757352829 0.613545745611191 0.625184252858162 0.588174730539322 0.570097491145134 0.550022229552269 0.540668249130249 0.619472980499268 0.651810765266418 0.673118993639946 0.690198764204979 0.793867528438568 0.987172544002533 1.08023849129677 1.01465177536011 1.0644014775753 0.848963278532028 -9999 -9999 -9999 1.12698671221733 1.15977904200554 1.23062923550606 1.33799976110458 -9999 -9999 -9999 -9999 -9999 -9999 -9999 -9999 -9999 -9999 -9999 -9999 -9999 -9999 -9999 -9999 -9999 -9999 -9999 -9999 -9999 -9999 -9999 -9999 -9999 -9999 -9999 -9999 -9999 -9999 -9999
0.352671749889851 0.45210000872612 0.463349997997284 0.399989247322083 0.437099978327751 0.410394743084908 0.445467755198479 0.532910227775574 0.545234262943268 0.55391027033329 0.557756245136261 0.563714236021042 0.566383481025696 0.592573508620262 0.681087747216225 0.737468227744102 0.730698734521866 0.723759770393372 0.80899652838707 0.923714965581894 1.03559696674347 1.01715150475502 1.05599024891853 1.17551323771477 1.20958802103996 1.29541799426079 1.33997395634651 1.29351675510406 1.33055251836777 1.27985474467278 1.47744297981262 2.0327545928544 -9999 -9999 -9999 -9999 -9999 -9999 -9999 -9999 -9999 -9999 -9999 -9999 -9999 -9999 -9999 -9999 -9999 -9999 -9999 -9999 -9999 -9999 -9999 -9999 -9999 -9999 -9999 -9999 -9999 -9999
0.504657000303268 0.50680048763752 0.510547488927841 0.510132014751434 0.50704725086689 0.448717519640923 0.442046999931335 0.470023512840271 0.533450245857239 0.569108247756958 0.591442510485649 0.658550262451172 0.674725502729416 0.714417010545731 0.818615287542343 0.813756018877029 0.840794205665588 0.82361626625061 0.890440464019775 0.965268015861511 0.952073961496353 1.02756750583649 1.05285903811455 1.11263698339462 1.19738924503326 1.24654573202133 1.25105845928192 1.21420571208 1.27634471654892 1.4124930202961 1.51720941066742 2.47986655433973 -9999 -9999 -9999 -9999 -9999 -9999 -9999 -9999 -9999 -9999 -9999 -9999 -9999 -9999 -9999 -9999 -9999 -9999 -9999 -9999 -9999 -9999 -9999 -9999 -9999 -9999 -9999 -9999 -9999 -9999
0.53600549697876 0.464909255504608 0.481631264090538 0.466200739145279 0.490509018301964 0.435440272092819 0.455570250749588 0.51213151216507 0.62916599214077 0.636408001184464 0.691131010651588 1.02106046676636 1.09330120682716 1.1825062930584 1.25999996066093 1.24304473400116 1.07899725437164 0.919427275657654 1.07510697841644 1.20693227648735 0.998288244009018 1.04962277412415 1.05863928794861 1.14312753081322 1.38575997948647 1.45602375268936 1.39086377620697 1.47611403465271 1.46323272585869 1.5898118019104 2.20775699615479 -9999 -9999 -9999 -9999 -9999 -9999 -9999 -9999 -9999 -9999 -9999 -9999 -9999 -9999 -9999 -9999 -9999 -9999 -9999 -9999 -9999 -9999 -9999 -9999 -9999 -9999 -9999 -9999 -9999 -9999 -9999
