EcologicalScience/Bass/data/rs_data_bass/chl_42.asc
NCOLS 226 
NROWS 124 
XLLCORNER -9.41648524995501 
YLLCORNER 47.587301625531 
CELLSIZE 0.0833 
NODATA_value -9999 
[rows 56 to 83 of 124, columns 0 to 61 of 226]
-9999 -9999 -9999 -9999 -9999 -9999 -9999 -9999 -9999 -9999 -9999 -9999 -9999 -9999 -9999 -9999 -9999 -9999 -9999 -9999 -9999 -9999 -9999 -9999 -9999 -9999 -9999 -9999 -9999 -9999 -9999 -9999 -9999 -9999 -9999 -9999 -9999 -9999 -9999 -9999 1.80134680867195 1.90630482137203 1.77363914251328 1.59269866347313 1.7144860625267 1.35496238619089 1.31515576690435 1.52179319092206 1.47342321702412 1.60538798570633 1.4397097655705 1.55414944461414 1.58907608475004 1.7286034992763 1.87620880774089 2.00679077420916 1.99357948394922 2.17195443006662 2.52939057350159 -9999 -9999 -9999
-9999 -9999 -9999 -9999 -9999 -9999 -9999 -9999 -9999 -9999 -9999 -9999 -9999 -9999 -9999 -9999 -9999 -9999 -9999 -9999 -9999 -9999 -9999 -9999 -9999 -9999 -9999 -9999 -9999 -9999 -9999 -9999 -9999 -9999 -9999 -9999 -9999 -9999 -9999 -9999 2.27022266813687 2.17873968396868 2.03208802853312 1.97449830600194 1.69548256695271 1.58145149396016 1.50314984871791 1.75259363651276 1.67779221705028 1.65413232360567 1.375869091068 1.425198835986 1.38411136865616 1.46465628743172 1.56011465787888 2.23933229276112 2.62548398054563 2.6721764252736 2.34068284584926 2.47854187658855 12.8205948283798 -9999
-9999 -9999 -9999 -9999 -9999 -9999 -9999 -9999 -9999 -9999 -9999 -9999 -9999 -9999 -9999 -9999 -9999 -9999 -9999 -9999 -9999 -9999 -9999 -9999 -9999 -9999 -9999 -9999 -9999 -9999 -9999 -9999 -9999 -9999 -9999 -9999 -9999 -9999 -9999 -9999 -9999 2.43085171069418 2.09986798678126 2.03818661825997 1.88943302172881 1.70859743081606 1.56297701597214 1.72561883926392 1.63219141960144 1.54490303993225 1.33160720126969 1.33714422057657 1.52320187582689 1.64150187969208 1.62088065988877 1.5691533649669 1.75655122598012 1.79062126080195 1.82478494827564 2.09773880243301 4.08039203286171 -9999
-9999 -9999 -9999 -9999 -9999 -9999 -9999 -9999 -9999 -9999 -9999 -9999 -9999 -9999 -9999 -9999 -9999 -9999 -9999 -9999 -9999 -9999 -9999 -9999 -9999 -9999 -9999 -9999 -9999 -9999 -9999 -9999 -9999 -9999 -9999 -9999 -9999 -9999 -9999 -9999 -9999 2.76955457670348 2.25898400800569 1.58134782314301 1.80464871014868 1.7735458782741 1.72564729622432 1.57066144262041 1.47110764043672 1.46949887701443 1.44774803944996 1.28873764617102 1.40218220914111 1.42645921309789 1.58924756447474 1.82395885540889 1.9233745932579 1.98958702882131 2.05428697971197 -9999 -9999 -9999
-9999 -9999 -9999 -9999 -9999 -9999 -9999 -9999 -9999 -9999 -9999 -9999 -9999 -9999 -9999 -9999 -9999 -9999 -9999 -9999 -9999 -9999 -9999 -9999 -9999 -9999 -9999 -9999 -9999 -9999 -9999 -9999 -9999 -9999 -9999 -9999 -9999 -9999 -9999 -9999 2.80640349217824 2.8692156800202 2.82504432116236 1.49235479235649 1.44388003349304 1.40182868104715 1.46574116980328 1.36426713887383 1.4753788283893 1.47408717870712 1.43467481221472 1.45912991677012 1.35404396908624 1.37747361109807 1.61215904584298 1.95655838251114 2.29374314546585 -9999 -9999 4.54917553424835 3.25378753457751 3.13194215297699
-9999 -9999 -9999 -9999 -9999 -9999 -9999 -9999 -9999 -9999 -9999 -9999 -9999 -9999 -9999 -9999 -9999 -9999 -9999 -9999 -9999 -9999 -9999 -9999 -9999 -9999 -9999 -9999 -9999 -9999 -9999 -9999 -9999 -9999 -9999 -9999 -9999 -9999 -9999 3.1170192360878 2.84871973310198 2.74821996688843 1.60954483151436 1.5057134449482 1.4280742585659 1.45711313188076 1.42729596580778 1.43180496352059 1.49118769168854 1.30982002615929 1.42531228065491 1.43029329606465 1.30440693918396 1.69597795376411 2.04470552389438 2.17859125137329 2.37075354655584 2.21704206864039 3.08259366452694 2.19700929522514 2.73460257053375 2.46959845508848
-9999 -9999 -9999 -9999 -9999 -9999 -9999 -9999 -9999 -9999 -9999 -9999 -9999 -9999 -9999 -9999 -9999 -9999 -9999 -9999 -9999 -9999 -9999 -9999 -9999 -9999 -9999 -9999 -9999 -9999 -9999 -9999 -9999 -9999 -9999 -9999 -9999 -9999 -9999 3.27245765573838 2.95250078610011 1.63001956343651 1.4350026011467 1.33089453577995 1.23819226026535 1.20770114064217 1.44755293428898 1.42921435832977 0.918700390137159 0.825438586565164 1.1367084809712 1.28932433174207 1.37531567766116 1.42438803957059 1.92511237368864 1.84723055362701 1.90685267308179 2.24446563995801 2.30365665753682 2.31420084408351 2.48619609219687 2.50864463127576
-9999 -9999 -9999 -9999 -9999 -9999 -9999 -9999 -9999 -9999 -9999 -9999 -9999 -9999 -9999 -9999 -9999 -9999 -9999 -9999 -9999 -9999 -9999 -9999 -9999 -9999 -9999 -9999 -9999 -9999 -9999 -9999 -9999 -9999 -9999 -9999 -9999 -9999 2.63333582505584 3.01198653663908 3.55003742235048 1.40704783201218 1.3254306435585 1.25940944552422 1.16403946280479 1.11399900913239 1.04279594421387 1.02810688018799 0.904505871809446 1.13247018594008 1.16144222393632 1.41850036382675 1.21627108179606 1.41129614985906 1.68254066430605 1.48045901457469 1.52516744534175 1.94947854677836 1.81774479150772 2.07382824591228 1.79117202758789 2.5132460640027
-9999 -9999 -9999 -9999 -9999 -9999 -9999 -9999 -9999 -9999 -9999 -9999 -9999 -9999 -9999 -9999 -9999 -9999 -9999 -9999 -9999 -9999 -9999 -9999 -9999 -9999 -9999 -9999 -9999 -9999 -9999 -9999 -9999 -9999 -9999 -9999 -9999 -9999 2.1276762932539 1.67765162587166 1.45254131555557 1.34881786108017 1.16410487294197 1.07191767096519 1.06192032694817 1.08049485683441 0.993650078773499 0.980438715219498 0.956575655937195 1.22417841966336 1.16562284231186 1.08149108290672 1.14877844315309 1.20451491154157 1.14498782845644 1.24395010868708 1.53428721427917 1.55689172233854 1.6220046707562 1.47661823034286 1.73465015338017 1.61300743543185
-9999 -9999 -9999 -9999 -9999 -9999 -9999 -9999 -9999 -9999 -9999 -9999 -9999 -9999 -9999 -9999 -9999 -9999 -9999 -9999 -9999 -9999 -9999 -9999 -9999 -9999 -9999 -9999 -9999 -9999 -9999 -9999 -9999 -9999 -9999 -9999 -9999 -9999 1.64437814354897 1.47105540633202 1.32560897469521 1.22367120981216 1.0760053217411 1.05505258440971 0.786516185849905 0.860548578775846 0.735763873904943 0.974440558598592 1.0257772069711 1.06860162432377 1.11489098805648 1.12891458777281 1.25698165297508 1.22512813210487 1.36755279394297 1.16256163716316 1.24693460418628 1.32364011498598 1.39957335591316 1.48170666052745 1.92559862136841 2.82092358916998
-9999 -9999 -9999 -9999 -9999 -9999 -9999 -9999 -9999 -9999 -9999 -9999 -9999 -9999 -9999 -9999 -9999 -9999 -9999 -9999 -9999 -9999 -9999 -9999 -9999 -9999 -9999 -9999 -9999 -9999 -9999 -9999 -9999 -9999 -9999 -9999 -9999 1.85756775140762 1.70816838741302 1.30418139696121 1.20297238826752 1.08841933608055 1.04946527481079 0.897517286814176 1.21297779679298 0.845677002118184 0.849708809302403 0.960472184878129 1.06529423365226 1.07185759223424 1.11398330789346 1.07356108381198 1.2337924182415 1.34451413793223 1.23771296739578 1.48560063753809 1.16049946546555 1.16427871584892 1.40211312174797 1.53338953256607 1.62570508718491 2.11398586034775
-9999 -9999 -9999 -9999 -9999 -9999 -9999 -9999 -9999 -9999 -9999 -9999 -9999 -9999 -9999 -9999 -9999 -9999 -9999 -9999 -9999 -9999 -9999 -9999 -9999 -9999 -9999 -9999 -9999 -9999 -9999 -9999 -9999 -9999 -9999 -9999 3.14974187549792 1.82304900884628 1.61789776682854 1.23129018545151 1.11321478486061 0.925360786914825 0.758089697131744 1.01195402230535 0.703558504581451 0.669397979974747 0.692398250102997 0.903216169430659 1.12057303190231 0.905189456847998 1.11165320414763 1.06066556618764 1.1850003361702 1.16482635140419 1.25705713033676 1.25263143181801 1.32754982113838 1.2957520544529 1.63828811645508 1.78404239416122 1.79454553127289 2.45331222446341
-9999 -9999 -9999 -9999 -9999 -9999 -9999 -9999 -9999 -9999 -9999 -9999 -9999 -9999 -9999 -9999 -9999 -9999 -9999 -9999 -9999 -9999 -9999 -9999 -9999 -9999 -9999 -9999 -9999 -9999 -9999 1.3704844918102 1.25132212042809 -9999 2.10493344068527 -9999 1.9846619780247 1.29226900935173 1.303886282444 1.20735792517662 1.24408028461039 1.06592453084886 0.695655012130737 0.902688079758694 0.681630447506905 0.693858928978443 0.735989827662706 1.26530050379889 1.08439784646034 1.36583178596837 1.33884244092873 1.38450529958521 1.37633460760117 1.18552111387253 1.31325824260712 1.37155169248581 1.42678139805794 1.91951289027929 1.93797272443771 3.84819030761719 2.47785158533799 2.65880039334297
-9999 -9999 -9999 -9999 -9999 -9999 -9999 -9999 -9999 -9999 -9999 -9999 -9999 -9999 -9999 -9999 -9999 -9999 -9999 -9999 -9999 -9999 0.346259817481041 1.47196573019028 1.63960856795311 1.34361709228584 1.28857371849673 1.72496555532728 1.97310229284423 1.49356210444655 0.78789852373302 0.95736899971962 0.952914208173752 1.01350710434573 1.05820992818246 1.11322065270864 1.10211250415215 0.908386556165559 1.00739911794662 1.04382240772247 0.961692434549332 0.785876861214638 0.881284815073013 0.928632056888412 0.987465783077128 1.10060530900955 1.08375619053841 1.11112396717072 1.49293504868235 1.30571031996182 1.33586886099407 1.33828062415123 1.44108343720436 1.52046761512756 1.43778812885284 1.47556185722351 1.89014625549316 2.1232237754197 2.52181451460894 -9999 -9999 -9999
-9999 -9999 -9999 -9999 -9999 -9999 -9999 -9999 -9999 -9999 -9999 -9999 -9999 -9999 -9999 -9999 -9999 -9999 -9999 -9999 -9999 -9999 1.30618396195872 1.12099376320839 1.15756105312279 1.4039913884231 1.42807524331978 1.44893284142017 1.28368048795632 1.17383817902633 0.854738742113113 0.801320876393999 0.821662506886891 0.863453162567956 0.859234003084047 0.807480735438211 0.743357854230063 0.706744169959655 0.729869426443027 0.86169373691082 0.73481555053821 0.771751338243484 0.716580167412758 1.02494429647923 1.24521376490593 1.11373710036278 1.11551910638809 1.15997176766396 1.1598880469799 1.2045401930809 1.67531199114663 1.55024505513055 1.73967236280441 1.94865855574608 2.18091847747564 -9999 -9999 -9999 -9999 -9999 -9999 -9999
-9999 -9999 -9999 -9999 -9999 -9999 -9999 -9999 -9999 -9999 -9999 -9999 -9999 -9999 -9999 -9999 -9999 -9999 -9999 26.0464860360537 2.39789642393589 0.938967168331146 0.965676075645855 0.952753812074661 1.06816380577428 1.15343920035022 1.0588086694479 1.08370205334255 1.00748926826886 0.86438348037856 0.812794925911086 0.782346252884184 0.780897215008736 0.8333725971835 0.864703451211636 0.786277624113219 0.722265020012856 0.694426302398954 0.677833809384278 0.702785789966583 0.749915412068367 0.698139516206888 0.859385991096496 0.953085753321648 0.983223411440849 1.01163300275803 1.09114814400673 1.73788330188164 1.76707683618252 1.73992644365017 1.56755867600441 -9999 -9999 -9999 -9999 -9999 -9999 -9999 -9999 -9999 -9999 -9999
-9999 -9999 -9999 -9999 -9999 -9999 -9999 -9999 -9999 -9999 -9999 -9999 -9999 -9999 -9999 -9999 -9999 1.69578430652618 2.53556381464004 2.76196750402451 1.03753277446542 0.985880268471582 1.29357222574098 0.704250110047204 0.760341307946614 0.668641147868974 0.660263315907546 0.738151817449502 0.764749384352139 0.75387812938009 0.731266174997602 0.771207661500999 0.772520353751523 0.630737400054932 0.806152464023658 0.589454850554466 0.632969096302986 0.616641756892204 0.594997215270996 0.607925856113434 0.494625117097582 0.514135518244335 0.557187002152205 0.996867443506534 1.01298413941493 1.41939029326806 1.41661319595117 1.50822345614433 1.63194317221642 1.83586241304874 1.48784501999617 -9999 -9999 -9999 -9999 -9999 -9999 -9999 -9999 -9999 -9999 -9999
-9999 -9999 -9999 -9999 -9999 -9999 -9999 -9999 -9999 -9999 -9999 -9999 -9999 -9999 1.499380838871 1.48165812492371 1.07866215705872 1.25047904849052 0.549072369933128 0.465905450284481 0.577395932748914 0.537822559475899 0.331324305385351 0.555943937173911 0.54030895446028 0.530712329915592 0.489998980292252 0.512324129896505 0.546104087361268 0.559601082251622 0.555098623037338 0.56505936384201 0.549082864075899 0.526805083339031 0.523763262799808 0.616360668092966 0.607466239482164 0.582444763183594 0.5501419454813 0.42466054590685 0.512086875736713 0.622165447244277 0.548404891043901 1.10636677060808 1.06228377727362 0.966639921069145 1.03378695845604 1.59522535250737 1.68414528553302 1.51566078571173 1.40652301311493 1.66985460519791 -9999 -9999 -9999 -9999 -9999 -9999 -9999 -9999 -9999 -9999
-9999 -9999 -9999 -9999 -9999 -9999 -9999 -9999 -9999 -9999 -9999 3.40789344268186 1.07363070398569 1.18530510663986 1.88026278018951 0.85956690034696 0.917886250785419 0.856685789568084 0.782098854226726 0.393315002322197 0.502439716114448 0.501160600355693 0.526122752577066 0.41980205476284 0.475825009601457 0.482389115861484 0.433866195380688 0.492638636380434 0.533107581463727 0.525507696650245 0.541750118136406 0.570560988038778 0.52725413069129 0.560517948120832 0.588466320186853 0.57710468091748 0.551966806704348 0.543589130043983 0.558121304959059 0.565186690539122 0.538349993526936 0.555015563964844 0.586284899711609 0.751930227646461 0.959873843193054 1.56065572225131 1.56847744263135 1.53410853789403 1.82352469517634 1.13815378423395 1.70285538434982 -9999 -9999 -9999 -9999 -9999 2.96146410675936 1.95617521122882 3.88087461824002 5.57891677255216 7.49107754230499 -9999
-9999 -9999 -9999 -9999 -9999 -9999 -9999 -9999 -9999 1.40270542246955 1.34737815683888 0.850887176181589 0.872525408864021 0.891571936011314 0.978040355443954 0.803078891975539 0.465987235307693 0.539618729480675 0.491398283945663 0.480534425803593 0.480779247624534 0.492646081107003 0.475639751979283 0.44977758292641 0.44223992701839 0.507855742293246 0.481648714414665 0.51422680914402 0.526544589887966 0.550521612167358 0.552558001130819 0.516347240656614 0.518871746957302 0.52119355648756 0.504870548844337 0.504263989627361 0.523763246834278 0.541732862591743 0.534148704260588 0.507619511336088 0.511143945157528 0.550456322729588 0.746167680391899 0.763626536497703 0.97078480890819 1.06519618816674 1.12776649743319 1.19446386024356 1.19231762364507 1.1730182826519 1.22817120552063 1.7050445638597 1.37920825481415 2.48335877937429 2.09800853227314 2.01855075359344 2.01015387475491 2.24464283670698 1.75764061510563 1.92786684036255 2.19698277900093 -9999
-9999 -9999 -9999 -9999 -9999 0.727491766214371 0.756362787314824 0.786361117448126 0.832505490098681 0.920387461781502 0.825528968657766 0.720827589077609 0.667259906019483 0.623735084065369 0.570595152676105 0.523693697793143 0.588129848241806 0.533003310744579 0.645877491969329 0.597645562428694 0.586638282124813 0.509300935726899 0.491827716784818 0.577246817094939 0.567535122590406 0.512576848268509 0.48028882167169 0.540562516450882 0.565876588225365 0.530126430094242 0.53299405798316 0.507861938327551 0.503200694918633 0.491850379854441 0.482669804245234 0.482422683387995 0.471868503838778 0.475607447326183 0.459717940539122 0.424488561227918 0.445984786748886 0.533898174762726 0.778066319227219 0.685140730703578 0.749821033547906 0.998931527137756 1.18349273204803 1.42722069866517 1.14172208681703 1.11660706400871 1.51299531643207 1.53946412526644 1.62946794583247 1.76951109511512 1.81080211911883 2.05721933566607 1.66403893782542 1.70051906257868 1.63505358695984 1.68908221721649 2.70931391716003 2.07345704095704
-9999 -9999 -9999 -9999 -9999 0.629774090434824 0.575629312545061 0.563601013273001 0.649282189352172 0.602182429816042 0.610838001327855 0.598751456609794 0.52441148345287 0.453812181376494 0.601534832801138 0.446181931174718 0.475593064840023 0.283708986233581 0.251980628818274 0.292752673680132 0.672524770865074 0.744154029167615 0.63876687334134 0.641842539821352 0.630107744463853 0.632744250552995 0.510929409946714 0.45952205147062 0.497310195118189 0.505504880100489 0.500349372625351 0.494244564324617 0.483697503805161 0.493321113288403 0.478396687656641 0.464379385113716 0.445985242724419 0.451861303299665 0.464498659595847 0.558295597924906 0.539402010540167 0.443310278866972 0.888804137706757 0.903388917446136 0.895062753132411 0.86378798527377 1.2249690081392 0.930612304380962 0.989333037819181 1.04115045815706 1.49843925237656 1.33617231462683 1.42362441761153 1.6209300160408 1.39550312161446 1.44278058835438 1.43006367342813 1.39420080184937 1.30931264162064 1.56261885166168 1.9897577890328 2.03007031764303
-9999 -9999 -9999 -9999 -9999 0.394934982061386 0.653704452164033 0.639272779226303 0.562099754810333 0.609970616442817 0.65355293984924 0.467580001269068 0.463886024696486 0.511896097234317 0.584626969236594 0.694673691477094 0.687423400007761 0.64828446163581 0.690936581446574 0.718810372627698 0.8445143195299 0.691701485560491 0.642305549520713 0.62366676559815 0.695363980318819 0.624794259667397 0.555174761197784 0.502302033560617 0.596644715829329 0.503207243978977 0.444514319300652 0.427576303482056 0.447710819542408 0.480114933103323 0.446767497807741 0.428497675806284 0.538677892264198 0.536778585268901 0.498062994550256 0.477454223177012 0.35286310794098 0.598644000291824 0.607636559009552 0.786991080817054 0.842060374362128 1.03928196430206 0.839210361242294 0.929109194449016 0.917008823582104 0.926770895719528 1.23744486272335 1.28682145689215 1.45769327878952 1.60489575486434 1.65390828251839 1.48711229071898 1.44259160757065 1.22502335480281 1.29988738468715 1.79694438406399 1.896321530853 1.71758794784546
-9999 -9999 -9999 -9999 -9999 0.495466766111991 0.530345514416695 0.204232951998711 0.455173881724477 0.543335571885109 0.475745430216193 0.559430582182748 0.535527322973524 0.48970348903766 0.534461363003804 0.380036022800666 0.382901061326265 0.354705606400967 0.354421506822109 0.671919873782567 0.543912865794622 0.542917508345384 0.655188233806537 0.757489276783807 0.67948984674045 0.496956276622685 0.579720277677883 0.566628539136478 0.560492299497128 0.589710956173284 0.514724026833262 0.408290628343821 0.535733421261494 0.54598679794715 0.511296194046736 0.536531146834878 0.538151387782658 0.552175635800642 0.537244764320991 0.475842237472534 0.504879447817802 0.550637253201925 0.588401707319113 0.906568729877472 0.677059501409531 0.727269204599517 0.840994000434875 0.958810699837548 1.02987948060036 1.03200785815716 1.08909312742097 0.671137044062981 0.964046167475836 1.24349123239517 1.50958925485611 1.48057767222909 1.52343475818634 1.56728535890579 1.02400147914886 2.3104518714704 1.8442788032385 1.89331443607807
-9999 -9999 -9999 -9999 -9999 0.636592556722462 0.631067147149759 0.62619421499617 0.662794834550689 0.540219646692276 0.639067235238412 0.5376678686589 0.563330641016364 0.312955904465455 0.303425011726526 0.375854414242965 0.347879256193454 0.573778194189072 0.753584897518158 0.445434015244246 0.647119898062486 0.86862107194387 0.95796675235033 0.58478228534971 0.571419816750746 0.638027539620033 0.561300536760917 0.556897446513176 0.518613984951606 0.523554221941875 0.514599526157746 0.534502840959109 0.562686066214855 0.557733453237093 0.5634847592849 0.559878522386918 0.568200585596702 0.562873626456541 0.528343141078949 0.547010257840157 0.530097511410713 0.495099574327469 0.535825089496725 0.578135306344313 0.595601415634155 0.647932112216949 0.628337765441221 0.360557107720524 0.887712746858597 0.895288735628128 0.774215012788773 0.764501482248306 0.899063127381461 0.99305522441864 1.19338750839233 1.46717490752538 1.4603244860967 1.45793747117645 1.38857153975047 1.4196250965962 1.99368008741966 2.35053143592981
-9999 -9999 -9999 -9999 -9999 0.498220509716443 0.670644164085388 0.686591112613678 0.558746612988986 0.532120305299759 0.56125839650631 0.576040962338447 0.589088995009661 0.294098041419472 0.327094120904803 0.410110956430435 0.3993237976517 0.481743179261684 0.721203372758978 0.535332042437333 0.449308344951043 0.896199331833766 0.561573565006256 0.358714099686879 0.599850403574797 0.318291937932372 0.322987111285329 0.556615670139973 0.554260628727766 0.463400358190903 0.306491442024708 0.530552559174024 0.544865414500237 0.592778188677935 0.586152582214429 0.566792820508664 0.603227689862251 0.537137007484069 0.513222521314254 0.519043317207923 0.522220306098461 0.556122714281082 0.559652593205957 0.575924377231037 0.648662880063057 0.613458635715338 1.00133905240468 0.649716258049011 0.665884256362915 0.705101490020752 0.748821020126343 0.800778744476182 1.02390372753143 1.07175151578018 1.44681704044342 1.15387597680092 1.75816693476268 1.94848108291626 1.92969726664679 1.75134068727493 1.79776239395142 2.26564844755026
-9999 -9999 -9999 -9999 -9999 0.550022542476654 0.538479323898043 0.554519476635115 0.57098797078316 0.278552542626858 0.292412401735783 0.520385809242725 0.618215133036886 0.649027590240751 0.459313105791807 0.512090619653463 0.506940376013517 0.517598826438189 0.600307426908437 0.55592321852843 0.27454289495945 0.263597103953362 0.596710780901568 0.536744253976004 0.555164137711892 0.532492043880316 0.536739002053554 0.529386933033283 0.544490874959872 0.492337724337211 0.550570321770815 0.607309430837631 0.579013769443219 0.629179392869656 0.561739834455343 0.537963695251025 0.530894083472399 0.521210036107472 0.537209572536605 0.517762468141668 0.541365688809982 0.555759103252337 0.571023571949739 0.571899168766462 0.476411362843854 0.528032074371974 0.637556999921799 0.628941506147385 0.604357242584229 0.667375504970551 0.708241492509842 0.73319548368454 0.620092378212855 0.977411985397339 1.05224740505219 1.4948645234108 1.89495080709457 2.11148358766849 3.22754609584808 3.33057418891362 2.54602110385895 2.86922442913055
-9999 -9999 -9999 -9999 -9999 0.544613183690951 0.555104135320737 0.498258207525526 0.503589939326048 0.46812266812605 0.525074695839601 0.309420380741358 0.601700146283422 0.604996293783188 0.620560887668814 0.563314032554626 0.517330366373062 0.519974637776613 0.36000807210803 0.351740298327059 0.402298352122307 0.520772050533976 0.74829697329551 0.534596071793483 0.544168721024807 0.355642307549715 0.380410306155682 0.50021161712133 0.472542227460788 0.505409996096904 0.535936385393143 0.527016905637888 0.506226560244193 0.51577495267758 0.529917632157986 0.528541435415928 0.527049876176394 0.523081785211196 0.505863084512598 0.539384253323078 0.312461815774441 0.549803020862433 0.370602758601308 0.26877112314105 0.568380450973144 0.609358757734299 0.419899067708424 0.403442034231765 0.409612971757139 0.476575038754023 0.502454597216386 0.417280443012714 0.746740728616714 1.05684278199547 1.26095246013842 1.9522020476205 1.74787777662277 2.22770146812711 -9999 -9999 -9999 -9999
