EcologicalScience/Bass/data/rs_data_bass/chl_372.asc
NCOLS 226 
NROWS 124 
XLLCORNER -9.41648524995501 
YLLCORNER 47.587301625531 
CELLSIZE 0.0833 
NODATA_value -9999 
[rows 0 to 26 of 124, columns 62 to 123 of 226]
-9999 -9999 -9999 -9999 -9999 -9999 -9999 -9999 -9999 -9999 -9999 -9999 -9999 -9999 -9999 -9999 -9999 -9999 -9999 -9999 -9999 -9999 -9999 -9999 -9999 -9999 -9999 -9999 -9999 -9999 -9999 -9999 -9999 -9999 -9999 -9999 -9999 -9999 -9999 -9999 -9999 -9999 -9999 -9999 -9999 -9999 -9999 -9999 -9999 -9999 -9999 -9999 -9999 -9999 -9999 -9999 -9999 -9999 -9999 -9999 -9999 -9999
-9999 -9999 -9999 -9999 -9999 -9999 -9999 -9999 -9999 -9999 -9999 -9999 -9999 -9999 -9999 -9999 -9999 -9999 -9999 -9999 -9999 -9999 -9999 -9999 -9999 -9999 -9999 -9999 -9999 -9999 -9999 -9999 -9999 -9999 -9999 -9999 -9999 -9999 -9999 -9999 -9999 -9999 -9999 -9999 -9999 -9999 -9999 -9999 -9999 -9999 -9999 -9999 -9999 -9999 -9999 -9999 -9999 -9999 -9999 -9999 -9999 -9999
-9999 -9999 -9999 -9999 -9999 -9999 -9999 -9999 -9999 -9999 -9999 -9999 -9999 -9999 -9999 -9999 -9999 -9999 -9999 -9999 -9999 -9999 -9999 -9999 -9999 -9999 -9999 -9999 -9999 -9999 -9999 -9999 -9999 -9999 -9999 -9999 -9999 -9999 -9999 -9999 -9999 -9999 -9999 -9999 -9999 -9999 -9999 -9999 -9999 -9999 -9999 -9999 -9999 -9999 -9999 -9999 -9999 -9999 -9999 -9999 -9999 -9999
-9999 -9999 -9999 -9999 -9999 -9999 -9999 -9999 -9999 -9999 -9999 -9999 -9999 -9999 -9999 -9999 -9999 -9999 -9999 -9999 -9999 -9999 -9999 -9999 -9999 -9999 -9999 -9999 -9999 -9999 -9999 -9999 -9999 -9999 -9999 -9999 -9999 -9999 -9999 -9999 -9999 -9999 -9999 -9999 -9999 -9999 -9999 -9999 -9999 -9999 -9999 -9999 -9999 -9999 -9999 -9999 -9999 -9999 -9999 -9999 -9999 -9999
-9999 -9999 -9999 -9999 -9999 -9999 -9999 -9999 -9999 -9999 -9999 -9999 -9999 -9999 -9999 -9999 -9999 -9999 -9999 -9999 -9999 -9999 -9999 -9999 -9999 -9999 -9999 -9999 -9999 -9999 -9999 -9999 -9999 -9999 -9999 -9999 -9999 -9999 -9999 -9999 -9999 -9999 -9999 -9999 -9999 -9999 -9999 -9999 -9999 -9999 -9999 -9999 -9999 -9999 -9999 -9999 -9999 -9999 -9999 -9999 -9999 -9999
-9999 -9999 -9999 -9999 -9999 -9999 -9999 -9999 -9999 -9999 -9999 -9999 -9999 -9999 -9999 -9999 -9999 -9999 -9999 -9999 -9999 -9999 -9999 -9999 -9999 -9999 -9999 -9999 0.63735419511795 1.29377878538884 1.70001820155552 0.724650221712449 0.645246258553337 0.657332292374443 0.643006821765619 0.556274140874545 0.469706361492475 0.499068908393383 0.470530110100905 0.622059775516391 0.628339259885252 0.630520231090486 0.501176955068813 0.497430408702177 0.498393529478241 0.490417002755053 0.52981080673635 0.498073599301279 0.497837863862514 0.50718935765326 0.496559307910502 0.467829924076796 0.459640765562654 0.470076557714492 0.471261131577194 0.378994108999477 0.363520837005447 0.37339294395026 0.370040732271531 0.454761488472714 0.463096145321341 0.487280256607953
-9999 -9999 -9999 -9999 -9999 -9999 -9999 -9999 -9999 -9999 -9999 -9999 -9999 -9999 -9999 -9999 -9999 -9999 -9999 -9999 -9999 -9999 -9999 -9999 -9999 -9999 1.18186515569687 1.0627324283123 4.35884478558665 1.37535466253757 1.04949869401753 0.801827877759933 0.714756702383359 0.679877114792665 0.6162819327677 0.603070822708747 0.572309721918667 0.659692813642323 0.694311568513513 0.680021432228386 0.664728060364723 0.627290102653205 0.595218622125685 0.596052886918187 0.566805699840188 0.529889873228967 0.479040616191924 0.492819515056908 0.50775941926986 0.509603194892406 0.484439629130065 0.477214625570923 0.489060177002102 0.498897618614137 0.510875968728215 0.479536577593535 0.447718860581517 0.36609511866289 0.344380454105489 0.416906429920346 0.458790205857333 0.450362129246487
-9999 -9999 -9999 -9999 -9999 -9999 -9999 -9999 -9999 -9999 -9999 -9999 -9999 -9999 -9999 -9999 -9999 -9999 -9999 -9999 -9999 -9999 -9999 -9999 -9999 -9999 1.18186515569687 1.96607733400244 1.64224407076836 1.13518095575273 0.884605905041099 0.801751012913883 0.789270867593586 0.684143643826246 0.694204581901431 0.707436100579798 0.698217202909291 0.68556890822947 0.700733031146228 0.667673142626882 0.642275774851441 0.603410817682743 0.548260694040972 0.578873290680349 0.558070396073163 0.521751316264272 0.486580313128584 0.48420702885179 0.537780552171171 0.527517755515873 0.507516788318753 0.503740577492863 0.48710724664852 0.494154745247215 0.492368449922651 0.470864427275956 0.455091663636267 0.433792068623006 0.440207003150135 0.42368168849498 0.393881783355027 0.380189493298531
-9999 -9999 -9999 -9999 -9999 -9999 -9999 -9999 -9999 -9999 -9999 -9999 -9999 -9999 -9999 -9999 -9999 -9999 -9999 -9999 -9999 -9999 -9999 -9999 -9999 -9999 1.92183006661279 1.48556508310139 1.13442083448172 0.865728635340929 0.688338965177536 0.775622005574405 0.733654162846506 0.692049742676318 0.744492491707206 0.745325803756714 0.716859061270952 0.706490026786923 0.674656212329865 0.675598016940057 0.66726880799979 0.620449611917138 0.588925684802234 0.573693386279047 0.564759571105242 0.50396864028538 0.606344355270267 0.586979325860739 0.538255817256868 0.44724797939553 0.443520671304534 0.463246096582974 0.428228414233993 0.486209673341364 0.475442147813737 0.472050779499114 0.44013591343537 0.448707279913566 0.473835810142405 0.481738910079002 0.39898859616369 0.37886042939499
-9999 -9999 -9999 -9999 -9999 -9999 -9999 -9999 -9999 -9999 -9999 -9999 -9999 -9999 -9999 -9999 -9999 -9999 -9999 -9999 -9999 -9999 -9999 -9999 -9999 1.19121462106705 1.26872370243073 1.2291182409972 0.988093698397279 0.92527487128973 0.719421060646281 0.887297451496124 0.829781536012888 0.789384551346302 0.768339861184359 0.776694682426751 0.759169760160148 0.747742175124586 0.68679207097739 0.665970322676003 0.632845954969525 0.632754595018923 0.61567438300699 0.578565649688244 0.561919854953885 0.540712161920965 0.538593704346567 0.503640376031399 0.489311047364026 0.465557113755494 0.474110579118133 0.449183349497616 0.372354881728397 0.352772774503512 0.373270330329736 0.377659911910693 0.4273698280255 0.460992722826846 0.446460214607856 0.440341451588799 0.432771997416721 0.365906902123243
-9999 -9999 -9999 -9999 -9999 -9999 -9999 -9999 -9999 -9999 -9999 -9999 -9999 -9999 -9999 -9999 -9999 -9999 -9999 -9999 -9999 -9999 -9999 -9999 -9999 1.4208543457483 1.46717208623886 1.11707318822543 1.02262835204601 0.877123732119799 0.824713141657412 0.889781118370593 0.855766704306006 0.773482326418161 0.850661222822964 0.830929225310683 0.776524406857789 0.789103092625737 0.737795376218855 0.705327875912189 0.69360436219722 0.667455612681806 0.634725267067552 0.627214467152953 0.597586210817099 0.536107937805355 0.545278826728463 0.545228403992951 0.502710658125579 0.483242698945105 0.480907605495304 0.462686538230628 0.44521096162498 0.435343463905156 0.423652262426913 0.460147674469387 0.430813096025411 0.447346045690424 0.455275515423102 0.446092762491282 0.445391588351306 0.455522370689055
-9999 -9999 -9999 -9999 -9999 -9999 -9999 -9999 -9999 -9999 -9999 -9999 -9999 -9999 -9999 -9999 -9999 -9999 -9999 -9999 -9999 -9999 -9999 -9999 1.31647038459778 1.33799464387052 1.29553295584286 1.09023029313368 0.929024736396968 0.904420251958072 0.846901807934046 0.802142227068543 0.872677814215422 0.906179890036583 0.875869369134307 0.829798548482358 0.804903242737055 0.80150478053838 0.817151494324207 0.766868923790753 0.772743321955204 0.730561514385045 0.678736229427159 0.659254169091582 0.62888774368912 0.588056668639183 0.561576361767948 0.562765559647232 0.567061437293887 0.537076402455568 0.49359071161598 0.510705732274801 0.505903401877731 0.46883331052959 0.491627638830858 0.471978409325375 0.461967800469959 0.450856641811483 0.457943374619764 0.467979987754541 0.472635802977225 0.465301328722168
-9999 -9999 -9999 -9999 -9999 -9999 -9999 -9999 -9999 -9999 -9999 -9999 -9999 -9999 -9999 -9999 -9999 -9999 -9999 -9999 -9999 -9999 -9999 1.50594073534012 1.36258863461645 1.0803756889175 0.968141650781035 0.926938366144896 0.924117788672447 0.822980834171176 0.834299370646477 0.847424732521176 0.864931477233768 0.864872882142663 0.863114576786757 0.80906617641449 0.82345718331635 0.829556247219443 0.804646102711558 0.778862379491329 0.75936618167907 0.718190772458911 0.676207462325692 0.661531400866807 0.646809895522892 0.638698068447411 0.599426527507603 0.572023258544505 0.57404110673815 0.580110381357372 0.554161765147001 0.524835985153913 0.489573645405471 0.465909378603101 0.464359813369811 0.527138679343111 0.449233855394756 0.485040122971815 0.475164660636117 0.476387542836806 0.493625256068566 0.499909621827743
-9999 -9999 -9999 -9999 -9999 -9999 -9999 -9999 -9999 -9999 -9999 -9999 -9999 -9999 -9999 -9999 -9999 -9999 -9999 -9999 -9999 -9999 3.05847267380783 2.50360792561581 1.5093379765749 1.08023923449218 1.09129587002099 1.00574340485036 0.957255056127906 0.909276466816664 0.913267191499472 0.905059687793255 0.878998277708888 0.872322823852301 0.904298191890121 0.870268665254116 0.865861837752163 0.872106458991766 0.841599846258759 0.807974598370492 0.791646732017398 0.748609034344554 0.740156759507954 0.72132567409426 0.694597980938852 0.670983203686774 0.654092593118548 0.659245013259351 0.653275022283196 0.647573375143111 0.582512569148093 0.538091470487416 0.522797217126936 0.517532800789922 0.585458599469241 0.551863410893609 0.503276788136538 0.501690776909099 0.49731684607618 0.507462146527627 0.501107036190874 0.53046016395092
-9999 -9999 -9999 -9999 -9999 -9999 -9999 -9999 -9999 -9999 -9999 -9999 -9999 -9999 -9999 -9999 -9999 -9999 -9999 -9999 2.64602583646774 2.19500122000189 2.37797698974609 1.93786379098892 1.32527822256088 1.1091429233551 1.05453481078148 1.0752688229084 1.01405294537544 0.992503184080124 0.991191762685776 0.937624130398035 0.915609005838633 0.950893867760897 0.927798684686422 0.921849383041263 0.911860004067421 0.910935290157795 0.876194883137941 0.975773686543107 0.867162449285388 0.852554272860289 0.830731255933642 0.817225405946374 0.786107867024839 0.74478202778846 0.898710411787033 0.749701783061028 0.753890639171004 0.708752414211631 0.668561635538936 0.599624031689018 0.587480352725834 0.548347085248679 0.601475074010737 0.5504300620626 0.551139366977355 0.534430401290164 0.51656389411758 0.55668331682682 0.549501925706863 0.526772620923379
-9999 -9999 -9999 -9999 -9999 -9999 -9999 -9999 -9999 -9999 -9999 -9999 -9999 -9999 -9999 -9999 -9999 -9999 -9999 -9999 2.31006379323101 1.88710117712617 1.97849507331848 1.6451736330986 1.17122758626938 1.11604968309402 1.12365145683289 1.2979230992496 1.17008610963821 1.04451645612717 0.993125116825104 0.934430247545242 0.919016396999359 0.968381685018539 1.00539704561234 0.946109390258789 0.941457742452621 0.933545225858688 0.885784077644348 0.849928993731737 0.910650104284286 0.891505745239556 0.876146452501416 0.850149415433407 0.81622707657516 0.813391260802746 1.03344326019287 0.915857684612274 0.838186365365982 0.804873275756836 0.841252943873406 0.785903379321098 0.696286484599113 0.664312782883644 0.728203623555601 0.686068927869201 0.584283392218983 0.586172606138622 0.552447987829938 0.562873552827274 0.583924065617954 0.595742543830591
-9999 -9999 -9999 -9999 -9999 -9999 -9999 -9999 -9999 -9999 -9999 -9999 -9999 -9999 -9999 -9999 -9999 -9999 -9999 3.59841494700488 1.92325165271759 1.68521983623505 1.51722511053085 1.35307527780533 1.21371302604675 1.12137780189514 1.06218858361244 1.14566145278513 1.05013561248779 1.04535449109972 1.00321286916733 1.01851392388344 1.00107302069664 0.987264561653137 0.982528084516525 0.960620373487473 1.00396274328232 0.992476773262024 0.97977882027626 0.978689700365067 0.937180209159851 0.945351433753967 0.902834075689316 0.895766687393189 0.888910487294197 0.905032932758331 0.81448928732425 0.91583651304245 0.903917276859283 0.899477702379227 0.865860137343407 0.802647471427917 0.727769699692726 0.723308864235878 0.710389217734337 0.707603234052658 0.602953344583511 0.60029354095459 0.581679743528366 0.632818379822899 0.660158940974404 0.615455683539895
-9999 -9999 -9999 -9999 -9999 -9999 -9999 -9999 -9999 -9999 -9999 -9999 -9999 -9999 -9999 -9999 -9999 -9999 3.56028742790222 2.70472655296326 2.0659548997879 1.81200106143951 1.56050226688385 1.34241178035736 1.2297823548317 1.17592856884003 1.17356441617012 0.976063531637192 1.00843642652035 0.947648679837584 0.947301614284515 1.02410352230072 1.05258044600487 1.11164698004723 1.07998362779617 1.05140381455421 1.0037983417511 1.01113856434822 1.07439057826996 1.01110305190086 0.974318253993988 1.01700028181076 0.99393315911293 1.00765187144279 0.953503668308258 0.923846840858459 0.962833365797997 1.128724193573 1.03119678497314 0.886603170633316 0.833383485674858 0.792547354102135 0.755207732319832 0.740278977155685 0.755005207657814 0.724670067429543 0.684006151556969 0.671671213209629 0.652289414405823 0.631668908894062 0.594737112522125 0.585199213027954
-9999 -9999 -9999 -9999 -9999 -9999 -9999 -9999 -9999 -9999 -9999 -9999 -9999 -9999 -9999 -9999 -9999 34.1656683662723 2.9601799249649 3.11087057590485 2.30858091115952 1.96403650045395 1.6433967590332 1.37806051969528 1.29082396030426 1.18730354905128 1.22810938954353 1.23309182524681 1.09538474678993 1.09762453436851 1.04616672992706 1.01965683102608 1.04171472787857 1.06339727640152 1.07602336406708 1.14234645366669 1.14484623670578 1.05721412301064 1.03546557426453 1.0053554713726 0.985549020767212 0.956840264797211 0.96115066409111 0.944944489002228 0.989550912380218 1.00170101523399 1.00714831352234 1.26796681880951 1.0081746160984 0.821319884061813 0.814072805643082 0.809722182154656 0.778878182172775 0.743550869822502 0.734691882133484 0.733441641926766 0.733428034186363 0.724290570616722 0.707813733816147 0.707751578092575 0.685251885652542 0.643589848279953
-9999 -9999 -9999 -9999 -9999 -9999 -9999 -9999 -9999 -9999 -9999 -9999 -9999 -9999 -9999 -9999 -9999 -9999 -9999 2.11833670264796 1.97383024692535 1.74666842222214 1.57628170251846 1.46266409754753 3.19154707342386 1.47340139150619 1.51248824000359 1.46791030168533 1.21818596720696 1.18683857917786 1.11988168358803 1.07900043725967 1.05020520687103 1.07629306912422 1.02689816951752 0.951979511976242 0.920085579156876 1.18416057229042 1.10387340188026 1.05717403292656 1.01215306520462 0.947599473595619 0.94733190536499 0.976797911524773 0.977092051506042 1.00968317985535 0.982179005630314 0.964254392310977 0.846026097424328 0.848821324110031 0.827012255787849 0.826482430100441 0.770216274261475 0.766925668716431 0.75874291062355 0.729783734679222 0.790520091354847 0.775748120248318 0.745191890001297 0.706343834102154 0.711035232245922 0.682642793655396
-9999 -9999 -9999 -9999 -9999 -9999 -9999 -9999 -9999 -9999 -9999 -9999 -9999 -9999 -9999 44.3038118025836 3.91255321285941 2.76661532265799 2.15295095443726 1.91500961780548 1.74178630113602 1.65222905874252 1.56735012531281 1.36571461558342 1.32820217013359 1.39354847073555 1.41205950379372 1.38858824372292 1.38215982913971 1.29175035953522 1.23802782297134 1.13105641007423 1.15317524671555 1.05490871071815 1.06551284193993 0.969177335500717 0.953026360273361 1.06633375883102 1.00774260163307 0.98313884139061 0.920585542917252 0.908965194225311 0.941608974337578 0.99784007370472 0.957114735245705 0.960616332292557 0.996540302038193 0.894780761003494 0.85810666680336 0.819667938351631 0.832920724153519 0.834923270344734 0.781781387329102 0.736878901720047 0.727817872166634 0.708203673362732 0.757224118709564 0.719892440736294 0.722125071287155 0.748992298543453 0.734706285595894 0.707640154659748
-9999 -9999 -9999 -9999 -9999 -9999 -9999 -9999 -9999 -9999 35.2986888885498 35.2986888885498 13.7248649597168 2.65223858356476 2.47585258483887 2.84308157648359 2.34244620800018 3.48433454831441 2.18302641596113 2.17370591844831 2.23667971576963 1.57318384051323 1.35738437175751 1.27652860879898 1.20720613002777 1.28651606440544 1.29331197738647 1.24280925393105 1.20305759310722 0.577738727842058 1.19047331213951 0.740476510354451 0.641997763088771 0.653693356684276 0.557802098137992 0.881838887929916 0.841746783256531 0.912573301792145 0.924190208315849 1.0775589466095 0.889950728416443 0.912682038545609 0.96457559466362 0.925742411613464 0.909077221155167 0.970073828101158 0.959777399897575 0.924648123979568 0.892249944806099 0.894278973340988 0.86754720211029 0.82360306084156 0.749808722734451 0.741822320222855 0.74089512526989 0.733963027596474 0.739316529035568 0.730134715139866 0.711378313601017 0.712186977267265 0.726704867184162 0.714823222160339
-9999 -9999 -9999 -9999 -9999 -9999 -9999 -9999 -9999 -9999 35.2986888885498 7.2530585419048 4.42437586784363 3.13560962677002 3.25499732494354 4.61984594662984 6.44796937390378 8.15614464282989 3.30622795991378 26.4265544149611 3.7907415691175 1.85450406074524 2.90552880764008 3.90421600341797 4.38350386619568 1.84151952266693 1.37885881662369 1.29719207882881 1.24277926683426 0.764425737517221 0.883993749107633 1.01452678442001 0.965015870332718 0.983672368526459 0.870086270570755 0.901147216558456 0.93006477355957 0.920570236444473 0.705554979188102 0.689936233418328 0.683415847165244 0.924776870012283 0.951833099126816 0.940947166085243 0.93686056137085 0.940065318346023 0.999556642770767 0.902290016412735 0.887851935625076 0.843091642856598 0.808984020352363 0.732867434620857 0.707618880271912 0.704327219724655 0.747647085785866 0.714799645543098 0.652567505836487 0.661578583717346 0.662330558896065 0.676198795437813 0.6892642557621 0.738559082150459
-9999 -9999 -9999 -9999 -9999 -9999 -9999 -9999 -9999 -9999 -9999 -9999 1.72806225340445 4.09867940630232 3.88364267349243 4.09654971957207 -9999 -9999 -9999 -9999 -9999 -9999 5.82448869593003 4.83108203551348 3.93237384627847 2.19478454589844 1.59619753360748 1.66652791500092 1.38106153607368 1.20323113203049 0.807813878570284 0.809705078601837 0.778522201946804 0.699449134724481 0.779709434509277 0.89964947104454 0.748286234480994 0.733405300549098 0.704041715179171 0.689495137759617 0.687114549534661 0.659945700849806 0.911394283175468 0.896087524294853 0.853185027837753 0.948495152592659 0.920282426476479 0.840032565593719 0.856958994269371 0.857102572917938 0.815782070159912 0.748992893099785 0.719232586026192 0.681506565213204 0.64231484234333 0.635320955514908 0.640101438760758 0.645378443598747 0.640689763426781 0.647782355546951 0.657023996114731 0.687607929110527
-9999 -9999 -9999 -9999 -9999 -9999 -9999 -9999 -9999 -9999 -9999 -9999 -9999 16.6274771690369 16.6274771690369 16.6274771690369 -9999 -9999 -9999 -9999 -9999 -9999 4.94490551948547 4.94490551948547 4.94490551948547 0.308659605681896 1.72336703538895 1.44709603786468 1.53306210892541 0.96504870057106 0.900464338915689 0.962372673409326 0.864483347960881 0.800201335123607 0.909749275445938 0.891563272476196 0.72381802541869 0.706529144729887 0.705921228442873 0.684282302856445 0.612108094351632 0.869872668385506 0.864971566200256 0.878269645571709 0.878237548470497 0.884554213285446 0.882466462254524 0.807592830061913 0.875986504554748 0.823469871282577 0.79255558848381 0.735678738355637 0.708790343999863 0.682101613283157 0.674305486679077 0.636422699689865 0.689728358387947 0.676441642642021 0.684331512451172 0.691258656978607 0.684598061442375 0.674020519852638
-9999 -9999 -9999 -9999 -9999 -9999 -9999 -9999 -9999 -9999 -9999 -9999 -9999 -9999 -9999 -9999 -9999 -9999 -9999 -9999 -9999 -9999 -9999 -9999 -9999 -9999 15.0274490714073 1.79797689403806 1.64567935466766 1.36912332262312 1.21928352969033 1.23602322936058 0.84495912705149 1.15702457427979 1.02253754138947 0.973355376720428 0.713767296501568 0.796616381406784 0.78208726644516 0.789045470952988 0.772888952493668 0.781204935908318 0.759831485152245 0.800048124790192 0.834651902318001 0.824230492115021 0.831610321998596 0.795936173200607 0.850413876771927 0.773217165470123 0.777904218435288 0.748846489191055 0.716051870584488 0.668608349561691 0.651816907525063 0.696588456630707 0.603396132588387 0.560491946339607 0.604194912314415 0.641203039884567 0.630893844366074 0.621594151854515
-9999 -9999 -9999 -9999 -9999 -9999 -9999 -9999 -9999 -9999 -9999 -9999 -9999 -9999 -9999 -9999 -9999 -9999 -9999 -9999 -9999 -9999 -9999 -9999 -9999 -9999 -9999 4.16311906955459 16.9248141422868 1.55946450680494 1.93718304634094 1.41391451954842 1.34969583749771 1.34771999716759 1.20074354410171 1.08567327260971 0.848115617036819 0.7860476821661 0.827272617816925 0.75032414495945 0.692206174135208 0.748717054724693 0.816037318110466 0.819675582647324 0.77089741230011 0.744714027643204 0.726267305016518 0.699249610304832 0.744626390933991 0.685899594426155 0.63703291118145 0.607861340045929 0.589059752225876 0.586854882538319 0.584639109671116 0.568064233660698 0.548100440204144 0.537230868637562 0.547660633921623 0.564637961983681 0.570925515890122 0.573547205328941
