EcologicalScience/Bass/data/rs_data_bass/chl_106.asc
NCOLS 226 
NROWS 124 
XLLCORNER -9.41648524995501 
YLLCORNER 47.587301625531 
CELLSIZE 0.0833 
NODATA_value -9999 
[rows 0 to 26 of 124, columns 62 to 123 of 226]
-9999 -9999 -9999 -9999 -9999 -9999 -9999 -9999 -9999 -9999 -9999 -9999 -9999 -9999 -9999 -9999 -9999 -9999 -9999 -9999 -9999 -9999 -9999 -9999 -9999 -9999 -9999 -9999 -9999 -9999 -9999 -9999 -9999 -9999 -9999 -9999 -9999 -9999 -9999 -9999 -9999 -9999 -9999 -9999 -9999 -9999 -9999 -9999 -9999 -9999 -9999 -9999 -9999 -9999 -9999 -9999 -9999 -9999 -9999 -9999 -9999 -9999
-9999 -9999 -9999 -9999 -9999 -9999 -9999 -9999 -9999 -9999 -9999 -9999 -9999 -9999 -9999 -9999 -9999 -9999 -9999 -9999 -9999 -9999 -9999 -9999 -9999 -9999 -9999 -9999 -9999 -9999 -9999 -9999 -9999 -9999 -9999 -9999 -9999 -9999 -9999 -9999 -9999 -9999 -9999 -9999 -9999 -9999 -9999 -9999 -9999 -9999 -9999 -9999 -9999 -9999 -9999 -9999 -9999 -9999 -9999 -9999 -9999 -9999
-9999 -9999 -9999 -9999 -9999 -9999 -9999 -9999 -9999 -9999 -9999 -9999 -9999 -9999 -9999 -9999 -9999 -9999 -9999 -9999 -9999 -9999 -9999 -9999 -9999 -9999 -9999 -9999 -9999 -9999 -9999 -9999 -9999 -9999 -9999 -9999 -9999 -9999 -9999 -9999 -9999 -9999 -9999 -9999 -9999 -9999 -9999 -9999 -9999 -9999 -9999 -9999 -9999 -9999 -9999 -9999 -9999 -9999 -9999 -9999 -9999 -9999
-9999 -9999 -9999 -9999 -9999 -9999 -9999 -9999 -9999 -9999 -9999 -9999 -9999 -9999 -9999 -9999 -9999 -9999 -9999 -9999 -9999 -9999 -9999 -9999 -9999 -9999 -9999 -9999 -9999 -9999 -9999 -9999 -9999 -9999 -9999 -9999 -9999 -9999 -9999 -9999 -9999 -9999 -9999 -9999 -9999 -9999 -9999 -9999 -9999 -9999 -9999 -9999 -9999 -9999 -9999 -9999 -9999 -9999 -9999 -9999 -9999 -9999
-9999 -9999 -9999 -9999 -9999 -9999 -9999 -9999 -9999 -9999 -9999 -9999 -9999 -9999 -9999 -9999 -9999 -9999 -9999 -9999 -9999 -9999 -9999 -9999 -9999 -9999 -9999 -9999 -9999 -9999 -9999 -9999 -9999 -9999 -9999 -9999 -9999 -9999 -9999 -9999 -9999 -9999 -9999 -9999 -9999 -9999 -9999 -9999 -9999 -9999 -9999 -9999 -9999 -9999 -9999 -9999 -9999 -9999 -9999 -9999 -9999 -9999
-9999 -9999 -9999 -9999 -9999 -9999 -9999 -9999 -9999 -9999 -9999 -9999 -9999 -9999 -9999 -9999 -9999 -9999 -9999 -9999 -9999 -9999 -9999 -9999 -9999 -9999 -9999 -9999 0.63735419511795 0.717511614091205 1.95780444145203 1.8901110291481 1.91695421934128 2.16707396507263 2.12494057416916 1.48635300993919 0.748989745974541 0.726611271500587 0.713169738650322 0.701289743185043 0.684533268213272 0.676576495170593 0.619466230273247 0.6392602622509 0.596581488847733 0.601337268948555 0.592476010322571 0.579628497362137 0.58500824868679 0.601180493831635 0.591938272118568 0.587827518582344 0.599897995591164 0.615827992558479 0.614784747362137 0.595920771360397 0.601681485772133 0.588431999087334 0.642560988664627 0.64930048584938 0.690915003418922 0.787129461765289
-9999 -9999 -9999 -9999 -9999 -9999 -9999 -9999 -9999 -9999 -9999 -9999 -9999 -9999 -9999 -9999 -9999 -9999 -9999 -9999 -9999 -9999 -9999 -9999 -9999 -9999 1.18186515569687 1.0627324283123 2.50618582963943 2.19360673427582 1.70251429080963 1.81653606891632 1.57190108299255 1.54128080606461 1.28928297758102 0.823745995759964 0.649986729025841 0.737986519932747 0.721392005681992 0.73446974158287 0.720260247588158 0.674171268939972 0.671024993062019 0.657710239291191 0.613481998443604 0.570398256182671 0.575761511921883 0.572643756866455 0.621417760848999 0.64885202050209 0.665637731552124 0.66253200173378 0.684643507003784 0.668846234679222 0.627911254763603 0.633218988776207 0.589073270559311 0.584307745099068 0.640372484922409 0.72647850215435 0.795261025428772 0.816100537776947
-9999 -9999 -9999 -9999 -9999 -9999 -9999 -9999 -9999 -9999 -9999 -9999 -9999 -9999 -9999 -9999 -9999 -9999 -9999 -9999 -9999 -9999 -9999 -9999 -9999 -9999 1.18186515569687 2.41465133428574 2.05185896158218 1.47095847129822 1.32931199669838 1.53040283918381 1.37990096211433 1.15590378642082 0.869721740484238 0.659064754843712 0.65532597899437 0.759582012891769 0.807723015546799 0.907081514596939 0.941873252391815 0.875828236341476 0.895114481449127 0.874266028404236 0.750480026006699 0.614084243774414 0.62236650288105 0.607204511761665 0.603527247905731 0.620138257741928 0.651017993688583 0.642266258597374 0.644894242286682 0.763232231140137 0.797726958990097 0.846858769655228 0.76466104388237 0.613641768693924 0.643371731042862 0.832871228456497 0.780246734619141 0.613448247313499
-9999 -9999 -9999 -9999 -9999 -9999 -9999 -9999 -9999 -9999 -9999 -9999 -9999 -9999 -9999 -9999 -9999 -9999 -9999 -9999 -9999 -9999 -9999 -9999 -9999 -9999 3.73059525489807 2.02515596151352 1.45972502231598 1.07787448167801 1.0088212788105 1.02828150987625 0.929040759801865 0.756494253873825 0.627975761890411 0.649902015924454 0.764649778604507 0.833556711673737 0.886781215667725 1.07220670580864 1.11793202161789 1.00796699523926 0.938136756420135 0.881103783845901 0.720821231603622 0.643142268061638 0.651106506586075 0.634167015552521 0.609556496143341 0.674573242664337 0.696002259850502 0.642734259366989 0.500165998935699 0.586610242724419 0.665231242775917 0.714138016104698 0.600280478596687 0.558308243751526 0.760366469621658 1.03094172477722 0.991465508937836 0.51298351585865
-9999 -9999 -9999 -9999 -9999 -9999 -9999 -9999 -9999 -9999 -9999 -9999 -9999 -9999 -9999 -9999 -9999 -9999 -9999 -9999 -9999 -9999 -9999 -9999 -9999 1.19121462106705 1.72903794050217 1.57405507564545 1.2027502655983 0.936874508857727 0.886010259389877 0.81751424074173 0.810402005910873 0.669011995196342 0.744875997304916 0.929403752088547 1.03146448731422 1.00424247980118 1.03374901413918 1.12134075164795 1.10028523206711 0.952545762062073 0.81171977519989 0.756213784217834 0.77359727025032 0.673757269978523 0.629132241010666 0.589505240321159 0.669644236564636 0.518560498952866 0.448727980256081 0.314634740352631 0.265917755663395 0.384533241391182 0.447106495499611 0.514034986495972 0.495648756623268 0.449242517352104 0.662025019526482 0.731984227895737 0.578044518828392 0.26809499412775
-9999 -9999 -9999 -9999 -9999 -9999 -9999 -9999 -9999 -9999 -9999 -9999 -9999 -9999 -9999 -9999 -9999 -9999 -9999 -9999 -9999 -9999 -9999 -9999 -9999 0.96932253241539 0.96804079413414 0.986998468637466 1.08830773830414 0.845834255218506 0.740505740046501 0.691898256540298 0.698879241943359 0.658563002943993 0.878465205430984 1.3944825232029 1.38681301474571 1.28374421596527 1.2656122148037 1.58092045783997 1.62506479024887 1.31211903691292 0.873452246189117 0.721599742770195 0.716299518942833 0.55238775908947 0.432013481855392 0.443242505192757 0.562449753284454 0.567056983709335 0.35257650911808 0.26206049323082 0.279570758342743 0.349647000432014 0.385091230273247 0.389209493994713 0.364413008093834 0.328138500452042 0.347292758524418 0.341811753809452 0.32549699395895 0.287526749074459
-9999 -9999 -9999 -9999 -9999 -9999 -9999 -9999 -9999 -9999 -9999 -9999 -9999 -9999 -9999 -9999 -9999 -9999 -9999 -9999 -9999 -9999 -9999 -9999 1.31647038459778 0.755350470542908 0.743475750088692 0.682812765240669 2.2917765006423 0.887493789196014 0.806642264127731 0.755925714969635 0.72436349093914 0.792227268218994 0.974471211433411 1.51132267713547 1.62868130207062 1.500552713871 1.49790000915527 1.72369801998138 2.04465526342392 1.800113260746 0.893846958875656 0.665178000926971 0.782485485076904 0.695606991648674 0.486685484647751 0.413830518722534 0.425394728779793 0.977105230093002 0.899705976247787 0.334971740841866 0.271024502813816 0.320327259600163 0.340755008161068 0.370545744895935 0.364582501351833 0.30248250067234 0.275250010192394 0.267774000763893 0.250696510076523 0.278660260140896
-9999 -9999 -9999 -9999 -9999 -9999 -9999 -9999 -9999 -9999 -9999 -9999 -9999 -9999 -9999 -9999 -9999 -9999 -9999 -9999 -9999 -9999 -9999 1.50594073534012 0.626510247588158 0.64547623693943 1.6361125856638 2.3493344783783 1.16652300953865 1.34160974621773 1.10968878865242 0.867536276578903 1.03439024090767 1.21049773693085 1.50079053640366 1.41533178091049 1.38347098231316 1.50768381357193 1.66010105609894 1.57055926322937 1.30942726135254 1.32666671276093 1.27892026305199 1.28454896807671 1.00490400195122 0.811976283788681 0.46774198114872 0.376071766018867 0.38263276219368 0.471693009138107 0.458569496870041 0.361307255923748 0.273839995265007 0.293937005102634 0.278808742761612 0.267953239381313 0.309840001165867 0.288742505013943 0.280291490256786 0.272770509123802 0.259395740926266 0.262964241206646
-9999 -9999 -9999 -9999 -9999 -9999 -9999 -9999 -9999 -9999 -9999 -9999 -9999 -9999 -9999 -9999 -9999 -9999 -9999 -9999 -9999 -9999 2.48668622970581 5.15215939283371 3.02374315261841 2.37685793638229 9.97758013010025 11.139532148838 1.65467548370361 1.35938474535942 1.15212750434875 0.935772746801376 0.932802736759186 1.07296872138977 1.38260999321938 1.03648048639297 1.07742521166801 1.09919473528862 1.16817221045494 1.35449248552322 1.20933526754379 1.06075277924538 0.984586536884308 1.09379178285599 1.01802822947502 0.828913539648056 0.438759729266167 0.349238254129887 0.345648743212223 0.339911252260208 0.320920497179031 0.30494923889637 0.283604241907597 0.271013997495174 0.272401504218578 0.262472994625568 0.261468753218651 0.264828756451607 0.283756501972675 0.269715003669262 0.252741739153862 0.265357509255409
-9999 -9999 -9999 -9999 -9999 -9999 -9999 -9999 -9999 -9999 -9999 -9999 -9999 -9999 -9999 -9999 -9999 -9999 -9999 -9999 2.64602583646774 1.85198003053665 4.14619475603104 6.36635702848434 6.18496942520142 0.901917725801468 0.891755998134613 0.942694455385208 1.26125326752663 1.0477357506752 0.985008716583252 0.994995027780533 1.03810653090477 1.14478200674057 1.46293875575066 1.36171129345894 1.11379274725914 1.15224453806877 1.34549099206924 1.35644924640656 1.39070695638657 1.26332321763039 1.16086801886559 1.19087621569633 1.13474473357201 0.982057482004166 0.725255236029625 0.48209322988987 0.386584505438805 0.347030259668827 0.333529494702816 0.333023250102997 0.334037996828556 0.301761746406555 0.279457502067089 0.272376760840416 0.253807492554188 0.249770253896713 0.251563489437103 0.245288260281086 0.254778742790222 0.250401757657528
-9999 -9999 -9999 -9999 -9999 -9999 -9999 -9999 -9999 -9999 -9999 -9999 -9999 -9999 -9999 -9999 -9999 -9999 -9999 -9999 2.09778181861615 1.49656426906586 1.39739701151848 1.13125428557396 1.08692398667336 0.980455487966537 0.989453226327896 1.01240846514702 1.05605247616768 1.29563176631927 1.51162648200989 1.57843118906021 2.086032807827 1.85305041074753 1.63588428497314 1.62142950296402 1.24022546410561 1.01755946874619 1.07783997058868 1.16986870765686 1.40078929066658 1.33807200193405 1.23533552885056 1.12886703014374 0.982791781425476 0.907512009143829 0.615132004022598 0.532368019223213 0.448040261864662 0.353305488824844 0.336860999464989 0.364335000514984 0.34696950763464 0.313411496579647 0.289242759346962 0.296214759349823 0.262730240821838 0.252751506865025 0.248968496918678 0.255757503211498 0.262607999145985 0.257708989083767
-9999 -9999 -9999 -9999 -9999 -9999 -9999 -9999 -9999 -9999 -9999 -9999 -9999 -9999 -9999 -9999 -9999 -9999 -9999 4.47852373123169 3.00696313381195 1.45436704158783 1.16840171813965 1.2611880004406 1.17768976092339 1.14938101172447 1.10429620742798 1.47186228632927 1.90306055545807 2.6185514330864 2.77960503101349 2.41417801380157 1.72368532419205 1.21557971835136 1.118901014328 0.920927256345749 0.97477725148201 1.80642074346542 1.17579147219658 1.70661002397537 1.27613246440887 1.00721696019173 0.781262218952179 0.636132761836052 0.643954485654831 0.60206101834774 0.493316978216171 0.455619737505913 0.417111754417419 0.37279274314642 0.401259005069733 0.409098744392395 0.377160742878914 0.348489001393318 0.343788743019104 0.331022255122662 0.270595505833626 0.265493988990784 0.264342740178108 0.276431255042553 0.262787260115147 0.263894990086555
-9999 -9999 -9999 -9999 -9999 -9999 -9999 -9999 -9999 -9999 -9999 -9999 -9999 -9999 -9999 -9999 -9999 -9999 4.77189865708351 2.2635914683342 1.5699051618576 1.51859021186829 1.60022324323654 1.51914972066879 1.61918771266937 1.76106745004654 2.40852445363998 4.03434813022614 3.89357936382294 3.12093508243561 2.37179553508759 2.01268351078033 1.69964021444321 1.57054281234741 1.42068976163864 1.21136704087257 1.10680049657822 1.29663151502609 1.24058550596237 1.0221374630928 1.00465500354767 1.00551223754883 1.321324467659 0.740409761667252 0.418355271220207 0.354261741042137 0.394012480974197 0.387681752443314 0.408817514777184 0.463017761707306 0.478535234928131 0.468395993113518 0.466012492775917 0.458313748240471 0.426904499530792 0.392611518502235 0.335045993328094 0.330881260335445 0.299149498343468 0.269888252019882 0.269805751740932 0.258452251553535
-9999 -9999 -9999 -9999 -9999 -9999 -9999 -9999 -9999 -9999 -9999 -9999 -9999 -9999 -9999 -9999 -9999 8.67234438967843 7.76354223489761 2.61006742715836 1.9838302731514 1.49570095539093 1.37386429309845 1.52126330137253 1.49346676468849 1.44893699884415 3.10660886764526 3.20613384246826 4.5069637298584 2.96990329027176 1.80521321296692 2.31981825828552 1.66904550790787 1.6406489610672 1.59179091453552 1.84045797586441 1.98093527555466 2.20502775907516 2.59615802764893 1.5456503033638 1.89405906200409 1.2867337167263 1.64444553852081 1.03443378210068 0.844874292612076 0.415051504969597 0.351543009281158 0.363296248018742 0.400597482919693 0.473046764731407 0.550993502140045 0.612427487969398 0.631807520985603 0.610089763998985 0.53811451792717 0.448480501770973 0.351548999547958 0.343278005719185 0.312123008072376 0.286955997347832 0.286187253892422 0.285063743591309
-9999 -9999 -9999 -9999 -9999 -9999 -9999 -9999 -9999 -9999 -9999 -9999 -9999 -9999 -9999 -9999 -9999 -9999 -9999 2.69602274894714 2.28733348846436 1.80193269252777 1.46183770895004 1.55817979574203 1.53338402509689 1.42536520957947 2.58359026908875 3.15965259075165 2.93089646100998 3.19971585273743 2.90340453386307 2.67001873254776 2.71014976501465 2.4120329618454 2.18276023864746 2.10474228858948 1.82214903831482 3.34498965740204 4.36120784282684 4.42918574810028 3.5432356595993 3.21143102645874 3.07211029529572 2.2976610660553 1.12816348671913 0.961119711399078 0.358776748180389 0.362940743565559 0.37466774135828 0.389855235815048 0.432623237371445 0.478352978825569 0.532994270324707 0.568374752998352 0.554613009095192 0.417830988764763 0.410076767206192 0.417355477809906 0.409649983048439 0.369594745337963 0.311073750257492 0.29670374840498
-9999 -9999 -9999 -9999 -9999 -9999 -9999 -9999 -9999 -9999 -9999 -9999 -9999 -9999 -9999 12.7267424583435 12.2258408110316 4.31020701700641 3.10435416698456 2.69824281334877 7.54323792457581 5.83902525901794 4.04764580726624 2.78969693183899 2.36308121681213 1.77099448442459 1.92900967597961 2.09217292070389 2.8693522810936 2.93669468164444 2.86622625589371 2.95029079914093 2.63106751441956 2.47863292694092 2.51151233911514 2.55401408672333 2.69730520248413 2.82420748472214 2.54444181919098 3.7694263458252 3.05909335613251 3.33775341510773 3.00468385219574 2.14202928543091 1.14626097679138 0.675876751542091 0.424995750188828 0.337856255471706 0.333858758211136 0.355735503137112 0.399388521909714 0.45116700232029 0.493500754237175 0.52954950928688 0.517541259527206 0.59775222837925 0.47231850028038 0.45237073302269 0.439412981271744 0.461880013346672 0.483739480376244 0.520703986287117
-9999 -9999 -9999 -9999 -9999 -9999 -9999 -9999 -9999 -9999 35.2986888885498 35.2986888885498 13.7248649597168 4.80144238471985 3.71153998374939 3.80131423473358 3.56447017192841 3.56423699855804 3.79839062690735 3.44958686828613 4.79169738292694 4.35672068595886 4.24796533584595 4.81224060058594 4.48069202899933 3.73955404758453 2.35296982526779 2.37102520465851 1.99472093582153 2.09989428520203 1.98063004016876 2.14888948202133 2.30893117189407 2.78683054447174 3.10683882236481 3.21234440803528 4.04736292362213 4.17965340614319 2.77473074197769 2.38309192657471 1.92271202802658 1.52399843931198 2.36402857303619 1.48629373311996 0.867695242166519 0.584804266691208 0.343657493591309 0.292686000466347 0.320202760398388 0.339994490146637 0.370201505720615 0.426667481660843 0.466234490275383 0.394706234335899 0.429716259241104 0.596540987491608 0.559796243906021 0.55223773419857 0.636072769761086 0.601280987262726 0.608162999153137 0.572581484913826
-9999 -9999 -9999 -9999 -9999 -9999 -9999 -9999 -9999 -9999 35.2986888885498 4.10122060775757 5.2689414024353 4.18081426620483 4.46848797798157 4.40600037574768 5.22615015506744 13.6396036505699 8.71169230164868 7.09215809239281 4.33059990406036 1.82775682210922 2.38051342964172 2.3689883351326 4.14629459381104 3.53021550178528 3.07052028179169 2.23445928096771 2.95311892032623 2.75604379177094 3.35873472690582 4.2316882610321 4.48798441886902 4.4779611825943 4.58390092849731 5.32451927661896 4.98048985004425 4.96032607555389 3.43319392204285 3.1700953245163 2.12928378582001 1.52658069133759 1.49330028891563 1.29425552487373 0.927430540323257 0.48750302195549 0.332231998443604 0.312166504561901 0.334931239485741 0.367059007287025 0.372865498065948 0.429894760251045 0.434460014104843 0.483692228794098 0.521943747997284 0.524088755249977 0.531480744481087 0.615483015775681 0.683424755930901 0.844747513532639 0.753693044185638 0.690412491559982
-9999 -9999 -9999 -9999 -9999 -9999 -9999 -9999 -9999 -9999 -9999 -9999 16.09685754776 8.46141591668129 5.12654101848602 5.18467392092166 -9999 -9999 -9999 -9999 -9999 -9999 1.77272021770477 1.68214273452759 1.21800675988197 1.64472895860672 2.54792708158493 2.23953223228455 1.98383617401123 2.26853996515274 4.73893189430237 4.18838024139404 2.90269947052002 1.7839463353157 1.99401819705963 2.29264569282532 3.21434712409973 3.18899309635162 2.78632807731628 2.70495218038559 2.77936720848083 1.94603544473648 1.3544459939003 1.14355051517487 0.81345596909523 0.465730503201485 0.354965999722481 0.370259240269661 0.405806243419647 0.401813998818398 0.384123757481575 0.372684001922607 0.371812507510185 0.400052234530449 0.492456749081612 0.524911478161812 0.517754271626472 0.54467399418354 0.616179764270782 0.763649225234985 0.845482528209686 0.902133017778397
-9999 -9999 -9999 -9999 -9999 -9999 -9999 -9999 -9999 -9999 -9999 -9999 -9999 16.6274771690369 16.6274771690369 16.6274771690369 -9999 -9999 -9999 -9999 -9999 -9999 4.94490551948547 4.94490551948547 4.94490551948547 0.308659605681896 26.5040465891361 3.86129701137543 2.77371454238892 2.62372648715973 2.48351472616196 2.59559851884842 1.8267622590065 1.14686322212219 1.31753548979759 1.50424718856812 1.62529867887497 1.65771979093552 1.69239896535873 2.69177323579788 2.40279150009155 1.56147301197052 0.852957755327225 0.756680220365524 0.667710766196251 0.591386988759041 0.463736236095428 0.38460972905159 0.450146242976189 0.409088239073753 0.371393255889416 0.420891746878624 0.454617753624916 0.417620256543159 0.443153992295265 0.706146731972694 0.821475774049759 0.832927465438843 0.889750510454178 0.957506239414215 0.868877291679382 0.886875003576279
-9999 -9999 -9999 -9999 -9999 -9999 -9999 -9999 -9999 -9999 -9999 -9999 -9999 -9999 -9999 -9999 -9999 -9999 -9999 -9999 -9999 -9999 -9999 -9999 -9999 -9999 12.5619992056201 1.80486861297062 1.87671187520027 2.21295672655106 2.2837695479393 2.12331604957581 1.35528972744942 1.04852020740509 1.01467797160149 0.981952518224716 0.985767781734467 1.00095900893211 0.963435709476471 0.801722288131714 0.735538512468338 0.689806491136551 0.623614490032196 0.573719993233681 0.528146982192993 0.49668225646019 0.475441485643387 0.448919266462326 0.402512982487679 0.354357741773129 0.339269243180752 0.412313237786293 0.389489248394966 0.372773990035057 0.42536848783493 0.675390735268593 0.695458486676216 0.61294050514698 0.576654732227325 0.477541521191597 0.484722018241882 0.576401263475418
-9999 -9999 -9999 -9999 -9999 -9999 -9999 -9999 -9999 -9999 -9999 -9999 -9999 -9999 -9999 -9999 -9999 -9999 -9999 -9999 -9999 -9999 -9999 -9999 -9999 -9999 -9999 4.53544567170597 3.39572093316487 20.5690009934562 3.08658456802368 2.30632799863815 1.89043879508972 1.22998353838921 0.917271763086319 0.954887241125107 0.912452280521393 0.750036031007767 0.607841983437538 0.525445505976677 0.571695014834404 0.5808434933424 0.54356624186039 0.504727497696877 0.510508507490158 0.511731013655663 0.505396485328674 0.456372767686844 0.429686263203621 0.373037248849869 0.384356260299683 0.461399272084236 0.458093985915184 0.392948985099792 0.394973248243332 0.518618255853653 0.468323260545731 0.379389747977257 0.380438983440399 0.382661998271942 0.385080769658089 0.479615271091461
