EcologicalScience/Bass/data/rs_data_bass/chl_3.asc
NCOLS 226 
NROWS 124 
XLLCORNER -9.41648524995501 
YLLCORNER 47.587301625531 
CELLSIZE 0.0833 
NODATA_value -9999 
[rows 56 to 83 of 124, columns 124 to 185 of 226]
2.59472018480301 2.56307691335678 2.27821719646454 2.09672552347183 2.02433556318283 2.00802218914032 1.94333249330521 1.90425896644592 1.8360847234726 1.83531832695007 1.81676924228668 1.78421258926392 1.81245517730713 1.91616368293762 1.93815225362778 1.86919498443604 1.83125245571136 2.03957176208496 2.04651296138763 2.11710745096207 2.18813556432724 2.0913457274437 2.02739703655243 2.02488899230957 2.05406391620636 2.08076173067093 2.21612995862961 2.32988995313644 2.34343045949936 2.3034975528717 2.18889605998993 2.23345273733139 2.41675579547882 2.53124105930328 2.63397896289825 2.6433293223381 2.83937698602676 2.97928047180176 2.84915632009506 2.80558347702026 2.82518094778061 2.97169357538223 3.46556031703949 3.68929123878479 4.02850806713104 4.57056891918182 6.03548526763916 -9999 6.65228605270386 6.60339832305908 7.13374829292297 6.52563285827637 9.28671026229858 16.4193520545959 -9999 -9999 -9999 -9999 -9999 -9999 -9999 -9999
2.87902647256851 2.64526569843292 2.54346227645874 2.40188848972321 2.31473332643509 2.15360391139984 2.06907820701599 2.03300178050995 1.96284520626068 1.85652458667755 1.80295944213867 1.99124693870544 1.83415353298187 1.82316756248474 1.92336452007294 2.14970254898071 2.14163929224014 2.1766140460968 2.22525072097778 2.20471358299255 2.18697667121887 2.04411667585373 2.05796545743942 1.97948616743088 1.92614257335663 1.9897980093956 2.22243082523346 2.24590641260147 2.34794926643372 2.3410724401474 2.22335547208786 2.28668475151062 2.40597081184387 2.62245601415634 2.81510478258133 2.83821594715118 2.81445819139481 2.87038654088974 2.89963656663895 2.91724044084549 2.76467245817184 3.0757874250412 3.51222288608551 4.16865134239197 4.62348210811615 6.57455492019653 7.67777752876282 -9999 6.9372546672821 7.92977070808411 8.09978055953979 7.96086430549622 10.4211959838867 -9999 -9999 -9999 -9999 -9999 -9999 -9999 -9999 -9999
4.55354189872742 3.30854988098145 2.91033446788788 2.74318277835846 2.70544642210007 2.62937700748444 2.46727573871613 2.36297482252121 2.23988091945648 2.19052720069885 2.20643091201782 2.00626426935196 1.83145880699158 1.8189817070961 1.92594748735428 1.92895352840424 2.39682519435883 2.34051382541656 2.45578426122665 2.37732821702957 2.29025691747665 2.04748946428299 1.98277652263641 1.96847927570343 1.83987307548523 1.88025444746017 2.19293922185898 2.32637625932693 2.36845278739929 2.41110223531723 2.32657420635223 2.23991775512695 2.35133993625641 2.44938379526138 2.51900857686996 2.59558206796646 2.62385630607605 3.0366278886795 3.13339948654175 3.24982666969299 2.8432919383049 3.0722873210907 3.38577890396118 4.68335008621216 7.09805703163147 6.88876748085022 9.74305558204651 10.2242939472198 9.01348829269409 8.11455059051514 7.36484384536743 22.9530844688416 57.05690574646 -9999 -9999 -9999 -9999 -9999 -9999 -9999 -9999 -9999
-9999 5.91256785392761 4.33307039737701 3.85895991325378 4.00399732589722 3.56047117710114 2.93317955732346 2.78908199071884 2.73477226495743 2.54859083890915 2.36854881048203 2.37535643577576 2.4073394536972 2.30785274505615 2.22786158323288 2.0425027012825 2.51531624794006 2.56157845258713 2.60610669851303 2.47840046882629 2.20145916938782 1.94556677341461 1.85956656932831 1.8619732260704 1.83726292848587 1.81041222810745 2.32873356342316 2.4073274731636 2.52311253547668 2.5543566942215 2.45309472084045 2.3406885266304 2.37619578838348 2.63307666778564 2.56519657373428 2.65390205383301 2.68959295749664 3.09824931621552 3.2536700963974 3.07094085216522 2.96805596351624 3.20608055591583 3.64853703975677 5.01727724075317 7.22703552246094 -9999 -9999 9.77712321281433 15.6742072105408 10.5992803573608 29.3549652099609 37.0204410552979 45.6909914016724 -9999 -9999 -9999 -9999 -9999 -9999 -9999 -9999 -9999
-9999 -9999 -9999 -9999 -9999 2.28387522697449 3.61177718639374 3.24919366836548 3.06556284427643 2.78348404169083 2.77243494987488 2.56873351335526 2.47330123186111 2.65007257461548 2.61421501636505 2.53691697120667 2.33869582414627 2.27578192949295 2.29887145757675 2.25224930047989 2.036396920681 2.01357007026672 1.97468841075897 1.86645752191544 1.85941725969315 1.91403293609619 2.36956125497818 2.76717299222946 2.81582182645798 2.70401108264923 2.72742533683777 2.49611395597458 2.52809178829193 2.7112028002739 2.80591052770615 2.8810470700264 2.90450245141983 3.04194223880768 3.25327277183533 3.07461512088776 3.65243697166443 3.91949558258057 3.9784551858902 5.39859437942505 8.12790083885193 -9999 -9999 -9999 -9999 -9999 28.185230255127 38.1572198867798 44.8039197921753 -9999 -9999 -9999 -9999 -9999 -9999 -9999 -9999 -9999
-9999 -9999 -9999 -9999 -9999 -9999 -9999 -9999 3.29665946960449 3.56509208679199 3.01675343513489 2.70276600122452 2.54924619197845 2.71659672260284 2.82811117172241 2.57551056146622 2.30739891529083 2.01511055231094 1.97689121961594 2.00060033798218 1.91784220933914 1.85146272182465 1.87882429361343 1.85046744346619 1.82097226381302 1.89043343067169 2.06537318229675 2.69520682096481 2.79802429676056 2.86342352628708 2.84328675270081 2.66510546207428 2.66921103000641 2.78948092460632 3.1628669500351 3.57433569431305 3.67212903499603 3.61307394504547 3.90472662448883 3.32656109333038 3.55026841163635 4.01859283447266 4.77634656429291 6.55560922622681 -9999 29.0682649612427 -9999 -9999 -9999 -9999 17.548882484436 26.200083732605 39.3873081207275 36.8942556381226 39.5460233688354 -9999 -9999 -9999 -9999 -9999 -9999 -9999
-9999 -9999 -9999 -9999 -9999 -9999 -9999 -9999 -9999 -9999 3.5099880695343 2.97912293672562 3.00321900844574 3.01383912563324 3.03566336631775 2.71805995702744 2.32564955949783 2.05850476026535 1.86154872179031 1.9523001909256 1.95241498947144 1.91563421487808 1.86000376939774 1.94698798656464 1.81330043077469 1.93554604053497 1.96890825033188 2.47134894132614 2.75560569763184 2.78578948974609 2.9024310708046 3.11693036556244 3.05055212974548 3.31032836437225 3.5218505859375 4.10057401657104 4.30181765556335 4.43690192699432 4.05989098548889 4.07741689682007 4.00694167613983 4.14223122596741 5.0393933057785 5.78058385848999 -9999 -9999 -9999 -9999 -9999 -9999 -9999 -9999 -9999 25.88170337677 22.8078875541687 18.323784828186 10.8786277770996 -9999 -9999 -9999 -9999 -9999
-9999 -9999 -9999 -9999 -9999 -9999 -9999 -9999 -9999 4.3704868555069 3.8245096206665 3.34991562366486 3.14212417602539 3.18810760974884 2.99200791120529 2.86356300115585 2.49376344680786 2.12726998329163 1.93910247087479 1.93159282207489 1.92726069688797 1.99486881494522 1.99614751338959 2.11827671527863 2.02538466453552 2.37964957952499 2.42509353160858 2.73119777441025 2.71612197160721 3.23537170886993 3.30698096752167 3.70247340202332 3.51729762554169 3.74783563613892 3.93797242641449 4.45401227474213 4.56987905502319 3.900230884552 4.11374402046204 3.8625111579895 4.27050983905792 4.42039203643799 5.40174078941345 6.40653491020203 -9999 33.0447750091553 -9999 -9999 -9999 13.7413744926453 13.2084288597107 12.2271795272827 11.9441936016083 16.3471083641052 20.5201892852783 20.2695665359497 -9999 -9999 -9999 -9999 -9999 -9999
-9999 -9999 -9999 -9999 -9999 -9999 -9999 -9999 -9999 -9999 4.21627128124237 3.64429807662964 3.38300335407257 3.31837356090546 2.97225219011307 2.76218855381012 2.53722453117371 2.25411450862885 2.04857397079468 2.05149221420288 2.02216726541519 2.13678967952728 2.49536544084549 2.63785207271576 2.66538083553314 2.89717572927475 2.46322953701019 2.58291524648666 3.07217860221863 3.34788286685944 3.53812122344971 3.52722465991974 3.49765563011169 4.18495059013367 4.97402322292328 4.80161333084106 4.27878391742706 3.53922986984253 3.42650771141052 3.68518888950348 3.71590733528137 5.04144680500031 7.10057687759399 6.94957137107849 -9999 -9999 -9999 -9999 -9999 -9999 14.0427904129028 13.8466744422913 14.6910452842712 14.479024887085 19.5358786582947 -9999 -9999 -9999 -9999 -9999 -9999 -9999
-9999 -9999 -9999 -9999 -9999 -9999 -9999 -9999 -9999 3.67937564849854 3.84073126316071 3.44661676883698 3.16189634799957 3.11833047866821 2.75374495983124 2.56350982189178 2.26833897829056 2.22971695661545 2.05862027406693 2.17888802289963 2.53536826372147 2.1487934589386 2.2542741894722 2.58797854185104 2.66255933046341 2.60838532447815 2.64028126001358 2.68778693675995 2.59644144773483 2.80303198099136 3.34943926334381 3.27176105976105 3.41991233825684 4.15250015258789 4.78207290172577 4.62030673027039 4.04580008983612 3.66904127597809 3.68276989459991 4.08720445632935 4.28151762485504 5.67694437503815 8.33384442329407 3.23800885677338 3.86466658115387 -9999 -9999 -9999 -9999 -9999 12.7126307487488 14.4040975570679 15.7158851623535 -9999 -9999 -9999 -9999 -9999 -9999 -9999 -9999 -9999
-9999 -9999 -9999 -9999 -9999 -9999 -9999 -9999 -9999 3.72648668289185 3.8065881729126 3.66104328632355 3.17464649677277 2.85870677232742 2.57819402217865 2.36762917041779 2.0577877163887 2.08444279432297 2.07519221305847 2.12526601552963 2.20626157522202 2.20266383886337 2.23069578409195 2.32545232772827 2.48534470796585 2.50548219680786 2.77932894229889 2.69456541538239 2.88689482212067 2.89493018388748 2.69570928812027 2.74332457780838 3.10860443115234 3.70479834079742 3.90576910972595 3.77933406829834 3.53066790103912 3.56646752357483 3.70515668392181 3.60229289531708 4.33187019824982 7.36939859390259 7.20997953414917 -9999 3.86466693878174 -9999 -9999 -9999 -9999 12.1949715614319 -9999 -9999 -9999 -9999 -9999 -9999 -9999 -9999 -9999 -9999 -9999 -9999
-9999 -9999 -9999 -9999 -9999 -9999 -9999 -9999 -9999 3.75529110431671 3.54185843467712 3.57201969623566 3.291672706604 2.84439522027969 2.4941782951355 2.28641778230667 2.02458679676056 2.11694777011871 2.08182156085968 2.30184227228165 2.0338642001152 2.14922618865967 2.24359881877899 2.08669120073318 2.31305319070816 2.45075172185898 1.96489727497101 2.00668805837631 2.47924500703812 2.94169503450394 2.72703444957733 2.81929725408554 3.04872536659241 3.63005840778351 3.83200871944427 3.59393763542175 3.35266041755676 3.70984590053558 4.32681977748871 4.72793626785278 6.42082643508911 8.3019597530365 -9999 -9999 -9999 -9999 -9999 -9999 -9999 -9999 -9999 -9999 -9999 -9999 -9999 -9999 -9999 -9999 -9999 -9999 -9999 -9999
-9999 -9999 -9999 -9999 -9999 -9999 -9999 -9999 -9999 3.54735374450684 3.31562554836273 3.01688933372498 2.96740508079529 2.63684856891632 2.56336122751236 2.38013845682144 2.12587344646454 1.98731768131256 2.20647382736206 2.2671816945076 2.34851932525635 2.19366145133972 2.06611043214798 2.03225183486938 2.001888692379 2.16847050189972 2.46308398246765 2.55820798873901 2.73848032951355 3.2634254693985 3.31695091724396 3.3567373752594 3.21114885807037 4.05933308601379 3.97395443916321 3.73039877414703 3.66311717033386 4.30616927146912 5.050950050354 5.35330367088318 6.43552279472351 5.82354819774628 -9999 -9999 -9999 -9999 -9999 -9999 -9999 -9999 -9999 -9999 -9999 -9999 -9999 -9999 -9999 -9999 -9999 -9999 -9999 -9999
-9999 -9999 -9999 -9999 -9999 -9999 -9999 3.28386068344116 3.52782511711121 3.40868926048279 3.1125590801239 2.78904068470001 2.72333407402039 2.4517702460289 2.38783943653107 2.21101427078247 2.22173541784286 2.17709541320801 2.26022332906723 2.33810251951218 2.55191767215729 2.83324348926544 2.36654323339462 2.10492521524429 2.26863527297974 2.47155600786209 3.29146957397461 2.99255168437958 3.31570637226105 3.65828168392181 3.12110638618469 3.33771085739136 2.94226652383804 3.21538209915161 3.50706088542938 4.01883459091187 4.46801555156708 5.2115775346756 5.83336436748505 5.75638496875763 -9999 5.69786846637726 3.25656187534332 -9999 -9999 -9999 -9999 -9999 -9999 -9999 -9999 -9999 -9999 -9999 -9999 -9999 -9999 -9999 -9999 -9999 -9999 -9999
-9999 -9999 -9999 -9999 -9999 -9999 3.67678785324097 3.87010645866394 3.77375185489655 3.32572495937347 3.01691687107086 2.80386829376221 2.85996150970459 2.5827539563179 2.25784796476364 2.30915701389313 2.35531497001648 2.38044154644012 2.39085227251053 2.56788682937622 2.61493116617203 2.72763526439667 2.64145427942276 2.51495468616486 2.6533305644989 2.59924793243408 3.08053636550903 3.06670045852661 3.31002974510193 3.41636252403259 2.84894925355911 2.88536703586578 2.73373353481293 2.97517204284668 3.49781477451324 4.94764280319214 5.13255143165588 5.57342326641083 4.72145318984985 -9999 -9999 -9999 -9999 -9999 -9999 -9999 -9999 -9999 -9999 -9999 -9999 -9999 -9999 -9999 -9999 -9999 -9999 -9999 -9999 -9999 -9999 -9999
-9999 -9999 -9999 -9999 3.24321305751801 3.90059459209442 3.67316687107086 3.66109657287598 3.22254610061646 2.95607024431229 2.75905054807663 2.93710577487946 3.01348578929901 2.80804717540741 2.3124720454216 2.26999944448471 2.21881717443466 2.35573500394821 2.43364727497101 2.52951604127884 2.61986392736435 1.99548447132111 2.04128623008728 2.31359392404556 2.3994802236557 2.57556223869324 3.07615578174591 2.75570029020309 2.77153658866882 2.57134956121445 3.13327288627625 3.17499589920044 3.13267493247986 3.54792451858521 4.91662037372589 5.46238338947296 4.90309417247772 7.51029109954834 -9999 -9999 -9999 -9999 -9999 -9999 -9999 -9999 -9999 -9999 -9999 -9999 -9999 -9999 -9999 -9999 -9999 -9999 -9999 -9999 -9999 -9999 -9999 -9999
-9999 -9999 -9999 -9999 3.46643543243408 4.03131294250488 3.65829455852509 3.4909154176712 3.19366407394409 2.94481354951859 2.79733800888062 2.99884808063507 2.89074593782425 2.63598293066025 2.12950730323792 2.16701692342758 2.17482072114944 2.39316004514694 2.39787447452545 2.57620131969452 2.8751392364502 2.62674754858017 2.55549967288971 2.78194570541382 3.02357482910156 2.67560255527496 3.17243850231171 2.95132881402969 3.21992325782776 3.62153255939484 4.03766763210297 4.34446585178375 4.57649087905884 4.74436569213867 6.80453824996948 7.69766592979431 9.39026355743408 -9999 -9999 -9999 -9999 -9999 -9999 -9999 -9999 -9999 -9999 -9999 -9999 -9999 -9999 -9999 -9999 -9999 -9999 -9999 -9999 -9999 -9999 -9999 -9999 -9999
-9999 4.66763770580292 4.34517896175385 3.71855700016022 3.74156320095062 3.46559250354767 3.2737340927124 3.55248284339905 3.25197672843933 3.04404437541962 2.99431121349335 2.89593082666397 2.56353896856308 2.17610102891922 2.19030600786209 2.03912472724915 2.22752022743225 2.16346728801727 2.59617072343826 2.61815482378006 2.66003179550171 2.52899783849716 2.79384219646454 2.89180433750153 2.8792410492897 3.28921115398407 3.40126419067383 3.36745798587799 3.19331252574921 4.15145015716553 4.39860820770264 5.03084170818329 5.93066918849945 9.28388714790344 10.4176733493805 -9999 -9999 -9999 -9999 -9999 -9999 -9999 -9999 -9999 -9999 -9999 -9999 -9999 -9999 -9999 -9999 -9999 -9999 -9999 -9999 -9999 -9999 -9999 -9999 -9999 -9999 -9999
4.03643238544464 4.37397229671478 3.91944766044617 3.80969989299774 3.92425203323364 3.90967047214508 3.67146134376526 3.98721385002136 3.428262591362 3.165167927742 2.9977725148201 2.54638123512268 2.8034775853157 2.4959505200386 2.28593105077744 2.27262818813324 2.4424529671669 2.07339906692505 2.15544605255127 2.49125182628632 2.5882523059845 2.62098383903503 2.77761143445969 2.76223719120026 3.18485462665558 3.28592312335968 3.17761659622192 3.49141645431519 3.7470155954361 4.85890817642212 6.21394658088684 8.71345782279968 10.3023455142975 -9999 -9999 -9999 -9999 -9999 -9999 -9999 -9999 -9999 -9999 -9999 -9999 -9999 -9999 -9999 -9999 -9999 -9999 -9999 -9999 -9999 -9999 -9999 -9999 -9999 -9999 -9999 -9999 -9999
4.16522240638733 4.73438608646393 5.10319197177887 4.96155381202698 4.49831700325012 4.02127182483673 3.8695056438446 3.26379060745239 3.01436626911163 2.65438431501389 2.23915278911591 2.18576842546463 2.51652896404266 2.46767020225525 2.47014302015305 2.62592178583145 2.47587758302689 2.4783833026886 2.54536646604538 2.54342633485794 2.50166094303131 2.35579347610474 2.61870449781418 3.18938612937927 3.51711809635162 3.8652960062027 4.19581890106201 4.11758387088776 4.22076594829559 5.07348883152008 6.65191769599915 9.19785046577454 8.79799389839172 7.69027519226074 10.9552803039551 -9999 -9999 -9999 -9999 -9999 -9999 -9999 -9999 -9999 -9999 -9999 -9999 -9999 -9999 -9999 -9999 -9999 -9999 -9999 -9999 -9999 -9999 -9999 -9999 -9999 -9999 -9999
6.4743812084198 5.40942907333374 5.33790063858032 4.47600674629211 4.11772656440735 3.33730494976044 3.15569114685059 2.87254643440247 2.54135620594025 2.28545469045639 2.1992415189743 2.17267656326294 2.07225304841995 2.2385573387146 2.5001648068428 2.43974483013153 2.61305183172226 2.74581599235535 2.76881182193756 2.87547969818115 2.71124857664108 2.93502742052078 3.61487174034119 3.85772180557251 3.90844881534576 4.07014489173889 4.17187142372131 4.20961439609528 5.44024801254272 5.33218860626221 -9999 -9999 -9999 -9999 -9999 -9999 -9999 -9999 -9999 -9999 -9999 -9999 -9999 -9999 -9999 -9999 -9999 -9999 -9999 -9999 -9999 -9999 -9999 -9999 -9999 -9999 -9999 -9999 -9999 -9999 -9999 -9999
6.29772734642029 7.08694124221802 5.86465787887573 5.15099465847015 4.70568537712097 4.18524992465973 3.78966236114502 3.53646075725555 3.43239605426788 3.13840663433075 2.86455291509628 1.86975967884064 1.89107555150986 2.3962327837944 2.78059208393097 2.82120823860168 3.01110970973969 3.03616046905518 2.63147932291031 2.91506856679916 2.8256362080574 3.36065769195557 3.61190986633301 3.85968089103699 4.52295541763306 4.50355660915375 4.64421379566193 4.70789337158203 6.37440133094788 5.18434274196625 4.79372334480286 10.5003397464752 -9999 -9999 -9999 -9999 -9999 -9999 -9999 12.6942715644836 -9999 -9999 -9999 -9999 -9999 -9999 -9999 -9999 -9999 -9999 -9999 -9999 -9999 -9999 -9999 -9999 -9999 -9999 -9999 -9999 -9999 -9999
13.7215476036072 8.80951023101807 6.47092580795288 5.44897270202637 7.39412140846252 4.44157040119171 6.10222005844116 4.12097489833832 3.96387076377869 3.43796861171722 3.02778661251068 2.44480276107788 2.38969266414642 2.60051107406616 2.81530272960663 3.16473162174225 3.29105114936829 3.09905683994293 3.31681036949158 3.75525891780853 4.16855406761169 4.24293386936188 3.9930202960968 4.25194215774536 4.32826709747314 4.40252637863159 4.42220628261566 5.48263943195343 4.86577641963959 5.65535616874695 3.30022573471069 3.42093944549561 -9999 -9999 -9999 -9999 -9999 -9999 -9999 -9999 -9999 -9999 -9999 -9999 -9999 -9999 -9999 -9999 -9999 -9999 -9999 -9999 -9999 -9999 -9999 -9999 -9999 -9999 -9999 -9999 -9999 -9999
-9999 -9999 -9999 -9999 -9999 3.20281362533569 5.28929114341736 4.16068589687347 3.64879667758942 2.84854942560196 2.52828598022461 3.30625283718109 3.39798295497894 3.80420458316803 4.04874837398529 3.3842511177063 3.90226578712463 4.01737189292908 4.65352141857147 4.81196308135986 5.35304117202759 5.59204816818237 5.32130634784698 5.0887838602066 4.45120489597321 3.49673008918762 -9999 -9999 -9999 -9999 -9999 -9999 -9999 -9999 -9999 -9999 -9999 -9999 -9999 -9999 -9999 -9999 -9999 -9999 -9999 -9999 -9999 -9999 -9999 -9999 -9999 -9999 -9999 -9999 -9999 -9999 -9999 -9999 -9999 -9999 -9999 -9999
-9999 -9999 -9999 -9999 -9999 -9999 3.45040440559387 3.79009938240051 3.03068697452545 2.87166595458984 3.03152561187744 4.22271144390106 4.16994988918304 4.34788799285889 4.45887959003448 5.63366532325745 5.96144843101501 6.12862658500671 6.16509246826172 7.16310167312622 7.04047966003418 6.97727751731873 5.18093705177307 2.66331607103348 -9999 -9999 -9999 -9999 -9999 -9999 -9999 -9999 -9999 -9999 -9999 -9999 -9999 -9999 -9999 -9999 -9999 -9999 -9999 -9999 -9999 -9999 -9999 -9999 -9999 -9999 -9999 -9999 -9999 -9999 -9999 -9999 -9999 -9999 -9999 -9999 -9999 -9999
-9999 2.50102669000626 2.50102686882019 3.45616257190704 3.19689166545868 3.24482917785645 3.30882883071899 2.80968743562698 3.06854259967804 2.83626598119736 3.87524020671844 4.67147326469421 5.37144684791565 5.95790326595306 7.06365251541138 8.52148604393005 9.13679265975952 10.1624708175659 9.95907855033875 8.27891993522644 7.68042039871216 4.2055846452713 -9999 -9999 -9999 -9999 -9999 -9999 -9999 -9999 -9999 -9999 -9999 -9999 -9999 -9999 -9999 -9999 -9999 -9999 -9999 -9999 -9999 -9999 -9999 -9999 -9999 -9999 -9999 -9999 -9999 -9999 -9999 -9999 -9999 -9999 -9999 -9999 -9999 -9999 -9999 -9999
-9999 4.58008360862732 3.92604839801788 3.66196060180664 3.32712507247925 2.62295401096344 2.47694706916809 2.83263301849365 3.02237641811371 3.78660213947296 6.20069074630737 6.69336891174316 8.54398941993713 9.84007573127747 9.21005988121033 9.02209496498108 9.53327965736389 9.9398889541626 -9999 -9999 -9999 -9999 -9999 -9999 -9999 -9999 -9999 -9999 -9999 -9999 -9999 -9999 -9999 -9999 -9999 -9999 -9999 -9999 -9999 -9999 -9999 -9999 -9999 -9999 -9999 -9999 -9999 -9999 -9999 -9999 -9999 -9999 -9999 -9999 -9999 -9999 -9999 -9999 -9999 -9999 -9999 -9999
-9999 3.26548862457275 3.9705308675766 3.29093563556671 3.07735562324524 2.94053399562836 2.81049227714539 4.21361911296844 5.63881409168243 4.15219581127167 7.58946990966797 4.52863276004791 -9999 -9999 -9999 -9999 -9999 -9999 -9999 -9999 -9999 -9999 -9999 -9999 -9999 -9999 -9999 -9999 -9999 -9999 -9999 -9999 -9999 -9999 -9999 -9999 -9999 -9999 -9999 -9999 -9999 -9999 -9999 -9999 -9999 -9999 -9999 -9999 -9999 -9999 -9999 -9999 -9999 -9999 -9999 -9999 -9999 -9999 -9999 -9999 -9999 -9999
