EcologicalScience/Bass/data/rs_data_bass/chl_537.asc
NCOLS 226 
NROWS 124 
XLLCORNER -9.41648524995501 
YLLCORNER 47.587301625531 
CELLSIZE 0.0833 
NODATA_value -9999 
[rows 0 to 26 of 124, columns 62 to 123 of 226]
-9999 -9999 -9999 -9999 -9999 -9999 -9999 -9999 -9999 -9999 -9999 -9999 -9999 -9999 -9999 -9999 -9999 -9999 -9999 -9999 -9999 -9999 -9999 -9999 -9999 -9999 -9999 -9999 -9999 -9999 -9999 -9999 -9999 -9999 -9999 -9999 -9999 -9999 -9999 -9999 -9999 -9999 -9999 -9999 -9999 -9999 -9999 -9999 -9999 -9999 -9999 -9999 -9999 -9999 -9999 -9999 -9999 -9999 -9999 -9999 -9999 -9999
-9999 -9999 -9999 -9999 -9999 -9999 -9999 -9999 -9999 -9999 -9999 -9999 -9999 -9999 -9999 -9999 -9999 -9999 -9999 -9999 -9999 -9999 -9999 -9999 -9999 -9999 -9999 -9999 -9999 -9999 -9999 -9999 -9999 -9999 -9999 -9999 -9999 -9999 -9999 -9999 -9999 -9999 -9999 -9999 -9999 -9999 -9999 -9999 -9999 -9999 -9999 -9999 -9999 -9999 -9999 -9999 -9999 -9999 -9999 -9999 -9999 -9999
-9999 -9999 -9999 -9999 -9999 -9999 -9999 -9999 -9999 -9999 -9999 -9999 -9999 -9999 -9999 -9999 -9999 -9999 -9999 -9999 -9999 -9999 -9999 -9999 -9999 -9999 -9999 -9999 -9999 -9999 -9999 -9999 -9999 -9999 -9999 -9999 -9999 -9999 -9999 -9999 -9999 -9999 -9999 -9999 -9999 -9999 -9999 -9999 -9999 -9999 -9999 -9999 -9999 -9999 -9999 -9999 -9999 -9999 -9999 -9999 -9999 -9999
-9999 -9999 -9999 -9999 -9999 -9999 -9999 -9999 -9999 -9999 -9999 -9999 -9999 -9999 -9999 -9999 -9999 -9999 -9999 -9999 -9999 -9999 -9999 -9999 -9999 -9999 -9999 -9999 -9999 -9999 -9999 -9999 -9999 -9999 -9999 -9999 -9999 -9999 -9999 -9999 -9999 -9999 -9999 -9999 -9999 -9999 -9999 -9999 -9999 -9999 -9999 -9999 -9999 -9999 -9999 -9999 -9999 -9999 -9999 -9999 -9999 -9999
-9999 -9999 -9999 -9999 -9999 -9999 -9999 -9999 -9999 -9999 -9999 -9999 -9999 -9999 -9999 -9999 -9999 -9999 -9999 -9999 -9999 -9999 -9999 -9999 -9999 -9999 -9999 -9999 -9999 -9999 -9999 -9999 -9999 -9999 -9999 -9999 -9999 -9999 -9999 -9999 -9999 -9999 -9999 -9999 -9999 -9999 -9999 -9999 -9999 -9999 -9999 -9999 -9999 -9999 -9999 -9999 -9999 -9999 -9999 -9999 -9999 -9999
-9999 -9999 -9999 -9999 -9999 -9999 -9999 -9999 -9999 -9999 -9999 -9999 -9999 -9999 -9999 -9999 -9999 -9999 -9999 -9999 -9999 -9999 -9999 -9999 -9999 -9999 -9999 -9999 0.63735419511795 1.08043840527534 0.95575824379921 0.831938892602921 0.771195262670517 0.923317104578018 1.28372150659561 1.59453731775284 1.7559512257576 1.38650491833687 1.2483349442482 1.29382073879242 1.24389749765396 1.1968966126442 1.07135260105133 0.989165782928467 1.04025417566299 1.06673812866211 1.03078204393387 1.06881254911423 1.09941217303276 0.869154274463654 0.774604260921478 0.746284514665604 0.71489953994751 0.691365301609039 0.636072278022766 0.609563291072845 0.58390174806118 0.601389661431313 0.587644547224045 0.5824915766716 0.586638674139977 0.580788195133209
-9999 -9999 -9999 -9999 -9999 -9999 -9999 -9999 -9999 -9999 -9999 -9999 -9999 -9999 -9999 -9999 -9999 -9999 -9999 -9999 -9999 -9999 -9999 -9999 -9999 -9999 1.18186515569687 1.0627324283123 2.35251009464264 1.61510092020035 1.06177532672882 0.86241352558136 1.09157985448837 1.52491343021393 1.68993812799454 1.68629568815231 1.81389462947845 1.80756103992462 1.76470649242401 1.54226070642471 1.22562530636787 1.08057788014412 1.0854786336422 1.16391643881798 1.1328532397747 1.08484840393066 0.971008747816086 0.92648720741272 0.916051805019379 0.878673166036606 0.859939724206924 0.817329078912735 0.713245734572411 0.658121064305305 0.60931795835495 0.578793033957481 0.578906044363976 0.591344431042671 0.593522027134895 0.605912044644356 0.592222720384598 0.589571624994278
-9999 -9999 -9999 -9999 -9999 -9999 -9999 -9999 -9999 -9999 -9999 -9999 -9999 -9999 -9999 -9999 -9999 -9999 -9999 -9999 -9999 -9999 -9999 -9999 -9999 -9999 1.18186515569687 3.36082980036736 1.86981207132339 1.38818398118019 0.921389579772949 1.03507733345032 1.48633575439453 1.7255380153656 1.56344926357269 1.19321402907372 1.15019255876541 1.27098682522774 1.19309833645821 1.24590423703194 1.30464264750481 1.23904591798782 1.1505264043808 1.12025400996208 0.768770545721054 0.771148234605789 0.788290411233902 0.864967525005341 0.929998397827148 0.889064490795135 0.77628493309021 0.742668092250824 0.643768072128296 0.653865784406662 0.667851224541664 0.648975670337677 0.6561269313097 0.665371119976044 0.845296561717987 0.770849347114563 0.67270191013813 0.610708147287369
-9999 -9999 -9999 -9999 -9999 -9999 -9999 -9999 -9999 -9999 -9999 -9999 -9999 -9999 -9999 -9999 -9999 -9999 -9999 -9999 -9999 -9999 -9999 -9999 -9999 -9999 2.98121912777424 1.62466603517532 1.35527783632278 1.31192761659622 1.11477148532867 1.09041264653206 1.51132696866989 1.45558002591133 1.01342689990997 0.789185464382172 0.763306617736816 0.799530208110809 0.892289847135544 0.955541163682938 0.969828486442566 1.01064106822014 1.05243721604347 0.88275620341301 0.699749752879143 0.632157370448112 0.629008814692497 0.614028140902519 0.640405476093292 0.702386140823364 0.717216297984123 0.694627448916435 0.676476895809174 0.6339081376791 0.751363635063171 0.717898160219193 0.638606071472168 0.522485375404358 0.564580947160721 0.590534180402756 0.63754615187645 0.658702969551086
-9999 -9999 -9999 -9999 -9999 -9999 -9999 -9999 -9999 -9999 -9999 -9999 -9999 -9999 -9999 -9999 -9999 -9999 -9999 -9999 -9999 -9999 -9999 -9999 -9999 1.19121462106705 1.54337042570114 1.44645890593529 1.65309673547745 2.12896764278412 2.44708532094955 2.28178185224533 2.3685205578804 1.71722853183746 0.889308303594589 0.794654846191406 0.844566464424133 0.952837139368057 1.05020660161972 0.993890851736069 0.888727426528931 0.889813810586929 0.983666718006134 0.918775588274002 0.808048188686371 0.620215147733688 0.649595707654953 0.680713802576065 0.678699642419815 0.724138990044594 0.772644817829132 0.733599632978439 0.724608600139618 0.63078761100769 0.638613849878311 0.529859662055969 0.483239471912384 0.4578478038311 0.470267817378044 0.589838661253452 0.596271984279156 0.563940167427063
-9999 -9999 -9999 -9999 -9999 -9999 -9999 -9999 -9999 -9999 -9999 -9999 -9999 -9999 -9999 -9999 -9999 -9999 -9999 -9999 -9999 -9999 -9999 -9999 -9999 5.76647436618805 1.27356800436974 1.59807014465332 1.81578540802002 2.0608069896698 2.43381035327911 2.26081931591034 1.92926913499832 1.42001044750214 1.2577249109745 1.12293729186058 1.1944779753685 1.00916013121605 0.981038153171539 0.935407608747482 0.820442497730255 0.782938152551651 0.779205858707428 0.768839120864868 0.715873673558235 0.667540848255157 0.595272928476334 0.587250709533691 0.736114427447319 0.84772977232933 0.627663999795914 0.638286173343658 0.644899159669876 0.554462179541588 0.468127101659775 0.449150025844574 0.443020641803741 0.487485766410828 0.487900748848915 0.626974582672119 0.575573265552521 0.592719823122025
-9999 -9999 -9999 -9999 -9999 -9999 -9999 -9999 -9999 -9999 -9999 -9999 -9999 -9999 -9999 -9999 -9999 -9999 -9999 -9999 -9999 -9999 -9999 -9999 1.31647038459778 1.40836590528488 1.37477651238441 1.68556952476501 1.96606546640396 1.88958781957626 1.50230598449707 1.27233964204788 1.33909884095192 1.50526356697083 1.41669899225235 1.19395413994789 1.17658594250679 1.14994597434998 1.1815587580204 1.05120447278023 0.917212128639221 0.90032833814621 0.844408839941025 0.746256798505783 0.598412454128265 0.53766305744648 0.548345312476158 0.632939547300339 0.565963357686996 0.507054090499878 0.556680947542191 0.6336560100317 0.593308813869953 0.551439732313156 0.498446613550186 0.471186608076096 0.471089333295822 0.465071931481361 0.486576363444328 0.491752669215202 0.468647047877312 0.575042501091957
-9999 -9999 -9999 -9999 -9999 -9999 -9999 -9999 -9999 -9999 -9999 -9999 -9999 -9999 -9999 -9999 -9999 -9999 -9999 -9999 -9999 -9999 -9999 1.50594073534012 2.41267463564873 1.39275205135345 1.41470566391945 1.55412483215332 1.32643246650696 1.0894658267498 0.92978972196579 0.963578402996063 1.19964176416397 1.25316739082336 1.07907566428185 0.964657634496689 0.939318627119064 0.62978383898735 0.517422705888748 0.527669906616211 0.580065608024597 0.652148857712746 0.714332073926926 0.65536442399025 0.588196188211441 0.587814196944237 0.493823245167732 0.524115219712257 0.590280711650848 0.677762746810913 0.630087152123451 0.644673518836498 0.606661185622215 0.593511812388897 0.574493542313576 0.542509250342846 0.498561836779118 0.486842013895512 0.439710304141045 0.449697062373161 0.468495234847069 0.474605351686478
-9999 -9999 -9999 -9999 -9999 -9999 -9999 -9999 -9999 -9999 -9999 -9999 -9999 -9999 -9999 -9999 -9999 -9999 -9999 -9999 -9999 -9999 3.59346692562103 3.76169353723526 1.3769463300705 0.765229135751724 0.617346704006195 0.84762167930603 0.995320290327072 1.15727895498276 1.16445958614349 1.04290241003036 0.745825231075287 0.673981055617332 0.645253390073776 0.650165989995003 0.563203811645508 0.50198583304882 0.477236241102219 0.492399305105209 0.515069738030434 0.514468252658844 0.487812235951424 0.480047777295113 0.486923441290855 0.49066860973835 0.483382165431976 0.545994445681572 0.697435230016708 0.814828187227249 0.841694355010986 0.671317845582962 0.628578543663025 0.607990957796574 0.577877998352051 0.527919441461563 0.478476583957672 0.47079374268651 0.275258615612984 0.308172851800919 0.353644631803036 0.367599919438362
-9999 -9999 -9999 -9999 -9999 -9999 -9999 -9999 -9999 -9999 -9999 -9999 -9999 -9999 -9999 -9999 -9999 -9999 -9999 -9999 2.64602583646774 3.58524906635284 2.81331610679626 1.95960777997971 1.35487362742424 0.991569936275482 1.02011328935623 1.07273519039154 1.26278614997864 0.877553701400757 0.616376146674156 0.606371954083443 0.612330839037895 0.620848417282104 0.629764840006828 0.655357897281647 0.673589766025543 0.659362390637398 0.628650158643723 0.624714776873589 0.61449533700943 0.596458867192268 0.500166535377502 0.45310740172863 0.436055839061737 0.422097221016884 0.415557861328125 0.402944281697273 0.689451411366463 0.707379207015038 0.789026252925396 0.734845899045467 0.69244247674942 0.618394196033478 0.554938115179539 0.525530822575092 0.358139477670193 0.329375825822353 0.305408075451851 0.296447776257992 0.294441863894463 0.312516063451767
-9999 -9999 -9999 -9999 -9999 -9999 -9999 -9999 -9999 -9999 -9999 -9999 -9999 -9999 -9999 -9999 -9999 -9999 -9999 -9999 2.42817556858063 3.56913185119629 3.12291204929352 2.12505859136581 0.753756165504456 1.52228307723999 1.36438304185867 0.968839377164841 0.883809328079224 0.772644549608231 0.829913377761841 0.816126644611359 0.710711181163788 0.655283018946648 0.606013476848602 0.597915709018707 0.597475111484528 0.638711482286453 0.673477202653885 0.663249358534813 0.614468649029732 0.635816752910614 0.608675882220268 0.569586172699928 0.513775214552879 0.461952075362206 0.429411560297012 0.418533906340599 0.591904297471046 0.576636403799057 0.644822426140308 0.612934358417988 0.5993612408638 0.577310979366302 0.554923519492149 0.551689758896828 0.445492565631866 0.395862847566605 0.351714983582497 0.332189328968525 0.329948991537094 0.413550227880478
-9999 -9999 -9999 -9999 -9999 -9999 -9999 -9999 -9999 -9999 -9999 -9999 -9999 -9999 -9999 -9999 -9999 -9999 -9999 32.0355185508728 7.94689357280731 4.05471906065941 2.31044939160347 1.79159465432167 0.818921148777008 0.816507250070572 0.831990480422974 0.830008774995804 0.833227515220642 0.948413997888565 1.09849369525909 0.859198004007339 0.652453377842903 0.604282200336456 0.575162798166275 0.551737457513809 0.554025828838348 0.586375460028648 0.658692821860313 0.535231366753578 0.540698334574699 0.528320744633675 0.500489473342896 0.483689770102501 0.477028101682663 0.471303954720497 0.454486861824989 0.385726243257523 0.391676053404808 0.600928835570812 0.655051030218601 0.605536490678787 0.514197617769241 0.521607130765915 0.520638652145863 0.493754044175148 0.494104363024235 0.508356191217899 0.483281940221786 0.445877507328987 0.441808752715588 0.470420010387897
-9999 -9999 -9999 -9999 -9999 -9999 -9999 -9999 -9999 -9999 -9999 -9999 -9999 -9999 -9999 -9999 -9999 7.67071652412415 8.05422556400299 7.49922859668732 5.02892053127289 2.46224534511566 1.63028374314308 1.36113421618938 0.831858068704605 0.833809465169907 0.936118304729462 1.32853245735168 1.50378066301346 2.01221787929535 2.35715925693512 3.09479033946991 0.570656016469002 0.539882808923721 0.548207715153694 0.55370606482029 0.563125848770142 0.515203356742859 0.521758317947388 0.549849405884743 0.50863042473793 0.438403621315956 0.432538568973541 0.441120386123657 0.423535600304604 0.397544726729393 0.391676858067513 0.581263281404972 0.571845754981041 0.620512045919895 0.296230807900429 0.284386418759823 0.245566450059414 0.519182123243809 0.487791426479816 0.465425245463848 0.478713154792786 0.489663071930408 0.50915289670229 0.459835343062878 0.321041598916054 0.327469244599342
-9999 -9999 -9999 -9999 -9999 -9999 -9999 -9999 -9999 -9999 -9999 -9999 -9999 -9999 -9999 -9999 -9999 7.88591516017914 7.24765849113464 6.07156437635422 3.28941661119461 1.69728666543961 1.19418020546436 1.0525656491518 1.24145346879959 1.24479541182518 1.35254260897636 1.08871552348137 1.42838108539581 1.85669052600861 0.848437070846558 0.57094806432724 0.561584293842316 0.558770924806595 0.546858564019203 0.514328643679619 0.479663550853729 0.473298087716103 0.479203060269356 0.495320722460747 0.445349872112274 0.362797155976295 0.359814181923866 0.407004833221436 0.420208364725113 0.423398986458778 0.650852166116238 0.631710022687912 0.639485433697701 0.600646197795868 0.568486556410789 0.548758439719677 0.53420877456665 0.51330341398716 0.477147527039051 0.473177969455719 0.477177679538727 0.473735019564629 0.50965777784586 0.523092113435268 0.361303590238094 0.406960710883141
-9999 -9999 -9999 -9999 -9999 -9999 -9999 -9999 -9999 -9999 -9999 -9999 -9999 -9999 -9999 -9999 -9999 -9999 -9999 3.22018191218376 2.40792873501778 1.80327728390694 0.952239006757736 1.08428272604942 1.21100476384163 1.40900471806526 0.894025750458241 0.820479936897755 0.535415008664131 0.54677939414978 0.533957943320274 0.541909128427505 0.507143273949623 0.453880369663239 0.481796130537987 0.537039712071419 0.481216281652451 0.444425314664841 0.42678040266037 0.463787063956261 0.485537767410278 0.460591703653336 0.383676141500473 0.38053634762764 0.373599104583263 0.64928513020277 0.668220117688179 0.66795614361763 0.655273005366325 0.583859212696552 0.558935299515724 0.541638448834419 0.514022871851921 0.484101533889771 0.471383549273014 0.345834150910378 0.345834128558636 0.449452836066484 0.471348512917757 0.457345984876156 0.435686029493809 0.404249668121338
-9999 -9999 -9999 -9999 -9999 -9999 -9999 -9999 -9999 -9999 -9999 -9999 -9999 -9999 -9999 3.38383080742576 3.23345223881982 5.7917103767395 5.62624096870422 5.67083269357681 3.27420061826706 2.11768823862076 1.20292165875435 1.20292165875435 1.00045810639858 0.889588057994843 0.832902275025845 0.538154438138008 0.538754492998123 0.541859373450279 0.50275906920433 0.441838145256042 0.404509305953979 0.36018531024456 0.351449467241764 0.756972312927246 0.774890698492527 0.833944357931614 0.74627997726202 0.377220511436462 0.383271127939224 0.39206837117672 0.570734135806561 0.586732171475887 0.587211661040783 0.60313468426466 0.564225420355797 0.584296435117722 0.577577747404575 0.533124156296253 0.518962070345879 0.518712177872658 0.516445085406303 0.492912948131561 0.498132571578026 0.341033488512039 0.336303748190403 0.438289180397987 0.438562206923962 0.415475226938725 0.472724251449108 0.47991880774498
-9999 -9999 -9999 -9999 -9999 -9999 -9999 -9999 -9999 -9999 35.2986888885498 35.2986888885498 13.7248649597168 32.303044701616 7.66506689786911 21.734112739563 16.7466216087341 8.5007409453392 5.76422381401062 2.30498224496841 2.30498224496841 2.38975685834885 1.66885605454445 1.43984623253345 1.13796231150627 0.905636742711067 0.823103941977024 0.78879576176405 0.507329329848289 0.502344712615013 0.506591141223907 0.617738105356693 0.586313813924789 0.619039535522461 0.658519126474857 0.731960378587246 0.786609202623367 0.787668898701668 0.729932516813278 0.448629543185234 0.445167392492294 0.44983372092247 0.433953300118446 0.332256004214287 0.332364186644554 0.332583501935005 0.574555054306984 0.565188355743885 0.544697888195515 0.518978364765644 0.512489274144173 0.503314442932606 0.505873024463654 0.511237621307373 0.347922205924988 0.337874561548233 0.331357643008232 0.455207593739033 0.444836005568504 0.432585440576077 0.435014247894287 0.489687792956829
-9999 -9999 -9999 -9999 -9999 -9999 -9999 -9999 -9999 -9999 35.2986888885498 12.114554643631 29.7404187172651 21.1677424907684 15.7698376178741 13.1342854499817 3.93810778856277 5.7397808432579 6.91077446937561 4.87162220478058 4.81561982631683 5.05165815353394 5.18698668479919 1.90776452422142 1.4637843221426 1.1915178000927 1.02548651397228 0.964032500982285 0.874855801463127 0.501471787691116 0.828543573617935 0.62092812359333 0.597145199775696 0.607295528054237 0.614847935736179 0.660846501588821 0.714551344513893 0.695228755474091 0.532291889190674 0.523773863911629 0.505155667662621 0.454054623842239 0.408233821392059 0.363992638885975 0.355542875826359 0.348557956516743 0.351798914372921 0.556794449687004 0.532029636204243 0.514392457902431 0.35544741153717 0.354439996182919 0.363295488059521 0.384132072329521 0.375350341200829 0.36094381660223 0.34639560431242 0.467965811491013 0.466380581259727 0.480407997965813 0.516615852713585 0.559057138860226
-9999 -9999 -9999 -9999 -9999 -9999 -9999 -9999 -9999 -9999 -9999 -9999 -9999 9.08013860802901 22.6084675788879 23.7735548019409 12.8156030449 -9999 -9999 -9999 -9999 -9999 3.86495742201805 3.91159468889236 3.37436386942863 2.32680782675743 1.60762470960617 1.09125110507011 1.38572153449059 1.13633555173874 1.0220710337162 0.881589263677597 0.690459296107292 0.680290818214417 0.690398253500462 0.665649019181728 0.618572473526001 0.571639202535152 0.46907302737236 0.451611399650574 0.446104824542999 0.429316699504852 0.38708558678627 0.537606462836266 0.535227589309216 0.530896402895451 0.523196563124657 0.521654203534126 0.439863860607147 0.444060042500496 0.448156088590622 0.43112687766552 0.433505371212959 0.438630625605583 0.426110431551933 0.39363294839859 0.367418982088566 0.48412974178791 0.476242013275623 0.50642678886652 0.574018746614456 0.652677230536938
-9999 -9999 -9999 -9999 -9999 -9999 -9999 -9999 -9999 -9999 -9999 -9999 -9999 16.6274771690369 16.6274771690369 16.6274771690369 -9999 -9999 -9999 -9999 -9999 -9999 4.94490551948547 4.94490551948547 4.94490551948547 0.308659605681896 1.89423108100891 1.65190654993057 1.59203392267227 1.44937625527382 0.932973191142082 0.836945369839668 0.807782247662544 0.787624262273312 0.78910269588232 0.731187656521797 0.646350525319576 0.567442931234837 0.347497209906578 0.363539189100266 0.370750196278095 0.52419052273035 0.524347454309464 0.518645256757736 0.523687273263931 0.521658182144165 0.512774795293808 0.409891784191132 0.42376783490181 0.437779560685158 0.444150611758232 0.448228597640991 0.454373314976692 0.450078919529915 0.433183416724205 0.393566161394119 0.35640212148428 0.33587571233511 0.521181106567383 0.554851859807968 0.529399774968624 0.524872183799744
-9999 -9999 -9999 -9999 -9999 -9999 -9999 -9999 -9999 -9999 -9999 -9999 -9999 -9999 -9999 -9999 -9999 -9999 -9999 -9999 -9999 -9999 -9999 -9999 -9999 -9999 2.24055861930052 1.66026663780212 1.90407738089561 1.92908607423306 1.22120082378387 1.00074689090252 0.904933735728264 0.830592647194862 0.75498278439045 0.709989242255688 0.639744132757187 0.598454229533672 0.341317780315876 0.335943169891834 0.510649099946022 0.512300603091717 0.516839370131493 0.541596472263336 0.572191625833511 0.560451485216618 0.406051978468895 0.422242686152458 0.429116159677505 0.44030387699604 0.454253867268562 0.46430030465126 0.424074769020081 0.445115134119987 0.425713822245598 0.405026882886887 0.560856454074383 0.543132036924362 0.534355491399765 0.556453853845596 0.554306700825691 0.531735308468342
-9999 -9999 -9999 -9999 -9999 -9999 -9999 -9999 -9999 -9999 -9999 -9999 -9999 -9999 -9999 -9999 -9999 -9999 -9999 -9999 -9999 -9999 -9999 -9999 -9999 -9999 -9999 -9999 1.86898358166218 1.6181339174509 1.35858508944511 1.16746705770493 1.09900183975697 0.973900705575943 0.815189503133297 0.714603312313557 0.623614266514778 0.613329291343689 0.588186353445053 0.560340218245983 0.551447421312332 0.53951670974493 0.536512926220894 0.550783909857273 0.602118954062462 0.664595022797585 0.682267740368843 0.696871295571327 0.628755703568459 0.61797608435154 0.660190433263779 0.605268940329552 0.481231883168221 0.567370533943176 0.590728506445885 0.596570245921612 0.585932962596416 0.571428447961807 0.560586266219616 0.586730115115643 0.591132625937462 0.557400584220886
