EcologicalScience/Bass/data/rs_data_bass/chl_203.asc
NCOLS 226 
NROWS 124 
XLLCORNER -9.41648524995501 
YLLCORNER 47.587301625531 
CELLSIZE 0.0833 
NODATA_value -9999 
[rows 54 to 80 of 124, columns 0 to 61 of 226]
-9999 -9999 -9999 -9999 -9999 -9999 -9999 -9999 -9999 -9999 -9999 -9999 -9999 -9999 -9999 -9999 -9999 -9999 -9999 -9999 -9999 -9999 -9999 -9999 -9999 -9999 -9999 -9999 -9999 -9999 -9999 -9999 -9999 -9999 -9999 -9999 -9999 -9999 4.82918838224563 3.34094997769908 6.69536948204041 3.36904263496399 1.645368039608 1.23106500506401 1.065330773592 0.844195514917374 0.76112625002861 0.87684229016304 0.703971013426781 0.723681762814522 0.810116976499557 0.790187269449234 0.96001347899437 1.16690397262573 1.66645342111588 2.18655145168304 3.34771871566772 4.07742440700531 -9999 0.607058599591255 0.62790758907795 1.60036644728287
-9999 -9999 -9999 -9999 -9999 -9999 -9999 -9999 -9999 -9999 -9999 -9999 -9999 -9999 -9999 -9999 -9999 -9999 -9999 -9999 -9999 -9999 -9999 -9999 -9999 -9999 -9999 -9999 -9999 -9999 -9999 -9999 -9999 -9999 -9999 -9999 -9999 -9999 -9999 15.1269993782043 6.77991700172424 2.72337377071381 1.69355016946793 1.48162651062012 1.47675821185112 1.04565525054932 0.804687738418579 0.799515724182129 0.860103785991669 0.747894018888474 0.834088504314423 0.926610767841339 1.30270949006081 1.54166918992996 1.76372408866882 2.26201575994492 2.8790534734726 -9999 -9999 -9999 -9999 -9999
-9999 -9999 -9999 -9999 -9999 -9999 -9999 -9999 -9999 -9999 -9999 -9999 -9999 -9999 -9999 -9999 -9999 -9999 -9999 -9999 -9999 -9999 -9999 -9999 -9999 -9999 -9999 -9999 -9999 -9999 -9999 -9999 -9999 -9999 -9999 -9999 -9999 -9999 -9999 -9999 17.713963508606 6.9225389957428 4.60131525993347 2.35453122854233 2.32907027006149 1.84757620096207 2.27547454833984 1.23530477285385 0.849005252122879 0.746955737471581 0.938436716794968 1.18068972229958 1.48344227671623 1.7545530796051 1.83159077167511 2.38754922151566 2.6479395031929 2.729496717453 1.85213943984773 -9999 -9999 -9999
-9999 -9999 -9999 -9999 -9999 -9999 -9999 -9999 -9999 -9999 -9999 -9999 -9999 -9999 -9999 -9999 -9999 -9999 -9999 -9999 -9999 -9999 -9999 -9999 -9999 -9999 -9999 -9999 -9999 -9999 -9999 -9999 -9999 -9999 -9999 -9999 -9999 -9999 -9999 -9999 39.6682748794556 10.1045436859131 10.2115788459778 5.38826715946198 4.06229031085968 2.20295476913452 2.22356253862381 2.05772316455841 1.3089704811573 1.24722227454185 1.09474951028824 1.14358502626419 1.39839971065521 1.50966292619705 1.5910484790802 1.78183954954147 1.71961802244186 1.70104050636292 2.64998245239258 3.88232338428497 2.14861498117447 -9999
-9999 -9999 -9999 -9999 -9999 -9999 -9999 -9999 -9999 -9999 -9999 -9999 -9999 -9999 -9999 -9999 -9999 -9999 -9999 -9999 -9999 -9999 -9999 -9999 -9999 -9999 -9999 -9999 -9999 -9999 -9999 -9999 -9999 -9999 -9999 -9999 -9999 -9999 -9999 -9999 -9999 9.77300834655762 5.08221745491028 4.53528892993927 4.00127398967743 4.62741959095001 4.74016642570496 1.62687599658966 1.54491305351257 1.0624792277813 0.88733696937561 0.720178484916687 0.975586473941803 1.1244840323925 1.18979778885841 0.848532021045685 1.01299425959587 1.4805254638195 1.80258983373642 1.95127201080322 2.02093577384949 -9999
-9999 -9999 -9999 -9999 -9999 -9999 -9999 -9999 -9999 -9999 -9999 -9999 -9999 -9999 -9999 -9999 -9999 -9999 -9999 -9999 -9999 -9999 -9999 -9999 -9999 -9999 -9999 -9999 -9999 -9999 -9999 -9999 -9999 -9999 -9999 -9999 -9999 -9999 -9999 -9999 -9999 6.12362837791443 4.12612724304199 4.61660027503967 5.14871549606323 5.32181489467621 5.67358803749084 3.98606264591217 2.85199356079102 1.10601899027824 0.865792483091354 0.701564267277718 0.688809737563133 0.708389237523079 1.39611902832985 1.69533070921898 1.75950381159782 1.73397678136826 1.66568183898926 2.14687535437671 -9999 -9999
-9999 -9999 -9999 -9999 -9999 -9999 -9999 -9999 -9999 -9999 -9999 -9999 -9999 -9999 -9999 -9999 -9999 -9999 -9999 -9999 -9999 -9999 -9999 -9999 -9999 -9999 -9999 -9999 -9999 -9999 -9999 -9999 -9999 -9999 -9999 -9999 -9999 -9999 -9999 -9999 6.20185589790344 7.61025595664978 8.62995457649231 4.61740493774414 6.42584037780762 6.16042113304138 3.77188110351562 4.91731417179108 1.38856270909309 0.844005793333054 0.636783018708229 0.626225262880325 0.672795742750168 0.720597758889198 1.66052955389023 1.73152157664299 1.80577352643013 -9999 -9999 2.04213845729828 1.40316036343575 2.30840545892715
-9999 -9999 -9999 -9999 -9999 -9999 -9999 -9999 -9999 -9999 -9999 -9999 -9999 -9999 -9999 -9999 -9999 -9999 -9999 -9999 -9999 -9999 -9999 -9999 -9999 -9999 -9999 -9999 -9999 -9999 -9999 -9999 -9999 -9999 -9999 -9999 -9999 -9999 -9999 4.14645445346832 3.82595837116241 4.27173507213593 3.56363260746002 3.06562042236328 2.18161797523499 1.87617230415344 1.51303732395172 2.4935610294342 1.47810977697372 0.773981988430023 0.578219264745712 0.576434254646301 0.63707323372364 0.732827246189117 1.8939228951931 1.95738220214844 2.17061179876328 2.12059098482132 1.67465364933014 1.35569094121456 1.23152133822441 1.24657541513443
-9999 -9999 -9999 -9999 -9999 -9999 -9999 -9999 -9999 -9999 -9999 -9999 -9999 -9999 -9999 -9999 -9999 -9999 -9999 -9999 -9999 -9999 -9999 -9999 -9999 -9999 -9999 -9999 -9999 -9999 -9999 -9999 -9999 -9999 -9999 -9999 -9999 -9999 -9999 9.30345296859741 5.49003088474274 5.47237586975098 4.33992075920105 4.1416597366333 2.59958249330521 1.67866122722626 1.62304347753525 1.65240973234177 1.5542106628418 0.934290021657944 0.671916738152504 0.658435508608818 0.669805482029915 0.630906745791435 0.644577741622925 1.76047351956367 1.80705526471138 1.75501388311386 1.66795156896114 1.66619329154491 1.6127981543541 1.56956174969673
-9999 -9999 -9999 -9999 -9999 -9999 -9999 -9999 -9999 -9999 -9999 -9999 -9999 -9999 -9999 -9999 -9999 -9999 -9999 -9999 -9999 -9999 -9999 -9999 -9999 -9999 -9999 -9999 -9999 -9999 -9999 -9999 -9999 -9999 -9999 -9999 -9999 -9999 16.3592848777771 8.77307796478271 5.45818197727203 3.2014753818512 3.72316431999207 2.77555274963379 2.10985726118088 1.35185176134109 0.98584046959877 0.912314236164093 0.780360013246536 0.729102730751038 0.729089990258217 0.815448760986328 0.925976246595383 0.82488602399826 0.825491219758987 0.921964466571808 1.46122348308563 1.69289284944534 1.58163745701313 1.38456152379513 1.26296326518059 1.34055259823799
-9999 -9999 -9999 -9999 -9999 -9999 -9999 -9999 -9999 -9999 -9999 -9999 -9999 -9999 -9999 -9999 -9999 -9999 -9999 -9999 -9999 -9999 -9999 -9999 -9999 -9999 -9999 -9999 -9999 -9999 -9999 -9999 -9999 -9999 -9999 -9999 -9999 -9999 5.86844158172607 7.52910375595093 5.27934014797211 2.71937549114227 1.67057168483734 1.13820746541023 1.05250051617622 1.14340952038765 0.818967014551163 0.780422955751419 0.66822449862957 0.589541986584663 0.621581241488457 0.68708623945713 0.684784501791 0.653241008520126 0.538171514868736 0.729043498635292 0.608780264854431 0.480072766542435 1.2786667495966 1.19739711284637 1.39049510657787 1.42074412107468
-9999 -9999 -9999 -9999 -9999 -9999 -9999 -9999 -9999 -9999 -9999 -9999 -9999 -9999 -9999 -9999 -9999 -9999 -9999 -9999 -9999 -9999 -9999 -9999 -9999 -9999 -9999 -9999 -9999 -9999 -9999 -9999 -9999 -9999 -9999 -9999 -9999 2.54942490373339 8.21313858032227 6.65130686759949 4.50458014011383 2.79424792528152 1.68034422397614 1.44141599535942 1.43964672088623 1.27441424131393 1.15113598108292 0.755200535058975 0.606072753667831 0.603022500872612 0.704729229211807 0.703325271606445 1.02624826133251 1.02191962301731 1.07209423184395 0.392429977655411 0.431202739477158 1.15000721812248 1.72853720188141 1.72378474473953 1.5929598659277 1.95133906602859
-9999 -9999 -9999 -9999 -9999 -9999 -9999 -9999 -9999 -9999 -9999 -9999 -9999 -9999 -9999 -9999 -9999 -9999 -9999 -9999 -9999 -9999 -9999 -9999 -9999 -9999 -9999 -9999 -9999 -9999 -9999 -9999 -9999 -9999 -9999 -9999 -9999 6.00073907375336 3.79482221603394 2.35494595766068 1.86721193790436 1.57016104459763 1.26883578300476 1.10471928119659 0.84857851266861 0.796707004308701 0.680091753602028 0.59060400724411 0.548541739583015 0.554168254137039 0.898761369287968 1.14578723907471 1.03195798397064 1.13848125934601 1.0724992454052 1.03239823132753 1.30363163352013 1.22659760713577 1.22610224783421 1.54813805222511 1.49844069778919 1.39619211852551
-9999 -9999 -9999 -9999 -9999 -9999 -9999 -9999 -9999 -9999 -9999 -9999 -9999 -9999 -9999 -9999 -9999 -9999 -9999 -9999 -9999 -9999 -9999 -9999 -9999 -9999 -9999 -9999 -9999 -9999 -9999 -9999 -9999 -9999 -9999 -9999 8.05461730062962 4.06657665967941 5.45856094360352 1.30267202854156 1.28404802083969 1.01345327496529 0.87459522485733 0.719763770699501 0.637635737657547 0.658543512225151 0.609862491488457 0.878678262233734 0.762134626507759 0.842866860330105 0.910718232393265 1.23647624254227 1.16688424348831 1.17744898796082 1.19748502969742 1.10067974030972 1.03134711831808 1.25143007934093 0.473115742206573 0.537169486284256 1.48251374065876 1.54458564519882
-9999 -9999 -9999 -9999 -9999 -9999 -9999 -9999 -9999 -9999 -9999 -9999 -9999 -9999 -9999 -9999 -9999 -9999 -9999 -9999 -9999 -9999 -9999 -9999 -9999 -9999 -9999 -9999 -9999 -9999 -9999 0.955768957734108 1.24524359728979 -9999 2.10493344068527 2.35530884563923 3.15193611383438 8.67643421888351 1.59097194671631 1.51452827453613 0.984834015369415 0.904381513595581 0.765038251876831 0.787504523992538 0.778795145452023 0.758413888514042 0.77022709697485 0.785890504717827 0.812675222754478 0.935443885624409 1.2568284869194 1.28875777125359 1.3788754940033 1.3221960067749 1.16111478209496 1.27184888720512 1.46275310218334 1.94398757815361 2.25024256110191 1.7454269528389 1.70936098694801 1.71762502193451
-9999 -9999 -9999 -9999 -9999 -9999 -9999 -9999 -9999 -9999 -9999 -9999 -9999 -9999 -9999 -9999 -9999 -9999 -9999 -9999 -9999 -9999 0.346259817481041 1.01528073847294 23.2836403548717 1.44346451759338 23.914271324873 23.219861894846 10.1404821276665 10.6009378433228 6.15627405792475 10.3367728292942 17.8245008289814 7.42089360952377 28.6182959675789 24.601688683033 30.8003904819489 17.8618458509445 0.950753957033157 1.01228025555611 0.89234921336174 0.84002548456192 0.765707284212112 1.06413978338242 0.849004000425339 0.808636888861656 0.870576739311218 0.928607650101185 1.0015684068203 1.17790125310421 1.56706465780735 1.64231443405151 1.6571891605854 1.61434270441532 1.54769173264503 1.66006609797478 1.7351245880127 1.76439023017883 7.78294040876276 -9999 -9999 -9999
-9999 -9999 -9999 -9999 -9999 -9999 -9999 -9999 -9999 -9999 -9999 -9999 -9999 -9999 -9999 -9999 -9999 -9999 -9999 -9999 -9999 -9999 25.4482054710388 1.17770397663116 1.51386898756027 5.30213326215744 4.84806933999062 3.78368183970451 4.59801253676414 6.0194137096405 3.77892166376114 6.06634402275086 6.22217869758606 8.61646726727486 9.60453754663467 11.5525383353233 13.4003269672394 0.829693526029587 0.950181037187576 0.970228493213654 0.911400765180588 0.774358481168747 0.798160493373871 0.728452518582344 0.955134004354477 0.970476776361465 0.915635257959366 1.32974101603031 1.39830189943314 1.47583124041557 1.82253527641296 2.02835816144943 1.9530146420002 2.30233910679817 1.91410347819328 -9999 -9999 -9999 -9999 -9999 -9999 -9999
-9999 -9999 -9999 -9999 -9999 -9999 -9999 -9999 -9999 -9999 -9999 -9999 -9999 -9999 -9999 -9999 -9999 -9999 -9999 9.15319450199604 1.73629513978958 1.09588345885277 0.993804752826691 0.978401988744736 1.00551447272301 1.14877197146416 1.41906753182411 1.71595901250839 1.83817219734192 4.32664948701859 5.93929147720337 3.8420969247818 4.4421358704567 6.62303328514099 5.63877242803574 6.01214683055878 6.76197910308838 4.33030664920807 0.913950741291046 1.01373526453972 0.961986780166626 0.889699459075928 1.20923924446106 1.29695999622345 1.17971473932266 1.04225170612335 1.26950472593307 1.524638235569 1.85776841640472 1.71001642942429 2.21797201037407 -9999 -9999 -9999 -9999 -9999 -9999 -9999 -9999 -9999 -9999 -9999
-9999 -9999 -9999 -9999 -9999 -9999 -9999 -9999 -9999 -9999 -9999 -9999 -9999 -9999 -9999 -9999 -9999 7.77741917967796 4.45109349489212 1.62819904088974 1.17094992846251 1.40159052610397 1.4497010409832 1.39261528849602 0.634626746177673 0.7097527384758 0.780388534069061 1.92060947418213 2.82361853122711 4.26462310552597 7.28962171077728 5.94489580392838 4.49407351016998 2.38282525539398 3.24607917666435 3.21437448263168 3.43948093056679 3.78477108478546 2.46858939528465 2.14078384637833 2.89812183380127 1.06473979353905 1.4152005314827 1.3473142683506 1.26316201686859 1.2175672352314 1.36421996355057 1.73490071296692 1.96033716201782 1.46267321705818 7.60205599665642 -9999 -9999 -9999 -9999 -9999 -9999 -9999 -9999 -9999 -9999 -9999
-9999 -9999 -9999 -9999 -9999 -9999 -9999 -9999 -9999 -9999 -9999 -9999 -9999 -9999 4.3344874382019 5.31717284023762 2.63679108023643 1.44096896052361 1.27603349089622 1.00851148366928 0.813833624124527 0.858488649129868 1.89857804775238 1.73738972842693 1.31434853374958 1.26846279203892 1.23755151033401 1.38899403810501 1.53542548418045 1.95548468828201 2.20752519369125 3.3875133395195 0.900830648839474 1.34206876158714 2.31918820738792 2.18837061524391 2.0635811984539 1.80196344852448 1.70479050278664 2.03270173072815 1.99614608287811 1.42992451786995 1.51620680093765 1.29065546393394 1.00288277864456 1.22953346371651 1.53392708301544 1.8807817697525 1.72989678382874 1.61881202459335 1.7318474650383 10.3509566783905 -9999 -9999 -9999 -9999 -9999 -9999 -9999 -9999 -9999 -9999
-9999 -9999 -9999 -9999 -9999 -9999 -9999 -9999 -9999 -9999 -9999 1.98658731231442 5.36903607845306 4.50668486952782 1.59176747500896 0.853109024465084 1.23669151961803 0.804624728858471 0.897785626351833 1.29055370390415 1.27151302993298 1.55978955328465 1.62487596273422 1.27960477769375 0.965956509113312 0.740177482366562 0.648763492703438 0.850099250674248 0.86669072508812 0.93503275513649 1.02955675125122 1.27906173467636 0.976834885776043 1.06893336027861 1.54129913449287 2.77842819690704 2.16968286037445 6.65127637982368 2.15432327985764 2.51844227313995 4.02839541435242 3.0933233499527 2.45426541566849 1.64733821153641 1.70349079370499 2.11520022153854 2.38111048936844 2.38516277074814 2.62898473441601 1.9934042096138 1.93586661504663 -9999 -9999 -9999 -9999 -9999 5.43720112831094 64.6946849822998 34.519832611084 31.4024027824402 39.2691387176514 -9999
-9999 -9999 -9999 -9999 -9999 -9999 -9999 -9999 -9999 6.93926194310188 2.59761664671142 1.40777044743299 0.767933502793312 0.691438242793083 0.763617262244225 0.885280229151249 0.8782953992486 0.865425400435925 0.753629632294178 0.764480262994766 0.798499993979931 0.829863481223583 0.792391486465931 0.747259274125099 0.583857238292694 0.546678245067596 0.516161009669304 0.561632260680199 0.667136617004871 0.760243892669678 0.833890870213509 0.782782226800919 0.790086396038532 0.734865009784698 0.930301867425442 1.37026199698448 2.04027445614338 2.09333556890488 2.717225253582 3.31832242012024 3.45939445495605 3.79117512702942 3.47477853298187 2.46599918603897 1.93943023681641 1.56947618722916 1.45977374911308 2.59415808320045 2.65859806537628 1.96614146232605 2.02002266049385 2.38761270046234 2.38120925426483 2.79802170850463 21.9957389831543 31.9060392379761 11.7468266487122 6.50712418556213 11.2752499580383 2.58028203248978 21.6818819046021 -9999
-9999 -9999 -9999 -9999 -9999 2.08927923440933 1.51736506819725 1.58445860445499 1.47877576947212 1.28862397372723 1.04837873578072 0.664531476795673 0.562383010983467 0.647074490785599 0.654466733336449 0.78276552259922 0.787779226899147 0.469827387481928 0.496112627908587 0.480665998533368 0.592759251594543 0.532906740903854 0.492371514439583 0.488846004009247 0.473574995994568 0.442809745669365 0.50848925113678 0.536577746272087 0.598473742604256 0.676233753561974 0.69147752225399 0.728603474795818 0.697466634213924 0.62526972591877 0.686387613415718 0.962171629071236 1.49282924830914 2.59201794862747 4.10771191120148 3.78924751281738 3.19554841518402 4.87248229980469 5.81588101387024 5.27326941490173 4.93088614940643 3.05803942680359 1.41504827141762 1.38973420858383 1.95345005393028 1.75945986807346 1.77446097135544 2.06416019797325 3.29336589574814 5.6967658996582 5.31033825874329 7.10116982460022 2.3081316947937 3.15699434280396 4.08006834983826 14.7776784896851 8.37692016363144 12.5530717372894
-9999 -9999 -9999 -9999 -9999 0.360476240515709 0.785895735025406 0.808687873184681 0.946453504264355 0.639240749180317 0.704477995634079 0.643462121486664 0.711519353091717 0.813661113381386 0.700688481330872 0.69123350083828 0.633861750364304 0.452699622139335 0.46557486243546 0.593703992664814 0.588187254965305 0.601606003940105 0.583421513438225 0.600481256842613 0.580554738640785 0.509891256690025 0.484140492975712 0.529773987829685 0.536839760839939 0.521191753447056 0.617809765040874 0.623164981603622 0.62686575949192 0.601879097521305 0.660798355937004 0.784670613706112 1.0864215195179 0.725453481078148 3.52892982959747 3.26200211048126 3.07032537460327 3.94594967365265 4.7833206653595 5.33457899093628 5.62373685836792 5.50181543827057 2.92965441942215 3.21548008918762 1.7813156247139 1.36554828286171 2.20984643697739 2.97323249280453 4.76626101136208 5.20983356237411 4.14380586147308 4.29164841771126 4.40984612703323 4.36359456181526 3.93479990959167 8.89260506629944 3.48275291919708 4.26110064983368
-9999 -9999 -9999 -9999 -9999 0.573747754096985 0.585348375141621 0.607478991150856 0.589304611086845 0.595475256443024 0.62466524541378 0.617225244641304 0.643077380955219 0.694692380726337 0.681266248226166 0.822084993124008 0.887542992830276 0.883116483688355 1.43408963084221 1.17801560461521 1.14163801074028 0.765585482120514 0.784710749983788 0.837484017014503 0.696900993585587 0.531625241041183 0.507155500352383 0.480681739747524 0.513075761497021 0.66251802444458 0.648126266896725 0.631357774138451 0.633770607411861 0.693216741085052 0.670316621661186 0.720556877553463 0.712184011936188 0.897411927580833 1.99892324209213 3.69577431678772 2.43304198980331 2.67915308475494 3.44939696788788 3.43611824512482 3.74044060707092 4.43832528591156 4.19240856170654 4.53090977668762 3.39413630962372 1.03962600231171 1.77512209117413 2.68170158565044 3.19283285737038 3.39259377121925 2.96591663360596 4.09374564886093 4.52316623926163 4.52235406637192 3.99148195981979 9.15424060821533 2.63940337300301 3.18398062884808
-9999 -9999 -9999 -9999 -9999 0.492351371794939 0.486675761640072 0.522740252315998 0.493832632899284 0.477034874260426 0.445256989449263 0.461207617074251 0.506952747702599 0.529958233237267 0.538637615740299 0.586631253361702 0.69667911529541 1.15052059292793 1.54614003002644 1.47554176300764 1.21928096562624 1.0703861117363 0.811193272471428 1.09530898928642 0.788100987672806 0.210124500095844 0.205734752118587 0.561857998371124 0.569303244352341 0.586550995707512 0.625720277428627 0.662986882030964 0.648908615112305 0.647036254405975 0.670547649264336 0.766462236642838 0.973588697612286 0.847741506993771 0.773858249187469 2.57339841127396 1.6959884762764 1.41638249158859 1.11711153388023 1.31392273306847 2.20736467838287 2.94469571113586 3.00779986381531 2.67626398801804 2.50183796882629 0.903707653284073 1.18297272920609 1.72090534865856 1.77722288668156 1.60503526031971 1.4743140488863 2.90463155508041 3.17716607451439 4.80967783927917 8.37887477874756 3.87778723239899 3.44589185714722 4.23560652136803
-9999 -9999 -9999 -9999 -9999 0.397163260728121 0.405759360641241 0.408999737352133 0.421486862003803 0.432951383292675 0.811458706855774 0.899761497974396 0.424076244235039 0.428484365344048 0.425436370074749 0.476949010044336 0.629738263785839 0.862509772181511 1.07446727156639 1.13603961467743 0.965674862265587 0.653850495815277 0.698746249079704 0.803278237581253 3.12811732292175 2.49036674201488 0.782579481601715 0.684549510478973 0.696230262517929 0.789196282625198 0.714987739920616 0.815848141908646 0.683021239936352 0.61514849960804 0.647226735949516 0.782534994184971 0.886384874582291 1.09905937314034 1.05840674042702 1.10408212244511 2.63326352834702 2.40655642747879 1.65147149562836 1.11015146970749 0.816684722900391 0.896841734647751 1.35803925991058 1.61220520734787 1.25671121478081 0.724180139601231 0.68181299418211 0.745525136590004 1.06670849025249 1.63567234575748 2.46732401847839 2.88860177993774 2.88141757249832 3.30958047509193 3.15096616744995 4.91102850437164 5.90941116213799 5.71303886175156
