EcologicalScience/Bass/data/rs_data_bass/chl_26.asc
NCOLS 226 
NROWS 124 
XLLCORNER -9.41648524995501 
YLLCORNER 47.587301625531 
CELLSIZE 0.0833 
NODATA_value -9999 
[rows 0 to 26 of 124, columns 62 to 123 of 226]
-9999 -9999 -9999 -9999 -9999 -9999 -9999 -9999 -9999 -9999 -9999 -9999 -9999 -9999 -9999 -9999 -9999 -9999 -9999 -9999 -9999 -9999 -9999 -9999 -9999 -9999 -9999 -9999 -9999 -9999 -9999 -9999 -9999 -9999 -9999 -9999 -9999 -9999 -9999 -9999 -9999 -9999 -9999 -9999 -9999 -9999 -9999 -9999 -9999 -9999 -9999 -9999 -9999 -9999 -9999 -9999 -9999 -9999 -9999 -9999 -9999 -9999
-9999 -9999 -9999 -9999 -9999 -9999 -9999 -9999 -9999 -9999 -9999 -9999 -9999 -9999 -9999 -9999 -9999 -9999 -9999 -9999 -9999 -9999 -9999 -9999 -9999 -9999 -9999 -9999 -9999 -9999 -9999 -9999 -9999 -9999 -9999 -9999 -9999 -9999 -9999 -9999 -9999 -9999 -9999 -9999 -9999 -9999 -9999 -9999 -9999 -9999 -9999 -9999 -9999 -9999 -9999 -9999 -9999 -9999 -9999 -9999 -9999 -9999
-9999 -9999 -9999 -9999 -9999 -9999 -9999 -9999 -9999 -9999 -9999 -9999 -9999 -9999 -9999 -9999 -9999 -9999 -9999 -9999 -9999 -9999 -9999 -9999 -9999 -9999 -9999 -9999 -9999 -9999 -9999 -9999 -9999 -9999 -9999 -9999 -9999 -9999 -9999 -9999 -9999 -9999 -9999 -9999 -9999 -9999 -9999 -9999 -9999 -9999 -9999 -9999 -9999 -9999 -9999 -9999 -9999 -9999 -9999 -9999 -9999 -9999
-9999 -9999 -9999 -9999 -9999 -9999 -9999 -9999 -9999 -9999 -9999 -9999 -9999 -9999 -9999 -9999 -9999 -9999 -9999 -9999 -9999 -9999 -9999 -9999 -9999 -9999 -9999 -9999 -9999 -9999 -9999 -9999 -9999 -9999 -9999 -9999 -9999 -9999 -9999 -9999 -9999 -9999 -9999 -9999 -9999 -9999 -9999 -9999 -9999 -9999 -9999 -9999 -9999 -9999 -9999 -9999 -9999 -9999 -9999 -9999 -9999 -9999
-9999 -9999 -9999 -9999 -9999 -9999 -9999 -9999 -9999 -9999 -9999 -9999 -9999 -9999 -9999 -9999 -9999 -9999 -9999 -9999 -9999 -9999 -9999 -9999 -9999 -9999 -9999 -9999 -9999 -9999 -9999 -9999 -9999 -9999 -9999 -9999 -9999 -9999 -9999 -9999 -9999 -9999 -9999 -9999 -9999 -9999 -9999 -9999 -9999 -9999 -9999 -9999 -9999 -9999 -9999 -9999 -9999 -9999 -9999 -9999 -9999 -9999
-9999 -9999 -9999 -9999 -9999 -9999 -9999 -9999 -9999 -9999 -9999 -9999 -9999 -9999 -9999 -9999 -9999 -9999 -9999 -9999 -9999 -9999 -9999 -9999 -9999 -9999 -9999 -9999 0.63735419511795 -9999 2.0154101729393 1.06034097075462 1.22832450270653 1.04643970727921 0.71544523537159 0.697211265563965 0.717514514923096 0.763314038515091 0.661833733320236 0.602070763707161 0.514017015695572 0.496421992778778 0.475409254431725 0.43785148859024 0.36743625998497 0.342856496572495 0.335333257913589 0.34519949555397 0.336102001368999 0.310449756681919 0.289780497550964 0.294535495340824 0.289539746940136 0.283863008022308 0.270542241632938 0.258463494479656 0.256488002836704 0.257252253592014 0.236760757863522 0.246573753654957 0.25924875587225 0.254805743694305
-9999 -9999 -9999 -9999 -9999 -9999 -9999 -9999 -9999 -9999 -9999 -9999 -9999 -9999 -9999 -9999 -9999 -9999 -9999 -9999 -9999 -9999 -9999 -9999 -9999 -9999 1.18186515569687 1.0627324283123 1.58636099100113 2.61269466876984 1.85931444168091 1.54833966493607 1.55826741456985 1.31329724192619 1.10773426294327 1.05636003613472 0.841148972511292 0.679397240281105 0.576419994235039 0.594238489866257 0.520256236195564 0.50790148973465 0.482862755656242 0.440179511904716 0.406147509813309 0.322389006614685 0.288216009736061 0.278692491352558 0.295381508767605 0.31080749630928 0.296994745731354 0.283484257757664 0.271370999515057 0.275569505989552 0.269706755876541 0.259358994662762 0.246839247643948 0.240221254527569 0.230955742299557 0.24736800044775 0.252128250896931 0.251595743000507
-9999 -9999 -9999 -9999 -9999 -9999 -9999 -9999 -9999 -9999 -9999 -9999 -9999 -9999 -9999 -9999 -9999 -9999 -9999 -9999 -9999 -9999 -9999 -9999 -9999 -9999 1.18186515569687 2.09744341032846 6.15236234664917 1.28472903370857 0.877179712057114 0.845475733280182 1.089718490839 1.15849122405052 1.0884262919426 0.968178033828735 0.855507731437683 0.765281975269318 0.583581760525703 0.437777996063232 0.419085010886192 0.403767004609108 0.367489501833916 0.328188009560108 0.334030508995056 0.30442875623703 0.26570250838995 0.266275495290756 0.276259504258633 0.283563002943993 0.281550742685795 0.25967625528574 0.253427244722843 0.242288991808891 0.248822249472141 0.245813257992268 0.239575490355492 0.24074698984623 0.248203508555889 0.25620149821043 0.257237255573273 0.251787006855011
-9999 -9999 -9999 -9999 -9999 -9999 -9999 -9999 -9999 -9999 -9999 -9999 -9999 -9999 -9999 -9999 -9999 -9999 -9999 -9999 -9999 -9999 -9999 -9999 -9999 -9999 1.36673707621438 8.06896090507507 3.04359090328217 0.688964992761612 0.549342021346092 0.756901502609253 0.989697754383087 0.972323209047318 0.789864778518677 0.739260748028755 0.678399011492729 0.698114231228828 0.636420741677284 0.580905005335808 0.516855731606483 0.444771006703377 0.38350573182106 0.331759504973888 0.316869758069515 0.282363004982471 0.259441494941711 0.254166752099991 0.256764002144337 0.264936000108719 0.269639253616333 0.249413251876831 0.247772254049778 0.242368496954441 0.244545757770538 0.242805004119873 0.239481009542942 0.240925490856171 0.239954240620136 0.246173992753029 0.249762006103992 0.254536494612694
-9999 -9999 -9999 -9999 -9999 -9999 -9999 -9999 -9999 -9999 -9999 -9999 -9999 -9999 -9999 -9999 -9999 -9999 -9999 -9999 -9999 -9999 -9999 -9999 -9999 1.19121462106705 1.44740656614304 2.74341005086899 1.02657222747803 0.766113013029099 0.57626773416996 0.713975250720978 0.863611489534378 0.846856534481049 0.777406543493271 0.754755020141602 0.676786512136459 0.63008026778698 0.553631991147995 0.594470232725143 0.505345478653908 0.438830986618996 0.363414756953716 0.370158009231091 0.329922750592232 0.294934496283531 0.276887990534306 0.26495249569416 0.264500990509987 0.252356998622417 0.251543998718262 0.259600505232811 0.264741741120815 0.265228495001793 0.25229175388813 0.238205999135971 0.237028509378433 0.238824002444744 0.243022508919239 0.247425757348537 0.250940255820751 0.266360990703106
-9999 -9999 -9999 -9999 -9999 -9999 -9999 -9999 -9999 -9999 -9999 -9999 -9999 -9999 -9999 -9999 -9999 -9999 -9999 -9999 -9999 -9999 -9999 -9999 -9999 6.07533897246633 0.746577009558678 0.891824215650558 0.701457738876343 0.570489004254341 0.573143988847733 0.647786244750023 0.676919996738434 0.743861988186836 0.847793966531754 0.864487498998642 0.788677543401718 0.698017492890358 0.57839173078537 0.532158002257347 0.49415248632431 0.466980010271072 0.435722261667252 0.391701757907867 0.353068493306637 0.316281750798225 0.291533254086971 0.265820994973183 0.256137751042843 0.257125496864319 0.258954003453255 0.262122742831707 0.267083242535591 0.270955502986908 0.259266749024391 0.241712249815464 0.238040998578072 0.235172241926193 0.23607974499464 0.256463259458542 0.266246996819973 0.275859005749226
-9999 -9999 -9999 -9999 -9999 -9999 -9999 -9999 -9999 -9999 -9999 -9999 -9999 -9999 -9999 -9999 -9999 -9999 -9999 -9999 -9999 -9999 -9999 -9999 1.31647038459778 5.09387084841728 0.941731117665768 1.86296403408051 1.50103658437729 1.2855269908905 0.704220771789551 0.734975248575211 0.779609262943268 0.798461973667145 0.849895477294922 0.796851754188538 0.648057013750076 0.564718499779701 0.533542513847351 0.509924232959747 0.495299264788628 0.438198745250702 0.408103510737419 0.393024757504463 0.365160740911961 0.325432509183884 0.298907250165939 0.276693753898144 0.265762500464916 0.257372260093689 0.25552124530077 0.266991756856441 0.274949245154858 0.273425258696079 0.271376989781857 0.265020757913589 0.248888254165649 0.244769990444183 0.246587254106998 0.25442174077034 0.259318493306637 0.269663996994495
-9999 -9999 -9999 -9999 -9999 -9999 -9999 -9999 -9999 -9999 -9999 -9999 -9999 -9999 -9999 -9999 -9999 -9999 -9999 -9999 -9999 -9999 -9999 1.50594073534012 3.20819815993309 1.40187145471573 1.77983093261719 1.54141652584076 1.41260772943497 0.926309287548065 0.865200787782669 0.831492036581039 0.849165022373199 0.893466711044312 0.914437472820282 0.791127026081085 0.605666264891624 0.529365018010139 0.491377517580986 0.474855735898018 0.474380984902382 0.455534264445305 0.403666511178017 0.372161239385605 0.338684253394604 0.328959748148918 0.30128925293684 0.290895760059357 0.269040741026402 0.256474502384663 0.256656758487225 0.26264999806881 0.274602748453617 0.2773447483778 0.272190749645233 0.265986755490303 0.247168511152267 0.252182990312576 0.261406503617764 0.271505244076252 0.275721743702888 0.281897999346256
-9999 -9999 -9999 -9999 -9999 -9999 -9999 -9999 -9999 -9999 -9999 -9999 -9999 -9999 -9999 -9999 -9999 -9999 -9999 -9999 -9999 -9999 2.65803247690201 5.25528538227081 6.42985747754574 1.24286144971848 1.34132552146912 1.09003722667694 0.996964484453201 0.950863480567932 0.943348467350006 0.953215509653091 0.925918489694595 0.968423992395401 1.00174579024315 0.827484726905823 0.69556125998497 0.507015734910965 0.445071011781693 0.430707737803459 0.421753495931625 0.422796741127968 0.409561514854431 0.389139756560326 0.353872507810593 0.336894750595093 0.290521502494812 0.269906245172024 0.259713001549244 0.256806001067162 0.258947990834713 0.2668177485466 0.281079009175301 0.285259500145912 0.273780003190041 0.269055001437664 0.256650745868683 0.258456744253635 0.26646975427866 0.273925490677357 0.284435257315636 0.294885009527206
-9999 -9999 -9999 -9999 -9999 -9999 -9999 -9999 -9999 -9999 -9999 -9999 -9999 -9999 -9999 -9999 -9999 -9999 -9999 -9999 2.64602583646774 -9999 3.61069956421852 0.96155172586441 0.869438230991364 0.770096272230148 0.755138218402863 0.839030206203461 0.906218290328979 0.954538464546204 0.951751470565796 0.960275262594223 1.04478675127029 1.03551453351974 0.980323523283005 0.990342736244202 0.81429523229599 0.679487228393555 0.583078488707542 0.493583232164383 0.439793989062309 0.399924740195274 0.375230982899666 0.367830008268356 0.366057001054287 0.350020498037338 0.304062008857727 0.286369509994984 0.260928757488728 0.264436505734921 0.271065004169941 0.265700250864029 0.271667249500751 0.287346750497818 0.281105250120163 0.281127758324146 0.279253497719765 0.291668996214867 0.295555494725704 0.303931497037411 0.31758525967598 0.321145489811897
-9999 -9999 -9999 -9999 -9999 -9999 -9999 -9999 -9999 -9999 -9999 -9999 -9999 -9999 -9999 -9999 -9999 -9999 -9999 -9999 -9999 1.82700526714325 0.995779484510422 0.938432246446609 0.736354485154152 0.702095255255699 0.893952012062073 0.863076031208038 0.751387506723404 0.844766288995743 1.01513475179672 1.03973624110222 1.0234155356884 0.998163789510727 0.968820780515671 0.967827022075653 0.873637497425079 0.760883957147598 0.613773733377457 0.525699734687805 0.450182229280472 0.363314241170883 0.340214990079403 0.328415259718895 0.323234997689724 0.32625525444746 0.311690993607044 0.290210254490376 0.263813249766827 0.263755492866039 0.269604742527008 0.278851501643658 0.278313003480434 0.277284756302834 0.286797747015953 0.287995509803295 0.30434925109148 0.295235998928547 0.305001005530357 0.281634740531445 0.290720991790295 0.3085942491889
-9999 -9999 -9999 -9999 -9999 -9999 -9999 -9999 -9999 -9999 -9999 -9999 -9999 -9999 -9999 -9999 -9999 -9999 -9999 15.6325154453516 1.38202947378159 1.0434667468071 0.89102178812027 0.898364961147308 0.776348233222961 0.596118003129959 1.32108018547297 0.932565003633499 0.896465241909027 0.880839765071869 0.942158281803131 0.931466281414032 0.961929023265839 1.01281276345253 1.05581322312355 1.06151327490807 0.924998223781586 0.927095979452133 0.760840505361557 0.597349494695663 0.492947235703468 0.409660488367081 0.351463504135609 0.320165254175663 0.305332504212856 0.299222253262997 0.307894505560398 0.28600200265646 0.271538995206356 0.275411255657673 0.287342257797718 0.292407743632793 0.294290989637375 0.291283495724201 0.280017748475075 0.285442493855953 0.312796510756016 0.314232006669044 0.31597875058651 0.314567998051643 0.317055009305477 0.324727490544319
-9999 -9999 -9999 -9999 -9999 -9999 -9999 -9999 -9999 -9999 -9999 -9999 -9999 -9999 -9999 -9999 -9999 -9999 1.07608853280544 1.88222104310989 1.55132102966309 1.31230571866035 1.08106577396393 0.942285776138306 0.872798234224319 0.879272997379303 0.899921983480453 0.920898020267487 0.915423005819321 1.04875874519348 0.971528291702271 1.02342447638512 1.09746453166008 1.12370029091835 1.08307421207428 1.05712652206421 0.999087005853653 0.884394764900208 0.742800012230873 0.560531258583069 0.444671988487244 0.381153747439384 0.342256508767605 0.323466740548611 0.303604491055012 0.296004004776478 0.289746008813381 0.291074261069298 0.284439750015736 0.287954248487949 0.302924998104572 0.308618992567062 0.311130747199059 0.304399497807026 0.311704494059086 0.302796006202698 0.317342989146709 0.325713001191616 0.333780750632286 0.325339503586292 0.32897774130106 0.330958507955074
-9999 -9999 -9999 -9999 -9999 -9999 -9999 -9999 -9999 -9999 -9999 -9999 -9999 -9999 -9999 -9999 -9999 -9999 1.30833750963211 1.39034700393677 1.43838223814964 1.33729872107506 1.21012803912163 1.58968129009008 0.990539968013763 0.81338095664978 0.770375221967697 0.755825221538544 0.967016279697418 0.935390263795853 0.934566020965576 0.984950959682465 1.05045372247696 1.06037396192551 1.094417989254 1.07010751962662 1.01850825548172 0.968855291604996 0.912736505270004 0.775852471590042 0.600337520241737 0.459478497505188 0.39565198123455 0.339115507900715 0.315197244286537 0.29279999434948 0.289659753441811 0.302463747560978 0.296645253896713 0.303084008395672 0.312778495252132 0.318792007863522 0.319479010999203 0.327036000788212 0.334485746920109 0.328114494681358 0.332606993615627 0.318526491522789 0.31479225307703 0.310900501906872 0.310088999569416 0.327154509723186
-9999 -9999 -9999 -9999 -9999 -9999 -9999 -9999 -9999 -9999 -9999 -9999 -9999 -9999 -9999 -9999 -9999 -9999 -9999 8.00868129730225 1.09087729454041 1.03359979391098 0.954439491033554 0.795901536941528 0.648818984627724 0.685350000858307 0.723884269595146 0.731773495674133 0.774738729000092 0.909644275903702 1.0187212228775 1.07157602906227 1.09901922941208 1.1322945356369 1.0668802857399 1.08487352728844 1.12164071202278 0.978441774845123 0.900843769311905 0.840433537960052 0.72309073805809 0.577991232275963 0.491852268576622 0.415910258889198 0.356217741966248 0.325963497161865 0.317584499716759 0.312889494001865 0.314018256962299 0.321455240249634 0.32490599155426 0.322742253541946 0.325798496603966 0.336551249027252 0.335352748632431 0.332364745438099 0.328093506395817 0.336099743843079 0.334380000829697 0.325333490967751 0.323422506451607 0.326259009540081
-9999 -9999 -9999 -9999 -9999 -9999 -9999 -9999 -9999 -9999 -9999 -9999 -9999 -9999 -9999 4.03675007820129 -9999 32.8717683553696 4.4236546754837 1.35702896118164 1.12211546301842 0.887509524822235 0.94813272356987 0.878004759550095 0.796169221401215 0.724521741271019 0.717655509710312 0.718500763177872 0.687349498271942 0.895769208669662 0.940826207399368 0.994200736284256 1.07110574841499 1.09306427836418 1.03531122207642 1.21328473091125 1.25619524717331 1.1735797226429 0.917065501213074 0.846930742263794 0.739842742681503 0.610884770750999 0.493986770510674 0.423236981034279 0.373191744089127 0.354630008339882 0.342575244605541 0.334898248314857 0.329789243638515 0.323834247887135 0.327260993421078 0.328280255198479 0.323271743953228 0.32396250218153 0.32200875878334 0.306767240166664 0.30706275254488 0.307851009070873 0.297840759158134 0.295910239219666 0.293793752789497 0.288060754537582
-9999 -9999 -9999 -9999 -9999 -9999 -9999 -9999 -9999 -9999 35.2986888885498 35.2986888885498 13.7248649597168 1.40723966807127 7.5098705291748 5.6392650604248 5.46058344841003 3.87686920166016 2.61866766214371 1.76926428079605 1.28766596317291 0.777978748083115 0.721026018261909 0.734153240919113 0.721379265189171 0.679328262805939 0.649653017520905 0.643455013632774 0.698398500680923 0.796940267086029 0.909284234046936 1.01371800899506 1.06388023495674 1.10116195678711 1.15093123912811 1.23358646035194 1.21781399846077 1.04280450940132 1.06167152523994 1.06987354159355 0.959113508462906 0.759563237428665 0.607296735048294 0.496314749121666 0.407717987895012 0.378178507089615 0.368058755993843 0.336162753403187 0.331739254295826 0.329054988920689 0.324868507683277 0.316536001861095 0.306405007839203 0.306994490325451 0.297435007989407 0.294808499515057 0.301632754504681 0.299835741519928 0.303527243435383 0.302278496325016 0.297245241701603 0.291449256241322
-9999 -9999 -9999 -9999 -9999 -9999 -9999 -9999 -9999 -9999 35.2986888885498 8.12377280256023 4.70602385814373 4.92933225631714 5.13016140460968 6.43083071708679 6.39233064651489 4.7681213834069 10.3373958630727 -9999 4.3966201543808 2.68162947893143 1.2576097548008 0.797326505184174 0.713616013526917 0.655294507741928 0.629425495862961 0.624101981520653 0.65837998688221 0.763281762599945 0.86550897359848 0.862970978021622 0.790672481060028 0.835026025772095 0.96008026599884 0.868287742137909 0.854583710432053 0.787754237651825 0.857506513595581 0.883437752723694 0.818643718957901 0.691044732928276 0.592868998646736 0.535901248455048 0.430632010102272 0.411558732390404 0.399584233760834 0.349197752773762 0.340178243815899 0.334663510322571 0.323328003287315 0.3123389929533 0.305936247110367 0.316344760358334 0.327095255255699 0.324840009212494 0.328701004385948 0.316097259521484 0.306514509022236 0.305441245436668 0.307477489113808 0.30443025380373
-9999 -9999 -9999 -9999 -9999 -9999 -9999 -9999 -9999 -9999 -9999 -9999 -9999 11.1885266304016 14.4310402003202 -9999 -9999 -9999 -9999 -9999 -9999 -9999 3.62073683738708 2.05634254217148 1.15258347988129 0.826824724674225 0.643819481134415 0.610025256872177 0.630592480301857 0.685341730713844 0.76027724146843 0.544735506176949 0.586209744215012 0.607973232865334 0.612928479909897 0.63620924949646 0.616710752248764 0.621422991156578 0.775594532489777 0.708706498146057 0.751493990421295 0.726912751793861 0.624894753098488 0.564233243465424 0.480077236890793 0.448806747794151 0.436844229698181 0.396127492189407 0.381966769695282 0.359385006129742 0.334968008100986 0.323321253061295 0.299180991947651 0.294546000659466 0.306756757199764 0.304118245840073 0.318581253290176 0.329472005367279 0.329334005713463 0.321852743625641 0.315931499004364 0.309642747044563
-9999 -9999 -9999 -9999 -9999 -9999 -9999 -9999 -9999 -9999 -9999 -9999 -9999 16.6274771690369 16.6274771690369 16.6274771690369 -9999 -9999 -9999 -9999 -9999 -9999 4.94490551948547 4.94490551948547 4.94490551948547 0.308659605681896 1.02305021882057 0.972594738006592 0.820217996835709 0.728733748197556 0.634458750486374 0.637955233454704 0.63256873190403 0.625326007604599 0.640648484230042 0.656384244561195 0.659220010042191 0.662927985191345 0.696280494332314 0.62159027159214 0.588668256998062 0.7005645185709 0.557931751012802 0.545204266905785 0.497917503118515 0.476483255624771 0.462974265217781 0.408894762396812 0.392740488052368 0.361349254846573 0.340751253068447 0.339969746768475 0.335086494684219 0.31937250494957 0.300710253417492 0.301271997392178 0.293183997273445 0.301825493574142 0.29457525908947 0.279992245137691 0.261294007301331 0.258906751871109
-9999 -9999 -9999 -9999 -9999 -9999 -9999 -9999 -9999 -9999 -9999 -9999 -9999 -9999 -9999 -9999 -9999 -9999 -9999 -9999 -9999 -9999 -9999 -9999 -9999 -9999 1.62679266929626 3.66817653179169 2.97132003307343 1.64085674285889 0.874740779399872 0.741442501544952 0.668011486530304 0.637186512351036 0.563448742032051 0.498147770762444 0.550070241093636 0.610890761017799 0.628903493285179 0.629541009664536 0.639698266983032 0.614819258451462 0.609266236424446 0.541126504540443 0.494209483265877 0.481843516230583 0.480232492089272 0.415816515684128 0.401516988873482 0.388068750500679 0.369666740298271 0.364914759993553 0.353819243609905 0.328239753842354 0.315496489405632 0.28294799476862 0.266127750277519 0.248991005122662 0.238739244639874 0.23480249941349 0.235253244638443 0.236111260950565
-9999 -9999 -9999 -9999 -9999 -9999 -9999 -9999 -9999 -9999 -9999 -9999 -9999 -9999 -9999 -9999 -9999 -9999 -9999 -9999 -9999 -9999 -9999 -9999 -9999 -9999 -9999 -9999 3.56684625148773 1.84038895368576 1.44879001379013 0.847418993711472 0.664407759904861 0.585006013512611 0.541550248861313 0.525147020816803 0.584649011492729 0.639296248555183 0.655271261930466 0.628162488341331 0.663903012871742 0.634179756045341 0.560343772172928 0.499354496598244 0.460827738046646 0.452776506543159 0.446842521429062 0.414788246154785 0.400796994566917 0.378093749284744 0.358557745814323 0.344059489667416 0.328881740570068 0.32133898884058 0.332570247352123 0.277407757937908 0.251367755234241 0.24558375030756 0.244956001639366 0.241777494549751 0.236911498010159 0.237328492105007
