EcologicalScience/Bass/data/rs_data_bass/chl_311.asc
NCOLS 226 
NROWS 124 
XLLCORNER -9.41648524995501 
YLLCORNER 47.587301625531 
CELLSIZE 0.0833 
NODATA_value -9999 
[rows 54 to 80 of 124, columns 0 to 61 of 226]
-9999 -9999 -9999 -9999 -9999 -9999 -9999 -9999 -9999 -9999 -9999 -9999 -9999 -9999 -9999 -9999 -9999 -9999 -9999 -9999 -9999 -9999 -9999 -9999 -9999 -9999 -9999 -9999 -9999 -9999 -9999 -9999 -9999 -9999 -9999 -9999 -9999 -9999 5.15417735058948 1.99960649013519 1.78574699163437 1.77538722753525 1.31509271264076 1.23339602351189 1.28588247299194 1.27042204141617 1.52693098783493 1.23518174886703 1.20403504371643 1.25178372859955 1.22574225068092 1.18766927719116 1.33436626195908 1.37776046991348 1.70463073253632 1.87136471271515 1.98509931564331 1.79815274477005 -9999 0.607058599591255 0.62790758907795 2.26976122286009
-9999 -9999 -9999 -9999 -9999 -9999 -9999 -9999 -9999 -9999 -9999 -9999 -9999 -9999 -9999 -9999 -9999 -9999 -9999 -9999 -9999 -9999 -9999 -9999 -9999 -9999 -9999 -9999 -9999 -9999 -9999 -9999 -9999 -9999 -9999 -9999 -9999 -9999 -9999 1.97819852828979 1.78452533483505 2.26649558544159 1.39380750060081 1.33275675773621 1.45226696133614 1.34399101138115 1.27440601587296 1.21558427810669 1.12321874499321 1.00355923175812 1.08385428786278 1.19182276725769 1.38537901639938 1.52594697475433 1.82708179950714 1.83423382043839 2.37407094240189 2.49284659644772 -9999 -9999 -9999 -9999
-9999 -9999 -9999 -9999 -9999 -9999 -9999 -9999 -9999 -9999 -9999 -9999 -9999 -9999 -9999 -9999 -9999 -9999 -9999 -9999 -9999 -9999 -9999 -9999 -9999 -9999 -9999 -9999 -9999 -9999 -9999 -9999 -9999 -9999 -9999 -9999 -9999 -9999 -9999 -9999 2.8542466878891 2.44502207636833 1.82915318012238 1.72972422838211 1.6339185833931 1.60261952877045 1.32241353392601 1.15291723608971 1.26419475674629 1.00454172492027 1.1294609606266 1.31955599784851 1.5839227437973 1.74989622831345 1.52906692028046 2.25049942731857 2.29250550270081 2.30603331327438 2.60138871967793 -9999 -9999 -9999
-9999 -9999 -9999 -9999 -9999 -9999 -9999 -9999 -9999 -9999 -9999 -9999 -9999 -9999 -9999 -9999 -9999 -9999 -9999 -9999 -9999 -9999 -9999 -9999 -9999 -9999 -9999 -9999 -9999 -9999 -9999 -9999 -9999 -9999 -9999 -9999 -9999 -9999 -9999 -9999 2.09331232309341 2.08157926797867 2.08089369535446 2.02704298496246 1.88539355993271 1.70336544513702 1.63127624988556 1.25754225254059 1.33942276239395 1.38747149705887 1.20973500609398 1.3492357134819 1.46804854273796 1.59347766637802 1.78831654787064 1.58046966791153 1.72045433521271 1.9297342300415 2.05191671848297 2.12045627832413 3.7474996894598 -9999
-9999 -9999 -9999 -9999 -9999 -9999 -9999 -9999 -9999 -9999 -9999 -9999 -9999 -9999 -9999 -9999 -9999 -9999 -9999 -9999 -9999 -9999 -9999 -9999 -9999 -9999 -9999 -9999 -9999 -9999 -9999 -9999 -9999 -9999 -9999 -9999 -9999 -9999 -9999 -9999 -9999 2.36112682521343 1.93766033649445 1.9740389585495 2.05944442749023 1.95327758789062 1.724829018116 1.67749267816544 1.62890392541885 1.60920524597168 1.29979196190834 1.30518820881844 1.37959796190262 1.47314921021461 1.53215843439102 1.52890956401825 1.72455829381943 1.93471205234528 1.95959401130676 1.96161603927612 3.0235627412796 -9999
-9999 -9999 -9999 -9999 -9999 -9999 -9999 -9999 -9999 -9999 -9999 -9999 -9999 -9999 -9999 -9999 -9999 -9999 -9999 -9999 -9999 -9999 -9999 -9999 -9999 -9999 -9999 -9999 -9999 -9999 -9999 -9999 -9999 -9999 -9999 -9999 -9999 -9999 -9999 -9999 -9999 2.05640852451324 2.01456141471863 2.05341678857803 2.06908267736435 2.0066249370575 1.76793301105499 1.81327199935913 1.83291292190552 1.52466666698456 1.21946704387665 1.27844846248627 1.38176250457764 1.46738478541374 1.50296026468277 1.61327630281448 1.74358803033829 2.15574592351913 2.07544791698456 1.45936290784316 -9999 -9999
-9999 -9999 -9999 -9999 -9999 -9999 -9999 -9999 -9999 -9999 -9999 -9999 -9999 -9999 -9999 -9999 -9999 -9999 -9999 -9999 -9999 -9999 -9999 -9999 -9999 -9999 -9999 -9999 -9999 -9999 -9999 -9999 -9999 -9999 -9999 -9999 -9999 -9999 -9999 -9999 2.59411507844925 2.38971000909805 2.20742923021317 2.04203170537949 1.9274520277977 1.76263278722763 1.68659019470215 1.65973198413849 1.69541019201279 1.46617725491524 1.32159599661827 1.44435220956802 1.42460024356842 1.40793228149414 1.48337396979332 1.53022116422653 1.71872395277023 -9999 -9999 7.68629171848297 2.90960848331451 3.24887466430664
-9999 -9999 -9999 -9999 -9999 -9999 -9999 -9999 -9999 -9999 -9999 -9999 -9999 -9999 -9999 -9999 -9999 -9999 -9999 -9999 -9999 -9999 -9999 -9999 -9999 -9999 -9999 -9999 -9999 -9999 -9999 -9999 -9999 -9999 -9999 -9999 -9999 -9999 -9999 2.54541903734207 2.51799899339676 2.54583746194839 2.05873882770538 2.03520905971527 1.6680006980896 1.56287097930908 1.62001347541809 1.57294428348541 1.53734993934631 1.36956524848938 1.22026053071022 1.15844848752022 1.3987822830677 1.37280821800232 1.45362746715546 1.87489056587219 2.1110565662384 1.92925429344177 2.39741921424866 2.30862218141556 2.26898181438446 2.52424657344818
-9999 -9999 -9999 -9999 -9999 -9999 -9999 -9999 -9999 -9999 -9999 -9999 -9999 -9999 -9999 -9999 -9999 -9999 -9999 -9999 -9999 -9999 -9999 -9999 -9999 -9999 -9999 -9999 -9999 -9999 -9999 -9999 -9999 -9999 -9999 -9999 -9999 -9999 -9999 2.45080454349518 2.26653671264648 2.24694067239761 1.95209544897079 1.69965076446533 1.59143632650375 1.61927783489227 1.66160774230957 1.40479427576065 1.4192122220993 1.14228370785713 1.05263096094131 1.32476323843002 1.31201478838921 1.37978321313858 1.78419381380081 1.78099429607391 1.78442627191544 1.85442906618118 2.00460523366928 1.99289095401764 1.80228066444397 2.24988260865211
-9999 -9999 -9999 -9999 -9999 -9999 -9999 -9999 -9999 -9999 -9999 -9999 -9999 -9999 -9999 -9999 -9999 -9999 -9999 -9999 -9999 -9999 -9999 -9999 -9999 -9999 -9999 -9999 -9999 -9999 -9999 -9999 -9999 -9999 -9999 -9999 -9999 -9999 3.30887854099274 2.07903224229813 1.80001205205917 1.82317650318146 1.61867326498032 1.46362647414207 1.36160328984261 1.6137233376503 1.58493232727051 1.39622774720192 1.31939247250557 0.895794779062271 0.90465447306633 1.30031472444534 1.39250323176384 1.51469618082047 1.52937823534012 1.53254556655884 1.50761622190475 1.60145097970963 1.6462327837944 1.68200469017029 1.66979616880417 1.85017955303192
-9999 -9999 -9999 -9999 -9999 -9999 -9999 -9999 -9999 -9999 -9999 -9999 -9999 -9999 -9999 -9999 -9999 -9999 -9999 -9999 -9999 -9999 -9999 -9999 -9999 -9999 -9999 -9999 -9999 -9999 -9999 -9999 -9999 -9999 -9999 -9999 -9999 -9999 2.42479062080383 2.22990596294403 2.02576053142548 1.70448678731918 1.49114021658897 1.24598926305771 1.21239003539085 1.2233002781868 1.19398427009583 1.45013326406479 0.736803755164146 0.888668239116669 0.99261599779129 1.39350074529648 1.43369624018669 1.32949948310852 1.34375104308128 1.404202491045 1.34078398346901 1.28475147485733 1.32537147402763 1.43348479270935 1.69188970327377 1.93604707717896
-9999 -9999 -9999 -9999 -9999 -9999 -9999 -9999 -9999 -9999 -9999 -9999 -9999 -9999 -9999 -9999 -9999 -9999 -9999 -9999 -9999 -9999 -9999 -9999 -9999 -9999 -9999 -9999 -9999 -9999 -9999 -9999 -9999 -9999 -9999 -9999 -9999 2.39581418037415 1.97820299863815 1.92729306221008 1.77470469474792 1.46978321671486 1.0658655166626 1.0556902885437 1.11981824040413 1.1773267686367 1.05863097310066 0.797942966222763 0.832200765609741 0.934654533863068 1.09356370568275 1.40145000815392 1.43821799755096 1.40247228741646 1.32275024056435 1.32662773132324 1.04426702857018 1.08875772356987 1.29294750094414 1.44696754217148 1.57121694087982 1.78434008359909
-9999 -9999 -9999 -9999 -9999 -9999 -9999 -9999 -9999 -9999 -9999 -9999 -9999 -9999 -9999 -9999 -9999 -9999 -9999 -9999 -9999 -9999 -9999 -9999 -9999 -9999 -9999 -9999 -9999 -9999 -9999 -9999 -9999 -9999 -9999 -9999 -9999 1.86380249261856 1.66353982686996 1.41374623775482 1.2594772875309 1.19678395986557 1.03154996037483 0.939536243677139 0.928442984819412 0.908790707588196 0.845444977283478 0.859591484069824 0.895417481660843 0.964292228221893 1.09763923287392 1.32409197092056 1.41257178783417 1.42361471056938 1.35237675905228 1.31292074918747 1.06463545560837 1.17804899811745 1.20588746666908 1.39490774273872 1.50672447681427 1.96229016780853
-9999 -9999 -9999 -9999 -9999 -9999 -9999 -9999 -9999 -9999 -9999 -9999 -9999 -9999 -9999 -9999 -9999 -9999 -9999 -9999 -9999 -9999 -9999 -9999 -9999 -9999 -9999 -9999 -9999 -9999 -9999 -9999 -9999 -9999 -9999 -9999 2.18153482675552 1.81825357675552 1.61814147233963 1.35578995943069 1.15729424357414 0.959031790494919 0.957596272230148 0.862580984830856 0.885363757610321 1.01009622216225 1.03182971477509 0.953279972076416 1.10077723860741 1.18368521332741 1.27703252434731 1.37876477837563 1.44624298810959 1.31086653470993 1.29577052593231 1.15604621171951 1.16265821456909 1.50271797180176 1.45147651433945 1.4408715069294 1.45001471042633 2.21821197867393
-9999 -9999 -9999 -9999 -9999 -9999 -9999 -9999 -9999 -9999 -9999 -9999 -9999 -9999 -9999 -9999 -9999 -9999 -9999 -9999 -9999 -9999 -9999 -9999 -9999 -9999 -9999 -9999 -9999 -9999 -9999 1.61308944225311 1.51099419593811 -9999 2.10493344068527 2.54201820663419 1.5939362347126 1.35230246186256 1.37963926792145 1.37158200144768 1.05679571628571 0.813644975423813 0.821148723363876 0.916603535413742 1.11762526631355 1.16039702296257 1.12802177667618 1.12346023321152 1.08461245894432 1.05218178033829 1.34400522708893 1.33844473958015 1.57083410024643 1.14757946133614 1.16644495725632 1.16582027077675 1.36121696233749 1.85831701755524 2.45394372940063 2.13674622774124 2.59424543380737 3.28578768968582
-9999 -9999 -9999 -9999 -9999 -9999 -9999 -9999 -9999 -9999 -9999 -9999 -9999 -9999 -9999 -9999 -9999 -9999 -9999 -9999 -9999 -9999 0.346259817481041 1.32875695824623 1.84511768817902 3.43819713592529 5.96778988838196 14.1737351417542 8.44011068344116 1.86821991205215 2.05501502752304 1.59702372550964 1.24538853764534 1.08571198582649 1.25133901834488 1.30989074707031 1.20350924134254 1.19372624158859 1.05291527509689 1.00525125861168 0.880019277334213 0.853230714797974 0.937004238367081 1.01748526096344 1.10478901863098 1.23746404051781 1.24756720662117 1.30340248346329 1.56628274917603 1.68317091464996 1.70414847135544 1.62327218055725 1.78850769996643 1.76436531543732 1.18980976939201 1.48732271790504 2.14004400372505 2.42916029691696 4.51153230667114 -9999 -9999 -9999
-9999 -9999 -9999 -9999 -9999 -9999 -9999 -9999 -9999 -9999 -9999 -9999 -9999 -9999 -9999 -9999 -9999 -9999 -9999 -9999 -9999 -9999 1.83788698911667 1.72889703512192 4.6485847234726 6.55838227272034 6.37342357635498 5.54397511482239 3.43041586875916 3.01545453071594 2.03460681438446 1.41659179329872 1.02831897139549 0.942291766405106 0.998910784721375 1.0373977124691 1.04757070541382 1.00993198156357 0.977158516645432 0.896581470966339 0.842805773019791 0.876871526241302 0.94873121380806 1.03803822398186 1.12153127789497 1.25988677144051 1.39625546336174 1.48307999968529 1.61852395534515 1.66953295469284 1.73104047775269 2.26518523693085 2.07640984654427 2.19294941425323 2.11021131277084 -9999 -9999 -9999 -9999 -9999 -9999 -9999
-9999 -9999 -9999 -9999 -9999 -9999 -9999 -9999 -9999 -9999 -9999 -9999 -9999 -9999 -9999 -9999 -9999 -9999 -9999 2.13659233771838 2.17403697967529 1.66695445775986 1.85427457094193 1.86975145339966 1.72071754932404 1.80744820833206 1.83588373661041 2.05310618877411 1.97196078300476 1.69500374794006 1.40477246046066 1.15954425930977 0.942932993173599 0.876072764396667 0.942872285842896 0.954172521829605 0.874637961387634 0.843179225921631 0.872157722711563 0.930266976356506 0.953492224216461 0.895363479852676 1.01888546347618 1.09336870908737 1.24825572967529 1.27399724721909 1.43877679109573 1.68570381402969 1.74621891975403 1.864253282547 2.15339103341103 -9999 -9999 -9999 -9999 -9999 -9999 -9999 -9999 -9999 -9999 -9999
-9999 -9999 -9999 -9999 -9999 -9999 -9999 -9999 -9999 -9999 -9999 -9999 -9999 -9999 -9999 -9999 -9999 1.41896697878838 1.24047070741653 1.40151670575142 1.52108699083328 1.56152325868607 1.58852398395538 1.54957205057144 1.40185198187828 1.38523122668266 1.33781477808952 1.25237703323364 1.17857471108437 1.1236612200737 1.19464722275734 0.992490023374557 1.01305425167084 0.944609999656677 0.899945229291916 0.898324459791183 0.855566293001175 0.88740599155426 1.07894924283028 1.15210354328156 1.35068097710609 1.09074595570564 1.12383225560188 1.05819448828697 1.1538704931736 1.3474694788456 1.58655452728271 1.86242991685867 1.94655373692513 1.39301837682724 1.91574074327946 -9999 -9999 -9999 -9999 -9999 -9999 -9999 -9999 -9999 -9999 -9999
-9999 -9999 -9999 -9999 -9999 -9999 -9999 -9999 -9999 -9999 -9999 -9999 -9999 -9999 1.46373295783997 1.2466244995594 1.31216624379158 1.31583300232887 1.23490798473358 1.24820101261139 1.24400621652603 1.24773824214935 1.25197273492813 1.22195702791214 1.19163751602173 1.21042129397392 1.2389332652092 1.0988430082798 0.969624727964401 0.972621738910675 0.982832998037338 1.23294147849083 0.964770019054413 0.891974955797195 0.951446235179901 0.922186464071274 0.945387750864029 1.03815749287605 1.21907097101212 2.37039220333099 1.80381381511688 1.40931004285812 1.34618845582008 1.35916051268578 1.32755175232887 1.373664021492 1.67927026748657 2.12327241897583 1.86239925026894 1.57375279068947 1.40957254171371 2.12706595659256 -9999 -9999 -9999 -9999 -9999 -9999 -9999 -9999 -9999 -9999
-9999 -9999 -9999 -9999 -9999 -9999 -9999 -9999 -9999 -9999 -9999 3.53949849128723 1.26360753178596 1.395731985569 1.21616846323013 1.15435123443604 1.16800045967102 1.23745948076248 1.22235900163651 1.23196050524712 1.12479820847511 1.31153324246407 1.25832599401474 1.11495673656464 1.08196046948433 1.05339977145195 0.992610722780228 1.00277101993561 1.10981476306915 1.14867675304413 1.09759202599525 1.16706222295761 0.933873027563095 0.916503757238388 0.963479250669479 1.04018551111221 1.25854647159576 1.31638723611832 1.6044659614563 2.12009704113007 1.97895383834839 1.34333172440529 1.35696378350258 1.38155472278595 1.16973745822906 1.34776425361633 1.34691971540451 1.39463621377945 1.79700529575348 1.94108927249908 1.51073886752129 -9999 -9999 -9999 -9999 -9999 7.09794397506603 7.68672444820404 8.94773054122925 10.5068171024323 5.9720018863678 -9999
-9999 -9999 -9999 -9999 -9999 -9999 -9999 -9999 -9999 1.48839971423149 1.17402744080339 1.38383254408836 1.40238672494888 1.27045127749443 1.17559352517128 1.13161799311638 1.22277072072029 1.229099214077 1.39054951071739 1.26605701446533 1.23260021209717 1.13958978652954 0.897462755441666 0.875378251075745 0.902305483818054 0.858280509710312 0.893550753593445 1.04974427819252 1.15703773498535 1.03103175759315 0.961178988218307 1.0396132171154 0.877167016267776 1.01709222793579 1.24778777360916 1.38513073325157 1.49102175235748 1.53024744987488 1.44555446505547 1.39401376247406 1.22765547037125 1.26500853896141 1.23686546087265 1.30613628029823 1.27729725837708 1.19997221231461 1.26911553740501 1.25827798247337 1.3876927793026 1.86735373735428 1.8432959318161 1.66025394201279 1.87871625423431 7.49957509698539 2.55989659258297 2.63200199604034 3.29985594749451 2.37094581127167 2.82147824764252 2.81579482555389 2.89395672082901 -9999
-9999 -9999 -9999 -9999 -9999 1.42123576998711 1.42178928852081 1.78483432531357 1.33243802189827 1.35367879271507 1.29453447461128 1.2358470261097 1.26273223757744 1.28527128696442 1.21533223986626 1.23631426692009 1.04356124997139 0.893436759710312 0.97154626250267 1.05089700222015 1.21356153488159 1.03437897562981 0.810663789510727 0.762817472219467 0.785074532032013 0.927454501390457 1.00482979416847 1.32336527109146 1.20430952310562 1.0378350019455 1.05122476816177 1.06782227754593 1.00418624281883 1.28243252635002 1.32573822140694 1.35251247882843 1.56488102674484 1.46749198436737 1.43061599135399 1.20704475045204 1.18229922652245 1.15024870634079 1.31921848654747 1.38951453566551 1.39148023724556 1.31364449858665 1.27168875932693 1.22501251101494 1.2705172598362 1.34977877140045 1.53252750635147 1.64738470315933 1.69025105237961 1.76438319683075 1.66267651319504 1.6386975646019 1.64864319562912 1.69063729047775 1.78086304664612 1.9582251906395 2.06592679023743 2.35228192806244
-9999 -9999 -9999 -9999 -9999 1.33804875612259 1.2080460190773 1.1558940410614 1.34192624688148 1.41543897986412 1.26242020726204 1.20157197117805 1.23112052679062 1.22370600700378 1.48486277461052 1.20258003473282 0.875627249479294 0.74616976082325 0.893952012062073 1.22041726112366 1.04119724035263 0.899860471487045 0.855713278055191 0.763631254434586 0.691098734736443 0.804421484470367 1.032325476408 1.19395950436592 0.945543766021729 0.793011009693146 0.892730265855789 0.934705495834351 0.89309173822403 0.921591013669968 0.906695276498795 1.07618701457977 1.43098050355911 1.41548171639442 1.26312902569771 1.18886402249336 1.25252178311348 1.27203378081322 1.27271622419357 1.3386442065239 1.29280051589012 1.25794270634651 1.10615703463554 1.07451000809669 1.05176550149918 1.0226055085659 1.15557897090912 1.17767027020454 1.20935100317001 1.33864572644234 1.54316693544388 1.55918473005295 1.45539745688438 1.37076598405838 1.45013925433159 1.63374155759811 1.77061343193054 1.82835227251053
-9999 -9999 -9999 -9999 -9999 1.1159879565239 1.15412253141403 1.3136400282383 1.2886957526207 0.984409511089325 0.915935218334198 1.24202924966812 1.04097077250481 1.15605676174164 1.39606422185898 1.23049798607826 1.14102074503899 0.932539477944374 0.988985985517502 0.685674011707306 0.761574000120163 0.796911746263504 0.780177712440491 0.749195247888565 0.715364992618561 0.783108025789261 0.983420222997665 1.01631447672844 0.957327783107758 0.856136977672577 0.904007971286774 0.925941735506058 0.981512993574142 1.20489227771759 1.71035850048065 1.42480203509331 1.55954843759537 1.5384938120842 1.27947601675987 1.15192052721977 1.19231852889061 1.21977603435516 1.20905926823616 1.18548828363419 1.22673672437668 1.34071576595306 1.07100820541382 1.0468837916851 1.03970101475716 1.03444424271584 0.933197289705276 0.941276997327805 0.998241037130356 1.02860704064369 0.951463490724564 0.958602726459503 0.919825494289398 0.977545469999313 1.0774410367012 1.46263870596886 1.53513300418854 1.67070668935776
-9999 -9999 -9999 -9999 -9999 1.24095448851585 1.32449027895927 1.18296074867249 0.862573474645615 0.8697389960289 0.938662469387054 0.828127473592758 0.963387787342072 1.45318347215652 1.24617826938629 1.00214847922325 0.659412771463394 0.578859731554985 0.576605245471001 0.682109981775284 0.867911249399185 0.921541482210159 0.958166241645813 0.803302466869354 0.878507226705551 0.894386261701584 0.903028517961502 0.989743530750275 0.985625267028809 0.935681998729706 0.90777450799942 1.2848729789257 2.69619905948639 2.29151773452759 1.67402172088623 1.62558442354202 1.49814972281456 1.34179875254631 1.27877774834633 1.03283250331879 1.10640004277229 1.21286621689796 1.25147849321365 1.32643800973892 1.19892972707748 1.19358596205711 1.09740373492241 0.974679708480835 0.960582733154297 0.930262506008148 0.888911247253418 0.853698760271072 0.847998708486557 0.821910738945007 1.02073574066162 0.943635016679764 0.933977276086807 0.970856219530106 1.04563799500465 1.1236680150032 1.28282171487808 1.50396376848221
-9999 -9999 -9999 -9999 -9999 1.15309497714043 1.1672520339489 1.12870797514915 1.06621876358986 1.09114953875542 1.03576353192329 0.793787956237793 0.931252509355545 0.806310027837753 0.69378300011158 0.720344245433807 0.578640013933182 0.599559769034386 0.586286991834641 0.626546993851662 0.798320978879929 0.814665734767914 0.870803207159042 0.82260525226593 0.820028990507126 0.830832749605179 0.823793292045593 0.840593218803406 0.887934029102325 1.00976550579071 1.04491648077965 1.00079923868179 1.29295054078102 1.37821573019028 1.42036646604538 1.51781916618347 1.82175832986832 1.18660953640938 1.18634328246117 1.15904322266579 0.969369739294052 1.13576254248619 1.29964649677277 1.38536775112152 1.27536526322365 1.2807052731514 1.36017376184464 1.28206273913383 0.876713275909424 0.915237754583359 0.933794260025024 0.885651022195816 0.928058981895447 0.93333300948143 0.972751468420029 0.985090523958206 1.05408900976181 1.09370550513268 1.10231924057007 1.35700500011444 2.24426168203354 2.12786471843719
