EcologicalScience/Bass/data/rs_data_bass/chl_397.asc
NCOLS 226 
NROWS 124 
XLLCORNER -9.41648524995501 
YLLCORNER 47.587301625531 
CELLSIZE 0.0833 
NODATA_value -9999 
[rows 54 to 80 of 124, columns 122 to 182 of 226]
3.83973598480225 6.75270867347717 5.81109917163849 5.53111410140991 3.53862690925598 3.2976930141449 2.63376152515411 2.68218666315079 2.83083379268646 1.69763624668121 1.45311596989632 1.30137822031975 1.32134547829628 1.28208303451538 1.08315673470497 1.11039152741432 1.18870729207993 1.31205600500107 1.17693820595741 1.1828730404377 1.24891573190689 1.30822125077248 1.43111550807953 1.57818979024887 1.67607074975967 1.71714520454407 1.62567222118378 1.75064474344254 1.75367170572281 1.66164368391037 1.66890603303909 1.58517819643021 1.6487227678299 1.70319002866745 1.90285795927048 2.18436527252197 2.23702883720398 2.10614848136902 2.1118905544281 2.20684951543808 2.07337582111359 1.88871592283249 1.72704076766968 1.35737478733063 1.17296621203423 1.29596096277237 1.56407850980759 2.08463698625565 2.4259620308876 2.6606302857399 3.70205247402191 4.51668226718903 4.58936941623688 4.89175103902817 4.93627989292145 7.41471433639526 17.8477592468262 12.6316080093384 11.0653581619263 7.45221161842346 7.92734039202332
3.73245584964752 4.90579569339752 6.87946200370789 6.11274433135986 4.26301717758179 3.80557429790497 3.60591602325439 2.65949177742004 2.48275870084763 1.97037523984909 1.54749083518982 1.19908502697945 1.31509646773338 1.21338522434235 1.23980775475502 0.907731771469116 1.11826425790787 1.24755227565765 1.19991901516914 1.23711821436882 1.26456221938133 1.42640027403831 1.5765683054924 1.68834453821182 1.69058704376221 1.68371021747589 1.64233499765396 1.50213003158569 1.53389328718185 1.5436447262764 1.3916257917881 1.49020653963089 1.6757265329361 1.84844541549683 1.82249093055725 1.69011604785919 1.51636952161789 1.96398371458054 2.23037481307983 2.37374550104141 2.35848820209503 1.92789083719254 1.34889677166939 1.1513557434082 1.23903071880341 1.80972594022751 2.42018777132034 2.9908686876297 3.33488416671753 3.88752365112305 5.06745207309723 4.62007427215576 4.31229436397552 6.68466067314148 6.59932279586792 8.65347290039062 27.6590995788574 16.4836790084839 10.5720698833466 -9999 -9999
4.40633618831635 4.85445606708527 5.00943732261658 5.67999744415283 4.20167469978333 4.17112576961517 3.49235308170319 2.92292708158493 2.2094954252243 1.66333955526352 1.54915201663971 1.48510497808456 1.45057421922684 1.3583662211895 1.40334749221802 1.1262015402317 1.05426076054573 1.0098052918911 1.16960021853447 1.42034322023392 1.40719351172447 1.52649146318436 1.56388056278229 1.58525919914246 1.61495393514633 1.56625199317932 1.58697527647018 1.46529749035835 1.39394778013229 1.29937800765038 1.34865751862526 1.48684796690941 1.5925800204277 1.47259801626205 1.2620775103569 1.11479929089546 1.08170628547668 1.24293297529221 1.84308224916458 1.7534174323082 1.49345397949219 1.23726600408554 1.10397827625275 1.26016572117805 2.07905924320221 3.09329402446747 3.77800333499908 4.49684035778046 4.13845431804657 3.09434270858765 4.16090315580368 4.74055123329163 5.00673294067383 8.44821524620056 11.3765137195587 7.43290203809738 -9999 -9999 -9999 -9999 -9999
4.74955415725708 4.8315292596817 5.77645862102509 5.07759439945221 3.84876143932343 3.16605591773987 3.07462871074677 2.90877896547318 2.0918624997139 1.88677507638931 2.01332849264145 1.87866228818893 1.5976710319519 1.56530928611755 1.37045699357986 1.27921423316002 1.04755800962448 1.19884121417999 1.25873699784279 1.46923425793648 1.52245652675629 1.51206743717194 1.56087970733643 1.60659742355347 1.65839856863022 1.62511503696442 1.48879578709602 1.43895301222801 1.29262053966522 1.2199079990387 1.25600096583366 1.29283645749092 1.2530415058136 1.13535672426224 0.930554240942001 0.847738534212112 0.821219265460968 0.858096778392792 0.985559284687042 1.0171169936657 0.92036846280098 0.989720284938812 1.17124271392822 1.86909002065659 2.83814030885696 5.08270955085754 4.15172016620636 4.72027945518494 4.39685010910034 5.66713936539257 8.15175747871399 7.46606683731079 7.54344749450684 7.83792328834534 9.75126171112061 -9999 -9999 -9999 -9999 -9999 -9999
5.82518541812897 4.60916697978973 5.37848174571991 5.17804884910583 5.31303441524506 4.52667510509491 3.88048267364502 3.09967195987701 2.55788397789001 2.66687697172165 2.42624026536942 1.87888491153717 1.79920274019241 1.35738149285316 1.29778504371643 1.32057970762253 1.41458398103714 1.36549651622772 1.50202041864395 1.59781873226166 1.55944722890854 1.5847379565239 1.60326218605042 1.63940477371216 1.5596564412117 1.51127403974533 1.38753899931908 1.29634952545166 1.19678923487663 1.19837325811386 1.26588302850723 1.25000470876694 1.2186007797718 1.07970526814461 0.992312282323837 0.883769273757935 0.854152500629425 0.841931283473969 0.836090236902237 0.84994500875473 0.932769745588303 1.13949000835419 1.30867499113083 2.42601907253265 5.46360898017883 4.71332931518555 5.95130932331085 3.96655261516571 8.42171859741211 9.89824104309082 9.0151104927063 8.72177052497864 8.57413601875305 19.1818113327026 34.7557640075684 -9999 -9999 -9999 -9999 -9999 -9999
3.04876083650879 7.05622740795738 5.59715982801036 8.32099556922913 7.64352893829346 6.64042496681213 4.5404931306839 4.3512943983078 4.76278281211853 3.19603586196899 2.35230231285095 2.31014621257782 2.03986716270447 1.4949637055397 1.55029946565628 1.6406489610672 1.63486272096634 1.51980829238892 1.55249404907227 1.66033655405045 1.61112892627716 1.62589806318283 1.63834941387177 1.51064783334732 1.44059774279594 1.23597228527069 1.25946825742722 1.08739346265793 1.09270271658897 1.14444977045059 1.23392173647881 1.23813977837563 1.173723757267 0.988608777523041 0.930273771286011 0.97308674454689 0.95259153842926 0.831533253192902 0.754709959030151 0.743438243865967 0.799578756093979 0.919082969427109 1.75938445329666 3.08466732501984 8.8368923664093 7.6507773399353 7.03642058372498 -9999 6.59120463047709 4.79769319295883 10.0985713005066 10.5545289516449 53.7755012512207 41.9690866470337 46.7107429504395 58.0444164276123 -9999 -9999 -9999 -9999 -9999
-9999 -9999 -9999 -9999 -9999 -9999 -9999 2.28387522697449 6.57757616043091 5.5929890871048 3.18365693092346 2.45080196857452 2.4841223359108 2.0391052365303 1.86592054367065 1.96233683824539 1.99807727336884 1.76140129566193 1.39352703094482 1.39668452739716 1.56277656555176 1.53309971094131 1.49290198087692 1.36800822615623 1.22814372181892 1.08306303620338 1.04703971743584 1.05005702376366 1.18923300504684 1.20121800899506 1.18565100431442 0.987818956375122 1.1143199801445 1.05705150961876 0.905569463968277 0.804114013910294 0.832922279834747 0.762926995754242 0.803732961416245 0.868161767721176 0.978660017251968 1.08659023046494 4.46293115615845 5.02506530284882 3.75905478000641 5.60298228263855 4.54357588291168 13.2692019175557 -9999 -9999 -9999 -9999 53.3880214691162 49.7604103088379 52.8625946044922 57.4031047609117 -9999 -9999 -9999 -9999 -9999
-9999 -9999 -9999 -9999 -9999 -9999 -9999 -9999 -9999 -9999 4.37088060379028 3.35649132728577 2.45339924097061 2.01506996154785 1.89287853240967 2.10775655508041 2.3279669880867 1.78350216150284 1.47939679026604 1.32142353057861 1.25356498360634 1.22722953557968 1.28059726953506 1.121397793293 1.0405245423317 0.978477716445923 1.00734150409698 1.18786650896072 1.24674600362778 1.25779348611832 1.10077875852585 0.931111514568329 0.916685253381729 0.868409246206284 0.736722752451897 0.715401738882065 0.770834237337112 0.776453286409378 0.852647960186005 0.941424787044525 0.973558455705643 1.14006677269936 1.82597404718399 3.00993382930756 7.9896297454834 14.3359951972961 14.2901862859726 29.0682649612427 -9999 -9999 -9999 -9999 17.548882484436 26.7282024897062 40.4122703075409 39.8172931671143 32.2172411441803 38.6025420702421 -9999 -9999 -9999
-9999 -9999 -9999 -9999 -9999 -9999 -9999 -9999 -9999 -9999 -9999 -9999 2.59289628267288 2.28039747476578 2.35742926597595 2.40607416629791 2.62790930271149 1.83254474401474 1.6231244802475 1.37139227986336 1.17817273736 1.12782150506973 0.969355523586273 0.926295787096024 1.03666797280312 1.02982878684998 1.05351975560188 1.16682448983192 1.17063975334167 1.06987953186035 0.991251021623611 0.869735956192017 0.851821482181549 0.847507506608963 0.742281764745712 0.700148239731789 0.751810491085052 0.774134963750839 0.831722974777222 0.913773715496063 0.899502038955688 1.17065101861954 1.38403272628784 4.04631435871124 11.0227746963501 7.34501481056213 11.2971755879597 -9999 -9999 -9999 -9999 -9999 -9999 -9999 9.11761176004642 39.4632203578949 32.1343460083008 45.4608372688294 10.8786277770996 -9999 -9999
-9999 -9999 -9999 -9999 -9999 -9999 -9999 -9999 -9999 -9999 -9999 4.3704868555069 2.7559477686882 2.74152892827988 2.61065858602524 2.79764091968536 2.70133942365646 2.09474766254425 1.65496426820755 1.37528479099274 1.21349403262138 1.00136920809746 0.944596499204636 0.911999255418777 0.916964292526245 1.00826096534729 1.02943950891495 1.01907151937485 0.983915984630585 0.921846717596054 0.903616458177567 0.832010239362717 0.81571501493454 0.779076039791107 0.677384242415428 0.71841225028038 0.693172484636307 0.690036758780479 0.717244505882263 0.947790026664734 1.31857126951218 1.53347253799438 1.98570817708969 2.62113976478577 7.53126311302185 7.74971294403076 15.3558672701271 33.0447750091553 -9999 -9999 -9999 14.4872717857361 13.0726447105408 12.0287847518921 10.4178249835968 13.9320931434631 32.5630919138591 41.4060544967651 15.8399584381669 -9999 -9999
-9999 -9999 -9999 -9999 -9999 -9999 -9999 -9999 -9999 -9999 -9999 -9999 3.30936992168427 3.07252192497253 2.81711179018021 2.59124851226807 2.41181927919388 2.07141441106796 1.75935906171799 1.51688325405121 1.34812796115875 1.07493299245834 1.03986901044846 0.974264234304428 0.925888538360596 0.975592464208603 0.973505973815918 0.977560490369797 1.00697699189186 0.978722244501114 0.887394726276398 0.824844002723694 0.780315756797791 0.708579763770103 0.648722246289253 0.684239253401756 0.760329723358154 0.740547001361847 0.911718785762787 1.48751628398895 2.15841150283813 2.552669942379 3.11552309989929 6.80701303482056 11.5819401741028 13.9316825866699 7.84712115769247 -9999 -9999 -9999 -9999 -9999 12.6661047935486 12.8760867118835 12.1413159370422 11.186464548111 12.9371581077576 -9999 -9999 -9999 -9999
-9999 -9999 -9999 -9999 -9999 -9999 -9999 -9999 -9999 -9999 -9999 3.67937564849854 3.14178371429443 2.91157722473145 2.70498079061508 2.48666542768478 2.04734408855438 1.84567648172379 1.53345143795013 1.38875100016594 1.25558325648308 1.05835273861885 1.02444675564766 0.95763748884201 0.855603039264679 0.850113719701767 0.937052965164185 1.09700775146484 1.15090271830559 1.07663851976395 0.974229723215103 0.925693541765213 0.857659488916397 0.76640322804451 0.720964506268501 1.06131262332201 0.71977499127388 0.866471976041794 1.07910677790642 1.92616206407547 2.69246917963028 2.88957595825195 3.50962257385254 6.86809945106506 12.7136507034302 6.38721032512998 3.86466658115387 -9999 -9999 -9999 -9999 -9999 12.1720994710922 13.4730434417725 14.1740999221802 18.0583291386449 -9999 -9999 -9999 -9999 -9999
-9999 -9999 -9999 -9999 -9999 -9999 -9999 -9999 -9999 -9999 -9999 3.39923107624054 2.99074566364288 2.70215320587158 2.51504480838776 2.24572420120239 1.69325333833694 1.68907499313354 1.35406351089478 1.20955422520638 1.06940925121307 1.00559923052788 0.910432487726212 0.827319771051407 0.768114030361176 0.885294735431671 1.04519328474998 1.1425244808197 1.16732329130173 1.0716952085495 1.03624945878983 0.991339534521103 0.920969992876053 0.844912469387054 1.39259254932404 1.31396962702274 1.00629076361656 1.07072550058365 1.39115998148918 2.11975121498108 3.57390975952148 4.05877196788788 3.96058130264282 7.17474246025085 10.7839794158936 8.72138259943249 3.86466693878174 -9999 -9999 -9999 -9999 12.1949715614319 -9999 -9999 -9999 -9999 -9999 -9999 -9999 -9999 -9999
-9999 -9999 -9999 -9999 -9999 -9999 -9999 -9999 -9999 -9999 -9999 3.36921751499176 3.04374539852142 2.75048857927322 2.48665791749954 2.06732332706451 1.7902724146843 1.57067620754242 1.31867775321007 1.19221875071526 1.07632729411125 1.00704753398895 0.845306217670441 0.738641247153282 0.772370964288712 1.02497997879982 1.11598500609398 1.07835897803307 1.04869651794434 0.979268252849579 0.978653222322464 0.881689488887787 0.870693773031235 1.02582600712776 0.913574248552322 0.925300508737564 1.18459948897362 1.41274872422218 2.20583617687225 6.04868388175964 9.83231377601624 7.86692404747009 9.71798300743103 21.2566323280334 8.0914358672811 -9999 -9999 -9999 -9999 -9999 -9999 -9999 -9999 -9999 -9999 -9999 -9999 -9999 -9999 -9999 -9999
-9999 -9999 -9999 -9999 -9999 -9999 -9999 -9999 -9999 -9999 20.4525630405971 3.25153648853302 3.06883800029755 2.84618103504181 2.51744627952576 2.01552754640579 1.83140552043915 1.61377876996994 1.37079450488091 1.16372475028038 0.938914507627487 0.871620029211044 0.786954760551453 0.78083547949791 0.972459018230438 0.996846735477448 1.00986152887344 0.971135973930359 0.888398230075836 0.907475262880325 0.935243278741837 0.96000748872757 0.951853483915329 0.853887766599655 0.862025231122971 1.16339027881622 1.42889928817749 1.70848953723907 3.12973201274872 4.3021627664566 5.2422616481781 9.40650343894958 16.6279077529907 8.36290888708146 13.3472889230912 -9999 -9999 -9999 -9999 -9999 -9999 -9999 -9999 -9999 -9999 -9999 -9999 -9999 -9999 -9999 -9999
-9999 -9999 -9999 -9999 -9999 -9999 -9999 -9999 -9999 3.28386068344116 3.34916031360626 3.11454597115517 3.00925120711327 2.6660572886467 2.54167574644089 2.12073969841003 1.83240741491318 1.61987257003784 1.31160753965378 1.0220887362957 0.864331483840942 0.853064239025116 0.824096292257309 0.815157026052475 0.844386041164398 0.795820534229279 0.762539237737656 0.714898511767387 0.728150993585587 0.734669253230095 0.703663498163223 0.72596400976181 0.795410245656967 0.879446983337402 0.993811458349228 1.44336301088333 2.250383913517 3.70179390907288 3.95213484764099 5.10240519046783 7.19936585426331 9.66293048858643 19.536537686598 5.69786846637726 3.25656187534332 -9999 -9999 -9999 -9999 -9999 -9999 -9999 -9999 -9999 -9999 -9999 -9999 -9999 -9999 -9999 -9999
-9999 -9999 -9999 -9999 -9999 -9999 -9999 -9999 3.53511357307434 3.51802289485931 3.32280457019806 3.14493906497955 3.0556515455246 2.74478477239609 2.63570630550385 2.01662474870682 1.65684449672699 1.30674746632576 1.08429148793221 0.824786961078644 0.837953209877014 0.793742269277573 0.748354509472847 0.713232010602951 0.742234513163567 0.704152509570122 0.68027101457119 0.662558242678642 0.645754516124725 0.640853986144066 0.641788512468338 0.668946012854576 0.792191237211227 0.951810747385025 1.05678525567055 1.40231546759605 2.22104930877686 4.8953400850296 5.86963212490082 6.99818158149719 9.40384268760681 -9999 -9999 -9999 -9999 -9999 -9999 -9999 -9999 -9999 -9999 -9999 -9999 -9999 -9999 -9999 -9999 -9999 -9999 -9999 -9999
-9999 -9999 -9999 -9999 -9999 -9999 3.39827036857605 3.23228538036346 3.23562669754028 3.08765709400177 2.96036177873611 2.92041528224945 2.75641268491745 2.59433627128601 2.34494018554688 1.8240675330162 1.41527777910233 1.09875378012657 0.901728004217148 0.804316520690918 0.817671775817871 0.796757966279984 0.742584764957428 0.781718999147415 0.764162957668304 0.750864744186401 0.731459230184555 0.689028739929199 0.649603486061096 0.657846003770828 0.752327978610992 0.882693707942963 1.51165491342545 1.89907872676849 2.32628256082535 2.66863203048706 4.53519809246063 5.07783079147339 4.61967158317566 4.36977154558355 -9999 -9999 -9999 -9999 -9999 -9999 -9999 -9999 -9999 -9999 -9999 -9999 -9999 -9999 -9999 -9999 -9999 -9999 -9999 -9999 -9999
-9999 -9999 -9999 -9999 -9999 -9999 3.71758890151978 3.94352924823761 3.08446490764618 2.923191010952 2.6347079873085 2.4926723241806 2.28608018159866 2.21743655204773 1.61672258377075 1.39481770992279 1.06596520543098 0.965624213218689 0.899472713470459 0.846386969089508 0.816147744655609 0.808242738246918 0.822111010551453 0.791586756706238 0.798349499702454 0.766836762428284 0.722121745347977 0.724471494555473 0.695774987339973 0.766418248414993 0.999756038188934 1.80265045166016 3.0377436876297 3.89657986164093 4.8686774969101 5.43325889110565 6.03218007087708 6.85713171958923 5.74607634544373 -9999 -9999 -9999 -9999 -9999 -9999 -9999 -9999 -9999 -9999 -9999 -9999 -9999 -9999 -9999 -9999 -9999 -9999 -9999 -9999 -9999 -9999
-9999 -9999 -9999 56.0170975157668 3.10949099063873 3.55221748352051 3.10979461669922 3.23860859870911 2.85988283157349 2.79819077253342 2.51817673444748 2.16413855552673 1.76595604419708 1.46056053042412 1.21802321076393 0.995397716760635 1.00002971291542 1.02380177378654 0.996392279863358 0.968870222568512 0.936505526304245 0.852288007736206 0.813567727804184 0.949380040168762 0.886857032775879 0.835173010826111 0.779188513755798 0.957683980464935 1.2975577712059 1.61024844646454 2.07568717002869 3.60937643051147 4.66730189323425 5.30812418460846 5.78196895122528 6.00255703926086 6.20419263839722 47.1286759325799 -9999 -9999 -9999 -9999 -9999 -9999 -9999 -9999 -9999 -9999 -9999 -9999 -9999 -9999 -9999 -9999 -9999 -9999 -9999 -9999 -9999 -9999 -9999
-9999 -9999 3.39111149311066 3.43790173530579 3.36218547821045 3.23356711864471 2.87012994289398 2.75490742921829 2.60787981748581 2.91413766145706 2.44189202785492 2.23930943012238 1.57373017072678 1.24819421768188 0.920726984739304 0.937148988246918 1.00592029094696 0.983144223690033 1.117501527071 0.998303979635239 0.893801271915436 0.950611531734467 1.03261497616768 0.986650496721268 0.994527786970139 0.977369964122772 1.57237583398819 2.38786268234253 3.13818597793579 3.71714544296265 4.10433447360992 5.49742126464844 6.15350246429443 6.22075867652893 5.44536530971527 -9999 -9999 -9999 -9999 -9999 -9999 -9999 -9999 -9999 -9999 -9999 -9999 -9999 -9999 -9999 -9999 -9999 -9999 -9999 -9999 -9999 -9999 -9999 -9999 -9999 -9999
-9999 -9999 3.38442528247833 3.11202013492584 2.97826945781708 2.81635129451752 2.87234473228455 2.76011770963669 2.71251833438873 1.9205310344696 1.94764870405197 1.63630950450897 1.25433379411697 1.14461848139763 1.05331948399544 1.07022070884705 1.03898996114731 1.07329577207565 1.18715697526932 1.188336789608 1.08074775338173 1.05949500203133 1.22699323296547 1.25494953989983 1.29027450084686 1.55655598640442 4.30941152572632 4.87863671779633 5.41907250881195 5.63190150260925 6.17261409759521 6.58179688453674 6.7381010055542 5.98179602622986 5.60513234138489 3.566951077718 3.88320837990712 7.59072008999911 -9999 -9999 -9999 -9999 -9999 -9999 -9999 -9999 -9999 -9999 -9999 -9999 -9999 -9999 -9999 -9999 -9999 -9999 -9999 -9999 -9999 -9999 -9999
5.21584726585431 3.13203299045563 2.93204551935196 2.78980278968811 2.79541647434235 3.0804830789566 2.60306704044342 2.43217420578003 1.85576033592224 1.73259973526001 1.66526627540588 1.36524751782417 1.31204921007156 1.14734852313995 1.19467878341675 1.28919678926468 1.23233100771904 1.25814521312714 1.20132824778557 1.12707898020744 1.24952021241188 1.27072727680206 1.3442400097847 1.61216175556183 2.60234391689301 4.31771564483643 5.76810085773468 5.56586480140686 5.96477401256561 6.24623250961304 7.51450610160828 6.61614632606506 6.19243294975974 -9999 -9999 -9999 -9999 -9999 -9999 -9999 -9999 -9999 -9999 -9999 -9999 -9999 -9999 -9999 -9999 -9999 -9999 -9999 -9999 -9999 -9999 -9999 -9999 -9999 -9999 -9999 -9999
3.36988735198975 2.99275428056717 2.93099766969681 2.93135100603104 3.1434577703476 2.72812807559967 2.73499274253845 2.80488967895508 2.70830243825912 2.42799603939056 2.2680276632309 1.72256183624268 1.31410574913025 1.19700595736504 1.3102665245533 1.29887849092484 1.46868896484375 1.50906676054001 1.55682528018951 1.27608454227448 1.25255924463272 1.57379168272018 2.8300296664238 3.97776210308075 5.33891308307648 6.42239356040955 7.41543674468994 7.1897656917572 7.19403004646301 7.31411576271057 9.29500651359558 7.93210744857788 8.4390721321106 8.30211925506592 -9999 -9999 -9999 -9999 -9999 -9999 53.9902954101562 12.6942715644836 -9999 -9999 -9999 -9999 -9999 -9999 -9999 -9999 -9999 -9999 -9999 -9999 -9999 -9999 -9999 -9999 -9999 -9999 -9999
-9999 -9999 3.1548718214035 3.23920869827271 3.29535663127899 3.10450422763824 2.92602896690369 4.6010046345847 3.28781032562256 2.514632999897 2.4358132481575 1.62548017501831 1.32436653971672 1.22234773635864 1.3088144659996 1.38765004277229 1.48780801892281 1.53580123186111 1.45849049091339 1.41961053013802 1.53039532899857 2.79410254955292 3.83528995513916 6.25865149497986 7.09923148155212 6.56767272949219 6.53338050842285 6.75281596183777 6.98815083503723 7.60214710235596 8.05498695373535 6.34293365478516 4.7155508394659 3.42093944549561 -9999 -9999 -9999 -9999 -9999 -9999 -9999 -9999 -9999 -9999 -9999 -9999 -9999 -9999 -9999 -9999 -9999 -9999 -9999 -9999 -9999 -9999 -9999 -9999 -9999 -9999 -9999
-9999 -9999 -9999 -9999 -9999 -9999 -9999 5.20901422567301 2.71503067016602 2.66840100288391 2.01388800144196 1.41397798061371 1.39144653081894 1.66394394636154 1.59361946582794 1.75473600625992 1.66075426340103 1.48331478238106 1.57668900489807 1.80059766769409 2.00074875354767 2.4070560336113 4.84633648395538 8.24513339996338 10.1935207843781 7.66508030891418 6.78439021110535 5.00392270088196 -9999 -9999 -9999 -9999 -9999 -9999 -9999 -9999 -9999 -9999 -9999 -9999 -9999 -9999 -9999 -9999 -9999 -9999 -9999 -9999 -9999 -9999 -9999 -9999 -9999 -9999 -9999 -9999 -9999 -9999 -9999 -9999 -9999
-9999 -9999 -9999 -9999 -9999 -9999 -9999 -9999 2.72366327047348 2.2227269411087 1.48380598425865 1.4806079864502 1.61796891689301 1.76297700405121 1.7605327963829 1.69981956481934 1.69692367315292 2.02572745084763 2.51631742715836 2.272296667099 2.40570455789566 3.54054307937622 6.05030536651611 7.70372200012207 12.4144263267517 4.96663474777471 -9999 -9999 -9999 -9999 -9999 -9999 -9999 -9999 -9999 -9999 -9999 -9999 -9999 -9999 -9999 -9999 -9999 -9999 -9999 -9999 -9999 -9999 -9999 -9999 -9999 -9999 -9999 -9999 -9999 -9999 -9999 -9999 -9999 -9999 -9999
