EcologicalScience/Bass/data/rs_data_bass/chl_180.asc
NCOLS 226 
NROWS 124 
XLLCORNER -9.41648524995501 
YLLCORNER 47.587301625531 
CELLSIZE 0.0833 
NODATA_value -9999 
[rows 81 to 107 of 124, columns 62 to 123 of 226]
3.85158455371857 5.97498106956482 7.6620512008667 7.66205191612244 -9999 -9999 -9999 -9999 -9999 -9999 -9999 -9999 -9999 -9999 -9999 -9999 -9999 -9999 -9999 -9999 -9999 -9999 -9999 -9999 -9999 -9999 -9999 -9999 -9999 -9999 -9999 -9999 -9999 -9999 -9999 -9999 -9999 -9999 -9999 -9999 -9999 -9999 -9999 -9999 -9999 -9999 -9999 -9999 -9999 -9999 -9999 -9999 -9999 -9999 -9999 -9999 -9999 -9999 -9999 -9999 -9999 -9999
2.95162525541574 -9999 -9999 -9999 -9999 -9999 -9999 -9999 -9999 -9999 -9999 -9999 -9999 -9999 -9999 -9999 -9999 -9999 -9999 -9999 -9999 -9999 -9999 -9999 -9999 -9999 -9999 -9999 -9999 -9999 -9999 -9999 -9999 -9999 -9999 -9999 -9999 -9999 -9999 -9999 -9999 -9999 -9999 -9999 -9999 -9999 -9999 -9999 -9999 -9999 -9999 -9999 -9999 -9999 -9999 -9999 -9999 -9999 -9999 -9999 -9999 -9999
-9999 -9999 -9999 -9999 -9999 -9999 -9999 -9999 -9999 -9999 -9999 -9999 -9999 -9999 -9999 -9999 -9999 -9999 -9999 -9999 -9999 -9999 -9999 -9999 -9999 -9999 -9999 -9999 -9999 -9999 -9999 -9999 -9999 -9999 -9999 -9999 -9999 -9999 -9999 -9999 -9999 -9999 -9999 -9999 -9999 -9999 -9999 -9999 -9999 -9999 -9999 -9999 -9999 -9999 -9999 -9999 -9999 -9999 -9999 -9999 -9999 -9999
-9999 -9999 -9999 -9999 -9999 -9999 -9999 -9999 -9999 -9999 -9999 -9999 -9999 -9999 -9999 -9999 -9999 -9999 -9999 -9999 -9999 -9999 -9999 -9999 -9999 -9999 -9999 -9999 -9999 -9999 -9999 -9999 -9999 -9999 -9999 -9999 -9999 -9999 -9999 -9999 -9999 -9999 -9999 -9999 -9999 -9999 -9999 -9999 -9999 -9999 -9999 -9999 -9999 -9999 -9999 -9999 -9999 2.80870891171832 3.11457595825195 2.36718875169754 2.49125412335763 2.51596316099167
-9999 -9999 -9999 -9999 -9999 -9999 -9999 -9999 -9999 -9999 -9999 -9999 -9999 -9999 -9999 -9999 -9999 -9999 -9999 -9999 -9999 -9999 -9999 -9999 -9999 -9999 -9999 -9999 -9999 -9999 -9999 -9999 -9999 -9999 -9999 -9999 37.1749906539917 -9999 3.79151635510581 3.1497195661068 -9999 -9999 2.57618030905724 2.03824034546103 2.40378096699715 2.07055467367172 1.96670660376549 2.45500536398454 2.20883738994598 2.19331781566143 1.87447634339333 2.3540132512217 -9999 -9999 -9999 2.65524744987488 3.58931658267975 3.18690429925919 2.17172849178314 2.10345500707626 2.26387778520584 1.7660001039505
-9999 -9999 -9999 -9999 -9999 -9999 -9999 -9999 -9999 -9999 -9999 -9999 -9999 7.11063013022596 1.97804756959279 1.29866820573807 1.6831005692482 1.57276395559311 1.12509450316429 -9999 -9999 -9999 -9999 -9999 -9999 -9999 -9999 -9999 1.84163344990123 1.74458495053378 2.73616844415665 2.21009422838688 -9999 3.66949796676636 -9999 -9999 -9999 -9999 2.52877855300903 2.55065250396729 2.61979925632477 2.80099177360535 1.82170106470585 1.49221881411292 1.41232681274414 1.61723872206428 1.64160384373231 1.74280822277069 1.69729215990413 1.74001744118604 1.6911912560463 1.72341656684875 1.80415409803391 2.70246346430345 2.62579078674316 2.86673226356506 2.911614382267 2.662646484375 2.62429593801498 2.2773773431778 2.12100446820259 1.78750104904175
-9999 -9999 -9999 -9999 -9999 -9999 -9999 -9999 -9999 -9999 1.89669698476791 1.46945625543594 1.28172377496958 1.30875459584323 1.24941764636473 1.27372585643422 1.29292224753987 1.33574483611367 1.39346698197452 1.41363137960434 4.43860143375587 -9999 1.85694633345855 1.48814804987474 2.38118728606597 -9999 -9999 2.51137311183489 1.9032363132997 1.78786292943087 1.77864747697657 1.88527472994544 1.74671280384064 1.68294898420572 -9999 -9999 3.21065405436925 2.40778965950012 1.65179700201208 2.42847800254822 1.43860031799837 1.67123218774796 1.63380718231201 1.6013546705246 1.57979035377502 1.42926621437073 1.40174212306738 1.29119532555342 1.14165630665692 1.18149336901578 1.0643657960675 0.982393026351929 1.03210626678033 2.25621392726898 2.27947329282761 2.14072574973106 2.01712081432342 1.7738868534565 1.68718076348305 1.63219960927963 1.44664492607117 1.53257995247841
-9999 -9999 -9999 -9999 -9999 -9999 -9999 -9999 -9999 1.32428899136457 1.32369867779992 1.30132230845365 1.21886131167412 1.34378349781036 1.53332832455635 1.3933607339859 1.53782176971436 1.31435464187102 1.28696080229499 1.2763577374545 1.49292987585068 1.36990547180176 1.64608872478658 1.42153418605978 1.46346675265919 1.65041260827671 1.66252570802515 1.68553454225714 1.81501988931136 1.73398838801817 2.31011128425598 2.37428527528589 2.46019613742828 1.8751719864932 2.62999721548774 2.82956013354388 2.74419444257563 2.5209451155229 1.92663164572282 1.83506641062823 1.71819168871099 1.71280982494354 1.8287610411644 1.42321334643797 1.3666705922647 0.887954730879177 0.911005708304318 0.840907435525547 0.785935342311859 0.912377129901539 0.993128047748046 1.03567151589827 1.00559602813287 0.790629543364048 0.69278024001555 0.686535342173143 0.68370887095278 1.51070501804352 1.55503332316875 1.33420127928257 1.30828665196896 1.36423700451851
-9999 -9999 -9999 -9999 -9999 -9999 -9999 -9999 -9999 1.42211073637009 1.37001001834869 1.35195875167847 1.15907604190019 0.984317234971307 0.97783010114323 1.31073927879333 1.88054201602936 1.92990199327469 1.17325157468969 1.28881151025945 1.73069375753403 1.83750373125076 1.6885995593938 1.16551636023955 1.14445129849694 1.98688852787018 1.95736455917358 1.88838243484497 2.08327949047089 2.14478713274002 2.23696821928024 2.11828398704529 2.33123702352697 2.43184813044288 2.64107885143974 2.40370686487718 2.22309942678972 2.04571268775246 1.76929619095542 1.80495789918033 1.7558398084207 1.68983825228431 1.08989042856477 0.908569596030495 0.813534744761207 0.789865436879071 0.754704334519126 0.741331433708017 0.749758763746782 0.743982017040253 0.790769994258881 0.797957003116608 0.81092494726181 0.74401698329232 0.689535677433014 0.634319799867543 0.659045032479546 0.735395762053403 0.685196326537566 1.22685776352882 1.249479585886 1.36593661308289
-9999 -9999 -9999 -9999 -9999 -9999 -9999 -9999 1.46103377629971 1.25525200366974 1.27242675423622 1.28255900740623 0.949171014807441 0.895154552026229 0.889906281774694 0.903012058951638 2.03488642573357 1.82085599899292 0.933860169215636 0.98814148794521 1.48312246799469 1.58026030930606 1.6684938119008 1.69281282208183 1.59385505318642 1.55065304040909 1.48277503252029 1.63540291786194 1.52206785678864 1.67565874619917 1.89404873956334 1.70079505443573 1.76836723089218 1.76076016642831 1.92007146640257 2.09384556250139 2.0928490487012 2.02397242459384 1.65803295915777 1.57481878995895 1.50501711260189 1.44765202565627 1.61964598298073 1.53841897845268 1.43795499205589 1.47757422924042 0.748456679284573 0.730740185827017 0.730393499135971 0.744969010353088 0.655186916036265 0.670802059982504 0.682266156588282 0.628565181385387 0.751194790005684 0.749826416373253 1.04542979300022 0.997714537382126 1.02242067754269 1.0329737842083 1.20129538178444 1.24784863293171
0.912212826311588 0.772077765315771 0.976704678752206 0.970370120727099 -9999 -9999 -9999 3.5099711634896 1.80933294693629 1.3147679467996 1.31024359166622 1.32780389487743 1.92317967116833 0.822181456364118 0.77856138577828 0.829867132008076 0.795326627790928 0.837363221428611 0.851454718546434 0.873143271966414 0.897119757804004 0.889849435199391 0.884490828622471 1.23988636136055 1.24640649557114 1.15907675027847 0.995194701048044 1.18341438174248 1.19961077570915 1.22097811102867 1.06923777552751 1.09926996781276 1.2225349843502 1.26369678974152 1.29670825600624 1.38886174559593 1.55162129077044 1.67642511021007 1.58223044872284 1.56633992493153 1.52241332255877 0.757676236331463 0.635036319494247 0.61226624250412 0.607707168047245 0.609726190567017 0.664808612603408 0.641729373198289 0.618408294824453 0.552578997153502 0.583104048783963 0.590938911988185 0.600105629517482 0.679567515850067 0.881953041468348 0.885682946869305 0.96576079455289 0.931382542848587 0.932715725898743 0.93108703494072 0.984833711385727 1.04687907099724
0.706463634967804 0.712497912347317 0.795938269793987 0.846251857280731 1.17911401391029 1.15762384235859 1.07591631636024 0.887667681276798 0.901913076639175 0.990532382176473 1.52503907680511 3.23267149925232 3.54491998932578 0.886157736182213 0.741170118749142 0.712024953961372 0.69661131799221 0.798833386464552 0.798732563853264 0.803223196417093 0.839431339502335 0.796374756842852 1.00782690090793 0.904166268951753 0.95866496860981 0.747278788685799 0.868341081282672 0.816615664958954 1.11264865739005 0.92814776301384 0.930591523647308 0.925061732530594 1.1428491302899 1.15295155559267 1.15060757313456 1.15837976336479 1.51664172456815 0.847772413066455 0.611278869211674 0.647609755396843 0.77860352396965 0.547600796589485 0.517878169050583 0.575760813859793 0.470820747315884 0.569823482861886 0.58087720320775 0.582029191347269 0.581709389503186 0.601632769291218 0.616306667144482 0.694769628345966 0.704804453998804 0.757971916347742 0.730329469992564 0.815935492515564 0.893273270130158 0.904538995027542 0.912257659435272 0.899455180764198 0.923718613386154 0.942816004157066
0.625330120325089 0.595817618072033 0.582405757158995 0.793807415664196 0.781898175179958 0.777823559939861 0.811486051976681 0.64992131665349 0.677413858473301 0.699603360146284 0.935836464166641 0.777051088213921 0.730143550783396 0.721497002989054 0.666104167699814 0.655279286205769 0.678133647550236 0.728192128918388 0.740669475495815 0.754275311529636 0.902937363088131 0.66155358878049 0.772040866888486 0.733919771818014 0.96333047747612 0.919527100889306 1.05325190510069 0.818732852444929 1.0605959721974 0.896413236856461 1.12665427156857 1.05123364499637 1.07993985925402 1.08142711860793 0.83126226067543 0.78292671165296 0.771291173994541 0.586020697246898 0.576526234095747 0.781690819987229 0.79736817841019 0.849732587380069 0.519886694848537 0.488142895427617 0.606837395578623 0.572382213977667 0.58199658531409 0.604967057704926 0.599357382609294 0.632949698429841 0.662827560534844 0.717909380793571 0.70417970046401 0.891564980149269 0.860120058059692 0.820162210326928 0.935255420207977 0.949484995007515 0.995378521084786 1.00916817784309 0.976067671179771 0.98788455426693
0.54288911819458 0.519804125794998 0.524753702374605 0.582011628895998 0.570174340497364 0.569422647356987 0.576570896939798 0.604940257966518 0.615464240312576 0.651195216178894 0.723212631046772 0.71640141159296 0.664010813603034 0.653710305690765 0.642942186444998 0.634064197540283 0.64888226444071 0.664233343167739 0.651709511876106 0.651537179946899 0.6376085691154 0.782485264752592 0.974480271339417 1.01179960370064 1.03062589963277 0.859697925693849 0.865023935542387 0.936552691918153 1.02107733029586 0.929646462202072 0.915879756212234 0.998415009333537 0.921448443944638 0.82433331651347 1.06941733222741 0.832229937825884 1.1559571830126 0.563550796021115 0.566858374259689 0.861776098608971 0.875844486057758 0.905706454600607 0.891280659607479 1.14979713925949 1.15303248854784 0.827658907643386 0.557599033300693 0.582108612243946 0.578644938193835 0.562090137830147 0.747148910803454 0.51049217954278 0.573919009078633 0.877865570783615 0.835065418481827 0.816950404644012 0.957803854575524 1.01646618247032 1.05633105039597 1.06654758453369 1.12422899007797 1.28433674032038
0.480381296231196 0.483482940838887 0.489639043807983 0.49219418489016 0.508546430956234 0.516021536155181 0.521624865857038 0.567465150898153 0.583367195996371 0.598260080272501 0.604951517148451 0.583228034051982 0.600034145208506 0.588882923126221 0.620437783273784 0.629700869321823 0.648792605508458 0.652113195508718 0.659332495182753 0.648768521272219 0.631020124141987 0.657447372491543 0.704041987657547 0.705558987764212 0.7222773203483 0.850497117813896 0.91762797832489 0.92428719997406 0.991256908728526 0.908157827598708 0.972812705315076 0.978026940272405 0.9381617972484 0.848895227270467 0.886540284523597 1.16759023070335 1.18827583468877 1.21600812902817 1.23286490486218 0.940661858235087 0.941769866006715 0.91258162685803 1.20962000122437 1.19123074183097 1.15082231393227 0.846270810280527 0.814560234546661 0.734856567212514 0.759148650935718 0.733193000512464 0.740928785077163 0.712678357958794 0.753595948219299 0.923858213424683 0.923609840869903 0.892275899648666 0.972141176462173 1.0511830329895 1.16981806755066 1.17909702658653 1.75469235940413 1.74974943832918
0.63586214184761 0.452688409731938 0.454354398525678 0.456968936782617 0.466131489385258 0.463258372111754 0.473390847444534 0.488820811564272 0.538171088466277 0.592571496963501 0.59901932423765 0.568984240293503 0.570988802611828 0.621045300364494 0.64178102016449 0.614328804341229 0.632341135293245 0.663781691681255 0.670700937509537 0.621354192495346 0.65616286071864 0.66558007218621 0.680281771854921 0.674841759296564 0.676105602429463 0.764126455241984 0.687565651806918 0.949929600954056 1.00366309514412 0.934400198551325 0.913682437860049 0.784359056841243 0.77541210976514 0.88520343716328 0.936104508546682 0.734413081949407 1.15433225264916 1.18509172934752 1.23487684359917 1.01846435027463 0.994412994810513 0.969758282814707 1.27588574932172 1.25784142200763 1.19903620389792 0.887818617480142 0.81840942800045 0.758516415953636 0.771887138485909 0.748483501374722 0.780711784958839 0.753163951635361 0.74780700802803 0.975278717279434 1.03318278193474 1.09774798750877 1.388503074646 1.52729952335358 1.66645699739456 1.70185892148451 2.16113688854071 2.09014208614826
0.373948274896695 0.550151999294758 0.434531264580213 0.436140411175214 0.421693840852151 0.437580329450694 0.436040568351746 0.472340539097786 0.568395117154488 0.618298023939133 0.603160500526428 0.597991787470304 0.545966506004333 0.583973338970771 0.627010806248738 0.614805831150575 0.537729321978986 0.553821880370378 0.655070933428678 0.645925145257603 0.662022910334847 0.664280371232466 0.679415117610585 0.896402161854964 0.877668499946594 0.935493656567165 1.08754558861256 1.11750811764172 1.10556839193617 1.06727399963599 0.708739920095964 1.13311824202538 1.17251806305005 1.22140300273895 1.28032225370407 1.29474276304245 1.27385414105195 1.25085505843163 1.15505204063195 1.19776826179945 1.13822146103932 1.13526198726434 1.23735785942811 1.29601380228996 1.18164548965601 1.15264389148125 0.904804422305181 0.894010154100565 0.860164954112126 0.734826542437077 0.88643302662032 1.07179843295704 1.09325256943703 1.53554833393831 1.35823275284334 1.51761031150818 2.12928760617319 -9999 -9999 -9999 -9999 -9999
0.524366397410631 0.543168139457703 0.34522918505328 0.40404280594417 0.398400951709066 0.460497569292784 0.458754368126392 0.479227611422539 0.705262513323264 0.519955803241049 0.587610407517507 0.600660248444631 0.511656254529953 0.532636387007577 0.558380672974246 0.631804360793187 0.621288195252419 0.613030225038528 0.779517902777745 0.665855104273016 0.781833164967023 0.833170762428871 0.99051087636214 1.05039121325199 0.933778194280771 1.09984189042678 1.14248400009595 1.15120085861002 1.1169789241893 1.17407800830328 0.77083219723268 1.22741917463449 1.27516216498155 1.64760702848434 1.63583192000022 1.55875680276326 1.39552716108469 1.28654158115387 1.19492273376538 1.1389985863979 1.09762007915057 1.10574788772143 1.23274593857618 1.26568583112497 1.17842538081683 0.960890011145518 0.87353099997227 0.840164670577416 0.856114997313573 1.21141855205808 1.67671829249178 1.19766629284078 1.26439879970117 2.57309523991176 1.82211354668023 -9999 -9999 -9999 -9999 -9999 -9999 -9999
0.469383968548341 0.486510409550233 0.465966010093689 0.417618947369712 0.418547349316733 0.675989721309055 0.58464547097683 0.583257443457842 0.686224921183153 0.505720987915993 0.511393740773201 0.493293270468712 0.505725502967834 0.550522362547261 0.614418330100866 0.556947236614568 0.678131732557501 0.787999471383436 0.806914755931267 0.833302623950518 0.878599439675991 0.965464951900335 0.998204875450868 0.983499004290654 1.01959890356431 1.0332044844444 1.13756050284092 1.18391556693957 1.20397813618183 -9999 -9999 -9999 -9999 -9999 -9999 3.14426672458649 1.19655544941242 2.38317527302674 1.60156642326287 1.05293592810631 1.00359944426096 1.02718565555719 1.01603369758679 1.04086716358478 0.977649608483681 0.980663764935273 0.959494812922044 1.02386027845469 1.10071726278825 1.34283661613098 2.37084107739585 2.01978348408427 1.98450459327017 1.9762424826622 1.97624230384827 -9999 -9999 -9999 -9999 -9999 -9999 -9999
0.635851502418518 0.490313188596205 0.518584858287464 0.587274744361639 0.710590091618625 0.475301451981068 0.485021347180009 0.477072556503117 0.521315485239029 0.502081230282784 0.560580760240555 0.528986483812332 0.535360261797905 0.66818675169578 0.648657869834166 0.647638492859327 0.694463473099929 0.80149679688307 0.858485966920853 0.90806612601647 0.881070414414773 0.953363093046042 0.97855796951514 1.00132775765199 0.763483497229489 0.758752023631876 1.18871481602009 1.20034250846276 1.16426596258368 -9999 -9999 -9999 -9999 -9999 -9999 -9999 1.27555224757928 1.07762464422446 1.11301191495015 1.04817757239709 1.01585531693238 1.00495371222496 1.00294753679862 0.669245400212028 0.941860212729527 0.983017644056907 1.20699784618158 1.13491732153026 1.25853219086474 1.74991482496262 2.00618025431266 1.9621045589447 -9999 -9999 -9999 -9999 -9999 -9999 -9999 -9999 -9999 -9999
0.483539928089489 0.493011970411647 0.546852928586304 0.69970474961926 0.71611159864594 0.450584394966855 0.463733769021928 0.538483753800392 0.46954854670912 0.489927808754146 0.639556122677667 0.658275329640933 0.650926351547241 0.678077253011557 0.659438830155593 0.667345273953218 0.695558628865651 0.791387523596103 0.963151663541794 1.29762300848961 0.726181667584639 0.916007551763739 0.867921703628131 0.913482111233931 0.966970070050313 1.02553791266221 1.25686570314261 1.35038862320093 1.47555470466614 -9999 -9999 -9999 -9999 -9999 -9999 -9999 39.1826085959162 16.9826120904514 3.96388798952103 1.50400120936907 1.26041797261972 1.1773005930277 1.15711062229597 1.29858538737664 1.31075704556245 1.25527280798325 1.22352911188052 1.30254788352893 1.31481208042665 1.94532244855707 2.39524767032036 2.75810013826077 3.10672234571897 -9999 -9999 -9999 -9999 -9999 -9999 -9999 -9999 -9999
0.711080582304434 0.715966274792498 0.70004111177781 0.664223781403373 0.70128338287274 0.710067272186279 0.491046953727217 0.715862344418253 0.596876978874207 0.610911190509796 0.684052498212882 0.669728170548167 0.685762757701533 0.427247862924229 0.607902628871111 0.613225562068132 0.712935604155064 0.758635700813362 0.83889161582504 0.7907726925153 0.782197353931574 0.722614738803643 0.814527463454467 0.605710208415985 0.687685793638229 0.839484751224518 1.40188513810818 1.43181491815127 1.18337216377258 1.10681301355362 -9999 -9999 -9999 -9999 -9999 -9999 -9999 21.4832579172575 10.917216577028 12.8513994216919 2.05263835650224 1.7957751246599 1.79830402135849 2.31933636848743 2.39131915569305 2.36077719926834 2.34260638860556 2.12606507998246 2.04929115222051 2.76839838786559 3.12955157323317 3.17905423274407 3.178033942195 -9999 -9999 -9999 -9999 -9999 -9999 -9999 -9999 -9999
0.626716922108944 0.618022943918522 0.705551048119863 0.711842549343904 0.72880994528532 0.738851915512766 0.733939404998507 0.743908448861196 0.598414144732735 0.613740685311231 0.734623496021543 0.717130815344197 0.619960606098175 0.448338147997856 0.499686002731323 0.539779245853424 0.714591481855937 0.771430048559393 0.80338643597705 0.788686474519117 0.667143303614396 0.731603519274638 0.744836747646332 1.23838993219229 0.964036963202737 0.995649755001068 1.23467144966125 1.15914738178253 1.19866214990616 1.40248339176178 -9999 -9999 -9999 -9999 -9999 -9999 -9999 -9999 -9999 -9999 -9999 -9999 -9999 -9999 -9999 -9999 3.65490746498108 2.34418423686709 2.43815576178687 3.22078226371245 -9999 -9999 -9999 -9999 -9999 -9999 -9999 -9999 -9999 -9999 -9999 -9999
0.633816208158221 0.546295889399268 0.616008877754211 0.584163336591287 0.727933721882956 0.751024587878159 0.761045349495751 0.772605079870958 0.734328863712458 0.683169316786986 0.66405075100752 0.673925571716749 0.682829494659717 0.612668078679305 0.522957679900256 0.598799098621715 0.592468979683789 0.586139226501638 0.573877863585949 0.548535212874413 0.604510521346872 0.678225972435691 0.652782074429772 1.07074776291847 -9999 -9999 -9999 1.1275425195694 1.08597314357758 1.09998468160629 2.26655834913254 -9999 -9999 -9999 -9999 -9999 -9999 -9999 -9999 -9999 -9999 -9999 -9999 -9999 -9999 -9999 -9999 -9999 -9999 -9999 -9999 -9999 -9999 -9999 -9999 -9999 -9999 -9999 -9999 -9999 -9999 -9999
0.525455669923262 0.568631879308007 0.574686888944019 0.587622727860104 0.880058601498604 0.771794761930193 0.811215957360608 0.698415563656734 0.73495839880063 0.710724716003125 0.694702547330123 0.694099029669395 0.697818111914855 0.682281636274778 0.581455626270988 0.620194576003335 0.648712163621729 0.637624716216868 0.580037810585716 0.559668676419692 0.667738827792081 0.741571410135789 1.06074799941136 1.28843984237084 1.16673442450437 1.48310781900699 0.997930347919464 1.07026380300522 1.06562082767487 1.11110808849335 1.8855917930603 2.45774709047942 -9999 -9999 -9999 -9999 -9999 -9999 -9999 -9999 -9999 -9999 -9999 -9999 -9999 -9999 -9999 -9999 -9999 -9999 -9999 -9999 -9999 -9999 -9999 -9999 -9999 -9999 -9999 -9999 -9999 -9999
0.539822739633647 0.659606928626696 0.580758418549191 0.750321179628372 0.580087094144388 0.576247995549982 0.583233341574669 0.510263979434967 0.781681503240879 0.804806030713595 0.795519652274939 0.80805000433555 0.797841117932246 0.815069427857032 0.640886705030095 0.701652637936852 0.69626060128212 0.630450489846143 0.606930467215451 0.619066975333474 0.7124172530391 0.783829442479394 0.827777575362812 0.977224767208099 1.1271730444648 1.15744351256977 1.05249423980713 1.02014447450638 1.33828361034393 1.46581681966782 1.66806213855743 1.83727869391441 -9999 -9999 -9999 -9999 -9999 -9999 -9999 -9999 -9999 -9999 -9999 -9999 -9999 -9999 -9999 -9999 -9999 -9999 -9999 -9999 -9999 -9999 -9999 -9999 -9999 -9999 -9999 -9999 -9999 -9999
0.658077334364255 0.744277432560921 0.663655185699463 0.598075763745741 0.599704726175828 0.530335646867752 0.580866014957428 0.593897116184235 0.691970578648827 0.710142674771222 0.732414730570533 0.799521251158281 0.784107815135609 0.78137605027719 1.08137149764941 1.01329708787111 0.954862551047252 0.890539020299911 0.605351393873041 0.639685489914634 0.693504623391412 0.885212481021881 1.04022005471316 1.12495459751649 1.46026386997916 1.36691358414563 1.41344447135925 1.06434434652328 1.19723800420761 1.25276309251785 1.72861247062683 -9999 -9999 -9999 -9999 -9999 -9999 -9999 -9999 -9999 -9999 -9999 -9999 -9999 -9999 -9999 -9999 -9999 -9999 -9999 -9999 -9999 -9999 -9999 -9999 -9999 -9999 -9999 -9999 -9999 -9999 -9999
