EcologicalScience/Bass/data/rs_data_bass/chl_176.asc
NCOLS 226 
NROWS 124 
XLLCORNER -9.41648524995501 
YLLCORNER 47.587301625531 
CELLSIZE 0.0833 
NODATA_value -9999 
[rows 54 to 80 of 124, columns 124 to 185 of 226]
2.99393177032471 2.76607275009155 2.17671757936478 2.27874308824539 2.16334801912308 2.00910741090775 2.01320332288742 1.68689399957657 1.73082894086838 1.74138522148132 1.58696168661118 1.63867056369781 1.05939384443419 1.16250554578645 1.1916915753058 1.27081863795008 1.30460019835404 1.3477440731866 1.50444705784321 1.60979272638048 1.6107791023595 1.6769748713289 1.77941427230835 2.08368891477585 2.1132584810257 1.80945963859558 1.92631478309631 1.8164903661784 1.75694500207901 1.67097020149231 1.7675369977951 1.7165741622448 1.80802658200264 2.31893661092309 1.66535135252135 1.75013970902988 1.75887211305755 1.69237750768661 1.99903780221939 1.74409307752337 1.71526509097644 1.68928405216762 1.62196128921849 1.62429850229195 1.67549931790147 1.73334286681243 1.89046150445938 2.23670519675527 3.11952716537884 3.011293223926 3.17661526373454 9.49503254890442 4.99602836111318 5.98074142829232 5.92233824729919 8.43968178244198 10.691996216774 8.6305492363478 12.3451852798462 8.05579200267792 5.60078274502474 6.31586419168066
3.13299143314362 2.88614326715469 2.53452605009079 2.41139620542526 2.38488757610321 2.23891657590866 2.08776444196701 2.00383508205414 1.72064316272736 1.84089750051498 1.8748927116394 1.6893727183342 1.26036638234343 1.23601707816124 1.19375817264829 1.56001787185669 1.38777275383472 1.54573962688446 1.65821993350983 1.72193170785904 1.84652445316315 1.91062843799591 1.91105816364288 1.87272899150848 2.07484656572342 2.04040950536728 1.83502825498581 1.70187368430197 1.78610686585307 1.77325721979141 1.7221092581749 1.75623150082196 1.60712901502848 1.68949472531676 3.54332541142191 2.23932019727571 2.18802579811641 1.69280659726688 1.71117325339999 1.58423743077687 1.63445408003671 1.69662440887519 1.70375933391707 1.72089567993368 1.78266524204186 1.96039823974882 2.32918151787349 2.93700045347214 3.73337495326996 4.08861833810806 4.32685651904658 5.04785796870356 5.82775625761817 7.28298466101937 6.18977126479149 8.19200893371336 10.5720698833466 -9999 -9999 -9999 -9999 -9999
2.95239150524139 2.97608256340027 2.67606747150421 2.60299050807953 2.48142367601395 2.51464730501175 2.49120444059372 2.17447417974472 1.89335703849792 1.86567002534866 1.83975005149841 1.59319043372359 1.64277452230453 1.68559864759445 1.66967479586601 1.72501952648163 1.78882648944855 1.72091102600098 1.64545404314995 1.86936744451523 2.03598538637161 2.11722153425217 1.95513129234314 1.80279593467712 2.46693152189255 2.43564677238464 1.43876481056213 1.68224557489157 1.71019208058715 1.83897703886032 1.90257853269577 1.68850203976035 1.34785663895309 1.53300369903445 0.942464692252023 2.87743642074721 2.78008469939232 1.9441368494715 1.80448549134391 1.61794256738254 1.52543467283249 1.54437943441527 1.65436589930739 1.83338620407241 2.11325318046979 1.91810095310211 2.1455751657486 5.72047288601215 6.2923679626905 5.26515090465546 4.26715958118439 3.84277510643005 5.89151738819323 7.42348625583033 -9999 -9999 -9999 -9999 -9999 -9999 -9999 -9999
2.60048925876617 2.86880242824554 2.97362101078033 2.85952270030975 2.81799906492233 2.80531203746796 2.68059378862381 2.39060032367706 2.31013208627701 2.19571655988693 1.62856650352478 2.02564162015915 1.76537257432938 1.6079535484314 1.50373721122742 1.51517558097839 1.58938193321228 1.53998780250549 1.6704735159874 1.64457070827484 1.49852925539017 2.34786522388458 2.46732294559479 2.55132293701172 2.61979347467422 1.4822053194046 1.54410398006439 1.52272832989693 1.54154571294785 1.60375281572342 1.68577418327332 1.66176773309708 6.30242340905326 3.71535699708121 2.96931379181998 1.79230243819101 2.29070918900626 1.66941037774086 1.72806912660599 1.6716513633728 1.56733740014689 0.692387983202934 0.786625474691391 1.87220880389214 2.19754319190979 2.52692906856537 2.66450213193893 6.96331027341545 3.92273032665253 6.43146586418152 8.00884938240051 7.65796793997288 7.34964680671692 -9999 -9999 -9999 -9999 -9999 -9999 -9999 -9999 -9999
2.32762044668198 3.04174947738647 3.20632588863373 3.50136458873749 3.26404881477356 3.14947664737701 2.84216094017029 2.62032526731491 2.3919450044632 2.01649582386017 1.85542953014374 1.9737862944603 1.93410444259644 1.84336280822754 1.7192400097847 1.56693828105927 1.74832570552826 1.61948847770691 1.79642468690872 1.81822121143341 1.95006680488586 2.39613676071167 2.70921528339386 3.12291240692139 2.80291271209717 1.40829303860664 1.30869593024254 1.28801260590553 1.36549412608147 1.31645593047142 1.48130852580071 1.70170488357544 7.72922884992191 5.57184858620167 4.40663909273488 3.05204977308001 2.00411625419344 1.58851993509701 1.47286079611097 0.755575507879257 0.700061246752739 0.620860487222672 1.76384939891951 2.15213992340224 2.64245253801346 3.3524754264138 4.53314732860875 9.6558691740036 7.89290900230408 3.51731407642365 3.60526657104492 11.3937816619873 35.6993739745196 -9999 -9999 -9999 -9999 -9999 -9999 -9999 -9999 -9999
-9999 3.31896150112152 3.83103239536285 3.86894237995148 3.877286195755 3.78050172328949 3.2648788690567 3.02970314025879 2.5436646938324 2.1854744553566 1.99911904335022 2.19670879840851 2.24060851335526 2.04151117801666 1.70768094062805 1.58021700382233 1.78702801465988 1.95726978778839 2.06450021266937 2.29458743333817 2.391117811203 2.428602039814 2.71713674068451 3.56068575382233 1.47531517744064 1.39608629345894 1.50541162490845 1.42361743748188 1.27980861067772 1.26240426898003 1.93903688192368 1.91718463897705 1.78622809648514 1.6637953877449 1.5529079079628 3.03277276243482 2.12362968921661 2.06612639767783 1.93529530508178 1.7091928252152 1.611423432827 1.62343645308699 1.19082301855087 1.39076328277588 2.74817690849304 -9999 9.79564987696134 7.31510272026062 7.11966490745544 12.6113419532776 23.6444747231223 31.9026870727539 44.9738349914551 55.556091021185 -9999 -9999 -9999 -9999 -9999 -9999 -9999 -9999
-9999 -9999 -9999 -9999 -9999 2.28387522697449 3.81971633434296 3.45015907287598 3.17259442806244 2.36008805036545 2.40305328369141 2.39050197601318 2.32891416549683 2.19843149185181 1.93999207019806 1.83283871412277 1.91347199678421 2.17778098583221 2.53516495227814 2.74905753135681 3.02312386035919 2.71531569957733 1.66266629844904 1.61577108129859 1.61112644523382 1.4454697240144 1.35332829505205 1.36282516717911 1.49937741756439 1.78473339080811 1.80647091993264 2.29795542955399 1.99795950651169 1.90281018018723 1.73936715126038 2.1938873061112 2.30101169432913 1.77822799342019 1.64583143591881 1.64609406249864 1.68296858668327 1.75854495763779 1.87540024518967 1.07876998186111 2.50285059213638 23.9143003942897 -9999 -9999 -9999 -9999 44.0019955915563 60.7459263801575 49.4197957515717 26.8949038872352 -9999 -9999 -9999 -9999 -9999 -9999 -9999 -9999
-9999 -9999 -9999 -9999 -9999 -9999 -9999 -9999 3.52444589138031 3.35041809082031 3.10056817531586 2.7410534620285 2.35955321788788 2.2418766617775 2.21545350551605 1.93241769075394 2.14924567937851 2.54030406475067 3.0952080488205 3.11876177787781 1.73256172452654 1.67992535829544 1.60775783061981 1.61079041957855 1.51866945438087 1.46491666696966 1.43985062465072 1.41876504197717 1.39147322518485 1.74049597978592 2.10974303739411 1.83499373495579 1.70535521507263 1.97701514959335 1.74712930321693 1.05625138751098 2.00113695859909 0.711564749479294 0.63638399541378 1.66106953620911 1.91676124334335 2.08946554660797 2.22966113090515 2.43452167510986 5.08408378230201 29.0682649612427 -9999 -9999 -9999 -9999 17.548882484436 57.2620037480404 62.4256138801575 61.6928878110998 36.7685396330697 18.2946642239888 -9999 -9999 -9999 -9999 -9999 -9999
-9999 -9999 -9999 -9999 -9999 -9999 -9999 -9999 -9999 -9999 3.55701220035553 3.0763396024704 3.08133816719055 2.55312073230743 2.46093821525574 2.42582255601883 2.50192791223526 2.89998757839203 2.92500078678131 3.56957638263702 1.80038439376014 1.74063784309796 1.62576054334641 1.6118910908699 1.60621670484543 1.70704205036163 1.6757342338562 1.66448155045509 1.67871183156967 1.6686567440629 1.75506424158812 1.96003646403551 2.15587185323238 2.10337199270725 1.33375342828887 1.20879107287952 1.05098258256912 0.669036760926247 0.630107268691063 1.87544184327126 2.33170426317624 2.48538823638644 2.8671632025923 2.50847923755646 14.9511026994696 -9999 -9999 -9999 -9999 -9999 -9999 -9999 10.2283162205684 15.5740141868591 8.24345111846924 18.8732189178467 10.8786277770996 -9999 -9999 -9999 -9999 -9999
-9999 -9999 -9999 -9999 -9999 -9999 -9999 -9999 -9999 4.3704868555069 3.86730806827545 2.43465067659106 2.83488517999649 2.67887556552887 2.61791396141052 2.86093497276306 2.70367419719696 2.49111896753311 3.11918771266937 1.74982822792871 1.91712340116501 1.76768307685852 1.63773958683014 1.73722879886627 1.55950517654419 1.62790418863297 1.69414120912552 1.67230802774429 1.75363862514496 1.79714258015156 1.6997007727623 1.70427401065826 1.3207649230957 1.17188110351562 1.10508120698588 0.749976754188538 0.618950262665749 0.492639005184174 0.530172765254974 2.61394717693329 2.7245810508728 3.36344413757324 1.83413618803024 2.8849466085434 27.2737587603551 33.0447750091553 -9999 -9999 -9999 15.2293521796956 14.7995329636794 13.7682168300335 9.80519771575928 13.5849180221558 16.5512008666992 23.2936706542969 12.543634149336 -9999 -9999 -9999 -9999 -9999
-9999 -9999 -9999 -9999 -9999 -9999 -9999 -9999 -9999 -9999 2.84960868358612 2.28623020648956 2.38393270969391 2.82299780845642 3.11413049697876 3.15205049514771 3.46300506591797 1.78330814838409 1.98746250867844 1.83291636705399 1.75196317434311 1.65626006126404 1.61610307693481 1.66696870326996 1.67547032833099 1.64279843568802 1.64968184232712 1.61528809070587 1.64004940986633 1.66680825948715 1.69921815395355 1.62475566864014 1.0937895412956 1.34211536816188 1.39016762162958 1.20769899870668 1.20710186234542 2.26161768180983 3.47507573451315 4.85234966448375 3.23896088770458 1.66592466831207 1.86818772554398 3.06137050390244 9.26655926692833 -9999 -9999 -9999 -9999 -9999 16.6900487312904 20.8656125177037 19.6119753989306 15.7808589935303 34.0112314224243 -9999 -9999 -9999 -9999 -9999 -9999 -9999
-9999 -9999 -9999 -9999 -9999 -9999 -9999 -9999 -9999 3.67937564849854 3.17861473560333 2.89868026971817 3.01375722885132 3.33428192138672 3.51186239719391 3.48894882202148 3.54371416568756 1.29436256417206 1.85983939170837 1.66199613809586 1.61882382631302 1.62719566822052 1.63960530757904 1.6586371421814 1.69572867155075 1.66495672464371 1.62416324615479 1.55483814477921 1.66520639657974 1.78310587406158 1.39638699378286 1.27109540998936 1.17082545799868 1.36304045575006 1.6193499479975 1.71139368627753 1.35750914045743 1.49930504603045 1.74307646751404 2.86291526045118 1.9276687502861 1.97328382730484 3.10093976344381 6.08002518681647 3.86466658115387 -9999 -9999 -9999 -9999 -9999 14.4183451878397 29.4719602203369 26.8853685379028 -9999 -9999 -9999 -9999 -9999 -9999 -9999 -9999 -9999
-9999 -9999 -9999 -9999 -9999 -9999 -9999 -9999 -9999 4.50336384773254 3.97940254211426 3.75562334060669 3.68171846866608 3.62602651119232 3.40943098068237 3.38728666305542 3.37178993225098 1.20177344977856 1.7253050327301 1.67253559827805 1.65177226066589 1.60671000480652 1.53579008579254 1.58061602115631 1.64758929014206 1.61837743520737 1.57644704580307 1.5789212346077 1.74401226043701 1.35911188168185 1.35542507682528 1.39984496150698 1.49172720525946 2.02189914669309 1.81696192068713 1.5618896995272 0.530989497900009 0.651044994592667 0.979635715484619 1.36197745800018 1.63644522428513 2.25007653236389 3.42253819533757 11.7603708372533 3.86466693878174 -9999 -9999 -9999 -9999 12.1949715614319 -9999 -9999 -9999 -9999 -9999 -9999 -9999 -9999 -9999 -9999 -9999 -9999
-9999 -9999 -9999 -9999 -9999 -9999 -9999 -9999 -9999 4.39838862419128 4.09331703186035 3.65931987762451 3.4076099395752 3.18307042121887 2.71634405851364 2.98955923318863 1.66204392910004 1.79764695167542 1.65632821321487 1.5484779715538 1.63046590089798 1.64816744327545 0.949163247432028 1.52857761383057 1.58032717704773 1.54606280326843 1.52652752399445 1.28925545939377 1.27473916539124 1.27245257581983 1.70236605405807 1.41578946794782 1.70692468541009 2.20843197107315 2.12871755361557 1.80057047520365 1.05457645654678 1.24156048893929 1.47600227594376 1.73850899934769 2.0707545876503 2.14287453889847 3.63794449194154 -9999 -9999 -9999 -9999 -9999 -9999 -9999 -9999 -9999 -9999 -9999 -9999 -9999 -9999 -9999 -9999 -9999 -9999 -9999
-9999 -9999 -9999 -9999 -9999 -9999 -9999 -9999 -9999 3.92828607559204 3.51612389087677 2.90161943435669 2.93127304315567 2.89809447526932 2.42777842283249 1.68218094110489 1.69357770681381 1.66225898265839 1.57866405248642 1.4987952709198 1.37140250205994 1.37928577661514 1.51671733856201 1.56335711479187 1.61120394468308 1.11302097354616 1.09558457774775 1.17179052957467 1.26168125229222 1.22591934672424 1.22288304780211 1.53679461990084 1.8737074307033 2.29293200969696 2.44013649650982 1.43027696013451 1.41641253232956 1.65896844863892 1.81354343891144 2.05391550064087 2.39900994300842 9.04764217680151 6.54835393055376 -9999 -9999 -9999 -9999 -9999 -9999 -9999 -9999 -9999 -9999 -9999 -9999 -9999 -9999 -9999 -9999 -9999 -9999 -9999
-9999 -9999 -9999 -9999 -9999 -9999 -9999 3.28386068344116 2.68121531762575 3.61971974372864 3.10355401039124 2.87884193658829 2.73330599069595 2.71002978086472 2.80369877815247 1.61394882202148 1.5702968776226 0.928318511162485 0.920882105827332 0.913694999047688 0.914759024977684 1.56037373542786 1.74038337469101 1.08777890886579 1.13034311362675 1.20286602846214 1.20517009709563 1.21842923973288 1.22844158751624 1.26421181431838 1.4904501161405 1.93130692413875 2.34462838513511 2.59667358653886 2.7573007770947 3.52094891667366 3.57110528009278 1.85142678022385 1.89917403459549 2.04896628856659 10.2141106933066 5.69786846637726 3.25656187534332 -9999 -9999 -9999 -9999 -9999 -9999 -9999 -9999 -9999 -9999 -9999 -9999 -9999 -9999 -9999 -9999 -9999 -9999 -9999
-9999 -9999 -9999 -9999 -9999 -9999 4.59693517287572 2.73747299398695 4.80036449432373 3.84911334514618 3.21217131614685 3.12137639522552 3.18426668643951 2.19785154717309 1.96885320118495 1.86113964659827 1.85240137577057 0.971107925687517 0.960683750254767 0.939790734222957 1.76140375137329 1.73691631555557 1.66699556112289 1.63611928224564 1.16404592565128 1.40721671581268 1.3306941645486 1.5050989985466 1.71880573460034 1.80498430558613 2.12418226259095 2.14573373539107 2.39225914222854 2.58832246490887 2.58208396605083 2.90670082824571 3.31293227842876 1.87692368030548 1.97402554750443 -9999 -9999 -9999 -9999 -9999 -9999 -9999 -9999 -9999 -9999 -9999 -9999 -9999 -9999 -9999 -9999 -9999 -9999 -9999 -9999 -9999 -9999 -9999
-9999 -9999 -9999 -9999 3.8459857764997 2.82451814838818 2.7703779893262 3.83217000961304 4.03847765922546 3.90457427501678 3.42597448825836 3.30793726444244 3.21632552146912 2.40278524160385 2.0408273935318 2.00528252976281 1.86758644580841 1.02992687267917 1.10050744031157 1.15046449644225 1.17996924902712 1.38062418784414 1.50306094884872 1.35402640061719 1.40783938126905 1.59155970811844 1.70040857153279 1.81515557425363 1.98307996988297 2.12786146146911 2.26660545383181 2.45708004917417 2.5573071369103 2.66874209046364 2.61807406374386 2.4233972132206 2.5983393405165 4.40110249519348 -9999 -9999 -9999 -9999 -9999 -9999 -9999 -9999 -9999 -9999 -9999 -9999 -9999 -9999 -9999 -9999 -9999 -9999 -9999 -9999 -9999 -9999 -9999 -9999
-9999 -9999 -9999 -9999 2.66139624640346 3.12028790371759 4.55959188938141 4.93768107891083 2.27384464557354 3.42158102989197 3.36506259441376 3.25421762466431 2.88625137295042 1.59023026778148 1.61925057264475 2.01782538209643 1.8984746657885 1.16936958687646 1.15526479482651 1.14434607114111 1.14885558613709 1.31529841252736 1.3447731499161 1.36246227366584 1.50231428657259 1.79464741051197 1.89323416778019 1.99508455395699 2.10700797608921 2.19513606599399 2.32164025732449 2.26009305034365 2.17611783742905 2.12214308125632 3.16979885101318 3.77877542802266 3.22621960937977 -9999 -9999 -9999 -9999 -9999 -9999 -9999 -9999 -9999 -9999 -9999 -9999 -9999 -9999 -9999 -9999 -9999 -9999 -9999 -9999 -9999 -9999 -9999 -9999 -9999
-9999 20.2652622308145 14.8203971847411 3.48628135238375 3.24474401133401 4.22651624679565 4.25741386413574 4.38486528396606 4.94437193870544 4.21658635139465 3.52672111988068 2.66625554221017 1.83655980458626 1.79517777607991 1.73519819057905 2.08670849459512 1.56942414598806 1.27330242097378 1.19584930581706 1.17475203318255 1.21230923065117 1.39319197833538 1.41741452259677 1.50916535726615 1.57973244360515 1.82728203279631 1.94202899081366 2.13349597156048 2.23506415741784 2.38579172321728 2.43418353796005 2.49957349470684 2.68033600279263 2.32461449503899 2.83196005225182 7.47545503824949 -9999 -9999 -9999 -9999 -9999 -9999 -9999 -9999 -9999 -9999 -9999 -9999 -9999 -9999 -9999 -9999 -9999 -9999 -9999 -9999 -9999 -9999 -9999 -9999 -9999 -9999
5.48306489812917 3.61126703023911 3.38873416185379 3.14438244274684 2.80246089054988 4.06485450267792 3.8744992017746 2.70353871125441 2.38817326839154 4.26754367351532 3.80315244197845 1.75890565835513 1.593719629141 2.04434032099588 2.29432613509042 1.93190833926201 1.36719945760874 1.33904286531302 1.23444211695875 1.31132008986814 1.61921889654228 1.68732934125832 1.7559292955058 1.85903022970472 1.91420151293278 1.90183659323624 1.96084452101162 2.00856365050588 2.12454459071159 2.40187505313328 2.52114843044962 3.07969587615558 3.44292378425598 -9999 -9999 -9999 -9999 -9999 -9999 -9999 -9999 -9999 -9999 -9999 -9999 -9999 -9999 -9999 -9999 -9999 -9999 -9999 -9999 -9999 -9999 -9999 -9999 -9999 -9999 -9999 -9999 -9999
9.66765601059486 2.96532858335055 2.90440213680267 4.39637625217438 4.32780432701111 3.81230700016022 4.42166483402252 2.42589684633108 2.39562048361852 3.75141763687134 3.24752104282379 3.38023281097412 1.51688223618727 1.98459951792445 1.86655086278915 1.31678022100375 1.29480118934925 1.27223960203784 1.39575998272215 1.55597462398665 1.86693788000516 1.95196454439844 1.91947589814663 1.94139432907104 1.98265492916107 2.03380565132414 2.06750982999802 2.18717846274376 2.47075383578028 2.65364336115973 2.88440230914525 3.3172912129334 3.59035520553589 16.9883271518506 4.69612684670617 4.68588850353703 -9999 -9999 -9999 -9999 -9999 -9999 -9999 -9999 -9999 -9999 -9999 -9999 -9999 -9999 -9999 -9999 -9999 -9999 -9999 -9999 -9999 -9999 -9999 -9999 -9999 -9999
2.68321260122152 2.55287418915675 2.56748400284694 5.07534384727478 2.89619185374333 2.75048603461339 3.925936460495 3.84494912624359 2.16904229384202 3.19997835159302 3.43227732181549 1.7300618153352 1.54521027665872 1.56573029664847 1.49093898705074 1.30227977266678 1.47411603652514 1.6164511761495 1.73457709806306 1.86152259579727 1.98003382980824 2.01548963785172 1.99847899803093 2.06183566791671 2.11949414440564 2.17335645215852 2.30523819157055 2.43299144932202 3.09808572701045 3.2538828594344 7.31860793272654 -9999 -9999 -9999 -9999 -9999 -9999 -9999 -9999 -9999 -9999 -9999 -9999 -9999 -9999 -9999 -9999 -9999 -9999 -9999 -9999 -9999 -9999 -9999 -9999 -9999 -9999 -9999 -9999 -9999 -9999 -9999
2.98958796721238 2.89209338334891 4.87971460819244 2.84724261210515 2.76739586316622 4.5490425825119 4.83335101604462 2.14170380280568 3.32765257358551 3.07547163963318 2.77153050899506 1.61224897549703 1.46393675070543 1.25309173189677 1.26317222989522 1.59287735606943 1.73934987826007 1.87182609098298 2.0124201881034 2.06763203016349 2.20660469361714 2.24909997837884 2.21993167059762 2.23351078799793 2.36755729998861 2.4654483624867 2.60462844371796 2.85706791707448 3.12222670657294 3.32543745040894 3.51491863386972 2.52573988112536 -9999 -9999 -9999 -9999 -9999 -9999 12.0164634683239 12.6942715644836 -9999 -9999 -9999 -9999 -9999 -9999 -9999 -9999 -9999 -9999 -9999 -9999 -9999 -9999 -9999 -9999 -9999 -9999 -9999 -9999 -9999 -9999
3.61624954640865 3.71973234415054 4.21527814865112 3.67892751842737 4.81881196158273 2.79332848869521 2.36027192368227 2.49813965650705 2.19327491063338 2.3642812371254 2.0081992149353 1.4408359504663 1.26439185784413 1.25805562734604 1.36059258878231 1.83018127083778 1.91425946141992 2.00095315703324 2.1187090745994 2.25788702922208 2.34018240656172 2.38480011054448 2.453672008855 2.66122393522944 2.81912483913558 2.90943217277527 2.97973133836474 3.18701768772943 3.33720059905733 3.8866495847702 7.18275980590141 3.42093944549561 -9999 -9999 -9999 -9999 -9999 -9999 -9999 -9999 -9999 -9999 -9999 -9999 -9999 -9999 -9999 -9999 -9999 -9999 -9999 -9999 -9999 -9999 -9999 -9999 -9999 -9999 -9999 -9999 -9999 -9999
-9999 -9999 -9999 -9999 -9999 3.76178899564241 2.93256905078888 2.62635901144573 2.1100290119648 1.77029809355736 1.50566117350872 1.35021672799037 1.43277605680319 1.50761375044073 1.66825177839824 1.92695504001209 2.07967891011919 2.12480088216918 2.27232323374067 2.51859634688922 2.67504326360566 2.75340342521667 2.82021297301565 2.91884406975337 2.93427277462823 3.27960813045502 -9999 -9999 -9999 -9999 -9999 -9999 -9999 -9999 -9999 -9999 -9999 -9999 -9999 -9999 -9999 -9999 -9999 -9999 -9999 -9999 -9999 -9999 -9999 -9999 -9999 -9999 -9999 -9999 -9999 -9999 -9999 -9999 -9999 -9999 -9999 -9999
-9999 -9999 -9999 -9999 -9999 -9999 2.68583386710712 2.2539559006691 1.84977266192436 1.51194298267365 1.59677177667618 1.5859480542796 1.67020322595324 2.12181973457336 2.04536247253418 2.17207845619747 2.23912720595087 2.26456766469138 2.50679948074477 3.83413539188249 3.55577595744814 3.22857450587409 3.53493412051882 3.32171384530647 -9999 -9999 -9999 -9999 -9999 -9999 -9999 -9999 -9999 -9999 -9999 -9999 -9999 -9999 -9999 -9999 -9999 -9999 -9999 -9999 -9999 -9999 -9999 -9999 -9999 -9999 -9999 -9999 -9999 -9999 -9999 -9999 -9999 -9999 -9999 -9999 -9999 -9999
