EcologicalScience/Bass/data/rs_data_bass/chl_223.asc
NCOLS 226 
NROWS 124 
XLLCORNER -9.41648524995501 
YLLCORNER 47.587301625531 
CELLSIZE 0.0833 
NODATA_value -9999 
[rows 54 to 80 of 124, columns 0 to 61 of 226]
-9999 -9999 -9999 -9999 -9999 -9999 -9999 -9999 -9999 -9999 -9999 -9999 -9999 -9999 -9999 -9999 -9999 -9999 -9999 -9999 -9999 -9999 -9999 -9999 -9999 -9999 -9999 -9999 -9999 -9999 -9999 -9999 -9999 -9999 -9999 -9999 -9999 -9999 4.88937152453153 2.9174141857935 2.18827553987503 2.80292607205255 2.43089499643871 0.997250044718385 1.39598403019564 1.35242119431496 0.942601427435875 1.04259191240583 1.03033449053764 0.980990225076675 1.04874513149261 1.19840283299747 1.41886273026466 1.51994443567176 1.7369662920634 1.80551121234894 1.82472285032272 1.8487733320186 -9999 0.607058599591255 0.62790758907795 1.72432844276014
-9999 -9999 -9999 -9999 -9999 -9999 -9999 -9999 -9999 -9999 -9999 -9999 -9999 -9999 -9999 -9999 -9999 -9999 -9999 -9999 -9999 -9999 -9999 -9999 -9999 -9999 -9999 -9999 -9999 -9999 -9999 -9999 -9999 -9999 -9999 -9999 -9999 -9999 -9999 2.99648542263929 2.70764467646094 2.08397921232077 2.00991232605541 1.05241069570184 0.976358542218804 0.960340199992061 0.920871997252107 0.913519810885191 0.838492177426815 0.992548710107803 0.993936568498611 1.07374786734581 1.39316736459732 1.62624504566193 1.86578303575516 2.24467796087265 1.96379844546318 -9999 -9999 -9999 -9999 -9999
-9999 -9999 -9999 -9999 -9999 -9999 -9999 -9999 -9999 -9999 -9999 -9999 -9999 -9999 -9999 -9999 -9999 -9999 -9999 -9999 -9999 -9999 -9999 -9999 -9999 -9999 -9999 -9999 -9999 -9999 -9999 -9999 -9999 -9999 -9999 -9999 -9999 -9999 -9999 -9999 2.24128326085898 2.07031541010913 1.87933741597568 1.8393632979954 0.963936947286129 0.892449879220554 0.943302923440933 1.44740027189255 0.88762663397938 0.892195788212121 1.00890094637871 0.995366001129151 1.14140268042684 1.41203418374062 1.44813460484147 1.78551703691483 2.21416193246841 2.06451004743576 2.02471370995045 -9999 -9999 -9999
-9999 -9999 -9999 -9999 -9999 -9999 -9999 -9999 -9999 -9999 -9999 -9999 -9999 -9999 -9999 -9999 -9999 -9999 -9999 -9999 -9999 -9999 -9999 -9999 -9999 -9999 -9999 -9999 -9999 -9999 -9999 -9999 -9999 -9999 -9999 -9999 -9999 -9999 -9999 -9999 2.45306054855648 2.05188562589533 2.01911225038416 2.00599939332289 1.97965241179747 1.72868001461029 1.48278959393501 1.54947370290756 1.51215380430222 0.966726209968328 1.02652552127838 1.01104055047035 1.0264640212059 1.63865053653717 1.30716248069491 1.40882474184036 1.44412423591865 1.94143491983414 1.75974744558334 1.74958723783493 4.31695979566716 -9999
-9999 -9999 -9999 -9999 -9999 -9999 -9999 -9999 -9999 -9999 -9999 -9999 -9999 -9999 -9999 -9999 -9999 -9999 -9999 -9999 -9999 -9999 -9999 -9999 -9999 -9999 -9999 -9999 -9999 -9999 -9999 -9999 -9999 -9999 -9999 -9999 -9999 -9999 -9999 -9999 -9999 2.4269940923242 2.18772859433118 1.38266358375549 1.68636182179818 1.68620284245564 1.65360224246979 1.627286195755 1.63222646713257 1.60554599761963 0.917631464079022 1.03142248392105 0.980243194103241 0.949587704613805 1.66818492903429 1.80488831856672 1.4056271144322 1.87391102313995 1.69454122781754 1.75258433818817 1.84950971603394 -9999
-9999 -9999 -9999 -9999 -9999 -9999 -9999 -9999 -9999 -9999 -9999 -9999 -9999 -9999 -9999 -9999 -9999 -9999 -9999 -9999 -9999 -9999 -9999 -9999 -9999 -9999 -9999 -9999 -9999 -9999 -9999 -9999 -9999 -9999 -9999 -9999 -9999 -9999 -9999 -9999 -9999 2.2792376349954 2.16961855046889 2.03357129237231 1.38235545158386 1.80403599143028 1.77221167087555 1.64589142799377 0.972437946125865 1.00779983773828 0.93069913610816 0.983593839406967 0.946662643924356 0.996270384639502 1.67444361658657 1.5209353963534 1.53961977548897 1.42890560783838 1.51594479382038 2.01955823464827 -9999 -9999
-9999 -9999 -9999 -9999 -9999 -9999 -9999 -9999 -9999 -9999 -9999 -9999 -9999 -9999 -9999 -9999 -9999 -9999 -9999 -9999 -9999 -9999 -9999 -9999 -9999 -9999 -9999 -9999 -9999 -9999 -9999 -9999 -9999 -9999 -9999 -9999 -9999 -9999 -9999 -9999 1.67423658370972 1.69564579725265 2.20312803983688 1.99097331131206 1.79426378362319 1.52731794118881 1.54627182086309 1.51698608199755 0.970275728031993 0.885579502210021 0.953120988607407 0.972377055883408 1.00604295134544 1.61207245377933 1.52078745762507 1.62036353349686 1.55294018487136 -9999 -9999 2.08002001047134 1.9443644285202 2.60414028167725
-9999 -9999 -9999 -9999 -9999 -9999 -9999 -9999 -9999 -9999 -9999 -9999 -9999 -9999 -9999 -9999 -9999 -9999 -9999 -9999 -9999 -9999 -9999 -9999 -9999 -9999 -9999 -9999 -9999 -9999 -9999 -9999 -9999 -9999 -9999 -9999 -9999 -9999 -9999 2.45529911798589 1.78842680454254 1.91357575995581 1.53060886859894 1.85186898708344 1.46781429122476 1.45840851749693 1.45520058770974 1.38803635040919 1.24559902648131 0.932848596945405 0.918649493716657 0.916495855897665 0.902138628065586 1.58814334168154 1.33548779288928 1.88914343871568 1.61119085736573 1.66553741320968 1.40445971488953 1.60486650466919 2.12260955572128 2.57551717758179
-9999 -9999 -9999 -9999 -9999 -9999 -9999 -9999 -9999 -9999 -9999 -9999 -9999 -9999 -9999 -9999 -9999 -9999 -9999 -9999 -9999 -9999 -9999 -9999 -9999 -9999 -9999 -9999 -9999 -9999 -9999 -9999 -9999 -9999 -9999 -9999 -9999 -9999 -9999 2.46478671186111 1.74878633022308 1.53610807657242 1.7824265851694 1.57362994025735 1.38026404380798 1.50344671010971 1.34766434921938 1.20510751505693 0.911825235933065 0.906222576275468 0.90043983142823 0.905398827977479 1.13115296761195 1.46815031942199 1.38893410563469 1.81907573768071 1.97840662939208 2.03037697076797 2.1235195015158 2.20928925275803 2.23038750886917 2.31053477525711
-9999 -9999 -9999 -9999 -9999 -9999 -9999 -9999 -9999 -9999 -9999 -9999 -9999 -9999 -9999 -9999 -9999 -9999 -9999 -9999 -9999 -9999 -9999 -9999 -9999 -9999 -9999 -9999 -9999 -9999 -9999 -9999 -9999 -9999 -9999 -9999 -9999 -9999 2.70971429347992 2.68401460437214 2.06585706332151 1.43510837214334 1.48516311365015 1.27672005751554 0.9166787981987 1.19719317555428 1.50204144716263 0.864543002843857 0.899776881560683 0.860976562835276 0.8247005995363 0.852596137672663 1.35940179579398 1.40905567477731 1.55522085939135 1.73649167556029 1.83237703029926 1.87170349634611 1.74967785179615 2.19171684980392 2.42470702528954 2.76535767316818
-9999 -9999 -9999 -9999 -9999 -9999 -9999 -9999 -9999 -9999 -9999 -9999 -9999 -9999 -9999 -9999 -9999 -9999 -9999 -9999 -9999 -9999 -9999 -9999 -9999 -9999 -9999 -9999 -9999 -9999 -9999 -9999 -9999 -9999 -9999 -9999 -9999 -9999 1.87119823694229 1.66336218210367 1.4958034157753 1.39612384353365 1.2229892576442 0.892951369285583 0.866662842035294 0.861607521772385 0.757779000436559 0.739488622721504 0.857734305784106 0.837297518737614 0.830247365869582 0.851765136234462 1.46507310441562 1.47257390267709 1.50734701752663 1.52098104357719 1.57520060241222 1.13202556371689 1.69975031912327 1.93961007893085 2.19525396823883 1.76186549663544
-9999 -9999 -9999 -9999 -9999 -9999 -9999 -9999 -9999 -9999 -9999 -9999 -9999 -9999 -9999 -9999 -9999 -9999 -9999 -9999 -9999 -9999 -9999 -9999 -9999 -9999 -9999 -9999 -9999 -9999 -9999 -9999 -9999 -9999 -9999 -9999 -9999 2.54456247389317 1.77716407409081 1.74666408392099 1.60300847658744 1.34472263911191 0.921602725982666 0.872807532548904 0.849909728765488 0.885584598407149 0.841824419796467 0.795233909972012 0.81511178612709 0.805424172431231 0.842179192230105 0.868971043266356 1.36329971867449 1.43080351457876 1.56705539892702 1.53878320139997 1.62770502006306 1.17762389034033 1.17751421928406 1.34570907354355 1.45328253507614 1.61839056015015
-9999 -9999 -9999 -9999 -9999 -9999 -9999 -9999 -9999 -9999 -9999 -9999 -9999 -9999 -9999 -9999 -9999 -9999 -9999 -9999 -9999 -9999 -9999 -9999 -9999 -9999 -9999 -9999 -9999 -9999 -9999 -9999 -9999 -9999 -9999 -9999 -9999 1.84030247651614 1.89207082986832 1.33317922628843 1.41044509869355 1.35473481279153 1.23951008064406 0.887533682584763 0.863746047019958 0.776605336105122 0.795210968703032 0.748153740540147 0.792851152829826 0.847734281793237 0.874434191733599 0.877719791606069 1.06048261374235 1.13462225161493 1.1651120390743 1.47795387751916 1.46635689980843 1.32846816815436 1.41731704473496 1.43964132070541 1.41049799323082 1.66527754068375
-9999 -9999 -9999 -9999 -9999 -9999 -9999 -9999 -9999 -9999 -9999 -9999 -9999 -9999 -9999 -9999 -9999 -9999 -9999 -9999 -9999 -9999 -9999 -9999 -9999 -9999 -9999 -9999 -9999 -9999 -9999 -9999 -9999 -9999 -9999 -9999 2.41792383364269 1.90347186877177 1.51405637080853 1.29309598528422 0.985097023156973 0.937391919749124 0.939134908573968 0.79340386390686 0.834303599596024 0.838745695352554 0.810809536837041 0.778743806295097 0.82243060413748 0.870208695530891 0.881753526628017 0.905951648019254 1.03336844220757 1.06508305482566 1.06081431359053 0.790221780538559 0.798676460981369 2.22294755280018 1.85999275445938 1.84903299808502 1.96407144069672 2.40162584781647
-9999 -9999 -9999 -9999 -9999 -9999 -9999 -9999 -9999 -9999 -9999 -9999 -9999 -9999 -9999 -9999 -9999 -9999 -9999 -9999 -9999 -9999 -9999 -9999 -9999 -9999 -9999 -9999 -9999 -9999 -9999 1.10419052839279 1.47126519366315 -9999 2.10493344068527 2.40745367109776 2.08840656280518 1.23149240475435 1.23104964769804 1.13222800309841 0.989460323865597 1.00471790773528 1.06255358883313 0.73415025472641 0.759610463865101 0.774686867371202 0.78509815223515 0.801372586749494 0.806645999662578 1.29121953248978 1.17610573768616 1.17542999982834 1.16071200370789 1.22242203354836 1.12867122888565 0.751699537038803 0.736986011266708 1.76319272518158 2.19441647529602 2.21196556091309 2.37529553174973 2.49268552817796
-9999 -9999 -9999 -9999 -9999 -9999 -9999 -9999 -9999 -9999 -9999 -9999 -9999 -9999 -9999 -9999 -9999 -9999 -9999 -9999 -9999 -9999 0.346259817481041 2.11084949970245 2.45577818155289 2.26293003559113 2.21876692771912 2.41278523206711 2.45945692062378 1.64570546150208 1.26232427358627 1.08632773160934 1.13181602954865 1.18740454316139 1.13067917181895 1.14848470687866 1.15276802961643 1.03839703477346 0.993995946187239 0.939657176916416 0.87429048679769 0.933593962873731 0.910059443541935 0.555593267083168 0.90754930973053 0.614493012428284 0.776006162166595 0.851444494910538 1.41093903779984 1.42443671822548 1.35617923736572 1.45033577084541 1.59368705749512 1.68838566541672 2.04684752225876 2.17501795291901 3.10507006198168 5.70809731632471 7.17712409356061 -9999 -9999 -9999
-9999 -9999 -9999 -9999 -9999 -9999 -9999 -9999 -9999 -9999 -9999 -9999 -9999 -9999 -9999 -9999 -9999 -9999 -9999 -9999 -9999 -9999 1.81854379177094 1.70082002878189 1.37047871947289 1.34399476647377 1.41993820667267 1.75906348228455 1.45554828643799 1.44952350854874 1.32861596345901 0.901502251625061 0.928367972373962 1.18144442026432 1.05988758114668 0.979993866040156 0.929449356519259 0.900836107822565 0.862593089158718 0.798625191673636 0.749091429635882 0.754512088639395 0.75829958489963 0.807491984963417 0.823015248775482 0.641987264156342 1.57226550579071 1.60177499055862 1.60537505149841 1.70192778110504 1.78128755092621 1.8327419757843 2.10314100980759 2.17092901468277 3.05297863483429 -9999 -9999 -9999 -9999 -9999 -9999 -9999
-9999 -9999 -9999 -9999 -9999 -9999 -9999 -9999 -9999 -9999 -9999 -9999 -9999 -9999 -9999 -9999 -9999 -9999 -9999 18.7632892387254 1.47195070981979 1.35998323559761 1.29621827602386 1.1970479786396 1.06373021006584 0.985502243041992 0.930897027254105 0.923880726099014 0.819143235683441 0.819507747888565 0.837700456380844 0.821343719959259 0.829598218202591 0.916293719640145 1.019153629358 0.921067845362883 0.909723401069641 0.8875221655919 0.790886029601097 0.758127671480179 0.716138949990272 0.753475138774285 0.702356454730034 0.945472089573741 0.819070893526077 0.807645943760872 1.59527546167374 1.61614197492599 1.81305456161499 1.94300097227097 2.21926206350327 -9999 -9999 -9999 -9999 -9999 -9999 -9999 -9999 -9999 -9999 -9999
-9999 -9999 -9999 -9999 -9999 -9999 -9999 -9999 -9999 -9999 -9999 -9999 -9999 -9999 -9999 -9999 -9999 3.74003541469574 2.00654178857803 1.56719470024109 1.44708976149559 1.0442887544632 0.887024223804474 0.82784628868103 0.80764576792717 0.803898721933365 0.795940518379211 0.774362236261368 0.753437250852585 0.735512986779213 0.684639751911163 0.686671480536461 0.495490506291389 0.688002113252878 0.792598533444107 0.840016739442945 0.84668584380831 0.834432242172105 0.720545637820448 0.728540507810456 0.701848638909204 0.669178940355778 0.671457013913563 0.696198332309723 0.790844634175301 0.855167949199676 1.61506076369967 2.15458602063796 1.84129669268926 1.24001178145409 1.23426523804665 -9999 -9999 -9999 -9999 -9999 -9999 -9999 -9999 -9999 -9999 -9999
-9999 -9999 -9999 -9999 -9999 -9999 -9999 -9999 -9999 -9999 -9999 -9999 -9999 -9999 2.26636719703674 1.96235024929047 1.56329852342606 1.75199103355408 1.42405271530151 1.01076525449753 0.899008512496948 0.838988274335861 0.827057987451553 0.836894989013672 0.803474217653275 0.762123763561249 0.753008276224136 0.757559984922409 0.736572772264481 0.704789265990257 0.702696740627289 0.6639074832201 0.787721246480942 0.749627536535263 0.769429707527161 0.827177441545895 0.751724797700133 0.691198560808386 0.621137249682631 0.589136241802148 0.632676388208683 0.613069359745298 0.626971124538354 0.59953048825264 0.726884780185563 0.838765892386436 0.92705926951021 1.73703064988641 2.01201528310776 1.70411467552185 1.26426377892494 1.23785322904587 -9999 -9999 -9999 -9999 -9999 -9999 -9999 -9999 -9999 -9999
-9999 -9999 -9999 -9999 -9999 -9999 -9999 -9999 -9999 -9999 -9999 2.54072686449274 2.68896818161011 2.08358627557755 1.62632846832275 1.0375169813633 0.883547276258469 0.79262101650238 0.722670748829842 0.715260744094849 0.716126248240471 0.723121494054794 0.792882710695267 0.811315476894379 0.771972745656967 0.770221531391144 0.7488022595644 0.714465737342834 0.677498996257782 0.644858255982399 0.63331201672554 0.585944336652756 0.688583099842071 0.721511048078537 0.762210184335709 0.708807337284088 0.741931682825089 0.673128801584244 0.60036044716835 0.595793296183859 0.634237103737318 0.410593494772911 0.529482766985893 0.554610729217529 0.969765974208713 0.98433056473732 1.36454397439957 1.7193968296051 1.81092381477356 1.84263682365417 2.05630324197852 -9999 -9999 -9999 -9999 -9999 5.74474609993225 6.39032506942749 8.59764218330383 7.93864345550537 32.2870903015137 -9999
-9999 -9999 -9999 -9999 -9999 -9999 -9999 -9999 -9999 2.04305326938629 8.78188865001385 1.5589125752449 1.29438373446465 1.11134245991707 0.873879790306091 0.784191727638245 0.702212244272232 0.640142261981964 0.613919243216515 0.636278986930847 0.640109270811081 0.680439010262489 0.719327241182327 0.767803519964218 0.795790493488312 0.706205248832703 0.688407763838768 0.64851450920105 0.563820764422417 1.22119188308716 1.26777932473591 0.536354070901871 0.584745809435844 0.651161390542984 0.679086053371429 0.671999263763428 0.693036353588104 0.643541812896729 0.591148394346237 0.644349563866854 0.644137611985207 0.490116745233536 0.523548021912575 0.611052006483078 0.77507096529007 0.97004771232605 1.19443577528 1.50941544771194 1.67944729328156 1.48707076907158 1.70113116502762 1.71568197011948 1.84361404180527 2.76489203259096 2.26887667179108 2.53581529855728 2.515016913414 4.99265778064728 4.42200601100922 5.73607885837555 2.3999877512455 -9999
-9999 -9999 -9999 -9999 -9999 1.7251957654953 1.90638899803162 1.78448474407196 1.45359528064728 1.25954023003578 1.1354872584343 0.960103511810303 0.838961988687515 0.766964972019196 0.74234926700592 0.726876005530357 0.66940650343895 0.660543009638786 0.59978024661541 0.640168502926826 0.676884010434151 0.679992735385895 0.760289222002029 0.744595482945442 0.709362745285034 0.633605271577835 0.600142478942871 0.594676494598389 0.597345739603043 0.50848569549047 0.484137281775475 0.517584386467934 0.564766818284988 0.641120082139969 0.628542762994766 0.615764045715332 0.640644913911819 0.609857155808381 0.70111448764801 0.60697279125452 1.11908879689872 0.495966017246246 0.658424243330956 0.681012734770775 0.739142999053001 0.799923777580261 1.0273844897747 1.17956328392029 1.15611827373505 1.26243075728416 1.50987303256989 1.54603117704391 1.58620566129684 1.68631500005722 1.81292241811752 1.82216852903366 1.92519593238831 2.08478558063507 2.95520621538162 3.25646996498108 3.76898396015167 3.88581240177155
-9999 -9999 -9999 -9999 -9999 1.21231350302696 1.22013902664185 1.13011801242828 1.1039032638073 1.03998827934265 0.905460745096207 0.816425979137421 0.782805740833282 0.808299779891968 0.77878126502037 0.781859993934631 0.760177463293076 0.649739250540733 0.615400493144989 0.639719232916832 0.695306271314621 0.705409482121468 0.702727496623993 0.688777506351471 0.675500258803368 0.626627996563911 0.596519261598587 0.6056227684021 0.637094244360924 0.593100987374783 0.612501217768743 0.639127710461617 0.604031559824944 0.633155110478401 0.59353837966919 0.606610143184662 3.47544635534287 0.615664930215904 0.601444387435913 0.580350983142853 0.803189467638731 0.447976514697075 0.586164012551308 0.622742235660553 0.633448496460915 0.60615000128746 0.678150728344917 0.957405030727386 1.08635178208351 0.955095022916794 1.25903776288033 1.37645253539085 1.49252924323082 1.52231258153915 1.60910707712173 1.88207691907883 1.96623069047928 2.27515643835068 2.51443058252335 2.46146106719971 3.48269641399384 7.28582167625427
-9999 -9999 -9999 -9999 -9999 1.06988552212715 1.03759878873825 0.992148041725159 0.908007770776749 0.849361538887024 0.797345280647278 0.771905243396759 0.760805279016495 0.736028999090195 0.813740283250809 0.88220027089119 0.806823760271072 0.708321020007133 0.682476013898849 0.711704269051552 0.707458510994911 0.690579012036324 0.662837997078896 0.642139479517937 0.632450267672539 0.598526269197464 0.600597739219666 0.614431500434875 0.967246100306511 0.47071670461446 0.408630630144706 0.888373526930809 0.427145227789879 0.432388499379158 0.89756449063619 0.669721915441401 2.62059976905584 3.56691093444824 0.645906287431717 0.572549152374268 0.59250432997942 0.662703755497932 0.595977768301964 0.589272022247314 0.593702271580696 0.63110326230526 0.686957985162735 0.85741201043129 0.893935471773148 0.862223267555237 0.821743458509445 1.35448953509331 1.49108996987343 1.35539773106575 1.43539497256279 1.55075633525848 1.39502620697021 1.39116302132607 1.57556408643723 2.40667194128036 3.4190948009491 2.06756070256233
-9999 -9999 -9999 -9999 -9999 0.936530292034149 0.933063715696335 0.852917969226837 0.691182732582092 0.635409727692604 0.650271758437157 0.691606521606445 0.708579763770103 0.705858752131462 0.748876512050629 0.723881229758263 0.688263013958931 0.712640270590782 0.739589989185333 0.711261749267578 0.730213478207588 0.671121016144753 0.657421499490738 0.591979488730431 0.554160743951797 0.588025510311127 0.614837229251862 0.924211271107197 0.901975639164448 0.654251262545586 0.661931231617928 0.552704259753227 0.540646478533745 1.01491962373257 0.639548432826996 0.613725411891937 0.699688953347504 1.53486776351929 0.536257845163345 0.636890643835068 1.34275189042091 0.638751149177551 0.682594721205533 0.56784000992775 0.516841515898705 0.759559258818626 0.654618456959724 0.692791521549225 0.699746266007423 0.708108767867088 0.675548270344734 0.612324759364128 0.605938509106636 0.757295966148376 0.908435225486755 0.959318250417709 0.934664279222488 0.820563018321991 1.10767041359629 1.36416706655707 1.69636607382979 2.6690948009491
-9999 -9999 -9999 -9999 -9999 0.782046765089035 0.701252236962318 0.655781999230385 0.583112239837646 0.608864262700081 0.599228248000145 0.597432732582092 0.658062011003494 0.704820021986961 0.638958737254143 0.677792298793793 0.780413210391998 0.743966236710548 0.73836824297905 0.766625225543976 0.706364259123802 0.684654012322426 0.689209520816803 0.626141265034676 0.57294899225235 0.550164744257927 1.21662328392267 0.964212402701378 0.53471776843071 0.6017145216465 0.583263739943504 1.03492752944722 0.5613022595644 0.642294952273369 0.635560166835785 0.659536290168762 1.22543705999851 0.982783388346434 1.02169041708112 0.867571402341127 0.814034253358841 0.789510386064649 0.444387003779411 0.49778325855732 0.45523801445961 0.649423010209027 0.56163302063942 0.582431271672249 0.643745988607407 0.644021987915039 0.675548985600471 0.657679483294487 0.624501004815102 0.665670767426491 0.823701024055481 1.08705371618271 0.801688492298126 1.34849846363068 1.06278074639184 1.23409996926785 1.87026107311249 2.01506222784519
