EcologicalScience/Bass/data/rs_data_bass/chl_137.asc
NCOLS 226 
NROWS 124 
XLLCORNER -9.41648524995501 
YLLCORNER 47.587301625531 
CELLSIZE 0.0833 
NODATA_value -9999 
[rows 0 to 26 of 124, columns 62 to 123 of 226]
-9999 -9999 -9999 -9999 -9999 -9999 -9999 -9999 -9999 -9999 -9999 -9999 -9999 -9999 -9999 -9999 -9999 -9999 -9999 -9999 -9999 -9999 -9999 -9999 -9999 -9999 -9999 -9999 -9999 -9999 -9999 -9999 -9999 -9999 -9999 -9999 -9999 -9999 -9999 -9999 -9999 -9999 -9999 -9999 -9999 -9999 -9999 -9999 -9999 -9999 -9999 -9999 -9999 -9999 -9999 -9999 -9999 -9999 -9999 -9999 -9999 -9999
-9999 -9999 -9999 -9999 -9999 -9999 -9999 -9999 -9999 -9999 -9999 -9999 -9999 -9999 -9999 -9999 -9999 -9999 -9999 -9999 -9999 -9999 -9999 -9999 -9999 -9999 -9999 -9999 -9999 -9999 -9999 -9999 -9999 -9999 -9999 -9999 -9999 -9999 -9999 -9999 -9999 -9999 -9999 -9999 -9999 -9999 -9999 -9999 -9999 -9999 -9999 -9999 -9999 -9999 -9999 -9999 -9999 -9999 -9999 -9999 -9999 -9999
-9999 -9999 -9999 -9999 -9999 -9999 -9999 -9999 -9999 -9999 -9999 -9999 -9999 -9999 -9999 -9999 -9999 -9999 -9999 -9999 -9999 -9999 -9999 -9999 -9999 -9999 -9999 -9999 -9999 -9999 -9999 -9999 -9999 -9999 -9999 -9999 -9999 -9999 -9999 -9999 -9999 -9999 -9999 -9999 -9999 -9999 -9999 -9999 -9999 -9999 -9999 -9999 -9999 -9999 -9999 -9999 -9999 -9999 -9999 -9999 -9999 -9999
-9999 -9999 -9999 -9999 -9999 -9999 -9999 -9999 -9999 -9999 -9999 -9999 -9999 -9999 -9999 -9999 -9999 -9999 -9999 -9999 -9999 -9999 -9999 -9999 -9999 -9999 -9999 -9999 -9999 -9999 -9999 -9999 -9999 -9999 -9999 -9999 -9999 -9999 -9999 -9999 -9999 -9999 -9999 -9999 -9999 -9999 -9999 -9999 -9999 -9999 -9999 -9999 -9999 -9999 -9999 -9999 -9999 -9999 -9999 -9999 -9999 -9999
-9999 -9999 -9999 -9999 -9999 -9999 -9999 -9999 -9999 -9999 -9999 -9999 -9999 -9999 -9999 -9999 -9999 -9999 -9999 -9999 -9999 -9999 -9999 -9999 -9999 -9999 -9999 -9999 -9999 -9999 -9999 -9999 -9999 -9999 -9999 -9999 -9999 -9999 -9999 -9999 -9999 -9999 -9999 -9999 -9999 -9999 -9999 -9999 -9999 -9999 -9999 -9999 -9999 -9999 -9999 -9999 -9999 -9999 -9999 -9999 -9999 -9999
-9999 -9999 -9999 -9999 -9999 -9999 -9999 -9999 -9999 -9999 -9999 -9999 -9999 -9999 -9999 -9999 -9999 -9999 -9999 -9999 -9999 -9999 -9999 -9999 -9999 -9999 -9999 -9999 0.63735419511795 0.784670570144688 2.14903980866075 1.21809818968177 1.13919876515865 1.01792915537953 0.919977290555835 0.823824930936098 0.803346399217844 0.765641374513507 0.754921725019813 0.736265868879855 0.731385293416679 0.721702136099339 0.683043228462338 0.634982004761696 0.609698250889778 0.612197393551469 0.637664769776165 0.65856104157865 0.655037152580917 0.650265312753618 0.620889768004417 0.628828031010926 0.618631727993488 0.618429939262569 0.659213203936815 0.66546646412462 0.683508362621069 0.693065056577325 0.675893492996693 0.706101824529469 0.707362135872245 0.702302992343903
-9999 -9999 -9999 -9999 -9999 -9999 -9999 -9999 -9999 -9999 -9999 -9999 -9999 -9999 -9999 -9999 -9999 -9999 -9999 -9999 -9999 -9999 -9999 -9999 -9999 -9999 1.18186515569687 1.0627324283123 2.59718104451895 2.1276996396482 1.96207232773304 1.65292022936046 1.4504312183708 1.15162506513298 0.928705098107457 0.825231280177832 0.831960909068584 0.836494842544198 0.829912332817912 0.825056316331029 0.802132666110992 0.770234635099769 0.729482548311353 0.695524829439819 0.681505096144974 0.659615107811987 0.73252677731216 0.729876665398479 0.639375840313733 0.669024232774973 0.672672992572188 0.680713028647006 0.672486218623817 0.767485317774117 0.682858080603182 0.703158888034523 0.690787176601589 0.656180108897388 0.707605085335672 0.698092485778034 0.69705583434552 0.680612890049815
-9999 -9999 -9999 -9999 -9999 -9999 -9999 -9999 -9999 -9999 -9999 -9999 -9999 -9999 -9999 -9999 -9999 -9999 -9999 -9999 -9999 -9999 -9999 -9999 -9999 -9999 1.18186515569687 2.44627755135298 2.18117134273052 1.78445607796311 1.52082009427249 1.28447276540101 1.0218250695616 0.947065411135554 0.913438880816102 0.858663853257895 0.847809853032231 0.817727845162153 0.791463956236839 0.772220212966204 0.76708497852087 0.753767902962863 0.764641402289271 0.753367396071553 0.743311014957726 0.69865861069411 0.717115787789226 0.715573567897081 0.703601569868624 0.686829666607082 0.699260107241571 0.650951170362532 0.631524506025016 0.582174514420331 0.604940819554031 0.684822413139045 0.731405267491937 0.699596989899874 0.699855526909232 0.722208458930254 0.3397764518857 0.693454468622804
-9999 -9999 -9999 -9999 -9999 -9999 -9999 -9999 -9999 -9999 -9999 -9999 -9999 -9999 -9999 -9999 -9999 -9999 -9999 -9999 -9999 -9999 -9999 -9999 -9999 -9999 2.65386605635285 2.81028060615063 2.42918818630278 1.69974119402468 1.33732582256198 1.13270502537489 1.09640437178314 0.925038004294038 0.917393831536174 0.882043378427625 0.886057734489441 0.856555916368961 0.816322138532996 0.781627641990781 0.778024675324559 0.774549714289606 0.785036606714129 0.75810918956995 0.71295783855021 0.709728095680475 0.731920220889151 0.732388104312122 0.731925406493247 0.678275685757399 0.680918966419995 0.673350281082094 0.627054825425148 0.6623376281932 0.719034863635898 0.680784473195672 0.6855109333992 0.924624142237008 0.330141288787127 0.342387393116951 0.373779155313969 0.633709584362805
-9999 -9999 -9999 -9999 -9999 -9999 -9999 -9999 -9999 -9999 -9999 -9999 -9999 -9999 -9999 -9999 -9999 -9999 -9999 -9999 -9999 -9999 -9999 -9999 -9999 1.19121462106705 2.84144363924861 2.31221914663911 1.93649408407509 1.54673316702247 1.37031835131347 1.30936004966497 1.18019027262926 1.00035616569221 0.940965570509434 0.976877856999636 0.946036906912923 0.908645102754235 0.854392999783158 0.813848636113107 0.803020530380309 0.804288916289806 0.801311650313437 0.752405008301139 0.695357887074351 0.76254406850785 0.731487843208015 0.730978569947183 0.679344177246094 0.630853230133653 0.657336780801415 0.71484190877527 0.724698292091489 0.390794148296118 0.698795020580292 0.674106135964394 0.678445899859071 0.672594515606761 0.75122220441699 0.742717581801116 0.713783629238605 0.689004354178905
-9999 -9999 -9999 -9999 -9999 -9999 -9999 -9999 -9999 -9999 -9999 -9999 -9999 -9999 -9999 -9999 -9999 -9999 -9999 -9999 -9999 -9999 -9999 -9999 -9999 1.85025456547737 2.01318944245577 1.71919387020171 1.44611136987805 1.27091734483838 1.27951057255268 1.31999217532575 1.45889420807362 1.28583414852619 0.980020741000772 0.995628783479333 0.943044830113649 0.902024382725358 0.858908456750214 0.849691545590758 0.842159494757652 0.828067436814308 0.80231549218297 0.756932116113603 0.701236786320806 0.692094446159899 0.692997970618308 0.658845959231257 0.647843526676297 0.621737821027637 0.584807557985187 0.635830638930202 0.377176293730736 0.384565345942974 0.626819159835577 0.635567243210971 0.634169979952276 0.829518254846334 0.702503621578217 0.709516502916813 0.71075664460659 0.62721148878336
-9999 -9999 -9999 -9999 -9999 -9999 -9999 -9999 -9999 -9999 -9999 -9999 -9999 -9999 -9999 -9999 -9999 -9999 -9999 -9999 -9999 -9999 -9999 -9999 1.31647038459778 1.87038263306022 1.58797836117446 1.53281046822667 1.30807981453836 1.24259898997843 1.21969384141266 1.16561543382704 1.04822332039475 1.06245473027229 1.02109928056598 0.960267338901758 0.921033795922995 0.912967471405864 0.872735761106014 0.858572892844677 0.872862702235579 0.872094858437777 0.829164516180754 0.770189004018903 0.72784529440105 0.698839201591909 0.706268347799778 0.672678438015282 0.64584356546402 0.632827791385353 0.577014338225126 0.579623764380813 0.593600864522159 0.642616306431592 0.629308962263167 0.6207923758775 0.58363317232579 0.557834610342979 0.649981878697872 0.631938748061657 0.567127123475075 0.601589262485504
-9999 -9999 -9999 -9999 -9999 -9999 -9999 -9999 -9999 -9999 -9999 -9999 -9999 -9999 -9999 -9999 -9999 -9999 -9999 -9999 -9999 -9999 -9999 1.50594073534012 1.94753573834896 1.75477327778935 1.65627624280751 1.36257556267083 1.20801691710949 1.0716887768358 1.09758673422039 1.08980411477387 1.13998438976705 1.04483401961625 1.0225884038955 0.915581462904811 0.935934036970139 0.909234272316098 0.890894036740065 0.900691352784634 0.504171501100063 0.880346920341253 0.792536180466413 0.761175697669387 0.707296910695732 0.690700085833669 0.700448887422681 0.689962190575898 0.645637298002839 0.61196281760931 0.59163857717067 0.620078290812671 0.613077711313963 0.64192923065275 0.646636630408466 0.64087763428688 0.599792987108231 0.620012998580933 0.732756748795509 0.673271253705025 0.66175539046526 0.585718497633934
-9999 -9999 -9999 -9999 -9999 -9999 -9999 -9999 -9999 -9999 -9999 -9999 -9999 -9999 -9999 -9999 -9999 -9999 -9999 -9999 -9999 -9999 2.7073561128448 2.44215628329445 2.19825911521912 1.45908290706575 1.29163632541895 1.21562682464719 1.15181221067905 1.15017388947308 1.23390766605735 1.14845637045801 1.01859662309289 1.00059956498444 0.971063990145922 0.870359038934112 0.887240381911397 0.899677170440555 0.913825406692922 1.00172013603151 0.531059949100018 0.75364807844162 0.81791325006634 0.73717069812119 0.711338826455176 0.702417346648872 0.692210244946182 0.670990233309567 0.636187976226211 0.625554417259991 0.573827533051372 0.62660704459995 0.636416732333601 0.671132767572999 0.619670614600182 0.614200875163078 0.613102488219738 0.690873004496098 0.705718874931335 0.604851007461548 0.636236102320254 0.796355903148651
-9999 -9999 -9999 -9999 -9999 -9999 -9999 -9999 -9999 -9999 -9999 -9999 -9999 -9999 -9999 -9999 -9999 -9999 -9999 -9999 2.64602583646774 1.98106461624767 2.53064592445598 2.34799527749419 2.04493318498135 1.58545070886612 1.28932062350214 1.25479526817799 1.212646253407 1.14939193055034 1.09650336205959 1.04681580327451 0.986959554255009 1.01898235268891 0.981292258948088 0.94972980581224 0.919394681230187 0.878092372789979 0.878964001312852 0.596793252229691 0.608702144026756 1.17949725966901 0.972302466630936 0.892332513816655 0.791164501570165 0.778263542801142 0.777163404040039 0.702133806422353 0.66666473262012 0.647274705581367 0.626994548365474 0.575330483727157 0.632338969968259 0.627834007143974 0.600795752123783 0.580407399095987 0.608870252966881 0.623756624758244 0.637777492403984 0.612464256584644 0.575595371425152 0.625829994678497
-9999 -9999 -9999 -9999 -9999 -9999 -9999 -9999 -9999 -9999 -9999 -9999 -9999 -9999 -9999 -9999 -9999 -9999 -9999 -9999 2.12252144723668 1.70448539938246 2.31625887751579 2.05803397670388 1.684421595186 1.61945221759379 1.25817441940308 1.74173710346222 1.23468642868102 1.18727150559425 1.16007193922997 1.10928759723902 1.11164709180593 1.09248705022037 1.04146768525243 1.02997305616736 0.924509743228555 0.876020042225718 0.8490004632622 0.854614740237594 0.896776934154332 1.00014750938863 0.568504971265793 2.00344910938293 1.13599737267941 1.05176399834454 0.889013651758432 0.767504520714283 0.690471570007503 0.716908025555313 0.733032859861851 0.608794122934341 0.616902753710747 0.596082374453545 0.584034206835847 0.585935749505696 0.340034297941362 0.632737509906292 0.618946485221386 0.55885161459446 0.513526484370232 0.533592000603676
-9999 -9999 -9999 -9999 -9999 -9999 -9999 -9999 -9999 -9999 -9999 -9999 -9999 -9999 -9999 -9999 -9999 -9999 -9999 2.87470978849074 3.88304693698883 3.43221502751112 3.10379409044981 2.09508962184191 1.82257053852081 1.38784946203232 1.17502992749214 1.23666264116764 1.2117431871593 1.18086560256779 1.12223614566028 1.00270210392773 1.01308397948742 1.02926575765014 1.02539379894733 1.04001884534955 0.934461520984769 0.937894924543798 0.907689451240003 0.926850135438144 1.00911021139473 1.74437732342631 1.76535842288285 1.83609171956778 0.982086807489395 0.80401471350342 0.866549246013165 0.814904498867691 1.07594512961805 0.634054519236088 0.627072729170322 0.65828400850296 0.578782846268855 0.573437022535425 0.540627914823984 0.564357982654321 0.560090638697147 0.582081355154514 0.554058015346527 0.541318885982037 0.526764370501041 0.510216012597084
-9999 -9999 -9999 -9999 -9999 -9999 -9999 -9999 -9999 -9999 -9999 -9999 -9999 -9999 -9999 -9999 -9999 -9999 5.87238745689392 4.32052781581879 4.43423609733582 4.75880680084228 3.07042996883392 2.47444115877151 1.66333862543106 1.75139597654343 1.30612436123192 1.29198253713548 1.29330525733531 1.17431602813303 1.05169878154993 1.04762540571392 1.09416559897363 1.03999560512602 1.01327059976757 1.0437821187079 1.0466693546623 1.15258462540805 1.45787508040667 1.41183687373996 1.49443666264415 1.52926187217236 1.20893963053823 1.10775286797434 1.04226857889444 0.902586752548814 1.09032207727432 0.380465033738052 0.364272231564802 0.681087367236614 0.654744386672974 0.639373138546944 0.618521243333817 0.63208117688957 0.639685359440352 0.630489986978079 0.592284637062173 0.574264481663704 0.574575752019882 0.545481741428375 0.566655747592449 0.558509990572929
-9999 -9999 -9999 -9999 -9999 -9999 -9999 -9999 -9999 -9999 -9999 -9999 -9999 -9999 -9999 -9999 -9999 11.6433708681537 10.3519093513489 7.80362310409546 5.52648892402649 3.50050415992737 2.1382922410965 1.98480784893036 1.83045204877853 2.16196005344391 1.52576307058334 1.66276842914522 1.7261825222522 1.70397770404816 1.45388370752335 1.47234747558832 1.44789257459342 1.18830154649913 1.03895392455161 1.04678615368903 1.08985033258796 1.61600536666811 1.6262150388211 1.91404246352613 1.79898683913052 1.48459431901574 1.48595785629004 1.31796635594219 1.09843428153545 1.15910080075264 0.43442249867846 0.422975595821353 0.398794286391314 0.384876443182721 0.370161479010301 0.355396984692882 0.332123433404109 0.709131025954297 0.719665277161096 0.727726846933365 0.662082169401018 0.612668990304596 0.631004509957213 0.388137335578601 0.39304102694287 0.40448682667578
-9999 -9999 -9999 -9999 -9999 -9999 -9999 -9999 -9999 -9999 -9999 -9999 -9999 -9999 -9999 -9999 -9999 -9999 -9999 1.6196928714451 4.92665138244629 2.78690626621246 2.60116064548492 1.92101900577545 1.19432210028172 1.06295432448387 1.13432501852512 1.18521038591862 1.42784034647048 1.30412095226347 0.991899839043617 1.21474101953208 1.29138472862542 1.20876578986645 1.08843572996557 1.09562448598444 1.22587908245623 2.31684965081513 2.1594990324229 2.32709793001413 2.32539491727948 1.5170586258173 1.42488367203623 1.12601643987 0.978107881732285 0.468386706709862 0.419561197652536 0.420280813294299 0.429667890071869 0.396294480737518 0.379494315999396 0.375818298581769 0.371052003958646 0.415268653455903 0.402148772688473 0.777295596505466 0.424447571237882 0.44551058113575 0.470888085663319 0.486721843481064 0.669120401144028 0.856874505678813
-9999 -9999 -9999 -9999 -9999 -9999 -9999 -9999 -9999 -9999 -9999 -9999 -9999 -9999 -9999 3.96991235017776 10.5279835259042 5.85796642303467 5.12551951408386 4.27078375816345 8.51256942749023 5.72327361106873 2.64859416484833 1.58546398878098 1.22273715436459 1.26902854442596 1.13081901967525 1.18247218728065 1.45916981622577 1.23771820776165 1.2048020940274 1.20028058812022 1.33441282622516 1.31124835833907 1.40715150162578 1.62495443969965 1.26984853483737 1.5238892622292 2.0145533233881 2.23871210217476 1.91691315360367 1.79255492426455 1.85986085236073 1.10709071159363 0.971015632152557 0.424741311108365 0.413320374401177 0.419967366930316 0.435091141830472 0.439655021709554 0.413640837897273 0.384628061424283 0.390118374982301 0.376785885761766 0.595257832109928 0.396809769903912 0.621269583702087 0.553402761618296 0.499088848630587 0.698966257274151 0.705110639333725 0.528938164313634
-9999 -9999 -9999 -9999 -9999 -9999 -9999 -9999 -9999 -9999 35.2986888885498 35.2986888885498 13.7248649597168 2.02374407223293 16.6172315597534 10.7702017784119 11.086466884613 10.7038558006287 8.34588212966919 11.5003489494324 13.2520587921143 7.57436084747314 1.21774088591337 6.40791182518005 1.73721304535866 7.55763072967529 1.25305125117302 1.17486865818501 1.26811131834984 0.979835999011993 1.0848748292774 1.10661293193698 1.11245808005333 1.45392593555152 1.50580783188343 1.18922828324139 1.3664299249649 1.20054192468524 1.20531288720667 1.25577567704022 0.850330936722457 1.13431124389172 1.81589291989803 1.50191058777273 1.1604545339942 0.83348024636507 0.904083386063576 0.913112975656986 0.861549384891987 0.477838024935302 0.475130641285111 0.461052920011913 0.914097259938717 1.88871385008097 1.73099229857326 0.57561873951379 0.554833639193984 0.503627161184947 0.545416822036107 0.501464829725378 0.50624937257346 0.507065734442543
-9999 -9999 -9999 -9999 -9999 -9999 -9999 -9999 -9999 -9999 35.2986888885498 4.48100026722612 3.28606673330069 8.32988176345825 11.1235048294067 11.8311149597168 8.35611333847046 17.9794957190752 8.08173217159687 2.40528126060963 2.38396847248077 1.74786445498466 1.36878526210785 1.52259760536253 11.6735137939453 1.48475249111652 1.49513925611973 1.43533650040627 1.09899745881557 1.00881524384022 0.852049492299557 0.813812690973282 1.00784436240792 0.980934469029307 0.728587321937084 1.3177256975323 1.93823648616672 1.4484786093235 0.905087262392044 0.854945957660675 0.92716258764267 0.836199358105659 0.793600112199783 0.814492508769035 0.890334002673626 0.903574861586094 0.754215953981175 0.637349814176559 0.574118790381095 0.53819322235444 3.15742748081684 1.84644010365009 1.23823221623898 1.64511060900986 0.771982133388519 0.637304469066508 0.629401016761275 0.655795603990555 0.671083738406499 0.665881504615148 0.54848667540971 0.515247968189857
-9999 -9999 -9999 -9999 -9999 -9999 -9999 -9999 -9999 -9999 -9999 -9999 14.5670998738362 4.18295319641338 17.3568670272827 3.83752055790113 -9999 -9999 -9999 -9999 -9999 -9999 2.18358681164682 2.11621914803982 1.93011152744293 1.75301174819469 1.60505291819572 1.52479948103428 1.44070838391781 6.14365142583847 1.45228046178818 0.814878442883491 1.04174313694239 1.04393632896245 0.81164276599884 0.675614131987095 1.18598496168852 1.24704843945801 1.2252952940762 1.67401909455657 1.26675091311336 1.03422292135656 0.778316617012024 0.641180513536229 0.815101851435269 0.937696200959823 0.838653208578334 0.680091151419808 0.66964307690368 0.666024014353752 0.65201999334728 0.667387236567105 0.894750729203224 0.608926718725878 0.627913852824884 0.664323044173858 0.666331555913476 0.681029304862022 0.698895911375682 0.668823252121607 0.489101168863914 0.633748014767965
-9999 -9999 -9999 -9999 -9999 -9999 -9999 -9999 -9999 -9999 -9999 -9999 -9999 16.6274771690369 16.6274771690369 16.6274771690369 -9999 -9999 -9999 -9999 -9999 -9999 4.94490551948547 4.94490551948547 4.94490551948547 0.308659605681896 1.62742529417339 1.28517753258348 1.32147896289825 1.66235667094588 1.21693535149097 1.12121696770191 1.12697437405586 1.10030923783779 1.21713333204389 1.04295513778925 1.19066446647048 0.669884249567986 1.11225699819624 0.806361246109009 1.18766977451742 0.748211234807968 0.645667935995495 0.57891506049782 0.736962200087659 0.557825017501326 0.683095228146104 0.657974954913644 0.649674601414624 0.636731620220577 0.648975070785074 0.692650056060623 0.695872038602829 0.754509024760302 0.712166264653206 0.491030249744654 0.486809995025396 0.662738997270079 0.653006470378707 0.644317101906328 0.726546823978424 0.694231738646825
-9999 -9999 -9999 -9999 -9999 -9999 -9999 -9999 -9999 -9999 -9999 -9999 -9999 -9999 -9999 -9999 -9999 -9999 -9999 -9999 -9999 -9999 -9999 -9999 -9999 -9999 2.3646735727787 2.6772293150425 2.35385736823082 1.79813776910305 1.58360400795937 1.28325225412846 1.13617350161076 1.04621359705925 0.956135272979736 0.93453374505043 0.669456358999014 0.648957386612892 0.639570761471987 0.654796879738569 0.571560810785741 0.551332621369511 0.540747363120317 0.624074031324948 0.639206602292902 0.636159602333518 0.698126032948494 0.609804418869317 0.596612912602723 0.621895803138614 0.668493550489931 0.663987349937944 0.650939746814616 0.659245204399614 0.666424297234591 0.692551573117574 0.749524677793185 0.648058289114167 0.62167006993995 0.610004745862063 0.580511701457641 1.86653056442738
-9999 -9999 -9999 -9999 -9999 -9999 -9999 -9999 -9999 -9999 -9999 -9999 -9999 -9999 -9999 -9999 -9999 -9999 -9999 -9999 -9999 -9999 -9999 -9999 -9999 -9999 -9999 6.26780750637963 2.88392212986946 2.02835243940353 2.30638387799263 1.9265148639679 1.47793579101562 1.10909923911095 1.01259825378656 0.863584846258163 0.747163116931915 0.691768147051334 0.668452855199575 0.631058257073164 0.616056182887405 0.604786592535675 0.601344076450914 0.600967492908239 0.651809614151716 0.658671006560326 0.636991504579782 0.763276509940624 0.742686375975609 0.737010017037392 0.7249063141644 0.67888852301985 0.697938784025609 0.687960502855918 0.696358465589583 0.754439949989319 0.65741218801807 1.41523164510727 1.39003535360098 1.83305058628321 1.64287965297699 1.73405106961727
