EcologicalScience/Bass/data/rs_data_bass/chl_547.asc
NCOLS 226 
NROWS 124 
XLLCORNER -9.41648524995501 
YLLCORNER 47.587301625531 
CELLSIZE 0.0833 
NODATA_value -9999 
[rows 0 to 26 of 124, columns 62 to 123 of 226]
-9999 -9999 -9999 -9999 -9999 -9999 -9999 -9999 -9999 -9999 -9999 -9999 -9999 -9999 -9999 -9999 -9999 -9999 -9999 -9999 -9999 -9999 -9999 -9999 -9999 -9999 -9999 -9999 -9999 -9999 -9999 -9999 -9999 -9999 -9999 -9999 -9999 -9999 -9999 -9999 -9999 -9999 -9999 -9999 -9999 -9999 -9999 -9999 -9999 -9999 -9999 -9999 -9999 -9999 -9999 -9999 -9999 -9999 -9999 -9999 -9999 -9999
-9999 -9999 -9999 -9999 -9999 -9999 -9999 -9999 -9999 -9999 -9999 -9999 -9999 -9999 -9999 -9999 -9999 -9999 -9999 -9999 -9999 -9999 -9999 -9999 -9999 -9999 -9999 -9999 -9999 -9999 -9999 -9999 -9999 -9999 -9999 -9999 -9999 -9999 -9999 -9999 -9999 -9999 -9999 -9999 -9999 -9999 -9999 -9999 -9999 -9999 -9999 -9999 -9999 -9999 -9999 -9999 -9999 -9999 -9999 -9999 -9999 -9999
-9999 -9999 -9999 -9999 -9999 -9999 -9999 -9999 -9999 -9999 -9999 -9999 -9999 -9999 -9999 -9999 -9999 -9999 -9999 -9999 -9999 -9999 -9999 -9999 -9999 -9999 -9999 -9999 -9999 -9999 -9999 -9999 -9999 -9999 -9999 -9999 -9999 -9999 -9999 -9999 -9999 -9999 -9999 -9999 -9999 -9999 -9999 -9999 -9999 -9999 -9999 -9999 -9999 -9999 -9999 -9999 -9999 -9999 -9999 -9999 -9999 -9999
-9999 -9999 -9999 -9999 -9999 -9999 -9999 -9999 -9999 -9999 -9999 -9999 -9999 -9999 -9999 -9999 -9999 -9999 -9999 -9999 -9999 -9999 -9999 -9999 -9999 -9999 -9999 -9999 -9999 -9999 -9999 -9999 -9999 -9999 -9999 -9999 -9999 -9999 -9999 -9999 -9999 -9999 -9999 -9999 -9999 -9999 -9999 -9999 -9999 -9999 -9999 -9999 -9999 -9999 -9999 -9999 -9999 -9999 -9999 -9999 -9999 -9999
-9999 -9999 -9999 -9999 -9999 -9999 -9999 -9999 -9999 -9999 -9999 -9999 -9999 -9999 -9999 -9999 -9999 -9999 -9999 -9999 -9999 -9999 -9999 -9999 -9999 -9999 -9999 -9999 -9999 -9999 -9999 -9999 -9999 -9999 -9999 -9999 -9999 -9999 -9999 -9999 -9999 -9999 -9999 -9999 -9999 -9999 -9999 -9999 -9999 -9999 -9999 -9999 -9999 -9999 -9999 -9999 -9999 -9999 -9999 -9999 -9999 -9999
-9999 -9999 -9999 -9999 -9999 -9999 -9999 -9999 -9999 -9999 -9999 -9999 -9999 -9999 -9999 -9999 -9999 -9999 -9999 -9999 -9999 -9999 -9999 -9999 -9999 -9999 -9999 -9999 0.63735419511795 2.0510219335556 1.99086248874664 1.46860206127167 1.18675830960274 1.09597510099411 0.985897690057755 0.910703837871552 0.868965893983841 0.864640563726425 0.889278888702393 0.999534130096436 1.04798063635826 1.09236377477646 1.06736129522324 1.0026795566082 1.02040788531303 1.10585287213326 1.10102963447571 1.01718181371689 0.982067406177521 0.982079207897186 0.944406777620316 0.948957949876785 0.927893668413162 0.902453720569611 0.942187696695328 1.17438188195229 1.20430299639702 0.954526662826538 0.777029424905777 0.746816754341125 0.769556432962418 0.740752726793289
-9999 -9999 -9999 -9999 -9999 -9999 -9999 -9999 -9999 -9999 -9999 -9999 -9999 -9999 -9999 -9999 -9999 -9999 -9999 -9999 -9999 -9999 -9999 -9999 -9999 -9999 1.18186515569687 1.0627324283123 2.17829096317291 1.95826077461243 1.54546988010406 1.09245049953461 1.03166913986206 1.04873898625374 0.936466187238693 0.874871045351028 0.853381276130676 0.93676033616066 0.989347189664841 1.04775685071945 1.1240339577198 1.13734576106071 1.23590880632401 1.14348337054253 1.0175373852253 0.998101025819778 0.965589791536331 0.922961622476578 0.904288530349731 0.871662765741348 0.868440985679626 0.84343546628952 0.77709549665451 0.756533414125443 0.817305117845535 0.917077660560608 0.897633969783783 0.743773430585861 0.706256076693535 0.682402968406677 0.709688544273376 0.690175071358681
-9999 -9999 -9999 -9999 -9999 -9999 -9999 -9999 -9999 -9999 -9999 -9999 -9999 -9999 -9999 -9999 -9999 -9999 -9999 -9999 -9999 -9999 -9999 -9999 -9999 -9999 1.18186515569687 2.16629415750504 2.36327666044235 1.72612130641937 1.52392315864563 1.26418206095695 1.11034083366394 1.0631337761879 0.977430403232574 0.940093517303467 0.936702400445938 0.999774992465973 1.05172446370125 0.997033685445786 0.959065675735474 1.05944332480431 1.18884113430977 1.23304706811905 1.05050557851791 1.01166021823883 0.983291298151016 0.948937743902206 0.953761070966721 0.879190921783447 0.821190655231476 0.784686505794525 0.752304911613464 0.745564341545105 0.751009851694107 0.707027480006218 0.736160829663277 0.82548576593399 0.839893877506256 0.864853888750076 1.04318752884865 1.27622258663177
-9999 -9999 -9999 -9999 -9999 -9999 -9999 -9999 -9999 -9999 -9999 -9999 -9999 -9999 -9999 -9999 -9999 -9999 -9999 -9999 -9999 -9999 -9999 -9999 -9999 -9999 2.76458913087845 3.79574847221375 2.39246141910553 1.95156544446945 1.46909067034721 1.16410222649574 1.0612670481205 0.993247926235199 0.939054697751999 0.942748636007309 0.990198165178299 1.03412246704102 1.06924787163734 1.04953971505165 1.08104673027992 1.05073446035385 1.21848723292351 1.29771181941032 1.20222660899162 1.16703674197197 1.04241129755974 0.931682109832764 0.873366326093674 0.790061116218567 0.769129782915115 0.733311384916306 0.706053212285042 0.68024043738842 0.682252496480942 0.746346607804298 0.767664402723312 0.737682223320007 0.702484354376793 0.788090944290161 0.999086737632751 1.26072505116463
-9999 -9999 -9999 -9999 -9999 -9999 -9999 -9999 -9999 -9999 -9999 -9999 -9999 -9999 -9999 -9999 -9999 -9999 -9999 -9999 -9999 -9999 -9999 -9999 -9999 1.19121462106705 3.14449381828308 3.388747215271 1.94182044267654 1.43580222129822 1.34315371513367 1.13454285264015 1.10902824997902 1.07173722982407 1.07222163677216 1.11467769742012 1.15042859315872 1.23755630850792 1.17488390207291 1.12133628129959 1.12039214372635 1.11084741353989 1.10235384106636 1.21576336026192 1.23343160748482 1.10144466161728 1.05426800251007 0.90476256608963 0.782939583063126 0.737495049834251 0.707333788275719 0.701789617538452 0.754320591688156 0.767988950014114 0.676375910639763 0.677416294813156 0.671942800283432 0.814377218484879 1.1365382373333 1.34514936804771 1.48418623209 1.7498527765274
-9999 -9999 -9999 -9999 -9999 -9999 -9999 -9999 -9999 -9999 -9999 -9999 -9999 -9999 -9999 -9999 -9999 -9999 -9999 -9999 -9999 -9999 -9999 -9999 -9999 3.60030555725098 2.8115222454071 2.12116670608521 1.62693214416504 1.29973500967026 1.15919548273087 1.10943773388863 1.08803799748421 1.03942716121674 1.04967105388641 1.0622099339962 1.10909163951874 1.19309797883034 1.25286036729813 1.25370472669601 1.26043394207954 1.12862840294838 1.02487760782242 0.967489242553711 1.10564053058624 1.01610991358757 1.050233066082 0.949420899152756 0.779549092054367 0.735280975699425 0.730329796671867 0.807920336723328 0.820246607065201 0.794219076633453 0.769421607255936 0.73045027256012 0.717522293329239 0.999472707509995 1.46308082342148 1.75651717185974 1.96918827295303 2.10870122909546
-9999 -9999 -9999 -9999 -9999 -9999 -9999 -9999 -9999 -9999 -9999 -9999 -9999 -9999 -9999 -9999 -9999 -9999 -9999 -9999 -9999 -9999 -9999 -9999 1.31647038459778 3.16852533817291 2.519158244133 1.82548606395721 1.38406553864479 1.42045623064041 1.44134670495987 1.34182199835777 1.25114437937737 1.12087941169739 1.22216561436653 1.25045299530029 1.16684862971306 1.13388776779175 1.11924058198929 1.1581694483757 1.20281526446342 1.27773696184158 1.20712986588478 1.15911430120468 1.11905881762505 1.01725262403488 0.947221040725708 0.887448370456696 0.886161357164383 0.912629395723343 0.855395793914795 0.798965066671371 0.839057207107544 0.902686983346939 0.980739712715149 0.939427435398102 1.0418219268322 1.31107100844383 1.56405276060104 2.06132876873016 2.3145489692688 1.96795928478241
-9999 -9999 -9999 -9999 -9999 -9999 -9999 -9999 -9999 -9999 -9999 -9999 -9999 -9999 -9999 -9999 -9999 -9999 -9999 -9999 -9999 -9999 -9999 1.50594073534012 3.07161211967468 3.25713121891022 2.55401086807251 1.99505299329758 1.52733546495438 1.45663717389107 1.50140529870987 1.31325075030327 1.2800340950489 1.21612080931664 1.2506645321846 1.27426600456238 1.23700180649757 1.10976022481918 1.02736204862595 1.04280281066895 1.03480982780457 1.15013015270233 1.07975202798843 0.989402800798416 0.93650221824646 0.882864564657211 0.976287961006165 0.910618007183075 0.949813306331635 0.832495182752609 0.833340525627136 1.03376752138138 1.25671201944351 1.52078139781952 1.59514492750168 1.57368564605713 1.53928774595261 1.7717707157135 1.90095520019531 1.94895458221436 2.09269720315933 1.73608481884003
-9999 -9999 -9999 -9999 -9999 -9999 -9999 -9999 -9999 -9999 -9999 -9999 -9999 -9999 -9999 -9999 -9999 -9999 -9999 -9999 -9999 -9999 3.41389524936676 3.36140584945679 3.28222346305847 2.09791016578674 2.17164266109467 1.83857792615891 1.62922561168671 1.66335153579712 1.65691834688187 1.38530820608139 1.26676627993584 1.26030269265175 1.20107066631317 1.20932954549789 1.14327710866928 1.16647705435753 1.15815845131874 1.09826105833054 1.06649726629257 1.03018775582314 1.00036624073982 0.983598679304123 0.922433495521545 0.881717383861542 0.860133558511734 1.00773596763611 1.03887212276459 0.984551578760147 1.10707354545593 1.34573775529861 1.58912622928619 1.49997889995575 1.66180264949799 1.64273196458817 1.55335396528244 1.69904297590256 1.93330961465836 1.91630172729492 1.68207603693008 1.17876720428467
-9999 -9999 -9999 -9999 -9999 -9999 -9999 -9999 -9999 -9999 -9999 -9999 -9999 -9999 -9999 -9999 -9999 -9999 -9999 -9999 2.64602583646774 3.32793009281158 3.09108674526215 2.73957234621048 2.36726385354996 2.0977463722229 1.83766078948975 1.66763591766357 1.58465480804443 1.79577898979187 1.973552942276 1.57909262180328 1.49398469924927 1.35956239700317 1.21026894450188 1.14105784893036 1.18417516350746 1.21558687090874 1.14864519238472 1.11343520879745 1.09414350986481 1.02991980314255 0.935506939888 0.936885237693787 1.05608439445496 1.04549020528793 1.07391491532326 1.24392396211624 1.33583977818489 1.27604940533638 1.29182401299477 1.67403262853622 1.86271101236343 1.9676279425621 1.65778470039368 1.43787726759911 1.42486095428467 1.38627165555954 1.69064480066299 1.65852856636047 1.58112770318985 1.45856702327728
-9999 -9999 -9999 -9999 -9999 -9999 -9999 -9999 -9999 -9999 -9999 -9999 -9999 -9999 -9999 -9999 -9999 -9999 -9999 -9999 2.42817556858063 2.52228891849518 2.3554624915123 1.9561128616333 1.61446523666382 1.54336130619049 1.6297048330307 1.69125419855118 1.67877781391144 1.71219563484192 1.61954551935196 1.38059476017952 1.40958890318871 1.38698574900627 1.41221907734871 1.42767772078514 1.41505506634712 1.42135539650917 1.2447207570076 1.27390292286873 1.20723554491997 0.957248657941818 0.930199831724167 0.956979185342789 0.962038278579712 0.998352348804474 1.04049414396286 1.03106591105461 1.04706439375877 1.14572641253471 1.28135597705841 1.370007365942 1.54309737682343 1.80419808626175 1.80132669210434 1.37629812955856 1.14694654941559 1.10402709245682 1.11267068982124 1.07236468791962 1.20537909865379 1.5184480547905
-9999 -9999 -9999 -9999 -9999 -9999 -9999 -9999 -9999 -9999 -9999 -9999 -9999 -9999 -9999 -9999 -9999 -9999 -9999 8.0664975643158 4.46466386318207 2.75308817625046 2.13043051958084 1.77628362178802 1.59622353315353 1.38925838470459 1.29295760393143 1.34140214323997 1.31471827626228 1.34148868918419 1.48894920945168 1.44743737578392 1.42275461554527 1.48469442129135 1.6538393497467 1.74010491371155 1.74856477975845 1.80027759075165 1.52269327640533 1.28052413463593 1.16276371479034 1.16386073827744 0.930136978626251 0.925504714250565 0.964866936206818 1.02903789281845 1.08329021930695 1.06882998347282 1.15082556009293 1.33643746376038 1.80813020467758 2.16807013750076 2.08608251810074 1.81530976295471 1.4809630215168 1.3107100725174 1.17379340529442 1.17087256908417 1.05676066875458 1.03758618235588 1.3510904610157 1.50366121530533
-9999 -9999 -9999 -9999 -9999 -9999 -9999 -9999 -9999 -9999 -9999 -9999 -9999 -9999 -9999 -9999 -9999 8.86067605018616 9.02809166908264 8.31264281272888 5.43479347229004 3.0831298828125 2.23057866096497 1.87734031677246 1.69883573055267 1.57878220081329 1.54872071743011 1.46316584944725 1.42262265086174 1.55555123090744 1.8893546462059 1.92781323194504 1.86730295419693 1.74116134643555 1.6798574924469 1.76412427425385 1.86037659645081 1.75148713588715 1.63324248790741 1.43155735731125 1.26489534974098 1.29609990119934 1.11682346463203 1.02143257856369 1.19580325484276 1.4424757361412 1.52977573871613 1.53550976514816 1.63995391130447 1.93055069446564 2.24173414707184 2.14069479703903 1.86439633369446 1.64967405796051 1.46100184321404 1.20831209421158 1.08686551451683 1.09711566567421 1.08819580078125 1.24032381176949 1.30008155107498 1.06654170155525
-9999 -9999 -9999 -9999 -9999 -9999 -9999 -9999 -9999 -9999 -9999 -9999 -9999 -9999 -9999 -9999 -9999 7.2885274887085 10.1405975818634 8.12838363647461 5.88874661922455 3.66298270225525 2.62650221586227 2.2542496919632 2.00972181558609 1.86788159608841 1.83845847845078 1.81736040115356 1.64478331804276 1.70742934942245 1.7502293586731 1.89715129137039 1.8315104842186 1.81512326002121 2.00410026311874 1.93601524829865 1.79414534568787 1.58581531047821 1.47082427144051 1.43094205856323 1.40172430872917 1.47002783417702 1.45212596654892 1.34623995423317 1.39249929785728 1.54122573137283 1.63613873720169 1.86828088760376 2.38986790180206 2.55757015943527 2.10977214574814 1.77455574274063 1.37035095691681 1.29858720302582 1.31620743870735 1.147405564785 1.07688894867897 1.0889553129673 1.10734096169472 1.12815597653389 1.09468504786491 0.952461898326874
-9999 -9999 -9999 -9999 -9999 -9999 -9999 -9999 -9999 -9999 -9999 -9999 -9999 -9999 -9999 -9999 -9999 -9999 -9999 3.42689394950867 3.23532772064209 2.87381261587143 2.44250339269638 2.30345034599304 2.20290166139603 1.86194533109665 1.90925824642181 2.10862255096436 2.34012705087662 2.50169134140015 2.40866714715958 2.28959763050079 1.99068117141724 1.77343243360519 1.83508837223053 1.65958088636398 1.65134078264236 1.65624976158142 1.58997559547424 1.43309310078621 1.30857816338539 1.55626022815704 1.51186287403107 1.45714804530144 1.38125413656235 1.41991299390793 1.68321830034256 1.95508807897568 2.30793750286102 2.14090812206268 1.58916556835175 1.31080037355423 1.1333079636097 1.06939128041267 1.10614523291588 1.111941665411 0.982348501682281 0.968417286872864 1.10421672463417 1.09373778104782 0.971859455108643 0.904260724782944
-9999 -9999 -9999 -9999 -9999 -9999 -9999 -9999 -9999 -9999 -9999 -9999 -9999 -9999 -9999 3.21811401844025 5.20619380474091 7.20881652832031 5.14511024951935 4.12395215034485 2.84780645370483 2.48542338609695 2.47938823699951 2.47755700349808 2.25600349903107 2.07215023040771 1.79367005825043 1.99500060081482 2.28138166666031 2.48052281141281 2.39224648475647 2.21978276968002 2.05806308984756 2.1156250834465 2.02949774265289 1.80592203140259 1.7240252494812 1.69537764787674 1.52258706092834 1.39534565806389 1.24425485730171 1.31307166814804 1.49035736918449 1.64722430706024 1.73531860113144 1.9087929725647 2.04381823539734 2.0084981918335 2.06646305322647 1.6932697892189 1.33079990744591 1.13992050290108 1.00210708379745 0.934875726699829 1.00672021508217 1.03408500552177 1.03533938527107 0.981826454401016 0.946342438459396 1.00407090783119 1.1001570224762 0.956782311201096
-9999 -9999 -9999 -9999 -9999 -9999 -9999 -9999 -9999 -9999 35.2986888885498 35.2986888885498 13.7248649597168 9.54614567756653 7.32504415512085 6.40653920173645 6.90008354187012 6.52925705909729 5.12947118282318 4.19630813598633 3.90994334220886 3.04831159114838 2.6312860250473 2.56454282999039 2.41669964790344 1.96737849712372 1.68368428945541 1.68859505653381 1.70951664447784 1.59263670444489 1.56981754302979 1.69930654764175 1.91209763288498 1.79117184877396 1.7081812620163 1.58338415622711 1.5194519162178 1.46408692002296 1.45601651072502 1.41614779829979 1.23990628123283 1.26395398378372 1.34551253914833 1.56732630729675 1.93062901496887 2.11789441108704 1.98639124631882 1.84220016002655 1.51388186216354 1.19652628898621 1.14508178830147 1.1053806245327 0.952441155910492 0.910780370235443 1.00369012355804 1.05049502849579 1.07042348384857 1.07051655650139 1.07274797558784 1.03791618347168 1.0038565993309 1.02153959870338
-9999 -9999 -9999 -9999 -9999 -9999 -9999 -9999 -9999 -9999 35.2986888885498 7.71102619171143 7.0428364276886 8.96070671081543 8.29082465171814 7.36443972587585 6.44967341423035 5.04171752929688 6.91077446937561 5.54986381530762 6.51353287696838 6.04263424873352 4.81877017021179 3.85710060596466 3.34270048141479 2.59949558973312 2.04918819665909 1.89536601305008 1.79656666517258 1.70161181688309 1.6109676361084 1.58443683385849 1.77166360616684 1.84300339221954 1.69118499755859 1.60243731737137 1.45506352186203 1.35599049925804 1.30114710330963 1.27974933385849 1.36643949151039 1.35669305920601 1.41137140989304 1.4416638314724 1.65203833580017 2.19878822565079 2.25526696443558 2.21835172176361 1.68993723392487 1.29646423459053 1.22294542193413 1.11899793148041 1.04996940493584 1.10125136375427 1.10934841632843 1.15697783231735 1.22655263543129 1.18488630652428 1.09847071766853 1.03725564479828 1.1217103600502 1.17557108402252
-9999 -9999 -9999 -9999 -9999 -9999 -9999 -9999 -9999 -9999 -9999 -9999 -9999 5.93211901187897 10.0424745082855 10.1435465812683 7.71303749084473 -9999 -9999 -9999 -9999 -9999 6.46979141235352 6.92622685432434 5.78852140903473 5.08636200428009 3.83280158042908 3.10777401924133 2.64003771543503 2.14812415838242 1.78048449754715 1.58685404062271 1.89017701148987 1.63694804906845 1.52875649929047 1.41590291261673 1.2110053896904 1.11507895588875 1.14893639087677 1.23714798688889 1.30770403146744 1.53870517015457 1.48303359746933 1.22418648004532 1.16597574949265 1.35027560591698 1.70616924762726 1.62532585859299 1.47146165370941 1.33064416050911 1.26248914003372 1.34810462594032 1.35507327318192 1.51119875907898 1.470618724823 1.30666664242744 1.35911428928375 1.26554855704308 1.18969121575356 1.14849480986595 1.17057421803474 1.21770197153091
-9999 -9999 -9999 -9999 -9999 -9999 -9999 -9999 -9999 -9999 -9999 -9999 -9999 16.6274771690369 16.6274771690369 16.6274771690369 -9999 -9999 -9999 -9999 -9999 -9999 4.94490551948547 4.94490551948547 4.94490551948547 0.308659605681896 4.71859967708588 3.30919718742371 2.79124349355698 2.71731644868851 2.39442694187164 1.97687637805939 1.95135927200317 1.99363446235657 1.82386207580566 1.69825458526611 1.55436569452286 1.42778643965721 1.43185901641846 1.44375863671303 1.5318363904953 1.5628554224968 1.71046382188797 1.51426720619202 1.37216144800186 1.50771760940552 1.37375655770302 1.13653895258904 1.27776896953583 1.39690518379211 1.20358139276505 1.16537046432495 1.38592770695686 1.86979901790619 1.86810725927353 1.49607995152473 1.33447703719139 1.34688332676888 1.20007744431496 1.02607119083405 1.01857790350914 1.03880497813225
-9999 -9999 -9999 -9999 -9999 -9999 -9999 -9999 -9999 -9999 -9999 -9999 -9999 -9999 -9999 -9999 -9999 -9999 -9999 -9999 -9999 -9999 -9999 -9999 -9999 -9999 6.18196105957031 3.67371010780334 3.35490918159485 2.73327040672302 2.85613632202148 2.83097183704376 2.35798287391663 1.9898943901062 1.80835300683975 1.92716664075851 2.01714277267456 1.94679218530655 1.57625985145569 1.57551419734955 1.64858812093735 1.76271593570709 1.78278082609177 1.65929710865021 1.4479855298996 1.53323525190353 1.45182797312737 1.20312550663948 1.18225720524788 1.12775105237961 1.22037720680237 1.39586770534515 1.54012656211853 1.81566935777664 1.88290840387344 1.56605333089828 1.36023312807083 1.29298254847527 1.0803464949131 0.943898141384125 0.917910575866699 0.915513038635254
-9999 -9999 -9999 -9999 -9999 -9999 -9999 -9999 -9999 -9999 -9999 -9999 -9999 -9999 -9999 -9999 -9999 -9999 -9999 -9999 -9999 -9999 -9999 -9999 -9999 -9999 -9999 -9999 4.29753577709198 4.58932542800903 3.30159187316895 2.61223840713501 2.55547660589218 2.42880928516388 2.30012637376785 1.76617777347565 1.7042680978775 1.81915122270584 1.78466141223907 2.14074808359146 2.26445907354355 1.99793833494186 1.7790042757988 1.63234323263168 1.25015929341316 1.17284926772118 1.10385963320732 1.0008909702301 1.00145736336708 1.12303876876831 1.18163377046585 1.24520033597946 1.4443547129631 1.65272802114487 1.5979111790657 1.5570033788681 1.41631937026978 1.18833535909653 1.00998437404633 0.937435358762741 0.829259544610977 0.823526948690414
