EcologicalScience/Bass/data/rs_data_bass/chl_338.asc
NCOLS 226 
NROWS 124 
XLLCORNER -9.41648524995501 
YLLCORNER 47.587301625531 
CELLSIZE 0.0833 
NODATA_value -9999 
[rows 0 to 26 of 124, columns 62 to 123 of 226]
-9999 -9999 -9999 -9999 -9999 -9999 -9999 -9999 -9999 -9999 -9999 -9999 -9999 -9999 -9999 -9999 -9999 -9999 -9999 -9999 -9999 -9999 -9999 -9999 -9999 -9999 -9999 -9999 -9999 -9999 -9999 -9999 -9999 -9999 -9999 -9999 -9999 -9999 -9999 -9999 -9999 -9999 -9999 -9999 -9999 -9999 -9999 -9999 -9999 -9999 -9999 -9999 -9999 -9999 -9999 -9999 -9999 -9999 -9999 -9999 -9999 -9999
-9999 -9999 -9999 -9999 -9999 -9999 -9999 -9999 -9999 -9999 -9999 -9999 -9999 -9999 -9999 -9999 -9999 -9999 -9999 -9999 -9999 -9999 -9999 -9999 -9999 -9999 -9999 -9999 -9999 -9999 -9999 -9999 -9999 -9999 -9999 -9999 -9999 -9999 -9999 -9999 -9999 -9999 -9999 -9999 -9999 -9999 -9999 -9999 -9999 -9999 -9999 -9999 -9999 -9999 -9999 -9999 -9999 -9999 -9999 -9999 -9999 -9999
-9999 -9999 -9999 -9999 -9999 -9999 -9999 -9999 -9999 -9999 -9999 -9999 -9999 -9999 -9999 -9999 -9999 -9999 -9999 -9999 -9999 -9999 -9999 -9999 -9999 -9999 -9999 -9999 -9999 -9999 -9999 -9999 -9999 -9999 -9999 -9999 -9999 -9999 -9999 -9999 -9999 -9999 -9999 -9999 -9999 -9999 -9999 -9999 -9999 -9999 -9999 -9999 -9999 -9999 -9999 -9999 -9999 -9999 -9999 -9999 -9999 -9999
-9999 -9999 -9999 -9999 -9999 -9999 -9999 -9999 -9999 -9999 -9999 -9999 -9999 -9999 -9999 -9999 -9999 -9999 -9999 -9999 -9999 -9999 -9999 -9999 -9999 -9999 -9999 -9999 -9999 -9999 -9999 -9999 -9999 -9999 -9999 -9999 -9999 -9999 -9999 -9999 -9999 -9999 -9999 -9999 -9999 -9999 -9999 -9999 -9999 -9999 -9999 -9999 -9999 -9999 -9999 -9999 -9999 -9999 -9999 -9999 -9999 -9999
-9999 -9999 -9999 -9999 -9999 -9999 -9999 -9999 -9999 -9999 -9999 -9999 -9999 -9999 -9999 -9999 -9999 -9999 -9999 -9999 -9999 -9999 -9999 -9999 -9999 -9999 -9999 -9999 -9999 -9999 -9999 -9999 -9999 -9999 -9999 -9999 -9999 -9999 -9999 -9999 -9999 -9999 -9999 -9999 -9999 -9999 -9999 -9999 -9999 -9999 -9999 -9999 -9999 -9999 -9999 -9999 -9999 -9999 -9999 -9999 -9999 -9999
-9999 -9999 -9999 -9999 -9999 -9999 -9999 -9999 -9999 -9999 -9999 -9999 -9999 -9999 -9999 -9999 -9999 -9999 -9999 -9999 -9999 -9999 -9999 -9999 -9999 -9999 -9999 -9999 0.63735419511795 1.22012057552372 6.78864669799805 6.80405974388123 4.25687384605408 1.97456556558609 1.07983347773552 0.481790989637375 0.559640988707542 0.98261171579361 1.30798727273941 1.08813151717186 0.959775745868683 0.812669992446899 0.668727770447731 0.603818982839584 0.616560772061348 0.606428235769272 0.547771498560905 0.544393479824066 0.578854501247406 0.588996738195419 0.638748005032539 0.669546738266945 0.695189237594604 0.687273770570755 0.641307771205902 0.640322998166084 0.559929728507996 0.498894765973091 0.468776240944862 0.437139004468918 0.423119232058525 0.457475244998932
-9999 -9999 -9999 -9999 -9999 -9999 -9999 -9999 -9999 -9999 -9999 -9999 -9999 -9999 -9999 -9999 -9999 -9999 -9999 -9999 -9999 -9999 -9999 -9999 -9999 -9999 1.18186515569687 1.0627324283123 12.4860577583313 9.90035247802734 6.08586359024048 7.42871332168579 5.18536734580994 2.02181106805801 0.945442467927933 1.03152903914452 1.3204784989357 1.21622022986412 1.11373499035835 1.08867448568344 0.953673720359802 0.839209467172623 0.871609479188919 0.978412538766861 0.950422525405884 0.792694509029388 0.723526507616043 0.681837737560272 0.678338259458542 0.643725737929344 0.671427771449089 0.669755235314369 0.692555263638496 0.650007739663124 0.583235263824463 0.572575494647026 0.552003756165504 0.556156486272812 0.539424732327461 0.526590764522552 0.601120501756668 0.630584254860878
-9999 -9999 -9999 -9999 -9999 -9999 -9999 -9999 -9999 -9999 -9999 -9999 -9999 -9999 -9999 -9999 -9999 -9999 -9999 -9999 -9999 -9999 -9999 -9999 -9999 -9999 1.18186515569687 9.88052773475647 7.79247164726257 6.45141577720642 8.7291476726532 3.83914804458618 2.30538457632065 1.75051724910736 1.53643047809601 1.32296320796013 1.1918902695179 1.01946303248405 0.874472290277481 0.811916291713715 0.687337517738342 0.655245736241341 0.74754224717617 0.887687265872955 0.803794473409653 0.692505732178688 0.578580737113953 0.600907489657402 0.661823228001595 0.701252996921539 0.709597483277321 0.720785245299339 0.739290744066238 0.727854743599892 0.727453485131264 0.670515015721321 0.635153979063034 0.798738777637482 0.737943738698959 0.698151737451553 0.765740275382996 0.829665005207062
-9999 -9999 -9999 -9999 -9999 -9999 -9999 -9999 -9999 -9999 -9999 -9999 -9999 -9999 -9999 -9999 -9999 -9999 -9999 -9999 -9999 -9999 -9999 -9999 -9999 -9999 7.5890064239502 5.27933263778687 3.83595442771912 3.95923268795013 3.04674732685089 1.92800170183182 1.27374002337456 1.28903245925903 1.17556947469711 1.07896801829338 1.07459771633148 1.09127247333527 0.907026708126068 0.635803520679474 0.565037995576859 0.608354240655899 0.652118235826492 0.639651730656624 0.635182499885559 0.596634730696678 0.600438728928566 0.669117003679276 0.727537482976913 0.781297534704208 0.836476475000381 0.895709216594696 0.773551493883133 0.785889029502869 0.80420395731926 0.85180726647377 0.877829253673553 0.987331509590149 0.805500000715256 0.797120243310928 0.774790495634079 0.826954543590546
-9999 -9999 -9999 -9999 -9999 -9999 -9999 -9999 -9999 -9999 -9999 -9999 -9999 -9999 -9999 -9999 -9999 -9999 -9999 -9999 -9999 -9999 -9999 -9999 -9999 1.19121462106705 14.7449026107788 3.98388683795929 3.66585159301758 2.47895175218582 1.61433523893356 1.3600409924984 1.12155371904373 1.11725100874901 1.22805154323578 1.10417023301125 0.961841225624084 0.907255500555038 0.851833462715149 0.64138725399971 0.567365258932114 0.575562000274658 0.550344005227089 0.597033753991127 0.627627745270729 0.600395232439041 0.598276510834694 0.629218518733978 0.632817730307579 0.735415488481522 1.05676200985909 1.10722875595093 1.16145524382591 0.936176240444183 0.861426740884781 0.90216001868248 1.00687801837921 0.810093015432358 0.718855485320091 0.632693231105804 0.602100759744644 0.561920240521431
-9999 -9999 -9999 -9999 -9999 -9999 -9999 -9999 -9999 -9999 -9999 -9999 -9999 -9999 -9999 -9999 -9999 -9999 -9999 -9999 -9999 -9999 -9999 -9999 -9999 13.5706143379211 8.49513387680054 3.96352136135101 2.29430097341537 2.90278798341751 3.14415907859802 1.39555647969246 1.14729675650597 1.14441373944283 1.09884452819824 0.98396623134613 0.830103009939194 0.689518511295319 0.71612848341465 0.659575492143631 0.565535992383957 0.542143508791924 0.550604268908501 0.593553766608238 0.662280008196831 0.582430511713028 0.582239985466003 0.647212520241737 0.71407350897789 0.980765283107758 1.30356672406197 1.33290901780128 1.25328978896141 1.08593022823334 0.913018494844437 0.822761982679367 0.822161972522736 0.765024751424789 0.691674739122391 0.590495243668556 0.51095849275589 0.487978488206863
-9999 -9999 -9999 -9999 -9999 -9999 -9999 -9999 -9999 -9999 -9999 -9999 -9999 -9999 -9999 -9999 -9999 -9999 -9999 -9999 -9999 -9999 -9999 -9999 1.31647038459778 10.1315810680389 7.20124554634094 2.94463723897934 1.58881866931915 1.52470046281815 1.69172394275665 1.99507945775986 2.29518377780914 1.25453621149063 1.02590999007225 0.922474533319473 0.773906260728836 0.660176262259483 0.646579518914223 0.602950483560562 0.551033243536949 0.568754240870476 0.591311261057854 0.574419021606445 0.57726976275444 0.521912232041359 0.602856740355492 0.971506476402283 1.14888748526573 1.29814052581787 1.49766603112221 1.41079652309418 1.30360722541809 1.30463701486588 1.12186950445175 0.985685259103775 0.754550278186798 0.761746466159821 0.70353676378727 0.597251996397972 0.565245017409325 0.492357730865479
-9999 -9999 -9999 -9999 -9999 -9999 -9999 -9999 -9999 -9999 -9999 -9999 -9999 -9999 -9999 -9999 -9999 -9999 -9999 -9999 -9999 -9999 -9999 1.50594073534012 4.37867939472198 10.6476752758026 4.73603940010071 2.09441328048706 1.38678824901581 1.43129852414131 1.35529428720474 1.62662243843079 1.98979729413986 1.59531158208847 0.991722017526627 0.837313503026962 0.663247480988503 0.587577760219574 0.568375512957573 0.54051898419857 0.507119983434677 0.509021982550621 0.498456001281738 0.514172986149788 0.528880521655083 0.546857267618179 0.943337291479111 1.22705402970314 1.25688296556473 1.29608103632927 1.32134476304054 1.30414348840714 1.33028250932693 1.32891824841499 1.10287123918533 1.02640423178673 0.847525477409363 0.671149492263794 0.475623741745949 0.409251764416695 0.384499490261078 0.436854019761086
-9999 -9999 -9999 -9999 -9999 -9999 -9999 -9999 -9999 -9999 -9999 -9999 -9999 -9999 -9999 -9999 -9999 -9999 -9999 -9999 -9999 -9999 14.0679030418396 15.7453393936157 8.53628253936768 5.07492685317993 1.73070216178894 1.58569353818893 1.25555250048637 1.15478852391243 1.11046126484871 1.02380695939064 1.18455898761749 1.14624372124672 0.862598955631256 0.773499727249146 0.639964520931244 0.576411008834839 0.671982765197754 0.610180512070656 0.567513003945351 0.519744738936424 0.522977247834206 0.560649007558823 0.586369514465332 0.776818513870239 1.58190375566483 1.57813131809235 1.24201199412346 1.06979477405548 1.00703474879265 1.04594627022743 1.1149739921093 1.28748822212219 1.4425762295723 1.41949653625488 0.889175981283188 0.608690232038498 0.441823482513428 0.36675900220871 0.366182997822762 0.425124764442444
-9999 -9999 -9999 -9999 -9999 -9999 -9999 -9999 -9999 -9999 -9999 -9999 -9999 -9999 -9999 -9999 -9999 -9999 -9999 -9999 2.64602583646774 2.18897297962464 10.9737660884857 21.7231206893921 16.5197124481201 3.39184498786926 2.12330102920532 1.56632477045059 1.23393371701241 1.00244548916817 0.955273479223251 0.848628759384155 0.88767072558403 0.823293775320053 0.777915000915527 0.794886767864227 0.873468786478043 0.940061956644058 1.07045397162437 0.835985273122787 0.688232257962227 0.620570987462997 0.566086515784264 0.572311520576477 0.801747769117355 1.10541146993637 1.64702779054642 1.65355432033539 1.61651319265366 1.3962727189064 1.03788301348686 1.02782472968102 1.05117228627205 1.28429397940636 1.37471777200699 1.17317551374435 0.415136262774467 0.408404991030693 0.395697757601738 0.376419737935066 0.390131995081902 0.351299241185188
-9999 -9999 -9999 -9999 -9999 -9999 -9999 -9999 -9999 -9999 -9999 -9999 -9999 -9999 -9999 -9999 -9999 -9999 -9999 -9999 2.28293000700204 10.9709250926971 7.1342031955719 14.148106098175 6.59654974937439 5.33355438709259 1.91924768686295 2.05116230249405 1.61001527309418 1.22954928874969 1.00230377912521 0.894485235214233 0.752640724182129 0.699008256196976 0.654524981975555 0.674171268939972 1.28566351532936 1.23093974590302 1.25010225176811 0.961774528026581 0.96501749753952 1.03114128112793 0.92645850777626 0.949589967727661 0.958547294139862 1.34728503227234 1.78275901079178 1.67688292264938 1.82021999359131 1.7931547164917 1.1978452205658 0.951267778873444 1.04270848631859 0.945843726396561 0.732274487614632 0.95348247885704 0.428670734167099 0.349165499210358 0.346822500228882 0.337825499475002 0.326432257890701 0.329951249063015
-9999 -9999 -9999 -9999 -9999 -9999 -9999 -9999 -9999 -9999 -9999 -9999 -9999 -9999 -9999 -9999 -9999 -9999 -9999 13.2262372970581 10.6748285293579 8.37559819221497 6.5355212688446 3.27824413776398 2.18272268772125 1.65324372053146 1.69902455806732 1.22447776794434 1.17000675201416 0.984390020370483 0.941045969724655 0.857939958572388 0.80619603395462 0.727698728442192 0.764773517847061 0.819567739963531 1.06969946622849 1.22848123311996 1.34570029377937 1.25338196754456 0.944361716508865 0.99907574057579 1.10599797964096 1.18192273378372 1.32061502337456 1.63745248317719 1.94395047426224 1.29036149382591 1.3930672109127 1.21916323900223 0.980578511953354 0.782093971967697 0.676227763295174 0.62168624997139 0.507216766476631 0.407158479094505 0.349728740751743 0.341256760060787 0.330980993807316 0.308452494442463 0.29509574174881 0.297031491994858
-9999 -9999 -9999 -9999 -9999 -9999 -9999 -9999 -9999 -9999 -9999 -9999 -9999 -9999 -9999 -9999 -9999 -9999 13.2070727348328 14.1914620399475 9.95798635482788 9.14895915985107 4.01099538803101 1.52167654037476 1.18966796994209 1.14534071087837 1.10420402884483 0.972407251596451 0.931801468133926 1.02249303460121 0.914253026247025 0.85257151722908 0.870242983102798 0.914631754159927 1.00987046957016 1.13310903310776 1.55051922798157 1.31623953580856 1.48486724495888 1.52894103527069 0.954840749502182 1.12790921330452 1.20560699701309 1.22460597753525 1.47720372676849 1.6994760632515 1.02504596114159 0.850362718105316 0.753163486719131 0.664758011698723 0.664764761924744 0.596609249711037 0.518981248140335 0.460563763976097 0.400456488132477 0.385231509804726 0.415224015712738 0.350765995681286 0.325625248253345 0.301311761140823 0.278688758611679 0.27683175355196
-9999 -9999 -9999 -9999 -9999 -9999 -9999 -9999 -9999 -9999 -9999 -9999 -9999 -9999 -9999 -9999 -9999 30.9071231963318 34.0354156494141 21.3042240142822 17.8267793655396 10.3657479286194 3.82398068904877 1.95810002088547 1.63436257839203 1.51210802793503 2.2623308300972 1.28413197398186 1.08308923244476 1.17749547958374 1.23131024837494 1.23651596903801 1.28577446937561 1.47826275229454 1.45154848694801 1.50585830211639 1.45815896987915 0.942558735609055 0.805075496435165 0.832935780286789 0.983779460191727 1.1441804766655 1.32553723454475 1.38305997848511 1.55041801929474 1.39820623397827 0.938355714082718 0.814800024032593 0.696116253733635 0.644808009266853 0.654956996440887 0.582817509770393 0.480256497859955 0.391116768121719 0.372605256736279 0.358517244458199 0.358660496771336 0.357969760894775 0.326094008982182 0.319227755069733 0.296745009720325 0.296997740864754
-9999 -9999 -9999 -9999 -9999 -9999 -9999 -9999 -9999 -9999 -9999 -9999 -9999 -9999 -9999 -9999 -9999 -9999 -9999 17.1933603286743 16.0746474266052 11.0934369564056 4.68103730678558 2.07386469841003 1.94008058309555 1.87645429372787 1.59169578552246 1.60258054733276 1.45855575799942 1.62843292951584 1.88605427742004 1.81702566146851 1.61945557594299 1.64475899934769 1.82977795600891 1.86656552553177 1.76627397537231 1.10469603538513 0.720642730593681 0.702810019254684 0.923171997070312 1.35872474312782 1.4621430337429 1.29773104190826 1.66103482246399 1.66722893714905 0.991884738206863 0.880442976951599 0.791561275720596 0.807798743247986 0.995669960975647 0.719661757349968 0.542592018842697 0.476666271686554 0.391508996486664 0.359030999243259 0.391093522310257 0.500582233071327 0.423698991537094 0.321480005979538 0.342243745923042 0.342572249472141
-9999 -9999 -9999 -9999 -9999 -9999 -9999 -9999 -9999 -9999 -9999 -9999 -9999 -9999 -9999 21.8714509606361 3.41155935417522 3.02557218074799 31.2130107879639 48.2188854217529 6.06140112876892 6.11068224906921 3.91272282600403 2.49188554286957 2.40695106983185 2.2061265707016 1.78660494089127 1.57206755876541 1.61263346672058 2.25103121995926 3.07122445106506 2.6723969578743 2.60707354545593 2.80285495519638 2.46743470430374 2.00552469491959 1.54391920566559 1.41849222779274 0.755011528730392 0.771119982004166 0.882217526435852 0.881759226322174 0.890327990055084 0.957027018070221 0.962128490209579 1.30452901124954 1.368074208498 0.841721266508102 0.856795459985733 0.948356240987778 0.981489032506943 0.745436981320381 0.61804573237896 0.539602518081665 0.471480756998062 0.480167269706726 0.475635007023811 0.531038269400597 0.547703996300697 0.488847747445107 0.432666018605232 0.441608995199203
-9999 -9999 -9999 -9999 -9999 -9999 -9999 -9999 -9999 -9999 35.2986888885498 35.2986888885498 13.7248649597168 32.5801563262939 41.9252443313599 37.5063171386719 31.079309463501 51.0187740325928 41.2166662216187 24.2714052200317 12.1056704521179 5.21214294433594 3.39750158786774 3.01210498809814 5.40904355049133 4.55419564247131 2.64274942874908 1.87380820512772 1.99866306781769 3.11821281909943 2.66763371229172 2.16907131671906 2.23316842317581 2.87598520517349 2.43599098920822 1.81514096260071 1.33400398492813 1.1170582473278 1.02389028668404 1.20262724161148 1.39091321825981 1.64230567216873 1.2317062318325 1.05879753828049 0.918633788824081 0.97306501865387 0.899400740861893 0.733335748314857 0.644639253616333 0.634866759181023 0.659450232982635 0.691294491291046 0.604229271411896 0.572688728570938 0.558960020542145 0.557919010519981 0.578857496380806 0.619115263223648 0.584435239434242 0.550822511315346 0.504993751645088 0.511886984109879
-9999 -9999 -9999 -9999 -9999 -9999 -9999 -9999 -9999 -9999 35.2986888885498 7.35319629582492 6.96052849665284 9.19341963529587 13.9194670915604 16.3818383216858 46.6738443374634 6.98148641586304 3.99715197351899 7.36957200368245 14.6667966842651 6.48302793502808 4.97010004520416 6.73918175697327 7.31390333175659 6.01318645477295 6.26184511184692 4.7585391998291 3.16069722175598 2.98145771026611 2.93740117549896 2.67173928022385 2.38604325056076 2.17366343736649 2.1191782951355 1.99381577968597 1.61208522319794 1.33166322112083 1.85092431306839 2.63586366176605 3.03053784370422 2.0506192445755 1.47995254397392 1.22907301783562 1.2462150156498 1.5073184967041 1.81970626115799 0.903204739093781 0.674168229103088 0.653749510645866 0.639741003513336 0.634394243359566 0.581176489591599 0.600083246827126 0.591201022267342 0.542111992835999 0.552492007613182 0.532491758465767 0.485511749982834 0.458417236804962 0.429896995425224 0.419700756669044
-9999 -9999 -9999 -9999 -9999 -9999 -9999 -9999 -9999 -9999 -9999 -9999 3.58562514316905 17.4729944229126 28.4894187927246 4.57793152332306 -9999 -9999 -9999 -9999 -9999 -9999 29.4802265167236 23.2991666793823 17.273323059082 18.2429165840149 7.12131857872009 8.36548447608948 10.8459148406982 5.58714973926544 4.2046605348587 4.91574740409851 6.47497057914734 4.58153629302979 3.58584451675415 4.00270557403564 3.76800692081451 2.48309022188187 1.59092617034912 1.52097076177597 1.42432647943497 1.19369396567345 1.15618202090263 1.31123247742653 1.61510556936264 2.40150368213654 1.78977817296982 0.986703783273697 0.884529769420624 0.786980241537094 0.656907767057419 0.589706987142563 0.703037247061729 0.734012246131897 0.657372012734413 0.553418263792992 0.493892267346382 0.452087983489037 0.447771728038788 0.401962503790855 0.377627268433571 0.367450498044491
-9999 -9999 -9999 -9999 -9999 -9999 -9999 -9999 -9999 -9999 -9999 -9999 -9999 16.6274771690369 16.6274771690369 16.6274771690369 -9999 -9999 -9999 -9999 -9999 -9999 4.94490551948547 4.94490551948547 4.94490551948547 0.308659605681896 28.7809410095215 15.0227065086365 2.44157320261002 2.46745508909225 5.02679622173309 7.67480564117432 10.6514682769775 13.2796769142151 8.58212685585022 8.23216938972473 5.26735961437225 3.08258020877838 2.1248220205307 1.97302204370499 1.75005376338959 2.90136605501175 3.05856692790985 3.22993111610413 3.52903640270233 2.89920741319656 1.50131696462631 1.64598906040192 0.951136529445648 0.864206224679947 0.762243747711182 0.763866752386093 0.871998757123947 0.842698484659195 0.7409977465868 0.524654254317284 0.464386492967606 0.43563973903656 0.455576241016388 0.449959516525269 0.402126744389534 0.376240521669388
-9999 -9999 -9999 -9999 -9999 -9999 -9999 -9999 -9999 -9999 -9999 -9999 -9999 -9999 -9999 -9999 -9999 -9999 -9999 -9999 -9999 -9999 -9999 -9999 -9999 -9999 60.6046698434012 18.7004857063293 24.838062286377 15.533088684082 8.22815179824829 6.07135677337646 6.09422707557678 9.87511110305786 8.34162425994873 11.6896033287048 5.97714149951935 3.08822178840637 2.3959019780159 1.97920793294907 2.43041557073593 5.44914507865906 4.36076331138611 4.83010125160217 3.88869595527649 3.31108868122101 1.64235591888428 0.984039723873138 0.952158004045486 0.935590535402298 0.942049473524094 0.929801970720291 0.880965024232864 0.806284457445145 0.692841768264771 0.483318731188774 0.406007990241051 0.39741750061512 0.356977500021458 0.359841741621494 0.394511237740517 0.403562262654305
-9999 -9999 -9999 -9999 -9999 -9999 -9999 -9999 -9999 -9999 -9999 -9999 -9999 -9999 -9999 -9999 -9999 -9999 -9999 -9999 -9999 -9999 -9999 -9999 -9999 -9999 -9999 3.47499883987687 23.7041401863098 17.8459067344666 21.2173476219177 5.78493297100067 5.14262616634369 5.31233310699463 8.2396388053894 11.0885775089264 8.72527956962585 5.54597926139832 3.7872930765152 2.23342198133469 2.92868095636368 4.30989217758179 2.81143945455551 2.20907628536224 2.25110095739365 1.95584553480148 1.35500773787498 1.18910846114159 0.935920536518097 0.734833493828773 0.706583261489868 0.701154738664627 0.722776517271996 0.578175008296967 0.463404759764671 0.423252001404762 0.394136264920235 0.345825746655464 0.312323994934559 0.290604002773762 0.319176010787487 0.351378746330738
