EcologicalScience/Bass/data/rs_data_bass/chl_184.asc
NCOLS 226 
NROWS 124 
XLLCORNER -9.41648524995501 
YLLCORNER 47.587301625531 
CELLSIZE 0.0833 
NODATA_value -9999 
[rows 81 to 107 of 124, columns 62 to 123 of 226]
3.85158455371857 5.97498106956482 7.6620512008667 7.66205191612244 -9999 -9999 -9999 -9999 -9999 -9999 -9999 -9999 -9999 -9999 -9999 -9999 -9999 -9999 -9999 -9999 -9999 -9999 -9999 -9999 -9999 -9999 -9999 -9999 -9999 -9999 -9999 -9999 -9999 -9999 -9999 -9999 -9999 -9999 -9999 -9999 -9999 -9999 -9999 -9999 -9999 -9999 -9999 -9999 -9999 -9999 -9999 -9999 -9999 -9999 -9999 -9999 -9999 -9999 -9999 -9999 -9999 -9999
2.95689502011225 -9999 -9999 -9999 -9999 -9999 -9999 -9999 -9999 -9999 -9999 -9999 -9999 -9999 -9999 -9999 -9999 -9999 -9999 -9999 -9999 -9999 -9999 -9999 -9999 -9999 -9999 -9999 -9999 -9999 -9999 -9999 -9999 -9999 -9999 -9999 -9999 -9999 -9999 -9999 -9999 -9999 -9999 -9999 -9999 -9999 -9999 -9999 -9999 -9999 -9999 -9999 -9999 -9999 -9999 -9999 -9999 -9999 -9999 -9999 -9999 -9999
-9999 -9999 -9999 -9999 -9999 -9999 -9999 -9999 -9999 -9999 -9999 -9999 -9999 -9999 -9999 -9999 -9999 -9999 -9999 -9999 -9999 -9999 -9999 -9999 -9999 -9999 -9999 -9999 -9999 -9999 -9999 -9999 -9999 -9999 -9999 -9999 -9999 -9999 -9999 -9999 -9999 -9999 -9999 -9999 -9999 -9999 -9999 -9999 -9999 -9999 -9999 -9999 -9999 -9999 -9999 -9999 -9999 -9999 -9999 -9999 -9999 -9999
-9999 -9999 -9999 -9999 -9999 -9999 -9999 -9999 -9999 -9999 -9999 -9999 -9999 -9999 -9999 -9999 -9999 -9999 -9999 -9999 -9999 -9999 -9999 -9999 -9999 -9999 -9999 -9999 -9999 -9999 -9999 -9999 -9999 -9999 -9999 -9999 -9999 -9999 -9999 -9999 -9999 -9999 -9999 -9999 -9999 -9999 -9999 -9999 -9999 -9999 -9999 -9999 -9999 -9999 -9999 -9999 -9999 2.74113399483437 2.75165061950684 2.38946503400803 2.53737865503018 2.63289059400558
-9999 -9999 -9999 -9999 -9999 -9999 -9999 -9999 -9999 -9999 -9999 -9999 -9999 -9999 -9999 -9999 -9999 -9999 -9999 -9999 -9999 -9999 -9999 -9999 -9999 -9999 -9999 -9999 -9999 -9999 -9999 -9999 -9999 -9999 -9999 -9999 37.1749906539917 -9999 3.89835471766336 3.38845387101173 -9999 -9999 3.13171065847079 2.73089939142977 2.76755514740944 2.63811320066452 2.46144911646843 2.64029977538369 2.53642594814301 2.41091559827328 2.18383911252022 2.52107646672622 -9999 -9999 -9999 2.70506769418716 3.07952420711517 2.63510617017746 2.12131422758102 2.06414276361465 1.91804348230362 1.46883330345154
-9999 -9999 -9999 -9999 -9999 -9999 -9999 -9999 -9999 -9999 -9999 -9999 -9999 6.33490860733119 2.12375537554423 1.59734684228897 1.8292271733284 1.79289137125015 1.12509450316429 -9999 -9999 -9999 -9999 -9999 -9999 -9999 -9999 -9999 2.2007926160639 2.10663719610734 2.7505322098732 2.70443649590015 -9999 3.66949796676636 -9999 -9999 -9999 -9999 2.96546286344528 2.94216072559357 2.85847979784012 2.87415552139282 2.48862977325916 1.85803086649288 1.69481939077377 2.22559399496425 2.16227594830773 1.99630057811737 1.92193246429617 1.92372463508086 1.92996603250504 1.94674229621887 2.04854983091354 2.63984392989766 2.22071943283081 2.33539409637451 2.36305893659592 2.07500860691071 2.03281470537186 1.77284817695618 1.61967446208 1.44507179260254
-9999 -9999 -9999 -9999 -9999 -9999 -9999 -9999 -9999 -9999 1.99536496400833 1.5670582652092 1.44611275941133 1.56498868898912 1.40640386126258 1.42312997037714 1.42575460130518 1.47383295405995 1.52720101313157 1.52187258005142 4.37155424147488 -9999 1.98560228159553 1.92143342711709 2.46130777701088 -9999 -9999 2.50622833233613 2.15639867565849 2.06122918562456 2.13102933493527 2.29137248884548 2.25185716152191 2.16842199116945 -9999 -9999 3.24318429401943 2.6801100730896 2.41844097050754 2.72313106060028 2.06513313271783 2.1537336230278 1.92078959941864 1.7533430814743 1.69498014450073 1.71151947975159 1.67483358830214 1.56785603612661 1.39481268687682 1.3017148212953 1.13788215409626 1.07065737247467 1.18645299293778 2.12917621135712 1.79531654119492 1.64868527054787 1.56306688785553 1.38441841006279 1.24109639525413 1.20834792852402 1.10341794490814 1.16246847510338
-9999 -9999 -9999 -9999 -9999 -9999 -9999 -9999 -9999 1.41675959392027 1.39640419591557 1.35265175862746 1.31290778517723 1.34261450171471 1.44580301642418 1.38076025247574 1.54236376285553 1.5495955564759 1.63065249811519 1.65821902318434 1.75017267465591 1.59817707538605 1.97439071806994 1.92987713488666 1.95410471612757 2.02961480075663 2.018103686246 2.00726190480319 2.07063843987205 2.02142795107581 2.30635327100754 2.3210549029437 2.45188558101654 2.29242233796553 2.76211912523616 2.90571107105775 2.9286764535037 2.85616733811118 2.48199079253457 2.35778261856599 2.11933997544375 2.01898891925812 1.99443000555038 1.49355813048103 1.38251002810218 1.08236237818545 1.13654299215837 1.07284835522825 0.970238149166107 1.0210469419306 1.03450978615067 1.00401689789512 1.00140775062821 0.946930296719074 0.747956238009713 0.777113816954873 0.71956270662221 1.10519714355469 1.13493703901768 1.03480125367641 1.02124245464802 1.06160239577293
-9999 -9999 -9999 -9999 -9999 -9999 -9999 -9999 -9999 1.4449457526207 1.36725902557373 1.36013275384903 1.27654449985578 1.14659325372089 1.11509453708475 1.31256878376007 1.69434313774109 1.83469187021255 1.56683603200046 1.76983884247867 1.96486079692841 2.02235472202301 1.9707716865973 1.73565217039802 1.6745313893665 2.0895100235939 2.05483478307724 1.98537719249725 2.08289778232574 2.10744720697403 2.1255185008049 2.05151945352554 2.20058515938846 2.2970501888882 2.55046440254558 2.5951074145057 2.45421097495339 2.43318258632313 2.07998384128917 2.05809243158861 1.94329448721626 1.81965703855861 1.2606356929649 1.07589567791332 1.01155575026165 0.982494340701537 0.949652780186046 0.944748344746503 0.941073141314767 0.934323012828827 0.874706983566284 0.890986204147339 0.956686198711395 0.781122614036907 0.729095578193665 0.691193522377448 0.68029675971378 0.704216496510939 0.683145411989906 0.955116873979569 1.00164179205894 1.06860630512238
-9999 -9999 -9999 -9999 -9999 -9999 -9999 -9999 1.47114046565418 1.25306752324104 1.23798525333405 1.25338977575302 1.09675737131726 1.07904992320321 1.08307900753888 1.06843913685192 1.69222159981728 1.48313398361206 1.11984408714555 1.23305249756033 1.62928032875061 1.6811407587745 1.77230168305911 1.80434960668737 1.5257602930069 1.55931127071381 1.52894979715347 1.59682166576385 1.52524302005768 1.59822847626426 1.70942413265055 1.63575404882431 1.72589021921158 1.79119728912007 1.91748269579627 2.1102566502311 2.12104852633043 2.08176632360979 1.76372948559848 1.61039417982101 1.45682454651052 1.42311777851798 1.37963849306107 1.33170872926712 1.2792574763298 1.36139023303986 0.926314942538738 0.911251436918974 0.907240480184555 0.881257224082947 0.69736905928169 0.708006125475679 0.697688092078481 0.713326091116125 0.741008654236794 0.720406338572502 0.859203895926476 0.826006525754929 0.869177082180977 0.871628397703171 0.951815682649612 0.990966448187828
1.05829257518053 0.91489277407527 1.11705885692076 1.03828249757106 -9999 -9999 -9999 2.70292860811407 1.59602695703506 1.24902728199959 1.28290535509586 1.26124311983585 1.58293868601322 0.883754356549336 0.824493224804218 0.94615063816309 0.909881122410297 0.946920503269542 0.986144623973153 1.02442727305672 1.07240839167075 1.09744233434851 1.07601193135435 1.2098860681057 1.22980251908302 1.18345150351524 1.10591824238117 1.18844956755638 1.19774027466774 1.2107358276844 1.15746800945355 1.20440637148344 1.24719998240471 1.28656953573227 1.33635875582695 1.43593072891235 1.54915060238405 1.59989268129522 1.48465597629547 1.4599741846323 1.40195019887044 0.97793223708868 0.868924409151077 0.851682245731354 0.826236406197915 0.809176445007324 0.795204080068148 0.772629522360288 0.748495693390186 0.659210986815966 0.692714115748039 0.70032444367042 0.713195470663217 0.859270513057709 0.972553898181234 0.968839728406497 0.861785433509133 0.844855624437332 0.83471474647522 0.823240631818771 0.829428595304489 0.858775788545608
0.845151126384735 0.844099156558514 1.01539426892996 1.18012665510178 1.35348258273942 1.34211805675711 1.39759255573153 1.13998957425356 1.08248189091682 0.820979771705774 1.34204435348511 1.88463449478149 2.32110864465887 0.856691524386406 0.750972931087017 0.745586577057838 0.760966417193413 0.91915056922219 0.893093332648277 0.913529444485903 1.00977314114571 0.933935765177011 1.04984682159764 0.993011276511585 0.846960723400116 0.740143385529518 0.934918852413402 0.851545464992523 1.06964860643659 0.979261368513107 0.981806123256683 0.98667374253273 1.11191227606365 1.13080534764699 1.13077414461545 1.14829924702644 1.87816572877077 0.947371340223721 0.760673604905605 0.809936240315437 0.8985855281353 0.763038176756639 0.73299640073226 0.759494896118458 0.679139234125614 0.725360106963378 0.717228137529813 0.723930125053112 0.72495292700254 0.74722577058352 0.76683490551435 0.854748107492924 0.858686704188585 0.887830156832933 0.793094096275476 0.833175301551819 0.83396326303482 0.840037482976913 0.836658561229706 0.799560579657555 0.795199817419052 0.814923003315926
0.719020634889603 0.652362130582333 0.640649762004614 1.061336325109 1.08503709286451 1.08473166078329 1.1152864381671 0.626544062048197 0.644593365490437 0.688858862966299 0.862356215715408 0.828500184416771 0.74639331176877 0.726964998990297 0.705426067113876 0.716115988790989 0.749526833946055 0.766877938400615 0.791324763000012 0.858068700134754 1.23820084780455 0.724424047903581 0.756263178128463 0.739024386956141 0.954937487840652 0.935612468343032 0.996519531522478 0.865440198603798 1.03896298578807 0.940984636545181 1.08814004915101 1.03961827499526 1.05969050952366 1.07480676259313 0.929435259103775 0.87850029447249 0.864239104092121 0.791042056950656 0.794832705096765 0.904646665922233 0.920157318668706 0.956470673637731 0.773180954158306 0.760885172269561 0.817187894135714 0.763835514967258 0.766110041966805 0.777313828468323 0.759471533390192 0.775924616135084 0.795291643876296 0.85273788869381 0.842563938349485 0.926571562886238 0.842216491699219 0.782229984035859 0.842950201034546 0.844787988066673 0.856977126002312 0.851706594228745 0.840789583325386 0.843154647946358
0.57191526889801 0.560839269023675 0.566938330347721 0.691606137901545 0.647126803343946 0.635289832949638 0.634068078615449 0.620867244899273 0.633356243371964 0.677103531360626 0.778849138319492 0.772742302715778 0.691811579924363 0.682814061641693 0.698674451559782 0.691036105155945 0.705823627385226 0.707126774571159 0.71118451654911 0.732796430587769 0.728699322789907 0.834520694400583 0.994796276092529 1.02056077122688 1.0379102230072 0.940126161364948 0.951133468571831 1.03280583941019 1.16284742722145 1.015661662817 1.0095553457737 1.14872699288222 1.07874858608613 0.909332954457828 1.04480139338053 0.94423428603581 1.13197011901782 0.806864428249272 0.814274648373777 0.978096172213554 0.979845263063908 0.983856241617884 0.990381589957646 1.13500853914481 1.12856493775661 0.935168831476143 0.800495425095925 0.795212456813225 0.768969551875041 0.714774679679137 0.751006042318685 0.620582420378923 0.664802377874201 0.816199654340744 0.810268324613571 0.790255200862885 0.886364166553204 0.921925967931748 0.937833166122437 0.933861172199249 0.938386487960815 1.32393674416976
0.539302674623636 0.539655866531225 0.543971121311188 0.548649113911849 0.569055343216116 0.576834269545295 0.583362685008483 0.611177322539416 0.621607108549638 0.642568173733625 0.648022510788657 0.593888400630517 0.634464685733502 0.632631182670593 0.670728145675226 0.693426042795181 0.704851424152201 0.702722441405058 0.751895483583212 0.77565120275204 0.77404929124392 0.792291840681663 0.826198786497116 0.837411279861744 0.851283774926112 0.931556756005568 1.02892538309097 1.0350655913353 1.12831305769774 0.987829474466188 1.11617047740863 1.14250007959513 1.10647403047635 0.945866802973407 1.00488590735656 1.11705300211906 1.17061091615604 1.19750872712869 1.20981127711443 1.03483291396073 1.02857613776411 1.01061713269779 1.1831447825982 1.16617750663024 1.13232040863771 0.949459452714239 0.874606025218964 0.714397647551128 0.756042576261929 0.710278773946421 0.72149243844407 0.720755562186241 0.755758345127106 0.852654719352722 0.872345530986786 0.892582207918167 1.0107424557209 1.08232065439224 1.15967566967011 1.14793065190315 1.81600011478771 1.91040270436894
0.608448386192322 0.503651949075552 0.505536242173268 0.508644857085668 0.530480122024363 0.529526182196357 0.534171670675278 0.543376910415563 0.575136165206249 0.666273504495621 0.684515776959333 0.62321349978447 0.672676192224026 0.766481718420982 0.806109023094177 0.72595088319345 0.754601631313562 0.827434951608831 0.83340784907341 0.761091440916062 0.863883660598235 0.872086156498302 0.900075129487298 0.843966756875698 0.833693745044562 0.919343712654981 0.870234830812974 1.02662881016731 1.04998195629853 1.02108935897167 1.01082797692372 0.948910141533071 0.910751922564073 0.958711974895918 1.02424888427441 0.930540529164401 1.17893201571244 1.20722894943677 1.24421769839067 1.1048922006573 1.08084600525243 1.06947292813233 1.23442573043016 1.20633211502662 1.14485387618725 0.964715915066855 0.858527585864067 0.755107328295708 0.783303871750832 0.74804549664259 0.784845784306526 0.776524329185486 0.783103501796723 0.971855109930039 1.03673327565193 1.1277870118618 1.45808118581772 1.56671261787415 1.88696247339249 2.03232885490764 2.32887195165341 2.26429264247417
0.450046973732802 0.762248982489109 0.492440267251088 0.496343954251363 0.494582306880217 0.499265788631006 0.478320968151093 0.50640894472599 0.708423827703182 0.754200533032417 0.736766248941422 0.732929032582503 0.647313916683197 0.718797023479755 0.750815040790118 0.774076930501244 0.709613758139312 0.632650081068277 0.85819085077806 0.864766692573374 0.889128099788319 0.88382855870507 0.911081915551966 0.989616325268379 0.961749315261841 1.04434137684958 1.18373264372349 1.22949683240482 1.22059633050646 1.14933597812286 0.956885478713296 1.15054249763489 1.18856460543779 1.22821548581123 1.30710875988007 1.29054176807404 1.27446706019915 1.25106713175774 1.2075785788206 1.21599881007121 1.16169092746881 1.1561184319166 1.18565768920458 1.19296333193779 1.11033870165165 1.0774590418889 0.884522107931284 0.854492302124317 0.819800404401926 0.739308960735798 0.855743446520397 1.03724524107846 1.10178020596504 1.58031041347063 1.58359878171574 1.73015785217285 2.14022326947999 -9999 -9999 -9999 -9999 -9999
0.782523605972528 0.798652338981628 0.419046540345464 0.450719373566764 0.441932884710176 0.474472872912884 0.478320747613907 0.518349203467369 0.918979513374242 0.601441376975604 0.748390323840655 0.768451637946642 0.605091458559036 0.626358108861106 0.651355808334691 0.814935661279238 0.782214358448982 0.703417021036148 0.930240429364718 0.853400913151828 0.928472709197264 0.982084984962757 1.12540057072273 1.1349880030522 1.06353397552784 1.24097917859371 1.30464601058226 1.32672637913908 1.28636984952859 1.25756224531394 1.09242645718835 1.26757855598743 1.3001771064905 1.68573200702667 1.62578582305175 1.59073701075145 1.41205485050495 1.33026266098022 1.25862497779039 1.18149564357904 1.12250693486287 1.12614973233296 1.18657983954136 1.19997845016993 1.14288278267934 0.972022774127813 0.826265993026587 0.789426821928758 0.800401774736551 1.04730399165835 1.38026514862265 1.35673286156221 1.49424840916287 2.4602370602744 1.81655935723273 -9999 -9999 -9999 -9999 -9999 -9999 -9999
0.711637250401757 0.721524945714257 0.68955000936985 0.436667880841664 0.435493073293141 0.914879464290359 0.868199774622917 0.865246043354273 0.933633831414309 0.554859593510628 0.572256150841713 0.555524870753288 0.590093100070953 0.682835439486163 0.801941410853312 0.706274817032473 0.803708505417619 0.908277834100383 0.934593145663922 0.961871314507264 1.05345857372651 1.20365871603672 1.20572016560114 1.16207698675302 1.16574944670384 1.19412747942484 1.29770188835951 1.33186539090597 1.3268810659647 -9999 -9999 -9999 -9999 -9999 -9999 3.14426672458649 1.37360968956581 1.9637849437339 1.48002610674926 1.09239909052849 1.04825489566876 1.05839003507908 1.02465016337541 1.0203838623487 0.952244687538881 0.938057548724688 0.917676996101033 0.990095265887 1.03343926776539 1.30939700741034 2.12920326845986 2.17887623395239 2.13132886801447 1.9762424826622 1.97624230384827 -9999 -9999 -9999 -9999 -9999 -9999 -9999
0.802496984601021 0.726391114971854 0.755206322128122 0.898431741446257 0.956012183969671 0.469637632369995 0.52588021941483 0.495656811632216 0.582929688692093 0.539638629555702 0.594597762823105 0.598503881692886 0.62049466073513 0.874744369433476 0.849376579889884 0.851851474780303 0.821871867546668 0.93399501993106 0.980347126722336 1.03665141875927 1.00459334712762 1.12928955371563 1.20335513124099 1.2263983809031 1.07794352011247 1.05855840715495 1.29641667696146 1.34813313300793 1.29397976185594 -9999 -9999 -9999 -9999 -9999 -9999 -9999 1.75111178480662 1.2456200329157 1.18241760822443 1.0882958815648 1.01669139586962 0.997336953878403 1.01087009448272 0.772520655935461 0.888325659128336 0.893112253684264 1.04323569857157 1.04791296341202 1.20090354843573 1.79915660619736 2.22161924380523 2.11458206176758 -9999 -9999 -9999 -9999 -9999 -9999 -9999 -9999 -9999 -9999
0.707914823835546 0.712618256157095 0.829590179957449 0.935751985977678 0.960965957711725 0.445641094270875 0.473717588 0.589279344677925 0.468542796559632 0.511695242486894 0.780215608222144 0.788521177002362 0.780551433563232 0.866504238202022 0.827013304600349 0.826829889645943 0.855373122862407 0.963905749412683 1.15957018733025 1.36218840479851 0.733414015986703 1.10821540334395 1.00496104998248 1.08411680735075 1.13282830210832 1.15998706450829 1.3481868322079 1.46027930424764 1.57878345251083 -9999 -9999 -9999 -9999 -9999 -9999 -9999 24.2255796279226 11.2249387928418 6.55555346608162 1.71938319848134 1.30393622242487 1.15042890264438 1.13157324149058 1.29899198275346 1.2810023518709 1.222971116121 1.18294071463438 1.26251702813002 1.33723216165196 1.87615637345748 2.45749885302324 3.03197744717965 3.44631586625026 -9999 -9999 -9999 -9999 -9999 -9999 -9999 -9999 -9999
0.985599684444341 0.97831981967796 0.934581987998065 0.895755303256652 0.904612876474857 0.910526275634766 0.48331913089051 0.878673632230077 0.805248975753784 0.847993433475494 0.834466501006058 0.796666522111211 0.811690976577146 0.551841681653803 0.646175949619367 0.658518402622296 0.875032670795918 0.923842265137604 0.98565589849438 0.856784456051313 0.888547821686818 0.870544962011851 1.07451992539259 0.898838102817535 1.08711238503456 1.23290777206421 1.66847481635901 1.73040885191697 1.63122804164886 1.35652381181717 -9999 -9999 -9999 -9999 -9999 -9999 -9999 16.3647571343642 12.5892595240944 9.99954700469971 2.46144629441775 1.83351119206502 1.78646582365036 2.11127617725959 2.3566642999649 2.3361502289772 2.2633300286073 2.18026495896853 2.27277473302988 3.11694712530483 3.56922174583782 3.63189155321855 3.22770103840966 -9999 -9999 -9999 -9999 -9999 -9999 -9999 -9999 -9999
0.802680080899826 0.80012639440023 0.955984890460968 0.909087382256985 0.92443909496069 0.933004636849676 0.92175013252667 0.894473619185961 0.828490685332905 0.845609591765837 0.874462481055941 0.837752679628985 0.65204930305481 0.55765395462513 0.600515991449356 0.635893002152443 0.834873280354908 0.908332896019731 0.94417577875512 0.923758471650737 0.751124835931338 0.904001059440466 1.05380800366402 1.49145470215724 1.50076259266246 1.53984975814819 1.61589138507843 1.59332209825516 1.61030741930008 1.73704608678818 -9999 -9999 -9999 -9999 -9999 -9999 -9999 -9999 -9999 -9999 -9999 -9999 -9999 -9999 -9999 -9999 3.65490746498108 2.39725575276784 2.46893684353147 3.77382976900447 -9999 -9999 -9999 -9999 -9999 -9999 -9999 -9999 -9999 -9999 -9999 -9999
0.802664790834699 0.752897704189474 0.936358094215393 0.809132512320172 0.91086129631315 0.94040086971862 0.95933763895716 0.918412932982811 0.884071572468831 0.818757554659477 0.75780374957965 0.757171642321807 0.769806889387277 0.647615542778602 0.636296583847566 0.81495892459696 0.783999608321623 0.774794218215075 0.749003373086452 0.710267469286919 0.83216852220622 0.932932246815074 1.03813017498363 1.17007876038551 -9999 -9999 -9999 1.53555597066879 1.47864192724228 1.51543550491333 2.00688904523849 -9999 -9999 -9999 -9999 -9999 -9999 -9999 -9999 -9999 -9999 -9999 -9999 -9999 -9999 -9999 -9999 -9999 -9999 -9999 -9999 -9999 -9999 -9999 -9999 -9999 -9999 -9999 -9999 -9999 -9999 -9999
0.735813487659801 0.81248060410673 0.810259145769206 0.831309723583135 1.25205887854099 0.998355184282575 1.03829451863255 0.810991012133085 0.834103325238595 0.816343876031729 0.794298401245704 0.779305244867618 0.764817794928184 0.756455939549666 0.715746809135784 0.829751681197773 0.874390694228086 0.8338999775323 0.765110541473735 0.735257603905418 0.909748272462325 1.03389330885627 1.3157855960039 1.61946933086102 1.63844434781508 1.81872270198969 1.54734706878662 1.45527541637421 1.43591805696487 1.45104171037674 1.92580440044403 2.4428350730189 -9999 -9999 -9999 -9999 -9999 -9999 -9999 -9999 -9999 -9999 -9999 -9999 -9999 -9999 -9999 -9999 -9999 -9999 -9999 -9999 -9999 -9999 -9999 -9999 -9999 -9999 -9999 -9999 -9999 -9999
0.727730191566727 1.055863276124 0.796243238178166 1.28069749474525 0.887319262732159 0.90950544313951 0.913370534777641 0.712690472602844 0.88872450360885 0.90811564372136 0.896204964472697 0.951168014453008 0.946725808657133 0.964618976299579 0.914011334831064 0.94739846478809 0.941447049379349 0.845534132285552 0.820937113328414 0.843033622611653 0.996179897676815 1.07763634215702 1.16021603887731 1.41416412591934 1.56930242885243 1.60462647134607 1.53444514274597 1.38537136316299 1.61557838916779 1.71351088285446 1.79606881141663 1.67979070544243 -9999 -9999 -9999 -9999 -9999 -9999 -9999 -9999 -9999 -9999 -9999 -9999 -9999 -9999 -9999 -9999 -9999 -9999 -9999 -9999 -9999 -9999 -9999 -9999 -9999 -9999 -9999 -9999 -9999 -9999
1.00004501640797 1.22433878481388 1.01876608729363 0.842036296020855 0.868485640395771 0.713829463720322 0.762502509355545 0.84418231844902 1.07651303302158 1.05822257833047 1.04411472786557 1.16044958613136 1.150120919401 1.13625777580521 1.27494212068044 1.20244454191281 1.11491739062163 0.99837127327919 0.852808567610654 0.941017497669567 1.03865544091571 1.32007777690887 1.52863313393159 1.59092000939629 1.78392840515483 1.69359503550963 1.63837484121323 1.36242252588272 1.53886209726334 1.59573930501938 1.77331187725067 -9999 -9999 -9999 -9999 -9999 -9999 -9999 -9999 -9999 -9999 -9999 -9999 -9999 -9999 -9999 -9999 -9999 -9999 -9999 -9999 -9999 -9999 -9999 -9999 -9999 -9999 -9999 -9999 -9999 -9999 -9999
