EcologicalScience/Bass/data/rs_data_bass/chl_227.asc
NCOLS 226 
NROWS 124 
XLLCORNER -9.41648524995501 
YLLCORNER 47.587301625531 
CELLSIZE 0.0833 
NODATA_value -9999 
[rows 54 to 80 of 124, columns 0 to 61 of 226]
-9999 -9999 -9999 -9999 -9999 -9999 -9999 -9999 -9999 -9999 -9999 -9999 -9999 -9999 -9999 -9999 -9999 -9999 -9999 -9999 -9999 -9999 -9999 -9999 -9999 -9999 -9999 -9999 -9999 -9999 -9999 -9999 -9999 -9999 -9999 -9999 -9999 -9999 4.90140815298871 2.93381400471148 2.34160033464432 2.67584862879344 2.41275616203036 1.14766271598637 1.39347601149763 1.31697705388069 1.0478582829237 1.09001163073948 1.00437328219414 1.01079223752022 1.0646073102951 1.14608505681941 1.4262351334095 1.52490390601911 1.65077980359395 1.86487281322479 1.87574905157089 1.8631559578996 -9999 0.607058599591255 0.62790758907795 1.74912084185559
-9999 -9999 -9999 -9999 -9999 -9999 -9999 -9999 -9999 -9999 -9999 -9999 -9999 -9999 -9999 -9999 -9999 -9999 -9999 -9999 -9999 -9999 -9999 -9999 -9999 -9999 -9999 -9999 -9999 -9999 -9999 -9999 -9999 -9999 -9999 -9999 -9999 -9999 -9999 2.95097470984739 2.68532348029754 2.22047894734603 2.12800382515963 1.24095000699162 1.14855593629181 1.09203681908548 1.06153430230916 1.09523316845298 0.994612745940685 1.10180910229683 1.06532576680183 1.0763230741024 1.62329217195511 1.78742702007294 1.8815558552742 2.08793870891844 2.1604182779789 -9999 -9999 -9999 -9999 -9999
-9999 -9999 -9999 -9999 -9999 -9999 -9999 -9999 -9999 -9999 -9999 -9999 -9999 -9999 -9999 -9999 -9999 -9999 -9999 -9999 -9999 -9999 -9999 -9999 -9999 -9999 -9999 -9999 -9999 -9999 -9999 -9999 -9999 -9999 -9999 -9999 -9999 -9999 -9999 -9999 2.23233931798201 2.14095377220827 2.00646133282605 1.94081146927441 1.19756119698286 1.11691355492387 1.14608071446419 1.54321031845533 1.11331084091216 1.14562418404967 1.13398935198784 1.08528299331665 1.23207205161452 1.5180935561657 1.54738677665591 1.96279960870743 2.30243823357991 2.15238795110158 2.13657383620739 -9999 -9999 -9999
-9999 -9999 -9999 -9999 -9999 -9999 -9999 -9999 -9999 -9999 -9999 -9999 -9999 -9999 -9999 -9999 -9999 -9999 -9999 -9999 -9999 -9999 -9999 -9999 -9999 -9999 -9999 -9999 -9999 -9999 -9999 -9999 -9999 -9999 -9999 -9999 -9999 -9999 -9999 -9999 2.35061970196272 2.0353037259158 2.03366686316097 2.00364615987329 1.94356700252084 1.72462642192841 1.54585080742836 1.61653734628971 1.57981138504468 1.20525751635432 1.20074851512909 1.19455373883247 1.17693160772324 1.68039500713348 1.38439040524619 1.44615072011948 1.37703524294652 1.72154769301414 1.60285195708275 2.7213306111448 4.15486038442868 -9999
-9999 -9999 -9999 -9999 -9999 -9999 -9999 -9999 -9999 -9999 -9999 -9999 -9999 -9999 -9999 -9999 -9999 -9999 -9999 -9999 -9999 -9999 -9999 -9999 -9999 -9999 -9999 -9999 -9999 -9999 -9999 -9999 -9999 -9999 -9999 -9999 -9999 -9999 -9999 -9999 -9999 2.32967778514413 2.12208700881285 1.5718909740448 1.78129546000407 1.76278797021279 1.67950770488152 1.65788461611821 1.68857018764202 1.64956707220811 1.10980604030192 1.2061528801918 1.17764600515366 1.21064266003668 1.68254856852924 1.84144916253931 1.60665477173669 1.92499178647995 1.80834542512894 1.84055405855179 3.12244833216948 -9999
-9999 -9999 -9999 -9999 -9999 -9999 -9999 -9999 -9999 -9999 -9999 -9999 -9999 -9999 -9999 -9999 -9999 -9999 -9999 -9999 -9999 -9999 -9999 -9999 -9999 -9999 -9999 -9999 -9999 -9999 -9999 -9999 -9999 -9999 -9999 -9999 -9999 -9999 -9999 -9999 -9999 2.30074676345376 2.12352637683644 2.0118179251166 1.59695208072662 1.80150505900383 1.77566239467034 1.65560614145719 1.16841388307512 1.23139097169042 1.12046430632472 1.14849101901054 1.2248155195266 1.31361786648631 1.82218494836022 1.70634788274765 1.74183815158904 1.42016441100522 1.51881743967533 1.99409481070258 -9999 -9999
-9999 -9999 -9999 -9999 -9999 -9999 -9999 -9999 -9999 -9999 -9999 -9999 -9999 -9999 -9999 -9999 -9999 -9999 -9999 -9999 -9999 -9999 -9999 -9999 -9999 -9999 -9999 -9999 -9999 -9999 -9999 -9999 -9999 -9999 -9999 -9999 -9999 -9999 -9999 -9999 2.00189299583435 1.92422975301743 2.18726652860641 2.04324302252601 1.91692761813893 1.58157294988632 1.53774565458298 1.57169356942177 1.1696827467531 1.11765520088375 1.15468198657036 1.19761363863945 1.25545493960381 1.69233748492073 1.66608864068985 1.79589039087296 1.77909453213215 -9999 -9999 3.19874801705865 2.58640010917888 2.29462381509634
-9999 -9999 -9999 -9999 -9999 -9999 -9999 -9999 -9999 -9999 -9999 -9999 -9999 -9999 -9999 -9999 -9999 -9999 -9999 -9999 -9999 -9999 -9999 -9999 -9999 -9999 -9999 -9999 -9999 -9999 -9999 -9999 -9999 -9999 -9999 -9999 -9999 -9999 -9999 2.56861935643589 2.1224888086319 2.09338292905263 1.74015965461731 1.94124233722687 1.5810341203914 1.49986959355218 1.46232225000858 1.46753400564194 1.32582785189152 1.13090767152607 1.14365847688168 1.17933334037662 1.18417013436556 1.71078740147983 1.57090464234352 2.04279286924161 1.82118728198111 1.76802099868655 1.57632141846877 1.75517870829656 2.00508230924606 2.32146692276001
-9999 -9999 -9999 -9999 -9999 -9999 -9999 -9999 -9999 -9999 -9999 -9999 -9999 -9999 -9999 -9999 -9999 -9999 -9999 -9999 -9999 -9999 -9999 -9999 -9999 -9999 -9999 -9999 -9999 -9999 -9999 -9999 -9999 -9999 -9999 -9999 -9999 -9999 -9999 2.46657661830678 1.93300902843475 1.77911728620529 1.86659687056261 1.68740087396958 1.53049027919769 1.47460030317307 1.31697240997763 1.27722935378551 1.07592917606235 1.08118032105267 1.1380602484569 1.15744624380022 1.36585611104965 1.64825442783973 1.61529859900475 1.87394934041159 2.00345187102045 2.01885205507278 2.08733456049647 2.02618825435638 2.13944298028946 2.22816401720047
-9999 -9999 -9999 -9999 -9999 -9999 -9999 -9999 -9999 -9999 -9999 -9999 -9999 -9999 -9999 -9999 -9999 -9999 -9999 -9999 -9999 -9999 -9999 -9999 -9999 -9999 -9999 -9999 -9999 -9999 -9999 -9999 -9999 -9999 -9999 -9999 -9999 -9999 2.74983497460683 2.61600531199399 2.1350755165605 1.61237063578197 1.56781221838558 1.3828896950273 1.07913218736649 1.22320953011513 1.42128945589066 1.01793201565742 1.1040423642844 1.08243432361633 1.06753839366138 1.08385695889592 1.50183931694311 1.49240236422595 1.68676098755428 1.80152938457636 1.84489692174471 1.80357582752521 1.67268267273903 2.11037653684616 2.34253460168839 2.56552952528
-9999 -9999 -9999 -9999 -9999 -9999 -9999 -9999 -9999 -9999 -9999 -9999 -9999 -9999 -9999 -9999 -9999 -9999 -9999 -9999 -9999 -9999 -9999 -9999 -9999 -9999 -9999 -9999 -9999 -9999 -9999 -9999 -9999 -9999 -9999 -9999 -9999 -9999 2.11642724275589 1.88734561663408 1.73451501131058 1.5569800053324 1.31743844116435 1.03710317611694 0.981793242692947 0.957362502813339 0.780026988071554 0.769869436235989 1.05839606188238 1.06636421475559 1.04748484957963 1.07889999356121 1.52704046028001 1.56655701293665 1.61632803082466 1.64777737855911 1.71716246008873 1.3010789513588 1.64453735947609 1.87260040640831 2.19433915615082 1.87556272745132
-9999 -9999 -9999 -9999 -9999 -9999 -9999 -9999 -9999 -9999 -9999 -9999 -9999 -9999 -9999 -9999 -9999 -9999 -9999 -9999 -9999 -9999 -9999 -9999 -9999 -9999 -9999 -9999 -9999 -9999 -9999 -9999 -9999 -9999 -9999 -9999 -9999 2.82575891911983 2.0334930236523 1.9047831938817 1.69045432255818 1.39366251931471 1.02993130683899 0.982019931077957 0.979207748174667 1.07528604380786 1.04057798534632 1.01731380913407 1.04573848843575 1.03528005257249 1.07561575435102 1.08921510446817 1.41542471682324 1.51883552880848 1.71537556192454 1.64193593228565 1.6802720672944 1.40528505295515 1.29913220405579 1.53960086107254 1.74020975828171 1.74117028713226
-9999 -9999 -9999 -9999 -9999 -9999 -9999 -9999 -9999 -9999 -9999 -9999 -9999 -9999 -9999 -9999 -9999 -9999 -9999 -9999 -9999 -9999 -9999 -9999 -9999 -9999 -9999 -9999 -9999 -9999 -9999 -9999 -9999 -9999 -9999 -9999 -9999 1.97602109725659 1.91286981105804 1.46220715229328 1.3918224802384 1.30739503411146 1.21893781849316 1.01707188487053 1.02494543790817 0.859383092207067 0.99063828215003 0.971511052921414 1.03064501937479 1.09819567389786 1.13122445717454 1.1090848390013 1.22907044738531 1.32689396850765 1.37119874171913 1.60736646547037 1.59854253425318 1.49593003280461 1.6891070485115 1.685833132267 1.66583049297333 1.82922750711441
-9999 -9999 -9999 -9999 -9999 -9999 -9999 -9999 -9999 -9999 -9999 -9999 -9999 -9999 -9999 -9999 -9999 -9999 -9999 -9999 -9999 -9999 -9999 -9999 -9999 -9999 -9999 -9999 -9999 -9999 -9999 -9999 -9999 -9999 -9999 -9999 2.38159747634615 1.9856069959127 1.65711390055143 1.35998697693531 1.08673010422633 1.02946020024163 1.03444168823106 0.96608966588974 1.00928540825844 1.00960929989815 0.987410905770957 0.983330852352083 1.08442771900445 1.16595996916294 1.14569389075041 1.13930516224355 1.22078408673406 1.29601783119142 1.27612336724997 1.07641510550792 1.09769476147798 2.11928477883339 1.94163714647293 1.9552344083786 2.06100447177887 2.27725865840912
-9999 -9999 -9999 -9999 -9999 -9999 -9999 -9999 -9999 -9999 -9999 -9999 -9999 -9999 -9999 -9999 -9999 -9999 -9999 -9999 -9999 -9999 -9999 -9999 -9999 -9999 -9999 -9999 -9999 -9999 -9999 1.15393602848053 1.51414901959269 -9999 2.10493344068527 2.41788263618946 2.38232803344727 1.67755892185064 1.50691027824695 1.2945591715666 1.05193948057982 1.04446620174817 1.09792829837118 0.905907249450684 0.960245386697352 0.99092666991055 1.01718471385539 1.05255134683102 1.07460300531238 1.43735574300473 1.35103368759155 1.33801197547179 1.30065762079679 1.29821355755513 1.26124608058196 1.04149235899632 1.09889048337936 1.84187428951263 2.16130404472351 2.19115495681763 2.25072335004807 2.42629582944669
-9999 -9999 -9999 -9999 -9999 -9999 -9999 -9999 -9999 -9999 -9999 -9999 -9999 -9999 -9999 -9999 -9999 -9999 -9999 -9999 -9999 -9999 0.346259817481041 2.6385749578476 2.47854518890381 2.25330995596372 2.20243081679711 2.47185017053898 2.01142120361328 1.43007698655128 1.15540876984596 1.07616522908211 1.16089326143265 1.28490176796913 1.33677384028068 1.41702198982239 1.35319204055346 1.17728619162853 1.10394271978965 0.98134285899309 0.838426413014531 1.00273947204862 0.981958304132734 0.57544598196234 1.02609851360321 0.861105240308321 0.998179972171783 1.07820082549006 1.5085715009616 1.54346173772445 1.47938462404104 1.53966122636428 1.64015452678387 1.72129177588683 2.02251034058057 2.23929782097156 2.81421855837107 4.61510974913836 7.05596083052018 -9999 -9999 -9999
-9999 -9999 -9999 -9999 -9999 -9999 -9999 -9999 -9999 -9999 -9999 -9999 -9999 -9999 -9999 -9999 -9999 -9999 -9999 -9999 -9999 -9999 1.61076802015305 1.95903426408768 1.68842708638736 1.48608194176967 1.58347559892214 1.75903674272391 1.42420426011086 1.33416351675987 1.18493422865868 0.915476262569427 0.982924491167068 1.17253811084307 1.08205297130805 1.01201724089109 0.966465656573956 0.959323394757051 0.893334560669386 0.743762137368321 0.720712373033166 0.91401480776923 0.921243297202246 0.988778999447823 1.00002526044846 0.88645633825889 1.63079345226288 1.70074844818849 1.71272519918588 1.75749517404116 1.8584752541322 1.83562869292039 2.05412816542846 2.20215807052759 2.86380922794342 -9999 -9999 -9999 -9999 -9999 -9999 -9999
-9999 -9999 -9999 -9999 -9999 -9999 -9999 -9999 -9999 -9999 -9999 -9999 -9999 -9999 -9999 -9999 -9999 -9999 -9999 17.6630826933043 1.8103295138904 1.32428899407387 1.23276153206825 1.10364499688148 1.03346771001816 0.921195238828659 1.12306278944016 1.15344047546387 0.983996748924255 0.831497997045517 0.815586477518082 0.810915738344193 0.826466739177704 0.900288717104838 1.01500599888655 0.957735238166956 0.972422003746033 0.966634952105009 0.86758916079998 0.749964267015457 0.699908748269081 0.922076747967647 0.678462252020836 1.08618951402605 1.01017468571663 1.04385136663914 1.69265131308482 1.7505906866147 1.90758479558505 1.99763605686334 2.26310702012135 -9999 -9999 -9999 -9999 -9999 -9999 -9999 -9999 -9999 -9999 -9999
-9999 -9999 -9999 -9999 -9999 -9999 -9999 -9999 -9999 -9999 -9999 -9999 -9999 -9999 -9999 -9999 -9999 3.27832144498825 2.1095330119133 1.79362744092941 1.5618582367897 1.04679301381111 0.840989738702774 1.11825207301549 1.01623189023563 0.912185111871133 0.828615754842758 0.81200447678566 0.790731012821198 0.735003215762285 0.750341648405249 0.688777704324041 0.553439363837242 0.655149478465319 0.733993529342115 0.774545872583985 0.915198351655688 0.919009317244802 0.816442133060523 0.777042586888586 0.74731427856854 0.707088656723499 0.714021014315741 0.850544536113739 1.04073943197727 1.14355934858322 1.73621108702251 2.16431606517119 1.99600499868393 1.55471822619438 1.27220323681831 -9999 -9999 -9999 -9999 -9999 -9999 -9999 -9999 -9999 -9999 -9999
-9999 -9999 -9999 -9999 -9999 -9999 -9999 -9999 -9999 -9999 -9999 -9999 -9999 -9999 2.86799001693726 2.29983222484589 1.701416015625 1.80162054300308 1.46522098779678 0.984261512756348 0.836367011070251 0.77741901576519 0.781483992934227 0.765809237957001 0.717349976301193 1.08375138044357 0.73648177087307 0.721977233886719 0.748094022274017 0.736873507499695 0.73990273475647 0.717893568532808 0.824861258268356 0.795972734689713 0.914960503578186 0.93228608582701 0.828037948480674 0.766906784049102 0.695441247097084 0.6708802527615 0.819584018909014 0.679293713399342 0.692951614303248 0.727219730615616 1.01664190420083 1.13760871589184 1.22411927115172 1.80773376366671 2.03858906947649 1.79403299551744 1.38617683603213 1.31500770036991 -9999 -9999 -9999 -9999 -9999 -9999 -9999 -9999 -9999 -9999
-9999 -9999 -9999 -9999 -9999 -9999 -9999 -9999 -9999 -9999 -9999 2.6515547749284 2.78397948401315 2.91869449615479 2.09444975852966 1.55480372905731 0.919252753257751 0.855846524238586 0.74764629250223 0.694434240460396 0.691673704064809 0.695118571703251 0.742526794855411 1.09243392092841 1.09446523444993 0.893968948296138 0.7085030319599 0.797335164887564 0.709594756364822 0.699182003736496 0.694160014390945 0.590015739202499 0.730333507061005 0.837514251470566 0.881550997495651 0.837949752807617 0.941399484872818 0.866724997758865 0.67705425620079 0.683279520698956 0.84038647550803 0.69352400302887 0.657823456021456 0.675333958405715 1.20111828111112 1.26208332180977 1.43825652507635 1.78137313402616 1.91659300143902 1.92809943052439 2.0803905673649 -9999 -9999 -9999 -9999 -9999 5.80625509425651 5.35366863012314 7.31077476108775 6.94024843328139 25.4364327823415 -9999
-9999 -9999 -9999 -9999 -9999 -9999 -9999 -9999 -9999 1.96002774888819 7.25533131452707 1.77606332302094 1.39864546060562 1.39761197566986 0.919434040784836 0.750740230083466 0.67697349190712 0.708202974362807 0.660328156568787 0.631890490651131 0.919978392975671 0.89785564158644 0.906555316277913 0.786244933094297 0.774892496211188 0.693126963717597 6.53194913566113 0.713208764791489 0.660981774330139 1.10695767402649 1.13922546591078 0.550762265920639 0.602962002158165 0.692093998193741 0.741168260574341 0.794363260269165 0.916558742523193 0.876110017299652 0.735841006040573 0.77874019369483 0.740881803631783 0.739110738039017 0.695245643074696 0.807574847569833 1.02717875058834 1.16911455301138 1.39595797887215 1.65443156774227 1.72016927829156 1.61538261404404 1.69928920269012 1.87692519209602 1.99734324216843 2.75826609740823 2.48512488061731 2.63088689609007 2.42600110699149 3.97676884276526 3.56029850244522 4.41211384534836 1.97768033146858 -9999
-9999 -9999 -9999 -9999 -9999 1.54011674360795 1.71233836087314 1.59883819926869 1.6058586619117 1.39806988835335 1.29198826984926 0.847292872992429 0.774282810362903 0.741368234157562 0.723774015903473 1.5130594010864 1.18735350455557 0.858928295118468 0.75199661723205 0.772094011306763 0.765590757131577 0.703745893069676 0.725633446659361 0.745767416698592 0.700236742313092 0.707881271839142 0.708247482776642 0.699537247419357 0.690593004226685 0.619758470700337 0.516700491309166 0.543241992592812 0.576696008443832 0.648595482110977 0.657189756631851 0.696775257587433 0.82004252076149 0.782044718308108 0.849004483222962 0.738370008766651 1.12103015743196 0.71572292309541 0.824488317737213 0.837822747918276 0.886400771828798 0.980056698505695 1.22336574471914 1.35738945007324 1.22301757335663 1.34400306068934 1.68113373626362 1.72326003963297 1.76990141109987 1.90719930150292 2.04109042882919 1.88029466684048 1.98905880634601 2.20016601452461 2.7068542079492 3.17458127095149 3.56379293478452 3.76109733031346
-9999 -9999 -9999 -9999 -9999 1.19084549221126 1.02405111356215 0.964810105887326 0.941023991866545 0.890648538416082 0.84400899708271 0.751405730843544 0.87433181817715 0.794373310529269 0.940936505794525 0.907845497131348 1.20925473741123 0.820682881133897 0.69276191507067 0.663753524422646 0.701117481504168 0.680957775030817 2.993330514431 3.90976201295853 0.653683822069849 0.754204988479614 0.779431760311127 0.586737973349435 0.644416551177318 1.10724192112684 0.754768142333398 0.631568506360054 0.623577758669853 0.638575509190559 0.628903985023499 0.746156752109528 2.76216140985489 0.77994064028774 0.723291993141174 0.688588976860046 0.81306978687644 0.63452320259351 0.742333844304085 0.797190386515397 0.807192106659596 0.793213392679508 0.868627416399809 1.06638695185001 1.16270269109653 1.06206094072415 1.37592726945877 1.4803932715546 1.58607172153213 1.68475216627121 1.65493274193544 1.91838918740933 2.03668778217756 2.36770601914479 2.43116558139974 2.61075419646043 3.34945593430446 5.52277025309476
-9999 -9999 -9999 -9999 -9999 1.03774327039719 0.894963497465307 0.861046119169755 0.855081528425217 0.894004528339092 0.848852964547964 0.75600501207205 0.740528274040956 1.25567207591874 0.997229920966284 0.847034901380539 0.813935037170138 0.689961222665651 0.720831219639097 0.682161550436701 0.6695181535823 0.646728228245463 1.78737962543964 0.621285202247756 0.607316909091813 0.583785768066134 0.583039385931832 1.00106570720673 1.04457460343838 0.557879456318915 0.389535172627522 0.747490522265434 0.515586088810648 0.546881797058242 0.872381488482157 0.775283448836383 2.19210977107286 2.75569496154785 0.784522503614426 0.688813745975494 0.663549698889256 0.750615754723549 0.697081216252767 0.728704388325031 0.760108815935942 0.777124577989945 0.838306374274767 1.02351485995146 1.05043301444787 1.0106364947099 1.06501292369582 1.387359990315 1.54847178404981 1.36466334645565 1.44015252360931 1.5952040874041 1.5425705909729 1.50153410163793 1.63435420664874 2.53462007370862 3.1585131558505 2.27715173363686
-9999 -9999 -9999 -9999 -9999 0.841075524687767 0.827396578513659 0.753797980455252 0.649885200537168 0.618645274868378 1.23584242165089 1.10534487451826 1.0214446165732 0.882020045604025 0.716542073658534 0.847221525652068 0.664044007658958 0.704555913805962 0.723435210330146 0.893180561065674 0.750307288765907 0.669623413681984 0.660055702924728 0.61766309440136 0.586741942167282 0.618591511249542 0.594789734908513 0.874355929593245 0.856174804270267 0.647856459021568 0.638307088187763 0.546081975102425 0.610344637717519 0.93519501388073 0.709845244884491 0.768124997615814 0.973687567748129 1.46124660968781 0.753894239664078 0.924289256334305 1.44110605120659 0.901419758796692 0.930785679258406 0.70926108956337 0.69084942979472 0.920824930071831 0.737593397498131 0.892086583834428 0.872050809172484 0.819113143361532 0.814124956727028 0.773256516227355 0.768720825131123 0.908489062235906 1.07096300675319 1.21676693283595 1.21907847306945 1.12231367826462 1.37520226836205 1.7089474350214 2.03683952987194 2.84427978775718
-9999 -9999 -9999 -9999 -9999 0.994566538504192 1.0901561571019 1.04302627061095 1.01426109245845 1.00574241578579 0.86831776372024 0.890287399291992 0.749966574566705 0.748595371842384 0.675884670444897 0.650120496749878 0.716679287808282 0.693626448512077 0.830601853132248 0.689543877329145 0.752259656786919 0.682330206036568 0.68678811788559 0.631122866272926 0.887643277645111 0.881805209950967 1.28417528420687 1.09736590087414 0.572348767518997 0.903568796136163 0.611243241599628 0.91504595560186 0.599621472614152 0.663754746317863 0.738584756851196 0.855201482772827 1.33313874900341 1.15068272128701 1.26681872829795 1.16510220989585 1.17061874270439 1.01699813269079 0.674707717129162 0.670538478663989 0.680091223546437 0.78885137684205 0.699921433414732 0.724201204521315 0.740360766649246 0.808009138474098 0.762720599770546 0.823604880617215 0.837005781439634 0.97240600333764 1.13252517810235 1.50898353078149 1.25666468251835 1.59694618528539 1.3962476849556 1.56601600348949 2.26996243000031 2.48534698784351
