EcologicalScience/Bass/data/rs_data_bass/chl_215.asc
NCOLS 226 
NROWS 124 
XLLCORNER -9.41648524995501 
YLLCORNER 47.587301625531 
CELLSIZE 0.0833 
NODATA_value -9999 
[rows 54 to 80 of 124, columns 124 to 185 of 226]
1.25247377157211 1.30976995825768 1.33823177218437 1.35174822807312 1.10543623566628 1.06601026654243 0.9920474588871 0.926817744970322 0.955802232027054 1.01517453789711 1.06613552570343 1.03840497136116 1.02878397703171 0.940730273723602 0.901674002408981 1.03137972950935 0.975406497716904 1.06582796573639 1.02500402927399 0.832006484270096 1.30573797225952 1.80598801374435 1.97521644830704 1.81978958845139 1.79224866628647 1.78513044118881 1.75663268566132 1.76455718278885 1.77692556381226 1.80418717861176 1.84527146816254 1.88453096151352 1.91072469949722 1.81603574752808 1.79868668317795 1.90425682067871 1.86613798141479 1.69806754589081 1.53866708278656 1.37836870551109 1.1679120361805 1.07547676563263 1.13192170858383 1.53004574775696 2.077761054039 2.56263971328735 2.71627342700958 2.89553242921829 4.50302481651306 4.63722825050354 5.19563233852386 4.16764073712485 7.82766408920288 7.62058424949646 8.92242121696472 22.3368172645569 15.1574083417654 10.5835045874119 12.8997029364109 16.1741377235259 5.14212177185241 5.11688482761383
1.17213526368141 1.3960312306881 1.38605698943138 1.42682477831841 1.50234371423721 1.2799379825592 1.06467828154564 1.22516995668411 0.984563291072845 0.916789501905441 1.00731226801872 1.03219503164291 1.07644504308701 0.951677978038788 0.965298771858215 0.969146221876144 1.04894623160362 1.1268795132637 1.18135195970535 1.31927400827408 1.75299525260925 1.95941019058228 1.77863466739655 1.70023208856583 1.68327516317368 1.67695426940918 1.62877428531647 1.67244905233383 1.7681992650032 1.82701653242111 1.80063074827194 1.77370566129684 1.76293730735779 1.7100915312767 1.74485403299332 1.89197248220444 1.714539706707 1.33900800347328 1.30762124061584 1.18060049414635 1.09757995605469 1.16640302538872 1.29798746109009 1.998286485672 2.9439457654953 3.31602895259857 3.67557299137115 4.00114417076111 7.52180600166321 7.20425748825073 6.45700662476676 5.18654465675354 5.95155453681946 12.1878174304962 16.0976229161024 15.9990575239062 10.5720698833466 -9999 -9999 -9999 -9999 -9999
1.14917546510696 1.22872576117516 1.44331347942352 1.444425791502 1.62306153774261 1.65952867269516 1.43574070930481 1.4600895345211 1.16311052441597 1.04346898198128 1.03874471783638 1.03306353092194 1.17443096637726 1.11945077776909 1.14121878147125 1.12076997756958 1.15394622087479 1.41019722819328 1.42117497324944 1.65799427032471 1.8803722858429 1.88358306884766 1.72563081979752 1.7129362821579 1.62041544914246 1.61539721488953 1.60794979333878 1.65543222427368 1.71959549188614 1.85930103063583 1.7829555273056 1.66661167144775 1.53823882341385 1.54618656635284 1.65242779254913 1.65163654088974 1.50160950422287 1.10333696007729 0.974412769079208 1.24707528948784 1.2072112262249 1.08880573511124 1.77563631534576 2.67584627866745 4.28810477256775 5.65417635440826 7.18209028244019 3.9314717735563 6.6991297858102 5.99019464850426 6.13243362307549 5.81172311306 6.32597577571869 12.1940370082855 -9999 -9999 -9999 -9999 -9999 -9999 -9999 -9999
1.14067196846008 1.17263397574425 1.22895821928978 1.23117899894714 1.67746192216873 1.61625748872757 1.54408657550812 1.25905877351761 1.26089322566986 1.16463750600815 1.13929125666618 1.19405096769333 1.1265187561512 1.15497377514839 1.1539132297039 1.49251726269722 1.4480040371418 1.61499899625778 1.87357950210571 1.94013369083405 1.93335521221161 1.83265042304993 1.69404816627502 1.70266270637512 1.52747243642807 1.43302273750305 1.43659946322441 1.51779448986053 1.53615832328796 1.61375695466995 1.55429470539093 1.5246074795723 1.17133924365044 1.09207299351692 1.43543404340744 1.03629970550537 1.10103598237038 1.05848926305771 1.23774003982544 1.20594450831413 1.11982351541519 1.4422462284565 2.54112446308136 4.2559118270874 6.32040238380432 9.18107628822327 10.1467151641846 6.64040441250582 8.67942023277283 8.32725620269775 7.63222575187683 8.8387176990509 9.50171256065369 -9999 -9999 -9999 -9999 -9999 -9999 -9999 -9999 -9999
1.25236424803734 1.099389731884 1.12560600042343 1.06035375595093 1.0455014705658 1.1613937318325 1.55792552232742 1.62124729156494 1.31709453463554 1.08981075882912 1.25470572710037 1.08767920732498 1.00348573923111 1.11955878138542 1.25548499822617 1.40100225806236 1.9374908208847 1.83391642570496 1.82962274551392 1.80149620771408 1.80118274688721 1.6989494562149 1.64586228132248 1.62784641981125 1.52904832363129 1.39311674237251 1.16767278313637 1.25657254457474 1.19929870963097 1.18265175819397 1.27780500054359 0.970144540071487 0.938347488641739 0.955392748117447 0.912918001413345 0.902894228696823 0.84036523103714 0.94676399230957 0.987092971801758 0.974970012903214 1.04045704007149 1.90283542871475 2.67723816633224 4.47175061702728 7.19158601760864 8.05597114562988 10.3918015956879 5.17517638206482 8.98300909996033 8.24850368499756 8.00237631797791 9.49767923355103 31.4752204601581 -9999 -9999 -9999 -9999 -9999 -9999 -9999 -9999 -9999
-9999 3.16831496357918 3.04788225889206 3.29191607236862 1.13070228695869 1.1737057864666 1.67396932840347 1.52575957775116 1.52297401428223 1.22222471237183 1.13438621163368 1.06965896487236 1.18488451838493 1.37799748778343 1.32655048370361 1.42713153362274 1.84241777658463 1.92610949277878 1.85854643583298 1.77971541881561 1.72168117761612 1.59917628765106 1.5741194486618 1.58859980106354 1.51852941513062 1.27977374196053 1.07034829258919 1.02554628252983 1.00034621357918 0.847866028547287 0.892856240272522 0.859382271766663 0.82482898235321 0.797496736049652 0.820728778839111 0.82398596405983 0.768773227930069 0.778831511735916 0.858747035264969 1.00311371684074 2.12866419553757 2.73307943344116 3.47844386100769 4.29174363613129 6.15489864349365 -9999 7.54483532905579 7.59694198199681 5.2702012360096 4.85522574186325 15.2296924591064 63.0543810802957 61.5786397116525 69.7466376760732 -9999 -9999 -9999 -9999 -9999 -9999 -9999 -9999
-9999 -9999 -9999 -9999 -9999 2.28387522697449 1.9483677148819 2.04965925216675 1.4140537083149 1.55004304647446 1.39709776639938 1.37241974473 1.12713003158569 1.15457779169083 1.22242346405983 1.6196197271347 1.76703375577927 1.67237627506256 1.69111794233322 1.66672718524933 1.53733420372009 1.54080677032471 1.51635682582855 1.41463503241539 1.50329107046127 1.28736001253128 1.13350197672844 0.94455823302269 0.874447524547577 0.893851518630981 0.796073287725449 0.770247012376785 0.743228986859322 0.76483878493309 0.770324975252151 0.80275422334671 0.817286968231201 0.832241982221603 0.860563516616821 0.960948765277863 2.56512594223022 3.09499955177307 3.64127039909363 4.44129359722137 5.60769832134247 22.0357536042778 -9999 -9999 -9999 -9999 52.0817288160324 44.8216753005981 49.0565507411957 24.5552846321693 -9999 -9999 -9999 -9999 -9999 -9999 -9999 -9999
-9999 -9999 -9999 -9999 -9999 -9999 -9999 -9999 2.25127162252154 2.11676603555679 1.4748449921608 1.48986822366714 1.32137328386307 1.50251108407974 1.7017462849617 1.78879058361053 1.79948168992996 1.67509871721268 1.58653128147125 1.53060382604599 1.34679374098778 1.32517576217651 1.22597023844719 1.08178496360779 1.00602301955223 1.08260554075241 0.955748230218887 0.829344034194946 0.831566244363785 0.849765032529831 0.722589746117592 0.706254735589027 0.775800794363022 0.829089760780334 0.873266994953156 0.839308530092239 0.797343760728836 0.824517041444778 0.893186241388321 1.59934723377228 2.72988528013229 4.18119978904724 5.38848531246185 5.4109822511673 6.01007712328875 29.0682649612427 -9999 -9999 -9999 -9999 17.548882484436 44.0228852610434 67.892342376709 54.7238230705261 50.647883278983 49.1091722079686 -9999 -9999 -9999 -9999 -9999 -9999
-9999 -9999 -9999 -9999 -9999 -9999 -9999 -9999 -9999 -9999 2.39721143245697 1.52560651302338 1.97349143028259 1.89213216304779 1.98672151565552 2.09040981531143 1.94786703586578 1.7953274846077 1.57887983322144 1.52778893709183 1.23449170589447 1.23158696293831 1.21668300032616 1.12401303648949 0.896117269992828 0.858948737382889 0.897346526384354 0.789041966199875 0.774160534143448 0.728696241974831 0.736115232110023 0.817429482936859 0.920955777168274 0.921303749084473 0.915682464838028 0.905940771102905 0.914538770914078 0.918308258056641 1.08034425973892 1.36060121655464 2.12220150232315 3.19832038879395 4.9747416973114 7.44564342498779 14.3062920327325 -9999 -9999 -9999 -9999 -9999 -9999 -9999 10.0323095510646 44.5872435569763 39.8542479106358 22.507168006897 10.8786277770996 -9999 -9999 -9999 -9999 -9999
-9999 -9999 -9999 -9999 -9999 -9999 -9999 -9999 -9999 4.3704868555069 2.68428599834442 2.53666055202484 2.54136908054352 2.66848343610764 2.27148002386093 2.24759924411774 2.05974233150482 1.78841328620911 1.4113162457943 1.18765354156494 1.1825670003891 1.11824852228165 1.14848104119301 1.17326545715332 0.863792985677719 0.762855023145676 0.749762982130051 0.730532258749008 0.733704015612602 0.700441494584084 0.756887286901474 0.814151287078857 0.99984222650528 0.994221746921539 0.980905473232269 0.963525742292404 0.983835786581039 1.11739048361778 1.2355349957943 1.70499300956726 2.5900844335556 3.31629538536072 4.19240391254425 7.58945846557617 25.1706014385501 33.0447750091553 -9999 -9999 -9999 18.0870494842529 17.3842849731445 15.748957157135 14.5085535049438 15.865357875824 25.0752935409546 51.1702823638916 14.0808675135336 -9999 -9999 -9999 -9999 -9999
-9999 -9999 -9999 -9999 -9999 -9999 -9999 -9999 -9999 -9999 3.12193655967712 3.02026212215424 2.72467732429504 2.68390721082687 2.45685893297195 2.44710981845856 2.16762006282806 1.7949435710907 1.48710751533508 1.12803375720978 1.13847228884697 1.11919122934341 1.14192071557045 1.11190125346184 0.908018231391907 0.755025744438171 0.752760708332062 0.731264233589172 0.743942990899086 0.809500515460968 0.902898788452148 1.05423903465271 1.11305773258209 1.19130903482437 1.1755605340004 1.15070852637291 1.11589425802231 1.22808972001076 1.39787024259567 2.0408753156662 3.00143086910248 3.63398408889771 5.68637537956238 8.55476331710815 9.01607018882789 -9999 -9999 -9999 -9999 -9999 17.3097238540649 14.4006199836731 13.8199081420898 14.0492491722107 14.9095687866211 -9999 -9999 -9999 -9999 -9999 -9999 -9999
-9999 -9999 -9999 -9999 -9999 -9999 -9999 -9999 -9999 3.67937564849854 4.15962404864175 2.61996674537659 2.52720594406128 2.37801826000214 2.10290479660034 2.02211701869965 1.74719166755676 1.61008429527283 1.36102196574211 1.0994910299778 1.01304897665977 0.972673505544662 1.09533753991127 1.02190428972244 0.972805470228195 0.862982958555222 0.849709510803223 0.833082765340805 0.852414786815643 0.862005740404129 0.894921720027924 1.12589621543884 1.18584600090981 1.2100935280323 1.34717327356339 1.28389728069305 1.33400022983551 1.22616523504257 1.4198302924633 1.88496977090836 2.61523193120956 4.08413851261139 5.83679759502411 6.13423432887179 3.86466658115387 -9999 -9999 -9999 -9999 -9999 37.4213726238201 15.4417119026184 15.2237348556519 -9999 -9999 -9999 -9999 -9999 -9999 -9999 -9999 -9999
-9999 -9999 -9999 -9999 -9999 -9999 -9999 -9999 -9999 5.74242782592773 2.95075987918036 2.93497638702393 2.53217393159866 2.33165627717972 1.97115683555603 1.90167528390884 1.4959237575531 1.41422626376152 1.23257848620415 1.02351298928261 0.930081725120544 0.878732979297638 0.830469757318497 0.879790484905243 0.959662467241287 0.941582232713699 0.977529019117355 1.02044847607613 1.00014299154282 1.02805504202843 1.17263102531433 1.37810477614403 1.16234475374222 1.14451199769974 1.25924402475357 1.37442603707314 1.44897750020027 1.76817458868027 2.1652672290802 2.31175804138184 3.46506071090698 5.53833675384521 6.40516948699951 11.2240787952849 3.86466693878174 -9999 -9999 -9999 -9999 12.1949715614319 -9999 -9999 -9999 -9999 -9999 -9999 -9999 -9999 -9999 -9999 -9999 -9999
-9999 -9999 -9999 -9999 -9999 -9999 -9999 -9999 -9999 4.95009628931681 2.60156857967377 2.87563794851303 2.59825873374939 2.33362805843353 1.88988071680069 1.82496517896652 1.44525450468063 1.32025051116943 1.18112254142761 1.15643253922462 0.979698747396469 0.900301516056061 0.86482572555542 0.853808283805847 0.855858027935028 0.895294457674026 0.950932502746582 1.15401828289032 1.12808847427368 1.16821727156639 1.22274899482727 1.16137647628784 1.10373374819756 1.10736671090126 1.18705576658249 1.26717898249626 1.43406227231026 2.04376351833344 2.69922226667404 3.41804158687592 5.01541292667389 7.36934924125671 4.42385473464852 -9999 -9999 -9999 -9999 -9999 -9999 -9999 -9999 -9999 -9999 -9999 -9999 -9999 -9999 -9999 -9999 -9999 -9999 -9999
-9999 -9999 -9999 -9999 -9999 -9999 -9999 -9999 -9999 3.10824832320213 2.58556622266769 2.78891998529434 2.68514406681061 2.32834643125534 1.9609403014183 1.77821552753448 1.65281403064728 1.4021489918232 1.11569479107857 1.00104224681854 0.891026258468628 0.893809497356415 0.934427976608276 0.992871791124344 0.937358289957047 0.911754727363586 0.996022492647171 1.02403423190117 1.03070622682571 1.02160504460335 1.04615852236748 1.10339248180389 1.11436352133751 1.07468926906586 1.10870254039764 1.39232701063156 1.73817747831345 2.10737317800522 3.10201728343964 4.48160684108734 5.80510890483856 5.37787841348087 7.74816598806037 -9999 -9999 -9999 -9999 -9999 -9999 -9999 -9999 -9999 -9999 -9999 -9999 -9999 -9999 -9999 -9999 -9999 -9999 -9999
-9999 -9999 -9999 -9999 -9999 -9999 -9999 3.28386068344116 4.40820894241333 3.08823224902153 2.71964854001999 2.63548046350479 2.60393393039703 2.27568072080612 1.89012533426285 1.69144874811172 1.61093920469284 1.36041453480721 1.11227998137474 1.02441072463989 1.00729501247406 1.03204947710037 1.0159649848938 1.02568575739861 1.07925376296043 1.09565028548241 1.21286246180534 1.29816895723343 1.30815821886063 1.24443671107292 1.0840867459774 1.1121937930584 1.14228227734566 1.14119625091553 1.19239577651024 1.71571576595306 2.381860435009 2.6576355099678 3.4043265581131 3.89854288101196 11.8592448685933 5.69786846637726 3.25656187534332 -9999 -9999 -9999 -9999 -9999 -9999 -9999 -9999 -9999 -9999 -9999 -9999 -9999 -9999 -9999 -9999 -9999 -9999 -9999
-9999 -9999 -9999 -9999 -9999 -9999 4.41730948951509 3.37248510122299 3.17570406198502 2.80241551995277 3.00088262557983 2.90512579679489 2.85335326194763 2.3946960568428 1.98158544301987 1.6171447634697 1.31188577413559 1.10663920640945 1.08680328726768 1.06042277812958 1.06627276539803 1.15051272511482 1.14855372905731 1.08220651745796 1.00813874602318 0.988312482833862 1.1469494998455 1.18113371729851 1.15703549981117 1.09067022800446 1.03768274188042 1.06960049271584 1.12067028880119 1.23790124058723 1.63491904735565 2.71101826429367 3.28204214572906 3.61045575141907 3.74995493888855 -9999 -9999 -9999 -9999 -9999 -9999 -9999 -9999 -9999 -9999 -9999 -9999 -9999 -9999 -9999 -9999 -9999 -9999 -9999 -9999 -9999 -9999 -9999
-9999 -9999 -9999 -9999 4.80992230535285 3.67855274677277 3.39609771966934 3.19931375980377 3.08628916740417 3.09542334079742 2.80923825502396 2.85651898384094 2.87889754772186 2.43154281377792 1.96509897708893 1.29686173796654 1.07166373729706 1.17295199632645 1.36650377511978 1.42375499010086 1.47708374261856 1.36674222350121 1.31883671879768 1.27756199240685 1.20285299420357 1.21116524934769 1.06084129214287 0.956513285636902 1.01673451066017 1.01591849327087 1.33669576048851 1.63434898853302 1.79819619655609 2.37328273057938 2.56392216682434 2.91226941347122 3.21744060516357 6.01167758153035 -9999 -9999 -9999 -9999 -9999 -9999 -9999 -9999 -9999 -9999 -9999 -9999 -9999 -9999 -9999 -9999 -9999 -9999 -9999 -9999 -9999 -9999 -9999 -9999
-9999 -9999 -9999 -9999 3.1497836673961 3.53875452280045 2.99355894327164 3.01561439037323 2.94994193315506 2.85016947984695 2.65841406583786 2.71694022417068 2.42659199237823 2.10876077413559 1.27541479468346 0.881650507450104 0.965006232261658 1.30427178740501 1.21602299809456 1.1146320104599 1.18155071139336 1.71088582277298 1.80115431547165 1.61314952373505 1.55659049749374 1.490881472826 1.45268923044205 1.46739828586578 1.45108804106712 1.69093054533005 1.93050456047058 2.39229744672775 2.40882307291031 3.04331624507904 4.63474881649017 5.64199876785278 6.52814340591431 -9999 -9999 -9999 -9999 -9999 -9999 -9999 -9999 -9999 -9999 -9999 -9999 -9999 -9999 -9999 -9999 -9999 -9999 -9999 -9999 -9999 -9999 -9999 -9999 -9999
-9999 26.5744096340414 21.0862084187959 3.34589621850422 3.55571615695953 3.07022631168365 3.13644003868103 3.0795990228653 2.73126447200775 2.53635370731354 2.47251445055008 2.01486593484879 2.20883542299271 1.67274230718613 1.16113123297691 1.1394014954567 1.15035974979401 1.23660823702812 1.33251902461052 0.950531244277954 0.929300218820572 1.10128203034401 1.20938175916672 1.20281776785851 2.61893177032471 2.2455518245697 2.10801601409912 1.7538269162178 1.79709380865097 2.67462068796158 2.97013431787491 2.82450217008591 2.81276321411133 4.96840953826904 5.46390080451965 14.6803165457465 -9999 -9999 -9999 -9999 -9999 -9999 -9999 -9999 -9999 -9999 -9999 -9999 -9999 -9999 -9999 -9999 -9999 -9999 -9999 -9999 -9999 -9999 -9999 -9999 -9999 -9999
25.2686858177185 3.73736894130707 3.66508408387502 3.28092133998871 3.09100592136383 3.1294469833374 3.07880115509033 3.04378390312195 2.77016919851303 2.60104197263718 2.39309030771255 1.80192750692368 1.86928117275238 1.42196998000145 1.20583721995354 1.21381124854088 1.43789702653885 1.52272582054138 1.67717331647873 1.66252779960632 1.76792326569557 1.8572936207056 3.31196844577789 3.36842787265778 3.14039325714111 2.74736773967743 2.72723025083542 2.887386739254 3.89412903785706 2.88653022050858 3.03054964542389 3.64558339118958 4.35528838634491 -9999 -9999 -9999 -9999 -9999 -9999 -9999 -9999 -9999 -9999 -9999 -9999 -9999 -9999 -9999 -9999 -9999 -9999 -9999 -9999 -9999 -9999 -9999 -9999 -9999 -9999 -9999 -9999 -9999
27.7248701182279 3.32256138324738 3.38217616081238 3.02481830120087 3.09223794937134 3.14076733589172 3.02029860019684 2.87142151594162 2.48206722736359 2.44438433647156 2.08368533849716 1.69940775632858 1.46480396389961 1.07871749997139 1.1121112704277 1.3082190155983 1.73403078317642 1.98394042253494 2.17599749565125 2.32258504629135 1.30772721767426 3.19965612888336 3.08219110965729 2.77100479602814 2.29380458593369 3.01652240753174 3.64164233207703 4.19833266735077 2.68235617876053 2.74123495817184 3.39616441726685 3.95114636421204 3.78192687034607 21.13535740501 8.04666917974299 5.19850584232446 -9999 -9999 -9999 -9999 -9999 -9999 -9999 -9999 -9999 -9999 -9999 -9999 -9999 -9999 -9999 -9999 -9999 -9999 -9999 -9999 -9999 -9999 -9999 -9999 -9999 -9999
3.46530282497406 3.17064607143402 3.12534070014954 3.01038765907288 2.9208750128746 2.75552093982697 2.6255287528038 2.21735697984695 2.11370176076889 1.90672731399536 1.64867699146271 1.61284500360489 1.75720953941345 1.95353257656097 2.05190849304199 2.03798407316208 2.42146575450897 2.54299807548523 2.96699094772339 4.07226991653442 1.88254129886627 1.89173170924187 3.38950967788696 3.98392117023468 4.02406561374664 3.00711071491241 2.85672605037689 2.90770643949509 3.20850455760956 3.49386584758759 6.94676675478617 -9999 -9999 -9999 -9999 -9999 -9999 -9999 -9999 -9999 -9999 -9999 -9999 -9999 -9999 -9999 -9999 -9999 -9999 -9999 -9999 -9999 -9999 -9999 -9999 -9999 -9999 -9999 -9999 -9999 -9999 -9999
3.61557590961456 3.65750777721405 3.61135196685791 3.15774464607239 2.89114791154861 2.69415074586868 2.85981291532516 2.67185693979263 2.65064316987991 2.2411515712738 1.64491492509842 2.9112696647644 3.53590428829193 3.94273638725281 4.21618187427521 3.15348064899445 3.65568673610687 4.83101856708527 5.64125919342041 2.57671129703522 2.52113252878189 4.83995032310486 5.76025950908661 4.67001092433929 3.47382831573486 3.3694521188736 3.45607566833496 3.49032461643219 3.89790451526642 3.88152229785919 3.84148263931274 6.48658658362724 -9999 -9999 -9999 -9999 -9999 -9999 19.4236102815884 12.6942715644836 -9999 -9999 -9999 -9999 -9999 -9999 -9999 -9999 -9999 -9999 -9999 -9999 -9999 -9999 -9999 -9999 -9999 -9999 -9999 -9999 -9999 -9999
4.08346712589264 4.05140793323517 4.0078399181366 3.72374296188354 3.6910525560379 3.40992623025721 3.003524013928 3.1719206571579 2.94135397672653 2.40769577026367 1.71063369512558 5.38706910610199 6.59624433517456 10.4600729942322 9.97398090362549 7.58304762840271 7.1205575466156 5.82306218147278 3.19906139373779 3.46857833862305 4.07751381397247 4.84088909626007 4.49566733837128 3.30642521381378 3.22915935516357 3.28642880916595 3.50570833683014 3.79663610458374 4.40937802791595 4.05742721557617 7.90616417257753 3.42093944549561 -9999 -9999 -9999 -9999 -9999 -9999 -9999 -9999 -9999 -9999 -9999 -9999 -9999 -9999 -9999 -9999 -9999 -9999 -9999 -9999 -9999 -9999 -9999 -9999 -9999 -9999 -9999 -9999 -9999 -9999
-9999 -9999 -9999 -9999 -9999 3.91213409524215 4.25600450379508 3.18835067749023 2.55707603693008 1.2832219004631 1.18181777000427 8.0843403339386 13.3197755813599 12.4436802864075 13.4895815849304 12.6561784744263 6.11358690261841 3.04234492778778 3.10166394710541 3.80726623535156 4.51239216327667 4.57321107387543 4.3747980594635 3.94118928909302 3.52673327922821 4.26687383651733 -9999 -9999 -9999 -9999 -9999 -9999 -9999 -9999 -9999 -9999 -9999 -9999 -9999 -9999 -9999 -9999 -9999 -9999 -9999 -9999 -9999 -9999 -9999 -9999 -9999 -9999 -9999 -9999 -9999 -9999 -9999 -9999 -9999 -9999 -9999 -9999
-9999 -9999 -9999 -9999 -9999 -9999 3.13987469673157 2.44491976499557 1.68841153383255 1.55880853533745 2.01312327384949 14.5131425857544 14.3875250816345 12.8832192420959 11.0112025737762 7.74503302574158 5.38103485107422 4.28175687789917 4.12284064292908 5.32510721683502 5.60010302066803 4.96106708049774 3.93420910835266 3.38481574232985 -9999 -9999 -9999 -9999 -9999 -9999 -9999 -9999 -9999 -9999 -9999 -9999 -9999 -9999 -9999 -9999 -9999 -9999 -9999 -9999 -9999 -9999 -9999 -9999 -9999 -9999 -9999 -9999 -9999 -9999 -9999 -9999 -9999 -9999 -9999 -9999 -9999 -9999
