EcologicalScience/Bass/data/rs_data_bass/chl_236.asc
NCOLS 226 
NROWS 124 
XLLCORNER -9.41648524995501 
YLLCORNER 47.587301625531 
CELLSIZE 0.0833 
NODATA_value -9999 
[rows 54 to 80 of 124, columns 124 to 185 of 226]
2.36744570732117 2.22701360285282 1.97179425954819 2.00880682468414 2.01774752140045 1.97733521461487 1.92268198728561 2.263796210289 2.24816957116127 2.18591031432152 2.2029442191124 2.28177979588509 2.5925520658493 2.38925099372864 2.65987944602966 3.10163247585297 3.05358445644379 3.26261687278748 2.99674272537231 3.06702160835266 3.28964996337891 3.13343632221222 3.09306156635284 2.57121670246124 2.4690113067627 2.32564276456833 2.20002973079681 2.24090552330017 2.17298483848572 2.93325966596603 2.86178702116013 2.79062390327454 2.59617890680537 1.55059272050858 1.93682330846786 1.85264557600021 1.92790049314499 2.13602918386459 2.38375353813171 2.1327458024025 2.04584848880768 1.49016299843788 1.04503607048708 1.07732700600344 0.759877741336823 0.657426397005717 1.32707852125168 1.53176182508469 1.53271043300629 5.38065478676244 5.22354267145458 4.7437609622353 6.12178783831389 4.96251051766532 15.1613128980001 35.3764715194702 5.30330836772919 5.29076778888702 5.50128614902496 15.5761328223568 5.60848763602936 -9999
2.79632467031479 2.76386028528214 2.40035588826452 2.32081872224808 2.27069091796875 2.37342149019241 2.22297298908234 2.29882943630219 2.53429716825485 2.5970419049263 2.61711975932121 2.48979225754738 2.78378623723984 2.6555580496788 2.90935796499252 3.0161190032959 3.31536591053009 3.2195348739624 3.11148083209991 3.25068390369415 3.27847123146057 3.67202639579773 3.77363383769989 2.84632354974747 2.70549076795578 2.51276993751526 2.47875970602036 2.51439070701599 3.70554200808207 1.93408942222595 1.85407876968384 1.91077798604965 2.59726743137135 2.36924448609352 1.72846099734306 1.56073377281427 1.4647369813174 1.55052794779048 1.6074555516243 1.6059541982763 0.984858781099319 1.49783783449846 1.40819853544235 2.29346126317978 3.10098014379802 1.40015771985054 2.01866769790649 1.79608422517776 6.39496817086872 15.3358540534973 5.46163827958314 6.11353045961131 6.50337251372959 3.53821635246277 3.65059268474579 10.6190194487572 10.5720698833466 -9999 -9999 -9999 -9999 -9999
4.23112545694624 3.90367162227631 2.69978928565979 3.38733039583479 2.43708443641663 2.34489297866821 2.48086953163147 2.60209196805954 2.54523074626923 2.56792724132538 2.38946029543877 2.74490630626678 2.87054407596588 2.92198044061661 3.07424175739288 3.46896886825562 3.41440343856812 3.4632568359375 3.24135446548462 3.5470529794693 3.77934587001801 3.95093858242035 3.93952131271362 3.18196034431458 3.07076025009155 2.55718946456909 3.44408905506134 4.41681289672852 3.65267914533615 2.13847947120667 1.99986451864243 1.89173394441605 2.73248192142038 2.56719042857488 2.24508841832479 1.89511551576502 1.68527967789594 1.55965420077829 1.42804246439653 1.43148250790203 1.03434678912163 1.04627850651741 1.69918566942215 2.0332927107811 2.13745808601379 2.26865243911743 2.74603199958801 3.87079073627543 5.96147155243418 2.93675476312637 3.06892883777618 3.06286489963531 3.4461532831192 13.0883922949433 -9999 -9999 -9999 -9999 -9999 -9999 -9999 -9999
3.63432812690735 3.23944652080536 3.26948690414429 3.10352540016174 2.91002243757248 2.76883792877197 2.75424152612686 2.90892899036407 2.90229070186615 2.79292953014374 2.96978849172592 3.87488865852356 3.98602259159088 3.24118709564209 3.26664233207703 3.5013427734375 2.21579136167254 2.27545952796936 2.40618849992752 2.40526851415634 2.33480017185211 2.97986626625061 3.17746353149414 2.98065233230591 3.32476937770844 3.05206954479218 2.74190407991409 3.46654963493347 3.57357579469681 3.50044272343318 2.24482941627502 2.33180916309357 3.06598436832428 2.8682670990626 2.89390935500463 2.54178259770076 2.37050503492355 1.31961851716042 1.31876077055931 1.41387668777915 1.08126747608185 1.19181972742081 1.50732833147049 1.82483106851578 2.14640021324158 2.53798717260361 7.13790664672852 6.46653202586218 7.91452617645264 3.10849714279175 3.00129532814026 7.18291828506871 10.248700694034 -9999 -9999 -9999 -9999 -9999 -9999 -9999 -9999 -9999
3.98880529403687 3.80238890647888 3.75260782241821 3.64239299297333 3.4939216375351 3.34223914146423 3.09591615200043 3.13247179985046 3.17956817150116 3.21662843227386 3.31876051425934 1.59621972697122 1.66698813864163 3.40998065471649 3.04977750778198 3.12111604213715 2.30556007623672 2.31991540193558 2.33722553253174 2.31399939060211 2.26182329654694 2.58699452877045 2.44591641426086 2.4677340388298 3.10652697086334 3.65586733818054 2.90155178308487 2.86234186093012 2.98731551567713 3.39858641227086 1.93551903963089 2.91513774792353 1.66377156972885 1.66100996732712 1.65621900558472 2.42233790953954 1.72665196306565 1.47636599400464 1.50087457895279 1.03679779171944 0.9804907143116 0.945172488689423 1.87599527835846 2.08221298456192 2.28293627500534 6.92799247866092 8.59441199302673 6.55658376216888 7.38928723335266 3.61949837207794 7.30506420135498 24.8625854692961 44.2753213735727 -9999 -9999 -9999 -9999 -9999 -9999 -9999 -9999 -9999
-9999 4.58723187446594 4.30496764183044 4.33459711074829 4.01982092857361 4.17798614501953 3.82222867012024 3.82158672809601 3.80140113830566 3.59361004829407 1.96811817373548 3.23231256008148 1.7130443751812 1.87001073360443 3.23955059051514 3.47591185569763 2.28805931806564 2.23156185150147 2.25913864374161 2.24860724210739 2.2117847442627 2.89357124269009 2.37873458862305 2.4898806810379 2.55459451675415 2.40932017564774 3.12624764442444 3.04047907143831 3.14487094738904 3.28087939234341 2.81988579034805 2.44810899098714 1.75045949220657 1.69125670194626 1.67134058475494 1.62980103492737 2.27405873116325 1.60212763267405 1.43395937540952 1.63004954422221 1.5145275592804 1.71991503238678 1.81088107824326 1.95220649242401 1.82372136201177 -9999 6.07167444229126 6.32704421606931 8.30591428279877 6.8803319052646 28.061791229248 20.3666753768921 21.0666818618774 56.9086577995964 -9999 -9999 -9999 -9999 -9999 -9999 -9999 -9999
-9999 -9999 -9999 -9999 -9999 2.28387522697449 4.15464448928833 4.15168583393097 4.08623099327087 3.76880621910095 3.63710117340088 1.97185003331729 2.00422060489655 3.2599686384201 3.69390678405762 3.68643736839294 2.17448700666428 3.9884444475174 3.67178501933813 3.54695212841034 3.16716903448105 2.91684743016958 2.81541451066732 2.50379633903503 2.8880348727107 2.51861790195107 2.73316748812795 2.80555815249681 2.40100137144327 2.58775478973985 2.16018240898848 2.12315234541893 2.23053632179896 2.20663410425186 2.21265474137138 1.16179275512695 1.1107665002346 3.01530522108078 2.58317775586072 1.25953871011734 1.60245144367218 1.82955604791641 2.06178671121597 2.23252791166306 2.67156529426575 21.024228409656 -9999 -9999 -9999 -9999 16.2366156578064 29.5342597961426 30.505030632019 23.2954896486723 -9999 -9999 -9999 -9999 -9999 -9999 -9999 -9999
-9999 -9999 -9999 -9999 -9999 -9999 -9999 -9999 4.57464301586151 4.34580767154694 3.92476952075958 3.22213956713676 3.53985750675201 3.31951117515564 3.28800523281097 4.27896308898926 4.21915876865387 3.76518714427948 3.86529529094696 3.59161877632141 2.94320353120565 2.83589851856232 2.88127952814102 2.71188604831696 2.56079471111298 2.21834948658943 2.1210225597024 2.31934245675802 2.53114503622055 2.62850850820541 2.07521836459637 1.97701740637422 1.71144819259644 1.62617325782776 1.34936025738716 1.18176671862602 1.05519676208496 0.989759266376495 1.41622151931127 1.51646393537521 1.65076124668121 1.67983943223953 1.81282728910446 2.15810841321945 6.50868892228162 29.0682649612427 -9999 -9999 -9999 -9999 17.548882484436 17.0636973381042 25.0728120803833 27.0290966033936 29.0636901855469 42.773896592004 -9999 -9999 -9999 -9999 -9999 -9999
-9999 -9999 -9999 -9999 -9999 -9999 -9999 -9999 -9999 -9999 3.83134067058563 3.54430237412453 3.85808908939362 3.5111346244812 3.58166098594666 3.28606250882149 2.69308204203844 2.48988660424948 2.38352016359568 2.63655100017786 2.86131139844656 2.87844604253769 2.7590092420578 2.37596243619919 2.23749446868896 2.70096516609192 2.15945425629616 2.63518649339676 2.8733451962471 2.16391177475452 2.24885152280331 2.23638644814491 2.45185669730691 1.6117724776268 1.51746153831482 1.19457373023033 0.945244520902634 1.06339421868324 1.54304033517838 1.89394801855087 1.98465156555176 2.19975972175598 2.38299894332886 2.53636801242828 13.9590862891049 -9999 -9999 -9999 -9999 -9999 -9999 -9999 9.92676749825478 9.86395740509033 7.21752119064331 15.6991138458252 10.8786277770996 -9999 -9999 -9999 -9999 -9999
-9999 -9999 -9999 -9999 -9999 -9999 -9999 -9999 -9999 4.3704868555069 4.07872116565704 3.55876207351685 3.52439188957214 3.53824210166931 3.64029157161713 9.15601720809937 2.94305920600891 1.46028867959976 1.0867937207222 2.67821722521501 2.47991339248769 2.15241983708213 1.80787862399045 1.72737695890314 1.81226920088132 1.96179004758596 2.07086538523436 2.15156286209822 2.25215327739716 2.38024840503931 2.42100864298203 2.02411723136902 1.77114450931549 1.57999491691589 1.45225051045418 1.39200827479362 1.11455324292183 1.24568849802017 1.95726299285889 2.01303291320801 2.25257849693298 2.4981352686882 2.45269954204559 2.6899042725563 24.0381321114244 33.0447750091553 -9999 -9999 -9999 33.0614016960407 37.0148732445457 26.9626949917186 28.2936398766258 47.3147727792913 15.8209057415233 21.3910400867462 14.9086085557938 -9999 -9999 -9999 -9999 -9999
-9999 -9999 -9999 -9999 -9999 -9999 -9999 -9999 -9999 -9999 4.10047352313995 3.71107578277588 3.43655920028687 4.13036262989044 3.3082062676549 3.57475123685949 3.34735383005703 1.64204147458076 2.54455637581208 2.27177020732094 2.44892692565918 2.16355204582214 1.95739942789078 1.61081171035767 1.8912731607755 1.72659301757812 1.57082033157349 1.64641356468201 2.0299619436264 2.63109711338492 2.63496328101439 1.91546630859375 2.55446398258209 1.52163970470428 1.47259578108788 1.2796785235405 1.19715598225594 1.40253746509552 1.9527143239975 2.16404020786285 2.16059017181396 2.42082148790359 2.61669230461121 2.63116657733917 8.88119145446611 -9999 -9999 -9999 -9999 -9999 39.7184785496105 46.3972895622253 53.4379554228349 47.6932523033836 60.5403632354736 -9999 -9999 -9999 -9999 -9999 -9999 -9999
-9999 -9999 -9999 -9999 -9999 -9999 -9999 -9999 -9999 3.67937564849854 4.51586616039276 4.19958508014679 2.38885695934296 4.94810092449188 4.01870262622833 3.24171876206118 3.46283912658691 3.47034752368927 2.61871627849691 2.05838031628553 1.95035076141357 2.41752523183823 1.68975520133972 2.12435140212377 2.40993108352025 2.72783541679382 2.72134107351303 2.50087354580561 2.0594265460968 2.14248007535934 2.07129818201065 1.933365046978 2.6585479238454 1.41850501298904 1.32009297609329 1.20655649900436 1.11098322272301 1.44838428497314 1.78149980306625 2.08315658569336 2.08022922277451 2.2345358133316 2.60582212890897 6.16342386690158 3.86466658115387 -9999 -9999 -9999 -9999 -9999 49.807618166271 21.5018327236176 26.9751167297363 -9999 -9999 -9999 -9999 -9999 -9999 -9999 -9999 -9999
-9999 -9999 -9999 -9999 -9999 -9999 -9999 -9999 -9999 5.36626321077347 3.85946282744408 2.89809022843838 4.1696720123291 5.72335660457611 3.83000636100769 3.76100099086761 3.33803915977478 3.11727440357208 2.04921123210122 1.84124987966874 1.94309801564497 1.88902923640083 1.7315058147206 1.04781931824982 1.05493138544261 1.04766505211592 3.13648049270406 2.47019778980928 2.22343224637649 2.62084413275999 2.9405176078572 1.76123625040054 1.62996518611908 1.46798703074455 1.35997796058655 1.19803127646446 1.36201652884483 1.56220418214798 1.76197493076324 1.98896920681 2.1570360660553 2.20273196697235 3.9428159312198 10.9353061573019 3.86466693878174 -9999 -9999 -9999 -9999 12.1949715614319 -9999 -9999 -9999 -9999 -9999 -9999 -9999 -9999 -9999 -9999 -9999 -9999
-9999 -9999 -9999 -9999 -9999 -9999 -9999 -9999 -9999 3.08724633604288 2.89768939465284 3.99435549974442 5.35827147960663 5.59743583202362 4.11049711704254 3.53798711299896 3.02562010288239 3.14298963546753 2.11517940759659 2.02067131996155 1.94742369301179 2.04173486373004 1.03726726211607 1.09717475250363 3.52725690953872 1.03667107410729 0.954412277787924 2.76171023705426 2.71623380394543 3.28164766115301 1.75156116485596 1.78104454278946 1.7071613073349 1.54508471488953 1.41807147860527 1.22388821840286 1.47756752371788 1.63656002283096 1.81360870599747 1.98404556512833 2.10085791349411 3.58511745929718 4.8470371730292 -9999 -9999 -9999 -9999 -9999 -9999 -9999 -9999 -9999 -9999 -9999 -9999 -9999 -9999 -9999 -9999 -9999 -9999 -9999
-9999 -9999 -9999 -9999 -9999 -9999 -9999 -9999 -9999 2.80641012332019 4.19412958621979 3.63488245010376 4.07544672489166 4.66755294799805 3.66368007659912 3.0794563293457 2.61686092615128 2.03435772657394 2.05803960561752 2.12331541776657 2.27358319759369 2.57031481756884 1.49117473885417 1.70073731616139 1.57794062979519 1.17357626929879 1.08483656868339 1.26690534688532 1.94010597467422 1.78027653694153 1.79460078477859 1.72783130407333 1.67792916297913 1.59622049331665 1.43150174617767 1.48724922537804 1.90450572967529 2.05465346574783 2.2704119682312 2.23466992378235 2.3108281322888 5.18088919976178 8.39421863441008 -9999 -9999 -9999 -9999 -9999 -9999 -9999 -9999 -9999 -9999 -9999 -9999 -9999 -9999 -9999 -9999 -9999 -9999 -9999
-9999 -9999 -9999 -9999 -9999 -9999 -9999 3.28386068344116 3.98642921447754 2.24130020141602 3.63137063384056 3.39612758159637 4.6440052986145 3.83505213260651 3.34993350505829 2.79634201526642 2.35283106565475 1.90128082036972 1.87271249294281 2.47445394011105 1.76955449581146 1.13101193122566 3.864150019253 4.29594714150709 1.30475048348308 1.26613950915635 1.32485816627741 1.18156816810369 2.33374571800232 1.95017391443253 1.84681570529938 1.73914808034897 1.7289292216301 1.64561176300049 1.51155602931976 2.36447846889496 2.74751257896423 2.85038030147552 2.61704170703888 2.48728501796722 12.7450863475938 5.69786846637726 3.25656187534332 -9999 -9999 -9999 -9999 -9999 -9999 -9999 -9999 -9999 -9999 -9999 -9999 -9999 -9999 -9999 -9999 -9999 -9999 -9999
-9999 -9999 -9999 -9999 -9999 -9999 3.91114789909787 2.57422173023224 2.57977694623611 2.36835339069366 2.26558187007904 3.5270848274231 3.58950841426849 2.6613535284996 2.31080800294876 2.03116071224213 1.79669576883316 1.72208100557327 1.79263997077942 2.00255048274994 2.02349245548248 2.04597824811935 4.11607956513762 4.50598840503132 1.28847845457494 1.40036514401436 10.8138379559797 2.19829505681992 2.36947578191757 2.33234024047852 1.89541572332382 1.76118457317352 1.65253508090973 1.60747808218002 1.75350308418274 2.79119628667831 2.97481119632721 2.82839173078537 2.76551020145416 -9999 -9999 -9999 -9999 -9999 -9999 -9999 -9999 -9999 -9999 -9999 -9999 -9999 -9999 -9999 -9999 -9999 -9999 -9999 -9999 -9999 -9999 -9999
-9999 -9999 -9999 -9999 4.5608304248997 3.59016001224518 2.6033991189564 2.70612989103093 3.69372648000717 3.53870701789856 3.38832986354828 3.50908505916595 3.23664736747742 2.66908442974091 2.33204227685928 1.95098054409027 1.70947629213333 1.58381420373917 1.78981375694275 2.12223076820374 2.14415049552917 2.09819579124451 3.43943260610104 5.91037876904011 1.33278375864029 9.18214526947807 24.1061478222118 2.91128253936768 2.53968518972397 2.38471877574921 2.05824905633926 1.98142129182816 1.85369092226028 1.75005680322647 2.62853103876114 3.1659300327301 10.7959897220135 8.6885226047956 -9999 -9999 -9999 -9999 -9999 -9999 -9999 -9999 -9999 -9999 -9999 -9999 -9999 -9999 -9999 -9999 -9999 -9999 -9999 -9999 -9999 -9999 -9999 -9999
-9999 -9999 -9999 -9999 3.1937538876253 3.90842815609865 2.651815764606 2.66051924228668 3.55569362640381 3.61138272285461 3.52899384498596 2.31378266215324 2.12644198536873 2.54338920116425 2.06656181812286 1.85980474948883 1.74984300136566 1.7299177646637 2.04560947418213 2.83121028542519 2.95090189576149 2.63359820842743 3.82155579328537 4.59745806455612 4.85835307836533 7.77205857038498 7.31939867734909 0.845607280731201 0.807106226682663 2.49440771341324 2.35986292362213 2.19804972410202 2.10390758514404 2.18332654237747 2.59611082077026 2.57152873277664 14.9684402602059 -9999 -9999 -9999 -9999 -9999 -9999 -9999 -9999 -9999 -9999 -9999 -9999 -9999 -9999 -9999 -9999 -9999 -9999 -9999 -9999 -9999 -9999 -9999 -9999 -9999
-9999 29.9716428511636 4.2175639063813 3.88715966496357 2.81928821872262 2.52714970707893 2.51911767572165 2.55278134346008 3.74042075872421 3.41991811990738 3.14971936494112 2.34884172677994 1.99551522731781 1.89325538277626 1.83629077672958 1.83962523937225 1.77646446228027 2.21034979820251 1.11927875876427 1.16658025979996 3.73743586242199 7.2410137206316 9.69270765781403 11.7048580050468 14.3308041393757 12.6342915773392 11.6892925858498 3.11204767227173 2.73926103115082 2.52737027406693 2.44259852170944 2.32146298885345 2.13735455274582 2.60179028660059 36.0580299752099 13.2720219709656 -9999 -9999 -9999 -9999 -9999 -9999 -9999 -9999 -9999 -9999 -9999 -9999 -9999 -9999 -9999 -9999 -9999 -9999 -9999 -9999 -9999 -9999 -9999 -9999 -9999 -9999
15.7954275608063 4.81550481842785 5.49739789962769 3.52236324548721 3.83147668838501 3.75647014379501 4.30316805839539 4.3398631811142 5.04789125919342 3.76932437717915 2.75782954692841 2.35398328304291 2.10870498418808 1.70422023534775 1.58795350790024 1.56210452318192 2.14948801696301 2.66415156336392 2.66453308918897 2.15220654010773 7.37442588806152 16.4653983712196 17.2332409620285 4.27101324498653 2.95182681083679 3.02362418174744 2.73273754119873 2.68646782636642 2.46897518634796 2.48004680871964 2.48352742195129 3.82155042886734 12.4308437168598 -9999 -9999 -9999 -9999 -9999 -9999 -9999 -9999 -9999 -9999 -9999 -9999 -9999 -9999 -9999 -9999 -9999 -9999 -9999 -9999 -9999 -9999 -9999 -9999 -9999 -9999 -9999 -9999 -9999
22.9785509326241 2.39562066396077 4.62230783700943 4.95183742046356 4.02362465858459 3.36507904529572 4.43579876422882 4.54031729698181 4.75760152190924 3.59660151600838 2.56626121086233 2.23845773935318 1.82329350709915 1.46909099817276 1.97508835441926 1.80614022910595 1.64552575349808 1.52009874582291 1.80432796478271 2.91293178498745 8.11003148555756 3.08126556873322 3.21718740463257 3.94564712047577 2.51255857944489 2.37579900026321 2.6465819478035 2.54685008525848 2.59802395105362 2.67910498380661 3.15523660182953 3.02436375617981 7.43920712471008 23.3683736951728 17.3225992236819 5.47453056321 -9999 -9999 -9999 -9999 -9999 -9999 -9999 -9999 -9999 -9999 -9999 -9999 -9999 -9999 -9999 -9999 -9999 -9999 -9999 -9999 -9999 -9999 -9999 -9999 -9999 -9999
4.97487419843674 3.98502016067505 4.38888680934906 4.23773860931396 3.87872779369354 3.74152565002441 3.51544141769409 2.5534919500351 2.31742477416992 2.10778206586838 1.98712170124054 2.61521713172688 1.66461873054504 1.80878463212182 1.66480162739754 1.94480024278164 1.71676570177078 1.83005273342133 2.16088795661926 2.80398625135422 2.33942556381226 2.9964525103569 3.85240566730499 9.46981239318848 2.42262607812881 2.22335332632065 2.23806667327881 2.21526896953583 3.13844776153564 3.05855011940002 6.74654458204905 -9999 -9999 -9999 -9999 -9999 -9999 -9999 -9999 -9999 -9999 -9999 -9999 -9999 -9999 -9999 -9999 -9999 -9999 -9999 -9999 -9999 -9999 -9999 -9999 -9999 -9999 -9999 -9999 -9999 -9999 -9999
4.10339391231537 5.13172048330307 6.63157939910889 4.15014834403992 4.99283766746521 4.39447154998779 4.23749151080847 2.75066769123077 2.1706215441227 1.86649686098099 2.05208872631192 2.30468952655792 1.7560299669995 1.66792701623019 1.28840970993042 1.09586401283741 1.19448937475681 1.10960327088833 2.58509820699692 2.32560002803802 2.93370223045349 2.84577369689941 2.75548946857452 3.54741752147675 2.19241869449615 2.24086958169937 3.82606798410416 4.46155941486359 3.92276838847569 4.15124349934714 4.09426438808441 6.55725620888375 -9999 -9999 -9999 -9999 -9999 -9999 23.4120739502693 12.6942715644836 -9999 -9999 -9999 -9999 -9999 -9999 -9999 -9999 -9999 -9999 -9999 -9999 -9999 -9999 -9999 -9999 -9999 -9999 -9999 -9999 -9999 -9999
3.71343576908112 3.66194903850555 3.17551481723785 5.26163028346168 4.34365880861878 3.66645921217768 4.53803591430187 2.552669942379 2.1825997531414 1.73683838546276 1.5803684592247 1.68867385036805 1.46236854441026 2.01276394549538 1.08352312445641 1.15205325186253 1.15474762022495 1.07685300707817 2.43778055906296 2.80967617034912 2.71293675899506 2.89512526988983 3.23603546619415 7.87417523860931 5.1574809551239 3.65799543857574 4.89144968986511 11.3255033709786 12.1243104067716 9.54190230369568 8.29568960078775 3.42093944549561 -9999 -9999 -9999 -9999 -9999 -9999 -9999 -9999 -9999 -9999 -9999 -9999 -9999 -9999 -9999 -9999 -9999 -9999 -9999 -9999 -9999 -9999 -9999 -9999 -9999 -9999 -9999 -9999 -9999 -9999
-9999 -9999 -9999 -9999 -9999 3.99308914887278 2.68124212324619 2.15888012945652 1.83620247244835 1.74172577261925 1.57021500170231 0.892296351492405 0.937931254506111 1.10658073425293 1.11330375820398 1.17542360723019 1.34897097945213 4.51836624741554 5.28971982002258 2.77732425928116 3.0131174325943 2.87794947624207 13.4662381052971 26.5908704470186 6.83464307785034 11.4196700399572 -9999 -9999 -9999 -9999 -9999 -9999 -9999 -9999 -9999 -9999 -9999 -9999 -9999 -9999 -9999 -9999 -9999 -9999 -9999 -9999 -9999 -9999 -9999 -9999 -9999 -9999 -9999 -9999 -9999 -9999 -9999 -9999 -9999 -9999 -9999 -9999
-9999 -9999 -9999 -9999 -9999 -9999 2.51391566544771 2.23869225382805 1.79441477358341 1.57934394478798 0.978067137300968 1.12087389081717 1.5314606577158 1.51778255403042 1.88880752027035 2.78859910368919 5.39355470985174 9.02399763464928 7.9253998696804 4.23389482498169 4.33888041973114 3.70340466499329 19.5109440565109 3.32401447325218 -9999 -9999 -9999 -9999 -9999 -9999 -9999 -9999 -9999 -9999 -9999 -9999 -9999 -9999 -9999 -9999 -9999 -9999 -9999 -9999 -9999 -9999 -9999 -9999 -9999 -9999 -9999 -9999 -9999 -9999 -9999 -9999 -9999 -9999 -9999 -9999 -9999 -9999
