EcologicalScience/Bass/data/rs_data_bass/chl_182.asc
NCOLS 226 
NROWS 124 
XLLCORNER -9.41648524995501 
YLLCORNER 47.587301625531 
CELLSIZE 0.0833 
NODATA_value -9999 
[rows 0 to 26 of 124, columns 62 to 123 of 226]
-9999 -9999 -9999 -9999 -9999 -9999 -9999 -9999 -9999 -9999 -9999 -9999 -9999 -9999 -9999 -9999 -9999 -9999 -9999 -9999 -9999 -9999 -9999 -9999 -9999 -9999 -9999 -9999 -9999 -9999 -9999 -9999 -9999 -9999 -9999 -9999 -9999 -9999 -9999 -9999 -9999 -9999 -9999 -9999 -9999 -9999 -9999 -9999 -9999 -9999 -9999 -9999 -9999 -9999 -9999 -9999 -9999 -9999 -9999 -9999 -9999 -9999
-9999 -9999 -9999 -9999 -9999 -9999 -9999 -9999 -9999 -9999 -9999 -9999 -9999 -9999 -9999 -9999 -9999 -9999 -9999 -9999 -9999 -9999 -9999 -9999 -9999 -9999 -9999 -9999 -9999 -9999 -9999 -9999 -9999 -9999 -9999 -9999 -9999 -9999 -9999 -9999 -9999 -9999 -9999 -9999 -9999 -9999 -9999 -9999 -9999 -9999 -9999 -9999 -9999 -9999 -9999 -9999 -9999 -9999 -9999 -9999 -9999 -9999
-9999 -9999 -9999 -9999 -9999 -9999 -9999 -9999 -9999 -9999 -9999 -9999 -9999 -9999 -9999 -9999 -9999 -9999 -9999 -9999 -9999 -9999 -9999 -9999 -9999 -9999 -9999 -9999 -9999 -9999 -9999 -9999 -9999 -9999 -9999 -9999 -9999 -9999 -9999 -9999 -9999 -9999 -9999 -9999 -9999 -9999 -9999 -9999 -9999 -9999 -9999 -9999 -9999 -9999 -9999 -9999 -9999 -9999 -9999 -9999 -9999 -9999
-9999 -9999 -9999 -9999 -9999 -9999 -9999 -9999 -9999 -9999 -9999 -9999 -9999 -9999 -9999 -9999 -9999 -9999 -9999 -9999 -9999 -9999 -9999 -9999 -9999 -9999 -9999 -9999 -9999 -9999 -9999 -9999 -9999 -9999 -9999 -9999 -9999 -9999 -9999 -9999 -9999 -9999 -9999 -9999 -9999 -9999 -9999 -9999 -9999 -9999 -9999 -9999 -9999 -9999 -9999 -9999 -9999 -9999 -9999 -9999 -9999 -9999
-9999 -9999 -9999 -9999 -9999 -9999 -9999 -9999 -9999 -9999 -9999 -9999 -9999 -9999 -9999 -9999 -9999 -9999 -9999 -9999 -9999 -9999 -9999 -9999 -9999 -9999 -9999 -9999 -9999 -9999 -9999 -9999 -9999 -9999 -9999 -9999 -9999 -9999 -9999 -9999 -9999 -9999 -9999 -9999 -9999 -9999 -9999 -9999 -9999 -9999 -9999 -9999 -9999 -9999 -9999 -9999 -9999 -9999 -9999 -9999 -9999 -9999
-9999 -9999 -9999 -9999 -9999 -9999 -9999 -9999 -9999 -9999 -9999 -9999 -9999 -9999 -9999 -9999 -9999 -9999 -9999 -9999 -9999 -9999 -9999 -9999 -9999 -9999 -9999 -9999 0.63735419511795 0.882159377319099 1.32965062821613 0.900904981529012 0.696983328089118 1.29145465046167 0.742510607466102 0.650869404897094 0.545567727264236 0.546338528394699 0.595776754617691 0.623761902563274 0.537498800083995 0.567882013320923 0.549336603283882 0.513056290335953 0.453330469317734 0.491118371486664 0.369139958918095 0.383975999057293 0.45260723400861 0.448641629889607 0.511721340939403 0.499843027442694 0.52647774014622 0.504342390333905 0.519737210343866 0.480673573472921 0.487267755410251 0.510988488793373 0.499950431679425 0.497740171457592 0.444435420446098 0.373078370466828
-9999 -9999 -9999 -9999 -9999 -9999 -9999 -9999 -9999 -9999 -9999 -9999 -9999 -9999 -9999 -9999 -9999 -9999 -9999 -9999 -9999 -9999 -9999 -9999 -9999 -9999 1.18186515569687 1.0627324283123 2.14761579036713 1.65190147161484 1.23019752502441 1.03926166892052 0.892214085906744 0.821332633495331 0.688319689035416 0.651704540848732 0.617753398418426 0.591262802481651 0.59425710439682 0.597015908360481 0.556565693020821 0.622840940952301 0.593070441484451 0.558914420359275 0.543369664865382 0.442648502066731 0.419370937161148 0.414977339096367 0.415659751743078 0.397731749340892 0.378178127110004 0.484688243445228 0.488986817352912 0.480248761527679 0.479203494156108 0.515103055273785 0.480050012469292 0.494685380082381 0.47736368132265 0.439422757217759 0.412407009225143 0.409386707763923
-9999 -9999 -9999 -9999 -9999 -9999 -9999 -9999 -9999 -9999 -9999 -9999 -9999 -9999 -9999 -9999 -9999 -9999 -9999 -9999 -9999 -9999 -9999 -9999 -9999 -9999 1.18186515569687 1.81808270215988 1.93398166894913 1.47297268509865 1.09782450199127 0.990482997894287 0.798260843753815 0.661522632837296 0.654253640770912 0.640278142690659 0.520685398578644 0.641622925177217 0.632864428684115 0.603666845709085 0.588001135736704 0.580229535698891 0.507602808997035 0.572293544516844 0.523736145347357 0.490573313087225 0.460245944559574 0.464688093401492 0.466360883787274 0.501488255336881 0.554058396640946 0.559287252671578 0.515362895586911 0.497713060940013 0.471359011004953 0.44879437610507 0.404286559671164 0.418274533934891 0.415965310052822 0.400190316532788 0.433585178695227 0.421878618629355
-9999 -9999 -9999 -9999 -9999 -9999 -9999 -9999 -9999 -9999 -9999 -9999 -9999 -9999 -9999 -9999 -9999 -9999 -9999 -9999 -9999 -9999 -9999 -9999 -9999 -9999 1.89348689317703 1.66870604753494 1.39286897778511 1.10806366056204 1.05988799035549 0.917190816253424 0.801178134977818 0.731930438429117 0.739152571186423 0.699421780183911 0.686210693791509 0.658697633072734 0.614509211853147 0.604976076632738 0.594291737303138 0.575545784085989 0.568648137152195 0.628296304275008 0.559998381882906 0.447200903669 0.454375779256225 0.452158405445516 0.445292162708938 0.70613638706067 0.649508627898553 0.632005354937385 0.568572710542118 0.52398176140645 0.500481965787271 0.402693240903318 0.376317991409451 0.412634206168792 0.431350016418625 0.480473812012111 0.454930415048319 0.381452277302742
-9999 -9999 -9999 -9999 -9999 -9999 -9999 -9999 -9999 -9999 -9999 -9999 -9999 -9999 -9999 -9999 -9999 -9999 -9999 -9999 -9999 -9999 -9999 -9999 -9999 1.19121462106705 1.37875063419342 1.23691275715828 1.13109047412872 1.04936628341675 0.873848676681519 0.866122663021088 0.908195561170578 0.863887068629265 0.757368457317352 0.731749696657062 0.685990311205387 0.630071450024843 0.648565962910652 0.636109856888652 0.615595132112503 0.57472544722259 0.517141205258667 0.701335840365466 0.701972783488386 0.453807458281517 0.476177824661136 0.435099190101027 0.612841607893215 0.594915700309417 0.619807578185025 0.594544571988723 0.578579619526863 0.54728126438225 0.56272394341581 0.574558462290203 0.51696444521932 0.471028531298918 0.501089254722876 0.353405680507421 0.371333810035139 0.426362766939051
-9999 -9999 -9999 -9999 -9999 -9999 -9999 -9999 -9999 -9999 -9999 -9999 -9999 -9999 -9999 -9999 -9999 -9999 -9999 -9999 -9999 -9999 -9999 -9999 -9999 2.74146795272827 1.21973188966513 1.17743698954582 0.995687538385391 0.9088887155056 0.931215316057205 0.999282399192452 2.24986628293991 1.57268444001675 0.739341270178556 0.672148950397968 0.650646843016148 0.652224021032453 0.653142929077148 0.656684065237641 0.62722572684288 0.609944326803088 0.760399760568843 0.526135386899114 0.485049937851727 0.460190067999065 0.455330992117524 0.663800260599922 0.635198385399931 0.632438032066121 0.639690349207205 0.610209929592469 0.604912813972024 0.599607428207117 0.652841958929511 0.646110537297585 0.55416176424307 0.466470259077409 0.423127594239572 0.388384677908 0.428195920060663 0.429828917278963
-9999 -9999 -9999 -9999 -9999 -9999 -9999 -9999 -9999 -9999 -9999 -9999 -9999 -9999 -9999 -9999 -9999 -9999 -9999 -9999 -9999 -9999 -9999 -9999 1.31647038459778 1.31289750337601 1.24475150182843 1.08885047212243 0.950772576034069 0.921969205141068 0.86826984398067 0.807600466534495 0.800494585186243 0.788075532764196 0.726053908467293 0.685971720144153 0.659020408987999 0.646293673664331 0.633460499346256 0.647466083988547 0.624943597242236 0.600144099444151 0.574148152023554 0.612170236185193 0.512169563211501 0.475577722303569 0.689968096859315 0.682887291207033 0.649417382829329 0.619589164853096 0.592668085413821 0.578775957226753 0.616486140910317 0.606409247307216 0.676267431062811 0.640749690287253 0.523342288592282 0.435038519256255 0.417313364498756 0.38157207474989 0.376693985917989 0.41956315145773
-9999 -9999 -9999 -9999 -9999 -9999 -9999 -9999 -9999 -9999 -9999 -9999 -9999 -9999 -9999 -9999 -9999 -9999 -9999 -9999 -9999 -9999 -9999 1.50594073534012 1.49004626274109 1.26605650782585 1.11152238880887 0.81124216876924 0.792101064696908 0.798755429685116 0.787023201584816 0.787931157276034 0.779864441603422 0.750740809366107 0.779665606096387 0.672185624018312 0.671485310420394 0.640654603019357 0.616499785333872 0.621428042650223 0.596327545121312 0.570052010938525 0.550219489261508 0.469335277564824 0.518342985771596 0.712022334337234 0.68140936774366 0.662977553465787 0.658491995404748 0.600121463046354 0.585452743312892 0.63760862893918 0.713087134501513 0.780986924381817 0.625293629134403 0.445895259871202 0.453669747885536 0.415873023516992 0.374473269371425 0.422723040861242 0.429213828900281 0.424975494251532
-9999 -9999 -9999 -9999 -9999 -9999 -9999 -9999 -9999 -9999 -9999 -9999 -9999 -9999 -9999 -9999 -9999 -9999 -9999 -9999 -9999 -9999 2.26615115093148 2.72337606373955 1.74497592098573 0.92274771630764 0.871834237128496 0.795302510261536 0.778954887762666 0.778378006070852 0.751858619973063 0.794647984206676 0.770525727421045 0.756678471341729 0.777934569865465 0.699413549154997 0.622218869626522 0.620523070916533 0.638505946844816 0.6249272916466 0.597795087844133 0.516172497533262 0.514342311769724 0.51035972032696 0.673284620046616 0.703676972319098 0.715921503656051 0.71791027749286 0.684172000955133 0.655162295874427 0.702387894777691 0.984493558897692 1.23379264070707 0.685117488106092 0.429538423524183 0.453970849514008 0.459123622845201 0.426268027109258 0.393193142379031 0.430857481325374 0.429017554311191 0.374041904421414
-9999 -9999 -9999 -9999 -9999 -9999 -9999 -9999 -9999 -9999 -9999 -9999 -9999 -9999 -9999 -9999 -9999 -9999 -9999 -9999 2.64602583646774 1.93705877871581 1.8519831124474 1.61758247762918 1.06017415839083 1.04065778106451 0.941561803221703 0.868727691471577 0.822527188807726 0.795380808413029 0.776306144893169 0.768677791580558 0.772202348336577 0.767955534160137 0.768736772239208 0.756383797153831 0.738142026588321 0.706503393128514 0.602516250684857 0.614911677315831 0.614894254133105 0.571962308138609 0.610156120732427 0.752665121108294 0.736269101500511 0.727359401062131 0.777807775665732 0.787486947634641 0.80369974146871 0.810463028795579 0.897555228541879 0.890034890350174 0.836699316898982 0.689665928483009 0.530637831372373 0.5087930244558 0.44981395146426 0.428143538096372 0.4830292787622 0.460423547555419 0.493954846964163 0.327698618173599
-9999 -9999 -9999 -9999 -9999 -9999 -9999 -9999 -9999 -9999 -9999 -9999 -9999 -9999 -9999 -9999 -9999 -9999 -9999 -9999 2.15843381136325 1.98536067456007 1.79865894466639 1.44581776857376 1.40932779014111 1.37732874602079 1.12641105428338 0.98470452055335 0.921400219202042 0.88736192509532 0.832789052277803 0.769475150853395 0.809625461697578 0.825143828988075 0.769856510683894 0.743249729275703 0.765737241134048 0.686143487691879 0.696935333311558 0.734225727617741 0.696416521444917 0.711563693359494 0.757242165505886 0.768588675186038 0.752969423308969 0.728045979514718 0.669996555894613 0.617603715509176 0.600348852574825 0.60380363278091 0.5865682605654 0.579220974817872 0.566754749044776 0.571889044716954 0.554677315056324 0.533837808296084 0.542989309877157 0.486839443445206 0.448850154876709 0.448838358744979 0.498271078747861 0.480110901243546
-9999 -9999 -9999 -9999 -9999 -9999 -9999 -9999 -9999 -9999 -9999 -9999 -9999 -9999 -9999 -9999 -9999 -9999 -9999 3.23592310516458 2.03605189919472 1.88427789509296 1.81201161816716 1.61934865638614 1.56792232766747 1.43036368489265 1.30657447502017 1.1484353877604 1.01097490265965 0.902969475835562 0.850106310099363 0.84443523734808 0.960622059447425 0.851144569260733 0.813681121383395 0.813691198825836 0.799351399764419 0.87223994359374 0.84997658059001 0.800415951758623 0.771415293216705 0.756585750728846 0.744875159114599 0.740287229418755 0.725625090301037 0.681930569931865 0.624110156670213 0.618353527039289 0.598346075043082 0.589274536818266 0.573808114975691 0.556589607149363 0.547549121081829 0.560699634253979 0.550107004120946 0.551233593374491 0.519060267135501 0.505318874493241 0.483790783211589 0.457894122228026 0.430309122428298 0.406352251768112
-9999 -9999 -9999 -9999 -9999 -9999 -9999 -9999 -9999 -9999 -9999 -9999 -9999 -9999 -9999 -9999 -9999 -9999 12.9296237945557 11.2238749980927 2.80162903240749 2.54860542501722 2.04288536310196 1.75414111784526 1.54941271458353 1.4437932244369 1.41777699760028 1.23516693285533 1.09447887539864 1.08444451434272 0.985462393079485 0.941658560718809 0.893888124397823 0.838536232709885 0.850138293845313 0.883392116853169 0.941764008253813 0.89899105578661 0.883534390479326 0.840069638831275 0.738235486405236 0.713526095662798 0.703258714505604 0.706819806780134 0.688671852861132 0.659493097237178 0.585992624983191 0.577055141329765 0.580589912831783 0.608875025063753 0.593517579138279 0.548557223752141 0.524433927610517 0.511170376092196 0.517067156732082 0.526979075744748 0.480826321989298 0.469851932488382 0.453945379704237 0.426022597588599 0.412223626859486 0.400904721580446
-9999 -9999 -9999 -9999 -9999 -9999 -9999 -9999 -9999 -9999 -9999 -9999 -9999 -9999 -9999 -9999 -9999 15.9561512401338 11.0278086662292 6.09931749956948 9.37581152915955 4.06903093201773 2.80652970927102 1.93074159111295 1.60073950460979 1.44335943460464 1.481060896601 1.35690420014518 1.06380205495017 0.967766148703439 1.0269153203283 0.987752680267606 0.951898711068289 0.861448070832661 0.92279514670372 0.967487978083747 0.941498547792435 0.851572075060436 0.842761925288609 0.822338500193187 0.818116281713758 0.741864323616028 0.723080775567463 0.694869735411235 0.692394426890782 0.689463411058698 0.62666699716023 0.646408120170236 0.610907826572657 0.575013276189566 0.551106574013829 0.533006155863404 0.500917391851544 0.485350320115685 0.477967215701938 0.458783822134137 0.412915321066976 0.412723403424025 0.42689645010978 0.407454656437039 0.402507754974067 0.39376425370574
-9999 -9999 -9999 -9999 -9999 -9999 -9999 -9999 -9999 -9999 -9999 -9999 -9999 -9999 -9999 -9999 -9999 -9999 -9999 5.81578689462998 3.21538526671273 2.92747833047594 2.66199328218188 2.53331897939954 2.59278104986463 2.00509321689606 1.48431584664753 1.29414840255465 1.0840517112187 0.986241817474365 1.00738779136113 0.945447436400822 0.916829990489142 0.895268453019006 0.834063738584518 0.875824928283691 0.87118102822985 0.820418587752751 0.800707595688956 0.782310617821557 0.775586792400905 0.744012543133327 0.724095404148102 0.706832017217364 0.693765763725553 0.70224814755576 0.702873554080725 0.640292420983315 0.573401156812906 0.540088074547904 0.489505022764206 0.483832681551576 0.463870011270046 0.450218346901238 0.466536657884717 0.470725399442017 0.447157605551183 0.426997222937644 0.413622197695076 0.406049251556396 0.382728930562735 0.435685399700614
-9999 -9999 -9999 -9999 -9999 -9999 -9999 -9999 -9999 -9999 -9999 -9999 -9999 -9999 -9999 4.71567361251168 8.06335198297733 3.6686672637629 2.60156979560852 2.09462862355368 1.94333573750087 2.08097812107631 1.94213375023433 1.71718349627086 1.53377033982958 1.91323026588985 1.79223597049713 1.8669741153717 1.4820202589035 0.955770339284624 0.933659881353378 0.974434912204742 0.971485057047435 0.917466402053833 0.968096366950444 0.917760410479137 0.839078371013914 0.793867387941905 0.740309140511921 0.720319288117545 0.715751562799726 0.727608421019145 0.752324057476861 0.703402084963662 0.714321549449648 0.728992096015385 0.692798150437219 0.557221122086048 0.528772501274943 0.496004428714514 0.4651745762676 0.470406560227275 0.461697938852012 0.468832584097981 0.486902237869799 0.503350406885147 0.474518808536232 0.42521869763732 0.404680676758289 0.397150503471494 0.380166747607291 0.363558093085885
-9999 -9999 -9999 -9999 -9999 -9999 -9999 -9999 -9999 -9999 35.2986888885498 35.2986888885498 13.7248649597168 4.019810333848 3.64219732582569 3.53451293706894 3.22961087226868 3.37513604164124 3.36889576911926 3.16461641447885 2.47985167162759 2.12445299965995 1.88140189647675 1.62799846274512 1.46462879010609 1.40019579444613 1.37895880426679 1.22029211691448 1.58702399049486 0.945138101066862 0.893140733242035 0.866565840584891 0.952751487493515 0.969351615224566 0.956630919660841 0.87904103738921 0.823862046003342 0.79033145734242 0.727473723036902 0.722153152738299 0.725963345595768 0.745615086385182 0.717997619083949 0.659445315599442 0.641987979412079 0.649605108158929 0.621208484683718 0.531782250319208 0.511820043836321 0.494867454682078 0.498728583965983 0.483077896758914 0.468537370674312 0.482128699310124 0.500518770888448 0.456132095307112 0.446293590590358 0.42364265397191 0.403042875230312 0.392225534655154 0.398965029045939 0.410014017485082
-9999 -9999 -9999 -9999 -9999 -9999 -9999 -9999 -9999 -9999 35.2986888885498 5.60786550574833 5.27167743444443 4.3150582909584 4.00109177827835 3.12444412708282 4.45155619172489 8.0288020751693 7.16727391829585 2.20748480979134 5.85361550535475 2.89050803865705 2.24194777863366 1.91388061216899 1.69147557020187 1.4992059639522 1.37768357992172 1.21818344082151 1.21402565922056 1.19273691517966 0.908995309046337 0.918428357158388 0.944022097757884 0.902330888169152 0.92517169884273 0.892110650028501 0.825247496366501 0.806057785238538 0.760833953108106 0.771562163318906 0.692546367645264 0.645204101290022 0.614014301981245 0.58883219744478 0.583435286368643 0.563257934791701 0.552207635981696 0.522077571068491 0.502410746046475 0.487817772797176 0.509163002882685 0.458412204469953 0.479075063019991 0.461682362481952 0.458913657814264 0.44830228574574 0.444049769081175 0.456429842859507 0.457502631470561 0.445114871487021 0.428625091910362 0.421911662444472
-9999 -9999 -9999 -9999 -9999 -9999 -9999 -9999 -9999 -9999 -9999 -9999 12.1085607550301 5.35976941445295 5.9730567371144 7.04443129249241 -9999 -9999 -9999 -9999 -9999 -9999 4.63066644327981 4.3173451934542 2.47857637064797 1.97234896251134 1.5649225626673 1.54348062617438 1.87388277053833 1.55076146977288 1.13235637971333 1.59344279766083 1.06347548961639 1.01456281542778 1.01148332016809 0.941555678844452 0.960414111614227 0.970414306436266 0.79216445343835 0.715964887823377 0.660235954182489 0.626608371734619 0.605004442589624 0.563373225075858 0.542365384953363 0.541364135486739 0.541818648576736 0.523302650877408 0.504252312438829 0.48370477770056 0.454176204545157 0.438227543234825 0.437711249291897 0.464133387431502 0.459849279373884 0.484796348959208 0.473100749775767 0.456936654634774 0.460927879437804 0.434688743948936 0.430869291722775 0.430730992555618
-9999 -9999 -9999 -9999 -9999 -9999 -9999 -9999 -9999 -9999 -9999 -9999 -9999 16.6274771690369 16.6274771690369 16.6274771690369 -9999 -9999 -9999 -9999 -9999 -9999 4.94490551948547 4.94490551948547 4.94490551948547 0.308659605681896 1.76786304371698 1.72010912214007 1.70751857757568 1.75274445329394 1.8329245192664 2.39652767351695 1.43203540359225 1.4936603307724 1.08209704501288 1.02884870767593 1.06028945956911 1.07085741417749 0.809317192861012 0.671667963266373 0.624536697353635 0.623004006487983 0.617217434304101 0.595463774033955 0.555447872195925 0.549971899815968 0.548951791865485 0.530233370406287 0.519584144864764 0.498395779303142 0.509059278028352 0.582434777702604 0.450014546513557 0.456883201003075 0.468312156200409 0.503542028367519 0.508623450994492 0.485698582604527 0.478135881945491 0.464537903666496 0.447406958788633 0.441781215369701
-9999 -9999 -9999 -9999 -9999 -9999 -9999 -9999 -9999 -9999 -9999 -9999 -9999 -9999 -9999 -9999 -9999 -9999 -9999 -9999 -9999 -9999 -9999 -9999 -9999 -9999 1.90766122341156 1.78630690915244 1.80770470414843 2.51293668746948 1.59240427187511 1.77189271790641 1.26222853149687 1.51293729032789 1.25044691562653 1.11634995256151 0.928476129259382 0.820015605006899 0.742682780538287 0.693551263638905 0.668190211057663 0.671107394354684 0.666011554854257 0.610396934407098 0.575352443116052 0.560130766459874 0.533579157931464 0.516660307134901 0.50774850164141 0.489400614585195 0.474613072616713 0.456836783460208 0.420160487294197 0.484240052103996 0.492655196785927 0.486426003277302 0.452206201851368 0.445941446721554 0.430464600026607 0.407726553082466 0.428529940545559 0.40410215780139
-9999 -9999 -9999 -9999 -9999 -9999 -9999 -9999 -9999 -9999 -9999 -9999 -9999 -9999 -9999 -9999 -9999 -9999 -9999 -9999 -9999 -9999 -9999 -9999 -9999 -9999 -9999 8.78252629864783 3.33001115322113 3.11313416957855 1.67356947490147 1.68276730605534 1.47461120571409 1.47560525791986 1.36767914465496 1.38299325534276 1.09819683858327 0.883724468094962 0.815636988197054 0.689598760434559 0.66966301202774 0.67074505346162 0.647236832550594 0.629211851528713 0.618749128920691 0.604683854750225 0.565611732857568 0.506890705653599 0.503619751759938 0.495449053389685 0.517089000770024 0.454964039581163 0.527689191699028 0.509979763627052 0.507347247004509 0.485520154237747 0.452586141228676 0.432956551015377 0.407629497349262 0.388255503773689 0.371915102005005 0.359569497406483
