EcologicalScience/Bass/data/rs_data_bass/chl_527.asc
NCOLS 226 
NROWS 124 
XLLCORNER -9.41648524995501 
YLLCORNER 47.587301625531 
CELLSIZE 0.0833 
NODATA_value -9999 
[rows 84 to 111 of 124, columns 61 to 121 of 226]
-9999 -9999 -9999 -9999 -9999 -9999 -9999 -9999 -9999 -9999 -9999 -9999 -9999 -9999 -9999 -9999 -9999 -9999 -9999 -9999 -9999 -9999 -9999 -9999 -9999 -9999 -9999 -9999 -9999 -9999 -9999 -9999 -9999 -9999 -9999 -9999 -9999 -9999 -9999 -9999 -9999 -9999 -9999 -9999 -9999 -9999 -9999 -9999 -9999 -9999 -9999 -9999 -9999 -9999 -9999 -9999 -9999 -9999 4.30944085121155 3.57537031173706 3.97361612319946
-9999 -9999 -9999 -9999 -9999 -9999 -9999 -9999 -9999 -9999 -9999 -9999 -9999 -9999 -9999 -9999 -9999 -9999 -9999 -9999 -9999 -9999 -9999 -9999 -9999 -9999 -9999 -9999 -9999 -9999 -9999 -9999 -9999 -9999 -9999 -9999 -9999 37.1749906539917 4.68652403354645 4.68652367591858 3.87443135465894 -9999 -9999 6.30982777476311 2.00425279140472 2.46604317426682 2.57865965366364 2.38731300830841 2.30986565351486 2.17694717645645 2.0960585474968 2.20401281118393 3.05154687166214 -9999 -9999 4.16233170032501 4.24202191829681 4.13586437702179 3.86427855491638 3.273686170578 2.47088348865509
-9999 -9999 -9999 -9999 -9999 -9999 -9999 -9999 -9999 -9999 -9999 -9999 -9999 -9999 6.1251736342907 2.25547252382551 1.2047553062439 1.17787116765976 1.17159989476204 1.12509450316429 -9999 -9999 -9999 -9999 -9999 -9999 -9999 -9999 -9999 2.61248955130577 2.31040173768997 2.08779736608267 2.34473870694637 3.26424908638 3.66949796676636 -9999 -9999 -9999 3.68080830574036 3.07442736625671 2.42242205142975 2.12913501262665 1.88104552030563 1.85976219177246 1.55810183286667 1.69781988859177 1.63736236095428 1.55294001102448 1.51867926120758 1.54653078317642 1.55744737386703 1.56513530015945 1.94456470012665 2.61560815572739 2.88182419538498 2.64145839214325 2.92598229646683 2.99634075164795 2.35853308439255 1.44144308567047 1.03325352072716
-9999 -9999 -9999 -9999 -9999 -9999 -9999 -9999 -9999 -9999 -9999 3.34340614825487 1.83313138782978 1.67838741838932 1.90566274523735 1.92442238330841 1.10312676429749 1.116066634655 1.18798041343689 1.16984966397285 1.07695528864861 1.06060767173767 1.41126926587178 1.07616850733757 1.02994054555893 0.953167676925659 0.934900760650635 -9999 1.74700934886932 0.944697707891464 1.15603789687157 1.40021055936813 1.7242893576622 1.81014651060104 2.04251253604889 2.16080345213413 -9999 3.69847658872604 1.72282111644745 1.85242009162903 1.76645243167877 1.3913731276989 1.16971251368523 1.16239732503891 1.18374592065811 1.1075185239315 1.05323284864426 0.994323670864105 0.950737237930298 1.03988000750542 1.07430303096771 1.03037327528 1.06662449240685 1.14026319980621 1.28166022896767 1.24901202321053 1.11529165506363 0.924460172653198 0.799627661705017 0.775297701358795 0.773366510868073
-9999 -9999 -9999 -9999 -9999 -9999 -9999 -9999 -9999 4.19028362631798 2.59050831198692 1.88519784808159 1.31944325566292 1.30180335044861 1.13646912574768 0.989645183086395 0.672816172242165 0.646348938345909 0.752219885587692 0.926024347543716 1.32272806763649 1.68060547113419 1.54884481430054 1.33656620979309 1.21087181568146 1.07847824692726 0.969110280275345 0.930225402116776 0.883086383342743 0.897617071866989 0.889919847249985 0.90659961104393 1.11046385765076 1.54820519685745 1.88933998346329 2.12776350975037 2.41058099269867 2.51285040378571 2.3449798822403 1.89177203178406 1.34812116622925 1.12343296408653 1.01410004496574 0.965830653905869 0.858940869569778 0.766302824020386 0.679180562496185 0.628827854990959 0.676373094320297 0.674880489706993 0.624442175030708 0.601024970412254 0.587019994854927 0.595207124948502 0.660236075520515 0.652693301439285 0.650229290127754 0.652381539344788 0.650818973779678 0.65580752491951 0.608636185526848
-9999 -9999 -9999 -9999 -9999 -9999 -9999 -9999 -9999 -9999 2.23007199168205 1.6066033244133 1.6066033244133 0.915175527334213 0.778696864843369 0.652696430683136 0.61874158680439 0.628658607602119 0.771020472049713 0.943415075540543 1.08330523967743 1.18448513746262 1.22752341628075 1.13109853863716 1.01408788561821 0.923469096422195 0.866861164569855 0.741646751761436 0.619578748941422 0.664909780025482 0.669489517807961 0.860202223062515 1.11199977993965 1.39503425359726 1.70089334249496 1.97366881370544 2.19020766019821 2.26342552900314 2.03029954433441 1.66278183460236 1.24035474658012 1.00226363539696 0.873280853033066 0.795859605073929 0.789352476596832 0.7875637114048 0.744460165500641 0.720119923353195 0.778305530548096 0.79334619641304 0.677518397569656 0.616977363824844 0.599251136183739 0.582687556743622 0.605229511857033 0.633537098765373 0.643546834588051 0.641331195831299 0.59429557621479 0.614184468984604 0.617060735821724
4.13654887676239 -9999 -9999 -9999 -9999 -9999 -9999 -9999 -9999 -9999 1.45307278633118 1.34453317523003 1.18755492568016 1.08413028717041 1.05126258730888 0.983974635601044 0.859125137329102 0.863548189401627 0.853532731533051 0.772694081068039 0.847949355840683 0.928968340158463 0.928989171981812 0.882351368665695 0.835264921188354 0.806858539581299 0.78565040230751 0.728481709957123 0.612480461597443 0.792382746934891 1.02480697631836 1.13136577606201 1.23175710439682 1.22972059249878 1.23127198219299 1.24869829416275 1.3986796438694 1.37552252411842 1.11048182845116 0.946595281362534 0.794421762228012 0.744895711541176 0.77296257019043 0.873527973890305 0.958137273788452 0.948102056980133 0.877754777669907 0.870735883712769 0.868438214063644 0.90434718132019 0.808817982673645 0.694101110100746 0.60258860886097 0.512833714485168 0.532671198248863 0.584665820002556 0.601852878928185 0.63112972676754 0.643102526664734 0.635859087109566 0.613796845078468
1.5059140920639 3.50124657154083 1.57653146982193 1.7946383357048 1.45931619405746 1.52418982982635 -9999 -9999 2.01575767993927 1.89726948738098 1.74588221311569 1.52269381284714 1.33722084760666 1.23074680566788 1.39956852793694 1.39716580510139 1.23958423733711 1.27048963308334 1.27860215306282 0.908746272325516 0.812869548797607 0.815781623125076 0.793495774269104 0.780653804540634 0.736488506197929 0.669824838638306 0.706062778830528 0.722329840064049 0.706808611750603 0.716660901904106 0.754415094852448 0.746309503912926 0.747833400964737 0.75415027141571 0.738865077495575 0.711870610713959 0.698288261890411 0.68075980246067 0.652715161442757 0.619876965880394 0.661988765001297 0.752394139766693 0.802215367555618 0.879883825778961 0.988397508859634 1.03720155358315 1.09216117858887 1.0707768201828 0.781144022941589 0.591956421732903 0.518112793564796 0.415697649121284 0.363838948309422 0.354198709130287 0.410427510738373 0.494247525930405 0.582077577710152 0.594771265983582 0.594302818179131 0.614151567220688 0.634660676121712
0.841653943061829 0.977974623441696 1.97451388835907 2.76233893632889 4.64467406272888 2.97751593589783 1.69427436590195 1.65345132350922 1.69264394044876 1.61860889196396 1.6302627325058 1.55758774280548 1.61530512571335 1.45878025889397 1.40565374493599 1.45809397101402 1.48179218173027 1.38186246156693 1.16933342814445 1.00126540660858 0.925401896238327 0.910921901464462 0.917263358831406 0.938873112201691 0.975225627422333 0.949315041303635 0.895699560642242 0.863408446311951 0.851362556219101 0.855151623487473 0.855955481529236 0.821086585521698 0.818118005990982 0.817247450351715 0.78784453868866 0.756052672863007 0.732860192656517 0.779608726501465 0.893997341394424 0.917950361967087 0.954790323972702 1.02909073233604 1.0110190808773 0.932377696037292 1.09500932693481 1.27383774518967 1.22910118103027 1.21064203977585 1.06856381893158 0.642521873116493 0.481807127594948 0.463537618517876 0.505873203277588 0.545802712440491 0.623611897230148 0.86463063955307 0.928096622228622 0.959131300449371 0.813149929046631 0.786181300878525 0.957063496112823
0.593798741698265 0.717097029089928 0.887179523706436 1.27119594812393 1.73658818006516 1.70833915472031 1.48453348875046 1.39625108242035 1.42056977748871 1.5030260682106 1.43397483229637 1.31704089045525 1.14274844527245 1.07731452584267 1.21968501806259 1.50895661115646 1.48641040921211 1.28552582859993 1.05392655730247 0.964165717363358 0.956313282251358 0.982558071613312 1.03785771131516 1.09296262264252 1.11351934075356 1.12517094612122 1.14358574151993 1.13650622963905 1.1311182975769 1.15194922685623 1.15512862801552 1.14138400554657 1.09347367286682 1.05609288811684 1.05760815739632 1.04644605517387 1.01196375489235 1.10178798437119 1.2457956969738 1.14565095305443 1.08329567313194 1.06818410754204 1.07502302527428 1.1338677406311 1.29085546731949 1.19474968314171 0.895500540733337 0.788481920957565 0.823816448450089 0.703404039144516 0.670766651630402 0.722380667924881 0.923018842935562 1.30454537272453 1.56682831048965 1.33459648489952 1.07423177361488 0.981223940849304 0.886214822530746 0.872715353965759 0.930967032909393
0.781144201755524 0.937080591917038 0.987031638622284 0.949877679347992 0.916658163070679 1.00333848595619 1.19132173061371 1.17137441039085 1.14677256345749 1.04744401574135 0.943998634815216 0.866690307855606 0.928040832281113 0.996531575918198 1.14053705334663 1.32032078504562 1.25161930918694 1.0585001707077 0.921213001012802 0.940356731414795 1.00213417410851 1.02963924407959 1.11980330944061 1.20357593894005 1.25378295779228 1.28458991646767 1.2755314707756 1.32055547833443 1.30662828683853 1.26804578304291 1.25767770409584 1.19819247722626 1.15805670619011 1.09720516204834 1.04350912570953 0.976659804582596 0.958672374486923 0.959587275981903 0.942379742860794 0.901474446058273 0.850626647472382 0.807840406894684 0.795209616422653 0.855874747037888 0.788639634847641 0.760031551122665 0.65358754992485 0.731064096093178 0.939872235059738 1.15466549992561 1.06750810146332 1.03613868355751 1.22843116521835 1.5112144947052 1.46692237257957 1.28464937210083 0.990337997674942 0.82133549451828 0.782769352197647 0.884985834360123 1.03508082032204
1.02343806624413 1.06666794419289 1.14866298437119 1.12513652443886 1.02644911408424 0.907429307699203 0.859861940145493 0.859073728322983 0.898399204015732 0.880122900009155 0.795713603496552 0.811728268861771 0.977341800928116 1.1046237051487 1.15732222795486 1.10997265577316 1.07967594265938 1.06262728571892 0.954355806112289 0.93500080704689 1.10061621665955 1.22513777017593 1.30130043625832 1.28371194005013 1.25497823953629 1.24450126290321 1.22368168830872 1.18044492602348 1.15150317549706 1.15986549854279 1.18173113465309 1.21402913331985 1.20446759462357 1.09846472740173 0.95395490527153 0.939003109931946 1.05573204159737 1.08711040019989 1.10544499754906 1.08890533447266 1.04813566803932 0.946170330047607 0.882388114929199 0.712206110358238 0.421578928828239 0.645803242921829 0.738687872886658 0.874349534511566 1.19048371911049 1.65559387207031 1.46814197301865 1.24976778030396 1.19416344165802 1.20012751221657 1.18964803218842 1.17911070585251 1.17481157183647 1.20177805423737 1.23135414719582 1.340705037117 1.58118957281113
1.22145938873291 1.30939677357674 1.25868943333626 1.07476454973221 0.96021294593811 0.835889428853989 0.765213221311569 0.741738215088844 0.78044182062149 0.802569776773453 0.802013844251633 0.870021432638168 1.02168810367584 1.16224148869514 1.19913250207901 1.17356380820274 1.110645622015 1.05533561110497 1.10169795155525 1.19078001379967 1.26214894652367 1.34359073638916 1.20106029510498 1.04793012142181 1.08784916996956 1.12763124704361 1.19918408989906 1.26264542341232 1.2958770096302 1.28082060813904 1.24966424703598 1.30047431588173 1.34424787759781 1.28061899542809 1.20450514554977 1.15338581800461 1.00873848795891 1.00186184048653 1.02364531159401 1.0111862719059 1.06032836437225 0.992475003004074 0.939607679843903 0.974749445915222 1.10306033492088 1.14456143975258 0.960127115249634 1.0758321583271 1.25627446174622 1.35703244805336 1.33724749088287 1.18800562620163 1.04002547264099 1.08078575134277 1.31340891122818 1.65759479999542 1.99823248386383 2.18091398477554 2.28139615058899 2.45215916633606 2.90537542104721
1.16902354359627 1.22278779745102 1.13284841179848 0.952319830656052 0.803465902805328 0.823111563920975 0.895066559314728 0.92306837439537 0.88191094994545 0.864395767450333 0.89645379781723 0.942707061767578 1.04324948787689 1.16174483299255 1.2638903260231 1.3320592045784 1.26110181212425 1.22434338927269 1.22259539365768 1.03014734387398 0.969989418983459 0.954456835985184 0.951895594596863 1.01433545351028 1.12513893842697 1.2566075026989 1.3983246088028 1.49668505787849 1.66801750659943 1.61101591587067 1.52588152885437 1.45258185267448 1.42809775471687 1.55969363451004 1.65648972988129 1.52517879009247 1.37011921405792 1.33057299256325 1.2468099296093 1.09328663349152 0.922309666872025 0.848622769117355 0.92093825340271 1.13031452894211 1.43314343690872 1.99983465671539 2.10164988040924 1.54177951812744 1.4439754486084 1.48428457975388 1.42929518222809 1.25233644247055 1.28481164574623 1.63650548458099 1.95726478099823 2.33983361721039 2.51937139034271 2.63020169734955 -9999 -9999 -9999
1.1583788394928 1.15426728129387 1.0966509282589 0.900609165430069 0.819293439388275 0.944519340991974 1.15353342890739 1.41115736961365 1.37033361196518 1.32283267378807 1.31126546859741 1.38345023989677 1.38564419746399 1.28662544488907 1.17270702123642 1.28734508156776 1.25959950685501 1.02371004223824 0.86987891793251 0.773428559303284 0.913129717111588 1.04945263266563 1.18595257401466 1.35156852006912 1.4770664870739 1.75502961874008 1.70481097698212 1.77023309469223 1.93221706151962 2.089251101017 2.09174555540085 2.07238644361496 1.70490574836731 1.78685224056244 2.19820654392242 2.63090872764587 2.43482476472855 1.61206644773483 1.47512349486351 1.32454776763916 1.01817521452904 0.845654278993607 0.802217066287994 1.06488275527954 1.29730761051178 1.44104102253914 1.40472275018692 1.14098355174065 1.1842967569828 1.41379147768021 1.55863255262375 1.68022584915161 1.87957245111465 2.40309816598892 3.15038788318634 3.00690299698285 -9999 -9999 -9999 -9999 -9999
1.18250557780266 1.0571126639843 0.94897797703743 0.801983624696732 0.737060353159904 0.840136080980301 0.960014015436172 0.896597117185593 0.824924468994141 0.895876944065094 1.02909243106842 0.961697459220886 0.983707934617996 0.811940342187881 0.728234902024269 0.793646603822708 0.792591512203217 0.769457906484604 0.84325110912323 0.964804619550705 1.03385585546494 1.10736563801765 1.16755726933479 1.17743968963623 1.26518082618713 1.62233823537827 1.81214618682861 1.97130990028381 2.50225120782852 2.94227993488312 -9999 -9999 -9999 -9999 -9999 -9999 3.14426672458649 4.20047128200531 1.73912447690964 1.66529935598373 1.47953009605408 1.18757200241089 1.11721882224083 1.18440538644791 1.25290694832802 1.25554338097572 1.28700256347656 1.34692695736885 1.52460336685181 2.15552884340286 2.05024945735931 2.11926001310349 2.44307273626328 2.6302165389061 1.9762424826622 1.97624230384827 -9999 -9999 -9999 -9999 -9999
1.28183296322823 1.21050783991814 1.02576765418053 0.796447545289993 0.731435135006905 0.767277091741562 0.955434590578079 0.8632493019104 0.694164231419563 0.631804436445236 0.698840260505676 0.846729040145874 0.888622283935547 0.913089126348495 0.898695945739746 0.764741957187653 0.672568425536156 0.724665284156799 0.898364245891571 1.13455483317375 1.22728702425957 1.12817913293839 1.03516915440559 0.962494164705276 1.1076375246048 1.49016585946083 1.76492196321487 1.84308242797852 2.11984062194824 1.63460630178452 -9999 -9999 -9999 -9999 -9999 -9999 12.0245003700256 10.3988292217255 4.67710876464844 2.13416451215744 2.14058697223663 2.14230519533157 1.9945587515831 1.65050303936005 1.7943794131279 1.70033437013626 1.76460009813309 1.97542119026184 2.47616529464722 3.18752539157867 3.32493889331818 3.01143908500671 2.85074329376221 -9999 -9999 -9999 -9999 -9999 -9999 -9999 -9999
1.01420509815216 0.807565927505493 0.731653869152069 0.710690975189209 0.562716454267502 0.510367646813393 0.570853337645531 0.63755339384079 0.67061747610569 0.77871572971344 0.875694125890732 0.89558082818985 0.827352404594421 0.92787292599678 0.976313441991806 1.04650023579597 0.978932440280914 0.856803059577942 1.00647264719009 1.56337988376617 1.89437305927277 0.831089623596357 1.58845567703247 0.906899660825729 0.994617462158203 1.36674919724464 1.71456134319305 1.61821103096008 1.64670431613922 1.38064607977867 -9999 -9999 -9999 -9999 -9999 -9999 -9999 19.9854097366333 7.16599488258362 2.88931453227997 2.48251658678055 2.88519430160522 2.8568115234375 2.81731867790222 2.80437219142914 2.6559471487999 2.53457915782928 2.58442765474319 3.71393573284149 4.38480842113495 4.98977780342102 4.56418597698212 3.81302726268768 4.8970034122467 -9999 -9999 -9999 -9999 -9999 -9999 -9999
0.691110000014305 0.508721977472305 0.413924306631088 0.402253836393356 0.406019166111946 0.42625804245472 0.456738263368607 0.497780933976173 0.567781090736389 0.679147437214851 0.734185516834259 0.729875341057777 0.770692080259323 0.902003467082977 1.23119750618935 1.09711888432503 0.968108832836151 0.939655423164368 1.03429859876633 1.14420184493065 1.15142145752907 1.06079480051994 1.08764818310738 0.969087660312653 0.971627622842789 1.05466702580452 1.18890523910522 1.19802877306938 1.05334451794624 1.10035425424576 1.45435930788517 -9999 -9999 -9999 -9999 -9999 -9999 -9999 4.93337934017181 12.5639151334763 21.1103887557983 19.7241252064705 4.20387125015259 4.27793490886688 4.33010101318359 3.93323493003845 3.51667356491089 3.21108877658844 4.04553329944611 6.49073553085327 8.33557605743408 6.26682901382446 4.88672089576721 6.73841992020607 -9999 -9999 -9999 -9999 -9999 -9999 -9999
0.649573534727097 0.514669507741928 0.477592840790749 0.409035712480545 0.378795459866524 0.419335171580315 0.440569415688515 0.482441514730453 0.527064800262451 0.592668190598488 0.660030215978622 0.63841313123703 0.646291270852089 0.656056255102158 0.819645792245865 0.900367051362991 0.94621941447258 0.786879569292068 0.827399164438248 0.811245024204254 0.805137813091278 0.762613713741302 0.761932790279388 0.880991220474243 1.09690278768539 1.01893723011017 1.00938865542412 1.12458676099777 1.07455408573151 1.36800876259804 1.46264943480492 2.53590876715524 -9999 -9999 -9999 -9999 -9999 -9999 -9999 -9999 -9999 -9999 -9999 -9999 -9999 -9999 -9999 3.65490746498108 10.1823080778122 11.3131105899811 15.1536712646484 9.00153815746307 -9999 -9999 -9999 -9999 -9999 -9999 -9999 -9999 -9999
0.559099316596985 0.517803534865379 0.434858053922653 0.394710302352905 0.362775675952435 0.391568452119827 0.481151729822159 0.519080936908722 0.496909439563751 0.53527843952179 0.592793136835098 0.613476455211639 0.647780567407608 0.717365518212318 0.719003811478615 0.687866494059563 0.67781800031662 0.662352383136749 0.68003386259079 0.7018973082304 0.746164932847023 0.747117653489113 0.74435792863369 0.883140921592712 1.08504009246826 1.59944543013206 -9999 1.05461356043816 1.0790379345417 1.10475370287895 1.15198650956154 1.48259478807449 1.83212512731552 -9999 -9999 -9999 -9999 -9999 -9999 -9999 -9999 -9999 -9999 -9999 -9999 -9999 -9999 -9999 -9999 -9999 -9999 -9999 -9999 -9999 -9999 -9999 -9999 -9999 -9999 -9999 -9999
0.359550476074219 0.363449782133102 0.363781325519085 0.365130789577961 0.392989039421082 0.443098783493042 0.518649324774742 0.536707654595375 0.498343884944916 0.514768525958061 0.572649121284485 0.632966861128807 0.676024988293648 0.675207272171974 0.654842063784599 0.631907522678375 0.649119257926941 0.641837865114212 0.706169933080673 0.775107175111771 0.841367572546005 0.866925984621048 0.855293065309525 0.876794725656509 1.02101111412048 1.18564903736115 1.19310727715492 1.12606027722359 1.28562819957733 1.46889352798462 1.39985489845276 1.46470060944557 1.63146360218525 -9999 -9999 -9999 -9999 -9999 -9999 -9999 -9999 -9999 -9999 -9999 -9999 -9999 -9999 -9999 -9999 -9999 -9999 -9999 -9999 -9999 -9999 -9999 -9999 -9999 -9999 -9999 -9999
0.417193114757538 0.448288455605507 0.46633243560791 0.445697084069252 0.437528416514397 0.498105570673943 0.538719311356544 0.570216983556747 0.601875901222229 0.649604469537735 0.692882940173149 0.697750255465508 0.692743018269539 0.701279193162918 0.704880908131599 0.665744617581367 0.690549910068512 0.701727792620659 0.871712565422058 0.892531335353851 0.81452214717865 0.787821739912033 0.794131278991699 0.85180190205574 1.00568076968193 1.01866874098778 1.01649624109268 1.03080886602402 1.08583241701126 1.20411488413811 1.44044682383537 1.68622201681137 1.745734333992 -9999 -9999 -9999 -9999 -9999 -9999 -9999 -9999 -9999 -9999 -9999 -9999 -9999 -9999 -9999 -9999 -9999 -9999 -9999 -9999 -9999 -9999 -9999 -9999 -9999 -9999 -9999 -9999
0.512041747570038 0.518723800778389 0.529306143522263 0.523001119494438 0.506453096866608 0.474248304963112 0.505644589662552 0.586367145180702 0.660153910517693 0.753317534923553 0.79504805803299 0.764703065156937 0.745998099446297 0.801028043031693 0.902953237295151 0.867657423019409 0.788335561752319 0.757573485374451 0.849497348070145 0.858336120843887 0.809752911329269 0.799679696559906 0.871436566114426 0.948256820440292 0.950190514326096 1.03268417716026 1.49453508853912 1.14778608083725 1.39110186696053 1.39534941315651 1.52736210823059 2.14717841148376 3.51620221138 -9999 -9999 -9999 -9999 -9999 -9999 -9999 -9999 -9999 -9999 -9999 -9999 -9999 -9999 -9999 -9999 -9999 -9999 -9999 -9999 -9999 -9999 -9999 -9999 -9999 -9999 -9999 -9999
0.523633405566216 0.551725566387177 0.592834755778313 0.56488037109375 0.560461208224297 0.589739307761192 0.660949543118477 0.701613217592239 0.668157711625099 0.674944683909416 1.04718209803104 1.10178337991238 1.22004094719887 1.34548406302929 1.67547824978828 1.43752732872963 1.10011611878872 0.846309542655945 0.78855299949646 0.814147531986237 0.860143572092056 0.878396898508072 0.924236923456192 0.985052078962326 1.02297905087471 1.03104731440544 1.09290164709091 1.08805614709854 1.16355299949646 1.25331500172615 1.50069737434387 2.63668441772461 2.69553977251053 -9999 -9999 -9999 -9999 -9999 -9999 -9999 -9999 -9999 -9999 -9999 -9999 -9999 -9999 -9999 -9999 -9999 -9999 -9999 -9999 -9999 -9999 -9999 -9999 -9999 -9999 -9999 -9999
0.646967500448227 0.697019577026367 0.73394313454628 0.772130459547043 0.70239146053791 0.664134532213211 0.841496497392654 0.809628009796143 1.52495375275612 0.621024191379547 -9999 -9999 -9999 -9999 -9999 -9999 1.08565834164619 1.13744947314262 0.818077951669693 0.806671053171158 0.840020209550858 0.86745473742485 0.923666596412659 0.995283007621765 1.03644606471062 1.06548491120338 1.21314507722855 1.59315133094788 1.51973176002502 1.38768339157104 1.58584517240524 2.11087810993195 2.50415360927582 2.01678812503815 -9999 -9999 -9999 -9999 -9999 -9999 -9999 -9999 -9999 -9999 -9999 -9999 -9999 -9999 -9999 -9999 -9999 -9999 -9999 -9999 -9999 -9999 -9999 -9999 -9999 -9999 -9999
1.05068001151085 0.964739710092545 0.892329275608063 0.865643084049225 1.62924116849899 1.62924116849899 0.729218289256096 1.04384547472 2.40122728049755 1.35734340548515 -9999 -9999 -9999 -9999 -9999 -9999 2.01565565846183 1.38097357749939 1.25122064352036 1.02509924769402 1.00463488698006 1.12691947817802 1.1503292620182 1.03875768184662 1.00571876764297 1.32701978087425 1.66877621412277 1.91342121362686 1.74496883153915 1.74345669150352 1.89354667067528 2.74574303627014 2.61479137837887 3.12261621952057 -9999 -9999 -9999 -9999 -9999 -9999 -9999 -9999 -9999 -9999 -9999 -9999 -9999 -9999 -9999 -9999 -9999 -9999 -9999 -9999 -9999 -9999 -9999 -9999 -9999 -9999 -9999
-9999 -9999 -9999 -9999 -9999 -9999 -9999 -9999 -9999 -9999 -9999 -9999 -9999 -9999 -9999 -9999 -9999 -9999 1.58872675895691 1.25364580750465 1.29250958561897 1.50136488676071 1.51767808198929 -9999 -9999 1.46449488401413 1.84343934059143 1.961661028862 -9999 2.60822394937277 1.9487732052803 2.12220531702042 3.30999934673309 -9999 -9999 -9999 -9999 -9999 -9999 -9999 -9999 -9999 -9999 -9999 -9999 -9999 -9999 -9999 -9999 -9999 -9999 -9999 -9999 -9999 -9999 -9999 -9999 -9999 -9999 -9999 -9999
