EcologicalScience/Bass/data/rs_data_bass/chl_251.asc
NCOLS 226 
NROWS 124 
XLLCORNER -9.41648524995501 
YLLCORNER 47.587301625531 
CELLSIZE 0.0833 
NODATA_value -9999 
[rows 81 to 107 of 124, columns 61 to 121 of 226]
1.60214553773403 3.85158455371857 5.97498106956482 7.6620512008667 7.66205191612244 -9999 -9999 -9999 -9999 -9999 -9999 -9999 -9999 -9999 -9999 -9999 -9999 -9999 -9999 -9999 -9999 -9999 -9999 -9999 -9999 -9999 -9999 -9999 -9999 -9999 -9999 -9999 -9999 -9999 -9999 -9999 -9999 -9999 -9999 -9999 -9999 -9999 -9999 -9999 -9999 -9999 -9999 -9999 -9999 -9999 -9999 -9999 -9999 -9999 -9999 -9999 -9999 -9999 -9999 -9999 -9999
1.0014074742794 3.04516357877879 -9999 -9999 -9999 -9999 -9999 -9999 -9999 -9999 -9999 -9999 -9999 -9999 -9999 -9999 -9999 -9999 -9999 -9999 -9999 -9999 -9999 -9999 -9999 -9999 -9999 -9999 -9999 -9999 -9999 -9999 -9999 -9999 -9999 -9999 -9999 -9999 -9999 -9999 -9999 -9999 -9999 -9999 -9999 -9999 -9999 -9999 -9999 -9999 -9999 -9999 -9999 -9999 -9999 -9999 -9999 -9999 -9999 -9999 -9999
-9999 -9999 -9999 -9999 -9999 -9999 -9999 -9999 -9999 -9999 -9999 -9999 -9999 -9999 -9999 -9999 -9999 -9999 -9999 -9999 -9999 -9999 -9999 -9999 -9999 -9999 -9999 -9999 -9999 -9999 -9999 -9999 -9999 -9999 -9999 -9999 -9999 -9999 -9999 -9999 -9999 -9999 -9999 -9999 -9999 -9999 -9999 -9999 -9999 -9999 -9999 -9999 -9999 -9999 -9999 -9999 -9999 -9999 -9999 -9999 -9999
-9999 -9999 -9999 -9999 -9999 -9999 -9999 -9999 -9999 -9999 -9999 -9999 -9999 -9999 -9999 -9999 -9999 -9999 -9999 -9999 -9999 -9999 -9999 -9999 -9999 -9999 -9999 -9999 -9999 -9999 -9999 -9999 -9999 -9999 -9999 -9999 -9999 -9999 -9999 -9999 -9999 -9999 -9999 -9999 -9999 -9999 -9999 -9999 -9999 -9999 -9999 -9999 -9999 -9999 -9999 -9999 -9999 -9999 13.9976553533758 2.91586579084396 3.82967305183411
-9999 -9999 -9999 -9999 -9999 -9999 -9999 -9999 -9999 -9999 -9999 -9999 -9999 -9999 -9999 -9999 -9999 -9999 -9999 -9999 -9999 -9999 -9999 -9999 -9999 -9999 -9999 -9999 -9999 -9999 -9999 -9999 -9999 -9999 -9999 -9999 -9999 37.1749906539917 -9999 4.9896125793457 4.1423088312149 -9999 -9999 2.07926384210587 1.16730451583862 1.31577301025391 1.47871202230453 1.56274795532227 2.25543683767319 1.9381508231163 2.22792077064514 2.16602459549904 3.43845291137695 -9999 -9999 -9999 4.89535182714462 3.70410454273224 1.8018906712532 1.72207796573639 1.56915074586868
-9999 -9999 -9999 -9999 -9999 -9999 -9999 -9999 -9999 -9999 -9999 -9999 -9999 -9999 1.43382661180063 1.05110466480255 0.855004251003265 0.649999991059303 2.07983100414276 1.12509450316429 -9999 -9999 -9999 -9999 -9999 -9999 -9999 -9999 -9999 1.99367171525955 1.44326171278954 2.27175450325012 4.01959311962128 -9999 3.66949796676636 -9999 -9999 -9999 -9999 2.42903620004654 1.9091414809227 1.76843333244324 2.02781099081039 1.17052271962166 1.05857849121094 1.19501996040344 1.43177247047424 1.30770671367645 1.01566421985626 1.01725575327873 1.22672474384308 1.70360845327377 2.14699566364288 2.55363893508911 1.70621466636658 1.68144607543945 1.78069657087326 1.5197092294693 0.819837033748627 0.731369242072105 0.665535002946854
-9999 -9999 -9999 -9999 -9999 -9999 -9999 -9999 -9999 -9999 -9999 21.9212590666378 2.26326817274094 1.35844650864601 0.776762276887894 0.850539028644562 1.03285798430443 0.932539522647858 0.88215896487236 0.839139729738235 0.954749286174774 3.24851377076837 -9999 1.30264585784503 1.58737613260746 0.976801027854284 -9999 -9999 1.72477482936599 1.22235900163651 1.31280228495598 1.44334352016449 1.81141269207001 1.30137374997139 1.22995725274086 -9999 -9999 3.22700128749925 1.78169399499893 1.77550721168518 1.62726831436157 1.68696069717407 1.70919531583786 1.21677374839783 1.07148751616478 0.989005476236343 0.997118979692459 0.843093037605286 0.790251731872559 0.898644715547562 0.89820072054863 0.944169759750366 0.897001504898071 0.888891756534576 0.883246511220932 0.848877042531967 0.798920273780823 0.728918999433517 0.570348769426346 0.571860730648041 0.535210490226746
-9999 -9999 -9999 -9999 -9999 -9999 -9999 -9999 -9999 -9999 1.4569229632616 5.70408010482788 2.16251027584076 0.916107773780823 0.702992230653763 0.656718000769615 0.60343573987484 0.561122998595238 0.579946517944336 0.595436990261078 0.678510770201683 0.819465726613998 0.824526786804199 1.12363198399544 1.39376172423363 1.41506552696228 1.00186121463776 1.09467297792435 1.10652753710747 1.02112349867821 1.03025472164154 0.937873542308807 0.902088761329651 0.908270984888077 0.97892627120018 1.38295277953148 1.58022147417068 1.65900367498398 1.73102992773056 1.65974092483521 1.65547496080399 1.63636726140976 1.59377771615982 1.29318076372147 1.13374426960945 0.90939599275589 0.747179254889488 0.729451507329941 0.719623491168022 0.668016001582146 0.609065249562263 0.607391238212585 0.623784005641937 0.571271985769272 0.521153256297112 0.52887225151062 0.516687020659447 0.543255731463432 0.527128502726555 0.49694699048996 0.548351258039474
-9999 -9999 -9999 -9999 -9999 -9999 -9999 -9999 -9999 -9999 1.42910698056221 1.59415572881699 1.11798298358917 0.561186745762825 0.512818515300751 0.537315756082535 0.551597982645035 0.599760755896568 0.628497764468193 0.658943250775337 0.724285483360291 0.835931271314621 0.861159771680832 0.939599275588989 1.00048273801804 1.01183179020882 0.92206272482872 0.882603764533997 0.884547740221024 0.878390997648239 0.9740189909935 0.979060471057892 0.96409347653389 0.909650981426239 0.941431492567062 1.18880850076675 1.31376975774765 1.4381340444088 1.57630205154419 1.66246569156647 1.70540696382523 1.61001366376877 1.33620151877403 0.885755270719528 0.72019274532795 0.70924499630928 0.691579520702362 0.666195765137672 0.631293743848801 0.610581770539284 0.574712231755257 0.565671756863594 0.537336006760597 0.503597259521484 0.557331740856171 0.567440986633301 0.501740232110023 0.446116492152214 0.431995511054993 0.450547501444817 0.470637738704681
4.13654887676239 -9999 -9999 -9999 -9999 -9999 -9999 -9999 -9999 1.64042751234153 1.59593993425369 0.999282002449036 0.515310019254684 0.434562742710114 0.516222015023232 0.606463506817818 0.639024764299393 0.644041478633881 0.614696234464645 0.628549486398697 0.668509483337402 0.755982756614685 0.785086512565613 0.809477984905243 0.816924780607224 0.744007498025894 0.704671517014503 0.707311481237411 0.800646722316742 0.846082538366318 0.828108787536621 0.829686015844345 0.881768256425858 0.893023520708084 0.900650292634964 0.91451695561409 0.973383754491806 0.916826963424683 0.924001514911652 0.905608534812927 0.880716741085052 0.773052781820297 0.660497233271599 0.60182623565197 0.628892228007317 0.655081495642662 0.667250990867615 0.572904020547867 0.528710246086121 0.497855231165886 0.562225520610809 0.643609508872032 0.713491514325142 0.70922626554966 0.717110261321068 0.704510986804962 0.670789495110512 0.552296251058578 0.515906229615211 0.495698243379593 0.595733240246773
0.613321512937546 0.708906769752502 0.703466266393661 1.19649222493172 1.9609340429306 -9999 -9999 -9999 2.87070708721876 1.8459615111351 1.65607345104218 1.33137747645378 0.984274506568909 0.562542021274567 0.557273983955383 0.694259986281395 0.713132232427597 0.619022235274315 0.646718233823776 0.679872751235962 0.652996480464935 0.628678500652313 0.59842050075531 0.60089322924614 0.589785754680634 0.599012240767479 0.605915263295174 0.61759726703167 0.6144690066576 0.634870514273643 0.621601492166519 0.631478235125542 0.650598764419556 0.644973009824753 0.664851754903793 0.694645509123802 0.701329484581947 0.70396426320076 0.698554515838623 0.67907926440239 0.617669999599457 0.552175506949425 0.525480017066002 0.504386991262436 0.5079675167799 0.516319513320923 0.540401235222816 0.52548748254776 0.569526761770248 0.670841261744499 0.906893223524094 1.04747477173805 1.11841571331024 1.04805529117584 0.895308762788773 0.800883024930954 0.82572528719902 0.601062744855881 0.537361487746239 0.61965523660183 0.730792477726936
0.450017251074314 0.440686494112015 0.381983265280724 0.737921252846718 0.849277496337891 0.852749973535538 0.99026021361351 1.24401372671127 1.33121404051781 1.2593084871769 1.26022803783417 1.11637124419212 0.857713490724564 0.749331772327423 0.753012031316757 0.697746008634567 0.627404987812042 0.637444496154785 0.595649242401123 0.58125901222229 0.627880498766899 0.62050125002861 0.620488509535789 0.619480490684509 0.606293991208076 0.579801768064499 0.556152731180191 0.542348250746727 0.54907800257206 0.538940995931625 0.531471759080887 0.519060015678406 0.511919260025024 0.508634984493256 0.505026742815971 0.510814502835274 0.535158768296242 0.545899495482445 0.55043551325798 0.503466010093689 0.479712769389153 0.475030481815338 0.484515756368637 0.498322516679764 0.49862252175808 0.499190255999565 0.487250983715057 0.563241764903069 0.751056790351868 1.07109904289246 1.44628196954727 1.46412751078606 1.52693921327591 1.51931548118591 1.29691421985626 1.03398370742798 0.995393961668015 0.817423492670059 0.703301981091499 0.74142824113369 1.07663923501968
0.413004755973816 0.502699501812458 0.499410018324852 0.477569237351418 0.704352736473083 0.847981542348862 0.839210987091064 0.770638525485992 0.967355221509933 0.950456231832504 0.941174983978271 0.92007976770401 0.863846987485886 0.882839977741241 0.829999476671219 0.560561254620552 0.668273270130157 0.688814252614975 0.592679992318153 0.593313753604889 0.58032301068306 0.56726923584938 0.624453753232956 0.627133503556252 0.624585002660751 0.583959013223648 0.573408767580986 0.561154514551163 0.562587752938271 0.556913986802101 0.561192020773888 0.557273983955383 0.549604520201683 0.540804013609886 0.534764260053635 0.52913399040699 0.561718493700027 0.606853500008583 0.679715260863304 0.70305597782135 0.619846478104591 0.571374759078026 0.605257496237755 0.599291235208511 0.587516248226166 0.592148244380951 0.605714231729507 0.68716724216938 0.817319959402084 0.980327278375626 1.32845252752304 1.41190347075462 1.31420400738716 1.0837020277977 1.13151901960373 1.05411073565483 1.0246094763279 1.29872551560402 1.82426244020462 2.21930032968521 3.4243905544281
0.39640124514699 0.628142617642879 0.717410646378994 0.365551494061947 0.282653242349625 0.470816239714622 0.496121227741241 0.467175006866455 0.498824268579483 0.610961258411407 0.711169481277466 0.901067286729813 0.774456024169922 0.790321469306946 0.671567246317863 0.576544493436813 0.505390495061874 0.463701009750366 0.456337496638298 0.590596497058868 0.612682521343231 0.640257731080055 0.595076233148575 0.590500518679619 0.588066011667252 0.589290753006935 0.595045521855354 0.594534739851952 0.588269993662834 0.594088509678841 0.571970254182816 0.566858232021332 0.570655480027199 0.565642520785332 0.594633758068085 0.61948424577713 0.680642232298851 0.738271504640579 0.765214473009109 0.802674025297165 0.923409730195999 0.898746013641357 0.832607209682465 0.781374782323837 0.736889988183975 0.708500996232033 0.734334021806717 0.844044774770737 0.988202959299088 1.29114523530006 2.08814853429794 1.75579583644867 1.25451296567917 1.0164569914341 1.03664928674698 1.08109349012375 1.37464946508408 1.70290499925613 1.58039778470993 3.48909902572632 7.86067485809326
0.603152263909578 0.721482004970312 0.796175267547369 0.274345502257347 0.303149253129959 0.344355739653111 0.370741501450539 0.364450491964817 0.504819005727768 0.535663515329361 0.601608753204346 0.645499482750893 0.971085727214813 1.23070800304413 1.26592800021172 0.880585491657257 0.705021768808365 0.535724982619286 0.400974735617638 0.609399765729904 0.66863925755024 0.665029495954514 0.621976509690285 0.629914507269859 0.648484513163567 0.66167476773262 0.694142997264862 0.700183510780334 0.713319763541222 0.698141992092133 0.686038479208946 0.636543765664101 0.61354199051857 0.639683246612549 0.701559752225876 0.807953238487244 0.904550224542618 0.93205726146698 1.0216980278492 1.04161047935486 1.22082522511482 1.18378722667694 1.08274126052856 1.12348195910454 1.09805622696877 1.19889897108078 1.06708878278732 1.45703476667404 1.63325250148773 1.89547204971313 1.98563557863235 1.73814904689789 1.46922898292542 1.191416233778 1.51510351896286 2.04059708118439 1.51116299629211 1.56944096088409 1.84317755699158 2.75765633583069 5.27287352085114
0.467375993728638 0.599886730313301 0.279287248849869 0.29458723962307 0.317708238959312 0.464152134954929 0.383972257375717 0.509098514914513 0.505184233188629 0.535450503230095 0.580203741788864 0.700365766882896 0.964969485998154 1.02208498120308 1.12323296070099 1.30706548690796 0.993704974651337 0.849576741456985 0.626732245087624 0.567006021738052 0.622478261590004 0.633328512310982 0.59860423207283 0.59000252187252 0.591787487268448 0.595492511987686 0.605874761939049 0.674303233623505 0.760722041130066 0.839700043201447 0.850241214036942 0.808022260665894 0.731423243880272 0.858950972557068 0.994520276784897 1.04442670941353 1.22525623440742 1.21711349487305 1.23375901579857 1.17578396201134 1.34728878736496 1.30095970630646 1.18867573142052 1.26405072212219 1.380963742733 1.41489896178246 1.44165971875191 1.62789076566696 1.82220822572708 1.59468001127243 1.13926720619202 0.972910523414612 0.983211010694504 1.12974750995636 2.15121066570282 8.97012734413147 7.73149180412292 8.2394512295723 10.554109275341 12.2881264942033 28.1426496505737
0.493428021669388 0.562199994921684 0.399476990103722 0.377766743302345 0.399489752948284 0.454955622553825 0.407507255673409 0.446297228336334 0.533720254898071 0.637269750237465 0.552883520722389 0.563902482390404 0.625953733921051 0.833324253559113 0.879998981952667 0.911618292331696 1.11218476295471 1.74674999713898 1.30155220627785 0.79967924952507 0.726535499095917 0.630608260631561 0.608852997422218 0.699145495891571 0.644340008497238 0.694049254059792 0.771447747945786 0.811824023723602 0.7839615046978 0.849200963973999 0.910292208194733 0.893029510974884 0.888973474502563 1.26578396558762 1.58213317394257 2.04247641563416 1.98882007598877 2.05294042825699 1.85925668478012 1.74342674016953 1.55924552679062 1.43917053937912 1.28148221969604 1.29009452462196 1.41894900798798 1.39898997545242 1.11917620897293 0.73741427063942 0.757465481758118 0.958878010511398 0.898532956838608 0.94072499871254 1.05281925201416 1.47494325041771 15.8610005378723 30.1054801940918 4.7603874206543 2.32339562986889 -9999 -9999 -9999
0.498723730444908 0.478796258568764 0.450840756297112 0.321236997842789 0.243458993732929 0.26274224370718 0.565157264471054 0.878678977489471 0.921875238418579 0.838499218225479 0.715360522270203 0.604501515626907 0.548393234610558 0.713993981480598 0.878149509429932 0.769158750772476 0.971291273832321 1.28663098812103 1.07074722647667 0.839826732873917 0.740154013037682 0.753859519958496 0.712594494223595 0.841172218322754 0.828620284795761 0.823368787765503 0.933899223804474 0.976123541593552 2.13663151860237 2.61216849088669 1.07402470707893 1.50175344944 2.32277172803879 2.51325380802155 3.35865962505341 2.9836403131485 2.77890229225159 3.28078508377075 2.89863520860672 2.22518402338028 1.66653442382812 1.39664697647095 1.27849423885345 1.24365001916885 1.20513072609901 1.11915376782417 0.972062230110168 0.924931526184082 1.01490300893784 1.05871948599815 1.01179647445679 1.6414589881897 1.52524656057358 3.6797593832016 19.1985431629069 1.72352668398716 -9999 -9999 -9999 -9999 -9999
0.621062994003296 0.739518016576767 0.736794769763947 0.472892984747887 0.29644200950861 0.269990243017673 1.31780138611794 0.848369210958481 0.93536102771759 0.926255285739899 0.81749626994133 0.671891257166862 0.586878731846809 0.566801235079765 0.567665264010429 0.587473511695862 0.619080752134323 0.716663271188736 0.731802016496658 0.738887250423431 0.825437217950821 0.823953777551651 0.825000733137131 0.710531249642372 0.783401995897293 1.05621036887169 0.953207284212112 1.18044975399971 1.83867877721786 2.37129147486253 -9999 -9999 -9999 -9999 -9999 -9999 3.14426672458649 0.622194962842124 5.19111299514771 2.40291899442673 1.16968953609467 1.19438552856445 1.32007429003716 1.23368847370148 1.25825402140617 1.32343125343323 1.2668684720993 1.83645683526993 2.69172745943069 2.35510951280594 4.72445619106293 7.54429507255554 3.82371389865875 20.4220064163208 1.9762424826622 1.97624230384827 -9999 -9999 -9999 -9999 -9999
0.479055002331734 0.679820269346237 0.930446237325668 0.602203488349915 0.632629483938217 1.25062237679958 0.708789020776749 0.861275285482407 0.68698051571846 0.868127971887589 0.770251482725143 0.638090237975121 0.57837375998497 0.501819759607315 0.494874000549316 0.575436741113663 0.55826099216938 0.527080491185188 0.626678243279457 0.699166506528854 0.699032261967659 0.966428965330124 0.926345273852348 0.925754249095917 0.671981245279312 0.770009994506836 1.08651602268219 1.53467917442322 1.5312488079071 2.31076029539108 -9999 -9999 -9999 -9999 -9999 -9999 -9999 29.8187217712402 13.7322652339935 0.863325029611588 0.902730792760849 1.05064576864243 1.066929012537 1.28262528777122 1.25988829135895 2.38888049125671 1.69625616073608 6.29756641387939 5.86167740821838 6.79270648956299 12.636335849762 11.8418691158295 3.24402236938477 -9999 -9999 -9999 -9999 -9999 -9999 -9999 -9999
0.479009985923767 0.495911255478859 0.651605978608131 0.904113739728928 0.65362049639225 0.729468002915382 0.917130768299103 0.945538491010666 0.529769986867905 0.423425272107124 0.423089995980263 0.358220256865025 0.394312486052513 0.39657224714756 0.42390601336956 0.468030005693436 0.439207479357719 0.598226979374886 0.587999984622002 0.691776752471924 1.36755314286874 0.854555851721263 1.23176297545433 1.17842511087656 0.647294998168945 0.66489677131176 0.947635531425476 0.936139494180679 1.22434875369072 1.10232147574425 -9999 -9999 -9999 -9999 -9999 -9999 -9999 5.83092670440674 34.4506902694702 19.7651710510254 25.8429443836212 26.7368266582489 23.0910605192184 0.777730464935303 4.93545520305634 7.43138122558594 2.56870418787003 2.02153569459915 1.43099847435951 2.04035407304764 21.4902777671814 48.4965362548828 12.8510558605194 4.44077065587044 -9999 -9999 -9999 -9999 -9999 -9999 -9999
0.365885250270367 0.350569501519203 0.465803995728493 0.709147498011589 0.777955502271652 0.816585034132004 0.979752033948898 0.845315963029861 0.619326755404472 0.335637755692005 0.296738259494305 0.336682498455048 0.375745519995689 0.375232502818108 0.425673767924309 0.455161482095718 0.448460251092911 0.873275220394135 0.872634708881378 0.804057776927948 0.726635992527008 0.636850520968437 0.651455238461494 0.650106757879257 0.564246743917465 0.68716125190258 1.02298423647881 0.787703275680542 0.748715981841087 0.650446504354477 1.71918171644211 -9999 -9999 -9999 -9999 -9999 -9999 -9999 2.63096597920293 4.48859086632729 1.74910441840567 14.6041919231415 63.4696655273438 19.347097992897 31.1462831497192 3.31056976318359 2.45311725139618 2.41297495365143 5.54989492893219 8.95974969863892 52.6115684509277 13.5990605354309 9.45447939634323 4.05962490000525 -9999 -9999 -9999 -9999 -9999 -9999 -9999
0.326742745935917 0.37668152153492 0.630402758717537 0.673242017626762 0.772737711668015 0.958710730075836 0.823678493499756 0.508313253521919 0.524278521537781 0.330272242426872 0.313354499638081 0.386001750826836 0.437167480587959 0.412719771265984 0.447110250592232 0.451649263501167 0.433601260185242 0.620810240507126 0.836218535900116 0.747524991631508 0.687330007553101 0.618432015180588 0.472469240427017 0.505282491445541 0.795586466789246 0.734998494386673 0.731456235051155 0.74243026971817 0.873600035905838 0.679726481437683 1.8725797533989 -9999 -9999 -9999 -9999 -9999 -9999 -9999 -9999 -9999 -9999 -9999 -9999 -9999 -9999 -9999 -9999 3.65490746498108 13.9388931447809 22.9628219604492 6.87127465009689 -9999 -9999 -9999 -9999 -9999 -9999 -9999 -9999 -9999 -9999
0.308640740811825 0.310179010033607 0.374679744243622 0.439993500709534 0.443954989314079 0.584757730364799 0.708148509263992 0.535949259996414 0.335256010293961 0.346165493130684 0.40140675008297 0.337933503091335 0.364845000207424 0.43173748254776 0.409430980682373 0.429473251104355 0.426209270954132 0.415857017040253 0.42434249818325 0.516674995422363 0.513278245925903 0.493935763835907 0.566571772098541 0.700762510299683 1.01099735498428 -9999 -9999 -9999 0.656452506780624 1.08502802252769 1.14976912736893 1.42827099561691 -9999 -9999 -9999 -9999 -9999 -9999 -9999 -9999 -9999 -9999 -9999 -9999 -9999 -9999 -9999 -9999 -9999 -9999 -9999 -9999 -9999 -9999 -9999 -9999 -9999 -9999 -9999 -9999 -9999
0.337947741150856 0.365980491042137 0.359748758375645 0.350054249167442 0.363756760954857 0.389511734247208 0.480350241065025 0.539915978908539 0.344219997525215 0.390461996197701 0.478325977921486 0.462254986166954 0.403826996684074 0.47027850151062 0.469442993402481 0.4349564909935 0.432514518499374 0.451403260231018 0.440106734633446 0.445398733019829 0.466188758611679 0.566729977726936 0.609987750649452 0.631048500537872 0.632012262940407 0.65581651031971 0.663499519228935 0.713213995099068 0.9373619556427 0.81020325422287 0.787267506122589 0.70322097837925 2.19305878055507 -9999 -9999 -9999 -9999 -9999 -9999 -9999 -9999 -9999 -9999 -9999 -9999 -9999 -9999 -9999 -9999 -9999 -9999 -9999 -9999 -9999 -9999 -9999 -9999 -9999 -9999 -9999 -9999
0.313272759318352 0.343298256397247 0.339203260838985 0.333290241658688 0.342221260070801 0.373540498316288 0.452371492981911 0.444105014204979 0.370383739471436 0.379539012908936 0.402491256594658 0.424910232424736 0.525364503264427 0.507741004228592 0.45720599591732 0.347111240029335 0.508733242750168 0.455141231417656 0.427656009793282 0.424011737108231 0.475949227809906 0.545039266347885 0.578645244240761 0.597515255212784 0.621573731303215 0.735999763011932 0.746456265449524 0.770185500383377 0.695280745625496 0.823605000972748 0.98761573433876 0.843423038721085 1.78094437447461 -9999 -9999 -9999 -9999 -9999 -9999 -9999 -9999 -9999 -9999 -9999 -9999 -9999 -9999 -9999 -9999 -9999 -9999 -9999 -9999 -9999 -9999 -9999 -9999 -9999 -9999 -9999 -9999
0.258539244532585 0.270548991858959 0.287075243890285 0.353111989796162 0.367595247924328 0.412723481655121 0.425637021660805 0.399695992469788 0.345473997294903 0.487740755081177 0.518238008022308 0.534774765372276 0.586357489228249 0.645414769649506 0.619679242372513 0.664889998733997 0.551662489771843 0.538177505135536 0.424706250429153 0.4218630194664 0.494555979967117 0.511491000652313 0.570038259029388 0.647394731640816 0.733899772167206 1.05342301726341 1.17683547735214 0.773985028266907 0.678093016147614 0.749446481466293 0.952083706855774 0.94750052690506 -9999 -9999 -9999 -9999 -9999 -9999 -9999 -9999 -9999 -9999 -9999 -9999 -9999 -9999 -9999 -9999 -9999 -9999 -9999 -9999 -9999 -9999 -9999 -9999 -9999 -9999 -9999 -9999 -9999
