EcologicalScience/Bass/data/rs_data_bass/chl_287.asc
NCOLS 226 
NROWS 124 
XLLCORNER -9.41648524995501 
YLLCORNER 47.587301625531 
CELLSIZE 0.0833 
NODATA_value -9999 
[rows 0 to 26 of 124, columns 62 to 123 of 226]
-9999 -9999 -9999 -9999 -9999 -9999 -9999 -9999 -9999 -9999 -9999 -9999 -9999 -9999 -9999 -9999 -9999 -9999 -9999 -9999 -9999 -9999 -9999 -9999 -9999 -9999 -9999 -9999 -9999 -9999 -9999 -9999 -9999 -9999 -9999 -9999 -9999 -9999 -9999 -9999 -9999 -9999 -9999 -9999 -9999 -9999 -9999 -9999 -9999 -9999 -9999 -9999 -9999 -9999 -9999 -9999 -9999 -9999 -9999 -9999 -9999 -9999
-9999 -9999 -9999 -9999 -9999 -9999 -9999 -9999 -9999 -9999 -9999 -9999 -9999 -9999 -9999 -9999 -9999 -9999 -9999 -9999 -9999 -9999 -9999 -9999 -9999 -9999 -9999 -9999 -9999 -9999 -9999 -9999 -9999 -9999 -9999 -9999 -9999 -9999 -9999 -9999 -9999 -9999 -9999 -9999 -9999 -9999 -9999 -9999 -9999 -9999 -9999 -9999 -9999 -9999 -9999 -9999 -9999 -9999 -9999 -9999 -9999 -9999
-9999 -9999 -9999 -9999 -9999 -9999 -9999 -9999 -9999 -9999 -9999 -9999 -9999 -9999 -9999 -9999 -9999 -9999 -9999 -9999 -9999 -9999 -9999 -9999 -9999 -9999 -9999 -9999 -9999 -9999 -9999 -9999 -9999 -9999 -9999 -9999 -9999 -9999 -9999 -9999 -9999 -9999 -9999 -9999 -9999 -9999 -9999 -9999 -9999 -9999 -9999 -9999 -9999 -9999 -9999 -9999 -9999 -9999 -9999 -9999 -9999 -9999
-9999 -9999 -9999 -9999 -9999 -9999 -9999 -9999 -9999 -9999 -9999 -9999 -9999 -9999 -9999 -9999 -9999 -9999 -9999 -9999 -9999 -9999 -9999 -9999 -9999 -9999 -9999 -9999 -9999 -9999 -9999 -9999 -9999 -9999 -9999 -9999 -9999 -9999 -9999 -9999 -9999 -9999 -9999 -9999 -9999 -9999 -9999 -9999 -9999 -9999 -9999 -9999 -9999 -9999 -9999 -9999 -9999 -9999 -9999 -9999 -9999 -9999
-9999 -9999 -9999 -9999 -9999 -9999 -9999 -9999 -9999 -9999 -9999 -9999 -9999 -9999 -9999 -9999 -9999 -9999 -9999 -9999 -9999 -9999 -9999 -9999 -9999 -9999 -9999 -9999 -9999 -9999 -9999 -9999 -9999 -9999 -9999 -9999 -9999 -9999 -9999 -9999 -9999 -9999 -9999 -9999 -9999 -9999 -9999 -9999 -9999 -9999 -9999 -9999 -9999 -9999 -9999 -9999 -9999 -9999 -9999 -9999 -9999 -9999
-9999 -9999 -9999 -9999 -9999 -9999 -9999 -9999 -9999 -9999 -9999 -9999 -9999 -9999 -9999 -9999 -9999 -9999 -9999 -9999 -9999 -9999 -9999 -9999 -9999 -9999 -9999 -9999 0.63735419511795 1.10963326072606 3.71564519405365 4.02579644322395 2.63687333464622 1.15765276551247 1.17776021361351 1.14120376110077 1.01335126161575 1.06991770863533 1.19472822546959 1.21558946371078 1.31897699832916 1.49757751822472 1.59541654586792 1.42985701560974 1.56249743700027 1.41968473792076 1.20593547821045 1.21624499559402 0.627325981855392 0.675004005432129 0.661552488803864 0.669876381754875 0.670836746692657 0.683884501457214 0.709008753299713 1.37206953763962 0.583152502775192 0.520096004009247 0.672185607254505 0.681283883750439 0.65421487390995 0.509648494422436
-9999 -9999 -9999 -9999 -9999 -9999 -9999 -9999 -9999 -9999 -9999 -9999 -9999 -9999 -9999 -9999 -9999 -9999 -9999 -9999 -9999 -9999 -9999 -9999 -9999 -9999 1.18186515569687 1.0627324283123 3.63019144535065 3.19909608364105 3.11479049921036 2.63487902283669 1.89896285533905 1.27837796509266 1.06465762853622 1.2005902826786 1.44433575868607 1.42507499456406 1.51808166503906 1.50185394287109 1.37885329127312 1.12623077630997 1.04887121915817 1.07703003287315 1.12797072529793 1.1892494559288 1.18836379051208 1.17518922686577 1.03433898091316 1.14441898465157 0.7331917360425 0.755803897976875 0.824239879846573 0.941793367266655 0.776192598044872 1.21920526027679 1.26890552043915 0.715122029185295 0.697481609880924 0.796966508030891 0.703681893646717 0.5370142608881
-9999 -9999 -9999 -9999 -9999 -9999 -9999 -9999 -9999 -9999 -9999 -9999 -9999 -9999 -9999 -9999 -9999 -9999 -9999 -9999 -9999 -9999 -9999 -9999 -9999 -9999 1.18186515569687 4.10009300708771 3.40033686161041 2.89751207828522 2.42500761151314 2.0216107070446 1.50889684259892 1.1139352619648 1.20485253632069 1.13294586539268 1.14410778880119 1.22437950968742 1.05728629231453 1.01454529166222 1.03333121538162 1.10280150175095 1.25918474793434 1.3150335252285 1.31756097078323 1.2073125243187 1.30605670809746 1.32663077116013 1.39217403531075 0.765839628875256 0.778095759451389 0.860461480915546 0.993986248970032 0.987728275358677 0.911486975848675 0.864954002201557 0.751804858446121 4.44969534873962 4.36470007896423 0.520953759551048 0.531272262334824 0.602657750248909
-9999 -9999 -9999 -9999 -9999 -9999 -9999 -9999 -9999 -9999 -9999 -9999 -9999 -9999 -9999 -9999 -9999 -9999 -9999 -9999 -9999 -9999 -9999 -9999 -9999 -9999 5.50786560773849 4.21494787931442 3.26313444972038 2.55004727840424 2.06586742401123 1.90652775764465 0.975346505641937 1.3262175321579 1.28480958938599 1.41937950253487 1.29262420535088 1.09726345539093 0.982424229383469 1.08386251330376 1.15150871872902 1.25555250048637 1.05882078409195 1.09525653719902 1.17588374018669 0.814803376793861 0.807763874530792 0.800981618463993 1.32102745771408 0.84817012399435 0.895224764943123 0.937955997884274 0.980247773230076 1.00865587592125 0.545094236731529 0.926424019038677 0.502371750771999 21.1695599555969 9.00081825256348 2.52351146936417 0.843946516513824 0.583101019263268
-9999 -9999 -9999 -9999 -9999 -9999 -9999 -9999 -9999 -9999 -9999 -9999 -9999 -9999 -9999 -9999 -9999 -9999 -9999 -9999 -9999 -9999 -9999 -9999 -9999 1.19121462106705 4.89262434840202 2.08593946695328 2.29630690813065 1.84362977743149 1.86007198691368 0.936128228902817 0.869732290506363 1.30335335433483 1.23106272518635 1.2000585347414 0.989898025989532 0.945423781871796 0.88961997628212 0.840879768133163 0.859947770833969 0.888959974050522 0.921062260866165 1.06579649448395 1.2184319794178 5.18048930168152 0.921981006860733 1.24501803517342 1.28594622015953 0.914991393685341 0.931099086999893 1.00632335990667 0.812189631164074 0.809114992618561 1.88886666297913 0.680500142276287 0.641190737485886 0.433874256908894 0.685999520123005 0.704917520284653 0.638069272041321 0.507079482078552
-9999 -9999 -9999 -9999 -9999 -9999 -9999 -9999 -9999 -9999 -9999 -9999 -9999 -9999 -9999 -9999 -9999 -9999 -9999 -9999 -9999 -9999 -9999 -9999 -9999 2.23323208093643 2.27517879009247 1.84854564070702 1.75257450342178 1.52043302357197 1.56237933039665 1.39119189977646 1.28621551394463 1.25958748161793 0.996101975440979 0.997137039899826 1.08280724287033 1.0659322142601 1.0116014778614 1.03523701429367 0.980362504720688 0.950780957937241 1.04470574855804 1.00145021080971 1.04059347510338 1.75957649946213 1.78436172008514 1.89431476593018 1.88324403762817 1.46303924918175 1.34579846262932 1.44950929284096 1.58144170045853 0.618934862315655 0.629943385720253 1.19458347558975 1.3072529733181 1.23517200350761 1.01650348305702 0.626731507480145 0.549951754510403 0.426609262824059
-9999 -9999 -9999 -9999 -9999 -9999 -9999 -9999 -9999 -9999 -9999 -9999 -9999 -9999 -9999 -9999 -9999 -9999 -9999 -9999 -9999 -9999 -9999 -9999 1.31647038459778 2.15282273292542 1.96161603927612 1.72991064190865 1.6182858645916 1.50352875888348 1.48802442848682 1.41439314186573 1.31368499994278 1.28606995940208 1.19450926780701 1.19125878810883 1.20086252689362 1.09779301285744 1.04991075396538 1.0283744931221 0.977718025445938 1.05125024914742 1.03122675418854 0.966555744409561 0.92109078168869 1.07257953286171 1.56700426340103 1.92337346076965 1.84434449672699 1.499646037817 1.32109799981117 1.34830346703529 1.35954603552818 1.54736995697021 0.481826238334179 1.31583523750305 1.13331297039986 1.00349852442741 0.507762372493744 0.426935255527496 0.506518490612507 0.491038486361504
-9999 -9999 -9999 -9999 -9999 -9999 -9999 -9999 -9999 -9999 -9999 -9999 -9999 -9999 -9999 -9999 -9999 -9999 -9999 -9999 -9999 -9999 -9999 1.50594073534012 2.04003572463989 1.84010654687881 1.70419156551361 1.4699347615242 1.47293177247047 1.48202320933342 1.20130687952042 1.62183380126953 1.59657382965088 1.65045833587646 1.44869846105576 1.37360322475433 1.2250237762928 1.12110525369644 1.05477672815323 1.03443896770477 0.992997765541077 0.912348747253418 0.871019214391708 0.874745965003967 0.81439796090126 1.0280257165432 1.71697282791138 1.52950197458267 1.35722324252129 0.765161611139774 0.693031489849091 0.6289027556777 0.524980880320072 0.468355491757393 0.388715241104364 0.434583485126495 0.461672231554985 0.42942975461483 0.457040995359421 0.457777485251427 0.4531319886446 0.441787496209145
-9999 -9999 -9999 -9999 -9999 -9999 -9999 -9999 -9999 -9999 -9999 -9999 -9999 -9999 -9999 -9999 -9999 -9999 -9999 -9999 -9999 -9999 3.21814167499542 2.20559473335743 2.07108771800995 1.53011599183083 1.53645157814026 1.70534098148346 1.91275495290756 2.21127891540527 2.32824522256851 1.2770554125309 2.09630316495895 1.66541397571564 1.88300693035126 1.51137149333954 1.24208772182465 1.08373126387596 0.8958899974823 0.791797488927841 0.788376778364182 0.744875237345695 0.739331245422363 0.675793513655663 0.64139024913311 0.636192753911018 0.674853757023811 0.626946732401848 0.522922486066818 0.647486999630928 0.610706627368927 0.587257504463196 0.539934374392033 0.463621251285076 0.470478549599648 0.473869867622852 0.494557499885559 0.415586248040199 0.412518739700317 0.40515299141407 0.430101737380028 0.467639252543449
-9999 -9999 -9999 -9999 -9999 -9999 -9999 -9999 -9999 -9999 -9999 -9999 -9999 -9999 -9999 -9999 -9999 -9999 -9999 -9999 2.64602583646774 2.17993061905876 2.76778721809387 1.76714479923248 1.34627321362495 1.26405671238899 1.385527998209 1.94638502597809 2.07346647977829 2.15059733390808 2.19414675235748 2.0451563000679 2.17075341939926 2.41228348016739 2.50228124856949 2.86672496795654 1.4386739730835 1.23189076781273 1.0220459997654 0.905400037765503 0.790744543075562 0.674012258648872 0.607794016599655 0.590222239494324 0.575731515884399 0.580815017223358 0.514838978648186 0.51631423830986 0.493486493825912 0.493130251765251 0.475118234753609 0.495684742927551 0.486447751522064 0.522707238793373 0.51274162530899 0.504881992936134 0.503970354795456 0.55326072871685 0.502081498503685 0.467906266450882 0.454527005553246 0.450905978679657
-9999 -9999 -9999 -9999 -9999 -9999 -9999 -9999 -9999 -9999 -9999 -9999 -9999 -9999 -9999 -9999 -9999 -9999 -9999 -9999 2.24222932765859 2.09087231755257 1.69347524642944 1.66569745540619 1.63971453905106 1.2384045124054 1.22123131155968 2.06315705180168 2.30007630586624 1.41725698113441 1.36499547958374 1.44989025592804 1.61526900529861 1.81424778699875 2.02873206138611 1.86547583341599 1.5927711725235 1.52121376991272 1.34788799285889 1.32535421848297 1.27023303508759 1.04401803016663 0.87311178445816 0.644003257155418 0.619590729475021 0.559737771749496 0.510728269815445 0.502853259444237 0.487721979618073 0.504978016018867 0.525272995233536 0.550680756568909 0.621275246143341 0.577764362096786 0.560830123722553 0.505207493901253 0.723921746015549 1.22862395644188 0.496273130178452 0.494893871247768 0.492295861244202 0.517449751496315
-9999 -9999 -9999 -9999 -9999 -9999 -9999 -9999 -9999 -9999 -9999 -9999 -9999 -9999 -9999 -9999 -9999 -9999 -9999 2.909057700634 2.93751007318497 1.66660094261169 2.11530518531799 2.27598041296005 2.08387273550034 1.58883905410767 1.69842445850372 2.23007959127426 1.31593304872513 1.12116828560829 1.19363325834274 1.82910424470901 1.56430721282959 1.58574897050858 1.61811983585358 1.58356958627701 1.71121430397034 1.61750543117523 1.56249296665192 1.56178575754166 1.250333994627 1.07273545861244 0.947434544563293 0.80324399471283 0.692142739892006 0.608295768499374 0.549398258328438 0.552206262946129 0.574352994561195 0.64544852077961 0.694820255041122 0.684068262577057 0.649406254291534 0.615824237465858 0.695696994662285 0.788090497255325 0.552124511450529 0.54551662132144 1.2488015294075 0.644734874367714 0.607976630330086 0.592466622591019
-9999 -9999 -9999 -9999 -9999 -9999 -9999 -9999 -9999 -9999 -9999 -9999 -9999 -9999 -9999 -9999 -9999 -9999 3.47602951526642 2.85913127660751 2.07892566919327 1.74314707517624 1.8546000123024 1.75819873809814 1.74036222696304 1.68341553211212 1.52266502380371 4.55707343816757 1.14895802736282 1.22513321042061 1.41471076011658 1.75961619615555 1.56009221076965 1.64951330423355 1.53761333227158 1.53632479906082 1.61806654930115 1.79465246200562 1.91403901576996 1.7029829621315 1.57580316066742 1.51686376333237 1.57445168495178 1.18150046467781 0.942877471446991 0.781933486461639 0.680011510848999 0.683863520622253 0.707759231328964 0.751599758863449 0.795473277568817 0.767844021320343 0.768408715724945 1.34264501929283 0.549364864826202 0.565697260200977 0.608137138187885 0.642687387764454 0.697693482041359 0.654689244925976 0.579916879534721 0.864791214466095
-9999 -9999 -9999 -9999 -9999 -9999 -9999 -9999 -9999 -9999 -9999 -9999 -9999 -9999 -9999 -9999 -9999 26.0193054414209 6.498436242342 4.3856999874115 3.04629242420197 2.62608826160431 1.74764317274094 1.64414030313492 1.5866534113884 1.35172122716904 1.31087547540665 1.58047807216644 2.24774175882339 2.40276682376862 2.97604268789291 3.82526779174805 2.3716544508934 2.45864707231522 1.97614127397537 1.69199699163437 1.57948797941208 1.70040678977966 1.76040744781494 2.06985819339752 2.33687782287598 2.24450093507767 2.25583273172379 1.96517693996429 1.39653298258781 1.0648747086525 0.895948469638824 0.869466751813889 0.863622039556503 0.82457622885704 0.83901447057724 0.782176494598389 0.746234983205795 0.749928742647171 0.796083748340607 0.591401249170303 0.51613687723875 0.492420002818108 0.556133262813091 0.568431369960308 1.05180153250694 1.05986773967743
-9999 -9999 -9999 -9999 -9999 -9999 -9999 -9999 -9999 -9999 -9999 -9999 -9999 -9999 -9999 -9999 -9999 -9999 -9999 2.85207550227642 2.49001502990723 3.91851675510406 3.39003360271454 3.23242950439453 2.10642528533936 1.18790000677109 1.62328720092773 1.78140896558762 1.9704607129097 2.4206970334053 3.36820042133331 3.51952886581421 3.63712584972382 3.18078589439392 2.6520584821701 2.19995176792145 2.12860643863678 2.19187045097351 2.17617076635361 2.07454723119736 2.09502375125885 1.80776023864746 1.75360643863678 1.7613719701767 1.49620950222015 1.11840525269508 1.04389652609825 0.969022482633591 0.866195261478424 0.829814225435257 0.75536173582077 0.803822994232178 0.777060002088547 0.681501746177673 0.707645237445831 0.777363717556 0.507003016769886 0.5096036195755 0.51418874412775 0.491271749138832 1.13831251859665 1.25023797154427
-9999 -9999 -9999 -9999 -9999 -9999 -9999 -9999 -9999 -9999 -9999 -9999 -9999 -9999 -9999 16.1004289627075 2.66006856614893 1.95446276664734 3.70301818847656 2.12799829244614 4.2292388677597 3.73739612102509 3.14687383174896 2.01586192846298 1.65230995416641 2.29943025112152 2.65890526771545 2.33567851781845 2.64949268102646 4.09856021404266 3.86287558078766 4.32950484752655 4.00213944911957 3.42798829078674 3.05914664268494 3.20397734642029 3.18802428245544 2.87391221523285 2.10536330938339 1.92270004749298 1.6448991894722 1.56380778551102 1.32135897874832 1.08614400029182 1.00731226801872 1.05977475643158 1.00540199875832 0.949060499668121 0.849581211805344 0.728618234395981 0.702287256717682 0.680476516485214 0.665755480527878 0.743204981088638 0.937922269105911 1.13680198788643 1.14294523000717 1.06631022691727 1.18176224827766 0.874100267887115 1.139414280653 1.61433666944504
-9999 -9999 -9999 -9999 -9999 -9999 -9999 -9999 -9999 -9999 35.2986888885498 35.2986888885498 13.7248649597168 10.5328175067902 3.74147307872772 3.35000266134739 14.3699777126312 3.26649540662766 2.14158082008362 2.23294275999069 3.2244211435318 4.95012903213501 4.49123311042786 4.37573397159576 3.91363263130188 4.48827373981476 4.37551116943359 3.86816990375519 3.66742658615112 3.50714635848999 3.44590866565704 2.9744918346405 2.73319494724274 2.48316818475723 2.51747328042984 2.57229298353195 2.40108901262283 2.30339169502258 2.07574725151062 1.70168173313141 1.45525270700455 1.20610427856445 1.1186009645462 1.05538353323936 1.03472247719765 1.01011428236961 1.05058121681213 0.996593981981277 0.853106260299683 0.723227262496948 0.705857992172241 0.659596502780914 0.704191491007805 0.82249054312706 0.909563988447189 1.72135126590729 1.98944842815399 1.57994771003723 1.14116254448891 1.09834653139114 1.3889234662056 1.65094274282455
-9999 -9999 -9999 -9999 -9999 -9999 -9999 -9999 -9999 -9999 35.2986888885498 5.39194872872583 12.6923743486404 3.1746586561203 3.11713421344757 3.329097032547 3.22934317588806 9.58366985321045 5.03353799392681 3.70654411499317 10.1658609509468 4.56079280376434 4.92769038677216 7.49299907684326 6.30779600143433 4.01172065734863 3.95412969589233 3.44204413890839 3.71605360507965 3.27609443664551 2.80504721403122 2.25600832700729 1.68898791074753 1.24130326509476 1.75905221700668 2.34867757558823 2.15844368934631 2.05168658494949 1.74435603618622 1.5772830247879 1.38624975085258 1.14809176325798 1.08620327711105 1.09656527638435 1.1399610042572 1.14899629354477 1.12874096632004 0.980281502008438 0.854040741920471 0.744393736124039 0.703297510743141 0.72860848903656 0.740197509527206 0.825795739889145 1.14123147726059 2.00960397720337 2.11162269115448 1.67207479476929 1.47776770591736 1.52036994695663 1.60433775186539 1.81381344795227
-9999 -9999 -9999 -9999 -9999 -9999 -9999 -9999 -9999 -9999 -9999 -9999 6.37196947781594 5.92057701945305 3.58522868156433 3.85411190986633 -9999 -9999 -9999 -9999 -9999 -9999 7.8635687828064 5.95077341794968 4.99293619394302 4.99978539347649 4.18294429779053 3.80691289901733 3.13319492340088 3.52886939048767 2.718978703022 2.41141122579575 2.03892982006073 1.99894720315933 1.69127029180527 1.92672908306122 1.74816530942917 1.69135504961014 1.65732300281525 1.64988899230957 1.47292801737785 1.17681750655174 1.21575978398323 1.39773747324944 1.43249398469925 1.51223033666611 1.39931246638298 1.18509301543236 1.02496048808098 0.981551975011826 0.942818284034729 0.965241730213165 0.965563505887985 1.1302102804184 1.43944126367569 1.85502523183823 1.94155418872833 1.84353446960449 2.07620251178741 2.30806732177734 2.29071146249771 2.13937193155289
-9999 -9999 -9999 -9999 -9999 -9999 -9999 -9999 -9999 -9999 -9999 -9999 -9999 16.6274771690369 16.6274771690369 16.6274771690369 -9999 -9999 -9999 -9999 -9999 -9999 4.94490551948547 4.94490551948547 4.94490551948547 0.308659605681896 13.7196544289589 2.47884976863861 2.8271421790123 3.20847988128662 3.13489866256714 0.717097520828247 0.700203761458397 1.64806205034256 2.919000685215 2.76326483488083 2.78351551294327 2.35186725854874 1.64516258239746 1.63604868203402 1.16553148627281 1.16666024923325 1.6510289311409 2.06680941581726 2.37789291143417 2.56319332122803 2.48289978504181 1.68330305814743 1.52814441919327 1.60290902853012 1.67008048295975 1.35056921839714 1.31102174520493 1.23356249928474 1.23382347822189 2.03711324930191 2.22439795732498 2.31017392873764 2.62460017204285 2.68462193012238 2.74760323762894 1.99724632501602
-9999 -9999 -9999 -9999 -9999 -9999 -9999 -9999 -9999 -9999 -9999 -9999 -9999 -9999 -9999 -9999 -9999 -9999 -9999 -9999 -9999 -9999 -9999 -9999 -9999 -9999 2.59385763303093 3.84914517402649 2.81348031759262 2.93260198831558 3.20724964141846 1.82747858762741 4.38039207458496 3.36602246761322 3.56863188743591 3.58798348903656 3.62980949878693 4.19341814517975 1.20732347667217 0.984222024679184 1.25437054038048 1.39283779263496 1.52509868144989 1.71792447566986 2.11788153648376 2.24616301059723 2.89703857898712 3.18778038024902 2.56366503238678 2.58517116308212 1.95049649477005 1.52600848674774 1.75733631849289 1.4103022813797 1.5576336979866 2.55659705400467 2.8600709438324 2.93918108940125 2.8007932305336 2.28046649694443 1.59070873260498 1.28812345862389
-9999 -9999 -9999 -9999 -9999 -9999 -9999 -9999 -9999 -9999 -9999 -9999 -9999 -9999 -9999 -9999 -9999 -9999 -9999 -9999 -9999 -9999 -9999 -9999 -9999 -9999 -9999 3.83079769213994 3.35325443744659 2.44162824749947 3.38944265246391 2.7205425798893 3.92573404312134 3.7332808971405 4.06771874427795 3.80739462375641 3.45661282539368 3.35814607143402 1.82359421253204 1.11551401019096 0.786379516124725 1.09546798467636 1.31830725073814 1.25522178411484 1.25058522820473 1.37996551394463 2.14984953403473 3.07483506202698 2.51370066404343 2.28181797266006 2.15221506357193 2.18368649482727 1.84148991107941 2.1717209815979 2.41597956418991 3.469398021698 3.76258492469788 3.44237244129181 2.71512830257416 2.07777374982834 1.69718474149704 1.77451568841934
