EcologicalScience/Bass/data/rs_data_bass/chl_158.asc
NCOLS 226 
NROWS 124 
XLLCORNER -9.41648524995501 
YLLCORNER 47.587301625531 
CELLSIZE 0.0833 
NODATA_value -9999 
[rows 54 to 80 of 124, columns 0 to 61 of 226]
-9999 -9999 -9999 -9999 -9999 -9999 -9999 -9999 -9999 -9999 -9999 -9999 -9999 -9999 -9999 -9999 -9999 -9999 -9999 -9999 -9999 -9999 -9999 -9999 -9999 -9999 -9999 -9999 -9999 -9999 -9999 -9999 -9999 -9999 -9999 -9999 -9999 -9999 4.69377631210236 3.17636489868164 11.4295034408569 3.98134124279022 2.08882945775986 1.24570199847221 1.39281222224236 1.4232029914856 1.36931928992271 1.69530379772186 0.863913774490356 0.794958740472794 0.803163707256317 0.820039540529251 0.952947020530701 1.55366921424866 2.48286008834839 2.99647575616837 3.73873114585876 4.3592301607132 -9999 0.607058599591255 0.62790758907795 1.32145195745904
-9999 -9999 -9999 -9999 -9999 -9999 -9999 -9999 -9999 -9999 -9999 -9999 -9999 -9999 -9999 -9999 -9999 -9999 -9999 -9999 -9999 -9999 -9999 -9999 -9999 -9999 -9999 -9999 -9999 -9999 -9999 -9999 -9999 -9999 -9999 -9999 -9999 -9999 -9999 2.94395327568054 7.43153142929077 7.8608615398407 6.16825604438782 5.56620454788208 2.74388927221298 1.59464406967163 1.28684252500534 1.07674276828766 1.05020999908447 0.809172034263611 0.820074766874313 0.908271789550781 1.25000104308128 1.69282275438309 2.40065932273865 2.41966205835342 3.21852591633797 -9999 -9999 -9999 -9999 -9999
-9999 -9999 -9999 -9999 -9999 -9999 -9999 -9999 -9999 -9999 -9999 -9999 -9999 -9999 -9999 -9999 -9999 -9999 -9999 -9999 -9999 -9999 -9999 -9999 -9999 -9999 -9999 -9999 -9999 -9999 -9999 -9999 -9999 -9999 -9999 -9999 -9999 -9999 -9999 -9999 10.4227423667908 7.16865277290344 8.41704440116882 8.14923691749573 4.51275765895844 1.61761343479156 1.53464770317078 1.15124854445457 0.986565738916397 0.936837762594223 0.851346015930176 1.07312697172165 1.33345574140549 1.59585893154144 1.89984530210495 1.88982152938843 2.51165932416916 4.30507636070251 5.35806632041931 -9999 -9999 -9999
-9999 -9999 -9999 -9999 -9999 -9999 -9999 -9999 -9999 -9999 -9999 -9999 -9999 -9999 -9999 -9999 -9999 -9999 -9999 -9999 -9999 -9999 -9999 -9999 -9999 -9999 -9999 -9999 -9999 -9999 -9999 -9999 -9999 -9999 -9999 -9999 -9999 -9999 -9999 -9999 5.57230710983276 6.36984515190125 5.73988258838654 4.61687171459198 2.7371272444725 2.0117654800415 1.63778847455978 1.64454299211502 1.31190079450607 1.14715272188187 0.752601742744446 0.998047471046448 1.14261147379875 1.21566152572632 1.32236704230309 1.19187971949577 1.81235021352768 2.99266201257706 3.61384785175323 7.55975961685181 5.72915740013122 -9999
-9999 -9999 -9999 -9999 -9999 -9999 -9999 -9999 -9999 -9999 -9999 -9999 -9999 -9999 -9999 -9999 -9999 -9999 -9999 -9999 -9999 -9999 -9999 -9999 -9999 -9999 -9999 -9999 -9999 -9999 -9999 -9999 -9999 -9999 -9999 -9999 -9999 -9999 -9999 -9999 -9999 3.67357134819031 3.40863060951233 3.42235350608826 3.15347027778625 2.57638120651245 1.74185478687286 1.62180608510971 1.50759154558182 1.08475720882416 0.732738018035889 0.698793008923531 0.718271255493164 0.887061774730682 0.948060750961304 0.87149253487587 1.52286368608475 2.3683522939682 2.27828997373581 4.16335105895996 14.695988535881 -9999
-9999 -9999 -9999 -9999 -9999 -9999 -9999 -9999 -9999 -9999 -9999 -9999 -9999 -9999 -9999 -9999 -9999 -9999 -9999 -9999 -9999 -9999 -9999 -9999 -9999 -9999 -9999 -9999 -9999 -9999 -9999 -9999 -9999 -9999 -9999 -9999 -9999 -9999 -9999 -9999 -9999 3.26910817623138 2.86411499977112 2.60858023166656 2.52285218238831 1.79183846712112 1.87383681535721 1.29731547832489 1.0261342227459 0.70551373064518 0.645831763744354 0.63764400780201 0.746426269412041 0.920893460512161 1.01375851035118 1.07679373025894 1.14880496263504 2.6092956662178 1.85236769914627 2.43333887376569 -9999 -9999
-9999 -9999 -9999 -9999 -9999 -9999 -9999 -9999 -9999 -9999 -9999 -9999 -9999 -9999 -9999 -9999 -9999 -9999 -9999 -9999 -9999 -9999 -9999 -9999 -9999 -9999 -9999 -9999 -9999 -9999 -9999 -9999 -9999 -9999 -9999 -9999 -9999 -9999 -9999 -9999 3.63988709449768 3.58383214473724 3.32831311225891 2.10755395889282 1.76152342557907 1.50921821594238 1.41566473245621 1.2239782512188 0.961570501327515 0.714838519692421 0.63476474583149 0.678026989102364 0.8906369805336 1.1789767742157 1.27254527807236 1.3536419570446 1.22580371797085 -9999 -9999 1.38326221704483 0.622577235102654 0.731312245130539
-9999 -9999 -9999 -9999 -9999 -9999 -9999 -9999 -9999 -9999 -9999 -9999 -9999 -9999 -9999 -9999 -9999 -9999 -9999 -9999 -9999 -9999 -9999 -9999 -9999 -9999 -9999 -9999 -9999 -9999 -9999 -9999 -9999 -9999 -9999 -9999 -9999 -9999 -9999 3.16789412498474 3.25545001029968 2.9832689166069 2.38050001859665 1.92823719978333 1.41394579410553 1.35538128018379 1.35226947069168 0.939366012811661 0.869942218065262 0.748598992824554 0.76046696305275 0.78397125005722 0.850882530212402 1.02361053228378 1.14512023329735 1.84460145235062 1.86321830749512 1.75479620695114 1.17645978927612 1.07603546977043 0.6861352622509 0.81939223408699
-9999 -9999 -9999 -9999 -9999 -9999 -9999 -9999 -9999 -9999 -9999 -9999 -9999 -9999 -9999 -9999 -9999 -9999 -9999 -9999 -9999 -9999 -9999 -9999 -9999 -9999 -9999 -9999 -9999 -9999 -9999 -9999 -9999 -9999 -9999 -9999 -9999 -9999 -9999 3.70073175430298 2.47631853818893 2.47197818756104 1.84444051980972 1.62165981531143 1.42650675773621 1.30747202038765 1.25111621618271 0.973008781671524 0.911436706781387 0.719473510980606 0.835233002901077 1.05432602763176 1.0827120244503 1.12002146244049 1.08567523956299 1.21748176217079 1.4395447075367 1.61160904169083 1.81132131814957 0.873894721269608 0.808992773294449 0.817884743213654
-9999 -9999 -9999 -9999 -9999 -9999 -9999 -9999 -9999 -9999 -9999 -9999 -9999 -9999 -9999 -9999 -9999 -9999 -9999 -9999 -9999 -9999 -9999 -9999 -9999 -9999 -9999 -9999 -9999 -9999 -9999 -9999 -9999 -9999 -9999 -9999 -9999 -9999 3.32281254019056 4.37898015975952 2.86926591396332 2.05521368980408 1.5305153131485 1.43050271272659 1.3014600276947 1.37933170795441 1.03070399165154 0.929165214300156 0.77759850025177 0.679217264056206 0.916526287794113 1.06003350019455 1.08467549085617 1.31600850820541 1.43686428666115 1.21375349164009 1.37634524703026 1.53680473566055 1.36871472001076 0.802269011735916 0.839978277683258 0.969173222780228
-9999 -9999 -9999 -9999 -9999 -9999 -9999 -9999 -9999 -9999 -9999 -9999 -9999 -9999 -9999 -9999 -9999 -9999 -9999 -9999 -9999 -9999 -9999 -9999 -9999 -9999 -9999 -9999 -9999 -9999 -9999 -9999 -9999 -9999 -9999 -9999 -9999 -9999 8.31851434707642 4.63272750377655 3.25344228744507 1.97719430923462 1.30871021747589 1.19502747058868 1.26235198974609 1.27814850211143 0.942829459905624 0.759635210037231 0.708634480834007 0.67850250005722 0.740647494792938 0.88887146115303 1.17065772414207 1.2948502600193 1.59296321868896 2.18211078643799 1.74698173999786 1.26561748981476 0.894729763269424 0.756042033433914 0.845265001058578 1.09043401479721
-9999 -9999 -9999 -9999 -9999 -9999 -9999 -9999 -9999 -9999 -9999 -9999 -9999 -9999 -9999 -9999 -9999 -9999 -9999 -9999 -9999 -9999 -9999 -9999 -9999 -9999 -9999 -9999 -9999 -9999 -9999 -9999 -9999 -9999 -9999 -9999 -9999 2.07621898129582 8.16205787658691 4.83159291744232 2.96218729019165 2.17692303657532 1.46925446391106 1.28831246495247 1.15407603979111 1.08029928803444 0.97323676943779 0.723657757043839 0.712613269686699 0.743577003479004 0.785613030195236 0.893261969089508 1.08153077960014 1.11557623744011 0.98481148481369 0.904765516519547 0.852411031723022 0.798366039991379 0.782126247882843 0.803302466869354 0.893047481775284 1.27020147442818
-9999 -9999 -9999 -9999 -9999 -9999 -9999 -9999 -9999 -9999 -9999 -9999 -9999 -9999 -9999 -9999 -9999 -9999 -9999 -9999 -9999 -9999 -9999 -9999 -9999 -9999 -9999 -9999 -9999 -9999 -9999 -9999 -9999 -9999 -9999 -9999 -9999 9.95451807975769 10.2779960632324 7.48652529716492 8.31580138206482 3.87232661247253 2.86835324764252 1.20212173461914 0.983157724142075 0.873357743024826 0.78657004237175 0.707837998867035 0.740888267755508 0.79364025592804 0.811793982982635 0.965659528970718 1.17709878087044 1.05339977145195 0.895503044128418 0.828719258308411 0.761270999908447 0.710609257221222 0.836369276046753 1.01314723491669 1.11672976613045 1.19754445552826
-9999 -9999 -9999 -9999 -9999 -9999 -9999 -9999 -9999 -9999 -9999 -9999 -9999 -9999 -9999 -9999 -9999 -9999 -9999 -9999 -9999 -9999 -9999 -9999 -9999 -9999 -9999 -9999 -9999 -9999 -9999 -9999 -9999 -9999 -9999 -9999 3.44078166782856 4.90583252906799 6.10905718803406 7.48556756973267 8.27750515937805 6.86868023872375 3.35218513011932 0.907373249530792 0.698358759284019 0.682378515601158 0.672709509730339 0.689097762107849 0.797545462846756 0.814689785242081 0.909905254840851 1.83368182182312 1.96506893634796 1.00696349143982 0.822942763566971 0.785904765129089 0.737040728330612 1.06591576337814 1.19850450754166 1.19707122445107 1.33419227600098 1.48562175035477
-9999 -9999 -9999 -9999 -9999 -9999 -9999 -9999 -9999 -9999 -9999 -9999 -9999 -9999 -9999 -9999 -9999 -9999 -9999 -9999 -9999 -9999 -9999 -9999 -9999 -9999 -9999 -9999 -9999 -9999 -9999 2.04923844337463 1.18918812274933 -9999 2.10493344068527 2.23798298835754 46.561695098877 19.0889940261841 11.7909893989563 7.05834746360779 2.78432768583298 0.912036716938019 0.788096219301224 0.771116226911545 0.743817731738091 0.780126750469208 0.907365024089813 1.04798626899719 1.16196227073669 1.07186776399612 1.13345173001289 1.180021494627 1.44521248340607 1.18047299981117 1.1094862818718 1.13700753450394 1.70251429080963 2.18045318126678 1.83116018772125 1.96081495285034 2.62972152233124 2.90248516201973
-9999 -9999 -9999 -9999 -9999 -9999 -9999 -9999 -9999 -9999 -9999 -9999 -9999 -9999 -9999 -9999 -9999 -9999 -9999 -9999 -9999 -9999 0.346259817481041 1.9873418211937 2.31107103824615 1.81831276416779 1.33285421133041 1.11941474676132 1.17770245671272 1.3699049949646 3.23553657531738 9.96892476081848 4.14638328552246 11.4709668159485 14.4494976997375 18.0111508369446 9.76744651794434 9.83421993255615 6.36028361320496 3.36227416992188 1.28938123583794 6.58028340339661 5.41288805007935 6.37347722053528 3.51394200325012 1.43262299895287 1.42251822352409 1.45297202467918 1.40513250231743 1.22693628072739 1.07107347249985 1.25229674577713 1.58281356096268 1.44414523243904 1.06835103034973 0.947337716817856 1.63351804018021 2.52191627025604 6.51990224185743 -9999 -9999 -9999
-9999 -9999 -9999 -9999 -9999 -9999 -9999 -9999 -9999 -9999 -9999 -9999 -9999 -9999 -9999 -9999 -9999 -9999 -9999 -9999 -9999 -9999 1.7979029417038 1.28304076194763 0.61081874370575 0.595098003745079 0.600684016942978 0.593253001570702 0.787586241960526 1.02767479419708 1.44650477170944 3.80114471912384 6.82577848434448 4.04761505126953 3.76813352108002 2.31441003084183 2.15427982807159 5.09416365623474 4.88990092277527 10.3848423957825 9.72473359107971 11.688990354538 10.047137260437 7.59502673149109 4.50394213199615 1.99436330795288 1.4601254761219 1.45304095745087 1.39692977070808 1.37029123306274 1.39843127131462 1.206832498312 2.04301464557648 2.82229948043823 4.10582513809204 -9999 -9999 -9999 -9999 -9999 -9999 -9999
-9999 -9999 -9999 -9999 -9999 -9999 -9999 -9999 -9999 -9999 -9999 -9999 -9999 -9999 -9999 -9999 -9999 -9999 -9999 1.9716669180814 0.831939786672592 3.88377392292023 0.912451475858688 0.370676256716251 0.375728264451027 0.383034020662308 0.394455000758171 0.3945292532444 0.432440266013145 0.674655005335808 0.861237019300461 1.25982749462128 2.10832124948502 4.63883113861084 3.15051448345184 11.535674571991 10.6259751319885 9.77062439918518 7.48114156723022 8.40526413917542 5.07791233062744 2.3206245303154 3.83429861068726 3.36949717998505 3.01881015300751 1.83802199363708 1.44750371575356 1.50583505630493 1.64744102954865 1.62189674377441 1.63190102577209 -9999 -9999 -9999 -9999 -9999 -9999 -9999 -9999 -9999 -9999 -9999
-9999 -9999 -9999 -9999 -9999 -9999 -9999 -9999 -9999 -9999 -9999 -9999 -9999 -9999 -9999 -9999 -9999 1.00262922048569 0.613847985863686 0.784075498580933 0.632083520293236 0.374455489218235 0.341930240392685 0.34646925330162 0.347331739962101 0.358257740736008 0.375285744667053 0.402893990278244 0.443406745791435 0.487881749868393 0.629831984639168 0.779159277677536 0.973789483308792 1.1575620174408 3.78461766242981 4.85974287986755 3.26958811283112 2.53657793998718 2.10931044816971 1.57340848445892 1.30345273017883 1.20021602511406 1.41638025641441 2.92876946926117 3.0216361284256 1.87608683109283 1.69421553611755 1.70920050144196 1.77139270305634 2.0801347643137 2.27993094921112 -9999 -9999 -9999 -9999 -9999 -9999 -9999 -9999 -9999 -9999 -9999
-9999 -9999 -9999 -9999 -9999 -9999 -9999 -9999 -9999 -9999 -9999 -9999 -9999 -9999 0.644982755184174 0.691448986530304 0.611731499433517 0.531633764505386 0.419430747628212 0.38944798707962 0.358190260827541 0.357919491827488 0.355011753737926 0.353328756988049 0.369760505855083 0.399654731154442 0.428277745842934 0.530028730630875 0.611531227827072 0.617649748921394 0.51993902027607 0.555620267987251 0.640907227993011 0.745497018098831 1.22188496589661 2.22403281927109 2.97446483373642 2.2140457034111 1.00923746824265 0.671012252569199 0.798501044511795 0.891577541828156 1.18772551417351 2.95326375961304 4.11986982822418 2.62221819162369 2.47674000263214 2.14153343439102 1.76205977797508 1.99506568908691 7.17960208654404 6.79864704608917 -9999 -9999 -9999 -9999 -9999 -9999 -9999 -9999 -9999 -9999
-9999 -9999 -9999 -9999 -9999 -9999 -9999 -9999 -9999 -9999 -9999 23.3659639609487 0.992045223712921 0.403296768665314 0.419428512454033 0.358800753951073 0.3463034927845 0.3435899913311 0.350944496691227 0.38213025033474 0.38484750688076 0.383342251181602 0.364799246191978 0.334398753941059 0.344778008759022 0.36991274356842 0.430652260780334 0.62195098400116 0.81946724653244 0.81282377243042 0.781583279371262 0.713159993290901 0.707021266222 0.742811232805252 0.890808016061783 1.04907077550888 1.90018200874329 1.17399975657463 0.577488005161285 0.538282513618469 0.645114004611969 0.796505212783813 1.08072826266289 1.76738029718399 1.92921817302704 2.16542172431946 2.49000817537308 2.21855700016022 1.24993872642517 1.25617870688438 2.06439636150996 -9999 -9999 -9999 -9999 -9999 4.74522494216298 7.3912239074707 9.66421794891357 11.3122780323029 8.15726463496685 -9999
-9999 -9999 -9999 -9999 -9999 -9999 -9999 -9999 -9999 0.928681522607803 1.06134375929832 0.412734746932983 0.351528748869896 0.338585257530212 0.3439110070467 0.356532745063305 0.36226724088192 0.364531494677067 0.378620266914368 0.389935478568077 0.39326249063015 0.396717756986618 0.392438247799873 0.370788753032684 0.340325988829136 0.363681010901928 0.460400238633156 0.549040496349335 0.922070235013962 0.912235468626022 0.785299479961395 0.733387514948845 0.806431531906128 0.835822463035583 1.00373849272728 1.15819653868675 1.12582048773766 0.750333040952682 0.644316002726555 0.551807999610901 0.427001997828484 0.472381487488747 0.771091461181641 1.14441221952438 1.40187004208565 2.0831932425499 2.28918832540512 2.15763223171234 1.66525876522064 2.01102232933044 1.80416321754456 1.40024024248123 1.79093134403229 2.33292444944382 1.69268918037415 7.0283989906311 4.42439246177673 4.95506322383881 6.42745542526245 6.93328356742859 9.97668814659119 -9999
-9999 -9999 -9999 -9999 -9999 0.386804983019829 0.376193985342979 0.394202247262001 0.543896242976189 0.505178242921829 0.356077507138252 0.342439502477646 0.337323009967804 0.348637506365776 0.344454757869244 0.346839755773544 0.349726505577564 0.35419050604105 0.375080242753029 0.383110508322716 0.387254253029823 0.40029676258564 0.403602764010429 0.390821993350983 0.360409498214722 0.366624757647514 0.398034006357193 0.439595997333527 0.542400732636452 0.904675483703613 0.889510542154312 0.929188460111618 0.96790874004364 1.23851171135902 1.02593323588371 1.06565853953362 0.864666759967804 0.778190284967422 0.610134020447731 0.421929761767387 0.393129006028175 0.400821000337601 0.428054228425026 0.553764760494232 0.737880751490593 1.20658949017525 1.71366745233536 2.17422741651535 2.26082932949066 1.84366357326508 1.66171127557755 1.62601572275162 1.86917245388031 2.33340901136398 1.96837431192398 1.81662601232529 1.87201130390167 3.52528274059296 2.87957543134689 4.65081167221069 4.64611637592316 6.792973279953
-9999 -9999 -9999 -9999 -9999 0.372228004038334 0.350656494498253 0.349713005125523 0.353364005684853 0.364146754145622 0.36608549952507 0.370422005653381 0.370457991957664 0.367617756128311 0.342876009643078 0.341495253145695 0.340341746807098 0.341339260339737 0.345121510326862 0.360102005302906 0.382380768656731 0.409374743700027 0.394760236144066 0.390405759215355 0.359059497714043 0.361601248383522 0.394005730748177 0.424772992730141 0.491287484765053 0.589562237262726 0.658522501587868 0.634190261363983 0.585377991199493 0.544151991605759 0.632711246609688 0.608236491680145 0.561589479446411 0.529018521308899 0.365433007478714 0.363341242074966 0.375615745782852 0.38205224275589 0.389692515134811 0.433910250663757 0.487110748887062 0.526005730032921 0.755211710929871 0.865524709224701 1.16141179203987 1.21918871998787 1.2129690349102 1.38115802407265 1.46061077713966 1.40098723769188 1.2861262857914 1.26755395531654 1.37680873274803 1.63733553886414 2.00459253787994 1.83389854431152 1.81777203083038 2.18354254961014
-9999 -9999 -9999 -9999 -9999 0.396233260631561 0.407236486673355 0.405870750546455 0.410807982087135 0.41958524286747 0.404150247573853 0.378449231386185 0.368516989052296 0.361631244421005 0.342426002025604 0.318696744740009 0.332298740744591 0.3503662571311 0.364153504371643 0.399226516485214 0.430895268917084 0.460953757166862 0.417858749628067 0.35487225651741 0.339252009987831 0.345042005181313 0.3619200065732 0.407928764820099 0.466442987322807 0.517573490738869 0.505662739276886 0.481547266244888 0.435833260416985 0.396873772144318 0.379426494240761 0.360085509717464 0.358953751623631 0.354174748063087 0.341820001602173 0.33236550539732 0.329174257814884 0.34069798886776 0.375930771231651 0.415589243173599 0.388246491551399 0.360401250422001 0.480366736650467 0.586468487977982 0.54050624370575 0.501396730542183 0.516198009252548 0.608160004019737 0.637068763375282 0.802761018276215 0.938084989786148 1.01881724596024 1.04367899894714 1.15716522932053 1.31721371412277 1.39737975597382 1.54181170463562 1.73838150501251
-9999 -9999 -9999 -9999 -9999 0.439395010471344 0.419412732124329 0.406213492155075 0.402156740427017 0.409710735082626 0.417179256677628 0.368928752839565 0.346227005124092 0.34443075209856 0.332754001021385 0.327812254428864 0.344978995621204 0.34663425385952 0.356648996472359 0.40148851275444 0.45253948867321 0.488725483417511 0.458232745528221 0.358758755028248 0.329623505473137 0.330654747784138 0.337163999676704 0.353106759488583 0.372684001922607 0.386932522058487 0.409883245825768 0.422752484679222 0.409677743911743 0.387996017932892 0.367748245596886 0.357753753662109 0.34944599121809 0.336887240409851 0.339482992887497 0.329933993518353 0.323555991053581 0.336828008294106 0.341864258050919 0.346052259206772 0.344639249145985 0.344660259783268 0.344274759292603 0.356158509850502 0.356533505022526 0.338583000004292 0.31988999247551 0.346878759562969 0.363583490252495 0.420220479369164 0.593240261077881 0.805987536907196 0.906435012817383 0.951659291982651 1.01426401734352 1.24943920969963 1.43179124593735 1.77476924657822
-9999 -9999 -9999 -9999 -9999 0.418100997805595 0.436870515346527 0.43563374876976 0.375577479600906 0.374975256621838 0.388200759887695 0.386956483125687 0.33398399502039 0.332019008696079 0.325294509530067 0.325394243001938 0.362179510295391 0.415194734930992 0.425474256277084 0.429878979921341 0.502983748912811 0.518950492143631 0.492491260170937 0.445473745465279 0.330807007849216 0.336916498839855 0.339407242834568 0.344552256166935 0.351610489189625 0.353464499115944 0.364404000341892 0.370140753686428 0.387325510382652 0.388626739382744 0.388188019394875 0.383457764983177 0.361682251095772 0.344143509864807 0.336589492857456 0.32871749997139 0.313672497868538 0.314818494021893 0.332097753882408 0.337509758770466 0.331652998924255 0.315281242132187 0.319589249789715 0.327984005212784 0.335670009255409 0.34544100612402 0.331505253911018 0.31707825511694 0.353204995393753 0.465419232845306 0.673172995448112 0.815283715724945 0.823198467493057 0.828119963407516 0.856505960226059 1.05670729279518 1.85205066204071 2.48555552959442
