EcologicalScience/Bass/data/rs_data_bass/chl_164.asc
NCOLS 226 
NROWS 124 
XLLCORNER -9.41648524995501 
YLLCORNER 47.587301625531 
CELLSIZE 0.0833 
NODATA_value -9999 
[rows 54 to 80 of 124, columns 124 to 185 of 226]
2.0964367389679 1.78844708204269 1.4631322324276 1.31232896447182 1.28490221500397 1.35451045632362 1.16836953163147 1.14955651760101 1.46419501304626 1.27136921882629 1.12911146879196 1.10060253739357 0.998604744672775 1.16501703858376 1.14169049263 1.01961672306061 0.900441706180573 0.837482213973999 1.01419803500175 1.01844522356987 1.14952576160431 1.43773725628853 1.55657333135605 1.87910556793213 2.14594352245331 1.71424430608749 1.6912162899971 1.98223954439163 2.32450801134109 2.38034480810165 2.39699703454971 2.26866441965103 2.22806775569916 1.95795151591301 3.62830424308777 2.4637176990509 2.05709552764893 1.78910404443741 1.38817423582077 1.35863175988197 1.51712107658386 1.77041691541672 1.84472930431366 1.29762151837349 1.41029132902622 1.52981141209602 1.7525265365839 2.26859700679779 3.77994373440742 4.00269198417664 4.77541476488113 6.15866446495056 8.02703782490322 9.13201308250427 8.68554174900055 8.63799691200256 8.77936863899231 8.80721783638 9.26338885380672 10.6574298372635 6.46980425690403 7.34356078945222
2.21625977754593 2.03200882673264 1.61557424068451 1.38194927573204 1.28598001599312 1.38081899285316 1.3627365231514 1.68305629491806 1.25785276293755 1.52653044462204 1.18138128519058 0.924117743968964 0.908053457736969 0.806450217962265 1.02488851547241 0.912272214889526 0.796240478754044 0.842051267623901 0.834875285625458 0.89495775103569 1.10344049334526 1.26588302850723 1.64377355575562 1.61038345098495 1.39640629291534 1.39333578944206 1.52887272834778 1.86973732709885 1.63647294044495 1.99337249994278 1.90427255630493 2.11126130819321 2.25890851020813 1.80339682102203 1.60058927536011 1.88405478000641 1.49461501836777 1.37520897388458 1.39113825559616 1.57087129354477 1.64515203237534 1.71362328529358 1.79163300991058 1.78990942239761 1.9147372841835 2.13856543600559 2.71357879042625 3.59800958633423 5.43732708692551 5.98114371299744 6.37222743034363 5.6215478181839 8.04468035697937 8.72147476673126 8.59671270847321 10.517292881012 10.5720698833466 -9999 -9999 -9999 -9999 -9999
2.00743871927261 1.96535700559616 2.01090216636658 1.6939589381218 1.57249420881271 1.44733196496964 1.50141978263855 1.44307878613472 1.27396202087402 1.06644451618195 0.953099995851517 0.962177217006683 0.871526956558228 0.78450071811676 0.854105293750763 0.732723757624626 0.737151771783829 0.665594235062599 0.727214232087135 0.839697003364563 1.012231528759 1.15572676062584 1.61055792868137 1.22953498363495 1.20921152830124 1.24563753604889 1.6250873208046 1.93832588195801 1.46535828709602 1.48469477891922 1.53054517507553 1.69410592317581 1.58349305391312 1.65032780170441 2.45036995410919 2.84630692005157 2.31605172157288 1.42684346437454 1.41414678096771 1.48900571465492 1.47645145654678 1.57450801134109 2.03720766305923 1.87245458364487 3.14476865530014 4.24084317684174 4.23143059015274 6.87884287834168 6.62031555175781 6.50984036922455 6.43369781970978 6.3396999835968 11.6527128219604 9.27762293815613 -9999 -9999 -9999 -9999 -9999 -9999 -9999 -9999
2.19371920824051 2.2214167714119 1.90475767850876 2.11265248060226 2.05094701051712 1.55935192108154 1.3345320224762 1.59620779752731 1.44000372290611 1.30476602911949 1.11092922091484 1.07304525375366 0.806741237640381 0.854286789894104 0.771113991737366 0.842941492795944 0.76153501868248 0.768498033285141 0.775836020708084 1.07332652807236 1.25856676697731 1.20104777812958 0.919427990913391 0.964066475629807 1.02976423501968 1.34169226884842 1.67078393697739 1.53944027423859 1.46086049079895 1.48899078369141 1.62535156309605 1.71369820833206 1.3465987443924 2.69513243436813 3.60456597805023 3.68328666687012 1.98092633485794 1.08741223812103 1.14722925424576 1.23093670606613 1.49441027641296 2.11179006099701 2.8424271941185 3.44061827659607 6.1958212852478 4.85389316082001 5.60649678111076 7.06266592292611 5.45176774263382 8.68680131435394 8.3282128572464 8.47842371463776 10.8779609203339 -9999 -9999 -9999 -9999 -9999 -9999 -9999 -9999 -9999
4.93956291675568 3.60113944326128 3.79092597961426 4.6352379322052 2.73304867744446 2.16663444042206 2.14469468593597 1.77078080177307 2.0453850030899 2.17532408237457 1.45465126633644 0.674433007836342 0.655836760997772 0.728213980793953 0.829518020153046 0.675550505518913 1.00053146481514 1.02234524488449 1.17939376831055 1.42763623595238 1.51502019166946 1.34066247940063 1.25196745991707 1.04705026745796 1.08094123005867 1.70334523916245 1.7589059472084 1.62662708759308 1.55713266134262 1.62955570220947 1.71017253398895 1.81007105112076 2.81476575136185 3.4347106218338 3.61760759353638 2.75917947292328 1.0103759765625 0.891638964414597 1.1375467479229 1.38661050796509 1.8928057551384 2.86445027589798 2.59611457586288 4.39035737514496 7.95160460472107 5.50476050376892 7.60342728390413 8.15552794933319 8.37454533576965 6.9982727766037 6.8347270488739 8.11514973640442 31.4033581789802 -9999 -9999 -9999 -9999 -9999 -9999 -9999 -9999 -9999
-9999 4.11746621131897 4.06117832660675 4.60450530052185 6.38750505447388 5.33466935157776 4.35460150241852 4.27371942996979 2.75706750154495 1.83141303062439 1.58675175905228 0.774499475955963 0.766038000583649 0.812694758176804 0.752008527517319 0.726426735520363 1.4120309650898 1.48603123426437 1.52105247974396 1.7501340508461 1.64179873466492 1.54876792430878 1.56065475940704 1.12077301740646 1.17061203718185 1.8391717672348 1.78500974178314 1.64056491851807 1.47151726484299 1.48818370699883 1.68557471036911 1.79072624444962 1.86042523384094 2.22151118516922 2.54196971654892 1.57571393251419 1.21756196022034 1.45941147208214 2.01752400398254 1.76958149671555 1.88120251893997 1.94875422120094 2.5250538289547 4.97182166576385 7.56465518474579 -9999 8.88935433115278 7.43496036529541 8.93535375595093 11.452202796936 25.2904577255249 41.386841583252 64.984917640686 56.2404687176012 -9999 -9999 -9999 -9999 -9999 -9999 -9999 -9999
-9999 -9999 -9999 -9999 -9999 2.28387522697449 3.54203735079084 4.43002724647522 0.646982252597809 1.15340772271156 1.51615047454834 0.904202967882156 0.834441035985947 0.812513262033463 0.79236826300621 1.2122842669487 1.83558905124664 1.88154369592667 1.75724923610687 1.54289782047272 1.49313077330589 1.47580128908157 1.58968046307564 1.40644240379333 1.06955400109291 1.61140805482864 1.61477172374725 1.49392721056938 1.41534376144409 1.54057431221008 1.62235951423645 1.5427440404892 1.44864079356194 1.50134843587875 1.58515191078186 1.77581924200058 1.80234754085541 2.43955796957016 1.9938690662384 1.97505533695221 1.58402967453003 4.01257717609406 4.76539492607117 6.87091898918152 7.93186712265015 24.4923147912164 -9999 -9999 -9999 -9999 44.2112316243789 65.7995063781738 59.5204078674316 27.6147867349478 -9999 -9999 -9999 -9999 -9999 -9999 -9999 -9999
-9999 -9999 -9999 -9999 -9999 -9999 -9999 -9999 5.02727386951446 1.65084153413773 1.70551282167435 1.28064751625061 1.14340871572495 1.15432575345039 1.06722450256348 1.708536028862 1.83940798044205 1.82253670692444 1.71424573659897 1.54467755556107 1.36346849799156 1.18532028794289 1.47582936286926 1.38253609836102 0.899385720491409 1.49979454278946 1.48165422677994 1.3050502538681 1.3150207400322 1.36916998028755 1.36963722109795 1.28318774700165 1.22476726770401 1.19271299242973 1.43025228381157 1.84595257043839 1.46934002637863 2.32700103521347 1.9891020655632 1.40377499163151 1.57558465003967 2.79595988988876 6.84300827980042 8.18334460258484 4.79916275430609 29.0682649612427 -9999 -9999 -9999 -9999 17.548882484436 64.6346954546477 56.9419681549072 60.5526695251465 56.272739982605 19.6001137097677 -9999 -9999 -9999 -9999 -9999 -9999
-9999 -9999 -9999 -9999 -9999 -9999 -9999 -9999 -9999 -9999 2.37490117549896 2.13329476118088 1.90892851352692 1.7829794883728 1.66206443309784 1.92915004491806 2.00224953889847 1.65427350997925 1.42757847905159 1.39894276857376 1.2761002779007 1.14021000266075 1.06265848875046 1.06066578626633 0.886757969856262 1.03371298313141 1.04877600073814 1.20307204127312 1.40693101286888 1.21768498420715 1.21933722496033 1.18692603707314 1.17521247267723 1.08050921559334 1.29856950044632 1.55063474178314 1.75443971157074 2.38126426935196 1.63609796762466 1.80167663097382 2.3710540831089 4.46110224723816 10.7853291034698 10.534515619278 15.1495059815425 -9999 -9999 -9999 -9999 -9999 -9999 -9999 10.2886259650312 43.9580640792847 43.1284365934484 50.6014366149902 10.8786277770996 -9999 -9999 -9999 -9999 -9999
-9999 -9999 -9999 -9999 -9999 -9999 -9999 -9999 -9999 4.3704868555069 4.10030694007873 2.46336597204208 2.61631947755814 2.49295127391815 2.25385791063309 2.24851566553116 2.11564117670059 1.75351202487946 1.36599898338318 1.31617578864098 1.3136647939682 1.3051874935627 1.15406361222267 1.22542458772659 0.83485946059227 0.84720978140831 0.946895241737366 1.11311173439026 1.22865074872971 1.22010228037834 0.982815027236938 0.933261752128601 0.871428787708282 0.866649001836777 0.986049771308899 1.31862446665764 1.65059244632721 2.35156202316284 5.49577724933624 4.29302608966827 6.07182025909424 7.07604074478149 9.84611463546753 9.41770839691162 27.9208840901412 33.0447750091553 -9999 -9999 -9999 19.6782374382019 16.7286992073059 12.1798106431961 20.46737408638 22.6080458164215 63.5286865234375 27.5716537676359 12.0706392680445 -9999 -9999 -9999 -9999 -9999
-9999 -9999 -9999 -9999 -9999 -9999 -9999 -9999 -9999 -9999 3.77062504291534 3.37962779402733 2.94162985682487 2.24848508834839 2.07874578237534 2.04719996452332 1.87812530994415 1.67753183841705 1.35476848483086 1.04726850986481 1.07084020972252 0.911416500806808 0.872267246246338 0.847100257873535 1.12665148079395 1.21556697785854 1.305271089077 1.25939400494099 1.25744399428368 1.23950028419495 1.13472300767899 0.859657466411591 0.817134708166122 0.983507215976715 1.03120878338814 1.24933576583862 1.81268781423569 3.08027100563049 7.00147032737732 8.17480874061584 7.23065328598022 6.67331171035767 8.21348977088928 8.35935115814209 9.34363282942078 -9999 -9999 -9999 -9999 -9999 18.5363609790802 13.7738363742828 13.4741477966309 12.1888182163239 19.9631266593933 -9999 -9999 -9999 -9999 -9999 -9999 -9999
-9999 -9999 -9999 -9999 -9999 -9999 -9999 -9999 -9999 3.67937564849854 3.93932843208313 3.45654031634331 2.02492654323578 2.02890068292618 1.63957357406616 1.65341395139694 1.42575225234032 1.22362652420998 1.12374821305275 0.801638960838318 0.860588282346725 0.776129275560379 0.703146770596504 0.830670744180679 0.922170013189316 0.847770005464554 0.857603251934052 1.13473950326443 1.06737899780273 1.07262977957726 1.36096054315567 1.43701422214508 1.28461870551109 1.38869699835777 1.82931071519852 2.07770258188248 2.40389478206635 4.65430283546448 6.45673799514771 7.48290753364563 6.99597859382629 10.9695970416069 6.6374523639679 6.06334545079944 3.86466658115387 -9999 -9999 -9999 -9999 -9999 13.3353046008519 13.2683608531952 12.6167125701904 -9999 -9999 -9999 -9999 -9999 -9999 -9999 -9999 -9999
-9999 -9999 -9999 -9999 -9999 -9999 -9999 -9999 -9999 3.5329761505127 2.75833278894424 2.15060842037201 2.03433680534363 1.94695043563843 1.57298254966736 1.48849046230316 1.29234901070595 0.977811723947525 0.823493242263794 0.803844004869461 0.783833205699921 0.730634987354279 0.671762242913246 0.786240756511688 0.822398990392685 0.884655743837357 0.879371255636215 1.08521662652493 1.12810049951077 1.11051338911057 1.62792974710464 1.64666318893433 1.79005873203278 1.95327079296112 2.62731903791428 3.00861382484436 3.7845321893692 6.47767066955566 7.16845679283142 7.07877659797668 5.10052514076233 5.9350483417511 5.57220858335495 11.9253837732435 3.86466693878174 -9999 -9999 -9999 -9999 12.1949715614319 -9999 -9999 -9999 -9999 -9999 -9999 -9999 -9999 -9999 -9999 -9999 -9999
-9999 -9999 -9999 -9999 -9999 -9999 -9999 -9999 -9999 2.89207892417908 2.82506176829338 2.38775932788849 2.19949579238892 1.83903819322586 1.41342526674271 1.25737425684929 1.11397576332092 0.972147792577744 0.805012464523315 0.806613743305206 0.758468270301819 0.688380762934685 0.655007243156433 0.779131472110748 0.79908299446106 0.813514530658722 0.797671526670456 1.2868469953537 1.2571365237236 1.42172026634216 1.47504150867462 1.88735407590866 1.95805281400681 2.14706933498383 2.43209105730057 2.42788803577423 3.43689608573914 3.46075344085693 3.20389580726624 3.25915575027466 3.78992092609406 6.34961593151093 3.396125955724 -9999 -9999 -9999 -9999 -9999 -9999 -9999 -9999 -9999 -9999 -9999 -9999 -9999 -9999 -9999 -9999 -9999 -9999 -9999
-9999 -9999 -9999 -9999 -9999 -9999 -9999 -9999 -9999 3.14542526006699 2.96157717704773 2.31047093868256 2.10381227731705 1.4801467359066 1.01980796456337 1.02966526150703 0.95382821559906 0.766007959842682 0.747490480542183 0.722372978925705 0.686358734965324 0.617488503456116 0.619347006082535 0.677332520484924 0.690799489617348 0.766744494438171 0.875125497579575 1.21387803554535 1.46219703555107 1.24190846085548 1.14160278439522 1.46529525518417 1.65408754348755 1.83917623758316 1.86696749925613 1.85351479053497 1.86724430322647 2.21847832202911 2.74840950965881 3.15343058109283 5.06858736276627 9.45451843738556 6.17918098978249 -9999 -9999 -9999 -9999 -9999 -9999 -9999 -9999 -9999 -9999 -9999 -9999 -9999 -9999 -9999 -9999 -9999 -9999 -9999
-9999 -9999 -9999 -9999 -9999 -9999 -9999 3.28386068344116 3.93032895601713 3.12926548719406 2.39531779289246 2.25121200084686 2.20745408535004 1.75491750240326 1.13971951603889 0.850788027048111 0.766440778970718 0.639578238129616 0.675555020570755 0.639648735523224 0.612454488873482 0.542052000761032 0.547931984066963 0.596344515681267 0.656106770038605 0.921293288469315 1.31629273295403 1.55798470973969 1.73351168632507 2.07496494054794 2.84828925132751 2.62685108184814 2.0682510137558 1.87766933441162 1.81311517953873 1.848188996315 2.04858291149139 2.59825426340103 2.92762792110443 3.12987291812897 9.70791556244915 5.69786846637726 3.25656187534332 -9999 -9999 -9999 -9999 -9999 -9999 -9999 -9999 -9999 -9999 -9999 -9999 -9999 -9999 -9999 -9999 -9999 -9999 -9999
-9999 -9999 -9999 -9999 -9999 -9999 3.16388732736761 3.73428189754486 2.62534350156784 2.13314616680145 2.3260395526886 2.18189477920532 2.19986468553543 1.64966851472855 1.21462798118591 0.823533028364182 0.697386771440506 0.560027271509171 0.526213511824608 0.534663006663322 0.560080513358116 0.494070768356323 0.490842014551163 0.570840731263161 0.763946235179901 0.975457459688187 1.11104848980904 1.56116330623627 2.48208743333817 3.31493926048279 2.7003607749939 2.36331152915955 2.57258480787277 2.52413696050644 2.67564976215363 2.62082326412201 3.03292107582092 3.56070363521576 4.77732199430466 -9999 -9999 -9999 -9999 -9999 -9999 -9999 -9999 -9999 -9999 -9999 -9999 -9999 -9999 -9999 -9999 -9999 -9999 -9999 -9999 -9999 -9999 -9999
-9999 -9999 -9999 -9999 3.46785513559977 4.27331829071045 3.86213357448578 2.91873371601105 2.35705876350403 2.1158954501152 1.89313280582428 1.8457995057106 1.86844646930695 1.3262355029583 1.13880747556686 0.79092675447464 0.766668766736984 0.605552271008492 0.527057245373726 0.547578737139702 0.502584010362625 1.04408025741577 2.31438302993774 1.7121022939682 1.16415077447891 1.24297276139259 1.45740526914597 2.1212010383606 3.03942453861237 2.28007882833481 2.06344431638718 3.13884830474854 3.68570029735565 2.97586494684219 3.29984414577484 3.11911582946777 3.08609247207642 5.01604986190796 -9999 -9999 -9999 -9999 -9999 -9999 -9999 -9999 -9999 -9999 -9999 -9999 -9999 -9999 -9999 -9999 -9999 -9999 -9999 -9999 -9999 -9999 -9999 -9999
-9999 -9999 -9999 -9999 3.92357819080353 3.96550133228302 3.25759255886078 2.92338001728058 2.44632232189178 2.19662028551102 1.88163828849792 1.85989058017731 1.3816049695015 0.804743260145187 0.618831753730774 0.755901038646698 0.792249709367752 0.655889242887497 0.65557873249054 0.592131748795509 0.906989961862564 1.90903651714325 2.07011693716049 1.77909296751022 1.54252427816391 1.85717171430588 2.42124080657959 3.16525340080261 3.30106723308563 3.62129330635071 5.6286563873291 8.14632654190063 8.65706992149353 7.84272265434265 4.71124505996704 4.9459365606308 5.04948234558105 -9999 -9999 -9999 -9999 -9999 -9999 -9999 -9999 -9999 -9999 -9999 -9999 -9999 -9999 -9999 -9999 -9999 -9999 -9999 -9999 -9999 -9999 -9999 -9999 -9999
-9999 18.3239861067447 3.18632779338143 3.98569331850324 2.88274866342545 2.53324127197266 2.74341666698456 2.65547633171082 2.52479320764542 2.20653891563416 1.74309146404266 1.50768828392029 1.08557921648026 0.788034707307816 0.723161235451698 0.82739245891571 0.622792482376099 0.669723004102707 0.772990465164185 0.735517501831055 0.666066750884056 1.12834426760674 1.57027280330658 1.80015295743942 1.86113852262497 3.05190360546112 4.37624609470367 4.36116600036621 6.10647368431091 10.3153774738312 9.97473835945129 7.88836026191711 7.20791673660278 5.31376576423645 5.21617162227631 4.7091890797019 -9999 -9999 -9999 -9999 -9999 -9999 -9999 -9999 -9999 -9999 -9999 -9999 -9999 -9999 -9999 -9999 -9999 -9999 -9999 -9999 -9999 -9999 -9999 -9999 -9999 -9999
4.03429718200977 4.34863286018372 4.02703621387482 3.31685626506805 2.42832148075104 2.39637744426727 2.45655745267868 2.73173922300339 2.18088072538376 1.85236501693726 1.13877600431442 1.04187896847725 1.07382676005363 0.929535001516342 0.906130492687225 0.979302763938904 0.698763728141785 0.704143479466438 0.711503997445107 1.41491997241974 1.12395823001862 1.31615924835205 1.3468162715435 1.68711447715759 4.57623767852783 6.13260769844055 7.61615180969238 11.1297919750214 12.0837149620056 11.8694221973419 9.63378238677979 5.23847526311874 5.56731677055359 -9999 -9999 -9999 -9999 -9999 -9999 -9999 -9999 -9999 -9999 -9999 -9999 -9999 -9999 -9999 -9999 -9999 -9999 -9999 -9999 -9999 -9999 -9999 -9999 -9999 -9999 -9999 -9999 -9999
4.12537950819189 3.87381717291745 3.03855557441711 3.19396322965622 2.53519123792648 2.59401816129684 2.41930657625198 1.936090528965 1.81903195381165 1.54769557714462 1.29065698385239 1.23383402824402 1.23698928952217 1.49062952399254 1.33182004094124 0.963761955499649 0.803968459367752 0.748149767518044 0.795570015907288 0.812785506248474 1.46286222338676 1.52828693389893 1.78948795795441 2.79683017730713 5.07674789428711 7.65762591362 8.17391538619995 9.61982274055481 11.8318326473236 9.84134960174561 4.95111644268036 5.10514354705811 5.3617839217186 15.7123178431862 11.8432403147221 4.52816009160244 -9999 -9999 -9999 -9999 -9999 -9999 -9999 -9999 -9999 -9999 -9999 -9999 -9999 -9999 -9999 -9999 -9999 -9999 -9999 -9999 -9999 -9999 -9999 -9999 -9999 -9999
2.75379753112793 2.66455507278442 2.58007049560547 2.63048851490021 2.73030745983124 2.32553243637085 2.07273530960083 1.90436625480652 1.83927977085114 1.66486430168152 1.3464487195015 1.30603274703026 1.19541227817535 1.41928052902222 1.2287700176239 1.0173465013504 0.810211479663849 0.83868071436882 0.89741849899292 0.920829713344574 1.69219046831131 2.32776671648026 3.32561087608337 4.39724171161652 5.18646669387817 8.57816934585571 8.36905574798584 8.74021553993225 8.22290253639221 5.70445656776428 7.43302060286204 -9999 -9999 -9999 -9999 -9999 -9999 -9999 -9999 -9999 -9999 -9999 -9999 -9999 -9999 -9999 -9999 -9999 -9999 -9999 -9999 -9999 -9999 -9999 -9999 -9999 -9999 -9999 -9999 -9999 -9999 -9999
2.72828096151352 2.81639850139618 3.07491087913513 2.92455518245697 2.74810194969177 2.19195377826691 2.16120368242264 2.10815924406052 2.01184505224228 1.71900379657745 1.41271278262138 1.18671602010727 1.36744120717049 1.33482304215431 1.24501052498817 0.952482014894485 1.14150300621986 1.15131372213364 1.02737322449684 1.38467851281166 2.25322419404984 4.07229745388031 4.9757205247879 5.39789986610413 6.6679859161377 6.56214809417725 6.35298800468445 6.22465252876282 6.05141401290894 6.31442928314209 7.60394954681396 12.8111515045166 -9999 -9999 -9999 -9999 -9999 -9999 9.7373413719348 12.6942715644836 -9999 -9999 -9999 -9999 -9999 -9999 -9999 -9999 -9999 -9999 -9999 -9999 -9999 -9999 -9999 -9999 -9999 -9999 -9999 -9999 -9999 -9999
5.993310546875 9.50196418762207 5.19917857646942 4.63002090454102 3.76864731311798 3.96339000974383 3.58241081237793 2.23389673233032 2.0534400343895 1.79388374090195 1.39809000492096 1.33691847324371 1.38306748867035 1.28582471609116 1.1898367702961 1.43786779046059 1.2917520403862 1.17823871970177 1.39904102683067 2.72094297409058 3.62777924537659 5.72075986862183 6.58894228935242 4.74837827682495 5.57328057289124 5.16454195976257 4.64308440685272 6.45289438962936 5.31399142742157 8.14103507995605 6.96017384692414 3.42093944549561 -9999 -9999 -9999 -9999 -9999 -9999 -9999 -9999 -9999 -9999 -9999 -9999 -9999 -9999 -9999 -9999 -9999 -9999 -9999 -9999 -9999 -9999 -9999 -9999 -9999 -9999 -9999 -9999 -9999 -9999
-9999 -9999 -9999 -9999 -9999 3.71552896499634 3.75073130428791 3.05591779947281 2.12328082323074 1.19754973053932 1.41546678543091 1.25744622945786 1.27051198482513 1.33494079113007 1.3761659860611 1.28568971157074 1.51533007621765 1.8145335316658 2.6636797785759 3.46548306941986 5.32506895065308 5.38439333438873 4.29730117321014 5.0605434179306 5.97886276245117 7.79342365264893 -9999 -9999 -9999 -9999 -9999 -9999 -9999 -9999 -9999 -9999 -9999 -9999 -9999 -9999 -9999 -9999 -9999 -9999 -9999 -9999 -9999 -9999 -9999 -9999 -9999 -9999 -9999 -9999 -9999 -9999 -9999 -9999 -9999 -9999 -9999 -9999
-9999 -9999 -9999 -9999 -9999 -9999 3.34595191478729 2.24817743897438 1.60635522007942 1.14773100614548 1.39590302109718 1.60634180903435 1.79556602239609 1.60952317714691 1.80696666240692 2.66025370359421 3.05725729465485 3.2895405292511 3.49209308624268 5.61161541938782 5.67920565605164 5.30791425704956 4.96755981445312 3.2156425959596 -9999 -9999 -9999 -9999 -9999 -9999 -9999 -9999 -9999 -9999 -9999 -9999 -9999 -9999 -9999 -9999 -9999 -9999 -9999 -9999 -9999 -9999 -9999 -9999 -9999 -9999 -9999 -9999 -9999 -9999 -9999 -9999 -9999 -9999 -9999 -9999 -9999 -9999
