EcologicalScience/Bass/data/rs_data_bass/chl_253.asc
NCOLS 226 
NROWS 124 
XLLCORNER -9.41648524995501 
YLLCORNER 47.587301625531 
CELLSIZE 0.0833 
NODATA_value -9999 
[rows 54 to 80 of 124, columns 122 to 182 of 226]
3.82547181844711 3.22052147984505 2.68525466322899 2.1971273124218 1.50933113694191 0.715680733323097 0.720420017838478 0.811433225870132 0.987352520227432 0.654837772250175 0.938277751207352 1.05235800147057 1.04946371912956 0.953337013721466 0.334459505975246 0.337778247892857 0.338666260242462 0.40591424703598 0.399098262190819 0.423649504780769 0.470313012599945 0.529044762253761 1.34128122031689 1.48839265108109 1.50419886410236 1.55688741803169 1.4998023211956 1.57840955257416 1.71444717049599 2.00724264979362 0.765009731054306 1.80434583127499 1.48467153310776 0.993034511804581 0.935218513011932 0.989481747150421 1.03187325596809 0.940641760826111 0.854808747768402 0.836299538612366 0.889841973781586 0.956793755292892 1.04359951615334 1.11806175112724 1.2788932621479 1.56918972730637 1.86563032865524 2.09768933057785 2.2575352191925 2.47028249502182 3.63621747493744 3.58904385566711 4.66797745227814 4.33316212892532 5.76839143037796 4.92174160480499 5.4881751537323 7.34699535369873 7.45839428901672 6.70559513568878 9.32902503013611
3.3058909624815 3.29752944409847 2.58900332450867 1.91485986113548 1.47357903420925 0.81872695684433 0.917343735694885 0.86554428935051 0.923781037330627 1.17282977700233 0.976451978087425 0.908776894211769 1.06279984116554 0.987337902188301 0.889983728528023 0.369925506412983 0.32957699149847 0.351497255265713 0.37566751241684 0.452330991625786 0.459165751934052 0.515688747167587 0.639772519469261 0.625055238604546 0.732378736138344 0.794264227151871 1.40438134968281 1.57164980471134 1.84038001298904 2.03112602233887 0.83007824420929 0.832159459590912 1.54501122236252 1.36684124171734 1.13353425264359 0.932065486907959 0.967428714036942 0.961329013109207 0.815983504056931 0.807497978210449 0.845629513263702 0.941699266433716 1.1251192688942 1.3571962416172 1.48779228329659 1.8494918346405 2.56348496675491 2.44591498374939 3.59992289543152 4.41532266139984 6.19745779037476 8.82849669456482 6.64300632476807 5.47249191999435 6.01141262054443 4.91632354259491 7.09951847791672 10.4572199088771 10.5720698833466 -9999 -9999
3.13737004995346 3.5353829562664 2.3598300665617 2.08539828658104 1.6932003647089 1.40843170881271 0.921531021595001 1.08532950282097 1.18655025959015 0.867060005664825 1.16476196050644 1.06724658608437 1.02249303460121 0.941796362400055 1.00646021962166 0.848394379019737 0.806920856237411 0.293714247643948 0.309514492750168 0.395804241299629 0.409126505255699 0.453244507312775 0.560629516839981 0.561824262142181 0.733877241611481 0.750698983669281 1.25455722212791 1.37193149328232 1.84792694449425 0.888962209224701 0.944040030241013 1.0410892367363 1.14617398381233 1.33577960729599 1.2313177138567 1.12621048092842 0.654756009578705 0.724955230951309 0.820155769586563 0.796845763921738 0.860724002122879 0.914904713630676 1.00786274671555 1.17720973491669 1.92052567005157 2.39087998867035 3.25064170360565 4.65848708152771 6.51176118850708 3.82166799180996 5.21031081676483 4.9836323261261 6.35289287567139 5.88618242740631 12.432213306427 12.7663631439209 -9999 -9999 -9999 -9999 -9999
3.71103045344353 2.35594457387924 2.12019038200378 1.94653460383415 1.90304133296013 1.53922502696514 1.36845333874226 1.34770645201206 1.0988609790802 1.06216871738434 1.51463212072849 1.3361839056015 1.02309300005436 1.01361487805843 1.22288471460342 1.06914827227592 0.731293134391308 0.823044374585152 0.305585995316505 0.315809994935989 0.33975975215435 0.398145005106926 0.498193502426147 0.583587750792503 0.641394004225731 0.657565489411354 0.591416984796524 1.54345348477364 0.733049243688583 0.809227466583252 0.998827457427979 1.22300326824188 1.23815926909447 1.17756754159927 1.03139515221119 0.970066845417023 0.622740760445595 0.651224255561829 0.730789482593536 0.749443486332893 0.810911983251572 0.933040469884872 1.0163317322731 1.45474120974541 2.02071833610535 2.66095197200775 3.7952002286911 5.36363482475281 8.47733974456787 6.32577818905542 6.70581865310669 7.13253593444824 6.23915934562683 5.3227561712265 18.3121209144592 -9999 -9999 -9999 -9999 -9999 -9999
5.13324719667435 4.66099789738655 3.52887108922005 2.43166002631187 2.51624916493893 2.08920447528362 1.6566625982523 1.62718802690506 1.86257547140121 1.59812624752522 1.33938413858414 1.29048863053322 1.14965097606182 0.840106129646301 0.748064607381821 0.803119495511055 0.953053504228592 0.765226140618324 1.01837776601315 1.00268849730492 1.05766949057579 0.402437254786491 0.529688984155655 0.499595269560814 0.46764001250267 0.523261517286301 0.664542764425278 0.732427507638931 0.900104999542236 0.901130229234695 1.06469249725342 1.27158004045486 1.25824651122093 0.906598538160324 0.897192031145096 0.750641226768494 0.673150509595871 0.650587499141693 0.725820019841194 0.778616219758987 0.734813243150711 0.813952535390854 1.12763696908951 2.11983758211136 2.63954704999924 4.3370121717453 7.14291143417358 28.9851925373077 15.0281386375427 7.46696019172668 8.436683177948 7.45536947250366 6.75176882743835 64.3566226959229 73.563497543335 -9999 -9999 -9999 -9999 -9999 -9999
6.87608577728829 -9999 -9999 5.71579027175903 3.15920162200928 2.71225154399872 1.83295539021492 1.99615690112114 1.67383503913879 1.76770055294037 1.84408503770828 1.85016596317291 1.45448215305805 0.868193998932838 0.842003993690014 0.825407266616821 0.789685137569904 0.733336888253689 1.28984248638153 1.32328391075134 0.874231517314911 0.851114988327026 0.854780226945877 1.45145961642265 1.39479897916317 0.337733991444111 0.816819727420807 0.970347762107849 1.06976321339607 1.09383299946785 1.24522724747658 1.26432448625565 1.11571723222733 0.998418778181076 0.962757736444473 1.06263899803162 1.04669854044914 0.799541294574738 0.783911973237991 0.827633231878281 0.791210979223251 0.834827274084091 1.51840728521347 2.021244764328 2.49893099069595 3.56626045703888 8.5785870552063 -9999 9.3422794342041 7.35590744018555 7.27427387237549 8.50156188011169 62.2453594207764 64.5710163116455 64.7393095493317 46.5160074234009 -9999 -9999 -9999 -9999 -9999
-9999 -9999 -9999 -9999 -9999 -9999 -9999 2.28387522697449 4.16723346710205 1.90504199266434 1.90178918838501 1.77561217546463 2.15664187073708 1.24262103438377 1.00272153317928 0.922466620802879 0.845195263624191 1.28024326264858 1.3787939697504 1.55072848498821 1.59060980379581 0.968376785516739 0.956548511981964 0.807820469141006 0.793673247098923 0.914380520582199 0.957753002643585 1.2357704937458 1.24287450313568 1.25565826892853 1.20964354276657 1.22006624937057 1.26434853672981 1.32955652475357 0.43892776966095 0.46034400165081 0.603858768939972 0.655698761343956 0.738822743296623 0.693121902644634 0.778910279273987 0.731263518333435 0.878283709287643 1.04822623729706 1.46203503012657 3.81688284873962 7.89112830162048 20.2053746806765 -9999 -9999 -9999 -9999 63.2717914581299 59.9724129728369 66.4143964222499 22.2756556144127 -9999 -9999 -9999 -9999 -9999
-9999 -9999 -9999 -9999 -9999 -9999 -9999 -9999 -9999 -9999 4.24262848496437 3.81290590763092 2.72903326749802 1.35101473331451 1.02214761078358 1.38238200545311 1.27130064368248 1.64184679090977 1.61171101033688 1.41364793479443 1.49078214168549 0.993611991405487 0.905286759138107 0.827226787805557 0.79684129357338 1.00901252031326 1.12453052401543 1.19543400406837 1.23922947049141 1.09657797217369 1.02931952476501 0.984461277723312 0.909601539373398 0.493722751736641 0.497941508889198 0.416025727987289 0.483776986598969 0.633882746100426 0.664904996752739 0.798310518264771 0.684984013438225 0.815675228834152 0.944113522768021 1.11964729428291 1.69595396518707 3.58358252048492 6.91232704527584 29.0682649612427 -9999 -9999 -9999 -9999 17.548882484436 57.5529670715332 36.8068027496338 39.5736608505249 40.6316534042358 37.645340140985 -9999 -9999 -9999
-9999 -9999 -9999 -9999 -9999 -9999 -9999 -9999 -9999 -9999 -9999 -9999 3.32787793874741 1.42865516245365 0.879445463418961 0.934078484773636 1.11327302455902 1.77080324292183 1.54305937886238 1.31454710662365 0.963479250669479 1.00289699435234 0.878964722156525 0.995939254760742 0.975624024868011 0.979119747877121 1.08496204018593 0.937130212783813 1.03243947029114 0.996016502380371 0.935153961181641 0.830466002225876 0.638019740581512 0.609154477715492 0.557432234287262 0.495303019881248 0.48530101776123 0.553620770573616 0.641957983374596 0.744814485311508 1.11821776628494 1.60472846031189 1.85877746343613 2.37630075216293 2.63373827934265 11.7542431354523 13.6780149728349 -9999 -9999 -9999 -9999 -9999 -9999 -9999 9.84132869359924 46.4639682769775 56.4019546508789 25.5523952007294 10.8786277770996 -9999 -9999
-9999 -9999 -9999 -9999 -9999 -9999 -9999 -9999 -9999 -9999 -9999 4.3704868555069 3.49507969617844 2.09248428046703 1.70852248370647 1.25185346603394 1.41228452324867 1.87398183345795 1.68282678723335 1.33749675750732 1.17667052149773 0.884269505739212 0.7735935151577 0.892640233039856 0.865730255842209 0.857038468122482 0.974372237920761 0.840561747550964 0.802831470966339 0.818340003490448 0.796052992343903 0.704336240887642 0.714343518018723 0.731169015169144 0.559718996286392 0.571652233600616 0.580702498555183 0.62167426943779 0.733343258500099 0.993927776813507 1.54702198505402 1.92373126745224 2.35597497224808 3.79246509075165 6.33589768409729 22.8736796379089 23.1213712275607 33.0447750091553 -9999 -9999 -9999 15.2752323150635 14.6884431838989 13.1504330635071 13.1291728019714 15.054060459137 54.1538143157959 37.1339149475098 15.5786846376235 -9999 -9999
-9999 -9999 -9999 -9999 -9999 -9999 -9999 -9999 -9999 -9999 -9999 -9999 4.28416611467089 2.34569209814072 2.02546459436417 1.99582913517952 2.50298255681992 2.60322457551956 1.52586185932159 1.18796624243259 1.01867924630642 0.827138274908066 0.808742254972458 0.797737509012222 0.900677293539047 0.931520998477936 0.844402492046356 0.859287768602371 0.782052040100098 0.760840505361557 0.80760070681572 0.845227539539337 0.780152231454849 0.881580770015717 0.807074278593063 0.710280016064644 0.746445000171661 0.656245484948158 0.71067076921463 1.25662046670914 1.80029028654099 2.5804905295372 3.26482880115509 3.47374141216278 5.60641658306122 7.07541346549988 8.77200390760181 -9999 -9999 -9999 -9999 -9999 14.5945973396301 14.2008233070374 13.7901005744934 15.7905278205872 25.6567906599778 -9999 -9999 -9999 -9999
-9999 -9999 -9999 -9999 -9999 -9999 -9999 -9999 -9999 -9999 -9999 3.67937564849854 3.55072510242462 3.26878094673157 2.01113247871399 1.98342150449753 1.85711959004402 1.68290814757347 1.20975378155708 1.14465487003326 1.02668733894825 0.881416484713554 0.864270731806755 0.872170507907867 1.10722348093987 1.08093228936195 1.06296595931053 0.986418753862381 0.878587514162064 0.810343533754349 0.956317484378815 1.00097098946571 0.83403754234314 0.636354759335518 0.708665236830711 0.738032251596451 0.759950995445251 0.784439206123352 0.945932239294052 1.45209145545959 1.75767302513123 2.50179147720337 3.37910485267639 6.00101351737976 9.43843102455139 6.1870534929257 3.86466658115387 -9999 -9999 -9999 -9999 -9999 50.4824361586839 16.4693999290466 17.4892015457153 -9999 -9999 -9999 -9999 -9999 -9999
-9999 -9999 -9999 -9999 -9999 -9999 -9999 -9999 -9999 -9999 -9999 5.96765381097794 3.4656172990799 2.90418648719788 2.28084075450897 1.8660903275013 2.05521261692047 1.84091100096703 1.08936077356339 0.961714893579483 0.912915363907814 1.08931052684784 0.940423518419266 0.769516490399837 0.965744286775589 1.14195522665977 1.166100025177 1.02530327439308 0.93582746386528 0.914552986621857 1.07644504308701 1.08126828074455 1.01970300078392 0.895170003175735 0.747236251831055 0.744773983955383 0.724682986736298 0.933881968259811 1.39527896046638 1.71605104207993 2.19038701057434 2.96934592723846 4.6217976808548 11.8934047222137 20.6251473426819 10.7015378313157 3.86466693878174 -9999 -9999 -9999 -9999 12.1949715614319 -9999 -9999 -9999 -9999 -9999 -9999 -9999 -9999 -9999
-9999 -9999 -9999 -9999 -9999 -9999 -9999 -9999 -9999 -9999 -9999 5.11279866099358 3.51566386222839 2.18431985378265 2.02642384171486 1.87319925427437 1.88510370254517 1.61436639726162 1.20849975943565 1.02848964929581 0.886242717504501 0.832669883966446 0.975780040025711 0.978607535362244 0.666650243103504 1.07248279452324 0.711929261684418 0.717946887016296 0.777928501367569 0.870755285024643 0.856414496898651 0.82118546962738 0.848717272281647 0.904633462429047 0.936272263526917 1.00116446614265 1.05314773321152 1.30239674448967 1.73107427358627 2.18757158517838 3.13395237922668 5.89572215080261 10.0151267051697 21.3419709205627 5.18961343267071 -9999 -9999 -9999 -9999 -9999 -9999 -9999 -9999 -9999 -9999 -9999 -9999 -9999 -9999 -9999 -9999
-9999 -9999 -9999 -9999 -9999 -9999 -9999 -9999 -9999 -9999 -9999 3.284419298172 2.82585793733597 2.18634080886841 2.23939204216003 1.99449634552002 1.95575138926506 1.58263085782528 1.20399597287178 1.05658315122128 0.862799987196922 0.876609027385712 0.804775536060333 0.743665516376495 0.733245760202408 0.81473770737648 1.08388870954514 0.79196172952652 0.578815519809723 0.743929490447044 0.809779465198517 0.839866518974304 0.831035256385803 1.41126599907875 1.70656800270081 1.93371605873108 2.14868402481079 2.51830422878265 3.30883884429932 4.28798174858093 5.06577658653259 6.68417859077454 5.0129474401474 5.02142174103681 8.91721363383603 -9999 -9999 -9999 -9999 -9999 -9999 -9999 -9999 -9999 -9999 -9999 -9999 -9999 -9999 -9999 -9999
-9999 -9999 -9999 -9999 -9999 -9999 -9999 -9999 -9999 3.28386068344116 4.14093100107633 3.57094490528107 2.65448704361916 2.1499879360199 3.32997536659241 3.17827570438385 1.70316977798939 1.3093549311161 1.02115273475647 0.893954627215862 0.738241150975227 0.653296127915382 0.609445497393608 0.767496764659882 0.895253956317902 1.03952103853226 1.18364775180817 1.31579098105431 0.660719990730286 0.697506755590439 0.716429248452187 0.759892523288727 0.79993200302124 1.73228323459625 1.84786194562912 1.87106019258499 2.07458031177521 2.71256393194199 2.65436553955078 2.94030225276947 4.7976336479187 7.87185716629028 13.4621961163086 5.69786846637726 3.25656187534332 -9999 -9999 -9999 -9999 -9999 -9999 -9999 -9999 -9999 -9999 -9999 -9999 -9999 -9999 -9999 -9999
-9999 -9999 -9999 -9999 -9999 -9999 -9999 -9999 3.50139804018868 4.48534548282623 4.21918618679047 3.11322909593582 2.66786250472069 2.54761916399002 3.20878207683563 3.06570017337799 2.88159817457199 1.15233939886093 0.842941492795944 0.770273990929127 1.08412277698517 0.98973673582077 1.05595725774765 0.954252004623413 0.961223244667053 1.01280677318573 0.899140119552612 0.413702979683876 0.476027995347977 0.522870764136314 0.617211744189262 0.725493013858795 1.11179548501968 1.28091225028038 1.59195220470428 1.82500201463699 2.16599178314209 2.91070353984833 3.72547709941864 3.51639819145203 3.43955326080322 -9999 -9999 -9999 -9999 -9999 -9999 -9999 -9999 -9999 -9999 -9999 -9999 -9999 -9999 -9999 -9999 -9999 -9999 -9999 -9999
-9999 -9999 -9999 -9999 -9999 -9999 4.35918461691382 3.84895444833315 3.64015674591064 3.92653059959412 2.59959101676941 2.4687352180481 2.213558614254 2.43209213018417 3.08692860603333 2.87907832860947 1.71729308366776 1.49651473760605 1.27038297057152 0.776978641748428 0.744460858404636 1.04806503653526 0.864894032478333 0.373344004154205 0.634763985872269 0.736074015498161 0.443162262439728 1.02671778202057 0.551377505064011 0.639588743448257 0.716724738478661 0.773310005664825 1.17824926972389 1.25781297683716 1.45180651545525 1.82062196731567 3.0808732509613 3.86188566684723 3.4238133430481 10.8554923855341 -9999 -9999 -9999 -9999 -9999 -9999 -9999 -9999 -9999 -9999 -9999 -9999 -9999 -9999 -9999 -9999 -9999 -9999 -9999 -9999 -9999
-9999 -9999 -9999 -9999 -9999 -9999 3.22934882781085 3.44662433724071 2.95692509412766 3.71648335456848 2.89703813195229 2.55387005209923 2.13974404335022 2.73091721534729 2.89999276399612 2.33243107795715 1.7899072766304 1.37220373749733 1.29700577259064 1.00380447506905 0.98354771733284 0.969564735889435 0.440650507807732 0.764558225870132 0.952812731266022 1.13192099332809 0.80042776465416 0.62838377058506 0.70169323682785 0.817587018013 0.863018989562988 1.14799878001213 1.49331825971603 1.67959427833557 2.00030922889709 2.50899142026901 7.83558225631714 6.95903599262238 6.13265061378479 -9999 -9999 -9999 -9999 -9999 -9999 -9999 -9999 -9999 -9999 -9999 -9999 -9999 -9999 -9999 -9999 -9999 -9999 -9999 -9999 -9999 -9999
-9999 -9999 -9999 32.7217840269291 3.48534114693486 3.34301719831866 4.34156342063631 2.56051483750343 2.67236267030239 3.33370339870453 3.09052124619484 2.48625674843788 2.04618528485298 2.6953604221344 3.01372039318085 2.29899591207504 1.49808526039124 1.64311873912811 1.12990647554398 1.01337227225304 0.917289018630981 0.884144246578217 0.94656229019165 0.386104479432106 1.36642277240753 1.80769121646881 1.69976699352264 1.49184599518776 1.26347547769547 1.52155351638794 1.69055181741714 3.1924409866333 2.15310752391815 2.52383333444595 3.19353139400482 2.31771969795227 5.72272324562073 12.1319739818573 -9999 -9999 -9999 -9999 -9999 -9999 -9999 -9999 -9999 -9999 -9999 -9999 -9999 -9999 -9999 -9999 -9999 -9999 -9999 -9999 -9999 -9999 -9999
-9999 -9999 8.1265994480678 4.26165602846843 4.21943207887503 3.61815251622881 2.99264931678772 2.82422322034836 2.82717019319534 3.52110171318054 3.21499460935593 2.57153883576393 2.07131060957909 1.36929823458195 0.932369984686375 0.721683740615845 0.704898007214069 0.660520881414413 0.722537979483604 0.919178992509842 0.896293491125107 0.960866242647171 1.05230471491814 1.17579299211502 1.20710402727127 1.37854501605034 2.79518169164658 2.48609107732773 3.03550350666046 2.97765451669693 3.36713039875031 4.45889174938202 5.3229478597641 7.6893002986908 11.3226560354233 -9999 -9999 -9999 -9999 -9999 -9999 -9999 -9999 -9999 -9999 -9999 -9999 -9999 -9999 -9999 -9999 -9999 -9999 -9999 -9999 -9999 -9999 -9999 -9999 -9999 -9999
-9999 -9999 19.1362925442782 3.4251378434045 3.77953995977129 2.61236625909805 3.01584488153458 3.06059557199478 2.99647235870361 2.29157996177673 2.94927075505257 2.57187375426292 1.69163811206818 1.19169147312641 0.704200856387615 0.674319751560688 0.664001248776913 0.702718868851662 0.748031996190548 0.916429460048676 1.0648387670517 1.27212971448898 1.6081395149231 1.67671716213226 1.60578382015228 1.45754545927048 2.31470918655396 3.51598334312439 3.56836116313934 3.7105393409729 4.9188734292984 7.56291532516479 15.3733291625977 29.8174695968628 8.68836057186127 13.815018420036 10.963402650573 5.697979146784 -9999 -9999 -9999 -9999 -9999 -9999 -9999 -9999 -9999 -9999 -9999 -9999 -9999 -9999 -9999 -9999 -9999 -9999 -9999 -9999 -9999 -9999 -9999
5.92981085808654 5.16225467409406 3.57331917285919 3.21671397686005 3.30299144983292 3.37464916706085 3.35594701766968 3.3743280172348 2.83308747410774 2.02279651165009 1.94535711407661 1.457260876894 1.04269802570343 0.786071643233299 0.646181233227253 0.718699134886265 0.700170010328293 0.749641858041286 0.787952609360218 0.884882614016533 1.03073439002037 1.25108662247658 1.60522431135178 1.46069625020027 1.4206582903862 1.63524377346039 2.20847779512405 2.46953916549683 2.50038743019104 3.22853779792786 4.99685168266296 9.74720978736877 6.58445996602376 -9999 -9999 -9999 -9999 -9999 -9999 -9999 -9999 -9999 -9999 -9999 -9999 -9999 -9999 -9999 -9999 -9999 -9999 -9999 -9999 -9999 -9999 -9999 -9999 -9999 -9999 -9999 -9999
5.81307143824441 4.48425342142582 3.77309739589691 3.05813263356686 3.43476569652557 3.06198155879974 3.25669741630554 3.41415148973465 2.843196362257 2.41330546140671 2.50461450219154 2.13092592358589 1.82215502858162 0.742614738643169 0.78821774572134 0.748484618961811 0.766155727207661 0.823886655271053 0.956375643610954 1.28690028190613 1.66580924391747 1.25773349404335 1.63762718439102 1.92975229024887 2.26687270402908 2.46892493963242 2.82105070352554 2.99459928274155 3.42790067195892 3.75203168392181 4.41093134880066 9.35767650604248 21.9323444366455 13.1285828749339 -9999 -9999 -9999 -9999 -9999 -9999 26.6408302534872 12.6942715644836 -9999 -9999 -9999 -9999 -9999 -9999 -9999 -9999 -9999 -9999 -9999 -9999 -9999 -9999 -9999 -9999 -9999 -9999 -9999
-9999 -9999 3.44205768406391 6.0576639175415 19.4761736392975 4.56792454719544 4.96472945809364 3.73720149617446 2.49923632826124 3.22828817367554 2.93148368597031 2.01352918148041 1.72640025615692 0.976935043931007 0.816351346671581 0.895828507840633 1.11214915663004 0.428014487028122 0.597414001822472 0.995711266994476 1.12939274311066 2.11611217260361 3.48880934715271 4.06462204456329 3.77883911132812 3.39803767204285 3.71825015544891 3.98600399494171 4.07618844509125 6.45856815576553 10.8960404992104 15.8651413917542 8.61101970933888 3.42093944549561 -9999 -9999 -9999 -9999 -9999 -9999 -9999 -9999 -9999 -9999 -9999 -9999 -9999 -9999 -9999 -9999 -9999 -9999 -9999 -9999 -9999 -9999 -9999 -9999 -9999 -9999 -9999
-9999 -9999 -9999 -9999 -9999 -9999 -9999 4.05862419228805 3.42772507667542 2.49745792150497 2.66948783397675 2.1291081905365 1.18061627447605 0.950970008969307 0.969532147049904 1.23773212730885 1.43012362718582 0.639934480190277 0.983807265758514 1.46251201629639 1.77515244483948 7.95297360420227 10.1157224178314 10.5765681266785 8.19655895233154 4.07922971248627 4.77731037139893 4.33357846736908 -9999 -9999 -9999 -9999 -9999 -9999 -9999 -9999 -9999 -9999 -9999 -9999 -9999 -9999 -9999 -9999 -9999 -9999 -9999 -9999 -9999 -9999 -9999 -9999 -9999 -9999 -9999 -9999 -9999 -9999 -9999 -9999 -9999
-9999 -9999 -9999 -9999 -9999 -9999 -9999 -9999 2.79356829822063 1.59471970796585 1.52889454364777 1.10478562116623 1.0334515273571 1.49320238828659 1.5148338675499 2.11425264179707 2.75163070857525 1.78203892707825 2.14903271198273 2.49972152709961 4.06964993476868 30.5812368392944 31.635274887085 28.8097658157349 7.53502707481384 3.27479439828454 -9999 -9999 -9999 -9999 -9999 -9999 -9999 -9999 -9999 -9999 -9999 -9999 -9999 -9999 -9999 -9999 -9999 -9999 -9999 -9999 -9999 -9999 -9999 -9999 -9999 -9999 -9999 -9999 -9999 -9999 -9999 -9999 -9999 -9999 -9999
