EcologicalScience/Bass/data/rs_data_bass/chl_162.asc
NCOLS 226 
NROWS 124 
XLLCORNER -9.41648524995501 
YLLCORNER 47.587301625531 
CELLSIZE 0.0833 
NODATA_value -9999 
[rows 54 to 80 of 124, columns 0 to 61 of 226]
-9999 -9999 -9999 -9999 -9999 -9999 -9999 -9999 -9999 -9999 -9999 -9999 -9999 -9999 -9999 -9999 -9999 -9999 -9999 -9999 -9999 -9999 -9999 -9999 -9999 -9999 -9999 -9999 -9999 -9999 -9999 -9999 -9999 -9999 -9999 -9999 -9999 -9999 4.70581294055954 3.3365935087204 2.02649192512035 2.1322265714407 1.74661123752594 1.25227278470993 1.37810549139977 1.06279724836349 1.08529570698738 1.11061352491379 0.662154391407967 0.678458243608475 1.01852662861347 1.175646007061 1.13539123535156 1.52727520465851 2.04292041063309 2.29119908809662 3.17320561408997 3.41023886203766 -9999 0.607058599591255 0.62790758907795 1.34624435655449
-9999 -9999 -9999 -9999 -9999 -9999 -9999 -9999 -9999 -9999 -9999 -9999 -9999 -9999 -9999 -9999 -9999 -9999 -9999 -9999 -9999 -9999 -9999 -9999 -9999 -9999 -9999 -9999 -9999 -9999 -9999 -9999 -9999 -9999 -9999 -9999 -9999 -9999 -9999 4.23883211612701 1.97524125874043 2.02851068973541 1.78673100471497 1.97572267055511 1.27388325333595 1.21002059429884 1.11597445607185 0.971593469381332 1.12153646349907 0.955843538045883 1.05788174271584 1.15053677558899 1.17208349704742 1.62770855426788 2.67906457185745 2.81551873683929 2.2853376184191 -9999 -9999 -9999 -9999 -9999
-9999 -9999 -9999 -9999 -9999 -9999 -9999 -9999 -9999 -9999 -9999 -9999 -9999 -9999 -9999 -9999 -9999 -9999 -9999 -9999 -9999 -9999 -9999 -9999 -9999 -9999 -9999 -9999 -9999 -9999 -9999 -9999 -9999 -9999 -9999 -9999 -9999 -9999 -9999 -9999 1.92312486469746 1.9113877415657 2.07820719480515 2.29313546419144 1.76888698339462 1.47654595971107 1.56302100419998 1.37092128396034 0.973698019981384 0.832857728004456 1.73432171344757 1.63139319419861 1.81000417470932 1.57715392112732 2.24055379629135 2.6908455491066 2.79558831453323 4.45401835441589 8.12226676940918 -9999 -9999 -9999
-9999 -9999 -9999 -9999 -9999 -9999 -9999 -9999 -9999 -9999 -9999 -9999 -9999 -9999 -9999 -9999 -9999 -9999 -9999 -9999 -9999 -9999 -9999 -9999 -9999 -9999 -9999 -9999 -9999 -9999 -9999 -9999 -9999 -9999 -9999 -9999 -9999 -9999 -9999 -9999 1.76404803991318 0.759530961513519 1.4700879752636 1.83314251899719 1.96734899282455 1.74428468942642 2.02523553371429 2.00252169370651 1.42490476369858 1.29473626613617 1.38811129331589 1.44703048467636 1.64601892232895 1.92052119970322 2.09314727783203 2.25018149614334 2.76834082603455 2.64529269933701 3.16329002380371 4.2068452835083 6.53729224205017 -9999
-9999 -9999 -9999 -9999 -9999 -9999 -9999 -9999 -9999 -9999 -9999 -9999 -9999 -9999 -9999 -9999 -9999 -9999 -9999 -9999 -9999 -9999 -9999 -9999 -9999 -9999 -9999 -9999 -9999 -9999 -9999 -9999 -9999 -9999 -9999 -9999 -9999 -9999 -9999 -9999 -9999 2.50844532251358 2.01525190472603 2.18594008684158 2.26922576129436 1.99325942993164 1.5011588037014 1.79437655210495 1.73816692829132 1.40964451432228 1.25743871927261 1.41688647866249 1.42527973651886 1.71536707878113 1.84739774465561 1.99021053314209 3.36100888252258 2.93193519115448 2.25781792402267 3.38814604282379 4.6275383234024 -9999
-9999 -9999 -9999 -9999 -9999 -9999 -9999 -9999 -9999 -9999 -9999 -9999 -9999 -9999 -9999 -9999 -9999 -9999 -9999 -9999 -9999 -9999 -9999 -9999 -9999 -9999 -9999 -9999 -9999 -9999 -9999 -9999 -9999 -9999 -9999 -9999 -9999 -9999 -9999 -9999 -9999 2.78149925172329 2.17467679828405 2.13716380298138 1.94645458459854 1.4982869848609 1.49786585569382 1.69888043403625 1.45206373929977 1.42658177018166 1.32880729436874 1.19332274794579 1.66618430614471 1.66289019584656 1.81497448682785 1.8527939915657 2.58568650484085 2.9487007856369 2.47692757844925 2.40787544982 -9999 -9999
-9999 -9999 -9999 -9999 -9999 -9999 -9999 -9999 -9999 -9999 -9999 -9999 -9999 -9999 -9999 -9999 -9999 -9999 -9999 -9999 -9999 -9999 -9999 -9999 -9999 -9999 -9999 -9999 -9999 -9999 -9999 -9999 -9999 -9999 -9999 -9999 -9999 -9999 -9999 -9999 2.68813222646713 2.56998650729656 2.26510897278786 1.80810058861971 1.22378665208817 1.07999248802662 1.50767909735441 1.42249741405249 1.45715922117233 1.51079696416855 1.36890971660614 1.34847146272659 1.81202405691147 1.9478639960289 2.00106829404831 2.2524847984314 2.75195556879044 -9999 -9999 4.03391908854246 8.361980214715 24.6992671787739
-9999 -9999 -9999 -9999 -9999 -9999 -9999 -9999 -9999 -9999 -9999 -9999 -9999 -9999 -9999 -9999 -9999 -9999 -9999 -9999 -9999 -9999 -9999 -9999 -9999 -9999 -9999 -9999 -9999 -9999 -9999 -9999 -9999 -9999 -9999 -9999 -9999 -9999 -9999 2.38131232559681 2.42647576332092 2.31809234619141 1.93295565247536 1.59807805716991 1.31151339411736 1.30229587107897 0.842202723026276 0.896298766136169 0.975809991359711 1.58218199014664 1.56368243694305 1.55031144618988 1.83470320701599 1.99301558732986 1.93232095241547 1.74967950582504 2.22268491983414 2.28215253353119 2.13714230060577 2.28739428520203 2.85874271392822 3.49854290485382
-9999 -9999 -9999 -9999 -9999 -9999 -9999 -9999 -9999 -9999 -9999 -9999 -9999 -9999 -9999 -9999 -9999 -9999 -9999 -9999 -9999 -9999 -9999 -9999 -9999 -9999 -9999 -9999 -9999 -9999 -9999 -9999 -9999 -9999 -9999 -9999 -9999 -9999 -9999 2.27960698306561 2.02368508279324 1.68067690730095 1.43475618213415 1.21770451962948 1.13809988647699 0.945630759000778 0.824555218219757 1.16809728741646 1.17258524894714 1.53989017009735 3.10477423667908 3.25633442401886 4.12287533283234 2.15558767318726 1.20904049277306 1.66945570707321 1.54811024665833 1.92400127649307 1.91264623403549 2.19932556152344 2.04138225317001 2.00258857011795
-9999 -9999 -9999 -9999 -9999 -9999 -9999 -9999 -9999 -9999 -9999 -9999 -9999 -9999 -9999 -9999 -9999 -9999 -9999 -9999 -9999 -9999 -9999 -9999 -9999 -9999 -9999 -9999 -9999 -9999 -9999 -9999 -9999 -9999 -9999 -9999 -9999 -9999 3.05079084634781 2.50006891787052 1.88719430565834 1.41648036986589 1.22099755704403 0.912488758563995 0.923867985606194 1.32188022136688 1.04034671187401 1.33732572197914 1.31276249885559 2.09013372659683 5.46377635002136 4.47704923152924 2.41529095172882 1.62494105100632 0.936997532844543 1.25943070650101 1.4400007724762 1.66243422031403 2.02390283346176 1.83732980489731 1.79049968719482 2.09861558675766
-9999 -9999 -9999 -9999 -9999 -9999 -9999 -9999 -9999 -9999 -9999 -9999 -9999 -9999 -9999 -9999 -9999 -9999 -9999 -9999 -9999 -9999 -9999 -9999 -9999 -9999 -9999 -9999 -9999 -9999 -9999 -9999 -9999 -9999 -9999 -9999 -9999 -9999 2.18819716572762 2.16501541435719 1.73678644001484 1.20693203061819 1.09899973869324 1.17853613197803 0.563338503241539 0.707497492432594 0.96536922454834 1.23866254091263 1.76561772823334 2.95264345407486 8.94746947288513 3.40050065517426 3.06108963489532 4.01061522960663 3.01137363910675 1.65677618980408 1.40994447469711 1.52997225522995 1.56767624616623 1.63850480318069 1.84381645917892 2.11577171087265
-9999 -9999 -9999 -9999 -9999 -9999 -9999 -9999 -9999 -9999 -9999 -9999 -9999 -9999 -9999 -9999 -9999 -9999 -9999 -9999 -9999 -9999 -9999 -9999 -9999 -9999 -9999 -9999 -9999 -9999 -9999 -9999 -9999 -9999 -9999 -9999 -9999 2.14249366894364 2.61907307803631 1.6816490739584 1.32743979245424 1.04043938219547 0.646675497293472 0.584196746349335 0.665369242429733 0.762975722551346 0.824807971715927 2.43079054355621 2.7025950551033 4.37130975723267 6.39956760406494 7.70888829231262 5.06674182415009 5.60458517074585 3.85081565380096 2.84772670269012 1.81175923347473 1.52172374725342 1.52543842792511 1.48990425467491 1.51708567142487 1.96268552541733
-9999 -9999 -9999 -9999 -9999 -9999 -9999 -9999 -9999 -9999 -9999 -9999 -9999 -9999 -9999 -9999 -9999 -9999 -9999 -9999 -9999 -9999 -9999 -9999 -9999 -9999 -9999 -9999 -9999 -9999 -9999 -9999 -9999 -9999 -9999 -9999 -9999 4.03822875022888 2.56253546476364 1.65768367052078 1.04003173112869 0.787520974874496 0.757294535636902 0.799940228462219 0.759696006774902 0.756728231906891 0.914580792188644 1.06299975514412 1.57770591974258 2.67556804418564 3.99882459640503 12.8070473670959 11.1964974403381 6.69957447052002 4.66232013702393 2.90083193778992 1.93676322698593 1.54092746973038 1.37289378046989 1.40722498297691 1.48335295915604 2.22712576389313
-9999 -9999 -9999 -9999 -9999 -9999 -9999 -9999 -9999 -9999 -9999 -9999 -9999 -9999 -9999 -9999 -9999 -9999 -9999 -9999 -9999 -9999 -9999 -9999 -9999 -9999 -9999 -9999 -9999 -9999 -9999 -9999 -9999 -9999 -9999 -9999 3.46418438851833 2.21212667226791 1.94981963932514 1.94533574581146 1.46732845902443 1.00396952033043 0.950957983732224 0.873136460781097 0.777386248111725 0.874025255441666 0.889659762382507 0.919692009687424 1.43463671207428 1.74658048152924 2.79425543546677 3.53937077522278 5.76789379119873 5.77311229705811 3.2698620557785 2.45534241199493 2.08604103326797 1.52389276027679 1.55416649580002 2.31373500823975 3.37038230895996 3.37601172924042
-9999 -9999 -9999 -9999 -9999 -9999 -9999 -9999 -9999 -9999 -9999 -9999 -9999 -9999 -9999 -9999 -9999 -9999 -9999 -9999 -9999 -9999 -9999 -9999 -9999 -9999 -9999 -9999 -9999 -9999 -9999 1.54384352266788 0.567833813636199 -9999 2.10493344068527 2.24841195344925 28.6816281795502 1.67220662534237 1.52314927428961 1.36068373918533 1.14389553666115 1.08051377534866 1.02909976243973 0.875911474227905 0.914915263652802 0.965913712978363 0.880375474691391 0.883216470479965 0.919765502214432 1.74335324764252 2.61829501390457 3.22892618179321 4.41377770900726 4.92925357818604 4.86213755607605 4.31593859195709 3.60266697406769 2.83868408203125 3.95096111297607 4.10918390750885 5.13899552822113 3.09840479493141
-9999 -9999 -9999 -9999 -9999 -9999 -9999 -9999 -9999 -9999 -9999 -9999 -9999 -9999 -9999 -9999 -9999 -9999 -9999 -9999 -9999 -9999 0.346259817481041 2.38491506874561 3.30766855180264 2.49040406942368 1.12786497473717 1.42113077044487 3.09978465735912 2.13309473544359 3.21211409568787 2.27806431055069 5.16615915298462 1.76844750344753 1.91755950450897 2.45565980672836 2.04083025455475 1.52170193195343 1.2289132475853 1.31306773424149 1.41473999619484 1.41146323084831 1.23370197415352 1.4022045135498 1.52776354551315 1.54645192623138 1.053516715765 1.05177453160286 1.16629725694656 1.47192147374153 2.07693457603455 3.65630328655243 4.84189510345459 5.7668377161026 5.68316316604614 8.83325600624084 8.39482140541077 6.28564023971558 7.01665071437233 -9999 -9999 -9999
-9999 -9999 -9999 -9999 -9999 -9999 -9999 -9999 -9999 -9999 -9999 -9999 -9999 -9999 -9999 -9999 -9999 -9999 -9999 -9999 -9999 -9999 1.09993951767683 1.71720537543297 1.51518419384956 1.69189848005772 1.68543453514576 1.23082646727562 1.56019878387451 1.57631099224091 2.53563451766968 2.05820256471634 1.69644373655319 1.66256403923035 1.68164920806885 1.5973334312439 1.68361508846283 1.44922426342964 2.77337175607681 2.38885581493378 2.28160732984543 2.37211579084396 2.24979901313782 1.63332295417786 1.40351477265358 1.20768901705742 1.06879350543022 1.10223671793938 1.24533900618553 1.48026528954506 2.14797002077103 3.15916264057159 6.55881500244141 5.84654867649078 7.69029235839844 -9999 -9999 -9999 -9999 -9999 -9999 -9999
-9999 -9999 -9999 -9999 -9999 -9999 -9999 -9999 -9999 -9999 -9999 -9999 -9999 -9999 -9999 -9999 -9999 -9999 -9999 2.03725756617153 1.47191135957837 0.878724753856659 1.06176303327084 0.930236617103219 0.612534731626511 0.654522746801376 0.704742729663849 0.840129017829895 0.999212265014648 1.29124501347542 1.65791094303131 1.32891073822975 1.16408479213715 1.20784199237823 1.39068076014519 1.45051351189613 1.64060479402542 1.41085427999496 1.49863278865814 1.78756266832352 1.88229221105576 1.66340392827988 1.62757730484009 1.19808751344681 0.844523996114731 0.869717985391617 1.1803582906723 1.28935271501541 1.57743728160858 1.65659719705582 2.28478127717972 -9999 -9999 -9999 -9999 -9999 -9999 -9999 -9999 -9999 -9999 -9999
-9999 -9999 -9999 -9999 -9999 -9999 -9999 -9999 -9999 -9999 -9999 -9999 -9999 -9999 -9999 -9999 -9999 2.31253668665886 4.4450443983078 5.03703224658966 3.11905932426453 1.60251742601395 0.892442241311073 0.843437992036343 0.523637250065804 0.660184487700462 0.650588259100914 0.680074498057365 0.815894275903702 0.840468764305115 0.86515948176384 0.878436774015427 0.999630779027939 1.06566596031189 1.27791371941566 1.54607176780701 1.80738598108292 1.93646621704102 0.982461780309677 0.835832208395004 0.87959548830986 1.12128746509552 1.29800248146057 0.811973243951797 0.714344993233681 1.13355901837349 1.52739679813385 1.66587379574776 1.50406917929649 1.86743398010731 2.76704692840576 -9999 -9999 -9999 -9999 -9999 -9999 -9999 -9999 -9999 -9999 -9999
-9999 -9999 -9999 -9999 -9999 -9999 -9999 -9999 -9999 -9999 -9999 -9999 -9999 -9999 0.641718757152557 0.7082279920578 0.798638695478439 0.914704889059067 0.80153551697731 0.797285288572311 0.475362002849579 0.437039986252785 0.943154633045197 0.361256249248981 0.513096749782562 0.501453772187233 0.571848750114441 0.660086989402771 0.623739749193192 0.506786271929741 0.552227988839149 0.930532515048981 0.942560970783234 1.07717102766037 1.14637577533722 1.58294695615768 1.52289819717407 2.02854752540588 1.57377523183823 0.811186462640762 0.772484958171844 0.799534499645233 0.791448712348938 0.582781478762627 0.656069979071617 1.00466698408127 1.27186761796474 1.6340579688549 1.38430497050285 1.40656761825085 1.99335205554962 3.83265741169453 -9999 -9999 -9999 -9999 -9999 -9999 -9999 -9999 -9999 -9999
-9999 -9999 -9999 -9999 -9999 -9999 -9999 -9999 -9999 -9999 -9999 17.4431410337749 0.862813675403595 0.7887655377388 0.669162306189537 0.556850267574191 0.6182637155056 0.739954501390457 0.52725000679493 0.512245506048203 0.508197750896215 0.450966730713844 0.42100802063942 0.445695742964745 0.478520259261131 0.510968998074532 0.505386739969254 0.532286256551743 0.545355007052422 0.514402493834496 0.437522247433662 0.713679760694504 1.02183374762535 1.05480748414993 1.03928098082542 1.18570277094841 1.53811794519424 1.93890452384949 1.23636075854301 0.688908755779266 0.489533990621567 0.503035515546799 0.52937176823616 0.678478494286537 1.3929877281189 1.2897712290287 1.53701251745224 2.04463881254196 1.84554970264435 2.38605335354805 2.01259475946426 -9999 -9999 -9999 -9999 -9999 4.80673393648724 13.7224138804844 4.48996567726135 4.852703332901 22.095057874918 -9999
-9999 -9999 -9999 -9999 -9999 -9999 -9999 -9999 -9999 0.70564951300621 0.646671134233475 0.551186549663544 0.558679506182671 0.791481792926788 0.643398731946945 0.682084500789642 0.926128506660461 1.23128172755241 1.19964677095413 0.754582464694977 0.467439740896225 0.465219005942345 0.366299249231815 0.351436994969845 0.460339486598969 0.498262479901314 0.486536264419556 0.435707241296768 0.467442020773888 0.501589491963387 0.642354011535645 0.411543756723404 0.822497963905334 1.10712897777557 1.16176879405975 1.1533665060997 1.54553782939911 1.03506678342819 0.667946264147758 0.511597484350204 0.437219247221947 0.406245768070221 0.423056244850159 0.532613977789879 1.05602771043777 1.58821803331375 1.67916601896286 1.87249732017517 2.22872257232666 3.28634262084961 3.27477657794952 1.8637702614069 2.05347526073456 2.16434863805771 4.47342295646667 5.6300422668457 4.11560475826263 5.08539140224457 6.16167640686035 4.39828634262085 9.98487854003906 -9999
-9999 -9999 -9999 -9999 -9999 2.82282149791718 3.34222590923309 2.50081658363342 2.52585142850876 1.62455320358276 0.948425978422165 0.916920036077499 0.920201271772385 0.808598220348358 0.692932516336441 0.855221271514893 0.863254487514496 0.691252514719963 0.656988769769669 0.68273551762104 0.747696742415428 0.550776734948158 0.424827754497528 0.390608265995979 0.428324237465858 0.3736492395401 0.335382744669914 0.371738255023956 0.397107750177383 0.418677762150764 0.405075743794441 0.448934242129326 0.581135988235474 1.30106323957443 1.6832309961319 1.52168619632721 1.68627154827118 1.28336548805237 0.919286280870438 0.594676494598389 0.430373266339302 0.390122249722481 0.404231250286102 0.4699447453022 0.805983781814575 1.37512949109077 1.89660233259201 2.11596518754959 2.74437367916107 3.35314035415649 2.82713466882706 2.38348656892776 2.38540202379227 2.57285553216934 2.62106394767761 2.98987948894501 3.53626656532288 3.87510001659393 4.76435101032257 4.33946013450623 6.86984395980835 3.53916576504707
-9999 -9999 -9999 -9999 -9999 2.94191855192184 2.97320473194122 2.62152081727982 2.42294776439667 1.78509825468063 1.29041549563408 1.22351476550102 1.06072872877121 0.823136955499649 0.617193013429642 0.6248429864645 0.675391495227814 0.61353000998497 0.566646739840508 0.607777521014214 0.557067766785622 0.485774248838425 0.414604514837265 0.398809477686882 0.411458998918533 0.493757978081703 0.451668754220009 0.442429482936859 0.430607244372368 0.473314493894577 0.511064261198044 0.475730270147324 0.538148984313011 0.969682484865189 1.76010829210281 1.88564997911453 1.87892478704453 1.5687757730484 0.986843973398209 0.716798231005669 0.509605497121811 0.416901022195816 0.401159271597862 0.43673774600029 0.499500006437302 0.615165755152702 1.34984403848648 2.29086148738861 2.83357357978821 3.23791122436523 2.05567127466202 1.88408249616623 2.04457873106003 2.41323441267014 2.89030355215073 2.69865524768829 3.2274112701416 3.05302047729492 3.38791716098785 3.47737562656403 3.61320734024048 3.49499773979187
-9999 -9999 -9999 -9999 -9999 2.18900102376938 2.02485752105713 2.39590805768967 2.87557947635651 2.67099004983902 2.15726548433304 1.56619799137115 1.41370797157288 1.168272793293 0.905616760253906 0.933898508548737 0.785245478153229 0.670898258686066 0.809213250875473 0.868310987949371 0.853279531002045 0.726350247859955 0.54849149286747 0.441300004720688 0.493498519062996 0.579971998929977 0.585188269615173 0.510384768247604 0.510959252715111 0.570846006274223 0.583270490169525 0.576078727841377 0.596348986029625 0.838876515626907 1.39669346809387 1.33422222733498 1.1603122651577 1.0127415060997 0.863321989774704 0.725285232067108 0.563727021217346 0.442658990621567 0.436889246106148 0.455227509140968 0.458595737814903 0.5142652541399 0.677135244011879 1.34047874808311 2.1611602306366 2.28948605060577 2.148950278759 2.29801350831985 2.33442896604538 2.19231230020523 2.17614823579788 1.7401619553566 1.75742930173874 1.74834752082825 2.04455924034119 2.54522556066513 2.91934275627136 3.40899467468262
-9999 -9999 -9999 -9999 -9999 1.5480637550354 1.47374323010445 1.41633599996567 1.81737667322159 1.9200621843338 2.015949010849 1.32844278216362 1.19577750563622 0.960800975561142 0.781632721424103 0.731250733137131 0.757690519094467 0.714798733592033 0.80143877863884 0.788117229938507 0.93026402592659 0.958173036575317 0.858293205499649 0.498168021440506 0.553674012422562 0.612333744764328 0.676164016127586 0.626356512308121 0.660051763057709 0.719941511750221 0.785924971103668 0.666828766465187 0.656739011406898 0.851808786392212 1.18199470639229 0.901640206575394 0.889018535614014 0.762986987829208 0.679139256477356 0.637271985411644 0.525931522250175 0.451309517025948 0.445926770567894 0.498125240206718 0.493298247456551 0.48455473780632 0.550514236092567 0.673865988850594 0.967622995376587 1.29351675510406 1.73468774557114 1.8486202955246 1.6010137796402 1.32791921496391 1.2360457777977 1.38757646083832 1.42667850852013 1.62507677078247 1.8141855597496 2.05769330263138 2.42625457048416 2.38481479883194
-9999 -9999 -9999 -9999 -9999 1.07620051503181 0.731850743293762 0.87260627746582 0.612751498818398 0.604217246174812 0.673502996563911 0.529707759618759 0.748889252543449 0.678321003913879 0.449049755930901 0.524463728070259 0.472440764307976 0.589146763086319 0.864711731672287 0.758334785699844 0.822482228279114 0.930090039968491 0.918141782283783 0.701915234327316 0.558125227689743 0.591833978891373 0.58193251490593 0.579245254397392 0.713565766811371 0.777036756277084 0.948969751596451 0.903235495090485 0.761465281248093 0.972324728965759 1.21931773424149 1.1686874628067 0.836960256099701 0.691503748297691 0.552006751298904 0.496305003762245 0.44727748632431 0.442672491073608 0.448808267712593 0.455952018499374 0.520250245928764 0.484540522098541 0.469331234693527 0.528663754463196 0.594245240092278 0.708652496337891 0.885506272315979 1.05638551712036 1.13042396306992 0.904796272516251 0.99260026216507 1.00847321748734 1.22706073522568 1.20087522268295 1.2673604786396 1.57777118682861 2.17340916395187 2.18393325805664
