EcologicalScience/Bass/data/rs_data_bass/chl_123.asc
NCOLS 226 
NROWS 124 
XLLCORNER -9.41648524995501 
YLLCORNER 47.587301625531 
CELLSIZE 0.0833 
NODATA_value -9999 
[rows 0 to 26 of 124, columns 62 to 123 of 226]
-9999 -9999 -9999 -9999 -9999 -9999 -9999 -9999 -9999 -9999 -9999 -9999 -9999 -9999 -9999 -9999 -9999 -9999 -9999 -9999 -9999 -9999 -9999 -9999 -9999 -9999 -9999 -9999 -9999 -9999 -9999 -9999 -9999 -9999 -9999 -9999 -9999 -9999 -9999 -9999 -9999 -9999 -9999 -9999 -9999 -9999 -9999 -9999 -9999 -9999 -9999 -9999 -9999 -9999 -9999 -9999 -9999 -9999 -9999 -9999 -9999 -9999
-9999 -9999 -9999 -9999 -9999 -9999 -9999 -9999 -9999 -9999 -9999 -9999 -9999 -9999 -9999 -9999 -9999 -9999 -9999 -9999 -9999 -9999 -9999 -9999 -9999 -9999 -9999 -9999 -9999 -9999 -9999 -9999 -9999 -9999 -9999 -9999 -9999 -9999 -9999 -9999 -9999 -9999 -9999 -9999 -9999 -9999 -9999 -9999 -9999 -9999 -9999 -9999 -9999 -9999 -9999 -9999 -9999 -9999 -9999 -9999 -9999 -9999
-9999 -9999 -9999 -9999 -9999 -9999 -9999 -9999 -9999 -9999 -9999 -9999 -9999 -9999 -9999 -9999 -9999 -9999 -9999 -9999 -9999 -9999 -9999 -9999 -9999 -9999 -9999 -9999 -9999 -9999 -9999 -9999 -9999 -9999 -9999 -9999 -9999 -9999 -9999 -9999 -9999 -9999 -9999 -9999 -9999 -9999 -9999 -9999 -9999 -9999 -9999 -9999 -9999 -9999 -9999 -9999 -9999 -9999 -9999 -9999 -9999 -9999
-9999 -9999 -9999 -9999 -9999 -9999 -9999 -9999 -9999 -9999 -9999 -9999 -9999 -9999 -9999 -9999 -9999 -9999 -9999 -9999 -9999 -9999 -9999 -9999 -9999 -9999 -9999 -9999 -9999 -9999 -9999 -9999 -9999 -9999 -9999 -9999 -9999 -9999 -9999 -9999 -9999 -9999 -9999 -9999 -9999 -9999 -9999 -9999 -9999 -9999 -9999 -9999 -9999 -9999 -9999 -9999 -9999 -9999 -9999 -9999 -9999 -9999
-9999 -9999 -9999 -9999 -9999 -9999 -9999 -9999 -9999 -9999 -9999 -9999 -9999 -9999 -9999 -9999 -9999 -9999 -9999 -9999 -9999 -9999 -9999 -9999 -9999 -9999 -9999 -9999 -9999 -9999 -9999 -9999 -9999 -9999 -9999 -9999 -9999 -9999 -9999 -9999 -9999 -9999 -9999 -9999 -9999 -9999 -9999 -9999 -9999 -9999 -9999 -9999 -9999 -9999 -9999 -9999 -9999 -9999 -9999 -9999 -9999 -9999
-9999 -9999 -9999 -9999 -9999 -9999 -9999 -9999 -9999 -9999 -9999 -9999 -9999 -9999 -9999 -9999 -9999 -9999 -9999 -9999 -9999 -9999 -9999 -9999 -9999 -9999 -9999 -9999 0.63735419511795 0.75434071902376 1.30642913281918 0.797373376786709 0.793165102601051 0.599344521760941 0.714298501610756 0.762272983789444 0.819432735443115 0.906495004892349 1.01630249619484 1.15742021799088 1.05139195919037 0.904451251029968 0.845374524593353 0.935666978359222 1.2036329805851 1.22113126516342 1.25005495548248 1.2007702589035 1.04123175144196 0.949418216943741 0.913341790437698 0.789297759532928 0.808761745691299 0.929234236478806 0.990189760923386 1.07857802510262 0.926576256752014 0.944743484258652 0.776612967252731 0.783055543899536 0.853441536426544 0.809103012084961
-9999 -9999 -9999 -9999 -9999 -9999 -9999 -9999 -9999 -9999 -9999 -9999 -9999 -9999 -9999 -9999 -9999 -9999 -9999 -9999 -9999 -9999 -9999 -9999 -9999 -9999 1.18186515569687 1.0627324283123 2.42445221543312 1.90951010584831 1.19878984987736 0.87457050383091 0.773545503616333 1.24257901310921 1.04016378521919 0.942300751805305 0.774611234664917 1.3417552113533 1.31299576163292 0.849387735128403 0.741854980587959 0.730361267924309 1.03573572635651 1.27487021684647 1.44961121678352 1.29721122980118 1.36819276213646 1.40333023667336 1.2475012242794 1.07979825139046 0.95550075173378 0.865110039710999 0.95626500248909 0.943259239196777 0.889417469501495 0.919042468070984 1.02958497405052 0.883777499198914 0.982247292995453 1.12715023756027 1.0237635076046 0.665053501725197
-9999 -9999 -9999 -9999 -9999 -9999 -9999 -9999 -9999 -9999 -9999 -9999 -9999 -9999 -9999 -9999 -9999 -9999 -9999 -9999 -9999 -9999 -9999 -9999 -9999 -9999 1.18186515569687 1.88814859092236 1.80556382238865 1.37406679987907 0.860716491937637 0.451973989605904 0.568416729569435 0.945628523826599 1.05918976664543 0.979970991611481 0.660917982459068 1.01520001888275 1.62153679132462 1.15467077493668 1.09924954175949 1.03059902787209 1.04588171839714 1.06262022256851 1.24913772940636 1.49568825960159 1.45943176746368 1.70710122585297 1.39482754468918 1.22107350826263 1.08786821365356 0.938988715410233 0.930835515260696 1.04360246658325 1.09920528531075 1.09074676036835 0.995275497436523 1.20507153868675 1.31410047411919 1.21904253959656 1.03372353315353 0.774952501058578
-9999 -9999 -9999 -9999 -9999 -9999 -9999 -9999 -9999 -9999 -9999 -9999 -9999 -9999 -9999 -9999 -9999 -9999 -9999 -9999 -9999 -9999 -9999 -9999 -9999 -9999 1.83700838685036 1.5245636254549 1.05631349980831 1.0011922493577 0.991533368825912 0.335690997540951 0.849298886954784 0.508816480636597 0.572904735803604 0.690414771437645 0.905063956975937 1.00054121017456 1.27735349535942 1.17146024107933 1.2319695353508 1.13858851790428 1.16617798805237 1.26591074466705 1.3174290060997 1.3014959692955 1.24283471703529 1.24688771367073 1.31195023655891 1.19053128361702 1.09372052550316 1.04408177733421 1.01590570807457 1.03767371177673 1.02373051643372 1.05613428354263 1.31763750314713 1.20668399333954 0.991625279188156 1.03297126293182 0.749402984976768 0.547096520662308
-9999 -9999 -9999 -9999 -9999 -9999 -9999 -9999 -9999 -9999 -9999 -9999 -9999 -9999 -9999 -9999 -9999 -9999 -9999 -9999 -9999 -9999 -9999 -9999 -9999 1.19121462106705 1.35404585301876 1.11331535875797 1.47682048380375 1.54084610939026 1.32491809129715 0.357346504926682 0.429619520902634 0.567458242177963 0.60063149034977 0.602098479866982 0.622813493013382 0.625369504094124 0.891129791736603 0.841190278530121 0.969128251075745 1.04451978206635 0.908745020627975 1.16895371675491 1.13535976409912 0.914793759584427 0.971718013286591 1.10967528820038 1.00294125080109 0.9308842420578 0.949716031551361 0.874442964792252 0.836954265832901 0.839828968048096 1.00004929304123 1.18106174468994 1.0721872150898 0.609921768307686 0.537082493305206 0.492756754159927 0.482321262359619 0.485464498400688
-9999 -9999 -9999 -9999 -9999 -9999 -9999 -9999 -9999 -9999 -9999 -9999 -9999 -9999 -9999 -9999 -9999 -9999 -9999 -9999 -9999 -9999 -9999 -9999 -9999 0.443325743079185 0.481406271457672 1.13617575913668 1.3045125156641 1.62799832224846 0.391881018877029 0.5144272595644 0.501398250460625 0.489953264594078 0.547665014863014 0.617245495319366 0.665162980556488 0.613801494240761 0.712502270936966 0.620667010545731 0.539632514119148 0.582902267575264 0.761987239122391 1.08245703577995 0.949634224176407 0.915650993585587 1.08586353063583 1.14770328998566 1.11275097727776 0.791519969701767 0.80036249756813 0.69028352200985 0.601380005478859 0.684171751141548 1.05940872430801 0.967504531145096 0.79773223400116 0.577839732170105 0.533600986003876 0.496894508600235 0.506976753473282 0.523809760808945
-9999 -9999 -9999 -9999 -9999 -9999 -9999 -9999 -9999 -9999 -9999 -9999 -9999 -9999 -9999 -9999 -9999 -9999 -9999 -9999 -9999 -9999 -9999 -9999 1.31647038459778 0.563558265566826 0.504302233457565 0.445020765066147 0.41939851641655 0.400339499115944 0.471593230962753 0.557142734527588 0.611607760190964 0.563606232404709 0.581155478954315 0.620447248220444 0.637874230742455 0.618384003639221 0.698352009057999 0.644080504775047 0.691529229283333 0.739572018384933 0.752804964780807 0.767542541027069 0.842745780944824 0.75534600019455 1.23862498998642 1.47511804103851 1.33604326844215 0.936764270067215 0.835955232381821 0.73419226706028 0.701039984822273 0.707948237657547 0.8841892182827 0.856941729784012 0.659596502780914 0.552293255925179 0.533376753330231 0.489842981100082 0.518736764788628 0.50374048948288
-9999 -9999 -9999 -9999 -9999 -9999 -9999 -9999 -9999 -9999 -9999 -9999 -9999 -9999 -9999 -9999 -9999 -9999 -9999 -9999 -9999 -9999 -9999 1.50594073534012 0.70152148604393 0.686984986066818 0.576909765601158 0.538938000798225 0.544608771800995 0.496665760874748 0.627757519483566 0.861830234527588 0.858287215232849 0.909175515174866 0.622114509344101 0.688597485423088 0.776986509561539 0.946406990289688 0.979173749685287 1.54708653688431 1.01850897073746 1.06146821379662 1.06282049417496 0.98760598897934 0.869755536317825 0.807911217212677 1.1056754887104 1.07998126745224 0.812260508537292 0.728313758969307 0.699913501739502 0.681454494595528 0.676824733614922 0.687114760279655 0.626360982656479 0.622398018836975 0.522402763366699 0.5117257386446 0.488436743617058 0.457823261618614 0.457355260848999 0.401386499404907
-9999 -9999 -9999 -9999 -9999 -9999 -9999 -9999 -9999 -9999 -9999 -9999 -9999 -9999 -9999 -9999 -9999 -9999 -9999 -9999 -9999 -9999 2.86122339963913 1.32032471895218 0.779780209064484 0.735141009092331 0.842879980802536 1.07365652918816 1.00782153010368 0.937969475984573 1.10646378993988 0.921256542205811 0.963371962308884 0.984313488006592 0.842602461576462 0.713760003447533 0.780972719192505 0.932667016983032 0.916259229183197 1.09024876356125 1.17354226112366 1.19165772199631 1.23634725809097 1.15780645608902 1.09492421150208 1.09417802095413 0.870591759681702 0.762672007083893 0.714795738458633 0.680684253573418 0.632226750254631 0.604277998209 0.620195254683495 0.639462009072304 0.612312018871307 0.568790271878242 0.452171266078949 0.417275995016098 0.393448501825333 0.414643496274948 0.394065007567406 0.370416752994061
-9999 -9999 -9999 -9999 -9999 -9999 -9999 -9999 -9999 -9999 -9999 -9999 -9999 -9999 -9999 -9999 -9999 -9999 -9999 -9999 2.64602583646774 1.90895746475042 1.09808626770973 1.09314528107643 0.861116230487823 0.755780965089798 0.975473999977112 1.125 1.15637996792793 1.18838927149773 1.16210550069809 1.01406222581863 0.942965269088745 0.844788730144501 0.791758507490158 0.719192236661911 0.757773041725159 0.833907008171082 0.807019472122192 0.728324979543686 0.830261260271072 1.1170454621315 1.10223376750946 1.66629749536514 1.13661003112793 0.90146479010582 0.728932499885559 0.764131486415863 0.711807757616043 0.667371019721031 0.628158017992973 0.600819021463394 0.584373772144318 0.597000002861023 0.552425265312195 0.557676762342453 0.433076977729797 0.397304266691208 0.3880695104599 0.39895199239254 0.401975244283676 0.391201481223106
-9999 -9999 -9999 -9999 -9999 -9999 -9999 -9999 -9999 -9999 -9999 -9999 -9999 -9999 -9999 -9999 -9999 -9999 -9999 -9999 2.11134871173064 1.91739299744368 1.14269095659256 0.957021743059158 0.887959510087967 0.93547198176384 0.945492714643478 0.968134492635727 1.10865300893784 1.39065447449684 1.85046601295471 1.87018883228302 1.2627802491188 1.04424521327019 0.83858397603035 0.686155512928963 0.708380252122879 0.715680733323097 0.783796459436417 0.705944269895554 0.726095259189606 0.752586722373962 0.808649271726608 0.982966482639313 1.05876445770264 0.80015704035759 0.669394478201866 0.6756232380867 0.652877256274223 0.595735520124435 0.558528766036034 0.563211768865585 0.610527008771896 0.612968981266022 0.623489990830421 0.599387258291245 0.516788989305496 0.466394260525703 0.460165500640869 0.463860020041466 0.476447269320488 0.471487507224083
-9999 -9999 -9999 -9999 -9999 -9999 -9999 -9999 -9999 -9999 -9999 -9999 -9999 -9999 -9999 -9999 -9999 -9999 -9999 1.84177869558334 1.64960092306137 1.23666974902153 1.62678229808807 1.04391896724701 1.06567570567131 1.18936201930046 1.18327277898788 1.77154791355133 1.82059121131897 2.05035531520844 2.22672683000565 1.92270308732986 1.42942053079605 1.34478896856308 0.879771709442139 0.729760497808456 0.680490732192993 0.633734241127968 0.685314729809761 0.695176497101784 0.651810005307198 0.63169652223587 0.803693979978561 0.860976040363312 0.83327928185463 0.713643014431 0.680202752351761 0.645971238613129 0.616222500801086 0.607903495430946 0.597680255770683 0.567229494452477 0.602802738547325 0.611198231577873 0.603579014539719 0.621055483818054 0.584912985563278 0.557599514722824 0.530446484684944 0.522246748209 0.53693850338459 0.520346984267235
-9999 -9999 -9999 -9999 -9999 -9999 -9999 -9999 -9999 -9999 -9999 -9999 -9999 -9999 -9999 -9999 -9999 -9999 2.83610469102859 2.38606506586075 7.30282545089722 2.63931602239609 2.35526257753372 1.73388683795929 2.27611202001572 1.82980352640152 1.554343521595 2.15621244907379 1.67221945524216 1.77888894081116 1.54355406761169 1.76179200410843 2.3226113319397 2.01024001836777 1.21663802862167 0.867002248764038 0.761147260665894 0.626929521560669 0.598458006978035 0.642287984490395 0.654645010828972 0.644180238246918 0.750243723392487 0.871493250131607 0.933630019426346 0.769139975309372 0.695610746741295 0.650325760245323 0.614769011735916 0.586743012070656 0.560776501893997 0.597404256463051 0.630846753716469 0.597068980336189 0.569867268204689 0.535602763295174 0.542384997010231 0.587357237935066 0.581890493631363 0.584526747465134 0.522456005215645 0.514232262969017
-9999 -9999 -9999 -9999 -9999 -9999 -9999 -9999 -9999 -9999 -9999 -9999 -9999 -9999 -9999 -9999 -9999 10.3016169746487 4.88520602881908 2.10612899065018 6.55181550979614 5.31905472278595 4.84311890602112 5.68600344657898 3.91519439220428 3.48699223995209 2.54206198453903 1.47771826386452 1.93623822927475 2.70325648784637 1.55763602256775 1.98979425430298 1.40651321411133 2.2499692440033 1.42117801308632 0.837960720062256 0.712179735302925 0.616434752941132 0.605344489216805 0.720940500497818 0.553040251135826 0.612186759710312 0.877077788114548 0.749382019042969 0.736171513795853 0.691083759069443 0.713378235697746 0.682094246149063 0.631296738982201 0.580802232027054 0.596864998340607 0.616325989365578 0.603866994380951 0.608848482370377 0.572252243757248 0.545577764511108 0.554612249135971 0.565456509590149 0.589921519160271 0.588072761893272 0.558235511183739 0.476052761077881
-9999 -9999 -9999 -9999 -9999 -9999 -9999 -9999 -9999 -9999 -9999 -9999 -9999 -9999 -9999 -9999 -9999 -9999 -9999 1.68609564006329 1.7773545384407 2.87819623947144 2.62954580783844 1.82080578804016 1.66988933086395 1.23507070541382 1.62101393938065 1.78198117017746 1.43128725886345 1.23496502637863 2.87971651554108 1.09468647837639 1.17321449518204 1.21623900532722 1.03766021132469 0.791226714849472 0.677422508597374 0.660545244812965 0.664206728339195 0.688447505235672 0.700494021177292 0.696392253041267 0.663265496492386 0.5781120210886 0.617411255836487 0.612473264336586 0.669462740421295 0.715968757867813 0.630291000008583 0.613970249891281 0.621973514556885 0.632666230201721 0.666788265109062 0.661322236061096 0.641499727964401 0.62194798886776 0.659172758460045 0.650640740990639 0.626211002469063 0.608895733952522 0.551547020673752 0.514126494526863
-9999 -9999 -9999 -9999 -9999 -9999 -9999 -9999 -9999 -9999 -9999 -9999 -9999 -9999 -9999 6.26386713981628 11.2947577837037 3.61813271045685 3.33245265483856 2.14437747001648 2.69919669628143 3.56572508811951 1.6973392367363 1.10247901082039 0.909938961267471 0.859871238470078 0.901523977518082 1.11958050727844 1.14162370562553 1.26725023984909 1.28451749682426 0.88826322555542 0.768378764390945 0.920163720846176 0.982355207204819 0.816053241491318 0.748076230287552 0.751547992229462 0.862411469221115 0.708890229463577 0.743784740567207 0.695647493004799 0.640603512525558 0.626920491456985 0.577839016914368 0.565322980284691 0.705807745456696 0.637193977832794 0.722383484244347 0.674072250723839 0.703706234693527 0.696141734719276 0.606797263026237 0.619405478239059 0.637112259864807 0.6564090102911 0.690972000360489 0.686220020055771 0.63722026348114 0.568236753344536 0.51343198120594 0.494754731655121
-9999 -9999 -9999 -9999 -9999 -9999 -9999 -9999 -9999 -9999 35.2986888885498 35.2986888885498 13.7248649597168 2.12540173530579 1.99444127082825 2.45987766981125 2.35336267948151 2.42936700582504 2.24306255578995 2.17129343748093 2.08588796854019 2.29615420103073 2.5543327331543 1.3882087469101 1.03554672002792 0.876649528741837 0.963162034749985 1.3744920194149 1.36144423484802 1.09505778551102 0.941943794488907 0.749142006039619 0.716598764061928 1.95600825548172 1.13539275527 1.06864947080612 0.876229494810104 0.826905727386475 0.828651040792465 0.740862742066383 0.72425477206707 0.695033267140388 0.650358751416206 0.59383799135685 0.60733500123024 0.617725521326065 0.605214759707451 0.684603005647659 0.718726515769958 0.707637012004852 0.705669745802879 0.698745757341385 0.659189254045486 0.640682995319366 0.695228263735771 0.683217018842697 0.685428768396378 0.709392741322517 0.648057013750076 0.55614298582077 0.510736495256424 0.473885267972946
-9999 -9999 -9999 -9999 -9999 -9999 -9999 -9999 -9999 -9999 35.2986888885498 3.14485354259096 2.25225377082825 2.25583058595657 2.63094073534012 2.91992479562759 3.21617925167084 20.5274335563183 8.36623029484607 3.16028704245885 2.44753128290176 7.25286841392517 6.24049830436707 2.78250002861023 1.22899729013443 1.47748804092407 0.939181476831436 0.741953238844872 0.903321772813797 0.759410262107849 0.657917261123657 0.568561479449272 0.621152982115746 0.708210736513138 0.908280730247498 0.982895225286484 0.981491267681122 0.827877044677734 0.887863487005234 0.816161960363388 0.775577276945114 0.746127739548683 0.725857481360435 0.700442254543304 0.676007241010666 0.7187609821558 0.707374513149261 0.702101245522499 0.767679780721664 0.788303285837173 0.774944275617599 0.724099516868591 0.67035748064518 0.646794766187668 0.672879740595818 0.662991732358932 0.644137501716614 0.672950237989426 0.608825996518135 0.539046764373779 0.508092731237411 0.504542246460915
-9999 -9999 -9999 -9999 -9999 -9999 -9999 -9999 -9999 -9999 -9999 -9999 15.3319787107981 6.39617967605591 4.41655004024506 4.04206382710001 -9999 -9999 -9999 -9999 -9999 -9999 1.52133677601814 2.7987672239542 0.789861023426056 0.516531754285097 0.649273507297039 1.24909052252769 0.693000733852386 1.09508702158928 0.598797753453255 0.538816496729851 0.513717010617256 0.497140511870384 0.647898763418198 0.780145525932312 0.607510507106781 0.604954496026039 0.682600513100624 0.773271024227142 0.73013100028038 0.720074236392975 0.707697004079819 0.590804994106293 0.670424982905388 0.655172243714333 0.675702765583992 0.76469475030899 0.735967487096786 0.760521769523621 0.729482263326645 0.708010509610176 0.67440377175808 0.662995487451553 0.682796269655228 0.677106767892838 0.619442269206047 0.590393230319023 0.529803737998009 0.512886017560959 0.512087255716324 0.49184775352478
-9999 -9999 -9999 -9999 -9999 -9999 -9999 -9999 -9999 -9999 -9999 -9999 -9999 16.6274771690369 16.6274771690369 16.6274771690369 -9999 -9999 -9999 -9999 -9999 -9999 4.94490551948547 4.94490551948547 4.94490551948547 0.308659605681896 4.73657474666834 0.96450262516737 0.823704779148102 0.720011629164219 0.580964237451553 0.50272125005722 0.502056732773781 0.501461237668991 0.529160231351852 0.498194262385368 0.839861959218979 0.692586019635201 0.635874018073082 0.605987995862961 0.796263009309769 0.597094506025314 0.521621257066727 0.61218823492527 0.858749270439148 0.686783239245415 0.620177999138832 0.773804247379303 0.712254747748375 0.678168743848801 0.703019231557846 0.670889988541603 0.657541483640671 0.656326487660408 0.695157006382942 0.651848271489143 0.646616265177727 0.579503238201141 0.539417266845703 0.587818488478661 0.569039270281792 0.595255494117737
-9999 -9999 -9999 -9999 -9999 -9999 -9999 -9999 -9999 -9999 -9999 -9999 -9999 -9999 -9999 -9999 -9999 -9999 -9999 -9999 -9999 -9999 -9999 -9999 -9999 -9999 1.25820863619447 1.9092139005661 1.1192748695612 0.997318133711815 0.858277514576912 0.44913075864315 0.526215746998787 0.548834234476089 0.491870239377022 0.471107259392738 0.485802009701729 0.463767752051353 0.468721479177475 0.617475762963295 0.563719511032104 0.551061764359474 0.55460549890995 0.563100770115852 0.582482233643532 0.614569500088692 0.59815576672554 0.701417237520218 0.671597242355347 0.633644253015518 0.644911497831345 0.645190492272377 0.618371978402138 0.59799899160862 0.628434017300606 0.638969242572784 0.596846982836723 0.565034240484238 0.550794750452042 0.559731736779213 0.578985750675201 0.645527243614197
-9999 -9999 -9999 -9999 -9999 -9999 -9999 -9999 -9999 -9999 -9999 -9999 -9999 -9999 -9999 -9999 -9999 -9999 -9999 -9999 -9999 -9999 -9999 -9999 -9999 -9999 -9999 5.48545054878507 2.07296088337898 3.38149738311768 1.84725822508335 2.01090900599957 1.96680933237076 0.726040497422218 0.546821236610413 0.422937020659447 0.42993526160717 0.487934231758118 0.585069000720978 0.579389244318008 0.605652004480362 0.597282752394676 0.690890237689018 0.691965758800507 0.663071259856224 0.613093480467796 0.614510267972946 0.658650755882263 0.657394498586655 0.625400260090828 0.640261486172676 0.638693243265152 0.601711481809616 0.598538249731064 0.635412007570267 0.629184007644653 0.627571508288383 0.590384244918823 0.569315269589424 0.585705757141113 0.574030503630638 0.592853263020515
