EcologicalScience/Bass/data/rs_data_bass/chl_273.asc
NCOLS 226 
NROWS 124 
XLLCORNER -9.41648524995501 
YLLCORNER 47.587301625531 
CELLSIZE 0.0833 
NODATA_value -9999 
[rows 0 to 26 of 124, columns 62 to 123 of 226]
-9999 -9999 -9999 -9999 -9999 -9999 -9999 -9999 -9999 -9999 -9999 -9999 -9999 -9999 -9999 -9999 -9999 -9999 -9999 -9999 -9999 -9999 -9999 -9999 -9999 -9999 -9999 -9999 -9999 -9999 -9999 -9999 -9999 -9999 -9999 -9999 -9999 -9999 -9999 -9999 -9999 -9999 -9999 -9999 -9999 -9999 -9999 -9999 -9999 -9999 -9999 -9999 -9999 -9999 -9999 -9999 -9999 -9999 -9999 -9999 -9999 -9999
-9999 -9999 -9999 -9999 -9999 -9999 -9999 -9999 -9999 -9999 -9999 -9999 -9999 -9999 -9999 -9999 -9999 -9999 -9999 -9999 -9999 -9999 -9999 -9999 -9999 -9999 -9999 -9999 -9999 -9999 -9999 -9999 -9999 -9999 -9999 -9999 -9999 -9999 -9999 -9999 -9999 -9999 -9999 -9999 -9999 -9999 -9999 -9999 -9999 -9999 -9999 -9999 -9999 -9999 -9999 -9999 -9999 -9999 -9999 -9999 -9999 -9999
-9999 -9999 -9999 -9999 -9999 -9999 -9999 -9999 -9999 -9999 -9999 -9999 -9999 -9999 -9999 -9999 -9999 -9999 -9999 -9999 -9999 -9999 -9999 -9999 -9999 -9999 -9999 -9999 -9999 -9999 -9999 -9999 -9999 -9999 -9999 -9999 -9999 -9999 -9999 -9999 -9999 -9999 -9999 -9999 -9999 -9999 -9999 -9999 -9999 -9999 -9999 -9999 -9999 -9999 -9999 -9999 -9999 -9999 -9999 -9999 -9999 -9999
-9999 -9999 -9999 -9999 -9999 -9999 -9999 -9999 -9999 -9999 -9999 -9999 -9999 -9999 -9999 -9999 -9999 -9999 -9999 -9999 -9999 -9999 -9999 -9999 -9999 -9999 -9999 -9999 -9999 -9999 -9999 -9999 -9999 -9999 -9999 -9999 -9999 -9999 -9999 -9999 -9999 -9999 -9999 -9999 -9999 -9999 -9999 -9999 -9999 -9999 -9999 -9999 -9999 -9999 -9999 -9999 -9999 -9999 -9999 -9999 -9999 -9999
-9999 -9999 -9999 -9999 -9999 -9999 -9999 -9999 -9999 -9999 -9999 -9999 -9999 -9999 -9999 -9999 -9999 -9999 -9999 -9999 -9999 -9999 -9999 -9999 -9999 -9999 -9999 -9999 -9999 -9999 -9999 -9999 -9999 -9999 -9999 -9999 -9999 -9999 -9999 -9999 -9999 -9999 -9999 -9999 -9999 -9999 -9999 -9999 -9999 -9999 -9999 -9999 -9999 -9999 -9999 -9999 -9999 -9999 -9999 -9999 -9999 -9999
-9999 -9999 -9999 -9999 -9999 -9999 -9999 -9999 -9999 -9999 -9999 -9999 -9999 -9999 -9999 -9999 -9999 -9999 -9999 -9999 -9999 -9999 -9999 -9999 -9999 -9999 -9999 -9999 0.63735419511795 1.07930340960513 1.40314606825511 4.1607004404068 0.906231244405111 1.74267144997915 0.742639144261678 0.745875249306361 0.881095995505651 0.96517609556516 0.988314757744471 0.515164587646723 0.558741280809045 0.538864466197351 0.508773559704423 0.809541583061218 0.733213106791178 0.614867935578028 0.484452168146769 0.461897005637487 0.560357749462128 0.548317824800809 0.46555533260107 0.459143735468388 0.447254173457623 0.629091327389081 0.695744931697845 0.383219997088114 0.354011498391628 1.06614927320104 0.70011908809344 0.982275630298414 1.00348594157319 0.971717540370791
-9999 -9999 -9999 -9999 -9999 -9999 -9999 -9999 -9999 -9999 -9999 -9999 -9999 -9999 -9999 -9999 -9999 -9999 -9999 -9999 -9999 -9999 -9999 -9999 -9999 -9999 1.18186515569687 1.0627324283123 1.86566960986923 4.10885818799337 6.4178215265274 3.30003078778585 1.15214057763418 0.836650729179382 0.735399891932805 0.776546190182368 1.02458956837654 1.05332499742508 2.1633110443751 0.433059004299781 0.404259213629891 0.488992039114237 0.513104723766446 1.00976702570915 0.993115236361821 1.02130458752314 1.08608049154282 0.671966989835103 0.656914899746577 0.677814831336339 0.378918570630691 0.40745651225249 0.4407882442077 1.01533483517797 1.33208067872022 0.561484674612681 1.13665901908749 0.451832721009851 0.50993739156162 0.497506827992551 0.722771982351939 0.802448074022929
-9999 -9999 -9999 -9999 -9999 -9999 -9999 -9999 -9999 -9999 -9999 -9999 -9999 -9999 -9999 -9999 -9999 -9999 -9999 -9999 -9999 -9999 -9999 -9999 -9999 -9999 1.18186515569687 2.04328680038452 1.47752781650599 1.0692094634561 3.29562294483185 0.740966911117236 0.688083340724309 0.708184500535329 1.02975157896678 0.922508587439855 0.437067137045019 1.090151121219 1.12512873609861 3.08930758635203 0.42773024650181 0.399599285686717 0.41808082864565 0.437003952615401 0.416553307982052 0.91332624355952 0.8865560789903 0.895496358474096 0.754999697208405 0.766827503840129 0.751578092575073 0.61218099296093 0.456109171112378 0.442494079470634 0.48893791437149 0.506606345375379 0.459132581949234 0.48774048127234 0.486569546163082 0.474985307630371 0.386373159786065 1.06461208745053
-9999 -9999 -9999 -9999 -9999 -9999 -9999 -9999 -9999 -9999 -9999 -9999 -9999 -9999 -9999 -9999 -9999 -9999 -9999 -9999 -9999 -9999 -9999 -9999 -9999 -9999 1.44912176330884 1.42749615758657 1.08984237536788 0.893714338541031 0.821122571825981 0.777914514144262 0.735810334483783 0.640127504865328 1.21604440609614 1.11328358451525 1.1009775698185 1.3294862696999 1.22743644212422 1.15225019057592 1.22382611036301 1.25391888618469 1.17174577713013 0.39322222330991 0.395571507513523 0.947113121810712 0.996317515770594 0.808399975299835 0.757016112407048 0.730864415566126 0.649804492791494 0.581566239396731 0.591124246517817 0.526500329375267 0.427667568127314 0.428192511200905 0.441329672932625 0.458077233284712 0.41784243285656 0.545673981308937 0.599753990769386 0.63213391105334
-9999 -9999 -9999 -9999 -9999 -9999 -9999 -9999 -9999 -9999 -9999 -9999 -9999 -9999 -9999 -9999 -9999 -9999 -9999 -9999 -9999 -9999 -9999 -9999 -9999 1.19121462106705 3.28545784950256 1.01171130314469 0.87751716375351 0.799950912594795 0.776464432477951 0.753580744067828 1.07387494099768 0.971495580516364 0.809406078175495 1.04391091068586 1.39838254451752 1.3507307767868 1.42990360134526 1.23167387121602 1.20079469680786 1.4001782933871 1.34228211641312 1.1721827105472 0.935447325309118 0.848057627677917 0.820359659822364 0.770276191987489 0.67703565955162 0.665799111127853 0.344906132668257 0.7162127965375 0.598316214586559 0.4544737479266 0.424215355888009 0.433565323551496 0.461159328619639 0.528966168562571 0.604487470218114 0.547518127730914 0.492228037544659 0.592656039139804
-9999 -9999 -9999 -9999 -9999 -9999 -9999 -9999 -9999 -9999 -9999 -9999 -9999 -9999 -9999 -9999 -9999 -9999 -9999 -9999 -9999 -9999 -9999 -9999 -9999 1.64631423354149 1.26401310414076 1.07875248044729 1.09578421711922 0.671320969567579 0.949186395853758 0.823921332756678 0.569264294470058 0.545954777913935 0.7315414775359 0.727231432994207 0.681322673956553 1.13354335228602 0.473700697807705 1.00547576421186 0.970860580603282 0.345750055768911 0.336631097337779 0.936378320058187 0.836635569731394 0.829238831996918 0.879351013898849 0.794197142124176 0.821873108545939 0.813214431206385 0.83862574895223 0.781939417123795 0.710602184136709 0.545152917504311 0.613929495215416 0.409988349303603 0.531017998854319 0.517956842978795 0.389877654612064 0.474143981933594 0.518484408656756 0.833294353634119
-9999 -9999 -9999 -9999 -9999 -9999 -9999 -9999 -9999 -9999 -9999 -9999 -9999 -9999 -9999 -9999 -9999 -9999 -9999 -9999 -9999 -9999 -9999 -9999 1.31647038459778 1.57761836796999 1.36200372129679 1.13149618729949 0.947759320959449 1.0386094947656 1.01593865454197 0.981488704681396 0.835392644008001 0.592983983895358 0.566347770831164 0.723709672689438 0.757659008105596 0.763355235258738 0.60753556998337 0.537298374316272 0.576536294292001 0.471344222040737 0.423345621017849 0.935518085956574 0.80730602145195 0.926127324501673 1.01730136076609 1.08537728587786 1.25158462398931 1.00286585092545 0.99257884422938 0.881124724944433 0.788209170103073 0.784829308589299 0.707073350747426 0.738036493460337 0.789699912071228 0.593150993188222 0.615108235886222 0.48019787277046 0.514545483808768 0.443668832381566
-9999 -9999 -9999 -9999 -9999 -9999 -9999 -9999 -9999 -9999 -9999 -9999 -9999 -9999 -9999 -9999 -9999 -9999 -9999 -9999 -9999 -9999 -9999 1.50594073534012 1.21000027656555 1.32347961142659 1.1317847147584 0.891677062958479 0.762375857681036 0.940789888302485 0.915885676940282 0.883090257644653 0.908530414104462 0.942212333281835 0.966531187295914 0.856560905774434 0.406817657106063 0.385047171045752 0.710367739200592 0.757421900828679 0.768953522046407 0.796335409084956 0.46469528622487 0.423320600215127 0.408145374234985 0.909727772076925 0.962658812602361 0.925000915924708 0.836454858382543 0.771172245343526 0.82085923353831 0.844108571608861 0.688878238201141 0.686869164307912 0.912551313638687 0.28435633449178 0.299200578647501 0.301447499324294 0.509333511193593 0.637009223302205 0.496190652251244 0.425651753942172
-9999 -9999 -9999 -9999 -9999 -9999 -9999 -9999 -9999 -9999 -9999 -9999 -9999 -9999 -9999 -9999 -9999 -9999 -9999 -9999 -9999 -9999 4.7043821811676 1.81249158829451 1.34689583256841 1.08510761708021 0.993415385484695 0.80798296071589 0.64193400554359 1.07376526792844 0.928647428750992 0.97971123456955 0.96858357389768 0.995051085948944 1.03982106844584 0.411192692377988 0.845133483409882 0.769711097081502 0.73997633655866 0.360544502735138 0.356680288910866 0.76000189781189 0.347038407536114 0.403515773660996 0.331498103983262 0.314270346480257 0.286407167420668 1.13621052106222 0.966617852449417 0.762460321187973 0.814612857605282 0.894501407941182 0.937076230843862 0.353190882241025 0.369098682613934 0.383452768711483 0.38479887212024 0.362657118369551 0.345073045176618 0.844829457370858 1.00209952394168 0.707464025993096
-9999 -9999 -9999 -9999 -9999 -9999 -9999 -9999 -9999 -9999 -9999 -9999 -9999 -9999 -9999 -9999 -9999 -9999 -9999 -9999 2.64602583646774 4.784731142796 1.73412671685219 1.66837131232023 1.31676189601421 0.976645598808924 0.786280758240644 0.772698840674232 1.14590154960752 1.10071294382215 1.09253998473287 0.93073782324791 0.947452406088511 0.948602249224981 1.00421749552091 1.00498648484548 0.913243942400988 0.811875343322754 0.817457725604375 0.410550876575358 0.303580683820388 0.281180504490347 0.716852188110352 0.692990690469742 0.307080351254519 0.314184668309548 0.734894156455994 0.934315159132606 0.746030827363332 0.768309096495311 0.900681222739973 0.829611890410122 0.806249191102229 0.769807527462641 0.406672370784423 0.407717690748327 0.470936160753755 0.385691955685616 0.412830480757882 1.09457089503606 1.35539249579112 0.82275480894666
-9999 -9999 -9999 -9999 -9999 -9999 -9999 -9999 -9999 -9999 -9999 -9999 -9999 -9999 -9999 -9999 -9999 -9999 -9999 -9999 2.23105659215255 2.29624050855637 1.21298550156986 1.38125259429216 1.22917117550969 1.10513820871711 0.794338029973647 0.779161476037082 1.14184323325753 1.19296019151807 1.21628738567233 1.30613515153527 0.850820481777191 0.848463455835978 0.892945051193237 0.92205415169398 0.936298340559006 0.876763850450516 0.860251396894455 0.739994292196475 0.38232894943041 0.678324570258458 0.681618398741672 0.679998222150301 0.693270065282521 0.699642372758765 0.769705379710478 0.997146553852979 1.2578750650088 1.16204492251078 0.843687546880622 0.434104517102242 0.454048499464989 0.847267408904276 0.551338255405426 0.413398012518883 0.424327506738551 0.484954628874274 0.766770584802879 0.694902182409638 1.1120882162026 0.366946783382446
-9999 -9999 -9999 -9999 -9999 -9999 -9999 -9999 -9999 -9999 -9999 -9999 -9999 -9999 -9999 -9999 -9999 -9999 -9999 10.4101547087942 2.96799733489752 1.92359058558941 1.48828022181988 1.40663538873196 1.32782681286335 1.24790729954839 1.11195101961493 0.726843521875494 1.24394474923611 0.652033667354023 0.853307813405991 0.851158648729324 0.841338217258453 0.856755495071411 0.911099523305893 1.00585015614827 0.732327739982044 0.891135235627492 0.868299921353658 0.779938948781867 0.761852634580512 0.408470749855042 0.394441246986389 0.419523254036903 0.352560743689537 0.738332827885946 1.1891056895256 1.10361957550049 1.24515205621719 1.81881117119509 0.404992237687111 0.478285238146782 0.807411486380979 0.636152505874634 0.485175013542175 0.405240744352341 0.411201491951942 0.416028738021851 0.390256002545357 0.418679505586624 0.422699496150017 0.334884749459369
-9999 -9999 -9999 -9999 -9999 -9999 -9999 -9999 -9999 -9999 -9999 -9999 -9999 -9999 -9999 -9999 -9999 -9999 8.15431214869022 6.5755146369338 4.4461727142334 2.56086355447769 1.66546140611172 1.47834073752165 1.3001990430057 1.16762557625771 1.11316923424602 0.674933605334338 1.03615242242813 0.624316429390627 0.79116474588712 0.805769244829814 0.796897331873576 0.809791177511215 0.823953588803609 0.879320830106735 0.957364082336426 0.80757142106692 0.769296189149221 0.661290186457336 0.533679760992527 0.514810748398304 0.431180752813816 0.811712255080541 0.703600068887075 0.775267481803894 1.21856407608305 1.4169043813433 1.36172452043085 0.660500608384609 0.714174037701205 0.362745475955307 0.349860004149377 0.365463288500905 0.362645576397578 0.33535198867321 0.446850270032883 0.503128245472908 0.492779746651649 0.376692959240505 0.595003142952919 0.645426202565432
-9999 -9999 -9999 -9999 -9999 -9999 -9999 -9999 -9999 -9999 -9999 -9999 -9999 -9999 -9999 -9999 -9999 24.6775515479159 13.3904961978688 12.6326089203358 8.49748950451612 3.11292797327042 1.56643724441528 1.33905336633325 1.24046308547258 1.18330151215196 1.14067827165127 0.985269717872143 0.640079203773947 0.829503029584885 0.809869746367137 0.603746344937998 0.776130725940068 0.796723316113154 0.737513015667597 0.53049909279627 0.812003175417582 0.83513543009758 0.83596924940745 0.837406665086746 0.735143174727758 0.645170082648595 0.637110153834025 0.55308836149542 0.496759250760078 0.723417054665716 0.721703062454859 0.479722583118607 0.583588627477487 0.520484492182732 0.677099019289017 0.51817025244236 0.523969247937202 0.563495993614197 0.688220515847206 0.65359957019488 0.630822317674756 0.589542620815337 0.570234999060631 0.517227753996849 0.518070757389069 0.669429151635421
-9999 -9999 -9999 -9999 -9999 -9999 -9999 -9999 -9999 -9999 -9999 -9999 -9999 -9999 -9999 -9999 -9999 -9999 -9999 2.48134096463521 2.02230274326661 1.82775020599365 1.25718911737204 1.27891921252012 1.23057430610061 1.16820322349668 0.859104952391456 0.804593997697036 0.83147752781709 0.757031040887038 0.569570686887292 0.60290863321108 0.430546972900629 0.741286081426284 0.721334690556807 0.730895072221756 0.742758835616865 0.678776908861963 0.685304012737776 0.635278306509319 0.61842202748123 0.428838206564679 0.605651587247849 0.613485177357992 0.563518678148587 0.573409746090571 0.590504343310992 0.633703845388749 0.334890380501747 0.331654254812747 0.653324246406555 0.75085374712944 0.703057512640953 0.658854261040688 0.618992269039154 0.757619500160217 0.66609500348568 0.639467254281044 0.613944500684738 0.668762236833572 0.457937241038855 0.52724030893296
-9999 -9999 -9999 -9999 -9999 -9999 -9999 -9999 -9999 -9999 -9999 -9999 -9999 -9999 -9999 3.5321472465992 3.07931930728075 8.52752007308759 2.52008035182953 2.49189480543137 1.491116720438 1.36823086738586 1.18973577395082 1.00739073380828 0.857436832040548 0.94121852517128 0.899469395478566 1.08650212486585 0.945337514082591 0.647059957186381 0.663360265394052 0.568211610428989 0.537016298621893 0.803712760700899 0.730924828964121 0.775315074544204 0.75095051370169 0.717513277342445 0.768170982599258 0.751433988412221 0.459002438932657 0.425865277647972 0.376225959509611 0.675982748468717 0.735863323012988 0.582458356395364 0.572356609627604 0.22818807337214 0.341265387833118 0.622522102559314 0.510224167038413 0.420896997054418 0.600451175655637 0.733417284674942 0.525070929899812 0.784686857834458 0.739158810116351 0.604422017931938 0.577651500701904 0.342291637722935 0.560845255851746 0.521885552443564
-9999 -9999 -9999 -9999 -9999 -9999 -9999 -9999 -9999 -9999 35.2986888885498 35.2986888885498 13.7248649597168 4.73682211745869 6.68081447482109 4.39387641233556 2.42907031143413 3.37200500965118 3.15424346923828 2.80832054615021 1.69190804958343 1.47666209936142 1.34654635190964 0.895028047263622 0.824225027771557 0.847892703378902 0.965341150760651 0.927388105541468 0.452513473875382 0.628934070467949 0.614082621300922 0.454093962907791 0.414667231030762 0.407077308744192 1.07128909054924 0.878748724335118 0.828470415190647 0.828736706783897 0.740013302941071 0.713372516004663 0.472145127022968 0.789630065361659 0.614499802098555 0.718190411726634 0.405879934318364 0.377087901346385 0.331554181873798 0.413904008619926 0.581213519853704 0.584492720225278 0.520058741172155 0.455572346846263 0.508132351671948 0.504342087927987 0.452778626014205 0.959123268723488 0.787882725397746 0.59517597903808 0.354404463299683 0.482291243970394 0.311032493412495 0.382461354574736
-9999 -9999 -9999 -9999 -9999 -9999 -9999 -9999 -9999 -9999 35.2986888885498 5.28412608305613 3.7877701719602 22.8418619492475 3.42722733397233 3.54762813919469 4.11000823974609 4.39471153209084 5.31803611717602 3.26865435459397 1.70198798552155 1.68218729496002 1.14186165332794 0.937821114063263 0.833995118737221 0.74867906793952 0.81892679259181 0.795874071121216 0.734280323982239 0.853365641087294 0.864149961401435 1.14070190097156 0.631225931293824 1.10629156859298 0.963781408573452 0.457515425980091 0.453025121241808 0.979499101638794 0.981207500485813 0.442368283867836 0.762343936106738 0.774186867124894 0.76213760281864 0.713566642058523 0.431767679750919 0.536651648188892 0.532115284549562 0.641548280653201 0.592118156306884 0.635457852307488 0.715909475789351 0.685741066932678 0.577250997809803 0.572445147177752 0.573474889292437 0.535266306470422 0.407316923141479 0.326583738438785 0.448637379442944 0.590961714001263 0.358903804421425 0.327840937301517
-9999 -9999 -9999 -9999 -9999 -9999 -9999 -9999 -9999 -9999 -9999 -9999 7.13684831477784 3.07195168733597 3.66928562992497 7.00513279438019 -9999 -9999 -9999 -9999 -9999 -9999 1.33202452026308 1.11482064239681 0.963845914229751 0.82646878156811 0.820374637842178 0.752023106440902 0.708889614790678 0.772923169657588 0.75141207575798 0.720565474033356 0.846346257364049 1.15863024717883 0.541398490468661 0.515202946960926 0.42850987566635 0.3967345520854 0.427064546942711 0.864520206170924 0.788192947121227 0.799739678116406 0.852704361865395 0.783479059997358 0.706343924298006 0.666991353034973 0.671051439116983 0.742362657014061 0.713813003371744 0.656566479626824 0.606750095591826 0.592174240771462 0.312717752158642 0.322020310163498 0.580440496404966 0.783046387574252 0.788203323588652 0.475793902762234 0.608875753848176 0.728474138598693 0.986531213710183 0.679505556821823
-9999 -9999 -9999 -9999 -9999 -9999 -9999 -9999 -9999 -9999 -9999 -9999 -9999 16.6274771690369 16.6274771690369 16.6274771690369 -9999 -9999 -9999 -9999 -9999 -9999 4.94490551948547 4.94490551948547 4.94490551948547 0.308659605681896 1.0873165937031 0.975308261811733 0.761878872618956 0.745528185367584 0.907673386089942 0.989576970829683 0.873784690218813 1.04566861426129 1.20552034283939 0.529136694967747 0.321401694417 0.357017102837563 0.508459287969505 0.467532933689654 0.477367086801678 0.441343443933874 0.853222594541662 0.423976364079863 0.425582197029144 0.421910910867155 0.397791267838329 0.805512011051178 0.744078656037649 0.878385106722514 0.375503848493099 0.376671002805233 0.354041688144207 0.324323697388172 0.353525242209434 0.439902783224457 0.711105507962844 0.397204495574299 0.211747961584479 0.432705663536724 0.712759104642001 0.524558633565903
-9999 -9999 -9999 -9999 -9999 -9999 -9999 -9999 -9999 -9999 -9999 -9999 -9999 -9999 -9999 -9999 -9999 -9999 -9999 -9999 -9999 -9999 -9999 -9999 -9999 -9999 3.67392267051496 2.26471471786499 2.90232849121094 1.20036729381365 0.990827529745943 0.99647858125322 0.891767534262994 0.815078295329038 0.758312731104739 0.679996479960049 1.11494819584646 0.289853811264038 0.254331037402153 0.480345040094107 0.489070041105151 0.479617771692574 0.465742599684745 0.462881263811141 0.475758515764028 0.81256677999216 0.500906471628696 0.370936042070389 0.34855439811945 0.360250501334667 0.372076204419136 0.3735475435853 0.373980894684792 0.346677298843861 0.355413611233234 0.304662840440869 0.281626685522497 0.351106858428787 0.341907220728257 0.498717185854912 0.395304009318352 0.40277361497283
-9999 -9999 -9999 -9999 -9999 -9999 -9999 -9999 -9999 -9999 -9999 -9999 -9999 -9999 -9999 -9999 -9999 -9999 -9999 -9999 -9999 -9999 -9999 -9999 -9999 -9999 -9999 3.89627512296041 3.49760970473289 2.39680087566376 1.79088537307347 2.92749819630071 1.37735615173976 0.749344521202147 0.746924658032025 0.61623664945364 1.27117947841945 1.33207532938789 1.14334232316298 0.873786360025406 0.405928091146052 0.412863973528147 1.53287275398479 1.11988285534522 1.12057444979163 0.410120992921293 0.39493406843394 0.396537145972252 0.373708203434944 0.372920849919319 0.387666741013527 0.391026905179024 0.329947346448898 0.311434055864811 0.290418747067452 0.309553796052933 0.352119566872716 0.380456254762762 0.478287196473071 0.495352354645729 0.379038009792566 0.354824110865593
