EcologicalScience/Bass/data/rs_data_bass/chl_290.asc
NCOLS 226 
NROWS 124 
XLLCORNER -9.41648524995501 
YLLCORNER 47.587301625531 
CELLSIZE 0.0833 
NODATA_value -9999 
[rows 81 to 107 of 124, columns 62 to 123 of 226]
3.85158455371857 5.97498106956482 7.6620512008667 7.66205191612244 -9999 -9999 -9999 -9999 -9999 -9999 -9999 -9999 -9999 -9999 -9999 -9999 -9999 -9999 -9999 -9999 -9999 -9999 -9999 -9999 -9999 -9999 -9999 -9999 -9999 -9999 -9999 -9999 -9999 -9999 -9999 -9999 -9999 -9999 -9999 -9999 -9999 -9999 -9999 -9999 -9999 -9999 -9999 -9999 -9999 -9999 -9999 -9999 -9999 -9999 -9999 -9999 -9999 -9999 -9999 -9999 -9999 -9999
3.09654378456977 -9999 -9999 -9999 -9999 -9999 -9999 -9999 -9999 -9999 -9999 -9999 -9999 -9999 -9999 -9999 -9999 -9999 -9999 -9999 -9999 -9999 -9999 -9999 -9999 -9999 -9999 -9999 -9999 -9999 -9999 -9999 -9999 -9999 -9999 -9999 -9999 -9999 -9999 -9999 -9999 -9999 -9999 -9999 -9999 -9999 -9999 -9999 -9999 -9999 -9999 -9999 -9999 -9999 -9999 -9999 -9999 -9999 -9999 -9999 -9999 -9999
-9999 -9999 -9999 -9999 -9999 -9999 -9999 -9999 -9999 -9999 -9999 -9999 -9999 -9999 -9999 -9999 -9999 -9999 -9999 -9999 -9999 -9999 -9999 -9999 -9999 -9999 -9999 -9999 -9999 -9999 -9999 -9999 -9999 -9999 -9999 -9999 -9999 -9999 -9999 -9999 -9999 -9999 -9999 -9999 -9999 -9999 -9999 -9999 -9999 -9999 -9999 -9999 -9999 -9999 -9999 -9999 -9999 -9999 -9999 -9999 -9999 -9999
-9999 -9999 -9999 -9999 -9999 -9999 -9999 -9999 -9999 -9999 -9999 -9999 -9999 -9999 -9999 -9999 -9999 -9999 -9999 -9999 -9999 -9999 -9999 -9999 -9999 -9999 -9999 -9999 -9999 -9999 -9999 -9999 -9999 -9999 -9999 -9999 -9999 -9999 -9999 -9999 -9999 -9999 -9999 -9999 -9999 -9999 -9999 -9999 -9999 -9999 -9999 -9999 -9999 -9999 -9999 -9999 -9999 2.53359988331795 4.60383573174477 3.31749451160431 3.93580877780914 4.28321027755737
-9999 -9999 -9999 -9999 -9999 -9999 -9999 -9999 -9999 -9999 -9999 -9999 -9999 -9999 -9999 -9999 -9999 -9999 -9999 -9999 -9999 -9999 -9999 -9999 -9999 -9999 -9999 -9999 -9999 -9999 -9999 -9999 -9999 -9999 -9999 -9999 37.1749906539917 -9999 5.28592128753662 2.90804830757347 -9999 -9999 2.86693750619888 4.28970766067505 7.03701996803284 2.0081752538681 2.22273069620132 3.15516149997711 3.8917064666748 3.55009889602661 3.49750185012817 2.399419516325 -9999 -9999 -9999 7.15767288208008 6.76287388801575 4.09569597244263 3.39350259304047 2.69368797540665 2.78278720378876 3.20000338554382
-9999 -9999 -9999 -9999 -9999 -9999 -9999 -9999 -9999 -9999 -9999 -9999 -9999 1.5680512027307 1.51523995399475 1.11381903290749 0.795138001441956 0.762917250394821 1.12509450316429 -9999 -9999 -9999 -9999 -9999 -9999 -9999 -9999 -9999 5.09938037395477 4.58744180202484 6.15767598152161 8.91561770439148 -9999 3.66949796676636 -9999 -9999 -9999 -9999 3.45954072475433 3.17141532897949 3.79641973972321 3.75357663631439 2.34634870290756 2.38437455892563 2.52223348617554 1.83022427558899 1.90714716911316 2.11420279741287 2.55936366319656 3.16840803623199 3.09055709838867 2.97892051935196 3.11196434497833 2.42754220962524 2.65844482183456 3.81124806404114 5.3292464017868 2.91279155015945 2.15168255567551 1.80052202939987 2.60681408643723 3.07846570014954
-9999 -9999 -9999 -9999 -9999 -9999 -9999 -9999 -9999 -9999 4.60957803726196 2.19763433933258 1.57278442382812 1.27060201764107 1.26330748200417 1.33936500549316 1.58784145116806 1.79964530467987 2.12620121240616 2.2586265206337 2.59480364602875 -9999 1.98539712212302 3.68998575210571 4.09474039077759 -9999 -9999 3.08284646272659 4.67693638801575 6.11327433586121 5.02215671539307 4.18354117870331 4.10830199718475 4.94976389408112 -9999 -9999 3.19124344173743 4.11588513851166 3.67378056049347 3.40294861793518 3.27186369895935 2.89730769395828 2.25787943601608 2.78008353710175 2.41765201091766 2.2888657450676 2.32704377174377 2.31075292825699 2.43184268474579 2.20251524448395 1.86936593055725 1.91207921504974 1.83330523967743 1.86845022439957 1.94556891918182 2.13165074586868 2.11644905805588 1.6770179271698 1.48071071505547 1.30558803677559 1.84358096122742 2.31876307725906
-9999 -9999 -9999 -9999 -9999 -9999 -9999 -9999 -9999 5.89350986480713 6.85042905807495 2.17168879508972 1.10596802830696 1.14737552404404 1.2500159740448 1.39311674237251 1.81342720985413 1.93999493122101 2.03635883331299 2.12509417533875 2.53038078546524 2.90265816450119 2.52458918094635 2.9687340259552 3.00918388366699 4.0138635635376 5.4616574048996 5.24857270717621 5.04218173027039 4.93567264080048 4.53141903877258 4.54803907871246 4.39355635643005 4.4364652633667 5.4204261302948 5.21510767936707 5.27532005310059 4.88886058330536 3.65465176105499 2.78798478841782 2.6793726682663 2.49019056558609 2.96520906686783 2.77892017364502 2.16861605644226 1.65768527984619 1.61897778511047 1.62661868333817 1.52882695198059 1.31230652332306 1.34416124224663 1.40692421793938 1.5149490237236 1.57507431507111 1.62427943944931 1.60944074392319 1.46933171153069 1.23204973340034 1.20113995671272 1.22495475411415 1.53641545772552 1.94673156738281
-9999 -9999 -9999 -9999 -9999 -9999 -9999 -9999 -9999 4.10016238689423 1.98160046339035 1.39900195598602 1.17997571825981 1.01363396644592 0.918225020170212 0.992949038743973 1.81190174818039 2.05038982629776 2.06035870313644 1.87770366668701 2.18561625480652 2.37466728687286 2.44481706619263 2.80601853132248 3.15479457378387 3.22429490089417 3.27263760566711 2.87815797328949 2.79199576377869 2.85732293128967 2.92833083868027 3.34005904197693 3.50438833236694 3.80274081230164 4.89539337158203 5.39960932731628 4.92968988418579 4.42420184612274 3.33105003833771 2.98858720064163 2.4606801867485 2.3827845454216 1.98921149969101 1.85908269882202 1.81191605329514 1.8527204990387 1.80531674623489 1.63838016986847 1.5323948264122 1.41689398884773 1.39543953537941 1.33525496721268 1.35020399093628 1.39308223128319 1.36935898661613 1.34199973940849 1.2539190351963 1.27015203237534 1.42504727840424 1.74830478429794 3.04358088970184 3.56786942481995
-9999 -9999 -9999 -9999 -9999 -9999 -9999 -9999 1.73896773354761 2.06111025810242 1.30173227190971 1.27300947904587 1.14426675438881 1.08256351947784 1.07186695933342 1.01751226186752 0.972774714231491 1.04890125989914 1.44179329276085 1.75658476352692 2.17142772674561 2.29449892044067 2.32711797952652 2.37534445524216 2.21796154975891 2.25550192594528 2.28899699449539 2.10632103681564 2.23115247488022 2.33497041463852 2.56661403179169 3.00326335430145 3.21591210365295 3.25167810916901 3.45929861068726 3.65711009502411 3.57530772686005 3.39268362522125 2.80440670251846 2.52460724115372 1.93326383829117 1.59060305356979 1.48749223351479 1.60844099521637 1.67245423793793 1.71972745656967 1.76011723279953 1.70374649763107 1.5714772939682 1.39358702301979 1.3505924642086 1.33008903264999 1.36056599020958 1.42601779103279 1.34517824649811 1.2447022497654 1.28530052304268 1.59601271152496 2.20061856508255 4.02011239528656 7.36663126945496 9.62768483161926
2.66092568635941 2.85939681529999 5.84695208072662 4.95829582214355 -9999 -9999 -9999 1.66454994678497 2.72879469394684 2.0831286907196 1.07909023761749 1.10807329416275 1.10026502609253 1.05720001459122 1.29024374485016 1.42096871137619 1.39266827702522 0.941697031259537 0.776037007570267 0.698550760746002 0.806945264339447 0.882843732833862 0.889958292245865 0.891114771366119 0.991539716720581 1.03202775120735 1.03607323765755 1.0504005253315 1.06980228424072 1.08887323737144 1.13698348402977 1.22868901491165 1.31446722149849 1.41233924031258 1.4481660425663 1.57460331916809 1.56154346466064 1.53444081544876 1.54786276817322 1.36805328726768 1.22518274188042 1.24244624376297 1.4077507853508 1.43957850337029 1.4989792406559 1.54131442308426 1.50617927312851 1.48731896281242 1.52019757032394 1.5132075548172 1.48316252231598 1.5016388297081 1.5919252038002 1.57927054166794 1.60967999696732 1.56364417076111 2.69326043128967 3.37882947921753 6.20238161087036 7.37587022781372 15.1879835128784 19.6231069564819
3.03884267807007 4.33561420440674 6.21279859542847 4.39466714859009 7.4367835521698 2.1996134519577 1.52599954605103 1.66428744792938 2.03485643863678 1.68229132890701 1.22308427095413 1.16773277521133 1.17825078964233 1.9717161655426 3.41698408126831 2.64818841218948 1.63327807188034 0.82022550702095 0.752323508262634 0.742196246981621 0.793046236038208 0.910688996315002 0.907031267881393 0.893159240484238 0.96423152089119 0.968375980854034 0.988985985517502 1.01237252354622 1.08080023527145 1.10081326961517 1.19026574492455 1.25310748815536 1.25876551866531 1.26253795623779 1.27882200479507 1.35197702050209 1.32497853040695 1.2696405351162 1.36012199521065 1.43198776245117 1.45833599567413 1.50552302598953 1.60296231508255 1.59109729528427 1.54967254400253 1.52510172128677 1.60485595464706 1.63038378953934 1.6517790555954 1.54205471277237 1.60634708404541 1.69577693939209 1.75148177146912 1.28153175115585 1.24571621417999 1.59404253959656 2.37905019521713 2.97032332420349 3.4216411113739 3.45215713977814 15.5184774398804 19.0305004119873
1.49021548032761 1.78199100494385 2.12546181678772 3.66261613368988 3.51450526714325 3.89381790161133 3.35221803188324 2.51465106010437 1.73828619718552 1.75882941484451 2.96040594577789 3.08411335945129 4.87691867351532 8.76094150543213 4.16825866699219 2.43825978040695 1.37387627363205 0.884711265563965 0.832637965679169 0.886718273162842 0.937801480293274 1.02345371246338 1.0154729783535 1.02716401219368 1.03802928328514 1.04055601358414 1.06532022356987 1.08528828620911 1.09370774030685 1.11003077030182 1.14212545752525 1.13241899013519 1.14409053325653 1.18676778674126 1.26925420761108 1.30697098374367 1.28420922160149 1.33112928271294 1.34334379434586 1.25459995865822 1.26476097106934 1.3449974656105 1.41182774305344 1.36214625835419 1.19912096858025 1.35685953497887 1.3447260260582 1.26351374387741 1.16256147623062 1.31668424606323 1.36785900592804 1.27959904074669 1.05030602216721 0.952966511249542 1.05206322669983 1.22491425275803 3.06016409397125 5.31375360488892 6.49701762199402 7.31156945228577 9.25841116905212 10.5114698410034
1.11723598837852 2.7351878285408 5.74327647686005 8.75669431686401 7.4665732383728 5.54928231239319 5.42389798164368 9.81765460968018 13.0313673019409 14.4156589508057 14.6239171028137 12.9513301849365 14.0377635955811 13.0115103721619 6.37992453575134 4.5997588634491 4.08778810501099 2.34162157773972 1.12648648023605 1.12094476819038 1.14756748080254 0.999958455562592 1.00604170560837 1.03721621632576 1.08586728572845 1.09929898381233 1.10673603415489 1.07545647025108 1.08295878767967 1.08839401602745 1.0645694732666 1.01792925596237 1.09522953629494 1.12722596526146 1.14820799231529 1.15253028273582 1.06406101584435 1.07200428843498 1.03265029191971 1.14228147268295 1.13067224621773 1.06017673015594 0.906041264533997 0.886917024850845 0.905829012393951 0.90860179066658 0.880783528089523 0.870329976081848 0.939006775617599 1.12508323788643 1.17924973368645 1.18174427747726 1.13506874442101 1.05642601847649 1.2353909611702 1.96626073122025 7.03385925292969 10.8827104568481 14.5568046569824 17.6817784309387 27.8638601303101 28.5627250671387
3.25316619873047 5.94884920120239 8.33666038513184 7.12065482139587 11.3632049560547 11.9365825653076 11.7170848846436 13.4026393890381 17.7279181480408 18.0464601516724 18.7704620361328 18.7400035858154 19.1155300140381 20.5145316123962 18.235701084137 13.6956739425659 9.79112434387207 8.71773219108582 6.20583987236023 4.29713916778564 2.9791447520256 2.5484790802002 2.25441294908524 1.26619648933411 1.11851397156715 1.11640128493309 1.12206298112869 1.14062029123306 1.17968702316284 1.14238348603249 1.20885229110718 1.22226297855377 1.20530927181244 1.21671304106712 1.29302626848221 1.37013673782349 1.21431827545166 1.18615052103996 1.19140121340752 1.23575547337532 1.19594550132751 1.20022800564766 1.04143577814102 1.05032175779343 1.07722198963165 1.14267522096634 1.13745599985123 1.0597904920578 1.11566922068596 1.05381220579147 1.05517879128456 1.0500884950161 1.02362170815468 1.16406753659248 1.44781351089478 1.8619971871376 4.01546466350555 6.76967597007751 11.1552793979645 16.3764810562134 26.4160966873169 21.1532592773438
6.02961301803589 6.97014141082764 5.80634772777557 5.75267779827118 4.56318533420563 3.73066663742065 3.32696342468262 3.43168795108795 6.55730223655701 9.06498456001282 7.2482693195343 10.3083815574646 11.7212040424347 9.48515510559082 10.6967782974243 10.5021064281464 13.7360315322876 15.7465682029724 10.6382331848145 10.0781536102295 6.62934064865112 3.32696413993835 3.36562943458557 2.6090070605278 1.60673403739929 1.20077553391457 1.21649399399757 1.29132753610611 1.3263855278492 1.34310373663902 1.32022878527641 1.28174552321434 1.32479023933411 1.42398977279663 1.55601668357849 2.02352929115295 2.12167721986771 2.2463790178299 1.88805520534515 1.65952205657959 1.53776407241821 1.407546043396 1.34575948119164 1.31680127978325 1.44360896945 1.54407155513763 1.64117699861526 1.42404896020889 1.22079223394394 1.12040627002716 1.07433673739433 1.0514572262764 1.1056199669838 1.37240025401115 1.47023776173592 1.519666492939 1.83754795789719 1.71170622110367 1.88058292865753 2.27859529852867 3.07271873950958 2.51264152675867
4.01846015453339 4.02388501167297 4.21877253055573 4.16184389591217 3.88010537624359 3.67214262485504 2.52428108453751 2.45922750234604 1.95989692211151 2.02054792642593 2.00309103727341 2.23857307434082 2.37185847759247 2.29855352640152 2.34599393606186 7.22726225852966 10.6693360805511 13.8115539550781 5.30933940410614 2.97040057182312 2.02185666561127 1.67655068635941 1.84209966659546 1.79691606760025 1.67369699478149 1.53554999828339 1.65603679418564 1.59703803062439 1.50618749856949 1.43713420629501 1.35340878367424 1.35525378584862 1.69281828403473 2.01570671796799 2.40628051757812 2.48488569259644 2.48421370983124 2.36537629365921 2.21679371595383 1.56452322006226 1.56274044513702 1.57460778951645 1.56222295761108 1.59673726558685 1.9662652015686 2.64233994483948 2.99831628799438 2.19723826646805 1.64120543003082 1.0628399848938 1.09731298685074 1.20278397202492 1.36283621191978 1.42299297451973 1.60325628519058 2.17996054887772 2.43001834711019 -9999 -9999 -9999 -9999 -9999
6.26606583595276 4.74230468273163 3.29423832893372 2.7536181807518 2.42921626567841 2.69780105352402 2.52621299028397 2.44492042064667 2.93836051225662 2.95772176980972 3.11139750480652 4.2925808429718 2.68046182394028 2.83927416801453 2.68088096380234 4.85498857498169 3.67042708396912 1.96214175224304 1.62974470853806 1.32531675696373 1.33092749118805 1.44071173667908 2.42022371292114 2.42575281858444 2.49023026227951 1.80346494913101 1.70859003067017 1.69033838510513 1.46444401144981 1.46452724933624 2.07948517799377 1.75165504217148 2.41699504852295 2.87580299377441 2.86222583055496 2.80554002523422 3.12194037437439 3.66659760475159 2.43042451143265 1.71780753135681 1.5808253288269 1.52201396226883 1.61980193853378 1.67677867412567 1.77502351999283 2.05935072898865 2.18928819894791 1.61242944002151 1.36738577485085 1.41042074561119 1.61836731433868 1.67531096935272 1.67939704656601 6.39213579148054 1.66937333687407 -9999 -9999 -9999 -9999 -9999 -9999 -9999
7.16773438453674 4.97287201881409 2.45259082317352 2.05682408809662 1.97904378175735 1.76030999422073 1.36375048756599 1.43091827630997 1.49255177378654 1.40927177667618 1.44806027412415 1.47917103767395 1.71921980381012 2.31982272863388 3.74520063400269 4.14786458015442 2.64402079582214 2.04932856559753 1.78498792648315 1.79987472295761 1.74251693487167 1.91025227308273 2.19965332746506 2.1959753036499 2.10106283426285 1.99367541074753 1.61158955097198 1.68941169977188 1.61648619174957 -9999 -9999 -9999 -9999 -9999 -9999 3.14426672458649 7.35558557510376 8.81642246246338 4.17060005664825 2.09607374668121 2.05719745159149 1.69686073064804 1.64079219102859 1.6602149605751 1.54451322555542 1.58757448196411 1.64497268199921 1.59384298324585 1.55457669496536 1.88958156108856 1.92531377077103 2.05815982818604 1.76052260398865 1.9762424826622 1.97624230384827 -9999 -9999 -9999 -9999 -9999 -9999 -9999
3.67110514640808 2.25138366222382 1.16848129034042 1.24397322535515 1.27406626939774 1.26463803648949 0.981200248003006 0.874384492635727 0.820832222700119 0.961370229721069 1.07942399382591 1.2229950428009 2.0107439160347 5.17403769493103 1.85653120279312 1.81047749519348 2.05353677272797 3.35215437412262 3.07222938537598 2.51970148086548 2.20390641689301 2.11515158414841 2.0014740228653 2.00120329856873 2.13467252254486 2.40656322240829 1.70400899648666 1.62072604894638 1.68643498420715 -9999 -9999 -9999 -9999 -9999 -9999 -9999 24.0324382781982 9.93209409713745 24.6816930770874 12.4472494125366 4.23786234855652 7.09607148170471 11.0276749134064 5.85585451126099 8.11985635757446 4.41599035263062 1.76809358596802 1.85096168518066 1.97641718387604 2.00352376699448 2.03877675533295 2.22859087586403 -9999 -9999 -9999 -9999 -9999 -9999 -9999 -9999 -9999 -9999
0.927403539419174 1.0098352432251 0.930798768997192 0.752414971590042 0.784397274255753 0.789611220359802 0.917142033576965 1.10856977105141 1.30427098274231 2.29031771421432 1.98596477508545 1.85739827156067 2.06687253713608 2.60680729150772 2.31861233711243 2.42690402269363 2.52178716659546 4.98023307323456 1.85530579090118 0.98291746207646 0.925071248641381 1.73346000909805 2.0665522813797 2.44299674034119 1.58838075399399 1.79538756608963 1.57115471363068 1.56055122613907 1.509701192379 -9999 -9999 -9999 -9999 -9999 -9999 -9999 8.67835700511932 27.4663009643555 15.367335319519 46.309741973877 43.7502365112305 40.2674646377563 20.8036623001099 26.7376642227173 26.1949310302734 21.1558470726013 4.03617382049561 2.71774417161942 2.36036396026611 3.25492107868195 3.93970334529877 3.17390835285187 3.85465199947357 -9999 -9999 -9999 -9999 -9999 -9999 -9999 -9999 -9999
0.993410289287567 0.806513965129852 0.72646576166153 0.76599445939064 0.86288246512413 1.06412476301193 2.2960050702095 3.35623955726624 3.16014361381531 2.61426454782486 1.25450921058655 1.0894710123539 1.16415828466415 1.30762276053429 1.39686450362206 1.65592342615128 2.24591106176376 2.47310471534729 1.26280054450035 1.36169251799583 1.32682201266289 1.2264292538166 1.15086150169373 1.25062197446823 1.29221695661545 1.45179453492165 1.73908495903015 1.83387833833694 1.79391378164291 1.82704281806946 -9999 -9999 -9999 -9999 -9999 -9999 -9999 3.75259520326342 3.51164604723454 9.52622275492724 17.3842836856842 39.3049993515015 55.8814144134521 19.1165156364441 10.3918812274933 41.0818519592285 10.9094653129578 14.2492175102234 5.9457038640976 10.5114054679871 12.0146570205688 8.98734802007675 4.54387908809821 -9999 -9999 -9999 -9999 -9999 -9999 -9999 -9999 -9999
0.753935962915421 0.732010513544083 0.827332466840744 0.984558016061783 1.05274870991707 1.11750823259354 1.17365401983261 1.27119076251984 1.13586750626564 1.0936027765274 0.853131741285324 0.773061722517014 0.777958542108536 0.801205515861511 0.861431211233139 1.23169273138046 1.11391273140907 1.04372102022171 1.02293327450752 1.00374072790146 0.856096476316452 0.801415532827377 0.904698014259338 1.73574006557465 1.71447533369064 1.76922601461411 1.8214904665947 2.2231822013855 2.00162994861603 2.00802075862885 -9999 -9999 -9999 -9999 -9999 -9999 -9999 -9999 -9999 -9999 -9999 -9999 -9999 -9999 -9999 -9999 3.65490746498108 49.9151916503906 29.0811338424683 15.3710675239563 -9999 -9999 -9999 -9999 -9999 -9999 -9999 -9999 -9999 -9999 -9999 -9999
0.567497983574867 0.656507983803749 0.735582008957863 0.791088759899139 0.867527961730957 0.907755732536316 0.923370748758316 0.883341014385223 0.903379529714584 0.964862287044525 0.970398724079132 0.848613739013672 0.796064972877502 0.82336351275444 0.856301218271255 0.889916986227036 0.956363260746002 0.942261010408401 0.870139539241791 0.833935528993607 0.911709755659103 0.994137793779373 1.18163403868675 0.861184543371201 -9999 -9999 -9999 1.5257197022438 1.68407320976257 1.93381655216217 1.9856430888176 -9999 -9999 -9999 -9999 -9999 -9999 -9999 -9999 -9999 -9999 -9999 -9999 -9999 -9999 -9999 -9999 -9999 -9999 -9999 -9999 -9999 -9999 -9999 -9999 -9999 -9999 -9999 -9999 -9999 -9999 -9999
0.517805233597755 0.601581752300262 0.637526258826256 0.689946010708809 0.72198298573494 0.768902957439423 0.797809481620789 0.863626509904861 0.856824785470963 0.888684779405594 0.861123740673065 0.842000216245651 0.840984016656876 0.853540509939194 0.962711960077286 0.966246753931046 0.949165463447571 0.946601986885071 0.929308533668518 0.810891777276993 0.967264473438263 1.10063177347183 1.25929123163223 1.64129841327667 1.76329797506332 1.7120475769043 1.56864827871323 1.51491451263428 1.84248822927475 1.88451683521271 2.18721520900726 2.04766661031493 -9999 -9999 -9999 -9999 -9999 -9999 -9999 -9999 -9999 -9999 -9999 -9999 -9999 -9999 -9999 -9999 -9999 -9999 -9999 -9999 -9999 -9999 -9999 -9999 -9999 -9999 -9999 -9999 -9999 -9999
0.56054998934269 0.594839259982109 0.57505801320076 0.573090746998787 0.638857483863831 0.674187764525414 0.701628014445305 0.716377481818199 0.755642205476761 0.774752229452133 0.840120792388916 1.03622621297836 1.03970396518707 1.00750574469566 1.04345548152924 1.04333326220512 1.03423199057579 0.98536428809166 0.948955535888672 0.836088716983795 0.882782220840454 1.00374153256416 1.16037753224373 1.34547677636147 1.41598874330521 1.44012978672981 1.47547128796577 1.94041192531586 2.433021068573 2.61225593090057 2.84516251087189 2.70151687661807 -9999 -9999 -9999 -9999 -9999 -9999 -9999 -9999 -9999 -9999 -9999 -9999 -9999 -9999 -9999 -9999 -9999 -9999 -9999 -9999 -9999 -9999 -9999 -9999 -9999 -9999 -9999 -9999 -9999 -9999
0.617849260568619 0.617500483989716 0.62585024535656 0.622198507189751 0.602174252271652 0.644518509507179 0.686978995800018 0.756897032260895 0.899237215518951 1.01098421216011 1.17878177762032 1.24148547649384 1.23915901780128 1.26189297437668 1.3834784924984 1.36840653419495 1.197839230299 1.08339303731918 0.983652770519257 0.918060779571533 0.848574757575989 1.14014402031898 1.29562273621559 1.35661724209785 1.73417544364929 1.53819447755814 1.30303046107292 1.78305602073669 2.14238405227661 2.13018304109573 3.28793907165527 -9999 -9999 -9999 -9999 -9999 -9999 -9999 -9999 -9999 -9999 -9999 -9999 -9999 -9999 -9999 -9999 -9999 -9999 -9999 -9999 -9999 -9999 -9999 -9999 -9999 -9999 -9999 -9999 -9999 -9999 -9999
