EcologicalScience/Bass/data/rs_data_bass/chl_84.asc
NCOLS 226 
NROWS 124 
XLLCORNER -9.41648524995501 
YLLCORNER 47.587301625531 
CELLSIZE 0.0833 
NODATA_value -9999 
[rows 0 to 26 of 124, columns 62 to 123 of 226]
-9999 -9999 -9999 -9999 -9999 -9999 -9999 -9999 -9999 -9999 -9999 -9999 -9999 -9999 -9999 -9999 -9999 -9999 -9999 -9999 -9999 -9999 -9999 -9999 -9999 -9999 -9999 -9999 -9999 -9999 -9999 -9999 -9999 -9999 -9999 -9999 -9999 -9999 -9999 -9999 -9999 -9999 -9999 -9999 -9999 -9999 -9999 -9999 -9999 -9999 -9999 -9999 -9999 -9999 -9999 -9999 -9999 -9999 -9999 -9999 -9999 -9999
-9999 -9999 -9999 -9999 -9999 -9999 -9999 -9999 -9999 -9999 -9999 -9999 -9999 -9999 -9999 -9999 -9999 -9999 -9999 -9999 -9999 -9999 -9999 -9999 -9999 -9999 -9999 -9999 -9999 -9999 -9999 -9999 -9999 -9999 -9999 -9999 -9999 -9999 -9999 -9999 -9999 -9999 -9999 -9999 -9999 -9999 -9999 -9999 -9999 -9999 -9999 -9999 -9999 -9999 -9999 -9999 -9999 -9999 -9999 -9999 -9999 -9999
-9999 -9999 -9999 -9999 -9999 -9999 -9999 -9999 -9999 -9999 -9999 -9999 -9999 -9999 -9999 -9999 -9999 -9999 -9999 -9999 -9999 -9999 -9999 -9999 -9999 -9999 -9999 -9999 -9999 -9999 -9999 -9999 -9999 -9999 -9999 -9999 -9999 -9999 -9999 -9999 -9999 -9999 -9999 -9999 -9999 -9999 -9999 -9999 -9999 -9999 -9999 -9999 -9999 -9999 -9999 -9999 -9999 -9999 -9999 -9999 -9999 -9999
-9999 -9999 -9999 -9999 -9999 -9999 -9999 -9999 -9999 -9999 -9999 -9999 -9999 -9999 -9999 -9999 -9999 -9999 -9999 -9999 -9999 -9999 -9999 -9999 -9999 -9999 -9999 -9999 -9999 -9999 -9999 -9999 -9999 -9999 -9999 -9999 -9999 -9999 -9999 -9999 -9999 -9999 -9999 -9999 -9999 -9999 -9999 -9999 -9999 -9999 -9999 -9999 -9999 -9999 -9999 -9999 -9999 -9999 -9999 -9999 -9999 -9999
-9999 -9999 -9999 -9999 -9999 -9999 -9999 -9999 -9999 -9999 -9999 -9999 -9999 -9999 -9999 -9999 -9999 -9999 -9999 -9999 -9999 -9999 -9999 -9999 -9999 -9999 -9999 -9999 -9999 -9999 -9999 -9999 -9999 -9999 -9999 -9999 -9999 -9999 -9999 -9999 -9999 -9999 -9999 -9999 -9999 -9999 -9999 -9999 -9999 -9999 -9999 -9999 -9999 -9999 -9999 -9999 -9999 -9999 -9999 -9999 -9999 -9999
-9999 -9999 -9999 -9999 -9999 -9999 -9999 -9999 -9999 -9999 -9999 -9999 -9999 -9999 -9999 -9999 -9999 -9999 -9999 -9999 -9999 -9999 -9999 -9999 -9999 -9999 -9999 -9999 0.63735419511795 0.669850419472604 1.20773076452315 0.774180878698826 0.743500207861265 0.654921582899988 0.565967416763306 0.528756402432919 0.554610453546047 0.59670186539491 0.577232706050078 0.562730351090431 0.545901140570641 0.52815725505352 0.512027803063393 0.506590766832232 0.494925635866821 0.508602323010564 0.51803485583514 0.509076367132366 0.519881813786924 0.521173842251301 0.526009574532509 0.53716226387769 0.528116793371737 0.523636526428163 0.542882692657019 0.531861771094172 0.519492790102959 0.523103093728423 0.514565809629858 0.518091634847224 0.520646809134632 0.522121299058199
-9999 -9999 -9999 -9999 -9999 -9999 -9999 -9999 -9999 -9999 -9999 -9999 -9999 -9999 -9999 -9999 -9999 -9999 -9999 -9999 -9999 -9999 -9999 -9999 -9999 -9999 1.18186515569687 1.0627324283123 2.17514950633049 1.19787140339613 0.946203593909741 0.715259646624327 0.667395398765802 0.596677189071973 0.561944601684809 0.568035136163235 0.565129972994328 0.591353788971901 0.557244963943958 0.550235808826983 0.538683855906129 0.545135396718979 0.563616282306612 0.548568237572908 0.524815189652145 0.484961866401136 0.485628345049918 0.511166571825743 0.510566066019237 0.512163715437055 0.494292355142534 0.504931745560546 0.526331171393394 0.527802365390878 0.533485531022674 0.535851079382395 0.526538179108971 0.508237677577295 0.499086809785742 0.499701839871705 0.508764612022787 0.514213814400136
-9999 -9999 -9999 -9999 -9999 -9999 -9999 -9999 -9999 -9999 -9999 -9999 -9999 -9999 -9999 -9999 -9999 -9999 -9999 -9999 -9999 -9999 -9999 -9999 -9999 -9999 1.18186515569687 1.98778932435172 1.64220371246338 1.00194235146046 0.662412889301777 0.653199331462383 0.611731362529099 0.599523285403848 0.602382992394269 0.60684521868825 0.58438030355855 0.55942613435419 0.586016326358444 0.567461751401424 0.56503037083894 0.577140038833022 0.586742402985692 0.586131893098354 0.535002299398184 0.504088347405195 0.515013017691672 0.527116695418954 0.526244480162859 0.482912672683597 0.498579265255677 0.50772830620408 0.513266676664352 0.518462090939283 0.509045070723483 0.49887289185273 0.503725205597125 0.482683757025945 0.488574958406389 0.48668959736824 0.515728211961687 0.520507961511612
-9999 -9999 -9999 -9999 -9999 -9999 -9999 -9999 -9999 -9999 -9999 -9999 -9999 -9999 -9999 -9999 -9999 -9999 -9999 -9999 -9999 -9999 -9999 -9999 -9999 -9999 3.23446984291077 1.13046429902315 0.801468921559198 0.728969833999872 0.701018760601679 0.677006313577294 0.643338798545301 0.646578510291874 0.598803366534412 0.586853074841201 0.590266132727265 0.605113375000656 0.608844419320424 0.598101837560534 0.596010223031044 0.599927566945553 0.599817692488432 0.582782728224993 0.58424039259553 0.56685970723629 0.53330839946866 0.526759667694569 0.501475556194782 0.493979533016682 0.496713189035654 0.515860967338085 0.484603521070982 0.502915345524487 0.488511443138123 0.47983324292459 0.462651126086712 0.465500689577311 0.478660871274769 0.497329716570675 0.505533630028367 0.53722673188895
-9999 -9999 -9999 -9999 -9999 -9999 -9999 -9999 -9999 -9999 -9999 -9999 -9999 -9999 -9999 -9999 -9999 -9999 -9999 -9999 -9999 -9999 -9999 -9999 -9999 1.19121462106705 0.786049136093685 0.665978338037218 0.885249947508176 1.12056733109057 0.871140581555665 0.647804947569966 0.638019357807934 0.605016731164035 0.592517497949302 0.598897431045771 0.584275622116892 0.580862581729889 0.595770525746047 0.599018359556794 0.602731367945671 0.605047354102135 0.58252979516983 0.578432229161262 0.592645213007927 0.524785140529275 0.518562558107078 0.509283637627959 0.524346793168469 0.506215249188244 0.519707299768925 0.50703827017232 0.520903537932195 0.517406104132533 0.532880920697661 0.521271471865475 0.476876978762448 0.495395723730326 0.490031314082444 0.497501763515174 0.540428690612316 0.65054531643788
-9999 -9999 -9999 -9999 -9999 -9999 -9999 -9999 -9999 -9999 -9999 -9999 -9999 -9999 -9999 -9999 -9999 -9999 -9999 -9999 -9999 -9999 -9999 -9999 -9999 3.16857562959194 0.61700274348259 0.681401199102402 0.70620899866609 0.618256304193946 0.632983863353729 0.620457315444946 0.610457283258438 0.589026808738708 0.635188066959381 0.628019243478775 0.612957692146301 0.608980917930603 0.610324493050575 0.614383611083031 0.61408725976944 0.609785842895508 0.609997561573982 0.594754111766815 0.555545054376125 0.530422703828663 0.558131739031523 0.582650631666183 0.601396467536688 0.599405243061483 0.574030865449458 0.511352345813066 0.485946816857904 0.496005073974007 0.521387384910333 0.525902196764946 0.521767940372229 0.558944631367922 0.554770010523498 0.512330020777881 0.551559201058219 0.595338846246402
-9999 -9999 -9999 -9999 -9999 -9999 -9999 -9999 -9999 -9999 -9999 -9999 -9999 -9999 -9999 -9999 -9999 -9999 -9999 -9999 -9999 -9999 -9999 -9999 1.31647038459778 5.04682883620262 0.554703813791275 0.58700532913208 0.604965478181839 1.22129774093628 0.611412500633913 0.610135233402252 0.614463245868683 0.625254243612289 0.665359514951706 0.664252306334674 0.659301744773984 0.661018576472998 0.65269181644544 0.664475417137146 0.682923299074173 0.671103581786156 0.65969190299511 0.64919775724411 0.652146485634148 0.590519331861287 0.577470049727708 0.601270189974457 0.585630535148084 0.597448813263327 0.596567301079631 0.600833580682152 0.537590524867961 0.48521073789973 0.537468020853243 0.540768602862954 0.563389585353434 0.568258029408753 0.597759481519461 0.553449337973314 0.513491123914719 0.549791777835173
-9999 -9999 -9999 -9999 -9999 -9999 -9999 -9999 -9999 -9999 -9999 -9999 -9999 -9999 -9999 -9999 -9999 -9999 -9999 -9999 -9999 -9999 -9999 1.50594073534012 1.52303585566972 0.60924351811409 0.659313416481018 0.61136634349823 0.603227812051773 0.612934494018555 0.621282964944839 0.627841836214066 0.652909511327744 0.667429339885712 0.715613001585007 0.705075663328171 0.678614863753319 0.69497378077358 0.666136047244072 0.612847590446472 0.616191047430038 0.616299110651016 0.597159330782137 0.591653228590363 0.60368470533898 0.577480184845626 0.600524266250432 0.583540774416178 0.592117270454764 0.578401546729238 0.578753678422225 0.605914021008893 0.553732722213394 0.565487310290337 0.579386060436567 0.56385704378287 0.555022132582963 0.579797747234504 0.589634848868146 0.612673833089716 0.631890167208279 0.652504437110003
-9999 -9999 -9999 -9999 -9999 -9999 -9999 -9999 -9999 -9999 -9999 -9999 -9999 -9999 -9999 -9999 -9999 -9999 -9999 -9999 -9999 -9999 15.2004254460335 1.61713190873464 1.45724337299665 0.799402374029159 0.661630511283875 0.634382978081703 0.643440699577332 0.648358649015427 0.637940901517868 0.665818804502487 0.667022293806076 0.693111658096313 0.699016052484512 0.652168399095535 0.598099464178085 0.596769255399704 0.575691455602646 0.586861902475357 0.592113035917282 0.580212908983231 0.564512517891432 0.583596305627572 0.567389201176794 0.564180858041111 0.579968500882387 0.585408526031595 0.579504094625774 0.556999104587655 0.596044364728426 0.593030460570988 0.565061944879984 0.497370963033877 0.494117215275764 0.544091306626797 0.578260622918606 0.608432855676202 0.607136178542586 0.601385461933473 0.652641803026199 0.733580261468887
-9999 -9999 -9999 -9999 -9999 -9999 -9999 -9999 -9999 -9999 -9999 -9999 -9999 -9999 -9999 -9999 -9999 -9999 -9999 -9999 2.64602583646774 2.34054321872777 0.930887565893285 1.51332002878189 1.46388673782349 0.577397827059031 0.735677939653397 0.648691490292549 0.650984242558479 0.70484022796154 0.693530803918838 0.673175394535065 0.654587304592133 0.700698620080948 0.69825844168663 0.7154625415802 0.653370256225268 0.563121338685354 0.553961803515752 0.573750996589661 0.559909814596176 0.516579294204712 0.50761200173905 0.517512522245708 0.543375595619804 0.526351930279481 0.557544870302081 0.582000243477523 0.574332928285003 0.542944458313286 0.506988474167883 0.470343281825384 0.477704611917337 0.568449631333351 0.547084747176421 0.617988709141226 0.516499485820532 0.547167339362204 0.579034365713596 0.590943027945126 0.594011054319494 0.63550153747201
-9999 -9999 -9999 -9999 -9999 -9999 -9999 -9999 -9999 -9999 -9999 -9999 -9999 -9999 -9999 -9999 -9999 -9999 -9999 -9999 2.08022466282094 1.76179262002309 1.95015227794647 1.46397373080254 1.17395398020744 1.32610872387886 0.77269721031189 0.654356271028519 0.61770299077034 0.58490552008152 0.545679733157158 0.542952731251717 0.753945088386536 0.76795836687088 0.753362810611725 0.725639235973358 0.685508324127448 0.642255374475529 0.605422494312127 0.601574053366979 0.580945588648319 0.53210039828953 0.510995580869563 0.5074719316081 0.522777954998769 0.538004830479622 0.513566195180542 0.531881189905107 0.508681350387633 0.500739376991987 0.520863787271082 0.500794840486426 0.458243367572626 0.541949124634266 0.586150532215834 0.671873708814382 0.665019487633425 0.653857769335017 0.609487920999527 0.614994272589684 0.581914668281873 0.597228308810907
-9999 -9999 -9999 -9999 -9999 -9999 -9999 -9999 -9999 -9999 -9999 -9999 -9999 -9999 -9999 -9999 -9999 -9999 -9999 3.19062073852705 3.08846783638 2.48836505413055 1.82255852222443 1.21958702802658 1.1185702085495 0.951820492744446 0.738988503813744 0.667034268379211 0.638777241110802 0.61031998693943 0.602767512202263 0.608479499816895 0.576265498995781 0.581728488206863 0.573090746998787 0.739613932371139 0.679448994994163 0.677866950631142 0.645545509457588 0.577658686041832 0.547420263290405 0.533973833173513 0.516668028384447 0.502397413551807 0.5108173571527 0.511220343410969 0.502285678870976 0.517164962366223 0.513608761131763 0.540436056753 0.54558881620566 0.527567908167839 0.518737229704857 0.512226565182209 0.557399193942547 0.617064692080021 0.673070213757455 0.671106660738587 0.693486242741346 0.673492851108313 0.634914766252041 0.643404530251727
-9999 -9999 -9999 -9999 -9999 -9999 -9999 -9999 -9999 -9999 -9999 -9999 -9999 -9999 -9999 -9999 -9999 -9999 2.71794605255127 2.8366761803627 2.78463667631149 3.01686823368073 2.18195325136185 1.49632197618484 0.901963502168655 0.824880033731461 0.776470541954041 0.69300676882267 0.670404732227325 0.66763199865818 0.682054504752159 0.702445507049561 0.672769501805305 0.652036517858505 0.648036763072014 0.600911244750023 0.614654257893562 0.697298040986061 0.648564198613167 0.604394698143005 0.597968482971191 0.581795999407768 0.509490993618965 0.49948183298111 0.501162105798721 0.487596654891968 0.479939927657445 0.513165814181169 0.53766721735398 0.533028868337472 0.536993296707378 0.514518317930839 0.507372430711985 0.507921206206083 0.523301300903161 0.579698706666629 0.643484950996935 0.673628944158554 0.676698913425207 0.692524666339159 0.66016782168299 0.663554809056222
-9999 -9999 -9999 -9999 -9999 -9999 -9999 -9999 -9999 -9999 -9999 -9999 -9999 -9999 -9999 -9999 -9999 6.56387398559923 2.72702550888062 1.7654618024826 1.78065079450607 1.65578091144562 1.43728199601173 1.11393749713898 0.920232743024826 0.810519754886627 0.804951757192612 0.769633501768112 0.705190479755402 0.702879756689072 0.711216017603874 0.732781514525414 0.732794255018234 0.701869502663612 0.689560487866402 0.659959495067596 0.655466258525848 0.541328251361847 0.742705485224724 0.742423292994499 0.680955719947815 0.599912169575691 0.571886247396469 0.540347668528557 0.562745232135057 0.534443720430136 0.502942487597466 0.50847561409076 0.511677300184965 0.530998020619154 0.519149864421171 0.526554194837809 0.552543443441391 0.588924260437488 0.581263413280249 0.554342521727085 0.660089274247487 0.706797659397125 0.693509881695112 0.692728753387928 0.706026846170425 0.747841535822341
-9999 -9999 -9999 -9999 -9999 -9999 -9999 -9999 -9999 -9999 -9999 -9999 -9999 -9999 -9999 -9999 -9999 -9999 -9999 1.49676677584648 1.49077874422073 1.57415324449539 1.09444651007652 0.847823292016983 0.900374293327332 0.783581972122192 0.855925530195236 0.834505498409271 0.718861520290375 0.814236760139465 0.937826961278915 1.04973149299622 0.979228466749191 0.824338495731354 0.71671199798584 0.690060004591942 0.645811513066292 0.603888005018234 0.761474117636681 0.755852675437927 0.716432037949562 0.72380046248436 0.743106061220169 0.796608361601829 0.808930239826441 0.532271593809128 0.661277166008949 0.592854034155607 0.551361920312047 0.54387771897018 0.526535952463746 0.529223062098026 0.538369137793779 0.515784206986427 0.509557134658098 0.539573217183352 0.632819724579652 0.687093538542589 0.764154620468616 0.740947932004929 0.709741263091564 0.737865080684423
-9999 -9999 -9999 -9999 -9999 -9999 -9999 -9999 -9999 -9999 -9999 -9999 -9999 -9999 -9999 26.4233831600709 13.4307717875737 7.02827427079601 1.47537821531296 1.41557773947716 1.51566070318222 1.1882047355175 0.916458785533905 0.815720289945602 0.756596982479095 0.730540484189987 0.725195243954659 0.757020771503448 0.757356762886047 1.24599900841713 0.716691747307777 1.04758796095848 0.86567097902298 0.998393207788467 0.816472470760345 0.722480982542038 0.613524734973907 0.582478478550911 0.557867243885994 0.605916738510132 0.604009509086609 0.850857663154602 0.529160991311073 0.545385003089905 0.750577517598867 0.690035788714886 0.81239446029067 0.697728526778519 0.645056767389178 0.664736283011734 0.564494045823813 0.546411421895027 0.547731054325899 0.536617753406366 0.529095451533794 0.618718012422323 0.662591993808746 0.663768848776817 0.682464939852556 0.706948538124561 0.690714755340626 0.741498756408691
-9999 -9999 -9999 -9999 -9999 -9999 -9999 -9999 -9999 -9999 35.2986888885498 35.2986888885498 13.7248649597168 18.1499401330948 2.27615243196487 2.08755898475647 2.23091930150986 2.42010533809662 2.40707767009735 1.77010881900787 1.38817352056503 1.04718822240829 0.916797012090683 0.854847013950348 0.78296023607254 0.76537424325943 0.720688506960869 0.690932258963585 0.676773771643639 0.667934238910675 0.642893269658089 0.61752824485302 0.62006177008152 0.609821990132332 0.684998229146004 0.618400499224663 0.656471997499466 1.04991003870964 0.720632269978523 0.700605019927025 0.742854729294777 0.682065010070801 0.691680014133453 0.71663998067379 0.652549490332603 0.612860262393951 1.00427406412714 0.650238572674639 0.624041468781583 0.68061946084102 0.611338487267494 0.535953918099403 0.545610229758655 0.629443017393351 0.695198905964692 0.770206081370513 0.735943952947855 0.746030019968748 0.758532379567623 0.711149759152356 0.703662722426302 0.702744778464822
-9999 -9999 -9999 -9999 -9999 -9999 -9999 -9999 -9999 -9999 35.2986888885498 5.78384685516357 7.42710471153259 5.00838017463684 3.8029500246048 3.18153083324432 4.3549200296402 4.72594141960144 9.15876078104029 12.1804618040721 2.71223467588425 1.56667649745941 1.15399047732353 1.03752073645592 0.95352378487587 0.866892725229263 0.774408727884293 0.732876732945442 0.690633729100227 0.650613740086555 0.657627761363983 0.61473374068737 0.63289649784565 0.602796748280525 0.597156018018723 0.59883525967598 0.593662485480309 0.581731483340263 0.892151981592178 0.769538283348083 1.12233003973961 1.12906497716904 1.72428667545319 0.860289037227631 0.722652018070221 0.658769264817238 0.578084260225296 0.471178516745567 0.448924496769905 0.446156993508339 0.734826990786721 0.690558075028307 0.639689657618018 0.419351264834404 0.405678749084473 0.753291566669941 0.751285616965855 0.784605690836906 0.75269919896827 0.755502025870716 0.713350535315626 0.688769107355791
-9999 -9999 -9999 -9999 -9999 -9999 -9999 -9999 -9999 -9999 -9999 -9999 -9999 18.5634425783157 7.65622186660767 6.81764537355174 -9999 -9999 -9999 -9999 -9999 -9999 2.0196585059166 1.33264052867889 1.15169548988342 1.23135897517204 1.09908521175385 1.00316548347473 0.899381965398788 0.944333285093307 0.683570981025696 0.691160246729851 0.682833015918732 0.660401254892349 0.619402483105659 0.60064423084259 0.605247750878334 0.587642267346382 0.562011748552322 0.552020251750946 0.542111232876778 0.505436986684799 0.469269007444382 0.439519509673119 1.04203203320503 0.805994957685471 0.665421769022942 0.554158508777618 0.498200252652168 0.483105003833771 0.509853735566139 0.515100002288818 0.507142513990402 0.49769926071167 0.478649228811264 0.464237228035927 0.505796983838081 0.454943999648094 0.448434770107269 0.451414480805397 0.414523512125015 0.381522729992867
-9999 -9999 -9999 -9999 -9999 -9999 -9999 -9999 -9999 -9999 -9999 -9999 -9999 16.6274771690369 16.6274771690369 16.6274771690369 -9999 -9999 -9999 -9999 -9999 -9999 4.94490551948547 4.94490551948547 4.94490551948547 0.308659605681896 1.40681478381157 2.09294021129608 3.0987389087677 2.76532280445099 1.671531021595 0.735712498426437 0.711842983961105 0.676820978522301 0.669698238372803 0.665906980633736 0.604852482676506 0.589850261807442 0.592480480670929 0.599270269274712 0.596335485577583 0.572432979941368 0.542070731520653 0.524824485182762 0.75239771604538 0.820889264345169 0.770612239837646 0.784742206335068 0.663200989365578 0.625330477952957 0.621249005198479 0.618520483374596 0.622104004025459 0.60451877117157 0.592367246747017 0.534696757793427 0.541984498500824 0.546305984258652 0.514481261372566 0.476939991116524 0.473482489585876 0.407973021268845
-9999 -9999 -9999 -9999 -9999 -9999 -9999 -9999 -9999 -9999 -9999 -9999 -9999 -9999 -9999 -9999 -9999 -9999 -9999 -9999 -9999 -9999 -9999 -9999 -9999 -9999 6.2362132533904 3.49168646335602 2.5035383105278 2.0753408074379 2.34819978475571 1.13343670964241 0.939072042703629 0.808247208595276 0.697473764419556 0.681511491537094 0.65301601588726 0.661020755767822 0.642243728041649 0.609488233923912 0.60454049706459 0.607573494315147 0.579256519675255 0.558219730854034 0.536905512213707 0.648420006036758 0.441551998257637 0.673544257879257 0.736214250326157 0.664327517151833 0.633705005049706 0.589383020997047 0.606206998229027 0.623076751828194 0.578878507018089 0.475775241851807 0.50331974029541 0.520847260951996 0.437254518270493 0.406901255249977 0.413319021463394 0.413925021886826
-9999 -9999 -9999 -9999 -9999 -9999 -9999 -9999 -9999 -9999 -9999 -9999 -9999 -9999 -9999 -9999 -9999 -9999 -9999 -9999 -9999 -9999 -9999 -9999 -9999 -9999 -9999 3.30602759548596 2.11145174503326 1.79778742790222 2.64655494689941 1.905089199543 1.67400741577148 1.17688947916031 0.913137763738632 0.691862270236015 0.669867753982544 0.644086495041847 0.615105763077736 0.623486235737801 0.612921729683876 0.594551995396614 0.565982982516289 0.554376751184464 0.522356271743774 0.494138270616531 0.47604002058506 0.581552982330322 0.564125239849091 0.713208764791489 0.646511256694794 0.603369757533073 0.616347000002861 0.620825260877609 0.686049744486809 0.551784753799438 0.367316991090775 0.424664989113808 0.696090352535248 0.72985779941082 0.447755232453346 0.452495992183685
