EcologicalScience/Bass/data/rs_data_bass/chl_477.asc
NCOLS 226 
NROWS 124 
XLLCORNER -9.41648524995501 
YLLCORNER 47.587301625531 
CELLSIZE 0.0833 
NODATA_value -9999 
[rows 54 to 80 of 124, columns 0 to 61 of 226]
-9999 -9999 -9999 -9999 -9999 -9999 -9999 -9999 -9999 -9999 -9999 -9999 -9999 -9999 -9999 -9999 -9999 -9999 -9999 -9999 -9999 -9999 -9999 -9999 -9999 -9999 -9999 -9999 -9999 -9999 -9999 -9999 -9999 -9999 -9999 -9999 -9999 -9999 5.65369743156243 2.39337412118912 2.50258836150169 2.36388301849365 1.88922826945782 1.24067848920822 1.34839847683907 1.3385194838047 2.16570603847504 2.1477735042572 2.13770467042923 1.79802829027176 1.89181941747665 1.5729067325592 1.70949822664261 1.73545056581497 2.22505420446396 2.67036455869675 3.16808688640594 3.59712767601013 3.24242877960205 0.607058599591255 0.62790758907795 3.29864578532136
-9999 -9999 -9999 -9999 -9999 -9999 -9999 -9999 -9999 -9999 -9999 -9999 -9999 -9999 -9999 -9999 -9999 -9999 -9999 -9999 -9999 -9999 -9999 -9999 -9999 -9999 -9999 -9999 -9999 -9999 -9999 -9999 -9999 -9999 -9999 -9999 -9999 -9999 -9999 2.38037348985672 2.6715390086174 3.33329102396965 2.35992127656937 2.40235406160355 1.64575520157814 1.23685550689697 1.69453650712967 1.72917526960373 1.67913973331451 1.65703046321869 1.51899379491806 1.6053295135498 1.57767373323441 1.65667569637299 2.19911330938339 2.65869748592377 3.30373334884644 2.79653342281069 -9999 -9999 -9999 -9999
-9999 -9999 -9999 -9999 -9999 -9999 -9999 -9999 -9999 -9999 -9999 -9999 -9999 -9999 -9999 -9999 -9999 -9999 -9999 -9999 -9999 -9999 -9999 -9999 -9999 -9999 -9999 -9999 -9999 -9999 -9999 -9999 -9999 -9999 -9999 -9999 -9999 -9999 -9999 2.61568164825439 2.95336902141571 2.73278945684433 2.3778749704361 2.34003525972366 1.80375301837921 1.85747843980789 1.78886723518372 1.58745044469833 1.79353272914886 1.74353331327438 1.44523978233337 1.66248518228531 1.60593366622925 1.67269045114517 1.8239534497261 2.73613572120667 2.85644924640656 3.39506542682648 2.44576835632324 1.65724718570709 -9999 -9999
-9999 -9999 -9999 -9999 -9999 -9999 -9999 -9999 -9999 -9999 -9999 -9999 -9999 -9999 -9999 -9999 -9999 -9999 -9999 -9999 -9999 -9999 -9999 -9999 -9999 -9999 -9999 -9999 -9999 -9999 -9999 -9999 -9999 -9999 -9999 -9999 -9999 -9999 -9999 -9999 3.00803692638874 2.6248140335083 2.55025976896286 2.59545469284058 2.64381128549576 2.09752881526947 2.17746526002884 1.91043144464493 1.68694281578064 1.54982250928879 1.295684248209 1.47941845655441 1.65310049057007 1.63183808326721 1.68141227960587 1.8987683057785 2.06314730644226 2.10335916280746 2.50194221735001 3.81843388080597 5.45433068275452 -9999
-9999 -9999 -9999 -9999 -9999 -9999 -9999 -9999 -9999 -9999 -9999 -9999 -9999 -9999 -9999 -9999 -9999 -9999 -9999 -9999 -9999 -9999 -9999 -9999 -9999 -9999 -9999 -9999 -9999 -9999 -9999 -9999 -9999 -9999 -9999 -9999 -9999 -9999 -9999 -9999 3.00132757630841 3.28472572565079 2.61222195625305 2.71132075786591 2.73459249734879 2.65027976036072 2.11077123880386 1.75975346565247 1.73025530576706 1.59723252058029 1.27035346627235 1.44731251895428 1.3826100230217 1.55224293470383 1.52458596229553 1.59903216362 1.90602225065231 2.24732708930969 2.69606852531433 3.20835828781128 3.57316379249096 -9999
-9999 -9999 -9999 -9999 -9999 -9999 -9999 -9999 -9999 -9999 -9999 -9999 -9999 -9999 -9999 -9999 -9999 -9999 -9999 -9999 -9999 -9999 -9999 -9999 -9999 -9999 -9999 -9999 -9999 -9999 -9999 -9999 -9999 -9999 -9999 -9999 -9999 -9999 -9999 -9999 2.5745165348053 3.53571194410324 2.73672020435333 2.746641933918 2.60787200927734 2.19216048717499 2.14944624900818 1.55269372463226 1.48736327886581 1.37420225143433 1.35330221056938 1.46720625758171 1.47583723068237 1.56894367933273 1.58359497785568 1.66703474521637 1.89245098829269 2.30060398578644 2.75705999135971 2.30069655664265 -9999 -9999
-9999 -9999 -9999 -9999 -9999 -9999 -9999 -9999 -9999 -9999 -9999 -9999 -9999 -9999 -9999 -9999 -9999 -9999 -9999 -9999 -9999 -9999 -9999 -9999 -9999 -9999 -9999 -9999 -9999 -9999 -9999 -9999 -9999 -9999 -9999 -9999 -9999 -9999 -9999 -9999 3.6992090344429 3.50625991821289 3.11297780275345 2.14200407266617 1.83799648284912 1.60946023464203 1.56890946626663 1.54967224597931 1.4072400033474 1.31093549728394 1.3699676245451 1.39477841556072 1.41041424870491 1.64750325679779 1.93746292591095 2.21104055643082 2.03069096803665 -9999 -9999 3.71907162666321 2.78513664007187 3.3230391740799
-9999 -9999 -9999 -9999 -9999 -9999 -9999 -9999 -9999 -9999 -9999 -9999 -9999 -9999 -9999 -9999 -9999 -9999 -9999 -9999 -9999 -9999 -9999 -9999 -9999 -9999 -9999 -9999 -9999 -9999 -9999 -9999 -9999 -9999 -9999 -9999 -9999 -9999 -9999 3.40280598402023 3.35337430238724 2.85296672582626 2.43750178813934 2.00448477268219 1.52524447441101 1.41126525402069 1.52012395858765 1.32598328590393 1.33972203731537 1.29455724358559 1.34509003162384 1.43932199478149 1.36319050192833 1.42402473092079 1.55199971795082 2.22681802511215 2.19769769906998 2.36052370071411 4.2007705271244 3.31152069568634 2.84555250406265 2.72577005624771
-9999 -9999 -9999 -9999 -9999 -9999 -9999 -9999 -9999 -9999 -9999 -9999 -9999 -9999 -9999 -9999 -9999 -9999 -9999 -9999 -9999 -9999 -9999 -9999 -9999 -9999 -9999 -9999 -9999 -9999 -9999 -9999 -9999 -9999 -9999 -9999 -9999 -9999 -9999 4.0128772854805 2.6456915140152 2.42965978384018 1.79092973470688 1.4838952422142 1.38435998558998 1.41205197572708 1.44168251752853 1.33822098374367 1.31559225916862 1.33891171216965 1.30544546842575 1.2568005502224 1.43868148326874 1.51956427097321 2.05910021066666 2.34832566976547 2.47129726409912 2.51259076595306 2.54443949460983 2.76051318645477 2.82785278558731 2.53070056438446
-9999 -9999 -9999 -9999 -9999 -9999 -9999 -9999 -9999 -9999 -9999 -9999 -9999 -9999 -9999 -9999 -9999 -9999 -9999 -9999 -9999 -9999 -9999 -9999 -9999 -9999 -9999 -9999 -9999 -9999 -9999 -9999 -9999 -9999 -9999 -9999 -9999 -9999 4.32813316583633 4.16878813505173 2.36171072721481 2.1188697218895 1.60264980792999 1.56937873363495 1.31397101283073 1.47639977931976 1.47577273845673 1.51705496013165 1.41190758347511 1.38300222158432 1.38559645414352 1.36984527111053 1.40427675843239 2.22511357069016 1.94232147932053 2.01919198036194 2.19752472639084 2.4876052737236 2.61264216899872 2.67244130373001 2.94255602359772 3.04372358322144
-9999 -9999 -9999 -9999 -9999 -9999 -9999 -9999 -9999 -9999 -9999 -9999 -9999 -9999 -9999 -9999 -9999 -9999 -9999 -9999 -9999 -9999 -9999 -9999 -9999 -9999 -9999 -9999 -9999 -9999 -9999 -9999 -9999 -9999 -9999 -9999 -9999 -9999 3.13398736715317 3.18728250265121 2.2443134188652 1.43329471349716 1.28661328554153 1.16815373301506 1.29430201649666 1.33369249105453 1.33764526247978 1.32629437744617 1.10182464122772 1.06982888281345 1.18178401887417 1.39692476391792 1.45576348900795 1.49957475066185 2.01570457220078 2.27070146799088 2.38377678394318 2.41571241617203 2.47847467660904 2.49651592969894 2.8454647064209 2.88983166217804
-9999 -9999 -9999 -9999 -9999 -9999 -9999 -9999 -9999 -9999 -9999 -9999 -9999 -9999 -9999 -9999 -9999 -9999 -9999 -9999 -9999 -9999 -9999 -9999 -9999 -9999 -9999 -9999 -9999 -9999 -9999 -9999 -9999 -9999 -9999 -9999 -9999 8.32666249478117 3.04112583398819 2.28678053617477 1.67599898576736 1.35165023803711 1.13305526971817 1.14626798033714 1.31810423731804 1.38699857890606 1.30582455396652 1.18196175992489 1.12163060903549 1.19049865007401 1.36128076910973 1.34323698282242 1.37141424417496 1.39586073160172 1.45053447782993 1.47366714477539 1.7276685833931 1.99637854099274 2.1962211728096 2.26805251836777 2.38220626115799 2.66517752408981
-9999 -9999 -9999 -9999 -9999 -9999 -9999 -9999 -9999 -9999 -9999 -9999 -9999 -9999 -9999 -9999 -9999 -9999 -9999 -9999 -9999 -9999 -9999 -9999 -9999 -9999 -9999 -9999 -9999 -9999 -9999 -9999 -9999 -9999 -9999 -9999 2.28439056873322 3.64819192886353 2.72498822212219 1.56538085639477 1.60403382778168 1.19626399874687 1.0295552611351 1.08063858747482 1.17736539244652 1.11588317155838 1.12286683917046 1.12351012229919 1.23588475584984 1.34435176849365 1.36794680356979 1.52965751290321 1.08771024942398 1.16048888862133 1.60835212469101 1.65615856647491 1.66293525695801 1.77516603469849 2.09784382581711 2.23486357927322 1.92922347784042 2.82108297944069
-9999 -9999 -9999 -9999 -9999 -9999 -9999 -9999 -9999 -9999 -9999 -9999 -9999 -9999 -9999 -9999 -9999 -9999 -9999 -9999 -9999 -9999 -9999 -9999 -9999 -9999 -9999 -9999 -9999 -9999 -9999 -9999 -9999 -9999 -9999 -9999 4.80494087934494 3.09539103507996 2.61117273569107 1.83599781990051 1.56022721529007 1.05346223711967 1.0029079914093 1.0120345056057 0.946450710296631 1.25977454781532 1.08561477065086 1.17594860494137 1.12185488641262 1.19975776970387 1.56814730167389 1.62992289662361 1.36772558838129 1.12708611488342 1.34003815054893 1.59537971019745 1.66014003753662 1.94403219223022 2.14036792516708 2.16743767261505 2.19176918268204 2.4507007598877
-9999 -9999 -9999 -9999 -9999 -9999 -9999 -9999 -9999 -9999 -9999 -9999 -9999 -9999 -9999 -9999 -9999 -9999 -9999 -9999 -9999 -9999 -9999 -9999 -9999 -9999 -9999 -9999 -9999 -9999 -9999 3.95057981014252 3.76909522215525 2.14738583564758 2.10493344068527 2.0484162805364 2.00406114757061 2.09126275777817 1.81768095493317 1.39043098688126 1.01199275255203 0.939090490341187 0.972092747688293 0.954815745353699 0.909156024456024 0.824129641056061 0.899931371212006 0.902161091566086 1.07859498262405 1.27684203386307 1.53134977817535 1.40169247984886 1.36293703317642 1.43114623427391 1.71589726209641 1.78673100471497 1.79827576875687 1.92761993408203 2.14035004377365 2.2758052945137 2.3999035358429 2.74942092597485
-9999 -9999 -9999 -9999 -9999 -9999 -9999 -9999 -9999 -9999 -9999 -9999 -9999 -9999 -9999 -9999 -9999 -9999 -9999 -9999 -9999 -9999 0.346259817481041 13.9537247220675 18.9268301725388 10.0502489209175 4.73222893476486 4.09051871299744 4.42912924289703 3.01652759313583 2.99205148220062 1.60469698905945 2.06227952241898 2.29388225078583 5.24377548694611 4.80314084887505 2.32903987169266 1.66132570803165 1.18808810412884 0.919660493731499 0.830186247825623 0.899479776620865 0.795220524072647 0.946830987930298 0.793862968683243 1.38572096824646 1.22139528393745 1.31417629122734 1.3411837220192 1.42164748907089 1.66701376438141 1.74448025226593 1.52585770189762 1.57843655347824 1.74453681707382 1.88366103172302 1.9893906712532 2.58155062794685 2.48885206965839 -9999 -9999 -9999
-9999 -9999 -9999 -9999 -9999 -9999 -9999 -9999 -9999 -9999 -9999 -9999 -9999 -9999 -9999 -9999 -9999 -9999 -9999 -9999 -9999 -9999 3.92852711677551 6.19850951433182 2.47725489735603 3.42948827147484 2.548748254776 1.73672997951508 2.57472449541092 2.78669393062592 1.93249583244324 1.77436566352844 2.43923476338387 4.59360618889332 4.10445982217789 3.3749722391367 2.28478717803955 1.50774599611759 1.20900182425976 0.950407102704048 0.855495035648346 0.751634985208511 0.738700479269028 1.44377513229847 1.25527238845825 1.32001237571239 1.85982370376587 1.56980699300766 1.59052580595016 1.43412521481514 1.71003712713718 1.81977859139442 1.83886161446571 2.00131791830063 2.20609545707703 2.85959440469742 -9999 -9999 -9999 -9999 -9999 -9999
-9999 -9999 -9999 -9999 -9999 -9999 -9999 -9999 -9999 -9999 -9999 -9999 -9999 -9999 -9999 -9999 -9999 -9999 -9999 1.53259074106449 7.25796168297529 1.47901371121407 1.50174051523209 1.08358052372932 1.15065371990204 2.45874220132828 1.80570602416992 1.77840006351471 1.74371767044067 2.06534028053284 4.50792364776134 4.05173143744469 3.98828302323818 3.78331062197685 1.51493775844574 1.44996598362923 1.50982117652893 1.49068200588226 1.20216974616051 1.18879947066307 1.03966274857521 0.841521710157394 0.789200216531754 1.29724314808846 1.32672527432442 1.33437265455723 1.77383100986481 1.98769497871399 2.03358900547028 1.92513298988342 1.9862148463726 2.2603315114975 -9999 -9999 -9999 -9999 -9999 -9999 -9999 -9999 -9999 -9999
-9999 -9999 -9999 -9999 -9999 -9999 -9999 -9999 -9999 -9999 -9999 -9999 -9999 -9999 -9999 -9999 -9999 25.2809762954712 5.63692146539688 6.7605739235878 8.79876619577408 1.95377916097641 1.37506422400475 1.35452771186829 1.28810924291611 2.37157648801804 2.3122792840004 1.87309581041336 2.19589197635651 2.1154859662056 2.11319017410278 2.02108132839203 1.81006050109863 1.9847018122673 1.77001583576202 1.51510727405548 1.6517978310585 1.45608597993851 1.49639698863029 1.40920051932335 1.43024772405624 1.46830952167511 1.3727992773056 1.14795899391174 1.13385227322578 1.46146121621132 2.21268153190613 2.62688916921616 2.41552180051804 2.28887933492661 2.13209992647171 1.50760120153427 -9999 -9999 -9999 -9999 -9999 -9999 -9999 -9999 -9999 -9999
-9999 -9999 -9999 -9999 -9999 -9999 -9999 -9999 -9999 -9999 -9999 -9999 -9999 -9999 2.58417308330536 3.10611355304718 1.95988202095032 1.89443022012711 1.44951300323009 4.02068424224854 6.50410848855972 5.83084845542908 2.16706126928329 4.08178554475307 3.8139227181673 4.62761771678925 1.84977227449417 1.9745010137558 2.11771720647812 2.27483242750168 2.29001694917679 2.21865892410278 1.70499533414841 3.41087020933628 1.99001616239548 1.62607276439667 1.58019071817398 1.42773672938347 1.47488477826118 2.04719406366348 2.16358351707458 2.08792358636856 1.60800379514694 1.28144770860672 1.48569524288177 1.95430433750153 2.14228570461273 2.11214017868042 2.13906222581863 2.56769692897797 3.80912411212921 3.00748515129089 -9999 -9999 -9999 -9999 -9999 -9999 -9999 -9999 -9999 -9999
-9999 -9999 -9999 -9999 -9999 -9999 -9999 -9999 -9999 -9999 -9999 3.60088312625885 15.1696488857269 1.63498346507549 1.32604801654816 1.60768952965736 1.45468613505363 1.67966397106647 2.24032133817673 2.46109087765217 2.93660773336887 1.83270442485809 2.13510900735855 2.56986451148987 2.83707529306412 3.09983789920807 3.51988649368286 2.77633649110794 3.00348007678986 2.4388679265976 3.07640326023102 2.07554697990417 2.12925750017166 1.91515356302261 2.21330326795578 2.1364027261734 2.21460449695587 1.95864379405975 2.1673566699028 2.39018619060516 1.97737419605255 2.13335394859314 2.18074268102646 1.77692323923111 1.67352819442749 2.08306431770325 2.01883953809738 1.98830097913742 2.04006457328796 2.3477835059166 2.48097498076303 -9999 -9999 -9999 -9999 -9999 -9999 4.32955663204193 3.92320865392685 6.20432817935944 6.0886227607727 -9999
-9999 -9999 -9999 -9999 -9999 -9999 -9999 -9999 -9999 10.9748048186302 0.799324159438793 4.4446896314621 2.05042779445648 1.37589825689793 26.8323955535889 2.10494135320187 2.76742431521416 1.28801697492599 1.64506423473358 1.61936330795288 1.63505244255066 1.74337416887283 1.83871883153915 2.33939480781555 3.14690101146698 3.71694982051849 4.22195684909821 4.78224384784698 3.71581041812897 3.16009140014648 3.14366769790649 3.24699068069458 3.05317497253418 2.47028928995132 2.19623100757599 2.52544355392456 2.59842306375504 2.54671955108643 2.41752308607101 2.43217045068741 2.01622205972672 2.56772249937057 2.7622874379158 2.65964841842651 2.09417706727982 1.71005326509476 1.57154256105423 1.69451254606247 1.69616407155991 2.36577594280243 2.4264839887619 2.36081618070602 2.46498441696167 2.6885124986822 3.64143526554108 3.78283953666687 2.59963649511337 2.14192056655884 2.53358924388885 2.93310230970383 3.29543709754944 3.16605341434479
-9999 -9999 -9999 -9999 -9999 3.22553336620331 7.94775456190109 2.00676828622818 4.33404564857483 2.10935962200165 2.15010553598404 2.07000344991684 1.48147496581078 1.88798663020134 2.56837682425976 2.80278941988945 3.40187466144562 1.86927974224091 1.89009529352188 2.05297726392746 2.44399273395538 3.29101860523224 5.55588376522064 5.37480962276459 3.29661762714386 3.80270791053772 4.5858907699585 4.91899430751801 4.50722908973694 3.30771517753601 3.79003500938416 3.67285645008087 3.26946759223938 2.37518405914307 1.94302046298981 2.30689573287964 3.05804407596588 3.16192281246185 2.28976356983185 2.29218149185181 2.64156228303909 3.24252390861511 3.39087510108948 3.03534615039825 2.65233528614044 2.01399296522141 1.72399878501892 2.1314805150032 2.21028900146484 1.98927819728851 1.55576545000076 1.74035167694092 2.08455222845078 2.59824746847153 2.4259791970253 2.29870355129242 2.12086719274521 1.94162106513977 2.5259662270546 2.87637233734131 3.11821210384369 3.37666654586792
-9999 -9999 -9999 -9999 -9999 0.953013718128204 1.21480125188828 1.21300578117371 0.974234282970428 1.02193424105644 1.43082895874977 1.18992152810097 1.58556908369064 1.1486542224884 0.984759718179703 0.987403482198715 1.16724228858948 1.80239170789719 2.24251645803452 2.78474628925323 3.76235032081604 3.31067633628845 3.45407116413116 3.91612279415131 3.41103529930115 3.28288793563843 3.33800160884857 3.18116462230682 3.07608675956726 3.39811813831329 3.672123670578 3.29341578483582 2.79060298204422 2.56062304973602 2.08876579999924 2.380430996418 2.89591491222382 3.05542123317719 2.5015566945076 2.68451929092407 3.08857583999634 3.30911922454834 4.11717081069946 3.56158411502838 1.96023827791214 1.6038606762886 2.14179593324661 2.15864557027817 1.96315133571625 2.12018251419067 1.40371352434158 1.40665054321289 1.58730679750443 1.59803169965744 1.51789498329163 1.01163375377655 1.52456617355347 1.88164418935776 2.20645201206207 2.38567131757736 2.34076058864594 2.48672783374786
-9999 -9999 -9999 -9999 -9999 1.96047592163086 2.08009278774261 1.69778108596802 1.45796021819115 1.58045768737793 1.89681369066238 1.69978201389313 1.90783882141113 1.84871631860733 1.6825709939003 1.91087776422501 1.79741245508194 2.08650076389313 2.23306721448898 3.05328905582428 3.13845884799957 3.16559994220734 2.9393407702446 2.82157051563263 2.64306002855301 2.26458442211151 2.5164937376976 2.77825498580933 3.08451533317566 3.23407709598541 3.47541689872742 3.32115375995636 2.60223752260208 2.11810505390167 2.40174597501755 3.02126491069794 3.09724044799805 3.18047940731049 3.1527578830719 3.19559633731842 3.1666921377182 3.58332002162933 3.97088027000427 2.15582996606827 1.3272862136364 1.54145783185959 2.16330975294113 2.02608525753021 1.99412101507187 2.04396969079971 1.9198215007782 1.92760580778122 2.60440653562546 2.65711498260498 3.09326469898224 1.00647300481796 1.09845221042633 1.20972749590874 1.38231825828552 2.06972408294678 2.20228654146194 2.32495272159576
-9999 -9999 -9999 -9999 -9999 2.62086457014084 2.54824644327164 2.33866506814957 2.57601678371429 2.54091078042984 2.17041599750519 2.12876093387604 2.76726669073105 2.86140668392181 2.67511278390884 2.54226905107498 2.68783646821976 2.69319981336594 2.50456416606903 3.23898661136627 2.99032956361771 2.72658383846283 2.92732733488083 1.97587805986404 1.9988084435463 2.02342200279236 2.10576903820038 2.32791745662689 2.86406028270721 2.92860299348831 2.99693405628204 3.64659976959229 2.94805866479874 2.04439723491669 2.07922732830048 2.41359829902649 2.59486573934555 2.81851494312286 2.34095102548599 1.93960493803024 2.1498629450798 2.60298067331314 2.63913667201996 1.29172575473785 1.33572900295258 1.60252422094345 2.14442771673203 3.10578668117523 3.30503261089325 3.01952469348907 2.62781774997711 4.13197731971741 5.00650191307068 5.32210886478424 3.42781126499176 1.45876497030258 1.42640322446823 1.30114871263504 1.3556587100029 1.92217200994492 2.0875101685524 1.97649067640305
-9999 -9999 -9999 -9999 -9999 2.77476525306702 3.04988622665405 3.0666915178299 2.98291128873825 2.85727572441101 2.61426758766174 2.69423925876617 2.74711507558823 2.5071524977684 2.33826076984406 2.25028055906296 2.75608956813812 3.73885881900787 2.82008707523346 2.66533952951431 2.40446555614471 2.92558801174164 2.76282441616058 1.85827499628067 1.71834450960159 1.61811518669128 1.71709567308426 1.90083074569702 2.7548189163208 2.95399796962738 2.9127157330513 3.73458659648895 3.1044727563858 2.54366701841354 2.05017524957657 2.41663491725922 2.26499855518341 2.62595701217651 2.19469356536865 1.80779403448105 2.07854175567627 1.83402156829834 1.43855926394463 1.25803354382515 1.31650274991989 1.55799758434296 1.78676408529282 2.15415680408478 3.29930484294891 3.20788657665253 4.58222007751465 4.2158077955246 4.37232613563538 4.39387142658234 4.07390785217285 2.99803501367569 2.13072592020035 2.03955066204071 1.48650303483009 1.36556249856949 1.85482656955719 1.44269022345543
