EcologicalScience/Bass/data/rs_data_bass/chl_507.asc
NCOLS 226 
NROWS 124 
XLLCORNER -9.41648524995501 
YLLCORNER 47.587301625531 
CELLSIZE 0.0833 
NODATA_value -9999 
[rows 0 to 26 of 124, columns 62 to 123 of 226]
-9999 -9999 -9999 -9999 -9999 -9999 -9999 -9999 -9999 -9999 -9999 -9999 -9999 -9999 -9999 -9999 -9999 -9999 -9999 -9999 -9999 -9999 -9999 -9999 -9999 -9999 -9999 -9999 -9999 -9999 -9999 -9999 -9999 -9999 -9999 -9999 -9999 -9999 -9999 -9999 -9999 -9999 -9999 -9999 -9999 -9999 -9999 -9999 -9999 -9999 -9999 -9999 -9999 -9999 -9999 -9999 -9999 -9999 -9999 -9999 -9999 -9999
-9999 -9999 -9999 -9999 -9999 -9999 -9999 -9999 -9999 -9999 -9999 -9999 -9999 -9999 -9999 -9999 -9999 -9999 -9999 -9999 -9999 -9999 -9999 -9999 -9999 -9999 -9999 -9999 -9999 -9999 -9999 -9999 -9999 -9999 -9999 -9999 -9999 -9999 -9999 -9999 -9999 -9999 -9999 -9999 -9999 -9999 -9999 -9999 -9999 -9999 -9999 -9999 -9999 -9999 -9999 -9999 -9999 -9999 -9999 -9999 -9999 -9999
-9999 -9999 -9999 -9999 -9999 -9999 -9999 -9999 -9999 -9999 -9999 -9999 -9999 -9999 -9999 -9999 -9999 -9999 -9999 -9999 -9999 -9999 -9999 -9999 -9999 -9999 -9999 -9999 -9999 -9999 -9999 -9999 -9999 -9999 -9999 -9999 -9999 -9999 -9999 -9999 -9999 -9999 -9999 -9999 -9999 -9999 -9999 -9999 -9999 -9999 -9999 -9999 -9999 -9999 -9999 -9999 -9999 -9999 -9999 -9999 -9999 -9999
-9999 -9999 -9999 -9999 -9999 -9999 -9999 -9999 -9999 -9999 -9999 -9999 -9999 -9999 -9999 -9999 -9999 -9999 -9999 -9999 -9999 -9999 -9999 -9999 -9999 -9999 -9999 -9999 -9999 -9999 -9999 -9999 -9999 -9999 -9999 -9999 -9999 -9999 -9999 -9999 -9999 -9999 -9999 -9999 -9999 -9999 -9999 -9999 -9999 -9999 -9999 -9999 -9999 -9999 -9999 -9999 -9999 -9999 -9999 -9999 -9999 -9999
-9999 -9999 -9999 -9999 -9999 -9999 -9999 -9999 -9999 -9999 -9999 -9999 -9999 -9999 -9999 -9999 -9999 -9999 -9999 -9999 -9999 -9999 -9999 -9999 -9999 -9999 -9999 -9999 -9999 -9999 -9999 -9999 -9999 -9999 -9999 -9999 -9999 -9999 -9999 -9999 -9999 -9999 -9999 -9999 -9999 -9999 -9999 -9999 -9999 -9999 -9999 -9999 -9999 -9999 -9999 -9999 -9999 -9999 -9999 -9999 -9999 -9999
-9999 -9999 -9999 -9999 -9999 -9999 -9999 -9999 -9999 -9999 -9999 -9999 -9999 -9999 -9999 -9999 -9999 -9999 -9999 -9999 -9999 -9999 -9999 -9999 -9999 -9999 -9999 -9999 0.63735419511795 1.32836619194816 1.07239899389884 0.895268032655996 0.79882791901336 1.15160881541669 1.10808279365301 0.862397491931915 0.78383906185627 0.79489329457283 0.781108811497688 0.766332879662514 0.747374460101128 0.756120130419731 0.668501330539584 0.661441633477807 0.635765025392175 0.668321426957846 0.677834697067738 0.634053396061063 0.592700757086277 0.613835474476218 0.664200458675623 0.659707121551037 0.554726701229811 0.579564884305 0.561606422066689 0.52422306239605 0.54626427590847 0.545112016797066 0.529947915673256 0.528247591853142 0.525100859999657 0.519387397170067
-9999 -9999 -9999 -9999 -9999 -9999 -9999 -9999 -9999 -9999 -9999 -9999 -9999 -9999 -9999 -9999 -9999 -9999 -9999 -9999 -9999 -9999 -9999 -9999 -9999 -9999 1.18186515569687 1.0627324283123 1.96150341400733 1.39746658591663 1.37599634192884 1.13806445337832 0.851504221558571 0.849038630723953 0.865729615092277 0.881070300936699 0.858815163373947 0.839712575078011 0.858717277646065 0.718760663643479 0.720710897818208 0.728468187153339 0.750430902466178 0.758381109684706 0.760335568338633 0.766190070658922 0.719602078199387 0.615204384550452 0.615690294653177 0.663205605000257 0.530112853646278 0.521781447529793 0.53416485786438 0.55703147649765 0.552569648623467 0.550927662849426 0.5491350710392 0.534063202142715 0.52030716240406 0.518008723855019 0.522353973984718 0.524465015530586
-9999 -9999 -9999 -9999 -9999 -9999 -9999 -9999 -9999 -9999 -9999 -9999 -9999 -9999 -9999 -9999 -9999 -9999 -9999 -9999 -9999 -9999 -9999 -9999 -9999 -9999 1.18186515569687 2.18428941333995 2.00122997340034 1.55165514349937 1.28403410315514 1.09396843612194 0.986513987183571 0.932063654065132 0.930197611451149 0.933319434523582 0.907521352171898 0.949690720997751 0.964383853599429 0.891646131873131 0.876124337315559 0.942991271615028 0.763219786807895 0.736384056508541 0.746169056743383 0.760979745537043 0.700372952967882 0.66106834821403 0.663889953866601 0.641258155927062 0.570333588123322 0.563202032446861 0.548972886800766 0.554216453433037 0.559915369749069 0.550653228163719 0.532558107376099 0.534981921315193 0.538782227039337 0.540964901447296 0.557725846767426 0.571269750595093
-9999 -9999 -9999 -9999 -9999 -9999 -9999 -9999 -9999 -9999 -9999 -9999 -9999 -9999 -9999 -9999 -9999 -9999 -9999 -9999 -9999 -9999 -9999 -9999 -9999 -9999 1.74782418120991 1.39630535244942 1.39661099016666 1.33743099868298 1.2363039702177 1.18490466475487 1.19373404979706 1.07822926342487 1.01243941485882 1.02272260189056 1.03817138075829 0.984199181199074 0.9587172716856 0.941449820995331 0.806263983249664 0.819090971723199 0.827057249844074 0.787318730726838 0.760209873318672 0.704883450642228 0.643818520009518 0.639837289229035 0.633721109479666 0.641919108107686 0.647829540073872 0.661115286871791 0.642332570627332 0.618397772312164 0.601700926199555 0.593596056103706 0.600368490815163 0.587712121009827 0.542123687267303 0.543611025810242 0.562040188908577 0.584212812781334
-9999 -9999 -9999 -9999 -9999 -9999 -9999 -9999 -9999 -9999 -9999 -9999 -9999 -9999 -9999 -9999 -9999 -9999 -9999 -9999 -9999 -9999 -9999 -9999 -9999 1.19121462106705 1.65930656226058 1.19174471497536 1.44456958770752 1.47870242595673 1.39250548183918 1.332912966609 1.2478386759758 1.16396649181843 1.13382805883884 1.19109183549881 1.14880108833313 1.06151014566422 0.876506041735411 0.850727867335081 0.852218678221107 0.855490794405341 0.836286401376128 0.801988603547215 0.764280796051025 0.73382194340229 0.667654428631067 0.654113687574863 0.651299932971597 0.628430860117078 0.611067965626717 0.62398786470294 0.619087882339954 0.597207382321358 0.58877208083868 0.596370913088322 0.559348633512855 0.532898750156164 0.490337911248207 0.50979440510273 0.535242828726769 0.501100606285036
-9999 -9999 -9999 -9999 -9999 -9999 -9999 -9999 -9999 -9999 -9999 -9999 -9999 -9999 -9999 -9999 -9999 -9999 -9999 -9999 -9999 -9999 -9999 -9999 -9999 1.21674232184887 1.46684753368883 1.34841251723907 1.14817479997873 1.10586296394467 0.987482323366053 1.34480822086334 1.30537727475166 1.23990505933762 1.23094415664673 1.00488881394267 0.993890063837171 0.934324426576495 0.877446860074997 0.855227362364531 0.843343198299408 0.819757187739015 0.794779624789953 0.773666996508837 0.751034075394273 0.725989501923323 0.715111630037427 0.689097454771399 0.633192602545023 0.618271613493562 0.617286505177617 0.621435256674886 0.578378660604358 0.581403516232967 0.587070610374212 0.569226399064064 0.540478533133864 0.51456973515451 0.50823993422091 0.505003304220736 0.502989023923874 0.512059687636793
-9999 -9999 -9999 -9999 -9999 -9999 -9999 -9999 -9999 -9999 -9999 -9999 -9999 -9999 -9999 -9999 -9999 -9999 -9999 -9999 -9999 -9999 -9999 -9999 1.31647038459778 1.49432024359703 1.38521201996242 1.24446963387377 1.29436966404319 1.59449097514153 1.41622290015221 1.3985575735569 1.35248908400536 1.2118838429451 0.930742789059877 0.872694427147508 0.849140010774136 0.800723799011287 0.835568334907293 0.802299538627267 0.793370246887207 0.768854521214962 0.73787335306406 0.721904888749123 0.713691182434559 0.705218290910125 0.691004075109959 0.671560848131776 0.64775387942791 0.633429206907749 0.62622881680727 0.593719638884068 0.578862994909286 0.537227047607303 0.539723871275783 0.522394934669137 0.531326377764344 0.528457232750952 0.517358687706292 0.508706202730536 0.510466190055013 0.515584842301905
-9999 -9999 -9999 -9999 -9999 -9999 -9999 -9999 -9999 -9999 -9999 -9999 -9999 -9999 -9999 -9999 -9999 -9999 -9999 -9999 -9999 -9999 -9999 1.50594073534012 1.87955924868584 1.51527984527981 1.79009142518043 1.70871567726135 1.63436722755432 1.44878715276718 1.42401826381683 1.37270453572273 1.35473442077637 1.33920383453369 1.33841410279274 0.836461063474417 0.808330111205578 0.790108636021614 0.766798406839371 0.766850810497999 0.764177905395627 0.747031236067414 0.734406189993024 0.727477138862014 0.734376780688763 0.710924573242664 0.695896066725254 0.674356028437614 0.655223585665226 0.628326712176204 0.551736187934875 0.539518538117409 0.527681422233581 0.559372209012508 0.555657165125012 0.552877446636558 0.561088431626558 0.556179217994213 0.52585363201797 0.515755573287606 0.516177143901587 0.518096527084708
-9999 -9999 -9999 -9999 -9999 -9999 -9999 -9999 -9999 -9999 -9999 -9999 -9999 -9999 -9999 -9999 -9999 -9999 -9999 -9999 -9999 -9999 2.56786770405977 2.26424641671934 1.9898366133372 1.39861890176932 1.85480494983494 1.7168242931366 1.64987072348595 1.62456494569778 1.47065195441246 1.46548190712929 0.928339820355177 0.95040388405323 0.965883526951075 0.859049022197723 0.829415172338486 0.817357897758484 0.762089174240828 0.769107364118099 0.795110128819942 0.795547043904662 0.793181397020817 0.782497968524694 0.773630714043975 0.729018607735634 0.70834351144731 0.692750064656138 0.694475054740906 0.685880418866873 0.561155167222023 0.564061018824577 0.671145647764206 0.675797894597054 0.672137439250946 0.654363071545959 0.598904823884368 0.607146682217717 0.569501398131251 0.53258668910712 0.527688908390701 0.527516417205334
-9999 -9999 -9999 -9999 -9999 -9999 -9999 -9999 -9999 -9999 -9999 -9999 -9999 -9999 -9999 -9999 -9999 -9999 -9999 -9999 2.64602583646774 5.13700926303864 2.71331451920902 2.65930718884749 2.00385154345456 1.33609415152494 1.24098488688469 1.21988353729248 1.2431325674057 1.0182972215116 0.956794425845146 0.968301381915808 0.985746849328279 0.991356488317251 0.934536039829254 0.918084979057312 0.86133947968483 0.850866883993149 0.8482366502285 0.880339413881302 0.920763224363327 0.836552854095187 0.812313632241317 0.801664176796164 0.776213228702545 0.734405207633972 0.733027115464211 0.720451584085822 0.693820277228951 0.673258820548654 0.663838991895318 0.703200213611126 0.756592288613319 0.84047593921423 0.795635093003511 0.716115368530154 0.694389682263136 0.680323015898466 0.622776377946138 0.570126470178366 0.550496008247137 0.501075410842895
-9999 -9999 -9999 -9999 -9999 -9999 -9999 -9999 -9999 -9999 -9999 -9999 -9999 -9999 -9999 -9999 -9999 -9999 -9999 -9999 2.41780088561073 2.4293532371521 2.1442362596007 1.80132568233153 1.51124941601473 1.37576800409485 1.25601072236896 1.34732347726822 1.27624928355217 1.21517751216888 1.08703862428665 1.10587404370308 1.04387663943427 0.994242787361145 0.984355956315994 0.928327023983002 0.897864520549774 0.88920584321022 0.891294956207275 0.905279397964478 0.887017882296017 0.854999660381249 0.824836023151875 0.839856773614883 0.810686601059778 0.80159384225096 0.785126764859472 0.780225245015962 0.770182913967541 0.749587275087833 0.648204347491264 0.635278674960136 0.619717973470688 0.600985631346703 0.57306854724884 0.589087727665901 0.588845193386078 0.5816834628582 0.580478113889694 0.556322649121284 0.534195694327354 0.531391471624374
-9999 -9999 -9999 -9999 -9999 -9999 -9999 -9999 -9999 -9999 -9999 -9999 -9999 -9999 -9999 -9999 -9999 -9999 -9999 2.89070735871792 2.75675653633864 2.26097800938979 1.87920814752579 1.67706310749054 1.38182076636483 1.25443211942911 1.21126978844404 1.12922738492489 1.08830932527781 1.09570794180036 1.07836666703224 1.07755509444645 1.03586354000228 0.992290198802948 0.982143670320511 0.955889582633972 0.953198820352554 0.944422423839569 0.935317518455642 0.942020390714918 0.92370494561536 0.901173400027411 0.863187860165324 0.826199683759894 0.767745047807693 0.732585834605353 0.753092481621674 0.759923132402556 0.747752184314387 0.760688462427684 0.776016143815858 0.746065534651279 0.730513374720301 0.742620837475572 0.747474987592016 0.627508234977722 0.607212218642235 0.612932029366493 0.612818250060081 0.602813243865967 0.569020611047745 0.530471929907799
-9999 -9999 -9999 -9999 -9999 -9999 -9999 -9999 -9999 -9999 -9999 -9999 -9999 -9999 -9999 -9999 -9999 5.64561286568642 5.28763520717621 2.76680407575939 2.38822123251463 2.14901455766276 1.96052076628334 1.96456038951874 1.45005867630243 1.33964319527149 1.23118206113577 1.17895037680864 1.16303895413876 1.15677830949426 1.07891088724136 1.03561040333339 1.02562513308866 1.00988575816154 0.984231770038605 1.00697040557861 0.986624240875244 0.922825934631484 0.929198218243463 0.929712908608573 0.91213056232248 0.897391759923526 0.874218661870275 0.838016529168401 0.816400539662157 0.814125489975725 0.793484374880791 0.750007203647069 0.755213633179665 0.755115997578417 0.766690795975072 0.756011628678867 0.735667817294598 0.740838646888733 0.734464223895754 0.707689921770777 0.711663208901882 0.705009526440076 0.667253909366471 0.659185984304973 0.672457624758993 0.568725737929344
-9999 -9999 -9999 -9999 -9999 -9999 -9999 -9999 -9999 -9999 -9999 -9999 -9999 -9999 -9999 -9999 -9999 6.41239731013775 2.33220662176609 2.3256922736764 2.14295189827681 2.04823288321495 1.81276092678308 1.56951723620296 1.37105482444167 1.36452976986766 1.32407227903605 1.2503055408597 1.24376301839948 1.14469823241234 1.1197017367397 1.0690659987075 1.0213454578604 1.01778221130371 0.975372403860092 0.902915984392166 0.934853404760361 0.949650228023529 0.932585988725935 0.925460125718798 0.924199187329837 0.908795765468052 0.884138358490808 0.860940941742488 0.852751499840191 0.825314082205296 0.890193343162537 0.931080907583237 0.912980228662491 0.972371876239777 0.741271146706172 0.741166447954518 0.734615647367069 0.731810308992863 0.730360504771982 0.705742146287646 0.701376586088112 0.702602713235787 0.681927237127508 0.657218909689358 0.636937846030508 0.626416453293392
-9999 -9999 -9999 -9999 -9999 -9999 -9999 -9999 -9999 -9999 -9999 -9999 -9999 -9999 -9999 -9999 -9999 -9999 -9999 2.30758756399155 2.00982774049044 1.94455406069756 1.80921796560287 1.61977998018265 1.48916248977184 1.44181661680341 1.37794880568981 1.33831347897649 1.27049665791648 1.19998845883778 1.11794976890087 1.04019465616771 0.965388712074075 1.03994569182396 0.982580095529556 0.917840898036957 0.873833637152399 0.899754546582699 0.928862629192216 0.951234053288187 0.945071077772549 0.935993051954678 0.930221876927784 0.910742443799973 0.858098751732281 0.834116881447179 0.820382783455508 1.3207488656044 1.43799865245819 0.844794056245259 0.828833782247135 0.80769227870873 0.787632184369224 0.764267145523003 0.750666353319372 0.729690310146127 0.713899756116526 0.719740748405457 0.712245765541281 0.670387840696744 0.64409279184682 0.60643502750567
-9999 -9999 -9999 -9999 -9999 -9999 -9999 -9999 -9999 -9999 -9999 -9999 -9999 -9999 -9999 3.55254196298533 5.59593094885349 2.1113439412678 2.17014297097921 2.10378556698561 1.76169348814908 1.47843815758824 1.4527283012867 1.55038073658943 1.62690329924226 1.48930312693119 1.43656326457858 1.49015142023563 1.27650278806686 1.20825617653983 1.09062328296048 1.05388293947492 1.05769395828247 1.45873799920082 1.26753774285316 1.01413089036942 0.958235383033752 0.994088619947433 0.974475796733584 0.971046139086996 0.976657901491438 1.00828619088445 0.990084940195084 0.904800557664463 0.916174567171505 1.04636654257774 1.30120801925659 2.99012500047684 0.886482899742467 0.884762042335102 0.8650099166802 0.849141134747437 0.830714310918536 0.810167941663946 0.784083149262837 0.773861154913902 0.757964040551867 0.741483181715012 0.747166913534914 0.691333750528949 0.653045833110809 0.628114610910416
-9999 -9999 -9999 -9999 -9999 -9999 -9999 -9999 -9999 -9999 35.2986888885498 35.2986888885498 13.7248649597168 2.02265473455191 2.54670567512512 2.43538638353348 2.23785796165466 2.12483768463135 2.24837054014206 2.21275191307068 1.93195177316666 1.6126402169466 1.6131774969399 1.57511283829808 1.50764540210366 1.4619214721024 1.42045781761408 1.40847313404083 1.42852649092674 1.37001731991768 1.07257205141442 0.979670868388244 1.06323829293251 1.08567184209824 1.09413379430771 1.06280103325844 1.02283969521523 1.00465217232704 1.01616355776787 1.09140340089798 1.12409150004387 1.11411999464035 1.00345918536186 0.992867282458714 0.9876610572849 0.958510758621352 0.945880728108542 0.945010830249105 0.940816187432834 0.910150670579502 0.885413352932249 0.86409264590059 0.793090032679694 0.780543597681182 0.831016825778144 0.781465508043766 0.763945925448622 0.76140750518867 0.756860180624894 0.690354827259268 0.658950313925743 0.659967861005238
-9999 -9999 -9999 -9999 -9999 -9999 -9999 -9999 -9999 -9999 35.2986888885498 5.30089978314936 3.27003266662359 2.88531368225813 2.73638699054718 3.166432929039 3.27501146793366 10.7422518539429 11.0602049137417 3.12557515076229 2.17983948066831 1.96973340511322 1.76165800094604 1.62372382879257 1.52556592226028 1.47400177270174 1.65541166067123 1.55330919155053 1.43904079709734 1.35413999855518 1.14867007945265 1.04553226487977 1.1867750287056 1.05280122160912 1.00230327248573 1.01307472027838 1.00276161943163 1.00262220842498 0.992196832384382 0.977426347987993 1.32120223045349 1.03868885764054 1.05195121892861 1.02173523391996 1.06003634844507 1.10519242925303 0.969911845667022 1.0248037895986 0.963885567017964 0.922615534492901 0.901492416858673 0.875603320343154 0.841677022831781 0.765932353479521 0.713937469891139 0.641457914241723 0.672157999660288 0.734004608222417 0.684068866074085 0.644020918224539 0.793596208095551 0.817587047815323
-9999 -9999 -9999 -9999 -9999 -9999 -9999 -9999 -9999 -9999 -9999 -9999 -9999 3.40064073354006 3.29783271253109 3.23864818364382 7.71303749084473 -9999 -9999 -9999 -9999 -9999 1.81000764369965 1.93964878320694 2.10232999920845 1.67464267015457 1.63891135454178 8.27659477293491 4.99417426330703 1.6469026782683 1.22198911224093 1.14781589167459 1.06966789279665 1.02517365344933 0.948505362229688 0.953035159834794 0.981939592531749 1.02878331286567 1.05311591710363 1.02811161109379 1.0151958742312 1.04571832077844 1.05109918969018 1.03058412883963 1.01648521849087 0.999688823308263 0.976623562829835 0.897842961762633 0.919091546109745 0.931393714887755 0.920711255499295 0.868591380970819 0.838873418314116 0.781732723116875 0.826588715825762 0.841138588530677 0.810776921255248 0.799718020217759 0.648548468947411 0.717948145100049 0.704564870468208 0.707104421087674
-9999 -9999 -9999 -9999 -9999 -9999 -9999 -9999 -9999 -9999 -9999 -9999 -9999 16.6274771690369 16.6274771690369 16.6274771690369 -9999 -9999 -9999 -9999 -9999 -9999 4.94490551948547 4.94490551948547 4.94490551948547 0.308659605681896 2.01643896102905 1.58993371725082 1.38611562252045 1.23994975217751 1.22755078119891 1.15333057088511 1.04814048962934 1.05394568400724 1.07076042677675 1.04001545267446 1.03215893038682 1.0277008531349 0.995462107658386 1.00242960027286 1.00099966355733 1.05787964484521 1.03210948194776 1.02166927073683 1.08097309805453 1.11553210392594 1.08771325461566 0.984875953623227 1.17188463679382 1.31771960428783 1.07358508663518 1.04749147806849 0.831127016672066 0.818866687161582 0.874961001532419 0.874529216970716 0.832148848899773 0.84398172609508 0.835797155275941 0.744527645409107 0.726811258920601 0.76653138335262
-9999 -9999 -9999 -9999 -9999 -9999 -9999 -9999 -9999 -9999 -9999 -9999 -9999 -9999 -9999 -9999 -9999 -9999 -9999 -9999 -9999 -9999 -9999 -9999 -9999 -9999 1.80578073859215 1.92166775465012 1.70522117614746 1.52619724273682 1.15529560829912 1.10964141134173 1.10270351730287 1.28827558457851 1.11801878213882 1.11175344586372 1.05600739717484 1.01428524255753 0.972756725549698 0.946830171346664 0.951506441831589 0.965848714113235 1.00797289609909 0.976917371153831 0.898987029279981 0.874156907200813 0.86102667344468 0.868702497865472 0.906384258397988 0.917813029672418 1.16842632421425 1.15176082083157 1.04807284048625 0.964551029460771 0.868575827351638 0.830836913415364 0.857398232179029 0.901348343917302 0.817667666290488 0.788164615631104 0.783658993031297 0.81035067992551
-9999 -9999 -9999 -9999 -9999 -9999 -9999 -9999 -9999 -9999 -9999 -9999 -9999 -9999 -9999 -9999 -9999 -9999 -9999 -9999 -9999 -9999 -9999 -9999 -9999 -9999 -9999 -9999 2.50483900308609 2.45812207460403 2.39056896418333 1.81185533018673 1.7142940268797 1.37643461718279 1.13753674486104 1.04029626846313 1.04267944693565 1.15169768035412 1.02224045991898 0.975074619054794 0.971827864646912 0.944042339920998 0.960771232843399 0.835598983934947 0.838732262275049 0.830517302666392 0.815861591270992 0.893303070749555 0.922974490693637 0.988950818777084 1.19073422466006 1.10046663241727 1.05329764953681 0.968693292566708 1.04577362537384 1.04629473388195 0.911620834044048 0.850138214017664 0.80996437477214 0.784221065895898 0.755532011389732 0.742788009345531
