EcologicalScience/Bass/data/rs_data_bass/chl_456.asc
NCOLS 226 
NROWS 124 
XLLCORNER -9.41648524995501 
YLLCORNER 47.587301625531 
CELLSIZE 0.0833 
NODATA_value -9999 
[rows 54 to 80 of 124, columns 124 to 185 of 226]
2.76503605567492 2.60202785638662 2.37748052523686 2.31275377365259 2.63616767099925 2.24858816770407 2.2255212527055 2.14016429736064 2.20775373623921 2.18193425582005 2.01279247724093 2.01447713833589 2.19255431798788 1.59368417412043 1.42704525589943 2.24249823276813 2.3054216163499 2.34798645973206 2.38453071457999 2.32792494126729 2.32550042867661 2.19914133208139 2.14137876033783 2.10744569982801 2.27978437287467 2.45417179380144 2.3744261945997 2.35951454298837 1.89939139570509 2.19701377245096 2.10679208773833 2.01946830291014 1.97676426172256 4.4274719953537 11.0143523812294 1.96596109408599 1.97745001316071 1.99868727647341 1.98083804203914 1.77268570661545 1.70570569313489 1.14081299901009 1.28169599175453 1.14808029681444 1.05106627196074 1.13073695451021 2.13300530268596 2.21466807218698 2.5143023454226 3.17387583622566 3.11446168789497 5.30810964107513 5.04559969902039 5.04323637485504 6.33271810412407 8.12044402956963 5.97132709622383 7.08787018060684 8.15850707888603 7.55307951840487 -9999 -9999
3.06935385098824 2.90308324648784 2.73617848524681 2.52931389900354 2.5619803575369 2.46254561497615 2.39251535213911 2.35348291121996 2.23816916117301 2.13154807916054 2.04884413113961 2.03080641306364 2.20909141577207 2.13729909291634 2.32021342332547 2.40405795665888 2.341555251525 2.47704677856885 2.45180138716331 2.51255007890555 2.53107787095583 2.42278508498118 2.45912865950511 2.39065246071134 2.43617108038494 2.49184129919325 2.47062326329095 2.15929159947804 1.95651532070977 1.71493881940842 1.69770726135799 1.97032070159912 1.93972327159001 1.95631140012007 1.9123408473455 1.95552233549265 1.95346398078478 1.83695437816473 1.23164096474648 1.50390188510601 1.54045651509212 1.4452310577035 1.57772336097864 1.95763255999639 2.1788000189341 2.30666859791829 2.86372557053199 2.98475327858558 3.89318761825561 4.15507400035858 4.83544552326202 7.15176799893379 5.92535009980202 7.49727085232735 6.98491179943085 9.98345595139724 10.5720698833466 -9999 -9999 -9999 -9999 -9999
3.19340333571801 3.10927344285525 2.72298216819763 2.6369087604376 2.61385275308902 2.53129572134752 2.57668523146556 2.46545271690075 2.33321197216327 2.25498003684557 2.21423671795772 2.16344233659598 2.25214180579552 2.3800696684764 2.45682013034821 2.5152055483598 2.54301973948112 2.51394664324247 2.64227493909689 2.59147028281139 2.63328183614291 2.67296786950185 2.75901558307501 2.54001635313034 2.69758629798889 2.48089470313146 2.4176789862769 2.10376026997199 2.06007321981283 2.06166687837014 1.98490732449752 1.95952095893713 1.93109536170959 1.95154082316619 1.96962712361262 1.98186900065495 1.94903819836103 1.86289893205349 1.80532143666194 1.63173239047711 1.54690337639589 1.57301627672636 1.84271873419101 2.15641318834745 2.28318687585684 2.34235941905242 2.50318559316488 2.92169367671013 7.88761520385742 4.5695995092392 6.18436694145203 5.56836819648743 6.2745027244091 7.99643889069557 -9999 -9999 -9999 -9999 -9999 -9999 -9999 -9999
3.46490464760707 3.23105593828055 2.99959095624777 2.86417462734076 2.81824274705007 2.77382570963639 2.69461921086678 2.66327901528432 2.59411795322712 2.51158892649871 2.35459583539229 2.46303795851194 2.55258903595117 2.5990706040309 2.64707507536962 2.85864123014303 2.74419412246117 2.71764868497849 2.74876444156353 2.87234808848454 2.71947355781283 2.63566195964813 2.93336945772171 2.57175843204771 2.38147547415325 2.24452275037766 2.24786046573094 2.10705976826804 2.09244398887341 2.03728746909362 1.958585528227 1.91281777161818 1.97145198858701 2.01055881610283 1.96705861275013 1.92119546578481 1.95984518986482 1.94294637900132 1.81533856575306 1.64752251368303 0.927321776747704 1.64755914302973 1.69872120022774 1.98515292406082 2.52747716903687 3.65958073139191 4.88761767920326 16.753147055121 7.92923296752729 6.52098885923624 7.91429945138785 7.03436198234558 6.44395563999812 14.1692308090829 -9999 -9999 -9999 -9999 -9999 -9999 -9999 -9999
3.87940255495218 2.85100512206554 2.67374177277088 3.39595124354729 3.36480862360734 3.25391617188087 3.01009280865009 2.938829266108 2.93850775865408 2.92144914315297 2.835606776751 2.80522605547538 2.66713106632233 2.73009908657808 2.71939152937669 2.91385151789739 3.14379223493429 2.95338085523018 2.75670441297384 2.56233261312757 2.66607961484364 2.67292226212365 2.38290161745889 2.27611196892602 2.0326799920627 2.02289496149336 2.12720290252141 2.11161467007228 2.04439677510943 1.93835914134979 1.94255712857613 2.00161514832423 2.03243213433486 2.03307582323368 1.98375767469406 2.06959944963455 1.8090457045115 1.71078157424927 1.71700479434087 1.76805569116886 1.73441004753113 2.37613054880729 2.72798923345713 2.82116310871564 3.35275150262392 3.54178815028247 5.55238246917725 5.74565072059631 6.04120779037476 5.39607219512646 5.59425473213196 20.9157053507291 54.2344517427332 -9999 -9999 -9999 -9999 -9999 -9999 -9999 -9999 -9999
25.1280239653587 3.12324415147305 2.91333898901939 3.82717088290623 3.7080899477005 4.85157908843114 3.66835226462438 3.54627181016482 3.5180500470675 3.35573995113373 3.30872119848545 2.82441800374251 2.70781552791595 2.7249852006252 2.89299045159267 3.35965418815613 3.22132613567206 3.29786760531939 3.28130893982374 3.01919651031494 2.95086598396301 2.66290903091431 2.33127719163895 2.00140193530491 1.99913505996977 1.88026647908347 1.96114741904395 1.95956264223371 1.89942240715027 1.8742090509488 1.87613124572314 1.9276582965484 1.94587205006526 1.94815319318038 1.8518065397556 1.83062005960024 1.78785711985368 1.86284164281992 1.89528572559357 1.85605075726142 1.78048686339305 2.08132964372635 2.51787453889847 2.7122250520266 3.51480603218079 -9999 7.43285738720613 5.50709748268127 6.905992603302 7.185560131073 21.1141106203983 42.9342246336095 43.6290090785307 41.8865957941328 -9999 -9999 -9999 -9999 -9999 -9999 -9999 -9999
-9999 -9999 -9999 -9999 -9999 2.28387522697449 4.29165900454802 4.00075361728668 3.86948170661926 3.58510765007564 3.53042859297532 3.35229142812582 3.10440700787764 3.22069499125847 3.30445007635997 3.23721137413612 2.97500328375743 3.15577978354234 3.2323816372798 3.15035408735275 2.50900119543076 2.28710246086121 2.0308877825737 1.867526948452 1.93449453796659 1.74049467699868 1.77797476734434 1.86908973966326 1.83765667676926 1.75089511046043 1.72348110492413 1.75880640286666 1.76339091704442 1.73950812908319 1.73486847143907 1.76837100890967 1.86119400996428 1.86141827014776 2.03089741560129 2.09948961551373 2.03773138156304 2.20647968695714 2.3492094370035 2.53153358514492 2.95550828713637 10.4272977993326 -9999 -9999 -9999 -9999 23.9131751060486 28.7172603607178 36.6586628964073 50.567170715332 -9999 -9999 -9999 -9999 -9999 -9999 -9999 -9999
-9999 -9999 -9999 -9999 -9999 -9999 -9999 -9999 4.4109585473412 4.54431653022766 3.94767220203693 3.49505319962135 3.3393240066675 3.51784292551187 3.6307401565405 3.06149309022086 3.05166537028093 2.6207218510764 2.66936430105796 2.32542305726271 1.7353540956974 1.76709401607513 1.83228021860123 1.7921062707901 1.73117923736572 1.62540576287678 1.61435259665762 1.67675519841058 1.69533719466283 1.5592087323849 1.57446290896489 1.59469415820562 1.62203744283089 1.64635302928778 1.89686448757465 1.8194610109696 1.83604845175376 2.02276988212879 2.14290705552468 2.21403994010045 2.65464481940636 2.70472452273736 2.6670592381404 2.84283088720762 13.091064594686 29.0682649612427 -9999 -9999 -9999 -9999 17.548882484436 14.7887718595307 23.1812564531962 36.2757129371166 13.0819580004765 40.9984420327579 -9999 -9999 -9999 -9999 -9999 -9999
-9999 -9999 -9999 -9999 -9999 -9999 -9999 -9999 -9999 -9999 4.49283197522163 3.68894255161285 3.63467824459076 3.55571957996913 3.38685326916831 3.02693502392088 2.67054429224559 2.75390032359532 2.05820098093578 1.85901211840766 1.7107509459768 1.63207206130028 1.66988188454083 1.72881776094437 1.66613525152206 1.66180832045419 1.64251345396042 1.62604241711753 1.69505946911298 1.55709551618649 1.56266954541206 1.68210042439974 1.73254353266496 1.72463448231037 1.81233959473096 1.92892887959114 2.12071251869202 2.24433487195235 2.3229712843895 2.44131429378803 2.57991564273834 2.70567564780896 2.76081460255843 3.22965516493871 10.3216927844344 -9999 -9999 -9999 -9999 -9999 -9999 -9999 16.4207442104816 11.4885489573846 12.1538704358614 19.1907847806027 10.8786277770996 -9999 -9999 -9999 -9999 -9999
-9999 -9999 -9999 -9999 -9999 -9999 -9999 -9999 -9999 4.3704868555069 4.08431169390678 5.3274519273213 5.50394991465977 3.74010642937251 3.33623998505729 3.32091695921762 3.05854363100869 3.1880754998752 2.0548107453755 1.98995671953474 1.83194676467351 1.81017798185349 1.69566696882248 1.66220544065748 1.59834754008513 1.65741649499306 1.65186677070764 1.6254620892661 1.67614957919488 1.67412394743699 1.64542341690797 1.71432848618581 1.7048141681231 1.75932166209588 1.89030229128324 2.18086240383295 2.41282381461217 2.44087072519156 2.64585160292112 2.4741040789164 2.60029660738432 2.69408029317856 2.73398828964967 3.10544564173772 12.1741677320119 33.0447750091553 -9999 -9999 -9999 24.6187971288508 16.04708108035 14.4054440116882 15.26692943573 24.9200451590798 15.2093863854041 16.3894430307242 13.4674986380118 -9999 -9999 -9999 -9999 -9999
-9999 -9999 -9999 -9999 -9999 -9999 -9999 -9999 -9999 -9999 4.23656836152077 4.25121948122978 3.57582967281342 3.54194962978363 3.40403333077064 3.05504156649113 3.54348073686872 2.39631889547621 1.83458151136126 1.97285005024501 1.95825865439006 1.91447008507592 1.87654109512057 1.70352673530579 1.62425857782364 1.61749650239944 1.68554479342241 1.74044863535808 1.76964245851223 1.78603678024732 1.7418297116573 1.71015346967257 1.70408361691695 1.86273123209293 2.11865119292186 2.48310245000399 2.56477109285501 2.43792051535386 2.45928856042715 2.56963584973262 2.73326608767876 2.81149701888745 3.17170833624326 3.30195486545563 7.46817614210462 -9999 -9999 -9999 -9999 -9999 26.1279453797774 19.1694122886658 16.8033398151398 17.7724512707103 15.9791671943665 -9999 -9999 -9999 -9999 -9999 -9999 -9999
-9999 -9999 -9999 -9999 -9999 -9999 -9999 -9999 -9999 3.67937564849854 4.25883429700678 3.86393547058105 3.68394112586975 3.72540838377816 2.66273772716522 2.74818228974062 3.53576412972282 1.95454394817352 1.97367826529912 1.98461582830974 2.00387738432203 1.86886660541807 1.67454320192337 1.68755668401718 1.70429083279201 1.68773187058313 1.70651032832953 1.71660437492224 1.72141347940152 1.72585209516379 1.70454371892489 1.69793159228105 1.89213689473959 1.97713473668465 2.33073729735154 2.50715440970201 2.44057980867533 2.46884718308082 2.6153489442972 2.70296907883424 2.89042202325968 3.1126816364435 3.57689133057227 6.46921902721368 3.86466658115387 -9999 -9999 -9999 -9999 -9999 12.4129749113514 31.457506436568 27.1635792072003 19.2230420277036 -9999 -9999 -9999 -9999 -9999 -9999 -9999 -9999
-9999 -9999 -9999 -9999 -9999 -9999 -9999 -9999 -9999 3.3767668054654 4.22750647068024 3.94198455810547 3.31380863373096 3.14429313402909 3.24535872255053 3.07043388911656 2.74577409880502 2.25097663061959 2.11763949905123 1.99602834667478 1.88267359366784 1.70944883273198 1.59681484332451 1.68009633284349 1.72112076099102 1.72264614013525 1.66931140422821 1.60209792852402 1.60718599649576 0.979721456766129 1.64037342254932 1.74760362735161 2.07103168047391 2.25950119587091 2.43523452373651 2.46872641490056 2.35820139829929 2.48559420842391 2.62092906695146 2.7446130835093 2.8563784635984 3.54305370954367 3.56843103812291 7.91006899748034 3.86466693878174 -9999 -9999 -9999 -9999 12.1949715614319 -9999 -9999 -9999 -9999 -9999 -9999 -9999 -9999 -9999 -9999 -9999 -9999
-9999 -9999 -9999 -9999 -9999 -9999 -9999 -9999 -9999 4.35133233070374 4.23173117637634 4.11736395725837 3.69421281814575 3.36942401954106 3.22428785051618 2.00666207075119 2.40345617703029 2.20256567001343 2.00407717057637 1.61655425599643 1.51492317233767 1.69954463151785 1.57462932971808 1.61101641104772 1.59908831119537 1.66861770244745 1.71149069529313 1.80502653121948 1.77667940579928 0.939962591975927 0.946371361613274 1.91112987811749 2.19540528609202 2.47806680202484 2.41829344400993 2.3344704921429 2.30818220285269 2.47019959413088 2.77694132236334 3.07676581236032 3.44523365680988 3.83789838277377 9.28037700368397 -9999 -9999 -9999 -9999 -9999 -9999 -9999 -9999 -9999 -9999 -9999 -9999 -9999 -9999 -9999 -9999 -9999 -9999 -9999
-9999 -9999 -9999 -9999 -9999 -9999 -9999 -9999 7.7466758455549 4.16048270922441 4.21204224916605 4.07555497609652 3.32901102304459 2.18055367469788 2.06170397996902 1.83226448297501 1.71037650108337 1.67445021867752 1.82434356212616 2.07829952985048 1.5448922753334 1.56557328425921 1.48401904793886 1.44780386181978 1.48049037502362 1.46811006160883 1.50253401352809 1.65508894278453 1.69203759615238 1.80766545350735 1.86290883559447 2.06257534944094 2.21888892008708 2.40461741043971 2.13994867526568 2.22089134729826 2.47499924898148 2.68751320013633 2.93433512174166 3.13685750044309 3.3640646476012 6.57528963455787 15.1623892152166 -9999 -9999 -9999 -9999 -9999 -9999 -9999 -9999 -9999 -9999 -9999 -9999 -9999 -9999 -9999 -9999 -9999 -9999 -9999
-9999 -9999 -9999 -9999 -9999 -9999 -9999 3.28386068344116 3.3297707421439 3.8567422078206 3.87657556167016 3.56645918809451 3.31338333166563 2.57067762953894 2.61748901697306 2.56487063719676 2.31471478087561 1.8744825720787 1.86255845656762 1.80921520636632 1.68002486228943 1.60460832485786 1.53533390852121 1.49238699674606 1.48382973900208 1.49346743180202 1.55701102660253 1.59301352042418 1.6690486577841 1.83247440136396 1.9180351633292 1.96853706011405 2.01347912274874 2.10351705551147 2.12706672686797 2.24114345587217 2.36749455103507 2.6041357425543 2.83791830448004 2.93599587678909 22.0253304133137 5.69786846637726 3.25656187534332 -9999 -9999 -9999 -9999 -9999 -9999 -9999 -9999 -9999 -9999 -9999 -9999 -9999 -9999 -9999 -9999 -9999 -9999 -9999
-9999 -9999 -9999 -9999 -9999 -9999 4.27343438693455 3.96747197210789 3.72325281053782 4.23886026785924 3.7545531804745 3.44312241444221 3.18531277546516 2.91601181030273 2.74668444054467 2.57749677555902 2.33996669604228 1.83248323202133 1.81899279356003 1.70318158314778 1.60692452925902 1.58221811056137 1.54027920044385 1.50397055653425 1.51573009674366 1.58495707236803 1.61495771774879 1.64621795599277 1.68130657306084 1.71773696862734 1.88061556907801 1.98576253652573 2.076942553887 2.20047936531214 2.28141985031275 2.53024997619482 2.80094540119171 2.80051611020015 2.83101564645767 -9999 -9999 -9999 -9999 -9999 -9999 -9999 -9999 -9999 -9999 -9999 -9999 -9999 -9999 -9999 -9999 -9999 -9999 -9999 -9999 -9999 -9999 -9999
-9999 -9999 -9999 -9999 3.83693179717431 3.9125587195158 3.76145674288273 3.84344037679525 3.52353138190049 3.44590321870951 3.29240036927737 3.2981996352856 3.3199873979275 2.94691652518052 2.52772047427984 2.28855895996094 2.162329018116 1.85055106878281 1.59811560465739 1.53360494332654 1.55109212031731 1.4711015018133 1.48404106268516 1.52098102294482 1.59802248386236 1.6562107526339 1.6712280695255 1.72760422413166 1.75487233125246 1.85145098887957 2.05354568591485 2.15525087026449 2.20126910393055 2.28167724609375 2.60491482111124 2.9651979804039 3.35823534664355 4.29740485123226 -9999 -9999 -9999 -9999 -9999 -9999 -9999 -9999 -9999 -9999 -9999 -9999 -9999 -9999 -9999 -9999 -9999 -9999 -9999 -9999 -9999 -9999 -9999 -9999
-9999 -9999 -9999 -9999 4.15916542823498 4.29813994680132 3.33167055621743 4.14345464536122 3.37092342743507 3.16996600077702 3.02841148468164 3.19725947196667 2.89280061210905 2.68506406820737 1.93993352926694 1.59908355199374 1.64512203289912 1.57859690143512 1.56853127692427 1.34900235442015 1.36367233212178 1.3835681951963 1.44572043877382 1.62538003921509 1.57156413367816 1.66004346425717 1.74146336317062 1.79560622802147 1.88049093576578 2.03658950328827 2.17808730785663 2.25252676468629 2.33809693501546 2.28716925474314 2.35366182143872 2.98820475339889 3.7033746689558 -9999 -9999 -9999 -9999 -9999 -9999 -9999 -9999 -9999 -9999 -9999 -9999 -9999 -9999 -9999 -9999 -9999 -9999 -9999 -9999 -9999 -9999 -9999 -9999 -9999
-9999 62.0026988983154 3.53813335028562 3.79030301991631 3.4073913639242 3.89816798482622 3.63751351833344 3.67385706534753 2.99109568504187 2.81458557569064 2.81875895536863 2.85105086650167 2.58161104151181 2.00708382863265 1.76653428719594 1.60271296592859 1.19058525562286 1.21686851978302 1.25164385483815 1.35390433898339 1.34637123804826 1.54478149116039 1.70394726656377 1.75456988811493 1.59561038017273 1.59650231684957 1.87881108692714 1.76497595126812 1.86782011160484 2.18276406251467 2.3153205376405 2.43027595831798 2.70811007573054 2.71080647706985 5.46225329067396 20.504440320299 -9999 -9999 -9999 -9999 -9999 -9999 -9999 -9999 -9999 -9999 -9999 -9999 -9999 -9999 -9999 -9999 -9999 -9999 -9999 -9999 -9999 -9999 -9999 -9999 -9999 -9999
3.84321359946178 4.27427031713374 4.096074868651 4.07212879107549 3.38122120499611 3.00044256448746 2.75271593672889 3.29976301926833 2.95979836353889 2.50568909828479 2.22255402803421 2.50617111580712 2.3539231973035 1.88840004114004 1.53243083678759 1.46080516704491 1.59705821105412 1.23223746739901 1.25776054996711 1.30179512500763 1.6183023921081 1.63806973610606 1.7069745361805 1.81353681002344 1.74032496213913 1.80847846269608 1.76086173149256 1.85753432145485 1.95316845637101 2.41254029824184 2.75309817607586 2.86619167602979 3.2637255191803 -9999 -9999 -9999 -9999 -9999 -9999 -9999 -9999 -9999 -9999 -9999 -9999 -9999 -9999 -9999 -9999 -9999 -9999 -9999 -9999 -9999 -9999 -9999 -9999 -9999 -9999 -9999 -9999 -9999
4.41126850673131 3.54194357246161 4.32652386597225 3.87142977118492 3.62791621685028 2.81805910170078 2.65980626642704 2.49674981832504 3.12164551019669 2.16853537009313 1.84771881195215 2.33653930255345 2.39546914611544 1.72189814278058 1.5286032302039 1.72837387663977 1.57207992885794 1.56113970279694 1.58947662796293 1.58147837008749 1.66421882808208 1.720299495118 1.76353642344475 1.81439143845013 1.67041391592759 1.74862493001498 1.87818308059986 1.97681248646516 2.87314867973328 3.4407645208495 3.70939748627799 3.75685799973352 3.48579554046903 4.3309885317629 4.11531961506063 8.36621811534419 -9999 -9999 -9999 -9999 -9999 -9999 -9999 -9999 -9999 -9999 -9999 -9999 -9999 -9999 -9999 -9999 -9999 -9999 -9999 -9999 -9999 -9999 -9999 -9999 -9999 -9999
3.98197304118763 4.21634509013249 3.36392815411091 3.3038883805275 2.9733635187149 2.83530297875404 2.77065508067608 2.56369708478451 2.166090041399 1.96986369788647 2.03752115964889 1.63361924886703 0.993789584590838 0.968154175923421 0.996526527863282 1.12483847599763 1.202552738098 1.65018462283271 1.61994083864348 1.62685535635267 1.64532732112067 1.77609243137496 1.91839008246149 1.66116909797375 1.74155176602877 1.89385658961076 2.13019189926294 2.38448567115344 3.33172875642776 3.39125338196754 10.0107294706737 -9999 -9999 -9999 -9999 -9999 -9999 -9999 -9999 -9999 -9999 -9999 -9999 -9999 -9999 -9999 -9999 -9999 -9999 -9999 -9999 -9999 -9999 -9999 -9999 -9999 -9999 -9999 -9999 -9999 -9999 -9999
4.26711228489876 3.5273850034265 3.03556641665372 3.07430358231068 3.21824169158936 3.23398576676846 3.20619767904282 2.75533001124859 2.53680574893951 1.95992988889868 1.77541037581184 1.82972332835197 1.7443896659783 1.58285781741142 1.48480094330651 1.21674817112776 1.54211252076285 1.57266481007848 1.57680879746165 1.60256287029811 1.56737253757624 1.59630305033464 1.63719587142651 1.77236648247792 1.97042287313021 2.83417927367347 3.0676931313106 3.08858365671975 3.28376736491919 3.66031887133916 3.7066489259402 3.72700229287148 -9999 -9999 -9999 -9999 -9999 -9999 15.8436280198999 12.6942715644836 -9999 -9999 -9999 -9999 -9999 -9999 -9999 -9999 -9999 -9999 -9999 -9999 -9999 -9999 -9999 -9999 -9999 -9999 -9999 -9999 -9999 -9999
4.87756127970559 4.40731319000846 4.42794189955059 4.31533958082614 3.50238024294376 3.75973251591558 2.97168954736308 3.75610721111298 2.83978615701199 1.89909712834792 1.75531734661622 1.53510252918516 1.51114197288241 1.40910803420203 1.47207636492593 1.27425594283984 1.41165469180454 1.3354052928361 1.70820224710873 1.55294592563923 1.61422993128116 1.72787900612904 1.89117449063521 2.23545673260322 2.88556035927364 2.87251549959183 3.03843889516943 3.1632696074598 3.42848628759384 2.94761520624161 4.06680730633114 3.42093944549561 -9999 -9999 -9999 -9999 -9999 -9999 -9999 -9999 -9999 -9999 -9999 -9999 -9999 -9999 -9999 -9999 -9999 -9999 -9999 -9999 -9999 -9999 -9999 -9999 -9999 -9999 -9999 -9999 -9999 -9999
-9999 -9999 -9999 -9999 -9999 6.00292567106394 3.42219092845917 3.33774748870305 2.3656140267849 1.74789570271969 1.42002010345459 1.34274360537529 1.33936469663273 1.33795192024925 1.20773493785125 1.2825404568152 1.45278657024557 1.53308560527288 1.60487420742328 1.72050665892088 1.8360621378972 2.01811919304041 2.15375531178254 2.94243222049304 3.04435284932454 6.02743151783943 -9999 -9999 -9999 -9999 -9999 -9999 -9999 -9999 -9999 -9999 -9999 -9999 -9999 -9999 -9999 -9999 -9999 -9999 -9999 -9999 -9999 -9999 -9999 -9999 -9999 -9999 -9999 -9999 -9999 -9999 -9999 -9999 -9999 -9999 -9999 -9999
-9999 -9999 -9999 -9999 -9999 -9999 2.78078308275768 2.4264883518219 1.79422134160995 1.41093435287476 1.31961824297905 1.39803257371698 1.28157996214353 1.38197665864771 1.37113385308873 1.48076697954765 1.51004168161979 1.60370465425345 1.73183857936126 2.02350678810707 2.17698377829332 2.26274452301172 2.43176901340485 2.69303287613776 -9999 -9999 -9999 -9999 -9999 -9999 -9999 -9999 -9999 -9999 -9999 -9999 -9999 -9999 -9999 -9999 -9999 -9999 -9999 -9999 -9999 -9999 -9999 -9999 -9999 -9999 -9999 -9999 -9999 -9999 -9999 -9999 -9999 -9999 -9999 -9999 -9999 -9999
