EcologicalScience/Bass/data/rs_data_bass/chl_339.asc
NCOLS 226 
NROWS 124 
XLLCORNER -9.41648524995501 
YLLCORNER 47.587301625531 
CELLSIZE 0.0833 
NODATA_value -9999 
[rows 54 to 80 of 124, columns 124 to 185 of 226]
1.72592782974243 1.60082244873047 1.22643148899078 1.16497501730919 1.05242022871971 1.30429270863533 1.37490302324295 1.0616152882576 1.11606976389885 1.11836171150208 1.06698596477509 1.02972900867462 0.994936466217041 0.99314546585083 0.864394515752792 0.888210743665695 0.863603264093399 0.88604548573494 0.925088971853256 0.94226548075676 1.03191527724266 1.19717028737068 1.45643627643585 1.84083831310272 1.75562846660614 1.67537695169449 1.7910960316658 1.36639577150345 0.984480768442154 0.957543790340424 1.14845252037048 1.47688570618629 2.05354642868042 2.86009132862091 4.36224317550659 3.7661851644516 5.19309389591217 9.09232521057129 10.0333657264709 12.7260932922363 10.2891039848328 7.2740592956543 7.63989973068237 6.77342176437378 5.55250954627991 6.54485106468201 6.87457323074341 6.8875572681427 7.09124994277954 2.73894757032394 3.25581014156342 7.01542398333549 5.22999143600464 5.86363291740417 6.67948865890503 5.46702432632446 6.83658671379089 8.25747013092041 7.15125560760498 12.6430611642415 7.89590116032583 -9999
2.52571266889572 1.91281342506409 1.35842174291611 1.4564865231514 1.39613324403763 1.38408896327019 1.38052725791931 1.61973005533218 1.24259170889854 1.06128600239754 1.08590546250343 1.02867820858955 1.06603878736496 0.941975980997086 0.977364778518677 0.990888029336929 0.930308997631073 1.07260948419571 1.01785129308701 1.05246073007584 1.14508125185966 1.24751025438309 1.71154654026031 1.88964968919754 1.78090506792068 1.2700072824955 1.03095450997353 1.04409751296043 0.974444210529327 0.907039493322372 0.819789737462997 0.780309766530991 0.857663244009018 1.51352691650391 2.5629066824913 2.53122156858444 2.63082075119019 5.91614556312561 11.4491035938263 10.4176962375641 12.4422912597656 9.53932356834412 11.3733651638031 12.9165902137756 10.5776417255402 10.0777566432953 9.73489880561829 11.2595086097717 9.8071596622467 10.2631688117981 8.92120242118835 9.35491919517517 5.11105191707611 5.95668733119965 6.57908535003662 7.96988081932068 10.5720698833466 -9999 -9999 -9999 -9999 -9999
4.05971789360046 2.59549123048782 2.06542432308197 2.04625797271729 1.49071803689003 1.51403403282166 1.74988049268723 1.81800001859665 1.47268724441528 1.24156048893929 1.17875996232033 1.1807054579258 1.12326675653458 1.18303576111794 1.18657502532005 0.992465972900391 1.07956802845001 1.15210801362991 1.10908654332161 1.1888399720192 1.27700999379158 1.34057477116585 1.4133637547493 1.56826651096344 2.06584578752518 1.8046635389328 1.32683622837067 0.996356964111328 0.924341976642609 0.896067023277283 0.800885260105133 0.64811173081398 0.613934263586998 0.735436499118805 0.881811708211899 1.39111348986626 2.57527577877045 7.7803373336792 10.4916064739227 10.3290059566498 8.68138360977173 6.92313122749329 9.86655521392822 11.203378200531 14.3966517448425 17.6549935340881 12.9759964942932 3.57316469627878 5.74062466621399 4.565185546875 5.55136120319366 5.94453155994415 5.50558054447174 7.27191710472107 -9999 -9999 -9999 -9999 -9999 -9999 -9999 -9999
2.86190396547318 2.30564922094345 1.93728750944138 2.91179466247559 4.45779651403427 3.42181715369225 1.79185277223587 1.72684800624847 1.66009193658829 1.53519004583359 1.52310597896576 1.49560725688934 1.20643052458763 1.31038123369217 1.22074350714684 1.2150405049324 1.09106102585793 1.17082875967026 1.20051375031471 1.22797876596451 1.22843474149704 1.15190175175667 1.16022598743439 1.20462754368782 1.41561377048492 1.80349731445312 1.28128722310066 0.934088230133057 0.870818227529526 0.767033278942108 0.685818761587143 0.582659259438515 0.590666234493256 0.653470516204834 0.654943495988846 0.650321245193481 0.793607264757156 2.93771553039551 7.5019748210907 12.0434503555298 10.447096824646 6.80072808265686 6.63393115997314 8.63465023040771 14.6657509803772 18.6183013916016 33.5676333904266 5.61372936756239 11.0006182193756 6.51655268669128 5.02526485919952 6.66321516036987 7.35676002502441 -9999 -9999 -9999 -9999 -9999 -9999 -9999 -9999 -9999
10.8121730089188 9.11145973205566 8.87240767478943 8.30803084373474 7.41586017608643 1.61969482898712 4.14716112613678 2.10927522182465 1.58697152137756 1.50227773189545 1.54438644647598 1.05008178949356 0.929502725601196 1.07743799686432 1.41499802470207 1.09500226378441 1.31685528159142 1.19926053285599 1.16914424300194 1.04162245988846 0.958349257707596 0.853919237852097 0.886047720909119 1.03291502594948 1.09634399414062 1.13165473937988 0.933765023946762 0.856052219867706 0.777074217796326 0.679360494017601 0.641220018267632 0.642132729291916 0.652623742818832 0.664961993694305 0.661565244197845 0.672170251607895 0.746739014983177 0.957669764757156 2.52600681781769 8.82886862754822 9.75154709815979 6.93448948860168 10.4133560657501 8.26118159294128 14.6476221084595 9.15643036365509 6.91331014037132 11.3536741733551 10.0433964729309 8.19332385063171 8.00107955932617 10.0290133953094 15.0746326446533 -9999 -9999 -9999 -9999 -9999 -9999 -9999 -9999 -9999
-9999 12.6205208301544 10.3444104194641 11.5079045295715 12.3998594284058 9.03979587554932 4.5596752166748 4.76436495780945 4.17332965135574 2.40265041589737 1.80276381969452 1.4373607635498 1.29518929123878 1.18519502878189 1.18622624874115 1.06343847513199 1.14356178045273 1.28013145923615 1.04506203532219 0.85514697432518 0.774163484573364 0.78862202167511 0.771843016147614 0.876364499330521 1.16475301980972 0.978431224822998 0.837004512548447 0.788651257753372 0.682893007993698 0.628979980945587 0.691000521183014 0.717859491705894 0.665759235620499 0.642182260751724 0.636623248457909 0.660536259412766 0.720661506056786 0.946617007255554 1.75476676225662 5.74937689304352 4.45463991165161 4.28920197486877 4.5002521276474 5.20886921882629 15.3766951560974 -9999 7.68739972114563 12.9351396560669 12.3192915916443 11.4206864833832 36.2398023605347 14.4017972946167 15.4134521484375 16.0403037071228 -9999 -9999 -9999 -9999 -9999 -9999 -9999 -9999
-9999 -9999 -9999 -9999 -9999 2.28387522697449 6.98586702346802 7.18349838256836 5.7370171546936 4.45112711191177 2.50736171007156 2.29297202825546 1.85785496234894 1.83142125606537 1.46030402183533 1.1905582845211 0.873129040002823 0.810568481683731 0.883941739797592 0.82721471786499 0.841667979955673 0.886907279491425 0.886191040277481 0.83936396241188 0.883791714906693 0.855002224445343 0.756449282169342 0.820253223180771 0.743814736604691 0.658538237214088 1.02857252955437 1.47010803222656 1.35139802098274 0.984158992767334 0.668397769331932 0.685727253556252 0.725607007741928 0.777757465839386 0.848511725664139 1.17025351524353 2.47375416755676 4.49802160263062 5.98231065273285 10.0884683132172 15.6763429641724 16.0629381693683 -9999 -9999 -9999 -9999 23.0927517414093 45.4087285995483 29.8563985824585 34.9801863564385 -9999 -9999 -9999 -9999 -9999 -9999 -9999 -9999
-9999 -9999 -9999 -9999 -9999 -9999 -9999 -9999 5.56113687157631 6.5572829246521 2.76873904466629 2.4787073135376 2.48316371440887 2.62908232212067 2.01229208707809 1.06193920969963 0.839139014482498 0.77641350030899 0.836536467075348 0.823945462703705 0.868823289871216 0.943592995405197 1.20519751310349 1.30530452728271 1.10894697904587 1.06580176949501 0.914947539567947 1.30989754199982 1.33082547783852 1.48819202184677 2.10926181077957 2.17161530256271 1.86520421504974 1.44788771867752 0.665999248623848 0.695368498563766 0.720726728439331 0.742058247327805 0.776552259922028 2.88827633857727 8.04164457321167 6.17250895500183 7.68776249885559 14.3711657524109 8.95426107924662 29.0682649612427 -9999 -9999 -9999 -9999 17.548882484436 23.6662738323212 31.1086256504059 25.2132754325867 25.7303602695465 32.9175186157227 -9999 -9999 -9999 -9999 -9999 -9999
-9999 -9999 -9999 -9999 -9999 -9999 -9999 -9999 -9999 -9999 6.44702553749084 4.8439028263092 5.16056478023529 4.89029109477997 3.25906956195831 1.18984571099281 0.926100790500641 0.787557005882263 0.736433252692223 0.867538511753082 1.03798726201057 1.22890421748161 1.67533957958221 1.14300227165222 1.39787328243256 0.91467672586441 1.04891699552536 1.3970459997654 1.66346704959869 2.25298422574997 2.14547628164291 1.82239133119583 1.43007454276085 1.28723475337029 0.792402774095535 0.709869772195816 0.672188267111778 0.709330514073372 1.23474678397179 4.21826183795929 3.93620610237122 4.48405408859253 9.62488961219788 36.8541898727417 12.2561247846455 -9999 -9999 -9999 -9999 -9999 -9999 -9999 9.40910885828297 21.5963959693909 16.8033142089844 25.2505340576172 10.8786277770996 -9999 -9999 -9999 -9999 -9999
-9999 -9999 -9999 -9999 -9999 -9999 -9999 -9999 -9999 4.3704868555069 9.92345666885376 9.33186292648315 9.67463564872742 7.00835394859314 3.59054160118103 1.42375874519348 0.941981971263885 0.770472764968872 0.797819226980209 2.69884657859802 2.74123191833496 1.6893128156662 1.60710221529007 0.958355247974396 0.877388209104538 0.722382009029388 0.885816782712936 1.67675918340683 2.37836766242981 1.87293148040771 1.21618124842644 1.07472145557404 1.12349098920822 1.17364346981049 0.87340047955513 0.773225247859955 0.798561036586761 1.15190622210503 3.69991135597229 5.41134452819824 5.39368951320648 7.5188934803009 15.5493950843811 41.9659652709961 18.4836396974267 33.0447750091553 -9999 -9999 -9999 18.4034395217896 16.3802762031555 12.7847628593445 11.5480678081512 24.8041784763336 33.8490285873413 19.2112441062927 18.1722070552685 -9999 -9999 -9999 -9999 -9999
-9999 -9999 -9999 -9999 -9999 -9999 -9999 -9999 -9999 -9999 12.1040124893188 13.2206997871399 12.2719502449036 11.5201191902161 3.36394572257996 1.45451697707176 1.03404146432877 0.86033695936203 0.694508269429207 1.67123544216156 3.42302083969116 2.98120129108429 1.25279098749161 0.719877764582634 0.650775745511055 0.714339002966881 0.876226544380188 1.43724453449249 1.47260847687721 0.866595715284348 0.696044236421585 0.902618229389191 0.980289727449417 1.09536972641945 0.912701994180679 0.944213211536407 1.67795616388321 6.23886752128601 4.8089736700058 4.39612054824829 5.52859961986542 7.79884886741638 18.9247455596924 12.2546195983887 8.21964337640595 -9999 -9999 -9999 -9999 -9999 15.3855714797974 12.7218117713928 10.536675453186 10.9288301467896 12.5832989215851 -9999 -9999 -9999 -9999 -9999 -9999 -9999
-9999 -9999 -9999 -9999 -9999 -9999 -9999 -9999 -9999 3.67937564849854 16.3652758598328 15.0261840820312 6.79654955863953 4.80733358860016 1.55877900123596 1.33471503853798 0.983919739723206 0.890894293785095 0.72986626625061 1.13403752446175 2.09947121143341 3.07316923141479 2.92232769727707 0.738336771726608 0.678523510694504 0.727102518081665 0.714839994907379 0.688804507255554 0.673537507653236 0.644818514585495 0.664192512631416 0.790357500314713 2.35382401943207 2.50797522068024 2.07325655221939 3.01431226730347 4.95046734809875 6.17631912231445 9.27568817138672 8.83497333526611 5.24275588989258 12.5504078865051 27.2986078262329 6.3065916010477 3.86466658115387 -9999 -9999 -9999 -9999 -9999 14.1295623779297 14.0072436332703 12.4440894126892 12.4491882664817 -9999 -9999 -9999 -9999 -9999 -9999 -9999 -9999
-9999 -9999 -9999 -9999 -9999 -9999 -9999 -9999 -9999 15.0211844444275 21.2252254486084 18.0852842330933 2.64817804098129 1.49913749098778 1.37447851896286 1.17223504185677 0.890028029680252 0.868118226528168 0.733110755681992 0.865416705608368 1.78268176317215 3.32097744941711 3.00349509716034 0.988163977861404 0.843537032604218 0.887920528650284 0.903141707181931 0.800774216651917 0.758619725704193 0.826490968465805 0.993752270936966 2.82875096797943 7.93776798248291 7.44014453887939 7.33526515960693 9.47854971885681 8.29749369621277 11.0030136108398 10.5267770290375 7.99498915672302 5.60015416145325 11.3652262687683 21.1590127944946 9.51894512338546 3.86466693878174 -9999 -9999 -9999 -9999 12.1949715614319 -9999 -9999 -9999 -9999 -9999 -9999 -9999 -9999 -9999 -9999 -9999 -9999
-9999 -9999 -9999 -9999 -9999 -9999 -9999 -9999 -9999 11.6615660190582 7.41255068778992 3.46600127220154 2.49039602279663 1.4396955370903 1.10041424632072 1.16732624173164 0.811510473489761 0.978919476270676 0.885407209396362 1.37895753979683 1.91027319431305 3.6767213344574 3.35958909988403 1.5727327466011 1.36029750108719 1.07168778777122 1.05125704407692 2.04317092895508 3.07278513908386 4.77168166637421 6.70022463798523 9.96382069587708 13.7840809822083 11.6437275409698 4.16623735427856 3.57429385185242 3.7498619556427 3.32813608646393 4.22778367996216 5.02655482292175 5.87339401245117 7.00326204299927 6.92264627556303 -9999 -9999 -9999 -9999 -9999 -9999 -9999 -9999 -9999 -9999 -9999 -9999 -9999 -9999 -9999 -9999 -9999 -9999 -9999
-9999 -9999 -9999 -9999 -9999 -9999 -9999 -9999 -9999 7.13505506515503 3.97528266906738 3.32190370559692 3.24761188030243 1.47389253973961 1.76299953460693 1.74107623100281 1.76092350482941 2.15652000904083 2.38944983482361 3.55765950679779 3.8046201467514 5.36419665813446 2.95271623134613 3.75156462192535 4.31489610671997 3.62800276279449 3.84315240383148 5.50167381763458 8.70495128631592 8.77459859848022 12.1247277259827 10.7838213443756 10.2257745265961 5.90123784542084 4.0419008731842 4.08054828643799 3.6506849527359 4.19851863384247 3.22455668449402 3.56070971488953 6.32604789733887 5.70518987686908 11.5629530426968 -9999 -9999 -9999 -9999 -9999 -9999 -9999 -9999 -9999 -9999 -9999 -9999 -9999 -9999 -9999 -9999 -9999 -9999 -9999
-9999 -9999 -9999 -9999 -9999 -9999 -9999 3.28386068344116 6.5858416557312 5.1787987947464 4.28203439712524 3.65429091453552 4.69085097312927 2.46397733688354 2.74551755189896 2.83028250932693 4.50633537769318 5.22598206996918 8.12416505813599 5.94065237045288 6.09184670448303 5.92340540885925 4.54731166362762 6.00051999092102 6.07499027252197 6.98296523094177 9.43769001960754 6.79896855354309 7.5979700088501 6.3746817111969 9.91900205612183 9.20495367050171 10.9591012001038 6.80691003799438 3.49084496498108 4.15480577945709 4.9036191701889 5.66729414463043 5.14182007312775 4.72675359249115 17.0899278874536 5.69786846637726 3.25656187534332 -9999 -9999 -9999 -9999 -9999 -9999 -9999 -9999 -9999 -9999 -9999 -9999 -9999 -9999 -9999 -9999 -9999 -9999 -9999
-9999 -9999 -9999 -9999 -9999 -9999 7.25693607330322 7.2465991973877 6.75240397453308 4.91182065010071 4.3977073431015 4.75455379486084 7.68947768211365 5.58337426185608 7.39250564575195 8.4134624004364 9.93489503860474 5.58243227005005 7.57900428771973 6.49311017990112 6.07521057128906 6.66105508804321 9.85028386116028 9.10927248001099 7.83899402618408 9.32315397262573 6.57357931137085 6.05741500854492 6.34927725791931 7.54222083091736 8.94898223876953 8.15311789512634 8.06882929801941 6.28469181060791 4.58930253982544 3.47966766357422 3.89024233818054 4.2486412525177 4.80089020729065 -9999 -9999 -9999 -9999 -9999 -9999 -9999 -9999 -9999 -9999 -9999 -9999 -9999 -9999 -9999 -9999 -9999 -9999 -9999 -9999 -9999 -9999 -9999
-9999 -9999 -9999 -9999 3.33909405886761 5.65139329433441 5.44728899002075 5.96948254108429 3.96919190883636 3.5374664068222 3.60576367378235 5.40736126899719 7.02373909950256 11.2163093090057 11.7756185531616 9.69127821922302 10.449122428894 6.41755485534668 6.55270671844482 6.54499483108521 6.25333285331726 8.92148351669312 11.1108570098877 10.0133264064789 8.29791212081909 9.16492509841919 8.43657088279724 5.49950480461121 4.35544216632843 3.24412214756012 3.0041481256485 3.11481142044067 3.93996298313141 4.56589114665985 4.85270082950592 6.12684202194214 4.67110363642375 6.10153339771514 -9999 -9999 -9999 -9999 -9999 -9999 -9999 -9999 -9999 -9999 -9999 -9999 -9999 -9999 -9999 -9999 -9999 -9999 -9999 -9999 -9999 -9999 -9999 -9999
-9999 -9999 -9999 -9999 6.28471183776855 6.85892772674561 6.70593881607056 5.17325091362 3.72789001464844 3.55382180213928 4.19209349155426 6.62542963027954 8.90020108222961 9.59286832809448 10.2308964729309 10.5401473045349 10.8594546318054 6.70501470565796 6.3211362361908 6.66369366645813 7.74289083480835 7.43905591964722 7.86101317405701 9.47025489807129 9.75109004974365 8.9733624458313 8.07925844192505 7.48976254463196 5.15297412872314 3.28446829319 3.21618676185608 3.70106935501099 4.72868478298187 6.33179497718811 8.63422179222107 10.4617738723755 10.825941324234 -9999 -9999 -9999 -9999 -9999 -9999 -9999 -9999 -9999 -9999 -9999 -9999 -9999 -9999 -9999 -9999 -9999 -9999 -9999 -9999 -9999 -9999 -9999 -9999 -9999
-9999 46.6342629160961 4.28519026694759 3.68291904645808 5.20018064975739 4.66938900947571 4.58829152584076 4.84774875640869 3.77960336208344 2.97693532705307 3.51135742664337 4.27196538448334 7.0500111579895 8.66018557548523 9.20280790328979 9.56222605705261 7.37353205680847 6.80527424812317 7.04319190979004 7.19563293457031 6.7515606880188 6.0195050239563 6.89179015159607 7.7982394695282 7.8750307559967 7.09779095649719 6.26913070678711 5.62109398841858 4.23758840560913 3.11160385608673 3.44638502597809 3.74129998683929 5.14495503902435 10.4321994781494 9.14568400382996 6.36467238989743 -9999 -9999 -9999 -9999 -9999 -9999 -9999 -9999 -9999 -9999 -9999 -9999 -9999 -9999 -9999 -9999 -9999 -9999 -9999 -9999 -9999 -9999 -9999 -9999 -9999 -9999
5.29187412858009 5.18270344734192 5.02664315700531 5.48721885681152 3.95788586139679 3.900266289711 5.08838832378387 5.88775491714478 3.99372160434723 3.29090416431427 2.57853144407272 2.14697241783142 5.89968466758728 7.64363265037537 8.16765546798706 6.62303709983826 4.1889967918396 4.20238065719604 5.94114518165588 4.76413428783417 4.66259479522705 5.22992920875549 4.57770538330078 4.55014514923096 4.08782637119293 3.60376632213593 3.43647766113281 3.54443621635437 3.7710292339325 4.26032245159149 4.63763916492462 5.24707889556885 5.67519807815552 -9999 -9999 -9999 -9999 -9999 -9999 -9999 -9999 -9999 -9999 -9999 -9999 -9999 -9999 -9999 -9999 -9999 -9999 -9999 -9999 -9999 -9999 -9999 -9999 -9999 -9999 -9999 -9999 -9999
5.7795370050839 4.73688983917236 4.77781498432159 4.76687014102936 4.61394596099854 5.85413932800293 6.03833770751953 4.56385731697083 3.94922161102295 2.99256080389023 2.27355068922043 2.29486352205276 6.61079406738281 5.67810916900635 3.86018013954163 3.30306959152222 3.18882358074188 4.27421772480011 3.57559812068939 3.07153809070587 2.73586195707321 2.8151707649231 3.87040936946869 4.52893495559692 3.5228226184845 3.79441058635712 4.25325071811676 4.28195858001709 4.87868249416351 4.94385981559753 5.40233409404755 6.65842866897583 5.91126823425293 7.69464486837387 7.95384482776417 6.82836609898192 -9999 -9999 -9999 -9999 -9999 -9999 -9999 -9999 -9999 -9999 -9999 -9999 -9999 -9999 -9999 -9999 -9999 -9999 -9999 -9999 -9999 -9999 -9999 -9999 -9999 -9999
4.32577049732208 3.70145487785339 3.87921988964081 6.93823742866516 7.67683410644531 6.95424342155457 6.14031672477722 2.85462373495102 2.12036472558975 1.97688603401184 2.12108767032623 3.56640601158142 4.75288116931915 3.67217266559601 2.24517667293549 1.60913693904877 2.20017904043198 2.36045175790787 2.78007298707962 3.15294742584229 2.53134602308273 3.40215003490448 4.03799629211426 4.19013977050781 4.78755819797516 5.74221074581146 5.86864721775055 6.08055353164673 5.92960202693939 5.70047414302826 5.76450249671936 -9999 -9999 -9999 -9999 -9999 -9999 -9999 -9999 -9999 -9999 -9999 -9999 -9999 -9999 -9999 -9999 -9999 -9999 -9999 -9999 -9999 -9999 -9999 -9999 -9999 -9999 -9999 -9999 -9999 -9999 -9999
4.3797150850296 5.10714089870453 6.93214416503906 8.44070291519165 7.10933589935303 8.15066385269165 7.68467330932617 3.05605638027191 2.86458367109299 2.36313074827194 2.92443752288818 2.49082642793655 2.35320746898651 1.68247354030609 1.84548979997635 1.88420766592026 1.96048879623413 2.10876971483231 2.19640803337097 2.58938848972321 3.53676223754883 4.23560535907745 4.10173487663269 8.03241276741028 6.89569187164307 5.90738546848297 5.97213006019592 7.20855116844177 5.88775420188904 4.49728274345398 7.40162301063538 9.77984313531355 -9999 -9999 -9999 -9999 -9999 -9999 42.9745386109423 12.6942715644836 -9999 -9999 -9999 -9999 -9999 -9999 -9999 -9999 -9999 -9999 -9999 -9999 -9999 -9999 -9999 -9999 -9999 -9999 -9999 -9999 -9999 -9999
8.564479637146 9.2900251865387 9.13128447532654 5.85897181034088 4.07848930358887 4.14235607060519 4.99763917922974 5.33711099624634 6.17295384407043 4.85835134983063 5.17177498340607 1.93532252311707 2.91445416212082 1.86487644910812 1.7074139714241 2.00528991222382 1.97513848543167 1.89624005556107 2.30689644813538 4.83500468730927 5.54760897159576 8.58286499977112 10.2421975135803 6.50722789764404 5.00742888450623 4.91201984882355 5.25980114936829 5.76994943618774 4.49593341350555 15.8156225681305 4.35170069489166 3.42093944549561 -9999 -9999 -9999 -9999 -9999 -9999 -9999 -9999 -9999 -9999 -9999 -9999 -9999 -9999 -9999 -9999 -9999 -9999 -9999 -9999 -9999 -9999 -9999 -9999 -9999 -9999 -9999 -9999 -9999 -9999
-9999 -9999 -9999 -9999 -9999 4.42855890647515 8.40635633468628 7.15350794792175 4.57009792327881 4.44323551654816 2.6461386680603 1.49950575828552 1.80229121446609 2.26269221305847 2.11486726999283 2.220942735672 2.11588793992996 2.32577991485596 3.22701072692871 6.43020844459534 9.87522339820862 15.2274842262268 9.88207483291626 6.58171606063843 4.97666931152344 4.9316371679306 -9999 -9999 -9999 -9999 -9999 -9999 -9999 -9999 -9999 -9999 -9999 -9999 -9999 -9999 -9999 -9999 -9999 -9999 -9999 -9999 -9999 -9999 -9999 -9999 -9999 -9999 -9999 -9999 -9999 -9999 -9999 -9999 -9999 -9999 -9999 -9999
-9999 -9999 -9999 -9999 -9999 -9999 13.4070596694946 5.91407990455627 3.4347585439682 2.84254950284958 1.71324902772903 1.62270444631577 1.82417321205139 1.84251827001572 2.39854127168655 3.16969728469849 3.35349297523499 3.66355490684509 4.93052101135254 9.06631278991699 10.0974576473236 9.50802612304688 9.15820240974426 3.02579872491883 -9999 -9999 -9999 -9999 -9999 -9999 -9999 -9999 -9999 -9999 -9999 -9999 -9999 -9999 -9999 -9999 -9999 -9999 -9999 -9999 -9999 -9999 -9999 -9999 -9999 -9999 -9999 -9999 -9999 -9999 -9999 -9999 -9999 -9999 -9999 -9999 -9999 -9999
