EcologicalScience/Bass/data/rs_data_bass/chl_382.asc
NCOLS 226 
NROWS 124 
XLLCORNER -9.41648524995501 
YLLCORNER 47.587301625531 
CELLSIZE 0.0833 
NODATA_value -9999 
[rows 81 to 107 of 124, columns 62 to 123 of 226]
3.85158455371857 5.97498106956482 7.6620512008667 7.66205191612244 -9999 -9999 -9999 -9999 -9999 -9999 -9999 -9999 -9999 -9999 -9999 -9999 -9999 -9999 -9999 -9999 -9999 -9999 -9999 -9999 -9999 -9999 -9999 -9999 -9999 -9999 -9999 -9999 -9999 -9999 -9999 -9999 -9999 -9999 -9999 -9999 -9999 -9999 -9999 -9999 -9999 -9999 -9999 -9999 -9999 -9999 -9999 -9999 -9999 -9999 -9999 -9999 -9999 -9999 -9999 -9999 -9999 -9999
3.2177483725895 -9999 -9999 -9999 -9999 -9999 -9999 -9999 -9999 -9999 -9999 -9999 -9999 -9999 -9999 -9999 -9999 -9999 -9999 -9999 -9999 -9999 -9999 -9999 -9999 -9999 -9999 -9999 -9999 -9999 -9999 -9999 -9999 -9999 -9999 -9999 -9999 -9999 -9999 -9999 -9999 -9999 -9999 -9999 -9999 -9999 -9999 -9999 -9999 -9999 -9999 -9999 -9999 -9999 -9999 -9999 -9999 -9999 -9999 -9999 -9999 -9999
-9999 -9999 -9999 -9999 -9999 -9999 -9999 -9999 -9999 -9999 -9999 -9999 -9999 -9999 -9999 -9999 -9999 -9999 -9999 -9999 -9999 -9999 -9999 -9999 -9999 -9999 -9999 -9999 -9999 -9999 -9999 -9999 -9999 -9999 -9999 -9999 -9999 -9999 -9999 -9999 -9999 -9999 -9999 -9999 -9999 -9999 -9999 -9999 -9999 -9999 -9999 -9999 -9999 -9999 -9999 -9999 -9999 -9999 -9999 -9999 -9999 -9999
-9999 -9999 -9999 -9999 -9999 -9999 -9999 -9999 -9999 -9999 -9999 -9999 -9999 -9999 -9999 -9999 -9999 -9999 -9999 -9999 -9999 -9999 -9999 -9999 -9999 -9999 -9999 -9999 -9999 -9999 -9999 -9999 -9999 -9999 -9999 -9999 -9999 -9999 -9999 -9999 -9999 -9999 -9999 -9999 -9999 -9999 -9999 -9999 -9999 -9999 -9999 -9999 -9999 -9999 -9999 -9999 -9999 5.69366155087369 3.44386370976766 4.18730628490448 4.17102813720703 3.5076516866684
-9999 -9999 -9999 -9999 -9999 -9999 -9999 -9999 -9999 -9999 -9999 -9999 -9999 -9999 -9999 -9999 -9999 -9999 -9999 -9999 -9999 -9999 -9999 -9999 -9999 -9999 -9999 -9999 -9999 -9999 -9999 -9999 -9999 -9999 -9999 -9999 37.1749906539917 -9999 3.68082594871521 3.44393518567085 -9999 -9999 2.56666624546051 2.91398048400879 3.2272025346756 7.03672790527344 5.81772977113724 5.93589913845062 3.55675238370895 3.75212717056274 4.00379848480225 2.11197187006474 -9999 -9999 -9999 3.85273861885071 3.76456117630005 2.95104074478149 3.21534883975983 2.80994215607643 3.05529284477234 5.23447573184967
-9999 -9999 -9999 -9999 -9999 -9999 -9999 -9999 -9999 -9999 -9999 -9999 12.001266002655 1.88468357107856 3.64550589323044 2.49265256524086 2.34287646412849 1.5225787460804 1.12509450316429 -9999 -9999 -9999 -9999 -9999 -9999 -9999 -9999 -9999 2.72967293858528 2.81078320741653 3.77477359771729 3.80558753013611 -9999 3.66949796676636 -9999 -9999 -9999 -9999 3.67495429515839 3.61148607730865 3.54082560539246 2.67472350597382 2.98367857933044 2.66759330034256 3.51602160930634 1.808877825737 3.76318037509918 2.89122444391251 3.5053539276123 3.3410257101059 3.38555788993835 3.0317587852478 2.89807051420212 2.50668668746948 2.3518425822258 2.4288427233696 2.22676491737366 1.63708198070526 1.96831355988979 2.06678402423859 5.09943151473999 7.22880506515503
-9999 -9999 -9999 -9999 -9999 -9999 -9999 -9999 -9999 -9999 41.7132571935654 2.48231157660484 2.63043111562729 2.88032603263855 2.47851008176804 2.15385875105858 2.17525976896286 2.19553822278976 2.15188020467758 1.46797329187393 1.47725284844637 -9999 1.75075466930866 1.99028849601746 1.88658224344254 -9999 -9999 2.77730852365494 2.68764817714691 2.94454801082611 3.11364090442657 4.13174915313721 3.50728261470795 3.96319806575775 -9999 -9999 3.10689160045312 4.15635752677917 3.33818757534027 2.85488998889923 2.94128179550171 2.91384816169739 2.85342746973038 2.49788403511047 2.42955458164215 2.32369941473007 1.95484882593155 1.45250701904297 1.12489047646523 1.25378626585007 1.42022627592087 1.48166021704674 1.49638652801514 1.54058557748795 1.58186781406403 1.58319979906082 1.56627666950226 1.49387320876122 1.91380870342255 1.77896475791931 5.94517493247986 6.32056331634521
-9999 -9999 -9999 -9999 -9999 -9999 -9999 -9999 -9999 2.25452890992165 1.69491517543793 2.01719000935555 2.24996772408485 2.20987501740456 1.98398175835609 1.589688539505 1.21050900220871 1.27213463187218 1.64005681872368 1.67731538414955 1.71119025349617 2.48498611450195 2.23651054501534 1.76458203792572 2.02186274528503 2.45434802770615 2.82661503553391 2.68241930007935 2.51795625686646 2.6327857375145 2.83250695466995 3.24914395809174 3.51646435260773 3.71816611289978 3.77370357513428 3.87919735908508 3.47983360290527 3.17033708095551 2.78086048364639 2.52685421705246 2.63296419382095 2.77463775873184 2.08634394407272 2.02722233533859 2.06685751676559 1.99672508239746 1.94409745931625 1.80066293478012 1.75048130750656 1.50784206390381 1.59485471248627 1.48223921656609 1.39388474822044 1.28210699558258 1.25549250841141 1.24322775006294 1.24766099452972 2.30280187726021 2.29026532173157 2.06706458330154 6.440016746521 1.2253777384758
-9999 -9999 -9999 -9999 -9999 -9999 -9999 -9999 -9999 2.1754777431488 1.67725902795792 1.47758626937866 1.68496045470238 1.45514103770256 1.24770829081535 1.2170534580946 1.42165763676167 1.42263825237751 1.35140137374401 1.43196675181389 1.3571782708168 1.32443922758102 1.44879752397537 1.55113345384598 1.6182569861412 1.72278982400894 1.82149279117584 2.02406018972397 2.03221571445465 2.27052444219589 2.49282681941986 2.97481191158295 2.97417747974396 2.767702460289 2.8655714392662 2.6905283331871 2.43524318933487 2.34223419427872 2.68474048376083 2.55000293254852 2.44051569700241 2.37058192491531 2.09855997562408 1.95319944620132 1.82073891162872 1.68370127677917 1.54735958576202 1.529212474823 1.47200328111649 1.40225100517273 1.37151297926903 1.34907227754593 1.31072625517845 1.17879375815392 1.20903673768044 1.42636504769325 1.62280869483948 2.09144407510757 2.38984358310699 2.60275572538376 3.49744892120361 2.50004017353058
-9999 -9999 -9999 -9999 -9999 -9999 -9999 -9999 -9999 1.51629902422428 1.47617702186108 1.20914402604103 0.950139492750168 1.04933923482895 1.03997965157032 1.17258900403976 1.18072128295898 1.12272747606039 1.56541460752487 2.28095278143883 1.46024546027184 1.44158998131752 1.10873553156853 1.25949302315712 1.52171176671982 1.56296467781067 1.56327295303345 1.84330058097839 2.05912202596664 2.27463233470917 2.31844049692154 2.76656699180603 3.11399459838867 2.88976496458054 2.46741306781769 2.50820857286453 2.527876496315 2.40905392169952 2.42791503667831 2.16136425733566 1.90911680459976 1.81393128633499 1.68244653940201 1.59658724069595 1.5487716794014 1.48638448119164 1.30822348594666 1.25426995754242 1.23172196745872 1.25664746761322 1.22455349564552 1.18297871947289 1.15784248709679 1.11668846011162 0.958914756774902 1.05368399620056 1.80889642238617 1.98360532522202 2.27309095859528 3.32490885257721 3.51387298107147 4.31925809383392
2.40966153144836 2.44320532679558 3.0794318318367 2.86692720651627 -9999 -9999 -9999 2.97387728365985 2.7527433514595 1.52095603942871 1.08758625388145 1.09802496433258 0.914106018841267 1.27571171522141 1.35541722178459 1.19982147216797 1.27198871970177 2.2576065659523 1.9277046918869 0.848039209842682 0.872836500406265 0.932862013578415 0.962994754314423 0.890575468540192 0.914064735174179 0.916516542434692 0.844702541828156 0.897982478141785 1.07662349939346 1.21534797549248 1.31699171662331 1.42260521650314 1.52012103796005 1.67717617750168 1.83014541864395 1.65757870674133 1.50713700056076 1.41633751988411 1.43803498148918 1.37232148647308 1.20481503009796 1.20201453566551 1.21592625975609 1.18933725357056 1.18333277106285 1.159603536129 1.10506421327591 1.07700902223587 1.06723952293396 1.06138578057289 1.06665828824043 1.07556527853012 1.25900137424469 1.12103471159935 1.14296400547028 1.04257196187973 1.25989347696304 1.38595426082611 1.29931497573853 1.43044647574425 1.74658566713333 2.93974041938782
0.886509731411934 1.31410874426365 2.07966676354408 2.04050700366497 2.62697803974152 3.61612938344479 2.69582808762789 2.15751802921295 1.56440824270248 1.22930060327053 1.16915576159954 1.18808403611183 1.19789099693298 1.29591751098633 1.41161549091339 1.71900218725204 2.04581844806671 2.0312408208847 1.3228739798069 0.89647051692009 0.731558248400688 0.773511707782745 0.653075248003006 0.743561267852783 0.906227231025696 0.790903508663177 0.795907527208328 0.801842272281647 0.808848023414612 0.808652222156525 0.835644006729126 0.914346009492874 0.994358986616135 1.07915621995926 1.1005844771862 1.10987770557404 1.05253198742867 0.883949249982834 0.888851970434189 0.812984257936478 0.906967520713806 0.920503467321396 0.811029732227325 1.26153226196766 1.23671172559261 1.03162649273872 1.13022753596306 1.16468998789787 1.18955478072166 1.0986442565918 1.22458273172379 1.2574597299099 1.15203452110291 1.06705275177956 1.00030571222305 1.03112921118736 1.05824026465416 1.07354325056076 1.16857275366783 1.38090446591377 1.97045928239822 2.40608167648315
0.708222001791 0.824940741062164 0.467984229326248 1.02958423644304 1.55852741003036 2.16141521930695 0.403397262096405 0.582824259996414 0.767655730247498 0.894278973340988 1.01816475391388 1.0847347676754 1.39793702960014 1.84924203157425 1.97826147079468 1.30219128727913 0.98770871758461 1.24670398235321 0.932221502065659 0.799607276916504 0.75790348649025 0.781935721635818 0.731664732098579 0.649063512682915 0.773999243974686 0.689166739583015 0.612244516611099 0.747607514262199 0.796871960163116 0.796784251928329 0.811538994312286 0.821710467338562 0.855735719203949 0.881969958543777 0.908143490552902 0.909741014242172 0.894291043281555 0.900430530309677 0.88499853014946 0.817540526390076 0.827430725097656 0.832473009824753 0.84418049454689 0.874857723712921 0.873732000589371 0.96248397231102 1.06743746995926 1.10123553872108 1.17946645617485 1.13823822140694 1.14187949895859 1.50652348995209 2.09226232767105 1.69699430465698 1.35254323482513 1.08984303474426 1.19371873140335 1.31971800327301 1.53442507982254 1.89341998100281 1.99848371744156 2.09293270111084
0.408921003341675 0.442572757601738 0.456029266119003 0.728448361158371 0.479749515652657 0.447464257478714 0.429665252566338 0.643190994858742 0.965203464031219 1.3173802793026 1.58907741308212 1.85303395986557 1.80443930625916 1.78295767307281 1.31475377082825 1.04735022783279 0.865416705608368 1.35169422626495 1.1418524980545 0.970446020364761 0.78700652718544 0.802186489105225 0.908361732959747 1.03775623440742 1.06301325559616 1.00863379240036 0.940699517726898 0.860039234161377 0.737449496984482 0.752509474754333 0.790745258331299 0.820769995450974 0.889862269163132 0.892866790294647 0.913839787244797 0.934908717870712 0.949943214654922 0.899587512016296 0.838797748088837 0.865116745233536 0.843018025159836 0.852023988962173 0.842712789773941 0.870312720537186 0.874478995800018 0.92584428191185 1.08626925945282 1.11891004443169 1.17918375134468 1.97003245353699 2.32590079307556 2.63155567646027 3.1664707660675 2.05944818258286 1.36722001433372 0.969884276390076 1.31990021467209 1.75643920898438 2.13481199741364 2.76419019699097 10.313188791275 10.3588650226593
0.489076495170593 0.564670488238335 1.21702837944031 0.41329725086689 0.423820495605469 0.448866739869118 1.01852850615978 0.7292640209198 1.04736220836639 1.43870025873184 2.65529179573059 2.67955130338669 2.13430345058441 2.25247657299042 1.51678794622421 1.26054301857948 1.19219174981117 1.6981560587883 1.21044820547104 1.70422500371933 1.25428721308708 6.7023389339447 0.760149747133255 1.26836103200912 1.68515932559967 1.27410596609116 1.02656775712967 0.982693523168564 0.809975981712341 0.831479966640472 0.837023288011551 0.821465224027634 0.898142248392105 0.906212210655212 0.918704956769943 0.893932521343231 0.956237286329269 1.00226998329163 0.984737277030945 0.957975715398788 0.994424968957901 1.03968152403831 1.12940329313278 1.17148876190186 1.27242296934128 1.3794569671154 1.69118320941925 1.81305527687073 1.78962975740433 2.05217707157135 1.77981966733932 3.13612425327301 2.12441620230675 1.13663175702095 1.31326729059219 1.29034951329231 1.73612183332443 1.73023045063019 2.3476949930191 11.4872481822968 31.7995662689209 31.3498134613037
0.52139849960804 0.509880736470222 0.448991999030113 0.552962243556976 1.20273301005363 1.18467673659325 0.951602250337601 0.804737269878387 0.943218737840652 1.18551072478294 1.66350531578064 2.85710316896439 2.27705705165863 1.94272577762604 2.16659474372864 2.40528899431229 2.63690704107285 2.60348242521286 2.53986382484436 2.2786477804184 1.49212270975113 0.893072962760925 1.14256721735001 0.762135744094849 0.754049241542816 1.25589671730995 1.24240797758102 1.2286012172699 0.811447530984879 0.758871763944626 0.832319229841232 0.906881958246231 0.962317496538162 1.01092198491096 1.00981423258781 0.991214275360107 0.979729503393173 1.03303053975105 1.14716327190399 1.19467127323151 1.22785574197769 1.29567378759384 1.27967396378517 1.30638375878334 1.50182247161865 2.1166267991066 2.47153580188751 2.12170958518982 2.02376478910446 3.04062366485596 2.75198632478714 1.08416399359703 1.60261724889278 1.41510862112045 2.03840178251266 1.95240068435669 2.15989208221436 2.41360872983932 2.51673895120621 13.9542546272278 24.5340728759766 3.88285015859912
0.510801762342453 0.520789504051208 0.588547512888908 0.654855743050575 0.776623517274857 1.14174824953079 1.06861048936844 0.933470249176025 0.850990533828735 0.803909987211227 0.888735741376877 0.903192043304443 0.942991465330124 0.961343228816986 1.00842896103859 1.17711675167084 1.2845062315464 1.4510954618454 1.3712617456913 0.997245758771896 0.734750255942345 0.784597456455231 0.999440968036652 0.939081788063049 0.900196462869644 1.20624679327011 1.25015249848366 1.11879301071167 1.09692898392677 0.879750788211823 0.984054028987885 1.05854853987694 1.13706296682358 1.23511353135109 1.22206199169159 1.18092450499535 1.06645649671555 1.01743054389954 1.0228987634182 1.27102571725845 1.29494628310204 1.2693285048008 1.19292524456978 1.19092726707458 1.44960075616837 2.07269167900085 2.10612291097641 1.73574829101562 1.44147071242332 2.01553648710251 1.15444725751877 1.39336949586868 2.1868371963501 2.3009819984436 2.5951019525528 2.46124202013016 2.68153860316659 -9999 -9999 -9999 -9999 -9999
0.450791984796524 0.477823510766029 0.507614269852638 0.540834009647369 0.601456493139267 0.694062754511833 0.671013012528419 0.654695257544518 0.68018701672554 0.753494292497635 0.839004725217819 0.909336715936661 1.05712428689003 1.0596712231636 1.07122126221657 0.859382271766663 0.810269236564636 0.664189517498016 0.747240006923676 0.770351976156235 0.900007456541061 1.05206474661827 1.34859001636505 1.3717657327652 1.09621426463127 1.40443423390388 1.41429671645164 2.18906557559967 1.72886866927147 0.955925971269608 1.11619046330452 1.16991296410561 2.35358780622482 1.79318243265152 1.48636275529861 1.24894648790359 1.09887599945068 1.13705778121948 1.09341448545456 1.12520545721054 1.0054357945919 0.884493738412857 0.884099274873734 1.04291322827339 1.43636628985405 1.60871547460556 1.52876847982407 1.24552497267723 1.21551820635796 1.1735865175724 1.39202776551247 1.97026419639587 2.32790100574493 28.5495521383626 1.54162697958165 -9999 -9999 -9999 -9999 -9999 -9999 -9999
0.4298445135355 0.471761271357536 0.479677498340607 0.490324482321739 0.519036769866943 0.551337003707886 0.570681765675545 0.603320986032486 0.663276761770248 0.734084978699684 0.739403262734413 0.710579261183739 0.690198004245758 0.746704503893852 0.773303210735321 0.739256232976913 0.74575500190258 0.753193527460098 0.745529249310493 0.788678258657455 0.992692530155182 1.04415902495384 0.966843008995056 0.942330747842789 0.997620731592178 1.31347122788429 1.31080766022205 1.7118144929409 2.52200049161911 -9999 -9999 -9999 -9999 -9999 -9999 3.14426672458649 1.58782356977463 1.16506272554398 0.928336501121521 0.989518493413925 0.934038788080215 1.01002952456474 1.1333264708519 2.04849976301193 2.08634930849075 2.30415898561478 1.5234546661377 1.37460449337959 1.14747977256775 1.23751276731491 1.60328167676926 2.09603923559189 2.65529805421829 1.9762424826622 1.97624230384827 -9999 -9999 -9999 -9999 -9999 -9999 -9999
0.388107731938362 0.433436259627342 0.483306750655174 0.504619494080544 0.549627766013145 0.576970517635345 0.605207249522209 0.634463980793953 0.575881496071815 0.561006769537926 0.680406019091606 0.660216003656387 0.674877002835274 0.664596006274223 0.724796980619431 0.793871998786926 0.774393707513809 0.782780259847641 0.879210770130157 0.900371968746185 0.87772724032402 0.789786726236343 0.714228764176369 0.670475989580154 0.758603274822235 0.8267482817173 0.874518781900406 1.76130411028862 2.24032026529312 -9999 -9999 -9999 -9999 -9999 -9999 -9999 2.23420357704163 1.42513650655746 1.01761722564697 0.89490070939064 0.834297001361847 0.830564975738525 1.02300596237183 1.86038321256638 1.94093173742294 2.09417706727982 1.48635900020599 1.4205014705658 1.49556747078896 1.84201794862747 2.27246028184891 3.22334960103035 -9999 -9999 -9999 -9999 -9999 -9999 -9999 -9999 -9999 -9999
0.466169267892838 0.490521758794785 0.496533751487732 0.485006242990494 0.525323241949081 0.544220253825188 0.56980499625206 0.550055980682373 0.554563522338867 0.663742482662201 0.62372924387455 0.576224997639656 0.670368745923042 0.68291249871254 0.661898240447044 0.665329501032829 0.864299207925797 0.861196517944336 0.947852253913879 1.30912430087725 0.893162256123823 0.835324466228485 1.11397764086723 0.678507015109062 0.715898260474205 0.862197786569595 1.09769251942635 1.86402368545532 2.10940343141556 -9999 -9999 -9999 -9999 -9999 -9999 -9999 9.50284337997437 6.2332412302494 1.28515648841858 1.10842654109001 1.05176702141762 1.01057401299477 0.965857475996017 1.13592374324799 1.29533922672272 1.56656098365784 1.96495807170868 2.12201625108719 2.09244078397751 2.13169205188751 2.29509383440018 2.69280749559402 4.22267335653305 -9999 -9999 -9999 -9999 -9999 -9999 -9999 -9999 -9999
0.582532480359077 0.585452243685722 0.571367248892784 0.598482728004456 0.571173772215843 0.545311510562897 0.572294265031815 0.544225484132767 0.557673007249832 0.503703743219376 0.604580998420715 0.78177148103714 0.781924456357956 0.672990739345551 0.676722764968872 0.670067265629768 0.875640749931335 0.901501536369324 0.819759786128998 0.852827221155167 0.822666764259338 0.795032232999802 0.789093732833862 0.765542238950729 1.00282573699951 0.992838710546494 1.10867553949356 1.67497193813324 1.76023721694946 1.71650174260139 -9999 -9999 -9999 -9999 -9999 -9999 -9999 3.88834532669612 5.757830286026 3.52478857040405 1.51944744586945 1.51940542459488 1.65311855077744 1.7285760641098 1.61299055814743 1.8721005320549 2.65077817440033 1.83407467603683 2.6741384267807 2.09233117103577 3.77669477462769 3.50543391704559 5.68622230103545 -9999 -9999 -9999 -9999 -9999 -9999 -9999 -9999 -9999
0.643122732639313 0.635493010282516 0.710757002234459 0.613134741783142 0.561232522130013 0.551676750183105 0.521993234753609 0.529067248106003 0.553557738661766 0.950065512210131 0.821625709533691 0.774278283119202 0.716052755713463 0.692423634231091 0.684795767068863 0.71180547773838 0.576428264379501 0.695770516991615 0.611212491989136 0.575489982962608 0.568205997347832 0.546717748045921 0.741670489311218 1.26996079087257 1.36335074901581 1.22712904214859 1.19149124622345 1.34268379211426 1.57478320598602 1.88185197114944 -9999 -9999 -9999 -9999 -9999 -9999 -9999 -9999 -9999 -9999 -9999 -9999 -9999 -9999 -9999 -9999 3.65490746498108 3.10985845327377 3.0926696062088 10.9482165404728 -9999 -9999 -9999 -9999 -9999 -9999 -9999 -9999 -9999 -9999 -9999 -9999
0.639654770493507 0.655476003885269 0.663223519921303 0.649739250540733 0.58627125620842 0.603108018636703 0.598834499716759 0.554921239614487 0.571304261684418 0.694071002304554 0.826421231031418 0.763916283845901 0.765541523694992 0.646884374320507 0.667964994907379 0.665241241455078 0.529598996043205 0.436076983809471 0.47971048951149 0.498404994606972 0.506393238902092 0.504146263003349 0.989827483892441 2.51330963048068 -9999 -9999 1.75030695729785 1.2871897816658 1.50421084463596 1.86337727308273 1.40408398211002 -9999 -9999 -9999 -9999 -9999 -9999 -9999 -9999 -9999 -9999 -9999 -9999 -9999 -9999 -9999 -9999 -9999 -9999 -9999 -9999 -9999 -9999 -9999 -9999 -9999 -9999 -9999 -9999 -9999 -9999 -9999
0.612011253833771 0.633781492710114 0.629831984639168 0.632411241531372 0.603983983397484 0.589556246995926 0.635727010667324 0.537804007530212 0.550730243325233 0.586506754159927 0.897440761327744 0.666188254952431 0.562484979629517 0.509304016828537 0.726898111402988 0.647336259484291 0.554116487503052 0.524312987923622 0.475748240947723 0.495620995759964 0.50584651529789 0.515428483486176 0.715551763772964 1.38337951898575 1.44496876001358 1.37712898850441 1.30435797572136 1.08322423696518 1.20192521810532 1.52281200885773 1.55393993854523 2.5972157684091 -9999 -9999 -9999 -9999 -9999 -9999 -9999 -9999 -9999 -9999 -9999 -9999 -9999 -9999 -9999 -9999 -9999 -9999 -9999 -9999 -9999 -9999 -9999 -9999 -9999 -9999 -9999 -9999 -9999 -9999
0.5377117395401 0.613022983074188 0.613110020756721 0.628356009721756 0.641121000051498 0.632681630551815 0.65378026664257 0.588602229952812 0.823473036289215 0.865637082606554 0.811532456427813 0.644463747739792 0.552452266216278 0.501868486404419 0.71314948797226 0.713993266224861 0.591794237494469 0.609916493296623 0.561361491680145 0.561512231826782 0.485148757696152 0.46161675453186 0.676134020090103 0.884774208068848 1.11305549740791 1.07296425104141 1.07705327868462 0.943678468465805 1.04628002643585 1.31690177321434 2.13600146770477 2.16277278410761 -9999 -9999 -9999 -9999 -9999 -9999 -9999 -9999 -9999 -9999 -9999 -9999 -9999 -9999 -9999 -9999 -9999 -9999 -9999 -9999 -9999 -9999 -9999 -9999 -9999 -9999 -9999 -9999 -9999 -9999
0.531974986195564 0.553262248635292 0.626081988215446 0.69725476205349 0.665280014276505 0.707313001155853 0.817556619644165 0.836921274662018 0.780901774764061 1.02974829822779 1.11083999276161 0.907932043075562 0.939507007598877 1.05783373117447 0.697658255696297 0.59085376560688 0.623827502131462 0.573037505149841 0.5064637362957 0.471867755055428 0.466333508491516 0.558154508471489 0.745120480656624 0.909405738115311 1.1618617773056 1.26202502846718 1.01963549852371 1.02595576643944 1.21342653036118 1.52134877443314 2.41347151994705 -9999 -9999 -9999 -9999 -9999 -9999 -9999 -9999 -9999 -9999 -9999 -9999 -9999 -9999 -9999 -9999 -9999 -9999 -9999 -9999 -9999 -9999 -9999 -9999 -9999 -9999 -9999 -9999 -9999 -9999 -9999
