EcologicalScience/Bass/data/rs_data_bass/chl_66.asc
NCOLS 226 
NROWS 124 
XLLCORNER -9.41648524995501 
YLLCORNER 47.587301625531 
CELLSIZE 0.0833 
NODATA_value -9999 
[rows 54 to 80 of 124, columns 0 to 61 of 226]
-9999 -9999 -9999 -9999 -9999 -9999 -9999 -9999 -9999 -9999 -9999 -9999 -9999 -9999 -9999 -9999 -9999 -9999 -9999 -9999 -9999 -9999 -9999 -9999 -9999 -9999 -9999 -9999 -9999 -9999 -9999 -9999 -9999 -9999 -9999 -9999 -9999 -9999 4.41693385758723 37.5847300291061 61.8313522338867 35.4237155914307 15.8982839584351 3.34588515758514 2.76745641231537 2.03292453289032 1.48579654097557 1.20953473448753 0.86189478635788 0.998632460832596 1.19486626982689 1.52803641557693 1.47234079241753 1.77674031257629 2.54944503307343 4.48652458190918 5.09413647651672 7.78652572631836 -9999 0.607058599591255 0.62790758907795 -9999
-9999 -9999 -9999 -9999 -9999 -9999 -9999 -9999 -9999 -9999 -9999 -9999 -9999 -9999 -9999 -9999 -9999 -9999 -9999 -9999 -9999 -9999 -9999 -9999 -9999 -9999 -9999 -9999 -9999 -9999 -9999 -9999 -9999 -9999 -9999 -9999 -9999 -9999 -9999 27.1835770606995 30.574104309082 19.7813487052917 10.19207239151 6.51119542121887 2.47112703323364 1.59475046396255 1.12956896424294 0.878343790769577 0.948799520730972 1.15367245674133 1.40974429249763 1.77245843410492 2.03507030010223 2.27270776033401 3.10573732852936 5.07282972335815 2.30996668338776 -9999 -9999 -9999 -9999 -9999
-9999 -9999 -9999 -9999 -9999 -9999 -9999 -9999 -9999 -9999 -9999 -9999 -9999 -9999 -9999 -9999 -9999 -9999 -9999 -9999 -9999 -9999 -9999 -9999 -9999 -9999 -9999 -9999 -9999 -9999 -9999 -9999 -9999 -9999 -9999 -9999 -9999 -9999 -9999 -9999 12.7246241569519 17.2911372184753 7.99727654457092 5.87104189395905 4.12461304664612 1.55108177661896 1.159080773592 1.06830596923828 1.17640650272369 1.17789521813393 1.51402652263641 1.86138296127319 2.02522498369217 2.11248975992203 2.15375930070877 4.3136225938797 2.16611436009407 3.24721160531044 2.62625800073147 -9999 -9999 -9999
-9999 -9999 -9999 -9999 -9999 -9999 -9999 -9999 -9999 -9999 -9999 -9999 -9999 -9999 -9999 -9999 -9999 -9999 -9999 -9999 -9999 -9999 -9999 -9999 -9999 -9999 -9999 -9999 -9999 -9999 -9999 -9999 -9999 -9999 -9999 -9999 -9999 -9999 -9999 -9999 6.58407801389694 8.39115214347839 5.1240599155426 3.96531522274017 3.13732731342316 1.92823880910873 1.73556143045425 1.54924356937408 1.4276707470417 1.29332846403122 1.43970528244972 1.64832454919815 1.37581720948219 1.48536747694016 2.12281805276871 1.67188574373722 2.53138200938702 4.96319174766541 5.72676301002502 10.3327594399452 4.20262846507524 -9999
-9999 -9999 -9999 -9999 -9999 -9999 -9999 -9999 -9999 -9999 -9999 -9999 -9999 -9999 -9999 -9999 -9999 -9999 -9999 -9999 -9999 -9999 -9999 -9999 -9999 -9999 -9999 -9999 -9999 -9999 -9999 -9999 -9999 -9999 -9999 -9999 -9999 -9999 -9999 -9999 -9999 17.059686422348 4.79957234859467 4.09915494918823 4.40301394462585 2.87498438358307 1.98347327113152 1.62201449275017 1.53098773956299 1.26201076805592 0.88275258243084 0.936792746186256 0.607342511415482 0.697560757398605 0.744692265987396 1.53455664217472 6.16037678718567 5.55668234825134 5.41557133197784 6.41074754297733 4.52032202482224 -9999
-9999 -9999 -9999 -9999 -9999 -9999 -9999 -9999 -9999 -9999 -9999 -9999 -9999 -9999 -9999 -9999 -9999 -9999 -9999 -9999 -9999 -9999 -9999 -9999 -9999 -9999 -9999 -9999 -9999 -9999 -9999 -9999 -9999 -9999 -9999 -9999 -9999 -9999 -9999 -9999 -9999 14.854367017746 8.0798534154892 4.77782261371613 2.97747147083282 1.69769284129143 1.93914037942886 1.30995413661003 1.10047388076782 0.92986835539341 0.822076499462128 0.802462890744209 3.7546284198761 4.19486689567566 4.30780935287476 4.50993740558624 4.76343584060669 5.34649336338043 8.46848872303963 -9999 -9999 -9999
-9999 -9999 -9999 -9999 -9999 -9999 -9999 -9999 -9999 -9999 -9999 -9999 -9999 -9999 -9999 -9999 -9999 -9999 -9999 -9999 -9999 -9999 -9999 -9999 -9999 -9999 -9999 -9999 -9999 -9999 -9999 -9999 -9999 -9999 -9999 -9999 -9999 -9999 -9999 -9999 10.8414090871811 11.7353013753891 8.52991545200348 1.5446505099535 1.50713101029396 1.28349110484123 1.31371124088764 1.2494692504406 1.05901984870434 2.37820726633072 2.03213775157928 3.16446089744568 3.37318933010101 3.19392085075378 3.47433435916901 2.44604551792145 3.38493740558624 -9999 -9999 3.57076933979988 4.35781502723694 5.31036078929901
-9999 -9999 -9999 -9999 -9999 -9999 -9999 -9999 -9999 -9999 -9999 -9999 -9999 -9999 -9999 -9999 -9999 -9999 -9999 -9999 -9999 -9999 -9999 -9999 -9999 -9999 -9999 -9999 -9999 -9999 -9999 -9999 -9999 -9999 -9999 -9999 -9999 -9999 -9999 5.52491116523743 9.9976247549057 6.40572798252106 2.05475217103958 1.41793651878834 1.27668111026287 1.23067983984947 1.37192478775978 1.09379924833775 1.14560812711716 3.68574392795563 3.03953862190247 2.28334808349609 2.92874926328659 2.3999969959259 2.48255324363708 3.91509819030762 1.59319424629211 1.54635679721832 1.83749395608902 1.80823570489883 1.83984071016312 2.09614652395248
-9999 -9999 -9999 -9999 -9999 -9999 -9999 -9999 -9999 -9999 -9999 -9999 -9999 -9999 -9999 -9999 -9999 -9999 -9999 -9999 -9999 -9999 -9999 -9999 -9999 -9999 -9999 -9999 -9999 -9999 -9999 -9999 -9999 -9999 -9999 -9999 -9999 -9999 -9999 4.15110337734222 3.00920855998993 2.40430283546448 1.85278576612473 0.594338268041611 1.07402363419533 1.16838298738003 1.18705201148987 1.02051298320293 0.969397097826004 4.49888634681702 2.70685422420502 1.93780875205994 1.91898518800735 1.72826778888702 1.34219098091125 1.32258224487305 1.33619177341461 1.45250245928764 1.4833710193634 1.4181487262249 1.36923372745514 1.40946677327156
-9999 -9999 -9999 -9999 -9999 -9999 -9999 -9999 -9999 -9999 -9999 -9999 -9999 -9999 -9999 -9999 -9999 -9999 -9999 -9999 -9999 -9999 -9999 -9999 -9999 -9999 -9999 -9999 -9999 -9999 -9999 -9999 -9999 -9999 -9999 -9999 -9999 -9999 4.09966811165214 3.74911034107208 2.83856177330017 1.9587659239769 1.30525052547455 1.1762752532959 1.04506945610046 1.26069751381874 1.00477311015129 0.922096520662308 8.092613697052 4.5480877161026 1.91459852457047 1.55367457866669 1.33872002363205 1.12912353873253 1.12932971119881 1.20977175235748 1.19792845845222 1.07150477170944 1.10211226344109 1.23262649774551 1.28402397036552 1.69956600666046
-9999 -9999 -9999 -9999 -9999 -9999 -9999 -9999 -9999 -9999 -9999 -9999 -9999 -9999 -9999 -9999 -9999 -9999 -9999 -9999 -9999 -9999 -9999 -9999 -9999 -9999 -9999 -9999 -9999 -9999 -9999 -9999 -9999 -9999 -9999 -9999 -9999 -9999 6.30263376235962 4.72569108009338 1.89149558544159 1.64310675859451 1.32984074950218 1.20114603638649 1.6166448444128 1.12012687325478 0.990454092621803 1.50632107257843 2.26823633909225 2.60745978355408 1.39780873060226 0.993698269128799 0.950709789991379 0.982659727334976 1.00273650884628 0.880346238613129 0.809771239757538 0.806787014007568 0.813456773757935 0.851642221212387 1.01029202342033 1.38748052716255
-9999 -9999 -9999 -9999 -9999 -9999 -9999 -9999 -9999 -9999 -9999 -9999 -9999 -9999 -9999 -9999 -9999 -9999 -9999 -9999 -9999 -9999 -9999 -9999 -9999 -9999 -9999 -9999 -9999 -9999 -9999 -9999 -9999 -9999 -9999 -9999 -9999 2.28641277551651 4.02320265769958 2.10825741291046 1.43968579173088 1.26586496829987 1.20700272917747 1.18007773160934 1.13198626041412 1.18509221076965 1.12625849246979 0.888620987534523 2.27432173490524 2.53875678777695 1.71730881929398 0.9193095266819 0.934594541788101 0.910072535276413 0.926990211009979 0.744539245963097 0.798656970262527 0.800011485815048 0.785399973392487 0.824270993471146 1.03536075353622 1.37500727176666
-9999 -9999 -9999 -9999 -9999 -9999 -9999 -9999 -9999 -9999 -9999 -9999 -9999 -9999 -9999 -9999 -9999 -9999 -9999 -9999 -9999 -9999 -9999 -9999 -9999 -9999 -9999 -9999 -9999 -9999 -9999 -9999 -9999 -9999 -9999 -9999 -9999 3.24788022041321 4.44479334354401 1.71028733253479 1.34248048067093 1.09929978847504 1.08689403533936 1.16059648990631 1.14573445916176 1.12244474887848 0.752329140901566 0.83348286151886 1.0623449832201 3.84483969211578 1.98766583204269 1.09543204307556 0.862278789281845 0.794917523860931 0.763745248317719 0.825699716806412 0.842648237943649 0.724895998835564 0.754767000675201 0.848765283823013 0.965120226144791 1.25422234833241
-9999 -9999 -9999 -9999 -9999 -9999 -9999 -9999 -9999 -9999 -9999 -9999 -9999 -9999 -9999 -9999 -9999 -9999 -9999 -9999 -9999 -9999 -9999 -9999 -9999 -9999 -9999 -9999 -9999 -9999 -9999 -9999 -9999 -9999 -9999 -9999 6.89801028370857 3.53477358818054 2.59650003910065 2.30350130796432 1.50454044342041 1.15033426880836 1.10481521487236 1.14936223626137 0.960443615913391 1.00198763608932 1.03609424829483 1.0599037706852 22.059308052063 6.40529894828796 2.03140193223953 1.43660250306129 1.05009752511978 0.955610275268555 0.936845988035202 0.901719778776169 0.869381994009018 1.14986622333527 1.02183821797371 1.04124900698662 1.04096100479364 1.45608857274055
-9999 -9999 -9999 -9999 -9999 -9999 -9999 -9999 -9999 -9999 -9999 -9999 -9999 -9999 -9999 -9999 -9999 -9999 -9999 -9999 -9999 -9999 -9999 -9999 -9999 -9999 -9999 -9999 -9999 -9999 -9999 4.32597150972911 1.50559381527059 -9999 2.10493344068527 2.00854575634003 2.05834696690242 1.46912929415703 1.5938166975975 1.78200227022171 1.64625442028046 1.18413823843002 1.08046424388885 1.13630247116089 2.46306216716766 1.14953099191189 1.22229225933552 1.36196140944958 1.31524832546711 11.4960157871246 4.82263720035553 2.35213422775269 1.7724015712738 1.48221150040627 1.15263077616692 1.13480249047279 1.28014647960663 1.30349403619766 1.36984652280807 1.39558500051498 1.77686360478401 2.03627169132233
-9999 -9999 -9999 -9999 -9999 -9999 -9999 -9999 -9999 -9999 -9999 -9999 -9999 -9999 -9999 -9999 -9999 -9999 -9999 -9999 -9999 -9999 0.346259817481041 0.641833484172821 6.3301899433136 0.821332544088364 1.27369800209999 5.93851947784424 2.89492905139923 1.78206228464842 1.84812033176422 2.6242885440588 9.41690683364868 3.97711944580078 2.36542278528214 2.3984414935112 2.25247424840927 2.23767828941345 1.41257697343826 1.23733726143837 1.51592248678207 2.19017100334167 1.90443456172943 1.7866342663765 6.04340100288391 1.27605150640011 0.894311964511871 0.860859006643295 0.771907478570938 16.4778056144714 11.5535202026367 5.8440248966217 4.15032076835632 2.35379254817963 2.61617016792297 1.70577532052994 1.74895048141479 1.92327225208282 2.51521682739258 -9999 -9999 -9999
-9999 -9999 -9999 -9999 -9999 -9999 -9999 -9999 -9999 -9999 -9999 -9999 -9999 -9999 -9999 -9999 -9999 -9999 -9999 -9999 -9999 -9999 4.85441708564758 2.81597846746445 0.952742278575897 0.914973735809326 0.900127530097961 1.19726398587227 1.14772948622704 0.608219996094704 0.497001752257347 0.500723987817764 3.14560639858246 2.40075302124023 1.74635553359985 1.51874470710754 1.12203222513199 1.51682549715042 3.54162132740021 4.43782567977905 4.62117004394531 3.58007490634918 1.65961503982544 1.1384294629097 0.939363777637482 1.06937545537949 1.59722703695297 5.68701660633087 8.42340159416199 15.030366897583 2.42146450281143 3.25481897592545 3.54493618011475 3.26301267743111 2.20061883330345 -9999 -9999 -9999 -9999 -9999 -9999 -9999
-9999 -9999 -9999 -9999 -9999 -9999 -9999 -9999 -9999 -9999 -9999 -9999 -9999 -9999 -9999 -9999 -9999 -9999 -9999 4.99184690948044 1.36807653307915 4.68375062942505 3.52579414844513 2.37567526102066 0.857751041650772 0.682242751121521 0.806131482124329 0.819083958864212 0.921027034521103 0.730472266674042 0.681523516774178 0.61846424639225 0.524420991539955 0.615638986229897 0.984773218631744 1.15191748738289 2.25125169754028 3.91359007358551 4.69994187355042 3.35063552856445 2.2706812620163 2.47495722770691 1.18928548693657 1.15657353401184 1.11825603246689 1.14062851667404 3.83847463130951 4.64380788803101 5.20936560630798 2.83986604213715 4.78971290588379 -9999 -9999 -9999 -9999 -9999 -9999 -9999 -9999 -9999 -9999 -9999
-9999 -9999 -9999 -9999 -9999 -9999 -9999 -9999 -9999 -9999 -9999 -9999 -9999 -9999 -9999 -9999 -9999 19.6049108505249 2.97182250022888 1.50333523750305 0.793758004903793 0.671387985348701 0.616814240813255 0.619355991482735 0.552318021655083 0.500000238418579 0.494884505867958 0.500146508216858 0.518301755189896 0.565920755267143 0.48036901652813 0.443402990698814 0.483751505613327 0.589623749256134 0.883386790752411 1.42491379380226 2.95913404226303 5.71484935283661 2.49744004011154 1.55263495445251 1.51134967803955 1.76709830760956 2.1314018368721 0.812013030052185 0.920038461685181 1.05610352754593 1.23191553354263 2.67773133516312 2.7707944214344 2.87668114900589 2.78392434120178 -9999 -9999 -9999 -9999 -9999 -9999 -9999 -9999 -9999 -9999 -9999
-9999 -9999 -9999 -9999 -9999 -9999 -9999 -9999 -9999 -9999 -9999 -9999 -9999 -9999 8.8183057308197 3.25888431072235 1.44734546542168 3.86733376979828 1.14233028888702 0.677107483148575 0.727086737751961 0.622846484184265 0.489815264940262 0.487624481320381 0.554254487156868 0.539591252803802 0.479840263724327 0.483033746480942 0.491407513618469 0.516871511936188 0.50891549885273 0.434154734015465 0.443648234009743 0.506257519125938 0.664048478007317 1.68429082632065 3.3434511423111 3.06188464164734 2.09701949357986 1.01831397414207 1.05720448493958 1.04577675461769 0.971997767686844 0.797987222671509 0.72986251115799 0.873075038194656 2.15402886271477 2.14370253682137 2.41834008693695 2.59164530038834 4.02583193778992 3.12960407137871 -9999 -9999 -9999 -9999 -9999 -9999 -9999 -9999 -9999 -9999
-9999 -9999 -9999 -9999 -9999 -9999 -9999 -9999 -9999 -9999 -9999 1.03450468182564 2.27379155158997 1.15240502357483 1.16141250729561 1.12518748641014 1.0860795378685 1.0266569852829 0.612867012619972 0.454262271523476 0.460351511836052 0.569498240947723 0.490793243050575 0.509274020791054 0.480436518788338 0.503512501716614 0.500382766127586 0.551321268081665 0.569843977689743 0.608375251293182 0.622304230928421 0.60429073870182 0.530897989869118 0.429018750786781 0.62337452173233 1.1834009885788 2.35035592317581 3.14216995239258 1.60566902160645 1.10284575819969 0.901293754577637 0.80559378862381 1.09372428059578 1.53143030405045 1.11965623497963 1.29907947778702 1.47598421573639 1.45254153013229 1.56500619649887 2.02865704894066 1.67712390124798 -9999 -9999 -9999 -9999 -9999 3.33051807270494 17.3134331703186 13.9032554626465 7.95329781941005 8.03818396159581 -9999
-9999 -9999 -9999 -9999 -9999 -9999 -9999 -9999 -9999 16.5365552902222 28.688232421875 1.14785921573639 0.641868755221367 0.580418229103088 0.532806739211082 0.529153481125832 0.6251520216465 0.48097126185894 0.502345517277718 0.494787767529488 0.495590999722481 0.501949489116669 0.510226517915726 0.501381754875183 0.512417256832123 0.492415487766266 0.534644991159439 0.568289995193481 0.60528901219368 0.620269507169724 0.613091245293617 0.617536514997482 0.49830074608326 0.434440478682518 0.724720492959023 1.13309848308563 1.51070326566696 1.49120172858238 1.2836902141571 1.2996997833252 0.992515504360199 0.78374245762825 1.00477346777916 0.544957503676414 1.47165454924107 1.04762399196625 1.23772877454758 1.49091526865959 1.38934350013733 1.68103194236755 1.63996732234955 2.49024304747581 2.32559251785278 2.79598426818848 45.3673610687256 21.4924349784851 7.90367817878723 7.58187532424927 8.87483239173889 14.0371613502502 16.8907971382141 -9999
-9999 -9999 -9999 -9999 -9999 1.48720201849937 4.28587067127228 1.97625750303268 2.74025255441666 2.47806000709534 0.679155752062798 0.631492495536804 0.563949018716812 0.525846764445305 0.485352739691734 0.485268741846085 0.520870506763458 0.533125519752502 0.535787254571915 0.503793016076088 0.469394981861115 0.484901234507561 0.496892228722572 0.494915261864662 0.504300758242607 0.496013268828392 0.490846484899521 0.556650012731552 0.578698486089706 0.604244247078896 0.639459013938904 0.587970748543739 0.588053271174431 0.885953217744827 1.32702371478081 1.95287704467773 1.87200307846069 1.23629853129387 1.25447326898575 1.02351674437523 0.800947487354279 0.642498001456261 0.578835010528564 0.934493243694305 1.10192254185677 1.1306377351284 1.43595752120018 1.61154448986053 1.57587075233459 2.02499252557755 2.93813323974609 2.8098412156105 2.50572592020035 5.43976879119873 12.3731446266174 9.45167684555054 9.15567898750305 7.54273724555969 8.7836766242981 13.9763946533203 8.97170376777649 8.20124673843384
-9999 -9999 -9999 -9999 -9999 0.949419736862183 0.843782991170883 0.775568962097168 0.681034505367279 0.643754258751869 0.647195979952812 0.583871260285378 0.565851733088493 0.499343991279602 0.456805497407913 0.448914751410484 0.451694995164871 0.459340497851372 0.462997511029243 0.455922737717628 0.446195259690285 0.440233513712883 0.434837982058525 0.448704019188881 0.461603254079819 0.485291987657547 0.466822519898415 0.501492753624916 0.539105996489525 0.536906272172928 0.50559675693512 0.542622730135918 0.589591518044472 0.661889255046844 1.34320503473282 1.58517372608185 1.48180201649666 1.14983028173447 0.844696462154388 0.765286535024643 0.666969761252403 0.623379752039909 0.598137751221657 0.668126240372658 0.904665738344193 1.10745146870613 1.28719648718834 1.77167093753815 2.33621031045914 2.73242998123169 5.44937539100647 7.79238367080688 8.07025551795959 11.5583860874176 4.79209434986115 5.37251007556915 3.83310091495514 6.83174872398376 3.26242733001709 3.13871777057648 3.94163489341736 3.54314839839935
-9999 -9999 -9999 -9999 -9999 0.761753976345062 0.730343252420425 0.606107980012894 0.589442253112793 0.563926488161087 0.591091498732567 0.562470763921738 0.524685770273209 0.514450505375862 0.470030263066292 0.478271260857582 0.436043635010719 0.423190869390965 0.471878260374069 0.458850011229515 0.448599010705948 0.417812258005142 0.414626240730286 0.455388754606247 0.476439759135246 0.479656487703323 0.474761992692947 0.46696874499321 0.473909988999367 0.488737508654594 0.490443751215935 0.509029492735863 0.545193761587143 0.599613010883331 0.920989483594894 1.07917276024818 0.917688757181168 0.7355587631464 0.700699478387833 0.573176264762878 0.604731738567352 0.63969375193119 0.648902267217636 0.63484650850296 0.638299494981766 0.668357983231544 0.825664490461349 1.32252377271652 1.77185922861099 2.46862417459488 4.45903730392456 2.54856079816818 5.41887831687927 7.26020979881287 3.9197723865509 8.9860053062439 5.7599151134491 4.62964653968811 4.57979536056519 5.11421406269073 2.8209713101387 2.26341676712036
-9999 -9999 -9999 -9999 -9999 0.741042003035545 0.746541738510132 0.711153745651245 0.530448764562607 0.529307261109352 0.575138255953789 0.562216490507126 0.384389251470566 0.386192232370377 0.415689021348953 0.376063864678144 0.379848763346672 0.378513738512993 0.399233266711235 0.418232247233391 0.399268493056297 0.390263244509697 0.405603021383286 0.450903743505478 0.459413230419159 0.463297516107559 0.455688759684563 0.411544516682625 0.410140514373779 0.441590264439583 0.461843982338905 0.469029754400253 0.514417514204979 0.623368486762047 0.645248249173164 0.683959499001503 0.562943235039711 0.547595232725143 0.591910511255264 0.608442753553391 0.614151746034622 0.585444733500481 0.548802763223648 0.553583264350891 0.569298014044762 0.551751002669334 0.608489245176315 0.973354518413544 1.21047601103783 1.5891929268837 1.81119006872177 0.980282217264175 1.10298076272011 5.5590044260025 5.22936987876892 1.22535824775696 1.11376199126244 1.17590546607971 1.35912153124809 2.55420219898224 2.65109020471573 2.50917452573776
-9999 -9999 -9999 -9999 -9999 0.424274638295174 0.407062500715256 0.379656761884689 0.530588239431381 0.597796484827995 0.556106239557266 0.484238237142563 0.322145998477936 0.311617501080036 0.315916500985622 0.338681995868683 0.372326999902725 0.373721994459629 0.377651989459991 0.376477494835854 0.38042776286602 0.384035244584084 0.383976727724075 0.381013512611389 0.392174229025841 0.391827017068863 0.41627624630928 0.420306757092476 0.393366739153862 0.40821598470211 0.44675025343895 0.445710763335228 0.48997950553894 0.536384984850883 0.566412001848221 0.662549257278442 0.635975271463394 0.51494474709034 0.584095492959023 0.601634234189987 0.548337757587433 0.505234479904175 0.442149013280869 0.392865747213364 0.490361988544464 0.559245765209198 0.582376509904861 0.629898011684418 0.754115223884583 0.821356505155563 0.899310708045959 0.608474984765053 2.07882750034332 4.49050891399384 2.53522342443466 2.3030760884285 1.28303995728493 1.1992455124855 1.22732546925545 1.47859650850296 2.3420752286911 2.43220800161362
