EcologicalScience/Bass/data/rs_data_bass/chl_94.asc
NCOLS 226 
NROWS 124 
XLLCORNER -9.41648524995501 
YLLCORNER 47.587301625531 
CELLSIZE 0.0833 
NODATA_value -9999 
[rows 0 to 26 of 124, columns 62 to 123 of 226]
-9999 -9999 -9999 -9999 -9999 -9999 -9999 -9999 -9999 -9999 -9999 -9999 -9999 -9999 -9999 -9999 -9999 -9999 -9999 -9999 -9999 -9999 -9999 -9999 -9999 -9999 -9999 -9999 -9999 -9999 -9999 -9999 -9999 -9999 -9999 -9999 -9999 -9999 -9999 -9999 -9999 -9999 -9999 -9999 -9999 -9999 -9999 -9999 -9999 -9999 -9999 -9999 -9999 -9999 -9999 -9999 -9999 -9999 -9999 -9999 -9999 -9999
-9999 -9999 -9999 -9999 -9999 -9999 -9999 -9999 -9999 -9999 -9999 -9999 -9999 -9999 -9999 -9999 -9999 -9999 -9999 -9999 -9999 -9999 -9999 -9999 -9999 -9999 -9999 -9999 -9999 -9999 -9999 -9999 -9999 -9999 -9999 -9999 -9999 -9999 -9999 -9999 -9999 -9999 -9999 -9999 -9999 -9999 -9999 -9999 -9999 -9999 -9999 -9999 -9999 -9999 -9999 -9999 -9999 -9999 -9999 -9999 -9999 -9999
-9999 -9999 -9999 -9999 -9999 -9999 -9999 -9999 -9999 -9999 -9999 -9999 -9999 -9999 -9999 -9999 -9999 -9999 -9999 -9999 -9999 -9999 -9999 -9999 -9999 -9999 -9999 -9999 -9999 -9999 -9999 -9999 -9999 -9999 -9999 -9999 -9999 -9999 -9999 -9999 -9999 -9999 -9999 -9999 -9999 -9999 -9999 -9999 -9999 -9999 -9999 -9999 -9999 -9999 -9999 -9999 -9999 -9999 -9999 -9999 -9999 -9999
-9999 -9999 -9999 -9999 -9999 -9999 -9999 -9999 -9999 -9999 -9999 -9999 -9999 -9999 -9999 -9999 -9999 -9999 -9999 -9999 -9999 -9999 -9999 -9999 -9999 -9999 -9999 -9999 -9999 -9999 -9999 -9999 -9999 -9999 -9999 -9999 -9999 -9999 -9999 -9999 -9999 -9999 -9999 -9999 -9999 -9999 -9999 -9999 -9999 -9999 -9999 -9999 -9999 -9999 -9999 -9999 -9999 -9999 -9999 -9999 -9999 -9999
-9999 -9999 -9999 -9999 -9999 -9999 -9999 -9999 -9999 -9999 -9999 -9999 -9999 -9999 -9999 -9999 -9999 -9999 -9999 -9999 -9999 -9999 -9999 -9999 -9999 -9999 -9999 -9999 -9999 -9999 -9999 -9999 -9999 -9999 -9999 -9999 -9999 -9999 -9999 -9999 -9999 -9999 -9999 -9999 -9999 -9999 -9999 -9999 -9999 -9999 -9999 -9999 -9999 -9999 -9999 -9999 -9999 -9999 -9999 -9999 -9999 -9999
-9999 -9999 -9999 -9999 -9999 -9999 -9999 -9999 -9999 -9999 -9999 -9999 -9999 -9999 -9999 -9999 -9999 -9999 -9999 -9999 -9999 -9999 -9999 -9999 -9999 -9999 -9999 -9999 0.63735419511795 0.691514598844695 1.26162344031036 0.784127001464367 0.74788477520148 0.691917208023369 0.589279299974442 0.534040577709675 0.535002537071705 0.535153115789096 0.534119797249635 0.524398842453957 0.531075140833855 0.55830474793911 0.537660810351372 0.527556085959077 0.518249706365168 0.523215612396598 0.522295796312392 0.514157616533339 0.502727438695729 0.490772120654583 0.494840517640114 0.49248758610338 0.484119932167232 0.49758951086551 0.476009528103628 0.46737718425299 0.451115682721138 0.465156706050038 0.417491440661252 0.433430696837604 0.416244938503951 0.429779436439276
-9999 -9999 -9999 -9999 -9999 -9999 -9999 -9999 -9999 -9999 -9999 -9999 -9999 -9999 -9999 -9999 -9999 -9999 -9999 -9999 -9999 -9999 -9999 -9999 -9999 -9999 1.18186515569687 1.0627324283123 1.77039290070534 0.967928172647953 0.850381721556187 0.715256271511316 0.659989529103041 0.690356368819873 0.596575473994017 0.614679153263569 0.537519536912441 0.548091694712639 0.528154544532299 0.524013946764171 0.526707289740443 0.528471904993057 0.54363910574466 0.550910588353872 0.504059390164912 0.495212961919606 0.497789117507637 0.509752444177866 0.494109177030623 0.478450750932097 0.466913622803986 0.457309100972979 0.461500391364098 0.466868411553533 0.468835941270778 0.464819361504756 0.450742387457898 0.429736748729882 0.424245108115046 0.423255278728902 0.418680708389729 0.436082099564373
-9999 -9999 -9999 -9999 -9999 -9999 -9999 -9999 -9999 -9999 -9999 -9999 -9999 -9999 -9999 -9999 -9999 -9999 -9999 -9999 -9999 -9999 -9999 -9999 -9999 -9999 1.18186515569687 1.75551291874477 1.57085659503937 1.05007056891918 0.744786880910397 0.689892710745335 0.664244963787496 0.60960610024631 0.612712821923196 0.62890225276351 0.640043340231243 0.603297591993683 0.600979617551753 0.524949409067631 0.543496451340616 0.553943010047078 0.567108800634742 0.533738292753696 0.552135289460421 0.511129347234964 0.500530513934791 0.496998561546206 0.50131681188941 0.47277688421309 0.450537043182473 0.489474063366652 0.489908301830292 0.491798094660044 0.448278496139928 0.437859201117566 0.436049542928997 0.417421529559713 0.431156826205552 0.428125351667404 0.440650415606797 0.44121515750885
-9999 -9999 -9999 -9999 -9999 -9999 -9999 -9999 -9999 -9999 -9999 -9999 -9999 -9999 -9999 -9999 -9999 -9999 -9999 -9999 -9999 -9999 -9999 -9999 -9999 -9999 3.45998139381409 1.60983240455389 0.882462820836476 0.910708337277174 0.766363730033239 0.675596756860614 0.686119277961552 0.64944866951555 0.614827134646475 0.597748682834208 0.632299868389964 0.619444445706904 0.7057111064593 0.563040280714631 0.558250084519386 0.56387085467577 0.62908982411027 0.592650105804205 0.581616901606321 0.549594327807426 0.523729761689901 0.512083648145199 0.496645925939083 0.485957537591457 0.480867569893599 0.486225463449955 0.436521018806257 0.443078768096472 0.436998277902603 0.428013388263552 0.398947544395924 0.373809891287237 0.424597120843828 0.434542081318796 0.425004718825221 0.447199084796011
-9999 -9999 -9999 -9999 -9999 -9999 -9999 -9999 -9999 -9999 -9999 -9999 -9999 -9999 -9999 -9999 -9999 -9999 -9999 -9999 -9999 -9999 -9999 -9999 -9999 1.19121462106705 1.44255802461079 1.10073189224516 0.955092037717501 0.823940439149737 0.733784182928503 0.674856981262565 0.688250622712076 0.799191755406997 0.616999835707247 0.707451682537794 0.579806803088439 0.573605865240097 0.575323180295527 0.558729289099574 0.653804859519005 0.657208362221718 0.669952791929245 0.646472242474556 0.621104791760445 0.468718869611621 0.469435692764819 0.458777697756886 0.452864675929672 0.451350412331522 0.452462755143642 0.45808576753265 0.467106424664196 0.455132195726037 0.481392526451279 0.440246156416833 0.434074482880533 0.446140419691801 0.432266785763204 0.427936912514269 0.516298271715641 0.551431161661943
-9999 -9999 -9999 -9999 -9999 -9999 -9999 -9999 -9999 -9999 -9999 -9999 -9999 -9999 -9999 -9999 -9999 -9999 -9999 -9999 -9999 -9999 -9999 -9999 -9999 1.66632378101349 0.886690247058868 0.872013187408447 0.794619025552974 0.780239561024834 0.868689835071564 0.827782773971558 0.787967783212662 0.790492296218872 0.769823575019836 0.731481730937958 0.709287202358246 0.673634910583496 0.650089493393898 0.692032101750374 0.692072248458862 0.672071832418442 0.668595543503761 0.659445089101791 0.461493171751499 0.404927075374871 0.395461420062929 0.464536875486374 0.470730978995562 0.427602742798626 0.391312123741955 0.34793578600511 0.335624773520976 0.457328372880032 0.465176048247438 0.464664235711098 0.464952159672976 0.46975838765502 0.46604032907635 0.436015167273581 0.46192892684656 0.526707177360853
-9999 -9999 -9999 -9999 -9999 -9999 -9999 -9999 -9999 -9999 -9999 -9999 -9999 -9999 -9999 -9999 -9999 -9999 -9999 -9999 -9999 -9999 -9999 -9999 1.31647038459778 2.24305987358093 0.864986789226532 0.832546335458755 0.822125464677811 1.00323900952935 0.800537346040501 0.80583775639534 0.798020726442337 0.816304266452789 0.811519521474838 0.587772944010794 0.580311750993133 0.505147028714418 0.437672432977706 0.528869396448135 0.741943788528442 0.712397083640099 0.703905913233757 0.701210260391235 0.490443675778806 0.433785272296518 0.419235517736524 0.447861901950091 0.410045673139393 0.380402098875493 0.373517761006951 0.495746725483945 0.468705797665998 0.44983797716467 0.477775506283107 0.496397210285068 0.475573028437793 0.473235829733312 0.4998066611588 0.463595388566746 0.456362307071686 0.476777078474269
-9999 -9999 -9999 -9999 -9999 -9999 -9999 -9999 -9999 -9999 -9999 -9999 -9999 -9999 -9999 -9999 -9999 -9999 -9999 -9999 -9999 -9999 -9999 1.50594073534012 1.45849004858419 1.03731102347374 0.857587432861328 0.819642376899719 0.763800817728043 0.731719487905502 0.715537428855896 0.748017823696136 0.754729533195496 0.832285326719284 0.862408006191254 0.804659646749497 0.614923366904259 0.556521420367062 0.710629037022591 0.705451095104218 0.719969022274017 0.752387571334839 0.556257478500667 0.551505335851719 0.525811801615514 0.415971891023219 0.439926750026643 0.431383597198874 0.514707433059812 0.505494447130906 0.4892455166892 0.500511794498092 0.482635101989696 0.497177705168724 0.578828955690066 0.60479495426019 0.442195876501501 0.56358024229606 0.479811038164532 0.50243488480063 0.518649432589026 0.524944019668242
-9999 -9999 -9999 -9999 -9999 -9999 -9999 -9999 -9999 -9999 -9999 -9999 -9999 -9999 -9999 -9999 -9999 -9999 -9999 -9999 -9999 -9999 5.65811393090657 1.66807738939921 1.6428254644076 0.898761409521103 0.849898210593632 0.786845134837287 0.789885199069977 0.765847659111023 0.764599907398224 0.791364306211472 0.794005280733108 0.787790656089783 0.787031579017639 0.796137368679046 0.746673965454102 0.732184273004532 0.721975946426392 0.720560872554779 0.716763514280319 0.674316900968552 0.538625295224943 0.532284470765214 0.506203802008378 0.493974554695581 0.479260828346014 0.490021150363119 0.494184884585832 0.484485160363348 0.497898195919238 0.496499922714735 0.506666560706339 0.476275436188045 0.506979301571846 0.57958922535181 0.598481871187687 0.513849041041206 0.493097775999238 0.504832669216044 0.523267239332199 0.623607754707336
-9999 -9999 -9999 -9999 -9999 -9999 -9999 -9999 -9999 -9999 -9999 -9999 -9999 -9999 -9999 -9999 -9999 -9999 -9999 -9999 2.64602583646774 2.13688802102516 1.41269103569143 1.49593394994736 1.2929499404771 0.854188106954098 0.855489951372147 0.843110229287829 0.867503362042563 0.904209558452879 0.866936272382736 0.805671900510788 0.763427829742432 0.762872135639191 0.7460504591465 0.747075563669205 0.734620278080304 0.627167175213496 0.617672214905421 0.713028514385223 0.716527813673019 0.706369811296463 0.497974495354452 0.473965141334032 0.478574014023731 0.466948764888864 0.472998792305589 0.492662594653666 0.483914824202657 0.465986489318311 0.451320650987327 0.472918699185053 0.448053362468878 0.478905871510506 0.502604616315741 0.504018255892922 0.411131996661425 0.493748101405799 0.491987966001034 0.518875989843817 0.518926794038099 0.478004347532988
-9999 -9999 -9999 -9999 -9999 -9999 -9999 -9999 -9999 -9999 -9999 -9999 -9999 -9999 -9999 -9999 -9999 -9999 -9999 -9999 2.0882051881824 1.64123427867889 1.73369481733867 1.35782409565789 1.12891649774143 1.10736800091607 0.871675831930978 0.795419454574585 0.783920122044427 0.762255319527217 0.737565125737871 0.738288658005851 0.812761074304581 0.81058486700058 0.785978829860687 0.730926734209061 0.62215661767282 0.574908917671756 0.64040249834458 0.671141962210337 0.692343913018703 0.502514479975951 0.592981611981111 0.475441415058939 0.461392425392803 0.513763174414635 0.455118319705913 0.492160719819367 0.483217435888946 0.468193117529154 0.454421753995121 0.459863413321344 0.42946711430947 0.503427998721599 0.507085917145014 0.542120707780123 0.554661838447346 0.531662900658215 0.468619644641876 0.545644417405128 0.520138824979464 0.586686385905041
-9999 -9999 -9999 -9999 -9999 -9999 -9999 -9999 -9999 -9999 -9999 -9999 -9999 -9999 -9999 -9999 -9999 -9999 -9999 2.47702571620112 2.15107717584161 1.75161840635187 1.70106926986149 1.3238080910274 1.73216984101704 1.13828817435673 0.955239721706935 0.803892642259598 0.792587271758488 0.749798591647829 0.740004109484809 0.76307161790984 0.76121284706252 0.745449760130474 0.716041279690606 0.732285958528519 0.637411507964134 0.712656542658806 0.640800502896309 0.584968182444572 0.665730267763138 0.56919456794858 0.540830775350332 0.511571417748928 0.518450856953859 0.520686082541943 0.474102563224733 0.47834730707109 0.467931412160397 0.56977895150582 0.562522148092588 0.566477075219154 0.503172102570534 0.475579677522182 0.487423445284367 0.375736735761166 0.51417472679168 0.522913215681911 0.53362598195672 0.534543717652559 0.514225150644779 0.577162329764927
-9999 -9999 -9999 -9999 -9999 -9999 -9999 -9999 -9999 -9999 -9999 -9999 -9999 -9999 -9999 -9999 -9999 -9999 2.99199472367764 2.61830976079492 1.91123920679092 1.83983325958252 1.43348926305771 1.4486022926867 2.7140218274934 1.30268785357475 1.09859496780804 0.913035878113338 0.801575481891632 0.775607866900308 0.765421807765961 0.759509759289878 0.758850753307343 0.766789210694177 0.732943717922483 0.676071435213089 0.687031943883215 0.66755106151104 0.648933687806129 0.652054214477539 0.664090985059738 0.565730997920036 0.616345998644829 0.617717838287353 0.587368094921112 0.542915666103363 0.558434079090754 0.558039146165053 0.560839292903741 0.560697617630164 0.517343749018276 0.508326412123792 0.495961933583021 0.487358073145151 0.486236723760764 0.494353299339612 0.476549486629665 0.539033192396164 0.530052912980318 0.533721151202917 0.553703430108726 0.552020427770913
-9999 -9999 -9999 -9999 -9999 -9999 -9999 -9999 -9999 -9999 -9999 -9999 -9999 -9999 -9999 -9999 -9999 7.52226962381705 3.03162722289562 2.20424035191536 1.64236372709274 1.49916046857834 1.25603452324867 1.01088100671768 0.868510276079178 0.810480773448944 1.28466726626669 1.15659222006798 0.964299406324114 0.886929235288075 0.829815668719156 0.79570221049445 0.799052481140409 0.815506811652865 0.784717312880925 0.72318181182657 0.710591241717339 0.6680712806327 0.696873000264168 0.698846307396889 0.705202710628509 0.678743663430214 0.654371237754822 0.640746656060219 0.588477339595556 0.578023201972246 0.509137496352196 0.57407437513272 0.559762803465128 0.572753152996302 0.490438552463756 0.540333574265242 0.550275456905365 0.56489689797163 0.533960176259279 0.506930141150951 0.520207206408183 0.539891839027405 0.521271134416262 0.546826373040676 0.5516854763031 0.540496932440682
-9999 -9999 -9999 -9999 -9999 -9999 -9999 -9999 -9999 -9999 -9999 -9999 -9999 -9999 -9999 -9999 -9999 -9999 -9999 2.01221733167768 1.85893785953522 1.43866473436356 1.17784151434898 1.07991674542427 0.984540283679962 0.928156018257141 0.891423016786575 2.36760303803853 0.992415419646672 0.951242974826268 0.884926838534219 0.945161678961345 0.904719765697207 0.880015790462494 0.829156841550555 0.7919582426548 0.732375945363726 0.698428720235825 0.750057592988014 0.762411630153656 0.739260050654411 0.72458244562149 0.713646554946899 0.712386730313301 0.699014722555876 0.555824965238571 0.603391429781914 0.584694419056177 0.522473802790046 0.518215069547296 0.50081798247993 0.576193682849407 0.588352885097265 0.579708579182625 0.557035877555609 0.537540348619223 0.507341789702574 0.529036449889342 0.55562337487936 0.53989252448082 0.579546524584293 0.585000825673342
-9999 -9999 -9999 -9999 -9999 -9999 -9999 -9999 -9999 -9999 -9999 -9999 -9999 -9999 -9999 11.4629740281539 12.8830758891455 5.7927891554371 1.33351681913648 1.34133361918586 1.32674161025456 1.21695009725434 1.09928575158119 1.05015793868474 0.977051496505737 0.896047502756119 0.820918723940849 0.792301774024963 1.08697374803679 1.05193275638989 0.880576410463878 0.974320484059198 0.925509721040726 0.973012677260808 0.870455375739506 0.797447255679539 0.75655614903995 0.714731914656503 0.686004734465054 0.720081772123064 0.697941650237356 0.770801651477814 0.575177839712093 0.559399333439375 0.665107519179583 0.639693541824818 0.697349352389574 0.572183682583272 0.546084428206086 0.543379261158407 0.574991787225008 0.587575551867485 0.562431472043196 0.564550253252188 0.565227444469929 0.581730640679598 0.584389507770538 0.578824988007546 0.513214545945327 0.576118920743465 0.487899755961017 0.593628752231598
-9999 -9999 -9999 -9999 -9999 -9999 -9999 -9999 -9999 -9999 35.2986888885498 35.2986888885498 13.7248649597168 8.93030261993408 2.67540796101093 1.5423909340586 1.62798196077347 1.64336941071919 1.7067084482738 2.22318521887064 1.27725549255099 1.17369128976549 1.05448552966118 1.33991322666407 0.970617771148682 0.912556767463684 0.835620000958443 0.977088868618011 0.910932310989925 0.90321997659547 0.890834148441042 0.849458251680647 0.863475846392768 0.878435547862734 0.86583183492933 0.792358198336193 0.757330911500113 0.835350560290473 0.760465277092798 0.746073220457349 0.749138666050775 0.667280532811817 0.584454711745767 0.596818235867164 0.642060947261359 0.594484308734536 0.746822468498174 0.654391815557199 0.640491167412085 0.531576531628768 0.474643489718437 0.565918305516243 0.556644942830591 0.597023134678602 0.555248069266478 0.587546927233537 0.638943450897932 0.64287988319993 0.624624033272266 0.664227562792161 0.661054780378061 0.653440228279899
-9999 -9999 -9999 -9999 -9999 -9999 -9999 -9999 -9999 -9999 35.2986888885498 5.0190167427063 5.97668744623661 4.33503015339375 3.9475110322237 3.84605102241039 4.07740639150143 8.77760607004166 8.95554783586228 9.8675964805815 2.66176861524582 1.32826799154282 1.15531447529793 0.927999764680862 1.00674173235893 0.96560075879097 0.92364826798439 0.770608231425285 0.811275228857994 0.798146232962608 0.840921878814697 0.75968411564827 0.774851675544466 0.81820690206119 0.810601741075516 0.80434062225478 0.785849434988839 0.765093071120126 0.79389557668141 0.748270952275821 0.81964179447719 0.819889809404101 0.935855716466904 0.649238132378634 0.725474760720604 0.570051744580269 0.53030726313591 0.471751496195793 0.55163265607859 0.445973919594989 0.63930169449133 0.601661463870722 0.608973631087471 0.530774530023336 0.512159988284111 0.659119699895382 0.738633978892775 0.676409938931465 0.66624626429642 0.696949508260278 0.645940969095511 0.630290297900929
-9999 -9999 -9999 -9999 -9999 -9999 -9999 -9999 -9999 -9999 -9999 -9999 16.09685754776 10.0796939992905 5.96286106109619 6.07538562235625 -9999 -9999 -9999 -9999 -9999 -9999 2.22989004850388 1.21391248703003 0.945508480072021 0.833013981580734 1.02640473842621 1.23231112584472 0.900508970022202 0.905590265989304 0.744240122182029 0.731155591351645 0.741447137934821 0.753123751708439 0.735291442700795 0.737202644348145 0.715870576245444 0.717658485685076 0.675771225775991 0.6325424015522 0.620660362499101 0.598289123603276 0.605540775826999 0.653270920738578 0.695137023925781 0.601354479789734 0.556085243821144 0.494246989488602 0.452916756272316 0.423874497413635 0.538237038999796 0.614460926502943 0.609603764489293 0.58158721961081 0.541072223335505 0.405428245663643 0.500188400968909 0.519307125359774 0.555734446272254 0.56587621383369 0.550759138539433 0.536505544558167
-9999 -9999 -9999 -9999 -9999 -9999 -9999 -9999 -9999 -9999 -9999 -9999 -9999 16.6274771690369 16.6274771690369 16.6274771690369 -9999 -9999 -9999 -9999 -9999 -9999 4.94490551948547 4.94490551948547 4.94490551948547 0.308659605681896 1.22501727938652 2.32901684939861 1.7099614739418 1.99713523685932 1.05981225626809 0.785957170384271 0.78522783943585 0.7516741837774 0.744390223707472 0.739937897239413 0.722974828311375 0.662429368921689 0.660134764654296 0.634111493825912 0.610228721584593 0.606569230556488 0.558339861886842 0.664710262790322 0.569067740014621 0.611537754535675 0.586332738399506 0.575588226318359 0.530605986714363 0.654288382906663 0.580231044441462 0.590052830055356 0.681247131898999 0.613425940275192 0.551427572965622 0.581723340247807 0.57183647312616 0.571593239119178 0.586949072778225 0.571045322343707 0.564391187931362 0.523673542236027
-9999 -9999 -9999 -9999 -9999 -9999 -9999 -9999 -9999 -9999 -9999 -9999 -9999 -9999 -9999 -9999 -9999 -9999 -9999 -9999 -9999 -9999 -9999 -9999 -9999 -9999 9.11157050440388 2.54718992114067 2.25009548664093 1.90548265725374 1.36230373382568 0.930135867425374 0.908122160605022 0.85937739270074 0.756688956703458 0.737355402537755 0.718832795109068 0.680250214678901 0.652370887143271 0.628308975270816 0.606652289628983 0.594431340694427 0.556608006358147 0.610736872468676 0.558950683900288 0.563286006450653 0.498116508126259 0.557320266962051 0.570023745298386 0.544987991452217 0.530017003417015 0.501608912433897 0.616425155809051 0.616987549160656 0.601136912640772 0.48898893419434 0.470795773407992 0.500302255153656 0.56548416188785 0.558596779193197 0.565788107258933 0.565307685307094
-9999 -9999 -9999 -9999 -9999 -9999 -9999 -9999 -9999 -9999 -9999 -9999 -9999 -9999 -9999 -9999 -9999 -9999 -9999 -9999 -9999 -9999 -9999 -9999 -9999 -9999 -9999 3.86485399376778 2.52089598029852 1.56085497140884 1.75175411786352 1.49524689572198 1.21922355038779 1.00684521879469 0.864419332572392 0.813841185399464 0.745626875332424 0.680211316261973 0.641681473170008 0.642764996205057 0.612046914441245 0.588241268481527 0.564852112105914 0.591875693627766 0.588439292141369 0.529977262020111 0.491181507706642 0.506750494241714 0.532830238342285 0.547150760889053 0.534464240074158 0.498935744166374 0.513604506850243 0.510408759117126 0.433303251862526 0.526793429080178 0.501245286903883 0.530128812319354 0.640788835287094 0.655890789628029 0.557789344872747 0.571368334548814
