EcologicalScience/Bass/data/rs_data_bass/chl_293.asc
NCOLS 226 
NROWS 124 
XLLCORNER -9.41648524995501 
YLLCORNER 47.587301625531 
CELLSIZE 0.0833 
NODATA_value -9999 
[rows 0 to 26 of 124, columns 62 to 123 of 226]
-9999 -9999 -9999 -9999 -9999 -9999 -9999 -9999 -9999 -9999 -9999 -9999 -9999 -9999 -9999 -9999 -9999 -9999 -9999 -9999 -9999 -9999 -9999 -9999 -9999 -9999 -9999 -9999 -9999 -9999 -9999 -9999 -9999 -9999 -9999 -9999 -9999 -9999 -9999 -9999 -9999 -9999 -9999 -9999 -9999 -9999 -9999 -9999 -9999 -9999 -9999 -9999 -9999 -9999 -9999 -9999 -9999 -9999 -9999 -9999 -9999 -9999
-9999 -9999 -9999 -9999 -9999 -9999 -9999 -9999 -9999 -9999 -9999 -9999 -9999 -9999 -9999 -9999 -9999 -9999 -9999 -9999 -9999 -9999 -9999 -9999 -9999 -9999 -9999 -9999 -9999 -9999 -9999 -9999 -9999 -9999 -9999 -9999 -9999 -9999 -9999 -9999 -9999 -9999 -9999 -9999 -9999 -9999 -9999 -9999 -9999 -9999 -9999 -9999 -9999 -9999 -9999 -9999 -9999 -9999 -9999 -9999 -9999 -9999
-9999 -9999 -9999 -9999 -9999 -9999 -9999 -9999 -9999 -9999 -9999 -9999 -9999 -9999 -9999 -9999 -9999 -9999 -9999 -9999 -9999 -9999 -9999 -9999 -9999 -9999 -9999 -9999 -9999 -9999 -9999 -9999 -9999 -9999 -9999 -9999 -9999 -9999 -9999 -9999 -9999 -9999 -9999 -9999 -9999 -9999 -9999 -9999 -9999 -9999 -9999 -9999 -9999 -9999 -9999 -9999 -9999 -9999 -9999 -9999 -9999 -9999
-9999 -9999 -9999 -9999 -9999 -9999 -9999 -9999 -9999 -9999 -9999 -9999 -9999 -9999 -9999 -9999 -9999 -9999 -9999 -9999 -9999 -9999 -9999 -9999 -9999 -9999 -9999 -9999 -9999 -9999 -9999 -9999 -9999 -9999 -9999 -9999 -9999 -9999 -9999 -9999 -9999 -9999 -9999 -9999 -9999 -9999 -9999 -9999 -9999 -9999 -9999 -9999 -9999 -9999 -9999 -9999 -9999 -9999 -9999 -9999 -9999 -9999
-9999 -9999 -9999 -9999 -9999 -9999 -9999 -9999 -9999 -9999 -9999 -9999 -9999 -9999 -9999 -9999 -9999 -9999 -9999 -9999 -9999 -9999 -9999 -9999 -9999 -9999 -9999 -9999 -9999 -9999 -9999 -9999 -9999 -9999 -9999 -9999 -9999 -9999 -9999 -9999 -9999 -9999 -9999 -9999 -9999 -9999 -9999 -9999 -9999 -9999 -9999 -9999 -9999 -9999 -9999 -9999 -9999 -9999 -9999 -9999 -9999 -9999
-9999 -9999 -9999 -9999 -9999 -9999 -9999 -9999 -9999 -9999 -9999 -9999 -9999 -9999 -9999 -9999 -9999 -9999 -9999 -9999 -9999 -9999 -9999 -9999 -9999 -9999 -9999 -9999 0.63735419511795 1.12263176834931 1.64420020580292 1.4529817700386 2.14739549160004 1.03281971812248 1.14600223302841 1.54263979196548 1.4407342672348 1.50277644395828 1.74707168340683 1.84385097026825 1.96924120187759 2.1936576962471 2.45446801185608 2.61705154180527 2.77880698442459 2.70267981290817 2.03431570529938 1.72411197423935 1.49143946170807 1.26094570755959 1.19206872582436 1.27577322721481 1.24737221002579 1.18543347716331 1.18507128953934 1.24080222845078 1.2967050075531 1.45411196351051 1.26315075159073 1.40625151991844 1.64383882284164 1.77589881420135
-9999 -9999 -9999 -9999 -9999 -9999 -9999 -9999 -9999 -9999 -9999 -9999 -9999 -9999 -9999 -9999 -9999 -9999 -9999 -9999 -9999 -9999 -9999 -9999 -9999 -9999 1.18186515569687 1.0627324283123 2.88502353429794 1.92293626070023 1.44566175341606 1.17135527729988 5.61047387123108 2.03672468662262 1.45790174603462 1.66273123025894 1.84050750732422 2.1758040189743 1.38021746277809 1.3823145031929 1.57858568429947 1.73474317789078 1.69297420978546 1.89791393280029 1.96981644630432 2.04012966156006 1.89866030216217 1.82769441604614 1.59908616542816 1.29695096611977 1.2851055264473 1.29899623990059 1.19219103455544 1.06536671519279 1.00987502932549 1.13337448239326 1.16222476959229 1.19362127780914 1.56248706579208 1.97308570146561 1.96065294742584 1.77994054555893
-9999 -9999 -9999 -9999 -9999 -9999 -9999 -9999 -9999 -9999 -9999 -9999 -9999 -9999 -9999 -9999 -9999 -9999 -9999 -9999 -9999 -9999 -9999 -9999 -9999 -9999 1.18186515569687 2.85182404518127 2.43966007232666 1.61481893062592 2.44553929567337 2.65384268760681 1.20208051800728 1.24821898341179 4.49585688114166 3.92606914043427 1.84540808200836 1.70033919811249 1.33191901445389 1.12299898266792 1.26516446471214 1.41065695881844 1.35933449864388 1.63009732961655 1.76394456624985 1.33462053537369 1.19539350271225 1.13856303691864 1.12615647912025 1.17657753825188 1.18156349658966 1.04465022683144 0.845637023448944 0.924185246229172 1.01984247565269 0.914918214082718 1.19106602668762 1.77319496870041 1.96044605970383 2.02762717008591 1.7489572763443 1.67968958616257
-9999 -9999 -9999 -9999 -9999 -9999 -9999 -9999 -9999 -9999 -9999 -9999 -9999 -9999 -9999 -9999 -9999 -9999 -9999 -9999 -9999 -9999 -9999 -9999 -9999 -9999 3.02291393280029 2.2246949672699 1.69584292173386 1.64346599578857 2.56335157155991 2.60711932182312 1.96032518148422 3.60449481010437 1.76125431060791 1.2695204615593 1.18059450387955 1.20523497462273 1.15226179361343 1.00074523687363 0.771158248186111 0.786439508199692 0.950534284114838 1.25598299503326 1.51107305288315 0.818106025457382 0.749777242541313 0.77929499745369 0.926542460918427 1.03348875045776 1.31456395983696 1.22306102514267 1.21912577748299 1.59835946559906 1.72001177072525 1.69312280416489 1.88086581230164 2.32100701332092 2.45862972736359 2.03564858436584 1.86686021089554 1.76117545366287
-9999 -9999 -9999 -9999 -9999 -9999 -9999 -9999 -9999 -9999 -9999 -9999 -9999 -9999 -9999 -9999 -9999 -9999 -9999 -9999 -9999 -9999 -9999 -9999 -9999 1.19121462106705 2.1128745675087 1.7885924577713 1.98419630527496 1.62903302907944 1.44367575645447 1.65963596105576 2.26419603824615 1.77953106164932 1.28828474879265 1.80197167396545 1.46204620599747 0.866338491439819 0.698750987648964 0.845060974359512 0.896966278553009 0.868003517389297 0.986810982227325 0.993061512708664 1.00825425982475 0.790224015712738 0.735993012785912 0.833673745393753 1.16193151473999 1.69235855340958 2.07317769527435 2.2974396944046 2.39703154563904 2.60701507329941 2.21318632364273 2.06841230392456 2.03403604030609 1.84706246852875 1.80512702465057 1.85537105798721 1.73994594812393 1.45272678136826
-9999 -9999 -9999 -9999 -9999 -9999 -9999 -9999 -9999 -9999 -9999 -9999 -9999 -9999 -9999 -9999 -9999 -9999 -9999 -9999 -9999 -9999 -9999 -9999 -9999 2.80002003908157 2.46728771924973 1.47872024774551 1.39926078915596 1.00099128484726 0.864127457141876 0.897894769906998 1.00991696119308 1.01123249530792 1.43811598420143 1.61037003993988 1.08162152767181 1.01127371191978 0.76757401227951 0.69310350716114 0.742420479655266 0.674909994006157 0.695536494255066 0.736136242747307 0.915944248437881 0.768572241067886 0.723121494054794 0.794408977031708 1.10586601495743 1.69306272268295 2.16073876619339 2.22433269023895 2.36163908243179 2.29571843147278 1.8282682299614 1.64258104562759 1.62958341836929 1.42920076847076 1.1671139895916 1.39248526096344 1.4610487818718 1.07645854353905
-9999 -9999 -9999 -9999 -9999 -9999 -9999 -9999 -9999 -9999 -9999 -9999 -9999 -9999 -9999 -9999 -9999 -9999 -9999 -9999 -9999 -9999 -9999 -9999 1.31647038459778 1.64033031463623 1.12455528974533 0.967131793498993 0.834858030080795 0.735866993665695 0.783551216125488 1.02808123826981 1.24300271272659 1.07736977934837 0.96153599023819 1.12315875291824 0.905508041381836 0.755559772253036 0.669885009527206 0.644397005438805 0.679385259747505 0.698918983340263 0.716714233160019 0.988855540752411 0.962282985448837 0.756936013698578 0.689687266945839 0.889582514762878 1.18475925922394 1.4031877219677 1.61263793706894 1.66855806112289 1.79520446062088 1.81859618425369 1.7910720705986 1.70211231708527 1.55171549320221 1.39541628956795 1.30562245845795 0.873781532049179 1.47279301285744 1.53675073385239
-9999 -9999 -9999 -9999 -9999 -9999 -9999 -9999 -9999 -9999 -9999 -9999 -9999 -9999 -9999 -9999 -9999 -9999 -9999 -9999 -9999 -9999 -9999 1.50594073534012 1.86726826429367 1.30821821093559 1.51508778333664 1.24456948041916 0.957182228565216 0.947348982095718 1.01111322641373 1.31329724192619 1.16754600405693 0.804257959127426 0.746816977858543 0.620383501052856 0.658275738358498 0.726040497422218 0.878318220376968 1.12589174509048 1.16754975914955 0.963623285293579 1.00044375658035 1.02963075041771 0.986620455980301 0.880776733160019 0.794526010751724 1.16218274831772 1.90765196084976 1.81899744272232 1.67730903625488 1.54701000452042 1.45157852768898 1.49257573485374 1.3490309715271 1.28612101078033 1.35668322443962 1.3342447578907 0.857592791318893 1.15359753370285 0.861761212348938 0.838364213705063
-9999 -9999 -9999 -9999 -9999 -9999 -9999 -9999 -9999 -9999 -9999 -9999 -9999 -9999 -9999 -9999 -9999 -9999 -9999 -9999 -9999 -9999 3.09620082378387 16.4243001937866 3.46970701217651 1.14487946033478 1.05611246824265 1.06690201163292 1.18229547142982 1.19925597310066 1.87645429372787 1.81354880332947 1.62229871749878 2.10481202602386 0.789853513240814 0.795263260602951 0.912014275789261 1.42671149969101 2.71806067228317 2.55446702241898 1.25943598151207 1.24900048971176 1.01669928431511 0.920295774936676 0.846419245004654 0.864768773317337 1.71628725528717 1.62004119157791 1.54156869649887 1.55135482549667 1.52664971351624 1.44290176033974 1.4773904979229 1.4084587097168 1.35350999236107 1.16605201363564 1.18630573153496 1.11738002300262 0.961248725652695 0.858851999044418 1.42472326755524 1.39222052693367
-9999 -9999 -9999 -9999 -9999 -9999 -9999 -9999 -9999 -9999 -9999 -9999 -9999 -9999 -9999 -9999 -9999 -9999 -9999 -9999 2.64602583646774 2.18099442618416 2.01816004514694 5.64323616027832 2.51230198144913 0.866753965616226 1.08643797039986 1.0328234732151 1.0324627161026 1.00861877202988 1.14782622456551 1.12446221709251 1.08655652403831 1.26161178946495 1.49312773346901 1.2148657143116 1.07509875297546 1.74499726295471 2.36075466871262 2.88748651742935 2.18012094497681 1.16506201028824 1.06052774190903 1.10907071828842 1.17436721920967 1.33028322458267 2.59421932697296 2.02030581235886 1.54465574026108 1.48480725288391 1.45348727703094 1.45216575264931 1.43645846843719 1.26080551743507 1.00178101658821 0.914609223604202 0.992226004600525 1.00804576277733 0.963237762451172 0.954365283250809 1.36048123240471 0.834425210952759
-9999 -9999 -9999 -9999 -9999 -9999 -9999 -9999 -9999 -9999 -9999 -9999 -9999 -9999 -9999 -9999 -9999 -9999 -9999 -9999 2.24701764287547 4.27187311649323 1.39657124876976 0.997748225927353 1.0507604777813 1.0570642054081 0.996980220079422 0.975128978490829 1.02829501032829 1.02468153834343 1.1774640083313 1.42333576083183 1.17287474870682 0.927170991897583 1.21665447950363 1.33582726120949 1.35806027054787 1.79835444688797 2.51617580652237 2.03071868419647 1.84786945581436 1.22153627872467 1.16754671931267 1.35535803437233 1.31394678354263 1.35171148180962 1.46940824389458 1.42445549368858 1.37489175796509 1.37078028917313 1.18785899877548 1.28999251127243 1.27553477883339 1.19955226778984 1.37366026639938 1.11160129308701 1.48698225617409 1.27993503212929 1.33467829227448 1.38152629137039 1.78894275426865 1.53092479705811
-9999 -9999 -9999 -9999 -9999 -9999 -9999 -9999 -9999 -9999 -9999 -9999 -9999 -9999 -9999 -9999 -9999 -9999 -9999 1.56264746189117 1.2323482632637 1.43146347999573 1.26114901900291 0.994933515787125 1.08759748935699 1.15972870588303 1.03506821393967 1.0105807185173 1.11626547574997 1.13608726859093 1.05807450413704 1.18782672286034 1.27071225643158 1.18229028582573 1.07983347773552 1.03788301348686 1.67472141981125 1.9940721988678 2.40638691186905 2.13645458221436 1.75878828763962 1.3498230278492 0.993221998214722 1.06473076343536 1.19829672574997 1.365473985672 1.34805679321289 1.23170471191406 1.1411437690258 1.19631376862526 1.12644526362419 0.933995246887207 0.994462519884109 1.42437824606895 1.6715669631958 1.77264672517776 1.48410826921463 1.28309923410416 1.01637974381447 1.02188247442245 1.03443673253059 1.2003967165947
-9999 -9999 -9999 -9999 -9999 -9999 -9999 -9999 -9999 -9999 -9999 -9999 -9999 -9999 -9999 -9999 -9999 -9999 4.66534960269928 5.45789086818695 3.82513582706451 2.08944296836853 1.39405050873756 1.14628797769547 1.32225823402405 1.50807291269302 2.03864246606827 2.65015733242035 3.17062962055206 1.53396892547607 1.39588648080826 1.37571001052856 1.67007154226303 1.47462978959084 1.33671900629997 1.42912575602531 1.6390694975853 2.5623471736908 2.64474231004715 3.28254890441895 1.52886074781418 1.14759600162506 0.846663773059845 1.06732723116875 1.28227427601814 1.41248327493668 1.2357405424118 1.01945552229881 0.993791967630386 1.08825221657753 1.08355647325516 1.09389674663544 1.12509825825691 1.18164145946503 1.43658220767975 1.77431631088257 1.33348274230957 1.1647244989872 1.17700123786926 1.1010704934597 0.861189723014832 0.782643735408783
-9999 -9999 -9999 -9999 -9999 -9999 -9999 -9999 -9999 -9999 -9999 -9999 -9999 -9999 -9999 -9999 -9999 26.5943428243516 15.7919325828552 3.38125061988831 1.83020317554474 4.32410180568695 0.953203529119492 0.769551783800125 0.846377223730087 0.9115169942379 2.32584303617477 3.35365426540375 4.1028892993927 1.43786627054214 1.44633302092552 1.66295170783997 1.8578662276268 1.9587128162384 1.96063649654388 1.67391532659531 2.14150196313858 6.25029945373535 5.59221017360687 4.7513655424118 1.33008527755737 1.31696927547455 1.3602029979229 1.3554727435112 1.49865746498108 1.84500896930695 1.44663521647453 1.3271549642086 1.46170797944069 1.37649223208427 1.26846224069595 1.25679078698158 1.07455426454544 0.901632785797119 0.930243015289307 0.9400694668293 1.22106295824051 1.13327774405479 1.06597128510475 0.905654221773148 0.794256716966629 0.78271347284317
-9999 -9999 -9999 -9999 -9999 -9999 -9999 -9999 -9999 -9999 -9999 -9999 -9999 -9999 -9999 -9999 -9999 -9999 -9999 3.38290858268738 1.89632856845856 0.954395234584808 0.754203736782074 0.707862764596939 0.791747957468033 1.08772426843643 1.07035651803017 1.22347649931908 1.46584278345108 1.17610278725624 1.1656439602375 1.20584625005722 1.24322846531868 1.62735217809677 1.77186530828476 1.97757071256638 1.94602507352829 4.14769864082336 4.55135107040405 3.27335786819458 4.01270020008087 6.13539147377014 5.78530561923981 2.55181127786636 1.92353707551956 1.84524071216583 1.84905606508255 1.62270748615265 1.58437567949295 1.39167076349258 1.10478901863098 1.01938346028328 0.907315492630005 0.771285742521286 0.727577269077301 0.819882720708847 1.08299472928047 1.2371977865696 1.32938852906227 1.09617376327515 0.746061757206917 0.737625002861023
-9999 -9999 -9999 -9999 -9999 -9999 -9999 -9999 -9999 -9999 -9999 -9999 -9999 -9999 -9999 14.699930369854 2.7484792470932 1.73713785409927 4.34862291812897 3.27830100059509 1.28864175081253 0.842636972665787 10.50057721138 1.40819621086121 1.85129481554031 2.01296246051788 1.64018923044205 1.56984597444534 1.37782573699951 0.989213973283768 1.06559550762177 1.15682172775269 1.31779271364212 1.53927004337311 1.75474208593369 1.84913170337677 2.29848450422287 2.42907750606537 3.61069858074188 3.32340145111084 5.14128363132477 7.41165018081665 4.6185314655304 2.94790953397751 1.64494568109512 1.6728989481926 1.78353971242905 1.28912553191185 1.24477046728134 1.26098996400833 1.07811677455902 0.915135741233826 0.776187747716904 0.701582998037338 0.621708020567894 0.849429756402969 0.94635146856308 1.22031676769257 1.03568923473358 0.755131512880325 0.612119257450104 0.556734770536423
-9999 -9999 -9999 -9999 -9999 -9999 -9999 -9999 -9999 -9999 35.2986888885498 35.2986888885498 13.7248649597168 4.88901972770691 5.05990433692932 4.48980295658112 5.37319207191467 12.1006779670715 12.9012207984924 11.640293598175 1.37140274047852 1.30816724896431 1.47050473093987 1.15262621641159 1.18100845813751 0.63442499935627 1.72781771421432 1.42427623271942 1.29687675833702 1.06657800078392 1.20079654455185 1.48243278264999 1.6043940782547 1.82716119289398 1.8714165687561 1.6456732749939 2.06343305110931 2.33650571107864 2.8983381986618 1.18112325668335 1.26908621191978 1.45224747061729 1.66496104001999 1.63447880744934 1.60570657253265 1.54316926002502 1.50455403327942 1.38263475894928 1.45369121432304 1.39779371023178 1.13988670706749 0.92619600892067 0.761489242315292 0.651629269123077 0.750864028930664 0.75374847650528 0.759879738092422 0.727473020553589 0.647993266582489 0.546630755066872 0.466187998652458 0.43307326734066
-9999 -9999 -9999 -9999 -9999 -9999 -9999 -9999 -9999 -9999 35.2986888885498 5.84348940438238 5.96774911880493 4.50876080989838 4.2858681678772 3.14110493659973 4.33626759052277 31.1114416122437 4.91161022682001 3.95029765826005 4.50800406932831 2.15832674503326 2.24919158220291 1.83537822961807 1.55153024196625 3.19443511962891 4.0292444229126 2.45654028654099 2.32904702425003 1.92719703912735 2.52859193086624 2.88326543569565 2.93932431936264 2.44688844680786 2.05968296527863 2.08520096540451 2.39995282888412 2.46365708112717 1.86188399791718 1.18024197220802 1.39683374762535 1.63997626304626 1.72056967020035 1.70106375217438 1.57007843255997 1.4848897755146 1.57161605358124 1.52311205863953 1.40641728043556 1.26304721832275 1.2484912276268 1.12299674749374 1.07655528187752 1.13790374994278 1.09849271178246 0.955478221178055 0.832523971796036 0.734828263521194 0.649488016963005 0.514166995882988 0.433913245797157 0.430361241102219
-9999 -9999 -9999 -9999 -9999 -9999 -9999 -9999 -9999 -9999 -9999 -9999 6.04416426197513 5.12679290771484 6.18662595748901 6.21111580303737 -9999 -9999 -9999 -9999 -9999 -9999 3.19405496120453 3.06797933578491 35.7769460678101 12.8238530158997 13.7188925743103 4.47066736221313 1.32990753650665 2.29073631763458 6.28484559059143 4.76057553291321 4.33108735084534 4.47676885128021 5.83097326755524 5.41943192481995 4.48026287555695 4.30238342285156 3.46797144412994 1.58717930316925 1.60051202774048 1.46654704213142 1.43592077493668 1.55871444940567 1.27943024039268 1.30519652366638 1.50584775209427 1.61118453741074 1.60196703672409 1.50262570381165 1.36551448702812 1.45235851407051 1.45031851530075 1.46009927988052 1.29660826921463 1.03318950533867 0.760748237371445 0.570371255278587 0.471022501587868 0.499979987740517 0.561791270971298 0.583686009049416
-9999 -9999 -9999 -9999 -9999 -9999 -9999 -9999 -9999 -9999 -9999 -9999 -9999 16.6274771690369 16.6274771690369 16.6274771690369 -9999 -9999 -9999 -9999 -9999 -9999 4.94490551948547 4.94490551948547 4.94490551948547 0.308659605681896 10.2979490160942 7.45879501104355 1.41715353727341 1.75830441713333 1.30625626444817 8.67621302604675 1.80593329668045 2.34910655021667 2.33601522445679 4.03844618797302 3.46225583553314 1.2912600338459 1.43822103738785 1.32976350188255 1.16790452599525 1.20309528708458 0.968980461359024 0.979388236999512 0.972076535224915 0.931746751070023 1.22116720676422 1.25549697875977 1.3440899848938 1.40968796610832 1.36882576346397 1.35619121789932 1.34657773375511 1.38480153679848 1.39520627260208 1.25780475139618 1.69322919845581 1.80627751350403 2.36392343044281 3.93448877334595 0.993974983692169 1.22865825891495
-9999 -9999 -9999 -9999 -9999 -9999 -9999 -9999 -9999 -9999 -9999 -9999 -9999 -9999 -9999 -9999 -9999 -9999 -9999 -9999 -9999 -9999 -9999 -9999 -9999 -9999 2.15018602298654 50.3457984924316 2.8577002286911 2.03019976615906 1.73568749427795 0.929357975721359 1.5774022936821 1.73298078775406 1.86900383234024 2.09499979019165 2.38488757610321 1.98112195730209 1.49061825871468 1.19065797328949 1.11933901906013 1.12754926085472 1.20500546693802 1.25599497556686 1.15446978807449 1.05682575702667 1.04949304461479 1.14140546321869 1.29486376047134 1.32339003682137 1.36577850580215 1.6318364739418 1.66735804080963 1.72145175933838 1.57941824197769 2.83103406429291 4.08374011516571 5.898890376091 4.00180292129517 4.37198173999786 2.38387423753738 1.87406176328659
-9999 -9999 -9999 -9999 -9999 -9999 -9999 -9999 -9999 -9999 -9999 -9999 -9999 -9999 -9999 -9999 -9999 -9999 -9999 -9999 -9999 -9999 -9999 -9999 -9999 -9999 -9999 3.60523587465286 5.78158414363861 2.70488923788071 2.6737664937973 1.66156196594238 1.85163670778275 2.23577624559402 2.67173105478287 3.24686694145203 3.18485927581787 2.18246841430664 1.72777658700943 1.06907477974892 1.42345878481865 2.0844486951828 1.88815051317215 1.76060092449188 1.52221655845642 1.40374499559402 1.51000946760178 2.6737477183342 3.14582848548889 2.29948192834854 1.65764701366425 1.62706571817398 1.51562994718552 1.67891925573349 2.35027796030045 5.63245797157288 8.45643353462219 7.44385242462158 7.88183498382568 5.25984442234039 3.45280337333679 1.52877455949783
