EcologicalScience/Bass/data/rs_data_bass/chl_205.asc
NCOLS 226 
NROWS 124 
XLLCORNER -9.41648524995501 
YLLCORNER 47.587301625531 
CELLSIZE 0.0833 
NODATA_value -9999 
[rows 0 to 26 of 124, columns 62 to 123 of 226]
-9999 -9999 -9999 -9999 -9999 -9999 -9999 -9999 -9999 -9999 -9999 -9999 -9999 -9999 -9999 -9999 -9999 -9999 -9999 -9999 -9999 -9999 -9999 -9999 -9999 -9999 -9999 -9999 -9999 -9999 -9999 -9999 -9999 -9999 -9999 -9999 -9999 -9999 -9999 -9999 -9999 -9999 -9999 -9999 -9999 -9999 -9999 -9999 -9999 -9999 -9999 -9999 -9999 -9999 -9999 -9999 -9999 -9999 -9999 -9999 -9999 -9999
-9999 -9999 -9999 -9999 -9999 -9999 -9999 -9999 -9999 -9999 -9999 -9999 -9999 -9999 -9999 -9999 -9999 -9999 -9999 -9999 -9999 -9999 -9999 -9999 -9999 -9999 -9999 -9999 -9999 -9999 -9999 -9999 -9999 -9999 -9999 -9999 -9999 -9999 -9999 -9999 -9999 -9999 -9999 -9999 -9999 -9999 -9999 -9999 -9999 -9999 -9999 -9999 -9999 -9999 -9999 -9999 -9999 -9999 -9999 -9999 -9999 -9999
-9999 -9999 -9999 -9999 -9999 -9999 -9999 -9999 -9999 -9999 -9999 -9999 -9999 -9999 -9999 -9999 -9999 -9999 -9999 -9999 -9999 -9999 -9999 -9999 -9999 -9999 -9999 -9999 -9999 -9999 -9999 -9999 -9999 -9999 -9999 -9999 -9999 -9999 -9999 -9999 -9999 -9999 -9999 -9999 -9999 -9999 -9999 -9999 -9999 -9999 -9999 -9999 -9999 -9999 -9999 -9999 -9999 -9999 -9999 -9999 -9999 -9999
-9999 -9999 -9999 -9999 -9999 -9999 -9999 -9999 -9999 -9999 -9999 -9999 -9999 -9999 -9999 -9999 -9999 -9999 -9999 -9999 -9999 -9999 -9999 -9999 -9999 -9999 -9999 -9999 -9999 -9999 -9999 -9999 -9999 -9999 -9999 -9999 -9999 -9999 -9999 -9999 -9999 -9999 -9999 -9999 -9999 -9999 -9999 -9999 -9999 -9999 -9999 -9999 -9999 -9999 -9999 -9999 -9999 -9999 -9999 -9999 -9999 -9999
-9999 -9999 -9999 -9999 -9999 -9999 -9999 -9999 -9999 -9999 -9999 -9999 -9999 -9999 -9999 -9999 -9999 -9999 -9999 -9999 -9999 -9999 -9999 -9999 -9999 -9999 -9999 -9999 -9999 -9999 -9999 -9999 -9999 -9999 -9999 -9999 -9999 -9999 -9999 -9999 -9999 -9999 -9999 -9999 -9999 -9999 -9999 -9999 -9999 -9999 -9999 -9999 -9999 -9999 -9999 -9999 -9999 -9999 -9999 -9999 -9999 -9999
-9999 -9999 -9999 -9999 -9999 -9999 -9999 -9999 -9999 -9999 -9999 -9999 -9999 -9999 -9999 -9999 -9999 -9999 -9999 -9999 -9999 -9999 -9999 -9999 -9999 -9999 -9999 -9999 0.63735419511795 0.931986989874909 1.43354058265686 1.09446224570274 0.979715242981911 0.805111527442932 0.819025486707687 0.811701714992523 0.836560517549515 0.920424789190292 1.26886609196663 1.41026750206947 1.37619477510452 1.14659902453423 0.938063710927963 0.870271235704422 0.701019734144211 0.652651503682137 0.743590503931046 0.733483240008354 0.720633998513222 0.702593013644218 0.648678243160248 0.580686762928963 0.612039491534233 0.612227261066437 0.61777076125145 0.59766773879528 0.597235754132271 0.573392257094383 0.463413745164871 0.43785148859024 0.41211149096489 0.405547507107258
-9999 -9999 -9999 -9999 -9999 -9999 -9999 -9999 -9999 -9999 -9999 -9999 -9999 -9999 -9999 -9999 -9999 -9999 -9999 -9999 -9999 -9999 -9999 -9999 -9999 -9999 1.18186515569687 1.0627324283123 1.38493372499943 1.16327072679996 1.2246897646359 0.802390372753143 0.503836512565613 0.645060762763023 0.888797968626022 1.07363623380661 1.22793298959732 0.972173988819122 1.65511313080788 1.5053927898407 0.856816470623016 1.22187072038651 1.14647001028061 1.21489802002907 1.07605922222137 0.693300738930702 0.693299263715744 0.749531015753746 0.548074498772621 0.53567473590374 0.51274573802948 0.532672494649887 0.525113984942436 0.532251745462418 0.607316508889198 0.586948499083519 0.567037254571915 0.509309008717537 0.50569674372673 0.448502987623215 0.394106268882751 0.455809742212295
-9999 -9999 -9999 -9999 -9999 -9999 -9999 -9999 -9999 -9999 -9999 -9999 -9999 -9999 -9999 -9999 -9999 -9999 -9999 -9999 -9999 -9999 -9999 -9999 -9999 -9999 1.18186515569687 1.47166693210602 1.05110096931458 0.812499493360519 0.729274243116379 1.12013199925423 1.27954606711864 1.26116475462914 1.15745401382446 1.21640548110008 1.44296845793724 1.20538946986198 1.01395502686501 1.56149666011333 0.944830477237701 1.36652854084969 1.3563004732132 1.4460514485836 0.780239224433899 0.661391258239746 0.668673768639565 0.798181772232056 0.753162488341331 0.476493760943413 0.446180999279022 0.45992548763752 0.578559502959251 0.545741751790047 0.52945750951767 0.533569738268852 0.52342601120472 0.368621997535229 0.492071494460106 0.484898254275322 0.481510013341904 0.485009998083115
-9999 -9999 -9999 -9999 -9999 -9999 -9999 -9999 -9999 -9999 -9999 -9999 -9999 -9999 -9999 -9999 -9999 -9999 -9999 -9999 -9999 -9999 -9999 -9999 -9999 -9999 2.62810510396957 1.43258212506771 0.817638784646988 0.701448753476143 1.59412197768688 1.59204983711243 1.19299721717834 2.22696143388748 2.01647847890854 1.71632927656174 1.92217952013016 2.0692897439003 2.11736172437668 2.11905008554459 1.13479842245579 1.15925254672766 1.25020730495453 1.27279722690582 1.03238749504089 0.88636901974678 0.836184978485107 0.794214755296707 0.729935750365257 0.697639271616936 0.674693986773491 0.625917732715607 0.583804741501808 0.57515424489975 0.579562738537788 0.578386232256889 0.536400258541107 0.352394253015518 0.473569244146347 0.462657995522022 0.460577242076397 0.458515241742134
-9999 -9999 -9999 -9999 -9999 -9999 -9999 -9999 -9999 -9999 -9999 -9999 -9999 -9999 -9999 -9999 -9999 -9999 -9999 -9999 -9999 -9999 -9999 -9999 -9999 1.19121462106705 4.32828845296587 1.6298041343689 1.04015251994133 1.65192532539368 1.24640098214149 1.31801176071167 1.8253281712532 2.46319502592087 2.26687574386597 2.2754123210907 2.22635632753372 2.27838295698166 2.41312873363495 2.32108050584793 2.36197274923325 2.49427127838135 0.937996856868267 0.826082624495029 0.942710980772972 0.917542025446892 0.889123499393463 0.830312222242355 0.766175970435143 0.775685250759125 0.691169992089272 0.632388487458229 0.626934260129929 0.62702850997448 0.602382749319077 0.573553249239922 0.53032174706459 0.458126999437809 0.456068746745586 0.482851006090641 0.496971994638443 0.487836003303528
-9999 -9999 -9999 -9999 -9999 -9999 -9999 -9999 -9999 -9999 -9999 -9999 -9999 -9999 -9999 -9999 -9999 -9999 -9999 -9999 -9999 -9999 -9999 -9999 -9999 5.52478337287903 6.80886008058276 1.9482307434082 1.58403825759888 2.07434624433517 3.99536776542664 1.86920392513275 1.51450270414352 1.66597133874893 2.49299544095993 2.51179647445679 2.65241324901581 2.35691553354263 2.54051631689072 2.69414842128754 2.52982431650162 2.57885545492172 1.09612727165222 0.862459883093834 1.00208525359631 0.96358023583889 0.955769017338753 0.81615324318409 0.758197471499443 0.717476978898048 0.672001972794533 0.64088997989893 0.610749997198582 0.611056745052338 0.571965254843235 0.541880995035172 0.53856548666954 0.511593490839005 0.514790996909142 0.522363990545273 0.507567495107651 0.506624519824982
-9999 -9999 -9999 -9999 -9999 -9999 -9999 -9999 -9999 -9999 -9999 -9999 -9999 -9999 -9999 -9999 -9999 -9999 -9999 -9999 -9999 -9999 -9999 -9999 1.31647038459778 4.31167328357697 1.40910673141479 1.54078048467636 1.64651021361351 1.96273353695869 1.60295471549034 1.4147512614727 0.917234659194946 1.68028128147125 2.1947625875473 2.88346570730209 2.67084145545959 3.05648553371429 2.97064805030823 2.89941823482513 2.64106428623199 2.56270641088486 2.58548176288605 1.31872822344303 1.06867548823357 0.903022274374962 0.872577756643295 0.819314241409302 0.718075513839722 0.662641257047653 0.64242647588253 0.611311763525009 0.621632970869541 0.658701255917549 0.611807242035866 0.353527508676052 0.338746502995491 0.292439259588718 0.315544500946999 0.296529740095139 0.477858513593674 0.301680006086826
-9999 -9999 -9999 -9999 -9999 -9999 -9999 -9999 -9999 -9999 -9999 -9999 -9999 -9999 -9999 -9999 -9999 -9999 -9999 -9999 -9999 -9999 -9999 1.50594073534012 2.17638082802296 2.22912754118443 1.91696405410767 1.91099470853806 0.666993007063866 0.620735988020897 0.652340233325958 0.610028252005577 1.2889252603054 2.56470447778702 2.50679558515549 2.14370781183243 2.31803619861603 2.55668324232101 2.30271220207214 2.67582446336746 3.01721835136414 2.42529308795929 2.03824871778488 1.4177980273962 0.950421005487442 0.846882775425911 0.761549010872841 0.728794276714325 0.651604518294334 0.640983000397682 0.636981010437012 0.632382243871689 0.646656483411789 0.643375024199486 0.534863263368607 0.353808760643005 0.33126300573349 0.515068262815475 0.362506493926048 0.322200760245323 0.302335493266582 0.30663974583149
-9999 -9999 -9999 -9999 -9999 -9999 -9999 -9999 -9999 -9999 -9999 -9999 -9999 -9999 -9999 -9999 -9999 -9999 -9999 -9999 -9999 -9999 1.33084116131067 1.41627840697765 10.8340319395065 1.25319448113441 1.42169398069382 1.25230577588081 0.735260233283043 0.689064010977745 1.31037072837353 1.22149837017059 2.20040845870972 2.15060251951218 2.44442242383957 2.63056808710098 2.57956802845001 2.64513230323792 2.7720000743866 1.21767720580101 2.39781528711319 1.02721200883389 0.976323530077934 0.86429126560688 0.850968018174171 0.799213498830795 0.750200241804123 0.699385717511177 0.671770244836807 0.648571275174618 0.671225234866142 0.384128987789154 0.662015751004219 0.658133268356323 0.362309239804745 0.343182742595673 0.572284504771233 0.572314232587814 0.511330500245094 0.266548499464989 0.274617746472359 0.282509252429008
-9999 -9999 -9999 -9999 -9999 -9999 -9999 -9999 -9999 -9999 -9999 -9999 -9999 -9999 -9999 -9999 -9999 -9999 -9999 -9999 2.64602583646774 1.8573044975039 4.22484683990479 2.17935937643051 2.65986379981041 1.24563825130463 1.43777024745941 1.31633403897285 1.28171172738075 1.46296751499176 1.20656675100327 1.40811601281166 1.5918944478035 2.22084903717041 2.67882907390594 2.79472428560257 2.59581077098846 2.28027069568634 1.96689158678055 1.73167204856873 1.83664351701736 0.957273215055466 0.890218779444695 0.824766263365746 0.824761763215065 0.793885722756386 0.80509677529335 0.781217023730278 0.745594248175621 0.677898481488228 0.630522236227989 0.376695021986961 0.393723741173744 0.667554527521133 0.67977848649025 0.701676741242409 0.510425984859467 0.519724130630493 0.501657009124756 0.338704504072666 0.302200511097908 0.308066993951797
-9999 -9999 -9999 -9999 -9999 -9999 -9999 -9999 -9999 -9999 -9999 -9999 -9999 -9999 -9999 -9999 -9999 -9999 -9999 -9999 2.17678901969461 3.21009854972363 0.890325754880905 3.32236906886101 1.33730927109718 1.15258124470711 1.02242696285248 0.848595768213272 0.744352519512177 0.747185245156288 1.24222800135612 1.68254846334457 1.83238273859024 2.07230776548386 2.29029446840286 2.09003698825836 1.6671479344368 1.4291835129261 1.3429020345211 1.73137199878693 1.5161497592926 0.828682988882065 0.793733477592468 0.80646824836731 0.802493259310722 0.842066764831543 0.808801487088203 0.769289240241051 0.719679772853851 0.6370450258255 0.489125266671181 0.6732367426157 0.687173470854759 0.700498521327972 0.677368760108948 0.711892977356911 0.640873745083809 0.369315750896931 0.38704352080822 0.396301478147507 0.341805003583431 0.304146744310856
-9999 -9999 -9999 -9999 -9999 -9999 -9999 -9999 -9999 -9999 -9999 -9999 -9999 -9999 -9999 -9999 -9999 -9999 -9999 1.86079661761011 2.0349330380559 0.973671734333038 1.16958448290825 1.49020501971245 1.88268971443176 1.69697391986847 2.06464791297913 0.928820997476578 0.793674767017365 1.26595196127892 1.57468646764755 1.82083582878113 1.77656096220016 1.66644895076752 1.59030908346176 1.23645374178886 1.25770649313927 1.13151526451111 1.2798712849617 1.26000452041626 1.34126928448677 0.781644970178604 0.775360777974129 0.789350226521492 0.798363775014877 0.782021477818489 0.819580987095833 0.733517736196518 0.661485254764557 0.46330426633358 0.621942013502121 0.66600726544857 0.701887756586075 0.716538518667221 0.667331725358963 0.641625240445137 0.482309997081757 0.397292241454124 0.383240237832069 0.512333005666733 0.503269761800766 0.521570011973381
-9999 -9999 -9999 -9999 -9999 -9999 -9999 -9999 -9999 -9999 -9999 -9999 -9999 -9999 -9999 -9999 -9999 -9999 6.47707915306091 5.66751215457916 1.20374250411987 1.09447351098061 1.30100172758102 1.50109577178955 0.914279222488403 1.0720080435276 1.03427249193192 1.2990637421608 1.61383348703384 1.62252455949783 1.56587255001068 1.47639825940132 1.27190628647804 1.36813196539879 1.16030699014664 0.982902020215988 1.02168595790863 1.15375274419785 1.17719247937202 1.29864603281021 0.774687230587006 0.768552497029305 0.760701969265938 0.757158026099205 1.26834672689438 1.22040599584579 0.733269259333611 0.479947507381439 0.652786001563072 0.638428747653961 0.714117020368576 0.7510095089674 0.717939496040344 0.603399008512497 0.531371489167213 0.528657242655754 0.496120750904083 0.391637250781059 0.395228996872902 0.463393002748489 0.458424009382725 0.448816746473312
-9999 -9999 -9999 -9999 -9999 -9999 -9999 -9999 -9999 -9999 -9999 -9999 -9999 -9999 -9999 -9999 -9999 18.1604612080348 10.5490935891867 4.96417947113514 3.57138785719872 1.15623298287392 0.980844765901566 1.11001199483871 0.879553467035294 1.01642623543739 1.08413100242615 1.5140842795372 1.58812057971954 1.28629571199417 1.14100724458694 1.29385498166084 1.34797051548958 1.23922571539879 1.0499752163887 0.893956482410431 0.820341736078262 0.813394457101822 0.903617978096008 0.885720044374466 0.694241747260094 0.728741005063057 0.756147220730782 0.78380574285984 0.788662999868393 0.742501497268677 0.692094966769218 0.706601768732071 0.708327740430832 0.5460319429636 0.500391295552254 0.461632490158081 0.578575983643532 0.559453994035721 0.554289996623993 0.519524484872818 0.316368006169796 0.318197250366211 0.335585989058018 0.435833498835564 0.432722501456738 0.282215259969234
-9999 -9999 -9999 -9999 -9999 -9999 -9999 -9999 -9999 -9999 -9999 -9999 -9999 -9999 -9999 -9999 -9999 -9999 -9999 4.27322574172701 1.3570042848587 1.51383143663406 0.926045268774033 0.862113028764725 0.792081713676453 1.41821247339249 1.27232703566551 1.08029553294182 1.07791578769684 0.999703466892242 1.16983571648598 0.963338255882263 0.895150512456894 0.863406032323837 0.763917714357376 0.689586728811264 0.671110510826111 0.659828245639801 0.707832008600235 0.730144500732422 0.76467601954937 0.735914990305901 0.6723792552948 0.43733024597168 0.441849768161774 0.801099747419357 0.628203257918358 0.62389649450779 0.601962238550186 0.598842009902 0.413217768073082 0.576074495911598 0.539819985628128 0.551362752914429 0.524899765849113 0.492592498660088 0.343326754868031 0.326065510511398 0.470589004456997 0.33618825674057 0.322831504046917 0.326144993305206
-9999 -9999 -9999 -9999 -9999 -9999 -9999 -9999 -9999 -9999 -9999 -9999 -9999 -9999 -9999 4.26865665808968 6.80365141659248 2.18229125440121 1.17797926068306 1.25115224719048 1.43705329298973 1.14327827095985 0.744521230459213 0.556611746549606 0.615632995963097 0.749912247061729 0.612224981188774 0.565748244524002 0.711490496993065 1.04295971989632 0.987799465656281 0.792422980070114 0.661730244755745 0.595038011670113 0.572047501802444 0.600617229938507 0.583156496286392 0.574690505862236 0.629231259226799 0.658358260989189 0.626892015337944 0.639987006783485 0.670302271842957 0.44710573554039 0.461106017231941 0.760755032300949 0.62941400706768 0.604342013597488 0.546347260475159 0.510689750313759 0.509898006916046 0.504165261983871 0.532214254140854 0.607866004109383 0.384984746575356 0.359055742621422 0.355655997991562 0.342216745018959 0.361482001841068 0.338547751307487 0.325093500316143 0.314664758741856
-9999 -9999 -9999 -9999 -9999 -9999 -9999 -9999 -9999 -9999 35.2986888885498 35.2986888885498 13.7248649597168 2.47842675447464 1.7795752286911 1.4551784992218 1.67510408163071 4.24342046678066 2.34581243991852 1.44334200024605 1.02015379071236 1.0212060213089 1.01716795563698 1.11402520537376 0.68921023607254 0.636041253805161 0.558743253350258 0.578846991062164 0.90927529335022 0.733628980815411 0.843522012233734 0.572485506534576 0.482525244355202 0.503970757126808 0.522707998752594 0.522710993885994 0.530542507767677 0.497646734118462 0.54008249938488 0.600380256772041 0.683691009879112 0.784924507141113 0.679066255688667 0.653804749250412 0.646597504615784 0.718278497457504 0.644408494234085 0.574588745832443 0.57269249856472 0.567225992679596 0.559398755431175 0.567976266145706 0.363285005092621 0.389142751693726 0.39665624499321 0.389606237411499 0.390612736344337 0.373905010521412 0.374152489006519 0.33890625089407 0.562181487679482 0.475851491093636
-9999 -9999 -9999 -9999 -9999 -9999 -9999 -9999 -9999 -9999 35.2986888885498 5.52604125605689 18.2306137084961 3.33488488197327 3.75266182422638 3.08255410194397 3.05186831951141 2.70987712253224 6.69988414438644 2.17996550833478 0.993016541004181 1.18109554052353 1.33673626184464 0.968539506196976 0.932613730430603 0.564560249447823 0.718881770968437 0.74982824921608 0.690890237689018 0.823652990162373 0.367239005863667 0.405506998300552 0.446735993027687 0.477048754692078 0.523228481411934 0.513381734490395 0.466700255870819 0.438238486647606 0.500877767801285 0.565700992941856 0.717528998851776 0.688782751560211 0.70200426876545 0.65396474301815 0.662695497274399 0.688051000237465 0.669093251228333 0.623142495751381 0.430729508399963 0.426197245717049 0.408041998744011 0.418124243617058 0.42392098903656 0.419736742973328 0.412188738584518 0.405753761529922 0.762304738163948 0.720769762992859 0.408317238092422 0.6781857162714 0.603579983115196 0.310512743890285
-9999 -9999 -9999 -9999 -9999 -9999 -9999 -9999 -9999 -9999 -9999 -9999 10.851974094307 61.8618326663971 41.3945643424988 6.8772056882198 -9999 -9999 -9999 -9999 -9999 -9999 1.70272868871689 1.94544982910156 1.42409777641296 0.876254975795746 1.22223901748657 0.63602851331234 0.60963074862957 0.61769101023674 0.67280700802803 0.857859760522842 0.699266240000725 0.81999671459198 0.67027348279953 0.592402517795563 0.467109739780426 0.417460486292839 0.695500999689102 0.530029490590096 0.560457766056061 0.546642243862152 0.570366010069847 0.580291509628296 0.582932233810425 0.583120256662369 0.592714741826057 0.605711996555328 0.630472764372826 0.40685547888279 0.440351977944374 0.637055248022079 0.637858748435974 0.673193484544754 0.372150756418705 0.421845003962517 0.428184762597084 0.412810519337654 0.392169758677483 0.453252017498016 0.438043490052223 0.407675251364708
-9999 -9999 -9999 -9999 -9999 -9999 -9999 -9999 -9999 -9999 -9999 -9999 -9999 16.6274771690369 16.6274771690369 16.6274771690369 -9999 -9999 -9999 -9999 -9999 -9999 4.94490551948547 4.94490551948547 4.94490551948547 0.308659605681896 5.94071388244629 1.19602346420288 1.05177676677704 0.888017982244492 0.847946226596832 1.0441027879715 0.865701735019684 0.944872498512268 1.20743697881699 0.945602238178253 0.602230489253998 0.612970501184464 0.416823014616966 0.442781254649162 0.523999989032745 0.514228001236916 0.467820510268211 0.477431997656822 0.523302257061005 0.449451729655266 0.45840673148632 0.531943514943123 0.403353005647659 0.434076011180878 0.416401505470276 0.461732268333435 0.455369263887405 0.470651239156723 0.407060265541077 0.417197272181511 0.440677508711815 0.421445980668068 0.427537500858307 0.421572759747505 0.425308495759964 0.43581748008728
-9999 -9999 -9999 -9999 -9999 -9999 -9999 -9999 -9999 -9999 -9999 -9999 -9999 -9999 -9999 -9999 -9999 -9999 -9999 -9999 -9999 -9999 -9999 -9999 -9999 -9999 6.61007814109325 3.29071549326181 2.38572156429291 10.4494657516479 3.89960861206055 3.6443213224411 2.12106907367706 2.01696217060089 1.44307351112366 0.790505290031433 0.660093739628792 0.555135011672974 0.524939998984337 0.438238486647606 0.417448505759239 0.374667003750801 0.388307243585587 0.382935762405396 0.38135701417923 0.383560493588448 0.441289499402046 0.455784738063812 0.435434997081757 0.427940234541893 0.429285764694214 0.450693771243095 0.432607501745224 0.419600263237953 0.439076989889145 0.433511987328529 0.406013265252113 0.427683770656586 0.426404267549515 0.419670760631561 0.419775769114494 0.413228988647461
-9999 -9999 -9999 -9999 -9999 -9999 -9999 -9999 -9999 -9999 -9999 -9999 -9999 -9999 -9999 -9999 -9999 -9999 -9999 -9999 -9999 -9999 -9999 -9999 -9999 -9999 -9999 9.20279834144994 3.65906312316656 21.486385345459 5.44479382038116 6.69909811019897 5.9708776473999 3.22880923748016 1.04117247462273 0.767973035573959 0.696565479040146 0.886279463768005 1.10478901863098 0.576028481125832 0.400199979543686 0.378682494163513 0.375182256102562 0.384875982999802 0.395512506365776 0.390908271074295 0.39726448059082 0.418695017695427 0.420749232172966 0.399642750620842 0.372094497084618 0.380827501416206 0.393810018897057 0.411926999688148 0.406829997897148 0.42493799328804 0.43393349647522 0.448675498366356 0.439395770430565 0.43657198548317 0.42773026227951 0.417335987091064
