EcologicalScience/Bass/data/rs_data_bass/chl_360.asc
NCOLS 226 
NROWS 124 
XLLCORNER -9.41648524995501 
YLLCORNER 47.587301625531 
CELLSIZE 0.0833 
NODATA_value -9999 
[rows 54 to 80 of 124, columns 124 to 185 of 226]
2.73255443572998 2.38624942302704 2.20275592803955 2.4742357134819 2.3875515460968 2.3607285618782 2.57424366474152 2.53815972805023 2.66686356067657 2.64448356628418 2.42599725723267 2.25877279043198 2.2378739118576 1.97654181718826 1.93845301866531 1.90570718050003 1.83022803068161 1.74982273578644 1.8118799328804 1.83315896987915 1.93411642313004 1.94486474990845 1.89837527275085 1.77814042568207 1.75713443756104 1.64671719074249 1.65818470716476 1.75898408889771 2.06421822309494 2.02135652303696 2.07188326120377 2.22086924314499 2.2827360033989 2.17832100391388 2.15598446130753 2.28464251756668 2.29833376407623 2.28273153305054 2.29130333662033 2.21311193704605 2.16325056552887 2.22424042224884 2.23328107595444 1.49728426337242 1.2291367650032 1.28181302547455 1.40293425321579 1.89567518234253 2.71711421012878 3.18201684951782 2.93226903676987 2.49538278579712 3.95980399847031 4.67205013831457 3.58977448940277 3.54770922660828 3.74203491210938 5.39027655666525 13.5893213877807 11.9917762614479 8.29564332962036 -9999
3.15572082996368 2.96974056959152 2.16384816169739 2.23701667785645 2.24809205532074 2.8436279296875 2.732701420784 2.61710107326508 2.37280583381653 2.29245454072952 2.46669673919678 2.32288581132889 2.24797421693802 1.81373780965805 1.81285357475281 1.72953146696091 1.64939779043198 1.67977130413055 1.71487730741501 1.7600040435791 1.79756766557693 1.79243248701096 1.74433350563049 1.70092123746872 1.74664270877838 1.88532757759094 1.99149531126022 2.00612854957581 2.17194592952728 2.09033542871475 2.28468972444534 2.17769318819046 2.25456154346466 2.19065093994141 2.12954771518707 2.26724481582642 2.22124493122101 2.10574346780777 2.08485370874405 2.02574479579926 1.92868727445602 1.67858916521072 1.53599542379379 1.2553942501545 1.42286852002144 1.56956470012665 1.86246299743652 2.35930716991425 3.4267852306366 3.64498364925385 3.313392162323 3.89163365364075 3.8363002538681 6.1124655008316 3.8730890750885 3.91600656509399 10.5720698833466 -9999 -9999 -9999 -9999 -9999
3.14485788345337 2.89688551425934 2.99382680654526 2.54405325651169 2.06974357366562 2.083271920681 2.60265308618546 2.53564131259918 2.29945492744446 2.18362355232239 2.16312217712402 2.20504868030548 2.19554471969604 1.94716501235962 1.93179452419281 1.62730872631073 1.59726530313492 1.49518275260925 1.431057035923 1.57246273756027 1.68556952476501 1.74888753890991 1.88093841075897 1.92555445432663 2.01295047998428 2.22525751590729 2.14198583364487 2.28321307897568 2.19459897279739 2.14607924222946 2.24764198064804 2.31627595424652 2.43106198310852 2.31961208581924 2.22153067588806 2.16816383600235 1.97828471660614 1.99387568235397 1.92037045955658 1.80113250017166 1.81379181146622 1.26623323559761 1.27396720647812 1.59413766860962 1.83158630132675 2.22008407115936 2.53448617458344 3.49221575260162 3.83653961420059 3.15521693229675 3.22882425785065 3.65414786338806 3.98289370536804 10.6370139250884 -9999 -9999 -9999 -9999 -9999 -9999 -9999 -9999
2.93417251110077 2.83036869764328 2.89309501647949 2.63138025999069 1.99280780553818 1.88212805986404 1.95950174331665 2.07722854614258 2.2150177359581 2.30753248929977 2.22237682342529 2.09948766231537 2.24350726604462 2.01872849464417 1.61987632513046 1.62287253141403 1.54837203025818 1.46320796012878 1.5490425825119 1.68887633085251 1.76678395271301 1.73533344268799 1.91366404294968 1.95120602846146 2.10800850391388 2.15211224555969 2.23387044668198 2.21323871612549 2.24376904964447 2.19663155078888 2.31133872270584 2.33555173873901 2.11917078495026 1.97979819774628 2.04414296150208 2.00952529907227 2.04602998495102 1.88473570346832 1.64180481433868 1.81220483779907 1.39505776762962 1.22270321846008 1.42491602897644 1.81457322835922 2.1395902633667 2.38432574272156 2.46688270568848 5.43985698091874 4.92913126945496 3.38424682617188 3.29211902618408 3.10969948768616 2.61126905679703 -9999 -9999 -9999 -9999 -9999 -9999 -9999 -9999 -9999
3.6043267250061 2.6400870680809 2.9155433177948 2.76275628805161 3.09805423021317 2.19842773675919 1.68041557073593 1.96370995044708 1.9567499756813 1.87899523973465 2.21174025535583 2.08486568927765 1.94151216745377 1.87641531229019 1.74477517604828 1.75817477703094 1.68631052970886 1.70947873592377 1.60311073064804 1.70313674211502 1.76984632015228 1.73443722724915 1.71492969989777 2.09330999851227 2.29731971025467 2.23997855186462 2.23545223474503 2.34356170892715 2.29437893629074 2.17529547214508 2.14279049634933 2.04797852039337 1.9045432806015 1.8842625617981 1.88564854860306 1.91788798570633 1.77805119752884 1.86974555253983 1.42331627011299 1.51885832420417 1.36466628313065 1.16277301311493 1.53213518857956 2.04156678915024 2.45133000612259 2.17976403236389 7.65909673950889 15.1490077972412 11.8271605968475 8.2051305770874 6.15810441970825 8.09100019931793 48.0432483054496 -9999 -9999 -9999 -9999 -9999 -9999 -9999 -9999 -9999
-9999 11.7368245124817 8.91656810045242 3.29590129852295 3.39126992225647 2.86887449026108 2.6874908208847 2.06702846288681 2.47854906320572 2.02751469612122 1.59646421670914 2.16044998168945 2.23611831665039 2.1062895655632 1.8497970700264 1.74795895814896 1.81013256311417 1.84734678268433 1.65239399671555 2.28299993276596 1.69659233093262 1.95449924468994 1.99418020248413 1.85148401345525 2.28554552793503 2.16997271776199 2.07121503353119 2.02019619941711 1.98044246435165 1.89861756563187 1.8667026758194 1.82635492086411 1.75920367240906 1.78844100236893 1.77822303771973 1.63547694683075 1.54299974441528 1.46440726518631 1.42428973317146 1.43853977322578 1.14179921150208 1.44320476055145 2.00800502300262 2.75705480575562 3.39675307273865 -9999 8.47762477397919 5.09294960896174 6.51316945552826 8.91371774673462 46.544492994036 50.7945665879683 47.894751906395 35.6668013334274 -9999 -9999 -9999 -9999 -9999 -9999 -9999 -9999
-9999 -9999 -9999 -9999 -9999 2.28387522697449 2.77431607246399 2.41919928789139 1.99588733911514 2.20697772502899 2.58821243047714 1.79414480924606 2.09633553028107 2.16845333576202 2.0341454744339 1.93465876579285 1.81746000051498 1.80529797077179 1.90134519338608 1.77036452293396 2.22437855601311 1.88162283386503 1.91987104501043 1.88168011818613 2.04116320610046 1.96779978275299 1.79571229219437 1.75853991508484 1.82143646478653 1.80330669879913 1.76059716939926 1.73476123809814 1.6548525094986 1.58702766895294 1.48298853635788 1.397425532341 1.45434674620628 1.45875978469849 1.37202000617981 1.23368248343468 1.33281147480011 1.9893119931221 2.33288991451263 2.71956592798233 3.66185188293457 15.0514129747465 -9999 -9999 -9999 -9999 55.9785890579224 51.0815979838371 51.0356617569923 43.0988292270237 -9999 -9999 -9999 -9999 -9999 -9999 -9999 -9999
-9999 -9999 -9999 -9999 -9999 -9999 -9999 -9999 2.51458650827408 2.32089078426361 2.38829469680786 2.08232921361923 2.16526275873184 2.21532601118088 2.014100253582 1.93826705217361 1.93231272697449 1.78952997922897 1.77597445249557 2.10472351312637 1.93687427043915 2.03337156772614 1.97843471595219 1.75384497642517 1.80141001939774 1.74373644590378 1.68618142604828 1.64720553159714 1.7197859287262 1.74333000183105 2.33545046619007 1.48608604073524 1.50221478939056 1.52040606737137 1.41902250051498 1.26470401883125 1.3330927491188 1.33380746841431 1.20614549517632 1.3432799577713 1.6322985291481 2.15182954072952 2.52726227045059 3.02237856388092 5.41119378805161 29.0682649612427 -9999 -9999 -9999 -9999 17.548882484436 49.0445125897725 40.7090353965759 48.1176372829237 26.249721118382 28.7208404541016 -9999 -9999 -9999 -9999 -9999 -9999
-9999 -9999 -9999 -9999 -9999 -9999 -9999 -9999 -9999 -9999 2.90372622013092 2.42087030410767 2.47767448425293 2.40286731719971 2.36860120296478 2.02800232172012 2.19064432382584 2.39924848079681 2.71869671344757 2.92706626653671 2.94133043289185 2.44587367773056 2.46289050579071 2.01994398236275 1.64815574884415 1.72306898832321 1.65189743041992 1.53353691101074 1.53710854053497 1.23084077239037 1.24310097098351 1.30179145932198 1.38441824913025 1.48916772007942 1.4340817630291 1.39919927716255 1.43705928325653 1.39581602811813 1.45271927118301 1.71103048324585 1.89523422718048 2.20706480741501 2.69351774454117 3.30362784862518 11.9089190410179 -9999 -9999 -9999 -9999 -9999 -9999 -9999 9.30356680547319 23.7991619110107 31.1892356872559 22.228006541729 10.8786277770996 -9999 -9999 -9999 -9999 -9999
-9999 -9999 -9999 -9999 -9999 -9999 -9999 -9999 -9999 4.3704868555069 2.98612958192825 3.09254086017609 3.23898303508759 2.82572704553604 2.65851008892059 2.20557153224945 2.30215716362 2.29401826858521 1.97831028699875 1.69274246692657 1.85238969326019 1.99412548542023 1.65980404615402 1.90963183982032 1.59076720476151 1.67113941907883 1.64241904020309 1.6295782327652 1.51489198207855 1.2868709564209 1.28937220573425 1.29184046387672 1.41549003124237 1.59321892261505 1.45153123140335 1.37568148970604 1.44997349381447 1.24767002463341 1.72641456127167 1.98935776948929 2.34461241960526 2.77137458324432 3.29306173324585 3.84397888183594 17.351170370301 33.0447750091553 -9999 -9999 -9999 25.1439419294658 16.6149901590849 14.2632374261555 16.7568492889404 26.4587116241455 23.2095129489899 29.1073544025421 17.3277722111455 -9999 -9999 -9999 -9999 -9999
-9999 -9999 -9999 -9999 -9999 -9999 -9999 -9999 -9999 -9999 2.57332581281662 3.7110847234726 3.46649765968323 3.17044508457184 2.6956912279129 2.40460431575775 2.3110545873642 1.95589345693588 2.13669669628143 1.80966603755951 1.66569668054581 1.71518468856812 1.69321793317795 1.65061354637146 1.70082896947861 1.74563473463058 1.74946045875549 1.72612720727921 1.44878666102886 1.55388035518782 1.35981675982475 1.33444502949715 1.41668325662613 1.60168719291687 1.569495677948 1.3358002603054 1.49602577090263 1.52226448059082 1.92192381620407 2.20562553405762 2.51215195655823 3.06565046310425 3.85108709335327 4.02617990970612 8.08476464204418 -9999 -9999 -9999 -9999 -9999 15.8588254828202 10.3497762680054 17.1826025247574 17.7902655601501 13.6940317153931 -9999 -9999 -9999 -9999 -9999 -9999 -9999
-9999 -9999 -9999 -9999 -9999 -9999 -9999 -9999 -9999 3.67937564849854 3.21631791591644 3.29686653614044 3.38985228538513 3.31871616840363 3.40609431266785 2.9361891746521 2.71863967180252 2.04140406847 2.14829617738724 1.38920179009438 1.72712624073029 1.78911817073822 1.67890048027039 1.60092151165009 1.70432218909264 1.70210999250412 1.6907594203949 1.72181850671768 1.63060945272446 1.54605151712894 1.47840821743011 1.48536747694016 1.60097247362137 1.55796897411346 1.44528445601463 1.51890081167221 1.46858704090118 1.61095494031906 1.98068708181381 2.22374618053436 2.59841179847717 3.12454962730408 3.45067656040192 6.33578113907749 3.86466658115387 -9999 -9999 -9999 -9999 -9999 33.5635216712952 19.9064440727234 23.0156328678131 18.0652264697211 -9999 -9999 -9999 -9999 -9999 -9999 -9999 -9999
-9999 -9999 -9999 -9999 -9999 -9999 -9999 -9999 -9999 3.8262470215559 3.80372607707977 3.7189507484436 3.4958188533783 3.32194268703461 3.37899684906006 3.2873203754425 2.96225166320801 2.46923696994781 1.842400431633 1.71488928794861 1.72139543294907 1.76155132055283 1.7076712846756 1.70353049039841 1.67646378278732 1.61500722169876 1.64457231760025 1.63477116823196 1.65883433818817 1.47949875891209 1.70962500572205 1.62763041257858 1.75214105844498 1.79316455125809 1.63280922174454 1.75156956911087 2.03708553314209 1.72059524059296 1.91088670492172 2.27342319488525 2.67461103200912 3.43685567378998 3.46804046630859 9.23017248540249 3.86466693878174 -9999 -9999 -9999 -9999 12.1949715614319 -9999 -9999 -9999 -9999 -9999 -9999 -9999 -9999 -9999 -9999 -9999 -9999
-9999 -9999 -9999 -9999 -9999 -9999 -9999 -9999 -9999 3.18222749233246 3.44697761535645 3.64838182926178 3.64056444168091 3.54531526565552 3.36510443687439 3.32463455200195 2.97743922472 2.23347455263138 1.8325679898262 1.80470252037048 1.7733194231987 1.74645817279816 1.696264564991 1.68079268932343 1.6429957151413 1.6242653131485 1.60698598623276 1.46083429455757 1.41998246312141 1.53729379177094 1.71195602416992 1.8124133348465 1.87105572223663 1.94507628679276 1.84382021427155 1.80308693647385 1.86058580875397 1.82136154174805 2.06238377094269 2.29290068149567 2.73828899860382 3.06859123706818 7.34582871394371 -9999 -9999 -9999 -9999 -9999 -9999 -9999 -9999 -9999 -9999 -9999 -9999 -9999 -9999 -9999 -9999 -9999 -9999 -9999
-9999 -9999 -9999 -9999 -9999 -9999 -9999 -9999 -9999 3.51813519001007 3.50194716453552 3.49369955062866 3.5505405664444 3.14881646633148 3.35337388515472 3.26640164852142 2.7997065782547 2.06123399734497 1.77863770723343 1.82004833221436 1.83752024173737 1.69688844680786 1.6516410112381 1.57286024093628 1.53776550292969 1.56815028190613 1.58232825994492 1.18833822011948 1.37473645806313 1.64007675647736 1.71282523870468 1.80392628908157 1.83755403757095 1.85051250457764 1.8841313123703 1.78081870079041 1.95865577459335 2.04770171642303 2.24494725465775 2.47373557090759 2.72245126962662 6.66746744953218 12.2090056890465 -9999 -9999 -9999 -9999 -9999 -9999 -9999 -9999 -9999 -9999 -9999 -9999 -9999 -9999 -9999 -9999 -9999 -9999 -9999
-9999 -9999 -9999 -9999 -9999 -9999 -9999 3.28386068344116 4.11962767442067 3.45762455463409 3.4408153295517 3.64627933502197 3.67600286006927 3.16744887828827 3.20693457126617 2.97265273332596 2.49708670377731 2.02064108848572 1.83072155714035 1.88678777217865 1.83450222015381 1.65149992704391 1.6182450056076 1.59037345647812 1.57798951864243 1.59431093931198 1.42476412653923 1.5148019939661 1.55820143222809 1.67676150798798 1.79302203655243 1.95612144470215 1.99349319934845 2.05925470590591 2.11824524402618 2.05121326446533 2.21413207054138 2.39144629240036 2.48362505435944 2.52283948659897 17.9757693664542 5.69786846637726 3.25656187534332 -9999 -9999 -9999 -9999 -9999 -9999 -9999 -9999 -9999 -9999 -9999 -9999 -9999 -9999 -9999 -9999 -9999 -9999 -9999
-9999 -9999 -9999 -9999 -9999 -9999 4.23660218715668 3.8568866201069 4.4942190527916 4.26659166812897 3.7513815164566 3.77293717861176 3.55599510669708 3.05527639389038 2.87710207700729 2.71347516775131 2.35604023933411 1.93103992938995 1.92011404037476 1.91212570667267 1.76978480815887 1.66815143823624 1.55760455131531 1.63605219125748 1.71654903888702 1.63044530153275 1.53194403648376 1.50636970996857 1.64271068572998 1.77181953191757 2.33444023132324 2.23594504594803 2.27639847993851 2.44544166326523 2.5441882610321 2.48103833198547 2.59688472747803 2.81732475757599 2.95913475751877 -9999 -9999 -9999 -9999 -9999 -9999 -9999 -9999 -9999 -9999 -9999 -9999 -9999 -9999 -9999 -9999 -9999 -9999 -9999 -9999 -9999 -9999 -9999
-9999 -9999 -9999 -9999 3.97978073358536 3.75748416781425 3.77252805233002 3.88119231909513 3.58776390552521 3.89044511318207 3.84605705738068 3.74219083786011 3.44584429264069 2.96672916412354 2.63229382038116 2.47038978338242 2.23793542385101 2.04413920640945 1.96844780445099 1.84632217884064 1.75133031606674 1.59949868917465 1.69061100482941 1.71796953678131 1.75323379039764 1.70749425888062 1.65501379966736 1.61639016866684 1.80010432004929 1.97204107046127 2.28881549835205 2.45732617378235 2.6446305513382 2.75021624565125 2.87443202733994 3.00367891788483 4.55197513103485 5.50446568144129 -9999 -9999 -9999 -9999 -9999 -9999 -9999 -9999 -9999 -9999 -9999 -9999 -9999 -9999 -9999 -9999 -9999 -9999 -9999 -9999 -9999 -9999 -9999 -9999
-9999 -9999 -9999 -9999 4.05015683692435 3.00029926950281 3.72604405134916 3.85248356312513 3.55028986930847 3.67749059200287 3.75613260269165 3.5746146440506 3.03584396839142 2.75329953432083 2.47117656469345 2.27801477909088 2.10256433486938 2.0063744187355 1.8887842297554 1.77282375097275 1.69129425287247 1.66797441244125 1.73590117692947 1.75258791446686 1.72960656881332 1.76954931020737 1.73997223377228 1.7077379822731 1.89767396450043 2.29146605730057 2.58972233533859 2.7605339884758 2.93399029970169 3.05735492706299 3.22150862216949 3.25427842140198 3.71642017364502 -9999 -9999 -9999 -9999 -9999 -9999 -9999 -9999 -9999 -9999 -9999 -9999 -9999 -9999 -9999 -9999 -9999 -9999 -9999 -9999 -9999 -9999 -9999 -9999 -9999
-9999 50.0314961332183 4.08788361472468 3.95810848474503 3.76522010564804 3.44786348062403 3.82183277606964 3.49952045828104 3.52060067653656 3.45360088348389 3.55882287025452 3.33268654346466 2.91269767284393 2.45036691427231 2.19556421041489 2.08012729883194 1.82938796281815 1.8088590502739 1.74559503793716 1.7065544128418 1.77189141511917 1.86732602119446 1.88870626688004 1.84149527549744 1.82933700084686 1.80699527263641 1.98383170366287 2.21388816833496 2.40153157711029 2.70140326023102 2.89542907476425 3.15059316158295 3.33195090293884 3.18600904941559 3.2212507724762 24.9871463516484 -9999 -9999 -9999 -9999 -9999 -9999 -9999 -9999 -9999 -9999 -9999 -9999 -9999 -9999 -9999 -9999 -9999 -9999 -9999 -9999 -9999 -9999 -9999 -9999 -9999 -9999
5.21594953536987 8.13164779118129 5.50745763097491 3.92497247457504 3.97871840000153 3.76086688041687 3.65319764614105 3.10511326789856 3.09232127666473 3.2390341758728 3.2916487455368 3.04528784751892 2.46636003255844 2.06720691919327 1.86728847026825 1.84510266780853 1.68124580383301 1.73000407218933 1.8385049700737 1.97329491376877 2.09256827831268 2.07200932502747 1.9422989487648 1.86109882593155 1.86922878026962 2.1912869811058 2.46054607629776 2.71150267124176 2.71861803531647 3.11164712905884 3.47270107269287 3.5454261302948 3.59180545806885 -9999 -9999 -9999 -9999 -9999 -9999 -9999 -9999 -9999 -9999 -9999 -9999 -9999 -9999 -9999 -9999 -9999 -9999 -9999 -9999 -9999 -9999 -9999 -9999 -9999 -9999 -9999 -9999 -9999
4.56696173724006 5.06796092646463 3.78845250606537 3.54209321737289 3.26643365621567 3.81717467308044 2.93239867687225 2.96950954198837 3.02145373821259 3.23993468284607 3.02138614654541 2.97772568464279 1.98491102457047 1.62260323762894 1.66799855232239 1.62949883937836 1.58931291103363 1.72952181100845 1.9193542599678 2.06711769104004 2.11831122636795 2.02756118774414 1.90755450725555 1.87411791086197 2.45717543363571 2.49126380681992 2.5339583158493 2.5063784122467 3.07290959358215 3.47741711139679 3.81132531166077 3.77741181850433 4.04305136203766 6.20013504761916 8.12992969205824 7.10439081986745 -9999 -9999 -9999 -9999 -9999 -9999 -9999 -9999 -9999 -9999 -9999 -9999 -9999 -9999 -9999 -9999 -9999 -9999 -9999 -9999 -9999 -9999 -9999 -9999 -9999 -9999
4.42615433782339 4.14873218536377 4.11918067932129 3.6656574010849 3.71162617206573 3.49348497390747 3.29041492938995 3.30612373352051 3.22702646255493 3.01749980449677 2.95587891340256 2.48621106147766 1.3805910050869 1.44313797354698 1.39757850766182 1.52084630727768 1.77862197160721 1.94168096780777 1.91107195615768 1.92507827281952 1.94597017765045 2.00471699237823 2.02340322732925 1.99724847078323 2.33589005470276 2.50751781463623 2.81175148487091 3.07122445106506 3.3450907766819 3.58549064397812 3.51646812219878 -9999 -9999 -9999 -9999 -9999 -9999 -9999 -9999 -9999 -9999 -9999 -9999 -9999 -9999 -9999 -9999 -9999 -9999 -9999 -9999 -9999 -9999 -9999 -9999 -9999 -9999 -9999 -9999 -9999 -9999 -9999
4.07539200782776 3.8309560418129 4.17924964427948 4.1023246049881 3.87921667098999 3.49974167346954 3.52460789680481 3.14819312095642 2.94472575187683 2.89028030633926 2.29823702573776 1.66587674617767 1.32696372270584 1.25502151250839 1.30439999699593 1.74186891317368 1.86637419462204 1.77200692892075 1.88549172878265 1.98803848028183 2.26470673084259 2.34818172454834 2.26563745737076 2.43861222267151 2.76460719108582 2.99785047769547 3.25137448310852 3.37408661842346 3.8827543258667 3.71381020545959 4.08201313018799 4.17468738555908 -9999 -9999 -9999 -9999 -9999 -9999 46.9630022796232 12.6942715644836 -9999 -9999 -9999 -9999 -9999 -9999 -9999 -9999 -9999 -9999 -9999 -9999 -9999 -9999 -9999 -9999 -9999 -9999 -9999 -9999 -9999 -9999
4.89017228285472 4.34097343683243 4.70807182788849 4.12757635116577 3.59821693897247 4.04002101006715 3.8186970949173 2.89434367418289 2.76796656847 2.36804616451263 1.50466650724411 1.3050374686718 1.2250109910965 1.24184247851372 1.37134346365929 1.56855529546738 1.73960852622986 1.88752502202988 1.94408333301544 2.69616973400116 2.78467869758606 2.9152740240097 2.86500066518784 2.69903630018234 3.21495079994202 3.59574365615845 3.83600842952728 4.04389786720276 4.1693469285965 4.07800734043121 4.48343954034095 3.42093944549561 -9999 -9999 -9999 -9999 -9999 -9999 -9999 -9999 -9999 -9999 -9999 -9999 -9999 -9999 -9999 -9999 -9999 -9999 -9999 -9999 -9999 -9999 -9999 -9999 -9999 -9999 -9999 -9999 -9999 -9999
-9999 -9999 -9999 -9999 -9999 4.71113755652955 3.66876304149628 2.95474272966385 2.73512774705887 1.70127367973328 1.34035724401474 1.14702522754669 1.22781676054001 1.27449676394463 1.38134104013443 1.72164076566696 2.01753294467926 2.24010819196701 2.37359243631363 3.09627592563629 3.292813539505 2.72166752815247 2.67508578300476 3.18760335445404 3.51407325267792 3.80873322486877 -9999 -9999 -9999 -9999 -9999 -9999 -9999 -9999 -9999 -9999 -9999 -9999 -9999 -9999 -9999 -9999 -9999 -9999 -9999 -9999 -9999 -9999 -9999 -9999 -9999 -9999 -9999 -9999 -9999 -9999 -9999 -9999 -9999 -9999 -9999 -9999
-9999 -9999 -9999 -9999 -9999 -9999 3.44279265403748 2.57464796304703 1.91264247894287 1.42040178179741 1.30194970965385 1.44180223345757 1.4889660179615 1.36597573757172 1.51953595876694 1.9150019288063 2.05198645591736 2.26213198900223 2.78919231891632 3.77394819259644 3.87708377838135 3.64412248134613 3.47458720207214 2.94439817287705 -9999 -9999 -9999 -9999 -9999 -9999 -9999 -9999 -9999 -9999 -9999 -9999 -9999 -9999 -9999 -9999 -9999 -9999 -9999 -9999 -9999 -9999 -9999 -9999 -9999 -9999 -9999 -9999 -9999 -9999 -9999 -9999 -9999 -9999 -9999 -9999 -9999 -9999
