EcologicalScience/Bass/data/rs_data_bass/chl_462.asc
NCOLS 226 
NROWS 124 
XLLCORNER -9.41648524995501 
YLLCORNER 47.587301625531 
CELLSIZE 0.0833 
NODATA_value -9999 
[rows 54 to 80 of 124, columns 0 to 61 of 226]
-9999 -9999 -9999 -9999 -9999 -9999 -9999 -9999 -9999 -9999 -9999 -9999 -9999 -9999 -9999 -9999 -9999 -9999 -9999 -9999 -9999 -9999 -9999 -9999 -9999 -9999 -9999 -9999 -9999 -9999 -9999 -9999 -9999 -9999 -9999 -9999 -9999 -9999 5.60856007484801 4.74273522943258 1.91937668699967 2.66459866762161 1.8193095177412 1.78814023733139 1.81511382758617 1.75419174134731 1.52120290696621 1.3607123366424 1.53285091689655 1.72126054338046 1.85627813637257 1.94751140688147 2.14627932863576 2.35846831543105 2.4207898250648 2.65154351081167 3.07312916333859 3.41018202671638 3.24242877960205 0.607058599591255 0.62790758907795 3.20567428871341
-9999 -9999 -9999 -9999 -9999 -9999 -9999 -9999 -9999 -9999 -9999 -9999 -9999 -9999 -9999 -9999 -9999 -9999 -9999 -9999 -9999 -9999 -9999 -9999 -9999 -9999 -9999 -9999 -9999 -9999 -9999 -9999 -9999 -9999 -9999 -9999 -9999 -9999 -9999 2.19978847828778 3.1126494863454 2.59959211349487 2.35398995876312 2.22845028340816 1.91130602359772 1.68246182799339 1.42833282798529 1.45717509729522 1.30049265118746 1.62936578903879 1.65913557580539 1.82639967543738 2.03434526068824 2.2088321864605 2.4831007540226 2.70413711071014 2.8521724820137 3.289801847728 -9999 -9999 -9999 -9999
-9999 -9999 -9999 -9999 -9999 -9999 -9999 -9999 -9999 -9999 -9999 -9999 -9999 -9999 -9999 -9999 -9999 -9999 -9999 -9999 -9999 -9999 -9999 -9999 -9999 -9999 -9999 -9999 -9999 -9999 -9999 -9999 -9999 -9999 -9999 -9999 -9999 -9999 -9999 2.61568164825439 2.62535262107849 2.56952852010727 2.27817861735821 2.32394850254059 2.08399705588818 1.80254977941513 1.79705121261733 1.54891669111592 2.41095614433289 1.93672478199005 1.59575173258781 1.8450831413269 2.13928595781326 2.32766364812851 2.42637260556221 2.58148959875107 2.70181771937539 2.49647384531358 1.79237916469574 1.65724718570709 -9999 -9999
-9999 -9999 -9999 -9999 -9999 -9999 -9999 -9999 -9999 -9999 -9999 -9999 -9999 -9999 -9999 -9999 -9999 -9999 -9999 -9999 -9999 -9999 -9999 -9999 -9999 -9999 -9999 -9999 -9999 -9999 -9999 -9999 -9999 -9999 -9999 -9999 -9999 -9999 -9999 -9999 2.9003520149451 2.87581537663937 2.74590209126472 2.70542693138123 2.64198464155197 2.19408264756203 2.072392561606 2.03565445968083 1.6235092495169 1.64502774391856 1.2865564763546 1.88902482390404 2.18361569941044 2.36323782801628 2.36988165378571 2.40308148264885 2.61637777090073 2.44265381353242 2.83660181480296 2.98793125152588 2.51039130050083 -9999
-9999 -9999 -9999 -9999 -9999 -9999 -9999 -9999 -9999 -9999 -9999 -9999 -9999 -9999 -9999 -9999 -9999 -9999 -9999 -9999 -9999 -9999 -9999 -9999 -9999 -9999 -9999 -9999 -9999 -9999 -9999 -9999 -9999 -9999 -9999 -9999 -9999 -9999 -9999 -9999 2.61358096681792 3.32092076539993 2.62377852201462 2.82835967838764 2.45991652745467 2.50694291506495 2.69505926115172 1.92238077521324 1.76457041501999 1.60654672980309 1.30032002500125 1.79642081686429 1.86211926596505 2.17587863547461 2.32270290383271 2.26759996584484 2.44782765422549 2.60589071682521 2.81204887628555 3.04305820605334 1.81038741361011 -9999
-9999 -9999 -9999 -9999 -9999 -9999 -9999 -9999 -9999 -9999 -9999 -9999 -9999 -9999 -9999 -9999 -9999 -9999 -9999 -9999 -9999 -9999 -9999 -9999 -9999 -9999 -9999 -9999 -9999 -9999 -9999 -9999 -9999 -9999 -9999 -9999 -9999 -9999 -9999 -9999 2.5745165348053 2.26495677232742 2.7118733387727 2.71914567947388 2.80597950518131 2.41260668635368 2.25592818004744 1.65859111292022 1.52161494536059 1.38191360235214 1.33199221321515 1.50647463798523 2.02057340102536 2.08059519103595 2.25435770196574 2.38999131092658 2.70580677344249 2.9622846032892 3.16990487490382 1.62669828459621 -9999 -9999
-9999 -9999 -9999 -9999 -9999 -9999 -9999 -9999 -9999 -9999 -9999 -9999 -9999 -9999 -9999 -9999 -9999 -9999 -9999 -9999 -9999 -9999 -9999 -9999 -9999 -9999 -9999 -9999 -9999 -9999 -9999 -9999 -9999 -9999 -9999 -9999 -9999 -9999 -9999 -9999 3.28195497393608 2.77474415302277 2.68608115911484 2.16449269652367 2.3795450180769 2.06729350984097 2.02561466395855 1.7446141988039 1.4264020845294 1.39880492538214 1.49150255109583 1.56253882603986 2.05633474798764 2.15933940960811 2.2893192928571 2.57992704556539 2.78602966436973 -9999 -9999 2.51599323749542 2.64058419317007 2.79627312719822
-9999 -9999 -9999 -9999 -9999 -9999 -9999 -9999 -9999 -9999 -9999 -9999 -9999 -9999 -9999 -9999 -9999 -9999 -9999 -9999 -9999 -9999 -9999 -9999 -9999 -9999 -9999 -9999 -9999 -9999 -9999 -9999 -9999 -9999 -9999 -9999 -9999 -9999 -9999 2.12270380118314 2.10691170131459 2.69730435311794 2.2892199754715 2.08561764657497 1.7227373868227 1.74137064814568 1.66362614929676 1.51786460727453 1.46761782467365 1.59376110881567 1.52202783823013 1.63182005744714 1.67906639896906 2.03284308314323 2.318364020437 2.914240193367 2.76158870183505 2.37244315789296 2.28972146602777 2.47139756496136 2.38207228825643 2.45643938046235
-9999 -9999 -9999 -9999 -9999 -9999 -9999 -9999 -9999 -9999 -9999 -9999 -9999 -9999 -9999 -9999 -9999 -9999 -9999 -9999 -9999 -9999 -9999 -9999 -9999 -9999 -9999 -9999 -9999 -9999 -9999 -9999 -9999 -9999 -9999 -9999 -9999 -9999 -9999 2.5222947075963 2.8810337305069 2.73864834308624 2.22682240605354 1.91890543699265 1.64741733670235 1.46093063056469 1.46539412651743 1.55303033121995 1.55400322290028 1.52145395278931 1.50727799534798 1.62014745519711 1.54237186679473 1.93005412817001 2.12955534916658 2.91247741878033 2.86673514659588 2.98148167133331 2.29684687119264 2.40061020392638 2.55490799133594 2.49601870316726
-9999 -9999 -9999 -9999 -9999 -9999 -9999 -9999 -9999 -9999 -9999 -9999 -9999 -9999 -9999 -9999 -9999 -9999 -9999 -9999 -9999 -9999 -9999 -9999 -9999 -9999 -9999 -9999 -9999 -9999 -9999 -9999 -9999 -9999 -9999 -9999 -9999 -9999 3.68179963935505 2.11433118581772 2.14317036867142 1.90550808906555 1.87171590328217 1.72209595441818 1.32336467717375 1.45958350385938 1.40504395961761 1.4796584546566 1.54697319865227 1.5015439838171 1.68537805974483 1.49389506532596 1.69899049401283 1.65575656524071 1.67313843507033 2.06478890776634 2.45898886237826 2.27423842996359 2.39123325794935 2.34966249649341 2.78832567483187 2.79579891264439
-9999 -9999 -9999 -9999 -9999 -9999 -9999 -9999 -9999 -9999 -9999 -9999 -9999 -9999 -9999 -9999 -9999 -9999 -9999 -9999 -9999 -9999 -9999 -9999 -9999 -9999 -9999 -9999 -9999 -9999 -9999 -9999 -9999 -9999 -9999 -9999 -9999 -9999 2.14188920706511 2.01070704683661 2.10283521243504 1.90905894551958 1.43190521427563 1.46901357599667 1.37419405579567 1.36531245708466 1.46779721975327 1.59874847531319 1.46202826499939 1.38737145066261 1.63063403964043 1.71221341995093 1.60065886836786 1.74638651311398 1.73309771143473 1.86975263804197 1.96483001538685 2.27534087896347 2.34312459826469 2.31888838112354 2.35930212480681 2.84824183407952
-9999 -9999 -9999 -9999 -9999 -9999 -9999 -9999 -9999 -9999 -9999 -9999 -9999 -9999 -9999 -9999 -9999 -9999 -9999 -9999 -9999 -9999 -9999 -9999 -9999 -9999 -9999 -9999 -9999 -9999 -9999 -9999 -9999 -9999 -9999 -9999 -9999 11.1076007700981 1.9548961349896 1.84121184263911 1.96462454540389 1.72980474574225 1.393769841109 1.454107729452 1.49892475988184 1.43033820390701 1.47998028993607 1.37553956929375 1.30923875991036 1.28875757195055 1.43213955444448 1.62691935896873 1.72271233446458 1.78470701617854 1.81062043138913 1.88427145140512 2.01313036680222 2.74047628417611 2.40276714307921 2.57421248800614 2.41956325088228 2.79281637924058
-9999 -9999 -9999 -9999 -9999 -9999 -9999 -9999 -9999 -9999 -9999 -9999 -9999 -9999 -9999 -9999 -9999 -9999 -9999 -9999 -9999 -9999 -9999 -9999 -9999 -9999 -9999 -9999 -9999 -9999 -9999 -9999 -9999 -9999 -9999 -9999 2.28439056873322 2.24617589797292 2.26217491711889 1.9028060393674 1.71715183343206 1.53787779169423 1.38857676514557 1.44042371213436 1.4872824719974 1.52131994962692 1.50279432535172 1.42718178033829 3.20406639575958 4.23716676235199 1.48790143802762 1.65414038826438 1.75220030971936 1.87727241856711 1.97617779033525 1.98162411791938 2.13246135413647 2.7605947740376 2.81586953625083 2.74632893289839 2.92301620755877 3.08219087975366
-9999 -9999 -9999 -9999 -9999 -9999 -9999 -9999 -9999 -9999 -9999 -9999 -9999 -9999 -9999 -9999 -9999 -9999 -9999 -9999 -9999 -9999 -9999 -9999 -9999 -9999 -9999 -9999 -9999 -9999 -9999 -9999 -9999 -9999 -9999 -9999 2.50663250684738 2.39942143218858 2.20298238311495 1.71846674169813 1.57517690956593 1.41553539889199 1.38535189415727 1.20815963298082 1.46788271835872 1.38661570634161 1.42447429469654 1.40079979598522 1.55957391858101 1.56743988767266 1.59596284478903 1.70023180118629 1.93563169879573 1.97481811472348 2.06341246834823 2.1174024364778 2.17389621479171 2.64228543213436 2.68135169148445 2.74823975137302 3.21383469445365 3.47731002739498
-9999 -9999 -9999 -9999 -9999 -9999 -9999 -9999 -9999 -9999 -9999 -9999 -9999 -9999 -9999 -9999 -9999 -9999 -9999 -9999 -9999 -9999 -9999 -9999 -9999 -9999 -9999 -9999 -9999 -9999 -9999 2.11039229482412 1.7909823730588 2.14738583564758 2.10493344068527 2.09301886421993 2.1116662422816 1.87489679455757 1.80235633466925 1.56471587930407 1.38651375046798 1.42581547583853 1.46086248329708 1.45796870546682 1.41403325327805 1.40319088952882 1.42917471911226 1.54613059120519 1.56988745927811 1.74562371522188 1.98392047360539 2.29198074527085 2.5100472047925 2.00432030643736 2.65460572019219 2.51715182885528 2.58042473718524 2.6233788728714 2.79751453655107 3.12738960129874 3.06770030781627 3.34139585494995
-9999 -9999 -9999 -9999 -9999 -9999 -9999 -9999 -9999 -9999 -9999 -9999 -9999 -9999 -9999 -9999 -9999 -9999 -9999 -9999 -9999 -9999 0.346259817481041 2.70330518484116 2.77706742286682 2.91962474584579 2.8136368393898 2.62692469358444 3.54690781608224 2.20926535874605 2.07195798307657 1.83930396102369 1.90193668194115 1.77286422997713 1.71746090613306 1.89053154843194 1.80854361610753 1.63048928976059 1.41939700075558 1.30631130720888 1.27151166966983 1.3310122362205 1.36795158045632 1.42306819771017 1.45962116973741 1.46292892737048 1.41197676956654 1.51137255132198 1.73725417256355 1.74348977208138 1.81540787033737 2.34966435469687 2.67008291557431 2.3336132645607 2.17710787909372 3.20383566990495 3.12051048874855 3.57361625880003 2.48317422761637 -9999 -9999 -9999
-9999 -9999 -9999 -9999 -9999 -9999 -9999 -9999 -9999 -9999 -9999 -9999 -9999 -9999 -9999 -9999 -9999 -9999 -9999 -9999 -9999 -9999 2.39997880657514 2.12665581330657 1.79607939720154 1.87558373808861 1.91253995895386 1.98212394118309 2.25991190224886 1.85472929477692 1.85800467990339 1.8127375356853 1.62950647808611 1.65643353760242 1.52662079036236 1.62816935777664 1.58324231207371 1.40798610448837 1.28677678533963 1.25791319566114 1.25345370386328 1.35532168405397 1.36104994373662 1.34068158056055 1.42307338970048 1.66374000268323 1.8667064756155 1.97700478881598 2.04104342311621 1.9521725345403 1.97673624381423 2.05316298455 2.23948159441352 3.3003473702599 2.31685923412442 2.85959440469742 -9999 -9999 -9999 -9999 -9999 -9999
-9999 -9999 -9999 -9999 -9999 -9999 -9999 -9999 -9999 -9999 -9999 -9999 -9999 -9999 -9999 -9999 -9999 -9999 -9999 1.21360988442491 1.91688499848048 1.35295355319977 1.29219928383827 1.29390230774879 1.24512803554535 1.15127072297037 1.14421701431274 1.14984925091267 1.19820176064968 1.26516778953373 1.30901971645653 1.37297610752285 1.49962357990444 1.36018823087215 1.32077209465206 1.35221088358334 1.2779805383512 1.22600316575595 1.26433916687965 1.22021791934967 1.24661053419113 1.28080573465143 1.28774589300156 1.32834948599339 1.3595336909805 1.59312495589256 2.03291408504759 2.21443571895361 2.16327637061477 3.06320912837982 2.07499693706632 2.2603315114975 -9999 -9999 -9999 -9999 -9999 -9999 -9999 -9999 -9999 -9999
-9999 -9999 -9999 -9999 -9999 -9999 -9999 -9999 -9999 -9999 -9999 -9999 -9999 -9999 -9999 -9999 -9999 1.42373651266098 2.8845660005297 2.08360224962234 1.52088169665898 1.16993825137615 1.12488874793053 1.11318752169609 1.09894873201847 1.08607671316713 0.987233020365238 0.952275507152081 0.98811249434948 1.02034206074827 1.04630390368402 0.995995029807091 1.09542950987816 1.17810802161694 1.20899947413376 1.23822534722941 1.26127434841224 1.12132607102394 1.06487998366356 1.06445894837379 1.06300426125526 1.11888014674187 1.2143450911556 1.31859220990113 1.48890534894807 1.79229345917702 2.10234406164714 2.60108896238463 2.07396078651602 1.99564183571122 1.80739879066294 1.50760120153427 -9999 -9999 -9999 -9999 -9999 -9999 -9999 -9999 -9999 -9999
-9999 -9999 -9999 -9999 -9999 -9999 -9999 -9999 -9999 -9999 -9999 -9999 -9999 -9999 1.21101370979758 1.34224741905928 1.30373400449753 1.44996215030551 2.08594644069672 1.52863859704563 1.50456412349428 1.34252941182681 1.15067045856267 1.06934647262096 1.11879763752222 1.08182798326015 0.951518543064594 0.735435078186648 0.982029505074024 0.929380348500084 0.829308838583529 1.01629360283122 0.866587607190013 0.900731608271599 1.156673848629 1.36057979081358 1.55759431421757 1.50379316721644 1.06327366232872 1.0348740041256 1.13795383572578 1.19887678027153 1.24596673250198 1.36912135566984 1.41516543924809 1.71978249933038 1.92246311903 2.09025729979788 2.08371757609504 1.98317603128297 1.88993208110332 1.95380922406912 -9999 -9999 -9999 -9999 -9999 -9999 -9999 -9999 -9999 -9999
-9999 -9999 -9999 -9999 -9999 -9999 -9999 -9999 -9999 -9999 -9999 3.59152716483389 1.3809634745121 1.43131662905216 1.21319752931595 1.13298197463155 0.922510259291705 1.18403201177716 1.08471422083676 0.867210385553977 0.834949641488492 4.49937706813216 1.05970920196601 0.832257022149861 0.84416850283742 4.28558696061373 0.946263290941715 1.6286708930364 0.905157718588324 0.926729226813597 0.796899163547684 0.873388985171914 0.928553928931554 0.992835192119374 1.18569826483726 1.19301420450211 1.19224303364754 0.99606800605269 0.962725192308426 1.0963018476963 1.19540793299675 1.15847625732422 1.14300811886787 1.30211339465209 1.36526465043426 1.77342354399817 2.07613719361169 2.08925411530903 1.92991999536753 2.20408020168543 1.6091705262661 -9999 -9999 -9999 -9999 -9999 -9999 2.6395171880722 2.40016893964065 2.52933390140533 2.38600098459344 -9999
-9999 -9999 -9999 -9999 -9999 -9999 -9999 -9999 -9999 1.5414434671402 1.41682460904121 1.25064846873283 1.13617587834597 0.821392875383882 0.816775970599231 0.793289120582973 0.835845403811511 0.810904494103263 0.805294001803679 1.20642715266773 1.160323372254 0.818422162905335 0.809880506247282 0.973234051465988 0.935055732727051 0.822688908261411 1.71721950811999 1.64536911077224 2.18417675495148 2.97375505098275 1.0183716583997 1.05348675884306 0.935954410582781 1.06334185775589 1.09172172230833 1.1314838142956 1.15249201129465 1.04412090182304 1.03560646176338 1.07296615488389 1.14314462542534 1.12763757705688 1.26591314077377 1.52870610952377 1.45556437330587 1.3283428195864 1.5395658351481 1.84769178628922 1.65567182217325 2.18523139613015 2.12401028349996 2.08730725944042 1.98963777224223 3.20213656425476 2.8855268239975 2.80262866020203 2.656041264534 2.79262614675931 2.56870560560908 2.66865913357053 2.09596604422519 3.16605341434479
-9999 -9999 -9999 -9999 -9999 1.22898874471062 1.51177194714546 1.42475190013647 1.34505988657475 1.28063876926899 1.19828084856272 1.3671105163438 1.28585290483066 1.24178801689829 1.26220905355045 1.26731299076762 1.24868535569736 1.21974105068616 1.21995846288545 1.23291925742076 1.23884887878711 0.78207896836102 0.983001297712326 0.985894042253494 1.09600449484937 0.749259883866591 1.73690510713137 1.70166111205305 1.69098220020533 1.32827144685914 1.20873041823506 1.14487003684044 1.13513059616089 1.03017918951809 1.1539867579937 1.18956736080787 1.1877189401318 1.04582378827035 1.07027462124825 0.992959070205688 1.00584152340889 1.05196067690849 1.06167376041412 1.09992790818214 1.05856903195381 1.29783491364547 1.32508699383054 1.41262319684029 1.57710584572383 1.83385556191206 2.44124346971512 2.65740836518151 3.03482439688274 2.42531859129667 2.45953595638275 2.56110137701035 2.54605973958969 2.59255093336105 2.7652371764183 2.7822723865509 3.06631008216313 2.68027215823531
-9999 -9999 -9999 -9999 -9999 1.42822649387213 1.40927750559954 1.16993650794029 1.12771076709032 1.42851698054717 1.41692012663071 1.26981061271259 1.26873896803175 1.25193303823471 1.2058404641492 1.215578773192 1.22155969057764 1.20594434227262 1.27970940726144 1.28098368644714 1.04640210270882 1.11697735190392 1.20638774335384 1.24509423505515 1.27550418488681 1.2287946255768 0.839801954726378 0.791919397811095 0.715442160034881 0.990166492760181 1.30760757712757 1.32687500995748 1.30023974776268 1.16273004412651 1.22355701292262 1.15694103346151 1.04104194045067 1.05962017704459 0.985889840126038 1.0158661365509 1.0572700381279 1.0724521458149 1.10499300956726 1.04592736959457 1.21478323375478 1.22365114268135 1.31316580091204 1.40840290061065 1.50631695347173 1.60265885506357 1.71083355801446 1.72758546844125 1.84212050437927 1.91061214208603 2.18939094543457 2.06199083328247 2.37063079220908 2.53245719841548 2.29736902458327 2.40079593658447 3.80655469894409 3.5185789167881
-9999 -9999 -9999 -9999 -9999 1.38063661076806 1.28600253842094 1.13155660491723 1.50603898242116 1.4787472486496 1.25000101753644 1.2729748402323 1.31122495446886 1.3600934616157 1.32965683937073 1.29679521918297 1.31569327201162 1.33615028858185 1.37061050534248 1.38402137160301 1.34232065933091 1.15661562792957 1.20554336719215 1.27297588996589 1.20866805128753 1.10153892450035 1.12079161964357 0.867903895676136 0.852065111200015 1.08866055607796 1.23327959775925 1.25820808410645 1.24959062933922 1.18129053711891 1.13421100974083 0.776553987392357 0.768360144213626 0.990461128950119 1.03057245612144 1.05268183350563 1.08475077152252 1.08992684483528 0.903082347341946 1.02685826140292 1.06121712221819 1.15369108915329 1.17706461064517 1.32644419159208 1.45067682649408 1.49498371992792 1.55493491675173 1.6666105730193 1.66409898996353 1.50876290457589 1.68528845310211 1.72418465614319 1.84403495788574 2.04518781900406 1.96616540423461 1.9683475281511 2.71840426921844 3.6665828704834
-9999 -9999 -9999 -9999 -9999 0.786129352450371 0.786751651763916 1.13249824941158 1.11617274582386 1.18531295657158 1.17742227017879 1.2181381881237 1.28769199550152 1.26928749680519 1.12208112515509 1.33577415347099 1.17097840458155 1.37647907648768 1.36144776003701 1.36491506440299 1.34839200547763 1.35017596823829 1.25110200047493 1.29829098284245 1.28240875527263 1.29374177567661 1.24730429649353 1.12968873381615 1.14153100848198 1.14537611603737 1.23293409347534 1.19738053679466 1.12405672775848 1.14426766633987 1.11599028110504 1.03881542086601 0.997587597370148 1.03780127763748 0.850753750652075 0.926992191933095 0.938434875570238 0.722810520657471 0.912599556148052 1.02721837162971 1.00190670700634 1.07655314662877 1.13938722189735 1.36683211326599 1.32956507205963 1.3495888710022 1.36428312063217 1.29585202038288 1.59548636583182 1.60273574407284 1.72607396199153 1.80864509344101 1.79310895204544 1.75077260732651 1.73566315642425 1.81418351616178 1.97949813519205 3.90306181907654
-9999 -9999 -9999 -9999 -9999 0.740744290982976 0.77618149916331 0.990784034132957 1.01267799735069 0.992934452635901 1.23902779817581 1.22382827103138 1.24602101743221 1.25358626246452 1.26536576449871 1.15137940432344 1.17581853057657 1.21650082085814 1.23807516906943 1.32425652444363 1.3811806165255 1.26807859539986 1.28628115542233 1.26544852554798 1.24700628966093 1.2381148673594 1.24097464084625 1.2567763209343 1.27645668983459 1.2206202507019 1.19429934024811 1.2907383441925 1.18336113936761 1.19463675688295 1.18848769279087 1.13601139889044 1.02765283584595 1.08001576066017 1.09581028819084 1.08715111613274 1.12411844730377 1.13398484587669 1.12296257615089 1.11010903716087 2.21080035790801 2.51995587274432 1.05652277259266 1.09638527386329 1.20392761230469 1.26837841272354 1.34371891021729 1.37410619258881 1.45473832956382 1.78240145169772 1.91450235018363 2.07687651652556 1.99648860692978 1.99186556339264 2.01684769392014 2.27234119176865 3.21441826650075 2.9887173133237
