EcologicalScience/Bass/data/rs_data_bass/chl_393.asc
NCOLS 226 
NROWS 124 
XLLCORNER -9.41648524995501 
YLLCORNER 47.587301625531 
CELLSIZE 0.0833 
NODATA_value -9999 
[rows 54 to 80 of 124, columns 122 to 182 of 226]
2.63704723119736 2.66133749485016 2.69763082265854 2.54449492692947 2.52694952487946 1.41837728023529 1.26246672868729 1.08982849121094 2.18016082048416 1.23807522654533 0.977627277374268 1.04578274488449 1.01943674683571 1.02037873864174 1.05613803863525 1.03121852874756 1.17405527830124 1.33565175533295 1.1301217675209 0.884099990129471 0.796913266181946 0.760371744632721 0.793705523014069 0.885875970125198 1.08275771141052 1.24039578437805 0.819240778684616 0.860941529273987 0.977705955505371 1.2990944981575 1.21336877346039 1.19416424632072 1.17341548204422 1.15456053614616 1.14969375729561 1.87717044353485 1.45659452676773 1.52415150403976 1.45207875967026 1.4711227118969 2.37365067005157 1.29876825213432 1.14108824729919 0.860074505209923 1.11500203609467 1.49489325284958 2.56688943505287 3.05829358100891 3.32969546318054 3.80601644515991 5.84158396720886 6.64244216680527 4.83606943488121 4.33189085125923 5.83622789382935 6.19914248585701 6.91358593532017 7.10436109134129 7.2099346773965 7.36924634660993 8.35400263038841
2.63698267936707 2.63272655010223 2.93969696760178 3.05955219268799 1.93964123725891 1.72712028026581 1.65989905595779 2.87987995147705 1.7905912399292 1.98201978206635 1.46037000417709 1.12548977136612 1.18974226713181 1.13095423579216 1.31021100282669 0.964042514562607 1.00303646922112 1.21740451455116 1.17692247033119 1.18782895803452 1.10406678915024 1.18861278891563 1.39554378390312 1.42570129036903 1.90983974933624 1.91013604402542 1.37757298350334 1.50996816158295 1.55588096380234 1.42243275046349 1.16271901130676 1.229790776968 1.24348649382591 1.57543462514877 1.39790663123131 1.28263539075851 1.21918728947639 1.17642071843147 1.06310512125492 1.40947371721268 1.17273327708244 1.08808925747871 1.10250926017761 1.17632925510406 0.79069235175848 3.1071349978447 1.30659002065659 5.65256190299988 7.02713227272034 7.06926488876343 8.91958326101303 8.64639553427696 5.53533114705767 6.27673788070679 5.74543721335275 7.29372811317444 8.20246635164533 10.4240051718319 10.5720698833466 -9999 -9999
2.38170897960663 2.79456907510757 3.07427537441254 2.60118752717972 2.57780402898788 2.43066680431366 2.05527520179749 1.94352757930756 2.12507843971252 1.78259843587875 1.30287301540375 1.12947973608971 1.10588103532791 1.20015674829483 1.59971398115158 1.53575474023819 1.31299424171448 1.0772910118103 1.2104474902153 1.30231127142906 1.4234444797039 1.43893870711327 1.46126103401184 1.48694998025894 1.55300170183182 1.6352287530899 1.68760567903519 1.412319034338 1.31223374605179 1.0451355278492 0.981126755475998 1.00445401668549 1.19778527319431 1.12801238894463 1.11271575093269 1.12458300590515 0.884542465209961 0.882515251636505 0.942123770713806 0.969257742166519 0.829941242933273 0.830112248659134 0.943637013435364 0.701311513781548 0.949989706277847 1.11243671178818 1.68834900856018 8.50447130203247 7.45232510566712 3.24003497759501 4.20487678050995 4.66632884740829 4.41665577888489 5.67139166593552 7.42611203874861 9.03020468918053 -9999 -9999 -9999 -9999 -9999
2.5021875500679 2.43683481216431 3.31321334838867 2.14556783437729 2.0135902762413 2.14532625675201 2.10459977388382 1.83666676282883 1.70917046070099 1.55112969875336 1.66007548570633 1.38628345727921 1.25942024588585 1.69777357578278 1.70651704072952 1.59230178594589 1.58515870571136 1.62822532653809 1.72569447755814 1.57739996910095 1.68666940927505 1.75106102228165 1.53477519750595 1.42749971151352 1.39675122499466 1.41384753584862 1.55035507678986 1.15325474739075 1.04690846800804 0.852816760540009 0.856728762388229 0.851691752672195 0.889481216669083 0.851477265357971 0.844626009464264 0.801954030990601 0.793766230344772 0.797394722700119 0.719561263918877 0.554148763418198 0.514028996229172 0.570675015449524 0.640763998031616 0.725528240203857 0.89334824681282 1.16425877809525 7.20847082138062 12.3016519546509 11.9380354881287 5.16662894476444 5.58595705032349 6.49655938148499 7.33326387405396 8.30179412024362 11.5823464393616 -9999 -9999 -9999 -9999 -9999 -9999
3.05387914180756 3.31831276416779 3.65445005893707 2.23534494638443 1.93923908472061 1.8585450053215 1.64663100242615 1.58894616365433 1.67304754257202 1.5542174577713 1.60750418901443 1.5629106760025 1.54280251264572 1.85140872001648 1.53724730014801 1.57914966344833 1.77506858110428 1.33578604459763 1.4299102127552 1.61533954739571 1.78708273172379 1.80767101049423 1.85364863276482 1.38101622462273 1.43533873558044 1.17262798547745 0.973881036043167 0.89010152220726 0.708725228905678 0.770537227392197 0.811737030744553 0.832841277122498 0.741110265254974 0.714929267764091 0.694838985800743 0.695509493350983 0.668361738324165 0.665551498532295 0.575351983308792 0.571099519729614 0.512413501739502 0.636696025729179 0.641450241208076 1.6505640745163 2.79639357328415 6.44820272922516 10.4953968524933 6.03899555121149 8.65057601247515 9.9515066742897 8.61581844091415 7.55358195304871 7.43505907058716 16.9804065227509 35.3411480156151 -9999 -9999 -9999 -9999 -9999 -9999
3.15507541819711 7.0934763644871 4.91234314441681 2.56388854980469 1.90541392564774 1.46748304367065 1.45006728172302 1.37611350417137 1.44984671473503 3.71229752898216 1.67915707826614 2.23267757892609 2.02932527661324 1.76824951171875 2.02504420280457 2.28559792041779 2.34307050704956 1.59705144166946 0.927510023117065 1.86074844002724 1.79927963018417 1.82066023349762 1.77333748340607 1.75828984379768 1.37360402941704 1.31530049443245 1.00164601206779 0.732969760894775 0.767698466777802 0.739626735448837 0.683063998818398 0.664502263069153 0.657768756151199 0.598551750183105 0.609213754534721 0.595927521586418 0.636128626763821 0.620293132960796 0.619177892804146 0.604302741587162 0.455373018980026 0.480956241488457 1.51352691650391 2.83738642930984 4.08552384376526 3.92915260791779 9.61957740783691 -9999 6.54839543195871 6.77951085567474 7.05027663707733 6.66117181777954 31.3798735141754 48.485878944397 28.0157301766532 43.3538857973539 -9999 -9999 -9999 -9999 -9999
-9999 -9999 -9999 -9999 -9999 -9999 -9999 2.28387522697449 5.49612513184547 6.10205268859863 4.0890179425478 2.79852345585823 2.5948571562767 2.08176183700562 1.66577889025211 1.70806834101677 1.78749114274979 1.4687647819519 0.938094735145569 1.56176128983498 0.754492521286011 0.761084228754044 1.30228102207184 1.27025723457336 1.3527840077877 1.14313128590584 1.06137451529503 1.04471877217293 0.712742999196053 0.5572379976511 0.824511364102364 0.802553996443748 0.683661729097366 0.586404740810394 0.546083986759186 0.609865106642246 0.604837864637375 0.581733763217926 0.626899480819702 0.571416735649109 0.52370023727417 0.660833984613419 1.92677021026611 2.78894251585007 5.26939344406128 6.7399628162384 8.60528612136841 13.461873383198 -9999 -9999 -9999 -9999 35.2768878936768 41.1334562301636 32.1521607807704 55.856696595086 -9999 -9999 -9999 -9999 -9999
-9999 -9999 -9999 -9999 -9999 -9999 -9999 -9999 -9999 -9999 6.20760355889797 3.5389552116394 4.06664961576462 2.0985934138298 2.00698506832123 2.02213494479656 2.46479022502899 2.07389545440674 1.79328820109367 1.5432942211628 1.47086456418037 1.43144249916077 1.16674423217773 1.50969783961773 1.53173214197159 1.4561962634325 0.710816234350204 0.927149504423141 0.817155763506889 0.785233497619629 0.773962877690792 0.730978891253471 0.626830503344536 0.580423124134541 0.608814731240273 0.616210117936134 0.69701175391674 0.685106992721558 0.681775510311127 0.789057791233063 1.06606274843216 2.30365204811096 3.01877617835999 3.39312601089478 4.66911149024963 9.43500566482544 13.3302952051163 29.0682649612427 -9999 -9999 -9999 -9999 17.548882484436 26.8661353928702 35.2892847061157 38.0104937553406 33.8453634125846 40.5475105872521 -9999 -9999 -9999
-9999 -9999 -9999 -9999 -9999 -9999 -9999 -9999 -9999 -9999 -9999 -9999 3.24956917762756 2.60288661718369 2.31812810897827 2.30090510845184 2.3929845392704 2.26624554395676 1.8814637362957 1.60833570361137 1.34266525506973 1.27751997113228 0.578655749559402 0.596274733543396 0.585705757141113 0.646992757916451 0.631909489631653 0.630299270153046 0.650363981723785 0.901746332645416 0.953081265091896 0.700318515300751 0.629218116402626 0.61048836261034 0.623664736747742 0.563980489969254 0.692319765686989 0.732365995645523 0.763475239276886 1.10214972496033 1.60583925247192 2.50014066696167 2.82033830881119 3.48535108566284 4.46190690994263 13.1518642902374 11.3633100153173 -9999 -9999 -9999 -9999 -9999 -9999 -9999 9.13771500820067 28.2884960174561 39.581244468689 44.053182056972 10.8786277770996 -9999 -9999
-9999 -9999 -9999 -9999 -9999 -9999 -9999 -9999 -9999 -9999 -9999 4.3704868555069 3.55328053236008 2.97547835111618 2.55579113960266 2.38181591033936 2.14460170269012 1.51151096820831 2.03144872188568 1.7727564573288 1.41573819518089 0.382618501782417 0.440247014164925 0.647573992609978 0.632596492767334 0.653081238269806 0.97318460047245 1.03469136357307 1.08991165459156 1.03234089910984 0.944810628890991 0.881454393267632 0.801987737417221 0.694596737623215 0.61786200106144 0.628590747714043 0.696339011192322 0.779580742120743 0.943639487028122 1.45734447240829 2.26871091127396 2.75811070203781 2.95839375257492 3.10342633724213 3.78104567527771 9.64201211929321 15.5715757133891 33.0447750091553 -9999 -9999 -9999 12.8258095979691 12.0475616455078 10.1694177389145 12.4032764434814 17.4374143736703 31.7334031105042 43.5942531313215 16.0008031703808 -9999 -9999
-9999 -9999 -9999 -9999 -9999 -9999 -9999 -9999 -9999 -9999 -9999 -9999 4.0331711769104 3.21680027246475 3.19283732771873 1.77966749668121 1.5134602189064 1.34827423095703 1.23643353581429 1.2156757414341 1.18484401702881 0.623341485857964 0.636546760797501 0.786803215742111 1.17874503135681 0.711357772350311 1.06070664525032 1.11932475864887 1.07912626862526 0.869551867246628 0.928792119026184 0.66253200173378 0.622173741459846 0.65982449054718 0.681105002760887 0.67026150226593 0.741721495985985 0.9283087849617 1.11763277649879 1.91580373048782 2.38202476501465 2.90088218450546 3.16583490371704 3.28375661373138 7.16644875705242 14.4292885780334 7.87281234518996 -9999 -9999 -9999 -9999 -9999 12.343462739672 9.38507652282715 10.5131709235055 10.4686683246068 12.0610562733241 -9999 -9999 -9999 -9999
-9999 -9999 -9999 -9999 -9999 -9999 -9999 -9999 -9999 -9999 -9999 3.67937564849854 3.69954192638397 3.0310015976429 2.96774652600288 3.03358796238899 1.22337448596954 1.18275448679924 1.06573873758316 0.930650264024734 0.937689006328583 0.787070989608765 0.753732025623322 0.73634098470211 0.719798237085342 0.706686750054359 0.720798745751381 1.00460587441921 0.869181364774704 0.862481251358986 0.67678727209568 0.694431021809578 0.708265498280525 0.683139011263847 0.695852234959602 0.676575735211372 0.756617993116379 0.914463043212891 1.15135502815247 2.21836656332016 2.58901119232178 2.73892432451248 2.6790007352829 4.1442779302597 4.9796394109726 6.38165041312431 3.86466658115387 -9999 -9999 -9999 -9999 -9999 12.1076785326004 10.0972875186375 10.6350327219282 16.8095482449199 -9999 -9999 -9999 -9999 -9999
-9999 -9999 -9999 -9999 -9999 -9999 -9999 -9999 -9999 -9999 -9999 3.65746796131134 3.76364326477051 3.18740177154541 1.72896981239319 1.60329973697662 1.35330972075462 1.18602445721626 1.00998598337173 1.00395226478577 0.989026486873627 0.926325023174286 0.794096231460571 0.777484506368637 0.707096233963966 0.736257746815681 0.784061998128891 0.865236729383469 0.904193222522736 0.853058651089668 0.87040950357914 0.696277499198914 0.72358649969101 0.743202745914459 0.799113035202026 0.791784793138504 0.925329029560089 1.2042810022831 1.78990423679352 2.38934022188187 2.51530802249908 2.79794543981552 2.68860751390457 4.26776611804962 4.47502112388611 8.77638691142925 3.86466693878174 -9999 -9999 -9999 -9999 12.1949715614319 -9999 -9999 -9999 -9999 -9999 -9999 -9999 -9999 -9999
-9999 -9999 -9999 -9999 -9999 -9999 -9999 -9999 -9999 -9999 -9999 3.58420050144196 3.22047382593155 1.97036093473434 1.98663067817688 1.56037205457687 1.45940548181534 1.34467801451683 1.20478123426437 1.11200103163719 1.00299972295761 0.939003735780716 0.914009213447571 0.829706221818924 0.752762228250504 0.791810274124146 0.836767494678497 0.88842898607254 0.858116269111633 0.749724760651588 0.703863009810448 0.824840247631073 0.930749237537384 0.975020974874496 1.01319220662117 0.990149974822998 1.19224047660828 1.56021076440811 2.09830731153488 2.29238998889923 2.18246322870255 2.5846694111824 4.26858508586884 4.32873666286469 8.01082968854193 -9999 -9999 -9999 -9999 -9999 -9999 -9999 -9999 -9999 -9999 -9999 -9999 -9999 -9999 -9999 -9999
-9999 -9999 -9999 -9999 -9999 -9999 -9999 -9999 -9999 -9999 21.3139791216169 3.55252021551132 2.1960591673851 1.96341973543167 1.77085947990417 1.61567097902298 1.52635806798935 1.35560247302055 1.18093049526215 1.01160898804665 1.09496703743935 1.1052660048008 1.03854221105576 0.802596777677536 0.794864237308502 0.774067461490631 0.823277235031128 0.897634506225586 0.871394276618958 0.866652756929398 0.83438104391098 0.834092974662781 0.919654458761215 1.22610899806023 1.41464397311211 1.61585694551468 1.85293793678284 1.96909654140472 2.14485901594162 4.43755656480789 2.92117041349411 3.44850611686707 4.72307789325714 8.17961792085991 13.2242312761674 -9999 -9999 -9999 -9999 -9999 -9999 -9999 -9999 -9999 -9999 -9999 -9999 -9999 -9999 -9999 -9999
-9999 -9999 -9999 -9999 -9999 -9999 -9999 -9999 -9999 3.28386068344116 3.40391135215759 3.31061214208603 2.4027104973793 2.15446794033051 1.7994892001152 1.68329107761383 1.67335277795792 1.39057123661041 1.19149276614189 1.28424748778343 1.35895353555679 1.20368099212646 0.977355748414993 0.958790212869644 0.848907709121704 0.90095928311348 0.718121990561485 0.724692732095718 0.824877709150314 0.881586760282516 0.881857484579086 0.897938221693039 1.07837998867035 1.69477128982544 1.87347078323364 2.03342467546463 2.22483372688293 2.3911110162735 2.481804728508 2.89884978532791 3.28729033470154 3.35177314281464 19.3678059763121 5.69786846637726 3.25656187534332 -9999 -9999 -9999 -9999 -9999 -9999 -9999 -9999 -9999 -9999 -9999 -9999 -9999 -9999 -9999 -9999
-9999 -9999 -9999 -9999 -9999 -9999 -9999 -9999 3.79591083526611 3.58034160733223 2.44316393136978 1.95889645814896 2.07681155204773 1.8878121972084 1.70049905776978 1.79008805751801 1.81566971540451 1.54696941375732 1.29953402280807 1.55562150478363 1.485784471035 1.34651175141335 1.36384499073029 1.19208750128746 1.27925737202168 1.2379075884819 0.987541526556015 1.00233525037766 0.85120877623558 0.862768471240997 0.95805823802948 1.32842695713043 2.09984993934631 2.24985748529434 2.44771206378937 2.67317318916321 2.93059426546097 3.3347954750061 3.10410976409912 3.56604659557343 3.57606446743011 -9999 -9999 -9999 -9999 -9999 -9999 -9999 -9999 -9999 -9999 -9999 -9999 -9999 -9999 -9999 -9999 -9999 -9999 -9999 -9999
-9999 -9999 -9999 -9999 -9999 -9999 3.43499712646008 3.66746333241463 3.45014664530754 3.34023749828339 2.25702828168869 2.10432833433151 2.22448459267616 1.84863603115082 1.85182732343674 2.06629425287247 1.89254629611969 1.31161352992058 1.24603128433228 1.6717717051506 1.65453296899796 1.3028467297554 1.16301602125168 1.16049751639366 1.14519828557968 1.21207496523857 1.30256778001785 1.20895197987556 0.883929044008255 0.874171525239944 1.28373670578003 1.94807624816895 2.96681249141693 3.43654561042786 4.12666869163513 4.74919438362122 5.84633159637451 4.98296105861664 5.08614206314087 4.46724573048678 -9999 -9999 -9999 -9999 -9999 -9999 -9999 -9999 -9999 -9999 -9999 -9999 -9999 -9999 -9999 -9999 -9999 -9999 -9999 -9999 -9999
-9999 -9999 -9999 -9999 -9999 -9999 3.66335821151733 3.34992098808289 3.04000639915466 2.72840917110443 2.24443566799164 2.16074770689011 1.9171199798584 1.74223279953003 1.93622928857803 1.70425343513489 1.39164823293686 1.02182471752167 1.21137902140617 1.65077394247055 1.6273627281189 1.57626593112946 1.41815927624702 1.2630667090416 1.24421328306198 1.29003372788429 1.36567801237106 1.09531196951866 0.939850509166718 1.09326973557472 1.85892373323441 3.27734470367432 4.67792165279388 5.98294043540955 6.78000497817993 7.33545255661011 7.35724210739136 7.2443482875824 8.04355716705322 -9999 -9999 -9999 -9999 -9999 -9999 -9999 -9999 -9999 -9999 -9999 -9999 -9999 -9999 -9999 -9999 -9999 -9999 -9999 -9999 -9999 -9999
-9999 -9999 -9999 55.3700054744102 3.59164406572069 3.67337295413017 3.03529720008373 2.67129528522491 2.9597459435463 2.69044196605682 2.43268346786499 2.12567853927612 1.99527150392532 1.75111949443817 2.00645962357521 1.08351150155067 1.078280210495 1.16997224092484 1.55110341310501 1.43864178657532 1.31467723846436 1.51364707946777 1.41264528036118 1.44248852133751 1.59008699655533 1.66581827402115 1.57448780536652 1.02045679092407 1.34184300899506 2.1520169377327 3.20342838764191 5.06174182891846 5.53896975517273 6.75764393806458 7.45643377304077 8.35745429992676 8.75096225738525 48.9337088554464 -9999 -9999 -9999 -9999 -9999 -9999 -9999 -9999 -9999 -9999 -9999 -9999 -9999 -9999 -9999 -9999 -9999 -9999 -9999 -9999 -9999 -9999 -9999
-9999 -9999 3.80347123566796 3.7848071030208 3.45299819111824 3.71246552467346 2.52460867166519 2.78071278333664 2.75570172071457 2.98839300870895 2.28905993700027 2.09458494186401 1.67637598514557 1.27823773026466 1.10109901428223 0.962740480899811 1.1692102253437 1.55859375 1.52454221248627 1.52596127986908 1.41726896166801 1.4228909611702 1.6256759762764 1.74341171979904 1.86892569065094 1.80774307250977 1.36937847733498 1.70847970247269 2.64761620759964 3.85846710205078 4.63608527183533 4.67517900466919 6.31961488723755 7.45073246955872 7.71785759925842 -9999 -9999 -9999 -9999 -9999 -9999 -9999 -9999 -9999 -9999 -9999 -9999 -9999 -9999 -9999 -9999 -9999 -9999 -9999 -9999 -9999 -9999 -9999 -9999 -9999 -9999
-9999 -9999 3.87527552247047 3.72424104809761 3.01265788078308 2.72621101140976 2.58337873220444 2.97894072532654 2.84966093301773 2.2230150103569 1.82608419656754 1.57614970207214 1.38274195790291 1.33024728298187 0.955464005470276 1.00915199518204 1.32609674334526 1.50874722003937 1.58691447973251 1.49461796879768 1.58665126562119 1.65074855089188 1.98698401451111 1.94719576835632 1.90782594680786 1.50979346036911 2.0638507604599 2.28197407722473 2.70800471305847 3.7072252035141 4.81785464286804 4.74040961265564 5.82958960533142 6.99278783798218 5.53751170635223 3.85161961500461 4.34231338662616 7.53814395268758 -9999 -9999 -9999 -9999 -9999 -9999 -9999 -9999 -9999 -9999 -9999 -9999 -9999 -9999 -9999 -9999 -9999 -9999 -9999 -9999 -9999 -9999 -9999
5.21422976255417 4.12607511878014 2.92584156990051 2.61997354030609 2.63398808240891 2.6156347990036 2.75749808549881 2.52182167768478 2.24927097558975 1.85027933120728 1.879827439785 1.71762299537659 1.56742313504219 1.08750075101852 1.05800020694733 1.12404602766037 1.405697286129 1.76465553045273 1.72103476524353 1.51760333776474 2.07057219743729 2.12799006700516 2.01852750778198 2.00401121377945 1.83518242835999 1.90951126813889 2.50085091590881 3.30671989917755 3.96697890758514 4.73422050476074 5.33520305156708 5.5388571023941 5.61768775695079 -9999 -9999 -9999 -9999 -9999 -9999 -9999 -9999 -9999 -9999 -9999 -9999 -9999 -9999 -9999 -9999 -9999 -9999 -9999 -9999 -9999 -9999 -9999 -9999 -9999 -9999 -9999 -9999
5.67137485742569 6.2236103117466 5.5266318321228 2.87106907367706 2.95000129938126 2.76868879795074 2.37315756082535 2.30832231044769 2.84954291582108 2.5926348567009 1.97117471694946 1.87829178571701 1.65964016318321 1.13362500071526 1.17201527953148 1.40561324357986 1.7928119301796 1.368567019701 1.4138805270195 1.55132853984833 1.99895703792572 2.53010469675064 2.64906674623489 2.77866232395172 2.84617871046066 3.6909681558609 5.62276875972748 5.14139986038208 4.4730988740921 4.06805634498596 4.31106662750244 4.34420013427734 4.48382556438446 5.30163466930389 -9999 -9999 -9999 -9999 -9999 -9999 53.2305880446932 12.6942715644836 -9999 -9999 -9999 -9999 -9999 -9999 -9999 -9999 -9999 -9999 -9999 -9999 -9999 -9999 -9999 -9999 -9999 -9999 -9999
-9999 -9999 10.718525826931 10.8696159124374 12.4149476587772 7.33577156066895 5.17898574471474 4.23478589951992 3.11715567111969 3.0287204682827 2.81387248635292 2.07610166072845 1.09788224101067 1.27459046244621 1.35318598151207 1.49728278815746 0.768295526504517 1.21230974793434 1.82163816690445 1.81372766196728 3.03778338432312 5.08506059646606 4.31808006763458 4.79362285137177 4.59242033958435 6.33569383621216 6.01054215431213 5.79759442806244 7.85008764266968 3.61894190311432 3.43876934051514 3.90202796459198 4.69045772604699 3.42093944549561 -9999 -9999 -9999 -9999 -9999 -9999 -9999 -9999 -9999 -9999 -9999 -9999 -9999 -9999 -9999 -9999 -9999 -9999 -9999 -9999 -9999 -9999 -9999 -9999 -9999 -9999 -9999
-9999 -9999 -9999 -9999 -9999 -9999 -9999 5.15518972090074 3.64405936002731 2.29622626304626 2.55898422002792 1.64767429232597 1.17263773083687 1.41444638371468 2.85449320077896 2.16327381134033 1.64800357818604 2.48911947011948 3.58672714233398 2.28133991360664 2.4344385266304 2.56479942798615 12.0344924926758 6.45195007324219 6.33289003372192 11.3463571071625 11.5302429199219 6.89715027809143 -9999 -9999 -9999 -9999 -9999 -9999 -9999 -9999 -9999 -9999 -9999 -9999 -9999 -9999 -9999 -9999 -9999 -9999 -9999 -9999 -9999 -9999 -9999 -9999 -9999 -9999 -9999 -9999 -9999 -9999 -9999 -9999 -9999
-9999 -9999 -9999 -9999 -9999 -9999 -9999 -9999 3.1336427628994 2.50941413640976 1.72967022657394 1.50695022940636 1.65681606531143 5.04198002815247 3.81661355495453 6.76733779907227 6.16591787338257 2.50194820761681 2.84970983862877 2.90737169981003 3.07222053408623 8.90729141235352 9.81586861610413 10.8708086013794 11.1130836009979 4.65394528122509 -9999 -9999 -9999 -9999 -9999 -9999 -9999 -9999 -9999 -9999 -9999 -9999 -9999 -9999 -9999 -9999 -9999 -9999 -9999 -9999 -9999 -9999 -9999 -9999 -9999 -9999 -9999 -9999 -9999 -9999 -9999 -9999 -9999 -9999 -9999
