EcologicalScience/Bass/data/rs_data_bass/chl_289.asc
NCOLS 226 
NROWS 124 
XLLCORNER -9.41648524995501 
YLLCORNER 47.587301625531 
CELLSIZE 0.0833 
NODATA_value -9999 
[rows 0 to 26 of 124, columns 62 to 123 of 226]
-9999 -9999 -9999 -9999 -9999 -9999 -9999 -9999 -9999 -9999 -9999 -9999 -9999 -9999 -9999 -9999 -9999 -9999 -9999 -9999 -9999 -9999 -9999 -9999 -9999 -9999 -9999 -9999 -9999 -9999 -9999 -9999 -9999 -9999 -9999 -9999 -9999 -9999 -9999 -9999 -9999 -9999 -9999 -9999 -9999 -9999 -9999 -9999 -9999 -9999 -9999 -9999 -9999 -9999 -9999 -9999 -9999 -9999 -9999 -9999 -9999 -9999
-9999 -9999 -9999 -9999 -9999 -9999 -9999 -9999 -9999 -9999 -9999 -9999 -9999 -9999 -9999 -9999 -9999 -9999 -9999 -9999 -9999 -9999 -9999 -9999 -9999 -9999 -9999 -9999 -9999 -9999 -9999 -9999 -9999 -9999 -9999 -9999 -9999 -9999 -9999 -9999 -9999 -9999 -9999 -9999 -9999 -9999 -9999 -9999 -9999 -9999 -9999 -9999 -9999 -9999 -9999 -9999 -9999 -9999 -9999 -9999 -9999 -9999
-9999 -9999 -9999 -9999 -9999 -9999 -9999 -9999 -9999 -9999 -9999 -9999 -9999 -9999 -9999 -9999 -9999 -9999 -9999 -9999 -9999 -9999 -9999 -9999 -9999 -9999 -9999 -9999 -9999 -9999 -9999 -9999 -9999 -9999 -9999 -9999 -9999 -9999 -9999 -9999 -9999 -9999 -9999 -9999 -9999 -9999 -9999 -9999 -9999 -9999 -9999 -9999 -9999 -9999 -9999 -9999 -9999 -9999 -9999 -9999 -9999 -9999
-9999 -9999 -9999 -9999 -9999 -9999 -9999 -9999 -9999 -9999 -9999 -9999 -9999 -9999 -9999 -9999 -9999 -9999 -9999 -9999 -9999 -9999 -9999 -9999 -9999 -9999 -9999 -9999 -9999 -9999 -9999 -9999 -9999 -9999 -9999 -9999 -9999 -9999 -9999 -9999 -9999 -9999 -9999 -9999 -9999 -9999 -9999 -9999 -9999 -9999 -9999 -9999 -9999 -9999 -9999 -9999 -9999 -9999 -9999 -9999 -9999 -9999
-9999 -9999 -9999 -9999 -9999 -9999 -9999 -9999 -9999 -9999 -9999 -9999 -9999 -9999 -9999 -9999 -9999 -9999 -9999 -9999 -9999 -9999 -9999 -9999 -9999 -9999 -9999 -9999 -9999 -9999 -9999 -9999 -9999 -9999 -9999 -9999 -9999 -9999 -9999 -9999 -9999 -9999 -9999 -9999 -9999 -9999 -9999 -9999 -9999 -9999 -9999 -9999 -9999 -9999 -9999 -9999 -9999 -9999 -9999 -9999 -9999 -9999
-9999 -9999 -9999 -9999 -9999 -9999 -9999 -9999 -9999 -9999 -9999 -9999 -9999 -9999 -9999 -9999 -9999 -9999 -9999 -9999 -9999 -9999 -9999 -9999 -9999 -9999 -9999 -9999 0.63735419511795 1.11396609660048 7.24799537658691 2.9245485663414 1.91001069545746 1.56615668535233 1.37739300727844 1.46326875686646 1.48173826932907 1.45850399136543 1.02022871375084 4.14017772674561 2.56810945272446 1.72328621149063 1.16160070896149 1.01026502251625 0.887600988149643 0.56674499809742 0.512725487351418 0.484073236584663 0.48116397857666 0.559259980916977 0.615765005350113 0.573701977729797 0.586332768201828 0.535943984985352 0.468854248523712 0.396273002028465 0.345483005046844 0.349777489900589 0.348613500595093 0.344044491648674 0.330573007464409 0.334873504936695
-9999 -9999 -9999 -9999 -9999 -9999 -9999 -9999 -9999 -9999 -9999 -9999 -9999 -9999 -9999 -9999 -9999 -9999 -9999 -9999 -9999 -9999 -9999 -9999 -9999 -9999 1.18186515569687 1.0627324283123 4.75897264480591 4.50642836093903 2.28816372156143 2.01649653911591 1.86359846591949 1.35936972498894 1.24230971932411 1.99353003501892 2.29837203025818 1.16718676686287 1.51671302318573 1.24381873011589 1.61350125074387 1.66031473875046 1.67110347747803 1.34850373864174 1.56320768594742 1.49173423647881 1.58474242687225 2.03613603115082 1.64787143468857 2.04457193613052 1.31916904449463 0.911682039499283 0.797016710042953 0.656025007367134 0.831414788961411 0.715664997696877 0.516433507204056 0.48266775906086 0.399778515100479 0.393077999353409 0.378622502088547 0.326946750283241
-9999 -9999 -9999 -9999 -9999 -9999 -9999 -9999 -9999 -9999 -9999 -9999 -9999 -9999 -9999 -9999 -9999 -9999 -9999 -9999 -9999 -9999 -9999 -9999 -9999 -9999 1.18186515569687 6.13436579704285 4.63707232475281 2.53522878885269 1.78594583272934 1.34261476993561 1.37618628144264 1.44631272554398 5.78957533836365 5.13712191581726 3.36896860599518 2.88200318813324 0.952020764350891 1.23841497302055 1.57523024082184 1.14098846912384 1.23551246523857 1.34525996446609 1.93001103401184 2.59403783082962 1.89244508743286 1.23104774951935 1.17492896318436 1.09249278903008 1.64022606611252 0.751628994941711 0.572786271572113 0.569701507687569 0.764789968729019 0.763792544603348 0.541828483343124 0.435975015163422 0.486206263303757 0.445392742753029 0.502095758914948 0.695421740412712
-9999 -9999 -9999 -9999 -9999 -9999 -9999 -9999 -9999 -9999 -9999 -9999 -9999 -9999 -9999 -9999 -9999 -9999 -9999 -9999 -9999 -9999 -9999 -9999 -9999 -9999 9.25644278526306 5.66561615467072 2.9445937871933 2.50537866353989 2.34726601839066 2.10217881202698 1.99139624834061 3.88737237453461 4.42816579341888 3.28534126281738 2.77814322710037 1.60222274065018 1.89595645666122 2.74085247516632 2.92643254995346 2.49547505378723 1.98274058103561 3.26853311061859 1.73228323459625 0.374000988900661 0.457580253481865 0.552635997533798 1.01045322418213 0.795264780521393 0.598738521337509 0.549446985125542 0.512557491660118 0.48607049882412 0.453720733523369 0.374263510107994 0.308793760836124 0.319916255772114 0.379412233829498 0.439874991774559 0.814828455448151 1.06960952281952
-9999 -9999 -9999 -9999 -9999 -9999 -9999 -9999 -9999 -9999 -9999 -9999 -9999 -9999 -9999 -9999 -9999 -9999 -9999 -9999 -9999 -9999 -9999 -9999 -9999 1.19121462106705 7.54827618598938 4.72451913356781 2.91085124015808 2.80373400449753 2.3111692070961 2.62946248054504 4.30975663661957 4.53964877128601 2.14854830503464 1.78477799892426 1.97609621286392 2.58537608385086 3.01377153396606 4.01483845710754 3.24059164524078 1.78292173147202 1.0766310095787 0.899261265993118 1.01089650392532 0.933989971876144 1.67956280708313 1.11747747659683 0.787767738103867 0.550867483019829 0.414957761764526 0.416234984993935 0.376623764634132 0.34418398886919 0.342320993542671 0.291897006332874 0.291257254779339 0.32515724748373 0.311645239591599 0.432133510708809 0.700885489583015 0.523352980613708
-9999 -9999 -9999 -9999 -9999 -9999 -9999 -9999 -9999 -9999 -9999 -9999 -9999 -9999 -9999 -9999 -9999 -9999 -9999 -9999 -9999 -9999 -9999 -9999 -9999 3.49902391433716 3.26965427398682 2.07023173570633 1.7528663277626 2.14615648984909 1.88208746910095 5.15784215927124 5.03016006946564 2.28937876224518 2.31376433372498 2.06075030565262 2.73711901903152 3.87568652629852 4.50162434577942 2.89816582202911 1.84093201160431 1.81127768754959 1.83365768194199 2.40396523475647 1.33244848251343 1.53268128633499 1.60282641649246 1.33209300041199 0.996510744094849 0.525432005524635 0.465205505490303 0.436911731958389 0.32218573987484 0.285535499453545 0.296150989830494 0.263805739581585 0.263228259980679 0.281907007098198 0.26086650788784 0.241207502782345 0.255591742694378 0.266013756394386
-9999 -9999 -9999 -9999 -9999 -9999 -9999 -9999 -9999 -9999 -9999 -9999 -9999 -9999 -9999 -9999 -9999 -9999 -9999 -9999 -9999 -9999 -9999 -9999 1.31647038459778 3.88606953620911 2.20591807365417 1.63331919908524 1.43014723062515 1.53768825531006 3.78716540336609 6.77662324905396 3.97701287269592 2.76130574941635 3.55181336402893 3.22797667980194 3.6577080488205 4.4299213886261 3.6721111536026 2.02357202768326 3.19819056987762 3.16610026359558 1.84308367967606 1.53304499387741 1.30544096231461 0.651332259178162 0.699281260371208 0.96891975402832 1.25249773263931 0.549369022250175 0.508807495236397 0.515097007155418 0.377920478582382 0.317147992551327 0.298391260206699 0.278920501470566 0.250253990292549 0.244791001081467 0.493083760142326 0.348447002470493 0.275881491601467 0.246993005275726
-9999 -9999 -9999 -9999 -9999 -9999 -9999 -9999 -9999 -9999 -9999 -9999 -9999 -9999 -9999 -9999 -9999 -9999 -9999 -9999 -9999 -9999 -9999 1.50594073534012 4.3885703086853 3.76862704753876 3.32487523555756 2.78545725345612 6.09740495681763 4.85396540164948 3.05960261821747 3.69418716430664 2.51388072967529 3.19240128993988 3.05110716819763 2.81995278596878 3.2159378528595 2.9972317814827 2.67097717523575 2.91712868213654 2.06111168861389 1.68349117040634 1.95665180683136 1.4235457777977 0.858607470989227 0.657408758997917 0.817472219467163 0.762221217155457 0.630359262228012 0.628397271037102 0.446817755699158 0.360881254076958 0.334516502916813 0.286061994731426 0.306622490286827 0.298681497573853 0.207665249705315 0.238296747207642 0.286759503185749 0.289685256779194 0.326562009751797 0.364191010594368
-9999 -9999 -9999 -9999 -9999 -9999 -9999 -9999 -9999 -9999 -9999 -9999 -9999 -9999 -9999 -9999 -9999 -9999 -9999 -9999 -9999 -9999 3.84543442726135 2.88935029506683 2.9984444975853 3.88886690139771 3.97151184082031 3.02380335330963 2.35829025506973 2.48423767089844 2.8475114107132 2.97904121875763 3.99475800991058 3.49505388736725 3.76930117607117 3.18312299251556 3.43290960788727 2.3452200293541 1.88273549079895 1.1494822204113 0.52438648045063 0.583494007587433 0.709011733531952 0.668124005198479 0.510836228728294 0.470527499914169 0.613092005252838 0.460714504122734 0.527729228138924 0.381120756268501 0.257811740040779 0.261107258498669 0.33475050330162 0.335786260664463 0.386140689253807 0.244849495589733 0.325393505394459 0.288473255932331 0.269298747181892 0.275205753743649 0.254630260169506 0.26927849650383
-9999 -9999 -9999 -9999 -9999 -9999 -9999 -9999 -9999 -9999 -9999 -9999 -9999 -9999 -9999 -9999 -9999 -9999 -9999 -9999 2.64602583646774 2.18028522143389 3.90438222885132 3.91553843021393 3.73257529735565 4.10231173038483 6.12890195846558 3.3030366897583 2.53541028499603 2.96247518062592 4.57466626167297 4.92774975299835 5.2524322271347 4.66513216495514 5.48703217506409 4.84631037712097 3.5960533618927 2.59469854831696 1.62098318338394 0.920871734619141 0.448239728808403 0.421489521861076 0.439278021454811 0.346799254417419 0.298085242509842 0.283694989979267 0.354402758181095 0.324051752686501 0.256575755774975 0.243866242468357 0.241100259125233 0.218145757913589 0.223186500370502 0.204394496977329 0.272687248885632 0.335633240640163 0.917958766222 0.720824986696243 0.545652732253075 0.437961772084236 0.991191744804382 1.40786772966385
-9999 -9999 -9999 -9999 -9999 -9999 -9999 -9999 -9999 -9999 -9999 -9999 -9999 -9999 -9999 -9999 -9999 -9999 -9999 -9999 2.24382543273088 4.53993809223175 4.93133640289307 7.22988653182983 7.72865581512451 6.05217146873474 4.79419505596161 5.35521984100342 3.71070885658264 3.42716717720032 4.88842284679413 5.31865060329437 4.71425986289978 3.66100645065308 5.07641243934631 4.93992519378662 2.82598346471786 1.10869270563126 0.563279986381531 0.396610513329506 0.26418299227953 0.253442242741585 0.253520250320435 0.221928007900715 0.221619755029678 0.24388875067234 0.258345007896423 0.269206501543522 0.281240254640579 0.261018745601177 0.261406503617764 0.197613760828972 0.205213509500027 0.217548005282879 0.236894242465496 0.275254502892494 0.814817279577255 2.35624641180038 3.10294210910797 3.1970386505127 2.1327817440033 1.42881596088409
-9999 -9999 -9999 -9999 -9999 -9999 -9999 -9999 -9999 -9999 -9999 -9999 -9999 -9999 -9999 -9999 -9999 -9999 -9999 2.83295398950577 3.70409166812897 4.4036146402359 4.55075562000275 9.65342903137207 6.51791524887085 6.48195934295654 5.89462494850159 5.67455863952637 5.43007135391235 3.96017789840698 3.47436082363129 2.85621821880341 3.41970312595367 3.53804612159729 5.39452707767487 3.44336915016174 0.82886928319931 0.388793259859085 0.2878672555089 0.243788257241249 0.221601739525795 0.205620758235455 0.20660774409771 0.244666501879692 0.257120244204998 0.246332243084908 0.249278247356415 0.261169508099556 0.259791746735573 0.248294994235039 0.268110752105713 0.265351496636868 0.317333243787289 0.455689519643784 0.640672490000725 0.919717490673065 0.66523651778698 1.55103296041489 2.16447454690933 1.33057871460915 1.96154630184174 1.9420582652092
-9999 -9999 -9999 -9999 -9999 -9999 -9999 -9999 -9999 -9999 -9999 -9999 -9999 -9999 -9999 -9999 -9999 -9999 5.85653865337372 6.79886269569397 9.22019791603088 5.98720335960388 5.42545437812805 6.11063861846924 6.7650740146637 6.17060995101929 6.28422689437866 6.90741491317749 5.01160132884979 4.37446045875549 3.15694284439087 3.65345764160156 2.35520929098129 0.877495497465134 0.426683261990547 0.489000767469406 0.369134992361069 0.347026504576206 0.317288249731064 0.29466225206852 0.268742993474007 0.315543740987778 0.345641255378723 0.423632249236107 0.308630995452404 0.272212497889996 0.417410630732775 0.494551509618759 0.648929625749588 0.234830260276794 0.28473074734211 1.07307600975037 1.72079622745514 2.66936552524567 3.97677433490753 2.18851125240326 0.753869265317917 1.11821249127388 1.55892670154572 1.96010398864746 2.30143797397614 1.83688348531723
-9999 -9999 -9999 -9999 -9999 -9999 -9999 -9999 -9999 -9999 -9999 -9999 -9999 -9999 -9999 -9999 -9999 26.2109845690645 10.0364785194397 13.6297974586487 9.88462972640991 6.21624898910522 6.07750654220581 7.01936602592468 8.46549081802368 7.29753398895264 8.08698678016663 9.11808085441589 6.4807026386261 6.49810767173767 5.48509883880615 5.44221317768097 3.63602614402771 1.07965421676636 0.563982009887695 0.355415247380733 0.317609243094921 0.314878508448601 0.447699755430222 0.80170726776123 0.989123225212097 0.754416793584824 0.690873742103577 0.692030265927315 1.06507498025894 0.66592913120985 0.372217498719692 0.33509624004364 1.02891862392426 1.06976100057364 1.17494098842144 2.76058942079544 1.54986673593521 1.3364722430706 1.38485178351402 1.74353331327438 1.46765103936195 1.81636798381805 2.3324099779129 2.23188757896423 2.13318300247192 1.48539751768112
-9999 -9999 -9999 -9999 -9999 -9999 -9999 -9999 -9999 -9999 -9999 -9999 -9999 -9999 -9999 -9999 -9999 -9999 -9999 3.40355479717255 3.79706168174744 4.54735636711121 6.23568820953369 6.26341581344604 7.23618578910828 8.3536262512207 9.09792709350586 11.8745470046997 7.72793769836426 7.91856908798218 5.1086243391037 6.2451159954071 1.73795700073242 1.47806552052498 1.28962495923042 0.72553651034832 0.369708739221096 0.471074268221855 0.610835999250412 1.16419878602028 1.55996632575989 1.24238696694374 4.40441906452179 4.19037353992462 4.98118042945862 3.20951700210571 1.0408972799778 1.93521308898926 0.579718485474586 0.795848250389099 1.25096395611763 0.807136505842209 0.597957015037537 0.699445500969887 1.03660047054291 1.19827196002007 1.16671049594879 1.0883010327816 1.54549133777618 1.63156950473785 1.53106641769409 1.08002775907516
-9999 -9999 -9999 -9999 -9999 -9999 -9999 -9999 -9999 -9999 -9999 -9999 -9999 -9999 -9999 24.6721773147583 2.68953879313035 1.88202112913132 25.21435546875 4.02557158470154 5.93834567070007 6.53737235069275 7.59509110450745 6.98964285850525 7.77018785476685 8.84397053718567 14.29771900177 8.611492395401 8.59203243255615 6.66650605201721 6.65981340408325 4.76289224624634 1.4119057059288 1.13872575759888 0.907225459814072 0.853516459465027 1.1086882352829 1.74681293964386 0.934167712926865 0.693993017077446 0.643531501293182 0.604988247156143 1.05847576260567 1.8640319108963 2.34490352869034 5.29168939590454 9.35985445976257 3.61384356021881 1.43557879328728 0.978572219610214 0.659734502434731 0.461328014731407 0.727122008800507 0.640793994069099 0.745970249176025 1.54654866456985 1.06511771678925 0.948917269706726 1.06184926629066 1.0711484849453 1.07082071900368 0.942723780870438
-9999 -9999 -9999 -9999 -9999 -9999 -9999 -9999 -9999 -9999 35.2986888885498 35.2986888885498 13.7248649597168 15.4902648925781 20.5183038711548 17.8264446258545 21.8159008026123 18.5049548149109 11.4393632411957 11.73579454422 12.0488505363464 9.26077651977539 7.40720915794373 9.50404143333435 10.5677211284637 13.2374625205994 11.0814228057861 4.88542950153351 3.61034631729126 6.10007786750793 6.1460587978363 1.47535872459412 1.05342149734497 0.974338531494141 0.933601498603821 1.22992497682571 1.76769071817398 1.828832924366 0.758419543504715 0.844254791736603 0.806832790374756 0.940022259950638 0.888184458017349 0.481662020087242 0.382184252142906 0.403502270579338 0.662493020296097 0.485196009278297 0.501900762319565 0.636992231011391 0.490894496440887 0.575624272227287 0.844945460557938 0.786956280469894 1.12396502494812 1.41764321923256 1.42186948657036 1.16545951366425 1.0117335319519 0.896696984767914 0.915149956941605 1.03925773501396
-9999 -9999 -9999 -9999 -9999 -9999 -9999 -9999 -9999 -9999 35.2986888885498 5.54246228727801 17.6947646141052 23.0356678962708 29.4619274139404 23.5805540084839 19.1481728553772 13.6579570770264 4.99289540489121 3.78779529608213 18.342381477356 9.73677492141724 10.6759042739868 8.92692518234253 9.19753289222717 9.72104787826538 5.77125692367554 7.06381559371948 10.0198309421539 9.76565980911255 9.19685769081116 1.28196001052856 0.949901282787323 1.03258726000786 1.29867678880692 1.87466329336166 1.93263298273087 1.60805404186249 1.44000524282455 1.21936646103859 0.728435263037682 0.381801009178162 0.5286945104599 0.554159983992577 0.414374247193336 0.451934248209 0.44700899720192 0.449708998203278 0.482318267226219 0.624920234084129 0.635685011744499 0.646111518144608 0.89570027589798 1.46937453746796 1.9185254573822 1.58606243133545 1.69128441810608 1.31624248623848 0.976815015077591 1.00231951475143 1.50936377048492 1.93389666080475
-9999 -9999 -9999 -9999 -9999 -9999 -9999 -9999 -9999 -9999 -9999 -9999 6.26270107253567 6.40151390433311 4.15935816764832 4.63977987425668 -9999 -9999 -9999 -9999 -9999 -9999 11.5610275268555 10.2307133674622 8.42388796806335 8.44614386558533 6.36334347724915 9.22116565704346 10.6232142448425 7.57168650627136 5.37045907974243 2.77493405342102 1.62439566850662 1.30585500597954 1.43161046504974 2.38087195158005 1.88552695512772 1.40909171104431 1.32419246435165 1.0662442445755 0.959702968597412 1.05681896209717 1.33522796630859 0.715194761753082 1.18636724352837 0.801284998655319 0.502435505390167 0.747350245714188 0.759203284978867 0.934768527746201 1.18985250592232 1.45884373784065 1.69119071960449 2.13444596529007 2.15417325496674 2.12797647714615 2.0767582654953 1.95926767587662 1.80754494667053 1.79610979557037 2.05247855186462 2.88598430156708
-9999 -9999 -9999 -9999 -9999 -9999 -9999 -9999 -9999 -9999 -9999 -9999 -9999 16.6274771690369 16.6274771690369 16.6274771690369 -9999 -9999 -9999 -9999 -9999 -9999 4.94490551948547 4.94490551948547 4.94490551948547 0.308659605681896 25.5670516848564 5.02653086185455 6.96834397315979 6.8331606388092 4.44941711425781 4.32003378868103 4.31424236297607 3.5709764957428 3.1330783367157 2.34601128101349 1.8170490860939 1.50830107927322 1.74761402606964 3.77518737316132 1.20845702290535 0.873417019844055 1.71143174171448 2.24869877099991 1.78736472129822 1.16004601120949 1.08952197432518 1.15620446205139 1.12136471271515 1.20216599106789 1.34001901745796 1.45485672354698 1.58631455898285 2.10848701000214 2.46712642908096 2.01234304904938 1.99302899837494 1.94572573900223 1.83630073070526 1.8498929142952 2.05444425344467 2.49208348989487
-9999 -9999 -9999 -9999 -9999 -9999 -9999 -9999 -9999 -9999 -9999 -9999 -9999 -9999 -9999 -9999 -9999 -9999 -9999 -9999 -9999 -9999 -9999 -9999 -9999 -9999 2.44596709634947 5.11296057701111 4.78520607948303 4.03547465801239 5.42250287532806 5.81901454925537 5.14762437343597 4.62570226192474 3.97974371910095 3.61237442493439 1.94655454158783 1.99123191833496 3.86119365692139 1.66480761766434 1.96609354019165 2.60526072978973 2.6959912776947 2.66837400197983 2.61751717329025 2.29196172952652 1.8986901640892 1.50987231731415 1.36707302927971 1.42017602920532 1.4544330239296 1.70296883583069 1.67668569087982 1.78095370531082 2.08845895528793 2.00230658054352 1.8901230096817 1.79260057210922 1.85202974081039 1.82472521066666 3.06252908706665 2.78062802553177
-9999 -9999 -9999 -9999 -9999 -9999 -9999 -9999 -9999 -9999 -9999 -9999 -9999 -9999 -9999 -9999 -9999 -9999 -9999 -9999 -9999 -9999 -9999 -9999 -9999 -9999 -9999 3.75561041964425 4.67811977863312 3.19197463989258 3.61291801929474 8.78426241874695 2.9159152507782 3.52333438396454 3.45744609832764 4.42405343055725 3.17239987850189 2.80237689614296 2.50376093387604 2.70001423358917 2.93207627534866 2.927514731884 2.75875800848007 2.88187730312347 2.68225049972534 2.49723905324936 2.42884647846222 1.44495597481728 1.27046102285385 1.29195821285248 1.38908851146698 1.63755816221237 1.63401156663895 1.74768376350403 2.22778344154358 2.04224556684494 1.84011822938919 1.93745541572571 1.9948650598526 1.99164605140686 2.60383272171021 3.07573807239532
