EcologicalScience/Bass/data/rs_data_bass/chl_222.asc
NCOLS 226 
NROWS 124 
XLLCORNER -9.41648524995501 
YLLCORNER 47.587301625531 
CELLSIZE 0.0833 
NODATA_value -9999 
[rows 54 to 80 of 124, columns 124 to 185 of 226]
2.75977349281311 2.58427280187607 2.66244381666183 2.64468902349472 2.59178853034973 2.66313296556473 2.80875152349472 2.71432882547379 2.95412617921829 3.08657848834991 2.72345140150615 2.3323563337326 2.04251325130463 2.79646275043488 2.39648706912994 2.24687643051147 2.01184449195862 3.82631242275238 2.13295197486877 1.77354190349579 1.8932136297226 2.0020788192749 2.18272697925568 2.10855741500854 2.01859695911407 2.01410776376724 2.03681354522705 2.10498085021973 2.23119177818298 2.30340179204941 2.38421968221664 2.35963439941406 2.15783413368113 1.7406308054924 1.70981025695801 1.58574306964874 1.70467191934586 2.18941580504179 2.15410005301237 2.06876219511032 1.93136369436979 1.72496535181999 1.68497343273724 1.78009207459057 1.72953350841999 1.7524585177501 1.91979892551899 2.20813176780939 2.75600116699934 3.30684941693356 3.39363254371442 3.71741245922289 6.4162915893223 6.27052155733109 11.0020517773098 26.6833686828613 11.87270835042 8.81925898790359 10.4335640072823 15.9748027564695 5.2975770599114 5.11688482761383
2.9383088350296 3.10517263412476 3.16320598125458 3.07667684555054 2.87407207489014 3.04271471500397 3.11197185516357 2.793312728405 2.95067775249481 3.06567585468292 3.07764136791229 3.03407084941864 3.31637406349182 3.32622456550598 2.4429102063179 1.85603553056717 1.75944712758064 7.84617233276367 1.72334091663361 1.79860861301422 1.87525336742401 1.84878102370671 2.0085121010031 2.0747429728508 2.05235148668289 1.96878952980041 1.99801589250565 2.08981139659882 2.8671460946401 2.43845953792334 2.05692536830902 2.0400658249855 2.01984713358038 1.67561316490173 1.80950716137886 1.91754736751318 1.8440874684602 2.05128898690729 1.92384213209152 1.85781032197616 1.70598043128848 1.83806998940075 1.94163729250431 1.97312182188034 2.19499803844251 2.18116277083755 2.31828982383013 2.48644016683102 3.82519148525439 8.45131230354309 5.90279722732046 6.1162794050963 7.16550745134768 8.13759714678714 11.9486128389835 14.2057114988565 10.5720698833466 -9999 -9999 -9999 -9999 -9999
3.22047364711761 3.3285756111145 3.45819282531738 3.30510234832764 3.18809187412262 3.14869129657745 3.04626381397247 2.8319873213768 2.68921118974686 2.57626873254776 2.82435518503189 2.90908867120743 3.01352691650391 3.53255939483643 3.32431411743164 3.42834234237671 2.90616828203201 2.28513532876968 5.65091693401337 1.63220956921577 1.68286871910095 1.57645279169083 2.01575598716736 1.94310405254364 1.91373159885407 1.92847412824631 1.94107775177274 3.28855655193329 2.62790477275848 2.38394393026829 2.13201420754194 2.07393385469913 1.88658781612621 2.03531591097514 1.92801646391551 1.88614614570842 1.82698200029485 1.84042365410749 1.80606962652767 1.75570449408363 1.75367021933198 2.01775155588984 1.81908264756203 2.08659671992064 2.51474867016077 2.82512368261814 4.36574753125509 3.91124476112934 6.26695040516231 5.94382175207138 5.5330673456192 7.24031465053558 7.50750677836569 11.1107461676002 -9999 -9999 -9999 -9999 -9999 -9999 -9999 -9999
3.36544811725616 3.41673588752747 3.50192642211914 3.56927311420441 3.51232123374939 3.26511311531067 3.25082409381866 2.89096873998642 2.70005697011948 2.65690344572067 2.48630028963089 2.84644567966461 2.82276302576065 3.09626412391663 3.04020595550537 2.68172997236252 3.05176877975464 2.58717226982117 2.39232069253922 2.46949428319931 2.29604244232178 1.85959329605103 1.92615885734558 1.84684684276581 1.85716485977173 1.8757762670517 2.21280965209007 3.32113575935364 2.90205299854279 2.37155493100484 1.80283264070749 1.80938565731049 1.93437886238098 1.88104852040609 1.95348159472148 1.89826681216558 1.9329816699028 1.22404047846794 1.31934598088264 1.75774060627993 1.88833357393742 2.00807735323906 2.04543560743332 2.53479579091072 2.54029206186533 2.68344444036484 9.14377899169922 6.58244695029127 9.54145159721374 7.45399379730225 7.02123246192932 8.03048933179755 14.5409270336753 -9999 -9999 -9999 -9999 -9999 -9999 -9999 -9999 -9999
5.42380714416504 4.22292530536652 3.92388904094696 3.83205664157867 3.66299414634705 3.56359720230103 3.50192105770111 3.50516760349274 3.16669571399689 3.38445961475372 3.05832087993622 2.68839079141617 2.42608720064163 2.59519118070602 2.64710104465485 2.32696956396103 2.82575172185898 2.29497224092484 2.20440673828125 2.03690993785858 1.9025377035141 1.61516028642654 1.46798926591873 1.57371068000793 1.60718017816544 1.90678337216377 2.00009882450104 2.10515483220418 2.05470724900564 2.15325848261515 1.99136712402105 1.93822022279104 1.76055125892162 1.75432151556015 1.75999239832163 1.89181898037593 1.80692995295805 1.72628633064382 1.31235149502754 1.6771646104753 1.78483601287007 1.96256998181343 2.42235296219587 2.82277607917786 3.82286115382847 5.02420688712079 9.79267172813416 6.9029084444046 8.88884536425273 6.55073179517473 7.31742095947266 10.1702145526284 35.7419207646297 -9999 -9999 -9999 -9999 -9999 -9999 -9999 -9999 -9999
-9999 6.35832595825195 5.5893269777298 5.31731414794922 4.98353862762451 4.75404238700867 3.89866411685944 3.71035265922546 3.72846758365631 3.56359577178955 3.46184313297272 3.15923702716827 2.9518695473671 2.84539353847504 3.00277197360992 2.29645872116089 2.33677572011948 2.1468254327774 2.08649700880051 2.10877794027328 2.04736876487732 1.58142828941345 1.67414331436157 1.64009928703308 1.63977527618408 1.61913156509399 1.61332583427429 1.47614175081253 1.6547639019349 1.70120631947237 1.87881618738174 1.82201085488001 1.74637567251921 1.72884549200535 1.76199618726969 1.96391725540161 1.89543318397859 1.79516221845851 1.73493019622915 1.83157976935892 2.31846519559622 1.97365336865187 2.14604687690735 2.61194806098938 4.59915233935629 -9999 7.05378170013428 7.13338094407862 10.3865788380305 7.32336326649314 19.5070587158203 58.6463333627452 57.7407462256295 65.4673110505809 -9999 -9999 -9999 -9999 -9999 -9999 -9999 -9999
-9999 -9999 -9999 -9999 -9999 2.28387522697449 4.13384485244751 4.30749821662903 4.06910991668701 3.88647365570068 3.76418781280518 3.41374933719635 3.14155054092407 3.04293143749237 2.55574429035187 2.66801172494888 2.39100748300552 2.05541628599167 2.14332228899002 2.18623423576355 1.70032346248627 1.70306771993637 1.59232717752457 1.51101833581924 1.72174268960953 1.49858102202415 1.48293372988701 1.49663472175598 1.4914927482605 1.47424426674843 1.53253573179245 1.37197047472 1.72829671700796 1.74076896905899 1.64508898468579 1.65131852030754 1.71494298800826 1.89773833751678 1.92739103120916 2.02208402752876 2.25612044334412 1.99585508108139 2.26365530490875 2.33458870649338 2.79116608947515 21.6985785394039 -9999 -9999 -9999 -9999 40.1333577632904 39.7258701324463 42.8727107048035 24.1353529710036 -9999 -9999 -9999 -9999 -9999 -9999 -9999 -9999
-9999 -9999 -9999 -9999 -9999 -9999 -9999 -9999 2.82530374526978 4.57066869735718 4.13106751441956 3.57182264328003 3.17975986003876 3.19223320484161 3.18049192428589 2.80693942308426 2.71931701898575 2.12031447887421 1.95476621389389 1.66763252019882 1.74572843313217 1.57342046499252 1.55538833141327 1.443579018116 1.38245701789856 1.58543175458908 1.40696024894714 1.48421251773834 1.41096076369286 1.46395951509476 1.55564028024673 1.46954253315926 1.37801921367645 1.58006838709116 1.71171660348773 1.86491843685508 1.87649168819189 1.80953040719032 2.00701622168223 2.23204344511032 2.18116098642349 1.85549059510231 2.32482522726059 2.66027775406837 6.17628105628638 29.0682649612427 -9999 -9999 -9999 -9999 17.548882484436 35.0364892867304 66.2712542724609 39.5876173019409 51.4709251948765 46.9974136693137 -9999 -9999 -9999 -9999 -9999 -9999
-9999 -9999 -9999 -9999 -9999 -9999 -9999 -9999 -9999 -9999 4.38895797729492 3.71612191200256 3.56495547294617 3.38447320461273 3.03452396392822 3.10612785816193 2.77747571468353 2.20821225643158 1.95310878753662 1.80459004640579 1.89767843484879 1.5231682062149 1.23310947418213 1.51165044307709 1.47553051710129 1.4607367515564 1.60003119707108 1.46946224570274 1.4300662279129 1.55658531188965 1.5637514591217 1.45272678136826 1.542132275946 1.62223510444164 1.53341250419617 0.966749727725983 1.11116600036621 1.64468936249614 2.22882783412933 2.18516051769257 2.50113844871521 2.18878448009491 2.37184309959412 3.24215219020843 14.1905567848567 -9999 -9999 -9999 -9999 -9999 -9999 -9999 9.99712886679463 20.442455291748 25.9170055389404 20.237816619873 10.8786277770996 -9999 -9999 -9999 -9999 -9999
-9999 -9999 -9999 -9999 -9999 -9999 -9999 -9999 -9999 4.3704868555069 4.52773261070251 4.10237717628479 3.59075617790222 3.39815640449524 2.81961894035339 3.15665709972382 3.06334733963013 2.98851674795151 2.60094970464706 1.85292959563872 1.57019950011197 1.43903507204617 1.34580453704385 1.25689904830035 1.51518748203913 1.5553514957428 1.58022075891495 1.6440052986145 1.52421981096268 1.6266975402832 1.52343467053245 1.5536767244339 1.52039043903351 1.57680762559175 1.46131459996104 1.57367331907153 1.59678153321147 1.38556629419327 1.93537817001343 2.20672225952148 2.32210302352905 2.49256944656372 2.67056250572205 2.78803861141205 24.7931116628415 33.0447750091553 -9999 -9999 -9999 23.0785002215155 18.8413055159829 15.0383027900349 17.6538293578408 21.9761660749262 13.0432233810425 13.1544285615285 14.356781194287 -9999 -9999 -9999 -9999 -9999
-9999 -9999 -9999 -9999 -9999 -9999 -9999 -9999 -9999 -9999 4.9345418214798 4.20329761505127 3.77564084529877 3.43592476844788 2.99831396341324 3.19752700188581 3.17764543785768 2.77792820334435 2.29215613182853 1.47490428475773 1.46791548728943 1.30050517320633 1.26517297029495 1.31035498380661 1.6324084798495 1.70588475465775 1.82743567228317 1.54930358380079 1.4666712641716 1.58214394485249 1.62176757700303 1.57978055477142 1.61039364337921 1.6560048982501 1.47939977422357 1.4973035082221 1.5581939779222 1.70140162110329 2.22408628463745 2.4469838142395 2.3962362408638 2.41937345266342 2.80270975828171 36.0144954522451 8.97111061070729 -9999 -9999 -9999 -9999 -9999 18.5577751506459 16.5295642375946 24.4364156289534 22.4601104476235 30.1198336029053 -9999 -9999 -9999 -9999 -9999 -9999 -9999
-9999 -9999 -9999 -9999 -9999 -9999 -9999 -9999 -9999 3.67937564849854 5.75609564781189 3.70312714576721 3.32170557975769 3.11067974567413 3.87401103973389 3.36842471711776 3.44784812927246 3.15997593402863 2.14378954031888 1.69962259601144 1.61151874065399 1.51211791038513 1.60470986366272 1.86859468619029 1.72840986649195 1.89658600091934 1.80565589666367 1.66167738040288 1.415482532233 1.59292610883713 1.63824955224991 1.62140580415726 1.63207656846327 1.5155831694603 1.77001018077135 1.4451434276998 1.70030270218849 2.60640254616737 3.35472655296326 2.79911631345749 2.09152793884277 2.47417491674423 2.79698467254639 6.14396417488172 3.86466658115387 -9999 -9999 -9999 -9999 -9999 41.5501211379704 13.1188500523567 14.3629055023193 -9999 -9999 -9999 -9999 -9999 -9999 -9999 -9999 -9999
-9999 -9999 -9999 -9999 -9999 -9999 -9999 -9999 -9999 4.53251695632935 4.23580062389374 3.83335268497467 3.26498544216156 2.49639594554901 2.54178071022034 2.23626458644867 1.98367953300476 2.04573601484299 1.8571643093053 1.69530901488136 1.63008439190248 1.32957197638119 1.16519573155571 1.44880774430931 1.50496272929013 1.41363919526339 1.59767887872808 1.58646589868209 1.55315616551568 1.6253274048076 1.68497028771569 1.65738707780838 1.75208930969238 1.20933750271797 1.27363801002502 1.757709223032 1.6590215742588 1.62627720832825 2.22469165921211 3.01204186677933 2.33301222324371 2.98683375120163 3.23972477410969 11.1278212492906 3.86466693878174 -9999 -9999 -9999 -9999 12.1949715614319 -9999 -9999 -9999 -9999 -9999 -9999 -9999 -9999 -9999 -9999 -9999 -9999
-9999 -9999 -9999 -9999 -9999 -9999 -9999 -9999 -9999 5.11918187141418 4.31008064746857 3.30029112952096 2.80041968822479 2.66240394115448 2.56268924474716 2.52901804447174 2.28643047809601 1.97261023521423 1.73971679806709 1.63559737801552 1.3376362639315 1.17401549746008 1.29828742705286 1.41417701169848 1.57464173260857 1.3751084189862 1.401750985533 1.56080540488748 1.63817852034288 1.68388564446393 1.50076595544815 1.71458791494369 1.80607478618622 1.86654367446899 1.90494385361671 1.92090901136398 1.77684597583378 5.3036949634552 3.10072115063667 2.56581401824951 2.62767148017883 2.73098480701447 4.56491554744208 -9999 -9999 -9999 -9999 -9999 -9999 -9999 -9999 -9999 -9999 -9999 -9999 -9999 -9999 -9999 -9999 -9999 -9999 -9999
-9999 -9999 -9999 -9999 -9999 -9999 -9999 -9999 -9999 3.416628872647 2.99841141700745 2.97614622116089 2.80143821239471 2.59498125314713 2.60604751110077 2.54646080732346 2.47030878067017 2.25279307365417 1.52857956290245 1.57627129554749 1.52428762614727 1.44852882974288 1.40778305009007 1.32990549132228 1.26365338079631 1.25914403423667 1.30826411023736 1.52825157903135 1.68337262868881 1.65754475593567 1.67413290739059 1.03061324357986 1.65824997425079 1.67623955011368 1.65077841281891 4.58416728302836 1.93456841216368 2.03839951052385 2.24758012154523 2.46330678462982 2.57505083084106 5.31221534224118 7.96351687017694 -9999 -9999 -9999 -9999 -9999 -9999 -9999 -9999 -9999 -9999 -9999 -9999 -9999 -9999 -9999 -9999 -9999 -9999 -9999
-9999 -9999 -9999 -9999 -9999 -9999 -9999 3.28386068344116 3.62959728240967 3.15725040435791 3.16784477233887 2.99362117052078 2.82547795772552 2.72734808921814 2.6105865240097 2.50241553783417 2.49865955114365 1.78789212022509 1.32207722323281 1.36401598944384 1.48021837643215 1.5096195358783 1.55499984236325 1.42429476625779 1.21228023245931 1.15691849403083 1.33852388709784 1.40085212141275 1.53053424358368 1.61860507726669 1.81879620552063 1.70269203186035 1.84558421373367 1.81955176591873 1.83732400922214 2.03829810619354 2.14892910718918 2.2332133769989 2.45110058784485 2.60083419084549 12.1545253615935 5.69786846637726 3.25656187534332 -9999 -9999 -9999 -9999 -9999 -9999 -9999 -9999 -9999 -9999 -9999 -9999 -9999 -9999 -9999 -9999 -9999 -9999 -9999
-9999 -9999 -9999 -9999 -9999 -9999 4.24858895937602 3.28103196620941 3.55041625920464 3.10729587078094 3.04986584186554 2.94879072904587 2.85923928022385 2.70560932159424 2.39804917573929 2.38378125429153 1.9239452949592 1.57800973738943 1.43021471372672 1.08923622965813 1.05251178145409 1.36285454673426 1.1956305205822 1.3847874473123 1.17909205891192 1.15663459897041 1.9161473162034 1.46144416332245 1.56451910734177 1.67879223823547 1.87164798974991 1.88900399208069 1.9120289683342 1.99865627288818 2.04533994197845 2.66186471195782 2.82575515508652 2.58298201560974 2.488032746315 -9999 -9999 -9999 -9999 -9999 -9999 -9999 -9999 -9999 -9999 -9999 -9999 -9999 -9999 -9999 -9999 -9999 -9999 -9999 -9999 -9999 -9999 -9999
-9999 -9999 -9999 -9999 4.72689167853513 3.27276890277863 3.47107600113925 3.90064267200582 2.98577392101288 3.00143909454346 2.87264692783356 2.89600270986557 2.80285048484802 2.74262470006943 2.68363791704178 2.09899199008942 1.93974342942238 1.53909298319083 1.35623944951938 1.16286599636078 1.2228142619133 1.31513553857803 1.17420002818108 1.22136676311493 1.2549389898777 1.77858735533322 2.8784060197718 1.6466940164566 1.76833422978719 1.7818757891655 2.3043674826622 2.16119992733002 2.15005946159363 2.36699098348618 2.33333623409271 2.77226335160872 4.46518269181252 6.9039592559521 -9999 -9999 -9999 -9999 -9999 -9999 -9999 -9999 -9999 -9999 -9999 -9999 -9999 -9999 -9999 -9999 -9999 -9999 -9999 -9999 -9999 -9999 -9999 -9999
-9999 -9999 -9999 -9999 3.1644404074725 4.28873718339343 2.91317850351334 3.22636413574219 3.02388310432434 2.90356796979904 2.746053814888 2.74387353658676 2.50662446022034 2.45275917649269 2.24056724860118 1.63051879405975 1.57046395540237 1.49107544467999 1.31832176217666 1.24355502770497 1.31088268298369 1.26468751292962 1.23301900120882 1.29834151268005 1.07362729310989 1.39170550841552 1.46562308990038 1.57099293172359 1.66229273378849 2.05254220962524 2.10893708467484 2.27370750904083 2.39001077413559 2.46035778522491 2.6275341721142 2.53783671645557 6.1028310911996 -9999 -9999 -9999 -9999 -9999 -9999 -9999 -9999 -9999 -9999 -9999 -9999 -9999 -9999 -9999 -9999 -9999 -9999 -9999 -9999 -9999 -9999 -9999 -9999 -9999
-9999 27.7068207064154 4.82057088474895 4.33527699043584 4.47537477577434 2.83655244112015 3.07657635211945 3.28711724281311 2.9402226805687 2.66763156652451 2.60379070043564 2.46756219863892 1.65047925710678 1.51071149110794 1.60459131002426 1.73892903327942 1.49370553631049 1.29342003052051 1.08816144787348 1.09565477646314 1.16713814322765 1.22286587724319 1.28047739542448 1.29877652571752 1.36854921395962 1.18769824504852 1.62428939800996 1.82880453765392 1.90946517884731 2.36315470933914 2.51967966556549 2.64249068498611 2.55978602170944 2.34310054779053 11.598884667669 14.2108850208196 -9999 -9999 -9999 -9999 -9999 -9999 -9999 -9999 -9999 -9999 -9999 -9999 -9999 -9999 -9999 -9999 -9999 -9999 -9999 -9999 -9999 -9999 -9999 -9999 -9999 -9999
22.1109330654144 5.27161558662973 5.355384349823 3.02424216270447 2.90501546859741 2.93664908409119 3.21008384227753 3.55080986022949 3.35299515724182 2.92367470264435 2.5012680888176 2.14438569545746 1.70491343736649 1.67598903179169 2.07749046729161 1.61114221352797 1.21846598157516 1.14989470734316 1.12485381434945 1.06176155805588 1.25380757909555 1.34268421163926 1.35781129277669 1.40387906478002 2.45628435909748 1.37122950553894 1.83413869142532 1.98303245007992 2.64497854879924 2.80404531955719 3.02555394172668 2.66263943910599 4.70468282103538 -9999 -9999 -9999 -9999 -9999 -9999 -9999 -9999 -9999 -9999 -9999 -9999 -9999 -9999 -9999 -9999 -9999 -9999 -9999 -9999 -9999 -9999 -9999 -9999 -9999 -9999 -9999 -9999 -9999
26.1427637230266 2.83858362833659 3.56373006105423 3.18117892742157 2.98283851146698 3.1659951210022 3.19249498844147 2.84615242481232 2.94148868322372 2.53449296951294 2.42120684245053 2.18483488900321 1.74068126295294 1.8196726760694 1.64935866173576 1.29682836853541 1.07648591582592 0.995525107933925 1.00875701583349 1.11810854535836 1.2312601185762 1.37803801664939 1.52137665565197 1.53600208117412 2.22665566205978 2.17543167334336 2.22672053025319 2.40659957665664 2.9678641472544 2.79846244198935 4.28031215071678 3.15830559913929 3.33182611832252 21.8796961683976 8.47144561154502 5.29051408261964 -9999 -9999 -9999 -9999 -9999 -9999 -9999 -9999 -9999 -9999 -9999 -9999 -9999 -9999 -9999 -9999 -9999 -9999 -9999 -9999 -9999 -9999 -9999 -9999 -9999 -9999
5.14821588993073 2.84164720773697 2.86399948596954 3.24440324306488 3.28064775466919 3.13605809211731 2.99658608436584 2.75904750823975 2.71998381614685 2.35623306461743 2.09213202340262 1.88000283521764 1.63532165970121 1.61844001798069 1.34171353395169 1.18613045261456 1.01056104210707 1.03826407285837 1.12629395264846 1.11931778834416 1.49865848677499 1.61495018005371 1.85381243910108 1.90523372246669 2.24872416257858 2.44115114670533 2.58646181455025 2.71678863121913 4.04225984215736 4.57666504383087 6.88002603054047 -9999 -9999 -9999 -9999 -9999 -9999 -9999 -9999 -9999 -9999 -9999 -9999 -9999 -9999 -9999 -9999 -9999 -9999 -9999 -9999 -9999 -9999 -9999 -9999 -9999 -9999 -9999 -9999 -9999 -9999 -9999
3.18953990936279 3.18005776405334 3.34059762954712 3.16551232337952 3.42348539829254 3.03748655319214 3.2098531499505 2.79415422677994 2.95293152332306 2.75030100345612 1.9743506424129 1.61064602647509 1.23580863896538 1.13238314320059 1.02659671221461 1.02987073934995 1.08725742651866 1.16211034930669 1.16964321640822 1.46073062374042 1.64072433801798 1.87976759213668 2.05800556678038 2.41760694980621 2.39879179000854 2.75647356418463 2.90193145091717 3.44491787751516 4.22895768710545 4.35387354237693 4.59653222560883 6.51014312537941 -9999 -9999 -9999 -9999 -9999 -9999 20.7530981711487 12.6942715644836 -9999 -9999 -9999 -9999 -9999 -9999 -9999 -9999 -9999 -9999 -9999 -9999 -9999 -9999 -9999 -9999 -9999 -9999 -9999 -9999 -9999 -9999
3.41039764881134 3.64273810386658 3.73910164833069 3.28742158412933 3.52153963968158 3.60820086065092 3.5576002150774 2.76388439961842 2.97881841659546 2.29608231782913 1.83668392896652 1.18219152268241 1.07899692829917 1.11640183715259 1.01800682927881 1.17366642676867 1.27723208757547 1.2776710826617 1.56264674663544 1.87199336748857 2.09379905462265 1.77996902806418 2.33633780479431 2.37063592672348 2.54842346906662 3.29392848565028 3.28430226445198 5.27581224658273 5.40104374018583 3.87481373548508 8.03600598198094 3.42093944549561 -9999 -9999 -9999 -9999 -9999 -9999 -9999 -9999 -9999 -9999 -9999 -9999 -9999 -9999 -9999 -9999 -9999 -9999 -9999 -9999 -9999 -9999 -9999 -9999 -9999 -9999 -9999 -9999 -9999 -9999
-9999 -9999 -9999 -9999 -9999 3.93911911311902 3.77980704392706 3.51586210727692 1.9769829256194 2.05894450204713 1.75149300481592 1.04412018081972 1.06020330318383 1.14847837175642 1.20729972315686 1.30223997281148 1.44647142291069 1.59632716270593 1.74266313589536 2.0553982257843 2.77824999277408 2.61824780702591 2.88392329216003 2.81934982538223 3.49300267696381 5.81817812269384 -9999 -9999 -9999 -9999 -9999 -9999 -9999 -9999 -9999 -9999 -9999 -9999 -9999 -9999 -9999 -9999 -9999 -9999 -9999 -9999 -9999 -9999 -9999 -9999 -9999 -9999 -9999 -9999 -9999 -9999 -9999 -9999 -9999 -9999 -9999 -9999
-9999 -9999 -9999 -9999 -9999 -9999 3.17437934875488 2.16856956481934 2.17600125074387 1.95110321044922 1.12911094831569 1.13541935703584 1.22887910051005 1.30918229264872 1.38785182791097 1.58578036512647 2.11956486850977 1.79162419300813 2.0389347580763 2.02294957637787 3.05763452328168 3.41510403156281 2.86643332242966 3.3645486526373 -9999 -9999 -9999 -9999 -9999 -9999 -9999 -9999 -9999 -9999 -9999 -9999 -9999 -9999 -9999 -9999 -9999 -9999 -9999 -9999 -9999 -9999 -9999 -9999 -9999 -9999 -9999 -9999 -9999 -9999 -9999 -9999 -9999 -9999 -9999 -9999 -9999 -9999
