EcologicalScience/Bass/data/rs_data_bass/chl_350.asc
NCOLS 226 
NROWS 124 
XLLCORNER -9.41648524995501 
YLLCORNER 47.587301625531 
CELLSIZE 0.0833 
NODATA_value -9999 
[rows 54 to 80 of 124, columns 124 to 185 of 226]
1.49748829007149 1.66123580932617 2.09613344073296 1.38363102078438 1.09059771895409 1.31638236343861 1.71233475208282 1.18709698319435 1.10789546370506 1.06379395723343 1.19519779086113 1.29635846614838 1.03281220793724 1.02450227737427 1.00263521075249 0.92001673579216 0.939537763595581 1.05689173936844 0.984628468751907 1.085718780756 1.13557496666908 1.51661467552185 1.76283895969391 1.97545123100281 2.00069779157639 2.04832881689072 2.08378654718399 1.76395243406296 1.7899541258812 1.73713383078575 1.73860278725624 1.70867474377155 1.68394955992699 1.72558723390102 1.46390663087368 1.50290438532829 1.59504970908165 3.43312883377075 3.67165946960449 3.49154770374298 3.34991633892059 1.19118976593018 1.14042373001575 1.54055827856064 1.7025660276413 0.974844485521317 1.68918415904045 1.74032963812351 3.34135580062866 2.65305975079536 5.74672955274582 6.3671248704195 5.67510938644409 7.32902991771698 8.90366291999817 7.34965673089027 7.79975402355194 6.23749606949942 8.9356090372259 12.3298205017243 8.14018804156138 -9999
2.28091651201248 2.05656671524048 2.23357433080673 1.79084551334381 1.1146747469902 0.833000242710114 0.907548040151596 1.33367103338242 1.15837946534157 1.07669922709465 1.28370675444603 1.16963696479797 1.0532760322094 0.884341478347778 0.956325709819794 1.05272027850151 0.880605787038803 1.33829399943352 1.1638785302639 1.27130475640297 1.53337651491165 1.57524830102921 1.93822878599167 1.84094399213791 1.80433344841003 1.82948166131973 2.07158482074738 1.83965885639191 1.85673969984055 1.84731003642082 1.79609656333923 1.70652039349079 1.72937585413456 1.66226094961166 1.66970247030258 1.60687467455864 1.61527723073959 1.59375938773155 1.49988752603531 1.39960652589798 1.29048036038876 1.26399412751198 1.20081152021885 1.135094627738 2.16464048624039 1.28054973483086 1.65632629394531 3.22694849967957 4.76267271382468 5.983510187694 4.80169420582908 4.26462006568909 6.36600065231323 8.55897063016891 8.67043483257294 10.98219871521 10.5720698833466 -9999 -9999 -9999 -9999 -9999
1.66861474514008 1.70650202035904 2.1790754199028 1.7392206788063 1.71316051483154 1.02493572235107 0.917323529720306 1.07563948631287 0.968382373452187 0.957787871360779 0.454658254981041 0.838326036930084 1.11606824398041 1.09852722287178 1.08431178331375 1.1711962223053 1.14789220690727 1.05292050540447 1.00414350628853 1.31554421782494 1.47237074375153 1.56385731697083 1.72226858139038 1.71853083372116 1.7736023068428 1.78448992967606 2.01731032133102 1.88886380195618 1.83567675948143 1.8663255572319 1.80332931876183 1.55177477002144 1.55376523733139 1.63814699649811 1.62410098314285 1.80146124958992 1.38237002491951 1.67657701671124 1.70429444313049 1.46998277306557 1.34974984824657 1.29940612614155 1.34613937139511 2.19223213195801 3.27162325382233 1.80010470747948 1.88001105189323 3.54137939103642 4.55159037453788 3.48634591698647 3.83084893226624 5.70400357246399 9.071724823543 15.3352551460266 -9999 -9999 -9999 -9999 -9999 -9999 -9999 -9999
1.60311752557755 1.38783529400826 1.70044907927513 1.70880451798439 1.74719774723053 1.08215099573135 1.06021651625633 1.05601501464844 0.953494504094124 0.422698482871056 0.429214507341385 0.625241249799728 0.947467535734177 0.928133279085159 0.981110259890556 1.09042878448963 1.15326225757599 1.18386447429657 1.13285511732101 1.17257890105247 1.40743124485016 1.76435029506683 1.78378200531006 1.78944379091263 1.87615048885345 1.88343143463135 2.0572110414505 2.32523167133331 2.41171646118164 2.34536629915237 1.90081197023392 2.16468894481659 2.19501221179962 2.38196182250977 3.18240809440613 0.612288728356361 0.906254231929779 1.00073772668839 1.79258733987808 1.73389247059822 1.03519803285599 1.43047347664833 1.59458658099174 2.47119748592377 3.41944187879562 4.39289045333862 10.6289294958115 5.52265335551096 7.92138266563416 6.70198059082031 5.77145934104919 6.46512079238892 11.3349579334259 -9999 -9999 -9999 -9999 -9999 -9999 -9999 -9999 -9999
1.76820141077042 1.53702566027641 1.83849710226059 2.11097207665443 1.604691401124 1.36560036242008 1.42693354189396 1.26206816732883 1.00097697973251 0.924860626459122 0.920135244727135 0.853610962629318 0.943733990192413 0.993804037570953 1.48318201303482 0.901303857564926 1.90136629343033 1.63158452510834 1.68744224309921 2.06985533237457 2.09984332323074 1.68500554561615 1.69503003358841 1.84993958473206 1.97863054275513 1.96524971723557 0.671754732728004 1.72563976049423 2.66738319396973 1.62305241823196 1.77811056375504 2.40282154083252 1.86973947286606 1.47733274102211 1.80123746395111 1.38443702459335 1.36438500881195 1.20436200499535 1.2175364792347 1.1448772251606 1.16053426265717 1.71650773286819 2.26445245742798 2.48157052695751 5.69024634361267 6.37923395633698 7.42458374159677 9.30525803565979 8.49356734752655 4.85818290710449 4.75186049938202 12.4041380882263 53.3284770965576 -9999 -9999 -9999 -9999 -9999 -9999 -9999 -9999 -9999
-9999 1.46914308071136 1.7713987827301 2.47518702915737 2.60245656967163 2.05175100266933 0.794547189027071 1.65954551696777 2.06199033558369 1.53228151798248 1.27017122507095 1.08881628513336 1.38153228163719 1.56325131654739 1.49284574389458 0.897442862391472 2.0888797044754 1.93976032733917 1.67666333913803 1.97551792860031 1.85727453231812 1.51047295331955 1.62476617097855 1.77933669090271 1.80197775363922 1.86863923072815 1.29076427221298 2.21450704336166 2.99251198768616 1.95069605112076 2.2972469329834 2.33159691095352 1.83506172895432 1.20273971557617 1.181067019701 1.33127626776695 1.66225616633892 1.59588897228241 1.45325696468353 1.18345275521278 1.11107701063156 1.13532078266144 1.91809353232384 2.91394051909447 7.05283677577972 -9999 9.43314785957336 9.43285435438156 8.55994606018066 7.72631206512451 31.1438956260681 34.1376585960388 54.1122679710388 45.9759587645531 -9999 -9999 -9999 -9999 -9999 -9999 -9999 -9999
-9999 -9999 -9999 -9999 -9999 2.28387522697449 2.43365444540978 1.73913770914078 1.58444046974182 1.55844093114138 1.7865926027298 1.33541701734066 0.964292228221893 1.14265277981758 1.13394038379192 2.07251483201981 1.62849336862564 2.16556799411774 1.46006324887276 1.48692977428436 1.49290046095848 1.89106357097626 1.80680930614471 1.53571647405624 1.63601696491241 1.30346551537514 1.12128227949142 0.757667273283005 1.054363489151 1.44411487877369 1.50177526473999 1.58990098536015 1.56239247322083 1.48639945685863 1.42008711397648 1.39420652389526 1.30577212572098 1.21450200676918 1.18660350143909 1.17616201937199 1.12775552272797 1.75163698196411 2.20703172683716 3.05133783817291 3.73891407251358 15.5330916388521 -9999 -9999 -9999 -9999 41.8620319366455 37.4773080825806 39.0899728775024 39.2328088124593 -9999 -9999 -9999 -9999 -9999 -9999 -9999 -9999
-9999 -9999 -9999 -9999 -9999 -9999 -9999 -9999 4.32977638244629 2.43428589105606 1.84378423690796 1.35980661213398 1.21065446734428 1.17083135247231 1.11896923184395 1.81122824549675 1.99776113033295 1.73151406645775 1.62875479459763 1.03907999396324 1.09008899331093 1.25712454319 1.67533493041992 1.99670541286469 1.26336152851582 1.20015487074852 0.870620280504227 0.83635202050209 1.00781625509262 1.18944820761681 0.902075976133347 0.890755534172058 0.848646730184555 0.79050225019455 0.865844249725342 0.920201271772385 1.02908098697662 1.16843104362488 1.20389029383659 1.27087649703026 1.63657987117767 1.88270848989487 2.90763562917709 6.56792914867401 6.43779641389847 29.0682649612427 -9999 -9999 -9999 -9999 17.548882484436 34.4189208348592 30.5185473759969 23.1843958634597 36.494678570674 30.7192586263021 -9999 -9999 -9999 -9999 -9999 -9999
-9999 -9999 -9999 -9999 -9999 -9999 -9999 -9999 -9999 -9999 2.7274979352951 1.95633083581924 1.69009655714035 1.29533252120018 1.23235800862312 1.79373639822006 1.7461901307106 1.72966119647026 1.44461779296398 1.45564126968384 0.941621214151382 1.1402730345726 1.53610807657242 0.903638273477554 1.26605701446533 0.947277724742889 0.903747707605362 0.953871756792068 1.01341196894646 0.863769024610519 1.07190522551537 1.19841299951077 1.18086187541485 1.11086663603783 1.06293560564518 0.867817461490631 1.04651248455048 1.1718502342701 1.45380860567093 1.67143651843071 2.38087195158005 2.85968282818794 2.45072776079178 12.208857357502 12.074255109412 -9999 -9999 -9999 -9999 -9999 -9999 -9999 9.3538249258588 47.7891187667847 50.1243588924408 27.7992433508237 10.8786277770996 -9999 -9999 -9999 -9999 -9999
-9999 -9999 -9999 -9999 -9999 -9999 -9999 -9999 -9999 4.3704868555069 2.47141319513321 1.7390104830265 1.44456151127815 1.38735374808311 1.23257178068161 1.81669834256172 1.84954011440277 1.55495917797089 1.52525925636292 1.08571574091911 1.15337625145912 1.13846884667873 0.906177788972855 0.937536746263504 0.905689537525177 0.926918238401413 0.886312544345856 1.0059457719326 0.987761288881302 0.917654648423195 0.895273491740227 0.973924845457077 1.1177898645401 1.20292237401009 1.19587048888206 1.15255799889565 1.2140009701252 1.32370689511299 2.86634431779385 5.98353660106659 19.5533452033997 3.44782993197441 5.77451366186142 14.3164941072464 17.8904414784561 33.0447750091553 -9999 -9999 -9999 22.803245973587 25.2476625442505 9.40099024772644 9.29963278770447 9.24337720870972 26.6097240447998 26.7358444333076 17.7298840416802 -9999 -9999 -9999 -9999 -9999
-9999 -9999 -9999 -9999 -9999 -9999 -9999 -9999 -9999 -9999 2.18407022953033 1.96267202496529 1.66132575273514 1.37314349412918 1.92321825027466 2.1441952586174 2.16576075553894 1.79742752015591 1.30161184072495 1.21220397949219 1.08246338367462 0.767914474010468 0.869982004165649 0.921347290277481 0.831821233034134 0.803454011678696 0.813419222831726 0.823364228010178 0.809323489665985 0.882279753684998 0.85233411937952 0.903409123420715 1.07259187102318 1.39412887394428 1.48801428079605 1.51034657657146 1.63132721185684 2.18296346068382 4.66556167602539 12.4420060515404 15.2165787220001 14.2937058806419 3.52475899457932 4.34803622961044 8.14899261078788 -9999 -9999 -9999 -9999 -9999 18.3088252544403 10.9576925039291 9.4539806842804 9.64052867889404 10.5222380161285 -9999 -9999 -9999 -9999 -9999 -9999 -9999
-9999 -9999 -9999 -9999 -9999 -9999 -9999 -9999 -9999 3.67937564849854 2.60581045491355 1.95880427956581 1.7465201318264 1.99459987878799 2.3224863409996 2.43303939700127 2.15272128582001 1.27188223600388 1.15127921104431 0.733868256211281 0.789666742086411 0.749246254563332 0.691315501928329 0.792951732873917 0.842598706483841 0.808562591671944 0.853356778621674 0.592055261135101 0.913979217410088 0.576404258608818 0.914855986833572 0.716311499476433 1.13299874961376 1.40675774216652 1.62969902157784 1.77356207370758 1.2473392188549 2.40017554163933 4.4814256131649 8.95090511441231 6.72392857074738 7.30604213476181 19.4496967792511 6.32188135906331 3.86466658115387 -9999 -9999 -9999 -9999 -9999 11.9493034306694 13.3749972070966 10.5603660643101 15.3909225634166 -9999 -9999 -9999 -9999 -9999 -9999 -9999 -9999
-9999 -9999 -9999 -9999 -9999 -9999 -9999 -9999 -9999 3.33877142838069 2.94198341667652 2.75057610869408 2.582146525383 2.63133037090302 2.16466051340103 2.09796220064163 1.23542922735214 1.3292730152607 1.17863774299622 0.908146530389786 0.798173993825912 0.725401505827904 0.656912997364998 0.672704994678497 0.78063377737999 0.865640625357628 0.900674611330032 0.921323999762535 0.752667725086212 0.69827476143837 0.729166477918625 0.816691517829895 1.08914476633072 1.34990961849689 1.72780014574528 2.03416049480438 3.0855019390583 11.0527456998825 9.91796368360519 9.9657409787178 10.0096333622932 5.36402919888496 16.282954624721 9.36768326539438 3.86466693878174 -9999 -9999 -9999 -9999 12.1949715614319 -9999 -9999 -9999 -9999 -9999 -9999 -9999 -9999 -9999 -9999 -9999 -9999
-9999 -9999 -9999 -9999 -9999 -9999 -9999 -9999 -9999 2.98364621400833 2.97159451246262 2.60797655582428 2.11970329284668 2.03561550378799 2.02018421888351 1.58903253078461 1.05525898933411 1.19671949744225 1.18330496549606 0.955151975154877 0.718086764216423 0.70330873131752 0.811599791049957 1.06666651368141 1.15531647205353 0.904502257704735 0.919566750526428 0.917711958289146 0.926549971103668 0.968521535396576 1.05399826169014 1.07028678059578 1.13589826226234 1.3431476354599 1.75524598360062 2.21447843313217 4.38223788142204 3.28567063808441 3.24345231056213 3.75972211360931 5.02670466899872 6.47092366218567 7.14431326709576 -9999 -9999 -9999 -9999 -9999 -9999 -9999 -9999 -9999 -9999 -9999 -9999 -9999 -9999 -9999 -9999 -9999 -9999 -9999
-9999 -9999 -9999 -9999 -9999 -9999 -9999 -9999 -9999 2.89722150564194 2.48335647583008 2.45300030708313 2.40021675825119 2.09150844812393 1.88779056072235 1.54572755098343 1.19008576869965 1.08687597513199 1.0672889649868 0.861135721206665 0.742576494812965 0.842837244272232 1.13427150249481 1.1967765390873 1.18028327822685 1.13997378945351 1.50524926185608 0.795460253953934 0.869776502251625 1.22516021132469 1.24008598923683 1.09062637388706 1.36614748835564 1.77086292207241 1.12590676546097 0.846028536558151 2.15511077642441 9.22989517450333 3.55897808074951 4.50235033035278 6.02843642234802 6.20924003397832 11.9013615717371 -9999 -9999 -9999 -9999 -9999 -9999 -9999 -9999 -9999 -9999 -9999 -9999 -9999 -9999 -9999 -9999 -9999 -9999 -9999
-9999 -9999 -9999 -9999 -9999 -9999 -9999 3.28386068344116 4.10672674860273 3.18721032142639 2.70878022909164 2.42377942800522 2.57105183601379 1.77109283208847 1.98973953723907 1.49254274368286 1.29524096846581 1.12303796410561 1.00424095988274 0.910106241703033 0.984782963991165 1.05797553062439 1.15108126401901 1.07064601778984 1.0348162651062 1.12721286714077 1.46413725614548 1.48385998606682 1.41061198711395 1.06197899580002 1.05840790271759 1.46193896234035 1.69422791898251 1.42517101764679 1.66594272851944 2.71282356977463 6.44933956861496 7.32606661319733 4.34695208072662 4.05774307250977 17.5539400907396 5.69786846637726 3.25656187534332 -9999 -9999 -9999 -9999 -9999 -9999 -9999 -9999 -9999 -9999 -9999 -9999 -9999 -9999 -9999 -9999 -9999 -9999 -9999
-9999 -9999 -9999 -9999 -9999 -9999 4.03307870456151 4.15726733207703 4.29300391674042 3.60786688327789 3.10398530960083 2.56165194511414 2.52452176809311 1.80111533403397 1.69226092100143 1.57684278488159 1.47129821777344 1.1797402203083 1.10697671771049 1.03205698728561 1.12010326981544 1.06152302026749 1.51360505819321 1.32822677493095 1.13455653190613 1.13664454221725 1.10968646407127 1.25224426388741 1.32319575548172 1.75782823562622 1.59553907811642 1.70853714644909 1.82871977984905 1.66197448968887 1.84628999233246 3.62754142284393 2.88955342769623 8.37270426750183 6.99752461910248 -9999 -9999 -9999 -9999 -9999 -9999 -9999 -9999 -9999 -9999 -9999 -9999 -9999 -9999 -9999 -9999 -9999 -9999 -9999 -9999 -9999 -9999 -9999
-9999 -9999 -9999 -9999 3.20861735958263 3.8253915309906 3.57069852948189 3.55298244953156 3.0434775352478 3.0496072769165 2.79630142450333 2.64756149053574 2.7109882235527 2.46126008033752 1.77392470836639 1.69608074426651 1.56694042682648 1.16670826077461 1.13831779360771 1.29757279157639 1.12760925292969 1.70825028419495 1.61388981342316 1.52903026342392 1.38322949409485 1.34999325871468 1.34054473042488 1.41363599896431 1.52225250005722 1.59665773808956 2.58633783459663 3.11356195807457 4.40704393386841 3.03900897502899 3.56765162944794 5.58006942272186 4.09903109073639 5.8285159455969 -9999 -9999 -9999 -9999 -9999 -9999 -9999 -9999 -9999 -9999 -9999 -9999 -9999 -9999 -9999 -9999 -9999 -9999 -9999 -9999 -9999 -9999 -9999 -9999
-9999 -9999 -9999 -9999 4.4359784424305 4.10391507829939 3.57891252636909 3.13107222318649 2.66540868580341 2.67299178242683 2.83314675092697 2.45821872353554 2.81281578540802 1.94669669866562 1.65366339683533 1.52089990675449 1.39742097258568 1.09394811093807 1.10471060872078 1.16550077497959 1.17655125260353 1.48449674248695 1.6103977560997 1.82545047998428 1.036545753479 1.19452804327011 1.19730752706528 1.48938676714897 1.7843661904335 1.96168202161789 4.48012948036194 5.37125962972641 4.51374614238739 4.88420176506042 7.5145161151886 7.84800052642822 7.16159236431122 -9999 -9999 -9999 -9999 -9999 -9999 -9999 -9999 -9999 -9999 -9999 -9999 -9999 -9999 -9999 -9999 -9999 -9999 -9999 -9999 -9999 -9999 -9999 -9999 -9999
-9999 48.4137660298268 4.11027710668502 3.58911297538064 3.35101776123047 3.43437364697456 3.1887786090374 3.28961929678917 2.9072503298521 2.60666844248772 2.35655924677849 2.25256007909775 2.66625756025314 2.22190654277802 1.52993255853653 1.4835210442543 1.32879035174847 1.33881676197052 1.24127621948719 1.18681235611439 1.28855024278164 1.44881285727024 1.40374611318111 1.3418744802475 1.28857728838921 1.34632122516632 1.46012851595879 1.55566424131393 2.37727153301239 2.11029607057571 5.79295295476913 6.72639870643616 4.41599106788635 5.52775418758392 6.03335621953011 15.1152530597604 -9999 -9999 -9999 -9999 -9999 -9999 -9999 -9999 -9999 -9999 -9999 -9999 -9999 -9999 -9999 -9999 -9999 -9999 -9999 -9999 -9999 -9999 -9999 -9999 -9999 -9999
5.25210410356522 4.69121955741536 4.40426774024963 3.76448349952698 4.1286928653717 2.83192053437233 2.74825948476791 2.92982393503189 3.37143981456757 3.26802062988281 2.13493716716766 1.96251833438873 2.13990300893784 1.75676321983337 1.58301669359207 1.29242549836636 1.50073201954365 1.34596426784992 1.25243698060513 1.25987926125526 1.45608298480511 2.03931069374084 2.0489444732666 1.48638904094696 1.59894973039627 1.86201757192612 2.91708755493164 3.04001641273499 3.52349710464478 4.97657489776611 5.01868057250977 6.12862122058868 4.41720378398895 -9999 -9999 -9999 -9999 -9999 -9999 -9999 -9999 -9999 -9999 -9999 -9999 -9999 -9999 -9999 -9999 -9999 -9999 -9999 -9999 -9999 -9999 -9999 -9999 -9999 -9999 -9999 -9999 -9999
5.00839718750545 4.82610905170441 4.64939939975739 4.46598207950592 4.3167450428009 3.95952916145325 3.38907587528229 2.6504670381546 2.46427577733994 2.54762774705887 2.06739753484726 2.19606292247772 1.93633943796158 2.08262103796005 1.33445289731026 1.31182837486267 1.49736379086971 1.44771529734135 1.37613187730312 1.50089031457901 1.82092237472534 2.43502807617188 1.88081842660904 1.96444576978683 3.11124980449677 3.61497294902802 3.93671607971191 3.68218803405762 4.37389701604843 5.61922967433929 5.76854109764099 4.10943138599396 4.18830513954163 6.91180639083569 9.27769220885584 6.97295047658863 -9999 -9999 -9999 -9999 -9999 -9999 -9999 -9999 -9999 -9999 -9999 -9999 -9999 -9999 -9999 -9999 -9999 -9999 -9999 -9999 -9999 -9999 -9999 -9999 -9999 -9999
4.92454504966736 4.53079211711884 4.45546352863312 4.35223209857941 4.3359854221344 3.12225615978241 2.47090119123459 2.33514976501465 2.04541647434235 1.99219197034836 1.87481814622879 1.03026151657104 1.59049201011658 0.829606533050537 1.51263709366322 1.62068474292755 1.8879314661026 1.84748697280884 1.79725044965744 1.93319857120514 2.24047154188156 3.50726401805878 3.10956680774689 3.85729193687439 3.97941970825195 4.07677352428436 3.94920516014099 4.01864039897919 5.30917346477509 5.24353265762329 4.4503253698349 -9999 -9999 -9999 -9999 -9999 -9999 -9999 -9999 -9999 -9999 -9999 -9999 -9999 -9999 -9999 -9999 -9999 -9999 -9999 -9999 -9999 -9999 -9999 -9999 -9999 -9999 -9999 -9999 -9999 -9999 -9999
5.00141930580139 4.82363712787628 4.65326929092407 3.52348637580872 3.48084819316864 3.69067740440369 2.99628978967667 2.76163280010223 2.81921482086182 2.56513649225235 1.89965558052063 1.06809675693512 1.03877028822899 1.06756728887558 1.16580149531364 1.75422602891922 1.59410548210144 2.09296345710754 2.11143082380295 4.59900963306427 5.53949189186096 5.7784252166748 5.97194695472717 5.78156340122223 4.62498450279236 3.91432356834412 3.35538303852081 4.35614222288132 4.56151986122131 4.46065807342529 4.30606842041016 6.84380917115645 -9999 -9999 -9999 -9999 -9999 -9999 45.0637338659657 12.6942715644836 -9999 -9999 -9999 -9999 -9999 -9999 -9999 -9999 -9999 -9999 -9999 -9999 -9999 -9999 -9999 -9999 -9999 -9999 -9999 -9999 -9999 -9999
7.69433197975159 9.25222116708755 5.76778435707092 5.25944781303406 5.10342156887054 3.53043380805424 2.70935851335526 3.52290236949921 2.63264626264572 2.22660452127457 1.28178602457047 1.32471227645874 1.27377453446388 1.22808372974396 1.23122772574425 1.44514346122742 1.50713020563126 2.25745958089828 3.67653518915176 6.6666419506073 5.0421359539032 5.83091104030609 6.76977896690369 6.96902418136597 7.9853138923645 4.97734665870667 3.1625565290451 4.06655484437943 3.61158156394958 4.45478582382202 4.42070675679367 3.42093944549561 -9999 -9999 -9999 -9999 -9999 -9999 -9999 -9999 -9999 -9999 -9999 -9999 -9999 -9999 -9999 -9999 -9999 -9999 -9999 -9999 -9999 -9999 -9999 -9999 -9999 -9999 -9999 -9999 -9999 -9999
-9999 -9999 -9999 -9999 -9999 4.57657629459888 4.1432244181633 3.22122269868851 2.57742637395859 1.03613251447678 1.42021049559116 1.06437823176384 1.02561601996422 1.19747999310493 1.15050074458122 1.72389668226242 2.13460493087769 3.74845433235168 2.54992282390594 3.53593790531158 2.65622556209564 7.29561281204224 8.75037574768066 17.3062291145325 5.0694465637207 9.60961132049561 -9999 -9999 -9999 -9999 -9999 -9999 -9999 -9999 -9999 -9999 -9999 -9999 -9999 -9999 -9999 -9999 -9999 -9999 -9999 -9999 -9999 -9999 -9999 -9999 -9999 -9999 -9999 -9999 -9999 -9999 -9999 -9999 -9999 -9999 -9999 -9999
-9999 -9999 -9999 -9999 -9999 -9999 2.5706672668457 2.41284075379372 1.59640310704708 1.48516541719437 1.63777425885201 1.21772477030754 1.01981404423714 1.05983698368073 1.18002301454544 2.10440701246262 3.37982404232025 3.60923919081688 4.76223528385162 4.80326914787292 4.87993347644806 4.63680589199066 13.5656547546387 2.99395044111624 -9999 -9999 -9999 -9999 -9999 -9999 -9999 -9999 -9999 -9999 -9999 -9999 -9999 -9999 -9999 -9999 -9999 -9999 -9999 -9999 -9999 -9999 -9999 -9999 -9999 -9999 -9999 -9999 -9999 -9999 -9999 -9999 -9999 -9999 -9999 -9999 -9999 -9999
