EcologicalScience/Bass/data/rs_data_bass/chl_329.asc
NCOLS 226 
NROWS 124 
XLLCORNER -9.41648524995501 
YLLCORNER 47.587301625531 
CELLSIZE 0.0833 
NODATA_value -9999 
[rows 54 to 80 of 124, columns 0 to 61 of 226]
-9999 -9999 -9999 -9999 -9999 -9999 -9999 -9999 -9999 -9999 -9999 -9999 -9999 -9999 -9999 -9999 -9999 -9999 -9999 -9999 -9999 -9999 -9999 -9999 -9999 -9999 -9999 -9999 -9999 -9999 -9999 -9999 -9999 -9999 -9999 -9999 -9999 -9999 5.20834217864679 2.24330019950867 1.84746444225311 1.73355066776276 1.52493077516556 1.48261499404907 1.2687648832798 1.23621489107609 1.15882837772369 1.64283156394958 1.65227776765823 1.68449091911316 1.77801829576492 1.83005547523499 1.87527751922607 1.57833297550678 2.58819901943207 2.62493169307709 2.56394916772842 2.55101135373116 -9999 0.607058599591255 0.62790758907795 2.38132701878962
-9999 -9999 -9999 -9999 -9999 -9999 -9999 -9999 -9999 -9999 -9999 -9999 -9999 -9999 -9999 -9999 -9999 -9999 -9999 -9999 -9999 -9999 -9999 -9999 -9999 -9999 -9999 -9999 -9999 -9999 -9999 -9999 -9999 -9999 -9999 -9999 -9999 -9999 -9999 2.0196345448494 1.8699876666069 1.74291980266571 1.56577581167221 1.54473531246185 1.37737874686718 1.3165612667799 1.68825817108154 1.59325575828552 2.05761677026749 1.48841696977615 1.60014152526855 1.66438794136047 1.73023653030396 1.82234510779381 2.79784655570984 2.71481251716614 2.63371503353119 2.58784788467981 -9999 -9999 -9999 -9999
-9999 -9999 -9999 -9999 -9999 -9999 -9999 -9999 -9999 -9999 -9999 -9999 -9999 -9999 -9999 -9999 -9999 -9999 -9999 -9999 -9999 -9999 -9999 -9999 -9999 -9999 -9999 -9999 -9999 -9999 -9999 -9999 -9999 -9999 -9999 -9999 -9999 -9999 -9999 -9999 1.91961675882339 1.87914007902145 1.6913902759552 1.65852677822113 1.56646241247654 2.5300560593605 2.66914576292038 1.59096372127533 1.93769842386246 1.97725117206573 1.42654949426651 1.8952140212059 2.37430948019028 2.59585422277451 2.70693755149841 2.49173319339752 2.33262902498245 2.11394512653351 2.55704612533251 -9999 -9999 -9999
-9999 -9999 -9999 -9999 -9999 -9999 -9999 -9999 -9999 -9999 -9999 -9999 -9999 -9999 -9999 -9999 -9999 -9999 -9999 -9999 -9999 -9999 -9999 -9999 -9999 -9999 -9999 -9999 -9999 -9999 -9999 -9999 -9999 -9999 -9999 -9999 -9999 -9999 -9999 -9999 2.21808704890703 2.0772562623024 1.97656953334808 2.25484764575958 2.06052643060684 1.74954298138618 1.68046689033508 1.48601438105106 2.19600230455399 2.27558916807175 1.33811920881271 1.69303572177887 1.58178707957268 2.15730822086334 2.36082154512405 2.16861891746521 1.93579539656639 1.8438423871994 1.84829100966454 2.0656151175499 5.09270945191383 -9999
-9999 -9999 -9999 -9999 -9999 -9999 -9999 -9999 -9999 -9999 -9999 -9999 -9999 -9999 -9999 -9999 -9999 -9999 -9999 -9999 -9999 -9999 -9999 -9999 -9999 -9999 -9999 -9999 -9999 -9999 -9999 -9999 -9999 -9999 -9999 -9999 -9999 -9999 -9999 -9999 -9999 2.41853877156973 1.90349516272545 1.98055046796799 2.0974455177784 1.99212634563446 1.65464776754379 1.76155798137188 1.62849493324757 1.48900616168976 1.46352598071098 1.31837922334671 1.49500349164009 1.57364402711391 2.10142797231674 2.08441132307053 1.81066797673702 2.02495765686035 2.01389586925507 1.99024352431297 2.07734397053719 -9999
-9999 -9999 -9999 -9999 -9999 -9999 -9999 -9999 -9999 -9999 -9999 -9999 -9999 -9999 -9999 -9999 -9999 -9999 -9999 -9999 -9999 -9999 -9999 -9999 -9999 -9999 -9999 -9999 -9999 -9999 -9999 -9999 -9999 -9999 -9999 -9999 -9999 -9999 -9999 -9999 -9999 2.67030535246197 2.04178833961487 2.06656989455223 2.02648124098778 1.99185329675674 1.88234326243401 1.71138189733028 1.67531476914883 1.35961537063122 1.12766848504543 1.38508871197701 1.47062775492668 1.75321501493454 1.74163573980331 1.83410552144051 2.08657872676849 2.32759273052216 2.34379836916924 1.34477750008756 -9999 -9999
-9999 -9999 -9999 -9999 -9999 -9999 -9999 -9999 -9999 -9999 -9999 -9999 -9999 -9999 -9999 -9999 -9999 -9999 -9999 -9999 -9999 -9999 -9999 -9999 -9999 -9999 -9999 -9999 -9999 -9999 -9999 -9999 -9999 -9999 -9999 -9999 -9999 -9999 -9999 -9999 2.99129267781973 2.54181262850761 2.63571646437049 2.038030564785 1.93403175473213 1.89700269699097 1.89495831727982 1.68137168884277 1.35173401236534 1.74981075525284 1.13514603674412 1.53381907939911 1.26994349062443 1.66475737094879 1.89931234717369 2.08365520834923 2.32373401522636 -9999 -9999 2.58258476853371 2.32493206858635 2.42795072123408
-9999 -9999 -9999 -9999 -9999 -9999 -9999 -9999 -9999 -9999 -9999 -9999 -9999 -9999 -9999 -9999 -9999 -9999 -9999 -9999 -9999 -9999 -9999 -9999 -9999 -9999 -9999 -9999 -9999 -9999 -9999 -9999 -9999 -9999 -9999 -9999 -9999 -9999 -9999 2.90915522351861 2.90758356079459 2.57528141140938 2.2220231294632 1.87965077161789 1.58655144274235 1.47236698865891 1.7668485045433 1.4607048779726 1.37185496091843 1.55311274528503 1.17615678906441 1.17678938806057 1.27557000517845 1.72223326563835 1.98316803574562 2.25263553857803 2.32865542173386 1.83648410439491 1.84606611728668 1.83603519201279 1.89620706439018 1.96170830726624
-9999 -9999 -9999 -9999 -9999 -9999 -9999 -9999 -9999 -9999 -9999 -9999 -9999 -9999 -9999 -9999 -9999 -9999 -9999 -9999 -9999 -9999 -9999 -9999 -9999 -9999 -9999 -9999 -9999 -9999 -9999 -9999 -9999 -9999 -9999 -9999 -9999 -9999 -9999 2.72954434901476 2.23575559258461 2.20919099450111 1.90871545672417 1.60997065901756 1.48538741469383 1.53180299699306 1.80525970458984 1.71508723497391 1.72257149219513 1.27810101123417 1.28484828156583 1.32067075868448 1.39513501524925 1.53590025007725 1.79122307896614 2.05023640394211 2.09397420287132 1.97809168696404 1.77229276299477 1.87414392828941 2.00239536166191 1.99264946579933
-9999 -9999 -9999 -9999 -9999 -9999 -9999 -9999 -9999 -9999 -9999 -9999 -9999 -9999 -9999 -9999 -9999 -9999 -9999 -9999 -9999 -9999 -9999 -9999 -9999 -9999 -9999 -9999 -9999 -9999 -9999 -9999 -9999 -9999 -9999 -9999 -9999 -9999 2.86422330513597 2.25279226899147 2.15239727497101 1.9925471842289 1.65831863880157 1.46002838015556 1.27946698665619 1.39811781048775 1.29661913216114 1.73131567239761 1.69045650959015 1.1798140573151 1.42078839987516 1.68553599715233 1.79561381042004 1.80553740262985 1.66110147535801 1.83990857005119 1.71971967816353 1.63149869441986 1.70459550619125 1.85279256105423 1.92299285531044 2.0169580578804
-9999 -9999 -9999 -9999 -9999 -9999 -9999 -9999 -9999 -9999 -9999 -9999 -9999 -9999 -9999 -9999 -9999 -9999 -9999 -9999 -9999 -9999 -9999 -9999 -9999 -9999 -9999 -9999 -9999 -9999 -9999 -9999 -9999 -9999 -9999 -9999 -9999 -9999 2.94446145370603 2.17453274130821 2.03871381282806 1.83222788572311 1.41372522711754 1.37365351617336 1.27488376200199 1.34599761664867 1.28588023781776 1.2026658654213 1.22768604755402 1.29714182369849 1.39742812514305 1.73790818452835 1.75521191954613 1.86173585057259 1.78787143528461 1.59701849520206 1.4825182557106 1.54884977638721 1.64049223065376 1.7606580555439 1.97078919410706 2.04237779974937
-9999 -9999 -9999 -9999 -9999 -9999 -9999 -9999 -9999 -9999 -9999 -9999 -9999 -9999 -9999 -9999 -9999 -9999 -9999 -9999 -9999 -9999 -9999 -9999 -9999 -9999 -9999 -9999 -9999 -9999 -9999 -9999 -9999 -9999 -9999 -9999 -9999 2.60839455402814 2.51929034931319 1.87300908565521 1.7450857758522 1.6083352714777 1.20909449458122 1.25888626277447 1.32892687618732 1.40776987373829 1.36374297738075 1.2193196117878 1.30180947482586 1.40748073160648 1.54798382520676 1.57805174589157 1.46363773941994 1.48542373627424 1.4954039901495 1.55306719243526 1.4614245146513 1.55870546400547 1.77536514401436 1.92114713788033 1.86967197060585 2.19458663463593
-9999 -9999 -9999 -9999 -9999 -9999 -9999 -9999 -9999 -9999 -9999 -9999 -9999 -9999 -9999 -9999 -9999 -9999 -9999 -9999 -9999 -9999 -9999 -9999 -9999 -9999 -9999 -9999 -9999 -9999 -9999 -9999 -9999 -9999 -9999 -9999 -9999 2.80286634340882 2.46235339982169 1.70154525339603 1.55682371556759 1.31979337334633 1.2453671246767 1.28719165921211 1.31120024621487 1.38319239020348 1.30890566110611 1.24634662270546 1.40084847807884 1.48111948370934 1.59249418973923 1.61849024891853 1.6166787147522 1.36779525876045 1.4611900895834 1.54862782359123 1.6091313958168 1.64641347527504 1.74915263056755 1.81210684776306 1.79596424102783 2.50873720645905
-9999 -9999 -9999 -9999 -9999 -9999 -9999 -9999 -9999 -9999 -9999 -9999 -9999 -9999 -9999 -9999 -9999 -9999 -9999 -9999 -9999 -9999 -9999 -9999 -9999 -9999 -9999 -9999 -9999 -9999 -9999 -9999 -9999 -9999 -9999 -9999 3.14478973299265 2.74324260279536 2.41927740403584 1.96685703098774 1.50559316575527 1.28927399218082 1.21537086367607 1.19108887016773 1.18440525233746 1.19029238820076 1.16529974341393 1.20433540642262 1.3915533721447 1.51731933653355 1.43241110444069 1.61448490619659 1.54976522922516 1.69473898410797 1.50808538496494 1.55633068084717 1.61857911944389 1.70818054676056 1.80117183923721 2.00765588879585 1.89349007606506 2.56543028354645
-9999 -9999 -9999 -9999 -9999 -9999 -9999 -9999 -9999 -9999 -9999 -9999 -9999 -9999 -9999 -9999 -9999 -9999 -9999 -9999 -9999 -9999 -9999 -9999 -9999 -9999 -9999 -9999 -9999 -9999 -9999 1.94548460841179 1.44877318292856 -9999 2.10493344068527 2.48849510621394 2.34846867620945 2.00525213778019 2.04162901639938 1.51337926089764 1.15472888946533 1.15308527648449 1.14362628757954 1.17609371244907 1.21982136368752 1.21190549433231 1.21307775378227 1.23833549022675 1.28967037796974 1.46753735840321 1.43535371124744 1.41571873426437 1.45408158749342 1.52751490473747 1.60679733753204 1.64558735489845 1.8255726993084 1.93680489063263 1.80980738997459 1.99749711155891 2.27173818647861 2.01276969909668
-9999 -9999 -9999 -9999 -9999 -9999 -9999 -9999 -9999 -9999 -9999 -9999 -9999 -9999 -9999 -9999 -9999 -9999 -9999 -9999 -9999 -9999 0.346259817481041 2.22789940237999 2.75029537081718 2.50118780136108 2.98599681258202 3.01821863651276 1.80843236669898 1.49152739904821 1.66641378189836 1.62356999516487 1.83847653865814 1.59839473026139 1.7889189273119 2.02778984606266 1.82800367474556 1.58031164109707 1.3724737688899 1.2139015942812 1.04077197611332 1.13905611634254 1.15875260531902 1.19021697342396 1.27140113711357 1.28034731000662 1.28668914735317 1.29249635338783 1.33457024395466 1.52183921635151 1.53728663921356 1.57027199864388 1.80197298526764 1.82185679674149 2.11372274160385 2.37688739597797 2.11982247233391 2.37135350704193 3.96629762298921 -9999 -9999 -9999
-9999 -9999 -9999 -9999 -9999 -9999 -9999 -9999 -9999 -9999 -9999 -9999 -9999 -9999 -9999 -9999 -9999 -9999 -9999 -9999 -9999 -9999 1.40282142162323 1.47973877191544 2.43483290076256 2.58292910456657 2.2018101811409 2.03500047326088 1.9987128674984 1.65452793666295 1.19714979082346 1.17417807877064 1.69682063162327 1.30363143235445 1.39258575439453 1.4970126003027 1.52846722304821 1.20271427929401 1.16197952628136 1.11396503448486 1.07298186421394 1.12894012033939 1.18830674886703 1.1663883626461 1.141502648592 1.3866566196084 1.61757566034794 1.70340956747532 1.77854752540588 1.6842168867588 1.74990186095238 1.85161390900612 2.10178029537201 2.42165189981461 2.26762582361698 -9999 -9999 -9999 -9999 -9999 -9999 -9999
-9999 -9999 -9999 -9999 -9999 -9999 -9999 -9999 -9999 -9999 -9999 -9999 -9999 -9999 -9999 -9999 -9999 -9999 -9999 1.73237114227735 1.58456464111805 1.7725312449038 1.61709447205067 1.4597189873457 1.53455999493599 1.97858516871929 2.27223393693566 2.13271212950349 1.24776676297188 1.3034639954567 1.26401248574257 1.12544777989388 0.980606250464916 1.14978204667568 1.19376354664564 1.23726019263268 1.24575188755989 1.21755038201809 0.950887128710747 0.91364586353302 0.93776062130928 1.00186892598867 1.17504224181175 1.20940366387367 1.33217529952526 1.51739593595266 1.90079435706139 1.97685693204403 1.95930817723274 2.04221904277802 2.16073149442673 -9999 -9999 -9999 -9999 -9999 -9999 -9999 -9999 -9999 -9999 -9999
-9999 -9999 -9999 -9999 -9999 -9999 -9999 -9999 -9999 -9999 -9999 -9999 -9999 -9999 -9999 -9999 -9999 2.33094742521644 8.75557780265808 5.38594186306 1.53954970836639 1.55099102854729 2.1319977087634 1.48415026813745 1.2062032520771 1.29554924368858 1.18458071351051 1.19007074832916 1.17306071519852 1.1707102060318 1.78671425580978 1.50151407346129 1.11555522680283 0.999891735613346 1.11506862299783 1.02599175274372 1.18702854216099 1.04860239475965 0.857072621583939 0.856176003813744 0.829685837030411 0.856075510382652 0.873276025056839 1.16378865391016 1.34658709913492 1.64906738698483 1.86351902782917 2.08687801659107 2.31646706163883 2.00598993301392 1.89979482548577 -9999 -9999 -9999 -9999 -9999 -9999 -9999 -9999 -9999 -9999 -9999
-9999 -9999 -9999 -9999 -9999 -9999 -9999 -9999 -9999 -9999 -9999 -9999 -9999 -9999 1.61547649651766 3.50665962696075 2.87696331739426 2.43714380264282 4.29219138622284 3.09437620639801 2.22196125984192 2.15319675207138 1.52109378576279 1.38776323199272 1.21557220816612 1.12775775790215 1.18348351120949 1.18519574403763 1.20307803153992 1.19231924414635 1.13903027772903 1.26213222742081 1.15951085303511 1.08548798944269 1.04187995195389 1.10148338760648 0.940908014774323 0.91559211909771 0.856363630720547 0.832573525607586 0.837727099657059 0.878983475267887 0.848881110548973 1.02460707511221 1.40107313543558 1.78136810660362 1.76013377308846 2.084024772048 1.97042597830296 1.70513847470284 1.54389600455761 1.59163449704647 -9999 -9999 -9999 -9999 -9999 -9999 -9999 -9999 -9999 -9999
-9999 -9999 -9999 -9999 -9999 -9999 -9999 -9999 -9999 -9999 -9999 2.11269968032837 1.78229695558548 1.74668473005295 1.8422092795372 2.06999391317368 1.98123818635941 1.70712751150131 1.56118941307068 1.39628478884697 1.3636260330677 1.29119628667831 1.21505329012871 2.33200170099735 2.25230357050896 2.19880304485559 1.54799623042345 1.22103747725487 0.928282868117094 0.90225263312459 0.991801489144564 0.961725398898125 1.07949560880661 1.11755119264126 1.07868387656552 1.06897120177746 0.876662652407374 0.763999879360199 0.755318999290466 0.827621181096349 0.93949276634625 1.1016455079828 0.974039771727153 1.02357715155397 1.56677752733231 1.63603051006794 1.68464139103889 1.77193343639374 1.83629138767719 1.91963490843773 2.05623103181521 -9999 -9999 -9999 -9999 -9999 7.37473444952521 2.9198459982872 2.88846778869629 3.28347301483154 3.57363331317902 -9999
-9999 -9999 -9999 -9999 -9999 -9999 -9999 -9999 -9999 1.73656832054257 1.00491490960121 1.68104481697083 1.50687146186829 1.35674849152565 1.17493352293968 1.21103703975677 1.10210403800011 1.09306347370148 1.06891724467278 1.07046523690224 1.10880446434021 1.09319177269936 1.78896334022284 1.70102211087942 1.32815209776163 1.01353389769793 0.920119129121304 0.869051612913609 0.908906981348991 0.745748218148947 3.57294861674309 0.934623409062624 0.942349098622799 1.05572424403259 1.0336896032095 0.886976742318698 0.831701932208879 0.755226373672485 0.76065174809524 0.813817773546491 0.816385145698275 0.819050131099565 0.840343569006239 0.990576420511518 1.22589864581823 1.40300738811493 1.42919285595417 1.51513463258743 1.61582699418068 1.78626000881195 1.62853011488914 1.62809845805168 1.75350639224052 8.88666428368667 2.8218112885952 2.71100360155106 2.80789774656296 2.5984662771225 2.31403988599777 2.45155200362206 2.43696677684784 -9999
-9999 -9999 -9999 -9999 -9999 1.30971452593803 1.24443000555038 1.2413475215435 1.6884480714798 1.57652020454407 1.49818199872971 1.35802799463272 1.01891702413559 1.00399500131607 1.05790346860886 1.04070371389389 1.05242550373077 1.03266602754593 1.06755146384239 1.03011149168015 1.04794272780418 1.10731047391891 1.20667272806168 1.14830441772938 0.997405484318733 0.738961882889271 0.757278755307198 0.8412044942379 0.895918160676956 0.742498688399792 0.750646644830704 1.15806448459625 1.17432671785355 1.15431976318359 1.09999653697014 0.844159305095673 0.818592648421015 0.739771159631865 0.74417757242918 0.755190930196217 0.795517144458635 0.867962147508349 0.9797193557024 0.982463843056134 1.19139809054988 1.29635171592236 1.35723973810673 1.3275680243969 1.50543969869614 1.43164533376694 1.5236531496048 1.60530334711075 1.80237033963203 2.03590643405914 2.02007666230202 1.95206218957901 1.97484827041626 1.96754515171051 2.37546524405479 2.44355776906013 2.64192831516266 2.54040938615799
-9999 -9999 -9999 -9999 -9999 1.1219684779644 1.05038174986839 0.927497237920761 0.897025465965271 0.889622211456299 0.948266208171844 0.946184277534485 0.997886270284653 1.00028926134109 1.03179824352264 1.03866451978683 1.02861526608467 1.03185153007507 1.05702897906303 1.03176829218864 1.03263527154922 1.0181864798069 1.08220387995243 1.04219475388527 0.896509900689125 0.848460763692856 0.80232971906662 0.908957272768021 0.989956736564636 0.983109980821609 0.981783360242844 1.14264151453972 1.13557425141335 1.11645671725273 1.05610272288322 1.0062629878521 0.971262037754059 0.767387336918286 0.806729333741324 0.804722881742886 0.845585952912058 0.883952704923493 0.911683744617871 0.975804307631084 1.19428440369666 1.22136573493481 1.15245776809752 1.20891860872507 1.21315245330334 1.25264248251915 1.4703581482172 1.4971155077219 1.56283646821976 1.62802273035049 1.58524650335312 1.75561425089836 1.86867374181747 2.05696651339531 2.35002717375755 2.47452718019485 2.50314939022064 2.5922868847847
-9999 -9999 -9999 -9999 -9999 0.862545758485794 0.873269230127335 0.866926521062851 0.874693483114243 0.951548248529434 0.934268206357956 0.898962020874023 0.934555470943451 0.945163518190384 0.958459496498108 0.972032994031906 1.00160175561905 0.999972760677338 1.00188902020454 1.03391173481941 1.0380337536335 1.06086596846581 1.06503528356552 1.14820271730423 1.15369346737862 1.26940023899078 0.744841647148132 0.736177057027817 0.928561508655548 0.912838280200958 0.746123403310776 1.07362872362137 1.09200677275658 1.08750674128532 1.01413196325302 0.996647983789444 1.14393299818039 0.80096874833107 0.819519306932177 0.856747301561492 0.667967990040779 0.698147982358932 0.68579475581646 0.988443911075592 0.991900697350502 1.01081270724535 1.10572090744972 1.13506930321455 1.10885625332594 1.13889073580503 1.2713561207056 1.37457259744406 1.34421971440315 1.44370758533478 1.48757024109364 1.68412497639656 1.7937738597393 1.87825682759285 1.91921889781952 2.30111959576607 2.38341146707535 2.57981890439987
-9999 -9999 -9999 -9999 -9999 0.873645007610321 0.884884536266327 0.872622013092041 0.88508552312851 0.887502729892731 0.919760227203369 0.893655717372894 0.889960527420044 0.890360981225967 0.917400777339935 0.940539747476578 0.957037478685379 0.986211776733398 1.01426848769188 1.01423022150993 1.03116899728775 1.04847228527069 1.08075526356697 1.12521824240685 1.12763249874115 0.753076028823853 0.774510455131531 0.7686263859272 0.867733985185623 0.742908418178558 0.760106670856476 1.07229450345039 1.06577548384666 1.00955173373222 1.0064497590065 0.775055453181267 0.754977017641068 0.768815070390701 0.754143733531237 0.84122458845377 0.678999021649361 0.686139017343521 0.679129511117935 0.936986234039068 0.941054832190275 0.990621775388718 0.9792720079422 1.04128311574459 1.03669689595699 1.09157042205334 1.08316124975681 1.20525408536196 1.13799751549959 1.31809297204018 1.44140124320984 1.62485213577747 1.66875413060188 1.77710589766502 2.00570288300514 2.15549889206886 2.24566349387169 2.66953504085541
-9999 -9999 -9999 -9999 -9999 0.830045055065836 0.890872478485107 0.902144998311996 0.865539729595184 0.865061614662409 0.843962967395782 0.915830612182617 0.845653474330902 0.857709735631943 0.908160030841827 1.04931896924973 0.965331763029099 0.973518043756485 0.973893731832504 0.985896706581116 1.03138348460197 1.01993027329445 1.03702649474144 1.06317901611328 1.06764221191406 0.988649517297745 0.750834453105926 0.751374632120132 0.740188193321228 1.14735874533653 1.20233425498009 1.04153779149055 1.01286971569061 0.973322957754135 0.954290270805359 0.953700721263885 0.751306302845478 0.776621785014868 0.803754776716232 0.818660460412502 0.927868478000164 0.674211770296097 0.690726757049561 0.710348233580589 0.652101740241051 0.939017962664366 0.93905271962285 0.956273630261421 0.942679524421692 0.860400035977364 0.966289289295673 1.07375377416611 1.30220228433609 1.49590271711349 1.80430370569229 1.84933644533157 2.15382295846939 2.04904872179031 2.04501369595528 2.14346104860306 3.07268607616425 2.60504695773125
