EcologicalScience/Bass/data/rs_data_bass/chl_367.asc
NCOLS 226 
NROWS 124 
XLLCORNER -9.41648524995501 
YLLCORNER 47.587301625531 
CELLSIZE 0.0833 
NODATA_value -9999 
[rows 54 to 80 of 124, columns 124 to 185 of 226]
2.16304807152067 3.10290386847087 3.36463722160884 4.36900032418115 2.11139194454466 1.9467174921717 2.45398473739624 2.34762215614319 2.6719512297557 2.60908921865317 2.53094554864443 2.47051013891514 2.15737643837929 2.3139593234429 2.26516697039971 2.39207852345247 2.29738475726201 2.29656585821739 2.33231044732607 2.35453846362921 2.44543862342834 2.42670167409457 2.30265355110168 2.12586084695963 2.11988601317772 2.05186096980022 2.11820309895736 2.30108813139109 2.36083231522487 2.36376473995355 2.37783511326863 2.37349883409647 2.32137118853056 2.17827613537128 2.27375533489081 2.3136103611726 2.30160936025473 2.23873571249155 2.13888364571791 2.10450397087977 2.12544323389347 2.18598411633418 2.25328474319898 1.94087253625576 1.85018874131716 1.74543283994381 1.86511278610963 2.10994105614149 2.46085166931152 3.73755173122182 3.59256091538598 4.14669060707092 5.25643622875214 5.73013023535411 4.50979839353 4.97879412439134 3.8996593952179 5.18005816503005 12.4787992271217 11.668121290601 8.29564332962036 -9999
2.48483715738569 2.49657823358263 2.16193464824132 2.10745504924229 1.99282139539719 2.09872591495514 2.11450647456305 2.48025765419006 2.54756331902284 2.3963651061058 2.38435274362564 2.34058159589767 2.2565024793148 2.16599848866463 2.04786412417889 2.00481905043125 2.12172223627567 2.34065437316895 2.28320440649986 2.25838798284531 2.4659418968054 2.48232975372901 2.31755754122367 2.35399134800984 2.25350925097099 2.46364534818209 2.43126354767726 2.54202070603004 2.63980447329008 2.39953264364829 2.56900222943379 2.50222119459739 2.42588196350978 2.34232827791801 2.39107402929893 2.51435378881601 2.38915293491804 2.37826652251757 2.4127372274032 2.27744027742973 2.21836975446114 2.0693866610527 2.09884673815507 1.82852541941863 1.80985040848072 1.8034025980876 2.11707503062028 2.82959574002486 3.90688103788039 4.67332489350263 4.6221523845897 4.42955417633057 5.39963617044337 7.2226870059967 5.18186309602526 5.2964911180384 10.5720698833466 -9999 -9999 -9999 -9999 -9999
2.60932563032423 2.64474611622947 2.44527748652867 2.34999699251992 2.26049826826368 2.2268380011831 2.19818960768836 2.05609227929796 2.26850829124451 2.32803082466125 2.38113078474998 2.45054876804352 2.33505490422249 2.25816294550896 2.21056464314461 2.21425800025463 2.27568005025387 2.50059860944748 2.4896228313446 2.48647347092628 2.58515896246983 2.57015922436347 2.66005504131317 2.60735131227053 2.58561529563023 2.48847377300262 2.56068894267082 2.61421746474046 2.66823737437908 2.55971184143653 2.60411051603464 2.76146587041708 2.57433937146113 2.52362135740427 2.42820298213225 2.30154694043673 2.3249200124007 2.31700149866251 2.29360837202806 2.23361941942802 2.23520159262877 2.02752641531137 1.94611742404791 1.90040860726283 2.10988189623906 2.40790234620755 2.67084217071533 3.45172083377838 3.86947252750397 5.04844450950623 4.84898488661822 5.13632680388058 5.76596630320829 10.2961756023201 -9999 -9999 -9999 -9999 -9999 -9999 -9999 -9999
2.47268001849835 2.47384001200016 2.80770329066685 2.62385400703975 2.47355560745512 2.2607877935682 2.07106403793607 1.92852028778621 1.92877147027424 2.34068137407303 2.42523407936096 2.40139397978783 2.42978176474571 2.33609139919281 2.2328006029129 2.32042014598846 2.59408271312714 2.63506418466568 2.62681505084038 2.80991220474243 2.83208137750626 2.57400122055641 2.55643123846788 2.64681199880747 2.49689590930939 2.37523654103279 2.37510189414024 2.35373282432556 2.4355129301548 2.41481253504753 2.38307663798332 2.68634421091813 2.40338440583302 2.30441382298103 2.29580012193093 2.20203994329159 2.24717806852781 2.23366805681816 2.08851477274528 2.11186508031992 1.90112057557473 1.78599628576866 1.76344369466488 1.96294512198522 2.23506551522475 2.45986116390962 2.71678161621094 5.3818995187042 6.08467399372774 4.65393270944294 5.8487189096563 5.18529645134421 5.28700411319733 -9999 -9999 -9999 -9999 -9999 -9999 -9999 -9999 -9999
2.31684462382243 2.75883562748249 3.36701953411102 2.99867064612252 2.82769427980695 2.60274073055812 2.17377205405916 2.05538384403501 1.76601944650922 1.81187801701682 2.31767177581787 2.38243353366852 2.35727700591087 2.37811946868896 2.47420960664749 2.57593837380409 2.71921133995056 2.83108270168304 2.85757318139076 2.8758656680584 2.87611797451973 2.41644331125113 2.35214812021989 2.50549476880294 2.44588163495064 2.43627284123347 2.15506580471992 2.19117745757103 2.18925905227661 2.20627731084824 2.18900066614151 2.12527799606323 2.22635414050176 1.97308650612831 1.91171622276306 1.93564427815951 1.97620319861632 2.05390424911792 1.94902658921022 1.94960736802646 1.85428164096979 1.63603263176405 1.73664215436349 2.09200355639824 2.45175529443301 2.51097187399864 8.24093377590179 12.8285734933965 11.0157908131095 8.78133054340587 7.41071820259094 8.23771500587463 45.3488633954847 -9999 -9999 -9999 -9999 -9999 -9999 -9999 -9999 -9999
-9999 4.19037030637264 4.11125809412736 3.34490456947914 2.53392403859359 2.95389492171151 2.62926920822688 2.37571288858141 1.98871368169785 1.84782641274588 1.72980390276228 2.281793653965 2.31314778327942 2.43125250935555 2.36663854122162 2.43249070644379 2.86770933866501 2.95568203926086 3.08624392747879 3.11233529448509 2.91208094358444 2.61869019269943 2.41890934109688 2.20641170229231 2.41947023226665 2.27839774351854 2.06901079416275 2.01419180631638 2.03228098154068 2.037423402071 2.06614816188812 2.08865622832225 2.17060661315918 1.97400747354214 1.87729817170363 1.69058963656425 1.73915058374405 1.8968343436718 1.96495682001114 1.84665338695049 1.94773238897324 2.03728607296944 2.04822158354979 2.64615941047668 3.20159879097572 -9999 7.0459885597229 6.87003036340078 7.76679911613464 8.82143092155457 44.6870434624808 55.3370324915106 40.3614227771759 35.8700478076935 -9999 -9999 -9999 -9999 -9999 -9999 -9999 -9999
-9999 -9999 -9999 -9999 -9999 2.28387522697449 2.74355804175138 2.59858049665179 2.24060654640198 2.12482263360705 2.12958214964185 2.38718140125275 2.41574469208717 2.53113386034966 2.51477971673012 2.64798349142075 3.12796729803085 2.76148760318756 2.77767029175392 2.62042236328125 2.78535944223404 2.37266324247633 2.29927317585264 2.12837083850588 2.21113362220617 2.06128810919248 1.87286773324013 1.92941530851217 1.95794014747326 1.95664186202563 1.84795882151677 1.79063576459885 1.79352153264559 1.69737944236168 1.62845071462485 1.64565901458263 1.7033725976944 1.85075998306274 1.84846982359886 1.70893500745296 2.00872430205345 2.21016785502434 2.33123061060905 2.67966717481613 3.08660289645195 14.7142379098726 -9999 -9999 -9999 -9999 52.517915725708 39.745574593544 40.2118271589279 45.8050435172187 -9999 -9999 -9999 -9999 -9999 -9999 -9999 -9999
-9999 -9999 -9999 -9999 -9999 -9999 -9999 -9999 2.96795425191522 2.79481279850006 2.30386434839322 1.89417002882276 2.42707872390747 2.56904634833336 2.65858644247055 2.84941005706787 3.11364340782166 2.89074333814474 2.68234741687775 2.71106091829447 2.3965412240762 2.30468711944727 2.19134328195027 2.02496872956936 1.97144292409603 1.91668156935618 1.81375925357525 1.80009441650831 1.87802254695159 1.82246000950153 2.0264459507806 1.69538734509395 1.59693892644002 1.59105688333511 1.54965940117836 1.67257234454155 1.787871748209 1.88656944036484 1.8409072458744 1.8710021674633 2.09469830989838 2.164949208498 2.2262981235981 2.34920364618301 7.09100317955017 29.0682649612427 -9999 -9999 -9999 -9999 17.548882484436 40.2210370169745 39.2670475641886 45.6151876951519 26.7124191011701 27.3219477335612 -9999 -9999 -9999 -9999 -9999 -9999
-9999 -9999 -9999 -9999 -9999 -9999 -9999 -9999 -9999 -9999 3.04220777750015 2.65330499410629 2.95511872034806 2.99030071955461 2.79258513450623 2.95431193938622 3.2582532625932 3.25278180379134 3.06973143724295 3.00267871526571 2.75779854792815 2.36772750432675 2.26845797208639 1.99562412500381 1.82979805194415 1.84867633581162 1.78031890208905 1.71725789858745 1.73256399998298 1.43093844101979 1.34654616621824 1.42817637095085 1.48337472975254 1.51032713055611 1.49747474491596 1.59116363525391 1.70898565649986 1.72821789979935 1.91454336047173 2.01283201575279 2.08909839391708 2.22897487878799 2.44352442026138 2.44467857480049 11.793183793142 -9999 -9999 -9999 -9999 -9999 -9999 -9999 9.26838612120326 16.2827638557979 24.7606201171875 18.3281407753627 10.8786277770996 -9999 -9999 -9999 -9999 -9999
-9999 -9999 -9999 -9999 -9999 -9999 -9999 -9999 -9999 4.3704868555069 3.19967070221901 3.44758278131485 3.50639444589615 3.3934838026762 3.48686119914055 3.18788489011618 3.26666059860816 3.77985978126526 2.59023969907027 2.33255430826774 2.29290143801616 2.15290322212073 1.72813336957585 1.8719510946955 1.71537475402539 1.72493863105774 1.70962229600319 1.71852453396871 1.46993851661682 1.3488787561655 1.31645215245394 1.21596588079746 1.34054397046566 1.38332475721836 1.50250048935413 1.58189964294434 1.64598825573921 1.69362902641296 2.03084626793861 2.00070521235466 1.95803770422935 2.24647307395935 2.33635461330414 2.8737228512764 16.9736805945924 33.0447750091553 -9999 -9999 -9999 21.1203119629308 16.0263866374367 14.6637537604884 16.934524834156 24.5389850735664 15.8126791885921 11.9572796140398 17.0462939297711 -9999 -9999 -9999 -9999 -9999
-9999 -9999 -9999 -9999 -9999 -9999 -9999 -9999 -9999 -9999 2.99290010333061 3.48473954200745 3.71867090463638 3.59122115373611 3.61533867229115 3.51871334422718 3.46130298484455 3.36016803438013 3.17033132639798 2.59597253257578 2.14695525169373 1.91679900884628 1.79440605640411 1.54803031682968 1.49795758724213 1.47065462172031 1.68016205384181 1.44466465711594 1.37001514434814 1.53628497464316 1.28905199124263 1.144706571644 1.23840461806817 1.36200973391533 1.45751702785492 1.57707783579826 1.72590717673302 1.72555840015411 1.81921881437302 2.01645451784134 2.01551136374474 2.17112284898758 2.32899981737137 2.4601146876812 8.03980506392358 -9999 -9999 -9999 -9999 -9999 15.1003494764629 12.0529661178589 20.1277434825897 16.6692316952874 13.6602013111115 -9999 -9999 -9999 -9999 -9999 -9999 -9999
-9999 -9999 -9999 -9999 -9999 -9999 -9999 -9999 -9999 3.67937564849854 3.38731915950775 3.32438027858734 3.42537385225296 3.4482843875885 3.49617022275925 3.47653887488625 3.0609072893858 2.80048404633999 3.09004890918732 2.04241637140512 2.03590896725655 1.70532828569412 1.57393008470535 1.38189938664436 1.40189734372226 1.36455143581737 1.43394696712494 1.23390148580074 1.23898574709892 1.24120764434338 1.26968416571617 1.24188525974751 1.33882986009121 1.59647735953331 1.85030364990234 1.80677779018879 1.62526166439056 1.93261141126806 2.20316500555385 2.34514419599013 2.35072687268257 2.46747717261314 2.44146975874901 6.34551098508742 3.86466658115387 -9999 -9999 -9999 -9999 -9999 30.279956638813 22.8795291781425 27.2518234848976 16.5172128081322 -9999 -9999 -9999 -9999 -9999 -9999 -9999 -9999
-9999 -9999 -9999 -9999 -9999 -9999 -9999 -9999 -9999 3.85938962548971 3.96253681182861 4.03910994529724 3.19386116816447 2.88881287666468 3.32878708839417 3.29885998368263 2.98046959936619 2.76839601993561 2.24500717222691 2.01259313523769 1.74450150132179 1.56019574403763 1.54253253340721 1.39917080510746 1.38180639527061 1.38790068301288 1.38251534375277 1.17977625131607 1.21747921813618 1.21793662011623 1.25428502261639 1.29180188477039 1.3821007758379 1.67419275641441 1.8663217574358 2.00021919608116 1.7373052239418 1.97719372402538 2.1302791129459 2.36648111993616 2.58065942742608 3.0461332635446 3.20540698008104 9.13391493940816 3.86466693878174 -9999 -9999 -9999 -9999 12.1949715614319 -9999 -9999 -9999 -9999 -9999 -9999 -9999 -9999 -9999 -9999 -9999 -9999
-9999 -9999 -9999 -9999 -9999 -9999 -9999 -9999 -9999 3.63406348228455 3.9333867430687 3.51148559496953 3.40408218823946 3.54934468865395 3.37891671061516 3.22687071561813 2.87160715460777 2.49262507259846 2.15747956931591 2.20747125148773 1.76826158165932 1.54537162184715 1.37122723460197 1.43899043649435 1.39746548980474 1.39932551234961 1.12654799222946 1.17134736478329 1.2441108673811 1.31631673872471 1.38275362551212 1.38535612821579 1.44187125563622 1.7201583981514 1.94418033957481 2.05897083878517 1.81421211361885 1.89925061572682 2.13417369669134 2.37982428073883 2.74252922968431 3.13636630231684 7.48688952673727 -9999 -9999 -9999 -9999 -9999 -9999 -9999 -9999 -9999 -9999 -9999 -9999 -9999 -9999 -9999 -9999 -9999 -9999 -9999
-9999 -9999 -9999 -9999 -9999 -9999 -9999 -9999 -9999 3.33848501168765 3.22780556862171 3.16732846773588 3.26593689735119 3.15430411696434 3.14614576101303 3.00655591487885 2.66753514111042 2.31104914844036 2.12655872106552 2.05759674310684 1.726338788867 1.52666473388672 1.50872114300728 1.42110766470432 1.30349313400008 1.29271923682906 1.168103992939 1.25799563527107 1.29961761832237 1.33548375964165 1.38401591777802 1.42417126893997 1.5513528585434 1.81717273592949 2.15148487687111 2.1554339826107 1.96604579687119 1.92780634760857 2.22429310733622 2.48783079060641 2.93706750869751 6.98822664041988 12.424356571163 -9999 -9999 -9999 -9999 -9999 -9999 -9999 -9999 -9999 -9999 -9999 -9999 -9999 -9999 -9999 -9999 -9999 -9999 -9999
-9999 -9999 -9999 -9999 -9999 -9999 -9999 3.28386068344116 3.90403167406718 4.48710761751447 3.289979998882 3.33163800606361 3.27063618256496 3.08330705761909 2.98248621821404 2.78284510970116 2.53401084244251 2.24991557002068 2.10496619343758 2.01335170865059 1.85046397149563 1.64280511438847 1.48643369227648 1.42886947840452 1.14235876500607 1.15964455767111 1.1464057713747 1.20508088171482 1.24825014173985 1.30391027033329 1.35321186482906 1.41078785061836 1.62445083260536 1.69507759809494 1.86455324292183 2.13420224189758 2.27730676531792 2.22576043009758 2.29709628224373 2.44499891996384 18.2710498594543 5.69786846637726 3.25656187534332 -9999 -9999 -9999 -9999 -9999 -9999 -9999 -9999 -9999 -9999 -9999 -9999 -9999 -9999 -9999 -9999 -9999 -9999 -9999
-9999 -9999 -9999 -9999 -9999 -9999 4.24941226840019 3.92709738275279 5.42914023399353 4.24990490504674 3.99446994066238 3.62474389259632 3.60329483105586 2.56589251756668 2.27971807122231 2.68607112765312 2.50382597744465 2.06534019112587 2.0081831663847 1.89623613655567 1.47649575769901 1.38716138899326 1.44265094399452 1.42418496310711 1.41053527593613 1.34603304212744 1.21817475557327 1.27021238207817 1.25687925517559 1.32169461250305 1.600699827075 1.5380595177412 1.65103501081467 1.80771043896675 1.903335750103 2.51613414287567 2.70591339468956 2.5258766412735 2.51107496023178 -9999 -9999 -9999 -9999 -9999 -9999 -9999 -9999 -9999 -9999 -9999 -9999 -9999 -9999 -9999 -9999 -9999 -9999 -9999 -9999 -9999 -9999 -9999
-9999 -9999 -9999 -9999 3.86422057449818 3.92896515444705 4.59546160697937 4.65791398286819 3.98931619099208 3.08571526408195 2.85370990633965 3.6221407193404 3.46960285993723 2.55700008435683 2.38491341471672 2.27546811103821 2.47097730636597 2.03376127779484 1.8851692378521 1.76015354692936 1.62189853191376 1.34208525717258 1.2512017339468 1.24354796111584 1.46686594188213 1.41752421855927 1.2947448939085 1.41056026518345 1.52846471965313 1.68122698366642 1.78580582141876 1.83294939994812 2.02338042855263 2.15720772743225 2.21453699469566 2.36180698871613 4.86903595924377 5.27763049653236 -9999 -9999 -9999 -9999 -9999 -9999 -9999 -9999 -9999 -9999 -9999 -9999 -9999 -9999 -9999 -9999 -9999 -9999 -9999 -9999 -9999 -9999 -9999 -9999
-9999 -9999 -9999 -9999 4.23254364469777 3.53503799980337 4.54322558641434 4.84615570306778 3.69574361188071 2.99560502171516 3.03860324621201 3.25627647454922 2.55722278898413 2.37659856677055 2.18484261631966 2.29268807172775 2.10887208580971 1.86128807067871 1.70503513514996 1.58764485269785 1.48872692883015 1.3814199458469 1.1831981241703 1.14814200997353 1.31145939230919 1.36929599940777 1.41711527109146 1.55861105024815 1.63032299280167 1.87987393140793 2.05520322918892 2.14122149348259 2.21532332897186 2.32757359743118 2.82339155673981 2.78844487667084 3.3501414494081 -9999 -9999 -9999 -9999 -9999 -9999 -9999 -9999 -9999 -9999 -9999 -9999 -9999 -9999 -9999 -9999 -9999 -9999 -9999 -9999 -9999 -9999 -9999 -9999 -9999
-9999 51.1639072055923 4.05647117476309 4.1473484666724 3.96332741411109 3.45202927729663 4.29632427692413 4.49252325296402 3.73542247499738 2.80253657698631 2.75310149788857 2.61916646361351 2.63329572975636 2.35265836119652 1.87439480423927 2.10438600182533 1.59783934056759 1.66136944293976 1.55490230768919 1.47570717334747 1.3662701100111 1.39659985087135 1.27017822861671 1.33087912201881 1.29713661968708 1.28849999606609 1.30890110135078 1.46564698219299 1.60274094343185 2.07293924689293 2.1937470138073 2.32487511634827 2.37733313441277 2.50675991177559 3.23110469182332 31.89747165597 -9999 -9999 -9999 -9999 -9999 -9999 -9999 -9999 -9999 -9999 -9999 -9999 -9999 -9999 -9999 -9999 -9999 -9999 -9999 -9999 -9999 -9999 -9999 -9999 -9999 -9999
5.19064133763313 7.10128852299281 5.02185835157122 3.6729071203031 3.92417662484305 4.08738669327327 3.85816521303994 3.99643211705344 3.21433389186859 3.00277722798861 3.11553586446322 3.00717577567467 2.09607796370983 1.57779711484909 1.68573448061943 1.65673837065697 1.51833978295326 1.37680837512016 1.34315809607506 1.35073274374008 1.49818798899651 1.22440539300442 1.29493126273155 1.26879040896893 1.33562171459198 1.43160223960876 1.61092463135719 1.78379586338997 1.92382988333702 2.22337532043457 2.49549973011017 2.63457911122929 2.81898558139801 -9999 -9999 -9999 -9999 -9999 -9999 -9999 -9999 -9999 -9999 -9999 -9999 -9999 -9999 -9999 -9999 -9999 -9999 -9999 -9999 -9999 -9999 -9999 -9999 -9999 -9999 -9999 -9999 -9999
4.53053770696416 4.55628163473947 3.80335485935211 4.36029139586857 3.88551074266434 4.0197468996048 4.06681090593338 3.47285172343254 2.77932634949684 3.54452767968178 2.80514404177666 3.22462273561037 1.57001021504402 1.43528097867966 1.52297852933407 1.46699215471745 1.45518225431442 1.4544191211462 1.42766587436199 1.48450729250908 1.46763212572445 1.37734951078892 1.37812802195549 1.40550827980042 1.6766160428524 1.80013355612755 1.99346512556076 2.17009904980659 2.48606997728348 2.78069972991943 3.00758519768715 3.47076970338821 3.28098444505171 5.70196510736759 7.32649593029992 7.19639906016263 -9999 -9999 -9999 -9999 -9999 -9999 -9999 -9999 -9999 -9999 -9999 -9999 -9999 -9999 -9999 -9999 -9999 -9999 -9999 -9999 -9999 -9999 -9999 -9999 -9999 -9999
4.60552650690079 4.10465562343597 4.61010115487235 5.1051686831883 4.36895173788071 3.98756146430969 3.67936277389526 3.34959197044373 2.98782080411911 2.83621680736542 2.61987644433975 1.57113355669108 1.39453049004078 1.41984902322292 1.22864617407322 1.36609377712011 1.54368978738785 1.54998828470707 1.97242122888565 1.48788338899612 1.56603446602821 1.58203464746475 1.53426674008369 1.73899653553963 2.05176445841789 2.06670445203781 2.21207284927368 2.24922636151314 2.7457813187079 3.1398206949234 3.96218137805526 -9999 -9999 -9999 -9999 -9999 -9999 -9999 -9999 -9999 -9999 -9999 -9999 -9999 -9999 -9999 -9999 -9999 -9999 -9999 -9999 -9999 -9999 -9999 -9999 -9999 -9999 -9999 -9999 -9999 -9999 -9999
4.65512563501086 4.5745598418372 5.0667485169002 4.59420388085501 4.30044850281307 3.48027059665093 3.49242501992446 3.08365603468635 2.58429183743217 2.00091166929765 1.74476326053793 1.446883442727 1.25022654370828 1.17766088247299 1.24621263417331 1.50765684992075 1.44849238612435 1.42214761538939 1.43661411783912 1.62755396149375 1.7281156019731 1.68227804790844 1.69436078179966 2.16222712397575 2.38747626543045 2.53655435280366 2.67787059870633 2.71202961965041 3.12464028596878 3.31756058335304 3.24241617321968 3.52373121678829 -9999 -9999 -9999 -9999 -9999 -9999 48.2924901691835 12.6942715644836 -9999 -9999 -9999 -9999 -9999 -9999 -9999 -9999 -9999 -9999 -9999 -9999 -9999 -9999 -9999 -9999 -9999 -9999 -9999 -9999 -9999 -9999
4.28470462560654 5.15710953303746 5.59037385668073 4.5222190618515 4.09772136211395 4.15695241741512 3.55618886152903 3.47983360290527 2.57921768318523 1.88454312086105 1.65756928920746 1.65902311354876 1.23984835296869 1.2648541033268 1.3051050901413 1.4736510142684 1.33372334458611 1.44445679946379 1.59670967947353 1.76497381925583 2.26933740079403 2.11370918154716 2.2433246076107 2.46840870380402 2.60837732661854 2.74522206187248 2.8803753554821 2.8504271954298 2.9993282854557 3.64173316955566 4.52735248882405 3.42093944549561 -9999 -9999 -9999 -9999 -9999 -9999 -9999 -9999 -9999 -9999 -9999 -9999 -9999 -9999 -9999 -9999 -9999 -9999 -9999 -9999 -9999 -9999 -9999 -9999 -9999 -9999 -9999 -9999 -9999 -9999
-9999 -9999 -9999 -9999 -9999 4.80533043988101 2.81856806137983 3.08080713450909 2.39502902464433 1.68209110200405 1.43241120129824 1.175512611866 1.22657909244299 1.25588944554329 1.3052024692297 1.43421103737571 1.52694781260057 1.51803505962545 1.7541787407615 2.5569137185812 2.62610727548599 2.30092643607746 4.93563330173492 2.84072812515147 2.76338571310043 3.79928675293922 -9999 -9999 -9999 -9999 -9999 -9999 -9999 -9999 -9999 -9999 -9999 -9999 -9999 -9999 -9999 -9999 -9999 -9999 -9999 -9999 -9999 -9999 -9999 -9999 -9999 -9999 -9999 -9999 -9999 -9999 -9999 -9999 -9999 -9999 -9999 -9999
-9999 -9999 -9999 -9999 -9999 -9999 3.33896523714066 2.52531199157238 1.89760646224022 1.43434532731771 1.28191837668419 1.32617010176182 1.36437345296144 1.36375982653011 1.53162826733156 1.70465232025493 1.92506821047176 2.07476872205734 2.38761405646801 2.80414326488972 3.41921997070312 3.36975605487824 3.33455195426941 2.89529208703475 -9999 -9999 -9999 -9999 -9999 -9999 -9999 -9999 -9999 -9999 -9999 -9999 -9999 -9999 -9999 -9999 -9999 -9999 -9999 -9999 -9999 -9999 -9999 -9999 -9999 -9999 -9999 -9999 -9999 -9999 -9999 -9999 -9999 -9999 -9999 -9999 -9999 -9999
