EcologicalScience/Bass/data/rs_data_bass/chl_306.asc
NCOLS 226 
NROWS 124 
XLLCORNER -9.41648524995501 
YLLCORNER 47.587301625531 
CELLSIZE 0.0833 
NODATA_value -9999 
[rows 54 to 80 of 124, columns 124 to 185 of 226]
1.6419637799263 1.54790997505188 1.36427021026611 1.45868021249771 1.5048862695694 1.75883781909943 1.65761107206345 1.69901025295258 1.7140297293663 1.54789566993713 1.64337748289108 1.51195567846298 1.42106321454048 1.39392596483231 1.29729974269867 1.22095128893852 0.965949028730392 0.913836032152176 0.893631041049957 0.812925785779953 1.17615070939064 1.34120777249336 1.0611045062542 1.219103962183 1.33029824495316 1.5180156826973 1.5680610537529 1.73591995239258 1.6973223388195 2.00625079870224 1.52992504835129 1.60635226964951 1.68791019916534 2.07915115356445 1.9462905228138 1.7419867515564 1.49972587823868 1.29663115739822 0.957492023706436 0.736340269446373 1.19102200865746 1.34943473339081 1.43918299674988 1.78375798463821 1.93040034770966 1.45633426308632 1.71109342575073 1.95882600545883 4.12366497516632 3.30182182788849 2.6249458193779 6.67428758740425 5.7094683945179 10.0087006688118 6.07686230114528 5.11453633649009 5.3049533367157 10.2453396136944 13.9079036934431 13.582783151793 7.1630405166192 -9999
1.90780878067017 1.49063551425934 1.33925020694733 1.49466446042061 1.73856675624847 1.67498248815536 1.85950648784637 1.73084557056427 1.5696337223053 1.45719373226166 1.52055305242538 1.52952754497528 1.46026727557182 1.42638677358627 1.55679219961166 1.4084287583828 1.23023253679276 1.00421172380447 1.42318765819073 1.47263324260712 1.5204596221447 0.94078803062439 1.20518776774406 1.29112574458122 1.47639602422714 1.50003755092621 1.54386073350906 1.62415730953217 1.44980549812317 1.55597841739655 1.77393382787704 1.8112319111824 1.70090478658676 1.06333646178246 2.120994374156 2.00567029416561 1.64197316765785 1.24413639307022 1.19222250580788 1.22880899906158 1.30921277403831 1.55627572536469 1.76589846611023 2.12346516251564 1.98537003993988 2.05838245153427 2.49185317754745 2.59963792562485 5.73704538345337 6.96829472269331 5.62650811672211 5.75765323638916 6.11714768409729 6.69894376221825 7.28694777488709 8.26702451705933 10.5720698833466 -9999 -9999 -9999 -9999 -9999
1.51185142993927 1.51624041795731 1.51566678285599 1.55945706367493 1.73506718873978 1.95106941461563 2.01286500692368 1.73022294044495 1.36983820796013 1.5882089138031 1.32822373509407 1.09696573019028 1.34790676832199 1.44538047909737 1.57874929904938 1.52301371097565 1.7135009765625 1.55879330635071 1.08097726106644 1.22803124785423 1.34215575456619 1.8069030046463 1.70276959240437 1.78482556343079 1.50184732675552 1.46962648630142 1.41470476984978 1.39177054166794 1.34349077939987 1.53208941221237 1.80069673061371 1.85404658317566 1.55120855569839 1.06025549769402 0.949175208806992 1.50493128597736 1.60211174190044 1.31212645769119 1.22934789955616 1.17906787991524 1.23064613342285 2.02764451503754 1.13622897863388 1.34885028004646 2.15899121761322 2.7913019657135 4.63996249437332 3.66852061200586 5.68712997436523 5.26471449647631 5.88404685258865 7.10159862041473 9.17062608400981 6.46953155994415 -9999 -9999 -9999 -9999 -9999 -9999 -9999 -9999
1.6625565290451 1.42647448182106 1.45817998051643 1.79056942462921 1.74914091825485 1.5945006608963 1.79495108127594 1.93323451280594 1.406124740839 1.68656431138515 1.48062184453011 1.42870724201202 1.36958661675453 1.37676751613617 1.26959028840065 1.70437949895859 1.86888670921326 1.93900126218796 2.38148617744446 2.3334127664566 2.35390645265579 1.38617697358131 2.17015689611435 2.31622982025146 1.37158504128456 1.09421172738075 1.0441147685051 1.28121596574783 1.42935079336166 1.61825323104858 1.76217448711395 1.51412844657898 1.09216877818108 0.864807039499283 1.68390280008316 1.51967892050743 1.34905999898911 1.21204501390457 1.31684848666191 1.17544613778591 0.871012508869171 1.28937828540802 1.52540856599808 1.98361945152283 2.15951317548752 6.35382628440857 6.32044805799212 5.88695740371669 6.92784431576729 7.43729639053345 8.08476080213274 10.2374768257141 14.1046328544617 -9999 -9999 -9999 -9999 -9999 -9999 -9999 -9999 -9999
1.97360479831696 1.09465572237968 1.0428187251091 0.531506270170212 0.527463018894196 0.576504752039909 2.37298303842545 2.18718469142914 2.03103446960449 1.8975101262331 1.79219511151314 1.33386263251305 1.17813862860203 1.2058394998312 1.16110163927078 1.08973123133183 1.44446477293968 1.55546253919601 1.87200218439102 2.15152126550674 2.25148719549179 2.0061696767807 1.45044448971748 0.713473498821259 0.685066491365433 0.685128003358841 1.01694077253342 1.3540672659874 1.63225722312927 1.64712005853653 1.57898247241974 1.22546401619911 0.904343247413635 2.31952804327011 1.48110303282738 2.87767052650452 2.14368295669556 1.7514780163765 1.13917502760887 0.868674784898758 0.899287462234497 1.25807395577431 1.93553620576859 3.18473410606384 3.59737730026245 4.13695085048676 7.38540394552823 13.1058588624001 8.50860410928726 7.83575713634491 8.00662958621979 7.41226005554199 58.4307460784912 -9999 -9999 -9999 -9999 -9999 -9999 -9999 -9999 -9999
-9999 2.5299839258194 2.96947467327118 2.60430377721786 2.68918251991272 0.703884735703468 2.26308578252792 2.09279853105545 2.31811797618866 2.06760376691818 1.44830280542374 1.57032045722008 1.33408726751804 1.27881829440594 1.08774152398109 0.81086254119873 1.46840545535088 1.48480573296547 1.62619721889496 1.9155780673027 1.8496949672699 1.45372197031975 1.56110107898712 1.40359497070312 1.46712076663971 1.35793277621269 1.49167647957802 1.50622344017029 1.47557696700096 1.55682080984116 5.05000269412994 3.17772746086121 2.23631626367569 2.24967008829117 1.73469150066376 1.37816020846367 1.07735627889633 0.94421848654747 0.807864010334015 0.855441033840179 1.10347947478294 1.66315805912018 2.28034204244614 2.3246887922287 5.48597426712513 -9999 11.1116589648383 9.78982990980148 9.22836667299271 9.83882081508636 21.3639554155284 33.682165145874 41.7692120625423 51.5370483398438 -9999 -9999 -9999 -9999 -9999 -9999 -9999 -9999
-9999 -9999 -9999 -9999 -9999 2.28387522697449 2.11546483039856 2.49383103847504 1.99890074133873 2.37983053922653 2.08692097663879 1.54985255002975 1.46620801091194 1.61000728607178 1.52377051115036 1.27638298273087 1.45444947481155 1.59549754858017 1.52162396907806 1.76064294576645 1.38752174377441 1.27987504005432 1.47362700104713 1.64281117916107 1.73501175642014 1.74413555860519 1.6386142373085 1.49307748675346 1.63754850625992 1.6656659245491 2.2358130812645 2.42176651954651 1.96858280897141 1.84688776731491 1.41059777140617 0.887826025485992 0.826126456260681 0.870432794094086 0.775917023420334 0.877950757741928 1.06983903050423 3.63968467712402 5.8371376991272 8.19562411308289 9.35960680246353 17.6524777609168 -9999 -9999 -9999 -9999 53.1087982995169 43.5596308708191 34.0518589700971 22.2223189883762 -9999 -9999 -9999 -9999 -9999 -9999 -9999 -9999
-9999 -9999 -9999 -9999 -9999 -9999 -9999 -9999 3.30151417851448 1.9387446641922 2.07223570346832 1.84312498569489 2.03003543615341 1.51889616250992 1.75498276948929 1.90319663286209 2.29815602302551 1.64868718385696 1.3593869805336 1.2987585067749 1.19800651073456 1.39297199249268 1.50503700971603 1.76464122533798 1.68524318933487 1.68686467409134 1.23270678520203 1.11212629079819 1.26613953709602 1.49685904383659 2.32921421527863 2.65706992149353 2.16338020563126 1.47598198056221 0.792532503604889 0.774677217006683 0.776988744735718 1.06175252795219 1.43949446082115 3.97658276557922 5.24856805801392 6.01837760210037 3.27515578269958 7.10776421427727 8.17072825225783 29.0682649612427 -9999 -9999 -9999 -9999 17.548882484436 44.5482867785863 20.9533766110738 60.8532579595392 48.8248524232344 21.8902327060699 -9999 -9999 -9999 -9999 -9999 -9999
-9999 -9999 -9999 -9999 -9999 -9999 -9999 -9999 -9999 -9999 2.30051332712173 1.7376344203949 1.95522308349609 2.0079038143158 1.95584052801132 1.83963972330093 2.05037695169449 1.92731845378876 1.74930229783058 1.20571348071098 1.23359477519989 1.38557177782059 1.25869426131248 1.6078394651413 1.48936799168587 1.25052899122238 1.13877975940704 1.04171025753021 1.10642400383949 1.43363776803017 1.85225772857666 1.7095034122467 1.55545127391815 1.44541570544243 0.831040531396866 0.801915764808655 0.711141005158424 1.70523449778557 4.20823132991791 6.39326250553131 8.09883654117584 5.75690007209778 4.29594039916992 22.8464317321777 12.8017338103461 -9999 -9999 -9999 -9999 -9999 -9999 -9999 9.57496065555549 37.608792478388 34.9461064338684 52.9913044657026 10.8786277770996 -9999 -9999 -9999 -9999 -9999
-9999 -9999 -9999 -9999 -9999 -9999 -9999 -9999 -9999 4.3704868555069 2.67366832494736 2.15173727273941 2.84146171808243 2.56983244419098 2.08962219953537 1.88613599538803 1.9198881983757 1.66809672117233 1.44733899831772 0.877713024616241 0.884054213762283 0.941967755556107 1.20069301128387 1.55235368013382 1.40477246046066 1.28979447484016 1.13261622190475 1.07833045721054 1.08803620934486 0.981314241886139 0.882548958063126 0.900383234024048 0.758619725704193 0.787274211645126 1.49392122030258 1.6640505194664 1.87173217535019 1.68660074472427 6.67836570739746 10.1945334076881 7.61507624387741 8.35431170463562 7.17264795303345 12.8191480636597 20.2632343543386 33.0447750091553 -9999 -9999 -9999 11.0607999111044 15.886217461692 35.4275638461113 13.1874542236328 17.3929989337921 33.3092647465793 40.2022275924683 17.6677453633278 -9999 -9999 -9999 -9999 -9999
-9999 -9999 -9999 -9999 -9999 -9999 -9999 -9999 -9999 -9999 3.55449056625366 3.04952085018158 3.34719300270081 2.42427295446396 2.52074879407883 1.89694578945637 1.3496789932251 1.52164649963379 1.20810002088547 1.09583777189255 1.19232299923897 1.10829824209213 1.02330154180527 1.34025147557259 1.32469126582146 1.23379728198051 1.28037071228027 1.12528574466705 1.00628927350044 1.02606001496315 0.621356248855591 0.640452727675438 0.618810743093491 1.15460103750229 1.82172667980194 2.13490283489227 2.03716725111008 2.0815424323082 1.96849125623703 2.10985350608826 3.09074985980988 2.88059324026108 6.77623057365417 8.08827372959682 8.43159567326018 -9999 -9999 -9999 -9999 -9999 16.6364434283713 26.059951543808 12.9842510223389 13.54549741745 21.6856645345688 -9999 -9999 -9999 -9999 -9999 -9999 -9999
-9999 -9999 -9999 -9999 -9999 -9999 -9999 -9999 -9999 3.67937564849854 4.21086502075195 3.50752699375153 2.9609979391098 2.20305249094963 1.10413652658463 1.11215999722481 1.29105296730995 1.21930950880051 1.08696752786636 1.3622077703476 1.33184704184532 1.10736975073814 1.15629521012306 1.25244149565697 1.31037372350693 1.23767629265785 1.15726500749588 1.21408054232597 1.09917372465134 1.09491446614265 1.11759299039841 1.07207626104355 1.01196375489235 1.31519696116447 2.07854408025742 2.25421643257141 1.99940103292465 2.20323604345322 2.31681382656097 2.77115017175674 2.93900102376938 3.27759075164795 6.59308040142059 6.26072232700089 3.86466658115387 -9999 -9999 -9999 -9999 -9999 26.6692314790876 13.380073428154 12.2277978658676 -9999 -9999 -9999 -9999 -9999 -9999 -9999 -9999 -9999
-9999 -9999 -9999 -9999 -9999 -9999 -9999 -9999 -9999 4.87364220619202 1.95615452528 1.69067108631134 2.98039627075195 2.47507234811783 1.75967076420784 0.829017788171768 0.887380510568619 1.13485649228096 1.45976847410202 1.26168376207352 1.09841850399971 0.874299734830856 0.971950471401215 1.02199575304985 1.13637220859528 1.1837317943573 1.1707102060318 1.58422315120697 1.52282166481018 1.57711118459702 2.03415490686893 1.24392226338387 1.31764876842499 1.55719202756882 1.50083774328232 1.5544102191925 1.65318757295609 1.3945440351963 5.67248976230621 7.48947608470917 10.5516809821129 4.79980838298798 5.4303902557918 9.9727306973587 3.86466693878174 -9999 -9999 -9999 -9999 12.1949715614319 -9999 -9999 -9999 -9999 -9999 -9999 -9999 -9999 -9999 -9999 -9999 -9999
-9999 -9999 -9999 -9999 -9999 -9999 -9999 -9999 -9999 3.51441911458969 3.03793358802795 2.52571331262588 1.38165003061295 1.11554852128029 0.978525012731552 0.943322271108627 0.790714502334595 0.858427494764328 1.29384523630142 1.20486223697662 0.89863720536232 0.719839498400688 0.794211030006409 0.865335792303085 0.888373464345932 1.82494300603867 1.75526511669159 1.60558953881264 1.76693361997604 1.80250498652458 1.90422382950783 0.716214001178741 0.888552725315094 1.08049196004868 1.32910725474358 1.48833301663399 1.83657306432724 2.40063750743866 2.76817882061005 6.85522091388702 6.39326494932175 4.70875489711761 6.25764530096481 -9999 -9999 -9999 -9999 -9999 -9999 -9999 -9999 -9999 -9999 -9999 -9999 -9999 -9999 -9999 -9999 -9999 -9999 -9999
-9999 -9999 -9999 -9999 -9999 -9999 -9999 -9999 -9999 3.10941702127457 1.86784422397614 1.12161898612976 1.09756278991699 1.29932847619057 1.23302775621414 1.11497846245766 0.814372479915619 0.930386960506439 1.17026245594025 1.07045701146126 0.906413286924362 0.698995515704155 0.796994984149933 0.865539729595184 0.87405002117157 0.903793483972549 0.808815032243729 0.701000243425369 0.708261743187904 0.701916754245758 0.811907976865768 0.918428957462311 1.06104370951653 1.16673374176025 1.41695621609688 1.93531876802444 1.8211373090744 2.07385647296906 2.23204278945923 2.82272708415985 4.16000926494598 4.52425848736483 10.5477274555758 -9999 -9999 -9999 -9999 -9999 -9999 -9999 -9999 -9999 -9999 -9999 -9999 -9999 -9999 -9999 -9999 -9999 -9999 -9999
-9999 -9999 -9999 -9999 -9999 -9999 -9999 3.28386068344116 4.03733166626522 2.68400463461876 1.51970475912094 1.4221522808075 1.43326199054718 1.50294148921967 1.5180412530899 1.19470649957657 0.953630268573761 0.943730235099792 0.944168239831924 0.875432968139648 0.830796718597412 0.765799462795258 0.753386288881302 0.849547505378723 0.917343020439148 0.989111244678497 1.14164248108864 1.11006903648376 1.04390323162079 1.00516122579575 1.10827803611755 1.2039450109005 1.32084748148918 1.50613117218018 1.62246608734131 1.77232056856155 1.78226780891418 2.00049304962158 2.5925760269165 2.72190517187119 15.6978912775956 5.69786846637726 3.25656187534332 -9999 -9999 -9999 -9999 -9999 -9999 -9999 -9999 -9999 -9999 -9999 -9999 -9999 -9999 -9999 -9999 -9999 -9999 -9999
-9999 -9999 -9999 -9999 -9999 -9999 4.59747183322906 4.19012403488159 1.78565847873688 1.95841652154922 1.71161091327667 1.67462557554245 1.96008592844009 1.91102170944214 1.71091568470001 1.32637426257133 1.05135896801949 0.984644293785095 0.90091198682785 0.843487501144409 0.82818603515625 0.821701526641846 0.776769787073135 0.836194485425949 0.865815013647079 0.880430996417999 1.02742946147919 1.04342696070671 1.08134552836418 1.17786598205566 1.72466933727264 1.85434949398041 2.08557450771332 2.35632294416428 4.67669105529785 4.41402930021286 4.90924954414368 5.08563184738159 5.38134866952896 -9999 -9999 -9999 -9999 -9999 -9999 -9999 -9999 -9999 -9999 -9999 -9999 -9999 -9999 -9999 -9999 -9999 -9999 -9999 -9999 -9999 -9999 -9999
-9999 -9999 -9999 -9999 3.73052415672255 4.17337012290955 3.12505338191986 3.26464998722076 3.19895993471146 3.13280513882637 3.06174170970917 1.71659016609192 2.21186167001724 1.97182953357697 1.71285223960876 1.23613277077675 1.16988301277161 1.03924199938774 0.880938738584518 0.835402518510818 0.777455985546112 0.808264464139938 0.913105487823486 0.839450240135193 0.775682955980301 0.852098286151886 0.977821469306946 0.956961035728455 1.04166001081467 1.22153252363205 1.66211932897568 2.03921699523926 2.37209844589233 2.57214599847794 3.75792396068573 4.19166523218155 4.61856214205424 6.25308304644646 -9999 -9999 -9999 -9999 -9999 -9999 -9999 -9999 -9999 -9999 -9999 -9999 -9999 -9999 -9999 -9999 -9999 -9999 -9999 -9999 -9999 -9999 -9999 -9999
-9999 -9999 -9999 -9999 2.95139708518982 3.40981156826019 2.75384545326233 2.54324108362198 2.895348072052 2.32775992155075 2.20646774768829 2.31190574169159 2.03008657693863 1.80661797523499 1.44444903731346 1.14056396484375 1.22698876261711 0.936436504125595 0.866159230470657 0.8710957467556 0.808775246143341 0.885308235883713 0.978212267160416 0.847574293613434 0.772464036941528 1.09622472524643 1.33468651771545 1.31504845619202 1.36824372410774 1.90276050567627 5.21094042062759 4.16472709178925 4.10269510746002 3.96525061130524 4.30797719955444 4.53114533424377 4.94099903106689 -9999 -9999 -9999 -9999 -9999 -9999 -9999 -9999 -9999 -9999 -9999 -9999 -9999 -9999 -9999 -9999 -9999 -9999 -9999 -9999 -9999 -9999 -9999 -9999 -9999
-9999 41.2957535749041 4.8099297477353 3.09906206130981 3.29455804824829 3.05891783237457 2.75265747308731 2.17996644973755 2.57831847667694 2.29538476467133 2.24523532390594 2.15825700759888 1.71042680740356 1.33656227588654 1.05917546153069 1.18513950705528 1.07376900315285 0.890057981014252 0.836252242326736 0.826552480459213 0.841373294591904 1.07531923055649 1.04617050290108 1.06300047039986 1.23086777329445 1.74313348531723 2.16263777017593 2.50844103097916 2.7396839261055 3.44568586349487 3.55408215522766 3.54662239551544 5.42686462402344 6.16082048416138 4.34586989879608 8.57770672169599 -9999 -9999 -9999 -9999 -9999 -9999 -9999 -9999 -9999 -9999 -9999 -9999 -9999 -9999 -9999 -9999 -9999 -9999 -9999 -9999 -9999 -9999 -9999 -9999 -9999 -9999
5.41118420362472 6.06257514953613 3.36362714767456 3.17510175704956 2.26760923862457 2.75273251533508 2.61081379652023 2.9174889922142 3.02525997161865 2.85535955429077 2.25360077619553 1.87666493654251 1.4895307123661 1.18131753802299 1.1522324681282 1.11755776405334 0.823124974966049 0.83696249127388 0.771020293235779 0.752381980419159 1.02430799603462 1.18054354190826 1.21457996964455 1.46134051680565 1.94476944208145 2.73930591344833 3.31564736366272 3.48875713348389 3.50606989860535 3.73041236400604 4.0051703453064 4.38073933124542 7.68985915184021 -9999 -9999 -9999 -9999 -9999 -9999 -9999 -9999 -9999 -9999 -9999 -9999 -9999 -9999 -9999 -9999 -9999 -9999 -9999 -9999 -9999 -9999 -9999 -9999 -9999 -9999 -9999 -9999 -9999
8.09295645781926 3.15056140422821 2.88924103975296 3.13974237442017 2.92627957463264 2.45165544748306 2.50801795721054 2.54144257307053 2.54339629411697 2.28530931472778 1.85293346643448 1.68034726381302 1.45578074455261 1.2763409614563 0.512074515223503 1.19453477859497 0.83747373521328 0.91288948059082 0.836380541324615 0.875036984682083 1.28889146447182 1.41969376802444 1.55674946308136 1.71118730306625 3.08526456356049 3.29255390167236 3.69548392295837 3.54843807220459 8.17767953872681 4.15322542190552 4.33852636814117 5.63754651546478 4.86029777526855 10.0431603009884 13.3484052658081 6.39461296616179 -9999 -9999 -9999 -9999 -9999 -9999 -9999 -9999 -9999 -9999 -9999 -9999 -9999 -9999 -9999 -9999 -9999 -9999 -9999 -9999 -9999 -9999 -9999 -9999 -9999 -9999
3.25751861929893 3.06657975912094 2.61267179250717 2.74734979867935 2.69416415691376 2.38466200232506 2.28668993711472 2.01476258039474 1.88750016689301 1.85334831476212 1.70678472518921 1.90612345933914 1.23111974447966 1.28537028282881 1.26034238934517 0.89825302362442 0.920001000165939 1.0311952829361 1.52350133657455 1.56360983848572 1.56699746847153 1.76969468593597 1.96695828437805 2.35555654764175 3.28674674034119 3.40463554859161 3.06168830394745 3.08559823036194 6.87585139274597 5.69031858444214 6.07913733959198 -9999 -9999 -9999 -9999 -9999 -9999 -9999 -9999 -9999 -9999 -9999 -9999 -9999 -9999 -9999 -9999 -9999 -9999 -9999 -9999 -9999 -9999 -9999 -9999 -9999 -9999 -9999 -9999 -9999 -9999 -9999
3.21230609714985 3.23370936512947 3.25249966979027 3.10660645365715 3.33782091736794 3.3589975386858 2.96936541795731 2.83862596750259 2.56191498041153 2.35347378253937 2.30108055472374 1.69800770282745 1.45925322175026 1.24114653468132 1.47752326726913 1.23507070541382 1.28817898035049 1.51575458049774 1.5879921913147 1.89544504880905 2.24747550487518 2.65153133869171 2.8406857252121 3.0976231098175 3.10155987739563 3.49989974498749 3.14393556118011 6.87691402435303 5.43550461530685 5.48702573776245 5.67934942245483 8.8632587313652 -9999 -9999 -9999 -9999 -9999 -9999 36.7069528458723 12.6942715644836 -9999 -9999 -9999 -9999 -9999 -9999 -9999 -9999 -9999 -9999 -9999 -9999 -9999 -9999 -9999 -9999 -9999 -9999 -9999 -9999 -9999 -9999
3.83118711411953 3.94267722538539 3.55447608232498 3.39437985420227 3.30517845153809 3.49297544360161 6.2890613079071 2.77226787805557 3.04139715433121 3.25798487663269 2.21479770541191 1.69626399874687 1.69538778066635 1.27020826935768 1.49674648046494 2.07515841722488 1.84713596105576 1.69714432954788 1.88440579175949 2.62491828203201 2.99932283163071 3.09966516494751 3.33894538879395 2.94892644882202 3.1086393892765 3.7335022687912 6.08980250358582 5.89795562624931 5.15819942951202 4.32289111614227 5.484477690288 3.42093944549561 -9999 -9999 -9999 -9999 -9999 -9999 -9999 -9999 -9999 -9999 -9999 -9999 -9999 -9999 -9999 -9999 -9999 -9999 -9999 -9999 -9999 -9999 -9999 -9999 -9999 -9999 -9999 -9999 -9999 -9999
-9999 -9999 -9999 -9999 -9999 4.26293932764154 3.33357463564192 2.9576276242733 2.15323054790497 1.715740442276 1.09040477871895 1.12876045703888 1.24973103404045 1.43889901041985 1.48821070790291 1.70814675092697 1.865946829319 2.13347554206848 2.52158242464066 2.55556958913803 2.75905358791351 3.25649785995483 3.38937091827393 6.31430959701538 3.86936509609222 5.89288390599764 -9999 -9999 -9999 -9999 -9999 -9999 -9999 -9999 -9999 -9999 -9999 -9999 -9999 -9999 -9999 -9999 -9999 -9999 -9999 -9999 -9999 -9999 -9999 -9999 -9999 -9999 -9999 -9999 -9999 -9999 -9999 -9999 -9999 -9999 -9999 -9999
-9999 -9999 -9999 -9999 -9999 -9999 3.27048861980438 2.92003494501114 1.56347769498825 1.21703776717186 1.13881802558899 1.37351703643799 1.41617774963379 2.29431974887848 1.65942370891571 1.93176823854446 2.32067173719406 2.51413947343826 2.60547441244125 2.69325524568558 3.26295590400696 3.64292013645172 3.88152086734772 3.1213435763266 -9999 -9999 -9999 -9999 -9999 -9999 -9999 -9999 -9999 -9999 -9999 -9999 -9999 -9999 -9999 -9999 -9999 -9999 -9999 -9999 -9999 -9999 -9999 -9999 -9999 -9999 -9999 -9999 -9999 -9999 -9999 -9999 -9999 -9999 -9999 -9999 -9999 -9999
