EcologicalScience/Bass/data/rs_data_bass/chl_47.asc
NCOLS 226 
NROWS 124 
XLLCORNER -9.41648524995501 
YLLCORNER 47.587301625531 
CELLSIZE 0.0833 
NODATA_value -9999 
[rows 0 to 27 of 124, columns 62 to 123 of 226]
-9999 -9999 -9999 -9999 -9999 -9999 -9999 -9999 -9999 -9999 -9999 -9999 -9999 -9999 -9999 -9999 -9999 -9999 -9999 -9999 -9999 -9999 -9999 -9999 -9999 -9999 -9999 -9999 -9999 -9999 -9999 -9999 -9999 -9999 -9999 -9999 -9999 -9999 -9999 -9999 -9999 -9999 -9999 -9999 -9999 -9999 -9999 -9999 -9999 -9999 -9999 -9999 -9999 -9999 -9999 -9999 -9999 -9999 -9999 -9999 -9999 -9999
-9999 -9999 -9999 -9999 -9999 -9999 -9999 -9999 -9999 -9999 -9999 -9999 -9999 -9999 -9999 -9999 -9999 -9999 -9999 -9999 -9999 -9999 -9999 -9999 -9999 -9999 -9999 -9999 -9999 -9999 -9999 -9999 -9999 -9999 -9999 -9999 -9999 -9999 -9999 -9999 -9999 -9999 -9999 -9999 -9999 -9999 -9999 -9999 -9999 -9999 -9999 -9999 -9999 -9999 -9999 -9999 -9999 -9999 -9999 -9999 -9999 -9999
-9999 -9999 -9999 -9999 -9999 -9999 -9999 -9999 -9999 -9999 -9999 -9999 -9999 -9999 -9999 -9999 -9999 -9999 -9999 -9999 -9999 -9999 -9999 -9999 -9999 -9999 -9999 -9999 -9999 -9999 -9999 -9999 -9999 -9999 -9999 -9999 -9999 -9999 -9999 -9999 -9999 -9999 -9999 -9999 -9999 -9999 -9999 -9999 -9999 -9999 -9999 -9999 -9999 -9999 -9999 -9999 -9999 -9999 -9999 -9999 -9999 -9999
-9999 -9999 -9999 -9999 -9999 -9999 -9999 -9999 -9999 -9999 -9999 -9999 -9999 -9999 -9999 -9999 -9999 -9999 -9999 -9999 -9999 -9999 -9999 -9999 -9999 -9999 -9999 -9999 -9999 -9999 -9999 -9999 -9999 -9999 -9999 -9999 -9999 -9999 -9999 -9999 -9999 -9999 -9999 -9999 -9999 -9999 -9999 -9999 -9999 -9999 -9999 -9999 -9999 -9999 -9999 -9999 -9999 -9999 -9999 -9999 -9999 -9999
-9999 -9999 -9999 -9999 -9999 -9999 -9999 -9999 -9999 -9999 -9999 -9999 -9999 -9999 -9999 -9999 -9999 -9999 -9999 -9999 -9999 -9999 -9999 -9999 -9999 -9999 -9999 -9999 -9999 -9999 -9999 -9999 -9999 -9999 -9999 -9999 -9999 -9999 -9999 -9999 -9999 -9999 -9999 -9999 -9999 -9999 -9999 -9999 -9999 -9999 -9999 -9999 -9999 -9999 -9999 -9999 -9999 -9999 -9999 -9999 -9999 -9999
-9999 -9999 -9999 -9999 -9999 -9999 -9999 -9999 -9999 -9999 -9999 -9999 -9999 -9999 -9999 -9999 -9999 -9999 -9999 -9999 -9999 -9999 -9999 -9999 -9999 -9999 -9999 -9999 0.63735419511795 -9999 1.25934275634149 0.674538463354111 0.747241328869547 0.826016277074814 0.738535985350609 0.59231586009264 0.606098715215921 0.605412102059314 0.597020268440247 0.605078235268593 0.589668750762939 0.566976087167859 0.582351855933666 0.579504763707519 0.547705505043268 0.557388838380575 0.530493753030896 0.54476766474545 0.625682502985001 0.413477674126625 0.422518198688825 0.42517967770497 0.489449698674051 0.384312003850937 0.534477546811104 0.517958577190127 0.518470495939255 0.498054487364633 0.332251241978477 0.314024950651561 0.34794155332972 0.478633575886488
-9999 -9999 -9999 -9999 -9999 -9999 -9999 -9999 -9999 -9999 -9999 -9999 -9999 -9999 -9999 -9999 -9999 -9999 -9999 -9999 -9999 -9999 -9999 -9999 -9999 -9999 1.18186515569687 1.0627324283123 2.93688027064006 1.95787197351456 1.18996763579986 0.740226346068084 0.758205924715315 0.715617085141795 0.64082037870373 0.703186258673668 0.607773005962372 0.591730596497655 0.659303257339879 0.622244549294313 0.622364982962608 0.459838865434422 0.623553737998009 0.571374744176865 0.571624780073762 0.553765505552292 0.532421246170998 0.613591458867578 0.616351102204884 0.514847327023745 0.517364529892802 0.468433686039027 0.465524775140426 0.460394114255905 0.455790442228317 0.355233268702731 0.553260319327053 0.487520553609904 0.442226517945528 0.44843362737447 0.500994872520952 0.475943858132643
-9999 -9999 -9999 -9999 -9999 -9999 -9999 -9999 -9999 -9999 -9999 -9999 -9999 -9999 -9999 -9999 -9999 -9999 -9999 -9999 -9999 -9999 -9999 -9999 -9999 -9999 1.18186515569687 2.67467751105626 1.19679118394852 0.791166599839926 0.627057445049286 0.696744310855866 0.821802898177079 0.736684259559427 0.68306805406298 0.768774971365929 0.719409495592117 0.629938697442412 0.619588298723102 0.621211856603622 0.580706000328064 0.586721256375313 0.647453721416624 0.597826619681559 0.563951507210732 0.511423464207088 0.561429178342223 0.539889089763165 0.612370997667313 0.539841933175921 0.614540502429008 0.542849432677031 0.537728922441602 0.51868405379355 0.509296596050262 0.504636939615011 0.442211249470711 0.457387576761999 0.538727440332112 0.496733200024156 0.448276142589748 0.458044683560729
-9999 -9999 -9999 -9999 -9999 -9999 -9999 -9999 -9999 -9999 -9999 -9999 -9999 -9999 -9999 -9999 -9999 -9999 -9999 -9999 -9999 -9999 -9999 -9999 -9999 -9999 1.59874747628751 2.19199404492974 1.16352404952049 0.848135059699416 0.791516896337271 0.660542124509811 0.818437492208822 0.840691268444061 0.678558673177447 0.756622776389122 0.714894941076636 0.677798911929131 0.636845799162984 0.640325736254454 0.626392683014274 0.618119163438678 0.573521621525288 0.6341817041761 0.562781162559986 0.509656798313646 0.671846929192543 0.552030460909009 0.643658742308617 0.598311483860016 0.495519574731588 0.495529729653807 0.540550991892815 0.446641792269314 0.460075115456301 0.479901212979766 0.506642949931762 0.50258661368314 0.457842889077523 0.48496250808239 0.4780501909554 0.487631538882852
-9999 -9999 -9999 -9999 -9999 -9999 -9999 -9999 -9999 -9999 -9999 -9999 -9999 -9999 -9999 -9999 -9999 -9999 -9999 -9999 -9999 -9999 -9999 -9999 -9999 1.19121462106705 3.6818978660985 1.63951754942536 0.85046205483377 0.628591498732567 0.637581896781921 0.718919325087752 0.771770353828158 0.694066752280508 0.753275766968727 0.730519756674767 0.666186366230249 0.6523083653301 0.524124294519424 0.53446738421917 0.624401455745101 0.614031543955207 0.56691974401474 0.581769928336143 0.63164783073099 0.650932815670967 0.546913890168071 0.605774013698101 0.492661306634545 0.446375244855881 0.442499095201492 0.456419089436531 0.553828731179237 0.452802255749702 0.438890024143107 0.439633198520717 0.529961764812469 0.534370481967926 0.519690245389938 0.504530757665634 0.483437016606331 0.507632441818714
-9999 -9999 -9999 -9999 -9999 -9999 -9999 -9999 -9999 -9999 -9999 -9999 -9999 -9999 -9999 -9999 -9999 -9999 -9999 -9999 -9999 -9999 -9999 -9999 -9999 3.21568854859001 1.95250669278597 0.999736122786999 0.897981746122241 0.761229079216719 0.818211257457733 0.765428751707077 0.658431807798999 0.655631744435855 0.678552286965506 0.677884672369276 0.662231310137681 0.519317239522934 0.516793790459633 0.52096500992775 0.523379266262054 0.596005965024233 0.575972903519869 0.572503315284848 0.587401796132326 0.57757555693388 0.489070951938629 0.511614006757736 0.471551710367203 0.471909606456757 0.493549793958664 0.609328001737595 0.565149992704391 0.494464853230645 0.486059165176223 0.454813817844671 0.464405770687496 0.551683738827705 0.5281862616539 0.5198784917593 0.474501873640453 0.496267710538471
-9999 -9999 -9999 -9999 -9999 -9999 -9999 -9999 -9999 -9999 -9999 -9999 -9999 -9999 -9999 -9999 -9999 -9999 -9999 -9999 -9999 -9999 -9999 -9999 1.31647038459778 2.01546035706997 1.08669233322144 0.925165068358183 0.799183202907443 0.822687075418585 0.798494726419449 0.811443507671356 0.765377998352051 0.672061711549759 0.686249553092888 0.691322229802608 0.670027275170599 0.651844912341663 0.634813712111541 0.526880845427513 0.584850948303938 0.582678928971291 0.581993915140629 0.588602621108294 0.576578624546528 0.595674930140376 0.549467079341412 0.53100130520761 0.61981575191021 0.647879004478455 0.645731240510941 0.543666852638125 0.644876733422279 0.595595589838922 0.474053124294561 0.476970791816711 0.476922617239111 0.550152495503426 0.51485276222229 0.487661998718977 0.519366826862097 0.513565784320235
-9999 -9999 -9999 -9999 -9999 -9999 -9999 -9999 -9999 -9999 -9999 -9999 -9999 -9999 -9999 -9999 -9999 -9999 -9999 -9999 -9999 -9999 -9999 1.50594073534012 1.96704172343016 1.50689389184117 1.03962215781212 0.800807727500796 0.779360705986619 0.778430823236704 0.723042380064726 0.794798016548157 0.721582921487944 0.699642116469996 0.66408417054585 0.646485954523087 0.64955904760531 0.577114793658257 0.615008912980556 0.604089757427573 0.607010532170534 0.601560361683369 0.59940948151052 0.584361098706722 0.585231738165021 0.58760542050004 0.615117490291595 0.602514266967773 0.578725762665272 0.643022373318672 0.57477946053533 0.667182628722752 0.699828490614891 0.456007937298102 0.554896503686905 0.585089139640331 0.573702178895473 0.54781649261713 0.455452454440734 0.517924541936201 0.51077666265123 0.518203511834145
-9999 -9999 -9999 -9999 -9999 -9999 -9999 -9999 -9999 -9999 -9999 -9999 -9999 -9999 -9999 -9999 -9999 -9999 -9999 -9999 -9999 -9999 2.15338927507401 1.98343433702693 1.45057105842759 0.981388472020626 0.881020400673151 1.09932723641396 1.07078903913498 0.680658736824989 0.656375858187676 0.733212593410696 0.714423000812531 0.707487622542041 0.662559229348387 0.640197739005089 0.532770767807961 0.600005351006985 0.599669516086578 0.593303997069597 0.575410114601254 0.572958290576935 0.560270044952631 0.546316869556904 0.566401138901711 0.562169333919883 0.592853501439095 0.593437999486923 0.630831538754351 0.653604484656278 0.596826716791838 0.68004646897316 0.633461773395538 0.666264824130956 0.569056987762451 0.51811696216464 0.567150264978409 0.558115735650063 0.531012743711472 0.519041508436203 0.51144953159725 0.599682318046689
-9999 -9999 -9999 -9999 -9999 -9999 -9999 -9999 -9999 -9999 -9999 -9999 -9999 -9999 -9999 -9999 -9999 -9999 -9999 -9999 2.64602583646774 1.8849960565567 1.84160332118764 1.52957592532039 1.59355294704437 1.04193217679858 0.957601021975279 1.03970378637314 0.998227506875992 0.940577000379562 0.781247399747372 0.764747921909605 0.758330810282912 0.730159134737083 0.754422247409821 0.731355488300323 0.625408781692386 0.61602964438498 0.581289729103446 0.559566104784608 0.582217605784535 0.593269307166338 0.568594202399254 0.54956728219986 0.700427994132042 0.697410255670547 0.628731742501259 0.636254504323006 0.6171815097332 0.564997456502169 0.648431986570358 0.678283274173737 0.668842762708664 0.563551878556609 0.562153581529856 0.554574569687247 0.5035306122154 0.532546758651733 0.54538201354444 0.513621088117361 0.616045758128166 0.636610761284828
-9999 -9999 -9999 -9999 -9999 -9999 -9999 -9999 -9999 -9999 -9999 -9999 -9999 -9999 -9999 -9999 -9999 -9999 -9999 -9999 -9999 1.97827368974686 1.76370462950538 1.70334282517433 1.34604156017303 1.07702565193176 0.995954565703869 0.923618886619806 0.822588922346339 0.913212478160858 0.900306731462479 0.875782743096352 0.804548665881157 0.805911242961884 0.756917983293533 0.722931236028671 0.659685848280787 0.658838912844658 0.642359621822834 0.605285989120603 0.514149740338326 0.627990854904056 0.601834494620562 0.529179453849792 0.590489443391562 0.644644040082182 0.643801475209849 0.668046783123698 0.65628780318158 0.732285246253014 0.679222285747528 0.649555236101151 0.562967162579298 0.564037296921015 0.541589537635446 0.550527663901448 0.504560234025121 0.500950880348682 0.527947688475251 0.545505087822676 0.67033725976944 0.674858763813972
-9999 -9999 -9999 -9999 -9999 -9999 -9999 -9999 -9999 -9999 -9999 -9999 -9999 -9999 -9999 -9999 -9999 -9999 -9999 3.80621492862701 1.86166746476117 2.43950691819191 1.60606698319316 1.34531800076365 1.21037072315812 1.08476351201534 0.976513236761093 0.877457236871123 0.813876958563924 0.977325469255447 0.989078760147095 0.943625777959824 0.873920023441315 0.839047729969025 0.783143013715744 0.742318719625473 0.584570109844208 0.58466115295887 0.567171746492386 0.577173140645027 0.584312850236893 0.676417919141906 0.683988045368876 0.561588460206985 0.688794985413551 0.67072494328022 0.674988122923034 0.678498387336731 0.663643362266677 0.638616835432393 0.693487733602524 0.569723714143038 0.55664024502039 0.665562242269516 0.57564215362072 0.511883983388543 0.508160060271621 0.511951027438045 0.520648509263992 0.498377388891052 0.532484823837876 0.538740841671824
-9999 -9999 -9999 -9999 -9999 -9999 -9999 -9999 -9999 -9999 -9999 -9999 -9999 -9999 -9999 -9999 -9999 -9999 4.18711233139038 2.11306976921418 2.05504024028778 1.76664343476295 1.39077242463827 1.44491085782647 1.14952830970287 1.09607675671577 1.07016911543906 1.03907796740532 1.04788172245026 1.03140300512314 0.997020021080971 0.951732724905014 0.935137748718262 0.887630522251129 0.705117758363485 0.695869965478778 0.641866359114647 0.628215301036835 0.617576104402542 0.610099053382874 0.671573881592069 0.68345683068037 0.608704501390457 0.612650999799371 0.689862083111491 0.679462006049497 0.677575353000845 0.658497633678573 0.679209019456591 0.650930017232895 0.666116759181023 0.630370989441872 0.553440107032657 0.588390184566379 0.571128202602267 0.519738659262657 0.540053430944681 0.555824381463668 0.586945692405981 0.569783249322106 0.656324710696936 0.655109714716673
-9999 -9999 -9999 -9999 -9999 -9999 -9999 -9999 -9999 -9999 -9999 -9999 -9999 -9999 -9999 -9999 -9999 4.07204532623291 10.8863925933838 3.34034167317783 1.85179528221488 1.75021547079086 1.59912894666195 1.37549821659923 1.18185624852777 1.24646800756454 1.180036008358 1.18968677520752 1.05742299556732 1.00977799296379 1.02601221203804 0.994834005832672 0.925769984722137 0.907138735055923 0.915871500968933 0.857008501887321 0.766054933624608 0.775141030550003 0.788817331194878 0.725257643631526 0.662971699610353 0.657267194241285 0.638974875211716 0.774593627080321 0.700821483773845 0.704236727740083 0.652916343084403 0.730809027595179 0.794895261526108 0.722007513046265 0.701765015721321 0.624351993203163 0.560626421123743 0.652402482926846 0.600748205557466 0.596574660390615 0.625680758672602 0.573803073343109 0.466954796191524 0.479976495107015 0.640931050160102 0.64188608580402
-9999 -9999 -9999 -9999 -9999 -9999 -9999 -9999 -9999 -9999 -9999 -9999 -9999 -9999 -9999 -9999 -9999 -9999 -9999 3.46789914018968 1.77862393856049 1.44757287204266 1.37584260744708 1.39093598723412 1.41715124249458 1.36433944106102 1.32228496670723 1.21597599983215 1.14442047476768 1.05851078033447 1.07086873054504 1.03743001818657 1.0091812312603 0.948471501469612 0.942101031541824 0.887608468532562 0.856812492012978 0.754314735531807 0.71212800219655 0.698043275624514 0.677018517628312 0.666942665353417 0.645395630970597 1.04390072822571 0.958252489566803 0.811958575621247 0.775666750967503 0.810172975063324 0.589370638132095 0.733332008123398 0.484557922929525 0.473829274065793 0.488721946254373 0.488174806348979 0.482264349237084 0.541314259171486 0.439173494191731 0.507623112760484 0.485943383071572 0.489865726791322 0.63617543610079 0.643696493868317
-9999 -9999 -9999 -9999 -9999 -9999 -9999 -9999 -9999 -9999 -9999 -9999 -9999 -9999 -9999 3.97645326282667 13.8141589164734 32.7365054350633 2.37582149108251 1.74318019151688 1.49760151122298 1.41414092481136 1.38170208781958 1.26416388899088 1.44481271505356 1.40280047059059 1.38403156399727 1.23380398750305 1.21928724646568 1.08694052696228 1.13993522524834 1.03983950614929 1.01842126250267 1.00236098468304 0.942655980587006 0.735073747113347 0.842590560870511 0.877804741263389 0.701537556946278 0.782934010028839 0.763356000185013 0.749415248632431 0.806760534644127 0.809403240680695 0.843928344547749 0.808343178592622 0.780473875813186 0.791550680994987 0.753538607619703 0.765028453432024 0.564409159562167 0.562612413483508 0.486810904741287 0.489128842949867 0.516098260879517 0.486695399880409 0.47762970328331 0.465981316566467 0.469477352499962 0.46834169626236 0.46950164437294 0.465451508760452
-9999 -9999 -9999 -9999 -9999 -9999 -9999 -9999 -9999 -9999 35.2986888885498 35.2986888885498 13.7248649597168 2.19046189234807 2.19167572259903 1.92850195169449 2.18960649892688 2.07794514298439 2.04315586388111 1.79709148406982 1.69572122767568 1.50348047912121 1.10141196101904 1.08892958479769 1.14952414110303 1.46791222691536 1.32982003688812 1.23364824056625 1.24354526400566 1.30741423368454 1.13122424483299 1.0902247428894 1.0375645160675 0.95551398396492 0.805017840117216 0.788205178454518 0.898949265480041 0.880301028490066 0.82872074842453 0.608575984835625 0.692899987101555 0.67981238476932 0.853631973266602 0.828534722328186 1.00852466002107 0.895875530317426 0.84118764102459 0.782296481542289 0.774244621396065 0.772664132528007 0.71819306910038 0.732719960622489 0.52032328248024 0.509440809488297 0.605776114123208 0.496985846757889 0.456542846560478 0.48047596514225 0.482264542579651 0.484228500723839 0.501569785615977 0.498278767747037
-9999 -9999 -9999 -9999 -9999 -9999 -9999 -9999 -9999 -9999 35.2986888885498 5.41193731971409 5.84999304696133 3.2568223073202 2.29605444915154 2.2093824505806 4.28369431746633 5.16443355187126 9.9106486781989 6.63336110115051 1.65123530594926 1.35837709531188 1.12706445157528 1.23642777695375 1.21290096465279 1.24538539722562 1.1594737842679 1.10257782787085 1.28393724560738 1.13714000582695 0.922643020749092 0.955807238817215 1.0607750573579 0.932722002267838 1.00858826935291 1.04614074528217 0.965554089418479 0.722856312990189 0.752580843865871 0.727293569594622 0.706058805808425 0.788898006081581 0.881587505340576 0.871983274817467 1.00197132720667 0.979089642564456 0.936271414160728 0.793265394866467 0.505291488021612 0.494435819797218 0.636213604893003 0.654912302536624 0.646325015595981 0.627544194459915 0.507305860519409 0.499537056684494 0.497120833396912 0.493483051657677 0.490233913064003 0.487395304441452 0.496726486086845 0.493697386980057
-9999 -9999 -9999 -9999 -9999 -9999 -9999 -9999 -9999 -9999 -9999 -9999 -9999 5.38482906507409 2.87660700959318 5.77352249622345 -9999 -9999 -9999 -9999 -9999 -9999 1.83090977458393 2.54778812212103 1.52258619841407 1.38361184298992 1.18559294566512 1.09035262092948 1.17311912029982 1.63170647621155 0.970744522288442 0.970764817669988 0.782481318712235 0.779298162460327 0.764698505401611 0.751781415939331 0.742978066205978 0.744890981912613 0.781808596104383 1.08358100056648 0.733258685097098 0.707995483651757 0.710546912625432 0.842202261090279 1.01777434524368 0.949656060513328 0.972589825882631 0.687568366527557 0.536695942282677 0.699376568198204 0.662360669246742 0.653283023408481 0.670458152890205 0.497289454936981 0.503130000829697 0.49790940284729 0.50296306014061 0.507715648412705 0.491569349169731 0.477876743674278 0.469907543063164 0.474660587310791
-9999 -9999 -9999 -9999 -9999 -9999 -9999 -9999 -9999 -9999 -9999 -9999 -9999 16.6274771690369 16.6274771690369 16.6274771690369 -9999 -9999 -9999 -9999 -9999 -9999 4.94490551948547 4.94490551948547 4.94490551948547 0.308659605681896 5.24748998880386 4.50498474871411 1.63977372646332 1.1793552339077 1.16902324184775 1.11141948401928 1.0692393971341 0.897487412605967 0.780229049921036 0.752468383312225 0.721953874826431 0.744971813634038 0.746943477541208 0.927883222699165 0.927512273192406 0.828834220767021 0.824986770749092 0.83475199341774 0.814347773790359 0.796700226143003 0.767472766339779 0.788894770400865 0.753425747156143 0.749941818416119 0.732632016496999 0.695878875042711 0.678477884403297 0.521627381443977 0.525022512674332 0.50358510017395 0.502446448802948 0.486216446757317 0.464336702227592 0.552567109465599 0.567903225443193 0.457196393609047
-9999 -9999 -9999 -9999 -9999 -9999 -9999 -9999 -9999 -9999 -9999 -9999 -9999 -9999 -9999 -9999 -9999 -9999 -9999 -9999 -9999 -9999 -9999 -9999 -9999 -9999 5.4002250234286 1.75908326475244 1.6949965596199 1.2934022963047 1.28406977227756 1.26951664899077 1.17435898099627 1.05356401205063 0.776729727163911 0.760172260925174 0.757184525951743 0.728027416393161 0.701768903061748 0.730677763000131 0.764384523034096 0.755622159157481 0.780661455222538 0.779056430927345 0.799930818378925 0.77812067845038 0.771567658654281 0.791107503431184 0.80301061379058 0.756018027663231 0.68995806149074 0.670982646090644 0.519661796092987 0.514402207732201 0.510287994146347 0.480997207760811 0.460427248477936 0.478940114378929 0.658185813356848 0.724749938584864 0.6332596899832 0.611517751041581
-9999 -9999 -9999 -9999 -9999 -9999 -9999 -9999 -9999 -9999 -9999 -9999 -9999 -9999 -9999 -9999 -9999 -9999 -9999 -9999 -9999 -9999 -9999 -9999 -9999 -9999 -9999 2.80308383703232 7.69450964439999 1.74112269439195 1.19563901424408 0.891101170988644 0.771752578370711 0.709294391029021 0.692795387085746 0.906055271625519 0.716916751116514 0.718839285895228 0.698021907359362 0.666305528953671 0.635269197821617 0.785818132971014 0.804100356996059 0.791603469422885 0.78528333561761 0.618280640244484 0.621247789263725 0.802222609519958 0.795862753476415 0.733460758413587 0.701949400561197 0.558261162042618 0.53499810397625 0.511649259924889 0.498556798696518 0.477805504202843 0.502866142988205 0.494242188334465 0.584567825176886 0.827542522922158 0.67239364888519 0.661707792431116
-9999 -9999 -9999 -9999 -9999 -9999 -9999 -9999 -9999 -9999 -9999 -9999 -9999 -9999 -9999 -9999 -9999 -9999 -9999 -9999 -9999 -9999 -9999 -9999 -9999 -9999 -9999 -9999 -9999 -9999 2.06520853042603 2.28509694024136 1.1919247508049 0.782733563114615 0.742379276191487 0.946918517351151 0.891521751880646 1.05830502510071 0.937272250652313 0.603902539238334 0.72457017749548 0.719456667346614 0.761267953685352 0.746959792716163 0.730574992086206 0.71983438623803 0.566794654726982 0.784516021609306 0.766232490539551 0.747658744454384 0.711468756198883 0.694587498903275 0.645687884267639 0.501306456327438 0.489852458238602 0.770642719724599 0.788029916146222 0.851894773542881 0.874178783968091 0.764737864024937 0.688442615792155 0.738733126781881
