EcologicalScience/Bass/data/rs_data_bass/chl_181.asc
NCOLS 226 
NROWS 124 
XLLCORNER -9.41648524995501 
YLLCORNER 47.587301625531 
CELLSIZE 0.0833 
NODATA_value -9999 
[rows 54 to 80 of 124, columns 124 to 185 of 226]
2.8784799346557 2.73977685433168 2.43179833889008 2.5200264270489 2.37609182871305 2.21643659701714 2.18292278051376 2.02498479531362 2.02990095431988 2.02941519938982 1.92067250380149 1.92933735939173 1.59985161679132 1.65629594666617 1.66247810636248 1.7002643772534 1.70861741474697 1.72517839499882 1.79758590459824 1.88700477566038 1.87883875199727 1.9108002100672 1.94485554695129 2.08829220441672 2.14560110752399 1.95820142030716 2.03775478601456 2.02498862322639 1.94867122173309 1.96552294492722 2.02100449800491 1.92786830663681 2.04683661460876 2.42968870261136 2.01562977688653 2.07157710620335 2.05068910973413 1.90764355659485 2.02515029907227 1.8149618932179 1.71803281136921 1.66273299285344 1.57234128458159 1.5424711065633 1.54108427677836 1.53761482664517 1.74695438146591 2.2393776348659 3.7855852501733 3.31189221995217 3.67235377856663 11.3003423810005 5.36953304124915 6.44444358867148 5.23524928092957 6.85889549816356 15.6834416091442 6.98086938105132 16.4725835323334 6.85482447624207 5.23869044840837 5.88765727594251
3.1663050193053 2.99519273867974 2.68173173299203 2.58269190788269 2.53407809367547 2.44221935363916 2.38474687704673 2.43592066031236 2.18168057386692 2.28527364822534 2.29238597246317 2.13667212999784 1.99580321993147 2.05629873275757 1.91346778188433 2.12458186149597 1.96370047330856 1.99595937728882 2.03816185547755 2.10307766199112 2.20815292596817 2.27201348543167 2.27327165603638 2.26443325281143 2.3439191029622 2.26236071953407 2.13916697502136 2.09466858208179 2.12150922417641 2.10148724317551 2.05040776729584 2.03670147236656 1.8546786904335 1.94490042328835 3.05850176300321 2.24708001954215 2.17717192002705 1.80678943225316 1.71509681429182 1.5075073497636 1.53912990433829 1.61729664036206 1.63476736204965 1.4844340809754 1.62245744041034 1.88917179618563 2.36697128840855 2.88702285289764 3.29227495193481 3.62739908695221 3.81621389640005 4.35405352841253 4.87635263274698 7.72157776874045 5.79656888544559 7.90528851939786 10.5720698833466 -9999 -9999 -9999 -9999 -9999
3.0616021156311 3.10638056351588 2.87876572058751 2.80405274721292 2.69827497922457 2.71826307590191 2.69045632619124 2.48343033973987 2.27591383915681 2.28172562214044 2.28064331641564 2.08572642292295 2.12577420473099 2.18251088857651 2.21221001148224 2.22602505683899 2.31687154769897 2.23282230817355 2.21818723678589 2.42201223373413 2.5557056427002 2.56888854503632 2.37899124622345 2.25674443244934 2.63356389449193 2.52759303496434 1.92957866191864 2.09623950719833 2.06065347790718 2.08983868360519 1.99932730197906 1.84931471943855 1.64131687581539 1.75540235638618 1.36404587541308 2.49612087862832 2.44285279512405 1.84267092602594 1.67722386973245 1.52077207395009 1.50487285852432 1.49131531374795 1.45481015528951 1.70074094193322 2.10012766293117 1.96814588400034 2.3707015651923 5.18217884577238 5.67290787054942 4.54110544068473 3.96699484757015 3.8040252327919 5.44086072319432 7.7291003811744 -9999 -9999 -9999 -9999 -9999 -9999 -9999 -9999
2.98401873845321 3.08659669986138 3.13396085225619 3.05458009243011 3.04076140660506 2.99764031630296 2.87930304270524 2.69951116121732 2.59525317412156 2.51447323652414 2.11539528003106 2.38816809654236 2.23938410557233 2.12477389207253 2.05539456697611 2.13155202682202 2.21574101081261 2.18118967459752 2.22792602502383 2.23662268198453 2.14574292072883 2.61125195943392 2.59001488869007 2.59387707710266 2.59231059826337 1.86943356990814 1.82250446081161 1.78261361122131 1.75355621576309 1.71416809558868 1.74520591497421 1.69361348152161 4.53339774268014 2.91444427626474 2.41670567648751 1.68901836020606 1.98576641934259 1.64400225877762 1.68115371465683 1.6412672996521 1.48356668012483 0.895623000768515 1.02037194371223 1.66299068927765 2.21691792011261 2.57873110771179 2.69820939302444 6.92191208611935 4.3107505611011 5.56231263705662 6.62343337706157 6.55569302290678 6.67343151569366 -9999 -9999 -9999 -9999 -9999 -9999 -9999 -9999 -9999
3.27315269983732 3.4804140329361 3.49414067084973 3.6286029448876 3.43849968910217 3.33091460741483 3.07587102743296 2.89851030019613 2.70904730833494 2.45149180522332 2.30676621657151 2.35590204367271 2.37019944190979 2.35380671574519 2.2916622712062 2.18574302013104 2.36527463106009 2.21893660838787 2.29740679264069 2.24414623700655 2.30587716744496 2.44218850135803 2.54242851183965 2.75755159212993 2.54931205052596 1.6915830373764 1.56363569498062 1.45869411230087 1.4569543838501 1.39978396892548 1.48266804814339 1.57435291409492 5.27474353143147 3.96622797846794 3.22658511144774 2.43388055052076 1.88085751022611 1.66285052469799 1.60797490392412 1.10948580044966 0.975450575351715 0.932913291912812 1.68445492642266 2.06901718037469 2.63028752803802 8.49074519764293 5.45764794220796 8.15945248603821 6.95492835044861 4.21047952345439 4.1475687452725 16.3992462158203 37.4893805559944 -9999 -9999 -9999 -9999 -9999 -9999 -9999 -9999 -9999
-9999 4.01808932194343 4.25617765463316 4.19933275993054 4.16630329535558 4.13531753650078 3.45595407485962 3.19206014046302 2.8943280348411 2.67973549549396 2.48184926693256 2.55761597706721 2.61086250268496 2.57619193884043 2.39922361190502 2.28805512648362 2.24175184965134 2.37022818968846 2.37470194926629 2.46464883822661 2.45368047402455 2.28559752152516 2.41172089026524 2.91044208636651 1.60962119102478 1.51924078464508 1.57461977005005 1.46502560377121 1.35510760545731 1.30465302467346 1.91754487752914 2.13521765470505 1.68828836679459 1.55743560791016 1.52452766299248 2.48363746915545 1.99775451421738 2.01291877882821 1.95177549975259 1.69143577132906 1.71920084953308 1.57348270501409 1.31391275387544 1.65689378551074 2.6777136683464 -9999 13.3564831660344 6.38451519012451 7.11520682062422 10.6231813430786 26.0869280641729 31.2083460944039 43.8434911455427 55.2709336476783 -9999 -9999 -9999 -9999 -9999 -9999 -9999 -9999
-9999 -9999 -9999 -9999 -9999 2.28387522697449 4.12606325516334 3.73951371816488 3.45478716263404 2.81646598302401 2.79463805602147 2.74737414946923 2.69926395783058 2.65838192059444 2.55188152423272 2.52858316898346 2.34002926716438 2.39244855825718 2.56266082708652 2.65012734669905 2.67896336317062 2.36849204393534 1.66264539957047 1.61109414696693 1.61272090673447 1.47522975504398 1.39278414845467 1.37897865176201 1.50372718572617 2.30453858375549 3.58631428650447 3.33815596103668 2.05615199804306 1.91231896877289 1.78282614946365 2.10177226577486 2.27086730514254 1.82391291005271 1.81846243143082 1.78227179391044 1.5238943696022 1.61186943054199 1.76400125026703 1.40775402954647 2.460877597332 23.6734610622369 -9999 -9999 -9999 -9999 43.9148139112136 57.1957747936249 44.4664560556412 26.5949527006883 -9999 -9999 -9999 -9999 -9999 -9999 -9999 -9999
-9999 -9999 -9999 -9999 -9999 -9999 -9999 -9999 4.12236596856798 3.71952595160558 3.35911881923676 2.05124050378799 2.79063798831059 2.83831418477572 2.99529656080099 2.54358494281769 2.53408373319186 2.61653780937195 2.83862064434932 2.78505041049077 1.79751626934324 1.6899293422699 1.6076923251152 1.5637006342411 1.48106284439564 1.43084062635899 1.43200913071632 1.52223220467567 1.60071439402444 2.3412652015686 5.26508586747306 2.49538253992796 1.5541289627552 2.84961063861847 2.59683377742767 2.16680697032383 2.61839282512665 1.62000758094447 1.08410935636078 1.48980882167816 1.73854526281357 1.91653482913971 2.07042714357376 2.47885769605637 5.20280087730031 29.0682649612427 -9999 -9999 -9999 -9999 17.548882484436 54.1900488702874 54.0113060474396 49.7754835240981 33.7845938546317 17.7507269382477 -9999 -9999 -9999 -9999 -9999 -9999
-9999 -9999 -9999 -9999 -9999 -9999 -9999 -9999 -9999 -9999 3.85951888561249 3.43879379675939 3.46120306161734 3.21868022588583 3.29340909994566 2.9170385324038 2.75966515907874 2.89409428376418 2.83346270139401 3.15236399723933 1.85838026659829 1.70663043430873 1.61352382898331 1.55227556824684 1.49994394779205 1.60516954660416 1.62514377832413 1.67287708818913 1.82818776369095 2.04250879213214 2.35460037365556 2.69202711805701 2.81659347563982 3.00025384873152 2.91951543944223 2.39647022315434 2.12990303635597 1.21849048669849 0.925882902528558 1.68498709201813 2.26658144167491 2.4190057345799 2.79062707083566 2.51534897089005 14.8684346652725 -9999 -9999 -9999 -9999 -9999 -9999 -9999 10.2031871603756 14.505007817195 10.0814536901621 17.673365020752 10.8786277770996 -9999 -9999 -9999 -9999 -9999
-9999 -9999 -9999 -9999 -9999 -9999 -9999 -9999 -9999 4.3704868555069 4.55597429275513 3.19081137861524 3.61459006712987 3.38407370677361 3.21228295106154 3.33994297797863 3.04778744624211 2.71191779466776 2.9818918292339 1.9492877636637 1.92963238954544 1.72189878225327 1.6599990606308 1.63485406637192 1.44333068728447 1.45877171754837 1.61720621585846 1.57136726379395 2.02137717604637 2.22397132962942 1.91400152444839 1.92681826353073 2.12511720657349 2.40409787893295 1.86694080489022 1.20981067877549 1.04893768292207 0.989421665668488 0.885205915996007 2.26427038908005 2.41222404241562 2.93366031646728 2.05996752702273 2.80453737974167 27.0041232062775 33.0447750091553 -9999 -9999 -9999 15.1048137440401 14.7302940075214 14.4291279866145 10.5821731957522 15.8722036906651 16.8677642528827 20.4667615523705 12.7407153498742 -9999 -9999 -9999 -9999 -9999
-9999 -9999 -9999 -9999 -9999 -9999 -9999 -9999 -9999 -9999 3.67271944284439 3.27795690756578 3.17795048310207 3.3891978263855 3.40444138416877 3.38429348285382 3.47603564995986 2.31534397602081 2.32436625957489 1.9354233622551 1.78382120132446 1.60525410175323 1.48762457966804 1.45918497443199 1.52628684639931 1.46172596216202 1.50737256407738 1.6343763589859 1.76944590806961 1.75617249011993 1.79896086454391 1.74515120983124 1.50095330817359 2.98580089637211 3.09536709104265 2.00528408799853 1.49887112208775 2.04122752802713 2.87282331500735 3.65669432708195 2.79950431415013 1.88156284179006 2.10365197750238 3.00703854560852 9.23444528255648 -9999 -9999 -9999 -9999 -9999 22.0906039568094 18.1399899179285 17.3236182169481 15.1709520816803 28.6123293808528 -9999 -9999 -9999 -9999 -9999 -9999 -9999
-9999 -9999 -9999 -9999 -9999 -9999 -9999 -9999 -9999 3.67937564849854 4.88115020898672 3.55874831859882 3.46413107101734 3.5721443433028 3.49389407267937 3.42508088625394 3.41859557995429 1.98482271603176 2.24212915897369 1.68719418048859 1.58376109600067 1.56531743407249 1.47404527068138 1.51592940688133 1.54742668271065 1.52266547679901 1.57662073373795 1.65893741846085 1.77339067459106 1.93897565603256 1.63267179046358 1.53736388683319 1.93008286612374 3.06989877564566 4.20662958281381 3.08548103060041 2.19359871319362 1.59368664877755 1.79388120174408 2.41075255189623 2.08219356261767 2.25574767131072 3.02557333026613 6.08697507682356 3.86466658115387 -9999 -9999 -9999 -9999 -9999 17.3674512693756 31.6395673370361 28.1255561828613 -9999 -9999 -9999 -9999 -9999 -9999 -9999 -9999 -9999
-9999 -9999 -9999 -9999 -9999 -9999 -9999 -9999 -9999 5.09722995758057 4.33347173837515 4.09572675594917 3.93466976055732 3.66842948473417 3.36524124328907 3.30294742034032 3.16205329161424 1.71568715572357 1.81200076341629 1.62363088130951 1.56087398529053 1.50381000638008 1.39299583435059 1.45157649517059 1.52468829751015 1.55201091170311 1.63102904558182 1.64396951198578 1.82725974321365 1.67107517378671 1.68864790882383 1.74406842674528 2.62470184053694 3.49865509782519 3.42278260844094 3.30553681509835 1.87706843706278 1.15808452551182 1.27291429501313 1.67504303730451 1.98596539405676 2.49292043539194 3.32666965893337 11.6916154472573 3.86466693878174 -9999 -9999 -9999 -9999 12.1949715614319 -9999 -9999 -9999 -9999 -9999 -9999 -9999 -9999 -9999 -9999 -9999 -9999
-9999 -9999 -9999 -9999 -9999 -9999 -9999 -9999 -9999 4.78259195731236 3.99413554485028 3.65377306938171 3.72274556526771 3.45085652974936 2.93180460196275 2.05120778083801 1.93496346473694 1.97583700418472 1.73205668926239 1.56330051422119 1.54196516275406 1.52380744814873 1.02269699743816 1.38099737763405 1.45971768498421 1.56345150470734 1.70735251903534 1.56972655228206 1.57397499254772 1.67170168672289 1.96553635597229 1.99528928313937 2.5399443422045 3.77095003128052 3.29399628639221 3.03000293459211 2.00281915068626 1.76440773904324 1.57339383547123 1.85857677918214 2.20344106050638 2.38818855010546 3.73870221536551 -9999 -9999 -9999 -9999 -9999 -9999 -9999 -9999 -9999 -9999 -9999 -9999 -9999 -9999 -9999 -9999 -9999 -9999 -9999
-9999 -9999 -9999 -9999 -9999 -9999 -9999 -9999 -9999 3.91089133115915 3.62840693730574 3.25862805659954 3.20248722113096 2.97679660870479 2.65673185311831 2.17419970035553 2.02445244789124 1.77475398778915 1.70098810195923 1.58907604217529 1.42022123932838 1.35668777823448 1.42672258019447 1.44165486097336 1.54203895330429 1.29595695223127 1.34450746434075 1.51168462208339 1.7892301593508 1.69020739623478 1.68775473322187 1.92028651918684 2.0369211265019 2.86235353946686 2.46739252976009 1.78882169723511 1.63489014827288 1.6664021565364 1.82905809237407 2.13272980543283 2.50061910427534 8.51486841656945 6.70217598920845 -9999 -9999 -9999 -9999 -9999 -9999 -9999 -9999 -9999 -9999 -9999 -9999 -9999 -9999 -9999 -9999 -9999 -9999 -9999
-9999 -9999 -9999 -9999 -9999 -9999 -9999 3.28386068344116 2.91562829205864 3.59885185956955 3.18236118555069 2.96208541095257 2.81558632850647 2.58410729467869 2.45362594723701 1.57892543077469 1.7730428814888 1.35164878198079 1.28932285308838 1.24338746922357 1.16675770282745 1.45408825278282 1.58684937953949 1.19440616880144 1.24478613904544 1.31490984984807 1.36465172256742 1.39425311769758 1.43189812558038 1.63303825684956 2.52022586550031 2.10552010365895 2.36502862828118 2.50389616830008 2.42279674325671 2.87100452184677 2.90787922484534 1.85195606946945 2.05547027404492 2.23378672049596 10.4250253311639 5.69786846637726 3.25656187534332 -9999 -9999 -9999 -9999 -9999 -9999 -9999 -9999 -9999 -9999 -9999 -9999 -9999 -9999 -9999 -9999 -9999 -9999 -9999
-9999 -9999 -9999 -9999 -9999 -9999 5.28995768229167 3.87500550065722 4.50051394104958 3.7645617723465 3.20379284024239 3.06688165664673 3.10782328248024 2.21961978077888 1.98191741108894 1.74598762392998 1.86544287204742 1.29468259641102 1.22741238559995 1.19646804673331 1.67875046730041 1.68906707763672 1.52752331495285 1.50787178277969 1.23961326905659 1.44143925905228 1.26548889705113 1.62381148338318 1.78968074492046 1.84498127869197 2.11143570286887 2.10825324910028 2.21682638781411 2.34463515451976 2.30901107617787 2.68538390738623 3.22410658427647 2.23256162496713 2.26689650003727 -9999 -9999 -9999 -9999 -9999 -9999 -9999 -9999 -9999 -9999 -9999 -9999 -9999 -9999 -9999 -9999 -9999 -9999 -9999 -9999 -9999 -9999 -9999
-9999 -9999 -9999 -9999 4.33534577645753 3.57940920761653 3.39161125251225 3.93656227221856 3.86581462621689 3.65031114220619 3.21785198152065 3.12627974152565 3.04481926560402 2.17284035682678 1.89628046751022 1.79677686095238 1.84283519983292 1.191408851317 1.2046685048512 1.23650688784463 1.27863683019366 1.36147372637476 1.3780119240284 1.28689201814788 1.32200240237372 1.44057905673981 1.51644297582763 1.63990872246878 1.76419115066528 1.90781731264932 2.06740353788648 2.18197174583163 2.24509628329958 2.39330381155014 2.62765344551631 2.62879675626755 2.94651312487466 4.22025198936462 -9999 -9999 -9999 -9999 -9999 -9999 -9999 -9999 -9999 -9999 -9999 -9999 -9999 -9999 -9999 -9999 -9999 -9999 -9999 -9999 -9999 -9999 -9999 -9999
-9999 -9999 -9999 -9999 3.58415052294731 3.79997461182731 4.38552587765914 4.51564621925354 2.73905406089929 3.28212508559227 3.13546006381512 2.94395644962788 2.45192286372185 1.69306279145754 1.59693686320231 1.73827010393143 1.67400134985264 1.22343148929732 1.19260382652283 1.16306124840464 1.1563649731023 1.25936796835491 1.28536135809762 1.28819484370095 1.37458072389875 1.57361975312233 1.65749468973705 1.74877595901489 1.86423644849232 2.02177384921483 2.20802756718227 2.25757841553007 2.2442119717598 2.25594712155206 3.11826825141907 3.72795280388423 3.26863416284323 -9999 -9999 -9999 -9999 -9999 -9999 -9999 -9999 -9999 -9999 -9999 -9999 -9999 -9999 -9999 -9999 -9999 -9999 -9999 -9999 -9999 -9999 -9999 -9999 -9999
-9999 21.0741272825103 24.4655874621484 4.28603599752699 3.91973059517997 3.84329310059547 3.93106546998024 4.04895868897438 4.2843029499054 3.69038753211498 3.15636490285397 2.38561543822289 1.86381627504642 1.75146203316175 1.6111617730214 1.77627038955688 1.44744976503508 1.27839705348015 1.20741323488099 1.18262703078134 1.19348156026431 1.28209555149078 1.30053103821618 1.37037569710187 1.4083537203925 1.59693104880197 1.72555620329721 1.88702800869942 1.98059826237815 2.26679136923381 2.39952224493027 2.49448368379048 2.61238702705928 2.48332571983337 2.86406475305557 8.62806585431099 -9999 -9999 -9999 -9999 -9999 -9999 -9999 -9999 -9999 -9999 -9999 -9999 -9999 -9999 -9999 -9999 -9999 -9999 -9999 -9999 -9999 -9999 -9999 -9999 -9999 -9999
7.60609437679422 4.52832412719727 3.98195207118988 3.56242004462651 3.2150644155649 3.81802108883858 3.67417767643929 3.12274858584771 2.7118586072555 3.75291478633881 3.35424341261387 1.8880498959468 1.69497136886303 1.84206184744835 1.91930848360062 1.65528340637684 1.36063925578044 1.31659363554074 1.17764784182821 1.24051555139678 1.45315921732358 1.51184188893863 1.53250428608486 1.61611648116793 1.642479211092 1.67555838397571 1.74807056358882 1.89985467706408 2.09056234359741 2.40722682646343 2.55928669657026 2.98592016526631 3.20121324062347 -9999 -9999 -9999 -9999 -9999 -9999 -9999 -9999 -9999 -9999 -9999 -9999 -9999 -9999 -9999 -9999 -9999 -9999 -9999 -9999 -9999 -9999 -9999 -9999 -9999 -9999 -9999 -9999 -9999
16.0426912431059 3.14841651458007 3.14205926656723 4.07244721055031 3.97803696990013 3.60526922345161 3.96479672193527 2.71936489985539 2.62868904150449 3.32022787630558 2.77883824706078 2.75828963518143 1.58007982602486 1.77553649246693 1.68032509088516 1.31570396744288 1.30355598834845 1.26286620753152 1.29986258063998 1.39218533890588 1.62217321566173 1.68323395933424 1.65437015891075 1.6869894862175 1.70311063528061 1.80037887607302 1.88707405328751 2.06725287437439 2.50956444229398 2.68727762358529 2.85195996931621 3.14990623508181 3.41198079586029 17.5199976971275 3.97854736973258 4.75160867517645 -9999 -9999 -9999 -9999 -9999 -9999 -9999 -9999 -9999 -9999 -9999 -9999 -9999 -9999 -9999 -9999 -9999 -9999 -9999 -9999 -9999 -9999 -9999 -9999 -9999 -9999
3.10800429032399 2.93824345790423 2.97664625369585 4.51113909482956 3.32829373157941 3.16344588077985 3.55503672361374 3.40396639704704 2.30633088717094 2.75350469350815 2.86122615635395 1.78907928558496 1.5068682707273 1.49560703681065 1.41130611726216 1.23627225940044 1.34606101650458 1.46339197243963 1.55557649476188 1.66307658382825 1.69070282578468 1.70966774225235 1.71366112998554 1.79061050074441 1.88434341124126 1.97416954381125 2.18545195034572 2.40994980505535 3.02161518165043 3.12924941948482 7.27093598683675 -9999 -9999 -9999 -9999 -9999 -9999 -9999 -9999 -9999 -9999 -9999 -9999 -9999 -9999 -9999 -9999 -9999 -9999 -9999 -9999 -9999 -9999 -9999 -9999 -9999 -9999 -9999 -9999 -9999 -9999 -9999
3.61719688543907 3.50483818696095 4.72216925024986 3.52930938280546 3.1164839221881 4.01950791478157 4.15888884663582 2.49043189562284 3.1267556399107 2.86710073053837 2.47895894944668 1.49347608364545 1.36440685162177 1.20461517113906 1.17702201467294 1.43782048140253 1.55062387245042 1.65359192235129 1.74584740826062 1.76979095169476 1.87442460230419 1.91151779038566 1.96712516886847 2.06830963918141 2.26019479547228 2.34760244403567 2.48151594400406 2.72468110493251 3.26741583006723 3.04505195617676 3.62947731358664 3.03649433092637 -9999 -9999 -9999 -9999 -9999 -9999 12.9660976751527 12.6942715644836 -9999 -9999 -9999 -9999 -9999 -9999 -9999 -9999 -9999 -9999 -9999 -9999 -9999 -9999 -9999 -9999 -9999 -9999 -9999 -9999 -9999 -9999
4.09718728065491 4.45831704139709 4.78598112409765 4.07501703500748 4.60001727512905 2.80366553725867 2.81584223228342 2.90265212609218 2.52759286990532 2.35763345658779 1.90585826337337 1.30755578096096 1.1870134977194 1.1886673271656 1.26556572318077 1.54311740398407 1.60712670002665 1.66262656024524 1.8016522356442 1.92780854446547 1.99418600116457 2.07115229538509 2.19524691786085 2.53115729774748 2.72806007521493 2.77742010354996 2.84758911814008 3.17752151829856 3.34072540487562 3.68751511573791 7.27550395547527 3.42093944549561 -9999 -9999 -9999 -9999 -9999 -9999 -9999 -9999 -9999 -9999 -9999 -9999 -9999 -9999 -9999 -9999 -9999 -9999 -9999 -9999 -9999 -9999 -9999 -9999 -9999 -9999 -9999 -9999 -9999 -9999
-9999 -9999 -9999 -9999 -9999 3.78106400841161 2.99179651737213 2.95082059928349 2.1795084584843 1.81691708889875 1.46578797010275 1.30194298349894 1.29871385143353 1.39449710931097 1.4686159832137 1.61707106658391 1.75383470739637 1.89488441603524 2.00221903835024 2.19919947215489 2.32956867558616 2.49002838134766 2.62378771815981 2.74677154847554 2.98143916470664 3.35998320579529 -9999 -9999 -9999 -9999 -9999 -9999 -9999 -9999 -9999 -9999 -9999 -9999 -9999 -9999 -9999 -9999 -9999 -9999 -9999 -9999 -9999 -9999 -9999 -9999 -9999 -9999 -9999 -9999 -9999 -9999 -9999 -9999 -9999 -9999 -9999 -9999
-9999 -9999 -9999 -9999 -9999 -9999 2.90583458968571 2.43995680592277 2.08383484320207 1.62094685164365 1.53906799852848 1.46662494114467 1.5121168919972 1.79056406708864 1.73124199417921 1.91117117234639 2.0460581609181 2.03750730412347 2.23112274067742 3.1789944086756 3.08696375574384 2.96424395697457 3.17724226202284 3.365910199201 -9999 -9999 -9999 -9999 -9999 -9999 -9999 -9999 -9999 -9999 -9999 -9999 -9999 -9999 -9999 -9999 -9999 -9999 -9999 -9999 -9999 -9999 -9999 -9999 -9999 -9999 -9999 -9999 -9999 -9999 -9999 -9999 -9999 -9999 -9999 -9999 -9999 -9999
