EcologicalScience/Bass/data/rs_data_bass/chl_55.asc
NCOLS 226 
NROWS 124 
XLLCORNER -9.41648524995501 
YLLCORNER 47.587301625531 
CELLSIZE 0.0833 
NODATA_value -9999 
[rows 56 to 83 of 124, columns 124 to 185 of 226]
2.96089781820774 2.79610253870487 3.22382318973541 3.07954359054565 2.77847027778625 2.9329349398613 2.72945541143417 2.72688370943069 2.70312756299973 2.49203324317932 2.67772793769836 2.74971306324005 2.75793904066086 2.82865208387375 2.80857145786285 1.8911195397377 1.84947067499161 2.5528267621994 2.6722776889801 2.67883193492889 2.6529638171196 2.71987116336823 2.78019744157791 2.842853307724 2.84153777360916 2.92894649505615 3.12527310848236 2.41727936267853 2.38659163713455 1.84381055831909 1.81821298599243 1.86170107126236 1.83898794651031 1.87942725419998 1.92787957191467 1.81033730506897 1.6375447511673 1.86762982606888 1.9347773194313 1.91263872385025 2.09993398189545 1.84365230798721 1.17124202847481 1.9351372718811 1.75526171922684 1.88341426849365 2.60734605789185 13.632963180542 3.89946850140889 4.0891626221793 4.22327997003283 5.20479369163513 5.45479091008504 15.188803947755 -9999 -9999 -9999 -9999 -9999 -9999 -9999 -9999
3.46995051205158 3.4100250005722 3.27156615257263 3.13085317611694 3.01240360736847 2.75288325548172 2.65782380104065 2.6665620803833 2.68896746635437 2.66847145557404 2.63874900341034 2.64529877901077 2.03198421001434 2.04457002878189 2.02706444263458 2.17244726419449 2.28242254257202 2.22884023189545 2.26850616931915 2.25858635902405 2.69755804538727 2.85281020402908 2.96978241205215 2.96744030714035 3.18596041202545 2.970618724823 3.06156671047211 2.51125634908676 2.40490021705627 2.88588899374008 2.22679871320724 2.03739827871323 2.07270383834839 2.04537892341614 1.98879593610764 1.94271075725555 1.76986116170883 2.00708699226379 2.49188858270645 2.32753568887711 2.01613122224808 2.0658922791481 1.36992901563644 2.04288151860237 2.46586376428604 2.70060408115387 2.78719391877001 -9999 4.41228571805087 7.42689411980765 4.86771978573366 5.8194766977559 6.52925202120905 -9999 -9999 -9999 -9999 -9999 -9999 -9999 -9999 -9999
4.61594840884209 5.42915897369385 3.75159233808517 3.34790396690369 3.62405383586884 3.18391191959381 2.70164108276367 2.76346653699875 2.77677977085114 2.81962805986404 2.85217881202698 2.66476875543594 1.95143055915833 1.94784694910049 1.99914795160294 1.98442155122757 2.34217268228531 2.27379369735718 2.2510387301445 2.11896950006485 2.75368130207062 2.97475129365921 2.98530292510986 3.14042866230011 3.23160374164581 2.09099543094635 2.03538966178894 2.83797072172165 2.10335558652878 2.14780801534653 2.15170419216156 2.09995132684708 2.12359571456909 2.11023223400116 2.02786642313004 1.94315028190613 2.12852050065994 2.36265671253204 2.5811693072319 2.47657656669617 2.08313405513763 2.44282346963882 1.86741149425507 2.46192121505737 2.7367724776268 2.75222839821469 4.93167650699615 5.6545375585556 5.01600115299225 5.02592396736145 5.72484564781189 5.21682867407799 28.0171836930878 -9999 -9999 -9999 -9999 -9999 -9999 -9999 -9999 -9999
-9999 4.20318081378937 3.98264699322837 3.95272258349827 3.80947468961988 4.19043016433716 3.50775289535522 3.00375759601593 2.90793532133102 2.92993801832199 2.97019726037979 2.98092967271805 2.96240544319153 2.17887902259827 2.04121792316437 2.007603764534 2.22466045618057 2.34287703037262 2.27991306781769 2.51877897977829 2.59559333324432 2.91030156612396 3.10117721557617 3.29397082328796 3.25091099739075 3.45459079742432 2.7894651889801 2.34612232446671 2.24638044834137 2.14500081539154 2.13819980621338 2.15036326646805 2.1143399477005 2.1095917224884 2.12591242790222 2.04374027252197 2.215551674366 2.33199441432953 2.54960918426514 2.55992996692657 2.34417825937271 2.24150401353836 2.01335477828979 2.67145657539368 2.92322840860912 -9999 6.71436166763306 5.4061940073967 6.30383741855621 6.45280163628714 46.2798129050962 61.4515873386014 65.4640870248118 14.3255324363708 -9999 -9999 -9999 -9999 -9999 -9999 -9999 -9999
-9999 -9999 -9999 -9999 -9999 2.28387522697449 4.20529621839523 3.98085379600525 3.42092263698578 2.97670269012451 3.02763140201569 2.92916178703308 2.70968466997147 2.65622091293335 2.03453332185745 2.14121246337891 2.55989742279053 2.07719475030899 2.23788231611252 1.77414000034332 2.52544730901718 2.83299976587296 3.08548200130463 2.60425579547882 2.3367160320282 2.30658227205276 2.90092957019806 2.8619692325592 2.78678995370865 2.30493968725204 2.05736929178238 2.11272525787354 2.1144728064537 2.12624841928482 1.87433856725693 2.00884580612183 2.06918549537659 2.19629698991776 2.63146430253983 1.58068560361862 1.61669401824474 1.58644341230392 2.4917294383049 2.85665255784988 4.00002086162567 -9999 -9999 -9999 -9999 -9999 58.8187170762282 58.0451726605815 73.3677478298064 -9999 -9999 -9999 -9999 -9999 -9999 -9999 -9999 -9999
-9999 -9999 -9999 -9999 -9999 -9999 -9999 -9999 3.77575045824051 3.60792821645737 3.11596763134003 2.82826048135757 2.56984198093414 2.25539177656174 2.13067942857742 2.03460824489594 2.02840054035187 2.0331015586853 2.80834336280823 2.40368396043777 2.58409720659256 2.79724717140198 2.37702003121376 2.06687396764755 2.06934821605682 2.73682504892349 2.78172218799591 2.92302149534225 2.42697729170322 1.83381378650665 1.90994542837143 2.00379595756531 1.81713910102844 1.73663821220398 1.644167304039 1.48628584742546 1.28251140117645 1.47101479768753 1.58329617977142 1.48632134199142 1.48831844329834 1.65576045513153 1.93975871801376 2.34276670217514 41.1435070037842 29.0682649612427 -9999 -9999 -9999 -9999 17.548882484436 60.9243293855248 19.8586701046337 24.2965250015259 36.4159498214722 19.3592348098755 -9999 -9999 -9999 -9999 -9999 -9999
-9999 -9999 -9999 -9999 -9999 -9999 -9999 -9999 -9999 -9999 1.90078657865524 1.74007719755173 1.74566996097565 1.76706755161285 1.89007866382599 2.1465420126915 1.96474796533585 1.97389733791351 1.87858575582504 2.05532258749008 2.51690179109573 2.19040507078171 1.98813593387604 2.11945116519928 2.28186821937561 2.64479398727417 2.80509531497955 2.84801173210144 2.14142911434174 2.00044530630112 1.92902702093124 1.62993957996368 2.2617546916008 2.32879346609116 1.71802425384521 1.3268925100565 1.4600171148777 1.69026070833206 1.60215883255005 1.57679933309555 1.53841799497604 1.65175348520279 2.00490671396255 3.04375764727592 -9999 -9999 -9999 -9999 -9999 -9999 -9999 -9999 -9999 21.8096823692322 14.5121140480042 43.8375000613076 10.8786277770996 -9999 -9999 -9999 -9999 -9999
-9999 -9999 -9999 -9999 -9999 -9999 -9999 -9999 -9999 4.3704868555069 3.83510971069336 1.89078158140182 1.9159020781517 1.89111757278442 2.03817522525787 2.20323067903519 2.19890552759171 2.17107152938843 2.02903121709824 2.04686933755875 2.10223120450974 2.16921007633209 2.03847366571426 2.06686270236969 2.36523377895355 3.12385940551758 3.13215065002441 2.15418426990509 2.18340593576431 1.74587970972061 1.44223344326019 1.2900127351284 1.34155091643333 1.30347226560116 1.85736232995987 1.43942472338676 1.56357787549496 1.68916842341423 1.72272527217865 1.73244372010231 1.69972811937332 1.69316482543945 1.89128029346466 2.40290093421936 -9999 33.0447750091553 -9999 -9999 -9999 23.0370060602824 22.2259744561237 30.2149479900088 15.5860546997615 30.1803333976052 22.7690104416439 29.8513648509979 -9999 -9999 -9999 -9999 -9999 -9999
-9999 -9999 -9999 -9999 -9999 -9999 -9999 -9999 -9999 -9999 3.51345902681351 2.09001141786575 2.12270396947861 2.00279170274734 2.36828702688217 2.57022607326508 2.54062575101852 2.34679645299911 2.22763127088547 2.31786561012268 2.05176454782486 2.07858216762543 2.16481196880341 2.11487102508545 2.13919267058372 2.31069266796112 1.89418287277222 2.10984295606613 1.7033257484436 1.26556123495102 1.13195654153824 0.866960629820824 0.968353807926178 1.02964128255844 1.07965934872627 1.37589713931084 1.57114501297474 1.54185358285904 1.55447008609772 1.55673401355743 1.6708282828331 1.88000249862671 3.30717408657074 3.82157278060913 -9999 -9999 -9999 -9999 -9999 -9999 26.644552751021 34.3417958021164 25.7111187662397 18.8119366509574 52.9106714942238 -9999 -9999 -9999 -9999 -9999 -9999 -9999
-9999 -9999 -9999 -9999 -9999 -9999 -9999 -9999 -9999 3.67937564849854 2.50351417064667 2.41540342569351 2.23891872167587 2.08518826961517 2.2410900592804 2.5248014330864 2.17276346683502 2.20069795846939 2.02933806180954 2.61513617634773 2.29155868291855 2.29860752820969 2.26072508096695 1.89761325716972 2.38389648199081 1.66780722141266 2.15779799222946 2.09516483545303 1.8077797293663 1.22006819844246 1.30703326463699 1.19794741272926 1.20255407094955 1.33800601959229 1.67856073379517 1.68282902240753 1.65406429767609 1.5009363591671 1.8541627407074 1.70784956216812 1.76848089694977 1.96764332056046 3.463982462883 6.95495853098956 3.86466658115387 -9999 -9999 -9999 -9999 -9999 17.6648198738694 14.8767664432526 15.8170113904136 -9999 -9999 -9999 -9999 -9999 -9999 -9999 -9999 -9999
-9999 -9999 -9999 -9999 -9999 -9999 -9999 -9999 -9999 3.60697656869888 3.63958954811096 3.4191378057003 2.2238849401474 2.17305368185043 2.43015003204346 2.53972274065018 2.335897564888 2.21801394224167 2.2617375254631 2.35354042053223 2.2210448384285 1.76935777068138 1.73684880137444 3.05257272720337 3.06182312965393 2.93430072069168 2.81074655056 2.54704946279526 1.3894783616066 1.45131161212921 1.44353929162025 1.43630549311638 1.04440997242928 1.7948055267334 1.96885567903519 2.23302376270294 1.99004691839218 1.92823272943497 2.22540897130966 1.95493441820145 1.87916547060013 2.74464057683945 3.16095242500305 -9999 3.86466693878174 -9999 -9999 -9999 -9999 12.1949715614319 -9999 -9999 -9999 -9999 -9999 -9999 -9999 -9999 -9999 -9999 -9999 -9999
-9999 -9999 -9999 -9999 -9999 -9999 -9999 -9999 -9999 3.74201130867004 3.49207243323326 3.26903030276299 3.26528844237328 2.31589579582214 2.41409701108932 2.43302929401398 2.36449956893921 2.4940522313118 2.29546344280243 2.39448755979538 2.3075550198555 2.43543756008148 2.49861752986908 1.83206105232239 1.32339003682137 2.44899755716324 1.81902109980583 1.04568712413311 0.957713717222214 1.77718394994736 1.55666363239288 1.78145849704742 1.79357028007507 1.86643642187119 2.04809403419495 2.37443482875824 1.9953510761261 2.1259086728096 2.43546152114868 1.81352827548981 2.24013884067535 2.7718097448349 -9999 -9999 -9999 -9999 -9999 -9999 -9999 -9999 -9999 -9999 -9999 -9999 -9999 -9999 -9999 -9999 -9999 -9999 -9999 -9999
-9999 -9999 -9999 -9999 -9999 -9999 -9999 -9999 -9999 4.05482625961304 3.75420813560486 3.43669944150107 3.23002200467246 2.26927953958511 2.94992333650589 2.87494879961014 2.63633626699448 2.49349719285965 2.43583881855011 2.18897330760956 2.08786725997925 2.13480001688004 2.14934849739075 2.18502455949783 2.12819480895996 1.60373268127441 1.26121088862419 1.0878787457943 1.06530731320381 1.0727878510952 1.16815875470638 1.94897103309631 1.87354266643524 1.9935622215271 2.22911471128464 2.26736319065094 2.01450741291046 2.1712229847908 2.43937575817108 2.55134618282318 2.23960171937942 3.89830845594406 -9999 -9999 -9999 -9999 -9999 -9999 -9999 -9999 -9999 -9999 -9999 -9999 -9999 -9999 -9999 -9999 -9999 -9999 -9999 -9999
-9999 -9999 -9999 -9999 -9999 -9999 -9999 3.28386068344116 3.36461578475104 4.06438631670816 3.68218757425036 3.47174058641706 3.34921268054417 2.69130080938339 2.84456241130829 2.85162681341171 2.86578905582428 2.83374971151352 2.76803630590439 2.27496457099915 2.13441824913025 2.04243224859238 2.04597455263138 2.05631858110428 2.04407930374146 1.95684903860092 1.94672101736069 2.25701916217804 2.14915716648102 1.34526264667511 1.90652096271515 1.94609999656677 1.92975068092346 1.90592783689499 2.03418302536011 2.13654971122742 2.26788675785065 2.52439123392105 2.84426254034042 2.32016898393631 -9999 5.69786846637726 3.25656187534332 -9999 -9999 -9999 -9999 -9999 -9999 -9999 -9999 -9999 -9999 -9999 -9999 -9999 -9999 -9999 -9999 -9999 -9999 -9999
-9999 -9999 -9999 -9999 -9999 -9999 4.18034476041794 4.39107660178481 3.28696709557583 3.73921363694327 3.68504052502768 2.95640999078751 2.90565294027328 2.94112801551819 2.90242266654968 3.01004326343536 2.79545778036118 2.86769932508469 2.82521402835846 2.70537668466568 2.29283630847931 2.02156341075897 1.87531578540802 1.86479991674423 1.87092608213425 1.76634532213211 2.39419573545456 2.44586402177811 2.02088248729706 1.74830317497253 1.77075523138046 1.79628825187683 1.92652273178101 2.0126588344574 2.19417071342468 2.76668697595596 2.34658044576645 2.62058848142624 2.94426155090332 -9999 -9999 -9999 -9999 -9999 -9999 -9999 -9999 -9999 -9999 -9999 -9999 -9999 -9999 -9999 -9999 -9999 -9999 -9999 -9999 -9999 -9999 -9999
-9999 -9999 -9999 -9999 3.97234657287598 6.72970004703688 4.62611031532288 4.05910622372347 3.6677885055542 3.43513686316354 3.36664044857025 3.34182679653168 3.24089920520782 3.17944657802582 3.11036109924316 3.00095307826996 2.84613221883774 2.66853904724121 2.42493081092834 2.23989826440811 2.00991368293762 2.05835616588593 1.8852607011795 1.83781492710114 1.85130608081818 1.56025214706148 1.62512254714966 1.84327501058578 1.93354278802872 1.87572830915451 1.75506448745728 2.44468957185745 2.20242816209793 2.25173842906952 2.85233098268509 3.21820592880249 3.50528848171234 10.3127152035745 -9999 -9999 -9999 -9999 -9999 -9999 -9999 -9999 -9999 -9999 -9999 -9999 -9999 -9999 -9999 -9999 -9999 -9999 -9999 -9999 -9999 -9999 -9999 -9999
-9999 -9999 -9999 -9999 4.26408087856629 5.87304947773616 5.7979409905041 4.94156893094381 3.70356552600861 3.58098757266998 3.51311159133911 3.40745115280151 3.27423977851868 3.07312417030334 3.0111665725708 2.92115932703018 2.83564496040344 2.31055802106857 2.22428852319717 2.02093344926834 1.93118244409561 1.87381732463837 1.83563768863678 1.78360730409622 1.74969667196274 1.92259579896927 1.99315041303635 2.10013496875763 2.10101848840714 2.11105281114578 1.85297924280167 2.36244606971741 2.29630422592163 2.26257830858231 3.29870582520962 4.31077558994293 4.70753729343414 -9999 -9999 -9999 -9999 -9999 -9999 -9999 -9999 -9999 -9999 -9999 -9999 -9999 -9999 -9999 -9999 -9999 -9999 -9999 -9999 -9999 -9999 -9999 -9999 -9999
-9999 4.04027372187582 3.75543987751007 4.20183785472597 3.74830361207326 3.21000410829272 3.96338197588921 4.16834235191345 3.99779298305512 3.53785586357117 3.29990923404694 2.99416941404343 3.34484016895294 3.10120332241058 3.05047273635864 2.84593266248703 2.35557532310486 2.19061732292175 2.08182603120804 1.94691145420074 1.95954895019531 1.91283077001572 1.86370056867599 1.76626342535019 1.8150914311409 1.98844277858734 2.04853355884552 2.16465675830841 2.18689119815826 1.97874522209167 2.14862453937531 2.33435994386673 2.44868248701096 3.6689541220665 4.06124516328176 -9999 -9999 -9999 -9999 -9999 -9999 -9999 -9999 -9999 -9999 -9999 -9999 -9999 -9999 -9999 -9999 -9999 -9999 -9999 -9999 -9999 -9999 -9999 -9999 -9999 -9999 -9999
4.83397858909198 4.60771403710047 4.18130482645596 4.171371438924 3.91629555996727 3.86545634970945 3.70532952336704 4.32385380069415 3.80991361141205 2.28222441673279 2.85497242212296 2.95785892009735 3.64601254463196 3.41433370113373 3.17701041698456 2.5890696644783 2.53212600946426 2.35522574186325 2.0827072262764 1.90708726644516 1.80997431278229 1.89196282625198 1.95851022005081 2.01760500669479 1.98066455125809 1.96725082397461 2.08538317680359 2.20850551128387 2.08345878124237 2.23077404499054 2.41636079549789 3.0498893558979 3.3059723675251 -9999 -9999 -9999 -9999 -9999 -9999 -9999 -9999 -9999 -9999 -9999 -9999 -9999 -9999 -9999 -9999 -9999 -9999 -9999 -9999 -9999 -9999 -9999 -9999 -9999 -9999 -9999 -9999 -9999
4.65546319740159 4.39343000860775 4.39956982696758 4.27331458821016 4.11324029109057 3.93580055236816 4.2288590669632 3.48785076141357 2.33604973554611 2.97280275821686 3.08770358562469 3.77390992641449 3.23383569717407 3.10075664520264 2.91005408763885 2.7247057557106 2.4503767490387 2.17973470687866 1.89203399419785 1.76685601472855 1.92903220653534 1.87611901760101 1.9342605471611 2.13225227594376 2.11425751447678 2.00207108259201 2.13905328512192 2.1185781955719 2.48068499565125 2.65982991456985 3.2720113992691 3.08352541923523 3.11277151107788 7.5310674905777 7.52203785745721 3.48978137969971 -9999 -9999 -9999 -9999 -9999 -9999 -9999 -9999 -9999 -9999 -9999 -9999 -9999 -9999 -9999 -9999 -9999 -9999 -9999 -9999 -9999 -9999 -9999 -9999 -9999 -9999
4.79060297012329 4.27555389404297 4.15124402046204 4.02493875166949 4.02132575511932 3.78384590148926 3.44545042514801 3.91142320632935 3.69868862628937 3.14991295337677 3.8173770904541 3.4208310842514 2.75823533535004 2.86198872327805 2.73315078020096 2.39483106136322 1.8922957777977 1.74492681026459 1.83124655485153 1.97228997945786 1.93580317497253 1.87755382061005 2.04050320386887 2.46563923358917 2.25718867778778 2.1185302734375 2.17057353258133 2.40708446502686 3.04534792900085 2.89706182479858 3.32301807403564 -9999 -9999 -9999 -9999 -9999 -9999 -9999 -9999 -9999 -9999 -9999 -9999 -9999 -9999 -9999 -9999 -9999 -9999 -9999 -9999 -9999 -9999 -9999 -9999 -9999 -9999 -9999 -9999 -9999 -9999 -9999
4.38362911168267 4.27170839309692 4.16861357688904 3.81690602302551 3.48284840583801 3.20070905685425 3.34513127803802 3.08614552021027 3.04358518123627 2.80486958026886 2.43139643669128 3.02334809303284 2.74662977457047 2.42079001665115 2.2276965379715 1.70360630750656 1.71736568212509 1.82183092832565 1.83182179927826 2.13444828987122 2.19315147399902 2.32445704936981 2.45692652463913 2.62189275026321 2.92717355489731 2.55691874027252 2.60595381259918 2.64774602651596 2.9536349773407 2.94711524248123 2.81669318675995 3.57098489999771 -9999 -9999 -9999 -9999 -9999 -9999 13.3135442733765 12.6942715644836 -9999 -9999 -9999 -9999 -9999 -9999 -9999 -9999 -9999 -9999 -9999 -9999 -9999 -9999 -9999 -9999 -9999 -9999 -9999 -9999 -9999 -9999
4.13563227653503 4.48667507171631 4.8357009490331 3.88351033235851 6.45112936605107 3.50135056626412 3.61334260432951 3.25019416809082 3.47000126838684 2.71945531368256 2.18935972452164 2.91039597988129 2.42069095373154 2.09935426712036 1.79282623529434 1.66439920663834 1.72123748064041 1.66187846660614 2.27435553073883 2.36283820867538 2.42800122499466 2.64114081859589 2.63897091150284 2.4317364692688 2.40772497653961 2.45765483379364 2.57463455200195 3.35185915231705 3.22595322132111 2.71067708730698 3.94300521047492 3.42093944549561 -9999 -9999 -9999 -9999 -9999 -9999 -9999 -9999 -9999 -9999 -9999 -9999 -9999 -9999 -9999 -9999 -9999 -9999 -9999 -9999 -9999 -9999 -9999 -9999 -9999 -9999 -9999 -9999 -9999 -9999
-9999 -9999 -9999 -9999 -9999 3.29533368662784 4.40309115431525 3.67897911071777 2.96928427219391 2.27672302722931 1.70775858163834 2.43771600723267 2.21764880418777 1.77490872144699 1.8667026758194 1.55155575275421 1.81521701812744 2.01975131034851 2.2139635682106 2.27623271942139 2.61921737194061 2.8654799580574 2.95173225402832 2.50558465719223 2.80971370501952 2.77602000599322 -9999 -9999 -9999 -9999 -9999 -9999 -9999 -9999 -9999 -9999 -9999 -9999 -9999 -9999 -9999 -9999 -9999 -9999 -9999 -9999 -9999 -9999 -9999 -9999 -9999 -9999 -9999 -9999 -9999 -9999 -9999 -9999 -9999 -9999 -9999 -9999
-9999 -9999 -9999 -9999 -9999 -9999 3.56287837028503 3.20790281295776 2.38329541683197 2.0206651031971 3.4649384021759 1.98547053337097 1.90772330760956 1.27353999018669 1.59346777200699 2.01499819755554 2.30056548118591 2.7871298789978 2.494240629673 2.74846125841141 2.93165695667267 2.9709664106369 2.93365690112114 3.55446405844255 -9999 -9999 -9999 -9999 -9999 -9999 -9999 -9999 -9999 -9999 -9999 -9999 -9999 -9999 -9999 -9999 -9999 -9999 -9999 -9999 -9999 -9999 -9999 -9999 -9999 -9999 -9999 -9999 -9999 -9999 -9999 -9999 -9999 -9999 -9999 -9999 -9999 -9999
-9999 2.50102669000626 2.50102686882019 2.83060940870872 3.14381548762321 2.73673704692296 3.25208716392517 2.75873522758484 2.03511646389961 1.07319457616125 2.19333529472351 2.34576898813248 2.22842019796371 2.41697627305984 2.22619342803955 2.34190803766251 2.72825238704681 2.83169449567795 2.97208878993988 2.99868807792664 2.94027736186981 2.95365559101105 -9999 -9999 -9999 -9999 -9999 -9999 -9999 -9999 -9999 -9999 -9999 -9999 -9999 -9999 -9999 -9999 -9999 -9999 -9999 -9999 -9999 -9999 -9999 -9999 -9999 -9999 -9999 -9999 -9999 -9999 -9999 -9999 -9999 -9999 -9999 -9999 -9999 -9999 -9999 -9999
-9999 2.8871223449707 3.06049776077271 2.98531064987183 2.72459846735001 2.70363754034042 1.90619742870331 1.64646625518799 2.50303280353546 2.51436227560043 2.60722053050995 2.58740991353989 2.51022452116013 2.54154217243195 2.2148505449295 2.41413456201553 2.55915230512619 5.19891860749986 -9999 -9999 -9999 -9999 -9999 -9999 -9999 -9999 -9999 -9999 -9999 -9999 -9999 -9999 -9999 -9999 -9999 -9999 -9999 -9999 -9999 -9999 -9999 -9999 -9999 -9999 -9999 -9999 -9999 -9999 -9999 -9999 -9999 -9999 -9999 -9999 -9999 -9999 -9999 -9999 -9999 -9999 -9999 -9999
-9999 2.44268696308136 2.47276386022568 1.89666220971516 2.36028839349747 2.11743811368942 1.85073152184486 1.7151797413826 2.58636367321014 2.66351169347763 3.96724346280098 4.29941102174612 -9999 -9999 -9999 -9999 -9999 -9999 -9999 -9999 -9999 -9999 -9999 -9999 -9999 -9999 -9999 -9999 -9999 -9999 -9999 -9999 -9999 -9999 -9999 -9999 -9999 -9999 -9999 -9999 -9999 -9999 -9999 -9999 -9999 -9999 -9999 -9999 -9999 -9999 -9999 -9999 -9999 -9999 -9999 -9999 -9999 -9999 -9999 -9999 -9999 -9999
