EcologicalScience/Bass/data/rs_data_bass/chl_478.asc
NCOLS 226 
NROWS 124 
XLLCORNER -9.41648524995501 
YLLCORNER 47.587301625531 
CELLSIZE 0.0833 
NODATA_value -9999 
[rows 0 to 26 of 124, columns 62 to 123 of 226]
-9999 -9999 -9999 -9999 -9999 -9999 -9999 -9999 -9999 -9999 -9999 -9999 -9999 -9999 -9999 -9999 -9999 -9999 -9999 -9999 -9999 -9999 -9999 -9999 -9999 -9999 -9999 -9999 -9999 -9999 -9999 -9999 -9999 -9999 -9999 -9999 -9999 -9999 -9999 -9999 -9999 -9999 -9999 -9999 -9999 -9999 -9999 -9999 -9999 -9999 -9999 -9999 -9999 -9999 -9999 -9999 -9999 -9999 -9999 -9999 -9999 -9999
-9999 -9999 -9999 -9999 -9999 -9999 -9999 -9999 -9999 -9999 -9999 -9999 -9999 -9999 -9999 -9999 -9999 -9999 -9999 -9999 -9999 -9999 -9999 -9999 -9999 -9999 -9999 -9999 -9999 -9999 -9999 -9999 -9999 -9999 -9999 -9999 -9999 -9999 -9999 -9999 -9999 -9999 -9999 -9999 -9999 -9999 -9999 -9999 -9999 -9999 -9999 -9999 -9999 -9999 -9999 -9999 -9999 -9999 -9999 -9999 -9999 -9999
-9999 -9999 -9999 -9999 -9999 -9999 -9999 -9999 -9999 -9999 -9999 -9999 -9999 -9999 -9999 -9999 -9999 -9999 -9999 -9999 -9999 -9999 -9999 -9999 -9999 -9999 -9999 -9999 -9999 -9999 -9999 -9999 -9999 -9999 -9999 -9999 -9999 -9999 -9999 -9999 -9999 -9999 -9999 -9999 -9999 -9999 -9999 -9999 -9999 -9999 -9999 -9999 -9999 -9999 -9999 -9999 -9999 -9999 -9999 -9999 -9999 -9999
-9999 -9999 -9999 -9999 -9999 -9999 -9999 -9999 -9999 -9999 -9999 -9999 -9999 -9999 -9999 -9999 -9999 -9999 -9999 -9999 -9999 -9999 -9999 -9999 -9999 -9999 -9999 -9999 -9999 -9999 -9999 -9999 -9999 -9999 -9999 -9999 -9999 -9999 -9999 -9999 -9999 -9999 -9999 -9999 -9999 -9999 -9999 -9999 -9999 -9999 -9999 -9999 -9999 -9999 -9999 -9999 -9999 -9999 -9999 -9999 -9999 -9999
-9999 -9999 -9999 -9999 -9999 -9999 -9999 -9999 -9999 -9999 -9999 -9999 -9999 -9999 -9999 -9999 -9999 -9999 -9999 -9999 -9999 -9999 -9999 -9999 -9999 -9999 -9999 -9999 -9999 -9999 -9999 -9999 -9999 -9999 -9999 -9999 -9999 -9999 -9999 -9999 -9999 -9999 -9999 -9999 -9999 -9999 -9999 -9999 -9999 -9999 -9999 -9999 -9999 -9999 -9999 -9999 -9999 -9999 -9999 -9999 -9999 -9999
-9999 -9999 -9999 -9999 -9999 -9999 -9999 -9999 -9999 -9999 -9999 -9999 -9999 -9999 -9999 -9999 -9999 -9999 -9999 -9999 -9999 -9999 -9999 -9999 -9999 -9999 -9999 -9999 0.63735419511795 1.523419086733 22.5170955955982 2.79468217492104 2.42201516032219 1.66202706098557 1.97279781103134 2.13739728927612 2.07030004262924 2.11032897233963 1.91800582408905 1.54263532161713 1.35248252749443 1.36634624004364 1.54465126991272 1.73413127660751 2.08327728509903 1.85997819900513 1.72464072704315 1.64770871400833 1.53539407253265 1.39969047904015 1.18891051411629 1.01443120837212 0.991107791662216 1.04489475488663 0.878742009401321 0.85553777217865 0.677165240049362 0.63069449365139 0.495561003684998 0.38449801504612 0.278897255659103 0.29704275727272
-9999 -9999 -9999 -9999 -9999 -9999 -9999 -9999 -9999 -9999 -9999 -9999 -9999 -9999 -9999 -9999 -9999 -9999 -9999 -9999 -9999 -9999 -9999 -9999 -9999 -9999 1.18186515569687 1.0627324283123 9.51403060555458 8.53960400819778 10.6343227922916 3.47363072633743 2.59679397940636 1.2300840318203 1.47989103198051 1.61798930168152 2.07634878158569 1.82232230901718 1.34748297929764 1.06063503026962 1.2863430082798 1.78960204124451 2.06785583496094 2.06966543197632 2.10471904277802 1.88862150907516 1.74616867303848 1.58559894561768 1.56794106960297 1.65911963582039 1.01824048161507 1.04059946537018 0.971944481134415 1.00793927907944 1.11974027752876 0.987722218036652 0.70643775165081 0.477590247988701 0.390780732035637 0.336797989904881 0.318051740527153 0.336414746940136
-9999 -9999 -9999 -9999 -9999 -9999 -9999 -9999 -9999 -9999 -9999 -9999 -9999 -9999 -9999 -9999 -9999 -9999 -9999 -9999 -9999 -9999 -9999 -9999 -9999 -9999 1.18186515569687 2.60860919952393 3.29821246862411 3.15280723571777 1.96721667051315 1.49890315532684 1.95675712823868 2.73702116310596 2.26170744001865 1.28023499250412 1.03115701675415 1.21457102894783 1.27005448937416 1.02035701274872 0.944591224193573 1.36004027724266 1.85819327831268 1.79670292139053 1.96009504795074 1.69443601369858 1.54771274328232 1.25589448213577 0.764368504285812 0.935646772384644 0.743667751550674 0.739116758108139 1.02631571888924 1.14509028196335 1.04348704218864 0.873802542686462 0.764131486415863 0.419310763478279 0.411111742258072 0.377821505069733 0.364233009517193 0.395896509289742
-9999 -9999 -9999 -9999 -9999 -9999 -9999 -9999 -9999 -9999 -9999 -9999 -9999 -9999 -9999 -9999 -9999 -9999 -9999 -9999 -9999 -9999 -9999 -9999 -9999 -9999 2.42933928966522 1.90669199824333 1.46726623177528 1.29268424212933 1.38123822212219 1.10871076583862 1.04583451151848 0.904392778873444 0.708346500992775 0.699892491102219 0.696921765804291 0.734655752778053 0.762284249067307 0.740094020962715 0.893375962972641 1.20181274414062 1.74030303955078 1.62490957975388 1.68397432565689 1.54229933023453 1.09698602557182 0.78812849521637 0.748358264565468 0.730777502059937 0.753788977861404 0.788242489099503 0.958736211061478 1.10414028167725 1.0026022195816 0.841181963682175 0.660087749361992 0.484833732247353 0.45134474337101 0.459746271371841 0.468644231557846 0.61200749874115
-9999 -9999 -9999 -9999 -9999 -9999 -9999 -9999 -9999 -9999 -9999 -9999 -9999 -9999 -9999 -9999 -9999 -9999 -9999 -9999 -9999 -9999 -9999 -9999 -9999 1.19121462106705 2.66396284103394 2.46639820933342 1.20476326346397 1.29096525907516 0.979557037353516 0.984065294265747 0.909154504537582 0.80070224404335 0.772144496440887 0.775253266096115 0.75765073299408 0.791113525629044 0.917814016342163 1.1576107442379 1.4575432240963 1.65868431329727 1.62934201955795 1.49634075164795 1.4053672850132 1.09350979328156 0.934351533651352 0.814262241125107 0.688215762376785 0.695675253868103 0.803752541542053 0.988155752420425 1.05620920658112 0.970321476459503 0.941544771194458 0.851070731878281 0.705098256468773 0.492816746234894 0.497244000434875 0.547392010688782 0.661994263529778 0.754265248775482
-9999 -9999 -9999 -9999 -9999 -9999 -9999 -9999 -9999 -9999 -9999 -9999 -9999 -9999 -9999 -9999 -9999 -9999 -9999 -9999 -9999 -9999 -9999 -9999 -9999 1.00374001264572 0.910950779914856 0.836582958698273 0.810095965862274 0.877524018287659 0.869334787130356 0.9047512114048 0.83990478515625 0.797587484121323 0.763141483068466 0.843908965587616 0.912140250205994 1.16007676720619 1.4560372531414 1.57453197240829 1.60187548398972 1.56451642513275 1.52031826972961 1.38387376070023 1.22052973508835 0.859185039997101 0.714791268110275 0.645966768264771 0.555852770805359 0.529456481337547 0.601198509335518 0.726257264614105 0.864257991313934 0.868732541799545 0.797820746898651 0.781140714883804 0.7941854596138 0.650818482041359 0.659263506531715 0.634994253516197 0.572994768619537 0.563518479466438
-9999 -9999 -9999 -9999 -9999 -9999 -9999 -9999 -9999 -9999 -9999 -9999 -9999 -9999 -9999 -9999 -9999 -9999 -9999 -9999 -9999 -9999 -9999 -9999 1.31647038459778 1.02742347121239 0.799316972494125 0.702731251716614 0.704941481351852 0.76534429192543 0.697599738836288 0.790690541267395 0.777466535568237 0.722997754812241 0.730606511235237 0.977824509143829 1.18345722556114 1.23325279355049 1.24697998166084 1.21926972270012 1.34134724736214 1.24655324220657 1.36028775572777 1.40438622236252 1.18895021080971 0.856470018625259 0.634544268250465 0.565065756440163 0.551342993974686 0.477981761097908 0.483368262648582 0.537845984101295 0.683478757739067 0.842573225498199 0.863839477300644 0.850815027952194 0.778918504714966 0.690832480788231 0.696693733334541 0.650619730353355 0.589984506368637 0.547434747219086
-9999 -9999 -9999 -9999 -9999 -9999 -9999 -9999 -9999 -9999 -9999 -9999 -9999 -9999 -9999 -9999 -9999 -9999 -9999 -9999 -9999 -9999 -9999 1.50594073534012 1.19656500220299 0.882686287164688 0.727445259690285 0.66159600019455 0.625797003507614 0.694142997264862 0.78582975268364 0.905205756425858 0.795708775520325 0.740833505988121 0.85649773478508 1.05122396349907 1.10918328166008 0.902698516845703 0.975707978010178 0.905447959899902 0.903818964958191 0.768208533525467 0.721679985523224 0.740073010325432 0.741078749299049 0.684132009744644 0.596102982759476 0.540026262402534 0.478625982999802 0.516825020313263 0.628299728035927 0.689920485019684 0.729713246226311 0.767705976963043 0.820733964443207 0.924536257982254 0.940431028604507 0.873444736003876 0.78654670715332 0.698754742741585 0.652454271912575 0.653117269277573
-9999 -9999 -9999 -9999 -9999 -9999 -9999 -9999 -9999 -9999 -9999 -9999 -9999 -9999 -9999 -9999 -9999 -9999 -9999 -9999 -9999 -9999 3.59664816856384 2.16857707500458 1.15289774537086 0.769292235374451 0.708005234599113 0.664976254105568 0.756056249141693 0.763024538755417 0.804909020662308 0.855148494243622 1.00491446256638 1.08709421753883 1.0392344892025 0.990471035242081 1.30956521630287 0.9114990234375 0.795425981283188 0.753427505493164 0.727028265595436 0.61786575615406 0.605910748243332 0.639143988490105 0.621103495359421 0.588886499404907 0.541239738464355 0.538124263286591 0.557820752263069 0.59595000743866 0.597109481692314 0.634866759181023 0.671727731823921 0.753721475601196 0.864013463258743 0.96355801820755 1.18127024173737 1.09120801091194 0.872836500406265 0.750722229480743 0.746941521763802 0.770244777202606
-9999 -9999 -9999 -9999 -9999 -9999 -9999 -9999 -9999 -9999 -9999 -9999 -9999 -9999 -9999 -9999 -9999 -9999 -9999 -9999 2.64602583646774 6.29929157098134 1.88311958312988 1.88837170600891 1.10404577851295 0.842138975858688 1.2446017563343 1.30432203412056 0.960752248764038 0.810383230447769 0.895006477832794 1.12892997264862 1.40036022663116 1.46125504374504 1.36163547635078 1.2894172668457 2.100057721138 1.82614803314209 1.30439329147339 0.942294716835022 0.7095697671175 0.702254265546799 0.72987824678421 0.713210240006447 0.659200519323349 0.58644300699234 0.531908243894577 0.594150736927986 0.670889988541603 0.728871747851372 0.707426995038986 0.688641741871834 0.709296002984047 0.779573231935501 0.874086767435074 1.07352447509766 0.938342213630676 0.887943774461746 0.814985990524292 0.745446771383286 0.760984539985657 0.832763224840164
-9999 -9999 -9999 -9999 -9999 -9999 -9999 -9999 -9999 -9999 -9999 -9999 -9999 -9999 -9999 -9999 -9999 -9999 -9999 -9999 2.39465736206249 1.88583874702454 2.00266349315643 1.30572903156281 1.05642378330231 1.22011122107506 2.14103704690933 2.44312047958374 1.55395048856735 1.31532526016235 1.23865726590157 1.4821574985981 1.7451930642128 3.47669792175293 1.39614003896713 1.26232275366783 0.959102243185043 0.921322524547577 0.876106470823288 0.773808717727661 0.746012270450592 0.84460723400116 0.899097740650177 0.951243013143539 0.748863011598587 0.664262250065804 0.653484731912613 0.702870011329651 0.738231003284454 0.772094964981079 0.80085825920105 0.815585285425186 0.811953037977219 0.788691759109497 0.804176241159439 0.963533252477646 1.10133227705956 1.05671998858452 0.843951791524887 0.678881987929344 0.725560516119003 0.915862530469894
-9999 -9999 -9999 -9999 -9999 -9999 -9999 -9999 -9999 -9999 -9999 -9999 -9999 -9999 -9999 -9999 -9999 -9999 -9999 1.64201509952545 34.8080463409424 3.54191708564758 2.65158820152283 2.93309479951859 2.44505095481873 1.89231383800507 2.08023744821548 2.26642495393753 2.18551343679428 2.3041934967041 3.17567539215088 4.04865896701813 4.80262649059296 5.76256120204926 6.92918014526367 5.63266718387604 1.258031219244 0.833073019981384 0.735290989279747 0.706976249814034 0.739159494638443 0.809994041919708 0.8410364985466 0.871860712766647 0.806525230407715 0.740374490618706 0.720242992043495 0.73937326669693 0.784445285797119 0.823216527700424 0.867803961038589 0.87429079413414 0.845465272665024 0.81598949432373 0.805496245622635 0.981308966875076 1.37124672532082 1.12103247642517 0.92779728770256 0.920072257518768 1.07663476467133 1.26936900615692
-9999 -9999 -9999 -9999 -9999 -9999 -9999 -9999 -9999 -9999 -9999 -9999 -9999 -9999 -9999 -9999 -9999 13.4738645553589 3.63644504547119 5.33131814002991 4.2505989074707 3.79789066314697 4.04507982730865 4.09563732147217 2.99044132232666 2.66160303354263 3.23313009738922 2.90011650323868 2.83708494901657 3.59561097621918 6.01855158805847 8.49437642097473 8.78751540184021 6.12750363349915 3.57983314990997 2.60418605804443 1.54698675870895 0.689246982336044 0.67842672765255 0.696110263466835 0.867959976196289 0.97809898853302 0.983423978090286 0.906006038188934 0.832820266485214 0.787321507930756 0.788365513086319 0.829526960849762 0.865949213504791 0.836824536323547 0.780099749565125 0.748570516705513 0.738553494215012 0.831315010786057 0.87423974275589 0.856336534023285 0.842924237251282 0.665010005235672 0.643061980605125 0.861190527677536 0.99720373749733 1.02159002423286
-9999 -9999 -9999 -9999 -9999 -9999 -9999 -9999 -9999 -9999 -9999 -9999 -9999 -9999 -9999 -9999 -9999 34.2558920896506 2.19059121608734 2.54904121160507 2.14228272438049 2.59546941518784 2.54140716791153 2.70686620473862 2.98284906148911 3.45249688625336 3.58184337615967 3.69289648532867 3.19215452671051 3.39815032482147 3.87540221214294 5.82135808467865 8.03053021430969 7.45025610923767 5.46054017543793 2.24335491657257 1.46288251876831 0.801210790872574 0.814096480607986 0.803988754749298 0.790525496006012 0.788475036621094 0.808844983577728 0.805457264184952 0.793780535459518 0.789478540420532 0.758352756500244 0.785553753376007 0.796023041009903 0.734900996088982 0.640403240919113 0.567783012986183 0.590956494212151 0.600022494792938 0.57550348341465 0.533743500709534 0.5208810120821 0.469217240810394 0.403582513332367 0.40514700114727 0.492176234722137 0.538726508617401
-9999 -9999 -9999 -9999 -9999 -9999 -9999 -9999 -9999 -9999 -9999 -9999 -9999 -9999 -9999 -9999 -9999 -9999 -9999 2.73698019981384 6.08285808563232 4.12140583992004 3.55407893657684 3.34468710422516 3.35067594051361 3.89911258220673 3.86066329479218 3.84871280193329 3.95714020729065 4.21876573562622 5.19762289524078 5.80440437793732 9.04577207565308 9.57550477981567 9.82282304763794 4.99233984947205 1.79185420274734 0.838433235883713 0.803299516439438 0.760769963264465 0.775036543607712 0.778578042984009 0.747772514820099 0.741069763898849 0.75443771481514 0.767986536026001 0.743406012654305 0.743585988879204 0.735130503773689 0.706392019987106 0.693522021174431 0.594884231686592 0.476823002099991 0.395940765738487 0.369886502623558 0.362581506371498 0.474757522344589 0.60845173895359 0.545276999473572 0.459759011864662 0.379103243350983 0.342332996428013
-9999 -9999 -9999 -9999 -9999 -9999 -9999 -9999 -9999 -9999 -9999 -9999 -9999 -9999 -9999 7.82765906197684 6.73054358788899 5.36810118811471 35.0390167236328 33.4299173355103 5.40528380870819 4.00434064865112 3.33083760738373 3.3600869178772 3.53551733493805 3.65107798576355 3.88181984424591 3.9779280424118 4.17913341522217 4.25367379188538 4.98361945152283 5.241823554039 4.61467587947845 5.35339272022247 4.62319707870483 2.67761170864105 2.13412266969681 1.64235895872116 1.3130347430706 1.12958997488022 1.12264502048492 0.9857377409935 0.896899491548538 0.872351288795471 0.829113006591797 0.812321215867996 0.818954229354858 0.798115521669388 0.796296000480652 0.822673469781876 0.799976259469986 0.67450949549675 0.564451485872269 0.406797766685486 0.345740988850594 0.370184250175953 0.392896503210068 0.425068482756615 0.440167486667633 0.453519746661186 0.390047997236252 0.33262125402689
-9999 -9999 -9999 -9999 -9999 -9999 -9999 -9999 -9999 -9999 35.2986888885498 35.2986888885498 13.7248649597168 5.55338215827942 4.5165154337883 12.8654437065125 15.4545478820801 14.3731799125671 9.54086780548096 6.54338979721069 4.30591571331024 3.93465971946716 3.30844366550446 3.3068243265152 4.36928486824036 4.56446921825409 4.27668678760529 4.94773292541504 4.67806720733643 7.74697208404541 4.86577141284943 4.68909895420074 4.29455173015594 3.94454097747803 3.67221450805664 3.48753976821899 2.73592722415924 2.54616451263428 2.10791248083115 1.81512898206711 1.25614652037621 1.11285075545311 1.07025897502899 0.977630227804184 0.925071716308594 0.930371224880219 0.949415266513824 0.981617957353592 0.974847793579102 0.928787291049957 0.806629478931427 0.649219483137131 0.496942520141602 0.373602747917175 0.345013506710529 0.331123508512974 0.332509495317936 0.341263510286808 0.32847598940134 0.322479754686356 0.318411000072956 0.302075251936913
-9999 -9999 -9999 -9999 -9999 -9999 -9999 -9999 -9999 -9999 35.2986888885498 7.71532758325338 6.55349427461624 3.95197319984436 5.59673345088959 2.61538398265839 3.88019554316998 1.23662708814328 6.8602019918376 1.62469847265043 3.00302124023438 5.05064713954926 7.00807070732117 6.59807538986206 4.51811385154724 4.15000891685486 4.60206440091133 3.92777180671692 2.94460415840149 5.3010413646698 6.41803765296936 3.88992369174957 3.12212562561035 3.43488228321075 3.56177866458893 3.39602565765381 2.57613158226013 2.5142850279808 2.29367476701736 1.7796111702919 1.42048126459122 1.19062650203705 0.963572233915329 0.865249514579773 0.880319237709045 0.877641767263412 0.962840974330902 1.03360649943352 0.948913514614105 0.77103978395462 0.620808765292168 0.513465732336044 0.41948626935482 0.338071502745152 0.325221754610538 0.34935300797224 0.339609749615192 0.337623752653599 0.319585494697094 0.311994753777981 0.305255256593227 0.290532745420933
-9999 -9999 -9999 -9999 -9999 -9999 -9999 -9999 -9999 -9999 -9999 -9999 -9999 8.03811376435416 11.2416412660054 16.6600383917491 7.64567255973816 -9999 -9999 -9999 -9999 -9999 12.1203274726868 13.6394906044006 7.5378942489624 8.94685220718384 15.0482807159424 3.84301695227623 3.10941794514656 2.77637583017349 2.89114791154861 2.25950771570206 2.22779846191406 2.18398493528366 2.30186247825623 2.88543516397476 4.58634209632874 5.12202537059784 3.28876948356628 1.51374757289886 1.21472096443176 1.01477998495102 0.974876224994659 0.946182757616043 0.899622023105621 0.875456213951111 0.85625696182251 0.808140724897385 0.669879019260406 0.532764762639999 0.477353990077972 0.429701998829842 0.390394493937492 0.356042996048927 0.346369497478008 0.417946502566338 0.402074977755547 0.367076240479946 0.3410340026021 0.312939003109932 0.298211999237537 0.279729746282101
-9999 -9999 -9999 -9999 -9999 -9999 -9999 -9999 -9999 -9999 -9999 -9999 -9999 16.6274771690369 16.6274771690369 16.6274771690369 -9999 -9999 -9999 -9999 -9999 -9999 4.94490551948547 4.94490551948547 4.94490551948547 0.308659605681896 32.371958732605 31.6937570571899 14.6220088005066 11.0336775779724 4.01042246818542 2.613450050354 2.19601500034332 2.55606007575989 3.30534303188324 5.21124386787415 6.87136030197144 5.18864715099335 4.10189759731293 2.36438924074173 1.81451779603958 1.51111507415771 1.22274899482727 1.06718927621841 0.936960786581039 0.825453042984009 0.761968463659286 0.731379747390747 0.683225244283676 0.584168270230293 0.555900737643242 0.526368007063866 0.455998510122299 0.407996982336044 0.373059757053852 0.49599601328373 0.499662771821022 0.48802649974823 0.445665746927261 0.351252749562263 0.285686999559402 0.268469251692295
-9999 -9999 -9999 -9999 -9999 -9999 -9999 -9999 -9999 -9999 -9999 -9999 -9999 -9999 -9999 -9999 -9999 -9999 -9999 -9999 -9999 -9999 -9999 -9999 -9999 -9999 26.9046406470812 18.3599873185158 12.9066926836967 25.1962757110596 7.7689483165741 4.50785994529724 4.26776933670044 5.69606566429138 5.5931453704834 3.28317582607269 3.66716766357422 3.52229011058807 2.82754343748093 1.87931245565414 1.36905598640442 1.09595096111298 0.949861496686935 0.755374521017075 0.695849999785423 0.679198488593102 0.634528487920761 0.692418739199638 0.708160489797592 0.689083501696587 0.674316018819809 0.589958265423775 0.446549266576767 0.389893501996994 0.438675731420517 0.506772011518478 0.521952018141747 0.507726743817329 0.42137248814106 0.341423995792866 0.296008497476578 0.282044246792793
-9999 -9999 -9999 -9999 -9999 -9999 -9999 -9999 -9999 -9999 -9999 -9999 -9999 -9999 -9999 -9999 -9999 -9999 -9999 -9999 -9999 -9999 -9999 -9999 -9999 -9999 -9999 18.1827627335276 12.8007298707962 10.2454912662506 16.783332824707 6.82696866989136 7.1038738489151 4.76466304063797 13.6505913734436 9.51853966712952 2.87984329462051 2.40799802541733 2.01833242177963 1.43948847055435 1.20119923353195 1.19472071528435 0.956216990947723 0.784779042005539 0.743500515818596 0.609975010156631 0.557754009962082 0.565732508897781 0.546399012207985 0.530112013220787 0.544201478362083 0.472976982593536 0.37968447804451 0.359953500330448 0.383744269609451 0.391263753175735 0.459162756800652 0.474425241351128 0.450084015727043 0.401055738329887 0.333427503705025 0.287829749286175
