EcologicalScience/Bass/data/rs_data_bass/chl_358.asc
NCOLS 226 
NROWS 124 
XLLCORNER -9.41648524995501 
YLLCORNER 47.587301625531 
CELLSIZE 0.0833 
NODATA_value -9999 
[rows 54 to 80 of 124, columns 0 to 61 of 226]
-9999 -9999 -9999 -9999 -9999 -9999 -9999 -9999 -9999 -9999 -9999 -9999 -9999 -9999 -9999 -9999 -9999 -9999 -9999 -9999 -9999 -9999 -9999 -9999 -9999 -9999 -9999 -9999 -9999 -9999 -9999 -9999 -9999 -9999 -9999 -9999 -9999 -9999 5.29560773496134 2.21203869581223 2.0064885020256 1.79982823133469 2.06958827376366 1.38733613491058 1.26819598674774 1.49957427382469 1.13233112096786 0.880845040082932 1.09050410985947 1.41601070761681 1.21538123488426 1.25848746299744 1.52058300375938 1.54899305105209 1.88031524419785 1.92280268669128 1.968521296978 2.10823130607605 -9999 0.607058599591255 0.62790758907795 2.56107191223165
-9999 -9999 -9999 -9999 -9999 -9999 -9999 -9999 -9999 -9999 -9999 -9999 -9999 -9999 -9999 -9999 -9999 -9999 -9999 -9999 -9999 -9999 -9999 -9999 -9999 -9999 -9999 -9999 -9999 -9999 -9999 -9999 -9999 -9999 -9999 -9999 -9999 -9999 -9999 2.09544450044632 2.05225574970245 1.63503903150558 1.53316658735275 1.8732525408268 0.926333248615265 1.53847619891167 1.42524981498718 1.03286819458008 0.818142771720886 1.17219637334347 1.20943999290466 1.25971475243568 1.5912168841613 1.53742057085037 1.90593302249908 2.05041754245758 2.57035376876593 2.74090551572039 -9999 -9999 -9999 -9999
-9999 -9999 -9999 -9999 -9999 -9999 -9999 -9999 -9999 -9999 -9999 -9999 -9999 -9999 -9999 -9999 -9999 -9999 -9999 -9999 -9999 -9999 -9999 -9999 -9999 -9999 -9999 -9999 -9999 -9999 -9999 -9999 -9999 -9999 -9999 -9999 -9999 -9999 -9999 -9999 1.84607470035553 1.73014569282532 1.93377336859703 1.71185401082039 1.85754919052124 1.48919288814068 1.52658027410507 1.0186133980751 1.08540059924126 1.01831821203232 1.08650201872775 1.35187280021216 1.63475341859617 1.91070950031281 1.72178918123245 1.93002068996429 2.11502176523209 2.04995995759964 1.95599395036697 -9999 -9999 -9999
-9999 -9999 -9999 -9999 -9999 -9999 -9999 -9999 -9999 -9999 -9999 -9999 -9999 -9999 -9999 -9999 -9999 -9999 -9999 -9999 -9999 -9999 -9999 -9999 -9999 -9999 -9999 -9999 -9999 -9999 -9999 -9999 -9999 -9999 -9999 -9999 -9999 -9999 -9999 -9999 1.68006366491318 1.77656972408295 2.15939176082611 2.12926256656647 2.03708243370056 1.79237973690033 1.67415374517441 1.40586125850677 1.28291009366512 1.24891346849893 1.09983632909624 1.22304889402891 1.41507801413536 1.51280945539474 1.62803328037262 1.76483327150345 1.82148975133896 1.67899507284164 1.79170417785645 1.92635250091553 1.78281589569869 -9999
-9999 -9999 -9999 -9999 -9999 -9999 -9999 -9999 -9999 -9999 -9999 -9999 -9999 -9999 -9999 -9999 -9999 -9999 -9999 -9999 -9999 -9999 -9999 -9999 -9999 -9999 -9999 -9999 -9999 -9999 -9999 -9999 -9999 -9999 -9999 -9999 -9999 -9999 -9999 -9999 -9999 1.63991242647171 2.48675400018692 2.14771199226379 2.08620411157608 1.84341412782669 1.67523077130318 1.56505188345909 1.36475213617086 1.44217978417873 1.36907915274302 1.23448174407608 1.36162623763084 1.42223253846169 1.50751054286957 1.52715942263603 1.68580275774002 1.85297453403473 1.97164803743362 1.97133326530457 2.32699928998947 -9999
-9999 -9999 -9999 -9999 -9999 -9999 -9999 -9999 -9999 -9999 -9999 -9999 -9999 -9999 -9999 -9999 -9999 -9999 -9999 -9999 -9999 -9999 -9999 -9999 -9999 -9999 -9999 -9999 -9999 -9999 -9999 -9999 -9999 -9999 -9999 -9999 -9999 -9999 -9999 -9999 -9999 2.67012619972229 2.27813771367073 2.05320250988007 2.00987493991852 2.09187260270119 2.11592397093773 1.64846398830414 1.69286691201361 1.51714853863967 1.35431724786758 1.23459425142833 1.12734603881836 1.31127181649208 1.60220588743687 1.63496884703636 1.78154700994492 1.88103827834129 2.00717854499817 1.16016767648133 -9999 -9999
-9999 -9999 -9999 -9999 -9999 -9999 -9999 -9999 -9999 -9999 -9999 -9999 -9999 -9999 -9999 -9999 -9999 -9999 -9999 -9999 -9999 -9999 -9999 -9999 -9999 -9999 -9999 -9999 -9999 -9999 -9999 -9999 -9999 -9999 -9999 -9999 -9999 -9999 -9999 -9999 2.29361662916515 3.07943737506866 1.81465727090836 1.93628078699112 1.70831626653671 1.80104070901871 1.9523001909256 1.71633476018906 1.50084338533251 1.43720085213059 1.35322149019492 1.21674765944481 1.29007471203804 1.56026449328975 1.65301359640925 1.57074439211896 1.66946587392262 -9999 -9999 2.87388002872467 10.8950012326241 5.57390449728285
-9999 -9999 -9999 -9999 -9999 -9999 -9999 -9999 -9999 -9999 -9999 -9999 -9999 -9999 -9999 -9999 -9999 -9999 -9999 -9999 -9999 -9999 -9999 -9999 -9999 -9999 -9999 -9999 -9999 -9999 -9999 -9999 -9999 -9999 -9999 -9999 -9999 -9999 -9999 1.93387492678382 2.81038051843643 2.6755485534668 1.80058193206787 1.96930056810379 1.61963778734207 1.67508399486542 1.57255226373672 1.56120675802231 1.57287670175234 1.28411704301834 1.21291442513466 1.2378523170948 1.28914740085602 1.64422913601524 1.67004258292062 1.6243713753564 1.8132015977587 1.85089262894222 3.02961409091949 3.29439371824265 3.10817878246307 5.18116250038147
-9999 -9999 -9999 -9999 -9999 -9999 -9999 -9999 -9999 -9999 -9999 -9999 -9999 -9999 -9999 -9999 -9999 -9999 -9999 -9999 -9999 -9999 -9999 -9999 -9999 -9999 -9999 -9999 -9999 -9999 -9999 -9999 -9999 -9999 -9999 -9999 -9999 -9999 -9999 3.45348174231393 2.39943605661392 2.11186945438385 1.7482590675354 1.68463444709778 1.66352093219757 1.58777552843094 1.52741748094559 1.50056646267573 1.59069740772247 1.33003685192058 1.191678160429 1.21205880045891 1.41692329080481 1.48651669997918 2.03346696070262 1.82238612856184 1.80102549280439 1.76496943831444 1.91804147511721 2.7375400364399 2.2594792842865 2.64482080936432
-9999 -9999 -9999 -9999 -9999 -9999 -9999 -9999 -9999 -9999 -9999 -9999 -9999 -9999 -9999 -9999 -9999 -9999 -9999 -9999 -9999 -9999 -9999 -9999 -9999 -9999 -9999 -9999 -9999 -9999 -9999 -9999 -9999 -9999 -9999 -9999 -9999 -9999 3.58053044478099 3.05409285000392 2.29543349146843 1.85521620512009 1.67580413818359 1.607572093606 1.44067575037479 1.55904266238213 1.61259640753269 1.29756098985672 1.26371574401855 1.01260423660278 1.22342452406883 1.28419747948647 1.31366128921509 1.48618260967104 1.66052278876305 1.79194092750549 1.81939105689526 1.63684240409306 1.76580060379846 2.17670094966888 2.36486554145813 2.62171679735184
-9999 -9999 -9999 -9999 -9999 -9999 -9999 -9999 -9999 -9999 -9999 -9999 -9999 -9999 -9999 -9999 -9999 -9999 -9999 -9999 -9999 -9999 -9999 -9999 -9999 -9999 -9999 -9999 -9999 -9999 -9999 -9999 -9999 -9999 -9999 -9999 -9999 -9999 2.58661651611328 2.14275258779526 1.86434769630432 1.84925478696823 1.38310903310776 1.32845963537693 1.38405561447144 1.38624487817287 1.25293102860451 1.2302887737751 1.15387272834778 1.10133948922157 1.27501770853996 1.33960297703743 1.33276301622391 1.51777428388596 1.44978404986231 1.75443809231122 1.78410485386848 1.99362851679325 2.18124376237392 1.87053934335709 2.37431299686432 2.50448495149612
-9999 -9999 -9999 -9999 -9999 -9999 -9999 -9999 -9999 -9999 -9999 -9999 -9999 -9999 -9999 -9999 -9999 -9999 -9999 -9999 -9999 -9999 -9999 -9999 -9999 -9999 -9999 -9999 -9999 -9999 -9999 -9999 -9999 -9999 -9999 -9999 -9999 1.96245807409286 2.30420470237732 1.9797540307045 1.80712950229645 1.57279801368713 1.34638446569443 1.39038798213005 1.36741498112679 1.27819499373436 1.22115924954414 1.19097629189491 1.13456127047539 1.12586802244186 1.11145933270454 1.51297301054001 1.57282519340515 1.41908986631193 1.40045143961906 1.73427420854568 1.79804067313671 1.92002794146538 1.57141314446926 1.61741173267365 2.22996592521667 1.63633275032043
-9999 -9999 -9999 -9999 -9999 -9999 -9999 -9999 -9999 -9999 -9999 -9999 -9999 -9999 -9999 -9999 -9999 -9999 -9999 -9999 -9999 -9999 -9999 -9999 -9999 -9999 -9999 -9999 -9999 -9999 -9999 -9999 -9999 -9999 -9999 -9999 -9999 4.00437185168266 2.09863168001175 1.57279276847839 1.43252202868462 1.30866748094559 1.32112798094749 1.32874649763107 1.30426523089409 1.23294124007225 1.17763951420784 1.1364067196846 1.21387895941734 1.19390377402306 1.18950301408768 1.2642477452755 1.38724542918958 1.35617911219597 1.39971150755882 1.56309959292412 1.47301188111305 1.88679210841656 2.00800323486328 2.05291387438774 1.68977504968643 1.81668001413345
-9999 -9999 -9999 -9999 -9999 -9999 -9999 -9999 -9999 -9999 -9999 -9999 -9999 -9999 -9999 -9999 -9999 -9999 -9999 -9999 -9999 -9999 -9999 -9999 -9999 -9999 -9999 -9999 -9999 -9999 -9999 -9999 -9999 -9999 -9999 -9999 2.9846579845135 3.67270767688751 2.35058963298798 1.59400820732117 1.34290301799774 0.743772760033607 1.21790853142738 1.24195551872253 1.29105377197266 1.19314247369766 1.16688299179077 1.14682149887085 1.21969425678253 1.18981477618217 1.16537049412727 1.32826948516509 1.34436110363287 1.42620885372162 1.87947484105825 1.71914573013783 1.78648298978806 1.87190133333206 1.84842023849487 2.06711965799332 1.81950974464417 1.92925572395325
-9999 -9999 -9999 -9999 -9999 -9999 -9999 -9999 -9999 -9999 -9999 -9999 -9999 -9999 -9999 -9999 -9999 -9999 -9999 -9999 -9999 -9999 -9999 -9999 -9999 -9999 -9999 -9999 -9999 -9999 -9999 1.45459102839231 13.7397769414462 -9999 2.10493344068527 2.40226344442578 2.21491229075652 1.94008871912956 1.52165299654007 1.49295988082886 1.24440297484398 1.22188276052475 1.21842575073242 1.21135225892067 1.00013503432274 1.18405377864838 1.21071323752403 1.24830773472786 1.21506297588348 1.22026151418686 1.39318194634774 1.97934857010841 1.93835097178817 1.37524793954457 2.2227449297905 1.65967317670584 1.96731888055801 2.16937648057938 2.44300121068954 2.70314716100693 3.00687607526779 2.30059863077967
-9999 -9999 -9999 -9999 -9999 -9999 -9999 -9999 -9999 -9999 -9999 -9999 -9999 -9999 -9999 -9999 -9999 -9999 -9999 -9999 -9999 -9999 0.346259817481041 1.87875269651413 34.6816356852651 1.87061601238591 6.01140101999044 6.24429099261761 1.60479433089495 1.52718749642372 1.15957070142031 1.22947201877832 2.70365163683891 1.46741890907288 1.34797650575638 1.21918652951717 1.18712286651134 1.11582997441292 1.03206673264503 1.0892159640789 1.10574749112129 1.1147697865963 1.05574801564217 1.08919927477837 1.14070948958397 1.20524773001671 1.06713752746582 1.25522082416635 1.15068197250366 1.50966507196426 1.57866161711076 1.65828075128443 2.54413942098618 2.54442165791988 2.06161029549206 2.3135077804327 2.66198010742664 3.43829335664448 3.08786396594608 -9999 -9999 -9999
-9999 -9999 -9999 -9999 -9999 -9999 -9999 -9999 -9999 -9999 -9999 -9999 -9999 -9999 -9999 -9999 -9999 -9999 -9999 -9999 -9999 -9999 1.82995710521936 3.32280085980892 6.42737822234631 0.434539496898651 0.484606504440308 0.701612994074821 0.886586219072342 1.17021748423576 1.14337800443172 1.12610779702663 1.44001078605652 1.29860208928585 1.30497260391712 1.25966401398182 1.13207700848579 1.0262344032526 0.991456270217896 0.990618020296097 1.19245079159737 0.756400465965271 0.970123529434204 1.03620925545692 1.05181547999382 1.35739881898227 1.53853852450848 1.63753153997309 1.70565905991723 1.73612381079618 1.87565223960315 2.45838063955307 2.77571757137775 2.58185343993338 2.05972775346354 -9999 -9999 -9999 -9999 -9999 -9999 -9999
-9999 -9999 -9999 -9999 -9999 -9999 -9999 -9999 -9999 -9999 -9999 -9999 -9999 -9999 -9999 -9999 -9999 -9999 -9999 21.3392609383198 2.43191984295845 3.82762531936169 5.67527191340923 2.87978817522526 2.3054426908493 5.98832005262375 8.65757565200329 9.6784975528717 0.655852496623993 0.537657737731934 2.10450866818428 1.55381964147091 2.74294285476208 2.32953943312168 0.897548630833626 0.914046004414558 1.03164902329445 1.01542089879513 0.909935250878334 0.847734779119492 0.874942481517792 1.02570277452469 1.04136598110199 1.07048204541206 1.08691157698631 1.41272600544126 1.85799781585995 1.85839202474145 1.9423778151211 1.82688531454872 2.08281940763647 -9999 -9999 -9999 -9999 -9999 -9999 -9999 -9999 -9999 -9999 -9999
-9999 -9999 -9999 -9999 -9999 -9999 -9999 -9999 -9999 -9999 -9999 -9999 -9999 -9999 -9999 -9999 -9999 5.26268196957452 4.14346799254417 8.09049725532532 5.64967778883874 2.23407834768295 2.38448779284954 1.97080159932375 2.08142361044884 2.67597457766533 1.93000464141369 2.27512304484844 2.117236956954 3.75592164695263 0.854316502809525 0.810066014528275 2.94171680510044 1.04052785038948 0.863070376217365 0.945562854409218 0.977784410119057 0.987148851156235 0.865626007318497 0.82895140349865 1.06065747141838 1.11790522933006 1.13898625969887 1.15496295690536 1.30602672100067 1.70301234408429 1.86279536548414 1.87376912016618 1.66371077299118 2.23785450241782 2.25994196822566 -9999 -9999 -9999 -9999 -9999 -9999 -9999 -9999 -9999 -9999 -9999
-9999 -9999 -9999 -9999 -9999 -9999 -9999 -9999 -9999 -9999 -9999 -9999 -9999 -9999 1.25529208034277 4.86585313081741 8.98104590177536 2.6961018294096 2.58352348208427 2.2570897936821 2.19349873960018 1.7481333643198 1.83636578321457 1.43470202386379 1.2337916046381 1.32322016358376 1.48205366358161 1.15380261093378 1.01555324345827 0.57142299413681 0.625142976641655 0.783712476491928 0.839560717344284 1.24895364046097 1.04264397919178 0.859398767352104 0.854175388813019 0.903883516788483 0.916749760508537 0.897141024470329 0.839190736413002 1.10667452216148 1.14356625080109 1.09597456455231 1.19968092441559 1.78990552425385 1.8753822863102 1.99735581561139 1.96962008037065 2.10839764068001 1.84904300315039 4.1263156818307 -9999 -9999 -9999 -9999 -9999 -9999 -9999 -9999 -9999 -9999
-9999 -9999 -9999 -9999 -9999 -9999 -9999 -9999 -9999 -9999 -9999 3.50306742106165 2.96576408296824 2.81676703691483 3.30527930706739 2.59194295853376 2.23222276568413 1.5148804038763 1.24323678016663 1.0256080031395 1.5701804459095 1.38020288944244 1.2602794021368 1.24518182873726 0.822702918201685 0.403854896128178 0.527404993772507 1.16042359918356 2.79556345939636 1.91876430809498 2.44888012111187 0.962115988135338 0.86627122759819 0.901986241340637 1.02092362940311 0.913363113999367 0.867979511618614 0.786882340908051 1.21660822629929 1.02572828531265 0.931063860654831 1.17795473337173 0.697639133781195 0.986719644069672 1.68672188645915 1.80625646992734 1.88730986181058 1.97577553636888 1.76780426502228 1.44828277826309 1.51448308825493 -9999 -9999 -9999 -9999 -9999 7.82067465837612 3.2446357011795 1.9773765206337 3.53497052192688 5.42707800865173 -9999
-9999 -9999 -9999 -9999 -9999 -9999 -9999 -9999 -9999 2.77665983140469 2.53349386769183 3.22911255061626 2.30980230867863 1.89975743740797 1.85029508918524 3.00519691407681 1.39042533561587 2.10030949115753 1.17945529520512 1.03857976198196 0.977140739560127 0.871829986572266 0.642279744148254 0.607441991567612 0.78081675991416 0.877998020499945 0.839350476861 0.844997510313988 0.869894534349442 0.842857733368874 0.874221235513687 0.949481025338173 1.08127798140049 1.04464647173882 1.07700973749161 0.967446371912956 0.860594630241394 1.17106527090073 1.12383252382278 0.986205384135246 0.971698120236397 0.905639231204987 0.611241772770882 0.932492262125015 0.438783019781113 0.57795524597168 1.49410284349793 1.62062244038833 1.70907963374082 1.57542977730433 1.63671570665696 1.87610930204391 2.15548240679961 2.283664782842 2.21923864665239 1.37508523464203 1.47453752160072 1.47846972942352 1.64089125394821 2.08462733030319 2.38564342260361 -9999
-9999 -9999 -9999 -9999 -9999 1.47170233726501 1.51694500872067 2.26297387054988 2.82967264950275 3.17070829868317 3.59337168931961 1.79751380905509 1.77508914470673 1.3196599110961 1.84795078635216 2.67210057377815 1.90273719280958 1.57469177618623 1.67476587742567 1.27437095344067 0.959265023469925 0.441338017582893 0.488313257694244 0.587519019842148 0.702874004840851 0.867704652249813 0.97113561630249 1.00282779335976 0.992173332720995 0.879129245877266 0.854628726840019 0.997534140944481 0.963726371526718 0.879955232143402 0.921251222491264 0.93386247754097 0.837363392114639 0.493328258395195 0.817532226443291 0.81378373503685 0.844629496335983 0.651221260428429 0.844070255756378 0.846749246120453 0.399186015129089 1.03631597757339 1.28443096029131 1.33457238266343 1.39458374600661 1.44615382807595 1.51418582030705 1.67269399166107 1.67561484575272 2.02036725282669 2.32258035242558 1.71463197469711 1.52792251110077 1.60163033008575 1.836086332798 1.98228907585144 2.15560948848724 2.25197392702103
-9999 -9999 -9999 -9999 -9999 1.25346323847771 2.00494012981653 2.53997978568077 1.67002241313457 1.63826474547386 1.59741408750415 1.84306395426393 2.32358102500439 1.55402128398418 1.65721549093723 1.68365301191807 2.02348180115223 1.16321698576212 1.47412203252316 1.3340707719326 0.464576750993729 0.919463619589806 0.950119145214558 0.585528753697872 0.6290672570467 0.746291249990463 0.846387002617121 1.24786314368248 0.94504389166832 0.921187520027161 0.931309506297112 0.982426866889 0.985817268490791 0.936682909727097 0.900516003370285 0.957835525274277 1.00054460763931 0.918881237506867 0.895501881837845 0.852629497647285 0.992635153234005 0.892830276489258 0.739243872463703 0.82130309343338 0.617018256336451 0.70857223123312 1.12966173573544 1.20646086178328 1.23640951827953 1.50315458575884 1.63067011535168 1.50372311472893 1.53247139453888 1.58649967610836 1.85849319398403 1.95532125234604 1.23395320773125 1.21682846546173 1.67488574981689 1.96876055002213 2.21737504005432 2.40026253461838
-9999 -9999 -9999 -9999 -9999 1.63966517150402 2.79564607143402 1.66229255497456 1.78347495943308 1.73234108090401 1.60288913547993 2.01332321763039 1.45443487912416 1.21322887390852 1.20869214087725 1.27566562592983 1.35663266479969 1.27532174438238 1.30678910762072 1.18403369188309 0.987694524228573 2.16063418984413 2.74962191283703 0.516462996602058 0.658126249909401 0.868964642286301 0.957901887595654 0.928380757570267 1.04989725351334 0.882586497813463 0.951707035303116 0.999363362789154 0.944509863853455 0.955082640051842 1.01264025270939 1.24893262982368 0.973058000206947 0.989955738186836 0.777439713478088 0.931798495352268 0.879835170507431 0.855276489257812 0.823786497116089 0.558181509375572 0.699941083788872 0.722160577774048 1.04015100943415 1.06797700336105 1.12133781533492 1.33263872563839 1.42607869704564 1.20851737260818 1.23101618885994 1.32813258469105 1.10561299324036 0.90563178062439 0.961593747138977 0.96085649728775 1.13077050447464 1.78083980083466 2.11594426631927 2.49360233545303
-9999 -9999 -9999 -9999 -9999 3.84200504422188 2.07934005558491 5.14249269664288 3.21965995430946 2.69290318340063 4.79341531544924 2.02628852427006 3.0305617377162 1.80504338443279 4.92761479318142 3.09426872432232 2.63215380907059 0.984342791140079 1.00298550724983 1.01235488802195 1.09446859359741 2.63906581699848 2.56252598762512 0.591373756527901 0.912489026784897 0.52691625058651 0.576432377099991 0.864368483424187 0.898254174739122 0.951438345015049 1.05811684951186 0.88152676820755 0.786393761634827 0.761032775044441 0.79016324877739 0.80620302259922 0.998221978545189 0.757246762514114 0.753919869661331 1.1019643843174 0.839361155033111 0.881985014677048 0.850798040628433 1.00855162739754 0.858261287212372 0.944350808858871 1.26238526701927 0.779453754425049 0.608059510588646 0.607919231057167 0.618961483240128 1.06724551320076 1.23823539912701 1.27797523140907 1.38467726111412 0.944187015295029 1.00599896907806 1.11437022686005 1.22956797480583 2.01692622900009 2.43438899517059 2.75659418106079
-9999 -9999 -9999 -9999 -9999 3.8333275616169 3.95445589721203 2.11490620672703 1.55489887297153 1.38177108764648 1.21845450997353 0.996402360498905 1.11400902271271 1.17761850357056 1.2232072353363 1.0792842656374 1.78333541750908 1.19451713562012 1.17655237019062 1.2977219671011 1.07537662982941 1.03484027087688 0.950207993388176 0.826903492212296 0.889826238155365 0.874372512102127 1.05318148434162 1.03499603271484 0.577986440062523 1.08316766470671 1.08876222744584 0.89263952895999 0.797970250248909 0.909682855010033 1.0168773829937 0.879431501030922 0.81047397851944 0.704699471592903 0.950550764799118 0.670980367809534 0.816379791498184 0.832407581806183 0.839155215024948 0.865911895036697 0.669718503952026 0.778349012136459 0.8761887550354 0.86686572432518 0.540035247802734 0.536195263266563 0.590349733829498 0.624463498592377 1.39457865804434 1.5367629379034 1.57150458544493 1.8643406778574 1.37063214182854 1.83641414344311 1.5703005194664 1.81826108694077 2.55222898721695 2.54474705457687
