EcologicalScience/Bass/data/rs_data_bass/chl_81.asc
NCOLS 226 
NROWS 124 
XLLCORNER -9.41648524995501 
YLLCORNER 47.587301625531 
CELLSIZE 0.0833 
NODATA_value -9999 
[rows 54 to 80 of 124, columns 0 to 61 of 226]
-9999 -9999 -9999 -9999 -9999 -9999 -9999 -9999 -9999 -9999 -9999 -9999 -9999 -9999 -9999 -9999 -9999 -9999 -9999 -9999 -9999 -9999 -9999 -9999 -9999 -9999 -9999 -9999 -9999 -9999 -9999 -9999 -9999 -9999 -9999 -9999 -9999 -9999 4.46207121430165 2.2334084643258 1.54203379154205 1.57142329216003 1.49878951907158 1.44910499453545 1.40569538623095 1.19047272205353 1.13170087337494 1.09396724402905 1.26633676886559 1.29812148213387 1.2325119972229 1.24190077185631 1.39949476718903 1.64663243293762 1.78231573104858 2.49092376232147 2.33417075872421 2.32774143218994 -9999 0.607058599591255 0.62790758907795 0.844198274871577
-9999 -9999 -9999 -9999 -9999 -9999 -9999 -9999 -9999 -9999 -9999 -9999 -9999 -9999 -9999 -9999 -9999 -9999 -9999 -9999 -9999 -9999 -9999 -9999 -9999 -9999 -9999 -9999 -9999 -9999 -9999 -9999 -9999 -9999 -9999 -9999 -9999 -9999 -9999 1.58686655759811 1.61870402097702 1.68360757827759 1.56579744815826 1.68892769515514 1.39613284170628 1.26349902153015 0.87273296713829 1.16686627268791 1.17773209512234 1.09196048974991 1.0537054091692 1.14454016089439 1.649887830019 1.752769947052 2.19271275401115 2.06182512044907 1.71154850721359 -9999 -9999 -9999 -9999 -9999
-9999 -9999 -9999 -9999 -9999 -9999 -9999 -9999 -9999 -9999 -9999 -9999 -9999 -9999 -9999 -9999 -9999 -9999 -9999 -9999 -9999 -9999 -9999 -9999 -9999 -9999 -9999 -9999 -9999 -9999 -9999 -9999 -9999 -9999 -9999 -9999 -9999 -9999 -9999 -9999 3.35094340145588 2.01522070169449 2.03383277356625 1.91117151081562 1.71735490858555 1.42429462820292 1.33202600479126 1.22901403903961 1.31496647000313 1.09043361246586 1.14938098192215 1.37202998995781 1.7467120885849 1.82446092367172 2.03156706690788 2.36048144102097 1.88141030073166 1.91578495502472 2.00055295228958 -9999 -9999 -9999
-9999 -9999 -9999 -9999 -9999 -9999 -9999 -9999 -9999 -9999 -9999 -9999 -9999 -9999 -9999 -9999 -9999 -9999 -9999 -9999 -9999 -9999 -9999 -9999 -9999 -9999 -9999 -9999 -9999 -9999 -9999 -9999 -9999 -9999 -9999 -9999 -9999 -9999 -9999 -9999 1.93789867483653 2.79549622535706 2.25709167122841 2.17437614500523 1.93881648778915 1.61208373308182 1.52586069703102 1.40884178876877 1.38774752616882 1.39376124739647 1.2555892765522 1.404875010252 1.70473644137383 1.75337278842926 1.88787597417831 2.00037455558777 1.74473547935486 1.79218733310699 1.78088843822479 1.86945301294327 3.24448421283772 -9999
-9999 -9999 -9999 -9999 -9999 -9999 -9999 -9999 -9999 -9999 -9999 -9999 -9999 -9999 -9999 -9999 -9999 -9999 -9999 -9999 -9999 -9999 -9999 -9999 -9999 -9999 -9999 -9999 -9999 -9999 -9999 -9999 -9999 -9999 -9999 -9999 -9999 -9999 -9999 -9999 -9999 3.37707182765007 2.33346650004387 2.26787889003754 2.13291218876839 1.99126625061035 1.65307724475861 1.64216175675392 1.55129945278168 1.28002837300301 1.20145203173161 1.34196922183037 1.4777352809906 1.54460301995277 1.5937784910202 1.60542720556259 1.99756592512131 1.58849483728409 1.66984498500824 1.81146079301834 2.03885543346405 -9999
-9999 -9999 -9999 -9999 -9999 -9999 -9999 -9999 -9999 -9999 -9999 -9999 -9999 -9999 -9999 -9999 -9999 -9999 -9999 -9999 -9999 -9999 -9999 -9999 -9999 -9999 -9999 -9999 -9999 -9999 -9999 -9999 -9999 -9999 -9999 -9999 -9999 -9999 -9999 -9999 -9999 2.26122601194815 2.34732516109943 2.23114719986916 2.1013325303793 1.86242097616196 1.60288274288177 1.61528737843037 1.5779272466898 1.34876064956188 1.21927428245544 1.11253613233566 1.42865851521492 1.56144413352013 1.64405590295792 1.67517900466919 1.62984305620193 2.33642533421516 1.66971892118454 -9999 -9999 -9999
-9999 -9999 -9999 -9999 -9999 -9999 -9999 -9999 -9999 -9999 -9999 -9999 -9999 -9999 -9999 -9999 -9999 -9999 -9999 -9999 -9999 -9999 -9999 -9999 -9999 -9999 -9999 -9999 -9999 -9999 -9999 -9999 -9999 -9999 -9999 -9999 -9999 -9999 -9999 -9999 2.0768050636564 2.88680237531662 2.53323352336884 2.06354877352715 2.04682955145836 1.69506673514843 1.68943163752556 1.54263746738434 1.62453071773052 1.37291693687439 1.361223757267 1.19239349663258 1.38699151575565 1.63444429636002 1.64321994781494 1.63684952259064 1.47979547381401 -9999 -9999 2.0588384270668 2.34078902006149 2.88987743854523
-9999 -9999 -9999 -9999 -9999 -9999 -9999 -9999 -9999 -9999 -9999 -9999 -9999 -9999 -9999 -9999 -9999 -9999 -9999 -9999 -9999 -9999 -9999 -9999 -9999 -9999 -9999 -9999 -9999 -9999 -9999 -9999 -9999 -9999 -9999 -9999 -9999 -9999 -9999 2.65178516507149 2.62072789669037 2.54460000991821 2.2228182554245 2.09369301795959 1.91657829284668 1.31561923027039 1.36372500658035 1.69461378455162 1.63642765581608 1.35881589353085 1.21449673175812 1.13106223940849 1.14457239210606 1.57040095329285 1.77670252323151 1.85663616657257 1.76790672540665 1.62827628850937 1.87277019023895 1.94351845979691 1.9711207151413 2.05386829376221
-9999 -9999 -9999 -9999 -9999 -9999 -9999 -9999 -9999 -9999 -9999 -9999 -9999 -9999 -9999 -9999 -9999 -9999 -9999 -9999 -9999 -9999 -9999 -9999 -9999 -9999 -9999 -9999 -9999 -9999 -9999 -9999 -9999 -9999 -9999 -9999 -9999 -9999 -9999 2.21096672253175 1.61364305019379 2.15545329451561 1.94037341326475 1.85353302955627 1.7290318608284 1.56232237815857 1.32534527778625 1.30500787496567 1.32947480678558 1.15542262047529 1.04034074395895 1.0397115200758 1.44087673723698 1.35092201828957 1.46459922194481 1.53499656915665 1.52199304103851 1.50183069705963 1.52759099006653 1.68298119306564 1.61863732337952 1.71970278024673
-9999 -9999 -9999 -9999 -9999 -9999 -9999 -9999 -9999 -9999 -9999 -9999 -9999 -9999 -9999 -9999 -9999 -9999 -9999 -9999 -9999 -9999 -9999 -9999 -9999 -9999 -9999 -9999 -9999 -9999 -9999 -9999 -9999 -9999 -9999 -9999 -9999 -9999 2.113794028759 1.68687307834625 1.43677496910095 1.74362736940384 1.4906260818243 1.38948525488377 1.37383496761322 1.55764728784561 1.37282811105251 1.16177478432655 1.07472896575928 1.05017875134945 1.01741498708725 1.02942900359631 1.23020023107529 1.3863967359066 1.3428952395916 1.33911225199699 1.29507520794868 1.26821699738503 1.34342703223228 1.43909928202629 1.49331146478653 1.8545880317688
-9999 -9999 -9999 -9999 -9999 -9999 -9999 -9999 -9999 -9999 -9999 -9999 -9999 -9999 -9999 -9999 -9999 -9999 -9999 -9999 -9999 -9999 -9999 -9999 -9999 -9999 -9999 -9999 -9999 -9999 -9999 -9999 -9999 -9999 -9999 -9999 -9999 -9999 1.65323621034622 1.60746520757675 1.42607098817825 1.42691096663475 1.34507471323013 1.33489653468132 1.35292272269726 1.36153650283813 1.149184897542 1.04362347722054 0.842267274856567 0.843398988246918 0.983222275972366 1.09560263156891 1.24093951284885 1.33080822229385 1.28901672363281 1.21104070544243 1.21939498186111 1.22393926978111 1.26025047898293 1.3486949801445 1.50051069259644 1.64709001779556
-9999 -9999 -9999 -9999 -9999 -9999 -9999 -9999 -9999 -9999 -9999 -9999 -9999 -9999 -9999 -9999 -9999 -9999 -9999 -9999 -9999 -9999 -9999 -9999 -9999 -9999 -9999 -9999 -9999 -9999 -9999 -9999 -9999 -9999 -9999 -9999 -9999 2.54357793468695 2.23727023601532 1.62668108940125 1.65432751178741 1.4337921962142 1.19275166094303 1.20931725203991 1.32601234316826 1.3430722206831 0.848024994134903 1.00647412240505 0.969055473804474 0.929017513990402 0.924885034561157 1.15280248224735 1.08402299880981 1.21047002077103 1.21268847584724 1.16482427716255 1.15593677759171 1.19838604331017 1.24031245708466 1.26807448267937 1.37499895691872 1.60436922311783
-9999 -9999 -9999 -9999 -9999 -9999 -9999 -9999 -9999 -9999 -9999 -9999 -9999 -9999 -9999 -9999 -9999 -9999 -9999 -9999 -9999 -9999 -9999 -9999 -9999 -9999 -9999 -9999 -9999 -9999 -9999 -9999 -9999 -9999 -9999 -9999 -9999 1.92475944757462 2.04833471775055 1.67085671424866 1.64465242624283 1.14512251317501 1.06914502382278 1.11995512247086 1.14477038383484 1.09462125599384 0.859305024147034 0.885797291994095 0.921589493751526 0.933969765901566 0.952941745519638 1.06312948465347 1.23619723320007 1.15125524997711 1.10197654366493 1.10406151413918 1.12236678600311 1.0936387181282 1.098314255476 1.14779698848724 1.29329699277878 1.75610554218292
-9999 -9999 -9999 -9999 -9999 -9999 -9999 -9999 -9999 -9999 -9999 -9999 -9999 -9999 -9999 -9999 -9999 -9999 -9999 -9999 -9999 -9999 -9999 -9999 -9999 -9999 -9999 -9999 -9999 -9999 -9999 -9999 -9999 -9999 -9999 -9999 2.11134678125381 1.8388477563858 1.59097641706467 1.28241334855556 1.17989400029182 1.06477166712284 1.0339515209198 1.02271163463593 0.955509379506111 0.747587978839874 0.890588253736496 0.919559955596924 0.932720214128494 0.942609786987305 1.06454622745514 1.16964000463486 1.05810821056366 1.05646723508835 1.03409028053284 1.01521798968315 1.00105047225952 1.08451277017593 1.24155896902084 1.43205526471138 1.69924807548523 2.18473130464554
-9999 -9999 -9999 -9999 -9999 -9999 -9999 -9999 -9999 -9999 -9999 -9999 -9999 -9999 -9999 -9999 -9999 -9999 -9999 -9999 -9999 -9999 -9999 -9999 -9999 -9999 -9999 -9999 -9999 -9999 -9999 1.67700228095055 1.3717354953289 -9999 2.10493344068527 2.03722541034222 1.81509769740312 1.49226826429367 1.37601636350155 1.27318650484085 1.02820537984371 0.971974521875381 1.00428602099419 0.96679499745369 0.854360237717628 0.760724991559982 0.899737536907196 0.872954249382019 0.904211282730103 1.0088819861412 1.25264663994312 1.03227370977402 1.05050548911095 0.993003755807877 0.974543988704681 1.02425703406334 1.15123727917671 1.48280176520348 1.89903974533081 2.01790577173233 2.16553044319153 2.38041454553604
-9999 -9999 -9999 -9999 -9999 -9999 -9999 -9999 -9999 -9999 -9999 -9999 -9999 -9999 -9999 -9999 -9999 -9999 -9999 -9999 -9999 -9999 0.346259817481041 2.15747666358948 2.33160933852196 1.97876474261284 1.67211900651455 1.15458002686501 1.65178048610687 1.82139781117439 1.5714713037014 1.3300139605999 1.445516936481 0.959702968597412 0.982792496681213 1.01300248503685 1.01856896281242 0.918727487325668 1.11080700159073 1.03452600538731 0.939109459519386 0.919008359313011 0.874731346964836 0.782357610762119 0.883140027523041 0.889074772596359 0.89088374376297 0.891605257987976 0.953174293041229 1.07246097922325 1.16727975010872 1.18624725937843 1.11500403285027 1.09068596363068 1.22644579410553 1.16684925556183 1.45573353767395 1.71305698156357 2.51109327288235 -9999 -9999 -9999
-9999 -9999 -9999 -9999 -9999 -9999 -9999 -9999 -9999 -9999 -9999 -9999 -9999 -9999 -9999 -9999 -9999 -9999 -9999 -9999 -9999 -9999 1.3773795068264 1.73363511264324 0.880162507295609 1.08592170774937 0.996593391895294 1.0155037343502 2.18583351373672 1.71788373589516 1.34858447313309 1.25805899500847 0.886296004056931 0.859620720148087 0.858833223581314 0.868148267269135 0.877194732427597 0.838625282049179 0.912202522158623 0.844600483775139 0.761975973844528 0.79993200302124 0.86140613257885 0.872889742255211 1.12313550710678 0.992496728897095 0.944694042205811 1.04677802324295 1.16495400667191 1.06642949581146 1.2403139770031 1.24594196677208 1.98868238925934 2.0217060148716 2.01651796326041 -9999 -9999 -9999 -9999 -9999 -9999 -9999
-9999 -9999 -9999 -9999 -9999 -9999 -9999 -9999 -9999 -9999 -9999 -9999 -9999 -9999 -9999 -9999 -9999 -9999 -9999 0.761052401115497 2.49514963850379 2.24475654959679 1.17417222261429 0.779509328305721 0.841541990637779 0.711071997880936 1.01378249377012 1.09282086789608 1.07862974703312 0.670706257224083 0.720104992389679 0.792309790849686 0.792337507009506 0.821399956941605 0.836467534303665 0.8814517557621 0.889314740896225 0.871494010090828 0.839917480945587 0.913586989045143 1.01659123599529 0.995158150792122 1.0181864798069 1.06932297348976 1.21404451131821 1.24561125040054 1.50431022047997 1.76525330543518 1.6880644261837 1.55468286573887 1.94438939541578 -9999 -9999 -9999 -9999 -9999 -9999 -9999 -9999 -9999 -9999 -9999
-9999 -9999 -9999 -9999 -9999 -9999 -9999 -9999 -9999 -9999 -9999 -9999 -9999 -9999 -9999 -9999 -9999 2.02069448679686 8.21796883642673 11.3743086531758 8.26595351099968 4.38800972700119 0.377535760402679 0.756243757903576 0.58091589063406 0.987269259989262 1.90387608110905 2.1419939249754 1.06128412485123 0.708957016468048 0.752712786197662 0.882050961256027 1.0035562813282 1.02227702736855 1.03679323196411 1.03491148352623 0.834630042314529 0.812976747751236 0.794340044260025 0.953559726476669 1.49845951795578 1.37120175361633 1.16193974018097 0.98089724779129 1.11145949363708 1.29685199260712 1.46002203226089 1.85053503513336 1.99007177352905 1.62178841076399 2.58049418110596 -9999 -9999 -9999 -9999 -9999 -9999 -9999 -9999 -9999 -9999 -9999
-9999 -9999 -9999 -9999 -9999 -9999 -9999 -9999 -9999 -9999 -9999 -9999 -9999 -9999 4.16257452964783 1.54753531515598 1.27692262083292 6.35155510157347 0.651255771517754 0.787822544574738 0.700440019369125 0.632254511117935 1.5251490175724 1.27434597909451 0.389726981520653 1.27322924137115 1.09505479037762 0.753903776407242 0.730079993605614 0.821903228759766 0.799326002597809 0.800526022911072 0.893505781888962 0.954179227352142 1.01073378324509 1.29252371191978 1.16653802990913 0.878014504909515 0.766006529331207 1.18190172314644 1.34758722782135 1.16795548796654 1.07102698087692 1.13457146286964 1.05149173736572 1.25319001078606 1.27975049614906 1.52407425642014 1.67545580863953 1.72834230959415 2.03994543850422 2.57209243899898 -9999 -9999 -9999 -9999 -9999 -9999 -9999 -9999 -9999 -9999
-9999 -9999 -9999 -9999 -9999 -9999 -9999 -9999 -9999 -9999 -9999 0.84577486700699 0.757471283799724 28.7948782704771 15.1269279420376 4.98577934503555 3.56326566636562 4.11277249455452 0.470225259661674 1.32848951220512 1.26557204127312 1.34215835854411 1.53271722793579 1.20948971807957 1.46176689863205 1.41992810368538 0.501876756548882 0.587878480553627 0.797406792640686 0.905213981866837 0.83993849158287 0.932433038949966 1.04555252194405 1.26256424188614 1.38486671447754 1.29746550321579 0.963836252689362 0.792844533920288 0.767859041690826 0.752982705831528 1.02198895812035 1.06079024076462 1.15305823087692 1.2240329682827 1.1664847433567 1.09452822804451 1.11738297343254 1.2929767370224 1.70088976621628 1.63710898160934 1.52444994449615 -9999 -9999 -9999 -9999 -9999 3.56117680142092 4.2356024980545 4.51617085933685 5.62645483016968 8.0495080947876 -9999
-9999 -9999 -9999 -9999 -9999 -9999 -9999 -9999 -9999 0.929901033639908 0.886474419098634 4.09889988228679 5.84331470355392 3.66894709691405 2.54594358801842 2.69286253675818 1.86032590270042 1.44467058777809 1.35604910552502 1.31479726731777 1.25279550254345 1.30162350833416 1.46604305505753 1.39087910950184 1.43049189448357 0.438872247934341 0.558127507567406 0.792233973741531 1.03397020697594 1.28046977519989 1.13387095928192 1.07713723182678 1.39074897766113 1.29844951629639 1.45012047886848 1.38760578632355 1.12258422374725 1.07059201598167 0.984807014465332 1.05182701349258 1.03911450505257 1.02689248323441 1.19165253639221 1.26775047183037 1.26002472639084 0.995159983634949 1.01897996664047 1.13307523727417 1.19217225909233 1.22096925973892 1.30205252766609 1.43800503015518 1.65866553783417 2.47164549257444 1.55334895849228 1.54811918735504 1.59719395637512 1.82296872138977 2.09700608253479 2.7922859787941 4.52960407733917 -9999
-9999 -9999 -9999 -9999 -9999 5.88448861241341 2.30181962996721 2.08178696036339 0.813144028186798 3.42327144742012 1.93211776390672 2.02835562452674 2.1621653996408 1.6795702278614 1.57463210821152 1.52627854049206 1.52066516876221 1.30657276511192 1.21749566495419 1.23685799539089 1.16519473493099 1.3547460436821 1.77934916317463 1.64643113315105 1.55307751893997 0.564274504780769 0.776995539665222 0.75721201300621 0.915938973426819 1.37371426820755 1.40620279312134 1.61973291635513 1.29383772611618 1.37307751178741 1.21171796321869 1.34421676397324 1.4534062743187 0.970722019672394 0.909220486879349 0.863080501556396 0.849401235580444 1.13007152080536 1.17187723517418 1.2924727499485 1.42373102903366 1.15527150034904 1.1931277513504 1.1526945233345 1.10546922683716 1.14205428957939 1.25667598843575 1.37180551886559 1.54985475540161 1.53383857011795 1.55956417322159 1.581802546978 1.51035672426224 1.63861727714539 1.7940314412117 2.06111025810242 2.28983098268509 2.3736652135849
-9999 -9999 -9999 -9999 -9999 0.746389478445053 1.36264425516129 1.88266915082932 1.64860278367996 1.64588660001755 2.00595147907734 1.57641600072384 1.65069034695625 1.52224767208099 1.51557822525501 1.31176427006721 1.22106483578682 1.13188196718693 1.39381612837315 0.895943999290466 1.20577499270439 1.24180872738361 1.38873222470284 1.32483378052711 0.772499978542328 0.849271506071091 0.785565733909607 0.887938499450684 0.917939275503159 1.15585497021675 1.77670419216156 1.59934133291245 1.42583021521568 1.3357994556427 1.31142675876617 1.48782750964165 1.16276103258133 1.41775050759315 0.801645040512085 0.848241001367569 0.970487236976624 0.944582998752594 1.24047526717186 1.30382850766182 1.30821079015732 1.17368254065514 1.47809699177742 1.31137275695801 1.09985402226448 1.03694772720337 1.20432302355766 1.26557251811028 1.28193372488022 1.31748077273369 1.40557649731636 1.48091474175453 1.46028220653534 1.42135950922966 1.68563407659531 1.85961002111435 2.06699019670486 2.13813525438309
-9999 -9999 -9999 -9999 -9999 1.56094314157963 1.30918800830841 0.838632792234421 0.942512959241867 1.41049271821976 1.65835350751877 1.65672755241394 1.63559621572495 1.42225947976112 1.11549559235573 1.09052400290966 1.12127964198589 0.28592249751091 1.02215699851513 0.612485244870186 1.04024590551853 1.09049974381924 1.21988815069199 0.831571519374847 0.804476290941238 0.78747296333313 0.944668471813202 1.32922428846359 1.47178128361702 1.58232754468918 1.42621654272079 1.47018304467201 1.4427997469902 1.4386867582798 1.99796479940414 1.83475345373154 1.80865269899368 1.84991472959518 1.33849346637726 0.985374748706818 1.09238997101784 0.991311728954315 1.10764127969742 1.25138774514198 1.15514329075813 1.16594928503036 1.30382171273232 1.20962396264076 1.13703525066376 1.04363098740578 1.04285028576851 1.10351926088333 1.05797025561333 1.12453570961952 1.2111442387104 1.18144127726555 1.18377900123596 1.21696051955223 1.32198598980904 1.84220767021179 2.21297854185104 2.44443529844284
-9999 -9999 -9999 -9999 -9999 1.466368496418 1.54729717969894 1.46301904320717 1.58335268497467 1.62999451160431 1.89194333553314 1.54527229070663 1.66671967506409 1.68863475322723 1.9519402384758 0.995336249470711 1.03991514444351 1.02572552114725 0.738042756915092 1.16861397027969 1.61815792322159 2.48555248975754 1.33194521069527 0.721195489168167 0.815676033496857 0.841381520032883 1.15985628962517 1.56383407115936 1.6274887919426 1.61038202047348 1.51375418901443 1.60134905576706 1.66194891929626 1.94397819042206 2.12981468439102 1.61842203140259 1.76422655582428 1.92348593473434 1.57339721918106 0.867608249187469 0.915949523448944 0.757968753576279 1.00180953741074 1.21905747056007 1.32994052767754 1.30406472086906 1.30543801188469 1.36198201775551 1.42200297117233 1.35639676451683 1.2204187810421 0.938070774078369 0.975308239459991 1.04110953211784 1.14830553531647 1.42090728878975 1.38149929046631 1.38817575573921 1.50693297386169 2.45201396942139 2.86558502912521 2.89724707603455
-9999 -9999 -9999 -9999 -9999 1.40116873383522 1.41938853263855 1.40691527724266 1.60331171751022 1.50009369850159 1.25845125317574 1.21410673856735 1.47802501916885 1.06461453437805 1.25985896587372 1.14205500483513 1.28928673267365 0.914266526699066 0.756438732147217 1.00942799448967 0.808360487222672 1.34286823868752 1.51910626888275 1.86800135672092 1.59301793575287 1.2506759762764 1.33874103426933 1.4546617269516 1.46184897422791 1.58216625452042 1.41781577467918 1.48450353741646 1.80162531137466 1.87405353784561 2.35271483659744 1.92924892902374 2.4204922914505 1.7902792096138 1.19942852854729 0.761678963899612 0.75770777463913 0.795823484659195 1.04194870591164 1.11603453755379 1.28288921713829 1.1944597363472 1.33263829350471 1.41132974624634 1.44536545872688 1.29367429018021 1.08590027689934 0.939539283514023 1.00550696253777 1.22723695635796 1.55180847644806 1.75621944665909 1.74091583490372 1.6996808052063 1.84964847564697 2.28573757410049 2.75530725717545 2.6259434223175
