EcologicalScience/Bass/data/rs_data_bass/chl_398.asc
NCOLS 226 
NROWS 124 
XLLCORNER -9.41648524995501 
YLLCORNER 47.587301625531 
CELLSIZE 0.0833 
NODATA_value -9999 
[rows 0 to 26 of 124, columns 62 to 123 of 226]
-9999 -9999 -9999 -9999 -9999 -9999 -9999 -9999 -9999 -9999 -9999 -9999 -9999 -9999 -9999 -9999 -9999 -9999 -9999 -9999 -9999 -9999 -9999 -9999 -9999 -9999 -9999 -9999 -9999 -9999 -9999 -9999 -9999 -9999 -9999 -9999 -9999 -9999 -9999 -9999 -9999 -9999 -9999 -9999 -9999 -9999 -9999 -9999 -9999 -9999 -9999 -9999 -9999 -9999 -9999 -9999 -9999 -9999 -9999 -9999 -9999 -9999
-9999 -9999 -9999 -9999 -9999 -9999 -9999 -9999 -9999 -9999 -9999 -9999 -9999 -9999 -9999 -9999 -9999 -9999 -9999 -9999 -9999 -9999 -9999 -9999 -9999 -9999 -9999 -9999 -9999 -9999 -9999 -9999 -9999 -9999 -9999 -9999 -9999 -9999 -9999 -9999 -9999 -9999 -9999 -9999 -9999 -9999 -9999 -9999 -9999 -9999 -9999 -9999 -9999 -9999 -9999 -9999 -9999 -9999 -9999 -9999 -9999 -9999
-9999 -9999 -9999 -9999 -9999 -9999 -9999 -9999 -9999 -9999 -9999 -9999 -9999 -9999 -9999 -9999 -9999 -9999 -9999 -9999 -9999 -9999 -9999 -9999 -9999 -9999 -9999 -9999 -9999 -9999 -9999 -9999 -9999 -9999 -9999 -9999 -9999 -9999 -9999 -9999 -9999 -9999 -9999 -9999 -9999 -9999 -9999 -9999 -9999 -9999 -9999 -9999 -9999 -9999 -9999 -9999 -9999 -9999 -9999 -9999 -9999 -9999
-9999 -9999 -9999 -9999 -9999 -9999 -9999 -9999 -9999 -9999 -9999 -9999 -9999 -9999 -9999 -9999 -9999 -9999 -9999 -9999 -9999 -9999 -9999 -9999 -9999 -9999 -9999 -9999 -9999 -9999 -9999 -9999 -9999 -9999 -9999 -9999 -9999 -9999 -9999 -9999 -9999 -9999 -9999 -9999 -9999 -9999 -9999 -9999 -9999 -9999 -9999 -9999 -9999 -9999 -9999 -9999 -9999 -9999 -9999 -9999 -9999 -9999
-9999 -9999 -9999 -9999 -9999 -9999 -9999 -9999 -9999 -9999 -9999 -9999 -9999 -9999 -9999 -9999 -9999 -9999 -9999 -9999 -9999 -9999 -9999 -9999 -9999 -9999 -9999 -9999 -9999 -9999 -9999 -9999 -9999 -9999 -9999 -9999 -9999 -9999 -9999 -9999 -9999 -9999 -9999 -9999 -9999 -9999 -9999 -9999 -9999 -9999 -9999 -9999 -9999 -9999 -9999 -9999 -9999 -9999 -9999 -9999 -9999 -9999
-9999 -9999 -9999 -9999 -9999 -9999 -9999 -9999 -9999 -9999 -9999 -9999 -9999 -9999 -9999 -9999 -9999 -9999 -9999 -9999 -9999 -9999 -9999 -9999 -9999 -9999 -9999 -9999 0.63735419511795 1.35010565175627 1.07568150758743 1.2656190097332 1.30884379148483 0.902219630777836 0.816915392875671 0.53999850153923 0.597660005092621 0.645958498120308 0.611109003424644 0.584837257862091 0.539581507444382 0.504968985915184 0.532752737402916 0.558159738779068 0.601004987955093 0.565938010811806 0.567898482084274 0.545274004340172 0.541385248303413 0.51665697991848 0.495900750160217 0.394978478550911 0.366047255694866 0.307629749178886 0.287232756614685 0.292256243526936 0.282240003347397 0.259531505405903 0.214818008244038 0.392056491225958 0.387048382312059 0.391108497977257
-9999 -9999 -9999 -9999 -9999 -9999 -9999 -9999 -9999 -9999 -9999 -9999 -9999 -9999 -9999 -9999 -9999 -9999 -9999 -9999 -9999 -9999 -9999 -9999 -9999 -9999 1.18186515569687 1.0627324283123 1.69865012168884 1.22366327047348 0.858104288578033 0.745265990495682 0.480567008256912 0.881423614919186 0.823313981294632 0.488910734653473 0.554691731929779 0.518367737531662 0.515577748417854 0.524898737668991 0.517959013581276 0.516358494758606 0.529062017798424 0.545515492558479 0.525431245565414 0.56682376563549 0.56020125746727 0.568132504820824 0.529171496629715 0.512950479984283 0.444335997104645 0.313230000436306 0.31301399320364 0.311521500349045 0.306097492575645 0.278322748839855 0.282077260315418 0.264611251652241 0.251248508691788 0.440241381525993 0.429989621043205 0.429796144366264
-9999 -9999 -9999 -9999 -9999 -9999 -9999 -9999 -9999 -9999 -9999 -9999 -9999 -9999 -9999 -9999 -9999 -9999 -9999 -9999 -9999 -9999 -9999 -9999 -9999 -9999 1.18186515569687 4.24118706583977 2.73173201084137 0.699163511395454 0.687598496675491 1.01031446456909 0.788043737411499 0.567483767867088 0.547769263386726 0.574877992272377 0.57751952111721 0.564969018101692 0.551927983760834 0.534286513924599 0.563687235116959 0.51580873131752 0.526048511266708 0.456246748566628 0.455115750432014 0.446030259132385 0.405350267887115 0.377533480525017 0.444848254323006 0.384753003716469 0.359010010957718 0.379616260528564 0.360946498811245 0.549335986375809 0.529680378735065 0.496171496808529 0.491060614585876 0.271716758608818 0.259977757930756 0.239536508917809 0.222557991743088 0.423286870121956
-9999 -9999 -9999 -9999 -9999 -9999 -9999 -9999 -9999 -9999 -9999 -9999 -9999 -9999 -9999 -9999 -9999 -9999 -9999 -9999 -9999 -9999 -9999 -9999 -9999 -9999 8.38858577609062 2.34167468547821 2.34265208244324 0.818680465221405 1.83889353275299 1.77408367395401 1.04620948433876 0.491154760122299 0.560966983437538 0.602450251579285 0.621744766831398 0.59280900657177 0.619529262185097 0.579395234584808 0.530180990695953 0.529314011335373 0.487045481801033 0.454662010073662 0.440770491957664 0.398151755332947 0.401732236146927 0.403496235609055 0.421409994363785 0.417357757687569 0.417275995016098 0.391378507018089 0.358711503446102 0.326304003596306 0.295299746096134 0.284143500030041 0.480755254626274 0.494976371526718 0.481268249452114 0.29934073984623 0.295165501534939 0.267027743160725
-9999 -9999 -9999 -9999 -9999 -9999 -9999 -9999 -9999 -9999 -9999 -9999 -9999 -9999 -9999 -9999 -9999 -9999 -9999 -9999 -9999 -9999 -9999 -9999 -9999 1.19121462106705 2.70525366067886 1.91727894544601 2.19329702854156 2.20607024431229 1.23188589513302 1.22602352499962 1.01007601618767 0.603306770324707 0.730071768164635 0.787094235420227 0.827999264001846 0.691724985837936 0.612574517726898 0.539756253361702 0.505707755684853 0.505236759781837 0.485859766602516 0.467505767941475 0.47307376563549 0.48605851829052 0.456105753779411 0.427455738186836 0.428657233715057 0.436203762888908 0.411470264196396 0.372553490102291 0.353109754621983 0.544663891196251 0.532157242298126 0.508903875946999 0.346780501306057 0.359927996993065 0.314906246960163 0.306245259940624 0.286467745900154 0.292479000985622
-9999 -9999 -9999 -9999 -9999 -9999 -9999 -9999 -9999 -9999 -9999 -9999 -9999 -9999 -9999 -9999 -9999 -9999 -9999 -9999 -9999 -9999 -9999 -9999 -9999 2.35379505157471 1.98443004488945 1.16596012562513 1.0802590996027 1.11938998103142 1.16647727787495 1.00293861329556 0.456844478845596 0.561350271105766 0.739060521125793 0.871886998414993 0.728684261441231 0.653534978628159 0.618641272187233 0.585558012127876 0.550139978528023 0.509148761630058 0.50170424580574 0.480792000889778 0.479054242372513 0.525483772158623 0.587641507387161 0.534536987543106 0.480807736515999 0.481264516711235 0.456294000148773 0.414140984416008 0.490764744579792 0.54722061753273 0.56275724619627 0.543235883116722 0.370347753167152 0.420851245522499 0.365552254021168 0.36523725092411 0.350664742290974 0.373201489448547
-9999 -9999 -9999 -9999 -9999 -9999 -9999 -9999 -9999 -9999 -9999 -9999 -9999 -9999 -9999 -9999 -9999 -9999 -9999 -9999 -9999 -9999 -9999 -9999 1.31647038459778 3.1166997551918 2.03760948777199 1.16710850596428 0.899338006973267 1.17704214155674 0.46697174012661 0.705073490738869 0.904781967401505 0.885905206203461 0.788368463516235 0.90631502866745 0.807976484298706 0.646349251270294 0.591278269886971 0.546901479363441 0.527405261993408 0.562071740627289 0.522718504071236 0.505691260099411 0.532632753252983 0.585024744272232 0.758790761232376 0.672673478722572 0.649435490369797 0.644110500812531 0.456830978393555 0.458455123007298 0.477707996964455 0.534797631204128 0.460382983088493 0.45424573123455 0.428403005003929 0.43137900531292 0.447105020284653 0.402680978178978 0.405126750469208 0.424051478505135
-9999 -9999 -9999 -9999 -9999 -9999 -9999 -9999 -9999 -9999 -9999 -9999 -9999 -9999 -9999 -9999 -9999 -9999 -9999 -9999 -9999 -9999 -9999 1.50594073534012 1.2617534995079 1.88349039852619 1.59902885556221 1.2513269931078 0.558237746357918 0.664187997579575 0.782138228416443 0.874129503965378 0.76919549703598 0.858867019414902 0.872925728559494 0.928082227706909 0.74507774412632 0.633204728364944 0.625973269343376 0.577523231506348 0.548991769552231 0.573472514748573 0.547503769397736 0.537115484476089 0.580664992332458 0.584079757332802 0.558587998151779 0.591766521334648 0.560182482004166 0.541594505310059 0.599753245711327 0.456807732582092 0.580991238355637 0.530085772275925 0.491547748446465 0.440692484378815 0.434369266033173 0.426818266510963 0.457664251327515 0.484839767217636 0.492064520716667 0.487500742077827
-9999 -9999 -9999 -9999 -9999 -9999 -9999 -9999 -9999 -9999 -9999 -9999 -9999 -9999 -9999 -9999 -9999 -9999 -9999 -9999 -9999 -9999 2.57788036465645 6.56148707866669 1.73585468530655 2.43029397726059 1.63391929864883 1.48333646357059 0.851327955722809 0.952878713607788 0.996434211730957 0.772906512022018 0.751827031373978 0.696123003959656 0.754506021738052 0.863260477781296 0.719892740249634 0.663796484470367 0.622675493359566 0.647156998515129 0.613689735531807 0.645909771323204 0.597870737314224 0.669510751962662 0.637157991528511 0.649504512548447 0.632281512022018 0.645171761512756 0.620490744709969 0.626680478453636 0.633500263094902 0.622778981924057 0.596940010786057 0.573308989405632 0.512353509664536 0.404801979660988 0.584054611623287 0.567897744476795 0.584089860320091 0.506160736083984 0.569584518671036 0.437718763947487
-9999 -9999 -9999 -9999 -9999 -9999 -9999 -9999 -9999 -9999 -9999 -9999 -9999 -9999 -9999 -9999 -9999 -9999 -9999 -9999 2.64602583646774 2.19961105087862 2.86134499311447 2.71567529439926 2.08337241411209 1.8379830121994 1.1961404979229 1.47510901093483 1.53628045320511 1.45489203929901 1.11808651685715 1.04407954216003 0.860140532255173 0.697315514087677 0.655095756053925 0.737849235534668 0.659991011023521 0.62687323987484 0.61694473028183 0.595433995127678 0.572310000658035 0.607023015618324 0.650997743010521 0.668492987751961 0.588789001107216 0.556809738278389 0.644454762339592 0.664913266897202 0.688050001859665 0.672991499304771 0.680518493056297 0.607791021466255 0.615414753556252 0.568624511361122 0.525359228253365 0.490682244300842 0.607167363166809 0.606949500739574 0.585873372852802 0.580711126327515 0.561194613575935 0.546913124620914
-9999 -9999 -9999 -9999 -9999 -9999 -9999 -9999 -9999 -9999 -9999 -9999 -9999 -9999 -9999 -9999 -9999 -9999 -9999 -9999 2.33081315917081 1.70420774817467 2.52427226305008 2.24663174152374 1.6252965182066 1.17080998420715 1.06595626473427 1.2318075299263 1.22513097524643 1.19402924180031 1.30125752091408 1.23265501856804 0.936530292034149 0.791792213916779 0.6939637362957 0.702389985322952 0.690078735351562 0.644105270504951 0.644395485520363 0.620349749922752 0.535074010491371 0.576868504285812 0.577389746904373 0.549691513180733 0.557038486003876 0.529583260416985 0.606446251273155 0.665991738438606 0.683844745159149 0.677370741963387 0.653227508068085 0.634823262691498 0.585769504308701 0.543599992990494 0.534836992621422 0.594207733869553 0.624214500188828 0.621226496994495 0.580149762332439 0.53794913738966 0.497855253517628 0.514669127762318
-9999 -9999 -9999 -9999 -9999 -9999 -9999 -9999 -9999 -9999 -9999 -9999 -9999 -9999 -9999 -9999 -9999 -9999 -9999 14.4673856198788 2.04960519075394 1.43123924732208 1.38780972361565 1.04523977637291 1.27758899331093 1.218875259161 0.953423291444778 0.965808033943176 1.1408077776432 1.13629576563835 1.14600822329521 1.11046278476715 1.13878574967384 1.06477573513985 0.766537517309189 0.684332236647606 0.666757509112358 0.65954701602459 0.698703020811081 0.618303000926971 0.572550013661385 0.557441979646683 0.557946011424065 0.548389479517937 0.530829727649689 0.518288254737854 0.588484480977058 0.616025984287262 0.688909515738487 0.667584747076035 0.602811008691788 0.548694759607315 0.507380247116089 0.458989486098289 0.433140009641647 0.428483247756958 0.390249744057655 0.582519739866257 0.541856624186039 0.538317739963531 0.501781862229109 0.507065981626511
-9999 -9999 -9999 -9999 -9999 -9999 -9999 -9999 -9999 -9999 -9999 -9999 -9999 -9999 -9999 -9999 -9999 -9999 11.7952060103416 9.87435388565063 7.34267485141754 1.79847300052643 1.67782133817673 1.37617045640945 1.03916028141975 1.1079675257206 1.07176047563553 0.85986453294754 0.893047481775284 0.906896978616714 0.888013511896133 0.932484716176987 0.912916481494904 0.817017763853073 0.711286514997482 0.688567489385605 0.712664991617203 0.752430707216263 0.776382744312286 0.69657826423645 0.620378986001015 0.580516487360001 0.581693261861801 0.583278000354767 0.566968515515327 0.547804489731789 0.563676729798317 0.566627249121666 0.580445230007172 0.566204980015755 0.501386985182762 0.478054493665695 0.434487015008926 0.42646649479866 0.430745244026184 0.413781747221947 0.383259728550911 0.392875492572784 0.563809879124165 0.520901262760162 0.520789861679077 0.512459993362427
-9999 -9999 -9999 -9999 -9999 -9999 -9999 -9999 -9999 -9999 -9999 -9999 -9999 -9999 -9999 -9999 -9999 36.6574970256386 12.4277252554893 3.40211176872253 3.05485260486603 1.06798124313354 1.02918148040771 1.00378721952438 0.896435290575027 0.908686459064484 0.891798734664917 0.846789747476578 0.896119505167007 0.895362764596939 0.869375288486481 0.807637542486191 0.796584784984589 0.794223010540009 0.764140516519547 0.774903774261475 0.696345761418343 0.683817744255066 0.780945003032684 0.764795243740082 0.668714985251427 0.626400008797646 0.610725000500679 0.611769005656242 0.599175006151199 0.578232005238533 0.515841007232666 0.526214987039566 0.516501009464264 0.5235975086689 0.52427177131176 0.465877488255501 0.394059732556343 0.600323617458344 0.441826522350311 0.40057048201561 0.357889495790005 0.316204503178596 0.305074498057365 0.311952754855156 0.316526256501675 0.506513625383377
-9999 -9999 -9999 -9999 -9999 -9999 -9999 -9999 -9999 -9999 -9999 -9999 -9999 -9999 -9999 -9999 -9999 -9999 -9999 2.48824256658554 1.85605645179749 1.18899750709534 0.955529987812042 0.918157517910004 0.974768221378326 1.00331926345825 0.965870261192322 0.938681244850159 0.923570215702057 0.89640149474144 0.833761543035507 0.836651265621185 0.728208750486374 0.750136524438858 0.713555261492729 0.76012122631073 0.646055996417999 0.679496258497238 0.672726005315781 0.636378765106201 0.648101270198822 0.632774993777275 0.623454004526138 0.602263480424881 0.600555002689362 0.600548252463341 0.585214510560036 0.583262979984283 0.53499148786068 0.542022004723549 0.54799573123455 0.518155485391617 0.499433979392052 0.457878738641739 0.368271008133888 0.314057260751724 0.313484251499176 0.321742504835129 0.354066744446754 0.397986754775047 0.361275002360344 0.296211004257202
-9999 -9999 -9999 -9999 -9999 -9999 -9999 -9999 -9999 -9999 -9999 -9999 -9999 -9999 -9999 42.8713127374649 4.29566616361791 10.1830483950101 3.5243661403656 2.52123141288757 2.71432882547379 1.45587077736855 1.33475178480148 1.25528848171234 1.22899049520493 1.08901646733284 1.04091972112656 0.955187290906906 0.794157743453979 0.796551793813705 0.73903951048851 0.785673022270203 0.764340788125992 0.764132291078568 0.770585238933563 0.718599736690521 0.681259498000145 0.619853228330612 0.585567757487297 0.596393242478371 0.591075763106346 0.581116497516632 0.591683238744736 0.587249234318733 0.554194495081902 0.559224754571915 0.627275258302689 0.619049236178398 0.599453240633011 0.581688746809959 0.561518982052803 0.441499873995781 0.471030510962009 0.393486008048058 0.379518002271652 0.317898005247116 0.322493255138397 0.42628875374794 0.374919757246971 0.34128749370575 0.305033259093761 0.327210009098053
-9999 -9999 -9999 -9999 -9999 -9999 -9999 -9999 -9999 -9999 35.2986888885498 35.2986888885498 13.7248649597168 32.8694461584091 19.5510363578796 8.23867678642273 6.399169921875 5.29728591442108 2.28698551654816 2.04321599006653 1.84178173542023 1.62191927433014 1.29904872179031 1.23375222086906 1.33428597450256 1.196682035923 1.00062900781631 0.879319489002228 0.79010546207428 0.687563270330429 0.594121500849724 0.551475003361702 0.654729008674622 0.632560506463051 0.555717006325722 0.579223483800888 0.576853483915329 0.488591998815536 0.375088512897491 0.487117499113083 0.478904262185097 0.504235491156578 0.542481735348701 0.58866673707962 0.582804769277573 0.573832511901855 0.577583983540535 0.594066739082336 0.548942998051643 0.535772994160652 0.492693766951561 0.547428756952286 0.504530735313892 0.409594506025314 0.383628755807877 0.339900746941566 0.37075649946928 0.406932771205902 0.539498269557953 0.484836772084236 0.457725740969181 0.443211000412703
-9999 -9999 -9999 -9999 -9999 -9999 -9999 -9999 -9999 -9999 35.2986888885498 13.4774757027626 4.7403518812997 15.6123251914978 19.4925413131714 17.6794981956482 13.3000102043152 7.1550805876332 2.77787430245097 4.28833436965942 3.20110881328583 2.10460424423218 0.995825260877609 0.895159542560577 1.23136800527573 1.103735268116 0.869177967309952 0.782942265272141 0.730513483285904 0.678361505270004 0.707611486315727 1.01728874444962 0.390978008508682 0.987882390618324 0.8365144059062 0.544158741831779 0.536973729729652 0.522784486413002 0.405260235071182 0.468337520956993 0.495624750852585 0.489165768027306 0.524955734610558 0.538029000163078 0.535571247339249 0.536384984850883 0.552089989185333 0.514896735548973 0.475106254220009 0.45830100774765 0.434187769889832 0.449940741062164 0.421641021966934 0.419774249196053 0.437541738152504 0.533798977732658 0.487543478608131 0.40039949119091 0.567895486950874 0.591956242918968 0.568885870277882 0.554740123450756
-9999 -9999 -9999 -9999 -9999 -9999 -9999 -9999 -9999 -9999 -9999 -9999 6.52998986840248 26.7121847697667 16.7082415989467 48.503290108272 -9999 -9999 -9999 -9999 -9999 -9999 1.82166713476181 1.1198542714119 2.10882818698883 2.12791568040848 0.904430240392685 0.728704512119293 0.655877262353897 0.662208750844002 0.53948101401329 0.806499391794205 0.228648751974106 0.630754485726357 0.854166030883789 0.576294735074043 0.524649739265442 0.463520228862762 0.452188521623611 0.491065487265587 0.521848484873772 0.549962997436523 0.553982242941856 0.588963747024536 0.513034477829933 0.552166521549225 0.547988265752792 0.521834269165993 0.451628252863884 0.441775515675545 0.414636746048927 0.428205013275146 0.503929495811462 0.544362768530846 0.523131743073463 0.588453009724617 0.708628490567207 0.650535017251968 0.571569755673409 0.673968002200127 0.613045513629913 0.495184510946274
-9999 -9999 -9999 -9999 -9999 -9999 -9999 -9999 -9999 -9999 -9999 -9999 -9999 16.6274771690369 16.6274771690369 16.6274771690369 -9999 -9999 -9999 -9999 -9999 -9999 4.94490551948547 4.94490551948547 4.94490551948547 0.308659605681896 2.27642101049423 1.47207677364349 0.718063518404961 0.674585267901421 0.585610494017601 0.889213487505913 0.690393760800362 0.620567232370377 0.574580982327461 0.584718748927116 0.557835012674332 0.644270986318588 0.676953747868538 0.499070271849632 0.460534483194351 0.333231747150421 1.31376622617245 1.64217630028725 1.26279148459435 2.0913593173027 1.51507794857025 0.648033007979393 0.517629012465477 0.487168505787849 0.515228256583214 0.48846597969532 0.451797768473625 0.514193996787071 0.560206487774849 0.722520768642426 0.766472965478897 0.714199483394623 0.732392236590385 0.773168228566647 0.826918870210648 0.667857013642788
-9999 -9999 -9999 -9999 -9999 -9999 -9999 -9999 -9999 -9999 -9999 -9999 -9999 -9999 -9999 -9999 -9999 -9999 -9999 -9999 -9999 -9999 -9999 -9999 -9999 -9999 1.98343262076378 1.70749282836914 2.18490529060364 1.34589672088623 0.89810773730278 0.84757125377655 0.824983477592468 0.836321979761124 0.689600229263306 0.60631500184536 0.746472001075745 3.39198088645935 0.49788598716259 0.497852995991707 0.880668729543686 1.4533297419548 1.8950811624527 1.53060293197632 2.04634201526642 2.33574002981186 3.11515581607819 1.91140794754028 1.5334267616272 1.39962297677994 1.07807323336601 0.892151266336441 0.486749991774559 0.7005735039711 0.723726019263268 0.967215031385422 0.878239542245865 0.769115209579468 1.9476652443409 2.00938348472118 1.95790879428387 1.47162902355194
-9999 -9999 -9999 -9999 -9999 -9999 -9999 -9999 -9999 -9999 -9999 -9999 -9999 -9999 -9999 -9999 -9999 -9999 -9999 -9999 -9999 -9999 -9999 -9999 -9999 -9999 -9999 3.45867391287441 6.48161602020264 1.57531428337097 0.798033714294434 0.880052983760834 0.981647998094559 1.14765152335167 0.76661628484726 0.70923225581646 0.774533987045288 0.886528462171555 0.562925979495049 3.17222960293293 5.25418795645237 0.326795250177383 2.38937509059906 1.58095568418503 1.05564299225807 0.904983043670654 0.75164321064949 3.48905861377716 2.23352551460266 2.61514645814896 2.13287705183029 1.99566596746445 2.0212020277977 2.23930871486664 1.19743421673775 1.24466478824615 1.06650745868683 4.39259925484657 5.81166914105415 4.97627690434456 4.298344373703 3.83128613233566
