EcologicalScience/Bass/data/rs_data_bass/chl_319.asc
NCOLS 226 
NROWS 124 
XLLCORNER -9.41648524995501 
YLLCORNER 47.587301625531 
CELLSIZE 0.0833 
NODATA_value -9999 
[rows 54 to 80 of 124, columns 124 to 185 of 226]
2.44015276432037 2.31778907775879 2.11125493049622 2.10352230072021 2.50562351090567 1.92316299676895 1.99784553050995 2.2382652759552 2.18520402908325 1.9999692440033 1.69678026437759 1.75210052728653 1.71730226278305 1.90663832426071 1.81765121221542 1.75896847248077 1.62437123060226 1.44578403234482 3.38786735442968 3.17752922498263 2.94353772585209 2.61828761375867 2.6545278613384 2.37129940894934 2.34814968934426 2.21928369998932 2.2878987468206 2.35618157111681 2.48216901375697 2.59970586116497 2.65170935484079 2.6643391755911 2.7593295115691 2.57070999879103 2.44673527204073 2.36898235174326 2.21899598836899 2.16368925571442 2.74481460681328 2.73999502108647 2.63691437244415 2.46015093876765 2.31408245746906 3.00169243812561 2.51070062013773 2.373553111003 2.4113760132056 2.31778371334076 2.41546164240156 3.44672808051109 3.92647996544838 7.31455899238586 7.58427691459656 8.58730244636536 8.2255232334137 11.1660210153331 10.3428129553795 16.3532721812908 11.2461938414463 13.2125896415454 7.45174319444302 -9999
2.78732049465179 2.62827157974243 2.39576423168182 2.32238721847534 2.29362547397614 2.28503632545471 2.27001953125 2.37192952632904 2.23504096269608 2.05876100063324 2.06612199544907 2.0085186958313 4.18756516621663 2.25947417531695 1.82213526964188 1.71936070919037 1.61320525407791 1.97201131071363 1.9842672433172 3.30678751835456 3.37286329727906 1.94805811132703 3.19283549143718 2.4820728302002 2.55879808664322 2.56149516105652 2.63114831080803 2.95919892421136 3.07099664211273 3.0046112537384 2.76485249629387 2.81118513987615 2.7142585515976 2.58227499631735 2.48078502141512 2.38535672884721 2.40169495802659 2.44424040500934 2.46407304360316 2.41133787081792 2.34303389145778 2.28077826591638 2.09057776286052 3.13300838470459 3.63879292011261 3.65942986011505 2.69948841844286 3.16019347735814 2.90782129764557 5.71881773892571 6.4902731180191 9.19387674331665 7.78858160972595 7.10593170278213 7.00809288024902 8.14996790885925 10.5720698833466 -9999 -9999 -9999 -9999 -9999
2.87006258964539 2.76932299137115 2.71931684017181 2.54088020324707 2.48893320560455 2.45689630508423 2.42082440853119 2.93768753324236 2.65928394453866 2.14566195011139 2.0447872877121 1.94206404685974 3.57822489738464 2.10302799940109 2.06446163994925 1.69449722766876 1.96544707672937 2.0286677139146 2.11314444882529 5.74407466099812 2.05661381666477 2.42514672279358 2.52847833633423 2.83902394771576 3.12265300750732 2.96996562480926 3.22957332317646 2.81123485565186 3.02941304903764 3.00214378650372 2.68472261612232 2.61640837559333 2.62133701031025 2.61046008880322 2.53064219768231 2.39565994647833 2.34136207745625 2.3188068316533 2.21226006746292 2.06162231243574 2.10969327504818 2.0469459937169 2.15530393673823 3.4698117017746 4.31792870759964 4.76222813129425 5.04668944022235 3.6309561603558 11.5128705501556 6.56324601173401 5.0797015786171 6.99562182426453 7.7961234042519 6.7856228351593 -9999 -9999 -9999 -9999 -9999 -9999 -9999 -9999
3.11935698986053 2.9825747013092 2.96432423591614 2.87279307842255 2.72507274150848 2.59238600730896 2.48836100101471 2.30316805839539 2.10420823097229 2.0014945268631 1.97308617830276 2.0713546872139 2.0419704914093 2.41292437485286 2.2504939351763 2.24108832223075 2.16167396306992 2.14180604900633 2.18549338408879 2.3475798368454 2.11809081756152 2.17120178846213 2.94904596805573 3.04948568344116 3.34409358501434 3.40518926657163 3.29344764122596 2.96497156620026 2.75828226713034 2.76575924799993 2.56431726308969 2.55647731744326 2.62040687524355 2.55282255319449 2.51078865161309 2.43210753569236 2.30310429976537 2.18318565075214 2.0052972986148 1.94546941610483 1.99211829900742 1.95959128783299 2.09075859876779 2.4865956902504 2.72628395374005 4.95047011375427 5.58514342588537 5.77932211674682 5.6755975484848 7.52560411966764 7.49752686573909 8.40820926427841 8.02567573597557 -9999 -9999 -9999 -9999 -9999 -9999 -9999 -9999 -9999
3.48711383342743 4.26418513518113 3.42737090587616 3.33875548839569 3.29670524597168 3.10107624530792 2.609654545784 2.37859201431274 2.25310456752777 2.18090724945068 1.99076026678085 2.27302081244332 2.31837318624769 2.54599336215428 2.41120954922267 7.03775288508489 2.71221108095986 2.56085290227618 2.50241119521005 2.4246483360018 2.76471695899963 3.87609727566059 3.77050635447869 3.08038425445557 2.62180878434862 2.7457583120891 3.07241829542013 2.74456388216752 2.54597202631143 2.52156373170706 2.48858227179601 2.4816245665917 2.52537907086886 2.57000607710618 2.35487970939049 2.31902380173023 2.21609262778209 2.00634994873634 1.8382893204689 1.95700631233362 1.9359534061872 1.92187986924098 2.30434656143188 2.83702455117152 3.04917952647576 4.22401491333457 6.71335871877341 11.5597340583801 15.6733921255384 6.67672565350166 8.14169421562782 8.05925455460182 52.2703084945679 -9999 -9999 -9999 -9999 -9999 -9999 -9999 -9999 -9999
-9999 5.28655433654785 5.93474292755127 3.78865337371826 3.65433871746063 3.75934767723083 3.05436420440674 2.70353102684021 2.59205460548401 2.47244226932526 2.34225046634674 2.15578353404999 2.10763305425644 2.19753581285477 2.20579934120178 2.2581582069397 2.49047347477504 3.16911907196045 3.27515299320221 3.37783481393542 3.14601256166186 3.26249969005585 2.85877474716731 2.9722261599132 3.06660001277924 2.95698421001434 2.79763671068045 2.5412436907108 2.41607998884641 2.33406257629395 2.35682933147137 2.3617353118383 2.34805711874595 2.34433045754066 2.24963916723545 2.31182015859164 2.12800921385105 2.01129942215406 2.08310881486306 1.88609195214051 1.83229836592307 1.96397137641907 3.26764948092974 3.46645103051112 3.17913549286979 -9999 9.00446224212646 10.9264173140893 33.6979700497219 10.2485546043941 15.1450698457915 48.6586046218872 37.001949603741 44.4717721939087 -9999 -9999 -9999 -9999 -9999 -9999 -9999 -9999
-9999 -9999 -9999 -9999 -9999 2.28387522697449 3.83752548694611 3.6876939535141 3.33059370517731 2.9500025510788 5.07904367263501 2.29209089279175 2.2517329454422 2.15096354484558 2.38996624946594 1.95103642870398 1.97311518472784 2.30041576834286 2.66866756186766 2.7874228182961 3.27678384099688 3.38586423397064 3.42144620418549 3.29571688175201 3.34162151813507 2.86124908924103 2.57485798689035 2.43500232696533 2.26011300086975 2.18010291227928 2.2172634601593 2.19109516877394 2.16916707845835 2.11207272456243 2.18553189589427 2.21818173848666 2.02875873217216 1.95807918218466 1.89442142156454 1.82971366552206 1.83501095955188 2.38834981276439 4.10802055780704 6.03221698907705 3.55398028237479 17.0262954975795 -9999 -9999 -9999 -9999 42.7863589014326 54.2803108692169 36.247505562646 27.2481455273098 -9999 -9999 -9999 -9999 -9999 -9999 -9999 -9999
-9999 -9999 -9999 -9999 -9999 -9999 -9999 -9999 3.87278592586517 2.66994595527649 4.25229980796576 3.64263114562401 2.98886929239546 2.22226148843765 3.01028573513031 2.73253665651594 2.72342409406389 2.39023240874795 2.71202010617537 2.96156863371531 2.68774950504303 2.51912929614385 2.44888818264008 3.38894643783569 3.44449927806854 2.50970160044157 2.42177730340224 2.34735532907339 2.21912744412055 2.08608852899992 2.04377254155966 1.99759574119861 1.97849505681258 2.03328441656553 2.10827334110553 2.02363330584306 1.97050585655066 1.86598398135259 1.89354432546175 1.99801288659756 2.17228574477709 2.388897726169 2.90575879812241 3.63737041609628 8.47939269925341 29.0682649612427 -9999 -9999 -9999 -9999 17.548882484436 33.5262560503823 15.7426044676039 43.475967502594 13.5659844325139 18.4028210639954 -9999 -9999 -9999 -9999 -9999 -9999
-9999 -9999 -9999 -9999 -9999 -9999 -9999 -9999 -9999 -9999 3.65240112634806 3.46236756869725 3.88123847888066 3.3602762562888 2.93561327457428 2.94979572296143 2.68858963251114 2.61749839782715 2.8040359094739 2.99263184948971 2.67108827515652 2.49815289597762 2.43437256311115 2.81125130653381 2.60557594299316 2.51620254391118 2.20891755446792 2.36413236764761 2.16400042863993 2.09660692856862 1.95185479292503 1.82019601876919 1.80734793497966 1.93976845649573 1.9907022026869 2.03867468008628 1.92223214644652 1.90480513297595 2.03173599793361 2.24608750985219 2.49856080458714 2.30246387078212 4.46407541206905 4.84760762751102 12.5867969214338 -9999 -9999 -9999 -9999 -9999 -9999 -9999 9.5096250990542 19.675949960947 31.1505317687988 28.3911322525569 10.8786277770996 -9999 -9999 -9999 -9999 -9999
-9999 -9999 -9999 -9999 -9999 -9999 -9999 -9999 -9999 4.3704868555069 3.69765283380236 3.47756578241076 3.57573652267456 3.0323371887207 2.9662252664566 3.52908207689013 3.377809882164 3.71766736507416 3.12648618221283 2.9945113829204 2.59483463513224 2.29432410001755 2.20573448141416 2.21339810887972 2.23229070504506 2.39794626361445 2.14212967367733 2.1062479650273 1.92805382083444 2.13595415078677 1.81162805282153 1.7551473058187 1.66986303146069 1.8332504263291 1.94771970693882 2.00877166711367 1.97076121660379 1.93767323860755 2.24950304856667 2.42538158710186 2.71556540635916 2.85597329873305 4.59315761498043 4.77278242260218 19.562181913737 33.0447750091553 -9999 -9999 -9999 10.7134055269176 13.564182334476 14.2844420671463 16.2305208883787 16.6612513661385 16.4645112991333 13.1475708961487 18.1801564847269 -9999 -9999 -9999 -9999 -9999
-9999 -9999 -9999 -9999 -9999 -9999 -9999 -9999 -9999 -9999 4.26268694950984 3.71564519405365 3.54988723141806 3.78588279656001 4.02093974181584 3.95883653845106 3.94306898117065 3.7131381716047 3.2286052942276 1.9221454177584 2.89025382995605 2.52962572951066 2.38135123880286 2.17842479546865 2.16484256585439 2.2630713080105 2.23638175924619 1.81834433759962 1.58846864104271 1.55470333993435 1.455556422472 1.41975618685995 1.6412337238972 1.74563511976829 1.87473106384277 1.92214854405477 1.87945891802128 1.87096254642193 2.01515657626666 2.23519607690664 2.65916295234974 3.50154078923739 3.02996706962585 4.9911015734953 8.34809931389336 -9999 -9999 -9999 -9999 -9999 14.4803454979606 47.7245097756386 28.8524189829826 22.3481766700745 29.1372567625607 -9999 -9999 -9999 -9999 -9999 -9999 -9999
-9999 -9999 -9999 -9999 -9999 -9999 -9999 -9999 -9999 3.67937564849854 4.80103254318237 3.96373514028696 3.57408983890827 3.99552696091788 4.12079536914825 4.22497650555202 4.24942481517792 4.21773224217551 3.50038034915924 2.69618020738874 2.93512582778931 2.86749815940857 2.32124458174957 2.06978871006715 2.07262276975732 2.15609510948783 1.75896910205483 1.95271825790405 1.6717626111848 1.57941621116229 1.50578282347747 1.72341190393154 1.73931113114724 1.76330255545103 1.83906362606929 1.91926992856539 1.9327399959931 1.98254279906933 1.93309627587979 2.26012372970581 3.68145270006997 3.61151387010302 3.25319067069462 6.27879204101933 3.86466658115387 -9999 -9999 -9999 -9999 -9999 20.8282567463564 40.8458647727966 38.9171048104763 -9999 -9999 -9999 -9999 -9999 -9999 -9999 -9999 -9999
-9999 -9999 -9999 -9999 -9999 -9999 -9999 -9999 -9999 7.89133248329163 4.89795732498169 4.41483688354492 4.76846173831395 4.51168962887355 4.55419084003993 4.31573014599936 3.66265434878213 3.58390780857631 2.96768060752324 2.94756419318063 2.8292578799384 2.69224548339844 2.50211191177368 2.25861760548183 2.19965417044503 2.07099253790719 2.01091547523226 1.90894176959991 1.73450825764583 1.60306494052594 1.57652867757357 1.71172560178317 1.78918741299556 1.85216720746114 1.9674800496835 2.1304623897259 2.20101295984708 2.45119970578414 3.03048604268294 3.033347093142 3.1051022364543 3.46754888125828 2.13017976880074 9.79396668336924 3.86466693878174 -9999 -9999 -9999 -9999 12.1949715614319 -9999 -9999 -9999 -9999 -9999 -9999 -9999 -9999 -9999 -9999 -9999 -9999
-9999 -9999 -9999 -9999 -9999 -9999 -9999 -9999 -9999 5.49064660072327 4.72175478935242 4.34418164766752 4.33459133368272 4.28759977450738 4.44121594088418 3.89414748123714 3.22982183524541 3.17153114931924 3.04592871665955 3.04545899799892 2.70408838135856 2.38369708401816 2.21918565886361 2.20746156999043 2.211012840271 2.09190492970603 2.01057069642203 1.85107431241444 1.61318582296371 1.6756133712255 1.71681415117704 1.52620983123779 1.93003030465199 2.01596672718342 2.05573551012919 2.1716027030578 2.67864859562654 3.03871581646112 2.91787711473612 2.82821577787399 2.91484228464273 4.11692478656769 6.51961538186714 -9999 -9999 -9999 -9999 -9999 -9999 -9999 -9999 -9999 -9999 -9999 -9999 -9999 -9999 -9999 -9999 -9999 -9999 -9999
-9999 -9999 -9999 -9999 -9999 -9999 -9999 -9999 -9999 4.92974662780762 4.71718645095825 4.69700954510615 4.71421205080473 4.00613173154684 4.20024612971715 3.96402275562286 3.41578991072518 3.05769656385694 2.92233799185072 2.73094005244119 2.44532464231764 2.21321720736367 1.39816951751709 2.244403558118 2.03555169472328 2.04962703159877 1.92696493864059 1.78531868117196 1.8616675053324 1.76989974425389 1.77940607070923 1.79516501937594 1.22186276316643 1.23988175392151 2.10089005873753 2.46730500918168 2.82153257956872 2.92330491542816 2.81420862216216 2.79352454038767 4.97398407459259 4.78873504576136 10.947664808078 -9999 -9999 -9999 -9999 -9999 -9999 -9999 -9999 -9999 -9999 -9999 -9999 -9999 -9999 -9999 -9999 -9999 -9999 -9999
-9999 -9999 -9999 -9999 -9999 -9999 -9999 3.28386068344116 4.55000782012939 4.6633243560791 4.69477224349976 4.50661897659302 4.36613669762245 3.77184481804187 3.82399570941925 3.61721767698015 3.40663070338113 2.97662815025875 2.74190722193037 2.45867606571742 2.29471316507884 2.24757566622325 2.19632897206715 2.22611909253257 2.19946787187031 1.93632221680421 1.55383424575512 1.59232237705818 1.73357482139881 1.8083978341176 1.97400771720069 2.02551114100676 2.03850698012572 1.29201298952103 1.28862324357033 2.79667583533696 1.92752099495668 3.01043573447636 2.67546792213733 2.86026838192573 16.2462693360245 5.69786846637726 3.25656187534332 -9999 -9999 -9999 -9999 -9999 -9999 -9999 -9999 -9999 -9999 -9999 -9999 -9999 -9999 -9999 -9999 -9999 -9999 -9999
-9999 -9999 -9999 -9999 -9999 -9999 5.29934034347534 4.78946661032163 4.782654102032 4.01985534337851 3.59415217006908 4.5096818116995 4.27119904298049 3.8434385061264 3.36861828395299 3.22670352458954 3.13967488493238 2.74430864197867 2.59293641362871 2.38782901423318 2.31288232122149 2.2455507516861 2.20468699080603 2.16863953215735 2.09082057646343 2.07753853287016 1.66741813604648 1.92275182689939 2.06335084778922 2.11390187910625 1.63271428530033 2.09134032176091 2.20832028755775 2.07382370875432 2.89650447552021 3.2936595082283 3.45390972069332 3.42341504778181 3.03834516661508 -9999 -9999 -9999 -9999 -9999 -9999 -9999 -9999 -9999 -9999 -9999 -9999 -9999 -9999 -9999 -9999 -9999 -9999 -9999 -9999 -9999 -9999 -9999
-9999 -9999 -9999 -9999 3.57632442120394 4.08657155882928 4.69218167891869 4.75824908109812 6.23444294929504 4.11333714998685 3.93450618707217 4.02196947427896 4.19716317313058 3.71981334686279 3.30083385535649 2.93043504442487 2.80214621339525 2.37402696792896 2.23410279475726 2.20386347403893 2.22302149874823 1.85979018303064 1.86262974830774 1.84386773751332 1.83259745286061 1.83996506837698 1.84257536668044 2.06819734403065 1.92116751579138 1.96395345376088 2.48948935951505 2.42973790718959 2.06949651241302 3.10672831535339 2.97175378065843 3.43402647972107 3.75994393700048 6.19338166967351 -9999 -9999 -9999 -9999 -9999 -9999 -9999 -9999 -9999 -9999 -9999 -9999 -9999 -9999 -9999 -9999 -9999 -9999 -9999 -9999 -9999 -9999 -9999 -9999
-9999 -9999 -9999 -9999 3.97605776041746 4.52847656607628 4.70555024880629 4.56666560356434 6.20569932460785 4.05882563957801 3.91059084121998 4.07614363942827 3.77372585024152 3.3450345652444 3.01040487630027 2.79906693526677 2.77197590896061 2.42244258948735 2.28957499776568 2.20110304866518 2.03856953552791 1.90899873631341 1.78646550728725 1.49746149778366 1.43118900060654 1.83739113807678 2.09571605003797 2.19393366116744 2.20343026289573 2.05268281698227 2.13945949077606 2.17502748966217 2.2786870598793 2.28804898262024 3.48289975098201 3.61182863371713 6.26312361160914 -9999 -9999 -9999 -9999 -9999 -9999 -9999 -9999 -9999 -9999 -9999 -9999 -9999 -9999 -9999 -9999 -9999 -9999 -9999 -9999 -9999 -9999 -9999 -9999 -9999
-9999 43.3988027093131 4.60321419469772 3.19579791321474 5.0069216966629 4.42854179785802 4.52087980050307 4.43405405374674 4.01954159369835 4.11225184372493 3.8779376915523 3.7862936598914 3.6101610149656 3.33459535666874 3.1863146679742 2.86409497261047 2.4156676871436 2.37149926594325 2.27056802170617 2.10381674766541 1.97597579445158 2.18408042192459 1.78114998340607 1.7102797627449 10.6984263062477 2.06854781737694 1.89325052499771 2.01424753665924 2.03512805700302 2.31403630971909 2.36152583360672 2.36823844909668 2.40507280826569 2.33066177368164 6.85592200445092 7.70590531826019 -9999 -9999 -9999 -9999 -9999 -9999 -9999 -9999 -9999 -9999 -9999 -9999 -9999 -9999 -9999 -9999 -9999 -9999 -9999 -9999 -9999 -9999 -9999 -9999 -9999 -9999
5.36418326497078 5.71595902442932 4.09928977489471 4.92555258671443 4.97843263699458 4.55996129145989 4.41253286141616 4.61740295703594 4.19749408501845 4.15067713077252 3.8408066715513 3.4372946364539 3.36858788558415 3.18725574016571 2.86027724402291 2.37852885041918 2.24717453547886 2.13261115550995 2.08339918511254 2.0202979190009 2.07257713590349 2.06846896239689 2.16485220193863 2.42967306650602 1.97376543283463 2.034783244133 2.06222724914551 2.10494297742844 2.22037273645401 2.57764077186584 2.57377421855927 2.88315522670746 2.52663761377335 -9999 -9999 -9999 -9999 -9999 -9999 -9999 -9999 -9999 -9999 -9999 -9999 -9999 -9999 -9999 -9999 -9999 -9999 -9999 -9999 -9999 -9999 -9999 -9999 -9999 -9999 -9999 -9999 -9999
7.18160940068109 6.18292546272278 5.47196124150203 4.95584277006296 4.55057212939629 4.67435874388768 4.52996462125045 3.93796406342433 4.03823749835675 3.84268506673666 3.43458892617907 3.19503286906651 3.39770630427769 3.12399157455989 2.62549776690347 2.56913678986686 2.11963107756206 2.01449778250286 1.87120173069147 1.84987268081078 2.04000410863331 1.99627684354782 2.08186941146851 1.89659076929092 1.94558572769165 2.06980752944946 2.20999377965927 2.26926696300507 2.61862850189209 2.85435843467712 4.39594382899148 5.0009115764073 3.8798307455503 9.11798755480693 8.37132576533726 6.56548541242426 -9999 -9999 -9999 -9999 -9999 -9999 -9999 -9999 -9999 -9999 -9999 -9999 -9999 -9999 -9999 -9999 -9999 -9999 -9999 -9999 -9999 -9999 -9999 -9999 -9999 -9999
5.4799562050746 4.85689539175767 4.48573994636536 4.73969597999866 4.80366870073172 4.27458443091466 3.85190231983478 3.73434142883007 3.68456079278673 3.53622012478965 3.43799870354789 3.09972100598471 3.18403714043754 2.83091844831194 2.61766857760293 2.42683630330222 1.75268873998097 1.84925482364801 1.91282828037555 1.9582223708813 1.91100429296494 2.06044770479202 2.33117924286769 2.58700622045077 2.61999961963067 2.1111347079277 2.26197475194931 2.42498779296875 3.68608301419478 4.54694122076035 5.95519028027852 -9999 -9999 -9999 -9999 -9999 -9999 -9999 -9999 -9999 -9999 -9999 -9999 -9999 -9999 -9999 -9999 -9999 -9999 -9999 -9999 -9999 -9999 -9999 -9999 -9999 -9999 -9999 -9999 -9999 -9999 -9999
4.96326351165771 5.00027132034302 5.16131103955782 4.54573689057277 4.4516013952402 4.15308369123019 3.99352265321291 3.73482340115767 3.96562391061049 4.14190813473293 3.14200345107487 2.79754778317043 2.81491306849888 2.61349263361522 2.29252568313054 1.72296833140509 1.77212908438274 1.77291584014893 2.10173935615099 2.15823526107348 2.11230874913079 2.44814310755048 2.60685733386448 2.60758339900237 3.220280451434 2.36304718255997 2.37543773651123 3.7298827381695 4.5562099814415 4.89517174959183 4.45747393369675 4.16057052612305 -9999 -9999 -9999 -9999 -9999 -9999 39.1760017836272 12.6942715644836 -9999 -9999 -9999 -9999 -9999 -9999 -9999 -9999 -9999 -9999 -9999 -9999 -9999 -9999 -9999 -9999 -9999 -9999 -9999 -9999 -9999 -9999
4.93191349506378 4.88160121440887 4.89399552345276 4.74425412927355 4.57424970049607 4.67427107004019 4.91009402275085 3.92062656696026 4.12461933067867 3.40855755124773 2.49357525791441 2.11676193135125 2.04374106441225 2.13346233538219 1.94472198486328 1.85750716924667 1.86956480741501 1.94460198970941 2.08108132619124 2.32025981866396 2.74714128460203 2.60626678807395 2.77818716423852 2.91342236995697 3.12499955892563 3.51966144056881 3.50079530828139 3.77146056890488 4.29466819763184 4.07073295116425 4.22623512779709 3.42093944549561 -9999 -9999 -9999 -9999 -9999 -9999 -9999 -9999 -9999 -9999 -9999 -9999 -9999 -9999 -9999 -9999 -9999 -9999 -9999 -9999 -9999 -9999 -9999 -9999 -9999 -9999 -9999 -9999 -9999 -9999
-9999 -9999 -9999 -9999 -9999 4.31305436084145 4.09545826911926 3.98498070240021 4.04193990571158 2.04961752891541 1.77515923976898 1.7552598118782 1.92747948850904 2.00333330460957 1.74761527776718 1.84583292007446 1.90537182773863 2.13390300365595 2.17744496693978 2.47490756852286 2.58579443182264 2.80642234427588 2.86337600946426 3.3192191362381 3.54427862167358 4.37881801128387 -9999 -9999 -9999 -9999 -9999 -9999 -9999 -9999 -9999 -9999 -9999 -9999 -9999 -9999 -9999 -9999 -9999 -9999 -9999 -9999 -9999 -9999 -9999 -9999 -9999 -9999 -9999 -9999 -9999 -9999 -9999 -9999 -9999 -9999 -9999 -9999
-9999 -9999 -9999 -9999 -9999 -9999 3.65848803520203 3.00730550289154 2.37638050317764 1.78512692451477 1.61444973945618 1.69391477108002 1.93207842111588 2.06817276988711 1.83987468481064 2.28393949781145 2.15043256964002 2.34678414038249 2.3710189972605 2.54089576005936 2.82912191748619 3.0299421787262 3.17338927984238 3.083704695469 -9999 -9999 -9999 -9999 -9999 -9999 -9999 -9999 -9999 -9999 -9999 -9999 -9999 -9999 -9999 -9999 -9999 -9999 -9999 -9999 -9999 -9999 -9999 -9999 -9999 -9999 -9999 -9999 -9999 -9999 -9999 -9999 -9999 -9999 -9999 -9999 -9999 -9999
