EcologicalScience/Bass/data/rs_data_bass/chl_284.asc
NCOLS 226 
NROWS 124 
XLLCORNER -9.41648524995501 
YLLCORNER 47.587301625531 
CELLSIZE 0.0833 
NODATA_value -9999 
[rows 54 to 80 of 124, columns 0 to 61 of 226]
-9999 -9999 -9999 -9999 -9999 -9999 -9999 -9999 -9999 -9999 -9999 -9999 -9999 -9999 -9999 -9999 -9999 -9999 -9999 -9999 -9999 -9999 -9999 -9999 -9999 -9999 -9999 -9999 -9999 -9999 -9999 -9999 -9999 -9999 -9999 -9999 -9999 -9999 5.07293010850352 2.72576469182968 2.59718781709671 2.36470717191696 2.02452832460403 1.84249502420425 1.86931425333023 1.88312548398972 1.76828026771545 1.66969352960587 1.49590721726418 1.41141602396965 1.49229902029037 1.55221045017242 1.80331420898438 2.15380346775055 2.41753721237183 2.61643731594086 2.69473958015442 2.79642748832703 -9999 0.607058599591255 0.62790758907795 2.10241252896578
-9999 -9999 -9999 -9999 -9999 -9999 -9999 -9999 -9999 -9999 -9999 -9999 -9999 -9999 -9999 -9999 -9999 -9999 -9999 -9999 -9999 -9999 -9999 -9999 -9999 -9999 -9999 -9999 -9999 -9999 -9999 -9999 -9999 -9999 -9999 -9999 -9999 -9999 -9999 2.55670577287674 2.60432481765747 2.43926095962524 2.14693719148636 2.20784997940063 2.01731622219086 1.9089623093605 1.67663329839706 1.62600606679916 1.78316849470139 1.35767322778702 1.33197078108788 1.45978501439095 1.93048202991486 2.18435257673264 2.42623883485794 2.55586355924606 2.84923428297043 2.43479025363922 -9999 -9999 -9999 -9999
-9999 -9999 -9999 -9999 -9999 -9999 -9999 -9999 -9999 -9999 -9999 -9999 -9999 -9999 -9999 -9999 -9999 -9999 -9999 -9999 -9999 -9999 -9999 -9999 -9999 -9999 -9999 -9999 -9999 -9999 -9999 -9999 -9999 -9999 -9999 -9999 -9999 -9999 -9999 -9999 2.59505099058151 2.48240625858307 2.20152068138123 2.2912260890007 2.3869634270668 2.1679875254631 2.07838422060013 2.04823118448257 1.98361122608185 1.87066268920898 1.40393096208572 1.55508452653885 1.8349814414978 2.04552233219147 2.25530469417572 2.71326076984406 2.78180998563766 2.46017771959305 2.02148964007695 -9999 -9999 -9999
-9999 -9999 -9999 -9999 -9999 -9999 -9999 -9999 -9999 -9999 -9999 -9999 -9999 -9999 -9999 -9999 -9999 -9999 -9999 -9999 -9999 -9999 -9999 -9999 -9999 -9999 -9999 -9999 -9999 -9999 -9999 -9999 -9999 -9999 -9999 -9999 -9999 -9999 -9999 -9999 2.77896004915237 2.53419828414917 2.38288056850433 2.45168405771255 2.42467349767685 2.39403820037842 2.2355010509491 2.23149526119232 2.19323927164078 2.14094316959381 1.5571117401123 1.57315796613693 1.73007595539093 1.85390549898148 2.04103428125381 2.07462304830551 2.19072818756104 2.2109466791153 2.2110555768013 2.11895781755447 1.84494377428026 -9999
-9999 -9999 -9999 -9999 -9999 -9999 -9999 -9999 -9999 -9999 -9999 -9999 -9999 -9999 -9999 -9999 -9999 -9999 -9999 -9999 -9999 -9999 -9999 -9999 -9999 -9999 -9999 -9999 -9999 -9999 -9999 -9999 -9999 -9999 -9999 -9999 -9999 -9999 -9999 -9999 -9999 2.97805720567703 2.55899620056152 2.53729355335236 2.52026617527008 2.36150318384171 2.26526480913162 2.26504504680634 2.23318791389465 1.94465392827988 1.68067198991776 1.55922156572342 1.69417941570282 1.77775275707245 1.86401778459549 1.89470851421356 2.12977194786072 2.11836075782776 2.12978249788284 1.97467643022537 1.65259927511215 -9999
-9999 -9999 -9999 -9999 -9999 -9999 -9999 -9999 -9999 -9999 -9999 -9999 -9999 -9999 -9999 -9999 -9999 -9999 -9999 -9999 -9999 -9999 -9999 -9999 -9999 -9999 -9999 -9999 -9999 -9999 -9999 -9999 -9999 -9999 -9999 -9999 -9999 -9999 -9999 -9999 -9999 3.27852916717529 2.86022919416428 2.74087429046631 2.58903443813324 2.4139552116394 2.36824125051498 2.02973932027817 1.99771875143051 1.81245678663254 1.6234964132309 1.58589971065521 1.77671778202057 1.89529716968536 2.0609393119812 2.14525866508484 2.2319061756134 2.26609057188034 2.22572100162506 1.63124101947654 -9999 -9999
-9999 -9999 -9999 -9999 -9999 -9999 -9999 -9999 -9999 -9999 -9999 -9999 -9999 -9999 -9999 -9999 -9999 -9999 -9999 -9999 -9999 -9999 -9999 -9999 -9999 -9999 -9999 -9999 -9999 -9999 -9999 -9999 -9999 -9999 -9999 -9999 -9999 -9999 -9999 -9999 3.28939640522003 3.50804471969604 3.25563991069794 2.67378598451614 2.53785002231598 2.20453655719757 2.07959246635437 2.13313275575638 1.74297308921814 1.69566607475281 1.61353433132172 1.64637458324432 1.82965582609177 2.09502750635147 2.18364679813385 2.21885704994202 2.31289941072464 -9999 -9999 5.54903697967529 4.20892649888992 4.43306824564934
-9999 -9999 -9999 -9999 -9999 -9999 -9999 -9999 -9999 -9999 -9999 -9999 -9999 -9999 -9999 -9999 -9999 -9999 -9999 -9999 -9999 -9999 -9999 -9999 -9999 -9999 -9999 -9999 -9999 -9999 -9999 -9999 -9999 -9999 -9999 -9999 -9999 -9999 -9999 3.06114828586578 3.58048582077026 3.30290186405182 2.95932447910309 2.54526007175446 2.15427142381668 1.81492120027542 1.8178169131279 1.92116099596024 1.70963019132614 1.64055973291397 1.62014919519424 1.69604855775833 1.7829726934433 2.04776841402054 2.26380908489227 2.05188024044037 2.44438344240189 2.2136482000351 2.10024333000183 2.89595818519592 2.41384273767471 3.23365679383278
-9999 -9999 -9999 -9999 -9999 -9999 -9999 -9999 -9999 -9999 -9999 -9999 -9999 -9999 -9999 -9999 -9999 -9999 -9999 -9999 -9999 -9999 -9999 -9999 -9999 -9999 -9999 -9999 -9999 -9999 -9999 -9999 -9999 -9999 -9999 -9999 -9999 -9999 -9999 2.5374464392662 3.11171936988831 2.89241480827332 2.45605194568634 1.99099051952362 1.82746428251266 1.61458718776703 1.6525416970253 1.61597245931625 1.57832998037338 1.47516676783562 1.58058750629425 1.66391319036484 1.76567101478577 1.85083651542664 2.07388722896576 2.03825622797012 2.00482499599457 1.84657126665115 1.90172481536865 2.40150904655457 2.21728491783142 2.28907352685928
-9999 -9999 -9999 -9999 -9999 -9999 -9999 -9999 -9999 -9999 -9999 -9999 -9999 -9999 -9999 -9999 -9999 -9999 -9999 -9999 -9999 -9999 -9999 -9999 -9999 -9999 -9999 -9999 -9999 -9999 -9999 -9999 -9999 -9999 -9999 -9999 -9999 -9999 2.795101583004 2.68352776765823 2.80496549606323 2.43218475580215 2.01728028059006 1.67537927627563 1.52095645666122 1.50574278831482 1.5106612443924 1.51493471860886 1.51930797100067 1.46015176177025 1.57627201080322 1.65729153156281 1.80446469783783 1.78932827711105 1.63041007518768 1.72484993934631 1.5823500752449 1.65879142284393 1.8270674943924 2.13554102182388 2.13192826509476 2.26079177856445
-9999 -9999 -9999 -9999 -9999 -9999 -9999 -9999 -9999 -9999 -9999 -9999 -9999 -9999 -9999 -9999 -9999 -9999 -9999 -9999 -9999 -9999 -9999 -9999 -9999 -9999 -9999 -9999 -9999 -9999 -9999 -9999 -9999 -9999 -9999 -9999 -9999 -9999 2.16134995222092 2.4572759270668 2.4426029920578 2.03700077533722 1.63812893629074 1.41444745659828 1.31563201546669 1.36295172572136 1.39955699443817 1.40941348671913 1.3650127351284 1.3473809659481 1.3445760011673 1.50561368465424 1.68360900878906 1.55346894264221 1.44429078698158 1.43854200839996 1.42524075508118 1.52152794599533 1.72220474481583 1.8735945224762 2.16198152303696 2.18910455703735
-9999 -9999 -9999 -9999 -9999 -9999 -9999 -9999 -9999 -9999 -9999 -9999 -9999 -9999 -9999 -9999 -9999 -9999 -9999 -9999 -9999 -9999 -9999 -9999 -9999 -9999 -9999 -9999 -9999 -9999 -9999 -9999 -9999 -9999 -9999 -9999 -9999 3.48146267393802 2.33479428291321 2.15080726146698 1.92689770460129 1.77051901817322 1.41588154435158 1.24694100022316 1.17579826712608 1.20882225036621 1.23675227165222 1.31936627626419 1.3454715013504 1.33356446027756 1.35635250806808 1.37698870897293 1.44135975837708 1.36838775873184 1.2810532450676 1.34769147634506 1.43000927567482 1.45351651310921 1.59282374382019 1.6912522315979 1.96419525146484 2.38718694448471
-9999 -9999 -9999 -9999 -9999 -9999 -9999 -9999 -9999 -9999 -9999 -9999 -9999 -9999 -9999 -9999 -9999 -9999 -9999 -9999 -9999 -9999 -9999 -9999 -9999 -9999 -9999 -9999 -9999 -9999 -9999 -9999 -9999 -9999 -9999 -9999 -9999 2.10544270277023 2.35367631912231 1.97166377305984 1.74078226089478 1.51848220825195 1.29047173261642 1.08385196328163 1.10255777835846 1.15132203698158 1.17975229024887 1.28910076618195 1.37116652727127 1.37692496180534 1.38288000226021 1.27539753913879 1.35248395800591 1.30012571811676 1.28522703051567 1.32035100460052 1.37247222661972 1.35611101984978 1.46103975176811 1.66497373580933 1.93867653608322 2.05612206459045
-9999 -9999 -9999 -9999 -9999 -9999 -9999 -9999 -9999 -9999 -9999 -9999 -9999 -9999 -9999 -9999 -9999 -9999 -9999 -9999 -9999 -9999 -9999 -9999 -9999 -9999 -9999 -9999 -9999 -9999 -9999 -9999 -9999 -9999 -9999 -9999 2.35413068532944 2.21186095476151 2.21174919605255 1.76354920864105 1.49456253647804 1.23753073811531 1.0487017929554 1.09169098734856 1.05970045924187 1.12667852640152 1.21118545532227 1.2929775416851 1.3916557431221 1.44360825419426 1.42525953054428 1.34929499030113 1.3712249994278 1.35156825184822 1.37968647480011 1.39245826005936 1.43447998166084 1.55520522594452 1.69854891300201 1.86943942308426 1.89114600419998 1.94459849596024
-9999 -9999 -9999 -9999 -9999 -9999 -9999 -9999 -9999 -9999 -9999 -9999 -9999 -9999 -9999 -9999 -9999 -9999 -9999 -9999 -9999 -9999 -9999 -9999 -9999 -9999 -9999 -9999 -9999 -9999 -9999 1.05609002709389 1.46848350763321 -9999 2.10493344068527 2.56649538874626 1.89459770917892 1.70829302072525 1.60877180099487 1.47135302424431 1.19738101959229 1.0008359849453 0.985199242830276 1.03808999061584 1.0512832403183 1.17099899053574 1.25684925913811 1.28584876656532 1.24194824695587 1.34154000878334 1.48379552364349 1.52525550127029 1.52270168066025 1.47039225697517 1.49507403373718 1.59956842660904 1.70794576406479 1.95635855197906 2.15307891368866 2.23902672529221 2.15900248289108 2.50917828083038
-9999 -9999 -9999 -9999 -9999 -9999 -9999 -9999 -9999 -9999 -9999 -9999 -9999 -9999 -9999 -9999 -9999 -9999 -9999 -9999 -9999 -9999 0.346259817481041 1.57460618019104 1.56111681461334 1.75945955514908 1.85968798398972 1.94155794382095 1.96022933721542 1.52178454399109 1.27044975757599 1.30886846780777 1.38857173919678 1.46357703208923 1.59049719572067 1.60446220636368 1.56608927249908 1.35533925890923 1.16077575087547 1.04255175590515 0.948066025972366 0.890738993883133 0.922924518585205 0.999057769775391 1.0154977440834 1.18034702539444 1.22103828191757 1.2527482509613 1.30980974435806 1.55885016918182 1.59655648469925 1.64886081218719 1.72289550304413 1.88012033700943 1.90718472003937 1.93513208627701 2.22970944643021 2.06192851066589 5.32938433219405 -9999 -9999 -9999
-9999 -9999 -9999 -9999 -9999 -9999 -9999 -9999 -9999 -9999 -9999 -9999 -9999 -9999 -9999 -9999 -9999 -9999 -9999 -9999 -9999 -9999 1.39459803700447 1.51511406898499 1.33328774571419 1.28558778762817 1.2581752538681 1.35441371798515 1.46246328949928 1.49238896369934 1.27571099996567 1.21045875549316 1.2061792910099 1.44111675024033 1.27391695976257 1.13137203454971 1.03698527812958 0.876944214105606 0.877848029136658 0.866511762142181 0.837969034910202 0.904121965169907 0.936021745204926 1.00756046175957 1.08297300338745 1.21402126550674 1.44902774691582 1.56756752729416 1.68730795383453 1.72511172294617 1.8500736951828 1.80484342575073 1.99620366096497 2.2724107503891 1.68939676880836 -9999 -9999 -9999 -9999 -9999 -9999 -9999
-9999 -9999 -9999 -9999 -9999 -9999 -9999 -9999 -9999 -9999 -9999 -9999 -9999 -9999 -9999 -9999 -9999 -9999 -9999 2.74292413087992 1.60364556312561 1.51521223783493 1.22768551111221 1.12807872891426 1.1759939789772 1.0725060403347 1.02554699778557 1.06471502780914 1.18313026428223 1.22610229253769 1.0923772752285 0.938333988189697 0.915772497653961 0.883899003267288 0.873224973678589 0.836738258600235 0.771264016628265 0.767555236816406 0.773563474416733 0.763588517904282 0.751977771520615 0.778585463762283 0.903219044208527 0.962332516908646 1.10173121094704 1.31200647354126 1.7541030049324 1.90362828969955 1.9726334810257 1.84698897600174 1.58833578228951 -9999 -9999 -9999 -9999 -9999 -9999 -9999 -9999 -9999 -9999 -9999
-9999 -9999 -9999 -9999 -9999 -9999 -9999 -9999 -9999 -9999 -9999 -9999 -9999 -9999 -9999 -9999 -9999 1.76052367687225 1.39808177947998 1.25680124759674 1.18536078929901 1.11678671836853 0.920036226511002 0.849087774753571 0.866483956575394 0.830208778381348 0.953967779874802 1.06103923916817 1.16280224919319 1.17855897545815 0.830543965101242 0.742421239614487 0.711771011352539 0.696043521165848 0.68596051633358 0.718757271766663 0.767191529273987 0.797785520553589 0.786225020885468 0.759409457445145 0.758759289979935 0.784061282873154 0.879419982433319 1.00205853581429 1.35298651456833 1.62416625022888 1.85114693641663 1.81040847301483 1.75030428171158 1.2600060403347 1.38833963871002 -9999 -9999 -9999 -9999 -9999 -9999 -9999 -9999 -9999 -9999 -9999
-9999 -9999 -9999 -9999 -9999 -9999 -9999 -9999 -9999 -9999 -9999 -9999 -9999 -9999 1.16489177942276 1.24721547961235 1.23980024456978 1.28873777389526 1.06715700030327 0.991557776927948 0.932555973529816 0.863680511713028 0.740115746855736 0.712973982095718 0.698544010519981 0.739356771111488 0.805112242698669 0.869532734155655 0.893681287765503 0.789737284183502 0.749562755227089 0.653480261564255 0.646334990859032 0.632696270942688 0.647310018539429 0.724094241857529 0.75306299328804 0.778204500675201 0.795349538326263 0.754413038492203 0.761991709470749 0.793946206569672 0.826217293739319 0.88508552312851 1.42134895920753 1.63643181324005 1.77414000034332 1.8950212597847 1.9946249127388 1.66106396913528 1.25335729122162 1.47002966701984 -9999 -9999 -9999 -9999 -9999 -9999 -9999 -9999 -9999 -9999
-9999 -9999 -9999 -9999 -9999 -9999 -9999 -9999 -9999 -9999 -9999 1.39315801146238 1.18344596028328 1.22452354431152 1.1600489616394 1.16959646344185 1.05510449409485 0.946106225252151 0.81919053196907 0.69716776907444 0.665291234850883 0.651831015944481 0.655175998806953 0.635396987199783 0.643280982971191 0.662627980113029 0.668961748480797 0.70696122944355 0.693270742893219 0.623789235949516 0.609385505318642 0.601482734084129 0.628006517887115 0.673253998160362 0.703428760170937 0.731767505407333 0.793612539768219 0.791550010442734 0.742053017020226 0.724773734807968 0.753048777580261 0.788909286260605 0.863440543413162 0.948711007833481 1.42733851075172 1.66605448722839 1.78851306438446 1.83715277910233 1.80780816078186 1.41129487752914 1.28898086026311 -9999 -9999 -9999 -9999 -9999 6.68275826337726 2.62225234508514 2.37701591849327 3.06219971179962 3.15863165259361 -9999
-9999 -9999 -9999 -9999 -9999 -9999 -9999 -9999 -9999 1.14249899983406 1.47716096788645 1.06158596277237 1.03733173012733 1.01708328723907 0.943848788738251 0.884711980819702 0.702704250812531 0.685093492269516 0.627842232584953 0.594660758972168 0.594481498003006 0.567191988229752 0.586773008108139 0.608614504337311 0.620701521635056 0.632479503750801 0.609277501702309 0.623519271612167 0.598860740661621 0.600704982876778 0.620567232370377 0.647504255175591 0.685926765203476 0.708042740821838 0.74932274222374 0.773435264825821 0.819606721401215 0.718900501728058 0.678744748234749 0.659382730722427 0.701065510511398 0.77367228269577 0.844768524169922 0.970378518104553 1.03611525893211 1.3597177863121 1.65765291452408 1.62687599658966 1.2942142188549 1.57190841436386 1.75174802541733 1.81662744283676 1.57856176793575 5.41894131693347 2.17641225457191 2.1812190413475 2.52322804927826 2.44276195764542 2.4793980717659 2.58038699626923 2.5066049695015 -9999
-9999 -9999 -9999 -9999 -9999 1.04802149534225 1.10579770803452 1.08515471220016 1.03601923584938 1.0395525097847 1.00026825070381 0.94496101140976 0.896679013967514 0.750332236289978 0.692868769168854 0.620621234178543 0.577025234699249 0.556442990899086 0.524598017334938 0.517579481005669 0.495815232396126 0.510000005364418 0.551731511950493 0.570779979228973 0.549712479114532 0.585490509867668 0.606523498892784 0.611787021160126 0.620973765850067 0.659329488873482 0.683672994375229 0.693847507238388 0.711942762136459 0.702173262834549 0.755606263875961 0.860338479280472 0.849644958972931 0.595401003956795 0.624242261052132 0.639035269618034 0.695783257484436 0.803748786449432 0.847525477409363 0.839518457651138 0.841107755899429 1.15617522597313 1.37270325422287 1.13486847281456 1.24054348468781 1.45163771510124 1.80267226696014 1.92629778385162 1.89783596992493 2.02336120605469 2.2258957028389 2.24357092380524 2.29935818910599 2.60213166475296 2.88259345293045 2.95893001556396 2.9119057059288 3.14937615394592
-9999 -9999 -9999 -9999 -9999 0.941797524690628 0.894393771886826 0.870902270078659 0.91499850153923 0.892368793487549 0.775927484035492 0.695537254214287 0.681137233972549 0.643029749393463 0.578687980771065 0.555644229054451 0.523517265915871 0.510580480098724 0.495144009590149 0.477244511246681 0.471536993980408 0.482558235526085 0.51512548327446 0.53846101462841 0.567405000329018 0.600609004497528 0.623802021145821 0.63449701666832 0.6406170129776 0.657214477658272 0.69216750562191 0.681197986006737 0.663349494338036 0.664214998483658 0.673808991909027 0.751599758863449 0.663402020931244 0.671556740999222 0.712790250778198 0.769186466932297 0.775987476110458 0.758453249931335 0.806028753519058 0.729455977678299 0.778596013784409 0.868492484092712 0.967260003089905 1.0224614739418 1.18483498692513 1.26226276159286 1.59753066301346 1.74891149997711 1.64367824792862 1.64088982343674 1.7827268242836 1.98479551076889 2.12123626470566 2.30956953763962 2.96377801895142 2.85340046882629 2.70450228452682 3.01535260677338
-9999 -9999 -9999 -9999 -9999 0.701847732067108 0.645771011710167 0.686071515083313 0.709133237600327 0.66159376502037 0.607922986149788 0.577724978327751 0.570473983883858 0.55977974832058 0.538552477955818 0.520302012562752 0.512870237231255 0.508658990263939 0.511720508337021 0.515762999653816 0.510077252984047 0.50874151289463 0.535248756408691 0.570207014679909 0.591842249035835 0.623999252915382 0.652457982301712 0.648238509893417 0.64793998003006 0.636018007993698 0.647262006998062 0.655369520187378 0.663871496915817 0.665708228945732 0.764287501573563 0.721508994698524 0.776274740695953 0.767947465181351 0.56148599088192 0.553773745894432 0.718370653688908 0.554117247462273 0.604812741279602 0.651886492967606 0.682076990604401 0.859896004199982 1.04301372170448 0.871708542108536 0.855562537908554 0.896604716777802 1.10965204238892 1.19946670532227 1.27363649010658 1.29993376135826 1.34189996123314 1.42860674858093 1.73699927330017 1.89296543598175 2.35910546779633 2.74638444185257 3.00590014457703 3.22591352462769
-9999 -9999 -9999 -9999 -9999 0.600070506334305 0.581943020224571 0.547772258520126 0.552503988146782 0.55409999191761 0.564070478081703 0.553439229726791 0.551093235611916 0.544494733214378 0.540311247110367 0.531882002949715 0.526265233755112 0.539857506752014 0.551026493310928 0.557285249233246 0.53916223347187 0.545021250844002 0.556669503450394 0.591742515563965 0.60434702038765 0.6015704870224 0.597798004746437 0.63008925318718 0.629772752523422 0.656054243445396 0.703253254294395 0.651026979088783 0.66534823179245 0.817564487457275 0.823462888598442 0.690369755029678 0.717643484473228 0.709549516439438 0.575505763292313 0.634644768740002 0.66727651655674 0.64036126434803 0.603572264313698 0.684654772281647 0.679793983697891 0.64910101890564 0.682172253727913 0.74177473783493 0.806747227907181 0.925422728061676 1.00751620531082 0.899997711181641 0.959798276424408 1.06972047686577 1.27621051669121 1.54674983024597 1.61691606044769 1.7162572145462 1.85251200199127 2.66332429647446 3.36872398853302 3.37193942070007
-9999 -9999 -9999 -9999 -9999 0.50822702050209 0.498690739274025 0.497780978679657 0.526947006583214 0.528338268399239 0.520250245928764 0.529557734727859 0.511728733778 0.515435233712196 0.515350520610809 0.512943729758263 0.510861754417419 0.524841740727425 0.545079007744789 0.550249502062798 0.547968730330467 0.530593514442444 0.553795516490936 0.560052752494812 0.544709265232086 0.557293519377708 0.581462994217873 0.615272998809814 0.668806493282318 0.631673231720924 0.618259504437447 0.632964760065079 0.626931756734848 0.768770970404148 0.758860118687153 0.765573777258396 0.753768011927605 0.733044728636742 0.742367997765541 0.743045255541801 0.651888728141785 0.598272755742073 0.582683265209198 0.572784751653671 0.625023767352104 0.665097758173943 0.678402006626129 0.71169675886631 0.788070023059845 0.8581702709198 0.939720779657364 1.13897028565407 1.40121826529503 1.64568597078323 1.8837051987648 1.9193474650383 1.71501070261002 1.92412197589874 1.93747651576996 2.16579902172089 2.98030346632004 2.79022872447968
