EcologicalScience/Bass/data/rs_data_bass/chl_153.asc
NCOLS 226 
NROWS 124 
XLLCORNER -9.41648524995501 
YLLCORNER 47.587301625531 
CELLSIZE 0.0833 
NODATA_value -9999 
[rows 54 to 80 of 124, columns 0 to 61 of 226]
-9999 -9999 -9999 -9999 -9999 -9999 -9999 -9999 -9999 -9999 -9999 -9999 -9999 -9999 -9999 -9999 -9999 -9999 -9999 -9999 -9999 -9999 -9999 -9999 -9999 -9999 -9999 -9999 -9999 -9999 -9999 -9999 -9999 -9999 -9999 -9999 -9999 -9999 4.67873052653089 8.49985527992249 9.94486570358276 10.4826235771179 5.99332880973816 1.66075426340103 1.81226849555969 1.88740432262421 2.24504095315933 2.13922727108002 1.40314722061157 1.19411927461624 1.08375227451324 1.14347103238106 1.53922355175018 1.95425248146057 2.82687681913376 3.02708780765533 3.87512254714966 4.36958992481232 -9999 0.607058599591255 0.62790758907795 1.29046145858972
-9999 -9999 -9999 -9999 -9999 -9999 -9999 -9999 -9999 -9999 -9999 -9999 -9999 -9999 -9999 -9999 -9999 -9999 -9999 -9999 -9999 -9999 -9999 -9999 -9999 -9999 -9999 -9999 -9999 -9999 -9999 -9999 -9999 -9999 -9999 -9999 -9999 -9999 -9999 13.6839437484741 10.303811788559 16.8624114990234 8.25099349021912 4.85919535160065 1.37124073505402 1.15615501999855 0.970398008823395 0.980347484350204 0.902207225561142 1.09521076083183 1.21635147929192 1.35935845971107 1.80068403482437 2.21474933624268 2.74620455503464 3.17990791797638 2.8344783782959 -9999 -9999 -9999 -9999 -9999
-9999 -9999 -9999 -9999 -9999 -9999 -9999 -9999 -9999 -9999 -9999 -9999 -9999 -9999 -9999 -9999 -9999 -9999 -9999 -9999 -9999 -9999 -9999 -9999 -9999 -9999 -9999 -9999 -9999 -9999 -9999 -9999 -9999 -9999 -9999 -9999 -9999 -9999 -9999 -9999 17.3780064582825 7.36548829078674 5.33135640621185 4.07993710041046 3.39492380619049 1.30679172277451 1.05062171816826 0.891859531402588 1.08078753948212 0.88049778342247 0.823695033788681 1.27591046690941 1.83091878890991 2.28580731153488 2.56220555305481 3.21831965446472 3.10589396953583 3.38925969600677 8.81320121884346 -9999 -9999 -9999
-9999 -9999 -9999 -9999 -9999 -9999 -9999 -9999 -9999 -9999 -9999 -9999 -9999 -9999 -9999 -9999 -9999 -9999 -9999 -9999 -9999 -9999 -9999 -9999 -9999 -9999 -9999 -9999 -9999 -9999 -9999 -9999 -9999 -9999 -9999 -9999 -9999 -9999 -9999 -9999 4.36078816652298 3.24067032337189 2.16055727005005 2.13060826063156 2.13458400964737 1.60581529140472 1.77744001150131 1.35080024600029 1.13408777117729 1.08774527907372 0.77029949426651 1.02287623286247 1.48018053174019 1.71476018428802 2.00609546899796 1.90775996446609 1.83599245548248 1.97337681055069 2.37987148761749 11.7248148322105 4.71898884773254 -9999
-9999 -9999 -9999 -9999 -9999 -9999 -9999 -9999 -9999 -9999 -9999 -9999 -9999 -9999 -9999 -9999 -9999 -9999 -9999 -9999 -9999 -9999 -9999 -9999 -9999 -9999 -9999 -9999 -9999 -9999 -9999 -9999 -9999 -9999 -9999 -9999 -9999 -9999 -9999 -9999 -9999 2.99878799915314 2.53719216585159 2.39290952682495 2.77075356245041 2.39667302370071 1.79508608579636 1.72343927621841 1.49867248535156 1.28182795643806 0.860424757003784 0.929750293493271 1.09533753991127 1.27264201641083 1.37763449549675 1.23711901903152 1.63098746538162 1.91075921058655 3.18741810321808 11.5354807376862 31.7026051282883 -9999
-9999 -9999 -9999 -9999 -9999 -9999 -9999 -9999 -9999 -9999 -9999 -9999 -9999 -9999 -9999 -9999 -9999 -9999 -9999 -9999 -9999 -9999 -9999 -9999 -9999 -9999 -9999 -9999 -9999 -9999 -9999 -9999 -9999 -9999 -9999 -9999 -9999 -9999 -9999 -9999 -9999 3.2776665687561 2.68421620130539 2.57586443424225 2.634641289711 2.56751024723053 1.96727174520493 1.59533017873764 1.52982366085052 1.15466621518135 0.906023293733597 0.997675538063049 1.13762399554253 1.10499823093414 1.16495624184608 1.23216301202774 1.57733774185181 1.89564442634583 5.35609477758408 2.46516815369779 -9999 -9999
-9999 -9999 -9999 -9999 -9999 -9999 -9999 -9999 -9999 -9999 -9999 -9999 -9999 -9999 -9999 -9999 -9999 -9999 -9999 -9999 -9999 -9999 -9999 -9999 -9999 -9999 -9999 -9999 -9999 -9999 -9999 -9999 -9999 -9999 -9999 -9999 -9999 -9999 -9999 -9999 3.6655005812645 3.27179038524628 3.09233629703522 2.42406517267227 2.36926943063736 1.92185318470001 1.75636804103851 1.40176722407341 1.11290770769119 0.803021281957626 0.867438733577728 1.04408249258995 1.16806876659393 1.18300348520279 1.22960695624352 1.34722423553467 1.71633821725845 -9999 -9999 1.93351086974144 1.76499670743942 1.52394068241119
-9999 -9999 -9999 -9999 -9999 -9999 -9999 -9999 -9999 -9999 -9999 -9999 -9999 -9999 -9999 -9999 -9999 -9999 -9999 -9999 -9999 -9999 -9999 -9999 -9999 -9999 -9999 -9999 -9999 -9999 -9999 -9999 -9999 -9999 -9999 -9999 -9999 -9999 -9999 3.75312441587448 3.51081490516663 2.16447383165359 2.51832523941994 2.05068898200989 1.76101577281952 1.48031696677208 1.47464025020599 1.26210674643517 1.2352477312088 1.15304625034332 1.04331296682358 1.07856148481369 1.23844653367996 1.2823860347271 1.22496521472931 1.98429527878761 2.08948642015457 1.61912029981613 1.28931972384453 1.36443972587585 1.50881856679916 1.4244464635849
-9999 -9999 -9999 -9999 -9999 -9999 -9999 -9999 -9999 -9999 -9999 -9999 -9999 -9999 -9999 -9999 -9999 -9999 -9999 -9999 -9999 -9999 -9999 -9999 -9999 -9999 -9999 -9999 -9999 -9999 -9999 -9999 -9999 -9999 -9999 -9999 -9999 -9999 -9999 4.11578869819641 2.18590128421783 2.01001650094986 2.30691146850586 1.86821329593658 1.72768431901932 1.69092679023743 1.49657097458839 1.39121854305267 1.2792232632637 1.20786970853806 1.18824371695518 1.22380721569061 1.24132427573204 1.31328678131104 1.1809995174408 1.73432850837708 1.67101049423218 1.48096123337746 1.22148075699806 1.18781250715256 1.40255400538445 1.31489101052284
-9999 -9999 -9999 -9999 -9999 -9999 -9999 -9999 -9999 -9999 -9999 -9999 -9999 -9999 -9999 -9999 -9999 -9999 -9999 -9999 -9999 -9999 -9999 -9999 -9999 -9999 -9999 -9999 -9999 -9999 -9999 -9999 -9999 -9999 -9999 -9999 -9999 -9999 4.15421201501574 3.75481885671616 2.02436327934265 1.45204201340675 1.07692649960518 1.65099522471428 1.6419997215271 1.86456298828125 1.37995353341103 1.44010654091835 1.21301472187042 1.14738902449608 1.24093723297119 1.21812826395035 1.26842996478081 1.22930771112442 1.20431104302406 1.17503401637077 1.19792774319649 1.29922950267792 1.35622349381447 1.27502247691154 1.04782274365425 1.85991297662258
-9999 -9999 -9999 -9999 -9999 -9999 -9999 -9999 -9999 -9999 -9999 -9999 -9999 -9999 -9999 -9999 -9999 -9999 -9999 -9999 -9999 -9999 -9999 -9999 -9999 -9999 -9999 -9999 -9999 -9999 -9999 -9999 -9999 -9999 -9999 -9999 -9999 -9999 4.29975038766861 3.88123655319214 2.52778306603432 1.7447909116745 1.63058853149414 1.58307749032974 1.60427105426788 1.62950438261032 1.39281597733498 1.31932801008224 1.23437771201134 1.05814495682716 1.1465400159359 1.29499277472496 1.30154773592949 1.22452121973038 1.17181053757668 1.61274379491806 1.52592980861664 1.29335474967957 1.19052976369858 1.53673803806305 1.82983499765396 2.19048795104027
-9999 -9999 -9999 -9999 -9999 -9999 -9999 -9999 -9999 -9999 -9999 -9999 -9999 -9999 -9999 -9999 -9999 -9999 -9999 -9999 -9999 -9999 -9999 -9999 -9999 -9999 -9999 -9999 -9999 -9999 -9999 -9999 -9999 -9999 -9999 -9999 -9999 1.99337562173605 3.82324916124344 2.57959306240082 1.88239163160324 1.69098445773125 1.50570707023144 1.53056064248085 1.51782980561256 1.47688534855843 1.42699125409126 1.12405952811241 1.08068025112152 1.07970598340034 1.15924420952797 1.42088851332664 1.37014049291611 1.37322977185249 1.27411387860775 1.41147972643375 1.86299031972885 1.53233242034912 1.37754902243614 1.26723638176918 1.69513723254204 2.71877852082253
-9999 -9999 -9999 -9999 -9999 -9999 -9999 -9999 -9999 -9999 -9999 -9999 -9999 -9999 -9999 -9999 -9999 -9999 -9999 -9999 -9999 -9999 -9999 -9999 -9999 -9999 -9999 -9999 -9999 -9999 -9999 -9999 -9999 -9999 -9999 -9999 -9999 5.27759277820587 3.61684548854828 1.75657868385315 1.47726407647133 1.39189387857914 1.36697213351727 1.32758814096451 1.30780948698521 1.29014812409878 1.2800235003233 1.21106363832951 1.0948860347271 1.24368220567703 1.36780196428299 1.34520900249481 1.29462522268295 1.20850199460983 1.26087900996208 1.30043399333954 1.37602204084396 1.91966624557972 1.77675265073776 1.92068508267403 2.43111482262611 7.29688739776611
-9999 -9999 -9999 -9999 -9999 -9999 -9999 -9999 -9999 -9999 -9999 -9999 -9999 -9999 -9999 -9999 -9999 -9999 -9999 -9999 -9999 -9999 -9999 -9999 -9999 -9999 -9999 -9999 -9999 -9999 -9999 -9999 -9999 -9999 -9999 -9999 3.58511111140251 4.6870619058609 3.09204402565956 1.89662280678749 1.44172614812851 1.30973437428474 1.32994535565376 1.35565084218979 1.28061711788177 1.20660938322544 1.19373938441277 1.16877490282059 1.16650986671448 1.24588952958584 1.25141586363316 1.2901826351881 1.34492254257202 1.24983152747154 1.22978286445141 1.17680852115154 1.36645540595055 1.88747173547745 5.30768412351608 5.30548158288002 6.72480171918869 8.28833976387978
-9999 -9999 -9999 -9999 -9999 -9999 -9999 -9999 -9999 -9999 -9999 -9999 -9999 -9999 -9999 -9999 -9999 -9999 -9999 -9999 -9999 -9999 -9999 -9999 -9999 -9999 -9999 -9999 -9999 -9999 -9999 1.90903043746948 2.95353317260742 -9999 2.10493344068527 2.22494678199291 1.92734920978546 2.27109450101852 1.97708854079247 1.59251216053963 1.30661098659039 1.23790235817432 1.25632573664188 1.264564499259 1.2053831666708 1.20051039755344 1.20609448850155 1.19141811132431 1.15521298348904 1.1878319978714 1.25501547753811 1.31419989466667 1.33729013800621 1.28577898442745 1.2865627259016 1.3457200974226 1.61279547214508 7.4505620598793 15.0862118303776 13.6859566569328 12.6829704344273 2.65758562088013
-9999 -9999 -9999 -9999 -9999 -9999 -9999 -9999 -9999 -9999 -9999 -9999 -9999 -9999 -9999 -9999 -9999 -9999 -9999 -9999 -9999 -9999 0.346259817481041 28.1706128120422 30.8926582336426 27.2713313102722 17.507824420929 16.3656367063522 5.40194562077522 2.76564194262028 1.98086473345757 3.9032776504755 1.70334899425507 1.96740674972534 2.53044784069061 2.30492627620697 0.761048287153244 0.725763738155365 1.60370586812496 1.58827082812786 1.76290011405945 1.95833475887775 1.87546165287495 1.59817765653133 1.40066438913345 1.30830149352551 1.28520302474499 1.27532851696014 1.27471201121807 1.32193610072136 1.37858176231384 1.42751061916351 1.46219323575497 1.50004237890244 1.69845941662788 1.66346436738968 1.80206063389778 3.04291301965714 5.8989666512138 -9999 -9999 -9999
-9999 -9999 -9999 -9999 -9999 -9999 -9999 -9999 -9999 -9999 -9999 -9999 -9999 -9999 -9999 -9999 -9999 -9999 -9999 -9999 -9999 -9999 27.6819448471069 25.784631729126 22.6024006605148 0.745926752686501 0.673942521214485 0.669195771217346 0.568368002772331 0.96314549446106 1.18514701724052 1.29981976747513 1.50033751130104 1.48189723491669 1.11986249685287 0.581671491265297 0.606722250580788 0.659544736146927 3.10471951961517 1.30269750952721 1.30632448196411 2.32830074429512 2.34955903887749 2.42251355946064 2.20089930295944 1.56004428863525 1.40345174074173 1.44418501853943 1.4717388600111 1.50040644407272 1.73074418306351 1.77324029803276 1.79879397153854 2.0477189719677 2.13265317678452 -9999 -9999 -9999 -9999 -9999 -9999 -9999
-9999 -9999 -9999 -9999 -9999 -9999 -9999 -9999 -9999 -9999 -9999 -9999 -9999 -9999 -9999 -9999 -9999 -9999 -9999 1.88967860796872 31.2031865715981 22.7869620323181 0.791051208972931 0.736454978585243 0.771167993545532 3.74620172381401 0.949723541736603 1.08285221457481 1.10377728939056 1.03576576709747 0.927321016788483 3.61814296245575 1.33154100179672 1.80767172574997 1.90164971351624 1.41895428299904 1.02334946393967 1.03740745782852 0.677577763795853 0.740566492080688 0.890047520399094 2.38192503154278 2.63384963572025 0.86300852894783 0.924207776784897 1.24791750311852 1.50910390913486 1.68515664339066 1.79613608121872 1.85763072967529 2.06512579321861 -9999 -9999 -9999 -9999 -9999 -9999 -9999 -9999 -9999 -9999 -9999
-9999 -9999 -9999 -9999 -9999 -9999 -9999 -9999 -9999 -9999 -9999 -9999 -9999 -9999 -9999 -9999 -9999 1.14796650409698 0.953624278306961 24.9325654506683 17.4594136476517 4.77260076999664 2.29791381955147 2.27587911486626 2.10184800624847 1.85221499204636 1.9447358250618 1.5830272436142 3.78350034356117 3.95501062273979 1.00773596763611 1.82476955652237 3.20714843273163 2.77096205949783 2.79633146524429 2.40668481588364 2.26475554704666 2.01977026462555 1.40158653259277 1.27126953005791 3.2997533082962 1.39681050181389 3.13302898406982 0.854707539081573 0.944805711507797 1.2299280166626 2.28795003890991 2.0079884827137 2.23382779955864 2.03461879491806 1.67103597521782 -9999 -9999 -9999 -9999 -9999 -9999 -9999 -9999 -9999 -9999 -9999
-9999 -9999 -9999 -9999 -9999 -9999 -9999 -9999 -9999 -9999 -9999 -9999 -9999 -9999 10.4934989213943 11.9197780787945 0.743774995207787 0.798849016427994 8.05353498458862 4.28815680742264 1.65950471162796 2.04159307479858 2.31872248649597 1.99868774414062 1.75279426574707 2.56123352050781 2.37372833490372 1.86130124330521 1.53068174421787 1.49761122465134 1.7381699681282 2.51779425144196 2.79482477903366 2.67738819122314 2.53962367773056 2.10994648933411 2.39638191461563 3.52957355976105 2.79166495800018 3.01685535907745 3.16010668873787 3.87010091543198 5.07056897878647 4.96031141281128 2.4381899535656 1.88939291238785 2.76311105489731 1.87081342935562 1.7342369556427 1.50357377529144 2.07690382003784 2.56597048044205 -9999 -9999 -9999 -9999 -9999 -9999 -9999 -9999 -9999 -9999
-9999 -9999 -9999 -9999 -9999 -9999 -9999 -9999 -9999 -9999 -9999 22.3314807191491 9.03420928120613 8.33765411376953 31.6285078525543 20.7034360170364 1.05849972367287 2.08241844177246 2.27541983127594 1.85404801368713 2.68482220172882 2.59532171487808 2.51674425601959 2.85276979207993 2.19552826881409 2.13082051277161 1.99983376264572 1.73108696937561 1.71175128221512 1.63706624507904 1.88369625806808 2.54475295543671 2.50388699769974 2.24978095293045 2.02419447898865 1.65101999044418 4.48961913585663 4.38990533351898 5.08178687095642 5.4433468580246 2.25556129217148 2.61948072910309 4.37095642089844 5.46275246143341 2.62864539027214 4.09693193435669 3.93816447257996 2.74326378107071 1.45563447475433 2.33601486682892 2.13448213040829 -9999 -9999 -9999 -9999 -9999 4.66833869925765 33.5901067256927 32.4437355995178 42.9759092330933 25.2849468290806 -9999
-9999 -9999 -9999 -9999 -9999 -9999 -9999 -9999 -9999 6.21485495567322 1.60358650883039 1.20315152406693 1.27755296230316 0.893304705619812 1.50613868236542 2.12758505344391 3.21338018774986 2.8241046667099 2.27615708112717 2.72843474149704 2.44535171985626 2.3326912522316 2.23483353853226 2.62580466270447 3.09474742412567 3.21027088165283 3.21262657642365 2.73975670337677 2.21995729207993 2.09614276885986 2.05347293615341 2.72985291481018 4.36989891529083 4.4605393409729 3.15927064418793 2.26697623729706 2.09466379880905 2.39669394493103 4.50538122653961 5.2810868024826 2.64916643500328 4.62340807914734 7.01373964548111 4.13648235797882 7.18327903747559 4.23711812496185 4.98263990879059 2.53271466493607 8.6408793926239 2.78899043798447 2.70359551906586 3.78983008861542 2.45550227165222 2.54364421367645 2.85531905293465 3.17547476291656 4.35639345645905 9.52711915969849 11.0443603992462 3.96947085857391 7.77331352233887 -9999
-9999 -9999 -9999 -9999 -9999 1.64355754852295 1.49128496646881 2.68408799171448 1.96798950433731 1.68204081058502 1.61855328083038 2.26655924320221 2.56985020637512 2.41519421339035 2.52070569992065 3.10869383811951 2.72882616519928 2.31893330812454 2.20105880498886 2.01700866222382 2.10705006122589 2.2681896686554 2.22148883342743 2.50680828094482 2.73782855272293 2.68220633268356 2.85330158472061 2.53573733568192 2.26980292797089 1.75685995817184 1.78475242853165 2.359335064888 2.95236754417419 3.35192477703094 2.26039642095566 1.91120392084122 2.03449058532715 3.27108907699585 8.68869423866272 6.95451951026917 2.81752341985703 8.99922430515289 9.3542754650116 7.06852769851685 7.37647747993469 4.09713363647461 8.99104142189026 9.62448978424072 8.04895448684692 5.60210716724396 5.22572636604309 5.37821853160858 1.75068113207817 1.75233829021454 1.74136358499527 2.62108424305916 2.73877090215683 3.25951766967773 3.48342454433441 4.4234858751297 7.71551674604416 4.90535205602646
-9999 -9999 -9999 -9999 -9999 2.11494076251984 2.71336877346039 2.97219157218933 2.98159432411194 3.37606859207153 2.88387376070023 3.08547842502594 2.69547683000565 3.06128633022308 2.67589420080185 2.41652476787567 2.60618555545807 1.85820445418358 2.5697677731514 2.06984925270081 2.04819220304489 2.24250680208206 2.18389803171158 2.50634855031967 2.78483480215073 2.50009042024612 1.99568545818329 1.74064046144485 1.7408407330513 1.87047600746155 2.46910572052002 2.27968204021454 2.23243796825409 1.99582868814468 1.76539653539658 2.22136956453323 2.21602123975754 1.63064999878407 11.0462973117828 8.3438823223114 4.0054703950882 4.48785209655762 5.79977095127106 3.35328662395477 2.7318314909935 5.63177311420441 6.32699918746948 2.5705132484436 2.73927676677704 4.24479603767395 4.49909251928329 2.30072432756424 1.64587685465813 1.68557292222977 1.75819355249405 1.35010278224945 1.1682787835598 2.61583909392357 2.95920556783676 3.01343098282814 2.56554758548737 2.68533307313919
-9999 -9999 -9999 -9999 -9999 2.74175691604614 3.03524172306061 2.64104622602463 2.35478174686432 2.07747530937195 2.17096567153931 2.2757197022438 2.31154954433441 2.56293976306915 2.01948148012161 2.07674700021744 2.29259097576141 2.52338093519211 2.16403645277023 1.84582042694092 1.64935648441315 1.7229562997818 1.95637428760529 2.22442799806595 2.26012122631073 1.93497669696808 1.73723620176315 1.66151171922684 1.62321746349335 1.53541874885559 1.82978028059006 2.10943418741226 2.06655979156494 2.7132750749588 2.29349094629288 3.82603061199188 2.79467099905014 4.46241009235382 3.31521606445312 2.87125879526138 3.35686790943146 5.38247323036194 4.9173367023468 3.32369184494019 5.04004633426666 6.38911771774292 8.22390460968018 9.37906336784363 18.9972553253174 29.2920341491699 2.9590080678463 2.01502534747124 1.74438750743866 1.75164002180099 1.59952694177628 1.26982721686363 1.58476281166077 1.37029945850372 1.14237901568413 1.32091498374939 1.4202082157135 1.39173147082329
-9999 -9999 -9999 -9999 -9999 2.15376073122025 2.28523045778275 2.08504343032837 2.24912846088409 2.27955973148346 2.22451508045197 2.05907392501831 1.95209258794785 2.1635205745697 2.0190344452858 2.03932052850723 2.0974702835083 2.28778874874115 2.46790051460266 1.70716345310211 1.53970956802368 1.64861923456192 1.5794557929039 2.32593530416489 2.09126096963882 1.66278970241547 1.51382178068161 1.68433570861816 1.50687754154205 1.3228560090065 1.3273169696331 1.31967374682426 1.19287195801735 1.13367453217506 0.967390537261963 1.8632640838623 1.37800276279449 1.57859694957733 1.99988025426865 2.39883595705032 3.50565755367279 4.34625005722046 3.78992164134979 3.48644927144051 4.89579355716705 5.10987961292267 5.48638415336609 3.70244085788727 3.67299976944923 3.68095922470093 3.63033163547516 2.39323917031288 2.02206793427467 1.68705260753632 1.61217302083969 1.79377430677414 2.34045678377151 2.26673769950867 2.01136654615402 2.52336823940277 2.6889540553093 1.7337149977684
-9999 -9999 -9999 -9999 -9999 1.70317643880844 1.80227994918823 1.83372670412064 1.79872566461563 2.06792324781418 2.27232670783997 2.30707794427872 2.03898149728775 2.09242576360703 1.75840419530869 1.23512627184391 1.09005112946033 1.19945664703846 1.13169448077679 1.15179786086082 1.16822250187397 1.16941465437412 1.16105251014233 1.14589016139507 1.46224272251129 1.23565540462732 0.928264528512955 1.01932945847511 1.69617372751236 1.6830330491066 1.70207923650742 1.90430027246475 1.4113222360611 0.988829970359802 1.0843560397625 1.43128877878189 1.10446947813034 1.15175852179527 1.16916900873184 1.55498242378235 3.62276458740234 3.74955689907074 3.32509195804596 2.37623065710068 2.65748172998428 3.23765015602112 3.68741261959076 7.19308376312256 3.06953805685043 3.2823998183012 3.20002457499504 3.6526654958725 3.06379500031471 2.14632484316826 1.85527986288071 2.25036710500717 2.27051362395287 1.14812171459198 1.96935001015663 2.17131641507149 1.52551728487015 1.99012953042984
