EcologicalScience/Bass/data/rs_data_bass/chl_9.asc
NCOLS 226 
NROWS 124 
XLLCORNER -9.41648524995501 
YLLCORNER 47.587301625531 
CELLSIZE 0.0833 
NODATA_value -9999 
[rows 56 to 83 of 124, columns 124 to 185 of 226]
2.829514503479 2.8659719824791 2.62996566295624 2.7712584733963 2.81789660453796 2.31109428405762 2.28618532419205 2.08903205394745 2.1379582285881 1.9741522371769 1.97507733106613 1.99550700187683 1.99143004417419 2.1383051276207 2.12449237704277 2.08686000108719 2.15247219800949 2.17276203632355 2.16046643257141 2.15074878931046 2.14778405427933 2.06322294473648 2.12221229076385 2.18775826692581 2.26901972293854 2.24963569641113 2.31541019678116 2.39022414386272 2.72236526012421 2.56730425357819 1.76191645860672 1.89531594514847 1.8864187002182 1.94204181432724 2.30679798126221 2.53703671693802 2.62673300504684 2.36606824398041 1.94586145877838 2.15064150094986 1.54274424910545 1.46582797169685 2.05196398496628 2.17731526494026 3.69031400978565 2.74428373575211 3.56257879734039 -9999 6.65228605270386 3.5132360458374 3.53796270489693 4.12440133094788 9.28671026229858 16.4193520545959 -9999 -9999 -9999 -9999 -9999 -9999 -9999 -9999
3.24924445152283 3.2116402387619 3.27565479278564 2.96354854106903 2.73783481121063 2.31317102909088 2.20645800232887 2.06851762533188 1.89561679959297 1.88658186793327 1.91073337197304 2.13280355930328 1.91930025815964 2.15100592374802 1.96552449464798 2.46624746918678 2.16182738542557 2.12276995182037 2.17005228996277 2.17886996269226 2.18378019332886 2.13066154718399 2.36168879270554 1.98370045423508 2.34657651185989 2.40085017681122 2.48927921056747 2.46017928421497 2.40121072530746 2.47904980182648 2.34254479408264 2.1279314160347 2.11474049091339 2.13516908884048 2.15377128124237 1.99592167139053 2.28871804475784 2.26301503181458 1.97051095962524 1.72314006090164 1.64422082901001 1.65252900123596 2.05691921710968 1.83432894945145 1.77703946828842 3.00594305992126 3.40637111663818 -9999 4.77301454544067 4.49395716190338 3.83424961566925 4.50430822372437 10.4211959838867 -9999 -9999 -9999 -9999 -9999 -9999 -9999 -9999 -9999
3.94113337993622 4.03817737102509 3.58775091171265 3.16892921924591 3.25485599040985 3.19258773326874 2.42773613333702 2.31781782209873 2.27743768692017 2.17970424890518 2.1454102396965 2.13711202144623 2.0879881978035 1.99488747119904 1.99194276332855 1.90077370405197 1.96639329195023 2.06486248970032 2.10823273658752 2.14417576789856 2.22912830114365 2.1661080121994 2.16864305734634 2.10873936116695 1.96575222909451 2.36553853750229 3.18734031915665 3.14892375469208 2.86432313919067 2.7981698513031 2.82474589347839 2.21494120359421 2.19268798828125 2.69707685709 2.73081269860268 2.18078029155731 1.98130404949188 1.88446950912476 1.92743581533432 1.7973992228508 1.86096525192261 2.27214246988297 1.91047203540802 2.15061450004578 2.44255578517914 6.14345708063671 9.74305558204651 10.2242939472198 6.07408601045609 3.70861279964447 5.49869692325592 10.232589662075 45.7484010968889 -9999 -9999 -9999 -9999 -9999 -9999 -9999 -9999 -9999
-9999 5.91256785392761 2.75147849321365 3.26893484592438 3.18870174884796 3.46126139163971 2.98665064573288 2.78584110736847 2.67021560668945 2.3648909330368 2.23305654525757 2.16011071205139 2.21202772855759 2.21013450622559 2.10706973075867 1.97445297241211 2.04510456323624 2.06392568349838 2.07124418020248 2.16163003444672 2.30195832252502 2.26248449087143 1.93393577635288 2.08590093255043 2.04764699935913 1.98871730268002 2.89407116174698 3.01180726289749 2.80963200330734 2.68798953294754 2.68487665057182 2.65350785851479 2.11418777704239 2.10704398155212 2.14186871051788 1.76480805873871 1.75266426801682 1.58999888598919 1.8968642950058 1.81240206956863 2.45932647585869 2.07267081737518 2.413538813591 2.05071741342545 2.44583541154861 -9999 -9999 7.14974266290665 6.49860799312592 6.16199451684952 4.10037231445312 34.9330730438232 34.7299610137939 -9999 -9999 -9999 -9999 -9999 -9999 -9999 -9999 -9999
-9999 -9999 -9999 -9999 -9999 2.28387522697449 2.95932841300964 2.94042308628559 2.76708488166332 2.54920768737793 2.57144927978516 2.25962346792221 2.22207772731781 2.24755048751831 2.17244625091553 2.15804970264435 2.19223427772522 2.22350168228149 2.22592175006866 2.18662220239639 2.50145959854126 2.25336396694183 2.40770995616913 2.08844225853682 2.25694502145052 1.93565712869167 2.77122724056244 2.70199084281921 2.52390816807747 2.36397975683212 2.18594545125961 2.10375291109085 1.99388176202774 1.95670795440674 2.13646656274796 1.94403263926506 1.88323768973351 1.76211597025394 2.08117543458939 1.50306680798531 1.92555600404739 2.64634421467781 2.39190626144409 3.05110168457031 3.51194822788239 -9999 -9999 -9999 -9999 -9999 27.0097861289978 28.5491163253784 33.3267677307129 -9999 -9999 -9999 -9999 -9999 -9999 -9999 -9999 -9999
-9999 -9999 -9999 -9999 -9999 -9999 -9999 -9999 3.08646812438965 3.24328625202179 2.88505125045776 2.51058346033096 2.43788248300552 2.44943302869797 2.40923780202866 2.39728856086731 2.24006867408752 2.01981002092361 2.05453598499298 2.05444276332855 3.04610574245453 2.41106116771698 2.39507079124451 2.27642452716827 2.52784752845764 1.97678971290588 1.80788563191891 2.57456731796265 2.49419099092484 1.53180791437626 2.05430996417999 1.91412895917892 1.96590453386307 1.97147333621979 1.87132877111435 2.05422377586365 1.35322171449661 1.35080999135971 1.20270049571991 1.68774300813675 3.14501094818115 2.77800071239471 2.10645371675491 2.6195610165596 -9999 29.0682649612427 -9999 -9999 -9999 -9999 17.548882484436 20.8541091442108 23.663900920323 24.2716815471649 39.5460233688354 -9999 -9999 -9999 -9999 -9999 -9999 -9999
-9999 -9999 -9999 -9999 -9999 -9999 -9999 -9999 -9999 -9999 3.22008937597275 2.84532350301743 2.71574974060059 2.59150320291519 2.58571130037308 2.40236175060272 2.2596487402916 2.13974153995514 2.05362033843994 2.16041529178619 2.12416875362396 2.32484072446823 2.35729169845581 2.30878353118896 1.99829721450806 2.19690781831741 1.9777672290802 2.12480583786964 1.91114509105682 1.69811323285103 1.66551746428013 1.85034155845642 1.87324118614197 1.94735169410706 1.73044645786285 1.81238704919815 1.71400648355484 1.65081971883774 1.76744556427002 2.15546697378159 2.24010747671127 2.47794073820114 2.57756173610687 2.59736251831055 -9999 -9999 -9999 -9999 -9999 -9999 -9999 -9999 -9999 29.1549036843436 6.91025424003601 18.323784828186 10.8786277770996 -9999 -9999 -9999 -9999 -9999
-9999 -9999 -9999 -9999 -9999 -9999 -9999 -9999 -9999 4.3704868555069 4.01709675788879 3.37559151649475 3.06134247779846 2.92393797636032 2.55345296859741 2.4886350184679 2.40554624795914 2.29405748844147 2.23241168260574 2.2785017490387 2.31876349449158 2.55898451805115 2.1506775021553 1.98568695783615 1.69740027189255 2.36539310216904 2.01925805211067 1.81281226873398 1.70158950984478 1.54333426058292 1.75963282585144 1.78030800819397 1.78345727920532 1.79888391494751 1.73107570409775 1.62491548061371 1.70150023698807 1.71928954124451 1.98902249336243 2.21567183732986 2.23598778247833 2.3645880818367 2.62374007701874 2.56444573402405 -9999 33.0447750091553 -9999 -9999 -9999 13.7413744926453 13.2084288597107 12.2271795272827 11.9441936016083 16.3471083641052 20.5201892852783 12.2212747335434 -9999 -9999 -9999 -9999 -9999 -9999
-9999 -9999 -9999 -9999 -9999 -9999 -9999 -9999 -9999 -9999 3.94625401496887 3.18366420269012 2.99681161344051 2.93195284903049 2.55464646220207 2.33831526339054 2.67133975028992 2.22581946849823 2.21720153093338 2.38226246833801 2.41414570808411 2.37190574407578 2.28361999988556 1.93841224908829 1.5225487947464 1.76998424530029 1.73370921611786 1.51892173290253 1.20794248580933 1.61304366588593 1.64420700073242 1.67276251316071 1.73334681987762 1.73372250795364 1.60673171281815 1.56820642948151 1.722884953022 1.88395267724991 2.28252518177032 2.32170456647873 2.2076159119606 2.29929077625275 2.74313020706177 2.76976507902145 -9999 -9999 -9999 -9999 -9999 -9999 14.0427904129028 13.8466744422913 14.6910452842712 14.479024887085 19.5358786582947 -9999 -9999 -9999 -9999 -9999 -9999 -9999
-9999 -9999 -9999 -9999 -9999 -9999 -9999 -9999 -9999 3.67937564849854 3.71593523025513 4.32624459266663 2.73114542663097 2.5613609701395 2.62983870506287 2.91791021823883 2.8425920009613 2.40415495634079 2.2712664604187 2.64349883794785 2.13566489517689 2.08813483268023 1.88060177117586 1.47321826219559 1.42640474438667 1.24100099802017 1.19595093727112 1.1757018327713 1.00062941014767 1.35182585567236 2.35665103197098 1.57094925642014 1.61966782808304 1.57055997848511 1.46018251776695 1.59640502929688 1.73419493436813 2.06742078065872 2.18431717157364 2.46689468622208 2.34060752391815 2.3769194483757 2.93499190807343 3.23800885677338 3.86466658115387 -9999 -9999 -9999 -9999 -9999 12.7126307487488 14.4040975570679 15.7158851623535 -9999 -9999 -9999 -9999 -9999 -9999 -9999 -9999 -9999
-9999 -9999 -9999 -9999 -9999 -9999 -9999 -9999 -9999 3.65404343605042 3.35559171438217 3.04455091059208 2.74788545072079 2.66358172893524 2.59402596950531 2.59171152114868 2.76193571090698 2.53704649209976 2.68164682388306 2.7265477180481 2.71405792236328 1.74329642951488 1.58015218377113 1.33090292662382 2.48534470796585 2.50548219680786 1.15203874111176 1.1395207464695 1.96327621936798 3.20700541734695 2.66019144058228 1.450200766325 1.40906846523285 1.41940954327583 1.54639202356339 1.76670742034912 2.19630521535873 2.49213373661041 2.40146917104721 2.28576153516769 2.04778200387955 2.53052401542664 2.74021804332733 -9999 3.86466693878174 -9999 -9999 -9999 -9999 12.1949715614319 -9999 -9999 -9999 -9999 -9999 -9999 -9999 -9999 -9999 -9999 -9999 -9999
-9999 -9999 -9999 -9999 -9999 -9999 -9999 -9999 -9999 3.44033315777779 3.26177644729614 3.26328814029694 2.99896550178528 2.74789047241211 2.77983301877975 2.6957745552063 2.9021669626236 2.77263379096985 2.65112918615341 2.27896267175674 2.53376179933548 2.42297923564911 1.33260693401098 1.48851288557053 1.37169163227081 1.19904314875603 1.17826277017593 1.1757611989975 0.975172899663448 1.04211001843214 1.03141748905182 1.39159879088402 1.36641374230385 1.41101324558258 1.56827241182327 1.79158133268356 2.11083233356476 2.35948956012726 2.35614216327667 2.28655278682709 2.42596346139908 2.61396074295044 -9999 -9999 -9999 -9999 -9999 -9999 -9999 -9999 -9999 -9999 -9999 -9999 -9999 -9999 -9999 -9999 -9999 -9999 -9999 -9999
-9999 -9999 -9999 -9999 -9999 -9999 -9999 -9999 -9999 3.14519906044006 3.00815981626511 3.40617489814758 3.12751793861389 3.05444383621216 2.88396674394608 2.74664855003357 2.79236823320389 2.39921200275421 1.86368477344513 1.40730185061693 1.34483436495066 1.28808371722698 1.49397625923157 1.3449855029583 0.893115364015102 0.892621122300625 1.08791175484657 1.16885987520218 1.10280449688435 1.04378351569176 1.12532323598862 1.33634099364281 1.61106741428375 1.7379891872406 1.81360191106796 2.01788628101349 2.14365595579147 2.29585719108582 2.61844432353973 2.73105150461197 2.6718682050705 5.82354819774628 -9999 -9999 -9999 -9999 -9999 -9999 -9999 -9999 -9999 -9999 -9999 -9999 -9999 -9999 -9999 -9999 -9999 -9999 -9999 -9999
-9999 -9999 -9999 -9999 -9999 -9999 -9999 3.28386068344116 3.23412541151047 3.19019713997841 3.3965699672699 3.39021456241608 3.39202272891998 3.17627334594727 3.02396035194397 3.04430937767029 2.70321303606033 2.21953797340393 2.04102891683578 1.27058907598257 1.2072509676218 1.13607937842607 1.19468566775322 1.16059963703155 0.967651873826981 0.963473260402679 1.50054600834846 1.6666349619627 1.00157999992371 1.0739324837923 1.76885849237442 1.72704219818115 1.76509273052216 1.92474907636642 1.94566279649734 2.00050342082977 1.99033266305923 2.09777694940567 2.23961555957794 2.30469381809235 -9999 5.69786846637726 3.25656187534332 -9999 -9999 -9999 -9999 -9999 -9999 -9999 -9999 -9999 -9999 -9999 -9999 -9999 -9999 -9999 -9999 -9999 -9999 -9999
-9999 -9999 -9999 -9999 -9999 -9999 3.67678785324097 3.87010645866394 3.60274270176888 3.40541481971741 3.52003419399261 3.51896774768829 3.56193208694458 3.47666323184967 3.11701512336731 2.94012594223022 2.78380805253983 2.16447520256042 1.89418423175812 1.37287074327469 1.25334222614765 1.25785687565804 1.08771599829197 1.11124920845032 1.06535828113556 1.06668600440025 1.10040146112442 0.873616486787796 1.08294701576233 2.3534579873085 1.94429975748062 2.25320398807526 1.67712754011154 1.92615079879761 1.9913774728775 2.14086306095123 2.56026756763458 2.54243105649948 2.56457483768463 -9999 -9999 -9999 -9999 -9999 -9999 -9999 -9999 -9999 -9999 -9999 -9999 -9999 -9999 -9999 -9999 -9999 -9999 -9999 -9999 -9999 -9999 -9999
-9999 -9999 -9999 -9999 3.24321305751801 3.90059459209442 3.67316687107086 3.66109657287598 3.06195306777954 3.52614462375641 3.48867237567902 3.56726932525635 3.64284896850586 3.48311483860016 3.21461856365204 2.86520254611969 2.54567921161652 1.61164873838425 1.3842945098877 1.39528602361679 1.35706318616867 1.15340173244476 1.16700674593449 1.23550799489021 1.41862839460373 1.75491262972355 1.76060020923615 1.68943950533867 1.91532558202744 2.20252650976181 2.36974462866783 2.38612306118011 1.40731725096703 1.92584556341171 2.36429625749588 2.48733294010162 2.89117419719696 7.51029109954834 -9999 -9999 -9999 -9999 -9999 -9999 -9999 -9999 -9999 -9999 -9999 -9999 -9999 -9999 -9999 -9999 -9999 -9999 -9999 -9999 -9999 -9999 -9999 -9999
-9999 -9999 -9999 -9999 3.46643543243408 4.03131294250488 3.65829455852509 3.4909154176712 3.8180136680603 3.85928392410278 3.6761280298233 3.55856609344482 2.87556433677673 2.71753352880478 2.9010517001152 2.5649294257164 2.35470682382584 1.58591848611832 1.21824565529823 1.4808625459671 1.23825225234032 1.167624771595 1.24935449659824 1.34601603448391 1.74418652057648 2.4035197198391 1.29535526037216 1.46606600284576 2.14715096354485 2.50390577316284 2.47696763277054 2.08224183320999 2.36391180753708 2.26283633708954 2.56851518154144 3.11718606948853 4.130774974823 -9999 -9999 -9999 -9999 -9999 -9999 -9999 -9999 -9999 -9999 -9999 -9999 -9999 -9999 -9999 -9999 -9999 -9999 -9999 -9999 -9999 -9999 -9999 -9999 -9999
-9999 4.66763770580292 4.34517896175385 3.71855700016022 3.74156320095062 3.46559250354767 3.35478615760803 3.50717842578888 3.75966060161591 3.65801846981049 3.50598657131195 2.7722527384758 2.46988755464554 2.26996958255768 2.37401551008224 2.3345587849617 1.78242954611778 1.6929253578186 1.61222476959229 1.51784457564354 1.23288559913635 1.19301974773407 1.23960724473 1.43210822343826 1.44773799180984 1.70884129405022 1.52458149194717 1.70425808429718 1.19790521264076 1.29890325665474 2.37748527526855 2.47367823123932 2.12223082780838 2.1269114613533 10.4176733493805 -9999 -9999 -9999 -9999 -9999 -9999 -9999 -9999 -9999 -9999 -9999 -9999 -9999 -9999 -9999 -9999 -9999 -9999 -9999 -9999 -9999 -9999 -9999 -9999 -9999 -9999 -9999
4.03643238544464 4.37397229671478 3.91944766044617 3.80969989299774 3.38782560825348 3.34011054039001 3.19891810417175 3.39614117145538 4.23949861526489 3.45935860276222 2.79804223775864 2.64133650064468 2.73804122209549 2.30938649177551 1.94605594873428 1.75140249729156 1.50310277938843 1.34257520735264 1.23555198311806 1.27261951565742 1.17173099517822 1.25668951869011 1.49948298931122 1.5127876996994 1.45578774809837 2.24266532063484 2.35263749957085 1.57054352760315 2.21310603618622 2.74352395534515 2.92023682594299 3.20209515094757 2.71235328912735 -9999 -9999 -9999 -9999 -9999 -9999 -9999 -9999 -9999 -9999 -9999 -9999 -9999 -9999 -9999 -9999 -9999 -9999 -9999 -9999 -9999 -9999 -9999 -9999 -9999 -9999 -9999 -9999 -9999
4.16522240638733 4.73438608646393 5.10319197177887 3.27133893966675 3.42986285686493 3.3747410774231 3.59231054782867 3.89834296703339 4.01987171173096 3.29052677750587 2.87602642178535 2.35523706674576 2.03518575429916 1.76380787576948 1.87165528535843 1.66510128974915 1.59727644068854 1.33246374130249 1.35042801499367 1.30503877997398 1.48209470510483 1.64415627717972 1.57608652114868 1.50773924589157 1.67529326677322 1.94405400753021 2.14549791812897 2.56027275323868 2.94044172763824 3.08092939853668 3.16857755184174 3.01686024665833 2.70316725969315 7.69027519226074 10.9552803039551 -9999 -9999 -9999 -9999 -9999 -9999 -9999 -9999 -9999 -9999 -9999 -9999 -9999 -9999 -9999 -9999 -9999 -9999 -9999 -9999 -9999 -9999 -9999 -9999 -9999 -9999 -9999
3.21766901016235 3.21496176719666 3.2191036939621 3.36740565299988 3.83190357685089 3.74173128604889 4.12501680850983 3.11222195625305 3.64224004745483 3.2554769217968 2.37379854917526 2.10885429382324 1.76812493801117 1.62438604235649 1.47713963474546 1.47686147689819 1.36371147632599 1.46624180674553 1.51820096373558 1.57370254397392 1.85566940903664 2.39067725837231 1.9566535949707 1.92851588129997 2.28671139478683 1.9308443069458 1.96573948860168 2.6708310842514 3.28754103183746 5.33218860626221 -9999 -9999 -9999 -9999 -9999 -9999 -9999 -9999 -9999 -9999 -9999 -9999 -9999 -9999 -9999 -9999 -9999 -9999 -9999 -9999 -9999 -9999 -9999 -9999 -9999 -9999 -9999 -9999 -9999 -9999 -9999 -9999
3.79428917169571 3.82971641421318 3.99993690848351 3.91975951194763 4.1633323431015 3.77622938156128 3.73977875709534 4.05195443630219 3.02583372592926 2.60095876455307 2.25355172157288 1.90184298157692 1.62648877501488 1.61531826853752 1.61469048261642 1.62386494874954 1.76908197999001 1.64294409155846 1.48316024243832 1.56759260594845 1.92339080572128 2.25297680497169 2.25714674592018 2.39853233098984 2.62889090180397 2.02549356222153 2.26289695501328 2.09863042831421 2.99128932952881 5.18434274196625 4.79372334480286 10.5003397464752 -9999 -9999 -9999 -9999 -9999 -9999 -9999 12.6942715644836 -9999 -9999 -9999 -9999 -9999 -9999 -9999 -9999 -9999 -9999 -9999 -9999 -9999 -9999 -9999 -9999 -9999 -9999 -9999 -9999 -9999 -9999
13.7215476036072 8.80951023101807 6.47092580795288 5.3589551619121 4.63353441442762 4.44157040119171 3.77872431278229 4.52807700634003 3.58120107650757 3.65595209598541 3.01701736450195 2.07562163472176 1.94929879903793 1.83807107806206 1.84620487689972 1.95391005277634 1.83297711610794 1.53810900449753 1.87046438455582 2.14104223251343 2.26644632220268 2.28081902861595 2.40614104270935 2.61858129501343 2.73771053552628 2.79927253723145 2.83238524198532 2.76432126760483 4.86577641963959 5.65535616874695 3.30022573471069 3.42093944549561 -9999 -9999 -9999 -9999 -9999 -9999 -9999 -9999 -9999 -9999 -9999 -9999 -9999 -9999 -9999 -9999 -9999 -9999 -9999 -9999 -9999 -9999 -9999 -9999 -9999 -9999 -9999 -9999 -9999 -9999
-9999 -9999 -9999 -9999 -9999 3.20281362533569 3.41045721939632 3.26020228862762 2.74925231933594 2.03246337175369 1.95082846283913 2.07720201015472 1.96620832085609 1.97734542489052 2.03478986620903 1.89845917224884 1.98262882232666 2.05839908123016 2.09023386240005 2.3784014582634 2.69026279449463 2.69527244567871 2.82243281602859 3.13810360431671 3.04097464084625 3.49673008918762 -9999 -9999 -9999 -9999 -9999 -9999 -9999 -9999 -9999 -9999 -9999 -9999 -9999 -9999 -9999 -9999 -9999 -9999 -9999 -9999 -9999 -9999 -9999 -9999 -9999 -9999 -9999 -9999 -9999 -9999 -9999 -9999 -9999 -9999 -9999 -9999
-9999 -9999 -9999 -9999 -9999 -9999 2.97559690475464 2.51343542337418 1.9605574965477 1.97739045023918 2.08379078507423 2.04358377456665 2.01385753154755 2.03063875436783 1.65343880653381 2.14802473783493 2.20437562465668 2.22701954841614 2.28632292151451 2.93073379993439 3.06688499450684 3.16281402111053 3.14151453971863 2.66331607103348 -9999 -9999 -9999 -9999 -9999 -9999 -9999 -9999 -9999 -9999 -9999 -9999 -9999 -9999 -9999 -9999 -9999 -9999 -9999 -9999 -9999 -9999 -9999 -9999 -9999 -9999 -9999 -9999 -9999 -9999 -9999 -9999 -9999 -9999 -9999 -9999 -9999 -9999
-9999 2.50102669000626 2.50102686882019 3.45616257190704 2.83610558509827 2.89584523439407 3.18673503398895 2.12304121255875 1.65860617160797 1.68270152807236 1.82577221095562 1.95516818761826 1.99669951200485 1.97650122642517 1.68528521060944 2.58749440312386 2.75664299726486 2.91962122917175 3.71832001209259 3.06583142280579 3.24808537960052 4.2055846452713 -9999 -9999 -9999 -9999 -9999 -9999 -9999 -9999 -9999 -9999 -9999 -9999 -9999 -9999 -9999 -9999 -9999 -9999 -9999 -9999 -9999 -9999 -9999 -9999 -9999 -9999 -9999 -9999 -9999 -9999 -9999 -9999 -9999 -9999 -9999 -9999 -9999 -9999 -9999 -9999
-9999 2.29422663790839 2.21162318331855 4.04310221672058 4.20782250165939 4.37001299858093 2.22202717065811 1.91037154197693 1.98246073722839 1.67532902956009 2.85107105970383 2.89863002300262 2.80005222558975 2.57807922363281 3.17681276798248 3.82655954360962 10.3818243741989 9.9398889541626 -9999 -9999 -9999 -9999 -9999 -9999 -9999 -9999 -9999 -9999 -9999 -9999 -9999 -9999 -9999 -9999 -9999 -9999 -9999 -9999 -9999 -9999 -9999 -9999 -9999 -9999 -9999 -9999 -9999 -9999 -9999 -9999 -9999 -9999 -9999 -9999 -9999 -9999 -9999 -9999 -9999 -9999 -9999 -9999
-9999 2.76064306497574 3.15303945541382 2.95503898859024 2.77002872228622 2.46735770702362 1.63835089802742 1.72834839820862 2.08036243915558 2.4335729598999 3.41982585191727 4.52863276004791 -9999 -9999 -9999 -9999 -9999 -9999 -9999 -9999 -9999 -9999 -9999 -9999 -9999 -9999 -9999 -9999 -9999 -9999 -9999 -9999 -9999 -9999 -9999 -9999 -9999 -9999 -9999 -9999 -9999 -9999 -9999 -9999 -9999 -9999 -9999 -9999 -9999 -9999 -9999 -9999 -9999 -9999 -9999 -9999 -9999 -9999 -9999 -9999 -9999 -9999
