EcologicalScience/Bass/data/rs_data_bass/chl_497.asc
NCOLS 226 
NROWS 124 
XLLCORNER -9.41648524995501 
YLLCORNER 47.587301625531 
CELLSIZE 0.0833 
NODATA_value -9999 
[rows 81 to 107 of 124, columns 62 to 123 of 226]
3.85158455371857 5.97498106956482 7.6620512008667 7.66205191612244 -9999 -9999 -9999 -9999 -9999 -9999 -9999 -9999 -9999 -9999 -9999 -9999 -9999 -9999 -9999 -9999 -9999 -9999 -9999 -9999 -9999 -9999 -9999 -9999 -9999 -9999 -9999 -9999 -9999 -9999 -9999 -9999 -9999 -9999 -9999 -9999 -9999 -9999 -9999 -9999 -9999 -9999 -9999 -9999 -9999 -9999 -9999 -9999 -9999 -9999 -9999 -9999 -9999 -9999 -9999 -9999 -9999 -9999
2.60273013166759 -9999 -9999 -9999 -9999 -9999 -9999 -9999 -9999 -9999 -9999 -9999 -9999 -9999 -9999 -9999 -9999 -9999 -9999 -9999 -9999 -9999 -9999 -9999 -9999 -9999 -9999 -9999 -9999 -9999 -9999 -9999 -9999 -9999 -9999 -9999 -9999 -9999 -9999 -9999 -9999 -9999 -9999 -9999 -9999 -9999 -9999 -9999 -9999 -9999 -9999 -9999 -9999 -9999 -9999 -9999 -9999 -9999 -9999 -9999 -9999 -9999
-9999 -9999 -9999 -9999 -9999 -9999 -9999 -9999 -9999 -9999 -9999 -9999 -9999 -9999 -9999 -9999 -9999 -9999 -9999 -9999 -9999 -9999 -9999 -9999 -9999 -9999 -9999 -9999 -9999 -9999 -9999 -9999 -9999 -9999 -9999 -9999 -9999 -9999 -9999 -9999 -9999 -9999 -9999 -9999 -9999 -9999 -9999 -9999 -9999 -9999 -9999 -9999 -9999 -9999 -9999 -9999 -9999 -9999 -9999 -9999 -9999 -9999
-9999 -9999 -9999 -9999 -9999 -9999 -9999 -9999 -9999 -9999 -9999 -9999 -9999 -9999 -9999 -9999 -9999 -9999 -9999 -9999 -9999 -9999 -9999 -9999 -9999 -9999 -9999 -9999 -9999 -9999 -9999 -9999 -9999 -9999 -9999 -9999 -9999 -9999 -9999 -9999 -9999 -9999 -9999 -9999 -9999 -9999 -9999 -9999 -9999 -9999 -9999 -9999 -9999 -9999 -9999 -9999 -9999 3.02762926241447 2.51606380939484 1.86523944139481 1.86087495088577 1.8356596827507
-9999 -9999 -9999 -9999 -9999 -9999 -9999 -9999 -9999 -9999 -9999 -9999 -9999 -9999 -9999 -9999 -9999 -9999 -9999 -9999 -9999 -9999 -9999 -9999 -9999 -9999 -9999 -9999 -9999 -9999 -9999 -9999 -9999 -9999 -9999 -9999 37.1749906539917 4.21078488230705 3.58374508221944 3.48654468854268 -9999 -9999 2.3421488404274 2.24783965945244 2.13788384199142 3.83130741119385 3.84324932098389 3.84736311435699 2.52206683158875 2.4492769241333 2.38493883609772 2.64331114292145 -9999 -9999 2.88445574045181 2.69694298505783 2.54639405012131 2.43965888023376 2.36312282085419 1.99820303916931 1.61505085229874 1.34839910268784
-9999 -9999 -9999 -9999 -9999 -9999 -9999 -9999 -9999 -9999 -9999 -9999 -9999 2.04121162891388 2.18270444869995 2.20227420330048 2.03823101520538 2.51272791624069 1.12509450316429 -9999 -9999 -9999 -9999 -9999 -9999 -9999 -9999 -9999 2.50793789965766 2.20753176723208 2.62610650062561 2.78364184498787 2.87101569771767 3.66949796676636 -9999 -9999 -9999 3.42377486228943 2.93232595920563 2.89484751224518 2.88970071077347 2.78657448291779 2.88832944631577 2.86779642105103 2.82100027799606 2.86173713207245 2.23043310642242 2.2391152381897 2.30552071332932 2.27698224782944 2.17763662338257 2.11253723502159 2.11793959140778 2.23986852169037 2.0384361743927 2.01273229718208 2.00348001718521 1.73654696345329 1.50501865148544 1.29937565326691 1.13459193706512 1.07669973373413
-9999 -9999 -9999 -9999 -9999 -9999 -9999 -9999 -9999 -9999 2.34098410606384 2.4141708612442 2.10280269384384 1.82625478506088 1.55549293756485 1.58546358346939 1.45384749770164 1.41046991944313 1.30798950791359 1.20059958100319 1.34634718142058 1.64768973737955 1.74912966489792 1.75156129598618 2.10957648565895 2.083298768316 -9999 1.61000657743878 2.133953332901 2.27066498994827 2.35554215312004 2.5210565328598 2.5210565328598 2.40909004211426 2.74968668818474 -9999 2.73421182321466 2.92459243535995 2.8628865480423 2.76347869634628 2.77438378334045 2.0820050239563 2.19355952739716 2.53732395172119 2.63978898525238 1.78171527385712 1.52908319234848 2.03220089524984 1.86814047396183 1.8076858073473 1.75896431878209 1.60899585485458 1.67041262984276 0.786890834569931 0.747046083211899 0.673004239797592 0.628816768527031 0.600592017173767 1.27896776795387 1.0459831058979 0.990506231784821 0.997004300355911
-9999 -9999 -9999 -9999 -9999 -9999 -9999 -9999 1.70793100503775 1.07415964454412 1.87434607744217 1.78299307823181 1.45135554671288 1.31207719445229 1.25648412108421 1.27948397397995 1.33251884579659 1.36986994743347 1.36860322952271 1.5129546225071 1.53985168039799 1.55472895503044 1.90581518411636 1.90581518411636 1.89213526248932 1.86125189065933 2.08711516857147 2.24249768257141 2.10618880391121 2.09112864732742 2.09610566496849 2.07376956939697 2.0991747379303 2.40516030788422 2.57511180639267 2.74489408731461 2.7593292593956 2.67297458648682 2.64314675331116 2.63576871156693 2.74570634365082 2.41317486763 2.63159472942352 2.50935795307159 2.3060800909996 1.82394971698523 1.59871157258749 1.16002947092056 1.17402291297913 0.952306151390076 0.740826353430748 0.740271627902985 0.748908966779709 0.733085364103317 0.719476997852325 0.720651760697365 0.70791882276535 0.672996014356613 1.03794980049133 0.934106886386871 0.90799942612648 0.935318231582642
-9999 -9999 -9999 -9999 -9999 -9999 -9999 -9999 -9999 1.24575179815292 0.977421429008245 1.18271121382713 1.17914441227913 1.14010003209114 1.13996788859367 1.17150261998177 1.28037044405937 1.25859224796295 1.40563900470734 1.57279595732689 1.61457440257072 1.65100836753845 1.90972280502319 1.68929189443588 1.70108485221863 1.82629823684692 1.80123281478882 1.83140337467194 1.84703609347343 1.87032669782639 1.85512501001358 1.97595235705376 2.06621617078781 2.13583904504776 2.25125408172607 2.38344371318817 2.48557382822037 2.50006449222565 2.51252990961075 2.43758553266525 2.35057836771011 2.27459582686424 2.15389949083328 2.0352179646492 1.56145593523979 1.39409723877907 1.24684810638428 1.18375676870346 0.766023069620132 0.752054929733276 0.737843245267868 0.724933683872223 0.745953932404518 0.747250512242317 0.743908524513245 0.755149841308594 0.737344935536385 0.689939394593239 0.91174590587616 0.861185878515244 0.849086880683899 0.850103884935379
-9999 -9999 -9999 -9999 -9999 -9999 -9999 -9999 -9999 0.993075482547283 0.977568201720715 0.846803277730942 0.873973488807678 0.873973488807678 0.965726461261511 1.2138879597187 1.26513013243675 1.28986144065857 1.26235377788544 1.24172620475292 1.38948753476143 1.45253750681877 1.54734273254871 1.59946247935295 1.53613722324371 1.58416163921356 1.49387669563293 1.54892554879189 1.57283815741539 1.58981743454933 1.583531498909 1.61205875873566 1.72112789154053 1.64825859665871 1.7502521276474 1.99706494808197 2.16562253236771 2.17158859968185 2.17258080840111 2.18076440691948 2.11356344819069 1.85383132100105 1.58166465163231 1.36779490113258 1.21420955657959 1.15167325735092 0.768202811479568 0.775714069604874 0.768306881189346 0.732910349965096 0.720829412341118 0.724079757928848 0.747267588973045 0.778926640748978 0.837093830108643 0.86138641834259 0.842242509126663 0.683872237801552 0.765758782625198 0.770256668329239 0.873165249824524 0.876074641942978
1.39460751414299 0.828514218330383 0.935561102628708 0.87398709654808 0.817569589614868 -9999 -9999 0.793512225151062 0.784274250268936 0.755892634391785 1.23437733334654 1.1202257797122 1.10918442159891 1.06970201169743 1.20957291126251 1.20957291126251 1.12293049693108 1.116480499506 1.11087888479233 1.03962072730064 1.09015153348446 1.17362214624882 1.19129244983196 1.23759703338146 1.26581816375256 1.27085275948048 1.2183233499527 1.24293985962868 1.20875295996666 1.176692917943 1.19601501524448 1.1723098307848 1.23891505599022 1.28797334432602 1.34077426791191 1.40958505868912 1.41928070783615 1.41533660888672 1.42010250687599 1.46908671855927 1.34145387411118 1.13447013497353 1.06270407140255 1.03260551393032 1.02323268353939 0.678225919604301 0.714654520153999 0.70450522005558 0.697403758764267 0.712963476777077 0.711482763290405 0.743717640638351 0.788533955812454 0.820438206195831 0.831862717866898 0.867536008358002 0.765437811613083 1.06184756755829 0.805340588092804 0.808253556489944 0.866966664791107 0.863969296216965
0.550920769572258 0.617250010371208 0.707672283053398 0.792811715602875 0.874379068613052 0.888099467754364 0.928821140527725 0.583106815814972 0.702993616461754 0.740475431084633 0.834871351718903 0.984227299690247 0.991839185357094 1.18995472043753 1.13232309222221 1.13538330048323 0.960211426019669 0.960985511541367 1.07218891382217 1.03473320603371 0.65968157351017 0.670406073331833 0.698742091655731 0.73724439740181 0.732865869998932 0.728259176015854 1.01807217299938 1.00330522656441 1.01244543492794 1.02406919002533 1.02458940446377 0.959284663200378 0.967981457710266 0.996957391500473 0.99386128783226 0.897828713059425 0.934865087270737 1.00223770737648 0.964493364095688 0.962393969297409 0.945020541548729 0.955266043543816 0.979151397943497 0.601764723658562 0.624811068177223 0.638826504349709 0.665790662169456 0.699728384613991 0.693404898047447 0.65942457318306 0.686953380703926 0.78611746430397 0.829043984413147 0.828072756528854 0.845510065555573 0.814652323722839 0.822260677814484 1.07565128803253 0.82058510184288 0.78708216547966 1.13314877450466 1.02093294262886
0.477786004543304 0.484089732170105 0.447313472628593 0.4844850897789 0.563060715794563 0.715769156813622 0.679565750062466 0.50261615216732 0.525195226073265 0.872220039367676 0.872220039367676 0.864539109170437 0.815889470279217 0.720035143196583 0.707890912890434 0.785369491577148 0.804276078939438 1.07154482603073 1.04386478662491 0.88135090470314 0.689347296953201 0.688095062971115 0.675539687275887 0.707451671361923 0.656945943832397 0.622449830174446 0.602270320057869 0.613872304558754 0.914168179035187 0.91257506608963 0.915107548236847 0.9176005423069 0.918374329805374 0.941825240850449 0.964052125811577 0.934705638885498 0.870645865797997 0.878991886973381 0.933180093765259 0.958999574184418 0.968611443042755 0.903795465826988 0.671226650476456 0.638775452971458 0.635505974292755 0.631176263093948 0.636515468358994 0.631393432617188 0.645358219742775 0.681978151202202 0.706338062882423 0.82163867354393 0.820813715457916 0.797945111989975 0.790239125490189 0.799369722604752 0.790597826242447 0.816270232200623 1.19419093430042 1.24977537989616 1.23764052987099 1.20628689229488
0.442981213331223 0.448451355099678 0.458715006709099 0.427565172314644 0.42244479060173 0.422742828726768 0.476310878992081 0.51088073849678 0.467830836772919 0.525366760790348 0.496329233050346 0.512405723333359 0.723012566566467 0.752790033817291 0.720177680253983 0.757071644067764 0.757071644067764 0.806581199169159 0.822125405073166 0.848156869411469 0.751464933156967 0.777694165706635 0.714093759655952 0.673762813210487 0.609862893819809 0.608465194702148 0.572933480143547 0.562599375844002 0.946222275495529 0.965308994054794 0.872110337018967 0.872110337018967 0.89116308093071 0.843755915760994 0.840453609824181 0.839735612273216 0.845208451151848 0.842497497797012 0.861278757452965 0.87093548476696 0.913954436779022 0.911663949489594 0.684017792344093 0.621648117899895 0.633613049983978 0.632663056254387 0.629934757947922 0.640200778841972 0.686915919184685 0.751423180103302 0.825494438409805 0.804347276687622 0.780117899179459 0.743793413043022 0.750730365514755 0.759954035282135 1.20187389850616 0.979123145341873 0.979384392499924 0.979504108428955 1.08807983994484 1.08949068188667
0.444106355309486 0.460348919034004 0.453985691070557 0.434786304831505 0.42097632586956 0.421653002500534 0.44277960062027 0.443655163049698 0.436091512441635 0.414810821413994 0.505586408078671 0.561854124069214 0.632853224873543 0.65636770427227 0.813109159469604 0.824243009090424 0.838556081056595 0.767511606216431 0.691136822104454 0.760863929986954 0.696629405021667 0.70394141972065 0.716680005192757 0.668565720319748 0.788187950849533 0.694225609302521 0.554433658719063 0.964427746832371 0.723573803901672 0.676640331745148 0.72667407989502 0.726674124598503 0.91696897149086 0.873087003827095 0.871642380952835 0.507755845785141 0.534188345074654 0.604957401752472 0.615511357784271 0.578228071331978 0.627695202827454 0.674788266420364 0.649159803986549 0.637633323669434 0.64743210375309 0.663685753941536 0.657528653740883 0.70173043012619 0.765104949474335 0.807897537946701 0.766732782125473 0.734853833913803 0.69387786090374 0.670444205403328 0.680432125926018 0.68536488711834 1.09052029252052 1.25290104746819 1.48807346820831 1.48311388492584 1.73741036653519 1.34626176953316
0.391515076160431 0.420067191123962 0.391216278076172 0.417111039161682 0.455418929457664 0.443401336669922 0.422132760286331 0.401078134775162 0.408566951751709 0.422481849789619 0.529724255204201 0.430652841925621 0.468828678131104 0.508659437298775 0.514543175697327 0.694611936807632 0.742100894451141 0.694914132356644 0.667705804109573 0.66191178560257 0.713727012276649 0.739192821085453 0.754403471946716 0.508189827203751 0.634579852223396 0.924317747354507 0.967443645000458 0.963855654001236 1.01970706880093 0.954473495483398 1.14697583019733 1.14370930194855 1.13478608429432 0.918013855814934 1.06905810534954 0.611906960606575 0.602742254734039 0.590334489941597 0.592784017324448 0.611108958721161 0.626424551010132 0.727274402976036 0.7381611764431 0.744767591357231 0.718409568071365 0.696840360760689 0.701774463057518 0.750213593244553 0.801629304885864 0.699919536709785 0.636127799749374 0.630255728960037 0.691492572426796 0.753668367862701 0.753811597824097 1.07673579454422 1.64814412593842 1.75083231925964 1.9581658244133 2.30630552768707 2.52407985925674 2.61579889059067
0.372517235577106 0.417474567890167 0.419858649373055 0.480027705430984 0.461031094193459 0.441114842891693 0.423974141478539 0.40836127102375 0.420776188373566 0.486628085374832 0.497156783938408 0.509439200162888 0.482380762696266 0.579464703798294 0.599165104329586 0.61980964243412 0.640200197696686 0.628683239221573 0.637982055544853 0.658942893147469 0.767482727766037 0.916292935609818 0.954074576497078 0.811659201979637 1.0248177498579 0.924080014228821 1.14580893516541 1.15479648113251 1.13494008779526 1.37672039866447 1.26164594292641 1.2105305492878 1.18322861194611 1.12420043349266 1.12646171450615 1.02575808763504 0.842773854732513 0.699824541807175 0.689504876732826 0.685887336730957 0.688563466072083 0.717681929469109 0.85855507850647 0.834173083305359 0.793346554040909 0.750191867351532 0.688104942440987 0.693491131067276 0.72690238058567 0.637363851070404 0.632592648267746 0.68557445704937 0.809184640645981 0.970176458358765 1.0903787612915 1.49623927474022 1.57319158315659 -9999 -9999 -9999 -9999 -9999
0.394044533371925 0.461541160941124 0.449937790632248 0.498310625553131 0.449487492442131 0.425488382577896 0.39901927113533 0.395364716649055 0.43775175511837 0.50063256919384 0.56497648358345 0.584563359618187 0.55578701198101 0.543618276715279 0.798611104488373 0.55141881108284 0.534203588962555 0.572675496339798 0.690327733755112 0.721164867281914 0.740381330251694 0.74795763194561 0.825839281082153 0.898501306772232 1.02688524127007 1.11616703867912 1.28435088694096 1.41361606121063 1.3822900056839 1.38032184541225 1.31159989535809 1.22651723027229 1.15787842869759 1.06724408268929 1.00487199425697 1.08182090520859 1.01733800768852 0.876376837491989 0.80268332362175 0.860559582710266 0.781434416770935 0.760827004909515 0.802947789430618 0.83570185303688 0.833312720060349 0.839782297611237 0.761798679828644 0.820489972829819 0.842500895261765 0.833071410655975 0.977670550346375 1.48501431941986 1.84444105625153 1.88025552034378 1.59288147836924 -9999 -9999 -9999 -9999 -9999 -9999 -9999
0.445646390318871 0.461006104946136 0.524317011237144 0.506346344947815 0.41988842189312 0.389508068561554 0.40150398015976 0.459199234843254 0.517966076731682 0.561367571353912 0.577300876379013 0.554696962237358 0.519128903746605 0.550358712673187 0.9998579621315 0.901876509189606 0.595292195677757 0.625504195690155 0.755072057247162 0.702824011445045 0.770431905984879 0.81632262468338 0.984446503221989 0.738136142492294 0.825111865997314 1.07052478194237 1.20484931766987 1.12718018889427 1.12718027830124 -9999 -9999 -9999 -9999 -9999 -9999 3.14426672458649 1.35514305531979 1.24281620979309 0.963200926780701 0.916912883520126 0.842632234096527 0.782609492540359 0.723535761237144 0.775577366352081 0.799914747476578 0.832555890083313 0.784190833568573 1.00391158461571 1.32126635313034 1.60263901948929 1.40216428041458 1.61518281698227 2.07139652967453 1.9762424826622 1.97624230384827 -9999 -9999 -9999 -9999 -9999 -9999 -9999
0.419014692306519 0.368996322154999 0.372716903686523 0.339969880878925 0.344253703951836 0.38322351872921 0.448456451296806 0.490272134542465 0.605698585510254 0.657876938581467 0.578543677926064 0.49480028450489 0.427431866526604 0.390581399202347 0.674568325281143 0.677689433097839 0.626284919679165 0.938587367534637 1.03482475876808 1.03482475876808 0.928856313228607 1.0551705211401 0.693511605262756 0.735084906220436 0.819201439619064 0.89553827047348 1.04409089684486 1.09691539406776 1.39653879404068 -9999 -9999 -9999 -9999 -9999 -9999 2.98838862776756 2.08260676264763 1.00013208389282 0.946860998868942 0.945752799510956 0.892662137746811 0.821328520774841 0.771940737962723 0.730209097266197 0.666318207979202 0.751421749591827 0.758333176374435 0.91028156876564 1.00503140687943 1.41995984315872 1.78107851743698 1.916075527668 -9999 -9999 -9999 -9999 -9999 -9999 -9999 -9999 -9999 -9999
0.331035286188126 0.38115482032299 0.420970380306244 0.417616054415703 0.42879518866539 0.470656514167786 0.509314477443695 0.474111378192902 0.456599101424217 0.445541650056839 0.446150422096252 0.438611581921577 0.617585398256779 0.61873834580183 0.683468252420425 0.698796406388283 0.648920729756355 0.734335765242577 0.996954493224621 1.14225791394711 0.819621955856271 0.870508897304535 0.692034780979156 0.671468809247017 0.789229810237885 1.09541863203049 1.18151181936264 1.31640869379044 1.59241846203804 -9999 -9999 -9999 -9999 -9999 -9999 -9999 3.88024753332138 2.25676582753658 2.31105087697506 0.957560956478119 1.03109925985336 0.817253082990646 0.865802496671677 0.928905308246613 0.883587867021561 0.993598401546478 0.972840428352356 0.852891683578491 0.98248878121376 1.93926340341568 2.19030725955963 2.58360260725021 2.69680398702621 -9999 -9999 -9999 -9999 -9999 -9999 -9999 -9999 -9999
0.300970382988453 0.386935606598854 0.480167984962463 0.430415153503418 0.465081989765167 0.479416787624359 0.448777243494987 0.426459610462189 0.44520503282547 0.461857929825783 0.555428981781006 0.58390474319458 0.673822470009327 0.690021626651287 0.696204051375389 0.69074908643961 0.655674278736115 0.698049739003181 0.748494803905487 0.972397550940514 0.98902653157711 0.657171249389648 0.683370843529701 0.780664443969727 0.847042053937912 1.03352746367455 1.14119777083397 1.28795421123505 1.51246404647827 1.60693207383156 -9999 -9999 -9999 -9999 -9999 -9999 -9999 3.68837577104568 3.25611510872841 2.74411198496819 2.39025807380676 2.02924901247025 2.08006292581558 2.08300656080246 2.57501864433289 2.12448012828827 2.13004285097122 2.49278444051743 5.34041011333466 1.16804945468903 5.22294473648071 2.31392222642899 3.35149705410004 -9999 -9999 -9999 -9999 -9999 -9999 -9999 -9999 -9999
0.285751305520535 0.450918294489384 0.330504544079304 0.380129233002663 0.472390338778496 0.472390338778496 0.415528446435928 0.449819594621658 0.476089328527451 0.513707533478737 0.519988730549812 0.544914722442627 0.750259146094322 0.774078123271465 0.718104228377342 0.703882902860641 0.688636392354965 0.709777817130089 0.646405979990959 0.621602296829224 0.581771448254585 0.588588505983353 0.639587000012398 0.944043517112732 1.04266315698624 1.09486117959023 1.29808124899864 1.30409547686577 1.3222787976265 1.55460977554321 1.81417015194893 -9999 -9999 -9999 -9999 -9999 -9999 -9999 -9999 -9999 -9999 -9999 -9999 -9999 -9999 -9999 3.65490746498108 3.03353556990623 4.16163012385368 4.5992279201746 3.3287695646286 -9999 -9999 -9999 -9999 -9999 -9999 -9999 -9999 -9999 -9999 -9999
0.43431631475687 0.427853420376778 0.431411549448967 0.449008964002132 0.486021660268307 0.504476889967918 0.525743365287781 0.554692894220352 0.578621596097946 0.591098427772522 0.60360024869442 0.650058165192604 0.704648114740849 0.744317516684532 0.786761417984962 0.601200118660927 0.644851416349411 0.703935518860817 0.713900908827782 0.641054570674896 0.601492032408714 0.619791090488434 0.660768985748291 0.706832617521286 1.54296929240227 -9999 1.29906275868416 1.21111384034157 1.19390040636063 1.15670657157898 1.32191526889801 1.8160092830658 -9999 -9999 -9999 -9999 -9999 -9999 -9999 -9999 -9999 -9999 -9999 -9999 -9999 -9999 -9999 -9999 -9999 -9999 -9999 -9999 -9999 -9999 -9999 -9999 -9999 -9999 -9999 -9999 -9999 -9999
0.414142414927483 0.409656397998333 0.425883427262306 0.431851498782635 0.437559641897678 0.45951285213232 0.53152459859848 0.555050522089005 0.517732545733452 0.528837203979492 0.566396221518517 0.695791393518448 0.732325986027718 0.733996331691742 0.746146157383919 0.686452880501747 0.702430844306946 0.733269721269608 0.680433601140976 0.666548162698746 0.737564653158188 0.702463880181313 0.773306518793106 0.975093573331833 1.30217903852463 1.38205495476723 1.21079939603806 1.26670682430267 1.53589564561844 2.39429444074631 1.65300607681274 1.64913511276245 -9999 -9999 -9999 -9999 -9999 -9999 -9999 -9999 -9999 -9999 -9999 -9999 -9999 -9999 -9999 -9999 -9999 -9999 -9999 -9999 -9999 -9999 -9999 -9999 -9999 -9999 -9999 -9999 -9999 -9999
0.415040574967861 0.421686999499798 0.428742572665215 0.371293120086193 0.358239278197289 0.353785648941994 0.417260840535164 0.547941192984581 0.543829411268234 0.520020604133606 0.54934886097908 0.712275445461273 0.831654220819473 0.77864545583725 0.701903387904167 0.684860453009605 0.723805949091911 0.751995474100113 0.744806528091431 0.750386148691177 0.852892845869064 0.772930204868317 0.66489440202713 0.713643774390221 0.84782874584198 0.99669474363327 1.11305424571037 1.1280552148819 1.26145586371422 1.60866862535477 2.13394814729691 2.47953379154205 -9999 -9999 -9999 -9999 -9999 -9999 -9999 -9999 -9999 -9999 -9999 -9999 -9999 -9999 -9999 -9999 -9999 -9999 -9999 -9999 -9999 -9999 -9999 -9999 -9999 -9999 -9999 -9999 -9999 -9999
0.434329234063625 0.433405347168446 0.327193938195705 0.357526056468487 0.416055724024773 0.438377201557159 0.453183531761169 0.500631049275398 0.547235727310181 0.92081107199192 0.78645658493042 0.904501587152481 0.772027641534805 0.771760761737823 0.75152724981308 0.670038118958473 0.713253915309906 0.738838836550713 0.718917354941368 0.714383035898209 0.654962718486786 0.650235235691071 0.667761102318764 0.953437864780426 1.30574807524681 1.38984006643295 1.19473376870155 1.10551053285599 1.15597683191299 1.08215081691742 1.75961977243423 2.50585091114044 -9999 -9999 -9999 -9999 -9999 -9999 -9999 -9999 -9999 -9999 -9999 -9999 -9999 -9999 -9999 -9999 -9999 -9999 -9999 -9999 -9999 -9999 -9999 -9999 -9999 -9999 -9999 -9999 -9999 -9999
