EcologicalScience/Bass/data/rs_data_bass/chl_127.asc
NCOLS 226 
NROWS 124 
XLLCORNER -9.41648524995501 
YLLCORNER 47.587301625531 
CELLSIZE 0.0833 
NODATA_value -9999 
[rows 54 to 80 of 124, columns 0 to 61 of 226]
-9999 -9999 -9999 -9999 -9999 -9999 -9999 -9999 -9999 -9999 -9999 -9999 -9999 -9999 -9999 -9999 -9999 -9999 -9999 -9999 -9999 -9999 -9999 -9999 -9999 -9999 -9999 -9999 -9999 -9999 -9999 -9999 -9999 -9999 -9999 -9999 -9999 -9999 4.60049244155922 2.44298481941223 2.2418594956398 2.20755904912949 1.83016866445541 1.26415801048279 1.39122971892357 1.37551054358482 1.19175150990486 0.884931027889252 0.797052025794983 0.891165018081665 0.931794762611389 0.785722464323044 0.850098788738251 1.07102626562119 1.38882449269295 1.6112864613533 2.17452970147133 2.21377757191658 -9999 0.607058599591255 0.62790758907795 1.12931086446928
-9999 -9999 -9999 -9999 -9999 -9999 -9999 -9999 -9999 -9999 -9999 -9999 -9999 -9999 -9999 -9999 -9999 -9999 -9999 -9999 -9999 -9999 -9999 -9999 -9999 -9999 -9999 -9999 -9999 -9999 -9999 -9999 -9999 -9999 -9999 -9999 -9999 -9999 -9999 2.26488058269024 2.10466432571411 2.14891791343689 1.74156671762466 1.65872257947922 1.25112077593803 1.09926599264145 1.02611929178238 0.885239213705063 0.82997927069664 0.790192544460297 0.911444216966629 0.949718981981277 0.996078014373779 0.915015757083893 1.45398151874542 1.68026769161224 2.38877337119159 -9999 -9999 -9999 -9999 -9999
-9999 -9999 -9999 -9999 -9999 -9999 -9999 -9999 -9999 -9999 -9999 -9999 -9999 -9999 -9999 -9999 -9999 -9999 -9999 -9999 -9999 -9999 -9999 -9999 -9999 -9999 -9999 -9999 -9999 -9999 -9999 -9999 -9999 -9999 -9999 -9999 -9999 -9999 -9999 -9999 1.95713478326797 1.95389020442963 1.82129019498825 1.7592893242836 1.72765874862671 1.24434077739716 1.00679925084114 0.73725226521492 0.833157777786255 0.838448256254196 1.07964071631432 1.26190799474716 1.33286771178246 1.49823528528214 1.57899749279022 1.65011550486088 1.70024809241295 1.74519485235214 1.80431205034256 -9999 -9999 -9999
-9999 -9999 -9999 -9999 -9999 -9999 -9999 -9999 -9999 -9999 -9999 -9999 -9999 -9999 -9999 -9999 -9999 -9999 -9999 -9999 -9999 -9999 -9999 -9999 -9999 -9999 -9999 -9999 -9999 -9999 -9999 -9999 -9999 -9999 -9999 -9999 -9999 -9999 -9999 -9999 2.16733671426773 1.95395332574844 1.98773628473282 2.05818969011307 1.8570014834404 1.35632774233818 1.14202120900154 0.869154721498489 0.867648035287857 0.920576959848404 0.905467540025711 1.0212307870388 1.33650451898575 1.4480519592762 1.67426258325577 1.59876000881195 1.63380002975464 1.62406839430332 2.11256092786789 2.21439331769943 17.2316051629873 -9999
-9999 -9999 -9999 -9999 -9999 -9999 -9999 -9999 -9999 -9999 -9999 -9999 -9999 -9999 -9999 -9999 -9999 -9999 -9999 -9999 -9999 -9999 -9999 -9999 -9999 -9999 -9999 -9999 -9999 -9999 -9999 -9999 -9999 -9999 -9999 -9999 -9999 -9999 -9999 -9999 -9999 2.50748473405838 2.02393341064453 2.16854399442673 2.19901567697525 2.04411828517914 1.33637550473213 1.12018945813179 0.923369228839874 0.901554733514786 0.863597989082336 0.80105996131897 1.16127862036228 1.31627374887466 1.33347183465958 1.32931199669838 1.33700922131538 1.65549521148205 2.03463900089264 1.96539151668549 2.97903978824615 -9999
-9999 -9999 -9999 -9999 -9999 -9999 -9999 -9999 -9999 -9999 -9999 -9999 -9999 -9999 -9999 -9999 -9999 -9999 -9999 -9999 -9999 -9999 -9999 -9999 -9999 -9999 -9999 -9999 -9999 -9999 -9999 -9999 -9999 -9999 -9999 -9999 -9999 -9999 -9999 -9999 -9999 2.54256302118301 2.23403996229172 2.33443808555603 2.1180135011673 1.82023197412491 1.40496978163719 1.14708450436592 1.04403001070023 0.886703252792358 0.767616033554077 0.759445488452911 0.840441763401031 0.884722530841827 0.873535484075546 1.43009850382805 1.7794252038002 1.79099553823471 1.76111322641373 -9999 -9999 -9999
-9999 -9999 -9999 -9999 -9999 -9999 -9999 -9999 -9999 -9999 -9999 -9999 -9999 -9999 -9999 -9999 -9999 -9999 -9999 -9999 -9999 -9999 -9999 -9999 -9999 -9999 -9999 -9999 -9999 -9999 -9999 -9999 -9999 -9999 -9999 -9999 -9999 -9999 -9999 -9999 2.31441226601601 2.2584773004055 2.47365152835846 2.10460120439529 1.71457350254059 1.41514948010445 1.20948073267937 1.12299451231956 1.11117821931839 0.900674253702164 0.837934523820877 0.827161520719528 0.848448783159256 0.921255022287369 1.14354595541954 1.31338879466057 1.5094365477562 -9999 -9999 3.02415758371353 3.4593251645565 3.72770100831985
-9999 -9999 -9999 -9999 -9999 -9999 -9999 -9999 -9999 -9999 -9999 -9999 -9999 -9999 -9999 -9999 -9999 -9999 -9999 -9999 -9999 -9999 -9999 -9999 -9999 -9999 -9999 -9999 -9999 -9999 -9999 -9999 -9999 -9999 -9999 -9999 -9999 -9999 -9999 2.10368142127991 2.45050156116486 2.23802018165588 1.78969269990921 1.79712080955505 1.35844203829765 1.17610573768616 1.23221701383591 1.05233252048492 1.07341727614403 0.913551717996597 0.847822487354279 0.854887515306473 0.873671293258667 1.30943548679352 1.38155400753021 1.61614054441452 1.65487432479858 1.91764283180237 1.82446503639221 2.18741887807846 2.47540122270584 2.59578824043274
-9999 -9999 -9999 -9999 -9999 -9999 -9999 -9999 -9999 -9999 -9999 -9999 -9999 -9999 -9999 -9999 -9999 -9999 -9999 -9999 -9999 -9999 -9999 -9999 -9999 -9999 -9999 -9999 -9999 -9999 -9999 -9999 -9999 -9999 -9999 -9999 -9999 -9999 -9999 2.25497539043427 2.18060821294785 1.90794825553894 1.49294096231461 1.21733701229095 0.960177004337311 1.11133575439453 1.07401648163795 0.971995532512665 0.92623570561409 0.912197291851044 0.885725229978561 0.887831211090088 0.975678741931915 1.13729622960091 1.46676671504974 1.60729122161865 1.64816182851791 1.77010577917099 1.94468557834625 1.84257674217224 1.84914368391037 1.82768028974533
-9999 -9999 -9999 -9999 -9999 -9999 -9999 -9999 -9999 -9999 -9999 -9999 -9999 -9999 -9999 -9999 -9999 -9999 -9999 -9999 -9999 -9999 -9999 -9999 -9999 -9999 -9999 -9999 -9999 -9999 -9999 -9999 -9999 -9999 -9999 -9999 -9999 -9999 2.63227128982544 1.94896030426025 1.51343697309494 1.38945525884628 1.07856827974319 0.969902962446213 0.892373263835907 1.11407098174095 0.884703755378723 0.846471726894379 0.953456997871399 0.83422127366066 0.82119145989418 0.919806003570557 1.12005373835564 1.29736572504044 1.42439478635788 1.44390821456909 1.46118226647377 1.60005605220795 1.77718645334244 1.68929547071457 1.64709967374802 1.73325079679489
-9999 -9999 -9999 -9999 -9999 -9999 -9999 -9999 -9999 -9999 -9999 -9999 -9999 -9999 -9999 -9999 -9999 -9999 -9999 -9999 -9999 -9999 -9999 -9999 -9999 -9999 -9999 -9999 -9999 -9999 -9999 -9999 -9999 -9999 -9999 -9999 -9999 -9999 2.16809052228928 1.88644999265671 1.30406329035759 1.25431796908379 0.893433719873428 0.813549757003784 0.810168027877808 0.850972473621368 0.859803020954132 0.812265783548355 0.81199049949646 0.785690277814865 0.938251465559006 0.982809752225876 0.978815227746964 1.02735829353333 1.14493498206139 1.26744604110718 1.31800353527069 1.46134275197983 1.65169876813889 1.68077999353409 1.57243877649307 1.62642592191696
-9999 -9999 -9999 -9999 -9999 -9999 -9999 -9999 -9999 -9999 -9999 -9999 -9999 -9999 -9999 -9999 -9999 -9999 -9999 -9999 -9999 -9999 -9999 -9999 -9999 -9999 -9999 -9999 -9999 -9999 -9999 -9999 -9999 -9999 -9999 -9999 -9999 2.47030258604458 2.3845072388649 1.82798472046852 0.91424623131752 0.883830785751343 0.769686788320541 0.742776766419411 0.742935732007027 0.757256984710693 0.759759038686752 0.692729249596596 0.729490488767624 0.794499725103378 0.836268782615662 0.951813787221909 0.977975249290466 1.10555550456047 1.23462295532227 1.36659604310989 1.25926950573921 1.33543199300766 1.27664628624916 1.30426347255707 1.62827025353909 1.9401428103447
-9999 -9999 -9999 -9999 -9999 -9999 -9999 -9999 -9999 -9999 -9999 -9999 -9999 -9999 -9999 -9999 -9999 -9999 -9999 -9999 -9999 -9999 -9999 -9999 -9999 -9999 -9999 -9999 -9999 -9999 -9999 -9999 -9999 -9999 -9999 -9999 -9999 2.98720130324364 2.30271229147911 0.937920749187469 0.913711488246918 0.856175243854523 0.844657480716705 0.840249717235565 0.790058970451355 0.844857037067413 0.746922746300697 0.650377482175827 0.785375207662582 0.867701232433319 0.909831762313843 0.994344770908356 1.02804601192474 1.08985126018524 1.2702180147171 1.38706424832344 1.32006374001503 1.30774801969528 1.19573020935059 1.20663902163506 1.25396400690079 2.02734714746475
-9999 -9999 -9999 -9999 -9999 -9999 -9999 -9999 -9999 -9999 -9999 -9999 -9999 -9999 -9999 -9999 -9999 -9999 -9999 -9999 -9999 -9999 -9999 -9999 -9999 -9999 -9999 -9999 -9999 -9999 -9999 -9999 -9999 -9999 -9999 -9999 3.51506102085114 2.06036925315857 1.30141872167587 0.953962504863739 0.8709337413311 0.815123230218887 0.786392211914062 0.804986983537674 0.77550145983696 0.690038993954659 1.05956549942493 0.667334988713264 0.810002267360687 0.992837995290756 1.05184346437454 1.5872894525528 1.28497803211212 1.43445897102356 1.39365899562836 1.4442637860775 1.37530428171158 1.31398048996925 1.27129572629929 1.31219851970673 1.90269336104393 1.77900002896786
-9999 -9999 -9999 -9999 -9999 -9999 -9999 -9999 -9999 -9999 -9999 -9999 -9999 -9999 -9999 -9999 -9999 -9999 -9999 -9999 -9999 -9999 -9999 -9999 -9999 -9999 -9999 -9999 -9999 -9999 -9999 2.54840433597565 2.56304812431335 -9999 2.10493344068527 2.15715850889683 1.53202875221477 1.61549323797226 1.45988023281097 1.03698822855949 0.874959737062454 0.826280236244202 0.923951268196106 1.02784126996994 0.700179755687714 0.978851616382599 1.04705022275448 0.57209475338459 0.69488699734211 1.17292687296867 1.1208810210228 1.13311797380447 1.53596770763397 1.65379500389099 1.49601745605469 1.42978951334953 1.43361148238182 1.48337924480438 1.35809773206711 1.97071015834808 2.08934220671654 1.70507632634219
-9999 -9999 -9999 -9999 -9999 -9999 -9999 -9999 -9999 -9999 -9999 -9999 -9999 -9999 -9999 -9999 -9999 -9999 -9999 -9999 -9999 -9999 0.346259817481041 2.33790868520737 2.25994987785816 2.51337942481041 2.6770376265049 2.68705236911774 2.5073384642601 2.385329246521 3.01370251178741 2.79387152194977 1.55315928161144 0.942150771617889 1.3845142275095 1.2657622396946 1.51729792356491 1.25993621349335 1.06360128521919 0.884213984012604 0.816478461027145 0.798237025737762 0.846020221710205 0.945882707834244 0.952920734882355 1.03894874453545 1.11423151195049 1.16448524594307 1.25284387171268 1.63832706212997 1.34817561507225 1.67265594005585 1.70360398292542 1.74408227205276 1.83682125806808 1.41826839745045 1.82508896291256 1.33319432595197 2.67010157986691 -9999 -9999 -9999
-9999 -9999 -9999 -9999 -9999 -9999 -9999 -9999 -9999 -9999 -9999 -9999 -9999 -9999 -9999 -9999 -9999 -9999 -9999 -9999 -9999 -9999 1.57929566502571 1.92918294668198 2.33882707357407 1.60822534561157 1.51458638906479 1.58880485594273 1.7212875187397 1.59770102798939 1.11088496446609 1.57007396221161 0.949157238006592 1.02600225806236 0.884653508663177 0.856580257415771 0.847285509109497 0.931508213281631 0.956197500228882 0.980926483869553 0.995071470737457 0.848326474428177 0.802634239196777 0.806424736976624 0.786606788635254 0.914923489093781 1.26535610854626 1.40760187804699 1.45487666130066 1.48906794190407 1.81405502557755 1.88918477296829 1.78842414915562 1.99238705635071 1.95452070236206 -9999 -9999 -9999 -9999 -9999 -9999 -9999
-9999 -9999 -9999 -9999 -9999 -9999 -9999 -9999 -9999 -9999 -9999 -9999 -9999 -9999 -9999 -9999 -9999 -9999 -9999 1.47676015893618 3.24793980717659 1.52573472261429 1.61860312521458 1.77752244472504 1.93152076005936 2.68379098176956 2.5677142739296 2.13722401857376 1.66575908660889 0.970170736312866 0.80407127737999 0.835020035505295 0.822078019380569 0.953941494226456 0.847990483045578 0.8474962413311 0.84850350022316 0.879500985145569 0.946145206689835 0.903565496206284 0.923553764820099 0.934629768133163 0.886048525571823 0.794353455305099 0.770838707685471 1.11984747648239 1.55872347950935 1.82079219818115 2.03572091460228 2.01862531900406 2.38906869292259 -9999 -9999 -9999 -9999 -9999 -9999 -9999 -9999 -9999 -9999 -9999
-9999 -9999 -9999 -9999 -9999 -9999 -9999 -9999 -9999 -9999 -9999 -9999 -9999 -9999 -9999 -9999 -9999 1.51353558897972 1.79975697398186 0.527953505516052 0.477467268705368 1.81351125240326 1.06617003679276 1.74932098388672 3.19280326366425 1.39770448207855 1.64012557268143 1.06948426365852 0.755230486392975 0.763696521520615 0.801536232233047 0.858448505401611 0.914721786975861 1.16743871569633 1.0124047100544 1.10953348875046 1.04093849658966 0.97121250629425 0.920933246612549 0.892022967338562 0.91879802942276 0.90014174580574 0.806052714586258 0.988460272550583 0.883587777614594 0.824767470359802 1.83712416887283 2.15993097424507 2.0992357134819 1.83163967728615 1.73028096556664 -9999 -9999 -9999 -9999 -9999 -9999 -9999 -9999 -9999 -9999 -9999
-9999 -9999 -9999 -9999 -9999 -9999 -9999 -9999 -9999 -9999 -9999 -9999 -9999 -9999 2.87259086966515 2.48468175530434 2.42005357146263 1.9848521053791 1.22452461719513 1.03136663138866 1.14853616058826 0.343926005065441 0.833775758743286 1.39180049300194 2.65645641088486 1.62686258554459 0.755226731300354 0.760887712240219 0.804949522018433 0.786338210105896 0.83763599395752 0.938129961490631 1.08496651053429 1.10164877772331 0.988763988018036 0.96162074804306 0.95068421959877 0.924385517835617 0.922239035367966 0.858241528272629 0.795707255601883 0.774496525526047 0.770122468471527 0.793239712715149 0.884939968585968 1.20139271020889 1.71187502145767 1.74351525306702 2.0931048989296 1.97022449970245 1.89694163203239 1.97575051293654 -9999 -9999 -9999 -9999 -9999 -9999 -9999 -9999 -9999 -9999
-9999 -9999 -9999 -9999 -9999 -9999 -9999 -9999 -9999 -9999 -9999 2.54980852809109 1.8818741440773 1.64259450137615 1.46906326711178 1.50163574516773 1.35937464237213 1.22867251932621 1.1795662343502 0.970235243439674 1.01689839363098 0.866462990641594 0.848834238946438 0.787918478250504 0.968510270118713 0.760983735322952 0.769257724285126 0.757534503936768 1.01968798041344 0.806846290826797 0.751231491565704 0.895215779542923 0.994295239448547 0.918876707553864 1.03394848108292 0.969933718442917 0.811576455831528 0.724627509713173 0.806980490684509 0.807249784469604 0.713442742824554 0.659312233328819 0.652375504374504 0.688537493348122 0.973951488733292 1.47564303874969 1.67572277784348 1.68717974424362 1.58726173639297 1.4256839454174 1.47988908290863 -9999 -9999 -9999 -9999 -9999 4.26853023614994 6.76923004786174 6.58724665641785 5.84877161979675 3.84713839456953 -9999
-9999 -9999 -9999 -9999 -9999 -9999 -9999 -9999 -9999 1.68616837263107 8.05114617943764 1.28388002514839 1.34729889035225 1.22775931656361 1.11315862834454 1.08483450114727 0.941471636295319 0.918464228510857 0.529611736536026 0.52183498442173 0.901798881590366 0.856121264398098 0.540531769394875 0.562283232808113 0.67630273103714 0.573940515518188 0.689424008131027 0.75069522857666 0.829590708017349 0.929928749799728 0.725052729249001 0.800086498260498 0.90344774723053 0.862261533737183 0.790131747722626 0.770984262228012 0.739579483866692 0.719096258282661 0.673375502228737 0.679538995027542 0.642344981431961 0.652849495410919 0.686681270599365 0.735853493213654 0.795006036758423 1.42106625437737 1.52212196588516 1.67874455451965 1.63540577888489 1.57459272444248 1.51263856887817 1.63897722959518 1.76606923341751 3.63938698768616 2.32198356091976 3.0705361366272 2.1799384355545 1.21587377786636 1.20316654443741 3.10727953910828 3.38513398170471 -9999
-9999 -9999 -9999 -9999 -9999 1.30460478365421 1.8361691236496 2.08701369166374 1.78109103441238 1.44425810873508 1.17277725040913 1.11578661203384 6.6413254737854 0.801234751939774 1.04141360521317 1.06737072765827 0.559906482696533 0.642627015709877 0.518138989806175 0.502695769071579 0.497210249304771 0.492260992527008 0.458751752972603 0.480906754732132 0.477503255009651 0.44600473344326 0.466167747974396 0.47946073114872 0.597966000437737 0.671323478221893 0.867046505212784 1.03485748171806 1.12401151657104 0.881540983915329 0.957449287176132 0.905682742595673 0.869593530893326 1.01724560558796 0.701831996440887 0.66473700106144 0.577298998832703 0.58228799700737 0.605714991688728 0.628286987543106 0.661076992750168 0.905792266130447 1.13490897417068 1.1338949650526 1.08637574315071 1.21400964260101 1.36358776688576 1.27459126710892 1.33248075842857 1.55899840593338 2.1873545050621 2.23569846153259 2.30526280403137 2.28660219907761 2.37702268362045 2.33692896366119 1.15036422014236 2.3852601647377
-9999 -9999 -9999 -9999 -9999 0.799892216920853 0.62880451977253 1.16382037103176 1.09602865576744 1.01676186919212 0.951058119535446 1.02634987235069 0.416325733065605 0.38486547768116 0.523070991039276 0.703740745782852 0.501303747296333 0.541497007012367 0.455373018980026 0.452010735869408 0.418523266911507 0.388895228505135 0.451720520853996 0.447452232241631 0.44540923833847 0.479593500494957 0.456670492887497 0.515862017869949 0.586475238204002 0.587123259902 0.666157498955727 0.655391246080399 0.764807224273682 0.78317928314209 0.911251455545425 0.859650760889053 1.02559876441956 0.755628794431686 1.01901112496853 0.776168256998062 0.879945382475853 0.787330470979214 0.788953118026257 0.561583489179611 0.612878993153572 0.719469755887985 0.638270258903503 0.94717088341713 1.03116336464882 1.00384309887886 1.18978875875473 1.33975124359131 1.26080851256847 1.1866919696331 1.55847488343716 1.67641572654247 1.97076773643494 1.09334027767181 2.40393650531769 1.09621426463127 2.25629144906998 1.5029708147049
-9999 -9999 -9999 -9999 -9999 0.589951515197754 0.587239488959312 0.503611519932747 0.491781011223793 0.473068490624428 0.429699003696442 0.500621259212494 0.534607484936714 0.485406741499901 0.538251757621765 0.460126519203186 0.436563760042191 0.461261227726936 0.427870497107506 0.408506244421005 0.419602498412132 0.470137506723404 0.543713271617889 0.55070923268795 0.569117233157158 0.551950514316559 0.525992229580879 0.676840513944626 0.724584728479385 0.699260249733925 0.736190244555473 0.731523737311363 0.798368275165558 0.807260245084763 0.838871955871582 0.816731214523315 0.802117466926575 0.702497988939285 0.655746012926102 0.665811762213707 0.988517224788666 0.578934744000435 0.789835497736931 0.620462268590927 0.719273239374161 0.688254743814468 0.728545881807804 0.805940262973309 0.835048869252205 0.857098460197449 0.980555981397629 1.0876402258873 1.26477071642876 1.22451035678387 1.2104017585516 1.48640429973602 0.870476961135864 0.885968238115311 1.29199419915676 2.16461551189423 2.4038559794426 2.47888278961182
-9999 -9999 -9999 -9999 -9999 0.595211997628212 0.583922982215881 0.558563992381096 0.556458011269569 0.488586768507957 0.459118500351906 0.509686499834061 0.484793230891228 0.494911506772041 0.441940516233444 0.40708427131176 0.409121990203857 0.429350271821022 0.422712743282318 0.442669495940208 0.441024765372276 0.482307761907578 0.531709492206573 0.524939239025116 0.511514246463776 0.504194229841232 0.546856507658958 0.74345625936985 0.769784241914749 0.82170295715332 0.792150735855103 0.847706973552704 1.06883329153061 1.08899474143982 0.988999485969543 0.766229242086411 0.822760462760925 0.776552259922028 0.672767266631126 0.692815482616425 0.589218020439148 0.625428736209869 0.878288246691227 0.80129025131464 0.790831513702869 0.760144472122192 0.737657614052296 0.745837099850178 0.75100801885128 0.813196867704391 0.895585879683495 0.93615634739399 0.944105610251427 0.9855697453022 1.0736313611269 1.49426776170731 1.61360794305801 1.66216629743576 1.50688876211643 2.18657058477402 2.49377471208572 2.8488330245018
-9999 -9999 -9999 -9999 -9999 0.592968016862869 0.585468739271164 0.555351734161377 0.540650993585587 0.515933230519295 0.487678483128548 0.489678740501404 0.472831517457962 0.441191241145134 0.4439587444067 0.418198496103287 0.432846754789352 0.458125501871109 0.450380980968475 0.444087758660316 0.466961994767189 0.436375513672829 0.461265742778778 0.513124510645866 0.483465760946274 0.50602425634861 0.59951551258564 0.687028482556343 0.694740772247314 0.70159949362278 0.757618457078934 0.77165025472641 0.808236747980118 0.993547528982162 0.911788120865822 0.700503766536713 0.739853248000145 0.61856397986412 0.582149237394333 0.618574485182762 0.909544140100479 0.609316483139992 0.886564113199711 0.837348371744156 0.737297236919403 0.709997981786728 0.786137223243713 0.791516996920109 0.873460873961449 0.968873620033264 1.02554775774479 1.01160827279091 1.09364734590054 1.12927164137363 1.32185474038124 1.6893944889307 1.75308680534363 1.81372761726379 1.875209659338 1.98429608345032 2.7066884636879 2.77244478464127
