EcologicalScience/Bass/data/rs_data_bass/chl_461.asc
NCOLS 226 
NROWS 124 
XLLCORNER -9.41648524995501 
YLLCORNER 47.587301625531 
CELLSIZE 0.0833 
NODATA_value -9999 
[rows 54 to 80 of 124, columns 124 to 185 of 226]
3.16718398607694 2.85458520742563 2.39056048943446 2.31295975355002 3.02226878489767 2.18339673372415 2.12169851248081 2.07533289836003 2.12372342898295 2.23483608319209 2.24868278778516 2.34028321046096 2.50570813509134 2.28124323487282 2.23931276798248 2.53541045005505 2.8444873222283 3.03278571367264 3.08768215349742 3.05166827355112 3.06786838173866 2.87912461587361 2.7560972571373 2.69393496853965 2.72944739035198 2.73685056822641 2.60402232834271 2.5041298014777 1.82280596239226 2.44973721412512 2.35178244572419 2.32067060929078 2.21517688035965 3.25434827804565 6.14375019073486 2.09981590967912 2.08230292797089 2.03233545101606 1.87986119435384 1.66312193870544 1.55723975025691 1.2740517616272 1.33441972732544 1.2982337474823 1.32775345444679 1.42924979329109 1.97893859789922 2.11571189073416 2.67606141934028 2.91269353261361 2.95186308255562 5.00940881172816 4.42873434225718 4.5353672504425 5.61379455775023 6.69373469799757 5.62013418227434 6.34000839293003 6.865019492805 7.32189739637138 6.53587818145752 -9999
3.47471561798683 3.31987287448003 3.07325932612786 2.74517574218603 2.67322958432711 2.5068980042751 2.42852056943453 2.34982781685316 2.26530644526848 2.22980764278999 2.30495527157417 2.39262313567675 2.83767975293673 2.74835410484901 2.93603272621448 3.03903015760275 3.09175460155194 3.44878889047183 3.37114152541527 3.43306509348062 3.4019051698538 3.2061629478748 3.04530157492711 2.73586674673217 2.67128215517317 2.6432700072016 2.59555289575032 2.3998452595302 2.21968019434384 1.74922236800194 1.72831822718893 2.24263554811478 2.15908299042628 2.12025881272096 2.06011137595543 2.03986563590857 1.98245494640791 1.78911415430216 1.36461222171783 1.42944709842022 1.43134944484784 1.40510576963425 1.49292745498511 1.81344477488444 2.0642710007154 2.19931648327754 2.51300487151513 2.69765994182 3.44391510486603 3.78406369686127 4.23259212573369 5.80740941315889 5.11633048206568 5.99577862769365 5.84614911675453 9.72268361311692 10.5720698833466 -9999 -9999 -9999 -9999 -9999
3.51970878014198 3.43956767595731 3.07556927204132 2.97323823892153 2.85717897231762 2.68509530562621 2.63933386252477 2.51667506878193 2.49157475049679 2.47856169022047 2.55624188826634 2.56045363041071 2.78943696388832 3.08361584406633 3.12616717815399 3.3552208680373 3.55288264384637 3.61333955251254 3.58562806936411 3.47073711798741 3.48577534235441 3.35265455796168 3.13636449667124 2.7634220123291 2.75918725132942 2.53237784825839 2.70018150125231 2.39589622846017 2.33438596817163 2.32428058752647 2.22769648295182 2.20182690712122 2.13092708587646 2.11426693659562 2.07094605610921 1.95208279444621 1.81619209968127 1.63316301886852 1.57589672849729 1.48512439315136 1.44560342568618 1.49908042871035 1.78892235572522 2.17319501363314 2.32092431875376 2.38204366427201 2.43329939933924 2.91603476330638 6.07052012284597 4.05944852034251 5.14619211355845 5.01641249656677 5.33829342573881 6.37580160051584 9.86727476119995 -9999 -9999 -9999 -9999 -9999 -9999 -9999
3.87562980101659 3.47710446211008 3.27241150232462 3.13635770174173 3.08054016186641 3.02114229935866 2.87466469177833 2.74827704979823 2.70207755382244 2.8061742232396 2.65715623360414 2.99267066442049 3.20262809900137 3.25094670515794 3.33381865574763 3.68555430265573 3.87183275589576 3.91909682750702 3.73843271915729 3.5723900611584 3.03725395458085 2.76483446359634 3.25396943092346 2.78745867950576 2.79140086259161 2.40853089094162 2.4902438393661 2.25049721768924 2.33017553274448 2.28856313687104 2.21533242097268 2.14889872532624 2.1438484283594 2.10544505486122 1.96142040307705 1.79026047541545 1.69372438925963 1.64352505940657 1.63165174539273 1.55287220615607 1.21042677760124 1.64622642902228 1.96025848388672 2.24312522411346 2.54684820175171 3.09033950567245 4.19734540406395 15.551123920609 6.3681087368413 6.16999152302742 6.67928401323465 5.74066987037659 5.82167291641235 13.208605624534 -9999 -9999 -9999 -9999 -9999 -9999 -9999 -9999
4.46487101224753 3.57240289449692 3.3184842467308 3.48113325008979 3.42038124341231 3.33886489501366 3.17475073154156 3.08513001295236 3.12500766607431 3.04062924935268 2.97484794946817 3.42860588660607 3.38786029815674 3.46840565938216 3.57792633313399 3.72511933400081 3.93792692514566 3.8646769798719 3.3418628344169 2.62677504760878 2.62473668370928 2.57816109486989 2.39919642039708 2.37571573683194 2.34856496112687 2.40907775504248 2.38469158325876 2.3797669836453 2.28552500264985 2.15909421443939 2.1599353826963 2.09346588299825 2.05926859837312 1.97928927953427 1.83755671977997 1.80386406183243 1.65018155941596 1.61431860923767 1.63175944640086 1.6201084118623 1.63768601417542 1.98132506242165 2.33899595645758 2.62186438762225 3.17346893824064 3.23963625290815 4.82109367847443 5.12297494411468 5.04957246780396 5.02697093670185 5.08892834186554 40.0702875577486 52.4785325667437 27.6686382293701 -9999 -9999 -9999 -9999 -9999 -9999 -9999 -9999
23.8081709754467 4.29303604364395 3.80488157272339 4.07093233721597 3.73028075695038 4.37619660450862 3.66955719544337 3.55960046328031 3.68145778545966 3.66880202293396 3.74471227939312 3.34870142203111 3.38004863262177 3.42349920823024 3.63495768950536 4.39780497550964 3.63835386129526 3.7374752668234 3.63500750981844 3.06922656297684 3.00216226279736 2.66976714134216 2.43826626241207 2.18403820906367 2.31818082077163 2.19369339517185 2.1548727112157 2.16181429369109 2.11357846856117 2.06148349780303 2.01374988831007 2.00851114896628 1.95635618613316 1.87351006727952 1.75286225630687 1.76454102076017 1.84338861245375 1.93536087182852 1.88477504253387 1.80176601043114 1.71469165728642 1.86920535564423 2.25188702344894 2.54102542767158 3.23197066783905 8.91902947425842 6.5874151131686 4.7238095998764 5.50089547634125 5.92391803264618 19.6963754955091 48.9978430130902 44.1468273050645 43.1253691741398 -9999 -9999 -9999 -9999 -9999 -9999 -9999 -9999
-9999 -9999 -9999 -9999 -9999 2.28387522697449 4.04969798116123 3.82021007537842 3.90554716587067 3.7260114976338 3.78521602887374 3.56849769445566 3.55053264361161 3.77074494728675 3.96443738387181 3.87488648524651 3.35219993041112 3.36752670544844 3.29765147429246 2.99841342866421 2.70139306783676 2.48434406518936 2.30468402802944 2.14478413760662 2.17352329833167 1.95158267446927 1.95963599426406 2.02237338679177 2.04769510030746 1.99931642642388 1.89621914808567 1.87701589327592 1.81107763602183 1.74468513635489 1.74855303305846 1.87362144085077 1.97479278307695 2.04317245575098 2.19017984775396 2.19540561621006 1.87158503899207 2.07670430495189 2.25679557598554 2.49994273369129 2.77749550801057 10.1864584672798 -9999 -9999 -9999 -9999 19.0199776887894 27.4376583099365 26.7252160624454 45.7625776290894 28.4660425186157 -9999 -9999 -9999 -9999 -9999 -9999 -9999
-9999 -9999 -9999 -9999 -9999 -9999 -9999 -9999 4.40755082431592 4.6653288602829 3.88272230441754 3.67626998057732 3.68800567663633 4.00784441140982 4.22440613233126 3.39320954254695 3.46758740681868 2.70193530832018 2.8858512364901 2.61897302132386 2.04239796102047 2.10526748746634 2.08449809253216 1.99029752612114 1.91494520008564 1.74012358699526 1.8051724497761 1.86845574208668 1.95758364750789 1.69160999701573 1.67167125298427 1.71457965098895 1.72787514099708 1.73166034313349 2.05826799686138 2.04228518100885 2.08771524062523 2.22885631139462 2.22616770634284 2.03654895378993 2.14434334406486 2.23045316109291 2.36085296135682 2.70045579396761 8.38419185578823 29.0682649612427 -9999 -9999 -9999 -9999 17.548882484436 13.9923984757785 19.1508918338352 28.5725101232529 13.6835640026973 48.5715394861558 68.2615928649902 -9999 -9999 -9999 -9999 -9999
-9999 -9999 -9999 -9999 -9999 -9999 -9999 -9999 -9999 6.65822911262512 4.32145301252604 3.8711074590683 4.00650751590729 3.94977657284055 3.68980481794902 3.29877658826964 2.96949775304113 2.92023457799639 2.33122910346304 2.1215597646577 2.01193434425763 1.92321936786175 1.92199921820845 1.84803718328476 1.82461930811405 1.77925593086651 1.75661551952362 1.72289794257709 1.83291352712191 1.67319868161128 1.65938150882721 1.73400103128873 1.76948016423445 1.79707001264279 2.07119346581973 2.28534129491219 2.40019601583481 2.39289713364381 2.22822672128677 2.09299437816326 2.15485167503357 2.35123087351139 2.44775706988115 2.97086105896876 10.2390247502373 -9999 -9999 -9999 -9999 -9999 -9999 -9999 18.9288336038589 11.7283640274635 12.3046342409574 20.055367846238 10.8786277770996 -9999 -9999 -9999 -9999 -9999
-9999 -9999 -9999 -9999 -9999 -9999 -9999 -9999 -9999 4.3704868555069 4.08766769617796 7.16799639804023 8.01570250306811 4.18581025089536 3.63510295322963 3.45170900651387 3.21757576295308 4.09232447402818 2.54360502106803 2.14965288979667 2.03871397886957 1.98094975948334 1.88069781661034 1.79614793402808 1.6978933260991 1.77047201761833 1.78631462959143 1.70470680509295 1.78039493927589 1.72661381501418 1.67682307500106 1.71404836728023 1.73511102566352 1.84912869104972 2.03281355821169 2.43868472484442 2.6254941041653 2.47235683294443 2.19862110339678 2.0722255385839 2.27476776563204 2.4827481508255 2.44509464043837 2.75719181849406 11.9045321779344 33.0447750091553 -9999 -9999 -9999 22.0313890847293 15.6123928590254 14.2630889511108 14.0943735122681 22.0844927917827 13.5826868644127 14.429905304542 13.2664427227444 -9999 -9999 -9999 -9999 -9999
-9999 -9999 -9999 -9999 -9999 -9999 -9999 -9999 -9999 4.97573053836823 4.89119086414576 4.88041933625937 3.59330849647522 3.58665400743484 3.73125168910393 3.2209532931447 3.37993495804923 2.69326906544822 2.22553748743875 2.08348606313978 2.05537856902395 2.00114649959973 1.92101691024644 1.57698950171471 1.63956981897354 1.62487549781799 1.75886022586089 1.76424815104558 1.7686940569144 1.80060578309573 1.75864152266429 1.74479942596876 1.72941804390687 1.88189809138958 2.13719983742787 2.515015235314 2.71321829465719 2.28102105397445 2.12351588102487 2.27074416325643 2.55801990398994 2.66705043499286 2.89874810897387 2.94351428747177 7.43606215773277 -9999 -9999 -9999 -9999 12.7338151931763 22.9974277236245 17.8038557624817 14.9346374630928 16.9268811399286 16.0441742134094 -9999 -9999 -9999 -9999 -9999 -9999 -9999
-9999 -9999 -9999 -9999 -9999 -9999 -9999 -9999 -9999 3.67937564849854 4.32175168665973 3.68235468864441 3.49848067760468 3.72597560712269 2.97220128774643 2.8931257093654 3.22231839684879 2.33265808224678 2.24183140907969 2.04172031368528 2.05933933598655 1.95934390170234 1.59082661569118 1.74219283461571 1.7162287064961 1.67025229760579 1.72628233524469 1.74996981712488 1.74087311212833 1.75133541914133 1.75547336615049 1.74562209386092 1.82419262024073 1.89808150896659 2.19599198836547 2.46611296672087 2.46392967609259 2.15450170865426 2.27922688997709 2.41488456267577 2.66908200887533 2.88019030369245 3.31160077681908 6.47616891722077 3.86466658115387 -9999 -9999 -9999 -9999 -9999 12.2978728432809 26.4276615197842 23.4654891674335 18.2465467781856 -9999 -9999 -9999 -9999 -9999 -9999 -9999 -9999
-9999 -9999 -9999 -9999 -9999 -9999 -9999 -9999 -9999 3.41213365701529 3.82808883190155 3.59958078861237 2.85687087590878 2.80004405516845 3.14856929438455 3.01814396892275 2.74392643996647 2.37094015308789 2.12674770610673 2.04309006673949 1.80397173533073 1.68930963828013 1.5873971260511 1.67551326293212 1.71416421119983 1.76039967628626 1.74619245529175 1.6917918920517 1.68126984742972 1.36124676465988 1.69281487281506 1.76156314978233 1.94839228116549 2.11855860856863 2.3600248327622 2.44725505663798 2.24358324821179 2.20919353228349 2.40504067677718 2.55833765635124 2.76248195996651 3.16914180608896 3.18069062783168 7.84131360748439 3.86466693878174 -9999 -9999 -9999 -9999 12.1949715614319 -9999 -9999 -9999 -9999 -9999 -9999 -9999 -9999 -9999 -9999 -9999 -9999
-9999 -9999 -9999 -9999 -9999 -9999 -9999 -9999 -9999 4.07125654220581 4.02166950702667 3.95951375594506 3.48108258247376 3.35348518405642 3.06789731127875 2.39267981052399 2.44855956520353 2.28428408503532 2.087063567979 1.63910352332251 1.58110961743763 1.66702607961801 1.60762730928568 1.63909439398692 1.64746254682541 1.69752331880423 1.7104141666339 1.77189856767654 1.72713529146635 1.36024568974972 1.36637824773788 1.84568686668689 2.04763193772389 2.23834258317947 2.32608583798775 2.30845244572713 2.09033373685984 2.25470899618589 2.50987610908655 2.78304817584845 3.12190745885556 3.38993715322935 9.38113472710794 -9999 -9999 -9999 -9999 -9999 -9999 -9999 -9999 -9999 -9999 -9999 -9999 -9999 -9999 -9999 -9999 -9999 -9999 -9999
-9999 -9999 -9999 -9999 -9999 -9999 -9999 -9999 6.66990574428013 3.8898021532939 3.85509868768545 3.82114194906675 3.50997877120972 2.59623366594315 2.42044448852539 2.2097809612751 2.04024827480316 1.96315771341324 2.00130832195282 2.09693512693048 1.54340257644653 1.56240456379377 1.5373394718537 1.52376212982031 1.56797615839885 1.58047797588202 1.60813375161244 1.68494846270635 1.67284707839672 1.73418564979847 1.76319778424043 1.92517100847684 2.04995204852178 2.19002218888356 2.11485826052152 2.07542277299441 2.24342179298401 2.48755946984658 2.7002147940489 2.91367013179339 3.2177007656831 5.78368493226858 15.3162112738713 -9999 -9999 -9999 -9999 -9999 -9999 -9999 -9999 -9999 -9999 -9999 -9999 -9999 -9999 -9999 -9999 -9999 -9999 -9999
-9999 -9999 -9999 -9999 -9999 -9999 -9999 3.28386068344116 3.25936500344958 3.74295478600722 3.73273446926704 3.58767174757444 3.43224645577944 2.79017875875746 2.72502716688009 2.65657921479299 2.36334240010807 1.65260070562363 1.81529834637275 1.74011943890498 1.62874102592468 1.5656363092936 1.53929855731817 1.50513732433319 1.51851692566505 1.54431076691701 1.61915485217021 1.62422019701738 1.62070018970049 1.71897060596026 1.78775380666439 1.88430366149315 1.92942838943922 2.00212687253952 2.05554211598176 2.02070088111437 2.20024767747292 2.47232408248461 2.720894075357 2.8636012673378 22.236245051171 5.69786846637726 3.25656187534332 -9999 -9999 -9999 -9999 -9999 -9999 -9999 -9999 -9999 -9999 -9999 -9999 -9999 -9999 -9999 -9999 -9999 -9999 -9999
-9999 -9999 -9999 -9999 -9999 -9999 4.36873485701425 4.13039433956146 3.79479280114174 3.91728995396541 3.59634603903844 3.42553028693566 3.33476504912743 3.06383192539215 2.71149334737233 2.5140039069312 2.14872099803044 1.62706670165062 1.75876289606094 1.61208454920695 1.53829491596956 1.53342515230179 1.53747106515444 1.51981715055612 1.52328120286648 1.54280244387113 1.59514650931725 1.63107578571026 1.64049449333778 1.68610196388685 1.82412501481863 1.88182693719864 1.96074850284136 2.07078417447897 2.14163687137457 2.49155429693369 2.73100501298904 2.74344255374028 2.76140964031219 9.83150911331177 -9999 -9999 -9999 -9999 -9999 -9999 -9999 -9999 -9999 -9999 -9999 -9999 -9999 -9999 -9999 -9999 -9999 -9999 -9999 -9999 -9999 -9999
-9999 -9999 -9999 -9999 3.72203861750089 4.53394731134176 4.25121391564608 3.77437404485849 3.51609891194564 3.48583003190847 3.30957531012022 3.30570651934697 3.36255611823155 2.90700071591597 2.25807676407007 1.90764713287354 1.91870963573456 1.63825638592243 1.50990118888708 1.47532133970942 1.48650762209525 1.48593621529066 1.50698963036904 1.53391360319578 1.57719925733713 1.6204957641088 1.63013098790095 1.65029828365033 1.6690674332472 1.78871666468107 1.92745277056327 2.00523010584024 2.12855599935238 2.2009391784668 2.60461654571386 2.93330830335617 3.25328511940806 4.26060894557408 -9999 -9999 -9999 -9999 -9999 -9999 -9999 -9999 -9999 -9999 -9999 -9999 -9999 -9999 -9999 -9999 -9999 -9999 -9999 -9999 -9999 -9999 -9999 -9999
-9999 -9999 -9999 -9999 4.06882821596586 4.37398166315896 3.61485578119755 3.94869548933847 3.55040571322808 3.31518409802363 3.19493766931387 3.28159458820636 2.78308632118361 2.3061100932268 1.95151723348177 1.59003652976109 1.62030073312613 1.49766960052344 1.48951209017209 1.35816533061174 1.37814618532474 1.45117464890847 1.5199782206462 1.62591201066971 1.6107770715441 1.65039040033634 1.68790411949158 1.69420304665199 1.7661254635224 1.96327668428421 2.09300296123211 2.18275796908599 2.35863254620479 2.41092672256323 2.70938195173557 3.08473227024078 3.29076844453812 20.2356777191162 -9999 -9999 -9999 -9999 -9999 -9999 -9999 -9999 -9999 -9999 -9999 -9999 -9999 -9999 -9999 -9999 -9999 -9999 -9999 -9999 -9999 -9999 -9999 -9999
-9999 -9999 3.59554383971474 4.24952234240139 3.53418930010362 4.18680573361261 3.75583648681641 3.71663155922523 3.21952835413126 2.92762445486509 2.82867879592455 2.67396536043712 2.41268558161599 1.70987670696699 1.64518056007532 1.62743784372623 1.39825648069382 1.36126255989075 1.3747998888676 1.37820690641036 1.34315430659514 1.48264744877815 1.58643072098494 1.64782422780991 1.59925937652588 1.67055114677974 1.76363383872168 1.76169581596668 1.84129891028771 2.17725734985792 2.31516964618976 2.46035094903066 2.6678494994457 2.75101243257523 5.95105043183202 18.2481491667159 -9999 -9999 -9999 -9999 -9999 -9999 -9999 -9999 -9999 -9999 -9999 -9999 -9999 -9999 -9999 -9999 -9999 -9999 -9999 -9999 -9999 -9999 -9999 -9999 -9999 -9999
4.05593636402717 4.62964386799756 4.56131180594949 3.97601244999812 3.78818368911743 3.75309753417969 3.11187841211046 3.4340925858571 2.99771723380456 2.62256793792431 2.21820259094238 2.23408796106066 2.00175266606467 1.61699955280011 1.55681933806493 1.48400879757745 1.54665286200387 1.35107528246366 1.36142844420213 1.35481435060501 1.5056100828307 1.55712226458958 1.60419452190399 1.68818715640477 1.6991032242775 1.74545692205429 1.8453114261994 1.92409911522499 2.02570068377715 2.57923092291905 2.90771968548114 2.98712635957278 3.28848767280579 9.34804272651672 -9999 -9999 -9999 -9999 -9999 -9999 -9999 -9999 -9999 -9999 -9999 -9999 -9999 -9999 -9999 -9999 -9999 -9999 -9999 -9999 -9999 -9999 -9999 -9999 -9999 -9999 -9999 -9999
4.66899754319872 3.83527788519859 4.48051331724439 4.07217299938202 3.74221587181091 3.19537788629532 3.05146533250809 2.88360333442688 2.92471504211426 2.30614761664317 1.89991047290655 1.98547978060586 1.98888048955372 1.60317558901651 1.55737669127328 1.70976905311857 1.49446219631604 1.51314693689346 1.55209531954357 1.54137506655284 1.57136991620064 1.59764048031398 1.64448434114456 1.70633781807763 1.74873703259688 1.85011868751966 1.9523638349313 2.07228832978469 2.87957167625427 3.50160915510995 3.80158398832594 3.67821754728045 3.2632783310754 5.32890285145153 4.76997555385936 8.43193828698361 -9999 -9999 -9999 -9999 -9999 -9999 -9999 -9999 -9999 -9999 -9999 -9999 -9999 -9999 -9999 -9999 -9999 -9999 -9999 -9999 -9999 -9999 -9999 -9999 -9999 -9999
3.60232342373241 4.43507827245272 4.24016135931015 3.66138780117035 3.35659694671631 3.34764170646667 3.24887484312057 2.86939924955368 2.44469004869461 2.14966118335724 2.02700290679932 1.67984801530838 1.34884966795261 1.27127532775585 1.263394426841 1.34509157675963 1.34843581685653 1.5790907570294 1.53140412058149 1.51965972355434 1.57795993770872 1.64892028059278 1.7732144338744 1.77108444158848 1.86164843119108 1.99566065806609 2.23897280601355 2.51892142570936 3.14457523822784 3.29148191213608 6.41052763602313 4.40436959266663 -9999 -9999 -9999 -9999 -9999 -9999 -9999 -9999 -9999 -9999 -9999 -9999 -9999 -9999 -9999 -9999 -9999 -9999 -9999 -9999 -9999 -9999 -9999 -9999 -9999 -9999 -9999 -9999 -9999 -9999
4.97722734510899 3.60472571148592 3.33963617953387 3.69021052122116 3.6967579126358 3.84740823507309 4.01624417304993 3.3844353556633 2.66267794370651 1.823835903948 1.65446404435418 1.71644872426987 1.77368762663433 1.60512238740921 1.49341364417757 1.3975890645614 1.5419174858502 1.53888883760997 1.49861059018544 1.51325016362326 1.60074582008215 1.65894597310286 1.74144013111408 1.94898430659221 2.23881261623823 2.76292983974729 2.98173752852849 2.96964301381792 3.08408550918102 3.71787242094676 3.73080082734426 3.60277873277664 -9999 -9999 -9999 -9999 -9999 -9999 15.3187352773306 12.6942715644836 -9999 -9999 -9999 -9999 -9999 -9999 -9999 -9999 -9999 -9999 -9999 -9999 -9999 -9999 -9999 -9999 -9999 -9999 -9999 -9999 -9999 -9999
5.48736950329372 4.71210031760366 4.7451616776617 4.92983218897944 4.57918313741684 3.7900099132372 3.32127130659003 3.48073434829712 2.83996921777725 1.67639656500383 1.59844867749648 1.63402482441493 1.64012697764805 1.46488980736051 1.48533822808947 1.38866182015492 1.42792082645676 1.39497097784823 1.60234803812844 1.59367148692791 1.65520672614758 1.76213501049922 2.01766574841279 2.66690930953393 2.9231921349253 2.88595068454742 3.13186417958316 2.95584433920243 3.13812628388405 2.89705064892769 3.63505235443944 3.42093944549561 -9999 -9999 -9999 -9999 -9999 -9999 -9999 -9999 -9999 -9999 -9999 -9999 -9999 -9999 -9999 -9999 -9999 -9999 -9999 -9999 -9999 -9999 -9999 -9999 -9999 -9999 -9999 -9999 -9999 -9999
-9999 -9999 -9999 -9999 -9999 6.07020630202927 3.46613309383392 3.73832493168967 2.40742146968842 1.70985758304596 1.48130083084106 1.38831120729446 1.37787821076133 1.40672485665842 1.36230355959672 1.39290088144216 1.49898420680653 1.63737137042559 1.71836362893765 1.78487713061846 1.90253257292968 2.14315607456061 2.38427412051421 3.23364227158683 2.99603950977325 8.1582545042038 5.84842443466187 -9999 -9999 -9999 -9999 -9999 -9999 -9999 -9999 -9999 -9999 -9999 -9999 -9999 -9999 -9999 -9999 -9999 -9999 -9999 -9999 -9999 -9999 -9999 -9999 -9999 -9999 -9999 -9999 -9999 -9999 -9999 -9999 -9999 -9999 -9999
-9999 -9999 -9999 -9999 -9999 4.59236168861389 2.8891579083034 2.49360383749008 1.85377085208893 1.50951489210129 1.40012200474739 1.42912113240787 1.34627900444544 1.41334269534458 1.42933656952598 1.55755195250878 1.61577841868767 1.69815383049158 1.82022816401262 2.2709768139399 2.42735629815322 2.5527533522019 2.58202457427979 2.88887684768246 -9999 -9999 -9999 -9999 -9999 -9999 -9999 -9999 -9999 -9999 -9999 -9999 -9999 -9999 -9999 -9999 -9999 -9999 -9999 -9999 -9999 -9999 -9999 -9999 -9999 -9999 -9999 -9999 -9999 -9999 -9999 -9999 -9999 -9999 -9999 -9999 -9999 -9999
