EcologicalScience/Bass/data/rs_data_bass/chl_458.asc
NCOLS 226 
NROWS 124 
XLLCORNER -9.41648524995501 
YLLCORNER 47.587301625531 
CELLSIZE 0.0833 
NODATA_value -9999 
[rows 81 to 107 of 124, columns 62 to 123 of 226]
3.85158455371857 5.97498106956482 7.6620512008667 7.66205191612244 -9999 -9999 -9999 -9999 -9999 -9999 -9999 -9999 -9999 -9999 -9999 -9999 -9999 -9999 -9999 -9999 -9999 -9999 -9999 -9999 -9999 -9999 -9999 -9999 -9999 -9999 -9999 -9999 -9999 -9999 -9999 -9999 -9999 -9999 -9999 -9999 -9999 -9999 -9999 -9999 -9999 -9999 -9999 -9999 -9999 -9999 -9999 -9999 -9999 -9999 -9999 -9999 -9999 -9999 -9999 -9999 -9999 -9999
3.31787390182319 -9999 -9999 -9999 -9999 -9999 -9999 -9999 -9999 -9999 -9999 -9999 -9999 -9999 -9999 -9999 -9999 -9999 -9999 -9999 -9999 -9999 -9999 -9999 -9999 -9999 -9999 -9999 -9999 -9999 -9999 -9999 -9999 -9999 -9999 -9999 -9999 -9999 -9999 -9999 -9999 -9999 -9999 -9999 -9999 -9999 -9999 -9999 -9999 -9999 -9999 -9999 -9999 -9999 -9999 -9999 -9999 -9999 -9999 -9999 -9999 -9999
-9999 -9999 -9999 -9999 -9999 -9999 -9999 -9999 -9999 -9999 -9999 -9999 -9999 -9999 -9999 -9999 -9999 -9999 -9999 -9999 -9999 -9999 -9999 -9999 -9999 -9999 -9999 -9999 -9999 -9999 -9999 -9999 -9999 -9999 -9999 -9999 -9999 -9999 -9999 -9999 -9999 -9999 -9999 -9999 -9999 -9999 -9999 -9999 -9999 -9999 -9999 -9999 -9999 -9999 -9999 -9999 -9999 -9999 -9999 -9999 -9999 -9999
-9999 -9999 -9999 -9999 -9999 -9999 -9999 -9999 -9999 -9999 -9999 -9999 -9999 -9999 -9999 -9999 -9999 -9999 -9999 -9999 -9999 -9999 -9999 -9999 -9999 -9999 -9999 -9999 -9999 -9999 -9999 -9999 -9999 -9999 -9999 -9999 -9999 -9999 -9999 -9999 -9999 -9999 -9999 -9999 -9999 -9999 -9999 -9999 -9999 -9999 -9999 -9999 -9999 -9999 -9999 -9999 -9999 4.64456943103245 2.92038494348526 3.4256546497345 3.32776737213135 2.62618407607079
-9999 -9999 -9999 -9999 -9999 -9999 -9999 -9999 -9999 -9999 -9999 -9999 -9999 -9999 -9999 -9999 -9999 -9999 -9999 -9999 -9999 -9999 -9999 -9999 -9999 -9999 -9999 -9999 -9999 -9999 -9999 -9999 -9999 -9999 -9999 -9999 37.1749906539917 -9999 2.86482099294662 4.85201412753055 -9999 -9999 3.18155586719513 4.10500960350037 3.1742136723855 3.94747630449442 3.54464980272146 9.03099411725998 13.9488680958748 3.06105805360354 2.3507028222084 4.8809959602356 -9999 -9999 -9999 2.90533611550927 3.1149548803057 3.43712382018566 3.15897871553898 2.85041445493698 1.94155469536781 1.66990957409143
-9999 -9999 -9999 -9999 -9999 -9999 -9999 -9999 -9999 -9999 -9999 -9999 3.00090157985687 6.51070184242435 1.70796312391758 1.91458244507129 2.46067902445793 2.84102690219879 1.12509450316429 -9999 -9999 -9999 -9999 -9999 -9999 -9999 -9999 -9999 2.68714598417282 2.5563371862684 2.95776959657669 3.24929319487678 -9999 3.66949796676636 -9999 -9999 -9999 3.65694054588675 3.82846303169544 3.53447817839109 4.05709579357734 6.09731030464172 3.53178447026473 3.10008848630465 3.08221531831301 2.98892498016357 2.83609331571139 3.15183593218143 2.93662934578382 3.22346860170364 3.25523428618908 2.86774060359368 2.71650676642145 2.87077399236815 2.9997556576362 3.02416103619796 2.94592003638928 2.45120567083359 2.0601179599762 1.6480516269803 1.25360513421205 1.32489817417585
-9999 -9999 -9999 -9999 -9999 -9999 -9999 -9999 -9999 -9999 2.02507168054581 2.42405292391777 2.35729050636292 2.82764223217964 2.00578672610796 1.91322127213845 2.31709983944893 2.99895869768583 2.71654406877664 2.13466054201126 1.66621713257498 -9999 1.32661301270127 2.78826409578323 1.99186125786408 -9999 -9999 2.605443392694 3.0469376295805 2.90838481485844 2.77960783243179 2.74580238759518 2.86756797134876 2.98347338346335 -9999 -9999 3.03720964460957 2.83496244387193 4.52686512470245 4.36256530880928 3.40298000665811 3.29300220196064 3.92359790205956 3.5114473849535 2.79688474535942 2.47371497750282 2.14227329767667 2.25157801806927 2.02092470114048 2.23141518235207 1.81692700088024 1.79576368629932 1.96261124885999 2.00132383291538 1.93658335392292 1.83423992762199 1.76031394302845 1.27497387145247 1.21248321022306 1.06349101066589 1.00239148736 0.92342184484005
-9999 -9999 -9999 -9999 -9999 -9999 -9999 -9999 -9999 2.01676324480458 2.49436505941244 1.6570783674717 1.67644990980625 1.65923715382814 1.65512169152498 1.53162352063439 1.76441623270512 1.85694143176079 1.80540378391743 1.88325490057468 2.32250770926476 2.25237343942418 2.86083282874181 2.50856584310532 2.72771440446377 2.84246975183487 2.83057780563831 2.69836476445198 2.57774163782597 2.57550294697285 2.56837201118469 2.50858856737614 2.51256950199604 2.7319910377264 3.13985797762871 3.29793502390385 3.41210383176804 3.35301351547241 3.24996583163738 3.25525429844856 2.77485849765631 3.66026575863361 3.39683699607849 2.44914072751999 2.32089577615261 1.87385113537312 1.74518513679504 1.64532877504826 1.60342435653393 1.42820085470493 1.39201030364403 1.47808912396431 1.51117604970932 1.35015870974614 1.36703186768752 1.17925872547286 1.1877451390028 0.894747851416469 0.870714074000716 1.07632838074978 0.875674206018448 1.48031069040298
-9999 -9999 -9999 -9999 -9999 -9999 -9999 -9999 -9999 1.84638738781214 1.45672232657671 1.46692513674498 1.51040162146091 1.5571850463748 1.64934075623751 1.61652406305075 1.47692569861045 1.57429476884695 1.84663291275501 2.05172792077065 2.54365693032742 2.81635371538309 2.66025267197536 2.57755454228475 2.45112162828445 2.47275710105896 2.39258345961571 2.1978235989809 2.00077645693507 2.19997455179691 2.17980152368546 2.215676009655 2.32987612485886 2.05160397291183 2.18119555285999 2.15101137069555 2.45957393944263 2.48623618483543 2.71752661466599 2.79628856480122 2.58756613731384 2.38108612596989 2.00853665058429 1.8937606215477 1.81910159496161 1.72576875411547 1.47358609735966 1.44012750685215 1.22191788043295 1.24537526414945 1.2537211225583 0.980482718774251 0.989135269607816 1.2626506296488 1.03064016103745 0.9896240234375 1.11940194093264 1.08061879414778 1.07175893164598 1.07144330785825 1.11431017976541 1.19066584454133
-9999 -9999 -9999 -9999 -9999 -9999 -9999 -9999 -9999 1.35304203629494 1.43484976887703 1.45234760642052 1.33821215767127 1.29671641439199 1.26047994941473 1.13781111056988 1.33236721903086 1.41347915679216 1.51243874430656 1.61336156725883 1.9095645993948 1.94500334560871 2.01848287880421 1.9896173030138 1.90821589529514 1.74102078378201 1.72326658666134 1.68513639271259 1.66844871640205 1.66697082668543 1.67109417170286 2.23512563109398 1.77691580568041 2.06343399733305 1.99165631830692 1.88535636663437 1.95106393098831 2.04565903544426 2.225087210536 2.231724858284 1.77488446235657 1.81598716974258 1.65136032838088 1.53452202448478 1.50921928137541 1.45475612580776 1.34537435036439 1.17265859459128 1.12629361024925 1.09995432312672 1.04772450774908 1.02575962990522 0.919137967484338 1.24844834666986 1.25023543376189 1.20194464004957 1.11955205866924 1.12602188724738 1.11543969236887 1.09068780335096 1.11328605390512 1.1409315684667
1.85597927570343 1.06242235501607 1.54769665002823 1.75433404445648 -9999 -9999 -9999 2.11102429458073 1.72481447458267 1.48860508203506 1.33619164962035 1.36838264763355 1.37490107119083 1.16266553218548 1.1466172841879 1.11593931913376 1.08745867472429 1.09277152556639 1.21966952085495 1.41183263808489 1.54500560462475 1.53877488523722 1.58396808803082 1.48696664720774 1.42415730655193 1.43956200778484 1.37542683311871 1.37705690733024 1.4121810474566 1.4770847633481 1.43736708164215 1.42507197707891 1.56019329811845 1.5687612252576 1.49471824616194 1.52722941339016 1.44278571754694 1.48872692883015 1.44380505383015 1.40889371931553 1.32081053406 1.38410170720174 1.12646997570992 0.852838888764381 1.36814918518066 1.3180388212204 1.13497267961502 0.978547118604183 0.986868691444397 0.887232220172882 1.07270476967096 1.22867310643196 1.22407925358185 1.17176158382342 1.15064435968032 1.14209875235191 1.16108943865849 1.12496001101457 1.08404919161246 1.04961236508993 0.885862329974771 1.12515084674725
1.05843587432589 1.34067502388587 1.55363093431179 1.98806491919926 1.9982305935451 1.87620898655483 1.52815554692195 1.22941801087423 1.03019680218263 1.32445988059044 1.3119153007865 1.29616522043943 1.276227876544 1.16847638040781 1.33803110569715 1.32119935005903 0.963944022472088 1.1397854171016 1.17112322558056 1.09325840933756 1.08807547119531 1.24333437131001 1.26682950441654 1.45224422216415 1.13448713719845 1.19548647850752 1.19410764425993 1.1376443952322 1.21382638582817 1.28949280296053 1.1644237190485 1.305258042046 1.08891168236732 1.18064169585705 1.18205188214779 1.2178103402257 0.876205728812651 1.26595642417669 1.23852196335793 1.24415315687656 1.17364825652196 1.1623216179701 1.43194711208344 1.1397610783577 1.1259158372879 1.06011843681335 0.969069361686707 1.27616252750158 1.27810350805521 1.1953642219305 0.895419144630432 1.19033258694869 1.1749129318274 1.17916268568773 1.16790343247927 1.17763989934554 1.13858788861678 1.10394129271691 1.07671987666534 1.09717705731209 1.36477050930262 1.31646122783422
1.13516347454144 1.17375147342682 1.33795302189313 1.37850953523929 1.381322319691 1.41351808492954 1.30067916099842 1.27343453466892 1.32513827085495 1.11986467012992 1.27872198075056 1.07615781976626 1.07956134355985 1.06880628374907 1.19128064066172 0.988670887855383 0.904032888320776 1.12387466430664 1.3162154853344 0.983533091165803 0.941404349424622 0.981126010417938 0.707995995879173 0.901192754507065 1.00858432971514 1.03479308806933 1.01673418283463 1.0184071958065 1.05406855791807 1.07282312214375 1.11469815786068 1.02917869389057 0.997488029301167 0.997878186404705 1.02224189788103 1.11648362129927 1.1069507598877 1.07880267500877 1.10463217326573 1.18712329864502 1.28846940211952 1.27608464844525 1.02814234793186 0.975719905951444 0.790898378938437 0.885634792037308 1.21268362551928 1.45227392949164 2.09555205702782 0.907388854026794 1.18586089060857 1.19077524772057 1.21700160549237 1.21850707439276 1.17974061920093 1.1357089808354 1.08934981777118 1.11158807461078 1.10939800968537 1.10144541469904 1.55374173820019 1.48710875213146
0.976280987262726 1.04735724627972 1.03520884422156 0.893104001879692 1.08718303304452 1.07556664714446 1.04068242128079 1.21263003807801 1.20925134420395 1.15680128335953 0.928003251552582 1.03120101873691 1.02917508437083 1.01656865385862 0.864465910654802 0.889681364481266 0.979005536862782 1.08601489663124 1.09665276110172 0.909759549932046 0.896853117780252 0.869016494263302 0.936182492054426 0.949603433792408 0.974114883404512 1.01569734169887 1.0353372326264 1.04798813966604 0.989141002297401 0.978094607591629 0.970262564718723 0.944568566977978 1.05814047960135 1.07400829058427 1.05533120265374 1.06656347587705 1.03231286257505 1.05369435250759 1.02595925011805 1.13104779273272 1.10372041910887 1.19254414393352 1.11125714331865 1.11996084451675 1.20821325108409 0.987365937232971 1.23428888618946 1.24480390548706 1.20174077153206 1.20622745385537 1.22523829111686 1.22239145636559 1.18473489238666 1.14700771065859 1.15616676669854 1.1305789741186 1.14436366466375 1.21811230136798 1.30013714845364 1.33712405080979 1.51770211756229 1.56888621300459
0.876652747392654 0.891442000865936 0.905916750431061 0.860420562326908 1.03322390147618 1.06104464828968 1.28426965383383 1.20144155621529 1.03854048252106 0.993239969015121 1.04266449809074 0.957907974720001 0.904125802792036 0.955895759165287 0.718856457620859 0.706545554101467 0.894442725640077 0.92196686938405 1.11411659792066 1.07267559319735 1.07800981402397 0.971137912435965 0.984286145730452 0.927617084234953 0.929587915539742 0.900770761072636 0.903482690453529 1.04656970500946 0.957689866423607 0.968112125992775 0.988942917436361 0.986369267106056 1.30698600411415 1.3053622841835 1.43310695416049 1.45332356346281 1.41061311175949 1.06734499761036 1.11138683930039 1.05526470020413 1.32959708112937 1.35159342334821 1.28483573060769 1.29502399151142 1.3262205857497 1.24095141103393 1.30041747540236 1.26983859218084 1.22944578986901 1.25117492217284 1.16234568907664 1.16076961618203 1.16580069065094 1.18759079162891 1.2088883289924 1.23334279197913 1.56969888372855 1.73973897912286 1.69703505360163 1.85359172866895 2.00881437613414 2.06870392881907
0.683157018639825 0.55364207766558 0.516655839979649 0.52555225789547 0.892171025276184 0.876069494656154 0.882798460977418 1.06131916865706 1.09966012606254 1.71640795469284 0.831392258405685 0.867902249097824 0.837073475122452 0.923881571739912 0.916538763791323 0.900875248014927 0.914143111556768 0.942546952515841 1.02829717099667 1.03928397223353 1.0568485558033 1.08996486663818 0.961386620998383 0.901299644261599 0.900484204292297 0.844374764710665 0.954250685870647 1.0213721729815 1.10867072527225 1.32341104745865 1.22247223556042 1.30393930524588 1.31567546725273 1.31561700068414 1.2851761970669 1.30916364490986 1.17297493609098 1.18159984396054 1.12305336617506 1.33555720746517 1.36138987541199 1.34792026877403 1.44783631654886 1.34589103322763 1.21129304766655 1.23937287926674 1.37423467865357 1.32567540269632 1.23264272854878 1.18390313249368 1.18974659305352 1.18798266236599 1.22826764675287 1.35221175505565 1.69205362688411 1.82003805854104 2.0431556484916 2.00396756692366 2.1396247419444 1.65034437775612 2.6551747407232 4.53589483787274
0.542483316440331 0.994865074753761 0.859320641628334 0.925038356333971 0.803157549351454 0.693404082208872 0.833817530955587 1.05564217384045 0.740560459593932 0.606160752475262 0.606959780057271 0.927333630621433 0.897031731330431 0.90618548484949 0.771097776564685 0.972375495867296 1.01369948549704 0.96089855954051 0.967715252190828 0.951971400529146 1.0051258020103 1.02674528956413 0.992302186787128 1.01589839160442 1.05539019033313 1.05240651220083 1.50033192336559 1.490418381989 1.49773517251015 1.54464027844369 1.52709299325943 1.38665628992021 1.87407571077347 1.9909134182063 2.44403311339292 1.59025986492634 1.11268799006939 1.42732872068882 1.28721958857316 1.39399579167366 1.39145703613758 1.4322876402965 1.53157418049299 1.5033304645465 1.47258492158009 1.42131695151329 1.30635289274729 1.27369897182171 1.25095421075821 1.20043195669468 1.23677436892803 1.32993956483327 1.48910299631265 1.77933992942174 1.90679297844569 2.07155700705268 2.8893162059958 -9999 -9999 -9999 -9999 -9999
0.793920367956161 0.853212970708098 0.865049523966653 0.865013416324343 0.771628767251968 0.93388949907743 0.796872276526231 0.801021743279237 0.920302696526051 0.927622519433498 0.843894467904017 1.04350744187832 0.880426305990953 0.99164305254817 0.835917222228917 0.904663780331612 0.997895487330177 0.937747120857239 0.847643013183887 1.03019776940346 0.840599535749509 1.1089833676815 1.19993586838245 1.39367596060038 1.3492226600647 1.46626724302769 1.62022634595633 1.67206585407257 1.78311559207299 1.60307742655277 1.67712156660855 1.62029088847339 2.11903680454601 2.43765797398307 1.87201353907585 1.78996878862381 1.42172799660609 1.35455496036089 1.4101003247958 1.52740308413139 1.63466455386235 1.55069148082 1.57261407604584 1.58903438769854 1.47286641597748 1.40848410129547 1.32541694778662 1.25096816512255 1.19683756278111 1.20250405944311 1.30954170914797 1.58799627652535 1.88925122297727 2.44842652351626 1.43609738007921 -9999 -9999 -9999 -9999 -9999 -9999 -9999
0.943655628424424 1.23850697966722 1.13218325147262 1.05969449877739 0.876250982284546 0.844522091058584 0.829978562318362 0.561748412748178 0.552800113956133 0.766041088562745 1.11483447253704 1.11508826166391 0.802201413191282 0.724466502666473 0.735610753297806 0.746800762685862 0.746375795115124 0.962062485516071 0.97205326706171 1.26407625675201 1.19771006474128 1.12887495985398 1.31449833512306 1.33911940455437 1.3393319696188 1.46548797190189 1.56379839777946 1.62995807826519 1.68826918225539 -9999 -9999 -9999 -9999 -9999 -9999 3.14426672458649 1.57761333882809 1.47922611236572 1.46613313601567 1.46415433975366 1.39938843479523 1.41035356659156 1.37940692672363 1.42194338142872 1.23845448402258 1.3052049279213 2.1461093805053 1.39393123984337 1.3299975246191 1.98997641693462 1.63580064819409 1.84837551300342 1.94999673217535 1.9762424826622 1.97624230384827 -9999 -9999 -9999 -9999 -9999 -9999 -9999
0.707368109375238 0.6332754381001 1.10801940239393 0.618362445384264 0.559252992272377 0.636767260730267 0.624159548431635 1.07586283236742 1.02955824881792 1.01949727535248 0.93930097296834 0.972199160605669 0.793336898088455 0.893972508609295 0.82902027937499 0.780632940205661 1.01213398575783 1.05230551958084 1.10973432234355 1.13857602843871 1.11709755200606 1.10044400508587 1.13577358768536 1.32367984950542 1.36376439034939 1.33048678189516 1.49528461465469 1.68530137650669 1.73508754529451 -9999 -9999 -9999 -9999 -9999 -9999 -9999 1.52177591278003 1.47439902333113 1.51032949640201 1.36981168160072 1.36074314667628 1.31794182383097 1.20114515951047 1.1724968010729 1.17144608039122 1.7354108040983 2.39833082394166 2.18463749885559 2.45658217776905 2.37146822430871 2.4415548172864 2.10118946203819 -9999 -9999 -9999 -9999 -9999 -9999 -9999 -9999 -9999 -9999
0.591171931475401 0.5956050157547 0.596230868250132 0.79116370848247 0.573303949087858 1.07862691581249 0.554033260792494 1.01620247960091 1.03887334093451 0.746549059362972 0.771051530654614 0.771262975300059 0.562391090549921 0.943297863006592 0.938791483640671 0.830167317390442 0.999548975091714 1.1196877732873 1.21327909827232 1.85358921151895 0.844561709860049 1.28371350467205 1.19680023881105 1.33446116745472 1.28230308741331 1.23034434426915 1.4882199374529 1.63499532427107 1.8722497344017 -9999 -9999 -9999 -9999 -9999 -9999 -9999 2.08980558315913 1.87225571504006 1.75326565504074 1.48496625285882 1.11216902732849 0.990524983406067 0.97090380191803 1.86196717890826 1.62212060256438 1.52870079062202 2.03865493427623 2.41785252636129 2.58878068490462 2.73503640565005 1.85463820970975 2.53789636263481 3.18240090832114 -9999 -9999 -9999 -9999 -9999 -9999 -9999 -9999 -9999
0.998166389763355 0.994582906365395 0.596159011125565 1.16973314061761 1.09993445500731 1.11510928720236 0.578570812940598 0.723406402503743 0.701975389438517 0.715029867795797 0.764743715524673 0.675050581494967 0.986016757786274 1.02845138311386 1.05249863862991 1.08280386775732 1.02006112039089 1.00885688513517 1.1013004258275 1.17682874947786 1.11604086309671 1.00698801645866 1.01438040802112 1.13739272003824 1.44675385951996 1.44441335648298 1.63183129521517 1.61644628873238 1.62781630642712 1.63891679048538 -9999 -9999 -9999 -9999 -9999 -9999 -9999 2.27468380156685 15.6741711009632 12.5579118084263 1.29403722882271 1.70359368736927 1.42192836105824 1.84860057722438 2.24416772524516 2.15425409261997 2.41912431608547 2.64985619349913 2.44916609923045 2.68770390207117 2.83948988264257 2.69968044299346 6.62989712911404 -9999 -9999 -9999 -9999 -9999 -9999 -9999 -9999 -9999
1.08416960388422 1.11333641409874 0.728905780957295 0.518330074846745 0.781893445895268 0.917699664831161 0.924202233552933 0.873344555497169 0.884420149028301 0.901205480098724 1.03764076530933 1.06507050991058 1.11614323407412 1.11645559966564 1.07743310183287 1.0546135827899 1.03567910939455 1.02492823451757 1.02937162667513 1.03496175259352 0.974120804896722 1.01355471060826 1.12370906499299 1.19445739144629 1.82281351089478 1.78498461842537 1.4780051139268 1.61104460862967 1.57925810034458 1.62511455554229 -9999 -9999 -9999 -9999 -9999 -9999 -9999 -9999 -9999 -9999 -9999 -9999 -9999 -9999 -9999 -9999 3.65490746498108 1.80884297805674 2.31448256052457 3.3142454624176 -9999 -9999 -9999 -9999 -9999 -9999 -9999 -9999 -9999 -9999 -9999 -9999
0.769096279144287 0.813523435592651 0.450435368852182 0.731011211872101 0.740850870098386 0.846692005029092 0.868069155858113 0.951686609536409 0.919702898710966 0.913386888802052 1.03866486996412 1.06019777432084 1.06992709636688 1.10511787980795 0.921478417786685 0.94777099923654 0.995159208774567 0.997089229524136 0.934590396555987 0.905217090790922 0.964826503625283 1.11544645103541 1.14706659452482 1.13124274117191 -9999 -9999 1.69620396693548 1.57130664357772 1.51779398092857 1.51032678668316 2.01056250929832 -9999 -9999 -9999 -9999 -9999 -9999 -9999 -9999 -9999 -9999 -9999 -9999 -9999 -9999 -9999 -9999 -9999 -9999 -9999 -9999 -9999 -9999 -9999 -9999 -9999 -9999 -9999 -9999 -9999 -9999 -9999
0.749289955411639 0.899504350764411 0.782404553890228 0.802073502540588 0.80937738929476 0.907003487859454 0.932357634489353 0.933722094847606 0.964369675287834 0.971291095018387 0.977407176047564 1.07576628401875 0.970653735101223 0.948802515864372 0.987088598988273 1.03932448950681 1.05625472217798 0.912862975489009 1.05807244433806 1.07482918409201 1.03491253202612 1.10609885914759 1.20978632569313 1.34451872381297 1.77458216249943 1.94002571472755 1.74497138307645 1.54714228556706 1.53763564962607 1.55178416463045 2.15932953357697 2.24540142218272 -9999 -9999 -9999 -9999 -9999 -9999 -9999 -9999 -9999 -9999 -9999 -9999 -9999 -9999 -9999 -9999 -9999 -9999 -9999 -9999 -9999 -9999 -9999 -9999 -9999 -9999 -9999 -9999 -9999 -9999
0.791502663067409 0.920158177614212 0.946646996906826 0.924693959099906 0.927302491664887 0.961820538227375 0.958451168877738 1.00496920714012 1.08543938398361 1.09785410016775 1.0874873958528 1.20483391731977 1.09914149343967 1.05136911571026 1.04852664470673 1.07878487184644 1.00270334698937 0.963333196260712 0.935745867815885 1.00464539636265 1.11213786493648 1.15974197468974 1.23992895809087 1.34914003177123 1.66093951463699 1.58067872891059 1.55039570194024 1.501955557328 1.56643409453906 1.60265091061592 2.05724394321442 2.16531508244001 -9999 -9999 -9999 -9999 -9999 -9999 -9999 -9999 -9999 -9999 -9999 -9999 -9999 -9999 -9999 -9999 -9999 -9999 -9999 -9999 -9999 -9999 -9999 -9999 -9999 -9999 -9999 -9999 -9999 -9999
0.938915337835039 1.02648514509201 1.01818377971649 0.958058220148087 1.1112303212285 1.07740840315819 1.12596901506186 1.12640800842872 1.19819873571396 1.23395645045317 1.29121874845945 1.44200446456671 1.27128568833525 1.36081248521805 1.15925547480583 0.930693207816644 1.09875736672145 1.1482912749052 1.13836088776588 1.15991824120283 1.14853672954169 1.32368382811546 1.51126298579303 1.58402168479833 1.70507621994385 1.6655775148135 1.54876597798788 1.50895363321671 1.15872442993251 1.33329672705043 1.9461146146059 -9999 -9999 -9999 -9999 -9999 -9999 -9999 -9999 -9999 -9999 -9999 -9999 -9999 -9999 -9999 -9999 -9999 -9999 -9999 -9999 -9999 -9999 -9999 -9999 -9999 -9999 -9999 -9999 -9999 -9999 -9999
