EcologicalScience/Bass/data/rs_data_bass/chl_149.asc
NCOLS 226 
NROWS 124 
XLLCORNER -9.41648524995501 
YLLCORNER 47.587301625531 
CELLSIZE 0.0833 
NODATA_value -9999 
[rows 81 to 107 of 124, columns 62 to 123 of 226]
3.85158455371857 5.97498106956482 7.6620512008667 7.66205191612244 -9999 -9999 -9999 -9999 -9999 -9999 -9999 -9999 -9999 -9999 -9999 -9999 -9999 -9999 -9999 -9999 -9999 -9999 -9999 -9999 -9999 -9999 -9999 -9999 -9999 -9999 -9999 -9999 -9999 -9999 -9999 -9999 -9999 -9999 -9999 -9999 -9999 -9999 -9999 -9999 -9999 -9999 -9999 -9999 -9999 -9999 -9999 -9999 -9999 -9999 -9999 -9999 -9999 -9999 -9999 -9999 -9999 -9999
2.91078457901779 -9999 -9999 -9999 -9999 -9999 -9999 -9999 -9999 -9999 -9999 -9999 -9999 -9999 -9999 -9999 -9999 -9999 -9999 -9999 -9999 -9999 -9999 -9999 -9999 -9999 -9999 -9999 -9999 -9999 -9999 -9999 -9999 -9999 -9999 -9999 -9999 -9999 -9999 -9999 -9999 -9999 -9999 -9999 -9999 -9999 -9999 -9999 -9999 -9999 -9999 -9999 -9999 -9999 -9999 -9999 -9999 -9999 -9999 -9999 -9999 -9999
-9999 -9999 -9999 -9999 -9999 -9999 -9999 -9999 -9999 -9999 -9999 -9999 -9999 -9999 -9999 -9999 -9999 -9999 -9999 -9999 -9999 -9999 -9999 -9999 -9999 -9999 -9999 -9999 -9999 -9999 -9999 -9999 -9999 -9999 -9999 -9999 -9999 -9999 -9999 -9999 -9999 -9999 -9999 -9999 -9999 -9999 -9999 -9999 -9999 -9999 -9999 -9999 -9999 -9999 -9999 -9999 -9999 -9999 -9999 -9999 -9999 -9999
-9999 -9999 -9999 -9999 -9999 -9999 -9999 -9999 -9999 -9999 -9999 -9999 -9999 -9999 -9999 -9999 -9999 -9999 -9999 -9999 -9999 -9999 -9999 -9999 -9999 -9999 -9999 -9999 -9999 -9999 -9999 -9999 -9999 -9999 -9999 -9999 -9999 -9999 -9999 -9999 -9999 -9999 -9999 -9999 -9999 -9999 -9999 -9999 -9999 -9999 -9999 -9999 -9999 -9999 -9999 -9999 -9999 3.2744848167195 2.02925378084183 2.6377626657486 2.86624950170517 2.6263200044632
-9999 -9999 -9999 -9999 -9999 -9999 -9999 -9999 -9999 -9999 -9999 -9999 -9999 -9999 -9999 -9999 -9999 -9999 -9999 -9999 -9999 -9999 -9999 -9999 -9999 -9999 -9999 -9999 -9999 -9999 -9999 -9999 -9999 -9999 -9999 -9999 37.1749906539917 -9999 3.38495707511902 2.33511604447114 -9999 -9999 3.30020320415497 3.5739973783493 3.81906294822693 2.46562957763672 2.71740978956223 2.46571505069733 2.44339871406555 2.34718573093414 2.36944127082825 2.59791970252991 -9999 -9999 -9999 2.85389167070389 2.67131406068802 2.41636419296265 2.32708132266998 2.21302950382233 1.40857949852943 1.11338925361633
-9999 -9999 -9999 -9999 -9999 -9999 -9999 -9999 -9999 -9999 -9999 -9999 -9999 3.47604105530716 17.0693248361349 1.6571549475193 1.87012839317322 1.29654569845451 1.12509450316429 -9999 -9999 -9999 -9999 -9999 -9999 -9999 -9999 -9999 2.40017849206924 2.46760493516922 2.96284800767899 3.00936377048492 -9999 3.66949796676636 -9999 -9999 -9999 -9999 2.94442945718765 2.75844007730484 2.84044647216797 2.88562577962875 2.68217772245407 2.40394341945648 2.22421431541443 1.95608103275299 1.84819793701172 1.80346423387527 1.81293529272079 1.81171345710754 1.81555652618408 1.95385283231735 2.35882723331451 2.69080352783203 2.03177779912949 1.57319855690002 1.566614985466 1.37804925441742 1.26984152197838 1.28386875987053 1.26412573456764 1.07742896676064
-9999 -9999 -9999 -9999 -9999 -9999 -9999 -9999 -9999 -9999 2.88108689586321 3.03911876678467 1.61423707008362 1.63872367143631 1.6191693842411 1.61036548018456 2.79545706510544 1.34615901112556 1.34880200028419 1.33768901228905 4.95821717393351 -9999 1.3032134771347 1.52248501777649 1.68335676193237 -9999 -9999 2.43059474229813 2.53011524677277 2.40998321771622 2.72814077138901 2.76168376207352 2.74795353412628 2.58735305070877 -9999 -9999 2.95854469708034 3.36571133136749 2.69234776496887 2.39520674943924 2.43298119306564 2.42336475849152 1.91598969697952 1.68731707334518 1.66264647245407 1.55585396289825 1.40953570604324 1.2820927798748 1.20765674114227 0.985947042703629 0.81327223777771 0.815106779336929 1.03811323642731 1.3447627723217 1.12093502283096 0.831339776515961 0.859209001064301 1.71199125051498 1.73084253072739 1.35481578111649 1.18593674898148 1.28062498569489
-9999 -9999 -9999 -9999 -9999 -9999 -9999 -9999 -9999 1.48270726203918 1.33676174283028 1.32823053002357 1.51403331756592 1.56183528900146 1.57132878899574 1.61967900395393 1.79041913151741 1.87154737114906 1.90679624676704 1.88991674780846 2.02998599410057 3.37273152811187 1.6862279176712 1.35817202925682 1.31396099925041 1.37913823127747 1.46644422411919 1.44267296791077 2.08284455537796 1.97642183303833 2.08701968193054 2.28311026096344 2.47804194688797 2.65763032436371 2.99229294061661 3.17898595333099 3.12225365638733 2.82760566473007 2.38370025157928 2.03211379051208 1.93485671281815 1.8061814904213 1.49216848611832 1.1839724779129 1.18267723917961 1.00383076071739 0.965048968791962 0.74763523042202 0.680396988987923 0.791249245405197 0.684417754411697 0.737222984433174 1.00015273690224 0.931997984647751 1.21357128024101 1.63690191507339 2.12175893783569 2.51517444849014 2.41243797540665 1.99308300018311 1.46710047125816 1.28459849953651
-9999 -9999 -9999 -9999 -9999 -9999 -9999 -9999 -9999 1.33012202382088 1.45352473855019 0.88799849152565 1.44644924998283 1.43390996754169 1.55850219726562 1.45923829078674 1.75921538472176 1.88694673776627 1.8358758687973 1.73786813020706 1.91468739509583 1.36128750443459 1.31172072887421 1.63414281606674 1.60651051998138 1.54086595773697 1.59144973754883 1.43352752923965 1.65810906887054 2.06643229722977 2.08398145437241 2.12328225374222 2.4086782336235 2.60323119163513 2.70913803577423 2.69107657670975 2.64545845985413 2.46354675292969 2.02396130561829 1.90685248374939 1.70601296424866 1.53075367212296 1.19957622885704 1.10885846614838 1.05674546957016 0.858764290809631 0.66575101017952 0.576539263129234 0.666679501533508 0.946698725223541 0.931638032197952 1.10186326503754 1.42061626911163 2.12469220161438 2.40240901708603 2.7323722243309 2.71441501379013 2.27857500314713 1.97831404209137 1.86910879611969 1.19535300135612 1.40870100259781
-9999 -9999 -9999 -9999 -9999 -9999 -9999 -9999 1.43829372525215 1.44119176268578 1.47174078226089 1.46823978424072 1.17441187798977 1.22835221886635 1.14090563356876 1.16466522216797 1.25353802740574 1.36342164874077 1.55032727122307 1.13782802224159 1.22668200731277 1.2574844956398 1.2968610227108 1.64224880933762 1.27932751178741 1.65235948562622 1.83888530731201 2.1591494679451 2.07247048616409 1.9999492764473 1.96887749433517 1.91425126791 1.83990973234177 1.79587572813034 1.93746381998062 2.14146441221237 2.13157045841217 2.24377048015594 1.91469597816467 1.67389869689941 1.36062222719193 1.14191776514053 1.0497217476368 1.03035297989845 1.00073254108429 0.816738724708557 0.535608753561974 0.555311232805252 0.686865761876106 1.55608052015305 1.72879958152771 1.57864129543304 1.74088042974472 2.30493968725204 2.38822120428085 2.53025025129318 2.49649572372437 2.22536319494247 1.83462899923325 1.54328173398972 1.34210997819901 1.24575001001358
0.899904727935791 0.887982755899429 0.904889971017838 0.956406712532043 -9999 -9999 -9999 1.03471790332543 1.61731570959091 1.34928524494171 1.36284595727921 1.04773011803627 1.09109924733639 1.15868398547173 1.14222523570061 1.14390903711319 1.15398448705673 1.19769336283207 1.31180289387703 1.39787627756596 1.55083313584328 1.51059445738792 1.47385463118553 1.29684072732925 1.36899751424789 1.29646727442741 1.29100647568703 1.292789965868 1.35420674085617 1.3303185403347 1.34228324890137 1.50582075119019 1.39943620562553 1.2846255004406 1.2564757168293 1.35747376084328 1.38072296977043 1.40837100148201 1.70371270179749 1.29870003461838 1.03568395972252 1.06287601590157 0.934603482484818 0.872797518968582 0.72425776720047 0.664979249238968 0.484265238046646 0.494622007012367 0.567276746034622 1.09844997525215 1.66614675521851 1.73067516088486 1.89558523893356 2.01706731319427 2.03574442863464 2.10471367835999 2.05442923307419 2.00781601667404 1.74209332466125 1.47384524345398 1.30964550375938 1.31601825356483
0.653311505913734 0.663000002503395 0.724137738347054 0.940491735935211 1.00192496180534 1.09719076752663 1.18306276202202 1.22333398461342 1.07674124836922 1.10638502240181 1.15708127617836 1.15752446651459 1.15964922308922 1.17756897211075 1.12763097882271 1.09322395920753 1.12206673622131 1.20697273313999 1.2451991289854 1.27114981412888 1.30639010667801 1.30947527289391 1.14318823814392 1.34960545599461 1.32688200473785 1.18798425793648 1.22383198142052 1.26688572764397 1.23682352900505 1.43898184597492 1.49205301702023 1.44273895025253 0.968297213315964 0.956895768642426 1.28557871282101 1.24532514810562 1.26452775299549 0.479826763272285 0.492236271500587 0.810092255473137 0.803947873413563 0.774865865707397 0.508707761764526 0.479865744709969 0.506753996014595 0.498355507850647 0.561294749379158 0.643737763166428 0.775894492864609 1.09410372376442 1.26066371798515 1.38273453712463 1.43245053291321 1.60158222913742 1.38635095953941 1.0064309835434 1.20727202296257 1.1846085190773 1.0659014582634 1.13862302899361 1.24764901399612 1.2374025285244
0.554783999919891 0.586656734347343 0.574175253510475 0.569460019469261 0.65480250120163 0.654242992401123 0.62610000371933 0.786763519048691 0.846765786409378 0.955122023820877 0.936020225286484 1.01901975274086 0.967514276504517 1.04689273238182 1.03180950880051 0.902892231941223 1.08924114704132 1.19054853916168 1.27348798513412 1.32142648100853 1.33886995911598 1.29134398698807 1.19213663041592 1.22076264023781 1.22059987485409 1.20571535825729 1.19827124476433 1.20830400288105 1.23323808610439 1.24200676381588 1.25115224719048 1.1948373913765 1.10169410705566 1.1866889744997 1.00501835346222 0.439402520656586 0.44634447991848 0.481267511844635 0.482087999582291 0.495391488075256 0.529065728187561 0.524672269821167 0.457890763878822 0.4400385171175 0.452208012342453 0.462319493293762 0.482458502054214 0.509104505181313 0.608397737145424 0.935669213533401 0.933125227689743 0.836660206317902 0.718638762831688 0.62602499127388 0.626670017838478 0.658299744129181 0.847979217767715 0.914821475744247 0.922857016324997 0.956804215908051 0.963459759950638 1.09189420938492
0.503615230321884 0.498128995299339 0.500247001647949 0.556388989090919 0.610393479466438 0.602028742432594 0.608814731240273 0.536616012454033 0.570366740226746 0.618863269686699 0.66550800204277 0.688965752720833 0.707968488335609 0.875915989279747 1.08840076625347 1.0461116284132 1.06961698830128 1.08343689143658 1.18281975388527 1.21687272191048 1.214853733778 1.16663365066051 1.2213701158762 1.25613301992416 1.24714650213718 1.2793972492218 1.29733836650848 1.31397485733032 1.3074187785387 1.29948037862778 1.10216063261032 1.08852110803127 1.17876751720905 0.612228021025658 0.578956514596939 0.645703509449959 0.695716515183449 0.667964994907379 0.608414992690086 0.455975264310837 0.448556989431381 0.436195492744446 0.441039741039276 0.436005771160126 0.453612014651299 0.472924500703812 0.502038761973381 0.560524508357048 0.644578501582146 0.890680521726608 0.792339026927948 0.653148740530014 0.561698243021965 0.598610982298851 0.856296747922897 0.833278477191925 0.846622467041016 0.83923351764679 0.901780486106873 1.02422770857811 1.1864932179451 1.26529571413994
0.431404486298561 0.437712013721466 0.485508754849434 0.564824268221855 0.62458348274231 0.630390733480453 0.631940245628357 0.542343020439148 0.522676482796669 0.504272997379303 0.511011019349098 0.569109007716179 0.56420025229454 0.861729383468628 1.13214339315891 0.991454750299454 0.990570217370987 0.881187736988068 1.15515446662903 1.16022446751595 0.516157507896423 1.16805598139763 1.23353098332882 1.25869278609753 1.25185798108578 1.31522101163864 1.32508085668087 1.32141709327698 1.32836624979973 1.24201574921608 1.28538452088833 1.21671040356159 0.807270705699921 0.835075467824936 0.902080535888672 0.884389489889145 0.853856205940247 0.857448041439056 0.865552514791489 0.774572253227234 0.614997759461403 0.475049257278442 0.504303753376007 0.575604736804962 0.596324265003204 0.611537978053093 0.634623751044273 0.651851981878281 0.682493269443512 0.730766996741295 0.624994486570358 0.613422766327858 0.682124242186546 0.89786696434021 0.96515554189682 0.917673021554947 0.882439523935318 0.913372457027435 0.990137279033661 1.05033302307129 1.22243696451187 1.33691024780273
0.436411499977112 0.492290988564491 0.51460500061512 0.557690262794495 0.588635981082916 0.595698013901711 0.746202275156975 0.731438994407654 0.716065116226673 0.688907258212566 0.511439234018326 0.511468514800072 0.531052485108376 0.537926271557808 0.784939505159855 0.839093238115311 0.99745537340641 0.997220635414124 1.05544459819794 1.1936377286911 1.22433596849442 1.1723797917366 1.20458176732063 1.24294871091843 1.19556449353695 1.18535323441029 1.20926325023174 1.19008840620518 1.19406598806381 1.38255639374256 1.02380436658859 0.911432236433029 0.928392738103867 0.830285221338272 0.772841244935989 0.674612268805504 0.655565232038498 0.601463243365288 0.602041482925415 0.74481900036335 0.627670481801033 0.522119253873825 0.615146979689598 0.557219982147217 0.752079784870148 0.74363024532795 0.732468768954277 0.676184982061386 0.642713248729706 0.586317747831345 0.593684256076813 0.71076075732708 0.834390789270401 1.03084203600883 1.15733850002289 1.22188729047775 1.28798246383667 1.27133998274803 1.25583297014236 1.29895198345184 1.77367794513702 2.12879314759503
0.417526513338089 0.60513111948967 0.595675483345985 0.685500502586365 0.700391739606857 0.747809499502182 0.74941423535347 0.807151764631271 0.649522483348846 0.664672493934631 0.678588733077049 0.718204513192177 0.956346407532692 0.999094113707542 0.813806220889091 0.817985258996487 0.901821002364159 1.04062575101852 1.10881309211254 1.10609740018845 1.15111649036407 1.23503476381302 1.37840250134468 1.39534878730774 1.48325845599174 1.44199651479721 0.888930022716522 0.936185270547867 0.916497766971588 0.516323268413544 0.510312750935555 0.759308964014053 0.768168747425079 0.867484509944916 1.03169104456902 1.01133227348328 0.754235208034515 0.607252478599548 0.576440244913101 0.595757246017456 0.552933767437935 0.618407249450684 0.760311752557755 0.711584240198135 0.758810251951218 0.769353032112122 0.70372349023819 0.634350746870041 0.661622241139412 0.720160514116287 0.709535256028175 0.783345758914948 0.944766730070114 1.45058771967888 1.62387603521347 1.49469146132469 2.04453621554549 -9999 -9999 -9999 -9999 -9999
0.804023772478104 0.682866483926773 0.703864991664886 0.687799990177155 0.826019287109375 0.90606427192688 0.983343005180359 0.984043776988983 0.867160096764565 0.885450392961502 0.976888105273247 1.00271666049957 0.980176493525505 0.90778161585331 0.932936981320381 0.780279010534286 0.776243984699249 0.98565562069416 1.00350227952003 1.06357088685036 1.23959174752235 1.27171272039413 1.37276700139046 1.25692802667618 1.23717597126961 1.47153228521347 1.58686655759811 1.272656304221 1.26152139902115 1.18833826482296 0.524340748786926 0.707967728376389 1.20096302032471 1.69632607698441 1.55193293094635 1.59122318029404 1.10971051454544 0.869879275560379 0.632573246955872 0.562418237328529 0.620897233486176 0.751974731683731 0.583431735634804 0.728981271386147 0.832127273082733 2.42615363001823 0.526628270745277 0.518469750881195 0.594482257962227 0.886353760957718 0.834286540746689 0.950334012508392 1.16793751716614 2.46012378931046 1.86515851489833 -9999 -9999 -9999 -9999 -9999 -9999 -9999
0.902837634086609 0.890180267393589 1.01679846644402 1.01827651262283 1.01921075582504 1.02529123425484 1.13772524893284 1.14007012546062 0.892711535096169 0.805231869220734 0.792496494948864 0.849540732800961 0.87305773794651 0.809471994638443 0.70412964373827 0.660992614924908 0.779263883829117 0.858117789030075 0.979091987013817 1.09253624081612 1.3560581356287 1.30716075003147 1.4765437245369 1.43058076500893 1.35563170909882 1.3844752907753 1.58154970407486 1.38667573034763 1.12803947925568 -9999 -9999 -9999 -9999 -9999 -9999 3.14426672458649 1.14214950799942 1.07142671942711 0.646482735872269 0.521258980035782 0.538973987102509 0.55205100774765 0.542104482650757 0.880494743585587 1.11948376893997 1.36876273155212 0.581387981772423 0.592185750603676 0.660433486104012 1.49969324469566 1.66042274236679 1.71158480644226 1.50993901491165 1.9762424826622 1.97624230384827 -9999 -9999 -9999 -9999 -9999 -9999 -9999
0.986409366130829 0.985999837517738 0.786034762859344 0.868824742734432 0.876070864498615 0.908669605851173 0.80452461540699 0.761674135923386 0.753924764692783 0.754739977419376 0.733390130102634 0.758544400334358 0.734934769570827 0.630733117461205 0.580475628376007 0.541102878749371 0.922022625803947 1.12096162140369 1.36528126895428 1.40565450489521 1.22889938950539 1.11841723322868 0.971996605396271 1.36793401837349 1.30468574166298 1.30949851870537 1.29293587803841 1.41475461423397 1.45728971064091 -9999 -9999 -9999 -9999 -9999 -9999 -9999 1.94936317205429 1.46824729442596 1.08974924683571 0.785304039716721 0.800741225481033 0.622364982962608 0.655523255467415 1.05107849836349 1.46681177616119 1.87830144166946 1.44484949111938 1.28043150901794 1.07965797185898 2.37785178422928 2.82869321107864 2.77410525083542 -9999 -9999 -9999 -9999 -9999 -9999 -9999 -9999 -9999 -9999
0.967313267290592 0.971335105597973 0.762404263019562 0.703106999397278 0.722165256738663 0.65301375836134 0.821983113884926 0.902174234390259 0.947988756000996 1.11845547705889 0.629646755754948 0.883785367012024 0.869804240763187 0.565327495336533 0.532875381410122 0.544725760817528 0.989505752921104 1.11188364028931 1.61247941851616 0.999544632316816 0.686403751373291 1.49980202317238 1.02382001280785 1.17490348219872 1.21258053183556 1.23610872030258 1.29548625648022 1.33137747645378 1.54634812474251 -9999 -9999 -9999 -9999 -9999 -9999 -9999 2.47213643789291 2.15921258926392 2.22464400529861 1.49976754188538 1.39344075322151 1.35298499464989 1.15946620702744 1.27718621492386 1.49353802204132 2.16785180568695 3.23079586029053 3.64439463615417 10.7436772584915 2.64098328351974 2.96470266580582 3.03689467906952 3.95564723014832 -9999 -9999 -9999 -9999 -9999 -9999 -9999 -9999 -9999
0.859423488378525 0.614830240607262 0.641147747635841 0.652832269668579 0.62915401160717 0.739948868751526 0.755053862929344 0.888835497200489 1.04630886018276 0.684789396822453 0.562834493815899 0.532906137406826 0.593385756015778 0.567321740090847 0.531790137290955 0.539467871189117 0.791284136474133 0.977218106389046 1.23448576033115 1.23047138750553 1.11811839044094 0.969378769397736 0.904247984290123 0.880114115774632 0.488799020648003 0.538264498114586 0.672290235757828 0.806286782026291 1.20968028903008 1.70266807079315 -9999 -9999 -9999 -9999 -9999 -9999 -9999 2.53633278608322 39.5499040603638 2.08827602863312 1.9421249628067 1.97833943367004 1.90560972690582 1.99086445569992 2.08008599281311 2.20486503839493 2.84251946210861 3.1308217048645 3.39469492435455 3.21353459358215 3.44209742546082 3.71295034885406 3.06508493289519 -9999 -9999 -9999 -9999 -9999 -9999 -9999 -9999 -9999
0.501170977950096 0.635848760604858 0.643793001770973 0.716330766677856 0.709391519427299 0.736163765192032 0.672023996710777 0.718007259070873 0.662143506109715 0.649237878620625 0.652153126895428 0.689449891448021 0.60138713568449 0.542406745254993 0.540680252015591 0.518655002117157 0.548066630959511 0.810064136981964 0.774603746831417 0.664795137941837 0.581890493631363 0.5742217451334 0.858079858124256 0.989665478467941 0.870098233222961 0.601029753684998 0.924449265003204 1.04463002085686 1.29342824220657 1.39648649096489 -9999 -9999 -9999 -9999 -9999 -9999 -9999 -9999 -9999 -9999 -9999 -9999 -9999 -9999 -9999 -9999 3.65490746498108 3.25923657417297 3.96851027011871 3.44328278303146 -9999 -9999 -9999 -9999 -9999 -9999 -9999 -9999 -9999 -9999 -9999 -9999
0.56317675113678 0.634604513645172 0.67161999642849 0.699600741267204 0.667816251516342 0.815851137042046 0.782204255461693 0.569852605462074 0.605717606842518 0.596507258713245 0.622423499822617 0.610366880893707 0.635516613721848 0.606611631810665 0.582344613969326 0.598447501659393 0.598603494465351 0.61354648321867 0.604421988129616 0.584337741136551 0.573152996599674 0.694906868040562 0.936832867562771 1.23908003171285 -9999 -9999 -9999 0.710892766714096 0.732914999127388 0.8190997838974 1.03288346529007 -9999 -9999 -9999 -9999 -9999 -9999 -9999 -9999 -9999 -9999 -9999 -9999 -9999 -9999 -9999 -9999 -9999 -9999 -9999 -9999 -9999 -9999 -9999 -9999 -9999 -9999 -9999 -9999 -9999 -9999 -9999
0.517999231815338 0.545551270246506 0.599458485841751 0.642712503671646 0.573869995772839 0.636739857494831 0.60743323713541 0.572336979210377 0.559094242751598 0.59543851017952 0.641577735543251 0.683292388916016 0.658064603805542 0.635445736348629 0.629788510501385 0.400053754448891 0.664190232753754 0.679328240454197 0.62068122625351 0.60996899753809 0.659451372921467 0.796091616153717 0.92977648973465 1.35345004498959 1.02755472064018 1.08320474624634 1.05950403213501 1.20777672529221 1.01401653885841 1.01677277684212 1.60254822671413 2.57331522579851 -9999 -9999 -9999 -9999 -9999 -9999 -9999 -9999 -9999 -9999 -9999 -9999 -9999 -9999 -9999 -9999 -9999 -9999 -9999 -9999 -9999 -9999 -9999 -9999 -9999 -9999 -9999 -9999 -9999 -9999
0.597088873386383 0.564940139651299 0.533512875437737 0.49268551915884 0.49456125497818 0.504132762551308 0.519305616617203 0.564974248409271 0.686366245150566 0.631422735750675 0.765407636761665 0.82268214225769 0.709326379001141 0.732300728559494 0.416042983531952 0.422597229480743 0.506654262542725 0.70413002371788 0.655657880008221 0.649593383073807 0.692279241979122 0.76078163087368 0.858927749097347 1.10887348651886 1.02308624982834 1.18826097249985 1.22306022047997 1.02633520960808 1.50179851055145 1.65734812617302 2.00789067149162 2.61796691417694 -9999 -9999 -9999 -9999 -9999 -9999 -9999 -9999 -9999 -9999 -9999 -9999 -9999 -9999 -9999 -9999 -9999 -9999 -9999 -9999 -9999 -9999 -9999 -9999 -9999 -9999 -9999 -9999 -9999 -9999
0.622301235795021 0.524543065577745 0.533728860318661 0.61039474606514 0.563809119164944 0.584476880729198 0.620785139501095 0.663513734936714 0.860730014741421 0.858156368136406 0.889403633773327 0.908406347036362 0.902275510132313 0.898828133940697 0.839097775518894 0.489214494824409 0.565061241388321 0.626630231738091 0.666275627911091 0.681629598140717 0.706492871046066 0.860091760754585 1.13680127263069 1.47964614629745 1.73151004314423 1.43084478378296 1.27490177750587 1.410035982728 1.63757890462875 1.72164711356163 2.35877430438995 -9999 -9999 -9999 -9999 -9999 -9999 -9999 -9999 -9999 -9999 -9999 -9999 -9999 -9999 -9999 -9999 -9999 -9999 -9999 -9999 -9999 -9999 -9999 -9999 -9999 -9999 -9999 -9999 -9999 -9999 -9999
