EcologicalScience/Bass/data/rs_data_bass/chl_129.asc
NCOLS 226 
NROWS 124 
XLLCORNER -9.41648524995501 
YLLCORNER 47.587301625531 
CELLSIZE 0.0833 
NODATA_value -9999 
[rows 54 to 80 of 124, columns 0 to 61 of 226]
-9999 -9999 -9999 -9999 -9999 -9999 -9999 -9999 -9999 -9999 -9999 -9999 -9999 -9999 -9999 -9999 -9999 -9999 -9999 -9999 -9999 -9999 -9999 -9999 -9999 -9999 -9999 -9999 -9999 -9999 -9999 -9999 -9999 -9999 -9999 -9999 -9999 -9999 4.60651075578781 2.59901630878448 2.06197267770767 2.05014145374298 1.5863054394722 1.69911777973175 1.52250637114048 1.44620405137539 1.21199248731136 1.24968038499355 1.09028215706348 1.08334274590015 1.05627974867821 1.14685575664043 1.29742616415024 1.45948395133018 1.84005427360535 2.10394108295441 2.32025718688965 2.31802126169205 -9999 0.607058599591255 0.62790758907795 1.14170706401701
-9999 -9999 -9999 -9999 -9999 -9999 -9999 -9999 -9999 -9999 -9999 -9999 -9999 -9999 -9999 -9999 -9999 -9999 -9999 -9999 -9999 -9999 -9999 -9999 -9999 -9999 -9999 -9999 -9999 -9999 -9999 -9999 -9999 -9999 -9999 -9999 -9999 -9999 -9999 2.28295621275902 2.19275817275047 2.16611248254776 1.87673252820969 1.75451329350471 1.3684548586607 1.33759948611259 1.21201537549496 1.18534081578255 1.31653494694654 1.06386076211929 1.10831053256989 1.17330983877182 1.42262476682663 1.72685236930847 1.82354772090912 1.92516303062439 2.45032754365136 -9999 -9999 -9999 -9999 -9999
-9999 -9999 -9999 -9999 -9999 -9999 -9999 -9999 -9999 -9999 -9999 -9999 -9999 -9999 -9999 -9999 -9999 -9999 -9999 -9999 -9999 -9999 -9999 -9999 -9999 -9999 -9999 -9999 -9999 -9999 -9999 -9999 -9999 -9999 -9999 -9999 -9999 -9999 -9999 -9999 1.93647831678391 1.90500378608704 2.04129186272621 1.87420535087585 1.76317048072815 1.44030712544918 1.4171010106802 1.29570114612579 1.22527348995209 1.20859350264072 1.0764368057251 1.25319186449051 1.50380488634109 1.66249924898148 1.79526288509369 1.87594844102859 2.44959604740143 1.78745872974396 1.80636090040207 -9999 -9999 -9999
-9999 -9999 -9999 -9999 -9999 -9999 -9999 -9999 -9999 -9999 -9999 -9999 -9999 -9999 -9999 -9999 -9999 -9999 -9999 -9999 -9999 -9999 -9999 -9999 -9999 -9999 -9999 -9999 -9999 -9999 -9999 -9999 -9999 -9999 -9999 -9999 -9999 -9999 -9999 -9999 2.24136861562729 2.10930925607681 2.138034760952 2.11787277460098 1.95200747251511 1.80086919665337 1.53087973594666 1.56760047376156 1.49028973281384 1.39493139088154 0.700032770633698 0.875467479228973 0.90855073928833 1.52594858407974 1.57330912351608 1.73775720596313 1.71275672912598 1.76303082704544 2.06316423416138 2.35398693084717 16.3611929233258 -9999
-9999 -9999 -9999 -9999 -9999 -9999 -9999 -9999 -9999 -9999 -9999 -9999 -9999 -9999 -9999 -9999 -9999 -9999 -9999 -9999 -9999 -9999 -9999 -9999 -9999 -9999 -9999 -9999 -9999 -9999 -9999 -9999 -9999 -9999 -9999 -9999 -9999 -9999 -9999 -9999 -9999 2.44494420289993 2.08453595638275 2.21896547079086 2.33834552764893 2.23302564024925 1.90805357694626 1.67163419723511 1.67256742715836 1.54805848002434 1.22641874849796 1.07752235233784 1.25709146261215 1.20639672875404 1.51748126745224 1.47914156913757 1.7013863325119 1.93812942504883 1.86693328619003 2.65194675922394 3.73941124677658 -9999
-9999 -9999 -9999 -9999 -9999 -9999 -9999 -9999 -9999 -9999 -9999 -9999 -9999 -9999 -9999 -9999 -9999 -9999 -9999 -9999 -9999 -9999 -9999 -9999 -9999 -9999 -9999 -9999 -9999 -9999 -9999 -9999 -9999 -9999 -9999 -9999 -9999 -9999 -9999 -9999 -9999 2.44470351934433 2.69939070940018 2.30866831541061 2.13973912596703 1.8929500579834 1.75211101770401 1.5887314081192 1.59093636274338 1.40933547914028 1.17640650272369 1.11649914085865 1.36183574795723 1.47908516228199 1.52210479974747 1.6523617208004 1.61084997653961 2.07649353146553 1.92949450016022 -9999 -9999 -9999
-9999 -9999 -9999 -9999 -9999 -9999 -9999 -9999 -9999 -9999 -9999 -9999 -9999 -9999 -9999 -9999 -9999 -9999 -9999 -9999 -9999 -9999 -9999 -9999 -9999 -9999 -9999 -9999 -9999 -9999 -9999 -9999 -9999 -9999 -9999 -9999 -9999 -9999 -9999 -9999 2.60856977105141 2.43123337626457 2.28256013989449 2.00177997350693 1.65909379720688 1.45893676578999 1.39151018857956 1.5197339951992 1.37069924175739 1.27282047271729 1.16834096610546 1.2163515239954 1.27115584909916 1.4463202804327 1.50539964437485 1.50108714401722 1.75794410705566 -9999 -9999 3.06566780805588 3.57037916779518 3.82398453354836
-9999 -9999 -9999 -9999 -9999 -9999 -9999 -9999 -9999 -9999 -9999 -9999 -9999 -9999 -9999 -9999 -9999 -9999 -9999 -9999 -9999 -9999 -9999 -9999 -9999 -9999 -9999 -9999 -9999 -9999 -9999 -9999 -9999 -9999 -9999 -9999 -9999 -9999 -9999 2.12270708084106 2.71721237897873 2.5570410490036 2.08537915349007 1.91829380393028 1.42966461181641 1.33788639307022 1.30703589320183 1.33964923024178 1.3984394967556 1.21326000988483 1.12325477600098 1.16122578084469 1.22009584307671 1.32891225814819 1.43183326721191 1.65577125549316 2.04838272929192 1.8491313457489 2.20628437399864 2.36804884672165 2.55397126078606 2.67509964108467
-9999 -9999 -9999 -9999 -9999 -9999 -9999 -9999 -9999 -9999 -9999 -9999 -9999 -9999 -9999 -9999 -9999 -9999 -9999 -9999 -9999 -9999 -9999 -9999 -9999 -9999 -9999 -9999 -9999 -9999 -9999 -9999 -9999 -9999 -9999 -9999 -9999 -9999 -9999 2.39931557178497 2.2416795194149 1.88178339600563 1.65834376215935 1.52248348295689 1.36988626420498 1.28001411259174 1.31696735322475 1.22430074214935 1.26347176730633 1.01854012906551 0.993010461330414 1.09522949159145 1.28680725395679 1.43721713125706 1.67415037751198 1.72483205795288 1.76721042394638 1.74426680803299 1.78818869590759 2.24481448531151 2.11773931980133 2.09203496575356
-9999 -9999 -9999 -9999 -9999 -9999 -9999 -9999 -9999 -9999 -9999 -9999 -9999 -9999 -9999 -9999 -9999 -9999 -9999 -9999 -9999 -9999 -9999 -9999 -9999 -9999 -9999 -9999 -9999 -9999 -9999 -9999 -9999 -9999 -9999 -9999 -9999 -9999 2.55230551958084 1.74458473920822 1.91610565781593 1.57593941688538 1.41084976494312 1.30530636012554 1.27123761177063 1.24795089662075 1.20234373211861 1.15406289696693 1.17010536789894 1.04936622083187 1.06415887176991 1.18785752356052 1.33710037171841 1.4168137460947 1.46930135786533 1.49834172427654 1.50727236270905 1.6524453163147 1.94024473428726 2.13090974092484 2.00430750846863 2.18983054161072
-9999 -9999 -9999 -9999 -9999 -9999 -9999 -9999 -9999 -9999 -9999 -9999 -9999 -9999 -9999 -9999 -9999 -9999 -9999 -9999 -9999 -9999 -9999 -9999 -9999 -9999 -9999 -9999 -9999 -9999 -9999 -9999 -9999 -9999 -9999 -9999 -9999 -9999 2.04453581571579 1.80614322423935 1.68524435162544 1.53861598670483 1.31180249154568 1.23966336250305 1.27927015721798 1.21263299882412 1.17156337201595 1.05164511501789 0.921419262886047 0.866859398782253 1.06250287592411 1.22397977113724 1.28016109764576 1.2747375369072 1.32079499959946 1.33804348111153 1.39992597699165 1.56672674417496 1.77423530817032 1.93087837100029 1.95262384414673 2.12736824154854
-9999 -9999 -9999 -9999 -9999 -9999 -9999 -9999 -9999 -9999 -9999 -9999 -9999 -9999 -9999 -9999 -9999 -9999 -9999 -9999 -9999 -9999 -9999 -9999 -9999 -9999 -9999 -9999 -9999 -9999 -9999 -9999 -9999 -9999 -9999 -9999 -9999 2.47559275797435 2.45741549134254 1.73982864618301 1.46562074124813 1.32884323596954 1.20962736010551 1.19925865530968 1.24505062401295 1.27192685008049 1.14186716079712 1.13815802335739 1.02944737672806 0.970326393842697 1.02872474491596 1.1867524087429 1.22780285775661 1.25691077113152 1.31334225833416 1.30320413410664 1.231774777174 1.3302209675312 1.59193468093872 1.68466356396675 1.88248309493065 2.20298436284065
-9999 -9999 -9999 -9999 -9999 -9999 -9999 -9999 -9999 -9999 -9999 -9999 -9999 -9999 -9999 -9999 -9999 -9999 -9999 -9999 -9999 -9999 -9999 -9999 -9999 -9999 -9999 -9999 -9999 -9999 -9999 -9999 -9999 -9999 -9999 -9999 -9999 3.14831069111824 2.30308949947357 1.51853477954865 1.35976418852806 1.25534284114838 0.701193764805794 1.12948197126389 1.16935537755489 1.13997410237789 1.09982398152351 1.05930523574352 1.02215740084648 1.03156234323978 1.03260187804699 1.12171353399754 1.21183611452579 1.25689615309238 1.31512574851513 1.33596298098564 1.37035726010799 1.27321448922157 1.39067947864532 1.57413676381111 1.8310295343399 2.34151276946068
-9999 -9999 -9999 -9999 -9999 -9999 -9999 -9999 -9999 -9999 -9999 -9999 -9999 -9999 -9999 -9999 -9999 -9999 -9999 -9999 -9999 -9999 -9999 -9999 -9999 -9999 -9999 -9999 -9999 -9999 -9999 -9999 -9999 -9999 -9999 -9999 3.17499661445618 2.33049523830414 1.75864952802658 1.37482649087906 1.27105687558651 1.10169526934624 1.00709027051926 0.999105021357536 0.989933967590332 1.03345540165901 1.11319836974144 1.16274972259998 1.09809936583042 1.11138752102852 1.13575686514378 1.22223226726055 1.29316011071205 1.35358276963234 1.40938313305378 1.41973046958447 1.42604814469814 1.46287471055984 1.80939280986786 2.04209953546524 2.28466469049454 2.07213445007801
-9999 -9999 -9999 -9999 -9999 -9999 -9999 -9999 -9999 -9999 -9999 -9999 -9999 -9999 -9999 -9999 -9999 -9999 -9999 -9999 -9999 -9999 -9999 -9999 -9999 -9999 -9999 -9999 -9999 -9999 -9999 2.39864471554756 2.87777465581894 -9999 2.10493344068527 2.16237299144268 1.61794125332552 1.78374606370926 1.72787922620773 1.34127447009087 1.12778623402119 0.96662999689579 0.966436162590981 0.926101505756378 0.943258881568909 0.967399880290031 1.03161522746086 1.10152687132359 1.11724238097668 1.29734551906586 1.26740849018097 1.30434599518776 1.34574897587299 1.38985311985016 1.43043449521065 1.59039786458015 1.77057301998138 1.90194702148438 2.15819031000137 2.35796600580215 2.45105004310608 1.76291510287453
-9999 -9999 -9999 -9999 -9999 -9999 -9999 -9999 -9999 -9999 -9999 -9999 -9999 -9999 -9999 -9999 -9999 -9999 -9999 -9999 -9999 -9999 0.346259817481041 1.72831875085831 1.47741973400116 2.08504575490952 3.5132474899292 3.2155653834343 2.67558377981186 2.21873474121094 2.11135876178741 1.98334050178528 1.93237540125847 1.23503324389458 1.52399325370789 1.65671932697296 1.41594225168228 1.44044101238251 1.37621176242828 1.0059866309166 0.962851122021675 0.889117866754532 0.869915619492531 0.880741864442825 0.919752359390259 1.0155693590641 1.14667725563049 1.20395886898041 1.31510026752949 1.39206075668335 1.45146596431732 1.53684824705124 0.95820227265358 0.816224277019501 1.84025698900223 1.83765265345573 2.25459343194962 1.43527743395637 2.91847581612436 -9999 -9999 -9999
-9999 -9999 -9999 -9999 -9999 -9999 -9999 -9999 -9999 -9999 -9999 -9999 -9999 -9999 -9999 -9999 -9999 -9999 -9999 -9999 -9999 -9999 1.22227236628532 1.71227699518204 1.25569725036621 1.87560448050499 1.46858176589012 1.12879121303558 1.87193244695663 2.04555380344391 1.62091648578644 1.33139929175377 1.63787180185318 1.31093546748161 1.14149701595306 1.10679522156715 1.01876172423363 0.887024223804474 0.801858723163605 0.79371303319931 0.843383610248566 0.879287995398045 0.819886118173599 0.868347734212875 0.905231237411499 0.797770500183105 1.32459595799446 1.28281876444817 1.44913128018379 1.32055127620697 1.82069115638733 2.05783942937851 2.25550482273102 2.32138825654984 2.00738793611526 -9999 -9999 -9999 -9999 -9999 -9999 -9999
-9999 -9999 -9999 -9999 -9999 -9999 -9999 -9999 -9999 -9999 -9999 -9999 -9999 -9999 -9999 -9999 -9999 -9999 -9999 1.50787788753708 2.23223227858543 1.56391721963882 1.58674728870392 1.36335226893425 1.33037477731705 1.24772062897682 1.00853249430656 0.941367745399475 0.701155498623848 0.889208972454071 1.00690197944641 1.07662197947502 1.13850447535515 0.946209758520126 1.17406046390533 1.07755270600319 1.18377077579498 1.08021900057793 0.749893516302109 0.745948478579521 0.885576769709587 0.866783246397972 0.841928981244564 0.857221484184265 0.962644502520561 1.01037262380123 1.60019671916962 1.47007870674133 1.58471328020096 1.48715552687645 1.58334070444107 -9999 -9999 -9999 -9999 -9999 -9999 -9999 -9999 -9999 -9999 -9999
-9999 -9999 -9999 -9999 -9999 -9999 -9999 -9999 -9999 -9999 -9999 -9999 -9999 -9999 -9999 -9999 -9999 1.53171074390411 1.66779220104218 1.690165579319 1.99407452344894 1.47881028056145 1.47967350482941 1.19088225066662 1.01885287463665 0.948336012661457 1.0155146420002 0.689134508371353 0.639665991067886 1.11658202111721 1.15497078001499 1.13608422875404 0.301398754119873 0.320355758070946 0.846569985151291 0.822543382644653 0.844045132398605 0.788880005478859 0.813136875629425 0.393085509538651 0.386127009987831 0.897789381444454 0.860023878514767 0.914673753082752 1.09065674990416 1.18193323910236 1.71631300449371 2.14917603135109 2.01396971940994 1.856419891119 1.75163975358009 -9999 -9999 -9999 -9999 -9999 -9999 -9999 -9999 -9999 -9999 -9999
-9999 -9999 -9999 -9999 -9999 -9999 -9999 -9999 -9999 -9999 -9999 -9999 -9999 -9999 2.82679697871208 1.90185981988907 1.7855241894722 1.65722858905792 1.57340848445892 1.44376650452614 1.18906728923321 1.24370321631432 1.1071545034647 0.60062849521637 0.639062985777855 0.610112249851227 1.05034276843071 0.687018737196922 0.712388232350349 0.689429998397827 0.74576099216938 0.837722986936569 0.714185267686844 0.892688266932964 0.897154524922371 0.845574706792831 0.791394710540771 0.662004768848419 0.582317233085632 0.457944765686989 0.818467140197754 0.821722492575645 0.844633877277374 0.991464525461197 1.24056300520897 1.51609572768211 1.72799172997475 2.16596275568008 2.22665578126907 2.14111852645874 1.9207309782505 1.92408891635783 -9999 -9999 -9999 -9999 -9999 -9999 -9999 -9999 -9999 -9999
-9999 -9999 -9999 -9999 -9999 -9999 -9999 -9999 -9999 -9999 -9999 2.62389694813822 2.04251325130463 1.32452327013016 1.44711524248123 1.18536597490311 1.18099647760391 0.828144013881683 0.582071989774704 1.23283123970032 1.11837561428547 0.958074733614922 0.985390841960907 0.593885242938995 0.661802262067795 0.743713483214378 0.958344787359238 0.780109494924545 0.772935032844543 0.861012786626816 1.00052922964096 0.962893456220627 0.785379767417908 0.895766973495483 0.982353776693344 0.702626243233681 0.705282747745514 0.628930494189262 0.477396011352539 0.48845699429512 0.819789759814739 0.858184888958931 0.879167251288891 0.93123035877943 1.1142116189003 1.52797320485115 1.64764705300331 1.73057246208191 1.56912308558822 1.40754210948944 1.54105740308762 -9999 -9999 -9999 -9999 -9999 4.29928473331207 6.21464761098226 4.60459354519844 4.2920599937439 3.75110240023712 -9999
-9999 -9999 -9999 -9999 -9999 -9999 -9999 -9999 -9999 1.59871897101402 7.55518005092939 1.35757201910019 1.25333771109581 0.955162525177002 0.864875972270966 0.778848767280579 0.703163266181946 0.954901859164238 0.895081490278244 0.960447773337364 1.01055188477039 1.09519462287426 0.57668624818325 0.623285248875618 0.777735024690628 0.968407541513443 0.901966542005539 0.935729205608368 0.781047731637955 0.37372125685215 0.27334950864315 0.739089757204056 0.938627265393734 0.79540354013443 0.703847229480743 0.704637005925179 0.687116995453835 0.80537623912096 0.895828887820244 0.817936509847641 0.811710342764854 0.834356255829334 0.840996399521828 0.870871111750603 0.913471519947052 1.22116777300835 1.32876700162888 1.44217669963837 1.57600805163383 1.72503846883774 1.63845863342285 1.62022516131401 1.73325282335281 3.5550990819931 2.31473556160927 2.97164785861969 1.58123934268951 2.28311920166016 2.74868622422218 2.4568552672863 2.64813002943993 -9999
-9999 -9999 -9999 -9999 -9999 0.982158780097961 1.39249125123024 1.58657616376877 1.31123927235603 1.24960049986839 1.29886427521706 0.859203010797501 0.686927989125252 0.698431491851807 0.661234483122826 0.667697980999947 0.890749879181385 0.776915274560452 0.728928722441196 0.760386742651463 0.785635873675346 0.56939023733139 0.725395515561104 0.807325512170792 0.714977234601974 0.977480292320251 1.0229287147522 1.32276302576065 0.83659952133894 0.789642758667469 0.592590004205704 0.598044767975807 0.644807249307632 0.67925101518631 0.66532726585865 0.657340496778488 0.938150994479656 0.884712360799313 0.852465771138668 0.858386993408203 0.808804504573345 0.872806504368782 0.79626376926899 0.82862551510334 0.87143249809742 0.985020995140076 1.07982450723648 1.1024414896965 1.17776522040367 1.35043826699257 1.49994352459908 1.52979445457458 1.7294466137886 1.85102212429047 1.92125350236893 1.9475702047348 1.97435250878334 2.08264535665512 2.16616612672806 2.27478602528572 2.35701030492783 2.29406571388245
-9999 -9999 -9999 -9999 -9999 1.01511597633362 1.31390395760536 0.928146779537201 0.981701284646988 0.723561018705368 0.64281901717186 0.647140502929688 0.677433729171753 1.01829564571381 1.02415350079536 0.524471998214722 0.493975505232811 0.695003248751163 0.667830370366573 0.463298991322517 0.545160010457039 0.762071281671524 0.796401768922806 0.833175748586655 0.695584885776043 0.727950766682625 0.742358990013599 0.71144738048315 0.662564992904663 0.730976633727551 0.644183233380318 0.771243005990982 0.765489757061005 0.628125742077827 0.548205748200417 0.991381488740444 0.980390623211861 0.890003979206085 0.737367376685143 0.840339735150337 0.824018523097038 0.713202349841595 0.695927627384663 0.562208265066147 0.55163548886776 0.64232625067234 0.879154890775681 0.894986629486084 1.06948998570442 1.13136422634125 1.33656685352325 1.53426222801209 1.4513404250145 1.57350051403046 1.69741460680962 1.78128781914711 1.73532485961914 1.75679656863213 1.96189910173416 2.03047353029251 2.03083196282387 2.0708572268486
-9999 -9999 -9999 -9999 -9999 1.10487747192383 0.610307246446609 0.786144733428955 0.801640883088112 0.677245482802391 0.588945016264915 0.600338235497475 0.871213875710964 0.971428155899048 0.904724255204201 0.41888701915741 0.441343501210213 0.737488143146038 0.499410733580589 0.497208014130592 0.680391758680344 0.661653734743595 0.741696752607822 0.740868754684925 0.725951246917248 0.721492119133472 0.677897237241268 0.746305271983147 0.648904502391815 0.653058752417564 0.724643245339394 1.12058624625206 0.655817985534668 0.73642797768116 0.688486486673355 0.946218363940716 0.854076772928238 0.857236862182617 0.972663760185242 0.739155761897564 0.786421872675419 0.79128185659647 0.708199873566628 0.685890734195709 0.737985000014305 0.728638485074043 0.739852488040924 0.895061999559402 0.89529450237751 0.967367708683014 1.23508800566196 1.25276304483414 1.26987590789795 1.4525839984417 1.44226312637329 1.47489568591118 1.43636137247086 1.33897536993027 1.44082157313824 2.06467911601067 2.32266640663147 2.4249312877655
-9999 -9999 -9999 -9999 -9999 0.801947638392448 0.788147628307343 0.498456001281738 0.425202772021294 0.38738626241684 0.819803237915039 0.802459493279457 0.653289757668972 0.285794243216515 0.682381510734558 0.618182994425297 0.801421120762825 0.713032878935337 0.678041629493237 0.74574375897646 0.762244887650013 0.732061117887497 0.785876244306564 0.798295520246029 0.710277780890465 0.667522117495537 0.826668262481689 0.756037473678589 0.687018021941185 0.671922728419304 0.638869509100914 0.647044479846954 0.64673325419426 0.582585766911507 0.540985509753227 0.901019990444183 0.924024000763893 0.917159266769886 0.802741505205631 1.07278876006603 1.10322351753712 0.880104772746563 0.789535872638226 0.740251131355762 0.74284502863884 0.836753994226456 0.81818850338459 0.840154498815536 0.837992638349533 0.840904489159584 0.853575736284256 0.992502361536026 1.07434847950935 1.07612474262714 1.28386951982975 1.61323311924934 1.6455412209034 1.68813568353653 1.7894381582737 2.49517983198166 2.79003676772118 2.88067495822906
-9999 -9999 -9999 -9999 -9999 0.784074760973454 0.758181765675545 0.532581746578217 0.421662747859955 0.396324008703232 0.792341239750385 0.776940017938614 0.594723008573055 0.617341138422489 0.620835743844509 0.653592377901077 0.700564496219158 0.622565254569054 0.713752493262291 0.702973119914532 0.720388881862164 0.732549369335175 0.753989227116108 0.79771913588047 0.802849754691124 0.809099465608597 0.809403285384178 0.77955224364996 0.623105227947235 0.629712760448456 0.701376736164093 0.546990752220154 0.436442255973816 0.991472765803337 0.979114517569542 0.97452937066555 0.930526100099087 0.913502253592014 0.857339613139629 0.805055245757103 0.856728002429008 0.923716150224209 0.879836618900299 0.788178004324436 0.791739374399185 0.775875739753246 0.762652896344662 0.799206756055355 0.640498504042625 0.645365238189697 0.907172977924347 0.975798368453979 1.11385349929333 1.26255713403225 1.43463563919067 1.84422826766968 1.79308989644051 1.76653799414635 2.05546689033508 2.38706964254379 2.97623097896576 2.96587836742401
