EcologicalScience/Bass/data/rs_data_bass/chl_229.asc
NCOLS 226 
NROWS 124 
XLLCORNER -9.41648524995501 
YLLCORNER 47.587301625531 
CELLSIZE 0.0833 
NODATA_value -9999 
[rows 0 to 26 of 124, columns 62 to 123 of 226]
-9999 -9999 -9999 -9999 -9999 -9999 -9999 -9999 -9999 -9999 -9999 -9999 -9999 -9999 -9999 -9999 -9999 -9999 -9999 -9999 -9999 -9999 -9999 -9999 -9999 -9999 -9999 -9999 -9999 -9999 -9999 -9999 -9999 -9999 -9999 -9999 -9999 -9999 -9999 -9999 -9999 -9999 -9999 -9999 -9999 -9999 -9999 -9999 -9999 -9999 -9999 -9999 -9999 -9999 -9999 -9999 -9999 -9999 -9999 -9999 -9999 -9999
-9999 -9999 -9999 -9999 -9999 -9999 -9999 -9999 -9999 -9999 -9999 -9999 -9999 -9999 -9999 -9999 -9999 -9999 -9999 -9999 -9999 -9999 -9999 -9999 -9999 -9999 -9999 -9999 -9999 -9999 -9999 -9999 -9999 -9999 -9999 -9999 -9999 -9999 -9999 -9999 -9999 -9999 -9999 -9999 -9999 -9999 -9999 -9999 -9999 -9999 -9999 -9999 -9999 -9999 -9999 -9999 -9999 -9999 -9999 -9999 -9999 -9999
-9999 -9999 -9999 -9999 -9999 -9999 -9999 -9999 -9999 -9999 -9999 -9999 -9999 -9999 -9999 -9999 -9999 -9999 -9999 -9999 -9999 -9999 -9999 -9999 -9999 -9999 -9999 -9999 -9999 -9999 -9999 -9999 -9999 -9999 -9999 -9999 -9999 -9999 -9999 -9999 -9999 -9999 -9999 -9999 -9999 -9999 -9999 -9999 -9999 -9999 -9999 -9999 -9999 -9999 -9999 -9999 -9999 -9999 -9999 -9999 -9999 -9999
-9999 -9999 -9999 -9999 -9999 -9999 -9999 -9999 -9999 -9999 -9999 -9999 -9999 -9999 -9999 -9999 -9999 -9999 -9999 -9999 -9999 -9999 -9999 -9999 -9999 -9999 -9999 -9999 -9999 -9999 -9999 -9999 -9999 -9999 -9999 -9999 -9999 -9999 -9999 -9999 -9999 -9999 -9999 -9999 -9999 -9999 -9999 -9999 -9999 -9999 -9999 -9999 -9999 -9999 -9999 -9999 -9999 -9999 -9999 -9999 -9999 -9999
-9999 -9999 -9999 -9999 -9999 -9999 -9999 -9999 -9999 -9999 -9999 -9999 -9999 -9999 -9999 -9999 -9999 -9999 -9999 -9999 -9999 -9999 -9999 -9999 -9999 -9999 -9999 -9999 -9999 -9999 -9999 -9999 -9999 -9999 -9999 -9999 -9999 -9999 -9999 -9999 -9999 -9999 -9999 -9999 -9999 -9999 -9999 -9999 -9999 -9999 -9999 -9999 -9999 -9999 -9999 -9999 -9999 -9999 -9999 -9999 -9999 -9999
-9999 -9999 -9999 -9999 -9999 -9999 -9999 -9999 -9999 -9999 -9999 -9999 -9999 -9999 -9999 -9999 -9999 -9999 -9999 -9999 -9999 -9999 -9999 -9999 -9999 -9999 -9999 -9999 0.63735419511795 0.983981020367929 0.958009926711812 0.851211784517064 0.775303828365663 0.63783261179924 0.571981117129326 0.530118383467197 0.489592507481575 0.478271998465061 0.473549254238605 0.471187882125378 0.470920868217945 0.462568134069443 0.51604313403368 0.52666199952364 0.539006041853051 0.477304503321648 0.467958898228757 0.420309003442526 0.417644965736305 0.462911635637283 0.499868251383305 0.504599298624431 0.517937587464557 0.536642058807261 0.532740441315314 0.558789034976679 0.540868402403944 0.539056280956549 0.506531509406426 0.589058123967227 0.552974068943192 0.505752940388287
-9999 -9999 -9999 -9999 -9999 -9999 -9999 -9999 -9999 -9999 -9999 -9999 -9999 -9999 -9999 -9999 -9999 -9999 -9999 -9999 -9999 -9999 -9999 -9999 -9999 -9999 1.18186515569687 1.0627324283123 1.72222254127264 1.95159405469894 1.51842582927031 1.12710806376794 0.767401193871218 0.665741661892218 0.599164769053459 0.571967472048367 0.533070576541564 0.531303176985067 0.497865378856659 0.487113006412983 0.482300251722336 0.490503743290901 0.489908628165722 0.483908616006374 0.583377039746234 0.547820498545965 0.558882748087247 0.462788722094367 0.572391822934151 0.567801008621852 0.565131584803263 0.557962864637375 0.55579049885273 0.541623003780842 0.523844629526138 0.525082893669605 0.53513075236012 0.51420398933046 0.487320271484992 0.449119801030439 0.433848307413213 0.471903962247512
-9999 -9999 -9999 -9999 -9999 -9999 -9999 -9999 -9999 -9999 -9999 -9999 -9999 -9999 -9999 -9999 -9999 -9999 -9999 -9999 -9999 -9999 -9999 -9999 -9999 -9999 1.18186515569687 1.96187163392703 1.72770179311434 1.28482939565883 1.18810272216797 1.03760436878485 0.669249013066292 0.563812494277954 0.537392266094685 0.543258929077317 0.60296264816733 0.555006044752458 0.561651969657225 0.557442113757133 0.494840629398823 0.499592989683151 0.515306264162064 0.49897950142622 0.610521322018222 0.588485832015673 0.580276822050413 0.56874459485213 0.559671744704247 0.571454241871834 0.568798877298832 0.561320632696152 0.57200250774622 0.551847003400326 0.547920741140842 0.526993878185749 0.494577750563622 0.478564860189662 0.467355719384025 0.440543201039819 0.446542100871311 0.450796804883901
-9999 -9999 -9999 -9999 -9999 -9999 -9999 -9999 -9999 -9999 -9999 -9999 -9999 -9999 -9999 -9999 -9999 -9999 -9999 -9999 -9999 -9999 -9999 -9999 -9999 -9999 2.63485090897001 1.73354072372119 1.30777131809908 0.976978987455368 0.892465358271318 0.84450217555551 0.758348023190218 0.617416809586918 0.595811292529106 0.565021720879218 0.571562292821267 0.556373608462951 0.55467392679523 0.555431379991419 0.56069117083269 0.559386915143798 0.50118937343359 0.478885866701603 0.50986535847187 0.546326234936714 0.590009907881419 0.59328148762385 0.595081423719724 0.567555656035741 0.469083175063133 0.550971373915672 0.566306993365288 0.555431261658669 0.545492246747017 0.527881510555744 0.442414484918118 0.446540591471335 0.448266498306218 0.450617883135291 0.478796913343317 0.480968679575359
-9999 -9999 -9999 -9999 -9999 -9999 -9999 -9999 -9999 -9999 -9999 -9999 -9999 -9999 -9999 -9999 -9999 -9999 -9999 -9999 -9999 -9999 -9999 -9999 -9999 1.19121462106705 1.77426835468837 1.4016227821509 1.08319117625554 0.822513994048623 0.771830091581625 0.733475154813598 0.648331987507203 0.631689793046783 0.581744023982216 0.57560381906874 0.556265031590181 0.526775531909045 0.558366742204217 0.535211615702685 0.479420609772205 0.519490365596379 0.523909278652247 0.536532227607334 0.551569154157358 0.550889253616333 0.599474631249905 0.601321488618851 0.595977745950222 0.573262117803097 0.578712366521358 0.574232988059521 0.553797751665115 0.533779129385948 0.539832003414631 0.524667754769325 0.536591269075871 0.487057546482367 0.479315434308613 0.499516236431458 0.562446442597053 0.538573714740136
-9999 -9999 -9999 -9999 -9999 -9999 -9999 -9999 -9999 -9999 -9999 -9999 -9999 -9999 -9999 -9999 -9999 -9999 -9999 -9999 -9999 -9999 -9999 -9999 -9999 1.50385274489721 1.30665150284767 1.21673066417376 0.882982834297068 0.777313060620252 0.702490815344979 0.669765951002345 0.648435044814559 0.66761457481805 0.592944886754541 0.592851874582908 0.686484154532937 0.506845861673355 0.500672623515129 0.545708267127766 0.588823489844799 0.563204996287823 0.56254018054289 0.564155117553823 0.565596302642542 0.578552955213715 0.6914167329669 0.607263006269932 0.621216751635075 0.597224235534668 0.596743494272232 0.544263012707233 0.506869867444038 0.508603513240814 0.53353875875473 0.539397373795509 0.53854613006115 0.451124265789986 0.451040386277087 0.462816569735022 0.471091707839685 0.456476687508471
-9999 -9999 -9999 -9999 -9999 -9999 -9999 -9999 -9999 -9999 -9999 -9999 -9999 -9999 -9999 -9999 -9999 -9999 -9999 -9999 -9999 -9999 -9999 -9999 1.31647038459778 1.51481701433659 1.17777579146273 1.12016376852989 0.873540091163972 0.821308698724298 0.764381000224282 0.730715571957476 0.649928554016001 0.627203275175656 0.651190204655423 0.734220422366086 0.734611015109455 0.674058158608044 0.691675128305659 0.626531638205051 0.624279007315636 0.591122254729271 0.630225375294685 0.591515623033047 0.550881803912275 0.527928042937728 0.518067622009446 0.536704480648041 0.943397641181946 0.881925746798515 0.709609508514404 0.568464383482933 0.478963494300842 0.492375008761883 0.484102115035057 0.48921824991703 0.4837811216712 0.488043608034358 0.516309000113431 0.443953051286585 0.460625609930824 0.478486005874241
-9999 -9999 -9999 -9999 -9999 -9999 -9999 -9999 -9999 -9999 -9999 -9999 -9999 -9999 -9999 -9999 -9999 -9999 -9999 -9999 -9999 -9999 -9999 1.50594073534012 1.59277014171376 1.31111193053863 1.18536337684183 0.909728328971302 0.812553395243252 0.788285036297405 0.754003738655764 0.698490363710067 0.661034729550867 0.654926963588771 0.690413480295854 0.704752390875536 0.693860439693227 0.712452886735692 0.683243320268743 0.63604716518346 0.620607002693064 0.66226898747332 0.64967742562294 0.662296545856139 0.631015270071871 0.546466112136841 0.520872444790952 0.515598780092071 1.00050377100706 2.5829828158021 1.51552386581898 1.45715215802193 1.09230823069811 0.538376070120755 0.54858643254813 0.542526430943433 0.5148505673689 0.513329318341087 0.527283437111798 0.510150007903576 0.540073491632938 0.483017277191667
-9999 -9999 -9999 -9999 -9999 -9999 -9999 -9999 -9999 -9999 -9999 -9999 -9999 -9999 -9999 -9999 -9999 -9999 -9999 -9999 -9999 -9999 2.54931846261024 3.0005077958107 1.45044316964991 0.773252606391907 0.755705997347832 0.715054124593735 0.76895711702459 0.749455032979741 0.708202766144977 0.69252824169748 0.683462701299611 0.690722949364606 0.733052730560303 0.739304202444413 0.717252068659838 0.695220672032412 0.676520663149217 0.662799675674999 0.745932519435883 0.735551069180171 0.730449760953585 0.71831692258517 0.708890254298846 0.633442886173725 0.622520238161087 0.559141136705875 0.539297061807969 0.550409249961376 0.546272993087769 0.518449500203133 0.446892365813255 0.547106739352731 0.523306946544086 0.52694929172011 0.543363188119496 0.532090868143474 0.540242879706271 0.565504492205732 0.528033390641212 0.543514117598534
-9999 -9999 -9999 -9999 -9999 -9999 -9999 -9999 -9999 -9999 -9999 -9999 -9999 -9999 -9999 -9999 -9999 -9999 -9999 -9999 2.64602583646774 3.21493329550769 2.22868949174881 2.1730232834816 1.35829562544823 0.826239377260208 0.762016855180264 0.684370502829552 0.648765742778778 0.756489536341499 0.754397092496648 0.73209587616079 0.726279100951026 0.641157452948391 0.775765752091127 0.666642788797617 0.718512401861303 0.824592034022013 0.676720361499225 0.76781236131986 0.753817538420359 0.726015518109004 0.690894077221552 0.676292757193247 0.686037257313728 0.604064986109734 0.583361618220806 0.583713747560978 0.639597728848457 0.640411108732224 0.547878742218018 0.549668624997139 0.559018731993787 0.562560565331403 0.537983123870457 0.515728362342891 0.528775173951598 0.53047928389381 0.541061823858934 0.576016931849368 0.518633633852005 0.530011117458344
-9999 -9999 -9999 -9999 -9999 -9999 -9999 -9999 -9999 -9999 -9999 -9999 -9999 -9999 -9999 -9999 -9999 -9999 -9999 -9999 2.19594228056212 1.91841133435567 1.47896201610565 1.4052531003952 0.90240752696991 0.83052887916565 0.880012862384319 0.839230902493 0.810078375041485 0.848010426058489 0.783581272644155 0.795696184915655 0.792251628987929 0.824620090863284 0.788578564629835 0.679483646154404 0.844564586877823 0.850235491991043 0.691102489829063 0.669411018490791 0.648376509547234 0.69147959848245 0.67898723979791 0.66671392818292 0.636798148353894 0.615083612501621 0.598018862307072 0.597588747739792 0.618980258703232 0.620800517499447 0.608833506703377 0.55077937245369 0.523838616907597 0.525257639586926 0.525681383907795 0.549723766744137 0.480482630431652 0.524983934619847 0.531265686540043 0.501173995435238 0.513573758304119 0.521053120493889
-9999 -9999 -9999 -9999 -9999 -9999 -9999 -9999 -9999 -9999 -9999 -9999 -9999 -9999 -9999 -9999 -9999 -9999 -9999 2.6926281452179 1.79930599406362 1.52782430313528 1.24458090774715 1.12325915694237 1.05170217342675 0.813872635364532 0.761630526185036 0.76954733133316 0.730633825063705 0.82791945513557 0.81626675584737 0.81493216753006 0.812275513130076 0.774856267606511 0.926781753698985 0.91278084119161 0.723413228988647 0.721596725285053 0.695048242807388 0.679556630551815 0.668593503534794 0.682648420333862 0.636196509003639 0.618486754596233 0.572980949282646 0.546827760338783 0.617001369595528 0.616536363959312 0.617419503629208 0.63569737225771 0.646356381475925 0.58781211823225 0.537439875304699 0.539776884019375 0.551781378686428 0.544431388378143 0.528252535006579 0.57828424783314 0.488442376255989 0.505438126623631 0.513491258025169 0.523533001542091
-9999 -9999 -9999 -9999 -9999 -9999 -9999 -9999 -9999 -9999 -9999 -9999 -9999 -9999 -9999 -9999 -9999 -9999 2.42509835958481 2.27756023406982 2.07444414496422 2.26378563642502 1.53488248586655 1.3799931883812 1.36998481750488 1.13721410930157 1.04491612315178 0.892107769846916 0.893384993076324 0.823114491999149 0.663204613141716 0.575433983467519 0.568199004046619 0.910782347122828 0.913533478975296 0.718795564244775 0.745537117123604 0.734489232301712 0.704064019024372 0.70092860609293 0.672409862279892 0.647652760148048 0.645487882196903 0.644307374954224 0.633436493575573 0.626464873552322 0.614187754690647 0.601534880697727 0.617589756846428 0.629191517829895 0.604958988726139 0.497218877077103 0.515090234577656 0.525589518249035 0.540056616067886 0.537901734604555 0.696264834964976 0.478910252451897 0.474643483757973 0.410356287570561 0.460935299887377 0.462106163010878
-9999 -9999 -9999 -9999 -9999 -9999 -9999 -9999 -9999 -9999 -9999 -9999 -9999 -9999 -9999 -9999 -9999 20.4606107397576 1.913121342659 1.76288884878159 2.29066872596741 1.82628563046455 1.50661915540695 1.50873376131058 1.36545357108116 1.27334479689598 1.05544196069241 0.988342478871346 0.881656095385551 0.855606012046337 0.693912729620934 0.664029009640217 0.607359141111374 0.962144628167152 0.84434549510479 0.7681665122509 0.764289021492004 0.730470724403858 0.731469020247459 0.621106064494918 0.733222261071205 0.743276258309682 0.722477495670319 0.721391156315804 0.508687929195516 0.616838246583939 0.591364502906799 0.619672872126102 0.597840003669262 0.574782521409147 0.556968777495272 0.535278747186941 0.531611652058714 0.54336997516015 0.542180470683995 0.531147879712722 0.481261846423149 0.389582903590053 0.37910541672917 0.363160405965412 0.407383093062569 0.399136541520848
-9999 -9999 -9999 -9999 -9999 -9999 -9999 -9999 -9999 -9999 -9999 -9999 -9999 -9999 -9999 -9999 -9999 -9999 -9999 1.53410661220551 1.1315058991313 1.09591879695654 2.0158749461174 0.986171275377274 1.07832187414169 1.0306248664856 1.00062449276447 0.98530800640583 0.857031762599945 0.911247223615646 0.742304630577564 0.617476142942905 0.825599843263626 0.846141368150711 0.753404915332794 0.661948949098587 0.775192514061928 0.734097003936768 0.81004657347997 0.781475260853767 0.763380939761798 0.781608015298843 0.760722493131956 0.710594986875852 0.666082508862019 0.663033753633499 0.554648615419865 0.479295004159212 0.475473541021347 0.456592538952827 0.441820311546326 0.423158806562424 0.432667443156242 0.454084408283234 0.478123846650124 0.526028998196125 0.468362264335155 0.385880256537348 0.353455301374197 0.383087521528496 0.365182853358633 0.462866779635934
-9999 -9999 -9999 -9999 -9999 -9999 -9999 -9999 -9999 -9999 -9999 -9999 -9999 -9999 -9999 3.8022041839102 5.48918126036481 2.83936004340649 1.55164547637105 1.34638806805015 0.995244339108467 1.19615212082863 1.09421025216579 1.0810372531414 1.04101690649986 1.02287323772907 0.983705207705498 0.956727370619774 0.900014251470566 0.769986011087894 0.753201752901077 0.78999562561512 0.795067526400089 0.66601350903511 0.670412622392178 0.720229513943195 0.604087394475937 0.760290719568729 0.802043507496516 0.787168751160304 0.77266551554203 0.74748199681441 0.750195488333702 0.721910610795021 0.626332126557827 0.596812516450882 0.557528182864189 0.441118690371513 0.450850602984428 0.477040711045265 0.456290245056152 0.463736593723297 0.467097941040993 0.470477449893951 0.473154398798943 0.427925633266568 0.448972888290882 0.425761878490448 0.41614777687937 0.383168353233486 0.351706639808767 0.358280559234759
-9999 -9999 -9999 -9999 -9999 -9999 -9999 -9999 -9999 -9999 35.2986888885498 35.2986888885498 13.7248649597168 2.25043883493968 2.16702011972666 1.93935091048479 2.27206076681614 1.5497932434082 1.69030845165253 1.62824660539627 1.37838134542108 1.01302309334278 0.980137512087822 1.11975293979049 1.61839309930801 1.44227148294449 0.908599868416786 0.911292001605034 0.817638382315636 4.85223813056946 1.14839346148074 0.821248606723898 0.786726336268818 0.785305659560596 0.779458081021028 0.768036078004276 0.711260634310105 0.680690809207804 0.802850261330605 0.772776760160923 0.628274697065353 0.642508948550505 0.614940262892667 0.602607736692709 0.557445600628853 0.575917807221413 0.589341256022453 0.524212497472763 0.499392107129097 0.492562502622604 0.466335147619247 0.463238951563835 0.455684494972229 0.470821338891983 0.486906957626343 0.415123142302036 0.431104123592377 0.430009111762047 0.474060751497746 0.42321661580354 0.388743165135384 0.393458247184753
-9999 -9999 -9999 -9999 -9999 -9999 -9999 -9999 -9999 -9999 35.2986888885498 5.44065943029192 4.74186331885202 3.97516629472375 3.51207665205002 3.27142188549042 2.2052320171805 3.18418172565666 6.21217307595923 2.15124971551054 1.90388140082359 1.50785720720887 1.32787243276834 1.28755166754127 1.15318112075329 4.16992917060852 0.796677768230438 0.723711736500263 0.702741019427776 0.725042626261711 0.76338837777867 0.775600138832541 0.791501025943195 0.749164675965029 0.736320223878412 0.532430947758257 0.503823841921985 0.646509797257536 0.824087999761105 0.678956918856677 0.629659400266759 0.68410358329614 0.678208912412326 0.579725906252861 0.568470710340668 0.650923919677734 0.590439090132713 0.523397997021675 0.486496120691299 0.501549370586872 0.465980404615402 0.443628814816475 0.431970897316933 0.445009255409241 0.44902500975877 0.41500573977828 0.446223735809326 0.433649629354477 0.40548899397254 0.36994945211336 0.346010020002723 0.334452083882164
-9999 -9999 -9999 -9999 -9999 -9999 -9999 -9999 -9999 -9999 -9999 -9999 9.54075323094379 3.24949140250683 10.0121346314748 5.49497276544571 -9999 -9999 -9999 -9999 -9999 -9999 1.67376606955248 1.38685224336736 1.20620643391329 1.08771224582897 0.907646077520707 0.719266511499882 1.55334935585658 1.0884445309639 0.970312060788274 0.86389834061265 0.739780554547906 0.676937495358288 0.532086898572743 0.512776128016412 0.514012858271599 0.474764663726091 0.652472384712275 0.631783838657772 0.730284993847211 0.690436085065206 0.531955587513307 0.430435851216316 0.527645117219757 0.420909348130226 0.513518264188486 0.546143241226673 0.529172994196415 0.50144174695015 0.489187113940716 0.455992497503757 0.413680851459503 0.423795762658119 0.43682249262929 0.423235863447189 0.415111497044563 0.358962212415303 0.445257369428873 0.375920623540878 0.382753495126963 0.344160005450249
-9999 -9999 -9999 -9999 -9999 -9999 -9999 -9999 -9999 -9999 -9999 -9999 -9999 16.6274771690369 16.6274771690369 16.6274771690369 -9999 -9999 -9999 -9999 -9999 -9999 4.94490551948547 4.94490551948547 4.94490551948547 0.308659605681896 1.36775887953608 1.49010379524792 1.19249715875177 0.951685214743895 1.01133851093404 0.955395509214962 0.809903953224421 0.825184990377987 0.617171541787684 0.621444893069565 0.585966635495424 0.462928880006075 0.624507999420166 0.495653478428721 0.513215695233906 0.465821527382907 0.406061944365501 0.406304109096527 0.48250336068518 0.508080884814262 0.521423567743862 0.493757995963097 0.493729913234711 0.46489500105381 0.456288945674896 0.442461797595024 0.423584401607513 0.405375862121582 0.428847379982471 0.416085004806519 0.410336617380381 0.399504370987415 0.31449843943119 0.378113999962807 0.375239253044128 0.377515947818756
-9999 -9999 -9999 -9999 -9999 -9999 -9999 -9999 -9999 -9999 -9999 -9999 -9999 -9999 -9999 -9999 -9999 -9999 -9999 -9999 -9999 -9999 -9999 -9999 -9999 -9999 1.49716742728886 1.75268753486521 2.20181423425674 1.89294042189916 1.82812919219335 1.21850811441739 0.862020744010806 0.769085241481662 0.691187993623316 0.620765710249543 0.553856771439314 0.650206320426043 0.47196585405618 0.477124873548746 0.422809883952141 0.40124549344182 0.417108502984047 0.428290340304375 0.515828768996631 0.558411374688148 0.56657662242651 0.458334857225418 0.465888598561287 0.540012381970882 0.526564501225948 0.519535884261131 0.443495136499405 0.457001633942127 0.412299368530512 0.384115487337112 0.339880828745663 0.336706076748669 0.354436813853681 0.344370350241661 0.388069077394903 0.385554467327893
-9999 -9999 -9999 -9999 -9999 -9999 -9999 -9999 -9999 -9999 -9999 -9999 -9999 -9999 -9999 -9999 -9999 -9999 -9999 -9999 -9999 -9999 -9999 -9999 -9999 -9999 -9999 5.35380965784976 4.08273804187775 3.08629969755808 2.1213095386823 1.58187586069107 0.848736980929971 1.11222652126761 0.954783681560965 0.64317618124187 0.581714951433241 0.497296188957989 0.546180758625269 0.741166245937347 0.753087586164474 0.779859215021133 0.641767881810665 0.615985125303268 0.598502621054649 0.584995105862617 0.505729296803474 0.474851194024086 0.545505009591579 0.52725825458765 0.512015238404274 0.502033866941929 0.456526019117411 0.481915131211281 0.451547987759113 0.389421757310629 0.335639724042267 0.343481009826064 0.36300838412717 0.39607845665887 0.411047004628927 0.40748779848218
