EcologicalScience/Bass/data/rs_data_bass/chl_471.asc
NCOLS 226 
NROWS 124 
XLLCORNER -9.41648524995501 
YLLCORNER 47.587301625531 
CELLSIZE 0.0833 
NODATA_value -9999 
[rows 54 to 80 of 124, columns 124 to 185 of 226]
2.89942717552185 2.92790472507477 2.50295698642731 2.70991569757462 2.49935102462769 2.4970845580101 2.62187325954437 2.80488449335098 2.8988002538681 2.14382922649384 1.77910655736923 1.55888843536377 2.23099797964096 2.74206304550171 3.03201842308044 3.17799818515778 2.82705599069595 2.56324356794357 2.53771269321442 2.59555417299271 2.52420526742935 2.74653607606888 2.82065552473068 2.69981700181961 1.68829357624054 1.79997754096985 1.80746322870255 1.73268306255341 2.25350850820541 2.34826120734215 2.10139203071594 2.02840358018875 2.21408629417419 2.80022782087326 3.15737557411194 3.46940159797668 4.04484450817108 3.96232795715332 2.56404143571854 2.93167716264725 3.73450112342834 3.93427419662476 2.45881497859955 2.10722029209137 2.71326971054077 3.55256330966949 3.44728124141693 3.57830321788788 2.16747003793716 5.08281952142715 7.23918414115906 5.85066200494766 6.22107267379761 6.58477306365967 38.0330877006054 51.6345951855183 6.05623923540115 6.46724982261658 6.20343736410141 6.8595331523044 6.53587818145752 -9999
3.20868980884552 3.15149867534637 2.93360620737076 2.77632826566696 2.76153892278671 2.79493796825409 2.6715082526207 3.66215765476227 3.40008902549744 2.4372187256813 2.04653316736221 1.79730820655823 2.20253169536591 2.56854450702667 2.87465858459473 2.85453146696091 2.7423323392868 2.71467608213425 2.62110221385956 2.59040093421936 2.44558793306351 2.2984664440155 2.14665448665619 2.04686558246613 2.37251132726669 1.82361745834351 1.92614328861237 1.87715095281601 2.29366126656532 1.83253508806229 1.99330043792725 2.18079668283463 2.51033180952072 2.92788004875183 3.23205614089966 3.65201997756958 3.31134510040283 2.13263922929764 2.64883500337601 3.86686635017395 3.97046864032745 3.34675741195679 2.39208000898361 2.33911049365997 3.03668546676636 4.43055689334869 5.61740398406982 4.79200959205627 6.49691462516785 12.194656419754 9.50357455015182 7.75915628671646 36.3897314965725 7.72645998001099 30.8490301966667 9.2011389365563 10.5720698833466 -9999 -9999 -9999 -9999 -9999
3.18991041183472 3.22730684280396 3.06875109672546 2.9677619934082 3.00166869163513 2.85399520397186 2.86911982297897 2.33597016334534 2.4804555773735 3.04524314403534 2.5066289305687 2.06356358528137 2.38053220510483 2.76636296510696 3.0561808347702 2.58454871177673 2.44894570112228 2.7604506611824 2.84200125932693 2.70259577035904 2.45722943544388 2.32896369695663 2.30125719308853 2.05864208936691 1.89841425418854 1.91841602325439 1.73323720693588 1.71947783231735 1.77920776605606 1.91258704662323 1.98558300733566 2.26790177822113 3.1341952085495 3.47673583030701 3.35503578186035 2.67735904455185 1.87174648046494 1.54268252849579 2.26896607875824 3.46201264858246 2.54587805271149 1.76398426294327 1.76948922872543 2.50319927930832 4.9343866109848 6.36074495315552 6.42294645309448 2.90471693649888 4.77365934848785 4.82937061786652 6.05336809158325 7.11440706253052 6.59545902013779 4.66952106356621 9.86727476119995 -9999 -9999 -9999 -9999 -9999 -9999 -9999
3.52216136455536 3.43717217445374 3.22636342048645 3.16752433776855 3.04662001132965 2.84458118677139 2.62665528059006 2.21331524848938 2.20895397663116 1.88604444265366 1.9318882226944 2.28265196084976 2.59513342380524 2.65950447320938 2.62296223640442 2.67652416229248 2.67684227228165 2.63977432250977 2.6220885515213 2.56584906578064 2.44171804189682 2.2892991900444 2.01757049560547 1.99886780977249 1.75708347558975 1.75367707014084 1.72233366966248 1.67155569791794 1.80474454164505 1.89743399620056 2.03692281246185 2.77962970733643 2.84080052375793 2.54464870691299 2.31565582752228 1.66876423358917 1.35065773129463 1.31860426068306 1.61442679166794 2.0427959561348 2.18448829650879 1.94794571399689 2.21568220853806 3.81347715854645 8.1190230846405 9.38915634155273 34.3858856678009 13.1470776515849 18.3947098255157 5.24274659156799 6.82651305198669 6.23653221130371 6.26775693893433 11.2873552554363 -9999 -9999 -9999 -9999 -9999 -9999 -9999 -9999
4.02527117729187 3.82848358154297 3.71983730792999 3.66392862796783 3.49974060058594 3.24374341964722 2.71499472856522 2.5421399474144 2.42136758565903 2.38307172060013 2.39057922363281 2.26333272457123 2.48630332946777 2.61877280473709 2.82492524385452 2.50505554676056 2.83023530244827 2.69408243894577 2.60206568241119 2.51286220550537 2.40717083215714 2.06194567680359 1.99972200393677 1.76210618019104 1.67046225070953 1.54823398590088 1.66344755887985 1.70724821090698 2.1693794131279 2.20465493202209 2.37664568424225 2.69957891106606 2.46196876466274 1.7229443192482 1.45189502835274 1.21197304129601 1.09551072120667 1.12762275338173 1.31832379102707 1.77431774139404 2.1184875369072 1.99815970659256 3.4575959444046 4.6381824016571 8.49203038215637 10.3490602970123 7.86546790599823 9.20896935462952 7.02750992774963 10.5683391094208 11.3632471561432 22.6968877315521 44.5644278526306 27.6686382293701 -9999 -9999 -9999 -9999 -9999 -9999 -9999 -9999
21.1684649956226 4.73271059989929 4.43835604190826 4.32926416397095 4.13938736915588 4.11507153511047 3.6449099779129 3.41630637645721 3.17965042591095 2.98529469966888 2.60272282361984 2.932244181633 2.92332816123962 3.08583462238312 3.12089788913727 2.68642204999924 2.40863621234894 2.40009981393814 2.43336367607117 2.3894670009613 2.2009454369545 1.92645746469498 1.74235421419144 1.53426074981689 1.58014726638794 1.43178373575211 1.66628032922745 1.97627091407776 2.21305418014526 2.2622167468071 2.66190522909164 2.8727445602417 1.67103070020676 1.98416255414486 1.1950432062149 1.21372649073601 1.23548778891563 1.29099521040916 1.54087346792221 2.08151400089264 2.71610999107361 2.78329718112946 4.54764533042908 6.40020346641541 5.04303753376007 8.91902947425842 6.79934600989024 8.28496074676514 9.21435272693634 6.19663408398628 64.5749931335449 28.7301120758057 50.6326560974121 45.602915934154 -9999 -9999 -9999 -9999 -9999 -9999 -9999 -9999
-9999 -9999 -9999 -9999 -9999 2.28387522697449 4.36769163608551 4.00918650627136 3.66699600219727 3.2395430803299 3.31107366085052 3.10160779953003 3.00382483005524 3.07546269893646 2.80916780233383 2.90287506580353 2.54840701818466 2.1914302110672 2.04746854305267 1.90544843673706 1.75868922472 1.61620044708252 1.44677022099495 1.41351449489594 1.43234324455261 1.56464695930481 1.69541323184967 1.96981716156006 2.20454853773117 2.31881332397461 2.66227126121521 2.54438853263855 1.49856752157211 0.845565766096115 0.858512252569199 0.980711996555328 1.20255902409554 1.85411328077316 1.7134462594986 2.02332454919815 3.22342586517334 2.55176693201065 2.27374130487442 5.11045432090759 7.12297439575195 9.70477980317421 -9999 -9999 -9999 -9999 37.8490190505981 41.3840045928955 55.1122283935547 36.153391456604 28.4660425186157 -9999 -9999 -9999 -9999 -9999 -9999 -9999
-9999 -9999 -9999 -9999 -9999 -9999 -9999 -9999 4.40073537826538 3.84394419193268 3.32821261882782 3.16556918621063 2.91511791944504 3.2433922290802 3.06506860256195 2.7112762928009 2.55318295955658 2.29951876401901 1.87578141689301 1.6765912771225 1.4643389582634 1.3425840139389 1.28750172257423 1.35135599970818 1.42082396149635 1.66720354557037 1.77997201681137 1.99588358402252 2.29053443670273 2.46828603744507 2.42616605758667 1.76937156915665 1.04014277458191 0.816443234682083 0.960569232702255 1.21930950880051 1.32034653425217 1.48876878619194 2.19535195827484 2.0534895658493 2.82897824048996 3.67238187789917 2.26399791240692 3.74567341804504 2.8245429121531 29.0682649612427 -9999 -9999 -9999 -9999 17.548882484436 17.6711657524109 59.9912281036377 32.8325185775757 23.5468769073486 63.7177343929515 68.2615928649902 -9999 -9999 -9999 -9999 -9999
-9999 -9999 -9999 -9999 -9999 -9999 -9999 -9999 -9999 6.65822911262512 3.68295156955719 3.38229882717133 3.49138283729553 3.33436560630798 2.98098742961884 2.76277273893356 2.6555580496788 2.35423868894577 2.02667319774628 1.87554216384888 1.60936796665192 1.34930473566055 1.26065477728844 1.31767952442169 1.39863377809525 1.57958328723907 1.74067425727844 2.02392679452896 2.32627648115158 2.21543776988983 1.73262369632721 1.19526895880699 0.887071520090103 0.902160733938217 1.1353739798069 1.28621247410774 1.3386142551899 1.60439103841782 1.71916508674622 2.7149618268013 2.25963217020035 2.67670655250549 3.16516649723053 4.78561949729919 10.0736886818432 -9999 -9999 -9999 -9999 -9999 -9999 -9999 23.9450123906136 14.9333882331848 22.2192163467407 21.7845339775085 10.8786277770996 -9999 -9999 -9999 -9999 -9999
-9999 -9999 -9999 -9999 -9999 -9999 -9999 -9999 -9999 4.3704868555069 4.03430914878845 3.53995048999786 3.48683631420135 3.54377174377441 3.06418812274933 2.86910033226013 2.60469228029251 2.44358325004578 2.07852530479431 1.56353706121445 1.35647848248482 1.42837053537369 1.34647500514984 1.42621654272079 1.56773471832275 1.5728707909584 1.65850281715393 1.87730258703232 2.2433602809906 1.52193295955658 0.984820514917374 0.899547725915909 0.838225543498993 1.05936375260353 1.31334829330444 1.42527070641518 1.43999996781349 1.65422916412354 1.70152205228806 2.28597754240036 3.11895990371704 4.39691233634949 5.06833112239838 5.32123875617981 11.3652610697793 33.0447750091553 -9999 -9999 -9999 16.8565729964863 14.7430164163763 13.9783788299561 11.7492616653442 16.4133880571886 21.0472383499146 19.4775938987732 12.8643308922097 -9999 -9999 -9999 -9999 -9999
-9999 -9999 -9999 -9999 -9999 -9999 -9999 -9999 -9999 4.97573053836823 3.55343019962311 3.63689160346985 3.79090118408203 3.17696249485016 2.9935530424118 2.78951632976532 2.68557000160217 2.47159731388092 2.21244817972183 1.47272622585297 1.32624220848083 1.32377403974533 1.39313024282455 1.46809127926826 1.86150366067886 1.89588457345963 1.89540445804596 2.1357547044754 1.88759851455688 1.14804223179817 0.994764715433121 0.922809720039368 0.878575533628464 1.28007450699806 1.41355946660042 1.42662227153778 1.39152377843857 4.64200437068939 4.578045129776 5.47863614559174 4.63905894756317 4.32647716999054 6.94335222244263 6.26518893241882 7.37183418898907 -9999 -9999 -9999 -9999 12.7338151931763 16.7363924113187 15.0727427101135 11.1972327589989 15.2357408783653 16.1741882514954 -9999 -9999 -9999 -9999 -9999 -9999 -9999
-9999 -9999 -9999 -9999 -9999 -9999 -9999 -9999 -9999 3.67937564849854 4.44758646596562 3.42895710468292 3.99723601341248 4.00455594062805 2.92208933830261 2.64396446943283 2.42193442583084 2.35182076692581 2.24941796064377 1.39995002746582 1.29335027933121 1.36430928111076 1.44708073139191 1.74696296453476 1.91718453168869 2.07982957363129 2.1713542342186 2.31094193458557 1.92811042070389 1.12846353650093 0.985016226768494 0.938516288995743 0.971181750297546 1.25420996546745 1.38421502709389 1.7732407450676 1.73635357618332 4.43065667152405 4.25965869426727 5.13874590396881 5.96937453746796 7.17175054550171 7.61596727371216 6.49006869723496 3.86466658115387 -9999 -9999 -9999 -9999 -9999 12.06766870714 16.3679716862165 16.0693090879 16.2935562791495 -9999 -9999 -9999 -9999 -9999 -9999 -9999 -9999
-9999 -9999 -9999 -9999 -9999 -9999 -9999 -9999 -9999 3.48286736011505 3.50760841369629 3.54641783237457 4.02724599838257 3.60041928291321 2.70371550321579 2.68672567605972 2.11795806884766 1.92349433898926 1.48397246003151 1.32384297251701 1.89930036664009 1.99852234125137 1.51699805259705 1.96528494358063 2.03903317451477 1.99565541744232 2.07878923416138 1.82476955652237 1.42726573348045 1.01904228329659 0.925403237342834 0.938843965530396 1.12407678365707 1.281792730093 1.96057802438736 1.86450308561325 3.15143465995789 3.48537540435791 5.40707623958588 6.4308750629425 5.71042799949646 9.28492283821106 9.66868901252747 7.7038028274925 3.86466693878174 -9999 -9999 -9999 -9999 12.1949715614319 -9999 -9999 -9999 -9999 -9999 -9999 -9999 -9999 -9999 -9999 -9999 -9999
-9999 -9999 -9999 -9999 -9999 -9999 -9999 -9999 -9999 3.45806622505188 3.4438716173172 3.26971185207367 3.69413959980011 3.21920397877693 2.82521098852158 2.58002400398254 2.08384948968887 1.58153396844864 1.46746578812599 1.35472878813744 1.87532213330269 2.00108814239502 1.20838049054146 1.66792345046997 1.72307771444321 1.39883172512054 1.24278223514557 1.06515598297119 1.02117821574211 0.989201277494431 0.978554248809814 0.998565763235092 1.17798301577568 1.41685652732849 1.68753218650818 2.1066974401474 2.94875693321228 3.53397524356842 3.48303079605103 5.366863489151 5.98806989192963 7.64114999771118 9.58265017395589 -9999 -9999 -9999 -9999 -9999 -9999 -9999 -9999 -9999 -9999 -9999 -9999 -9999 -9999 -9999 -9999 -9999 -9999 -9999
-9999 -9999 -9999 -9999 -9999 -9999 -9999 -9999 4.51636554173061 3.35247373580933 3.35908198356628 3.32981336116791 3.04053604602814 2.62172466516495 2.53011900186539 2.21610295772552 1.85486841201782 1.74305999279022 1.77233245968819 1.4492407143116 1.47752103209496 1.24971297383308 1.53799420595169 1.53841727972031 1.23589503765106 1.1004164814949 1.18723350763321 1.28380724787712 1.13297545909882 1.12867122888565 1.09995675086975 1.11830627918243 1.28899803757668 1.64427155256271 2.05577766895294 2.37251400947571 2.88111519813538 2.9681693315506 3.05844604969025 3.35943138599396 4.86293864250183 4.20047552769001 15.6238553911807 -9999 -9999 -9999 -9999 -9999 -9999 -9999 -9999 -9999 -9999 -9999 -9999 -9999 -9999 -9999 -9999 -9999 -9999 -9999
-9999 -9999 -9999 -9999 -9999 -9999 -9999 3.28386068344116 3.11855352606092 3.45970666408539 3.41382372379303 3.14771711826324 2.73721879720688 2.26533901691437 2.19160956144333 2.16299629211426 2.12949371337891 1.41310197114944 1.47946572303772 1.52810847759247 1.59787201881409 1.57274025678635 1.43000400066376 1.39007475972176 1.15087875723839 1.33062520623207 1.44779777526855 1.27448478341103 1.19760078191757 1.22521349787712 1.28844299912453 1.27017751336098 1.56422996520996 1.58455806970596 1.87871325016022 2.60070669651031 2.83559167385101 2.99256294965744 3.11293888092041 3.23640310764313 22.6580743268856 5.69786846637726 3.25656187534332 -9999 -9999 -9999 -9999 -9999 -9999 -9999 -9999 -9999 -9999 -9999 -9999 -9999 -9999 -9999 -9999 -9999 -9999 -9999
-9999 -9999 -9999 -9999 -9999 -9999 4.55933579717364 3.55376243591309 3.45490264892578 3.46671009063721 3.3580949306488 3.39355659484863 3.18514358997345 2.30065047740936 2.10018521547318 2.34833782911301 2.3373202085495 2.10094347596169 1.48664250969887 1.58734881877899 2.29383605718613 2.20910176634789 2.12718307971954 1.88876849412918 1.52515643835068 1.4383747279644 1.01587951183319 0.513021737337112 1.26813304424286 1.39024052023888 9.19860827922821 7.65529972314835 2.85649716854095 8.3161529302597 1.63558351993561 2.95354270935059 2.96551877260208 3.07526457309723 3.152991771698 9.83150911331177 -9999 -9999 -9999 -9999 -9999 -9999 -9999 -9999 -9999 -9999 -9999 -9999 -9999 -9999 -9999 -9999 -9999 -9999 -9999 -9999 -9999 -9999
-9999 -9999 -9999 -9999 3.49225225815406 4.42316293716431 4.10744655132294 3.42044162750244 3.11261773109436 3.05851936340332 2.86761903762817 2.75699400901794 2.91342741250992 2.63163828849792 2.28735530376434 2.04813230037689 1.75840651988983 1.33433702588081 1.36912572383881 1.30729052424431 1.58537967503071 1.96708872914314 2.4310394525528 2.10528749227524 1.87517166137695 1.7155476808548 15.1423269510269 0.577296763658524 7.63885849714279 7.79064631462097 8.45514124631882 2.55457270145416 2.77305972576141 2.42180550098419 2.58337193727493 2.96966475248337 4.62927460670471 4.18701713425772 -9999 -9999 -9999 -9999 -9999 -9999 -9999 -9999 -9999 -9999 -9999 -9999 -9999 -9999 -9999 -9999 -9999 -9999 -9999 -9999 -9999 -9999 -9999 -9999
-9999 -9999 -9999 -9999 3.88815379142761 3.75226128101349 3.59216701984406 3.29940211772919 3.2409245967865 2.97371917963028 2.57521426677704 2.43551927804947 2.96409451961517 2.81670892238617 2.7644190788269 2.22590482234955 1.79836642742157 1.57976692914963 1.56143027544022 1.67356127500534 2.31071019172668 1.71522527933121 1.27535703778267 1.30175471305847 1.43121072649956 2.61480742692947 11.2549466192722 8.84736147522926 9.63423174619675 2.57611495256424 2.79035621881485 3.15356612205505 3.37866282463074 3.58270132541656 3.08470344543457 3.3774186372757 3.70222055912018 20.2356777191162 -9999 -9999 -9999 -9999 -9999 -9999 -9999 -9999 -9999 -9999 -9999 -9999 -9999 -9999 -9999 -9999 -9999 -9999 -9999 -9999 -9999 -9999 -9999 -9999
-9999 -9999 3.710364818573 3.56765556335449 3.78778517246246 3.26387536525726 3.2298481464386 3.22312116622925 3.36454796791077 2.94231820106506 2.59245067834854 2.41319328546524 3.36667585372925 3.13986003398895 3.20429027080536 2.48154902458191 1.73569357395172 1.79583978652954 1.8047062754631 1.87842893600464 1.60051953792572 1.7862149477005 1.85804092884064 1.63509374856949 1.6149787902832 2.25291752815247 10.6661420166492 2.61897826194763 2.55451655387878 2.92218822240829 3.03597521781921 3.42627811431885 4.37187659740448 3.3216644525528 6.92864471414815 13.7355668595497 -9999 -9999 -9999 -9999 -9999 -9999 -9999 -9999 -9999 -9999 -9999 -9999 -9999 -9999 -9999 -9999 -9999 -9999 -9999 -9999 -9999 -9999 -9999 -9999 -9999 -9999
4.48138189315796 4.50694727897644 3.64091992378235 3.59028589725494 3.62923407554626 3.22121787071228 3.10611212253571 3.65467858314514 3.28043639659882 2.92290008068085 2.43056166172028 2.06473499536514 3.07999634742737 2.1723330616951 1.43834620714188 1.48796546459198 1.86863547563553 1.49472597241402 1.37914350628853 1.40906247496605 1.45341673493385 1.7263298034668 1.89726591110229 1.82008194923401 2.09486782550812 5.43262588977814 4.70869731903076 3.20118963718414 3.33468818664551 3.19050979614258 4.20026922225952 5.17311000823975 5.52698028087616 9.34804272651672 -9999 -9999 -9999 -9999 -9999 -9999 -9999 -9999 -9999 -9999 -9999 -9999 -9999 -9999 -9999 -9999 -9999 -9999 -9999 -9999 -9999 -9999 -9999 -9999 -9999 -9999 -9999 -9999
4.95417045463215 4.35743021965027 4.13708567619324 3.89563286304474 3.37978935241699 3.33569633960724 3.45217287540436 3.1977653503418 2.9054092168808 2.51465928554535 2.21268528699875 2.19186007976532 2.51901233196259 2.58318597078323 1.91813331842422 1.51183122396469 1.19440725445747 1.23515626788139 1.35488927364349 1.40178751945496 1.63228279352188 1.73473423719406 1.80209702253342 2.10858750343323 3.12168538570404 5.15238583087921 5.82098472118378 3.13639140129089 3.08396458625793 4.05667662620544 5.19470322132111 4.45025789737701 4.09965312480927 7.32473149082877 6.07928743145683 8.56337863026243 -9999 -9999 -9999 -9999 -9999 -9999 -9999 -9999 -9999 -9999 -9999 -9999 -9999 -9999 -9999 -9999 -9999 -9999 -9999 -9999 -9999 -9999 -9999 -9999 -9999 -9999
4.60584390163422 3.97936141490936 3.91653227806091 3.75303661823273 3.64807713031769 3.59445834159851 3.2778217792511 2.84385681152344 2.54322302341461 2.22803467512131 2.09073972702026 2.18596583604813 2.02856254577637 1.6522364616394 1.51085847616196 1.36221000552177 1.18903049826622 1.32517424225807 1.45685702562332 1.50843143463135 1.64386957883835 1.94319516420364 1.81052166223526 2.65342944860458 2.97767919301987 2.85187643766403 2.64643567800522 2.45181155204773 3.04504108428955 3.70055615901947 3.5709902048111 4.40436959266663 -9999 -9999 -9999 -9999 -9999 -9999 -9999 -9999 -9999 -9999 -9999 -9999 -9999 -9999 -9999 -9999 -9999 -9999 -9999 -9999 -9999 -9999 -9999 -9999 -9999 -9999 -9999 -9999 -9999 -9999
4.25289237499237 5.33768033981323 4.24647009372711 3.69049715995789 3.60659158229828 3.32375407218933 3.33611404895782 3.07558965682983 2.66280519962311 2.51458579301834 1.94921547174454 1.4026597738266 1.31143346428871 1.42318573594093 1.25440800189972 1.5690690279007 2.2326734662056 1.97997003793716 1.4711782336235 2.08571469783783 1.82613301277161 1.94667291641235 2.42348170280457 2.9195362329483 2.77755081653595 2.60923433303833 2.48097449541092 2.5782510638237 3.92039322853088 2.96296495199203 3.24054908752441 3.35433161258698 -9999 -9999 -9999 -9999 -9999 -9999 14.2689497921918 12.6942715644836 -9999 -9999 -9999 -9999 -9999 -9999 -9999 -9999 -9999 -9999 -9999 -9999 -9999 -9999 -9999 -9999 -9999 -9999 -9999 -9999 -9999 -9999
6.70698595046997 6.64216089248657 6.69524198770523 6.15881740528604 6.73278892636299 3.85056470788043 3.01576566696167 3.30555367469788 3.16996729373932 2.41416531801224 1.87661325931549 1.08684673905373 1.4621114730835 1.42338225245476 1.59964120388031 2.44921123981476 2.09963017702103 1.97114396095276 2.26223391294479 2.98199468851089 3.11238992214203 3.62390041351318 3.5718104839325 2.59262019395828 5.4452953338623 3.17306792736053 3.24807959794998 3.4972265958786 3.61066317558289 4.43632400035858 3.13310144497798 3.42093944549561 -9999 -9999 -9999 -9999 -9999 -9999 -9999 -9999 -9999 -9999 -9999 -9999 -9999 -9999 -9999 -9999 -9999 -9999 -9999 -9999 -9999 -9999 -9999 -9999 -9999 -9999 -9999 -9999 -9999 -9999
-9999 -9999 -9999 -9999 -9999 6.20476756395994 3.55401742458344 3.36103498935699 2.72806566953659 1.96711724996567 1.54658782482147 1.12099573016167 1.68429154157639 2.08305233716965 1.59137016534805 2.4262792468071 3.12842094898224 3.49562609195709 4.26552057266235 3.80145907402039 4.93397998809814 5.27971351146698 4.38404774665833 4.04945039749146 7.30853848457336 12.4199004769325 5.84842443466187 -9999 -9999 -9999 -9999 -9999 -9999 -9999 -9999 -9999 -9999 -9999 -9999 -9999 -9999 -9999 -9999 -9999 -9999 -9999 -9999 -9999 -9999 -9999 -9999 -9999 -9999 -9999 -9999 -9999 -9999 -9999 -9999 -9999 -9999 -9999
-9999 -9999 -9999 -9999 -9999 4.59236168861389 3.10590755939484 2.55910795927048 1.81610244512558 1.51860380172729 1.54533451795578 1.49773728847504 2.19803845882416 2.42652904987335 2.78278416395187 4.37708401679993 3.86477851867676 4.1314297914505 3.79063653945923 5.67802262306213 6.43828296661377 7.27793955802917 7.21750903129578 3.28056479077185 -9999 -9999 -9999 -9999 -9999 -9999 -9999 -9999 -9999 -9999 -9999 -9999 -9999 -9999 -9999 -9999 -9999 -9999 -9999 -9999 -9999 -9999 -9999 -9999 -9999 -9999 -9999 -9999 -9999 -9999 -9999 -9999 -9999 -9999 -9999 -9999 -9999 -9999
