EcologicalScience/Bass/data/rs_data_bass/chl_356.asc
NCOLS 226 
NROWS 124 
XLLCORNER -9.41648524995501 
YLLCORNER 47.587301625531 
CELLSIZE 0.0833 
NODATA_value -9999 
[rows 0 to 26 of 124, columns 62 to 123 of 226]
-9999 -9999 -9999 -9999 -9999 -9999 -9999 -9999 -9999 -9999 -9999 -9999 -9999 -9999 -9999 -9999 -9999 -9999 -9999 -9999 -9999 -9999 -9999 -9999 -9999 -9999 -9999 -9999 -9999 -9999 -9999 -9999 -9999 -9999 -9999 -9999 -9999 -9999 -9999 -9999 -9999 -9999 -9999 -9999 -9999 -9999 -9999 -9999 -9999 -9999 -9999 -9999 -9999 -9999 -9999 -9999 -9999 -9999 -9999 -9999 -9999 -9999
-9999 -9999 -9999 -9999 -9999 -9999 -9999 -9999 -9999 -9999 -9999 -9999 -9999 -9999 -9999 -9999 -9999 -9999 -9999 -9999 -9999 -9999 -9999 -9999 -9999 -9999 -9999 -9999 -9999 -9999 -9999 -9999 -9999 -9999 -9999 -9999 -9999 -9999 -9999 -9999 -9999 -9999 -9999 -9999 -9999 -9999 -9999 -9999 -9999 -9999 -9999 -9999 -9999 -9999 -9999 -9999 -9999 -9999 -9999 -9999 -9999 -9999
-9999 -9999 -9999 -9999 -9999 -9999 -9999 -9999 -9999 -9999 -9999 -9999 -9999 -9999 -9999 -9999 -9999 -9999 -9999 -9999 -9999 -9999 -9999 -9999 -9999 -9999 -9999 -9999 -9999 -9999 -9999 -9999 -9999 -9999 -9999 -9999 -9999 -9999 -9999 -9999 -9999 -9999 -9999 -9999 -9999 -9999 -9999 -9999 -9999 -9999 -9999 -9999 -9999 -9999 -9999 -9999 -9999 -9999 -9999 -9999 -9999 -9999
-9999 -9999 -9999 -9999 -9999 -9999 -9999 -9999 -9999 -9999 -9999 -9999 -9999 -9999 -9999 -9999 -9999 -9999 -9999 -9999 -9999 -9999 -9999 -9999 -9999 -9999 -9999 -9999 -9999 -9999 -9999 -9999 -9999 -9999 -9999 -9999 -9999 -9999 -9999 -9999 -9999 -9999 -9999 -9999 -9999 -9999 -9999 -9999 -9999 -9999 -9999 -9999 -9999 -9999 -9999 -9999 -9999 -9999 -9999 -9999 -9999 -9999
-9999 -9999 -9999 -9999 -9999 -9999 -9999 -9999 -9999 -9999 -9999 -9999 -9999 -9999 -9999 -9999 -9999 -9999 -9999 -9999 -9999 -9999 -9999 -9999 -9999 -9999 -9999 -9999 -9999 -9999 -9999 -9999 -9999 -9999 -9999 -9999 -9999 -9999 -9999 -9999 -9999 -9999 -9999 -9999 -9999 -9999 -9999 -9999 -9999 -9999 -9999 -9999 -9999 -9999 -9999 -9999 -9999 -9999 -9999 -9999 -9999 -9999
-9999 -9999 -9999 -9999 -9999 -9999 -9999 -9999 -9999 -9999 -9999 -9999 -9999 -9999 -9999 -9999 -9999 -9999 -9999 -9999 -9999 -9999 -9999 -9999 -9999 -9999 -9999 -9999 0.63735419511795 1.25911609839349 4.62936687469482 4.20223581790924 4.2872371673584 4.19401288032532 2.1312689781189 1.95430648326874 3.31557011604309 3.07256555557251 2.5128082036972 2.25902616977692 2.87115007638931 3.79244935512543 4.50027465820312 4.93871033191681 3.34292113780975 3.48892951011658 3.65516316890717 4.23008716106415 3.54603374004364 2.72052758932114 1.68006080389023 1.73928970098495 1.65717154741287 2.02562391757965 2.38202333450317 2.80346846580505 1.71330446004868 1.67600101232529 1.4224297106266 1.98401176929474 1.88770651817322 2.13449621200562
-9999 -9999 -9999 -9999 -9999 -9999 -9999 -9999 -9999 -9999 -9999 -9999 -9999 -9999 -9999 -9999 -9999 -9999 -9999 -9999 -9999 -9999 -9999 -9999 -9999 -9999 1.18186515569687 1.0627324283123 2.88972455263138 2.51899641752243 1.88363403081894 1.4816714823246 4.07607078552246 1.58716052770615 2.07863992452621 3.42052495479584 5.12181007862091 3.725794672966 2.6881628036499 2.09867924451828 1.65659326314926 1.59493643045425 1.63973325490952 1.51188147068024 1.4592299759388 4.85387170314789 2.31831979751587 2.58815252780914 1.52815049886703 1.62533622980118 1.57859551906586 1.41168370842934 1.54592925310135 1.74983847141266 2.1824010014534 1.89225143194199 1.46534326672554 1.74443846940994 2.31157958507538 1.0131022632122 0.994220227003098 1.00124475359917
-9999 -9999 -9999 -9999 -9999 -9999 -9999 -9999 -9999 -9999 -9999 -9999 -9999 -9999 -9999 -9999 -9999 -9999 -9999 -9999 -9999 -9999 -9999 -9999 -9999 -9999 1.18186515569687 2.35186278820038 2.2517055273056 2.99128800630569 1.40838897228241 0.987767279148102 0.957256525754929 1.20720148086548 1.73055231571198 2.75672543048859 5.56057047843933 3.45524311065674 2.0844554901123 1.83739650249481 1.64554417133331 1.21348804235458 1.05292126536369 0.948066741228104 1.02596926689148 1.05070871114731 2.102554500103 1.31077954173088 1.20780971646309 1.30462950468063 1.32457879185677 1.43521124124527 1.63563519716263 2.36209201812744 2.48870998620987 2.29521149396896 2.59610170125961 1.47166353464127 1.024628251791 1.08468675613403 1.04430377483368 0.998687982559204
-9999 -9999 -9999 -9999 -9999 -9999 -9999 -9999 -9999 -9999 -9999 -9999 -9999 -9999 -9999 -9999 -9999 -9999 -9999 -9999 -9999 -9999 -9999 -9999 -9999 -9999 2.15625983476639 1.86584258079529 1.41577050089836 1.54121249914169 1.53205347061157 1.03121173381805 1.00092601776123 0.986588269472122 1.15606275200844 1.38129302859306 1.5387892127037 1.29451274871826 1.13564175367355 1.07733526825905 1.05003896355629 1.02850878238678 1.03487777709961 0.911750972270966 0.98062652349472 0.976801514625549 1.05703201889992 1.15453425049782 1.22810545563698 1.36427852511406 1.41334497928619 1.57179218530655 1.72210943698883 1.50095397233963 1.23763051629066 1.25550377368927 1.44833475351334 1.09067550301552 1.08626854419708 1.00128149986267 0.923123270273209 0.869552224874496
-9999 -9999 -9999 -9999 -9999 -9999 -9999 -9999 -9999 -9999 -9999 -9999 -9999 -9999 -9999 -9999 -9999 -9999 -9999 -9999 -9999 -9999 -9999 -9999 -9999 1.19121462106705 1.36839151382446 1.21806451678276 1.24705123901367 1.53567677736282 1.34883078932762 1.30157554149628 1.3619332909584 1.19856753945351 1.35448801517487 1.27287223935127 1.10535675287247 0.904140740633011 0.840179264545441 0.868960529565811 0.924377292394638 0.926574736833572 1.04138320684433 1.07997152209282 1.11225146055222 1.2739275097847 1.32192671298981 1.45795351266861 1.29902324080467 1.32602995634079 1.36375048756599 1.45239445567131 1.46887198090553 1.28456702828407 1.27268475294113 1.21375054121017 1.07094222307205 1.07926949858665 0.977649718523026 0.933128982782364 0.91813650727272 0.88527899980545
-9999 -9999 -9999 -9999 -9999 -9999 -9999 -9999 -9999 -9999 -9999 -9999 -9999 -9999 -9999 -9999 -9999 -9999 -9999 -9999 -9999 -9999 -9999 -9999 -9999 1.39399346709251 1.3172550201416 1.36176002025604 1.28559520840645 1.64720249176025 1.67435252666473 1.46159774065018 1.34466075897217 1.38105672597885 1.15972727537155 0.962107479572296 0.870041996240616 0.880914777517319 0.844276517629623 0.91874098777771 0.969813734292984 0.958507508039474 0.972889512777328 1.01451301574707 1.12980902194977 1.24940702319145 1.28109973669052 1.51282721757889 1.35738900303841 1.32531371712685 1.38757047057152 1.32225599884987 1.42510798573494 1.42035752534866 1.66751325130463 1.24647527933121 1.06677603721619 1.04412451386452 0.992775768041611 0.98431795835495 0.968602538108826 0.932964742183685
-9999 -9999 -9999 -9999 -9999 -9999 -9999 -9999 -9999 -9999 -9999 -9999 -9999 -9999 -9999 -9999 -9999 -9999 -9999 -9999 -9999 -9999 -9999 -9999 1.31647038459778 1.3661775290966 1.30664473772049 1.54198282957077 1.21446597576141 1.50418728590012 1.50857555866241 1.42575153708458 1.30818003416061 1.28254196047783 1.19777923822403 1.00735196471214 0.936771780252457 0.933909773826599 0.973291486501694 0.984267711639404 0.97862246632576 0.996094465255737 0.991422772407532 0.941819250583649 0.932527542114258 0.943408459424973 1.08486378192902 1.17950248718262 1.22258627414703 1.19569051265717 1.28273472189903 1.28874599933624 1.20751503109932 1.12607395648956 1.25579327344894 1.12850403785706 0.996297776699066 1.09554451704025 1.04775595664978 1.07191577553749 1.09938821196556 1.04082602262497
-9999 -9999 -9999 -9999 -9999 -9999 -9999 -9999 -9999 -9999 -9999 -9999 -9999 -9999 -9999 -9999 -9999 -9999 -9999 -9999 -9999 -9999 -9999 1.50594073534012 1.28408020734787 1.13216024637222 1.0041089951992 0.862135469913483 1.05776399374008 1.05108672380447 1.22731196880341 1.2002287209034 1.24704372882843 1.23420372605324 1.17243674397469 0.989447236061096 0.921859502792358 0.930855721235275 0.997744470834732 0.999635964632034 0.936820507049561 0.905513226985931 0.933691531419754 0.961838990449905 0.927934527397156 0.939821988344193 0.994562208652496 1.10330477356911 1.13811153173447 1.14310196042061 1.28901672363281 1.22461429238319 1.23230695724487 1.19626200199127 1.12395599484444 1.00999197363853 1.09802851080894 1.11607798933983 1.14808496832848 1.14002546668053 1.07523527741432 1.07969552278519
-9999 -9999 -9999 -9999 -9999 -9999 -9999 -9999 -9999 -9999 -9999 -9999 -9999 -9999 -9999 -9999 -9999 -9999 -9999 -9999 -9999 -9999 4.2612351753882 4.63521909713745 2.36212205886841 1.09885874390602 1.1183902323246 1.11863771080971 2.79818254709244 1.64363479614258 1.58413642644882 1.17711076140404 1.14869928359985 1.13640224933624 1.10291478037834 0.959883034229279 0.934481263160706 0.928670257329941 1.44607722759247 1.37215054035187 0.871692001819611 0.880264520645142 0.912319511175156 0.912249773740768 0.92078098654747 0.952602714300156 0.922575742006302 1.08467397093773 1.17807599902153 1.16169521212578 1.21030274033546 1.18949398398399 1.11768454313278 0.969928532838821 1.03187021613121 1.15594804286957 1.05939897894859 1.13718903064728 1.15986523032188 1.08721125125885 1.80828452110291 1.16963624954224
-9999 -9999 -9999 -9999 -9999 -9999 -9999 -9999 -9999 -9999 -9999 -9999 -9999 -9999 -9999 -9999 -9999 -9999 -9999 -9999 2.64602583646774 2.19216440100083 2.04750001430511 1.84478330612183 1.56712120771408 1.26688349246979 1.11886954307556 1.00260677933693 1.04412227869034 1.45645728707314 1.16783621907234 0.99413475394249 0.941510260105133 1.11145877838135 1.18107149004936 1.02479097247124 1.2245317697525 1.07898071408272 0.839927226305008 0.857422471046448 0.840853482484818 0.845118016004562 0.883471459150314 0.875708252191544 0.877922236919403 0.873845994472504 0.944436013698578 1.04922071099281 1.19382753968239 1.09306874871254 1.07517528533936 1.19076749682426 1.10744547843933 1.07674276828766 1.10113871097565 1.18367779254913 1.05851697921753 1.05461329221725 1.01515647768974 1.01553753018379 1.04866647720337 1.04713279008865
-9999 -9999 -9999 -9999 -9999 -9999 -9999 -9999 -9999 -9999 -9999 -9999 -9999 -9999 -9999 -9999 -9999 -9999 -9999 -9999 2.29729495265267 0.823703840374947 3.70847618579865 5.42824280261993 4.0012139081955 3.57332324981689 2.62369644641876 1.28597849607468 1.05544951558113 0.952322244644165 0.824324995279312 0.791747242212296 0.730913266539574 0.800559729337692 0.69853350520134 0.72936674952507 0.743559747934341 0.758744984865189 0.788958728313446 0.795551240444183 0.789922535419464 0.804235517978668 0.794211745262146 0.777108013629913 0.762521982192993 0.756955504417419 0.883436232805252 0.910634279251099 0.970197021961212 1.05444297194481 1.05594670772552 1.23415946960449 1.15284901857376 1.12029075622559 1.21003353595734 1.13376000523567 0.999861717224121 1.62879520654678 1.10301679372787 0.901143014431 0.997961282730103 1.19155052304268
-9999 -9999 -9999 -9999 -9999 -9999 -9999 -9999 -9999 -9999 -9999 -9999 -9999 -9999 -9999 -9999 -9999 -9999 -9999 6.4191802740097 3.42705868184566 18.5181498527527 11.2091588973999 9.45098090171814 4.64502382278442 3.84970557689667 2.32633495330811 1.25163522362709 1.23077023029327 1.12817323207855 1.04123398661613 0.905292749404907 0.902298778295517 0.865586221218109 0.777543783187866 0.755955755710602 0.805175989866257 0.808979988098145 0.799223989248276 0.816883474588394 0.8293297290802 0.847148269414902 0.842312961816788 0.804237753152847 0.761479496955872 0.793269038200378 0.830925732851028 0.877800732851028 0.949822515249252 1.06583851575851 1.63893449306488 0.964058250188828 1.01707953214645 0.923804998397827 0.896046727895737 0.946290761232376 0.905997008085251 0.933161973953247 0.937238216400146 0.980421781539917 0.961358249187469 0.950545459985733
-9999 -9999 -9999 -9999 -9999 -9999 -9999 -9999 -9999 -9999 -9999 -9999 -9999 -9999 -9999 -9999 -9999 -9999 5.02509462833405 3.87779116630554 3.2497147321701 15.0247263908386 19.1093730926514 10.9151501655579 9.3246603012085 6.59927201271057 6.09103918075562 3.9360773563385 2.1977219581604 1.50290554761887 1.26260250806808 1.27110600471497 1.05958727002144 1.02110096812248 0.887981235980988 0.982946276664734 0.95745974779129 0.950315237045288 0.922578781843185 0.938432961702347 0.95475447177887 1.03477129340172 1.04494652152061 0.994048476219177 1.02298727631569 0.994667261838913 0.91480877995491 0.867824256420135 0.989121794700623 0.971382021903992 0.867940485477448 0.877736270427704 0.849403470754623 0.838498502969742 0.814011722803116 0.879877477884293 0.929581493139267 0.914255976676941 0.874457985162735 0.897106468677521 0.96296551823616 0.966843724250793
-9999 -9999 -9999 -9999 -9999 -9999 -9999 -9999 -9999 -9999 -9999 -9999 -9999 -9999 -9999 -9999 -9999 32.6322353451238 8.25593304634094 4.31164348125458 12.3869104385376 12.7691459655762 16.2256536483765 8.71125054359436 5.41497230529785 4.57935905456543 5.06388688087463 5.31270003318787 5.06886899471283 2.94037806987762 2.21763449907303 1.52266806364059 1.22524425387383 1.05307495594025 1.00927573442459 0.985934972763062 1.0273964703083 1.2221354842186 1.17683476209641 1.14829874038696 1.17590546607971 1.22968572378159 1.1937997341156 1.16058227419853 1.23511496186256 1.15887603163719 0.993179976940155 0.953186273574829 0.988212794065475 0.937364995479584 1.38081452250481 0.782311499118805 0.80397829413414 0.870982468128204 0.837947219610214 0.90146479010582 0.947802007198334 0.832593709230423 0.890243232250214 0.949772983789444 0.94607475399971 0.91213721036911
-9999 -9999 -9999 -9999 -9999 -9999 -9999 -9999 -9999 -9999 -9999 -9999 -9999 -9999 -9999 -9999 -9999 -9999 -9999 4.6442084312439 5.21140122413635 2.10983920097351 1.76946294307709 1.40909403562546 2.70935994386673 3.17614209651947 3.98671066761017 5.18352377414703 6.14915728569031 3.22285938262939 2.29240053892136 1.97149050235748 1.52504181861877 1.17487800121307 1.09963801503181 1.17851176857948 1.22527572512627 1.45242521166801 1.44144371151924 1.41259574890137 1.34497797489166 1.57504194974899 1.50353997945786 1.5977954864502 1.39842376112938 1.16783326864243 0.876697540283203 0.870260238647461 0.839432269334793 0.768276751041412 0.815879970788956 0.815629541873932 0.798372745513916 0.805620789527893 0.832431793212891 0.843609005212784 0.876379519701004 0.84983628988266 0.875275522470474 0.897582739591599 0.897978007793427 0.905711978673935
-9999 -9999 -9999 -9999 -9999 -9999 -9999 -9999 -9999 -9999 -9999 -9999 -9999 -9999 -9999 46.4919086905087 3.67679139700803 3.45000621250698 3.09116327762604 5.88546402454376 2.53615576028824 1.99424475431442 2.01807743310928 7.7143235206604 11.8155748844147 8.51012277603149 6.476567029953 4.26200187206268 3.81488084793091 2.37554329633713 2.38272750377655 2.41264647245407 2.37597906589508 2.22886276245117 1.77740693092346 1.44504377245903 1.51684731245041 1.55632495880127 1.55993700027466 1.35750451683998 1.45560970902443 1.6460040807724 1.56719094514847 1.08212023973465 1.15854898095131 0.961403220891953 0.856617718935013 0.813024044036865 0.818896472454071 0.814760237932205 0.818127036094666 0.813556462526321 0.821895718574524 0.82105877995491 0.814898997545242 0.844876527786255 0.879798710346222 0.897140979766846 0.854614466428757 0.886340260505676 0.892825484275818 0.913253277540207
-9999 -9999 -9999 -9999 -9999 -9999 -9999 -9999 -9999 -9999 35.2986888885498 35.2986888885498 13.7248649597168 7.42507353850773 18.6078260421753 2.05118018388748 4.53746545314789 8.29764533042908 6.42081069946289 4.97155344486237 2.94021892547607 14.5386414527893 5.45702791213989 1.97543925046921 3.85101664066315 4.99795067310333 6.50159311294556 9.02026176452637 8.89117956161499 1.80483967065811 2.05807721614838 1.87448483705521 1.99531495571136 1.58708399534225 1.30122452974319 1.44681823253632 1.49550828337669 1.49241524934769 1.27580854296684 1.18369495868683 1.18623071908951 1.11722329258919 0.989119470119476 0.936722248792648 0.831701964139938 0.798254281282425 0.824471265077591 0.887686461210251 0.947138249874115 0.92771252989769 0.924011260271072 0.868920028209686 0.821779489517212 0.792337507009506 0.798716247081757 0.802103251218796 0.836265027523041 0.816180020570755 0.814153522253036 0.83604821562767 0.875421792268753 0.862533777952194
-9999 -9999 -9999 -9999 -9999 -9999 -9999 -9999 -9999 -9999 35.2986888885498 7.30018219080838 5.48699402809143 11.1407306671143 3.44463765621185 3.07188534736633 12.6340135649631 7.60336430072784 3.63136867219859 17.4585626920064 9.32990169525146 44.1700487136841 10.2001908123493 5.85640141367912 6.11037549376488 8.31066432595253 4.87273782491684 6.95158910751343 22.7599368095398 1.48401975631714 1.53560328483582 1.57097321748734 1.30566599965096 1.17746025323868 1.12196400761604 1.21945497393608 1.139289021492 1.24852949380875 1.13363626599312 1.03189051151276 0.92566654086113 0.883622288703918 0.824569523334503 0.767110526561737 0.782229781150818 0.795294731855392 0.863041520118713 0.842670768499374 0.8308245241642 0.814492464065552 0.80382451415062 0.842905461788177 0.828783720731735 0.758130759000778 0.732093751430511 0.823067218065262 0.768314212560654 0.688705489039421 0.64912274479866 0.661577269434929 0.692553743720055 0.72198298573494
-9999 -9999 -9999 -9999 -9999 -9999 -9999 -9999 -9999 -9999 -9999 -9999 2.60220949564661 3.92155402047294 3.72787141799927 5.44392678141594 -9999 -9999 -9999 -9999 -9999 -9999 9.2886381149292 4.1420224070549 3.05903629213572 1.81645982712507 4.62926387786865 1.47027602791786 1.39036872982979 1.3552739918232 1.28324925899506 1.27487173676491 1.2955709695816 1.27237200737 1.12958550453186 1.06057950854301 1.10038349032402 1.01302796602249 0.969929963350296 0.928958237171173 0.843374222517014 0.79184702038765 0.725472763180733 0.730869770050049 0.726527228951454 0.776124000549316 0.799454212188721 0.726618736982346 0.727978482842445 0.734617486596107 0.782437473535538 0.773570269346237 0.754736959934235 0.721089765429497 0.758323520421982 0.843192011117935 0.781520247459412 0.682078510522842 0.644502013921738 0.66883572936058 0.665411978960037 0.689161509275436
-9999 -9999 -9999 -9999 -9999 -9999 -9999 -9999 -9999 -9999 -9999 -9999 -9999 16.6274771690369 16.6274771690369 16.6274771690369 -9999 -9999 -9999 -9999 -9999 -9999 4.94490551948547 4.94490551948547 4.94490551948547 0.308659605681896 2.17307251691818 7.20237407684326 2.39679604768753 2.24842429161072 2.09934675693512 1.43041804432869 1.26641401648521 1.2523994743824 1.53666150569916 1.33357653021812 0.995400756597519 0.890148729085922 0.851326525211334 0.829966485500336 0.76367175579071 0.842066287994385 0.822923272848129 0.751849472522736 0.749982744455338 0.748986750841141 0.737353518605232 0.765188276767731 0.75433874130249 0.741992980241776 0.759505480527878 0.73624724149704 0.724976241588593 0.727485001087189 0.767091035842896 0.770506471395493 0.723270758986473 0.697885483503342 0.685698017477989 0.669141009449959 0.656856760382652 0.710216984152794
-9999 -9999 -9999 -9999 -9999 -9999 -9999 -9999 -9999 -9999 -9999 -9999 -9999 -9999 -9999 -9999 -9999 -9999 -9999 -9999 -9999 -9999 -9999 -9999 -9999 -9999 43.2016645471255 2.66802442073822 2.98767828941345 2.68410229682922 2.36161118745804 2.40641105175018 2.58696216344833 1.75118547677994 2.08117800951004 1.36450427770615 2.61113101243973 0.968886762857437 0.809564262628555 0.879886507987976 0.821043759584427 0.781664997339249 0.733394980430603 0.773583769798279 0.782757014036179 0.864075779914856 0.831849038600922 0.764949023723602 0.763630539178848 0.739212021231651 0.732633769512177 0.680807992815971 0.657786771655083 0.72170627117157 0.773763746023178 0.742567509412766 0.737683519721031 0.727758005261421 0.651083260774612 0.680702984333038 0.740947499871254 0.753668993711472
-9999 -9999 -9999 -9999 -9999 -9999 -9999 -9999 -9999 -9999 -9999 -9999 -9999 -9999 -9999 -9999 -9999 -9999 -9999 -9999 -9999 -9999 -9999 -9999 -9999 -9999 -9999 3.83929778500037 3.38571882247925 2.99035727977753 2.59457927942276 7.00000691413879 4.04602360725403 1.75801795721054 1.66327053308487 1.604975938797 1.47628426551819 1.09881296753883 0.790191739797592 0.696197256445885 0.758633226156235 0.97343248128891 1.10723778605461 0.864526480436325 0.900689989328384 0.92542576789856 0.841080754995346 0.668943732976913 0.695599481463432 0.655781999230385 0.615301519632339 0.563273996114731 0.613642483949661 0.647451728582382 0.704004004597664 0.56428425014019 0.614060997962952 0.580651491880417 0.592236757278442 0.653305515646935 0.582849740982056 0.5911995023489
