EcologicalScience/Bass/data/rs_data_bass/chl_187.asc
NCOLS 226 
NROWS 124 
XLLCORNER -9.41648524995501 
YLLCORNER 47.587301625531 
CELLSIZE 0.0833 
NODATA_value -9999 
[rows 54 to 80 of 124, columns 0 to 61 of 226]
-9999 -9999 -9999 -9999 -9999 -9999 -9999 -9999 -9999 -9999 -9999 -9999 -9999 -9999 -9999 -9999 -9999 -9999 -9999 -9999 -9999 -9999 -9999 -9999 -9999 -9999 -9999 -9999 -9999 -9999 -9999 -9999 -9999 -9999 -9999 -9999 -9999 -9999 4.78104186841691 3.15575931072235 2.78086080551147 2.71473212242126 1.89351789440427 1.78378797003201 2.02997277975082 2.01894094347954 1.85002854466438 2.7038291650159 2.06502526147025 2.59867138129014 1.94072961381503 1.80128479462404 1.85999778600839 1.75458047645433 2.08603669064385 2.39956224816186 2.63140912566866 2.30112419128418 -9999 0.607058599591255 0.62790758907795 1.50119685090106
-9999 -9999 -9999 -9999 -9999 -9999 -9999 -9999 -9999 -9999 -9999 -9999 -9999 -9999 -9999 -9999 -9999 -9999 -9999 -9999 -9999 -9999 -9999 -9999 -9999 -9999 -9999 -9999 -9999 -9999 -9999 -9999 -9999 -9999 -9999 -9999 -9999 -9999 -9999 2.92878818086215 2.75849193334579 2.39796293633325 2.0318397528985 1.98090161727025 1.86324230982707 1.90837295926534 1.77932468285927 1.38294537938558 1.61102721553582 2.03960186668805 1.8276892717068 1.59327485011174 1.74092529926981 2.06700197287968 2.43274858168193 2.38082603216171 2.25210220813751 -9999 -9999 -9999 -9999 -9999
-9999 -9999 -9999 -9999 -9999 -9999 -9999 -9999 -9999 -9999 -9999 -9999 -9999 -9999 -9999 -9999 -9999 -9999 -9999 -9999 -9999 -9999 -9999 -9999 -9999 -9999 -9999 -9999 -9999 -9999 -9999 -9999 -9999 -9999 -9999 -9999 -9999 -9999 -9999 -9999 3.05583740983691 2.40175918170384 2.06606520499502 2.15619796514511 2.23435187569031 1.7953185232786 1.77191889056793 1.75328471798163 1.56585305241438 1.69323300719261 1.64705011477837 1.55876140869581 1.7413443006002 2.06873341248586 2.39557891625624 2.48920711449214 2.62835439613887 2.19766870737076 1.85443475667168 -9999 -9999 -9999
-9999 -9999 -9999 -9999 -9999 -9999 -9999 -9999 -9999 -9999 -9999 -9999 -9999 -9999 -9999 -9999 -9999 -9999 -9999 -9999 -9999 -9999 -9999 -9999 -9999 -9999 -9999 -9999 -9999 -9999 -9999 -9999 -9999 -9999 -9999 -9999 -9999 -9999 -9999 -9999 2.25626490945401 2.81494355627469 2.21563183802825 2.42743558150071 2.36604065619982 2.48269686698914 2.10904032417706 2.04416077903339 1.93068867496082 1.68938783155038 1.55586222616526 1.64743369817734 1.81209622896635 2.07562802388118 2.30742793816787 2.40685028754748 2.4112875690827 2.45797488322625 2.49324921919749 2.08444998519761 2.12348635196686 -9999
-9999 -9999 -9999 -9999 -9999 -9999 -9999 -9999 -9999 -9999 -9999 -9999 -9999 -9999 -9999 -9999 -9999 -9999 -9999 -9999 -9999 -9999 -9999 -9999 -9999 -9999 -9999 -9999 -9999 -9999 -9999 -9999 -9999 -9999 -9999 -9999 -9999 -9999 -9999 -9999 -9999 3.09884381752748 2.68375349961794 2.61684051385293 2.48083339746182 2.35296669602394 2.0593075965132 1.94366329908371 1.98619267344475 1.88155444264412 1.6638523042202 1.55300916092736 1.53978116384574 1.60266255268029 2.44559465921842 2.36675699857565 2.39802998762864 2.44785801722453 2.61128978545849 2.93210623356012 2.26862947940826 -9999
-9999 -9999 -9999 -9999 -9999 -9999 -9999 -9999 -9999 -9999 -9999 -9999 -9999 -9999 -9999 -9999 -9999 -9999 -9999 -9999 -9999 -9999 -9999 -9999 -9999 -9999 -9999 -9999 -9999 -9999 -9999 -9999 -9999 -9999 -9999 -9999 -9999 -9999 -9999 -9999 -9999 3.12210956391166 2.83174566122202 2.94260034390858 2.77248463460377 2.65827672396387 2.13649195432663 1.85273144245148 1.79172463417053 1.74339551925659 1.66254628300667 1.5569886803627 1.63932488220079 1.7417179942131 1.86960782110691 2.03888717293739 2.50230807065964 2.61981611526929 2.7688905275785 2.24872905015945 -9999 -9999
-9999 -9999 -9999 -9999 -9999 -9999 -9999 -9999 -9999 -9999 -9999 -9999 -9999 -9999 -9999 -9999 -9999 -9999 -9999 -9999 -9999 -9999 -9999 -9999 -9999 -9999 -9999 -9999 -9999 -9999 -9999 -9999 -9999 -9999 -9999 -9999 -9999 -9999 -9999 -9999 3.26788605451584 2.78226129825299 2.47278656409337 2.33995533840997 2.35887390375137 2.1229547560215 1.83676222392491 1.77578964829445 1.66289209127426 1.65206106305122 1.61487264633179 1.58608805537224 1.62689924240112 1.90158820152283 2.10984171714102 2.1993408373424 2.2436276435852 -9999 -9999 2.82670662403107 3.62660696873298 3.51571239874913
-9999 -9999 -9999 -9999 -9999 -9999 -9999 -9999 -9999 -9999 -9999 -9999 -9999 -9999 -9999 -9999 -9999 -9999 -9999 -9999 -9999 -9999 -9999 -9999 -9999 -9999 -9999 -9999 -9999 -9999 -9999 -9999 -9999 -9999 -9999 -9999 -9999 -9999 -9999 3.08002361655235 2.80271619558334 2.56007432479125 2.39335796466241 2.33440956473351 1.90554762738092 1.66961549009596 1.69565125874111 1.82561377542359 1.71656405925751 1.70336036171232 1.57558324507305 1.53215034306049 1.56379104724952 1.81521543221814 1.98606163859367 2.0724573969841 2.23959304690361 2.01621036529541 1.79810331548963 2.26684881959643 2.49130001664162 2.50200186456953
-9999 -9999 -9999 -9999 -9999 -9999 -9999 -9999 -9999 -9999 -9999 -9999 -9999 -9999 -9999 -9999 -9999 -9999 -9999 -9999 -9999 -9999 -9999 -9999 -9999 -9999 -9999 -9999 -9999 -9999 -9999 -9999 -9999 -9999 -9999 -9999 -9999 -9999 -9999 3.26186685562134 2.53095286626082 2.38542750477791 2.19659315688269 2.03940265519278 1.65108067223004 1.59022154126849 1.69414994972093 1.75152856963021 1.5987124890089 1.50971497382436 1.46849106890815 1.51226343001638 1.6424405425787 1.73596472612449 1.81450589214052 1.9270068194185 2.41076430449119 2.18695694666642 1.68351956989084 2.06276095977851 2.32592956296035 2.46790260928018
-9999 -9999 -9999 -9999 -9999 -9999 -9999 -9999 -9999 -9999 -9999 -9999 -9999 -9999 -9999 -9999 -9999 -9999 -9999 -9999 -9999 -9999 -9999 -9999 -9999 -9999 -9999 -9999 -9999 -9999 -9999 -9999 -9999 -9999 -9999 -9999 -9999 -9999 2.1408156901598 3.09357395242242 2.23414223108973 2.23380365967751 1.9805745950767 1.79126769942897 1.5099879026413 1.62533155509404 1.5397100508213 1.54877293109894 1.52824816320624 1.47132329642773 1.43679324005331 1.65710440916674 2.41517909673544 2.17737115804966 2.32120644587737 2.42417537707549 2.48869031667709 1.6318088727338 1.60116604609149 3.2985662313608 3.1671082514983 2.44220699582781
-9999 -9999 -9999 -9999 -9999 -9999 -9999 -9999 -9999 -9999 -9999 -9999 -9999 -9999 -9999 -9999 -9999 -9999 -9999 -9999 -9999 -9999 -9999 -9999 -9999 -9999 -9999 -9999 -9999 -9999 -9999 -9999 -9999 -9999 -9999 -9999 -9999 -9999 2.55375217690187 2.51507037878036 2.27856912783214 2.16037665520396 1.73135590553284 1.57906643194812 1.43684551119804 1.51669181585312 1.45194282531738 1.41858267188072 1.44875375032425 1.5132219940424 1.59718464527811 1.54770127364567 1.64940129646233 1.78229060769081 2.37661545093243 2.36081856030684 2.46989591305072 2.61964589815873 2.71635602529232 2.8833267551202 3.42558800257169 3.41638029538668
-9999 -9999 -9999 -9999 -9999 -9999 -9999 -9999 -9999 -9999 -9999 -9999 -9999 -9999 -9999 -9999 -9999 -9999 -9999 -9999 -9999 -9999 -9999 -9999 -9999 -9999 -9999 -9999 -9999 -9999 -9999 -9999 -9999 -9999 -9999 -9999 -9999 2.55671046674252 2.60995649865695 2.17319860415799 2.02656882788454 1.86293072104454 1.61538931268912 1.41337621808052 1.34125528885768 1.40247825980186 1.49783085286617 1.55409245405878 1.44865844249725 1.56646549701691 1.65449702739716 1.73137766335692 1.59542691707611 1.55397513295923 1.63239406687873 2.14086659596517 2.50686423595135 2.62318036189446 2.57599190106759 2.58454781770706 3.03607367552244 3.158115368623
-9999 -9999 -9999 -9999 -9999 -9999 -9999 -9999 -9999 -9999 -9999 -9999 -9999 -9999 -9999 -9999 -9999 -9999 -9999 -9999 -9999 -9999 -9999 -9999 -9999 -9999 -9999 -9999 -9999 -9999 -9999 -9999 -9999 -9999 -9999 -9999 -9999 2.68482184410095 2.35573990555371 2.05164269988353 1.9492566539691 1.73617520928383 1.53167947439047 1.26276709253971 1.32864998624875 1.28121364116669 1.35148448095872 1.38636168837547 1.48522737622261 1.65962247848511 1.75182878545352 1.64561103497233 1.68872060946056 1.95882168641457 2.02670482030282 2.15959757566452 2.40747934121352 2.44485317285244 2.45279973286849 4.14116499974177 7.11859725071834 2.47458686828613
-9999 -9999 -9999 -9999 -9999 -9999 -9999 -9999 -9999 -9999 -9999 -9999 -9999 -9999 -9999 -9999 -9999 -9999 -9999 -9999 -9999 -9999 -9999 -9999 -9999 -9999 -9999 -9999 -9999 -9999 -9999 -9999 -9999 -9999 -9999 -9999 2.97415834665298 2.47563106738604 2.14276319283706 1.8779479609086 1.70493054160705 1.51425125736457 1.3070727873307 1.19747057442482 1.31044621536365 1.32592407442056 1.51854227057525 1.36855983138084 1.46915557980537 1.63205628097057 1.59463363460132 1.64903921101774 1.61260361756597 1.45389398932457 1.52927815455657 1.63032832970986 2.24311515459648 2.24310725927353 2.18304540560796 2.06653187104634 2.64006785246042 3.05476505756378
-9999 -9999 -9999 -9999 -9999 -9999 -9999 -9999 -9999 -9999 -9999 -9999 -9999 -9999 -9999 -9999 -9999 -9999 -9999 -9999 -9999 -9999 -9999 -9999 -9999 -9999 -9999 -9999 -9999 -9999 -9999 2.05595131306087 0.980888559766438 -9999 2.10493344068527 2.31359298527241 1.28386774888405 1.85135786120708 1.86774443892332 1.67424917908815 1.4639665713677 1.31497786595271 1.17522552609444 1.17746010537331 1.36231144116475 1.39533069959054 1.4089149844188 1.39302684366703 1.48677909161363 1.56616109822478 1.65927600221975 1.65325506883008 1.63240376114845 1.60333354558263 1.51787105661172 1.83465625558581 2.04488192924431 2.97134996377505 2.32666683197021 2.4672977072852 3.04262073040009 2.8045860610225
-9999 -9999 -9999 -9999 -9999 -9999 -9999 -9999 -9999 -9999 -9999 -9999 -9999 -9999 -9999 -9999 -9999 -9999 -9999 -9999 -9999 -9999 0.346259817481041 10.4916648864746 3.20574256602456 2.68325456626275 2.65919352918863 2.72721197605133 3.00295187830925 1.60476156004838 1.30155508518219 1.43977968280132 1.5848871935159 1.76532224508432 1.71260712696956 1.80868358566211 1.72626951566109 1.59988967959697 1.49751980258868 1.4433212853395 1.33710648234074 1.18419610193143 1.16593088095005 1.25279870743935 1.37633194946326 1.47089589673739 1.49546159918492 1.58139540140445 1.61227498604701 1.63208620823347 1.63418743014336 1.76040953397751 1.71921871602535 1.77427369356155 1.89810739457607 2.06806876403945 2.28371694087982 2.66139628887177 8.26759346092448 -9999 -9999 -9999
-9999 -9999 -9999 -9999 -9999 -9999 -9999 -9999 -9999 -9999 -9999 -9999 -9999 -9999 -9999 -9999 -9999 -9999 -9999 -9999 -9999 -9999 2.39942067335634 2.50278578186408 1.41810702050433 2.92651970498264 1.20022244006395 1.04108432382345 1.30618565210274 1.38056061310428 1.315670388937 1.24198169891651 1.4727198088711 1.38645440340042 1.29901807755232 1.30288750746033 0.630460856990381 1.17164377123117 1.27843555005697 1.24946037851847 1.19058355230552 1.1085217320002 1.17783751625281 1.30710781079072 1.36052622130284 1.48525147483899 1.69151965471414 1.80347620065396 1.6678151935339 1.66937343776226 1.87940765917301 1.80337241979746 1.88395315408707 1.9935769289732 2.25544184446335 -9999 -9999 -9999 -9999 -9999 -9999 -9999
-9999 -9999 -9999 -9999 -9999 -9999 -9999 -9999 -9999 -9999 -9999 -9999 -9999 -9999 -9999 -9999 -9999 -9999 -9999 2.4471991167349 2.88451259977677 1.78526071608067 1.55151748806238 1.32879398614168 1.32535577332601 1.1056832626462 1.05038280040026 1.02039403042623 0.99351662929569 0.952589562535286 10.1948838142248 0.984292025864124 1.03637110654797 1.09672349797828 1.13410196772644 1.49192436383321 1.12717562913895 1.11547256662295 1.06210867372843 1.00494080667312 0.995755856999984 0.9712939285315 1.09454583433958 1.22351882664057 1.35282325056883 1.53089763109501 1.88524694626148 1.94676699317419 1.75495244562626 1.80979886651039 1.94989830255508 -9999 -9999 -9999 -9999 -9999 -9999 -9999 -9999 -9999 -9999 -9999
-9999 -9999 -9999 -9999 -9999 -9999 -9999 -9999 -9999 -9999 -9999 -9999 -9999 -9999 -9999 -9999 -9999 2.41058424816412 1.65739125188659 1.50713521768065 1.89504192396998 1.67341195419431 1.05473894029856 0.957181477546692 0.888913804292679 0.853460401296616 0.842109050069537 0.837095407502992 0.857355955455984 0.849606711949621 1.61031928429237 1.25934021289532 0.972107106819749 0.915277283638716 0.829792657723794 0.923685818910599 0.947290214208456 0.962894822869982 1.03531782031059 0.958226412534714 0.930903880642011 1.0049713735397 1.06143187674192 1.23840657908183 1.39876625514947 1.65867377015261 9.26874090731144 2.22445113383807 2.35778362017411 1.92675624787807 1.8405618254955 -9999 -9999 -9999 -9999 -9999 -9999 -9999 -9999 -9999 -9999 -9999
-9999 -9999 -9999 -9999 -9999 -9999 -9999 -9999 -9999 -9999 -9999 -9999 -9999 -9999 1.38084162771702 8.11101585626602 3.07811191678047 1.27137992136619 1.12581003238173 0.970091947737862 1.02503813803196 0.913373714312911 0.943143770098686 0.865199849009514 0.952188827097416 0.760795976221561 0.746850288340024 0.777640151126044 0.787324006536177 0.770103472684111 0.731740884482861 0.768778377212584 0.75745395720005 0.767227977514267 0.962043875455856 0.915117716789246 0.956860935688019 0.952178066968918 0.925565832853317 0.948543298244476 0.990817227959633 0.981243249315482 1.0425659097158 1.1018342421605 1.55598541864982 1.78198549266045 1.57686685025692 1.74285198748112 1.88309556245804 1.79367992281914 1.71049697124041 1.75175332597324 -9999 -9999 -9999 -9999 -9999 -9999 -9999 -9999 -9999 -9999
-9999 -9999 -9999 -9999 -9999 -9999 -9999 -9999 -9999 -9999 -9999 1.54327567057176 1.56852090008119 2.64764049649238 2.19943152368069 0.864012618362904 0.770664158463478 0.893727342872059 0.839368264464771 0.827495124410181 0.857371810823679 0.879790540784597 0.660901813209057 0.736612638831139 0.791372081637383 0.791215324401855 0.780907925963402 0.743914778211287 0.697825636714697 0.665472140908241 0.702332972603686 0.694597176276147 0.539625757506915 1.31629695296287 0.793137769613947 0.854274732725961 0.864127907369818 0.856336516141892 0.867226839065552 0.900253218412399 0.998095035552979 0.972947224974632 1.02952676323744 1.08862956899863 1.5138368835816 1.77593454947838 1.84068785394941 1.71319349912497 1.92970960873824 1.88472038933209 1.87152209758759 -9999 -9999 -9999 -9999 -9999 5.19116515101388 3.99032010350909 4.12173342704773 4.00316006796701 2.79588139057159 -9999
-9999 -9999 -9999 -9999 -9999 -9999 -9999 -9999 -9999 11.9380955815315 1.77577117921376 1.08052625550943 0.947423268766964 5.42329231649637 3.28289184719324 1.14043211936951 0.780990053625668 0.795141930089277 0.807094721233144 0.77115256821408 0.907836053520441 0.875124268233776 0.623919886350632 0.640832850337028 0.722991871833801 0.754942318797112 0.690866396363292 0.673206802457571 0.648027764260769 0.619321185350418 0.644077947735787 0.692827977240086 0.726974972656795 0.937310133129358 0.918389266356826 0.77896353070225 0.807855379368578 0.800400280952454 0.815228122472763 0.838316085934639 1.03716663122177 1.0034608106528 1.18106461529221 1.33080335280725 1.46967532038689 1.97471404992617 1.62676101922989 1.72143505513668 1.73976723047403 1.83002429283582 2.00089539472873 2.02139613720087 2.18717371041958 2.57894024848938 2.69746580490699 2.8027703506606 2.70669206551143 2.58450722694397 2.72765468634092 3.00192497326778 3.47352152211325 -9999
-9999 -9999 -9999 -9999 -9999 2.99113732762635 1.2112952247262 1.02547296881676 0.980262011289597 1.0154347345233 0.78537767753005 0.643471676856279 0.654069554060698 0.788306996226311 1.01122440397739 1.0461292359978 0.883128292858601 0.851633386686444 0.763016365906771 0.816342688658658 0.761588559485972 0.786400965414941 0.617538607120514 0.675703530013561 0.689409001171589 0.710403326153755 0.706261467933655 0.883238517679274 0.65662846416235 0.649086150527 0.640684358775616 1.16644161567092 1.25198945775628 1.6477328017354 0.930882856249809 0.930301291868091 0.705651905674201 0.761034911870957 0.835986283421516 0.932425931096077 0.966175219416618 1.15189219798361 1.69460907807717 1.62765717964906 1.15811080084397 1.39406662950149 1.50612106174231 1.61078971624374 1.37308455258608 1.59210542589426 1.91464457603601 1.96080136299133 2.08312970858354 2.24969012920673 2.47584994939657 2.59600170300557 2.519594508868 2.94001499506143 3.32596729351924 3.97843378323775 4.63360138122852 3.93159922269674
-9999 -9999 -9999 -9999 -9999 0.847917538136244 0.698875699192286 0.65067882835865 0.649150494486094 0.655644178390503 0.658676046878099 0.643626384437084 0.651729740202427 0.771880332380533 0.894738011062145 1.10173930227757 0.833112392574549 0.766552112996578 1.13182369619608 0.853010058403015 0.670547056943178 0.636955784261227 0.654729441340481 0.654724773019552 0.633039601679359 0.597488311047737 0.594027690589428 0.583041563630104 0.598537668585777 0.636659994721413 0.662812378789697 0.693000337907246 0.709530012948172 0.743601239153317 1.9558942951262 0.73323013314179 0.729968706002602 0.758602690238219 0.860189680542265 0.877498792750495 0.850016520573543 0.889010193256231 0.93569777905941 0.984556103391307 1.09437189357621 1.09924464156994 1.26148197398736 1.21458831200233 1.4966830983758 1.38847482204437 1.72649000699704 1.94741641099636 1.85746655097375 1.86720379499289 2.25359923564471 2.3901012127216 2.8723105100485 2.72682522351925 2.83259248275023 3.31585316474621 4.06643981199998 4.03631417567913
-9999 -9999 -9999 -9999 -9999 0.633387806323858 0.430269281566143 0.425564114749432 0.575336057692766 0.60021711140871 0.613602954894304 0.612323630601168 0.597536824643612 0.599463388323784 0.618837386369705 0.679675854742527 0.660480558872223 0.477595913139257 0.657334517687559 0.5714356643813 0.56230442913679 0.602332611169134 1.68418892472982 0.600182667374611 0.610475136765412 0.617722607002809 0.62323933839798 0.63766385270999 0.640888846264436 0.664331165643839 0.684088733333808 0.743085859077317 0.755784404064928 0.72070738779647 0.713773545409952 0.701379270507739 0.719824839096803 0.744887407009418 0.775250466970297 0.872267897639956 0.882430067429176 0.923341003748087 0.886873139784886 0.861587872871986 0.870948149607732 0.975201308727264 1.06562105394327 1.03459594914546 1.0987378519315 1.17216268067177 1.29544211924076 1.39212454110384 1.40014787763357 1.34423449635506 1.69489131524013 2.16348245739937 2.28906493633986 2.48864057660103 2.72426762030675 3.05059749346513 3.71230935133421 3.65374785661697
-9999 -9999 -9999 -9999 -9999 0.520011107836451 0.461862283945084 0.473826067149639 0.624405361711979 0.571071418432089 0.54656049150687 0.560603251824012 0.524506399264702 0.570525359362364 0.565876130014658 0.595683563500643 0.625412989407778 0.619159508496523 0.567359425127506 0.570842730147498 0.598905045006956 0.592220453279359 0.604592145553657 0.591951571404934 0.612491246312857 0.614332862198353 0.625639144331217 0.649433791637421 0.656622771173716 0.712862245738506 0.75186749920249 0.705287141459329 0.737679173903806 0.746133528649807 0.771451819401521 0.720824169261115 0.726719651903425 0.697445853480271 0.734635039099625 0.864217531222564 0.923662373652825 0.942360534117772 0.858484467634788 0.819846469622392 0.965330827694673 1.36313417979649 1.16618714332581 0.908653062123519 1.04195997757571 1.1170767513769 1.34985449910164 1.20711718925408 1.22215640544891 1.34136195136951 1.63482658679669 1.75511126965284 1.74613558501005 1.93338077515364 2.05610091984272 2.77796035546523 3.03376549023848 3.44828614821801
-9999 -9999 -9999 -9999 -9999 0.608740691955273 0.471673306077719 0.477357473510962 0.496898487210274 0.43495930966578 0.506910970577827 0.499016490120154 0.510250038825549 0.519893415845357 0.490768508269237 0.551575116813183 0.592568624764681 0.560686502605677 0.522330002859235 0.517208447679877 0.564562501815649 0.598925254665888 0.571367807686329 0.547506568953395 0.574520632624626 0.595924515277147 0.586057517677546 0.613584738224745 0.646839000284672 0.662289384752512 0.88903521001339 0.636386074125767 0.941757000982761 0.885988857597113 0.701617764575141 0.698152803948947 0.697507972163813 0.70618776338441 0.763305720474039 0.761561080813408 0.809104263782501 0.85903704395661 0.849065154790878 0.801124189908688 0.793781622098042 0.80800376030115 0.866063283039973 0.870088886756163 0.84690966285192 0.864666636173542 0.922935632558969 0.810949511826038 1.27549709379673 1.44485055655241 1.43729665130377 1.6418569535017 1.81241112030469 1.59606869518757 1.91358379675792 2.27478655485006 3.04217486198132 3.09216554348285
