EcologicalScience/Bass/data/rs_data_bass/chl_83.asc
NCOLS 226 
NROWS 124 
XLLCORNER -9.41648524995501 
YLLCORNER 47.587301625531 
CELLSIZE 0.0833 
NODATA_value -9999 
[rows 54 to 80 of 124, columns 124 to 185 of 226]
2.00634151697159 1.96983593702316 1.92625343799591 1.94609481096268 2.00604003667831 2.36277741193771 2.43707406520844 1.92997723817825 1.8937012553215 1.73808681964874 1.69200450181961 1.54619318246841 1.98243230581284 2.05807131528854 1.97785198688507 2.04616266489029 2.00762933492661 1.84556633234024 1.84088855981827 1.8924885392189 1.99848228693008 2.0030175447464 2.12274974584579 2.19781655073166 2.28287923336029 2.20603573322296 2.25604873895645 2.32058107852936 2.48880082368851 2.49312901496887 2.57749342918396 2.42866498231888 2.47983527183533 2.60957103967667 2.96344578266144 2.84176808595657 2.5211820602417 1.96235918998718 1.77783304452896 1.87281900644302 1.84979099035263 2.09773653745651 2.33465695381165 2.29363882541656 2.21183395385742 2.2866570353508 2.72654557228088 3.88203084468842 4.09016847610474 5.15379059314728 6.19244456291199 5.98371244104285 6.03636697360447 5.52017569541931 6.45987010002136 6.65649998188019 6.83213190849011 7.92703747749329 11.5334885716438 11.8184167998178 12.3356994620892 14.2805128244103
2.04754042625427 2.18131506443024 2.30025672912598 2.07386916875839 2.01737630367279 2.25584703683853 2.57393628358841 2.06652081012726 1.80290168523788 1.52353048324585 1.45710298418999 1.45036348700523 1.81172472238541 1.93372571468353 1.97754371166229 1.93504732847214 1.89718276262283 1.77855831384659 1.92237371206284 2.05248141288757 2.20073854923248 2.46378529071808 2.60424292087555 2.40570294857025 2.47526174783707 2.34930825233459 2.37239849567413 2.56932145357132 2.53864431381226 2.42329430580139 2.51647120714188 2.43136042356491 2.39401280879974 2.36812877655029 2.99011641740799 3.48806619644165 2.60895824432373 1.86021083593369 1.63781994581223 1.6802174448967 1.7644949555397 2.14474958181381 2.48958456516266 2.77678728103638 2.60625368356705 2.68080604076385 6.50181484222412 4.05963456630707 4.94286811351776 5.88825988769531 2.71246343851089 5.69054010936192 5.48928078583309 6.33138803073338 7.30556920300359 6.38830952083363 10.5720698833466 -9999 -9999 -9999 -9999 -9999
2.22719997167587 2.30101722478867 2.26512372493744 2.25724571943283 2.28947997093201 2.37384295463562 2.31733721494675 1.83419108390808 1.67622596025467 1.68500018119812 1.67329949140549 1.39585196971893 1.74857997894287 1.94400000572205 2.06021171808243 1.99051952362061 1.98158329725266 1.892722427845 1.93909353017807 2.14086753129959 2.19371402263641 2.42500054836273 2.56792205572128 2.73414444923401 2.49432295560837 2.63652670383453 2.42742151021957 2.63796901702881 2.68166327476501 2.26457852125168 2.41626977920532 2.29211103916168 2.12731343507767 2.10451430082321 2.28476625680923 2.29158908128738 2.50764906406403 1.87789267301559 1.78826022148132 1.84965670108795 1.82537019252777 2.16692394018173 2.6402850151062 2.84360325336456 3.28685188293457 4.16818785667419 4.60554671287537 7.27648837864399 6.41608386380332 5.39144737379892 3.3017692565918 5.62917923927307 6.80472203663417 14.3274202729664 -9999 -9999 -9999 -9999 -9999 -9999 -9999 -9999
2.48329049348831 2.30933332443237 2.30245721340179 2.20566004514694 2.16765600442886 2.13637357950211 2.14326220750809 2.00068724155426 2.03201025724411 1.90417724847794 1.7348610162735 1.70394605398178 1.72555196285248 1.82345545291901 1.89498156309128 2.1546773314476 1.80250507593155 1.69003647565842 1.87230080366135 1.95716017484665 2.11369425058365 2.45764803886414 2.73597604036331 2.49224245548248 2.65965592861176 2.58292347192764 2.48098200559616 2.2838768362999 2.07600528001785 2.24586832523346 2.06401723623276 2.00087553262711 1.93112325668335 1.70056200027466 1.73539280891418 1.90970546007156 1.9647045135498 1.79784071445465 1.76438623666763 1.89429527521133 2.08224892616272 2.20390802621841 2.97859346866608 3.39032685756683 4.35202288627625 5.17392361164093 5.2151985168457 7.73331655712303 6.85076665878296 11.151994228363 5.46347451210022 4.64940226078033 9.83293569087982 -9999 -9999 -9999 -9999 -9999 -9999 -9999 -9999 -9999
2.69966930150986 2.47023904323578 2.37796944379807 2.31658279895782 2.2616708278656 2.22258746623993 2.13824701309204 2.06220155954361 1.96629524230957 2.21119791269302 2.11704969406128 1.62268567085266 1.53470331430435 1.60160708427429 1.68416333198547 1.6538497209549 1.70610827207565 1.74908030033112 1.75713300704956 2.02247929573059 2.321344435215 2.66053801774979 2.61130267381668 2.64895498752594 2.32919096946716 2.47458744049072 2.14672046899796 2.03188419342041 1.6583354473114 1.90469098091125 2.15993392467499 2.03998643159866 1.85345095396042 1.79091757535934 1.67955672740936 1.70441329479218 1.68229794502258 1.8321944475174 2.05775767564774 2.14664393663406 2.38351875543594 2.69694757461548 3.36556935310364 3.87207162380219 4.46863639354706 4.37498474121094 5.89523935317993 6.30720216035843 7.85639476776123 9.78232026100159 12.5597906112671 6.73969727754593 45.5403340381125 -9999 -9999 -9999 -9999 -9999 -9999 -9999 -9999 -9999
-9999 2.52527373177665 2.26815056800842 3.34764611721039 3.27854919433594 2.8401637673378 2.54799449443817 2.27458941936493 2.20725291967392 2.00365805625916 1.95079278945923 1.8197985291481 2.04730492830276 1.9925594329834 1.89004129171371 1.45046246051788 1.97367972135544 1.8385716676712 2.10961425304413 2.27982008457184 2.54574680328369 2.51031517982483 2.46370357275009 2.55084979534149 2.40084224939346 2.12867474555969 2.06418228149414 1.95246827602386 1.87186270952225 1.65298801660538 1.99642199277878 2.07686930894852 1.82702779769897 1.77841347455978 2.03806203603745 1.9844189286232 1.5965182185173 1.51764446496964 1.7543009519577 1.99182003736496 2.62502020597458 3.00132358074188 3.54179763793945 4.36076688766479 5.09901988506317 -9999 7.5505678653717 7.35045862197876 7.62745571136475 10.0479381680489 12.606677117555 30.1038060188293 44.8627564803414 36.511313029698 -9999 -9999 -9999 -9999 -9999 -9999 -9999 -9999
-9999 -9999 -9999 -9999 -9999 2.28387522697449 2.89293068647385 3.08459186553955 2.82833325862885 2.19639158248901 1.81818526983261 2.02481925487518 1.9376648068428 2.03817898035049 1.77512401342392 1.68143999576569 1.6329653263092 2.32610321044922 2.34895491600037 2.50496470928192 2.31949800252914 2.33620798587799 2.19359403848648 2.15748524665833 2.37602251768112 1.90398377180099 1.83842843770981 1.82712382078171 1.80152016878128 1.69663345813751 1.77431702613831 1.83183377981186 1.72449374198914 1.77013653516769 2.08371233940125 2.25975304841995 1.93391025066376 1.71723067760468 1.80938851833344 2.29031091928482 3.69016492366791 3.88395309448242 4.58652377128601 6.87263488769531 5.81047511100769 28.3939119704719 -9999 -9999 -9999 -9999 48.779571056366 40.3029623398414 42.1151931469257 -9999 -9999 -9999 -9999 -9999 -9999 -9999 -9999 -9999
-9999 -9999 -9999 -9999 -9999 -9999 -9999 -9999 3.66438210010529 3.29945397377014 2.42402780056 2.02114498615265 2.00408774614334 1.9529430270195 1.90613704919815 1.61036324501038 1.58174479007721 1.9256939291954 2.18364071846008 2.21247678995132 2.16248095035553 1.93066281080246 1.87797367572784 1.99097245931625 1.9282214641571 2.07714307308197 1.86550641059875 1.69057506322861 1.69921123981476 1.80113768577576 2.09687769412994 2.06619894504547 1.92287707328796 1.95732754468918 2.07927596569061 1.74892795085907 1.68031650781631 1.64798694849014 1.72768127918243 5.46657764911652 8.00076627731323 6.85811519622803 6.07161784172058 10.3195624351501 18.7907820224762 29.0682649612427 -9999 -9999 -9999 -9999 17.548882484436 21.0645706373103 41.8835638893975 29.9853719472885 49.6459550857544 19.0417837375818 -9999 -9999 -9999 -9999 -9999 -9999
-9999 -9999 -9999 -9999 -9999 -9999 -9999 -9999 -9999 -9999 2.56957125663757 2.09012621641159 2.1216037273407 1.98001796007156 1.85686504840851 1.83160579204559 1.41118571162224 1.5417053103447 1.78080224990845 2.05493170022964 2.17736631631851 1.86997121572495 1.68576067686081 1.90211552381516 1.87112993001938 1.88424217700958 1.92666292190552 1.89650183916092 1.6841025352478 1.96644526720047 1.96182525157928 1.9546964764595 1.80343419313431 1.92922192811966 1.80387443304062 1.55022901296616 1.65054523944855 1.7663556933403 2.21183627843857 2.74784177541733 8.82728004455566 9.12478137016296 8.03546833992004 6.88182592391968 16.4887281355349 -9999 -9999 -9999 -9999 -9999 -9999 -9999 5.66357678174973 13.5250468254089 43.1134028434753 28.1300942420959 10.8786277770996 -9999 -9999 -9999 -9999 -9999
-9999 -9999 -9999 -9999 -9999 -9999 -9999 -9999 -9999 4.3704868555069 2.49563848972321 2.42381322383881 2.21460592746735 2.03080272674561 1.66976702213287 1.77622658014297 1.73749870061874 1.81849944591522 1.70098882913589 1.7357137799263 1.77970433235168 1.89396446943283 1.74328941106796 1.84581077098846 1.91095501184464 1.80818545818329 1.82521122694016 1.89434319734573 1.82005494832993 1.97256141901016 1.92126971483231 1.88251501321793 1.88181602954865 1.88009476661682 1.74880492687225 1.67997443675995 1.77297967672348 2.18084317445755 2.94155842065811 2.85563921928406 3.10036182403564 6.75655031204224 10.3570468425751 6.0085723400116 32.2889800661976 33.0447750091553 -9999 -9999 -9999 16.1349316510287 18.3783180713654 14.122545003891 13.6253271102905 18.058030128479 20.6198086738586 17.5872344970703 -9999 -9999 -9999 -9999 -9999 -9999
-9999 -9999 -9999 -9999 -9999 -9999 -9999 -9999 -9999 -9999 2.79609382152557 2.4403994679451 2.14686530828476 2.23979169130325 2.2649062871933 2.11347752809525 2.3079337477684 2.38879644870758 1.80550342798233 1.4690700173378 1.5764234662056 1.62407845258713 1.6909162402153 1.67745816707611 1.79612016677856 1.74236780405045 1.73423248529434 1.69873648881912 1.77437245845795 1.82410794496536 1.88133072853088 1.8530393242836 1.79843777418137 1.69050443172455 1.62594223022461 1.61229157447815 1.62754493951797 1.80677998065948 3.02635288238525 3.42064654827118 4.17624664306641 4.46898150444031 8.87383317947388 9.86331939697266 9.86387937624478 -9999 -9999 -9999 -9999 -9999 29.6693429946899 23.2758314609528 20.8098528385162 16.2237339019775 26.8550462722778 -9999 -9999 -9999 -9999 -9999 -9999 -9999
-9999 -9999 -9999 -9999 -9999 -9999 -9999 -9999 -9999 3.67937564849854 3.7860689163208 2.71048200130463 2.15570104122162 2.52642595767975 2.93434649705887 2.77591949701309 2.69234472513199 2.58225452899933 1.92728698253632 1.43171846866608 1.47363451123238 1.49341803789139 1.45091021060944 1.51745849847794 1.61595904827118 1.59350019693375 1.57059305906296 1.48325622081757 1.52543020248413 1.61105096340179 1.83534300327301 1.98433578014374 1.87775552272797 1.82679444551468 1.74716699123383 1.61271983385086 1.59855741262436 2.02777129411697 2.97727507352829 3.68541526794434 3.91046833992004 4.99993407726288 5.66363310813904 5.95075723268453 3.86466658115387 -9999 -9999 -9999 -9999 -9999 18.6619710649763 33.4308364391327 23.3428430557251 -9999 -9999 -9999 -9999 -9999 -9999 -9999 -9999 -9999
-9999 -9999 -9999 -9999 -9999 -9999 -9999 -9999 -9999 3.92801678180695 4.54128670692444 3.9390059709549 3.66970360279083 3.3113340139389 3.17607665061951 3.05982542037964 2.57573622465134 2.10323399305344 1.6950164437294 1.68828374147415 1.52643674612045 1.48668676614761 1.49754229187965 1.51328694820404 1.51555198431015 1.47839999198914 1.38184878230095 1.32209104299545 1.4171159863472 1.67804843187332 1.83966225385666 1.8836624622345 1.92091798782349 1.78559553623199 1.62132668495178 1.63758981227875 2.02236378192902 2.25645822286606 2.2857683300972 2.315185546875 3.43146371841431 4.90392673015594 6.24254894256592 13.0392210911779 3.86466693878174 -9999 -9999 -9999 -9999 12.1949715614319 -9999 -9999 -9999 -9999 -9999 -9999 -9999 -9999 -9999 -9999 -9999 -9999
-9999 -9999 -9999 -9999 -9999 -9999 -9999 -9999 -9999 4.50285887718201 4.12970924377441 3.62564849853516 3.41197657585144 3.27575039863586 3.36206459999084 2.87225782871246 2.32327795028687 1.96376931667328 2.03748750686646 1.90712857246399 1.67615854740143 1.56779479980469 1.51664024591446 1.54148018360138 1.48850628733635 1.38311174511909 1.3282650411129 1.28145226836205 1.40783026814461 1.50033742189407 1.51250392198563 1.57455593347549 1.73529303073883 1.62553882598877 1.56434851884842 1.9095134139061 3.04101312160492 2.54389125108719 2.55790883302689 2.87828475236893 3.62468111515045 3.58947014808655 7.89134294336492 -9999 -9999 -9999 -9999 -9999 -9999 -9999 -9999 -9999 -9999 -9999 -9999 -9999 -9999 -9999 -9999 -9999 -9999 -9999
-9999 -9999 -9999 -9999 -9999 -9999 -9999 -9999 -9999 4.3863068819046 3.99111092090607 3.68086123466492 3.41684031486511 3.28250777721405 3.33087301254272 3.09727871417999 2.28947997093201 2.07147145271301 2.26610630750656 1.97336483001709 1.84069722890854 1.76306408643723 1.63488829135895 1.60035967826843 1.5370956659317 1.48871478438377 1.41620922088623 1.51860594749451 1.54987120628357 1.51467382907867 1.49812272191048 1.69566607475281 1.98175424337387 1.99594044685364 1.9258080124855 2.34864753484726 2.88780605792999 2.78146201372147 2.70359033346176 2.99661898612976 3.40563583374023 9.04275626089515 3.68726363957646 -9999 -9999 -9999 -9999 -9999 -9999 -9999 -9999 -9999 -9999 -9999 -9999 -9999 -9999 -9999 -9999 -9999 -9999 -9999
-9999 -9999 -9999 -9999 -9999 -9999 -9999 3.28386068344116 3.83441627025604 3.94463038444519 3.99970865249634 3.36759066581726 3.33850514888763 3.11258697509766 2.91876822710037 2.69471544027328 2.29064619541168 2.17193627357483 2.29524832963943 2.05487251281738 1.96824449300766 1.82404947280884 1.65378302335739 1.60918807983398 1.59947544336319 1.51939058303833 1.68322795629501 1.70430600643158 1.71483081579208 1.75858050584793 1.81668144464493 2.52007269859314 2.79727274179459 2.67037117481232 2.46846145391464 2.95115625858307 3.01705956459045 2.92416000366211 2.83601707220078 3.04987514019012 6.29109842916137 5.69786846637726 3.25656187534332 -9999 -9999 -9999 -9999 -9999 -9999 -9999 -9999 -9999 -9999 -9999 -9999 -9999 -9999 -9999 -9999 -9999 -9999 -9999
-9999 -9999 -9999 -9999 -9999 -9999 4.28519010543823 4.40904450416565 4.31171321868896 3.95136737823486 3.72182035446167 3.51051163673401 3.53152656555176 3.18008995056152 2.87934154272079 2.80882054567337 2.28329694271088 2.11027801036835 2.15843242406845 2.04944622516632 1.9904528260231 1.78705716133118 1.54505467414856 1.50429224967957 1.57536292076111 1.67483550310135 2.14716517925262 2.21815198659897 2.29157996177673 2.38109922409058 2.47080373764038 2.81507778167725 3.11164033412933 3.14103591442108 3.06938767433167 3.02477037906647 3.08231234550476 3.36100566387177 3.23817837238312 -9999 -9999 -9999 -9999 -9999 -9999 -9999 -9999 -9999 -9999 -9999 -9999 -9999 -9999 -9999 -9999 -9999 -9999 -9999 -9999 -9999 -9999 -9999
-9999 -9999 -9999 -9999 3.86440638701121 4.04586117267609 3.86005544662476 3.60446906089783 3.68743944168091 3.51902711391449 3.47803366184235 3.4717093706131 3.5310652256012 3.04145622253418 2.82018220424652 2.71305298805237 2.43319952487946 2.3117099404335 2.21461433172226 2.01836174726486 1.8804389834404 1.63413602113724 1.56569766998291 1.56739354133606 1.70475679636002 2.06243401765823 2.42371505498886 2.60394144058228 2.77011752128601 2.89136248826981 3.12612676620483 3.17312407493591 3.20226466655731 3.2626326084137 3.21280860900879 3.42498672008514 3.26774382591248 10.3622407966785 -9999 -9999 -9999 -9999 -9999 -9999 -9999 -9999 -9999 -9999 -9999 -9999 -9999 -9999 -9999 -9999 -9999 -9999 -9999 -9999 -9999 -9999 -9999 -9999
-9999 -9999 -9999 -9999 4.01590132713318 4.0866627395153 4.42466640472412 4.40440785884857 3.34415173530579 2.9300782084465 2.91181129217148 3.30902552604675 3.19221532344818 2.63241827487946 2.43778055906296 2.35846799612045 2.26873791217804 1.99771732091904 2.0400652885437 1.97945702075958 1.8310312628746 1.74544948339462 1.79374730587006 1.81259393692017 1.91149574518204 2.43714451789856 2.72427678108215 2.85383856296539 2.91729158163071 2.9920642375946 3.25714945793152 3.31237649917603 3.2349271774292 3.13907539844513 3.51271712779999 4.05421042442322 4.93181705474854 -9999 -9999 -9999 -9999 -9999 -9999 -9999 -9999 -9999 -9999 -9999 -9999 -9999 -9999 -9999 -9999 -9999 -9999 -9999 -9999 -9999 -9999 -9999 -9999 -9999
-9999 5.22037226927347 4.11814427375793 5.42258019447327 3.86884038448334 3.51030886173248 3.86589288711548 3.87895560264587 3.39400041103363 2.86081802845001 2.57482945919037 2.74591130018234 2.59595096111298 1.88991379737854 1.61621099710464 1.77030158042908 2.04433053731918 2.10532808303833 2.02546799182892 1.79383724927902 1.72102349996567 1.96586626768112 2.03705316781998 2.08869820833206 2.15751832723618 2.55230176448822 2.7657698392868 2.88224405050278 2.94487130641937 3.04608821868896 3.16805040836334 3.13569688796997 3.18964505195618 4.14074921607971 3.92826747894287 -9999 -9999 -9999 -9999 -9999 -9999 -9999 -9999 -9999 -9999 -9999 -9999 -9999 -9999 -9999 -9999 -9999 -9999 -9999 -9999 -9999 -9999 -9999 -9999 -9999 -9999 -9999
3.68372780465065 4.07737014974867 4.00915489196777 3.66096138954163 3.79473888874054 3.8611296415329 3.67075431346893 3.44130599498749 3.33721268177032 3.35971033573151 2.64794325828552 2.38954567909241 1.8055454492569 1.40862527489662 1.44563779234886 1.62455177307129 2.0084924697876 1.86489683389664 1.83920627832413 1.90893906354904 2.25276517868042 2.37455016374588 2.41141802072525 2.42811816930771 2.53543943166733 2.71388322114944 2.88175731897354 2.91506552696228 2.92177283763885 2.98497676849365 3.01782810688019 3.1206396818161 3.47897708415985 -9999 -9999 -9999 -9999 -9999 -9999 -9999 -9999 -9999 -9999 -9999 -9999 -9999 -9999 -9999 -9999 -9999 -9999 -9999 -9999 -9999 -9999 -9999 -9999 -9999 -9999 -9999 -9999 -9999
4.3697244822979 5.395956158638 4.37768912315369 4.13414239883423 3.70651280879974 3.72569167613983 3.7044163942337 3.4285626411438 3.45592510700226 2.69240033626556 2.2855589389801 2.11611753702164 1.92483830451965 1.43661448359489 1.53443026542664 1.92592495679855 1.79477852582932 1.77553349733353 1.99258571863174 2.1601881980896 2.56563824415207 2.72786396741867 2.76166266202927 2.72940444946289 2.87073147296906 2.96338498592377 3.07372641563416 3.10044980049133 3.01896464824677 3.03209710121155 3.13261950016022 3.41391062736511 3.71056866645813 7.09925500970138 13.8644046141551 3.48978137969971 -9999 -9999 -9999 -9999 -9999 -9999 -9999 -9999 -9999 -9999 -9999 -9999 -9999 -9999 -9999 -9999 -9999 -9999 -9999 -9999 -9999 -9999 -9999 -9999 -9999 -9999
4.50756990909576 4.12347435951233 3.76903259754181 4.09459125995636 3.73538410663605 3.54183161258698 3.34582722187042 3.08474314212799 2.81246548891068 2.15371280908585 1.96350073814392 1.88723480701447 1.63962078094482 1.6129013299942 1.65917247533798 1.62032407522202 1.66707301139832 1.78320533037186 2.08466327190399 2.16010200977325 2.48550742864609 2.55861067771912 2.59412258863449 2.76706802845001 2.89798271656036 2.95711719989777 3.01059436798096 2.98158144950867 3.18372452259064 3.35840034484863 3.90739228175237 -9999 -9999 -9999 -9999 -9999 -9999 -9999 -9999 -9999 -9999 -9999 -9999 -9999 -9999 -9999 -9999 -9999 -9999 -9999 -9999 -9999 -9999 -9999 -9999 -9999 -9999 -9999 -9999 -9999 -9999 -9999
3.85702049732208 3.86598837375641 3.86016976833344 4.18286311626434 4.17674481868744 3.78543090820312 3.93073868751526 3.42936444282532 3.65931236743927 2.7083768248558 1.98337733745575 1.82148671150208 1.69099652767181 1.42002448439598 1.54925394058228 1.66338747739792 1.78156793117523 1.89787423610687 2.01829952001572 2.35485219955444 2.52221632003784 2.67599326372147 2.7543089389801 2.7603771686554 3.16558957099915 3.28907239437103 3.5298718214035 3.50765025615692 3.9240825176239 3.82475101947784 3.94820415973663 3.42449748516083 -9999 -9999 -9999 -9999 -9999 -9999 13.3135442733765 12.6942715644836 -9999 -9999 -9999 -9999 -9999 -9999 -9999 -9999 -9999 -9999 -9999 -9999 -9999 -9999 -9999 -9999 -9999 -9999 -9999 -9999 -9999 -9999
4.30234730243683 4.27816414833069 4.24908828735352 4.97332441806793 3.85294783115387 4.22516745328903 3.8815358877182 3.46316993236542 2.91687816381454 2.55423974990845 1.93691557645798 1.44483223557472 1.42590147256851 1.53540372848511 1.55286526679993 1.68327677249908 1.93240731954575 2.03826302289963 2.44095075130463 2.56957197189331 2.70662248134613 2.8093838095665 2.85357141494751 2.8794322013855 2.97971552610397 3.17310011386871 3.55265164375305 4.10921931266785 4.01889359951019 4.12375509738922 4.94288439499704 3.42093944549561 -9999 -9999 -9999 -9999 -9999 -9999 -9999 -9999 -9999 -9999 -9999 -9999 -9999 -9999 -9999 -9999 -9999 -9999 -9999 -9999 -9999 -9999 -9999 -9999 -9999 -9999 -9999 -9999 -9999 -9999
-9999 -9999 -9999 -9999 -9999 3.40327375813534 3.58116459846497 2.94125247001648 2.52102148532867 1.90760403871536 1.28403371572495 1.4252624809742 1.52768325805664 1.55628830194473 1.65135526657104 1.8371490240097 2.01908630132675 2.31674695014954 2.43773621320724 2.64064192771912 2.74669200181961 2.8170382976532 2.8480281829834 3.20701575279236 3.0378585755825 2.69747319817543 -9999 -9999 -9999 -9999 -9999 -9999 -9999 -9999 -9999 -9999 -9999 -9999 -9999 -9999 -9999 -9999 -9999 -9999 -9999 -9999 -9999 -9999 -9999 -9999 -9999 -9999 -9999 -9999 -9999 -9999 -9999 -9999 -9999 -9999 -9999 -9999
-9999 -9999 -9999 -9999 -9999 -9999 2.75483769178391 2.34137016534805 1.97365647554398 1.48687353730202 1.42664247751236 1.52168852090836 1.65032923221588 1.90603941679001 2.0972895026207 2.27812045812607 2.35436171293259 2.50810807943344 2.81298816204071 3.15759515762329 3.2645001411438 3.09313488006592 3.04184854030609 2.61780059337616 -9999 -9999 -9999 -9999 -9999 -9999 -9999 -9999 -9999 -9999 -9999 -9999 -9999 -9999 -9999 -9999 -9999 -9999 -9999 -9999 -9999 -9999 -9999 -9999 -9999 -9999 -9999 -9999 -9999 -9999 -9999 -9999 -9999 -9999 -9999 -9999 -9999 -9999
