EcologicalScience/Bass/data/rs_data_bass/chl_217.asc
NCOLS 226 
NROWS 124 
XLLCORNER -9.41648524995501 
YLLCORNER 47.587301625531 
CELLSIZE 0.0833 
NODATA_value -9999 
[rows 54 to 80 of 124, columns 0 to 61 of 226]
-9999 -9999 -9999 -9999 -9999 -9999 -9999 -9999 -9999 -9999 -9999 -9999 -9999 -9999 -9999 -9999 -9999 -9999 -9999 -9999 -9999 -9999 -9999 -9999 -9999 -9999 -9999 -9999 -9999 -9999 -9999 -9999 -9999 -9999 -9999 -9999 -9999 -9999 4.87131658184576 2.89281445741653 2.61189383268356 2.25014698505402 1.94992053508759 1.53070056438446 1.4581792652607 1.40762400627136 1.35626775026321 1.17704996466637 1.03046849370003 0.926910728216171 0.965054243803024 0.959779500961304 1.25670674443245 1.54135501384735 1.72816801071167 1.81525647640228 1.94021844863892 2.16461992263794 -9999 0.607058599591255 0.62790758907795 1.68713984411696
-9999 -9999 -9999 -9999 -9999 -9999 -9999 -9999 -9999 -9999 -9999 -9999 -9999 -9999 -9999 -9999 -9999 -9999 -9999 -9999 -9999 -9999 -9999 -9999 -9999 -9999 -9999 -9999 -9999 -9999 -9999 -9999 -9999 -9999 -9999 -9999 -9999 -9999 -9999 2.90993392467499 2.76886278390884 2.44315874576569 2.06262302398682 2.05507582426071 1.58678394556046 1.40561699867249 1.22019374370575 1.09844925999641 1.14617246389389 0.918656229972839 0.918158233165741 0.942439466714859 1.25707948207855 1.77367955446243 1.86835044622421 1.92210531234741 1.95509701967239 -9999 -9999 -9999 -9999 -9999
-9999 -9999 -9999 -9999 -9999 -9999 -9999 -9999 -9999 -9999 -9999 -9999 -9999 -9999 -9999 -9999 -9999 -9999 -9999 -9999 -9999 -9999 -9999 -9999 -9999 -9999 -9999 -9999 -9999 -9999 -9999 -9999 -9999 -9999 -9999 -9999 -9999 -9999 -9999 -9999 2.44876044988632 2.39805525541306 2.15350645780563 2.08483278751373 2.03393858671188 1.55276852846146 1.46484598517418 1.34268522262573 1.22730150818825 1.08009302616119 0.942516714334488 1.08427047729492 1.51247477531433 1.63687348365784 1.82326197624207 1.7636541724205 1.86052197217941 1.70969241857529 1.85692352056503 -9999 -9999 -9999
-9999 -9999 -9999 -9999 -9999 -9999 -9999 -9999 -9999 -9999 -9999 -9999 -9999 -9999 -9999 -9999 -9999 -9999 -9999 -9999 -9999 -9999 -9999 -9999 -9999 -9999 -9999 -9999 -9999 -9999 -9999 -9999 -9999 -9999 -9999 -9999 -9999 -9999 -9999 -9999 2.60672181844711 2.44706332683563 2.33451229333878 2.2610228061676 2.17544174194336 1.93549346923828 1.59391343593597 1.68799048662186 1.46798247098923 1.17549526691437 0.919259995222092 1.02756151556969 1.30341750383377 1.26159596443176 1.48598098754883 1.41047698259354 1.45149600505829 1.57105654478073 1.80809247493744 16.1901082992554 3.82311028242111 -9999
-9999 -9999 -9999 -9999 -9999 -9999 -9999 -9999 -9999 -9999 -9999 -9999 -9999 -9999 -9999 -9999 -9999 -9999 -9999 -9999 -9999 -9999 -9999 -9999 -9999 -9999 -9999 -9999 -9999 -9999 -9999 -9999 -9999 -9999 -9999 -9999 -9999 -9999 -9999 -9999 -9999 2.77025932073593 2.37298732995987 2.39394074678421 2.37150746583939 2.20883631706238 1.78870350122452 1.74230629205704 1.82309317588806 1.38848403096199 1.00101971626282 1.09438499808311 1.09489426016808 1.19381627440453 1.25377348065376 1.30253103375435 1.24527454376221 1.49389654397964 1.52273923158646 1.32963073253632 8.94491446018219 -9999
-9999 -9999 -9999 -9999 -9999 -9999 -9999 -9999 -9999 -9999 -9999 -9999 -9999 -9999 -9999 -9999 -9999 -9999 -9999 -9999 -9999 -9999 -9999 -9999 -9999 -9999 -9999 -9999 -9999 -9999 -9999 -9999 -9999 -9999 -9999 -9999 -9999 -9999 -9999 -9999 -9999 2.76131933927536 2.46564674377441 2.35127466917038 2.18529152870178 1.88201022148132 1.67820453643799 1.51926380395889 1.57661855220795 1.12573197484016 1.06411045789719 1.0519807934761 1.26892653107643 1.45385921001434 1.46798774600029 1.51373255252838 1.49124151468277 1.1813722550869 1.71450304985046 2.0577533705668 -9999 -9999
-9999 -9999 -9999 -9999 -9999 -9999 -9999 -9999 -9999 -9999 -9999 -9999 -9999 -9999 -9999 -9999 -9999 -9999 -9999 -9999 -9999 -9999 -9999 -9999 -9999 -9999 -9999 -9999 -9999 -9999 -9999 -9999 -9999 -9999 -9999 -9999 -9999 -9999 -9999 -9999 2.8026847243309 2.61514717340469 2.38774877786636 1.91289532184601 1.63851821422577 1.49359050393105 1.48519796133041 1.51388400793076 1.43416124582291 1.16343829035759 1.09910103678703 1.13174396753311 1.26168975234032 1.47894904017448 1.50940042734146 1.68696516752243 1.57794070243835 -9999 -9999 3.61000514030457 4.89157283306122 8.30559754371643
-9999 -9999 -9999 -9999 -9999 -9999 -9999 -9999 -9999 -9999 -9999 -9999 -9999 -9999 -9999 -9999 -9999 -9999 -9999 -9999 -9999 -9999 -9999 -9999 -9999 -9999 -9999 -9999 -9999 -9999 -9999 -9999 -9999 -9999 -9999 -9999 -9999 -9999 -9999 2.54955607652664 2.44129800796509 2.23029220104218 1.95614629983902 1.72501194477081 1.43112829327583 1.31676149368286 1.45718398690224 1.36091101169586 1.23164999485016 1.05437627434731 0.946727246046066 0.870879739522934 1.02826353907585 1.45933127403259 1.77912980318069 1.65866929292679 1.85447841882706 1.75370246171951 2.1488361954689 2.38970482349396 2.57027167081833 2.66212731599808
-9999 -9999 -9999 -9999 -9999 -9999 -9999 -9999 -9999 -9999 -9999 -9999 -9999 -9999 -9999 -9999 -9999 -9999 -9999 -9999 -9999 -9999 -9999 -9999 -9999 -9999 -9999 -9999 -9999 -9999 -9999 -9999 -9999 -9999 -9999 -9999 -9999 -9999 -9999 2.54221647977829 2.05020976066589 1.72731971740723 1.48264798521996 1.40289303660393 1.26051825284958 1.13389125466347 1.31693476438522 1.21925622224808 1.01664447784424 0.934537500143051 0.914735287427902 0.952389746904373 1.09647300839424 1.30458900332451 1.53323328495026 1.47341921925545 1.44312223792076 1.43675771355629 1.77806693315506 1.9969596862793 1.95941555500031 2.0589405298233
-9999 -9999 -9999 -9999 -9999 -9999 -9999 -9999 -9999 -9999 -9999 -9999 -9999 -9999 -9999 -9999 -9999 -9999 -9999 -9999 -9999 -9999 -9999 -9999 -9999 -9999 -9999 -9999 -9999 -9999 -9999 -9999 -9999 -9999 -9999 -9999 -9999 -9999 2.64953327178955 2.68710976839066 1.78283929824829 1.30394920706749 1.14478871226311 0.966269999742508 0.964250206947327 1.09172102808952 1.08669599890709 0.964508235454559 0.944784790277481 0.900471746921539 0.898105502128601 0.928225457668304 1.21464604139328 1.20319122076035 1.27419671416283 1.1798602938652 1.18810424208641 1.22658303380013 1.43809720873833 1.64166605472565 1.75372874736786 2.27384251356125
-9999 -9999 -9999 -9999 -9999 -9999 -9999 -9999 -9999 -9999 -9999 -9999 -9999 -9999 -9999 -9999 -9999 -9999 -9999 -9999 -9999 -9999 -9999 -9999 -9999 -9999 -9999 -9999 -9999 -9999 -9999 -9999 -9999 -9999 -9999 -9999 -9999 -9999 2.24687397480011 2.13510829210281 1.64188206195831 1.14164847135544 1.00638896226883 0.875587463378906 0.857427030801773 0.957709461450577 0.889523237943649 0.875378251075745 0.883430242538452 0.863211035728455 0.866103708744049 0.896929532289505 1.1333144903183 1.15788745880127 1.14283347129822 1.09336048364639 1.10768097639084 1.15536975860596 1.19589677453041 1.39720273017883 1.52516555786133 1.82679158449173
-9999 -9999 -9999 -9999 -9999 -9999 -9999 -9999 -9999 -9999 -9999 -9999 -9999 -9999 -9999 -9999 -9999 -9999 -9999 -9999 -9999 -9999 -9999 -9999 -9999 -9999 -9999 -9999 -9999 -9999 -9999 -9999 -9999 -9999 -9999 -9999 -9999 2.12276780605316 2.01554024219513 1.55386644601822 1.18941298127174 1.06650227308273 0.899107486009598 0.831318765878677 0.841687470674515 0.871697992086411 0.839857488870621 0.822941243648529 0.80612701177597 0.83285853266716 0.846447765827179 0.818358778953552 0.789389222860336 0.999196529388428 1.24414324760437 1.10412374138832 1.07258775830269 1.1253907084465 1.20609596371651 1.34782120585442 1.59254103899002 1.74547505378723
-9999 -9999 -9999 -9999 -9999 -9999 -9999 -9999 -9999 -9999 -9999 -9999 -9999 -9999 -9999 -9999 -9999 -9999 -9999 -9999 -9999 -9999 -9999 -9999 -9999 -9999 -9999 -9999 -9999 -9999 -9999 -9999 -9999 -9999 -9999 -9999 -9999 2.10455471277237 1.74452179670334 1.37627702951431 1.13146877288818 1.01743501424789 0.914677530527115 0.807214468717575 0.790493220090866 0.742393478751183 0.772668778896332 0.785889744758606 0.789851993322372 0.817582458257675 0.842480957508087 0.847287029027939 0.709818765521049 1.24690952897072 1.26966002583504 1.2316335439682 1.16998502612114 1.2461017370224 1.35379502177238 1.51149594783783 1.83281779289246 2.15005803108215
-9999 -9999 -9999 -9999 -9999 -9999 -9999 -9999 -9999 -9999 -9999 -9999 -9999 -9999 -9999 -9999 -9999 -9999 -9999 -9999 -9999 -9999 -9999 -9999 -9999 -9999 -9999 -9999 -9999 -9999 -9999 -9999 -9999 -9999 -9999 -9999 2.43163508176804 2.17175406217575 1.76180702447891 1.1253847181797 0.927255034446716 0.862812727689743 0.851374536752701 0.808433264493942 0.702162757515907 0.69174300134182 0.735731989145279 0.790991216897964 0.808572739362717 0.799440711736679 0.818583011627197 0.841615498065948 1.04646071791649 1.30237197875977 1.27336648106575 1.27808922529221 1.2486344575882 1.92839428782463 1.29044777154922 1.75438731908798 2.05281293392181 2.37471145391464
-9999 -9999 -9999 -9999 -9999 -9999 -9999 -9999 -9999 -9999 -9999 -9999 -9999 -9999 -9999 -9999 -9999 -9999 -9999 -9999 -9999 -9999 -9999 -9999 -9999 -9999 -9999 -9999 -9999 -9999 -9999 6.16602873802185 1.40693945476883 -9999 2.10493344068527 2.3918102234602 1.81640015045802 1.46038126945496 1.30376771092415 1.05032846331596 0.782676011323929 0.771915793418884 0.802209734916687 0.842226773500443 0.798557996749878 0.780511468648911 0.823199987411499 0.697817981243134 0.781176030635834 0.81411150097847 0.807738751173019 0.9454665184021 1.02005249261856 1.35240152478218 1.38255751132965 1.52679830789566 1.51206600666046 1.46129921078682 1.78865092992783 2.05616319179535 2.39101266860962 2.59227007627487
-9999 -9999 -9999 -9999 -9999 -9999 -9999 -9999 -9999 -9999 -9999 -9999 -9999 -9999 -9999 -9999 -9999 -9999 -9999 -9999 -9999 -9999 0.346259817481041 1.12770241498947 48.8370780944824 4.61736834049225 18.7877152562141 1.6950711607933 5.97351765632629 1.98863017559052 1.94245648384094 0.824301034212112 2.24972623586655 1.23556271195412 1.37030625343323 1.32503172755241 1.12430629134178 0.985625982284546 0.856558531522751 0.7720987200737 0.752402275800705 0.726926252245903 0.763218015432358 0.797905504703522 0.832796216011047 0.809744238853455 0.834799468517303 0.790188789367676 0.987729728221893 0.984724491834641 0.992578536272049 1.20630303025246 1.42403921484947 1.50169426202774 1.64100444316864 1.66384506225586 1.88115298748016 4.4012066423893 7.35886898812126 -9999 -9999 -9999
-9999 -9999 -9999 -9999 -9999 -9999 -9999 -9999 -9999 -9999 -9999 -9999 -9999 -9999 -9999 -9999 -9999 -9999 -9999 -9999 -9999 -9999 3.59066730737686 18.5504922866821 17.6338262557983 11.108386516571 5.69978392124176 3.91211986541748 1.74569696187973 1.8590601682663 1.50171446800232 0.923322737216949 0.963768035173416 1.091722458601 1.03429797291756 0.964041709899902 0.869085788726807 0.7396380007267 0.788732260465622 0.82635971903801 0.816539973020554 0.703065767884254 0.694488734006882 0.664813488721848 0.619017004966736 0.705833986401558 0.924783736467361 1.06195646524429 1.28221651911736 1.38108596205711 1.45640328526497 1.35314476490021 1.62801146507263 1.74847716093063 1.81729048490524 -9999 -9999 -9999 -9999 -9999 -9999 -9999
-9999 -9999 -9999 -9999 -9999 -9999 -9999 -9999 -9999 -9999 -9999 -9999 -9999 -9999 -9999 -9999 -9999 -9999 -9999 19.406190559268 2.85734707117081 7.17285490036011 6.49045443534851 8.44460105895996 6.3427791595459 2.70276367664337 2.83023530244827 2.40789592266083 1.57298541069031 1.19829377532005 1.16203352808952 1.07818651199341 1.21089452505112 1.22849929332733 0.913192480802536 0.819499522447586 0.73547700047493 0.773764461278915 0.6966652572155 0.641469016671181 0.617330253124237 0.578703001141548 0.565813511610031 0.605645254254341 0.611698508262634 0.780330777168274 1.32702827453613 1.47360822558403 1.55699408054352 1.62348067760468 1.62003600597382 -9999 -9999 -9999 -9999 -9999 -9999 -9999 -9999 -9999 -9999 -9999
-9999 -9999 -9999 -9999 -9999 -9999 -9999 -9999 -9999 -9999 -9999 -9999 -9999 -9999 -9999 -9999 -9999 17.5915789604187 4.19458365440369 13.0890212059021 7.9206690788269 3.26294159889221 2.93254727125168 2.74797749519348 2.53011149168015 1.43297401070595 1.27737602591515 1.17815771698952 0.942980289459229 0.717842996120453 0.701008513569832 0.693164259195328 0.690755993127823 0.698993995785713 0.621738016605377 0.778413712978363 0.859668016433716 0.802985966205597 0.66695474088192 0.562622979283333 0.523341000080109 0.518367737531662 0.5195392370224 0.584438994526863 0.731785520911217 1.00654426217079 1.4491859972477 1.68705296516418 1.64106005430222 1.4082787334919 1.61111998558044 -9999 -9999 -9999 -9999 -9999 -9999 -9999 -9999 -9999 -9999 -9999
-9999 -9999 -9999 -9999 -9999 -9999 -9999 -9999 -9999 -9999 -9999 -9999 -9999 -9999 22.6691966056824 13.3252744674683 13.0795583724976 5.28955185413361 1.57070249319077 1.40052375197411 1.50881767272949 1.68183374404907 1.3388429582119 0.983990997076035 0.822582006454468 0.983094781637192 0.704165250062943 0.730517238378525 0.729476988315582 0.652787268161774 0.68988673388958 0.648060008883476 0.648411020636559 0.700615480542183 0.65445975959301 0.64836448431015 0.646700263023376 0.586132496595383 0.573058515787125 0.53066848218441 0.511226981878281 0.494615256786346 0.501547515392303 0.522580504417419 0.792510777711868 1.03742095828056 1.39255946874619 1.55914199352264 1.55950945615768 1.48778021335602 1.61556529998779 1.82982158660889 -9999 -9999 -9999 -9999 -9999 -9999 -9999 -9999 -9999 -9999
-9999 -9999 -9999 -9999 -9999 -9999 -9999 -9999 -9999 -9999 -9999 2.37448499883924 45.3134651184082 9.85264420509338 4.38106727600098 2.3712757229805 1.3967159986496 0.692292004823685 0.646816492080688 0.680324256420135 0.776196777820587 0.905595034360886 0.930054008960724 0.53873173892498 0.493980020284653 0.510517492890358 0.545310750603676 0.546144738793373 0.541851729154587 0.542576238512993 0.553796231746674 0.600808516144753 0.583630487322807 0.661859259009361 0.562994241714478 0.7982497215271 0.558219730854034 0.565430268645287 0.565012514591217 0.557825982570648 0.493448987603188 0.493599012494087 0.498995259404182 0.639965996146202 0.951913475990295 1.06176227331161 1.20792299509048 1.33932003378868 1.46067076921463 1.4451592862606 2.02017225389895 -9999 -9999 -9999 -9999 -9999 5.65248260844586 14.9257006645203 8.25513410568237 6.00417137145996 5.70996236801147 -9999
-9999 -9999 -9999 -9999 -9999 -9999 -9999 -9999 -9999 15.5435750931501 11.071724653244 12.1970071792603 2.84129172563553 1.93186569213867 1.51741200685501 0.947343707084656 0.733804509043694 0.636002227663994 0.598694980144501 0.574292242527008 0.560781016945839 0.571238994598389 0.528987005352974 0.534279003739357 0.553825512528419 0.497555986046791 0.546921730041504 0.537693008780479 0.489427506923676 0.54230323433876 0.537950232625008 0.542410477995872 0.584877759218216 0.576146230101585 0.565424233675003 0.585247501730919 0.569728508591652 0.573584988713264 0.568512752652168 0.534411728382111 0.490236014127731 0.485789269208908 0.504921734333038 0.559737011790276 0.734016761183739 1.20859497785568 1.28821277618408 1.34003922343254 1.34414103627205 1.46793526411057 1.5315608382225 1.63169467449188 1.79045552015305 2.77483093536506 2.36905342340469 2.36644649505615 2.43446695804596 2.82454133033752 2.98626816272736 3.25116240978241 4.37227499485016 -9999
-9999 -9999 -9999 -9999 -9999 5.17479979991913 37.5993890762329 13.0014510154724 8.21251130104065 4.33221888542175 1.80917626619339 1.17688125371933 1.01145377755165 0.852473258972168 0.739583998918533 0.635754749178886 0.586206749081612 0.573156014084816 0.584503501653671 0.536835014820099 0.515250742435455 0.507342740893364 0.515736758708954 0.527539506554604 0.521178022027016 0.53099325299263 0.504792764782906 0.468439489603043 0.456618770956993 0.54193876683712 0.540531769394875 0.573789730668068 0.576565504074097 0.581626519560814 0.570763483643532 0.566369980573654 0.564814478158951 0.621738731861115 0.579618752002716 0.513006761670113 0.486120745539665 0.476409003138542 0.473203495144844 0.469779744744301 0.55807426571846 0.829497009515762 1.09117045998573 1.20589953660965 1.30676177144051 1.38683921098709 1.56105083227158 1.60517174005508 1.74465072154999 1.81793242692947 1.86001878976822 1.92009973526001 2.05468654632568 2.29810273647308 2.48354172706604 2.75590807199478 2.92328256368637 2.9726602435112
-9999 -9999 -9999 -9999 -9999 4.23253440856934 2.86707901954651 1.87225949764252 1.38174077868462 0.751755774021149 0.662185505032539 0.651838481426239 0.623787000775337 0.602944493293762 0.596570983529091 0.596099227666855 0.567665264010429 0.540164262056351 0.513698995113373 0.483108758926392 0.496908769011497 0.479772761464119 0.48005023598671 0.51552227139473 0.520814269781113 0.494216993451118 0.48750302195549 0.498471021652222 0.469313263893127 0.517102494835854 0.58007325232029 0.60353247821331 0.585950240492821 0.599255248904228 0.558017268776894 0.543685510754585 0.551273256540298 0.55545973777771 0.48794250190258 0.473081991076469 0.469319254159927 0.465731978416443 0.455517008900642 0.439136266708374 0.435585737228394 0.526773735880852 0.902189970016479 1.00349628925323 1.25408551096916 1.39359900355339 1.50012749433517 1.44298875331879 1.36322700977325 1.36570277810097 1.537005007267 1.71928507089615 1.89731705188751 2.00646150112152 2.12928378582001 2.27809649705887 2.48067444562912 2.65761083364487
-9999 -9999 -9999 -9999 -9999 0.933603733778 0.97367924451828 0.754780501127243 0.650972262024879 0.5847397595644 0.615719988942146 0.597222000360489 0.58611524105072 0.572993248701096 0.561944246292114 0.536686509847641 0.4726432710886 0.468966767191887 0.446232005953789 0.448216482996941 0.459111750125885 0.458801999688148 0.492410257458687 0.513173997402191 0.505409270524979 0.490175262093544 0.475951507687569 0.448266729712486 0.437079727649689 0.47343447804451 0.515231251716614 0.580752745270729 0.573130488395691 0.548089519143105 0.539187759160995 0.539573237299919 0.501638978719711 0.486169517040253 0.477744743227959 0.459765002131462 0.444616511464119 0.446671485900879 0.439821749925613 0.41855925321579 0.445299759507179 0.496285513043404 0.525912746787071 0.662886008620262 0.855476975440979 1.06325545907021 1.19685977697372 1.13146421313286 1.08749851584435 1.12269902229309 1.09402352571487 1.14816150069237 1.27586022019386 1.44623771309853 1.58969020843506 2.13025349378586 2.39804023504257 2.4715034365654
-9999 -9999 -9999 -9999 -9999 0.634138494729996 0.627949520945549 0.599478766322136 0.578811004757881 0.541327491402626 0.527779519557953 0.577196270227432 0.528064504265785 0.509691014885902 0.487521752715111 0.451308757066727 0.459328517317772 0.475421994924545 0.485524490475655 0.462247520685196 0.467115014791489 0.461585998535156 0.447907492518425 0.48479850590229 0.487085983157158 0.496079251170158 0.484026744961739 0.442401766777039 0.442224740982056 0.459203258156776 0.464555248618126 0.521027237176895 0.515916019678116 0.528169512748718 0.548534989356995 0.52011077105999 0.512290477752686 0.517930492758751 0.491026505827904 0.466602757573128 0.438569247722626 0.437332481145859 0.445482015609741 0.402616515755653 0.451755747199059 0.481292232871056 0.471094518899918 0.544605016708374 0.580388993024826 0.670575767755508 0.742904260754585 0.868640273809433 0.891913533210754 0.837867736816406 0.914894968271255 1.09601846337318 1.17804300785065 1.329470962286 1.51760172843933 2.23679620027542 2.65589028596878 2.79138672351837
-9999 -9999 -9999 -9999 -9999 0.604989767074585 0.576707258820534 0.57533848285675 0.561389252543449 0.530941486358643 0.510984018445015 0.488873988389969 0.466725021600723 0.462408766150475 0.468198761343956 0.486906006932259 0.483600005507469 0.473585978150368 0.470929518342018 0.468940481543541 0.451085239648819 0.435075759887695 0.42033751308918 0.436580255627632 0.474393770098686 0.466144502162933 0.466398730874062 0.473478019237518 0.461723238229752 0.455514013767242 0.472266018390656 0.499590754508972 0.510058522224426 0.525006741285324 0.546847522258759 0.546112507581711 0.539427772164345 0.503444999456406 0.490052998065948 0.485890477895737 0.440543979406357 0.442029744386673 0.434109762310982 0.413244768977165 0.435185998678207 0.441468760371208 0.448833748698235 0.475246489048004 0.555710256099701 0.530196771025658 0.53404127061367 0.544429510831833 0.805798530578613 0.860299497842789 1.10284504294395 1.30882796645164 1.09155821800232 1.44755101203918 1.54151022434235 1.83155250549316 2.78244906663895 2.81672930717468
