EcologicalScience/Bass/data/rs_data_bass/chl_264.asc
NCOLS 226 
NROWS 124 
XLLCORNER -9.41648524995501 
YLLCORNER 47.587301625531 
CELLSIZE 0.0833 
NODATA_value -9999 
[rows 54 to 80 of 124, columns 124 to 185 of 226]
1.56765443086624 1.51927506923676 1.71217346191406 1.76472902297974 1.57561200857162 1.29723671078682 1.16352447867393 1.178371489048 1.24053078889847 1.38357979059219 1.42331546545029 1.2430462539196 1.12375724315643 1.0040790438652 1.12057954072952 1.47682195901871 1.28210699558258 1.35401397943497 1.06238847970963 1.25462928414345 1.54677146673203 1.80630004405975 2.06191349029541 2.17650747299194 2.1094177365303 2.26535403728485 1.82812240719795 2.33928966522217 1.93810481146762 1.9732286632061 2.03902244567871 2.0577649474144 2.2569568157196 2.17432999610901 2.10648268461227 2.08511191606522 2.06106895208359 2.14687299728394 2.28404480218887 2.11803621053696 1.93312901258469 1.86207020282745 1.97463274002075 1.77695125341415 1.66308832168579 1.8745191693306 2.04071229696274 2.19616430997849 3.44858157634735 2.70648300647736 2.68726658821106 5.96695621013641 6.27658981084824 7.74835923622394 5.43458640575409 4.24782764911652 4.54230809211731 6.70168089866638 14.7710309028625 14.7787929541313 6.2303087882653 -9999
1.75295466184616 1.54478931427002 1.59246307611465 1.57840722799301 1.70199519395828 1.46396398544312 1.33881747722626 1.60755372047424 1.40141853690147 1.3268249630928 1.42204427719116 1.2317827641964 1.1562967300415 1.23233699798584 1.38485249876976 1.42852574586868 1.6433624625206 1.40842804312706 1.27864426374435 1.45734223723412 1.4475180208683 1.54530966281891 1.84221670031548 1.91713160276413 1.91063475608826 1.94072172045708 2.43981152772903 2.16389483213425 2.02418366074562 2.08787314295769 2.26660035337721 2.20054417848587 2.24828326702118 1.79064148664474 1.61226367950439 2.74349665641785 2.43702298402786 1.99757796839664 2.11839002370834 1.854496717453 1.77294653654099 1.69695067405701 1.5649026632309 1.91053658723831 1.89068251848221 2.01945894956589 2.19120079278946 2.0603204369545 3.43506610393524 3.8012090921402 3.9114203453064 5.25183911981254 5.77151268979777 8.3106107711792 9.06011004107339 9.84891226233506 10.5720698833466 -9999 -9999 -9999 -9999 -9999
1.61277902126312 1.66122007369995 1.62050396203995 1.62803542613983 1.64648544788361 1.62294977903366 1.50844269990921 1.40242722630501 1.30710151791573 1.38470327854156 1.40488654375076 1.44427049160004 1.47006753087044 1.41960597038269 1.60078507661819 1.9493767619133 1.95307499170303 2.15675783157349 2.48833733797073 1.92925196886063 2.08654052019119 2.42216241359711 2.42714846134186 2.55531072616577 1.96630543470383 2.3471981883049 2.3514112830162 2.49401126409832 2.46173591362803 2.27425646781921 2.27508598566055 2.22141891717911 2.44576680660248 2.05696266889572 1.83669143915176 1.71017324924469 2.53361797332764 2.05287406946483 1.94030827283859 1.82620802051143 1.6679998934269 1.66994404792786 1.76122283935547 1.9832775592804 2.31242769956589 2.41605752706528 2.69602882862091 3.7898826865676 4.17480289936066 3.78554534912109 3.4929975271225 4.10446858406067 4.86047101020813 5.44831359386444 -9999 -9999 -9999 -9999 -9999 -9999 -9999 -9999
1.72086900472641 1.68354374170303 1.70695281028748 1.68049120903015 1.62860548496246 1.68921375274658 1.57119745016098 1.44472950696945 1.31516325473785 1.29653853178024 1.33589628338814 1.53029251098633 1.690070271492 1.73835825920105 1.92701482772827 2.13862198591232 2.18160599470139 2.22386473417282 2.30458116531372 2.38119900226593 2.3982127904892 2.12679380178452 2.46143406629562 2.51141166687012 1.86280918121338 2.05466398000717 2.27118825912476 2.19557624741604 2.09077119827271 2.13310343027115 2.13115131855011 2.09946370124817 2.06239807605743 2.0482177734375 2.26113528013229 2.08428892067501 3.66628932952881 3.36714363098145 1.91678100824356 1.84361547231674 1.8375089764595 1.81510126590729 1.95077097415924 2.18811678886414 2.80537122488022 3.4060310125351 3.56506526470184 6.23470217700398 4.99758942769124 4.60994982719421 5.23271834850311 5.12047362327576 7.27502703666687 -9999 -9999 -9999 -9999 -9999 -9999 -9999 -9999 -9999
2.24180781841278 1.87717133760452 1.86552375555038 1.84025627374649 1.79499757289886 1.88453024625778 1.70723855495453 1.59417074918747 1.27515149116516 1.31353721022606 1.4203342795372 1.54545146226883 1.66328322887421 1.79854041337967 1.92565941810608 2.09353119134903 2.43697875738144 2.39671272039413 2.41347366571426 2.37772500514984 2.42330092191696 2.04120898246765 2.17133170366287 3.16028165817261 3.72244048118591 2.37818981210391 2.08020007610321 1.76766067743301 1.88141173124313 1.95020091533661 1.93018269538879 1.90499246120453 1.73678541183472 1.71636217832565 1.49847972393036 2.08558791875839 2.53246453830174 2.24856787919998 1.74002999067307 1.65535050630569 1.76191198825836 1.96347892284393 2.46100205183029 2.56699132919312 4.4898942232132 6.34142171514445 5.29233311373612 9.25708456635475 5.3852881193161 4.72056663036346 7.73480534553528 33.54762840271 72.6329727172852 -9999 -9999 -9999 -9999 -9999 -9999 -9999 -9999 -9999
-9999 2.28936982154846 2.02591341733932 1.86306971311569 1.50669229030609 1.09336575865746 1.76033252477646 1.82955980300903 1.68033456802368 1.50173324346542 1.31025525927544 1.74361270666122 1.85504704713821 2.02805095911026 2.17290741205215 2.17001473903656 2.41031777858734 2.54661673307419 2.62630426883698 2.56581008434296 2.40138816833496 2.07466346025467 2.7243989109993 2.73171293735504 3.24884784221649 3.61579728126526 2.46289944648743 2.18370670080185 1.65596026182175 1.60711723566055 1.73688894510269 1.7120835185051 1.45715171098709 1.4673832654953 1.91307789087296 1.21588504314423 1.18174427747726 1.3447559773922 1.50033742189407 1.62214583158493 1.77192145586014 1.76723402738571 1.52709299325943 1.45183950662613 3.83533453941345 -9999 9.49522429704666 8.50501608848572 9.67355990409851 4.91395032405853 61.3261086146037 58.4798355102539 61.0037269592285 39.7913512976273 -9999 -9999 -9999 -9999 -9999 -9999 -9999 -9999
-9999 -9999 -9999 -9999 -9999 2.28387522697449 1.46407279372215 1.27827823162079 1.63520032167435 1.66415244340897 1.92795377969742 2.06439220905304 2.1692361831665 2.20165872573853 2.26668155193329 2.41763842105865 2.32766032218933 2.55953693389893 2.61564749479294 2.42309331893921 2.36998128890991 3.29940819740295 3.00959265232086 2.68548381328583 2.72147852182388 2.41229993104935 1.62340879440308 1.65316808223724 1.47364121675491 1.40707352757454 1.3868759572506 1.2718800008297 1.09078797698021 1.07404652237892 0.908423960208893 1.15448704361916 1.20166504383087 1.16562223434448 1.1524949669838 1.21898478269577 1.25897473096848 4.12732400894165 3.12017744779587 4.02210903167725 3.20996117591858 19.6755281501603 -9999 -9999 -9999 -9999 59.2933058738708 47.0010807965253 61.246401650565 21.6157630040095 -9999 -9999 -9999 -9999 -9999 -9999 -9999 -9999
-9999 -9999 -9999 -9999 -9999 -9999 -9999 -9999 1.76228857040405 1.66595846414566 1.86956691741943 1.97995126247406 2.12957918643951 2.29572755098343 2.29701608419418 2.07826280593872 2.10658729076385 2.23563981056213 2.22420144081116 1.93424928188324 2.83743971586227 3.28163623809814 2.86397695541382 1.99661779403687 1.85537552833557 1.87081271409988 1.33127546310425 1.27490624785423 1.25479799509048 1.46705022454262 1.58953499794006 1.29759746789932 1.06867951154709 1.01103222370148 0.954375743865967 1.06547471880913 1.14730802178383 1.27568998932838 1.23536252975464 1.37918025255203 1.06929150223732 1.0993589758873 4.21630625724793 2.07950323820114 7.1735046542721 29.0682649612427 -9999 -9999 -9999 -9999 17.548882484436 47.7648376589236 32.6326659725558 67.8688716888428 64.1044807434082 34.3268624373845 -9999 -9999 -9999 -9999 -9999 -9999
-9999 -9999 -9999 -9999 -9999 -9999 -9999 -9999 -9999 -9999 2.08565926551819 2.08587527275085 2.19384527206421 2.31098091602325 2.42439597845078 1.85587191581726 1.75961029529572 1.90151470899582 1.7353184223175 1.95962691307068 2.52971255779266 2.28304052352905 1.84382253885269 1.71199643611908 1.57548594474792 1.54798579216003 1.34077423810959 1.30746898055077 1.43194422125816 1.58288776874542 1.40108478069305 1.1747804582119 1.16490152478218 1.1430412530899 1.00028702616692 0.975039035081863 1.07194349169731 1.18071895837784 1.33275371789932 1.49289152026176 1.52078622579575 1.43438771367073 4.22392060075487 5.07152330875397 13.4961452976014 -9999 -9999 -9999 -9999 -9999 -9999 -9999 9.78604476117506 34.2187603935599 35.8726177513599 30.0878586173058 10.8786277770996 -9999 -9999 -9999 -9999 -9999
-9999 -9999 -9999 -9999 -9999 -9999 -9999 -9999 -9999 4.3704868555069 2.50268393754959 1.99629682302475 1.78413158655167 1.9880039691925 2.57291704416275 2.14287668466568 1.86152100563049 1.7641350030899 1.57854223251343 1.99744945764542 2.05845755338669 1.81494444608688 1.45108804106712 1.4271300137043 1.13230803608894 1.39628398418427 1.4989972114563 1.46967297792435 1.61527347564697 1.73357033729553 1.30128076672554 1.28549176454544 1.22421151399612 1.2424995303154 1.18136778473854 0.990650206804276 1.06561124324799 1.18566074967384 1.51014447212219 1.58644956350327 2.57080382108688 2.01511716842651 2.8566922545433 6.41421985626221 22.5281730085901 33.0447750091553 -9999 -9999 -9999 15.5739751160145 14.7873081207275 10.2855041027069 10.0182209014893 14.0446729660034 52.9784981182643 49.7410469055176 16.0122632788074 -9999 -9999 -9999 -9999 -9999
-9999 -9999 -9999 -9999 -9999 -9999 -9999 -9999 -9999 -9999 2.88070267438889 2.27114778757095 2.0240775346756 1.94464874267578 3.06185030937195 2.7058972120285 2.48855620622635 2.12946152687073 1.69680744409561 1.9125269651413 1.53853207826614 1.31657552719116 1.34659945964813 1.32904726266861 1.23653474450111 1.4736810028553 1.6380563378334 1.59410333633423 1.50334203243256 1.47511947154999 1.23612973093987 1.28154596686363 1.19396325945854 1.18142178654671 1.10418677330017 0.998616009950638 0.961044788360596 1.08979949355125 1.6988160610199 2.02895772457123 2.48857873678207 2.66262298822403 3.34739184379578 3.6785649061203 8.70135314198374 -9999 -9999 -9999 -9999 -9999 43.4877709282769 19.1276108877999 12.669828414917 10.2577514648438 13.360030072076 -9999 -9999 -9999 -9999 -9999 -9999 -9999
-9999 -9999 -9999 -9999 -9999 -9999 -9999 -9999 -9999 3.67937564849854 2.66111326217651 2.44976770877838 2.27231097221375 2.21176278591156 2.79593771696091 2.80535405874252 2.52676945924759 2.23107755184174 1.68971782922745 1.59068316221237 1.12498426437378 1.07695350050926 1.15850552916527 1.17279151082039 1.53492146730423 1.52039104700089 1.55997079610825 1.38716849684715 1.39954197406769 1.26284703612328 1.20239853858948 1.19408324360847 1.14130648970604 1.05152472853661 1.00403773784637 1.02054896950722 0.955402493476868 1.547103703022 1.90297508239746 2.57939851284027 2.57122492790222 2.86187106370926 3.20441615581512 6.2023432509413 3.86466658115387 -9999 -9999 -9999 -9999 -9999 45.540072923296 41.3470007048713 11.4764803647995 -9999 -9999 -9999 -9999 -9999 -9999 -9999 -9999 -9999
-9999 -9999 -9999 -9999 -9999 -9999 -9999 -9999 -9999 2.8729904294014 2.69899266958237 2.57363480329514 2.56424778699875 2.52973419427872 2.84230345487595 2.53419595956802 2.03296494483948 1.82026791572571 1.46917122602463 1.31989797949791 1.13499221205711 1.11866095662117 1.05308023095131 1.34101948142052 1.43609628081322 1.35476696491241 1.20663222670555 1.11244949698448 1.1803574860096 1.27672120928764 1.21504274010658 1.19384622573853 1.08599245548248 1.11553046107292 1.11287024617195 1.09875753521919 1.15016323328018 1.50434857606888 1.79919147491455 2.00466156005859 2.12714016437531 2.76607882976532 3.06123089790344 10.5502759733246 3.86466693878174 -9999 -9999 -9999 -9999 12.1949715614319 -9999 -9999 -9999 -9999 -9999 -9999 -9999 -9999 -9999 -9999 -9999 -9999
-9999 -9999 -9999 -9999 -9999 -9999 -9999 -9999 -9999 2.95503526926041 2.61889278888702 2.66404205560684 2.88186979293823 2.84843695163727 2.66826742887497 2.2694279551506 1.71080106496811 1.48730099201202 1.33647671341896 1.31543174386024 1.27986377477646 1.27784550189972 1.2549202144146 1.48734900355339 1.58520144224167 1.39153271913528 1.28038197755814 1.17119398713112 1.27111127972603 1.24106624722481 1.11271271109581 1.08061873912811 1.06180348992348 1.06626972556114 1.11509478092194 1.81164199113846 1.65850496292114 1.73158729076385 1.91420316696167 2.16083997488022 2.66382533311844 2.82297903299332 5.41128042420345 -9999 -9999 -9999 -9999 -9999 -9999 -9999 -9999 -9999 -9999 -9999 -9999 -9999 -9999 -9999 -9999 -9999 -9999 -9999
-9999 -9999 -9999 -9999 -9999 -9999 -9999 -9999 -9999 3.14375388622284 3.02111399173737 3.13107883930206 3.19001770019531 2.64336973428726 2.38327199220657 1.94865077733994 1.53766644001007 1.49554279446602 1.41177445650101 1.32762828469276 1.26240223646164 1.39695373177528 1.46752202510834 1.61661672592163 1.55025833845139 1.27683752775192 1.22074502706528 1.1849992275238 1.24148252606392 1.26987147331238 1.05479702353477 1.05572399497032 1.01368725299835 1.63204699754715 1.73294669389725 1.98804366588593 2.04808133840561 2.21346080303192 2.34510523080826 2.29678273200989 3.04088616371155 4.918236914803 9.25562216287636 -9999 -9999 -9999 -9999 -9999 -9999 -9999 -9999 -9999 -9999 -9999 -9999 -9999 -9999 -9999 -9999 -9999 -9999 -9999
-9999 -9999 -9999 -9999 -9999 -9999 -9999 3.28386068344116 2.88793122768402 3.24501657485962 3.30651533603668 3.06299614906311 2.90824645757675 2.15824341773987 2.0775563120842 1.79024773836136 1.56216591596603 1.45568096637726 1.43065649271011 1.42640402913094 1.44875854253769 1.62031495571136 1.57136482000351 1.5812092423439 1.46145370602608 1.36775171756744 1.13446721434593 1.11269626021385 1.13049226999283 1.09787401556969 1.13008126616478 1.50052672624588 1.72321552038193 1.29366973042488 1.42391029000282 2.43130874633789 2.55476331710815 2.61744529008865 2.67755091190338 2.54198241233826 13.9262083195946 5.69786846637726 3.25656187534332 -9999 -9999 -9999 -9999 -9999 -9999 -9999 -9999 -9999 -9999 -9999 -9999 -9999 -9999 -9999 -9999 -9999 -9999 -9999
-9999 -9999 -9999 -9999 -9999 -9999 3.23626577854156 4.00341367721558 3.84716641902924 3.42447137832642 3.16600120067596 3.03065550327301 2.87369853258133 2.17369955778122 2.01402908563614 1.73383569717407 1.53496724367142 1.41220128536224 1.48650527000427 1.65640568733215 1.72382783889771 1.70650792121887 1.51527518033981 1.4272432923317 1.32492595911026 1.24536153674126 1.26034498214722 1.26489374041557 1.30503076314926 1.38749179244041 1.65591728687286 1.66879123449326 1.46406152844429 1.64485949277878 1.95044857263565 2.43917244672775 2.61818772554398 2.94977331161499 3.10107600688934 -9999 -9999 -9999 -9999 -9999 -9999 -9999 -9999 -9999 -9999 -9999 -9999 -9999 -9999 -9999 -9999 -9999 -9999 -9999 -9999 -9999 -9999 -9999
-9999 -9999 -9999 -9999 4.22870791762884 3.40198338031769 3.43249118328094 3.5341215133667 3.16212666034698 3.12224864959717 2.92629218101501 2.9455897808075 2.89188748598099 2.36271303892136 2.0366678237915 1.78056818246841 1.5183277130127 1.51198947429657 1.69833594560623 1.77988797426224 1.66427850723267 1.47665548324585 1.28441771864891 1.17667052149773 1.1899222433567 1.19691520929337 1.40162926912308 1.58915627002716 1.60454767942429 1.72736477851868 2.09356641769409 2.06473356485367 2.07120966911316 2.19872778654099 2.57903927564621 2.49387073516846 2.48388451337814 12.2576493024826 -9999 -9999 -9999 -9999 -9999 -9999 -9999 -9999 -9999 -9999 -9999 -9999 -9999 -9999 -9999 -9999 -9999 -9999 -9999 -9999 -9999 -9999 -9999 -9999
-9999 -9999 -9999 -9999 3.25238084793091 3.14781010150909 3.40143299102783 3.39117515087128 2.90729480981827 2.69947957992554 2.56255495548248 2.75014507770538 2.57464116811752 2.38223630189896 1.99629002809525 1.70611792802811 1.62431699037552 1.60737007856369 1.660520195961 1.50936824083328 1.43984770774841 1.36505404114723 1.26058423519135 1.24469098448753 1.30483049154282 1.59164929389954 1.78105121850967 1.76055371761322 1.83922272920609 2.01534301042557 2.36005121469498 2.51309108734131 2.50456792116165 2.41079843044281 2.95339500904083 2.82441526651382 2.4709746837616 -9999 -9999 -9999 -9999 -9999 -9999 -9999 -9999 -9999 -9999 -9999 -9999 -9999 -9999 -9999 -9999 -9999 -9999 -9999 -9999 -9999 -9999 -9999 -9999 -9999
-9999 34.5012871406598 3.011549949646 2.99092501401901 3.12567615509033 2.93606704473495 3.03812563419342 3.23849701881409 2.92515599727631 2.63765698671341 2.47631406784058 2.28625792264938 2.28713697195053 1.87536603212357 1.60028851032257 1.61122727394104 1.68332916498184 1.62585747241974 1.45971304178238 1.40274077653885 1.37773498892784 1.41275176405907 1.4470499753952 1.41907650232315 1.4514134824276 1.96307247877121 1.90282648801804 1.94745451211929 2.07813441753387 2.61511123180389 2.72621619701385 2.67912071943283 2.75616896152496 2.53839826583862 7.91174679994583 11.3942958712578 -9999 -9999 -9999 -9999 -9999 -9999 -9999 -9999 -9999 -9999 -9999 -9999 -9999 -9999 -9999 -9999 -9999 -9999 -9999 -9999 -9999 -9999 -9999 -9999 -9999 -9999
3.16441655158997 3.09552133083344 3.17753934860229 3.14144611358643 3.16565322875977 3.05940842628479 3.05153167247772 3.39955651760101 2.9600767493248 2.78981620073318 2.47788369655609 2.20322996377945 1.74837005138397 1.59245556592941 1.58634155988693 1.63433772325516 1.75184923410416 1.47576373815536 1.36136475205421 1.42076173424721 1.46341949701309 1.65108901262283 1.81017154455185 1.8268169760704 2.35304617881775 2.10062170028687 2.27267557382584 2.44137597084045 2.56961166858673 2.50837343931198 2.78134882450104 3.09853506088257 3.44929718971252 -9999 -9999 -9999 -9999 -9999 -9999 -9999 -9999 -9999 -9999 -9999 -9999 -9999 -9999 -9999 -9999 -9999 -9999 -9999 -9999 -9999 -9999 -9999 -9999 -9999 -9999 -9999 -9999 -9999
16.6501253518191 2.87910676002502 3.05617797374725 3.22620213031769 3.0252628326416 2.97753077745438 3.2638453245163 3.03307735919952 3.13547766208649 2.81613671779633 2.41987806558609 2.34834891557693 1.9520069360733 1.67403531074524 1.60304778814316 1.9505603313446 1.59775042533875 1.37060102820396 1.42038452625275 1.55152648687363 1.99956750869751 2.11063349246979 2.22054594755173 2.43323546648026 2.4430530667305 2.28325867652893 2.3184569478035 2.26980149745941 2.34282892942429 2.50761669874191 2.88546448945999 3.20267558097839 3.25063562393188 13.0321799424978 7.95164134285667 5.84256352439071 -9999 -9999 -9999 -9999 -9999 -9999 -9999 -9999 -9999 -9999 -9999 -9999 -9999 -9999 -9999 -9999 -9999 -9999 -9999 -9999 -9999 -9999 -9999 -9999 -9999 -9999
3.61786258220673 3.20171999931335 3.1413449048996 3.00990235805511 3.028395652771 2.95982247591019 2.80876046419144 2.85048007965088 2.58572405576706 2.37353771924973 2.39919966459274 2.24114245176315 1.91148895025253 1.76242125034332 1.86303073167801 1.76988458633423 1.42118176817894 1.58481752872467 1.75796395540237 1.99618273973465 2.32201355695724 2.51435101032257 2.71407079696655 2.52590543031693 2.28400576114655 2.20272302627563 2.18340075016022 2.22151279449463 3.10893523693085 3.09350252151489 6.47958168506622 -9999 -9999 -9999 -9999 -9999 -9999 -9999 -9999 -9999 -9999 -9999 -9999 -9999 -9999 -9999 -9999 -9999 -9999 -9999 -9999 -9999 -9999 -9999 -9999 -9999 -9999 -9999 -9999 -9999 -9999 -9999
3.8985561132431 3.52052021026611 3.43628025054932 3.60890328884125 3.21484351158142 3.03055214881897 2.76686328649521 2.67701625823975 2.6457052230835 2.44557899236679 2.23894500732422 1.90665453672409 1.77601200342178 1.79644346237183 1.73101508617401 1.66450953483582 1.72319769859314 1.83074551820755 2.08155083656311 2.55420291423798 2.69373893737793 2.58882147073746 2.50850254297256 2.32771646976471 2.45888167619705 2.51355671882629 2.58409953117371 3.15267813205719 3.40617442131042 3.33259499073029 3.15309512615204 3.9704753557841 -9999 -9999 -9999 -9999 -9999 -9999 28.7300255085105 12.6942715644836 -9999 -9999 -9999 -9999 -9999 -9999 -9999 -9999 -9999 -9999 -9999 -9999 -9999 -9999 -9999 -9999 -9999 -9999 -9999 -9999 -9999 -9999
4.4049346446991 4.26621758937836 3.74776411056519 5.94018530845642 3.7410786151886 5.40344017744064 5.36974012851715 2.89854007959366 2.75845116376877 2.26726341247559 1.99339270591736 2.12155044078827 1.79346907138824 1.65673041343689 1.59910207986832 1.54721242189407 1.83199203014374 2.33738923072815 2.52385282516479 2.67918080091476 2.63821041584015 2.50699192285538 2.63147324323654 2.64626705646515 2.69179344177246 2.87062579393387 2.7301139831543 2.73105454444885 2.91760128736496 2.98060655593872 3.14649492502213 3.42093944549561 -9999 -9999 -9999 -9999 -9999 -9999 -9999 -9999 -9999 -9999 -9999 -9999 -9999 -9999 -9999 -9999 -9999 -9999 -9999 -9999 -9999 -9999 -9999 -9999 -9999 -9999 -9999 -9999 -9999 -9999
-9999 -9999 -9999 -9999 -9999 4.10102922038028 3.28077149391174 3.15114748477936 2.52619206905365 2.15575432777405 2.58498376607895 1.91424071788788 1.65421807765961 1.5697717666626 1.60793924331665 2.0302432179451 2.63065052032471 2.87765407562256 2.78258854150772 2.52711671590805 2.57724899053574 2.60387402772903 2.72925746440887 2.73431932926178 2.637282371521 2.91880903244019 -9999 -9999 -9999 -9999 -9999 -9999 -9999 -9999 -9999 -9999 -9999 -9999 -9999 -9999 -9999 -9999 -9999 -9999 -9999 -9999 -9999 -9999 -9999 -9999 -9999 -9999 -9999 -9999 -9999 -9999 -9999 -9999 -9999 -9999 -9999 -9999
-9999 -9999 -9999 -9999 -9999 -9999 3.26075327396393 2.84437572956085 2.32849431037903 2.2496640086174 2.04472428560257 1.63274699449539 1.64832901954651 1.81341755390167 2.05146896839142 2.79568719863892 3.08549916744232 3.04191219806671 3.07026886940002 2.6653379201889 2.78777325153351 2.97499269247055 2.92318493127823 3.24294611448195 -9999 -9999 -9999 -9999 -9999 -9999 -9999 -9999 -9999 -9999 -9999 -9999 -9999 -9999 -9999 -9999 -9999 -9999 -9999 -9999 -9999 -9999 -9999 -9999 -9999 -9999 -9999 -9999 -9999 -9999 -9999 -9999 -9999 -9999 -9999 -9999 -9999 -9999
