EcologicalScience/Bass/data/rs_data_bass/chl_270.asc
NCOLS 226 
NROWS 124 
XLLCORNER -9.41648524995501 
YLLCORNER 47.587301625531 
CELLSIZE 0.0833 
NODATA_value -9999 
[rows 81 to 107 of 124, columns 62 to 123 of 226]
3.85158455371857 5.97498106956482 7.6620512008667 7.66205191612244 -9999 -9999 -9999 -9999 -9999 -9999 -9999 -9999 -9999 -9999 -9999 -9999 -9999 -9999 -9999 -9999 -9999 -9999 -9999 -9999 -9999 -9999 -9999 -9999 -9999 -9999 -9999 -9999 -9999 -9999 -9999 -9999 -9999 -9999 -9999 -9999 -9999 -9999 -9999 -9999 -9999 -9999 -9999 -9999 -9999 -9999 -9999 -9999 -9999 -9999 -9999 -9999 -9999 -9999 -9999 -9999 -9999 -9999
3.07019496108722 -9999 -9999 -9999 -9999 -9999 -9999 -9999 -9999 -9999 -9999 -9999 -9999 -9999 -9999 -9999 -9999 -9999 -9999 -9999 -9999 -9999 -9999 -9999 -9999 -9999 -9999 -9999 -9999 -9999 -9999 -9999 -9999 -9999 -9999 -9999 -9999 -9999 -9999 -9999 -9999 -9999 -9999 -9999 -9999 -9999 -9999 -9999 -9999 -9999 -9999 -9999 -9999 -9999 -9999 -9999 -9999 -9999 -9999 -9999 -9999 -9999
-9999 -9999 -9999 -9999 -9999 -9999 -9999 -9999 -9999 -9999 -9999 -9999 -9999 -9999 -9999 -9999 -9999 -9999 -9999 -9999 -9999 -9999 -9999 -9999 -9999 -9999 -9999 -9999 -9999 -9999 -9999 -9999 -9999 -9999 -9999 -9999 -9999 -9999 -9999 -9999 -9999 -9999 -9999 -9999 -9999 -9999 -9999 -9999 -9999 -9999 -9999 -9999 -9999 -9999 -9999 -9999 -9999 -9999 -9999 -9999 -9999 -9999
-9999 -9999 -9999 -9999 -9999 -9999 -9999 -9999 -9999 -9999 -9999 -9999 -9999 -9999 -9999 -9999 -9999 -9999 -9999 -9999 -9999 -9999 -9999 -9999 -9999 -9999 -9999 -9999 -9999 -9999 -9999 -9999 -9999 -9999 -9999 -9999 -9999 -9999 -9999 -9999 -9999 -9999 -9999 -9999 -9999 -9999 -9999 -9999 -9999 -9999 -9999 -9999 -9999 -9999 -9999 -9999 -9999 6.85793211630413 2.35391087191445 1.8221932053566 2.52178027413108 1.72985544529828
-9999 -9999 -9999 -9999 -9999 -9999 -9999 -9999 -9999 -9999 -9999 -9999 -9999 -9999 -9999 -9999 -9999 -9999 -9999 -9999 -9999 -9999 -9999 -9999 -9999 -9999 -9999 -9999 -9999 -9999 -9999 -9999 -9999 -9999 -9999 -9999 37.1749906539917 -9999 3.19696876581977 3.29576021916157 -9999 -9999 2.59038254618645 2.12378301620483 2.09137809276581 2.55431568080729 2.42202973365784 2.29619081318378 2.20598816871643 2.53267360650576 1.77241367474198 2.13389034569263 -9999 -9999 -9999 2.02830494367159 2.32008287539849 1.79342633485794 1.67674952745438 1.68055057525635 1.57683051174337 1.7894552900241
-9999 -9999 -9999 -9999 -9999 -9999 -9999 -9999 -9999 -9999 -9999 -9999 -9999 1.49921807917682 1.72117471344331 1.46313651278615 0.996375549584627 1.98035403092702 1.12509450316429 -9999 -9999 -9999 -9999 -9999 -9999 -9999 -9999 -9999 2.23644246423946 2.3001307964325 2.7698150231288 2.69177990693312 -9999 3.66949796676636 -9999 -9999 -9999 -9999 1.89439938618587 1.61785303170864 2.60893852602352 2.27358591556549 1.91755503416061 1.77566331624985 2.10059162703427 2.15681225603277 2.12803811918605 2.02946965260939 1.98721900853244 2.05325818061829 1.9771275978822 2.25250791013241 1.42098900675774 1.79285323619843 1.64260125160217 2.02977976473895 1.88048300417987 1.15589016675949 1.45225121758201 0.945590138435364 0.86684761941433 1.1986766228309
-9999 -9999 -9999 -9999 -9999 -9999 -9999 -9999 -9999 -9999 14.4412449836731 5.20174858570099 1.52278149873018 1.44014117494226 1.40597615763545 1.19012786820531 1.12054188922048 1.15108021348715 1.25389257073402 1.55113310739398 2.93003960743368 -9999 1.72506412491202 2.15274283885956 1.67373759080382 -9999 -9999 1.80242439508438 2.13839518106901 1.87890064716339 2.41246199607849 1.81894708596743 1.88297317578242 1.81333890328041 -9999 -9999 3.20958079853836 2.10665845870972 1.80203986167908 1.3946446031332 2.07275247573853 2.03440117835999 1.78290528059006 1.75445848703384 1.58209133148193 1.76640453934669 1.70939603447914 1.8845644809983 1.77795719016682 1.58303245672813 1.33707749843597 1.16713486611843 1.46569874882698 1.69947565685619 1.41147136688232 1.38011969219555 1.44118198481473 1.46206616813486 0.930478878996589 0.784220859408379 0.802684739232063 0.953725144267082
-9999 -9999 -9999 -9999 -9999 -9999 -9999 -9999 -9999 3.41055043538411 3.59820711612701 2.39106715917587 1.694260597229 1.62781828641891 1.53688097993533 1.52335914596915 1.324880708009 1.266123265028 1.39051953383854 1.2555250780923 1.47274963930249 1.64248459537824 0.997304163873196 2.04461970696082 1.26010210812092 1.34018638730049 2.21367233991623 1.35525298118591 1.37209002673626 2.39423108559388 2.46473393990443 1.53794877231121 1.54745815694332 1.63647009317691 1.97563133789943 2.58383256196976 2.53896296024323 2.46468007564545 2.23988395929337 2.17932593822479 2.01651442050934 1.86759674549103 1.74681901931763 1.63805991411209 1.80823895335197 1.66228511929512 1.67442727088928 1.53753025829792 1.4743840098381 1.08854727447033 0.881160259246826 0.839551135897636 0.834026254713535 0.850846990942955 0.801618613302708 0.74014787375927 0.730599991977215 0.81681901216507 0.798785641789436 0.75976949930191 0.920394495129585 0.895715543856988
-9999 -9999 -9999 -9999 -9999 -9999 -9999 -9999 -9999 2.27035198609034 1.69844317436218 1.47919614116351 1.34134600162506 1.24565917849541 1.16429563164711 1.15680301189423 1.27067596837878 0.854542868211865 0.87222857773304 0.868147686123848 1.43237549492291 1.49924785750253 1.03178010880947 1.03794912993908 1.07313427329063 1.12024526298046 1.31117910146713 1.09002310037613 1.67968386411667 1.6598222213132 1.69840167249952 1.43239185214043 1.4196131080389 1.48438309133053 1.60120886564255 1.94378632307053 1.95922583341599 2.07163792848587 2.17232018709183 2.20880842208862 2.09652573328752 2.04386644638502 1.6372565518726 1.64708621393551 1.71751493215561 1.70455756783485 1.0593633055687 0.96936028278791 0.904307629053409 0.842844685682884 0.802267245948315 0.774391748011112 0.78337001055479 0.775433242321014 0.745197013020515 0.769240111112595 0.776866145431995 0.827313005924225 0.811673775315285 0.834986098110676 0.923970745160029 0.938243095691387
-9999 -9999 -9999 -9999 -9999 -9999 -9999 -9999 1.68843428677526 1.53271003564199 1.34171364704768 1.29671364029249 1.27663360834122 1.13221984108289 1.11720251043638 1.10857439041138 0.851051867008209 0.86542323919443 0.890213769215804 0.868922775754562 1.41431238821575 1.46728081788336 0.946324899792671 0.99288760125637 1.23020263016224 1.32553125917912 1.81042444705963 1.29879675805569 1.36629393696785 2.08375405806762 2.25616892943015 1.12041591107845 2.25362798342338 2.19199424523574 1.7567518055439 1.5656955242157 1.63789343833923 1.75167220830917 1.92151951789856 1.85283744335175 1.46584823727608 1.29467710426876 1.04528367519379 1.11237806081772 1.11442523277723 1.23972935974598 1.07431491521689 1.05095246892709 0.903897656844213 0.867929295851634 0.870908232835623 0.711935251951218 0.711227998137474 0.723035261034966 0.737883746623993 0.764417231082916 0.786234523568835 0.818025214331491 0.885759906126903 0.939070371481089 1.01273886859417 1.07193221151829
2.02727714180946 1.93238121271133 1.14426540434361 1.26278775930405 -9999 -9999 -9999 2.29920021817088 1.85998051166534 1.66472119092941 1.29681866367658 1.18624366732205 1.23944661021233 1.18528531193733 1.22008872628212 1.2245278775692 0.860546886920929 0.851637104382882 0.835213532814613 0.841891098480958 0.818523043623337 0.826861023902893 0.825273173359724 0.828990398691251 0.963562591717793 0.811561241745949 0.800775140523911 0.827137738466263 1.04128800119672 0.811436124145985 0.854562014341354 0.925748407840729 0.848442114889622 0.829568617045879 0.869964614510536 0.893355250358582 1.5482189655304 1.47648373246193 0.922038793563843 1.57011221463864 1.00716408235686 0.964360279696328 0.768644370138645 0.893259248563221 0.877538096446257 1.07980710268021 0.92606701529943 0.94048359302374 0.764394231140614 0.861944751097606 0.864657826148547 0.710152521729469 0.716048240661621 0.727863013744354 0.725497484207153 0.783632559271959 0.804093904220141 1.09108399706227 1.14586647493499 0.799061715602875 1.09033881700956 1.0959551440818
1.37157321721315 0.897443175315857 1.25150239926118 1.16755620092154 0.995067605605492 1.14692825078964 1.28505745530128 1.32739598155022 1.31777057647705 1.34394257068634 1.22783805131912 1.19956378025167 1.28136284351349 1.2895820915699 1.22607996463776 1.19104579687119 1.21850399971008 0.746718943119049 0.692760310628835 0.681399391964078 0.699147580191493 0.80321606191305 0.818532231908578 0.790808132061591 0.732958268660765 0.730926233988542 0.708087182961977 0.715043492042101 0.764031966145222 0.772607751763784 0.773666932032659 0.76841576397419 0.770194262266159 0.76105460524559 0.747405499219894 0.755265131592751 0.75738962739706 0.743463017046452 0.741318255662918 0.632947877049446 0.616294614970684 0.791529957737241 0.805217576878412 0.592771366238594 0.582075253129005 0.764786649495363 0.788232911378145 0.66600438952446 0.684699878096581 0.681184999644756 0.758331178472592 0.77770541035212 0.933935737609863 0.747046485543251 0.748891487717628 0.753684729337692 0.765471634956507 0.873395823515379 0.877132601462878 1.11105580840792 1.06079875358513 0.881016027468901
0.741915635087273 0.76736429604617 0.783458663658662 1.11297635848706 1.18498191695947 0.785650125958703 1.27635092001695 1.49658485821315 0.977609232068062 1.26739948562213 1.23073407156127 1.17303192615509 1.09839709599813 1.10385490457217 1.00805433172929 1.02354031016952 0.862701237201691 0.732506336644292 0.723668044432998 0.694399511441588 0.737967570914942 0.780198530508922 0.750358160871726 0.744391225851499 0.682343419927817 0.687922854836171 0.674607373774052 0.871530342102051 1.16909220814705 0.858152687549591 0.863114476203918 0.78921368603523 0.777910499618604 0.781574348990734 0.767292689818602 0.729019307173215 0.734069480345799 0.719774069694372 0.720319462510256 0.647886253893375 1.14721675790273 0.821023004395621 0.651154201764327 0.650059399696497 0.521926780993288 0.728780250996351 0.687047997346291 0.632686363025145 0.591837953437458 0.745035416804827 0.811806967625251 0.767430214927747 0.776653767778323 0.72995924949646 0.788838744163513 0.821493689830487 0.889769519750889 0.982597286884601 1.01187662436412 0.942213879181788 0.835326832074385 0.864461467816279
0.717357955195687 0.734226513992656 0.738632960753007 0.732970988208597 0.751052710143003 0.768892593108691 0.759820426885898 0.731432684443214 0.767561519687826 0.933927774429321 1.20234002811568 0.94249780739055 0.802942301218326 1.04056680744345 0.813757145404816 0.802762681245804 0.863158401320962 0.733543407171965 0.684025688096881 0.693498669192195 0.722473690614981 0.694119811058044 0.693071931600571 0.714878267966784 0.721569708906687 0.724120145806899 0.714373593146984 0.743032332796317 1.15122375956603 0.839982745051384 0.746091852967556 0.767963469028473 0.790469080209732 0.784543571993709 0.791408138349652 0.740927706544216 0.736919939517975 0.729192584753036 0.729327534253781 0.734173728869512 0.731339548642819 0.72544067639571 0.693719775630877 0.62772224843502 0.649617069042646 0.919387263059616 0.562165016477758 0.624825669960542 0.756911347691829 0.734576355952483 0.727685193602855 0.721688080292482 0.755595851403016 0.789012929567924 0.806450431163494 0.819081988472205 0.900371948113808 0.960578022094873 0.950349177305515 0.999368121990791 0.988075293027438 1.11795966900312
0.719739214732097 0.69421099126339 0.701745893467556 0.698334131728519 0.690786887298931 0.702277348800139 0.734985798597336 0.692190751433372 0.693396514424911 0.738984236350426 0.712373521465522 1.05603832923449 0.773167109489441 0.732161182165146 0.952242571115494 0.79718542098999 0.764405988156796 0.664073869585991 0.65803175463396 0.678814172744751 0.650014953687787 0.641512585803866 0.689164260259041 0.678950931017215 0.68399629340722 0.705236142644515 0.686200543091847 0.695476041390346 0.68527984046019 0.705904170870781 0.725583070745835 0.729413952965003 0.761018889024854 0.73358207826431 0.757915900303767 0.777329766979584 0.802731035993649 0.807217439779868 0.805546110639205 0.819800548828565 0.840713495245347 0.792955037492972 0.733330511129819 0.714878756266374 1.01823621759048 0.749545083596156 0.667430991476232 0.835311612257591 0.779579652043489 0.69546500994609 0.689177874189157 0.670571373059199 0.685198366641998 0.740235015749931 0.732490494847298 0.880660579754756 1.1100061077338 1.04722921894147 1.21048716627635 1.3273236476458 1.47341581434011 1.59952476849923
0.629830619463554 0.608861140333689 0.600600644946098 0.596953893249685 0.59902811394288 0.593693420290947 0.614830544361701 0.576425771300609 0.639587371395185 0.61540625244379 0.63644877076149 0.619168266654015 0.610161982476711 0.68873586333715 0.82442941069603 0.710093858838081 0.711420077830553 0.674952741712332 0.657919496297836 0.631156386807561 0.558331167697907 0.571198593825102 0.600295515730977 0.657969447282644 0.6754092081235 0.736834432070072 0.748935465629284 0.742276950524404 0.764347015665128 0.793412034328167 0.750638197247799 0.738244503736496 0.717338998730366 0.74666795707666 0.786534073261114 0.853604339636289 0.881595088885381 0.847653693877734 0.810535628062028 0.906699299812317 1.04492436922514 1.22851980878757 0.966369262108436 0.932967238701307 0.891745331195685 0.879620116490584 0.807012474307647 0.809684208952464 0.758234419501745 0.685526307958823 0.675816924526141 0.638941216927308 0.609680235385895 0.998980286446485 0.730528503656387 1.12218116338436 1.54240329678242 1.58590254416833 1.71899883105205 1.63233005542022 1.83025615555899 2.0194464524587
0.584673165128781 0.516541835936633 0.540808449570949 0.527372153905722 0.520061487188706 0.469198444714913 0.483695289263358 0.5043897491235 0.541873127222061 0.605583868920803 0.672228909455813 0.571343868970871 0.534203015267849 1.02405577898026 0.848666551021429 0.678806834495985 0.676678769863569 0.669584780931473 0.573901258982145 0.574541067704558 0.603460611775517 0.626995593309402 0.656641498208046 0.678577193617821 0.765963008770576 0.879287914587901 0.849974664357992 0.856905079804934 0.879672557115555 0.883989655054533 0.863395998111138 0.830309044856292 0.929286670226317 1.02504686896618 1.14504614243141 1.15839674151861 0.976567742916254 0.964725686953618 0.989165989252237 0.958248578585111 0.923834915344532 1.00639242163071 1.0122645680721 0.987278099243458 0.943842007563664 0.929455532477452 0.81740071108708 0.779177478872813 0.977006167173386 1.0234647154808 0.986372856157167 0.996128102907768 0.955870352008126 1.39814286882227 1.53582946820693 1.62084618440041 2.37534003057619 -9999 -9999 -9999 -9999 -9999
0.533573334867304 0.525348405946385 0.510402343594111 0.493679829514944 0.476225134271842 0.487369950860739 0.472989872097969 0.454978799590698 0.457620799541473 0.426215491615809 0.455945010368641 0.539756192402406 0.485525637865067 0.515962511301041 0.553959169066869 0.544814435335306 0.529625825010813 0.533215507864952 0.532783420756459 0.667546558380127 0.727428004145622 0.747605334967375 0.722271834100996 0.742798117920756 0.73361549153924 1.50544519722462 1.39528155326843 1.45645805597305 1.53770022307123 1.02782450960233 0.980090631888463 1.10696526674124 1.07222172617912 1.29654416441917 1.32714907022623 1.24508077502251 1.00144043794045 0.980581352343926 0.952848136425018 0.887388309607139 0.870271270091717 0.885400311304973 1.01356263344104 1.05290886530509 1.01070013183814 0.944985364492123 0.784064257374177 0.764057777248896 0.998568201065064 1.30247290730476 1.43098479509354 1.33902010780114 1.62798940593546 13.7161747589707 1.69714428411155 -9999 -9999 -9999 -9999 -9999 -9999 -9999
0.503539994359016 0.500222897529602 0.487647648041065 0.476877230864305 0.460590641085918 0.465424611018254 0.459470609059701 0.462999120354652 0.401891250501979 0.432859010994434 0.518567314202135 0.521898414600979 0.479892738163471 0.441658037900925 0.457054594159126 0.503061388547604 0.516797782136844 0.600822731852531 0.745178237557411 0.705406098411633 0.727058440446854 0.802899576723576 0.731941301375628 0.703006038442254 0.742892822250724 1.37320127732614 1.04680572663035 1.01927296604429 1.45730103295425 -9999 -9999 -9999 -9999 -9999 -9999 3.14426672458649 1.13119426598916 1.06528466022932 0.934018334517112 0.882233193287483 0.894693443408379 0.89661183494788 0.896246050412838 0.896404919716028 1.07087222429422 0.916760719739474 0.863757491111755 0.8292340361155 0.809591315113581 1.99009822423642 2.06460712964718 2.01731412112713 1.87811768971957 1.9762424826622 1.97624230384827 -9999 -9999 -9999 -9999 -9999 -9999 -9999
0.456609597802162 0.456863644719124 0.555509448051453 0.470199637688123 0.468752726912498 0.471147819207265 0.448194656521082 0.439016237854958 0.413888491690159 0.415399245917797 0.370290882208131 0.330717606977983 0.442432763054967 0.442458199337125 0.468560010194778 0.461897984147072 0.499578361327832 0.53431638616782 0.710922002792358 0.790085087601955 0.758237531551948 0.695245116949081 0.67105452530086 0.741669008508325 0.761960428208113 0.952205456793308 0.973535886832646 0.972443474190576 1.68143658836683 -9999 -9999 -9999 -9999 -9999 -9999 -9999 2.87535967276647 2.88634052643409 1.52778709393281 1.01070475349059 0.995961929743107 0.888009660519086 0.868938356637955 0.771832968179996 1.16107786389498 0.969299733638763 1.10874040080951 0.940393924713135 0.941847035518059 2.05425450801849 2.42397818657068 2.51885317380612 -9999 -9999 -9999 -9999 -9999 -9999 -9999 -9999 -9999 -9999
0.513876276356833 0.471680188179016 0.523064042840685 0.494374889593858 0.460436420945021 0.468338136489575 0.449028351090171 0.468818858265877 0.454749748110771 0.461149878799915 0.454065136611462 0.466472364962101 0.48506373912096 0.46284806728363 0.463356469686215 0.459830004435319 0.467866662603158 0.499212536215782 0.738668756989332 1.18016652914943 0.888909506631064 0.693523458563365 0.984102646509806 0.724184336140752 0.873140104115009 1.05885367308344 0.935112438031605 0.996280328585551 1.84474227825801 -9999 -9999 -9999 -9999 -9999 -9999 -9999 5.70116840876066 2.09905190765858 3.5552489310503 3.54256671667099 3.51446215808392 1.19240387815696 1.47369465231895 1.94313573092222 1.43743074685335 1.16366966068745 1.26669193460391 1.05209539257563 1.93575676679611 2.27874138355255 2.3550124168396 2.91408895529234 3.66495451927185 -9999 -9999 -9999 -9999 -9999 -9999 -9999 -9999 -9999
0.571995793626859 0.523659729531833 0.497255904333932 0.495622319670824 0.479633131852517 0.450873479247093 0.482461961416098 0.479152600352581 0.468505805501571 0.480367884039879 0.480709753930569 0.484025239944458 0.505472235381603 0.500504957941862 0.491514812295253 0.483970215687385 0.460017119462674 0.468418132513762 0.525861946865916 0.553582201783474 0.658866092562675 0.677499697758601 0.821726317916598 1.29098217487335 1.39367682337761 0.936823955604008 0.921321451663971 1.00611325672695 1.06106775999069 2.31804078275507 -9999 -9999 -9999 -9999 -9999 -9999 -9999 6.83543810248375 4.89497239887714 1.8201538586035 1.64053896298775 1.67902547121048 1.96515897604135 3.87074530976159 2.29167692363262 1.97438672184944 3.51934397220612 2.21209787130356 2.27502163648605 2.56986204385757 2.984200660999 3.05926578778487 4.2955436070249 -9999 -9999 -9999 -9999 -9999 -9999 -9999 -9999 -9999
0.479114753007889 0.494790839297431 0.520373785725007 0.487045805041607 0.485383430352578 0.488429747521877 0.486798249185085 0.49590790271759 0.505565302876326 0.468068368732929 0.497408732771873 0.498890355229378 0.491983342170715 0.498903101453414 0.474715379731996 0.483752994583203 0.484045219421387 0.508751152083278 0.531406508758664 0.550789826682636 0.539727751697813 0.547082049506051 0.572255679539272 1.5945766210556 0.871529919760568 0.925437339714595 1.04097794569456 1.03150568329371 1.32612196249621 1.18623926639557 -9999 -9999 -9999 -9999 -9999 -9999 -9999 -9999 -9999 -9999 -9999 -9999 -9999 -9999 -9999 -9999 3.65490746498108 7.68476450443268 13.8439987935126 3.26652563245673 -9999 -9999 -9999 -9999 -9999 -9999 -9999 -9999 -9999 -9999 -9999 -9999
0.558297753334045 0.491962051391602 0.487519237399101 0.519325099208138 0.526569079269062 0.536622559482401 0.530154400251128 0.515410354191607 0.518786056475206 0.523382167924534 0.496488398313522 0.543366000056267 0.505394059419632 0.525832836117063 0.496206764663969 0.479110824210303 0.480039015412331 0.542178739200939 0.548264025287195 0.52828145433556 0.468714416027069 0.529734517846789 0.626875826290676 0.922290867567062 -9999 -9999 -9999 0.996932372450829 0.995045647025108 0.931824401021004 1.19039999587195 -9999 -9999 -9999 -9999 -9999 -9999 -9999 -9999 -9999 -9999 -9999 -9999 -9999 -9999 -9999 -9999 -9999 -9999 -9999 -9999 -9999 -9999 -9999 -9999 -9999 -9999 -9999 -9999 -9999 -9999 -9999
0.518997743725777 0.517247262597084 0.514725437760353 0.500484389066696 0.549251762032509 0.580849590209814 0.452077370882034 0.569327702745795 0.557733881202611 0.551688539710912 0.511099353432655 0.535854285955429 0.617854429916902 0.577766995538365 0.684324994683266 0.512497032230551 0.503772334619002 0.569657503203912 0.584195718169212 0.555121714418585 0.414993861690164 0.455144241452217 0.561007380485535 0.830521204641887 1.07533224270894 0.911117881536484 0.895370594092778 1.29716697335243 1.09654887020588 1.31433141231537 1.57149109015098 2.12222669761756 -9999 -9999 -9999 -9999 -9999 -9999 -9999 -9999 -9999 -9999 -9999 -9999 -9999 -9999 -9999 -9999 -9999 -9999 -9999 -9999 -9999 -9999 -9999 -9999 -9999 -9999 -9999 -9999 -9999 -9999
0.534126536412673 0.540158942341805 0.519650942087174 0.525513306260109 0.573117804527283 0.596512394025922 0.612545426934958 0.649464279413223 0.616556378928098 0.592576244473457 0.605837801098823 0.687792741439559 0.653489710255103 0.743616983294487 0.72187851369381 0.560523959723386 0.608790615742857 0.606290240179409 0.611487398093397 0.551305906339125 0.534078216010874 1.08993121981621 1.16648548841476 1.23031251132488 0.873809260981424 0.906592215810503 0.896771256412779 1.13288413332059 0.772045381367207 1.39090628921986 1.71237730979919 2.18542617965828 -9999 -9999 -9999 -9999 -9999 -9999 -9999 -9999 -9999 -9999 -9999 -9999 -9999 -9999 -9999 -9999 -9999 -9999 -9999 -9999 -9999 -9999 -9999 -9999 -9999 -9999 -9999 -9999 -9999 -9999
0.529750138521194 0.513304694132371 0.544237139821052 0.588842175900936 0.570070574060082 0.669042605161667 0.66300698518753 0.7803953086788 0.749528467655182 1.0292084813118 1.03456422686577 1.0636609941721 0.966278716921806 1.03875450789928 1.00056599080563 0.664531031792814 0.651532030918381 0.724885508418083 0.719008375297893 0.859955221414566 0.589781254529953 1.13072323799133 1.21811774373055 0.885596825317903 1.09129919324602 0.864469721913338 0.72063035517931 1.1742359995842 1.38630129396915 0.978947720744393 1.48002770968846 -9999 -9999 -9999 -9999 -9999 -9999 -9999 -9999 -9999 -9999 -9999 -9999 -9999 -9999 -9999 -9999 -9999 -9999 -9999 -9999 -9999 -9999 -9999 -9999 -9999 -9999 -9999 -9999 -9999 -9999 -9999
