EcologicalScience/Bass/data/rs_data_bass/chl_117.asc
NCOLS 226 
NROWS 124 
XLLCORNER -9.41648524995501 
YLLCORNER 47.587301625531 
CELLSIZE 0.0833 
NODATA_value -9999 
[rows 81 to 107 of 124, columns 62 to 123 of 226]
3.85158455371857 5.97498106956482 7.6620512008667 7.66205191612244 -9999 -9999 -9999 -9999 -9999 -9999 -9999 -9999 -9999 -9999 -9999 -9999 -9999 -9999 -9999 -9999 -9999 -9999 -9999 -9999 -9999 -9999 -9999 -9999 -9999 -9999 -9999 -9999 -9999 -9999 -9999 -9999 -9999 -9999 -9999 -9999 -9999 -9999 -9999 -9999 -9999 -9999 -9999 -9999 -9999 -9999 -9999 -9999 -9999 -9999 -9999 -9999 -9999 -9999 -9999 -9999 -9999 -9999
2.86862646144571 -9999 -9999 -9999 -9999 -9999 -9999 -9999 -9999 -9999 -9999 -9999 -9999 -9999 -9999 -9999 -9999 -9999 -9999 -9999 -9999 -9999 -9999 -9999 -9999 -9999 -9999 -9999 -9999 -9999 -9999 -9999 -9999 -9999 -9999 -9999 -9999 -9999 -9999 -9999 -9999 -9999 -9999 -9999 -9999 -9999 -9999 -9999 -9999 -9999 -9999 -9999 -9999 -9999 -9999 -9999 -9999 -9999 -9999 -9999 -9999 -9999
-9999 -9999 -9999 -9999 -9999 -9999 -9999 -9999 -9999 -9999 -9999 -9999 -9999 -9999 -9999 -9999 -9999 -9999 -9999 -9999 -9999 -9999 -9999 -9999 -9999 -9999 -9999 -9999 -9999 -9999 -9999 -9999 -9999 -9999 -9999 -9999 -9999 -9999 -9999 -9999 -9999 -9999 -9999 -9999 -9999 -9999 -9999 -9999 -9999 -9999 -9999 -9999 -9999 -9999 -9999 -9999 -9999 -9999 -9999 -9999 -9999 -9999
-9999 -9999 -9999 -9999 -9999 -9999 -9999 -9999 -9999 -9999 -9999 -9999 -9999 -9999 -9999 -9999 -9999 -9999 -9999 -9999 -9999 -9999 -9999 -9999 -9999 -9999 -9999 -9999 -9999 -9999 -9999 -9999 -9999 -9999 -9999 -9999 -9999 -9999 -9999 -9999 -9999 -9999 -9999 -9999 -9999 -9999 -9999 -9999 -9999 -9999 -9999 -9999 -9999 -9999 -9999 -9999 -9999 3.39030085291181 2.59209655012403 3.22896838188171 3.64894115924835 2.81361526250839
-9999 -9999 -9999 -9999 -9999 -9999 -9999 -9999 -9999 -9999 -9999 -9999 -9999 -9999 -9999 -9999 -9999 -9999 -9999 -9999 -9999 -9999 -9999 -9999 -9999 -9999 -9999 -9999 -9999 -9999 -9999 -9999 -9999 -9999 -9999 -9999 37.1749906539917 -9999 3.25915592908859 2.82781177759171 -9999 -9999 1.53149020671844 1.64626425504684 2.04726594686508 1.772904753685 1.71220868825912 1.77617919445038 1.42307996749878 1.45106175541878 1.13692796230316 1.82979039351145 -9999 -9999 -9999 3.48993158340454 3.08292603492737 2.57974129915237 2.70672976970673 2.38603270053864 1.67624616622925 1.47155553102493
-9999 -9999 -9999 -9999 -9999 -9999 -9999 -9999 -9999 -9999 -9999 -9999 -9999 3.55509516669483 2.14909583330154 1.5194445848465 1.51238930225372 1.39086824655533 1.12509450316429 -9999 -9999 -9999 -9999 -9999 -9999 -9999 -9999 -9999 1.4931974709034 1.71661126613617 2.21455049514771 2.21782869100571 -9999 3.66949796676636 -9999 -9999 -9999 -9999 2.43892872333527 2.36245733499527 2.48449730873108 2.68587219715118 1.73959046602249 1.727170586586 1.57462495565414 1.48604321479797 1.50995099544525 1.43295827507973 1.3860547542572 1.43644800782204 1.41804376244545 1.46888700127602 1.60564792156219 2.24464273452759 2.17750507593155 1.95484882593155 1.69946622848511 1.2331275343895 1.09813499450684 1.10760301351547 1.18396273255348 1.23102754354477
-9999 -9999 -9999 -9999 -9999 -9999 -9999 -9999 -9999 -9999 1.26370650529861 1.41129148006439 1.19388601183891 1.23603370785713 1.45028471946716 1.47132754325867 1.50672143697739 1.39242151379585 1.28946822881699 1.27504277229309 5.4945947121814 -9999 1.53983473777771 1.88017272949219 1.76916469420706 -9999 -9999 1.95477267674037 1.84732496738434 1.74614775180817 1.77827632427216 1.63908755779266 1.67901366949081 1.72549957036972 -9999 -9999 2.69830277987889 2.60043078660965 2.34262043237686 2.13245558738708 2.02106773853302 1.95795750617981 1.6590142250061 1.43144398927689 1.22989878058434 1.2996937930584 1.28341197967529 1.10546404123306 1.04645320773125 0.933261752128601 0.878111958503723 0.853697240352631 0.870705753564835 0.870462745428085 0.859425008296967 0.840207785367966 0.772117495536804 0.662984982132912 0.651559486985207 0.697952270507812 0.907679289579391 1.02058652043343
-9999 -9999 -9999 -9999 -9999 -9999 -9999 -9999 -9999 0.981572985649109 1.13693770766258 1.0667909681797 0.931211292743683 0.950933218002319 0.94982922077179 1.0387245118618 1.0772722363472 1.18318578600883 1.26813751459122 1.35617253184319 1.32919576764107 1.73075848817825 1.87355178594589 2.07629853487015 2.03370004892349 2.05663418769836 2.09005576372147 1.83563768863678 1.73952966928482 1.59545928239822 1.45286473631859 1.40886077284813 1.5490545630455 1.69169104099274 1.96463853120804 2.18396258354187 2.18703067302704 2.1786727309227 2.08185750246048 1.99418467283249 1.90991771221161 1.81089448928833 1.53082573413849 1.26560845971107 1.02944326400757 0.707123994827271 0.635289743542671 0.611509501934052 0.607621505856514 0.605973735451698 0.590863510966301 0.586269021034241 0.57082200050354 0.565412253141403 0.580568253993988 0.586562991142273 0.591315016150475 0.587613746523857 0.589813515543938 0.609088495373726 0.786426723003387 0.964712977409363
-9999 -9999 -9999 -9999 -9999 -9999 -9999 -9999 -9999 1.15473523736 1.12989297509193 1.15847325325012 1.09620603919029 1.05837526917458 1.04671570658684 1.10464954376221 1.16463974118233 1.19477248191833 1.25742521882057 1.30693870782852 1.44128170609474 1.5365002155304 1.620081782341 1.69453793764114 1.70707207918167 1.69097632169724 1.76998883485794 1.55817067623138 1.43829596042633 1.34741851687431 1.29497399926186 1.30171349644661 1.38624823093414 1.54372268915176 1.79520606994629 1.96116149425507 2.01144826412201 2.05352032184601 1.93520468473434 1.87564194202423 1.6494922041893 1.4254005253315 1.0161090195179 0.863057971000671 0.771589457988739 0.73616324365139 0.645159021019936 0.596072986721992 0.545051246881485 0.508333504199982 0.517958253622055 0.523469254374504 0.532558500766754 0.545312270522118 0.551070749759674 0.55087499320507 0.557159230113029 0.572536513209343 0.582333013415337 0.638531997799873 0.930087000131607 1.20500475168228
-9999 -9999 -9999 -9999 -9999 -9999 -9999 -9999 -9999 1.02931120991707 1.04524496197701 1.05882149934769 1.06863901019096 1.05864670872688 1.08490499854088 1.10920572280884 1.17297524213791 1.14696970582008 1.13942697644234 1.14101922512054 1.30269822478294 1.33041527867317 1.35961121320724 1.39055478572845 1.2856830060482 1.1730270087719 1.14838349819183 1.10792398452759 1.1071694791317 1.11708453297615 1.10930997133255 1.12614145874977 1.16251274943352 1.24921801686287 1.32019427418709 1.45119372010231 1.46208599209785 1.49820828437805 1.35401397943497 1.20748203992844 1.01868295669556 0.889006465673447 0.783340483903885 0.774809271097183 0.774142473936081 0.763127982616425 0.669374987483025 0.614749521017075 0.54873226583004 0.49124850332737 0.480025514960289 0.488799020648003 0.514723509550095 0.564922481775284 0.560107514262199 0.552053242921829 0.572480991482735 0.641069233417511 0.727866008877754 0.862645536661148 1.27648571133614 1.42970171570778
5.25331127643585 1.02913874387741 2.61379873752594 1.7992057800293 -9999 -9999 -9999 1.75599148869514 1.68872845172882 1.26490277051926 0.889805227518082 0.955233782529831 1.06441873311996 1.17260777950287 1.16028821468353 1.18371221423149 1.18113899230957 1.18157547712326 1.21560671925545 1.24834951758385 1.24076923727989 1.22687172889709 1.22738403081894 1.20063596963882 1.13701951503754 1.09776449203491 1.09052395820618 1.05119472742081 0.998387217521667 0.953936219215393 0.926927268505096 0.896144986152649 0.909472525119781 0.908515512943268 0.910197794437408 0.884354263544083 0.882610470056534 0.861772477626801 0.831785291433334 0.77666249871254 0.76581671833992 0.765163511037827 0.778950780630112 0.769122004508972 0.748370245099068 0.719511732459068 0.638118758797646 0.594001516699791 0.545184731483459 0.547984510660172 0.577985242009163 0.601599007844925 0.625975504517555 0.690701231360435 0.713064014911652 0.73073248565197 0.813856512308121 0.877634257078171 0.981612771749496 1.11221399903297 1.63507425785065 1.8970935344696
0.929057210683823 0.891950994729996 1.02102300524712 1.44566023349762 1.48784172534943 1.72429722547531 1.22392871975899 1.14806172251701 1.0935967862606 1.02155470848083 0.900976538658142 0.978955507278442 1.05054751038551 1.14025720953941 1.07685971260071 1.03425076603889 1.05877500772476 1.1314289867878 1.15895247459412 1.24436098337173 1.3304617702961 1.44905099272728 1.43447998166084 1.36270272731781 1.10130822658539 1.00145101547241 0.942866206169128 0.925856977701187 0.916360527276993 0.909103542566299 0.909696042537689 0.929768979549408 0.934355288743973 0.93438595533371 0.931986719369888 0.892379254102707 0.855690032243729 0.810480773448944 0.757163286209106 0.762360781431198 0.768467277288437 0.785814732313156 0.767887473106384 0.74568597972393 0.713925763964653 0.676908731460571 0.640226259827614 0.652141481637955 0.660671979188919 0.723798751831055 0.803780972957611 0.841719746589661 0.86158874630928 0.884378224611282 0.924145460128784 0.967470735311508 1.10861545801163 1.19036024808884 1.29461029171944 1.45183199644089 1.99618202447891 2.89280033111572
2.15884119272232 2.02305150032043 1.24116003513336 0.790752768516541 0.84809473156929 0.848679006099701 0.960327744483948 0.873931467533112 0.858950257301331 0.874557763338089 0.93248176574707 1.01323127746582 1.15577101707458 1.33858126401901 0.998172014951706 0.973190993070602 1.00069722533226 1.04513776302338 1.09137296676636 1.22711849212646 1.39705646038055 1.52536797523499 1.46012923121452 1.31323724985123 0.841125726699829 0.759153753519058 0.730934992432594 0.723783731460571 0.732795730233192 0.735909014940262 0.733149737119675 0.739516496658325 0.729540020227432 0.730427250266075 0.739233747124672 0.752098470926285 0.757934242486954 0.769112259149551 0.773237228393555 0.774641275405884 0.781817972660065 0.781142234802246 0.790134787559509 0.781157970428467 0.778484970331192 0.743192240595818 0.745836764574051 0.832494020462036 0.92654550075531 0.934661239385605 0.985657542943954 1.01688373088837 1.03338602185249 1.00247249007225 0.981827259063721 0.993007510900497 1.10516846179962 1.32447078824043 1.53168600797653 1.74475425481796 2.68217843770981 4.03888428211212
3.27084016799927 2.41199541091919 1.49294328689575 0.765502542257309 0.612137228250504 0.625849485397339 0.669461980462074 0.70474348962307 0.739973992109299 0.789548993110657 0.959433764219284 1.23054152727127 1.40011498332024 1.49708023667336 1.12435653805733 1.01733604073524 0.982140004634857 1.00519126653671 1.09221598505974 1.20292952656746 1.3109512925148 1.25386127829552 1.11221095919609 0.988840520381927 0.879641264677048 0.777144759893417 0.767981261014938 0.764472752809525 0.751042485237122 0.740235731005669 0.742399513721466 0.736609518527985 0.736398741602898 0.739284753799438 0.742286995053291 0.770237267017365 0.769230008125305 0.779965460300446 0.778428733348846 0.771299242973328 0.79008150100708 0.789205491542816 0.824367016553879 0.821190029382706 0.800310015678406 0.777566224336624 0.885163486003876 1.03825950622559 1.13091829419136 1.0692637860775 1.12103927135468 1.18568024039268 1.21144276857376 1.13001599907875 1.12844699621201 1.17484948039055 1.34855023026466 1.55377793312073 1.87416297197342 2.3811149597168 4.64544439315796 7.68139171600342
2.71395081281662 1.23187726736069 0.806762963533401 0.611491486430168 0.523458749055862 0.540860250592232 0.547587007284164 0.587443515658379 0.606552734971046 0.652947753667831 0.697231516242027 1.05525076389313 1.28367000818253 1.35520577430725 1.14539095759392 1.10496300458908 1.06889247894287 1.08798453211784 1.20662623643875 1.23377922177315 1.2005962729454 1.02579152584076 0.916009515523911 0.830348968505859 0.788456976413727 0.759387016296387 0.753287225961685 0.761355042457581 0.786665976047516 0.784447520971298 0.767932534217834 0.763670235872269 0.769353747367859 0.786686986684799 0.806362509727478 0.837821960449219 0.856679230928421 0.864035993814468 0.86711847782135 0.866400718688965 0.890197455883026 0.913767009973526 0.936785280704498 0.964802205562592 0.946740031242371 0.919843465089798 1.05887854099274 1.25459995865822 1.28409004211426 1.20913875102997 1.24900048971176 1.3218480348587 1.40475529432297 1.45288726687431 1.51942133903503 1.7781885266304 2.445028424263 2.75034821033478 3.01333951950073 3.45492160320282 7.23705267906189 12.222936630249
1.92276155948639 1.13569727540016 0.8019959628582 0.623310729861259 0.52802699804306 0.517805233597755 0.519439503550529 0.50050950050354 0.552479982376099 0.615640506148338 0.705666750669479 0.802487254142761 0.848385751247406 1.00924050807953 1.11154952645302 1.05434024333954 1.04656800627708 1.07105773687363 1.08401995897293 0.999313473701477 0.898123472929001 0.773516267538071 0.661206766963005 0.63195227086544 0.636241480708122 0.684963002800941 0.721368759870529 0.788235783576965 0.836882293224335 0.866038531064987 0.857637763023376 0.821630269289017 0.798203229904175 0.830001711845398 0.887741267681122 0.973462522029877 1.01197198033333 1.02900221943855 1.01642024517059 0.978563278913498 0.983865022659302 0.998604744672775 1.0611652135849 1.12444120645523 1.19541522860527 1.22383126616478 1.4319269657135 1.48270645737648 1.43955597281456 1.3646579682827 1.46509051322937 1.66346633434296 1.8471502661705 2.34174978733063 2.87702482938766 3.54477989673615 4.79751884937286 3.87419235706329 4.39005732536316 4.59171974658966 7.57494163513184 2.75396805575916
0.924678772687912 0.767099976539612 0.631322264671326 0.596856012940407 0.623454004526138 0.570373490452766 0.558316513895988 0.556602761149406 0.745432510972023 0.858460485935211 0.882843017578125 0.885701984167099 0.856983751058578 0.898621469736099 1.07565146684647 1.04257196187973 0.894985467195511 0.80195626616478 0.656456261873245 0.610989019274712 0.6236362606287 0.645414769649506 0.707411259412766 0.713184759020805 0.716579228639603 0.784648507833481 0.988224774599075 1.07766750454903 1.07752203941345 0.980708241462708 0.91872900724411 0.892693519592285 0.997109234333038 1.11550426483154 1.3200877904892 1.38385346531868 1.26014623045921 1.17946422100067 1.12806075811386 1.05051746964455 1.0295812189579 1.04458352923393 1.27913403511047 1.46109303832054 1.57467073202133 1.70880442857742 1.77816367149353 1.82875353097916 1.76296430826187 1.6705949306488 1.87570577859879 2.34614253044128 2.73057746887207 3.3904709815979 3.78368532657623 3.87761843204498 1.95705090909109 -9999 -9999 -9999 -9999 -9999
0.722278520464897 0.710248500108719 0.70092898607254 0.705610513687134 0.691288501024246 0.928145974874496 1.03879952430725 1.08216977119446 1.32714977860451 1.44571128487587 1.26499423384666 1.05911627411842 0.858906716108322 0.874638766050339 0.98130601644516 0.892759501934052 0.643275752663612 0.606606021523476 0.619848757982254 0.704329490661621 0.703559249639511 0.714710980653763 0.791043788194656 0.842509478330612 0.943077027797699 1.04906022548676 1.22223302721977 1.24091023206711 1.10265675187111 1.08667945861816 1.12918728590012 1.38348376750946 1.39384800195694 2.06957548856735 2.18865448236465 2.0915624499321 1.70282256603241 1.44094347953796 1.30135953426361 1.16600248217583 1.09766328334808 1.0946047604084 1.38417452573776 1.58257877826691 1.87183195352554 1.997085750103 2.07098633050919 1.9494246840477 1.89449769258499 1.85207033157349 2.29270792007446 3.88478851318359 5.18143129348755 10.6950576121991 1.90959203047831 -9999 -9999 -9999 -9999 -9999 -9999 -9999
0.733458772301674 0.802441477775574 0.837334513664246 1.05591747164726 1.21156123280525 1.19475004076958 1.54385697841644 1.79775524139404 1.81040847301483 1.33648878335953 1.20653772354126 1.2603600025177 0.83677276968956 0.8359514772892 0.862383753061295 0.918846756219864 0.807467222213745 0.632587507367134 0.668044477701187 0.758213996887207 0.779843240976334 0.794665485620499 0.831451535224915 0.865232974290848 0.875772714614868 0.935028791427612 1.24336498975754 1.39908528327942 1.32725545763969 -9999 -9999 -9999 -9999 -9999 -9999 3.14426672458649 2.35394847393036 1.90425968170166 1.54024493694305 1.38098627328873 1.39239147305489 1.46699479222298 1.48179602622986 1.77394723892212 1.98864376544952 2.03751826286316 2.07873147726059 2.14749294519424 2.22355574369431 4.08518993854523 4.93818819522858 4.99647223949432 5.36173510551453 1.9762424826622 1.97624230384827 -9999 -9999 -9999 -9999 -9999 -9999 -9999
0.817825466394424 0.891941249370575 1.09021201729774 1.19483998417854 1.30416378378868 1.24466621875763 1.57260149717331 1.48393723368645 1.29955127835274 0.790722012519836 0.794219255447388 0.958721995353699 0.771814495325089 0.757461726665497 0.784563034772873 0.769658267498016 0.855914980173111 0.815016746520996 0.760458022356033 0.850366473197937 0.849920243024826 0.89386573433876 0.871646225452423 0.844547957181931 0.893312215805054 0.9649837911129 1.33711123466492 1.38343271613121 1.43809273838997 -9999 -9999 -9999 -9999 -9999 -9999 -9999 4.02171814441681 3.11277973651886 2.7992377281189 2.07905620336533 2.14207649230957 2.18592220544815 2.13008469343185 2.08708280324936 2.40473556518555 2.68896907567978 2.85360378026962 3.30751490592957 4.20763885974884 9.48932433128357 9.97340297698975 3.88801646232605 -9999 -9999 -9999 -9999 -9999 -9999 -9999 -9999 -9999 -9999
0.991847276687622 0.998804211616516 0.922265231609344 1.33598247170448 1.2060232758522 0.842674523591995 0.787888526916504 0.87797623872757 0.65683650970459 0.582750007510185 0.632989481091499 0.658013239502907 0.70260751247406 0.625698745250702 0.688302755355835 0.717382505536079 0.734347522258759 0.909990727901459 0.844473749399185 1.07154057521631 -9999 0.719718754291534 0.766250252723694 0.827407479286194 0.853571265935898 0.948085516691208 1.32394874095917 1.52659499645233 1.60872906446457 -9999 -9999 -9999 -9999 -9999 -9999 -9999 6.48850750923157 6.67755746841431 8.4393002986908 7.61899924278259 4.774010181427 4.26628053188324 4.09715402126312 3.99464178085327 3.80843710899353 3.44569516181946 4.11644339561462 4.53747010231018 6.8961968421936 13.7275443077087 10.783123254776 5.63508009910583 5.94143986701965 -9999 -9999 -9999 -9999 -9999 -9999 -9999 -9999 -9999
1.13616299629211 1.1399430334568 1.10813927650452 0.70286625623703 0.528581991791725 0.488786235451698 0.540552735328674 0.60851477086544 0.600443243980408 0.564320996403694 0.567960754036903 0.581682756543159 0.612574517726898 0.626670733094215 0.655357494950294 0.68063248693943 0.699134230613708 0.750784456729889 0.786826461553574 0.79629448056221 0.777277529239655 0.740671500563622 0.749742731451988 0.915445536375046 1.0509224832058 1.1492475271225 1.28863424062729 1.38424721360207 1.27717646956444 1.34169825911522 -9999 -9999 -9999 -9999 -9999 -9999 -9999 21.0314970016479 34.909084594768 7.06216510346061 8.07836723327637 6.78582859039307 5.54190909862518 4.17120659351349 5.05199468135834 4.36452233791351 6.46412229537964 10.4891896247864 18.7413640022278 23.7761335372925 14.7940163612366 6.87385511398315 3.10290174136001 -9999 -9999 -9999 -9999 -9999 -9999 -9999 -9999 -9999
1.37252774834633 1.10037750005722 0.719901770353317 0.573992997407913 0.511826232075691 0.437190011143684 0.451115995645523 0.504822000861168 0.514410763978958 0.485040754079819 0.532497748732567 0.590184733271599 0.607568264007568 0.632571771740913 0.642775520682335 0.645191252231598 0.642350256443024 0.647948250174522 0.673770770430565 0.68520525097847 0.721736267209053 0.766910254955292 0.844697266817093 1.12694397568703 1.17243674397469 1.09276574850082 1.16353350877762 1.26744452118874 1.24063128232956 1.29894527792931 -9999 -9999 -9999 -9999 -9999 -9999 -9999 -9999 -9999 -9999 -9999 -9999 -9999 -9999 -9999 -9999 3.65490746498108 16.5565853118896 11.9140813350677 26.123631477356 -9999 -9999 -9999 -9999 -9999 -9999 -9999 -9999 -9999 -9999 -9999 -9999
0.80542579293251 0.735157504677773 0.608600243926048 0.547484993934631 0.504355520009995 0.457210510969162 0.424650013446808 0.470318242907524 0.466425731778145 0.491034731268883 0.538064986467361 0.579528763890266 0.622839018702507 0.633179247379303 0.630520507693291 0.628326013684273 0.625256985425949 0.59129624068737 0.613290756940842 0.644927993416786 0.739093512296677 0.802122741937637 0.887967020273209 0.816230694452922 -9999 -9999 -9999 1.14570978283882 1.15176674723625 1.22850224375725 1.38476246595383 -9999 -9999 -9999 -9999 -9999 -9999 -9999 -9999 -9999 -9999 -9999 -9999 -9999 -9999 -9999 -9999 -9999 -9999 -9999 -9999 -9999 -9999 -9999 -9999 -9999 -9999 -9999 -9999 -9999 -9999 -9999
0.630074232816696 0.580269008874893 0.544874981045723 0.539564251899719 0.507827997207642 0.511880233883858 0.477629229426384 0.476140514016151 0.491408988833427 0.513938248157501 0.549416989088058 0.619752019643784 0.651558011770248 0.658262997865677 0.684289500117302 0.674065500497818 0.678439512848854 0.680493012070656 0.690806239843369 0.711940482258797 0.753193527460098 0.777689963579178 0.846293985843658 0.888331532478333 0.996125221252441 1.0480469763279 0.991316288709641 1.08617171645164 1.19502228498459 1.27560675144196 1.41195827722549 2.52215811321812 -9999 -9999 -9999 -9999 -9999 -9999 -9999 -9999 -9999 -9999 -9999 -9999 -9999 -9999 -9999 -9999 -9999 -9999 -9999 -9999 -9999 -9999 -9999 -9999 -9999 -9999 -9999 -9999 -9999 -9999
0.547752007842064 0.551779478788376 0.543411746621132 0.530916005373001 0.561187505722046 0.545871734619141 0.54662324488163 0.542467519640923 0.558737263083458 0.575323507189751 0.602801978588104 0.695934757590294 0.713807255029678 0.72758249938488 0.721820265054703 0.728025734424591 0.713798269629478 0.699946492910385 0.703236758708954 0.725391000509262 0.72954748570919 0.789333790540695 0.826375544071198 0.851012974977493 0.978937536478043 1.0051049888134 1.00533378124237 1.15045729279518 1.24768048524857 1.29999527335167 1.40492776036263 3.48561271599361 -9999 -9999 -9999 -9999 -9999 -9999 -9999 -9999 -9999 -9999 -9999 -9999 -9999 -9999 -9999 -9999 -9999 -9999 -9999 -9999 -9999 -9999 -9999 -9999 -9999 -9999 -9999 -9999 -9999 -9999
0.516019508242607 0.543185994029045 0.564586490392685 0.587027996778488 0.638850018382072 0.66685876250267 0.684941232204437 0.707389488816261 0.710229769349098 0.736137762665749 0.725943759083748 0.850500762462616 0.940074026584625 0.992900222539902 0.929612249135971 0.85446372628212 0.81315153837204 0.738756760954857 0.704510986804962 0.696417018771172 0.707383498549461 0.756926983594894 0.87434846162796 0.939258009195328 1.2851482629776 1.36263674497604 1.10776501893997 1.19555023312569 1.26287099719048 1.30392301082611 1.54645192623138 -9999 -9999 -9999 -9999 -9999 -9999 -9999 -9999 -9999 -9999 -9999 -9999 -9999 -9999 -9999 -9999 -9999 -9999 -9999 -9999 -9999 -9999 -9999 -9999 -9999 -9999 -9999 -9999 -9999 -9999 -9999
