EcologicalScience/Bass/data/rs_data_bass/chl_421.asc
NCOLS 226 
NROWS 124 
XLLCORNER -9.41648524995501 
YLLCORNER 47.587301625531 
CELLSIZE 0.0833 
NODATA_value -9999 
[rows 54 to 80 of 124, columns 124 to 185 of 226]
2.56951028108597 2.45722891887029 2.62924206256866 2.22267716129621 2.26882469654083 2.28240533436046 2.27388509231455 2.08241917806513 2.13281767508563 1.86316502094269 1.85810592770576 1.87573117017746 2.18230108916759 2.26046562194824 2.336455732584 2.31321579217911 2.3169532418251 2.2631379365921 2.4698353484273 2.43648435920477 2.32020475963751 2.39518318573634 2.19504106044769 2.17760065197945 2.27144515514374 2.13459786772728 2.27203178405762 2.38724076747894 2.56936092674732 2.32779590785503 2.41889120265841 2.25029441714287 2.30395612120628 2.13296472032865 2.19125045339266 2.07767898837725 1.61710578203201 1.57083374261856 1.88576078414917 1.48041638731956 1.58133673667908 1.91715779900551 1.52630623678366 1.47470287978649 1.47540490329266 1.41292195022106 1.61135213077068 1.82641723752022 2.53740638494492 2.98355028033257 3.04136331876119 3.83431953191757 4.54802109978416 4.98628125871931 4.4901286991019 5.54814834594726 5.27210418077616 5.77332941843913 5.78321066871285 9.1713543726393 -9999 -9999
2.41546493768692 2.45064043998718 2.38353401422501 2.27483022212982 2.28980851173401 2.27503675222397 2.16063464389128 2.13240668703528 2.01884081083186 1.87632715702057 2.01686999201775 2.06810966134071 2.12491694837809 2.25340411439538 2.44197291880846 2.44554048776627 2.34392654895782 2.33087903261185 2.25653028488159 2.24491447210312 2.22663748264313 2.23244803150495 2.25288200378418 2.04450172185898 2.09670674800873 2.1589575111866 2.23641300201416 2.46819681922595 2.68220578630765 2.17367246747017 2.13655006885529 2.2008735537529 2.69898849725723 2.64247364799182 2.33152355750402 1.95341950158278 1.92487637201945 2.02588421106339 1.72728704909484 1.51260074973106 1.47761137783527 1.63835549354553 1.67180174589157 1.29076391458511 1.44521328806877 1.60875597596169 2.04902663826942 2.53016173839569 2.8866959810257 3.05692228674889 4.6462969454852 4.65720027685165 4.94195171197256 5.5506087342898 5.76822475592295 7.78231649928623 10.5720698833466 -9999 -9999 -9999 -9999 -9999
3.4458775730694 2.88416022062302 2.54793620109558 2.38228571414948 2.28490197658539 2.22895330190659 2.21279140780954 2.15108627431533 2.05826920972151 2.02865309516589 2.01065350572268 2.07047478854656 2.2326846520106 2.47223316571292 2.65881137988147 2.54868268966675 2.52607899904251 2.58783165146323 2.31880670785904 2.11399653553963 2.48291325569153 2.39624977111816 2.25027698278427 2.33703702688217 2.03691947460175 1.96232289075851 2.11910703778267 2.41144192218781 2.15740156173706 2.13085126876831 1.99826064705849 2.16637909412384 2.27169750630856 2.83128612240156 2.63634932041168 2.06642846266429 1.89999619623025 1.76994943618774 1.59335914750894 1.52662720282873 1.4770328750213 1.14560548961163 1.2983737885952 1.8367754817009 2.14387196302414 2.51786282658577 2.9189478456974 2.96130607053638 3.5471991517327 3.71639327626479 3.98771684420736 4.66345844770733 6.0688202721732 5.83269989490509 -9999 -9999 -9999 -9999 -9999 -9999 -9999 -9999
3.44804298877716 3.14933225512505 2.81995576620102 2.68518535296122 2.47915768623352 2.31201330353232 2.0989173931234 2.0849225415903 2.0932920960819 2.05855982443866 1.96786216894786 2.2782256702582 2.36072936157385 2.67085033304551 2.91953155223061 3.10094085708261 2.88883116468787 2.65670659393072 2.62386258443197 2.62241470813751 2.78120768070221 2.45599269866943 2.39260795712471 2.28742694854736 2.10739576816559 2.21948549151421 1.95415458083153 1.91254198551178 1.92284175753593 1.96861830353737 1.93760213255882 2.18700644373894 3.39449818432331 2.87628014882406 2.29097652435303 2.33718329668045 2.10302349428336 1.48621764779091 1.45113225281239 1.61855990688006 1.22987473011017 1.27768836915493 1.39320673048496 1.65866401791573 2.59304961562157 3.25776135921478 3.45536327362061 18.2755233575316 4.37228858470917 4.04729300737381 4.45579456028185 6.18097837347733 7.84653956549508 11.5164499282837 -9999 -9999 -9999 -9999 -9999 -9999 -9999 -9999
3.51829415559769 3.66451688816673 3.45822907487551 3.40840492645899 3.16753209133943 3.10230778245365 2.50412165417391 2.35971311961903 2.22675167462405 2.16821932792664 2.46406705677509 2.25155549189624 2.19890275071649 2.58080899715424 2.821344435215 2.80305498838425 3.44006158411503 2.92412888010343 2.93894927700361 2.90308225154877 2.65452653169632 2.41053879261017 2.3035394847393 2.21284693479538 2.10044172406197 2.00443205237389 1.79497084021568 1.82984027266502 2.12303477525711 2.38424974679947 2.32323050498962 2.74890583753586 3.49079639712969 3.68613407015801 2.80506181716919 2.74004679918289 1.92586724460125 1.92354525625706 1.77426561713219 1.39891836047173 1.37817223370075 1.45751667022705 1.47025385499001 1.7777741253376 2.40582749247551 2.83998466014862 5.38795181115468 5.61211174726486 4.90842711925507 4.64229565858841 4.56409424543381 5.4677745274135 20.3562924957275 -9999 -9999 -9999 -9999 -9999 -9999 -9999 -9999 -9999
22.0327602342555 4.49038716724941 4.35172394702309 4.10767684484783 4.08482163830807 4.10032740060021 3.47647396255942 3.2494080136804 3.3184826374054 2.99272941425443 2.80600143224001 2.87062307819724 2.71924454675001 2.74884605407715 2.87956297397614 2.74383324384689 2.72575461864471 3.00626641511917 3.03975189725558 2.98964160680771 2.63653945922852 2.09421443939209 2.08084461092949 1.95076990127563 1.83544537425041 1.80361497402191 1.63640360534191 1.70915780961514 1.91747928162416 2.41881904006004 2.64754262566566 3.29349951942762 3.89701118071874 2.7500456571579 2.59346558153629 2.53600868582726 2.5255676060915 2.42050914466381 2.34549227356911 1.91675479710102 1.40322715044022 1.53068143129349 1.76889637112617 2.02447244524956 2.57403525710106 -9999 5.35655868479184 5.89786112308502 5.88790243012564 7.1056410244533 35.2550349426269 28.8803640448529 35.3848096529643 22.5254029083252 -9999 -9999 -9999 -9999 -9999 -9999 -9999 -9999
-9999 -9999 -9999 -9999 -9999 2.28387522697449 3.96043274799983 4.22706259042025 3.62453317642212 3.44567263126373 3.20511770248413 3.11317149798075 2.91869777441025 2.90227079391479 2.72727578878403 3.09419524669647 2.67512702941895 2.73958748579025 3.16315722465515 2.85916043321292 2.51344084739685 2.29844543337822 2.11005413532257 1.87254452705383 1.7061168551445 1.56562837958336 1.51389035582542 1.5431167781353 1.73925471305847 2.38791698217392 2.84142042199771 3.69459314147631 4.21615789333979 2.8346286714077 3.15859504044056 2.98670969903469 3.01756265759468 2.88171637058258 2.57934254407883 2.14622443914413 1.73497496545315 1.58605536818504 1.61427493393421 2.02992823719978 2.61152596771717 12.1131731237023 -9999 -9999 -9999 -9999 17.3974120330811 14.3401931762695 19.4448692072993 66.6815537558662 -9999 -9999 -9999 -9999 -9999 -9999 -9999 -9999
-9999 -9999 -9999 -9999 -9999 -9999 -9999 -9999 4.38498837607248 3.8834780140927 3.53168046474457 3.32901713252068 3.16811935525191 3.09090990769236 2.89456033706665 3.02722974618276 2.88629459079943 2.91267560510074 2.65325486660004 2.71717661619186 2.4520987868309 2.33108702301979 1.97296795248985 1.71221172809601 1.53867937624454 1.43885663151741 1.40458837151527 1.23630687097708 1.51653987665971 1.77013009786606 2.13407282531261 2.70123897492886 3.02707314491272 3.3185882717371 3.60265937447548 3.97764994204044 3.43642169237137 2.90107651054859 2.24323868751526 2.0505138784647 1.92967656254768 1.91975963115692 1.93842977285385 2.12930926680565 20.0495327711105 29.0682649612427 -9999 -9999 -9999 -9999 17.548882484436 12.7653815746307 19.6501016914845 17.1209181547165 23.0376995801926 16.8766403198242 -9999 -9999 -9999 -9999 -9999 -9999
-9999 -9999 -9999 -9999 -9999 -9999 -9999 -9999 -9999 -9999 3.81325657169024 3.5840677022934 3.55545826752981 3.32243916862889 3.04227219025294 2.95154471607769 2.90495161215464 2.92385716648663 2.90358409460853 2.79074567556381 2.60623723268509 2.35560116171837 2.13190090656281 1.76336923241615 1.37351810932159 1.29542626440525 1.34889824688435 1.32750561833382 1.34163352847099 1.38060077279806 1.91051957756281 4.35453825692336 3.23511117696762 3.88560748100281 4.2812228500843 4.5684806406498 4.04344734549522 3.4673744738102 2.51868045330048 2.10521927475929 2.18783587217331 2.22511124610901 2.24701273441315 2.58974504470825 10.9003690238138 -9999 -9999 -9999 -9999 -9999 -9999 -9999 8.99699227112096 11.7013871669769 11.1607639789581 8.97306299209595 10.8786277770996 -9999 -9999 -9999 -9999 -9999
-9999 -9999 -9999 -9999 -9999 -9999 -9999 -9999 -9999 4.3704868555069 3.93371046582858 3.63024227817853 3.55638194711585 3.4955439316599 3.25355529785156 3.37285237101948 3.25903412524392 2.99106180667877 2.82345968484879 2.83223587274551 2.5894421339035 2.01778656244278 1.74529823660851 1.5118320286274 1.35870297253132 1.34510359168053 1.2607506463925 1.25048637886842 1.28778322041035 1.9615683456262 1.76091711223125 2.37698547542095 2.84007368981838 3.70269674062729 4.74192894995213 5.10556358098984 4.71374894678593 4.0276472568512 3.07647746801376 2.67789342999458 2.55030852556229 2.64656218886375 2.59528425335884 3.1637415488561 14.0616166105548 33.0447750091553 -9999 -9999 -9999 16.1940104663372 15.7994302186099 22.9666095077991 14.2543779015541 13.1738004684448 9.46890395879745 9.60586506128311 14.8748900448834 -9999 -9999 -9999 -9999 -9999
-9999 -9999 -9999 -9999 -9999 -9999 -9999 -9999 -9999 -9999 4.29227347373962 3.92118572195371 4.16065585613251 4.08034282922745 3.69840145111084 3.60573846101761 3.38227468729019 3.10952362418175 2.81436592340469 2.80351799726486 2.66537475585938 2.31013610959053 1.84976854920387 1.5667038872838 1.31282760053873 1.3375611503919 1.29705774784088 1.26571924736102 1.43983535965284 1.90143091479937 2.69009636342525 2.16610570997 2.62961027026176 3.98931191861629 4.58969780802727 4.83458358049393 4.99154113233089 4.54533420503139 3.77273538708687 3.19152188301086 3.03386923670769 2.85385689139366 3.43294805288315 3.43558797240257 7.69297403270759 -9999 -9999 -9999 -9999 -9999 13.1524293422699 15.5186338424683 16.1520479520162 15.2411529620488 14.1871772209803 -9999 -9999 -9999 -9999 -9999 -9999 -9999
-9999 -9999 -9999 -9999 -9999 -9999 -9999 -9999 -9999 3.67937564849854 3.95219378670057 2.93814826011658 3.95110166072845 3.94680511951447 3.7974026799202 3.65722918510437 3.36740058660507 3.20449760556221 2.96465742588043 2.72244894504547 2.55790079087019 1.97380573600531 1.63070850287165 1.3363821208477 1.42314321796099 1.52562476197879 1.48068783680598 1.37903947631518 1.38308248420556 1.85291440784931 2.44843995435671 3.10592390867797 2.74787814170122 3.58592064678669 4.33213676512241 5.27949517965317 5.86159823834896 4.85273659229279 4.16855612397194 3.787816375494 3.27154719829559 3.19666609168053 3.63276001811028 6.42056979716403 3.86466658115387 -9999 -9999 -9999 -9999 -9999 12.5586251020432 18.184586763382 21.4727761745453 25.551014500995 -9999 -9999 -9999 -9999 -9999 -9999 -9999 -9999
-9999 -9999 -9999 -9999 -9999 -9999 -9999 -9999 -9999 3.10033714771271 3.99141697673237 3.96240413188934 2.68854904174805 2.58633595705032 3.49038255214691 3.2867546081543 3.07044517993927 3.12559542059898 3.1227081745863 2.58294492959976 2.25125509997209 1.90174770355225 1.49650712807973 1.39457041025162 1.52678833495487 1.62582665185134 1.63471832871437 1.33498197793961 1.50296988586585 1.9123142460982 2.52593820293744 3.17482552528381 4.5189483165741 5.13080649375916 3.67380219697952 4.38904300332069 4.91691094636917 4.47669607400894 3.74937003850937 3.17281284928322 2.8804477751255 2.9184250831604 3.99450923999151 8.39135672745195 3.86466693878174 -9999 -9999 -9999 -9999 12.1949715614319 -9999 -9999 -9999 -9999 -9999 -9999 -9999 -9999 -9999 -9999 -9999 -9999
-9999 -9999 -9999 -9999 -9999 -9999 -9999 -9999 -9999 3.14446592330933 3.14597761631012 3.98266839981079 3.85625517368317 3.39009261131287 3.16996130347252 3.01479640603065 2.70175802707672 2.75891522566477 2.29813586672147 2.00320782264074 1.80009801189105 1.63556882242362 1.48912832140923 1.43478465080261 1.52354458516294 1.58608163396517 1.61283354957898 1.35816144943237 1.55717778205872 2.30441514650981 2.88047255078952 3.5770075917244 4.28067239522934 4.70536048213641 5.61804033319155 3.87701261043549 3.75239700078964 3.61452037096024 3.28609907627106 2.82240781188011 2.94288718700409 3.11688601970673 8.57507293971617 -9999 -9999 -9999 -9999 -9999 -9999 -9999 -9999 -9999 -9999 -9999 -9999 -9999 -9999 -9999 -9999 -9999 -9999 -9999
-9999 -9999 -9999 -9999 -9999 -9999 -9999 -9999 15.2840665544782 3.19146966934204 3.12661492824554 2.94525146484375 3.57901149988174 3.21450930833817 2.98324093222618 2.72062879800797 2.64190168040139 0.875736773014069 1.94797407587369 1.7327219247818 1.52245903421532 1.41993608574073 1.50988347828388 1.53101046383381 1.50818286700682 1.57104669375853 1.44010689854622 1.48915249605974 1.74395241340001 1.91225400567055 2.29896706342697 3.69110832160169 4.37053142488003 4.75428056220214 5.18902469178041 1.93874841928482 3.07099735736847 3.07540726661682 3.05656090378761 3.06532761454582 3.06762903928757 9.46265468441072 14.0856348046337 -9999 -9999 -9999 -9999 -9999 -9999 -9999 -9999 -9999 -9999 -9999 -9999 -9999 -9999 -9999 -9999 -9999 -9999 -9999
-9999 -9999 -9999 -9999 -9999 -9999 -9999 3.28386068344116 3.41678915172815 3.78730099399885 3.5107079113231 2.99888777732849 2.59030956029892 3.29219448566437 2.96244768301646 2.65602740645409 2.20182824134827 1.16943973302841 0.792233973741531 1.36581185460091 1.36126139760017 1.39043547213078 1.43668127059937 1.46502748131752 1.48947148025036 1.48967514932156 1.35111901164055 1.39062612436034 1.58504618065698 1.84640285643664 1.87785279750824 3.18314411694353 3.88292381167412 4.45066654086113 4.09018015265465 2.93023619055748 2.94157835841179 3.00618830323219 3.08564963936806 3.09234139323235 20.5489279483129 5.69786846637726 3.25656187534332 -9999 -9999 -9999 -9999 -9999 -9999 -9999 -9999 -9999 -9999 -9999 -9999 -9999 -9999 -9999 -9999 -9999 -9999 -9999
-9999 -9999 -9999 -9999 -9999 -9999 3.10429215431213 3.10792350769043 3.08318781852722 4.04554527997971 3.7921079993248 3.49028921127319 3.59388452768326 3.27603453397751 2.79790377616882 1.92419774830341 1.76526188850403 1.37035202980042 1.32328087091446 1.34350275993347 1.42550244927406 1.50705599784851 1.68741676211357 1.71627746522427 1.70988294482231 1.64671687781811 1.33779712021351 1.25628453493118 1.36467149853706 1.55842119455338 2.1280175447464 2.33668851852417 2.88525626957417 2.92482220275062 2.77890221561704 3.07871447006861 3.3389378786087 3.28504514694214 3.14001935720444 -9999 -9999 -9999 -9999 -9999 -9999 -9999 -9999 -9999 -9999 -9999 -9999 -9999 -9999 -9999 -9999 -9999 -9999 -9999 -9999 -9999 -9999 -9999
-9999 -9999 -9999 -9999 3.31577253341675 3.18201220035553 3.07098519802094 2.91695702075958 2.75961452722549 2.32720041275024 3.45067816972733 3.33996623754501 3.34208768606186 2.89799621701241 2.45153886079788 1.89791482686996 1.56123143434525 0.970400959253311 1.45583814382553 1.55239199101925 1.57445432245731 1.81468127667904 1.94371126592159 1.91832335293293 1.83202466368675 1.5867802798748 1.32164771854877 1.18135121464729 1.25466400384903 1.40796202421188 1.72949528694153 1.88880920410156 2.08181750774384 2.39001405239105 2.8611513376236 3.23282824158668 3.34718506986445 3.78492643616416 -9999 -9999 -9999 -9999 -9999 -9999 -9999 -9999 -9999 -9999 -9999 -9999 -9999 -9999 -9999 -9999 -9999 -9999 -9999 -9999 -9999 -9999 -9999 -9999
-9999 -9999 -9999 -9999 3.09191858768463 3.15825068950653 3.07560896873474 2.8376430273056 3.77843248844147 3.55522352457047 3.24802726507187 3.33170628547668 3.03589224815369 2.70626360177994 2.32368260622025 1.84583663088935 1.46598225831985 1.51628176867962 2.14307187284742 2.41935563438079 2.46046777683146 2.56654044459848 2.21701088547707 2.11254000663757 2.09212043881416 1.64076492190361 1.45216722786427 1.28665500879288 1.33234974741936 1.5767970085144 1.89157873392105 2.05407494306564 2.30516475439072 2.63921177387238 3.05440306663513 3.37911303838094 3.70161843895912 -9999 -9999 -9999 -9999 -9999 -9999 -9999 -9999 -9999 -9999 -9999 -9999 -9999 -9999 -9999 -9999 -9999 -9999 -9999 -9999 -9999 -9999 -9999 -9999 -9999
-9999 59.8996497639065 3.53320491313934 3.4220198392868 3.30131542682648 2.77488595247269 2.71185153722763 2.68448102474213 2.40416997671127 2.22182321548462 3.27227389812469 3.0063584446907 2.47392332553864 2.15047466754913 1.84042355418205 1.55600067973137 1.80899418393771 2.15069708724817 2.56984597444534 2.93963997854906 3.04835614737342 2.3054111301899 2.3035027384758 2.30766525864601 2.23434412479401 1.70162142813206 1.56896677613258 1.38707274198532 1.51083672046661 1.89587205648422 2.13711428642273 2.31534504890442 2.7020697593689 3.08634006977081 4.34409336249034 36.2984783953809 -9999 -9999 -9999 -9999 -9999 -9999 -9999 -9999 -9999 -9999 -9999 -9999 -9999 -9999 -9999 -9999 -9999 -9999 -9999 -9999 -9999 -9999 -9999 -9999 -9999 -9999
3.58217704296112 3.43747437000275 3.41571164131165 3.22477197647095 2.75392574071884 2.62869447469711 2.53714728355408 2.75533872842789 2.44108128547668 2.17862391471863 3.20816087722778 2.68659344315529 2.14886435866356 1.97227692604065 1.83152505755424 1.36095973849297 1.92528999903623 2.28926599025726 2.85617478688558 2.34325313568115 0.82592099905014 0.951110243797302 0.934201508760452 2.31206032633781 1.24722003936768 1.26559576392174 1.31606778502464 1.51907247304916 1.73876774311066 2.32090300321579 2.86630427837372 3.20660471916199 3.23334813117981 -9999 -9999 -9999 -9999 -9999 -9999 -9999 -9999 -9999 -9999 -9999 -9999 -9999 -9999 -9999 -9999 -9999 -9999 -9999 -9999 -9999 -9999 -9999 -9999 -9999 -9999 -9999 -9999 -9999
3.61434495449066 3.71399173736572 3.28067117929459 3.33206328749657 2.80676472187042 3.48412728309631 3.78676700592041 1.96588200330734 2.14267355203629 2.77629375457764 2.33882327377796 2.33094638586044 1.87648496031761 1.48166365921497 1.43876852095127 1.54302075505257 1.81872402131557 2.66698801517487 2.88945582012335 3.0966890702645 0.944448709487915 0.878784745931625 0.978162735700607 2.0176308453083 1.41036522388458 1.35883051156998 1.47085878252983 1.63689905405045 2.57478678226471 2.91330376267433 3.53016952425241 3.76104876574348 2.84640118479729 2.54546234607696 2.36364880800247 7.9061769138683 -9999 -9999 -9999 -9999 -9999 -9999 -9999 -9999 -9999 -9999 -9999 -9999 -9999 -9999 -9999 -9999 -9999 -9999 -9999 -9999 -9999 -9999 -9999 -9999 -9999 -9999
3.0495833158493 2.94795298576355 3.25814719498158 3.2194629907608 3.45010095834732 3.50620159506798 3.34298032522202 3.50652641057968 2.71413105726242 2.31294456124306 2.26014766842127 2.57213036803638 1.45389863848686 1.35909560322762 1.35880802571774 1.55346183478832 1.88168321549892 0.906981021165848 0.949756532907486 3.22071723377003 1.02741453051567 1.13426175713539 1.44324222207069 1.66342270374298 1.82404571771622 1.96113592386246 2.09942257404327 2.23614299297333 3.15008717775345 3.33917896855961 10.2810079141097 -9999 -9999 -9999 -9999 -9999 -9999 -9999 -9999 -9999 -9999 -9999 -9999 -9999 -9999 -9999 -9999 -9999 -9999 -9999 -9999 -9999 -9999 -9999 -9999 -9999 -9999 -9999 -9999 -9999 -9999 -9999
3.39429974555969 3.26498329639435 3.54279667139053 3.28579249978065 3.20133376121521 3.62246659398079 3.56930708885193 2.97620326280594 2.74251633882523 2.94235284626484 2.40637421607971 2.12154602829148 1.49936623871326 0.716573238372803 0.773723959922791 1.93104153871536 1.27405428886414 2.82612461202285 2.45887014269829 2.61322538182139 1.32275775074959 1.74194025993347 1.76335430145264 2.1350759267807 2.21608507633209 2.35775256156921 2.55942070484161 2.84856677055359 3.03681801756223 3.31743700305621 3.69075967868169 4.09449617759041 -9999 -9999 -9999 -9999 -9999 -9999 36.7233026944674 12.6942715644836 -9999 -9999 -9999 -9999 -9999 -9999 -9999 -9999 -9999 -9999 -9999 -9999 -9999 -9999 -9999 -9999 -9999 -9999 -9999 -9999 -9999 -9999
3.65683257579803 3.81296792200633 3.55277528081621 3.53236331542333 4.46041485786438 4.36276868411473 3.58067401250203 3.27647244930267 3.27985091507435 2.96717465668917 2.07186292111874 2.16599306960901 1.62229426205158 0.798139482736588 0.924334466457367 1.79762886464596 1.8678375184536 1.90156576037407 1.93822914361954 2.18802756071091 2.56531351804733 2.31256806850433 2.24434572458267 2.43284618854523 2.74485522508621 2.58244800567627 2.47374451160431 3.73045819997787 3.647725045681 3.78487551212311 4.86610951997938 3.42093944549561 -9999 -9999 -9999 -9999 -9999 -9999 -9999 -9999 -9999 -9999 -9999 -9999 -9999 -9999 -9999 -9999 -9999 -9999 -9999 -9999 -9999 -9999 -9999 -9999 -9999 -9999 -9999 -9999 -9999 -9999
-9999 -9999 -9999 -9999 -9999 5.53196125430661 5.19717212021351 3.52160686254501 2.77239686250687 1.4026957154274 2.98266577720642 1.32214839756489 1.89895807703336 0.94828274846077 1.14901721477509 1.09574174880981 1.39412704110146 1.68135452270508 1.81850248575211 2.68189644813538 3.20165991783142 3.00658714771271 2.96993780136108 2.96642625331879 3.60426028750159 4.61810577596937 -9999 -9999 -9999 -9999 -9999 -9999 -9999 -9999 -9999 -9999 -9999 -9999 -9999 -9999 -9999 -9999 -9999 -9999 -9999 -9999 -9999 -9999 -9999 -9999 -9999 -9999 -9999 -9999 -9999 -9999 -9999 -9999 -9999 -9999 -9999 -9999
-9999 -9999 -9999 -9999 -9999 -9999 2.12230432033539 2.80629707872868 2.084886521101 2.09453397989273 1.81712412727731 2.23301286498706 1.91746017336845 1.98473060131073 1.34554204344749 1.84214776754379 2.13537526130676 2.20117199420929 2.26088172197342 3.43607926368713 3.97422230243683 4.01823449134827 3.50938189029694 6.55374810747478 -9999 -9999 -9999 -9999 -9999 -9999 -9999 -9999 -9999 -9999 -9999 -9999 -9999 -9999 -9999 -9999 -9999 -9999 -9999 -9999 -9999 -9999 -9999 -9999 -9999 -9999 -9999 -9999 -9999 -9999 -9999 -9999 -9999 -9999 -9999 -9999 -9999 -9999
