EcologicalScience/Bass/data/rs_data_bass/chl_417.asc
NCOLS 226 
NROWS 124 
XLLCORNER -9.41648524995501 
YLLCORNER 47.587301625531 
CELLSIZE 0.0833 
NODATA_value -9999 
[rows 54 to 80 of 124, columns 124 to 185 of 226]
2.42537409067154 2.34959874550502 2.47414839267731 2.16542066136996 2.17687952518463 2.17456748906304 2.16294758109485 2.02914200810825 2.05512011752409 1.78226791620254 1.93093520828656 1.8627633026668 2.1154241412878 2.16482019424438 2.21669366955757 2.00524343435581 1.93648815613527 1.83458895866687 2.28791461139917 2.23681580275297 2.08578575154146 2.15093066294988 1.83579604625702 2.25109295547009 2.22623108625412 2.23426158428192 2.29748001098633 2.35625400543213 2.55986143648624 2.38575254380703 2.44279294833541 1.9622471502849 2.19295111298561 2.11171538631121 2.15645091732343 2.01356779535611 2.48132553100586 2.28413820266724 1.94019899368286 1.25909916758537 1.56740330904722 2.05325482785702 1.48610324164232 1.3925815243274 1.37781318090856 1.42735963873565 1.5444353017956 1.81265112385154 2.54132865741849 3.04661092534661 3.20123330752055 4.01055811643601 4.53417621959339 5.23273113795689 4.75458359090905 6.52887588500977 5.68897404120519 6.1777356175276 6.14056562259793 9.35630007026609 -9999 -9999
2.54764800412314 2.64943298271724 2.46666848659515 2.32010505029133 2.18803052391325 2.13570134128843 2.14566198517295 2.12311231739381 2.05816708592808 1.77307977676392 1.81636089831591 2.18142301695687 2.13210660964251 2.12406455352902 2.33423993736506 2.18237715042554 2.11273598670959 1.94011567831039 1.94732792377472 2.17988694906235 1.89280984401703 2.125844369332 2.25369584560394 2.52435237169266 2.57243313789368 2.5623440861702 2.6323611497879 2.43438099821409 2.5546949605147 1.8517104126513 1.74924373626709 1.71853879094124 2.48776251077652 2.36375330885251 2.07476590077082 1.80829886098703 1.78136452039083 2.19133975505829 1.58980438609918 1.32002644613385 1.35305591672659 1.6037135720253 1.78017891570926 1.28513026423752 1.39769202896527 1.63308868237904 2.10443821549416 2.48646848968097 2.96076399832964 2.97165819704533 4.48694212870164 4.29559677839279 4.54125050703685 5.36900522311528 6.12540551026662 10.0749838352203 10.5720698833466 -9999 -9999 -9999 -9999 -9999
3.36196957616245 2.73189961910248 2.63981407029288 2.62847946371351 2.51832540546145 2.43384149244853 2.36631781213424 2.31412764156566 2.14444086481543 1.95797823866208 1.90322451790174 1.92244277894497 2.04460497697194 2.49616701112074 2.71048284278196 2.09886239767075 2.19950931072235 3.52187019235948 2.23287100451333 1.31586118340492 2.68667662143707 2.32007575035095 2.55763846635818 2.64896174669266 2.79084088121142 2.75299248525075 2.74112355709076 2.64699592590332 2.48509093523026 1.93682915344834 1.66023430600762 1.58209989219904 1.81339203119278 2.45850027600924 2.3054713010788 1.86721011002858 1.74615102509658 1.8155283331871 1.57049899796645 1.51630685726802 1.48644136885802 1.06476211734116 1.37377212569118 2.12739193439484 2.23807254061103 2.50455376931599 2.72434536899839 2.96583320125937 3.55046032775532 3.88598297144237 4.20112408462324 5.18360092765407 8.23774092538016 5.84252669130053 -9999 -9999 -9999 -9999 -9999 -9999 -9999 -9999
3.69520691462926 2.86121758818626 2.52097395658493 2.46238168080648 2.2620701789856 2.47372370607713 2.25012161451228 2.19084901318831 2.17678524466122 2.11073125109953 1.88325949509939 2.14926533897718 2.0767588665088 2.78733662997975 2.78216083961375 2.86235027387738 2.81077660247684 2.58382569998503 2.42308608690898 2.36071223872049 3.43535889898028 2.82650945186615 2.75262525081635 2.65313110351563 2.57193412780762 3.10718081678663 2.67526635953358 2.39075630903244 2.40687347650528 2.33390885591507 2.20695261955261 1.52980383485556 2.93853248655796 2.56885282198588 1.67420179843903 1.55132468938828 1.95673567553361 1.22749102860689 1.24002979137003 1.59243523081144 1.03623011335731 1.14914594705288 1.21741342086058 1.66358077526093 2.69877875223756 3.33371564000845 3.10946479439735 16.1741260255084 4.16126145422459 4.05095352977514 4.6077215044122 5.9594067523354 7.64250694002424 11.5164499282837 -9999 -9999 -9999 -9999 -9999 -9999 -9999 -9999
3.65822703838348 3.55533581030996 3.22227959831556 3.12900592883428 2.70989813903968 3.15690224310931 2.67977150748758 2.57025668200325 2.39043218598646 2.03269147872925 2.42683352530003 2.30278349623961 2.22264600150725 2.660307935306 2.67194139105933 2.57090252637863 4.17325504124165 2.75041539470355 2.72795928517977 2.67766344547272 2.81896685361862 3.0415060043335 2.54280517101288 2.42358376979828 2.21053317785263 2.44763276576996 2.18555103540421 2.24204971790314 2.226977622509 1.94047256708145 1.86625196933746 1.58179131746292 3.06419669588407 3.22481974959373 1.63232419490814 1.33655966520309 1.16626768000424 1.25236197374761 1.23055006563663 1.13423030823469 1.24979387037456 1.58091168478131 1.66404456272721 1.78046994656324 2.30170832946897 3.0277459859848 5.94135550657908 6.45727628469467 4.54659207165241 4.68702377378941 4.33675973755973 5.55380507877895 29.6346659088135 -9999 -9999 -9999 -9999 -9999 -9999 -9999 -9999 -9999
19.2934934998813 5.57400471823556 5.02263397919504 4.18911292678431 3.99068133454574 4.2958588810528 3.59202748186448 3.38049057651969 3.40078397897574 3.03304905071855 2.86375502496958 2.95717103406787 2.70948395658942 2.80035048723221 2.79140174388885 2.68062840189253 1.98513760566711 2.36062167882919 2.78298990925153 2.70015877485275 1.99785325527191 1.93203394412994 1.96175627708435 1.42798743247986 1.57326831817627 1.90380853414536 1.77062112651765 1.85400966927409 1.78158810238043 2.22747918963432 2.40176394581795 2.8957588771979 3.36394403378169 1.44455272704363 1.44987905211747 1.23471714556217 1.25984344817698 0.906791812181473 1.28091230615973 1.16257502697408 1.29801500961185 1.35777568129393 1.65265876513261 2.03066504001617 2.26874513179064 -9999 5.56233300907271 5.48356068134308 5.97734011922564 6.94533845356532 38.3417793273926 33.2306738314421 44.3833263715108 30.5609671783447 -9999 -9999 -9999 -9999 -9999 -9999 -9999 -9999
-9999 -9999 -9999 -9999 -9999 2.28387522697449 3.66412891944249 5.06702844053507 4.03833763415997 3.77999339653895 3.13638754991385 2.91083486874898 2.90801757574081 3.25554780960083 2.85352579184941 3.07381784915924 2.000892329216 2.38239978551865 3.0461168050766 2.5657210846742 1.78998596668243 1.74608615636826 1.64738253355026 1.7235546708107 1.8277196623385 1.67652195319533 1.66069759055972 1.77128031849861 1.69167256355286 2.16191881895065 2.54467992981275 3.22312544782956 3.63962020476659 1.22034745663404 1.22147928737104 1.55700950883329 1.52531554922462 1.49356735870242 1.5811030715704 1.06167775392532 1.31837284106475 1.3304906968887 1.45484639360354 1.91601993028934 2.69875265657902 12.3058445893445 -9999 -9999 -9999 -9999 23.3958469390869 20.2435626983643 21.4729899116184 65.1351455900404 -9999 -9999 -9999 -9999 -9999 -9999 -9999 -9999
-9999 -9999 -9999 -9999 -9999 -9999 -9999 -9999 5.36412940706526 4.01631756832725 3.10581910610199 3.18255934119225 3.1124549915916 3.13093923267565 2.85891103744507 2.75153426329295 2.86634128972104 2.69758002898272 1.74029938663755 1.76374473174413 1.55595990419388 1.44708435535431 1.8158240262419 1.56842775344849 1.48416438102722 1.60590739175677 1.52456064149737 1.29558736582597 1.49576219419638 1.20490535907447 1.25090721063316 1.19462092593312 0.959002789109945 1.07953259535134 1.29964133352041 1.46404095925391 1.4671778306365 1.1961870610714 1.33145931176841 1.69786000438035 1.51962101918 1.68015187978745 2.18749107764317 2.12685389603887 19.0896416902542 29.0682649612427 -9999 -9999 -9999 -9999 17.548882484436 12.7856915914095 34.3422538340092 21.0137557472502 13.9796827350344 16.7342251264132 -9999 -9999 -9999 -9999 -9999 -9999
-9999 -9999 -9999 -9999 -9999 -9999 -9999 -9999 -9999 -9999 3.43480073412259 3.43183219432831 3.67709306875865 3.40290152399163 2.91541101535161 2.77221037009183 2.59704609711965 2.66876150229398 2.64232132715337 1.78036706788199 1.60209180116653 1.44308621883392 1.41646456718445 1.70533000230789 1.46864364147186 1.4107128996402 1.39585577510297 1.45522696338594 1.35666570067406 0.770598742179573 0.594339645467699 3.59617761274179 1.0214726999402 0.995312824845314 1.24644446745515 2.26618557316916 1.98439404865106 1.49357246359189 1.66640798002481 1.94790571555495 2.09677362442017 2.21118288114667 2.33461431264877 2.56746513023973 10.9665034511714 -9999 -9999 -9999 -9999 -9999 -9999 -9999 9.0170955192752 10.1908765860966 8.50190244402204 10.9425846167973 10.8786277770996 -9999 -9999 -9999 -9999 -9999
-9999 -9999 -9999 -9999 -9999 -9999 -9999 -9999 -9999 4.3704868555069 3.57802193363508 3.31559575597445 3.58601454057192 3.56837307779413 3.3271951675415 3.10023235222873 2.98573621230967 2.59523524045944 2.48705756664276 2.55895304679871 2.52490119636059 1.54475696881612 1.43744419076863 1.44963849116774 1.4029790405184 1.36137602292001 1.21143314739068 1.22433605293433 1.29256023466587 1.80737585822741 0.743980335071683 0.843828393146396 0.916034543886781 0.967727148905396 1.17508552372456 1.32162075340748 2.70387560129166 2.66118388871352 1.77878573766121 1.80160284959353 1.96532517671585 2.17386502944506 2.77346661686897 3.21401337782542 14.2773250538169 33.0447750091553 -9999 -9999 -9999 16.4010044038296 14.5449301763014 23.1234947741032 13.7004802823067 14.5778303146362 5.74912034613746 8.58122688531876 15.0357347770973 -9999 -9999 -9999 -9999 -9999
-9999 -9999 -9999 -9999 -9999 -9999 -9999 -9999 -9999 -9999 4.22938179969788 3.61497754851977 4.17670546844602 4.217673137784 3.59732930660248 3.18544889688492 2.91162250041962 2.71703338623047 2.51868760585785 2.55964686870575 2.4233967512846 2.04173129796982 1.52887256443501 1.52315137535334 1.38432282954454 1.29622981945674 1.19363975524902 1.10754907379548 1.37216568986575 1.76183258493741 2.31918852031231 0.800448782742023 0.878865167498589 0.914293710887432 1.10621462613344 1.22188193053007 1.27280851453543 1.52664132301624 1.7711606163245 1.9621488910455 2.13191745372919 2.37517235370783 2.99810667335987 3.36646854579449 7.71866522020507 -9999 -9999 -9999 -9999 -9999 12.050297498703 15.4929037094116 15.279921690623 14.385089914004 13.1942517360051 -9999 -9999 -9999 -9999 -9999 -9999 -9999
-9999 -9999 -9999 -9999 -9999 -9999 -9999 -9999 -9999 3.67937564849854 3.60701824227969 2.71679537436541 3.66802241653204 3.64029466733336 3.3221864271909 3.29226211940541 2.94624530217227 2.55950880423188 2.32560233026743 2.21485881742678 2.32596268504858 1.85883390158415 1.5573253589017 1.41055950522423 1.32248221834501 1.40205292900403 1.36376752456029 1.27804230650266 1.28788649539153 1.65671290457249 2.1441370181062 2.69153007729487 0.784828522056341 1.03132995733848 1.11828616949228 1.26656657915849 1.49252058450992 1.85564794448706 1.2588612139225 1.73905445337296 2.43681439986596 2.83264769241214 2.84282853081822 6.41500988515835 3.86466658115387 -9999 -9999 -9999 -9999 -9999 12.4942041635513 13.4753822386265 19.1223857402802 24.30223360727 -9999 -9999 -9999 -9999 -9999 -9999 -9999 -9999
-9999 -9999 -9999 -9999 -9999 -9999 -9999 -9999 -9999 2.98021503757028 3.6068894757944 3.60712240934372 3.64959592478616 3.16118098050356 3.27347388267517 2.81426917389035 2.48604332841933 2.46075702644885 2.90064834058285 2.355204641819 1.99981125692526 1.74685335159302 1.42368797461192 1.34688895940781 1.46643950993365 1.51988414426645 1.4909773170948 1.0439777970314 1.41189837952455 1.76385389765104 2.28397167722384 2.71553349494934 3.72159171104431 4.13115906715393 1.06950292220482 1.1327265009284 1.56043252524208 2.21990596354008 2.22688502445817 2.61960962414742 2.30186247825623 3.35657300055027 3.98449621597926 8.44636103944871 3.86466693878174 -9999 -9999 -9999 -9999 12.1949715614319 -9999 -9999 -9999 -9999 -9999 -9999 -9999 -9999 -9999 -9999 -9999 -9999
-9999 -9999 -9999 -9999 -9999 -9999 -9999 -9999 -9999 2.9949563741684 2.96859309953802 4.0223023550851 3.91841398818152 3.46620425156185 2.59490541368723 2.65254937901216 2.46560857225867 2.54063721497854 2.12984854976336 1.88968680302302 1.66578136881193 1.52912432452043 1.40796765685081 1.3693733215332 1.47307818857106 1.37972848614057 1.42152906457583 1.07812477350235 1.03525662735889 2.11706646283468 2.59170453747114 3.05986362695694 3.6357871890068 3.92878948648771 4.67160730560621 1.14841212630272 2.01580172181129 1.35783901810646 2.14560135602951 2.34582116603851 2.56512603759766 2.51329990625382 8.49446676097699 -9999 -9999 -9999 -9999 -9999 -9999 -9999 -9999 -9999 -9999 -9999 -9999 -9999 -9999 -9999 -9999 -9999 -9999 -9999
-9999 -9999 -9999 -9999 -9999 -9999 -9999 -9999 16.145482635498 3.08614173531532 3.97187143564224 3.75795568227768 3.77659847055163 2.85599563121796 2.64967976808548 2.35710575804114 2.45017955984388 1.08914018027923 1.8601332406203 1.70348393917084 1.43718483095819 1.36909258862336 1.43866647779942 1.46911229193211 1.51439408280633 1.52759770371697 1.20404602736235 1.47036548952262 1.71873090664546 1.38896501660347 1.39859923124313 3.21349906650457 3.80352334678173 3.87722108264764 4.31743934253852 2.43895590305328 2.67511286213994 3.61673308163881 1.95400301218033 1.86078366041183 2.94101766496897 9.27936371818918 13.96257715771 -9999 -9999 -9999 -9999 -9999 -9999 -9999 -9999 -9999 -9999 -9999 -9999 -9999 -9999 -9999 -9999 -9999 -9999 -9999
-9999 -9999 -9999 -9999 -9999 -9999 -9999 3.28386068344116 3.06893105059862 3.41575015584628 3.48791388904347 3.16518098115921 3.69379663467407 2.98507426679134 2.70462818940481 2.41545388102531 1.85311157628894 1.49444982723186 1.47540445888744 1.216861769557 1.12514081597328 1.13326140493155 1.34607779234648 1.37397203966975 1.31214062310755 1.28349421732128 1.26295708032215 1.34708168018948 1.6102608868054 1.7462943629785 1.17193968358793 2.8038455274972 3.1807127892971 3.98082169890404 3.66483280062675 2.40675316751003 2.73386210203171 3.19438014551997 3.21333611011505 3.17354476824403 20.380196238027 5.69786846637726 3.25656187534332 -9999 -9999 -9999 -9999 -9999 -9999 -9999 -9999 -9999 -9999 -9999 -9999 -9999 -9999 -9999 -9999 -9999 -9999 -9999
-9999 -9999 -9999 -9999 -9999 -9999 3.33678344317845 3.03304969563204 2.97575343572176 4.11413333415985 4.042879986763 3.88269782066345 3.9961234331131 3.08494006097317 2.51753711700439 1.54765279355802 1.49938760933123 1.43835697362297 1.36463021918347 1.31402932029021 1.39801919460297 1.3950302565799 1.40171128883958 1.41591589339077 1.36661658994853 1.1963127374649 1.24600165768674 1.27523473431082 1.27100206205719 1.31315573893095 1.46947519089046 1.62653885568891 2.70817364752293 2.57592566524233 2.46422300168446 2.93069030841192 3.37417320907116 3.39569785818458 3.23191449791193 -9999 -9999 -9999 -9999 -9999 -9999 -9999 -9999 -9999 -9999 -9999 -9999 -9999 -9999 -9999 -9999 -9999 -9999 -9999 -9999 -9999 -9999 -9999
-9999 -9999 -9999 -9999 3.4667329788208 3.27461336340223 3.05822007095113 2.94155702170204 3.72957637310028 3.81459760665894 3.73760476112366 3.37476644665003 3.17504243552685 2.56746578961611 2.28060510597731 1.95705933319895 1.64960411347841 1.32000213390902 1.37934832353341 1.29646438546479 1.21654849871993 1.37272573448718 1.4599825501442 1.45713168382645 1.54359372854233 1.25992070777076 1.32526905196054 1.36297455004283 1.4620663864272 1.49084857576772 1.74265363341884 1.84910195524042 1.90307879447937 2.02551913261414 2.49912512302399 3.20524218678474 3.68622604283419 3.88240062106739 -9999 -9999 -9999 -9999 -9999 -9999 -9999 -9999 -9999 -9999 -9999 -9999 -9999 -9999 -9999 -9999 -9999 -9999 -9999 -9999 -9999 -9999 -9999 -9999
-9999 -9999 -9999 -9999 3.27523359230586 3.40818948605481 3.23146925253027 2.93768172404345 3.59582057967782 3.33020843937993 3.12163454666734 3.12814388796687 2.85302938520908 2.69173227623105 2.51123507022858 1.80296822105135 1.49898844957352 0.793107494711876 2.01992813178471 2.24645783270107 2.27514509944355 2.35798007600448 1.64590440988541 1.57851201295853 1.62977406978607 1.27722752620192 1.37400599036898 1.47610317809241 1.54934048652649 1.83769862140928 2.01048304276033 2.13206494396383 2.2788410782814 2.49957921504974 2.64184219837189 3.25309769312541 3.65165403485298 -9999 -9999 -9999 -9999 -9999 -9999 -9999 -9999 -9999 -9999 -9999 -9999 -9999 -9999 -9999 -9999 -9999 -9999 -9999 -9999 -9999 -9999 -9999 -9999 -9999
-9999 59.2525577225499 3.46258592605591 3.62363948822022 3.23611414432526 2.83852196090362 2.80777511526557 2.80170899980208 2.50212804629252 3.3543814457953 3.18855492398143 2.8507291674614 2.57981322705746 2.34745781868696 1.80510403588414 1.52386723458767 1.72714584072431 1.99024223784606 2.33469516038895 2.65234198640375 2.7465462474262 1.6146714091301 1.62917754650116 1.67112768888474 1.67871733903885 1.48812611613955 1.56766439335687 1.58516400510615 1.85960440124784 2.14681779486792 2.11819891496138 2.10199635679072 2.49731298593374 2.75743389129639 3.18572226762772 38.1035113182474 -9999 -9999 -9999 -9999 -9999 -9999 -9999 -9999 -9999 -9999 -9999 -9999 -9999 -9999 -9999 -9999 -9999 -9999 -9999 -9999 -9999 -9999 -9999 -9999 -9999 -9999
3.64214817115239 3.5210425395232 3.47096096552335 4.05775512456894 3.42207541465759 3.25465656178338 3.04873766899109 2.75463257431984 2.45832252502441 2.23708699299739 3.05442778766155 2.67402715981007 2.43458770215511 1.97157872915268 1.82778367996216 1.3905287861824 1.84163587584215 2.10569798946381 2.54176561037699 0.70691933631897 1.12741331756115 1.22815181314945 1.2395057156682 1.25126989398684 1.40490456957083 1.62570491858891 1.73710689374379 1.91249825273241 2.17890294109072 2.4150377374429 2.62686159060552 2.68423921328325 2.37790796756744 -9999 -9999 -9999 -9999 -9999 -9999 -9999 -9999 -9999 -9999 -9999 -9999 -9999 -9999 -9999 -9999 -9999 -9999 -9999 -9999 -9999 -9999 -9999 -9999 -9999 -9999 -9999 -9999 -9999
3.57602500915527 3.63650847398318 3.64077029778407 3.38974360227585 3.28927431106567 3.16230010986328 2.89121099710465 2.69085917472839 2.41829372048378 2.15268804430962 1.73019259572029 1.38519344329834 1.59563637971878 1.29989476203918 1.45431990623474 1.54099363088608 0.777528315782547 2.41141784191132 2.55339515705903 2.70386523505052 1.19481351971626 1.03310737715048 1.32827365994453 1.43410838246346 1.69455414093458 1.8552194237709 2.21854295049395 2.31950109345572 2.48532493114471 2.83594277501106 3.27353639155626 3.90202651304357 1.7271084359714 1.38707894682884 1.0402961820364 7.85360077655677 -9999 -9999 -9999 -9999 -9999 -9999 -9999 -9999 -9999 -9999 -9999 -9999 -9999 -9999 -9999 -9999 -9999 -9999 -9999 -9999 -9999 -9999 -9999 -9999 -9999 -9999
3.85910975933075 3.91956532001495 3.94719262719154 3.58766183853149 3.63641095161438 3.50071175694466 3.13181864619255 2.49523251056671 2.13464646935463 1.72640224099159 1.4798992484808 2.30798970601138 1.42121132612228 1.31338977813721 1.18014288134873 1.34303189255297 0.704702547618321 1.13018459826708 1.07906495779753 2.80217978533577 1.19418000429869 1.43314180203847 1.5201013147831 1.78221238851547 1.7724614739418 2.0908064521276 2.39992834513004 2.22444441318512 3.11775928735733 3.55935633724386 9.59957875338468 -9999 -9999 -9999 -9999 -9999 -9999 -9999 -9999 -9999 -9999 -9999 -9999 -9999 -9999 -9999 -9999 -9999 -9999 -9999 -9999 -9999 -9999 -9999 -9999 -9999 -9999 -9999 -9999 -9999 -9999 -9999
4.44628719091415 3.24364754786858 4.50303654670715 3.73829884529114 3.73415561914444 3.66669307351112 3.43879269361496 2.7980345249176 2.45032721757889 1.96948086619377 1.59966242909431 1.92477583008654 1.29071402549744 1.15742792487144 1.31544392108917 1.28579190373421 1.33582466840744 2.5083889540504 1.15873231337621 2.38776787742972 1.35871866345406 1.52050258563115 1.64600762724876 1.95226635038853 2.3905785381794 2.58706820011139 2.82519169151783 2.81645975112915 2.9089898566405 3.14772855242093 3.47172985474269 3.95302020985147 -9999 -9999 -9999 -9999 -9999 -9999 39.6011348137489 12.6942715644836 -9999 -9999 -9999 -9999 -9999 -9999 -9999 -9999 -9999 -9999 -9999 -9999 -9999 -9999 -9999 -9999 -9999 -9999 -9999 -9999 -9999 -9999
3.6617007746416 3.72181726353509 3.55299660137721 3.60255668560664 4.18717034339905 4.34759586197989 3.4996501604716 2.28864728808403 2.03068882226944 1.53814318478107 1.16977011412382 1.92101239661376 1.48309125006199 1.14790596999228 1.19805602543056 1.23653849959373 1.30371767096221 1.49239515066147 1.69063377806119 1.52878708392382 1.68957816178982 1.6895196896333 1.7789206802845 2.37113638222218 2.81067895889282 3.13582521677017 3.00708334520459 3.11800357326865 3.11065112426877 3.23690858110785 4.84101640656047 3.42093944549561 -9999 -9999 -9999 -9999 -9999 -9999 -9999 -9999 -9999 -9999 -9999 -9999 -9999 -9999 -9999 -9999 -9999 -9999 -9999 -9999 -9999 -9999 -9999 -9999 -9999 -9999 -9999 -9999 -9999 -9999
-9999 -9999 -9999 -9999 -9999 5.47813674953434 4.65037025511265 2.97793405652046 1.90713715553284 1.46636993587017 2.57053971290588 0.923725884407759 1.6945145825545 0.979976866175147 1.23205281794071 1.46715393662453 1.34119098633528 1.31578809022903 1.39454090595245 1.52783878491475 1.7712310552597 2.00364491343498 2.26181076467037 2.63755204847881 2.97046357819012 4.1678277867181 -9999 -9999 -9999 -9999 -9999 -9999 -9999 -9999 -9999 -9999 -9999 -9999 -9999 -9999 -9999 -9999 -9999 -9999 -9999 -9999 -9999 -9999 -9999 -9999 -9999 -9999 -9999 -9999 -9999 -9999 -9999 -9999 -9999 -9999 -9999 -9999
-9999 -9999 -9999 -9999 -9999 -9999 2.98192140034267 2.59591260105371 1.42130445688963 1.86258298158646 1.39409732286419 1.94953202207883 1.12715210951865 1.09267394989729 1.19236052462033 1.28507592461326 1.37053380229256 1.4096010694137 1.69577187299728 2.03534877300262 2.29664202034473 2.46165333344386 2.4493020772934 6.28922921419144 -9999 -9999 -9999 -9999 -9999 -9999 -9999 -9999 -9999 -9999 -9999 -9999 -9999 -9999 -9999 -9999 -9999 -9999 -9999 -9999 -9999 -9999 -9999 -9999 -9999 -9999 -9999 -9999 -9999 -9999 -9999 -9999 -9999 -9999 -9999 -9999 -9999 -9999
