EcologicalScience/Bass/data/rs_data_bass/chl_377.asc
NCOLS 226 
NROWS 124 
XLLCORNER -9.41648524995501 
YLLCORNER 47.587301625531 
CELLSIZE 0.0833 
NODATA_value -9999 
[rows 81 to 107 of 124, columns 62 to 123 of 226]
3.85158455371857 5.97498106956482 7.6620512008667 7.66205191612244 -9999 -9999 -9999 -9999 -9999 -9999 -9999 -9999 -9999 -9999 -9999 -9999 -9999 -9999 -9999 -9999 -9999 -9999 -9999 -9999 -9999 -9999 -9999 -9999 -9999 -9999 -9999 -9999 -9999 -9999 -9999 -9999 -9999 -9999 -9999 -9999 -9999 -9999 -9999 -9999 -9999 -9999 -9999 -9999 -9999 -9999 -9999 -9999 -9999 -9999 -9999 -9999 -9999 -9999 -9999 -9999 -9999 -9999
3.21116116671886 -9999 -9999 -9999 -9999 -9999 -9999 -9999 -9999 -9999 -9999 -9999 -9999 -9999 -9999 -9999 -9999 -9999 -9999 -9999 -9999 -9999 -9999 -9999 -9999 -9999 -9999 -9999 -9999 -9999 -9999 -9999 -9999 -9999 -9999 -9999 -9999 -9999 -9999 -9999 -9999 -9999 -9999 -9999 -9999 -9999 -9999 -9999 -9999 -9999 -9999 -9999 -9999 -9999 -9999 -9999 -9999 -9999 -9999 -9999 -9999 -9999
-9999 -9999 -9999 -9999 -9999 -9999 -9999 -9999 -9999 -9999 -9999 -9999 -9999 -9999 -9999 -9999 -9999 -9999 -9999 -9999 -9999 -9999 -9999 -9999 -9999 -9999 -9999 -9999 -9999 -9999 -9999 -9999 -9999 -9999 -9999 -9999 -9999 -9999 -9999 -9999 -9999 -9999 -9999 -9999 -9999 -9999 -9999 -9999 -9999 -9999 -9999 -9999 -9999 -9999 -9999 -9999 -9999 -9999 -9999 -9999 -9999 -9999
-9999 -9999 -9999 -9999 -9999 -9999 -9999 -9999 -9999 -9999 -9999 -9999 -9999 -9999 -9999 -9999 -9999 -9999 -9999 -9999 -9999 -9999 -9999 -9999 -9999 -9999 -9999 -9999 -9999 -9999 -9999 -9999 -9999 -9999 -9999 -9999 -9999 -9999 -9999 -9999 -9999 -9999 -9999 -9999 -9999 -9999 -9999 -9999 -9999 -9999 -9999 -9999 -9999 -9999 -9999 -9999 -9999 5.4787357432171 5.81301376398872 3.03437912464142 2.83258867263794 2.60460591316223
-9999 -9999 -9999 -9999 -9999 -9999 -9999 -9999 -9999 -9999 -9999 -9999 -9999 -9999 -9999 -9999 -9999 -9999 -9999 -9999 -9999 -9999 -9999 -9999 -9999 -9999 -9999 -9999 -9999 -9999 -9999 -9999 -9999 -9999 -9999 -9999 37.1749906539917 -9999 4.06605899333954 3.82082462310791 -9999 -9999 2.10067827701569 6.4358925819397 6.15052843093872 4.31692814826965 3.37315857410431 3.52769458293915 4.4560604095459 4.37915325164795 4.57884228229523 2.1028346568346 -9999 -9999 -9999 2.64908391237259 3.7154438495636 2.5606791973114 2.44275748729706 2.32517856359482 1.80881917476654 1.71138149499893
-9999 -9999 -9999 -9999 -9999 -9999 -9999 -9999 -9999 -9999 -9999 -9999 12.001266002655 1.86747529019009 3.81605014204979 2.45636183023453 2.3991562128067 2.83168423175812 1.12509450316429 -9999 -9999 -9999 -9999 -9999 -9999 -9999 -9999 -9999 2.55161780118942 2.63188505172729 2.84871751070023 2.79731923341751 -9999 3.66949796676636 -9999 -9999 -9999 -9999 3.18479990959167 3.08000564575195 2.95658773183823 3.01396214962006 2.9225070476532 3.09416234493256 3.19819343090057 3.40274477005005 3.3509384393692 3.15905320644379 2.89705342054367 3.24692916870117 3.64597642421722 3.6803902387619 4.07565379142761 3.96205115318298 3.43387877941132 3.02975928783417 2.63701128959656 1.90483421087265 1.62577718496323 1.37522551417351 1.15878975391388 1.19368046522141
-9999 -9999 -9999 -9999 -9999 -9999 -9999 -9999 -9999 -9999 54.6990165710449 12.058452129364 3.88578450679779 2.60577142238617 2.3892315030098 2.10094267129898 1.78970843553543 1.91198480129242 2.15423619747162 1.59167397022247 1.46482098764843 -9999 1.31800003051758 2.35502332448959 1.64579021930695 -9999 -9999 2.26996124982834 2.34576523303986 2.60619074106216 2.61648452281952 2.93502223491669 3.06071627140045 2.99238967895508 -9999 -9999 3.11147593965336 3.03762924671173 2.8886114358902 2.97778648138046 2.97126603126526 2.91621601581573 2.69456255435944 2.57776951789856 2.36931896209717 2.26353675127029 2.25669819116592 2.14893668889999 2.18109530210495 2.29532182216644 2.13586056232452 2.03047049045563 1.98987382650375 2.2930514216423 2.09405618906021 1.89890241622925 1.72133553028107 1.3886182308197 1.23824697732925 1.07335272431374 0.804812282323837 0.803305506706238
-9999 -9999 -9999 -9999 -9999 -9999 -9999 -9999 -9999 7.62425708770752 11.0781033039093 3.48361730575562 1.81419003009796 1.33717051148415 1.37274152040482 1.18163171410561 1.29288679361343 1.31128576397896 1.35026550292969 1.46750020980835 1.64599800109863 2.60843162787588 1.65984517335892 1.95430791378021 2.10745793581009 2.08752304315567 2.2788764834404 2.28895729780197 2.26890152692795 2.35050755739212 2.48237550258636 2.91976493597031 2.91897904872894 2.93804848194122 3.30504298210144 3.38496530056 3.10218286514282 2.83397179841995 2.63797116279602 2.68095821142197 2.62833595275879 2.4983144402504 2.33308732509613 2.2155824303627 2.16131258010864 1.82717782258987 1.6132972240448 1.54747867584229 1.46393403410912 1.35110172629356 1.27057948708534 1.28464499115944 1.31808829307556 1.42250025272369 1.49793747067451 1.52859896421432 1.47954753041267 1.24948650598526 1.10643973946571 0.893700778484344 0.690507754683495 0.709622249007225
-9999 -9999 -9999 -9999 -9999 -9999 -9999 -9999 -9999 2.65848898887634 1.62893396615982 1.53233242034912 1.37190753221512 0.972829520702362 0.787677794694901 0.811851739883423 0.998849987983704 1.1413049697876 1.24199849367142 1.35165596008301 1.54780358076096 1.65142947435379 1.63606345653534 1.69480955600739 1.77568048238754 1.86051893234253 1.86892282962799 1.95632922649384 2.06058901548386 2.13524168729782 2.21359795331955 2.61389476060867 2.6822549700737 2.73160797357559 2.85760492086411 2.85373270511627 2.707200050354 2.4948878288269 2.58316648006439 2.5611480474472 2.58832275867462 2.49886357784271 2.05442708730698 2.11075204610825 1.90487480163574 1.57317978143692 1.5220559835434 1.37318703532219 1.27059674263 1.14476779103279 1.12970477342606 1.14284402132034 1.15332752466202 1.23769953846931 1.28316450119019 1.28573021292686 1.19655302166939 1.04267773032188 0.916630536317825 0.792197227478027 0.689873993396759 0.796705484390259
-9999 -9999 -9999 -9999 -9999 -9999 -9999 -9999 -9999 1.73924624919891 1.56203466653824 1.00774821639061 1.03098750114441 0.75833398103714 0.749523013830185 0.723964512348175 0.687291741371155 0.80173122882843 0.907562971115112 1.08796352148056 1.41275703907013 1.44605925679207 1.47384372353554 1.47099450230598 1.42440301179886 1.43060320615768 1.45238775014877 1.59153521060944 1.71729969978333 1.80492371320724 1.89493203163147 2.23030346632004 2.37102144956589 2.51815277338028 2.64691579341888 2.66462999582291 2.50947976112366 2.43156892061234 2.39958822727203 2.39293491840363 2.32407456636429 2.1891548037529 2.05736553668976 2.02424848079681 2.20762342214584 2.13225066661835 1.65321457386017 1.48455825448036 1.33712553977966 1.0864462852478 1.04426774382591 0.999456793069839 0.98222628235817 1.08555972576141 1.21440678834915 1.30833971500397 1.27354502677917 1.10627925395966 0.919898986816406 0.804057776927948 0.754734724760056 0.842073708772659
1.39119301736355 1.91068124771118 1.16788196563721 1.27755725383759 -9999 -9999 -9999 3.10813937498176 1.27070626616478 1.23063370585442 1.40619975328445 0.812461495399475 0.796843528747559 0.739053770899773 0.811599791049957 0.828713983297348 0.786210000514984 0.626380518078804 0.615386232733727 0.69523049890995 0.820223987102509 0.88560077548027 0.873234003782272 0.970008730888367 1.006965726614 0.973051518201828 0.954743206501007 0.998423963785172 1.09300276637077 1.13498702645302 1.19542050361633 1.36370024085045 1.50940042734146 1.54113292694092 1.76065278053284 2.20137298107147 2.30873250961304 2.15660691261292 1.91185051202774 1.78855794668198 1.77285826206207 1.68920767307281 1.84265094995499 1.6451940536499 1.51185303926468 1.37823075056076 1.19862377643585 1.10791423916817 1.02812996506691 0.961165487766266 0.990568488836288 0.963428288698196 0.993740290403366 1.26976945996284 1.4259959757328 1.5261937379837 1.33211249113083 1.13667449355125 0.983765959739685 0.894095242023468 0.941249996423721 1.0817459821701
0.772846519947052 0.762278974056244 0.735434643924236 0.799643978476524 0.760134749114513 0.970397740602493 0.868331976234913 0.935586377978325 0.960065603256226 0.967292279005051 0.832105457782745 0.844994992017746 0.859232246875763 0.89029124379158 0.906545966863632 0.882841497659683 0.804536283016205 0.684485256671906 0.748554736375809 0.763380736112595 0.77904599905014 0.75855678319931 0.734600991010666 0.772723495960236 0.796562969684601 0.839081972837448 0.820945501327515 0.817952960729599 0.900263965129852 0.915861010551453 0.959786206483841 1.0986562371254 1.131820499897 1.08752703666687 1.15745320916176 1.40664598345757 1.41942071914673 1.40402698516846 1.53467774391174 1.23084229230881 1.09602150321007 0.925466269254684 0.825321793556213 0.856961220502853 0.788142710924149 0.881355732679367 0.889892220497131 0.869386464357376 0.846905261278152 0.845229774713516 0.854861229658127 0.897242993116379 0.990103483200073 1.15307995676994 1.25311571359634 1.28893876075745 1.21911603212357 1.20017096400261 1.17990750074387 1.21996423602104 1.39214926958084 1.45253849029541
0.653582230210304 0.648203998804092 0.57786825299263 0.638998501002789 0.674308128654957 0.697621867060661 0.568562999367714 0.775983721017838 0.826014786958694 0.806370735168457 0.799723505973816 0.768898487091064 0.758323520421982 0.818731516599655 0.742340236902237 0.686752483248711 0.690669760107994 0.731819987297058 0.751476734876633 0.763365715742111 0.737149491906166 0.726453736424446 0.722850769758224 0.686537235975266 0.757227033376694 0.785187005996704 0.784987539052963 0.779491513967514 0.832582533359528 0.877637207508087 0.901969492435455 0.862317770719528 0.855965226888657 0.845690220594406 0.859465509653091 0.995643764734268 1.04735550284386 1.10539045929909 1.01713353395462 0.822128266096115 0.811699479818344 0.845919728279114 1.01773202419281 0.927558034658432 0.759743213653564 0.769133269786835 0.715299010276794 0.799677014350891 0.832521021366119 1.02796053886414 0.943469256162643 0.876204013824463 0.922814279794693 1.04092946648598 1.08811345696449 1.11200398206711 1.23104023933411 1.27468577027321 1.28705549240112 1.34865376353264 1.67825317382812 1.56900233030319
0.554927989840508 0.568353742361069 0.573167234659195 0.57225975394249 0.550931230187416 0.560786247253418 0.571419730782509 0.764903962612152 0.760054528713226 0.745720490813255 0.749951228499413 0.72078900039196 0.703975483775139 0.712192520499229 0.698645979166031 0.691421985626221 0.698960244655609 0.707402229309082 0.71041502058506 0.726206257939339 0.736861512064934 0.749559760093689 0.769855499267578 0.806392461061478 0.825283527374268 0.85054948925972 0.821397006511688 0.837437242269516 0.872941464185715 0.851936995983124 0.879750788211823 0.838127285242081 0.827239483594894 0.820608794689178 0.854902535676956 0.921896249055862 0.851604759693146 0.917685717344284 0.997192472219467 0.751536726951599 0.783338963985443 0.797160029411316 0.879338264465332 0.918669015169144 0.957619518041611 1.06187546253204 1.00404301285744 0.95798322558403 0.846446245908737 0.921759724617004 0.955293774604797 0.95556977391243 0.965297967195511 1.07347646355629 1.06014677882195 1.10914653539658 1.21975502371788 1.27226096391678 1.36434522271156 1.4908635020256 1.74475568532944 1.75507646799088
0.58135199546814 0.593036994338036 0.596780240535736 0.576754510402679 0.570527270436287 0.57855749130249 0.567651003599167 0.576411008834839 0.573605999350548 0.576708734035492 0.628504514694214 0.706433996558189 0.704228237271309 0.71569199860096 0.746237263083458 0.761994034051895 0.764648258686066 0.756746292114258 0.74040524661541 0.734947487711906 0.750381767749786 0.762220501899719 0.789216041564941 0.809726983308792 0.850209027528763 0.910240530967712 0.90661346912384 0.905125468969345 0.905660212039948 0.896525233983994 0.887666255235672 0.893382042646408 0.921381711959839 0.914793759584427 0.916254758834839 0.881165206432343 0.91211324930191 0.952583223581314 1.11424577236176 1.08708822727203 1.10620495676994 1.00077670812607 0.993448466062546 1.04919451475143 1.03390422463417 1.02679646015167 0.910084515810013 0.799435526132584 0.889136284589767 0.95067223906517 0.922051459550858 0.943188786506653 1.0001819729805 1.08543598651886 1.08014398813248 1.13987696170807 1.37996622920036 1.54782521724701 1.67669552564621 1.74321305751801 2.3504444360733 2.55615520477295
0.526682987809181 0.52623675763607 0.505763992667198 0.501149252057076 0.516612768173218 0.534674987196922 0.540514513850212 0.53574375808239 0.553788006305695 0.541184261441231 0.602203488349915 0.647320479154587 0.668448016047478 0.699258014559746 0.723088502883911 0.770340710878372 0.7734195291996 0.756567746400833 0.709905758500099 0.711218252778053 0.714801013469696 0.715906485915184 0.771079480648041 0.847250998020172 0.926848500967026 0.999785274267197 0.993901491165161 0.986379772424698 0.979472994804382 0.971044510602951 0.960573792457581 0.967308014631271 0.995553731918335 0.988899707794189 0.984342724084854 1.03246647119522 1.05085274577141 1.10371497273445 1.24200001358986 1.31750696897507 1.27740821242332 1.24605453014374 1.11216151714325 1.15271553397179 1.14997878670692 1.02507600188255 1.04344949126244 1.07695797085762 1.05858153104782 1.10427752137184 1.07928228378296 1.09202322363853 1.10188499093056 1.22094449400902 1.28991597890854 1.31157597899437 1.72111344337463 2.00200349092484 2.12564331293106 2.19619506597519 3.34596576690674 3.80282570277491
0.484711512923241 0.490366503596306 0.492593228816986 0.464257501065731 0.450327381491661 0.492444008588791 0.505898997187614 0.424670979380608 0.532428771257401 0.554702237248421 0.560399249196053 0.580294489860535 0.576187491416931 0.561042755842209 0.560703009366989 0.676587760448456 0.735928505659103 0.73954501748085 0.657171741127968 0.649745240807533 0.667957484722137 0.668649762868881 0.798513740301132 0.909269213676453 0.998816281557083 1.02187952399254 1.12846496701241 1.17689028382301 1.15474346280098 1.06406772136688 1.08079352974892 1.10699620842934 1.22877153754234 1.32732447981834 1.32894596457481 1.26828753948212 1.13678929209709 1.12753799557686 1.13316151499748 1.18977597355843 1.28110724687576 1.30585795640945 1.0533435344696 1.04376527667046 1.18610697984695 1.1648984849453 1.25201699137688 1.49364674091339 1.37145075201988 1.02876225113869 1.10378846526146 1.31925603747368 1.55444705486298 1.62299019098282 1.76999339461327 1.65368666499853 2.66786902403309 -9999 -9999 -9999 -9999 -9999
0.477827981114388 0.488331735134125 0.493972510099411 0.435107253491879 0.442721262574196 0.433875739574432 0.446327246725559 0.4675462692976 0.552255749702454 0.556690514087677 0.575274020433426 0.600332245230675 0.580714479088783 0.577921494841576 0.577545762062073 0.568585485219955 0.591964513063431 0.627627745270729 0.682110741734505 0.714767262339592 0.785319775342941 0.849165022373199 0.969260215759277 1.02198895812035 1.13610300421715 1.4388000369072 1.33601921796799 1.42386746406555 1.27352696657181 1.20895349979401 1.23172429203987 1.28203877806664 1.69366121292114 1.77651679515839 1.87533152103424 1.69754844903946 1.34415221214294 1.13843920826912 1.06765347719193 1.19346302747726 1.27840054035187 1.31184446811676 1.37696251273155 1.29949352145195 1.16229003667831 1.1376847922802 0.975062280893326 1.01051849126816 0.77319073677063 1.23075225949287 1.57364845275879 1.79523307085037 1.80063895136118 14.0453494702067 1.54856971639102 -9999 -9999 -9999 -9999 -9999 -9999 -9999
0.429051741957664 0.451620742678642 0.395027630031109 0.422807246446609 0.410449884831905 0.450316518545151 0.540292516350746 0.527328014373779 0.590434491634369 0.591494232416153 0.58135199546814 0.579500243067741 0.528443232178688 0.514248758554459 0.513481512665749 0.530431509017944 0.673195481300354 0.785955727100372 0.787315517663956 0.94104078412056 0.921775460243225 0.901335775852203 0.970237523317337 1.01106297969818 1.05523726344109 1.16070976853371 1.51549583673477 1.50713557004929 1.44471396505833 -9999 -9999 -9999 -9999 -9999 -9999 3.14426672458649 1.41995850205421 1.2129382789135 1.1358659863472 1.31597399711609 1.27136698365211 1.08079424500465 0.9088154733181 0.948639035224915 0.991361975669861 0.999016463756561 1.08942675590515 1.25870248675346 1.39880928397179 1.82168698310852 1.96803975105286 2.09331423044205 3.39665608406067 1.9762424826622 1.97624230384827 -9999 -9999 -9999 -9999 -9999 -9999 -9999
0.403586268424988 0.406786501407623 0.444920986890793 0.417164996266365 0.430098742246628 0.558055490255356 0.547510519623756 0.550174489617348 0.554564237594604 0.540948003530502 0.541504517197609 0.56420025229454 0.531519770622253 0.484228491783142 0.473949730396271 0.485853731632233 0.656901732087135 0.892569780349731 1.07344570755959 0.985679268836975 0.903398215770721 0.935502737760544 0.868251711130142 0.930276721715927 1.02629622817039 1.05191096663475 1.35509848594666 1.4984632730484 1.55874518305063 -9999 -9999 -9999 -9999 -9999 -9999 -9999 1.52776050567627 1.2125129699707 1.10186478495598 1.00504124164581 1.09219273924828 1.05687153339386 1.02125546336174 1.03583478927612 1.08094426989555 1.16138926148415 1.59910118579865 1.95278477668762 2.39815127849579 2.29632818698883 1.98424538969994 2.76128792762756 -9999 -9999 -9999 -9999 -9999 -9999 -9999 -9999 -9999 -9999
0.435522750020027 0.437498241662979 0.429791986942291 0.51623623073101 0.505805253982544 0.522282019257545 0.532581746578217 0.571659743785858 0.566422507166862 0.603737264871597 0.608931005001068 0.637568235397339 0.637683749198914 0.536441266536713 0.490469992160797 0.480902999639511 0.590930253267288 0.955139994621277 1.29566770792007 1.29705709218979 0.896359660483282 1.04862113161521 1.07566799900749 1.11029246449471 1.09936872124672 1.10627925395966 1.42372128367424 1.6522296667099 2.03267258405685 -9999 -9999 -9999 -9999 -9999 -9999 -9999 2.67547968455723 1.38573002815247 1.35410696268082 1.17765748500824 1.15344446897507 0.993340462446213 1.25123396515846 1.79438996315002 1.74059325456619 1.71451503038406 1.94201552867889 2.09778606891632 2.35473972558975 2.70420080423355 2.65062832832336 3.79440343379974 3.20376641750336 -9999 -9999 -9999 -9999 -9999 -9999 -9999 -9999 -9999
0.453989267349243 0.460720494389534 0.483834743499756 0.461896508932114 0.458648264408112 0.476254507899284 0.552005991339684 0.570995271205902 0.582092240452766 0.590245485305786 0.632234260439873 0.652958258986473 0.63960899412632 0.548076018691063 0.54593700170517 0.549456015229225 0.497459627687931 0.900058507919312 0.852337539196014 0.734931752085686 0.654932990670204 0.722292020916939 0.892249524593353 1.63616394996643 1.78490620851517 1.95413625240326 2.42428207397461 2.99274748563766 3.03405904769897 3.38762533664703 -9999 -9999 -9999 -9999 -9999 -9999 -9999 1.91585773229599 3.45407448844476 3.73324823038919 1.41400614380836 1.93646693229675 2.36890876293182 3.81972670555115 3.36395788192749 3.24649858474731 3.05904614925385 2.85417151451111 3.27575469017029 2.94476169347763 3.00178635120392 4.02984273433685 5.62413843076712 -9999 -9999 -9999 -9999 -9999 -9999 -9999 -9999 -9999
0.430584266781807 0.43232649564743 0.359850380569696 0.386792242527008 0.403277613222599 0.494294241070747 0.546156764030457 0.615980252623558 0.646353766322136 0.640834495425224 0.645410254597664 0.65786249935627 0.624157503247261 0.545572489500046 0.513565510511398 0.54643651843071 0.558579012751579 0.598269760608673 0.588797986507416 0.560963988304138 0.56002351641655 0.725550010800362 1.52334827184677 2.31288903951645 2.21982908248901 2.11813277006149 2.57344794273376 2.8296285867691 3.12845921516418 3.62316155433655 -9999 -9999 -9999 -9999 -9999 -9999 -9999 -9999 -9999 -9999 -9999 -9999 -9999 -9999 -9999 -9999 3.65490746498108 5.16736695170403 12.0997939109802 4.75078043341637 -9999 -9999 -9999 -9999 -9999 -9999 -9999 -9999 -9999 -9999 -9999 -9999
0.37066575139761 0.38595899194479 0.401764988899231 0.391184616833925 0.458823010325432 0.455123260617256 0.564741745591164 0.676866754889488 0.471592135727406 0.485701493918896 0.520704008638859 0.558457508683205 0.543630748987198 0.484038010239601 0.540834009647369 0.526873514056206 0.531798005104065 0.509082019329071 0.497855991125107 0.603714734315872 0.744886502623558 1.18543428182602 2.34547358751297 2.73240911960602 -9999 -9999 1.75386636455854 1.82176423072815 2.52865433692932 3.21024370193481 3.51214800775051 -9999 -9999 -9999 -9999 -9999 -9999 -9999 -9999 -9999 -9999 -9999 -9999 -9999 -9999 -9999 -9999 -9999 -9999 -9999 -9999 -9999 -9999 -9999 -9999 -9999 -9999 -9999 -9999 -9999 -9999 -9999
0.373961638659239 0.384483385831118 0.390233248472214 0.401451375335455 0.417668245732784 0.459340497851372 0.451773762702942 0.460770003497601 0.470617868006229 0.477622501552105 0.500782884657383 0.621835514903069 0.794240266084671 0.967949956655502 0.485595747828484 0.552089989185333 0.575150236487389 0.57251250743866 0.601640984416008 0.746393993496895 0.634833768010139 0.763933539390564 0.974121004343033 2.21973448991776 2.69139379262924 2.64537066221237 2.32013332843781 2.06236642599106 2.29163932800293 2.63123255968094 3.31363642215729 2.54176965804949 -9999 -9999 -9999 -9999 -9999 -9999 -9999 -9999 -9999 -9999 -9999 -9999 -9999 -9999 -9999 -9999 -9999 -9999 -9999 -9999 -9999 -9999 -9999 -9999 -9999 -9999 -9999 -9999 -9999 -9999
0.387827999889851 0.394300114363432 0.395928740501404 0.405594751238823 0.426071628928185 0.435128644108772 0.444135747849941 0.453624755144119 0.47629988193512 0.49388886988163 1.15212678909302 0.863231956958771 0.890872478485107 1.00372570753098 0.891586482524872 0.926472723484039 0.60352948307991 1.09702876210213 0.567002981901169 0.552425980567932 0.612573757767677 0.795523524284363 1.07733070850372 1.66899526119232 2.16843742132187 2.32863003015518 2.24952971935272 3.1811728477478 3.39338636398315 3.20518505573273 4.25462472438812 3.81318461894989 -9999 -9999 -9999 -9999 -9999 -9999 -9999 -9999 -9999 -9999 -9999 -9999 -9999 -9999 -9999 -9999 -9999 -9999 -9999 -9999 -9999 -9999 -9999 -9999 -9999 -9999 -9999 -9999 -9999 -9999
0.390176240354776 0.392532382160425 0.405762366950512 0.415796242654324 0.426441751420498 0.45244612544775 0.46653563529253 0.477253876626492 1.19251576066017 1.30705797672272 1.44332250952721 1.44559648633003 1.32690525054932 1.64513629674911 0.863041520118713 0.880720496177673 0.708559490740299 1.00339204072952 0.630731239914894 0.972363710403442 0.992837995290756 1.23477002978325 1.76634818315506 1.98851466178894 2.53870493173599 2.41035532951355 1.98404324054718 2.71646332740784 3.00184786319733 2.91259574890137 3.63055515289307 -9999 -9999 -9999 -9999 -9999 -9999 -9999 -9999 -9999 -9999 -9999 -9999 -9999 -9999 -9999 -9999 -9999 -9999 -9999 -9999 -9999 -9999 -9999 -9999 -9999 -9999 -9999 -9999 -9999 -9999 -9999
