EcologicalScience/Bass/data/rs_data_bass/chl_526.asc
NCOLS 226 
NROWS 124 
XLLCORNER -9.41648524995501 
YLLCORNER 47.587301625531 
CELLSIZE 0.0833 
NODATA_value -9999 
[rows 81 to 107 of 124, columns 62 to 123 of 226]
3.85158455371857 5.97498106956482 7.6620512008667 7.66205191612244 -9999 -9999 -9999 -9999 -9999 -9999 -9999 -9999 -9999 -9999 -9999 -9999 -9999 -9999 -9999 -9999 -9999 -9999 -9999 -9999 -9999 -9999 -9999 -9999 -9999 -9999 -9999 -9999 -9999 -9999 -9999 -9999 -9999 -9999 -9999 -9999 -9999 -9999 -9999 -9999 -9999 -9999 -9999 -9999 -9999 -9999 -9999 -9999 -9999 -9999 -9999 -9999 -9999 -9999 -9999 -9999 -9999 -9999
3.29010690961565 -9999 -9999 -9999 -9999 -9999 -9999 -9999 -9999 -9999 -9999 -9999 -9999 -9999 -9999 -9999 -9999 -9999 -9999 -9999 -9999 -9999 -9999 -9999 -9999 -9999 -9999 -9999 -9999 -9999 -9999 -9999 -9999 -9999 -9999 -9999 -9999 -9999 -9999 -9999 -9999 -9999 -9999 -9999 -9999 -9999 -9999 -9999 -9999 -9999 -9999 -9999 -9999 -9999 -9999 -9999 -9999 -9999 -9999 -9999 -9999 -9999
-9999 -9999 -9999 -9999 -9999 -9999 -9999 -9999 -9999 -9999 -9999 -9999 -9999 -9999 -9999 -9999 -9999 -9999 -9999 -9999 -9999 -9999 -9999 -9999 -9999 -9999 -9999 -9999 -9999 -9999 -9999 -9999 -9999 -9999 -9999 -9999 -9999 -9999 -9999 -9999 -9999 -9999 -9999 -9999 -9999 -9999 -9999 -9999 -9999 -9999 -9999 -9999 -9999 -9999 -9999 -9999 -9999 -9999 -9999 -9999 -9999 -9999
-9999 -9999 -9999 -9999 -9999 -9999 -9999 -9999 -9999 -9999 -9999 -9999 -9999 -9999 -9999 -9999 -9999 -9999 -9999 -9999 -9999 -9999 -9999 -9999 -9999 -9999 -9999 -9999 -9999 -9999 -9999 -9999 -9999 -9999 -9999 -9999 -9999 -9999 -9999 -9999 -9999 -9999 -9999 -9999 -9999 -9999 -9999 -9999 -9999 -9999 -9999 -9999 -9999 -9999 -9999 -9999 -9999 4.4378377369472 3.16869699954987 3.74373006820679 3.99217700958252 3.89304828643799
-9999 -9999 -9999 -9999 -9999 -9999 -9999 -9999 -9999 -9999 -9999 -9999 -9999 -9999 -9999 -9999 -9999 -9999 -9999 -9999 -9999 -9999 -9999 -9999 -9999 -9999 -9999 -9999 -9999 -9999 -9999 -9999 -9999 -9999 -9999 -9999 37.1749906539917 5.08020508289337 4.79281747341156 3.95992255210876 -9999 -9999 7.80146342515946 2.65120410919189 3.09973204135895 3.64605009555817 3.20404636859894 2.1543225646019 1.51563853025436 1.41626304388046 1.59622746706009 1.95339453220367 -9999 -9999 3.08196616172791 3.07265138626099 2.74204015731812 2.90367686748505 4.59647905826569 4.3858448266983 3.22488069534302 2.13828492164612
-9999 -9999 -9999 -9999 -9999 -9999 -9999 -9999 -9999 -9999 -9999 -9999 -9999 7.50068281888962 2.4051222375461 1.66714775562286 2.18076986074448 2.18076986074448 1.12509450316429 -9999 -9999 -9999 -9999 -9999 -9999 -9999 -9999 -9999 3.8445959687233 3.26522505283356 2.70166839659214 2.94905653595924 3.65657615661621 3.66949796676636 -9999 -9999 -9999 3.96964752674103 3.57064139842987 3.25580012798309 3.95015108585358 4.26029133796692 3.77269971370697 2.94154447317123 2.17832511663437 2.5132218003273 2.08497333526611 1.87688452005386 1.83417892456055 2.06486195325851 2.38192677497864 2.09092658758163 2.01249933242798 2.31149214506149 2.66465699672699 3.4740868806839 3.83974885940552 4.42464172840118 3.91624510288239 2.22819542884827 1.53197926282883 1.48553287982941
-9999 -9999 -9999 -9999 -9999 -9999 -9999 -9999 -9999 -9999 3.75145120918751 1.47139629721642 1.45344194769859 2.05761873722076 2.22167265415192 2.19660097360611 2.20396703481674 2.23576372861862 2.27575707435608 1.26040665060282 1.21046879461833 1.35745985462115 1.14244649239949 1.53634142875671 1.45309889316559 1.43465179204941 -9999 1.76034178733826 1.41371271014214 1.55863630771637 1.87348312139511 1.53405296802521 1.42067393660545 2.51172864437103 2.50514397025108 -9999 3.72158603668213 3.46705877780914 2.68109214305878 2.08705562353134 2.85958975553513 2.83221852779388 2.89535826444626 2.16854023933411 1.88972747325897 1.94721007347107 1.99663728475571 1.92049616575241 1.93326473236084 2.51088988780975 3.91633772850037 5.06177115440369 5.7585289478302 7.25037503242493 7.85499501228333 6.29967641830444 4.7936110496521 2.92684382200241 1.63921397924423 1.8186040520668 2.11627203226089 2.4602102637291
-9999 -9999 -9999 -9999 -9999 -9999 -9999 -9999 4.011175096035 1.65052753686905 1.62347370386124 1.52016323804855 1.75714731216431 1.43912261724472 1.76609963178635 1.88763517141342 1.93258899450302 1.71172803640366 1.51365888118744 1.39228114485741 1.56236779689789 2.04955995082855 1.62358957529068 1.5285467505455 1.73797363042831 1.70373898744583 1.51443600654602 1.30502709746361 1.51891654729843 1.75597089529037 1.74822950363159 1.91884160041809 2.03886669874191 2.00193339586258 2.16955000162125 2.67774367332458 3.46167969703674 2.9034765958786 2.03025287389755 1.94212067127228 2.32894331216812 2.41851389408112 2.21505922079086 1.83314520120621 1.58035969734192 1.4335657954216 1.3875427544117 1.46267813444138 1.32132455706596 1.32923975586891 1.73943793773651 1.72597628831863 1.63797515630722 1.68252056837082 1.74852991104126 1.60909366607666 1.53843051195145 1.94759631156921 2.76031190156937 2.96887224912643 2.82840085029602 2.7151472568512
-9999 -9999 -9999 -9999 -9999 -9999 -9999 -9999 -9999 1.57424640655518 1.62353932857513 1.61952048540115 1.9183697104454 0.988288015127182 1.26793286204338 1.17614570260048 1.17287161946297 1.17236745357513 1.16070154309273 1.2392825782299 1.5044841170311 1.75716698169708 1.55559468269348 1.44002750515938 1.35526737570763 1.23664328455925 1.17675822973251 1.20162838697433 1.29901510477066 1.40322804450989 1.59753173589706 1.88223248720169 2.00861245393753 1.81577414274216 1.79322999715805 1.93008685112 2.3386350274086 2.65233421325684 2.0485178232193 2.03825604915619 2.18866521120071 1.95584034919739 1.49667218327522 1.27423122525215 1.23737105727196 1.23466703295708 1.28003427386284 1.22673296928406 1.3073422908783 1.42793887853622 1.77000188827515 1.83763486146927 1.97667860984802 2.30880600214005 2.55690604448318 2.60627156496048 2.5745894908905 2.39685416221619 2.56003153324127 2.80808991193771 2.93256890773773 2.29393011331558
-9999 -9999 -9999 -9999 -9999 -9999 -9999 -9999 -9999 1.63186454772949 1.46154722571373 1.16879242658615 1.15319180488586 1.2125007212162 1.1819674372673 1.05278724431992 1.03296062350273 1.06201860308647 1.09678333997726 1.00116670131683 1.00273311138153 1.1493259370327 1.20434600114822 1.20096266269684 1.1812472641468 1.13653528690338 0.999392777681351 1.02764341235161 1.1912724673748 1.32067832350731 1.46986448764801 1.62899833917618 1.72625291347504 1.48334857821465 1.45625039935112 1.46614748239517 1.65402942895889 1.79649871587753 1.55948406457901 1.50827550888062 1.24483922123909 0.985788077116013 1.00395235419273 0.986395418643951 1.02534878253937 1.03559669852257 1.12683892250061 1.22367319464684 1.36887118220329 1.50118786096573 1.62805384397507 1.92874163389206 2.40770387649536 2.8244594335556 2.89197242259979 2.68168276548386 2.73379468917847 2.6495178937912 2.60385525226593 2.36345797777176 2.23056936264038 2.06647700071335
2.26355445384979 2.23463559150696 2.56412780284882 1.77870714664459 1.83829891681671 -9999 -9999 1.97353881597519 1.98093742132187 2.10060971975327 2.05050355195999 1.69901937246323 1.42339172959328 1.30611017346382 1.29889270663261 1.24759224057198 1.23710086941719 1.22783598303795 1.29985168576241 1.39810422062874 1.37853053212166 1.27856943011284 1.22885289788246 1.13931038975716 1.15508481860161 1.09871846437454 1.0701345205307 1.02038043737411 1.01609614491463 1.03366541862488 1.00933277606964 0.990448772907257 1.04415473341942 0.966569244861603 0.965351700782776 0.9941126704216 1.03816080093384 1.02154755592346 1.00259891152382 0.957700073719025 0.832679003477097 0.835045963525772 0.82420152425766 0.744524270296097 0.75254425406456 0.75963681936264 0.834703892469406 0.957412540912628 1.14747995138168 1.49700763821602 1.8885623216629 2.33968216180801 2.81047403812408 3.12616181373596 3.07523882389069 2.93718981742859 2.67089635133743 2.43086045980453 1.85507011413574 1.46611386537552 1.34476956725121 1.23302775621414
1.57007646560669 1.21799647808075 1.60573571920395 1.81806761026382 2.21855860948563 2.10895299911499 1.78671562671661 1.5526505112648 1.57608890533447 1.66852873563766 1.69163686037064 1.63461488485336 1.56073361635208 1.4470132291317 1.42745849490166 1.47403424978256 1.45951375365257 1.45186007022858 1.48273006081581 1.50780415534973 1.46581980586052 1.38151189684868 1.29920625686646 1.24357929825783 1.17852213978767 1.15410813689232 1.17992421984673 1.18274983763695 1.1853229701519 1.18079316616058 1.11948770284653 1.01056256890297 0.930838108062744 0.821109116077423 0.796910226345062 0.79339724779129 0.777697205543518 0.774725317955017 0.789579927921295 0.792262673377991 0.791446208953857 0.809310168027878 0.849156618118286 0.931775718927383 0.834854543209076 0.765478760004044 0.818271428346634 1.02820211648941 1.4801943898201 1.93305802345276 2.43843698501587 2.64932727813721 2.93587589263916 3.1214017868042 2.84284973144531 2.39056688547134 1.91867136955261 1.61711633205414 1.24903008341789 1.04486382007599 1.07549268007278 1.07427567243576
0.772919297218323 0.862466186285019 1.09275197982788 1.06372180581093 1.24089315533638 1.42286923527718 1.40446516871452 1.37301063537598 1.4392876625061 1.34945091605186 1.27149617671967 1.33342829346657 1.39251762628555 1.33400720357895 1.36007934808731 1.46806508302689 1.48273703455925 1.46908244490623 1.41015395522118 1.35260832309723 1.27196395397186 1.20695570111275 1.22564533352852 1.29803860187531 1.38691332936287 1.43675583600998 1.39856511354446 1.31724911928177 1.23144713044167 1.12388902902603 1.06102511286736 1.02483263611794 0.962558537721634 0.928308695554733 0.917352497577667 0.925141900777817 0.926316618919373 0.949108958244324 0.928553134202957 0.854871958494186 0.890840023756027 1.05798473954201 1.25643861293793 1.30510541796684 1.29629954695702 1.25734448432922 1.24501982331276 1.66756099462509 2.04714006185532 2.25595074892044 2.95410203933716 3.06430327892303 2.90013921260834 2.72643381357193 2.19032835960388 1.79955947399139 1.53374201059341 1.289699614048 1.15685364603996 1.09843254089355 1.18430337309837 1.28474932909012
0.67286516726017 0.84719306230545 0.921960890293121 0.918671786785126 0.917561888694763 1.003303617239 1.0765877366066 1.16298186779022 1.18883335590363 1.04163524508476 0.839740186929703 0.988767296075821 1.14825680851936 1.18520325422287 1.21023711562157 1.3141810297966 1.37225711345673 1.36524868011475 1.35308182239532 1.34464904665947 1.30973330140114 1.28243672847748 1.28377917408943 1.34209209680557 1.33366048336029 1.25161984562874 1.16542410850525 1.13496789336205 1.0861938893795 1.06307065486908 1.0478547513485 1.0322699546814 1.03021886944771 1.01579734683037 1.05382624268532 1.05526828765869 1.08698666095734 1.13397243618965 1.12341213226318 1.06008553504944 1.13607859611511 1.33307182788849 1.46254751086235 1.65650743246078 1.79829329252243 1.78295427560806 1.74459207057953 1.82887959480286 1.9572765827179 2.31784200668335 2.61049246788025 2.64912503957748 2.52574807405472 2.06458675861359 1.64739882946014 1.58242499828339 1.70492434501648 1.74710637331009 1.65969640016556 1.63289272785187 1.69739216566086 1.73079085350037
0.915961503982544 0.911244124174118 0.873004496097565 0.884564191102982 0.873549789190292 0.876617163419724 0.883903115987778 0.919642925262451 1.01700067520142 0.917774230241776 0.877480387687683 0.94072026014328 1.0041623711586 1.08404213190079 1.12224090099335 1.18747705221176 1.19374465942383 1.18897426128387 1.21712467074394 1.20515021681786 1.06933951377869 0.991859525442123 1.05163425207138 1.15568885207176 1.09775876998901 1.07024726271629 1.10112226009369 1.12241059541702 1.1241714656353 1.14149987697601 1.16342407464981 1.16580668091774 1.20595094561577 1.25608921051025 1.34995794296265 1.43353861570358 1.58940213918686 1.5606649518013 1.40622800588608 1.35456320643425 1.42420041561127 1.6354553103447 1.80860710144043 1.77319478988647 1.80239278078079 1.81858777999878 1.80152606964111 1.7072446346283 1.89479720592499 2.21876513957977 2.45770597457886 2.39042204618454 2.07551980018616 1.93229198455811 1.93715876340866 2.14465391635895 2.74451905488968 2.90776723623276 2.65754610300064 2.43680512905121 2.44656246900558 2.4790198802948
0.924836665391922 0.88715010881424 0.910247772932053 0.878048032522202 0.765153139829636 0.697866797447205 0.672335520386696 0.719498097896576 0.799457162618637 0.795482218265533 0.869544357061386 0.985419452190399 1.04979407787323 1.09375700354576 1.11994278430939 1.10929414629936 1.06743228435516 1.03800576925278 1.031274497509 1.0291431248188 0.970170736312866 0.964275330305099 0.948713332414627 0.915637493133545 0.90039324760437 0.970157593488693 1.07420361042023 1.19404658675194 1.34129995107651 1.38232898712158 1.38606083393097 1.41971737146378 1.44187107682228 1.49272164702415 1.49136301875114 1.53164041042328 1.54353529214859 1.42675316333771 1.45891687273979 1.56831979751587 1.71344321966171 1.86434286832809 1.87440937757492 1.77982896566391 1.70685213804245 1.70388793945312 1.57711815834045 2.0596364736557 2.90427482128143 3.1268345117569 2.4354949593544 1.80516046285629 1.86014825105667 2.26876366138458 2.7524294257164 3.39674162864685 4.31491541862488 4.42310500144958 3.76288175582886 3.66825306415558 3.69377017021179 3.31224882602692
0.965782552957535 0.898748338222504 0.908522039651871 0.798822462558746 0.677276819944382 0.77605989575386 0.926716268062592 1.03947266936302 1.08718577027321 1.06805661320686 1.06205740571022 1.06933262944221 1.01464149355888 1.01736947894096 0.998468577861786 0.899925738573074 0.717851802706718 0.723180636763573 0.709881350398064 0.716946512460709 0.788185268640518 0.833595514297485 0.896830648183823 0.978192061185837 1.03674629330635 1.12835669517517 1.49340650439262 1.87138617038727 1.94648909568787 1.89239627122879 1.82809370756149 1.82522732019424 1.83294260501862 1.97054582834244 1.9161411523819 1.69902330636978 1.60937029123306 1.55717557668686 1.53401094675064 1.60224080085754 1.75720918178558 1.8201465010643 1.89513087272644 1.77017194032669 1.6069028377533 1.5687210559845 1.70820879936218 2.34788900613785 2.90987831354141 2.49718648195267 1.84594202041626 1.80041062831879 2.19417303800583 3.37981152534485 4.75872659683228 6.04952502250671 8.99372720718384 -9999 -9999 -9999 -9999 -9999
0.842663615942001 0.805108040571213 0.707549706101418 0.618265092372894 0.714994534850121 1.29591679573059 2.1461164355278 2.63515645265579 2.4853241443634 2.26280039548874 1.88105374574661 1.43868264555931 1.08625307679176 0.802507549524307 0.677163407206535 0.687121734023094 0.650191560387611 0.628720700740814 0.696728423237801 0.86018979549408 0.962178021669388 0.980741232633591 1.02541941404343 1.07635501027107 1.44304499030113 1.93377292156219 2.5589085817337 2.71880525350571 2.7512099146843 2.8942077755928 2.85709565877914 2.95008194446564 2.82379353046417 2.8060702085495 2.73730033636093 2.49329102039337 2.50403201580048 1.98705142736435 1.78031015396118 1.80155700445175 1.83620953559875 1.66400474309921 1.70601189136505 1.63808405399323 1.59722006320953 1.64011627435684 1.69911861419678 1.8626680970192 2.14757287502289 1.96025812625885 1.95062899589539 2.71738833189011 3.73174166679382 4.92608249187469 2.97781504052026 -9999 -9999 -9999 -9999 -9999 -9999 -9999
0.553960874676704 0.522851049900055 0.496158510446548 0.512955754995346 0.60405170917511 1.10980314016342 1.68173879384995 1.2175070643425 0.893355309963226 0.915080666542053 0.884555965662003 0.826410323381424 0.773712337017059 0.747173935174942 0.729612395167351 0.722923457622528 0.708824202418327 0.726611495018005 0.830408424139023 0.983864575624466 1.08123296499252 1.11655175685883 1.14400246739388 1.25257605314255 1.50023925304413 1.93991535902023 2.69778764247894 3.45002353191376 3.84700262546539 -9999 -9999 -9999 -9999 -9999 -9999 3.14426672458649 5.90908634662628 3.85477066040039 3.16625905036926 2.72186028957367 2.13305515050888 1.43893629312515 1.357087880373 1.44735735654831 1.52542090415955 1.66063195466995 1.80415642261505 2.18331581354141 2.49534434080124 2.49225050210953 3.19046688079834 4.67847275733948 6.42032361030579 1.9762424826622 1.97624230384827 -9999 -9999 -9999 -9999 -9999 -9999 -9999
0.475379571318626 0.518386915326118 0.517223551869392 0.549755975604057 0.692676410079002 1.03556424379349 1.1921192407608 0.828752160072327 0.67270191013813 0.676440104842186 0.700420618057251 0.763366162776947 0.803835064172745 0.817897349596024 0.785847812891006 0.786206781864166 0.844847649335861 0.847199946641922 0.986295372247696 1.22376546263695 1.17109662294388 1.30100566148758 1.36663547158241 1.34872627258301 1.62489598989487 2.16326808929443 3.18119466304779 3.85507965087891 1.63490778207779 -9999 -9999 -9999 -9999 -9999 -9999 17.7310534715652 13.0945143699646 8.66472887992859 6.04721903800964 3.36201918125153 1.99252599477768 1.40848436951637 1.2051220536232 1.31484147906303 1.78650176525116 2.53292620182037 2.47553032636642 2.85905528068542 3.1944168806076 4.31367802619934 5.27068161964417 6.72903656959534 -9999 -9999 -9999 -9999 -9999 -9999 -9999 -9999 -9999 -9999
0.578080952167511 0.588411122560501 0.589817225933075 0.569622069597244 0.631835907697678 0.651827663183212 0.6150092035532 0.663448333740234 0.758971363306046 0.697583824396133 0.706698283553123 0.736144870519638 0.779856741428375 0.818560659885406 0.90357506275177 1.14588412642479 1.16508221626282 0.992290824651718 1.17057448625565 1.52780431509018 0.827897592731144 1.44006020575762 1.4360876083374 1.29964435100555 1.57593923807144 2.10403650999069 2.45885038375854 2.73863285779953 2.06571739912033 -9999 -9999 -9999 -9999 -9999 -9999 -9999 17.8917002230883 13.1713042259216 8.26486945152283 9.97288799285889 9.65925693511963 10.5919625759125 8.32185745239258 8.91332459449768 8.37976026535034 6.34328699111938 4.58643436431885 4.39278852939606 5.33485472202301 6.44043517112732 6.56775498390198 5.61220800876617 5.08500516414642 -9999 -9999 -9999 -9999 -9999 -9999 -9999 -9999 -9999
0.683330565690994 0.860231637954712 0.827032685279846 0.573095709085464 0.525309205055237 0.557969838380814 0.683289662003517 0.697461247444153 0.689797773957253 0.693740621209145 0.695065453648567 0.707791641354561 0.791085094213486 0.850534021854401 0.847969383001328 1.07537984848022 1.17749762535095 1.09387457370758 1.07370579242706 1.03377351164818 1.06669038534164 1.08253714442253 1.13617122173309 1.22070872783661 1.36766123771667 1.47018510103226 1.52056789398193 1.54814600944519 1.59946006536484 1.73242700099945 -9999 -9999 -9999 -9999 -9999 -9999 -9999 4.66366786956787 13.3842802047729 25.2291927337646 36.3927040100098 41.5704860687256 26.8937044143677 12.0118532180786 6.80347466468811 6.70304274559021 5.88859105110168 7.1500997543335 9.20303821563721 7.88909697532654 6.51593399047852 6.66852736473083 7.17222046852112 -9999 -9999 -9999 -9999 -9999 -9999 -9999 -9999 -9999
0.537468820810318 0.723901033401489 0.895005762577057 0.85298028588295 0.975107967853546 1.14646562933922 1.12767925858498 0.91417470574379 0.73063637316227 0.67453296482563 0.691805228590965 0.712751805782318 0.763051718473434 0.821312785148621 0.859534353017807 0.940352708101273 0.983657151460648 0.936296850442886 0.882228791713715 0.86669710278511 0.862177491188049 0.895093560218811 1.10041728615761 1.25978448987007 1.4623652100563 1.56645172834396 1.49245065450668 1.48329851031303 1.70692044496536 1.89804303646088 2.79834782225745 -9999 -9999 -9999 -9999 -9999 -9999 -9999 -9999 -9999 -9999 -9999 -9999 -9999 -9999 -9999 3.65490746498108 11.4523258209229 8.74856615066528 7.30168318748474 8.2153959274292 -9999 -9999 -9999 -9999 -9999 -9999 -9999 -9999 -9999 -9999 -9999
0.581679359078407 0.584503278136253 0.684724777936935 0.849293142557144 1.06163308024406 1.06170907616615 0.91623643040657 0.776799738407135 0.715136468410492 0.706343159079552 0.72211928665638 0.764703065156937 0.77572301030159 0.788124829530716 0.805538713932037 0.842191725969315 0.849893778562546 0.828089743852615 0.802723377943039 0.818318635225296 0.833588540554047 0.944044053554535 1.16468811035156 1.28204914927483 1.62376706875288 -9999 1.18484859913588 1.75897747278214 1.74826222658157 1.7430025935173 1.79320353269577 2.00713777542114 -9999 -9999 -9999 -9999 -9999 -9999 -9999 -9999 -9999 -9999 -9999 -9999 -9999 -9999 -9999 -9999 -9999 -9999 -9999 -9999 -9999 -9999 -9999 -9999 -9999 -9999 -9999 -9999 -9999 -9999
0.623100087046623 0.630975678563118 0.641147509217262 0.620614886283875 0.705666929483414 0.828204184770584 0.832953661680222 0.74783693253994 0.69818003475666 0.689253330230713 0.732155308127403 0.787901401519775 0.824902921915054 0.833309680223465 0.873108834028244 0.890953302383423 0.902485549449921 0.922315567731857 0.933698773384094 0.879621416330338 0.880278646945953 0.975113779306412 1.11566609144211 1.35386690497398 1.52980202436447 1.46557232737541 1.33385440707207 1.43040400743484 1.62006068229675 1.75771379470825 1.88047188520432 2.01043921709061 -9999 -9999 -9999 -9999 -9999 -9999 -9999 -9999 -9999 -9999 -9999 -9999 -9999 -9999 -9999 -9999 -9999 -9999 -9999 -9999 -9999 -9999 -9999 -9999 -9999 -9999 -9999 -9999 -9999 -9999
0.61954839527607 0.622910633683205 0.606471687555313 0.631077602505684 0.666971951723099 0.687297597527504 0.705307021737099 0.698297247290611 0.683093190193176 0.70117561519146 0.774958670139313 0.871964246034622 0.905916452407837 0.952296584844589 1.0134682059288 1.05043575167656 1.06224694848061 1.08120739459991 1.04544532299042 0.978799849748611 0.946749776601791 1.02097561955452 1.12331208586693 1.23828059434891 1.25794395804405 1.23874765634537 1.35148519277573 1.4707208275795 1.65756815671921 1.83177065849304 2.09604442119598 2.1843633055687 -9999 -9999 -9999 -9999 -9999 -9999 -9999 -9999 -9999 -9999 -9999 -9999 -9999 -9999 -9999 -9999 -9999 -9999 -9999 -9999 -9999 -9999 -9999 -9999 -9999 -9999 -9999 -9999 -9999 -9999
0.527361944317818 0.53934819996357 0.537914022803307 0.543153092265129 0.557640105485916 0.574152410030365 0.589490666985512 0.649345010519028 0.749026224017143 0.851449102163315 0.967776238918304 1.14444208145142 1.28855207562447 1.41648986935616 1.50431513786316 1.50456583499908 1.40014296770096 1.2661227285862 1.1756400167942 1.10723519325256 1.00472465157509 1.06878849864006 1.19980046153069 1.18675884604454 1.20750537514687 1.69906729459763 1.69894444942474 1.62403947114944 1.73096162080765 1.96752047538757 2.66565978527069 3.03384518623352 -9999 -9999 -9999 -9999 -9999 -9999 -9999 -9999 -9999 -9999 -9999 -9999 -9999 -9999 -9999 -9999 -9999 -9999 -9999 -9999 -9999 -9999 -9999 -9999 -9999 -9999 -9999 -9999 -9999 -9999
