EcologicalScience/Bass/data/rs_data_bass/chl_23.asc
NCOLS 226 
NROWS 124 
XLLCORNER -9.41648524995501 
YLLCORNER 47.587301625531 
CELLSIZE 0.0833 
NODATA_value -9999 
[rows 54 to 80 of 124, columns 124 to 185 of 226]
0.746154740452766 1.04821273684502 1.35711899399757 1.08430346846581 1.12065821886063 1.09839373826981 1.07766902446747 0.987779259681702 1.05653554201126 1.01502603292465 0.956411272287369 0.908650517463684 0.942896246910095 0.94302973151207 0.914509534835815 0.924717038869858 0.845883786678314 0.72258523106575 0.656281515955925 0.654172495007515 0.61957722902298 0.700246497988701 0.779368489980698 1.05156299471855 1.10306999087334 1.36936873197556 1.46607300639153 1.59543603658676 1.71567678451538 1.82106381654739 1.76253747940063 1.79683130979538 1.89341694116592 1.47754275798798 1.332011282444 1.31657776236534 1.36289396882057 1.3794022500515 1.28340446949005 1.15558272600174 1.07649224996567 1.06391170620918 1.08786374330521 1.34392046928406 1.89767020940781 2.22060227394104 2.37150603532791 6.19557809829712 8.48345446586609 6.28836822509766 5.70183384418488 5.94702529907227 8.13456559181213 6.11016354560852 7.46850028038025 6.2556985616684 6.76565265655518 8.11698904037475 12.7824168205261 14.7167884178881 -9999 -9999
0.871130973100662 1.25975024700165 1.60441499948502 1.16312626004219 1.33885046839714 1.38561522960663 1.36899375915527 1.44453451037407 1.0827539563179 1.03504577279091 1.05355498194695 0.926836520433426 0.961376219987869 0.964455753564835 0.99065700173378 1.08026325702667 0.970709234476089 0.896775752305984 0.724760994315147 0.720430478453636 0.744813770055771 0.740387231111526 0.866786241531372 1.15841549634933 1.47906222939491 1.47389253973961 1.76446133852005 1.91890954971313 2.01255530118942 2.06286299228668 2.04733943939209 1.61045032739639 1.53862130641937 1.31984621286392 1.4129084944725 1.49582478404045 1.5251242518425 1.40912622213364 1.33075127005577 0.972982496023178 0.870986223220825 0.914972215890884 0.959022760391235 2.12649303674698 4.42470002174377 10.6176195144653 10.2466714382172 11.9621257781982 5.37516206502914 5.46328407526016 5.72787094116211 6.11255782842636 15.043830871582 7.52825746536255 7.19072508811951 8.30527925491333 10.5720698833466 -9999 -9999 -9999 -9999 -9999
1.25229299068451 1.22035127878189 2.20377373695374 1.7292053103447 1.51952773332596 1.40772226452827 1.39586251974106 1.64811980724335 1.72396123409271 1.9261611700058 1.57221525907516 1.20794472098351 0.998515516519547 1.0959734916687 0.941145032644272 0.811406224966049 0.860233515501022 0.857223004102707 0.797616720199585 0.787666529417038 0.809666275978088 0.832463979721069 1.01670822501183 1.34970152378082 1.3429012298584 1.64766007661819 1.61399549245834 1.60786718130112 1.48031249642372 1.50340729951859 1.56341546773911 1.50345146656036 1.46238604187965 1.42591354250908 1.48108801245689 1.45459949970245 1.43999102711678 1.14426979422569 1.03324127197266 0.991554737091064 0.839147239923477 0.980472028255463 1.89220350980759 2.96197128295898 4.11260783672333 10.7323322296143 2.14333927631378 -9999 6.63787472248077 6.17052948474884 6.55996513366699 5.89924246072769 9.02236890792847 16.1732424332278 -9999 -9999 -9999 -9999 -9999 -9999 -9999 -9999
1.36419072747231 2.24935877323151 2.31636679172516 1.97945183515549 2.62271618843079 2.18981695175171 1.85332202911377 1.88728272914886 2.08216041326523 1.80948758125305 1.56945294141769 1.0981710255146 0.839120239019394 0.79130020737648 0.615418508648872 0.659444242715836 0.679436266422272 0.765594720840454 0.756025493144989 0.845810294151306 0.89819473028183 1.03796553611755 1.26463803648949 1.2831434905529 1.33384126424789 1.3711544573307 1.42144650220871 1.4680552482605 1.46895226836205 1.48335751891136 1.48580476641655 1.39407974481583 1.32407248020172 1.31425353884697 1.33492577075958 1.30156204104424 1.19687175750732 0.932318240404129 0.923660963773727 0.97308075428009 0.889640986919403 0.974117249250412 1.9629203081131 2.45183408260345 3.86499212469373 6.96562211854117 5.57073926925659 -9999 6.62812267030989 7.08068009785243 6.76556427138192 5.44998928478786 11.9134858846664 -9999 -9999 -9999 -9999 -9999 -9999 -9999 -9999 -9999
1.91992807388306 1.68259871006012 1.37524795532227 1.29026547074318 1.49151304364204 5.57541525363922 3.08211815357208 3.51115965843201 4.18975782394409 4.41701459884644 2.11929219961166 0.594688519835472 0.58084724843502 0.64596301317215 0.737939268350601 0.662169769406319 0.967434793710709 0.867761224508286 1.27936877310276 0.900668978691101 1.05594527721405 1.18919321894646 1.19403299689293 1.27651199698448 1.22171625494957 1.39357200264931 1.50183981657028 1.43207851052284 1.42152598500252 1.38529497385025 1.42346620559692 1.2456217110157 1.20536023378372 1.15839600563049 1.015803784132 0.945318013429642 1.00375798344612 1.05419853329659 0.988876461982727 0.988511234521866 0.965238779783249 2.62190705537796 10.4278479069471 2.69185191392899 23.8365624547005 5.35794693231583 7.33703713417053 7.75661101341248 8.76787519454956 7.83153104782104 7.14726448059082 27.4141116142273 58.53706215839 -9999 -9999 -9999 -9999 -9999 -9999 -9999 -9999 -9999
-9999 9.06593370437622 5.78009605407715 6.73610508441925 5.78422486782074 9.44327831268311 11.0356121063232 6.56802749633789 5.17085695266724 6.10624766349792 4.76276242733002 1.35919654369354 1.22406676411629 1.38450300693512 1.5083144903183 0.832038760185242 1.06228423118591 1.03150650858879 1.47456076741219 1.05166572332382 1.09479296207428 1.05543297529221 1.07929345965385 1.13989421725273 1.16561177372932 1.20491552352905 1.3694249689579 1.34281200170517 1.31752502918243 1.11645153164864 1.07434871792793 1.10307678580284 1.18726801872253 1.03408724069595 0.907065778970718 0.95941498875618 0.92552849650383 1.22615325450897 1.2634334564209 0.984039008617401 1.18301779031754 1.39375501871109 4.99476063251495 12.123651266098 11.6542392969131 -9999 -9999 10.0151990890503 8.38351964950562 9.81454467773438 46.0387041909354 45.7369353430612 44.8285274505615 -9999 -9999 -9999 -9999 -9999 -9999 -9999 -9999 -9999
-9999 -9999 -9999 -9999 -9999 2.28387522697449 2.59867389500141 3.23629021644592 10.2612040042877 0.598894491791725 3.49459505081177 2.88230931758881 2.01409041881561 1.48063498735428 1.97992497682571 1.54949887096882 1.35608021914959 0.9257932305336 1.05794924497604 1.40940709412098 1.00766998529434 1.18386599421501 1.11503849923611 1.08621297776699 1.07306027412415 1.2005595266819 1.10100522637367 1.19864550232887 1.19235527515411 0.998746544122696 0.957836955785751 0.990743279457092 1.04918628931046 0.938322007656097 0.873854219913483 0.821775019168854 1.01452347636223 1.10229822993279 1.05917099118233 1.12117204070091 1.41800245642662 2.07729595899582 9.95355749130249 6.6119858622551 12.399472117424 -9999 -9999 -9999 -9999 -9999 65.6742374713604 61.6907599312919 59.9651355743408 -9999 -9999 -9999 -9999 -9999 -9999 -9999 -9999 -9999
-9999 -9999 -9999 -9999 -9999 -9999 -9999 -9999 3.83404695987701 7.13204288482666 2.73837295174599 2.26133742928505 1.96672162413597 1.76117581129074 2.0045782327652 1.0506719648838 0.971337765455246 1.3668614923954 1.29400236904621 1.30559474229813 1.12984237074852 0.956169761717319 0.96381077170372 0.960495762526989 0.961372509598732 1.07897099107504 1.05169013142586 1.17710291594267 1.16974347084761 0.766295224428177 0.802286982536316 0.899218529462814 0.855414032936096 0.770304769277573 0.755889773368835 0.770126223564148 0.813238531351089 0.90801152586937 1.15643173456192 1.38916423916817 2.36575877666473 5.17034697532654 7.07107615470886 4.41393613815308 -9999 29.0682649612427 -9999 -9999 -9999 -9999 17.548882484436 61.4715869717482 17.0196229934692 13.8797092437744 30.5052055120468 -9999 -9999 -9999 -9999 -9999 -9999 -9999
-9999 -9999 -9999 -9999 -9999 -9999 -9999 -9999 -9999 -9999 4.4201240837574 2.85731220245361 2.18434542417526 2.23372945189476 2.40928092598915 1.77655908465385 1.44170138239861 1.3210222274065 1.1974128484726 1.22072173655033 1.13784183561802 1.11119811236858 0.996907129883766 1.11978448927402 1.26793384552002 0.938609272241592 0.972145467996597 0.751781970262527 0.906323254108429 0.700431749224663 0.635989487171173 0.650606229901314 0.588369771838188 0.601196989417076 0.718508988618851 0.839816272258759 1.05040803551674 1.81983000040054 2.5997069478035 5.99093091487885 2.20986449718475 5.40721642971039 8.33191323280334 19.0328035354614 -9999 -9999 -9999 -9999 -9999 -9999 -9999 -9999 -9999 59.9571390151978 43.6202590942383 11.2073341933164 10.8786277770996 -9999 -9999 -9999 -9999 -9999
-9999 -9999 -9999 -9999 -9999 -9999 -9999 -9999 -9999 4.3704868555069 6.48144972324371 5.41173014044762 3.381442040205 3.07816269993782 2.92163622379303 2.09970036149025 1.47439916431904 1.31470799446106 1.21529737114906 1.26637351512909 1.17123261094093 1.10830199718475 0.984064131975174 1.19862824678421 1.21954876184464 1.21849389374256 0.908037722110748 0.972511500120163 0.825034528970718 0.681528747081757 0.668810248374939 0.674244001507759 0.597600013017654 0.644966259598732 0.780176281929016 0.948785215616226 1.03816723823547 1.25849550962448 3.84115505218506 6.28531551361084 7.17067551612854 10.1503586769104 8.0013735294342 8.09948006272316 -9999 33.0447750091553 -9999 -9999 -9999 13.1675128936768 12.6880960464478 11.6972505569458 11.7882333755493 15.3851029872894 15.3954019546509 24.9471902052561 -9999 -9999 -9999 -9999 -9999 -9999
-9999 -9999 -9999 -9999 -9999 -9999 -9999 -9999 -9999 -9999 6.1868337392807 5.46977663040161 4.69870564341545 4.00777190923691 2.5996710062027 2.16947025060654 1.75867912173271 1.49144437909126 0.667936518788338 0.609926998615265 1.13515913486481 1.04870326817036 1.06543951481581 1.12837312370539 1.05840113013983 0.899841785430908 0.922377705574036 0.649487257003784 0.613240510225296 0.864003717899323 0.779294282197952 0.723464235663414 0.695800513029099 0.911733001470566 1.10474628210068 1.50655943155289 1.94410121440887 2.61349421739578 4.34355819225311 4.71579658985138 4.99255728721619 5.49012315273285 5.39636027812958 8.41210246086121 -9999 -9999 -9999 -9999 -9999 -9999 14.1058562278748 10.5044116973877 12.5910739898682 11.3987749099731 14.0888263629033 -9999 -9999 -9999 -9999 -9999 -9999 -9999
-9999 -9999 -9999 -9999 -9999 -9999 -9999 -9999 -9999 3.67937564849854 4.78225064277649 4.69783401489258 3.8519860804081 3.47374659776688 2.29835772514343 2.1693442761898 1.72707000374794 1.62686285376549 0.731859013438225 0.726651728153229 0.779351234436035 0.962687641382217 0.929880380630493 0.985109657049179 0.988230004906654 0.952068373560905 0.782791525125504 0.905790030956268 1.11818102002144 1.08220946788788 1.14979121088982 1.06666874885559 1.00003579258919 1.17603752017021 1.41939228773117 1.61728727817535 1.61923044919968 2.44827747344971 4.29876208305359 7.35337901115417 6.73370718955994 5.20346689224243 5.79458105564117 3.23800885677338 3.86466658115387 -9999 -9999 -9999 -9999 -9999 16.4400309696794 7.68703925609589 7.67625868320465 -9999 -9999 -9999 -9999 -9999 -9999 -9999 -9999 -9999
-9999 -9999 -9999 -9999 -9999 -9999 -9999 -9999 -9999 3.97910159826279 3.74168622493744 3.40687251091003 2.92853736877441 2.60096248984337 2.00898331403732 1.81666606664658 1.4724285453558 1.40489964187145 1.03275074064732 0.958675101399422 0.96992701292038 0.960746258497238 0.854137882590294 0.891572222113609 0.483653247356415 0.486757501959801 0.533342242240906 1.04113349318504 1.05659776926041 1.04290500283241 0.874023735523224 0.920184731483459 1.29089623689651 1.62266403436661 1.78008592128754 2.02537733316422 4.26626694202423 6.12387013435364 9.49796390533447 10.235680103302 7.43495535850525 5.20232784748077 4.47277843952179 -9999 3.86466693878174 -9999 -9999 -9999 -9999 12.1949715614319 -9999 -9999 -9999 -9999 -9999 -9999 -9999 -9999 -9999 -9999 -9999 -9999
-9999 -9999 -9999 -9999 -9999 -9999 -9999 -9999 -9999 3.56721746921539 3.33246105909348 2.80936878919601 2.67666149139404 2.43868571519852 1.94490078091621 1.63927419483662 1.11198149621487 1.17620135843754 1.0231691300869 0.718794018030167 0.697808235883713 0.663216009736061 0.865069538354874 0.635199755430222 0.544470012187958 0.493518009781837 0.818064764142036 0.984887212514877 0.961916238069534 0.981875985860825 1.29521772265434 1.42603048682213 1.48128595948219 1.6564439535141 4.13656067848206 9.63315510749817 4.52796363830566 4.95956933498383 5.46975517272949 4.92852687835693 5.50786364078522 5.21028310060501 -9999 -9999 -9999 -9999 -9999 -9999 -9999 -9999 -9999 -9999 -9999 -9999 -9999 -9999 -9999 -9999 -9999 -9999 -9999 -9999
-9999 -9999 -9999 -9999 -9999 -9999 -9999 -9999 -9999 3.35661640763283 2.89540842175484 2.5724104642868 2.50762769579887 2.11508028209209 1.79218313097954 1.50974102318287 1.12661924958229 0.707783997058868 0.641978994011879 0.687681019306183 0.776606261730194 0.712344020605087 0.957353621721268 0.670124262571335 0.660083994269371 0.546762764453888 0.950836837291718 0.523965016007423 0.822531044483185 0.96705374121666 1.37225997447968 1.48478096723557 1.58226817846298 1.67859524488449 1.71550118923187 2.43812173604965 3.49767744541168 5.35125660896301 7.24501490592957 4.25550091266632 5.87621319293976 5.36515778303146 -9999 -9999 -9999 -9999 -9999 -9999 -9999 -9999 -9999 -9999 -9999 -9999 -9999 -9999 -9999 -9999 -9999 -9999 -9999 -9999
-9999 -9999 -9999 -9999 -9999 -9999 -9999 3.28386068344116 3.61637929507664 3.34711879491806 2.84607222676277 1.72355479001999 1.80312752723694 2.31771442294121 1.87410789728165 1.58257761597633 0.732758268713951 0.717251256108284 0.999768778681755 0.971966251730919 1.21499553322792 0.980910032987595 1.12728971242905 1.00379924476147 0.708712488412857 0.688498511910439 1.06416597962379 0.988960102200508 0.998825266957283 2.01625871658325 2.18201100826263 3.30983698368073 2.22269707918167 2.17027795314789 2.88053405284882 11.0934298038483 9.01992344856262 8.53882527351379 8.59279274940491 4.6634016931057 -9999 5.69786846637726 3.25656187534332 -9999 -9999 -9999 -9999 -9999 -9999 -9999 -9999 -9999 -9999 -9999 -9999 -9999 -9999 -9999 -9999 -9999 -9999 -9999
-9999 -9999 -9999 -9999 -9999 -9999 3.64237865534696 4.14499506354332 3.99714338779449 3.34334895014763 2.75000095367432 2.2764818072319 2.56591272354126 2.7119722366333 2.11209413409233 0.783837765455246 0.647923484444618 1.14403684437275 1.06137223541737 1.08716587722301 1.06865586340427 0.979158729314804 0.738339006900787 0.801927745342255 0.783404231071472 0.745649233460426 2.32134068012238 1.2765775769949 1.35446029901505 6.46588754653931 2.55214422941208 2.14729124307632 2.08920747041702 2.70044177770615 2.55641555786133 1.69708424806595 1.66051125526428 1.98738080263138 5.0900205373764 -9999 -9999 -9999 -9999 -9999 -9999 -9999 -9999 -9999 -9999 -9999 -9999 -9999 -9999 -9999 -9999 -9999 -9999 -9999 -9999 -9999 -9999 -9999
-9999 -9999 -9999 -9999 3.34174461364746 3.7408435514995 3.98739194869995 3.89527612924576 3.22061741352081 2.93755361437798 2.62580171227455 3.0440471470356 3.20779645442963 2.35099160671234 1.9387264251709 0.845249265432358 0.79137521982193 0.768438756465912 0.812348216772079 0.794904738664627 0.919738501310349 0.725832000374794 0.821750968694687 1.00947377085686 1.65243530273438 2.15664142370224 3.71787142753601 4.73424518108368 6.58842015266418 4.20299470424652 2.62015646696091 3.41093838214874 2.70447599887848 2.93126749992371 3.76131701469421 4.18966913223267 4.7863837480545 8.6445656523985 -9999 -9999 -9999 -9999 -9999 -9999 -9999 -9999 -9999 -9999 -9999 -9999 -9999 -9999 -9999 -9999 -9999 -9999 -9999 -9999 -9999 -9999 -9999 -9999
-9999 -9999 -9999 -9999 4.80498856764573 4.551029920578 4.22592600186666 3.71442371606827 3.22639435529709 2.95507684350014 2.77570948004723 2.97541317343712 2.16449099779129 1.92922165989876 1.57728637754917 1.4422053694725 0.954003721475601 0.873977243900299 0.865426540374756 0.852730482816696 0.919936537742615 0.901091247797012 1.61194270849228 4.43745446205139 2.19631952047348 3.16600048542023 4.13613367080688 5.06344485282898 4.49847614765167 4.13813638687134 2.57155573368073 2.98520243167877 3.58146822452545 4.16194260120392 5.24625396728516 5.60321712493896 6.08368897438049 -9999 -9999 -9999 -9999 -9999 -9999 -9999 -9999 -9999 -9999 -9999 -9999 -9999 -9999 -9999 -9999 -9999 -9999 -9999 -9999 -9999 -9999 -9999 -9999 -9999
-9999 3.96760709326843 4.70876944065094 3.79046809673309 2.980489892619 2.99906027317047 3.24228715896606 3.44531893730164 2.85520309209824 2.59549650549889 2.50576838850975 2.44493329524994 1.89323097467422 1.45296858251095 1.37677046656609 1.1448742300272 1.0687897503376 1.01854911446571 1.00040625035763 0.880972534418106 1.0175294727087 1.03538735210896 1.05573673546314 1.15852989256382 1.24745137989521 3.89318919181824 4.76631689071655 4.96741354465485 3.02392065525055 2.06378549337387 3.09370985627174 2.96798434853554 3.41913497447968 4.20456981658936 11.8831651210785 -9999 -9999 -9999 -9999 -9999 -9999 -9999 -9999 -9999 -9999 -9999 -9999 -9999 -9999 -9999 -9999 -9999 -9999 -9999 -9999 -9999 -9999 -9999 -9999 -9999 -9999 -9999
3.44208237257871 4.58966839313507 4.30981582403183 3.44523078203201 2.91246038675308 3.0254370868206 3.1500686109066 3.32092881202698 2.60667818784714 2.63470610976219 2.2130538225174 1.7950451374054 1.28517526388168 1.14423184096813 1.10966666042805 0.983866140246391 1.13510437309742 1.07207022607327 0.940191775560379 1.03217026591301 1.36536039412022 1.4391877502203 1.3538576066494 1.31855396926403 5.03125941753387 5.89824092388153 5.68393135070801 4.28224718570709 3.32209038734436 2.92196434736252 3.29598945379257 4.09715104103088 4.75296771526337 -9999 -9999 -9999 -9999 -9999 -9999 -9999 -9999 -9999 -9999 -9999 -9999 -9999 -9999 -9999 -9999 -9999 -9999 -9999 -9999 -9999 -9999 -9999 -9999 -9999 -9999 -9999 -9999 -9999
4.23801889202811 4.16306746006012 3.41127300262451 3.02610182762146 3.01848560571671 3.16961771249771 3.04317712783813 2.73445236682892 1.81857150793076 1.04514598846436 0.809323489665985 0.694793254137039 0.620274022221565 0.668583020567894 1.01211673021317 1.19888699054718 1.39648577570915 1.35721126198769 1.50587403774261 1.5558443069458 2.13335064053535 2.16338512301445 1.57414162158966 1.53145010769367 3.39361158013344 2.59585431218147 3.01652848720551 3.18377709388733 4.46693551540375 4.54594659805298 4.41750812530518 4.28294336795807 4.44679749011993 8.24301046984536 30.9297181963921 -9999 -9999 -9999 -9999 -9999 -9999 -9999 -9999 -9999 -9999 -9999 -9999 -9999 -9999 -9999 -9999 -9999 -9999 -9999 -9999 -9999 -9999 -9999 -9999 -9999 -9999 -9999
4.03907799720764 3.64608478546143 3.68846893310547 3.31973648071289 3.06670841574669 2.6546925008297 2.31828716397285 1.19579699635506 1.31515198945999 0.906722277402878 0.992547780275345 0.939361542463303 0.769892960786819 0.851774275302887 0.965474277734756 1.4796307682991 1.79543030261993 2.02166926860809 2.23362457752228 2.56304329633713 2.30805748701096 2.53689032793045 2.44276602566242 1.83625221252441 2.46472656726837 2.97482854127884 3.3863353729248 3.73365890979767 4.01414406299591 3.65139293670654 -9999 -9999 -9999 -9999 -9999 -9999 -9999 -9999 -9999 -9999 -9999 -9999 -9999 -9999 -9999 -9999 -9999 -9999 -9999 -9999 -9999 -9999 -9999 -9999 -9999 -9999 -9999 -9999 -9999 -9999 -9999 -9999
3.61518108844757 3.93686324357986 3.99657887220383 3.53776717185974 3.3512921333313 2.9938106238842 2.66996589303017 2.33297842741013 2.5450394153595 2.27324992418289 1.87439095973969 1.14367273449898 1.53066605329514 1.67119574546814 1.9859504699707 2.49366295337677 2.86111342906952 3.03682959079742 2.98690581321716 2.86591869592667 1.69762283563614 2.656583994627 2.1489759683609 2.61439526081085 3.07120966911316 3.89940226078033 4.1420910358429 4.89707636833191 4.30967009067535 4.82643520832062 4.97235524654388 28.4134367704391 -9999 -9999 -9999 -9999 -9999 -9999 -9999 12.6942715644836 -9999 -9999 -9999 -9999 -9999 -9999 -9999 -9999 -9999 -9999 -9999 -9999 -9999 -9999 -9999 -9999 -9999 -9999 -9999 -9999 -9999 -9999
7.28829315304756 4.40083640813828 4.56195741891861 5.01500675082207 4.11373543739319 5.02075803279877 3.18109273910522 3.26087808609009 2.88406017422676 2.12145674228668 2.05248825252056 1.73667334020138 1.69519159197807 1.54612013697624 2.4036893248558 3.14842128753662 3.24549007415771 3.08932185173035 3.09274792671204 3.20704692602158 3.19194859266281 3.21566069126129 3.40948414802551 3.45233428478241 3.63992667198181 3.90976059436798 4.13325762748718 4.27630877494812 5.1778929233551 7.32727203369141 3.30022573471069 3.42093944549561 -9999 -9999 -9999 -9999 -9999 -9999 -9999 -9999 -9999 -9999 -9999 -9999 -9999 -9999 -9999 -9999 -9999 -9999 -9999 -9999 -9999 -9999 -9999 -9999 -9999 -9999 -9999 -9999 -9999 -9999
-9999 -9999 -9999 -9999 -9999 3.20281362533569 3.62823462486267 3.24537402391434 2.72317269444466 2.13109423220158 2.01596023142338 1.76760300993919 1.7512095272541 1.86316461861134 2.08717310428619 2.2928831577301 3.41227948665619 3.60662966966629 3.50223350524902 4.40064525604248 4.67663323879242 4.60890197753906 4.98615539073944 6.79189729690552 4.81249678134918 4.32569181919098 -9999 -9999 -9999 -9999 -9999 -9999 -9999 -9999 -9999 -9999 -9999 -9999 -9999 -9999 -9999 -9999 -9999 -9999 -9999 -9999 -9999 -9999 -9999 -9999 -9999 -9999 -9999 -9999 -9999 -9999 -9999 -9999 -9999 -9999 -9999 -9999
-9999 -9999 -9999 -9999 -9999 -9999 3.3696456849575 2.97018712759018 2.48141956329346 2.01696708798409 1.99358211457729 2.23995333909988 2.45475643873215 2.67356997728348 2.78604528307915 3.82577776908875 4.05589485168457 4.08461487293243 4.23710989952087 6.83695292472839 7.54856514930725 8.16301012039185 8.06136536598206 2.66331607103348 -9999 -9999 -9999 -9999 -9999 -9999 -9999 -9999 -9999 -9999 -9999 -9999 -9999 -9999 -9999 -9999 -9999 -9999 -9999 -9999 -9999 -9999 -9999 -9999 -9999 -9999 -9999 -9999 -9999 -9999 -9999 -9999 -9999 -9999 -9999 -9999 -9999 -9999
