EcologicalScience/Bass/data/rs_data_bass/chl_19.asc
NCOLS 226 
NROWS 124 
XLLCORNER -9.41648524995501 
YLLCORNER 47.587301625531 
CELLSIZE 0.0833 
NODATA_value -9999 
[rows 0 to 26 of 124, columns 62 to 123 of 226]
-9999 -9999 -9999 -9999 -9999 -9999 -9999 -9999 -9999 -9999 -9999 -9999 -9999 -9999 -9999 -9999 -9999 -9999 -9999 -9999 -9999 -9999 -9999 -9999 -9999 -9999 -9999 -9999 -9999 -9999 -9999 -9999 -9999 -9999 -9999 -9999 -9999 -9999 -9999 -9999 -9999 -9999 -9999 -9999 -9999 -9999 -9999 -9999 -9999 -9999 -9999 -9999 -9999 -9999 -9999 -9999 -9999 -9999 -9999 -9999 -9999 -9999
-9999 -9999 -9999 -9999 -9999 -9999 -9999 -9999 -9999 -9999 -9999 -9999 -9999 -9999 -9999 -9999 -9999 -9999 -9999 -9999 -9999 -9999 -9999 -9999 -9999 -9999 -9999 -9999 -9999 -9999 -9999 -9999 -9999 -9999 -9999 -9999 -9999 -9999 -9999 -9999 -9999 -9999 -9999 -9999 -9999 -9999 -9999 -9999 -9999 -9999 -9999 -9999 -9999 -9999 -9999 -9999 -9999 -9999 -9999 -9999 -9999 -9999
-9999 -9999 -9999 -9999 -9999 -9999 -9999 -9999 -9999 -9999 -9999 -9999 -9999 -9999 -9999 -9999 -9999 -9999 -9999 -9999 -9999 -9999 -9999 -9999 -9999 -9999 -9999 -9999 -9999 -9999 -9999 -9999 -9999 -9999 -9999 -9999 -9999 -9999 -9999 -9999 -9999 -9999 -9999 -9999 -9999 -9999 -9999 -9999 -9999 -9999 -9999 -9999 -9999 -9999 -9999 -9999 -9999 -9999 -9999 -9999 -9999 -9999
-9999 -9999 -9999 -9999 -9999 -9999 -9999 -9999 -9999 -9999 -9999 -9999 -9999 -9999 -9999 -9999 -9999 -9999 -9999 -9999 -9999 -9999 -9999 -9999 -9999 -9999 -9999 -9999 -9999 -9999 -9999 -9999 -9999 -9999 -9999 -9999 -9999 -9999 -9999 -9999 -9999 -9999 -9999 -9999 -9999 -9999 -9999 -9999 -9999 -9999 -9999 -9999 -9999 -9999 -9999 -9999 -9999 -9999 -9999 -9999 -9999 -9999
-9999 -9999 -9999 -9999 -9999 -9999 -9999 -9999 -9999 -9999 -9999 -9999 -9999 -9999 -9999 -9999 -9999 -9999 -9999 -9999 -9999 -9999 -9999 -9999 -9999 -9999 -9999 -9999 -9999 -9999 -9999 -9999 -9999 -9999 -9999 -9999 -9999 -9999 -9999 -9999 -9999 -9999 -9999 -9999 -9999 -9999 -9999 -9999 -9999 -9999 -9999 -9999 -9999 -9999 -9999 -9999 -9999 -9999 -9999 -9999 -9999 -9999
-9999 -9999 -9999 -9999 -9999 -9999 -9999 -9999 -9999 -9999 -9999 -9999 -9999 -9999 -9999 -9999 -9999 -9999 -9999 -9999 -9999 -9999 -9999 -9999 -9999 -9999 -9999 -9999 0.63735419511795 -9999 5.50912141799927 1.32423976063728 1.21165573596954 1.10862377285957 1.01747998595238 1.37902200222015 1.48201122879982 1.34667599201202 1.3182629942894 1.24507722258568 1.20180228352547 1.11930298805237 1.07978546619415 1.12252423167229 1.01545125246048 1.08978223800659 0.944550722837448 0.772709280252457 0.73319698870182 0.632578521966934 0.547188743948936 0.646411143243313 0.517352253198624 0.486917272210121 0.472929015755653 0.477182999253273 0.493276253342628 0.491178765892982 0.467031016945839 0.54909972846508 0.547234520316124 0.52062526345253
-9999 -9999 -9999 -9999 -9999 -9999 -9999 -9999 -9999 -9999 -9999 -9999 -9999 -9999 -9999 -9999 -9999 -9999 -9999 -9999 -9999 -9999 -9999 -9999 -9999 -9999 1.18186515569687 1.0627324283123 4.14961516857147 3.32305812835693 4.70069468021393 1.99412477016449 1.2224654853344 1.23960077762604 1.53683996200562 1.67845577001572 1.61207181215286 1.58123248815536 1.45818901062012 1.56772792339325 1.58920347690582 1.61481374502182 1.48200675845146 1.44094803929329 1.28863200545311 1.11655649542809 1.28515273332596 1.23439425230026 1.09592252969742 0.933018028736115 0.808290749788284 0.562377735972404 0.538363516330719 0.572406738996506 0.497770518064499 0.487244993448257 0.479931011795998 0.485542505979538 0.510116994380951 0.576922506093979 0.559282511472702 0.5275057554245
-9999 -9999 -9999 -9999 -9999 -9999 -9999 -9999 -9999 -9999 -9999 -9999 -9999 -9999 -9999 -9999 -9999 -9999 -9999 -9999 -9999 -9999 -9999 -9999 -9999 -9999 1.18186515569687 5.11137163639069 5.05714559555054 3.18298280239105 2.21150475740433 1.61229819059372 1.0848074555397 1.12608227133751 1.57422441244125 1.79196381568909 1.8026887178421 1.68457192182541 1.33094099164009 1.44287922978401 1.56964874267578 1.42767378687859 1.33059149980545 1.4100975394249 1.30403628945351 0.950860530138016 0.877380788326263 1.04474776983261 1.08157646656036 0.951723039150238 0.956901043653488 0.716708779335022 0.948645025491714 0.57454352080822 0.515319764614105 0.487388983368874 0.480653241276741 0.637939497828484 0.469085991382599 0.542410477995872 0.577568247914314 0.511456489562988
-9999 -9999 -9999 -9999 -9999 -9999 -9999 -9999 -9999 -9999 -9999 -9999 -9999 -9999 -9999 -9999 -9999 -9999 -9999 -9999 -9999 -9999 -9999 -9999 -9999 -9999 7.10871434211731 5.0075079202652 2.72749418020248 1.63966351747513 1.43373522162437 1.33649995923042 1.20438221096992 1.85850155353546 2.15633243322372 1.9866532087326 1.84815680980682 1.834223985672 1.71650844812393 1.65051233768463 1.37304228544235 1.38997650146484 1.42398977279663 1.23675674200058 1.05428248643875 0.987667500972748 0.932826787233353 0.967493981122971 0.895001292228699 0.85224375128746 0.801739543676376 0.707596510648727 0.680387243628502 0.516948759555817 0.51001051068306 0.485508754849434 0.641594231128693 0.701641514897346 0.718391999602318 0.719356521964073 0.587627246975899 0.431578516960144
-9999 -9999 -9999 -9999 -9999 -9999 -9999 -9999 -9999 -9999 -9999 -9999 -9999 -9999 -9999 -9999 -9999 -9999 -9999 -9999 -9999 -9999 -9999 -9999 -9999 1.19121462106705 4.43208003044128 3.34513664245605 3.3677784204483 3.59371662139893 2.76657217741013 2.52396833896637 2.21328896284103 2.13741302490234 1.87464147806168 1.74907654523849 2.00934755802155 1.88948321342468 1.90943402051926 1.60341900587082 1.42567875981331 1.35233920812607 1.27603876590729 1.12392604351044 1.14114224910736 0.918517470359802 0.792958527803421 0.66857023537159 0.755042999982834 0.829751998186111 0.762655466794968 0.769493222236633 0.892674028873444 0.951381772756577 1.07563573122025 1.05570521950722 0.903256505727768 0.877596706151962 0.858882039785385 0.856466263532639 0.572670757770538 0.392868742346764
-9999 -9999 -9999 -9999 -9999 -9999 -9999 -9999 -9999 -9999 -9999 -9999 -9999 -9999 -9999 -9999 -9999 -9999 -9999 -9999 -9999 -9999 -9999 -9999 -9999 4.38603615760803 3.78515696525574 2.94456070661545 2.56584817171097 2.92510950565338 2.87876254320145 2.95522803068161 2.32823181152344 1.83413404226303 1.71316945552826 1.72301852703094 1.93678432703018 1.86033672094345 1.78875231742859 1.44075599312782 1.26116850972176 1.22996100783348 1.31083649396896 1.31309849023819 1.2087607383728 0.943012475967407 0.898771494626999 0.827210962772369 0.70625402033329 0.52325476706028 0.443228244781494 0.515053510665894 0.527606248855591 0.538721993565559 0.658595234155655 0.973746746778488 0.91684877872467 0.776421725749969 0.692620486021042 0.526180520653725 0.414050996303558 0.448073253035545
-9999 -9999 -9999 -9999 -9999 -9999 -9999 -9999 -9999 -9999 -9999 -9999 -9999 -9999 -9999 -9999 -9999 -9999 -9999 -9999 -9999 -9999 -9999 -9999 1.31647038459778 5.56366288661957 3.3043806552887 2.85016572475433 2.59870719909668 2.77349030971527 2.01186382770538 1.96875447034836 1.49142900109291 1.24523475766182 1.48699200153351 1.40226450562477 1.40230724215508 1.31987249851227 1.34713277220726 1.25761279463768 1.14050397276878 1.279391258955 1.23967203497887 1.23750972747803 1.07143047451973 0.885517537593842 1.07069697976112 0.939762711524963 0.666532516479492 0.467453241348267 0.426129743456841 0.576125264167786 0.650161519646645 0.458417996764183 0.429141014814377 0.443324983119965 0.502961978316307 0.726828753948212 0.478903502225876 0.509705990552902 0.526856258511543 0.506458505988121
-9999 -9999 -9999 -9999 -9999 -9999 -9999 -9999 -9999 -9999 -9999 -9999 -9999 -9999 -9999 -9999 -9999 -9999 -9999 -9999 -9999 -9999 -9999 1.50594073534012 2.85328727960587 2.55405896902084 2.54562306404114 2.51001816987991 2.0238915681839 1.71074545383453 1.88348096609116 1.87593144178391 2.01129823923111 1.42601323127747 1.37330102920532 1.04190972447395 1.16096475720406 1.18151253461838 1.12757098674774 1.1627197265625 1.2022462785244 1.16753849387169 1.10266649723053 1.03352245688438 0.983301043510437 1.14675602316856 1.16550600528717 0.939561724662781 0.690707266330719 0.605351239442825 0.529182001948357 0.741040483117104 0.712129488587379 0.471852019429207 0.436673998832703 0.425761520862579 0.469025760889053 0.481122002005577 0.530047506093979 0.607344746589661 0.621425271034241 0.721394240856171
-9999 -9999 -9999 -9999 -9999 -9999 -9999 -9999 -9999 -9999 -9999 -9999 -9999 -9999 -9999 -9999 -9999 -9999 -9999 -9999 -9999 -9999 2.18665283918381 2.70045232772827 2.37773931026459 1.80176693201065 1.78616774082184 1.96293371915817 1.65242993831635 1.97760307788849 2.56395220756531 2.07023924589157 1.74307268857956 1.4424202144146 1.2578272819519 1.06570270657539 1.20821776986122 1.18241402506828 1.13830652832985 1.04699251055717 0.955449789762497 0.85146376490593 0.80442675948143 0.833873212337494 0.978899270296097 1.08003821969032 0.764885991811752 0.657210767269135 0.654983997344971 0.614066228270531 0.583250239491463 0.668598756194115 0.533411979675293 0.364369489252567 0.405426755547523 0.439541235566139 0.478589236736298 0.452413238584995 0.438065245747566 0.613809004426003 0.429324001073837 0.468547493219376
-9999 -9999 -9999 -9999 -9999 -9999 -9999 -9999 -9999 -9999 -9999 -9999 -9999 -9999 -9999 -9999 -9999 -9999 -9999 -9999 2.64602583646774 -9999 4.62154340744019 3.2135009765625 2.52670347690582 1.81049698591232 1.91495096683502 1.88526982069016 1.70190221071243 1.92810827493668 2.28173696994781 2.15502673387527 1.97704946994781 1.46819025278091 1.20528075098991 1.15205553174019 1.16100525856018 1.13003396987915 1.09402951598167 1.08275771141052 0.987448543310165 0.831070482730865 0.757888466119766 0.754501461982727 0.763175994157791 0.6564030200243 0.487766996026039 0.498084738850594 0.544194012880325 0.577648490667343 0.586312517523766 0.740912228822708 0.741071239113808 0.586201518774033 0.493112236261368 0.478456512093544 0.440061762928963 0.430211260914803 0.438754513859749 0.420280247926712 0.391537010669708 0.407273009419441
-9999 -9999 -9999 -9999 -9999 -9999 -9999 -9999 -9999 -9999 -9999 -9999 -9999 -9999 -9999 -9999 -9999 -9999 -9999 -9999 -9999 1.98021072149277 2.17659741640091 1.89676201343536 1.5312659740448 1.49396476149559 1.97778671979904 1.97339701652527 2.03250217437744 2.25071704387665 2.33481520414352 2.12184226512909 1.98296767473221 1.58669257164001 1.37617725133896 1.08381003141403 1.06852421164513 1.04832825064659 0.972548246383667 0.993306040763855 0.961964964866638 0.868470758199692 0.81554102897644 0.775319248437881 0.720640495419502 0.571681514382362 0.482501238584518 0.519216746091843 0.52419076859951 0.571343243122101 0.657348766922951 0.746842503547668 0.789708763360977 0.608898013830185 0.733853995800018 0.523148998618126 0.36863174289465 0.398523733019829 0.584030985832214 0.618059992790222 0.398971766233444 0.382329508662224
-9999 -9999 -9999 -9999 -9999 -9999 -9999 -9999 -9999 -9999 -9999 -9999 -9999 -9999 -9999 -9999 -9999 -9999 -9999 71.3037815093994 8.96516132354736 2.66813403367996 2.05887973308563 1.80340129137039 1.69821524620056 1.76415002346039 1.80882668495178 1.79978030920029 1.82343757152557 1.9140465259552 2.13369745016098 2.12777781486511 1.77613878250122 1.32424727082253 1.17609152197838 0.987824231386185 0.972912758588791 1.04098346829414 1.00650823116302 0.937577962875366 0.762928515672684 0.81342825293541 0.736431732773781 0.577593013644218 0.544235989451408 0.541112244129181 0.714838519692421 0.748716741800308 0.757831513881683 0.731405988335609 0.698164477944374 0.635746479034424 0.511547237634659 0.512163743376732 0.456199496984482 0.404035493731499 0.368593499064445 0.383757010102272 0.500813260674477 0.456752255558968 0.387286484241486 0.422960266470909
-9999 -9999 -9999 -9999 -9999 -9999 -9999 -9999 -9999 -9999 -9999 -9999 -9999 -9999 -9999 -9999 -9999 -9999 20.4914674758911 23.2799620628357 14.6394538879395 5.69766390323639 2.39901673793793 1.1845717728138 1.26667946577072 1.15573427081108 1.05327826738358 1.18440297245979 1.05413398146629 1.07091450691223 1.19929271936417 1.36984723806381 1.022550791502 0.895876497030258 0.925545752048492 0.85843500494957 0.870112538337708 1.10993322730064 1.01749348640442 0.917831987142563 0.713427007198334 0.527323499321938 0.491633981466293 0.525993749499321 0.557165265083313 0.60886350274086 0.885746955871582 0.674216240644455 0.515909984707832 0.563442751765251 0.621803998947144 0.537423759698868 0.437028765678406 0.282604493200779 0.290786258876324 0.311233498156071 0.415142253041267 0.345855005085468 0.372266262769699 0.372536741197109 0.369652487337589 0.38373675942421
-9999 -9999 -9999 -9999 -9999 -9999 -9999 -9999 -9999 -9999 -9999 -9999 -9999 -9999 -9999 -9999 -9999 -9999 19.4369702339172 14.4245910644531 7.91298794746399 5.9882640838623 4.21708559989929 1.71245777606964 1.37572950124741 1.20248249173164 1.11252745985985 1.08750602602959 0.963372766971588 0.97928175330162 0.861249715089798 0.824660986661911 0.880770742893219 0.78956401348114 0.826004236936569 0.862559974193573 0.909633725881577 1.00847026705742 0.922662019729614 0.824543237686157 0.719750270247459 0.572507992386818 0.614262744784355 0.560105234384537 0.540956988930702 0.59340526163578 0.850605010986328 0.699852749705315 0.436835244297981 0.342168755829334 0.319853246212006 0.299223750829697 0.292753502726555 0.301914744079113 0.311202004551888 0.343216493725777 0.442142263054848 0.36022424697876 0.32736374437809 0.398675233125687 0.446112737059593 0.400738477706909
-9999 -9999 -9999 -9999 -9999 -9999 -9999 -9999 -9999 -9999 -9999 -9999 -9999 -9999 -9999 -9999 -9999 -9999 -9999 7.47399115562439 5.52749705314636 3.47969555854797 1.82432627677917 1.32466274499893 1.25501024723053 1.19265675544739 1.20650777220726 1.12188148498535 1.03642576932907 0.927663713693619 0.869143456220627 0.874124228954315 0.868899017572403 0.875587463378906 0.896111994981766 0.932555258274078 1.0668862760067 0.901381462812424 0.798121511936188 0.683900982141495 0.602857500314713 0.566090270876884 0.722001001238823 0.677050486207008 0.616314008831978 0.600401982665062 0.850052207708359 0.782936275005341 0.538147509098053 0.350087240338326 0.294117003679276 0.278793007135391 0.27760349214077 0.281225994229317 0.296682000160217 0.32098350673914 0.581235766410828 0.524929493665695 0.539034739136696 0.524989485740662 0.5130705088377 0.536536484956741
-9999 -9999 -9999 -9999 -9999 -9999 -9999 -9999 -9999 -9999 -9999 -9999 -9999 -9999 -9999 3.93666304482354 -9999 7.78122475743294 8.82698822021484 7.2755663394928 8.29840493202209 4.44874334335327 3.19868016242981 2.39639782905579 1.67286908626556 1.50573295354843 1.29561299085617 1.27235698699951 1.1389342546463 1.02915447950363 0.970660507678986 0.931874960660934 0.939741790294647 0.997966468334198 1.0653974711895 1.07319223880768 0.998754769563675 0.904315531253815 0.662643000483513 0.650532022118568 0.687335997819901 0.709342494606972 0.654174730181694 0.657951012253761 0.695461481809616 0.715794011950493 0.712621495127678 0.538796246051788 0.405252009630203 0.331711493432522 0.303863994777203 0.288939759135246 0.276990741491318 0.288099758327007 0.304792508482933 0.595731005072594 0.616302743554115 0.607162490487099 0.590624257922173 0.612924009561539 0.673190250992775 0.744421496987343
-9999 -9999 -9999 -9999 -9999 -9999 -9999 -9999 -9999 -9999 35.2986888885498 35.2986888885498 13.7248649597168 29.0809879302979 12.8257842063904 13.6292624473572 15.2037034034729 14.1295795440674 8.52705144882202 8.30329442024231 5.20051431655884 2.30564546585083 2.07763731479645 1.88349598646164 1.75115472078323 1.5988050699234 1.50429224967957 1.24717578291893 1.11391872167587 1.05555152893066 0.947118043899536 0.893715709447861 0.919364959001541 0.848721027374268 0.907156527042389 0.966395974159241 0.957876026630402 0.851934760808945 0.643830746412277 0.586854010820389 0.693830251693726 0.699665978550911 0.651431232690811 0.606013521552086 0.536091014742851 0.531171754002571 0.500443518161774 0.389309987425804 0.331152006983757 0.325450502336025 0.321353249251842 0.312943495810032 0.290527492761612 0.275716491043568 0.283938758075237 0.372253507375717 0.349907241761684 0.367200002074242 0.417367503046989 0.456192746758461 0.578648239374161 0.732035994529724
-9999 -9999 -9999 -9999 -9999 -9999 -9999 -9999 -9999 -9999 35.2986888885498 9.02771796350894 2.12813698328458 24.887354850769 18.5046873092651 16.480167388916 15.602306842804 3.97820214791731 10.4796449246973 -9999 5.23981904983521 4.62814557552338 3.1828351020813 2.54981392621994 1.84887224435806 1.59959471225739 1.4876212477684 1.29784727096558 1.08073577284813 0.976452022790909 0.863465219736099 0.913339465856552 0.875006228685379 0.851292729377747 0.865925252437592 0.855488240718842 0.962044537067413 0.906841456890106 0.645630732178688 0.641870990395546 0.697611764073372 0.60453973710537 0.514564499258995 0.443364769220352 0.383735239505768 0.351862505078316 0.355205252766609 0.366261005401611 0.343804500997066 0.329388745129108 0.310310997068882 0.295361995697021 0.281136743724346 0.29008649289608 0.300711750984192 0.299886010587215 0.309005990624428 0.348368994891644 0.411018759012222 0.475704744458199 0.545219242572784 0.636396735906601
-9999 -9999 -9999 -9999 -9999 -9999 -9999 -9999 -9999 -9999 -9999 -9999 -9999 9.19332275390625 44.1906195174564 -9999 -9999 -9999 -9999 -9999 -9999 -9999 6.52541255950928 4.36580908298492 2.57535302639008 2.07829356193542 1.80599766969681 1.49451747536659 1.28378400206566 1.09167221188545 1.03433552384377 0.970447540283203 0.894145488739014 0.854825288057327 0.793867528438568 0.815024971961975 0.889316976070404 0.798808515071869 0.691268250346184 0.55384124815464 0.525149255990982 0.46553698182106 0.42432975769043 0.422102987766266 0.422047510743141 0.398202002048492 0.330571509897709 0.359611496329308 0.360457509756088 0.360782258212566 0.337064243853092 0.293999992311001 0.291249006986618 0.306045010685921 0.324039749801159 0.339934498071671 0.359724752604961 0.383882984519005 0.417007505893707 0.477539241313934 0.537558764219284 0.621314272284508
-9999 -9999 -9999 -9999 -9999 -9999 -9999 -9999 -9999 -9999 -9999 -9999 -9999 16.6274771690369 16.6274771690369 16.6274771690369 -9999 -9999 -9999 -9999 -9999 -9999 4.94490551948547 4.94490551948547 4.94490551948547 0.308659605681896 3.0929878950119 3.07713210582733 2.13685870170593 1.66266971826553 1.59812772274017 1.13508072495461 0.992700040340424 0.975151509046555 0.881297260522842 0.773143529891968 0.696114733815193 0.634947761893272 0.460892245173454 0.407763004302979 0.468481510877609 0.491538763046265 0.54338251054287 0.60267747938633 0.591073483228683 0.442954480648041 0.350738257169724 0.357149250805378 0.361981496214867 0.361058995127678 0.379836738109589 0.380814000964165 0.382074013352394 0.382149741053581 0.385836750268936 0.391243502497673 0.401375234127045 0.435561016201973 0.413651257753372 0.536161512136459 0.565413013100624 0.411346487700939
-9999 -9999 -9999 -9999 -9999 -9999 -9999 -9999 -9999 -9999 -9999 -9999 -9999 -9999 -9999 -9999 -9999 -9999 -9999 -9999 -9999 -9999 -9999 -9999 -9999 -9999 4.56792461872101 4.63998305797577 2.7117862701416 2.44111043214798 1.81713670492172 1.38155177235603 1.28896495699883 1.11772647500038 0.600221246480942 0.527874737977982 0.465170994400978 0.476186245679855 0.474740982055664 0.435208484530449 0.530964016914368 0.630645766854286 0.707253769040108 0.712103247642517 0.777633726596832 0.673007234930992 0.504437997937202 0.395402982831001 0.384125992655754 0.389124020934105 0.407345250248909 0.403734013438225 0.404324233531952 0.439038008451462 0.462980255484581 0.405773252248764 0.426836997270584 0.477643489837646 0.47241148352623 0.480612739920616 0.483204022049904 0.500513255596161
-9999 -9999 -9999 -9999 -9999 -9999 -9999 -9999 -9999 -9999 -9999 -9999 -9999 -9999 -9999 -9999 -9999 -9999 -9999 -9999 -9999 -9999 -9999 -9999 -9999 -9999 -9999 -9999 3.26341366767883 2.99170356988907 2.27247369289398 1.56904649734497 1.41479846835136 1.32355123758316 1.01456701755524 0.811641007661819 0.704954266548157 0.618944227695465 0.603290230035782 0.489496484398842 0.473471984267235 0.527534991502762 0.515115737915039 0.616044759750366 0.589031249284744 0.529822513461113 0.467009246349335 0.443953514099121 0.472356006503105 0.492111012339592 0.48735299706459 0.503571733832359 0.465911999344826 0.463514238595963 0.454855486750603 0.408494979143143 0.424238249659538 0.434028759598732 0.432459756731987 0.433047741651535 0.421154245734215 0.424653008580208
