EcologicalScience/Bass/data/rs_data_bass/chl_32.asc
NCOLS 226 
NROWS 124 
XLLCORNER -9.41648524995501 
YLLCORNER 47.587301625531 
CELLSIZE 0.0833 
NODATA_value -9999 
[rows 56 to 83 of 124, columns 124 to 185 of 226]
2.11275458335876 2.23763769865036 2.14665377140045 2.06066107749939 1.88992649316788 1.59960526227951 1.39664545655251 1.30641523003578 1.21778252720833 1.20088201761246 1.1506709754467 1.11474975943565 1.29338023066521 1.29843896627426 1.31514376401901 1.54629153013229 1.68278843164444 1.88764125108719 1.88182872533798 1.90049171447754 2.00147616863251 2.03740131855011 2.0796337723732 2.09878867864609 2.15610605478287 1.88438773155212 1.91894620656967 1.7158597111702 1.5084525346756 1.57131081819534 1.69715470075607 1.74098843336105 1.90055322647095 1.93576794862747 1.85975629091263 1.74200928211212 1.65175580978394 1.37587353587151 1.45455452799797 1.73235601186752 1.76893419027328 1.83453369140625 1.31436002254486 1.65075445175171 2.38466548919678 2.77943247556686 3.76208031177521 -9999 4.60759458276961 4.86068373918533 8.05217581987381 6.96675556898117 6.27011550797357 15.8963691091886 -9999 -9999 -9999 -9999 -9999 -9999 -9999 -9999
2.3185710310936 2.14709025621414 2.42140728235245 2.07392030954361 2.08154994249344 1.90226769447327 1.62889051437378 1.71392405033112 1.68387669324875 1.59804904460907 1.39574173092842 1.41038176417351 1.26519745588303 1.36758971214294 1.27049320936203 1.44761547446251 1.94956129789352 2.02846866846085 2.07793647050858 2.08825957775116 2.06329947710037 2.00501400232315 1.98701995611191 1.93855279684067 1.6966980099678 1.63541704416275 1.65389549732208 1.85498321056366 1.71963143348694 1.53542017936707 1.69379621744156 1.88301372528076 1.74851775169373 1.8065310716629 1.67544293403625 1.60259091854095 1.36254224181175 1.1827230155468 1.11040797829628 0.965677499771118 0.987998217344284 1.20496425032616 2.33009093999863 2.7942014336586 3.33089339733124 3.43380582332611 11.5832862854004 -9999 8.05627298355103 9.51317453384399 10.4766640663147 10.6423215866089 8.95115983486176 -9999 -9999 -9999 -9999 -9999 -9999 -9999 -9999 -9999
2.92392593622208 2.41266149282455 2.2978184223175 2.18743121623993 1.89861595630646 1.86970728635788 2.03456550836563 2.06339693069458 2.18726098537445 2.19215172529221 1.84793472290039 1.13103148341179 1.06018424034119 1.44373574852943 1.64800268411636 1.75344067811966 2.20357954502106 2.1239692568779 2.16177302598953 2.13161551952362 2.05299979448318 2.00924921035767 1.92047023773193 1.78636425733566 1.85651028156281 1.80785626173019 1.72573721408844 1.71249157190323 1.65852606296539 1.4779064655304 1.53252750635147 1.74997043609619 1.89487195014954 1.78816866874695 1.66150277853012 1.56736207008362 1.44249826669693 1.11732521653175 1.23681449890137 1.16645103693008 2.01728993654251 3.457355260849 3.80430614948273 3.99857246875763 4.21722078323364 3.96096682548523 5.63246214389801 9.4541974067688 8.14231395721436 7.31238627433777 9.24457597732544 6.41309541463852 49.9533463400237 -9999 -9999 -9999 -9999 -9999 -9999 -9999 -9999 -9999
-9999 3.04838308542967 2.82277643680573 2.53197294473648 2.46004647016525 2.494016289711 2.13693755865097 1.90038907527924 2.07775354385376 2.09771257638931 1.7739554643631 1.32431173324585 1.13937073945999 1.48053225874901 1.71127492189407 1.78268623352051 2.25808203220367 2.24218207597733 2.19446700811386 2.10639005899429 1.99344152212143 1.77117973566055 1.68033903837204 1.61351251602173 1.57567048072815 1.51166850328445 1.35285821557045 1.58136069774628 1.50580501556396 1.44092103838921 1.64400225877762 1.65562731027603 1.61045551300049 1.64510178565979 1.69673466682434 1.49194577336311 1.33772546052933 1.28946670889854 1.58498919010162 2.42039841413498 3.47477638721466 3.77816462516785 4.0665328502655 4.65652441978455 4.49420249462128 -9999 -9999 8.28346753120422 11.7789165973663 10.2982139825821 34.2700556170556 49.6824629383702 42.9562280716435 -9999 -9999 -9999 -9999 -9999 -9999 -9999 -9999 -9999
-9999 -9999 -9999 -9999 -9999 2.28387522697449 2.77228653430939 2.59510731697083 2.06018257141113 2.00237846374512 2.10395783185959 1.62637495994568 1.57714194059372 1.56941395998001 1.71908247470856 1.96825808286667 2.0436007976532 2.11444491147995 2.14380669593811 2.05034619569778 1.70612704753876 1.56338328123093 1.52925896644592 1.5551415681839 1.54758900403976 1.57946169376373 1.53769719600677 1.55932581424713 1.56494933366776 1.50477004051208 1.49378997087479 1.54853993654251 1.47104778885841 1.44039076566696 1.39538553357124 1.39308446645737 1.41353702545166 1.64511680603027 1.9269831776619 2.83389830589294 2.97836029529572 4.14851403236389 4.29460716247559 4.22399032115936 4.27906715869904 -9999 -9999 -9999 -9999 -9999 63.7461223602295 54.5048622008293 63.1211408799694 -9999 -9999 -9999 -9999 -9999 -9999 -9999 -9999 -9999
-9999 -9999 -9999 -9999 -9999 -9999 -9999 -9999 3.32189404964447 2.76169341802597 2.41341519355774 1.86127728223801 1.72710067033768 1.85536193847656 1.97840470075607 2.23811691999435 2.07620841264725 2.00886976718903 2.04811191558838 2.04115945100784 1.78522199392319 1.62794691324234 1.57011151313782 1.54613542556763 1.53144371509552 1.54725229740143 1.60482823848724 1.64673453569412 1.63621652126312 1.38681676983833 1.37036472558975 1.352908462286 1.42665374279022 1.4903407394886 1.73762995004654 1.90048491954803 2.12468773126602 2.07827031612396 2.04645305871964 2.34660816192627 3.29615986347198 5.95211040973663 6.27345657348633 5.34951210021973 -9999 29.0682649612427 -9999 -9999 -9999 -9999 17.548882484436 61.3176707756229 10.104458136992 55.334104180336 24.2793185412884 -9999 -9999 -9999 -9999 -9999 -9999 -9999
-9999 -9999 -9999 -9999 -9999 -9999 -9999 -9999 -9999 -9999 2.62048280239105 2.18568831682205 2.09754306077957 1.89980918169022 2.0895277261734 2.34081369638443 2.19300216436386 1.9700580239296 1.97344726324081 1.97313594818115 1.79740351438522 1.73693025112152 1.70475822687149 1.6637145280838 1.51297795772552 1.45847252011299 1.50592571496964 1.64259141683578 1.7172292470932 1.22480776906013 1.17561373114586 1.18304023146629 1.53472352027893 1.70779269933701 1.9014698266983 1.93989300727844 1.97562521696091 1.98569995164871 2.16454643011093 2.32282269001007 3.32989275455475 4.77171671390533 5.8214864730835 4.95125985145569 -9999 -9999 -9999 -9999 -9999 -9999 -9999 -9999 -9999 41.0175127387047 45.8185515403748 9.6987433867021 10.8786277770996 -9999 -9999 -9999 -9999 -9999
-9999 -9999 -9999 -9999 -9999 -9999 -9999 -9999 -9999 4.3704868555069 2.70159369707108 2.21490007638931 2.02532243728638 2.04832130670547 2.09997832775116 2.45810920000076 2.26157766580582 2.05238252878189 1.83324301242828 1.88765019178391 1.84782600402832 1.83833026885986 1.78465193510056 1.69502091407776 1.4755177795887 1.41146251559258 1.42718777060509 1.60409474372864 1.61709147691727 1.25606775283813 1.25900995731354 1.3179150223732 1.31260120868683 1.425916492939 1.80440479516983 1.78458076715469 2.33257055282593 3.08425891399384 2.80542075634003 2.99389582872391 3.93758082389832 5.19128179550171 5.94297659397125 6.72949576377869 -9999 33.0447750091553 -9999 -9999 -9999 15.4813499450684 15.5974473953247 13.1552224159241 12.7154674530029 14.4397673606873 15.0074644088745 33.065237681071 -9999 -9999 -9999 -9999 -9999 -9999
-9999 -9999 -9999 -9999 -9999 -9999 -9999 -9999 -9999 -9999 3.44280445575714 2.8945979475975 2.41875833272934 2.73725706338882 2.67574721574783 2.53028404712677 2.3703156709671 2.09149718284607 1.81888192892075 1.97808301448822 1.8751807808876 2.04812926054001 1.86925274133682 1.79215568304062 1.60253173112869 1.53009080886841 1.50410628318787 1.44341549277306 1.30330726504326 1.40154978632927 1.52929276227951 1.60906130075455 1.69139099121094 1.79780781269073 2.24734801054001 2.53902447223663 3.18711519241333 3.70246589183807 4.02520036697388 4.33197212219238 4.22831332683563 4.53948605060577 5.24484014511108 5.52838933467865 -9999 -9999 -9999 -9999 -9999 -9999 15.506920337677 17.6484174728394 26.2685451507568 18.152373790741 18.5044876098633 -9999 -9999 -9999 -9999 -9999 -9999 -9999
-9999 -9999 -9999 -9999 -9999 -9999 -9999 -9999 -9999 3.67937564849854 3.9973851442337 3.33170092105865 2.93121367692947 3.04237639904022 2.57772606611252 2.39989507198334 2.22908395528793 2.12955451011658 1.92119693756104 1.85857200622559 2.37046641111374 1.89121645689011 1.87363493442535 1.75452142953873 1.77841132879257 1.74275475740433 1.58738619089127 1.56863397359848 1.58715158700943 1.57131153345108 1.55915254354477 1.45805329084396 2.45497423410416 3.89726400375366 4.67115139961243 5.80509209632874 5.1012396812439 5.18741011619568 4.54937016963959 4.67465615272522 4.76950871944427 4.67511391639709 4.82716119289398 3.23800885677338 3.86466658115387 -9999 -9999 -9999 -9999 -9999 16.7845028489828 18.4457802772522 16.4237365722656 -9999 -9999 -9999 -9999 -9999 -9999 -9999 -9999 -9999
-9999 -9999 -9999 -9999 -9999 -9999 -9999 -9999 -9999 4.05392324924469 3.96050012111664 3.57899308204651 3.10870134830475 2.76590251922607 2.48927772045135 2.24930781126022 2.01149475574493 1.91849774122238 1.79889231920242 1.73602277040482 1.80348819494247 1.77444523572922 1.80019426345825 1.82662868499756 1.84042507410049 1.82048392295837 1.6661092042923 1.8364874124527 1.84611296653748 1.70322453975677 1.57039725780487 1.43894174695015 3.72697269916534 4.7691478729248 6.42217969894409 6.50745463371277 5.55448651313782 7.27674221992493 4.90142476558685 4.89485907554626 4.6095997095108 4.19075238704681 4.25653338432312 -9999 3.86466693878174 -9999 -9999 -9999 -9999 12.1949715614319 -9999 -9999 -9999 -9999 -9999 -9999 -9999 -9999 -9999 -9999 -9999 -9999
-9999 -9999 -9999 -9999 -9999 -9999 -9999 -9999 -9999 4.08721590042114 3.71372616291046 3.44963908195496 3.12923240661621 2.7525075674057 2.50030499696732 2.18601608276367 1.86672377586365 1.82879108190536 1.9541677236557 1.72425144910812 1.7596680521965 1.74488478899002 1.72501051425934 1.87689596414566 1.90359306335449 1.86899256706238 1.76459848880768 1.8665354847908 2.07626849412918 1.84740006923676 1.97256982326508 2.18231552839279 3.22313690185547 5.42312908172607 5.97596561908722 5.90164339542389 5.37019264698029 5.31824040412903 4.58097159862518 4.45607042312622 4.20533788204193 3.7847775220871 -9999 -9999 -9999 -9999 -9999 -9999 -9999 -9999 -9999 -9999 -9999 -9999 -9999 -9999 -9999 -9999 -9999 -9999 -9999 -9999
-9999 -9999 -9999 -9999 -9999 -9999 -9999 -9999 -9999 3.86155271530151 3.48960077762604 3.19160485267639 2.92705196142197 2.58891749382019 2.50313329696655 2.20228958129883 1.83401691913605 1.74871498346329 1.76257199048996 1.62887924909592 1.63730031251907 1.57040852308273 1.71486228704453 1.88520222902298 1.94266355037689 1.97911423444748 1.96714872121811 2.66187143325806 4.06717586517334 4.3673769235611 4.73456919193268 6.87004852294922 5.10266160964966 5.66112077236176 6.55851817131042 5.83098363876343 4.55336630344391 4.1666407585144 4.10955011844635 3.99431848526001 3.98245811462402 4.95260640978813 -9999 -9999 -9999 -9999 -9999 -9999 -9999 -9999 -9999 -9999 -9999 -9999 -9999 -9999 -9999 -9999 -9999 -9999 -9999 -9999
-9999 -9999 -9999 -9999 -9999 -9999 -9999 3.28386068344116 3.92561566829681 3.34050464630127 3.06902933120728 2.7675284743309 2.72486472129822 2.31442505121231 2.20921719074249 1.87133395671844 1.57599449157715 1.62454801797867 1.70032042264938 1.72508025169373 1.62915819883347 1.58003103733063 1.66301625967026 1.82668876647949 2.0845440030098 2.17483645677567 1.94742304086685 2.40457499027252 4.45888960361481 5.41039431095123 4.66825640201569 5.11988854408264 5.50719380378723 5.3395779132843 5.29959762096405 4.80622887611389 4.28180837631226 4.04447543621063 3.75755488872528 3.58823847770691 -9999 5.69786846637726 3.25656187534332 -9999 -9999 -9999 -9999 -9999 -9999 -9999 -9999 -9999 -9999 -9999 -9999 -9999 -9999 -9999 -9999 -9999 -9999 -9999
-9999 -9999 -9999 -9999 -9999 -9999 4.18055999279022 3.94292342662811 3.73414885997772 3.3450129032135 2.88943648338318 2.54834693670273 2.66012620925903 2.38091629743576 1.91469007730484 1.47072449326515 1.38764628767967 1.61580526828766 1.69468420743942 1.70170658826828 1.64936774969101 1.64350658655167 1.58473205566406 1.66962146759033 1.99975347518921 2.07327228784561 1.87990576028824 1.91775673627853 2.87232595682144 3.82413446903229 4.29629766941071 4.35648965835571 4.59925961494446 4.60957109928131 3.94112241268158 4.01017642021179 4.3265368938446 4.08545386791229 3.90357685089111 -9999 -9999 -9999 -9999 -9999 -9999 -9999 -9999 -9999 -9999 -9999 -9999 -9999 -9999 -9999 -9999 -9999 -9999 -9999 -9999 -9999 -9999 -9999
-9999 -9999 -9999 -9999 3.51910141468048 3.95885181427002 4.07250809669495 3.78196120262146 3.23586452007294 2.91669899225235 2.58282816410065 2.38727098703384 2.30460906028748 2.07227468490601 1.58366918563843 1.25064450502396 1.29535952210426 1.45271551609039 1.61744391918182 1.69660806655884 1.69416904449463 1.68648827075958 1.68873292207718 1.80297303199768 1.84943175315857 1.82187902927399 1.79005497694016 1.7814000248909 2.01426154375076 2.78834992647171 3.82028245925903 3.74067914485931 4.03977978229523 3.77930867671967 3.40076994895935 3.54119467735291 3.67727100849152 10.272033466382 -9999 -9999 -9999 -9999 -9999 -9999 -9999 -9999 -9999 -9999 -9999 -9999 -9999 -9999 -9999 -9999 -9999 -9999 -9999 -9999 -9999 -9999 -9999 -9999
-9999 -9999 -9999 -9999 4.2157484292984 4.20941913127899 3.8156054019928 3.49618864059448 3.18256795406342 2.75735324621201 2.31070804595947 2.24252468347549 2.01867377758026 1.7537670135498 1.36622402071953 1.3427332341671 1.40467429161072 1.31045624613762 1.33418253064156 1.45021346211433 1.6094543337822 1.8276441693306 1.97409296035767 1.97989958524704 1.91652828454971 1.75166845321655 1.94472366571426 2.09324616193771 2.46863704919815 3.42954003810883 4.22351789474487 4.8440887928009 5.6189671754837 4.48806166648865 4.40871369838715 4.77262258529663 4.36024638017019 -9999 -9999 -9999 -9999 -9999 -9999 -9999 -9999 -9999 -9999 -9999 -9999 -9999 -9999 -9999 -9999 -9999 -9999 -9999 -9999 -9999 -9999 -9999 -9999 -9999
-9999 3.98804458256426 3.5003799200058 4.00396943092346 4.04078042507172 3.60284185409546 3.37560510635376 3.3762195110321 3.168252825737 2.74514400959015 2.26160627603531 1.83201152086258 1.74763655662537 1.47024303674698 1.47228223085403 1.53649199008942 1.39034101366997 1.35138675570488 1.52039694786072 1.72214251756668 1.83659327030182 1.94059807062149 2.43835043907166 2.6081834435463 2.02144950628281 2.04644626379013 2.6243399977684 3.22266912460327 3.71910810470581 3.88186419010162 3.81987297534943 3.84030139446259 4.20435297489166 3.88445627689362 3.95663278632694 -9999 -9999 -9999 -9999 -9999 -9999 -9999 -9999 -9999 -9999 -9999 -9999 -9999 -9999 -9999 -9999 -9999 -9999 -9999 -9999 -9999 -9999 -9999 -9999 -9999 -9999 -9999
3.61340045928955 4.56761848926544 4.16431438922882 3.93090605735779 3.25278961658478 3.01160609722137 3.11197578907013 3.24552583694458 3.16499769687653 2.7226830124855 2.0230507850647 1.67203867435455 1.41247272491455 1.4244404733181 1.48242303729057 1.54039424657822 1.72778624296188 1.62216907739639 1.56136876344681 1.64695197343826 1.79117542505264 2.11186730861664 2.51173424720764 2.87834018468857 2.12295824289322 2.42516183853149 3.04111111164093 3.64570033550262 3.78348827362061 3.86894702911377 4.09223914146423 4.27681052684784 5.19493424892426 -9999 -9999 -9999 -9999 -9999 -9999 -9999 -9999 -9999 -9999 -9999 -9999 -9999 -9999 -9999 -9999 -9999 -9999 -9999 -9999 -9999 -9999 -9999 -9999 -9999 -9999 -9999 -9999 -9999
4.57228928804398 4.13047277927399 3.74047887325287 3.29035592079163 3.078657746315 3.09414374828339 3.2392258644104 2.83475321531296 2.85599023103714 2.43295419216156 1.97142666578293 1.65155482292175 1.38883727788925 1.45201948285103 1.52715969085693 1.70958369970322 1.68512696027756 1.67789554595947 1.66264718770981 1.68808722496033 2.15030783414841 2.42251574993134 2.32416826486588 2.45909768342972 2.90597033500671 3.57161629199982 3.8731724023819 4.09562623500824 3.87048375606537 3.7977157831192 3.89386260509491 3.93312299251556 4.10406231880188 3.97570493817329 3.77557575702667 -9999 -9999 -9999 -9999 -9999 -9999 -9999 -9999 -9999 -9999 -9999 -9999 -9999 -9999 -9999 -9999 -9999 -9999 -9999 -9999 -9999 -9999 -9999 -9999 -9999 -9999 -9999
3.74207103252411 3.49881541728973 3.17008280754089 3.16271317005157 3.1942183971405 3.09950244426727 2.84382230043411 2.67128616571426 2.55198669433594 2.41363799571991 2.02265024185181 1.67979222536087 1.5115379691124 1.55608570575714 1.6392382979393 1.65715795755386 1.89004647731781 2.00135099887848 2.16088950634003 2.27582770586014 3.36560690402985 3.92481315135956 3.35910165309906 3.98521435260773 4.74666738510132 4.65284085273743 3.9151303768158 3.84428608417511 3.82499170303345 4.02794623374939 -9999 -9999 -9999 -9999 -9999 -9999 -9999 -9999 -9999 -9999 -9999 -9999 -9999 -9999 -9999 -9999 -9999 -9999 -9999 -9999 -9999 -9999 -9999 -9999 -9999 -9999 -9999 -9999 -9999 -9999 -9999 -9999
3.95169460773468 3.75672733783722 3.51239097118378 3.61122894287109 3.03895568847656 3.05545341968536 3.03550815582275 2.65447801351547 2.55962705612183 2.50319999456406 2.12581354379654 1.46303102374077 1.52369624376297 1.67610669136047 1.76572948694229 2.50305819511414 2.93919968605042 2.87211441993713 2.9013449549675 3.11178660392761 3.4987313747406 3.74774265289307 4.48409986495972 4.57108426094055 3.7297739982605 3.49238777160645 3.78955364227295 3.88620758056641 3.98912537097931 3.9324996471405 3.96437537670135 3.33794887860616 -9999 -9999 -9999 -9999 -9999 -9999 -9999 12.6942715644836 -9999 -9999 -9999 -9999 -9999 -9999 -9999 -9999 -9999 -9999 -9999 -9999 -9999 -9999 -9999 -9999 -9999 -9999 -9999 -9999 -9999 -9999
4.31398004293442 4.62116682529449 4.68787515163422 3.99875092506409 3.1959979981184 5.87045223062689 2.96315771341324 2.93895667791367 2.81686645746231 2.34426444768906 1.88045024871826 1.49890270829201 1.63935667276382 1.68256044387817 1.91895908117294 2.89460706710815 3.03575491905212 2.97806096076965 3.04046094417572 3.07921886444092 3.14915549755096 3.21627223491669 3.29773736000061 3.12129664421082 3.14271819591522 3.35992276668549 3.25576722621918 3.63126003742218 3.86713206768036 3.59603404998779 3.30022573471069 3.42093944549561 -9999 -9999 -9999 -9999 -9999 -9999 -9999 -9999 -9999 -9999 -9999 -9999 -9999 -9999 -9999 -9999 -9999 -9999 -9999 -9999 -9999 -9999 -9999 -9999 -9999 -9999 -9999 -9999 -9999 -9999
-9999 -9999 -9999 -9999 -9999 3.20666862788953 3.0623105764389 3.00958335399628 2.54234629869461 1.79604381322861 1.3748587667942 1.61251795291901 1.83016133308411 2.17612874507904 2.46192973852158 3.20699465274811 3.23343014717102 3.15713918209076 3.14873921871185 3.05186462402344 3.0873988866806 3.08233344554901 3.22926163673401 3.07362449169159 3.15424275398254 3.01933751106262 -9999 -9999 -9999 -9999 -9999 -9999 -9999 -9999 -9999 -9999 -9999 -9999 -9999 -9999 -9999 -9999 -9999 -9999 -9999 -9999 -9999 -9999 -9999 -9999 -9999 -9999 -9999 -9999 -9999 -9999 -9999 -9999 -9999 -9999 -9999 -9999
-9999 -9999 -9999 -9999 -9999 -9999 2.90620279312134 2.67718952894211 1.92648822069168 1.46890649199486 1.49965345859528 2.05676704645157 2.40826052427292 2.37202799320221 2.67396748065948 3.39420211315155 3.76335883140564 3.68371045589447 3.38973605632782 3.3104692697525 3.28209221363068 3.36966061592102 3.57928419113159 2.66331607103348 -9999 -9999 -9999 -9999 -9999 -9999 -9999 -9999 -9999 -9999 -9999 -9999 -9999 -9999 -9999 -9999 -9999 -9999 -9999 -9999 -9999 -9999 -9999 -9999 -9999 -9999 -9999 -9999 -9999 -9999 -9999 -9999 -9999 -9999 -9999 -9999 -9999 -9999
-9999 2.50102669000626 2.50102686882019 3.39920783042908 3.11159384250641 2.92472702264786 2.70679342746735 1.94707721471786 1.67752951383591 1.8391529917717 2.20279276371002 2.6189369559288 2.92100483179092 3.14378929138184 3.31699275970459 3.33279454708099 3.55786335468292 3.7741641998291 3.48779547214508 3.37299907207489 3.28580474853516 3.28003401517868 -9999 -9999 -9999 -9999 -9999 -9999 -9999 -9999 -9999 -9999 -9999 -9999 -9999 -9999 -9999 -9999 -9999 -9999 -9999 -9999 -9999 -9999 -9999 -9999 -9999 -9999 -9999 -9999 -9999 -9999 -9999 -9999 -9999 -9999 -9999 -9999 -9999 -9999 -9999 -9999
-9999 3.1014404296875 2.94967192411423 2.77482980489731 2.7884076833725 2.58784872293472 2.29146891832352 1.94725871086121 2.3582369685173 2.63047420978546 3.25528049468994 3.43201267719269 3.7400039434433 3.88189423084259 3.65742373466492 4.56989693641663 5.10245311260223 4.31323206424713 -9999 -9999 -9999 -9999 -9999 -9999 -9999 -9999 -9999 -9999 -9999 -9999 -9999 -9999 -9999 -9999 -9999 -9999 -9999 -9999 -9999 -9999 -9999 -9999 -9999 -9999 -9999 -9999 -9999 -9999 -9999 -9999 -9999 -9999 -9999 -9999 -9999 -9999 -9999 -9999 -9999 -9999 -9999 -9999
-9999 2.73158472776413 2.29086667299271 2.37425243854523 2.4195202589035 2.24294400215149 2.61640799045563 2.74866682291031 2.85515105724335 3.13635742664337 4.16438627243042 4.4694787630668 -9999 -9999 -9999 -9999 -9999 -9999 -9999 -9999 -9999 -9999 -9999 -9999 -9999 -9999 -9999 -9999 -9999 -9999 -9999 -9999 -9999 -9999 -9999 -9999 -9999 -9999 -9999 -9999 -9999 -9999 -9999 -9999 -9999 -9999 -9999 -9999 -9999 -9999 -9999 -9999 -9999 -9999 -9999 -9999 -9999 -9999 -9999 -9999 -9999 -9999
