EcologicalScience/Bass/data/rs_data_bass/chl_516.asc
NCOLS 226 
NROWS 124 
XLLCORNER -9.41648524995501 
YLLCORNER 47.587301625531 
CELLSIZE 0.0833 
NODATA_value -9999 
[rows 54 to 80 of 124, columns 124 to 185 of 226]
3.21761226654053 3.12159812450409 3.22258400917053 3.46779656410217 3.48688280582428 3.20066410303116 3.26626986265182 2.96605521440506 2.76605665683746 2.62724706530571 2.63837850093842 3.14396953582764 3.49297964572906 3.25153005123138 2.63730843365192 2.407127648592 2.3616706430912 2.07185509800911 1.98339459300041 2.02862432599068 1.90081349015236 1.96092912554741 2.17168691754341 2.32938203215599 2.60273480415344 2.98456799983978 2.99410691857338 2.99914169311523 3.03883704543114 2.80629622936249 3.45209562778473 3.31838276982307 2.24228054285049 2.11004251241684 2.51126331090927 2.70159006118774 2.51785707473755 2.49235844612122 3.01952433586121 2.93205830454826 3.14349693059921 2.87930738925934 2.45205193758011 2.22939765453339 3.09044694900513 4.13026070594788 5.39773911237717 6.05101239681244 9.53809666633606 11.6520936489105 15.4179077148438 17.3685290813446 13.7116205692291 11.29665350914 7.35013175010681 7.94710457324982 11.6209728240967 11.1863111257553 11.9726564884186 11.1917357444763 -9999 -9999
3.46056604385376 3.41675877571106 3.32857668399811 3.0053374171257 3.10125508904457 3.2757927775383 3.31330150365829 3.06950721144676 2.85032799839973 2.70235759019852 2.87259176373482 2.75506862998009 2.68877568840981 3.040816873312 2.73027102649212 2.64359021186829 2.40448093414307 2.56574633717537 2.47214537858963 2.53124248981476 2.79846435785294 2.78619727492332 2.62557989358902 2.62670293450356 2.84125918149948 2.92528894543648 2.649090051651 2.5867891907692 2.54467177391052 2.54773455858231 2.64099723100662 2.7660539150238 2.64717119932175 3.28048387169838 3.75127673149109 3.67327702045441 3.42672327160835 3.27864414453506 2.62354865670204 2.82792475819588 2.29521498084068 1.53943508863449 1.67753845453262 4.46521878242493 5.94222855567932 5.04122078418732 5.66333270072937 7.27626782655716 12.5781192779541 13.6320986747742 13.1153599619865 14.1250085234642 14.8178359866142 13.2735714912415 11.5830578804016 8.49773365259171 10.5720698833466 -9999 -9999 -9999 -9999 -9999
3.8186137676239 3.82081389427185 3.61338722705841 3.43202698230743 3.2295418381691 3.26756921410561 3.20068502426147 2.87508237361908 2.74920916557312 2.80660781264305 2.83960515260696 3.05652111768723 3.34553021192551 2.89145502448082 2.92822417616844 2.66822755336761 2.60854348540306 2.6948684155941 2.7297475039959 2.82186502218246 2.86277738213539 2.96519190073013 2.98724618554115 2.77814850211143 2.85671389102936 2.88547110557556 3.04237514734268 2.81311875581741 2.80487215518951 2.67087036371231 2.50995451211929 2.76124978065491 2.8290388584137 2.86251497268677 3.03563046455383 2.37592908740044 2.11946967244148 2.4242085814476 2.48804184794426 1.82459449768066 1.21487621963024 1.56922329962254 3.04157719016075 4.58265262842178 5.42289090156555 6.57782024145126 6.88536179065704 11.2915227413177 12.1539874076843 7.75158298015594 12.0627720355988 9.88632822036743 8.68560791015625 10.2062056064606 12.5947930216789 -9999 -9999 -9999 -9999 -9999 -9999 -9999
4.02148354053497 3.97716629505157 3.83890450000763 3.77884590625763 3.58585631847382 3.54070070385933 3.51071441173553 3.3355872631073 3.11289659142494 2.94034945964813 2.84108018875122 2.74644470214844 3.06946858763695 3.17337656021118 2.9210724234581 2.67622742056847 2.58275029063225 2.58779633045197 2.66871857643127 2.69697672128677 2.92367792129517 3.17447429895401 3.21366539597511 3.1484899520874 3.24584251642227 3.32063162326813 3.28878915309906 2.9421478509903 2.95159816741943 3.03225618600845 3.08981657028198 3.35190486907959 3.51130890846252 3.39469087123871 3.50669384002686 2.43790599703789 2.57564610242844 2.18495817482471 1.61350053548813 1.25144058465958 1.3705570846796 2.31141552329063 4.08274358510971 4.67048925161362 4.73624110221863 7.19899749755859 7.9883519411087 -9999 8.54760980606079 8.49289727210999 8.69249200820923 8.02014541625977 7.29151380062103 9.31984622137887 -9999 -9999 -9999 -9999 -9999 -9999 -9999 -9999
4.40937101840973 4.04967874288559 4.0931693315506 3.94611883163452 3.75733995437622 3.51551485061646 3.38332092761993 3.31983125209808 2.96104520559311 2.86309486627579 2.85071575641632 2.70841670036316 2.73002976179123 2.66943964362144 2.93191704154015 2.69253078103065 2.87250941991806 2.87220302224159 2.77975389361382 2.73279109597206 2.87552458047867 3.02833771705627 3.15776261687279 3.2328690290451 3.27815186977386 3.36105412244797 3.35476237535477 3.88415238261223 3.05809891223907 3.39362001419067 3.65721571445465 3.72626149654388 3.91333091259003 3.89453130960464 2.49808242917061 1.98847755789757 1.72741471230984 1.84722706675529 1.55216445028782 1.66747279465199 1.97089397907257 4.49228119850159 6.27075481414795 7.15263342857361 6.55587363243103 7.60616254806519 16.2279602050781 14.7281238555908 9.05114364624023 7.78243589401245 7.8242621421814 8.64779186248779 21.7189378738403 46.5561265945435 -9999 -9999 -9999 -9999 -9999 -9999 -9999 -9999
9.28978808641434 5.80470997095108 4.42714905738831 4.18719613552094 4.0720009803772 3.94126403331757 3.71749913692474 3.5262336730957 3.32590055465698 3.12130773067474 3.00757598876953 2.59355109930038 2.23843252658844 2.00766563415527 2.79354447126389 2.85936480760574 3.08639261126518 3.16551098227501 2.99222123622894 3.04356721043587 3.06501218676567 3.08328312635422 3.17017024755478 3.14070224761963 3.17591741681099 3.36501181125641 3.72145682573318 3.99359929561615 2.92230775952339 2.47435927391052 3.67482233047485 3.20059204101562 3.24700665473938 2.31785440444946 1.46230383217335 1.19838845729828 2.65176248550415 3.44016581773758 2.35435111820698 1.92809987068176 2.94024932384491 4.11531525850296 4.23783347010612 5.8331703543663 5.258813560009 8.94213247299194 8.0946148859488 11.1211990356445 9.40529268980026 10.5487246513367 18.9985609054565 24.0928902626038 34.2761092185974 55.2249736785889 -9999 -9999 -9999 -9999 -9999 -9999 -9999 -9999
-9999 -9999 -9999 -9999 -9999 2.28387522697449 3.7787504196167 3.6785169839859 3.49221324920654 3.11543548107147 3.01798403263092 2.82423716783524 2.36568796634674 2.06937164068222 1.96009862422943 3.30888497829437 3.3017403781414 3.27430146932602 3.2585933804512 3.198401927948 3.11900997161865 3.06542506814003 2.94240018725395 2.92449054121971 3.18971595168114 3.49207046627998 4.09606862068176 3.28523388504982 2.48740361630917 1.88128915429115 1.54623404145241 1.49045178294182 1.71999523043633 1.56879468262196 1.37563195824623 1.27795976400375 1.19754588603973 4.55213224887848 4.10384452342987 2.47039014101028 4.32471942901611 6.72763288021088 6.3335520029068 6.03785705566406 7.39646279811859 9.99556112289429 -9999 -9999 -9999 -9999 27.0989623069763 41.1463966369629 41.1957416534424 31.6863134801388 -9999 -9999 -9999 -9999 -9999 -9999 -9999 -9999
-9999 -9999 -9999 -9999 -9999 -9999 -9999 -9999 3.53735589981079 3.33990883827209 3.15791916847229 2.86977964639664 2.5314604640007 2.27444279193878 2.29223191738129 3.78254815936089 3.58398082852364 3.40630772709846 3.1361171901226 3.09530532360077 3.07320097088814 2.99609738588333 2.77022123336792 2.83666062355042 3.12742701172829 3.55801051855087 3.63205701112747 2.06799504160881 1.63548709452152 1.24626736342907 1.26458179950714 1.52704726159573 2.13975083827972 2.71874856948853 3.16314022243023 3.14977419376373 3.34101846814156 4.31724727153778 4.94289922714233 5.32271182537079 6.52615016698837 7.38390326499939 8.22844862937927 11.4307894706726 16.0739271640778 29.0682649612427 -9999 -9999 -9999 -9999 17.548882484436 26.9552834033966 31.9545228481293 23.788850069046 28.9931577444077 26.8762762069702 35.5577312197004 -9999 -9999 -9999 -9999 -9999
-9999 -9999 -9999 -9999 -9999 -9999 -9999 -9999 -9999 3.5789133310318 3.40898394584656 3.04936802387238 2.86026638746262 2.858258664608 4.77122461795807 4.91868495941162 4.07657092809677 3.55474269390106 3.15499386191368 2.95300617814064 2.76724755764008 2.64399316906929 2.62009245157242 2.8434239923954 3.46705064177513 4.03104954957962 2.91097748279572 1.43049904704094 1.30565437674522 1.1199816763401 1.39184944331646 2.2716791331768 4.04894216358662 5.60648126900196 5.00977510213852 4.30247743427753 4.21801927685738 4.49093252420425 8.92167472839355 12.0179524421692 7.46696770191193 7.50617730617523 9.14473021030426 12.3982806801796 17.3028940558434 -9999 -9999 -9999 -9999 -9999 -9999 -9999 22.6070247888565 26.4343975782394 33.7712824344635 27.0058618783951 10.8786277770996 -9999 -9999 -9999 -9999 -9999
-9999 -9999 -9999 -9999 -9999 -9999 -9999 -9999 -9999 4.3704868555069 3.55262839794159 2.99460053443909 2.76876479387283 2.76148152351379 5.00565093755722 5.69990873336792 4.50987374782562 3.8901988863945 3.30669862031937 2.90828105807304 2.7496492266655 2.65523520112038 2.61136722564697 3.08192977309227 3.3279515504837 2.83717426657677 1.52906848490238 1.21176248788834 1.2182334959507 1.53933101892471 2.46705481410027 4.85233882069588 6.26422297954559 6.68510466814041 5.77410753071308 4.78551238775253 5.70715588331223 7.45438098907471 8.01095151901245 7.20886588096619 6.85137516260147 7.81554991006851 9.24299114942551 10.5970820188522 12.13059425354 33.0447750091553 -9999 -9999 -9999 9.67191106081009 10.7637219153918 9.77553442955017 9.21122666358948 14.7596835136414 16.2426166534424 14.7455494880676 16.3909301757812 -9999 -9999 -9999 -9999 -9999
-9999 -9999 -9999 -9999 -9999 -9999 -9999 -9999 -9999 4.30188989639282 2.87896031141281 2.79686933755875 2.7446551322937 4.82471519708633 5.84615725278854 5.21353894472122 4.79362839460373 4.02097445726395 3.23481738567352 2.92158257961273 2.85393217206001 2.73797151446342 2.72807317972183 3.60081374645233 3.70846438407898 1.90314956009388 1.22449064254761 1.48856784403324 2.01844887435436 2.99104490876198 4.90786492824554 7.38166183233261 7.94760543107986 7.21907392144203 6.37782168388367 5.34905695915222 8.31033754348755 9.70318937301636 8.37958753108978 7.44295799732208 7.85574191808701 8.52171939611435 9.31983357667923 9.6156610250473 10.3429208993912 -9999 -9999 -9999 -9999 9.45730909434232 8.95467531681061 7.79451909432044 7.96733494905325 8.96027962061075 15.2755912542343 -9999 -9999 -9999 -9999 -9999 -9999 -9999
-9999 -9999 -9999 -9999 -9999 -9999 -9999 -9999 -9999 3.67937564849854 4.16935420036316 4.15177434682846 4.84229063987732 4.40231448411942 4.35422962903976 4.48002415895462 4.25460720062256 3.78649950027466 3.28740584850311 3.06031814217567 2.89556577801704 2.81851270794868 2.99415957927704 3.14929023385048 2.60768240690231 1.52814397215843 1.29039542376995 1.79794156551361 3.00605137646198 4.71576914191246 6.89476490020752 7.90699821710587 8.2284227013588 7.21878692507744 7.15997922420502 10.1939719319344 9.99255216121674 5.82311242818832 5.09093731641769 5.51817941665649 6.45666021108627 7.09971749782562 7.55176073312759 7.97822391986847 3.86466658115387 -9999 -9999 -9999 -9999 -9999 9.55199575424194 9.68161582946777 10.7543884913127 11.4633790651957 -9999 -9999 -9999 -9999 -9999 -9999 -9999 -9999
-9999 -9999 -9999 -9999 -9999 -9999 -9999 -9999 -9999 4.85895681381226 4.51435279846191 4.22912782430649 4.08586013317108 4.24557620286942 4.2894344329834 4.10893034934998 3.84034717082977 3.43531680107117 3.22554767131805 3.1132915019989 2.95216369628906 2.80501788854599 3.0567384660244 3.28856125473976 2.0250743329525 1.42583338916302 1.56007142364979 2.4924493432045 4.48106798529625 6.24416649341583 7.30666673183441 8.22518277168274 10.1613010168076 10.1012012958527 13.2872385084629 11.7649810016155 4.74643814563751 3.66117525100708 4.24893915653229 4.88113778829575 6.21490269899368 7.35911303758621 6.46315759420395 6.61383283138275 3.86466693878174 -9999 -9999 -9999 -9999 12.1949715614319 -9999 -9999 -9999 -9999 -9999 -9999 -9999 -9999 -9999 -9999 -9999 -9999
-9999 -9999 -9999 -9999 -9999 -9999 -9999 -9999 -9999 5.2539929151535 4.97070753574371 4.4672863483429 4.29680836200714 4.44611924886703 4.30163508653641 3.95418977737427 3.56078267097473 3.42439162731171 3.29060590267181 3.08191430568695 2.95572423934937 2.91039133071899 2.83809426426888 2.80734568834305 2.08464887738228 1.31003147363663 1.63107016682625 2.84358179569244 5.18430277705193 6.36936450004578 6.60082948207855 10.0683946609497 14.116103053093 15.8024454116821 13.8759536147118 16.659929305315 11.37092846632 7.84993010759354 4.91264981031418 5.31557929515839 6.74945640563965 6.95822542905807 6.72883576154709 -9999 -9999 -9999 -9999 -9999 -9999 -9999 -9999 -9999 -9999 -9999 -9999 -9999 -9999 -9999 -9999 -9999 -9999 -9999
-9999 -9999 -9999 -9999 -9999 -9999 -9999 -9999 2.94133348898454 3.5348294377327 4.55687701702118 4.2816190123558 4.19525420665741 4.26777917146683 4.17759937047958 3.89265722036362 3.40142869949341 3.14479118585587 3.18051320314407 3.10895204544067 2.94290426373482 2.86967521905899 3.33132746815681 3.15467995405197 2.29932774603367 1.79751026630402 2.42783555388451 4.05381774902344 6.00067582726479 6.55050534009933 8.3648584485054 11.1255501508713 13.3997858762741 12.0943894386292 18.0313746929169 22.3869439959526 11.9065777659416 9.57168942689896 6.89301681518555 5.95817595720291 6.84630525112152 7.0509113073349 -9999 -9999 -9999 -9999 -9999 -9999 -9999 -9999 -9999 -9999 -9999 -9999 -9999 -9999 -9999 -9999 -9999 -9999 -9999 -9999
-9999 -9999 -9999 -9999 -9999 -9999 -9999 3.28386068344116 4.24675333499908 4.43974244594574 4.2830775976181 4.10083848237991 4.23210418224335 4.17182904481888 3.82757985591888 3.4161411523819 2.91835194826126 2.97379240393639 3.09425318241119 3.02165043354034 2.80034959316254 2.80250117182732 3.08554548025131 3.30881653726101 2.57213678956032 3.19322222471237 3.55126646161079 3.5656099319458 4.30059760808945 5.19418841600418 7.86790519952774 29.5541839599609 26.0332431793213 19.9466714859009 12.7137304544449 10.5052090287209 7.85504651069641 6.35699665546417 6.34981763362885 5.98501986265182 4.77958345413208 5.69786846637726 3.25656187534332 -9999 -9999 -9999 -9999 -9999 -9999 -9999 -9999 -9999 -9999 -9999 -9999 -9999 -9999 -9999 -9999 -9999 -9999 -9999
-9999 -9999 -9999 -9999 -9999 -9999 3.53371793031693 4.07087334719571 3.83725233078003 4.15662789344788 3.8886923789978 3.78946709632874 3.87380862236023 3.61839884519577 3.40776282548904 3.00798171758652 2.71115782856941 2.96841502189636 2.86982551217079 2.69673156738281 2.83173179626465 3.23594999313354 4.06997627019882 4.54328951239586 4.51143944263458 4.49982297420502 4.2041072845459 3.97475615143776 4.00717949867249 3.75950002670288 43.1998929977417 30.6308555603027 19.4758014678955 20.2580437660217 16.975284576416 8.27746903896332 6.25500351190567 5.34295928478241 5.48794484138489 5.30443978309631 -9999 -9999 -9999 -9999 -9999 -9999 -9999 -9999 -9999 -9999 -9999 -9999 -9999 -9999 -9999 -9999 -9999 -9999 -9999 -9999 -9999 -9999
-9999 -9999 -9999 -9999 3.98203140146592 4.17325015068054 4.25597004890442 3.64228920141856 4.2992322742939 3.79116636514664 3.77859735488892 3.54517275094986 3.54476201534271 3.37437289953232 3.32569241523743 2.79126065969467 2.60565340518951 2.87086567282677 3.208824634552 3.03261467814445 3.15624833106995 4.24102798104286 5.55404019355774 6.91579002141953 6.18960607051849 8.87625557184219 8.22704476118088 5.63908785581589 4.03627002239227 27.6336336135864 29.152364730835 31.7861194610596 16.6638221740723 13.8190183639526 9.22304427623749 7.53204095363617 6.61102223396301 3.85585398333413 -9999 -9999 -9999 -9999 -9999 -9999 -9999 -9999 -9999 -9999 -9999 -9999 -9999 -9999 -9999 -9999 -9999 -9999 -9999 -9999 -9999 -9999 -9999 -9999
-9999 -9999 -9999 -9999 3.88127886898377 4.16600498888228 3.89973457654317 4.90841245651245 4.42900782823563 4.03280282020569 3.62588006258011 3.42870372533798 3.30178874731064 3.44232952594757 2.74275434017181 2.27889275550842 2.39076858758926 2.36265689134598 2.77304989099503 2.97555729746819 4.71757560968399 9.6222767829895 7.68558204174042 4.89450895786285 17.0871598720551 17.0216492414474 8.20416116714478 6.79154741764069 13.3263359069824 22.8637890815735 17.1579866409302 12.6899170875549 13.1418170928955 15.1660838127136 7.99980354309082 7.18333375453949 4.54874742031097 12.2008914386525 -9999 -9999 -9999 -9999 -9999 -9999 -9999 -9999 -9999 -9999 -9999 -9999 -9999 -9999 -9999 -9999 -9999 -9999 -9999 -9999 -9999 -9999 -9999 -9999
-9999 -9999 3.42942130565643 3.96816734198866 3.97960953987562 3.64415745735168 3.47565042972565 3.58414828777313 3.74598258733749 3.50195020437241 3.39144605398178 3.11931422352791 3.10643666982651 2.85835710167885 2.22735831141472 2.08993202447891 2.12358149886131 2.61466974020004 3.27823787927628 3.81490552425385 6.10765695571899 6.27892470359802 12.698822915554 13.6554036140442 8.56332015991211 8.07599997520447 11.3830168247223 20.1010365486145 19.1088681221008 13.5909633636475 20.330708026886 32.8619241714478 5.44763338565826 5.98080343008041 6.50574696063995 3.48949710130691 -9999 -9999 -9999 -9999 -9999 -9999 -9999 -9999 -9999 -9999 -9999 -9999 -9999 -9999 -9999 -9999 -9999 -9999 -9999 -9999 -9999 -9999 -9999 -9999 -9999 -9999
-9999 4.00055506825447 3.94902634620667 4.22086029052734 3.77888453006744 4.19388896226883 3.91657251119614 3.83295357227325 3.71534621715546 3.69312733411789 3.40045380592346 2.95456051826477 2.79975208640099 2.38406217098236 2.16409268975258 2.25847318768501 2.94398054480553 3.48942679166794 5.14184296131134 6.9735215306282 8.48712337017059 6.10360622406006 10.1452859044075 9.40117138624191 8.17647528648376 12.6752800941467 7.48591089248657 8.51266837120056 12.415225982666 18.3727698326111 35.9888391494751 6.08717930316925 5.94782781600952 7.33032270358956 -9999 -9999 -9999 -9999 -9999 -9999 -9999 -9999 -9999 -9999 -9999 -9999 -9999 -9999 -9999 -9999 -9999 -9999 -9999 -9999 -9999 -9999 -9999 -9999 -9999 -9999 -9999 -9999
3.41978126764297 3.93190104961395 3.25370836257935 3.81398963928223 3.85619795322418 3.96221137046814 3.86404055356979 3.72563928365707 3.78260904550552 3.59898161888123 2.9511196911335 2.81608772277832 2.46451011300087 2.11101633310318 2.33420249819756 3.29238063097 5.74046820402145 7.9594863653183 9.68850553035736 10.3363838195801 9.32161223888397 8.34131991863251 6.42869460582733 7.5415370464325 6.75911790132523 8.19572496414185 8.5986692905426 15.5201897621155 17.6030044555664 11.7981019020081 6.71493315696716 7.22983038425446 6.75269043445587 7.27957159280777 4.91748380661011 4.78088212013245 -9999 -9999 -9999 -9999 -9999 -9999 -9999 -9999 -9999 -9999 -9999 -9999 -9999 -9999 -9999 -9999 -9999 -9999 -9999 -9999 -9999 -9999 -9999 -9999 -9999 -9999
3.8271735906601 3.810213804245 3.79320484399796 3.83743518590927 4.10158270597458 4.20284682512283 3.96895623207092 3.81852614879608 3.54775965213776 3.21828424930573 2.93736344575882 2.49024930596352 2.05725994706154 2.29127669334412 3.99177807569504 7.79085320234299 9.22948086261749 9.1906042098999 12.4542174339294 11.9010862112045 13.2941025495529 9.38051497936249 9.04373216629028 8.26824331283569 6.26309841871262 4.81024181842804 4.95872837305069 4.47353482246399 4.37814199924469 7.84237249195576 9.12997169871079 -9999 -9999 -9999 -9999 -9999 -9999 -9999 -9999 -9999 -9999 -9999 -9999 -9999 -9999 -9999 -9999 -9999 -9999 -9999 -9999 -9999 -9999 -9999 -9999 -9999 -9999 -9999 -9999 -9999 -9999 -9999
3.9530782699585 4.09985715150833 4.0913450717926 4.04627823829651 4.37881582975388 3.84255963563919 3.83238959312439 3.92576766014099 3.88641768693924 3.1514310836792 2.88112977147102 2.40166363120079 2.04990175366402 2.45125839114189 3.24221152067184 4.72229290008545 6.17246335744858 6.8375905752182 8.52966463565826 9.72154569625854 11.399738073349 11.078545331955 9.72356951236725 6.20142048597336 5.06051963567734 5.04294222593307 4.60745120048523 4.39330911636353 5.04302233457565 4.45734572410583 4.47262930870056 4.36236655712128 -9999 -9999 -9999 -9999 -9999 -9999 -9999 12.6942715644836 -9999 -9999 -9999 -9999 -9999 -9999 -9999 -9999 -9999 -9999 -9999 -9999 -9999 -9999 -9999 -9999 -9999 -9999 -9999 -9999 -9999 -9999
3.85203731060028 4.15128564834595 4.13100945949554 4.20304143428802 3.82320119205274 3.72215824127197 3.84093171358109 3.62327992916107 4.48295962810516 3.14980182051659 2.62823778390884 2.24677607417107 2.0322730243206 3.50733214616776 4.84605610370636 5.43369394540787 5.32858067750931 5.07116228342056 7.29817128181458 9.70747053623199 6.68470966815948 7.01397478580475 8.80518245697021 6.79896247386932 6.54434633255005 4.85011577606201 4.20651423931122 3.90489661693573 4.26281874520438 4.27127126455307 4.28346054553986 3.42093944549561 -9999 -9999 -9999 -9999 -9999 -9999 -9999 -9999 -9999 -9999 -9999 -9999 -9999 -9999 -9999 -9999 -9999 -9999 -9999 -9999 -9999 -9999 -9999 -9999 -9999 -9999 -9999 -9999 -9999 -9999
-9999 -9999 -9999 -9999 -9999 3.80016057193279 4.04986935853958 3.79004538059235 2.98684966564178 2.6086218059063 2.12628105282784 1.8572056889534 2.43385747075081 3.73719638586044 4.29821455478668 4.6906031370163 4.96156919002533 7.30168282985687 11.2290709018707 11.5930885076523 9.76239967346191 10.549042224884 9.20540809631348 7.02434182167053 8.68681132793427 34.8281469707904 5.11257076263428 -9999 -9999 -9999 -9999 -9999 -9999 -9999 -9999 -9999 -9999 -9999 -9999 -9999 -9999 -9999 -9999 -9999 -9999 -9999 -9999 -9999 -9999 -9999 -9999 -9999 -9999 -9999 -9999 -9999 -9999 -9999 -9999 -9999 -9999 -9999
-9999 -9999 -9999 -9999 -9999 3.9440199136734 3.57615458965302 3.2601837515831 2.49099174141884 1.82897016406059 1.88592606782913 2.56392082571983 3.30030047893524 4.10834008455276 5.34810572862625 6.49654376506805 23.605840086937 15.1682424545288 19.5856118202209 24.744056224823 16.9632868766785 10.4773753881454 11.5527517795563 11.1818951368332 -9999 -9999 -9999 -9999 -9999 -9999 -9999 -9999 -9999 -9999 -9999 -9999 -9999 -9999 -9999 -9999 -9999 -9999 -9999 -9999 -9999 -9999 -9999 -9999 -9999 -9999 -9999 -9999 -9999 -9999 -9999 -9999 -9999 -9999 -9999 -9999 -9999 -9999
