EcologicalScience/Bass/data/rs_data_bass/chl_48.asc
NCOLS 226 
NROWS 124 
XLLCORNER -9.41648524995501 
YLLCORNER 47.587301625531 
CELLSIZE 0.0833 
NODATA_value -9999 
[rows 56 to 83 of 124, columns 124 to 185 of 226]
2.63046187162399 2.41539336740971 2.02695639431477 1.91932319104671 1.87749709188938 1.92154028266668 2.01219204068184 2.03991754353046 2.14739638566971 2.14764238893986 2.27718745172024 2.23862734436989 2.05051888869359 2.0018850043416 2.13885455578566 2.09904433786869 1.90259282290936 2.14760594282831 2.38461943183626 2.35825748741627 2.32765763998032 2.2548990547657 2.44644972681999 2.47113136947155 2.58041529357433 2.20940583944321 2.27889123558998 2.04006956632321 2.02424084681731 2.0839362859726 2.07897212505341 2.24131858348846 2.34767396450043 2.42472599744797 2.57042999267578 2.46917692422867 2.49769077301025 2.57939990758896 2.4657653936973 1.75773929632627 1.45406668232037 1.25989802984091 0.892835121069636 0.986057236790657 1.18540978751012 2.01127731800079 2.25444452762604 13.632963180542 4.1149851348665 4.30604544707707 4.50194265161242 6.43676197528839 5.70293317900764 15.4041498664522 -9999 -9999 -9999 -9999 -9999 -9999 -9999 -9999
3.02144028246403 2.78734374046326 2.5086404979229 2.39962559938431 2.33155252039433 2.18992781639099 2.0533332824707 2.23620074987411 2.35736806690693 2.364102602005 2.32628707587719 2.25082083848807 2.10034687702472 1.9628124833107 2.12231022119522 2.66660064917344 2.24250710469026 2.24527693253297 2.29286373853683 2.57499034702778 2.52109381556511 2.42072980105877 2.66760586202145 2.42872662842274 2.52754819393158 2.41414748132229 2.49616817235947 2.3361959695816 2.27607643604279 2.33540260791779 2.29293719530106 2.38047416210175 2.46262553930283 2.68746210336685 2.66280308961868 2.54947822093964 2.58340090513229 2.34820919036865 1.93122292757034 1.48649478875674 1.16376091195987 1.09903329381576 1.5262039578878 1.59905533790588 1.88535114526749 2.14023671150207 3.1369220235131 -9999 4.49135385860096 6.07216327530997 4.45801335031336 6.67172021969505 7.63667215471682 -9999 -9999 -9999 -9999 -9999 -9999 -9999 -9999 -9999
3.53345122933388 3.21825867891312 3.02888636291027 2.89841821789742 2.81489700078964 2.92904877662659 2.83950237929821 2.6056809425354 2.59930881857872 2.52639783918858 2.45944744348526 2.28132583200932 2.16103984759404 2.03714787043058 2.15793954409086 2.22088872010891 2.61059649288654 2.63627417385578 2.62654419243336 2.64617300033569 2.54223203659058 2.55679236352444 2.53945465385914 2.58549991250038 2.40551322698593 2.45216846466064 2.50565489530563 2.35306273698807 2.35471748113632 2.51256551742554 2.50754334926605 2.37150701192709 2.39289135657824 2.37979027032852 2.30752987861633 2.30260280370712 2.31968550957166 1.96308218974334 1.77245712738771 1.5575185418129 1.10729220738778 1.30745465480364 1.50837541085023 2.00747076823161 2.37306643449343 3.04285077615218 5.1449590921402 5.22308868169785 4.95975492149591 4.73785673081875 4.7096026795251 4.86130005121231 34.6934071073727 -9999 -9999 -9999 -9999 -9999 -9999 -9999 -9999 -9999
-9999 3.85172063559294 3.8252624630928 3.68965825438499 3.41639041900635 3.37051132321358 3.44130398333073 3.28403878211975 2.95078244805336 3.01581111321082 2.84422404032487 2.50859713554382 2.61838974058628 2.32960577309132 2.33534489572048 2.31360912322998 2.87955249845982 2.84946745634079 2.89819447696209 2.78999385237694 2.6931939125061 2.55218285322189 2.64774280786514 2.93870630264282 2.6320535838604 2.40903340280056 2.47981692552567 2.43873138427734 2.35541142225266 2.3121208190918 2.48643382787705 2.43425495624542 2.22003750801086 2.04532545804977 1.98475821018219 1.95369077875064 1.79246622782487 1.56250823461092 1.55227131568469 1.09020452774488 1.22187227010727 1.54328927168479 1.92180663805742 2.3228361423199 2.81020100300129 -9999 6.71436166763306 5.75419483780861 6.14798229932785 6.43943279130118 42.6246693826491 57.8696799124441 58.6138690825432 14.3255324363708 -9999 -9999 -9999 -9999 -9999 -9999 -9999 -9999
-9999 -9999 -9999 -9999 -9999 2.28387522697449 3.57333318086771 4.39407683908939 4.04188112112192 3.35696383622976 3.12110437796666 3.04151053726673 2.85661160945892 2.83704918622971 2.718875259161 2.64985013008118 2.48225229978561 2.84095564484596 2.87601287662983 3.02133232355118 2.4177871804971 2.69513787031174 2.67212423086166 2.57296957969666 2.30617667734623 2.03379217386246 2.16017074584961 2.39372434616089 2.13191757202148 1.97229909896851 2.25022995471954 2.15158005952835 1.87592668533325 1.78514864444733 1.69418756961822 2.07300988527445 1.58504740091471 1.34607897355006 1.20089669410999 1.1344416645857 1.73310781442202 1.9438274365205 2.20343478826376 2.51808104148278 2.94406070709229 -9999 -9999 -9999 -9999 -9999 60.3183621626634 56.967686868483 70.249215279856 -9999 -9999 -9999 -9999 -9999 -9999 -9999 -9999 -9999
-9999 -9999 -9999 -9999 -9999 -9999 -9999 -9999 3.98514783382416 3.80249798297882 3.2235689163208 3.1966440975666 3.18216647207737 3.08555459976196 3.09225475788116 2.87955406308174 2.7055481672287 2.62003429234028 2.70476245880127 2.58773057162762 2.29767218690652 2.19175479412079 2.30504112977248 2.21724063387284 2.08309189081192 1.88679159879684 1.84059240818024 2.0439389705658 1.98666844367981 1.9130674123764 1.94130359888077 1.81081795692444 1.5985483288765 1.55259479284287 1.43682149648666 1.50704201459885 1.41035391734197 1.17853218775529 1.05793123978835 1.62828577940281 1.75693796231196 1.92316119487469 2.05912831196418 2.4869529742461 41.1435070037842 29.0682649612427 -9999 -9999 -9999 -9999 17.548882484436 61.0440419825112 16.8899968970906 36.7917934656143 13.2110750377178 19.3592348098755 -9999 -9999 -9999 -9999 -9999 -9999
-9999 -9999 -9999 -9999 -9999 -9999 -9999 -9999 -9999 -9999 3.63867849111557 3.37659993767738 3.48576347529888 3.33628061413765 3.14645969867706 3.20829910039902 2.68627980351448 2.59684458374977 2.34694088995457 2.61735467612743 2.50447154045105 2.22107909917831 1.87761858701706 2.10600914955139 1.86042852401733 1.85046190023422 1.7457169175148 1.70362969636917 1.85904808044434 1.62309558391571 1.6538036942482 1.59464982748032 1.49573986530304 1.36736145615578 1.25446021556854 1.41110955476761 1.41324667288707 1.27310101802532 1.39337791387851 2.87040766844383 1.63078786776616 2.01217998449619 2.18728222296788 3.02752380073071 -9999 -9999 -9999 -9999 -9999 -9999 -9999 -9999 -9999 19.3724333218166 17.354354095459 7.0168041749434 10.8786277770996 -9999 -9999 -9999 -9999 -9999
-9999 -9999 -9999 -9999 -9999 -9999 -9999 -9999 -9999 4.3704868555069 3.82889221608639 3.7418869882822 3.51611432433128 3.47274532914162 3.46628621220589 3.66723838448524 3.16117054224014 2.42611992359161 2.07275469715779 2.14561339066579 1.96894580125809 2.07883109037693 1.78640085917253 1.88042027950287 1.816292989254 1.70120557913413 1.6463719354226 1.51411725282669 1.52517247796059 1.44290939569473 1.37575739622116 1.38851387500763 1.24294772744179 1.18277297616005 1.14511885643005 1.20964411497116 1.30905343294144 1.33530821800232 1.43941068649292 1.63663444519043 2.01030517541445 2.16627784417226 2.55973405562914 2.91263437271118 -9999 33.0447750091553 -9999 -9999 -9999 20.7374585469564 18.8666542302007 25.022857597896 14.7123977116176 28.8752907839688 14.637091255188 15.1274660110474 -9999 -9999 -9999 -9999 -9999 -9999
-9999 -9999 -9999 -9999 -9999 -9999 -9999 -9999 -9999 -9999 4.205341424793 4.11377441883087 3.82085788249969 3.8504441678524 3.94369652867317 3.77075636386871 3.362687677145 2.89375028014183 2.0843269779132 2.10947457185158 2.07693734765053 2.00677889585495 2.28794903308153 2.00939301114816 1.93353481292725 1.76637486219406 1.47460556718019 1.37565331275646 1.22902080416679 1.19449017047882 1.22117328643799 1.18896009922028 1.16936641931534 1.19341199398041 1.16739674806595 1.21971316337585 1.26701313257217 1.38161462545395 1.54192228317261 1.89946324825287 2.23938020467758 2.53090285337888 3.10406122299341 3.17467814683914 -9999 -9999 -9999 -9999 -9999 -9999 20.9569001197815 48.3824801445007 25.880770274571 18.6112001282828 47.7534646120938 -9999 -9999 -9999 -9999 -9999 -9999 -9999
-9999 -9999 -9999 -9999 -9999 -9999 -9999 -9999 -9999 3.67937564849854 4.13033366203308 4.08100175857544 4.19893455505371 4.04672062397003 3.55297449231148 3.34588122367859 2.80321758985519 2.8002674728632 2.20322754291388 2.00306010934023 2.39561907202005 2.31713761389256 2.05965097821676 1.7075836452154 1.88668241500855 1.55885599438961 1.45055424708586 1.27402919989366 0.999287573190836 1.03648723318027 1.17744576931 1.30458447933197 1.32387342453003 1.33307762145996 1.28539334535599 1.25516803264618 1.38880666494369 1.46160027980804 1.6317948102951 1.81733300685883 2.15536672793902 3.08832992957189 3.27364840507507 5.58555601943623 3.86466658115387 -9999 -9999 -9999 -9999 -9999 17.3968973010778 14.4935141801834 15.4805254084723 -9999 -9999 -9999 -9999 -9999 -9999 -9999 -9999 -9999
-9999 -9999 -9999 -9999 -9999 -9999 -9999 -9999 -9999 3.99817856720516 4.30858817696571 4.13852727413177 4.36552709341049 3.7739962041378 3.0953057706356 2.95251703262329 2.49777567386627 2.49957069754601 2.33941977299177 2.279325987284 2.03199524375109 2.13840815883416 1.93170129335844 1.70748245716095 1.69850743504671 1.68699131011963 1.40587136149406 1.08623621326226 0.980815873696254 1.11479675311309 1.21752852889208 1.27467140326133 1.33458204911305 1.35228048838102 1.28167797968938 1.43099248409271 1.57174347639084 1.74492273330688 1.79534370558602 2.09159831489835 2.50819417834282 3.26312341139867 3.24955196040017 -9999 3.86466693878174 -9999 -9999 -9999 -9999 12.1949715614319 -9999 -9999 -9999 -9999 -9999 -9999 -9999 -9999 -9999 -9999 -9999 -9999
-9999 -9999 -9999 -9999 -9999 -9999 -9999 -9999 -9999 4.80683648586273 4.52853807806969 4.30852943658829 3.7613999247551 3.34498080611229 2.83984449505806 2.68485917150974 2.33034972846508 2.26455268263817 2.40215582343248 2.46349217341496 2.05018081344091 1.69463742696322 1.60422780192815 1.60935005087119 1.71124762525925 1.46996514613812 1.31667007162021 1.0053876042366 0.995556627328579 1.06723134563519 1.21642177380048 1.42243770360947 1.53439289331436 1.60695691108704 1.69884402751923 1.82426698207855 1.79720578193665 1.90467131137848 2.32074538299016 2.51449457236699 2.87785718270711 3.11586852073669 -9999 -9999 -9999 -9999 -9999 -9999 -9999 -9999 -9999 -9999 -9999 -9999 -9999 -9999 -9999 -9999 -9999 -9999 -9999 -9999
-9999 -9999 -9999 -9999 -9999 -9999 -9999 -9999 -9999 4.65874806046486 4.36328727006912 3.9270391613245 3.61368955671787 2.91613242030144 2.84069573879242 2.55462415516376 2.42039117217064 2.10344563309963 2.37967429023523 2.25981090848263 2.04983658973987 1.79825534958106 1.49887483395063 1.48091440475904 1.48518109092346 1.44344222545624 1.33027455898432 1.09830446885182 1.03033322783617 1.06655614421918 1.17381180249728 1.48800812959671 1.34850937128067 1.47116482257843 1.92525050640106 2.0370637178421 2.04780607223511 2.05315725803375 2.33141406093325 2.54014033079147 2.60804270505905 4.21918174624443 -9999 -9999 -9999 -9999 -9999 -9999 -9999 -9999 -9999 -9999 -9999 -9999 -9999 -9999 -9999 -9999 -9999 -9999 -9999 -9999
-9999 -9999 -9999 -9999 -9999 -9999 -9999 3.28386068344116 3.48461389541626 4.69546593725681 4.07333225011826 3.86306288838387 3.67037912056996 2.93690912425518 2.71812343597412 2.59716148674488 2.56626604710306 2.27533708856656 2.19234630236259 2.06717205047607 1.93607446322074 1.86356337024615 1.60056136663143 1.51602214804062 1.39881653969104 1.37220234137315 1.41367669288929 1.38246049789282 1.23546783740704 1.17865686920973 1.14975598454475 1.30581039190292 1.44419712286729 1.52542167443496 1.46985333240949 1.66398765359606 1.81949618033 2.15951427391597 2.33906735181808 2.52370004653931 -9999 5.69786846637726 3.25656187534332 -9999 -9999 -9999 -9999 -9999 -9999 -9999 -9999 -9999 -9999 -9999 -9999 -9999 -9999 -9999 -9999 -9999 -9999 -9999
-9999 -9999 -9999 -9999 -9999 -9999 4.18041026592255 4.6303525710928 3.48179394947855 4.01703795790672 3.88154755532742 3.46635550260544 3.25756542384624 3.14257626235485 2.65479978919029 2.8185642682589 2.60272736274279 2.01024662072842 1.91343703866005 1.81506571632165 1.76185944447151 1.71346356318547 1.66219063447072 1.64011009839865 1.60619216928115 1.55305921114408 1.45922373808347 1.46142278497036 1.67298031541017 1.74966710380146 1.41636052498451 1.58581371490772 1.54558045589007 1.6492086327993 2.04682610666051 2.40422268474803 2.36698986093203 3.1562725368299 3.21805484043924 -9999 -9999 -9999 -9999 -9999 -9999 -9999 -9999 -9999 -9999 -9999 -9999 -9999 -9999 -9999 -9999 -9999 -9999 -9999 -9999 -9999 -9999 -9999
-9999 -9999 -9999 -9999 3.83440239429474 6.84951558320419 3.82045018672943 3.61288518064162 3.95775286853313 3.70103850960732 3.29612521827221 3.12614598870277 3.07454659044743 3.02853419780731 2.68688686404909 2.545950957707 2.49671196086066 1.92971177513783 1.80104821691146 1.67160202448185 1.60443090704771 1.59551510673303 1.56791862157675 1.59862851867309 1.61020348163751 1.62975582938928 1.66590598225594 1.68001586657304 1.72136906477121 1.77411947800563 1.80546677112579 1.87177542081246 1.73675658152654 2.6785569190979 2.51338667729322 2.76004575280582 3.1348618765672 10.3003338052985 -9999 -9999 -9999 -9999 -9999 -9999 -9999 -9999 -9999 -9999 -9999 -9999 -9999 -9999 -9999 -9999 -9999 -9999 -9999 -9999 -9999 -9999 -9999 -9999
-9999 -9999 -9999 -9999 4.24937100270215 4.95172651608785 4.57837717673358 4.38284675280253 3.69050336342591 3.55535137653351 3.1903667896986 3.08478172123432 2.64130210876465 2.41964158415794 2.05370599948443 1.96968058210153 2.05349138149848 1.70044338473907 1.60567895953472 1.59557642990893 1.54993213306774 1.61405841870741 1.54659214886752 1.51083793694323 1.53963071107864 1.73181970073627 1.82241221803885 1.67398006411699 1.60928385532819 1.78545025678781 2.0306845169801 2.15284821620354 2.25164837562121 2.25327068567276 2.9570817053318 3.69501149654388 4.6018400589625 -9999 -9999 -9999 -9999 -9999 -9999 -9999 -9999 -9999 -9999 -9999 -9999 -9999 -9999 -9999 -9999 -9999 -9999 -9999 -9999 -9999 -9999 -9999 -9999 -9999
-9999 4.02437789686795 3.67781293392181 3.99428118978228 3.55909645557404 3.13963069234576 3.44536006450653 4.24490925440421 3.8805319575163 3.2353838957273 3.24937148094177 2.94102826485267 2.21980501138247 2.00942264611904 1.96258869079443 1.8014602798682 1.69163278203744 1.52741001661007 1.50975467837774 1.56379083882679 1.49259964715351 1.54935698617588 1.58452427387238 1.59374362772161 1.61145674098622 1.83614747090773 1.8637888377363 1.77092565731569 1.90608904578469 2.11912266774611 2.30983361330899 2.32563108664293 2.13611339147274 3.18151080608368 4.02940661377377 -9999 -9999 -9999 -9999 -9999 -9999 -9999 -9999 -9999 -9999 -9999 -9999 -9999 -9999 -9999 -9999 -9999 -9999 -9999 -9999 -9999 -9999 -9999 -9999 -9999 -9999 -9999
4.93681779078075 4.64641471703847 3.80665599598604 3.69646472790662 3.45778895826901 3.42148261911729 3.34575260386747 3.64291413625081 3.74940504477574 3.45020806789398 2.69874092707267 2.36852324008942 2.38096108344885 2.18306817540101 1.83613136197839 1.57060463382648 1.57405343193274 1.4548246883429 1.46222393329327 1.54879682714289 1.55732193589211 1.59397200562737 1.64969885620204 1.69180501049215 1.96863204782659 2.00127950581637 1.92940680547194 1.92701025984504 1.93237288973548 2.28188177672299 2.58828761360862 2.82408499717712 2.73707950115204 -9999 -9999 -9999 -9999 -9999 -9999 -9999 -9999 -9999 -9999 -9999 -9999 -9999 -9999 -9999 -9999 -9999 -9999 -9999 -9999 -9999 -9999 -9999 -9999 -9999 -9999 -9999 -9999 -9999
4.33111072438104 3.89127575649935 3.80029930787928 3.73545176141402 3.60275415111991 3.72637282311916 3.49845106326617 3.38044634232154 3.24820574888816 2.81850457191467 2.50071748495102 2.50913150310516 2.25771182546249 1.81793915161065 1.53765526413918 1.57580148256742 1.51123366906093 1.42958933115005 1.43489488500815 1.5443443770592 1.5993091951717 1.69639735872095 1.73522147265348 1.88009943203493 2.01459000869231 2.23393342169848 2.37658800862052 2.35505786809054 2.35668538375334 2.67919624393637 3.03910039771687 3.1791375875473 3.1017615144903 6.44900062680244 5.61459995570936 3.48978137969971 -9999 -9999 -9999 -9999 -9999 -9999 -9999 -9999 -9999 -9999 -9999 -9999 -9999 -9999 -9999 -9999 -9999 -9999 -9999 -9999 -9999 -9999 -9999 -9999 -9999 -9999
4.29802197217941 3.93126346170902 3.98330582678318 3.66607073475333 3.45222508907318 3.49170063436031 3.71055488403027 3.16774771213531 3.0971967458725 3.10939271450043 2.96749107241631 2.64251923135349 1.9885931547199 1.69199767938027 1.57688768781148 1.43831019676649 1.46673777470222 1.61292388609477 1.62254533442584 1.58858931606466 1.51302888718518 1.63419665531679 1.82032419334758 1.9329948533665 2.20339817892421 2.25549937378276 2.22214966470545 2.42060621218248 3.01363101872531 3.02058517932892 3.32301807403564 -9999 -9999 -9999 -9999 -9999 -9999 -9999 -9999 -9999 -9999 -9999 -9999 -9999 -9999 -9999 -9999 -9999 -9999 -9999 -9999 -9999 -9999 -9999 -9999 -9999 -9999 -9999 -9999 -9999 -9999 -9999
4.1537558892194 4.56158834695816 4.11973768472672 4.30182145192073 4.07716215573824 3.6372657922598 3.70461735358605 3.86360392570496 3.87578515495573 3.59297938530262 2.94102665552726 2.11441887617111 1.75105369091034 1.44309789171586 1.40807577279898 1.54982410944425 1.56736836108294 1.44653953313828 1.58543343544006 1.56793859871951 1.79501364989714 2.033653866161 2.10955493558537 2.27879310737957 2.51563029397618 2.64132550588021 2.71156553121713 2.76373565196991 3.14758369055661 3.06961662769318 2.93817927837372 3.36514115333557 -9999 -9999 -9999 -9999 -9999 -9999 13.3135442733765 12.6942715644836 -9999 -9999 -9999 -9999 -9999 -9999 -9999 -9999 -9999 -9999 -9999 -9999 -9999 -9999 -9999 -9999 -9999 -9999 -9999 -9999 -9999 -9999
4.60144996643066 4.84218627214432 5.30772582689921 3.99157056682988 5.43544246933677 3.83157167511602 3.41546024622456 3.83143177628517 3.86213596509053 3.35495923672404 2.23482626080513 1.81554647684097 1.60231422185898 1.45648677349091 1.35780403705744 1.49715163707733 1.46632261276245 1.38344895243645 1.43689851577465 1.9081757068634 2.00243110006506 2.2562378265641 2.59424902634187 2.6497789978981 2.81948511600494 2.93428190946579 3.17282388210297 3.24323316290975 3.24034917354584 2.93468665083249 3.69303541434439 3.42093944549561 -9999 -9999 -9999 -9999 -9999 -9999 -9999 -9999 -9999 -9999 -9999 -9999 -9999 -9999 -9999 -9999 -9999 -9999 -9999 -9999 -9999 -9999 -9999 -9999 -9999 -9999 -9999 -9999 -9999 -9999
-9999 -9999 -9999 -9999 -9999 3.26834866875096 3.9370717568831 3.64403193272077 3.25132501551083 1.9807291158608 1.66558717764341 1.47987136244774 1.34445860294195 1.44247652292252 1.3351865364955 1.68125084638596 1.63197241379664 1.69090922520711 2.07322798325465 2.35901211316769 2.57222154048773 2.73851624360451 2.87805745234856 2.74465200304985 2.987782984972 2.95274407967277 -9999 -9999 -9999 -9999 -9999 -9999 -9999 -9999 -9999 -9999 -9999 -9999 -9999 -9999 -9999 -9999 -9999 -9999 -9999 -9999 -9999 -9999 -9999 -9999 -9999 -9999 -9999 -9999 -9999 -9999 -9999 -9999 -9999 -9999 -9999 -9999
-9999 -9999 -9999 -9999 -9999 -9999 3.49143341412911 2.93673838101901 1.70104744434357 1.42710167169571 1.26798803989704 1.29344105491271 1.35663593503145 1.42280410574033 1.58669044650518 1.76374769210815 1.94122856855392 1.9992265517895 2.11468812594047 2.61058322282938 2.86755441702329 3.05424817250325 3.12999814290267 3.1875207695094 -9999 -9999 -9999 -9999 -9999 -9999 -9999 -9999 -9999 -9999 -9999 -9999 -9999 -9999 -9999 -9999 -9999 -9999 -9999 -9999 -9999 -9999 -9999 -9999 -9999 -9999 -9999 -9999 -9999 -9999 -9999 -9999 -9999 -9999 -9999 -9999 -9999 -9999
-9999 2.50102669000626 2.50102686882019 3.0552779000539 3.5895791053772 3.20641412643286 2.82673426316335 2.53035998344421 1.35793700584999 1.28829056024551 1.40427169203758 1.56598578737332 1.70754683017731 1.79098068292324 2.01461710838171 2.4107648900577 2.3114133981558 2.47285427267735 2.86623829144698 2.76088015849774 2.9081089083965 3.05298815488815 -9999 -9999 -9999 -9999 -9999 -9999 -9999 -9999 -9999 -9999 -9999 -9999 -9999 -9999 -9999 -9999 -9999 -9999 -9999 -9999 -9999 -9999 -9999 -9999 -9999 -9999 -9999 -9999 -9999 -9999 -9999 -9999 -9999 -9999 -9999 -9999 -9999 -9999 -9999 -9999
-9999 2.78956085443497 2.72988765580314 2.97726138738485 2.99124811704342 2.75531414151192 2.00528952708611 1.26273501557963 1.27861611430462 1.46060332197409 1.95613147203739 2.03097352156272 2.26909206005243 2.30660795739719 2.74746115718569 2.47643280029297 2.30079803864161 4.92936183346642 -9999 -9999 -9999 -9999 -9999 -9999 -9999 -9999 -9999 -9999 -9999 -9999 -9999 -9999 -9999 -9999 -9999 -9999 -9999 -9999 -9999 -9999 -9999 -9999 -9999 -9999 -9999 -9999 -9999 -9999 -9999 -9999 -9999 -9999 -9999 -9999 -9999 -9999 -9999 -9999 -9999 -9999 -9999 -9999
-9999 2.59314363343375 2.30298956164292 1.96865884615825 1.7576708656091 2.6061073243618 1.21818427102906 1.40261274576187 1.7490678521303 1.90019451196377 2.6932181417942 4.35117076910459 -9999 -9999 -9999 -9999 -9999 -9999 -9999 -9999 -9999 -9999 -9999 -9999 -9999 -9999 -9999 -9999 -9999 -9999 -9999 -9999 -9999 -9999 -9999 -9999 -9999 -9999 -9999 -9999 -9999 -9999 -9999 -9999 -9999 -9999 -9999 -9999 -9999 -9999 -9999 -9999 -9999 -9999 -9999 -9999 -9999 -9999 -9999 -9999 -9999 -9999
