EcologicalScience/Bass/data/rs_data_bass/chl_46.asc
NCOLS 226 
NROWS 124 
XLLCORNER -9.41648524995501 
YLLCORNER 47.587301625531 
CELLSIZE 0.0833 
NODATA_value -9999 
[rows 56 to 83 of 124, columns 0 to 61 of 226]
-9999 -9999 -9999 -9999 -9999 -9999 -9999 -9999 -9999 -9999 -9999 -9999 -9999 -9999 -9999 -9999 -9999 -9999 -9999 -9999 -9999 -9999 -9999 -9999 -9999 -9999 -9999 -9999 -9999 -9999 -9999 -9999 -9999 -9999 -9999 -9999 -9999 -9999 -9999 -9999 1.83431854844093 1.8384335488081 1.66209644079208 1.56398889422417 1.63501757383347 1.36260689049959 1.29018276184797 1.61034611718995 1.57173491375787 1.6855205655098 1.58651324680873 1.69789763433593 1.69292345217296 1.81359330245427 1.95384108168738 2.11173978873662 1.93744648878391 2.01224668209369 2.50012726783752 -9999 -9999 -9999
-9999 -9999 -9999 -9999 -9999 -9999 -9999 -9999 -9999 -9999 -9999 -9999 -9999 -9999 -9999 -9999 -9999 -9999 -9999 -9999 -9999 -9999 -9999 -9999 -9999 -9999 -9999 -9999 -9999 -9999 -9999 -9999 -9999 -9999 -9999 -9999 -9999 -9999 -9999 -9999 2.0746667938573 1.93570028032575 1.83650047864233 1.80937620571681 1.61956907808781 1.49147782417444 1.42129691747519 1.82332420349121 1.72327839476722 1.69008562394551 1.49242146951812 1.60654666594097 1.44961177110672 1.50192828774452 1.59887303113937 2.20462788002832 2.28742991043971 2.31380177461184 2.1437316766152 2.29316543681281 11.3842671011624 -9999
-9999 -9999 -9999 -9999 -9999 -9999 -9999 -9999 -9999 -9999 -9999 -9999 -9999 -9999 -9999 -9999 -9999 -9999 -9999 -9999 -9999 -9999 -9999 -9999 -9999 -9999 -9999 -9999 -9999 -9999 -9999 -9999 -9999 -9999 -9999 -9999 -9999 -9999 -9999 -9999 -9999 2.15659921084132 1.86777664508138 1.84328024727958 1.75569598949873 1.61303378985478 1.46958357095718 1.80946218967438 1.75458776950836 1.64707231521606 1.38873641405787 1.24559621951159 1.41898398188984 1.59640748500824 1.5427142311545 1.4963617254706 1.67546437184016 1.73897709449132 1.78543141255012 1.91833579540253 5.61061608791351 -9999
-9999 -9999 -9999 -9999 -9999 -9999 -9999 -9999 -9999 -9999 -9999 -9999 -9999 -9999 -9999 -9999 -9999 -9999 -9999 -9999 -9999 -9999 -9999 -9999 -9999 -9999 -9999 -9999 -9999 -9999 -9999 -9999 -9999 -9999 -9999 -9999 -9999 -9999 -9999 -9999 -9999 2.41445610778672 1.98275341732161 1.58719122409821 1.6954536310264 1.66818462099348 1.91471927506583 1.73479465075902 1.6833852997848 1.67744300620896 1.66711533921106 1.37473182167326 1.31022567082854 1.28193322817485 1.42340954144796 1.66752012876364 1.7233492732048 1.87097136179606 1.92203520353024 -9999 -9999 -9999
-9999 -9999 -9999 -9999 -9999 -9999 -9999 -9999 -9999 -9999 -9999 -9999 -9999 -9999 -9999 -9999 -9999 -9999 -9999 -9999 -9999 -9999 -9999 -9999 -9999 -9999 -9999 -9999 -9999 -9999 -9999 -9999 -9999 -9999 -9999 -9999 -9999 -9999 -9999 -9999 2.5743470447404 2.52041708145823 2.4568877347878 1.56136998534203 1.51943421363831 1.48575136982478 1.6462621040204 1.48176055796006 1.72457811662129 1.72290462255478 1.6828091101987 1.75053984352521 1.54785748038973 1.43758348318247 1.62960660916108 1.98261595964432 2.17620774507523 -9999 -9999 5.48078245639801 2.97769323417119 2.89186012744904
-9999 -9999 -9999 -9999 -9999 -9999 -9999 -9999 -9999 -9999 -9999 -9999 -9999 -9999 -9999 -9999 -9999 -9999 -9999 -9999 -9999 -9999 -9999 -9999 -9999 -9999 -9999 -9999 -9999 -9999 -9999 -9999 -9999 -9999 -9999 -9999 -9999 -9999 -9999 2.99576922655106 2.57500444139753 2.49960422515869 1.7792002260685 1.63244143128395 1.53757926821709 1.67025639116764 1.62033715418407 1.65389217649187 1.72835290431976 1.59786334633827 1.68848383426666 1.65474105732782 1.32528110988 1.62998097676497 1.96952554354301 1.97500538825989 2.32963238159815 2.00853391488393 2.60983917117119 2.10433664917946 2.39890837669373 2.26259246042797
-9999 -9999 -9999 -9999 -9999 -9999 -9999 -9999 -9999 -9999 -9999 -9999 -9999 -9999 -9999 -9999 -9999 -9999 -9999 -9999 -9999 -9999 -9999 -9999 -9999 -9999 -9999 -9999 -9999 -9999 -9999 -9999 -9999 -9999 -9999 -9999 -9999 -9999 -9999 3.17182369793163 2.63698390551976 1.85439774394035 1.62077897787094 1.47656854987144 1.39974826574326 1.33314374089241 1.70835922658443 1.66842019557953 1.3457852441531 1.21233034592408 1.37475570610591 1.29945463629869 1.37088560370299 1.44544137211946 1.79531933279598 1.77687084674835 1.84105756002314 2.21485702349589 2.05603382984797 2.13336472851889 2.2618704863957 2.18120781733439
-9999 -9999 -9999 -9999 -9999 -9999 -9999 -9999 -9999 -9999 -9999 -9999 -9999 -9999 -9999 -9999 -9999 -9999 -9999 -9999 -9999 -9999 -9999 -9999 -9999 -9999 -9999 -9999 -9999 -9999 -9999 -9999 -9999 -9999 -9999 -9999 -9999 -9999 2.87772453948855 2.684060888631 2.8946826670851 1.61504524946213 1.51968604326248 1.43724021315575 1.34401628375053 1.21025002002716 1.13757276535034 1.13494849205017 1.4029337305289 1.3644341138693 1.38502904400229 1.61690300703049 1.17033116863324 1.46449376298831 1.76392878935887 1.41255136330922 1.44500346978505 1.75125404198964 1.68345564603806 2.00543891532081 1.81314420700073 2.29743118011034
-9999 -9999 -9999 -9999 -9999 -9999 -9999 -9999 -9999 -9999 -9999 -9999 -9999 -9999 -9999 -9999 -9999 -9999 -9999 -9999 -9999 -9999 -9999 -9999 -9999 -9999 -9999 -9999 -9999 -9999 -9999 -9999 -9999 -9999 -9999 -9999 -9999 -9999 2.15960942208767 1.87282004952431 1.63643270730972 1.49173825979233 1.29513826966286 1.18539246916771 1.18858072161674 1.20311725139618 1.0908374786377 1.08665350079536 1.06891024112701 1.57806280484566 1.39757722616196 1.32765170931816 1.456404873958 1.38917831732677 1.30100469176586 1.23552693923314 1.66701793670654 1.69528665712902 1.77019181421825 1.43316638469696 1.76639083715586 1.70043088839604
-9999 -9999 -9999 -9999 -9999 -9999 -9999 -9999 -9999 -9999 -9999 -9999 -9999 -9999 -9999 -9999 -9999 -9999 -9999 -9999 -9999 -9999 -9999 -9999 -9999 -9999 -9999 -9999 -9999 -9999 -9999 -9999 -9999 -9999 -9999 -9999 -9999 2.15667378902435 1.90367272496223 1.720802038908 1.49648478627205 1.36934000253677 1.18362072110176 1.1603589951992 1.05393243953586 1.29779167358692 1.05173538252711 1.12679487237564 1.22765687337288 1.32781154146561 1.41974519766294 1.39651043827717 1.42387744784355 1.35027173161507 1.32912488167103 1.20714524388313 1.21425443199965 1.33679394309337 1.38221374154091 1.49678304103705 1.67555999755859 2.66517428308725
-9999 -9999 -9999 -9999 -9999 -9999 -9999 -9999 -9999 -9999 -9999 -9999 -9999 -9999 -9999 -9999 -9999 -9999 -9999 -9999 -9999 -9999 -9999 -9999 -9999 -9999 -9999 -9999 -9999 -9999 -9999 -9999 -9999 -9999 -9999 -9999 -9999 2.08252674341202 1.88040578365326 1.52982616424561 1.38298499584198 1.21375772356987 1.15869927406311 1.06930606181805 1.47645315527916 1.26480931272873 1.29830089440713 1.16644666286615 1.33756243724089 1.38970340444491 1.4330806525854 1.37750815657469 1.31264421343803 1.32248362260205 1.27017897367477 1.66311431356839 1.19114726781845 1.21243152022362 1.38135072588921 1.51835972070694 1.57823747396469 1.84990924596786
-9999 -9999 -9999 -9999 -9999 -9999 -9999 -9999 -9999 -9999 -9999 -9999 -9999 -9999 -9999 -9999 -9999 -9999 -9999 -9999 -9999 -9999 -9999 -9999 -9999 -9999 -9999 -9999 -9999 -9999 -9999 -9999 -9999 -9999 -9999 -9999 2.81459558637519 1.99547499418259 1.79927477240562 1.41881078481674 1.26477900147438 0.966831982135773 0.784262623924475 1.30285203031131 0.660358503460884 0.6727374792099 0.71136100590229 1.12645909419427 1.34797424077988 1.25520268541116 1.35552041805708 1.30431864353327 1.295789539814 1.21826973557472 1.26523572206497 1.24445703625679 1.2963220179081 1.29787626862526 1.61456274986267 1.73291200399399 1.73844373226166 2.45005156178223
-9999 -9999 -9999 -9999 -9999 -9999 -9999 -9999 -9999 -9999 -9999 -9999 -9999 -9999 -9999 -9999 -9999 -9999 -9999 -9999 -9999 -9999 -9999 -9999 -9999 -9999 -9999 -9999 -9999 -9999 -9999 1.30340993218124 1.18750493725141 -9999 2.10493344068527 2.00854575634003 1.99806966689917 1.52494320273399 1.52046328783035 1.38604471087456 1.2135950345546 0.974798960611224 0.753762006759644 1.0475031231579 0.908961072564125 0.912495173513889 1.0420085825026 1.36261773960931 1.26489725708961 1.4036054377045 1.40620402566024 1.44005096171583 1.39919632673264 1.21902650594711 1.29947423934937 1.35242348909378 1.41327598690987 2.2248056307435 1.92713350057602 3.49577178955078 2.10268624832756 2.50699862837791
-9999 -9999 -9999 -9999 -9999 -9999 -9999 -9999 -9999 -9999 -9999 -9999 -9999 -9999 -9999 -9999 -9999 -9999 -9999 -9999 -9999 -9999 0.346259817481041 1.38102072477341 1.76441094279289 1.67532493599824 1.56902592735631 1.81923820291247 2.01660225646836 1.39406540777002 0.74603015743196 1.08354418873787 1.02074977755547 1.13127081947667 1.19584070260708 1.29151919025641 1.33597771938031 1.07257420037474 1.16938751935959 1.19874501228333 1.06785324215889 0.844142273068428 1.01843801140785 1.08528958786936 1.13514730684897 1.30794268846512 1.2513327896595 1.28507578372955 1.54725070084844 1.32832496932575 1.33858535119465 1.38067123293877 1.47222021222115 1.48938822746277 1.47665154933929 1.49059724807739 1.76300191879272 2.10911145909079 2.52071490007288 -9999 -9999 -9999
-9999 -9999 -9999 -9999 -9999 -9999 -9999 -9999 -9999 -9999 -9999 -9999 -9999 -9999 -9999 -9999 -9999 -9999 -9999 -9999 -9999 -9999 1.39821124385143 1.20794096589088 1.27547047606536 1.58038688983236 1.57596282235214 1.55582369863987 1.33787850609847 1.23516934045724 0.869627505540848 0.785448942865644 0.814480521849224 0.875811862094062 0.874998571617263 0.818058090550559 0.764955920832498 0.773696329731208 0.796881365088316 0.937049731612205 0.878199855868633 0.789168745279312 0.752589777112007 1.23149748146534 1.3706987798214 1.30919048190117 1.23286348581314 1.34177878499031 1.33801326155663 1.3112969994545 1.61477284772055 1.54122792822974 1.73190397024155 1.98983706037203 2.04193203896284 -9999 -9999 -9999 -9999 -9999 -9999 -9999
-9999 -9999 -9999 -9999 -9999 -9999 -9999 -9999 -9999 -9999 -9999 -9999 -9999 -9999 -9999 -9999 -9999 -9999 -9999 22.5373795149582 2.32290206849575 0.998432099819183 0.989943706563541 1.03828766942024 1.21800801796573 1.32045757131917 1.25222937762737 1.25922969409398 1.1086132483823 0.903545060328075 0.815422085779054 0.729276474033083 0.735470786690712 0.780189450298037 0.82247612797297 0.775721905486924 0.726426020264626 0.697336729083742 0.697493673435279 0.75571221113205 0.850739017128944 0.8251442863391 0.969274997711182 1.21063576638699 1.25714419782162 1.26750701665878 1.29538372159004 1.74941140871782 1.78022769322762 1.80468514790902 1.66210129857063 -9999 -9999 -9999 -9999 -9999 -9999 -9999 -9999 -9999 -9999 -9999
-9999 -9999 -9999 -9999 -9999 -9999 -9999 -9999 -9999 -9999 -9999 -9999 -9999 -9999 -9999 -9999 -9999 1.38712573051453 1.86155122518539 2.04979974031448 1.06694478009428 1.08363227759089 1.16030623657363 0.749272393328803 0.904876151255199 0.770264657480376 0.767567961343697 0.835133687726089 0.779484086803028 0.714327859027045 0.699417318616595 0.717981024512223 0.711114639682429 0.625784993171692 0.74433381749051 0.630734249949455 0.649545505642891 0.635588750243187 0.62541401386261 0.649236261844635 0.590941403593336 0.613075516053609 0.611880000680685 1.2397179213854 1.29899329978686 1.44851083021898 1.44247964941538 1.73262223601341 1.82690879702568 1.57854357858499 1.39376290887594 -9999 -9999 -9999 -9999 -9999 -9999 -9999 -9999 -9999 -9999 -9999
-9999 -9999 -9999 -9999 -9999 -9999 -9999 -9999 -9999 -9999 -9999 -9999 -9999 -9999 1.32986301183701 1.30902874469757 1.0448317527771 1.10230824351311 0.756233856081963 0.729958705604076 0.881499180570245 0.801099315285683 0.467333059757948 0.58434407306569 0.567284313695771 0.563155180641583 0.553895981184074 0.571026841444629 0.576552153698036 0.558350540124453 0.576408118009567 0.591109871864319 0.577150378376245 0.558187162646881 0.534170259322439 0.630084920674562 0.635301236063242 0.60469776391983 0.592656746506691 0.532076190092734 0.585315383970737 0.652778145212394 0.599565390497446 1.39178052970341 1.24290131147091 1.13426052033901 1.19537076354027 1.59477094503549 1.69396057495704 1.48019777352993 1.29569602012634 1.64578753709793 -9999 -9999 -9999 -9999 -9999 -9999 -9999 -9999 -9999 -9999
-9999 -9999 -9999 -9999 -9999 -9999 -9999 -9999 -9999 -9999 -9999 3.01412587293557 1.10138250142336 1.11797851324081 1.50944077968597 0.977873813893114 0.967341459223202 0.896697221057756 0.862515350537641 0.470917508006096 0.696285183039995 0.570398888417653 0.563007760792971 0.495987698435783 0.509764226419585 0.506222612091473 0.495382450520992 0.526199135929346 0.544220672412352 0.531581599604 0.559854611754417 0.568265985697508 0.550923626869917 0.570357199758291 0.585364062339067 0.559142593633045 0.574490534988317 0.569315627217293 0.576456066220999 0.576345946639776 0.57821599394083 0.581573307514191 0.590534508228302 0.695560675400954 1.17801523208618 1.51566495345189 1.5013833458607 1.45810953470377 1.61679562238547 1.22567495498164 1.70734928846359 -9999 -9999 -9999 -9999 -9999 3.02297310108362 1.87208899385051 3.16040280072585 4.40973999707595 5.30089681148529 -9999
-9999 -9999 -9999 -9999 -9999 -9999 -9999 -9999 -9999 1.23956812279565 1.18739860192422 0.943670112107481 1.01518501341343 1.01029174029827 1.13069877028465 1.02694359208856 0.622587472200394 0.642482505312988 0.588646708322423 0.563804575375148 0.550127250807626 0.552595930440085 0.501706966332027 0.474261438207967 0.433487868484329 0.481158737750614 0.480793281325272 0.512906566262245 0.555464053695852 0.571267426013947 0.55909700319171 0.542079236358404 0.54203575104475 0.54598530381918 0.534768298268318 0.536332987248898 0.553790248930454 0.562257364392281 0.560824956744909 0.542328502982855 0.551100187003613 0.57620907574892 0.695099603671294 0.704148304003936 1.12054758412497 1.31263749115169 1.36138980835676 1.43781109526753 1.42814255878329 1.2846414744854 1.32364499568939 2.11174896731973 1.49227344989777 2.51758330359178 2.08200588979219 2.10766124725342 2.22119750082493 2.19455572537013 1.86318849027157 1.84399843215942 2.02428254955693 -9999
-9999 -9999 -9999 -9999 -9999 0.812973171472549 0.797421225479671 0.807263623390879 0.886676047529493 0.973559036850929 0.917100529585566 0.860634451465947 0.786991621766772 0.751959146133491 0.697148658335209 0.574156267302377 0.600590139627457 0.565870618590942 0.646345489300214 0.615899645365201 0.591890817651382 0.512491086354622 0.500395292682307 0.562712667243821 0.551525617284434 0.499488919973373 0.480442461158548 0.52622851729393 0.572684660553932 0.540081687271595 0.549711804836988 0.536271195858717 0.532372936606407 0.529674876481295 0.521874565631151 0.526543933898211 0.52037850394845 0.526013694703579 0.502817180007696 0.507088312879205 0.526453191041946 0.560550391674042 0.721888118982315 0.622467729975196 0.69116910590845 1.20842614173889 1.27045693397522 1.33760910525041 1.31931367143989 1.27529427409172 1.45592561134925 1.47941150115086 1.55903764871451 1.8383634516171 1.87066927977971 1.83529825852467 1.27466108707281 1.89560493081808 1.76527380943298 1.79562699794769 2.39480471611023 2.03035261375563
-9999 -9999 -9999 -9999 -9999 0.681891161416258 0.60685436502099 0.583324807137251 0.742224333541734 0.692397776458945 0.683896789593356 0.663893028029374 0.634202716442255 0.567395872221543 0.607265691672053 0.516349853231357 0.533219376435647 0.425719444724647 0.401947896927595 0.412088037891821 0.602489542502623 0.633045570208476 0.58536548110155 0.597350184406553 0.599147529474326 0.599660249693053 0.510157342467989 0.479286687714713 0.513731438666582 0.53141637519002 0.530716866254807 0.526419315487146 0.524679511785507 0.525123618543148 0.529870945960283 0.518266871571541 0.491931244730949 0.505773063749075 0.500895230099559 0.572400178102886 0.549780003726482 0.512753628194332 0.936437487602234 1.02044785022736 1.03388776097979 1.09245270277773 1.29451649103846 1.15409837876047 1.20222780959947 1.23537927120924 1.53522523641586 1.23254394318376 1.30898777501924 1.66939197778702 1.499945551157 1.51023431335177 1.49912646838597 1.54725801944733 1.43626123666763 1.64867722988129 1.96067063723292 2.00524680529322
-9999 -9999 -9999 -9999 -9999 0.404021233320236 0.574398221338496 0.571970611810684 0.516678750514984 0.597008470978056 0.606731290263789 0.470714992710522 0.483739812459265 0.516422452671187 0.589223422683202 0.652549828801836 0.638083546207501 0.585143693364583 0.629111649898382 0.6242847603101 0.687361616354722 0.601701942773966 0.571490087188207 0.576857541616146 0.609386983726706 0.541509452462196 0.524241754954511 0.513354676110404 0.567444611679424 0.523668237030506 0.492533072829247 0.48646205663681 0.500453568994999 0.518757175654173 0.496296498924494 0.489895928651094 0.566779774778029 0.549245657829138 0.533321999451693 0.516434461754911 0.44480324909091 0.607230001688003 0.623426353931427 0.688405436628005 0.759270225252424 1.12604516744614 1.02130070328712 1.13091640387263 1.13833787824426 1.15667930245399 1.06904737651348 1.14738380696092 1.53660646677017 1.6596724296871 1.63226126631101 1.50818974130294 1.51193422079086 1.48587809290205 1.52844045843397 1.72079044154712 1.85175461002759 1.82870817184448
-9999 -9999 -9999 -9999 -9999 0.466740528450293 0.487276509404182 0.254966551065445 0.416126254945993 0.52155514061451 0.428776871412992 0.524627144847597 0.516772397926875 0.4365854962514 0.566268978210596 0.434897712790049 0.419510815292597 0.347254405915737 0.359168504178524 0.666271729128701 0.508856476499484 0.49704150053171 0.576336460617872 0.678400065217699 0.607478908130101 0.397317819974639 0.530589816245166 0.555327958294324 0.553868941962719 0.582375536007541 0.535484452332769 0.476018119603395 0.549906337490449 0.552694328702413 0.507623635232449 0.539094560286578 0.535095268312623 0.546338517876232 0.545859525308889 0.49940824508667 0.525745651125908 0.551465244247363 0.579726164157574 0.838447916507721 0.677656501531601 0.913243908967291 1.00847400426865 1.13030141166278 1.1985122859478 1.18798162043095 1.20159547243799 0.898454409379225 1.13523430057934 1.40766280889511 1.58084446191788 1.52734784518971 1.55901125073433 1.66741400957108 1.32018685340881 2.2442293920015 2.18157019064977 1.94935466349125
-9999 -9999 -9999 -9999 -9999 0.535935991443694 0.525523090187241 0.519180496825891 0.536996533765512 0.462416046857834 0.541174058528507 0.473243247717619 0.500109013170004 0.366142444885694 0.373580698783581 0.424136645518816 0.401048252215752 0.446081393957138 0.561745297908783 0.436383761465549 0.549435056172884 0.602913599747878 0.782271757721901 0.566936578069414 0.537375115431272 0.572189074296218 0.526155304450255 0.525857135653496 0.517519217271071 0.536769452003332 0.535503301482934 0.543012692378118 0.558818375835052 0.559323920653417 0.568467753437849 0.556152287584085 0.535878399715704 0.5304415120798 0.52655553817749 0.541727259755135 0.543683508038521 0.493765130639076 0.511915447080837 0.537151594372357 0.623503816127777 0.60150146484375 0.57126330277499 0.37300991686061 1.08544093966484 1.04025133252144 0.699436753988266 0.683567732572556 1.02143827506474 1.18254548311234 1.511873036623 1.55602506796519 1.58009598652522 1.5073452482098 1.46533160255505 1.45103992636387 2.18069828015107 2.42157839353268
-9999 -9999 -9999 -9999 -9999 0.444958505885942 0.580974757671356 0.583608508110046 0.509392454073979 0.460972106456757 0.49318879544735 0.504429164528847 0.517992742359638 0.317469757050276 0.377611627802253 0.423376554250717 0.354118511080742 0.460654869675636 0.632779251126682 0.476288355313815 0.463533419829148 0.703091176656576 0.52767938375473 0.411893948339499 0.550102551396076 0.392708195373416 0.394794607535005 0.527630591621766 0.527427245791142 0.490302983384866 0.41775069385767 0.545768098189281 0.55047033727169 0.581099878136928 0.579119665118364 0.5572728904394 0.606456890702248 0.52290478004859 0.50472628726409 0.515733402508956 0.515521869063377 0.561701911687851 0.557246946236666 0.567696264561485 0.600991263985634 0.607412015016262 0.929212817123958 0.718571269512176 0.741194844245911 0.778279495239258 0.813089418411255 0.855146239910807 1.0623553276062 0.836692501391683 1.54842954874039 1.21775299310684 1.65755783660071 1.90688073635101 1.9893610903195 1.71220403909683 1.96978282928467 2.54332013313587
-9999 -9999 -9999 -9999 -9999 0.493727087974548 0.475988886186055 0.48608218559197 0.52103521159062 0.297408942878246 0.317933602631092 0.474993377923965 0.565816276839801 0.567827876125063 0.454439606517553 0.486802112311125 0.504710879176855 0.517427567392588 0.537733951912207 0.498663380742073 0.335312101244926 0.332518902420998 0.546247994261129 0.509177250521524 0.518919516068238 0.510105584676449 0.511365002164474 0.511435857185951 0.523456262854429 0.507616948622924 0.54594639975291 0.578828126192093 0.562810310950646 0.585080781808266 0.54529268008012 0.533026381180837 0.532936166112239 0.522462321179254 0.542456139411245 0.501635165775523 0.524053391355735 0.534001725224348 0.538934654914416 0.538555101706431 0.485472644014018 0.504228740930557 0.71239258646965 0.716833502054214 0.6965416431427 0.766241097450256 0.79328790307045 0.82640608549118 0.606579684294187 1.0473984003067 1.16510185003281 1.61080154776573 1.99642431735992 1.95797309050193 3.25595819950104 3.1303642477308 2.57904303073883 2.63908016681671
-9999 -9999 -9999 -9999 -9999 0.489038872031065 0.500442517491487 0.456403919628688 0.450163878500462 0.449651314931757 0.48838664153043 0.359718877822161 0.529392849121775 0.526912719011307 0.534732383276735 0.518989431858063 0.493267160654068 0.522083137184381 0.384998824447393 0.36610935581848 0.432205149531364 0.509410621864455 0.84124652389437 0.516334148553702 0.509008949765792 0.407087061554193 0.424436055123806 0.496121000785094 0.481380450037809 0.508746003875366 0.543623775243759 0.531232829277332 0.515735637683135 0.517701645310109 0.521813014378914 0.52229612492598 0.517631484911992 0.514528330702048 0.485119668876424 0.539622008800507 0.395678572356701 0.531688784177487 0.430158758535981 0.369605626910925 0.545070912975531 0.700915950536728 0.507235497236252 0.482904743403196 0.491018615663052 0.643403412057803 0.684783064402067 0.542115367949009 0.844488126039505 1.12692466848775 1.34772476397063 1.79779892308371 1.72708457708359 2.05077090433666 -9999 -9999 -9999 -9999
