EcologicalScience/Bass/data/rs_data_bass/chl_271.asc
NCOLS 226 
NROWS 124 
XLLCORNER -9.41648524995501 
YLLCORNER 47.587301625531 
CELLSIZE 0.0833 
NODATA_value -9999 
[rows 81 to 107 of 124, columns 62 to 123 of 226]
3.85158455371857 5.97498106956482 7.6620512008667 7.66205191612244 -9999 -9999 -9999 -9999 -9999 -9999 -9999 -9999 -9999 -9999 -9999 -9999 -9999 -9999 -9999 -9999 -9999 -9999 -9999 -9999 -9999 -9999 -9999 -9999 -9999 -9999 -9999 -9999 -9999 -9999 -9999 -9999 -9999 -9999 -9999 -9999 -9999 -9999 -9999 -9999 -9999 -9999 -9999 -9999 -9999 -9999 -9999 -9999 -9999 -9999 -9999 -9999 -9999 -9999 -9999 -9999 -9999 -9999
3.07151240226135 -9999 -9999 -9999 -9999 -9999 -9999 -9999 -9999 -9999 -9999 -9999 -9999 -9999 -9999 -9999 -9999 -9999 -9999 -9999 -9999 -9999 -9999 -9999 -9999 -9999 -9999 -9999 -9999 -9999 -9999 -9999 -9999 -9999 -9999 -9999 -9999 -9999 -9999 -9999 -9999 -9999 -9999 -9999 -9999 -9999 -9999 -9999 -9999 -9999 -9999 -9999 -9999 -9999 -9999 -9999 -9999 -9999 -9999 -9999 -9999 -9999
-9999 -9999 -9999 -9999 -9999 -9999 -9999 -9999 -9999 -9999 -9999 -9999 -9999 -9999 -9999 -9999 -9999 -9999 -9999 -9999 -9999 -9999 -9999 -9999 -9999 -9999 -9999 -9999 -9999 -9999 -9999 -9999 -9999 -9999 -9999 -9999 -9999 -9999 -9999 -9999 -9999 -9999 -9999 -9999 -9999 -9999 -9999 -9999 -9999 -9999 -9999 -9999 -9999 -9999 -9999 -9999 -9999 -9999 -9999 -9999 -9999 -9999
-9999 -9999 -9999 -9999 -9999 -9999 -9999 -9999 -9999 -9999 -9999 -9999 -9999 -9999 -9999 -9999 -9999 -9999 -9999 -9999 -9999 -9999 -9999 -9999 -9999 -9999 -9999 -9999 -9999 -9999 -9999 -9999 -9999 -9999 -9999 -9999 -9999 -9999 -9999 -9999 -9999 -9999 -9999 -9999 -9999 -9999 -9999 -9999 -9999 -9999 -9999 -9999 -9999 -9999 -9999 -9999 -9999 6.48215720908982 2.37300416401454 1.91964558362961 2.58216850324111 1.80661862546747
-9999 -9999 -9999 -9999 -9999 -9999 -9999 -9999 -9999 -9999 -9999 -9999 -9999 -9999 -9999 -9999 -9999 -9999 -9999 -9999 -9999 -9999 -9999 -9999 -9999 -9999 -9999 -9999 -9999 -9999 -9999 -9999 -9999 -9999 -9999 -9999 37.1749906539917 -9999 3.24733126864714 3.27637462358217 -9999 -9999 2.63165260851383 2.15112721920013 2.13735240697861 2.5522796403278 2.42780023813248 2.30566844344139 2.22350853681564 2.52499367182071 1.82034724205732 2.16536995768547 -9999 -9999 -9999 2.18421812240894 2.40838064597203 1.84175752401352 1.75755046606064 1.76951451301575 1.65410573374141 1.80789865438755
-9999 -9999 -9999 -9999 -9999 -9999 -9999 -9999 -9999 -9999 -9999 -9999 -9999 1.50265973535451 1.74836548636941 1.49431504122913 1.04441520385444 1.94635562102 1.12509450316429 -9999 -9999 -9999 -9999 -9999 -9999 -9999 -9999 -9999 2.30471761086408 2.36192029714584 2.82305475381704 2.77033075002524 -9999 3.66949796676636 -9999 -9999 -9999 -9999 2.01648542514214 1.68350936128543 2.55884500525214 2.36323778629303 2.01766623258591 1.851787930727 2.15165531093424 2.18131823431362 2.14697732708671 2.05891063538465 2.01052028482611 2.08830481767654 2.00030086590694 2.27753528952599 1.55047684907913 1.92299726876346 1.70170485377312 2.05580169504339 1.91970104520971 1.26761385798454 1.51684872670607 1.03805494308472 0.933517299592495 1.23291400991953
-9999 -9999 -9999 -9999 -9999 -9999 -9999 -9999 -9999 -9999 13.8568999767303 5.01108503341675 1.58934564515948 1.48579377494752 1.44397448189557 1.23706929199398 1.18279184214771 1.19928819313645 1.29361809790134 1.6161931771785 2.91327780936344 -9999 1.78785675019026 2.16294974088669 1.73449160772211 -9999 -9999 1.84547372460365 2.14152355835988 1.87876683473587 2.48045736551285 1.92217846100147 2.00458786120782 1.92660019947932 -9999 -9999 3.20866393069832 2.26737821102142 1.94324380159378 1.53891467303038 2.15795967578888 2.12013975977898 1.84100537896156 1.8169262945652 1.65461354255676 1.83801828324795 1.78832928836346 1.93770162625746 1.84265408732674 1.67367393466143 1.44058799743652 1.2853809222579 1.54689854085445 1.73981174013831 1.46678522229195 1.43374209783294 1.48128973895853 1.47104631770741 0.973927543921904 0.832571424543858 0.835161365568638 0.960700325667858
-9999 -9999 -9999 -9999 -9999 -9999 -9999 -9999 -9999 3.37424809734027 3.6038978099823 2.37276071310043 1.67291074991226 1.6376696228981 1.56029835840066 1.54750182665884 1.37030243687332 1.31856040656567 1.42953265351909 1.30976561563356 1.5358921866864 1.68644555906455 1.08690587058663 2.08851108642725 1.37987492233515 1.47295220196247 2.27735280990601 1.51948347687721 1.5274942740798 2.42218636090939 2.47616964120131 1.65004726499319 1.66863622516394 1.75323014534437 2.10058698287377 2.65735381299799 2.6531350851059 2.58352911472321 2.31409075856209 2.24118166565895 2.09066580533981 1.95374849438667 1.73378034432729 1.74462375640869 1.88686345517635 1.75518880784512 1.75997740030289 1.61287162452936 1.52663925290108 1.12665789574385 0.931035384535789 0.893237449228764 0.89198437705636 0.891461245715618 0.839838925749063 0.778758935630322 0.769939865916967 0.827336257696152 0.797087453305721 0.76070362329483 0.928913243114948 0.908208640722128
-9999 -9999 -9999 -9999 -9999 -9999 -9999 -9999 -9999 2.29140560825666 1.70476830005646 1.47463718553384 1.35067850351334 1.26316848397255 1.18803298473358 1.18645426630974 1.29059732146561 0.913167181424797 0.929797969758511 0.931897781789303 1.51525199200426 1.5716302054269 1.15180592983961 1.16991656273603 1.19855140149593 1.23273863643408 1.39366328716278 1.18382003903389 1.7209450006485 1.70487252090658 1.74131453888757 1.52922879159451 1.53797867149115 1.6051726564765 1.77157106995583 2.11575531363487 2.13280418515205 2.22694711089134 2.28453453183174 2.27217727303505 2.16673062856381 2.11663773426643 1.63581757111983 1.6444897218184 1.74978849291801 1.72580744326115 1.12343090772629 1.02828663358322 0.952907516406133 0.873816920014528 0.830807995051146 0.804315749555826 0.809985380619764 0.804308465123177 0.773434062302113 0.788780048489571 0.796280834823847 0.83797162771225 0.808782018721104 0.823023911565542 0.916502993840438 0.936249540402339
-9999 -9999 -9999 -9999 -9999 -9999 -9999 -9999 1.69096095911388 1.58436016241709 1.35406868656476 1.2984201858441 1.29317995905876 1.14509854714076 1.12952863673369 1.12426255643368 0.895832061767578 0.913770373050983 0.947032900956961 0.929314152552531 1.49268041763987 1.5442303355251 1.06858409196138 1.10516490787268 1.2884094491601 1.36753050237894 1.79315695166588 1.33437826484442 1.39537636935711 2.04865999405201 2.20492950769571 1.21169572323561 2.25109407993463 2.21802075092609 1.84168137609959 1.69629235267639 1.77880793809891 1.87941979765892 2.02543088793755 1.92501196861267 1.53933928906918 1.35601382170405 1.09504553675652 1.14326450228691 1.14348080525031 1.24650842696428 1.09317614711248 1.06542222316448 0.923287111979264 0.877347570199233 0.874592982805692 0.726059702038765 0.725803796947002 0.741096912324429 0.770063654942946 0.794743960553949 0.798558795026371 0.834092949117933 0.912613371243844 0.942939561146956 0.997711680829525 1.04524833709002
2.02964246273041 1.8994277715683 1.16681955456734 1.27220106124878 -9999 -9999 -9999 2.26912090927362 1.84306555986404 1.67710936069489 1.31915208200614 1.19023521507488 1.25828556716442 1.19521576166153 1.23528447747231 1.24134227633476 0.913201332092285 0.89868916456516 0.877607689454005 0.88751527437797 0.873354448721959 0.881649792194366 0.883431631785173 0.883742472300163 0.9988534954878 0.847854740917683 0.837093204259872 0.878654614090919 1.06731712179525 0.865724433213472 0.908944889903069 0.973842591047287 0.906761426478624 0.891021933406591 0.934656925499439 0.960300743579865 1.54908649921417 1.49029355943203 0.982249170541763 1.53828821732448 1.02449572512082 0.986298852733203 0.811992187052965 0.919372801269804 0.902700538818653 1.08442479372025 0.942306009622721 0.950590362915626 0.785741228610277 0.862061929244262 0.861046114793191 0.718992398679256 0.720921367406845 0.733286333084106 0.724802523851395 0.810582828063231 0.832801367227848 1.09489565236228 1.14636195557458 0.806408554315567 1.08996121699993 1.09861651488713
1.33476477861404 0.927178770303726 1.21109857238256 1.10817165076733 0.953004952806693 1.14007300138474 1.27767050266266 1.32945573329926 1.32014572620392 1.35304597020149 1.24642500281334 1.21046829574248 1.3071620464325 1.31790149211884 1.25140601396561 1.21441149711609 1.23359850049019 0.771067410707474 0.726319591788685 0.716183829121292 0.736256738193333 0.840296353285129 0.85375609764686 0.826985822274135 0.776163401511999 0.774922845455316 0.753596897308643 0.760045106594379 0.810385830127276 0.82079738837022 0.81710728085958 0.802548386156559 0.803691387176514 0.792777165770531 0.776716500520706 0.787756316363811 0.798965435475111 0.785382393747568 0.766506001353264 0.666294939815998 0.651992049068213 0.811208514230592 0.825734847358295 0.633704803884029 0.621624000370502 0.744163021445274 0.76521797478199 0.68796095252037 0.70478043705225 0.700652997940779 0.807193389305702 0.823476983950688 0.962625235319138 0.782973533326929 0.788292394442992 0.794694323431362 0.801629077929717 0.898347114141171 0.903816158954914 1.11864398206983 1.06678482464382 0.905290933755728
0.714695813980969 0.742895681749691 0.755462115461176 1.04865456888309 1.11373434043848 0.754862832752141 1.19437540150606 1.48517371926989 1.02912598103285 1.29123673055853 1.26310776599816 1.19853428006172 1.11281293133895 1.11971469720205 1.01671261065885 1.03042463722982 0.885047972202301 0.734027381055057 0.726141826249659 0.700330884195864 0.765276484629687 0.818985411754021 0.792252989915701 0.788243953998272 0.724404635337683 0.73147702904848 0.710265185683966 0.893125742673874 1.16573837399483 0.882038235664368 0.887624591588974 0.821534535059562 0.811120500931373 0.815995656527006 0.803096535114142 0.768163596208279 0.774727841982475 0.765237856369752 0.765088808078032 0.70117162540555 1.15298610696426 0.837639308401516 0.710191430953833 0.710300844449263 0.52811891653321 0.712141498923302 0.747971995518758 0.628772044723684 0.59157668189569 0.795037741844471 0.860952333762095 0.818040331968894 0.819458285203347 0.771717407486656 0.825569589029659 0.859398282491244 0.928740792549574 1.01491882709356 1.039631070999 0.97350693666018 0.864994230178686 0.887147584786782
0.696441682902249 0.711274875835939 0.715932300144976 0.710217349908569 0.729064826260914 0.756096492593105 0.749482773817503 0.71060913530263 0.738895154812119 0.975728273391724 1.21622252890042 0.923720188000623 0.772915074458489 0.985257857225158 0.803839346766472 0.789736783504486 0.886635208831114 0.733775110915303 0.691030782647431 0.701016624458134 0.753270275452558 0.710909351706505 0.712219387292862 0.745573516075428 0.755254055445011 0.763857976748393 0.753411150895632 0.77899661889443 1.14992502757481 0.86565974354744 0.781657659090482 0.802654087543488 0.821004867553711 0.816152368672192 0.82528259139508 0.781664185799085 0.781707286834717 0.774012118577957 0.772882915460146 0.773859342703452 0.770624316655672 0.766541891373121 0.737768659224877 0.678556501865387 0.700471972043698 0.946822762489319 0.566827154972336 0.622633760625666 0.806764655388319 0.787954660562369 0.781081788814985 0.77289911875358 0.800844160410074 0.82910539324467 0.847942388974703 0.862318100837561 0.929610295937612 0.979453902978163 0.967810385502302 1.01415206606571 1.01199608582717 1.12977476532643
0.708302581539521 0.676233351230621 0.682516710324721 0.677576451139017 0.667625455693765 0.677012780850584 0.724678203463554 0.685826249420643 0.69034689779465 0.734664349601819 0.706934290436598 1.02934184899697 0.767460256814957 0.727395281195641 0.926768374443054 0.785456523299217 0.75739948824048 0.647781550884247 0.661870871396626 0.6950548812747 0.660178813152015 0.651320007629693 0.727921142027928 0.715384029425107 0.721315947862772 0.744305835320399 0.724861195454231 0.730756560197243 0.720218016551091 0.741007000207901 0.757411225483968 0.761457296518179 0.798468592576683 0.768077751764884 0.793671974769006 0.821570648596837 0.852972438702216 0.867503539874003 0.868872539355205 0.872718070562069 0.890459610865666 0.842235060838553 0.78139725785989 0.76371264228454 1.04035533620761 0.799110511174569 0.658515743233941 0.882773802830623 0.828854482907515 0.7472988986052 0.739760068746714 0.718535432448754 0.729359060525894 0.782208014618267 0.777631158178503 0.910899886718163 1.12468816913091 1.08092319736114 1.24237526838596 1.35839309142186 1.50869686901569 1.62240149424626
0.629174427344249 0.606032083813961 0.600155085325241 0.585179097273133 0.600673673244623 0.597536131739616 0.614510701252864 0.582390405810796 0.6403689292761 0.611512128263712 0.636576041579247 0.624367140233517 0.614979732781649 0.691943035675929 0.80870236158371 0.698455658555031 0.706258250400424 0.675482617691159 0.669683620333672 0.644986714236438 0.561802366375923 0.587017642334104 0.624876762740314 0.698045927744645 0.711550437487089 0.765329532898389 0.778485692464388 0.77360918200933 0.799767783054939 0.831345416032351 0.79004054573866 0.777150750160217 0.751086748563326 0.779596821619914 0.822223979693193 0.891010646636669 0.922386488089195 0.900436039154346 0.87314793238273 0.971543312072754 1.1008640390176 1.2691617332972 1.00494037683193 0.963304852063839 0.925160366755265 0.919476153758856 0.857812450482295 0.85689180630904 0.800371383245175 0.726461710838171 0.719697633614907 0.690080193372873 0.645206987857819 0.993721563707698 0.784894775260579 1.15391124211825 1.58069218122042 1.62766917393758 1.78057065835366 1.71026595739218 1.86163936768259 2.04885871211688
0.581755375632873 0.50876788388599 0.547192045129262 0.529873344760675 0.526336102531507 0.480153291271283 0.493420944764064 0.514514634242425 0.547828316688538 0.60738318040967 0.669131466975579 0.579706683754921 0.548603262752295 0.992517024278641 0.83394156740262 0.677967120821659 0.677907039339726 0.669905662536621 0.581948642547314 0.585547224618495 0.625707532279193 0.65420038998127 0.680723994970322 0.70654154419899 0.81017775948231 0.910097101560006 0.886502492886323 0.902962233011539 0.925777941942215 0.924642597253506 0.901657475874974 0.86767733326325 0.957182111648413 1.0515211728903 1.17354060365604 1.19286523873989 1.02745310618327 1.01647829092466 1.0357672388737 1.00123736720819 0.973012351072752 1.05363174126698 1.05627646813026 1.0178723862538 0.976032009491554 0.971408685812583 0.859917688828248 0.82010209101897 0.991921216249466 1.03547701239586 0.997446822268622 1.00981779511158 0.967682036486539 1.39572357318618 1.53689241951162 1.65523673937871 2.37807394640289 -9999 -9999 -9999 -9999 -9999
0.525502242825248 0.515912861986594 0.514024267976101 0.500293617065136 0.48503607740769 0.495057888329029 0.48352524638176 0.46833531673138 0.473154455423355 0.444376106445606 0.472379647768461 0.548360121521083 0.504049323499203 0.539106756448746 0.571510379131024 0.561017897266608 0.539901862923916 0.526619382202625 0.540552246384323 0.708557707071304 0.759153753519058 0.770199509337544 0.751666261681489 0.764195431955159 0.750680616125464 1.49749374389648 1.41103166341782 1.44120855331421 1.530403477805 1.0586846447908 1.01553620971166 1.14542514544267 1.12263822555542 1.36219149827957 1.39610898036223 1.31273072957993 1.07062228367879 1.03129364435489 0.99712935090065 0.938645736529277 0.92501065822748 0.940380850663552 1.05308007276975 1.08301703288005 1.04667734412047 0.978917784415758 0.813249005721166 0.786142910902317 0.998100250959396 1.28741225600243 1.4150807261467 1.33506766649393 1.6219011165879 13.3499728105962 1.69575573674968 -9999 -9999 -9999 -9999 -9999 -9999 -9999
0.498384743928909 0.495248848199844 0.492377840555631 0.484708098264841 0.471976332939588 0.478130420813194 0.472297279880597 0.478131182491779 0.401478751139207 0.450271133333445 0.535181384194981 0.539964071728966 0.499112237244844 0.440967437624931 0.456117144227028 0.514536968790568 0.532160663833985 0.600007608532906 0.744234738605363 0.740720024475685 0.744995534420013 0.833558734506369 0.761968581005931 0.72077330108732 0.764843353070319 1.35441452790709 1.05942073038646 1.03907017835549 1.46526029089402 -9999 -9999 -9999 -9999 -9999 -9999 3.14426672458649 1.17599250720097 1.10053448493664 0.977046118332789 0.928073541476176 0.937570019410207 0.940932505405866 0.938654340230502 0.941087495822173 1.09521895188552 0.951614196483906 0.910508215427399 0.875119555454988 0.857220466320331 1.94171992861308 2.01647461377657 2.00146374106407 1.86375744526203 1.9762424826622 1.97624230384827 -9999 -9999 -9999 -9999 -9999 -9999 -9999
0.454920896887779 0.455435094237328 0.563660636544228 0.483503078038876 0.483272954821587 0.487293472656837 0.457344984635711 0.453700862824917 0.432999741286039 0.437834244221449 0.395044019953771 0.359884222122756 0.451530779711902 0.451362292282283 0.480956643819809 0.474655486643314 0.514991782032526 0.549304329431974 0.722818627953529 0.824752621925794 0.791510299994395 0.710716679692268 0.690350663848221 0.755902505479753 0.776189150288701 0.959091302007437 0.993945958358901 0.990422953452383 1.66884617010752 -9999 -9999 -9999 -9999 -9999 -9999 -9999 2.76919826635948 2.76172385765956 1.52604541870264 1.05690036370204 1.03939264324995 0.92635375719804 0.904562026262283 0.813050948656522 1.16620030540686 0.978111237287521 1.11990547409424 0.978647500276566 0.989403440402104 2.020083963871 2.38367169636946 2.48894501649416 -9999 -9999 -9999 -9999 -9999 -9999 -9999 -9999 -9999 -9999
0.502936292971883 0.470826289057732 0.518147579261235 0.504223716946749 0.474218133550424 0.481660328232325 0.447716397317973 0.483045548200607 0.471175499260426 0.480659063905478 0.473850946873426 0.486945178359747 0.501989241689444 0.475696608424187 0.477101198755778 0.474520889612345 0.488637623878626 0.506573688983917 0.779311138849992 1.17030407579578 0.89071759373158 0.729799802486713 1.00920118888219 0.742753635160625 0.881051760166883 1.06470436922141 0.955823900444167 1.05220062457598 1.83165707190832 -9999 -9999 -9999 -9999 -9999 -9999 -9999 5.38176994140332 2.10579660534859 3.41285243630409 3.38182532787323 3.35350939631462 1.23169406560751 1.47167134284973 1.8957871645689 1.43731324374676 1.18159878253937 1.26715526214013 1.06877608482654 1.87864276766777 2.22444003820419 2.351243019104 2.90881864841168 3.59233539104462 -9999 -9999 -9999 -9999 -9999 -9999 -9999 -9999 -9999
0.563451854082254 0.518260481102126 0.497106601084982 0.506571110624533 0.489547326014592 0.446395844221115 0.49308519409253 0.490459658778631 0.48056632394974 0.495312944054604 0.496098753064871 0.499465115368366 0.528785984963179 0.515563804369706 0.505248465217077 0.500906945421145 0.478020928226984 0.482768068090081 0.534959164448082 0.567538433350049 0.702708899974823 0.69982979618586 0.828150604452406 1.27477132678032 1.37112327218056 0.957668544990676 0.942504286766052 1.01906623797757 1.0679250061512 2.22927435961637 -9999 -9999 -9999 -9999 -9999 -9999 -9999 6.45434349775314 4.82580608129501 1.82389330282444 1.70712407277181 1.68482467532158 2.04654073256713 3.86739104134696 2.41020110249519 2.02539014816284 3.43015372753143 2.21695297956467 2.23682528734207 2.54090523719788 2.96674678417353 3.06626137403341 4.30796038107857 -9999 -9999 -9999 -9999 -9999 -9999 -9999 -9999 -9999
0.477363753318787 0.493706393454756 0.529394670174672 0.497139074481451 0.495510278986051 0.494675997644663 0.493041750043631 0.506664231419563 0.515242207508821 0.462641056627035 0.515408232808113 0.517216667532921 0.495657142996788 0.511790410830424 0.483081576015268 0.500648996004691 0.489769819378853 0.516097356565297 0.536058383993804 0.552766611533506 0.539506501385144 0.548961815025125 0.587722768740995 1.56558467149734 0.908330862011228 0.95106537427221 1.08324442918484 1.08290953819568 1.34568736808641 1.17675311565399 -9999 -9999 -9999 -9999 -9999 -9999 -9999 -9999 -9999 -9999 -9999 -9999 -9999 -9999 -9999 -9999 3.65490746498108 7.2450385093689 12.840786986053 3.32182506511086 -9999 -9999 -9999 -9999 -9999 -9999 -9999 -9999 -9999 -9999 -9999 -9999
0.585486754775047 0.489524701237678 0.485885989665985 0.529065894809636 0.533089236779646 0.541525580666282 0.53535435822877 0.527363785288551 0.530822327191179 0.537802012129263 0.493279346823692 0.560306623578072 0.505575460195541 0.539752996393613 0.506911515125207 0.490200858031 0.487236388027668 0.555784492330118 0.561256548220461 0.536786182360216 0.479390881955624 0.554827534726688 0.668152985828263 0.919235551357269 -9999 -9999 -9999 1.03433943539858 1.04496733099222 0.983530707657337 1.17931387041296 -9999 -9999 -9999 -9999 -9999 -9999 -9999 -9999 -9999 -9999 -9999 -9999 -9999 -9999 -9999 -9999 -9999 -9999 -9999 -9999 -9999 -9999 -9999 -9999 -9999 -9999 -9999 -9999 -9999 -9999 -9999
0.518792241811752 0.514620763063431 0.512394288182259 0.498779091238976 0.543270009756088 0.598808396321077 0.451791170239449 0.578953438438475 0.566403199325908 0.562575061212886 0.510287404060364 0.53251693546772 0.649045025760477 0.594638244672255 0.780290991067886 0.52405016801574 0.512781882827932 0.578717639500445 0.593564584851265 0.564128942110322 0.390350050292909 0.443525992333889 0.547370441257954 0.862283540623529 1.12660684952369 0.935788705945015 0.919256003839629 1.33864245089618 1.14010367542505 1.33676737546921 1.56580147834925 2.11849869325243 -9999 -9999 -9999 -9999 -9999 -9999 -9999 -9999 -9999 -9999 -9999 -9999 -9999 -9999 -9999 -9999 -9999 -9999 -9999 -9999 -9999 -9999 -9999 -9999 -9999 -9999 -9999 -9999 -9999 -9999
0.531420061534101 0.5368292927742 0.518067294359207 0.522399455308914 0.563485953211784 0.608048471622169 0.62400514818728 0.658022671937943 0.621939946304668 0.585860243439674 0.597704699635506 0.715273496779529 0.681578571146185 0.839705228805542 0.811521023511887 0.567682434212078 0.613484046675942 0.610072492198511 0.614525101401589 0.558094361966306 0.546763443134048 1.34035795927048 1.41614922881126 1.47573602199554 0.89525813290051 0.926168554595539 0.91625400526183 1.07302391987581 0.757028069347143 1.37440723180771 1.69450324773788 2.10441472584551 -9999 -9999 -9999 -9999 -9999 -9999 -9999 -9999 -9999 -9999 -9999 -9999 -9999 -9999 -9999 -9999 -9999 -9999 -9999 -9999 -9999 -9999 -9999 -9999 -9999 -9999 -9999 -9999 -9999 -9999
0.52716176211834 0.522602921182459 0.53970133960247 0.61565350368619 0.590418121777475 0.654408153891563 0.647668486833572 0.811050466515801 0.779348194599152 1.19120398163795 1.19132396578789 1.22975474596024 1.10824871063232 1.19498401880264 1.1738977432251 0.677719912745736 0.659935164180669 0.779663264751434 0.709413556890054 0.975935965776443 0.567767255008221 1.36915647983551 1.44570600986481 0.914179598743265 1.0970189081771 0.838487975299358 0.702404793351889 1.34099623560905 1.37154498696327 1.01068383726207 1.47355494541781 -9999 -9999 -9999 -9999 -9999 -9999 -9999 -9999 -9999 -9999 -9999 -9999 -9999 -9999 -9999 -9999 -9999 -9999 -9999 -9999 -9999 -9999 -9999 -9999 -9999 -9999 -9999 -9999 -9999 -9999 -9999
