EcologicalScience/Bass/data/rs_data_bass/chl_459.asc
NCOLS 226 
NROWS 124 
XLLCORNER -9.41648524995501 
YLLCORNER 47.587301625531 
CELLSIZE 0.0833 
NODATA_value -9999 
[rows 54 to 80 of 124, columns 0 to 61 of 226]
-9999 -9999 -9999 -9999 -9999 -9999 -9999 -9999 -9999 -9999 -9999 -9999 -9999 -9999 -9999 -9999 -9999 -9999 -9999 -9999 -9999 -9999 -9999 -9999 -9999 -9999 -9999 -9999 -9999 -9999 -9999 -9999 -9999 -9999 -9999 -9999 -9999 -9999 5.59953260350512 5.77557750046253 1.96739715024045 2.55222061872482 1.9380250275135 1.83546674251556 1.82084664702415 1.74613764882088 1.51505550742149 1.3356511933463 1.46485381467002 1.60317908866065 1.69911369681358 1.7450826210635 1.91363059197153 2.10565720285688 2.19735035726002 2.46872970036098 2.77857074370751 3.04462557572585 -9999 0.607058599591255 0.62790758907795 3.18707998939182
-9999 -9999 -9999 -9999 -9999 -9999 -9999 -9999 -9999 -9999 -9999 -9999 -9999 -9999 -9999 -9999 -9999 -9999 -9999 -9999 -9999 -9999 -9999 -9999 -9999 -9999 -9999 -9999 -9999 -9999 -9999 -9999 -9999 -9999 -9999 -9999 -9999 -9999 -9999 2.20978053591468 3.28078685087316 2.50862488746643 2.32054191827774 2.19437626004219 1.90607249736786 1.68435519933701 1.45666761696339 1.43879870857511 1.08852483217533 1.51592800446919 1.54335491997855 1.69545016969953 1.79967795099531 1.92182114124298 2.21255024671555 2.43027477264404 2.603941655159 3.27396829968932 -9999 -9999 -9999 -9999
-9999 -9999 -9999 -9999 -9999 -9999 -9999 -9999 -9999 -9999 -9999 -9999 -9999 -9999 -9999 -9999 -9999 -9999 -9999 -9999 -9999 -9999 -9999 -9999 -9999 -9999 -9999 -9999 -9999 -9999 -9999 -9999 -9999 -9999 -9999 -9999 -9999 -9999 -9999 -9999 2.80101478099823 2.62233227491379 2.26155897974968 2.27113276720047 2.08531460165977 1.64923989772797 1.79776625122343 1.62423785243716 3.20759582519531 2.36120438575745 1.40795999765396 1.60777698755264 1.90364660024643 2.10637811422348 2.18913964033127 2.39302976131439 2.5275518859134 2.32576619877535 1.78429841995239 -9999 -9999 -9999
-9999 -9999 -9999 -9999 -9999 -9999 -9999 -9999 -9999 -9999 -9999 -9999 -9999 -9999 -9999 -9999 -9999 -9999 -9999 -9999 -9999 -9999 -9999 -9999 -9999 -9999 -9999 -9999 -9999 -9999 -9999 -9999 -9999 -9999 -9999 -9999 -9999 -9999 -9999 -9999 2.56651499638191 2.93228700757027 2.75030815601349 2.69225692749023 2.52006036043167 2.17491674423218 2.04040511165346 2.03395409243447 1.69675658430372 1.72011653014592 1.1711559176445 1.64236092567444 2.04346206784248 2.23517447710037 2.13585780858994 2.16978843212128 2.45780217647552 2.30711592946734 2.80342093285392 2.78547966480255 2.49742272011069 -9999
-9999 -9999 -9999 -9999 -9999 -9999 -9999 -9999 -9999 -9999 -9999 -9999 -9999 -9999 -9999 -9999 -9999 -9999 -9999 -9999 -9999 -9999 -9999 -9999 -9999 -9999 -9999 -9999 -9999 -9999 -9999 -9999 -9999 -9999 -9999 -9999 -9999 -9999 -9999 -9999 2.53603164491982 3.47079420089722 2.32427823543549 2.86214438080788 2.23427288807355 2.41880479880742 3.38761470999037 2.0590894818306 1.67749124765396 1.58841043710709 1.24864201886313 1.62068665879113 1.70159204517092 1.95030294145857 2.08426687972886 2.08756672484534 2.27804282733372 2.44057422024863 2.70665122270584 2.94124038429821 1.81618598374453 -9999
-9999 -9999 -9999 -9999 -9999 -9999 -9999 -9999 -9999 -9999 -9999 -9999 -9999 -9999 -9999 -9999 -9999 -9999 -9999 -9999 -9999 -9999 -9999 -9999 -9999 -9999 -9999 -9999 -9999 -9999 -9999 -9999 -9999 -9999 -9999 -9999 -9999 -9999 -9999 -9999 -9999 2.11494743824005 2.44951591124901 2.55064140558243 2.88641926646233 2.51114094257355 2.20761941160475 1.60611419166837 1.56506387676511 1.35909524559975 1.25299970167024 1.33179198503494 1.8058753481933 1.86948507172721 2.0184191593102 2.20505481499892 2.50947662500235 2.77566512141909 3.01764211484364 1.49189863018692 -9999 -9999
-9999 -9999 -9999 -9999 -9999 -9999 -9999 -9999 -9999 -9999 -9999 -9999 -9999 -9999 -9999 -9999 -9999 -9999 -9999 -9999 -9999 -9999 -9999 -9999 -9999 -9999 -9999 -9999 -9999 -9999 -9999 -9999 -9999 -9999 -9999 -9999 -9999 -9999 -9999 -9999 3.30055958032608 2.57398188114166 2.52955738306045 2.01174116134644 2.57437983155251 2.23438695073128 2.29716154932976 1.75865516066551 1.45996870100498 1.41987861692905 1.39871561101505 1.39559106741633 1.77799426632769 1.92167051938864 2.02863636842141 2.2661981353393 2.50913041371566 -9999 -9999 2.33458462357521 2.67498737946153 2.97704120725393
-9999 -9999 -9999 -9999 -9999 -9999 -9999 -9999 -9999 -9999 -9999 -9999 -9999 -9999 -9999 -9999 -9999 -9999 -9999 -9999 -9999 -9999 -9999 -9999 -9999 -9999 -9999 -9999 -9999 -9999 -9999 -9999 -9999 -9999 -9999 -9999 -9999 -9999 -9999 2.04164331099566 1.96108009184108 2.57749763131142 2.21767991781235 2.03086504340172 1.64451482892036 1.75817334651947 1.6237436234951 1.55288846790791 1.43809613585472 1.54406516253948 1.33988163471222 1.44432170115984 1.48174001620366 1.93860894441605 2.0675250235945 2.55349888801575 2.51712705538823 2.17370323034433 2.187626852439 2.38394054999718 2.32504258247522 2.48947734557665
-9999 -9999 -9999 -9999 -9999 -9999 -9999 -9999 -9999 -9999 -9999 -9999 -9999 -9999 -9999 -9999 -9999 -9999 -9999 -9999 -9999 -9999 -9999 -9999 -9999 -9999 -9999 -9999 -9999 -9999 -9999 -9999 -9999 -9999 -9999 -9999 -9999 -9999 -9999 2.65790913999081 2.66652964353561 2.51564408540726 2.07031577825546 1.77825379371643 1.539057970047 1.39752450585365 1.42534541232245 1.51402930702482 1.51114441016141 1.36426008939743 1.28434056043625 1.40351799818186 1.35779451865416 1.90616923570633 1.92446196996249 2.50258565694094 2.62837812533745 2.66320860385895 2.17744577847994 2.35999821699583 2.47978344330421 2.43652557409727
-9999 -9999 -9999 -9999 -9999 -9999 -9999 -9999 -9999 -9999 -9999 -9999 -9999 -9999 -9999 -9999 -9999 -9999 -9999 -9999 -9999 -9999 -9999 -9999 -9999 -9999 -9999 -9999 -9999 -9999 -9999 -9999 -9999 -9999 -9999 -9999 -9999 -9999 4.26196673241529 2.04470461606979 2.10161046981812 1.88161100149155 1.78712832927704 1.63094247579575 1.30131211025374 1.43051142351968 1.30077537298203 1.31327950954437 1.33505831956863 1.26866478919983 1.70377537608147 1.37481763271185 1.58827078342438 1.56422758560914 1.60644411123716 1.89306199550629 2.24366044572421 2.13326806202531 2.26765875890851 2.28112920889488 2.59945715591311 2.62518098205328
-9999 -9999 -9999 -9999 -9999 -9999 -9999 -9999 -9999 -9999 -9999 -9999 -9999 -9999 -9999 -9999 -9999 -9999 -9999 -9999 -9999 -9999 -9999 -9999 -9999 -9999 -9999 -9999 -9999 -9999 -9999 -9999 -9999 -9999 -9999 -9999 -9999 -9999 2.03410913050175 1.92922512441874 2.00090138401304 1.82842921359198 1.41595898355756 1.40092037405287 1.22062194347382 1.23351317644119 1.2945355296135 1.40045807361603 1.26159061193466 1.16291041374207 1.65618413686752 1.70984535950881 1.4206422659067 1.77377369999886 1.63855947897984 1.65382322855294 1.86818159478051 2.15687943696976 2.25623041391373 2.01588466018438 2.31457678760801 2.70604209338917
-9999 -9999 -9999 -9999 -9999 -9999 -9999 -9999 -9999 -9999 -9999 -9999 -9999 -9999 -9999 -9999 -9999 -9999 -9999 -9999 -9999 -9999 -9999 -9999 -9999 -9999 -9999 -9999 -9999 -9999 -9999 -9999 -9999 -9999 -9999 -9999 -9999 11.6637884251615 1.97684181588037 1.81628005845206 1.84352568217686 1.6663521868842 1.33267189775194 1.34846139805658 1.36582440989358 1.25108821392059 1.28843866586685 1.2250898901154 1.16331343089833 1.09041570033878 1.27215874019791 1.49743169546127 1.59935858319787 1.64408828105245 1.71256143706185 1.79001732383456 1.87688326835632 2.44386711716652 2.25073574270521 2.42904486726312 2.35043153592518 2.71260549340929
-9999 -9999 -9999 -9999 -9999 -9999 -9999 -9999 -9999 -9999 -9999 -9999 -9999 -9999 -9999 -9999 -9999 -9999 -9999 -9999 -9999 -9999 -9999 -9999 -9999 -9999 -9999 -9999 -9999 -9999 -9999 -9999 -9999 -9999 -9999 -9999 -9999 2.26332283871514 2.18571061747415 1.8430603316852 1.66618836777551 1.4893348472459 1.31747935499464 1.32177847623825 1.36366765839713 1.38472754359245 1.36765336990356 1.21037582159042 3.94391906261444 5.45922303199768 1.37678405642509 1.53151037587839 1.59855843441827 1.75516186441694 1.8560996225902 1.84128741707121 1.93846026062965 2.45848909020424 2.54523977637291 2.58053829840251 2.7948876959937 3.14838649545397
-9999 -9999 -9999 -9999 -9999 -9999 -9999 -9999 -9999 -9999 -9999 -9999 -9999 -9999 -9999 -9999 -9999 -9999 -9999 -9999 -9999 -9999 -9999 -9999 -9999 -9999 -9999 -9999 -9999 -9999 -9999 -9999 -9999 -9999 -9999 -9999 2.56728529930115 2.31360128096172 2.18058716399329 1.59122473852975 1.46384418010712 1.3093752520425 1.26682318108422 1.16005276143551 1.32830347333636 1.26170695679528 1.27055676494326 1.15237008333206 1.36093086004257 1.39392748475075 1.46462023258209 1.60113408310073 1.7935999759606 1.87278945105416 1.8990332697119 1.93222535082272 1.981286747115 2.44952135426658 2.53415554761887 2.66538482052939 3.18337629522596 3.54662995679038
-9999 -9999 -9999 -9999 -9999 -9999 -9999 -9999 -9999 -9999 -9999 -9999 -9999 -9999 -9999 -9999 -9999 -9999 -9999 -9999 -9999 -9999 -9999 -9999 -9999 -9999 -9999 -9999 -9999 -9999 -9999 2.07145982980728 1.64447347819805 -9999 2.10493344068527 2.10193938095664 2.05836866299311 1.6315306186676 1.61075114352363 1.45687191826957 1.26548399244036 1.27953863995416 1.30693932090487 1.3144251363618 1.28805784668241 1.27841808966228 1.29808039324624 1.36306896380016 1.34507435560226 1.54314637184143 1.78648987412453 2.06635947525501 2.22068399190903 1.83226134947368 2.32197180390358 2.2446217238903 2.33536836504936 2.54413193464279 2.81547357354845 3.07063482488905 3.22439029812813 3.52268314361572
-9999 -9999 -9999 -9999 -9999 -9999 -9999 -9999 -9999 -9999 -9999 -9999 -9999 -9999 -9999 -9999 -9999 -9999 -9999 -9999 -9999 -9999 0.346259817481041 2.42073128223419 2.47130532264709 2.49403274059296 2.42523534297943 2.33588330745697 3.09959176182747 2.07677060365677 1.92521774768829 1.69597725570202 1.780557051301 1.61104649305344 1.63277439773083 1.78716733625957 1.62508824041912 1.50692635774612 1.30574916090284 1.20137146966798 1.17369468723025 1.21734224898475 1.24951496294567 1.28710489613669 1.31549676827022 1.32063618728093 1.16699886322021 1.23960103988647 1.49886935949326 1.5739266872406 1.69905446469784 2.09737046062946 2.3188901245594 2.08057450652122 2.06954999480929 2.84099069237709 2.91487383842468 3.45112198591232 2.48203865920796 -9999 -9999 -9999
-9999 -9999 -9999 -9999 -9999 -9999 -9999 -9999 -9999 -9999 -9999 -9999 -9999 -9999 -9999 -9999 -9999 -9999 -9999 -9999 -9999 -9999 2.39834429820379 2.29167446494102 1.75387912988663 1.72165868282318 1.68300366401672 1.71855490207672 1.98176139593124 1.62967050075531 1.62885372340679 1.64055785536766 1.47202236950397 1.47916728258133 1.37714892625809 1.5482684969902 1.48517686128616 1.2799551486969 1.18432770456587 1.1449832873685 1.14397480232375 1.22984078100749 1.24060663155147 1.23077697413308 1.28746285608837 1.45843025616237 1.68808972835541 1.75771683454514 1.89386022090912 1.76972664892673 1.88105919957161 1.95135712623596 2.15246620774269 3.03143859260223 2.43305853009224 -9999 -9999 -9999 -9999 -9999 -9999 -9999
-9999 -9999 -9999 -9999 -9999 -9999 -9999 -9999 -9999 -9999 -9999 -9999 -9999 -9999 -9999 -9999 -9999 -9999 -9999 1.14981371309699 1.9597873489062 1.15031359195709 1.09458776712418 1.09327158927917 1.02496852874756 1.02503250539303 1.0326447725296 1.02888265252113 1.05179305076599 1.05946125090122 1.09560115635395 1.19069628417492 1.29928497970104 1.1263701915741 1.19392763078213 1.2931339272431 1.21377678854125 1.16124494586672 1.14972851872444 1.10715361833572 1.1315936923027 1.15888000386102 1.1553772687912 1.19543731212616 1.22747829130718 1.44926655292511 1.88808430092675 2.08708798885345 2.00178864598274 2.71944556236267 1.97630998492241 -9999 -9999 -9999 -9999 -9999 -9999 -9999 -9999 -9999 -9999 -9999
-9999 -9999 -9999 -9999 -9999 -9999 -9999 -9999 -9999 -9999 -9999 -9999 -9999 -9999 -9999 -9999 -9999 1.32205501198769 2.50670394301414 2.16578903198242 1.39763171532575 1.00012474656105 0.951371747255325 0.931840670108795 0.947465693950653 0.96567752212286 0.79856721162796 0.7710180580616 0.797045344114304 0.894859952961697 0.903929248452187 0.78274422287941 0.885449004173279 0.999942511320114 1.14511264647756 1.17510256596974 1.16972957764353 1.06483771204948 0.998251497745514 0.962905812263489 0.932820761203766 0.965148603916168 1.04879989794322 1.20343898023878 1.37949731520244 1.70027732849121 1.97690220390047 2.48484704324177 1.98302419619127 2.0643760507757 1.88442920012908 -9999 -9999 -9999 -9999 -9999 -9999 -9999 -9999 -9999 -9999 -9999
-9999 -9999 -9999 -9999 -9999 -9999 -9999 -9999 -9999 -9999 -9999 -9999 -9999 -9999 1.26011028359918 1.27564826980233 1.26591713726521 1.38876961357892 1.6955680847168 1.2876258417964 1.26776254177094 1.06651691347361 1.01267585903406 0.919266676902771 0.948316097259521 0.920599442720413 0.790192555636168 0.705335548945836 0.798453652858734 0.818393411005244 0.687910260166973 0.897704046438722 0.716390398330986 0.750519923865795 1.12782463431358 1.25562470299857 1.37744146585464 1.31279402119773 1.00010985732079 0.908402252197266 0.987366896867752 1.03035268485546 1.06222048401833 1.19579631941659 1.34970813989639 1.61564142363412 1.79198384284973 1.93233914034707 1.97785607406071 1.90976109674999 1.90501803159714 1.98602020740509 -9999 -9999 -9999 -9999 -9999 -9999 -9999 -9999 -9999 -9999
-9999 -9999 -9999 -9999 -9999 -9999 -9999 -9999 -9999 -9999 -9999 3.58897544145584 1.37590509653091 1.49298255890608 1.17196589708328 1.0255724620074 0.880305952885572 1.10949189774692 0.977855960838497 0.796759175903657 0.75711383856833 3.22857796400785 0.93425755415644 0.727332768961787 0.724538259208202 3.15697302594781 0.810479309409857 1.26012174670513 0.810846721424776 0.834190822699491 0.674830308731864 0.734769715927541 0.842458923657735 0.877560270183227 1.16547376513481 1.17237031459808 1.15579018592834 0.898211278459605 0.869404792785645 0.965685895085335 1.02406937777996 0.99961950480938 1.01480042338371 1.16083510432925 1.31333718448877 1.61113587447575 1.89864369801113 1.97729955400739 1.84262663125992 2.12332981824875 1.56278377771378 -9999 -9999 -9999 -9999 -9999 8.98934555053711 2.45214557647705 2.27729714230487 2.38718279600143 2.31762018329219 -9999
-9999 -9999 -9999 -9999 -9999 -9999 -9999 -9999 -9999 1.38093972206116 1.37565135955811 1.20301409065723 0.979173321276903 0.753111336161108 0.758917755940381 0.723863382549847 0.768513358691159 0.736215749207665 0.730937724604326 1.00646097958088 0.967627658293797 0.743593778461218 0.716572590172291 0.794122955203056 0.816242232918739 0.736542358117945 1.40995807732855 1.2502672041838 1.75097287297249 2.18951356038451 0.834548483602703 0.862163624726236 0.751455260440707 0.947389307267526 0.974995819961324 1.00662945386241 1.01950616345686 0.946242606639862 0.919348803162575 0.945987271911958 0.994701173901558 0.983855384588242 1.10263933539391 1.34820016622543 1.3388112442834 1.27125188335776 1.49384513497353 1.78831712007523 1.61618047101157 2.09290393761226 2.04123446345329 1.97583746910095 1.90541938940684 3.08682775497437 2.73142554759979 2.72908080816269 2.61039400100708 2.76608932869775 2.60644838639668 2.76976224354335 2.01361070808611 -9999
-9999 -9999 -9999 -9999 -9999 1.21092622687942 1.23121811449528 1.15352695807815 1.12711607664824 1.09713814407587 1.04490267112851 1.14051751792431 1.06759198755026 1.03208995610476 1.04945323616266 1.04817409068346 1.02058985084295 0.99567673355341 1.00760250538588 0.986636174412874 0.979388752808938 0.679770480841398 0.80160870552063 0.789476689696312 0.930255724226727 0.668894117369371 1.35549737856938 1.38649881311825 1.38071908056736 1.15818625425591 0.966717598959804 0.941719195246697 0.937737482786179 0.802141408436 0.957749256491661 1.02291276086779 1.02119987063548 0.867951446212828 0.948773413896561 0.878299963474274 0.883930519223213 0.944441869854927 0.954131260514259 1.01142700910568 0.988883686065674 1.18032126341547 1.23552332179887 1.3641057908535 1.57403762851443 1.74405527114868 2.24200916290283 2.39659978662218 2.69424753529685 2.31506592035294 2.38839948177338 2.48663252592087 2.48713014125824 2.55462807416916 2.90884668827057 2.94343223571777 3.07971591608865 2.72988072037697
-9999 -9999 -9999 -9999 -9999 1.12071292216961 1.12100352232273 0.965149760246277 0.932188380509615 1.15210103300902 1.15490293732056 1.05310685187578 1.05887697637081 1.05498714745045 1.00471986830235 1.00337436050177 1.0060964897275 0.984474420547485 1.04856370389462 1.00897912681103 0.81736064851284 0.866952565312386 0.918026246130466 0.966866963077337 1.01105915475637 1.03280084010433 0.759423578778903 0.713770652810732 0.596631838118329 0.785033997148275 1.09623382372015 1.1070431155317 1.0540334969759 0.961551108956337 1.03855314500192 0.976428027538692 0.892408803105354 0.909013785860118 0.840147149562836 0.881186091899872 0.950192686915398 0.974459838867188 0.98221125304699 0.948175674676895 1.09148773375679 1.11306642609484 1.21647687894957 1.33086677108492 1.44166305235454 1.56169872624534 1.7049612062318 1.68825969099998 1.79849390983582 1.8787695646286 2.13571372032166 2.0586681842804 2.28609154905592 2.43216764075415 2.33200005974088 2.42481404542923 3.47646285295486 3.12008788436651
-9999 -9999 -9999 -9999 -9999 1.10758622126146 1.05940727754073 0.941985973945031 1.2381614819169 1.20845407247543 1.07161539047956 1.06700965762138 1.09528009593487 1.1431889757514 1.09702871739864 1.05262763053179 1.05790724605322 1.08166162669659 1.13426584750414 1.15194223076105 1.06576576083899 0.921727736480534 0.978262287564576 1.0253226282075 0.967801180668175 0.876064044423401 0.891192206181586 0.753651514649391 0.738210240999858 0.889546957612038 0.97372664809227 0.994112384319305 0.998880913853645 0.970194026827812 0.924981424212456 0.74249076630388 0.712896579190304 0.853022423386574 0.882001805305481 0.915961638092995 0.963831424713135 0.968848639726639 0.852116142000471 0.936195178943522 0.965942328467089 1.05196663141251 1.10316349938512 1.24537588017327 1.31832588570459 1.37615155322211 1.43223054068429 1.56776021208082 1.48720610737801 1.18983037769794 1.55221174359322 1.59957559108734 1.67158835530281 1.82758640646935 1.77599462015288 1.83662159953799 2.46428703069687 3.2602289557457
-9999 -9999 -9999 -9999 -9999 0.746387749910355 0.73496475815773 0.944345746189356 0.898968052119017 0.928238846361637 0.922007519751787 0.950755141675472 1.05143505707383 1.01549837738276 0.964669293724 1.11802203208208 1.01235058531165 1.14431362599134 1.11697161197662 1.116315767169 1.07568412274122 1.06324119865894 0.986344501376152 1.0236139819026 1.01837590523064 1.0281157689169 0.971343451738358 0.93639107644558 0.936557677388191 0.935275331139565 0.992449307441712 0.960806688666344 0.914900894675936 0.935117107629776 0.937572777271271 0.887284371256828 0.833843404054642 0.879855769872665 0.75914541631937 0.812315041199327 0.845891246572137 0.723924432482038 0.865621939301491 0.924437999725342 0.918467302532757 0.993095345356885 1.0544047267998 1.22439467310905 1.20645121335983 1.24607867002487 1.29107608795166 1.28184834122658 1.52087756532889 1.5666429904791 1.6875409759008 1.63637880682945 1.62810174226761 1.59435168504715 1.59162314874785 1.77444436720439 2.02912846633366 3.61066398620605
-9999 -9999 -9999 -9999 -9999 0.660579311497071 0.688095505038897 0.823470842093229 0.827169626951218 0.832903038178171 0.999742522835732 0.99600113555789 1.01493832841516 1.01173114031553 1.02247675135732 0.962985631610666 0.961949270750795 1.00500163755247 1.02488123199769 1.05782294645905 1.12258381109971 1.02129578590393 1.03416920732707 1.01915752142668 0.989959973841906 0.975748708471656 0.982815170288086 1.00450737476349 1.03794288039207 0.991940581798554 0.97032505273819 1.05048948526382 1.02801319430856 1.03690766499323 1.04876202958472 1.00905660846654 0.884161645174026 0.913438501954079 0.924933439493179 0.927876153588295 0.977002054452896 1.00159439742565 0.998363721370697 0.987468445301056 1.71232915967703 1.92593282908201 0.959574769524967 0.997520012014052 1.08356716632843 1.15881886482239 1.24166235923767 1.29177255034447 1.51722853098597 1.79330562169735 1.92111267493321 2.05649981590418 1.82685317397118 1.84513902068138 1.85475171804428 2.08490735292435 2.99232239382608 2.94925998789924
