EcologicalScience/Bass/data/rs_data_bass/chl_435.asc
NCOLS 226 
NROWS 124 
XLLCORNER -9.41648524995501 
YLLCORNER 47.587301625531 
CELLSIZE 0.0833 
NODATA_value -9999 
[rows 54 to 80 of 124, columns 124 to 185 of 226]
4.38229286670685 2.89319971203804 2.43591266870499 2.09267842769623 1.98760503530502 2.99070757627487 3.1773008108139 3.85049986839294 4.37180685997009 3.81265497207642 2.81315392255783 2.38439172506332 3.09138464927673 3.73439705371857 3.03355872631073 3.05813665688038 2.99653919041157 2.97521920502186 4.11793109402061 4.24593150615692 3.56443798542023 2.33025741577148 3.69922100007534 7.36392715573311 5.90420781075954 6.21647433936596 6.24703095853329 6.42383815348148 6.42941808700562 6.03878045082092 6.51309156417847 6.97887682914734 6.62632584571838 6.81550669670105 8.07958745956421 8.47917866706848 5.87862074375153 5.45568072795868 4.46959125995636 4.76904237270355 4.83187651634216 6.68056726455688 5.74118113517761 4.57821822166443 4.30660665035248 4.61292600631714 4.96588289737701 6.14596581459045 8.7311897277832 5.94445431232452 7.57648050785065 7.89612483978271 6.53746032714844 5.14584767818451 5.41897416114807 5.37526559829712 6.24538278579712 5.91936528682709 9.71537323431535 8.52404443094553 -9999 -9999
2.40397953987122 3.92443308234215 2.51746156811714 2.28227841854095 2.20728600025177 1.76668202877045 2.28696531057358 3.03728556632996 2.88985723257065 2.99270170927048 2.62314891815186 1.7808900475502 2.40167248249054 3.11526739597321 5.39504563808441 3.58692991733551 3.11406219005585 5.41863977909088 3.80904194712639 4.99214621633291 3.93541087210178 4.51251272857189 6.21916285157204 6.97266237437725 11.5160513743758 8.91864357143641 10.2735433280468 6.6111850887537 6.65674437582493 6.81674328446388 6.7799337208271 7.1033576130867 7.65034711360931 5.19706034660339 7.92694330215454 7.80512881278992 8.37558245658875 8.5340530872345 5.28898108005524 3.79414880275726 3.6165246963501 4.43677568435669 4.42671239376068 3.95536065101624 4.08438885211945 4.84764754772186 7.14459443092346 9.82910013198853 12.1883769035339 9.98205238580704 7.29159429073334 6.04018521308899 6.37645697593689 6.30096244812012 6.13084173202515 6.41210317611694 10.5720698833466 -9999 -9999 -9999 -9999 -9999
2.64817947149277 2.59173220396042 2.28920781612396 2.25795596837997 2.13713854551315 2.08088332414627 1.88010066747665 2.00401121377945 2.09791052341461 2.16520875692368 2.74442991614342 3.85301104187965 4.23549449443817 4.02905783057213 4.25508463382721 4.09531581401825 3.9815526008606 6.25268769264221 4.97778081893921 6.17916190624237 2.85169726610184 2.67821323871613 7.51070876419544 7.12996186316013 6.97884768247604 6.89496418833733 9.47806926816702 6.67474289238453 6.86301796138287 8.00865188241005 7.74184861779213 8.37940138578415 8.12719541788101 8.23595836758614 6.90922012925148 4.98829981684685 3.87146200239658 3.22774162888527 2.74731861054897 2.09949490427971 3.14749217033386 3.39036297798157 6.06048390269279 8.81577283143997 3.37102782726288 6.19354176521301 6.23110556602478 2.94546111300588 8.13020832538605 3.1567507982254 3.67401230335236 5.78348386287689 17.0453563928604 6.82975800335407 -9999 -9999 -9999 -9999 -9999 -9999 -9999 -9999
3.68496215343475 2.78264254331589 2.70280569791794 2.62175703048706 2.30674195289612 2.07281631231308 2.04707854986191 1.84330201148987 1.79125946760178 1.75009578466415 1.75697028636932 4.86936843395233 5.58035355806351 4.92154866456985 4.76616016030312 4.84924006462097 4.4047971367836 4.28960502147675 4.55159939825535 6.87768462300301 2.41543132066727 2.87544143199921 2.73938405513763 3.08579564094543 3.69481730461121 2.87139755487442 6.33832941949368 9.60380268841982 6.84967884421349 7.32617868483067 7.71366968750954 7.68539106845856 8.07449877262115 8.6479577422142 6.14959256350994 4.18734426051378 2.80628579109907 1.83058574795723 1.32406613230705 1.55056947469711 1.68730947375298 5.75275647640228 6.58064246177673 7.67434430122375 9.37287640571594 11.3972947597504 14.8471436262131 21.8016442200717 9.98347463607788 9.86501061916351 5.6148533821106 5.02180874347687 13.3114063739777 11.1730891227722 -9999 -9999 -9999 -9999 -9999 -9999 -9999 -9999
13.0443735122681 2.99443727731705 2.78614354133606 3.76520472764969 3.20902651548386 3.00511837005615 2.68117761611938 2.65508624911308 1.55179131031036 1.57156133651733 3.29277294874191 5.97907984256744 6.85096371173859 5.88292917609215 5.52487170696259 5.5079627931118 5.38389793038368 5.07023057341576 5.50174391269684 1.88116425275803 2.15805602073669 3.06539475917816 3.31409919261932 3.47272932529449 3.25795340538025 2.77515667676926 6.07997323572636 6.50588393211365 6.68199124932289 6.95849342644215 6.61115196347237 4.62497627735138 4.4831461161375 4.83590295910835 5.20702325552702 3.67621953785419 2.92027567327023 1.38256680965424 1.33931927382946 1.42650559544563 1.60251680016518 5.52491641044617 5.10197532176971 7.42173743247986 8.30098271369934 8.24841792583466 11.2495183944702 39.8386999368668 11.9760096073151 10.9124354124069 12.2448213100433 21.7094950675964 27.4487657546997 -9999 -9999 -9999 -9999 -9999 -9999 -9999 -9999 -9999
30.6714065229893 14.5396428108215 11.4699736833572 13.4022070169449 9.49869722127914 7.38859409093857 3.13976249098778 3.05138432979584 1.83678817749023 2.01407772302628 3.64342126250267 6.80472430586815 8.35841971635818 8.06715515255928 6.6741526722908 6.25084385275841 1.8980707526207 2.67892956733704 2.01702225208282 1.8119580745697 1.84533154964447 2.73287844657898 3.05957543849945 6.6972724199295 2.40424650907516 2.32634925842285 5.42145305871964 5.82151865959167 5.65798817574978 6.00817774236202 5.38267506659031 3.44682978093624 2.08393158763647 2.63922223448753 3.23218430578709 2.26986117660999 2.66391679644585 2.21649858355522 1.94983497262001 1.74195863306522 2.28020547330379 3.07542452216148 4.66204047203064 9.66064095497131 11.2317974567413 -9999 20.0448263608492 30.6989587783813 40.6128931045532 9.5832172036171 50.6984782218933 19.4041199684143 28.6144323348999 39.2940874099731 -9999 -9999 -9999 -9999 -9999 -9999 -9999 -9999
-9999 -9999 -9999 -9999 -9999 2.28387522697449 3.19128102064133 3.69512474536896 3.11187261343002 3.72088193893433 4.83194375038147 6.8437075316906 8.45592597126961 9.23488408327103 7.96834534406662 2.19138067960739 1.92314922809601 1.76732629537582 1.82680571079254 1.82500129938126 9.1197180300951 8.49136291444302 7.48784552514553 1.46500951051712 1.61087393760681 5.02712613344193 4.53130584955215 5.1513653844595 4.92377950251102 4.57112950086594 4.42592427134514 3.84235247969627 3.01988629996777 3.04875864833593 3.01638159155846 3.37465725839138 4.4602842181921 2.99789473414421 2.58606567978859 2.44857975840569 2.64188504219055 3.60454720258713 4.95516729354858 11.7296211719513 15.2192730903625 11.4388229939544 -9999 -9999 -9999 -9999 42.6866669654846 18.730477809906 20.455500125885 70.7464616775513 -9999 -9999 -9999 -9999 -9999 -9999 -9999 -9999
-9999 -9999 -9999 -9999 -9999 -9999 -9999 -9999 4.41902883847554 5.68771380186081 7.78289160132408 7.39513662457466 9.19092983007431 10.9429516196251 9.37337824702263 8.45098713040352 8.24924021959305 1.36714428663254 1.34243550896645 9.37114852666855 8.48927682638168 7.44545021653175 6.78942838311195 1.45711496472359 1.6261687874794 1.50062853097916 4.35110650956631 4.14339043200016 3.59845085442066 3.44304674863815 3.80895195901394 3.58580893278122 3.20664265751839 2.61309412121773 2.58145688474178 2.75948019325733 2.8482982814312 2.85638357698917 2.48244336247444 3.55450800061226 4.58112475275993 5.9894512295723 9.31869292259216 16.0722531080246 23.4091515541077 29.0682649612427 -9999 -9999 -9999 -9999 17.548882484436 43.5161082744598 35.9127502441406 24.9567232131958 50.0520286560059 24.0689687728882 -9999 -9999 -9999 -9999 -9999 -9999
-9999 -9999 -9999 -9999 -9999 -9999 -9999 -9999 -9999 -9999 8.6411315202713 12.3455284833908 11.9631079137325 13.3066590428352 11.8000197708607 10.6997780799866 9.66033536195755 9.57977691292763 8.9767609834671 9.47516168653965 9.03154854476452 8.40831054747105 6.95331591367722 6.43480463325977 2.71051204204559 5.10338580608368 4.09820690006018 3.29763966053724 3.37670767307281 1.47051152586937 1.37048926949501 1.40618249773979 3.01834313571453 3.16430296003819 3.42676430940628 3.45704206824303 3.05016674101353 3.06776592135429 3.23630252480507 3.42252963781357 4.07102537155151 5.38506674766541 7.57942700386047 26.015608549118 10.668898528062 -9999 -9999 -9999 -9999 -9999 -9999 -9999 8.9266309025811 14.9505114555359 16.6224775314331 11.218146443367 10.8786277770996 -9999 -9999 -9999 -9999 -9999
-9999 -9999 -9999 -9999 -9999 -9999 -9999 -9999 -9999 4.3704868555069 7.98042097091675 11.1572474241257 14.0218644142151 18.5741339921951 17.5894205421209 13.0532178282738 12.0547360181808 8.96645352244377 8.03737181425095 8.39284135401249 7.79684016108513 7.52602037787437 6.70806330442429 5.96282865107059 2.77060800790787 3.00371861457825 3.64273416996002 4.01432168483734 3.47224938869476 1.64540094137192 1.52394676208496 1.45982024073601 2.51834933459759 3.02159549295902 3.48784017562866 3.50013117492199 3.15232805907726 2.80485565960407 3.01488214731216 3.75254505872726 4.49627888202667 8.65816462039948 11.1300491094589 20.6068818569183 13.3066370591377 33.0447750091553 -9999 -9999 -9999 13.2707347869873 30.3722546696663 26.2794338464737 18.810703754425 20.3117308616638 12.8638744354248 7.71617674827576 14.3119334821348 -9999 -9999 -9999 -9999 -9999
-9999 -9999 -9999 -9999 -9999 -9999 -9999 -9999 -9999 -9999 12.9691502451897 13.1965188682079 13.1592875272036 14.5869056582451 14.6597573161125 15.4514021277428 12.8394827544689 9.02194601297379 8.37120795249939 9.002336114645 7.63521333038807 6.51983606815338 5.7232286632061 5.35777922719717 5.37082006037235 5.06990922242403 4.28656531870365 1.67392641305923 2.09211301803589 1.97456324100494 2.03307741880417 1.8972008228302 2.51728235185146 2.74037580192089 2.53128299117088 2.86198577284813 2.90409117937088 3.15465036034584 3.82062667608261 5.01294404268265 6.13477832078934 8.58913314342499 20.6894416809082 20.720715790987 7.6030548764664 -9999 -9999 -9999 -9999 -9999 12.821573416392 58.2194502353668 23.9928379058838 24.5735821723938 23.2291176795959 -9999 -9999 -9999 -9999 -9999 -9999 -9999
-9999 -9999 -9999 -9999 -9999 -9999 -9999 -9999 -9999 3.67937564849854 9.13860234618187 11.8338097929955 12.6800337284803 14.0684724748135 14.7628448605537 16.0144058763981 14.5577013492584 7.8849906027317 7.07421872019768 13.1665382198989 8.05693696439266 6.76645682752132 4.89608913660049 4.28585384041071 2.65687948465347 1.90332448482513 1.33289846777916 0.934461772441864 1.49039849638939 1.93449300527573 2.28322505950928 2.20164531469345 2.22470319271088 2.69703859090805 2.75128577649593 2.92946130037308 3.16594621539116 4.02586770057678 5.22294241189957 6.27073609828949 6.48022091388702 11.6836838722229 23.4540724754333 6.44002948918389 3.86466658115387 -9999 -9999 -9999 -9999 -9999 12.7840983867645 30.7312735319138 21.1103057861328 23.3243220756794 -9999 -9999 -9999 -9999 -9999 -9999 -9999 -9999
-9999 -9999 -9999 -9999 -9999 -9999 -9999 -9999 -9999 9.41965878009796 10.1237954199314 11.5328756421804 12.4393234401941 10.3304308354855 13.6581214517355 10.3470740765333 8.07735530287027 6.93927032500505 7.58676946163177 9.71207468211651 6.47883027791977 4.87387602031231 4.03817421197891 3.5483653396368 1.36167302727699 1.46888852119446 0.921400487422943 0.784075498580933 1.01180925965309 2.83868587017059 3.15362700819969 1.60054117441177 3.32902872562408 2.26482555270195 2.35882204771042 2.59574018418789 3.48954302072525 4.99490743875504 6.25981467962265 7.64128875732422 9.15064662694931 17.255747795105 27.9109525680542 8.19884163546331 3.86466693878174 -9999 -9999 -9999 -9999 12.1949715614319 -9999 -9999 -9999 -9999 -9999 -9999 -9999 -9999 -9999 -9999 -9999 -9999
-9999 -9999 -9999 -9999 -9999 -9999 -9999 -9999 -9999 8.31223413348198 11.7463569492102 15.2543295621872 12.8672540187836 11.4497083872557 11.9665047973394 10.9904871582985 6.8963705599308 6.69754392653704 0.952725738286972 7.03871306777 6.00753580033779 3.72807839512825 0.546248272061348 0.618714764714241 0.66891673207283 0.701735258102417 0.706631228327751 1.09958472847939 1.42383223772049 1.6114005446434 1.57285273075104 1.63187170028687 2.62050676345825 2.14819568395615 2.77286553382874 2.97177797555923 4.7940856218338 6.24523597955704 7.63130378723145 9.19825726747513 18.7679969072342 29.0053224563599 8.85719456530329 -9999 -9999 -9999 -9999 -9999 -9999 -9999 -9999 -9999 -9999 -9999 -9999 -9999 -9999 -9999 -9999 -9999 -9999 -9999
-9999 -9999 -9999 -9999 -9999 -9999 -9999 -9999 12.2691102709089 7.79026535153389 15.794045984745 15.1453282088041 12.5759084075689 6.77402302622795 7.92858988791704 7.17383978515863 6.6487230733037 6.84173988550901 7.5533551722765 5.63931785523891 4.12448027729988 0.503824487328529 0.54263699054718 0.575293511152267 1.10528361797333 0.789936035871506 0.860766738653183 1.30327874422073 1.54612129926682 1.90368300676346 2.36682826280594 2.58027827739716 1.63459718227386 2.62910467386246 3.79235780239105 3.6630574464798 5.41215634346008 6.45936584472656 7.68592500686646 10.9602717161179 29.9672527313232 9.90002938417288 14.5163365688669 -9999 -9999 -9999 -9999 -9999 -9999 -9999 -9999 -9999 -9999 -9999 -9999 -9999 -9999 -9999 -9999 -9999 -9999 -9999
-9999 -9999 -9999 -9999 -9999 -9999 -9999 3.28386068344116 3.71311691403389 10.7119036316872 13.0889529883862 12.9597278237343 10.9128234386444 7.29330148547888 6.50598851591349 5.79337745904922 5.39628830552101 0.405275255441666 0.477339014410973 3.01461969316006 2.16825047135353 1.61826337873936 0.603360012173653 0.679732516407967 0.742299020290375 0.773319751024246 1.08025950193405 1.33726125955582 1.89592945575714 2.32423496246338 2.5234215259552 2.26292395591736 2.76384150981903 2.2496691942215 2.96090930700302 2.87909549474716 5.27256882190704 5.89341795444489 8.65494650602341 10.991294503212 21.1394889343132 5.69786846637726 3.25656187534332 -9999 -9999 -9999 -9999 -9999 -9999 -9999 -9999 -9999 -9999 -9999 -9999 -9999 -9999 -9999 -9999 -9999 -9999 -9999
-9999 -9999 -9999 -9999 -9999 -9999 3.96540817847619 13.820397913456 14.9940514862537 9.95890089869499 8.28163206577301 8.22857946157455 7.91066390275955 5.0846334695816 3.07953751087189 2.68613427877426 0.472262263298035 0.451797768473625 0.511556267738342 0.540872231125832 0.552118510007858 0.561249017715454 0.755940735340118 0.886651486158371 0.909036755561829 0.922618478536606 1.01900097727776 1.10660102963448 1.15350902080536 1.26422023773193 2.08206224441528 2.58396381139755 2.73268657922745 2.63181531429291 2.87749654054642 3.15060389041901 4.42042064666748 4.59936082363129 7.79061698913574 -9999 -9999 -9999 -9999 -9999 -9999 -9999 -9999 -9999 -9999 -9999 -9999 -9999 -9999 -9999 -9999 -9999 -9999 -9999 -9999 -9999 -9999 -9999
-9999 -9999 -9999 -9999 12.9788583219051 8.9760662146977 10.5424853861332 10.7755654156208 12.6915456801653 10.7142885625362 6.49488186836243 4.35461747646332 4.71115739643574 3.54462146759033 0.544514268636703 0.513530239462852 0.549029991030693 0.545177981257439 0.581232771277428 0.565603494644165 0.544376984238625 0.675103515386581 0.837056279182434 1.09308072924614 1.00099423527718 0.916028290987015 1.03316849470139 1.21531721949577 1.54549491405487 1.83471822738647 2.13334733247757 2.15363556146622 2.38530367612839 2.5869989991188 3.76916098594666 3.378014087677 8.13926875591278 5.19167942122409 -9999 -9999 -9999 -9999 -9999 -9999 -9999 -9999 -9999 -9999 -9999 -9999 -9999 -9999 -9999 -9999 -9999 -9999 -9999 -9999 -9999 -9999 -9999 -9999
-9999 -9999 -9999 -9999 7.48720121383667 9.89286957468305 8.80180612206459 10.0216892659664 10.1700937896967 6.67493645846844 3.63365198671818 2.63322146236897 3.10433115810156 0.482571735978127 0.514759495854378 0.5300482660532 0.592164739966393 0.627847507596016 0.608975261449814 0.597957015037537 0.574320003390312 1.39213348925114 1.59335926920176 1.61553002893925 1.77410289645195 0.943907260894775 1.04929277300835 1.20468601584435 1.35755172371864 1.86925882101059 2.85126149654388 3.38658392429352 3.39195513725281 3.34622311592102 4.15122735500336 5.97439813613892 6.7088828086853 -9999 -9999 -9999 -9999 -9999 -9999 -9999 -9999 -9999 -9999 -9999 -9999 -9999 -9999 -9999 -9999 -9999 -9999 -9999 -9999 -9999 -9999 -9999 -9999 -9999
-9999 62.0026988983154 18.2927690982819 11.0503255299159 9.9752881356648 8.76374593377113 8.52725958824158 8.20863845944405 6.17239880561829 4.65446841716766 3.33399572968483 2.89527422189713 0.680444240570068 0.560038492083549 0.518272519111633 0.540478482842445 0.605043008923531 0.643296763300896 0.671319007873535 0.648440256714821 0.633195742964745 1.50628910958767 1.51713790744543 1.4960947483778 1.25263273715973 1.47011920809746 1.695197224617 1.90830141305923 2.04767400026321 3.3524866104126 4.9375319480896 6.96970224380493 7.45280528068542 5.19040489196777 5.71180190358843 29.9808631653481 -9999 -9999 -9999 -9999 -9999 -9999 -9999 -9999 -9999 -9999 -9999 -9999 -9999 -9999 -9999 -9999 -9999 -9999 -9999 -9999 -9999 -9999 -9999 -9999 -9999 -9999
3.46145415306091 11.8631168603897 8.12782314419746 8.07031908631325 8.71058294177055 7.80507791042328 6.74270457029343 6.44643330574036 5.0684312582016 4.27896219491959 3.44678369164467 2.68084314465523 2.20179748535156 1.83647064864635 1.55660064518452 1.41395178437233 0.640630513429642 0.723740994930267 0.870489746332169 0.807586491107941 0.913760215044022 1.50379729270935 1.65261375904083 1.55667150020599 1.62416768074036 1.87294274568558 2.16359174251556 2.73295122385025 3.58069217205048 6.26241016387939 8.38320136070251 9.4646143913269 10.084743976593 -9999 -9999 -9999 -9999 -9999 -9999 -9999 -9999 -9999 -9999 -9999 -9999 -9999 -9999 -9999 -9999 -9999 -9999 -9999 -9999 -9999 -9999 -9999 -9999 -9999 -9999 -9999 -9999 -9999
3.74846476316452 7.55146893433162 8.48024117946625 7.23157447576523 2.33695507049561 2.659339427948 2.74628698825836 2.64697283506393 3.95831286907196 4.19623196125031 3.66256794333458 2.98600950837135 1.47721838951111 1.43405583500862 1.2142503708601 1.25904978811741 1.26710139960051 0.987701207399368 0.940533041954041 0.971615999937057 1.19407421350479 1.50764858722687 1.90558791160583 2.01087445020676 2.21489542722702 2.6503769159317 3.40793931484222 3.92147040367126 10.3835220336914 15.7710113525391 18.2876672744751 14.7741866111755 13.44167304039 6.64823135733604 7.6586651802063 8.09019339445866 -9999 -9999 -9999 -9999 -9999 -9999 -9999 -9999 -9999 -9999 -9999 -9999 -9999 -9999 -9999 -9999 -9999 -9999 -9999 -9999 -9999 -9999 -9999 -9999 -9999 -9999
10.8330399692059 9.44932025671005 7.01062875986099 5.74718189239502 5.6685574054718 4.77047020196915 2.58565199375153 2.32015192508698 3.84714040160179 3.40277105569839 3.14231058955193 2.52022379636765 1.36641973257065 1.32108449935913 1.43503837287426 0.87600302696228 0.919798493385315 0.972117036581039 1.16920351982117 1.55132853984833 2.19887244701385 2.38390874862671 2.55272698402405 2.54518657922745 3.18870663642883 3.91258335113525 4.52265822887421 5.29689610004425 16.3191175460815 18.8187117576599 12.6660099766471 -9999 -9999 -9999 -9999 -9999 -9999 -9999 -9999 -9999 -9999 -9999 -9999 -9999 -9999 -9999 -9999 -9999 -9999 -9999 -9999 -9999 -9999 -9999 -9999 -9999 -9999 -9999 -9999 -9999 -9999 -9999
23.1140670776367 16.0208601057529 9.81135141849518 6.00732153654099 6.05906939506531 4.6225551366806 4.14971226453781 3.81016606092453 3.63588148355484 3.36456218361855 3.47035351395607 1.29668399691582 1.1014571338892 1.2532717064023 1.639100253582 2.29502617567778 1.23518398404121 1.22321328520775 1.20352274179459 1.74508416652679 3.41793823242188 4.29695641994476 4.66656911373138 4.11046421527863 4.92387235164642 5.21773946285248 4.25692766904831 5.30320984125137 7.88939845561981 10.4046194553375 21.2455365657806 6.70044551789761 -9999 -9999 -9999 -9999 -9999 -9999 26.6508902769822 12.6942715644836 -9999 -9999 -9999 -9999 -9999 -9999 -9999 -9999 -9999 -9999 -9999 -9999 -9999 -9999 -9999 -9999 -9999 -9999 -9999 -9999 -9999 -9999
9.67022877931595 21.8428627252579 25.482190489769 17.3001089096069 7.48618810517447 5.10716217756271 10.7835688591003 4.31517595052719 3.99904239177704 3.55435940623283 3.10707780718803 1.42347340285778 1.52000547945499 1.8329853862524 1.46334224939346 1.44052952528 1.39621272683144 1.25369927287102 1.40302196145058 5.51431274414062 7.91649842262268 7.62527775764465 5.63069772720337 5.39744639396667 5.49562346935272 6.09211564064026 5.29324650764465 11.9417615532875 13.4786457717419 13.9792411327362 4.95393541694558 3.42093944549561 -9999 -9999 -9999 -9999 -9999 -9999 -9999 -9999 -9999 -9999 -9999 -9999 -9999 -9999 -9999 -9999 -9999 -9999 -9999 -9999 -9999 -9999 -9999 -9999 -9999 -9999 -9999 -9999 -9999 -9999
-9999 -9999 -9999 -9999 -9999 5.72034702100954 8.2740795135498 3.84743875265121 4.10317334532738 4.18275381624699 0.7890644967556 0.921662271022797 1.23756372928619 1.20966526865959 1.24680224061012 1.38747453689575 1.49369475245476 1.56444007158279 2.17096048593521 3.97943937778473 6.76692223548889 8.02521657943726 7.60553312301636 4.2490077316761 7.00144422054291 6.19407873834882 -9999 -9999 -9999 -9999 -9999 -9999 -9999 -9999 -9999 -9999 -9999 -9999 -9999 -9999 -9999 -9999 -9999 -9999 -9999 -9999 -9999 -9999 -9999 -9999 -9999 -9999 -9999 -9999 -9999 -9999 -9999 -9999 -9999 -9999 -9999 -9999
-9999 -9999 -9999 -9999 -9999 -9999 7.56105008125305 4.29562363028526 3.64527574181557 0.823083758354187 0.934580236673355 1.15752598643303 1.19362646341324 1.15342497825623 1.35076278448105 1.8432000875473 1.99922543764114 2.09355747699738 2.20686757564545 3.13462507724762 4.35294091701508 6.15475344657898 12.0060296058655 7.4795642339665 -9999 -9999 -9999 -9999 -9999 -9999 -9999 -9999 -9999 -9999 -9999 -9999 -9999 -9999 -9999 -9999 -9999 -9999 -9999 -9999 -9999 -9999 -9999 -9999 -9999 -9999 -9999 -9999 -9999 -9999 -9999 -9999 -9999 -9999 -9999 -9999 -9999 -9999
