EcologicalScience/Bass/data/rs_data_bass/chl_7.asc
NCOLS 226 
NROWS 124 
XLLCORNER -9.41648524995501 
YLLCORNER 47.587301625531 
CELLSIZE 0.0833 
NODATA_value -9999 
[rows 0 to 27 of 124, columns 62 to 123 of 226]
-9999 -9999 -9999 -9999 -9999 -9999 -9999 -9999 -9999 -9999 -9999 -9999 -9999 -9999 -9999 -9999 -9999 -9999 -9999 -9999 -9999 -9999 -9999 -9999 -9999 -9999 -9999 -9999 -9999 -9999 -9999 -9999 -9999 -9999 -9999 -9999 -9999 -9999 -9999 -9999 -9999 -9999 -9999 -9999 -9999 -9999 -9999 -9999 -9999 -9999 -9999 -9999 -9999 -9999 -9999 -9999 -9999 -9999 -9999 -9999 -9999 -9999
-9999 -9999 -9999 -9999 -9999 -9999 -9999 -9999 -9999 -9999 -9999 -9999 -9999 -9999 -9999 -9999 -9999 -9999 -9999 -9999 -9999 -9999 -9999 -9999 -9999 -9999 -9999 -9999 -9999 -9999 -9999 -9999 -9999 -9999 -9999 -9999 -9999 -9999 -9999 -9999 -9999 -9999 -9999 -9999 -9999 -9999 -9999 -9999 -9999 -9999 -9999 -9999 -9999 -9999 -9999 -9999 -9999 -9999 -9999 -9999 -9999 -9999
-9999 -9999 -9999 -9999 -9999 -9999 -9999 -9999 -9999 -9999 -9999 -9999 -9999 -9999 -9999 -9999 -9999 -9999 -9999 -9999 -9999 -9999 -9999 -9999 -9999 -9999 -9999 -9999 -9999 -9999 -9999 -9999 -9999 -9999 -9999 -9999 -9999 -9999 -9999 -9999 -9999 -9999 -9999 -9999 -9999 -9999 -9999 -9999 -9999 -9999 -9999 -9999 -9999 -9999 -9999 -9999 -9999 -9999 -9999 -9999 -9999 -9999
-9999 -9999 -9999 -9999 -9999 -9999 -9999 -9999 -9999 -9999 -9999 -9999 -9999 -9999 -9999 -9999 -9999 -9999 -9999 -9999 -9999 -9999 -9999 -9999 -9999 -9999 -9999 -9999 -9999 -9999 -9999 -9999 -9999 -9999 -9999 -9999 -9999 -9999 -9999 -9999 -9999 -9999 -9999 -9999 -9999 -9999 -9999 -9999 -9999 -9999 -9999 -9999 -9999 -9999 -9999 -9999 -9999 -9999 -9999 -9999 -9999 -9999
-9999 -9999 -9999 -9999 -9999 -9999 -9999 -9999 -9999 -9999 -9999 -9999 -9999 -9999 -9999 -9999 -9999 -9999 -9999 -9999 -9999 -9999 -9999 -9999 -9999 -9999 -9999 -9999 -9999 -9999 -9999 -9999 -9999 -9999 -9999 -9999 -9999 -9999 -9999 -9999 -9999 -9999 -9999 -9999 -9999 -9999 -9999 -9999 -9999 -9999 -9999 -9999 -9999 -9999 -9999 -9999 -9999 -9999 -9999 -9999 -9999 -9999
-9999 -9999 -9999 -9999 -9999 -9999 -9999 -9999 -9999 -9999 -9999 -9999 -9999 -9999 -9999 -9999 -9999 -9999 -9999 -9999 -9999 -9999 -9999 -9999 -9999 -9999 -9999 -9999 0.63735419511795 -9999 2.3202765583992 1.73763227462769 1.35609376430511 1.37171924114227 1.25873699784279 0.503452509641647 1.36598101258278 1.21200826764107 1.25939172506332 1.37932053208351 1.36334100365639 0.976229220628738 0.979212731122971 0.982975512742996 0.952053040266037 0.969607472419739 0.989174991846085 0.807644963264465 0.739187255501747 0.708257228136063 0.692634746432304 0.643899008631706 0.604500755667686 0.590686485171318 0.628458738327026 0.606314241886139 0.622482016682625 0.582725241780281 0.550012484192848 0.437669232487679 0.417546764016151 0.428541004657745
-9999 -9999 -9999 -9999 -9999 -9999 -9999 -9999 -9999 -9999 -9999 -9999 -9999 -9999 -9999 -9999 -9999 -9999 -9999 -9999 -9999 -9999 -9999 -9999 -9999 -9999 1.18186515569687 1.0627324283123 2.85316944122314 3.30479836463928 2.47784703969955 2.29961031675339 1.25076529383659 1.21372649073601 0.821391016244888 0.778575718402863 0.733927488327026 1.35437321662903 0.69045826792717 1.19241151213646 1.09155151247978 1.04967454075813 0.966070532798767 0.90794849395752 0.832509756088257 0.830525279045105 0.751721262931824 0.740727737545967 0.714888766407967 0.679052263498306 0.641916006803513 0.628480508923531 0.659151747822762 0.669572979211807 0.637176007032394 0.600008234381676 0.525272235274315 0.418349236249924 0.424701020121574 0.420495763421059 0.436545744538307 0.446221500635147
-9999 -9999 -9999 -9999 -9999 -9999 -9999 -9999 -9999 -9999 -9999 -9999 -9999 -9999 -9999 -9999 -9999 -9999 -9999 -9999 -9999 -9999 -9999 -9999 -9999 -9999 1.18186515569687 3.42988121509552 3.13850176334381 2.0863042473793 2.38278669118881 1.56831300258636 1.1939685344696 1.25072550773621 0.88340699672699 0.888722240924835 0.812805712223053 0.749528244137764 0.727317005395889 0.714653983712196 0.663114756345749 0.656756266951561 0.9206662774086 0.892392754554749 0.882461965084076 0.8267602622509 0.768857270479202 0.726257264614105 0.695582270622253 0.654334500432014 0.625761732459068 0.577542766928673 0.56870099902153 0.548623502254486 0.557469740509987 0.567553505301476 0.547807484865189 0.436841234564781 0.442328989505768 0.452814728021622 0.470070004463196 0.443148761987686
-9999 -9999 -9999 -9999 -9999 -9999 -9999 -9999 -9999 -9999 -9999 -9999 -9999 -9999 -9999 -9999 -9999 -9999 -9999 -9999 -9999 -9999 -9999 -9999 -9999 -9999 2.77802932262421 3.28915965557098 2.68854832649231 2.0151082277298 1.42616853117943 1.18060201406479 1.11211350560188 0.891215264797211 0.828493505716324 0.938801229000092 0.915062963962555 0.859178245067596 0.764573246240616 1.01268374919891 0.945720791816711 0.971247017383575 1.00529247522354 0.956280022859573 0.903662234544754 0.784602731466293 0.715244248509407 0.670933485031128 0.651813760399818 0.665175005793571 0.641175001859665 0.589799255132675 0.561966732144356 0.539255261421204 0.534855008125305 0.541334241628647 0.54517874121666 0.592118248343468 0.447014272212982 0.446677520871162 0.467153996229172 0.449013769626617
-9999 -9999 -9999 -9999 -9999 -9999 -9999 -9999 -9999 -9999 -9999 -9999 -9999 -9999 -9999 -9999 -9999 -9999 -9999 -9999 -9999 -9999 -9999 -9999 -9999 1.19121462106705 3.48394954204559 2.52422243356705 1.75260293483734 1.43179124593735 1.26896774768829 1.09132727980614 1.07688224315643 0.916391998529434 0.861135005950928 0.82849645614624 0.743262737989426 0.550119012594223 0.399086996912956 0.546812251210213 0.965303957462311 0.943758755922318 0.891874462366104 0.80971571803093 0.810795038938522 0.730701729655266 0.691224753856659 0.671930998563766 0.635978981852531 0.624100506305695 0.613207519054413 0.584070011973381 0.614404499530792 0.179951995611191 0.545084238052368 0.594288736581802 0.642381727695465 0.541712254285812 0.525938987731934 0.499936491250992 0.444901496171951 0.446673005819321
-9999 -9999 -9999 -9999 -9999 -9999 -9999 -9999 -9999 -9999 -9999 -9999 -9999 -9999 -9999 -9999 -9999 -9999 -9999 -9999 -9999 -9999 -9999 -9999 -9999 1.97102183103561 1.79878270626068 1.36768653988838 1.48365676403046 1.33980372548103 1.11778646707535 1.01653352379799 1.01653128862381 0.902631729841232 0.79365000128746 0.706713750958443 0.571554020047188 1.03960204124451 0.655223250389099 0.966537773609161 0.656436011195183 0.887389540672302 0.843504756689072 0.819380253553391 0.804857969284058 0.712209016084671 0.33321525156498 0.636853516101837 0.630318760871887 0.62355449795723 0.568557769060135 0.624718487262726 0.61023522913456 0.544988259673119 0.506849259138107 0.601641744375229 0.624197244644165 0.481979236006737 0.503588229417801 0.534668996930122 0.450613483786583 0.445941746234894
-9999 -9999 -9999 -9999 -9999 -9999 -9999 -9999 -9999 -9999 -9999 -9999 -9999 -9999 -9999 -9999 -9999 -9999 -9999 -9999 -9999 -9999 -9999 -9999 1.31647038459778 1.87402421236038 1.40527948737144 1.30405578017235 1.29497471451759 1.12793773412704 0.951235502958298 1.03649398684502 0.650353878736496 1.10833650827408 1.09724700450897 1.06295621395111 1.03693351149559 1.0180252790451 1.0091504752636 1.07403749227524 1.00544402003288 0.899653494358063 0.831270754337311 0.799391269683838 0.758981287479401 0.679127231240273 0.656034752726555 0.632928729057312 0.621804758906364 0.607061237096786 0.585367485880852 0.591332986950874 0.619961231946945 0.636384755373001 0.601520240306854 0.501054748892784 0.463191747665405 0.448572769761086 0.467874750494957 0.505030497908592 0.525792002677917 0.439035013318062
-9999 -9999 -9999 -9999 -9999 -9999 -9999 -9999 -9999 -9999 -9999 -9999 -9999 -9999 -9999 -9999 -9999 -9999 -9999 -9999 -9999 -9999 -9999 1.50594073534012 3.12741315364838 1.01329651474953 1.45646327733994 1.14630603790283 0.872132956981659 0.711503237485886 0.747929245233536 0.700775250792503 0.656715765595436 0.636255741119385 1.13758796453476 1.02231752872467 1.02888071537018 1.03375500440598 1.04166296124458 0.972383290529251 0.881318986415863 0.837215960025787 0.790742218494415 0.744679480791092 0.471788249909878 0.458623867481947 0.500774994492531 0.642574489116669 0.673047736287117 0.450246758759022 0.45117525011301 0.62186399102211 0.647603988647461 0.68723326921463 0.667761012911797 0.496754989027977 0.665768980979919 0.621041268110275 0.496070981025696 0.522112503647804 0.46027497947216 0.465066745877266
-9999 -9999 -9999 -9999 -9999 -9999 -9999 -9999 -9999 -9999 -9999 -9999 -9999 -9999 -9999 -9999 -9999 -9999 -9999 -9999 -9999 -9999 2.84563583135605 5.13968253135681 3.14913761615753 1.02477452158928 0.879836618900299 0.791385769844055 0.764141991734505 0.750833988189697 0.711476236581802 0.68257013708353 0.66381262242794 1.15116003155708 1.12070247530937 1.0404540002346 1.12433096766472 1.11545321345329 1.07028445601463 0.906069785356522 0.868142277002335 0.896461486816406 0.851261258125305 0.788621217012405 0.491444617509842 0.494035854935646 0.438773989677429 0.600515261292458 0.58270651102066 0.587624251842499 0.598128005862236 0.655116006731987 0.436167016625404 0.415123522281647 0.416251480579376 0.453204765915871 0.630126759409904 0.491968497633934 0.479774996638298 0.466231495141983 0.462153732776642 0.461086481809616
-9999 -9999 -9999 -9999 -9999 -9999 -9999 -9999 -9999 -9999 -9999 -9999 -9999 -9999 -9999 -9999 -9999 -9999 -9999 -9999 2.64602583646774 -9999 3.08990907669067 2.88027441501617 0.935772746801376 0.883224740624428 0.889798119664192 0.765752255916595 0.79789200425148 0.738894738256931 0.696062631905079 0.669043488800526 0.657934494316578 0.660444751381874 1.15014749765396 1.13034224510193 1.09293973445892 1.1131440103054 1.22564703226089 1.1416229903698 0.990657716989517 0.290294989943504 0.299403749406338 0.733851760625839 0.704439729452133 0.646576479077339 0.638006240129471 0.346335008740425 0.390267759561539 0.400431767106056 0.662472009658813 0.467974483966827 0.459040492773056 0.455517008900642 0.435082510113716 0.443604022264481 0.483178496360779 0.470392495393753 0.465444758534431 0.4689060151577 0.466423496603966 0.467024266719818
-9999 -9999 -9999 -9999 -9999 -9999 -9999 -9999 -9999 -9999 -9999 -9999 -9999 -9999 -9999 -9999 -9999 -9999 -9999 -9999 -9999 2.44817858934402 2.24736821651459 1.22256973385811 0.966710239648819 0.897675722837448 0.933567747473717 0.907552510499954 0.8671815097332 0.734502017498016 0.731852263212204 0.736847251653671 0.916103214025497 0.921070486307144 0.822998285293579 1.1601135134697 1.04535001516342 1.02481198310852 1.06748628616333 1.08412501215935 1.08488622307777 1.07375550270081 0.907031983137131 0.746567979454994 0.665711984038353 0.852209955453873 0.723553508520126 0.589336484670639 0.5663992613554 0.404916733503342 0.442371770739555 0.462934479117393 0.452004745602608 0.447715491056442 0.446929514408112 0.43607322871685 0.464051261544228 0.466436997056007 0.462698981165886 0.460850268602371 0.469209015369415 0.480822756886482
-9999 -9999 -9999 -9999 -9999 -9999 -9999 -9999 -9999 -9999 -9999 -9999 -9999 -9999 -9999 -9999 -9999 -9999 -9999 1.94699174165726 2.92846494913101 2.05448395013809 1.18448209762573 1.07036139070988 1.00702089071274 1.01425087451935 1.08918598294258 1.16557645797729 0.901489466428757 0.818348228931427 0.780094474554062 0.940882533788681 0.953796029090881 0.915870040655136 0.880392730236053 0.851346015930176 0.836107492446899 0.790569752454758 1.02556201815605 0.862135469913483 0.937064230442047 0.856297463178635 0.758202731609344 0.683467492461205 0.650762245059013 0.654756769537926 0.500273242592812 0.454159498214722 0.477023620158434 0.479486245661974 1.00236448645592 0.422018229961395 0.406302765011787 0.417522758245468 0.400239765644073 0.394748255610466 0.444456741213799 0.441600009799004 0.452252268791199 0.459641978144646 0.457703232765198 0.460289239883423
-9999 -9999 -9999 -9999 -9999 -9999 -9999 -9999 -9999 -9999 -9999 -9999 -9999 -9999 -9999 -9999 -9999 -9999 2.55821853876114 2.48474407196045 2.86806750297546 2.56340700387955 2.38307476043701 2.16302472352982 1.1314297914505 1.00025698542595 1.13493525981903 1.02136123180389 1.011414706707 1.01508602499962 1.0514452457428 0.999519735574722 0.985071748495102 0.983716517686844 0.912127465009689 0.876296997070312 0.882773995399475 0.900159001350403 0.878280758857727 0.970291525125504 0.980055749416351 0.85870349407196 0.771746277809143 0.742135494947433 0.491709753870964 0.462982121855021 0.967468500137329 0.847988247871399 0.480891745537519 0.479332879185677 0.992660969495773 0.704642996191978 0.599802732467651 0.614267259836197 0.68826524913311 0.5754105001688 0.490183487534523 0.479087233543396 0.499293744564056 0.401458516716957 0.456434234976768 0.453828021883965
-9999 -9999 -9999 -9999 -9999 -9999 -9999 -9999 -9999 -9999 -9999 -9999 -9999 -9999 -9999 -9999 -9999 -9999 6.08452963829041 2.8747079372406 2.39459091424942 2.28744220733643 1.46462662518024 1.67382073402405 1.47325497865677 1.58541601896286 1.55788046121597 1.33592176437378 1.0452142059803 1.05667948722839 1.07486397027969 1.04621475934982 1.01185423135757 0.996275246143341 1.01545652747154 0.979157209396362 0.943329781293869 0.938342213630676 0.917439758777618 1.10248652100563 1.16126775741577 1.10320946574211 0.932910025119781 0.823399543762207 0.791915237903595 0.488070376217365 0.916735500097275 0.88240572810173 0.723754495382309 0.721446767449379 0.724208995699883 0.516887247562408 0.483328890055418 0.477535877376795 0.477485250681639 0.471208512783051 0.678521230816841 0.499984502792358 0.450545981526375 0.41219025850296 0.411400482058525 0.410438239574432
-9999 -9999 -9999 -9999 -9999 -9999 -9999 -9999 -9999 -9999 -9999 -9999 -9999 -9999 -9999 -9999 -9999 -9999 -9999 1.68854767084122 1.84764593839645 0.815755516290665 0.954761266708374 1.17998626828194 1.78984576463699 1.72781324386597 1.59089773893356 1.36758899688721 1.11384522914886 1.06411197781563 1.07887199521065 1.05930000543594 1.08193874359131 1.0876530110836 1.07372698187828 1.08002704381943 1.01164349913597 0.960404276847839 0.961054533720016 1.09768572449684 1.03843501210213 1.01210251450539 0.792223513126373 0.944457739591599 0.924657762050629 0.958418279886246 0.869235008955002 0.869099289178848 0.795332998037338 0.550014764070511 0.594853520393372 0.666711017489433 0.531400144100189 0.526867121458054 0.525800988078117 0.523708887398243 0.732823491096497 0.697716727852821 0.457514986395836 0.355185002088547 0.328970991075039 0.453263998031616
-9999 -9999 -9999 -9999 -9999 -9999 -9999 -9999 -9999 -9999 -9999 -9999 -9999 -9999 -9999 4.00552582740784 -9999 1.92631727457047 1.92588150501251 1.59846532344818 1.62218248844147 1.49128577113152 1.82717406749725 1.79663997888565 1.69597041606903 1.57752817869186 1.59047394990921 1.50339156389236 1.30909726023674 1.18720427155495 1.20667952299118 1.19604974985123 1.17175796627998 1.19523149728775 1.22814452648163 1.12037470936775 1.03571623563766 1.06640321016312 0.612165749073029 1.12848526239395 0.759033769369125 0.730939507484436 0.959672212600708 0.916742205619812 0.824388027191162 0.724818751215935 0.732722997665405 0.663420751690865 0.595371007919312 0.556964993476868 0.577409237623215 0.552086994051933 0.542056515812874 0.600449994206429 0.679882496595383 0.60732302069664 0.623771980404854 0.642961487174034 0.326696254312992 0.351196490228176 0.438375011086464 0.437544018030167
-9999 -9999 -9999 -9999 -9999 -9999 -9999 -9999 -9999 -9999 35.2986888885498 35.2986888885498 13.7248649597168 3.0147271156311 2.88071930408478 2.31231147050858 2.48430901765823 2.3487930893898 2.07808881998062 1.95239406824112 2.10248619318008 2.29372572898865 2.15559375286102 1.97247898578644 1.62561982870102 1.70209497213364 1.7123481631279 1.46713802218437 1.39814624190331 1.34380576014519 1.2683077454567 1.13437351584435 1.17846974730492 1.28144028782845 1.16487228870392 1.16054624319077 1.17078450322151 1.24109923839569 1.07108697295189 0.954490542411804 0.835144490003586 0.808464020490646 0.871418237686157 0.839720964431763 0.724135503172874 0.472528874874115 0.462687369436026 0.5599395185709 0.566712766885757 0.554492264986038 0.532545000314713 0.525892496109009 0.576348021626472 0.606521621346474 0.595912132412195 0.574913263320923 0.488097757101059 0.489316508173943 0.513252004981041 0.498831018805504 0.527914479374886 0.46151702105999
-9999 -9999 -9999 -9999 -9999 -9999 -9999 -9999 -9999 -9999 35.2986888885498 6.00649666786194 4.2949093580246 3.66547644138336 3.73384416103363 3.27669453620911 3.87417447566986 4.15070307254791 10.5202875137329 -9999 1.91259902715683 4.02867364883423 3.69954442977905 2.36288702487946 1.84932821989059 1.85498249530792 1.81080973148346 1.75646477937698 1.49411854147911 1.77117741107941 1.19463300704956 1.17655947804451 1.34779500961304 1.25767573714256 1.1431485414505 1.15135422348976 0.74717927724123 0.622157625854015 0.881273210048676 0.841608792543411 1.03031095862389 0.538679257035255 0.766330540180206 0.78025496006012 0.740641504526138 0.491329506039619 0.461382374167442 0.613921478390694 0.587449505925179 0.566109001636505 0.538013979792595 0.488337010145187 0.513731271028519 0.556954141706228 0.556028243154287 0.573143631219864 0.573720004409552 0.486300006508827 0.629255242645741 0.63042638450861 0.61133848875761 0.579449236392975
-9999 -9999 -9999 -9999 -9999 -9999 -9999 -9999 -9999 -9999 -9999 -9999 -9999 5.29876041412354 6.04765963554382 -9999 -9999 -9999 -9999 -9999 -9999 -9999 5.20459055900574 4.1604255437851 3.01101207733154 2.93722057342529 2.42728793621063 1.95096606016159 1.60642576217651 1.98846530914307 1.55077278614044 1.50380408763885 1.55259972810745 1.10498249530792 1.11468601226807 1.16518127918243 1.43204927444458 0.679528512060642 0.635114997625351 0.573100492358208 0.573785997927189 0.565565250813961 0.56862299144268 0.763899743556976 0.776935458183289 0.773256719112396 0.764134526252747 0.624941244721413 0.585259482264519 0.605176493525505 0.543274506926537 0.503706738352776 0.487875759601593 0.486685484647751 0.505898237228394 0.645203992724419 0.648543745279312 0.718566745519638 0.747899249196053 0.706406235694885 0.641798257827759 0.641876980662346
-9999 -9999 -9999 -9999 -9999 -9999 -9999 -9999 -9999 -9999 -9999 -9999 -9999 16.6274771690369 16.6274771690369 16.6274771690369 -9999 -9999 -9999 -9999 -9999 -9999 4.94490551948547 4.94490551948547 4.94490551948547 0.308659605681896 3.2410215139389 2.64034956693649 2.13298881053925 1.20926325023174 0.990561380982399 0.871441125869751 0.857246652245522 1.22211527824402 1.2058672606945 0.714718490839005 0.693126015365124 0.702208489179611 0.686557129025459 0.627179257571697 0.606041617691517 0.619448997080326 0.615140989422798 0.763395756483078 0.785295724868774 0.785878479480743 0.744001507759094 0.625774517655373 0.567501738667488 0.588826507329941 0.58678275346756 0.560411229729652 0.516087010502815 0.525924012064934 0.511509731411934 0.563038498163223 0.650713518261909 0.677166000008583 0.606653988361359 0.631445243954659 0.65456847846508 0.708563268184662
-9999 -9999 -9999 -9999 -9999 -9999 -9999 -9999 -9999 -9999 -9999 -9999 -9999 -9999 -9999 -9999 -9999 -9999 -9999 -9999 -9999 -9999 -9999 -9999 -9999 -9999 6.72656893730164 3.36638867855072 1.3272363692522 1.2085867524147 1.11024525761604 2.46108305454254 2.88903683423996 2.12250906229019 0.77759588509798 0.735352143645287 0.705941632390022 0.693124115467072 0.673922628164291 0.669461622834206 0.68996174633503 0.842198252677917 0.748136982321739 0.739991247653961 0.766794741153717 0.772680044174194 0.74498775601387 0.526959747076035 0.528722986578941 0.533609256148338 0.499730631709099 0.532483868300915 0.552036009728909 0.50764574110508 0.508326753973961 0.583766251802444 0.656640753149986 0.579858765006065 0.551449477672577 0.56284873187542 0.647703006863594 0.636790484189987
-9999 -9999 -9999 -9999 -9999 -9999 -9999 -9999 -9999 -9999 -9999 -9999 -9999 -9999 -9999 -9999 -9999 -9999 -9999 -9999 -9999 -9999 -9999 -9999 -9999 -9999 -9999 -9999 5.2467885017395 2.98038071393967 1.95785558223724 1.52688217163086 2.83196622133255 2.44940775632858 0.819859877228737 0.74822811037302 0.715378515422344 0.693213723599911 0.741308994591236 0.735962636768818 0.762003779411316 0.758534252643585 0.728112012147903 0.764424741268158 0.728007763624191 0.73498123884201 0.768174737691879 0.545098856091499 0.536686509847641 0.543403521180153 0.54637236893177 0.586887381970882 0.591389626264572 0.615548618137836 0.504807740449905 0.512848511338234 0.52037550508976 0.502292990684509 0.50943598151207 0.446490749716759 0.323604740202427 0.575591996312141
-9999 -9999 -9999 -9999 -9999 -9999 -9999 -9999 -9999 -9999 -9999 -9999 -9999 -9999 -9999 -9999 -9999 -9999 -9999 -9999 -9999 -9999 -9999 -9999 -9999 -9999 -9999 -9999 -9999 -9999 2.81324851512909 1.93742769956589 1.48197528719902 1.27779302000999 1.10150697827339 1.01972553133965 0.926499009132385 0.812235027551651 0.757718235254288 0.782870292663574 0.816961526870728 0.866563528776169 0.745533384382725 0.884318232536316 0.851442039012909 0.772446781396866 0.698341906070709 0.610091999173164 0.590174630284309 0.595897480845451 0.607054866850376 0.60054599493742 0.64834164083004 0.642953239381313 0.544305011630058 0.506674513220787 0.502669483423233 0.498449251055717 0.517604246735573 0.319341748952866 0.319414503872395 0.539945259690285
