EcologicalScience/Bass/data/rs_data_bass/chl_277.asc
NCOLS 226 
NROWS 124 
XLLCORNER -9.41648524995501 
YLLCORNER 47.587301625531 
CELLSIZE 0.0833 
NODATA_value -9999 
[rows 0 to 26 of 124, columns 62 to 123 of 226]
-9999 -9999 -9999 -9999 -9999 -9999 -9999 -9999 -9999 -9999 -9999 -9999 -9999 -9999 -9999 -9999 -9999 -9999 -9999 -9999 -9999 -9999 -9999 -9999 -9999 -9999 -9999 -9999 -9999 -9999 -9999 -9999 -9999 -9999 -9999 -9999 -9999 -9999 -9999 -9999 -9999 -9999 -9999 -9999 -9999 -9999 -9999 -9999 -9999 -9999 -9999 -9999 -9999 -9999 -9999 -9999 -9999 -9999 -9999 -9999 -9999 -9999
-9999 -9999 -9999 -9999 -9999 -9999 -9999 -9999 -9999 -9999 -9999 -9999 -9999 -9999 -9999 -9999 -9999 -9999 -9999 -9999 -9999 -9999 -9999 -9999 -9999 -9999 -9999 -9999 -9999 -9999 -9999 -9999 -9999 -9999 -9999 -9999 -9999 -9999 -9999 -9999 -9999 -9999 -9999 -9999 -9999 -9999 -9999 -9999 -9999 -9999 -9999 -9999 -9999 -9999 -9999 -9999 -9999 -9999 -9999 -9999 -9999 -9999
-9999 -9999 -9999 -9999 -9999 -9999 -9999 -9999 -9999 -9999 -9999 -9999 -9999 -9999 -9999 -9999 -9999 -9999 -9999 -9999 -9999 -9999 -9999 -9999 -9999 -9999 -9999 -9999 -9999 -9999 -9999 -9999 -9999 -9999 -9999 -9999 -9999 -9999 -9999 -9999 -9999 -9999 -9999 -9999 -9999 -9999 -9999 -9999 -9999 -9999 -9999 -9999 -9999 -9999 -9999 -9999 -9999 -9999 -9999 -9999 -9999 -9999
-9999 -9999 -9999 -9999 -9999 -9999 -9999 -9999 -9999 -9999 -9999 -9999 -9999 -9999 -9999 -9999 -9999 -9999 -9999 -9999 -9999 -9999 -9999 -9999 -9999 -9999 -9999 -9999 -9999 -9999 -9999 -9999 -9999 -9999 -9999 -9999 -9999 -9999 -9999 -9999 -9999 -9999 -9999 -9999 -9999 -9999 -9999 -9999 -9999 -9999 -9999 -9999 -9999 -9999 -9999 -9999 -9999 -9999 -9999 -9999 -9999 -9999
-9999 -9999 -9999 -9999 -9999 -9999 -9999 -9999 -9999 -9999 -9999 -9999 -9999 -9999 -9999 -9999 -9999 -9999 -9999 -9999 -9999 -9999 -9999 -9999 -9999 -9999 -9999 -9999 -9999 -9999 -9999 -9999 -9999 -9999 -9999 -9999 -9999 -9999 -9999 -9999 -9999 -9999 -9999 -9999 -9999 -9999 -9999 -9999 -9999 -9999 -9999 -9999 -9999 -9999 -9999 -9999 -9999 -9999 -9999 -9999 -9999 -9999
-9999 -9999 -9999 -9999 -9999 -9999 -9999 -9999 -9999 -9999 -9999 -9999 -9999 -9999 -9999 -9999 -9999 -9999 -9999 -9999 -9999 -9999 -9999 -9999 -9999 -9999 -9999 -9999 0.63735419511795 1.08796908135397 1.18538373708725 2.8002056479454 0.836424738168716 1.32493796944618 0.7092504799366 0.746598750352859 0.826510488986969 0.881096750497818 0.885399758815765 0.600311156362295 0.633103972300887 0.602703933330143 0.57107793353498 0.759554743766785 0.63000276684761 0.556005269289017 0.4842129945755 0.505172997713089 0.574737757444382 0.571554496884346 0.522452004253864 0.522614233195782 0.521575011312962 0.630036488175392 0.695961266756058 0.465796500444412 0.431315995752811 0.885133057048446 0.640706747770309 0.813091579236482 0.814640357306129 0.788880320756059
-9999 -9999 -9999 -9999 -9999 -9999 -9999 -9999 -9999 -9999 -9999 -9999 -9999 -9999 -9999 -9999 -9999 -9999 -9999 -9999 -9999 -9999 -9999 -9999 -9999 -9999 1.18186515569687 1.0627324283123 1.5168825756101 2.83848071098328 4.19610661268234 2.30156326293945 0.973876237869263 0.787881731987 0.724746227264404 0.746834516525269 0.902926236391068 0.927103489637375 1.59866851568222 0.539397005649174 0.494182621731478 0.539899226278067 0.566293029114604 0.877962023019791 0.867921739816666 0.878306746482849 0.899228990077972 0.645292490720749 0.644803732633591 0.650334507226944 0.462687034817303 0.455937013030052 0.479694738984108 0.838039106444309 1.06957149897751 0.527372509241104 0.839720119771205 0.442549025639892 0.50821733825347 0.508175004054518 0.643511980772018 0.691997736692429
-9999 -9999 -9999 -9999 -9999 -9999 -9999 -9999 -9999 -9999 -9999 -9999 -9999 -9999 -9999 -9999 -9999 -9999 -9999 -9999 -9999 -9999 -9999 -9999 -9999 -9999 1.18186515569687 1.78128379583359 1.33654247487293 1.03026416722466 2.3349614739418 0.766587242484093 0.711059004068375 0.708765000104904 0.896971255540848 0.826237261295319 0.533843789030524 0.966076284646988 1.00822272896767 2.13054394721985 0.514865245889215 0.482010162928525 0.508307589327588 0.518342067213619 0.497721480972627 0.834302246570587 0.794039756059647 0.772296518087387 0.674729526042938 0.687068998813629 0.673279255628586 0.551359489560127 0.462997004389763 0.452251240611076 0.489499747753143 0.503936007618904 0.474944740533829 0.489862790331244 0.497420735657215 0.488136777982992 0.441801987588406 0.849300346876446
-9999 -9999 -9999 -9999 -9999 -9999 -9999 -9999 -9999 -9999 -9999 -9999 -9999 -9999 -9999 -9999 -9999 -9999 -9999 -9999 -9999 -9999 -9999 -9999 -9999 -9999 1.56917026638985 1.46314928680658 1.0963844396174 0.934052020311356 0.869183734059334 0.82581302523613 0.782928511500359 0.672656998038292 1.01467373967171 0.935873746871948 0.901513248682022 1.16443762026335 1.01342245779539 0.946672022342682 0.978626757860184 1.00458472967148 0.95082226395607 0.471073639743468 0.470987506210804 0.799037076924976 0.801807016134262 0.68963098526001 0.653402775526047 0.628653258085251 0.560167491436005 0.50255773961544 0.507800251245499 0.501716002821922 0.447287738323212 0.446670010685921 0.460501000285149 0.477455545216799 0.446142062544823 0.524675980210304 0.609418496489525 0.596199244260788
-9999 -9999 -9999 -9999 -9999 -9999 -9999 -9999 -9999 -9999 -9999 -9999 -9999 -9999 -9999 -9999 -9999 -9999 -9999 -9999 -9999 -9999 -9999 -9999 -9999 1.19121462106705 2.68721723556519 1.08060797676444 0.930114984512329 0.839577242732048 0.824527770280838 0.80206124484539 0.979295677260349 0.87544504513866 0.730742440411919 0.860518753528595 1.05979773402214 1.00779676437378 1.1540693860305 1.02138318827278 0.988001525402069 1.07398247718811 1.03078177571297 0.953784274427514 0.745456993579865 0.745842576026917 0.712310869442789 0.660225306686602 0.585913002490997 0.545996770262718 0.384382631629705 0.639433961165579 0.579765322961305 0.497673753429862 0.428954606875777 0.44464398920536 0.471329003572464 0.514424502849579 0.571905331952231 0.528859702604158 0.482977183801787 0.557430924738155
-9999 -9999 -9999 -9999 -9999 -9999 -9999 -9999 -9999 -9999 -9999 -9999 -9999 -9999 -9999 -9999 -9999 -9999 -9999 -9999 -9999 -9999 -9999 -9999 -9999 1.70076254010201 1.40025997906923 1.1195508018136 1.10972651839256 0.814727672759224 0.963743347674608 0.871287494897842 0.691218174555722 0.65859436638215 0.707291682299815 0.680829256772995 0.614186495542526 0.865626513957977 0.46025982236161 0.827145032192531 0.750973254442215 0.386691941057935 0.383864151204334 0.7449049949646 0.690853238105774 0.669014006853104 0.738040512800217 0.635681480169296 0.673444271087646 0.67212775349617 0.680483251810074 0.646338254213333 0.580841511487961 0.477808758616447 0.568562999367714 0.433843413367867 0.496203005313873 0.506222009658813 0.403822593390942 0.450751483440399 0.500580236315727 0.705986047536135
-9999 -9999 -9999 -9999 -9999 -9999 -9999 -9999 -9999 -9999 -9999 -9999 -9999 -9999 -9999 -9999 -9999 -9999 -9999 -9999 -9999 -9999 -9999 -9999 1.31647038459778 1.60072188824415 1.46025969833136 1.23902950063348 1.08162438310683 1.15972051024437 1.10708110034466 1.05329203605652 0.902432471513748 0.714569391573177 0.656101079548106 0.665045499801636 0.643495500087738 0.62713423371315 0.526574742268114 0.470185728634105 0.514944181722753 0.454150336630204 0.430398968212745 0.738367259502411 0.655578017234802 0.720319986343384 0.766470521688461 0.79949776828289 0.964333675409618 0.789150506258011 0.767964512109757 0.709116727113724 0.657229006290436 0.643033981323242 0.600813508033752 0.61922100186348 0.641907244920731 0.469541996717453 0.563690609053562 0.48388518549894 0.505271223814864 0.410906001925469
-9999 -9999 -9999 -9999 -9999 -9999 -9999 -9999 -9999 -9999 -9999 -9999 -9999 -9999 -9999 -9999 -9999 -9999 -9999 -9999 -9999 -9999 -9999 1.50594073534012 1.18605977296829 1.25487185642123 1.13429083675146 0.962963450700045 0.890003923326731 0.988488227128983 0.940610498189926 0.919721245765686 0.928134262561798 0.937227517366409 0.931733518838882 0.748198747634888 0.430447597714031 0.39081670256222 0.582291752099991 0.618796736001968 0.628206014633179 0.643801748752594 0.447176874560468 0.41783166457625 0.407251725302023 0.706419765949249 0.742291986942291 0.725022256374359 0.676560521125793 0.644676744937897 0.67341673374176 0.687691241502762 0.594363749027252 0.594905495643616 0.728895485401154 0.315642387459153 0.329859342645196 0.320824503022082 0.471556514501572 0.547700226306915 0.463569983839989 0.424550250172615
-9999 -9999 -9999 -9999 -9999 -9999 -9999 -9999 -9999 -9999 -9999 -9999 -9999 -9999 -9999 -9999 -9999 -9999 -9999 -9999 -9999 -9999 3.60805177688599 1.69585085660219 1.28244138881564 1.09874767810106 1.04603782296181 0.906562780961394 0.776178019121289 1.03389826416969 0.932455748319626 0.967476725578308 0.936973243951797 0.955612242221832 0.95991724729538 0.448787806665196 0.676838994026184 0.657899767160416 0.626169502735138 0.398680508136749 0.386756882071495 0.623680740594864 0.375413643963197 0.409921656636631 0.366128157166874 0.355675112675218 0.339174696627785 0.855565518140793 0.760488510131836 0.633967995643616 0.681209023061552 0.730948746204376 0.757541239261627 0.403452523490962 0.419537502176621 0.427801069967887 0.421920518664753 0.384545474367983 0.380902219344588 0.696678875308288 0.801544517278671 0.617311809408037
-9999 -9999 -9999 -9999 -9999 -9999 -9999 -9999 -9999 -9999 -9999 -9999 -9999 -9999 -9999 -9999 -9999 -9999 -9999 -9999 2.64602583646774 3.83733753286875 1.81284672617912 1.60334236174822 1.28999514877796 1.02577325701714 0.893575040733113 0.888569617972654 1.08708993718028 1.0246940664947 1.01914949342608 0.927795499563217 0.931845247745514 0.927804738283157 0.931903511285782 0.882421493530273 0.688582409830654 0.707688510417938 0.7112917304039 0.453093525241403 0.347672213526333 0.326815798002131 0.587657511234283 0.608059018850327 0.389419408405528 0.386236901668941 0.670604467391968 0.806380009964893 0.643525987863541 0.644033759832382 0.740302327432131 0.699116935071192 0.687614512286688 0.671511024236679 0.452494729967678 0.427145514418097 0.519858390969389 0.441899076104164 0.453448181643206 0.877444744110107 1.03368899226189 0.719669281652099
-9999 -9999 -9999 -9999 -9999 -9999 -9999 -9999 -9999 -9999 -9999 -9999 -9999 -9999 -9999 -9999 -9999 -9999 -9999 -9999 2.23424880229713 2.03758138418198 1.33263451211593 1.36076914519072 1.23933310434222 1.1287915147841 0.906123329611386 0.880588473642574 1.06777155026793 1.09673051163554 1.08254214003682 1.12765240296721 0.834949493408203 0.836044788360596 0.850205719470978 0.865481495857239 0.862311512231827 0.810474514961243 0.786961734294891 0.664039186741176 0.395120067631497 0.561023741960526 0.622552344673558 0.625269685920916 0.632637855253722 0.638305325257151 0.605162091114942 0.742513965157901 0.94880074262619 0.897049754858017 0.706481130499589 0.477824118733406 0.490794906020164 0.747038048348929 0.631610870361328 0.459706816077232 0.423556503127603 0.50939528556431 0.670939858806761 0.553273612731381 0.975739066089903 0.366636658553034
-9999 -9999 -9999 -9999 -9999 -9999 -9999 -9999 -9999 -9999 -9999 -9999 -9999 -9999 -9999 -9999 -9999 -9999 -9999 7.16811819587435 2.53757122904062 1.81747086346149 1.45170553028584 1.40012182295322 1.34426419436932 1.23564649745822 1.14592171087861 0.845078114201041 1.1589397341013 0.793046188705108 0.845308989286423 0.844020992517471 0.832506716251373 0.832216501235962 0.854841023683548 0.909482479095459 0.598401741069906 0.782642245292664 0.72036474943161 0.683626789795725 0.670122582661478 0.362730753421783 0.362351846694946 0.392686048150063 0.366303142905235 0.598833501338959 0.842760264873505 0.795223653316498 0.938705742359161 1.19201498171862 0.407965019345284 0.568786033987999 0.72221068410497 0.839466905593872 0.562716007232666 0.437513548135757 0.451335892081261 0.470745134353638 0.443258401751518 0.485493904352188 0.479442295432091 0.35388374914016
-9999 -9999 -9999 -9999 -9999 -9999 -9999 -9999 -9999 -9999 -9999 -9999 -9999 -9999 -9999 -9999 -9999 -9999 6.20707927644253 4.93311665207148 3.45640540122986 2.24385541677475 1.6244360357523 1.45073325186968 1.26677342131734 1.17331114411354 1.09987305477262 0.830466659630046 1.1661182641983 0.724508664187263 0.81079426407814 0.791480243206024 0.769593507051468 0.791452020406723 0.782842248678207 0.78362900018692 0.846794754266739 0.660897254943848 0.623866021633148 0.60119794216007 0.454593153297901 0.454066349565983 0.404658754169941 0.639890253543854 0.568904742598534 0.685358583927155 1.14214250871113 1.27729965959276 0.950039632180158 0.556966118514538 0.597878715709636 0.416326786391437 0.380277008749545 0.391270978376269 0.388562738895416 0.364552786946297 0.440551668405533 0.529885652661324 0.518772152066231 0.352521530219487 0.477265631159147 0.639167826622725
-9999 -9999 -9999 -9999 -9999 -9999 -9999 -9999 -9999 -9999 -9999 -9999 -9999 -9999 -9999 -9999 -9999 25.0609098032031 8.88329449821921 8.79902574419975 5.89890599995852 2.56780618429184 1.53473925590515 1.3359581194818 1.21678745001554 1.14915719255805 1.09906996786594 0.975113220512867 0.707623316961176 0.812154024839401 0.798887252807617 0.660430109676193 0.759008228778839 0.792019993066788 0.717745512723923 0.631162865196957 0.798295021057129 0.859537750482559 0.833198249340057 0.859325498342514 0.685532510280609 0.605212241411209 0.593151986598969 0.536171048095352 0.45636074244976 0.657214941162812 0.583105236291885 0.49445805041229 0.626887120306492 0.478448089957237 0.577336817979813 0.477508655190468 0.478297045826912 0.503903388977051 0.70275631248951 0.612218737602234 0.630092376843095 0.599414301104844 0.584997591376305 0.564286360144615 0.566052746772766 0.647494893325003
-9999 -9999 -9999 -9999 -9999 -9999 -9999 -9999 -9999 -9999 -9999 -9999 -9999 -9999 -9999 -9999 -9999 -9999 -9999 2.49571228027344 1.96284189294366 1.76828169822693 1.35958418995142 1.30364502221346 1.20615169778466 1.12549934908748 0.885749364600462 0.858662990232309 0.8471356878678 0.77964320530494 0.619382516426199 0.636127276455655 0.449886102229357 0.629221264053794 0.612647152998868 0.682165592908859 0.689362623189625 0.626684127669585 0.62846964127139 0.591963830747102 0.580658660907494 0.451664857128087 0.562030255794525 0.572990506887436 0.515009507536888 0.498077243566513 0.51527900993824 0.573701020549325 0.400543883442879 0.39137768978253 0.582479846477509 0.760498934984207 0.69014250934124 0.666395857930183 0.643164467811584 0.891753315925598 0.66664260327816 0.647158053517342 0.634442692995071 0.734987837076187 0.378182245089727 0.54206573870033
-9999 -9999 -9999 -9999 -9999 -9999 -9999 -9999 -9999 -9999 -9999 -9999 -9999 -9999 -9999 3.04395070672035 2.86024094790947 5.95625046052431 2.50502097606659 2.35792201757431 1.66405752301216 1.48797726631165 1.24345847591758 1.10681054368615 0.926170382648706 0.960858017206192 0.887461721897125 1.03065279126167 0.865978509187698 0.683554788430532 0.691738265256087 0.524926110170782 0.500153046101332 0.646311752936419 0.580931356724571 0.717523229749579 0.695629877479453 0.659614539460132 0.744605988264084 0.720036000013351 0.523797567933798 0.460924968123436 0.45319827273488 0.678897753357887 0.781566485762596 0.72512242756784 0.697580175474286 0.232504547080573 0.409618891775608 0.561271282679894 0.486965870156008 0.361928999423981 0.611321887799672 0.664468095637858 0.538319857791066 0.709871174767613 0.687755693681538 0.654642614722252 0.692645716667175 0.321584351892982 0.649616253376007 0.677798747085035
-9999 -9999 -9999 -9999 -9999 -9999 -9999 -9999 -9999 -9999 35.2986888885498 35.2986888885498 13.7248649597168 4.34544510191137 5.12748118042946 3.51268008176018 2.31617182142594 2.87453877925873 2.80123448371887 2.66863977909088 1.78962528705597 1.57295650243759 1.43577593564987 0.919178433716297 0.851778614170411 0.843548513510648 0.904350399971008 0.860712345689535 0.567225883988773 0.632287546992302 0.629277966478292 0.429537087678909 0.427295350469649 0.41937805339694 0.752881270997664 0.77476082663787 0.737403998249456 0.735119170264194 0.673107462493997 0.652311783087881 0.494685538551387 0.766525238752365 0.530724443057004 0.685020238161087 0.473468053154647 0.397710842080414 0.317908309400082 0.459489013342296 0.543639400426079 0.541369836120045 0.428325742483139 0.393998011946678 0.471728411667487 0.456605373060002 0.389122685088831 0.683306863903999 0.742279887199402 0.614305146038532 0.360944033733436 0.422378910084566 0.326548494398594 0.438088586663499
-9999 -9999 -9999 -9999 -9999 -9999 -9999 -9999 -9999 -9999 35.2986888885498 5.26989577876197 4.47092765569687 15.8335714901195 3.42369758455377 3.45250364353782 3.86814282157204 4.05926698132565 5.23675093910482 3.37880931388248 1.68356858566403 1.62174952030182 1.2722772359848 0.973710715770721 0.860771611332893 0.781769458204508 0.826914478093386 0.701322257518768 0.620276510715485 0.79273508861661 0.869210437816732 1.04041820921396 0.693907220573986 0.968429723852559 0.844602617778276 0.513412095606327 0.50569162145257 0.84271252155304 0.788771615308874 0.478328481316566 0.653692413778866 0.666689809630899 0.677809657234895 0.651570232290971 0.497043795883656 0.678375911555792 0.659200804013955 0.595444909836117 0.540716860224219 0.574134139453664 0.612904823878232 0.600016593933105 0.529964999240987 0.516593088121975 0.505676828763064 0.445854837403578 0.339957252144814 0.290090245194733 0.489117972114507 0.472165062147028 0.339772000908852 0.342959063127637
-9999 -9999 -9999 -9999 -9999 -9999 -9999 -9999 -9999 -9999 -9999 -9999 6.91831150421729 3.42679077386856 3.76527174523002 5.9443600286137 -9999 -9999 -9999 -9999 -9999 -9999 1.26022194139659 1.12221412919462 1.05307529680431 0.902508658356965 0.899836868047714 0.800481358543038 0.740121681243181 0.755315797403455 0.675572484731674 0.65057247877121 0.89463708505911 1.05598760435456 0.630050485332807 0.594470776617527 0.463749380316585 0.449315749108791 0.476721748709679 0.726645669516395 0.675759299713023 0.697514160591013 0.765825146122983 0.707350589727101 0.619638614794787 0.606341421604156 0.611197019324583 0.6429043692701 0.630703116164488 0.602623490726247 0.570914394715253 0.553218362962498 0.366325758397579 0.358002513647079 0.505378499627113 0.574550439329708 0.581174738266889 0.588135841302574 0.679114911901323 0.765639560787301 0.960362679079959 0.769666761159897
-9999 -9999 -9999 -9999 -9999 -9999 -9999 -9999 -9999 -9999 -9999 -9999 -9999 16.6274771690369 16.6274771690369 16.6274771690369 -9999 -9999 -9999 -9999 -9999 -9999 4.94490551948547 4.94490551948547 4.94490551948547 0.308659605681896 1.29650464128045 1.13047275692225 0.927894809666802 0.71255499124527 1.06730198421899 1.09295044225805 0.999342817594023 0.904786679674597 1.1464403883407 0.65930599719286 0.368756487965584 0.377443507313728 0.626149649567464 0.536181178875268 0.554854277987033 0.522348128724843 0.732885876122643 0.500202425289899 0.49535488570109 0.494613292627037 0.464399139862508 0.640098005533218 0.591845497488976 0.670141264796257 0.445536248385906 0.44072800129652 0.411743484437466 0.371758498251438 0.383633241057396 0.398664468997403 0.524951282669516 0.354427496853628 0.238176272716373 0.601822602905725 0.810671600428495 0.544549137353897
-9999 -9999 -9999 -9999 -9999 -9999 -9999 -9999 -9999 -9999 -9999 -9999 -9999 -9999 -9999 -9999 -9999 -9999 -9999 -9999 -9999 -9999 -9999 -9999 -9999 -9999 3.36183931325611 1.94597321748734 2.18880450725555 1.6018216478474 1.28997321777484 1.19091863404302 1.0938087149578 1.01034283813308 0.934568542767973 0.821694952600142 1.03305702303585 0.286162689328194 0.286386922001839 0.573298351373523 0.58705191873014 0.578727641142905 0.557065228465945 0.551108265761286 0.565763956401497 0.748715658398236 0.59240103000775 0.44701424241066 0.430843003094196 0.437029503285885 0.440812006592751 0.430854745209217 0.430529490113258 0.388007499277592 0.398559011518955 0.314188404008746 0.296198808588088 0.408527920351309 0.394312630681431 0.510456928610802 0.362011338273684 0.371578118453423
-9999 -9999 -9999 -9999 -9999 -9999 -9999 -9999 -9999 -9999 -9999 -9999 -9999 -9999 -9999 -9999 -9999 -9999 -9999 -9999 -9999 -9999 -9999 -9999 -9999 -9999 -9999 3.91347638765971 3.49509140849113 2.59026038646698 2.0681919788613 2.62490018417961 1.54861881335576 0.641807843931019 0.947779429309508 0.766402579843998 1.15849647082781 1.08698483074413 0.936030517606174 0.750384539365768 0.483832282014191 0.489349532872438 1.18610030062058 0.939194803728777 0.984045677325305 0.469808989204466 0.457392943091691 0.482978746294975 0.46560700237751 0.444067254662514 0.449288740754128 0.444755509495735 0.346080750226974 0.329376257956028 0.320924744009972 0.33500799536705 0.407121939584613 0.428762260605307 0.483808622548455 0.510016956925392 0.344804673145215 0.323247507214546
