EcologicalScience/Bass/data/rs_data_bass/chl_50.asc
NCOLS 226 
NROWS 124 
XLLCORNER -9.41648524995501 
YLLCORNER 47.587301625531 
CELLSIZE 0.0833 
NODATA_value -9999 
[rows 54 to 80 of 124, columns 0 to 61 of 226]
-9999 -9999 -9999 -9999 -9999 -9999 -9999 -9999 -9999 -9999 -9999 -9999 -9999 -9999 -9999 -9999 -9999 -9999 -9999 -9999 -9999 -9999 -9999 -9999 -9999 -9999 -9999 -9999 -9999 -9999 -9999 -9999 -9999 -9999 -9999 -9999 -9999 -9999 4.36878734375851 2.52655079535076 2.16762329425131 1.79469379782677 1.47516521066427 1.34888410568237 1.36063921451569 1.3077142983675 1.22873528301716 1.19642439484596 1.03477666378021 1.48506028737341 1.52813107201031 1.55595606565475 1.68827993529184 1.88352605274745 2.2448713353702 2.41226828098297 2.68857775415693 2.49035207927227 -9999 0.607058599591255 0.62790758907795 -9999
-9999 -9999 -9999 -9999 -9999 -9999 -9999 -9999 -9999 -9999 -9999 -9999 -9999 -9999 -9999 -9999 -9999 -9999 -9999 -9999 -9999 -9999 -9999 -9999 -9999 -9999 -9999 -9999 -9999 -9999 -9999 -9999 -9999 -9999 -9999 -9999 -9999 -9999 -9999 2.50869812709945 2.27938462155206 1.93521916866302 1.53892987966537 1.5169772952795 1.40164647996426 1.27878308296204 1.21154996007681 1.08118422627449 1.05197889038495 1.55767118505069 1.56153228878975 1.53254970482418 1.65713215725762 1.96860850708825 2.42610252755029 2.42813283205032 2.09033031710263 -9999 -9999 -9999 -9999 -9999
-9999 -9999 -9999 -9999 -9999 -9999 -9999 -9999 -9999 -9999 -9999 -9999 -9999 -9999 -9999 -9999 -9999 -9999 -9999 -9999 -9999 -9999 -9999 -9999 -9999 -9999 -9999 -9999 -9999 -9999 -9999 -9999 -9999 -9999 -9999 -9999 -9999 -9999 -9999 -9999 1.86729028820992 1.77056227624416 1.55055373907089 1.5352791249752 1.55554908514023 1.37025139480829 1.26520975679159 1.69889904345785 1.67004661049162 1.76565314531326 1.73331672804696 1.84164582405772 1.79677081959588 1.89858310563224 2.03147335563387 2.21668880326407 1.8813134936186 1.85253893412077 2.47086396217346 -9999 -9999 -9999
-9999 -9999 -9999 -9999 -9999 -9999 -9999 -9999 -9999 -9999 -9999 -9999 -9999 -9999 -9999 -9999 -9999 -9999 -9999 -9999 -9999 -9999 -9999 -9999 -9999 -9999 -9999 -9999 -9999 -9999 -9999 -9999 -9999 -9999 -9999 -9999 -9999 -9999 -9999 -9999 1.87911091957773 1.69266087668283 1.64091292875154 1.64425410543169 1.54365558922291 1.40150415438872 1.33944398623246 1.89405477046967 1.76876457248415 1.72603892428534 1.60897384796824 1.78789449589593 1.51511217355728 1.53920028805733 1.63763140439987 2.16992346729551 1.94937584033379 1.95542712395008 1.94678050738115 2.10778899703707 9.94793937394494 -9999
-9999 -9999 -9999 -9999 -9999 -9999 -9999 -9999 -9999 -9999 -9999 -9999 -9999 -9999 -9999 -9999 -9999 -9999 -9999 -9999 -9999 -9999 -9999 -9999 -9999 -9999 -9999 -9999 -9999 -9999 -9999 -9999 -9999 -9999 -9999 -9999 -9999 -9999 -9999 -9999 -9999 1.88234671098845 1.63568530338151 1.64837387629918 1.62195895726864 1.5174701488935 1.37619012594223 1.89330554008484 1.87698411941528 1.74924159049988 1.44586562684604 1.15404821844662 1.31476608795278 1.5513130903244 1.46454780242022 1.4235700859743 1.5943775177002 1.68733292818069 1.7460778768246 1.73893278837204 7.14084014296532 -9999
-9999 -9999 -9999 -9999 -9999 -9999 -9999 -9999 -9999 -9999 -9999 -9999 -9999 -9999 -9999 -9999 -9999 -9999 -9999 -9999 -9999 -9999 -9999 -9999 -9999 -9999 -9999 -9999 -9999 -9999 -9999 -9999 -9999 -9999 -9999 -9999 -9999 -9999 -9999 -9999 -9999 2.05935763886997 1.70652282663754 1.59303462505341 1.58625855190413 1.56282336371286 2.10379125390734 1.89892785889762 1.89566295913288 1.8853871354035 1.88648263897215 1.46072599717549 1.21826913251596 1.1374072432518 1.25757151842117 1.51108140211839 1.5233239531517 1.75235569477081 1.7897834273485 -9999 -9999 -9999
-9999 -9999 -9999 -9999 -9999 -9999 -9999 -9999 -9999 -9999 -9999 -9999 -9999 -9999 -9999 -9999 -9999 -9999 -9999 -9999 -9999 -9999 -9999 -9999 -9999 -9999 -9999 -9999 -9999 -9999 -9999 -9999 -9999 -9999 -9999 -9999 -9999 -9999 -9999 -9999 2.34229059730257 2.17161848289626 2.08873114841325 1.63038517832756 1.59498839378357 1.56967405860241 1.82678303823752 1.59925397704629 1.97377740485328 1.97172206640244 1.93094340818269 2.04194977028029 1.74167099169322 1.49769335526686 1.64705417247919 2.0086735367775 2.0586723446846 -9999 -9999 6.41238937854767 2.70159893376487 2.65177810192108
-9999 -9999 -9999 -9999 -9999 -9999 -9999 -9999 -9999 -9999 -9999 -9999 -9999 -9999 -9999 -9999 -9999 -9999 -9999 -9999 -9999 -9999 -9999 -9999 -9999 -9999 -9999 -9999 -9999 -9999 -9999 -9999 -9999 -9999 -9999 -9999 -9999 -9999 -9999 2.87451921701431 2.30128914969308 2.25098848342896 1.94885562062263 1.75916941761971 1.64708427786827 1.88339965045452 1.81337834256036 1.87597938946315 1.96551811695099 1.88590666651726 1.95165538787842 1.87918881859098 1.34615528057603 1.56398399976584 1.89434556319163 1.77141952514648 2.28851121664047 1.80002576112747 2.13708467781544 2.01166400313377 2.0632141828537 2.05558646576745
-9999 -9999 -9999 -9999 -9999 -9999 -9999 -9999 -9999 -9999 -9999 -9999 -9999 -9999 -9999 -9999 -9999 -9999 -9999 -9999 -9999 -9999 -9999 -9999 -9999 -9999 -9999 -9999 -9999 -9999 -9999 -9999 -9999 -9999 -9999 -9999 -9999 -9999 -9999 3.07118974012487 2.3214670249394 2.0787759244442 1.80655535459518 1.62224256396294 1.56130427122116 1.45858634114265 1.96916551887989 1.90762603282928 1.77287009816903 1.599222105283 1.61280293124063 1.30958494085532 1.36645552974481 1.46649470466834 1.66552629190333 1.70651113986969 1.77526244696449 2.18524840703377 1.80841100215912 1.95252861295428 2.03754488059453 1.85377100339303
-9999 -9999 -9999 -9999 -9999 -9999 -9999 -9999 -9999 -9999 -9999 -9999 -9999 -9999 -9999 -9999 -9999 -9999 -9999 -9999 -9999 -9999 -9999 -9999 -9999 -9999 -9999 -9999 -9999 -9999 -9999 -9999 -9999 -9999 -9999 -9999 -9999 -9999 3.12211325392127 2.35613524062293 2.23932791181973 1.82304266691208 1.71394144296646 1.61507098078728 1.52399310469627 1.30650103092194 1.23234958648682 1.24179010391235 1.90136158924836 1.59639804179852 1.60861586406827 1.81530565023422 1.12439125547042 1.51769137611756 1.84531691441169 1.34464371204376 1.36483949422836 1.55302953720093 1.54916650056839 1.93704958472933 1.83511638641357 2.08161629621799
-9999 -9999 -9999 -9999 -9999 -9999 -9999 -9999 -9999 -9999 -9999 -9999 -9999 -9999 -9999 -9999 -9999 -9999 -9999 -9999 -9999 -9999 -9999 -9999 -9999 -9999 -9999 -9999 -9999 -9999 -9999 -9999 -9999 -9999 -9999 -9999 -9999 -9999 2.19154255092144 2.06798847317696 1.82032409906387 1.63465865850449 1.42617166638374 1.29886726737022 1.31524111628532 1.32573964595795 1.18802487850189 1.19286828637123 1.18124482631683 1.93194719002797 1.62953161001205 1.5738123357296 1.76403130476291 1.57384172311196 1.45702155507528 1.22710376977921 1.79974865913391 1.83368159191949 1.91837895768029 1.38971453905106 1.79813152093154 1.78785434136024
-9999 -9999 -9999 -9999 -9999 -9999 -9999 -9999 -9999 -9999 -9999 -9999 -9999 -9999 -9999 -9999 -9999 -9999 -9999 -9999 -9999 -9999 -9999 -9999 -9999 -9999 -9999 -9999 -9999 -9999 -9999 -9999 -9999 -9999 -9999 -9999 -9999 2.15667378902435 2.1629673063755 1.97054867148399 1.66736059784889 1.51500879526138 1.29123612046242 1.26566540598869 1.32134869322181 1.73503476839799 1.36770689114928 1.27914918615268 1.42953653977467 1.58702145860745 1.7245994072694 1.66410628878153 1.59077324271202 1.47541533112526 1.29069696939909 1.2517288506031 1.18157425981302 1.34994777120077 1.36485412716866 1.51185942154664 1.42552137374878 2.50942497700453
-9999 -9999 -9999 -9999 -9999 -9999 -9999 -9999 -9999 -9999 -9999 -9999 -9999 -9999 -9999 -9999 -9999 -9999 -9999 -9999 -9999 -9999 -9999 -9999 -9999 -9999 -9999 -9999 -9999 -9999 -9999 -9999 -9999 -9999 -9999 -9999 -9999 2.30748573541641 2.05264317989349 1.75547093153 1.56299760341644 1.33909611105919 1.26793327331543 1.24109483682192 1.73992851376534 1.68394162333929 1.74689297951185 1.37242114085418 1.60983064082953 1.70754921665558 1.75217799727733 1.6814552293374 1.39149600863457 1.30045310727188 1.30264497995377 1.84062798959868 1.22179507017136 1.26058432459831 1.36058833003044 1.50332990884781 1.53076986074448 1.58583263158798
-9999 -9999 -9999 -9999 -9999 -9999 -9999 -9999 -9999 -9999 -9999 -9999 -9999 -9999 -9999 -9999 -9999 -9999 -9999 -9999 -9999 -9999 -9999 -9999 -9999 -9999 -9999 -9999 -9999 -9999 -9999 -9999 -9999 -9999 -9999 -9999 2.47944929725245 2.16790097951889 1.98065177798271 1.60633138418198 1.41634321808815 1.00830317735672 0.810435550717207 1.59375003831727 0.617158502340317 0.676076978445053 0.730323761701584 1.34970201895787 1.57537544965744 1.60521591397432 1.59938763196652 1.54797172087889 1.40657874345779 1.27171311974525 1.27341431379318 1.23628264069557 1.26509421467781 1.30000048279762 1.59083738327026 1.68178161382675 1.68234193325043 2.44679089910106
-9999 -9999 -9999 -9999 -9999 -9999 -9999 -9999 -9999 -9999 -9999 -9999 -9999 -9999 -9999 -9999 -9999 -9999 -9999 -9999 -9999 -9999 -9999 -9999 -9999 -9999 -9999 -9999 -9999 -9999 -9999 1.23633537255228 1.12368775407473 -9999 2.10493344068527 2.00854575634003 2.01147735577363 1.75761739611626 1.73704029321671 1.56473149657249 1.18310978449881 0.883673390373588 0.81186900138855 1.19231816655711 1.13629169762135 1.13113141804934 1.3480273373425 1.45993497541973 1.44539666771889 1.44137908944062 1.47356561039175 1.49559662384646 1.42205804586411 1.2525318980217 1.28569023609161 1.33329528570175 1.3997705757618 2.53009837120771 1.91629427671432 3.14335327148438 1.72752091131712 2.35519686341286
-9999 -9999 -9999 -9999 -9999 -9999 -9999 -9999 -9999 -9999 -9999 -9999 -9999 -9999 -9999 -9999 -9999 -9999 -9999 -9999 -9999 -9999 0.346259817481041 1.29007571935654 1.88921331763268 2.00703277971063 1.84947813621589 1.91351085049765 2.0601022200925 1.29456871109349 0.7041617911309 1.20971937775612 1.08858534693718 1.24903453460761 1.33347147703171 1.46981772780418 1.56984293460846 1.23676184458392 1.33137592077255 1.35366761684418 1.17401404976845 0.902407684922218 1.15559120774269 1.24194711885032 1.28282883062082 1.51528006792068 1.41890938878059 1.45902760028839 1.60156635301454 1.35093961868967 1.34130184139524 1.4230618417263 1.50335698723793 1.45830883979797 1.51551496982574 1.50563263893127 1.63585758209229 2.09499914276189 2.51961528553682 -9999 -9999 -9999
-9999 -9999 -9999 -9999 -9999 -9999 -9999 -9999 -9999 -9999 -9999 -9999 -9999 -9999 -9999 -9999 -9999 -9999 -9999 -9999 -9999 -9999 1.49023852574414 1.29488816857338 1.39337989900793 1.75678239124162 1.72385040138449 1.66271455585957 1.39207652424063 1.29650050188814 0.884516268968582 0.769577009337289 0.807298536811556 0.888170561620167 0.890763140150479 0.828635445662907 0.786553987434932 0.84064848950276 0.863893303733606 1.01240572631359 1.02158416119906 0.80658615231514 0.788599386811256 1.43805066645145 1.49618379473686 1.50464386343956 1.35020786523819 1.52358580231667 1.51613847613335 1.41805380582809 1.55423370429448 1.53221080132893 1.72413557767868 2.03101556499799 1.90294560045004 -9999 -9999 -9999 -9999 -9999 -9999 -9999
-9999 -9999 -9999 -9999 -9999 -9999 -9999 -9999 -9999 -9999 -9999 -9999 -9999 -9999 -9999 -9999 -9999 -9999 -9999 19.0282729938626 2.24790771305561 1.05789703130722 1.01421133748123 1.12382152676582 1.36785223015717 1.48747594228813 1.44565008580685 1.43475733484541 1.20973722849573 0.94270664027759 0.818049245647022 0.676206695181983 0.690044358372688 0.727006303412574 0.780248804734303 0.76516618686063 0.730587020516396 0.700247155768531 0.717153537486281 0.808638632297516 0.951562622189522 0.952149056471311 1.07916400432587 1.46818577945232 1.53106498420239 1.52338103055954 1.49961929917336 1.76093951555399 1.79337855027272 1.86944385216786 1.75664392113686 -9999 -9999 -9999 -9999 -9999 -9999 -9999 -9999 -9999 -9999 -9999
-9999 -9999 -9999 -9999 -9999 -9999 -9999 -9999 -9999 -9999 -9999 -9999 -9999 -9999 -9999 -9999 -9999 1.07846715450287 1.18753863573074 1.33763197660446 1.09635678572314 1.18138428671019 1.02704024740628 0.794294676610402 1.04941099456378 0.871888167091778 0.874872606779848 0.932115558002676 0.794218789253916 0.674777588674 0.667568462235587 0.664754387523447 0.649708925613335 0.620832586288452 0.682515170957361 0.672013649344444 0.666121914982796 0.65453574359417 0.655830812454224 0.690546667575836 0.68725769008909 0.712015513862882 0.666572999209166 1.48256839926426 1.58500246015879 1.47763136716989 1.4683461028796 1.95702101588249 2.02187442183495 1.32122474412123 1.29968079775572 -9999 -9999 -9999 -9999 -9999 -9999 -9999 -9999 -9999 -9999 -9999
-9999 -9999 -9999 -9999 -9999 -9999 -9999 -9999 -9999 -9999 -9999 -9999 -9999 -9999 1.16034518480301 1.13639936447144 1.01100134849548 0.95413743853569 0.963395342230797 0.994011960923672 1.18560242839158 1.06437607109547 0.603341814130545 0.612744208957468 0.594259672931262 0.595598031367574 0.617792982075896 0.629729552992753 0.607000220034804 0.557099997997284 0.597717612981796 0.617160379886627 0.605217892676592 0.58956924195473 0.54457725584507 0.643809173256159 0.66313623264432 0.626950764656067 0.635171547532082 0.639491834278618 0.658543892204762 0.68339084318051 0.650725889950991 1.67719428879874 1.42351884566821 1.30188111960888 1.3569545686245 1.59431653756362 1.70377586438106 1.44473476134814 1.18486902713776 1.62172046899796 -9999 -9999 -9999 -9999 -9999 -9999 -9999 -9999 -9999 -9999
-9999 -9999 -9999 -9999 -9999 -9999 -9999 -9999 -9999 -9999 -9999 2.62035830318928 1.12913429886103 1.05065191984177 1.13861877918243 1.09618072743927 1.01679666766099 0.936708652547428 0.942931846848556 0.548520013689995 0.890130649965543 0.639637176479612 0.599892769008875 0.572173342108727 0.543703443237713 0.530056108321462 0.556898705661297 0.559759635478258 0.555333763360977 0.537655502557755 0.577959105372429 0.565970983356237 0.574593123048544 0.58019645139575 0.582261804491282 0.54118050634861 0.597014263272285 0.595042124390602 0.594790827482939 0.587505202740431 0.618081994354725 0.608131051063538 0.594784116744995 0.639191123155447 1.39615662097931 1.47067418465248 1.43428924909005 1.38211053151351 1.41006654959459 1.31319612572933 1.71184319257736 -9999 -9999 -9999 -9999 -9999 3.08448209540789 1.78800277647219 2.43993098321168 3.24056322159974 3.11071608066559 -9999
-9999 -9999 -9999 -9999 -9999 -9999 -9999 -9999 -9999 1.07643082312175 1.02741904700956 1.03645304803337 1.15784461796284 1.12901154458523 1.28335718512535 1.25080829220159 0.779187709093094 0.7453462811453 0.685895132699183 0.647074724946703 0.619475253990718 0.612545779773167 0.527774180684771 0.498745293489524 0.424735809950268 0.454461733207983 0.47993784823588 0.51158632338047 0.584383517503738 0.592013239860535 0.5656360052526 0.567811232060194 0.565199755132198 0.570777051150799 0.564666047692299 0.568401984870434 0.58381725102663 0.582781866192818 0.587501209229231 0.577037494629622 0.591056428849697 0.601961828768253 0.644031526950689 0.644670071510168 1.27031035934176 1.56007879413664 1.59501311928034 1.68115833029151 1.66396749392152 1.39626466631889 1.41911878585815 2.51845337077975 1.60533864498138 2.55180782780928 2.06600324731124 2.19677174091339 2.43224112689495 2.14446861403329 1.96873636543751 1.7601300239563 1.85158232011293 -9999
-9999 -9999 -9999 -9999 -9999 0.898454576730728 0.838479663644518 0.828166129333632 0.940846604960305 1.02673061192036 1.00867209051337 1.00044131385429 0.90672333751406 0.880183208201613 0.823702163994312 0.624618836811611 0.613050431013107 0.598737926437305 0.6468134866311 0.634153728301709 0.597143353177951 0.515681236982346 0.508962868579796 0.548178517392703 0.535516111978463 0.486400991678238 0.480596100645406 0.511894518136978 0.5794927328825 0.550036944448948 0.566429551690817 0.564680453389883 0.561545178294182 0.567499373108149 0.561079327017069 0.570665184408426 0.568888504058123 0.576419942080975 0.545916419476271 0.589688064530492 0.606921595335007 0.587202608585358 0.665709918737412 0.559794729246813 0.632517178268994 1.41792075634003 1.3574211359024 1.24799751183566 1.49690525606275 1.43398148417473 1.39885590626643 1.41935887703529 1.48860735159654 1.90721580811909 1.93053644044059 1.61337718138328 0.885283236320202 2.09069079905748 1.89549403190613 1.90217177867889 2.08029551506042 1.98724818655423
-9999 -9999 -9999 -9999 -9999 0.734008232397693 0.63807941749692 0.603048601001501 0.835166477731296 0.782613123101848 0.756955577858857 0.729034599448953 0.743993949431639 0.680979563066593 0.612996550542968 0.586517775287995 0.59084568803127 0.567729903215712 0.551915165036917 0.531423402103511 0.532454314140173 0.521937111249337 0.531964088861759 0.552857828991754 0.568187314484801 0.566576248833111 0.509385274989264 0.499051323958806 0.530152682214975 0.557327870279551 0.561084359884262 0.558594066649675 0.565661519765854 0.556926123797894 0.581345204263926 0.572154358029366 0.53787724673748 0.559684824198484 0.537291800603271 0.586504758280866 0.560157996912797 0.582196977521692 0.984070837497711 1.13750678300858 1.17271276882717 1.32111742028168 1.36406397393772 1.37758445313999 1.41512258137975 1.42960808426142 1.57201122045517 1.1289155717407 1.19435113242694 1.71785393953323 1.60438798069954 1.57768803834915 1.56818926334381 1.70031523704529 1.56320983171463 1.73473560810089 1.93158348543303 1.98042329294341
-9999 -9999 -9999 -9999 -9999 0.413107484579086 0.49509199051296 0.504668444395065 0.471257746219635 0.584046325513295 0.559909640678338 0.473849984151976 0.503593600222043 0.520948808108057 0.593819876129811 0.610425966126578 0.588743692407241 0.522002925093357 0.56728671835019 0.529759147992501 0.530208913179544 0.511702399987441 0.500674624855702 0.530048317634142 0.523409987134593 0.458224645256996 0.493308748711239 0.524407318660191 0.538244507529519 0.544129230082035 0.540551826357841 0.545347809791565 0.55319631844759 0.557399418205023 0.545825500041246 0.551294181495905 0.594881657291861 0.561712730389375 0.568581004353131 0.55541470033281 0.53674339024084 0.615816003084183 0.639216148853302 0.589819792438956 0.67648007614272 1.21280837059021 1.20339104533195 1.33272361329624 1.35966693290642 1.38658770918846 0.900649890303612 1.0079461570297 1.61551965475082 1.71444910450986 1.61061425010363 1.5292671918869 1.58127683401108 1.74673283100128 1.75699353218079 1.64463649903025 1.80718768920217 1.93982839584351
-9999 -9999 -9999 -9999 -9999 0.438014290788594 0.44420750439167 0.305700150132179 0.37707862816751 0.49977470934391 0.381808312609792 0.489823707512447 0.498017472880227 0.383467503465139 0.598076593417388 0.489759402779432 0.456120569258928 0.339803205430508 0.363915501534939 0.660623584474836 0.473800087204346 0.451165492718036 0.497484687429208 0.599310853651592 0.535467969519751 0.297679363326593 0.481459354812449 0.544027377452169 0.54724558442831 0.575040115841797 0.556244877832276 0.54374561086297 0.564079253719403 0.559401859457676 0.503951076418161 0.541657973738278 0.532039148842587 0.540501399951823 0.554474286296788 0.522974252700806 0.546611854434013 0.552293235292801 0.571050620996035 0.77032710313797 0.678253501653671 1.09921861333506 1.17595400810242 1.30179212348802 1.36714509129524 1.34395538270473 1.31409781745502 1.12577177469547 1.30642243368285 1.57183438539505 1.65209966897964 1.57411801815033 1.59458774328232 1.76754266023636 1.61637222766876 2.17800691253261 2.51886157806103 2.00539489090443
-9999 -9999 -9999 -9999 -9999 0.435279426164925 0.419979033224723 0.412166778655613 0.411198232980336 0.384612447023392 0.443280881818603 0.408818626776338 0.436887385323644 0.419328985305933 0.443736385840636 0.472418876794668 0.45421724823805 0.318384593725204 0.369905698299408 0.427333507686853 0.451750214283283 0.337206127551886 0.606576763093472 0.549090870789119 0.503330414111798 0.506350608972403 0.491010072139593 0.494816824793816 0.516424449590536 0.54998468206479 0.556407076808123 0.551522543797126 0.554950685455249 0.56091438806974 0.573450747590799 0.552426052781252 0.503556213834707 0.498009397703059 0.524767935276031 0.536444261670113 0.557269504666329 0.492430686950684 0.488005804664948 0.4961678824004 0.651406216621399 0.555070817470551 0.514188840108759 0.385462726000696 1.28316913247108 1.18521392941475 0.624658495187759 0.602633982896805 1.14381342274802 1.37203574180603 1.83035856485367 1.644875228405 1.69986748695374 1.55675302524316 1.54209166535964 1.48245475613154 2.36771647288249 2.49262535113555
