EcologicalScience/Bass/data/rs_data_bass/chl_352.asc
NCOLS 226 
NROWS 124 
XLLCORNER -9.41648524995501 
YLLCORNER 47.587301625531 
CELLSIZE 0.0833 
NODATA_value -9999 
[rows 84 to 111 of 124, columns 61 to 121 of 226]
-9999 -9999 -9999 -9999 -9999 -9999 -9999 -9999 -9999 -9999 -9999 -9999 -9999 -9999 -9999 -9999 -9999 -9999 -9999 -9999 -9999 -9999 -9999 -9999 -9999 -9999 -9999 -9999 -9999 -9999 -9999 -9999 -9999 -9999 -9999 -9999 -9999 -9999 -9999 -9999 -9999 -9999 -9999 -9999 -9999 -9999 -9999 -9999 -9999 -9999 -9999 -9999 -9999 -9999 -9999 -9999 -9999 -9999 4.40410670493413 2.28707358241081 5.55696165561676
-9999 -9999 -9999 -9999 -9999 -9999 -9999 -9999 -9999 -9999 -9999 -9999 -9999 -9999 -9999 -9999 -9999 -9999 -9999 -9999 -9999 -9999 -9999 -9999 -9999 -9999 -9999 -9999 -9999 -9999 -9999 -9999 -9999 -9999 -9999 -9999 -9999 37.1749906539917 -9999 3.31915879249573 3.41405034065247 -9999 -9999 2.04506145715713 1.96067029237747 2.16925120353699 2.57729852199554 1.91462177038193 2.41877031326294 1.29154121875763 1.26641249656677 2.34801632165909 1.65062320232391 -9999 -9999 -9999 1.27650529146194 1.22355151176453 4.68462145328522 3.34283781051636 1.83822745084763
-9999 -9999 -9999 -9999 -9999 -9999 -9999 -9999 -9999 -9999 -9999 -9999 -9999 -9999 1.78143388574774 1.64717727899551 1.26967951655388 1.16556599736214 1.2658942937851 1.12509450316429 -9999 -9999 -9999 -9999 -9999 -9999 -9999 -9999 -9999 1.53427119765963 0.883764714002609 1.08937874436378 1.32138374447823 -9999 3.66949796676636 -9999 -9999 -9999 -9999 1.46082445979118 1.40468475222588 1.20585671067238 1.22580975294113 1.18670779466629 1.24857303500175 1.33802103996277 1.17871123552322 1.13334596157074 1.11911326646805 1.04449278116226 1.19556453824043 1.39039877057076 1.94885927438736 0.613955989480019 1.23394203186035 1.09033799171448 1.08737924695015 0.934020727872849 0.942820519208908 0.695029512047768 0.527834236621857
-9999 -9999 -9999 -9999 -9999 -9999 -9999 -9999 -9999 -9999 -9999 4.15038359165192 2.0452167391777 0.327764242887497 1.8409538269043 1.55054998397827 0.652686014771461 1.03520920872688 0.996651738882065 1.05853575468063 1.51771584749222 1.55557216567347 -9999 1.24232975542545 1.96716527427946 1.94140644868215 -9999 -9999 1.92905883193016 0.7409947514534 0.860678225755692 1.05434998869896 1.07794949412346 1.21208024024963 1.1808375120163 -9999 -9999 3.13439763565453 2.38425377011299 1.11501297354698 1.07250827550888 1.07809647917747 1.09596374630928 1.87455305457115 1.81682324409485 1.67297422885895 1.10427153110504 0.96613347530365 0.885800242424011 0.764442712068558 1.17046592384577 1.15222895890474 0.590332478284836 0.746426269412041 0.86261397600174 0.709757253527641 0.652195483446121 0.6275534927845 0.57703498005867 0.585710272192955 0.548123270273209
-9999 -9999 -9999 -9999 -9999 -9999 -9999 -9999 -9999 -9999 2.14047256112099 1.27349849683898 0.823737770318985 0.824254542589188 0.823311746120453 0.850036472082138 0.846561044454575 0.74210849404335 0.766080737113953 0.786165028810501 0.648699760437012 0.702646493911743 1.75313618183136 0.796639502048492 0.635746479034424 1.4787442535162 0.658910259604454 0.720275983214378 0.718984499573708 0.743437483906746 0.811421245336533 0.951418519020081 1.24809300899506 1.23322275280952 1.23930296301842 1.85260874032974 1.79907037317753 1.19387850165367 1.22089648246765 1.22140198945999 1.55828547477722 1.68291306495667 1.67702704668045 1.90281969308853 1.79322972893715 0.68275348842144 0.692033261060715 0.840995281934738 0.802427977323532 0.696041241288185 0.71833723783493 0.69436651468277 0.683731511235237 0.672798737883568 0.657579749822617 0.74167200922966 0.792898535728455 0.763446003198624 0.652965009212494 0.575382739305496 0.653765246272087
-9999 -9999 -9999 -9999 -9999 -9999 -9999 -9999 -9999 -9999 1.72580011188984 1.4119811207056 1.37303665280342 0.729299247264862 0.816476225852966 0.75222972035408 0.80531170964241 0.720486000180244 0.634601980447769 0.648236989974976 0.634035006165504 0.866560488939285 0.889218717813492 0.820438474416733 0.706601992249489 0.991009533405304 1.00904470682144 0.807842284440994 0.832757234573364 0.8255595266819 0.909536272287369 1.05999299883842 1.29194471240044 1.21159279346466 1.15937402844429 1.1148127913475 1.1186595261097 1.17348378896713 1.28129401803017 1.51794451475143 1.41799199581146 1.31295374035835 1.33519050478935 0.920165240764618 0.712471514940262 0.64929074048996 0.695341497659683 0.69336225092411 0.687536269426346 0.683708980679512 0.646929770708084 0.64740751683712 0.728843986988068 0.785953491926193 0.544971764087677 0.664432480931282 0.843131214380264 0.822611957788467 0.635972231626511 0.634398758411407 0.643561497330666
4.13654887676239 -9999 -9999 -9999 -9999 -9999 -9999 -9999 -9999 -9999 0.50714398920536 0.507021009922028 0.498870000243187 0.539569482207298 0.642230272293091 0.667432487010956 0.669430509209633 0.737365499138832 0.723819762468338 0.666575253009796 0.683088764548302 0.881113529205322 0.944731503725052 0.950953513383865 0.82320973277092 1.12886327505112 1.14846977591515 1.13323876261711 0.941776514053345 1.04499220848083 1.25740277767181 1.27591574192047 1.3973947763443 1.36944374442101 1.31447178125381 1.30693048238754 1.3047967851162 1.24963653087616 1.28353947401047 1.21312201023102 1.04667976498604 0.896928012371063 0.775662034749985 0.725609242916107 0.720813006162643 0.65310001373291 0.65038950741291 0.593308478593826 0.635803520679474 0.658813521265984 0.73327200114727 0.747471749782562 0.715303480625153 0.707201242446899 0.795901536941528 0.609774738550186 0.83166977763176 0.672254249453545 0.730059742927551 0.74388076364994 0.707099229097366
1.30959597229958 1.11446473002434 0.952822476625443 1.28235071897507 1.34475445747375 -9999 -9999 -9999 1.43251547589898 0.802756458520889 0.69402676820755 0.442397251725197 0.536554500460625 0.571746021509171 0.634973242878914 0.696748495101929 0.766354501247406 0.699247509241104 0.790172249078751 0.745009481906891 0.760140001773834 0.809539496898651 0.754064977169037 0.768399775028229 0.853063523769379 0.960867762565613 0.987096726894379 0.989180266857147 0.935850709676743 0.925949960947037 0.958345502614975 1.03844252228737 1.05672079324722 0.915770977735519 0.985894471406937 0.982598215341568 0.965492963790894 0.909906774759293 0.901065766811371 0.83424299955368 0.756160497665405 0.689000979065895 0.625055998563766 0.64690500497818 0.678802505135536 0.591993749141693 0.564179241657257 0.605868011713028 0.596114248037338 0.639075011014938 0.637587770819664 0.64683598279953 0.550974771380424 0.52665750682354 0.586208984255791 0.663362234830856 0.808433264493942 0.851998507976532 0.837880522012711 0.939734280109406 1.0711125433445
0.630641251802444 0.681279748678207 0.791415721178055 0.792847484350204 0.876407235860825 0.727892249822617 0.648839235305786 0.993841141462326 0.731927990913391 0.620371520519257 0.654158234596252 0.475919991731644 0.47613899409771 0.513417765498161 0.674110516905785 0.622857749462128 0.580552518367767 0.671855270862579 0.806643024086952 0.899695135653019 0.868937283754349 0.846516788005829 0.836690247058868 0.878485500812531 0.906374216079712 0.898713737726212 0.916203707456589 0.908861249685287 0.793174535036087 0.787269741296768 0.790338724851608 0.819098979234695 0.788848489522934 0.762625515460968 0.792478501796722 0.807638972997665 0.823464006185532 0.811913251876831 0.743634760379791 0.721079260110855 0.659960255026817 0.647846236824989 0.632114231586456 0.61362299323082 0.614033997058868 0.606575980782509 0.622683763504028 0.672726765275002 0.67509301006794 0.635747238993645 0.67933876812458 0.665425479412079 0.64299675822258 0.64417576789856 0.74736450612545 0.789474785327911 1.0669230222702 1.03830224275589 1.11226871609688 1.11588227748871 1.32478120923042
0.598101764917374 0.585770979523659 0.652889236807823 0.714188978075981 0.666976511478424 0.559299767017365 0.490860745310783 1.21908152103424 0.656312271952629 0.378282755613327 1.00738687813282 0.441037505865097 0.368416495621204 0.816434629261494 0.495615765452385 0.58577473461628 0.634067237377167 0.735743254423141 0.736434012651443 0.808997958898544 0.788182497024536 0.825949519872665 0.85480722784996 0.813813775777817 0.847120463848114 0.836873978376389 0.796319246292114 0.798208504915237 0.851531982421875 0.933449238538742 0.933142483234406 0.89910677075386 0.860558241605759 0.785656481981277 0.788871020078659 0.792706489562988 0.804717779159546 0.813335984945297 0.784470766782761 0.758687227964401 0.697515740990639 0.701585993170738 0.810782253742218 0.793882459402084 0.7161945104599 0.701408252120018 0.671634748578072 0.644009247422218 0.658089771866798 0.681372731924057 0.736860752105713 0.772842764854431 0.799761772155762 0.845120251178741 0.901917010545731 0.994038730859756 1.11264073848724 1.419264793396 1.82314431667328 1.95846748352051 2.37286126613617
0.480383232235909 0.528235495090485 0.565503761172295 0.594510018825531 0.581654995679855 0.75885146856308 1.10835528373718 1.4592000246048 0.558117002248764 0.719570271670818 0.766001969575882 0.463897481560707 0.766991995275021 0.611382007598877 0.602464511990547 0.88060612231493 0.694233745336533 0.725612998008728 0.812352776527405 0.809805035591125 0.817608028650284 0.837585747241974 0.717780008912086 0.747570767998695 0.780782997608185 0.803159236907959 0.76781702041626 0.760880291461945 0.806449502706528 0.810925483703613 0.833545535802841 0.832794785499573 0.807101994752884 0.741190508008003 0.739175230264664 0.757134765386581 0.79506978392601 0.783504724502563 0.759398996829987 0.791705220937729 0.740603998303413 0.795251280069351 0.882582038640976 1.05907049775124 1.09640702605247 1.09179675579071 0.914310783147812 0.804155230522156 0.733138516545296 0.697527766227722 0.898187220096588 0.915612727403641 1.05684676766396 1.115851521492 1.43668645620346 1.53287619352341 2.48313599824905 3.55859935283661 3.77899503707886 3.2849303483963 4.63396632671356
0.514983013272285 0.5156309902668 0.61549124121666 0.635107487440109 0.618790492415428 0.70195198059082 0.648246020078659 0.848281905055046 0.65207701921463 0.684284627437592 0.620335131883621 0.590655371546745 0.705226510763168 0.967944771051407 0.620843231678009 0.727427244186401 0.664472982287407 0.7162124812603 0.732968240976334 0.805850207805634 0.828406512737274 0.843015789985657 0.738228008151054 0.749724000692368 0.745251730084419 0.727662742137909 0.711324736475945 0.695333987474442 0.848514765501022 0.692925006151199 0.715561509132385 0.768546760082245 0.768125206232071 0.761184006929398 0.768396735191345 0.779153287410736 0.833209544420242 0.810723781585693 0.789412468671799 0.812589794397354 0.82227748632431 0.824109792709351 0.828903794288635 1.26221850514412 1.31874820590019 1.34088152647018 1.36815297603607 0.812470525503159 0.815379738807678 0.805499285459518 0.905935496091843 1.05148351192474 1.16823595762253 1.19438025355339 1.23494321107864 1.47630903124809 1.79847675561905 1.64865446090698 1.82253456115723 1.91150629520416 2.11128455400467
0.539060264825821 0.558604493737221 0.604274243116379 0.570693746209145 0.686959505081177 0.738890245556831 0.83228999376297 0.686079740524292 0.656457021832466 0.74627248942852 0.589673236012459 0.69182176887989 0.556322246789932 0.546675011515617 1.10675927996635 1.20367804169655 0.895092755556107 0.788895785808563 0.741920247673988 0.806918978691101 0.745131745934486 0.719712764024734 0.72283498942852 0.767910718917847 0.762147009372711 0.795318782329559 0.818217784166336 0.841069489717484 0.886931240558624 0.808797776699066 0.719647496938705 0.691058993339539 0.763656735420227 0.810063779354095 0.814267516136169 0.800804257392883 0.786407232284546 0.775728732347488 0.77009779214859 0.776666253805161 0.78547802567482 0.803112745285034 0.961339473724365 1.29407626390457 1.56318533420563 1.46634900569916 1.29674926400185 0.887227535247803 0.883506774902344 0.967443734407425 1.07956275343895 1.26304578781128 1.61331456899643 2.12294626235962 1.35751274228096 1.2121222615242 1.4108609855175 1.60438656806946 1.53337132930756 1.62273001670837 1.70250517129898
0.532606512308121 0.657077237963676 0.565845742821693 0.551015228033066 0.69820274412632 0.767464511096478 0.619129478931427 0.639030754566193 0.662436738610268 0.647105991840363 0.665049746632576 0.630281254649162 0.7160384953022 0.839199006557465 0.933957785367966 1.1026132106781 0.931097209453583 0.903140991926193 0.867799490690231 0.749531239271164 0.779227495193481 0.691491007804871 0.6822449862957 0.677513256669044 0.727717503905296 0.81749027967453 0.940814226865768 0.994915455579758 0.952816486358643 0.799953728914261 1.0097039937973 0.969191998243332 0.921135038137436 0.963210761547089 1.03105348348618 1.06949177384377 1.04817974567413 0.902301013469696 0.825280487537384 0.789942026138306 1.0430433601141 0.760786503553391 0.911439746618271 1.28644421696663 1.41460946202278 1.90884375572205 1.54349094629288 1.10994449257851 1.23780977725983 1.4461732506752 1.44935175776482 1.7368311882019 4.55262315273285 10.3630378246307 5.00981104373932 2.67758631706238 1.99561804533005 2.59952112836559 -9999 -9999 -9999
0.496710017323494 0.505694255232811 0.574717506766319 0.680284515023232 0.643620729446411 0.596591994166374 0.742910608649254 0.783955872058868 0.756130456924438 0.634690493345261 0.680830478668213 0.673323735594749 0.7461067289114 0.724178999662399 0.732984736561775 0.828744024038315 0.746059522032738 0.871151268482208 0.893962472677231 0.804613530635834 0.702595487236977 0.756482273340225 0.787221729755402 0.829874217510223 0.814502209424973 0.818864285945892 1.03573653101921 1.03636202216148 1.32731252908707 1.14171449840069 1.33070021867752 1.18026825785637 1.09206372499466 1.27707526087761 1.40170347690582 1.54280698299408 1.4546130001545 1.05657076835632 0.876118540763855 0.77841979265213 0.779859781265259 0.770533472299576 0.820656001567841 1.86718046665192 2.09621930122375 3.12813091278076 2.61082720756531 1.79010075330734 1.75052171945572 2.1679635643959 2.17627054452896 5.17842292785645 27.0733137130737 43.61448097229 8.20745049673936 1.58328340043787 -9999 -9999 -9999 -9999 -9999
0.440680503845215 0.461847737431526 0.564101994037628 0.756590992212296 0.665028735995293 0.723742514848709 0.828622899949551 0.786772102117538 0.880647718906403 1.0401052236557 0.870524972677231 0.833953499794006 0.800475776195526 0.817290723323822 0.803826034069061 0.812270253896713 0.678983241319656 0.71917051076889 0.702827990055084 0.717721492052078 0.743987247347832 0.903681725263596 0.8632792532444 0.790104746818542 0.815337717533112 0.877485752105713 1.0057829618454 1.06223854422569 1.16557949781418 1.32704320549965 -9999 -9999 -9999 -9999 -9999 -9999 3.14426672458649 2.44825279712677 1.53007274866104 1.51565551757812 1.12533447146416 0.966157525777817 1.0506044626236 1.06227976083755 2.73793208599091 3.4207763671875 4.27948343753815 3.78777980804443 2.98442548513412 4.2716953754425 3.95926201343536 14.9556355476379 35.8931694030762 20.7077980041504 1.9762424826622 1.97624230384827 -9999 -9999 -9999 -9999 -9999
0.51623623073101 0.56732551753521 0.67672424018383 0.607479751110077 0.807962983846664 0.853004962205887 0.65241976082325 0.789924770593643 0.703496642410755 0.919864475727081 0.963443219661713 1.00544849038124 0.934990525245667 0.84665322303772 0.91106852889061 0.951455265283585 0.739238262176514 0.75703427195549 0.687408730387688 0.74226750433445 0.739663481712341 0.81562203168869 0.796748220920563 0.727843478322029 0.753705739974976 0.862731009721756 0.964286237955093 1.18561273813248 1.23599624633789 1.4065252840519 -9999 -9999 -9999 -9999 -9999 -9999 -9999 18.4042224884033 5.50029444694519 4.54353296756744 1.75817477703094 1.33773520588875 1.21929824352264 1.296332269907 1.4736322760582 2.05818682909012 3.8565126657486 2.13885748386383 11.7875182628632 8.61582612991333 12.4343132972717 17.3490843772888 23.0351700782776 -9999 -9999 -9999 -9999 -9999 -9999 -9999 -9999
0.67595998942852 0.689111262559891 0.675422251224518 0.887164503335953 0.758457005023956 0.642030760645866 0.654000744223595 0.670281752943993 0.63034200668335 0.687176987528801 0.965496003627777 0.862197786569595 0.896343022584915 1.00124475359917 0.846559524536133 0.792481541633606 0.885763496160507 0.919472962617874 0.785688757896423 0.86707878112793 1.23672104875247 0.912346682280575 0.787832289934158 0.763668715953827 0.671854510903358 0.745527729392052 0.910001277923584 1.06608903408051 1.27004250884056 1.8925244808197 -9999 -9999 -9999 -9999 -9999 -9999 -9999 37.3872632980347 6.86549618840218 3.94317483901978 2.26958736777306 5.20452010631561 1.27149224281311 1.2627127468586 3.22738945484161 2.43080466985703 2.21371722221375 11.6991970539093 18.5729370117188 32.5293788909912 17.6626462340355 23.2257704734802 30.5572328567505 6.43135356903076 -9999 -9999 -9999 -9999 -9999 -9999 -9999
0.617962494492531 0.744185239076614 0.721912488341331 0.686897993087769 0.664948493242264 0.63357076048851 0.697633489966393 0.689314484596252 0.706205248832703 0.827914506196976 0.980362504720688 0.907351523637772 0.907037973403931 0.978074222803116 0.922779768705368 0.672464266419411 0.693257242441177 0.734347857534885 1.10236877202988 0.846585363149643 0.683863520622253 0.854812502861023 0.843053251504898 0.779949724674225 0.830664753913879 0.793433994054794 0.871885478496552 1.22908875346184 1.47272551059723 1.7019681930542 2.0252782702446 -9999 -9999 -9999 -9999 -9999 -9999 -9999 4.09718699455261 3.1797762971658 4.75757389068604 11.2088705471584 22.8867716789246 16.0885216712952 3.78905475139618 3.17963069677353 8.02676725387573 18.3316884040833 37.9093837738037 5.63706624507904 12.457281857729 18.4148434996605 41.7085018157959 5.31371907942548 -9999 -9999 -9999 -9999 -9999 -9999 -9999
0.421052992343903 0.824291288852692 0.820412278175354 0.909044981002808 0.749099984765053 0.811766982078552 0.724690496921539 0.639511495828629 0.69107848405838 0.759032249450684 0.750593215227127 0.68785049021244 0.724969491362572 0.731714263558388 0.689531989395618 0.693907879292965 0.70517098903656 0.700964257121086 1.27961549162865 0.860541790723801 0.832881778478622 1.03842070698738 0.95473650097847 0.815697759389877 1.01736152172089 0.994235962629318 1.08839178085327 1.29034423828125 1.37987253069878 1.62513220310211 2.14839380979538 -9999 -9999 -9999 -9999 -9999 -9999 -9999 -9999 -9999 -9999 -9999 -9999 -9999 -9999 -9999 -9999 3.65490746498108 9.60813245773316 14.4685326576233 18.5548727852958 -9999 -9999 -9999 -9999 -9999 -9999 -9999 -9999 -9999 -9999
0.387062251567841 0.621152982115746 0.619011752307415 1.02281776070595 0.983753979206085 0.925545036792755 0.911957234144211 0.719200506806374 0.71976900100708 0.680356487631798 0.740403771400452 0.75481054186821 0.665051266551018 0.821192979812622 0.739860758185387 0.720222741365433 0.735991895198822 0.73684649169445 1.10871675610542 0.624774008989334 0.705366745591164 1.03377377986908 0.822681784629822 0.793385982513428 2.34612333774567 -9999 -9999 1.36722904443741 1.27773749828339 1.54929971694946 1.38953402638435 1.97325825691223 -9999 -9999 -9999 -9999 -9999 -9999 -9999 -9999 -9999 -9999 -9999 -9999 -9999 -9999 -9999 -9999 -9999 -9999 -9999 -9999 -9999 -9999 -9999 -9999 -9999 -9999 -9999 -9999 -9999
0.98801252245903 0.809506505727768 0.866825222969055 0.949986040592194 1.07669699192047 0.931105524301529 0.863506525754929 0.615122258663177 0.643719367682934 0.701017118990421 0.724546127021313 0.706701770424843 0.83823224902153 0.863062530755997 0.854128494858742 1.01218838989735 1.03058847784996 1.01738472282887 1.30598996579647 0.608571007847786 0.728228241205215 0.823481239378452 0.616154998540878 0.647643014788628 0.790095716714859 1.11664125323296 1.43260127305984 1.1523765027523 1.15716299414635 1.1275327205658 1.49305647611618 1.67915171384811 2.26971412450075 -9999 -9999 -9999 -9999 -9999 -9999 -9999 -9999 -9999 -9999 -9999 -9999 -9999 -9999 -9999 -9999 -9999 -9999 -9999 -9999 -9999 -9999 -9999 -9999 -9999 -9999 -9999 -9999
0.894542276859283 1.0818285048008 0.977838009595871 1.07746571302414 1.06310400366783 0.924173980951309 0.720136508345604 0.762314289808273 0.653044894337654 0.744544520974159 0.776969633996487 0.837695270776749 1.06983299553394 1.06486125290394 1.0169827491045 1.01007561385632 1.21889662742615 0.900204017758369 0.811095356941223 0.797848887741566 0.822013892233372 0.444245249032974 0.47987325489521 0.608845487236977 0.621241495013237 1.41168826818466 1.39408953487873 1.06414648890495 1.27441728115082 1.43622225522995 1.35204148292542 1.73461729288101 2.60706020804013 -9999 -9999 -9999 -9999 -9999 -9999 -9999 -9999 -9999 -9999 -9999 -9999 -9999 -9999 -9999 -9999 -9999 -9999 -9999 -9999 -9999 -9999 -9999 -9999 -9999 -9999 -9999 -9999
0.879799515008926 0.982187211513519 0.913720518350601 0.82042720913887 0.984174728393555 0.71756362169981 0.963266998529434 0.738165736198425 0.803318604826927 0.884674519300461 0.869095131754875 0.967650756239891 1.05681149661541 1.17638696730137 1.17637386918068 1.20078451931477 1.09714874625206 0.955687120556831 0.879821240901947 0.836261607706547 0.851866140961647 0.490726500749588 0.969356641173363 1.14976277947426 1.3017333894968 1.79218617081642 1.65931235253811 1.42794974148273 1.5743528008461 1.546550989151 1.6632404923439 2.25612008571625 -9999 -9999 -9999 -9999 -9999 -9999 -9999 -9999 -9999 -9999 -9999 -9999 -9999 -9999 -9999 -9999 -9999 -9999 -9999 -9999 -9999 -9999 -9999 -9999 -9999 -9999 -9999 -9999 -9999
0.50601527094841 0.668253377079964 0.609557256102562 0.78422623872757 0.924544885754585 0.856682628393173 0.693636730313301 0.892450153827667 0.920524880290031 0.946623757481575 1.09445022046566 1.04870925843716 1.44907875359058 1.60417199134827 1.91103556752205 1.27941224724054 1.5627513974905 1.38154090940952 1.0464356392622 0.906132012605667 0.911001741886139 0.962432608008385 0.548293501138687 1.08739203214645 1.18019212782383 1.30447724461555 1.31761948764324 1.31297850608826 1.5650962293148 1.52370715141296 1.59525221586227 2.39847081899643 3.2656763792038 -9999 -9999 -9999 -9999 -9999 -9999 -9999 -9999 -9999 -9999 -9999 -9999 -9999 -9999 -9999 -9999 -9999 -9999 -9999 -9999 -9999 -9999 -9999 -9999 -9999 -9999 -9999 -9999
0.782982029020786 0.856751292943954 0.858599603176117 1.08568239212036 1.12032562494278 1.20000225305557 0.974272459745407 0.727880269289017 1.16928225755692 0.621024191379547 -9999 -9999 -9999 -9999 -9999 -9999 1.03832219839096 1.42177610099316 1.34404948353767 1.08455738425255 1.01908537745476 1.08797286450863 1.09167712926865 1.14678677916527 1.13733753561974 1.1764173656702 1.26150713860989 1.3616144657135 1.60903832316399 1.64131647348404 1.02537077665329 1.35540524125099 2.62565776705742 -9999 -9999 -9999 -9999 -9999 -9999 -9999 -9999 -9999 -9999 -9999 -9999 -9999 -9999 -9999 -9999 -9999 -9999 -9999 -9999 -9999 -9999 -9999 -9999 -9999 -9999 -9999 -9999
1.00939013063908 0.985775247216225 0.944286033511162 -9999 1.92992287874222 1.93946734070778 1.8082480430603 1.96002745628357 1.00691583924569 1.35734340548515 -9999 -9999 -9999 -9999 -9999 -9999 1.63101909068915 1.60536074638367 1.24544700980186 1.38074250519276 1.18140560388565 1.2858918607235 1.63589058816433 1.67527802288532 1.71106503903866 1.70916943252087 1.76791200041771 1.77873784303665 1.70609700679779 1.70136970281601 1.99616852402687 2.31469425559044 2.33073046803474 2.61807149648666 -9999 -9999 -9999 -9999 -9999 -9999 -9999 -9999 -9999 -9999 -9999 -9999 -9999 -9999 -9999 -9999 -9999 -9999 -9999 -9999 -9999 -9999 -9999 -9999 -9999 -9999 -9999
-9999 -9999 -9999 -9999 -9999 -9999 -9999 -9999 -9999 -9999 -9999 -9999 -9999 -9999 -9999 -9999 -9999 -9999 1.65974400043488 1.41754683852196 1.35096935927868 1.56539022177458 -9999 -9999 -9999 3.02425763010979 1.89720897830051 -9999 -9999 2.67530578844191 2.82901146411896 3.63690505027771 -9999 -9999 -9999 -9999 -9999 -9999 -9999 -9999 -9999 -9999 -9999 -9999 -9999 -9999 -9999 -9999 -9999 -9999 -9999 -9999 -9999 -9999 -9999 -9999 -9999 -9999 -9999 -9999 -9999
