EcologicalScience/Bass/data/rs_data_bass/chl_245.asc
NCOLS 226 
NROWS 124 
XLLCORNER -9.41648524995501 
YLLCORNER 47.587301625531 
CELLSIZE 0.0833 
NODATA_value -9999 
[rows 0 to 26 of 124, columns 62 to 123 of 226]
-9999 -9999 -9999 -9999 -9999 -9999 -9999 -9999 -9999 -9999 -9999 -9999 -9999 -9999 -9999 -9999 -9999 -9999 -9999 -9999 -9999 -9999 -9999 -9999 -9999 -9999 -9999 -9999 -9999 -9999 -9999 -9999 -9999 -9999 -9999 -9999 -9999 -9999 -9999 -9999 -9999 -9999 -9999 -9999 -9999 -9999 -9999 -9999 -9999 -9999 -9999 -9999 -9999 -9999 -9999 -9999 -9999 -9999 -9999 -9999 -9999 -9999
-9999 -9999 -9999 -9999 -9999 -9999 -9999 -9999 -9999 -9999 -9999 -9999 -9999 -9999 -9999 -9999 -9999 -9999 -9999 -9999 -9999 -9999 -9999 -9999 -9999 -9999 -9999 -9999 -9999 -9999 -9999 -9999 -9999 -9999 -9999 -9999 -9999 -9999 -9999 -9999 -9999 -9999 -9999 -9999 -9999 -9999 -9999 -9999 -9999 -9999 -9999 -9999 -9999 -9999 -9999 -9999 -9999 -9999 -9999 -9999 -9999 -9999
-9999 -9999 -9999 -9999 -9999 -9999 -9999 -9999 -9999 -9999 -9999 -9999 -9999 -9999 -9999 -9999 -9999 -9999 -9999 -9999 -9999 -9999 -9999 -9999 -9999 -9999 -9999 -9999 -9999 -9999 -9999 -9999 -9999 -9999 -9999 -9999 -9999 -9999 -9999 -9999 -9999 -9999 -9999 -9999 -9999 -9999 -9999 -9999 -9999 -9999 -9999 -9999 -9999 -9999 -9999 -9999 -9999 -9999 -9999 -9999 -9999 -9999
-9999 -9999 -9999 -9999 -9999 -9999 -9999 -9999 -9999 -9999 -9999 -9999 -9999 -9999 -9999 -9999 -9999 -9999 -9999 -9999 -9999 -9999 -9999 -9999 -9999 -9999 -9999 -9999 -9999 -9999 -9999 -9999 -9999 -9999 -9999 -9999 -9999 -9999 -9999 -9999 -9999 -9999 -9999 -9999 -9999 -9999 -9999 -9999 -9999 -9999 -9999 -9999 -9999 -9999 -9999 -9999 -9999 -9999 -9999 -9999 -9999 -9999
-9999 -9999 -9999 -9999 -9999 -9999 -9999 -9999 -9999 -9999 -9999 -9999 -9999 -9999 -9999 -9999 -9999 -9999 -9999 -9999 -9999 -9999 -9999 -9999 -9999 -9999 -9999 -9999 -9999 -9999 -9999 -9999 -9999 -9999 -9999 -9999 -9999 -9999 -9999 -9999 -9999 -9999 -9999 -9999 -9999 -9999 -9999 -9999 -9999 -9999 -9999 -9999 -9999 -9999 -9999 -9999 -9999 -9999 -9999 -9999 -9999 -9999
-9999 -9999 -9999 -9999 -9999 -9999 -9999 -9999 -9999 -9999 -9999 -9999 -9999 -9999 -9999 -9999 -9999 -9999 -9999 -9999 -9999 -9999 -9999 -9999 -9999 -9999 -9999 -9999 0.63735419511795 1.01864370736327 1.78117603063583 0.915722250938416 0.890345960855484 0.748834490776062 0.620865762233734 0.641288995742798 0.930434256792068 1.48934099078178 1.61515116691589 1.67030775547028 1.95148944854736 2.11619925498962 2.33561629056931 1.99261951446533 1.94279998540878 1.71011996269226 1.83516669273376 1.97825932502747 1.80935400724411 1.47813221812248 1.6742736697197 1.61165928840637 1.22340828180313 0.992430031299591 0.710981994867325 0.947592705488205 1.7557230591774 1.78601628541946 2.85289353132248 2.67803478240967 2.55754047632217 3.88965368270874
-9999 -9999 -9999 -9999 -9999 -9999 -9999 -9999 -9999 -9999 -9999 -9999 -9999 -9999 -9999 -9999 -9999 -9999 -9999 -9999 -9999 -9999 -9999 -9999 -9999 -9999 1.18186515569687 1.0627324283123 2.44831341505051 2.27644497156143 3.53692048788071 1.45672908425331 0.775152772665024 0.756592512130737 0.799486488103867 0.963700532913208 1.15417796373367 1.46852400898933 1.58636766672134 1.60780280828476 1.75779229402542 1.66106182336807 1.52054625749588 1.51002895832062 1.40305423736572 1.29161927103996 1.43756398558617 1.33891046047211 1.18785971403122 1.06392601132393 0.921666026115417 0.945214480161667 1.35836550593376 1.12386971712112 1.00349101424217 1.80241280794144 1.86991274356842 1.62201905250549 1.61617881059647 2.59437596797943 3.46128916740417 3.44480037689209
-9999 -9999 -9999 -9999 -9999 -9999 -9999 -9999 -9999 -9999 -9999 -9999 -9999 -9999 -9999 -9999 -9999 -9999 -9999 -9999 -9999 -9999 -9999 -9999 -9999 -9999 1.18186515569687 2.32451176643372 2.06928902864456 1.74889129400253 1.62965101003647 1.33227673172951 0.961118996143341 0.903529465198517 1.04270777106285 1.1523397564888 1.23854246735573 1.41464772820473 1.56514656543732 1.6745565533638 1.55411249399185 1.40454304218292 1.53190720081329 1.36791747808456 1.23423671722412 1.01687997579575 0.946950763463974 0.901207476854324 0.878775715827942 0.775785773992538 0.844392746686935 1.13463377952576 1.38677474856377 1.67177027463913 2.14182829856873 2.44574779272079 2.76146471500397 2.35230374336243 2.67727053165436 2.94396597146988 3.89621114730835 5.06827211380005
-9999 -9999 -9999 -9999 -9999 -9999 -9999 -9999 -9999 -9999 -9999 -9999 -9999 -9999 -9999 -9999 -9999 -9999 -9999 -9999 -9999 -9999 -9999 -9999 -9999 -9999 2.99767953157425 2.37959253787994 1.61951172351837 1.14494848251343 1.25612998008728 1.22249096632004 1.13648101687431 1.36382621526718 1.48430103063583 1.52313977479935 1.53216826915741 1.71698391437531 1.57592475414276 1.40475073456764 1.42933648824692 1.49963173270226 1.57963496446609 1.44703647494316 1.26252597570419 1.18895021080971 1.27283477783203 1.52183103561401 2.14032608270645 1.94666397571564 1.99935007095337 1.93606048822403 2.15262454748154 2.79971247911453 2.16432756185532 1.96341294050217 2.41770082712173 5.76670038700104 4.98573017120361 4.06217086315155 4.15834128856659 4.94410336017609
-9999 -9999 -9999 -9999 -9999 -9999 -9999 -9999 -9999 -9999 -9999 -9999 -9999 -9999 -9999 -9999 -9999 -9999 -9999 -9999 -9999 -9999 -9999 -9999 -9999 1.19121462106705 7.22467750310898 0.75722998380661 0.789294004440308 0.853041708469391 0.840465009212494 1.06804051995277 1.21743446588516 1.36067551374435 1.53144818544388 1.61990475654602 1.70814818143845 1.79975706338882 1.65086549520493 1.50489592552185 1.46410426497459 1.43201476335526 1.52117621898651 1.45009276270866 1.31048852205276 1.51654869318008 2.26229631900787 2.65251678228378 1.86081379652023 1.40679824352264 1.7002762556076 1.976771235466 2.17842453718185 1.52294254302979 1.6445699930191 2.84879171848297 3.6948823928833 6.37844896316528 4.56385588645935 4.32365083694458 2.4297006726265 2.37328273057938
-9999 -9999 -9999 -9999 -9999 -9999 -9999 -9999 -9999 -9999 -9999 -9999 -9999 -9999 -9999 -9999 -9999 -9999 -9999 -9999 -9999 -9999 -9999 -9999 -9999 45.6344400644302 25.5393748283386 16.455948472023 10.2989864945412 0.420552000403404 0.63410022854805 0.839886724948883 0.903723746538162 0.998649716377258 1.34910973906517 1.55578869581223 1.61215728521347 1.73496454954147 1.6484346985817 1.3194637298584 1.20796653628349 1.1216384768486 1.00250020623207 0.975481510162354 1.03048798441887 1.60479229688644 1.70898896455765 1.53411448001862 0.942448496818542 0.945677250623703 1.13153922557831 1.07026800513268 0.956106752157211 1.04999703168869 1.42898029088974 1.89241647720337 2.94896328449249 3.66412889957428 3.67300486564636 2.13978606462479 1.47828975319862 1.23952576518059
-9999 -9999 -9999 -9999 -9999 -9999 -9999 -9999 -9999 -9999 -9999 -9999 -9999 -9999 -9999 -9999 -9999 -9999 -9999 -9999 -9999 -9999 -9999 -9999 1.31647038459778 36.558699131012 26.9327902793884 10.7729834318161 0.449568763375282 0.520056009292603 0.497436001896858 0.674138233065605 0.768194228410721 0.9663465321064 1.15149825811386 1.17075750231743 1.13481599092484 1.10819327831268 1.11353400349617 1.11257770657539 0.956124722957611 0.851564258337021 0.793837487697601 0.718559995293617 0.845060974359512 0.816193521022797 0.764403015375137 0.647212520241737 0.46992301940918 0.50278651714325 0.636775508522987 0.71593876183033 0.637097999453545 0.619990512728691 0.657283499836922 0.745287761092186 0.995559722185135 1.41554099321365 1.37827053666115 1.26283425092697 1.3337339758873 1.2569677233696
-9999 -9999 -9999 -9999 -9999 -9999 -9999 -9999 -9999 -9999 -9999 -9999 -9999 -9999 -9999 -9999 -9999 -9999 -9999 -9999 -9999 -9999 -9999 1.50594073534012 9.47409760951996 29.6816811561584 8.79073923826218 0.560138985514641 0.464514747262001 0.513395234942436 0.569707497954369 0.676547259092331 0.802184253931046 0.883154958486557 0.941446512937546 1.08278703689575 1.12518525123596 0.922369480133057 0.952688992023468 0.945248991250992 0.8852219581604 0.905284523963928 1.14045453071594 1.32392102479935 1.31247827410698 1.18057277798653 0.71884873509407 0.546982482075691 0.410263493657112 0.430649980902672 0.540942013263702 0.609510004520416 0.714339762926102 0.897421538829803 0.798116236925125 0.87782022356987 2.01193052530289 2.99867391586304 2.36482948064804 1.4101334810257 1.31440874934196 1.65815556049347
-9999 -9999 -9999 -9999 -9999 -9999 -9999 -9999 -9999 -9999 -9999 -9999 -9999 -9999 -9999 -9999 -9999 -9999 -9999 -9999 -9999 -9999 8.42096171379089 5.68751692771912 18.4001348018646 0.492891758680344 0.571685269474983 0.554965496063232 0.520868271589279 0.570527270436287 0.671744987368584 0.76163774728775 0.861360043287277 0.928088217973709 0.926838755607605 1.0310572385788 0.934753507375717 0.92020645737648 0.781309515237808 0.649940997362137 0.615792766213417 0.621132731437683 0.894237756729126 0.72512474656105 1.36614525318146 1.49638572335243 1.33651050925255 1.15990948677063 0.56767201423645 0.542712762951851 0.586875021457672 0.702231734991074 0.764515489339828 0.627084016799927 0.73470076918602 0.809390991926193 1.16707652807236 3.15471732616425 1.68980258703232 1.60663568973541 1.8187837600708 1.34210246801376
-9999 -9999 -9999 -9999 -9999 -9999 -9999 -9999 -9999 -9999 -9999 -9999 -9999 -9999 -9999 -9999 -9999 -9999 -9999 -9999 2.64602583646774 6.04115336972314 12.2978457212448 11.5525975227356 0.376614734530449 0.374196007847786 0.644209519028664 0.693791270256042 0.614096269011497 0.687973514199257 0.736257746815681 0.763143718242645 0.940788745880127 0.950058728456497 0.829222530126572 0.853610962629318 1.11545321345329 1.3330440223217 1.19104045629501 0.756111770868301 0.51766499876976 0.578415021300316 0.578597232699394 0.571566760540009 0.581919014453888 0.546806260943413 0.659574016928673 0.85146751999855 0.759059250354767 0.721059009432793 0.691888511180878 0.684681013226509 0.621159732341766 0.602913022041321 0.604421228170395 0.581196740269661 1.09100997447968 1.07814449071884 0.905446529388428 1.12328624725342 1.27327877283096 1.34563502669334
-9999 -9999 -9999 -9999 -9999 -9999 -9999 -9999 -9999 -9999 -9999 -9999 -9999 -9999 -9999 -9999 -9999 -9999 -9999 -9999 2.20871112114046 34.6657784879208 10.5793108940125 0.741611257195473 0.696975767612457 0.702686235308647 0.606095999479294 0.576872259378433 0.567140981554985 0.595875754952431 0.67925101518631 0.591648012399673 0.779811769723892 0.856676280498505 0.836443483829498 1.01004678010941 1.40882921218872 1.71356856822968 1.65487432479858 1.08738899230957 0.906133532524109 0.838355988264084 0.781578719615936 0.622414514422417 0.731558248400688 0.68537700176239 0.699059262871742 0.80008801817894 0.822313517332077 0.87269926071167 0.831249743700027 0.852375000715256 0.865006506443024 0.790198534727097 0.747498750686646 0.667609512805939 0.830960959196091 1.40581503510475 1.52700591087341 1.49229446053505 1.78348642587662 1.47451570630074
-9999 -9999 -9999 -9999 -9999 -9999 -9999 -9999 -9999 -9999 -9999 -9999 -9999 -9999 -9999 -9999 -9999 -9999 -9999 4.52486336231232 3.64489424228668 2.4312629699707 1.92163807153702 1.70631301403046 1.04142978787422 0.641974478960037 0.69463124871254 0.497611507773399 0.522776260972023 0.761001706123352 0.896392464637756 0.935618966817856 0.917424738407135 1.32939827442169 1.60988849401474 1.74813455343246 2.30228626728058 2.23131448030472 2.79358953237534 2.91970270872116 1.79133456945419 1.29592797160149 0.996191293001175 0.861839264631271 0.867709457874298 0.917744994163513 1.003238260746 0.9570172727108 0.999687731266022 1.00448101758957 1.07810398936272 1.08263325691223 1.05372002720833 1.32102379202843 1.37040227651596 1.46593648195267 1.73671871423721 2.06677275896072 2.72981178760529 3.65182363986969 3.10017013549805 2.1552232503891
-9999 -9999 -9999 -9999 -9999 -9999 -9999 -9999 -9999 -9999 -9999 -9999 -9999 -9999 -9999 -9999 -9999 -9999 5.72840702533722 4.96625983715057 3.85283410549164 3.16657412052155 2.4143437743187 1.56752693653107 1.2452677488327 0.975278288125992 1.05297374725342 0.803652763366699 1.06513577699661 0.652397990226746 0.553586259484291 0.56098048388958 1.28530123829842 2.80235320329666 2.12307822704315 3.35896790027618 3.42607283592224 2.53079026937485 2.88088274002075 2.8515533208847 2.15257430076599 1.37162321805954 1.23290249705315 1.19971051812172 1.18567201495171 1.20692020654678 1.32059553265572 1.17787501215935 1.07485127449036 1.09083750844002 1.14197400212288 1.22100895643234 1.28574746847153 1.47688803076744 1.6511617898941 1.78707826137543 2.20558351278305 2.85450518131256 2.98724019527435 3.04464519023895 3.05334663391113 1.91623646020889
-9999 -9999 -9999 -9999 -9999 -9999 -9999 -9999 -9999 -9999 -9999 -9999 -9999 -9999 -9999 -9999 -9999 21.9940437609061 13.1945757865906 8.46443867683411 6.45314311981201 3.59445083141327 2.6800155043602 3.05576634407043 4.16861093044281 5.02171111106873 3.36222660541534 3.82420814037323 1.52527499198914 1.6854584813118 2.31392472982407 2.2596720457077 1.97699403762817 0.768988519906998 0.63171449303627 0.710607022047043 0.925065726041794 2.90291851758957 1.75616991519928 1.47447296977043 1.6766100525856 1.70734566450119 1.53330892324448 1.47464624047279 1.44376051425934 1.47048300504684 1.40410423278809 1.23311698436737 1.10456174612045 1.08103877305984 1.08899027109146 1.20100271701813 1.35596778988838 1.56209170818329 1.8433313369751 2.26061779260635 2.55714905261993 2.46938627958298 1.59754353761673 1.26644173264503 1.51038068532944 1.4884672164917
-9999 -9999 -9999 -9999 -9999 -9999 -9999 -9999 -9999 -9999 -9999 -9999 -9999 -9999 -9999 -9999 -9999 -9999 -9999 11.1506423950195 10.6625347137451 5.9781585931778 4.92882907390594 4.82007086277008 13.6266031265259 16.3659567832947 14.4267554283142 9.07512545585632 7.89707708358765 7.58140110969543 6.65049362182617 6.88832402229309 5.77106630802155 4.29875636100769 3.76642799377441 1.79157972335815 1.79782122373581 1.41239699721336 1.16739079356194 1.40022003650665 2.76583278179169 1.93709993362427 1.52143567800522 1.50812476873398 1.47445723414421 1.49478149414062 1.39349028468132 1.31399327516556 1.22314953804016 1.17805123329163 1.10057696700096 1.12819272279739 1.3406437933445 1.62504082918167 1.66146147251129 1.89166796207428 1.97940981388092 2.12666183710098 2.03376746177673 2.05011981725693 1.52686804533005 1.35213151574135
-9999 -9999 -9999 -9999 -9999 -9999 -9999 -9999 -9999 -9999 -9999 -9999 -9999 -9999 -9999 4.31323342323303 4.6128678228797 4.73299145698547 20.8827781677246 16.9445042610168 10.8007771968842 13.8324193954468 11.4344258308411 18.1181774139404 15.9265594482422 12.8397688865662 8.22635293006897 3.67546427249908 3.08630919456482 15.4145679473877 12.9558448791504 11.8864724636078 10.1863882541656 6.18132519721985 6.12864089012146 6.30195236206055 5.28704631328583 3.77690398693085 1.44953396916389 1.09678646922112 1.08951678872108 1.18496400117874 1.47497177124023 1.64415228366852 1.45360127091408 1.41496270895004 1.3195124566555 1.36416453123093 1.40795999765396 1.51264947652817 1.5674729347229 1.53009831905365 1.40766298770905 1.36267501115799 1.43009403347969 1.56653773784637 1.63381576538086 1.60158741474152 1.62620705366135 1.86368322372437 2.27114403247833 1.3422412276268
-9999 -9999 -9999 -9999 -9999 -9999 -9999 -9999 -9999 -9999 35.2986888885498 35.2986888885498 13.7248649597168 38.7161909937859 30.6721544265747 16.6425533294678 21.6814169883728 22.6385918855667 17.1531647443771 14.1848709583282 10.9353503286839 13.9303007125854 13.4152836799622 14.2628259658813 3.07074943184853 4.96335572004318 10.4515614509583 10.0423958301544 7.14048171043396 12.2007722854614 2.23131895065308 10.6556596755981 6.67719125747681 7.86988592147827 14.2176289558411 14.3506107330322 11.6706404685974 8.33365702629089 3.68543243408203 2.76679801940918 1.91354405879974 1.60685330629349 1.36422899365425 1.32658722996712 1.23605024814606 1.43552997708321 1.13589003682137 1.51951056718826 1.59525454044342 1.6839165687561 1.52211982011795 1.22827354073524 1.21070623397827 1.26411750912666 1.27090573310852 1.24483573436737 1.22340077161789 1.18150725960732 1.14006078243256 1.24230748414993 1.16103753447533 1.14913353323936
-9999 -9999 -9999 -9999 -9999 -9999 -9999 -9999 -9999 -9999 35.2986888885498 5.38373821311527 6.28530299663544 29.2616457939148 17.4296386241913 16.3879494667053 23.7644913196564 3.92417968511581 5.88703236367443 2.4975696395744 3.5970531463623 3.75942260026932 12.328590631485 9.63975566625595 19.866001367569 0.636735767126083 0.657995983958244 6.8703339099884 6.04632318019867 11.0346221923828 10.3639390468597 2.73551326990128 2.76463544368744 3.3133926987648 13.2390475273132 10.5463457107544 13.936131477356 9.76440453529358 2.31870067119598 1.69732278585434 1.60088092088699 1.54156279563904 1.44957304000854 1.33674448728561 1.29305997490883 1.17026549577713 1.1011957526207 1.26692998409271 1.41551175713539 1.3837785422802 1.30153128504753 1.30376100540161 1.26908853650093 1.31766602396965 1.31730070710182 1.15545371174812 1.10630929470062 1.05366897583008 1.07843327522278 1.30657124519348 1.38774526119232 1.43203729391098
-9999 -9999 -9999 -9999 -9999 -9999 -9999 -9999 -9999 -9999 -9999 -9999 8.66660598870162 4.21525919437408 6.20992207527161 5.52266246080399 -9999 -9999 -9999 -9999 -9999 -9999 15.7196922451258 27.4161548614502 16.8422904014587 18.3472127914429 18.5757169723511 19.8773455619812 17.1058616638184 16.684344291687 13.3944897651672 8.01111602783203 2.46570682525635 1.43648698925972 1.0650674700737 4.37615633010864 0.853035718202591 0.762391537427902 0.825129747390747 1.27377972006798 1.18660578131676 1.15345278382301 1.07850748300552 1.07173123955727 1.05074402689934 1.0570282638073 1.05620321631432 1.19133603572845 1.15484476089478 1.08462524414062 1.1647125184536 1.33876571059227 1.37820678949356 1.36396953463554 1.3238639831543 1.20796653628349 1.21396422386169 1.15351948142052 1.37588024139404 1.49962949752808 1.64559531211853 1.62733805179596
-9999 -9999 -9999 -9999 -9999 -9999 -9999 -9999 -9999 -9999 -9999 -9999 -9999 16.6274771690369 16.6274771690369 16.6274771690369 -9999 -9999 -9999 -9999 -9999 -9999 4.94490551948547 4.94490551948547 4.94490551948547 0.308659605681896 14.0418256223202 25.7572135925293 20.4397778511047 11.0460977554321 12.5158857107162 26.7796611785889 2.19570833444595 2.5438334941864 1.43702325224876 1.23334050178528 3.17961966991425 2.61973053216934 2.66776353120804 1.32240146398544 0.979905724525452 0.958300530910492 1.11262571811676 1.20322877168655 1.16981998085976 1.09758746623993 1.063356757164 0.921273708343506 0.930630773305893 0.987468034029007 0.986109763383865 1.02352201938629 1.13516172766685 1.26523348689079 1.2773497402668 1.19399553537369 1.19123178720474 1.30500447750092 1.49093922972679 1.5496312379837 1.89169496297836 2.03497195243835
-9999 -9999 -9999 -9999 -9999 -9999 -9999 -9999 -9999 -9999 -9999 -9999 -9999 -9999 -9999 -9999 -9999 -9999 -9999 -9999 -9999 -9999 -9999 -9999 -9999 -9999 3.34724022512851 5.65079176425934 44.0773029327393 18.8578119277954 45.7726221084595 31.8372945785522 21.5394773483276 8.56893968582153 7.75085806846619 6.52018904685974 3.1082603931427 2.02128374576569 3.37631249427795 1.56709581613541 1.29695472121239 1.06780797243118 1.00377148389816 1.02240148186684 1.08183896541595 1.31596872210503 1.25839045643806 1.0251262485981 0.933028489351273 0.853133261203766 0.810884982347488 0.869489282369614 0.897743225097656 0.930704981088638 0.93170177936554 0.956068485975266 1.03184777498245 1.17599853873253 1.23009520769119 1.12576729059219 1.24341452121735 1.58481216430664
-9999 -9999 -9999 -9999 -9999 -9999 -9999 -9999 -9999 -9999 -9999 -9999 -9999 -9999 -9999 -9999 -9999 -9999 -9999 -9999 -9999 -9999 -9999 -9999 -9999 -9999 -9999 3.77586627006531 26.7135829925537 18.1805076599121 15.2028779983521 11.3363914489746 9.3384096622467 8.63812065124512 9.2929801940918 7.83197951316833 4.34818589687347 2.80466169118881 2.43951451778412 2.02310407161713 1.55188947916031 1.42048653960228 1.34108099341393 1.16291400790215 1.08112576603889 1.11196276545525 1.10001003742218 1.13722649216652 1.04305502772331 0.894582778215408 0.90148052573204 0.824783205986023 0.791200518608093 0.811431705951691 0.837276041507721 0.808356732130051 0.914160758256912 0.989637762308121 1.07841521501541 1.08462300896645 1.29256877303123 1.30082926154137
