EcologicalScience/Bass/data/rs_data_bass/chl_332.asc
NCOLS 226 
NROWS 124 
XLLCORNER -9.41648524995501 
YLLCORNER 47.587301625531 
CELLSIZE 0.0833 
NODATA_value -9999 
[rows 54 to 80 of 124, columns 124 to 185 of 226]
3.47103381156921 3.09086787700653 2.78867626190186 2.8035255074501 2.50584143400192 2.40425616502762 2.50628703832626 2.12331676483154 2.12334680557251 2.15154826641083 2.2312154173851 2.35051792860031 2.91214120388031 3.180584192276 3.58011603355408 3.56861472129822 2.88494092226028 2.5840020775795 2.41464149951935 2.34956699609756 2.41119450330734 2.58640730381012 2.55162441730499 2.42033475637436 2.35852879285812 2.24594557285309 2.18342471122742 2.19770622253418 2.1861480474472 2.12292301654816 2.05968672037125 1.98410475254059 1.9274400472641 1.83902102708817 1.91288781166077 2.01897901296616 2.04420983791351 2.12419724464417 2.97703349590302 2.99542504549026 2.85366368293762 2.63996404409409 2.49944919347763 2.51834106445312 2.52991729974747 2.65325707197189 3.10484790802002 3.5881050825119 4.89421141147614 4.72356140613556 6.0102710723877 7.36515006065369 6.53262666293553 7.12978873934065 10.0121126174927 21.6674064967943 16.1732537746429 22.4612047488873 8.58448398944943 12.8423961312979 7.74044587226685 -9999
3.84482860565186 3.73662507534027 3.53750789165497 3.19804430007935 2.58459895849228 2.30894923210144 2.22030293941498 2.37974166870117 2.24977880716324 2.36642932891846 2.3318864107132 2.19925653934479 2.6383221745491 3.1084463596344 3.97714483737946 3.37605893611908 3.13455390930176 3.21277964115143 3.04993414878845 2.90831243991852 2.79746854305267 2.71484541893005 2.74824517965317 2.78921556472778 2.76419323682785 2.61805433034897 2.5215607881546 2.51969844102859 2.42893266677856 2.26466846466064 2.21334457397461 2.16156667470932 2.04052948951721 2.09141707420349 2.18615555763245 2.20497751235962 2.17215603590012 2.15659117698669 2.62893372774124 2.89254820346832 2.99735033512115 2.54473954439163 2.26794219017029 2.40392392873764 2.68418025970459 3.15162670612335 3.91955101490021 4.43936848640442 4.19395709037781 5.26176989078522 5.92557988848005 6.82996944018773 6.32206889561244 7.512919643346 6.72923798561096 8.03291130065918 10.5720698833466 -9999 -9999 -9999 -9999 -9999
3.99835431575775 3.98325383663177 3.38139367103577 2.84241753816605 2.64747977256775 2.43220657110214 2.17838180065155 2.21396702528 2.04596918821335 2.03051108121872 2.18063932657242 2.69833499193192 3.88752686977386 4.69667387008667 3.66539990901947 3.62327706813812 3.68134582042694 3.4315470457077 3.26074433326721 3.04217863082886 2.91012382507324 2.94096601009369 2.84163004159927 2.88178431987762 2.7579705119133 2.68649554252625 2.63875132799149 2.60636472702026 2.62138867378235 2.44091480970383 2.40638548135757 2.39586907625198 2.29569447040558 2.37076056003571 2.37260770797729 2.32165431976318 2.26609647274017 2.22926992177963 2.62449216842651 3.07915735244751 3.1006418466568 2.06061744689941 2.03858917951584 2.47490626573563 3.11328756809235 3.81780087947845 4.4226690530777 3.59339170870574 4.55115870067052 4.46459688459124 5.13796650767326 6.09961388111115 6.5004679403807 7.10171411037445 -9999 -9999 -9999 -9999 -9999 -9999 -9999 -9999
4.76766014099121 4.34019219875336 3.57676434516907 2.87109678983688 2.70428252220154 2.67127507925034 2.41210645437241 2.1105996966362 2.11450427770615 2.01074624061584 1.98411744832993 3.4930282831192 4.50939166545868 4.06903195381165 4.00445938110352 4.0352783203125 3.38661074638367 3.28425586223602 3.1595903635025 3.08232736587524 3.03505504131317 3.04317283630371 2.92107832431793 2.85127133131027 2.83209156990051 2.61796581745148 2.63574153184891 2.68316173553467 2.6546505689621 2.59885883331299 2.56188976764679 2.51519483327866 2.48948031663895 2.45149791240692 2.48859143257141 2.47827458381653 2.34972453117371 2.35272824764252 2.72711026668549 3.08063936233521 2.70500993728638 1.97291707992554 2.30866491794586 2.91518926620483 3.50774466991425 4.28745818138123 4.19472885131836 5.67168682977694 5.20620679855347 5.98186534643173 6.04605263471603 4.74011242389679 6.01120105542635 -9999 -9999 -9999 -9999 -9999 -9999 -9999 -9999 -9999
5.3298944234848 4.53967487812042 3.70920288562775 4.03570568561554 3.99322664737701 3.45199871063232 3.07482075691223 3.03103566169739 2.67150217294693 2.80311441421509 3.23686194419861 3.83210170269012 3.74861776828766 3.74711930751801 3.66090059280396 3.16921055316925 3.50282263755798 3.10383903980255 2.98034316301346 3.06980323791504 3.16476666927338 3.0894638299942 3.01144659519196 2.85671103000641 2.80506151914597 2.67945903539658 2.58476775884628 2.59065592288971 2.61300605535507 2.61839926242828 2.58312982320786 2.48383802175522 2.38255208730698 2.39772820472717 2.51110124588013 2.6244780421257 2.41477417945862 2.41341072320938 2.68925929069519 2.91142791509628 2.71306049823761 2.04763644933701 2.30951106548309 2.91855973005295 3.35535442829132 3.82525491714478 6.0413134920186 9.29582667350769 7.14788353443146 5.88804602622986 5.6554913520813 28.7217235565186 46.1098709106445 -9999 -9999 -9999 -9999 -9999 -9999 -9999 -9999 -9999
-9999 4.2352175116539 4.26323533058167 4.86169517040253 5.98580396175385 5.18815791606903 4.18339562416077 3.79573810100555 3.48191392421722 3.41387629508972 3.13562786579132 4.1427526473999 4.34426236152649 4.07823443412781 3.70101964473724 3.01901257038116 3.63741016387939 3.36056935787201 3.16226184368134 3.08079385757446 3.18863332271576 3.07814919948578 2.9699227809906 2.84145677089691 2.75994676351547 2.67512333393097 2.45439076423645 2.5260021686554 2.62384879589081 2.53989225625992 2.46450591087341 2.44228041172028 2.35969126224518 2.44635146856308 2.56601321697235 2.67126899957657 2.75549393892288 3.21648466587067 3.39677023887634 2.70947849750519 3.05122947692871 3.56054162979126 3.08100664615631 3.31788146495819 3.91583633422852 -9999 6.89726551941463 7.11113699582907 7.13846707344055 6.05122709274292 32.5999689102173 32.6539192199707 32.2041921615601 37.4064960479736 -9999 -9999 -9999 -9999 -9999 -9999 -9999 -9999
-9999 -9999 -9999 -9999 -9999 2.28387522697449 4.94905936717987 5.16312074661255 4.63788914680481 3.77608358860016 3.53801465034485 3.63323485851288 3.77300620079041 4.08522748947144 3.88314521312714 3.67176675796509 3.35046672821045 3.32060480117798 3.20736908912659 3.20704257488251 3.19497156143188 3.09433937072754 2.92592632770538 2.72469305992126 2.63947874307632 2.51355975866318 2.39518958330154 2.43056845664978 2.52830404043198 2.40371775627136 2.30293428897858 2.3841233253479 2.43290555477142 2.55824857950211 2.71963798999786 2.69709008932114 3.02300620079041 3.30417466163635 3.73559546470642 3.54859721660614 3.40142834186554 3.05862164497375 3.22960710525513 3.24739336967468 4.00321733951569 16.4001132342422 -9999 -9999 -9999 -9999 42.6873893737793 61.5690593719482 32.9700839996338 32.2739720662435 -9999 -9999 -9999 -9999 -9999 -9999 -9999 -9999
-9999 -9999 -9999 -9999 -9999 -9999 -9999 -9999 3.97033041715622 5.13084375858307 4.02776634693146 3.44603776931763 3.43919777870178 3.76505327224731 3.69269013404846 3.62874841690063 3.36551177501678 3.27137160301208 3.13558208942413 3.22351276874542 3.18402314186096 2.96142607927322 2.80902296304703 2.70877057313919 2.59297800064087 2.44237732887268 2.31825220584869 2.33239871263504 2.30340600013733 2.21422791481018 2.22680246829987 2.34808874130249 2.50877773761749 2.67520952224731 2.87305426597595 2.922447681427 3.15643644332886 3.92783260345459 3.64063489437103 3.20417082309723 3.56233048439026 3.45890700817108 3.40106856822968 3.41530859470367 8.78805714624899 29.0682649612427 -9999 -9999 -9999 -9999 17.548882484436 39.6486911773682 34.7542033195496 44.2653121948242 40.8560743331909 30.881187915802 -9999 -9999 -9999 -9999 -9999 -9999
-9999 -9999 -9999 -9999 -9999 -9999 -9999 -9999 -9999 -9999 4.24455535411835 3.86653053760529 3.81086540222168 3.90923023223877 3.78528463840485 3.6201639175415 3.36980473995209 3.1164014339447 2.99828481674194 3.10311162471771 3.05806267261505 2.90834248065948 2.58636671304703 2.37053096294403 2.48778533935547 2.41864728927612 2.42526304721832 2.2162304520607 2.27261030673981 2.12141400575638 2.29917758703232 2.44016772508621 2.63947427272797 2.75876623392105 2.64452022314072 2.82840603590012 3.35529899597168 3.45264673233032 3.20448517799377 3.09434616565704 3.01699948310852 3.1053067445755 3.36009013652802 3.52321887016296 12.3718600325214 -9999 -9999 -9999 -9999 -9999 -9999 -9999 9.4442895425529 38.5266666412354 40.5140647888184 50.5196442604065 10.8786277770996 -9999 -9999 -9999 -9999 -9999
-9999 -9999 -9999 -9999 -9999 -9999 -9999 -9999 -9999 4.3704868555069 4.75112986564636 4.35387432575226 4.3969087600708 4.12741041183472 3.98428559303284 3.62072861194611 3.47153627872467 3.27971184253693 3.03134715557098 2.64070129394531 2.37687832117081 2.39345544576645 2.25654155015945 1.86053252220154 2.1795442700386 2.14428967237473 2.23747944831848 1.83201456069946 1.99204051494598 1.99759805202484 2.37170255184174 2.67510223388672 2.78860348463058 2.71796482801437 2.38515669107437 2.26829391717911 2.54638123512268 2.61710768938065 2.21497428417206 2.47204345464706 2.71927571296692 2.84493148326874 3.33643126487732 3.56120109558105 18.8611294731353 33.0447750091553 -9999 -9999 -9999 10.3660111427307 11.2421472072601 13.6038093566895 10.2650241851807 12.5425758361816 37.7251138687134 35.5842304229736 18.4536853366428 -9999 -9999 -9999 -9999 -9999
-9999 -9999 -9999 -9999 -9999 -9999 -9999 -9999 -9999 -9999 5.38605308532715 4.75986528396606 4.6265766620636 4.48531937599182 4.25423920154572 3.80116724967957 3.6423876285553 3.2547562122345 2.81689202785492 1.92249226570129 1.69969868659973 1.93047076463699 2.01766419410706 2.62536156177521 3.10395812988281 3.27137911319733 3.03857696056366 2.72674566507339 1.96206825971603 2.10181653499603 2.29881602525711 2.37981605529785 2.76311552524567 2.34257179498672 2.03036767244339 2.1480855345726 2.20467674732208 2.56175851821899 2.45717257261276 2.66073524951935 2.87440717220306 3.14174330234528 3.28398370742798 3.4112184047699 8.26460295452655 -9999 -9999 -9999 -9999 -9999 10.2028405666351 11.8621416091919 9.02267575263977 8.25097560882568 8.5056266784668 -9999 -9999 -9999 -9999 -9999 -9999 -9999
-9999 -9999 -9999 -9999 -9999 -9999 -9999 -9999 -9999 3.67937564849854 3.80242305994034 4.65441834926605 4.42354881763458 4.18213427066803 3.74631893634796 3.58978486061096 3.25764012336731 3.21228003501892 3.11050271987915 2.02782082557678 1.70158052444458 2.31573683023453 2.83341157436371 3.90611100196838 4.57124984264374 5.06691884994507 5.05425381660461 4.11139118671417 2.18462777137756 2.15431344509125 2.17791599035263 2.381955742836 2.77607023715973 2.26533079147339 2.20568704605103 2.36944878101349 2.47983902692795 2.60270100831985 2.29728144407272 2.37476241588593 2.57844007015228 3.1484956741333 3.58380532264709 6.29686175503777 3.86466658115387 -9999 -9999 -9999 -9999 -9999 14.9872820136252 9.93235516548157 10.5924633979797 11.6514987945557 -9999 -9999 -9999 -9999 -9999 -9999 -9999 -9999
-9999 -9999 -9999 -9999 -9999 -9999 -9999 -9999 -9999 4.91923570632935 4.79120051860809 3.79926699399948 4.02408385276794 3.73040699958801 3.45051884651184 3.27832210063934 2.85679650306702 2.80164903402328 2.62584006786346 2.15404343605042 1.66697323322296 1.89008170366287 2.23770672082901 4.29143249988556 5.39826214313507 5.81896340847015 5.68653166294098 4.23521912097931 2.96852624416351 2.95235466957092 2.45546168088913 2.36010521650314 3.00462591648102 2.66424000263214 2.58243817090988 2.6068702340126 2.47236227989197 2.4677460193634 2.54303097724915 2.6698642373085 2.79856717586517 3.13288199901581 3.29250597953796 9.61520266937978 3.86466693878174 -9999 -9999 -9999 -9999 12.1949715614319 -9999 -9999 -9999 -9999 -9999 -9999 -9999 -9999 -9999 -9999 -9999 -9999
-9999 -9999 -9999 -9999 -9999 -9999 -9999 -9999 -9999 4.59065955877304 4.04083389043808 3.91865175962448 3.65188264846802 3.50318312644958 3.15795457363129 3.03237211704254 2.67418956756592 2.1835709810257 2.04033082723618 1.75833231210709 1.67297172546387 1.91541141271591 2.40385866165161 4.82478582859039 6.30064702033997 6.85483646392822 6.18253970146179 3.67239367961884 3.37994170188904 3.83303010463715 3.57217633724213 3.20328605175018 3.30197024345398 2.72444772720337 2.68412929773331 2.49445420503616 2.33652895689011 2.30680131912231 2.42014718055725 2.52626931667328 2.74165570735931 3.03041768074036 6.78158546276947 -9999 -9999 -9999 -9999 -9999 -9999 -9999 -9999 -9999 -9999 -9999 -9999 -9999 -9999 -9999 -9999 -9999 -9999 -9999
-9999 -9999 -9999 -9999 -9999 -9999 -9999 -9999 -9999 4.46508210897446 4.35313719511032 3.1573680639267 3.25174570083618 3.21963894367218 3.17143356800079 2.91648530960083 2.2281705737114 1.57681882381439 1.58897852897644 1.7950581908226 2.19912153482437 2.52493643760681 3.85401284694672 4.8441606760025 6.04821610450745 6.73538160324097 6.44578456878662 2.39319831132889 2.98026376962662 4.10541808605194 4.52713108062744 4.419602394104 3.81462979316711 2.86221152544022 2.54604005813599 2.35218983888626 2.2997624874115 2.28253716230392 2.37423902750015 2.52658277750015 2.69353133440018 5.38443068598137 11.3476021605802 -9999 -9999 -9999 -9999 -9999 -9999 -9999 -9999 -9999 -9999 -9999 -9999 -9999 -9999 -9999 -9999 -9999 -9999 -9999
-9999 -9999 -9999 -9999 -9999 -9999 -9999 3.28386068344116 5.87329981327057 3.23868763446808 3.52099192142487 3.23219704627991 3.20198106765747 2.92059749364853 2.67626631259918 2.61467617750168 2.31005769968033 1.70891028642654 1.91839867830276 2.64690148830414 3.15247356891632 3.4598046541214 4.34067821502686 5.02460789680481 6.16652870178223 7.10916495323181 4.55079388618469 2.68829029798508 2.32402950525284 2.46248173713684 2.86995595693588 3.38532900810242 3.39265036582947 2.8680562376976 2.57040899991989 2.40281099081039 2.50335592031479 2.6749005317688 2.66970902681351 2.66727519035339 16.7946473944534 5.69786846637726 3.25656187534332 -9999 -9999 -9999 -9999 -9999 -9999 -9999 -9999 -9999 -9999 -9999 -9999 -9999 -9999 -9999 -9999 -9999 -9999 -9999
-9999 -9999 -9999 -9999 -9999 -9999 6.57177756786346 6.67367226427252 6.7013674215837 3.40734958648682 3.43013763427734 3.43278300762177 3.33752632141113 2.91026401519775 2.60868233442307 2.51358371973038 2.13465893268585 1.81398904323578 2.72785127162933 3.59373664855957 4.01275420188904 4.33257222175598 5.9604434967041 6.4104859828949 7.21453857421875 7.22364592552185 5.19738078117371 3.23566496372223 2.32186281681061 2.09100383520126 2.23150116205215 2.21839356422424 2.30040818452835 2.22320401668549 2.29590368270874 2.81444174051285 3.19973695278168 3.22606122493744 2.79860633611679 -9999 -9999 -9999 -9999 -9999 -9999 -9999 -9999 -9999 -9999 -9999 -9999 -9999 -9999 -9999 -9999 -9999 -9999 -9999 -9999 -9999 -9999 -9999
-9999 -9999 -9999 -9999 3.42212468568533 5.10370568690761 3.53408682346344 3.4669793844223 3.5106292963028 3.4295961856842 3.24130439758301 3.37243866920471 3.47637069225311 2.94034194946289 2.54267406463623 2.25972747802734 1.80177372694016 2.4373020529747 3.81996738910675 4.27391088008881 4.95980715751648 6.4441237449646 7.72979664802551 7.79976582527161 8.5569384098053 7.92175340652466 6.40536832809448 4.56061863899231 2.98531866073608 2.25410091876984 2.61595416069031 2.80358630418777 2.65292108058929 2.4102982878685 2.77921575307846 2.85659408569336 3.49684417247772 6.13368029290057 -9999 -9999 -9999 -9999 -9999 -9999 -9999 -9999 -9999 -9999 -9999 -9999 -9999 -9999 -9999 -9999 -9999 -9999 -9999 -9999 -9999 -9999 -9999 -9999
-9999 -9999 -9999 -9999 5.47668291069567 6.04326982051134 3.61490035057068 3.62322521209717 3.46294033527374 3.32029867172241 3.23626434803009 3.25005662441254 3.20449590682983 2.88770091533661 2.45046669244766 2.00051325559616 1.89437556266785 3.44081032276154 4.67091965675354 5.33447635173798 6.67718195915222 9.12885117530823 9.89133667945862 9.4996497631073 10.1567459106445 9.02702021598816 7.82636618614197 6.72656178474426 5.2070699930191 3.45080924034119 3.76359915733337 4.24037539958954 3.78987658023834 3.07097840309143 3.54339015483856 3.04469919204712 4.21842241287231 -9999 -9999 -9999 -9999 -9999 -9999 -9999 -9999 -9999 -9999 -9999 -9999 -9999 -9999 -9999 -9999 -9999 -9999 -9999 -9999 -9999 -9999 -9999 -9999 -9999
-9999 45.501851843722 4.39649864166014 3.51242664982291 5.13254001617432 3.32080578804016 3.69445860385895 3.73461592197418 3.4816746711731 3.29042565822601 3.10158312320709 2.91296625137329 3.13143610954285 2.46695172786713 1.90245598554611 1.76617795228958 3.82690107822418 5.53878164291382 7.65328288078308 7.89380264282227 8.01859259605408 8.93827128410339 10.2386033535004 11.0270926952362 11.6005854606628 9.7216215133667 9.36424040794373 8.8970775604248 6.95213985443115 4.643385887146 4.31434643268585 3.68153929710388 3.43729269504547 4.25701189041138 13.0177523156871 6.8341039148244 -9999 -9999 -9999 -9999 -9999 -9999 -9999 -9999 -9999 -9999 -9999 -9999 -9999 -9999 -9999 -9999 -9999 -9999 -9999 -9999 -9999 -9999 -9999 -9999 -9999 -9999
5.31718232631683 5.36934289932251 4.7020694732666 3.86675262451172 3.57490575313568 3.55985927581787 3.5774610042572 3.67525291442871 3.50357007980347 3.39825081825256 3.25909352302551 2.87194508314133 2.6720250248909 1.89321452379227 1.61937671899796 2.19514203071594 5.82927238941193 7.41703319549561 7.22020268440247 7.18929290771484 8.03480243682861 9.58315801620483 10.9889810085297 12.1413488388062 11.817400932312 11.3842535018921 9.5265097618103 8.84091782569885 7.02103614807129 4.7279452085495 4.21116542816162 4.06943035125732 4.17600917816162 -9999 -9999 -9999 -9999 -9999 -9999 -9999 -9999 -9999 -9999 -9999 -9999 -9999 -9999 -9999 -9999 -9999 -9999 -9999 -9999 -9999 -9999 -9999 -9999 -9999 -9999 -9999 -9999 -9999
6.27026234354292 5.84085406575884 4.308021068573 3.55919086933136 3.46766102313995 3.62855780124664 3.54664278030396 3.53735840320587 3.31500613689423 3.29894328117371 2.95624047517776 2.88001728057861 2.02834206819534 1.62075233459473 2.01676279306412 3.13776540756226 5.53318798542023 6.32767510414124 7.25263023376465 7.3514986038208 8.27244830131531 9.24368906021118 9.81497383117676 10.2367072105408 9.54252076148987 7.57626986503601 6.22990822792053 5.50787687301636 3.82959151268005 4.24680733680725 4.62107169628143 4.6833997964859 4.55667006969452 8.19281480862544 5.73982808169197 6.73635785868674 -9999 -9999 -9999 -9999 -9999 -9999 -9999 -9999 -9999 -9999 -9999 -9999 -9999 -9999 -9999 -9999 -9999 -9999 -9999 -9999 -9999 -9999 -9999 -9999 -9999 -9999
3.47665858268738 3.41902112960815 3.39688217639923 3.38531792163849 3.86885672807693 3.55697178840637 3.56650364398956 3.32890141010284 3.09016442298889 3.05738639831543 2.82865208387375 2.27881568670273 1.61395794153214 1.88574975728989 2.16499722003937 3.44327545166016 4.91920638084412 5.96921181678772 7.20114398002625 7.78020358085632 9.20311260223389 9.18270921707153 10.3702940940857 10.7944457530975 7.15471744537354 5.16142737865448 3.9166853427887 3.56522834300995 3.9734423160553 4.14359164237976 5.83124322096507 -9999 -9999 -9999 -9999 -9999 -9999 -9999 -9999 -9999 -9999 -9999 -9999 -9999 -9999 -9999 -9999 -9999 -9999 -9999 -9999 -9999 -9999 -9999 -9999 -9999 -9999 -9999 -9999 -9999 -9999 -9999
3.71925830841064 4.49177312850952 4.03517550230026 3.42329549789429 3.53202617168427 3.71166980266571 3.80152130126953 3.71906018257141 3.71000039577484 3.57078158855438 3.09356260299683 1.54765355587006 1.7295007109642 1.93041229248047 2.84230417013168 4.53647983074188 4.92261385917664 5.65300190448761 6.69679999351501 9.23606443405151 10.6861567497253 10.7446739673615 9.10092759132385 6.52117252349854 4.51762282848358 3.87725007534027 3.59162771701813 3.81827759742737 4.08807304501534 4.2193255841732 3.96233931183815 3.88218752145767 -9999 -9999 -9999 -9999 -9999 -9999 41.645050721382 12.6942715644836 -9999 -9999 -9999 -9999 -9999 -9999 -9999 -9999 -9999 -9999 -9999 -9999 -9999 -9999 -9999 -9999 -9999 -9999 -9999 -9999 -9999 -9999
4.48654007911682 5.05936312675476 4.65755969285965 5.10228058270046 4.64512579143047 4.62235806746916 4.10591685771942 4.15490698814392 3.7238917350769 3.55321204662323 3.03556287288666 1.88046526908875 1.90445333719254 2.31253427267075 3.25818157196045 3.71702492237091 4.13727915287018 5.83167386054993 9.24336075782776 11.2207317352295 10.7391908168793 8.6854555606842 6.22489500045776 4.0589851140976 3.76136934757233 3.45395922660828 3.38330072164536 3.61347203850746 3.80665470872607 3.7745908328465 4.30778774640856 3.42093944549561 -9999 -9999 -9999 -9999 -9999 -9999 -9999 -9999 -9999 -9999 -9999 -9999 -9999 -9999 -9999 -9999 -9999 -9999 -9999 -9999 -9999 -9999 -9999 -9999 -9999 -9999 -9999 -9999 -9999 -9999
-9999 -9999 -9999 -9999 -9999 4.36316939404136 4.42030768096447 3.82912123203278 3.55255508422852 2.75174921751022 2.29626220464706 2.44794970750809 2.74095153808594 2.94605469703674 3.03345143795013 3.44428789615631 7.03858494758606 10.824939250946 11.4127328395844 12.4938039779663 10.3479051589966 8.5428729057312 5.08063137531281 3.30089312791824 6.52243515423366 4.73815046310425 -9999 -9999 -9999 -9999 -9999 -9999 -9999 -9999 -9999 -9999 -9999 -9999 -9999 -9999 -9999 -9999 -9999 -9999 -9999 -9999 -9999 -9999 -9999 -9999 -9999 -9999 -9999 -9999 -9999 -9999 -9999 -9999 -9999 -9999 -9999 -9999
-9999 -9999 -9999 -9999 -9999 -9999 3.56899130344391 3.38494741916656 2.79326319694519 2.20814108848572 2.39455568790436 2.50077152252197 2.49072074890137 2.94682949781418 4.01560056209564 6.30804705619812 7.94835948944092 9.93756079673767 13.3364424705505 21.2450394630432 17.2411022186279 11.6842381954193 8.45797991752625 3.04606581461139 -9999 -9999 -9999 -9999 -9999 -9999 -9999 -9999 -9999 -9999 -9999 -9999 -9999 -9999 -9999 -9999 -9999 -9999 -9999 -9999 -9999 -9999 -9999 -9999 -9999 -9999 -9999 -9999 -9999 -9999 -9999 -9999 -9999 -9999 -9999 -9999 -9999 -9999
