EcologicalScience/Bass/data/rs_data_bass/chl_191.asc
NCOLS 226 
NROWS 124 
XLLCORNER -9.41648524995501 
YLLCORNER 47.587301625531 
CELLSIZE 0.0833 
NODATA_value -9999 
[rows 54 to 80 of 124, columns 0 to 61 of 226]
-9999 -9999 -9999 -9999 -9999 -9999 -9999 -9999 -9999 -9999 -9999 -9999 -9999 -9999 -9999 -9999 -9999 -9999 -9999 -9999 -9999 -9999 -9999 -9999 -9999 -9999 -9999 -9999 -9999 -9999 -9999 -9999 -9999 -9999 -9999 -9999 -9999 -9999 4.79307849687409 3.1321319103241 2.80566691160202 2.36776548624039 1.92295998334885 1.86341124773026 2.03867346048355 2.07038730382919 1.93785870075226 1.79299479722977 1.16996777057648 1.39307624101639 1.30442699790001 1.34143495559692 1.67316377162933 1.93964177370071 2.46841281652451 2.46724945306778 2.53236597776413 2.57418751716614 -9999 0.607058599591255 0.62790758907795 1.52598924999652
-9999 -9999 -9999 -9999 -9999 -9999 -9999 -9999 -9999 -9999 -9999 -9999 -9999 -9999 -9999 -9999 -9999 -9999 -9999 -9999 -9999 -9999 -9999 -9999 -9999 -9999 -9999 -9999 -9999 -9999 -9999 -9999 -9999 -9999 -9999 -9999 -9999 -9999 -9999 2.80943900346756 2.92928831577301 2.30102795362473 2.02841401100159 2.07453799247742 1.94443130493164 2.00849980115891 1.94152396917343 1.15344446897507 1.25999853014946 1.17900601029396 1.21972346305847 1.25598147511482 1.81121331453323 2.17521303892136 2.43759083747864 2.54933470487595 2.41066950559616 -9999 -9999 -9999 -9999 -9999
-9999 -9999 -9999 -9999 -9999 -9999 -9999 -9999 -9999 -9999 -9999 -9999 -9999 -9999 -9999 -9999 -9999 -9999 -9999 -9999 -9999 -9999 -9999 -9999 -9999 -9999 -9999 -9999 -9999 -9999 -9999 -9999 -9999 -9999 -9999 -9999 -9999 -9999 -9999 -9999 2.97781056165695 2.32411223649979 1.69602450728416 1.77382689714432 2.22763648629189 1.51992899179459 1.17997348308563 1.07305052876472 1.40621700882912 1.08751425147057 1.16624021530151 1.43834173679352 1.79855167865753 2.17537951469421 2.30803352594376 2.4949237704277 2.65366941690445 2.62232404947281 1.84803879923291 -9999 -9999 -9999
-9999 -9999 -9999 -9999 -9999 -9999 -9999 -9999 -9999 -9999 -9999 -9999 -9999 -9999 -9999 -9999 -9999 -9999 -9999 -9999 -9999 -9999 -9999 -9999 -9999 -9999 -9999 -9999 -9999 -9999 -9999 -9999 -9999 -9999 -9999 -9999 -9999 -9999 -9999 -9999 2.28226685005686 2.36698159575462 2.00146579742432 2.01149247586727 2.48985725641251 1.54360270500183 1.76193451881409 1.31441321969032 1.39023372530937 1.34662047028542 1.12071678042412 1.22990629076958 1.47120076417923 1.64454299211502 1.78377521038055 1.67152208089828 2.00086426734924 1.97762846946716 1.79880970716476 1.98364126682281 1.86706723451614 -9999
-9999 -9999 -9999 -9999 -9999 -9999 -9999 -9999 -9999 -9999 -9999 -9999 -9999 -9999 -9999 -9999 -9999 -9999 -9999 -9999 -9999 -9999 -9999 -9999 -9999 -9999 -9999 -9999 -9999 -9999 -9999 -9999 -9999 -9999 -9999 -9999 -9999 -9999 -9999 -9999 -9999 3.16114675998688 2.83706556558609 1.94679003953934 1.98949420452118 1.80980551242828 1.85051929950714 1.65133953094482 1.61811751127243 1.42250400781631 1.18082928657532 1.17575097084045 1.22322526574135 1.36238926649094 1.30449897050858 1.21133700013161 1.68578106164932 1.89224249124527 1.92435157299042 2.20651566982269 2.40614783763885 -9999
-9999 -9999 -9999 -9999 -9999 -9999 -9999 -9999 -9999 -9999 -9999 -9999 -9999 -9999 -9999 -9999 -9999 -9999 -9999 -9999 -9999 -9999 -9999 -9999 -9999 -9999 -9999 -9999 -9999 -9999 -9999 -9999 -9999 -9999 -9999 -9999 -9999 -9999 -9999 -9999 -9999 3.04819487035275 1.99093866348267 2.00076520442963 2.05926007032394 2.06111401319504 2.0047709941864 1.63945126533508 1.51861131191254 1.22921401262283 1.20761328935623 1.15622252225876 1.24936947226524 1.3370895087719 1.35653847455978 1.44996821880341 1.82702851295471 2.13259953260422 2.16565346717834 2.22326562621377 -9999 -9999
-9999 -9999 -9999 -9999 -9999 -9999 -9999 -9999 -9999 -9999 -9999 -9999 -9999 -9999 -9999 -9999 -9999 -9999 -9999 -9999 -9999 -9999 -9999 -9999 -9999 -9999 -9999 -9999 -9999 -9999 -9999 -9999 -9999 -9999 -9999 -9999 -9999 -9999 -9999 -9999 3.0868479013443 2.88459683954716 2.62888500094414 2.11253553628922 2.08527821302414 1.79333782196045 1.69159126281738 1.51686376333237 1.18889996409416 1.131098985672 1.17100721597672 1.19300553202629 1.3465747833252 1.49328446388245 1.8370635509491 1.98207592964172 2.19810980558395 -9999 -9999 3.47211885452271 3.09920990467072 2.89520770311356
-9999 -9999 -9999 -9999 -9999 -9999 -9999 -9999 -9999 -9999 -9999 -9999 -9999 -9999 -9999 -9999 -9999 -9999 -9999 -9999 -9999 -9999 -9999 -9999 -9999 -9999 -9999 -9999 -9999 -9999 -9999 -9999 -9999 -9999 -9999 -9999 -9999 -9999 -9999 3.22788660228252 2.98158922791481 2.70651707053185 2.0442134141922 1.92395031452179 2.03450328111649 1.43508222699165 1.36023902893066 1.18589624762535 1.19426402449608 1.24712473154068 1.18142625689507 1.15294727683067 1.25986048579216 1.60751402378082 1.63758516311646 1.84285426139832 2.15620797872543 1.82166141271591 2.07614475488663 2.11470150947571 2.66290873289108 2.40441083908081
-9999 -9999 -9999 -9999 -9999 -9999 -9999 -9999 -9999 -9999 -9999 -9999 -9999 -9999 -9999 -9999 -9999 -9999 -9999 -9999 -9999 -9999 -9999 -9999 -9999 -9999 -9999 -9999 -9999 -9999 -9999 -9999 -9999 -9999 -9999 -9999 -9999 -9999 -9999 3.29941123723984 2.54813152551651 2.38449275493622 2.234907746315 1.63775700330734 1.71788316965103 1.25130745768547 1.23159000277519 1.09492126107216 1.19061228632927 1.21037551760674 1.14234897494316 1.17946422100067 1.09702652692795 1.33018577098846 1.7294340133667 1.93326383829117 1.93820321559906 1.79450333118439 1.48461377620697 1.99260306358337 2.06966632604599 2.16986167430878
-9999 -9999 -9999 -9999 -9999 -9999 -9999 -9999 -9999 -9999 -9999 -9999 -9999 -9999 -9999 -9999 -9999 -9999 -9999 -9999 -9999 -9999 -9999 -9999 -9999 -9999 -9999 -9999 -9999 -9999 -9999 -9999 -9999 -9999 -9999 -9999 -9999 -9999 2.20985819399357 3.09648936986923 2.39435476064682 2.28614574670792 2.02602726221085 1.82865828275681 1.63708597421646 1.73881843686104 1.57675534486771 1.09020146727562 1.07086801528931 1.05626401305199 1.18249502778053 1.27287447452545 1.35830399394035 1.46069848537445 1.62288379669189 1.63215905427933 1.40753549337387 1.29571804404259 1.34956124424934 1.72110450267792 1.82487970590591 2.04861831665039
-9999 -9999 -9999 -9999 -9999 -9999 -9999 -9999 -9999 -9999 -9999 -9999 -9999 -9999 -9999 -9999 -9999 -9999 -9999 -9999 -9999 -9999 -9999 -9999 -9999 -9999 -9999 -9999 -9999 -9999 -9999 -9999 -9999 -9999 -9999 -9999 -9999 -9999 2.65401917695999 2.62144148349762 2.34760898351669 2.18634581565857 1.82819348573685 1.57136026024818 1.55935835838318 1.64446610212326 1.58539232611656 1.19705021381378 1.09919026494026 1.12706923484802 1.17980325222015 1.30512678623199 1.31402027606964 1.44933521747589 1.49771171808243 1.44155851006508 1.25000926852226 1.30468797683716 1.53501516580582 1.67148149013519 1.96234345436096 2.1365715265274
-9999 -9999 -9999 -9999 -9999 -9999 -9999 -9999 -9999 -9999 -9999 -9999 -9999 -9999 -9999 -9999 -9999 -9999 -9999 -9999 -9999 -9999 -9999 -9999 -9999 -9999 -9999 -9999 -9999 -9999 -9999 -9999 -9999 -9999 -9999 -9999 -9999 2.62298515439034 2.48174971342087 2.1984104514122 2.04498481750488 1.99119573831558 1.66373813152313 1.49301302433014 1.40648773312569 1.52750211954117 1.60180199146271 1.48555840551853 1.25713500380516 1.28226220607758 1.25222173333168 1.23983770608902 1.34802228212357 1.32379049062729 1.34062126278877 1.4023784995079 1.30526250600815 1.4796179831028 1.66925328969955 1.7879256606102 1.89097791910172 2.07888382673264
-9999 -9999 -9999 -9999 -9999 -9999 -9999 -9999 -9999 -9999 -9999 -9999 -9999 -9999 -9999 -9999 -9999 -9999 -9999 -9999 -9999 -9999 -9999 -9999 -9999 -9999 -9999 -9999 -9999 -9999 -9999 -9999 -9999 -9999 -9999 -9999 -9999 2.43661093711853 2.17199099063873 2.00994899868965 1.93188786506653 1.84445852041245 1.66767054796219 1.31735850870609 1.35897262394428 1.43876999616623 1.47688199579716 1.42567576467991 1.48050221800804 1.43403750658035 1.40124678611755 1.24636870622635 1.1366700232029 1.20685350894928 1.35229647159576 1.43492701649666 1.40718600153923 1.5971115231514 1.67399328947067 1.70265305042267 1.75939571857452 2.00459933280945
-9999 -9999 -9999 -9999 -9999 -9999 -9999 -9999 -9999 -9999 -9999 -9999 -9999 -9999 -9999 -9999 -9999 -9999 -9999 -9999 -9999 -9999 -9999 -9999 -9999 -9999 -9999 -9999 -9999 -9999 -9999 -9999 -9999 -9999 -9999 -9999 2.90955877304077 2.3566483259201 2.02899339795113 1.86866283416748 1.73393628001213 1.54434111714363 1.329853489995 1.34532803297043 1.38304348289967 1.3908397257328 1.39472812414169 1.39245338737965 1.47016757726669 1.75556570291519 1.71019238233566 1.24597129225731 1.21821078658104 1.22630846500397 1.36470597982407 1.65731692314148 1.57475852966309 1.73973083496094 1.80068027973175 1.87488377094269 2.01766043901443 2.10936069488525
-9999 -9999 -9999 -9999 -9999 -9999 -9999 -9999 -9999 -9999 -9999 -9999 -9999 -9999 -9999 -9999 -9999 -9999 -9999 -9999 -9999 -9999 -9999 -9999 -9999 -9999 -9999 -9999 -9999 -9999 -9999 2.0612932741642 1.04697731914728 -9999 2.10493344068527 2.32402195036411 1.26419293421965 1.79730254411697 1.84696850180626 1.5443137139082 1.66297370195389 1.47225674986839 1.31413024663925 1.1485338807106 1.39890150725842 1.42875118553638 1.6654297709465 1.45800147950649 1.53385908901691 1.65351676940918 1.70900246500969 1.75808215141296 1.73454228043556 1.19334751367569 1.3331932425499 1.64604216814041 1.80376267433167 1.82870846986771 2.08478933572769 2.13611626625061 2.30793750286102 2.54888594150543
-9999 -9999 -9999 -9999 -9999 -9999 -9999 -9999 -9999 -9999 -9999 -9999 -9999 -9999 -9999 -9999 -9999 -9999 -9999 -9999 -9999 -9999 0.346259817481041 4.0241562773784 3.02834395319223 2.52088373154402 2.76919962465763 2.77036808431149 2.66288441419601 1.9627258181572 1.48493957519531 1.56355279684067 1.70414298772812 1.65312941372395 1.38326847553253 1.4986372590065 1.50572589039803 1.42135646939278 1.33324085175991 1.32668548822403 1.25420965254307 1.17133162915707 1.15611898899078 1.43302723765373 1.56706571578979 1.69184619188309 1.71595400571823 1.47235576808453 1.54660950601101 1.63481770455837 1.76593610644341 1.82549321651459 2.01302137970924 2.10588794946671 2.13537222146988 1.98612678050995 2.21107131242752 2.17561572790146 8.14643019788405 -9999 -9999 -9999
-9999 -9999 -9999 -9999 -9999 -9999 -9999 -9999 -9999 -9999 -9999 -9999 -9999 -9999 -9999 -9999 -9999 -9999 -9999 -9999 -9999 -9999 8.67391807436943 2.58895851373673 1.43045434355736 1.31340435147285 1.24714123830199 1.00865212082863 1.3843282610178 1.39915238320827 1.40874373912811 1.26217237114906 1.08850201964378 1.21509897708893 1.26827171444893 1.27590112388134 1.3789042532444 1.22987289726734 1.18138687312603 1.20795638859272 1.12769325077534 1.39338046312332 1.44532424211502 1.57564026117325 1.62683302164078 1.66083562374115 1.60639764368534 1.78956073522568 1.84025958180428 1.86875742673874 1.99320709705353 2.04899883270264 2.38206303119659 2.55753940343857 2.57715015113354 -9999 -9999 -9999 -9999 -9999 -9999 -9999
-9999 -9999 -9999 -9999 -9999 -9999 -9999 -9999 -9999 -9999 -9999 -9999 -9999 -9999 -9999 -9999 -9999 -9999 -9999 2.51278976482504 2.97116652131081 1.8978122100234 1.67717360705137 1.3768079392612 1.33528446033597 0.993170611560345 0.971553392708302 0.938858270645142 0.92851348221302 0.914227500557899 0.92325147986412 0.925145231187344 0.954786747694016 1.01523073017597 1.05187498033047 1.12074936926365 1.12698711454868 1.16470724344254 1.31661647558212 0.999259874224663 1.01879100501537 1.03865285217762 1.3262951374054 1.46612919867039 1.54232096672058 1.60693909227848 1.90935337543488 2.02538922429085 2.09901371598244 2.12639996409416 2.21174249053001 -9999 -9999 -9999 -9999 -9999 -9999 -9999 -9999 -9999 -9999 -9999
-9999 -9999 -9999 -9999 -9999 -9999 -9999 -9999 -9999 -9999 -9999 -9999 -9999 -9999 -9999 -9999 -9999 2.66696566343307 1.59185546636581 1.44975706189871 1.12294690310955 0.944702602922916 0.948783740401268 0.893848478794098 0.864587634801865 0.829131357371807 0.853370614349842 0.840338632464409 0.839836120605469 0.857188135385513 0.825087010860443 0.796390861272812 0.800853364169598 0.81979838758707 0.891373515129089 0.937778994441032 0.971534639596939 0.946689739823341 0.955189481377602 0.918596997857094 1.00010588765144 1.14198222756386 1.22207853198051 1.40943749248981 1.55102254450321 1.78412327170372 1.93019995093346 2.12917417287827 2.24046859145164 2.06888004541397 1.83297353982925 -9999 -9999 -9999 -9999 -9999 -9999 -9999 -9999 -9999 -9999 -9999
-9999 -9999 -9999 -9999 -9999 -9999 -9999 -9999 -9999 -9999 -9999 -9999 -9999 -9999 1.28795307129622 1.51178057491779 1.31895640492439 1.1288467411484 1.06548228859901 0.934329405426979 0.789862141013145 0.758847735822201 0.753076493740082 0.765125244855881 0.773797139525414 0.780787892639637 0.792661093175411 0.785063982009888 0.785892002284527 0.75831900537014 0.717183373868465 0.725949369370937 0.719823762774467 0.736533746123314 0.773270264267921 0.875579997897148 0.97038334608078 0.908504605293274 0.888358846306801 0.933635249733925 0.987093776464462 1.07440575957298 1.17264264822006 1.24698114395142 1.64995314180851 1.86164966225624 1.92902362346649 2.00642850995064 2.059461414814 1.86838835477829 1.78364440798759 1.81512658596039 -9999 -9999 -9999 -9999 -9999 -9999 -9999 -9999 -9999 -9999
-9999 -9999 -9999 -9999 -9999 -9999 -9999 -9999 -9999 -9999 -9999 1.65410358100742 1.46845614910126 1.1964824795723 1.02951617538929 0.795157894492149 0.721778266131878 0.714835122227669 0.694938361644745 0.725861616432667 0.709043607115746 0.718280240893364 0.711651004850864 0.568352982401848 0.777899980545044 0.779966220259666 0.771871849894524 0.749466374516487 0.701719477772713 0.660339742898941 0.643777884542942 0.64231538772583 0.659030981361866 0.697176732122898 0.751666858792305 0.820644736289978 0.90233288705349 0.80330702662468 0.78744001686573 0.84374512732029 0.946566358208656 1.03804501891136 1.15611791610718 1.26996937394142 1.64340671896935 1.78363797068596 1.72196178138256 1.80488964915276 1.93755224347115 2.0502631187439 1.86360463888749 -9999 -9999 -9999 -9999 -9999 5.25267414533815 3.14646792411804 3.23349684476852 3.41266116499901 3.00055441260338 -9999
-9999 -9999 -9999 -9999 -9999 -9999 -9999 -9999 -9999 13.8973814606667 1.98123254608817 1.15166909992695 0.618314981460571 0.875662285834551 1.02386221289635 0.643542006611824 0.649991624057293 0.659278884530067 0.687414363026619 0.69632662832737 0.673972137272358 0.672215983271599 0.647112742066383 0.531736493110657 0.712776347994804 0.717545226216316 0.722080126404762 0.689769364893436 0.63628875464201 0.614042244851589 0.614703744649887 0.632353886961937 0.684393391013145 0.717898115515709 0.753596238791943 0.775023356080055 0.798525385558605 0.79484885931015 0.80620613694191 0.829874262213707 0.96355015039444 1.02545097470284 1.15637665987015 1.22755721211433 1.34766680002213 1.86922645568848 1.89434891939163 1.8466939330101 1.66640965640545 1.7763934135437 1.86103123426437 1.94526565074921 2.32884120941162 2.81789951405283 2.24722838401794 2.33773800730705 2.227180570364 2.54088377952576 2.67859733104706 2.56949400901794 2.61568576097488 -9999
-9999 -9999 -9999 -9999 -9999 1.2533795038859 0.813732773065567 0.91304549574852 0.947838753461838 0.778676211833954 0.612551271915436 0.63307124376297 0.635345265269279 0.657042369246483 0.663750350475311 0.658909857273102 0.676251009106636 0.665012620389462 0.69962851703167 0.684726744890213 0.682182021439075 0.626287870109081 0.621909007430077 0.672591760754585 0.68504324555397 0.656161889433861 0.636317230761051 0.638057604432106 0.642161250114441 0.639453381299973 0.669096373021603 0.676209010183811 0.6861382573843 0.730262249708176 0.711945377290249 0.738007485866547 0.752377487719059 0.74073600769043 0.776595734059811 0.835487611591816 0.857643753290176 0.994949251413345 1.11181837320328 1.14555904269218 1.23323853313923 1.83992952108383 1.663852840662 1.60795430839062 1.57372838258743 1.74568167328835 1.80560061335564 1.82965019345284 2.00338500738144 2.11860752105713 2.22850200533867 2.2152513563633 2.2465113401413 2.40395021438599 2.73004648089409 2.68151253461838 2.69285997748375 3.15620362758636
-9999 -9999 -9999 -9999 -9999 0.622937992215157 0.645612001419067 0.646215006709099 0.621926978230476 0.63230100274086 0.660752981901169 0.68910750746727 0.690697520971298 0.705212250351906 0.636539630591869 0.680220387876034 0.677965141832829 0.66755848377943 0.627190500497818 0.60233811289072 0.61413636803627 0.639681749045849 0.653736390173435 0.658254750072956 0.648139134049416 0.6205023676157 0.613169990479946 0.601215362548828 0.618329621851444 0.632144249975681 0.670590743422508 0.702297762036324 0.705720014870167 0.729326605796814 0.707045651972294 0.72003673017025 0.753568522632122 0.734430380165577 0.857215136289597 0.838547632098198 0.865005746483803 0.972405016422272 1.01493939757347 1.09619624912739 1.23369263112545 1.47050195932388 1.47162035107613 1.54244211316109 1.61131654679775 1.65018828213215 1.63953790068626 1.71485584974289 1.85003212094307 1.94346150755882 1.97083014249802 2.12296164035797 2.3327331840992 2.49477410316467 2.62470486760139 2.58828037977219 2.66089090704918 3.0458115041256
-9999 -9999 -9999 -9999 -9999 0.573608234524727 0.598890736699104 0.600051015615463 0.648115485906601 0.680250003933907 0.677441999316216 0.682492509484291 0.719025760889053 0.58363151550293 0.553371392190456 0.673490828275681 0.6673683822155 0.676432505249977 0.604137763381004 0.583267495036125 0.59094525128603 0.611966617405415 0.613427259027958 0.602169759571552 0.593354992568493 0.616415619850159 0.636429391801357 0.652633868157864 0.668182879686356 0.702190116047859 0.688889622688293 0.747081756591797 0.745033867657185 0.726589858531952 0.727877251803875 0.747265867888927 0.732830978929996 0.739066131412983 0.798768371343613 1.2089449763298 1.05041773617268 1.00356866419315 1.06201350688934 1.10558438301086 0.988663494586945 1.26495924592018 1.39456647634506 1.41186702251434 1.4670814871788 1.54478949308395 1.33560977876186 1.46617318689823 1.53035849332809 1.54770335555077 1.68239513039589 1.97825771570206 2.20481139421463 2.32486796379089 2.31309825181961 2.60514521598816 2.78621765971184 2.96284157037735
-9999 -9999 -9999 -9999 -9999 0.472406253218651 0.493753507733345 0.534256517887115 0.544703230261803 0.566255271434784 0.530159264802933 0.553622245788574 0.504180014133453 0.510842263698578 0.51552526652813 0.481003493070602 0.515192270278931 0.530032485723495 0.575785115361214 0.579075001180172 0.593155860900879 0.607838250696659 0.62686575204134 0.611063249409199 0.608897253870964 0.614607363939285 0.618911258876324 0.663236238062382 0.698802754282951 0.73649550229311 0.986882507801056 0.737998348474503 1.08637303113937 0.761187739670277 0.74484521895647 0.808467136962073 0.805008607251303 0.767585801226752 1.00188475847244 1.1781952381134 0.90030862390995 0.891820102930069 1.01560315489769 0.894943132996559 0.94174499809742 1.10962623357773 0.946480482816696 1.24483704566956 1.33347004652023 1.16079488396645 1.17812848091125 1.23966036736965 1.35987487435341 1.43087062239647 1.51450614631176 1.71287477016449 1.73230129480362 1.78520920872688 1.88619071245193 2.39892107248306 2.80377146601677 2.84927594661713
-9999 -9999 -9999 -9999 -9999 0.450972765684128 0.469717517495155 0.465435013175011 0.484964266419411 0.394265888552917 0.487362742424011 0.481106266379356 0.512392491102219 0.521740481257439 0.494995504617691 0.527829006314278 0.626609846949577 0.600891306996346 0.576687008142471 0.587728509306908 0.58288199454546 0.609065629541874 0.647071503102779 0.626886762678623 0.628403641283512 0.646018892526627 0.662379764020443 0.661379992961884 0.682894885540009 0.679929010570049 0.948125511407852 0.968431264162063 0.527678266167641 0.802575524364199 0.989773988723755 0.697160616517067 0.699751496315002 0.797506647450583 0.831693125622613 0.793102115392685 0.799087129533291 0.872743517160416 0.884053856134415 0.887923881411552 0.87601312994957 0.796273849904537 0.877097994089127 1.03258323669434 1.04256224632263 0.94931660592556 0.937229588627815 0.951137647032738 1.27763137221336 1.35403722524643 1.60614717006683 1.63275222480297 1.66484177112579 1.73310068249702 1.66539224982262 1.69106251001358 2.36293807625771 2.42512571811676
