EcologicalScience/Bass/data/rs_data_bass/chl_473.asc
NCOLS 226 
NROWS 124 
XLLCORNER -9.41648524995501 
YLLCORNER 47.587301625531 
CELLSIZE 0.0833 
NODATA_value -9999 
[rows 0 to 26 of 124, columns 62 to 123 of 226]
-9999 -9999 -9999 -9999 -9999 -9999 -9999 -9999 -9999 -9999 -9999 -9999 -9999 -9999 -9999 -9999 -9999 -9999 -9999 -9999 -9999 -9999 -9999 -9999 -9999 -9999 -9999 -9999 -9999 -9999 -9999 -9999 -9999 -9999 -9999 -9999 -9999 -9999 -9999 -9999 -9999 -9999 -9999 -9999 -9999 -9999 -9999 -9999 -9999 -9999 -9999 -9999 -9999 -9999 -9999 -9999 -9999 -9999 -9999 -9999 -9999 -9999
-9999 -9999 -9999 -9999 -9999 -9999 -9999 -9999 -9999 -9999 -9999 -9999 -9999 -9999 -9999 -9999 -9999 -9999 -9999 -9999 -9999 -9999 -9999 -9999 -9999 -9999 -9999 -9999 -9999 -9999 -9999 -9999 -9999 -9999 -9999 -9999 -9999 -9999 -9999 -9999 -9999 -9999 -9999 -9999 -9999 -9999 -9999 -9999 -9999 -9999 -9999 -9999 -9999 -9999 -9999 -9999 -9999 -9999 -9999 -9999 -9999 -9999
-9999 -9999 -9999 -9999 -9999 -9999 -9999 -9999 -9999 -9999 -9999 -9999 -9999 -9999 -9999 -9999 -9999 -9999 -9999 -9999 -9999 -9999 -9999 -9999 -9999 -9999 -9999 -9999 -9999 -9999 -9999 -9999 -9999 -9999 -9999 -9999 -9999 -9999 -9999 -9999 -9999 -9999 -9999 -9999 -9999 -9999 -9999 -9999 -9999 -9999 -9999 -9999 -9999 -9999 -9999 -9999 -9999 -9999 -9999 -9999 -9999 -9999
-9999 -9999 -9999 -9999 -9999 -9999 -9999 -9999 -9999 -9999 -9999 -9999 -9999 -9999 -9999 -9999 -9999 -9999 -9999 -9999 -9999 -9999 -9999 -9999 -9999 -9999 -9999 -9999 -9999 -9999 -9999 -9999 -9999 -9999 -9999 -9999 -9999 -9999 -9999 -9999 -9999 -9999 -9999 -9999 -9999 -9999 -9999 -9999 -9999 -9999 -9999 -9999 -9999 -9999 -9999 -9999 -9999 -9999 -9999 -9999 -9999 -9999
-9999 -9999 -9999 -9999 -9999 -9999 -9999 -9999 -9999 -9999 -9999 -9999 -9999 -9999 -9999 -9999 -9999 -9999 -9999 -9999 -9999 -9999 -9999 -9999 -9999 -9999 -9999 -9999 -9999 -9999 -9999 -9999 -9999 -9999 -9999 -9999 -9999 -9999 -9999 -9999 -9999 -9999 -9999 -9999 -9999 -9999 -9999 -9999 -9999 -9999 -9999 -9999 -9999 -9999 -9999 -9999 -9999 -9999 -9999 -9999 -9999 -9999
-9999 -9999 -9999 -9999 -9999 -9999 -9999 -9999 -9999 -9999 -9999 -9999 -9999 -9999 -9999 -9999 -9999 -9999 -9999 -9999 -9999 -9999 -9999 -9999 -9999 -9999 -9999 -9999 0.63735419511795 1.51258699704696 1.80721724033356 1.53115117549896 1.17597895860672 0.922220975160599 1.02502351999283 0.818793028593063 0.925533771514893 0.981744021177292 1.01186853647232 0.87233778834343 0.534643515944481 0.564072757959366 0.630223497748375 0.603066757321358 0.73845899105072 0.78754797577858 0.713555261492729 0.711576014757156 0.759118527173996 0.81284773349762 0.722758501768112 0.977470457553864 0.685234487056732 0.751415222883224 0.780044227838516 0.807360023260117 0.705270007252693 0.572466731071472 0.377263516187668 0.35088673979044 0.39129526913166 0.403220996260643
-9999 -9999 -9999 -9999 -9999 -9999 -9999 -9999 -9999 -9999 -9999 -9999 -9999 -9999 -9999 -9999 -9999 -9999 -9999 -9999 -9999 -9999 -9999 -9999 -9999 -9999 1.18186515569687 1.0627324283123 2.67650896310806 2.14748173952103 1.67228555679321 1.50281846523285 1.02508047223091 0.855875998735428 1.01532974839211 0.941733777523041 1.02978828549385 1.35015374422073 1.1403089761734 0.551069989800453 0.482861235737801 0.506588235497475 0.5144302546978 0.588438749313354 0.555565506219864 0.563791483640671 0.554892763495445 0.547835245728493 0.613502249121666 0.605371490120888 0.779690980911255 0.599730759859085 0.551840990781784 0.654324755072594 0.769487231969833 0.806363224983215 0.671267241239548 0.34154999256134 0.374805741012096 0.411740228533745 0.42639148235321 0.477397486567497
-9999 -9999 -9999 -9999 -9999 -9999 -9999 -9999 -9999 -9999 -9999 -9999 -9999 -9999 -9999 -9999 -9999 -9999 -9999 -9999 -9999 -9999 -9999 -9999 -9999 -9999 1.18186515569687 2.68539440631866 2.30073928833008 52.0478096008301 35.7620086669922 6.7437629699707 1.12798047065735 0.838662028312683 0.833480268716812 0.773928791284561 0.756991535425186 0.95642477273941 0.530105978250504 0.548250764608383 0.344663992524147 0.382589980959892 0.646856993436813 0.943079501390457 0.958869248628616 1.00793498754501 0.449772745370865 0.443910017609596 0.550155758857727 0.554516986012459 0.688539728522301 0.615426018834114 0.569598734378815 0.780734986066818 0.607613235712051 0.558189734816551 0.585374996066093 0.488056495785713 0.424364984035492 0.423792734742165 0.394152760505676 0.444891750812531
-9999 -9999 -9999 -9999 -9999 -9999 -9999 -9999 -9999 -9999 -9999 -9999 -9999 -9999 -9999 -9999 -9999 -9999 -9999 -9999 -9999 -9999 -9999 -9999 -9999 -9999 3.32000696659088 17.5338020324707 27.291672706604 3.03801155090332 1.1874957382679 1.17875325679779 1.30513724684715 0.895918518304825 0.846898466348648 0.773472726345062 0.780780762434006 0.825699001550674 0.850560039281845 1.01861849427223 1.13886746764183 0.881207227706909 0.874637246131897 0.88636726140976 1.02638852596283 1.01871527731419 0.424695745110512 0.441927015781403 0.629354238510132 0.735255002975464 0.511608749628067 0.546377241611481 0.67144650220871 0.801230281591415 0.637252494692802 0.455712765455246 0.464356496930122 0.539895728230476 0.551913768053055 0.468901500105858 0.415235996246338 0.443006247282028
-9999 -9999 -9999 -9999 -9999 -9999 -9999 -9999 -9999 -9999 -9999 -9999 -9999 -9999 -9999 -9999 -9999 -9999 -9999 -9999 -9999 -9999 -9999 -9999 -9999 1.19121462106705 2.05692398548126 1.38192602992058 2.37049430608749 1.61583817005157 1.21142926812172 1.0332907140255 1.04166001081467 0.824598759412766 0.825197249650955 0.896193712949753 0.898058205842972 0.90070429444313 0.417799517512321 0.659289747476578 0.741878986358643 0.736134767532349 0.85778546333313 0.96927747130394 1.02054673433304 0.474421486258507 0.514563739299774 0.629323482513428 0.680438250303268 0.652640998363495 0.59935574233532 0.611478745937347 0.805004239082336 0.870012760162354 0.776307731866837 0.485528245568275 0.499881729483604 0.623310014605522 0.587369978427887 0.547403991222382 0.527672991156578 0.481606498360634
-9999 -9999 -9999 -9999 -9999 -9999 -9999 -9999 -9999 -9999 -9999 -9999 -9999 -9999 -9999 -9999 -9999 -9999 -9999 -9999 -9999 -9999 -9999 -9999 -9999 1.98663878440857 1.47314250469208 1.39003953337669 1.35220947861671 0.956849277019501 0.819948792457581 0.852998971939087 0.861705780029297 0.866508722305298 1.00654801726341 1.10788276791573 0.943490982055664 0.839857488870621 0.766935735940933 0.778884708881378 1.14472952485085 0.675078749656677 1.09996801614761 1.35270828008652 1.28196448087692 0.640709236264229 0.690716251730919 0.747085511684418 1.00927725434303 0.957626223564148 0.880488753318787 0.744483008980751 0.888339042663574 1.03490853309631 1.02742427587509 0.670895978808403 0.541960492730141 0.660761252045631 0.607577249407768 0.604382246732712 0.526584729552269 0.448004990816116
-9999 -9999 -9999 -9999 -9999 -9999 -9999 -9999 -9999 -9999 -9999 -9999 -9999 -9999 -9999 -9999 -9999 -9999 -9999 -9999 -9999 -9999 -9999 -9999 1.31647038459778 1.8838449716568 1.59617155790329 1.01499152183533 0.919806718826294 0.859897524118423 0.867773294448853 0.849933743476868 0.85753270983696 0.883618533611298 0.96855828166008 0.926499009132385 0.910623729228973 0.802274286746979 0.82296296954155 0.799833744764328 0.860098510980606 0.841050714254379 0.969446986913681 0.864071220159531 1.02225297689438 1.14330071210861 0.945038974285126 1.14625203609467 1.29464623332024 1.20952722430229 1.16745373606682 1.26632997393608 1.08404928445816 1.03236597776413 1.04818654060364 0.999548971652985 0.746009230613708 0.736757978796959 0.588107988238335 0.554532006382942 0.524322733283043 0.523638769984245
-9999 -9999 -9999 -9999 -9999 -9999 -9999 -9999 -9999 -9999 -9999 -9999 -9999 -9999 -9999 -9999 -9999 -9999 -9999 -9999 -9999 -9999 -9999 1.50594073534012 1.99229621887207 1.69056570529938 1.44492346048355 1.26845601201057 1.21398746967316 1.30983147025108 1.20206174254417 1.09368377923965 1.0596284866333 1.03357574343681 0.984264761209488 0.87321075797081 0.904841959476471 0.907279461622238 0.864803284406662 0.873008966445923 0.868278712034225 0.8347207903862 0.83010596036911 0.843659251928329 0.896802753210068 1.01984551548958 0.909563273191452 0.94745546579361 1.08977553248405 1.1645812690258 1.27014747262001 1.29476478695869 1.31824877858162 1.33894121646881 1.28693926334381 0.99628347158432 0.784862995147705 0.729620978236198 0.625894501805305 0.500892743468285 0.471608251333237 0.438718512654305
-9999 -9999 -9999 -9999 -9999 -9999 -9999 -9999 -9999 -9999 -9999 -9999 -9999 -9999 -9999 -9999 -9999 -9999 -9999 -9999 -9999 -9999 3.52651780843735 2.6079820394516 1.68929100036621 1.29641246795654 1.22937023639679 1.55407422780991 1.58650267124176 1.45183950662613 1.59889197349548 1.37680202722549 1.30422225594521 1.20039001107216 1.13252547383308 1.03607171773911 1.00226399302483 0.965007752180099 0.953612208366394 0.966837018728256 0.965445041656494 1.04134950041771 1.11581924557686 1.19564697146416 1.13597998023033 1.09510499238968 1.05362927913666 1.11422851681709 1.14275774359703 1.22425425052643 1.3573582470417 1.54803228378296 1.70925754308701 1.51959371566772 1.32670274376869 1.06307771801949 0.765549033880234 0.700282484292984 0.6443692445755 0.542244762182236 0.462478503584862 0.401504248380661
-9999 -9999 -9999 -9999 -9999 -9999 -9999 -9999 -9999 -9999 -9999 -9999 -9999 -9999 -9999 -9999 -9999 -9999 -9999 -9999 2.64602583646774 3.38019333283107 2.82549631595612 2.29586952924728 1.65612852573395 1.19986054301262 1.28572198748589 1.24049547314644 1.31795999407768 2.12405544519424 2.79045671224594 1.572389960289 1.4375287592411 1.30760478973389 1.19613826274872 1.10837253928185 1.00046253204346 1.02246674895287 1.0952340066433 1.30566671490669 1.28706747293472 1.28321099281311 1.54354798793793 1.55464947223663 1.50079643726349 1.40923199057579 1.17571422457695 1.20982047915459 1.19080200791359 1.35388201475143 1.57141721248627 1.37743726372719 1.44389471411705 1.41594752669334 1.0792897939682 1.11601129174232 0.735805481672287 0.726989239454269 0.748796984553337 0.542069256305695 0.476786255836487 0.423720002174377
-9999 -9999 -9999 -9999 -9999 -9999 -9999 -9999 -9999 -9999 -9999 -9999 -9999 -9999 -9999 -9999 -9999 -9999 -9999 -9999 2.39066709938176 3.49314993619919 2.57902324199677 1.92067974805832 1.62942451238632 1.5669387280941 1.19131126999855 1.18780347704887 1.11100199818611 1.14248549938202 1.11354526877403 1.02295053005219 1.018360465765 1.00254973769188 0.997758775949478 0.987300753593445 1.09950220584869 1.1967765390873 1.31060627102852 1.36661177873611 1.48626145720482 1.50950628519058 1.62192678451538 1.64156180620193 1.70728433132172 1.60400551557541 1.25815799832344 1.16729700565338 1.30346775054932 1.4166187942028 1.27442845702171 1.3924717605114 1.53605175018311 1.47714525461197 1.31858628988266 1.11355501413345 0.855812251567841 0.893472790718079 0.794318228960037 0.683370754122734 0.503606244921684 0.44607675075531
-9999 -9999 -9999 -9999 -9999 -9999 -9999 -9999 -9999 -9999 -9999 -9999 -9999 -9999 -9999 -9999 -9999 -9999 -9999 9.00196921825409 6.21079581975937 4.07017463445663 3.05706977844238 2.95954489707947 1.18501728773117 1.18745997548103 1.31150096654892 1.20454126596451 1.1100757420063 1.07580372691154 1.06287896633148 1.04910224676132 1.0623240172863 1.04796597361565 1.04538747668266 1.06674671173096 1.10687103867531 1.23368775844574 1.36137002706528 1.40020278096199 1.47781652212143 1.5326714515686 1.50422394275665 1.39388474822044 1.46802154183388 1.46236646175385 1.4476920068264 1.256925791502 1.55446350574493 2.13086557388306 1.24810874462128 1.31786620616913 1.39310547709465 1.35814046859741 1.42076477408409 1.35374620556831 0.859328269958496 0.798505514860153 0.767477989196777 0.593260511755943 0.502683743834496 0.505023747682571
-9999 -9999 -9999 -9999 -9999 -9999 -9999 -9999 -9999 -9999 -9999 -9999 -9999 -9999 -9999 -9999 -9999 13.4738645553589 7.99750304222107 6.41366672515869 4.88554537296295 4.63295781612396 3.90831029415131 3.45566922426224 3.06113088130951 1.2864870429039 1.25877374410629 1.19201847910881 1.1773207783699 1.1943284869194 1.16666552424431 1.17366528511047 1.10512501001358 1.0884562432766 1.07679748535156 1.08665478229523 0.993615746498108 1.0760894715786 1.2534022629261 1.59247952699661 1.61312019824982 1.54781395196915 1.49880596995354 1.53608930110931 1.75492805242538 1.61251133680344 1.52576851844788 1.65916281938553 1.49301454424858 1.35616421699524 1.31214076280594 1.06664103269577 1.01111921668053 0.979149788618088 0.884346038103104 0.939913541078568 0.848406761884689 0.795315027236938 0.653897255659103 0.499760270118713 0.443081259727478 0.508078515529633
-9999 -9999 -9999 -9999 -9999 -9999 -9999 -9999 -9999 -9999 -9999 -9999 -9999 -9999 -9999 -9999 -9999 34.4570165706586 14.8900430202484 8.28199744224548 6.39485859870911 5.68664354085922 8.10816621780396 6.75055861473083 3.50651907920837 1.89169800281525 1.79790008068085 2.01419019699097 1.89818251132965 1.53837454319 1.48466920852661 1.4130457341671 1.23312449455261 1.22193145751953 1.1960272192955 1.08295798301697 1.03418549895287 1.29631501436234 1.47373875975609 1.54930883646011 1.61029279232025 1.6691962480545 1.88927400112152 1.61775666475296 1.58517605066299 1.72738802433014 1.67202830314636 1.83647632598877 1.92465448379517 1.80653017759323 1.56319731473923 1.33751848340034 1.2708712220192 1.04632875323296 0.766595274209976 0.632523000240326 0.65431272983551 0.631082251667976 0.576200991868973 0.461689487099648 0.406745240092278 0.338203489780426
-9999 -9999 -9999 -9999 -9999 -9999 -9999 -9999 -9999 -9999 -9999 -9999 -9999 -9999 -9999 -9999 -9999 -9999 -9999 17.1923848986626 11.0098385810852 12.6538138389587 14.19864320755 15.3078017234802 12.489342212677 3.44576847553253 3.08373069763184 2.3939625620842 2.86434298753738 2.59237951040268 2.4556725025177 1.92903006076813 1.71098327636719 1.38029471039772 1.256830483675 1.10621997714043 1.08144754171371 1.18136921525002 1.48786354064941 1.77888000011444 1.72677451372147 1.71239483356476 1.93053299188614 1.96238994598389 2.68477356433868 2.7184311747551 2.04640424251556 2.17989671230316 2.26378047466278 2.14500600099564 1.7457030415535 1.53057754039764 1.47955048084259 1.43522545695305 1.32111525535583 0.940384536981583 0.530237227678299 0.486406490206718 0.469980016350746 0.401596516370773 0.35190374404192 0.328715242445469
-9999 -9999 -9999 -9999 -9999 -9999 -9999 -9999 -9999 -9999 -9999 -9999 -9999 -9999 -9999 6.91312038898468 5.95905227320535 4.35612978254046 13.7753369808197 9.51139056682587 7.43328022956848 19.7417621612549 5.33129119873047 5.55059903860092 5.46135544776917 3.99170458316803 2.64018219709396 1.8819585442543 1.91654992103577 4.02415573596954 3.99620926380157 3.33420467376709 3.22785294055939 2.75107276439667 2.00232893228531 1.20209553837776 1.17461550235748 1.22613903880119 1.76254498958588 2.17425531148911 2.23400402069092 2.29554373025894 2.82501375675201 2.49226427078247 6.28993034362793 5.01899385452271 3.67030513286591 2.89303797483444 2.13935333490372 1.96161299943924 1.59405827522278 1.21532928943634 1.11517345905304 1.18931096792221 1.14510449767113 0.868434727191925 0.663481503725052 0.594359993934631 0.421472981572151 0.433232992887497 0.388141483068466 0.351174004375935
-9999 -9999 -9999 -9999 -9999 -9999 -9999 -9999 -9999 -9999 35.2986888885498 35.2986888885498 13.7248649597168 11.9107875823975 13.4829471707344 12.554193675518 14.2947205901146 6.19923377037048 9.71800488233566 8.44594693183899 9.45726013183594 11.297131061554 8.30783486366272 19.0293617248535 10.6004476547241 6.05792927742004 4.83214437961578 2.7134610414505 3.45492088794708 8.39368486404419 8.45054411888123 6.68817901611328 6.4960834980011 3.8030948638916 2.80133467912674 1.67582631111145 1.48651877045631 1.9466632604599 2.13711905479431 2.28908854722977 2.93177622556686 3.76065301895142 4.29973948001862 5.77424383163452 7.67580270767212 5.60332417488098 4.77304136753082 2.95762646198273 2.63657623529434 2.53322929143906 1.59856796264648 1.15088850259781 1.56389629840851 0.906786024570465 1.10985749959946 1.22500276565552 0.980982005596161 0.782313019037247 0.583054482936859 0.40286023914814 0.53354474902153 0.673586994409561
-9999 -9999 -9999 -9999 -9999 -9999 -9999 -9999 -9999 -9999 35.2986888885498 8.13160823844373 7.660440325737 8.13892304897308 8.73265039920807 8.57446300983429 9.18560469150543 2.21569400338026 6.43212593423909 1.69038155204371 8.0296847820282 6.60540390014648 8.88533878326416 21.0114455223083 11.3970322608948 12.7917037010193 8.51036238670349 9.79795074462891 7.40292978286743 5.96856594085693 5.12806141376495 5.76613426208496 4.56043803691864 3.51233696937561 4.32082200050354 3.81881618499756 2.35257983207703 2.37168306112289 3.99576437473297 4.39735114574432 4.29649937152863 4.89645230770111 5.88866257667542 8.13339400291443 10.1797528266907 9.9237220287323 8.09076333045959 4.3360276222229 2.46827173233032 1.81305903196335 1.37779498100281 0.524554520845413 0.599223732948303 0.948672741651535 0.953956514596939 1.16992127895355 1.25866878032684 0.960153043270111 0.799924492835999 0.400563016533852 0.548882246017456 0.556543484330177
-9999 -9999 -9999 -9999 -9999 -9999 -9999 -9999 -9999 -9999 -9999 -9999 -9999 5.8270092010498 7.98757266998291 7.55041097849607 7.64567255973816 -9999 -9999 -9999 -9999 -9999 16.6134996414185 29.7883688211441 13.7371029853821 30.421591758728 33.0767269134521 21.3343305587769 11.21462059021 7.88369965553284 5.56912279129028 2.81627923250198 3.23079657554626 3.89941048622131 4.33316159248352 3.54658198356628 3.37424468994141 3.0768735408783 4.07320117950439 6.0126256942749 5.94407093524933 6.60810899734497 7.52183532714844 9.72707033157349 12.3110747337341 12.5271949768066 12.2114367485046 6.61261653900146 4.32725179195404 1.54728448390961 1.25061222910881 1.99893754720688 3.42481291294098 3.4670923948288 3.54385113716125 1.00522872805595 0.549480736255646 0.657333746552467 0.740658760070801 0.731050506234169 0.678069770336151 0.785273998975754
-9999 -9999 -9999 -9999 -9999 -9999 -9999 -9999 -9999 -9999 -9999 -9999 -9999 16.6274771690369 16.6274771690369 16.6274771690369 -9999 -9999 -9999 -9999 -9999 -9999 4.94490551948547 4.94490551948547 4.94490551948547 0.308659605681896 18.1916307210922 36.0192861557007 12.1971545219421 7.24224042892456 5.9604914188385 3.53191423416138 3.58368837833405 3.52930569648743 3.28775560855865 2.94661349058151 2.68600344657898 3.33698701858521 2.35777205228806 2.37025344371796 3.21860861778259 5.31270289421082 5.35347604751587 7.17773008346558 9.05822038650513 13.0376644134521 11.0739583969116 11.2825870513916 10.9040701389313 8.12829923629761 6.55653691291809 6.46638178825378 10.8101584911346 12.012791633606 8.08000445365906 4.23094797134399 1.451077491045 0.658794745802879 0.596844747662544 0.651182994246483 0.620803490281105 0.598519518971443
-9999 -9999 -9999 -9999 -9999 -9999 -9999 -9999 -9999 -9999 -9999 -9999 -9999 -9999 -9999 -9999 -9999 -9999 -9999 -9999 -9999 -9999 -9999 -9999 -9999 -9999 27.1205542087555 44.6594181060791 17.4987688064575 9.33801126480103 5.98113584518433 3.60334432125092 6.48746824264526 5.44107663631439 5.74306654930115 6.03957867622375 4.54389381408691 2.43377333879471 1.74480450153351 2.54935276508331 3.09168362617493 6.11907935142517 7.75229215621948 6.02560472488403 5.69195187091827 5.98892176151276 6.36284279823303 8.58021354675293 8.00494623184204 8.21342968940735 7.94846892356873 8.00787949562073 8.6547167301178 5.83440005779266 9.55712485313416 2.52281552553177 3.74702024459839 0.632336229085922 0.520582482218742 0.578402236104012 0.584707483649254 0.501981765031815
-9999 -9999 -9999 -9999 -9999 -9999 -9999 -9999 -9999 -9999 -9999 -9999 -9999 -9999 -9999 -9999 -9999 -9999 -9999 -9999 -9999 -9999 -9999 -9999 -9999 -9999 -9999 26.0681390762329 16.361430644989 11.6176099777222 10.9459133148193 6.02040266990662 7.77141308784485 10.4949238300323 10.3763887882233 12.3472809791565 9.35099387168884 7.50947070121765 2.62652993202209 2.44678723812103 3.05543839931488 4.41631257534027 5.67999136447906 5.11895549297333 6.00873756408691 6.91434359550476 7.19378256797791 7.6583890914917 7.68544435501099 7.00422477722168 8.73492479324341 5.08860683441162 4.13534259796143 3.60860180854797 2.81859970092773 1.03715550899506 0.63450600206852 0.495300740003586 0.489428266882896 0.472694233059883 0.379690513014793 0.386587500572205
