EcologicalScience/Bass/data/rs_data_bass/chl_327.asc
NCOLS 226 
NROWS 124 
XLLCORNER -9.41648524995501 
YLLCORNER 47.587301625531 
CELLSIZE 0.0833 
NODATA_value -9999 
[rows 54 to 80 of 124, columns 124 to 185 of 226]
3.36392033100128 3.30084764957428 3.01771795749664 3.05534791946411 3.02058076858521 3.01328551769257 3.11334013938904 2.79192531108856 2.70496344566345 2.41512823104858 2.22609221935272 2.16393452882767 2.27178221940994 2.21472233533859 2.18496519327164 2.30968344211578 2.239637196064 2.27691757678986 2.29443973302841 2.22889280319214 2.18674796819687 2.27932494878769 2.35886996984482 2.40231531858444 2.42187076807022 2.50184404850006 2.52096229791641 2.71843582391739 3.16004383563995 3.36681962013245 3.44861912727356 3.62836790084839 3.51085960865021 3.18997049331665 3.05416059494019 3.17868375778198 2.78634914159775 2.61818687915802 3.75258529186249 3.57102227210999 3.32459700107574 3.24450016021729 3.25447726249695 3.09018015861511 3.00615155696869 3.01329159736633 2.9986919760704 3.01927292346954 3.05584216117859 3.61040541529655 3.56943753361702 7.34569195747376 6.937107528959 7.69037093435015 9.32496285438538 17.6284120808477 13.9307765364647 20.1119999151963 9.60821854790976 12.9847782506239 7.62940638079615 -9999
4.04892432689667 4.16348111629486 3.90190708637238 3.82567870616913 3.55111634731293 3.6534458398819 3.51927745342255 3.26113200187683 2.72086197137833 2.34296107292175 2.25882750749588 2.24949824810028 2.36800199747086 2.25836849212646 2.25402671098709 2.25771671533585 2.33024919033051 2.4238418340683 2.37691801786423 2.3521431684494 2.35977298021317 2.41078197956085 2.64249604940414 2.82556200027466 2.91209846735001 3.04685997962952 3.12928354740143 3.4451504945755 3.57807004451752 3.53529238700867 3.25556480884552 3.46002388000488 3.30205142498016 3.17981779575348 3.26093173027039 3.1497083902359 3.13556098937988 3.10440373420715 2.92233002185822 2.85270524024963 2.88626325130463 2.93676978349686 2.69391149282455 2.88438606262207 2.85590851306915 3.03756058216095 3.2064653635025 3.23577761650085 3.20155603885651 3.91522045696483 6.14276959214892 7.73916455677577 6.88611224719456 7.3563858200522 6.83648986816406 8.07793307304382 10.5720698833466 -9999 -9999 -9999 -9999 -9999
4.42593312263489 4.43286287784576 4.58483040332794 4.38999974727631 4.2727746963501 4.11936235427856 4.03485882282257 3.40336632728577 2.93106293678284 2.61960446834564 2.37026023864746 2.39832007884979 2.66020274162292 2.54102629423141 2.45513105392456 2.30889970064163 2.39514523744583 2.55544191598892 2.57638728618622 2.5836473107338 2.67472869157791 2.73349356651306 3.04369783401489 3.31110084056854 3.7878270149231 3.6678661108017 3.90373420715332 3.64860534667969 3.62446939945221 3.4924521446228 3.07084572315216 3.03414809703827 3.21282291412354 3.2293199300766 3.25867438316345 2.96457678079605 2.87147408723831 2.5991849899292 2.27883607149124 2.19195753335953 2.4466980099678 2.33385443687439 2.53836750984192 2.6147392988205 2.91623622179031 3.31291115283966 3.99812267808353 3.60783957472499 7.22874018124172 5.2717696258 5.11555691957474 6.44423232078552 6.99879696494655 6.98014054298401 -9999 -9999 -9999 -9999 -9999 -9999 -9999 -9999
5.05341732501984 5.01355862617493 5.05653369426727 4.98684310913086 4.72150862216949 4.32777285575867 4.01198852062225 3.4935690164566 2.92780423164368 2.73408901691437 2.69798916578293 2.75139516592026 2.97408592700958 3.19693887233734 2.83325242996216 2.70025205612183 2.61292880773544 2.67421942949295 2.70952355861664 2.77060425281525 2.82097417116165 3.00953114032745 3.36178886890411 3.59606838226318 3.96883714199066 4.07306635379791 3.98241519927979 3.82451641559601 3.48268711566925 3.41240930557251 3.22625255584717 3.12904107570648 3.26456916332245 3.10315132141113 3.05653560161591 2.82326549291611 2.47698891162872 2.21763896942139 1.98068028688431 2.14355850219727 2.07059329748154 1.9547678232193 2.45171999931335 2.69794803857803 2.94912672042847 3.26666235923767 3.89140841540168 5.71308501707304 5.4366706609726 8.29590153694153 7.70037031173706 6.15091890096665 6.78599900948374 -9999 -9999 -9999 -9999 -9999 -9999 -9999 -9999 -9999
6.11693215370178 5.6910080909729 5.55850338935852 5.55457949638367 5.53034770488739 5.22762966156006 4.15736854076385 3.53519403934479 3.21610808372498 3.10999739170074 2.97397273778915 2.75670218467712 3.03845250606537 3.61032915115356 3.3030846118927 3.01423645019531 3.77020061016083 3.42327833175659 3.21738839149475 3.12953388690948 2.95590376853943 3.1222186088562 3.25525724887848 3.61471939086914 3.60774672031403 3.88808333873749 4.02187120914459 3.68960773944855 3.3145147562027 3.14303183555603 3.15709483623505 3.12820816040039 3.1132664680481 3.01903867721558 2.70706129074097 2.57418072223663 2.32991391420364 2.02794671058655 1.88282543420792 1.97123318910599 1.74897444248199 1.86120593547821 2.24871826171875 2.6706029176712 3.05839884281158 3.50707066760344 6.29979242538584 9.28905916213989 7.68192028999329 5.10942757129669 6.1151819229126 7.01981806755066 48.4792699813843 -9999 -9999 -9999 -9999 -9999 -9999 -9999 -9999 -9999
-9999 4.782830397288 6.51953744888306 6.35101747512817 5.90754675865173 5.94947469234467 5.07721424102783 4.41614556312561 3.86456716060638 3.63006842136383 3.46159636974335 3.35098814964294 3.4090815782547 2.67117744684219 2.88284206390381 3.051353931427 3.6050226688385 3.90197038650513 4.00289261341095 4.26612961292267 3.92581808567047 3.82700335979462 3.88763844966888 4.10853230953217 3.87298715114594 3.61940610408783 3.8043315410614 3.60498368740082 3.27759969234467 3.05692863464355 3.06053709983826 2.9632356762886 2.84563797712326 2.8021388053894 2.54206949472427 2.48871445655823 2.2917006611824 2.01192301511765 1.97790294885635 1.75719076395035 1.83129447698593 1.98256945610046 2.3094157576561 2.96424973011017 3.08187338284084 -9999 7.70772579738072 8.57855250285222 8.6509051322937 6.47857689857483 11.3180633413381 57.8748750686646 34.0682496290941 40.1239099502563 -9999 -9999 -9999 -9999 -9999 -9999 -9999 -9999
-9999 -9999 -9999 -9999 -9999 2.28387522697449 6.23130440711975 6.00197696685791 5.35093724727631 4.60623013973236 4.24724614620209 3.68092632293701 3.70091986656189 3.43138647079468 2.75366187095642 1.95067535077824 2.09916848996106 2.52877580418306 2.73765700704911 2.77948162836187 4.27039504051208 4.37937390804291 4.65040576457977 4.47326767444611 4.53005468845367 3.57107985019684 3.56066393852234 3.55924129486084 3.18443942070007 2.92079919576645 2.89159655570984 2.73099231719971 2.69091367721558 2.50148105621338 2.37772804498672 2.24708104133606 1.93653827905655 1.85929191112518 1.88420855998993 1.96884906291962 1.87539374828339 2.344133913517 2.57834547758102 3.10076093673706 4.1830415725708 16.640952566295 -9999 -9999 -9999 -9999 36.4340885026114 60.8776524066925 37.5986726965223 30.3409618589613 -9999 -9999 -9999 -9999 -9999 -9999 -9999 -9999
-9999 -9999 -9999 -9999 -9999 -9999 -9999 -9999 6.23407030105591 3.49109888076782 3.46253677457571 3.65790438652039 3.63651537895203 3.70011591911316 3.56536209583282 3.42840385437012 3.33771014213562 2.38584991062389 2.91483389980653 3.02568829059601 2.97735750675201 2.88399189710617 2.78704583644867 4.87945032119751 5.02591645717621 3.51035857200623 3.44119334220886 3.57142639160156 3.17550766468048 2.82369303703308 2.60885846614838 2.42021405696869 2.34789526462555 2.2445250749588 1.99444270133972 1.80800020694733 1.8289949297905 1.86190581321716 2.05530524253845 2.10440629720688 2.3617656826973 2.83001178503036 2.77799767255783 3.01651740074158 8.66934005125069 29.0682649612427 -9999 -9999 -9999 -9999 17.548882484436 26.7434679099492 12.5359754562378 15.6649804115295 15.1090106964111 16.2567215919495 -9999 -9999 -9999 -9999 -9999 -9999
-9999 -9999 -9999 -9999 -9999 -9999 -9999 -9999 -9999 -9999 5.00952208042145 4.69519257545471 4.32659411430359 4.13750267028809 3.17493625481923 3.18622978528341 2.96997982263565 2.65710115432739 2.51784152537584 3.53392948602375 3.19015433286366 2.91354105347081 2.84864605100531 3.71763968467712 3.2758584022522 3.02402523316835 2.70380165800452 3.50269889831543 3.1102169752121 2.87157529592514 2.51683419942856 2.16696971654892 1.98269695043564 1.86445873975754 1.72999566793442 1.78273504972458 1.89197319746017 2.11875683069229 2.22357451915741 2.30089205503464 2.71889555454254 3.0430508852005 3.207395195961 3.38010777533054 12.4545280667185 -9999 -9999 -9999 -9999 -9999 -9999 -9999 9.46941860274571 12.8591229021549 14.7983436584473 13.252564736775 10.8786277770996 -9999 -9999 -9999 -9999 -9999
-9999 -9999 -9999 -9999 -9999 -9999 -9999 -9999 -9999 4.3704868555069 5.30805766582489 4.91042625904083 4.62944626808167 4.24981713294983 3.92178225517273 3.87520802021027 3.58927953243256 3.89925134181976 3.46181452274323 4.01876413822174 3.2231404216666 2.66743916273117 2.53927055001259 2.58246442675591 2.61120569705963 2.92634031019713 2.80546912025003 2.72129418569453 2.55147114220788 3.05972850322723 2.33103972673416 2.05821150541306 1.8269909620285 1.75485080480576 1.9152951836586 2.08616101741791 2.24529683589935 2.37847566604614 2.5635614991188 2.75636100769043 3.01304411888123 3.35308814048767 3.37497675418854 3.65410117059946 19.1307650272129 33.0447750091553 -9999 -9999 -9999 10.499624367418 12.1352376408047 13.8655911684036 10.4639336811869 18.0482617020607 12.9547067642212 12.2974869728088 18.495486405588 -9999 -9999 -9999 -9999 -9999
-9999 -9999 -9999 -9999 -9999 -9999 -9999 -9999 -9999 -9999 6.2561502456665 5.23161685466766 4.89739215373993 4.57723867893219 4.35697567462921 4.38326704502106 4.5933780670166 4.44273090362549 3.66408455371857 3.8743439912796 3.84393310546875 3.12957456237391 2.93682178070671 2.56838476657867 2.59356892108917 2.73867714718769 2.57195773720741 1.6943929706301 1.61869320273399 1.46261881291866 1.31660583615303 1.22560604555266 1.87833291292191 1.98437923192978 2.09904527664185 2.13969379663467 2.31339830160141 2.47903347015381 2.68827670812607 3.00416851043701 3.39876687526703 3.79714035987854 3.70667409896851 4.12230516882504 8.2967169388984 -9999 -9999 -9999 -9999 -9999 13.1535160023233 16.8479681611061 16.6495000720024 13.6729760169983 20.1255817693823 -9999 -9999 -9999 -9999 -9999 -9999 -9999
-9999 -9999 -9999 -9999 -9999 -9999 -9999 -9999 -9999 3.67937564849854 7.31169891357422 6.14680051803589 5.28344321250916 5.07622933387756 5.11466324329376 5.42596936225891 5.6088455915451 5.4726494550705 4.23220360279083 3.57168817520142 3.74088907241821 3.70904088020325 2.75526372068807 2.4241001260908 2.44660273978585 2.51334487137042 1.57390427961946 1.96086072921753 1.62951878990446 1.44690067853246 1.37173986222063 1.97301381826401 2.0622473359108 2.16677391529083 2.24334454536438 2.30589008331299 2.41899758577347 2.66759097576141 2.78667157888412 3.09867811203003 3.34647738933563 3.54008781909943 3.44743430614471 6.28991186503068 3.86466658115387 -9999 -9999 -9999 -9999 -9999 17.2338107569834 15.1325812339783 15.8707116544247 13.4264016151428 -9999 -9999 -9999 -9999 -9999 -9999 -9999 -9999
-9999 -9999 -9999 -9999 -9999 -9999 -9999 -9999 -9999 9.76247620582581 7.92350506782532 6.28717589378357 6.00006079673767 5.91114592552185 5.62804412841797 5.1717449426651 4.39259040355682 4.43929266929626 3.89903318881989 3.87419772148132 3.87094867229462 3.58093214035034 3.24047470092773 2.81175971031189 2.66409230232239 2.54077792167664 2.33929806947708 2.06183016300201 1.73534774780273 1.77130722999573 1.87478542327881 2.02473449707031 2.31037044525146 2.34109193086624 2.41899293661118 2.4721941947937 2.69980502128601 2.83878457546234 2.89157545566559 3.00975751876831 3.23714482784271 3.96505951881409 3.09497540593147 9.68395805937573 3.86466693878174 -9999 -9999 -9999 -9999 12.1949715614319 -9999 -9999 -9999 -9999 -9999 -9999 -9999 -9999 -9999 -9999 -9999 -9999
-9999 -9999 -9999 -9999 -9999 -9999 -9999 -9999 -9999 9.39584398269653 7.18389558792114 6.15038967132568 6.03661608695984 5.88595139980316 5.30252015590668 4.70128190517426 3.85939586162567 3.96915829181671 3.96496510505676 3.84613108634949 3.47406363487244 3.21202790737152 3.03242182731628 2.77625173330307 2.68183493614197 2.54203641414642 2.39735555648804 1.99638444185257 1.89753824472427 1.92816907167435 2.02181768417358 2.25083327293396 2.45516556501389 2.52502799034119 2.55546444654465 2.61357969045639 2.84847682714462 2.79789966344833 2.74690568447113 2.89640253782272 3.28636515140533 3.73496639728546 6.68082773934549 -9999 -9999 -9999 -9999 -9999 -9999 -9999 -9999 -9999 -9999 -9999 -9999 -9999 -9999 -9999 -9999 -9999 -9999 -9999
-9999 -9999 -9999 -9999 -9999 -9999 -9999 -9999 -9999 8.06908679008484 7.3385910987854 6.91908001899719 6.87990760803223 5.40317165851593 5.41256618499756 5.24307453632355 4.29580950737 3.80708920955658 3.69967353343964 3.49937546253204 3.21394050121307 3.00716936588287 2.87238603830338 2.87635570764542 2.73076200485229 2.48211908340454 2.32235544919968 2.03066253662109 1.99785679578781 2.08106625080109 2.1924262046814 2.33648031949997 2.38909882307053 2.50758075714111 2.58381521701813 2.68588507175446 2.76667642593384 2.84689128398895 2.879858314991 2.97824692726135 3.44224941730499 5.15531697820445 11.1937801019255 -9999 -9999 -9999 -9999 -9999 -9999 -9999 -9999 -9999 -9999 -9999 -9999 -9999 -9999 -9999 -9999 -9999 -9999 -9999
-9999 -9999 -9999 -9999 -9999 -9999 -9999 3.28386068344116 5.36434135437012 7.14920496940613 7.17790102958679 6.76750659942627 6.07599449157715 4.91065585613251 4.87947285175323 4.69092464447021 4.40383493900299 3.73517167568207 3.4308614730835 3.08988690376282 2.9118577837944 2.89240425825119 2.82532650232315 2.82567894458771 2.72880667448044 2.57413655519485 2.14247024059296 2.01374852657318 2.04070651531219 2.09224355220795 2.14763706922531 2.26382929086685 2.27123183012009 2.34452551603317 2.38753724098206 2.54777991771698 2.62568932771683 2.81852996349335 3.0851114988327 3.09806549549103 16.5837327565962 5.69786846637726 3.25656187534332 -9999 -9999 -9999 -9999 -9999 -9999 -9999 -9999 -9999 -9999 -9999 -9999 -9999 -9999 -9999 -9999 -9999 -9999 -9999
-9999 -9999 -9999 -9999 -9999 -9999 6.08237863540649 5.24117481708527 5.42667961120605 4.92009294033051 3.81715510873234 6.56072187423706 6.08306837081909 4.47210824489594 4.05217337608337 3.96261298656464 3.89864408969879 3.47441482543945 3.1968240737915 2.8959299325943 2.79031348228455 2.70989549160004 2.66202968358994 2.64390295743942 2.5466542840004 2.50188893079758 2.16564756631851 2.16936904191971 2.18160223960876 2.18297177553177 2.2304407954216 2.30970525741577 2.34461402893066 2.38060283660889 2.37084674835205 2.91728550195694 3.28666269779205 3.49623155593872 3.64380812644958 -9999 -9999 -9999 -9999 -9999 -9999 -9999 -9999 -9999 -9999 -9999 -9999 -9999 -9999 -9999 -9999 -9999 -9999 -9999 -9999 -9999 -9999 -9999
-9999 -9999 -9999 -9999 3.48143227626941 4.71250025303133 5.43183445930481 5.35903286933899 5.30647587776184 5.04022407531738 4.75948941707611 5.00661957263947 4.93722152709961 4.38054370880127 3.92674362659454 3.66652965545654 3.5772510766983 3.17584812641144 2.83614367246628 2.59941530227661 2.47432118654251 2.31464320421219 2.35432416200638 2.33049219846725 2.29288047552109 2.28734993934631 2.30176877975464 2.24369770288467 2.27737873792648 2.33929270505905 2.36225241422653 2.46393978595734 2.6484854221344 2.67967057228088 3.01321649551392 3.08549237251282 3.59803638960186 6.15664236089017 -9999 -9999 -9999 -9999 -9999 -9999 -9999 -9999 -9999 -9999 -9999 -9999 -9999 -9999 -9999 -9999 -9999 -9999 -9999 -9999 -9999 -9999 -9999 -9999
-9999 -9999 -9999 -9999 4.8995193913579 5.46065703034401 5.43494009971619 5.24221122264862 5.10367119312286 4.88747692108154 4.70188200473785 4.87308669090271 4.22023344039917 3.87315058708191 3.63299095630646 3.48994410037994 3.5082038640976 3.03068697452545 2.80567574501038 2.6144580245018 2.36571228504181 2.09312242269516 2.05563747882843 2.05684196949005 2.0892870426178 2.2340977191925 2.24098581075668 2.32370030879974 2.38562625646591 2.61908930540085 2.74568402767181 2.78039252758026 2.95755153894424 3.00898504257202 3.64244019985199 3.76163792610168 4.38189595937729 -9999 -9999 -9999 -9999 -9999 -9999 -9999 -9999 -9999 -9999 -9999 -9999 -9999 -9999 -9999 -9999 -9999 -9999 -9999 -9999 -9999 -9999 -9999 -9999 -9999
-9999 44.6929867920263 4.47600462359767 3.39064636651207 5.0842252779007 5.25998389720917 5.30649161338806 5.33486187458038 4.70522117614746 4.40931451320648 4.5132143497467 4.39099109172821 3.97500908374786 3.78621447086334 3.56025230884552 3.32628536224365 2.93236792087555 2.83223032951355 2.72745305299759 2.53325772285461 2.25763124227524 2.05638152360916 2.04354751110077 2.07334274053574 2.16015833616257 2.32584071159363 2.2425075173378 2.28849756717682 2.45949000120163 2.83094626665115 2.99411183595657 3.15005099773407 3.32396936416626 3.13865625858307 10.6478175805963 7.16941214691509 -9999 -9999 -9999 -9999 -9999 -9999 -9999 -9999 -9999 -9999 -9999 -9999 -9999 -9999 -9999 -9999 -9999 -9999 -9999 -9999 -9999 -9999 -9999 -9999 -9999 -9999
5.33525961041451 5.50265679359436 4.47023112773895 4.27398337920507 6.01902365684509 5.51956951618195 5.34658885002136 5.45404815673828 4.99897885322571 4.92670869827271 4.16580212116241 3.70535695552826 3.84102737903595 3.60160410404205 3.31001615524292 3.00911772251129 2.80389833450317 2.46559274196625 2.2927628159523 2.08554446697235 2.11570429801941 2.09729254245758 2.20060569047928 2.22668480873108 2.46572095155716 2.52321517467499 2.55056619644165 2.56906646490097 2.67777818441391 3.2942408323288 3.39834666252136 3.86785733699799 3.14736467599869 -9999 -9999 -9999 -9999 -9999 -9999 -9999 -9999 -9999 -9999 -9999 -9999 -9999 -9999 -9999 -9999 -9999 -9999 -9999 -9999 -9999 -9999 -9999 -9999 -9999 -9999 -9999 -9999 -9999
6.62078044244221 8.38351464271545 6.21948623657227 6.31382775306702 5.6469658613205 5.66158354282379 5.302361369133 4.60019338130951 4.71422481536865 4.42235934734344 3.86433684825897 3.97725677490234 4.03175926208496 3.74024856090546 3.31235539913177 3.29695343971252 2.45460373163223 2.11797076463699 1.91028517484665 1.85835528373718 1.96048647165298 1.91602724790573 2.01144218444824 2.40906232595444 2.49792516231537 2.472163438797 2.61186522245407 2.75036251544952 3.50543832778931 3.71283888816833 3.83926641941071 3.86998271942139 4.50593018531799 8.54865048023371 4.90763677869524 6.67063768704732 -9999 -9999 -9999 -9999 -9999 -9999 -9999 -9999 -9999 -9999 -9999 -9999 -9999 -9999 -9999 -9999 -9999 -9999 -9999 -9999 -9999 -9999 -9999 -9999 -9999 -9999
6.38967633247375 6.135005235672 6.38272905349731 5.60337388515472 6.14042973518372 5.31252658367157 4.40627789497375 4.24574267864227 3.81850039958954 3.78202736377716 3.98298597335815 3.83075630664825 3.65784001350403 3.25126934051514 3.23402845859528 3.01901113986969 1.99959307909012 1.83228081464767 1.90573954582214 1.89763569831848 1.68094342947006 1.93803530931473 2.1870893239975 2.45717167854309 2.63645017147064 2.59427779912949 2.7199746966362 3.14784371852875 3.57285010814667 3.79412645101547 5.87891516685486 -9999 -9999 -9999 -9999 -9999 -9999 -9999 -9999 -9999 -9999 -9999 -9999 -9999 -9999 -9999 -9999 -9999 -9999 -9999 -9999 -9999 -9999 -9999 -9999 -9999 -9999 -9999 -9999 -9999 -9999 -9999
5.97682642936707 5.97969961166382 5.56234502792358 5.18563878536224 4.93348503112793 5.05494832992554 4.63680517673492 4.64622294902802 5.52321982383728 5.19824910163879 3.5877023935318 3.00724339485168 2.93736147880554 2.8504244685173 2.74965155124664 1.9191854596138 1.91669780015945 1.83488774299622 1.82608276605606 1.9411409497261 2.21179050207138 2.30601382255554 2.40825819969177 2.51100593805313 2.67010277509689 2.76646417379379 2.93336176872253 3.53498463770922 4.26812571287155 4.47926641702652 4.15277570486069 3.98925790786743 -9999 -9999 -9999 -9999 -9999 -9999 40.6954165145532 12.6942715644836 -9999 -9999 -9999 -9999 -9999 -9999 -9999 -9999 -9999 -9999 -9999 -9999 -9999 -9999 -9999 -9999 -9999 -9999 -9999 -9999 -9999 -9999
5.08410465717316 5.05853927135468 5.04211664199829 4.96457810061319 5.24628818035126 4.96521663665771 6.21411824226379 4.67483997344971 4.30349171161652 3.53625297546387 2.83043628931046 2.13101023435593 2.25370806455612 2.35833066701889 2.06773281097412 1.80649799108505 1.76715677976608 1.76260131597519 1.93483507633209 2.33095872402191 2.29393655061722 2.35640108585358 2.54804474115372 2.87851274013519 2.94417518377304 3.47483190368204 3.56377281862147 3.67423685789108 3.99435220445905 3.8884916475841 4.27642135463492 3.42093944549561 -9999 -9999 -9999 -9999 -9999 -9999 -9999 -9999 -9999 -9999 -9999 -9999 -9999 -9999 -9999 -9999 -9999 -9999 -9999 -9999 -9999 -9999 -9999 -9999 -9999 -9999 -9999 -9999 -9999 -9999
-9999 -9999 -9999 -9999 -9999 4.34389438127217 4.7722499370575 4.6448632478714 4.00146317481995 2.44926452636719 1.86823725700378 1.73219329118729 2.04450523853302 2.02333348989487 1.95599323511124 1.74262046813965 1.89892870187759 2.03219693899155 2.14648121595383 2.39000630378723 2.42408931255341 2.71217769384384 2.81004005670547 3.00801765918732 3.34422540664673 4.59994567394257 -9999 -9999 -9999 -9999 -9999 -9999 -9999 -9999 -9999 -9999 -9999 -9999 -9999 -9999 -9999 -9999 -9999 -9999 -9999 -9999 -9999 -9999 -9999 -9999 -9999 -9999 -9999 -9999 -9999 -9999 -9999 -9999 -9999 -9999 -9999 -9999
-9999 -9999 -9999 -9999 -9999 -9999 4.35860538482666 3.87649655342102 2.58932858705521 1.80938243865967 1.61416733264923 1.75393116474152 1.91331142187119 1.8767175078392 1.89038318395615 1.99314522743225 2.13654291629791 2.18673974275589 2.37382954359055 2.59964472055435 2.77014148235321 2.71698975563049 2.87228482961655 3.06054230724893 -9999 -9999 -9999 -9999 -9999 -9999 -9999 -9999 -9999 -9999 -9999 -9999 -9999 -9999 -9999 -9999 -9999 -9999 -9999 -9999 -9999 -9999 -9999 -9999 -9999 -9999 -9999 -9999 -9999 -9999 -9999 -9999 -9999 -9999 -9999 -9999 -9999 -9999
