EcologicalScience/Bass/data/rs_data_bass/chl_331.asc
NCOLS 226 
NROWS 124 
XLLCORNER -9.41648524995501 
YLLCORNER 47.587301625531 
CELLSIZE 0.0833 
NODATA_value -9999 
[rows 0 to 26 of 124, columns 62 to 123 of 226]
-9999 -9999 -9999 -9999 -9999 -9999 -9999 -9999 -9999 -9999 -9999 -9999 -9999 -9999 -9999 -9999 -9999 -9999 -9999 -9999 -9999 -9999 -9999 -9999 -9999 -9999 -9999 -9999 -9999 -9999 -9999 -9999 -9999 -9999 -9999 -9999 -9999 -9999 -9999 -9999 -9999 -9999 -9999 -9999 -9999 -9999 -9999 -9999 -9999 -9999 -9999 -9999 -9999 -9999 -9999 -9999 -9999 -9999 -9999 -9999 -9999 -9999
-9999 -9999 -9999 -9999 -9999 -9999 -9999 -9999 -9999 -9999 -9999 -9999 -9999 -9999 -9999 -9999 -9999 -9999 -9999 -9999 -9999 -9999 -9999 -9999 -9999 -9999 -9999 -9999 -9999 -9999 -9999 -9999 -9999 -9999 -9999 -9999 -9999 -9999 -9999 -9999 -9999 -9999 -9999 -9999 -9999 -9999 -9999 -9999 -9999 -9999 -9999 -9999 -9999 -9999 -9999 -9999 -9999 -9999 -9999 -9999 -9999 -9999
-9999 -9999 -9999 -9999 -9999 -9999 -9999 -9999 -9999 -9999 -9999 -9999 -9999 -9999 -9999 -9999 -9999 -9999 -9999 -9999 -9999 -9999 -9999 -9999 -9999 -9999 -9999 -9999 -9999 -9999 -9999 -9999 -9999 -9999 -9999 -9999 -9999 -9999 -9999 -9999 -9999 -9999 -9999 -9999 -9999 -9999 -9999 -9999 -9999 -9999 -9999 -9999 -9999 -9999 -9999 -9999 -9999 -9999 -9999 -9999 -9999 -9999
-9999 -9999 -9999 -9999 -9999 -9999 -9999 -9999 -9999 -9999 -9999 -9999 -9999 -9999 -9999 -9999 -9999 -9999 -9999 -9999 -9999 -9999 -9999 -9999 -9999 -9999 -9999 -9999 -9999 -9999 -9999 -9999 -9999 -9999 -9999 -9999 -9999 -9999 -9999 -9999 -9999 -9999 -9999 -9999 -9999 -9999 -9999 -9999 -9999 -9999 -9999 -9999 -9999 -9999 -9999 -9999 -9999 -9999 -9999 -9999 -9999 -9999
-9999 -9999 -9999 -9999 -9999 -9999 -9999 -9999 -9999 -9999 -9999 -9999 -9999 -9999 -9999 -9999 -9999 -9999 -9999 -9999 -9999 -9999 -9999 -9999 -9999 -9999 -9999 -9999 -9999 -9999 -9999 -9999 -9999 -9999 -9999 -9999 -9999 -9999 -9999 -9999 -9999 -9999 -9999 -9999 -9999 -9999 -9999 -9999 -9999 -9999 -9999 -9999 -9999 -9999 -9999 -9999 -9999 -9999 -9999 -9999 -9999 -9999
-9999 -9999 -9999 -9999 -9999 -9999 -9999 -9999 -9999 -9999 -9999 -9999 -9999 -9999 -9999 -9999 -9999 -9999 -9999 -9999 -9999 -9999 -9999 -9999 -9999 -9999 -9999 -9999 0.63735419511795 1.20495564996326 2.02038967609406 1.47925347089767 1.33408579230309 1.22012695670128 0.942512959241867 0.835356742143631 0.839556008577347 0.858984768390656 0.783089965581894 0.762776255607605 0.769928991794586 0.739565268158913 0.73199924826622 0.735569983720779 0.664521753787994 0.651119247078896 0.661318480968475 0.637935385107994 0.503666996955872 0.514609515666962 0.509563520550728 0.518315255641937 0.485616758465767 0.48633000254631 0.485999241471291 0.490011736750603 0.496467009186745 0.486741006374359 0.556852519512177 0.637901231646538 0.753939002752304 0.580414518713951
-9999 -9999 -9999 -9999 -9999 -9999 -9999 -9999 -9999 -9999 -9999 -9999 -9999 -9999 -9999 -9999 -9999 -9999 -9999 -9999 -9999 -9999 -9999 -9999 -9999 -9999 1.18186515569687 1.0627324283123 3.12287485599518 2.65945494174957 1.95221167802811 1.63157021999359 1.33889096975327 1.1301577091217 0.925304263830185 0.865378528833389 0.873691499233246 0.890772789716721 0.859293043613434 0.848534256219864 0.845113456249237 0.782018959522247 0.78079953789711 0.818538039922714 0.788761496543884 0.64010851085186 0.600868508219719 0.567764237523079 0.562528520822525 0.560781016945839 0.576873734593391 0.591117739677429 0.572906255722046 0.576649501919746 0.594159007072449 0.581982761621475 0.650411993265152 0.579832479357719 0.622845008969307 0.637995734810829 0.662627264857292 0.651398241519928
-9999 -9999 -9999 -9999 -9999 -9999 -9999 -9999 -9999 -9999 -9999 -9999 -9999 -9999 -9999 -9999 -9999 -9999 -9999 -9999 -9999 -9999 -9999 -9999 -9999 -9999 1.18186515569687 2.60126030445099 2.50028103590012 1.96614754199982 1.53316569328308 1.41158249974251 1.27254071831703 1.04383277893066 0.988298267126083 0.963996022939682 0.913012504577637 0.847382247447968 0.807508528232574 0.797438263893127 0.779976725578308 0.747100487351418 0.744027748703957 0.720594763755798 0.686761513352394 0.602129235863686 0.646328240633011 0.650246232748032 0.643948495388031 0.642623260617256 0.656136006116867 0.624129742383957 0.627928510308266 0.640979245305061 0.645282760262489 0.625923737883568 0.567731246352196 0.70085097849369 0.660096019506454 0.650448739528656 0.667323008179665 0.704674512147903
-9999 -9999 -9999 -9999 -9999 -9999 -9999 -9999 -9999 -9999 -9999 -9999 -9999 -9999 -9999 -9999 -9999 -9999 -9999 -9999 -9999 -9999 -9999 -9999 -9999 -9999 2.18583601713181 2.02453655004501 1.67533725500107 1.38535049557686 1.25394603610039 1.20400500297546 1.1098530292511 0.99026021361351 0.962803512811661 0.897294044494629 0.841716706752777 0.823767721652985 0.830828994512558 0.817712277173996 0.813464999198914 0.783884257078171 0.770090997219086 0.753181457519531 0.732168763875961 0.71085450053215 0.691008746623993 0.683310762047768 0.677051246166229 0.684864744544029 0.719005510210991 0.684089228510857 0.679795503616333 0.657636746764183 0.589803010225296 0.596724003553391 0.700434744358063 0.690205514431 0.662974521517754 0.65971876680851 0.676278010010719 0.675974249839783
-9999 -9999 -9999 -9999 -9999 -9999 -9999 -9999 -9999 -9999 -9999 -9999 -9999 -9999 -9999 -9999 -9999 -9999 -9999 -9999 -9999 -9999 -9999 -9999 -9999 1.19121462106705 1.76107656955719 1.57658708095551 1.39843574166298 1.24300575256348 1.14861524105072 1.12971523404121 1.0440502166748 0.917751789093018 0.878936290740967 0.876122206449509 0.850795537233353 0.834412515163422 0.834449976682663 0.835466265678406 0.811360538005829 0.792273044586182 0.776642292737961 0.765042722225189 0.76632222533226 0.736568257212639 0.720238521695137 0.719214007258415 0.699197262525558 0.659409731626511 0.669788986444473 0.634024500846863 0.601608373224735 0.59366400539875 0.586884744465351 0.727814242243767 0.729088515043259 0.687038987874985 0.664212763309479 0.668835014104843 0.71559602022171 0.782099962234497
-9999 -9999 -9999 -9999 -9999 -9999 -9999 -9999 -9999 -9999 -9999 -9999 -9999 -9999 -9999 -9999 -9999 -9999 -9999 -9999 -9999 -9999 -9999 -9999 -9999 1.84160846471786 1.65138906240463 1.47999823093414 1.33794897794724 1.23376277089119 1.1404829621315 1.11052277684212 1.04181003570557 1.01411399245262 0.92100977897644 0.906497240066528 0.880247265100479 0.869920492172241 0.858007460832596 0.86608350276947 0.851359516382217 0.844089031219482 0.847155779600143 0.826926022768021 0.822122991085052 0.766326785087585 0.750950217247009 0.724984511733055 0.707502767443657 0.684977263212204 0.663152977824211 0.64478999376297 0.641997769474983 0.670521765947342 0.714667484164238 0.740737482905388 0.72664050757885 0.710405990481377 0.65523599088192 0.665822267532349 0.76912647485733 0.754018485546112
-9999 -9999 -9999 -9999 -9999 -9999 -9999 -9999 -9999 -9999 -9999 -9999 -9999 -9999 -9999 -9999 -9999 -9999 -9999 -9999 -9999 -9999 -9999 -9999 1.31647038459778 1.92643493413925 1.63036876916885 1.46078771352768 1.26084226369858 1.20941171050072 1.20867678523064 1.15385627746582 1.08115723729134 1.04266503453255 0.979297488927841 0.937319219112396 0.90615525841713 0.890115737915039 0.890084981918335 0.90583723783493 0.878684967756271 0.873796463012695 0.877851784229279 0.880062013864517 0.838491708040237 0.792933762073517 0.771526515483856 0.7683285176754 0.753122270107269 0.729124501347542 0.693339005112648 0.697152748703957 0.671327233314514 0.706995740532875 0.716078996658325 0.707511752843857 0.78539103269577 0.719479501247406 0.73241776227951 0.774838507175446 0.765426725149155 0.758719503879547
-9999 -9999 -9999 -9999 -9999 -9999 -9999 -9999 -9999 -9999 -9999 -9999 -9999 -9999 -9999 -9999 -9999 -9999 -9999 -9999 -9999 -9999 -9999 1.50594073534012 1.95299658179283 1.87700933218002 1.69572526216507 1.4160892367363 1.19120854139328 1.13994678854942 1.17410096526146 1.15521150827408 1.11165377497673 1.08927378058434 1.0699717104435 0.957666009664536 0.915156751871109 0.925541996955872 0.939165025949478 0.909741014242172 0.903719276189804 0.906931489706039 0.877971768379211 0.854418039321899 0.822494208812714 0.791918992996216 0.784370273351669 0.785554468631744 0.769722014665604 0.730103239417076 0.719241768121719 0.73480349779129 0.742196246981621 0.700555488467216 0.710789993405342 0.731481000781059 0.724870517849922 0.703927516937256 0.774945706129074 0.786509245634079 0.763712972402573 0.751543521881104
-9999 -9999 -9999 -9999 -9999 -9999 -9999 -9999 -9999 -9999 -9999 -9999 -9999 -9999 -9999 -9999 -9999 -9999 -9999 -9999 -9999 -9999 9.67093572708277 2.7141230404377 1.79306477308273 1.58141255378723 1.43018102645874 1.24149227142334 1.16269728541374 1.19858023524284 1.19331228733063 1.13114923238754 1.1212717294693 1.12060654163361 1.11590927839279 1.00560227036476 0.997215002775192 0.974366247653961 0.965655773878098 0.935324281454086 0.907574236392975 0.897052466869354 0.871278762817383 0.856536000967026 0.829262226819992 0.822456032037735 0.772991269826889 0.748166263103485 0.744588732719421 0.746176511049271 0.792703539133072 0.790933459997177 0.727269753813744 0.705909758806229 0.698013737797737 0.746647506952286 0.773451715707779 0.831311970949173 0.798215210437775 0.783919483423233 0.752964735031128 0.767468243837357
-9999 -9999 -9999 -9999 -9999 -9999 -9999 -9999 -9999 -9999 -9999 -9999 -9999 -9999 -9999 -9999 -9999 -9999 -9999 -9999 2.64602583646774 2.18773187131168 2.17968821525574 2.21891021728516 1.38229501247406 1.37018626928329 1.27214929461479 1.2477645277977 1.20463800430298 1.1679427921772 1.14787951111794 1.1131192445755 1.11759898066521 1.13563048839569 1.12406176328659 1.07929345965385 1.00167971849442 0.947948276996613 0.919532239437103 0.909821212291718 0.916233748197556 0.907999455928802 0.878911525011063 0.874467730522156 0.873673528432846 0.845854461193085 0.778444468975067 0.74644348025322 0.72800025343895 0.730622246861458 0.784413009881973 0.731336250901222 0.767701506614685 0.730282500386238 0.736265257000923 0.823181211948395 0.813609033823013 0.835401713848114 0.824302464723587 0.764371544122696 0.748850271105766 0.794478714466095
-9999 -9999 -9999 -9999 -9999 -9999 -9999 -9999 -9999 -9999 -9999 -9999 -9999 -9999 -9999 -9999 -9999 -9999 -9999 -9999 2.27734363924902 2.41248369216919 1.97773575782776 1.68710696697235 1.42567571997643 1.32163721323013 1.17926698923111 1.19287875294685 1.19146353006363 1.15037924051285 1.12095227837563 1.09749671816826 1.09939795732498 1.13730597496033 1.10707649588585 1.06481552124023 1.02437326312065 0.981758236885071 0.97487398982048 0.964226961135864 0.942560255527496 0.936659216880798 0.905286759138107 0.90024071931839 0.893746465444565 0.88342496752739 0.783531010150909 0.772884786128998 0.757445991039276 0.72247651219368 0.753848969936371 0.775794714689255 0.747230261564255 0.744169503450394 0.808646231889725 0.822234034538269 0.810594767332077 0.808009475469589 0.915162026882172 0.759234756231308 0.758233487606049 0.90449246764183
-9999 -9999 -9999 -9999 -9999 -9999 -9999 -9999 -9999 -9999 -9999 -9999 -9999 -9999 -9999 -9999 -9999 -9999 -9999 2.12845498323441 2.29129868745804 1.86352729797363 1.89936304092407 1.76047503948212 1.61728423833847 1.42641377449036 1.29095327854156 1.17441827058792 1.1530237197876 1.16182199120522 1.15142396092415 1.16495552659035 1.14133724570274 1.11132824420929 1.0787790119648 1.0850587785244 1.0329427421093 1.02461099624634 1.01679146289825 0.987297713756561 0.941181778907776 0.903024762868881 0.894790470600128 0.880244225263596 0.881372272968292 0.880101710557938 0.853581726551056 0.775032788515091 0.765656232833862 0.740656480193138 0.760761022567749 0.784027487039566 0.798956215381622 0.830540210008621 0.837766528129578 0.777672708034515 0.723495751619339 0.775905042886734 0.757283985614777 0.717100515961647 0.799040257930756 0.916381537914276
-9999 -9999 -9999 -9999 -9999 -9999 -9999 -9999 -9999 -9999 -9999 -9999 -9999 -9999 -9999 -9999 -9999 -9999 3.87781941890717 3.18525516986847 2.23160398006439 1.84317594766617 1.73794341087341 1.70312708616257 1.60943698883057 1.48271772265434 1.33848676085472 1.31410878896713 1.36959823966026 1.3826624751091 1.2839227616787 1.2030682861805 1.18426796793938 1.14537897706032 1.10366401076317 1.0806645154953 1.06789273023605 1.11702972650528 1.08289647102356 1.0373549759388 0.970038771629333 0.916789501905441 0.894510000944138 0.887479484081268 0.881789982318878 0.887717217206955 0.900638222694397 0.822288751602173 0.764962524175644 0.823832273483276 0.865592211484909 0.862279504537582 0.835410743951797 0.839924275875092 0.765326231718063 0.768396735191345 0.797216266393661 0.876389980316162 0.902379781007767 0.762012720108032 0.889071732759476 0.575380124151707
-9999 -9999 -9999 -9999 -9999 -9999 -9999 -9999 -9999 -9999 -9999 -9999 -9999 -9999 -9999 -9999 -9999 30.2362462495793 3.39448499679565 2.97602391242981 2.8972275853157 2.52113091945648 2.10208278894424 1.74818032979965 1.62313950061798 1.62409651279449 1.54186052083969 1.58580154180527 1.56074541807175 1.45856702327728 1.31851878762245 1.2510127723217 1.17467173933983 1.1744632422924 1.1507722735405 1.14025050401688 1.13755801320076 1.16705176234245 1.16210022568703 1.04843178391457 0.949662029743195 0.910397261381149 0.909644275903702 0.895549535751343 0.916891515254974 0.958716005086899 0.982292264699936 0.946460992097855 0.857483267784119 0.82770448923111 0.832316994667053 0.808179706335068 0.7722247838974 0.747521996498108 0.744359269738197 0.781788021326065 0.82254821062088 0.868094265460968 1.0024162530899 0.941979020833969 0.951542973518372 0.956067770719528
-9999 -9999 -9999 -9999 -9999 -9999 -9999 -9999 -9999 -9999 -9999 -9999 -9999 -9999 -9999 -9999 -9999 -9999 -9999 2.42994672060013 2.39425724744797 2.6147392988205 2.54073983430862 2.22314554452896 1.79741996526718 1.69549655914307 1.76954466104507 1.93802922964096 1.76325380802155 1.52426558732986 1.43935498595238 1.42406398057938 1.3349107503891 1.29807302355766 1.29826498031616 1.36135652661324 1.33026900887489 1.22477102279663 1.21019250154495 1.14528974890709 1.05346646904945 0.987237006425858 0.93986177444458 0.937358289957047 0.988622277975082 1.03159573674202 1.22606921195984 1.09081122279167 1.06979548931122 0.792674213647842 0.757088273763657 0.813225030899048 0.836269497871399 0.784888476133347 0.753009706735611 0.780716210603714 0.812648981809616 0.846287280321121 0.893052041530609 0.887042284011841 0.785877764225006 0.644097000360489
-9999 -9999 -9999 -9999 -9999 -9999 -9999 -9999 -9999 -9999 -9999 -9999 -9999 -9999 -9999 3.75350832939148 3.30841355974024 2.80250935256481 2.50316619873047 2.43561226129532 2.26060205698013 2.27806949615479 2.51593118906021 2.44691616296768 2.05111581087112 2.00472968816757 2.36573624610901 2.66008579730988 2.61897522211075 1.8227151632309 1.82519316673279 1.65341556072235 1.60216730833054 1.57130026817322 1.49353954195976 1.4758905172348 1.44592952728271 1.44132453203201 1.27093577384949 1.0716840326786 1.02747076749802 0.986603289842606 1.0063424706459 0.991937220096588 1.01113575696945 1.03205850720406 1.03308221697807 0.949505209922791 0.871028244495392 0.810056984424591 0.803942263126373 0.885869264602661 0.836997717618942 0.833691000938416 0.829977750778198 0.809830516576767 0.820082277059555 0.806761533021927 0.669125631451607 0.702706888318062 0.804125994443893 0.850053727626801
-9999 -9999 -9999 -9999 -9999 -9999 -9999 -9999 -9999 -9999 35.2986888885498 35.2986888885498 13.7248649597168 3.26782858371735 3.12707984447479 2.85602402687073 2.97882753610611 2.88388574123383 2.49297219514847 2.27376973628998 3.09274184703827 2.22921967506409 2.46125471591949 2.85198158025742 2.83498567342758 2.91321980953217 3.21102511882782 3.33334958553314 2.83369123935699 1.73567175865173 1.7148465514183 1.74271649122238 1.7824455499649 1.80450457334518 1.90014678239822 1.80010950565338 1.72758382558823 1.5692310333252 1.33088546991348 1.24696120619774 1.13325977325439 1.09655848145485 1.16061598062515 1.18679478764534 1.12999275326729 1.09024053812027 1.06251901388168 0.94175398349762 0.8802510201931 0.872936993837357 0.847696512937546 0.833815455436707 0.834540009498596 0.821414262056351 0.934484213590622 0.882533222436905 0.86036029458046 0.925571233034134 0.886279463768005 0.900998264551163 0.925177484750748 0.964762508869171
-9999 -9999 -9999 -9999 -9999 -9999 -9999 -9999 -9999 -9999 35.2986888885498 7.37381289222024 5.62363564968109 3.5179055929184 3.31253492832184 2.74252420663834 3.25227606296539 6.73964501619339 4.1394010351436 4.73526388406754 3.67225134372711 3.63833999633789 3.56932067871094 3.60185015201569 3.41786777973175 2.75922220945358 2.55681145191193 2.5971143245697 2.26053142547607 2.15660548210144 1.9878351688385 1.84590822458267 1.73309022188187 1.8384450674057 1.98918753862381 2.21101123094559 2.13727426528931 1.99346476793289 1.66247999668121 1.58640682697296 1.32347103953362 1.30876278877258 1.42477878928185 1.39404147863388 1.71314996480942 1.61965799331665 1.31950950622559 1.00052699446678 0.963094532489777 0.991402477025986 1.0796257853508 0.951970517635345 0.91717654466629 0.94002377986908 1.00652101635933 0.963423728942871 0.958336472511292 0.919640243053436 0.921775460243225 0.895606487989426 0.947401463985443 0.850517213344574
-9999 -9999 -9999 -9999 -9999 -9999 -9999 -9999 -9999 -9999 -9999 -9999 3.96806456164999 6.1620866060257 5.32615149021149 4.12537391483784 -9999 -9999 -9999 -9999 -9999 -9999 3.66274344921112 3.7875999212265 5.73539471626282 2.24982073903084 3.24570214748383 3.35211682319641 3.58648431301117 3.67485451698303 2.4048952460289 2.03549408912659 1.84992831945419 1.76132476329803 1.63110673427582 2.2187647819519 2.82851922512054 2.0724059343338 1.81403106451035 1.84221893548965 1.47256797552109 1.35312223434448 1.48153871297836 1.78011292219162 2.38718318939209 2.06314569711685 2.40506029129028 1.9986652135849 1.64746874570847 1.76804101467133 1.79316741228104 2.08627724647522 1.3007445037365 1.05487579107285 1.08521023392677 1.01206049323082 0.897852748632431 0.879547476768494 0.829454988241196 0.829674035310745 0.959076762199402 1.05317097902298
-9999 -9999 -9999 -9999 -9999 -9999 -9999 -9999 -9999 -9999 -9999 -9999 -9999 16.6274771690369 16.6274771690369 16.6274771690369 -9999 -9999 -9999 -9999 -9999 -9999 4.94490551948547 4.94490551948547 4.94490551948547 0.308659605681896 4.1717791557312 3.51443552970886 3.62245202064514 3.30174386501312 2.27521204948425 2.29451483488083 1.87225431203842 1.71126455068588 1.84029150009155 1.83540004491806 2.33423101902008 2.11326080560684 3.71306383609772 3.27819657325745 2.92936116456985 2.53965157270432 2.61635094881058 2.37470018863678 2.4212121963501 2.67550045251846 3.3682576417923 3.8775794506073 3.70547640323639 3.26123249530792 2.86590296030045 3.46055245399475 3.08524131774902 2.08355033397675 1.66616016626358 1.21895027160645 1.01857799291611 0.977999210357666 0.889134764671326 0.848559021949768 0.867974281311035 1.01662203669548
-9999 -9999 -9999 -9999 -9999 -9999 -9999 -9999 -9999 -9999 -9999 -9999 -9999 -9999 -9999 -9999 -9999 -9999 -9999 -9999 -9999 -9999 -9999 -9999 -9999 -9999 46.5031124949455 4.65159595012665 4.36370408535004 3.31996786594391 2.61553716659546 2.00338500738144 2.02119076251984 2.18388301134109 2.85760205984116 2.99172824621201 2.94565200805664 2.92515081167221 4.3520210981369 3.5195871591568 3.3504763841629 3.12304258346558 2.87678700685501 3.43929147720337 3.25890970230103 4.26971232891083 4.93620443344116 5.47011208534241 6.51620292663574 7.77967000007629 5.29260671138763 5.34118366241455 3.78485405445099 3.00192761421204 2.2257045507431 1.46220374107361 1.29988351464272 0.972049534320831 0.828827261924744 0.79583403468132 0.923486977815628 0.969301521778107
-9999 -9999 -9999 -9999 -9999 -9999 -9999 -9999 -9999 -9999 -9999 -9999 -9999 -9999 -9999 -9999 -9999 -9999 -9999 -9999 -9999 -9999 -9999 -9999 -9999 -9999 -9999 3.3333270278844 3.71893358230591 3.27882742881775 2.78873401880264 2.18861317634583 2.36791956424713 2.72131419181824 2.97278773784637 2.49836182594299 2.07283866405487 2.64356857538223 3.95630085468292 4.25305581092834 3.71581292152405 3.30765759944916 4.26234912872314 4.88589692115784 4.21238708496094 4.03913855552673 4.24144041538239 5.09636914730072 6.17449808120728 7.6511242389679 7.6341118812561 6.248615026474 4.98287165164948 2.95854377746582 2.24958443641663 1.38558000326157 1.1010465323925 0.883668780326843 0.790652275085449 0.777809232473373 0.802031993865967 0.757398784160614
