EcologicalScience/Bass/data/rs_data_bass/chl_466.asc
NCOLS 226 
NROWS 124 
XLLCORNER -9.41648524995501 
YLLCORNER 47.587301625531 
CELLSIZE 0.0833 
NODATA_value -9999 
[rows 54 to 80 of 124, columns 0 to 61 of 226]
-9999 -9999 -9999 -9999 -9999 -9999 -9999 -9999 -9999 -9999 -9999 -9999 -9999 -9999 -9999 -9999 -9999 -9999 -9999 -9999 -9999 -9999 -9999 -9999 -9999 -9999 -9999 -9999 -9999 -9999 -9999 -9999 -9999 -9999 -9999 -9999 -9999 -9999 5.62059670330519 3.36561220139265 1.85534940267864 2.81443606615067 1.66102217137814 1.70805048942566 1.79420524835587 1.71460455656052 1.51516678929329 1.43361324071884 1.64518177509308 1.83068948984146 1.97266256809235 2.06882345676422 2.3119450211525 2.74833965301514 2.92090380191803 3.08678460121155 3.50371658802032 3.58597084879875 3.24242877960205 0.607058599591255 0.62790758907795 3.23046668780887
-9999 -9999 -9999 -9999 -9999 -9999 -9999 -9999 -9999 -9999 -9999 -9999 -9999 -9999 -9999 -9999 -9999 -9999 -9999 -9999 -9999 -9999 -9999 -9999 -9999 -9999 -9999 -9999 -9999 -9999 -9999 -9999 -9999 -9999 -9999 -9999 -9999 -9999 -9999 2.18646573478525 2.88846633364173 2.72088174819946 2.39858734607697 2.21588927507401 1.86817330121994 1.65802323818207 1.4155980348587 1.50283700227737 1.57074725627899 1.67270904779434 1.74892973899841 1.93915319442749 2.28179252147675 2.51885050535202 2.86147201061249 3.04877066612244 3.00846455991268 3.31091324511291 -9999 -9999 -9999 -9999
-9999 -9999 -9999 -9999 -9999 -9999 -9999 -9999 -9999 -9999 -9999 -9999 -9999 -9999 -9999 -9999 -9999 -9999 -9999 -9999 -9999 -9999 -9999 -9999 -9999 -9999 -9999 -9999 -9999 -9999 -9999 -9999 -9999 -9999 -9999 -9999 -9999 -9999 -9999 2.61568164825439 2.26951870322227 2.30537196993828 2.28739148378372 2.32670271396637 2.11209273338318 1.96188318729401 1.71343922615051 1.48747199773788 1.660131752491 1.57420194149017 1.73319345712662 2.09694105386734 2.39475077390671 2.54008418321609 2.72632902860641 3.04374718666077 3.14038848876953 2.97355175018311 1.8031534910202 1.65724718570709 -9999 -9999
-9999 -9999 -9999 -9999 -9999 -9999 -9999 -9999 -9999 -9999 -9999 -9999 -9999 -9999 -9999 -9999 -9999 -9999 -9999 -9999 -9999 -9999 -9999 -9999 -9999 -9999 -9999 -9999 -9999 -9999 -9999 -9999 -9999 -9999 -9999 -9999 -9999 -9999 -9999 -9999 2.90828141570091 2.5622306317091 2.7893887758255 2.77347946166992 2.72143918275833 2.19182401895523 2.0723882317543 1.95148879289627 1.59308367967606 1.53206321597099 1.3724077641964 2.13691473007202 2.41375356912613 2.51856172084808 2.59798622131348 2.69674801826477 2.82781189680099 2.73302471637726 2.880842990735 3.09531211853027 2.527682741021 -9999
-9999 -9999 -9999 -9999 -9999 -9999 -9999 -9999 -9999 -9999 -9999 -9999 -9999 -9999 -9999 -9999 -9999 -9999 -9999 -9999 -9999 -9999 -9999 -9999 -9999 -9999 -9999 -9999 -9999 -9999 -9999 -9999 -9999 -9999 -9999 -9999 -9999 -9999 -9999 -9999 2.71698006268205 2.99400566518307 3.2402868270874 2.98592603206635 2.7984539270401 2.38563376665115 2.0637115240097 1.84732627868652 1.82017379999161 1.62503975629807 1.30025851726532 1.94271111488342 2.18834775686264 2.51662802696228 2.60620123147964 2.54192048311234 2.68717521429062 2.81537693738937 2.9525790810585 3.17881530172685 1.80265598676421 -9999
-9999 -9999 -9999 -9999 -9999 -9999 -9999 -9999 -9999 -9999 -9999 -9999 -9999 -9999 -9999 -9999 -9999 -9999 -9999 -9999 -9999 -9999 -9999 -9999 -9999 -9999 -9999 -9999 -9999 -9999 -9999 -9999 -9999 -9999 -9999 -9999 -9999 -9999 -9999 -9999 2.5745165348053 2.46496921777725 3.04689228534698 2.98008322715759 2.36931189894676 2.24289187788963 2.19255709648132 1.51101529598236 1.61320698261261 1.44521224498749 1.38661697506905 1.69226151704788 2.37434244155884 2.48937755823135 2.58765524625778 2.6448455452919 2.92889946699142 3.20365309715271 3.23753368854523 1.80643115714192 -9999 -9999
-9999 -9999 -9999 -9999 -9999 -9999 -9999 -9999 -9999 -9999 -9999 -9999 -9999 -9999 -9999 -9999 -9999 -9999 -9999 -9999 -9999 -9999 -9999 -9999 -9999 -9999 -9999 -9999 -9999 -9999 -9999 -9999 -9999 -9999 -9999 -9999 -9999 -9999 -9999 -9999 3.09907396137714 2.87418633699417 2.76435689628124 2.11835852265358 2.076211810112 1.86895769834518 1.71831223368645 1.70542269945145 1.429024502635 1.37891548871994 1.5491189956665 1.79973179101944 2.4274553902009 2.56149053573608 2.68079972267151 2.94920027256012 3.03471034765244 -9999 -9999 2.75787138938904 2.5947132781148 2.55524902045727
-9999 -9999 -9999 -9999 -9999 -9999 -9999 -9999 -9999 -9999 -9999 -9999 -9999 -9999 -9999 -9999 -9999 -9999 -9999 -9999 -9999 -9999 -9999 -9999 -9999 -9999 -9999 -9999 -9999 -9999 -9999 -9999 -9999 -9999 -9999 -9999 -9999 -9999 -9999 2.23078445476644 2.30135384727927 2.96459710597992 2.53665751218796 2.35946702957153 1.83339706063271 1.73650306463242 1.66764450073242 1.5248459726572 1.49261511862278 1.61196780204773 1.76992347836494 1.89265984296799 2.00848352909088 2.34865170717239 2.65281601622701 2.98747274279594 3.16579806804657 2.67753303050995 2.57024079561234 2.53624552488327 2.45367550849915 2.40491706132889
-9999 -9999 -9999 -9999 -9999 -9999 -9999 -9999 -9999 -9999 -9999 -9999 -9999 -9999 -9999 -9999 -9999 -9999 -9999 -9999 -9999 -9999 -9999 -9999 -9999 -9999 -9999 -9999 -9999 -9999 -9999 -9999 -9999 -9999 -9999 -9999 -9999 -9999 -9999 2.34147546440363 3.16703917980194 3.03598735332489 2.44538027048111 2.10245954990387 1.79189649224281 1.54062750935555 1.51879241211074 1.60503169681345 1.6111483065521 1.69047600030899 1.6998550593853 2.11432993412018 2.04548370838165 2.20058304071426 2.5322517156601 3.45899976789951 3.31319189071655 3.37212872505188 2.50518846511841 2.48439222574234 2.60337126255035 2.48925514519215
-9999 -9999 -9999 -9999 -9999 -9999 -9999 -9999 -9999 -9999 -9999 -9999 -9999 -9999 -9999 -9999 -9999 -9999 -9999 -9999 -9999 -9999 -9999 -9999 -9999 -9999 -9999 -9999 -9999 -9999 -9999 -9999 -9999 -9999 -9999 -9999 -9999 -9999 2.90824351527474 2.20716661214828 2.19858356714249 1.93737087249756 1.984499335289 1.84363392591476 1.35276809973376 1.49834627764566 1.5440687417984 1.70149704813957 1.82952637076378 1.81204957664013 1.71979048848152 1.81988322734833 1.73271971940994 1.72531270980835 2.16553419828415 2.22614103555679 2.74609341791698 2.46219892054796 2.55599925667048 2.61154901981354 3.04015036672354 3.02328948676586
-9999 -9999 -9999 -9999 -9999 -9999 -9999 -9999 -9999 -9999 -9999 -9999 -9999 -9999 -9999 -9999 -9999 -9999 -9999 -9999 -9999 -9999 -9999 -9999 -9999 -9999 -9999 -9999 -9999 -9999 -9999 -9999 -9999 -9999 -9999 -9999 -9999 -9999 2.28559597581625 2.11934961006045 2.23874698366438 2.01656525475638 1.45316685523306 1.55980451192175 1.57895687222481 1.54104483127594 1.69881280660629 1.86313567757607 1.72927846908569 1.68665283322334 1.69633823633194 1.71537083387375 1.7786813378334 1.86570453643799 2.05830824375153 2.15765851736069 2.21538680791855 2.43328946828842 2.65470921993256 2.72289334237576 2.61114370822906 3.03784148833331
-9999 -9999 -9999 -9999 -9999 -9999 -9999 -9999 -9999 -9999 -9999 -9999 -9999 -9999 -9999 -9999 -9999 -9999 -9999 -9999 -9999 -9999 -9999 -9999 -9999 -9999 -9999 -9999 -9999 -9999 -9999 -9999 -9999 -9999 -9999 -9999 -9999 10.3660172300136 1.92563522713525 1.87445422155516 2.12608969637326 1.81440815755299 1.47523376558508 1.59496950464589 1.67639189319951 1.66933819055557 1.73536912202835 1.57613914153155 1.50380586525973 1.55321340076625 1.64544730677324 1.77271550893784 1.88718400282018 1.88648629188538 2.13231074810028 2.17285716533661 2.19479316473007 3.13595517352223 2.81209006905556 2.76776931566351 2.61149495840073 2.55729112029076
-9999 -9999 -9999 -9999 -9999 -9999 -9999 -9999 -9999 -9999 -9999 -9999 -9999 -9999 -9999 -9999 -9999 -9999 -9999 -9999 -9999 -9999 -9999 -9999 -9999 -9999 -9999 -9999 -9999 -9999 -9999 -9999 -9999 -9999 -9999 -9999 2.28439056873322 2.22331331031663 2.36412731664521 1.98246698294367 1.78510312097413 1.60260171762535 1.48337331201349 1.59861735999584 1.65210222346442 1.70344315767288 1.68298226594925 1.71625639200211 2.21759617328644 2.6077584028244 1.63605794683099 1.81764707144569 1.92332696914673 2.11841332912445 2.16313058137894 2.20574247837067 2.84817114472389 3.16340235248208 3.17670921608806 3.08963897824287 2.83995786309242 2.7211275100708
-9999 -9999 -9999 -9999 -9999 -9999 -9999 -9999 -9999 -9999 -9999 -9999 -9999 -9999 -9999 -9999 -9999 -9999 -9999 -9999 -9999 -9999 -9999 -9999 -9999 -9999 -9999 -9999 -9999 -9999 -9999 -9999 -9999 -9999 -9999 -9999 2.42576211690903 2.51384830049106 2.23284267527717 1.88812274592263 1.72362054884434 1.55708226135799 1.54339017825467 1.50737853348255 1.65398837838854 1.55316070573671 1.6296976677009 1.7320394128561 1.82443132996559 1.79878975823522 1.77108632773161 1.77805271744728 2.07853722572327 2.16014474630356 2.29494720697403 2.87633371353149 2.81578525900841 3.03034168481827 3.11583334207535 2.95575186610222 3.29921400547028 3.81288510560989
-9999 -9999 -9999 -9999 -9999 -9999 -9999 -9999 -9999 -9999 -9999 -9999 -9999 -9999 -9999 -9999 -9999 -9999 -9999 -9999 -9999 -9999 -9999 -9999 -9999 -9999 -9999 -9999 -9999 -9999 -9999 2.16230224817991 1.98632756620646 2.14738583564758 2.10493344068527 2.08112484190433 2.18272968133291 2.19938502907753 2.05782992286342 1.70850782735007 1.54788676117148 1.62085125701768 1.66609336648669 1.64936013094017 1.58200046207224 1.56955462268421 1.60396715360028 1.79021276107856 1.86963826417923 2.01559350639582 2.24716127291322 2.59280910529196 2.89586482197046 2.86370024085045 3.09811760857701 2.8805253021419 2.90716656669974 2.93370375037193 3.12076351046562 3.01412996649742 2.85878032073379 3.09967947006226
-9999 -9999 -9999 -9999 -9999 -9999 -9999 -9999 -9999 -9999 -9999 -9999 -9999 -9999 -9999 -9999 -9999 -9999 -9999 -9999 -9999 -9999 0.346259817481041 3.08007038831711 3.18475022315979 3.48708075284958 3.33150550127029 3.01497987508774 4.14332922175527 2.38592503219843 2.26761163026094 2.03040623478591 2.06377618946135 1.98862121254206 1.83037625066936 2.0283504979951 2.05315078369209 1.79523986577988 1.57092745389257 1.44623109059674 1.40193431292261 1.4825722192015 1.52586707047054 1.60435259980815 1.65178703836032 1.65265258082322 1.7386139780283 1.87373456656933 2.05510058999062 1.96957388520241 1.97054574452341 2.68605621345341 3.13833997026086 2.67099827528 2.87695696949959 3.68762897327542 3.39469268918037 3.73694195598364 2.48468831882757 -9999 -9999 -9999
-9999 -9999 -9999 -9999 -9999 -9999 -9999 -9999 -9999 -9999 -9999 -9999 -9999 -9999 -9999 -9999 -9999 -9999 -9999 -9999 -9999 -9999 2.40215815107028 1.90663094446063 1.85234642028809 2.08081714510918 2.21858835220337 2.33354932665825 2.63077924400568 2.15480768680573 2.16353928856552 2.04231044277549 1.83948528952897 1.89278854429722 1.72591660916805 1.73470383882523 1.7139962464571 1.57869404554367 1.42337555970464 1.40848640671798 1.39942557258265 1.5226295547826 1.52164102665016 1.48722105579717 1.60388743451663 1.93748633137771 2.10486213862896 2.26938872784376 2.23728769272566 2.19543371535838 2.10430563613772 2.18890412896872 2.35550210997462 3.6588924071368 2.16192683950067 2.85959440469742 -9999 -9999 -9999 -9999 -9999 -9999
-9999 -9999 -9999 -9999 -9999 -9999 -9999 -9999 -9999 -9999 -9999 -9999 -9999 -9999 -9999 -9999 -9999 -9999 -9999 1.29867144619546 1.85968186457952 1.62314016819 1.55568130612373 1.56140993237495 1.53867404460907 1.31958834640682 1.29298000335693 1.31113804876804 1.39341337382793 1.53944317437708 1.59357779659331 1.61601587198675 1.76674171350896 1.6719456166029 1.48989804647863 1.43098015870367 1.36358553809779 1.3123474589416 1.41715336441994 1.3709703207016 1.3999663233757 1.44337337570531 1.4642373919487 1.50556571781635 1.5356075572116 1.78493615984917 2.22602046387536 2.38423269242048 2.3785933367908 3.52156054973602 2.20657953992486 2.2603315114975 -9999 -9999 -9999 -9999 -9999 -9999 -9999 -9999 -9999 -9999
-9999 -9999 -9999 -9999 -9999 -9999 -9999 -9999 -9999 -9999 -9999 -9999 -9999 -9999 -9999 -9999 -9999 1.55931184689204 3.3883820772171 1.97401987314224 1.68521500510328 1.39635625779629 1.3562447488308 1.35498332381248 1.30092611610889 1.24660896789283 1.23878743201494 1.19395210593939 1.24286869466305 1.18765153779703 1.23613677732646 1.280329439044 1.37540351748466 1.41566203534603 1.2941819110087 1.32238905557564 1.38333404277052 1.19664388298988 1.15371796488762 1.1998631298542 1.23658226132393 1.32385553717613 1.43507201543876 1.47212984945093 1.63478272727558 1.91498163342476 2.26959987197603 2.75607818790845 2.19520957361568 1.90399621562524 1.70469157804142 1.50760120153427 -9999 -9999 -9999 -9999 -9999 -9999 -9999 -9999 -9999 -9999
-9999 -9999 -9999 -9999 -9999 -9999 -9999 -9999 -9999 -9999 -9999 -9999 -9999 -9999 1.14555161139544 1.4310462847352 1.35415649414062 1.5315521992743 2.60645091533661 1.84998893737793 1.82029956579208 1.71054607629776 1.33466325793415 1.26945286691189 1.34610635787249 1.29679937064648 1.16661985963583 0.775567783841065 1.22679730802774 1.07736293182654 1.01784027647227 1.17441301135456 1.06685055233538 1.101013854146 1.19513946771622 1.50051990790027 1.7977981120348 1.75845869524138 1.14749206900597 1.2035030066967 1.33873642086983 1.42357557415962 1.49096173048019 1.6002214040075 1.50244183838367 1.8586372669254 2.09643548727036 2.30081484573228 2.22486624547413 2.08106261066028 1.86981748044491 1.91086124628782 -9999 -9999 -9999 -9999 -9999 -9999 -9999 -9999 -9999 -9999
-9999 -9999 -9999 -9999 -9999 -9999 -9999 -9999 -9999 -9999 -9999 3.59492946267128 1.55009070038795 1.56269904971123 1.19551277160645 1.27619465813041 0.978782667833216 1.28341883048415 1.22719190083444 0.961145331754404 0.938730712048709 4.58395063877106 1.22697806571211 0.972156026400626 1.00367549434304 5.79040554016829 1.12730859965086 1.92625316977501 1.03090571480639 1.0501137656324 0.959657636635444 1.05821467749774 1.04334726929665 1.14653508803424 1.21266426444054 1.2205393910408 1.24084683060646 1.12654364284347 1.08715239167213 1.2704564511776 1.42385933995247 1.37028526067734 1.31395171284676 1.49048444841589 1.4345012716949 1.9898071033614 2.31279518774578 2.23852686371122 2.04631114751101 2.311747379601 1.67101952433586 -9999 -9999 -9999 -9999 -9999 -9999 2.84673339128494 2.56399800275501 2.54307416081429 2.47717538632845 -9999
-9999 -9999 -9999 -9999 -9999 -9999 -9999 -9999 -9999 1.7597576379776 1.47172227501869 1.81627571582794 1.72205471992493 0.912434927680913 0.89392025681103 0.885856771293808 0.925621463971979 0.910489487297395 0.904435704736149 1.47304871678352 1.41725099086761 0.918193342164159 0.934291061013937 1.21204884648323 1.09347373247147 0.937550975119366 1.76424989104271 1.77191383391619 2.76178193092346 4.0194103717804 1.2634692247957 1.30858427099884 1.18195327743888 1.21794525840703 1.247356258771 1.29795629487318 1.32980647507836 1.17462529540062 1.19061667323112 1.2422713321798 1.34106922745705 1.31934716701508 1.48361154794693 1.76938070058823 1.61123521200248 1.40446406789124 1.60052676871419 1.92685800790787 1.7083269570555 2.30833467415401 2.23437804356217 2.23593364655972 2.10192894935608 3.35588164329529 3.09099519252777 2.90069246292114 2.71690428256989 2.64397716522217 2.61268508434296 2.56936132907867 2.20577315907729 3.16605341434479
-9999 -9999 -9999 -9999 -9999 1.25307210181889 1.5716452896595 1.70068803429604 1.74510896205902 1.52701717615128 1.65055346488953 1.66923451423645 1.57686746120453 1.52138543128967 1.54588347673416 1.55949819087982 1.55281269550323 1.51849347352982 1.50309973955154 1.56129670143127 1.58479571342468 0.918490285053849 1.22485808730125 1.24778384566307 1.31700285567957 0.856414239196216 1.83050105720758 1.75101368129253 3.51801753044128 1.55505170366343 1.53141417726874 1.4157378256321 1.39832141399384 1.33422956429422 1.41563675999641 1.4117734940613 1.4097443661269 1.28298691101372 1.23227623105049 1.14583787918091 1.16838952898979 1.19531908631325 1.20506376028061 1.21792910695076 1.15148282647133 1.4545197806188 1.44450522320611 1.47731307148933 1.58119680200304 1.9535892829299 2.40589275956154 2.53249651193619 2.9317102432251 2.57232215255499 2.55438458919525 2.66039317846298 2.62463253736496 2.64311474561691 2.57375782728195 2.56739258766174 2.86695769429207 2.6141274087131
-9999 -9999 -9999 -9999 -9999 1.53904241323471 1.4482139647007 1.46206346154213 1.47973197698593 1.51940774917603 1.54226553440094 1.558748960495 1.54855495691299 1.5145275592804 1.47400125861168 1.4985179901123 1.50884395837784 1.50123757123947 1.58790367841721 1.64365643262863 1.35179070830345 1.45034373402596 1.59086973965168 1.61606393102556 1.62809755839407 1.49011967287344 0.946973122656345 0.896117724478245 0.873855922590284 1.26367648690939 1.58943924833747 1.6199842025252 1.62851474881172 1.43096862435341 1.4702288368169 1.39762504135861 1.23921945691109 1.26042869862388 1.18021342754364 1.19543952941895 1.20003983974457 1.20310855507851 1.26870201826096 1.17626296281815 1.37917723375208 1.37109743146335 1.44208436352866 1.51178440664496 1.59252215496131 1.65727236015456 1.71866336039134 1.78001983836293 1.90028929710388 1.95306891202927 2.26096057891846 2.0664210319519 2.4070440530777 2.47557038068771 3.60825383663177 3.38714182376862 4.24667716026306 4.04990029335022
-9999 -9999 -9999 -9999 -9999 1.64596005678177 1.5155158996582 1.41332021355629 1.41550496220589 1.4688960313797 1.48784852027893 1.54759508371353 1.59915143251419 1.6492994427681 1.63982766866684 1.62235200405121 1.65940797328949 1.67546850442886 1.68573671579361 1.69346022605896 1.71106052398682 1.46979948319495 1.50858480669558 1.60318023897707 1.52982387878001 1.40217209793627 1.42692417092621 1.0202404037118 1.00387160480022 1.35414535403252 1.57935019731522 1.61033568382263 1.58387024998665 1.46275255084038 1.41318379044533 1.01712948083878 0.842311564244722 1.17371273636818 1.2286666572094 1.23497542738914 1.24597656726837 1.2513644516468 0.971037287797247 1.14774237134877 1.18825018055299 1.28932369947433 1.27559942565858 1.43453527348382 1.62714474754674 1.65342660886901 1.7185407515083 1.79841105427061 1.89995616674423 1.93400627374649 1.86272406578064 1.89033007621765 2.07396376132965 2.33532303571701 2.74695307016373 3.08489620685577 3.05722725391388 4.20838809013367
-9999 -9999 -9999 -9999 -9999 0.839118155837059 0.855800843238831 1.38336825370789 1.40577900409698 1.5280784368515 1.51797527074814 1.57464891672134 1.60270124673843 1.60767298936844 1.33196356706321 1.62611031532288 1.38248216360807 1.68603301048279 1.68741595745087 1.69638079404831 1.71200251579285 1.73275566101074 1.77093905210495 1.58316712081432 1.63445255532861 1.64790978468955 1.61525208950043 1.38741894364357 1.4148287832737 1.42551049590111 1.55358047485352 1.51281233429909 1.40293117186853 1.42313507795334 1.35388028621674 1.24085682034493 1.21591318845749 1.24839528799057 0.972898196429014 1.07989505957812 1.06182638090104 0.721325304891382 0.975236378610134 1.16425886750221 1.11315924630446 1.18783021499129 1.25269721536075 1.55674870014191 1.49371688365936 1.4876024723053 1.46189249753952 1.31452359259129 1.69496476650238 1.65085941553116 1.77745127677917 2.03833347558975 2.01311856508255 1.95933383703232 2.24194800853729 3.16333365440369 3.60668706893921 4.29292559623718
-9999 -9999 -9999 -9999 -9999 0.847630930297515 0.893629491329193 1.21386829018593 1.26002249121666 1.20630967191287 1.55807483196259 1.52759778499603 1.55413126945496 1.57605975866318 1.58921778202057 1.40257110127381 1.4609775436776 1.49849973193237 1.52233375183174 1.67950129508972 1.70981472730637 1.74897980690002 1.62243041954935 1.63243947923183 1.58973471075296 1.58793641254306 1.58518726825714 1.5931349158287 1.59447510242462 1.52552647590637 1.49293172359467 1.61107015609741 1.39049173277967 1.40494221273591 1.37478857706575 1.30528445278897 1.21897442340851 1.3021187722683 1.32364608645439 1.29951773285866 1.32027363777161 1.31050544381142 1.28909438252449 1.2736298263073 2.87542862221599 3.3119865976274 1.18578677668291 1.2282056229956 1.3644082069397 1.41445780992508 1.47979431152344 1.48388438224792 1.37141806100096 1.76786255836487 1.90568858385086 2.10404545068741 2.22266918420792 2.18750095367432 2.23297566175461 2.52225297689438 3.82630884647369 3.83531033992767
