EcologicalScience/Bass/data/rs_data_bass/chl_177.asc
NCOLS 226 
NROWS 124 
XLLCORNER -9.41648524995501 
YLLCORNER 47.587301625531 
CELLSIZE 0.0833 
NODATA_value -9999 
[rows 0 to 26 of 124, columns 62 to 123 of 226]
-9999 -9999 -9999 -9999 -9999 -9999 -9999 -9999 -9999 -9999 -9999 -9999 -9999 -9999 -9999 -9999 -9999 -9999 -9999 -9999 -9999 -9999 -9999 -9999 -9999 -9999 -9999 -9999 -9999 -9999 -9999 -9999 -9999 -9999 -9999 -9999 -9999 -9999 -9999 -9999 -9999 -9999 -9999 -9999 -9999 -9999 -9999 -9999 -9999 -9999 -9999 -9999 -9999 -9999 -9999 -9999 -9999 -9999 -9999 -9999 -9999 -9999
-9999 -9999 -9999 -9999 -9999 -9999 -9999 -9999 -9999 -9999 -9999 -9999 -9999 -9999 -9999 -9999 -9999 -9999 -9999 -9999 -9999 -9999 -9999 -9999 -9999 -9999 -9999 -9999 -9999 -9999 -9999 -9999 -9999 -9999 -9999 -9999 -9999 -9999 -9999 -9999 -9999 -9999 -9999 -9999 -9999 -9999 -9999 -9999 -9999 -9999 -9999 -9999 -9999 -9999 -9999 -9999 -9999 -9999 -9999 -9999 -9999 -9999
-9999 -9999 -9999 -9999 -9999 -9999 -9999 -9999 -9999 -9999 -9999 -9999 -9999 -9999 -9999 -9999 -9999 -9999 -9999 -9999 -9999 -9999 -9999 -9999 -9999 -9999 -9999 -9999 -9999 -9999 -9999 -9999 -9999 -9999 -9999 -9999 -9999 -9999 -9999 -9999 -9999 -9999 -9999 -9999 -9999 -9999 -9999 -9999 -9999 -9999 -9999 -9999 -9999 -9999 -9999 -9999 -9999 -9999 -9999 -9999 -9999 -9999
-9999 -9999 -9999 -9999 -9999 -9999 -9999 -9999 -9999 -9999 -9999 -9999 -9999 -9999 -9999 -9999 -9999 -9999 -9999 -9999 -9999 -9999 -9999 -9999 -9999 -9999 -9999 -9999 -9999 -9999 -9999 -9999 -9999 -9999 -9999 -9999 -9999 -9999 -9999 -9999 -9999 -9999 -9999 -9999 -9999 -9999 -9999 -9999 -9999 -9999 -9999 -9999 -9999 -9999 -9999 -9999 -9999 -9999 -9999 -9999 -9999 -9999
-9999 -9999 -9999 -9999 -9999 -9999 -9999 -9999 -9999 -9999 -9999 -9999 -9999 -9999 -9999 -9999 -9999 -9999 -9999 -9999 -9999 -9999 -9999 -9999 -9999 -9999 -9999 -9999 -9999 -9999 -9999 -9999 -9999 -9999 -9999 -9999 -9999 -9999 -9999 -9999 -9999 -9999 -9999 -9999 -9999 -9999 -9999 -9999 -9999 -9999 -9999 -9999 -9999 -9999 -9999 -9999 -9999 -9999 -9999 -9999 -9999 -9999
-9999 -9999 -9999 -9999 -9999 -9999 -9999 -9999 -9999 -9999 -9999 -9999 -9999 -9999 -9999 -9999 -9999 -9999 -9999 -9999 -9999 -9999 -9999 -9999 -9999 -9999 -9999 -9999 0.63735419511795 0.871327287633054 1.11854218735414 0.809941465363783 0.728308246470988 0.903264965862036 0.780964278616011 0.669584476388991 0.504249336088405 0.497380167245865 0.540809261798859 0.54766339994967 0.499910909682512 0.532202017307281 0.506804859638214 0.475303402170539 0.440541571006179 0.457006484270096 0.302756455540657 0.339847245812416 0.437355285510421 0.435881551355124 0.457646805793047 0.466533176600933 0.505548281595111 0.506184962742469 0.511000821695608 0.464583869366085 0.479472388239468 0.520700991153717 0.527807795687726 0.516095033601711 0.448703164234757 0.393554549664259
-9999 -9999 -9999 -9999 -9999 -9999 -9999 -9999 -9999 -9999 -9999 -9999 -9999 -9999 -9999 -9999 -9999 -9999 -9999 -9999 -9999 -9999 -9999 -9999 -9999 -9999 1.18186515569687 1.0627324283123 2.20540279150009 1.68481372594833 1.26904601454735 1.04080840945244 0.838363626971841 0.835993140935898 0.674976190924645 0.63971429169178 0.625886392593384 0.609983801841736 0.588340359926224 0.572497656941414 0.507672196626663 0.509189933538437 0.490960711240768 0.506897512604209 0.492270624812912 0.372576001100242 0.343855780083686 0.338966015260667 0.342529127374291 0.321942371316254 0.294049691408873 0.458906995022998 0.46804285400054 0.457604277659865 0.458222242839196 0.514235702507636 0.465254276990891 0.509742419186391 0.473835529465424 0.430914002029519 0.403770754996099 0.403340126338758
-9999 -9999 -9999 -9999 -9999 -9999 -9999 -9999 -9999 -9999 -9999 -9999 -9999 -9999 -9999 -9999 -9999 -9999 -9999 -9999 -9999 -9999 -9999 -9999 -9999 -9999 1.18186515569687 1.63815946578979 1.8912534236908 1.31265797615051 1.02337701916695 0.896572989225388 0.718186593055725 0.588201886415482 0.620624133944511 0.658186149597168 0.602013395726681 0.593345887027681 0.58759490121156 0.556577397510409 0.544622076675296 0.535000562667847 0.423251708038151 0.514396182754461 0.442444341257215 0.399127224460244 0.360477659851313 0.370667384471744 0.386134321801364 0.438283885829151 0.518048478400006 0.523843135903863 0.456586729077732 0.442175346262315 0.425775776014608 0.429105006158352 0.407071866095066 0.396207204088569 0.409122947799532 0.395487227722218 0.445580040937976 0.421877630447087
-9999 -9999 -9999 -9999 -9999 -9999 -9999 -9999 -9999 -9999 -9999 -9999 -9999 -9999 -9999 -9999 -9999 -9999 -9999 -9999 -9999 -9999 -9999 -9999 -9999 -9999 1.81685242652893 1.53594957590103 1.26600296497345 0.99541786685586 0.960811100900173 0.792641350999475 0.679184060543776 0.641930898651481 0.701785222627223 0.657644684426486 0.638636562041938 0.605744806118309 0.545616324059665 0.537006860598922 0.548594229854643 0.529615553095937 0.519194070249796 0.601382335319239 0.477079315111041 0.35218223836273 0.345001176930964 0.340830980334431 0.312951613683254 0.688883090720457 0.634599950383691 0.572811158264385 0.511648819727056 0.447527641759199 0.433055188725976 0.389766292646527 0.379399786703289 0.390847805668326 0.414798406993642 0.477564469856374 0.441912629148539 0.365253858268261
-9999 -9999 -9999 -9999 -9999 -9999 -9999 -9999 -9999 -9999 -9999 -9999 -9999 -9999 -9999 -9999 -9999 -9999 -9999 -9999 -9999 -9999 -9999 -9999 -9999 1.19121462106705 1.31604738235474 1.06331527233124 1.01055447459221 0.960402536392212 0.842423915863037 0.807331919670105 0.799092805385589 0.716543060541153 0.728724938631058 0.689963911660016 0.625041078776121 0.547562537714839 0.579586811363697 0.575567048974335 0.551534816622734 0.484301936812699 0.396991449873894 0.6739482774454 0.691062056842972 0.323677070438862 0.360787977464497 0.309349031187594 0.595765652901986 0.581124294330092 0.606579120544826 0.600868616034003 0.565130800008774 0.497275895055603 0.491852907573476 0.528760821503751 0.444170541623059 0.449742428520147 0.49565925405306 0.345028415322304 0.372457872144878 0.390934533056091
-9999 -9999 -9999 -9999 -9999 -9999 -9999 -9999 -9999 -9999 -9999 -9999 -9999 -9999 -9999 -9999 -9999 -9999 -9999 -9999 -9999 -9999 -9999 -9999 -9999 3.21885108947754 0.998096600174904 1.07885323166847 0.927543514966965 0.790168988704681 0.781931310892105 0.781580834649503 0.98198709487915 0.820873457193375 0.676451655104756 0.583581682294607 0.55552738532424 0.562482769601047 0.567467138171196 0.587944230996072 0.546876356005669 0.518085499294102 0.750309395439485 0.408102977089584 0.357886038254946 0.312403962481767 0.30631912406534 0.626101510489688 0.597001322928597 0.568078545086524 0.609970263698522 0.610063012908487 0.60891758869676 0.59084764911848 0.655670558705049 0.669126060079126 0.538862641243374 0.429646145771531 0.365851637195138 0.304556508274639 0.363878125653547 0.386613257667598
-9999 -9999 -9999 -9999 -9999 -9999 -9999 -9999 -9999 -9999 -9999 -9999 -9999 -9999 -9999 -9999 -9999 -9999 -9999 -9999 -9999 -9999 -9999 -9999 1.31647038459778 1.20855689048767 1.26398548297584 1.08591633103788 0.932940859347582 0.788497790694237 0.741299782879651 0.714726311154664 0.745089506730437 0.700282165780663 0.643183372914791 0.607506726868451 0.594267971813679 0.588167494162917 0.57327301427722 0.588299752213061 0.557827253825963 0.533751519396901 0.493887601420283 0.546575236134231 0.393325959797949 0.31982545601204 0.633113023112802 0.644805826685008 0.597685683299513 0.56683637201786 0.557727119501899 0.57349044084549 0.637907458578839 0.616848365348928 0.707975888076951 0.655405793119879 0.466164048103725 0.361888151396723 0.340846668709727 0.299196492223179 0.293585601536667 0.358758229104912
-9999 -9999 -9999 -9999 -9999 -9999 -9999 -9999 -9999 -9999 -9999 -9999 -9999 -9999 -9999 -9999 -9999 -9999 -9999 -9999 -9999 -9999 -9999 1.50594073534012 1.34511665006479 1.30275066693624 1.0670132076039 0.728373267687857 0.710095583461225 0.711064014583826 0.719148673117161 0.709451858885586 0.710354911163449 0.677534733898938 0.739331762306392 0.623811579309404 0.618052982725203 0.581070153973997 0.540434321388602 0.531911328434944 0.499809804372489 0.466227401979268 0.429328878410161 0.315598174463958 0.385686746332794 0.64741887152195 0.632017685210004 0.606808941153919 0.597641626701635 0.554848812082235 0.570335616083706 0.65376693974523 0.761596698971356 0.864002897458918 0.632590683944085 0.366245255312499 0.379149744177566 0.34105765468934 0.281973787528627 0.357636050704648 0.362315374700462 0.351996741750661
-9999 -9999 -9999 -9999 -9999 -9999 -9999 -9999 -9999 -9999 -9999 -9999 -9999 -9999 -9999 -9999 -9999 -9999 -9999 -9999 -9999 -9999 2.26716494819392 2.65986124908223 1.69594224761514 0.831829436123371 0.813791988417506 0.727845400571823 0.721573314629495 0.729535901919007 0.707180407829583 0.72216447070241 0.69096221588552 0.702348693273962 0.744142619892955 0.596597688272595 0.524448160082102 0.530571126379073 0.53380829282105 0.50678329076618 0.455003751441836 0.35228249290958 0.360518714413047 0.353053072001785 0.620431691408157 0.660485570921617 0.669290248085471 0.691774543593912 0.679087886915487 0.653787808383212 0.742907092851751 1.16831370486933 1.53958483478602 0.721428737044334 0.348589375176851 0.37438702583313 0.393063174889368 0.348287658218075 0.307465712375501 0.361155356116155 0.344319836181753 0.268330722170718
-9999 -9999 -9999 -9999 -9999 -9999 -9999 -9999 -9999 -9999 -9999 -9999 -9999 -9999 -9999 -9999 -9999 -9999 -9999 -9999 2.64602583646774 1.95439666593578 1.79144639127395 1.25950461253524 0.912609221304164 1.03438169136643 0.896861337125301 0.824631672352552 0.779307274147868 0.751795973628759 0.728535611182451 0.712155447341502 0.707928531803191 0.715070698410273 0.741925913840532 0.707562074996531 0.648541172035038 0.597156199626625 0.462918768636882 0.483360263518989 0.482723613269627 0.45261644013226 0.511650192551315 0.700784800574183 0.669248409569263 0.647258455865085 0.748419021858889 0.798260907916462 0.849137611248914 0.887762662242441 1.02564972113161 1.01179033693145 0.934570975601673 0.719716764986515 0.488181868020226 0.469614786260268 0.369242555516608 0.345481182722484 0.440784421037225 0.420818706645685 0.468292273142759 0.219714559614658
-9999 -9999 -9999 -9999 -9999 -9999 -9999 -9999 -9999 -9999 -9999 -9999 -9999 -9999 -9999 -9999 -9999 -9999 -9999 -9999 2.15444354868252 1.85473223403096 1.75206780061126 1.36820402741432 1.39183542877436 1.50158660486341 1.18574707768857 0.968391800299287 0.912117317318916 0.874154867604375 0.793689457699656 0.700862092897296 0.758903212845325 0.782479606568813 0.712430653162301 0.697449333965778 0.689507254399359 0.540064126253128 0.566048394888639 0.656625341624022 0.607276923023164 0.633455182425678 0.712154511362314 0.708641876466572 0.678644894622266 0.65729661192745 0.62345109321177 0.564967067912221 0.562670018523932 0.574728948064148 0.562924518249929 0.555266208015382 0.545692884363234 0.539771701209247 0.505949344485998 0.492720452137291 0.495365710929036 0.421498037874699 0.381523355841637 0.389184535481036 0.467884608927895 0.450154360602884
-9999 -9999 -9999 -9999 -9999 -9999 -9999 -9999 -9999 -9999 -9999 -9999 -9999 -9999 -9999 -9999 -9999 -9999 -9999 3.72529595149191 2.12516762316227 2.01086687296629 2.04529817216098 1.77550074644387 1.73669225536287 1.58842827379704 1.46904182620347 1.19316655956209 1.01117458753288 0.869885573163629 0.792895602062345 0.793262992054224 0.786509303109987 0.723186818616731 0.669938538755689 0.644225209951401 0.720187746919692 0.833086425438523 0.810222135856748 0.74151517264545 0.714394211769104 0.688727622851729 0.663112739101052 0.652640573680401 0.664566893130541 0.635823857970536 0.580742119811475 0.587361412122846 0.573586226440966 0.553814308717847 0.529120305553079 0.508976792916656 0.504861932247877 0.504529315978289 0.489250126294792 0.504185384139419 0.456020657904446 0.425349189899862 0.416459304280579 0.393466302193701 0.354839430190623 0.322594128549099
-9999 -9999 -9999 -9999 -9999 -9999 -9999 -9999 -9999 -9999 -9999 -9999 -9999 -9999 -9999 -9999 -9999 -9999 13.2334162712097 13.3478991508484 1.89193696209363 1.89186258826937 1.69952461123466 1.62415245601109 1.70640301491533 1.60892849947725 1.54446433910302 1.05029491015843 0.961830675601959 0.874532633594104 0.793068115200315 0.777174982641424 0.715173846908978 0.692772924900055 0.686466594891889 0.725018882325717 0.895100640133023 0.835962440818548 0.830365715548396 0.790107844131334 0.692597987396376 0.655662257756506 0.641276025346347 0.639732043657984 0.622904886092458 0.599032386073044 0.52727232221514 0.519491471350193 0.531396243721247 0.5366141628474 0.521224614232779 0.483056212775409 0.452385644428432 0.4364825617522 0.440419737249613 0.45774610619992 0.404970852658153 0.380249897483736 0.362378815189004 0.345935014542192 0.325526438187808 0.298096830490977
-9999 -9999 -9999 -9999 -9999 -9999 -9999 -9999 -9999 -9999 -9999 -9999 -9999 -9999 -9999 -9999 -9999 15.4769534210249 7.29668784141541 2.12053040308612 9.57300825119018 2.05298812048776 1.71558429939406 1.45669339810099 1.40960117110184 1.33841487765312 1.27481789461204 1.11016380148275 0.859943472913333 0.826833116156714 0.812722570129803 0.784960451935019 0.761382905500276 0.712465920618602 0.781607910990715 0.84883235182081 0.848967030644417 0.762972420879773 0.740295314363071 0.798789567181042 0.77012830546924 0.678125314414501 0.658999704888889 0.648289120623044 0.644464054277965 0.627592432711806 0.546917642865862 0.519130303524435 0.487987970933318 0.465044299140573 0.459394234232605 0.464918098412454 0.442521217279136 0.424487351439893 0.41076370049268 0.399902726523578 0.33173109870404 0.318580353632569 0.341211292427033 0.31507411133498 0.296725880820304 0.279334874823689
-9999 -9999 -9999 -9999 -9999 -9999 -9999 -9999 -9999 -9999 -9999 -9999 -9999 -9999 -9999 -9999 -9999 -9999 -9999 3.93526038702796 1.58556506676333 1.43941239799772 1.17739432837282 1.12526548121657 1.22734204147543 1.10011969506741 0.991203437958445 0.934979540961129 0.854804041130202 0.829488605260849 0.815409223948206 0.768841439059803 0.721889992909772 0.727232033652919 0.63849750906229 0.694467701017857 0.734728721635682 0.724483938089439 0.70665251995836 0.70351509217705 0.721878207155636 0.684178351291588 0.663300678133965 0.642584074820791 0.636325124119009 0.654013232461044 0.586632454767823 0.518234141170979 0.465476861223578 0.438749683754785 0.42372228205204 0.419968768022954 0.401786651462317 0.381410765927285 0.388295489363372 0.383585478644818 0.364321275148541 0.343228084500879 0.324940789025277 0.312974251806736 0.299803772941232 0.370452610447126
-9999 -9999 -9999 -9999 -9999 -9999 -9999 -9999 -9999 -9999 -9999 -9999 -9999 -9999 -9999 4.81285121129907 8.33719993219143 3.7257233386816 1.86466648578644 1.40519163863999 1.08855429717473 1.09991090425423 1.07470144757203 1.02994534799031 0.992267144577844 1.02062923141888 0.994734764099121 0.978780493140221 0.852250881493092 0.755745064999376 0.728464968502522 0.728020817041397 0.722927286156586 0.70181355625391 0.843068131378719 0.780581927725247 0.718733895037855 0.688684976526669 0.671447367540428 0.666505729513509 0.666170689676489 0.669097452291421 0.66393359963383 0.600319939000266 0.61996860482863 0.632056200078555 0.568470115108149 0.445749577134848 0.437413123436272 0.41511551477015 0.395354733802378 0.394641098566353 0.388202149886638 0.390844996087253 0.388946616556495 0.385055489838123 0.356522713322192 0.321404160931706 0.310644272714853 0.305684256367385 0.294814882334322 0.277706771157682
-9999 -9999 -9999 -9999 -9999 -9999 -9999 -9999 -9999 -9999 35.2986888885498 35.2986888885498 13.7248649597168 2.42733151651919 2.21663382835686 2.2722442522645 2.22884304523468 2.29831101894379 2.24842202663422 2.00061299545424 1.43365176660674 1.45339048760278 1.11727698147297 1.06775432186467 1.01308168045112 0.96926532472883 0.941261472446578 0.779909510697637 0.817762134330613 0.667351755712714 0.672253668308258 0.6439101302198 0.793926939368248 0.806809206094061 0.77915975025722 0.732564964464733 0.69678658246994 0.680045041654791 0.655006853597505 0.669013243700777 0.66806387262685 0.676620432308742 0.64678940815585 0.570650674402714 0.54730611294508 0.550465027136462 0.522763494934354 0.44723099150828 0.438288976039205 0.415179152573858 0.406187695051943 0.391848606057465 0.370380178559572 0.381046041380614 0.397781657986343 0.326559523120522 0.32393413502723 0.313807731494308 0.30133255943656 0.295160294976085 0.301603537984192 0.31021316209808
-9999 -9999 -9999 -9999 -9999 -9999 -9999 -9999 -9999 -9999 35.2986888885498 5.62565338611603 3.82932322472334 3.47829636186361 3.21342254430056 2.17200534045696 4.13673532710356 9.18509010835127 7.26888039088485 2.21346726662972 6.6022840312549 2.59344138417925 1.77084164960044 1.41925882228783 1.18231071531773 1.04899890507971 0.93110516667366 0.738539936287062 0.825990097863333 0.76200010733945 0.591901733406952 0.675743889595781 0.778267024883202 0.76047349934067 0.757484030510698 0.721010732863631 0.677098140120506 0.665585454021181 0.626915040825095 0.629047441695418 0.594866909086704 0.575711514268603 0.531833860491003 0.502657467765467 0.497392352138247 0.471790073173387 0.47247835035835 0.442858543779169 0.417775125375816 0.396776079067162 0.393089250262295 0.373361408178295 0.374057723209262 0.347351429052651 0.345947479829192 0.336795802228153 0.325881411787122 0.345839766785502 0.348170441575348 0.33179831597954 0.311922512948513 0.301717364229262
-9999 -9999 -9999 -9999 -9999 -9999 -9999 -9999 -9999 -9999 -9999 -9999 12.3817317682308 4.89649816821603 5.24641528550316 6.60901255970416 -9999 -9999 -9999 -9999 -9999 -9999 4.93798028571265 4.01340556996209 1.6005798046078 1.18978417984077 0.880273544362613 0.853623652032444 0.82094943523407 0.719275860914162 0.568551670227732 0.768163181841373 0.760774679481983 0.744187541306019 0.775658666023186 0.726609706878662 0.766232125461102 0.766581971730505 0.628511785396508 0.583917486880507 0.549164960426944 0.528265960514545 0.507761577410357 0.457305540995938 0.412701094789164 0.41813109602247 0.42450687289238 0.418275871447154 0.403543921453612 0.396561195807798 0.374831033604486 0.363559791445732 0.365818756818771 0.353509322740138 0.348768414929509 0.351565634831786 0.338751372881234 0.328220482449979 0.333513186313212 0.324452501535416 0.315154048800468 0.310253494977951
-9999 -9999 -9999 -9999 -9999 -9999 -9999 -9999 -9999 -9999 -9999 -9999 -9999 16.6274771690369 16.6274771690369 16.6274771690369 -9999 -9999 -9999 -9999 -9999 -9999 4.94490551948547 4.94490551948547 4.94490551948547 0.308659605681896 0.879711969622544 1.02986112024103 0.920503914356232 0.784691570060594 0.694592426930155 0.935386281992708 0.779736300664289 0.787279017269611 0.692918271890708 0.703171648085117 0.740333040910108 0.766124351748398 0.655233704618045 0.533067159354687 0.492077577326979 0.479647135095937 0.459057690841811 0.436592095664569 0.411452156092439 0.410186373761722 0.411143852131707 0.388940347092492 0.386254232908998 0.383153463580779 0.384096956146615 0.37183933279344 0.336118042469025 0.342275941371918 0.349837657809258 0.367934290319681 0.363899946212769 0.347561004571617 0.34291556943208 0.328661106526852 0.320825943723321 0.310855831950903
-9999 -9999 -9999 -9999 -9999 -9999 -9999 -9999 -9999 -9999 -9999 -9999 -9999 -9999 -9999 -9999 -9999 -9999 -9999 -9999 -9999 -9999 -9999 -9999 -9999 -9999 1.84205152988434 1.01295969741685 0.836379749434335 1.96807817220688 0.947039429630552 0.946608551910945 0.889669539672988 0.931451874119895 0.859526574611664 0.781812710421426 0.710849161658968 0.675658014203821 0.613906700696264 0.526023761502334 0.500603780150414 0.498226234955447 0.487588169319289 0.407989068222897 0.389305828405278 0.383104500493833 0.369480484830482 0.352702553783144 0.343586628990514 0.340391147349562 0.332889051841838 0.334246332624129 0.342946115881205 0.348831054568291 0.362316706776619 0.385669752955437 0.361170202493668 0.348629197478294 0.336816591024399 0.313988801836967 0.293641034513712 0.273878479376435
-9999 -9999 -9999 -9999 -9999 -9999 -9999 -9999 -9999 -9999 -9999 -9999 -9999 -9999 -9999 -9999 -9999 -9999 -9999 -9999 -9999 -9999 -9999 -9999 -9999 -9999 -9999 8.50311309950692 3.22441818714142 3.16096892356873 0.941695089851107 1.14427370897361 1.0364885202476 0.956364205905369 0.878087167228971 0.885628874812807 0.832848455224718 0.731661146240575 0.667459484721933 0.523424991539546 0.49855986982584 0.492881483265332 0.476915298828057 0.416913634964398 0.403986097978694 0.400558776089123 0.367831124258893 0.33253178479416 0.330562875739166 0.329339841114623 0.358323381415435 0.360018598181861 0.375566947460175 0.357469761371613 0.377543500065804 0.363449394702911 0.342701640725136 0.318887543678284 0.291320756077766 0.275274243950844 0.249280855059624 0.235286995768547
