EcologicalScience/Bass/data/rs_data_bass/chl_384.asc
NCOLS 226 
NROWS 124 
XLLCORNER -9.41648524995501 
YLLCORNER 47.587301625531 
CELLSIZE 0.0833 
NODATA_value -9999 
[rows 54 to 80 of 124, columns 124 to 185 of 226]
1.68669068813324 1.58814668655396 1.50981080532074 1.57572823762894 1.5811665058136 1.57505393028259 1.45694178342819 1.25705176591873 1.16598147153854 1.06910473108292 0.983091026544571 0.937814980745316 1.41399416327477 1.13896085321903 0.965268351137638 1.0034471154213 0.986024245619774 1.74345070123672 1.27761559188366 1.36888271570206 1.42352548241615 1.68289124965668 1.84218603372574 1.81416445970535 2.51873704791069 3.21661537885666 5.11151397228241 6.82813704013824 4.85480672121048 3.57935893535614 1.79188191890717 1.68049192428589 1.62558299303055 1.59758108854294 1.76352828741074 1.70040303468704 1.55255091190338 1.4548664689064 1.55788725614548 1.29963076114655 1.32717677950859 1.30256545543671 1.32124578952789 1.57122141122818 1.89656549692154 2.00053650140762 2.29335755109787 2.67051458358765 3.06205666065216 3.59936249256134 3.37436127662659 6.33671334385872 9.51275271177292 10.5545945763588 8.47771838307381 8.45428601900737 7.11162135601044 7.14828908443451 9.78181683694994 10.8821020756871 -9999 -9999
2.04137849807739 1.91243183612823 1.664157807827 1.62033605575562 1.6730797290802 1.45196923613548 1.32783678174019 1.26374396681786 1.07301673293114 0.960145533084869 1.02581477165222 0.984378755092621 1.37172853946686 1.07254913449287 1.09584863483906 1.34679637849331 1.04181486368179 1.30444496870041 1.43289828300476 1.71907353401184 2.06350350379944 2.44782453775406 2.03909182548523 1.92055052518845 2.59430024027824 2.33540359139442 3.11323168873787 4.88339853286743 5.0210582613945 4.80348980426788 1.72373700141907 1.63298767805099 1.76264548301697 1.90889400243759 1.96787631511688 1.92658120393753 1.8559695482254 1.79716426134109 1.89593857526779 2.09255093336105 1.67291843891144 1.90243345499039 2.48598003387451 2.84489858150482 3.73767971992493 3.92721140384674 4.31016755104065 5.20293009281158 3.99728322029114 5.75306143079485 6.3295931071043 6.83393383026123 5.28150379657745 7.81688439846039 8.3603142897288 8.64909646090339 10.5720698833466 -9999 -9999 -9999 -9999 -9999
2.41276270151138 2.30286222696304 1.81400316953659 1.84585583209991 1.87537425756454 1.77324002981186 1.70740950107574 1.55105316638947 1.27570572495461 0.940272778272629 0.899439722299576 0.886647015810013 0.999163538217545 0.887784719467163 0.792618781328201 1.48339274525642 1.59668809175491 1.71225446462631 2.39229369163513 5.57058227062225 3.47808909416199 3.41135537624359 11.0737345218658 1.29133200645447 1.61005800962448 3.46655398607254 3.36026278138161 3.77858358621597 3.87609905004501 4.26502132415771 4.20853990316391 1.90727770328522 1.79654395580292 1.76652753353119 1.89036977291107 2.10062545537949 2.40568417310715 2.18910527229309 1.72890901565552 1.99527221918106 2.00415676832199 1.605299949646 2.35527008771896 3.58694851398468 5.13632833957672 4.7250269651413 6.50934648513794 3.35337603092194 4.50152161717415 4.76234981417656 13.5873401463032 11.1412408947945 7.93356621265411 9.46842538988268 -9999 -9999 -9999 -9999 -9999 -9999 -9999 -9999
2.66016608476639 2.64292806386948 2.5677997469902 2.34462672472 1.91768020391464 1.7974169254303 1.74008542299271 1.74309754371643 1.41220128536224 1.25826823711395 1.07594248652458 0.937787264585495 0.950190782546997 0.96840825676918 0.906900733709335 1.06707072257996 2.63322079181671 2.35871708393097 2.20693874359131 2.95831346511841 3.26971185207367 1.51589924097061 4.42908775806427 1.26157799363136 1.31048852205276 1.36253473162651 3.02405396103859 2.7792104780674 3.14312785863876 3.56089550256729 4.03329223394394 2.35726279020309 2.30129617452621 2.20903122425079 2.04089999198914 2.21603178977966 2.19654142856598 2.46992558240891 1.77370208501816 1.68426150083542 2.06917870044708 2.61419016122818 4.94495844841003 9.78724980354309 8.06533026695251 10.5953657627106 4.71056473255157 5.24114568189743 7.63933521509171 11.830598115921 10.2978640794754 8.99128067493439 9.69210684299469 -9999 -9999 -9999 -9999 -9999 -9999 -9999 -9999 -9999
3.19623970985413 3.08346283435822 2.9220929145813 2.87851202487946 2.72036772966385 2.52766281366348 2.30957633256912 2.20721018314362 2.01813447475433 1.59075307846069 1.33534651994705 0.965229034423828 0.859303504228592 0.826287031173706 1.14148727059364 1.24890822172165 2.82425183057785 2.58299106359482 2.29639577865601 1.92723977565765 1.8446940779686 0.994058221578598 1.11124876141548 1.1871292591095 1.19684699177742 1.39129945635796 2.56589823961258 3.35959839820862 3.87509053945541 3.22528409957886 3.07998445630074 2.97777307033539 2.93113732337952 3.18242311477661 2.59721767902374 1.79921847581863 1.16493675112724 1.16336998343468 1.17424875497818 1.3676775097847 1.90462875366211 3.87599337100983 11.8733382225037 20.7832274436951 3.02348631620407 3.7078087244715 7.38149356842041 6.65149247646332 9.33428138494492 13.279620051384 9.66474151611328 10.9668862223625 38.80535718557 -9999 -9999 -9999 -9999 -9999 -9999 -9999 -9999 -9999
4.91234314441681 3.68700671195984 3.63340795040131 3.37162506580353 3.17118000984192 3.25454914569855 2.58342307806015 2.33180469274521 2.40431249141693 2.3529412150383 1.90185445547104 1.09358471632004 0.981202483177185 1.05708450078964 1.00854599475861 1.34418153762817 2.61956173181534 2.27503573894501 2.0309100151062 1.92344552278519 1.3970220386982 0.978154510259628 1.00492876768112 1.16201251745224 1.3904789686203 1.88332056999207 5.53651857376099 4.80250954627991 6.37464165687561 5.31800472736359 3.330406665802 3.14506208896637 3.46854150295258 3.08295214176178 2.38448917865753 1.41450896859169 0.919035762548447 1.28128802776337 1.54131156206131 1.39575451612473 5.98930048942566 16.7283210754395 17.7409529685974 18.6502733230591 6.07195007801056 -9999 4.77413595639742 6.48144292831421 7.98712331056595 17.3409880399704 21.2818686962128 20.0830643177032 20.4146890640259 38.0458770165077 -9999 -9999 -9999 -9999 -9999 -9999 -9999 -9999
-9999 -9999 -9999 -9999 -9999 2.28387522697449 3.09682810306549 2.59749752283096 2.26764678955078 2.35055476427078 2.85107320547104 1.72925841808319 1.45010402798653 1.33719670772552 1.55459922552109 1.85968279838562 2.27634233236313 1.99275076389313 1.97712457180023 1.95113092660904 0.862522512674332 0.881896466016769 0.863801211118698 1.01140576601028 1.10634970664978 1.79423028230667 1.77827399969101 4.28981781005859 8.01168394088745 5.79552090167999 2.90011346340179 2.8986908197403 2.68719291687012 2.28651291131973 1.63871097564697 0.891663730144501 1.15610101819038 1.80519533157349 2.17060053348541 2.96335047483444 2.73153591156006 8.51603937149048 2.65063092112541 5.35467910766602 6.70819568634033 13.895384180893 -9999 -9999 -9999 -9999 25.4335842132568 20.0562915802002 23.6389718055725 52.3772782219781 -9999 -9999 -9999 -9999 -9999 -9999 -9999 -9999
-9999 -9999 -9999 -9999 -9999 -9999 -9999 -9999 2.75030100345612 2.59244781732559 2.24647057056427 2.49083018302917 2.87326204776764 3.63250815868378 4.08272695541382 2.37565720081329 1.95912158489227 1.8995475769043 1.65246605873108 1.73882031440735 1.25527721643448 0.940958976745605 1.08947923779488 1.30715247988701 1.15350303053856 0.919130980968475 0.864682495594025 1.00479072332382 4.3037713766098 4.13225698471069 2.74437600374222 2.11835324764252 1.93964624404907 1.85924327373505 1.1092169880867 1.46531698107719 2.327132999897 3.28800237178802 4.09082937240601 17.8129134178162 23.2500386238098 31.6915884017944 48.4406261444092 59.0330257415771 11.1705402731895 29.0682649612427 -9999 -9999 -9999 -9999 17.548882484436 18.7925963401794 12.4219079017639 14.6205668449402 19.9058132171631 28.5299993661734 -9999 -9999 -9999 -9999 -9999 -9999
-9999 -9999 -9999 -9999 -9999 -9999 -9999 -9999 -9999 -9999 2.91816008090973 2.67058807611465 3.63649141788483 3.45127129554749 3.87476491928101 3.07960796356201 2.04833400249481 1.82489258050919 1.74397051334381 1.7088907957077 1.66752898693085 1.58298969268799 1.56671100854874 1.77596694231033 1.74133282899857 1.30378496646881 1.0468282699585 0.829258471727371 2.13649123907089 6.40590906143188 3.87677335739136 2.70256268978119 2.26446443796158 2.23016846179962 2.18432182073593 2.36605650186539 2.77112317085266 3.3003705739975 14.9101309776306 37.7231683731079 2.25784465670586 3.58589708805084 4.9780495762825 10.4490720033646 11.512112476872 -9999 -9999 -9999 -9999 -9999 -9999 -9999 9.18294731654772 15.4986033439636 20.2990565299988 11.7225261926651 10.8786277770996 -9999 -9999 -9999 -9999 -9999
-9999 -9999 -9999 -9999 -9999 -9999 -9999 -9999 -9999 4.3704868555069 2.85626399517059 2.71141201257706 2.69690841436386 2.4010117650032 2.46252143383026 2.57608044147491 1.96162569522858 1.7431349158287 1.74959474802017 1.72046703100204 1.69952702522278 1.95359319448471 1.9312709569931 1.79040366411209 1.88760226964951 1.48223403096199 1.08245775103569 0.833659529685974 0.818688780069351 15.5506896972656 16.5907473564148 5.43671786785126 3.721604347229 2.74361175298691 2.00057691335678 2.6341432929039 3.99637806415558 5.55096316337585 14.0585432052612 28.476731300354 40.4520578384399 11.4070580005646 11.9108240604401 4.58395962417126 16.0569197107287 33.0447750091553 -9999 -9999 -9999 17.5097966194153 18.0530562400818 17.2434754371643 19.9584560394287 30.1269750595093 17.2468371391296 14.7479753494263 16.3627038178621 -9999 -9999 -9999 -9999 -9999
-9999 -9999 -9999 -9999 -9999 -9999 -9999 -9999 -9999 -9999 2.96337157487869 2.62065750360489 2.66974657773972 2.71078956127167 2.69814741611481 2.47052782773972 2.25073653459549 1.99972951412201 1.80967050790787 1.81308299303055 1.72952181100845 1.6382662653923 1.95263922214508 1.7873729467392 1.7974237203598 1.16724970936775 0.941423982381821 0.928220272064209 1.4213602244854 7.79127645492554 28.3440971374512 17.186164855957 9.11254477500916 2.96529078483582 0.858206212520599 1.18981727957726 2.02651351690292 4.27341663837433 8.43799209594727 19.5623359680176 21.9239044189453 17.2809119224548 23.6382250785828 7.75966729223728 7.93061751705929 -9999 -9999 -9999 -9999 -9999 18.332631111145 16.6552047729492 11.5548799037933 11.670666217804 14.3559240818024 -9999 -9999 -9999 -9999 -9999 -9999 -9999
-9999 -9999 -9999 -9999 -9999 -9999 -9999 -9999 -9999 3.67937564849854 2.7223761677742 2.57179194688797 2.50237423181534 2.34922724962234 2.36559069156647 2.37284177541733 2.09711855649948 2.26428383588791 2.07573366165161 1.88102102279663 1.82457000017166 1.84431678056717 1.79830956459045 1.37251871824265 1.1912234723568 0.865851759910583 0.84893998503685 0.81758925318718 0.764142751693726 3.37127244472504 16.5367755889893 17.6621890068054 10.9312512874603 1.9819028377533 0.903880476951599 0.997872769832611 1.74610805511475 4.34999191761017 5.9574898481369 7.65166640281677 7.66567325592041 12.7893176078796 6.06790745258331 6.36914061111154 3.86466658115387 -9999 -9999 -9999 -9999 -9999 11.9627314209938 14.4524703025818 18.0056864619255 13.9997912340386 -9999 -9999 -9999 -9999 -9999 -9999 -9999 -9999
-9999 -9999 -9999 -9999 -9999 -9999 -9999 -9999 -9999 3.14994299411774 2.97380483150482 2.78012180328369 2.59549570083618 2.34214049577713 2.22652047872543 2.26037031412125 2.08737301826477 2.29178327322006 2.21819543838501 2.10218918323517 1.89854782819748 1.95283126831055 1.81176227331161 1.00513878464699 0.783181518316269 0.743604764342308 0.754230737686157 0.707867234945297 0.916677743196487 3.60519683361053 10.4293620586395 9.05911874771118 7.5218166410923 5.48526754975319 1.69814318418503 1.70599794387817 3.57705509662628 4.69882786273956 4.87680065631866 5.12848341464996 4.97049522399902 4.98061001300812 4.72299706935883 8.90014661342195 3.86466693878174 -9999 -9999 -9999 -9999 12.1949715614319 -9999 -9999 -9999 -9999 -9999 -9999 -9999 -9999 -9999 -9999 -9999 -9999
-9999 -9999 -9999 -9999 -9999 -9999 -9999 -9999 -9999 3.11599338054657 3.07285130023956 2.96438616514206 2.65036207437515 2.43663597106934 2.4130185842514 2.35935294628143 2.08845680952072 1.84117430448532 2.22224092483521 2.25096970796585 2.18623048067093 1.95986330509186 1.55579853057861 0.83701953291893 1.40928599238396 1.69948732852936 1.52168101072311 3.11472916603088 4.49607968330383 12.0644931793213 14.7603521347046 11.3383083343506 8.3206787109375 5.83103942871094 3.43383747339249 1.79168325662613 3.27142417430878 2.97783976793289 2.88089919090271 3.01199769973755 3.1474335193634 3.79162359237671 7.82946578637877 -9999 -9999 -9999 -9999 -9999 -9999 -9999 -9999 -9999 -9999 -9999 -9999 -9999 -9999 -9999 -9999 -9999 -9999 -9999
-9999 -9999 -9999 -9999 -9999 -9999 -9999 -9999 23.2521653039115 2.96144700050354 2.9104882478714 2.89195954799652 2.70281392335892 2.1005265712738 2.62996803224087 2.20424473285675 1.78865253925323 1.3622077703476 1.45557224750519 2.06559526920319 1.89619946479797 1.64247447252274 0.681093022227287 1.4490667283535 4.53396606445312 7.81704211235046 9.33513021469116 10.572594165802 9.48783373832703 12.54376745224 10.7864978313446 7.83297872543335 4.84204423427582 3.77536332607269 3.6586629152298 3.17172753810883 2.50537580251694 2.55067348480225 2.96179872751236 3.0255571603775 3.52988696098328 7.76721324686144 12.947351570589 -9999 -9999 -9999 -9999 -9999 -9999 -9999 -9999 -9999 -9999 -9999 -9999 -9999 -9999 -9999 -9999 -9999 -9999 -9999
-9999 -9999 -9999 -9999 -9999 -9999 -9999 3.28386068344116 3.21727073192596 3.15410184860229 2.95711648464203 3.14912259578705 3.02675843238831 2.50261205434799 2.98608219623566 3.20523583889008 1.43775978684425 1.31469601392746 1.03469771146774 1.47428020834923 1.22837626934052 1.04539123177528 0.811820268630981 1.55406224727631 5.63125061988831 12.6617760658264 17.4708094596863 16.3803448677063 15.7981595993042 5.81295159459114 15.8478713035583 10.2956392765045 7.00326061248779 6.13218784332275 4.03633189201355 3.68065416812897 3.8159476518631 4.41922867298126 4.68188095092773 3.74410504102707 18.9881596281691 5.69786846637726 3.25656187534332 -9999 -9999 -9999 -9999 -9999 -9999 -9999 -9999 -9999 -9999 -9999 -9999 -9999 -9999 -9999 -9999 -9999 -9999 -9999
-9999 -9999 -9999 -9999 -9999 -9999 4.84258297511509 3.65946686267853 3.38477468490601 2.93147993087769 2.72206431627274 2.68910032510757 2.58597975969315 2.4220597743988 1.75980144739151 1.63673168420792 1.31829902529716 0.856097280979156 0.874350786209106 1.20499795675278 1.38358953595161 1.37201249599457 1.81886404752731 5.76011109352112 17.6350221633911 19.5393004417419 30.0498819351196 3.44772255420685 5.93179714679718 7.32689273357391 7.3302338719368 5.79173219203949 4.0811625123024 4.93573200702667 4.37331283092499 4.26355111598969 3.39940130710602 3.37505400180817 5.43100941181183 -9999 -9999 -9999 -9999 -9999 -9999 -9999 -9999 -9999 -9999 -9999 -9999 -9999 -9999 -9999 -9999 -9999 -9999 -9999 -9999 -9999 -9999 -9999
-9999 -9999 -9999 -9999 3.58357447385788 3.9897426366806 3.70110762119293 3.51335334777832 2.8731164932251 2.32226318120956 1.95545625686646 2.13976871967316 1.63576573133469 1.95151716470718 1.52390992641449 1.21061629056931 1.14268201589584 0.668923482298851 0.77778822183609 1.02181872725487 1.4003369808197 3.33712041378021 4.86717367172241 7.12802410125732 10.7231068611145 4.61935244500637 4.10034571588039 55.8788795471191 3.86848765611649 4.00436612963676 5.07517477869987 4.51373228430748 4.30482557415962 3.42958348989487 4.47514665126801 4.25745159387589 3.67505049705505 4.72674504746782 -9999 -9999 -9999 -9999 -9999 -9999 -9999 -9999 -9999 -9999 -9999 -9999 -9999 -9999 -9999 -9999 -9999 -9999 -9999 -9999 -9999 -9999 -9999 -9999
-9999 -9999 -9999 -9999 4.19183127880097 4.50263699463436 3.71931838989258 3.36391568183899 2.28081750869751 1.93617975711823 1.72377455234528 1.8330591917038 1.69969725608826 1.4850150346756 1.88493829965591 2.6996174454689 1.70248872041702 0.583586230874062 0.59339927136898 0.73785375058651 1.07743129134178 4.89524710178375 5.7503245845437 6.88470733165741 6.98644843697548 5.10150700807571 4.3530658185482 3.85905481874943 3.43938633799553 3.23882621526718 2.91496905684471 3.31552943587303 3.48633831739426 6.60320091247559 3.91253328323364 2.99167191982269 8.51545357704163 -9999 -9999 -9999 -9999 -9999 -9999 -9999 -9999 -9999 -9999 -9999 -9999 -9999 -9999 -9999 -9999 -9999 -9999 -9999 -9999 -9999 -9999 -9999 -9999 -9999
-9999 53.9140483813579 3.98018382057067 4.04632120473044 4.05162017686026 3.24338185787201 2.97364497184753 2.82593017816544 2.4644370675087 1.97513991594315 1.83260768651962 1.73864328861237 1.89287102222443 2.03351479768753 2.22150671482086 1.56751191616058 0.675729766488075 0.611175745725632 0.595867484807968 0.840476274490356 1.2419647872448 4.1793075799942 5.08252429962158 8.22892946004868 6.98329219222069 5.07208067178726 3.96906785666943 3.76859530806541 42.8486652374268 13.7925796508789 2.76576671004295 2.77786311507225 3.44477963447571 3.19506132602692 14.4611859083176 48.6796902521797 -9999 -9999 -9999 -9999 -9999 -9999 -9999 -9999 -9999 -9999 -9999 -9999 -9999 -9999 -9999 -9999 -9999 -9999 -9999 -9999 -9999 -9999 -9999 -9999 -9999 -9999
4.73128065642189 4.75898960658482 4.34876663344247 3.91063034534454 3.46414875984192 2.93159025907516 2.31599467992783 2.95513129234314 2.28597450256348 2.10600078105927 1.75478768348694 1.28030624985695 1.72961246967316 2.50020682811737 2.16887927055359 1.25004521012306 0.788326531648636 0.698929488658905 0.873708754777908 1.03697401285172 1.42859396338463 1.69919317960739 1.83831381797791 1.25318473577499 6.39857563376427 4.73758453130722 4.53675927221775 5.2047758102417 27.6872978210449 7.82653498649597 5.55248093605042 4.35530251264572 4.81942391395569 -9999 -9999 -9999 -9999 -9999 -9999 -9999 -9999 -9999 -9999 -9999 -9999 -9999 -9999 -9999 -9999 -9999 -9999 -9999 -9999 -9999 -9999 -9999 -9999 -9999 -9999 -9999 -9999 -9999
4.44207934772267 3.62439930438995 4.08815324306488 3.53301894664764 2.75611728429794 2.94063001871109 3.04062366485596 1.9491959810257 1.95775043964386 1.55764728784561 1.4195947945118 1.28607147932053 2.33840471506119 2.09734046459198 1.57288205623627 1.50670355558395 0.778833746910095 0.760909527540207 0.833987206220627 0.815610766410828 1.17363229393959 1.78357726335526 3.09530246257782 4.78675067424774 2.58973717689514 5.87540245056152 5.97498214244843 4.99755585193634 7.30132341384888 6.41150665283203 4.92609214782715 4.99659830331802 5.66006398200989 4.49212382389949 5.375299651744 7.41984764373664 -9999 -9999 -9999 -9999 -9999 -9999 -9999 -9999 -9999 -9999 -9999 -9999 -9999 -9999 -9999 -9999 -9999 -9999 -9999 -9999 -9999 -9999 -9999 -9999 -9999 -9999
4.22700297832489 3.93285298347473 3.28962957859039 3.33835065364838 3.63342440128326 2.92271554470062 2.06430155038834 1.6200698018074 1.4981452524662 1.47898954153061 1.38229125738144 1.1537152826786 2.10784041881561 1.8578422665596 1.67807024717331 1.26957374811172 1.16141098737717 1.41576826572418 1.21428528428078 1.11484345793724 1.25903096795082 1.79193073511124 1.88963323831558 2.22917550802231 7.59910726547241 4.86004418134689 3.3518385887146 3.99519681930542 5.13601022958755 5.09357768297195 5.04462785656388 -9999 -9999 -9999 -9999 -9999 -9999 -9999 -9999 -9999 -9999 -9999 -9999 -9999 -9999 -9999 -9999 -9999 -9999 -9999 -9999 -9999 -9999 -9999 -9999 -9999 -9999 -9999 -9999 -9999 -9999 -9999
4.44638693332672 4.13285100460052 3.9114156961441 3.67464315891266 2.94639980792999 2.33151304721832 2.63456922769547 1.83160275220871 1.75443828105927 1.57472991943359 0.921830266714096 1.64832758903503 2.44368678331375 1.86975824832916 1.76816028356552 1.32047626376152 1.77834516763687 1.86148649454117 1.3189289867878 1.45340171456337 1.51668977737427 1.6855012178421 2.12818944454193 2.46130353212357 4.58983647823334 4.3663991689682 3.68083333969116 3.35998892784119 5.83151531219482 4.64312481880188 4.4290936589241 6.08067696435111 -9999 -9999 -9999 -9999 -9999 -9999 51.5212464724014 12.6942715644836 -9999 -9999 -9999 -9999 -9999 -9999 -9999 -9999 -9999 -9999 -9999 -9999 -9999 -9999 -9999 -9999 -9999 -9999 -9999 -9999 -9999 -9999
9.06086397171021 7.38465101378305 10.3065984249115 5.42915554046631 4.77668286859989 4.06248240172863 3.01752632004874 3.03192758560181 2.09529304504395 1.64007532596588 0.82787024974823 2.26190257072449 2.00384026765823 2.23823779821396 1.66638153791428 1.7852355837822 1.88941955566406 1.47554022073746 1.80524092912674 2.61649346351624 2.47188752889633 2.44688254594803 2.68268626928329 4.32430422306061 6.32282423973083 5.75231695175171 3.09497272968292 3.39267606139183 3.82189064025879 4.58706682920456 4.63399822085443 3.42093944549561 -9999 -9999 -9999 -9999 -9999 -9999 -9999 -9999 -9999 -9999 -9999 -9999 -9999 -9999 -9999 -9999 -9999 -9999 -9999 -9999 -9999 -9999 -9999 -9999 -9999 -9999 -9999 -9999 -9999 -9999
-9999 -9999 -9999 -9999 -9999 5.03408458516314 4.4996121270316 2.66742306947708 1.78650677204132 1.37445598840714 0.940117478370667 1.99027580022812 1.83569329977036 2.1285383105278 1.90198802947998 1.51307326555252 1.95102381706238 2.35930126905441 3.19885504245758 2.70790797472 3.32940065860748 3.82088255882263 3.78994274139404 3.68483412265778 3.70073945705707 5.82481290400028 -9999 -9999 -9999 -9999 -9999 -9999 -9999 -9999 -9999 -9999 -9999 -9999 -9999 -9999 -9999 -9999 -9999 -9999 -9999 -9999 -9999 -9999 -9999 -9999 -9999 -9999 -9999 -9999 -9999 -9999 -9999 -9999 -9999 -9999 -9999 -9999
-9999 -9999 -9999 -9999 -9999 -9999 3.82203447818756 2.28869408369064 2.18721753358841 4.27257442474365 4.11963549256325 1.63558119535446 1.93361020088196 1.80080473423004 1.97101432085037 1.6547024846077 1.71326333284378 2.58860546350479 3.49312591552734 7.90183594822884 9.44287365674973 10.0851803719997 9.6448370218277 3.62524261194117 -9999 -9999 -9999 -9999 -9999 -9999 -9999 -9999 -9999 -9999 -9999 -9999 -9999 -9999 -9999 -9999 -9999 -9999 -9999 -9999 -9999 -9999 -9999 -9999 -9999 -9999 -9999 -9999 -9999 -9999 -9999 -9999 -9999 -9999 -9999 -9999 -9999 -9999
