EcologicalScience/Bass/data/rs_data_bass/chl_400.asc
NCOLS 226 
NROWS 124 
XLLCORNER -9.41648524995501 
YLLCORNER 47.587301625531 
CELLSIZE 0.0833 
NODATA_value -9999 
[rows 54 to 80 of 124, columns 124 to 185 of 226]
3.37101531028748 2.78797727823257 1.89099758863449 1.86211574077606 1.88303554058075 1.7996152639389 1.56923317909241 1.25877302885056 1.31572499871254 1.29765602946281 1.22989350557327 1.22366997599602 1.42163246870041 1.32908552885056 1.26949426531792 1.51529628038406 1.48784324526787 1.46303620934486 1.60257142782211 1.64867627620697 1.77177894115448 1.84688258171082 1.89175647497177 2.00295066833496 2.06621325016022 2.11445331573486 2.11034327745438 1.95130491256714 2.09999316930771 2.02448326349258 2.0171976685524 2.02967476844788 2.01099067926407 1.96789652109146 1.80459004640579 1.69732350111008 1.6869233250618 1.66201794147491 1.29995101690292 1.13865977525711 1.00186729431152 1.01463970541954 1.013432264328 1.27394324541092 1.58219093084335 1.71786600351334 1.82043671607971 1.78197598457336 2.5142902135849 2.89693433046341 2.5909897685051 4.75957210063934 4.47533547878265 4.65514433383942 6.09042692184448 5.64605104923248 7.46067094802856 7.89646196365356 7.65932417660952 10.14231928518 -9999 -9999
3.57522904872894 3.45387375354767 2.45996850728989 2.23682624101639 2.2394700050354 2.46698480844498 2.22678297758102 1.84971678256989 1.42865851521492 1.22674798965454 1.157556027174 1.12119001150131 1.69610846042633 1.41389626264572 1.40721827745438 1.48687425255775 1.62139195203781 1.72834503650665 1.68022727966309 1.82256978750229 1.85559153556824 1.85272282361984 1.94661158323288 2.0342168211937 2.03342700004578 2.03846633434296 2.0310532450676 1.82205444574356 1.76177322864532 1.93279051780701 1.89668923616409 1.83594292402267 1.79413282871246 1.59527242183685 1.45850247144699 1.36875227093697 1.31036925315857 1.25829228758812 1.16407871246338 1.22552552819252 1.13595673441887 1.06814101338387 1.27107524871826 1.56872552633286 1.9163339138031 2.068503677845 2.24285405874252 2.35598695278168 2.68127024173737 3.27915000915527 3.80968415737152 4.2173513174057 4.15919852256775 5.013068318367 5.37328040599823 19.8188200129403 10.5720698833466 -9999 -9999 -9999 -9999 -9999
3.10205090045929 3.22363936901093 3.25551152229309 2.85478270053864 2.79227095842361 2.77386224269867 2.5215607881546 1.88458871841431 1.55797648429871 1.39444354176521 1.23637872934341 1.37031823396683 1.86060601472855 1.79517906904221 1.8186149597168 1.61555099487305 1.70648181438446 1.83825069665909 1.8298664689064 1.85751074552536 1.97487527132034 1.98827254772186 1.9716562628746 1.9619482755661 2.05618572235107 1.96872746944427 2.02328556776047 1.64992421865463 1.59454876184464 1.8289350271225 1.81067401170731 1.58286380767822 1.42569226026535 1.22800648212433 1.12966427206993 1.16220447421074 1.15679696202278 0.876738756895065 0.849200248718262 1.03323903679848 1.14378520846367 1.19129553437233 1.54542142152786 1.86228078603745 2.19904947280884 2.68020451068878 2.65559631586075 2.98507350683212 3.56432032585144 3.93111455440521 3.73679172992706 4.52561402320862 9.05408978462219 5.88429057598114 -9999 -9999 -9999 -9999 -9999 -9999 -9999 -9999
3.89736306667328 3.93603909015656 3.75403261184692 3.3701308965683 3.42006361484528 3.15087461471558 2.70514279603958 2.2460618019104 2.08205616474152 1.77638018131256 1.6003845334053 2.01064270734787 2.27714771032333 2.20128375291824 1.96855795383453 2.1524024605751 1.96117043495178 1.90828049182892 1.94049900770187 1.93892329931259 1.91330391168594 1.9186635017395 1.99371081590652 1.91802674531937 1.90638381242752 1.92023777961731 1.83039593696594 1.62410402297974 1.4934149980545 1.55939394235611 1.53857856988907 1.29646646976471 1.0916984975338 1.07232454419136 1.01838898658752 1.04835972189903 0.976272761821747 0.873089969158173 0.825366765260696 1.00367626547813 1.22175300121307 1.35375076532364 1.47457498311996 1.77887696027756 2.24014502763748 2.92694252729416 3.89608162641525 7.24318736440995 4.43663620948792 5.35341882705688 5.67067801952362 5.89616560935974 9.66249990463257 -9999 -9999 -9999 -9999 -9999 -9999 -9999 -9999 -9999
8.15643453598022 5.77950239181519 5.02204191684723 6.23014211654663 5.62733244895935 4.64245355129242 3.27181649208069 2.98950380086899 2.70219147205353 2.33030408620834 1.9653285741806 2.31904721260071 2.28685122728348 2.33294481039047 2.38996428251266 1.99714279174805 2.06478148698807 1.88916671276093 1.86507976055145 1.83657896518707 1.8672668337822 1.9251052737236 1.93632155656815 1.98858833312988 1.8239654302597 1.7225421667099 1.60081726312637 1.53932923078537 1.47578322887421 1.38678753376007 1.38205575942993 1.20461547374725 1.01538750529289 0.984388500452042 1.04684329032898 1.18589696288109 0.967708468437195 0.922220259904861 0.918924003839493 1.18208554387093 1.34637898206711 1.4658884704113 1.59357833862305 2.10080105066299 2.7844403386116 3.82573162078857 8.12951813425337 5.92336785793304 5.23722445964813 5.48834609985352 5.32478392124176 7.00347876548767 69.0677529144287 -9999 -9999 -9999 -9999 -9999 -9999 -9999 -9999 -9999
7.65160987879101 8.26158428192139 8.18176102638245 5.8416645526886 4.14522671699524 5.02255117893219 7.04495930671692 6.73048710823059 4.92175269126892 3.72913062572479 2.50075346231461 2.14056068658829 2.46296167373657 2.36209791898727 2.23417800664902 2.10234367847443 1.84495657682419 1.9299607872963 1.88488948345184 1.81061697006226 1.79047358036041 1.83443766832352 1.88791054487228 1.90139544010162 1.88060402870178 1.75951194763184 1.67201918363571 1.58546626567841 1.53402525186539 1.4356372654438 1.36882728338242 1.14773699641228 1.17420449852943 1.20816975831985 1.20982271432877 1.18862172961235 1.04697149991989 0.89926278591156 0.959781736135483 1.07841825485229 1.35207751393318 1.45629903674126 1.66970551013947 2.35325253009796 3.1393096446991 -9999 6.43687388726643 5.13809180259705 5.79709196090698 5.96669983863831 51.4604429626465 51.7194904244464 55.7610557556152 64.7121153259277 -9999 -9999 -9999 -9999 -9999 -9999 -9999 -9999
-9999 -9999 -9999 -9999 -9999 2.28387522697449 6.60376667976379 6.15848422050476 7.16337060928345 6.02252840995789 4.45145094394684 2.73637121915817 2.61675667762756 2.61080092191696 2.29346930980682 2.18493443727493 1.84221303462982 1.76222097873688 1.72694706916809 1.77388197183609 1.69146752357483 1.71815246343613 1.75705575942993 1.81245678663254 1.86151421070099 1.66313481330872 1.54217702150345 1.51309883594513 1.45919170975685 1.40920427441597 1.35061275959015 1.44131174683571 1.32414677739143 1.39675953984261 1.40129622817039 1.11823350191116 1.17323550581932 1.17457875609398 1.18428522348404 1.20353472232819 1.47409048676491 1.52734798192978 1.79286378622055 3.09572982788086 3.52576339244843 13.124698318324 -9999 -9999 -9999 -9999 48.8891952896118 45.3328831672668 30.0925029049749 58.562910885281 -9999 -9999 -9999 -9999 -9999 -9999 -9999 -9999
-9999 -9999 -9999 -9999 -9999 -9999 -9999 -9999 8.44738984107971 4.87587296962738 8.18906879425049 4.35273814201355 2.85072523355484 2.90353274345398 2.76747983694077 2.14999508857727 1.86963593959808 1.66228133440018 1.63050520420074 1.66841697692871 1.62432378530502 1.54383158683777 1.5860903263092 1.66443604230881 1.646340072155 1.65585833787918 1.57031017541885 1.37674051523209 1.37414100766182 1.38514950871468 0.99730919940131 0.909548360109329 1.34252178668976 1.29980027675629 1.26287850737572 1.28866946697235 1.10950049757957 0.947127789258957 1.09179523587227 1.71591299772263 1.61782121658325 1.61888694763184 2.01428246498108 4.09840571880341 15.0101045966148 29.0682649612427 -9999 -9999 -9999 -9999 17.548882484436 24.6368258549617 51.856737613678 37.9908256530762 28.4659134864807 35.3222945286677 -9999 -9999 -9999 -9999 -9999 -9999
-9999 -9999 -9999 -9999 -9999 -9999 -9999 -9999 -9999 -9999 3.78950607776642 7.08041667938232 4.35571360588074 3.03359162807465 3.29509484767914 2.25492596626282 2.11124324798584 1.77526044845581 1.60145026445389 1.5295005440712 1.5882750749588 1.57043248414993 1.48157778382301 1.53554552793503 1.52201700210571 1.47762975096703 1.4278259575367 1.28875726461411 1.37134426832199 1.07416036299297 0.763475829362869 1.35433647036552 1.17010349035263 1.1893807053566 1.36637851595879 1.23232197761536 0.909999758005142 0.773591995239258 1.17420825362206 1.7514660358429 1.87552356719971 2.03861099481583 2.31640416383743 4.32507061958313 11.2475747674414 -9999 -9999 -9999 -9999 -9999 -9999 -9999 9.10253432393074 44.6322641372681 28.0477323532104 41.6790693283081 10.8786277770996 -9999 -9999 -9999 -9999 -9999
-9999 -9999 -9999 -9999 -9999 -9999 -9999 -9999 -9999 4.3704868555069 3.97402811050415 4.00416970252991 3.84093368053436 3.1077082157135 3.18273746967316 2.36944127082825 2.0427787899971 1.86568880081177 1.69984567165375 1.67854803800583 1.60310769081116 1.53256952762604 1.51155602931976 1.49921321868896 1.48510649800301 1.34033399820328 1.27301171422005 1.28151226043701 1.20531222224236 1.22020795941353 1.21976548433304 1.29347848892212 1.18236297369003 1.28507629036903 1.39141353964806 1.10869127511978 0.851396977901459 1.09604778885841 1.42909500002861 1.72168493270874 2.02122902870178 2.48047417402267 3.37923896312714 5.16714441776276 15.1940859376806 33.0447750091553 -9999 -9999 -9999 15.3149271011353 9.21330499649048 8.93697381019592 9.11931324005127 18.032784819603 27.8039371172587 33.7680416107178 15.7193248890064 -9999 -9999 -9999 -9999 -9999
-9999 -9999 -9999 -9999 -9999 -9999 -9999 -9999 -9999 -9999 4.37417113780975 4.11922109127045 3.68101572990417 2.83007705211639 3.07920134067535 2.26507419347763 1.87372881174088 1.75483417510986 1.73194205760956 1.54001998901367 1.47741302847862 1.35441371798515 1.33976626396179 1.41744071245193 1.38814195990562 1.18020674586296 1.08731478452682 1.02182176709175 1.06194975972176 1.08120748400688 1.09006950259209 0.998975247144699 1.02263250946999 1.29447448253632 1.29914250969887 1.07545199990273 0.942842960357666 1.36449149250984 1.51152008771896 1.71291750669479 1.92189592123032 2.16621297597885 4.28366017341614 6.15354466438293 7.82785276706936 -9999 -9999 -9999 -9999 -9999 9.61805105209351 10.2790417671204 10.2337117195129 9.27438640594482 8.4109160900116 -9999 -9999 -9999 -9999 -9999 -9999 -9999
-9999 -9999 -9999 -9999 -9999 -9999 -9999 -9999 -9999 3.67937564849854 4.16519236564636 5.05690348148346 6.67040920257568 3.52694177627563 2.54604667425156 1.92472422122955 1.75601094961166 1.70133143663406 1.62172347307205 1.5559469461441 1.32010728120804 1.08698397874832 1.13354703783989 1.2846862077713 1.23419246077538 0.93271878361702 0.748855501413345 0.763951510190964 0.845793753862381 0.870344281196594 0.850849539041519 0.930356293916702 1.16083046793938 1.14064425230026 1.1453700363636 1.31339550018311 1.52755343914032 1.47894975543022 1.48522871732712 1.81504583358765 2.19987595081329 3.29537415504456 3.99957132339478 6.39138025913424 3.86466658115387 -9999 -9999 -9999 -9999 -9999 12.2204151749611 11.2184665203094 11.7008771896362 18.9949148089387 -9999 -9999 -9999 -9999 -9999 -9999 -9999 -9999
-9999 -9999 -9999 -9999 -9999 -9999 -9999 -9999 -9999 5.29418385028839 4.77881026268005 5.63004076480865 4.22285556793213 2.50323450565338 1.94343674182892 1.75009649991989 1.56682795286179 1.61135852336884 1.76192325353622 1.42579874396324 1.11961278319359 0.98809951543808 1.03528422117233 1.14424279332161 1.20995700359344 0.908466786146164 0.79050225019455 0.807258009910583 0.858570724725723 0.830218523740768 0.805039465427399 0.988668769598007 1.1564347743988 1.09047827124596 1.1755912899971 1.47260329127312 1.88829517364502 1.72919923067093 1.85096704959869 2.62852799892426 3.23064208030701 5.72027993202209 6.40016341209412 8.68012936543493 3.86466693878174 -9999 -9999 -9999 -9999 12.1949715614319 -9999 -9999 -9999 -9999 -9999 -9999 -9999 -9999 -9999 -9999 -9999 -9999
-9999 -9999 -9999 -9999 -9999 -9999 -9999 -9999 -9999 4.99886012077332 4.97981321811676 5.69710206985474 2.96594774723053 2.24884057044983 1.76787078380585 1.65078002214432 1.43236649036407 1.33350679278374 2.23103767633438 1.29279300570488 0.995703756809235 0.967046231031418 1.08162599802017 1.11609148979187 1.25859600305557 1.07784149050713 0.832320749759674 0.956215471029282 0.966490477323532 0.962383478879929 0.956495225429535 1.04292377829552 1.16326278448105 1.26210978627205 1.34093624353409 1.53288066387177 1.84548604488373 2.22849082946777 2.76063519716263 4.31779789924622 7.85859489440918 8.13287115097046 8.15189050133549 -9999 -9999 -9999 -9999 -9999 -9999 -9999 -9999 -9999 -9999 -9999 -9999 -9999 -9999 -9999 -9999 -9999 -9999 -9999
-9999 -9999 -9999 -9999 -9999 -9999 -9999 -9999 19.8065009798322 3.3087043762207 2.61766505241394 3.0618292093277 2.48055517673492 1.99477046728134 1.75971007347107 1.62412279844284 1.43176648020744 1.335782289505 1.21425148844719 1.12546500563622 1.0747694671154 1.13542950153351 1.24205929040909 1.37983497977257 1.54079174995422 1.34293949604034 0.973427206277847 1.0421339571476 1.16597172617912 1.08091878890991 1.1261699795723 1.18365973234177 1.29502201080322 1.36658325791359 1.46130895614624 1.71299403905869 2.44511926174164 2.77392679452896 3.93625581264496 4.90443813800812 7.14614582061768 8.50037711174762 13.439582158284 -9999 -9999 -9999 -9999 -9999 -9999 -9999 -9999 -9999 -9999 -9999 -9999 -9999 -9999 -9999 -9999 -9999 -9999 -9999
-9999 -9999 -9999 -9999 -9999 -9999 -9999 3.28386068344116 3.64922028779984 2.86057806015015 2.70551705360413 2.28195458650589 2.2315582036972 1.7515155673027 1.71106123924255 1.55214750766754 1.35404321551323 1.32582378387451 1.22010603547096 1.20882001519203 1.27897202968597 1.25143799185753 1.40859451889992 1.53054231405258 1.53778946399689 1.34231775999069 1.00901100039482 1.1620177924633 1.4108302295208 1.3208332657814 1.18534800410271 1.19182652235031 1.2159997522831 1.31753253936768 1.57886624336243 2.7189427614212 3.3777734041214 3.83542513847351 4.55201840400696 5.59045350551605 19.6630864693123 5.69786846637726 3.25656187534332 -9999 -9999 -9999 -9999 -9999 -9999 -9999 -9999 -9999 -9999 -9999 -9999 -9999 -9999 -9999 -9999 -9999 -9999 -9999
-9999 -9999 -9999 -9999 -9999 -9999 4.32487142086029 3.6011563539505 3.77546489238739 2.9555384516716 2.82562583684921 2.57664442062378 2.60486626625061 1.97469520568848 1.87331092357635 1.53946191072464 1.31232073903084 1.25166222453117 1.29835948348045 1.3919737637043 1.45461970567703 1.45387575030327 1.42503976821899 1.48843270540237 1.44090521335602 1.3939845263958 1.3060829937458 1.40701952576637 1.50571274757385 1.38883575797081 1.31770053505898 1.425562530756 1.52999693155289 1.69620752334595 1.97351557016373 3.36819899082184 3.72278559207916 3.95336866378784 4.67413187026978 -9999 -9999 -9999 -9999 -9999 -9999 -9999 -9999 -9999 -9999 -9999 -9999 -9999 -9999 -9999 -9999 -9999 -9999 -9999 -9999 -9999 -9999 -9999
-9999 -9999 -9999 -9999 4.10831487178802 3.66816830635071 3.64680969715118 3.59304285049438 2.89029979705811 2.65718847513199 2.46306145191193 2.48538154363632 2.5049421787262 1.9928594827652 1.75705057382584 1.47833472490311 1.27519351243973 1.29111224412918 1.40045249462128 1.42965146899223 1.47705379128456 1.44422999024391 1.50586277246475 1.62437546253204 1.83192533254623 1.84817183017731 1.6393409371376 1.52553141117096 1.51725751161575 1.53278392553329 1.93945795297623 2.24952757358551 2.46181118488312 2.75874227285385 3.01861953735352 3.39169728755951 5.12715017795563 4.29666590690613 -9999 -9999 -9999 -9999 -9999 -9999 -9999 -9999 -9999 -9999 -9999 -9999 -9999 -9999 -9999 -9999 -9999 -9999 -9999 -9999 -9999 -9999 -9999 -9999
-9999 -9999 -9999 -9999 4.05432236194611 3.49537038803101 3.59364759922028 3.42961192131042 2.77620005607605 2.59246641397476 2.27012103796005 2.20528131723404 2.07532203197479 1.95573896169662 1.56100577116013 1.23500248789787 1.1841284930706 1.26869174838066 1.33157998323441 1.31734800338745 1.34961301088333 1.40536496043205 1.62843525409698 1.86063677072525 2.08496922254562 1.91173499822617 1.69688558578491 1.62328201532364 1.59743016958237 1.9776765704155 2.50472098588943 2.70240676403046 2.92449527978897 3.16850638389587 4.39096355438232 8.22090339660645 32.8408184051514 -9999 -9999 -9999 -9999 -9999 -9999 -9999 -9999 -9999 -9999 -9999 -9999 -9999 -9999 -9999 -9999 -9999 -9999 -9999 -9999 -9999 -9999 -9999 -9999 -9999
-9999 56.5024165467843 3.16245523095131 3.40171730518341 3.9769538640976 3.62107408046722 3.16184484958649 3.08594405651093 2.7874710559845 2.52691876888275 2.26234871149063 2.06673449277878 1.77313506603241 1.45104146003723 1.34059426188469 1.24320977926254 1.24381649494171 1.30699646472931 1.3231372833252 1.4419110417366 1.50908017158508 1.66032153367996 1.8512812256813 1.99705427885056 2.00389569997787 1.84269672632217 1.73908281326294 1.79437208175659 1.84233891963959 2.4704715013504 2.81005883216858 3.45018839836121 3.62862825393677 4.0917352437973 3.17996512055397 45.77490124043 -9999 -9999 -9999 -9999 -9999 -9999 -9999 -9999 -9999 -9999 -9999 -9999 -9999 -9999 -9999 -9999 -9999 -9999 -9999 -9999 -9999 -9999 -9999 -9999 -9999 -9999
3.89702546596527 3.83451676368713 4.14825439453125 3.71457087993622 3.15798819065094 3.05580675601959 2.96550679206848 3.23331212997437 2.8399710059166 2.67436426877975 2.3109592795372 1.98487722873688 1.58853453397751 1.46884498000145 1.29380249977112 1.22495546936989 1.31796750426292 1.32103800773621 1.42602449655533 1.59914249181747 1.74624520540237 1.93466699123383 2.11453199386597 1.98217195272446 1.88198697566986 1.87371307611465 2.09397232532501 2.27381479740143 2.3957347869873 2.86850166320801 3.56685376167297 4.17135214805603 4.42146527767181 -9999 -9999 -9999 -9999 -9999 -9999 -9999 -9999 -9999 -9999 -9999 -9999 -9999 -9999 -9999 -9999 -9999 -9999 -9999 -9999 -9999 -9999 -9999 -9999 -9999 -9999 -9999 -9999 -9999
3.41316524147987 3.86318635940552 3.62729609012604 3.29209506511688 3.01166760921478 3.00482404232025 3.13914442062378 2.89558357000351 2.74251222610474 2.46316051483154 2.18449652194977 1.86132752895355 1.6348260641098 1.36880028247833 1.33029896020889 1.47573602199554 1.45806071162224 1.43940228223801 1.52191507816315 1.64850068092346 2.03218120336533 2.15674871206284 2.11793625354767 2.07523423433304 2.17266976833344 2.43503558635712 2.57499969005585 2.66990178823471 3.33748662471771 3.56499016284943 3.87670576572418 3.76996421813965 3.71104717254639 3.35344967475304 3.53887962486784 7.63015219298276 -9999 -9999 -9999 -9999 -9999 -9999 -9999 -9999 -9999 -9999 -9999 -9999 -9999 -9999 -9999 -9999 -9999 -9999 -9999 -9999 -9999 -9999 -9999 -9999 -9999 -9999
3.61763691902161 3.22479057312012 3.26047039031982 3.02518200874329 3.06592798233032 2.88405293226242 2.54204481840134 2.29594641923904 2.08593678474426 1.99775183200836 1.90105730295181 1.76849842071533 1.41368320584297 1.41968849301338 1.45927423238754 1.42952397465706 1.35860922932625 1.55470883846283 1.75510203838348 1.95058876276016 2.20951348543167 2.28613579273224 2.28067356348038 2.45751821994781 2.52606743574142 2.54170346260071 2.68863594532013 3.01552891731262 3.9507247209549 4.49511015415192 6.70350482030348 -9999 -9999 -9999 -9999 -9999 -9999 -9999 -9999 -9999 -9999 -9999 -9999 -9999 -9999 -9999 -9999 -9999 -9999 -9999 -9999 -9999 -9999 -9999 -9999 -9999 -9999 -9999 -9999 -9999 -9999 -9999
4.00290298461914 3.78414523601532 3.67764973640442 3.52719604969025 3.28538239002228 3.33930766582489 2.80731904506683 2.35712331533432 2.32751476764679 2.14623981714249 1.98246824741364 1.34567248821259 1.34876024723053 1.31943896412849 1.28290727734566 1.69862258434296 1.67933696508408 1.98896330595016 2.24898147583008 2.33987778425217 2.29223853349686 2.30413502454758 2.32333642244339 2.36581581830978 2.64827406406403 2.70393007993698 2.69234257936478 2.80429798364639 3.26951479911804 3.5286351442337 3.92923665046692 3.35174734696098 -9999 -9999 -9999 -9999 -9999 -9999 51.8319213206951 12.6942715644836 -9999 -9999 -9999 -9999 -9999 -9999 -9999 -9999 -9999 -9999 -9999 -9999 -9999 -9999 -9999 -9999 -9999 -9999 -9999 -9999 -9999 -9999
3.3993869304657 4.06736791133881 5.1411988735199 4.25704908370972 3.33994474411011 4.36542958872659 2.92177802324295 2.7004274725914 2.62910932302475 2.2542142868042 1.96786344051361 1.36209154129028 1.27855503559113 1.21397852897644 1.3637572824955 1.45549347996712 1.83096367120743 2.19938099384308 2.31451052427292 2.33647656440735 2.21376156806946 2.2156417965889 2.37091791629791 2.69772452116013 2.8330192565918 2.81212055683136 2.90419203042984 3.20704185962677 3.39244186878204 2.96219011545181 4.73437067453009 3.42093944549561 -9999 -9999 -9999 -9999 -9999 -9999 -9999 -9999 -9999 -9999 -9999 -9999 -9999 -9999 -9999 -9999 -9999 -9999 -9999 -9999 -9999 -9999 -9999 -9999 -9999 -9999 -9999 -9999 -9999 -9999
-9999 -9999 -9999 -9999 -9999 5.24938260425221 3.40085399150848 3.14418375492096 2.84621626138687 2.38447433710098 1.94699996709824 1.31067600846291 1.32956403493881 1.48804128170013 1.38476175069809 2.06319451332092 2.46026408672333 2.41336119174957 2.46577799320221 2.54243695735931 2.46131479740143 2.54794192314148 2.6542791724205 2.81697982549667 2.83877849578857 4.89467200040817 -9999 -9999 -9999 -9999 -9999 -9999 -9999 -9999 -9999 -9999 -9999 -9999 -9999 -9999 -9999 -9999 -9999 -9999 -9999 -9999 -9999 -9999 -9999 -9999 -9999 -9999 -9999 -9999 -9999 -9999 -9999 -9999 -9999 -9999 -9999 -9999
-9999 -9999 -9999 -9999 -9999 -9999 3.38506257534027 2.84709745645523 2.35928696393967 1.90006506443024 1.58358532190323 1.47242850065231 1.57398068904877 1.77436566352844 1.9680660367012 2.47305822372437 2.53131008148193 2.67159676551819 2.88029998540878 3.08607316017151 2.95734751224518 2.85661196708679 2.71102130413055 5.16502391773721 -9999 -9999 -9999 -9999 -9999 -9999 -9999 -9999 -9999 -9999 -9999 -9999 -9999 -9999 -9999 -9999 -9999 -9999 -9999 -9999 -9999 -9999 -9999 -9999 -9999 -9999 -9999 -9999 -9999 -9999 -9999 -9999 -9999 -9999 -9999 -9999 -9999 -9999
