EcologicalScience/Bass/data/rs_data_bass/chl_259.asc
NCOLS 226 
NROWS 124 
XLLCORNER -9.41648524995501 
YLLCORNER 47.587301625531 
CELLSIZE 0.0833 
NODATA_value -9999 
[rows 54 to 80 of 124, columns 0 to 61 of 226]
-9999 -9999 -9999 -9999 -9999 -9999 -9999 -9999 -9999 -9999 -9999 -9999 -9999 -9999 -9999 -9999 -9999 -9999 -9999 -9999 -9999 -9999 -9999 -9999 -9999 -9999 -9999 -9999 -9999 -9999 -9999 -9999 -9999 -9999 -9999 -9999 -9999 -9999 4.99770118064614 3.74515471458435 7.27720979601145 4.04317847639322 1.32819400727749 1.71963152289391 1.95453707660948 1.54205399751663 1.41366638615727 1.58643677830696 1.35491326451302 1.13173377513885 1.08807721734047 1.05340276658535 1.12244515120983 1.44423557817936 1.84667475521564 2.10274869203568 2.43462377786636 2.81518538296223 -9999 0.607058599591255 0.62790758907795 1.94746003461921
-9999 -9999 -9999 -9999 -9999 -9999 -9999 -9999 -9999 -9999 -9999 -9999 -9999 -9999 -9999 -9999 -9999 -9999 -9999 -9999 -9999 -9999 -9999 -9999 -9999 -9999 -9999 -9999 -9999 -9999 -9999 -9999 -9999 -9999 -9999 -9999 -9999 -9999 -9999 3.16430279016495 2.61582686305046 6.9855810329318 4.20085374265909 1.06770661175251 1.70747928321362 1.57691591978073 1.51476819813251 1.26959922909737 1.3170423656702 1.06188113987446 1.03965559601784 1.05168937146664 1.24614711105824 1.89847236871719 2.33011311292648 2.54057398438454 1.97425868836316 -9999 -9999 -9999 -9999 -9999
-9999 -9999 -9999 -9999 -9999 -9999 -9999 -9999 -9999 -9999 -9999 -9999 -9999 -9999 -9999 -9999 -9999 -9999 -9999 -9999 -9999 -9999 -9999 -9999 -9999 -9999 -9999 -9999 -9999 -9999 -9999 -9999 -9999 -9999 -9999 -9999 -9999 -9999 -9999 -9999 2.12344121932983 1.74265891313553 1.83414298295975 1.92237004637718 1.97459846735001 1.62977510690689 1.56890027225018 1.5496838092804 1.37866951525211 1.25167389214039 1.0583820194006 1.24331510066986 1.6054747402668 1.77081897854805 1.89650818705559 1.94756886363029 2.0969842672348 2.78907859325409 3.91373197237651 -9999 -9999 -9999
-9999 -9999 -9999 -9999 -9999 -9999 -9999 -9999 -9999 -9999 -9999 -9999 -9999 -9999 -9999 -9999 -9999 -9999 -9999 -9999 -9999 -9999 -9999 -9999 -9999 -9999 -9999 -9999 -9999 -9999 -9999 -9999 -9999 -9999 -9999 -9999 -9999 -9999 -9999 -9999 2.62780702114105 2.00293216109276 2.13542667031288 2.36125758290291 2.31783297657967 2.1690858900547 1.61744964122772 1.66510319709778 1.53876493871212 1.32625910639763 1.06823551654816 1.34132140874863 1.58557426929474 1.55252024531364 1.64964790642262 1.60218787193298 1.61433228850365 2.21189627051353 3.96832716464996 3.97370517253876 2.8580650945208 -9999
-9999 -9999 -9999 -9999 -9999 -9999 -9999 -9999 -9999 -9999 -9999 -9999 -9999 -9999 -9999 -9999 -9999 -9999 -9999 -9999 -9999 -9999 -9999 -9999 -9999 -9999 -9999 -9999 -9999 -9999 -9999 -9999 -9999 -9999 -9999 -9999 -9999 -9999 -9999 -9999 -9999 2.48202820122242 2.19168810546398 2.86363944411278 2.55573374032974 2.41430693864822 1.82836049795151 1.75746041536331 1.6523854136467 1.32026888430119 1.07523487508297 1.14985500276089 1.27915647625923 1.39021083712578 1.43514896929264 1.42016252875328 1.88512766361237 2.17097926139832 3.03268870711327 4.89966326951981 5.59837952256203 -9999
-9999 -9999 -9999 -9999 -9999 -9999 -9999 -9999 -9999 -9999 -9999 -9999 -9999 -9999 -9999 -9999 -9999 -9999 -9999 -9999 -9999 -9999 -9999 -9999 -9999 -9999 -9999 -9999 -9999 -9999 -9999 -9999 -9999 -9999 -9999 -9999 -9999 -9999 -9999 -9999 -9999 2.71593555808067 2.1614978313446 2.0931059718132 1.62677031755447 1.2898785173893 1.17829728126526 1.03004023432732 0.81616947054863 0.692492231726646 0.683018982410431 0.540706515312195 0.617289751768112 0.66957825422287 0.653318256139755 0.590871021151543 0.566403016448021 5.05411434173584 1.41326279640198 1.79038741913709 -9999 -9999
-9999 -9999 -9999 -9999 -9999 -9999 -9999 -9999 -9999 -9999 -9999 -9999 -9999 -9999 -9999 -9999 -9999 -9999 -9999 -9999 -9999 -9999 -9999 -9999 -9999 -9999 -9999 -9999 -9999 -9999 -9999 -9999 -9999 -9999 -9999 -9999 -9999 -9999 -9999 -9999 2.48880256712437 2.38141943514347 2.21105808019638 1.38121578097343 1.20840525627136 1.12415027618408 1.16307520866394 1.06461748480797 0.880885541439056 1.21622890233994 1.14689813554287 0.799794763326645 0.715399503707886 0.680775001645088 0.664872765541077 0.680769771337509 1.93476149439812 -9999 -9999 6.92574307322502 6.51538440585136 8.53126254677773
-9999 -9999 -9999 -9999 -9999 -9999 -9999 -9999 -9999 -9999 -9999 -9999 -9999 -9999 -9999 -9999 -9999 -9999 -9999 -9999 -9999 -9999 -9999 -9999 -9999 -9999 -9999 -9999 -9999 -9999 -9999 -9999 -9999 -9999 -9999 -9999 -9999 -9999 -9999 2.31341631710529 2.22320450842381 2.16796334087849 1.94174985587597 1.69601207971573 0.935415744781494 1.40895076096058 1.30202329158783 1.01759925484657 0.955539733171463 1.22767312824726 1.14664426445961 1.18989939987659 0.743484020233154 0.701068505644798 0.662264987826347 0.593620508909225 2.21360170841217 2.53969556093216 3.74143266677856 4.01497846841812 4.52163255214691 3.320965513587
-9999 -9999 -9999 -9999 -9999 -9999 -9999 -9999 -9999 -9999 -9999 -9999 -9999 -9999 -9999 -9999 -9999 -9999 -9999 -9999 -9999 -9999 -9999 -9999 -9999 -9999 -9999 -9999 -9999 -9999 -9999 -9999 -9999 -9999 -9999 -9999 -9999 -9999 -9999 2.81461954116821 2.08665293455124 1.81448037922382 1.61111721396446 1.43167948722839 1.40751077234745 1.4179845303297 0.956178724765778 0.927765727043152 0.876656234264374 0.768384754657745 0.780269980430603 1.19955486059189 1.26015861332417 0.894947290420532 0.83990478515625 0.852753728628159 1.77754238247871 2.12181597948074 2.56278678774834 1.26603296399117 1.07512128353119 0.984618723392487
-9999 -9999 -9999 -9999 -9999 -9999 -9999 -9999 -9999 -9999 -9999 -9999 -9999 -9999 -9999 -9999 -9999 -9999 -9999 -9999 -9999 -9999 -9999 -9999 -9999 -9999 -9999 -9999 -9999 -9999 -9999 -9999 -9999 -9999 -9999 -9999 -9999 -9999 3.39851161837578 2.88556681573391 2.08885806798935 1.1499255001545 1.07466897368431 1.11003524065018 1.11502647399902 0.976004987955093 0.890419542789459 0.858707964420319 0.781514972448349 0.729594737291336 1.09745854139328 1.09280928969383 0.856640964746475 0.816640466451645 0.852361500263214 0.948048770427704 0.923940718173981 0.852672010660172 0.81719845533371 1.04177927970886 1.15406852960587 1.37176796793938
-9999 -9999 -9999 -9999 -9999 -9999 -9999 -9999 -9999 -9999 -9999 -9999 -9999 -9999 -9999 -9999 -9999 -9999 -9999 -9999 -9999 -9999 -9999 -9999 -9999 -9999 -9999 -9999 -9999 -9999 -9999 -9999 -9999 -9999 -9999 -9999 -9999 -9999 3.26558724045753 2.80105313658714 0.841011732816696 1.187645226717 1.01674354076385 0.982302010059357 1.0684230029583 0.987526506185532 0.867651790380478 0.810260206460953 0.833157777786255 0.833889037370682 0.506493732333183 0.661557018756866 0.976392030715942 0.890157043933868 0.797625750303268 0.971098512411118 0.893774271011353 0.83662274479866 0.821817755699158 0.813498705625534 0.890296518802643 1.43209800124168
-9999 -9999 -9999 -9999 -9999 -9999 -9999 -9999 -9999 -9999 -9999 -9999 -9999 -9999 -9999 -9999 -9999 -9999 -9999 -9999 -9999 -9999 -9999 -9999 -9999 -9999 -9999 -9999 -9999 -9999 -9999 -9999 -9999 -9999 -9999 -9999 -9999 4.56192275945176 3.07245942950249 2.00311535596848 1.21921572089195 1.49649488925934 0.927524238824844 0.911202013492584 0.902655780315399 0.886575043201447 0.882567018270493 0.916911005973816 1.00479447841644 0.874563038349152 0.86649227142334 0.567386269569397 0.553176730871201 0.841062784194946 0.761543959379196 0.73785974085331 0.948275238275528 0.876027792692184 0.808404743671417 0.762002259492874 0.695222228765488 1.0957815349102
-9999 -9999 -9999 -9999 -9999 -9999 -9999 -9999 -9999 -9999 -9999 -9999 -9999 -9999 -9999 -9999 -9999 -9999 -9999 -9999 -9999 -9999 -9999 -9999 -9999 -9999 -9999 -9999 -9999 -9999 -9999 -9999 -9999 -9999 -9999 -9999 -9999 2.32129347324371 1.98401033878326 1.37611421942711 1.15536376833916 1.05815702676773 1.01972624659538 0.965589791536331 0.887886017560959 0.741488233208656 0.730702489614487 0.705387756228447 0.574834495782852 0.599313005805016 0.690530240535736 0.672639772295952 0.564211517572403 1.50162523984909 0.433568984270096 1.45184630155563 1.06499996781349 0.901166975498199 0.819659292697906 0.781442284584045 0.812984973192215 0.995250016450882
-9999 -9999 -9999 -9999 -9999 -9999 -9999 -9999 -9999 -9999 -9999 -9999 -9999 -9999 -9999 -9999 -9999 -9999 -9999 -9999 -9999 -9999 -9999 -9999 -9999 -9999 -9999 -9999 -9999 -9999 -9999 -9999 -9999 -9999 -9999 -9999 5.75588634610176 2.25492829084396 1.78709399700165 1.18301028013229 1.0006739795208 0.936245977878571 1.02852746844292 0.852390736341476 0.924702733755112 0.950204998254776 0.738416254520416 0.629354238510132 0.505337253212929 0.513720765709877 0.477824985980988 0.501637503504753 1.43773050606251 1.54792276024818 1.47513972222805 1.49568754434586 1.44521999359131 1.17418053746223 1.30352327227592 1.4693047106266 1.71915972232819 2.50143831968307
-9999 -9999 -9999 -9999 -9999 -9999 -9999 -9999 -9999 -9999 -9999 -9999 -9999 -9999 -9999 -9999 -9999 -9999 -9999 -9999 -9999 -9999 -9999 -9999 -9999 -9999 -9999 -9999 -9999 -9999 -9999 24.59850025177 1.23584231827408 -9999 2.10493344068527 2.5013143569231 2.2661906182766 1.68273670971394 1.33182978630066 1.06196549534798 0.971846222877502 1.00595998764038 0.95263347029686 1.06102949380875 0.866117209196091 0.786801785230637 0.795558750629425 0.650469750165939 0.648471012711525 1.18261840939522 1.26650400459766 1.37677989900112 1.53686517477036 1.58808606863022 1.32532498240471 1.34789997339249 1.50366371870041 2.16637051105499 1.72413682937622 2.00539058446884 3.15471017360687 3.50378322601318
-9999 -9999 -9999 -9999 -9999 -9999 -9999 -9999 -9999 -9999 -9999 -9999 -9999 -9999 -9999 -9999 -9999 -9999 -9999 -9999 -9999 -9999 0.346259817481041 48.2030712824601 34.8447149991989 15.3908826112747 11.5147039890289 7.75852918624878 6.76471638679504 2.35658401250839 2.21020352840424 2.70911926031113 4.28484678268433 1.28183403611183 2.59481030702591 3.35068559646606 1.30021798610687 1.08320170640945 0.97229853272438 0.905329495668411 1.01162025332451 1.11876073479652 1.08503624796867 1.21416449546814 1.14306226372719 0.786742508411407 0.759606778621674 0.784446001052856 0.748733997344971 1.0499812066555 0.936264038085938 1.85197573900223 2.08059972524643 1.62126141786575 1.97419881820679 1.79912477731705 1.85710573196411 1.97510558366776 6.08665472619674 -9999 -9999 -9999
-9999 -9999 -9999 -9999 -9999 -9999 -9999 -9999 -9999 -9999 -9999 -9999 -9999 -9999 -9999 -9999 -9999 -9999 -9999 -9999 -9999 -9999 26.7057585177513 18.1980392932892 3.50851804018021 1.1423445045948 1.52655225992203 10.7563984394073 4.02803492546082 1.98379576206207 1.33991396427155 1.1241660118103 1.15333727002144 1.1365327835083 1.03792726993561 1.12487921118736 1.00956451892853 0.891018033027649 0.865719705820084 0.985628217458725 1.17652121186256 0.97389829158783 1.01968950033188 0.826002717018127 0.84146323800087 0.767682015895844 0.797982752323151 0.727718263864517 0.617375269532204 1.65075749158859 1.35524323582649 0.535384520888329 0.480679482221603 3.09247282147408 2.44547474384308 -9999 -9999 -9999 -9999 -9999 -9999 -9999
-9999 -9999 -9999 -9999 -9999 -9999 -9999 -9999 -9999 -9999 -9999 -9999 -9999 -9999 -9999 -9999 -9999 -9999 -9999 8.86143032993589 50.9430184364319 41.0166766047478 23.6766884922981 5.32203653454781 5.50176706910133 1.4810950756073 4.1783529818058 0.902245491743088 1.16958671808243 1.01307901740074 0.801666766405106 0.77725875377655 0.840832471847534 0.856830775737762 0.819291740655899 0.774746239185333 0.775620013475418 0.810235530138016 1.06588876247406 1.20980778336525 1.34314128756523 1.26191997528076 0.974185466766357 1.00756837427616 1.17860215902328 1.2929070442915 1.08895799517632 0.829291462898254 0.722066268324852 0.762107223272324 1.60942724347115 -9999 -9999 -9999 -9999 -9999 -9999 -9999 -9999 -9999 -9999 -9999
-9999 -9999 -9999 -9999 -9999 -9999 -9999 -9999 -9999 -9999 -9999 -9999 -9999 -9999 -9999 -9999 -9999 3.77521392703056 2.55481298267841 6.12760609388351 15.2279339432716 8.57196307182312 19.4583320617676 2.57526151835918 1.14622087776661 1.09677448868752 1.02603484690189 1.05401473492384 1.3967077434063 0.699021756649017 0.767558991909027 0.656739011406898 0.597442477941513 0.575784757733345 0.817137748003006 0.756987780332565 0.723079517483711 0.809605479240417 0.889119744300842 1.31117436289787 1.07901866734028 0.816815637052059 0.660284981131554 1.08889688551426 1.43251052498817 1.46671316027641 0.888366043567657 0.783567756414413 1.03455376625061 1.63123635202646 8.21692927067097 -9999 -9999 -9999 -9999 -9999 -9999 -9999 -9999 -9999 -9999 -9999
-9999 -9999 -9999 -9999 -9999 -9999 -9999 -9999 -9999 -9999 -9999 -9999 -9999 -9999 15.92844414711 19.0949445962906 2.7901200056076 2.34471076726913 14.982127726078 0.412335008382797 3.48587027192116 3.10287795960903 0.249893993139267 0.23242199420929 0.950924254953861 0.826372861862183 0.836689129471779 0.330630004405975 0.371610000729561 0.412905737757683 0.508407756686211 0.670158013701439 0.592466980218887 0.601569771766663 0.817380040884018 0.678709521889687 0.681164994835854 0.766715973615646 0.718940243124962 0.939200654625893 0.934135124087334 0.820617780089378 0.778602361679077 1.00127175450325 1.30310364067554 0.713232770562172 0.944634765386581 1.01385077834129 1.03954571485519 1.48713156580925 2.02813726663589 2.79916727542877 -9999 -9999 -9999 -9999 -9999 -9999 -9999 -9999 -9999 -9999
-9999 -9999 -9999 -9999 -9999 -9999 -9999 -9999 -9999 -9999 -9999 2.78702363533818 31.9189213514328 15.3538883072989 0.375715479254723 0.45339073240757 0.416614517569542 0.359048254787922 0.380148768424988 0.403819486498833 0.319666497409344 0.307571992278099 0.289676249027252 0.843607105314732 0.781477488577366 0.666201375424862 0.819138966500759 0.329596504569054 0.36634274572134 0.332324244081974 0.654249742627144 0.547725006937981 0.500457018613815 0.654418498277664 0.777552008628845 0.783807009458542 0.609687745571136 0.592197015881538 0.597074255347252 0.952560022473335 0.86574487388134 0.665322750806808 0.665742740035057 0.817623764276505 1.34475222229958 0.579677984118462 1.91201734542847 1.39745628833771 1.36996123194695 1.76388072967529 1.48863570536337 -9999 -9999 -9999 -9999 -9999 6.29832704885061 30.9526787996292 19.30513215065 20.9919673204422 15.8662118289782 -9999
-9999 -9999 -9999 -9999 -9999 -9999 -9999 -9999 -9999 31.9872506098314 4.12508917093277 0.402618750929832 0.378609761595726 0.45594222843647 0.463046237826347 0.476689517498016 0.395651265978813 0.379457250237465 0.357241496443748 0.339029252529144 0.332524493336678 0.290131509304047 0.250689759850502 0.240026257932186 0.579128812998533 0.649904061108828 0.673259239643812 0.682059720158577 0.302605502307415 0.704621270298958 0.426014229655266 0.506068512797356 0.472015500068665 0.472952261567116 0.45608626306057 0.51060676574707 0.602369248867035 0.673676982522011 0.719366982579231 0.934491723775864 0.859759479761124 0.814476728439331 0.629300996661186 0.578805014491081 1.8931844830513 1.63427698612213 1.70962643623352 1.88309025764465 1.91538816690445 2.64188325405121 2.67219293117523 2.73813968896866 3.39132606983185 3.49242855762613 10.709924697876 3.09825217723846 2.79052269458771 2.74516278505325 11.9187133312225 14.0415873527527 32.8518217206001 -9999
-9999 -9999 -9999 -9999 -9999 0.534362241625786 0.49014450609684 0.601525515317917 0.293348260223866 0.293516255915165 0.349394246935844 0.426809996366501 0.517391234636307 0.492899268865585 0.486873731017113 0.444777756929398 0.39359325170517 0.386632516980171 0.36769350618124 0.368897259235382 0.322082251310349 0.245083495974541 0.244088999927044 0.244017004966736 0.496994242072105 0.544299259781837 0.517461001873016 0.684274241328239 0.699242487549782 0.704528272151947 0.672266244888306 0.479290500283241 0.515599519014359 0.483954727649689 0.504153728485107 0.60581548511982 0.804138779640198 0.732149988412857 0.746930256485939 0.755513995885849 0.861459016799927 0.704368516802788 0.650521516799927 0.578573271632195 0.933156788349152 1.88115066289902 2.21443283557892 2.26820558309555 2.07703346014023 2.81610667705536 2.67998242378235 3.26821660995483 3.06374394893646 8.8692319393158 3.90505564212799 3.95730292797089 8.14282393455505 8.29264211654663 16.2924327850342 28.622088432312 25.4115028381348 14.3886566162109
-9999 -9999 -9999 -9999 -9999 0.361596755683422 0.374724000692368 0.366519749164581 0.334137752652168 0.358742259442806 0.412928268313408 0.441041260957718 0.454876497387886 0.460322991013527 0.435332983732224 0.417738005518913 0.432722255587578 0.380890488624573 0.358530007302761 0.323638491332531 0.28286549448967 0.506391003727913 0.43411049246788 0.440150074660778 0.493476271629333 0.591300740838051 0.652406245470047 0.65234200656414 0.654700249433517 0.684578746557236 0.710174839943647 0.426680266857147 0.469256266951561 0.494145020842552 0.761704534292221 0.76458004117012 0.724557772278786 0.706764757633209 0.708161249756813 0.888849020004272 0.731457754969597 0.628794729709625 0.558939009904861 0.54595273733139 0.535796999931335 0.726272240281105 1.30267202854156 0.939156711101532 0.812236458063126 1.07524797320366 1.76901376247406 2.55769425630569 3.38811671733856 4.30212163925171 4.08831453323364 3.53317058086395 4.59184885025024 5.58019638061523 12.0991430282593 11.7352030277252 9.28492212295532 6.52571439743042
-9999 -9999 -9999 -9999 -9999 0.469945505261421 0.488575503230095 0.427854761481285 0.357106491923332 0.37551149725914 0.400647014379501 0.389528229832649 0.402712494134903 0.390983998775482 0.70829401910305 0.772855505347252 0.348870009183884 0.331019997596741 0.30188474804163 0.896457351744175 0.819913476705551 0.496628634631634 0.422623999416828 0.455265745520592 0.41090701520443 0.544750481843948 0.580570757389069 0.621893495321274 0.524022370576859 0.523087866604328 0.577918879687786 0.820144012570381 0.798690974712372 0.745353005826473 0.898859605193138 1.05702786147594 0.677296489477158 0.63120599091053 0.643777504563332 0.586107730865479 0.561757519841194 0.538497000932693 0.516150757670403 0.513041228055954 0.462284982204437 0.439304262399673 0.515516236424446 0.540390729904175 0.641935497522354 0.778208255767822 1.28508371114731 1.55269646644592 2.12140345573425 1.97497057914734 2.34953248500824 1.7473252415657 2.018181681633 2.12499368190765 2.28069752454758 2.22352266311646 2.45124220848083 2.49076348543167
-9999 -9999 -9999 -9999 -9999 0.425492987036705 0.414899244904518 0.37330949306488 0.320263490080833 0.933643519878387 0.337523996829987 1.03154078125954 0.950204521417618 0.894466727972031 0.655714519321918 0.299291990697384 0.289723500609398 0.296815507113934 0.852228753268719 0.789721883833408 0.558856502175331 0.527280010282993 0.583445005118847 0.561945259571075 0.50304713845253 0.470423821359873 0.547440499067307 0.666813015937805 0.563719119876623 0.764777787029743 0.578265354037285 0.771515771746635 0.903067022562027 0.976395517587662 0.710544772446156 0.933704987168312 0.773455113172531 0.812609262764454 0.856291115283966 0.507132768630981 0.414736479520798 0.44699402153492 0.441943511366844 0.506315991282463 0.535775229334831 0.427827000617981 0.430985257029533 0.494004741311073 0.562333479523659 0.592146009206772 0.588924005627632 0.878632485866547 1.05010199546814 1.40175828337669 1.40872728824615 1.41006678342819 1.34170201420784 1.47557401657104 1.53961193561554 1.8409897685051 2.00890123844147 2.0869334936142
-9999 -9999 -9999 -9999 -9999 0.33118499815464 0.338102258741856 0.359880745410919 1.0220201164484 1.08945827186108 1.11856538057327 1.00058051943779 0.889709264039993 0.696723997592926 0.547745995223522 0.555271491408348 1.02484761178493 0.995291590690613 0.889887347817421 0.762817874550819 0.568183109164238 0.630250856280327 0.638497866690159 0.574897259473801 0.572835009545088 0.642114579677582 0.645269230008125 0.536622393876314 0.499407738447189 0.506749145686626 0.627969525754452 0.796669866889715 0.91925098747015 1.03193795681 0.805732883512974 0.413100734353065 1.08549074828625 0.509519264101982 0.544572740793228 0.498620241880417 0.420649498701096 0.419894993305206 0.443175002932549 0.531161248683929 0.446746498346329 0.432423770427704 0.432025507092476 0.457176759839058 0.517755746841431 0.531342744827271 0.556412994861603 0.608680486679077 0.898116767406464 1.10031598806381 1.2761677801609 1.36480048298836 1.25446575880051 1.37781527638435 1.25643602013588 1.29328796267509 1.83993083238602 2.28964805603027
