EcologicalScience/Bass/data/rs_data_bass/chl_523.asc
NCOLS 226 
NROWS 124 
XLLCORNER -9.41648524995501 
YLLCORNER 47.587301625531 
CELLSIZE 0.0833 
NODATA_value -9999 
[rows 54 to 80 of 124, columns 124 to 185 of 226]
5.04820775985718 2.14111751317978 1.77830046415329 1.51018309593201 1.37185737490654 1.41242569684982 1.26281645894051 1.20315250754356 1.29373249411583 1.43574169278145 1.45295235514641 1.47411596775055 1.45695608854294 1.49842894077301 1.47321492433548 1.41836026310921 1.35274395346642 1.33937680721283 1.29651457071304 1.28533950448036 1.24560821056366 1.25006461143494 1.21329662203789 1.22005221247673 1.22269651293755 1.12192752957344 1.02746906876564 1.0006930232048 1.11625009775162 1.38296207785606 2.02527737617493 2.08990287780762 2.61391389369965 4.18194615840912 3.48815524578094 1.71093142032623 0.995573222637177 0.949068993330002 0.97279304265976 1.34083324670792 2.07190436124802 2.15038472414017 1.62883740663528 1.64748859405518 1.97132688760757 2.80458480119705 6.4496591091156 6.91840982437134 8.6698272228241 10.779886007309 10.2140278816223 11.1267850399017 7.67452931404114 10.3588110208511 11.6534972190857 9.33183574676514 10.2304781913757 11.2828734397888 8.07867021560669 7.16599144935608 -9999 -9999
4.05864858627319 2.01726114749908 1.74421334266663 1.62420362234116 1.74397730827332 1.7792928814888 1.59245842695236 1.32696470618248 1.27902916073799 1.23925369977951 1.25390991568565 1.270422488451 1.33073142170906 1.38030776381493 1.30695480108261 1.29662945866585 1.30171099305153 1.39248311519623 1.39046368002892 1.31253978610039 1.2989499270916 1.33790364861488 1.34168761968613 1.4312601685524 1.4401388168335 1.40951442718506 1.48561781644821 1.38623642921448 1.56720346212387 1.9066019654274 2.36241120100021 3.56735193729401 5.23302948474884 4.02197277545929 2.31948727369308 1.14955857396126 1.06331893801689 1.36869406700134 1.95672601461411 2.82694888114929 2.82049244642258 1.47405338287354 1.39541468024254 1.80684489011765 2.57405519485474 4.08900368213654 5.70817530155182 8.65119338035583 9.70408344268799 8.22175526618958 8.23325800895691 8.83449053764343 12.0081610679626 10.7424985170364 13.2875647544861 10.587026309967 10.5720698833466 -9999 -9999 -9999 -9999 -9999
5.23572385311127 2.87951052188873 1.88990825414658 1.55016088485718 1.67100316286087 1.68542647361755 1.66576677560806 1.50156837701797 1.3314109146595 1.36848011612892 1.37482944130898 1.3649163544178 1.37288144230843 1.33186063170433 1.31172055006027 1.18654668331146 1.18935665488243 1.2289129793644 1.2652647793293 1.24116343259811 1.4311221241951 2.08442544937134 2.85982131958008 3.77038550376892 4.14822363853455 4.33295881748199 5.51731860637665 5.20934879779816 5.82313406467438 5.31079602241516 4.16975891590118 4.18022167682648 4.71448445320129 3.89317202568054 1.99610102176666 1.29566171765327 1.54803264141083 2.13653308153152 2.64794433116913 2.91961044073105 2.28453969955444 1.27466323971748 1.59715729951859 1.99140840768814 3.61479377746582 7.59392380714417 7.15699338912964 6.25776100158691 5.96965348720551 8.26342463493347 10.6175072193146 10.4747378826141 11.6289625167847 12.0404579298837 12.7657694816589 -9999 -9999 -9999 -9999 -9999 -9999 -9999
12.8882803916931 4.32986497879028 2.55858081579208 2.33903110027313 2.18244642019272 2.01467460393906 1.89865189790726 1.77712333202362 1.61937689781189 1.48505741357803 1.40953955054283 1.42728862166405 1.45986968278885 1.37529864907265 1.23448973894119 1.28896209597588 1.31481117010117 1.15221047401428 1.165980219841 1.19605475664139 1.23976296186447 2.45799869298935 5.87291514873505 8.1687490940094 8.57213473320007 8.43126153945923 9.25480985641479 10.6774184703827 11.5399453639984 11.2737743854523 12.0387439727783 9.61465287208557 5.8293092250824 5.26563048362732 5.12418723106384 3.67156684398651 2.89383316040039 2.69555389881134 2.72141629457474 3.20517897605896 2.87318998575211 1.93649017810822 1.78568243980408 3.51072192192078 9.09065794944763 11.9901967048645 7.49104928970337 -9999 11.2779228687286 8.72928857803345 8.85412573814392 9.58375096321106 9.49614071846008 13.7879295349121 -9999 -9999 -9999 -9999 -9999 -9999 -9999 -9999
23.6417412757874 18.2921390533447 11.4125940799713 7.68015360832214 4.25632667541504 2.68127256631851 2.33759826421738 2.09934389591217 1.81125122308731 1.51171571016312 1.46150323748589 1.39139467477798 1.3363883793354 1.35597494244576 1.31899693608284 1.30322340130806 1.56412643194199 1.42917332053185 1.2526219189167 1.40870028734207 2.27608555555344 6.15897631645203 9.03635501861572 9.84291458129883 8.83741021156311 7.38439393043518 5.38293063640594 4.75606620311737 6.28876447677612 8.9602267742157 7.54890561103821 5.88775670528412 6.51894521713257 6.328773021698 4.30178511142731 2.70105850696564 2.58385759592056 2.87471741437912 3.58269739151001 4.26403892040253 4.3020179271698 3.2814484834671 2.51649159193039 6.12722611427307 11.5154428482056 9.01497960090637 13.7449879646301 13.5854358673096 10.039968252182 9.97994899749756 11.647509098053 14.6045694351196 33.2964477539062 28.5822966098785 -9999 -9999 -9999 -9999 -9999 -9999 -9999 -9999
7.44199390053749 8.92685651779175 9.96368093490601 62.9975852966309 48.0971832275391 16.8514137268066 9.12140965461731 3.52951097488403 3.03764605522156 2.72463744878769 1.67923808097839 1.34971216320992 1.34735289216042 1.40535977482796 1.42222934961319 1.33671507239342 1.59170794487 2.04540663957596 2.44009852409363 3.04593551158905 4.51160359382629 7.71287870407104 9.14446449279785 7.6886944770813 6.09000635147095 5.35663282871246 3.0239782333374 2.45312941074371 3.10833942890167 3.71822333335876 2.0235253572464 2.60569989681244 2.40878677368164 1.83188688755035 1.26622107625008 1.36921727657318 1.80126518011093 2.68326598405838 4.5821750164032 5.66489088535309 5.71564972400665 4.03523111343384 2.94234377145767 6.74696373939514 10.0704109668732 9.75080180168152 8.03534490997727 13.7369856834412 11.868036031723 9.67524147033691 29.2259502410889 30.0810441970825 45.5549669265747 16.1438777446747 -9999 -9999 -9999 -9999 -9999 -9999 -9999 -9999
-9999 -9999 -9999 -9999 -9999 2.28387522697449 15.1355352401733 7.09585547447205 9.95497441291809 6.47814559936523 3.46841776371002 1.89374828338623 1.50654047727585 1.45404052734375 1.47982111573219 1.43354272842407 1.44734868407249 2.57449525594711 4.9941326379776 7.97328543663025 8.6192786693573 8.79299426078796 6.5737738609314 3.94909822940826 3.09507787227631 3.05761420726776 2.22023749351501 1.4137846827507 1.30297091603279 1.25191041827202 0.918302088975906 0.844528019428253 0.817220002412796 0.81521075963974 0.947147369384766 1.35286036133766 2.0995956659317 4.10195767879486 5.34739637374878 5.18671989440918 3.82591474056244 3.59961676597595 5.54665696620941 13.908519744873 17.6646595001221 10.8665421009064 -9999 -9999 -9999 -9999 45.2574148178101 45.2574148178101 15.4673931598663 14.0708009004593 -9999 -9999 -9999 -9999 -9999 -9999 -9999 -9999
-9999 -9999 -9999 -9999 -9999 -9999 -9999 -9999 6.39819669723511 4.43794298171997 2.77880698442459 2.08559918403625 1.64747643470764 1.62106776237488 1.56583964824677 1.47219443321228 1.41805949807167 1.87646216154099 4.32193458080292 7.26996803283691 10.2555284500122 12.0487360954285 8.44613742828369 2.96584492921829 1.56027209758759 1.19030857086182 1.16991913318634 0.994190722703934 0.984620332717896 0.956332951784134 0.817627429962158 0.781951814889908 0.815060019493103 0.881058543920517 1.20909082889557 1.95302492380142 3.69993889331818 5.60571241378784 5.50607442855835 6.17866802215576 4.93605959415436 5.72126841545105 10.0265128612518 17.8093371391296 17.3956046104431 29.0682649612427 -9999 -9999 -9999 -9999 17.548882484436 20.581245303154 14.3096126317978 16.8597865104675 34.8012742996216 50.3066654205322 16.0251420021057 -9999 -9999 -9999 -9999 -9999
-9999 -9999 -9999 -9999 -9999 -9999 -9999 -9999 -9999 5.30701577663422 13.9208235740662 9.32561659812927 3.97548365592957 2.27287566661835 1.76156115531921 1.70038050413132 1.54216539859772 1.81586444377899 2.81337296962738 4.61622726917267 7.83043456077576 8.06227898597717 5.78732478618622 2.54099124670029 0.902091711759567 0.804546028375626 0.918126851320267 0.830016106367111 1.15774565935135 1.21683329343796 1.45218139886856 1.33197712898254 1.33921962976456 1.58723241090775 2.45551246404648 4.29683196544647 5.0520122051239 4.45369899272919 5.52615487575531 6.6291332244873 5.79178762435913 8.06838655471802 14.7929592132568 25.6595649719238 23.5623393058777 -9999 -9999 -9999 -9999 -9999 -9999 -9999 13.2316374778748 15.2111577987671 23.0805444717407 28.0356817245483 10.8786277770996 -9999 -9999 -9999 -9999 -9999
-9999 -9999 -9999 -9999 -9999 -9999 -9999 -9999 -9999 4.3704868555069 4.52320969104767 6.37124848365784 5.90619885921478 5.46789479255676 3.32077646255493 3.32077646255493 2.97966152429581 2.38146507740021 1.82398080825806 2.97034102678299 8.93581509590149 7.96124768257141 3.74322867393494 1.68285101652145 0.817822962999344 0.738589212298393 0.918985784053802 1.25077325105667 1.88494062423706 2.24028378725052 2.25827139616013 2.37840914726257 2.66362702846527 3.07416272163391 4.73982954025269 5.83172249794006 5.49948298931122 5.1545444726944 5.22475326061249 4.33993434906006 4.99259769916534 7.58535504341125 20.5946288108826 39.144962310791 21.853217124939 33.0447750091553 -9999 -9999 -9999 12.2654678821564 10.6215174794197 10.5584313869476 9.62370049953461 16.3348560333252 19.9461071491241 13.8505825996399 10.5204319953918 -9999 -9999 -9999 -9999 -9999
-9999 -9999 -9999 -9999 -9999 -9999 -9999 -9999 -9999 6.51853440489088 4.38442742824554 6.12359404563904 5.91932880878448 5.39293670654297 4.37405776977539 3.52661740779877 3.50979208946228 3.1015899181366 2.1763259768486 1.57002657651901 3.11267781257629 4.35104084014893 2.26477074623108 1.10375502705574 0.808563619852066 0.792955309152603 0.972085654735565 1.42412307858467 2.36048233509064 3.24073755741119 3.55525410175323 3.45251655578613 2.96014970541 3.78635001182556 5.10677719116211 5.86263012886047 5.3608775138855 3.72636544704437 2.81643176078796 3.3307181596756 5.06818556785583 6.35339713096619 11.8628911972046 14.3928165435791 17.3853321075439 -9999 -9999 -9999 -9999 8.36324340105057 8.45604461431503 10.0366448163986 10.5815538167953 10.8717992305756 11.3192862510681 -9999 -9999 -9999 -9999 -9999 -9999 -9999
-9999 -9999 -9999 -9999 -9999 -9999 -9999 -9999 -9999 3.67937564849854 4.41367816925049 6.10348749160767 5.69503319263458 5.37851715087891 3.17734479904175 2.57948666810989 2.30848628282547 1.59304636716843 1.47587031126022 1.39314830303192 2.61645448207855 2.38305240869522 1.59051883220673 1.08256950974464 0.86602771282196 0.903159946203232 1.07585451006889 1.46899276971817 3.18194961547852 5.47831213474274 5.09145033359528 3.61452734470367 4.03975546360016 5.33025455474854 6.10606670379639 6.4187228679657 5.68305766582489 4.60653162002563 3.13998699188232 4.30610990524292 6.13096117973328 7.04476547241211 8.77634167671204 9.20523476600647 3.86466658115387 -9999 -9999 -9999 -9999 -9999 8.5082922577858 9.18877065181732 10.3613752126694 12.0936255455017 -9999 -9999 -9999 -9999 -9999 -9999 -9999 -9999
-9999 -9999 -9999 -9999 -9999 -9999 -9999 -9999 -9999 3.94478702545166 3.37038624286652 5.86574578285217 4.71085631847382 3.53503131866455 2.42319256067276 1.8170548081398 1.27854600548744 0.971010446548462 1.05297437310219 1.07528007030487 1.16671818494797 1.17659014463425 1.16416400671005 1.00952768325806 1.10815197229385 1.49202319979668 1.76470953226089 3.82959651947021 7.59950852394104 8.6802020072937 5.92448365688324 4.57032287120819 6.08009648323059 6.9245753288269 6.37108755111694 5.1043199300766 4.34835112094879 4.08960807323456 4.14570415019989 4.77709221839905 6.4513635635376 7.888747215271 8.81881070137024 9.92434787750244 3.86466693878174 -9999 -9999 -9999 -9999 12.1949715614319 -9999 -9999 -9999 -9999 -9999 -9999 -9999 -9999 -9999 -9999 -9999 -9999
-9999 -9999 -9999 -9999 -9999 -9999 -9999 -9999 -9999 4.20542621612549 4.1526700258255 3.96744167804718 3.66095209121704 2.84732311964035 1.91583573818207 1.95033234357834 1.27579540014267 1.02845352888107 1.06482821702957 1.00856977701187 0.962761133909225 1.01960518956184 0.954704225063324 0.988215297460556 1.60928052663803 3.82906723022461 7.23597550392151 12.1844973564148 13.6860380172729 11.6563868522644 9.29469895362854 8.18723630905151 9.29672312736511 7.50606608390808 4.73991072177887 3.39953577518463 3.379070520401 3.85872423648834 4.44508767127991 5.27167010307312 6.7377827167511 8.45211625099182 8.46191239356995 -9999 -9999 -9999 -9999 -9999 -9999 -9999 -9999 -9999 -9999 -9999 -9999 -9999 -9999 -9999 -9999 -9999 -9999 -9999
-9999 -9999 -9999 -9999 -9999 -9999 -9999 -9999 3.7371654510498 3.49859225749969 3.44499099254608 3.96562349796295 3.91662490367889 2.90046125650406 1.90987157821655 1.67917782068253 1.3585941195488 1.13963556289673 1.18423461914062 1.00600397586823 0.925677269697189 0.957721889019012 0.959111541509628 1.15662494301796 2.714211165905 7.53518271446228 12.3255171775818 13.9766836166382 14.5441646575928 12.8599934577942 11.6083137989044 11.1540598869324 10.9691913127899 9.88270711898804 5.81660091876984 2.78925615549088 2.37704372406006 3.29962491989136 4.55882692337036 5.8430038690567 8.25619196891785 9.28951978683472 -9999 -9999 -9999 -9999 -9999 -9999 -9999 -9999 -9999 -9999 -9999 -9999 -9999 -9999 -9999 -9999 -9999 -9999 -9999 -9999
-9999 -9999 -9999 -9999 -9999 -9999 -9999 3.28386068344116 4.00273793935776 4.50852024555206 3.51284086704254 3.50699293613434 3.30526149272919 2.8309491276741 2.17528206110001 1.58777225017548 1.38077142834663 1.3323837518692 1.34508776664734 1.12541815638542 0.934234857559204 0.956498712301254 1.60271126031876 2.67734903097153 5.78369450569153 7.93800330162048 9.2325611114502 11.5361766815186 12.8125333786011 12.1873397827148 10.8230638504028 9.74246120452881 9.48711276054382 8.94070959091187 7.57988262176514 4.99198973178864 3.45809376239777 4.02241373062134 4.93085753917694 6.42716717720032 7.21601700782776 5.69786846637726 3.25656187534332 -9999 -9999 -9999 -9999 -9999 -9999 -9999 -9999 -9999 -9999 -9999 -9999 -9999 -9999 -9999 -9999 -9999 -9999 -9999
-9999 -9999 -9999 -9999 -9999 -9999 3.55211600661278 3.42889884385196 3.63624787330627 4.93006992340088 3.26546394824982 2.97962129116058 3.24313116073608 2.75467371940613 2.26266574859619 1.97050577402115 1.95829653739929 1.86847740411758 1.7851876616478 1.29828187823296 3.02557396888733 4.28812694549561 5.31040692329407 6.53123474121094 6.76218295097351 6.80803513526917 8.65377473831177 10.5610256195068 10.4322187900543 8.93777203559875 7.19015192985535 6.02322936058044 5.13955986499786 5.21690690517426 4.82661294937134 4.12215113639832 4.26921987533569 5.33262777328491 5.47821307182312 5.09716641902924 -9999 -9999 -9999 -9999 -9999 -9999 -9999 -9999 -9999 -9999 -9999 -9999 -9999 -9999 -9999 -9999 -9999 -9999 -9999 -9999 -9999 -9999
-9999 -9999 -9999 -9999 4.02255474118625 3.93281817436218 3.68676745891571 2.88696455955505 2.85101902484894 2.77840822935104 2.47652596235275 2.81720834970474 2.99051481485367 2.88286399841309 2.97302770614624 2.62120163440704 2.92613518238068 2.73541456460953 2.6975993514061 3.14422810077667 6.57598829269409 8.07790446281433 6.94826102256775 6.67918539047241 6.75306487083435 5.85632050037384 5.66140973567963 5.03529453277588 4.24338269233704 3.83137500286102 3.90885865688324 4.54448354244232 4.75155544281006 4.42053616046906 3.97797703742981 4.43908774852753 5.91445398330688 3.80433971541268 -9999 -9999 -9999 -9999 -9999 -9999 -9999 -9999 -9999 -9999 -9999 -9999 -9999 -9999 -9999 -9999 -9999 -9999 -9999 -9999 -9999 -9999 -9999 -9999
-9999 -9999 -9999 -9999 3.82496963529026 4.29095184803009 3.66604292392731 3.43730270862579 3.30883848667145 3.12016546726227 2.43254917860031 3.13970196247101 3.68448579311371 3.56348419189453 2.86772614717484 2.4791584610939 2.51402771472931 2.45773869752884 3.29191839694977 4.8006706237793 5.7987288236618 7.27363657951355 7.38233470916748 8.31051564216614 6.141597032547 3.24842727184296 2.44868874549866 2.57920950651169 2.81646072864532 3.30522966384888 4.35685157775879 4.69197463989258 4.302365899086 3.80708277225494 3.91910398006439 5.59876298904419 7.29323887825012 11.5414382289438 -9999 -9999 -9999 -9999 -9999 -9999 -9999 -9999 -9999 -9999 -9999 -9999 -9999 -9999 -9999 -9999 -9999 -9999 -9999 -9999 -9999 -9999 -9999 -9999
-9999 -9999 3.52056533098221 3.98064780235291 3.94263160228729 3.55041718482971 3.64994144439697 5.02026879787445 4.9129593372345 3.60619032382965 2.70561969280243 2.85827153921127 3.87593507766724 3.83819460868835 3.18879461288452 2.39254152774811 2.03680390119553 2.01551914215088 2.33665841817856 3.25677359104156 4.65210771560669 5.26684391498566 7.03530764579773 7.9170835018158 5.17286252975464 2.3995041847229 1.85312122106552 2.05729240179062 2.76210719347 3.53776252269745 3.61842834949493 3.53288304805756 3.62555158138275 3.75877797603607 3.41551423072815 3.19603407382965 -9999 -9999 -9999 -9999 -9999 -9999 -9999 -9999 -9999 -9999 -9999 -9999 -9999 -9999 -9999 -9999 -9999 -9999 -9999 -9999 -9999 -9999 -9999 -9999 -9999 -9999
-9999 3.68709826469421 3.63302528858185 3.71003937721252 3.92204260826111 4.40098285675049 5.61626493930817 6.52343201637268 5.73365020751953 4.35903310775757 2.73531943559647 2.78893357515335 4.47325372695923 5.06340050697327 3.60887038707733 2.33867490291595 2.07129031419754 2.0153244137764 2.29108321666718 2.94414871931076 3.71781027317047 4.39480841159821 5.20034837722778 4.69443905353546 3.20009851455688 2.19015473127365 2.39721769094467 3.0598658323288 3.47136354446411 3.67057800292969 4.01941752433777 4.38459205627441 4.62266635894775 5.38246564865112 -9999 -9999 -9999 -9999 -9999 -9999 -9999 -9999 -9999 -9999 -9999 -9999 -9999 -9999 -9999 -9999 -9999 -9999 -9999 -9999 -9999 -9999 -9999 -9999 -9999 -9999 -9999 -9999
3.47165573388338 5.65886270999908 4.33739912509918 5.16748058795929 5.72163891792297 6.62137699127197 6.5180447101593 5.74279761314392 5.76777040958405 4.54101634025574 3.33600354194641 4.24786984920502 6.03054714202881 6.63779926300049 4.09942924976349 2.22446966171265 1.81434148550034 1.8373464345932 2.42708587646484 2.81323027610779 3.05371856689453 3.39674842357635 4.23873853683472 4.73362791538239 3.50633311271667 2.84188270568848 3.28804814815521 3.84881150722504 3.96276390552521 4.16447675228119 4.47313249111176 6.1557354927063 6.65992641448975 5.89931836724281 6.32500737905502 6.71606290340424 -9999 -9999 -9999 -9999 -9999 -9999 -9999 -9999 -9999 -9999 -9999 -9999 -9999 -9999 -9999 -9999 -9999 -9999 -9999 -9999 -9999 -9999 -9999 -9999 -9999 -9999
4.48596954345703 4.30754542350769 4.64066827297211 5.15609228610992 6.00132894515991 6.1505012512207 4.67801105976105 3.88897061347961 3.50393092632294 3.13146865367889 2.95987790822983 4.03638052940369 5.85903596878052 5.85028660297394 3.11241710186005 2.30785900354385 2.27810311317444 2.58846455812454 2.71548235416412 2.91828453540802 3.3554710149765 4.52836167812347 5.53468894958496 5.00831258296967 4.25045371055603 4.04082155227661 4.58906435966492 4.5158668756485 5.12044537067413 5.76283979415894 5.38209915161133 -9999 -9999 -9999 -9999 -9999 -9999 -9999 -9999 -9999 -9999 -9999 -9999 -9999 -9999 -9999 -9999 -9999 -9999 -9999 -9999 -9999 -9999 -9999 -9999 -9999 -9999 -9999 -9999 -9999 -9999 -9999
4.22980141639709 4.18892168998718 4.13694620132446 5.07882750034332 5.21960484981537 5.89357888698578 5.34852361679077 4.57749509811401 4.5537121295929 3.81604850292206 2.97992277145386 3.36229526996613 5.52000153064728 5.22388422489166 2.86985582113266 2.31923389434814 2.81785976886749 2.40957337617874 2.76211810112 4.04917824268341 5.26174128055573 5.34688925743103 5.15634655952454 4.27090287208557 4.68267345428467 5.03451025485992 4.87127137184143 4.74901342391968 5.15677106380463 5.47964429855347 5.39015328884125 5.62522196769714 -9999 -9999 -9999 -9999 -9999 -9999 -9999 12.6942715644836 -9999 -9999 -9999 -9999 -9999 -9999 -9999 -9999 -9999 -9999 -9999 -9999 -9999 -9999 -9999 -9999 -9999 -9999 -9999 -9999 -9999 -9999
9.58256521224976 4.53931832313538 4.53931832313538 5.25226128101349 5.29074192047119 4.62317043542862 4.42590522766113 4.77199530601501 4.30293595790863 3.56663274765015 2.51090151071548 3.40562474727631 5.2995400428772 4.0040477514267 2.44854640960693 2.18044245243073 2.39390051364899 3.35249376296997 4.89242362976074 5.65875899791718 5.81078696250916 5.40902495384216 4.59247756004333 4.20024061203003 4.96002066135406 5.62029540538788 4.95428895950317 4.40859067440033 4.70518183708191 4.6349276304245 4.47256207466125 3.42093944549561 -9999 -9999 -9999 -9999 -9999 -9999 -9999 -9999 -9999 -9999 -9999 -9999 -9999 -9999 -9999 -9999 -9999 -9999 -9999 -9999 -9999 -9999 -9999 -9999 -9999 -9999 -9999 -9999 -9999 -9999
-9999 -9999 -9999 -9999 -9999 4.68346158357767 5.80365478992462 5.11708617210388 3.6991628408432 2.78602355718613 3.3694771528244 4.02052009105682 3.81403362751007 3.21783828735352 2.74454301595688 2.85660946369171 4.03135371208191 5.22738826274872 6.06653380393982 6.3384211063385 6.72425293922424 6.83426070213318 7.16867280006409 6.14655160903931 4.95834732055664 5.30008006095886 5.76432466506958 -9999 -9999 -9999 -9999 -9999 -9999 -9999 -9999 -9999 -9999 -9999 -9999 -9999 -9999 -9999 -9999 -9999 -9999 -9999 -9999 -9999 -9999 -9999 -9999 -9999 -9999 -9999 -9999 -9999 -9999 -9999 -9999 -9999 -9999 -9999
-9999 -9999 -9999 -9999 -9999 4.50859990486732 4.2418999671936 4.61538004875183 3.53633522987366 4.80872118473053 5.25056397914886 4.76237440109253 3.26461315155029 2.91054046154022 4.15647411346436 4.71905601024628 6.02616620063782 6.94116997718811 7.40529370307922 8.2736713886261 8.98406481742859 7.36113095283508 6.98471188545227 6.17554664611816 -9999 -9999 -9999 -9999 -9999 -9999 -9999 -9999 -9999 -9999 -9999 -9999 -9999 -9999 -9999 -9999 -9999 -9999 -9999 -9999 -9999 -9999 -9999 -9999 -9999 -9999 -9999 -9999 -9999 -9999 -9999 -9999 -9999 -9999 -9999 -9999 -9999 -9999
