EcologicalScience/Bass/data/rs_data_bass/chl_53.asc
NCOLS 226 
NROWS 124 
XLLCORNER -9.41648524995501 
YLLCORNER 47.587301625531 
CELLSIZE 0.0833 
NODATA_value -9999 
[rows 84 to 111 of 124, columns 62 to 123 of 226]
-9999 -9999 -9999 -9999 -9999 -9999 -9999 -9999 -9999 -9999 -9999 -9999 -9999 -9999 -9999 -9999 -9999 -9999 -9999 -9999 -9999 -9999 -9999 -9999 -9999 -9999 -9999 -9999 -9999 -9999 -9999 -9999 -9999 -9999 -9999 -9999 -9999 -9999 -9999 -9999 -9999 -9999 -9999 -9999 -9999 -9999 -9999 -9999 -9999 -9999 -9999 -9999 -9999 -9999 -9999 -9999 -9999 3.30985631621801 3.5338785674261 2.69796032027194 2.56004113272617 2.52943350076675
-9999 -9999 -9999 -9999 -9999 -9999 -9999 -9999 -9999 -9999 -9999 -9999 -9999 -9999 -9999 -9999 -9999 -9999 -9999 -9999 -9999 -9999 -9999 -9999 -9999 -9999 -9999 -9999 -9999 -9999 -9999 -9999 -9999 -9999 -9999 -9999 37.1749906539917 -9999 3.84317690134048 3.30129656195641 -9999 -9999 2.55841051787138 2.32725477218628 2.37799201642766 2.17707923054695 2.59863869100809 1.91005557775497 2.6158478813512 2.6924314288532 2.6174351608052 10.2269126176834 -9999 -9999 -9999 3.10591595423849 2.85083610936999 2.38993005082011 2.55687187984586 2.34523936361074 1.77104358673096 1.57003194093704
-9999 -9999 -9999 -9999 -9999 -9999 -9999 -9999 -9999 -9999 -9999 -9999 -9999 3.71320338947017 1.64841254552205 1.16262151300907 1.04263143986464 0.712755739688873 1.12509450316429 -9999 -9999 -9999 -9999 -9999 -9999 -9999 -9999 -9999 2.70241391658783 2.78677140176296 3.14081735908985 2.63336754158924 -9999 3.66949796676636 -9999 -9999 -9999 -9999 2.60630624368787 2.6204621270299 2.28131245514926 2.67578224092722 2.20686322823167 2.33631473779678 2.42089635985238 2.60932730510831 2.22624178603292 2.67650478652545 2.78104711430413 2.81182878358024 2.74151550446238 2.61579359854971 2.63423285314015 2.06851898221409 2.25436628982425 2.44861606881022 1.83502939715981 1.34807015458743 2.89571541973523 2.80622304337365 2.1626800596714 1.96806335449219
-9999 -9999 -9999 -9999 -9999 -9999 -9999 -9999 -9999 -9999 2.40907299518585 1.37189221382141 1.31118828803301 1.23818226903677 1.11166946589947 1.1074934899807 1.16029331088066 1.19609246402979 1.19188316166401 1.57145941257477 -9999 -9999 1.80296882092953 1.90272494274027 1.85105203986168 -9999 -9999 2.18841354196722 1.95824557542801 2.01488095521927 2.08890670537949 3.12982428073883 3.05833476781845 3.19927118718624 -9999 -9999 1.91037976741791 2.38150845255171 2.12279176712036 2.07758927345276 2.29594988822937 2.29709190130234 2.14936666488647 2.08940888643265 2.07329918146133 2.04381151199341 1.9808354973793 1.97141396999359 1.64569276571274 2.12514429688454 1.90182530879974 1.95783898234367 1.389593988657 1.21767432689667 1.19968047738075 1.90716074109077 1.62552639842033 1.660799741745 2.10285678505898 1.76139785349369 1.94880978763103 1.88629120588303
-9999 -9999 -9999 -9999 -9999 -9999 -9999 -9999 -9999 1.55245178937912 1.65366148948669 1.39547395706177 1.37002751231194 1.27143640816212 1.42736589163542 1.38904725015163 1.47505912184715 1.48351237177849 1.56652763485909 1.6414056122303 1.92275696291643 4.46911861002445 1.9368003308773 2.14244815707207 2.28693079948425 2.36288738250732 2.42157939076424 2.30262976884842 2.29536670446396 2.32823699712753 2.4872197508812 2.6783766746521 2.60294258594513 2.11149001121521 3.24350734949112 2.01600158214569 1.93089008331299 1.79245430231094 2.33738014698029 2.21918231248856 2.12075664997101 2.04133622646332 1.83318424224854 1.63908178465707 1.24828273057938 1.22249583899975 0.780314245820045 0.763566586375236 0.957041795764651 1.73213392496109 1.68534672260284 0.951462753117085 1.00220438092947 1.21054574847221 1.36421102285385 1.21936646103859 1.18042617291212 1.065459407866 1.47256046533585 1.36117796599865 1.30031073093414 1.30781023204327
-9999 -9999 -9999 -9999 -9999 -9999 -9999 -9999 -9999 1.09086379408836 1.15065523982048 1.31635549664497 1.2187899521419 1.28475558757782 1.33802194680486 1.51749226876668 1.5722239986062 1.21354258060455 1.45325776934624 1.68279004096985 1.86457275152206 1.44771525263786 1.75304880738258 1.89789453148842 2.04071402549744 2.04969218373299 2.15900507569313 2.21560281515121 2.27985817193985 2.28172874450684 2.47047221660614 2.39788055419922 2.10516679286957 1.85965883731842 1.8208132982254 1.8777562379837 2.05310100317001 1.6801335811615 2.25882339477539 2.16716959476471 2.04772946834564 2.01071501970291 1.93385145664215 1.82466679811478 1.75503373146057 1.24871253222227 1.15223964303732 0.692802286148071 0.65523778796196 0.623435541987419 0.61343100965023 0.605500191450119 0.574004718661308 0.894160151481628 1.28385251760483 1.2890630364418 0.861634016036987 0.86948424577713 0.927587032318115 0.933398768305779 1.08418226242065 1.11726152896881
-9999 -9999 -9999 -9999 -9999 -9999 -9999 -9999 -9999 1.27773728966713 1.26263475418091 0.743515491485596 0.727008730173111 1.14590200781822 0.523881733417511 0.527468249201775 0.948225438594818 1.13918142914772 1.31671532392502 1.41633912920952 1.7154980301857 1.62472316622734 1.71123450994492 1.78625026345253 1.81644335389137 1.83644700050354 1.76292371749878 2.0768535733223 2.25860774517059 2.36422044038773 2.55659633874893 2.77669429779053 2.5264949798584 2.29750496149063 1.91533273458481 1.67714899778366 2.11664468050003 2.1862553358078 2.16502443552017 1.94137346744537 1.87169820070267 1.35428413152695 1.77468648552895 1.63514375686646 1.27373363077641 1.94737972319126 1.4161954075098 0.701900428533554 0.673919078707695 0.609777134656906 1.14187668263912 1.17117884382606 0.589444497227669 0.563275075384549 1.19987587630749 1.16103898733854 0.831692241132259 0.89494925737381 0.915502980351448 0.925588756799698 0.958973035216331 1.00401978194714
0.856742978096008 0.821202009916306 0.867849379777908 0.846705727279186 -9999 -9999 -9999 2.34875746071339 1.05717301368713 1.17908102273941 0.770487785339355 0.743356481194496 0.75277054309845 1.00686979293823 1.1304495036602 1.10379999876022 0.835512882471084 0.896431110799313 0.959071889519691 0.969075724482536 1.04108060896397 1.19384399056435 1.22841881215572 1.2667909860611 1.14527022838593 1.30749551951885 1.34999698400497 0.938514312108358 0.837700858712196 1.56877648830414 1.66406857967377 1.65916728973389 1.99768942594528 2.39059942960739 2.36080348491669 1.8786261677742 1.50852155685425 2.00010759830475 1.91926726698875 1.47014193534851 1.41193872264453 1.36419717754636 0.889627647399902 0.942561741918325 1.67897479981184 1.61476803570986 0.706833279132843 0.585212610661983 0.589300963282585 0.891997508704662 0.580395913124085 1.15226234123111 1.14499652758241 1.11784189194441 1.1482351899147 1.12998071908951 0.916518397629261 0.868915110826492 0.875131510198116 0.866236500442028 0.901111245155334 0.789335981011391
0.756454467773438 0.796023041009903 0.832509756088257 1.00865024328232 1.07605272531509 1.06325402855873 1.27528491265634 1.19953501224518 0.801334351301193 0.683750431984663 1.04510512948036 0.968877375125885 0.83789549767971 0.926499438285828 0.781874549388886 0.650753986090422 0.766422754526138 0.699142903089523 0.743758857250214 0.693638250231743 0.689009249210358 0.69902628660202 0.709396779537201 0.719608247280121 0.592989009618759 0.602286306023598 0.606791567802429 0.604604262113571 0.682796239852905 0.660514250397682 1.1856767386198 1.11794847249985 1.19275876879692 1.49768400192261 1.51537191867828 1.40574073791504 1.16680651903152 1.50794872641563 1.52883714437485 1.03506091833115 0.668553739786148 0.650441989302635 0.636324763298035 1.35833718627691 1.31116309762001 1.28618042171001 1.19790277630091 0.54820816218853 0.538536742329597 0.544549039006233 0.551751297712326 0.833434894680977 0.568408951163292 1.14346089586616 1.12862610071898 1.05830566585064 0.89597138017416 0.828833229839802 0.508601255714893 0.580481618642807 0.55340737849474 0.762031465768814
0.609646484255791 0.679176762700081 0.792320251464844 1.06776604056358 1.04001975059509 0.843104213476181 0.659401506185532 0.663717001676559 0.612232491374016 0.692864585863916 0.734428090708596 0.850605770945549 0.712574677807944 0.780944581542696 0.600028485059738 0.624446243047714 0.654681995511055 0.715004488825798 0.728430032730103 0.673956006765366 0.567576393485069 0.672188505530357 0.685414031147957 0.568755903840065 0.647236496210098 0.588081157207489 0.594158095121384 0.603054901957512 0.621787503361702 0.597208499908447 0.58900049328804 0.691494002938271 0.836791455745697 0.990349531173706 0.954571455717087 0.708617269992828 0.725274011492729 0.646786800026894 0.914997763931751 0.656760022044182 0.644501253962517 0.661919251084328 0.704062664508819 0.69907201230526 0.83994298428297 0.824074141681194 0.825894758105278 0.563446632027626 0.538005611300469 0.568409246206284 0.578557044267654 0.574261647462845 0.562756338715553 0.985930670052767 1.02043104171753 1.03415340185165 0.921990752220154 0.767260864377022 0.579774744808674 0.920037761330605 0.888873219490051 0.933285504579544
0.495061486959457 0.559496238827705 0.635880768299103 0.698933243751526 0.620068520307541 0.65141174197197 0.728413492441177 0.633336737751961 0.529663145542145 0.639867451786995 0.633007749915123 0.631298357886927 0.697757720947266 0.698864588141441 0.596862241625786 0.705271504819393 0.715791374444962 0.681737497448921 0.628747500479221 0.637784242630005 0.566039621829987 0.534700664877892 0.541179746389389 0.639394015073776 0.564504897594452 0.658439248800278 0.835388973355293 0.837272264063358 0.53805148601532 0.81157348304987 0.807820469141006 0.627004489302635 0.646350771188736 0.650092497467995 0.657034501433372 0.616034254431725 0.55868489742279 0.666414767503738 0.584688287973404 0.815274015069008 0.81403537094593 0.694056004285812 0.647839960455894 0.641753554344177 0.591438585519791 0.586885204911232 0.531523659825325 0.806674875319004 0.515051999688148 0.526420632004738 0.547436249256134 0.631069511175156 0.586979985237122 1.09350746870041 1.10708177089691 1.10845047980547 0.61438313126564 0.647963248193264 0.921905994415283 0.960513025522232 1.11185723543167 1.30015920102596
0.403398737311363 0.413807988166809 0.476582989096642 0.542676731944084 0.563249990344048 0.581633269786835 0.652724996209145 0.548282258212566 0.567779637873173 0.596783235669136 0.593103244900703 0.588508501648903 0.605634579701083 0.599615846361433 0.611731991171837 0.690187521278858 0.706348478794098 0.622292011976242 0.713610380887985 0.697019599378109 0.69556237757206 0.528790068626404 0.543090757727623 0.558895790576935 0.569031009078026 0.671456009149551 0.604618048667908 0.626141408085823 0.654080566763878 0.850291103124619 0.840391851961613 0.633459001779556 0.742151990532875 0.609719261527061 0.607173907756805 0.618494546413422 0.83917198330164 0.848636604845524 0.847782365977764 0.755334734916687 0.869107112288475 0.865001991391182 0.713172590732575 0.698514005541802 0.840124145150185 0.824702650308609 0.570586797595024 0.536603844165802 0.54620775282383 0.828765369951725 0.865838594734669 0.897961512207985 0.531961865723133 1.04161974787712 0.935592517256737 1.0339780151844 1.17486673593521 1.27164521813393 1.14386901259422 1.21661198139191 1.3671812415123 1.40595725178719
0.386208727955818 0.395504996180534 0.382831513881683 0.409946233034134 0.465989246964455 0.491656512022018 0.496488019824028 0.515792615711689 0.542032941111497 0.554173359274864 0.52428050339222 0.581680506467819 0.561775110661983 0.57125061750412 0.580918863415718 0.665207616984844 0.674237631261349 0.672559149563313 0.645266644656658 0.631355233490467 0.627104625105858 0.639912731945515 0.513183295726776 0.531467548012734 0.556418564915657 0.61858483850956 0.636196752078831 0.705242094397545 0.71169975399971 0.687009912729263 0.669764551520348 0.713087260723114 0.758100003004074 0.85146751999855 0.754532977938652 0.762734878063202 0.800211748480797 1.02856537699699 1.00739175081253 0.957770258188248 0.920140877366066 0.888715155422688 0.830585271120071 0.847143709659576 0.678999879956245 0.641172444820404 0.559471186995506 0.561083087325096 1.00546050444245 0.746650882065296 1.06974902749062 1.11478745937347 0.805084504187107 0.76104674488306 1.26182587444782 1.07414698600769 1.52237959206104 1.40676802396774 1.62146696448326 1.70332828164101 1.77793622016907 4.93344416743831
0.423915378749371 0.420920982956886 0.380768984556198 0.408447772264481 0.467265374958515 0.480233252048492 0.485519751906395 0.473295740783215 0.487138487398624 0.47516596019268 0.460913494229317 0.491227872669697 0.502713739871979 0.530180990695953 0.547938734292984 0.614740110933781 0.588817499577999 0.567371249198914 0.61218785494566 0.674471631646156 0.637122742831707 0.730237148702145 0.54885481595993 0.560023802518845 0.656032933853567 0.888172142207623 0.937540903687477 0.99006450176239 0.827353656291962 0.780301183462143 0.876293241977692 0.950486987829208 1.03368151187897 0.93119403719902 0.949670255184174 1.01951925158501 0.972248393297195 0.984897744655609 0.932819867134094 0.999424137175083 0.973410755395889 0.925644390285015 0.740987241268158 0.69089475274086 0.652115258574486 0.615436792373657 0.605851936340332 0.621687752008438 0.54151426255703 0.57641813904047 0.663649499416351 0.746540620923042 1.03881002962589 1.42561984062195 1.49257989227772 1.45029276609421 -9999 -9999 -9999 -9999 -9999 -9999
0.595289744436741 0.418349236249924 0.480925127863884 0.490437760949135 0.483553871512413 0.484806753695011 0.486865505576134 0.491429999470711 0.482989996671677 0.524802379310131 0.408673122525215 0.414155267179012 0.49933275282383 0.489245411753654 0.459008252620697 0.458769884705543 0.524944871664047 0.619411870837212 0.699084386229515 0.588591295480728 0.51142503145863 1.00750899490188 0.618772320449352 0.62863158993423 0.887138999998569 1.20144923329353 1.32186961770058 1.5660135529258 1.05169799923897 1.0967878639698 1.08313429355621 1.15351876616478 1.04154378175735 1.20123735666275 1.24222063422203 1.10278142094612 1.01737378835678 1.00987706780434 1.04209385812283 0.925798863172531 0.894581258296967 0.877997606992722 0.684855169057846 0.698059782385826 0.734190925955772 0.71011004447937 0.604216866195202 0.570932641625404 0.595015503466129 0.720076493918896 1.16529422998428 1.32965603470802 1.46476610004902 1.73151881354196 -9999 -9999 -9999 -9999 -9999 -9999 -9999 -9999
0.472930870950222 0.484949246048927 0.499647371470928 0.500920884311199 0.502795502543449 0.443945243954659 0.512562744319439 0.469378754496574 0.471995994448662 0.464978739619255 0.4651889950037 0.42919619679451 0.440880167484283 0.440738993883133 0.466442254185677 0.457867875695229 0.467315003275871 0.552048003673554 0.606934368610382 0.83286414295435 0.83485534787178 0.844568610191345 0.597937497496605 0.603383576497436 0.615977999567985 0.696052640676498 1.25919163227081 1.25713592171669 0.881090796307514 -9999 -9999 -9999 -9999 -9999 -9999 3.14426672458649 1.12269687652588 0.984447151422501 0.863485032320022 0.800289022922516 0.862836375832558 0.846204020082951 0.820296764373779 0.756544634699821 0.814383602142334 0.891523200273514 0.880019992589951 0.861660003662109 0.74516549706459 1.76247297227383 1.45089948177338 1.66831421852112 1.5190631300211 1.9762424826622 1.97624230384827 -9999 -9999 -9999 -9999 -9999 -9999 -9999
0.436087891459465 0.43870067037642 0.426170244812965 0.431487008929253 0.50025712698698 0.464913740754128 0.470795258879662 0.471828758716583 0.47486700117588 0.4115130007267 0.489739000797272 0.437992805242538 0.505740240216255 0.475742757320404 0.491012625396252 0.463018238544464 0.480269491672516 0.539890819787979 0.869570249319076 0.775024473667145 0.814266756176949 0.821161486208439 0.837546743452549 0.598332747817039 0.618995547294617 0.589915519952774 0.904194504022598 0.842456862330437 0.856722809766468 -9999 -9999 -9999 -9999 -9999 -9999 -9999 1.61138523817062 1.22652465105057 1.04168549180031 0.920168235898018 0.930210739374161 0.952952653169632 0.787675470113754 0.763732492923737 0.789537489414215 1.05591224133968 1.44611772894859 1.19928348064423 1.24889200925827 1.65515923500061 2.04071295261383 2.00846821069717 -9999 -9999 -9999 -9999 -9999 -9999 -9999 -9999 -9999 -9999
0.477196887135506 0.485446814979826 0.49622989233051 0.497582268502031 0.475807502865791 0.480604261159897 0.479756996035576 0.422378718852997 0.441921883821487 0.492679744958878 0.501088008284569 0.530645236372948 0.523979991674423 0.510758250951767 0.492739245295525 0.458995807170868 0.468977388739586 0.544475242495537 0.576863631606102 1.20203322172165 -9999 0.70927801080372 0.667815238237381 0.598300793766975 0.64183694422245 0.706032282114029 0.825144283911761 0.804463210701942 1.18025881365726 -9999 -9999 -9999 -9999 -9999 -9999 -9999 1.95501887798309 1.92977907657623 1.7976140499115 1.3212092757225 1.37780925631523 1.2523584663868 1.23046875 1.49874266982079 1.37571823596954 1.41326478123665 1.18780103325844 1.2445647418499 1.37358626723289 1.80633574724197 2.23808300495148 2.68165457248688 3.0961267054081 -9999 -9999 -9999 -9999 -9999 -9999 -9999 -9999 -9999
0.340995641052723 0.481614021318299 0.46487480700016 0.41176763176918 0.447771519422531 0.468845248222351 0.476326003670692 0.454740589857101 0.485176265239716 0.515040516853333 0.527654007077217 0.542603261768818 0.526151262223721 0.515402257442474 0.510090485215187 0.490752995014191 0.499256104230881 0.51274875998497 0.575751850710196 0.581262175651158 0.505795022144037 0.531561239677317 0.490095314383507 0.54909194111824 0.756236529350281 0.78982275724411 1.20421761274338 0.955270797014236 1.03176344633102 1.09897202253342 -9999 -9999 -9999 -9999 -9999 -9999 -9999 55.4584851886915 1.7637011957796 0.88548153883121 1.64612478017807 1.69391345977783 1.76194423437119 2.2874767780304 2.13794255256653 2.14949476718903 2.00852382183075 1.68782877922058 1.74940925836563 2.31629627943039 2.58011871576309 2.65865422487259 3.14662742614746 -9999 -9999 -9999 -9999 -9999 -9999 -9999 -9999 -9999
0.411458745598793 0.405049122869968 0.417800255119801 0.438042238354683 0.453695014119148 0.469003260135651 0.48497873544693 0.494997444748879 0.491012558341026 0.534935630857944 0.56436076015234 0.555059239268303 0.541083008050919 0.515852987766266 0.528385996818542 0.510239258408546 0.258513741195202 0.519674763083458 0.514758259057999 0.488123711943626 0.474518546462059 0.481218007206917 0.498222452402115 0.968563519856509 0.76132964193821 0.989798225462437 0.895027649402618 1.11082649230957 1.21514815092087 1.23887246847153 -9999 -9999 -9999 -9999 -9999 -9999 -9999 -9999 -9999 -9999 -9999 -9999 -9999 -9999 -9999 -9999 3.65490746498108 2.53069126605988 2.58085775375366 10.0037229537964 -9999 -9999 -9999 -9999 -9999 -9999 -9999 -9999 -9999 -9999 -9999 -9999
0.416948989033699 0.418288126587868 0.425223760306835 0.427871637046337 0.457520999014378 0.453039988875389 0.464624255895615 0.530496749281883 0.554269659519196 0.560085752606392 0.519774162769318 0.508511254191399 0.509137791395187 0.506048557162285 0.566214263439178 0.559550240635872 0.538103744387627 0.526260241866112 0.501064255833626 0.455207991600037 0.813893258571625 0.794993989169598 0.49779945909977 0.956532530486584 -9999 -9999 -9999 0.894301199913025 0.927057909965515 1.11145162582397 1.19207491278648 -9999 -9999 -9999 -9999 -9999 -9999 -9999 -9999 -9999 -9999 -9999 -9999 -9999 -9999 -9999 -9999 -9999 -9999 -9999 -9999 -9999 -9999 -9999 -9999 -9999 -9999 -9999 -9999 -9999 -9999 -9999
0.406872135400772 0.414808306843042 0.427338141202927 0.446599039435387 0.457913629710674 0.474592879414558 0.501237604022026 0.527429106831551 0.550342807173729 0.573284536600113 0.568516498804092 0.531051903963089 0.503235903382301 0.478803607821465 0.580959990620613 0.596256747841835 0.481598237156868 0.580064997076988 0.602819994091988 0.464508292078972 0.484969657659531 0.858690015971661 0.543340489268303 0.975062616169453 0.898201829195023 0.868867993354797 0.801523965597153 1.05446597933769 1.11192551255226 0.73057048022747 1.37709224224091 2.25547194480896 -9999 -9999 -9999 -9999 -9999 -9999 -9999 -9999 -9999 -9999 -9999 -9999 -9999 -9999 -9999 -9999 -9999 -9999 -9999 -9999 -9999 -9999 -9999 -9999 -9999 -9999 -9999 -9999 -9999 -9999
0.43708011880517 0.432978281378746 0.437744101881981 0.449917951226234 0.443917483091354 0.49726830124855 0.509383946657181 0.520152005553246 0.57136470079422 0.611926630139351 0.503202146467041 0.589760836958885 0.538802111148834 0.496648049354553 0.475157251954079 0.591259509325027 0.609478011727333 0.643759742379189 0.483521702885628 0.476737484335899 0.526545757055283 0.887153640389442 0.939957015216351 0.90742950886488 0.961035378277302 0.762861290574074 0.995028004050255 0.71587572991848 0.831226497888565 1.01319971680641 1.49340000748634 1.7266276971652 -9999 -9999 -9999 -9999 -9999 -9999 -9999 -9999 -9999 -9999 -9999 -9999 -9999 -9999 -9999 -9999 -9999 -9999 -9999 -9999 -9999 -9999 -9999 -9999 -9999 -9999 -9999 -9999 -9999 -9999
0.429352763295174 0.470542806386948 0.545942251171385 0.540803484618664 0.481082428246737 0.504217055439949 0.543107548356056 0.554919054403025 0.524885642177918 0.547946609994944 0.62558551132679 0.650165632367134 0.610701933503151 0.63684282079339 0.550055265426636 0.560556453466415 0.534365692734718 0.660846754908562 0.625021487474442 0.504691806435585 0.535821461677551 0.885531261563301 0.949790775775909 0.834398263692856 1.0424327403307 1.05644573271275 1.12255238369107 1.02621898055077 1.17597448825836 1.4327857196331 2.28417080640793 -9999 -9999 -9999 -9999 -9999 -9999 -9999 -9999 -9999 -9999 -9999 -9999 -9999 -9999 -9999 -9999 -9999 -9999 -9999 -9999 -9999 -9999 -9999 -9999 -9999 -9999 -9999 -9999 -9999 -9999 -9999
0.575191537246985 0.593061426106621 0.48205997608602 0.48582842387259 0.550567527350627 0.559049516916275 0.679748453199863 0.971789395809174 0.656219680519665 0.961187735199928 0.968592271208763 0.975738734006882 1.02924773097038 1.08058252930641 0.771412941813469 0.924292266368866 0.82039150595665 0.734454244375229 0.66422925889492 0.521947950124741 0.52134989798069 0.861638247966766 0.920434981584549 0.937280774116516 1.0154327750206 1.09224075078964 1.18168476223946 0.861708015203476 1.07175153493881 1.14589422941208 2.23578751087189 1.69971016645432 -9999 -9999 -9999 -9999 -9999 -9999 -9999 -9999 -9999 -9999 -9999 -9999 -9999 -9999 -9999 -9999 -9999 -9999 -9999 -9999 -9999 -9999 -9999 -9999 -9999 -9999 -9999 -9999 -9999 -9999
0.567074694177684 0.610441517829895 0.60140416376731 0.557038812076344 0.6529361307621 0.832515008747578 0.820791386067867 0.850044764578342 0.621024191379547 -9999 -9999 -9999 -9999 -9999 -9999 0.802885115146637 0.600760124623775 0.758355274796486 0.744047492742538 0.71976226568222 0.719482496380806 0.474403493106365 0.78592124581337 0.818320780992508 0.950076997280121 1.06152525544167 1.336411267519 1.79501169919968 1.25274753570557 1.29037722945213 1.61672651767731 1.89627871513367 -9999 -9999 -9999 -9999 -9999 -9999 -9999 -9999 -9999 -9999 -9999 -9999 -9999 -9999 -9999 -9999 -9999 -9999 -9999 -9999 -9999 -9999 -9999 -9999 -9999 -9999 -9999 -9999 -9999 -9999
0.716512444264749 0.735681392252445 -9999 0.771707981824875 0.856879241764545 1.17294225096703 1.38005985617638 -9999 1.35734340548515 -9999 -9999 -9999 -9999 -9999 -9999 1.06636913669737 0.653334394097328 1.03786751627922 0.871354758739471 0.821445494890213 0.708871513605118 0.637562388181686 1.00673550367355 0.984863996505737 1.18686252832413 1.42760369181633 1.75638452172279 1.90172776579857 1.89181870222092 1.48950228095055 1.43267628550529 2.19861062765121 -9999 -9999 -9999 -9999 -9999 -9999 -9999 -9999 -9999 -9999 -9999 -9999 -9999 -9999 -9999 -9999 -9999 -9999 -9999 -9999 -9999 -9999 -9999 -9999 -9999 -9999 -9999 -9999 -9999 -9999
-9999 -9999 -9999 -9999 -9999 -9999 -9999 -9999 -9999 -9999 -9999 -9999 -9999 -9999 -9999 -9999 -9999 1.41814671456814 1.10369250178337 0.681295484304428 0.928343023124494 -9999 -9999 -9999 1.46485620737076 4.21243077111476 -9999 -9999 2.89642703533173 1.72042728066444 1.65673488378525 -9999 -9999 -9999 -9999 -9999 -9999 -9999 -9999 -9999 -9999 -9999 -9999 -9999 -9999 -9999 -9999 -9999 -9999 -9999 -9999 -9999 -9999 -9999 -9999 -9999 -9999 -9999 -9999 -9999 -9999 -9999
