EcologicalScience/Bass/data/rs_data_bass/chl_416.asc
NCOLS 226 
NROWS 124 
XLLCORNER -9.41648524995501 
YLLCORNER 47.587301625531 
CELLSIZE 0.0833 
NODATA_value -9999 
[rows 81 to 107 of 124, columns 62 to 123 of 226]
3.85158455371857 5.97498106956482 7.6620512008667 7.66205191612244 -9999 -9999 -9999 -9999 -9999 -9999 -9999 -9999 -9999 -9999 -9999 -9999 -9999 -9999 -9999 -9999 -9999 -9999 -9999 -9999 -9999 -9999 -9999 -9999 -9999 -9999 -9999 -9999 -9999 -9999 -9999 -9999 -9999 -9999 -9999 -9999 -9999 -9999 -9999 -9999 -9999 -9999 -9999 -9999 -9999 -9999 -9999 -9999 -9999 -9999 -9999 -9999 -9999 -9999 -9999 -9999 -9999 -9999
3.26254137250984 -9999 -9999 -9999 -9999 -9999 -9999 -9999 -9999 -9999 -9999 -9999 -9999 -9999 -9999 -9999 -9999 -9999 -9999 -9999 -9999 -9999 -9999 -9999 -9999 -9999 -9999 -9999 -9999 -9999 -9999 -9999 -9999 -9999 -9999 -9999 -9999 -9999 -9999 -9999 -9999 -9999 -9999 -9999 -9999 -9999 -9999 -9999 -9999 -9999 -9999 -9999 -9999 -9999 -9999 -9999 -9999 -9999 -9999 -9999 -9999 -9999
-9999 -9999 -9999 -9999 -9999 -9999 -9999 -9999 -9999 -9999 -9999 -9999 -9999 -9999 -9999 -9999 -9999 -9999 -9999 -9999 -9999 -9999 -9999 -9999 -9999 -9999 -9999 -9999 -9999 -9999 -9999 -9999 -9999 -9999 -9999 -9999 -9999 -9999 -9999 -9999 -9999 -9999 -9999 -9999 -9999 -9999 -9999 -9999 -9999 -9999 -9999 -9999 -9999 -9999 -9999 -9999 -9999 -9999 -9999 -9999 -9999 -9999
-9999 -9999 -9999 -9999 -9999 -9999 -9999 -9999 -9999 -9999 -9999 -9999 -9999 -9999 -9999 -9999 -9999 -9999 -9999 -9999 -9999 -9999 -9999 -9999 -9999 -9999 -9999 -9999 -9999 -9999 -9999 -9999 -9999 -9999 -9999 -9999 -9999 -9999 -9999 -9999 -9999 -9999 -9999 -9999 -9999 -9999 -9999 -9999 -9999 -9999 -9999 -9999 -9999 -9999 -9999 -9999 -9999 7.15515704293853 3.39888177599226 3.04420502696718 3.14485193150384 2.63397122280938
-9999 -9999 -9999 -9999 -9999 -9999 -9999 -9999 -9999 -9999 -9999 -9999 -9999 -9999 -9999 -9999 -9999 -9999 -9999 -9999 -9999 -9999 -9999 -9999 -9999 -9999 -9999 -9999 -9999 -9999 -9999 -9999 -9999 -9999 -9999 -9999 37.1749906539917 -9999 2.78325724059885 5.79004103403825 -9999 -9999 3.05751729011536 2.34057247638702 3.07660406827927 2.89928877353668 2.84219924211502 2.76002826690674 2.77419593504497 2.66668201344354 2.71982562967709 2.37316925902116 -9999 -9999 -9999 3.12223781858172 3.10600922788892 2.97314365421023 2.75058123043605 2.43527261699949 1.68483963182994 1.3408216876643
-9999 -9999 -9999 -9999 -9999 -9999 -9999 -9999 -9999 -9999 -9999 -9999 7.40924333796209 13.5481767654419 2.09096775949001 1.69111287243226 1.44516512006521 1.36903460820516 1.12509450316429 -9999 -9999 -9999 -9999 -9999 -9999 -9999 -9999 -9999 2.74565696716309 2.75233453512192 3.70408636873419 3.4675372838974 -9999 3.66949796676636 -9999 -9999 -9999 2.68547254800797 3.01854157447815 2.96726024150848 3.01329492330551 2.97740782499313 3.0156877040863 2.95790712833405 2.83706102371216 2.65533556938171 2.62082068920136 2.61890968680382 2.7004942212786 2.63812924708639 2.43073058979852 2.44463935068675 2.58097183704376 2.66056858216013 2.74507848705564 2.67729766028268 2.58580707652228 2.26513869421823 2.03143492341042 1.47688267912183 1.19396723168237 0.653113940182854
-9999 -9999 -9999 -9999 -9999 -9999 -9999 -9999 -9999 -9999 2.85462641099404 2.11856518685818 1.88754061135379 2.00679228251631 1.69901906360279 1.57724856246601 1.99664918401025 1.74852351437915 2.04027208685875 1.53665101528168 1.56178950187233 -9999 1.89534552097321 2.23373945734718 2.33585187792778 -9999 -9999 4.28992666424932 2.38183325529099 2.51013586521149 2.6365066409111 2.57276387214661 2.61316359043121 2.99986486543309 -9999 -9999 3.07571809389153 3.29231119155884 3.19184678792953 2.98325403928757 2.96868585348129 3.00710681676865 3.0817494392395 3.02817878723144 2.59844945669174 2.53019363880157 2.38535025715828 2.20399736166 1.99043803811073 2.11111661195755 2.15093080401421 2.05038380026817 2.01326431632042 1.9920617554869 1.90058167065893 1.77923937780516 1.63223066926003 1.25611932788576 1.17882285373551 1.15014774033001 0.609307219000424 0.655304174212848
-9999 -9999 -9999 -9999 -9999 -9999 -9999 -9999 -9999 1.97660404443741 2.21537008881569 1.78869277238846 1.49223618344827 1.46472439169884 1.44812453334982 1.5108087496324 1.60938936742869 1.68258306384087 1.89887872338295 1.98665272593498 1.78767722845078 1.99377726632006 1.98719772696495 2.42218395254829 2.20462754097852 2.11924018101259 2.30594468658621 2.46884239261801 2.23340556621551 2.31539257764816 2.24265646934509 2.25385791063309 2.35065668821335 2.39310529232025 2.39142791032791 2.45196565389633 2.52389885187149 2.5961580991745 2.80565164089203 2.8661696434021 2.97369757890701 3.00634803771973 2.9082395195961 2.75992755889893 2.44699881076813 1.71098345518112 1.39472615718842 1.38659391403198 1.22280162870884 1.30632673501968 1.35726836749486 1.26647506356239 1.26873537898064 0.624702426520261 0.959295612573624 1.09086160361767 1.06515582203865 0.979096949100494 0.5392905561363 0.569384381175041 0.592559774132336 0.494347947835922
-9999 -9999 -9999 -9999 -9999 -9999 -9999 -9999 -9999 1.44373611428521 1.39265397191048 1.44136874784123 1.39873927018859 1.30390204895626 1.24112873456695 1.2574625259096 1.26856314052235 1.27259256623008 1.67669972777367 1.84442378282547 1.98609606027603 2.05038101564754 1.96117138266563 1.95876404643059 1.99409583806992 1.99058877825737 1.88886693932793 1.9736815338785 1.96749595999718 1.97621639370918 1.9714128434658 1.90240244865417 1.88492352962494 1.95816915035248 2.14589653015137 2.23987998962402 2.25508847236633 2.39090241193771 2.70805846452713 2.8475389122963 2.91989718675613 2.86409475803375 2.23937913179398 1.90435792207718 1.80716063976288 1.43726951479912 1.12165021896362 1.0928849875927 1.06640326976776 1.13468163663691 0.570912301540375 0.575052908062935 0.573470833897591 0.563612991571426 0.553026589751244 0.556310856342316 0.596030729738149 0.510119973736651 0.498000854483018 0.497695316488926 0.521597251296043 0.522602751851082
-9999 -9999 -9999 -9999 -9999 -9999 -9999 -9999 -9999 1.54580408334732 1.52992057800293 1.27589165893468 1.27827762202783 1.28635218468579 1.23703575676138 1.20304956761273 1.13088709928773 1.12476099892096 1.13046557794918 1.33935838124969 1.68687044490467 1.69029834053733 1.71395714716478 1.75613325021484 1.73016046285629 1.57807232737541 1.58333201408386 1.20909749865532 1.21058387160301 1.17594206929207 1.44472424983978 1.37080467939377 1.42657787203789 1.48231576681137 1.56996974945068 1.81003346443176 1.8927755355835 2.01094558238983 2.1712916135788 1.9802392244339 1.9524847984314 1.74004726409912 1.25762940645218 1.06320622563362 0.660287675532428 0.984649747610092 0.97110553085804 0.993588730692863 0.985957980155945 1.01860071346164 1.00536772236228 0.552750760316849 0.537086847424507 0.551514887809753 0.554479515552521 0.553430700302124 0.486614722471971 0.421413794159889 0.523698969798929 0.490216268942906 0.537152990698814 0.536332011222839
1.14229401946068 1.11473852396011 1.38942788405852 1.58278874646534 -9999 -9999 -9999 2.50845522880554 1.76208230165335 1.29448145627975 1.11228276111863 1.12563336708329 1.32776338549761 1.22026571631432 1.20246055451306 1.12754369730299 0.722800761461258 1.14902077479796 1.10116890614683 1.07033420692791 1.11103673685681 1.0873026333072 1.11123789846897 1.09229435026646 1.10995600169355 1.20936101675034 1.17396656870842 1.11621417403221 1.0998904645443 1.11239721945354 1.0828124667917 1.18232140757821 1.19351601600647 1.23494774103165 1.17695142030716 1.46819728016853 1.22445312738419 1.20444751381874 1.37453764677048 1.30806553013184 1.30573274195194 0.673960170708597 0.67242144048214 0.872373223304749 0.65299845635891 0.918616741895676 0.959643006324768 0.976550489664078 0.985783979296684 1.00617580488324 0.947763979434967 0.97861422970891 0.558016140013933 0.581329044699669 0.555087009072304 0.549898006699302 0.451224105862471 0.492953195021703 0.661056109837123 0.521937688955894 0.558822005987167 0.692710581947775
1.11162602305412 1.19350903630257 1.13836272954941 1.27826803922653 1.3348460522565 1.43465880372307 1.13603672927076 1.19669690186327 1.04115661707791 0.730343366211111 0.675995498895645 0.68919625878334 0.653972715139389 0.689855247735977 0.69685223698616 1.02305959842422 0.64376175403595 0.733379259705544 0.886598005890846 0.896444529294968 0.969162356394988 1.01018803624006 0.989324748516083 0.995390536693426 1.13546028504005 1.08648665593221 0.901707485318184 0.817727982997894 0.76816476136446 0.928272776305676 0.83236600458622 0.903114974498749 0.887890756130219 0.882272228598595 0.900426238775253 0.911167820294698 0.847585767507553 0.775002780713533 0.616332015395165 0.613590440154076 0.600771989959937 0.598894703388214 0.818057760596275 0.853346765041351 0.876838143914938 0.914595976471901 0.962518528103828 0.959162637591362 0.978805471211672 0.944475263357162 0.53212918639183 0.859858244657516 0.863999247550964 0.582051409916444 0.850222513079643 1.02826385988909 0.995511558126001 1.03733059413293 0.691084357599417 0.711391111214956 0.726368823472191 0.617207765579224
0.628586034689631 0.781625169974107 0.753195917064493 0.801687460054051 0.757546773011034 0.6539596170187 0.714335052804513 0.69673099165613 0.702377305789427 0.713875415650281 0.592188745737076 0.578245520591736 0.557869747281075 0.54561573266983 0.615806239155623 0.559182471953906 0.572361863576449 0.732241749763489 0.780156999826431 0.924199467196184 0.922544992887057 0.870690956711769 0.889789670705795 0.808861472776958 0.773602500557899 0.755569741129875 0.792624771595001 0.883699301630259 0.520985934596795 0.560880509706644 0.590594774659942 0.428328907260528 0.83782146527217 0.811629012227058 0.806445494294167 0.603801450133324 0.609550505876541 0.746467866003513 0.63160095512867 0.801881502072016 0.774282728632291 0.766278237104416 0.837237223982811 0.823205262422562 0.827411726117134 0.86173902451992 0.92219452559948 0.934564467519522 0.92494872584939 1.03693818695405 1.04803266595392 0.999669374603974 1.06816816680572 0.918659523129463 1.03883019089699 1.03014826423982 0.996416398707558 0.89524047164356 0.968454770743847 0.983160920441151 0.751475874991978 1.19326516985893
0.698325195095756 0.60842064158483 0.617115550420501 0.599195403131572 0.576746451583776 0.56032587045973 0.556610917503184 0.588897610252554 0.603376966985789 0.613060696558519 0.605204591696913 0.533958002924919 0.587028256871484 0.520079240202904 0.62962631508708 0.522544011473656 0.569772073855767 0.563746549762212 0.717076097543423 0.65491372690751 0.639058500528336 0.608890302479267 0.588153205811977 0.559359667055747 0.564106632681454 0.857201282096946 0.851342890573585 0.85376090394414 0.797437250614166 0.823184758424759 0.845961488210238 0.766052814630362 0.803091734647751 0.814073279500008 0.796918496489525 0.658095519457545 0.771508077780406 0.650623369216919 0.655961528420448 0.855269491672516 0.874940514564514 0.609146609902382 0.923891299649289 0.906015887072212 0.941836474572911 0.910278303058524 0.891041755676269 0.882496014237404 1.03444860262029 1.08313085401759 1.038895928546 0.95839849114418 0.914593234658241 0.774852991104126 0.825612753629684 0.773006469011307 0.736763015389442 0.84717465152866 1.16800008100622 1.18231793361552 1.49627577716654 1.58600999008525
0.53152726048773 0.559839004820043 0.470163824883374 0.446789442138238 0.524971429597248 0.524274396625432 0.532298444346948 0.554994870315899 0.563266079534184 0.479806751012802 0.469992519571231 0.483611255884171 0.478349760174751 0.489532738924026 0.488842955231667 0.532191744446755 0.498405745625496 0.589579112827778 0.607696756720543 0.545896008610725 0.49873448908329 0.585238862782717 0.551746688783169 0.570667326450348 0.557776756146375 0.933043960481882 0.528779961168766 0.541818284562656 0.858104981482029 0.97403108222144 0.962285142877828 0.667430642992258 0.786737754940987 0.915305915631746 0.796059489250183 0.850131750106812 0.866481229662895 0.855452030897141 0.880100980401039 0.972933693935996 0.974770244799162 0.941457312358053 0.717079929035643 0.74141570083473 0.982507429624859 1.0139718932264 0.996637523174286 1.00175787806511 0.975371727347374 0.892385497689247 0.86098900437355 1.02487922608852 1.02011868059635 1.00362686812878 0.816944226622581 0.979452927907308 1.28177462862088 1.21795496030858 1.1878459751606 1.31243598461151 2.27030411958694 2.00773021849719
0.394996609006609 0.58352515903803 0.44854074716568 0.433962255716324 0.530247127467936 0.530259896408428 0.531082781878385 0.546984465284781 0.54367969930172 0.556726297194308 0.565251682292331 0.47758517242395 0.483304992318153 0.475218743085861 0.49441269498605 0.475743155066784 0.482992382003711 0.487825430356539 0.492083013057709 0.509340733289719 0.5307387560606 0.543087320668357 0.574238259877477 0.751725618328367 0.588709356884162 0.90556239336729 0.955601178109646 1.01197357475758 0.920993450440858 1.09662226438522 1.04411207352366 0.856966227293015 0.807550758123398 0.957736942328905 0.959277419667495 0.862213745713234 0.931767550381747 0.881431251764297 0.884724974632263 0.918922737240791 0.936887979507446 1.07799570700702 0.867451772093773 0.839645728468895 0.726417818894753 1.08739953041077 1.04097661972046 1.06023705303669 1.06511582136154 1.01720701754093 1.00919607281685 1.01872037351131 1.08992942869663 1.11728113889694 1.27228103171695 1.39865517074412 1.67658087840447 1.79551808650677 1.89161536326775 1.7403646340737 2.21131044312527 2.80738689005375
0.544578133658929 0.413653914417539 0.428398713469505 0.53580292923884 0.547702785242688 0.314803428947926 0.54682520404458 0.547733866355636 0.549107982353731 0.566776416518471 0.495869451335498 0.477164832445291 0.494187640456053 0.40659373998642 0.596021074801683 0.47182922409131 0.492032468318939 0.500530799994102 0.514191314578056 0.539073969636645 0.883154779672623 0.873794354060117 0.84341203640489 0.875900666503345 0.591488189995289 0.838512856226701 1.03422071477946 1.10452046990395 1.0840318238034 0.965826612710953 0.935538133978844 0.926675266027451 0.972826963663101 0.992083328962326 1.08761177659035 1.08340229988098 1.1330127954483 1.13673592805862 1.05878036688356 1.01222235560417 1.05245798475602 1.08858053088188 0.904395505785942 0.872350767254829 0.983062487840653 0.994945639371872 1.13699598908424 1.14869759082794 1.04534732401371 0.872163742780685 1.04848487377167 1.04521862268448 1.1894583106041 1.70566022396088 1.77360586936657 1.51364116235213 2.7744917412744 -9999 -9999 -9999 -9999 -9999
0.42082169013364 0.417897877948625 0.555971247228709 0.567154977809299 0.427814483642578 0.531710810959339 0.654644140830407 0.608850927307055 0.433136254549026 0.438535496592522 0.435578495264053 0.441254243254662 0.440010249614716 0.471088229463651 0.467959955334663 0.49403902888298 0.47266252514194 0.515512334073291 0.516343615376032 0.830704980171644 0.849244085642008 0.934564614295959 0.78463277220726 0.777643963694572 1.00275345146656 0.918055519461632 1.16263323426247 1.26691593907096 1.11298008526073 1.06777467727661 0.971936273574829 1.03475532531738 0.981065082550049 1.24212418198586 1.46558302044868 1.35910878181458 1.24249797463417 1.21249573230743 1.13841108083725 1.09684572815895 1.09723756313324 1.05012777149677 0.944723573327065 0.981804737448692 1.00988324582577 1.01490809619427 1.15216749310493 1.04661959409714 0.830518260598183 1.18457224965096 1.78324192762375 3.36553549766541 2.26196652650833 2.41467526651198 1.49441636927792 -9999 -9999 -9999 -9999 -9999 -9999 -9999
0.389542244374752 0.397779003931926 0.560476691885428 0.563935709270564 0.448061004281044 0.466787906629699 0.43464607000351 0.426939811844092 0.317218247801065 0.429520487785339 0.433829262852669 0.422433495521545 0.491070404648781 0.506313845515251 0.526952996850014 0.55431484737817 0.524689583217397 0.546625235501458 0.443916981036846 0.773701835137147 0.756882525980473 0.885083514910478 1.05240733623505 0.963974699378014 0.96916256994009 0.961787277460098 1.02313739955425 1.05731367766857 1.12717497699401 -9999 -9999 -9999 -9999 -9999 -9999 3.14426672458649 1.1594595015049 1.00533625483513 0.967520731687546 1.06639575362205 1.08429597616196 1.05775410532951 1.02136126756668 0.972933733463287 0.986252510547638 0.994229364395142 1.19244868755341 1.33845163285732 1.30053523778915 1.6653130531311 1.88909318447113 2.06388506889343 2.21760166041991 1.9762424826622 1.97624230384827 -9999 -9999 -9999 -9999 -9999 -9999 -9999
0.42332744713013 0.428228420706896 0.435615179630426 0.426982744381978 0.428169250488281 0.432691991329193 0.425801884669524 0.445434629917145 0.455318136857106 0.514731353521347 0.526544138789177 0.533502793312073 0.583153480291367 0.564926141074725 0.700279718637466 0.576161678348269 0.618868549956995 0.605013000113623 0.771253992529476 0.931527509408839 0.907066494226456 0.99659566283226 1.10099846720696 1.06060863733292 0.95127260684967 1.01612284078318 1.0909105360508 1.24832038879395 1.12516002058983 -9999 -9999 -9999 -9999 -9999 -9999 -9999 1.49823921918869 1.21261051297188 1.12021851539612 1.05710626244545 1.00028865337372 1.00642406344414 1.01497485637665 0.986385333538055 0.928676989674568 0.964058715105057 1.08030433058739 1.05645287632942 1.47946591973305 2.16074599027634 2.45678976774216 2.40744967460632 -9999 -9999 -9999 -9999 -9999 -9999 -9999 -9999 -9999 -9999
0.423524469137192 0.412863492965698 0.410091750323772 0.448101749786964 0.465401760660685 0.465705978182646 0.490088745951653 0.43256162909361 0.460517839743541 0.476645549902549 0.545052656531334 0.511062741279602 0.569630235433578 0.611797378613399 0.679523459076881 0.582160291927201 0.565375391926084 0.593263615454946 0.956887948162416 1.71117164691289 0.871419906479503 0.943868690729141 0.938392478227615 0.975160607520272 1.06484723687172 1.03666501185473 1.18193292617798 1.81381582512575 1.97809197622187 -9999 -9999 -9999 -9999 -9999 -9999 -9999 1.90910061667947 1.92752433740176 1.71856542733999 1.29760082960129 1.25030193328857 0.999653720855713 1.20342373251915 1.22720112204552 1.2566665828228 1.18479119539261 1.04887391924858 1.30706524848938 1.93220114707947 1.71592161655426 2.36333835124969 2.55765874385834 3.56613535881042 -9999 -9999 -9999 -9999 -9999 -9999 -9999 -9999 -9999
0.406955994665623 0.417361259460449 0.434861131585561 0.43002025783062 0.437088504433632 0.432707250118256 0.47558528482914 0.492904165387154 0.50823295712471 0.535627141594887 0.537451505661011 0.575636744499207 0.598246991634369 0.607620999217033 0.501932034438307 0.578598007559776 0.618131252772668 0.649945738561013 0.620955506196389 0.766173930729137 0.741917265688672 0.652146333280732 0.614432752132416 1.46342834271491 1.62282228469849 1.66258167794773 1.56391219496727 1.5587358891964 1.66245744058064 1.54257183325918 -9999 -9999 -9999 -9999 -9999 -9999 -9999 2.61128388459866 3.55610284540388 1.81945472955704 1.62648657560348 1.90167099237442 1.98169475793839 2.58329176902771 2.33210295438766 1.9859185218811 1.78694003820419 1.57349598407745 2.13547819852829 2.44480520486832 2.60222226381302 3.14869034290314 6.10839261886008 -9999 -9999 -9999 -9999 -9999 -9999 -9999 -9999 -9999
0.569602631709792 0.471002433787693 0.485773513262922 0.474361732602119 0.466165259480476 0.430973760783672 0.508990740776062 0.52053611095135 0.562649801373482 0.506570234894753 0.568245247006416 0.633865758776665 0.649903506040573 0.939501017332077 0.920730265974998 0.92040331363678 0.586493000388145 0.586987748742104 0.719752466678619 0.731170380115509 0.606926754117012 0.621508002281189 1.42346399671891 1.67495215289733 1.69200205206871 1.70103925466537 1.59975651783102 1.56655821204185 1.60798219442368 1.7377893447876 -9999 -9999 -9999 -9999 -9999 -9999 -9999 -9999 -9999 -9999 -9999 -9999 -9999 -9999 -9999 -9999 3.65490746498108 2.22921043634415 2.66306853294373 2.77599611190649 -9999 -9999 -9999 -9999 -9999 -9999 -9999 -9999 -9999 -9999 -9999 -9999
0.501324926431363 0.494293013756925 0.489384481852705 0.500809605305011 0.499068882602912 0.501524149225308 0.497810015311608 0.549489477506051 0.555251302627417 0.552683716783157 0.668069499731064 0.650806501507759 0.676939263939857 0.929943743348122 0.929174709320068 0.915898060798645 0.657915994524956 0.620302736759186 0.626261249184608 0.629671007394791 1.03710924386978 1.15693720091473 1.43693861961365 1.73895449363268 -9999 -9999 1.72610298792521 1.28737932443619 1.35229983329773 1.48448876738548 1.30532026290894 -9999 -9999 -9999 -9999 -9999 -9999 -9999 -9999 -9999 -9999 -9999 -9999 -9999 -9999 -9999 -9999 -9999 -9999 -9999 -9999 -9999 -9999 -9999 -9999 -9999 -9999 -9999 -9999 -9999 -9999 -9999
0.471753695836434 0.514848081903024 0.507066961039196 0.498235361142592 0.535745257681066 0.554352123628963 0.534364273914924 0.53926608310296 0.61964550614357 0.643086814880371 0.683859744668007 0.668572500348091 0.908322635293007 0.898454537987709 0.644662737846375 0.877881288528442 0.847255969047546 0.745331510901451 0.723368018865585 0.720243245363235 1.23310061601492 1.36280372280341 1.51842396259308 1.70080827474594 1.75659527778626 1.72570831500567 1.55035975346198 1.45229975993817 1.56562051864771 1.63786488312941 1.9466904938221 2.97424931885445 -9999 -9999 -9999 -9999 -9999 -9999 -9999 -9999 -9999 -9999 -9999 -9999 -9999 -9999 -9999 -9999 -9999 -9999 -9999 -9999 -9999 -9999 -9999 -9999 -9999 -9999 -9999 -9999 -9999 -9999
0.517290489240126 0.481966257095337 0.497190331870859 0.487392624670809 0.548270398378372 0.543968081474304 0.56437024474144 0.5822387825359 0.730774767019532 0.787959971211173 0.872743236747655 1.02540941671892 0.805239468812943 0.891419264674187 0.887380170822143 0.896147078275681 0.895865696668625 0.774393230676651 0.733670502901077 0.773150488734245 1.07986018359661 1.25249265432358 1.41180990636349 1.48200810849667 1.48033694028854 1.53712400106283 1.50405489481412 1.35287189483643 1.53627836108208 1.62303260564804 1.8764101266861 3.03369920253754 -9999 -9999 -9999 -9999 -9999 -9999 -9999 -9999 -9999 -9999 -9999 -9999 -9999 -9999 -9999 -9999 -9999 -9999 -9999 -9999 -9999 -9999 -9999 -9999 -9999 -9999 -9999 -9999 -9999 -9999
0.53981925547123 0.535091012716293 0.558932018967775 0.565137701538893 0.727645949883895 0.727111491290006 0.79176206390063 0.879769663016001 1.02047627170881 1.09272073705991 1.07063115636508 1.09432315284556 1.13140713897618 1.07507472688502 0.990130233764648 0.911405235528946 0.89197427034378 0.784082755446434 0.760810241103172 0.805948242545128 0.976022708415985 1.2890039652586 1.45957470238209 1.70761768817902 1.64290664792061 1.51877778768539 1.27804332971573 1.31959789395332 1.51964027881622 1.4875529229641 1.73890278339386 -9999 -9999 -9999 -9999 -9999 -9999 -9999 -9999 -9999 -9999 -9999 -9999 -9999 -9999 -9999 -9999 -9999 -9999 -9999 -9999 -9999 -9999 -9999 -9999 -9999 -9999 -9999 -9999 -9999 -9999 -9999
