EcologicalScience/Bass/data/rs_data_bass/chl_202.asc
NCOLS 226 
NROWS 124 
XLLCORNER -9.41648524995501 
YLLCORNER 47.587301625531 
CELLSIZE 0.0833 
NODATA_value -9999 
[rows 0 to 26 of 124, columns 62 to 123 of 226]
-9999 -9999 -9999 -9999 -9999 -9999 -9999 -9999 -9999 -9999 -9999 -9999 -9999 -9999 -9999 -9999 -9999 -9999 -9999 -9999 -9999 -9999 -9999 -9999 -9999 -9999 -9999 -9999 -9999 -9999 -9999 -9999 -9999 -9999 -9999 -9999 -9999 -9999 -9999 -9999 -9999 -9999 -9999 -9999 -9999 -9999 -9999 -9999 -9999 -9999 -9999 -9999 -9999 -9999 -9999 -9999 -9999 -9999 -9999 -9999 -9999 -9999
-9999 -9999 -9999 -9999 -9999 -9999 -9999 -9999 -9999 -9999 -9999 -9999 -9999 -9999 -9999 -9999 -9999 -9999 -9999 -9999 -9999 -9999 -9999 -9999 -9999 -9999 -9999 -9999 -9999 -9999 -9999 -9999 -9999 -9999 -9999 -9999 -9999 -9999 -9999 -9999 -9999 -9999 -9999 -9999 -9999 -9999 -9999 -9999 -9999 -9999 -9999 -9999 -9999 -9999 -9999 -9999 -9999 -9999 -9999 -9999 -9999 -9999
-9999 -9999 -9999 -9999 -9999 -9999 -9999 -9999 -9999 -9999 -9999 -9999 -9999 -9999 -9999 -9999 -9999 -9999 -9999 -9999 -9999 -9999 -9999 -9999 -9999 -9999 -9999 -9999 -9999 -9999 -9999 -9999 -9999 -9999 -9999 -9999 -9999 -9999 -9999 -9999 -9999 -9999 -9999 -9999 -9999 -9999 -9999 -9999 -9999 -9999 -9999 -9999 -9999 -9999 -9999 -9999 -9999 -9999 -9999 -9999 -9999 -9999
-9999 -9999 -9999 -9999 -9999 -9999 -9999 -9999 -9999 -9999 -9999 -9999 -9999 -9999 -9999 -9999 -9999 -9999 -9999 -9999 -9999 -9999 -9999 -9999 -9999 -9999 -9999 -9999 -9999 -9999 -9999 -9999 -9999 -9999 -9999 -9999 -9999 -9999 -9999 -9999 -9999 -9999 -9999 -9999 -9999 -9999 -9999 -9999 -9999 -9999 -9999 -9999 -9999 -9999 -9999 -9999 -9999 -9999 -9999 -9999 -9999 -9999
-9999 -9999 -9999 -9999 -9999 -9999 -9999 -9999 -9999 -9999 -9999 -9999 -9999 -9999 -9999 -9999 -9999 -9999 -9999 -9999 -9999 -9999 -9999 -9999 -9999 -9999 -9999 -9999 -9999 -9999 -9999 -9999 -9999 -9999 -9999 -9999 -9999 -9999 -9999 -9999 -9999 -9999 -9999 -9999 -9999 -9999 -9999 -9999 -9999 -9999 -9999 -9999 -9999 -9999 -9999 -9999 -9999 -9999 -9999 -9999 -9999 -9999
-9999 -9999 -9999 -9999 -9999 -9999 -9999 -9999 -9999 -9999 -9999 -9999 -9999 -9999 -9999 -9999 -9999 -9999 -9999 -9999 -9999 -9999 -9999 -9999 -9999 -9999 -9999 -9999 0.63735419511795 0.925487736063282 3.13983821868896 2.28506916761398 3.38995957374573 0.945410639047623 1.08652576804161 1.19912329316139 1.21434071660042 1.38334348797798 1.46787446737289 2.04954864084721 1.93701633810997 1.71936039626598 1.58137576282024 1.76832975447178 1.35976535081863 1.21985471248627 0.948819726705551 0.828231006860733 0.724206000566483 0.659875497221947 0.64232625067234 0.713491514325142 0.754441469907761 0.700197011232376 0.561353981494904 0.535278752446175 3.09657412022352 0.828243792057037 0.907848715782166 1.10378926992416 0.705887608230114 0.998821467161179
-9999 -9999 -9999 -9999 -9999 -9999 -9999 -9999 -9999 -9999 -9999 -9999 -9999 -9999 -9999 -9999 -9999 -9999 -9999 -9999 -9999 -9999 -9999 -9999 -9999 -9999 1.18186515569687 1.0627324283123 1.30970773100853 1.2581504881382 1.69823616743088 2.29321503639221 2.21477168798447 2.13791692256927 1.6196216493845 2.17464302480221 1.02497327327728 1.39303877949715 0.955486536026001 0.907095730304718 0.912773251533508 0.962222278118134 0.948761254549026 1.64753289520741 1.70055529475212 0.93138000369072 0.757718235254288 0.633881986141205 0.705560266971588 0.709008738398552 0.692741230130196 0.675055503845215 0.740615978837013 0.719620496034622 0.694866746664047 0.745690494775772 0.722972989082336 2.37341409176588 4.23498746752739 4.32700692862272 3.78651487827301 4.40640561282635
-9999 -9999 -9999 -9999 -9999 -9999 -9999 -9999 -9999 -9999 -9999 -9999 -9999 -9999 -9999 -9999 -9999 -9999 -9999 -9999 -9999 -9999 -9999 -9999 -9999 -9999 1.18186515569687 1.07141697406769 0.94918504357338 1.15505701303482 1.29700353741646 1.3520992398262 1.79858922958374 2.0505119562149 2.19157129526138 1.95898729562759 1.47777754068375 1.65446215867996 1.08653622865677 1.03272825479507 0.950446486473083 0.801175475120544 0.768479973077774 0.753785222768784 0.698563501238823 0.697431743144989 0.636692270636559 0.641683503985405 0.670912519097328 0.64988999068737 0.546939745545387 0.579894751310349 0.586884766817093 0.63061349093914 1.83372853696346 0.784414865076542 0.443946003913879 0.336792759597301 0.318755999207497 0.326316006481647 0.532034978270531 0.605344489216805
-9999 -9999 -9999 -9999 -9999 -9999 -9999 -9999 -9999 -9999 -9999 -9999 -9999 -9999 -9999 -9999 -9999 -9999 -9999 -9999 -9999 -9999 -9999 -9999 -9999 -9999 2.35605525970459 0.919766217470169 0.93547198176384 1.54310166835785 2.38772481679916 2.20982104539871 2.3483310341835 2.18383580446243 2.20988702774048 2.03904229402542 1.74301654100418 1.59895724058151 1.35230550169945 0.985762506723404 0.781918466091156 0.731750249862671 0.759028494358063 0.772848755121231 0.834240764379501 0.677949741482735 0.742698758840561 0.782743513584137 0.83655372262001 0.536296516656876 0.634692013263702 4.76816529035568 2.9909235611558 0.888796493411064 0.431361369788647 0.687687769532204 0.885884642601013 0.31861424446106 0.352366492152214 0.32176499068737 0.385842740535736 1.04118036478758
-9999 -9999 -9999 -9999 -9999 -9999 -9999 -9999 -9999 -9999 -9999 -9999 -9999 -9999 -9999 -9999 -9999 -9999 -9999 -9999 -9999 -9999 -9999 -9999 -9999 1.19121462106705 2.52248704433441 2.616559445858 2.43636381626129 2.4860565662384 2.4191535115242 2.32054281234741 2.27476733922958 1.88794881105423 1.2939547598362 1.64070081710815 1.70617282390594 1.52986657619476 1.14788997173309 0.857118040323257 0.887483239173889 0.96511647105217 0.906798005104065 1.0254870057106 0.732813008129597 1.19260802865028 0.765493132174015 1.05105972290039 0.569518871605396 0.685697257518768 0.503379017114639 0.748042479157448 0.486471757292747 0.388874620199203 0.594657763838768 0.580989763140678 0.467843234539032 0.382895261049271 0.380905508995056 0.388928264379501 0.386197507381439 0.438083231449127
-9999 -9999 -9999 -9999 -9999 -9999 -9999 -9999 -9999 -9999 -9999 -9999 -9999 -9999 -9999 -9999 -9999 -9999 -9999 -9999 -9999 -9999 -9999 -9999 -9999 4.50387525558472 2.84017270803452 2.45594394207001 2.15545499324799 2.58593702316284 2.53474205732346 2.17242068052292 1.93230146169662 1.6399889588356 0.957277536392212 0.941722512245178 0.985901266336441 1.02499571442604 0.903957009315491 0.857059478759766 0.870398283004761 0.93824028968811 1.38654747605324 1.58670598268509 0.556004628539085 1.24812671542168 0.596079759299755 1.28683125972748 1.14024603366852 1.03373175859451 0.546113982796669 0.50714023411274 0.453584253787994 0.511461764574051 0.552384003996849 0.53804549574852 0.55707223713398 0.427550241351128 0.368688002228737 0.353215500712395 0.38773836940527 0.404988750815392
-9999 -9999 -9999 -9999 -9999 -9999 -9999 -9999 -9999 -9999 -9999 -9999 -9999 -9999 -9999 -9999 -9999 -9999 -9999 -9999 -9999 -9999 -9999 -9999 1.31647038459778 4.76364076137543 3.44722938537598 2.41400241851807 2.39680802822113 2.48049080371857 2.41673541069031 2.21842575073242 1.82919895648956 1.19957846403122 0.822458267211914 0.683463022112846 0.697670236229897 0.799006462097168 1.01461127400398 1.12860524654388 1.392652541399 1.27583402395248 1.40427678823471 1.26659023761749 0.46119712293148 0.387608628720045 1.27004697918892 1.42103773355484 1.31394222378731 1.04595896601677 0.808340281248093 0.459280505776405 0.391027495265007 0.420963764190674 0.428291246294975 0.433101743459702 0.380373761057854 0.515520751476288 0.459212243556976 0.348617255687714 0.519588768482208 0.552837744355202
-9999 -9999 -9999 -9999 -9999 -9999 -9999 -9999 -9999 -9999 -9999 -9999 -9999 -9999 -9999 -9999 -9999 -9999 -9999 -9999 -9999 -9999 -9999 1.50594073534012 3.99866938591003 2.53102952241898 2.15592366456985 2.5469543337822 2.92820620536804 2.55424726009369 2.25724196434021 1.90944904088974 1.61361676454544 1.34921398758888 1.17350703477859 0.645221248269081 0.562419757246971 0.536613017320633 0.594272240996361 0.732222765684128 0.743170514702797 0.734502017498016 0.724965736269951 0.638900980353355 0.704480990767479 0.530655741691589 0.565670996904373 0.599804252386093 0.530412018299103 0.496686771512032 0.442785769701004 0.389782503247261 0.435080230236053 0.512780249118805 0.452235013246536 0.409115999937057 0.39776399731636 0.537749245762825 0.428436756134033 0.689647480845451 0.729714006185532 0.742464020848274
-9999 -9999 -9999 -9999 -9999 -9999 -9999 -9999 -9999 -9999 -9999 -9999 -9999 -9999 -9999 -9999 -9999 -9999 -9999 -9999 -9999 -9999 3.49618113040924 3.13863837718964 3.41014122962952 2.63772743940353 2.42622005939484 3.18660378456116 2.90192180871964 1.96161818504333 1.71842622756958 1.5959295630455 1.49013975262642 1.23559945821762 1.02277877926826 0.678118497133255 0.544480517506599 0.561324745416641 0.488994732499123 0.453007489442825 0.405119240283966 0.430341750383377 0.613928228616714 0.754073292016983 0.5183444917202 0.523238986730576 0.492941245436668 0.477210760116577 0.375476986169815 0.394523978233337 0.379640266299248 0.54974927008152 0.676585480570793 0.725886002182961 0.649030521512032 0.682871997356415 0.416644122451544 0.851477980613708 0.467035487294197 0.623969256877899 0.68597249686718 0.741429761052132
-9999 -9999 -9999 -9999 -9999 -9999 -9999 -9999 -9999 -9999 -9999 -9999 -9999 -9999 -9999 -9999 -9999 -9999 -9999 -9999 2.64602583646774 1.86770722983589 3.12834084033966 2.97841358184814 2.50400841236115 2.11663645505905 2.400819003582 2.88203698396683 2.797827064991 2.01463955640793 1.53217202425003 1.34923195838928 1.1253727376461 0.841841965913773 0.678788244724274 0.613979235291481 0.50621397793293 0.505230009555817 0.499885484576225 0.528212249279022 0.471336767077446 0.515166744589806 0.585682511329651 0.538847990334034 0.682895243167877 0.562126502394676 0.5025465041399 0.511943981051445 0.505284011363983 0.519392251968384 0.526839002966881 0.515472739934921 0.577548757195473 0.687730506062508 0.626276984810829 0.892583280801773 0.632158488035202 0.404776878654957 0.999827206134796 0.429894760251045 0.415571227669716 0.613550260663033
-9999 -9999 -9999 -9999 -9999 -9999 -9999 -9999 -9999 -9999 -9999 -9999 -9999 -9999 -9999 -9999 -9999 -9999 -9999 -9999 2.17439486208618 3.68205535411835 3.80530571937561 3.00225591659546 2.36774772405624 1.52893567085266 1.74858230352402 1.73702555894852 1.77788633108139 1.60910707712173 1.13582628965378 1.01513403654099 1.03017827868462 0.746766731142998 0.4896300137043 0.447615757584572 0.460355266928673 0.469402492046356 0.535738483071327 0.569903254508972 0.56564100086689 0.5470290184021 0.57649952173233 0.54211351275444 0.580547243356705 0.556395001709461 0.56860426068306 0.587109759449959 0.496335759758949 0.422513991594315 0.43037773668766 0.6627007573843 0.731193736195564 0.781997233629227 0.813920259475708 0.720339730381966 0.391472987830639 0.994082987308502 0.954778522253036 0.388018503785133 0.367464758455753 0.886558502912521
-9999 -9999 -9999 -9999 -9999 -9999 -9999 -9999 -9999 -9999 -9999 -9999 -9999 -9999 -9999 -9999 -9999 -9999 -9999 1.84968227148056 2.02185076475143 2.3928217291832 1.95717376470566 2.03660917282104 1.74517500400543 1.46332427859306 1.46081703901291 1.37809878587723 1.51763927936554 1.37797048687935 1.04121673107147 0.862583220005035 0.667008742690086 0.482398509979248 0.467051982879639 0.46382175385952 0.418982997536659 0.480178490281105 0.488967731595039 0.521041497588158 0.571991980075836 0.549053236842155 0.572496771812439 0.599154755473137 0.6394372433424 0.751466989517212 0.524599492549896 0.524235740303993 0.510842978954315 0.527014508843422 0.514832228422165 0.528450362384319 0.465238876640797 0.407909240573645 0.414579380303621 0.91475772857666 0.797389537096024 0.64215749502182 0.635548487305641 0.672707989811897 0.677693992853165 0.340993870049715
-9999 -9999 -9999 -9999 -9999 -9999 -9999 -9999 -9999 -9999 -9999 -9999 -9999 -9999 -9999 -9999 -9999 -9999 5.20858418941498 4.081463098526 3.20746421813965 2.27795916795731 1.78075808286667 1.48796850442886 1.3452360033989 1.06034177541733 0.974085777997971 0.888822734355927 0.790411502122879 1.87116524577141 1.80057670176029 1.87635527551174 1.81735233217478 1.44477206468582 0.472999513149261 0.4453065097332 0.452139750123024 0.463540479540825 0.48327898979187 0.529607981443405 0.594284981489182 0.559254750609398 0.583445996046066 0.538062751293182 0.527342990040779 0.533727765083313 0.537815988063812 0.510217487812042 0.57607801258564 0.628471478819847 0.469357520341873 0.522750735282898 0.545147269964218 0.522936768829823 0.440801247954369 0.464624986052513 0.697931259870529 0.623011484742165 0.670807510614395 0.369618751108646 0.338164877146482 0.325372125953436
-9999 -9999 -9999 -9999 -9999 -9999 -9999 -9999 -9999 -9999 -9999 -9999 -9999 -9999 -9999 -9999 -9999 17.8729425165695 36.4899129867554 7.03950762748718 4.04051113128662 2.65261423587799 1.99963796138763 1.3487257361412 0.9897780418396 0.836298018693924 0.817813485860825 0.787286281585693 0.813848286867142 0.759054780006409 0.516650229692459 0.52861650288105 0.529014766216278 0.504992991685867 0.477872997522354 0.478074744343758 0.557846233248711 0.637452766299248 0.732219770550728 0.755859732627869 0.808183461427689 0.755503535270691 0.68970975279808 0.674887508153915 0.67042350769043 0.654363021254539 0.686759993433952 0.694133251905441 0.58840423822403 0.548288986086845 0.533852264285088 0.57488326728344 0.597082480788231 0.599404871463776 0.595330484211445 0.750303715467453 0.620989881455898 0.601912122219801 0.601442646235228 0.616555497050285 0.356790382415056 0.316266383975744
-9999 -9999 -9999 -9999 -9999 -9999 -9999 -9999 -9999 -9999 -9999 -9999 -9999 -9999 -9999 -9999 -9999 -9999 -9999 8.98705458641052 3.36495316028595 2.30488282442093 1.63645201921463 1.11453527212143 0.812996238470078 0.673240497708321 0.640994265675545 0.667351484298706 0.73863373696804 0.682361260056496 0.649037271738052 0.686945244669914 0.751108467578888 0.744205489754677 0.914243996143341 0.649573490023613 0.697377741336823 0.774085521697998 0.786648720502853 0.792011260986328 0.77430072426796 0.849484473466873 0.952583223581314 0.793510526418686 0.788742005825043 0.869309216737747 0.783743977546692 0.787346988916397 0.764590501785278 0.67128749191761 0.578636258840561 0.548155501484871 0.548507988452911 0.616454243659973 0.55612874776125 0.959498226642609 0.37762612849474 0.609561011195183 0.526446014642715 0.587270993739367 0.65819625556469 0.482455506920815
-9999 -9999 -9999 -9999 -9999 -9999 -9999 -9999 -9999 -9999 -9999 -9999 -9999 -9999 -9999 4.32696321736211 6.96796018612094 2.4643207937479 3.54881036281586 3.15182840824127 2.06983941793442 1.43132552504539 1.10655748844147 0.884852260351181 0.770739018917084 0.703466981649399 0.700841993093491 0.664723500609398 0.679611772298813 0.689540237188339 0.705740243196487 0.797411262989044 0.848115742206573 0.885311990976334 0.965328723192215 0.991077750921249 0.857414245605469 0.789232492446899 0.775075525045395 0.761595726013184 0.662274733185768 0.599406749010086 0.734679758548737 0.714644998311996 0.583830758929253 0.91731521487236 0.94241926074028 0.746233507990837 0.754085272550583 0.634570509195328 0.585237756371498 0.574098765850067 0.47069625556469 0.431747227907181 0.440619751811028 0.530446484684944 0.417684763669968 0.540336012840271 0.509951233863831 0.530800491571426 0.506778001785278 0.496773764491081
-9999 -9999 -9999 -9999 -9999 -9999 -9999 -9999 -9999 -9999 35.2986888885498 35.2986888885498 13.7248649597168 13.8518421649933 32.9182398319244 45.0686044692993 21.4795489311218 12.0283527374268 6.88078308105469 6.54518795013428 2.800685942173 1.29306676983833 1.23443475365639 0.948228746652603 0.898333489894867 0.912445485591888 0.935766041278839 0.924104243516922 0.948608994483948 0.941369265317917 0.950457036495209 0.934889227151871 0.86147403717041 0.836246967315674 0.902138292789459 0.930857241153717 0.922478288412094 0.912374228239059 0.903524994850159 0.818189978599548 0.753988534212112 0.794010758399963 0.7591732442379 0.576803997159004 0.578698486089706 0.694890752434731 0.90287321805954 0.607808992266655 0.557735994458199 0.663438767194748 0.653410479426384 0.569591984152794 0.570492759346962 0.52505698800087 0.503417998552322 0.484189510345459 0.361395008862019 0.329216256737709 0.413857519626617 0.299794502556324 0.303229495882988 0.297076508402824
-9999 -9999 -9999 -9999 -9999 -9999 -9999 -9999 -9999 -9999 35.2986888885498 5.53671398427751 25.4100909233093 8.79342466592789 9.2107754945755 57.3313179016113 13.6992796361446 3.40364994244142 6.76084802793984 2.18355498243781 5.02156341075897 2.12093406915665 1.71621894836426 1.20664948225021 0.954100459814072 0.964403986930847 0.973827749490738 1.03373023867607 0.953777253627777 0.9583620429039 0.943710744380951 0.920089513063431 0.917544722557068 0.940513461828232 0.956870287656784 0.927135765552521 0.947303205728531 0.95955303311348 0.841638743877411 0.816458255052567 0.788693994283676 0.826856285333633 0.84921070933342 0.83519920706749 0.993664473295212 0.999335289001465 1.02428779006004 0.6301079839468 0.606370478868484 0.662924230098724 0.642982497811317 0.687932252883911 0.673548728227615 0.60650172829628 0.537236228585243 0.370124258100986 0.324552744626999 0.311403751373291 0.346954509615898 0.373664259910583 0.369942739605904 0.366289503872395
-9999 -9999 -9999 -9999 -9999 -9999 -9999 -9999 -9999 -9999 -9999 -9999 11.0158767022274 55.6576936841011 40.3756574392319 7.04998480356657 -9999 -9999 -9999 -9999 -9999 -9999 3.10188066959381 3.71008265018463 1.25278803706169 1.05230927467346 1.19719576835632 1.22079446911812 1.17281323671341 1.05876526236534 0.949915498495102 0.976152777671814 0.942840725183487 0.924797236919403 0.980421781539917 1.00807875394821 1.04592302441597 1.04322525858879 0.991651475429535 1.02261829376221 1.11279076337814 1.19824424386024 1.22261327505112 1.20476701855659 1.13540920615196 1.10115900635719 1.05770552158356 0.891950279474258 0.797868758440018 0.752003967761993 0.789596289396286 0.783507764339447 0.554946765303612 0.537375748157501 0.525778502225876 0.341592751443386 0.337080739438534 0.349982991814613 0.371859759092331 0.393283501267433 0.396446987986565 0.426590234041214
-9999 -9999 -9999 -9999 -9999 -9999 -9999 -9999 -9999 -9999 -9999 -9999 -9999 16.6274771690369 16.6274771690369 16.6274771690369 -9999 -9999 -9999 -9999 -9999 -9999 4.94490551948547 4.94490551948547 4.94490551948547 0.308659605681896 1.42638301849365 2.51959651708603 2.10034507513046 1.45772176980972 1.22212797403336 1.08376649022102 1.20115873217583 1.2377325296402 1.15796926617622 1.0780117213726 1.09021353721619 1.11653324961662 1.13696247339249 1.01106378436089 1.01899945735931 1.12142103910446 1.18465197086334 1.10455647110939 1.04724222421646 1.12011078000069 1.06151470541954 1.12158599495888 0.915123380720615 0.875585988163948 0.836581885814667 0.94940847158432 1.31271001696587 1.66796708106995 0.784076236188412 0.322332009673119 0.416685730218887 0.468393757939339 0.439045518636703 0.388173758983612 0.367378503084183 0.427821010351181
-9999 -9999 -9999 -9999 -9999 -9999 -9999 -9999 -9999 -9999 -9999 -9999 -9999 -9999 -9999 -9999 -9999 -9999 -9999 -9999 -9999 -9999 -9999 -9999 -9999 -9999 6.70660400390625 4.58630311489105 3.31407523155212 1.85962200164795 1.54799616336823 1.6861424446106 1.44557324051857 1.22570246458054 1.26046648621559 1.41909304261208 1.59631133079529 1.54363721609116 1.41072526574135 1.38573226332664 0.816684722900391 0.866278499364853 0.868325293064117 1.07634902000427 1.19295671582222 0.965768963098526 0.980851471424103 1.07996401190758 1.11801597476006 0.880961984395981 1.74526727199554 1.46142527461052 0.762594357132912 0.799292989075184 0.946466982364655 0.802844256162643 0.681578993797302 0.373895242810249 0.526830017566681 0.353844009339809 0.418891489505768 0.45482924580574
-9999 -9999 -9999 -9999 -9999 -9999 -9999 -9999 -9999 -9999 -9999 -9999 -9999 -9999 -9999 -9999 -9999 -9999 -9999 -9999 -9999 -9999 -9999 -9999 -9999 -9999 -9999 9.68392192689996 4.25064289569855 3.38383269309998 2.45994526147842 1.41310277581215 1.3828184902668 1.47191771864891 1.54677754640579 1.66001182794571 1.84261500835419 1.80685722827911 1.63540953397751 1.27895135432482 0.533597230911255 0.504270762205124 0.518111988902092 1.31601378321648 1.39107298851013 1.19382753968239 0.988877981901169 0.782248489558697 0.768908634781837 0.765797227621078 0.787926726043224 0.340592242777348 0.764992877840996 0.933473289012909 1.06388846039772 0.864583522081375 0.902463734149933 1.7903745174408 1.46327698230743 0.714979134500027 0.464361771941185 0.316728003323078
