EcologicalScience/Bass/data/rs_data_bass/chl_375.asc
NCOLS 226 
NROWS 124 
XLLCORNER -9.41648524995501 
YLLCORNER 47.587301625531 
CELLSIZE 0.0833 
NODATA_value -9999 
[rows 0 to 26 of 124, columns 62 to 123 of 226]
-9999 -9999 -9999 -9999 -9999 -9999 -9999 -9999 -9999 -9999 -9999 -9999 -9999 -9999 -9999 -9999 -9999 -9999 -9999 -9999 -9999 -9999 -9999 -9999 -9999 -9999 -9999 -9999 -9999 -9999 -9999 -9999 -9999 -9999 -9999 -9999 -9999 -9999 -9999 -9999 -9999 -9999 -9999 -9999 -9999 -9999 -9999 -9999 -9999 -9999 -9999 -9999 -9999 -9999 -9999 -9999 -9999 -9999 -9999 -9999 -9999 -9999
-9999 -9999 -9999 -9999 -9999 -9999 -9999 -9999 -9999 -9999 -9999 -9999 -9999 -9999 -9999 -9999 -9999 -9999 -9999 -9999 -9999 -9999 -9999 -9999 -9999 -9999 -9999 -9999 -9999 -9999 -9999 -9999 -9999 -9999 -9999 -9999 -9999 -9999 -9999 -9999 -9999 -9999 -9999 -9999 -9999 -9999 -9999 -9999 -9999 -9999 -9999 -9999 -9999 -9999 -9999 -9999 -9999 -9999 -9999 -9999 -9999 -9999
-9999 -9999 -9999 -9999 -9999 -9999 -9999 -9999 -9999 -9999 -9999 -9999 -9999 -9999 -9999 -9999 -9999 -9999 -9999 -9999 -9999 -9999 -9999 -9999 -9999 -9999 -9999 -9999 -9999 -9999 -9999 -9999 -9999 -9999 -9999 -9999 -9999 -9999 -9999 -9999 -9999 -9999 -9999 -9999 -9999 -9999 -9999 -9999 -9999 -9999 -9999 -9999 -9999 -9999 -9999 -9999 -9999 -9999 -9999 -9999 -9999 -9999
-9999 -9999 -9999 -9999 -9999 -9999 -9999 -9999 -9999 -9999 -9999 -9999 -9999 -9999 -9999 -9999 -9999 -9999 -9999 -9999 -9999 -9999 -9999 -9999 -9999 -9999 -9999 -9999 -9999 -9999 -9999 -9999 -9999 -9999 -9999 -9999 -9999 -9999 -9999 -9999 -9999 -9999 -9999 -9999 -9999 -9999 -9999 -9999 -9999 -9999 -9999 -9999 -9999 -9999 -9999 -9999 -9999 -9999 -9999 -9999 -9999 -9999
-9999 -9999 -9999 -9999 -9999 -9999 -9999 -9999 -9999 -9999 -9999 -9999 -9999 -9999 -9999 -9999 -9999 -9999 -9999 -9999 -9999 -9999 -9999 -9999 -9999 -9999 -9999 -9999 -9999 -9999 -9999 -9999 -9999 -9999 -9999 -9999 -9999 -9999 -9999 -9999 -9999 -9999 -9999 -9999 -9999 -9999 -9999 -9999 -9999 -9999 -9999 -9999 -9999 -9999 -9999 -9999 -9999 -9999 -9999 -9999 -9999 -9999
-9999 -9999 -9999 -9999 -9999 -9999 -9999 -9999 -9999 -9999 -9999 -9999 -9999 -9999 -9999 -9999 -9999 -9999 -9999 -9999 -9999 -9999 -9999 -9999 -9999 -9999 -9999 -9999 0.63735419511795 1.30027803920046 1.15076532534191 0.674867112846935 0.607343678965288 0.639366572394091 0.626479783478905 0.541619519392649 0.467420731981595 0.473082661628723 0.448177481691043 0.637220978736877 0.646193996071815 0.653416514396667 0.499108680030879 0.497041425284217 0.506583134041113 0.504034925033064 0.551924228668213 0.51587475836277 0.513790503144264 0.524612233042717 0.519494265317917 0.488321229815483 0.488741979002953 0.49813574552536 0.506302490830421 0.400098845800933 0.387609069838243 0.404211064033649 0.409941305132473 0.456476256251335 0.436761751770973 0.432884261012077
-9999 -9999 -9999 -9999 -9999 -9999 -9999 -9999 -9999 -9999 -9999 -9999 -9999 -9999 -9999 -9999 -9999 -9999 -9999 -9999 -9999 -9999 -9999 -9999 -9999 -9999 1.18186515569687 1.0627324283123 4.63430482926576 1.36614301800728 1.04581278562546 0.795356512069702 0.709403072794278 0.682077233990033 0.608517056002336 0.616970534710323 0.579873291008613 0.672700479626656 0.719817012548447 0.701972991228104 0.682850271463394 0.63867974281311 0.621600016951561 0.625352248549461 0.584654241800308 0.543403521180153 0.485354259610176 0.509096994996071 0.531473994255066 0.538994237780571 0.511548757553101 0.502090483903885 0.517781987786293 0.533205762505531 0.552237018942833 0.52455823123455 0.490688234567642 0.396871281897321 0.371422674726037 0.44608274102211 0.444530233740807 0.419172763824463
-9999 -9999 -9999 -9999 -9999 -9999 -9999 -9999 -9999 -9999 -9999 -9999 -9999 -9999 -9999 -9999 -9999 -9999 -9999 -9999 -9999 -9999 -9999 -9999 -9999 -9999 1.18186515569687 1.89374256134033 1.72892475128174 1.17648223042488 0.89547523856163 0.817050039768219 0.804455280303955 0.71372777223587 0.717407986521721 0.732252761721611 0.723204016685486 0.711453750729561 0.725241020321846 0.691199988126755 0.662121757864952 0.62303701043129 0.568263062659432 0.619490996003151 0.591278985142708 0.549548238515854 0.508047696422128 0.507238960441421 0.572110489010811 0.558097511529922 0.53508223593235 0.53448598086834 0.518363267183304 0.535298243165016 0.538390517234802 0.516418486833572 0.502351507544518 0.478306487202644 0.463729485869408 0.440749481320381 0.399802520871162 0.391850262880325
-9999 -9999 -9999 -9999 -9999 -9999 -9999 -9999 -9999 -9999 -9999 -9999 -9999 -9999 -9999 -9999 -9999 -9999 -9999 -9999 -9999 -9999 -9999 -9999 -9999 -9999 1.87787448508399 1.5419408082962 1.15744578838348 0.874531477689743 0.669599980115891 0.797301739454269 0.744851991534233 0.703740745782852 0.764567971229553 0.772439986467361 0.736862272024155 0.725694760680199 0.687564745545387 0.691462486982346 0.685144498944283 0.640570521354675 0.61183574795723 0.602269515395164 0.592614009976387 0.528999227811308 0.658896759152412 0.63681373000145 0.578513234853745 0.467373299686348 0.467104112400728 0.487554830663344 0.439318528070169 0.519345000386238 0.514115989208221 0.526157230138779 0.483627006411552 0.424697265028954 0.46610851585865 0.454945519566536 0.417591735720634 0.404987990856171
-9999 -9999 -9999 -9999 -9999 -9999 -9999 -9999 -9999 -9999 -9999 -9999 -9999 -9999 -9999 -9999 -9999 -9999 -9999 -9999 -9999 -9999 -9999 -9999 -9999 1.19121462106705 1.2500359877944 1.28549775481224 1.0723552107811 0.959106713533401 0.742691614172038 0.951270014047623 0.897024750709534 0.83195623755455 0.796203017234802 0.800244033336639 0.787743777036667 0.778598248958588 0.706899762153625 0.6861442476511 0.647027984261513 0.65345473587513 0.629943743348122 0.594995990395546 0.587548479437828 0.581920489668846 0.58415324985981 0.541968002915382 0.515882983803749 0.494672253727913 0.506414249539375 0.470901757478714 0.381178722223815 0.362796126481365 0.335587458064159 0.329843158523242 0.400476450721423 0.455427020788193 0.430064991116524 0.419709742069244 0.407515481114388 0.397171497344971
-9999 -9999 -9999 -9999 -9999 -9999 -9999 -9999 -9999 -9999 -9999 -9999 -9999 -9999 -9999 -9999 -9999 -9999 -9999 -9999 -9999 -9999 -9999 -9999 -9999 1.41718981297393 1.36624726653099 1.01429381469886 0.955500036478043 0.86005425453186 0.846753716468811 0.951465010643005 0.910807460546494 0.796673208475113 0.8969347178936 0.87346351146698 0.809647500514984 0.778625965118408 0.736926734447479 0.732883483171463 0.723108753561974 0.696577504277229 0.658928230404854 0.654090017080307 0.630771741271019 0.576819017529488 0.58483649790287 0.58414426445961 0.532080754637718 0.510512977838516 0.508327513933182 0.492168009281158 0.468217492103577 0.452366262674332 0.445941746234894 0.431337743997574 0.410795241594315 0.424651488661766 0.441795766353607 0.421389743685722 0.40965972840786 0.403011739253998
-9999 -9999 -9999 -9999 -9999 -9999 -9999 -9999 -9999 -9999 -9999 -9999 -9999 -9999 -9999 -9999 -9999 -9999 -9999 -9999 -9999 -9999 -9999 -9999 1.31647038459778 1.4302042722702 1.24841701984406 1.11544722318649 0.980505019426346 0.942803978919983 0.86745822429657 0.802400976419449 0.898652225732803 0.929139733314514 0.897962272167206 0.851257503032684 0.838098764419556 0.823671787977219 0.796801507472992 0.741894766688347 0.765872240066528 0.734458521008492 0.702449262142181 0.679656744003296 0.657404243946075 0.631179749965668 0.604232981801033 0.612540766596794 0.612251982092857 0.570078000426292 0.518517762422562 0.545096978545189 0.540617242455482 0.497487768530846 0.465709492564201 0.44419276714325 0.440623506903648 0.418974012136459 0.427869737148285 0.447051018476486 0.443909257650375 0.445185005664825
-9999 -9999 -9999 -9999 -9999 -9999 -9999 -9999 -9999 -9999 -9999 -9999 -9999 -9999 -9999 -9999 -9999 -9999 -9999 -9999 -9999 -9999 -9999 1.50594073534012 1.37730896472931 1.14198598265648 0.985188782215118 0.954498767852783 0.969881236553192 0.819987773895264 0.83934822678566 0.866646766662598 0.883005023002625 0.877073228359222 0.883020758628845 0.830978214740753 0.851016730070114 0.852859497070312 0.829655975103378 0.808728039264679 0.787246495485306 0.745725005865097 0.697732508182526 0.68742299079895 0.68775075674057 0.681383237242699 0.650435999035835 0.606815993785858 0.612850517034531 0.624353259801865 0.595752730965614 0.567377999424934 0.531617984175682 0.513858005404472 0.506860479712486 0.515936985611916 0.430827006697655 0.468086242675781 0.460946246981621 0.448277235031128 0.453352510929108 0.45754873752594
-9999 -9999 -9999 -9999 -9999 -9999 -9999 -9999 -9999 -9999 -9999 -9999 -9999 -9999 -9999 -9999 -9999 -9999 -9999 -9999 -9999 -9999 2.83295470476151 2.10393083095551 1.55499976873398 1.13345173001289 1.12677597999573 0.993516772985458 0.939206957817078 0.900317251682281 0.915505528450012 0.903642743825912 0.884748011827469 0.875858277082443 0.907548040151596 0.892746716737747 0.894122958183289 0.895625978708267 0.851429253816605 0.829530715942383 0.7967249751091 0.736881762742996 0.735099747776985 0.737806499004364 0.731673762202263 0.71203051507473 0.706297516822815 0.710886731743813 0.70924124121666 0.70907923579216 0.638551488518715 0.592389732599258 0.578610017895699 0.576961487531662 0.588599994778633 0.548723995685577 0.496218010783195 0.490068733692169 0.467919006943703 0.473763763904572 0.470171257853508 0.503272488713264
-9999 -9999 -9999 -9999 -9999 -9999 -9999 -9999 -9999 -9999 -9999 -9999 -9999 -9999 -9999 -9999 -9999 -9999 -9999 -9999 2.64602583646774 2.19553312356459 2.31483149528503 1.92093372344971 1.33974301815033 1.15414202213287 1.07875952124596 1.09237271547318 1.00971373915672 0.975794970989227 0.979679256677628 0.931766957044601 0.914369255304337 0.964919239282608 0.951940476894379 0.972876012325287 0.940184265375137 0.944822251796722 0.902295023202896 0.870372712612152 0.883591532707214 0.859462469816208 0.831912785768509 0.829153507947922 0.806241005659103 0.77482795715332 0.782651960849762 0.810620248317719 0.813710957765579 0.763323783874512 0.724324509501457 0.662375271320343 0.641108259558678 0.611331760883331 0.605876997113228 0.544625982642174 0.53777477145195 0.511648491024971 0.494589731097221 0.536272510886192 0.538311749696732 0.508910268545151
-9999 -9999 -9999 -9999 -9999 -9999 -9999 -9999 -9999 -9999 -9999 -9999 -9999 -9999 -9999 -9999 -9999 -9999 -9999 -9999 2.31245795083945 2.14924657344818 1.82853001356125 1.53495079278946 1.18024349212646 1.15655028820038 1.13469895720482 1.20756071805954 1.17152327299118 1.04177775979042 0.990166515111923 0.937916994094849 0.914433002471924 0.983576238155365 1.04215425252914 0.981368243694305 0.986073732376099 0.962177217006683 0.888102024793625 0.870415538549423 0.905850023031235 0.924249708652496 0.900955528020859 0.875501990318298 0.822416961193085 0.826903492212296 0.815687209367752 0.873848229646683 0.857886761426926 0.842098474502563 0.896600246429443 0.816458970308304 0.715172231197357 0.669606730341911 0.691546484827995 0.630270749330521 0.594124495983124 0.579612001776695 0.533973768353462 0.548405259847641 0.589048504829407 0.588113978505135
-9999 -9999 -9999 -9999 -9999 -9999 -9999 -9999 -9999 -9999 -9999 -9999 -9999 -9999 -9999 -9999 -9999 -9999 -9999 3.80837795313667 1.73800420761108 1.47225299477577 1.41301649808884 1.37117922306061 1.24420577287674 1.1824357509613 1.10343754291534 1.03307846188545 0.991863012313843 1.03525874018669 1.03727477788925 1.04804545640945 1.01715901494026 1.00481995940208 1.00317978858948 0.981488227844238 1.03432273864746 1.02198296785355 1.00570571422577 1.00804799795151 0.952582508325577 0.966089218854904 0.921854227781296 0.924567729234695 0.928234487771988 0.945951730012894 0.85095602273941 0.848234206438065 0.916341036558151 0.953180998563766 0.917222231626511 0.843338280916214 0.746700748801231 0.746409013867378 0.73648501932621 0.734414979815483 0.613047748804092 0.627434983849525 0.628371745347977 0.65616001188755 0.685823231935501 0.62280298769474
-9999 -9999 -9999 -9999 -9999 -9999 -9999 -9999 -9999 -9999 -9999 -9999 -9999 -9999 -9999 -9999 -9999 -9999 3.40179312229156 2.61710929870605 1.97903770208359 1.73821878433228 1.60484933853149 1.36384722590446 1.27543875575066 1.21160396933556 1.18121096491814 0.985098034143448 1.00074452161789 0.977222263813019 0.92033851146698 1.02184197306633 1.05818098783493 1.14159822463989 1.1105489730835 1.08179846405983 1.02709874510765 1.02884995937347 1.11239397525787 1.04495474696159 1.00399500131607 1.06255647540092 1.04045552015305 1.06210577487946 0.998725533485413 0.966474741697311 1.03748926520348 0.962975263595581 1.00184628367424 0.906134963035583 0.854353487491608 0.818064004182816 0.795282036066055 0.792487531900406 0.82149150967598 0.792131960391998 0.753464251756668 0.746739014983177 0.720426768064499 0.700624510645866 0.661903515458107 0.640587016940117
-9999 -9999 -9999 -9999 -9999 -9999 -9999 -9999 -9999 -9999 -9999 -9999 -9999 -9999 -9999 -9999 -9999 34.4531870577377 2.67344927787781 2.51759326457977 2.23289483785629 1.95470470190048 1.69941008090973 1.43322676420212 1.325065523386 1.20067799091339 1.27286472916603 1.28217977285385 1.14755550026894 1.13234397768974 1.03335222601891 1.03380078077316 1.05934873223305 1.07602652907372 1.09892401099205 1.20076274871826 1.20815554261208 1.08581703901291 1.06836971640587 1.04937297105789 1.03187620639801 0.996639758348465 1.00090500712395 0.983408242464066 1.04236650466919 1.0589804649353 1.07282102108002 1.03827077150345 0.900612026453018 0.819357722997665 0.843120753765106 0.863048225641251 0.835205286741257 0.805672466754913 0.804010480642319 0.798897743225098 0.807230293750763 0.806405961513519 0.785711288452148 0.788628727197647 0.766457229852676 0.717974245548248
-9999 -9999 -9999 -9999 -9999 -9999 -9999 -9999 -9999 -9999 -9999 -9999 -9999 -9999 -9999 -9999 -9999 -9999 -9999 1.64473575353622 1.98979657888412 1.82301753759384 1.64979368448257 1.5242714881897 1.71222746372223 1.55515873432159 1.6208969950676 1.56197619438171 1.27340546250343 1.24077227711678 1.14864447712898 1.11134853959084 1.06899601221085 1.07944276928902 1.04353871941566 0.959103763103485 0.933966726064682 1.26688197255135 1.17165300250053 1.12045723199844 1.06444877386093 0.998437464237213 1.00683975219727 1.04136076569557 1.0429320037365 1.07620203495026 1.06881076097488 1.06212446093559 0.924679487943649 0.870436459779739 0.883875757455826 0.911320477724075 0.846459031105042 0.850459456443787 0.84857851266861 0.81938847899437 0.895882487297058 0.890142023563385 0.855642735958099 0.801839232444763 0.801347225904465 0.770612239837646
-9999 -9999 -9999 -9999 -9999 -9999 -9999 -9999 -9999 -9999 -9999 -9999 -9999 -9999 -9999 43.8935436360976 3.95675855333155 2.63847953081131 1.95882081985474 1.79858994483948 1.72733545303345 1.70914882421494 1.66385847330093 1.41246226429939 1.36783728003502 1.45517778396606 1.48410299420357 1.47792899608612 1.47299471497536 1.36217701435089 1.33363196253777 1.18264952301979 1.18794223666191 1.05615895986557 1.06670549511909 0.977580785751343 0.976110756397247 1.11854320764542 1.05951601266861 1.04026874899864 0.966393738985062 0.971824496984482 1.01466903090477 1.07133677601814 1.01801472902298 1.02332997322083 1.06022250652313 0.923613756895065 0.889034271240234 0.872354239225388 0.921597719192505 0.941208779811859 0.879062980413437 0.820683002471924 0.807309776544571 0.790809720754623 0.851624965667725 0.809084236621857 0.807794272899628 0.844655245542526 0.828252732753754 0.798090755939484
-9999 -9999 -9999 -9999 -9999 -9999 -9999 -9999 -9999 -9999 35.2986888885498 35.2986888885498 13.7248649597168 2.39379608631134 2.27306771278381 2.26185894012451 2.16985130310059 2.14356458187103 2.09874218702316 2.23939955234528 2.03970891237259 1.62849605083466 1.35745203495026 1.26953020691872 1.21669498085976 1.30292621254921 1.32387372851372 1.2805800139904 1.23193949460983 1.31546026468277 1.27422970533371 1.55340456962585 1.41493275761604 1.12896448373795 0.971169769763947 0.820957481861115 0.794241786003113 0.925235241651535 0.968512505292892 0.917105287313461 0.893258213996887 0.977967739105225 1.04437199234962 0.984137266874313 0.955514967441559 1.03733772039413 1.01235374808311 0.964408457279205 0.947750240564346 0.974054217338562 0.953958749771118 0.915588766336441 0.823275715112686 0.815325021743774 0.815142720937729 0.817408472299576 0.829746723175049 0.827917456626892 0.802865266799927 0.811831533908844 0.826939523220062 0.811773777008057
-9999 -9999 -9999 -9999 -9999 -9999 -9999 -9999 -9999 -9999 35.2986888885498 7.24422285773537 4.11637258529663 3.04836058616638 3.25786292552948 2.61210823059082 2.5395285487175 8.25979095697403 3.24526407636038 28.1080528630151 2.75214904546738 1.87029683589935 2.60126852989197 2.96871757507324 3.30782926082611 1.4781180024147 1.2984225153923 1.31272879242897 1.28207176923752 1.22461196780205 1.0639979839325 1.0757594704628 1.01019528508186 1.01798996329308 0.865436285734177 0.8984295129776 0.916348457336426 0.92647048830986 0.947758466005325 0.970830738544464 0.919943958520889 0.975519776344299 1.0166497528553 1.00797227025032 1.0074397623539 1.00721177458763 1.06505924463272 0.94355320930481 0.950261235237122 0.911078989505768 0.887723207473755 0.801690727472305 0.770134538412094 0.775663465261459 0.828858733177185 0.787508994340897 0.707495257258415 0.724729478359222 0.726866260170937 0.741152241826057 0.760221004486084 0.817430287599564
-9999 -9999 -9999 -9999 -9999 -9999 -9999 -9999 -9999 -9999 -9999 -9999 1.56415964548404 4.13189041614532 3.9128497838974 3.84391652047634 -9999 -9999 -9999 -9999 -9999 -9999 4.14647645810071 3.60282740172218 2.91454349545872 1.67862975597382 1.42263972759247 1.68358200788498 1.41563174128532 1.24427247047424 0.938244760036469 0.86610147356987 0.805744528770447 0.71059276163578 0.780798733234406 0.932049036026001 0.919960498809814 0.950539469718933 0.833889752626419 0.935834258794785 0.940227717161179 0.979142993688583 0.960383981466293 0.952023714780807 0.902958780527115 1.02178725600243 0.974325031042099 0.877759516239166 0.891856491565704 0.899214774370193 0.858183771371841 0.772887736558914 0.750291734933853 0.716215521097183 0.685143738985062 0.683121755719185 0.681470990180969 0.682433992624283 0.685869768261909 0.683367758989334 0.687433496117592 0.735441729426384
-9999 -9999 -9999 -9999 -9999 -9999 -9999 -9999 -9999 -9999 -9999 -9999 -9999 16.6274771690369 16.6274771690369 16.6274771690369 -9999 -9999 -9999 -9999 -9999 -9999 4.94490551948547 4.94490551948547 4.94490551948547 0.308659605681896 1.77856492996216 1.31937298178673 1.26058128476143 1.44686329364777 1.26057976484299 1.03181245923042 0.97833976149559 0.992630213499069 0.960603028535843 0.924927771091461 1.00637170672417 0.960454523563385 0.866355031728745 0.838247984647751 0.884410500526428 0.920228272676468 0.927917271852493 0.943973243236542 0.939721494913101 0.946755766868591 0.950346708297729 0.831189036369324 0.899408251047134 0.84585303068161 0.776126235723495 0.701595738530159 0.686392486095428 0.673787266016006 0.677393227815628 0.653422504663467 0.680011510848999 0.695647493004799 0.717901512980461 0.697116762399673 0.721493259072304 0.74378702044487
-9999 -9999 -9999 -9999 -9999 -9999 -9999 -9999 -9999 -9999 -9999 -9999 -9999 -9999 -9999 -9999 -9999 -9999 -9999 -9999 -9999 -9999 -9999 -9999 -9999 -9999 9.74478366971016 1.78601932525635 2.09636467695236 1.57843279838562 1.26913422346115 1.31554421782494 1.29321527481079 1.21450129151344 1.06520774960518 1.02047923207283 1.02425622940063 0.809483975172043 0.783162027597427 0.83855402469635 0.821161508560181 0.824801981449127 0.809913039207458 0.860416531562805 0.906450748443604 0.890580743551254 0.85837796330452 0.810982525348663 0.861027717590332 0.776038527488708 0.737363263964653 0.701463729143143 0.676396518945694 0.676442250609398 0.665616005659103 0.668973013758659 0.642331480979919 0.602961748838425 0.598707765340805 0.635591983795166 0.683905497193336 0.68214525282383
-9999 -9999 -9999 -9999 -9999 -9999 -9999 -9999 -9999 -9999 -9999 -9999 -9999 -9999 -9999 -9999 -9999 -9999 -9999 -9999 -9999 -9999 -9999 -9999 -9999 -9999 -9999 4.22383556040851 3.59651863574982 1.48242956958711 2.10929542779922 1.48826470971107 1.40140503644943 1.42351350188255 1.25886824727058 1.14066821336746 0.876292526721954 0.819212973117828 0.865238964557648 0.7863509953022 0.770577013492584 0.783463507890701 0.844235211610794 0.845869481563568 0.792186766862869 0.784563034772873 0.764133006334305 0.723769515752792 0.726817488670349 0.696569994091988 0.685744509100914 0.671869486570358 0.658741503953934 0.650323480367661 0.647141262888908 0.636702731251717 0.606529489159584 0.590450271964073 0.595166981220245 0.614658012986183 0.620640769600868 0.625272005796432
