EcologicalScience/Bass/data/rs_data_bass/chl_138.asc
NCOLS 226 
NROWS 124 
XLLCORNER -9.41648524995501 
YLLCORNER 47.587301625531 
CELLSIZE 0.0833 
NODATA_value -9999 
[rows 0 to 26 of 124, columns 62 to 123 of 226]
-9999 -9999 -9999 -9999 -9999 -9999 -9999 -9999 -9999 -9999 -9999 -9999 -9999 -9999 -9999 -9999 -9999 -9999 -9999 -9999 -9999 -9999 -9999 -9999 -9999 -9999 -9999 -9999 -9999 -9999 -9999 -9999 -9999 -9999 -9999 -9999 -9999 -9999 -9999 -9999 -9999 -9999 -9999 -9999 -9999 -9999 -9999 -9999 -9999 -9999 -9999 -9999 -9999 -9999 -9999 -9999 -9999 -9999 -9999 -9999 -9999 -9999
-9999 -9999 -9999 -9999 -9999 -9999 -9999 -9999 -9999 -9999 -9999 -9999 -9999 -9999 -9999 -9999 -9999 -9999 -9999 -9999 -9999 -9999 -9999 -9999 -9999 -9999 -9999 -9999 -9999 -9999 -9999 -9999 -9999 -9999 -9999 -9999 -9999 -9999 -9999 -9999 -9999 -9999 -9999 -9999 -9999 -9999 -9999 -9999 -9999 -9999 -9999 -9999 -9999 -9999 -9999 -9999 -9999 -9999 -9999 -9999 -9999 -9999
-9999 -9999 -9999 -9999 -9999 -9999 -9999 -9999 -9999 -9999 -9999 -9999 -9999 -9999 -9999 -9999 -9999 -9999 -9999 -9999 -9999 -9999 -9999 -9999 -9999 -9999 -9999 -9999 -9999 -9999 -9999 -9999 -9999 -9999 -9999 -9999 -9999 -9999 -9999 -9999 -9999 -9999 -9999 -9999 -9999 -9999 -9999 -9999 -9999 -9999 -9999 -9999 -9999 -9999 -9999 -9999 -9999 -9999 -9999 -9999 -9999 -9999
-9999 -9999 -9999 -9999 -9999 -9999 -9999 -9999 -9999 -9999 -9999 -9999 -9999 -9999 -9999 -9999 -9999 -9999 -9999 -9999 -9999 -9999 -9999 -9999 -9999 -9999 -9999 -9999 -9999 -9999 -9999 -9999 -9999 -9999 -9999 -9999 -9999 -9999 -9999 -9999 -9999 -9999 -9999 -9999 -9999 -9999 -9999 -9999 -9999 -9999 -9999 -9999 -9999 -9999 -9999 -9999 -9999 -9999 -9999 -9999 -9999 -9999
-9999 -9999 -9999 -9999 -9999 -9999 -9999 -9999 -9999 -9999 -9999 -9999 -9999 -9999 -9999 -9999 -9999 -9999 -9999 -9999 -9999 -9999 -9999 -9999 -9999 -9999 -9999 -9999 -9999 -9999 -9999 -9999 -9999 -9999 -9999 -9999 -9999 -9999 -9999 -9999 -9999 -9999 -9999 -9999 -9999 -9999 -9999 -9999 -9999 -9999 -9999 -9999 -9999 -9999 -9999 -9999 -9999 -9999 -9999 -9999 -9999 -9999
-9999 -9999 -9999 -9999 -9999 -9999 -9999 -9999 -9999 -9999 -9999 -9999 -9999 -9999 -9999 -9999 -9999 -9999 -9999 -9999 -9999 -9999 -9999 -9999 -9999 -9999 -9999 -9999 0.63735419511795 0.786836988081897 2.14942751079798 1.22372426837683 1.14709416031837 1.02126205712557 0.922358494251966 0.817060120403767 0.801164276897907 0.764315139502287 0.755052085965872 0.737050602212548 0.733838824555278 0.725378260016441 0.68786558881402 0.640372395515442 0.615465000271797 0.618710909038782 0.643082158640027 0.661787074059248 0.659320307895541 0.65781176649034 0.629790768027306 0.635348813608289 0.624042838811874 0.621787128970027 0.658101283013821 0.662760933861136 0.677930988371372 0.683743122965097 0.665165349841118 0.695176245644689 0.689554508775473 0.685948491096497
-9999 -9999 -9999 -9999 -9999 -9999 -9999 -9999 -9999 -9999 -9999 -9999 -9999 -9999 -9999 -9999 -9999 -9999 -9999 -9999 -9999 -9999 -9999 -9999 -9999 -9999 1.18186515569687 1.0627324283123 2.55005072057247 2.12905671447515 1.98587170243263 1.70198161527514 1.51020040735602 1.18320090696216 0.935187298804522 0.821858815848827 0.828349426388741 0.830761794000864 0.825265567749739 0.823402661830187 0.80082893371582 0.773073758929968 0.733180750161409 0.698337284848094 0.682648049667478 0.663121590390801 0.726665060967207 0.724605571478605 0.645826684311032 0.676703341305256 0.679300602525473 0.683447057381272 0.669605327770114 0.745843129232526 0.672118032351136 0.688514901325107 0.67864396981895 0.648182345554233 0.692266037687659 0.677839485928416 0.676002396270633 0.660741548985243
-9999 -9999 -9999 -9999 -9999 -9999 -9999 -9999 -9999 -9999 -9999 -9999 -9999 -9999 -9999 -9999 -9999 -9999 -9999 -9999 -9999 -9999 -9999 -9999 -9999 -9999 1.18186515569687 2.437928840518 2.19608804583549 1.80612746626139 1.55455560609698 1.2935420460999 1.02940002456307 0.943770568817854 0.906762007623911 0.854596696794033 0.844866950064898 0.813316158950329 0.785657644271851 0.766967542469501 0.762240305542946 0.74839106015861 0.754381310194731 0.743067551404238 0.734497295692563 0.695043845102191 0.713617321103811 0.710898913443089 0.700018772855401 0.68349957279861 0.693321844562888 0.649938577786088 0.630102647468448 0.582279654219747 0.602177632972598 0.670189959928393 0.708048764616251 0.677681989967823 0.676673915237188 0.695292927324772 0.370025852322578 0.677273545414209
-9999 -9999 -9999 -9999 -9999 -9999 -9999 -9999 -9999 -9999 -9999 -9999 -9999 -9999 -9999 -9999 -9999 -9999 -9999 -9999 -9999 -9999 -9999 -9999 -9999 -9999 2.63425055891275 2.85323676466942 2.54790431633592 1.76817766204476 1.37340950220823 1.154714807868 1.10789699479938 0.922089759260416 0.912521313875914 0.878865111619234 0.880782097578049 0.851262465119362 0.810920264571905 0.772667158395052 0.766447115689516 0.762040039524436 0.772785734385252 0.747150376439095 0.705541793256998 0.699027188122272 0.714969942346215 0.71888997964561 0.716888705268502 0.668993733823299 0.670837791636586 0.664291312918067 0.621409669518471 0.652079360559583 0.699712704867125 0.663408938795328 0.66814997792244 0.868886159732938 0.358810637891293 0.373363941907883 0.4096759557724 0.633491428568959
-9999 -9999 -9999 -9999 -9999 -9999 -9999 -9999 -9999 -9999 -9999 -9999 -9999 -9999 -9999 -9999 -9999 -9999 -9999 -9999 -9999 -9999 -9999 -9999 -9999 1.19121462106705 2.9406837746501 2.38727829605341 1.9877274222672 1.59613182395697 1.40582345053554 1.33635883033276 1.19266127049923 0.997905682772398 0.936892881989479 0.974610842764378 0.940622705966234 0.900092337280512 0.843993220478296 0.803271761164069 0.78743670322001 0.785756930708885 0.782354274764657 0.737983401864767 0.688019793480635 0.741498274728656 0.713374687358737 0.711913665756583 0.665828615427017 0.62511919811368 0.648000452667475 0.695736458525062 0.704240072518587 0.418508698046207 0.679909408092499 0.657282650470734 0.660087022930384 0.659187655895948 0.729533426463604 0.725018424913287 0.683047170440356 0.663392479221026
-9999 -9999 -9999 -9999 -9999 -9999 -9999 -9999 -9999 -9999 -9999 -9999 -9999 -9999 -9999 -9999 -9999 -9999 -9999 -9999 -9999 -9999 -9999 -9999 -9999 1.88154315948486 2.04363615810871 1.74537074938416 1.46271557360888 1.28137946873903 1.28550016880035 1.3219212256372 1.44236889481544 1.28205719590187 0.969823602586985 0.987930033355951 0.934973426163197 0.889727476984262 0.843304144218564 0.831200715154409 0.821481853723526 0.807590514421463 0.78405974060297 0.743688097223639 0.691898066550493 0.678010666742921 0.678441831842065 0.647299569100142 0.638441059738398 0.614574383944273 0.582118760794401 0.625286903232336 0.40277564227581 0.409478545188904 0.617348067462444 0.623339993879199 0.619179731234908 0.810081861913204 0.671926915645599 0.676998004317284 0.678179601828257 0.608220155040423
-9999 -9999 -9999 -9999 -9999 -9999 -9999 -9999 -9999 -9999 -9999 -9999 -9999 -9999 -9999 -9999 -9999 -9999 -9999 -9999 -9999 -9999 -9999 -9999 1.31647038459778 1.89903708547354 1.59862081333995 1.51291508227587 1.30598201975226 1.24413320794702 1.21216829493642 1.15710509195924 1.0445551648736 1.0495365858078 1.00776442140341 0.947596795856953 0.908269219100475 0.892648469656706 0.84925340116024 0.837803050875664 0.851590778678656 0.848682202398777 0.810917906463146 0.755369145423174 0.718236576765776 0.689644670113921 0.693252190947533 0.660544233396649 0.635127380490303 0.622488571330905 0.573963291943073 0.575648155063391 0.586818097159266 0.63260361738503 0.620835179463029 0.611350391060114 0.579588470980525 0.547948151826859 0.627570584416389 0.607123995820681 0.552406748135885 0.588054512937864
-9999 -9999 -9999 -9999 -9999 -9999 -9999 -9999 -9999 -9999 -9999 -9999 -9999 -9999 -9999 -9999 -9999 -9999 -9999 -9999 -9999 -9999 -9999 1.50594073534012 1.96022817492485 1.75511176139116 1.6213133521378 1.34780009463429 1.1984703540802 1.06558930501342 1.0892373137176 1.07754437997937 1.12471565231681 1.03253476694226 1.00921117141843 0.906640570610762 0.918534457683563 0.889169801026583 0.872172676026821 0.877936586737633 0.533823752403259 0.851030074059963 0.773339085280895 0.747121777385473 0.698236210271716 0.678760785609484 0.689142543822527 0.677228735759854 0.633568111807108 0.602918520569801 0.584866778925061 0.609094960615039 0.606648288667202 0.632389700040221 0.639582647010684 0.634037176767985 0.593269820014636 0.609109332164129 0.707970996697744 0.649787753820419 0.644134099284808 0.575688913464546
-9999 -9999 -9999 -9999 -9999 -9999 -9999 -9999 -9999 -9999 -9999 -9999 -9999 -9999 -9999 -9999 -9999 -9999 -9999 -9999 -9999 -9999 2.78681569239672 2.53479600653929 2.24811512231827 1.47185939177871 1.28903330862522 1.21177238970995 1.14457967877388 1.1431859023869 1.21513610333204 1.14066138491035 1.02169585973024 0.998789627104998 0.963264741003513 0.860512431710958 0.871896643191576 0.88012246415019 0.889085059985518 0.963351543992758 0.555121350288391 0.740057426691055 0.799289250746369 0.728225637227297 0.704198637977242 0.695035798475146 0.681223494932055 0.656274201348424 0.623117443174124 0.617744715884328 0.571217816323042 0.617469465360045 0.62779445014894 0.674244660884142 0.612857321898142 0.610443249344826 0.605306322375933 0.673482085267703 0.683640917142232 0.590050841371218 0.626604834571481 0.808545559644699
-9999 -9999 -9999 -9999 -9999 -9999 -9999 -9999 -9999 -9999 -9999 -9999 -9999 -9999 -9999 -9999 -9999 -9999 -9999 -9999 2.64602583646774 1.9862151270689 2.59590624711093 2.41988863795996 2.09496465325356 1.61615931987762 1.28643738850951 1.25003305077553 1.20833422243595 1.15074314922094 1.10360848903656 1.05750208720565 0.990628972649574 1.00766344740987 0.965641401708126 0.934032585471869 0.8980249799788 0.855774108320475 0.85572225227952 0.612195754051208 0.623290944099426 1.10933776013553 0.930025577545166 0.859883906319737 0.771801000460982 0.757600106298923 0.750690562650561 0.682247836142778 0.651135843247175 0.635272784158587 0.618625860661268 0.565491093322635 0.621737441048026 0.619759673873583 0.594396003767064 0.576588359318281 0.603664502501488 0.61526583135128 0.624664157629013 0.598451673984528 0.564045747121175 0.612605745593707
-9999 -9999 -9999 -9999 -9999 -9999 -9999 -9999 -9999 -9999 -9999 -9999 -9999 -9999 -9999 -9999 -9999 -9999 -9999 -9999 2.12331949977283 1.72611186759812 2.36104863882065 2.11640451103449 1.70994671434164 1.63954893127084 1.27201321721077 1.66153820157051 1.22725397720933 1.19003239274025 1.16361048817635 1.11245419085026 1.11154519021511 1.08387808129191 1.02567840367556 1.00605326145887 0.901918385177851 0.854498606175184 0.8272321857512 0.829098846763372 0.869824977591634 0.961218757554889 0.588594621419907 1.81414391286671 1.06248171441257 0.988611001521349 0.843570448458195 0.739367052912712 0.675523130223155 0.71365855447948 0.733408704400063 0.597776164611181 0.609157587091128 0.583541914820671 0.578355563314337 0.581133223677936 0.363726709695423 0.622992843389511 0.608096818129222 0.54759048918883 0.504298567771912 0.530438502629598
-9999 -9999 -9999 -9999 -9999 -9999 -9999 -9999 -9999 -9999 -9999 -9999 -9999 -9999 -9999 -9999 -9999 -9999 -9999 2.90549372224247 3.77399168014526 3.38473825156689 3.06349401175976 2.15075518190861 1.80471603870392 1.39029661417007 1.18720997571945 1.23058426380157 1.20227115601301 1.17284022644162 1.11801205202937 1.00544195249677 1.00707694888115 1.01617404073477 1.01152610778809 1.01769758015871 0.907949913293123 0.906095718964934 0.877080922946334 0.898328153416514 0.971388822421432 1.59952259995043 1.61226293630898 1.66624926030636 0.92961198091507 0.773300433531404 0.827678248286247 0.804472608491778 1.10273700580001 0.617332433660825 0.607278481125832 0.647905508677165 0.572979385915555 0.567279247076888 0.538309347472693 0.560075758319152 0.554845263560613 0.576405063271523 0.548452014724414 0.535894011457761 0.522719994187355 0.505164429545403
-9999 -9999 -9999 -9999 -9999 -9999 -9999 -9999 -9999 -9999 -9999 -9999 -9999 -9999 -9999 -9999 -9999 -9999 5.50613965988159 4.15244586467743 4.23999609947205 4.4930011510849 3.01904525756836 2.44803711175919 1.62529982328415 1.67983497977257 1.29732887819409 1.27591481432319 1.28023350611329 1.18149441853166 1.06539045274258 1.05065606161952 1.07483130320907 1.02094284072518 0.997573804110289 1.01234174519777 1.00856420025229 1.09743557497859 1.35695578157902 1.32257913798094 1.39076393097639 1.41471353173256 1.13203800469637 1.04194659925997 0.983653457835317 0.862293753772974 1.08270639181137 0.395287726731861 0.37766004134627 0.659528657793999 0.640546093384425 0.624840428431829 0.611489410201709 0.620068583833544 0.627069923438524 0.61899276391456 0.582483125360388 0.567838981747627 0.564623753229777 0.537794907887777 0.561286916335424 0.552467574675878
-9999 -9999 -9999 -9999 -9999 -9999 -9999 -9999 -9999 -9999 -9999 -9999 -9999 -9999 -9999 -9999 -9999 11.7392104319754 9.35770282745361 7.14799733161926 5.12563462257385 3.321273458004 2.1723548412323 2.00004029273987 1.80751140117645 2.0451301574707 1.50520752668381 1.62522121891379 1.66948716714978 1.64688938856125 1.42296767234802 1.4234107285738 1.38330103084445 1.15133939310908 1.01675725355744 1.01811355724931 1.05061539262533 1.50612577423453 1.51326335594058 1.75914543494582 1.65353151038289 1.37352166324854 1.37214019708335 1.22501430474222 1.03443120606244 1.09809368848801 0.451002748573528 0.439681139062433 0.414227477767888 0.397267060244785 0.381692508564276 0.365696513477494 0.340079831726411 0.691824025229404 0.699760672293211 0.706282138824463 0.648123603118093 0.604453489968651 0.6199804567977 0.399824626743793 0.404863717801431 0.41666942922508
-9999 -9999 -9999 -9999 -9999 -9999 -9999 -9999 -9999 -9999 -9999 -9999 -9999 -9999 -9999 -9999 -9999 -9999 -9999 1.65691390476729 4.60531414747238 2.68727113008499 2.50602954626083 1.87876274585724 1.26030405163765 1.13898392915726 1.20021452307701 1.24507318139076 1.43866444006562 1.30656028166413 1.02407653927803 1.19851158186793 1.25508158281446 1.18444535136223 1.06445794925094 1.06837037578225 1.19316327944398 2.11458312347531 1.97280238196254 2.11658276617527 2.10255796462297 1.40450003743172 1.32823557592928 1.08441155031323 0.937191115692258 0.494729107618332 0.437613034949583 0.436972946805112 0.446698844432831 0.408137509051491 0.39092294959461 0.389077460941146 0.385308005353984 0.43614110964186 0.428439493564998 0.756324686502155 0.437452487647533 0.460215747356415 0.483560252934694 0.49234988540411 0.654673486948013 0.823903128504753
-9999 -9999 -9999 -9999 -9999 -9999 -9999 -9999 -9999 -9999 -9999 -9999 -9999 -9999 -9999 4.06672971065228 10.4732139360614 5.7583554983139 4.80257230997086 4.0363298535347 7.61969017982483 5.19297866821289 2.51057435274124 1.60180714130402 1.28816379904747 1.3242968916893 1.19744927287102 1.23430033922195 1.4608376249671 1.24708978459239 1.21100182458758 1.19444268196821 1.31265692040324 1.29158120602369 1.36506300419569 1.55150802433491 1.23774624243379 1.44694329053164 1.85797324776649 2.04075640439987 1.75970541313291 1.64374953880906 1.72176439563433 1.05249188343684 0.932486007610957 0.445679413045154 0.432674388675129 0.439693161669899 0.454679596950026 0.460260211544878 0.43013091034749 0.399988192845793 0.406816639444407 0.394965622354956 0.647470030188561 0.387006962562309 0.619257375597954 0.558624386787415 0.510142140090466 0.676633005340894 0.678144514560699 0.5345613732934
-9999 -9999 -9999 -9999 -9999 -9999 -9999 -9999 -9999 -9999 35.2986888885498 35.2986888885498 13.7248649597168 2.03173060076577 14.7534730195999 9.73948781490326 9.97891681194305 9.64536466598511 7.60458383560181 10.2648073554039 11.726379776001 6.78821182250977 1.29354076087475 5.73526003360748 1.73203889812742 6.70738348960877 1.29744889906475 1.21916231938771 1.28954342007637 1.01638424992561 1.10302239283919 1.12518625706434 1.12405228614807 1.41088933870196 1.44995257258415 1.1715453453362 1.31851172447205 1.16856946796179 1.16744679585099 1.20967097952962 0.861664233729243 1.07908774415652 1.68743287523588 1.55730071291327 1.18770517408848 0.811929747462273 0.873139341672261 0.885329559445381 0.839541092514992 0.492841995814267 0.489286846097778 0.474251066060627 0.987536260485649 2.09602445662022 1.79381769150496 0.576576267095173 0.556385126184015 0.520884744822979 0.566493362188339 0.501352681833155 0.506934608606731 0.505961516324212
-9999 -9999 -9999 -9999 -9999 -9999 -9999 -9999 -9999 -9999 35.2986888885498 4.57643931898578 3.37179909646511 7.59435610771179 10.0524557590485 10.7101666688919 7.76219708919525 17.7523338496685 8.06141087707907 2.39972251653671 2.50076988765172 1.83684337990625 1.4695057613509 1.58770478144288 10.2891357064247 1.55531505601747 1.56321086628096 1.49105261053358 1.1690898835659 1.05751177668571 0.905007202710424 0.864279592037201 1.02476323395967 0.999174188822508 0.781446173787117 1.28661948814988 1.81202559918165 1.38812184333801 0.917100012302399 0.87016636133194 0.932568401098251 0.821898400783539 0.782690654198329 0.802229593197505 0.873091752330462 0.878924156228701 0.750302763546214 0.644890666007996 0.582544731743196 0.550410810638877 3.49123497605324 2.01552105545998 1.33893586993217 1.72063251212239 0.75395800669988 0.636733279508703 0.627306487630395 0.663391895592213 0.679449364542961 0.675238877534866 0.545179043622578 0.508241775281289
-9999 -9999 -9999 -9999 -9999 -9999 -9999 -9999 -9999 -9999 -9999 -9999 14.5124656711961 4.08731513163623 15.4202866315842 3.82291032438693 -9999 -9999 -9999 -9999 -9999 -9999 2.35017573460937 2.22861345750945 2.02823810066496 1.8425239281995 1.68279208455767 1.60464136515345 1.52012347749301 5.50448983056205 1.43057985816683 0.863924843072891 1.05648954212666 1.05795692279935 0.862815767526627 0.733114930987358 1.1743815690279 1.22596012428403 1.19772646576166 1.57688697427511 1.23928868025541 1.04991358146071 0.768754074970881 0.644555734360919 0.802789147285854 0.908481317407945 0.823997018968358 0.685901886400054 0.675221708767554 0.671370014548302 0.655533745008356 0.672428514151012 0.873897979656855 0.615620026693625 0.634472648010534 0.66548395419822 0.670597467352362 0.690821595489979 0.708808869123459 0.687541499733925 0.485744344837525 0.65283939242363
-9999 -9999 -9999 -9999 -9999 -9999 -9999 -9999 -9999 -9999 -9999 -9999 -9999 16.6274771690369 16.6274771690369 16.6274771690369 -9999 -9999 -9999 -9999 -9999 -9999 4.94490551948547 4.94490551948547 4.94490551948547 0.308659605681896 1.69071708384313 1.29493278264999 1.4349108849253 1.70828338712454 1.27888465353421 1.16627986090524 1.17049295987402 1.14074538435255 1.22766403108835 1.04994012415409 1.1737824305892 0.725438462836402 1.10164210572839 0.841099494695663 1.17440616711974 0.817220232316426 0.655402053804959 0.595947749912739 0.73877225728596 0.578184958766488 0.689852509428473 0.66950929515502 0.661957614562091 0.646687914343441 0.658613893915625 0.697951936546494 0.705621510744095 0.768201686003629 0.718453891575336 0.47122696833685 0.466097620781511 0.666518997620134 0.653039777103592 0.644277397324057 0.735684737563133 0.704839110374451
-9999 -9999 -9999 -9999 -9999 -9999 -9999 -9999 -9999 -9999 -9999 -9999 -9999 -9999 -9999 -9999 -9999 -9999 -9999 -9999 -9999 -9999 -9999 -9999 -9999 -9999 2.42677338123322 2.69309063468661 2.41746696404048 1.87339352284159 1.65288943903787 1.34777389679636 1.18514378581728 1.0843317593847 0.987862203802381 0.954977350575583 0.726040053580489 0.699909657239914 0.689719514123031 0.70222104127918 0.606606390327215 0.583467353135347 0.571100234985352 0.647425721673405 0.660692647976034 0.655630614827661 0.709888726472855 0.63111562281847 0.618335254490376 0.638406023383141 0.680280152489157 0.678258392740698 0.665935025495641 0.679969820906134 0.686445988276426 0.701765611767769 0.757439263164997 0.648391729768585 0.621061203234336 0.607588775017682 0.579363318927148 2.02884841561317
-9999 -9999 -9999 -9999 -9999 -9999 -9999 -9999 -9999 -9999 -9999 -9999 -9999 -9999 -9999 -9999 -9999 -9999 -9999 -9999 -9999 -9999 -9999 -9999 -9999 -9999 -9999 6.32369014620781 2.91231932810375 2.07915079593658 2.33887382064547 1.93541215998786 1.49084436893463 1.14249888488225 1.05193928948471 0.89781779050827 0.786927849054337 0.734878095132964 0.715346763176577 0.670793151216848 0.653855245560408 0.640536747872829 0.637805979698896 0.638962278408663 0.701645451997008 0.706623865025384 0.678224575306688 0.789295620151928 0.763656109571457 0.749085341181074 0.736928254365921 0.700947381556034 0.719623111188412 0.710434692747453 0.712909139692783 0.759890288114548 0.652666805421605 1.54316905566624 1.52026390390737 2.03424916735717 1.77565845251083 1.88027717471123
