EcologicalScience/Bass/data/rs_data_bass/chl_413.asc
NCOLS 226 
NROWS 124 
XLLCORNER -9.41648524995501 
YLLCORNER 47.587301625531 
CELLSIZE 0.0833 
NODATA_value -9999 
[rows 54 to 80 of 124, columns 124 to 185 of 226]
2.28123790025711 2.24196857213974 2.31905472278595 2.10816416144371 2.08493435382843 2.06672964376562 2.05201006987516 1.97586483815137 1.97742255996255 1.90065408945084 2.19181242585182 2.08943581581116 2.04854719340801 2.06917476654053 2.09693160653114 1.99694685294078 1.84566201155002 1.75305591179774 2.10599387437105 2.03714724630117 1.8513667434454 1.90667814016342 1.75311305522919 2.14317713677883 2.18518527746201 2.22677443027496 2.30890960693359 2.39635963439941 2.55036194622517 2.44370917975903 2.4666946940124 2.13233363628387 2.27063396573067 2.09046605229378 2.1216513812542 1.94945660233498 2.24625749588013 2.07304859161377 1.73229460716248 1.26435357928276 1.52758636325598 1.87720303237438 1.44590024650097 1.43894388712943 1.49180641584098 1.59811887703836 1.77474042959511 2.11197630688548 2.74565884843469 3.16640486195683 3.36110329627991 4.18679670095444 4.52033133940263 5.47918101719448 5.01903848271621 7.50960342407227 6.10584390163422 6.58214181661606 6.49792057648301 9.54124576789289 -9999 -9999
2.74832705089024 3.06108595643725 2.65104460716248 2.49412672008787 2.24544752495629 2.17868340866906 2.13068932645461 2.11381794775234 2.0974933610243 1.87456116676331 1.75513652712107 2.38416194915771 2.13929627090693 1.99472499266267 2.22650695592165 2.03529361119637 2.04013180732727 1.68726786375046 1.73556110858917 1.96700695753098 1.79162042140961 2.01924070715904 2.19557368755341 2.37185078859329 2.42266530990601 2.4553996682167 2.50372831821442 2.40056517720222 2.42718413472176 1.92218174412847 2.0268337726593 1.97432175278664 2.27653652429581 2.08503296971321 1.81800824403763 1.66317822039127 1.63785266876221 1.91346974372864 1.45232172310352 1.30814269557595 1.3934134170413 1.55379778146744 1.71272578462958 1.51027723588049 1.59346237778664 1.79172331094742 2.19297078251839 2.5428179204464 3.35866943746805 3.04400921165943 4.32758731191809 3.93399327993393 4.14054930210114 5.18740171194077 6.48258626461029 12.3676511711544 10.5720698833466 -9999 -9999 -9999 -9999 -9999
3.2780615792555 3.14231443405151 2.86990979739598 2.8757278408323 2.67166637522834 2.54365797553744 2.51984421645894 2.47716900881599 2.23061251990935 1.88730338215828 1.7957955300808 1.77441076934338 1.85652530193329 2.52010085652856 2.76215430568246 1.81969782114029 1.91779890060425 4.45590873325572 2.88026567867824 1.43882458806038 2.43728721141815 2.24390172958374 2.45635324716568 2.49581934213638 2.9415865455355 2.64278082336698 2.53881776332855 2.46780295372009 2.33386470079422 1.99335192516446 1.72853698208928 1.63670439273119 1.65127226114273 2.08571442961693 1.97459328174591 1.66799175739288 1.5923058539629 1.67763715982437 1.54763884842396 1.50598651170731 1.49584986269474 1.29653593339026 1.76354729756713 2.34365952014923 2.39339528605342 2.48170083761215 2.5168109536171 2.97036033198237 3.55372150377794 4.05557266661995 4.41453132503911 5.7037434076008 10.4066615785871 5.85235348769597 -9999 -9999 -9999 -9999 -9999 -9999 -9999 -9999
3.87710104669843 2.57310292124748 2.33102535009384 2.23957800865173 2.04498267173767 2.63543410862193 2.40132583590115 2.29677548478631 2.26027839324054 2.1629026777604 1.79865682125092 2.02030500769615 1.79278837144375 2.90382292691399 2.64479012699688 2.62375969067216 2.7327220402658 2.51094480603933 2.22230958938599 2.55192216805049 3.57550948006766 2.63114683628082 2.49690062999725 2.41676430702209 2.35432691574097 3.38063509123666 2.6466446348599 2.1642352938652 2.16030589342117 2.10769468545914 1.97177603244782 1.48530518263578 2.48256678879261 2.26142549514771 1.65328738689423 1.54360545873642 1.81044785678387 1.33465573936701 1.37293783016503 1.56631055474281 1.20172021910548 1.30750557551017 1.35688132964648 2.02023446559906 2.77130751684308 3.29072903841734 3.03131201863289 14.0727286934853 4.70940788090229 4.44304769486189 4.75964844854254 5.73783513119346 7.4384743145534 -9999 -9999 -9999 -9999 -9999 -9999 -9999 -9999 -9999
3.61634538173676 3.4461547324532 2.9863301217556 2.84960693120956 2.25226418673992 3.21149670376497 2.85542136080125 2.78080024438746 2.55411269734888 1.89716362953186 2.38959999382496 2.35401150058298 2.24638925229802 2.56706086226872 2.67712924310139 3.08469146490097 4.90644849836826 2.57670190930367 2.51696929335594 2.45224463939667 2.54101141691208 2.6911123752594 2.29022018909454 2.21487815380096 2.01306198835373 2.12964813709259 1.74166663885117 1.86704750061035 1.88632081747055 1.70260215997696 1.65934474468231 1.59642230272293 2.63759699463844 2.76350542902946 1.64413397312164 1.43438748121262 1.31786329485476 1.40811899118125 1.38307853043079 1.25853737443686 1.38794370554388 1.91714790835977 2.23490558937192 2.25111385434866 2.66871485486627 3.21550731182098 6.49475920200348 7.30244082212448 5.26967789232731 5.19495566189289 4.33438611030579 5.63983563014439 38.9130393218994 -9999 -9999 -9999 -9999 -9999 -9999 -9999 -9999 -9999
16.5542267655071 6.65762226922171 5.69354401136699 4.2705490087208 3.8965410307834 4.4913903615054 3.70758100116954 3.51157313935897 3.69531858884371 3.07336868718266 2.92150861769915 3.0437189899385 2.69972336642882 2.7926053404808 2.71340024471283 2.61421460764749 2.04028244018555 2.26490911245346 2.52622792124748 2.4106759428978 1.89190285205841 1.88322594165802 1.79838087558746 1.39261322021484 1.51813752651215 1.75798791646957 1.66044838540256 1.7256664596498 1.64569692313671 2.0361393392086 2.15598526597023 2.49801823496819 2.83087688684464 1.53290406614542 1.53594812192023 1.36793871223927 1.43389371223748 1.14888401627541 1.45404134318233 1.32642301730812 1.48757472261786 1.39627121274288 1.55045174635374 2.35088932514191 2.42441061884165 -9999 5.76810733335359 5.06926023960114 6.06677780832563 6.78503588267735 41.4285237121582 37.5809836180314 53.3818430900574 38.5965314483643 -9999 -9999 -9999 -9999 -9999 -9999 -9999 -9999
-9999 -9999 -9999 -9999 -9999 2.28387522697449 3.36782509088516 5.90699429064989 4.80310513423039 4.48633891802568 3.92914212667025 2.70849823951721 2.89733737707138 4.01247682571411 3.00026474680219 2.86546003818512 1.89286615848541 2.20572241544724 2.67621080875397 2.27228173613548 1.7952463388443 1.75824354887009 1.63360952138901 1.56786185503006 1.64071824029088 1.59686351940036 1.63353409990668 1.72192731499672 1.64409041404724 1.93592065572739 2.24793943762779 2.75165775418282 3.06308251619339 1.44440337270498 1.4535973649472 1.99331021122634 1.82625363394618 1.64482155069709 2.08401350677013 1.61801773309708 1.35755331241168 1.30764430073591 1.39677054377703 1.794981273321 2.78597934544086 12.4985160549867 -9999 -9999 -9999 -9999 29.3942818450928 26.146932220459 23.5011106159376 63.5887374242147 -9999 -9999 -9999 -9999 -9999 -9999 -9999 -9999
-9999 -9999 -9999 -9999 -9999 -9999 -9999 -9999 6.34327043805804 4.14915712256181 2.67995774745941 3.03610154986382 3.05679062793129 3.17096855765895 2.82326173782349 2.47583878040314 2.84638798864264 2.4824844528647 1.79662633793695 1.62449604272842 1.36437131166458 1.28748693466187 1.60231779702008 1.45328936576843 1.39661056995392 1.53513118252158 1.49428221210837 1.35486786067486 1.47498451173306 1.14148986898363 1.20595354400575 1.17544585838914 1.02204216644168 1.21625142730772 1.43702148646116 1.56770558841527 1.52691196650267 1.2848506629467 1.37052137218416 2.07582136429846 1.54530029571973 1.64125460386276 2.09560960072738 2.08313700556755 18.1297506093979 29.0682649612427 -9999 -9999 -9999 -9999 17.548882484436 15.5741937710689 49.0344059765339 38.009844660759 20.7968176603317 21.107888515179 -9999 -9999 -9999 -9999 -9999 -9999
-9999 -9999 -9999 -9999 -9999 -9999 -9999 -9999 -9999 -9999 3.05634489655495 3.27959668636322 3.79872786998749 3.48336387935438 2.78854984045029 2.59287602410597 2.28914058208466 2.41366583810133 2.38105855969822 1.81115284987858 1.45957878828049 1.25162301063538 1.29219317436218 1.52898463010788 1.3771998167038 1.3500393871218 1.35166877321899 1.41146857850254 1.37169787287712 0.947868741117418 0.558287526480854 2.83781696856022 1.18983326107264 1.16291458904743 1.32084148004651 2.0812771490642 1.73159539202849 1.32416529456774 1.71865428239107 2.27056432887912 2.78179979324341 2.88833073154092 3.20444630384445 2.50666807964444 11.0326378785291 -9999 -9999 -9999 -9999 -9999 -9999 -9999 9.03719876742944 15.8214118480682 11.8300952911377 16.0211369991302 10.8786277770996 -9999 -9999 -9999 -9999 -9999
-9999 -9999 -9999 -9999 -9999 -9999 -9999 -9999 -9999 4.3704868555069 3.22233340144157 3.00094923377037 3.61564713402798 3.64120222392835 3.40083503723145 2.82761233343798 2.71243829937542 2.38950084447861 2.28752839565277 2.24366537729899 2.19780900577704 1.38100779056549 1.34043514903854 1.40106602100765 1.31756080873311 1.29009209387004 1.16211564838886 1.19818572700024 1.29733724892139 1.65318337082863 0.906673142686486 1.04920690320432 1.13484890945256 1.12898595817387 1.22598623335361 1.27151969969273 2.26799827814102 2.29291657110055 1.7477791263507 1.82009897782252 2.00183683633804 2.14588169409679 3.37386408448219 3.26428520679474 14.4930334970789 33.0447750091553 -9999 -9999 -9999 16.6079983413219 13.290430133993 23.2803800404072 13.1465826630592 15.9818601608276 8.28474801778793 14.0604856610298 15.1965795093113 -9999 -9999 -9999 -9999 -9999
-9999 -9999 -9999 -9999 -9999 -9999 -9999 -9999 -9999 -9999 4.16649012565613 3.30876937508583 3.65134391561151 3.70473124086857 3.21414954662323 2.80711232423782 2.55789067745209 2.48165059089661 2.36236083507538 2.32514927387238 2.13735642532508 1.82086580991745 1.4367052068313 1.47959886342287 1.45581805855036 1.25489848852158 1.09022176265717 0.949378900229931 1.30449602007866 1.62223425507545 1.94828067719936 1.00688679764668 1.11470340192318 1.00374801009893 1.15160942226648 1.18742782920599 1.19516956061125 1.64387902846703 1.84780720105538 2.01031943926444 2.20581899697964 2.33745680864041 3.13827623426914 4.02225116193295 7.74435640770255 -9999 -9999 -9999 -9999 -9999 11.4780042171478 15.467173576355 14.4077954292297 13.5290268659592 12.20132625103 -9999 -9999 -9999 -9999 -9999 -9999 -9999
-9999 -9999 -9999 -9999 -9999 -9999 -9999 -9999 -9999 3.67937564849854 3.26184269785881 2.49544248861425 3.11010675877333 3.02446408197284 2.74746630527079 3.0506998090183 2.77126130987616 2.23742525652051 2.01709938794374 1.96469198716314 2.09402457922697 1.74386206716299 1.48394221493176 1.48473688960075 1.22182121872902 1.27848109602928 1.24684721231461 1.17704513669014 1.19269050657749 1.46051140129566 1.83983408185569 2.27713624591177 0.873299568146467 1.26326156121034 1.27893643195813 1.38334297216856 1.55672708382973 1.88279129450138 1.64059719443321 1.5234464764595 2.58085733193618 3.13299622759223 2.92488754168153 6.40944997315268 3.86466658115387 -9999 -9999 -9999 -9999 -9999 12.4297832250595 13.2258913815022 16.771995306015 23.053452713545 -9999 -9999 -9999 -9999 -9999 -9999 -9999 -9999
-9999 -9999 -9999 -9999 -9999 -9999 -9999 -9999 -9999 2.86009292742785 3.22236197485643 3.09738601446152 3.31715261936188 2.64512906223536 3.23445687294006 2.34851989522576 2.1620658505708 2.13117140717804 2.6785885065794 2.12746435403824 1.74836741387844 1.59195899963379 1.3508688211441 1.299207508564 1.40609068491242 1.41394163668156 1.34723630547523 1.04569441080093 1.32082687318325 1.61539354920387 2.04200515151024 2.25624146461487 2.92423510551453 3.13151164054871 1.27164178628188 1.21269751042128 1.57699431391323 2.10444555580616 2.14831315353513 2.98135541876157 2.52039885520935 4.05820758640766 3.97448319196701 8.50136535144547 3.86466693878174 -9999 -9999 -9999 -9999 12.1949715614319 -9999 -9999 -9999 -9999 -9999 -9999 -9999 -9999 -9999 -9999 -9999 -9999
-9999 -9999 -9999 -9999 -9999 -9999 -9999 -9999 -9999 2.84544682502747 2.79120858276592 3.50514139447893 3.48531923123768 3.15149356637682 2.26599837094545 2.51375598065993 2.30171857511296 2.3223592042923 1.96156123280525 1.7761657834053 1.5314647257328 1.42267982661724 1.3268069922924 1.30396199226379 1.42261179197918 1.17337533831596 1.23022457957268 1.18371537923813 1.01907635676233 1.92971777915955 2.30293652415276 2.54271966218948 2.99090198278427 3.152218490839 3.72517427802086 1.23887531161308 1.97572744488716 1.89075163006783 2.67474092245102 3.04226453304291 2.46926264762878 2.23976207971573 8.41386058223781 -9999 -9999 -9999 -9999 -9999 -9999 -9999 -9999 -9999 -9999 -9999 -9999 -9999 -9999 -9999 -9999 -9999 -9999 -9999
-9999 -9999 -9999 -9999 -9999 -9999 -9999 -9999 17.0068987165179 2.9808138012886 3.62435179948807 3.49108504056931 3.51879434926169 2.49911420345306 2.4130267739296 2.1937763504684 2.25845743928637 1.30254358754439 1.7722924053669 1.67424595355988 1.35191062770107 1.318249091506 1.36744947731495 1.4072141200304 1.52060529860583 1.48414871367541 1.14978277534246 1.4515784829855 1.6935093998909 1.47594900727272 1.47904862165451 2.73588981140744 3.23651526868343 3.00016160309315 3.44585399329662 2.18420898914337 2.4876799620688 4.32192883640528 3.05681859254837 3.17885602712631 2.80269552022219 9.09607275196763 13.8395195107862 -9999 -9999 -9999 -9999 -9999 -9999 -9999 -9999 -9999 -9999 -9999 -9999 -9999 -9999 -9999 -9999 -9999 -9999 -9999
-9999 -9999 -9999 -9999 -9999 -9999 -9999 3.28386068344116 2.72107294946909 3.04419931769371 3.46511986676384 3.33147418498993 3.651930809021 2.59598211944103 2.44680869579315 2.17488035559654 1.79784711822867 1.48493649300776 1.56528641897089 1.1139981597662 0.88902023434639 0.921441666781902 1.43438317626715 1.46934580430388 1.33053550310433 1.31752284429967 1.42650331293835 1.30353723601861 1.63547559295382 1.64618586952036 1.17509458253258 2.42454693805088 2.47850176692009 3.51097685694694 3.23948544859886 2.37276332080364 2.29418557882309 2.99175262078643 3.02053320407867 3.0055180080235 20.2114645277412 5.69786846637726 3.25656187534332 -9999 -9999 -9999 -9999 -9999 -9999 -9999 -9999 -9999 -9999 -9999 -9999 -9999 -9999 -9999 -9999 -9999 -9999 -9999
-9999 -9999 -9999 -9999 -9999 -9999 3.56927473204477 2.95817588357364 2.86831905291631 4.00265958309174 3.91480476856232 3.87055516242981 3.86151707172394 2.66772834956646 2.23717045783997 1.65235484587519 1.5847200657192 1.43484523735548 1.38371117177762 1.3670344384093 1.5238448381424 1.50704565819572 1.45376371219754 1.46638078428805 1.31750210188329 1.27742013931274 1.26013844264181 1.34244214085972 1.32622810570817 1.33096280223445 1.43376350716541 1.68628151076181 2.53109102547169 2.22702912773405 2.14954378775188 2.78266614675522 3.19003258645535 3.21196077391505 3.09689898043871 -9999 -9999 -9999 -9999 -9999 -9999 -9999 -9999 -9999 -9999 -9999 -9999 -9999 -9999 -9999 -9999 -9999 -9999 -9999 -9999 -9999 -9999 -9999
-9999 -9999 -9999 -9999 3.61769342422485 3.36721452644893 3.04545494388132 2.96615702264449 3.8841500043869 3.91758060455322 3.76771054267883 3.14180523902178 2.91196046769619 2.33688745647669 2.24276596935172 1.91270967533714 1.65576814977746 1.29274492357907 1.3717444209676 1.26791658438742 1.20277119800448 1.42244774289429 1.51774295568466 1.53647488355637 1.57240871191025 1.34897461959294 1.46604772976467 1.48527921949114 1.64734618152891 1.50071571688903 1.78896053213822 1.90584449334578 1.90654134750366 2.00267744064331 2.35476171970367 3.1776561319828 4.02526701580394 3.97987480597063 -9999 -9999 -9999 -9999 -9999 -9999 -9999 -9999 -9999 -9999 -9999 -9999 -9999 -9999 -9999 -9999 -9999 -9999 -9999 -9999 -9999 -9999 -9999 -9999
-9999 -9999 -9999 -9999 3.4585485969271 3.6581282826031 3.38732953632579 3.0377204207813 3.1885211057961 2.92404032126069 2.77023981884122 2.89299940690398 2.63762171566486 2.5540185905993 2.52471845149994 1.76009981121336 1.53199464082718 0.983542487025261 1.896784390722 2.07356003102134 2.08982242205564 2.14941970741048 1.68202759027481 1.65008360147476 1.72096827030182 1.34482510475551 1.53462146861213 1.60906252690724 1.68486589193344 1.95064092533929 2.04658668149601 2.13137985901399 2.36470967531204 2.53043897151947 2.69155261516571 3.12708234786987 3.60168963074684 -9999 -9999 -9999 -9999 -9999 -9999 -9999 -9999 -9999 -9999 -9999 -9999 -9999 -9999 -9999 -9999 -9999 -9999 -9999 -9999 -9999 -9999 -9999 -9999 -9999
-9999 58.6054656811933 3.39196693897247 3.82525913715363 3.17091286182404 2.90215796933455 2.9036986933035 2.91893697486204 2.60008611587378 2.96113925054669 2.83546262606978 2.46938842535019 2.2933302372694 2.16341456025839 1.75559032335877 1.56883518397808 1.64529749751091 1.82978738844395 2.09954434633255 2.36504399425843 2.44473634747898 1.72340458631516 1.74023034572601 1.77607487440109 1.83343712091446 1.67502330882209 1.71682461670467 1.61893968148665 2.00136578934533 2.26092836686543 2.05390919338573 2.09359912438826 2.67732728444613 2.73526167869568 3.18436764478683 39.9085442411139 -9999 -9999 -9999 -9999 -9999 -9999 -9999 -9999 -9999 -9999 -9999 -9999 -9999 -9999 -9999 -9999 -9999 -9999 -9999 -9999 -9999 -9999 -9999 -9999 -9999 -9999
3.70211929934365 3.60461070904365 3.52621028973506 3.65503567457199 3.20091032981873 3.19417933906828 2.90076184272766 2.74854710698128 2.47556376457214 2.29555007127615 2.75524733960629 2.39212264120579 2.13532070815563 1.86880134344101 1.7617696762085 1.48610819578171 1.75798175264807 1.92212998867035 2.22735643386841 0.844355535507202 1.42890563607216 1.5051933825016 1.54480992257595 1.57049815995353 1.50087018425648 1.82987676348005 1.98713378395353 2.15742235524314 2.31096719844001 2.40377922700002 2.55598216790419 2.65014214699085 2.5185777425766 -9999 -9999 -9999 -9999 -9999 -9999 -9999 -9999 -9999 -9999 -9999 -9999 -9999 -9999 -9999 -9999 -9999 -9999 -9999 -9999 -9999 -9999 -9999 -9999 -9999 -9999 -9999 -9999 -9999
3.53770506381989 3.87561802680676 3.65927198299995 3.15576785802841 3.12669324874878 3.07389307022095 2.76681929826736 2.46159410476685 2.25933149456978 2.11753043532372 1.77991309762001 1.50399827957153 1.62203656435013 1.40076177120209 1.51330308914185 1.56354182958603 1.03382796049118 2.15584766864777 2.21733449399471 2.31104139983654 1.44517832994461 1.18743000836933 1.44955106377602 1.58275457024574 1.68305447926888 1.77085644006729 2.42150836331504 2.39294580050877 2.45548031330109 2.75858178734779 3.01690325886011 4.04300426034366 2.43991189343589 1.90452577471733 1.66782800853252 7.80102463924524 -9999 -9999 -9999 -9999 -9999 -9999 -9999 -9999 -9999 -9999 -9999 -9999 -9999 -9999 -9999 -9999 -9999 -9999 -9999 -9999 -9999 -9999 -9999 -9999 -9999 -9999
3.90176331996918 3.33660328388214 3.36868312954903 3.33326482772827 3.37062335014343 3.13782754540443 2.77210459113121 2.2841602563858 2.06478336453438 1.76286605000496 1.5468292683363 2.04384904398638 1.44386771917343 1.38108515739441 1.12976368702948 1.26259309239686 1.02507767507008 1.35338817536831 1.20837338268757 2.3836423369015 1.3609454780817 1.60025785650526 1.66879590153694 1.91340855360031 1.83040648698807 2.08642485050055 2.28216401888774 2.21274583339691 3.08543139696121 3.77953370592811 8.91814959265969 -9999 -9999 -9999 -9999 -9999 -9999 -9999 -9999 -9999 -9999 -9999 -9999 -9999 -9999 -9999 -9999 -9999 -9999 -9999 -9999 -9999 -9999 -9999 -9999 -9999 -9999 -9999 -9999 -9999 -9999 -9999
3.82696455717087 3.22231179934282 3.94956564903259 3.54133772850037 3.39300853013992 3.13294771313667 3.04353708028793 2.57767796516418 2.38177424669266 1.92840966582298 1.69981804490089 1.7280056318816 1.429967045784 1.21421412825584 1.43752510547638 1.29740610718727 1.39759504795074 2.19065329607795 1.24363371959099 2.16231037303805 1.50356116890907 1.74367186656365 1.8874771296978 2.03420157730579 2.40384450554848 2.47451770305634 2.91818644106388 2.78435273170471 2.78116169571877 2.97802010178566 3.25270003080368 3.81154424211253 -9999 -9999 -9999 -9999 -9999 -9999 42.4789669330303 12.6942715644836 -9999 -9999 -9999 -9999 -9999 -9999 -9999 -9999 -9999 -9999 -9999 -9999 -9999 -9999 -9999 -9999 -9999 -9999 -9999 -9999 -9999 -9999
3.66656897348516 3.63066660506385 3.55321792193822 3.67275005578995 3.91392582893372 4.33242303984506 3.41862630844116 2.40485438704491 2.19724613428116 1.78363801538944 1.44941463321447 1.67603172361851 1.3438882380724 1.10718621499836 1.16152109764516 1.23793348670006 1.2879879232496 1.56636537313461 1.78091105818748 1.74169335514307 1.93321996010267 1.95158146894895 1.78648129105568 2.71381165087223 3.17710447311401 3.36499291658401 2.86663595214486 3.03115288540721 2.99198684468865 3.04905591532588 4.81592329314155 3.42093944549561 -9999 -9999 -9999 -9999 -9999 -9999 -9999 -9999 -9999 -9999 -9999 -9999 -9999 -9999 -9999 -9999 -9999 -9999 -9999 -9999 -9999 -9999 -9999 -9999 -9999 -9999 -9999 -9999 -9999 -9999
-9999 -9999 -9999 -9999 -9999 5.42431224476207 4.10356839001179 2.62478247284889 1.92495560646057 1.61355565488338 2.15841364860535 0.95749145373702 1.49007108807564 1.01167098388952 1.19652588665485 1.62902024388313 1.57287099212408 1.62570935487747 1.65475738048553 1.75811091294655 2.09439504146576 2.29974970221519 2.48535148799419 2.67610801117761 2.91666801912444 3.71754979746682 -9999 -9999 -9999 -9999 -9999 -9999 -9999 -9999 -9999 -9999 -9999 -9999 -9999 -9999 -9999 -9999 -9999 -9999 -9999 -9999 -9999 -9999 -9999 -9999 -9999 -9999 -9999 -9999 -9999 -9999 -9999 -9999 -9999 -9999 -9999 -9999
-9999 -9999 -9999 -9999 -9999 -9999 2.83814150946481 1.73447967320681 0.992732249200344 1.63063198328018 0.971070518451078 1.66605117917061 1.11064554937184 1.09409650415182 1.19981875164168 1.45998953689228 1.53757787834514 1.60414529305238 2.09491008520126 2.38759171962738 2.62922598421574 2.73874071011176 2.76447951793671 6.02471032090809 -9999 -9999 -9999 -9999 -9999 -9999 -9999 -9999 -9999 -9999 -9999 -9999 -9999 -9999 -9999 -9999 -9999 -9999 -9999 -9999 -9999 -9999 -9999 -9999 -9999 -9999 -9999 -9999 -9999 -9999 -9999 -9999 -9999 -9999 -9999 -9999 -9999 -9999
