EcologicalScience/Bass/data/rs_data_bass/chl_334.asc
NCOLS 226 
NROWS 124 
XLLCORNER -9.41648524995501 
YLLCORNER 47.587301625531 
CELLSIZE 0.0833 
NODATA_value -9999 
[rows 0 to 26 of 124, columns 62 to 123 of 226]
-9999 -9999 -9999 -9999 -9999 -9999 -9999 -9999 -9999 -9999 -9999 -9999 -9999 -9999 -9999 -9999 -9999 -9999 -9999 -9999 -9999 -9999 -9999 -9999 -9999 -9999 -9999 -9999 -9999 -9999 -9999 -9999 -9999 -9999 -9999 -9999 -9999 -9999 -9999 -9999 -9999 -9999 -9999 -9999 -9999 -9999 -9999 -9999 -9999 -9999 -9999 -9999 -9999 -9999 -9999 -9999 -9999 -9999 -9999 -9999 -9999 -9999
-9999 -9999 -9999 -9999 -9999 -9999 -9999 -9999 -9999 -9999 -9999 -9999 -9999 -9999 -9999 -9999 -9999 -9999 -9999 -9999 -9999 -9999 -9999 -9999 -9999 -9999 -9999 -9999 -9999 -9999 -9999 -9999 -9999 -9999 -9999 -9999 -9999 -9999 -9999 -9999 -9999 -9999 -9999 -9999 -9999 -9999 -9999 -9999 -9999 -9999 -9999 -9999 -9999 -9999 -9999 -9999 -9999 -9999 -9999 -9999 -9999 -9999
-9999 -9999 -9999 -9999 -9999 -9999 -9999 -9999 -9999 -9999 -9999 -9999 -9999 -9999 -9999 -9999 -9999 -9999 -9999 -9999 -9999 -9999 -9999 -9999 -9999 -9999 -9999 -9999 -9999 -9999 -9999 -9999 -9999 -9999 -9999 -9999 -9999 -9999 -9999 -9999 -9999 -9999 -9999 -9999 -9999 -9999 -9999 -9999 -9999 -9999 -9999 -9999 -9999 -9999 -9999 -9999 -9999 -9999 -9999 -9999 -9999 -9999
-9999 -9999 -9999 -9999 -9999 -9999 -9999 -9999 -9999 -9999 -9999 -9999 -9999 -9999 -9999 -9999 -9999 -9999 -9999 -9999 -9999 -9999 -9999 -9999 -9999 -9999 -9999 -9999 -9999 -9999 -9999 -9999 -9999 -9999 -9999 -9999 -9999 -9999 -9999 -9999 -9999 -9999 -9999 -9999 -9999 -9999 -9999 -9999 -9999 -9999 -9999 -9999 -9999 -9999 -9999 -9999 -9999 -9999 -9999 -9999 -9999 -9999
-9999 -9999 -9999 -9999 -9999 -9999 -9999 -9999 -9999 -9999 -9999 -9999 -9999 -9999 -9999 -9999 -9999 -9999 -9999 -9999 -9999 -9999 -9999 -9999 -9999 -9999 -9999 -9999 -9999 -9999 -9999 -9999 -9999 -9999 -9999 -9999 -9999 -9999 -9999 -9999 -9999 -9999 -9999 -9999 -9999 -9999 -9999 -9999 -9999 -9999 -9999 -9999 -9999 -9999 -9999 -9999 -9999 -9999 -9999 -9999 -9999 -9999
-9999 -9999 -9999 -9999 -9999 -9999 -9999 -9999 -9999 -9999 -9999 -9999 -9999 -9999 -9999 -9999 -9999 -9999 -9999 -9999 -9999 -9999 -9999 -9999 -9999 -9999 -9999 -9999 0.63735419511795 1.21145490377489 2.97576257586479 5.2103476524353 1.78330555558205 1.53752374649048 0.907282523810863 0.981605641543865 1.00993875414133 1.06669351458549 0.963771767914295 0.644720993936062 0.631584025919437 0.634535238146782 0.664032764732838 0.528941228985786 0.624162018299103 0.620418772101402 0.589286237955093 0.560061737895012 0.543635979294777 0.56233723461628 0.549524232745171 0.536927238106728 0.529356747865677 0.520074740052223 0.565868988633156 0.60488922894001 0.590983495116234 0.558647990226746 0.515173494815826 0.541121989488602 0.758633226156235 0.913383722305298
-9999 -9999 -9999 -9999 -9999 -9999 -9999 -9999 -9999 -9999 -9999 -9999 -9999 -9999 -9999 -9999 -9999 -9999 -9999 -9999 -9999 -9999 -9999 -9999 -9999 -9999 1.18186515569687 1.0627324283123 6.63058850169182 5.88780069351196 4.69133698940277 3.99412786960602 1.73456725478172 1.04731987416744 0.97724175453186 1.0810462385416 1.29489109665155 1.48807197064161 1.11247837543488 1.07910865545273 0.870637111365795 0.737691767513752 0.72004310041666 0.722066625952721 0.717610850930214 0.690341234207153 0.657022520899773 0.689963981509209 0.71372401714325 0.648607492446899 0.599741265177727 0.57641775906086 0.574329748749733 0.589080736041069 0.628673270344734 0.665553733706474 0.643924489617348 0.61667101085186 0.633023992180824 0.821218460798264 1.01808974146843 1.04204928874969
-9999 -9999 -9999 -9999 -9999 -9999 -9999 -9999 -9999 -9999 -9999 -9999 -9999 -9999 -9999 -9999 -9999 -9999 -9999 -9999 -9999 -9999 -9999 -9999 -9999 -9999 1.18186515569687 6.77719634771347 2.88273078203201 3.20348560810089 2.67825525999069 3.23576331138611 1.38780027627945 1.34233325719833 0.58670812100172 0.694403238594532 1.19628748297691 1.63730136305094 1.17408256977797 0.786948770284653 0.72242434322834 0.697633132338524 0.779520750045776 0.838911026716232 0.767030239105225 0.635556757450104 0.694683015346527 0.695732250809669 0.667943984270096 0.656626492738724 0.676898270845413 0.653787016868591 0.64716674387455 0.66627824306488 0.643063500523567 0.696542233228683 0.771827280521393 0.819783747196198 0.682371765375137 0.736500754952431 0.769257009029388 0.681463479995728
-9999 -9999 -9999 -9999 -9999 -9999 -9999 -9999 -9999 -9999 -9999 -9999 -9999 -9999 -9999 -9999 -9999 -9999 -9999 -9999 -9999 -9999 -9999 -9999 -9999 -9999 17.9998798370361 10.4803707003593 1.21516400575638 2.02259767055511 3.1397123336792 3.21086096763611 2.8753148317337 1.67630231380463 1.09585648775101 0.892496228218079 3.16603350639343 2.06864795088768 1.37296330928802 0.922960996627808 0.68791613727808 0.64810124784708 0.821203529834747 0.963336020708084 0.807274460792542 0.650617495179176 0.690549731254578 0.697491019964218 0.725018262863159 0.701033234596252 0.658412262797356 0.624667480587959 0.670800760388374 0.728001728653908 0.65566648542881 0.649608001112938 0.662846982479095 0.673857763409615 0.710148006677628 0.689514756202698 0.622064977884293 0.530684977769852
-9999 -9999 -9999 -9999 -9999 -9999 -9999 -9999 -9999 -9999 -9999 -9999 -9999 -9999 -9999 -9999 -9999 -9999 -9999 -9999 -9999 -9999 -9999 -9999 -9999 1.19121462106705 19.0018912553787 2.0969535112381 2.19629108905792 2.27209943532944 0.927602767944336 2.84538012742996 1.50934731960297 1.88730445504189 0.916668757796288 0.882855355739594 0.862216874957085 1.15407299995422 0.967011719942093 0.982153505086899 1.01312050223351 0.8034877628088 0.758555643260479 0.933284997940063 0.732116237282753 0.710820749402046 0.670585513114929 0.688071012496948 0.713222980499268 0.707300260663033 0.696565479040146 0.741067484021187 0.832338720560074 0.884461462497711 0.834420740604401 0.790949285030365 0.702246755361557 0.692741990089417 0.709883987903595 0.703530013561249 0.621506229043007 0.588915020227432
-9999 -9999 -9999 -9999 -9999 -9999 -9999 -9999 -9999 -9999 -9999 -9999 -9999 -9999 -9999 -9999 -9999 -9999 -9999 -9999 -9999 -9999 -9999 -9999 -9999 5.31676959991455 1.44604271650314 1.62137317657471 1.89659249782562 2.13862431049347 6.95669630169868 1.55241453647614 2.70724701881409 1.75314593315125 1.34743273258209 0.926753237843513 0.973328992724419 0.968680903315544 1.01445749402046 0.965786218643188 0.792537778615952 0.887728482484818 1.04388526082039 1.08950024843216 1.0392352938652 0.913952976465225 0.813739478588104 0.77617871761322 0.728328019380569 0.711899265646935 0.763992726802826 0.851949781179428 0.91117125749588 0.954560995101929 0.945327758789062 0.854573965072632 0.768257260322571 0.769836008548737 0.744611263275146 0.69156602025032 0.617297261953354 0.671635508537292
-9999 -9999 -9999 -9999 -9999 -9999 -9999 -9999 -9999 -9999 -9999 -9999 -9999 -9999 -9999 -9999 -9999 -9999 -9999 -9999 -9999 -9999 -9999 -9999 1.31647038459778 1.53454649448395 1.22624623775482 1.25139597058296 1.58575344085693 2.37821781635284 0.936038240790367 0.970267876982689 1.16408886015415 1.30989374220371 1.24440148472786 1.01074013113976 0.841617777943611 0.917676776647568 0.905123233795166 0.921610504388809 1.05681449174881 1.21644070744514 1.27292248606682 1.25798776745796 1.24191078543663 1.14980095624924 1.06569904088974 0.951777756214142 0.972198039293289 0.919582486152649 0.859166264533997 0.970062732696533 1.01021924614906 0.975283473730087 1.13705179095268 1.0366829931736 0.931707769632339 0.962810218334198 1.00863003730774 0.915799498558044 0.908220738172531 0.917806506156921
-9999 -9999 -9999 -9999 -9999 -9999 -9999 -9999 -9999 -9999 -9999 -9999 -9999 -9999 -9999 -9999 -9999 -9999 -9999 -9999 -9999 -9999 -9999 1.50594073534012 7.37207794189453 1.53665298223495 1.39769625663757 1.56843906641006 1.83135598897934 1.20588187873363 1.2139750868082 1.30375126004219 1.33308488130569 1.32590997219086 1.26016612350941 0.937828481197357 1.11907124519348 1.10245728492737 1.28584796190262 1.43105095624924 1.55331301689148 1.47045904397964 1.40797126293182 1.30891424417496 1.32617846131325 1.39823028445244 1.30004096031189 1.21728372573853 1.17484948039055 1.1808870434761 1.15076476335526 1.12286478281021 1.10386571288109 1.44221171736717 1.45846125483513 1.67577069997787 1.19043079018593 1.22995421290398 1.19038197398186 1.13239198923111 1.12068074941635 1.01037973165512
-9999 -9999 -9999 -9999 -9999 -9999 -9999 -9999 -9999 -9999 -9999 -9999 -9999 -9999 -9999 -9999 -9999 -9999 -9999 -9999 -9999 -9999 10.7876673226173 3.78470379114151 1.61681516468525 1.31703896820545 1.21997925639153 3.12901890277863 1.14989510178566 1.30089971423149 1.24639275670052 1.23809096217155 1.35401585698128 1.30139628052711 1.26605924963951 1.24105203151703 1.35912376642227 1.39033877849579 1.37185576558113 1.39954277873039 1.52710872888565 1.50366818904877 1.4932470023632 1.50107324123383 1.50184124708176 1.44877204298973 1.29785022139549 1.31546920537949 1.32858896255493 1.25287127494812 1.22844073176384 1.24687197804451 1.3491630256176 1.74111521244049 1.82699257135391 1.57854598760605 1.53455632925034 1.36687874794006 1.24340549111366 1.23611927032471 1.14944475889206 1.07833278179169
-9999 -9999 -9999 -9999 -9999 -9999 -9999 -9999 -9999 -9999 -9999 -9999 -9999 -9999 -9999 -9999 -9999 -9999 -9999 -9999 2.64602583646774 2.18826377487438 2.54623830318451 1.75512072443962 1.49577002227306 1.06526246666908 1.15045800805092 1.04170873761177 1.18133774399757 1.21045652031898 1.42443671822548 1.54272150993347 1.60116523504257 1.59571802616119 1.62766867876053 1.55070966482162 1.28387099504471 1.23419478535652 1.3160482943058 1.4804399907589 1.61318403482437 1.51985478401184 1.48788821697235 1.53858679533005 1.50727951526642 1.42350223660469 1.37164270877838 1.28763154149055 1.20881322026253 1.26466727256775 1.25660553574562 1.34150549769402 1.58370226621628 1.81971824169159 1.72428524494171 1.52890133857727 1.39905899763107 1.53106427192688 1.70970529317856 1.49105322360992 1.39675426483154 1.5545175075531
-9999 -9999 -9999 -9999 -9999 -9999 -9999 -9999 -9999 -9999 -9999 -9999 -9999 -9999 -9999 -9999 -9999 -9999 -9999 -9999 2.27973779685746 2.43168973922729 1.58787149190903 1.81574803590775 1.28373974561691 1.31402778625488 1.08364275097847 1.01440125703812 0.994890779256821 1.00165870785713 1.05399003624916 1.1221117079258 0.994584739208221 1.0543447136879 1.11498373746872 1.11487653851509 1.05913272500038 1.06115627288818 1.25036251544952 1.39694845676422 1.41163578629494 1.43248575925827 1.45324802398682 1.56844425201416 1.5083332657814 1.40084329247475 1.28721445798874 1.20557999610901 1.14211195707321 1.23348748683929 1.30831128358841 1.25358751416206 1.40181076526642 1.79956805706024 1.7985645532608 1.59928643703461 1.78470969200134 1.82776433229446 1.8735111951828 1.99422597885132 2.31920027732849 2.2394700050354
-9999 -9999 -9999 -9999 -9999 -9999 -9999 -9999 -9999 -9999 -9999 -9999 -9999 -9999 -9999 -9999 -9999 -9999 -9999 6.14281039237976 2.27920657396317 2.24722816050053 1.33478401601315 1.25730299949646 1.22393846511841 1.19157296419144 1.11169946193695 1.16608053445816 1.20608550310135 1.27969121932983 1.27477803826332 1.24388551712036 1.25208073854446 1.19686728715897 1.16490304470062 1.11335697770119 0.916060477495193 0.984153717756271 1.18491902947426 1.31087851524353 1.27598324418068 1.38044321537018 1.47200775146484 1.60510575771332 1.60289543867111 1.53641545772552 1.40361446142197 1.33320298790932 1.35332179069519 1.54688930511475 1.51934248209 1.43734422326088 1.5774262547493 1.54047453403473 1.50979721546173 1.433458507061 1.54821592569351 1.99898850917816 2.37543833255768 2.43304949998856 2.51278048753738 2.56377375125885
-9999 -9999 -9999 -9999 -9999 -9999 -9999 -9999 -9999 -9999 -9999 -9999 -9999 -9999 -9999 -9999 -9999 -9999 12.3310977816582 9.23791176080704 7.81044369935989 3.64783358573914 3.56005203723907 2.4799867272377 2.47393727302551 1.49528396129608 1.24581822752953 1.65473091602325 1.6555860042572 2.0006947517395 2.07222443819046 1.92966824769974 1.67020958662033 1.58626645803452 1.37557500600815 1.15934774279594 1.0287592113018 1.56445723772049 1.2441922724247 5.11593389511108 1.23244500160217 1.53729374706745 1.35290175676346 1.66992974281311 1.78675943613052 1.82326573133469 1.72309648990631 1.67495620250702 1.67921394109726 1.70361828804016 1.66184842586517 1.77740478515625 1.81636655330658 1.80451941490173 1.71604424715042 1.87637776136398 1.76414769887924 2.12876093387604 2.27892529964447 2.30616903305054 2.45941203832626 2.97434628009796
-9999 -9999 -9999 -9999 -9999 -9999 -9999 -9999 -9999 -9999 -9999 -9999 -9999 -9999 -9999 -9999 -9999 30.5237649410446 16.4810419678688 3.55213487148285 4.41898334026337 4.01977407932281 3.90675687789917 3.79898715019226 3.34727561473846 3.08133459091187 2.60823154449463 1.92026782035828 2.160764336586 2.14211243391037 2.08754253387451 2.06190830469131 1.96552580595016 1.88493597507477 1.73225766420364 1.56059092283249 1.3415752351284 1.4727675318718 5.41502916812897 13.5634474754333 13.4665303230286 1.71444417536259 1.65704476833344 1.75336056947708 1.80862283706665 1.82170271873474 1.69365906715393 1.6409010887146 1.79690766334534 1.90467292070389 1.99679696559906 1.92138826847076 1.96799182891846 2.00690621137619 1.95555067062378 1.95853793621063 2.11755448579788 2.48321932554245 2.50290817022324 2.56889176368713 2.6576115489006 2.9184667468071
-9999 -9999 -9999 -9999 -9999 -9999 -9999 -9999 -9999 -9999 -9999 -9999 -9999 -9999 -9999 -9999 -9999 -9999 -9999 15.2201113700867 2.98587530851364 3.79208099842072 3.45831835269928 3.77472603321075 3.61628472805023 3.42921817302704 3.23716950416565 2.53977370262146 2.07928276062012 1.94727677106857 1.91852027177811 1.87337404489517 1.86461019515991 1.85096776485443 1.78137230873108 1.68818092346191 1.62647849321365 1.65072602033615 1.55508452653885 8.7032482624054 10.6882638931274 15.0935926437378 23.184871673584 1.69637846946716 1.82114553451538 1.75110983848572 1.71274423599243 1.63614141941071 1.76308500766754 1.83580952882767 1.98095101118088 2.14557677507401 2.17417341470718 2.12393170595169 2.0775990486145 2.02993208169937 2.10866332054138 2.0589097738266 2.40607345104218 2.69766676425934 2.92871332168579 3.48726832866669
-9999 -9999 -9999 -9999 -9999 -9999 -9999 -9999 -9999 -9999 -9999 -9999 -9999 -9999 -9999 5.5761616230011 3.35261890021237 2.89810770750046 4.83331328630447 5.83626088500023 2.22834903001785 3.92415368556976 8.68625995516777 3.79267859458923 3.50201332569122 3.84608030319214 3.00665938854218 1.89054822921753 1.90573650598526 1.72831732034683 1.67020046710968 2.56622242927551 4.0489776134491 3.53233194351196 1.96262472867966 1.70696693658829 1.69248443841934 1.7136202454567 1.78799843788147 3.7143816947937 4.31899273395538 11.4787573814392 10.2762293815613 1.95225977897644 1.90003055334091 1.95116257667542 1.90510958433151 1.64474701881409 1.60037702322006 1.62025505304337 1.77584320306778 1.95468896627426 1.90343248844147 2.07296168804169 2.06429994106293 1.94400376081467 1.88109451532364 1.88182121515274 1.88126027584076 2.16046875715256 2.33630400896072 2.60911720991135
-9999 -9999 -9999 -9999 -9999 -9999 -9999 -9999 -9999 -9999 35.2986888885498 35.2986888885498 13.7248649597168 6.4647855758667 7.1262766122818 6.19975984096527 5.86137473583221 4.95741909742355 5.15815722942352 5.34895813465118 6.41422417759895 8.46577522158623 10.2345440983772 1.50737321376801 6.21639516949654 1.38150823116302 1.52519845962524 1.67966920137405 7.3819779753685 1.56408530473709 17.8000316619873 8.96183896064758 15.6551671028137 18.5190496444702 4.64758336544037 1.68927383422852 1.70524567365646 1.82116270065308 1.81495499610901 1.83772569894791 3.44282555580139 7.95690250396729 7.01160907745361 1.69489949941635 1.67363691329956 1.66215741634369 1.72128456830978 1.72162646055222 1.70858556032181 1.71894228458405 1.7520854473114 1.90317678451538 1.8813344836235 1.74642080068588 1.65940654277802 1.39258271455765 1.50361883640289 1.70594698190689 1.9718354344368 2.04993367195129 1.96153128147125 1.86163651943207
-9999 -9999 -9999 -9999 -9999 -9999 -9999 -9999 -9999 -9999 35.2986888885498 7.36497720805082 8.80818772315979 6.14133238792419 5.95509839057922 4.84445095062256 4.58924090862274 6.84329133033752 4.0784371515902 5.12757407294379 5.63007080554962 9.06525278091431 7.98055690526962 12.3336571455002 12.6662768125534 8.43656802177429 9.55613958835602 7.608229637146 9.76703596115112 10.4562256336212 10.0310661792755 1.56242555379868 1.44306671619415 1.51730632781982 1.4315242767334 1.53137773275375 1.59728246927261 1.54500371217728 1.44239473342896 1.52715593576431 1.62917321920395 4.57518446445465 5.3603310585022 1.68756294250488 1.82764130830765 1.83750218153 1.80766117572784 1.81618058681488 1.80181431770325 1.78538918495178 1.7272971868515 1.75093281269073 1.64122796058655 1.42647975683212 1.23561152815819 1.16913297772408 1.3140127658844 1.32241952419281 1.28119951486588 1.30307775735855 1.3162334561348 1.19838523864746
-9999 -9999 -9999 -9999 -9999 -9999 -9999 -9999 -9999 -9999 -9999 -9999 3.80416195372959 6.65654540061951 6.06983852386475 4.31932717561722 -9999 -9999 -9999 -9999 -9999 -9999 13.1016974151134 12.6449335813522 16.3629900813103 13.3099048733711 10.2249650359154 5.22299247980118 1.87652617692947 1.72821682691574 1.75391399860382 1.79690033197403 1.77702516317368 1.42865028977394 1.26483070850372 1.12314748764038 1.09559699892998 1.08511126041412 1.12628549337387 1.28154221177101 1.28289824724197 1.48256251215935 1.39552572369576 1.37611949443817 1.42689603567123 1.45066273212433 1.53828603029251 1.55371356010437 1.66299676895142 1.54523473978043 1.49063023924828 1.37015846371651 1.32225671410561 1.33144426345825 1.35970053076744 1.5366997718811 1.44561901688576 1.44822371006012 1.40837171673775 1.30675426125526 1.18569079041481 1.04894551634789
-9999 -9999 -9999 -9999 -9999 -9999 -9999 -9999 -9999 -9999 -9999 -9999 -9999 16.6274771690369 16.6274771690369 16.6274771690369 -9999 -9999 -9999 -9999 -9999 -9999 4.94490551948547 4.94490551948547 4.94490551948547 0.308659605681896 10.2564271688461 3.53260123729706 2.70020180940628 2.13325417041779 1.96871548891068 11.5037891864777 15.5179324150085 1.73495256900787 1.60059678554535 1.35602697730064 1.21495047211647 1.09264352917671 1.04655978083611 1.27525725960732 1.202258259058 1.20457354187965 1.50905030965805 1.50583505630493 1.49050426483154 1.55183029174805 1.47004348039627 1.58471256494522 1.73422569036484 1.52054017782211 1.40000778436661 1.32886353135109 1.32906523346901 1.31873926520348 1.31666028499603 1.42223703861237 1.57096642255783 1.38901126384735 1.35438224673271 1.23154726624489 1.11856573820114 0.937583237886429
-9999 -9999 -9999 -9999 -9999 -9999 -9999 -9999 -9999 -9999 -9999 -9999 -9999 -9999 -9999 -9999 -9999 -9999 -9999 -9999 -9999 -9999 -9999 -9999 -9999 -9999 53.0014743059874 5.19482982158661 6.2999439239502 8.47239446640015 2.0047522187233 19.5249195098877 3.16317871212959 3.55252280831337 3.20725679397583 3.28108352422714 1.14781272411346 1.15622627735138 1.19836351275444 1.52037370204926 1.41130721569061 1.25865072011948 1.38192299008369 1.50223195552826 1.4715727865696 1.50826120376587 1.5587437748909 1.81055474281311 1.61042851209641 1.53314477205276 1.48723429441452 1.46814528107643 1.42937323451042 1.37103974819183 1.56382727622986 1.65518778562546 1.53374326229095 1.51760101318359 1.38003596663475 1.0166377723217 0.802322208881378 0.800958037376404
-9999 -9999 -9999 -9999 -9999 -9999 -9999 -9999 -9999 -9999 -9999 -9999 -9999 -9999 -9999 -9999 -9999 -9999 -9999 -9999 -9999 -9999 -9999 -9999 -9999 -9999 -9999 3.39404351873831 9.21318054199219 8.21555542945862 4.54211533069611 2.92491182684898 2.55780118703842 2.29344454407692 2.55801942944527 1.29909896850586 1.38753229379654 1.42075726389885 1.37560352683067 1.7671964764595 1.71512317657471 1.46502524614334 1.25806501507759 3.80038940906525 3.18279147148132 1.51891726255417 1.52483850717545 1.72541695833206 1.54643243551254 1.4402414560318 1.45193848013878 1.48057347536087 1.40138626098633 1.41709497570992 1.49145600199699 1.53371554613113 1.65140783786774 1.69133251905441 1.29021146893501 1.02822750806808 0.987626284360886 1.05510753393173
