EcologicalScience/Bass/data/rs_data_bass/chl_475.asc
NCOLS 226 
NROWS 124 
XLLCORNER -9.41648524995501 
YLLCORNER 47.587301625531 
CELLSIZE 0.0833 
NODATA_value -9999 
[rows 81 to 107 of 124, columns 62 to 123 of 226]
3.85158455371857 5.97498106956482 7.6620512008667 7.66205191612244 -9999 -9999 -9999 -9999 -9999 -9999 -9999 -9999 -9999 -9999 -9999 -9999 -9999 -9999 -9999 -9999 -9999 -9999 -9999 -9999 -9999 -9999 -9999 -9999 -9999 -9999 -9999 -9999 -9999 -9999 -9999 -9999 -9999 -9999 -9999 -9999 -9999 -9999 -9999 -9999 -9999 -9999 -9999 -9999 -9999 -9999 -9999 -9999 -9999 -9999 -9999 -9999 -9999 -9999 -9999 -9999 -9999 -9999
3.34027040178336 -9999 -9999 -9999 -9999 -9999 -9999 -9999 -9999 -9999 -9999 -9999 -9999 -9999 -9999 -9999 -9999 -9999 -9999 -9999 -9999 -9999 -9999 -9999 -9999 -9999 -9999 -9999 -9999 -9999 -9999 -9999 -9999 -9999 -9999 -9999 -9999 -9999 -9999 -9999 -9999 -9999 -9999 -9999 -9999 -9999 -9999 -9999 -9999 -9999 -9999 -9999 -9999 -9999 -9999 -9999 -9999 -9999 -9999 -9999 -9999 -9999
-9999 -9999 -9999 -9999 -9999 -9999 -9999 -9999 -9999 -9999 -9999 -9999 -9999 -9999 -9999 -9999 -9999 -9999 -9999 -9999 -9999 -9999 -9999 -9999 -9999 -9999 -9999 -9999 -9999 -9999 -9999 -9999 -9999 -9999 -9999 -9999 -9999 -9999 -9999 -9999 -9999 -9999 -9999 -9999 -9999 -9999 -9999 -9999 -9999 -9999 -9999 -9999 -9999 -9999 -9999 -9999 -9999 -9999 -9999 -9999 -9999 -9999
-9999 -9999 -9999 -9999 -9999 -9999 -9999 -9999 -9999 -9999 -9999 -9999 -9999 -9999 -9999 -9999 -9999 -9999 -9999 -9999 -9999 -9999 -9999 -9999 -9999 -9999 -9999 -9999 -9999 -9999 -9999 -9999 -9999 -9999 -9999 -9999 -9999 -9999 -9999 -9999 -9999 -9999 -9999 -9999 -9999 -9999 -9999 -9999 -9999 -9999 -9999 -9999 -9999 -9999 -9999 -9999 -9999 5.52874594075339 17.8146696090698 2.82440105080605 2.63107386231422 3.03625980019569
-9999 -9999 -9999 -9999 -9999 -9999 -9999 -9999 -9999 -9999 -9999 -9999 -9999 -9999 -9999 -9999 -9999 -9999 -9999 -9999 -9999 -9999 -9999 -9999 -9999 -9999 -9999 -9999 -9999 -9999 -9999 -9999 -9999 -9999 -9999 -9999 37.1749906539917 3.43177270889282 4.70721817016602 8.58609919799002 -9999 -9999 7.2057398557663 8.43759548664093 2.76570528745651 1.64916676282883 1.26870301365852 5.02200222015381 8.13509407639503 4.91934603452682 4.99559211730957 10.9872252600534 -9999 -9999 3.652419090271 3.29336035251617 2.13772720098495 1.52939182519913 4.34984475374222 3.77051389217377 2.18872538208961 1.6695790886879
-9999 -9999 -9999 -9999 -9999 -9999 -9999 -9999 -9999 -9999 -9999 -9999 -9999 10.7591879542281 1.77229803800583 25.7840157151222 3.69881308078766 3.76259565353394 1.12509450316429 -9999 -9999 -9999 -9999 -9999 -9999 -9999 -9999 -9999 3.25720942020416 5.17608851194382 4.43150514364243 5.19791397783491 3.36643445491791 3.66949796676636 -9999 -9999 -9999 5.3084361422807 3.03387665748596 2.53853917121887 5.80423539876938 5.60369807481766 2.21504545211792 1.76657170057297 2.00119882822037 1.41377547383308 1.45685550570488 4.61106330156326 7.58477693796158 1.39834347367287 1.46411696076393 1.689806163311 1.91290497779846 1.95561146736145 1.57412177324295 1.4093302488327 1.13883975148201 1.13882777094841 0.940391957759857 0.72197999060154 0.617212504148483 1.83663153648376
-9999 -9999 -9999 -9999 -9999 -9999 -9999 -9999 -9999 -9999 18.509117603302 18.9815511703491 2.10066443681717 1.90797758102417 1.96517103910446 2.57859367132187 3.27563416957855 3.84821033477783 3.21718060970306 4.72850760817528 1.70848545928796 1.60367381572723 2.1271108686924 2.08142781257629 1.95997148752213 2.10020810365677 -9999 3.09096425771713 4.37907296419144 3.73118859529495 3.33379304409027 3.00476261973381 3.13413298130035 3.12585854530334 3.00081825256348 -9999 3.02162289132877 4.73331224918365 2.2552701830864 2.23154318332672 3.01193332672119 2.61985498666763 1.87338817119598 1.58094674348831 2.51173049211502 1.79877895116806 2.00707465410233 1.86309868097305 1.8356771171093 1.0922084748745 0.916713774204254 0.910559266805649 0.848259776830673 1.01269796490669 1.0091265141964 0.975262463092804 0.914795279502869 0.926914483308792 0.846329212188721 0.77045926451683 0.69489674270153 0.720486000180244
-9999 -9999 -9999 -9999 -9999 -9999 -9999 -9999 2.29644691944122 4.45998346805573 1.7758229970932 2.12708991765976 2.24963253736496 2.54241067171097 2.42821043729782 1.53363293409348 2.17109102010727 2.23852729797363 2.7067785859108 3.41387915611267 2.56533828377724 1.94098353981972 2.13275241851807 2.66935873031616 2.90635424852371 2.88375306129456 3.42319142818451 2.61858755350113 4.25724220275879 3.76401668787003 3.51433914899826 1.78009575605392 1.90373253822327 1.93874180316925 3.40702128410339 1.99227976799011 2.37475723028183 2.82906818389893 2.15681093931198 2.50648123025894 2.75086426734924 2.89909538626671 1.54025620222092 1.44968998432159 1.36452528834343 1.21849724650383 1.24486836791039 1.20268052816391 0.754252463579178 0.626676008105278 0.649665758013725 0.645546734333038 0.633303746581078 0.643262252211571 0.707742020487785 0.784406214952469 0.829977035522461 0.915534764528275 0.802277237176895 0.643069490790367 0.748409271240234 0.947730034589767
-9999 -9999 -9999 -9999 -9999 -9999 -9999 -9999 -9999 2.8940652012825 1.97989869117737 2.16429823637009 1.69128155708313 1.48931103944778 2.45000314712524 2.16025131940842 1.85309708118439 1.66363942623138 2.65912270545959 3.16658413410187 3.01262247562408 2.97298657894135 2.92265617847443 2.96590572595596 3.2267392873764 2.9914927482605 3.10878360271454 1.9279500246048 1.60855954885483 1.58694899082184 1.68809545040131 1.8331680893898 1.88051480054855 1.92904883623123 3.04122599959373 2.46944099664688 2.38470679521561 2.87025529146194 3.16612207889557 2.88953393697739 2.65591567754745 2.58415648341179 1.98021000623703 1.66038452088833 1.37082749605179 1.22039853036404 1.26011511683464 0.84492301940918 1.21629077196121 0.945342779159546 0.950918287038803 0.950463026762009 1.00455674529076 0.947153270244598 0.810500979423523 0.699258014559746 0.630910500884056 0.695276990532875 0.822263985872269 0.786714792251587 1.19300848245621 1.61790007352829
-9999 -9999 -9999 -9999 -9999 -9999 -9999 -9999 -9999 3.00669658184052 2.25348150730133 1.65707248449326 1.52053946256638 1.52915775775909 1.61806118488312 1.4771985411644 1.67324781417847 1.89055502414703 2.27784830331802 2.18687546253204 2.44174647331238 2.23132199048996 2.49532574415207 2.34260326623917 2.34207218885422 2.52322572469711 2.66821950674057 1.73702770471573 1.70886754989624 1.72938144207001 1.72819501161575 2.36824312806129 2.22581702470779 2.29551368951797 2.52310127019882 2.39500057697296 1.94670295715332 2.2141170501709 2.0698236823082 1.99713903665543 2.08803114295006 1.78592213988304 1.36048391461372 1.21632751822472 1.20171716809273 1.26042075455189 1.32228635251522 1.36933051049709 1.2486194819212 1.09236712753773 1.0450556203723 1.11073127388954 1.25034340471029 0.86608350276947 0.768752217292786 0.596361771225929 0.705180734395981 1.10960403084755 1.45159050822258 1.34486103057861 1.29307723045349 1.89526283740997
1.25777247548103 0.913789540529251 2.15653502941132 3.66072657108307 1.89001232385635 -9999 -9999 1.47352836281061 1.84545832872391 5.55388784408569 3.32640445232391 1.77610570192337 1.7856929898262 1.66654354333878 1.53806179761887 1.95431166887283 1.97861248254776 1.96427178382874 1.8749520778656 2.01727277040482 1.47062847018242 1.34872654080391 1.23429822921753 1.39056077599525 1.46804621815681 1.52259367704391 1.61372244358063 1.68519669771194 1.70818358659744 1.1661164984107 1.16117624938488 1.53912305831909 1.59473991394043 1.63901174068451 1.67134344577789 1.67713433504105 1.63609725236893 1.60077595710754 1.48010927438736 1.57821071147919 1.53561106324196 1.59905138611794 1.58186928927898 1.43165116757154 1.32937422394753 1.33031585812569 1.31649488210678 1.27891311049461 1.04534550011158 1.09952853620052 1.20692284405231 1.36469849199057 1.4459576010704 1.07634298503399 0.906132012605667 0.964882493019104 0.759231716394424 0.919320791959763 1.07467496395111 1.33954802155495 1.45287072658539 2.26914221048355
1.90960049629211 0.594797238707542 0.901954472064972 1.38835725188255 2.22906517982483 1.6941824555397 1.46936175227165 1.616215467453 2.70277208089828 3.75790643692017 4.22221863269806 1.64437580108643 1.42494750022888 1.40633699297905 2.53201121091843 2.56086891889572 2.60854268074036 2.09704273939133 1.73751819133759 1.51604318618774 1.42223399877548 1.03266821801662 0.868988245725632 1.38776171207428 1.45703396201134 1.53032398223877 1.63427031040192 1.50357896089554 1.0874414741993 1.1143900975585 1.49750319123268 1.57275223731995 1.65876531600952 1.71046578884125 1.70642691850662 1.73413807153702 1.64217817783356 1.46402478218079 1.36815378069878 1.34886673092842 1.5970279276371 1.63720008730888 1.58655980229378 1.42989352345467 1.09222653508186 1.39867387712002 1.03366427868605 1.03076963871717 0.985579490661621 1.339366145432 1.32815142720938 1.31870853155851 1.20567675679922 0.891688138246536 0.911830902099609 1.18466399610043 1.35941921174526 1.43531477451324 1.41934615373611 1.5355458855629 1.87863153219223 2.4307342171669
0.350748740136623 0.305393993854523 0.441689997911453 1.30754399299622 0.782462239265442 0.95347273349762 1.17634052038193 1.84248143434525 2.39649295806885 2.68583178520203 1.71091425418854 1.48504874110222 1.5726951956749 1.88246476650238 1.67206943035126 1.83464258909225 2.08173304796219 1.52812117338181 1.44254475831985 1.269425958395 1.17180302739143 0.979332022368908 0.973780877888203 1.19655261933804 1.34182423353195 1.44274199008942 1.53299617767334 1.56191021203995 1.4825267791748 1.52845674753189 1.53529068827629 1.52377226948738 1.37847903370857 1.41160726547241 1.36453199386597 1.34640374779701 1.37982371449471 1.38539323210716 1.33613097667694 1.40575911104679 1.42624425888062 1.44504041969776 1.32492372393608 1.27873796224594 1.28613904118538 1.2917907834053 1.34992679953575 1.46002227067947 1.42200641334057 1.34304150938988 0.970338732004166 1.03322777152061 1.17683699727058 1.05720300972462 1.21734412014484 1.26071999967098 0.990386992692947 1.58324843645096 1.52305653691292 1.7773894071579 1.58418971300125 2.77463847398758
0.197155505418777 0.214905738830566 0.267275243997574 0.410784021019936 0.343811251223087 0.460971727967262 0.732960730791092 2.0062717795372 2.10349130630493 2.1360787153244 1.49586528539658 1.70601600408554 1.70218044519424 1.44940048456192 1.07661446928978 1.41202273964882 1.72907316684723 1.62103432416916 0.99646121263504 0.664431765675545 0.754453115165234 0.888976991176605 1.34560722112656 1.34388372302055 1.35400950908661 1.48631027340889 1.50758707523346 1.51130175590515 1.55718755722046 1.28174476325512 1.31008833646774 1.37381628155708 1.34437653422356 1.35998100042343 1.33528277277946 1.34963026642799 1.36582428216934 1.44957447052002 1.41015373170376 1.48175065219402 1.4409191608429 1.30670253932476 1.33574026823044 1.41360706090927 1.44134277105331 1.52459606528282 1.5923593044281 1.64134228229523 2.75874817371368 2.12316861748695 1.69102196395397 1.00153049826622 1.5507922321558 1.58634629845619 1.54185676574707 1.42767262458801 1.29229724407196 1.34761239588261 1.16042026877403 1.75425150990486 4.18910586833954 2.65604692697525
0.210893243551254 0.224913753569126 0.292632758617401 0.607156500220299 0.588360384106636 0.342547506093979 0.369498744606972 0.572156265377998 0.616248741745949 0.670559987425804 0.812959492206573 0.722167521715164 0.707094758749008 0.713643014431 0.607084482908249 0.597888752818108 0.452658757567406 0.477477729320526 0.814842730760574 0.759115248918533 0.728440493345261 1.01248151063919 1.38886722922325 1.47930747270584 1.40498703718185 1.46360895037651 1.48074898123741 1.53699231147766 1.3704239577055 1.39140745997429 1.38927859067917 1.57997542619705 1.53649806976318 1.53165292739868 1.45880699157715 1.44710549712181 1.50543969869614 1.45727178454399 1.3997445255518 1.47948709130287 1.49758949875832 1.507384121418 1.38399150967598 1.34760224819183 1.27969121932983 1.54584145545959 3.03756532073021 2.7980437874794 2.25577506422997 3.8328053355217 3.49599489569664 2.25913766026497 1.75008299946785 1.5214087665081 1.46235483884811 1.45357006788254 1.53411260247231 1.71422955393791 1.91941916942596 2.11358293890953 2.54010862112045 4.09776520729065
0.468925505876541 0.513080254197121 0.507165759801865 0.543293237686157 0.64929673075676 0.677861988544464 0.727568998932838 0.603322505950928 0.460717499256134 0.486875250935555 0.533634021878242 0.551513269543648 0.568743735551834 0.451203748583794 0.606091484427452 0.416042983531952 0.440972998738289 0.474746257066727 1.16585373878479 1.18287473917007 1.28600001335144 1.32732623815536 1.25035800039768 1.42262023687363 1.37983873486519 1.48632824420929 1.60237723588943 1.6343691945076 1.37065199017525 1.69374597072601 1.77577883005142 1.62371402978897 1.65545707941055 1.65058654546738 1.55927556753159 1.6704375743866 1.68143248558044 1.66455978155136 1.30801199376583 1.31380426883698 1.23804903030396 1.22578574717045 1.31777474284172 1.3427819609642 1.8202537894249 3.43438410758972 11.4564020633698 2.97667568922043 2.56834343075752 3.1839334666729 2.44050675630569 1.9438593685627 1.41955317556858 1.46412822604179 1.55657055974007 1.72238928079605 2.07942420244217 2.41451400518417 2.50848975777626 2.74142324924469 4.81902480125427 8.09392495813041
0.682155758142471 0.532329753041267 0.500216245651245 0.444008991122246 0.390483006834984 0.434347495436668 0.342332996428013 0.337326005101204 0.466663509607315 0.532137751579285 0.53838224709034 0.495528012514114 0.499578014016151 0.655481234192848 0.83150777220726 0.438466519117355 0.754695743322372 0.744554981589317 1.20584297180176 0.911910742521286 0.95713198184967 1.06759724020958 1.14470547437668 1.24795424938202 1.37434422969818 1.48598098754883 1.55731791257858 1.46009248495102 1.70493972301483 1.65923023223877 1.70657175779343 1.8478290438652 2.18969696760178 2.3686575293541 2.46218025684357 2.31901878118515 2.02948129177094 1.86345371603966 1.38038997352123 1.25608049333096 1.27007286250591 1.41377100348473 1.32614547014236 2.17333567142487 4.32656335830688 7.12210464477539 10.355459690094 8.41522693634033 3.24521331489086 2.67267975211143 1.66570463776588 1.30363798141479 1.40034860372543 1.81417313218117 2.1099454164505 2.52836510539055 2.9357927750497 -9999 -9999 -9999 -9999 -9999
0.741068243980408 0.672056257724762 0.593706741929054 0.527399271726608 0.513337478041649 0.309580497443676 0.294686995446682 0.29440949857235 0.751045525074005 0.567024752497673 0.583354488015175 0.458954259753227 0.492969766259193 0.567664504051208 0.719009265303612 0.93896546959877 0.959947496652603 0.749296501278877 1.57885444164276 0.936366766691208 1.14399227499962 1.4054152071476 1.4485387802124 1.49933624267578 1.80718499422073 1.99207127094269 2.0601224899292 2.26801973581314 1.88305342197418 1.54285794496536 2.00503957271576 2.38148707151413 2.58406502008438 2.7406200170517 3.0084410905838 3.01342722773552 2.86631745100021 1.6658763885498 1.40225780010223 1.56988796591759 1.49521854519844 1.52044796943665 1.47544875741005 1.94097983837128 2.63514232635498 4.5951908826828 4.91615188121796 4.23369598388672 1.6238966435194 1.34470649063587 1.37793454527855 1.54396690428257 2.08620303869247 2.71526972204447 1.41249207492735 -9999 -9999 -9999 -9999 -9999 -9999 -9999
0.682388260960579 0.673181265592575 0.690212979912758 0.311579257249832 0.314368508756161 0.324920251965523 0.365060247480869 0.31878000497818 0.305058002471924 0.357473999261856 0.412483513355255 0.403832271695137 0.440515503287315 0.563846245408058 0.591967508196831 0.709042489528656 0.900472462177277 0.723803982138634 0.950923472642899 1.3649460375309 1.51923894882202 1.55010223388672 1.22906774282455 1.45507648587227 1.58714854717255 1.76985973119736 2.03545957803726 2.21678406000137 1.92177450656891 -9999 -9999 -9999 -9999 -9999 -9999 3.14426672458649 3.49541139602661 2.61871480941772 2.17473620176315 1.64292997121811 1.5711795091629 0.873723775148392 0.843306720256805 1.29980099201202 1.43420103192329 1.62897670269012 1.63604253530502 1.54873645305634 1.55016678571701 1.40295034646988 1.62959741055965 1.73293496668339 2.46003621816635 1.9762424826622 1.97624230384827 -9999 -9999 -9999 -9999 -9999 -9999 -9999
0.67527374625206 0.685477495193481 0.697922229766846 0.722274526953697 0.775164231657982 0.817454740405083 0.406245768070221 0.397804498672485 0.321859493851662 0.315548993647099 0.404636263847351 0.382162481546402 0.506001770496368 0.506816267967224 0.507679492235184 0.515522986650467 0.797747254371643 0.957561761140823 1.30128970742226 1.07740876078606 1.40650427341461 1.44007498025894 1.1561107635498 1.1558752655983 1.31034895777702 1.42044898867607 1.96548002958298 2.16772949695587 2.14210116863251 -9999 -9999 -9999 -9999 -9999 -9999 4.89700627326965 13.1997623443604 6.14666342735291 3.02426660060883 2.56741905212402 2.20199078321457 2.16099178791046 1.0210799574852 1.28914877772331 1.48187550902367 1.65766507387161 1.71103191375732 1.8588690161705 1.13040751218796 2.82256382703781 2.62289437651634 3.74839973449707 -9999 -9999 -9999 -9999 -9999 -9999 -9999 -9999 -9999 -9999
0.658457234501839 0.665946006774902 0.693710505962372 0.773260250687599 0.754149526357651 0.764028519392014 0.394361257553101 0.537079498171806 0.593126267194748 0.347919747233391 0.380058020353317 0.393243759870529 0.443469732999802 0.466032743453979 0.453894004225731 0.443944483995438 0.979043215513229 1.3847099840641 2.12478822469711 1.65998860620535 0.833690535037889 2.39595383405685 1.21566221117973 0.897817522287369 0.908314526081085 1.06239303946495 1.56623250246048 1.75541925430298 1.86681604385376 -9999 -9999 -9999 -9999 -9999 -9999 -9999 5.90369478861491 19.1512789726257 9.23080492019653 8.3562216758728 8.16338086128235 7.69261336326599 8.15599131584167 6.78520536422729 5.71414184570312 1.59437692165375 1.90865921974182 2.06683194637299 7.98415338993073 8.04276341199875 8.11437129974365 6.05763792991638 4.6633323431015 -9999 -9999 -9999 -9999 -9999 -9999 -9999 -9999 -9999
0.670242011547089 0.628145232796669 0.707952752709389 0.812871769070625 0.90345224738121 0.963861763477325 0.934658244252205 1.11683049798012 0.523851737380028 0.488065481185913 0.432908266782761 0.417842254042625 0.509921237826347 0.549179255962372 0.608220756053925 0.575267270207405 1.04950046539307 1.3583662211895 1.19968503713608 1.17604646086693 0.916073262691498 1.20839175581932 1.10780471563339 1.16520148515701 1.28516998887062 1.71209996938705 1.6865211725235 1.85842716693878 2.22031044960022 1.95475119352341 -9999 -9999 -9999 -9999 -9999 -9999 -9999 4.80201086997986 4.12428703308106 16.9469482512087 21.5605008602142 16.9287867546082 11.9869611263275 4.23365080356598 4.1164413690567 3.24142903089523 4.12866657972336 6.70027452707291 11.5034215450287 7.407799243927 8.32055401802063 8.5601634979248 6.84098228802635 -9999 -9999 -9999 -9999 -9999 -9999 -9999 -9999 -9999
0.691449001431465 0.659118011593819 0.712235763669014 0.932551473379135 0.976745009422302 1.06399503350258 1.10433277487755 1.19018200039864 1.30256873369217 1.29423302412033 0.710697770118713 0.477882742881775 0.568818747997284 0.768245279788971 0.757610231637955 0.72078600525856 1.14615377783775 1.16500496864319 1.11636453866959 0.871329009532928 0.617916002869606 0.676309481263161 0.966295480728149 2.19140857458115 1.93415558338165 1.84435200691223 1.70267397165298 1.70791804790497 1.76006770133972 1.92841726541519 2.05294150114059 -9999 -9999 -9999 -9999 -9999 -9999 -9999 -9999 -9999 -9999 -9999 -9999 -9999 -9999 -9999 3.65490746498108 11.8180958032608 19.2339334487915 13.0976691246033 4.15063583850861 -9999 -9999 -9999 -9999 -9999 -9999 -9999 -9999 -9999 -9999 -9999
0.845155254006386 0.666368991136551 0.704887479543686 0.7963827252388 1.00035601854324 1.03865122795105 0.855533212423325 1.18317249417305 1.24414727091789 1.31297129392624 1.31861153244972 0.439690500497818 0.470243230462074 0.400212004780769 0.892789497971535 0.91763361543417 0.986515112221241 0.960079528391361 0.930283471941948 0.592455759644508 0.870622515678406 0.908610731363297 1.5816405415535 1.01617642582917 1.54974102973938 -9999 1.68410198224915 1.41206851601601 1.39083749055862 1.5039809346199 2.14268481731415 1.83472234010696 -9999 -9999 -9999 -9999 -9999 -9999 -9999 -9999 -9999 -9999 -9999 -9999 -9999 -9999 -9999 -9999 -9999 -9999 -9999 -9999 -9999 -9999 -9999 -9999 -9999 -9999 -9999 -9999 -9999 -9999
0.99345526099205 0.710369244217873 0.740819245576859 1.01920700073242 0.807889491319656 1.17546078562737 0.867083966732025 1.25639396905899 1.21173548698425 1.19628900289536 1.18428647518158 1.04028975963593 1.01274072378874 0.995626129209995 1.16217297315598 0.955869734287262 0.891364485025406 1.07418903708458 0.926167890429497 0.908094003796577 1.08044403791428 1.19267177581787 1.34388452768326 1.8821325302124 2.05295616388321 2.01003831624985 1.89890778064728 1.62060821056366 1.62530028820038 1.52584505081177 2.35486882925034 1.79928948481878 -9999 -9999 -9999 -9999 -9999 -9999 -9999 -9999 -9999 -9999 -9999 -9999 -9999 -9999 -9999 -9999 -9999 -9999 -9999 -9999 -9999 -9999 -9999 -9999 -9999 -9999 -9999 -9999 -9999 -9999
0.877350032329559 0.856682986021042 1.10734948515892 1.17083725333214 1.08055275678635 1.31362625956535 1.34300649166107 1.36840671300888 1.14126303792 1.17757648229599 1.1829217672348 0.532878756523132 0.488571748137474 0.485777243971825 0.464018985629082 0.82753649353981 0.935249984264374 1.1170402765274 0.957609392702579 1.00329297780991 1.0502872467041 1.12621200084686 1.29426303505898 1.57721167802811 1.74210369586945 1.80769121646881 1.70648324489594 1.96321052312851 1.98710632324219 2.04054826498032 2.50829780101776 1.55437065317081 -9999 -9999 -9999 -9999 -9999 -9999 -9999 -9999 -9999 -9999 -9999 -9999 -9999 -9999 -9999 -9999 -9999 -9999 -9999 -9999 -9999 -9999 -9999 -9999 -9999 -9999 -9999 -9999 -9999 -9999
0.888018786907196 0.906312793493271 1.12904325127602 1.0470757484436 1.31783229112625 0.877453476190567 0.937154978513718 1.1069895029068 1.28905275464058 1.29382726550102 1.18304622173309 0.863584488630295 1.12989521026611 0.858590215444565 0.831776261329651 0.85654878616333 0.959552228450775 1.0845420062542 1.07092729210854 1.00735764205456 1.03698150068521 1.35549446940422 1.52808004617691 1.69909125566483 1.84579503536224 1.57087343931198 1.39178770780563 1.86344558000565 1.82985895872116 1.73829817771912 2.85400128364563 2.58347457647324 -9999 -9999 -9999 -9999 -9999 -9999 -9999 -9999 -9999 -9999 -9999 -9999 -9999 -9999 -9999 -9999 -9999 -9999 -9999 -9999 -9999 -9999 -9999 -9999 -9999 -9999 -9999 -9999 -9999 -9999
