EcologicalScience/Bass/data/rs_data_bass/chl_242.asc
NCOLS 226 
NROWS 124 
XLLCORNER -9.41648524995501 
YLLCORNER 47.587301625531 
CELLSIZE 0.0833 
NODATA_value -9999 
[rows 54 to 80 of 124, columns 124 to 185 of 226]
2.18375480175018 1.97396475076675 1.89912307262421 1.89163041114807 2.09390544891357 2.22535872459412 2.16970717906952 1.78813344240189 1.63214331865311 1.60572749376297 1.8478342294693 1.84212827682495 1.89692544937134 2.29932600259781 2.45626956224442 2.5323960185051 2.12372481822968 1.9034737944603 1.63416749238968 1.23464173078537 1.30422824621201 1.38498070836067 1.68866783380508 2.34139198064804 2.29824221134186 2.37452030181885 2.31908029317856 2.25035923719406 2.03114998340607 1.91715002059937 1.89085793495178 1.92779552936554 1.89103657007217 1.75817102193832 1.74544054269791 1.69527751207352 1.64127677679062 2.02468353509903 2.08075958490372 1.89196568727493 1.32312825322151 0.982397228479385 0.97517403960228 1.25666999816895 1.63802844285965 3.04419958591461 2.94384151697159 5.85509562492371 5.36467730998993 4.50111436843872 3.45381081104279 10.9629392623901 10.692104101181 12.1579999923706 16.9438533782959 39.102087020874 24.9253950119019 27.1299991607666 15.4561786651611 15.4052742791656 5.74173502579421 -9999
2.48642617464066 2.37390893697739 2.29174268245697 2.08363276720047 2.22072529792786 2.36775451898575 2.27163451910019 2.24410808086395 1.8032174706459 1.7669797539711 1.82913833856583 1.77478194236755 1.64415156841278 1.90036207437515 2.2532422542572 2.2880265712738 2.16752707958221 2.05357271432877 2.15174102783203 1.78204429149628 1.96340399980545 2.12683421373367 2.51984918117523 2.11625325679779 2.05332148075104 2.0874382853508 2.03884506225586 1.95880579948425 1.92976802587509 1.9619055390358 1.95883494615555 2.09281343221664 2.29227304458618 2.3287056684494 2.27087098360062 2.128333568573 2.28427058458328 1.72708421945572 0.800958752632141 0.828792035579681 0.852116972208023 0.906197994947433 1.05215620994568 2.16426676511765 2.8566802740097 3.55215311050415 6.60204648971558 4.70526015758514 4.97745144367218 7.32274603843689 8.06974983215332 8.5758798122406 10.1860749721527 14.8497347831726 24.2212572097778 9.0818657130003 10.5720698833466 -9999 -9999 -9999 -9999 -9999
2.59738576412201 2.68023830652237 2.66564476490021 2.43920856714249 2.22529131174088 2.19498592615128 2.35257893800735 2.23244851827621 2.08998674154282 2.05829930305481 1.91669708490372 2.0607944726944 2.13075292110443 1.91015017032623 2.03357630968094 2.27737194299698 2.29267358779907 2.25282973051071 2.28309828042984 2.07459229230881 2.23478776216507 2.2687252163887 1.992680311203 1.91823148727417 2.01280796527863 1.9984484910965 2.07783454656601 2.07577049732208 2.23386830091476 2.33246326446533 2.47120732069016 2.83493775129318 1.64518117904663 1.34758651256561 1.57285648584366 1.32882678508759 0.989424705505371 0.828931510448456 0.785123258829117 0.76206448674202 0.80800125002861 0.898578733205795 2.07321149110794 3.39310491085052 4.28293490409851 6.01643443107605 7.98098301887512 3.85345329705232 11.1875252723694 11.3548657894135 9.52078199386597 10.1838133335114 11.545206785202 13.9359549209476 -9999 -9999 -9999 -9999 -9999 -9999 -9999 -9999
3.09556710720062 2.93352895975113 2.97994726896286 2.76384902000427 2.46095395088196 2.45819020271301 2.42985141277313 2.33125573396683 2.55023020505905 2.43180155754089 2.29018431901932 2.43426829576492 2.58603608608246 2.13733577728271 2.10578244924545 2.53365594148636 2.16860783100128 2.40995103120804 2.2744882106781 2.28819519281387 2.1738817691803 2.01995104551315 2.04299855232239 2.06667083501816 2.09489250183105 2.18355149030685 2.28274583816528 2.33825325965881 2.40390157699585 1.92020469903946 1.96361321210861 1.59078669548035 0.970395773649216 0.992851495742798 1.03996422886848 1.08580496907234 0.978173285722733 0.761433720588684 0.715001240372658 0.725154742598534 0.8048295378685 1.31010228395462 2.64536333084106 4.75197958946228 7.13282203674316 10.7393217086792 12.0929760932922 6.41685420110685 13.2780904769897 12.8073863983154 11.6096749305725 10.5444982051849 8.90668845176697 -9999 -9999 -9999 -9999 -9999 -9999 -9999 -9999 -9999
3.59143495559692 3.45073342323303 3.64213049411774 3.23503875732422 2.91109728813171 2.84852707386017 2.79628497362137 2.73314917087555 2.56442552804947 2.46909517049789 2.43058651685715 2.46162307262421 2.64015519618988 2.71870654821396 2.44500303268433 2.13721507787704 2.590491771698 2.30604368448257 2.32290369272232 2.07875847816467 1.98886495828629 2.04859954118729 2.03839266300201 2.09597396850586 1.92677253484726 1.98969376087189 1.60252350568771 1.57515370845795 1.45670476555824 1.34583976864815 1.31989949941635 1.1204249560833 1.21569523215294 1.07281646132469 1.01642927527428 1.07504627108574 0.921554982662201 0.886650770902634 0.826992005109787 0.89887797832489 1.23477602005005 1.8729652762413 2.77636724710464 6.43598914146423 11.2881681919098 15.57883644104 10.9109655618668 16.0038571357727 11.0703277587891 9.89676332473755 10.1187200546265 8.42872166633606 47.9324930631197 -9999 -9999 -9999 -9999 -9999 -9999 -9999 -9999 -9999
-9999 8.07995663881302 11.7795898914337 6.58295500278473 3.55763912200928 2.93790006637573 3.10983467102051 3.35683500766754 3.10114967823029 2.85104405879974 2.75838679075241 2.73566472530365 2.69422799348831 2.64156067371368 2.60982817411423 2.15342545509338 2.48203128576279 2.75551271438599 2.34844583272934 2.11591494083405 2.03205156326294 2.20986306667328 2.20581382513046 1.9631062746048 2.01131254434586 1.61305046081543 1.44467175006866 1.33437752723694 1.35964724421501 1.48937550187111 1.56295877695084 1.49182650446892 1.2857902944088 1.16354021430016 1.2150097489357 1.37452277541161 1.24837946891785 1.1803702712059 1.10158422589302 1.15071228146553 2.3209245800972 2.30972546339035 2.86588042974472 7.70721888542175 15.7254095077515 -9999 7.11193037033081 11.7209079265594 10.0211641788483 8.66938805580139 63.0671367645264 70.7976493835449 49.6810913085938 53.2406635491744 -9999 -9999 -9999 -9999 -9999 -9999 -9999 -9999
-9999 -9999 -9999 -9999 -9999 2.28387522697449 3.44646949768066 3.21643817424774 3.2183700799942 3.06938016414642 2.99539804458618 2.71687871217728 2.68082392215729 2.60734051465988 2.65207582712173 2.42948770523071 2.01399224996567 2.16844868659973 2.20066720247269 2.18926048278809 2.10227930545807 2.33724296092987 2.30579173564911 2.02075946331024 1.26544725894928 1.10106003284454 1.26414370536804 1.73162180185318 1.81758749485016 1.79957699775696 1.87664258480072 1.63494372367859 1.59497541189194 1.62748271226883 1.7846183180809 1.69576191902161 1.56042444705963 1.49660325050354 1.79038274288177 2.16041332483292 2.43997657299042 2.52440929412842 3.41315388679504 9.9048957824707 22.2254233360291 20.7352212111927 -9999 -9999 -9999 -9999 37.8312835693359 47.7081184387207 57.3603973388672 22.935548224816 -9999 -9999 -9999 -9999 -9999 -9999 -9999 -9999
-9999 -9999 -9999 -9999 -9999 -9999 -9999 -9999 4.30172637104988 3.06345212459564 2.96470803022385 2.87992948293686 2.6735445857048 2.60861849784851 2.71429055929184 2.48347127437592 2.23421841859818 2.10998404026031 2.12453770637512 1.97921258211136 2.06781828403473 2.21189403533936 2.18739455938339 2.14511847496033 1.08841198682785 0.777325540781021 0.99076572060585 1.785007417202 2.34942895174026 2.34524166584015 2.32382333278656 2.02427476644516 2.02833831310272 2.27366781234741 2.33952069282532 2.32697707414627 2.3702917098999 2.86127704381943 2.83723121881485 2.21956497430801 2.60383343696594 3.72146308422089 6.03857374191284 14.0248646736145 6.65114943627958 29.0682649612427 -9999 -9999 -9999 -9999 17.548882484436 40.712486743927 51.4835486412048 25.0921840667725 19.1866936683655 40.9638178445855 -9999 -9999 -9999 -9999 -9999 -9999
-9999 -9999 -9999 -9999 -9999 -9999 -9999 -9999 -9999 -9999 3.07387804985046 2.94154876470566 2.9018429517746 2.7150576710701 2.71330207586288 2.44585275650024 2.28395408391953 2.08149075508118 1.81470894813538 1.79279172420502 2.08553999662399 2.11433476209641 1.92827618122101 2.37518692016602 0.944330960512161 0.841526985168457 1.30072572827339 2.05522495508194 3.25572752952576 3.07038903236389 2.94723379611969 2.90538597106934 2.91625499725342 3.10551381111145 3.44211137294769 3.601487159729 3.58358323574066 3.35195088386536 2.65839368104935 2.64414596557617 3.86089503765106 5.66968274116516 9.51889657974243 21.8633308410645 13.8598846480684 -9999 -9999 -9999 -9999 -9999 -9999 -9999 9.89661262602341 27.5008506774902 20.4852318763733 23.8101925849915 10.8786277770996 -9999 -9999 -9999 -9999 -9999
-9999 -9999 -9999 -9999 -9999 -9999 -9999 -9999 -9999 4.3704868555069 4.46126954555512 3.00314176082611 2.93078398704529 2.85413628816605 2.85970956087112 2.5767742395401 2.30917418003082 2.11022704839706 1.88393032550812 1.74154955148697 1.93282341957092 2.03299355506897 2.11109018325806 2.47087419033051 0.737262770533562 0.988682985305786 2.02384722232819 4.01219022274017 4.07326948642731 3.68355524539948 3.77248585224152 4.23546516895294 4.54191756248474 5.04739809036255 5.09978842735291 4.84370863437653 4.1729428768158 3.15685343742371 3.48864233493805 3.40171194076538 4.05301201343536 6.27618741989136 9.46007108688354 15.8047299385071 23.7145694465313 33.0447750091553 -9999 -9999 -9999 37.3397880422658 35.0773873329163 64.8472537994385 39.2629566192627 38.3294563293457 13.3861083984375 11.3886744976044 15.1451059964395 -9999 -9999 -9999 -9999 -9999
-9999 -9999 -9999 -9999 -9999 -9999 -9999 -9999 -9999 -9999 3.92239390100752 3.39059257507324 3.32137262821198 3.18743705749512 3.13933789730072 2.76223647594452 2.47400844097137 2.27580893039703 1.99375873804092 1.74615150690079 1.78822642564774 2.04092556238174 2.48725283145905 1.81598031520844 0.747336745262146 1.68617391586304 4.49654316902161 5.86990642547607 3.96241343021393 4.20221865177155 5.09679222106934 6.40081787109375 6.94123077392578 7.892733335495 7.53381299972534 7.3634340763092 6.62465858459473 4.53178811073303 4.35787582397461 5.14947509765625 4.9721542596817 5.88113236427307 13.17626953125 31.0675621032715 8.84265467321988 -9999 -9999 -9999 -9999 -9999 37.6865458488464 36.2856967449188 17.8629240989685 52.6708030700684 50.1215744018555 -9999 -9999 -9999 -9999 -9999 -9999 -9999
-9999 -9999 -9999 -9999 -9999 -9999 -9999 -9999 -9999 3.67937564849854 3.65272614955902 3.8906421661377 3.75504970550537 3.5325129032135 2.93306547403336 2.81918925046921 2.4077280163765 2.32737368345261 2.04254329204559 1.87005007266998 2.10615742206573 2.27675932645798 1.67369467020035 0.833584517240524 1.30198574066162 3.43439984321594 5.65878617763519 6.36475396156311 4.36204290390015 3.61750566959381 4.52764892578125 6.26541495323181 8.9887318611145 10.5595622062683 10.0926060676575 8.87374806404114 6.42452716827393 4.66992688179016 4.60577416419983 5.16603970527649 7.28966689109802 12.659939289093 17.1613712310791 6.17176373491009 3.86466658115387 -9999 -9999 -9999 -9999 -9999 53.3465454641141 25.0945395827293 32.380350112915 -9999 -9999 -9999 -9999 -9999 -9999 -9999 -9999 -9999
-9999 -9999 -9999 -9999 -9999 -9999 -9999 -9999 -9999 3.7356185967272 3.85514667034149 4.16155207157135 3.51203763484955 2.95707607269287 2.72980803251266 2.55963742733002 2.28976947069168 2.33600091934204 2.3269454240799 2.46552747488022 2.62723731994629 2.55789220333099 1.22224500775337 1.23270902037621 1.73066693544388 4.14351153373718 5.94636297225952 6.0729660987854 4.71912896633148 2.9617583155632 3.81506788730621 6.00887060165405 10.5360753536224 11.50079870224 10.9221947193146 9.96061277389526 6.15496587753296 5.54757463932037 5.36137139797211 5.36759161949158 7.43623495101929 18.6098642349243 30.8060531616211 10.8527996893068 3.86466693878174 -9999 -9999 -9999 -9999 12.1949715614319 -9999 -9999 -9999 -9999 -9999 -9999 -9999 -9999 -9999 -9999 -9999 -9999
-9999 -9999 -9999 -9999 -9999 -9999 -9999 -9999 -9999 4.24600703716278 3.94016110897064 3.88792562484741 3.62330639362335 3.02291929721832 2.64811652898788 2.53425908088684 2.53888875246048 3.0519061088562 3.41447710990906 3.81118726730347 1.95396602153778 1.14282828569412 0.997029036283493 2.27713948488235 3.68534553050995 4.97321319580078 6.05085253715515 3.95319163799286 2.46949356794357 1.73753178119659 3.37837278842926 7.25094509124756 10.368400812149 9.60415506362915 7.83455085754395 6.06077671051025 5.44770383834839 6.15018582344055 6.19677472114563 8.07773208618164 15.5672993659973 25.7633771896362 4.96794644113797 -9999 -9999 -9999 -9999 -9999 -9999 -9999 -9999 -9999 -9999 -9999 -9999 -9999 -9999 -9999 -9999 -9999 -9999 -9999
-9999 -9999 -9999 -9999 -9999 -9999 -9999 -9999 -9999 3.94277107715607 3.86177086830139 3.8019425868988 3.38966417312622 2.9255279302597 2.98162347078323 2.84873843193054 3.13062286376953 3.64162874221802 3.24667346477509 2.57503867149353 1.18262028694153 0.976529985666275 2.27906692028046 3.80825328826904 4.98387658596039 5.6172194480896 5.23129642009735 2.37868058681488 1.49708399176598 1.49311575293541 2.27451825141907 5.547447681427 6.75507044792175 7.42792725563049 7.2298629283905 8.01665496826172 4.19979357719421 5.37628269195557 6.5185546875 11.069611787796 23.4997658729553 5.12460656727062 8.57880510479571 -9999 -9999 -9999 -9999 -9999 -9999 -9999 -9999 -9999 -9999 -9999 -9999 -9999 -9999 -9999 -9999 -9999 -9999 -9999
-9999 -9999 -9999 -9999 -9999 -9999 -9999 3.28386068344116 4.13935718536377 3.59121745824814 4.04486238956451 3.52783191204071 3.66223275661469 2.7953714132309 3.32223987579346 3.22038888931274 3.78473460674286 2.74928319454193 1.28255698084831 1.07629045844078 1.10366249084473 1.24260297417641 2.5897176861763 3.90149760246277 4.59266710281372 4.01271915435791 2.34018820524216 1.80117970705032 1.63097333908081 1.35232946276665 1.37786176800728 3.56551122665405 4.60222041606903 6.58390545845032 6.78123664855957 6.77554750442505 7.0866801738739 6.11253619194031 7.16370320320129 9.08267855644226 12.9981839130226 5.69786846637726 3.25656187534332 -9999 -9999 -9999 -9999 -9999 -9999 -9999 -9999 -9999 -9999 -9999 -9999 -9999 -9999 -9999 -9999 -9999 -9999 -9999
-9999 -9999 -9999 -9999 -9999 -9999 3.7665303018358 3.3760181015188 3.45497584342957 3.39453715085983 3.15949952602386 3.34257316589355 3.50219178199768 3.26992034912109 3.44370138645172 3.39103889465332 4.00240588188171 1.69104892015457 1.80066668987274 2.48350578546524 2.30315333604813 1.47309225797653 1.96543657779694 2.43727880716324 2.25041395425797 1.79199457168579 1.89949947595596 1.74665468931198 1.68748050928116 1.67069256305695 2.41130483150482 3.02638292312622 4.05986487865448 4.50353407859802 5.00888550281525 5.46060991287231 5.93181824684143 7.05797553062439 11.6797957420349 -9999 -9999 -9999 -9999 -9999 -9999 -9999 -9999 -9999 -9999 -9999 -9999 -9999 -9999 -9999 -9999 -9999 -9999 -9999 -9999 -9999 -9999 -9999
-9999 -9999 -9999 -9999 4.48966131619881 3.72618477344513 2.86577153205872 4.21578501462936 3.34306740760803 3.52320384979248 3.38644337654114 3.39639437198639 3.57567000389099 3.72478044033051 3.81907117366791 3.32730674743652 3.10406684875488 2.19995552301407 3.0522848367691 4.83844363689423 6.3100597858429 3.3768675327301 4.7863883972168 4.46718370914459 1.98494625091553 1.26218622922897 1.39982548356056 1.5542768239975 1.99397993087769 3.26077044010162 7.20196509361267 7.69152760505676 6.55175971984863 5.99176347255707 5.91575789451599 6.22130084037781 6.24691772460938 9.45333546858567 -9999 -9999 -9999 -9999 -9999 -9999 -9999 -9999 -9999 -9999 -9999 -9999 -9999 -9999 -9999 -9999 -9999 -9999 -9999 -9999 -9999 -9999 -9999 -9999
-9999 -9999 -9999 -9999 3.20631680769079 3.74543857297232 2.70579739411672 4.24434306621552 3.66774165630341 3.33975756168365 3.26660084724426 3.64114880561829 4.07180178165436 4.27652263641357 3.70813035964966 3.04836452007294 2.61586421728134 2.587826192379 3.4045432806015 5.4893571138382 5.89983665943146 3.08655524253845 5.72711169719696 5.53973937034607 3.85325109958649 2.33203500509262 3.24778425693512 3.83784520626068 5.90972328186035 13.1786112785339 20.5825023651123 21.128514289856 15.2870278358459 11.4935631752014 6.32080793380737 7.64152479171753 14.0063381195068 -9999 -9999 -9999 -9999 -9999 -9999 -9999 -9999 -9999 -9999 -9999 -9999 -9999 -9999 -9999 -9999 -9999 -9999 -9999 -9999 -9999 -9999 -9999 -9999 -9999
-9999 30.9422809131985 3.95913234422373 3.69510938261831 3.53671009540558 3.98875665664673 4.17657664418221 4.12509322166443 3.73678815364838 3.3902131319046 3.27886962890625 3.44209134578705 4.05837535858154 3.7647442817688 3.06924140453339 2.40675151348114 2.98657196760178 3.33554935455322 4.08198809623718 5.19456374645233 5.00074589252472 4.2706732749939 4.00652682781219 3.98149716854095 4.37784075737 10.4147007465363 10.1126918792725 13.8329672813416 17.3699154853821 24.0843887329102 31.0472917556763 19.7162303924561 29.0709371566772 15.0641298294067 24.8996540307999 12.8696520924568 -9999 -9999 -9999 -9999 -9999 -9999 -9999 -9999 -9999 -9999 -9999 -9999 -9999 -9999 -9999 -9999 -9999 -9999 -9999 -9999 -9999 -9999 -9999 -9999 -9999 -9999
13.0887823445456 4.62002877491276 5.04635113936204 3.73584370953696 4.19648122787476 4.68246531486511 3.85578060150146 4.23095309734344 4.17149233818054 3.54102158546448 3.05942094326019 2.90248042345047 4.1752245426178 2.63863492012024 1.58480179309845 1.62302094697952 4.80139803886414 5.01313126087189 5.30206561088562 5.55620491504669 5.21516847610474 4.0433521270752 3.54466438293457 3.59535992145538 11.4152684211731 19.7558012008667 23.4264664649963 26.0115165710449 25.0651187896729 21.8751525878906 17.0144062042236 29.5193653106689 39.3688631057739 -9999 -9999 -9999 -9999 -9999 -9999 -9999 -9999 -9999 -9999 -9999 -9999 -9999 -9999 -9999 -9999 -9999 -9999 -9999 -9999 -9999 -9999 -9999 -9999 -9999 -9999 -9999 -9999 -9999
21.6224597367373 2.62375293459211 3.92422045980181 3.83687388896942 4.10942459106445 4.01757895946503 3.59797489643097 3.58847630023956 3.71626138687134 3.36565268039703 2.74701458215714 3.07594585418701 3.50637674331665 1.31756848096848 1.47444078326225 3.23438930511475 4.05677711963654 4.787806391716 5.96895432472229 6.33559584617615 5.05148041248322 4.32467186450958 5.45184302330017 10.5656354427338 16.5009927749634 20.1364989280701 27.3488759994507 22.3222875595093 20.0831279754639 13.5173349380493 23.8054475784302 42.3212413787842 64.6764793395996 20.5152020454407 16.9236450195312 5.55339476917729 -9999 -9999 -9999 -9999 -9999 -9999 -9999 -9999 -9999 -9999 -9999 -9999 -9999 -9999 -9999 -9999 -9999 -9999 -9999 -9999 -9999 -9999 -9999 -9999 -9999 -9999
3.92442047595978 4.21664035320282 4.1146320104599 4.26388800144196 4.12604033946991 3.94789052009583 3.88326144218445 3.77350437641144 3.2183872461319 2.76165157556534 3.00486660003662 3.45097482204437 2.68587219715118 1.81215977668762 2.46047097444534 3.22228109836578 4.65146684646606 5.44057059288025 6.17102265357971 5.41360938549042 4.85978329181671 8.92019462585449 17.1770067214966 22.4539475440979 25.8419065475464 27.2773504257202 23.34437084198 19.9029479026794 27.421706199646 18.0852928161621 6.6893382469813 -9999 -9999 -9999 -9999 -9999 -9999 -9999 -9999 -9999 -9999 -9999 -9999 -9999 -9999 -9999 -9999 -9999 -9999 -9999 -9999 -9999 -9999 -9999 -9999 -9999 -9999 -9999 -9999 -9999 -9999 -9999
5.85864508152008 4.74674534797668 5.9601001739502 3.73943173885345 4.36334252357483 4.40557587146759 3.79076170921326 4.28531563282013 3.78082859516144 3.71408236026764 3.31853628158569 2.97617769241333 2.95379322767258 2.3768647313118 3.31629145145416 4.26967120170593 4.7116402387619 5.26001250743866 5.01274359226227 7.37034845352173 10.3494343757629 16.7045216560364 26.1220149993896 28.7930288314819 21.191330909729 23.2258944511414 19.9719042778015 26.3036556243896 22.3019785881042 18.8570795059204 29.6765213012695 6.57744753038561 -9999 -9999 -9999 -9999 -9999 -9999 24.5516349984639 12.6942715644836 -9999 -9999 -9999 -9999 -9999 -9999 -9999 -9999 -9999 -9999 -9999 -9999 -9999 -9999 -9999 -9999 -9999 -9999 -9999 -9999 -9999 -9999
3.22308546304703 9.18695919513702 4.23710976947438 6.10771972603268 4.69599559530616 3.69142707711772 4.95822264254093 3.41636610031128 3.4605427980423 3.4631016254425 2.87160891294479 2.47442919015884 2.72705554962158 2.92289918661118 3.06791317462921 3.34567809104919 4.16154134273529 4.534796833992 5.1522570848465 8.33609533309937 11.8808698654175 18.2168455123901 20.8534283638 17.2407546043396 14.4631505012512 17.0048046112061 14.2620635032654 24.0806751251221 24.8939409255981 38.1470031738281 8.40698258027638 3.42093944549561 -9999 -9999 -9999 -9999 -9999 -9999 -9999 -9999 -9999 -9999 -9999 -9999 -9999 -9999 -9999 -9999 -9999 -9999 -9999 -9999 -9999 -9999 -9999 -9999 -9999 -9999 -9999 -9999 -9999 -9999
-9999 -9999 -9999 -9999 -9999 4.01621916419581 3.54484641551971 3.48239314556122 3.32489919662476 2.25262355804443 1.58823591470718 2.35637694597244 2.62247174978256 2.76991957426071 2.52760952711105 4.23105669021606 4.89758706092834 4.46627533435822 4.23817563056946 5.23758208751678 6.11310052871704 7.0573947429657 7.49588656425476 5.24290502071381 7.30913790789518 11.6797281828794 -9999 -9999 -9999 -9999 -9999 -9999 -9999 -9999 -9999 -9999 -9999 -9999 -9999 -9999 -9999 -9999 -9999 -9999 -9999 -9999 -9999 -9999 -9999 -9999 -9999 -9999 -9999 -9999 -9999 -9999 -9999 -9999 -9999 -9999 -9999 -9999
-9999 -9999 -9999 -9999 -9999 -9999 3.81383192539215 3.66849517822266 2.12495541572571 1.58315402269363 1.62317168712616 2.12234026193619 2.41192191839218 2.76407468318939 3.73061621189117 5.57224130630493 5.5161509513855 4.82738614082336 4.79170274734497 4.62290775775909 4.97804009914398 4.71790945529938 5.64781558513641 3.30664268208713 -9999 -9999 -9999 -9999 -9999 -9999 -9999 -9999 -9999 -9999 -9999 -9999 -9999 -9999 -9999 -9999 -9999 -9999 -9999 -9999 -9999 -9999 -9999 -9999 -9999 -9999 -9999 -9999 -9999 -9999 -9999 -9999 -9999 -9999 -9999 -9999 -9999 -9999
