EcologicalScience/Bass/data/rs_data_bass/chl_457.asc
NCOLS 226 
NROWS 124 
XLLCORNER -9.41648524995501 
YLLCORNER 47.587301625531 
CELLSIZE 0.0833 
NODATA_value -9999 
[rows 81 to 107 of 124, columns 62 to 123 of 226]
3.85158455371857 5.97498106956482 7.6620512008667 7.66205191612244 -9999 -9999 -9999 -9999 -9999 -9999 -9999 -9999 -9999 -9999 -9999 -9999 -9999 -9999 -9999 -9999 -9999 -9999 -9999 -9999 -9999 -9999 -9999 -9999 -9999 -9999 -9999 -9999 -9999 -9999 -9999 -9999 -9999 -9999 -9999 -9999 -9999 -9999 -9999 -9999 -9999 -9999 -9999 -9999 -9999 -9999 -9999 -9999 -9999 -9999 -9999 -9999 -9999 -9999 -9999 -9999 -9999 -9999
3.31655646064906 -9999 -9999 -9999 -9999 -9999 -9999 -9999 -9999 -9999 -9999 -9999 -9999 -9999 -9999 -9999 -9999 -9999 -9999 -9999 -9999 -9999 -9999 -9999 -9999 -9999 -9999 -9999 -9999 -9999 -9999 -9999 -9999 -9999 -9999 -9999 -9999 -9999 -9999 -9999 -9999 -9999 -9999 -9999 -9999 -9999 -9999 -9999 -9999 -9999 -9999 -9999 -9999 -9999 -9999 -9999 -9999 -9999 -9999 -9999 -9999 -9999
-9999 -9999 -9999 -9999 -9999 -9999 -9999 -9999 -9999 -9999 -9999 -9999 -9999 -9999 -9999 -9999 -9999 -9999 -9999 -9999 -9999 -9999 -9999 -9999 -9999 -9999 -9999 -9999 -9999 -9999 -9999 -9999 -9999 -9999 -9999 -9999 -9999 -9999 -9999 -9999 -9999 -9999 -9999 -9999 -9999 -9999 -9999 -9999 -9999 -9999 -9999 -9999 -9999 -9999 -9999 -9999 -9999 -9999 -9999 -9999 -9999 -9999
-9999 -9999 -9999 -9999 -9999 -9999 -9999 -9999 -9999 -9999 -9999 -9999 -9999 -9999 -9999 -9999 -9999 -9999 -9999 -9999 -9999 -9999 -9999 -9999 -9999 -9999 -9999 -9999 -9999 -9999 -9999 -9999 -9999 -9999 -9999 -9999 -9999 -9999 -9999 -9999 -9999 -9999 -9999 -9999 -9999 -9999 -9999 -9999 -9999 -9999 -9999 -9999 -9999 -9999 -9999 -9999 -9999 4.59255904810769 2.9584333896637 3.42795872688293 3.30799555778503 2.60321807861328
-9999 -9999 -9999 -9999 -9999 -9999 -9999 -9999 -9999 -9999 -9999 -9999 -9999 -9999 -9999 -9999 -9999 -9999 -9999 -9999 -9999 -9999 -9999 -9999 -9999 -9999 -9999 -9999 -9999 -9999 -9999 -9999 -9999 -9999 -9999 -9999 37.1749906539917 -9999 2.83407069146633 4.63236206456235 -9999 -9999 3.20388507843018 4.00165319442749 2.94383908720577 3.93581650807307 3.57519342349126 7.87083959579468 12.1714158058166 3.05751090783339 2.26996714621782 4.52469082117081 -9999 -9999 -9999 2.94377835094929 3.11915470872607 3.3468405008316 3.06887900829315 2.79892551898956 1.8942249417305 1.62798351049423
-9999 -9999 -9999 -9999 -9999 -9999 -9999 -9999 -9999 -9999 -9999 -9999 3.00090157985687 6.26079089467118 1.71658909320831 1.89488802964871 2.34197529724666 2.80744876180376 1.12509450316429 -9999 -9999 -9999 -9999 -9999 -9999 -9999 -9999 -9999 2.56463804244995 2.52251412187304 2.84049699306488 3.13466844293806 -9999 3.66949796676636 -9999 -9999 -9999 3.55979374609888 3.88507326749655 3.54532021742601 4.07609526927655 5.82479476928711 3.53940043082604 3.06898772258025 3.03920304316741 2.94055563211441 2.79036271113616 3.17780514863821 2.96821219187516 3.1346400976181 3.17898142337799 2.87511189167316 2.76397636107036 2.90381588254656 2.98773269011424 3.00519058337578 2.92065802904276 2.38830673694611 1.99967020750046 1.59885776042938 1.1695676950308 1.23461380830178
-9999 -9999 -9999 -9999 -9999 -9999 -9999 -9999 -9999 -9999 2.05202768065713 2.31716332957149 2.34694928782327 2.74990199293409 2.06321375645124 1.93588760265937 2.25606746332986 3.0466897212542 2.73313372410261 2.06575354507991 1.6637307604154 -9999 1.30770595371723 2.66924858093262 1.99119942862055 -9999 -9999 2.47213386297226 2.92561876773834 2.81051695346832 2.69929170608521 2.65068757534027 2.78890573978424 2.96950531922854 -9999 -9999 3.03812651244961 2.77574268254367 4.502849817276 4.39288544654846 3.36372564389155 3.2774910560021 3.72232508659363 3.27668857574463 2.66156768798828 2.39330017566681 2.1254167006566 2.21697902679443 2.02569481042715 2.19338399171829 1.83991581201553 1.81640523672104 1.96343970757264 2.01243826059195 1.95491363910528 1.84365479762738 1.73813325166702 1.2731990473611 1.1965098125594 1.00617051124573 0.952954739332199 0.891772828996181
-9999 -9999 -9999 -9999 -9999 -9999 -9999 -9999 -9999 1.97680651827862 2.52081305705584 1.59721891880035 1.62526547908783 1.60736322402954 1.60167324542999 1.50831147486513 1.72305030482156 1.82791298627853 1.74253920997892 1.81721466779709 2.27595445939473 2.14288163886351 2.81028692997419 2.4066938332149 2.68184328079224 2.76465475559235 2.7421863079071 2.59368431568146 2.48344850540161 2.48259174823761 2.47191751003265 2.42121195793152 2.4233934879303 2.61508047580719 3.01367747783661 3.21214258670807 3.35653054714203 3.32173407077789 3.18847274780273 3.14045405387878 2.75496693299367 3.4922000169754 3.20341348648071 2.38049578666687 2.21827077865601 1.82540607452393 1.716717004776 1.63138645887375 1.59321097227243 1.40452998188826 1.36011119072254 1.4249512553215 1.44607973098755 1.32072125948392 1.32525548568139 1.17688347612108 1.1828795671463 0.860464082099497 0.840240684337914 1.0105705673878 0.850356757640839 1.35102999210358
-9999 -9999 -9999 -9999 -9999 -9999 -9999 -9999 -9999 1.77180168628693 1.43283295631409 1.44635200500488 1.48945474624634 1.50953698158264 1.59900826215744 1.55117124319077 1.45096455629055 1.54488386557652 1.77683472633362 1.98480629920959 2.53126817941666 2.76636783434794 2.61985398255862 2.55032919920408 2.43183219432831 2.41930603981018 2.32913446426392 2.11392372846603 1.93695762327739 2.09134149551392 2.07530671358109 2.11164551973343 2.20851826667786 1.98854863643646 2.10516119854791 2.08951373742177 2.35048151016235 2.39460468292236 2.60577619075775 2.65852200984955 2.47673845291138 2.29914343357086 1.94096060899588 1.81478995084763 1.72527002142026 1.63088926214438 1.42241352796555 1.39582049846649 1.21354219743184 1.21585716880285 1.2220267034494 0.927205180483205 0.938939266971179 1.17815885177025 0.995131212472916 0.950113624334335 1.05172332892051 1.00774578864758 0.998351069597098 0.998129422848041 1.03974206631 1.10207503575545
-9999 -9999 -9999 -9999 -9999 -9999 -9999 -9999 -9999 1.34049035821642 1.42382669448853 1.43963044881821 1.34681264024514 1.23575472831726 1.19198876619339 1.07969159575609 1.24039852619171 1.30676347017288 1.40792924165726 1.50697726011276 1.82791328430176 1.86337471008301 1.94964718818665 1.9203417301178 1.83022928237915 1.68926852941513 1.66933456063271 1.60074377059937 1.5936244726181 1.59806251525879 1.59643429517746 2.19085864509855 1.6814039008958 1.94803249835968 1.89774268865585 1.82962542772293 1.89367580413818 1.97742247581482 2.12716227769852 2.12550294399261 1.73956100940704 1.73511898517609 1.55727496972451 1.44480396921818 1.42322528362274 1.38313174247742 1.28911858567825 1.15661057404109 1.11325759547097 1.0237562243755 0.966792864458901 0.989621113054454 0.874589684818472 1.16405512277897 1.17041461284344 1.13014927735695 1.05394067672583 1.05678944404309 1.04658582577339 1.02149563110792 1.03078362574944 1.05514680422269
1.73119277358055 1.04472652077675 1.47237494587898 1.64784464836121 -9999 -9999 -9999 2.10151607649667 1.67155122756958 1.43136870861053 1.30548456540475 1.32879626750946 1.33117151260376 1.12947688194422 1.10498807292718 1.06457886099815 1.03455263146987 1.03815236916909 1.13853166699409 1.29655426740646 1.42231422662735 1.43378645181656 1.49254196882248 1.3819859623909 1.34104180335999 1.36075276136398 1.29240011317389 1.29773197429521 1.3333281321185 1.38575750589371 1.35568976402283 1.34630173444748 1.45797253080777 1.46753753083093 1.40699499845505 1.44748598337173 1.3454452753067 1.40452200174332 1.37296479940414 1.34128797054291 1.24938672780991 1.28718971289121 1.11947407722473 0.851414910384587 1.29413158893585 1.24394792318344 1.06954922676086 0.925235995224544 0.927850341796875 0.834837618470192 0.99275187083653 1.16601231098175 1.14031729789881 1.10080373745698 1.08582105544897 1.08360233215185 1.09579115647536 1.06214329829583 1.02355182629365 0.988234093556037 0.849901984445751 1.04303357692865
0.98236964323691 1.28465937192623 1.49913490506319 1.93591613428933 1.97385028430394 1.85834585768836 1.47631213985957 1.07341500845822 0.865672913464633 1.27484250068665 1.27575248479843 1.26311522722244 1.23939400911331 1.12932825088501 1.24296253919601 1.21649378538132 0.918792871328501 1.05557153577154 1.08658192780885 0.969273122874173 0.993254607374018 1.14960294044935 1.16752275136801 1.37258622050285 1.06629151105881 1.12007772922516 1.1242687702179 1.07745671272278 1.14555625732128 1.20694544485637 1.10831922292709 1.22021179114069 1.04826074838638 1.12422400712967 1.12289124727249 1.14630502462387 0.755611864003268 1.18111854791641 1.15318477153778 1.15876221656799 1.100997200379 1.08746019464273 1.39590489864349 1.06835953295231 1.0562236815691 0.99773083627224 0.917240560054779 1.18006748812539 1.17948664937701 1.09917201314654 0.841226693987846 1.12143032367413 1.10854635330347 1.11680532877262 1.10521623262992 1.11300721076819 1.07374686461229 1.04110958026006 1.0150474355771 1.03040496661113 1.34221351146698 1.29679822921753
1.09907763279401 1.13243472576141 1.27751571398515 1.33323838619085 1.32448309889207 1.36897426155897 1.27397032884451 1.22327053546906 1.26907801628113 1.10543738420193 1.2306312918663 1.0558008643297 1.04862592082757 1.03786607430531 1.10846501588821 0.937089814589574 0.857400714204862 1.02726948261261 1.24183702468872 0.867437319322066 0.828181759877638 0.92050913348794 0.609768932685256 0.827207442373037 0.94160061616164 0.965539421026523 0.956601500511169 0.961959004402161 0.995796740055084 1.01402825117111 1.04581002088693 0.97782975435257 0.952196717262268 0.956156253814697 0.97518402338028 1.04977774620056 1.04517275094986 1.01952198147774 1.0449024949755 1.10875248908997 1.23773105442524 1.23027746379375 1.01504188776016 0.957222482737373 0.750828646123409 0.833783822134137 1.1242373585701 1.38002966344357 2.14254301786423 0.855935552716255 1.12213241595488 1.12979320379404 1.15592950124007 1.15372080527819 1.12014568310518 1.08092314921893 1.03007638912935 1.04783789469646 1.04150471779016 1.0266956778673 1.51259648799896 1.4466325044632
0.934392589330673 1.00713694095612 0.987818825703401 0.889567255973816 1.04718172320953 1.04246331865971 1.01750493737367 1.1684643305265 1.16577696800232 1.10565972328186 0.863403372466564 0.993850611723386 0.985661813846001 0.964316326838273 0.829351028570762 0.85123203924069 0.922381179673331 1.00245577096939 1.00347626209259 0.794786664572629 0.7831287113103 0.766592063687064 0.873578894596833 0.886748644021841 0.91015355862104 0.947707125773797 0.967916790109414 0.978927615743417 0.930252999067307 0.923819482326508 0.916837751865387 0.898471504449844 0.987985480290193 1.00455708572498 0.983195110009267 0.998166233301163 0.971466988325119 0.992149978876114 0.969833052584103 1.05490273237228 1.02989023923874 1.13429666023988 1.03033751249313 1.03693252801895 1.11130425333977 0.941357839107513 1.15098322289331 1.16103849240712 1.11925223043987 1.13618079515604 1.16740741638037 1.16717004776001 1.12824720602769 1.0953951386305 1.0979565519553 1.07162764439216 1.07879526340044 1.14004821043748 1.21036912844731 1.23869629548146 1.42940825223923 1.46762627363205
0.838053497672081 0.851401850581169 0.868585500121117 0.841845244169235 0.987673721143178 1.01855966448784 1.20712142036511 1.15046674013138 0.933793678879738 0.89977141097188 0.939649309962988 0.87874498218298 0.86492434487893 0.906425505876541 0.71178976893425 0.702892792224884 0.854646628865829 0.868909746408463 1.01893398165703 0.983662724494934 0.988394498825073 0.874348429116336 0.896091667088595 0.871689021587372 0.873686730861664 0.849251508712768 0.854492753744125 0.967192813754082 0.904706746339798 0.912559002637863 0.934804230928421 0.944041946104595 1.25308225552241 1.25078586737315 1.39368573301717 1.42129970537989 1.38437447736138 1.00952755553382 1.06647918373346 1.01700092107058 1.27107469852154 1.28533035058242 1.22463156168277 1.23548166109965 1.26842794968532 1.18292742104907 1.21122361932482 1.18338182797799 1.14938790981586 1.17816726978009 1.099570278938 1.10075963918979 1.10840445756912 1.12565861298488 1.13996343887769 1.16549490506832 1.54372003945437 1.68369392915206 1.59852400192848 1.74715864199858 1.9021421120717 1.96024706730476
0.668143516237086 0.558014814790927 0.529756173491478 0.539114758372307 0.837882220745087 0.831005049603326 0.842135016407285 0.981174737215042 1.02980490143482 1.70868127048016 0.719438251107931 0.806378066539764 0.7735342271626 0.870019257068634 0.855678260326385 0.839362502098083 0.852195739746094 0.879243016242981 0.942932486534119 0.95123878121376 0.965753495693207 0.99286949634552 0.893526494503021 0.839958518743515 0.83490726351738 0.791065514087677 0.883460998535156 0.939651042222977 1.02478703168722 1.24812315191541 1.1574130654335 1.25485682487488 1.26003650256566 1.26641924679279 1.23179138079286 1.26688751578331 1.0848297385069 1.09227853554946 1.02942630419364 1.27519131558282 1.28964471817017 1.27449258736202 1.37444125688993 1.28825624172504 1.17820399999619 1.20518922805786 1.29456881376413 1.24609388296421 1.16799139518004 1.12849993889148 1.13009048883732 1.13585905386851 1.17865537680112 1.29239249687928 1.6715776107528 1.80235825343566 2.01902316375212 1.97039369019595 2.09111923521215 1.59981697797775 2.62146898678371 4.32659894844581
0.548190499606885 0.909610211849213 0.803599713104112 0.856847834587097 0.761407488584518 0.670826268196106 0.782969674893788 0.962888635121859 0.715699171026548 0.618041753768921 0.616382072369258 0.864528506994247 0.842448633450728 0.849788140792113 0.681290453130549 0.895159449089657 0.927072640169751 0.883693248033524 0.888982504606247 0.886165022850037 0.944438993930817 0.97232922911644 0.936334997415543 0.94666451215744 0.96654400229454 0.955950260162354 1.44632524251938 1.43771851062775 1.43739748001099 1.48483349382877 1.46817791461945 1.33513762056828 1.88385951519012 2.01908976381475 2.51365227049047 1.54601924760001 1.03696649521589 1.37674904721124 1.2248942393523 1.34271421602794 1.33753599439348 1.37587927854978 1.47479006877312 1.44238864000027 1.41025709647399 1.36168491840363 1.24239566692939 1.211597937804 1.18956971168518 1.14666370703624 1.18426005198405 1.28887221446404 1.45809828318082 1.82770627737045 1.94974648952484 2.04193480448289 2.8865822901691 -9999 -9999 -9999 -9999 -9999
0.75116354227066 0.798674577048847 0.810342971767698 0.81246868627412 0.725556202232838 0.865571995194142 0.754546722540489 0.760874992379776 0.848565757274628 0.858166515827179 0.793709776722468 0.953583002090454 0.82276844061338 0.911056488752365 0.734350854700262 0.78482570797205 0.906021038239653 0.874261494193758 0.762531803204463 0.972771661622184 0.747985612887603 1.04160084894725 1.13357302972249 1.32753932476044 1.28929769992828 1.40442395210266 1.57033997774124 1.63079649209976 1.7449536113178 1.54823983567102 1.64259038865566 1.59229798614979 2.14235124804757 2.46328105167909 1.84371912479401 1.7408441049712 1.39808978484227 1.32833900130712 1.34650973631785 1.48913803008886 1.62266408938628 1.52777765805905 1.54636672826914 1.55724945435157 1.41932380199432 1.35222262144089 1.26154337938015 1.19313197411024 1.14060925978881 1.1583743416346 1.26613937891447 1.54819510074762 1.85787353148827 2.44762292215901 1.43748592744108 -9999 -9999 -9999 -9999 -9999 -9999 -9999
0.974008588836743 1.25824761161437 1.11247705496274 1.04915287345648 0.840331669896841 0.805845572398259 0.792542603153449 0.565572078029315 0.55161048968633 0.722720166811576 1.00322502851486 1.00548350811005 0.745712626438874 0.649383377283812 0.658872194588184 0.666288947517222 0.668070413849571 0.89946363227708 0.917082335267748 1.22390075325966 1.14221340647111 1.06996753582588 1.24676557098116 1.2707416330065 1.27855807542801 1.40064650774002 1.50554016658238 1.57565053020205 1.64048738856065 -9999 -9999 -9999 -9999 -9999 -9999 3.14426672458649 1.53819736412593 1.42952452387129 1.41358911532622 1.40326749361478 1.34470627399591 1.35085289294903 1.32344152835699 1.3697310090065 1.16633702241457 1.24892914295197 2.203751726584 1.38497999310493 1.30817840248346 2.03226462819359 1.59665596026641 1.81225655629085 1.91785168647766 1.9762424826622 1.97624230384827 -9999 -9999 -9999 -9999 -9999 -9999 -9999
0.672318434715271 0.620760601758957 1.00321272474069 0.613409408926964 0.564483240246773 0.627583211660385 0.612989687919617 0.967222511768341 0.930106997489929 0.92092376947403 0.857196480035782 0.887110978364944 0.753231167793274 0.830376505851746 0.736507708376104 0.700323140079325 0.949287095240184 0.995661658900125 0.990133105644158 1.08302970459828 1.06364897351999 1.04415921752269 1.07783268048213 1.25425090108599 1.2923652955464 1.27303759753704 1.42231526283117 1.64065907523036 1.68919196568037 -9999 -9999 -9999 -9999 -9999 -9999 -9999 1.4915899680211 1.42261798106707 1.45227003556031 1.30216249135824 1.29072487812776 1.24416985878578 1.11215142103342 1.12095509875904 1.11933319385235 1.76397080313076 2.48983505097303 2.31467249393463 2.55221637270667 2.42461983724074 2.44445329362696 2.04821696189734 -9999 -9999 -9999 -9999 -9999 -9999 -9999 -9999 -9999 -9999
0.571500742435455 0.579009315371513 0.590981242060661 0.744714119604656 0.568391561508179 0.972902536392212 0.549967512488365 0.919802486896515 0.942190021276474 0.702604044009657 0.727233124467043 0.724398080916966 0.538566870124716 0.886365205049515 0.88385055746351 0.792098414897919 0.910505230610187 1.05477205344609 1.1589463693755 1.86497748241975 0.845201190731941 1.22905875103814 1.12741456238123 1.26743125064032 1.22510965168476 1.15555120598186 1.41643628707299 1.5545321064336 1.81993339061737 -9999 -9999 -9999 -9999 -9999 -9999 -9999 2.06961596012115 1.8591215977302 1.72173845767975 1.4301817554694 1.09483727812767 0.97767773270607 0.955846756696701 1.90261363441294 1.62166807326404 1.53628690676256 2.10482696511529 2.53728770125996 2.71175429495898 2.90043007785624 1.86841997733483 2.49275662807318 3.11642888188362 -9999 -9999 -9999 -9999 -9999 -9999 -9999 -9999 -9999
0.89523720741272 0.893986523151398 0.581112861633301 1.05091270804405 0.997525960206985 1.01286578178406 0.581930699944496 0.693145270733272 0.671032463803011 0.679695694492414 0.729911863803864 0.656378000974655 0.924450325114386 0.963876754045486 0.983666794640677 1.00990584918431 0.965018570423126 0.963450116770608 1.04424765280315 1.10990657125201 1.05389591625759 0.931158803976499 0.938495003260099 1.05631526762789 1.41577649116516 1.41638173162937 1.54377841032468 1.53363982530741 1.59746404364705 1.59996807575226 -9999 -9999 -9999 -9999 -9999 -9999 -9999 2.25320494525573 16.5690156979994 12.299733194145 1.27901172637939 1.62060727522923 1.38803855329752 1.83086197484623 2.31476473808289 2.24562474626761 2.45971915938637 2.69394424828616 2.64601317048073 2.85268677364696 2.94959561933171 2.67947457845394 6.61748035506037 -9999 -9999 -9999 -9999 -9999 -9999 -9999 -9999 -9999
0.987501306193215 1.01246853385653 0.685104974187337 0.522835063934326 0.74642000404688 0.858205229043961 0.863949984312057 0.816264241933823 0.827615022659302 0.840158730745315 0.96733865567616 0.995571332318442 1.04046995299203 1.04207033770425 1.00685451711927 0.986363640853337 0.973941091980253 0.970452521528516 0.973622356142317 0.976745469229562 0.903822211118845 0.938470299427326 1.0303989675912 1.12027428095991 1.75409421750477 1.71977410146168 1.40207054940137 1.5122674199251 1.4827622954662 1.51969437415783 -9999 -9999 -9999 -9999 -9999 -9999 -9999 -9999 -9999 -9999 -9999 -9999 -9999 -9999 -9999 -9999 3.65490746498108 1.7777142700027 2.19871220221886 3.29994192123413 -9999 -9999 -9999 -9999 -9999 -9999 -9999 -9999 -9999 -9999 -9999 -9999
0.717810881137848 0.760162335634232 0.44628299230879 0.685733109712601 0.693765224090644 0.803736100976284 0.823787429011785 0.890907734632492 0.861783772706985 0.850187510251999 0.943755745887756 0.96865501999855 1.00097761835371 1.03123222078596 0.854868057099256 0.878805293278261 0.937078893184662 0.945221230387688 0.871199580756101 0.849461203271692 0.904772964807657 1.03057208386334 1.07116420431571 1.13801134795677 -9999 -9999 1.69691584838761 1.47570570615622 1.42715307382437 1.4168896491711 1.93556208269937 -9999 -9999 -9999 -9999 -9999 -9999 -9999 -9999 -9999 -9999 -9999 -9999 -9999 -9999 -9999 -9999 -9999 -9999 -9999 -9999 -9999 -9999 -9999 -9999 -9999 -9999 -9999 -9999 -9999 -9999 -9999
0.697460292705468 0.830115210797105 0.731496906280518 0.74772225022316 0.749596279646669 0.858052863606385 0.871944906619879 0.877837977730311 0.906598036105816 0.889499723911285 0.890031486749649 0.977360278367996 0.902287039160728 0.893334460258484 0.936278960921548 0.98292073878375 1.00080822408199 0.850264768708836 0.981965784843151 0.99810136281527 0.971334481781179 1.03690992431207 1.1325341463089 1.25304701653394 1.70425910609109 1.88641860393377 1.6587971999095 1.44269036788207 1.44048641736691 1.46250121868574 2.06955132314137 2.27164330085119 -9999 -9999 -9999 -9999 -9999 -9999 -9999 -9999 -9999 -9999 -9999 -9999 -9999 -9999 -9999 -9999 -9999 -9999 -9999 -9999 -9999 -9999 -9999 -9999 -9999 -9999 -9999 -9999 -9999 -9999
0.735513555152076 0.858244232833385 0.886559250099318 0.863116551722799 0.858993744850159 0.891556727198454 0.887722310210977 0.938559414102481 1.00842690467834 1.03045358828136 0.984873265028 1.13522435724735 1.01860154271126 0.984962242841721 0.989006423950195 1.03142999857664 0.94221611998298 0.915122785351493 0.896594849499789 0.943829875100743 1.0453039299358 1.0906720242717 1.16346863183108 1.25580723719163 1.58057261364801 1.48305889276358 1.4519637960654 1.4061173750804 1.47342774042716 1.50368517637253 1.98871140820639 2.20125299004408 -9999 -9999 -9999 -9999 -9999 -9999 -9999 -9999 -9999 -9999 -9999 -9999 -9999 -9999 -9999 -9999 -9999 -9999 -9999 -9999 -9999 -9999 -9999 -9999 -9999 -9999 -9999 -9999 -9999 -9999
0.887045821973256 0.962034165859222 0.945762133598328 0.891236221790314 1.02048455817359 0.994946811880384 1.04300379753113 1.02047171501013 1.09144319593906 1.12806579241386 1.19125125041375 1.40167464315891 1.23166986758059 1.34683227539062 1.14822372794151 0.883841799064116 1.02717338617031 1.09299516677856 1.07934065376009 1.10755048692226 1.06509881940755 1.23462098836899 1.43345007029447 1.51411506804553 1.62243971916345 1.57545451476024 1.45547619691262 1.42119411321787 1.11847281185063 1.29329561103474 1.87148270436696 -9999 -9999 -9999 -9999 -9999 -9999 -9999 -9999 -9999 -9999 -9999 -9999 -9999 -9999 -9999 -9999 -9999 -9999 -9999 -9999 -9999 -9999 -9999 -9999 -9999 -9999 -9999 -9999 -9999 -9999 -9999
