EcologicalScience/Bass/data/rs_data_bass/chl_115.asc
NCOLS 226 
NROWS 124 
XLLCORNER -9.41648524995501 
YLLCORNER 47.587301625531 
CELLSIZE 0.0833 
NODATA_value -9999 
[rows 54 to 80 of 124, columns 0 to 61 of 226]
-9999 -9999 -9999 -9999 -9999 -9999 -9999 -9999 -9999 -9999 -9999 -9999 -9999 -9999 -9999 -9999 -9999 -9999 -9999 -9999 -9999 -9999 -9999 -9999 -9999 -9999 -9999 -9999 -9999 -9999 -9999 -9999 -9999 -9999 -9999 -9999 -9999 -9999 4.56438255618768 2.28685967624187 2.62912172079086 2.81972819566727 2.36428475379944 1.86880499124527 1.44445350766182 1.39530828595161 1.04375624656677 0.914683520793915 0.730401769280434 0.766869753599167 0.814491748809814 0.716256737709045 0.733147501945496 0.895530760288239 1.42702576518059 1.73975104093552 2.37557101249695 2.41120725870132 -9999 0.607058599591255 0.62790758907795 1.05493366718292
-9999 -9999 -9999 -9999 -9999 -9999 -9999 -9999 -9999 -9999 -9999 -9999 -9999 -9999 -9999 -9999 -9999 -9999 -9999 -9999 -9999 -9999 -9999 -9999 -9999 -9999 -9999 -9999 -9999 -9999 -9999 -9999 -9999 -9999 -9999 -9999 -9999 -9999 -9999 14.7208721637726 2.29331624507904 2.72123378515244 1.84487888216972 1.71853828430176 1.19161799550056 1.03051796555519 1.03764751553535 0.853674709796906 0.918402761220932 0.737519234418869 0.724987506866455 0.794205754995346 0.853786468505859 0.922763228416443 1.77938175201416 1.59719467163086 2.30537271499634 -9999 -9999 -9999 -9999 -9999
-9999 -9999 -9999 -9999 -9999 -9999 -9999 -9999 -9999 -9999 -9999 -9999 -9999 -9999 -9999 -9999 -9999 -9999 -9999 -9999 -9999 -9999 -9999 -9999 -9999 -9999 -9999 -9999 -9999 -9999 -9999 -9999 -9999 -9999 -9999 -9999 -9999 -9999 -9999 -9999 2.28883574903011 2.36034142971039 1.10168440639973 1.14368551969528 1.38506586849689 1.72552943229675 1.85570400953293 1.19187676906586 0.918131232261658 0.862108469009399 0.698772758245468 0.704700753092766 0.921344250440598 1.2289012670517 1.7462010383606 1.2572925388813 1.22907900810242 1.91198033094406 2.55103853344917 -9999 -9999 -9999
-9999 -9999 -9999 -9999 -9999 -9999 -9999 -9999 -9999 -9999 -9999 -9999 -9999 -9999 -9999 -9999 -9999 -9999 -9999 -9999 -9999 -9999 -9999 -9999 -9999 -9999 -9999 -9999 -9999 -9999 -9999 -9999 -9999 -9999 -9999 -9999 -9999 -9999 -9999 -9999 2.17758710682392 1.89557366073132 1.96852988004684 1.82789924740791 1.4560699313879 1.34526899456978 1.99260449409485 1.92054516077042 1.18369129300117 0.933088481426239 0.728631734848022 0.753824293613434 0.900197982788086 1.0349535048008 1.04228103160858 0.997414469718933 0.792798757553101 0.78311625123024 0.916193962097168 1.04791349172592 22.4540786009568 -9999
-9999 -9999 -9999 -9999 -9999 -9999 -9999 -9999 -9999 -9999 -9999 -9999 -9999 -9999 -9999 -9999 -9999 -9999 -9999 -9999 -9999 -9999 -9999 -9999 -9999 -9999 -9999 -9999 -9999 -9999 -9999 -9999 -9999 -9999 -9999 -9999 -9999 -9999 -9999 -9999 -9999 1.95927572250366 1.77307629585266 2.27582064270973 2.60192584991455 2.43562951683998 1.19423854351044 1.25264471769333 1.33061626553535 1.03576201200485 0.76375874876976 0.7161915153265 0.849323987960815 0.956849992275238 1.05245777964592 1.07843846082687 0.683577731251717 0.822074979543686 0.887760043144226 0.84858226776123 1.50089150667191 -9999
-9999 -9999 -9999 -9999 -9999 -9999 -9999 -9999 -9999 -9999 -9999 -9999 -9999 -9999 -9999 -9999 -9999 -9999 -9999 -9999 -9999 -9999 -9999 -9999 -9999 -9999 -9999 -9999 -9999 -9999 -9999 -9999 -9999 -9999 -9999 -9999 -9999 -9999 -9999 -9999 -9999 2.97365355491638 2.05008865892887 2.05442699790001 2.23910617828369 1.31132972240448 1.26257327198982 1.05845099687576 0.880232959985733 0.776946723461151 0.641723245382309 0.637439265847206 0.741611257195473 0.897543758153915 1.35416328907013 1.43981775641441 0.855221271514893 2.6648336648941 1.99423629045486 -9999 -9999 -9999
-9999 -9999 -9999 -9999 -9999 -9999 -9999 -9999 -9999 -9999 -9999 -9999 -9999 -9999 -9999 -9999 -9999 -9999 -9999 -9999 -9999 -9999 -9999 -9999 -9999 -9999 -9999 -9999 -9999 -9999 -9999 -9999 -9999 -9999 -9999 -9999 -9999 -9999 -9999 -9999 2.93190598487854 2.70276069641113 2.17779743671417 1.34038352966309 1.29148122668266 1.16283595561981 1.21902823448181 1.00765424966812 0.828325510025024 0.728724002838135 0.66789373755455 0.631056010723114 0.701510980725288 0.707941487431526 1.0599382519722 1.36241921782494 1.66549269855022 -9999 -9999 3.92578228712082 1.40154603123665 0.740768998861313
-9999 -9999 -9999 -9999 -9999 -9999 -9999 -9999 -9999 -9999 -9999 -9999 -9999 -9999 -9999 -9999 -9999 -9999 -9999 -9999 -9999 -9999 -9999 -9999 -9999 -9999 -9999 -9999 -9999 -9999 -9999 -9999 -9999 -9999 -9999 -9999 -9999 -9999 -9999 2.56187605857849 2.55897223949432 2.41286766529083 2.02668070793152 1.69220405817032 1.13870251178741 1.15118399262428 1.22362652420998 0.867347985506058 0.870025455951691 0.688129484653473 0.66687673330307 0.661579504609108 0.663235500454903 1.09648498892784 1.29615676403046 2.33598589897156 1.7019208073616 1.62288296222687 0.61829249560833 0.686391770839691 0.673243492841721 0.918215990066528
-9999 -9999 -9999 -9999 -9999 -9999 -9999 -9999 -9999 -9999 -9999 -9999 -9999 -9999 -9999 -9999 -9999 -9999 -9999 -9999 -9999 -9999 -9999 -9999 -9999 -9999 -9999 -9999 -9999 -9999 -9999 -9999 -9999 -9999 -9999 -9999 -9999 -9999 -9999 4.47189803123474 2.02061551809311 1.9254532456398 1.67189025878906 1.30777421593666 0.958482027053833 1.06815004348755 0.938725501298904 0.774510741233826 0.724524736404419 0.653676733374596 0.647112742066383 0.68309623003006 1.05723574757576 1.07376846671104 1.27388477325439 1.41785600781441 1.32751372456551 1.50325012207031 1.75837647914886 0.625963479280472 0.701189249753952 0.736096501350403
-9999 -9999 -9999 -9999 -9999 -9999 -9999 -9999 -9999 -9999 -9999 -9999 -9999 -9999 -9999 -9999 -9999 -9999 -9999 -9999 -9999 -9999 -9999 -9999 -9999 -9999 -9999 -9999 -9999 -9999 -9999 -9999 -9999 -9999 -9999 -9999 -9999 -9999 6.24755430221558 2.86827671527863 1.73004895448685 1.57830083370209 1.13654851913452 0.973101764917374 0.850064992904663 0.890030264854431 0.815819263458252 0.700976237654686 0.655094236135483 0.626860499382019 0.686001017689705 0.657780021429062 0.69794100522995 0.793822467327118 0.803188472986221 0.81434029340744 0.74548651278019 0.744323238730431 0.641697004437447 0.555495768785477 0.602437511086464 0.90173551440239
-9999 -9999 -9999 -9999 -9999 -9999 -9999 -9999 -9999 -9999 -9999 -9999 -9999 -9999 -9999 -9999 -9999 -9999 -9999 -9999 -9999 -9999 -9999 -9999 -9999 -9999 -9999 -9999 -9999 -9999 -9999 -9999 -9999 -9999 -9999 -9999 -9999 -9999 5.11062362194061 2.73386925458908 1.80772460997105 1.16395527124405 0.871382206678391 0.894259482622147 0.886568963527679 0.827229022979736 0.749429270625114 0.714470252394676 0.620159983634949 0.657231017947197 0.891032785177231 0.978195011615753 1.06043273210526 0.768535494804382 0.803531259298325 0.825971961021423 0.777124464511871 0.740259736776352 0.70303501188755 0.64512674510479 0.651902228593826 0.836438208818436
-9999 -9999 -9999 -9999 -9999 -9999 -9999 -9999 -9999 -9999 -9999 -9999 -9999 -9999 -9999 -9999 -9999 -9999 -9999 -9999 -9999 -9999 -9999 -9999 -9999 -9999 -9999 -9999 -9999 -9999 -9999 -9999 -9999 -9999 -9999 -9999 -9999 5.03856317996979 2.31811237335205 1.932153403759 1.41420637071133 1.14561188220978 0.726308986544609 0.72876450419426 0.687539264559746 0.657091498374939 0.645151510834694 0.620311483740807 0.619648486375809 0.651734992861748 0.903214752674103 0.605186238884926 0.521219998598099 0.590289741754532 0.695545479655266 0.738017991185188 0.722408249974251 0.702087745070457 0.674766004085541 0.65268449485302 0.681951016187668 0.942176252603531
-9999 -9999 -9999 -9999 -9999 -9999 -9999 -9999 -9999 -9999 -9999 -9999 -9999 -9999 -9999 -9999 -9999 -9999 -9999 -9999 -9999 -9999 -9999 -9999 -9999 -9999 -9999 -9999 -9999 -9999 -9999 -9999 -9999 -9999 -9999 -9999 -9999 2.59468656778336 2.42544937133789 1.7224128395319 1.33721244335175 0.709586262702942 0.696696013212204 0.704079017043114 0.647545516490936 0.602985754609108 0.591561734676361 0.572826728224754 0.902756035327911 1.03231498599052 1.15577349066734 1.05482324957848 0.607716009020805 0.730334982275963 0.852361500263214 0.760541975498199 0.727571234107018 0.681489765644073 0.693606019020081 0.675119251012802 0.659041509032249 0.962152540683746
-9999 -9999 -9999 -9999 -9999 -9999 -9999 -9999 -9999 -9999 -9999 -9999 -9999 -9999 -9999 -9999 -9999 -9999 -9999 -9999 -9999 -9999 -9999 -9999 -9999 -9999 -9999 -9999 -9999 -9999 -9999 -9999 -9999 -9999 -9999 -9999 3.5202716588974 1.78658622503281 1.40165323019028 1.40888625383377 0.815201282501221 0.747464239597321 0.679321512579918 0.615959241986275 0.592293754220009 0.576745480298996 0.590169757604599 0.584624245762825 1.19830802083015 1.36257675290108 1.51057374477386 1.43410551548004 1.19848001003265 0.785988003015518 0.83527797460556 0.752000212669373 0.72428172826767 0.790926039218903 0.822306722402573 0.81834152340889 1.0334655046463 1.1379382610321
-9999 -9999 -9999 -9999 -9999 -9999 -9999 -9999 -9999 -9999 -9999 -9999 -9999 -9999 -9999 -9999 -9999 -9999 -9999 -9999 -9999 -9999 -9999 -9999 -9999 -9999 -9999 -9999 -9999 -9999 -9999 3.59997010231018 2.23289483785629 -9999 2.10493344068527 2.12587161362171 2.41269189119339 1.81748136878014 1.13126227259636 0.955045253038406 0.739506751298904 0.689475730061531 0.85357654094696 0.878280758857727 1.14030674099922 1.1247832775116 0.790252536535263 0.632736012339592 1.37461149692535 1.34831324219704 1.31588998436928 1.44585576653481 1.03935670852661 0.72615373134613 0.696921765804291 0.842782527208328 0.848486959934235 1.09052395820618 1.23289802670479 1.09336870908737 1.15771722793579 3.39048808387348
-9999 -9999 -9999 -9999 -9999 -9999 -9999 -9999 -9999 -9999 -9999 -9999 -9999 -9999 -9999 -9999 -9999 -9999 -9999 -9999 -9999 -9999 0.346259817481041 17.4553513526917 21.955132484436 56.4091186523438 18.4223763942719 10.8395705223083 15.5066299438477 2.52436655759811 1.76991230249405 2.37028276920319 1.99537342786789 1.59006232023239 1.17726698517799 1.27933496236801 1.39382576942444 0.900866210460663 0.77667447924614 0.730569005012512 0.691041737794876 0.850806713104248 1.04987999796867 1.13289374113083 1.20896852016449 1.51763248443604 1.14973238110542 1.25101429224014 1.54964138567448 1.19730453193188 1.13775971531868 1.19443425536156 1.14188396930695 1.17110404372215 1.22037371993065 1.29862198233604 1.21391326189041 1.2900285422802 2.50174654932583 -9999 -9999 -9999
-9999 -9999 -9999 -9999 -9999 -9999 -9999 -9999 -9999 -9999 -9999 -9999 -9999 -9999 -9999 -9999 -9999 -9999 -9999 -9999 -9999 -9999 1.96641451120377 14.5512042045593 3.65139091014862 0.839864283800125 0.652968764305115 0.736394986510277 1.24978575110435 1.26750674843788 1.09172773361206 0.930532515048981 1.16690853238106 1.442253023386 1.4016390144825 1.19377800822258 1.16035571694374 0.880166977643967 0.829381495714188 0.775674015283585 0.794157743453979 0.730092734098434 0.712837502360344 0.633899241685867 0.720182240009308 1.01040896773338 1.55270777642727 1.74150189757347 1.61030101776123 1.65933924913406 1.24431353807449 1.20223724842072 1.77480711042881 1.07992726564407 3.54048259556293 -9999 -9999 -9999 -9999 -9999 -9999 -9999
-9999 -9999 -9999 -9999 -9999 -9999 -9999 -9999 -9999 -9999 -9999 -9999 -9999 -9999 -9999 -9999 -9999 -9999 -9999 1.29005378733079 0.618613120168447 1.02519679069519 1.01887428760529 0.858054757118225 0.739957496523857 0.603796496987343 0.605091020464897 0.582240745425224 0.588150009512901 0.638553768396378 0.69302174448967 0.810766518115997 1.00009873509407 1.30939346551895 1.30063578486443 1.09145021438599 1.07450553774834 0.96237376332283 0.815467536449432 0.888994485139847 1.0008787214756 0.890563488006592 0.664689749479294 0.52538774907589 0.562653735280037 0.736802235245705 1.56516373157501 1.53755892813206 1.6659469306469 2.10631728172302 2.21349197626114 -9999 -9999 -9999 -9999 -9999 -9999 -9999 -9999 -9999 -9999 -9999
-9999 -9999 -9999 -9999 -9999 -9999 -9999 -9999 -9999 -9999 -9999 -9999 -9999 -9999 -9999 -9999 -9999 2.11367708444595 1.08216074109077 2.08840656280518 2.1402450799942 0.657820478081703 0.678396731615067 0.583949267864227 0.572962492704391 0.541565984487534 0.58024799823761 0.570161238312721 0.572492256760597 0.612370491027832 0.54890102148056 0.648990020155907 0.77219545841217 1.03816196322441 1.30801579356194 1.33115476369858 1.27617672085762 0.919981509447098 0.726245999336243 0.927491247653961 1.01784753799438 0.937807470560074 0.722895741462708 0.431609988212585 0.480287253856659 0.858653247356415 1.43306475877762 2.07056599855423 3.02777329087257 2.57694107294083 5.48280358314514 -9999 -9999 -9999 -9999 -9999 -9999 -9999 -9999 -9999 -9999 -9999
-9999 -9999 -9999 -9999 -9999 -9999 -9999 -9999 -9999 -9999 -9999 -9999 -9999 -9999 2.15694683790207 1.37736225128174 1.03351646661758 0.751760959625244 0.748651519417763 0.665715739130974 0.58643701672554 0.55783349275589 0.628946229815483 0.644432231783867 0.623225256800652 0.5896837413311 0.597630009055138 0.482340753078461 0.47698500752449 0.524758502840996 0.543694496154785 0.639043495059013 0.800985753536224 0.798592507839203 0.758285969495773 1.31767496466637 1.62681072950363 1.136563539505 0.946383744478226 0.742395758628845 0.773415774106979 0.65914723277092 0.514795482158661 0.351627744734287 1.12760250270367 1.51531177759171 1.56670913100243 2.11038827896118 2.11313617229462 2.1459487080574 4.15090262889862 2.68355548381805 -9999 -9999 -9999 -9999 -9999 -9999 -9999 -9999 -9999 -9999
-9999 -9999 -9999 -9999 -9999 -9999 -9999 -9999 -9999 -9999 -9999 2.10527800780828 0.903722628951073 0.728642977774143 0.552376493811607 0.668248504400253 0.677634760737419 0.611426264047623 0.523192495107651 0.579381734132767 0.6368707716465 0.625914752483368 0.644102230668068 0.596923515200615 0.572307005524635 0.578910738229752 0.591141745448112 0.526614010334015 0.535881757736206 0.540255010128021 0.555780753493309 0.637719735503197 0.705875247716904 0.775772273540497 1.0414867401123 1.26446172595024 1.33789014816284 0.820488721132278 0.733782738447189 0.552136480808258 0.45319502055645 0.398495256900787 0.406480506062508 0.941412001848221 1.31868486106396 1.5611624121666 1.97459024190903 1.96858495473862 1.95539706945419 2.82634580135345 1.9134621322155 -9999 -9999 -9999 -9999 -9999 4.08400325317715 26.3022766113281 10.314199090004 25.2416954040527 27.9181566238403 -9999
-9999 -9999 -9999 -9999 -9999 -9999 -9999 -9999 -9999 9.89892582382475 11.0269429504871 0.495937496423721 0.527739018201828 0.560459241271019 0.560779497027397 0.534779235720634 0.497305512428284 0.496218770742416 0.541052252054214 0.618134245276451 0.569539502263069 0.572227478027344 0.548436015844345 0.525508493185043 0.52336049079895 0.528163477778435 0.528352484107018 0.468444764614105 0.469474509358406 0.478598982095718 0.50874151289463 0.821957230567932 0.780858010053635 0.685503020882607 0.932572491466999 1.11363449692726 0.746918991208076 0.824880748987198 0.668836489319801 0.635844022035599 0.457558482885361 0.307213492691517 0.435996741056442 0.508874237537384 0.623967736959457 2.29645729064941 2.30602794885635 2.57812267541885 2.90861696004868 2.43475502729416 2.37122547626495 2.27053570747375 2.61360763013363 4.14511442184448 7.06165909767151 25.2826309204102 8.63122344017029 9.46073913574219 9.99462389945984 28.3815364837646 41.796049118042 -9999
-9999 -9999 -9999 -9999 -9999 0.546936750411987 0.503543257713318 0.572523012757301 0.56164576113224 0.508686751127243 0.522889494895935 0.527315989136696 0.523462504148483 0.507624015212059 0.517787978053093 0.445090502500534 0.417131245136261 0.420888751745224 0.471089243888855 0.48243673145771 0.485512509942055 0.517482742667198 0.512241750955582 0.531903013586998 0.515245512127876 0.476227506995201 0.49864012375474 0.4335907548666 0.451767012476921 0.644769743084908 0.736767768859863 0.953078269958496 1.11789599061012 0.934946984052658 0.936922900378704 1.13425272703171 1.09288796782494 0.899421036243439 0.891891717910767 0.461864992976189 0.325702495872974 0.320045247673988 0.356685742735863 0.647308498620987 0.956368535757065 1.13297474384308 1.72141796350479 1.93577098846436 2.32260829210281 2.37667572498322 2.56886172294617 2.5832040309906 2.98075425624847 5.39756834506989 15.5601596832275 11.7372415065765 12.5381569862366 8.10701036453247 7.54869246482849 12.5344805717468 14.2568621635437 9.73100209236145
-9999 -9999 -9999 -9999 -9999 0.411136507987976 0.293262742459774 0.402468770742416 0.381665244698524 0.436010241508484 0.42153824865818 0.436511233448982 0.445586264133453 0.411009728908539 0.363681748509407 0.388167008757591 0.415644004940987 0.42680923640728 0.435207769274712 0.457241982221603 0.512930229306221 0.499862998723984 0.416619747877121 0.476717233657837 0.46024426817894 0.45287624001503 0.451333478093147 0.444937482476234 0.456183761358261 0.605612978339195 0.65989650785923 0.910082995891571 1.01071724295616 1.0269401371479 1.09089973568916 1.20196571946144 1.09285578131676 0.921978771686554 0.329460002481937 0.310083746910095 0.29253675788641 0.270824991166592 0.279450751841068 0.351987741887569 0.490026757121086 0.63103723526001 1.43044424057007 1.56741678714752 1.59044694900513 1.84357953071594 2.53409099578857 2.95861208438873 3.1380021572113 6.39821076393127 1.54672193527222 3.02858698368073 4.3129198551178 1.77477157115936 1.89809775352478 2.67481791973114 3.41612613201141 5.23075568675995
-9999 -9999 -9999 -9999 -9999 0.304629005491734 0.298138506710529 0.303099744021893 0.333870001137257 0.284422494471073 0.315042749047279 0.343400247395039 0.331072501838207 0.296846240758896 0.303951010107994 0.327530242502689 0.381297022104263 0.374243997037411 0.424535259604454 0.437632486224174 0.436941012740135 0.436528488993645 0.411484479904175 0.426374271512032 0.448810502886772 0.455031752586365 0.440633252263069 0.445360511541367 0.452820003032684 0.463188752532005 0.549355521798134 0.816748470067978 1.05369821190834 1.16009286046028 0.544450521469116 0.415484234690666 0.451542019844055 0.430400267243385 0.506769731640816 0.478895232081413 0.397517994046211 0.307245746254921 0.269166760146618 0.280774489045143 0.31055324524641 0.50408998131752 0.760055243968964 1.16175073385239 0.930321782827377 1.09468424320221 1.52364903688431 1.09246498346329 1.05049279332161 1.1444865167141 1.10289752483368 1.00768500566483 1.29670724272728 1.73416346311569 2.36026203632355 2.38568776845932 3.01462054252625 2.78501182794571
-9999 -9999 -9999 -9999 -9999 0.291314989328384 0.285892501473427 0.290705993771553 0.296561256051064 0.308529742062092 0.303466491401196 0.305799007415771 0.322887003421783 0.324372746050358 0.254607751965523 0.342830255627632 0.370568253099918 0.384705752134323 0.39887697994709 0.393794998526573 0.383928000926971 0.375534743070602 0.362197503447533 0.396140992641449 0.42120073735714 0.427721992135048 0.430697992444038 0.447330012917519 0.44200573861599 0.458052769303322 0.475776001811028 0.749123230576515 0.693468734622002 0.791297256946564 0.677367746829987 0.509617477655411 0.491909265518188 0.505988270044327 0.55230675637722 0.401307016611099 0.327946498990059 0.271042495965958 0.249917238950729 0.268212005496025 0.270102739334106 0.295906506478786 0.337535239756107 0.538577243685722 0.413296490907669 0.676629737019539 1.00156795978546 0.843898504972458 0.842157036066055 0.85631999373436 0.880128711462021 0.822762787342072 0.833847016096115 1.15139999985695 1.65554398298264 1.76852774620056 2.07461392879486 2.68998903036118
-9999 -9999 -9999 -9999 -9999 0.29373300075531 0.272418759763241 0.277973994612694 0.293333239853382 0.281535007059574 0.283635757863522 0.25246350467205 0.287265747785568 0.263385750353336 0.275326497852802 0.302446492016315 0.330326244235039 0.349991999566555 0.351223491132259 0.406988248229027 0.398631736636162 0.37330649793148 0.352196238934994 0.347781747579575 0.430268257856369 0.455760017037392 0.47987325489521 0.467499732971191 0.48786373436451 0.520341753959656 0.621834754943848 0.736180499196053 0.605746507644653 0.739197760820389 0.657291010022163 0.590817734599113 0.517495483160019 0.626039251685143 0.599776491522789 0.446608498692513 0.304296746850014 0.265098743140697 0.263492256402969 0.268201500177383 0.247112989425659 0.243354745209217 0.247383758425713 0.254388749599457 0.261408761143684 0.339258760213852 0.608606994152069 0.885525763034821 0.826387524604797 0.817734718322754 0.967781245708466 1.1222924888134 0.988460272550583 1.14063146710396 1.28797647356987 1.49916377663612 1.84410148859024 2.0507145524025
