EcologicalScience/Bass/data/rs_data_bass/chl_355.asc
NCOLS 226 
NROWS 124 
XLLCORNER -9.41648524995501 
YLLCORNER 47.587301625531 
CELLSIZE 0.0833 
NODATA_value -9999 
[rows 54 to 80 of 124, columns 0 to 61 of 226]
-9999 -9999 -9999 -9999 -9999 -9999 -9999 -9999 -9999 -9999 -9999 -9999 -9999 -9999 -9999 -9999 -9999 -9999 -9999 -9999 -9999 -9999 -9999 -9999 -9999 -9999 -9999 -9999 -9999 -9999 -9999 -9999 -9999 -9999 -9999 -9999 -9999 -9999 5.28658026361845 2.62950754165649 1.90930586201804 2.28724354505539 1.4553524851799 1.2919807434082 1.06249246001244 1.16648626327515 1.06095752120018 0.955211251974106 1.0482152402401 0.986114472150803 0.978908509016037 0.98608385771513 1.30116525292397 1.65184164047241 1.68865120410919 2.22098708152771 2.34917092323303 2.17885880470276 -9999 0.607058599591255 0.62790758907795 2.54247761291006
-9999 -9999 -9999 -9999 -9999 -9999 -9999 -9999 -9999 -9999 -9999 -9999 -9999 -9999 -9999 -9999 -9999 -9999 -9999 -9999 -9999 -9999 -9999 -9999 -9999 -9999 -9999 -9999 -9999 -9999 -9999 -9999 -9999 -9999 -9999 -9999 -9999 -9999 -9999 2.02142778038979 1.894802069664 2.72857949137688 1.90326967835426 1.49998310208321 0.988523617386818 0.98455348610878 0.943582773208618 0.891921758651733 0.892669916152954 0.944765746593475 0.988604247570038 1.12546199560165 1.60570469498634 1.36699721217155 1.8708404302597 2.21784487366676 2.52865433692932 2.72507196768171 -9999 -9999 -9999 -9999
-9999 -9999 -9999 -9999 -9999 -9999 -9999 -9999 -9999 -9999 -9999 -9999 -9999 -9999 -9999 -9999 -9999 -9999 -9999 -9999 -9999 -9999 -9999 -9999 -9999 -9999 -9999 -9999 -9999 -9999 -9999 -9999 -9999 -9999 -9999 -9999 -9999 -9999 -9999 -9999 1.96124379336834 1.71856874227524 1.69637632369995 1.72300797700882 1.51773673295975 1.35812696814537 1.01629784703255 0.939562886953354 0.997502624988556 1.27117645740509 1.08424949645996 1.35346725583076 1.53555446863174 1.67608505487442 1.82252705097198 2.0744414627552 1.90455454587936 1.8289777636528 2.04391801357269 -9999 -9999 -9999
-9999 -9999 -9999 -9999 -9999 -9999 -9999 -9999 -9999 -9999 -9999 -9999 -9999 -9999 -9999 -9999 -9999 -9999 -9999 -9999 -9999 -9999 -9999 -9999 -9999 -9999 -9999 -9999 -9999 -9999 -9999 -9999 -9999 -9999 -9999 -9999 -9999 -9999 -9999 -9999 1.99080616235733 2.47276526689529 2.12180799245834 1.73108625411987 1.63728529214859 1.6369206905365 1.4263379573822 1.59489154815674 1.6922721862793 1.34303703904152 1.06963223218918 1.20070651173592 1.36168724298477 1.439034730196 1.66712933778763 2.05430996417999 2.1741464138031 1.87623649835587 2.13749778270721 2.33886390924454 1.75758269981102 -9999
-9999 -9999 -9999 -9999 -9999 -9999 -9999 -9999 -9999 -9999 -9999 -9999 -9999 -9999 -9999 -9999 -9999 -9999 -9999 -9999 -9999 -9999 -9999 -9999 -9999 -9999 -9999 -9999 -9999 -9999 -9999 -9999 -9999 -9999 -9999 -9999 -9999 -9999 -9999 -9999 -9999 1.70367883443832 2.1198216676712 2.18389874696732 2.09740805625916 2.10435980558395 1.82710129022598 1.80443769693375 1.73952448368073 1.39600067585707 1.23833853006363 1.13649415969849 1.19313222169876 1.25111621618271 1.39170223474503 1.41688495874405 1.59591403603554 1.80923807621002 1.90033501386642 2.03196156024933 2.19122692108154 -9999
-9999 -9999 -9999 -9999 -9999 -9999 -9999 -9999 -9999 -9999 -9999 -9999 -9999 -9999 -9999 -9999 -9999 -9999 -9999 -9999 -9999 -9999 -9999 -9999 -9999 -9999 -9999 -9999 -9999 -9999 -9999 -9999 -9999 -9999 -9999 -9999 -9999 -9999 -9999 -9999 -9999 2.49070143699646 2.25431996583939 2.22985428571701 2.21212649345398 1.91721975803375 1.72581750154495 1.6743398308754 1.70811194181442 1.56346428394318 1.13653501868248 1.07233500480652 1.17576974630356 1.27063652873039 1.38382351398468 1.50427579879761 1.65697127580643 2.0013479590416 1.81421363353729 1.1792652444406 -9999 -9999
-9999 -9999 -9999 -9999 -9999 -9999 -9999 -9999 -9999 -9999 -9999 -9999 -9999 -9999 -9999 -9999 -9999 -9999 -9999 -9999 -9999 -9999 -9999 -9999 -9999 -9999 -9999 -9999 -9999 -9999 -9999 -9999 -9999 -9999 -9999 -9999 -9999 -9999 -9999 -9999 2.29650993969129 2.95502305030823 2.66950100660324 2.03788948059082 1.94536274671555 1.7717279791832 1.57060718536377 1.64762932062149 1.54150176048279 1.19998195767403 1.18043929338455 1.12437379360199 1.17397427558899 1.41687673330307 1.51841855049133 1.70118820667267 1.51897890865803 -9999 -9999 3.5551270544529 13.8162835836411 4.56616467237473
-9999 -9999 -9999 -9999 -9999 -9999 -9999 -9999 -9999 -9999 -9999 -9999 -9999 -9999 -9999 -9999 -9999 -9999 -9999 -9999 -9999 -9999 -9999 -9999 -9999 -9999 -9999 -9999 -9999 -9999 -9999 -9999 -9999 -9999 -9999 -9999 -9999 -9999 -9999 1.86242351206866 2.73038524389267 2.54174077510834 2.21568229794502 1.4403187930584 1.44135376811028 1.35228449106216 1.51612204313278 1.75464230775833 1.50655078887939 1.24227753281593 1.17501676082611 1.12980222702026 1.19115221500397 1.62199276685715 1.53862449526787 1.46881274878979 1.69516277313232 1.76305794715881 2.44796401262283 2.35159349441528 2.39805829524994 4.92100739479065
-9999 -9999 -9999 -9999 -9999 -9999 -9999 -9999 -9999 -9999 -9999 -9999 -9999 -9999 -9999 -9999 -9999 -9999 -9999 -9999 -9999 -9999 -9999 -9999 -9999 -9999 -9999 -9999 -9999 -9999 -9999 -9999 -9999 -9999 -9999 -9999 -9999 -9999 -9999 2.80488490206855 2.36608466506004 2.00589001178741 1.82325187325478 1.50317251682281 1.51025032997131 1.35793349146843 1.53509628772736 1.43731319904327 1.41349124908447 1.27177146077156 1.3055382668972 1.31107473373413 1.47838461399078 1.55109710991383 1.87050899863243 1.80316507816315 1.98613876104355 2.08961480855942 2.33342617750168 2.40797996520996 2.28609448671341 2.02992457151413
-9999 -9999 -9999 -9999 -9999 -9999 -9999 -9999 -9999 -9999 -9999 -9999 -9999 -9999 -9999 -9999 -9999 -9999 -9999 -9999 -9999 -9999 -9999 -9999 -9999 -9999 -9999 -9999 -9999 -9999 -9999 -9999 -9999 -9999 -9999 -9999 -9999 -9999 3.71834526459376 2.54742762872151 2.32611703872681 1.76670116186142 1.53565916419029 1.40962046384811 1.41027823090553 1.61715066432953 1.82892447710037 1.29724249243736 1.25571474432945 1.16349077224731 1.24290800094604 1.3250490128994 1.48924988508224 1.53716732561588 1.62398216128349 1.68880793452263 1.75950676202774 2.03031975030899 2.27562457323074 2.26369428634644 2.40907430648804 1.97796496748924
-9999 -9999 -9999 -9999 -9999 -9999 -9999 -9999 -9999 -9999 -9999 -9999 -9999 -9999 -9999 -9999 -9999 -9999 -9999 -9999 -9999 -9999 -9999 -9999 -9999 -9999 -9999 -9999 -9999 -9999 -9999 -9999 -9999 -9999 -9999 -9999 -9999 -9999 2.48794502019882 2.09433078765869 1.94807296991348 1.42438647150993 1.15366926789284 1.33125996589661 1.2178271189332 1.34403938055038 1.17493200302124 1.28120002150536 1.14779052138329 1.15921500325203 1.18999797105789 1.29989650845528 1.41274574398994 1.42973846197128 1.43516299128532 1.53471936285496 1.60674485564232 1.84186345338821 1.80886352062225 1.85045617818832 2.21280080080032 1.83477473258972
-9999 -9999 -9999 -9999 -9999 -9999 -9999 -9999 -9999 -9999 -9999 -9999 -9999 -9999 -9999 -9999 -9999 -9999 -9999 -9999 -9999 -9999 -9999 -9999 -9999 -9999 -9999 -9999 -9999 -9999 -9999 -9999 -9999 -9999 -9999 -9999 -9999 2.14581924676895 2.47183540463448 1.57038527727127 1.69975733757019 1.65084904432297 1.25804078578949 1.23709351569414 1.21829326450825 1.33906701207161 1.25049749016762 1.11325447261333 1.23836323618889 1.22360473871231 1.23265850543976 1.34948122501373 1.33677524328232 1.32621425390244 1.35528671741486 1.34180322289467 1.39357727766037 1.44341325759888 1.61546927690506 1.85899651050568 1.73771166801453 1.74248668551445
-9999 -9999 -9999 -9999 -9999 -9999 -9999 -9999 -9999 -9999 -9999 -9999 -9999 -9999 -9999 -9999 -9999 -9999 -9999 -9999 -9999 -9999 -9999 -9999 -9999 -9999 -9999 -9999 -9999 -9999 -9999 -9999 -9999 -9999 -9999 -9999 -9999 2.39952331781387 2.098208963871 1.58495628833771 1.41336679458618 1.07823148369789 1.05298049747944 1.04204213619232 0.986733332276344 0.974076747894287 1.20951250195503 1.1825914978981 1.27011772990227 1.28845676779747 1.2739645242691 1.33218425512314 1.36757025122643 1.33207052946091 1.51681566238403 1.43009850382805 1.42162799835205 1.31702327728271 1.343237221241 1.39018124341965 1.60607707500458 2.39890569448471
-9999 -9999 -9999 -9999 -9999 -9999 -9999 -9999 -9999 -9999 -9999 -9999 -9999 -9999 -9999 -9999 -9999 -9999 -9999 -9999 -9999 -9999 -9999 -9999 -9999 -9999 -9999 -9999 -9999 -9999 -9999 -9999 -9999 -9999 -9999 -9999 3.06691279319616 2.05717957019806 2.06968724727631 1.6573868393898 1.13339665532112 1.02518512308598 0.996853530406952 1.00388664007187 0.956267639994621 0.959476098418236 0.946402497589588 1.14771848917007 1.27783763408661 1.20604601502419 1.26910874247551 1.32517951726913 1.39403700828552 1.5132802426815 1.54951357841492 1.52148377895355 1.45102125406265 1.7367832660675 1.46329799294472 1.44262200593948 1.72960752248764 1.94324046373367
-9999 -9999 -9999 -9999 -9999 -9999 -9999 -9999 -9999 -9999 -9999 -9999 -9999 -9999 -9999 -9999 -9999 -9999 -9999 -9999 -9999 -9999 -9999 -9999 -9999 -9999 -9999 -9999 -9999 -9999 -9999 1.41073706746101 24.8941254065587 -9999 2.10493344068527 2.41118396116248 2.05434816158735 1.76945632696152 1.72161376476288 1.50054895877838 1.09342123568058 1.02630825340748 1.01200161874294 1.00295247137547 0.977214395999908 0.966213002800941 1.09502702951431 1.16841638088226 1.14618548750877 1.32371065020561 1.39281825721264 1.42721477150917 1.51709698140621 1.53207711875439 1.44537600874901 1.52216702699661 1.56197722256184 1.59331655502319 1.8766346052289 1.9395996183157 2.4467214345932 2.08303504809737
-9999 -9999 -9999 -9999 -9999 -9999 -9999 -9999 -9999 -9999 -9999 -9999 -9999 -9999 -9999 -9999 -9999 -9999 -9999 -9999 -9999 -9999 0.346259817481041 1.60551220178604 14.105987817049 0.930696203240326 4.16736683249474 4.32512444257736 1.68436669707298 1.03369085490704 0.888686254620552 8.93284678459167 1.77174806594849 1.22285848855972 2.00991457700729 2.11657422780991 1.71069073677063 1.43813252449036 1.27185970544815 1.10119503736496 0.993207022547722 1.02938662469387 1.07717625796795 1.10698463022709 1.11135412752628 1.1183594763279 1.16061450541019 1.21583358943462 1.26821887493134 1.44863699376583 1.53733724355698 1.63350820541382 1.71374961733818 1.76357772946358 2.02690082788467 2.07692317664623 2.3586211502552 2.98154260218143 3.17873641322641 -9999 -9999 -9999
-9999 -9999 -9999 -9999 -9999 -9999 -9999 -9999 -9999 -9999 -9999 -9999 -9999 -9999 -9999 -9999 -9999 -9999 -9999 -9999 -9999 -9999 0.90196425318718 0.602772776037455 2.50584232807159 2.90104579925537 0.564694296036448 0.523566886782646 1.19460847973824 0.523669492453337 0.502545982599258 0.867527484893799 1.82515203952789 1.71191024780273 1.49573546648026 1.27074453234673 1.11159297823906 0.952497750520706 0.895691245794296 0.943143010139465 0.894889533519745 1.04330997169018 1.22796075046062 1.26747411489487 1.23453260958195 1.3115606456995 1.3427599221468 1.48686821758747 1.68664246797562 1.72129219770432 1.8402404487133 2.05300086736679 2.28975185751915 2.33559527993202 2.10975719125647 -9999 -9999 -9999 -9999 -9999 -9999 -9999
-9999 -9999 -9999 -9999 -9999 -9999 -9999 -9999 -9999 -9999 -9999 -9999 -9999 -9999 -9999 -9999 -9999 -9999 -9999 23.5857965286742 2.49442845582962 2.31340795755386 2.7233082652092 0.527541764080524 0.833017528057098 3.26533126831055 2.58555454015732 4.07633352279663 0.431038802862167 14.6326947212219 0.373782761394978 1.99051344394684 2.14344906806946 2.47849345207214 1.43120920658112 1.33332601189613 1.03384646773338 0.919479757547379 0.824075996875763 0.811668008565903 0.900337859988213 1.01205825805664 1.25502222776413 1.42766627669334 1.33693841099739 1.30584713816643 1.44567301869392 1.77397057414055 1.8358992934227 1.79454419016838 2.10382346944375 -9999 -9999 -9999 -9999 -9999 -9999 -9999 -9999 -9999 -9999 -9999
-9999 -9999 -9999 -9999 -9999 -9999 -9999 -9999 -9999 -9999 -9999 -9999 -9999 -9999 -9999 -9999 -9999 3.73181370326451 1.27261151075363 5.3200671672821 2.36467566341162 1.17112249135971 1.53744149208069 1.49058446288109 1.69427633285522 0.368922248482704 1.68368482589722 1.63087803125381 1.33029296994209 2.49470096826553 3.59356427192688 1.76872573792934 1.54920226335526 0.83220112323761 1.10001602768898 1.20038250088692 1.00449228286743 0.842360973358154 0.855083227157593 1.09625700116158 1.19772300124168 1.29780149459839 1.43975552916527 1.41789150238037 1.24466621875763 1.44764471054077 1.58116275072098 1.86584401130676 2.23437452316284 2.2413135766983 2.2944810678882 -9999 -9999 -9999 -9999 -9999 -9999 -9999 -9999 -9999 -9999 -9999
-9999 -9999 -9999 -9999 -9999 -9999 -9999 -9999 -9999 -9999 -9999 -9999 -9999 -9999 1.11887499690056 13.4586095809937 15.8171195983887 6.01545023918152 1.98444449901581 0.629148244857788 0.925176000595093 0.78060497045517 0.722523128986359 1.38004803657532 1.43359503149986 1.43013900518417 1.58079153299332 1.42468804121017 1.27551528811455 1.21232628822327 1.10744628310204 3.8399738073349 0.702123731374741 0.729394510388374 0.832684457302094 1.24545523524284 1.22181075811386 0.978563278913498 0.976691991090775 1.26363301277161 1.51317608356476 1.37194722890854 1.45136404037476 1.83098995685577 1.47511053085327 1.51780503988266 1.55941718816757 1.87318128347397 1.94639557600021 1.98496270179749 1.72798418998718 3.31821969151497 -9999 -9999 -9999 -9999 -9999 -9999 -9999 -9999 -9999 -9999
-9999 -9999 -9999 -9999 -9999 -9999 -9999 -9999 -9999 -9999 -9999 3.50051569768361 5.13971042633057 5.50699496269226 1.10043050348759 6.84946990013123 4.27338767051697 2.47065532207489 2.39667677879333 2.04910200834274 1.34175145626068 1.4658824801445 1.03351423144341 1.2413714826107 1.03234577178955 1.00806748867035 1.13926354050636 1.05290248990059 1.05672973394394 1.07209950685501 1.11182928085327 3.76068162918091 0.882234781980515 0.857943713665009 0.853959739208221 0.873203963041306 1.09627801179886 1.35409578680992 1.14771303534508 1.19958373904228 1.50691133737564 1.71653401851654 1.85160076618195 1.85718816518784 1.60035592317581 1.61361229419708 1.55670601129532 1.5602633357048 1.75493180751801 1.34535253047943 1.4821457862854 -9999 -9999 -9999 -9999 -9999 7.77454291263292 5.05100852251053 3.97390624880791 3.78886565566063 4.12621048092842 -9999
-9999 -9999 -9999 -9999 -9999 -9999 -9999 -9999 -9999 2.89997912304742 2.69159502141616 6.87310194969177 5.35620617866516 4.11990165710449 3.29363179206848 3.6917062997818 2.80024641752243 2.57792991399765 1.18145397305489 1.3170990049839 1.24324572086334 1.30392748117447 0.994076281785965 0.977382749319077 0.887202769517899 0.683063238859177 0.80519700050354 0.831710278987885 0.844398736953735 0.885945707559586 1.05379503965378 0.951116234064102 0.99762225151062 1.01635050773621 1.06436625123024 1.17385947704315 1.16192328929901 1.10830047726631 1.25158202648163 1.35793054103851 1.96022772789001 2.11567354202271 1.56884175539017 1.77705001831055 1.58511006832123 1.36902147531509 1.3189477622509 1.34689646959305 1.31910225749016 1.83662590384483 1.49763375520706 1.89711886644363 2.16822223938428 2.25248958667119 2.12464791536331 2.22056119143963 2.36416125297546 2.57932882010937 2.98823408782482 3.31170183420181 2.33709781510489 -9999
-9999 -9999 -9999 -9999 -9999 1.46964749693871 1.24797649894442 2.07901517833982 1.47852295637131 3.24062490463257 2.82042074203491 1.99018281698227 3.00307059288025 2.66518878936768 2.75540256500244 2.77535033226013 2.71070104837418 0.573936000466347 0.916597455739975 1.74454718828201 1.55701732635498 1.61682897806168 1.53827333450317 1.09275975823402 1.08629697561264 0.816419988870621 0.776300221681595 0.777870029211044 0.763289988040924 0.778204500675201 0.854401499032974 0.917140513658524 0.85327273607254 0.926550775766373 0.991739273071289 1.11450523138046 0.976773709058762 1.12301999330521 1.30439472198486 2.05742025375366 2.33155274391174 1.4390535056591 1.47874277830124 1.35505270957947 1.33323302865028 1.28542801737785 1.31019678711891 1.22611802816391 1.17053371667862 1.48511523008347 1.54374343156815 1.74822503328323 1.76230746507645 1.9274850487709 2.13977831602097 2.15075743198395 2.1277015209198 2.09347669780254 2.44463413953781 2.71010434627533 3.41956043243408 3.26781892776489
-9999 -9999 -9999 -9999 -9999 0.860035747289658 1.11530926823616 1.53590101003647 1.5515159368515 1.69120270013809 1.59054833650589 1.22974196076393 1.7497386932373 1.26724728941917 0.973782777786255 0.964315474033356 0.995575457811356 1.12257072329521 1.20843154191971 1.16547900438309 1.21730402112007 1.32434624433517 1.35879376530647 1.13168478012085 1.08176404237747 0.875478744506836 0.862573474645615 0.801215976476669 0.757889986038208 0.758785486221313 0.765940457582474 0.739272728562355 0.774192005395889 0.795825719833374 0.960935980081558 1.08129823207855 1.03490254282951 1.05094420909882 1.81361031532288 2.1939457654953 1.75646549463272 1.62645828723907 1.50218993425369 1.32880049943924 0.867495015263557 0.927965998649597 1.03892438113689 1.07882398366928 1.11445274949074 1.09676973521709 1.41430872678757 1.53658151626587 1.52383124828339 1.61615628004074 1.80762600898743 1.95506298542023 1.82043582201004 1.91445356607437 2.16683665663004 2.49817407131195 2.59010481834412 2.56868541240692
-9999 -9999 -9999 -9999 -9999 0.993607521057129 1.47890996932983 1.1563612818718 1.17729449272156 1.10078027844429 0.958257794380188 0.984031498432159 1.00622329115868 0.964407742023468 1.22272047400475 1.68416476249695 1.32479703426361 1.47653397917747 1.26819902658463 0.977241039276123 1.08231148123741 1.94277226924896 1.18390497565269 0.975030720233917 0.87438976764679 0.798370510339737 0.831921011209488 0.854977458715439 0.792561024427414 0.714522019028664 0.66108749806881 0.683133020997047 0.70440374314785 0.712253227829933 0.946391254663467 1.04569128155708 1.03666949272156 1.13630926609039 1.81555724143982 1.85561102628708 1.88105696439743 1.85603177547455 1.88602119684219 0.799345515668392 0.80205861479044 0.804381743073463 0.950563877820969 1.03712703287601 1.04146125912666 0.911754757165909 1.03492897748947 1.351582467556 1.41537411510944 1.41594523191452 1.37452498078346 1.33530351519585 1.43841901421547 1.43719229102135 1.71705897152424 2.09263283014297 2.4940949678421 2.7864630818367
-9999 -9999 -9999 -9999 -9999 5.00789988040924 3.65625214576721 2.53012204170227 1.5427154302597 1.69656676054001 1.08963221311569 1.03923296928406 1.27786499261856 1.24451771378517 1.54027050733566 2.37479782104492 1.84658324718475 1.63259929418564 1.72774493694305 1.52753555774689 1.50198233127594 1.36336049437523 0.979019969701767 0.925936460494995 0.51341401040554 0.527222983539104 0.488721750676632 0.960558772087097 0.868304997682571 0.865305036306381 0.668859019875526 0.704592749476433 0.72631573677063 0.682253256440163 0.802810460329056 1.07241296768188 1.16451600193977 1.88051927089691 1.98091953992844 1.87753880023956 1.84859400987625 1.62876605987549 1.74093157052994 1.54811775684357 2.35997325181961 1.03289437294006 1.1403427273035 1.02253013849258 1.31230048835278 0.782469734549522 1.28184114396572 1.12673400342464 0.963066235184669 1.00351402163506 1.09923875331879 1.30323404073715 1.38317877054214 1.46138674020767 1.39207354187965 2.625228703022 3.24559271335602 3.08654022216797
-9999 -9999 -9999 -9999 -9999 3.50046300888062 2.58386546373367 1.47158324718475 1.18568399548531 1.33781173825264 1.87454921007156 2.19326466321945 2.22730654478073 2.20099800825119 1.55719417333603 2.23447716236115 2.61327821016312 2.42062568664551 1.84980458021164 1.80632776021957 1.36604323983192 1.0110847055912 0.845622718334198 0.882209211587906 0.666096746921539 0.338883005082607 0.366471759974957 0.399079486727715 0.415989741683006 0.43190136551857 0.628341749310493 0.714164257049561 0.941552996635437 0.906166523694992 1.1148299574852 1.18486949801445 1.78302007913589 0.973399892449379 1.14670953154564 1.1757652759552 1.49699029326439 1.42646178603172 1.40502673387527 1.45627650618553 1.42608073353767 1.11553014814854 1.33940058946609 1.44171519577503 0.790705472230911 0.787341713905334 0.856569707393646 0.960310488939285 0.9877570271492 1.15798377990723 1.39204052090645 1.51622003316879 1.4130981862545 1.57704001665115 1.61612319946289 2.00970607995987 2.99722427129745 2.80769848823547
