EcologicalScience/Bass/data/rs_data_bass/chl_378.asc
NCOLS 226 
NROWS 124 
XLLCORNER -9.41648524995501 
YLLCORNER 47.587301625531 
CELLSIZE 0.0833 
NODATA_value -9999 
[rows 54 to 80 of 124, columns 0 to 61 of 226]
-9999 -9999 -9999 -9999 -9999 -9999 -9999 -9999 -9999 -9999 -9999 -9999 -9999 -9999 -9999 -9999 -9999 -9999 -9999 -9999 -9999 -9999 -9999 -9999 -9999 -9999 -9999 -9999 -9999 -9999 -9999 -9999 -9999 -9999 -9999 -9999 -9999 -9999 5.35579087724724 1.84554670751095 1.57119941711426 2.15512955188751 1.42308300733566 1.09581595659256 1.13126474618912 1.14347478747368 1.11414527893066 1.0606244802475 1.04183623194695 1.21966722607613 1.16307297348976 1.32521402835846 1.62269103527069 1.7109854221344 2.47179526090622 2.59567201137543 2.67594748735428 2.74133616685867 -9999 0.607058599591255 0.62790758907795 2.68503390770891
-9999 -9999 -9999 -9999 -9999 -9999 -9999 -9999 -9999 -9999 -9999 -9999 -9999 -9999 -9999 -9999 -9999 -9999 -9999 -9999 -9999 -9999 -9999 -9999 -9999 -9999 -9999 -9999 -9999 -9999 -9999 -9999 -9999 -9999 -9999 -9999 -9999 -9999 -9999 4.62445510285241 4.66485142707825 2.39283746480942 1.61353504657745 1.42531952261925 1.26071020960808 1.16976302862167 1.15685847401619 1.10487225651741 1.06587302684784 1.06463545560837 1.12127700448036 1.03132125735283 1.61454302072525 1.75722903013229 2.28620249032974 2.3980987071991 2.84834998100996 2.84646250264493 -9999 -9999 -9999 -9999
-9999 -9999 -9999 -9999 -9999 -9999 -9999 -9999 -9999 -9999 -9999 -9999 -9999 -9999 -9999 -9999 -9999 -9999 -9999 -9999 -9999 -9999 -9999 -9999 -9999 -9999 -9999 -9999 -9999 -9999 -9999 -9999 -9999 -9999 -9999 -9999 -9999 -9999 -9999 -9999 3.24925410747528 2.15489995479584 1.61620581150055 1.73343372344971 1.63736933469772 1.413225710392 1.08390372991562 1.00976926088333 1.34703451395035 1.02034574747086 1.04858404397964 1.20882600545883 1.90685033798218 2.21410578489304 2.43312603235245 2.4208642244339 2.4753765463829 2.418252825737 2.46806967258453 -9999 -9999 -9999
-9999 -9999 -9999 -9999 -9999 -9999 -9999 -9999 -9999 -9999 -9999 -9999 -9999 -9999 -9999 -9999 -9999 -9999 -9999 -9999 -9999 -9999 -9999 -9999 -9999 -9999 -9999 -9999 -9999 -9999 -9999 -9999 -9999 -9999 -9999 -9999 -9999 -9999 -9999 -9999 4.52168691158295 1.75128525495529 1.7289052605629 1.86363905668259 1.78593081235886 1.65151566267014 1.60339879989624 1.30504578351974 1.03068146109581 1.57043927907944 1.11851660907269 1.18050934374332 1.87103927135468 2.11521452665329 2.42303091287613 2.28035473823547 1.97513848543167 1.68414741754532 1.58930557966232 2.10649573802948 1.9510372016165 -9999
-9999 -9999 -9999 -9999 -9999 -9999 -9999 -9999 -9999 -9999 -9999 -9999 -9999 -9999 -9999 -9999 -9999 -9999 -9999 -9999 -9999 -9999 -9999 -9999 -9999 -9999 -9999 -9999 -9999 -9999 -9999 -9999 -9999 -9999 -9999 -9999 -9999 -9999 -9999 -9999 -9999 1.7889112830162 1.77049952745438 1.91888254880905 1.949886739254 1.81301629543304 1.69630283117294 1.66632002592087 1.56116849184036 1.47557432949543 1.2071535140276 1.08919876813889 1.4025405049324 1.61717694997787 1.8469166457653 1.33217176795006 1.73452574014664 1.79155576229095 1.69326907396317 1.57071071863174 1.75931632518768 -9999
-9999 -9999 -9999 -9999 -9999 -9999 -9999 -9999 -9999 -9999 -9999 -9999 -9999 -9999 -9999 -9999 -9999 -9999 -9999 -9999 -9999 -9999 -9999 -9999 -9999 -9999 -9999 -9999 -9999 -9999 -9999 -9999 -9999 -9999 -9999 -9999 -9999 -9999 -9999 -9999 -9999 2.17920756340027 1.83301270008087 1.9713442325592 1.98895883560181 1.81454855203629 1.72722601890564 1.62535947561264 1.5780982375145 1.42091663181782 1.19365498423576 1.096266746521 1.31674312055111 1.59686475992203 1.4418982565403 1.45528274774551 1.85498249530792 1.92673194408417 1.85060852766037 1.0328505567529 -9999 -9999
-9999 -9999 -9999 -9999 -9999 -9999 -9999 -9999 -9999 -9999 -9999 -9999 -9999 -9999 -9999 -9999 -9999 -9999 -9999 -9999 -9999 -9999 -9999 -9999 -9999 -9999 -9999 -9999 -9999 -9999 -9999 -9999 -9999 -9999 -9999 -9999 -9999 -9999 -9999 -9999 2.52121719717979 2.5723552107811 1.99342274665833 2.03967833518982 1.96662157773972 1.66656982898712 1.5630367398262 1.57964318990707 1.38527253270149 1.43688717484474 1.26239548623562 1.28838716447353 1.41680552065372 1.64065200090408 1.76998651027679 1.57832032442093 1.81927192211151 -9999 -9999 5.29037404060364 4.76572054624557 6.03251802921295
-9999 -9999 -9999 -9999 -9999 -9999 -9999 -9999 -9999 -9999 -9999 -9999 -9999 -9999 -9999 -9999 -9999 -9999 -9999 -9999 -9999 -9999 -9999 -9999 -9999 -9999 -9999 -9999 -9999 -9999 -9999 -9999 -9999 -9999 -9999 -9999 -9999 -9999 -9999 2.50820580124855 2.3216512799263 2.14404147863388 1.94462782144547 1.92806392908096 1.76499223709106 1.43252849578857 1.4241044819355 1.33839601278305 1.31665948033333 1.2975877225399 1.33098037540913 1.30026076734066 1.34654925763607 1.60410457849503 1.62881255149841 2.15512463450432 2.26459050178528 1.94760632514954 1.97957700490952 3.67622029781342 3.58874237537384 2.94498896598816
-9999 -9999 -9999 -9999 -9999 -9999 -9999 -9999 -9999 -9999 -9999 -9999 -9999 -9999 -9999 -9999 -9999 -9999 -9999 -9999 -9999 -9999 -9999 -9999 -9999 -9999 -9999 -9999 -9999 -9999 -9999 -9999 -9999 -9999 -9999 -9999 -9999 -9999 -9999 2.52636933326721 2.28572022914886 2.12019377946854 1.74553120136261 1.81623905897141 1.56760883331299 1.40757223963737 1.44911697506905 1.28925749659538 1.4079914689064 1.60823553800583 1.25415600836277 1.25583864748478 1.31153847277164 1.49885773658752 1.5355042219162 1.64030402898788 1.78041905164719 1.54677075147629 1.4152312874794 2.20125603675842 2.00113123655319 1.87577551603317
-9999 -9999 -9999 -9999 -9999 -9999 -9999 -9999 -9999 -9999 -9999 -9999 -9999 -9999 -9999 -9999 -9999 -9999 -9999 -9999 -9999 -9999 -9999 -9999 -9999 -9999 -9999 -9999 -9999 -9999 -9999 -9999 -9999 -9999 -9999 -9999 -9999 -9999 3.1037212908268 2.34901356697083 2.19251024723053 2.03926956653595 1.58343458175659 1.61669093370438 1.36723950505257 1.73678630590439 1.5915464758873 1.34421524405479 1.45051950216293 1.46442076563835 1.30689038336277 1.37806159257889 1.45642013847828 1.56759676337242 1.54564011096954 1.57182151079178 1.29423227906227 1.22141700983047 1.19038653373718 1.4093242585659 1.58255928754807 1.76190680265427
-9999 -9999 -9999 -9999 -9999 -9999 -9999 -9999 -9999 -9999 -9999 -9999 -9999 -9999 -9999 -9999 -9999 -9999 -9999 -9999 -9999 -9999 -9999 -9999 -9999 -9999 -9999 -9999 -9999 -9999 -9999 -9999 -9999 -9999 -9999 -9999 -9999 -9999 2.6115944981575 2.4035137295723 2.17166179418564 1.83836030960083 1.60045123100281 1.35461845993996 1.30996870994568 1.6267147064209 1.51878601312637 1.4374980032444 1.25988936424255 1.280916005373 1.39207349717617 1.44446848332882 1.44620436429977 1.49948734045029 1.51304058730602 1.33480578660965 1.22980651259422 1.27527371048927 1.25723397731781 1.25338572263718 1.44671103358269 1.68357074260712
-9999 -9999 -9999 -9999 -9999 -9999 -9999 -9999 -9999 -9999 -9999 -9999 -9999 -9999 -9999 -9999 -9999 -9999 -9999 -9999 -9999 -9999 -9999 -9999 -9999 -9999 -9999 -9999 -9999 -9999 -9999 -9999 -9999 -9999 -9999 -9999 -9999 2.41289617648491 2.25691956281662 2.42782419919968 2.18819403648376 1.78241854906082 1.39865398406982 1.30338451266289 1.47079798579216 1.64552843570709 1.56423604488373 1.31503647565842 1.20980626344681 1.28258626163006 1.4625805914402 1.4878121316433 1.39477953314781 1.35334351658821 1.36059746146202 1.29635399580002 1.23059695959091 1.31102773547173 1.31439596414566 1.3240875005722 1.34939628839493 1.60667771100998
-9999 -9999 -9999 -9999 -9999 -9999 -9999 -9999 -9999 -9999 -9999 -9999 -9999 -9999 -9999 -9999 -9999 -9999 -9999 -9999 -9999 -9999 -9999 -9999 -9999 -9999 -9999 -9999 -9999 -9999 -9999 -9999 -9999 -9999 -9999 -9999 -9999 4.09635561704636 2.77807161211967 2.08931028842926 1.8816636800766 1.46719425916672 1.19934976100922 1.43583297729492 1.58128273487091 1.50805878639221 1.3650127351284 1.24674072861671 1.327946215868 1.57833485305309 1.65052239596844 1.60841774940491 1.34617799520493 1.39087200164795 1.31454822421074 1.29849895834923 1.35100802779198 1.11529120802879 1.12387427687645 1.26720678806305 1.4145644903183 2.32443934679031
-9999 -9999 -9999 -9999 -9999 -9999 -9999 -9999 -9999 -9999 -9999 -9999 -9999 -9999 -9999 -9999 -9999 -9999 -9999 -9999 -9999 -9999 -9999 -9999 -9999 -9999 -9999 -9999 -9999 -9999 -9999 -9999 -9999 -9999 -9999 -9999 5.36951172351837 2.6430224776268 2.39720392227173 1.81147044897079 1.46325150132179 1.16342175006866 1.14948445558548 1.29582524299622 1.33287978172302 1.40645626187325 1.27899599075317 1.211082726717 1.40052527189255 1.58416011929512 1.65616764128208 1.37651252746582 1.32256051898003 1.30567279458046 1.21390271186829 1.19230645895004 1.10389950871468 1.03187620639801 1.22022673487663 1.49076828360558 1.58896869421005 1.63824373483658
-9999 -9999 -9999 -9999 -9999 -9999 -9999 -9999 -9999 -9999 -9999 -9999 -9999 -9999 -9999 -9999 -9999 -9999 -9999 -9999 -9999 -9999 -9999 -9999 -9999 -9999 -9999 -9999 -9999 -9999 -9999 3.57128566503525 8.02677500247955 -9999 2.10493344068527 2.34279333284773 3.63531874616941 1.66720050573349 1.75999277830124 1.6305878162384 1.33083379268646 1.07305428385735 1.17382121086121 1.2457110285759 1.29211726784706 1.28217002749443 1.30957272648811 1.38781803846359 1.39260596036911 1.41121727228165 1.67670375108719 1.46694821119308 1.43552479147911 1.20296922326088 1.16187223792076 1.11112797260284 1.11966821551323 1.29984971880913 1.87769329547882 1.77193343639374 1.6640557050705 2.53238353729248
-9999 -9999 -9999 -9999 -9999 -9999 -9999 -9999 -9999 -9999 -9999 -9999 -9999 -9999 -9999 -9999 -9999 -9999 -9999 -9999 -9999 -9999 0.346259817481041 15.3311764001846 22.2969681024551 13.6403476794561 17.4470531145732 11.7737404704094 3.230350146691 2.64476509888967 4.61465152104696 5.3635605275631 3.52578194439411 4.31410221755505 5.61075089871883 10.3197340518236 11.1924078762531 7.48795625567436 1.29791396856308 1.19435995817184 1.19893428683281 1.28191727399826 1.25925529003143 1.33548447489738 1.38466420769691 1.33241549134254 1.29250502586365 1.45268400013447 1.52879029512405 1.68742346763611 1.75298398733139 1.7234613597393 1.36034846305847 1.31269803643227 1.35632926225662 1.39720273017883 2.06387436389923 2.3227207660675 2.48204765074393 -9999 -9999 -9999
-9999 -9999 -9999 -9999 -9999 -9999 -9999 -9999 -9999 -9999 -9999 -9999 -9999 -9999 -9999 -9999 -9999 -9999 -9999 -9999 -9999 -9999 16.7329423874617 0.554472014307976 0.670980736613274 8.88115459680557 8.8718193769455 1.19137796759605 1.07619971036911 0.829357534646988 0.964199244976044 1.08387377858162 1.50743633508682 5.55584299564362 4.60636174678802 5.25690659880638 4.65559731423855 0.703177481889725 1.21108464896679 1.00547620654106 0.908427715301514 1.2277244925499 1.2838214635849 1.38220721483231 1.46238300204277 1.45098826289177 1.36449748277664 1.61679375171661 1.83782780170441 1.86315456032753 2.06636855006218 2.10394129157066 2.18995043635368 1.66217404603958 2.63500651717186 -9999 -9999 -9999 -9999 -9999 -9999 -9999
-9999 -9999 -9999 -9999 -9999 -9999 -9999 -9999 -9999 -9999 -9999 -9999 -9999 -9999 -9999 -9999 -9999 -9999 -9999 6.36235700262354 5.31205016374588 8.50633916258812 0.644135981798172 0.663881242275238 0.742158740758896 0.808437019586563 2.65209197998047 3.26635417342186 4.00877845287323 2.62019553780556 2.25946354866028 1.31795248389244 1.34357848763466 1.71577566862106 1.10973823070526 0.944144278764725 0.990843772888184 0.964116007089615 0.786749213933945 0.953059494495392 1.05519300699234 1.23666000366211 1.29595425724983 1.36779373884201 1.39229848980904 1.39781999588013 1.79981473088264 1.96091169118881 2.14848187565804 2.25291860103607 2.29417124390602 -9999 -9999 -9999 -9999 -9999 -9999 -9999 -9999 -9999 -9999 -9999
-9999 -9999 -9999 -9999 -9999 -9999 -9999 -9999 -9999 -9999 -9999 -9999 -9999 -9999 -9999 -9999 -9999 2.74431337912877 2.97897823651632 4.73416084051132 12.4446421265602 20.155558437109 0.802519530057907 0.732269257307053 0.644710510969162 0.707708269357681 1.19836950302124 6.34429979324341 5.94262862205505 5.71831119060516 1.9681248664856 1.65844278037548 0.928362786769867 0.88622322678566 0.740214005112648 0.724743738770485 0.718793258070946 0.78063976764679 0.688191756606102 0.735687017440796 0.787319988012314 1.18656903505325 1.17411902546883 1.45068445801735 1.54552567005157 1.49050086736679 1.77868008613586 2.2795969247818 2.34924826025963 1.95320928096771 2.02968130380877 -9999 -9999 -9999 -9999 -9999 -9999 -9999 -9999 -9999 -9999 -9999
-9999 -9999 -9999 -9999 -9999 -9999 -9999 -9999 -9999 -9999 -9999 -9999 -9999 -9999 1.36240473389626 0.684056997299194 0.766893714666367 0.767801284790039 0.720028504729271 0.715337231755257 0.684954017400742 0.686175003647804 0.793015480041504 0.785312980413437 0.613725766539574 0.716721743345261 1.00569453835487 3.24490356445312 3.12824785709381 3.6609091758728 1.4970229268074 3.5532363653183 1.26100954413414 1.16440951824188 0.989737540483475 0.657708004117012 0.691978499293327 0.72460350394249 0.707423239946365 0.724430993199348 0.740278512239456 0.791021972894669 0.869805380702019 1.36108124256134 1.54546201229095 1.65613009035587 1.7375636100769 2.13327974081039 2.1823890209198 2.05420580506325 1.70489510893822 2.00753833418307 -9999 -9999 -9999 -9999 -9999 -9999 -9999 -9999 -9999 -9999
-9999 -9999 -9999 -9999 -9999 -9999 -9999 -9999 -9999 -9999 -9999 3.52007891024862 2.33865622580051 7.46525441408157 0.807782292366028 0.55121773481369 0.597049489617348 0.63170550763607 0.76927649974823 0.763094991445541 0.752096235752106 0.7671277821064 0.728088766336441 8.90966963768005 5.35351985692978 3.10736954212189 2.02744120359421 1.62447752058506 2.0203492641449 1.5019810795784 1.52536122500896 4.24368122220039 0.672704994678497 0.504625484347343 0.60206101834774 0.631760269403458 0.706837490200996 0.69488999247551 0.682402521371841 0.691699504852295 0.72485026717186 0.8287263661623 0.844303116202354 1.00664323568344 1.51946434378624 1.61889454722404 1.66602221131325 1.83580720424652 2.00392913818359 2.13448443015416 1.66513431072235 -9999 -9999 -9999 -9999 -9999 8.12821962999743 16.388922482729 10.8880674540997 20.3097641170025 24.9203819887979 -9999
-9999 -9999 -9999 -9999 -9999 -9999 -9999 -9999 -9999 1.95453122045313 1.47948617619627 17.6436558902264 0.679147481918335 0.7851622402668 0.772634983062744 0.730952247977257 0.703704759478569 0.634376227855682 0.770864993333817 5.63021117448807 5.20233133435249 0.52045950293541 0.478340998291969 0.381577491760254 5.81464397907257 2.56255915760994 1.57425820827484 2.49115419387817 3.26257574558258 2.96015918254852 2.23815608024597 2.31132227182388 0.777336716651917 0.623162269592285 0.553355991840363 0.58162048459053 0.627134263515472 0.642855003476143 0.633881986141205 0.660086989402771 0.68674573302269 0.852813720703125 0.865708149969578 0.942209601402283 1.11656928062439 1.56332959234715 1.61878354847431 1.56407779455185 1.58943638205528 1.93190994858742 2.11147803068161 2.10977920889854 2.44244971871376 2.49149942398071 3.64308222739593 1.75418400764465 1.67193675041199 3.61601820588112 2.69882842898369 3.13240528106689 2.70666074752808 -9999
-9999 -9999 -9999 -9999 -9999 1.41044818907976 8.53235224882762 8.99171133339405 5.25560999910037 7.89529009660085 4.22475971281528 0.536958754062653 0.647481769323349 0.774271488189697 0.758755534887314 0.710565760731697 0.764003276824951 0.867413252592087 0.806325763463974 0.522947251796722 4.47821733355522 0.47121973335743 0.462353244423866 6.27952525019646 2.46796345710754 1.15637773275375 1.88530576229095 2.5731908082962 3.28424191474915 2.30217307806015 1.8596550822258 1.77630972862244 1.17324221134186 0.566972270607948 0.577031269669533 0.609473258256912 0.574700251221657 0.564307495951653 0.541999518871307 0.619981482625008 0.673412248492241 0.828535862267017 0.864065654575825 0.994280621409416 1.16232486069202 1.41491773724556 1.4806567132473 0.942357033491135 1.48272107541561 1.59627789258957 1.72924348711967 1.77650249004364 1.46166452765465 1.6708470582962 1.55764496326447 1.54286241531372 1.58540993928909 1.74305695295334 1.75379848480225 1.9648904800415 2.11712408065796 2.47176218032837
-9999 -9999 -9999 -9999 -9999 2.24881008267403 2.81951399892569 3.87254881113768 4.80906927585602 0.475360482931137 0.578530490398407 0.560845479369164 0.515201255679131 0.542157769203186 0.729789733886719 0.714134261012077 0.810895532369614 0.894857257604599 0.875342220067978 0.642776235938072 5.66098907589912 4.18751290440559 0.687289506196976 0.663873016834259 4.1075601875782 2.52910351753235 2.36157006025314 3.32973289489746 7.22814148664474 7.8007797896862 1.21055254340172 1.39243197441101 1.48680147528648 0.662304729223251 0.567721500992775 0.54525750875473 0.518234252929688 0.529563009738922 0.590220004320145 0.603071227669716 0.995101869106293 1.0047839730978 0.971746131777763 0.996224239468575 1.03131526708603 1.31517487764359 0.952519476413727 1.35781837999821 1.36210387945175 1.31603702902794 1.38529877364635 1.38633227348328 1.37017723917961 1.23293772339821 1.32197177410126 1.46429327130318 1.53824329376221 1.78214317560196 1.68529951572418 1.79089647531509 1.92565727233887 2.15897476673126
-9999 -9999 -9999 -9999 -9999 0.95144659280777 0.336583502590656 0.949504494667053 0.533604741096497 0.66501148045063 0.747989237308502 0.794164538383484 0.571950003504753 0.513821259140968 0.518631756305695 0.61132724583149 0.684141755104065 0.647357270121574 0.542787730693817 0.514594495296478 0.536609262228012 0.34324648976326 0.430853247642517 3.35918810963631 3.65031677484512 2.40661883354187 2.46540141105652 4.94185727834702 5.80833461880684 5.48212704062462 0.633002981543541 0.827911466360092 0.839090287685394 0.636502504348755 0.529531493782997 0.517666518688202 0.50246174633503 0.509513989090919 0.526412263512611 0.549575999379158 1.06907026469707 1.05586159229279 1.16779688000679 1.05890321731567 1.22053353488445 1.8278815895319 1.8833801150322 1.36563223600388 1.27452675998211 1.22151542454958 1.24043639749289 1.06145247817039 0.918798744678497 1.22186172008514 1.12386828660965 1.26085272431374 1.34601527452469 1.84091779589653 1.38308098912239 1.53815692663193 1.73138469457626 1.89243292808533
-9999 -9999 -9999 -9999 -9999 0.464318990707397 0.611717998981476 0.592019230127335 0.531689241528511 0.53344202041626 0.581166744232178 0.698075249791145 0.728307768702507 0.529483482241631 0.490670263767242 0.60138675570488 0.515858262777328 0.410627245903015 0.369439490139484 0.372324742376804 0.37354800850153 0.45619198679924 0.627893999218941 0.78158774971962 0.766343235969543 0.554364010691643 0.59322752058506 3.59238930791616 0.845912218093872 0.684945747256279 0.486700505018234 0.55008901655674 0.572878494858742 0.557762235403061 0.558049499988556 0.516970485448837 0.506909251213074 0.520505994558334 0.508779734373093 1.2277185022831 1.45365826785564 0.48396147787571 1.47816114127636 1.84208366274834 2.66291637718678 3.17254717648029 2.8019627854228 1.70045694708824 1.33712098002434 1.30056676268578 1.3411248922348 1.04806986451149 0.814839720726013 0.86292976140976 0.964445292949677 1.02206325531006 1.12703776359558 1.6247793585062 1.77097651362419 1.51107519865036 1.75364631414413 2.05987572669983
-9999 -9999 -9999 -9999 -9999 0.533929511904716 0.520619988441467 0.560737520456314 0.459672018885612 0.49736550450325 0.576806992292404 0.590877771377563 0.544311761856079 0.472945511341095 0.468447759747505 0.43147873878479 0.359097003936768 0.378015741705894 0.338174253702164 0.29882325232029 0.295794747769833 2.14569789916277 0.48039673268795 0.519201770424843 0.476503506302834 0.510623261332512 0.506516978144646 0.520426511764526 0.513225764036179 0.519242987036705 0.534915760159492 0.534322500228882 0.506217733025551 0.494517758488655 0.474593237042427 0.491205006837845 0.491460755467415 0.510902255773544 0.515480250120163 1.59236472845078 0.489666000008583 3.07244208455086 2.85009934008121 3.09373690187931 0.681012019515038 3.82976961135864 3.11812649667263 2.76836098730564 1.57187435030937 1.68526129424572 1.63285236060619 1.28465589880943 0.807733476161957 0.864324778318405 0.898942530155182 0.986496716737747 1.23502653837204 1.58943754434586 1.41357073187828 1.37146121263504 1.83539468050003 2.04175955057144
