EcologicalScience/Bass/data/rs_data_bass/chl_452.asc
NCOLS 226 
NROWS 124 
XLLCORNER -9.41648524995501 
YLLCORNER 47.587301625531 
CELLSIZE 0.0833 
NODATA_value -9999 
[rows 0 to 26 of 124, columns 62 to 123 of 226]
-9999 -9999 -9999 -9999 -9999 -9999 -9999 -9999 -9999 -9999 -9999 -9999 -9999 -9999 -9999 -9999 -9999 -9999 -9999 -9999 -9999 -9999 -9999 -9999 -9999 -9999 -9999 -9999 -9999 -9999 -9999 -9999 -9999 -9999 -9999 -9999 -9999 -9999 -9999 -9999 -9999 -9999 -9999 -9999 -9999 -9999 -9999 -9999 -9999 -9999 -9999 -9999 -9999 -9999 -9999 -9999 -9999 -9999 -9999 -9999 -9999 -9999
-9999 -9999 -9999 -9999 -9999 -9999 -9999 -9999 -9999 -9999 -9999 -9999 -9999 -9999 -9999 -9999 -9999 -9999 -9999 -9999 -9999 -9999 -9999 -9999 -9999 -9999 -9999 -9999 -9999 -9999 -9999 -9999 -9999 -9999 -9999 -9999 -9999 -9999 -9999 -9999 -9999 -9999 -9999 -9999 -9999 -9999 -9999 -9999 -9999 -9999 -9999 -9999 -9999 -9999 -9999 -9999 -9999 -9999 -9999 -9999 -9999 -9999
-9999 -9999 -9999 -9999 -9999 -9999 -9999 -9999 -9999 -9999 -9999 -9999 -9999 -9999 -9999 -9999 -9999 -9999 -9999 -9999 -9999 -9999 -9999 -9999 -9999 -9999 -9999 -9999 -9999 -9999 -9999 -9999 -9999 -9999 -9999 -9999 -9999 -9999 -9999 -9999 -9999 -9999 -9999 -9999 -9999 -9999 -9999 -9999 -9999 -9999 -9999 -9999 -9999 -9999 -9999 -9999 -9999 -9999 -9999 -9999 -9999 -9999
-9999 -9999 -9999 -9999 -9999 -9999 -9999 -9999 -9999 -9999 -9999 -9999 -9999 -9999 -9999 -9999 -9999 -9999 -9999 -9999 -9999 -9999 -9999 -9999 -9999 -9999 -9999 -9999 -9999 -9999 -9999 -9999 -9999 -9999 -9999 -9999 -9999 -9999 -9999 -9999 -9999 -9999 -9999 -9999 -9999 -9999 -9999 -9999 -9999 -9999 -9999 -9999 -9999 -9999 -9999 -9999 -9999 -9999 -9999 -9999 -9999 -9999
-9999 -9999 -9999 -9999 -9999 -9999 -9999 -9999 -9999 -9999 -9999 -9999 -9999 -9999 -9999 -9999 -9999 -9999 -9999 -9999 -9999 -9999 -9999 -9999 -9999 -9999 -9999 -9999 -9999 -9999 -9999 -9999 -9999 -9999 -9999 -9999 -9999 -9999 -9999 -9999 -9999 -9999 -9999 -9999 -9999 -9999 -9999 -9999 -9999 -9999 -9999 -9999 -9999 -9999 -9999 -9999 -9999 -9999 -9999 -9999 -9999 -9999
-9999 -9999 -9999 -9999 -9999 -9999 -9999 -9999 -9999 -9999 -9999 -9999 -9999 -9999 -9999 -9999 -9999 -9999 -9999 -9999 -9999 -9999 -9999 -9999 -9999 -9999 -9999 -9999 0.63735419511795 1.46709222036557 0.838323880644406 0.706092446165926 0.717767118531115 0.652973994612694 0.644076765460126 0.614047150401508 0.603942885118372 0.612866889027988 0.624964416903608 0.602744000799516 0.61082965398536 0.610484085538808 0.553434049381929 0.500397520906785 0.617446968660635 0.518389274092282 0.512290768325329 0.494549626484513 0.48463648930192 0.501556238159537 0.56373542547226 0.556838052347302 0.502734292298555 0.501736672595143 0.501335778657128 0.48806560214828 0.488354817909353 0.475782752037048 0.642633240012562 0.619328911690151 0.560995859258315 0.560043746057679
-9999 -9999 -9999 -9999 -9999 -9999 -9999 -9999 -9999 -9999 -9999 -9999 -9999 -9999 -9999 -9999 -9999 -9999 -9999 -9999 -9999 -9999 -9999 -9999 -9999 -9999 1.18186515569687 1.0627324283123 1.28528966009617 0.852085396647453 0.893156847533058 0.8624027178568 0.696883220882977 0.625961659585728 0.593111144269214 0.56805431842804 0.608423741424785 0.594773353899226 0.600279405713081 0.624088507364778 0.645919755977743 0.62270872119595 0.577662793152472 0.554585763636757 0.611608534267074 0.531884117161526 0.507007438470336 0.522358495742083 0.518955560401082 0.522720381617546 0.524530224502087 0.530692487955093 0.519290713593364 0.524902845130247 0.522453859448433 0.503146698698401 0.498597862198949 0.562405698001385 0.567176889628172 0.565271345131537 0.579825708094765 0.538525224608533
-9999 -9999 -9999 -9999 -9999 -9999 -9999 -9999 -9999 -9999 -9999 -9999 -9999 -9999 -9999 -9999 -9999 -9999 -9999 -9999 -9999 -9999 -9999 -9999 -9999 -9999 1.18186515569687 2.57275413525732 0.866329461336136 0.696645006537437 0.58813351392746 0.514002747833729 0.554109661018147 0.201307497918606 0.648681392564493 0.467573564718751 0.498156595756026 0.507178402998868 0.495369436109767 0.513647591366487 0.522454061928917 0.704117341076626 0.508481938172789 0.512209569706636 0.486103789771304 0.452904805541039 0.496970554485041 0.523333774879575 0.557093806564808 0.558329612016678 0.618389546871185 0.510452326387167 0.534255942329764 0.586712518706918 0.52567463926971 0.473829388618469 0.515815213322639 0.508970534428954 0.517700716853142 0.432438291171018 0.400422108523986 0.473152086138725
-9999 -9999 -9999 -9999 -9999 -9999 -9999 -9999 -9999 -9999 -9999 -9999 -9999 -9999 -9999 -9999 -9999 -9999 -9999 -9999 -9999 -9999 -9999 -9999 -9999 -9999 2.25579595107299 2.09901535824726 0.568375512957573 0.650151014328003 0.581925004720688 0.583505138754845 0.641453186378759 0.688899760967807 0.693127103542027 0.446751173804788 0.458713215940139 0.431471959632986 0.413871361928828 0.409588180482388 0.41494606391472 0.42494934797287 0.452752771622994 0.465906624408329 0.453174867174205 0.483911491492215 0.557005574305852 0.642666010295644 0.509535828057457 0.560150451958179 0.368812652010667 0.335977006703615 0.366419684361009 0.673141764476895 0.465641437098384 0.441384639590979 0.502184640616179 0.567860824987292 0.525381937623024 0.509472079575062 0.527242491021752 0.506172911209219
-9999 -9999 -9999 -9999 -9999 -9999 -9999 -9999 -9999 -9999 -9999 -9999 -9999 -9999 -9999 -9999 -9999 -9999 -9999 -9999 -9999 -9999 -9999 -9999 -9999 1.19121462106705 1.77335189204467 1.03038387000561 0.715587878928465 0.633818238973618 0.619790241122246 0.567722260951996 0.591039747876279 0.557502642273903 0.535266929689576 0.360560614615679 0.438526496291161 0.468012413557838 0.475060412112404 0.4508176445961 0.425036865560448 0.466358999995624 0.453626911429798 0.4275902141543 0.442921489477158 0.426130883395672 0.253007692010964 0.357732743024826 0.371750593185425 0.919700118899345 0.923299486699857 0.910894039430116 0.274556256830692 0.409011751413345 0.479740485548973 0.376574233174324 0.31861424446106 0.345209240913391 0.552332427352667 0.564752340316772 0.546666449483703 0.538185462355614
-9999 -9999 -9999 -9999 -9999 -9999 -9999 -9999 -9999 -9999 -9999 -9999 -9999 -9999 -9999 -9999 -9999 -9999 -9999 -9999 -9999 -9999 -9999 -9999 -9999 1.42527858416239 1.24088076750437 1.07594246022842 0.661501882597804 0.667583148926497 0.632349740713835 0.592287069734405 0.60212950145497 0.485362604260445 0.545993362279499 0.522367250393419 0.528064330711084 0.505599155145533 0.498823408694828 0.495842296411009 0.544768631458282 0.413569051991491 0.431409134146045 0.421238985131769 0.394599394324948 0.538107767701149 0.506093993782997 1.14788882355941 1.15142128765583 1.13902040061198 0.389909253400915 0.401375202571644 0.427328988033183 0.451026157421224 0.288416996598244 0.300584256649017 0.27386999130249 0.268008001148701 0.273594751954079 0.252051003277302 0.248018257319927 0.219692252576351
-9999 -9999 -9999 -9999 -9999 -9999 -9999 -9999 -9999 -9999 -9999 -9999 -9999 -9999 -9999 -9999 -9999 -9999 -9999 -9999 -9999 -9999 -9999 -9999 1.31647038459778 1.41516655683517 1.18842201431592 1.04027449091276 0.879419335547615 0.850006468155805 0.635631669312716 0.59127888455987 0.568961061537266 0.568374110385776 0.57289977108731 0.522903755307198 0.530475005507469 0.547916248440742 0.54620848596096 0.536013767123222 0.484940260648727 0.475127980113029 0.49855235043694 0.434333245543873 0.423928783220403 0.493650019168854 0.528637513518333 0.51332925260067 0.403796745573773 0.425711989402771 0.476859204032842 0.467818263699027 0.456913206507178 0.469870879369624 0.493914866272141 0.540602695416002 0.541945680099375 0.536474699483198 0.56225803056184 0.61648772098124 0.638541106134653 0.679724916815758
-9999 -9999 -9999 -9999 -9999 -9999 -9999 -9999 -9999 -9999 -9999 -9999 -9999 -9999 -9999 -9999 -9999 -9999 -9999 -9999 -9999 -9999 -9999 1.50594073534012 1.51260441541672 1.34885452191035 1.14450572927793 1.14835406343142 1.03353547056516 0.735489841550589 0.636066198348999 0.705767456442118 0.67390201985836 0.668651238083839 0.67519274353981 0.579926267266273 0.567679479718208 0.565401747822762 0.573425263166428 0.558727517724037 0.5599485039711 0.560660988092422 0.570052519440651 0.549960002303123 0.568277254700661 0.573437243700027 0.55962672829628 0.532233729958534 0.525992229580879 0.477491989731789 0.501972019672394 0.484173730015755 0.408652514219284 0.527431519702077 0.289953008294106 0.528639774988679 0.552867721985368 0.572534278035164 0.595354073187884 0.615115929175826 0.726066738367081 0.682146856561303
-9999 -9999 -9999 -9999 -9999 -9999 -9999 -9999 -9999 -9999 -9999 -9999 -9999 -9999 -9999 -9999 -9999 -9999 -9999 -9999 -9999 -9999 3.83419808000326 2.38400477170944 1.2626947760582 0.843759745359421 0.769629746675491 0.764399260282516 0.765847474336624 0.732704982161522 0.709813490509987 0.68572273850441 0.692371487617493 0.693905979394913 0.689556017518044 0.57745948433876 0.589834481477737 0.596229761838913 0.569420993328094 0.571121245622635 0.566052004694939 0.580757260322571 0.596595749258995 0.597922503948212 0.581603229045868 0.549321010708809 0.562509745359421 0.572001770138741 0.55697625875473 0.527867987751961 0.469825521111488 0.432761996984482 0.39868725836277 0.373322255909443 0.381915003061295 0.377183228731155 0.355286993086338 0.348649509251118 0.404578506946564 0.356096997857094 0.33432899415493 0.357187494635582
-9999 -9999 -9999 -9999 -9999 -9999 -9999 -9999 -9999 -9999 -9999 -9999 -9999 -9999 -9999 -9999 -9999 -9999 -9999 -9999 2.64602583646774 2.20918531500719 2.61059544366949 2.73867887609145 2.1337066748563 0.89637154340744 0.846746206283569 0.951485171914101 0.755942970514297 0.732828006148338 0.731249257922173 0.713801980018616 0.697960495948792 0.677108243107796 0.644586011767387 0.603319510817528 0.579885765910149 0.611483260989189 0.605232730507851 0.569069981575012 0.578875511884689 0.588014245033264 0.590396985411644 0.56887498497963 0.555197238922119 0.552927732467651 0.548753991723061 0.532042488455772 0.525285020470619 0.526730999350548 0.538368746638298 0.506237983703613 0.474280491471291 0.459223508834839 0.455139756202698 0.469799235463142 0.447305247187614 0.429149240255356 0.419647514820099 0.412624508142471 0.380435228347778 0.383476495742798
-9999 -9999 -9999 -9999 -9999 -9999 -9999 -9999 -9999 -9999 -9999 -9999 -9999 -9999 -9999 -9999 -9999 -9999 -9999 -9999 2.37390799612269 2.05668490583246 2.39921000003815 2.30179623295279 4.71432872730143 2.22490710370681 0.963504876941442 1.02277723699808 1.02736884355545 0.924038082361221 0.690249770879745 0.733388230204582 0.734377518296242 0.729138761758804 0.709385231137276 0.672707989811897 0.699737995862961 0.643418982625008 0.611693233251572 0.569531992077827 0.566046729683876 0.602080509066582 0.60614325106144 0.595671012997627 0.585907503962517 0.572048261761665 0.559008747339249 0.556510493159294 0.51324646700831 0.498961508274078 0.514741480350494 0.538437008857727 0.529762521386147 0.482645228505135 0.448873490095139 0.450612008571625 0.408331498503685 0.361851006746292 0.361887753009796 0.355276510119438 0.323045991361141 0.721470439258744
-9999 -9999 -9999 -9999 -9999 -9999 -9999 -9999 -9999 -9999 -9999 -9999 -9999 -9999 -9999 -9999 -9999 -9999 -9999 3.1443872153759 2.19369054436684 1.74905316938053 0.927194918195407 1.38830949962139 1.18141368031502 1.09025539954503 1.0535775642646 1.00821283087134 0.935884796082973 0.751499265432358 0.718229994177818 0.75943797826767 0.751068770885468 0.741553500294685 0.719325765967369 0.745714500546455 0.692235007882118 0.679565235972404 0.647946730256081 0.596497491002083 0.578284487128258 0.623589931055903 0.608636051416397 0.616018518805504 0.514742240309715 0.52956448495388 0.550648480653763 0.553523272275925 0.6213274654001 0.599858343601227 0.621559486669653 0.682436322464662 0.714561087243697 0.665248266914312 0.692211667404455 0.697530180215836 0.725433247930863 0.700653702020645 0.7768354538609 0.769990409121794 0.741659697364358 0.742621968774235
-9999 -9999 -9999 -9999 -9999 -9999 -9999 -9999 -9999 -9999 -9999 -9999 -9999 -9999 -9999 -9999 -9999 -9999 2.03728489081065 1.63990567361607 2.05965220928192 1.31312173604965 1.15885046124458 1.07096028327942 0.987005978822708 0.898948520421982 1.15961825847626 0.867815706878901 0.797092527151108 0.74100150167942 0.754927486181259 0.752811044454575 0.797631740570068 0.804658502340317 0.820551753044128 0.807800978422165 0.769410789012909 0.695128485560417 0.631457269191742 0.606803253293037 0.609582737088203 0.726976320147514 0.707946008071303 0.68097498267889 0.740956859663129 0.690237388014793 0.557548508048058 0.564170256257057 0.532757252454758 0.499010995030403 0.440744251012802 0.816038678674137 0.781626231530133 0.76430088632247 0.778589949888342 0.746089833624223 0.775889275705113 0.745277097996543 0.753821979550754 0.659783334416502 0.685343032374102 0.298088997602463
-9999 -9999 -9999 -9999 -9999 -9999 -9999 -9999 -9999 -9999 -9999 -9999 -9999 -9999 -9999 -9999 -9999 35.3017393908923 2.29382514953613 1.95663495361805 1.90513772123 1.37050652503967 1.2573284804821 1.13082745671272 0.988040238618851 0.904837489128113 0.803141266107559 1.46496877074242 0.758883576840162 0.781161362305284 0.844668745994568 0.834553509950638 0.820370256900787 0.833600252866745 0.812468290328979 0.810056269168854 0.796600520610809 0.703045517206192 0.63171748816967 0.597681015729904 0.563545480370522 0.527992486953735 0.550284013152122 0.69268612191081 0.697166645899415 0.743078084662557 0.557100757956505 0.564128234982491 0.552181497216225 0.529778257012367 0.468135014176369 0.413192242383957 0.399918749928474 0.870678171515465 0.402409493923187 0.81917392462492 0.742223545032389 0.757386724738514 0.817375302314758 0.745040400939829 0.741717380635879 0.709873306400636
-9999 -9999 -9999 -9999 -9999 -9999 -9999 -9999 -9999 -9999 -9999 -9999 -9999 -9999 -9999 -9999 -9999 -9999 -9999 2.09620777243062 1.72852858901024 2.22055953741074 1.39495646953583 1.11906597018242 1.31712527945638 1.14487487822771 1.41331917047501 0.961834598332644 1.55789693196615 1.89719472328822 0.933280896395445 0.92132793366909 0.820549003779888 0.883458763360977 0.82843878865242 0.815696239471436 0.776357263326645 0.694244250655174 0.675012767314911 0.581548511981964 0.569356486201286 0.533846229314804 0.544576495885849 0.740561608225107 0.728160459548235 0.734231164678931 0.740201611071825 0.497336983680725 0.531848251819611 0.551387250423431 0.506250768899918 0.489558756351471 0.48768675327301 0.500747233629227 0.493832990527153 0.48472273349762 0.433266744017601 0.805580589920282 0.768570207059383 0.75693273358047 0.748073894530535 0.718261610716581
-9999 -9999 -9999 -9999 -9999 -9999 -9999 -9999 -9999 -9999 -9999 -9999 -9999 -9999 -9999 4.10202566060153 5.09136229211634 31.7570087977818 4.61613462652479 3.05442393422127 2.10815846569398 1.22645624354482 1.20146059244871 1.12117970734835 0.797851502895355 0.867347985506058 0.951921790838242 0.904346287250519 0.939252734184265 0.828022710978985 0.78661779128015 0.841052234172821 0.834622532129288 0.84720379114151 0.778018534183502 0.741514518857002 0.722908481955528 0.703766271471977 0.755400555208325 0.758773125708103 0.530703753232956 0.417637512087822 0.557900995016098 0.571974769234657 0.725924732163548 0.548835754394531 0.568296745419502 0.556643262505531 0.5728709846735 0.55094102025032 0.542498230934143 0.524525240063667 0.52299901843071 0.517632767558098 0.500383481383324 0.760408490896225 0.869266659021378 0.84190209209919 0.798860371112823 0.524577006697655 0.817349184304476 0.759332081303
-9999 -9999 -9999 -9999 -9999 -9999 -9999 -9999 -9999 -9999 35.2986888885498 35.2986888885498 13.7248649597168 13.6092614876597 9.75925822556019 2.3838017821312 1.51871063187718 2.88111839443445 3.19509545962016 3.20627335707347 1.67903864033082 1.16461202502251 1.1306009888649 0.959033221006393 0.878646790981293 0.93256875872612 0.99542623758316 0.968750238418579 0.997572004795074 0.708635240793228 0.697990491986275 0.712415233254433 0.479321256279945 0.773640006780624 0.668371483683586 0.627434268593788 0.588393017649651 0.565551728010178 0.351120002567768 0.496262267231941 0.517370983958244 0.804816283285618 0.51272477209568 0.571614012122154 0.552233263850212 0.595243513584137 0.571296751499176 0.537493497133255 0.505457997322083 0.51580573618412 0.525876760482788 0.540423005819321 0.834438119083643 0.532986760139465 0.968821529299021 0.766861025243998 0.575073748826981 0.569975987076759 0.556809738278389 0.573224231600761 0.827805563807487 1.00592715293169
-9999 -9999 -9999 -9999 -9999 -9999 -9999 -9999 -9999 -9999 35.2986888885498 9.8799869902432 8.54253419240316 6.8619215687116 6.9321268306059 3.57665510972341 3.39438310861587 15.2973876630559 4.63420649232536 1.96625048549552 5.96926784515381 2.40240074694157 1.07585102319717 0.925796985626221 1.04707351326942 0.797312730923295 0.919579546898603 0.990198545157909 0.935452200472355 0.831313278526068 0.695933992043138 0.633608987554908 0.681091686710715 0.727580431848764 0.766093382611871 0.783553501591086 0.753146152943373 0.476671501994133 0.561141729354858 0.524569496512413 0.510299250483513 0.497566491365433 0.396978735923767 0.510974228382111 0.526388257741928 0.538377016782761 0.526853263378143 0.543931514024734 0.540450006723404 0.549901485443115 0.555057004094124 0.542055755853653 0.541746005415916 0.556442230939865 0.554123237729073 0.574133992195129 0.578715741634369 0.566085755825043 0.583148986101151 0.600976511836052 0.573318019509315 0.595854744315147
-9999 -9999 -9999 -9999 -9999 -9999 -9999 -9999 -9999 -9999 -9999 -9999 -9999 4.01125604765756 7.45334761282977 5.5499177724123 -9999 -9999 -9999 -9999 -9999 -9999 3.36826289327521 3.0636190105887 2.09374666213989 1.75300184637308 1.24360785260797 1.10766026750207 1.03579043224454 0.956703275442123 0.741822073236108 0.707336727529764 0.68777728267014 0.694737453013659 0.721211722120643 0.746419038623571 0.767781648784876 0.800399869680405 0.399741768836975 0.405299261212349 0.354359999299049 0.682567974552512 0.692763470113277 0.724877715110779 0.6988021787256 0.731868764385581 0.781374625861645 0.514041021466255 0.523460268974304 0.526034250855446 0.55510202050209 0.528730496764183 0.528319492936134 0.570632234215736 0.583155021071434 0.603623986244202 0.619896769523621 0.628169998526573 0.594978019595146 0.579737260937691 0.599022746086121 0.647855266928673
-9999 -9999 -9999 -9999 -9999 -9999 -9999 -9999 -9999 -9999 -9999 -9999 -9999 16.6274771690369 16.6274771690369 16.6274771690369 -9999 -9999 -9999 -9999 -9999 -9999 4.94490551948547 4.94490551948547 4.94490551948547 0.308659605681896 2.03571860279356 1.5910971269888 1.18027180060744 0.985773582011461 0.765743734315038 0.745252495631576 0.729052511975169 0.744382420554757 0.698439549654722 0.753511575981975 0.800981227308512 0.829237584024668 0.836207415908575 0.761852832511067 0.757328057661653 0.777710538357496 0.80190160498023 0.420603007078171 0.471563994884491 0.478666484355927 0.473726257681847 0.45676651597023 0.555753752589226 0.549270763993263 0.588435754179955 0.59138323366642 0.601176738739014 0.6158167719841 0.620222255587578 0.627063006162643 0.614853009581566 0.603747770190239 0.624438732862473 0.613806769251823 0.624183744192123 0.57703498005867
-9999 -9999 -9999 -9999 -9999 -9999 -9999 -9999 -9999 -9999 -9999 -9999 -9999 -9999 -9999 -9999 -9999 -9999 -9999 -9999 -9999 -9999 -9999 -9999 -9999 -9999 1.73618220857212 1.87375917855431 1.87952802111121 1.22141052782536 0.975900281220675 0.827746851369739 0.990559458732605 0.557045236229897 0.716205105185509 0.742072954773903 0.803012078627944 0.809613134711981 0.805745802819729 0.397050753235817 0.425199016928673 0.469091266393661 0.526278734207153 0.526541233062744 0.57294599711895 0.594629243016243 0.54755325615406 0.667569771409035 0.668995499610901 0.65012700855732 0.635252997279167 0.640250980854034 0.683099985122681 0.649754986166954 0.683802008628845 0.671676009893417 0.6173415184021 0.620471253991127 0.63188248872757 0.630200251936913 0.557124763727188 0.534330010414124
-9999 -9999 -9999 -9999 -9999 -9999 -9999 -9999 -9999 -9999 -9999 -9999 -9999 -9999 -9999 -9999 -9999 -9999 -9999 -9999 -9999 -9999 -9999 -9999 -9999 -9999 -9999 5.46490972280502 2.39697622401374 1.94110927730799 1.52841375768185 1.24644096940756 0.766443729400635 1.06186875700951 1.172847032547 0.661043241620064 0.790147142484784 0.84209056198597 0.808602131903172 0.530188500881195 0.557779490947723 0.549533262848854 0.558114767074585 0.602591246366501 0.605706766247749 0.633616492152214 0.696940496563911 0.698294252157211 0.708051770925522 0.669194251298904 0.670729503035545 0.714876741170883 0.723863258957863 0.711701989173889 0.710974484682083 0.639307513833046 0.615998268127441 0.565526247024536 0.546818241477013 0.557796746492386 0.559897497296333 0.560743510723114
