EcologicalScience/Bass/data/rs_data_bass/chl_453.asc
NCOLS 226 
NROWS 124 
XLLCORNER -9.41648524995501 
YLLCORNER 47.587301625531 
CELLSIZE 0.0833 
NODATA_value -9999 
[rows 81 to 107 of 124, columns 62 to 123 of 226]
3.85158455371857 5.97498106956482 7.6620512008667 7.66205191612244 -9999 -9999 -9999 -9999 -9999 -9999 -9999 -9999 -9999 -9999 -9999 -9999 -9999 -9999 -9999 -9999 -9999 -9999 -9999 -9999 -9999 -9999 -9999 -9999 -9999 -9999 -9999 -9999 -9999 -9999 -9999 -9999 -9999 -9999 -9999 -9999 -9999 -9999 -9999 -9999 -9999 -9999 -9999 -9999 -9999 -9999 -9999 -9999 -9999 -9999 -9999 -9999 -9999 -9999 -9999 -9999 -9999 -9999
3.31128669595255 -9999 -9999 -9999 -9999 -9999 -9999 -9999 -9999 -9999 -9999 -9999 -9999 -9999 -9999 -9999 -9999 -9999 -9999 -9999 -9999 -9999 -9999 -9999 -9999 -9999 -9999 -9999 -9999 -9999 -9999 -9999 -9999 -9999 -9999 -9999 -9999 -9999 -9999 -9999 -9999 -9999 -9999 -9999 -9999 -9999 -9999 -9999 -9999 -9999 -9999 -9999 -9999 -9999 -9999 -9999 -9999 -9999 -9999 -9999 -9999 -9999
-9999 -9999 -9999 -9999 -9999 -9999 -9999 -9999 -9999 -9999 -9999 -9999 -9999 -9999 -9999 -9999 -9999 -9999 -9999 -9999 -9999 -9999 -9999 -9999 -9999 -9999 -9999 -9999 -9999 -9999 -9999 -9999 -9999 -9999 -9999 -9999 -9999 -9999 -9999 -9999 -9999 -9999 -9999 -9999 -9999 -9999 -9999 -9999 -9999 -9999 -9999 -9999 -9999 -9999 -9999 -9999 -9999 -9999 -9999 -9999 -9999 -9999
-9999 -9999 -9999 -9999 -9999 -9999 -9999 -9999 -9999 -9999 -9999 -9999 -9999 -9999 -9999 -9999 -9999 -9999 -9999 -9999 -9999 -9999 -9999 -9999 -9999 -9999 -9999 -9999 -9999 -9999 -9999 -9999 -9999 -9999 -9999 -9999 -9999 -9999 -9999 -9999 -9999 -9999 -9999 -9999 -9999 -9999 -9999 -9999 -9999 -9999 -9999 -9999 -9999 -9999 -9999 -9999 -9999 4.38451751640865 3.11062717437744 3.43717503547668 3.22890830039978 2.51135408878326
-9999 -9999 -9999 -9999 -9999 -9999 -9999 -9999 -9999 -9999 -9999 -9999 -9999 -9999 -9999 -9999 -9999 -9999 -9999 -9999 -9999 -9999 -9999 -9999 -9999 -9999 -9999 -9999 -9999 -9999 -9999 -9999 -9999 -9999 -9999 -9999 37.1749906539917 -9999 2.71106948554516 3.75375381268953 -9999 -9999 3.29320192337036 3.58822755813599 2.02234074648689 3.8891773223877 3.69736790657043 3.23022150993347 5.06160664558411 3.04332232475281 1.9470244422555 3.09947026491165 -9999 -9999 -9999 3.09754729270935 3.13595402240753 2.98570722341537 2.70848017930984 2.59296977519989 1.70490592718124 1.46027925610542
-9999 -9999 -9999 -9999 -9999 -9999 -9999 -9999 -9999 -9999 -9999 -9999 3.00090157985687 5.26114710365854 1.75109297037125 1.81611036795836 1.86716038840158 2.67313620022365 1.12509450316429 -9999 -9999 -9999 -9999 -9999 -9999 -9999 -9999 -9999 2.07460627555847 2.3872218642916 2.37140657901764 2.67616943518321 -9999 3.66949796676636 -9999 -9999 -9999 3.17120654694736 4.11151421070099 3.58868837356567 4.15209317207336 4.73473262786865 3.56986427307129 2.94458466768265 2.86715394258499 2.74707823991776 2.60744029283524 3.28168201446533 3.09454357624054 2.77932608127594 2.87396997213364 2.90459704399109 2.95385473966599 3.03598344326019 2.9396408200264 2.9293087720871 2.81960999965668 2.13671100139618 1.7578791975975 1.40208229422569 0.833417938305781 0.873476344805497
-9999 -9999 -9999 -9999 -9999 -9999 -9999 -9999 -9999 -9999 2.15985168110241 1.88960495218635 2.30558441366468 2.43894103595189 2.29292187782434 2.02655292474307 2.01193795885359 3.2376138155277 2.79949234540646 1.79012555735452 1.65378527177705 -9999 1.23207771778107 2.19318652153015 1.9885521116464 -9999 -9999 1.93889574408531 2.44034332036972 2.41904550790787 2.37802720069885 2.27022832632065 2.47425681352615 2.91363306228931 -9999 -9999 3.0417939838098 2.53886363723061 4.40678858757019 4.51416599750519 3.20670819282532 3.21544647216797 2.91723382472992 2.33765333890915 2.12029945850372 2.07164096832275 2.05799031257629 2.0785830616951 2.04477524757385 2.0412592291832 1.9318710565567 1.8989714384079 1.96675354242325 2.05689597129822 2.02823477983475 1.88131427764893 1.64941048622131 1.26609975099564 1.13261622190475 0.776888513565063 0.755207747220993 0.765176765620708
-9999 -9999 -9999 -9999 -9999 -9999 -9999 -9999 -9999 1.81697961217479 2.62660504762943 1.35778112411499 1.42052775621414 1.39986750483513 1.38787946105003 1.4150632917881 1.55758659328733 1.71179920434952 1.4910809142249 1.55305373668671 2.08974145991462 1.70491443662082 2.60810333490372 1.99920579365322 2.49835878610611 2.45339477062225 2.38862031698227 2.17496252059937 2.10627597570419 2.11094695329666 2.0860995054245 2.07170552015305 2.06668943166733 2.14743822813034 2.50895547866821 2.86897283792496 3.134237408638 3.19661629199982 2.94250041246414 2.68125307559967 2.67540067434311 2.81993705034256 2.4297194480896 2.10591602325439 1.80777078866959 1.63162583112717 1.60284447669983 1.57561719417572 1.55235743522644 1.30984649062157 1.23251473903656 1.21239978075027 1.18569445610046 1.20297145843506 1.15814995765686 1.16738247871399 1.16341727972031 0.723329004831612 0.718347125686705 0.747539313939901 0.749086964130402 0.833907198905945
-9999 -9999 -9999 -9999 -9999 -9999 -9999 -9999 -9999 1.47345888018608 1.3372754752636 1.36405947804451 1.40566724538803 1.31894472241402 1.39767828583717 1.28975996375084 1.34711998701096 1.42724025249481 1.49764198064804 1.71711981296539 2.48171317577362 2.56642431020737 2.45825922489166 2.44142782688141 2.35467445850372 2.20550179481506 2.07533848285675 1.77832424640656 1.6816822886467 1.65680927038193 1.6573274731636 1.69552356004715 1.72308683395386 1.73632729053497 1.80102378129959 1.84352320432663 1.91411179304123 2.02807867527008 2.15877449512482 2.10745579004288 2.03342771530151 1.97137266397476 1.67065644264221 1.49890726804733 1.34994372725487 1.25137129426003 1.2177232503891 1.21859246492386 1.1800394654274 1.09778478741646 1.09524902701378 0.714095027319023 0.738155256424631 0.840191740256089 0.853095418214798 0.792072027921677 0.781008880871993 0.716253766646752 0.704719621401567 0.704873882807218 0.74146961248838 0.747711800611936
-9999 -9999 -9999 -9999 -9999 -9999 -9999 -9999 -9999 1.29028364590236 1.37973439693451 1.38876181840897 1.38121457054065 0.991907984018326 0.918024033308029 0.847213536500931 0.872523754835129 0.879900723695755 0.989891231060028 1.08144003152847 1.5013080239296 1.53686016798019 1.6743044257164 1.64323943853378 1.51828283071518 1.48225951194763 1.45360645651817 1.26317328214645 1.2943274974823 1.32242926955223 1.29779478907585 2.01379070111683 1.29935628175735 1.4864265024662 1.52208817005157 1.60670167207718 1.66412329673767 1.70447623729706 1.73546254634857 1.70061528682709 1.59826719760895 1.4116462469101 1.18093353509903 1.08593174815178 1.07924929261208 1.09663420915604 1.06409552693367 1.09241849184036 1.06111353635788 0.718963829370645 0.643066291298185 0.845067045651376 0.696396554155009 0.8264822272154 0.85113132916964 0.842967826586503 0.791495148952191 0.779859671225915 0.771170359391433 0.744726942135737 0.700773913126725 0.712007747246669
1.23204676508904 0.973943183819453 1.171088129282 1.2218870639801 -9999 -9999 -9999 2.06348320416042 1.45849823951721 1.20242321491241 1.18265622854233 1.17045074701309 1.15625327825546 0.996722280979156 0.938471227884293 0.859137028455734 0.822928458452225 0.819675743579865 0.813980251550674 0.835440784692764 0.931548714637756 1.01383271813393 1.12683749198914 0.96206322312355 1.00857979059219 1.04551577568054 0.960293233394623 0.980432242155075 1.01791647076607 1.02044847607613 1.02898049354553 1.03122076392174 1.04908946156502 1.06264275312424 1.05610200762749 1.12851226329803 0.956083506345749 1.067702293396 1.08960378170013 1.07086497545242 0.963691502809525 0.899541735649109 1.091490483284 0.845718996865409 0.998061203956604 0.947584331035614 0.807855415344238 0.711991501705987 0.691776943206787 0.625259211659432 0.672940275498799 0.915369129180908 0.805269475166614 0.816972351991213 0.826527838523571 0.849616651351635 0.834598027742826 0.810876447420854 0.781562365018404 0.742721007420466 0.706060602329671 0.714564497654255
0.678104718880994 1.06059676408768 1.28115078806877 1.72732099464961 1.8763290473393 1.78689334222249 1.26893851161003 1.15997403860092 1.08211272954941 1.07637298107147 1.13110122084618 1.13091525435448 1.09205853939056 0.972735732793808 0.862688273191452 0.797671526670456 0.73818826675415 0.718716010451317 0.748416736721992 0.777531713247299 0.770178705453873 0.774677217006683 0.770295739173889 0.767020493745804 0.793509006500244 0.818442732095718 0.844913274049759 0.836705982685089 0.872475743293762 0.876756012439728 0.883901238441467 0.880026787519455 0.885657012462616 0.898553252220154 0.886248707771301 0.860283762216568 0.850038707256317 0.84176704287529 0.811836004257202 0.81719845533371 0.81039297580719 0.788014501333237 1.25173604488373 0.782753351330757 0.777455058693886 0.74818043410778 0.709925353527069 0.795687330620629 0.785019214664187 0.714403178010668 0.624456891417503 0.84582127057589 0.843080039207752 0.86737590111219 0.854467433232527 0.854476456458752 0.814382768594302 0.789782730432657 0.768357671224154 0.763316603807303 1.25198552012444 1.21814623475075
0.954734265804291 0.967167735099792 1.03576648235321 1.1521537899971 1.09712621569633 1.19079896807671 1.16713500022888 1.02261453866959 1.04483699798584 1.04772824048996 1.03826853632927 0.974373042583466 0.924884229898453 0.914105236530304 0.777202516794205 0.730765521526337 0.670872017741203 0.640848755836487 0.944323182106018 0.517445996403694 0.668180242180824 0.621422231197357 0.626266479492188 0.626684233546257 0.673665761947632 0.688524752855301 0.716070771217346 0.73616623878479 0.762709468603134 0.778848767280579 0.770257472991943 0.772433996200562 0.771031469106674 0.789268523454666 0.786952525377274 0.78295424580574 0.798060715198517 0.782399207353592 0.805983781814575 0.795269250869751 1.03477766364813 1.04704872518778 0.962640047073364 0.883232789881089 0.5905497148633 0.626379942521453 0.770452290773392 1.09105259925127 2.33050686120987 0.650122347474098 0.867218517340147 0.885865028087909 0.911641084230863 0.894575728819921 0.88176593872217 0.861779822753026 0.792982674562014 0.792837175039145 0.769931550209339 0.727696730540349 1.34801548719406 1.28472751379013
0.766838997602463 0.846255719661713 0.798258751630783 0.875420272350311 0.887176483869553 0.910050004720688 0.924795001745224 0.991801500320435 0.991879463195801 0.901093482971191 0.883958995342255 0.844448983669281 0.811608731746674 0.755307018756866 0.688891500234604 0.697434738278389 0.695883750915527 0.668219268321991 0.630770266056061 0.617083489894867 0.61913175880909 0.620450243353844 0.623164504766464 0.635329484939575 0.654308259487152 0.675746262073517 0.698235020041466 0.70268552005291 0.694700986146927 0.706718981266022 0.703138500452042 0.714083254337311 0.707365483045578 0.726752266287804 0.694650739431381 0.724577262997627 0.728083491325378 0.745972484350204 0.745328262448311 0.750322490930557 0.734569519758224 0.901306725465334 0.706658989191055 0.70481926202774 0.72366826236248 0.757325446605682 0.817760569708688 0.825976840087346 0.789298066071102 0.855994160358722 0.936083917434399 0.946284413337708 0.90229646059183 0.888944850518153 0.865115692982307 0.835822325486403 0.816521658347203 0.827791846715487 0.851297048422006 0.844985274168161 1.07623279094696 1.06258651614189
0.683656498789787 0.691241249442101 0.71926049888134 0.767543971538544 0.805472999811172 0.848619729280472 0.89852848649025 0.946567475795746 0.984611213207245 1.03521153330803 0.884125471115112 0.786914259195328 0.708118513226509 0.708544492721558 0.683523014187813 0.688281744718552 0.695462241768837 0.656681254506111 0.638203516602516 0.627611249685287 0.62993323802948 0.627518266439438 0.636455252766609 0.647976770997047 0.650081992149353 0.6431744992733 0.658533006906509 0.649685248732567 0.692774266004562 0.690346509218216 0.71824948489666 0.774732662098748 1.03746726115545 1.03248020013173 1.23600084844388 1.2932042730482 1.27941993976894 0.778257787227631 0.88684856146574 0.863945804536343 1.03698516809023 1.02027805951925 0.9838148859831 0.997312339452597 1.03725740542779 0.950831461109613 0.854448195014681 0.837554771166581 0.829156389603248 0.886136660209069 0.848468638383425 0.860719731220832 0.878819525241852 0.877929898408743 0.864263878418849 0.894103357425103 1.2009134888649 1.24448999762535 1.20447979523585 1.32142629531714 1.47545305582193 1.52641962124751
0.608089506626129 0.575505763292313 0.582157507538795 0.593364760279655 0.620727002620697 0.650747269392014 0.679481238126755 0.660597011446953 0.750384002923965 0.820477455854416 0.778013974428177 0.69710473716259 0.656086519360542 0.654569998383522 0.612236246466637 0.59331151843071 0.604406252503395 0.626027271151543 0.601473748683929 0.599058017134666 0.601373255252838 0.604488015174866 0.622085988521576 0.594594016671181 0.572599500417709 0.577828511595726 0.600302249193192 0.612766519188881 0.689252257347107 0.946971569742475 0.897176384925842 1.05852690339088 1.03748064381736 1.0696282312274 1.01825211569667 1.09778299927711 0.732248948170588 0.734993301905118 0.654918056267958 1.03372774805341 1.00266408920288 0.980781861713954 1.08086101825421 1.0577170757147 1.04584780931473 1.06845462322235 0.975905354206379 0.927767804035774 0.909386061705076 0.906887164482703 0.89146607197248 0.927364619878622 0.980206296994136 1.05311546417383 1.32033151388168 1.40325379371643 1.73137083649635 1.80130836367607 1.66293449699879 1.39770737886429 2.48664597102574 3.48941539073813
0.571019232273102 0.568590760231018 0.580715999007225 0.584085747599602 0.594407245516777 0.580515012145042 0.579578250646591 0.591874480247498 0.616254016757011 0.665565758943558 0.654071241617203 0.613308012485504 0.624116241931915 0.624198764562607 0.617990255355835 0.586295261979103 0.580565258860588 0.574872002005577 0.574051514267921 0.622939512133598 0.701691761612892 0.754664987325668 0.712466239929199 0.669728994369507 0.61115925014019 0.570125252008438 1.23029851913452 1.22691902518272 1.19604671001434 1.24560635536909 1.23251760005951 1.12906294316053 1.02989771962166 1.06692150235176 2.38476280868053 1.3690567782947 0.734080515801907 1.17443035330091 0.975592842468848 1.13758791344506 1.1218518274171 1.15024583156292 1.24765362189366 1.19862134181536 1.16094579604956 1.12315678596497 0.98656676365779 0.963193801733164 0.944031715393066 0.931590708402487 0.974202784208151 1.12460281298711 1.3340794306535 1.78917565941811 1.95673829317093 1.59996485710144 2.8756466268623 -9999 -9999 -9999 -9999 -9999
0.580136239528656 0.580521002411842 0.591516762971878 0.602289766073227 0.611334756016731 0.592301979660988 0.585244506597519 0.600287988781929 0.561618000268936 0.580342501401901 0.592971011996269 0.593885242938995 0.592136979103088 0.588710233569145 0.551676750183105 0.53387251496315 0.538523241877556 0.620318987539836 0.422086963286767 0.743067230497088 0.377529921439978 0.77207077401025 0.868121675082615 1.06299278140068 1.04959785938263 1.15705078840256 1.37079450488091 1.46571904420853 1.59230568829705 1.32888947214399 1.50446567684412 1.48032637685537 1.98642812669277 2.25552320480347 1.73054146766663 1.54434537036078 1.30353693778698 1.22347516509203 1.09214738240609 1.33607781391877 1.57466223148199 1.43612236701525 1.44137733716231 1.4301097209637 1.20515334606171 1.12717670202255 1.00604910575427 0.961787210061 0.915696047819578 0.98185547040059 1.09253005798046 1.38899039763671 1.73236276553227 2.44440851673003 1.44304011688858 -9999 -9999 -9999 -9999 -9999 -9999 -9999
0.576603010296822 0.57608699798584 0.588443979620934 0.601433247327805 0.604314744472504 0.651139497756958 0.642798766493797 0.580866739153862 0.546851992607117 0.5494364798069 0.556787252426147 0.567064493894577 0.519757479429245 0.526443019509315 0.526415258646011 0.439172253012657 0.459257766604424 0.649068219321115 0.697198608091899 1.06319873929024 0.920226773390403 0.834337839713464 0.975834514413561 0.997230546815055 1.03546249866486 1.14128065109253 1.27250724179404 1.35842033794948 1.44936021378166 -9999 -9999 -9999 -9999 -9999 -9999 3.14426672458649 1.38053346531732 1.23071816989354 1.20341303256842 1.15972010905926 1.12597763079863 1.11285019837893 1.09957993489045 1.16088151931763 0.877867175982549 1.02382600307465 1.77017739415169 1.3491750061512 1.22090191394091 1.64464536309242 1.44007720855566 1.66778072944054 1.7892715036869 1.9762424826622 1.97624230384827 -9999 -9999 -9999 -9999 -9999 -9999 -9999
0.532119736075401 0.570701256394386 0.583986014127731 0.593597263097763 0.585404232144356 0.590847015380859 0.568310245871544 0.532661229372025 0.532301992177963 0.526629745960236 0.52877850830555 0.546758249402046 0.592808246612549 0.575992494821548 0.474650740623474 0.476578742265701 0.69789953316961 0.769086216177259 0.511728238846574 0.860844409236541 0.849854659575682 0.819020067269985 0.846069051669194 0.976535107408251 1.00676891633442 1.04324086010456 1.13043785553712 1.46208987012506 1.50560964722382 -9999 -9999 -9999 -9999 -9999 -9999 -9999 1.37084618898538 1.21549381201084 1.22003219219354 1.03156573038835 1.01065180393366 0.949081998604995 0.756176467125232 0.933290988206863 0.910881647696862 1.33545152842999 1.85806873440742 1.92409725487232 2.22570937871933 2.21134158968925 2.30153846740723 1.83632696133394 -9999 -9999 -9999 -9999 -9999 -9999 -9999 -9999 -9999 -9999
0.492815986275673 0.512626513838768 0.56998273730278 0.558915764093399 0.548742011189461 0.55000501871109 0.533704519271851 0.534202516078949 0.55545674264431 0.526823982596397 0.551959499716759 0.53693850338459 0.4432699884239 0.658634573221207 0.664086852754865 0.639822804927826 0.55433025268408 0.795109174081257 0.941615453788212 1.91053056602295 0.847759114219508 1.01043973650251 0.849871856661943 0.999311583382743 0.996335908770561 0.856378652832725 1.12930168555333 1.23267923508372 1.61066801548004 -9999 -9999 -9999 -9999 -9999 -9999 -9999 1.98885746796926 1.80658512849074 1.59562966823578 1.21104376591169 1.02551028132439 0.926288729906082 0.895618575811386 1.5143576413393 1.2863609790802 1.24618948996067 1.60989864170551 2.26775822043419 2.50997731089592 2.53684267401695 1.92354704783513 2.31219768982667 2.85254077613354 -9999 -9999 -9999 -9999 -9999 -9999 -9999 -9999 -9999
0.483520478010178 0.49160099029541 0.520928263664246 0.575630977749825 0.587891981005669 0.603891760110855 0.595370247960091 0.57210074365139 0.547260761260986 0.538359001278877 0.590584456920624 0.581687678893407 0.678184594426836 0.705578237771988 0.708339418683733 0.718313774892262 0.744848370552063 0.781823043312345 0.81603656070573 0.842217858348574 0.805316128901073 0.627841954047863 0.634953384216015 0.732005457986485 1.29186701774597 1.30425523221493 1.19156687076275 1.2024139716075 1.47605499252677 1.44417321681976 -9999 -9999 -9999 -9999 -9999 -9999 -9999 2.16728952001123 20.1483940861442 11.2670187370197 1.21890971660614 1.28866162666908 1.25247932225466 1.75990756533363 2.34383747577667 2.33842213153839 2.3693447470665 2.03683944046497 2.41555640101433 2.48061069846153 2.56208816170692 2.59865112029589 6.56781325884571 -9999 -9999 -9999 -9999 -9999 -9999 -9999 -9999 -9999
0.600828115429197 0.608997012887682 0.509901747107506 0.540855020284653 0.604526236653328 0.620227485895157 0.622940987348557 0.587942987680435 0.600394517183304 0.59597173333168 0.686130217143467 0.717574621949877 0.73777682866369 0.744529289858682 0.72454017826489 0.713363873107093 0.726989022323063 0.752549669572285 0.750625274011067 0.74388033577374 0.622627836007338 0.63813265470358 0.65715857798403 0.8235418390144 1.47921704394477 1.45893203360694 1.09833229129965 1.11715866510685 1.09677907595268 1.09801364862002 -9999 -9999 -9999 -9999 -9999 -9999 -9999 -9999 -9999 -9999 -9999 -9999 -9999 -9999 -9999 -9999 3.65490746498108 1.65319943778655 1.73563076899602 3.24272775650024 -9999 -9999 -9999 -9999 -9999 -9999 -9999 -9999 -9999 -9999 -9999 -9999
0.512669289112091 0.546717935800552 0.429673486135223 0.5046207010746 0.505422640059676 0.631912484765053 0.646660521626472 0.647792235016823 0.630107268691063 0.597389996051788 0.564119249582291 0.602484002709389 0.725179706301008 0.735689584697996 0.588426614349539 0.602942469445142 0.704757630825043 0.737749233841896 0.617636317556555 0.626437653194774 0.664558809537154 0.691074615175074 0.767554643479261 1.16508577509624 -9999 -9999 1.69976337419616 1.0933019564702 1.06458944540757 1.04314109912285 1.63556037630354 -9999 -9999 -9999 -9999 -9999 -9999 -9999 -9999 -9999 -9999 -9999 -9999 -9999 -9999 -9999 -9999 -9999 -9999 -9999 -9999 -9999 -9999 -9999 -9999 -9999 -9999 -9999 -9999 -9999 -9999 -9999
0.490141641880785 0.552558650927884 0.527866315841675 0.530317240953445 0.510471841054303 0.66225036659411 0.630293995141983 0.654301509261131 0.675511479377747 0.56233423948288 0.540528729557991 0.583736255764961 0.62882025539875 0.67146223783493 0.733040408654646 0.757305735891516 0.779022231698036 0.599871941588142 0.677539146863497 0.691190077708318 0.717022280801426 0.760154184969989 0.823525428771973 0.887160187417811 1.42296688045774 1.67199016075868 1.31410046724173 1.02488269714209 1.05188948833025 1.10536943490689 1.71043848139899 2.37661081552505 -9999 -9999 -9999 -9999 -9999 -9999 -9999 -9999 -9999 -9999 -9999 -9999 -9999 -9999 -9999 -9999 -9999 -9999 -9999 -9999 -9999 -9999 -9999 -9999 -9999 -9999 -9999 -9999 -9999 -9999
0.511557123490742 0.610588453710079 0.64620826286929 0.616806922214372 0.585758757591248 0.610501483082771 0.604806875543935 0.672920241951942 0.700376987457275 0.76085154073579 0.574416741728783 0.856786116957664 0.696441739797592 0.719334751367569 0.750925540924072 0.842010505497456 0.700267211957411 0.722281141714616 0.739990776235407 0.700567790053108 0.777968189933083 0.81439222259955 0.857627326791937 0.882476058873263 1.25910500969206 1.09257954817552 1.05823617256605 1.02276464608999 1.1014023239796 1.10782223939896 1.71458126817431 2.34500462046036 -9999 -9999 -9999 -9999 -9999 -9999 -9999 -9999 -9999 -9999 -9999 -9999 -9999 -9999 -9999 -9999 -9999 -9999 -9999 -9999 -9999 -9999 -9999 -9999 -9999 -9999 -9999 -9999 -9999 -9999
0.679567758526121 0.70423024892807 0.656075549125671 0.623948228359222 0.657501505953925 0.665100446769169 0.711142927408218 0.596726541335766 0.664421036839485 0.704503160256606 0.791381258230943 1.24035535752773 1.07320658456195 1.29091143608093 1.10409674048424 0.696436164054004 0.740837463965783 0.871810734272003 0.843259717736925 0.898079469799995 0.731347178870981 0.878369629383087 1.12219840830023 1.23448860103434 1.29189371604186 1.2149625145472 1.08231707261159 1.07015603322249 0.957466339523142 1.13329114697196 1.57295506341117 -9999 -9999 -9999 -9999 -9999 -9999 -9999 -9999 -9999 -9999 -9999 -9999 -9999 -9999 -9999 -9999 -9999 -9999 -9999 -9999 -9999 -9999 -9999 -9999 -9999 -9999 -9999 -9999 -9999 -9999 -9999
