EcologicalScience/Bass/data/rs_data_bass/chl_419.asc
NCOLS 226 
NROWS 124 
XLLCORNER -9.41648524995501 
YLLCORNER 47.587301625531 
CELLSIZE 0.0833 
NODATA_value -9999 
[rows 0 to 26 of 124, columns 62 to 123 of 226]
-9999 -9999 -9999 -9999 -9999 -9999 -9999 -9999 -9999 -9999 -9999 -9999 -9999 -9999 -9999 -9999 -9999 -9999 -9999 -9999 -9999 -9999 -9999 -9999 -9999 -9999 -9999 -9999 -9999 -9999 -9999 -9999 -9999 -9999 -9999 -9999 -9999 -9999 -9999 -9999 -9999 -9999 -9999 -9999 -9999 -9999 -9999 -9999 -9999 -9999 -9999 -9999 -9999 -9999 -9999 -9999 -9999 -9999 -9999 -9999 -9999 -9999
-9999 -9999 -9999 -9999 -9999 -9999 -9999 -9999 -9999 -9999 -9999 -9999 -9999 -9999 -9999 -9999 -9999 -9999 -9999 -9999 -9999 -9999 -9999 -9999 -9999 -9999 -9999 -9999 -9999 -9999 -9999 -9999 -9999 -9999 -9999 -9999 -9999 -9999 -9999 -9999 -9999 -9999 -9999 -9999 -9999 -9999 -9999 -9999 -9999 -9999 -9999 -9999 -9999 -9999 -9999 -9999 -9999 -9999 -9999 -9999 -9999 -9999
-9999 -9999 -9999 -9999 -9999 -9999 -9999 -9999 -9999 -9999 -9999 -9999 -9999 -9999 -9999 -9999 -9999 -9999 -9999 -9999 -9999 -9999 -9999 -9999 -9999 -9999 -9999 -9999 -9999 -9999 -9999 -9999 -9999 -9999 -9999 -9999 -9999 -9999 -9999 -9999 -9999 -9999 -9999 -9999 -9999 -9999 -9999 -9999 -9999 -9999 -9999 -9999 -9999 -9999 -9999 -9999 -9999 -9999 -9999 -9999 -9999 -9999
-9999 -9999 -9999 -9999 -9999 -9999 -9999 -9999 -9999 -9999 -9999 -9999 -9999 -9999 -9999 -9999 -9999 -9999 -9999 -9999 -9999 -9999 -9999 -9999 -9999 -9999 -9999 -9999 -9999 -9999 -9999 -9999 -9999 -9999 -9999 -9999 -9999 -9999 -9999 -9999 -9999 -9999 -9999 -9999 -9999 -9999 -9999 -9999 -9999 -9999 -9999 -9999 -9999 -9999 -9999 -9999 -9999 -9999 -9999 -9999 -9999 -9999
-9999 -9999 -9999 -9999 -9999 -9999 -9999 -9999 -9999 -9999 -9999 -9999 -9999 -9999 -9999 -9999 -9999 -9999 -9999 -9999 -9999 -9999 -9999 -9999 -9999 -9999 -9999 -9999 -9999 -9999 -9999 -9999 -9999 -9999 -9999 -9999 -9999 -9999 -9999 -9999 -9999 -9999 -9999 -9999 -9999 -9999 -9999 -9999 -9999 -9999 -9999 -9999 -9999 -9999 -9999 -9999 -9999 -9999 -9999 -9999 -9999 -9999
-9999 -9999 -9999 -9999 -9999 -9999 -9999 -9999 -9999 -9999 -9999 -9999 -9999 -9999 -9999 -9999 -9999 -9999 -9999 -9999 -9999 -9999 -9999 -9999 -9999 -9999 -9999 -9999 0.63735419511795 1.39560042843766 1.34929266571999 1.39261259883642 1.22141011990607 0.923605961725116 0.737953187897801 0.694098176434636 0.697376517578959 0.70510545372963 0.710662577301264 0.683709371834993 0.629204269498587 0.618361327797174 0.603220126591623 0.586204488761723 0.558850413188338 0.55042352154851 0.527743200771511 0.517104746773839 0.519361222162843 0.529061453416944 0.50498142926132 0.48955441485433 0.476602311520016 0.462795655243099 0.449210610240698 0.421278459951282 0.426518926396966 0.426033647730947 0.392800214700401 0.417731431312859 0.451479943469167 0.411048660383505
-9999 -9999 -9999 -9999 -9999 -9999 -9999 -9999 -9999 -9999 -9999 -9999 -9999 -9999 -9999 -9999 -9999 -9999 -9999 -9999 -9999 -9999 -9999 -9999 -9999 -9999 1.18186515569687 1.0627324283123 2.48452048091327 1.94608839601278 1.65821434557438 1.51512471958995 1.02162636816502 0.826152747496963 0.748928552493453 0.695305779576302 0.668280294165015 0.703695762902498 0.729979304596782 0.700598711147904 0.676678134128451 0.6324428524822 0.61201536655426 0.579217320308089 0.55894444976002 0.525830545462668 0.503359674476087 0.480760683305562 0.47536164522171 0.469023340765168 0.494274045614635 0.488882879123968 0.470384890213609 0.465013671666384 0.451430724933743 0.435394680127501 0.436004066839814 0.422706574201584 0.445352621376514 0.450884537771344 0.440805279156741 0.442528573796153
-9999 -9999 -9999 -9999 -9999 -9999 -9999 -9999 -9999 -9999 -9999 -9999 -9999 -9999 -9999 -9999 -9999 -9999 -9999 -9999 -9999 -9999 -9999 -9999 -9999 -9999 1.18186515569687 2.191526528667 1.80932410061359 1.71683144196868 1.22715917229652 1.1153628397733 0.964668927714229 0.762311417609453 0.720526216551661 0.733822468668222 0.684326715767384 0.651046302169561 0.640199163928628 0.649639489129186 0.615748694166541 0.61504790559411 0.604038264602423 0.615858172997832 0.589609980583191 0.519421979784966 0.480064893141389 0.481017186306417 0.482046969673213 0.461595515117926 0.4606693825301 0.475969048216939 0.466986268758774 0.457480670884252 0.456197250634432 0.44334720633924 0.43733398988843 0.448241902515292 0.458951611071825 0.473375922068954 0.497576074674726 0.472361136227846
-9999 -9999 -9999 -9999 -9999 -9999 -9999 -9999 -9999 -9999 -9999 -9999 -9999 -9999 -9999 -9999 -9999 -9999 -9999 -9999 -9999 -9999 -9999 -9999 -9999 -9999 2.16096202064963 1.80285803228617 1.52974934130907 1.31330156698823 1.17863501608372 1.03105070069432 0.923654096201062 0.766511963680387 0.76408245228231 0.786457255482674 0.756016792729497 0.690598022192717 0.640504404902458 0.653983399271965 0.667849581688643 0.688164465129375 0.659956689924002 0.618567941710353 0.560799370519817 0.486042288132012 0.487245636060834 0.49516649544239 0.486966272816062 0.477817978709936 0.483553223311901 0.475546974688768 0.462625332176685 0.444787016138434 0.447527345269918 0.461660424247384 0.45935183018446 0.446348151192069 0.453010495752096 0.477123102173209 0.487900491803885 0.605015147477388
-9999 -9999 -9999 -9999 -9999 -9999 -9999 -9999 -9999 -9999 -9999 -9999 -9999 -9999 -9999 -9999 -9999 -9999 -9999 -9999 -9999 -9999 -9999 -9999 -9999 1.19121462106705 2.00707764923573 1.52853853628039 1.16673807799816 0.939277287572622 1.14429322779179 1.10946164727211 1.05743148624897 0.972411233186722 0.897687637805939 0.887659922242165 0.977974456548691 0.713261531665921 1.14102831184864 1.08921916484833 1.14396504759789 1.08518638908863 0.663032993674278 0.619464850053191 0.558186292648315 0.522331047803164 0.505684778094292 0.516535688191652 0.502024685963988 0.48744610324502 0.487252308055758 0.515820762142539 0.519645743072033 0.459901599213481 0.496048953384161 0.496806275099516 0.447088295593858 0.456214310601354 0.438993168063462 0.383640652522445 0.388525251956547 0.501339638605714
-9999 -9999 -9999 -9999 -9999 -9999 -9999 -9999 -9999 -9999 -9999 -9999 -9999 -9999 -9999 -9999 -9999 -9999 -9999 -9999 -9999 -9999 -9999 -9999 -9999 1.3133342564106 1.45100465789437 1.25504998862743 0.989201780408621 1.0950962215662 1.07314447760582 1.02052621543407 0.970228317379952 0.944973155856132 0.946226206421852 1.0541448360309 1.13143647313118 1.21608802080154 1.1084650605917 1.03400721549988 0.961999535560608 0.97266671359539 0.664027579128742 0.620203580707312 0.578820576891303 0.566318241879344 0.560526743531227 0.539835842326283 0.510320797562599 0.48470089584589 0.472358420491219 0.508412260562181 0.501528276130557 0.506415003910661 0.435065254569054 0.452546808868647 0.433172632008791 0.431585725396872 0.427553624846041 0.415501110255718 0.39815194811672 0.404805172015639
-9999 -9999 -9999 -9999 -9999 -9999 -9999 -9999 -9999 -9999 -9999 -9999 -9999 -9999 -9999 -9999 -9999 -9999 -9999 -9999 -9999 -9999 -9999 -9999 1.31647038459778 1.36700959503651 1.37050260230899 1.18720395863056 1.07666354253888 0.989929748699069 1.02195423841476 0.949639165401459 0.922733056545258 0.911286717653275 0.963236650824547 1.11412129700184 1.17016763091087 1.17113599181175 1.12882857620716 1.02590502202511 1.00639109015465 0.686705064028502 0.657424891367555 0.633129749447107 0.613952536135912 0.596215423196554 0.562788359820843 0.531119266524911 0.515854317694902 0.496865825727582 0.477451013401151 0.474602535367012 0.45981103554368 0.431723901070654 0.42256405390799 0.441595600917935 0.425707971677184 0.432032704353333 0.438555574044585 0.450757032260299 0.45212522149086 0.420586501558622
-9999 -9999 -9999 -9999 -9999 -9999 -9999 -9999 -9999 -9999 -9999 -9999 -9999 -9999 -9999 -9999 -9999 -9999 -9999 -9999 -9999 -9999 -9999 1.50594073534012 1.4942673817277 1.43528938293457 1.25511161237955 1.04179067909718 0.880585625767708 0.817427325993776 0.756791822612286 1.01955476999283 0.988955929875374 0.92637006342411 1.02469328641891 1.20171176791191 1.18962477445602 1.12594257295132 1.06929982602596 0.993626615405083 0.904305532574654 0.806701245903969 0.611575707793236 0.603295667096972 0.625187991186976 0.594554269686341 0.498445216566324 0.478382237255573 0.482813710346818 0.487002264708281 0.476289097219706 0.473971132189035 0.461588256061077 0.449144046753645 0.425300896167755 0.426714012399316 0.435202499851584 0.416429338976741 0.426016671583056 0.442299854010344 0.448237672448158 0.50873981975019
-9999 -9999 -9999 -9999 -9999 -9999 -9999 -9999 -9999 -9999 -9999 -9999 -9999 -9999 -9999 -9999 -9999 -9999 -9999 -9999 -9999 -9999 2.25947371870279 2.27593448013067 1.71099539101124 1.17953111976385 1.06208790466189 0.905953908339143 1.16347084641457 1.19401842951775 1.10056131780148 1.06673411130905 1.04254824817181 1.07723423242569 1.17055961787701 1.17553209066391 1.02523240745068 0.975435328483581 0.940923079848289 0.92824774980545 0.69771691262722 0.735424895584583 0.727474723756313 0.730480918288231 0.537445329129696 0.52554252371192 0.490559041500092 0.519830904901028 0.511522226035595 0.484764078631997 0.504997121170163 0.486853143748115 0.460941781892496 0.434473595581949 0.447740821167827 0.456394968554378 0.393549266271293 0.389517649076879 0.400705131702125 0.412418346852064 0.418584763127215 0.404291264712811
-9999 -9999 -9999 -9999 -9999 -9999 -9999 -9999 -9999 -9999 -9999 -9999 -9999 -9999 -9999 -9999 -9999 -9999 -9999 -9999 2.64602583646774 2.20333437581751 2.19192358106375 2.34885491430759 2.0615966655314 1.37160958349705 1.29205884933472 1.21080423295498 1.20019736886024 1.20643972754478 1.2266541659832 1.18855516910553 1.17049327194691 1.18847472965717 1.22581452727318 1.0945480376482 0.957240882515907 0.884768077731133 0.885060578584671 0.864165222644806 0.735952705144882 0.77061237692833 0.753733588755131 0.741727615892887 0.740559726953506 0.549693552777171 0.537839245051146 0.594928672537208 0.565942391753197 0.562469808384776 0.534921194426715 0.502555584535003 0.510578440502286 0.472544152289629 0.41927101649344 0.438198102638125 0.404477711766958 0.403588576242328 0.42673964360181 0.413221118204734 0.411247498848859 0.459257496630444
-9999 -9999 -9999 -9999 -9999 -9999 -9999 -9999 -9999 -9999 -9999 -9999 -9999 -9999 -9999 -9999 -9999 -9999 -9999 -9999 2.34757226242987 2.24753531813622 1.96973378658295 2.10753467082977 1.71986809372902 1.59560890197754 1.3445074737072 1.38673852086067 1.26498271524906 1.3026968985796 1.30431491732597 1.28268275558949 1.23829262256622 1.19450589120388 1.17183041274548 1.08716312944889 0.855184164643288 0.921069467067718 0.918573060631752 0.928546333312988 0.894335532188415 0.782861740887165 0.766163763403892 0.740559110045433 0.722538664005697 0.564785328858039 0.559343910392593 0.579996569082141 0.578244170174003 0.5422188565135 0.529441874474287 0.517501118592918 0.495226666331291 0.487676812335849 0.445589063689113 0.521822402874629 0.458104675635695 0.472570893519065 0.435986396144418 0.457812288228203 0.456832682385164 0.39827532890965
-9999 -9999 -9999 -9999 -9999 -9999 -9999 -9999 -9999 -9999 -9999 -9999 -9999 -9999 -9999 -9999 -9999 -9999 -9999 1.93829895468319 2.85619201660156 2.19712610244751 1.94064626693726 1.83582400083542 1.63578036427498 1.3904979288578 1.38289439082146 1.34758317470551 1.25994052886963 1.20182549357414 1.24699957370758 1.20076214969158 1.16457040011883 1.10001611113548 1.01797730624676 0.908800646662712 0.912668988108635 0.965048173069954 0.97280288040638 0.935777109861374 0.793178242444992 0.76182402074337 0.734196096658707 0.747147504240274 0.756948544643819 0.707436910271645 0.565436817705631 0.558912456035614 0.528894262388349 0.517359830439091 0.509337077848613 0.518193198367953 0.516194047406316 0.498514886945486 0.525470085003797 0.491937358863652 0.474709321470822 0.531639744838079 0.470884323120117 0.483822846785188 0.468803247436881 0.469378142617643
-9999 -9999 -9999 -9999 -9999 -9999 -9999 -9999 -9999 -9999 -9999 -9999 -9999 -9999 -9999 -9999 -9999 -9999 3.264272795004 2.27937733075198 2.43950438499451 2.11970945596695 2.07319532036781 1.8204690515995 1.36602355837822 1.3274411201477 1.35633579492569 1.23355190753937 1.16640362739563 1.18839591741562 1.20844653844833 1.29662718772888 1.20573737919331 1.0893011033535 0.994211515784264 0.95552776157856 0.899581548571587 0.829595291614532 0.819714521057904 0.689840078353882 0.718673598766327 0.721788564324379 0.668940662406385 0.739851926453412 0.693086620420218 0.700152623467147 0.529102982953191 0.49933810159564 0.494016839191318 0.530128955841064 0.454929577186704 0.462032720446587 0.339500340633094 0.327605338767171 0.401646277922041 0.469758111052215 0.488932758569717 0.489415155614124 0.473309612832963 0.467845229431987 0.473699728958309 0.4271506224485
-9999 -9999 -9999 -9999 -9999 -9999 -9999 -9999 -9999 -9999 -9999 -9999 -9999 -9999 -9999 -9999 -9999 36.6291609655453 3.80048444867134 2.58759512901306 2.41226444244385 1.99323596954346 1.78728088140488 1.57842627167702 1.44530692100525 1.35706799030304 1.269695520401 1.25764526724815 1.28327592015266 1.25696323513985 1.23459036946297 1.29423111081123 1.30787859559059 1.35319526791573 1.13090511262417 0.985811176896095 0.924028921127319 0.79526726603508 0.711135566234589 0.667060604318976 0.654831988736987 0.660801121965051 0.683471996337175 0.730933112092316 0.713217468000948 0.570220917463303 0.533559769392014 0.479263124987483 0.446592198684812 0.471993628231918 0.468960391686243 0.452348959796569 0.439938970348414 0.423506470725817 0.414267722736387 0.427120601429659 0.458263613283634 0.457554012537003 0.454356488059549 0.432863852557014 0.419773428755648 0.424085111302488
-9999 -9999 -9999 -9999 -9999 -9999 -9999 -9999 -9999 -9999 -9999 -9999 -9999 -9999 -9999 -9999 -9999 -9999 -9999 2.40502899885178 2.38221253016416 1.95001784339547 1.69170649051666 1.49165284633636 1.34378070943058 1.28359238058329 1.28371538519859 1.33790526390076 1.25175375342369 1.26818200349808 1.28695797920227 1.25236236453056 1.28278017044067 1.22470927834511 1.03339911103249 0.946991738677025 0.929290813207626 0.732608551159501 0.683523690700531 0.618411845527589 0.661337862722576 0.683058229275048 0.703328959643841 0.711065498180687 0.690838498994708 0.45143808722496 0.497246359288692 0.512666395306587 0.499852227814057 0.47193152983399 0.441177870333195 0.440688145160675 0.407898646593094 0.451497973764644 0.246922396123409 0.433438152951353 0.387019407223253 0.457026485134574 0.462140968617271 0.450866016394952 0.442543776596294 0.440298836020862
-9999 -9999 -9999 -9999 -9999 -9999 -9999 -9999 -9999 -9999 -9999 -9999 -9999 -9999 -9999 6.22891838713126 4.60510354692286 2.74625403002689 2.52953094594619 2.27881854772568 1.75626863241196 1.84294020703861 1.59540867805481 1.33337926013129 1.31823350191116 1.30190254449844 1.36371781826019 1.34425072073936 1.30590102672577 1.28350197417395 1.30786277651787 1.26974081397057 1.20926733501256 1.09723869804293 0.91626335978508 0.851597467064858 0.789853320457041 0.729823378846049 0.615203328430653 0.646244776435196 0.671384613029659 0.715942410752177 0.707152551412582 0.672870914638042 0.508940549567342 0.472839456270723 0.515128868818283 0.481664192676544 0.433021381497383 0.411895768344402 0.416463093459606 0.411377494037151 0.397156384587288 0.40576186478138 0.421843591858359 0.41625027358532 0.444187599946471 0.471671086023836 0.465942734304596 0.436704623348573 0.440943904659327 0.435902474557652
-9999 -9999 -9999 -9999 -9999 -9999 -9999 -9999 -9999 -9999 35.2986888885498 35.2986888885498 13.7248649597168 3.91196078807116 4.31570868492126 3.43920311927795 3.09226605892181 2.86920731067657 2.57044979333878 2.02928751707077 1.86402510319437 1.76052494772843 1.38610576093197 1.29732249996492 1.42317193746567 1.39302218556404 1.32838315963745 1.28831942081451 1.27446823120117 1.30705662369728 1.27913054525852 1.20860143303871 1.22930630855262 1.03221016228199 0.909140884876251 0.773527007550001 0.730238386429846 0.707589017227292 0.666718603111804 0.699995968490839 0.709033188410103 0.730031800456345 0.570670911669731 0.486864090842359 0.474155913381016 0.465365554479992 0.462014037370682 0.481168341110734 0.476550263517043 0.451913261413574 0.43142668902874 0.431762737035751 0.427943986654282 0.460572481155396 0.449760988354683 0.460788930163664 0.457621480612194 0.451074355665375 0.442955322125379 0.420101157882634 0.447281656896367 0.460752546787262
-9999 -9999 -9999 -9999 -9999 -9999 -9999 -9999 -9999 -9999 35.2986888885498 13.7622105453325 5.91499719768763 6.17980628013611 4.23923342227936 3.66816415786743 2.45783513784409 2.89485799497174 2.35112711757717 3.74885318209143 2.14052593282291 1.8629238648074 1.82039137716804 1.69412075515304 1.52846462385995 1.61638497114182 1.50437873005867 1.31125445717147 1.26383562811783 1.23079187156899 1.20578455924988 1.14784891009331 1.0821306347847 1.01332233846188 0.918422618508339 0.83952307049185 0.815474767237902 0.74560125824064 0.695861390791833 0.687975093722343 0.673321232199669 0.661235535144806 0.631035149097443 0.481098324936979 0.477542657186003 0.484766642836963 0.505011401632253 0.481283747098025 0.485236271339304 0.454214668273926 0.419297912716866 0.400454789400101 0.400076019763947 0.539270481642555 0.530782060588107 0.484725192189217 0.457657819285112 0.444314989096978 0.445344720693196 0.470596758758321 0.498570394866607 0.4801925823969
-9999 -9999 -9999 -9999 -9999 -9999 -9999 -9999 -9999 -9999 -9999 -9999 -9999 5.58878617733717 7.09266328811646 4.67866646647453 -9999 -9999 -9999 -9999 -9999 -9999 2.04637432949884 2.27885500022343 2.11910493671894 1.97433570665973 1.77672419856702 1.60396956599184 1.46024008627449 1.37979725801519 1.36319214105606 1.18543689250946 1.01339064240456 0.987877520918846 0.935534164309502 0.940019901096821 0.893286369740963 0.841610826551914 0.536868117749691 0.512216356747291 0.669162943959236 0.643856850266457 0.627027562260628 0.558329462128527 0.550708117730477 0.535828329184476 0.535125543089474 0.492999288965674 0.469038387431818 0.478959660319721 0.48761222467703 0.485568047446363 0.540539968539687 0.561139339033295 0.564006599433282 0.520095301025054 0.507956222576254 0.538842303787961 0.526623805656153 0.537752956151962 0.559766613385257 0.516404541976312
-9999 -9999 -9999 -9999 -9999 -9999 -9999 -9999 -9999 -9999 -9999 -9999 -9999 16.6274771690369 16.6274771690369 16.6274771690369 -9999 -9999 -9999 -9999 -9999 -9999 4.94490551948547 4.94490551948547 4.94490551948547 0.308659605681896 2.05558817088604 1.91354249417782 1.80399265140295 1.56662056222558 1.49845659732819 1.52129012346268 1.28075286149979 1.11519976258278 0.98579671382904 0.841390123963356 0.781001582741737 0.772774413228035 0.758198721706867 0.540862998541664 0.643870079517365 0.651556617021561 0.587301426950623 0.609773694592364 0.608623602811028 0.554808357357979 0.614648033590878 0.518814467331942 0.51414274818757 0.499678226078258 0.517828731852419 0.55463735934566 0.546012219260721 0.558012251468266 0.57438445529517 0.564241056056584 0.492071458697319 0.467808213829994 0.584999213323874 0.581436101128073 0.568313803742914 0.533320687272969
-9999 -9999 -9999 -9999 -9999 -9999 -9999 -9999 -9999 -9999 -9999 -9999 -9999 -9999 -9999 -9999 -9999 -9999 -9999 -9999 -9999 -9999 -9999 -9999 -9999 -9999 1.94798673689365 3.54086770489812 2.77881262302399 1.85496122837067 1.60081362724304 1.46569601297379 1.15315356254578 1.07611009776592 0.90645449757576 0.864630281925201 0.817895898222923 0.760934668779373 0.746379831433296 0.711528438329697 0.698053786158562 0.573468771576881 0.641951748728752 0.65180142223835 0.642442446947098 0.622179934382439 0.603918439149857 0.571108307908563 0.566395945408765 0.577568881651934 0.60849373393199 0.624863242401796 0.615988096770118 0.578824731356957 0.573959856348879 0.572092910023297 0.465903851389885 0.608821528799394 0.601935012375607 0.578357261769912 0.523839769994511 0.508451258434969
-9999 -9999 -9999 -9999 -9999 -9999 -9999 -9999 -9999 -9999 -9999 -9999 -9999 -9999 -9999 -9999 -9999 -9999 -9999 -9999 -9999 -9999 -9999 -9999 -9999 -9999 -9999 2.65303460477104 3.31319268420339 2.44548908248544 2.47714898586273 1.62510488033295 1.52064738869667 1.27610538601875 1.12551028132439 0.990464699268341 0.888633894920349 0.789352139830589 0.774852764606476 0.697184935212135 0.656574243307114 0.655828955769539 0.733967465162277 0.739304554462433 0.728314563632011 0.623231723028071 0.636162534356117 0.612532370230731 0.601571615127956 0.596301658188595 0.631818930892383 0.63985637531561 0.663983763140791 0.643551578416544 0.578703258843983 0.604774440912639 0.576705525903141 0.575672533582239 0.545608730877147 0.539658951759338 0.512666454911232 0.535621417795911
