EcologicalScience/Bass/data/rs_data_bass/chl_142.asc
NCOLS 226 
NROWS 124 
XLLCORNER -9.41648524995501 
YLLCORNER 47.587301625531 
CELLSIZE 0.0833 
NODATA_value -9999 
[rows 0 to 26 of 124, columns 62 to 123 of 226]
-9999 -9999 -9999 -9999 -9999 -9999 -9999 -9999 -9999 -9999 -9999 -9999 -9999 -9999 -9999 -9999 -9999 -9999 -9999 -9999 -9999 -9999 -9999 -9999 -9999 -9999 -9999 -9999 -9999 -9999 -9999 -9999 -9999 -9999 -9999 -9999 -9999 -9999 -9999 -9999 -9999 -9999 -9999 -9999 -9999 -9999 -9999 -9999 -9999 -9999 -9999 -9999 -9999 -9999 -9999 -9999 -9999 -9999 -9999 -9999 -9999 -9999
-9999 -9999 -9999 -9999 -9999 -9999 -9999 -9999 -9999 -9999 -9999 -9999 -9999 -9999 -9999 -9999 -9999 -9999 -9999 -9999 -9999 -9999 -9999 -9999 -9999 -9999 -9999 -9999 -9999 -9999 -9999 -9999 -9999 -9999 -9999 -9999 -9999 -9999 -9999 -9999 -9999 -9999 -9999 -9999 -9999 -9999 -9999 -9999 -9999 -9999 -9999 -9999 -9999 -9999 -9999 -9999 -9999 -9999 -9999 -9999 -9999 -9999
-9999 -9999 -9999 -9999 -9999 -9999 -9999 -9999 -9999 -9999 -9999 -9999 -9999 -9999 -9999 -9999 -9999 -9999 -9999 -9999 -9999 -9999 -9999 -9999 -9999 -9999 -9999 -9999 -9999 -9999 -9999 -9999 -9999 -9999 -9999 -9999 -9999 -9999 -9999 -9999 -9999 -9999 -9999 -9999 -9999 -9999 -9999 -9999 -9999 -9999 -9999 -9999 -9999 -9999 -9999 -9999 -9999 -9999 -9999 -9999 -9999 -9999
-9999 -9999 -9999 -9999 -9999 -9999 -9999 -9999 -9999 -9999 -9999 -9999 -9999 -9999 -9999 -9999 -9999 -9999 -9999 -9999 -9999 -9999 -9999 -9999 -9999 -9999 -9999 -9999 -9999 -9999 -9999 -9999 -9999 -9999 -9999 -9999 -9999 -9999 -9999 -9999 -9999 -9999 -9999 -9999 -9999 -9999 -9999 -9999 -9999 -9999 -9999 -9999 -9999 -9999 -9999 -9999 -9999 -9999 -9999 -9999 -9999 -9999
-9999 -9999 -9999 -9999 -9999 -9999 -9999 -9999 -9999 -9999 -9999 -9999 -9999 -9999 -9999 -9999 -9999 -9999 -9999 -9999 -9999 -9999 -9999 -9999 -9999 -9999 -9999 -9999 -9999 -9999 -9999 -9999 -9999 -9999 -9999 -9999 -9999 -9999 -9999 -9999 -9999 -9999 -9999 -9999 -9999 -9999 -9999 -9999 -9999 -9999 -9999 -9999 -9999 -9999 -9999 -9999 -9999 -9999 -9999 -9999 -9999 -9999
-9999 -9999 -9999 -9999 -9999 -9999 -9999 -9999 -9999 -9999 -9999 -9999 -9999 -9999 -9999 -9999 -9999 -9999 -9999 -9999 -9999 -9999 -9999 -9999 -9999 -9999 -9999 -9999 0.63735419511795 0.795502659830734 2.1509783193469 1.24622858315706 1.17867574095726 1.03459366410971 0.931883309036493 0.790000878274441 0.79243578761816 0.759010199457407 0.755573529750109 0.740189535543323 0.743652949109674 0.740082755684853 0.707155030220747 0.661933958530426 0.638531997799873 0.644764970988035 0.664751714095473 0.674691203981638 0.676452929154038 0.68799758143723 0.665394768118858 0.661431943997741 0.645687282085419 0.635215887799859 0.653653599321842 0.651938812807202 0.655621491372585 0.646455388516188 0.622252777218819 0.651473930105567 0.618324000388384 0.620530486106873
-9999 -9999 -9999 -9999 -9999 -9999 -9999 -9999 -9999 -9999 -9999 -9999 -9999 -9999 -9999 -9999 -9999 -9999 -9999 -9999 -9999 -9999 -9999 -9999 -9999 -9999 1.18186515569687 1.0627324283123 2.36152942478657 2.13448501378298 2.081069201231 1.89822715893388 1.74927716329694 1.30950427427888 0.961116101592779 0.80836895853281 0.813903495669365 0.807829599827528 0.806678507477045 0.816788043826818 0.795614004135132 0.784430254250765 0.747973557561636 0.709587106481194 0.687219863757491 0.677147520706058 0.703218195587397 0.703521195799112 0.671630060300231 0.707419775426388 0.70581104233861 0.694383172318339 0.658081764355302 0.659274375066161 0.629157839342952 0.629938954487443 0.630071142688394 0.616191292181611 0.630909847095609 0.596827486529946 0.591788643971086 0.581256184726954
-9999 -9999 -9999 -9999 -9999 -9999 -9999 -9999 -9999 -9999 -9999 -9999 -9999 -9999 -9999 -9999 -9999 -9999 -9999 -9999 -9999 -9999 -9999 -9999 -9999 -9999 1.18186515569687 2.40453399717808 2.25575485825539 1.89281301945448 1.68949765339494 1.32981916889548 1.05969984456897 0.930591199547052 0.880054514855146 0.838328070938587 0.833095338195562 0.795669414103031 0.762432396411896 0.745956860482693 0.742861613631248 0.726883688941598 0.713340941816568 0.701868172734976 0.699242418631911 0.680584782734513 0.699623454362154 0.692200295627117 0.685687584802508 0.670179197564721 0.669568793848157 0.645888207480311 0.624415213242173 0.582700213417411 0.591124886646867 0.611660147085786 0.614622753113508 0.59002199023962 0.583947468549013 0.587630800902843 0.491023454070091 0.612549852579832
-9999 -9999 -9999 -9999 -9999 -9999 -9999 -9999 -9999 -9999 -9999 -9999 -9999 -9999 -9999 -9999 -9999 -9999 -9999 -9999 -9999 -9999 -9999 -9999 -9999 -9999 2.55578856915236 3.02506139874458 3.02276883646846 2.04192353412509 1.51774422079325 1.24275393784046 1.15386748686433 0.910296779125929 0.893031243234873 0.866152044385672 0.85967954993248 0.830088660120964 0.789312768727541 0.736825224012136 0.720136877149343 0.712001340463758 0.723782245069742 0.703315123915672 0.67587761208415 0.656223557889462 0.647168828174472 0.664897480979562 0.656741900369525 0.631865926086903 0.630513092502952 0.62805544026196 0.598829045891762 0.611046290025115 0.622424069792032 0.593906801193953 0.598706156015396 0.645934229716659 0.473488034307957 0.497270137071609 0.553263157606125 0.632618805393577
-9999 -9999 -9999 -9999 -9999 -9999 -9999 -9999 -9999 -9999 -9999 -9999 -9999 -9999 -9999 -9999 -9999 -9999 -9999 -9999 -9999 -9999 -9999 -9999 -9999 1.19121462106705 3.33764431625605 2.68751489371061 2.19266077503562 1.79372645169497 1.54784384742379 1.44435395300388 1.2425452619791 0.988103751093149 0.92060212790966 0.965542785823345 0.91896590217948 0.865881275385618 0.802394103258848 0.760964261367917 0.725101394578815 0.711628988385201 0.706524772569537 0.68029697611928 0.658667419105768 0.657315099611878 0.640922063961625 0.635654048994184 0.611766368150711 0.602183070033789 0.610655140131712 0.619314657524228 0.62240719422698 0.529366897046566 0.604366958141327 0.589988708496094 0.586651515215635 0.605560217052698 0.642778314650059 0.65422179736197 0.560101335247358 0.560944979389509
-9999 -9999 -9999 -9999 -9999 -9999 -9999 -9999 -9999 -9999 -9999 -9999 -9999 -9999 -9999 -9999 -9999 -9999 -9999 -9999 -9999 -9999 -9999 -9999 -9999 2.00669753551483 2.16542302072048 1.850078266114 1.52913238853216 1.32322796434164 1.30945855379105 1.32963742688298 1.37626764178276 1.26694938540459 0.929035048931837 0.957135032862425 0.902687810361385 0.84053985401988 0.780886894091964 0.757237393409014 0.738771289587021 0.725682824850082 0.71103673428297 0.690712021663785 0.654543187469244 0.621675549075007 0.620217276737094 0.601114008575678 0.600831191986799 0.585920635610819 0.57136357203126 0.583111960440874 0.505173036456108 0.509131342172623 0.579463697969913 0.57443099655211 0.559218736365438 0.732336290180683 0.549620091915131 0.546924009919167 0.547871430714925 0.532254820068677
-9999 -9999 -9999 -9999 -9999 -9999 -9999 -9999 -9999 -9999 -9999 -9999 -9999 -9999 -9999 -9999 -9999 -9999 -9999 -9999 -9999 -9999 -9999 -9999 1.31647038459778 2.01365489512682 1.64119062200189 1.43333353847265 1.29759084060788 1.25027007982135 1.18206610903144 1.12306372448802 1.02988254278898 0.997864007949829 0.954424984753132 0.896914623677731 0.857210911810398 0.811372462660074 0.755323961377144 0.754723682999611 0.76650308445096 0.755031578242779 0.737931467592716 0.696089711040258 0.67980170622468 0.65286654420197 0.641187563538551 0.612007414922118 0.592262640595436 0.581131691113114 0.561759106814861 0.559745717793703 0.559687027707696 0.592552861198783 0.586940048262477 0.573582451790571 0.563409665599465 0.508402317762375 0.537925407290459 0.507864986856778 0.493525246779124 0.533915514747302
-9999 -9999 -9999 -9999 -9999 -9999 -9999 -9999 -9999 -9999 -9999 -9999 -9999 -9999 -9999 -9999 -9999 -9999 -9999 -9999 -9999 -9999 -9999 1.50594073534012 2.01099792122841 1.7564656957984 1.48146178945899 1.28869822248816 1.16028410196304 1.04119141772389 1.05583963170648 1.02850544080138 1.06364070251584 0.983337756246328 0.955702241510153 0.870877001434565 0.848936140537262 0.808911915868521 0.797287233173847 0.786917522549629 0.652432757616043 0.733762688934803 0.696550704538822 0.690906096249819 0.661993408575654 0.631003584712744 0.643917169421911 0.626294916495681 0.585291367024183 0.566741332411766 0.557779585942626 0.56516163982451 0.580930598080158 0.594231577590108 0.611366713419557 0.606675346692403 0.567177151640256 0.565494666496913 0.608827988306681 0.555853754281998 0.573648934563001 0.535570576786995
-9999 -9999 -9999 -9999 -9999 -9999 -9999 -9999 -9999 -9999 -9999 -9999 -9999 -9999 -9999 -9999 -9999 -9999 -9999 -9999 -9999 -9999 3.10465401060441 2.90535489951863 2.44753915071487 1.52296533063054 1.27862124145031 1.19635464996099 1.11564955115318 1.1152339540422 1.14004985243082 1.1094814427197 1.03409280627966 0.991549875587225 0.93206774443388 0.821126002818346 0.810521688312292 0.801903638988733 0.790123673155904 0.809877175837755 0.651366955041885 0.685694819688797 0.724793253466487 0.692445393651724 0.675637884065509 0.665509605780244 0.63727649487555 0.597410073503852 0.570835310965776 0.586505910381675 0.560778949409723 0.580919148400426 0.593305321410298 0.686692234128714 0.585604151089986 0.595412746071815 0.574121659000715 0.603918408354123 0.595329085985819 0.5308501770099 0.588079763576388 0.857304185628891
-9999 -9999 -9999 -9999 -9999 -9999 -9999 -9999 -9999 -9999 -9999 -9999 -9999 -9999 -9999 -9999 -9999 -9999 -9999 -9999 2.64602583646774 2.00681717035382 2.85694753773072 2.70746207982302 2.29509052634239 1.73899376392365 1.27490444853902 1.2309841811657 1.19108609855175 1.15614802390337 1.13202899694443 1.10024722293019 1.00530664622784 0.962387826293707 0.90303797274828 0.871243704110384 0.812546174973249 0.766501050442457 0.762755256146193 0.67380576133728 0.681646144390106 0.828699762001634 0.760918021202087 0.730089476332068 0.694346996024251 0.674946360290051 0.644799197092652 0.602703955024481 0.589020285755396 0.587265098467469 0.585151109844446 0.526133531704545 0.579331325367093 0.58746234079202 0.568797010340189 0.561312200207459 0.582841500639915 0.581302657723427 0.572210818529129 0.542401343584061 0.517847249905268 0.559708749254545
-9999 -9999 -9999 -9999 -9999 -9999 -9999 -9999 -9999 -9999 -9999 -9999 -9999 -9999 -9999 -9999 -9999 -9999 -9999 -9999 2.12651170991741 1.8126177404608 2.54020768404007 2.34988664835691 1.81204719096422 1.71993578597903 1.32736840844154 1.34074259400368 1.19752417132258 1.20107594132423 1.17776468396187 1.12512056529522 1.11113758385181 1.04944220557809 0.962521277368069 0.910374082624912 0.811552952975035 0.768412861973047 0.740159075707197 0.727035272866488 0.762017151340842 0.805503750219941 0.668953222036362 1.05692312680185 0.768419081345201 0.735999014228582 0.661797635257244 0.626817181706429 0.615729371085763 0.700660670176148 0.73491208255291 0.553704331318537 0.578176920612653 0.533380076289177 0.555640989228299 0.5619231203669 0.458496356711668 0.584014177322388 0.564698149760564 0.502545987566312 0.467386901378632 0.517824510733287
-9999 -9999 -9999 -9999 -9999 -9999 -9999 -9999 -9999 -9999 -9999 -9999 -9999 -9999 -9999 -9999 -9999 -9999 -9999 3.02862945724936 3.337770652771 3.19483114778996 2.90229369699955 2.37341742217541 1.73329803943634 1.4000852227211 1.23593016862869 1.20627075433731 1.16438303142786 1.14073872193694 1.10111567750573 1.01640134677291 0.98304882645607 0.963807173073292 0.956055343151093 0.928412519395351 0.801903482526541 0.77889889664948 0.754646809771657 0.784240225329995 0.820503266528249 1.02010370604694 0.99988099001348 0.986879423260689 0.719712674617767 0.650443313643336 0.672194257378578 0.76274504698813 1.20990451052785 0.550444091359774 0.528101488947868 0.606391509373983 0.549765544502359 0.542648145242741 0.529035078067529 0.542946860978478 0.533863763014475 0.553699895739555 0.526028012235959 0.514194513360659 0.50654248893261 0.484958097338676
-9999 -9999 -9999 -9999 -9999 -9999 -9999 -9999 -9999 -9999 -9999 -9999 -9999 -9999 -9999 -9999 -9999 -9999 4.04114847183228 3.480118060112 3.46303610801697 3.42977855205536 2.8135064125061 2.34242092370987 1.4731446146965 1.39359099268913 1.26214694604278 1.21164392307401 1.22794650122523 1.21020798012614 1.12015713751316 1.06277868524194 0.997494120150805 0.944731783121824 0.93478662148118 0.886580251157284 0.856143582612276 0.876839373260736 0.953278586268425 0.965548194944859 0.976073004305363 0.956520169973373 0.824431501328945 0.778721524402499 0.749192973598838 0.701121758669615 1.05224364995956 0.454578498707098 0.431211280472138 0.573293820023537 0.58375292023023 0.566709587971369 0.583362077673276 0.572018211609439 0.576608179431213 0.573003871660483 0.54327707855325 0.542136982083321 0.524815758069356 0.507047573725382 0.539811591307322 0.528297911087672
-9999 -9999 -9999 -9999 -9999 -9999 -9999 -9999 -9999 -9999 -9999 -9999 -9999 -9999 -9999 -9999 -9999 12.1225686872626 5.38087673187256 4.52549424171448 3.52221741676331 2.60435065031052 2.30860524177551 2.06097006797791 1.71574881076813 1.57781057357788 1.42298535108566 1.4750323779881 1.4427057467401 1.41853612661362 1.29930353164673 1.22766374051571 1.12493485584855 1.00349077954888 0.927970569580793 0.903423171490431 0.89367563277483 1.06660740450025 1.0614566244185 1.13955732062459 1.07171019539237 0.929231040179729 0.9168695602566 0.853206099942327 0.778418904170394 0.854065239429474 0.517323748153799 0.506503312026753 0.475960243274184 0.44682952849304 0.427816626780173 0.40689462861594 0.371905425015618 0.622596022329832 0.620142252821671 0.620503306388855 0.592289337986394 0.571591488624874 0.575884244159648 0.446573791404565 0.452154481235672 0.465399839422282
-9999 -9999 -9999 -9999 -9999 -9999 -9999 -9999 -9999 -9999 -9999 -9999 -9999 -9999 -9999 -9999 -9999 -9999 -9999 1.80579803805602 3.31996520757675 2.2887305855751 2.12550514936447 1.70973770618439 1.52423185706139 1.4431023478508 1.46377254128456 1.48452436327934 1.48196081444621 1.31631759926677 1.15278334021568 1.13359383121133 1.10986899957061 1.08716359734535 0.968546826392412 0.959353934973478 1.06230006739497 1.30551701411605 1.22601578012109 1.27452211081982 1.21121015399694 0.954265683889389 0.941643191501498 0.917991992086172 0.773524051532149 0.600098711252212 0.509820384137771 0.503741480848368 0.514822661876678 0.455509622307385 0.436637483975467 0.442114110378658 0.442332010935335 0.519630934385692 0.5336023770711 0.672441046488913 0.489472153286139 0.519036412239075 0.534248922020197 0.514862053096294 0.596885830163956 0.692017619808515
-9999 -9999 -9999 -9999 -9999 -9999 -9999 -9999 -9999 -9999 -9999 -9999 -9999 -9999 -9999 4.45399915255033 10.2541355766901 5.35991179943085 3.51078349351883 3.09851423501968 4.04817318916321 3.07179889678955 1.9584951043129 1.66717975139618 1.54987037777901 1.54537028074265 1.46397028565407 1.44161294698715 1.46750885993242 1.28457609191537 1.23580074682832 1.17109105736017 1.22563329711556 1.21291259676218 1.19670901447535 1.25772236287594 1.10933707281947 1.13915940374136 1.23165294528008 1.24893361330032 1.13087445124984 1.0485279969871 1.16937856872876 0.834096570809682 0.778367509444555 0.52943182079231 0.510090445770937 0.518596340628231 0.533033417428241 0.542680970886174 0.496091200148358 0.461428718531833 0.473609697292833 0.467684568727718 0.85631882250309 0.347795733195894 0.611208543181419 0.579510887463888 0.554355305929979 0.587299997607867 0.570280015468597 0.557054209212462
-9999 -9999 -9999 -9999 -9999 -9999 -9999 -9999 -9999 -9999 35.2986888885498 35.2986888885498 13.7248649597168 2.06367671489716 7.2984388589859 5.61663196086884 5.54871652126312 5.41140012741089 4.63939065933227 5.32264097929001 5.62366371154785 3.64361572265625 1.59674026072025 3.0446528673172 1.71134230920247 3.30639452934265 1.47503949063165 1.39633696419852 1.3752718269825 1.16257725358009 1.17561264708638 1.1994795575738 1.17042911052704 1.23874295130372 1.22653153538704 1.10081359371543 1.12683892250061 1.04067964106798 1.01598243042827 1.02525218948722 0.906997421756387 0.858193745215734 1.17359269658724 1.77886121347547 1.2967077344656 0.725727751851082 0.749363164107005 0.774195894598961 0.751507923007011 0.55285787933013 0.545911665348446 0.527043650255484 1.28129226267338 2.92526688277721 2.04511926323175 0.580406377420706 0.562591074144139 0.589915079375108 0.650799522797267 0.500904090264264 0.509675552739817 0.501544643850887
-9999 -9999 -9999 -9999 -9999 -9999 -9999 -9999 -9999 -9999 35.2986888885498 4.95819552602439 3.71472854912281 4.65225348472595 5.76825947761536 6.22637350559234 5.38653209209442 16.8436863720417 7.98012569900787 2.37748754024506 2.96797554833548 2.19275907959257 1.87238775832312 1.84813348576427 4.75162335634232 1.83756531562124 1.83549730692591 1.71391705104283 1.44945958256721 1.2522979080677 1.11683804435389 1.06614719629288 1.09243872016668 1.07213306799531 0.992881581187248 1.16219465062022 1.3071820512414 1.14669477939606 0.965151011943817 0.931047976016998 0.954191654920578 0.764694571495056 0.73905282219251 0.753177930911382 0.804122750957807 0.780321334799131 0.734650001806371 0.67505407333374 0.616248497191597 0.599281163776622 4.82646495699882 2.69184486269951 1.74175048470497 2.02272012457252 0.681861499945323 0.634448521277484 0.618928371106877 0.693777061998844 0.712911869088809 0.71266836921374 0.531948516474051 0.480217003647019
-9999 -9999 -9999 -9999 -9999 -9999 -9999 -9999 -9999 -9999 -9999 -9999 14.2939288606355 3.70476287252763 7.67396504878998 3.76446939033011 -9999 -9999 -9999 -9999 -9999 -9999 3.01653142645955 2.67819069538798 2.42074439355305 2.2005726482187 1.99374875000545 1.92400890163013 1.83778385179383 2.94784344945635 1.34377744368144 1.06011044383049 1.11547516286373 1.11403929814696 1.06750777363777 0.963118126988411 1.12796799838543 1.14160686358809 1.08745115250349 1.18835849314928 1.12943974882364 1.11267622187734 0.73050390680631 0.658056617659681 0.753538330688196 0.791621783200432 0.765372260528452 0.709144826321041 0.697536236223052 0.6927540153265 0.669588751652662 0.692593624486643 0.79048698147138 0.642393258564612 0.660707828753135 0.67012759429567 0.687661113107906 0.729990758001804 0.748460700114568 0.762414490183194 0.472317048731972 0.72920490304629
-9999 -9999 -9999 -9999 -9999 -9999 -9999 -9999 -9999 -9999 -9999 -9999 -9999 16.6274771690369 16.6274771690369 16.6274771690369 -9999 -9999 -9999 -9999 -9999 -9999 4.94490551948547 4.94490551948547 4.94490551948547 0.308659605681896 1.94388424252209 1.33395378291607 1.88863857303347 1.89199025183916 1.52668186170714 1.34653143371855 1.34456730314663 1.30248997041157 1.26978682726622 1.07788006961346 1.10625428706408 0.947655315910067 1.05918253585696 0.980052489042282 1.12135173752904 1.09325622235026 0.694338525042814 0.664078507572412 0.74601248607916 0.659624723827138 0.716881634557948 0.715646656120525 0.711089667151956 0.686513090834898 0.697169186437831 0.719159458489979 0.744619399309158 0.822972330976935 0.743604399263859 0.392013842705637 0.38324812380597 0.681638999020352 0.653173004003132 0.644118578994975 0.77223639190197 0.747268597284953
-9999 -9999 -9999 -9999 -9999 -9999 -9999 -9999 -9999 -9999 -9999 -9999 -9999 -9999 -9999 -9999 -9999 -9999 -9999 -9999 -9999 -9999 -9999 -9999 -9999 -9999 2.67517261505127 2.75653591326305 2.67190534727914 2.17441653779575 1.93003116335188 1.60586046746799 1.38102492264339 1.2368044086865 1.11476992709296 1.0367517726762 0.952374831906387 0.903718739748001 0.890314524727208 0.891917687441621 0.746788708493114 0.712006280198693 0.692511722445488 0.740832483067232 0.74663683070856 0.733514664804234 0.756939500570297 0.716360438615084 0.705224622040987 0.704446904361248 0.727426560486064 0.735342563951717 0.725916140219744 0.762868286932216 0.766532752443762 0.738621766368548 0.789097604652246 0.649725492386257 0.61862573641188 0.597924891640158 0.574769788805176 2.67811982035637
-9999 -9999 -9999 -9999 -9999 -9999 -9999 -9999 -9999 -9999 -9999 -9999 -9999 -9999 -9999 -9999 -9999 -9999 -9999 -9999 -9999 -9999 -9999 -9999 -9999 -9999 -9999 6.54722070552054 3.02590812104089 2.28234422206879 2.46883359125682 1.97100134406771 1.54247868061066 1.27609746796744 1.20930343227727 1.0347495675087 0.945986777544022 0.907317887459482 0.902922395084585 0.829732727791582 0.805051496252418 0.783537369221449 0.783653592690825 0.790941420410361 0.900988803378173 0.898435298885618 0.84315685821431 0.893372060997145 0.847535043954849 0.797386637755803 0.785016015172005 0.789182815700769 0.806360419839621 0.800331452313591 0.779111836105585 0.781691640615463 0.633685275035746 2.05491869790213 2.04117810513292 2.83904349165303 2.30677365064621 2.46518159508705
