EcologicalScience/Bass/data/rs_data_bass/chl_469.asc
NCOLS 226 
NROWS 124 
XLLCORNER -9.41648524995501 
YLLCORNER 47.587301625531 
CELLSIZE 0.0833 
NODATA_value -9999 
[rows 54 to 80 of 124, columns 124 to 185 of 226]
2.98859775066376 2.734947681427 2.36608654260635 2.21071046590805 2.14620977640152 2.23344075679779 2.46926093101501 2.55765902996063 2.44283026456833 2.31978893280029 2.3496630191803 2.41607558727264 2.76038181781769 2.71996879577637 2.77735501527786 2.81462395191193 2.7095827460289 2.63633108139038 2.47966057062149 2.35871404409409 2.30587577819824 2.19975829124451 2.02916997671127 1.82108777761459 1.87894356250763 1.81864732503891 1.67422878742218 1.58847749233246 1.52966630458832 1.51688468456268 1.58191055059433 1.57547396421432 1.61999845504761 1.7360138297081 1.87912791967392 2.10650932788849 2.4616402387619 2.54634600877762 3.0412791967392 3.66975080966949 4.45557224750519 4.96713674068451 5.51438534259796 6.18161129951477 7.89990162849426 9.50960326194763 11.7724914550781 12.8588919639587 14.0251607894897 17.759370803833 5.7896214723587 5.01103910207748 4.450439453125 4.74449133872986 15.7492302954197 20.3424261510372 5.43772248029709 5.68441786766052 5.43723703622818 6.9520060011178 6.53587818145752 -9999
3.21392405033112 3.00542628765106 2.47126203775406 2.3315691947937 2.37078076601028 2.40215617418289 2.44034618139267 2.45778304338455 2.19444233179092 2.19085121154785 2.2865497469902 2.30938571691513 2.76219373941422 2.76801753044128 2.81363332271576 2.81686341762543 2.78486466407776 2.648113489151 2.5088564157486 2.434774518013 2.30889970064163 2.19732445478439 2.04235643148422 1.98722773790359 2.01491922140121 1.89145642518997 1.74402755498886 1.66576641798019 1.61430448293686 1.61426693201065 1.63576126098633 1.62814503908157 1.82693481445312 2.20975720882416 2.54994678497314 2.89421331882477 3.31275916099548 3.37282347679138 3.83463299274445 4.86619412899017 5.22480583190918 6.04168367385864 7.36438965797424 9.15900707244873 8.29192972183228 12.3062896728516 13.4504342079163 11.5214681625366 17.201856136322 7.45383939743042 5.42692309617996 5.20325702428818 14.7857125103474 5.17127966880798 13.1175976395607 9.30544787186843 10.5720698833466 -9999 -9999 -9999 -9999 -9999
3.49535250663757 3.27496647834778 2.77152371406555 2.65939503908157 2.54063093662262 2.51152503490448 2.39361083507538 2.32001924514771 2.20488452911377 2.31189233064651 2.37216299772263 2.62301480770111 2.96065056324005 3.04763245582581 3.09117436408997 2.7862703204155 2.83284831047058 2.71097248792648 2.62801122665405 2.49656027555466 2.3566335439682 2.23298406600952 2.02437597513199 2.07966595888138 1.91587650775909 1.77496057748795 1.68704921007156 1.67872130870819 1.6492463350296 1.68903368711472 1.68710696697235 1.80615895986557 2.32474797964096 2.7301020026207 3.04093050956726 3.21840441226959 3.45647084712982 3.66090667247772 3.79358160495758 4.91112899780273 5.51552617549896 7.31165385246277 6.81274151802063 8.63452506065369 11.774836063385 7.1927375793457 7.31596827507019 2.90698050186038 3.94227778911591 3.83994829654694 4.47962093353271 4.86030554771423 4.8835532784462 4.29444661736488 9.86727476119995 -9999 -9999 -9999 -9999 -9999 -9999 -9999
3.60682189464569 3.42940056324005 3.20380282402039 3.03247511386871 2.97799050807953 2.92744123935699 2.56046694517136 2.42107433080673 2.35241693258286 2.57140731811523 2.62527000904083 2.9532562494278 3.21916580200195 3.27966284751892 3.14047515392303 3.13380753993988 2.89974528551102 2.73454946279526 2.61958873271942 2.51344728469849 2.33220380544662 2.11071306467056 1.94772756099701 1.86725181341171 1.76461583375931 1.75608891248703 1.69604766368866 1.67668569087982 1.67196750640869 1.70517826080322 1.80213296413422 2.13347107172012 2.58655500411987 2.91961866617203 3.16947448253632 3.29019463062286 3.88726937770844 4.12144196033478 4.19371569156647 4.25714099407196 5.36735165119171 7.93724012374878 9.74478793144226 14.1475038528442 10.4516136646271 8.65678596496582 7.72765231132507 13.6278869053897 6.10551238059998 5.50597965717316 5.04806184768677 6.71064358949661 5.06831487019857 11.6716053292558 -9999 -9999 -9999 -9999 -9999 -9999 -9999 -9999
4.22351789474487 3.69497394561768 3.49912047386169 3.38518881797791 3.37641763687134 3.34242081642151 3.07314312458038 3.02658891677856 2.96736896038055 2.88159674406052 3.11148154735565 3.08727657794952 3.07873356342316 3.19765734672546 3.2990026473999 2.97759157419205 3.07306587696075 2.76654142141342 2.67096304893494 2.49027979373932 2.34309893846512 2.01037573814392 1.81761521100998 1.71637576818466 1.66873866319656 1.66545295715332 1.68887025117874 1.68252825737 1.68481796979904 1.73122358322144 1.82584422826767 2.23519724607468 2.52735829353333 2.95715099573135 3.44810020923615 3.70765721797943 4.63632917404175 4.66086602210999 4.61204552650452 4.85384702682495 7.06080865859985 9.33520030975342 11.2762734889984 10.9824056625366 7.05099749565125 6.78555965423584 5.13161766529083 5.35505318641663 5.26564264297485 5.53935134410858 4.61918163299561 22.5317251682281 56.9096684455872 27.6686382293701 -9999 -9999 -9999 -9999 -9999 -9999 -9999 -9999
21.6964061915874 4.89809691905975 4.28379700183868 4.25491511821747 4.70979595184326 4.19837236404419 3.58510637283325 3.55781400203705 3.55135560035706 3.34647989273071 3.29806065559387 3.97247457504272 3.88996946811676 3.84413266181946 3.55111885070801 3.07654345035553 2.79682731628418 2.86035293340683 2.70664876699448 2.56305599212646 2.30319821834564 1.84945571422577 1.6759192943573 1.58607369661331 1.60263758897781 1.5827339887619 1.67567557096481 1.66008907556534 1.72621804475784 1.75913769006729 1.918332695961 2.18032497167587 2.37047553062439 2.63126403093338 3.04183638095856 3.34823405742645 3.80774402618408 4.01540923118591 4.73948907852173 5.40744137763977 8.97408986091614 10.6082324981689 8.40105986595154 8.25984406471252 7.24235916137695 8.91902947425842 5.23470747470856 4.45869827270508 5.52901875972748 5.13465866446495 51.4378566741943 45.1055459976196 63.8968276977539 45.1074065821511 -9999 -9999 -9999 -9999 -9999 -9999 -9999 -9999
-9999 -9999 -9999 -9999 -9999 2.28387522697449 3.66256034374237 3.8337779045105 3.66439282894135 3.65161871910095 3.74605214595795 3.9130117893219 4.15915489196777 4.07516491413116 3.53094363212585 3.23884427547455 2.80083900690079 2.60267543792725 2.5000507235527 2.44194531440735 1.889613032341 1.69756954908371 1.57146602869034 1.52346450090408 1.51643246412277 1.59551328420639 1.65078592300415 1.71280878782272 1.7590965628624 1.86601191759109 2.09051692485809 2.22441744804382 2.51999992132187 2.59431517124176 2.97314482927322 3.32854413986206 3.89663708209991 4.56524634361267 5.26893532276154 6.39223337173462 10.2551522254944 7.8929808139801 7.62366914749146 8.20245480537415 8.18141555786133 9.80111553599533 -9999 -9999 -9999 -9999 19.3969416618347 32.7013320922852 40.3949346542358 38.0752286911011 28.4660425186157 -9999 -9999 -9999 -9999 -9999 -9999 -9999
-9999 -9999 -9999 -9999 -9999 -9999 -9999 -9999 4.40209846747549 3.87730121612549 4.24864661693573 4.29107022285461 4.18025028705597 4.50887703895569 4.19434654712677 3.14006459712982 2.83179527521133 2.57561999559402 2.31317317485809 2.08015948534012 1.76668882369995 1.54412931203842 1.50635772943497 1.49925604462624 1.49320721626282 1.54693651199341 1.57476818561554 1.61450171470642 1.70204401016235 2.09047043323517 2.34771072864532 2.61749178171158 2.8594229221344 3.01678812503815 3.17983782291412 4.41435384750366 5.74420416355133 6.58939862251282 8.0219349861145 12.4462366104126 10.7220046520233 12.2285342216492 7.62482786178589 7.70189023017883 2.78024374063198 29.0682649612427 -9999 -9999 -9999 -9999 17.548882484436 20.9528031349182 37.3793449401855 28.5583906173706 48.861608505249 60.6884954115924 68.2615928649902 -9999 -9999 -9999 -9999 -9999
-9999 -9999 -9999 -9999 -9999 -9999 -9999 -9999 -9999 6.65822911262512 4.95999813079834 4.80450224876404 5.14040923118591 5.0717099905014 4.74592351913452 3.35269725322723 2.99088299274445 2.58235949277878 2.1208890080452 1.8773295879364 1.57189500331879 1.48830449581146 1.44415202736855 1.48551678657532 1.49566125869751 1.54120355844498 1.55581498146057 1.57678645849228 1.59972220659256 2.43076568841934 2.91308319568634 3.46212530136108 3.82780265808105 4.01618385314941 3.84993374347687 5.26576566696167 6.99488210678101 9.44009971618652 12.6925506591797 15.5232210159302 13.8894267082214 12.1682825088501 11.6962530612946 10.6800005435944 10.106755895522 -9999 -9999 -9999 -9999 -9999 -9999 -9999 22.9417766332626 18.6713304519653 34.8514795303345 21.4387007512544 10.8786277770996 -9999 -9999 -9999 -9999 -9999
-9999 -9999 -9999 -9999 -9999 -9999 -9999 -9999 -9999 4.3704868555069 3.82703518867493 5.14425444602966 5.44876635074615 5.57544958591461 4.9574146270752 3.47741639614105 3.04171586036682 2.63475233316422 2.19642752408981 1.54693651199341 1.47504821419716 1.41921526193619 1.41336447000504 1.44457724690437 1.54697996377945 1.55920797586441 1.54169994592667 1.57098895311356 1.57095444202423 2.51963317394257 3.20519864559174 4.06766939163208 4.79391074180603 4.76561236381531 5.45416724681854 6.71333456039429 9.20156979560852 11.4746181964874 15.7432980537415 15.1449036598206 14.7781019210815 12.0676131248474 10.5336999893188 9.45318031311035 11.4731152914103 33.0447750091553 -9999 -9999 -9999 17.8915362141349 14.9168917049061 14.035320854187 12.218284034729 17.5476090041074 31.074239730835 32.8412218093872 12.9447532583166 -9999 -9999 -9999 -9999 -9999
-9999 -9999 -9999 -9999 -9999 -9999 -9999 -9999 -9999 4.97573053836823 5.0562516450882 5.13211870193481 5.19411134719849 5.02904033660889 4.18664932250977 3.53234338760376 3.09705376625061 2.63721746206284 2.16999596357346 1.42926371097565 1.28854948282242 1.29007574915886 1.2553237080574 1.29507377743721 1.45989748835564 1.51640242338181 1.48425149917603 1.51302301883698 1.73429918289185 2.1112185716629 3.17965364456177 3.6253319978714 4.12280237674713 4.78057408332825 5.04516077041626 6.51492834091187 8.49073934555054 11.888053894043 13.8852696418762 10.8788666725159 8.33858942985535 7.27599906921387 4.7305018901825 4.51145625114441 7.38467978273781 -9999 -9999 -9999 -9999 12.7338151931763 17.9885994737799 15.6189653205872 11.9447136998177 15.5739689306779 16.1481854438782 -9999 -9999 -9999 -9999 -9999 -9999 -9999
-9999 -9999 -9999 -9999 -9999 -9999 -9999 -9999 -9999 3.67937564849854 4.42241951010444 4.55191719532013 4.29740846157074 4.2415988445282 3.45209169387817 2.98242080211639 2.56522500514984 2.3790922164917 1.90047526359558 1.29047173261642 1.3109512925148 1.20342296361923 1.19685298204422 1.23751276731491 1.32133349776268 1.39260229468346 1.45496848225594 1.5685898065567 1.78685617446899 1.88242042064667 2.41522353887558 3.65006482601166 4.01489782333374 4.76817584037781 4.37580156326294 5.20402872562408 6.11722898483276 9.82838845252991 9.51854038238525 8.03388977050781 4.56390058994293 3.87017011642456 3.55893445014954 6.48728874123212 3.86466658115387 -9999 -9999 -9999 -9999 -9999 12.1137095343682 18.37990965293 17.5485451038067 16.6841543789568 -9999 -9999 -9999 -9999 -9999 -9999 -9999 -9999
-9999 -9999 -9999 -9999 -9999 -9999 -9999 -9999 -9999 3.4687206194951 4.96847856044769 4.67334008216858 3.64949405193329 3.23500120639801 2.83875077962875 2.7005415558815 2.27157604694366 2.03700828552246 1.65161633491516 1.36266678571701 1.23605704307556 1.16778302192688 1.14941847324371 1.21782526373863 1.30518078804016 1.31826674938202 1.39042496681213 1.59086626768112 1.97858029603958 2.33687406778336 2.44417208433151 3.07116758823395 3.99027514457703 4.41082334518433 4.3920875787735 4.92684388160706 6.77579069137573 8.78308296203613 5.18737363815308 3.75772655010223 3.16914904117584 3.24651825428009 3.03538191318512 7.73130498349088 3.86466693878174 -9999 -9999 -9999 -9999 12.1949715614319 -9999 -9999 -9999 -9999 -9999 -9999 -9999 -9999 -9999 -9999 -9999 -9999
-9999 -9999 -9999 -9999 -9999 -9999 -9999 -9999 -9999 4.44067633152008 4.34094679355621 3.90915083885193 3.46440839767456 2.95175170898438 2.72847372293472 2.30545270442963 1.80648529529572 1.47790351510048 1.34006175398827 1.19576472043991 1.15504422783852 1.15868398547173 1.15938448905945 1.23794621229172 1.2973837852478 1.34162101149559 1.40777778625488 1.80237829685211 2.6762273311615 3.3246613740921 3.52234733104706 3.28282499313354 3.24965858459473 3.82478034496307 4.1989334821701 4.36565637588501 6.66269016265869 5.14361393451691 4.11057078838348 3.55791163444519 3.39897000789642 3.30937814712524 9.5423470845863 -9999 -9999 -9999 -9999 -9999 -9999 -9999 -9999 -9999 -9999 -9999 -9999 -9999 -9999 -9999 -9999 -9999 -9999 -9999
-9999 -9999 -9999 -9999 -9999 -9999 -9999 -9999 4.94707358224051 3.53964293003082 3.60500192642212 3.34679782390594 3.02719116210938 2.27063405513763 2.31006520986557 1.8258141875267 1.56144458055496 1.32090899348259 1.13964226841927 1.16637602448463 1.20299327373505 1.16773724555969 1.23324152827263 1.30036050081253 1.37427377700806 1.42684650421143 1.50966221094131 2.51807105541229 3.72717690467834 3.77704060077667 3.36383843421936 3.53996407985687 3.35133147239685 3.57375133037567 4.17524170875549 4.97012257575989 4.03180718421936 2.90522021055222 2.66836202144623 2.70286649465561 2.95876944065094 4.51711740860572 15.5623265677188 -9999 -9999 -9999 -9999 -9999 -9999 -9999 -9999 -9999 -9999 -9999 -9999 -9999 -9999 -9999 -9999 -9999 -9999 -9999
-9999 -9999 -9999 -9999 -9999 -9999 -9999 3.28386068344116 3.14671582153865 3.5476051568985 3.28809285163879 3.09814560413361 2.77884006500244 2.07676953077316 1.72632819414139 1.58485347032547 1.48451095819473 1.19716349244118 1.21614825725555 1.37236726284027 1.44073051214218 1.42813423275948 1.41118124127388 1.42273047566414 1.44995623826981 1.57101756334305 2.10244131088257 3.15891015529633 4.1514630317688 3.68461811542511 3.37528502941132 4.15880692005157 4.14579463005066 4.08379411697388 3.64110660552979 3.23551654815674 2.64315891265869 2.66009241342545 2.72960543632507 2.75477850437164 22.5737084717426 5.69786846637726 3.25656187534332 -9999 -9999 -9999 -9999 -9999 -9999 -9999 -9999 -9999 -9999 -9999 -9999 -9999 -9999 -9999 -9999 -9999 -9999 -9999
-9999 -9999 -9999 -9999 -9999 -9999 4.52121560914176 4.39107012748718 4.11670875549316 3.473060131073 3.68586587905884 3.42933511734009 2.8466602563858 2.08005005121231 1.53322505950928 1.38711753487587 1.92238569259644 1.79462546110153 1.78239816427231 1.75302904844284 1.671531021595 1.35877346992493 1.70700591802597 1.62955802679062 1.79236578941345 2.05385398864746 3.01939129829407 3.59804713726044 4.4250773191452 5.09400057792664 4.07145380973816 3.43360340595245 3.34005224704742 3.13969731330872 3.17337012290955 3.22867870330811 3.02602636814117 2.9946802854538 3.01317608356476 9.83150911331177 -9999 -9999 -9999 -9999 -9999 -9999 -9999 -9999 -9999 -9999 -9999 -9999 -9999 -9999 -9999 -9999 -9999 -9999 -9999 -9999 -9999 -9999
-9999 -9999 -9999 -9999 3.53820953002343 4.41949582099915 4.00058841705322 3.86869132518768 3.15507066249847 2.77167302370071 2.60056042671204 2.61819380521774 2.55645668506622 1.83101624250412 1.41721200942993 1.77594745159149 1.86090230941772 1.73585093021393 1.77172118425369 1.73529070615768 1.82261091470718 1.72696495056152 1.74337202310562 1.76461654901505 1.97744482755661 3.24812543392181 4.50855767726898 5.24409449100494 5.98999214172363 5.79537534713745 4.3404335975647 3.47966086864471 2.59756654500961 2.44268256425858 2.70779925584793 2.85647857189178 3.32454085350037 4.201735496521 -9999 -9999 -9999 -9999 -9999 -9999 -9999 -9999 -9999 -9999 -9999 -9999 -9999 -9999 -9999 -9999 -9999 -9999 -9999 -9999 -9999 -9999 -9999 -9999
-9999 -9999 -9999 -9999 3.92428867633526 4.58775436878204 3.90095472335815 3.50943303108215 2.96285927295685 2.47736924886703 2.27579855918884 2.50589257478714 1.77467250823975 1.47294750809669 1.62459075450897 1.8617616891861 1.81269067525864 1.7904959321022 1.71832054853439 1.68993973731995 1.71965396404266 1.68325048685074 1.71374702453613 1.79110729694366 2.07676953077316 3.3143527507782 4.13451826572418 5.14657258987427 5.56584906578064 4.63388621807098 4.09786713123322 3.51848566532135 2.87777030467987 2.63775444030762 2.95925331115723 2.8544100522995 2.88805282115936 20.2356777191162 -9999 -9999 -9999 -9999 -9999 -9999 -9999 -9999 -9999 -9999 -9999 -9999 -9999 -9999 -9999 -9999 -9999 -9999 -9999 -9999 -9999 -9999 -9999 -9999
-9999 -9999 3.68740062280135 4.02409000396728 3.73706599799069 3.77240538597107 3.22405886650085 3.14786982536316 2.99604445695877 2.32666951417923 1.89211195707321 1.74703341722488 2.03356719017029 1.73441541194916 1.70878350734711 1.79967373609543 1.57800221443176 1.63578379154205 1.59065920114517 1.57762491703033 1.57765567302704 1.85397756099701 2.17402571439743 2.40155929327011 2.63623577356339 4.24677908420563 4.70286011695862 4.90395534038544 5.04642069339752 3.93169569969177 3.77094304561615 3.66130185127258 3.24476623535156 2.87498706579208 6.73312585768492 14.6380833209829 -9999 -9999 -9999 -9999 -9999 -9999 -9999 -9999 -9999 -9999 -9999 -9999 -9999 -9999 -9999 -9999 -9999 -9999 -9999 -9999 -9999 -9999 -9999 -9999 -9999 -9999
4.3962927873318 4.61458039283752 4.31869339942932 3.9957937002182 3.09427428245544 3.04242610931396 2.91947096586227 3.41295897960663 2.78231477737427 2.31376504898071 1.86273300647736 1.3919729590416 1.28954771161079 1.67640075087547 1.66839292645454 1.60654985904694 1.45267501473427 1.48523470759392 1.55167722702026 1.65842771530151 1.77603077888489 2.189388692379 2.30322825908661 2.45212268829346 3.21491181850433 4.65722465515137 4.77412497997284 4.88761425018311 4.95201909542084 4.13223838806152 4.09797155857086 3.77595663070679 3.80427074432373 9.34804272651672 -9999 -9999 -9999 -9999 -9999 -9999 -9999 -9999 -9999 -9999 -9999 -9999 -9999 -9999 -9999 -9999 -9999 -9999 -9999 -9999 -9999 -9999 -9999 -9999 -9999 -9999 -9999 -9999
4.94319290464575 3.9002183675766 3.74068486690521 3.27604794502258 3.15324890613556 3.17246103286743 3.72448289394379 2.9295494556427 2.26108127832413 1.83582150936127 1.49423772096634 1.32572400569916 1.12401303648949 1.12859702110291 1.14454579353333 1.32598802447319 1.38339972496033 1.59015369415283 1.51450717449188 1.66081130504608 1.96519196033478 2.05144643783569 2.44252717494965 3.63035845756531 4.28805828094482 4.33125078678131 4.61231768131256 4.14390385150909 3.85339486598969 3.88982999324799 3.77808308601379 3.69137263298035 3.12652409076691 6.92556576295332 5.81742505593733 8.53709056160667 -9999 -9999 -9999 -9999 -9999 -9999 -9999 -9999 -9999 -9999 -9999 -9999 -9999 -9999 -9999 -9999 -9999 -9999 -9999 -9999 -9999 -9999 -9999 -9999 -9999 -9999
4.22293281555176 3.60618460178375 3.38312923908234 3.46821284294128 3.56957459449768 3.41157388687134 2.85495007038116 2.45592230558395 2.2189679145813 1.82365643978119 1.56649124622345 1.19286301732063 1.09300875663757 1.27101972699165 1.38197475671768 1.41431397199631 1.45262771844864 1.5093600153923 1.62255227565765 1.84620147943497 2.27164417505264 2.72766816616058 3.49206984043121 3.87339305877686 3.39341855049133 3.0921413898468 2.87524652481079 2.95955032110214 3.62033307552338 3.29414033889771 3.26672444343567 4.40436959266663 -9999 -9999 -9999 -9999 -9999 -9999 -9999 -9999 -9999 -9999 -9999 -9999 -9999 -9999 -9999 -9999 -9999 -9999 -9999 -9999 -9999 -9999 -9999 -9999 -9999 -9999 -9999 -9999 -9999 -9999
4.38132226467133 4.43638730049133 4.3144154548645 3.59567177295685 3.84184885025024 3.48612749576569 3.32844758033752 3.11189711093903 2.88230627775192 2.230488717556 1.73267322778702 1.3776607811451 1.18383747339249 1.2814267873764 1.40458577871323 1.45606496930122 1.57648873329163 1.55690395832062 1.68738967180252 2.46541875600815 3.47766888141632 3.0792989730835 3.04831945896149 3.22857141494751 2.96348243951797 2.61242026090622 2.59364622831345 2.68784701824188 3.22827744483948 3.80995810031891 3.76944386959076 3.40402103662491 -9999 -9999 -9999 -9999 -9999 -9999 14.4789068892195 12.6942715644836 -9999 -9999 -9999 -9999 -9999 -9999 -9999 -9999 -9999 -9999 -9999 -9999 -9999 -9999 -9999 -9999 -9999 -9999 -9999 -9999 -9999 -9999
6.46306266103472 5.19975972175598 5.25271332263947 5.91302036202472 6.30206776857376 3.83845374895179 3.88060212135315 3.59879636764526 2.86212229728699 2.01228833198547 1.58734792470932 1.11337271332741 1.10645323991776 1.20120602846146 1.51240807771683 1.54522347450256 1.60300880670547 1.73351329565048 2.32336807250977 3.28127324581146 3.35256063938141 3.36382949352264 3.30511128902435 2.89070391654968 2.89736849069595 3.06063437461853 2.98640102148056 3.50079309940338 3.75745868682861 3.83588933944702 3.06476409618671 3.42093944549561 -9999 -9999 -9999 -9999 -9999 -9999 -9999 -9999 -9999 -9999 -9999 -9999 -9999 -9999 -9999 -9999 -9999 -9999 -9999 -9999 -9999 -9999 -9999 -9999 -9999 -9999 -9999 -9999 -9999 -9999
-9999 -9999 -9999 -9999 -9999 6.1778553115738 3.53644055843353 3.6101850271225 2.63226896524429 1.76165556907654 1.47038403153419 1.35795146226883 1.37044125795364 1.47665700316429 1.50856500864029 1.81875371932983 2.3128080368042 2.90547680854797 3.32350051403046 4.20024597644806 4.76490211486816 4.70627474784851 4.08107936382294 2.90440875291824 4.58375844955444 11.5675712823868 5.84842443466187 -9999 -9999 -9999 -9999 -9999 -9999 -9999 -9999 -9999 -9999 -9999 -9999 -9999 -9999 -9999 -9999 -9999 -9999 -9999 -9999 -9999 -9999 -9999 -9999 -9999 -9999 -9999 -9999 -9999 -9999 -9999 -9999 -9999 -9999 -9999
-9999 -9999 -9999 -9999 -9999 4.59236168861389 3.06255762917655 2.51622158288956 1.76346749067307 1.49474403262138 1.33852279186249 1.4412630200386 1.51745402812958 1.62065541744232 1.85798692703247 2.41355842351913 2.63546401262283 3.18477809429169 3.61353886127472 5.58526360988617 5.1777480840683 4.44044923782349 4.42046391963959 3.20222720215398 -9999 -9999 -9999 -9999 -9999 -9999 -9999 -9999 -9999 -9999 -9999 -9999 -9999 -9999 -9999 -9999 -9999 -9999 -9999 -9999 -9999 -9999 -9999 -9999 -9999 -9999 -9999 -9999 -9999 -9999 -9999 -9999 -9999 -9999 -9999 -9999 -9999 -9999
