EcologicalScience/Bass/data/rs_data_bass/chl_460.asc
NCOLS 226 
NROWS 124 
XLLCORNER -9.41648524995501 
YLLCORNER 47.587301625531 
CELLSIZE 0.0833 
NODATA_value -9999 
[rows 0 to 26 of 124, columns 62 to 123 of 226]
-9999 -9999 -9999 -9999 -9999 -9999 -9999 -9999 -9999 -9999 -9999 -9999 -9999 -9999 -9999 -9999 -9999 -9999 -9999 -9999 -9999 -9999 -9999 -9999 -9999 -9999 -9999 -9999 -9999 -9999 -9999 -9999 -9999 -9999 -9999 -9999 -9999 -9999 -9999 -9999 -9999 -9999 -9999 -9999 -9999 -9999 -9999 -9999 -9999 -9999 -9999 -9999 -9999 -9999 -9999 -9999 -9999 -9999 -9999 -9999 -9999 -9999
-9999 -9999 -9999 -9999 -9999 -9999 -9999 -9999 -9999 -9999 -9999 -9999 -9999 -9999 -9999 -9999 -9999 -9999 -9999 -9999 -9999 -9999 -9999 -9999 -9999 -9999 -9999 -9999 -9999 -9999 -9999 -9999 -9999 -9999 -9999 -9999 -9999 -9999 -9999 -9999 -9999 -9999 -9999 -9999 -9999 -9999 -9999 -9999 -9999 -9999 -9999 -9999 -9999 -9999 -9999 -9999 -9999 -9999 -9999 -9999 -9999 -9999
-9999 -9999 -9999 -9999 -9999 -9999 -9999 -9999 -9999 -9999 -9999 -9999 -9999 -9999 -9999 -9999 -9999 -9999 -9999 -9999 -9999 -9999 -9999 -9999 -9999 -9999 -9999 -9999 -9999 -9999 -9999 -9999 -9999 -9999 -9999 -9999 -9999 -9999 -9999 -9999 -9999 -9999 -9999 -9999 -9999 -9999 -9999 -9999 -9999 -9999 -9999 -9999 -9999 -9999 -9999 -9999 -9999 -9999 -9999 -9999 -9999 -9999
-9999 -9999 -9999 -9999 -9999 -9999 -9999 -9999 -9999 -9999 -9999 -9999 -9999 -9999 -9999 -9999 -9999 -9999 -9999 -9999 -9999 -9999 -9999 -9999 -9999 -9999 -9999 -9999 -9999 -9999 -9999 -9999 -9999 -9999 -9999 -9999 -9999 -9999 -9999 -9999 -9999 -9999 -9999 -9999 -9999 -9999 -9999 -9999 -9999 -9999 -9999 -9999 -9999 -9999 -9999 -9999 -9999 -9999 -9999 -9999 -9999 -9999
-9999 -9999 -9999 -9999 -9999 -9999 -9999 -9999 -9999 -9999 -9999 -9999 -9999 -9999 -9999 -9999 -9999 -9999 -9999 -9999 -9999 -9999 -9999 -9999 -9999 -9999 -9999 -9999 -9999 -9999 -9999 -9999 -9999 -9999 -9999 -9999 -9999 -9999 -9999 -9999 -9999 -9999 -9999 -9999 -9999 -9999 -9999 -9999 -9999 -9999 -9999 -9999 -9999 -9999 -9999 -9999 -9999 -9999 -9999 -9999 -9999 -9999
-9999 -9999 -9999 -9999 -9999 -9999 -9999 -9999 -9999 -9999 -9999 -9999 -9999 -9999 -9999 -9999 -9999 -9999 -9999 -9999 -9999 -9999 -9999 -9999 -9999 -9999 -9999 -9999 0.63735419511795 1.48442356386324 1.29867745147032 0.974798227934276 0.933979566482937 0.820193991065025 0.730710749240483 0.67859973802286 0.681592415360843 0.70642452730852 0.708610062213505 0.681288926040425 0.667588247095837 0.651571383371073 0.638133224319009 0.61290564957787 0.672363925506087 0.591513402321759 0.600599907338619 0.546295138075948 0.538288492709398 0.556854112073779 0.581340193748474 0.562135303393006 0.527695421129465 0.514904418960214 0.520651890951044 0.513829955283333 0.510218103142346 0.492534756660461 0.553243123433169 0.530126549741801 0.494811268413768 0.491265743094332
-9999 -9999 -9999 -9999 -9999 -9999 -9999 -9999 -9999 -9999 -9999 -9999 -9999 -9999 -9999 -9999 -9999 -9999 -9999 -9999 -9999 -9999 -9999 -9999 -9999 -9999 1.18186515569687 1.0627324283123 2.25249864161015 1.72825909157594 1.24862615851795 1.08687862052637 0.948726154425565 0.799330225762199 0.758410805288483 0.716583609580994 0.698554673615624 0.671195694628884 0.691039994359016 0.687424508087775 0.680630822392071 0.639092600520919 0.61196197744678 0.594505890327341 0.648499693525465 0.578944599803756 0.531874271876672 0.559918496757746 0.558968821540475 0.566032871603966 0.556635104119778 0.549787491559982 0.529888590797782 0.527436259914847 0.517189219594002 0.508103443309665 0.494998225942254 0.497603438794613 0.492383535951376 0.49930168863605 0.499062522369273 0.478032176108921
-9999 -9999 -9999 -9999 -9999 -9999 -9999 -9999 -9999 -9999 -9999 -9999 -9999 -9999 -9999 -9999 -9999 -9999 -9999 -9999 -9999 -9999 -9999 -9999 -9999 -9999 1.18186515569687 3.90226826228594 2.12179825901985 1.47813740670681 1.12721432447433 0.934240746001403 0.917133292731117 0.614411877095699 0.748867999981431 0.641355780117652 0.658247890717843 0.642124062075334 0.64951718730085 0.685687002013711 0.658466293531306 0.709889686282943 0.598874780185082 0.598471936057596 0.576882028404404 0.485679969191551 0.512454789351015 0.583553904667497 0.582467056810856 0.573742121458054 0.583947658538818 0.526313703507185 0.546052677556872 0.556851642206311 0.518185129389167 0.489496886730194 0.498237088322639 0.4836306553334 0.478186592459679 0.440668528570848 0.422466458643184 0.451607510447502
-9999 -9999 -9999 -9999 -9999 -9999 -9999 -9999 -9999 -9999 -9999 -9999 -9999 -9999 -9999 -9999 -9999 -9999 -9999 -9999 -9999 -9999 -9999 -9999 -9999 -9999 2.63310314600284 2.23362565981714 1.28447227180004 0.99926381111145 0.934682983160019 0.88650880753994 0.90773000173709 0.808155761737573 0.777693295165112 0.636747879140517 0.670386167133556 0.631598789902294 0.608404766110813 0.629015944898129 0.66282827933045 0.65263170003891 0.63425983313252 0.613389096715871 0.554638395414633 0.558555369867998 0.539353917042414 0.581028005656074 0.521392180639155 0.598389185965061 0.440067068526619 0.424993672718604 0.503354869344655 0.663473898544908 0.531957199797034 0.487110268324614 0.503035124391317 0.523976063355803 0.521398678421974 0.523068465292454 0.525400506332517 0.469729621620739
-9999 -9999 -9999 -9999 -9999 -9999 -9999 -9999 -9999 -9999 -9999 -9999 -9999 -9999 -9999 -9999 -9999 -9999 -9999 -9999 -9999 -9999 -9999 -9999 -9999 1.19121462106705 1.87129457059659 1.37985818088055 1.06966340892455 0.917694228887558 0.861449429392815 0.860777032375336 0.803445731015766 0.721302285790443 0.732577650862582 0.692205616583427 0.734330480297407 0.689387009424322 0.705982073264964 0.678851187229156 0.657953322372016 0.70618500604349 0.644840561291751 0.587146098122877 0.563317483663559 0.512383870780468 0.413215457954827 0.441498756408691 0.445692926645279 0.717711308598518 0.713957891652459 0.70622707354395 0.413185848295689 0.581678037132536 0.515825304389 0.501569669161524 0.505680544035775 0.464654241289411 0.546003174036741 0.541727721691132 0.493550212067716 0.487553223967552
-9999 -9999 -9999 -9999 -9999 -9999 -9999 -9999 -9999 -9999 -9999 -9999 -9999 -9999 -9999 -9999 -9999 -9999 -9999 -9999 -9999 -9999 -9999 -9999 -9999 1.82427024841309 1.62316572666168 1.40186034931856 1.15507834218442 1.09022280201316 1.0080607496202 0.854085416478269 0.822204561794505 0.707084928949674 0.738074890830938 0.79297220443978 0.814779620836763 0.731535862473881 0.720073066213552 0.735569449908593 0.762674152851105 0.685343270354411 0.6704106712166 0.600488973014495 0.552385977524168 0.574140563607216 0.557236805558205 0.873607051999945 0.848138388991356 0.852595261837307 0.481715251417721 0.47865202146418 0.48747299173299 0.497586865635479 0.432458987832069 0.438710653781891 0.47341456583568 0.382359190285206 0.434960456831115 0.421712997768606 0.414619825780392 0.342153845727444
-9999 -9999 -9999 -9999 -9999 -9999 -9999 -9999 -9999 -9999 -9999 -9999 -9999 -9999 -9999 -9999 -9999 -9999 -9999 -9999 -9999 -9999 -9999 -9999 1.31647038459778 1.79516118764877 1.60044297575951 1.42101445794106 1.23588354622616 1.17521034268772 1.0241943039 0.967061508446932 0.885859318077564 0.84540349803865 0.818558813894496 0.813652566075325 0.754302200675011 0.823236548474857 0.735264906287193 0.723338934779167 0.73535024523735 0.742644807696342 0.729529759463142 0.629585229298648 0.580505837412441 0.588203608989716 0.59889951646328 0.603726443648338 0.537415689405273 0.474241130053997 0.523387094630915 0.514500397093156 0.505586969501832 0.509601484326755 0.520288406926043 0.547624466173789 0.548036377219593 0.543316457201453 0.539873071453151 0.619864599779248 0.6298474855721 0.645977541804314
-9999 -9999 -9999 -9999 -9999 -9999 -9999 -9999 -9999 -9999 -9999 -9999 -9999 -9999 -9999 -9999 -9999 -9999 -9999 -9999 -9999 -9999 -9999 1.50594073534012 2.0055987238884 1.73518353700638 1.56902769207954 1.44256374239922 1.27852049469948 1.13083622977138 1.03599393367767 1.01996119692922 0.96503059566021 0.949905963880675 0.876407152414322 0.869122835142272 0.859916344285011 0.838737315365246 0.851615245853152 0.866624344672476 0.882511930806296 0.746209388971329 0.745150914788246 0.833685017057827 0.820948419826371 0.690508443117142 0.642835146188736 0.613365331292152 0.599111035466194 0.555594792962074 0.539613381028175 0.514403346180916 0.473731702566147 0.590662518516183 0.475791852389063 0.524322954170844 0.54987054800286 0.55012746155262 0.56113430331735 0.566781702287057 0.647574752569199 0.65299622900784
-9999 -9999 -9999 -9999 -9999 -9999 -9999 -9999 -9999 -9999 -9999 -9999 -9999 -9999 -9999 -9999 -9999 -9999 -9999 -9999 -9999 -9999 3.19671430438757 2.80706515482494 2.0586217556681 1.46704570310456 1.35578688127654 1.26147272331374 1.16196146607399 1.13141226129872 1.10269562474319 1.02325743862561 0.993751083101545 0.9865542948246 0.939341585550989 0.900278359651566 0.930832041161401 0.905875618968691 0.863502017089299 0.873171955347061 0.831284593258585 0.820091690335955 0.844908299190657 0.84220905814852 0.833055113043104 0.797582164406776 0.621827739477158 0.605755761265755 0.581841862201691 0.567490795254707 0.5273332670331 0.475247997045517 0.472920861840248 0.45053746253252 0.445134598016739 0.441281229257584 0.438265396654606 0.43771950751543 0.468294894695282 0.44610780775547 0.429708990454674 0.433517894148827
-9999 -9999 -9999 -9999 -9999 -9999 -9999 -9999 -9999 -9999 -9999 -9999 -9999 -9999 -9999 -9999 -9999 -9999 -9999 -9999 2.64602583646774 2.21060372450772 3.02393929397359 2.89920675053316 2.18371096078087 1.31377221005304 1.2732515675681 1.28492577373981 1.19710029448782 1.16440072442804 1.11569280496665 1.07581457069942 1.0155314888273 0.972885112677302 0.966127721326692 0.948111221194267 0.906435747231756 0.928125519837652 0.895778883780752 0.85113685471671 0.820094794034958 0.820394243512835 0.822899982333183 0.812234976461956 0.634027242660522 0.617393350601196 0.582915607094765 0.574215683341026 0.561231818795204 0.556765803694725 0.565676757693291 0.540491986274719 0.511363306641579 0.510599899291992 0.492009353637695 0.491477635502815 0.478622052073479 0.525628809417997 0.518725940159389 0.492177218198776 0.459161639213562 0.462336897850037
-9999 -9999 -9999 -9999 -9999 -9999 -9999 -9999 -9999 -9999 -9999 -9999 -9999 -9999 -9999 -9999 -9999 -9999 -9999 -9999 2.38029241641186 1.8871074589816 2.79892466068268 2.22671752116259 3.05010845030055 1.87031494869905 1.37107927724719 1.36073619872332 1.33471924066544 1.29169633984566 1.07973845090185 1.08650965562889 1.05386680151735 1.02889360274587 1.0165201063667 0.990054417933736 0.960693431752069 0.92061815730163 0.884007543325424 0.832581007054874 0.805730025683131 0.828229071838515 0.820328242012433 0.805430154715266 0.789235934615135 0.633135464787483 0.592849951982498 0.574988505244255 0.552593421410112 0.544078695774078 0.55372349023819 0.559355401992798 0.551498499512672 0.520604041218758 0.49857069849968 0.488081204891205 0.459231504797936 0.438041001558304 0.438877356052399 0.439345309138298 0.427672801911831 0.62161421688164
-9999 -9999 -9999 -9999 -9999 -9999 -9999 -9999 -9999 -9999 -9999 -9999 -9999 -9999 -9999 -9999 -9999 -9999 -9999 3.34277746081352 2.7686902821064 1.80717706138437 1.49470029771328 1.63277078568935 1.47235098481178 1.34576374292374 1.38575685965387 1.36164809390903 1.31273096054792 1.18831764374461 1.1257071260895 1.11003171546119 1.04422103507178 0.999883922083037 0.992534886513438 1.02524121957166 0.937036265219961 0.919551544955799 0.86670802959374 0.794568229998861 0.790972907628332 0.837220659479499 0.843613296747208 0.84081366445337 0.798827233059066 0.774452339325632 0.750386761767524 0.582624858617783 0.761486319825053 0.726896703243256 0.63278548857745 0.646562691997079 0.649131448829875 0.618564387454706 0.622917312909575 0.604560881853104 0.614701120292439 0.596076518297195 0.629639210069881 0.628654066254111 0.614371461026809 0.618165724417743
-9999 -9999 -9999 -9999 -9999 -9999 -9999 -9999 -9999 -9999 -9999 -9999 -9999 -9999 -9999 -9999 -9999 13.4738645553589 2.53793021043142 1.92870608147453 2.20514963354383 1.81936493090221 1.64801207184792 1.49188940865653 1.36739875163351 1.27055550047329 1.36349022388458 1.22478460147977 1.22042118225779 1.20066021808556 1.14068932618414 1.11921387485095 1.10249090194702 1.06867308701788 1.06932418687003 1.05463455830302 1.04620576756341 0.884943640657834 0.802884553159986 0.793960415891239 0.806146176798003 0.879408583045006 0.882071999832988 0.888285867869854 0.902415359392762 0.86903290450573 0.741099197949682 0.758135682770184 0.74405284013067 0.73948372900486 0.693326698882239 0.714502446791705 0.685711299671846 0.65111334884868 0.650228787870968 0.627279250060811 0.633509269532035 0.618958369773977 0.62150078310686 0.583103690953816 0.586663153241662 0.405282610654831
-9999 -9999 -9999 -9999 -9999 -9999 -9999 -9999 -9999 -9999 -9999 -9999 -9999 -9999 -9999 -9999 -9999 34.9799402212795 4.25104165077209 2.92531849443913 2.3465107609244 1.85675975254604 1.71043006437165 1.5259248656886 1.40080334033285 1.29546061583928 1.16876242416246 1.44129976630211 1.10116782411933 1.13893386907876 1.17814232621874 1.12825907553945 1.12455953019006 1.14240869879723 1.10246285370418 1.07251512152808 1.03707491500037 0.880201488733292 0.821183802826064 0.782495588064194 0.770339784877641 0.759009616715567 0.771394723228046 0.805682625621557 0.798493148759007 0.845707336440682 0.800430734242712 0.793876373342105 0.782004635248865 0.75710668521268 0.721835585577147 0.675691813230515 0.720022591097014 0.894273921847343 0.723979481628963 0.838568530976772 0.621357779292499 0.633444749257144 0.665856599807739 0.627057115821277 0.626542778576122 0.603990612661137
-9999 -9999 -9999 -9999 -9999 -9999 -9999 -9999 -9999 -9999 -9999 -9999 -9999 -9999 -9999 -9999 -9999 -9999 -9999 2.86395793525796 2.02991124987602 2.12162098288536 1.73050439357758 1.54821384378842 1.56374326720834 1.45998249202967 1.43129450082779 1.20415997877717 1.33852624893188 1.4974747300148 1.15723538026214 1.16413669288158 1.05773612111807 1.10918392028127 1.10036691171782 1.07390494006021 1.0245232624667 0.896461378250803 0.862414164202554 0.787840528147561 0.757568804281098 0.732130395514624 0.74306634919984 0.841540116816759 0.845045361667871 0.850438786670566 0.88925513997674 0.781081284795489 0.78426741702216 0.766092104571206 0.760103051151548 0.758949305330004 0.775397913796561 0.756486973592213 0.725843584963254 0.699538605553763 0.64656716798033 0.77973710373044 0.770424954593182 0.736114611849189 0.737558517605066 0.72241997346282
-9999 -9999 -9999 -9999 -9999 -9999 -9999 -9999 -9999 -9999 -9999 -9999 -9999 -9999 -9999 3.8462769985199 5.20924320004203 18.4815000261579 3.82794494288308 2.8438482105732 2.14818829999251 1.66230228915811 1.57474013417959 1.55088845640421 1.39348521402904 1.41441128509385 1.36867918712752 1.24215140513011 1.11822760105133 1.00348147004843 1.03108703903854 1.04253441095352 1.02894796218191 1.03516788993563 0.998783392565591 0.97986151278019 0.967677654964583 0.933620676398277 0.914588833227754 0.844199605286121 0.717002021414893 0.680092098457473 0.708283718143191 0.737416614379202 0.815584609284997 0.734216042927333 0.753280194742339 0.766270388449941 0.793120731200491 0.785407726253782 0.789964812142508 0.77339451440743 0.781650411231177 0.749555896435465 0.694685793348721 0.793697770152773 0.829655438661575 0.792738452553749 0.799748718738556 0.636939851301057 0.761533800512552 0.739504320546985
-9999 -9999 -9999 -9999 -9999 -9999 -9999 -9999 -9999 -9999 35.2986888885498 35.2986888885498 13.7248649597168 10.1381615337573 5.90189243853092 2.5070171713829 2.18221614137292 2.76521969586611 3.10267615318298 2.96660840511322 2.14966101155562 1.6746926179954 1.56404269593103 1.45887952617237 1.45740761927196 1.47863775065967 1.44509106874466 1.34600114822388 1.21580358062472 0.934531803642001 0.932578919189317 0.930578680975096 0.820912810308593 0.9532753101417 0.911815492170198 0.876549539821488 0.866104315434183 0.863658721957888 0.721261691834245 0.729954989893096 0.737263255885669 0.845374412834644 0.727557784744671 0.754972706948008 0.796246411544936 0.787016349179404 0.762015300137656 0.693181936229978 0.696892261505127 0.745223477482796 0.748668347086225 0.762562738997596 0.906042505055666 0.744568194661822 0.881860513240099 0.797813136130571 0.716750890016556 0.719007004584585 0.694880892123495 0.702090963721275 0.811250790953636 0.863886930048466
-9999 -9999 -9999 -9999 -9999 -9999 -9999 -9999 -9999 -9999 35.2986888885498 9.21393794193864 5.96715990702311 4.63805613915125 4.60583411946016 3.49440610408783 2.92785190343857 9.24607429083656 5.31912818448297 1.86115755846626 4.33383464813232 2.29891879856586 1.67611846753529 1.59319332667759 1.65657404065132 1.47721961326897 1.4000025652349 1.37853278964758 1.28388608247042 1.09810854122043 0.919604988768697 0.867968989536166 0.909221453592181 0.875604171305895 0.918405996635556 0.955675525590777 0.915541794151068 0.756863357765334 0.750852738107954 0.718597048095294 0.727537412728582 0.729054208312716 0.665486454963684 0.67438553912299 0.674619951418468 0.684372412306922 0.704725410257067 0.711553075483867 0.710898412125451 0.739905187061855 0.771621855241912 0.77238547376224 0.737224299992834 0.707233824900218 0.701821835977691 0.713281273841858 0.726670580250876 0.719153906617846 0.720365128346852 0.714716351458004 0.699140572122165 0.707136301057679
-9999 -9999 -9999 -9999 -9999 -9999 -9999 -9999 -9999 -9999 -9999 -9999 -9999 3.55595231056213 5.02118409381193 6.31201042234898 7.64567255973816 -9999 -9999 -9999 -9999 -9999 2.70659245942768 2.59143527816324 2.28720545768738 2.06284410506487 1.64803110435605 1.55357836559415 1.3533700145781 1.32475635409355 0.971595453098416 0.874798614531755 0.855214426293969 0.866225335747004 0.910564614459872 0.893966149538755 0.909945297986269 0.917579501867294 0.725808313914708 0.697763679283006 0.672402013625417 0.808587832376361 0.807119362056255 0.815053582191467 0.771372942253947 0.808527750894427 0.816285274922848 0.705951416066715 0.726513964789254 0.728690238935607 0.753951443093164 0.767522379755974 0.74973490195615 0.747633531689644 0.732899148549352 0.758949433054243 0.769323757716588 0.770632260612079 0.744971566966602 0.727501815983227 0.729709165436881 0.762227699160576
-9999 -9999 -9999 -9999 -9999 -9999 -9999 -9999 -9999 -9999 -9999 -9999 -9999 16.6274771690369 16.6274771690369 16.6274771690369 -9999 -9999 -9999 -9999 -9999 -9999 4.94490551948547 4.94490551948547 4.94490551948547 0.308659605681896 3.04703197308949 1.84834962382036 1.40868500992656 1.30537483468652 1.17815561033785 1.05517050437629 0.952942511066794 0.921298043802381 0.924632783979177 0.991999944671988 0.983165223151445 0.957127947360277 0.954303156584501 0.866003075614572 0.839455308392644 0.859503652900457 0.85801399871707 0.684418699571064 0.70393157856805 0.698915796620505 0.700272553733417 0.654394945928029 0.684687769838742 0.722735019666808 0.770088308623859 0.752382931964738 0.766286015510559 0.773465062890734 0.764919947300639 0.75088455421584 0.752555142555918 0.758313334413937 0.764430731534958 0.765129772680146 0.775787868670055 0.740807546036584
-9999 -9999 -9999 -9999 -9999 -9999 -9999 -9999 -9999 -9999 -9999 -9999 -9999 -9999 -9999 -9999 -9999 -9999 -9999 -9999 -9999 -9999 -9999 -9999 -9999 -9999 2.95322714107377 2.74746610837824 3.24773037083009 1.403694704175 1.44386238232255 1.20186934433877 1.23821721758161 1.01053895907743 1.03368048369884 1.06829483807087 1.02772632054985 0.962664496153593 0.960701040923595 0.684403596179826 0.71281415436949 0.738892831972667 0.752879466329302 0.736294371741159 0.746102999363627 0.735248239977019 0.725403562188148 0.800969896571977 0.782951372010367 0.757799589208194 0.770523005298206 0.722901437963758 0.758998274803162 0.742121553846768 0.767914703914097 0.790377450840814 0.760783502033779 0.790668987802097 0.79013465983527 0.797495273607118 0.766755338226046 0.766947422708784
-9999 -9999 -9999 -9999 -9999 -9999 -9999 -9999 -9999 -9999 -9999 -9999 -9999 -9999 -9999 -9999 -9999 -9999 -9999 -9999 -9999 -9999 -9999 -9999 -9999 -9999 -9999 13.3137590003014 3.41662593398775 2.71868158131838 2.41146366298199 1.90698473900557 1.57516959735325 1.240317348923 1.303745167596 1.12362398207188 1.1233496312052 1.04843164980412 0.964518494904041 0.806213762078966 0.764416056019919 0.774219127637999 0.790963615689959 0.792095239673342 0.837833027754511 0.814344629645348 0.800409621426037 0.787259242364338 0.782460744891848 0.764783275978906 0.779227080089705 0.780667190040861 0.783925812159266 0.767637848854065 0.769098209483283 0.763528506670679 0.766366379601615 0.734358940805708 0.707496943218367 0.72277962735721 0.744204212512289 0.749368505818503
