EcologicalScience/Bass/data/rs_data_bass/chl_449.asc
NCOLS 226 
NROWS 124 
XLLCORNER -9.41648524995501 
YLLCORNER 47.587301625531 
CELLSIZE 0.0833 
NODATA_value -9999 
[rows 54 to 80 of 124, columns 124 to 185 of 226]
2.18181145191193 2.39171290397644 3.33896613121033 2.81579250097275 5.98112690448761 4.61109459400177 3.77997815608978 2.84072542190552 2.74693500995636 2.42329126596451 2.32889252901077 2.72263866662979 2.89036506414413 2.79881858825684 2.81622076034546 2.85837078094482 2.53355169296265 1.76942932605743 1.78633046150208 1.76740050315857 1.8038894534111 1.89911842346191 1.98500919342041 2.02094095945358 2.06408393383026 2.38357794284821 2.59315198659897 2.54657632112503 2.31777602434158 2.37559050321579 2.6791695356369 2.7805672287941 2.66547971963882 1.91722941398621 1.90348416566849 2.09164416790009 2.05263233184814 1.86560475826263 1.96878826618195 1.96245682239532 1.86572849750519 1.71541571617126 1.56138753890991 1.56002408266068 1.66182446479797 1.89600831270218 2.2813019156456 2.50722223520279 4.53630316257477 6.48410868644714 5.40606307983398 5.59591734409332 4.46485733985901 4.2883425951004 4.76860642433167 5.84932887554169 6.2998366355896 6.33427834510803 4.96074655652046 7.87673448925176 -9999 -9999
2.75514525175095 3.34189188480377 2.22086173295975 4.01439535617828 3.90311014652252 1.94859784841537 8.5106213092804 3.52679765224457 2.84738856554031 2.41453349590302 2.57766008377075 2.65143227577209 2.8365923166275 2.84630692005157 2.3974215388298 1.92727571725845 1.67254346609116 1.7646090388298 1.78781926631927 1.80112355947495 1.86260855197906 1.92481058835983 2.03267097473145 2.11438947916031 2.21746122837067 2.49959921836853 2.68127024173737 3.06072163581848 3.11184453964233 2.78771030902863 2.62969493865967 2.80839818716049 2.17459201812744 2.10765677690506 1.96665894985199 1.89177525043488 1.82758802175522 1.54322916269302 1.56725996732712 1.87752592563629 2.17668378353119 2.23139780759811 1.8589169383049 1.70141172409058 1.68181800842285 1.99452817440033 2.85403203964233 4.61945843696594 6.50251722335815 6.25747847557068 3.41068196296692 8.9608690738678 4.59760558605194 5.49387359619141 6.00590872764587 10.3485372249897 10.5720698833466 -9999 -9999 -9999 -9999 -9999
2.563835978508 2.49903005361557 2.35149317979813 5.92546355724335 5.46113312244415 2.16665476560593 2.08628556132317 7.40808534622192 3.21879601478577 2.88336217403412 2.79695391654968 2.84185427427292 2.67515480518341 2.61243975162506 2.42500948905945 2.13785773515701 1.97453856468201 1.95466947555542 1.88359880447388 1.8627473115921 1.91434568166733 2.09811151027679 2.47136181592941 2.57820904254913 3.51213133335114 4.90911912918091 3.81653702259064 3.09812700748444 3.13925850391388 2.83268541097641 2.99070972204208 2.85813975334167 2.16385424137115 1.96768194437027 1.91667830944061 1.74306982755661 1.5578670501709 1.33109477162361 1.41933220624924 1.77650552988052 2.24231708049774 2.25356322526932 2.30015480518341 2.20480495691299 2.09872341156006 2.56158077716827 3.9401468038559 2.92961615547538 7.91028732061386 4.24015724658966 4.19550132751465 5.03946089744568 6.1613245010376 8.85826800763607 -9999 -9999 -9999 -9999 -9999 -9999 -9999 -9999
2.78112155199051 2.60807025432587 2.47366654872894 2.22326177358627 2.23483800888062 2.11550027132034 2.49515926837921 6.79761672019958 5.63253164291382 4.78618347644806 3.04854297637939 2.87613075971603 2.60711181163788 2.59394252300262 2.48870855569839 2.30134427547455 1.88607233762741 1.87356233596802 2.11384874582291 2.11215591430664 2.11548525094986 2.03312999010086 2.77615803480148 2.69117027521133 2.7839047908783 3.04526460170746 3.38453686237335 3.79959297180176 3.35411846637726 3.3109245300293 3.03319716453552 2.54975473880768 2.02674597501755 1.81675958633423 1.72814851999283 1.79265081882477 1.88605803251266 1.87464380264282 2.08492130041122 2.70213603973389 2.45158267021179 2.34023469686508 2.47577404975891 2.39159023761749 2.35133099555969 2.95417875051498 5.97748339176178 18.4359794434379 10.1148068904877 7.01238512992859 4.63282513618469 5.18083655834198 7.31515145301819 15.5141060674513 -9999 -9999 -9999 -9999 -9999 -9999 -9999 -9999
3.50974559783936 2.62290751934052 2.44740074872971 2.40325355529785 2.56132173538208 2.32624733448029 4.09707391262054 3.20497190952301 2.9362245798111 3.24958491325378 12.2697215080261 3.26905882358551 2.8721512556076 2.24119502305984 1.91427826881409 1.74160730838776 1.91860342025757 2.1681067943573 2.07585453987122 1.95798683166504 1.96592706441879 2.12280374765396 2.49590331315994 2.83466845750809 2.50040692090988 2.71249580383301 2.84512424468994 3.11860942840576 2.70333820581436 2.68839007616043 2.47109699249268 2.02241098880768 1.73276549577713 1.52662432193756 1.43844750523567 1.54762655496597 1.89899700880051 2.86119675636292 3.30215692520142 4.26410007476807 4.08652281761169 3.76858055591583 3.6474906206131 3.38462483882904 3.68702924251556 4.52872574329376 12.5420122146606 10.6067540645599 6.43701410293579 6.66687798500061 7.25628304481506 5.71492516994476 56.6927385891185 -9999 -9999 -9999 -9999 -9999 -9999 -9999 -9999 -9999
26.9758181512356 3.05917882919312 2.96864628791809 2.96402728557587 3.0410670042038 3.03999423980713 3.12356472015381 3.19289171695709 2.94826459884644 3.5687255859375 2.0608976483345 11.4142899513245 4.48229920864105 2.44170516729355 2.03021031618118 1.73763298988342 2.19882827997208 2.40216082334518 2.07971030473709 2.0200799703598 2.13806319236755 2.25573974847794 2.75912547111511 2.80254900455475 2.81901526451111 2.44999122619629 2.96347492933273 2.60542720556259 2.3256561756134 2.02949094772339 2.00052148103714 2.04939597845078 1.72017449140549 1.50445657968521 1.40399247407913 1.53923320770264 1.8492037653923 2.0192985534668 2.30431723594666 3.30404090881348 6.17002272605896 6.43683314323425 7.16771578788757 5.16828882694244 5.28697872161865 -9999 7.62880277633667 6.11493587493896 7.21815991401672 5.92231214046478 23.0989397952431 34.4451589023366 42.9040635613834 40.1523130621229 -9999 -9999 -9999 -9999 -9999 -9999 -9999 -9999
-9999 -9999 -9999 -9999 -9999 2.28387522697449 3.1283260434866 3.09184741973877 3.19602119922638 2.98418664932251 2.72444224357605 2.29106247425079 11.0429584980011 3.26984024047852 2.20910632610321 2.13208419084549 2.11758005619049 1.94556748867035 1.95525974035263 2.12007451057434 2.45716720819473 2.45867621898651 2.52553957700729 2.32064616680145 2.40629768371582 2.04877281188965 2.45911878347397 2.78317433595657 2.18377947807312 1.71125543117523 1.53803694248199 1.68821096420288 1.62792831659317 1.45630502700806 1.43246403336525 1.55920207500458 2.21048623323441 2.54794192314148 2.93720841407776 3.52304184436798 7.69522190093994 9.28573250770569 12.1231055259705 11.8787527084351 6.89338731765747 10.7644728642066 -9999 -9999 -9999 -9999 30.7636514902115 30.5087032318115 50.5654884639539 57.2936010360718 -9999 -9999 -9999 -9999 -9999 -9999 -9999 -9999
-9999 -9999 -9999 -9999 -9999 -9999 -9999 -9999 3.39803463220596 3.30460345745087 3.14697539806366 2.89930057525635 2.31041622161865 5.90872120857239 3.71370005607605 2.10015070438385 2.02307242155075 1.98043048381805 2.18906021118164 2.15387696027756 2.5953780412674 2.64008170366287 2.40339303016663 3.09949958324432 2.55478799343109 2.23749446868896 2.069739818573 1.87792646884918 1.9946249127388 1.54476678371429 1.29169195890427 1.36423274874687 1.40757974982262 1.4617874622345 1.43403750658035 1.58166682720184 2.27943295240402 3.62736833095551 3.98000836372375 6.58244705200195 11.1541986465454 14.7911138534546 24.3737840652466 31.6487445831299 19.680686429143 29.0682649612427 -9999 -9999 -9999 -9999 17.548882484436 15.9036945967839 28.8237669203017 47.0601968765259 62.9451942443848 30.3961055980009 -9999 -9999 -9999 -9999 -9999 -9999
-9999 -9999 -9999 -9999 -9999 -9999 -9999 -9999 -9999 -9999 3.58149003982544 2.70951908826828 2.55066972970963 2.38746446371078 4.4457403421402 2.5201740860939 2.01918894052505 1.98512023687363 2.13139808177948 2.39589375257492 3.03162610530853 2.72633993625641 2.57768779993057 3.57577657699585 2.75025218725204 2.24311727285385 2.00228548049927 1.62424653768539 1.57175767421722 1.51312208175659 1.52771544456482 1.45172023773193 1.53062850236893 1.59131330251694 1.40291100740433 1.62094867229462 2.31210154294968 3.64392006397247 5.7798832654953 10.1271507740021 10.3030242919922 12.3433856964111 15.2756266593933 30.2430295944214 10.4374280323103 -9999 -9999 -9999 -9999 -9999 -9999 -9999 12.9094190597534 13.8784174919128 37.3356313705444 58.2644691467285 10.8786277770996 -9999 -9999 -9999 -9999 -9999
-9999 -9999 -9999 -9999 -9999 -9999 -9999 -9999 -9999 4.3704868555069 3.61890542507172 2.91111141443253 2.41807508468628 2.48295217752457 2.33325308561325 4.15077316761017 2.95294278860092 2.36323499679565 2.61121416091919 2.40679728984833 2.45480096340179 2.76567596197128 2.6911529302597 2.64932316541672 1.98875105381012 1.91370230913162 1.76327633857727 1.55140650272369 1.55396175384521 1.55435103178024 1.60785073041916 1.6080030798912 1.62152999639511 1.53254699707031 1.44798597693443 1.45890372991562 2.08319020271301 4.09814715385437 10.3764982223511 10.5900571346283 11.5975677967072 12.135838508606 15.0560216903687 21.6450548171997 12.5516575077205 33.0447750091553 -9999 -9999 -9999 22.449206829071 13.1051487922668 14.6047410964966 15.4866600036621 15.4277558326721 9.97197103500366 17.8077421188354 13.7489769193861 -9999 -9999 -9999 -9999 -9999
-9999 -9999 -9999 -9999 -9999 -9999 -9999 -9999 -9999 -9999 3.75399208068848 3.51199507713318 3.3901823759079 2.97675973176956 2.71423941850662 2.43317252397537 2.76615750789642 6.91286945343018 8.93994641304016 2.87979966402054 2.23833292722702 2.00855630636215 2.08673179149628 2.00032424926758 1.90037852525711 1.7489213347435 1.80409204959869 1.83322942256927 1.80003368854523 1.72822880744934 1.6547879576683 1.56372231245041 1.52465844154358 1.43178078532219 1.38065922260284 1.51420050859451 2.18916374444962 7.30771708488464 10.8172624111176 11.1430764198303 9.27459526062012 12.252881526947 14.9208812713623 22.8082308769226 7.51313572022521 -9999 -9999 -9999 -9999 -9999 20.2400643825531 14.1009335517883 12.7284218072891 12.6995930671692 15.8881573677063 -9999 -9999 -9999 -9999 -9999 -9999 -9999
-9999 -9999 -9999 -9999 -9999 -9999 -9999 -9999 -9999 3.67937564849854 3.03993648290634 4.2895792722702 3.41510188579559 3.02392423152924 2.29961621761322 2.54526150226593 3.97458815574646 2.98854607343674 2.60226380825043 4.77791261672974 2.07319432497025 1.50939667224884 1.5052462220192 1.68510228395462 1.69199180603027 1.81487774848938 1.86007422208786 1.82234841585159 1.66721624135971 1.56283718347549 1.51252573728561 1.48396047949791 1.46446278691292 1.41674172878265 1.6096283197403 2.45735621452332 3.08144545555115 9.6656928062439 11.4951260089874 9.66501975059509 8.58484840393066 13.4400358200073 11.846809387207 6.45948918120375 3.86466658115387 -9999 -9999 -9999 -9999 -9999 12.5781357505105 20.2941312789917 11.7028069496155 20.5901353770289 -9999 -9999 -9999 -9999 -9999 -9999 -9999 -9999
-9999 -9999 -9999 -9999 -9999 -9999 -9999 -9999 -9999 3.32725321329557 3.31773805618286 2.90389765799046 3.06926107406616 2.35832619667053 2.27038496732712 2.26633733510971 2.05190706253052 2.09694457054138 1.48082104325294 2.42286819219589 1.66090875864029 1.52032041549683 1.50183230638504 1.69574546813965 1.703637778759 1.73826974630356 1.74895352125168 1.733019053936 1.73060327768326 1.76691520214081 1.76801472902298 1.71625953912735 1.58448082208633 1.58542656898499 2.22929173707962 3.22275674343109 4.9323878288269 4.91452503204346 8.11894512176514 9.0929274559021 6.72354125976562 7.85142087936401 8.44759941101074 8.00632654347466 3.86466693878174 -9999 -9999 -9999 -9999 12.1949715614319 -9999 -9999 -9999 -9999 -9999 -9999 -9999 -9999 -9999 -9999 -9999 -9999
-9999 -9999 -9999 -9999 -9999 -9999 -9999 -9999 -9999 4.04990805898394 2.79924380779266 2.72236025333405 2.49612146615982 2.33745896816254 1.92960155010223 1.94427144527435 1.5690284371376 1.52633321285248 1.53445941209793 1.54340994358063 1.90195941925049 1.62135672569275 1.63593453168869 1.72641974687576 1.69964772462845 1.67541968822479 1.72569447755814 1.8514056801796 1.93834644556046 2.07459819316864 2.13310647010803 2.04400116205215 1.82775217294693 1.83790951967239 2.39539432525635 3.06339526176453 3.88088536262512 6.11561036109924 9.03303623199463 6.36514806747437 7.08662509918213 8.30767965316772 9.13931619089041 -9999 -9999 -9999 -9999 -9999 -9999 -9999 -9999 -9999 -9999 -9999 -9999 -9999 -9999 -9999 -9999 -9999 -9999 -9999
-9999 -9999 -9999 -9999 -9999 -9999 -9999 -9999 9.25415398733956 3.71705389022827 3.1811910867691 2.86850470304489 2.65586704015732 2.30333018302917 2.10463500022888 2.08193099498749 1.87411952018738 1.69795507192612 1.68746995925903 1.64900994300842 1.55283522605896 1.756192445755 1.68299102783203 1.71768969297409 1.71375077962875 1.73065656423569 1.79987472295761 1.96886104345322 2.02198952436447 2.0567609667778 2.08257830142975 1.78985023498535 1.78107458353043 1.90475249290466 2.49714607000351 3.13196682929993 3.8085765838623 5.05735731124878 8.0907039642334 9.98691415786743 12.1136255264282 7.68353621776287 14.9470383331 -9999 -9999 -9999 -9999 -9999 -9999 -9999 -9999 -9999 -9999 -9999 -9999 -9999 -9999 -9999 -9999 -9999 -9999 -9999
-9999 -9999 -9999 -9999 -9999 -9999 -9999 3.28386068344116 3.42833877631596 3.61337041854858 3.35386061668396 3.08496809005737 3.05605888366699 2.39637744426727 2.43837529420853 2.23039716482162 2.20421916246414 1.9911675453186 1.7686425447464 1.63817775249481 1.58658671379089 1.62504833936691 2.10082429647446 1.85556828975677 1.78214478492737 1.82213401794434 1.84513717889786 1.93314224481583 1.99159133434296 1.94426107406616 1.76775008440018 1.66621506214142 1.64820367097855 1.90276569128036 2.62987124919891 3.3934725522995 3.4707487821579 5.00093185901642 7.03543925285339 6.41034150123596 21.7300499203136 5.69786846637726 3.25656187534332 -9999 -9999 -9999 -9999 -9999 -9999 -9999 -9999 -9999 -9999 -9999 -9999 -9999 -9999 -9999 -9999 -9999 -9999 -9999
-9999 -9999 -9999 -9999 -9999 -9999 4.14001372882298 3.73938065767288 3.62309682369232 3.5444540977478 3.43880546092987 3.33216440677643 2.92457842826843 2.71974670886993 2.73132008314133 2.41609793901443 2.30025905370712 2.00606775283813 1.69905370473862 1.68455100059509 1.6931369304657 1.79836803674698 1.71473997831345 2.65660572052002 2.00869274139404 1.72614741325378 1.74189591407776 1.78497308492661 1.79184222221375 1.73381996154785 1.79265832901001 1.9343678355217 1.95736491680145 2.24136972427368 3.250896692276 4.05591380596161 3.8464103937149 3.8696311712265 4.40120315551758 -9999 -9999 -9999 -9999 -9999 -9999 -9999 -9999 -9999 -9999 -9999 -9999 -9999 -9999 -9999 -9999 -9999 -9999 -9999 -9999 -9999 -9999 -9999
-9999 -9999 -9999 -9999 3.99778224871709 3.37111151218414 3.32276380062103 3.08528852462769 3.66463959217072 3.40729558467865 3.17185664176941 3.03601205348969 2.86926448345184 2.83331555128098 2.45733600854874 2.1101490855217 1.90426808595657 1.50390529632568 1.6274362206459 1.64605432748795 1.75791817903519 1.90185230970383 1.87682783603668 1.72801494598389 1.70345771312714 2.50871032476425 1.87278592586517 1.85817593336105 1.96306657791138 2.02264273166656 2.40181428194046 2.65384429693222 3.082186460495 3.91841912269592 5.21620273590088 4.49737644195557 3.50516566477324 4.3489191191537 -9999 -9999 -9999 -9999 -9999 -9999 -9999 -9999 -9999 -9999 -9999 -9999 -9999 -9999 -9999 -9999 -9999 -9999 -9999 -9999 -9999 -9999 -9999 -9999
-9999 -9999 -9999 -9999 4.28563752541175 4.19196154390063 2.93521124124527 2.95315951108932 3.30220055580139 3.23973977565765 3.02772617340088 2.88475728034973 2.87483632564545 2.74345278739929 2.17948418855667 2.0390864610672 1.86066967248917 1.55794805288315 1.53028571605682 1.5738787651062 1.62952798604965 1.82386726140976 1.8467001914978 1.78911530971527 1.75622552633286 2.50049328804016 2.77421253919601 2.45456099510193 2.3542612195015 2.4787859916687 2.9234265089035 4.0653315782547 4.98500561714172 5.32555425167084 5.28391420841217 4.46656572818756 4.28102338314056 -9999 -9999 -9999 -9999 -9999 -9999 -9999 -9999 -9999 -9999 -9999 -9999 -9999 -9999 -9999 -9999 -9999 -9999 -9999 -9999 -9999 -9999 -9999 -9999 -9999
-9999 62.0026988983154 3.45775866508484 3.14739596843719 3.22987425327301 3.04288065433502 3.07434296607971 3.40658926963806 3.32004225254059 3.08017516136169 2.9056853055954 2.77490544319153 2.84198927879333 2.364462018013 1.89195370674133 1.75362074375153 1.5595371723175 1.58074808120728 1.59465676546097 1.63435417413712 1.69751626253128 1.84347367286682 1.86847043037415 1.90401381254196 1.91192632913589 2.04771816730499 2.45122200250626 2.73937726020813 3.97324204444885 3.16164207458496 3.38650417327881 4.34627866744995 4.74402165412903 5.75604236125946 4.77793729305267 23.6632479353154 -9999 -9999 -9999 -9999 -9999 -9999 -9999 -9999 -9999 -9999 -9999 -9999 -9999 -9999 -9999 -9999 -9999 -9999 -9999 -9999 -9999 -9999 -9999 -9999 -9999 -9999
3.54540172907022 3.77674734592438 3.44474315643311 3.20910465717316 3.01648128032684 3.02574741840363 3.02819037437439 3.17662739753723 3.20685732364655 3.00688183307648 2.71576881408691 2.43849223852158 2.1052919626236 1.54526317119598 1.59099000692368 1.51906192302704 1.60520625114441 1.6424378156662 1.7662650346756 1.75836896896362 1.78785681724548 1.79095494747162 1.83381146192551 1.90619623661041 1.96483200788498 2.15229892730713 2.25663381814957 2.40031492710114 2.49186158180237 3.01838386058807 3.8790442943573 5.50141131877899 6.4462616443634 -9999 -9999 -9999 -9999 -9999 -9999 -9999 -9999 -9999 -9999 -9999 -9999 -9999 -9999 -9999 -9999 -9999 -9999 -9999 -9999 -9999 -9999 -9999 -9999 -9999 -9999 -9999 -9999 -9999
4.05044785567692 3.13127553462982 3.06581389904022 3.12422168254852 3.1787041425705 3.06098413467407 2.6779568195343 2.47161144018173 2.67924374341965 2.40564000606537 2.16945004463196 2.03755581378937 1.43644800782204 1.21239298582077 1.31376376748085 1.45007023215294 1.76790529489517 1.75409477949142 1.77393597364426 1.70538979768753 1.8394410610199 1.85652458667755 2.02032905817032 2.0592457652092 2.26731222867966 2.45239806175232 2.56207501888275 2.5419899225235 2.88332855701447 3.49361836910248 5.50144135951996 8.40438580513 8.22368359565735 3.56831645965576 9.79649019241333 8.27420987504901 -9999 -9999 -9999 -9999 -9999 -9999 -9999 -9999 -9999 -9999 -9999 -9999 -9999 -9999 -9999 -9999 -9999 -9999 -9999 -9999 -9999 -9999 -9999 -9999 -9999 -9999
3.37370867729187 3.21283378601074 2.68724781274796 3.00958657264709 2.60714024305344 2.52404844760895 2.51733899116516 2.01854467391968 1.9312350153923 1.66928172111511 1.710120677948 1.90955096483231 1.60061627626419 1.5841920375824 1.58966767787933 1.63962596654892 1.73288404941559 1.76430970430374 1.72870570421219 1.79631453752518 1.90066570043564 1.97596281766891 2.11626827716827 2.31826883554459 2.51854956150055 2.66478145122528 2.86516803503036 2.91483968496323 3.86935257911682 5.39751613140106 15.0510120391846 -9999 -9999 -9999 -9999 -9999 -9999 -9999 -9999 -9999 -9999 -9999 -9999 -9999 -9999 -9999 -9999 -9999 -9999 -9999 -9999 -9999 -9999 -9999 -9999 -9999 -9999 -9999 -9999 -9999 -9999 -9999
3.5433406829834 3.0186173915863 3.17968440055847 2.94118791818619 2.97853946685791 3.0311586856842 2.89283180236816 2.97321456670761 2.61686700582504 2.08029216527939 1.89193958044052 1.71649342775345 1.53088045120239 1.55537098646164 1.75260829925537 1.85222625732422 1.98084676265717 1.81739169359207 1.80162441730499 2.06902724504471 2.17763704061508 2.25841569900513 2.3514404296875 2.47499549388885 2.92325627803802 3.30069065093994 3.65937745571136 3.93353712558746 3.9496089220047 4.2154598236084 3.87167716026306 4.02262938022614 -9999 -9999 -9999 -9999 -9999 -9999 16.5784778594971 12.6942715644836 -9999 -9999 -9999 -9999 -9999 -9999 -9999 -9999 -9999 -9999 -9999 -9999 -9999 -9999 -9999 -9999 -9999 -9999 -9999 -9999 -9999 -9999
4.23746302127838 4.08912220001221 3.25115382671356 3.3929032087326 3.296990275383 3.26518034934998 2.60112968087196 2.70372676849365 3.00465059280396 2.24933552742004 1.9253985285759 1.29306077957153 1.2998032271862 1.58893418312073 1.74610805511475 1.79587733745575 1.59528976678848 1.67191869020462 1.94840919971466 2.26870429515839 2.38447201251984 2.59561568498611 2.7087367773056 2.82333898544312 2.9937082529068 3.03191471099854 2.9076434969902 2.60632717609406 3.89986771345139 3.26219136714935 4.67126423897951 3.42093944549561 -9999 -9999 -9999 -9999 -9999 -9999 -9999 -9999 -9999 -9999 -9999 -9999 -9999 -9999 -9999 -9999 -9999 -9999 -9999 -9999 -9999 -9999 -9999 -9999 -9999 -9999 -9999 -9999 -9999 -9999
-9999 -9999 -9999 -9999 -9999 5.90873278771247 3.36067189693451 2.79986250400543 2.5034054517746 1.60995751619339 1.23536172509193 1.08229199051857 1.19401949644089 1.64200043678284 1.68220120668411 1.63051056861877 1.89974856376648 2.07080554962158 2.10916274785995 2.35963654518127 2.59521746635437 2.70033377408981 2.79263931512833 3.03024208545685 3.11199152469635 3.04427933692932 -9999 -9999 -9999 -9999 -9999 -9999 -9999 -9999 -9999 -9999 -9999 -9999 -9999 -9999 -9999 -9999 -9999 -9999 -9999 -9999 -9999 -9999 -9999 -9999 -9999 -9999 -9999 -9999 -9999 -9999 -9999 -9999 -9999 -9999 -9999 -9999
-9999 -9999 -9999 -9999 -9999 -9999 2.64675217866898 2.41625243425369 1.62704175710678 1.2670125067234 1.18206971883774 1.1626650094986 1.18360501527786 1.26595196127892 1.51943475008011 1.90677756071091 2.04223877191544 2.16972827911377 2.30596733093262 2.52647995948792 2.76516383886337 2.93967372179031 2.88558000326157 2.41885131597519 -9999 -9999 -9999 -9999 -9999 -9999 -9999 -9999 -9999 -9999 -9999 -9999 -9999 -9999 -9999 -9999 -9999 -9999 -9999 -9999 -9999 -9999 -9999 -9999 -9999 -9999 -9999 -9999 -9999 -9999 -9999 -9999 -9999 -9999 -9999 -9999 -9999 -9999
