EcologicalScience/Bass/data/rs_data_bass/chl_490.asc
NCOLS 226 
NROWS 124 
XLLCORNER -9.41648524995501 
YLLCORNER 47.587301625531 
CELLSIZE 0.0833 
NODATA_value -9999 
[rows 0 to 26 of 124, columns 62 to 123 of 226]
-9999 -9999 -9999 -9999 -9999 -9999 -9999 -9999 -9999 -9999 -9999 -9999 -9999 -9999 -9999 -9999 -9999 -9999 -9999 -9999 -9999 -9999 -9999 -9999 -9999 -9999 -9999 -9999 -9999 -9999 -9999 -9999 -9999 -9999 -9999 -9999 -9999 -9999 -9999 -9999 -9999 -9999 -9999 -9999 -9999 -9999 -9999 -9999 -9999 -9999 -9999 -9999 -9999 -9999 -9999 -9999 -9999 -9999 -9999 -9999 -9999 -9999
-9999 -9999 -9999 -9999 -9999 -9999 -9999 -9999 -9999 -9999 -9999 -9999 -9999 -9999 -9999 -9999 -9999 -9999 -9999 -9999 -9999 -9999 -9999 -9999 -9999 -9999 -9999 -9999 -9999 -9999 -9999 -9999 -9999 -9999 -9999 -9999 -9999 -9999 -9999 -9999 -9999 -9999 -9999 -9999 -9999 -9999 -9999 -9999 -9999 -9999 -9999 -9999 -9999 -9999 -9999 -9999 -9999 -9999 -9999 -9999 -9999 -9999
-9999 -9999 -9999 -9999 -9999 -9999 -9999 -9999 -9999 -9999 -9999 -9999 -9999 -9999 -9999 -9999 -9999 -9999 -9999 -9999 -9999 -9999 -9999 -9999 -9999 -9999 -9999 -9999 -9999 -9999 -9999 -9999 -9999 -9999 -9999 -9999 -9999 -9999 -9999 -9999 -9999 -9999 -9999 -9999 -9999 -9999 -9999 -9999 -9999 -9999 -9999 -9999 -9999 -9999 -9999 -9999 -9999 -9999 -9999 -9999 -9999 -9999
-9999 -9999 -9999 -9999 -9999 -9999 -9999 -9999 -9999 -9999 -9999 -9999 -9999 -9999 -9999 -9999 -9999 -9999 -9999 -9999 -9999 -9999 -9999 -9999 -9999 -9999 -9999 -9999 -9999 -9999 -9999 -9999 -9999 -9999 -9999 -9999 -9999 -9999 -9999 -9999 -9999 -9999 -9999 -9999 -9999 -9999 -9999 -9999 -9999 -9999 -9999 -9999 -9999 -9999 -9999 -9999 -9999 -9999 -9999 -9999 -9999 -9999
-9999 -9999 -9999 -9999 -9999 -9999 -9999 -9999 -9999 -9999 -9999 -9999 -9999 -9999 -9999 -9999 -9999 -9999 -9999 -9999 -9999 -9999 -9999 -9999 -9999 -9999 -9999 -9999 -9999 -9999 -9999 -9999 -9999 -9999 -9999 -9999 -9999 -9999 -9999 -9999 -9999 -9999 -9999 -9999 -9999 -9999 -9999 -9999 -9999 -9999 -9999 -9999 -9999 -9999 -9999 -9999 -9999 -9999 -9999 -9999 -9999 -9999
-9999 -9999 -9999 -9999 -9999 -9999 -9999 -9999 -9999 -9999 -9999 -9999 -9999 -9999 -9999 -9999 -9999 -9999 -9999 -9999 -9999 -9999 -9999 -9999 -9999 -9999 -9999 -9999 0.63735419511795 1.81127518415451 1.6659716963768 1.34783747792244 0.778469949960709 0.58919133245945 0.560031339526176 0.678148537874222 0.784973859786987 0.71523579955101 0.655919551849365 0.614968791604042 0.584434479475021 0.587510973215103 0.599855840206146 0.618710294365883 0.635979071259499 0.644617930054665 0.643795743584633 0.560253694653511 0.510064199566841 0.496943145990372 0.516885280609131 0.493540450930595 0.463663950562477 0.4272450953722 0.406636655330658 0.416096538305283 0.469865843653679 0.452364698052406 0.394358798861504 0.38322825729847 0.38113372027874 0.381502524018288
-9999 -9999 -9999 -9999 -9999 -9999 -9999 -9999 -9999 -9999 -9999 -9999 -9999 -9999 -9999 -9999 -9999 -9999 -9999 -9999 -9999 -9999 -9999 -9999 -9999 -9999 1.18186515569687 1.0627324283123 3.007768034935 2.24303394556046 1.67647343873978 1.2914704978466 0.867759793996811 0.696627795696259 0.620320871472359 0.633454710245132 0.795389950275421 0.796991318464279 0.791255414485931 0.637145608663559 0.579700827598572 0.62595708668232 0.684401795268059 0.708964794874191 0.700520530343056 0.664319381117821 0.68788830935955 0.678137317299843 0.573670461773872 0.499685660004616 0.49257293343544 0.481594607234001 0.451799780130386 0.411372765898705 0.395316481590271 0.414163023233414 0.390773713588715 0.345440089702606 0.368243269622326 0.388743817806244 0.364360146224499 0.361791305243969
-9999 -9999 -9999 -9999 -9999 -9999 -9999 -9999 -9999 -9999 -9999 -9999 -9999 -9999 -9999 -9999 -9999 -9999 -9999 -9999 -9999 -9999 -9999 -9999 -9999 -9999 1.18186515569687 2.6843558549881 2.45315587520599 1.93127810955048 1.47785407304764 1.10109409689903 0.801507622003555 0.654167085886002 0.618274971842766 0.580658555030823 0.621819734573364 0.60164313018322 0.664034128189087 0.789759635925293 0.771197766065598 0.786209911108017 0.770027428865433 0.788437306880951 0.876024752855301 0.707070395350456 0.661178737878799 0.613505512475967 0.574639365077019 0.515436708927155 0.490659490227699 0.464984267950058 0.428814053535461 0.423409268260002 0.442928239703178 0.445983588695526 0.399323612451553 0.347905084490776 0.374008499085903 0.400982737541199 0.403335437178612 0.392478123307228
-9999 -9999 -9999 -9999 -9999 -9999 -9999 -9999 -9999 -9999 -9999 -9999 -9999 -9999 -9999 -9999 -9999 -9999 -9999 -9999 -9999 -9999 -9999 -9999 -9999 -9999 5.1998375505209 2.15114521980286 1.64452368021011 1.41587474942207 1.11500108242035 0.890344530344009 0.694883912801743 0.647709846496582 0.611866638064384 0.58819305896759 0.559955254197121 0.540835618972778 0.610590800642967 0.959619373083115 1.00953537225723 0.943343907594681 0.886422514915466 0.850674122571945 0.896187096834183 0.868429720401764 0.703647136688232 0.649633258581161 0.524831771850586 0.498824179172516 0.46166704595089 0.424984887242317 0.420081719756126 0.428172960877419 0.435506299138069 0.433308988809586 0.391510382294655 0.372556865215302 0.413576424121857 0.451541572809219 0.438008666038513 0.43975442647934
-9999 -9999 -9999 -9999 -9999 -9999 -9999 -9999 -9999 -9999 -9999 -9999 -9999 -9999 -9999 -9999 -9999 -9999 -9999 -9999 -9999 -9999 -9999 -9999 -9999 1.19121462106705 2.37590557336807 1.3830638229847 0.913226813077927 0.858646363019943 0.852496951818466 0.726547524333 0.615721598267555 0.594644263386726 0.569186568260193 0.552707031369209 0.54722897708416 0.536273047327995 0.581837251782417 0.74661885201931 0.870488226413727 0.929660081863403 0.929625570774078 0.805007547140121 0.766593486070633 0.74106927216053 0.700741365551949 0.651542723178864 0.524762704968452 0.442620053887367 0.453411072492599 0.396244660019875 0.429454475641251 0.421167701482773 0.398855745792389 0.399478599429131 0.370573483407497 0.407680973410606 0.437180444598198 0.433272689580917 0.43256950378418 0.430754095315933
-9999 -9999 -9999 -9999 -9999 -9999 -9999 -9999 -9999 -9999 -9999 -9999 -9999 -9999 -9999 -9999 -9999 -9999 -9999 -9999 -9999 -9999 -9999 -9999 -9999 1.69914883375168 1.35929936170578 0.95865797996521 0.809091299772263 0.834031462669373 0.698111325502396 0.621401131153107 0.590171724557877 0.608002290129662 0.645284324884415 0.615418508648872 0.592869937419891 0.597864836454391 0.699757307767868 0.763203084468842 0.714410752058029 0.705721646547318 0.755463659763336 0.759238243103027 0.717510893940926 0.664658546447754 0.576755940914154 0.523085787892342 0.489329114556313 0.438347831368446 0.404618918895721 0.422669112682343 0.449204474687576 0.426621213555336 0.380221948027611 0.382518500089645 0.403954669833183 0.392009451985359 0.406499326229095 0.432431995868683 0.403726413846016 0.382280543446541
-9999 -9999 -9999 -9999 -9999 -9999 -9999 -9999 -9999 -9999 -9999 -9999 -9999 -9999 -9999 -9999 -9999 -9999 -9999 -9999 -9999 -9999 -9999 -9999 1.31647038459778 1.5701864361763 1.22714853286743 0.975365459918976 0.791687697172165 0.727516829967499 0.647962689399719 0.622519880533218 0.627035245299339 0.674538597464561 0.734992146492004 0.737141266465187 0.716664656996727 0.716628715395927 0.712991818785667 0.640685051679611 0.586105093359947 0.520353734493256 0.488417387008667 0.506442189216614 0.509029939770699 0.528651013970375 0.563481017947197 0.526966631412506 0.459347382187843 0.417806044220924 0.408545091748238 0.38028672337532 0.397820457816124 0.399278327822685 0.410157591104507 0.408167392015457 0.385501563549042 0.380278632044792 0.391563400626183 0.392968475818634 0.373217739164829 0.355479687452316
-9999 -9999 -9999 -9999 -9999 -9999 -9999 -9999 -9999 -9999 -9999 -9999 -9999 -9999 -9999 -9999 -9999 -9999 -9999 -9999 -9999 -9999 -9999 1.50594073534012 1.26773849129677 1.07462596893311 0.927430719137192 0.842192709445953 0.836665391921997 0.886822432279587 0.88629412651062 0.876727491617203 0.910428285598755 0.817942410707474 0.814027190208435 0.794419080018997 0.75038668513298 0.759546428918839 0.673543855547905 0.658002510666847 0.66242028772831 0.593082100152969 0.529831096529961 0.474458187818527 0.432251617312431 0.447455048561096 0.54555755853653 0.558794438838959 0.498506784439087 0.427803173661232 0.398007854819298 0.400459751486778 0.412336751818657 0.380206033587456 0.370531305670738 0.379971072077751 0.380289137363434 0.39819909632206 0.412568002939224 0.422761917114258 0.400486797094345 0.372890330851078
-9999 -9999 -9999 -9999 -9999 -9999 -9999 -9999 -9999 -9999 -9999 -9999 -9999 -9999 -9999 -9999 -9999 -9999 -9999 -9999 -9999 -9999 8.60038971049445 2.33447134494781 1.49010559916496 1.1677870452404 0.979716718196869 0.853497862815857 0.799544870853424 0.78899484872818 0.829892545938492 0.953061997890472 1.03481662273407 0.874000668525696 0.907894492149353 0.915481299161911 0.935995191335678 0.874424546957016 0.823442190885544 0.824944406747818 0.804120987653732 0.71087908744812 0.573388248682022 0.500982239842415 0.45873199403286 0.482279062271118 0.445774152874947 0.429879784584045 0.400772139430046 0.398996829986572 0.406787127256393 0.41139529645443 0.413086429238319 0.386663317680359 0.357230007648468 0.369420267641544 0.399069786071777 0.385747119784355 0.403086975216866 0.419204771518707 0.436453744769096 0.425356686115265
-9999 -9999 -9999 -9999 -9999 -9999 -9999 -9999 -9999 -9999 -9999 -9999 -9999 -9999 -9999 -9999 -9999 -9999 -9999 -9999 2.64602583646774 10.364417642355 2.06231653690338 1.76728516817093 1.41920658946037 1.34509366750717 1.27751567959785 1.21947893500328 1.11552661657333 0.949603378772736 0.858695358037949 0.902607589960098 1.09401154518127 1.03829365968704 1.07950034737587 1.19353526830673 1.21029451489449 1.20522880554199 1.10714855790138 0.868636161088943 0.73654992878437 0.61747071146965 0.540748357772827 0.49905914068222 0.494849011301994 0.486781507730484 0.447380617260933 0.412288025021553 0.401304200291634 0.408837541937828 0.424965530633926 0.415679141879082 0.415576905012131 0.404286503791809 0.395630344748497 0.46302630007267 0.503876253962517 0.48497186601162 0.451711758971214 0.438688471913338 0.466160953044891 0.493231102824211
-9999 -9999 -9999 -9999 -9999 -9999 -9999 -9999 -9999 -9999 -9999 -9999 -9999 -9999 -9999 -9999 -9999 -9999 -9999 -9999 2.40423399249625 2.15399676561356 1.90925055742264 1.46475899219513 1.32234272360802 1.34346333146095 1.32968080043793 1.27093675732613 1.19831165671349 1.13105392456055 1.01201784610748 1.12053009867668 1.13096317648888 1.15297338366508 1.3319935798645 1.46730798482895 1.33162575960159 1.17962855100632 1.0437735915184 0.853466480970383 0.649943813681602 0.608657464385033 0.570418462157249 0.506108656525612 0.486934125423431 0.466169983148575 0.436714455485344 0.422040939331055 0.419551357626915 0.422710329294205 0.438175812363625 0.449557721614838 0.477667897939682 0.484981790184975 0.520380914211273 0.555616065859795 0.547277256846428 0.507712930440903 0.486066877841949 0.483203932642937 0.495588183403015 0.487564399838448
-9999 -9999 -9999 -9999 -9999 -9999 -9999 -9999 -9999 -9999 -9999 -9999 -9999 -9999 -9999 -9999 -9999 -9999 -9999 3.96286010742188 3.53129124641418 2.61218225955963 1.8783558011055 1.47580003738403 1.33796918392181 1.2744448184967 1.26297748088837 1.21011498570442 1.18294367194176 1.13942438364029 1.14456403255463 1.18664699792862 1.20826935768127 1.33155959844589 1.78142434358597 1.74667131900787 1.43535026907921 1.19178503751755 1.12889340519905 0.924958348274231 0.613724514842033 0.530618816614151 0.49061992764473 0.468836233019829 0.46275070309639 0.474392652511597 0.494652405381203 0.479408338665962 0.471280440688133 0.490182280540466 0.504552662372589 0.512329548597336 0.534065678715706 0.545467302203178 0.558740481734276 0.538720697164536 0.491256013512611 0.486949950456619 0.503527075052261 0.508665472269058 0.507228568196297 0.532384291291237
-9999 -9999 -9999 -9999 -9999 -9999 -9999 -9999 -9999 -9999 -9999 -9999 -9999 -9999 -9999 -9999 -9999 9.78633427619934 8.74115538597107 3.23013746738434 2.71565848588943 2.15709382295609 1.50212574005127 1.22755846381187 1.16802424192429 1.14077505469322 1.12132662534714 1.16529813408852 1.14191356301308 1.1185274720192 1.07239061594009 1.13425639271736 1.19431319832802 1.19828876852989 1.2027559876442 1.22700825333595 1.17731630802155 1.15113490819931 1.06503617763519 0.716785803437233 0.605057537555695 0.541866436600685 0.520582661032677 0.517908051609993 0.523333802819252 0.541338264942169 0.545419156551361 0.48787334561348 0.510401666164398 0.536425888538361 0.539672613143921 0.53341443836689 0.534222900867462 0.536246985197067 0.565726116299629 0.546871796250343 0.496923342347145 0.502941191196442 0.519038960337639 0.510294288396835 0.500909641385078 0.520846053957939
-9999 -9999 -9999 -9999 -9999 -9999 -9999 -9999 -9999 -9999 -9999 -9999 -9999 -9999 -9999 -9999 -9999 11.4416019916534 5.22049856185913 2.70196080207825 1.94496220350266 1.64630109071732 1.23584371805191 1.10484078526497 1.06060829758644 1.08896926045418 1.13930779695511 1.18322047591209 1.20351666212082 1.17772194743156 1.09946483373642 1.05520141124725 1.03183901309967 0.953210413455963 0.908497542142868 0.902199983596802 0.972084403038025 1.03366175293922 0.904182761907578 0.742587894201279 0.621766269207001 0.556592747569084 0.531269878149033 0.539902076125145 0.557151541113853 0.58329963684082 0.603331044316292 0.614709869027138 0.663190394639969 0.637585625052452 0.557462051510811 0.52910703420639 0.536806493997574 0.550819605588913 0.551789090037346 0.533512473106384 0.578616544604301 0.576131567358971 0.563798323273659 0.560289636254311 0.560609579086304 0.541237995028496
-9999 -9999 -9999 -9999 -9999 -9999 -9999 -9999 -9999 -9999 -9999 -9999 -9999 -9999 -9999 -9999 -9999 -9999 -9999 1.81894826889038 1.40946561098099 1.20424863696098 1.09138575196266 0.927007645368576 0.998674035072327 1.01706477999687 1.07418018579483 1.14665141701698 1.17264470458031 1.14843222498894 1.07724112272263 0.977193921804428 0.91209277510643 0.864035546779633 0.76166108250618 0.766175955533981 0.869325935840607 0.87778839468956 0.821143627166748 0.706099435687065 0.610808148980141 0.564481750130653 0.554372727870941 0.568007960915565 0.565316632390022 0.600579366087914 0.618997871875763 0.630837768316269 0.721640959382057 0.594937339425087 0.571209713816643 0.558635026216507 0.540613755583763 0.506643489003181 0.502782359719276 0.507148906588554 0.502308502793312 0.567513093352318 0.60607735812664 0.612849399447441 0.561738297343254 0.549817353487015
-9999 -9999 -9999 -9999 -9999 -9999 -9999 -9999 -9999 -9999 -9999 -9999 -9999 -9999 -9999 5.60000543758787 4.11989886760712 2.56472718715668 2.42670696973801 2.03789073228836 1.45663315057755 1.1186894774437 0.956477433443069 0.789014518260956 0.802051663398743 0.875848084688187 0.965354561805725 1.09353089332581 1.03618901968002 1.00526860356331 1.00948315858841 0.966894596815109 0.864651918411255 0.765103787183762 0.708873733878136 0.677679866552353 0.789705365896225 0.738483622670174 0.703014358878136 0.701022192835808 0.663274481892586 0.62298609316349 0.608628362417221 0.625356495380402 0.63144613802433 0.649221047759056 0.645898282527924 0.63664211332798 0.63950452208519 0.576043546199799 0.533342823386192 0.511066764593124 0.499259367585182 0.492797300219536 0.486409083008766 0.490437358617783 0.48738107085228 0.493300393223763 0.546590209007263 0.582516029477119 0.54160487651825 0.53306083381176
-9999 -9999 -9999 -9999 -9999 -9999 -9999 -9999 -9999 -9999 35.2986888885498 35.2986888885498 13.7248649597168 3.95569661685399 4.35149073600769 4.30584418773651 2.41505634784698 2.10538494586945 2.10588830709457 2.21763038635254 1.58489745855331 1.19139871001244 0.942380905151367 0.80936935544014 0.8028784096241 0.839370042085648 0.970638155937195 0.980913162231445 0.917155712842941 0.864732205867767 0.803982853889465 0.834919899702072 0.849938571453094 0.806537926197052 0.746796458959579 0.712808176875114 0.687677219510078 0.663667291402817 0.684116899967194 0.664948314428329 0.637769669294357 0.593936383724213 0.559112370014191 0.573873683810234 0.594355300068855 0.614198550581932 0.606056526303291 0.577095821499825 0.573719188570976 0.513743832707405 0.477403879165649 0.474102258682251 0.497105598449707 0.523883521556854 0.520712435245514 0.517838582396507 0.483841270208359 0.484890326857567 0.501194089651108 0.514622926712036 0.482180401682854 0.451822936534882
-9999 -9999 -9999 -9999 -9999 -9999 -9999 -9999 -9999 -9999 35.2986888885498 6.71625401079655 3.04429578781128 2.78932410478592 2.40926259756088 2.33763313293457 2.47357910871506 19.0020037651062 18.5971475601196 2.07968902587891 1.87397235631943 1.52115601301193 1.1676000058651 1.06014767289162 0.987954944372177 0.914920181035995 1.01964747905731 1.15750586986542 0.999751478433609 0.880076229572296 0.784843772649765 0.712681710720062 0.755993396043777 0.806068181991577 0.827895551919937 0.832871407270432 0.841707050800323 0.825498282909393 0.759368598461151 0.713676899671555 0.692638099193573 0.640457466244698 0.571480125188828 0.532894089818001 0.531752452254295 0.534614235162735 0.53718164563179 0.54736764729023 0.588378667831421 0.594793751835823 0.62132540345192 0.654888287186623 0.575712919235229 0.550456881523132 0.53126648068428 0.570760890841484 0.54895256459713 0.532811969518661 0.517414525151253 0.527381345629692 0.526301980018616 0.52234049141407
-9999 -9999 -9999 -9999 -9999 -9999 -9999 -9999 -9999 -9999 -9999 -9999 -9999 2.57470858097076 3.01247191429138 3.12237310409546 7.64567255973816 -9999 -9999 -9999 -9999 -9999 1.13660395145416 1.23273727297783 1.47821518778801 1.46547961235046 1.21355277299881 0.986132025718689 0.828825205564499 0.82300677895546 0.851791799068451 0.776176303625107 0.783015310764313 0.787998229265213 0.851693451404572 0.924427449703217 0.966859817504883 0.983309268951416 0.955382734537125 0.993067055940628 1.01634487509727 0.946399569511414 0.798877537250519 0.643925473093987 0.604859858751297 0.616640523076057 0.63916178047657 0.609352558851242 0.640573516488075 0.619287416338921 0.772564083337784 0.814457595348358 0.767006546258926 0.664328590035439 0.582282051444054 0.563262283802032 0.572625428438187 0.57956001162529 0.585516795516014 0.58586610853672 0.572895035147667 0.574324920773506
-9999 -9999 -9999 -9999 -9999 -9999 -9999 -9999 -9999 -9999 -9999 -9999 -9999 16.6274771690369 16.6274771690369 16.6274771690369 -9999 -9999 -9999 -9999 -9999 -9999 4.94490551948547 4.94490551948547 4.94490551948547 0.308659605681896 1.6298189163208 1.2907255589962 1.01431712508202 0.846488893032074 0.904754877090454 1.05315363407135 1.0681588947773 1.05130076408386 1.00857666134834 1.06041070818901 1.09460511803627 1.21527287364006 1.33574491739273 1.57494467496872 1.69697964191437 1.62820100784302 1.32890725135803 1.05580866336823 1.00450596213341 1.05215665698051 0.953701078891754 0.772923052310944 0.660291910171509 0.66786552965641 0.934624314308167 1.06371769309044 0.916772067546844 0.675154745578766 0.623386055231094 0.586905866861343 0.586159721016884 0.641574785113335 0.685113921761513 0.668392851948738 0.649656772613525 0.589895278215408
-9999 -9999 -9999 -9999 -9999 -9999 -9999 -9999 -9999 -9999 -9999 -9999 -9999 -9999 -9999 -9999 -9999 -9999 -9999 -9999 -9999 -9999 -9999 -9999 -9999 -9999 1.21709438860416 1.29197564721107 1.43552827835083 1.44151747226715 1.34745186567307 1.20477265119553 1.15301388502121 1.12329080700874 1.11219307780266 1.11986660957336 1.42807772755623 1.89136058092117 1.77858603000641 1.54616099596024 1.62546247243881 2.2821062207222 2.24263322353363 1.72449070215225 1.39209669828415 1.31721487641335 1.40533751249313 1.52768343687057 1.13586276769638 1.06970071792603 1.14900675415993 1.0278639793396 1.00141310691833 0.814112037420273 0.707325831055641 0.669671952724457 0.746401816606522 0.785441637039185 0.740077167749405 0.705863535404205 0.711844995617867 0.632121965289116
-9999 -9999 -9999 -9999 -9999 -9999 -9999 -9999 -9999 -9999 -9999 -9999 -9999 -9999 -9999 -9999 -9999 -9999 -9999 -9999 -9999 -9999 -9999 -9999 -9999 -9999 -9999 15.0286116600037 2.17532622814178 1.73357284069061 1.45843863487244 1.37761357426643 1.27670466899872 1.2027627825737 1.29422494769096 1.32862061262131 1.37460565567017 1.92720526456833 2.11877417564392 2.02076554298401 1.85561889410019 1.76629400253296 1.68897825479507 1.54138165712357 1.4912950694561 1.63890641927719 1.75611019134521 1.83986967802048 1.9116382598877 1.54920691251755 0.94153967499733 0.953004598617554 0.931241869926453 0.805726021528244 0.682878702878952 0.759931415319443 0.8057541847229 0.698021829128265 0.677382096648216 0.661255225539207 0.65177920460701 0.643044725060463
