EcologicalScience/Bass/data/rs_data_bass/chl_521.asc
NCOLS 226 
NROWS 124 
XLLCORNER -9.41648524995501 
YLLCORNER 47.587301625531 
CELLSIZE 0.0833 
NODATA_value -9999 
[rows 54 to 80 of 124, columns 124 to 185 of 226]
2.56714564561844 2.20675867795944 1.74496185779572 1.6536106467247 1.50120091438293 1.34154608845711 1.22034412622452 1.01349475979805 1.03684321045876 1.02114647626877 0.998401612043381 1.00430953502655 0.983437210321426 0.893913567066193 0.817463368177414 0.850865364074707 0.862445175647736 0.775897890329361 0.772843658924103 0.838745445013046 1.03058436512947 1.39237931370735 1.58590185642242 2.13894367218018 2.83161109685898 3.11235308647156 3.84785199165344 4.2620644569397 2.32379633188248 3.19007384777069 4.01947724819183 5.1900726556778 6.39459300041199 5.04450345039368 4.34142816066742 3.87345314025879 4.80252313613892 4.59940588474274 3.92510461807251 3.32897114753723 3.31169092655182 3.71870934963226 5.50962567329407 8.01054525375366 11.6824321746826 13.9129228591919 15.3429594039917 14.9877963066101 14.09064245224 13.5873370170593 12.5423998832703 12.0081038475037 9.38294005393982 8.44073581695557 7.11395859718323 7.50051283836365 9.34810781478882 10.752993106842 7.84658575057983 6.36505651473999 -9999 -9999
3.02602922916412 2.54358279705048 2.0584237575531 1.73774689435959 1.70700967311859 1.54537171125412 1.48068416118622 1.47994163632393 1.23193082213402 1.08564189076424 1.12229579687119 1.06978896260262 1.03781855106354 0.987683951854706 0.885139614343643 0.854732841253281 0.888407796621323 0.994165331125259 0.837415516376495 0.904134035110474 1.30132663249969 1.71738284826279 1.88656121492386 1.68006241321564 1.70308005809784 4.35059702396393 5.3739116191864 4.42854881286621 4.73644924163818 3.13190174102783 3.21019685268402 5.01021373271942 5.63777875900269 6.87104916572571 4.22157990932465 2.21882951259613 2.60518974065781 3.46030783653259 6.0980966091156 8.72477746009827 11.1052579879761 12.1942377090454 13.3315043449402 14.066107749939 14.1452307701111 17.082667350769 21.2339286804199 20.1879000663757 16.5397267341614 11.8916344642639 10.3688621520996 9.84882688522339 9.33959555625916 9.93134164810181 8.87585306167603 7.4290337562561 10.5720698833466 -9999 -9999 -9999 -9999 -9999
2.97038948535919 2.71878200769424 2.39783763885498 2.13357800245285 1.88896286487579 1.67727506160736 1.63338822126389 1.58239513635635 1.36381611227989 1.23460945487022 1.18453395366669 1.18789047002792 1.28252854943275 1.06591835618019 0.991212755441666 0.929153323173523 0.991483926773071 1.01901939511299 1.10056632757187 1.27002069354057 1.5562532544136 2.1000092625618 2.53874552249908 2.10321593284607 2.16676658391953 5.09800815582275 7.45871758460999 9.55340266227722 9.21410608291626 6.31253099441528 4.59847712516785 5.40103626251221 9.61754965782166 8.34899067878723 2.76087248325348 2.77315145730972 6.34160542488098 10.4596560001373 12.3681592941284 14.050500869751 16.3761963844299 11.6182816028595 8.54743051528931 8.63952469825745 11.2454588413239 19.0020875930786 21.26229429245 7.07229566574097 6.28756302595139 7.88171625137329 9.66950511932373 11.2887382507324 9.65105366706848 10.331691128867 12.7169190645218 -9999 -9999 -9999 -9999 -9999 -9999 -9999
3.28093957901001 3.01834666728973 2.83922392129898 2.75394308567047 2.74082332849503 2.4670844078064 1.97314667701721 1.732477247715 1.63629502058029 1.60883688926697 1.78823322057724 1.75879991054535 1.52344214916229 1.40059822797775 1.06033059954643 1.12019777297974 1.1784490942955 1.13760852813721 1.46008238196373 1.63124907016754 1.88910359144211 2.117347240448 2.24707800149918 2.41407537460327 3.67836856842041 6.75682425498962 13.5501809120178 16.7939414978027 15.3722991943359 18.183331489563 16.3209042549133 12.2830739021301 17.110134601593 16.9367709159851 6.88687634468079 6.0554780960083 9.65179467201233 11.7651171684265 11.9820792675018 12.3897500038147 11.0793428421021 14.4886951446533 19.2586226463318 30.5570125579834 36.7183027267456 46.9310846328735 15.4521584510803 -9999 11.7631022930145 10.2662715911865 10.8490905761719 11.6783108711243 11.924122095108 11.7093920026507 -9999 -9999 -9999 -9999 -9999 -9999 -9999 -9999
5.70509505271912 5.82326173782349 6.75471925735474 5.36732590198517 3.98112237453461 4.12511014938354 4.86883449554443 3.40796434879303 2.79258406162262 2.43156856298447 2.78489792346954 3.39086973667145 1.96389609575272 1.49117347598076 1.36676868796349 1.11013448238373 1.43239304423332 1.52123880386353 1.72917795181274 1.88326871395111 2.04330897331238 1.94998490810394 1.75176429748535 1.63045209646225 2.10165917873383 8.09923982620239 16.7476959228516 18.3315324783325 17.5512413978577 15.6119441986084 12.7234969139099 10.179013967514 12.5564675331116 13.3731622695923 13.3341794013977 11.3331999778748 12.6695008277893 13.989767074585 15.5486268997192 15.369167804718 15.7267556190491 20.4681529998779 17.1822466850281 17.4176001548767 26.9940118789673 30.1592765450478 17.615159869194 23.9212431907654 18.0145540237427 12.2464699745178 11.1692562103271 12.6380081176758 39.2080821990967 63.8379650115967 -9999 -9999 -9999 -9999 -9999 -9999 -9999 -9999
7.96993509650231 6.76856517791748 6.63225746154785 7.45174884796143 16.7182459831238 12.2859735488892 6.13449096679688 8.58658218383789 9.02156138420105 8.68245649337769 7.44978046417236 8.81336903572083 6.48109102249146 2.94360280036926 1.8052521944046 1.52889561653137 1.71754360198975 1.9923141002655 2.07829320430756 2.20393341779709 2.02206480503082 1.93697136640549 2.01111620664597 1.87588512897491 2.47055321931839 8.39749932289124 14.1546077728271 15.8612294197083 16.2965126037598 15.1730618476868 12.974570274353 11.2802860736847 11.6738748550415 11.6502177715302 13.1684789657593 13.6718502044678 13.2224307060242 12.7381024360657 14.5514760017395 14.376736164093 21.157386302948 19.161789894104 11.5936725139618 6.50463008880615 7.92206311225891 13.8032491207123 8.05227918882628 23.3037014007568 20.0505995750427 17.3708639144897 20.5320525169373 26.1654109954834 32.138843536377 35.0091762542725 -9999 -9999 -9999 -9999 -9999 -9999 -9999 -9999
-9999 -9999 -9999 -9999 -9999 2.28387522697449 5.47052621841431 4.85441136360168 4.38839685916901 6.27348661422729 8.97885990142822 6.84599232673645 6.38850831985474 7.54022526741028 4.68239057064056 3.07776296138763 2.24434840679169 1.75917971134186 1.88228273391724 2.12771862745285 2.19338750839233 2.29153615236282 2.43575567007065 2.13746917247772 3.3995532989502 10.3976891040802 15.0743436813354 16.5260539054871 14.6869883537292 12.1506614685059 12.1173920631409 11.3197252750397 11.5402143001556 10.6907551288605 11.9568243026733 11.6519365310669 10.3232896327972 12.1534423828125 17.9510650634766 20.5997085571289 20.3996887207031 15.942343711853 8.08483743667603 10.964695930481 12.6203870773315 5.93849730491638 -9999 -9999 -9999 -9999 14.8363666534424 22.3471641540527 16.4551749229431 16.1663403511047 -9999 -9999 -9999 -9999 -9999 -9999 -9999 -9999
-9999 -9999 -9999 -9999 -9999 -9999 -9999 -9999 5.70344281196594 5.93834495544434 10.7470757961273 12.9178190231323 9.42581820487976 11.273674249649 6.40782165527344 2.9369090795517 2.15625 1.77506697177887 1.88119697570801 2.47093158960342 2.9125183224678 3.00144481658936 2.80522137880325 2.04522603750229 4.99037539958954 13.2830271720886 16.1672229766846 15.2922391891479 13.6691393852234 12.6576948165894 12.4951214790344 11.8809585571289 10.6391673088074 9.14077734947205 9.25386214256287 9.46547770500183 11.946729183197 14.5086007118225 14.0986375808716 12.3077402114868 12.5365319252014 13.2643117904663 11.2496716976166 13.265570640564 10.6355760097504 29.0682649612427 -9999 -9999 -9999 -9999 17.548882484436 13.4854888916016 21.5889744758606 24.0258636474609 29.658299446106 46.2406225204468 19.3634237561907 -9999 -9999 -9999 -9999 -9999
-9999 -9999 -9999 -9999 -9999 -9999 -9999 -9999 -9999 5.73117184638977 8.86571431159973 15.8191652297974 9.96966075897217 7.25429749488831 5.46976733207703 3.7923424243927 2.8926168680191 1.94062131643295 2.4069367647171 3.1859028339386 3.49428284168243 3.16255867481232 2.03961914777756 2.10144710540771 7.29328751564026 14.6632676124573 16.0616769790649 15.3086543083191 13.9166765213013 14.0534505844116 12.8529396057129 11.2261991500854 9.15629410743713 7.55175733566284 7.25076913833618 8.09828782081604 10.744176864624 10.3139834403992 9.4847424030304 10.7240581512451 12.262149810791 10.3751993179321 9.58534026145935 9.21371483802795 11.5921382904053 -9999 -9999 -9999 -9999 -9999 -9999 -9999 12.023720741272 13.5216979980469 17.0672192573547 17.8370761871338 10.8786277770996 -9999 -9999 -9999 -9999 -9999
-9999 -9999 -9999 -9999 -9999 -9999 -9999 -9999 -9999 4.3704868555069 4.60707128047943 6.84588503837585 7.96280121803284 7.91809344291687 4.38111698627472 4.09611690044403 2.7561326622963 1.78792423009872 2.06859201192856 2.07823294401169 2.33675390481949 2.62840533256531 3.0859283208847 6.65844869613647 10.9324321746826 12.6868143081665 14.3690085411072 14.4076323509216 14.711763381958 16.4504642486572 16.8717985153198 13.4556612968445 9.81294822692871 8.47402667999268 8.14649176597595 9.83540940284729 7.60230088233948 10.5268714427948 13.817165851593 11.9247872829437 9.02960658073425 8.15087127685547 11.3699126243591 13.2757902145386 9.93429708480835 33.0447750091553 -9999 -9999 -9999 9.21871161460876 9.21871161460876 7.37715268135071 8.34113502502441 9.57962322235107 15.1761617660522 13.4036264419556 12.1452627182007 -9999 -9999 -9999 -9999 -9999
-9999 -9999 -9999 -9999 -9999 -9999 -9999 -9999 -9999 7.00299683638981 3.78730738162994 3.33554041385651 4.46059727668762 5.22987627983093 4.26878607273102 4.02442395687103 3.28963673114777 2.4535893201828 1.81714814901352 2.25072634220123 7.07690691947937 14.9480695724487 15.3876614570618 13.1035408973694 11.6358325481415 11.8930449485779 12.7454895973206 14.4884691238403 16.0354871749878 17.5381708145142 19.1550507545471 17.9023089408875 13.9253768920898 11.3105893135071 11.6522741317749 14.1900172233582 16.8713607788086 14.303777217865 9.3705153465271 7.50851798057556 7.68480134010315 6.81954145431519 9.51446127891541 11.7070827484131 13.226411819458 -9999 -9999 -9999 -9999 8.55858343297785 7.55331659317017 7.14219045639038 7.48159432411194 8.84425950050354 15.8234124183655 -9999 -9999 -9999 -9999 -9999 -9999 -9999
-9999 -9999 -9999 -9999 -9999 -9999 -9999 -9999 -9999 3.67937564849854 4.22781121730804 3.78353548049927 4.40604543685913 3.97729790210724 3.82766819000244 3.62215626239777 3.37550568580627 3.06034541130066 2.74253815412521 4.24020195007324 9.82064867019653 16.4350719451904 15.2250180244446 15.3628778457642 16.5026521682739 16.999342918396 13.7173705101013 14.4922013282776 15.6756362915039 16.144383430481 15.2860894203186 13.7883152961731 12.4172630310059 13.3117074966431 15.6736221313477 22.7426090240479 25.2222032546997 15.4374389648438 9.47532677650452 9.16535353660583 8.26406335830688 8.77181553840637 10.5196974277496 11.183153629303 3.86466658115387 -9999 -9999 -9999 -9999 -9999 9.05548667907715 9.76442933082581 11.2144428359138 12.1212214893765 -9999 -9999 -9999 -9999 -9999 -9999 -9999 -9999
-9999 -9999 -9999 -9999 -9999 -9999 -9999 -9999 -9999 3.94411432743073 3.85158705711365 3.8422554731369 4.04561412334442 3.57415759563446 3.44717538356781 3.49579274654388 3.15894591808319 3.4532071352005 3.84839344024658 9.86002492904663 19.0926289558411 20.4175043106079 18.1479635238647 13.4794521331787 12.9985499382019 10.803647518158 11.8836100101471 13.7152361869812 16.6090521812439 16.1341023445129 12.483199596405 13.8130202293396 13.9965763092041 14.2631578445435 18.6755375862122 23.2785315513611 22.1451044082642 17.2170624732971 11.3674764633179 8.25293397903442 8.51389718055725 14.3429145812988 20.5207586288452 22.4358501434326 3.86466693878174 -9999 -9999 -9999 -9999 12.1949715614319 -9999 -9999 -9999 -9999 -9999 -9999 -9999 -9999 -9999 -9999 -9999 -9999
-9999 -9999 -9999 -9999 -9999 -9999 -9999 -9999 -9999 4.21546626091003 4.15957939624786 4.0441038608551 3.84576344490051 3.554851770401 3.38680779933929 3.46836411952972 3.2167671918869 3.63503873348236 9.69611620903015 21.8510999679565 28.600513458252 25.3767385482788 14.944082736969 11.5477752685547 11.15158867836 11.8450284004211 11.5271043777466 12.1349701881409 13.0369563102722 12.2723035812378 12.7498183250427 13.9790554046631 13.4358372688293 12.9347848892212 14.3195543289185 15.5902276039124 13.6794662475586 10.3211846351624 7.80519962310791 8.65722870826721 9.33732032775879 10.830689907074 12.8108396530151 -9999 -9999 -9999 -9999 -9999 -9999 -9999 -9999 -9999 -9999 -9999 -9999 -9999 -9999 -9999 -9999 -9999 -9999 -9999
-9999 -9999 -9999 -9999 -9999 -9999 -9999 -9999 3.4327597618103 3.59164452552795 3.82477140426636 3.77846074104309 3.76305484771729 3.49237060546875 3.26614594459534 3.26118171215057 2.67877203226089 6.05386304855347 19.8629179000854 24.7377634048462 22.276837348938 19.936297416687 18.0628681182861 9.70757603645325 10.217257976532 10.7808065414429 10.8405103683472 10.8418071269989 11.6824822425842 12.2494525909424 14.1385402679443 14.3745188713074 12.3508586883545 10.4226386547089 8.76368236541748 7.55760669708252 6.37231636047363 6.48985147476196 7.79411888122559 12.0572118759155 10.997752904892 10.8313221931458 -9999 -9999 -9999 -9999 -9999 -9999 -9999 -9999 -9999 -9999 -9999 -9999 -9999 -9999 -9999 -9999 -9999 -9999 -9999 -9999
-9999 -9999 -9999 -9999 -9999 -9999 -9999 3.28386068344116 4.35339617729187 3.96161162853241 3.95102870464325 3.64332389831543 3.80244970321655 4.14395391941071 3.73909163475037 3.27894508838654 4.20207738876343 16.655469417572 29.5803623199463 28.3914699554443 22.5722179412842 16.7882995605469 11.6361637115479 10.6893417835236 10.2242889404297 10.5390450954437 10.2049269676208 8.84399056434631 10.0187594890594 12.6255326271057 13.0139164924622 10.7606792449951 8.97355556488037 7.78455305099487 6.97603726387024 5.6940096616745 4.50588941574097 4.5116640329361 5.22869682312012 7.27126479148865 8.84183621406555 5.69786846637726 3.25656187534332 -9999 -9999 -9999 -9999 -9999 -9999 -9999 -9999 -9999 -9999 -9999 -9999 -9999 -9999 -9999 -9999 -9999 -9999 -9999
-9999 -9999 -9999 -9999 -9999 -9999 3.54685941338539 3.6123201305216 4.24982929229736 4.22192215919495 3.79090476036072 3.81935834884644 4.85747051239014 5.39280688762665 6.87068438529968 7.00501656532288 16.1938891410828 26.7615766525269 29.1014070510864 26.089259147644 22.9112591743469 18.3862209320068 17.326286315918 18.9860272407532 15.8050575256348 13.1735329627991 9.73630285263062 9.23396372795105 10.5404276847839 11.5763189792633 9.88116002082825 7.67066359519958 7.33582878112793 7.28336477279663 6.23858571052551 5.07898592948914 4.45207858085632 4.46204423904419 4.85834777355194 5.26128137111664 -9999 -9999 -9999 -9999 -9999 -9999 -9999 -9999 -9999 -9999 -9999 -9999 -9999 -9999 -9999 -9999 -9999 -9999 -9999 -9999 -9999 -9999
-9999 -9999 -9999 -9999 4.0109766441233 4.05659699440002 3.93357181549072 3.10277160008748 3.76609289646149 3.89054310321808 4.37100183963776 7.90966701507568 10.5613474845886 12.2232670783997 11.9333424568176 13.4663200378418 22.4669551849365 28.6653470993042 29.1175975799561 22.453519821167 22.5988898277283 26.6759834289551 26.8256664276123 28.0216455459595 21.2889761924744 15.8648743629456 11.6449019908905 10.7045252323151 10.3080031871796 9.09937763214111 7.08913993835449 6.57626795768738 5.55133330821991 5.35845279693604 5.35208559036255 5.11409997940063 4.86180996894836 3.81905807767596 -9999 -9999 -9999 -9999 -9999 -9999 -9999 -9999 -9999 -9999 -9999 -9999 -9999 -9999 -9999 -9999 -9999 -9999 -9999 -9999 -9999 -9999 -9999 -9999
-9999 -9999 -9999 -9999 3.84105798777412 4.25525274541643 3.73281196753184 5.49657571315765 3.93072688579559 3.94503200054169 5.63184821605682 8.43042039871216 10.3785338401794 13.6016879081726 16.6607451438904 22.5016078948975 24.2613372802734 24.410605430603 22.582905292511 23.2132115364075 29.1081275939941 26.3956718444824 24.3458576202393 22.7926640510559 14.099799156189 11.2378063201904 12.8224196434021 12.5917639732361 8.74236273765564 6.12944555282593 6.23302960395813 6.39195227622986 5.98165440559387 5.86893475055695 6.2747118473053 6.35569953918457 6.70218300819397 12.5265369836022 -9999 -9999 -9999 -9999 -9999 -9999 -9999 -9999 -9999 -9999 -9999 -9999 -9999 -9999 -9999 -9999 -9999 -9999 -9999 -9999 -9999 -9999 -9999 -9999
-9999 -9999 3.49452418088913 3.97708195653455 3.95319672731253 3.62300026416779 4.34518039226532 4.76663661003113 4.72416651248932 4.31496226787567 4.69023621082306 4.85656321048737 7.61160635948181 13.4302554130554 17.8798313140869 18.0529346466064 20.6492786407471 21.7035970687866 22.7450737953186 24.5280590057373 24.4335136413574 22.6096730232239 21.6546506881714 18.3336482048035 13.2836709022522 11.2924690246582 13.1320896148682 15.6333017349243 17.2971525192261 14.4030718803406 15.6141228675842 15.7249689102173 11.3869428634644 7.59833765029907 5.66216397285461 5.39066076278687 -9999 -9999 -9999 -9999 -9999 -9999 -9999 -9999 -9999 -9999 -9999 -9999 -9999 -9999 -9999 -9999 -9999 -9999 -9999 -9999 -9999 -9999 -9999 -9999 -9999 -9999
-9999 3.77665735142572 3.72331130504608 5.18880379199982 4.59146296977997 4.41163730621338 4.52144122123718 4.76462960243225 4.45531296730042 4.29987359046936 4.03537952899933 4.10064160823822 7.39872908592224 16.822829246521 22.9618005752563 26.1753931045532 27.4501876831055 22.6394147872925 18.5089144706726 18.5529742240906 20.1198091506958 21.3541417121887 20.3898525238037 15.6690330505371 14.6295862197876 14.7599401473999 15.9729952812195 19.3056921958923 17.3297924995422 10.4986045360565 9.04043698310852 9.70732855796814 8.86674571037292 6.7083758354187 -9999 -9999 -9999 -9999 -9999 -9999 -9999 -9999 -9999 -9999 -9999 -9999 -9999 -9999 -9999 -9999 -9999 -9999 -9999 -9999 -9999 -9999 -9999 -9999 -9999 -9999 -9999 -9999
3.45683445781469 6.39151275157928 4.19612646102905 4.39731180667877 4.41030371189117 4.43655180931091 4.34969007968903 4.1004227399826 4.20138537883759 3.57266235351562 3.15251648426056 3.22764873504639 7.3745698928833 13.8395733833313 22.1049485206604 24.359959602356 19.4128260612488 16.3156671524048 15.5950255393982 18.1164679527283 20.5985012054443 22.0621962547302 20.2238688468933 23.1446270942688 28.696795463562 33.4726667404175 26.0535907745361 19.6737985610962 13.6285028457642 7.56885695457458 7.89928078651428 7.69059562683105 6.59974908828735 5.15153467655182 5.74641036987305 6.29154253005981 -9999 -9999 -9999 -9999 -9999 -9999 -9999 -9999 -9999 -9999 -9999 -9999 -9999 -9999 -9999 -9999 -9999 -9999 -9999 -9999 -9999 -9999 -9999 -9999 -9999 -9999
4.13537514209747 3.69257140159607 3.82340633869171 4.16935229301453 4.5470724105835 4.38837790489197 3.82962155342102 3.41198837757111 3.21606731414795 3.22552120685577 2.91117256879807 2.98952293395996 4.69612169265747 9.92069506645203 20.3047170639038 22.1118121147156 17.3399863243103 14.9611744880676 17.677225112915 21.9533071517944 25.4959373474121 29.5407772064209 30.274881362915 32.6916704177856 49.1938991546631 48.946403503418 26.2243223190308 13.7735095024109 8.86955809593201 8.7659912109375 6.49685525894165 -9999 -9999 -9999 -9999 -9999 -9999 -9999 -9999 -9999 -9999 -9999 -9999 -9999 -9999 -9999 -9999 -9999 -9999 -9999 -9999 -9999 -9999 -9999 -9999 -9999 -9999 -9999 -9999 -9999 -9999 -9999
4.42003047466278 4.21606385707855 4.18691861629486 4.79031479358673 4.88953864574432 4.47490775585175 4.25558459758759 3.64275670051575 3.34737181663513 3.85957360267639 4.22396349906921 4.51824510097504 6.09245538711548 15.2142734527588 20.2673850059509 19.0335144996643 14.3801507949829 17.7110867500305 22.9243812561035 26.804783821106 31.338586807251 36.8347263336182 41.8850412368774 48.309591293335 51.9173069000244 29.7581148147583 13.992889881134 10.9014916419983 9.74058222770691 6.9208881855011 6.15466046333313 7.07257604598999 -9999 -9999 -9999 -9999 -9999 -9999 -9999 12.6942715644836 -9999 -9999 -9999 -9999 -9999 -9999 -9999 -9999 -9999 -9999 -9999 -9999 -9999 -9999 -9999 -9999 -9999 -9999 -9999 -9999 -9999 -9999
15.0228426933289 5.13349092006683 5.52664768695831 5.34084928035736 5.61117124557495 3.60845750570297 4.61515653133392 4.43447649478912 3.8430837392807 2.77475041151047 2.50833696126938 4.3161689043045 8.40036106109619 14.4438443183899 15.215892791748 15.3930487632751 15.8363585472107 20.2808976173401 31.0972623825073 31.1904602050781 40.2085018157959 56.5912742614746 62.4648456573486 60.2434673309326 34.4348258972168 22.9151773452759 11.5711126327515 7.46128106117249 7.281174659729 6.64066672325134 5.26030254364014 3.42093944549561 -9999 -9999 -9999 -9999 -9999 -9999 -9999 -9999 -9999 -9999 -9999 -9999 -9999 -9999 -9999 -9999 -9999 -9999 -9999 -9999 -9999 -9999 -9999 -9999 -9999 -9999 -9999 -9999 -9999 -9999
-9999 -9999 -9999 -9999 -9999 4.91829011073479 4.87355434894562 6.12712526321411 4.46618342399597 3.89340376853943 4.36599147319794 10.0377867221832 11.9984114170074 13.0550065040588 14.1657514572144 16.4265704154968 18.8989205360413 25.0550107955933 31.5479822158813 22.805643081665 31.8869647979736 46.5939130783081 21.195289850235 34.1364040374756 25.2219142913818 21.5941400527954 5.57810926437378 -9999 -9999 -9999 -9999 -9999 -9999 -9999 -9999 -9999 -9999 -9999 -9999 -9999 -9999 -9999 -9999 -9999 -9999 -9999 -9999 -9999 -9999 -9999 -9999 -9999 -9999 -9999 -9999 -9999 -9999 -9999 -9999 -9999 -9999 -9999
-9999 -9999 -9999 -9999 -9999 4.77162326299227 4.45484185218811 4.27069938182831 4.72234439849854 8.52009916305542 11.3634159564972 10.4679408073425 9.95624613761902 12.0478992462158 22.9734864234924 21.4754390716553 21.7670030593872 18.785665512085 18.4195961952209 23.4837012290955 31.4816751480103 48.9617958068848 57.3089389801025 7.90952196121216 -9999 -9999 -9999 -9999 -9999 -9999 -9999 -9999 -9999 -9999 -9999 -9999 -9999 -9999 -9999 -9999 -9999 -9999 -9999 -9999 -9999 -9999 -9999 -9999 -9999 -9999 -9999 -9999 -9999 -9999 -9999 -9999 -9999 -9999 -9999 -9999 -9999 -9999
