EcologicalScience/Bass/data/rs_data_bass/chl_445.asc
NCOLS 226 
NROWS 124 
XLLCORNER -9.41648524995501 
YLLCORNER 47.587301625531 
CELLSIZE 0.0833 
NODATA_value -9999 
[rows 54 to 80 of 124, columns 0 to 61 of 226]
-9999 -9999 -9999 -9999 -9999 -9999 -9999 -9999 -9999 -9999 -9999 -9999 -9999 -9999 -9999 -9999 -9999 -9999 -9999 -9999 -9999 -9999 -9999 -9999 -9999 -9999 -9999 -9999 -9999 -9999 -9999 -9999 -9999 -9999 -9999 -9999 -9999 -9999 5.55740440390499 10.5955080986023 8.98026895523071 5.59653460979462 3.30498826503754 1.87089604139328 1.89467704296112 1.82391446828842 1.5928800702095 1.53012067079544 1.07046300172806 1.00092145800591 0.942849040031433 0.931140035390854 0.903528034687042 1.3518885076046 1.55769002437592 1.71962624788284 2.04999893903732 1.50700011849403 -9999 0.607058599591255 0.62790758907795 3.10030659255774
-9999 -9999 -9999 -9999 -9999 -9999 -9999 -9999 -9999 -9999 -9999 -9999 -9999 -9999 -9999 -9999 -9999 -9999 -9999 -9999 -9999 -9999 -9999 -9999 -9999 -9999 -9999 -9999 -9999 -9999 -9999 -9999 -9999 -9999 -9999 -9999 -9999 -9999 -9999 10.2620844841003 6.39708352088928 5.74557888507843 3.16710913181305 2.15095281600952 1.57914519309998 1.57297718524933 1.41197624802589 1.21951952576637 1.09179747104645 0.936345040798187 0.899764537811279 0.862361222505569 1.36692076921463 1.63299983739853 1.82634741067886 2.05293971300125 2.47316628694534 3.20007840884214 -9999 -9999 -9999 -9999
-9999 -9999 -9999 -9999 -9999 -9999 -9999 -9999 -9999 -9999 -9999 -9999 -9999 -9999 -9999 -9999 -9999 -9999 -9999 -9999 -9999 -9999 -9999 -9999 -9999 -9999 -9999 -9999 -9999 -9999 -9999 -9999 -9999 -9999 -9999 -9999 -9999 -9999 -9999 -9999 7.28554344177246 5.84813618659973 3.00486016273499 2.48820680379868 1.80304580926895 1.4602567255497 1.3201297223568 1.16290873289108 1.09425303339958 1.02678224444389 0.996339350938797 1.21124325692654 1.38255304098129 1.52917581796646 1.82528847455978 1.90670853853226 2.08665409684181 2.16382536292076 1.74658827781677 -9999 -9999 -9999
-9999 -9999 -9999 -9999 -9999 -9999 -9999 -9999 -9999 -9999 -9999 -9999 -9999 -9999 -9999 -9999 -9999 -9999 -9999 -9999 -9999 -9999 -9999 -9999 -9999 -9999 -9999 -9999 -9999 -9999 -9999 -9999 -9999 -9999 -9999 -9999 -9999 -9999 -9999 -9999 1.73917996883392 3.66418719291687 2.88958132266998 2.55947917699814 2.15126323699951 1.58420330286026 1.3921229839325 1.20063972473145 1.09143599867821 1.05225598812103 1.0351830124855 1.04288551211357 1.22478970885277 1.44817686080933 1.66926035284996 1.75078248977661 1.62231338024139 1.9420653283596 1.2875189781189 2.81077969074249 2.43690267829008 -9999
-9999 -9999 -9999 -9999 -9999 -9999 -9999 -9999 -9999 -9999 -9999 -9999 -9999 -9999 -9999 -9999 -9999 -9999 -9999 -9999 -9999 -9999 -9999 -9999 -9999 -9999 -9999 -9999 -9999 -9999 -9999 -9999 -9999 -9999 -9999 -9999 -9999 -9999 -9999 -9999 2.35508322715759 3.54374992847443 2.46395695209503 2.35721629858017 2.21275502443314 1.92221170663834 1.51099133491516 1.38342449069023 1.18977373838425 1.05300754308701 0.99856424331665 0.866156280040741 1.22060810029507 1.34563690423965 1.18377220630646 1.05964127182961 1.58439525961876 1.39655023813248 1.18377828598022 1.17779552936554 3.01664319634438 -9999
-9999 -9999 -9999 -9999 -9999 -9999 -9999 -9999 -9999 -9999 -9999 -9999 -9999 -9999 -9999 -9999 -9999 -9999 -9999 -9999 -9999 -9999 -9999 -9999 -9999 -9999 -9999 -9999 -9999 -9999 -9999 -9999 -9999 -9999 -9999 -9999 -9999 -9999 -9999 -9999 -9999 3.03867387771606 2.97986841201782 3.14978384971619 2.72229158878326 2.37853878736496 1.77276831865311 1.40497273206711 1.37834921479225 1.14053401350975 0.996766537427902 0.878898739814758 0.895559996366501 1.41922125220299 1.58053158223629 1.02861070632935 1.01578348875046 1.28285774588585 1.61559069156647 0.862833576276898 -9999 -9999
-9999 -9999 -9999 -9999 -9999 -9999 -9999 -9999 -9999 -9999 -9999 -9999 -9999 -9999 -9999 -9999 -9999 -9999 -9999 -9999 -9999 -9999 -9999 -9999 -9999 -9999 -9999 -9999 -9999 -9999 -9999 -9999 -9999 -9999 -9999 -9999 -9999 -9999 -9999 -9999 3.38738107681274 3.06405687332153 2.63479042053223 1.85011428594589 1.63315808773041 1.4223749935627 1.46917426586151 1.43581196665764 1.10734874010086 1.04248800873756 0.85087725520134 0.854254513978958 0.876005262136459 1.04868221282959 1.07423400878906 1.64761617779732 1.61889496445656 -9999 -9999 5.1210482865572 5.29881250858307 5.05845987796783
-9999 -9999 -9999 -9999 -9999 -9999 -9999 -9999 -9999 -9999 -9999 -9999 -9999 -9999 -9999 -9999 -9999 -9999 -9999 -9999 -9999 -9999 -9999 -9999 -9999 -9999 -9999 -9999 -9999 -9999 -9999 -9999 -9999 -9999 -9999 -9999 -9999 -9999 -9999 3.30907666683197 3.01612651348114 2.66384768486023 2.26600205898285 1.62410849332809 1.31065875291824 1.37424078583717 1.30844700336456 1.14944851398468 0.983912229537964 0.930554240942001 0.835108458995819 0.823246479034424 0.863395482301712 0.983835786581039 1.05330446362495 2.24940377473831 2.1986700296402 1.47989702224731 1.57939267158508 1.90981194376945 2.30090993642807 2.24680727720261
-9999 -9999 -9999 -9999 -9999 -9999 -9999 -9999 -9999 -9999 -9999 -9999 -9999 -9999 -9999 -9999 -9999 -9999 -9999 -9999 -9999 -9999 -9999 -9999 -9999 -9999 -9999 -9999 -9999 -9999 -9999 -9999 -9999 -9999 -9999 -9999 -9999 -9999 -9999 3.29077649116516 2.48150092363358 2.10489517450333 1.38711377978325 1.14288300275803 1.13566428422928 1.29802277684212 1.17929551005363 1.02725771069527 0.968222290277481 0.864614993333817 0.815117239952087 0.827638506889343 0.843455225229263 0.861755222082138 1.40870177745819 0.994955956935883 0.971653461456299 1.1151847243309 1.15478476881981 1.4986065030098 1.67880557477474 1.40698090195656
-9999 -9999 -9999 -9999 -9999 -9999 -9999 -9999 -9999 -9999 -9999 -9999 -9999 -9999 -9999 -9999 -9999 -9999 -9999 -9999 -9999 -9999 -9999 -9999 -9999 -9999 -9999 -9999 -9999 -9999 -9999 -9999 -9999 -9999 -9999 -9999 -9999 -9999 6.96941316669638 3.67836821079254 2.27634519338608 1.44700053334236 1.19396102428436 1.10236796736717 1.04645848274231 1.08780679106712 0.976548761129379 0.878082007169724 0.845334738492966 0.765845239162445 0.767164528369904 0.78368479013443 0.886249512434006 0.889375537633896 1.0258102118969 1.04081171751022 1.5518040060997 1.19588103890419 1.24261048436165 1.40553112328053 1.32647287845612 1.55653010308743
-9999 -9999 -9999 -9999 -9999 -9999 -9999 -9999 -9999 -9999 -9999 -9999 -9999 -9999 -9999 -9999 -9999 -9999 -9999 -9999 -9999 -9999 -9999 -9999 -9999 -9999 -9999 -9999 -9999 -9999 -9999 -9999 -9999 -9999 -9999 -9999 -9999 -9999 3.25898158550262 2.4325470328331 1.88071954250336 1.25751373171806 1.07723101973534 1.02483603358269 1.014080286026 0.963197976350784 0.852444022893906 0.847702503204346 0.835832208395004 0.768382519483566 0.617142766714096 0.79313251376152 0.915941208600998 0.96379879117012 0.933876782655716 0.952737003564835 1.00621801614761 1.081373244524 1.06076100468636 1.00199854373932 1.04253673553467 1.10264772176743
-9999 -9999 -9999 -9999 -9999 -9999 -9999 -9999 -9999 -9999 -9999 -9999 -9999 -9999 -9999 -9999 -9999 -9999 -9999 -9999 -9999 -9999 -9999 -9999 -9999 -9999 -9999 -9999 -9999 -9999 -9999 -9999 -9999 -9999 -9999 -9999 -9999 14.2593308154573 2.89394241571426 2.01958805322647 1.32683703303337 1.07223826646805 0.952742993831635 0.954604536294937 0.927617222070694 0.901692777872086 0.785658001899719 0.769831538200378 0.836334764957428 1.54360949993134 1.46725729107857 0.9375059902668 1.00616472959518 1.00152602791786 0.97231051325798 0.9804667532444 0.885428220033646 0.993249714374542 1.01077499985695 0.864431262016296 0.885042786598206 1.10483103990555
-9999 -9999 -9999 -9999 -9999 -9999 -9999 -9999 -9999 -9999 -9999 -9999 -9999 -9999 -9999 -9999 -9999 -9999 -9999 -9999 -9999 -9999 -9999 -9999 -9999 -9999 -9999 -9999 -9999 -9999 -9999 -9999 -9999 -9999 -9999 -9999 -9999 2.14676177501678 2.07876080274582 1.39793327450752 1.10699173808098 0.917526751756668 0.870947957038879 0.853880256414413 0.800541043281555 0.819849014282227 0.778729498386383 0.682719737291336 1.09973922371864 1.27713149785995 0.894341289997101 1.02265504002571 1.06863820552826 1.17960003018379 1.09089303016663 1.01489326357841 0.841920018196106 0.864079535007477 0.818012237548828 0.755385786294937 0.783462792634964 1.25093623995781
-9999 -9999 -9999 -9999 -9999 -9999 -9999 -9999 -9999 -9999 -9999 -9999 -9999 -9999 -9999 -9999 -9999 -9999 -9999 -9999 -9999 -9999 -9999 -9999 -9999 -9999 -9999 -9999 -9999 -9999 -9999 -9999 -9999 -9999 -9999 -9999 2.85033166408539 2.38227742910385 1.84883558750153 1.22382670640945 0.939067482948303 0.791123986244202 0.726537019014359 0.735287234187126 0.722924262285233 0.698376730084419 0.716064736247063 1.02069076895714 1.02021145820618 0.980689465999603 0.998730003833771 1.11091947555542 1.25175976753235 1.14350321888924 1.03336277604103 0.877476006746292 0.906311988830566 0.744257256388664 0.809395462274551 1.07388827204704 1.34514302015305 1.79368275403976
-9999 -9999 -9999 -9999 -9999 -9999 -9999 -9999 -9999 -9999 -9999 -9999 -9999 -9999 -9999 -9999 -9999 -9999 -9999 -9999 -9999 -9999 -9999 -9999 -9999 -9999 -9999 -9999 -9999 -9999 -9999 3.30137157440186 0.960765302181244 -9999 2.10493344068527 2.14356845906127 1.80964662631353 1.64358150959015 1.64426851272583 1.32387748360634 0.786665260791779 0.694673985242844 0.706404000520706 0.772758007049561 0.757005751132965 0.724173009395599 0.853480517864227 1.11641478538513 1.1918782889843 1.11950701475143 1.22299048304558 1.25790077447891 1.20630821585655 1.15570199489594 1.12523326277733 1.14159223437309 1.33564800024033 1.54030501842499 1.52212125062943 1.91413879394531 1.98600822687149 2.19387681037188
-9999 -9999 -9999 -9999 -9999 -9999 -9999 -9999 -9999 -9999 -9999 -9999 -9999 -9999 -9999 -9999 -9999 -9999 -9999 -9999 -9999 -9999 0.346259817481041 3.93822312355042 1.17519754171371 4.2347309589386 6.59399843215942 3.43749296665192 6.91570115089417 1.64840108156204 0.992083489894867 1.26122322678566 1.30769625306129 1.89185553789139 2.76336067914963 3.08942914009094 1.63239830732346 1.41436126828194 0.940142959356308 0.778193235397339 0.680883765220642 0.734741270542145 0.927639037370682 1.03746449947357 1.14855524897575 1.01946750283241 1.07636699080467 1.17915299534798 1.25173196196556 1.29168596863747 1.29358354210854 1.26496946811676 1.24725222587585 1.21685698628426 1.60247325897217 1.51032829284668 2.05381268262863 2.45982974767685 2.47673933996874 -9999 -9999 -9999
-9999 -9999 -9999 -9999 -9999 -9999 -9999 -9999 -9999 -9999 -9999 -9999 -9999 -9999 -9999 -9999 -9999 -9999 -9999 -9999 -9999 -9999 0.719738245010376 1.42761522531509 0.703556254506111 0.476282984018326 0.619997978210449 0.737185478210449 1.13485497236252 1.16219553351402 0.805774480104446 0.771927773952484 1.03834953904152 1.04512873291969 0.791544020175934 0.630502492189407 0.550374761223793 0.590889751911163 0.629669979214668 0.637961268424988 0.804409503936768 1.00696349143982 1.29439195990562 1.22915402054787 1.00108122825623 1.12610328197479 1.18410676717758 1.17774295806885 1.18648570775986 1.35599246621132 1.48579949140549 1.59947776794434 1.63325482606888 1.75616097450256 2.71110892295837 -9999 -9999 -9999 -9999 -9999 -9999 -9999
-9999 -9999 -9999 -9999 -9999 -9999 -9999 -9999 -9999 -9999 -9999 -9999 -9999 -9999 -9999 -9999 -9999 -9999 -9999 0.852098246900047 2.19579711556435 3.84651446342468 0.909539222717285 0.467527493834496 0.413084998726845 0.448777511715889 0.493583992123604 0.518946021795273 0.576335236430168 0.516558766365051 0.516821265220642 0.524776518344879 0.560919016599655 0.584291249513626 0.608906239271164 0.569406017661095 0.543975010514259 0.604321494698524 0.66159300506115 0.705116271972656 0.757936477661133 0.771579712629318 0.660551995038986 0.629255264997482 0.728365480899811 1.11426150798798 1.45593148469925 1.19311273097992 1.27515676617622 1.38495370745659 1.5600945353508 -9999 -9999 -9999 -9999 -9999 -9999 -9999 -9999 -9999 -9999 -9999
-9999 -9999 -9999 -9999 -9999 -9999 -9999 -9999 -9999 -9999 -9999 -9999 -9999 -9999 -9999 -9999 -9999 1.98249343463353 1.43635608468737 1.55619064399174 0.450616002082825 0.340804494917393 0.428835734724998 0.354626253247261 0.382942512631416 0.416379734873772 0.391574263572693 0.376566767692566 0.37322024255991 0.355606488883495 0.43146076798439 0.505177482962608 0.495973482728004 0.519263237714767 0.662742733955383 0.730270519852638 0.755547791719437 0.734106749296188 0.690010517835617 0.813183009624481 0.637977004051208 0.517457261681557 0.463691979646683 0.541110008955002 0.750502467155457 1.08375450968742 1.40006697177887 1.224693775177 1.29833400249481 2.57399100065231 1.72022330760956 -9999 -9999 -9999 -9999 -9999 -9999 -9999 -9999 -9999 -9999 -9999
-9999 -9999 -9999 -9999 -9999 -9999 -9999 -9999 -9999 -9999 -9999 -9999 -9999 -9999 7.88279843330383 3.82266390323639 0.382637232542038 0.406720519065857 0.309097498655319 0.369625501334667 0.296993248164654 0.293390996754169 0.355806760489941 0.334903500974178 0.345511503517628 0.373720496892929 0.390639737248421 0.405726760625839 0.414432764053345 0.387839242815971 0.358429491519928 0.417791247367859 0.44905199110508 0.498579740524292 0.551209509372711 0.785731494426727 0.926257520914078 0.808715969324112 0.710978999733925 0.754176735877991 0.452234253287315 0.485711261630058 0.449511006474495 0.504824236035347 0.764147222042084 0.959781020879745 1.18660122156143 1.29958954453468 1.22033178806305 1.73117691278458 3.20471942424774 2.53798341751099 -9999 -9999 -9999 -9999 -9999 -9999 -9999 -9999 -9999 -9999
-9999 -9999 -9999 -9999 -9999 -9999 -9999 -9999 -9999 -9999 -9999 3.57706739902496 0.638063237071037 0.740301758050919 0.772383034229279 1.11991122364998 0.379763245582581 0.36591075360775 0.399245247244835 0.328730240464211 0.294275991618633 0.300481505692005 0.292387492954731 0.296424753963947 0.30698174983263 0.317140504717827 0.35368350148201 0.399416998028755 0.422614485025406 0.410491481423378 0.356047511100769 0.399656251072884 0.438935995101929 0.564074993133545 0.616585493087769 0.601295247673988 1.17279750108719 1.17707696557045 1.18523249030113 0.665366247296333 0.522540763020515 0.530369997024536 0.452565014362335 0.475765496492386 0.736872732639313 0.970419019460678 1.17100498080254 1.33833825588226 1.20891299843788 1.2644062936306 1.3463122844696 -9999 -9999 -9999 -9999 -9999 8.98934555053711 4.72248876094818 1.57170903682709 2.32608157396317 4.75540465116501 -9999
-9999 -9999 -9999 -9999 -9999 -9999 -9999 -9999 -9999 0.60062550008297 0.449691742658615 0.378872260451317 0.343908749520779 0.307676240801811 0.35844824463129 0.316985249519348 0.379455015063286 0.371796749532223 0.348356992006302 0.334857009351254 0.325784996151924 0.335722491145134 0.331756509840488 0.308908492326736 0.307740747928619 0.312714748084545 0.345056243240833 0.376317009329796 0.413439765572548 0.445967987179756 0.452666267752647 0.409056007862091 0.538618505001068 0.610763266682625 0.565167009830475 0.930684775114059 1.4334337413311 0.783532530069351 0.620694771409035 0.575302496552467 0.464434504508972 0.412628978490829 0.421070247888565 0.40014074742794 0.444908246397972 0.760736972093582 0.960128992795944 0.987748503684998 1.21028101444244 1.25260350108147 1.32634422183037 1.62513291835785 1.5310440659523 2.54871997833252 2.43288716248104 2.23429495096207 2.71929302811623 3.00297099351883 2.9637071788311 3.43555480241776 4.16567748785019 -9999
-9999 -9999 -9999 -9999 -9999 0.411075755953789 0.367860741913319 0.479949742555618 0.514369502663612 0.521769762039185 0.334119759500027 0.313481993973255 0.312636002898216 0.313201501965523 0.323537260293961 0.349899753928185 0.323314502835274 0.315068252384663 0.310848757624626 0.314908504486084 0.322946257889271 0.345795750617981 0.326123245060444 0.329344511032104 0.327894754707813 0.34587000310421 0.341178752481937 0.332447245717049 0.341987997293472 0.447641998529434 0.479152500629425 0.530196771025658 0.566983491182327 0.722428500652313 1.16991072893143 0.991828501224518 0.951737254858017 0.559905007481575 0.499290749430656 0.414045765995979 0.386321246623993 0.3712552562356 0.365287497639656 0.376418977975845 0.425904750823975 0.483735010027885 0.610511228442192 0.984856456518173 0.989649027585983 1.08519896864891 1.31564328074455 1.57559251785278 1.65632557868958 1.74084377288818 1.85226747393608 2.52300757169724 2.28906297683716 1.97636997699738 2.36706903576851 1.88994383811951 2.33932203054428 2.51337307691574
-9999 -9999 -9999 -9999 -9999 0.327364504337311 0.318050242960453 0.339346490800381 0.377313002943993 0.317783251404762 0.314988747239113 0.306674994528294 0.313783496618271 0.316273503005505 0.309932246804237 0.320210248231888 0.32532374560833 0.325037240982056 0.337645500898361 0.331716008484364 0.337989002466202 0.33830776065588 0.344301760196686 0.337490245699883 0.346269004046917 0.389047488570213 0.399884238839149 0.38178451359272 0.403463244438171 0.46137298643589 0.592159509658813 0.580065742135048 0.555705741047859 0.86372172832489 0.776292711496353 0.619482010602951 0.528476268053055 0.456066772341728 0.396292492747307 0.391266748309135 0.375416994094849 0.356385000050068 0.316001996397972 0.329601757228374 0.407144263386726 0.545217007398605 0.906965285539627 1.10110124945641 1.2121829688549 1.25266197323799 1.04340299963951 1.86916047334671 2.27776801586151 2.14216947555542 1.73130530118942 1.45611825585365 1.89778643846512 1.44353628158569 1.00547996163368 1.45099648833275 1.55317944288254 1.59566473960876
-9999 -9999 -9999 -9999 -9999 0.338807992637157 0.316010244190693 0.336294740438461 0.326619744300842 0.321333758533001 0.301668003201485 0.309991501271725 0.318575240671635 0.319067247211933 0.311899490654469 0.320581510663033 0.328233003616333 0.332531243562698 0.34519799798727 0.328024506568909 0.32209425419569 0.322638005018234 0.328974008560181 0.34230150282383 0.364962749183178 0.408155232667923 0.436187982559204 0.508839011192322 0.58637098968029 0.644574746489525 0.730419740080833 0.680389478802681 0.731724768877029 0.616098761558533 0.51163874566555 0.402357012033463 0.401782482862473 0.384104266762733 0.380145728588104 0.375297009944916 0.364503756165504 0.343109250068665 0.340736255049706 0.422882258892059 0.563556745648384 0.502991259098053 0.706710755825043 0.632262021303177 0.580612510442734 0.530429989099503 0.832569032907486 2.28072756528854 1.63720732927322 0.783699005842209 0.876095205545425 0.65158349275589 1.06501227617264 0.784923791885376 1.1039647758007 1.27941226959229 1.45285347104073 1.58487671613693
-9999 -9999 -9999 -9999 -9999 0.309396006166935 0.334422759711742 0.321735754609108 0.312351755797863 0.305993244051933 0.301105499267578 0.311683505773544 0.324733503162861 0.324607506394386 0.326662503182888 0.337392009794712 0.326686508953571 0.328169256448746 0.334969505667686 0.311519242823124 0.311064004898071 0.326363995671272 0.339186005294323 0.343049995601177 0.386214002966881 0.427902013063431 0.415411502122879 0.467828258872032 0.488775014877319 0.524144992232323 0.578421771526337 0.640325993299484 0.591851994395256 0.508180484175682 0.431121736764908 0.418338015675545 0.398307770490646 0.375684767961502 0.354967497289181 0.367662750184536 0.369867749512196 0.380828261375427 0.364020757377148 0.356382742524147 0.361015498638153 0.387936187908053 0.463634982705116 0.296690247952938 0.339578993618488 0.349312506616116 0.402016505599022 1.10830879211426 0.801224291324615 0.975083291530609 1.06293752789497 0.783180713653564 1.12071272730827 1.42971932888031 1.000512778759 1.38978150486946 1.53520649671555 1.69782292842865
-9999 -9999 -9999 -9999 -9999 0.365018248558044 0.354742504656315 0.359138242900372 0.323432989418507 0.32540474832058 0.330098256468773 0.334833741188049 0.335066244006157 0.320374488830566 0.316492505371571 0.320756256580353 0.325232997536659 0.327437996864319 0.328245006501675 0.329607747495174 0.349247999489307 0.333107247948647 0.322323001921177 0.347393251955509 0.402752235531807 0.380897998809814 0.376653000712395 0.393565490841866 0.438273757696152 0.515598759055138 0.55655774474144 0.602804258465767 0.55273126065731 0.530876979231834 0.47691898047924 0.431733012199402 0.370445251464844 0.354461252689362 0.369888760149479 0.373747497797012 0.364122748374939 0.35002800822258 0.340359002351761 0.343227759003639 0.335971489548683 0.333166502416134 0.353729255497456 0.353356495499611 0.321175508201122 0.298894509673119 0.250963501632214 0.253775238990784 0.520251005887985 0.666597738862038 0.684863269329071 0.869971543550491 1.25453361868858 1.19719511270523 1.01820221543312 1.28711253404617 1.4994712471962 1.43236050009727
