EcologicalScience/Bass/data/rs_data_bass/chl_6.asc
NCOLS 226 
NROWS 124 
XLLCORNER -9.41648524995501 
YLLCORNER 47.587301625531 
CELLSIZE 0.0833 
NODATA_value -9999 
[rows 56 to 83 of 124, columns 0 to 61 of 226]
-9999 -9999 -9999 -9999 -9999 -9999 -9999 -9999 -9999 -9999 -9999 -9999 -9999 -9999 -9999 -9999 -9999 -9999 -9999 -9999 -9999 -9999 -9999 -9999 -9999 -9999 -9999 -9999 -9999 -9999 -9999 -9999 -9999 -9999 -9999 -9999 -9999 -9999 -9999 -9999 1.37516096234322 1.54794305562973 1.411148250103 1.39559546113014 1.56555676460266 1.49490827322006 1.32656773924828 1.30426946282387 1.3800742328167 1.26047846674919 1.15579426288605 1.66586548089981 1.56074917316437 1.99563825130463 2.10313045978546 2.32120656967163 2.4440798163414 2.71423870325089 2.60254883766174 -9999 -9999 -9999
-9999 -9999 -9999 -9999 -9999 -9999 -9999 -9999 -9999 -9999 -9999 -9999 -9999 -9999 -9999 -9999 -9999 -9999 -9999 -9999 -9999 -9999 -9999 -9999 -9999 -9999 -9999 -9999 -9999 -9999 -9999 -9999 -9999 -9999 -9999 -9999 -9999 -9999 -9999 -9999 1.67995208501816 1.69920229911804 1.75178772211075 1.7740221619606 1.68934196233749 1.598972260952 1.50307202339172 1.40346747636795 1.51498281955719 1.46002498269081 1.05817124247551 1.43898671865463 1.60488224029541 1.79896491765976 2.07460641860962 1.81732571125031 1.77802205085754 1.80847942829132 1.83807742595673 3.87844812870026 8.25136756896973 -9999
-9999 -9999 -9999 -9999 -9999 -9999 -9999 -9999 -9999 -9999 -9999 -9999 -9999 -9999 -9999 -9999 -9999 -9999 -9999 -9999 -9999 -9999 -9999 -9999 -9999 -9999 -9999 -9999 -9999 -9999 -9999 -9999 -9999 -9999 -9999 -9999 -9999 -9999 -9999 -9999 -9999 1.97898906469345 1.78286325931549 1.77401930093765 1.65910416841507 1.52360022068024 1.65974360704422 1.48278298974037 1.52830731868744 1.57214766740799 1.51752711832523 1.41589576005936 1.49129927158356 1.53634268045425 1.5264750123024 1.53496867418289 1.65721642971039 1.80551183223724 1.89864295721054 1.94127666950226 4.98944771289825 -9999
-9999 -9999 -9999 -9999 -9999 -9999 -9999 -9999 -9999 -9999 -9999 -9999 -9999 -9999 -9999 -9999 -9999 -9999 -9999 -9999 -9999 -9999 -9999 -9999 -9999 -9999 -9999 -9999 -9999 -9999 -9999 -9999 -9999 -9999 -9999 -9999 -9999 -9999 -9999 -9999 -9999 2.25102442502975 1.75146299600601 1.71525156497955 1.67825549840927 1.56551474332809 1.59282374382019 1.43159294128418 1.58464121818542 1.53689181804657 1.39233228564262 1.04416421055794 1.16753250360489 1.32180297374725 1.29157572984695 1.3921289741993 1.62070941925049 2.00667679309845 3.9200656414032 -9999 -9999 -9999
-9999 -9999 -9999 -9999 -9999 -9999 -9999 -9999 -9999 -9999 -9999 -9999 -9999 -9999 -9999 -9999 -9999 -9999 -9999 -9999 -9999 -9999 -9999 -9999 -9999 -9999 -9999 -9999 -9999 -9999 -9999 -9999 -9999 -9999 -9999 -9999 -9999 -9999 -9999 -9999 2.3703156709671 2.17898172140121 2.05125296115875 1.58412605524063 1.5069637298584 1.20864146947861 1.22009173035622 1.21647146344185 1.40829679369926 1.21010103821754 1.54693123698235 1.01995423436165 1.13828471302986 1.47141221165657 1.61811232566833 1.60200601816177 1.80335408449173 -9999 -9999 2.73121494054794 3.50553452968597 2.80585652589798
-9999 -9999 -9999 -9999 -9999 -9999 -9999 -9999 -9999 -9999 -9999 -9999 -9999 -9999 -9999 -9999 -9999 -9999 -9999 -9999 -9999 -9999 -9999 -9999 -9999 -9999 -9999 -9999 -9999 -9999 -9999 -9999 -9999 -9999 -9999 -9999 -9999 -9999 -9999 2.05669802427292 2.03566879034042 1.99017441272736 1.77671098709106 1.64538073539734 1.33802998065948 1.26791095733643 1.23818626999855 1.19849324226379 1.25028678774834 1.17139801383018 1.0223640203476 1.03419828414917 1.50421723723412 1.38779103755951 1.563492000103 1.63405501842499 2.24767792224884 2.10812616348267 2.01215547323227 1.88766378164291 2.26198428869247 2.46946799755096
-9999 -9999 -9999 -9999 -9999 -9999 -9999 -9999 -9999 -9999 -9999 -9999 -9999 -9999 -9999 -9999 -9999 -9999 -9999 -9999 -9999 -9999 -9999 -9999 -9999 -9999 -9999 -9999 -9999 -9999 -9999 -9999 -9999 -9999 -9999 -9999 -9999 -9999 -9999 2.11825793981552 1.92238050699234 1.82403141260147 1.61956429481506 1.45741349458694 1.15763774514198 1.23742496967316 1.29691725969315 1.21579876542091 1.22297850251198 1.18679174780846 1.54904660582542 1.5490537583828 1.56570187211037 1.29941099882126 1.39671072363853 1.58714783191681 1.66163170337677 1.67166602611542 1.46555551886559 1.80026704072952 2.01957303285599 1.98386782407761
-9999 -9999 -9999 -9999 -9999 -9999 -9999 -9999 -9999 -9999 -9999 -9999 -9999 -9999 -9999 -9999 -9999 -9999 -9999 -9999 -9999 -9999 -9999 -9999 -9999 -9999 -9999 -9999 -9999 -9999 -9999 -9999 -9999 -9999 -9999 -9999 -9999 -9999 2.44458371400833 2.3660295009613 1.72594267129898 1.73176717758179 1.39066350460052 1.09121999144554 1.35509437322617 1.39210876822472 1.4325809776783 1.06089073419571 1.00974002480507 0.945579707622528 1.59574614465237 1.26649349927902 1.33584371209145 1.36000272631645 1.38776251673698 1.46215876936913 1.4045085310936 1.25155422091484 1.16619676351547 1.47142571210861 1.67050641775131 1.88716417551041
-9999 -9999 -9999 -9999 -9999 -9999 -9999 -9999 -9999 -9999 -9999 -9999 -9999 -9999 -9999 -9999 -9999 -9999 -9999 -9999 -9999 -9999 -9999 -9999 -9999 -9999 -9999 -9999 -9999 -9999 -9999 -9999 -9999 -9999 -9999 -9999 -9999 -9999 2.14894795417786 2.17964994907379 1.61839878559113 1.44560927152634 1.25332573056221 1.12725824117661 1.06590074300766 1.39752338826656 0.995820790529251 0.96977698802948 0.928651481866837 0.921029269695282 1.64674311876297 1.77901911735535 1.37123474478722 1.42210954427719 1.46167051792145 1.3605825304985 1.33180198073387 1.29084599018097 1.23852977156639 1.33255729079247 1.63464152812958 1.79118829965591
-9999 -9999 -9999 -9999 -9999 -9999 -9999 -9999 -9999 -9999 -9999 -9999 -9999 -9999 -9999 -9999 -9999 -9999 -9999 -9999 -9999 -9999 -9999 -9999 -9999 -9999 -9999 -9999 -9999 -9999 -9999 -9999 -9999 -9999 -9999 -9999 -9999 -9999 2.21474933624268 1.82142072916031 1.53074848651886 1.40303403139114 1.26969078183174 1.14467176795006 1.07648554444313 1.03209525346756 0.9439357817173 0.920023530721664 0.972999036312103 1.05409124493599 1.15094098448753 1.24142628908157 1.26729297637939 1.43186321854591 1.54078280925751 1.43852099776268 1.33271625638008 1.30369502305984 1.36649921536446 1.41867971420288 1.64869576692581 2.28943133354187
-9999 -9999 -9999 -9999 -9999 -9999 -9999 -9999 -9999 -9999 -9999 -9999 -9999 -9999 -9999 -9999 -9999 -9999 -9999 -9999 -9999 -9999 -9999 -9999 -9999 -9999 -9999 -9999 -9999 -9999 -9999 -9999 -9999 -9999 -9999 -9999 -9999 2.04954296350479 2.17653304338455 3.14122259616852 2.39538592100143 1.42108279466629 1.28635346889496 1.15153804421425 1.03125 0.963213711977005 0.915201723575592 0.898030489683151 1.78505927324295 2.01613613963127 1.95267829298973 1.47986474633217 1.68738681077957 1.57626074552536 1.33515375852585 1.3578750193119 1.37498697638512 1.40769678354263 1.45144048333168 1.68326103687286 1.72628617286682 1.98588591814041
-9999 -9999 -9999 -9999 -9999 -9999 -9999 -9999 -9999 -9999 -9999 -9999 -9999 -9999 -9999 -9999 -9999 -9999 -9999 -9999 -9999 -9999 -9999 -9999 -9999 -9999 -9999 -9999 -9999 -9999 -9999 -9999 -9999 -9999 -9999 -9999 8.29733920097351 2.46128618717194 2.25392174720764 3.25240194797516 2.50789958238602 1.7140417098999 1.33158454298973 1.15616628527641 0.95114403963089 0.895355254411697 0.946922957897186 0.998347520828247 1.77806657552719 1.88555815815926 1.98561823368073 1.6001084446907 1.64053344726562 1.58419650793076 1.51701521873474 1.52460980415344 1.53280878067017 1.53558522462845 1.49852022528648 1.75746005773544 1.88325083255768 1.97286683320999
-9999 -9999 -9999 -9999 -9999 -9999 -9999 -9999 -9999 -9999 -9999 -9999 -9999 -9999 -9999 -9999 -9999 -9999 -9999 -9999 -9999 -9999 -9999 -9999 -9999 -9999 -9999 -9999 -9999 -9999 -9999 2.71021270751953 1.86989396810532 -9999 2.10493344068527 -9999 2.0895277261734 1.63423508405685 1.49149802327156 3.13445091247559 1.6704735159874 1.17557322978973 1.11648228764534 1.05869847536087 0.890918970108032 0.913479745388031 1.00987422466278 1.62124429643154 1.56644663214684 1.68118688464165 1.71167135238647 1.66569292545319 1.82282772660255 1.64576697349548 1.57591956853867 1.63229244947433 1.65519297122955 1.72136467695236 2.59704226255417 2.61382243037224 3.66509556770325 3.74377191066742
-9999 -9999 -9999 -9999 -9999 -9999 -9999 -9999 -9999 -9999 -9999 -9999 -9999 -9999 -9999 -9999 -9999 -9999 -9999 -9999 -9999 -9999 0.346259817481041 4.4133095741272 2.83543878793716 2.82362705469131 3.47499883174896 4.43441104888916 6.00829768180847 1.82063120603561 1.58874486386776 1.68525749444962 2.17265331745148 1.81833833456039 1.40605947375298 1.79778599739075 1.06190103292465 1.15902301669121 1.04304528236389 0.975690722465515 0.906702250242233 1.10009703040123 1.13806799054146 1.07661598920822 1.03871396183968 1.08315601944923 1.14428177475929 1.47255823016167 1.22426998615265 1.60985398292542 1.81195503473282 1.67711555957794 1.4449417591095 1.83990007638931 1.92424643039703 2.11732649803162 2.15710955858231 3.55651867389679 2.52923691272736 -9999 -9999 -9999
-9999 -9999 -9999 -9999 -9999 -9999 -9999 -9999 -9999 -9999 -9999 -9999 -9999 -9999 -9999 -9999 -9999 -9999 -9999 -9999 -9999 -9999 1.91210407018661 1.73571074008942 1.37678772211075 1.43882095813751 1.6027073264122 1.84864193201065 1.40620686113834 1.6649261713028 1.68373310565948 1.16376525163651 1.8762720823288 1.37986278533936 1.1764432489872 1.02405971288681 0.860150277614594 0.810752213001251 0.848188519477844 0.900398254394531 0.972636044025421 1.13064301013947 1.10299649834633 1.10743877291679 1.11933445930481 1.16361004114151 1.30323976278305 1.34994900226593 1.55142487585545 1.54825419187546 1.78211921453476 1.5899618268013 1.78360801935196 2.14599895477295 2.22879678010941 -9999 -9999 -9999 -9999 -9999 -9999 -9999
-9999 -9999 -9999 -9999 -9999 -9999 -9999 -9999 -9999 -9999 -9999 -9999 -9999 -9999 -9999 -9999 -9999 -9999 -9999 37.4510822296143 1.63731150627136 1.78219950199127 1.19588023424149 1.17592871189117 1.11243903636932 1.16170129179955 1.24095153808594 1.48415547609329 1.50317466259003 1.39581035077572 1.31264998018742 1.16870704293251 1.05200627446175 1.21242973208427 1.18755903840065 1.06885197758675 0.89003849029541 0.789358466863632 0.724314004182816 0.710883021354675 1.05340799689293 1.12001475691795 1.27213427424431 1.36470445990562 1.49661746621132 1.50228939950466 1.62296855449677 1.64178675413132 1.86883056163788 1.87966418266296 1.85280293226242 -9999 -9999 -9999 -9999 -9999 -9999 -9999 -9999 -9999 -9999 -9999
-9999 -9999 -9999 -9999 -9999 -9999 -9999 -9999 -9999 -9999 -9999 -9999 -9999 -9999 -9999 -9999 -9999 1.80062466859818 1.80049574375153 1.18036553263664 1.6149779856205 1.2012457549572 1.2326942384243 0.979723766446113 0.921597018837929 0.966638475656509 0.969175860285759 0.954343155026436 0.887349732220173 0.773118227720261 1.01354433596134 0.981717020273209 0.84575629234314 0.882626205682755 1.02782553434372 0.970728009939194 0.771714717149734 0.670312508940697 0.652962014079094 0.68080347776413 0.702704250812531 0.82134635746479 0.827170103788376 1.00460287928581 1.30390875041485 1.48199701309204 1.27401003241539 1.76023578643799 1.66015058755875 1.20730349421501 1.23575028777122 -9999 -9999 -9999 -9999 -9999 -9999 -9999 -9999 -9999 -9999 -9999
-9999 -9999 -9999 -9999 -9999 -9999 -9999 -9999 -9999 -9999 -9999 -9999 -9999 -9999 1.91729402542114 1.91910181939602 1.78366273641586 1.80898493528366 1.75935155153275 1.65297156572342 0.760051250457764 0.735154017806053 0.718673512339592 0.705308765172958 0.737061977386475 0.754467248916626 0.83787676692009 0.955316595733166 0.781710751354694 0.777418881654739 0.769227750599384 0.842601366341114 0.813827991485596 0.781877964735031 0.833246290683746 0.871735543012619 0.771860986948013 0.679801493883133 0.641388729214668 0.644713506102562 0.629455491900444 0.644154757261276 0.793331265449524 0.722669988870621 1.32012373209 1.34696102142334 1.33962526917458 1.54414808750153 1.60364842414856 1.46700525283813 1.41018748283386 1.27646926045418 -9999 -9999 -9999 -9999 -9999 -9999 -9999 -9999 -9999 -9999
-9999 -9999 -9999 -9999 -9999 -9999 -9999 -9999 -9999 -9999 -9999 4.18960869312286 1.50472010672092 1.70399960875511 1.39331848919392 1.10326051712036 1.18388253450394 1.21610552072525 1.14362400770187 0.718302503228188 0.664607256650925 0.565794378519058 0.622072264552116 0.621860012412071 0.62015525996685 0.81597264111042 0.796922989189625 0.739037610590458 0.702069371938705 0.73241925984621 0.707760728895664 0.756184123456478 0.782303273677826 0.75189596414566 0.783412456512451 0.771788209676743 0.95483922958374 0.847007989883423 0.785651206970215 0.644826740026474 0.594883516430855 0.633605271577835 0.570800229907036 0.68376150727272 1.25861173868179 1.30612054467201 1.39015424251556 1.41212546825409 1.53355729579926 1.29729822278023 1.39937250316143 -9999 -9999 -9999 -9999 -9999 2.40788315784099 1.82156556844711 2.40917104482651 2.31198334693909 2.16541162133217 -9999
-9999 -9999 -9999 -9999 -9999 -9999 -9999 -9999 -9999 1.50534325838089 1.6797382235527 1.42002779245377 0.971866518259048 0.824724018573761 0.692443504929543 0.72173398733139 0.879395216703415 0.930523484945297 0.848845481872559 0.629439756274223 0.543177753686905 0.513279765844345 0.530859008431435 0.463368013501167 0.549437254667282 0.547411993145943 0.567518010735512 0.643481254577637 0.644563883543015 0.61048049479723 0.533989250659943 0.527315989136696 0.71732023358345 0.743751749396324 0.768800228834152 0.770811706781387 0.942047260701656 0.991879463195801 0.846671283245087 0.84827247262001 0.749032482504845 0.633004501461983 0.684888750314713 1.86602693796158 1.52414882183075 1.58515459299088 1.27443900704384 1.38707023859024 1.46834546327591 1.30698600411415 1.25328147411346 1.41187798976898 1.67055171728134 2.28053104877472 2.05848670005798 2.1699555516243 1.88875508308411 1.83380091190338 2.08013105392456 2.22330003976822 2.2114554643631 -9999
-9999 -9999 -9999 -9999 -9999 1.19081774353981 4.28582096099854 1.2369444668293 1.41106349229813 1.3340702354908 0.743996232748032 0.72301273047924 0.697409257292747 0.634218737483025 0.626178771257401 0.619702488183975 0.641599506139755 0.667647019028664 0.666920229792595 0.619723498821259 0.487650007009506 0.439727246761322 0.442033499479294 0.430218771100044 0.471877008676529 0.556596368551254 0.549797259271145 0.571285128593445 0.572694003582001 0.597427882254124 0.544481486082077 0.529593989253044 0.56589849293232 0.69998699426651 0.687327727675438 0.68094827234745 0.692107230424881 2.30828547477722 1.0220699608326 0.884141206741333 0.851040780544281 2.038090467453 1.87463468313217 1.61151748895645 1.26903855800629 1.50387118756771 1.60541474819183 1.59892880916595 1.49204322695732 1.42432129383087 1.28552475571632 1.23002627491951 1.48511400818825 1.9951536655426 1.71703344583511 1.76196902990341 1.75357872247696 1.8527272939682 2.28423517942429 2.47176003456116 2.35077452659607 2.26510566473007
-9999 -9999 -9999 -9999 -9999 0.960000783205032 0.783996731042862 0.823150455951691 0.736369505524635 0.710455521941185 0.599851503968239 0.668484762310982 0.607346266508102 0.579965248703957 0.572541743516922 0.466512769460678 0.490283980965614 0.47945474088192 0.500939235091209 0.445726498961449 0.432447016239166 0.431406006217003 0.526110380887985 0.530892737209797 0.522601135075092 0.552545629441738 0.510420769453049 0.516505256295204 0.529272004961967 0.479495763778687 0.528371244668961 0.572147637605667 0.58550700545311 0.604177124798298 0.668241754174232 0.605539008975029 2.4296886920929 2.71186870336533 1.91222995519638 0.961326777935028 0.885334521532059 0.782757729291916 0.849219024181366 0.796446025371552 1.78042942285538 1.6179378926754 1.95916503667831 1.66233947873116 1.38664421439171 1.32182478904724 1.36954727768898 1.55706804990768 1.28692200779915 1.48621729016304 1.6085062623024 1.73332875967026 1.86025357246399 1.89514571428299 2.22545993328094 2.27584058046341 2.32122677564621 2.5334655046463
-9999 -9999 -9999 -9999 -9999 0.597857996821404 0.616810485720634 0.722039982676506 0.594920977950096 0.5806874781847 0.629603236913681 0.57522976398468 0.536665499210358 0.446943014860153 0.44345922768116 0.443326503038406 0.437891229987144 0.442017763853073 0.442909508943558 0.435682520270348 0.426684737205505 0.425534248352051 0.5365169942379 0.536283373832703 0.547964617609978 0.493905484676361 0.508887499570847 0.517039760947227 0.525657251477242 0.530193999409676 0.580013260245323 0.613057874143124 0.431316018104553 0.427155733108521 1.7092080116272 1.91613668203354 2.06195694208145 2.29276424646378 2.02686667442322 2.13745719194412 0.999262511730194 0.974429279565811 0.894884258508682 0.802019208669662 0.799842774868011 1.60804948210716 1.57660049200058 1.67197948694229 1.91178381443024 1.66838407516479 1.35204295814037 1.42003178596497 1.39307776093483 1.32843527197838 1.46797049045563 1.51640248298645 1.81377446651459 1.83759158849716 2.01182252168655 1.87561422586441 2.19218927621841 2.33355295658112
-9999 -9999 -9999 -9999 -9999 0.533907741308212 0.538499236106873 0.532276511192322 0.542154014110565 0.612761244177818 0.686055019497871 0.437669232487679 0.432642012834549 0.433615520596504 0.435249745845795 0.430402502417564 0.443759232759476 0.430868268013 0.441381767392159 0.433130979537964 0.42298498749733 0.420246005058289 0.439310252666473 0.575886391103268 0.513079509139061 0.526766493916512 0.537569999694824 0.557187005877495 0.648244753479958 0.667348235845566 0.582340881228447 0.594373114407063 0.48759900033474 0.678835496306419 0.710543230175972 2.20118325948715 2.29610699415207 2.17558354139328 2.28709119558334 2.17017978429794 1.91140955686569 1.11303377151489 1.04723998904228 0.814468502998352 0.776855260133743 0.732981361448765 1.29461328685284 1.83351981639862 1.95220792293549 2.14839971065521 2.0385645031929 1.48242974281311 1.37056875228882 1.27304247021675 1.20207524299622 1.40805378556252 1.49681769311428 1.99805331230164 2.09045541286469 1.75738799571991 2.10280877351761 2.39702242612839
-9999 -9999 -9999 -9999 -9999 0.562227755784988 0.608000993728638 0.65573850274086 0.618237018585205 0.661063492298126 0.599296510219574 0.592331260442734 0.425694733858109 0.424179017543793 0.422736749053001 0.428072243928909 0.42933677136898 0.441473230719566 0.449840247631073 0.48710323870182 0.484426483511925 0.447963729500771 0.490653768181801 0.705416992306709 0.60633173584938 0.615956738591194 0.625112250447273 0.619087740778923 0.507371261715889 0.525228381156921 0.548395872116089 0.595300510525703 0.595987871289253 1.43468400835991 0.728381261229515 0.692003980278969 1.87081950902939 1.80672454833984 1.9676159620285 2.13055282831192 1.77212995290756 2.05498570203781 1.11749696731567 1.07341575622559 0.795963764190674 0.760398745536804 0.808033525943756 0.856862962245941 0.798366755247116 0.746184021234512 1.86434108018875 1.78660207986832 1.28842502832413 1.21637552976608 1.22342097759247 1.29508951306343 1.41766726970673 1.41618150472641 1.49415600299835 1.57450193166733 1.87047904729843 1.78864717483521
-9999 -9999 -9999 -9999 -9999 0.415701001882553 0.437435254454613 0.499711751937866 0.634842753410339 0.625004231929779 0.635154739022255 0.7331932336092 0.640632748603821 0.43215899169445 0.427694231271744 0.425587490200996 0.442217990756035 0.466664269566536 0.486129015684128 0.50349748134613 0.50976374745369 0.567282021045685 0.562287747859955 0.569204270839691 0.599654272198677 0.744603484869003 0.759824261069298 0.722747981548309 0.555005997419357 0.945459008216858 1.04791876673698 1.05323624610901 1.14562726020813 0.683694005012512 0.65862375497818 0.676327496767044 0.690181508660316 0.716133758425713 1.91682225465775 1.959263920784 1.77332031726837 1.83493494987488 1.58821356296539 1.20469728112221 0.940304964780807 0.890669256448746 0.865828514099121 0.827116459608078 0.711849018931389 0.721545740962029 0.715505987405777 1.59781050682068 1.3040047287941 1.30324128270149 1.18976703286171 1.3110359609127 1.24351796507835 1.6879740357399 2.24915170669556 1.82216477394104 1.82627016305923 2.62691849470139
-9999 -9999 -9999 -9999 -9999 0.419296503067017 0.416606247425079 0.660174742341042 0.615908235311508 0.573483735322952 0.588984757661819 0.559799239039421 0.4128727465868 0.497850760817528 0.429235517978668 0.43470673263073 0.437137484550476 0.469475984573364 0.507723748683929 0.490408480167389 0.534816384315491 0.554423242807388 0.517279958724976 0.498325511813164 0.583432495594025 0.682088255882263 0.581968501210213 0.599697008728981 0.575379744172096 0.572421759366989 0.55851674079895 0.553198501467705 0.543943114578724 0.658709228038788 0.669173240661621 0.660134240984917 0.687960729002953 0.74047426879406 1.55440127849579 1.71295648813248 1.68427044153214 1.82424294948578 1.77390146255493 1.2335362136364 1.17291301488876 0.918738037347794 0.895556956529617 0.813612788915634 0.757240533828735 0.639311984181404 0.630447015166283 0.599913731217384 0.585673481225967 1.1968739926815 0.969064503908157 1.14434096217155 1.29734399914742 1.65035766363144 2.33126091957092 2.4416595697403 1.87784707546234 1.84602606296539
-9999 -9999 -9999 -9999 -9999 0.409125745296478 0.413552239537239 0.407272517681122 0.638969242572784 0.711412489414215 0.707187741994858 0.602313011884689 0.532617017626762 0.419120237231255 0.392691761255264 0.439759477972984 0.44311948120594 0.632642984390259 0.541338756680489 0.559894502162933 0.559069119393826 0.589912511408329 0.592488750815392 0.562213656306267 0.605444267392159 0.63731025159359 0.694700986146927 0.757448226213455 0.564048752188683 0.549517504870892 0.555406495928764 0.54219451546669 0.540397480130196 0.514167733490467 0.668256014585495 0.682512760162354 0.705654010176659 0.727321520447731 0.755231291055679 1.47063598036766 0.481194745749235 1.50206780433655 1.41719779372215 1.05954524874687 1.04798546433449 1.03114950656891 0.756999760866165 0.69046725332737 0.613297507166862 0.571448251605034 0.556706249713898 0.5417789965868 0.557881504297256 0.693560242652893 1.01023346185684 1.25976821780205 1.53195977210999 2.2277684211731 -9999 -9999 -9999 -9999
