EcologicalScience/Bass/data/rs_data_bass/chl_376.asc
NCOLS 226 
NROWS 124 
XLLCORNER -9.41648524995501 
YLLCORNER 47.587301625531 
CELLSIZE 0.0833 
NODATA_value -9999 
[rows 0 to 26 of 124, columns 62 to 123 of 226]
-9999 -9999 -9999 -9999 -9999 -9999 -9999 -9999 -9999 -9999 -9999 -9999 -9999 -9999 -9999 -9999 -9999 -9999 -9999 -9999 -9999 -9999 -9999 -9999 -9999 -9999 -9999 -9999 -9999 -9999 -9999 -9999 -9999 -9999 -9999 -9999 -9999 -9999 -9999 -9999 -9999 -9999 -9999 -9999 -9999 -9999 -9999 -9999 -9999 -9999 -9999 -9999 -9999 -9999 -9999 -9999 -9999 -9999 -9999 -9999 -9999 -9999
-9999 -9999 -9999 -9999 -9999 -9999 -9999 -9999 -9999 -9999 -9999 -9999 -9999 -9999 -9999 -9999 -9999 -9999 -9999 -9999 -9999 -9999 -9999 -9999 -9999 -9999 -9999 -9999 -9999 -9999 -9999 -9999 -9999 -9999 -9999 -9999 -9999 -9999 -9999 -9999 -9999 -9999 -9999 -9999 -9999 -9999 -9999 -9999 -9999 -9999 -9999 -9999 -9999 -9999 -9999 -9999 -9999 -9999 -9999 -9999 -9999 -9999
-9999 -9999 -9999 -9999 -9999 -9999 -9999 -9999 -9999 -9999 -9999 -9999 -9999 -9999 -9999 -9999 -9999 -9999 -9999 -9999 -9999 -9999 -9999 -9999 -9999 -9999 -9999 -9999 -9999 -9999 -9999 -9999 -9999 -9999 -9999 -9999 -9999 -9999 -9999 -9999 -9999 -9999 -9999 -9999 -9999 -9999 -9999 -9999 -9999 -9999 -9999 -9999 -9999 -9999 -9999 -9999 -9999 -9999 -9999 -9999 -9999 -9999
-9999 -9999 -9999 -9999 -9999 -9999 -9999 -9999 -9999 -9999 -9999 -9999 -9999 -9999 -9999 -9999 -9999 -9999 -9999 -9999 -9999 -9999 -9999 -9999 -9999 -9999 -9999 -9999 -9999 -9999 -9999 -9999 -9999 -9999 -9999 -9999 -9999 -9999 -9999 -9999 -9999 -9999 -9999 -9999 -9999 -9999 -9999 -9999 -9999 -9999 -9999 -9999 -9999 -9999 -9999 -9999 -9999 -9999 -9999 -9999 -9999 -9999
-9999 -9999 -9999 -9999 -9999 -9999 -9999 -9999 -9999 -9999 -9999 -9999 -9999 -9999 -9999 -9999 -9999 -9999 -9999 -9999 -9999 -9999 -9999 -9999 -9999 -9999 -9999 -9999 -9999 -9999 -9999 -9999 -9999 -9999 -9999 -9999 -9999 -9999 -9999 -9999 -9999 -9999 -9999 -9999 -9999 -9999 -9999 -9999 -9999 -9999 -9999 -9999 -9999 -9999 -9999 -9999 -9999 -9999 -9999 -9999 -9999 -9999
-9999 -9999 -9999 -9999 -9999 -9999 -9999 -9999 -9999 -9999 -9999 -9999 -9999 -9999 -9999 -9999 -9999 -9999 -9999 -9999 -9999 -9999 -9999 -9999 -9999 -9999 -9999 -9999 0.63735419511795 1.30244445713767 0.9676810332707 0.658272743225098 0.594709485769272 0.633377999067307 0.620970770716667 0.536734645565351 0.466658855477969 0.464420579373837 0.440726605554422 0.443652749061584 0.464821502566338 0.498072758316994 0.498419255018234 0.496911764144897 0.509313002228737 0.508574232459068 0.499963492155075 0.500411242246628 0.526035770773888 0.498781487345695 0.481608018279076 0.465242251753807 0.459975019097328 0.440255239605904 0.415339484810829 0.407133758068085 0.395638480782509 0.414483770728111 0.423241496086121 0.425920486450195 0.439220264554024 0.431724742054939
-9999 -9999 -9999 -9999 -9999 -9999 -9999 -9999 -9999 -9999 -9999 -9999 -9999 -9999 -9999 -9999 -9999 -9999 -9999 -9999 -9999 -9999 -9999 -9999 -9999 -9999 1.18186515569687 1.0627324283123 4.72612484382547 2.23061703890562 2.10933230817318 0.793199390172958 0.707618529597918 0.682810607055823 0.605928763747215 0.621603772044182 0.582394480705261 0.59825773537159 0.562128737568855 0.555669754743576 0.532638743519783 0.538603484630585 0.55095000565052 0.552130490541458 0.554981991648674 0.533624991774559 0.507021769881248 0.463431000709534 0.470153242349625 0.486127495765686 0.457641765475273 0.469407767057419 0.478204518556595 0.480795755982399 0.459444746375084 0.426253482699394 0.412232235074043 0.407130002975464 0.38043674826622 0.408878982067108 0.435724496841431 0.422643005847931
-9999 -9999 -9999 -9999 -9999 -9999 -9999 -9999 -9999 -9999 -9999 -9999 -9999 -9999 -9999 -9999 -9999 -9999 -9999 -9999 -9999 -9999 -9999 -9999 -9999 -9999 1.18186515569687 2.01174455881119 1.7058612704277 1.52678174525499 0.957819253206253 0.810993388295174 0.775608010590076 0.679847627878189 0.506394758820534 0.570584982633591 0.533594995737076 0.564740270376205 0.558930739760399 0.587170511484146 0.575355738401413 0.572082728147507 0.574930518865585 0.574959754943848 0.544180512428284 0.535414516925812 0.51520349085331 0.514916270971298 0.5129114985466 0.503244012594223 0.480001509189606 0.469725742936134 0.451323732733727 0.436790987849236 0.450091481208801 0.442615494132042 0.426921755075455 0.407747983932495 0.40684050321579 0.418682992458344 0.443294987082481 0.438194990158081
-9999 -9999 -9999 -9999 -9999 -9999 -9999 -9999 -9999 -9999 -9999 -9999 -9999 -9999 -9999 -9999 -9999 -9999 -9999 -9999 -9999 -9999 -9999 -9999 -9999 -9999 1.86322262457439 1.26317775249481 1.25970603525639 1.07610324025154 0.798560991883278 0.816080242395401 0.714595511555672 0.687978744506836 0.511731013655663 0.532046243548393 0.561668246984482 0.562046259641647 0.576148509979248 0.60632698237896 0.628529235720634 0.629520758986473 0.614254519343376 0.585234001278877 0.570264011621475 0.537342756986618 0.521862745285034 0.488094002008438 0.486303761601448 0.474081739783287 0.474965259432793 0.495657742023468 0.443015232682228 0.406409248709679 0.407182484865189 0.406542733311653 0.390618771314621 0.404769748449326 0.401644483208656 0.390605270862579 0.432261005043983 0.417716234922409
-9999 -9999 -9999 -9999 -9999 -9999 -9999 -9999 -9999 -9999 -9999 -9999 -9999 -9999 -9999 -9999 -9999 -9999 -9999 -9999 -9999 -9999 -9999 -9999 -9999 1.19121462106705 1.24380674958229 1.11353552341461 1.06864348053932 0.975548610091209 0.75044846534729 0.729806989431381 0.730665743350983 0.556044012308121 0.582756757736206 0.653999984264374 0.680046021938324 0.664787247776985 0.648247495293617 0.637005016207695 0.622912511229515 0.603555768728256 0.575700759887695 0.551048263907433 0.525328516960144 0.484557017683983 0.44405172765255 0.430050730705261 0.413555234670639 0.422517746686935 0.426077261567116 0.415491744875908 0.384120002388954 0.366137243807316 0.3230265006423 0.313904240727425 0.391511991620064 0.507374256849289 0.485445499420166 0.484079495072365 0.410743519663811 0.410552993416786
-9999 -9999 -9999 -9999 -9999 -9999 -9999 -9999 -9999 -9999 -9999 -9999 -9999 -9999 -9999 -9999 -9999 -9999 -9999 -9999 -9999 -9999 -9999 -9999 -9999 1.41596830204913 1.02381598949432 0.980034023523331 0.962072253227234 0.932576984167099 0.82728973031044 0.749251484870911 0.691523239016533 0.668484762310982 0.711570739746094 0.707330256700516 0.695507258176804 0.675483003258705 0.657980248332024 0.638784751296043 0.6132892370224 0.59435923397541 0.581977486610413 0.556936517357826 0.529194742441177 0.47375924885273 0.454519495368004 0.438610509037971 0.443890482187271 0.423516020178795 0.423081010580063 0.420878246426582 0.414338260889053 0.399558752775192 0.371466010808945 0.363765008747578 0.380255252122879 0.39154726266861 0.399506270885468 0.424909517168999 0.38918924331665 0.392471998929977
-9999 -9999 -9999 -9999 -9999 -9999 -9999 -9999 -9999 -9999 -9999 -9999 -9999 -9999 -9999 -9999 -9999 -9999 -9999 -9999 -9999 -9999 -9999 -9999 1.31647038459778 1.43223828077316 1.28111962974072 1.21264350414276 1.01822501420975 1.0141758620739 0.819172471761703 0.74405774474144 0.680880010128021 0.672602266073227 0.694583997130394 0.693363010883331 0.66747222840786 0.662756234407425 0.656466007232666 0.644623517990112 0.63443098962307 0.625721991062164 0.599845513701439 0.568166255950928 0.541640996932983 0.504875242710114 0.490728735923767 0.476498231291771 0.472239017486572 0.456732764840126 0.461726993322372 0.456993743777275 0.490837499499321 0.475996479392052 0.460176765918732 0.405615001916885 0.371342249214649 0.358005747199059 0.378347262740135 0.416830480098724 0.40990649163723 0.4595797508955
-9999 -9999 -9999 -9999 -9999 -9999 -9999 -9999 -9999 -9999 -9999 -9999 -9999 -9999 -9999 -9999 -9999 -9999 -9999 -9999 -9999 -9999 -9999 1.50594073534012 1.51093876361847 1.28161838650703 1.1239920258522 1.06089788675308 0.980164870619774 0.845952764153481 0.74465024471283 0.662240982055664 0.649202272295952 0.675858020782471 0.67553548514843 0.662775009870529 0.663379490375519 0.670672506093979 0.638671517372131 0.613486513495445 0.594387754797935 0.585941255092621 0.581378996372223 0.566550001502037 0.56317426264286 0.552432015538216 0.515594244003296 0.512191504240036 0.495602980256081 0.50586824119091 0.533314481377602 0.515238761901855 0.455785498023033 0.42485699057579 0.452357992529869 0.446083500981331 0.395505756139755 0.384989261627197 0.521278500556946 0.484484493732452 0.479805514216423 0.502290993928909
-9999 -9999 -9999 -9999 -9999 -9999 -9999 -9999 -9999 -9999 -9999 -9999 -9999 -9999 -9999 -9999 -9999 -9999 -9999 -9999 -9999 -9999 2.62307071685791 2.2729275226593 1.66750690340996 1.24318684637547 1.14112763106823 0.99625164270401 0.932812482118607 0.870727881789207 0.739713728427887 0.71153099834919 0.707973003387451 0.711017265915871 0.715967237949371 0.713727012276649 0.73861800134182 0.710244745016098 0.676731750369072 0.664615496993065 0.628328248858452 0.584037020802498 0.582387015223503 0.611860513687134 0.59875725209713 0.597021728754044 0.550839766860008 0.533651992678642 0.516315758228302 0.49651126563549 0.505532249808311 0.497348248958588 0.493409246206284 0.465048730373383 0.482013747096062 0.464461505413055 0.455065503716469 0.450664490461349 0.451626732945442 0.458265736699104 0.470439746975899 0.474230244755745
-9999 -9999 -9999 -9999 -9999 -9999 -9999 -9999 -9999 -9999 -9999 -9999 -9999 -9999 -9999 -9999 -9999 -9999 -9999 -9999 2.64602583646774 2.19571042475216 2.26883178949356 1.5027968287468 1.20731922984123 0.877499967813492 0.813165754079819 1.20299962162971 0.727132514119148 0.733546480536461 0.713346004486084 0.71254201233387 0.718731746077538 0.698726266622543 0.725187733769417 0.73242299258709 0.745197013020515 0.754778981208801 0.748587772250175 0.742035001516342 0.703829258680344 0.658445253968239 0.641684263944626 0.67316173017025 0.665334016084671 0.650384232401848 0.607175230979919 0.615527987480164 0.618527233600616 0.594148501753807 0.577714517712593 0.58169849216938 0.545296490192413 0.500530511140823 0.487892255187035 0.501800268888474 0.521080479025841 0.500161483883858 0.47382827103138 0.475957497954369 0.511329755187035 0.51128326356411
-9999 -9999 -9999 -9999 -9999 -9999 -9999 -9999 -9999 -9999 -9999 -9999 -9999 -9999 -9999 -9999 -9999 -9999 -9999 -9999 2.31325600337559 2.1301594376564 1.87395635247231 1.20150527358055 1.18338373303413 1.10693773627281 0.775335788726807 0.78896552324295 0.730134755373001 0.733778268098831 0.73972575366497 0.749273255467415 0.745081499218941 0.765836209058762 0.766620755195618 0.773960262537003 0.79817470908165 0.786549031734467 0.801062285900116 0.806594252586365 0.807569235563278 0.806976735591888 0.780849784612656 0.759384781122208 0.75343045592308 0.756135731935501 0.748557016253471 0.728629499673843 0.717605262994766 0.698180258274078 0.676995009183884 0.663142517209053 0.634650751948357 0.578313007950783 0.529819518327713 0.531303763389587 0.528833985328674 0.530418768525124 0.496371746063232 0.503298729658127 0.506080493330956 0.53353276848793
-9999 -9999 -9999 -9999 -9999 -9999 -9999 -9999 -9999 -9999 -9999 -9999 -9999 -9999 -9999 -9999 -9999 -9999 -9999 3.87836562184727 2.04684412479401 1.38695177435875 1.27232927083969 1.08190727233887 0.967736274003983 0.921657711267471 0.814142972230911 0.769928276538849 0.767911523580551 0.731922000646591 0.730094254016876 0.753024011850357 0.794884532690048 0.786620289087296 0.910434722900391 0.999518215656281 0.868536025285721 0.833474278450012 0.854283034801483 0.829004287719727 0.84928947687149 0.817127287387848 0.81596177816391 0.814407706260681 0.807470262050629 0.797935456037521 0.794111251831055 0.771860271692276 0.749298736453056 0.751180529594421 0.715849488973618 0.679398760199547 0.648537755012512 0.621401265263557 0.599043756723404 0.576841503381729 0.547450482845306 0.556504502892494 0.561027735471725 0.541241258382797 0.547106266021729 0.627347230911255
-9999 -9999 -9999 -9999 -9999 -9999 -9999 -9999 -9999 -9999 -9999 -9999 -9999 -9999 -9999 -9999 -9999 -9999 4.66302967071533 3.49651408195496 2.09453701972961 1.35540148615837 1.17477902770042 0.969056278467178 0.86811375617981 0.846035957336426 0.810737282037735 0.782649725675583 0.775156527757645 0.772421211004257 0.785722464323044 0.809722512960434 0.801525771617889 0.79464527964592 0.777101218700409 0.885068982839584 0.873660743236542 0.859371721744537 0.854781031608582 0.860290467739105 0.824123293161392 0.826440721750259 0.817106992006302 0.819332957267761 0.823259979486465 0.867612719535828 0.824387222528458 0.79881826043129 0.803398489952087 0.753258794546127 0.70729498565197 0.679517269134521 0.659079730510712 0.646783500909805 0.619482770562172 0.620383501052856 0.609154477715492 0.595740750432014 0.594592496752739 0.601718991994858 0.613877266645432 0.626145735383034
-9999 -9999 -9999 -9999 -9999 -9999 -9999 -9999 -9999 -9999 -9999 -9999 -9999 -9999 -9999 -9999 -9999 34.5490266215595 2.75136744976044 2.67163056135178 2.71838700771332 2.10098022222519 1.33721253275871 1.10562229156494 1.02101477980614 0.991730958223343 0.99467995762825 0.906078726053238 0.841161042451859 0.978847503662109 0.989670038223267 0.858131289482117 0.8242267370224 0.81469801068306 0.82531276345253 0.812142044305801 0.759056210517883 0.867845982313156 0.849578976631165 0.905407458543777 0.860311478376389 0.875540971755981 0.823554754257202 0.80273249745369 0.792165756225586 0.810541480779648 0.843786031007767 0.837965279817581 0.83132404088974 0.808641761541367 0.787237465381622 0.754198461771011 0.718364998698235 0.69445726275444 0.694086760282516 0.696297749876976 0.679568231105804 0.688260018825531 0.679005011916161 0.632208734750748 0.598944738507271 0.598729491233826
-9999 -9999 -9999 -9999 -9999 -9999 -9999 -9999 -9999 -9999 -9999 -9999 -9999 -9999 -9999 -9999 -9999 -9999 -9999 1.98105150461197 2.14422002434731 2.14247211813927 3.1050851047039 1.6525544822216 2.30635276436806 1.76533091068268 1.5608569085598 1.51465719938278 1.01279479265213 1.04159474372864 1.09377300739288 1.06120651960373 1.01974421739578 0.964311003684998 0.910353004932404 0.918657749891281 0.931570529937744 0.811106264591217 0.810491234064102 0.814300507307053 0.801045745611191 0.805304288864136 0.777530282735825 0.78294450044632 0.786349475383759 0.802109956741333 0.87057825922966 0.873666018247604 0.846938252449036 0.841181963682175 0.825897037982941 0.807472497224808 0.778014779090881 0.754773706197739 0.754324525594711 0.748679235577583 0.754170745611191 0.702126011252403 0.68299725651741 0.66229122877121 0.621231749653816 0.601465478539467
-9999 -9999 -9999 -9999 -9999 -9999 -9999 -9999 -9999 -9999 -9999 -9999 -9999 -9999 -9999 43.7567875806023 3.97149366682226 2.59576760019575 2.83794638514519 2.15570771694183 1.59741599857807 1.68734925985336 1.66908225417137 1.51384203135967 1.49962462484837 1.52336776256561 1.53416736423969 1.43491727113724 1.21514099836349 1.04539650678635 1.02860248088837 1.05245849490166 1.06590753793716 1.05168002843857 1.00730627775192 0.940070271492004 0.90327376127243 0.867249727249146 0.802687525749207 0.784359008073807 0.772856265306473 0.762636780738831 0.778441518545151 0.769395768642426 0.75670051574707 0.754523277282715 0.839224487543106 0.856370955705643 0.885120034217834 0.840272963047028 0.845242470502853 0.840609759092331 0.801939725875854 0.784083724021912 0.748694255948067 0.805367231369019 0.768384754657745 0.752416491508484 0.757629722356796 0.659193009138107 0.642397508025169 0.629069253802299
-9999 -9999 -9999 -9999 -9999 -9999 -9999 -9999 -9999 -9999 35.2986888885498 35.2986888885498 13.7248649597168 4.13269230723381 8.36058729887009 2.70537197589874 2.23461306095123 1.90796703100204 2.50919508934021 2.44579088687897 1.98366218805313 1.64851802587509 1.51311260461807 1.47089432179928 1.46481715142727 1.46169818937778 1.37903134524822 1.29804825782776 1.0818892121315 1.09304702281952 1.03653001785278 1.02114379405975 0.99755921959877 0.988912492990494 0.953410506248474 0.962251514196396 0.937945514917374 0.872390270233154 0.802057474851608 0.77393102645874 0.811173766851425 0.775433957576752 0.75455778837204 0.738761231303215 0.741063013672829 0.756577491760254 0.825351029634476 0.936984032392502 0.866566479206085 0.833070784807205 0.838107794523239 0.848288208246231 0.846350222826004 0.78686249256134 0.816319495439529 0.835016995668411 0.865294486284256 0.781348496675491 0.721346229314804 0.679073229432106 0.644069239497185 0.657695978879929
-9999 -9999 -9999 -9999 -9999 -9999 -9999 -9999 -9999 -9999 35.2986888885498 7.2412776296789 5.00464904308319 2.94239616394043 3.36358952522278 3.32562375068665 2.71513307094574 8.29433972835541 3.22494278184258 28.6685523456997 2.88958606123924 2.12219363451004 2.38058817386627 2.4348649084568 2.53604283928871 1.60083863139153 1.42378726601601 1.35822075605392 1.29687112569809 1.26409421861172 0.995719492435455 0.899640709161758 0.822062999010086 0.778927534818649 0.8045294880867 0.823567539453506 0.831322520971298 0.832511991262436 0.785382002592087 0.751524746417999 0.73684948682785 0.725477993488312 0.692780256271362 0.680267259478569 0.717645764350891 0.745011001825333 0.89471697807312 1.56604045629501 1.1327677667141 0.782902479171753 0.774352490901947 0.756436496973038 0.790534526109695 0.730489522218704 0.795471042394638 0.760947793722153 0.763287037611008 0.689786240458488 0.671067014336586 0.688065022230148 0.661209002137184 0.680217012763023
-9999 -9999 -9999 -9999 -9999 -9999 -9999 -9999 -9999 -9999 -9999 -9999 1.50952544284391 4.10014843940735 4.27743190526962 3.7597054541111 -9999 -9999 -9999 -9999 -9999 -9999 3.58713904549094 3.19340919045841 2.57526671185213 1.92318597435951 1.59957933425903 1.63049778342247 1.02999526262283 0.930253475904465 0.924356997013092 0.884602457284927 0.766785711050034 0.719909995794296 0.706468507647514 0.721289232373238 0.713453248143196 0.750720709562302 0.707669243216515 0.721064999699593 0.707893520593643 0.723238483071327 0.705100491642952 0.717696011066437 0.757348537445068 0.893111228942871 0.857340037822723 0.71372401714325 0.742549493908882 0.801597744226456 0.781352967023849 0.724911019206047 0.68028599023819 0.655864521861076 0.693572267889977 0.691655248403549 0.686079740524292 0.660085514187813 0.608039259910583 0.585551261901855 0.551301017403603 0.549325481057167
-9999 -9999 -9999 -9999 -9999 -9999 -9999 -9999 -9999 -9999 -9999 -9999 -9999 16.6274771690369 16.6274771690369 16.6274771690369 -9999 -9999 -9999 -9999 -9999 -9999 4.94490551948547 4.94490551948547 4.94490551948547 0.308659605681896 1.9499047100544 1.72934250533581 1.09984052181244 0.997091978788376 0.914664030075073 0.829754233360291 0.758292764425278 0.738172486424446 0.722396984696388 0.689559727907181 0.690341994166374 0.691957488656044 0.740779504179955 0.751620769500732 0.744046479463577 0.739861518144608 0.740265011787415 0.721551015973091 0.760519534349442 0.795783787965775 0.82327875494957 0.804872274398804 0.780719965696335 0.848330229520798 0.942490518093109 0.874089002609253 0.774013459682465 0.76790776848793 0.742243498563766 0.629500508308411 0.593140482902527 0.5793067663908 0.561123758554459 0.569252237677574 0.514924496412277 0.541745245456696
-9999 -9999 -9999 -9999 -9999 -9999 -9999 -9999 -9999 -9999 -9999 -9999 -9999 -9999 -9999 -9999 -9999 -9999 -9999 -9999 -9999 -9999 -9999 -9999 -9999 -9999 7.98389520247777 2.32806524634361 1.17667347192764 1.19269654154778 1.02113547921181 0.853151232004166 0.834079474210739 0.743622019886971 0.684209257364273 0.666179984807968 0.681275233626366 0.678876757621765 0.665201246738434 0.643240481615067 0.679627507925034 0.634637251496315 0.723995268344879 0.783428996801376 0.755313724279404 0.766968727111816 0.806446462869644 0.849096715450287 0.893564969301224 0.941850006580353 0.814405471086502 0.805412292480469 0.791522294282913 0.834601521492004 0.816717714071274 0.604497760534286 0.582023978233337 0.562467008829117 0.560880750417709 0.535183489322662 0.566066980361938 0.526595994830132
-9999 -9999 -9999 -9999 -9999 -9999 -9999 -9999 -9999 -9999 -9999 -9999 -9999 -9999 -9999 -9999 -9999 -9999 -9999 -9999 -9999 -9999 -9999 -9999 -9999 -9999 -9999 4.24407439069314 3.33628964424133 1.45675125718117 1.16232150793076 1.11666825413704 0.956612974405289 0.798509269952774 0.686497494578362 0.637709990143776 0.636225745081902 0.664897486567497 0.663372740149498 0.693695247173309 0.679916247725487 0.683366999030113 0.657888740301132 0.642591744661331 0.664266005158424 0.778457254171371 0.923604011535645 1.00740149617195 1.02147826552391 1.04354998469353 0.897828787565231 0.818073749542236 0.695766001939774 0.627857252955437 0.744554981589317 0.671460762619972 0.624560996890068 0.577773749828339 0.559315502643585 0.543680995702744 0.541602730751038 0.542669981718063
