EcologicalScience/Bass/data/rs_data_bass/chl_380.asc
NCOLS 226 
NROWS 124 
XLLCORNER -9.41648524995501 
YLLCORNER 47.587301625531 
CELLSIZE 0.0833 
NODATA_value -9999 
[rows 0 to 26 of 124, columns 62 to 123 of 226]
-9999 -9999 -9999 -9999 -9999 -9999 -9999 -9999 -9999 -9999 -9999 -9999 -9999 -9999 -9999 -9999 -9999 -9999 -9999 -9999 -9999 -9999 -9999 -9999 -9999 -9999 -9999 -9999 -9999 -9999 -9999 -9999 -9999 -9999 -9999 -9999 -9999 -9999 -9999 -9999 -9999 -9999 -9999 -9999 -9999 -9999 -9999 -9999 -9999 -9999 -9999 -9999 -9999 -9999 -9999 -9999 -9999 -9999 -9999 -9999 -9999 -9999
-9999 -9999 -9999 -9999 -9999 -9999 -9999 -9999 -9999 -9999 -9999 -9999 -9999 -9999 -9999 -9999 -9999 -9999 -9999 -9999 -9999 -9999 -9999 -9999 -9999 -9999 -9999 -9999 -9999 -9999 -9999 -9999 -9999 -9999 -9999 -9999 -9999 -9999 -9999 -9999 -9999 -9999 -9999 -9999 -9999 -9999 -9999 -9999 -9999 -9999 -9999 -9999 -9999 -9999 -9999 -9999 -9999 -9999 -9999 -9999 -9999 -9999
-9999 -9999 -9999 -9999 -9999 -9999 -9999 -9999 -9999 -9999 -9999 -9999 -9999 -9999 -9999 -9999 -9999 -9999 -9999 -9999 -9999 -9999 -9999 -9999 -9999 -9999 -9999 -9999 -9999 -9999 -9999 -9999 -9999 -9999 -9999 -9999 -9999 -9999 -9999 -9999 -9999 -9999 -9999 -9999 -9999 -9999 -9999 -9999 -9999 -9999 -9999 -9999 -9999 -9999 -9999 -9999 -9999 -9999 -9999 -9999 -9999 -9999
-9999 -9999 -9999 -9999 -9999 -9999 -9999 -9999 -9999 -9999 -9999 -9999 -9999 -9999 -9999 -9999 -9999 -9999 -9999 -9999 -9999 -9999 -9999 -9999 -9999 -9999 -9999 -9999 -9999 -9999 -9999 -9999 -9999 -9999 -9999 -9999 -9999 -9999 -9999 -9999 -9999 -9999 -9999 -9999 -9999 -9999 -9999 -9999 -9999 -9999 -9999 -9999 -9999 -9999 -9999 -9999 -9999 -9999 -9999 -9999 -9999 -9999
-9999 -9999 -9999 -9999 -9999 -9999 -9999 -9999 -9999 -9999 -9999 -9999 -9999 -9999 -9999 -9999 -9999 -9999 -9999 -9999 -9999 -9999 -9999 -9999 -9999 -9999 -9999 -9999 -9999 -9999 -9999 -9999 -9999 -9999 -9999 -9999 -9999 -9999 -9999 -9999 -9999 -9999 -9999 -9999 -9999 -9999 -9999 -9999 -9999 -9999 -9999 -9999 -9999 -9999 -9999 -9999 -9999 -9999 -9999 -9999 -9999 -9999
-9999 -9999 -9999 -9999 -9999 -9999 -9999 -9999 -9999 -9999 -9999 -9999 -9999 -9999 -9999 -9999 -9999 -9999 -9999 -9999 -9999 -9999 -9999 -9999 -9999 -9999 -9999 -9999 0.63735419511795 1.31111012888651 8.94950294494629 1.95853579044342 1.42972871661186 1.15515446662903 1.085917532444 0.980235010385513 1.02402225136757 1.09361770749092 1.13388150930405 1.11098545789719 1.01103445887566 0.951996713876724 0.907572001218796 1.31885321438313 0.984672009944916 1.03528422117233 1.06566976010799 1.09696237742901 1.02781909704208 1.07978099584579 1.27465125918388 0.997479021549225 1.02795334160328 1.06695976853371 1.78590488433838 2.18929539620876 1.45746302604675 1.11719170957804 1.17051335424185 1.15623258054256 1.18089862167835 1.22384291142225
-9999 -9999 -9999 -9999 -9999 -9999 -9999 -9999 -9999 -9999 -9999 -9999 -9999 -9999 -9999 -9999 -9999 -9999 -9999 -9999 -9999 -9999 -9999 -9999 -9999 -9999 1.18186515569687 1.0627324283123 8.73569583892822 6.47014403343201 5.39515507221222 2.51412606239319 1.23917028307915 1.05524924397469 1.06158596277237 1.13330179452896 1.19178673624992 1.4682719707489 1.50809919834137 1.33568626642227 1.30744421482086 1.35740625858307 1.50660753250122 1.48971596360207 1.08081449568272 0.962917864322662 0.940957501530647 1.00422638654709 1.23087371885777 1.14551210403442 0.99973538517952 0.977031022310257 1.30394214391708 1.3308911472559 1.22406752407551 1.26741716265678 1.26140660047531 1.28021098673344 1.13223521411419 1.10740347951651 1.08484165370464 1.15919928252697
-9999 -9999 -9999 -9999 -9999 -9999 -9999 -9999 -9999 -9999 -9999 -9999 -9999 -9999 -9999 -9999 -9999 -9999 -9999 -9999 -9999 -9999 -9999 -9999 -9999 -9999 1.18186515569687 8.68447780609131 7.83231925964355 3.63097715377808 2.1339653134346 1.64950883388519 1.2092159986496 1.17604199051857 1.42173448204994 1.77446848154068 1.69871020317078 2.33153700828552 1.76303851604462 1.55266499519348 1.41972747445107 1.34964376688004 1.26462453603745 1.17410624027252 1.22476503252983 1.07958376407623 1.30099350214005 1.47865761816502 1.50828793644905 1.54644115269184 1.27271845936775 1.21289478242397 1.16130074858665 1.30514739453793 1.32117895781994 1.33547589182854 1.27369531989098 0.417887985706329 1.29256953299046 1.15379060804844 1.07792513072491 1.09059935063124
-9999 -9999 -9999 -9999 -9999 -9999 -9999 -9999 -9999 -9999 -9999 -9999 -9999 -9999 -9999 -9999 -9999 -9999 -9999 -9999 -9999 -9999 -9999 -9999 -9999 -9999 13.3618326187134 5.56328988075256 2.53044301271439 1.97404950857162 1.65006744861603 1.56869620084763 1.56545698642731 1.50565195083618 1.27480575442314 1.87072348594666 1.90718919038773 2.11048793792725 2.00581794977188 1.57650822401047 1.28101122379303 1.26631048321724 1.21070846915245 1.1893567442894 1.13585096597672 1.15111050009727 1.22891628742218 1.37340751290321 1.09925177693367 0.731189265847206 1.20749965310097 1.25556340813637 1.26459413766861 1.19782496988773 0.465644985437393 0.486006751656532 0.484311729669571 0.44896200299263 1.75525572896004 1.07636059820652 0.968667760491371 1.08047063648701
-9999 -9999 -9999 -9999 -9999 -9999 -9999 -9999 -9999 -9999 -9999 -9999 -9999 -9999 -9999 -9999 -9999 -9999 -9999 -9999 -9999 -9999 -9999 -9999 -9999 1.19121462106705 3.99699819087982 2.42900258302689 1.75475406646729 1.18121472001076 1.05890697240829 1.12321498990059 1.42354497313499 1.36554300785065 1.09305077791214 1.15350526571274 1.09064626693726 1.25604450702667 1.33613401651382 1.27829477190971 1.33825421333313 1.41653323173523 1.63845902681351 2.0180384516716 1.99291795492172 1.69408947229385 1.75574541091919 1.45670020580292 1.22545123100281 1.0506052672863 0.821039289236069 0.746373742818832 0.744879752397537 0.652617752552032 0.569760739803314 0.581596478819847 0.566645264625549 1.03097286075354 1.02195634692907 0.932845875620842 0.889988623559475 0.998039647936821
-9999 -9999 -9999 -9999 -9999 -9999 -9999 -9999 -9999 -9999 -9999 -9999 -9999 -9999 -9999 -9999 -9999 -9999 -9999 -9999 -9999 -9999 -9999 -9999 -9999 2.94844955205917 2.64652347564697 1.79238367080688 1.55565458536148 1.3827997148037 1.36079102754593 1.31211224198341 1.23321229219437 1.19867554306984 1.26730871200562 1.43642395734787 1.52023422718048 1.63708198070526 2.13438820838928 2.38200008869171 2.26414275169373 2.0642226934433 2.60423702001572 2.34809321165085 2.06263732910156 2.52145349979401 1.88945478200912 1.69757705926895 1.5961207151413 1.76307302713394 1.22018927335739 1.01146575808525 0.881471961736679 0.850916236639023 0.903542250394821 0.912611961364746 1.13929948210716 1.42143675684929 1.02456150949001 0.873243391513824 0.840886898338795 0.702362984418869
-9999 -9999 -9999 -9999 -9999 -9999 -9999 -9999 -9999 -9999 -9999 -9999 -9999 -9999 -9999 -9999 -9999 -9999 -9999 -9999 -9999 -9999 -9999 -9999 1.31647038459778 1.95341777801514 1.49059277772903 1.28585171699524 1.34120321273804 1.20655578374863 1.11919954419136 1.2062032520771 1.14816373586655 1.00467753410339 1.24084800481796 1.534987449646 1.67502218484879 2.02233231067657 2.15651017427444 2.13620781898499 2.4963510632515 3.14163208007812 3.8217111825943 3.9846818447113 3.56365120410919 2.91037273406982 2.75354558229446 2.09323954582214 1.76276618242264 1.41481429338455 1.21140226721764 1.14904797077179 1.25281047821045 1.08523195981979 0.982845783233643 1.06286171078682 1.14987078309059 1.18014298379421 1.13873925805092 1.00967252254486 0.968187779188156 1.05659177899361
-9999 -9999 -9999 -9999 -9999 -9999 -9999 -9999 -9999 -9999 -9999 -9999 -9999 -9999 -9999 -9999 -9999 -9999 -9999 -9999 -9999 -9999 -9999 1.50594073534012 1.94869208335876 1.64566344022751 1.44350999593735 1.17274948954582 1.0957995057106 1.06947076320648 1.03544399142265 1.07760751247406 1.12539303302765 1.20366901159286 1.34588474035263 2.02308601140976 2.22181731462479 2.51226818561554 2.49324828386307 2.02137905359268 2.03839945793152 2.8102964758873 2.63086581230164 3.06238782405853 2.88698172569275 2.75247001647949 2.35324573516846 1.75034469366074 1.78274095058441 1.6691774725914 1.27579352259636 1.22139975428581 1.35910803079605 1.34545353055 1.36183878779411 1.19708928465843 1.01974278688431 1.03017970919609 1.10996103286743 1.12932452559471 1.10369628667831 1.03424102067947
-9999 -9999 -9999 -9999 -9999 -9999 -9999 -9999 -9999 -9999 -9999 -9999 -9999 -9999 -9999 -9999 -9999 -9999 -9999 -9999 -9999 -9999 2.89028245210648 2.16880416870117 1.78977155685425 1.30052250623703 1.1717257797718 1.14111149311066 1.11604723334312 1.15588349103928 1.2778417468071 1.80048233270645 2.14350682497025 2.15423476696014 2.11740982532501 5.29641366004944 3.13304114341736 3.7126590013504 3.07470595836639 2.22714757919312 1.98930305242538 1.67330628633499 1.60628253221512 1.5996749997139 1.52153778076172 1.66998821496964 1.41665554046631 1.30255946516991 1.23788550496101 1.47668623924255 1.4537969827652 1.39445704221725 1.56738442182541 1.44654902815819 1.3878022134304 1.10189554095268 0.961915522813797 1.0898984670639 1.10181078314781 1.10838076472282 1.09455075860023 1.07096627354622
-9999 -9999 -9999 -9999 -9999 -9999 -9999 -9999 -9999 -9999 -9999 -9999 -9999 -9999 -9999 -9999 -9999 -9999 -9999 -9999 2.64602583646774 2.19641962950242 2.56141197681427 2.0465601682663 1.65624153614044 1.37213775515556 1.35968846082687 1.37772452831268 1.28676903247833 1.45630878210068 1.65190422534943 2.05643552541733 2.45501554012299 2.91932773590088 3.01321578025818 3.47353112697601 5.93138265609741 4.47142124176025 2.92335444688797 2.17514705657959 1.80522519350052 1.73933404684067 1.66875529289246 1.56746256351471 1.30832925438881 1.26107025146484 1.40709149837494 1.26870900392532 1.12663722038269 1.05260396003723 1.20895501971245 1.36318051815033 1.29054602980614 1.30194300413132 1.44707027077675 1.28130224347115 1.14086097478867 1.04203274846077 1.04176497459412 1.05286279320717 1.1056635081768 1.49398273229599
-9999 -9999 -9999 -9999 -9999 -9999 -9999 -9999 -9999 -9999 -9999 -9999 -9999 -9999 -9999 -9999 -9999 -9999 -9999 -9999 2.31644821352018 2.29739016294479 2.25409501791 1.71942150592804 1.51538479328156 1.38987377285957 1.38086324930191 1.34633097052574 1.51220780611038 2.42796456813812 2.55566096305847 2.79279148578644 3.20958209037781 3.07600879669189 2.68804568052292 2.31391650438309 2.17650675773621 2.12475299835205 1.77049720287323 1.42225348949432 1.28095650672913 1.13905128836632 1.12348571419716 1.18048802018166 1.15653598308563 1.1797402203083 1.13280227780342 1.1471940279007 1.16398572921753 1.20341250300407 1.12003576755524 1.34073749184608 1.31055602431297 1.22221648693085 1.18006128072739 1.06961622834206 1.04350724816322 0.972511500120163 1.06650897860527 1.13821649551392 1.06127554178238 1.05548921227455
-9999 -9999 -9999 -9999 -9999 -9999 -9999 -9999 -9999 -9999 -9999 -9999 -9999 -9999 -9999 -9999 -9999 -9999 -9999 9.52730226516724 3.80096697807312 2.38341218233109 1.84463632106781 1.75838631391525 1.740871489048 1.48399874567986 1.42988696694374 1.89520955085754 2.90721756219864 2.96835154294968 3.13452386856079 3.80543696880341 3.60721135139465 2.45789033174515 2.15879094600677 1.67238754034042 1.52298295497894 1.47330451011658 1.38911774754524 1.32004728913307 1.326789021492 1.34892001748085 1.19817450642586 1.03807353973389 1.02065098285675 1.15249425172806 1.21356976032257 1.37236574292183 1.42076173424721 1.3510904610157 1.33483654260635 1.25412601232529 1.0460002720356 1.01345774531364 1.05899253487587 1.05840522050858 1.00006878376007 1.07573246955872 1.09933277964592 1.26199089735746 1.21935754269361 1.10488758981228
-9999 -9999 -9999 -9999 -9999 -9999 -9999 -9999 -9999 -9999 -9999 -9999 -9999 -9999 -9999 -9999 -9999 -9999 24.3076372146606 10.7641024589539 4.19073307514191 2.91180217266083 2.64174145460129 3.75624990463257 2.21141928434372 1.94019895792007 1.9186874628067 2.23283618688583 2.69820141792297 3.16326212882996 3.22827208042145 3.77815139293671 2.86462569236755 2.64742791652679 2.617302775383 1.96757555007935 1.60558050870895 1.42342275381088 1.24099802970886 1.02206924557686 1.18617296218872 1.13995054364204 1.05816301703453 1.13353201746941 1.25414550304413 1.41007196903229 1.38038179278374 1.36216199398041 1.50068467855453 1.44988498091698 1.17066523432732 1.06584745645523 1.01219174265862 0.875288218259811 0.858915030956268 0.893471986055374 1.02612295746803 1.17666220664978 1.43491879105568 1.42683604359627 1.1082224920392 1.0996859818697
-9999 -9999 -9999 -9999 -9999 -9999 -9999 -9999 -9999 -9999 -9999 -9999 -9999 -9999 -9999 -9999 -9999 34.9323848768466 19.1739826798439 22.9781284332275 6.58257365226746 3.65685904026031 3.89487540721893 7.28737592697144 2.98083293437958 1.56359249353409 1.44032853841782 1.45717576146126 1.86236482858658 1.87675505876541 1.91224873065948 2.23778021335602 2.64291894435883 2.00872957706451 2.04818630218506 1.8310958147049 1.49290877580643 1.65667730569839 1.48426124453545 1.56987529993057 1.6344119310379 1.68911558389664 1.89236032962799 1.47225674986839 1.35249674320221 1.53394281864166 1.51407891511917 1.59171831607819 1.42308300733566 1.31010746955872 1.15511852502823 1.00936353206635 0.872183293104172 0.804407984018326 0.792353242635727 0.722531229257584 0.827345967292786 0.953265756368637 0.967169255018234 1.05103129148483 1.00040620565414 1.09657689929008
-9999 -9999 -9999 -9999 -9999 -9999 -9999 -9999 -9999 -9999 -9999 -9999 -9999 -9999 -9999 -9999 -9999 -9999 -9999 6.56711313128471 15.8116121292114 5.52545857429504 3.01812314987183 2.30793982744217 3.09299612045288 2.44814622402191 2.26388776302338 1.96485525369644 1.7654737830162 1.95685869455338 1.87314891815186 1.97130078077316 1.6186455488205 1.57686442136765 1.43212124705315 1.50279146432877 1.5942240357399 1.83593845367432 2.16766208410263 2.13603150844574 2.04977470636368 1.68163275718689 1.69697695970535 1.7036617398262 1.23522672057152 1.07720178365707 1.49888473749161 1.82073980569839 1.63824516534805 1.55617278814316 1.57070106267929 1.60330724716187 1.19626504182816 0.922358214855194 0.978994488716125 0.846523493528366 0.86550897359848 0.794802725315094 0.844580233097076 0.843035280704498 0.843607485294342 0.793094962835312
-9999 -9999 -9999 -9999 -9999 -9999 -9999 -9999 -9999 -9999 -9999 -9999 -9999 -9999 -9999 43.209763358621 4.03043412078511 2.4249198777335 19.2276835441589 9.42500567436218 16.3047294616699 10.6328530311584 7.06144309043884 7.34078693389893 8.18000864982605 10.1207935810089 5.29802262783051 3.28989601135254 2.71749383211136 2.12356281280518 2.05481243133545 1.55081176757812 1.14694422483444 1.126296043396 1.34223076701164 1.5113280415535 1.79115003347397 1.91244971752167 2.13154649734497 2.06186020374298 1.50098776817322 1.11851325631142 0.978728234767914 0.97165122628212 0.983537256717682 1.00599074363708 0.933960020542145 1.20405676960945 1.39204278588295 1.479089230299 1.37482273578644 1.19477704167366 1.31478148698807 1.43839046359062 1.29189679026604 0.786387741565704 0.834999024868011 0.928495466709137 0.946121960878372 0.954156786203384 0.790269792079926 0.750309705734253
-9999 -9999 -9999 -9999 -9999 -9999 -9999 -9999 -9999 -9999 35.2986888885498 35.2986888885498 13.7248649597168 7.6221369355917 34.8005332946777 44.4589576721191 41.2460460662842 23.746443271637 29.3678598403931 26.3440017700195 12.9035725593567 16.731104850769 22.5328145027161 24.0890464782715 16.6798710823059 11.5007014274597 8.87483310699463 8.13514709472656 7.38123750686646 3.70183646678925 3.62006556987762 1.86347544193268 1.22873023152351 1.12287747859955 1.09881001710892 1.38467252254486 1.73715072870255 1.84160327911377 1.89136791229248 1.80358725786209 1.27513128519058 1.08937802910805 0.902639240026474 0.868017017841339 0.937808275222778 0.94599375128746 0.958571970462799 1.26155027747154 1.27526476979256 1.18456873297691 1.24187922477722 1.24805626273155 1.26920476555824 1.2826027572155 1.11867678165436 0.846239984035492 0.772694259881973 0.781050771474838 0.808722764253616 0.80166220664978 0.708173230290413 0.645176231861115
-9999 -9999 -9999 -9999 -9999 -9999 -9999 -9999 -9999 -9999 35.2986888885498 7.229496717453 7.2111382484436 16.7459635734558 22.4909820556641 15.6633868217468 15.5245442390442 8.43253481388092 3.14365760377138 30.9105502764384 11.6785476207733 30.1173620223999 25.6209754943848 24.4872951507568 15.8658113479614 15.5078644752502 17.7063488960266 13.517548084259 14.6124286651611 9.42044520378113 4.57390737533569 2.18874156475067 1.90032666921616 1.90082842111588 1.71475124359131 1.76374804973602 1.45864945650101 1.66065680980682 1.64418232440948 1.63922470808029 1.04084023833275 0.88168278336525 0.896468281745911 0.890312969684601 0.877832293510437 0.950246214866638 1.01184824109077 1.35007122159004 1.36751854419708 1.33842596411705 1.27047228813171 1.09733471274376 1.00050303339958 0.915432751178741 0.85269221663475 0.807447016239166 0.769600510597229 0.74651250243187 0.627909734845161 0.638836517930031 0.604889988899231 0.613090485334396
-9999 -9999 -9999 -9999 -9999 -9999 -9999 -9999 -9999 -9999 -9999 -9999 1.29098863228337 13.9809165000916 26.3285865783691 10.4423796335856 -9999 -9999 -9999 -9999 -9999 -9999 9.41424456238747 1.72067320346832 2.17423492670059 18.7353315353394 18.7314276695251 9.81586289405823 6.93987679481506 5.94885885715485 5.02574694156647 2.87142831087112 2.23265022039413 2.24994975328445 1.8869115114212 1.90159356594086 1.96102273464203 1.66637170314789 1.37654703855515 1.27136474847794 0.932262003421783 0.924262493848801 0.98073148727417 0.986695468425751 0.872499793767929 0.793844997882843 0.896283745765686 1.17683851718903 1.17589196562767 1.14709800481796 1.11344701051712 1.01780623197556 0.961745291948318 0.864782989025116 0.700671762228012 0.559642508625984 0.562103256583214 0.537641242146492 0.538813501596451 0.537407264113426 0.563712760806084 0.594102770090103
-9999 -9999 -9999 -9999 -9999 -9999 -9999 -9999 -9999 -9999 -9999 -9999 -9999 16.6274771690369 16.6274771690369 16.6274771690369 -9999 -9999 -9999 -9999 -9999 -9999 4.94490551948547 4.94490551948547 4.94490551948547 0.308659605681896 16.4036135673523 17.1430406570435 11.9231865406036 4.73125863075256 2.71861571073532 4.75358927249908 4.94175589084625 2.53778618574142 1.70187896490097 1.55130225419998 1.51042950153351 1.4767552614212 1.22629576921463 1.10687175393105 0.874653786420822 0.850899785757065 0.818844705820084 0.935907036066055 0.786787480115891 0.660489767789841 0.644933268427849 0.728242501616478 0.727611020207405 0.844244956970215 0.912745535373688 0.899502754211426 0.897149294614792 0.85403099656105 0.785664707422256 0.563058748841286 0.533363252878189 0.536538004875183 0.555007517337799 0.611937001347542 0.643368020653725 0.600648745894432
-9999 -9999 -9999 -9999 -9999 -9999 -9999 -9999 -9999 -9999 -9999 -9999 -9999 -9999 -9999 -9999 -9999 -9999 -9999 -9999 -9999 -9999 -9999 -9999 -9999 -9999 3.05555866956711 23.3669571876526 6.19286942481995 5.18573999404907 2.46569091081619 1.43051102757454 1.27509373426437 1.25403374433517 1.27828574180603 1.31728121638298 1.14931350946426 0.93259871006012 0.826166242361069 0.979062706232071 0.911611497402191 0.831510722637177 0.806172788143158 0.818282246589661 0.697437018156052 0.611708253622055 0.567779257893562 0.580239728093147 0.603988498449326 0.602004736661911 0.666944995522499 0.684367507696152 0.718414485454559 0.712720513343811 0.616735517978668 0.535991996526718 0.542108237743378 0.55495123565197 0.561431229114532 0.567098245024681 0.571704000234604 0.552971988916397
-9999 -9999 -9999 -9999 -9999 -9999 -9999 -9999 -9999 -9999 -9999 -9999 -9999 -9999 -9999 -9999 -9999 -9999 -9999 -9999 -9999 -9999 -9999 -9999 -9999 -9999 -9999 4.14922189124873 2.84721368551254 3.9802987575531 4.00058770179749 2.93090772628784 2.1434685587883 1.14366602897644 1.01088228821754 0.976789534091949 0.871576488018036 0.790873467922211 0.720153763890266 0.711564749479294 0.655041754245758 0.611708253622055 0.624024733901024 0.658974006772041 0.659564986824989 0.669695243239403 0.634614005684853 0.57047626376152 0.542688757181168 0.544757232069969 0.591639742255211 0.585088491439819 0.55954273045063 0.524727746844292 0.534611240029335 0.545167520642281 0.548417240381241 0.522904515266418 0.517808228731155 0.493518769741058 0.509580016136169 0.494069248437881
