EcologicalScience/Bass/data/rs_data_bass/chl_262.asc
NCOLS 226 
NROWS 124 
XLLCORNER -9.41648524995501 
YLLCORNER 47.587301625531 
CELLSIZE 0.0833 
NODATA_value -9999 
[rows 54 to 80 of 124, columns 0 to 61 of 226]
-9999 -9999 -9999 -9999 -9999 -9999 -9999 -9999 -9999 -9999 -9999 -9999 -9999 -9999 -9999 -9999 -9999 -9999 -9999 -9999 -9999 -9999 -9999 -9999 -9999 -9999 -9999 -9999 -9999 -9999 -9999 -9999 -9999 -9999 -9999 -9999 -9999 -9999 5.00672865198903 3.29398334026337 2.97175651788712 2.37158471345901 1.76742517948151 1.44790202379227 1.39112547039986 1.37883827090263 1.42161378264427 1.24559104442596 1.08120900392532 0.999317228794098 1.0377404987812 1.00293079018593 1.05409428477287 1.27013021707535 1.59759968519211 1.84913992881775 2.16708147525787 2.18834245204926 -9999 0.607058599591255 0.62790758907795 1.9660543339408
-9999 -9999 -9999 -9999 -9999 -9999 -9999 -9999 -9999 -9999 -9999 -9999 -9999 -9999 -9999 -9999 -9999 -9999 -9999 -9999 -9999 -9999 -9999 -9999 -9999 -9999 -9999 -9999 -9999 -9999 -9999 -9999 -9999 -9999 -9999 -9999 -9999 -9999 -9999 3.10789346694946 2.59194892644882 2.33875054121017 1.74066907167435 1.72786206007004 1.62090146541595 1.39777502417564 1.26732677221298 1.09139996767044 1.1074815094471 0.93079948425293 0.919690489768982 0.937019973993301 1.16006478667259 1.44591450691223 1.78136032819748 2.13368546962738 1.91993083737113 -9999 -9999 -9999 -9999 -9999
-9999 -9999 -9999 -9999 -9999 -9999 -9999 -9999 -9999 -9999 -9999 -9999 -9999 -9999 -9999 -9999 -9999 -9999 -9999 -9999 -9999 -9999 -9999 -9999 -9999 -9999 -9999 -9999 -9999 -9999 -9999 -9999 -9999 -9999 -9999 -9999 -9999 -9999 -9999 -9999 2.45080196857452 2.23138421773911 1.91177022457123 1.89056092500687 1.84100317955017 1.52862828969955 1.52199894189835 1.24644076824188 1.12000277638435 1.09608596563339 0.890833497047424 1.01790153980255 1.33896750211716 1.52527195215225 1.61432254314423 1.6824637055397 1.94985830783844 2.86423426866531 3.68666289250056 -9999 -9999 -9999
-9999 -9999 -9999 -9999 -9999 -9999 -9999 -9999 -9999 -9999 -9999 -9999 -9999 -9999 -9999 -9999 -9999 -9999 -9999 -9999 -9999 -9999 -9999 -9999 -9999 -9999 -9999 -9999 -9999 -9999 -9999 -9999 -9999 -9999 -9999 -9999 -9999 -9999 -9999 -9999 2.72298896312714 2.38177192211151 2.1269114613533 2.14794445037842 2.11983901262283 1.85568523406982 1.62431931495667 1.56368923187256 1.25861701369286 1.23222228884697 0.98334002494812 1.05443778634071 1.26407021284103 1.32676720619202 1.42023146152496 1.42788147926331 1.9437450170517 2.63276767730713 3.18631052970886 8.21613693237305 2.73649053609193 -9999
-9999 -9999 -9999 -9999 -9999 -9999 -9999 -9999 -9999 -9999 -9999 -9999 -9999 -9999 -9999 -9999 -9999 -9999 -9999 -9999 -9999 -9999 -9999 -9999 -9999 -9999 -9999 -9999 -9999 -9999 -9999 -9999 -9999 -9999 -9999 -9999 -9999 -9999 -9999 -9999 -9999 2.61849081516266 2.32447797060013 2.29144191741943 2.24979668855667 2.21186918020248 1.82949757575989 1.67508441209793 1.61686277389526 1.36352178454399 1.07957848906517 1.01619377732277 1.13675996661186 1.23152849078178 1.34005272388458 1.33184400200844 1.5883469581604 2.07184195518494 2.88723975419998 3.96869552135468 17.0465526580811 -9999
-9999 -9999 -9999 -9999 -9999 -9999 -9999 -9999 -9999 -9999 -9999 -9999 -9999 -9999 -9999 -9999 -9999 -9999 -9999 -9999 -9999 -9999 -9999 -9999 -9999 -9999 -9999 -9999 -9999 -9999 -9999 -9999 -9999 -9999 -9999 -9999 -9999 -9999 -9999 -9999 -9999 3.01551282405853 2.42864316701889 2.34718269109726 2.11729806661606 1.86319881677628 1.8885623216629 1.5757874250412 1.47566771507263 1.1817330121994 1.0287112891674 0.999683976173401 1.17733722925186 1.30204278230667 1.39323672652245 1.45246875286102 1.57919919490814 1.91454666852951 2.14333873987198 1.77128985117782 -9999 -9999
-9999 -9999 -9999 -9999 -9999 -9999 -9999 -9999 -9999 -9999 -9999 -9999 -9999 -9999 -9999 -9999 -9999 -9999 -9999 -9999 -9999 -9999 -9999 -9999 -9999 -9999 -9999 -9999 -9999 -9999 -9999 -9999 -9999 -9999 -9999 -9999 -9999 -9999 -9999 -9999 3.13511610031128 2.90958219766617 2.54181146621704 1.92520505189896 1.61522179841995 1.51267808675766 1.49610829353333 1.51503896713257 1.36536821722984 1.13844448328018 1.0083532333374 1.00940474867821 1.23388275504112 1.44816970825195 1.57588505744934 1.64321476221085 1.74825006723404 -9999 -9999 11.1657750606537 10.3996667861938 12.0945897102356
-9999 -9999 -9999 -9999 -9999 -9999 -9999 -9999 -9999 -9999 -9999 -9999 -9999 -9999 -9999 -9999 -9999 -9999 -9999 -9999 -9999 -9999 -9999 -9999 -9999 -9999 -9999 -9999 -9999 -9999 -9999 -9999 -9999 -9999 -9999 -9999 -9999 -9999 -9999 2.9670233130455 2.73493498563766 2.42276394367218 2.14479374885559 1.85357630252838 1.51121324300766 1.44494399428368 1.56561523675919 1.47217270731926 1.54970097541809 1.1473740041256 1.02406945824623 1.04325297474861 1.13697078824043 1.34536653757095 1.62755620479584 1.87760174274445 1.99013847112656 1.85296583175659 2.8792222738266 3.41432619094849 6.32215690612793 5.44396412372589
-9999 -9999 -9999 -9999 -9999 -9999 -9999 -9999 -9999 -9999 -9999 -9999 -9999 -9999 -9999 -9999 -9999 -9999 -9999 -9999 -9999 -9999 -9999 -9999 -9999 -9999 -9999 -9999 -9999 -9999 -9999 -9999 -9999 -9999 -9999 -9999 -9999 -9999 -9999 2.98164224624634 2.20214849710464 2.01364874839783 1.7610239982605 1.59275633096695 1.46030777692795 1.45475399494171 1.49002951383591 1.33633348345757 1.31917503476143 1.0299479663372 1.01872953772545 1.06311303377151 1.07727000117302 1.20701703429222 1.28658297657967 1.33632677793503 1.48052170872688 1.53954523801804 2.38236898183823 3.76493561267853 3.65979909896851 3.03684604167938
-9999 -9999 -9999 -9999 -9999 -9999 -9999 -9999 -9999 -9999 -9999 -9999 -9999 -9999 -9999 -9999 -9999 -9999 -9999 -9999 -9999 -9999 -9999 -9999 -9999 -9999 -9999 -9999 -9999 -9999 -9999 -9999 -9999 -9999 -9999 -9999 -9999 -9999 4.90373861789703 3.64608585834503 2.22766202688217 1.75485527515411 1.49485650658607 1.43128949403763 1.39454779028893 1.45955622196198 1.33055171370506 1.22352603077888 1.15768504142761 1.01694595813751 1.02722176909447 1.0922759771347 1.11580422520638 1.21223098039627 1.18245747685432 1.24312877655029 1.32297375798225 1.62501972913742 2.11220920085907 2.52218627929688 2.76863694190979 2.74082243442535
-9999 -9999 -9999 -9999 -9999 -9999 -9999 -9999 -9999 -9999 -9999 -9999 -9999 -9999 -9999 -9999 -9999 -9999 -9999 -9999 -9999 -9999 -9999 -9999 -9999 -9999 -9999 -9999 -9999 -9999 -9999 -9999 -9999 -9999 -9999 -9999 -9999 -9999 5.0789190530777 3.65622317790985 2.40969443321228 1.57933866977692 1.28655079007149 1.28716278076172 1.30089148879051 1.3006372153759 1.1316405236721 1.09793096780777 1.07670298218727 1.0297124683857 1.07642474770546 1.09929978847504 1.11407098174095 1.14771750569344 1.17170771956444 1.40336474776268 1.66462129354477 1.9219416975975 2.08940023183823 2.17069655656815 2.32842975854874 2.55541867017746
-9999 -9999 -9999 -9999 -9999 -9999 -9999 -9999 -9999 -9999 -9999 -9999 -9999 -9999 -9999 -9999 -9999 -9999 -9999 -9999 -9999 -9999 -9999 -9999 -9999 -9999 -9999 -9999 -9999 -9999 -9999 -9999 -9999 -9999 -9999 -9999 -9999 4.43226754919012 5.51604902744293 2.28225517272949 1.73188430070877 1.46784523129463 1.22784903645515 1.2119414806366 1.19874751567841 1.16007828712463 1.06768423318863 1.01422199606895 1.04466596245766 1.07055902481079 1.12692752480507 1.20087674260139 1.28882923722267 1.22536271810532 1.21279200911522 1.31292825937271 1.63295692205429 1.55442076921463 1.40224573016167 1.57135266065598 1.85064071416855 2.42139369249344
-9999 -9999 -9999 -9999 -9999 -9999 -9999 -9999 -9999 -9999 -9999 -9999 -9999 -9999 -9999 -9999 -9999 -9999 -9999 -9999 -9999 -9999 -9999 -9999 -9999 -9999 -9999 -9999 -9999 -9999 -9999 -9999 -9999 -9999 -9999 -9999 -9999 26.9259395599365 4.74216091632843 1.77551847696304 1.4626470208168 1.30387571454048 1.14284178614616 1.1067022383213 1.05069896578789 0.988685220479965 0.972536265850067 0.993953257799149 1.05921828746796 1.0911945104599 1.15620678663254 1.20163428783417 1.36326071619987 1.32038551568985 1.20835429430008 1.26726445555687 1.42830821871758 1.25769746303558 1.23640277981758 1.42071828246117 1.80631792545319 2.58900082111359
-9999 -9999 -9999 -9999 -9999 -9999 -9999 -9999 -9999 -9999 -9999 -9999 -9999 -9999 -9999 -9999 -9999 -9999 -9999 -9999 -9999 -9999 -9999 -9999 -9999 -9999 -9999 -9999 -9999 -9999 -9999 -9999 -9999 -9999 -9999 -9999 6.96485638618469 5.32203090190887 3.00275087356567 1.60177874565125 1.41451647877693 1.15210649371147 1.02942377328873 0.943672478199005 0.873265475034714 0.868804514408112 0.899685770273209 0.949554741382599 1.0179577767849 1.09224379062653 1.13872575759888 1.21077597141266 1.27117574214935 1.35007274150848 1.36995229125023 1.41315454244614 1.35776853561401 1.32793575525284 1.5471276640892 1.90926826000214 2.64428919553757 3.25064635276794
-9999 -9999 -9999 -9999 -9999 -9999 -9999 -9999 -9999 -9999 -9999 -9999 -9999 -9999 -9999 -9999 -9999 -9999 -9999 -9999 -9999 -9999 -9999 -9999 -9999 -9999 -9999 -9999 -9999 -9999 -9999 54.2125682830811 1.26375926099718 -9999 2.10493344068527 2.50913608074188 2.15232217311859 1.97572642564774 1.65426671504974 1.3226999938488 0.95517897605896 0.900594770908356 0.875642269849777 0.871307998895645 0.928074717521667 0.969541490077972 1.00498124957085 1.04371726512909 1.06995677947998 1.20383253693581 1.23683550953865 1.26808878779411 1.3110000193119 1.374467253685 1.45841324329376 1.58795320987701 1.84075731039047 2.06679081916809 2.99076533317566 2.83024942874908 3.10473132133484 3.16005773842335
-9999 -9999 -9999 -9999 -9999 -9999 -9999 -9999 -9999 -9999 -9999 -9999 -9999 -9999 -9999 -9999 -9999 -9999 -9999 -9999 -9999 -9999 0.346259817481041 63.2524378483112 41.035896062851 22.4128589630127 10.8035595417023 12.1982359886169 10.4651584625244 4.33814764022827 3.60979878902435 4.81982839107513 9.41549348831177 1.66581004858017 6.98860502243042 3.85862696170807 1.64757907390594 1.2891997396946 1.11616578698158 0.970263004302979 0.818426996469498 0.828517466783524 0.917919784784317 1.18943104147911 1.34439522027969 1.02454054355621 0.983236491680145 1.03502628207207 1.12177124619484 1.21425148844719 1.32755622267723 1.39242526888847 1.50846004486084 1.56816673278809 1.88342481851578 1.91490232944489 2.21949219703674 2.48599791526794 5.99578227891642 -9999 -9999 -9999
-9999 -9999 -9999 -9999 -9999 -9999 -9999 -9999 -9999 -9999 -9999 -9999 -9999 -9999 -9999 -9999 -9999 -9999 -9999 -9999 -9999 -9999 39.7412291627664 28.7021455764771 9.83526062965393 10.5611157417297 9.31522107124329 6.35481977462769 6.39921355247498 3.8397696018219 3.04782164096832 1.86819595098495 1.61091524362564 1.50414150953293 1.26996374130249 1.17683100700378 1.15709549188614 1.00933054089546 0.930695235729218 0.865623772144318 0.96379879117012 1.3878487944603 1.51232028007507 1.6140832901001 1.472864985466 1.13531550765038 1.08586496114731 1.21963575482368 1.35114598274231 1.41388276219368 1.4659897685051 1.55440646409988 1.74802726507187 1.80920398235321 2.28175431489944 -9999 -9999 -9999 -9999 -9999 -9999 -9999
-9999 -9999 -9999 -9999 -9999 -9999 -9999 -9999 -9999 -9999 -9999 -9999 -9999 -9999 -9999 -9999 -9999 -9999 -9999 8.0362754208701 14.8135499954224 12.2980699539185 9.93278431892395 6.4752459526062 2.94519066810608 2.13592118024826 1.92933601140976 1.91393548250198 1.83405071496964 5.26812887191772 4.1962423324585 3.56302857398987 2.96900618076324 2.85733491182327 1.28270396590233 1.15397545695305 1.11683624982834 1.26565423607826 1.26622724533081 1.28444328904152 1.30870127677917 1.42370849847794 1.60212081670761 1.44554999470711 1.3788974583149 1.17984679341316 1.20395475625992 1.32015001773834 1.40975171327591 1.49356046319008 1.65301948785782 -9999 -9999 -9999 -9999 -9999 -9999 -9999 -9999 -9999 -9999 -9999
-9999 -9999 -9999 -9999 -9999 -9999 -9999 -9999 -9999 -9999 -9999 -9999 -9999 -9999 -9999 -9999 -9999 59.5319995880127 29.2435655593872 20.4296607971191 15.3590912818909 3.11544370651245 1.84587746858597 1.64713650941849 1.59229266643524 1.65307348966599 1.70388829708099 2.95463848114014 4.14695477485657 5.45526659488678 4.05795443058014 5.29942810535431 2.66918170452118 1.50427043437958 1.03428670763969 1.03356224298477 1.07154223322868 1.3491382598877 1.94491946697235 1.72159498929977 1.65123152732849 1.46261849999428 1.24881148338318 1.18224674463272 1.23484423756599 1.18105351924896 1.26250872015953 1.54370999336243 1.53764247894287 1.43860647082329 7.36391145449418 -9999 -9999 -9999 -9999 -9999 -9999 -9999 -9999 -9999 -9999 -9999
-9999 -9999 -9999 -9999 -9999 -9999 -9999 -9999 -9999 -9999 -9999 -9999 -9999 -9999 22.250696182251 27.0668907165527 25.041223526001 31.8455085754395 9.34672522544861 3.34668660163879 2.35567724704742 1.99048358201981 2.59434449672699 1.43598827719688 1.46364971995354 1.62521857023239 1.69484406709671 2.40728330612183 2.21722054481506 1.89446479082108 1.57305067777634 1.71095252037048 1.95982879400253 1.78083676099777 1.46274599432945 1.41286128759384 1.73114097118378 2.24054843187332 1.80990904569626 1.2963630259037 1.1958344578743 1.12368974089622 1.07748600840569 1.18334850668907 1.23855829238892 1.18961700797081 1.28819999098778 1.31526526808739 1.42909500002861 1.35735154151917 5.96583437919617 2.49059092998505 -9999 -9999 -9999 -9999 -9999 -9999 -9999 -9999 -9999 -9999
-9999 -9999 -9999 -9999 -9999 -9999 -9999 -9999 -9999 -9999 -9999 2.61975976047309 55.4706687927246 24.1106042861938 13.3801918029785 7.61156487464905 5.50178682804108 3.65727889537811 2.48767805099487 1.817835688591 1.72431671619415 2.10678148269653 2.89337629079819 1.06984949111938 1.18819051980972 1.18418473005295 1.22145599126816 1.27824899554253 1.17678299546242 1.22842276096344 1.1093857884407 1.37517303228378 1.48743295669556 1.60678803920746 1.55062133073807 1.63689458370209 1.92452466487885 1.8380001783371 1.41011399030685 1.21827077865601 1.08047327399254 1.03855875134468 1.0125735104084 1.20015674829483 1.40955823659897 1.34577003121376 1.41021072864532 1.25703004002571 1.27868700027466 1.3131847679615 1.46391771301146 -9999 -9999 -9999 -9999 -9999 6.34445879459381 20.9044919013977 13.3868079185486 27.0394763946533 14.1200764075569 -9999
-9999 -9999 -9999 -9999 -9999 -9999 -9999 -9999 -9999 43.2353410720825 3.91809213638306 23.4718050956726 8.89058947563171 4.25462865829468 1.85116875171661 1.64189475774765 1.92010724544525 1.28516328334808 1.6971772313118 1.53163200616837 1.22701951861382 1.04967302083969 1.04955750703812 1.05427578091621 0.988769978284836 1.02831754088402 1.10388752818108 1.08000004291534 1.12480500340462 1.05599328875542 1.1590867638588 1.40235596895218 1.19789403676987 1.47923102974892 1.67817378044128 1.62247878313065 2.27597326040268 1.39199101924896 1.03910100460052 1.0292512178421 1.06139624118805 1.11674702167511 1.0444994866848 1.18961173295975 1.39744198322296 1.5817619562149 1.43121752142906 1.38205200433731 1.32311698794365 1.28381252288818 1.47341850399971 1.46019378304482 1.45259249210358 3.72361008874301 2.37864071130753 2.66720241308212 2.7054278254509 4.01493287086487 4.44164264202118 5.61497461795807 9.91533780097961 -9999
-9999 -9999 -9999 -9999 -9999 25.2351121902466 32.2325820922852 22.2839913368225 35.3552112579346 19.5772705078125 7.78962206840515 2.50812828540802 2.06632500886917 1.55726999044418 1.127600222826 0.951525717973709 0.72876150906086 0.742053017020226 0.81164476275444 0.852177768945694 0.914691030979156 1.0336582660675 1.13141173124313 1.08657521009445 0.991097241640091 1.02476173639297 1.02489298582077 1.03519052267075 1.02335625886917 0.984853506088257 1.00050151348114 1.1384302675724 1.30552804470062 1.51721030473709 1.65245318412781 1.99810194969177 2.43964433670044 1.04090023040771 1.0801357626915 1.07947728037834 1.16470876336098 1.037193775177 0.948356956243515 0.874529242515564 0.974326461553574 1.29884701967239 1.52201020717621 1.57536596059799 1.51528197526932 1.45325928926468 1.417320728302 1.3773367702961 1.46920278668404 1.78046625852585 1.93331176042557 1.97985219955444 2.08999943733215 2.19096529483795 2.62527143955231 2.95639282464981 3.3973513841629 3.1673766374588
-9999 -9999 -9999 -9999 -9999 4.42013382911682 3.1479127407074 3.86795783042908 2.64730507135391 2.08733779191971 1.70370894670486 1.10231325030327 1.07275575399399 1.38348153233528 1.10766372084618 0.861324727535248 0.836313039064407 0.806667029857635 0.707487747073174 0.755313009023666 0.773180276155472 0.897485285997391 1.06130996346474 1.12611901760101 1.06363275647163 1.05560320615768 1.01575648784637 1.01462325453758 0.990050286054611 0.992837995290756 1.14362552762032 1.62600749731064 1.86599028110504 1.6952092051506 2.17136317491531 1.79068118333817 1.24275523424149 1.32487347722054 1.05638247728348 1.00312426686287 0.880081504583359 0.85341078042984 0.9050452709198 0.954705744981766 0.976695746183395 1.46792623400688 3.81967663764954 2.16800558567047 1.78682917356491 1.69685769081116 1.72127169370651 1.63565933704376 1.49568977952003 1.43538147211075 1.52465772628784 1.81814628839493 1.96654272079468 2.06604069471359 2.43829500675201 2.63072258234024 2.58190941810608 2.5953968167305
-9999 -9999 -9999 -9999 -9999 1.80090522766113 1.78529620170593 1.86014252901077 1.77988582849503 1.78599447011948 1.34507775306702 1.10685601830482 1.04115977883339 0.979743719100952 0.826051533222198 0.775580227375031 0.83644500374794 0.953837960958481 0.872287541627884 0.74542424082756 0.673689767718315 0.683349743485451 0.775680005550385 1.00458678603172 1.01077124476433 0.964779764413834 0.933238506317139 0.966676533222198 1.00641220808029 1.05263927578926 1.09324049949646 1.87940257787704 1.78929376602173 2.02924203872681 1.6452232003212 1.11064428091049 1.18308448791504 1.55064368247986 1.02549979090691 0.955797761678696 0.892955213785172 0.873278260231018 0.83192253112793 0.872784733772278 0.916752755641937 1.92187428474426 1.14315301179886 1.96176677942276 2.13259506225586 1.80472880601883 1.84239667654037 1.64540022611618 1.48489120602608 1.44696378707886 1.42717722058296 1.63945877552032 1.68292433023453 1.75577402114868 2.06826674938202 2.15715980529785 2.12569802999496 2.35365307331085
-9999 -9999 -9999 -9999 -9999 1.32506623864174 1.40650498867035 1.62311625480652 1.57538849115372 1.44170102477074 1.42695227265358 1.19550749659538 0.942261010408401 0.891327738761902 0.957249730825424 1.02042299509048 1.06606051325798 1.14538353681564 1.03982403874397 0.716283738613129 0.631173759698868 0.578935503959656 0.643463239073753 1.02209696173668 1.00712397694588 0.952126532793045 0.877196967601776 0.876280456781387 0.912761986255646 0.934743762016296 0.971384257078171 1.24694475531578 1.30990800261497 1.40312021970749 1.62402445077896 1.62074929475784 1.53849148750305 1.35138675570488 1.10721302032471 1.03629076480865 0.952623009681702 0.937592267990112 0.920867264270782 0.840926259756088 0.881136775016785 0.914944499731064 0.972968280315399 1.19795474410057 1.41056478023529 1.70343446731567 1.72700554132462 1.69784241914749 1.6537184715271 1.56636983156204 1.44784426689148 1.3352347612381 1.38244503736496 1.46517527103424 1.72256702184677 2.06604301929474 2.50094032287598 2.77360868453979
-9999 -9999 -9999 -9999 -9999 1.17335629463196 1.23884028196335 1.41767174005508 1.49088674783707 1.44588151574135 1.33340325951576 1.41390153765678 1.1367614865303 1.10953125357628 1.11624374985695 1.16346448659897 1.15282648801804 1.09147122502327 0.939719259738922 0.663248240947723 0.599516987800598 0.692484766244888 0.776711225509644 0.903535455465317 0.966584265232086 0.907988995313644 0.846661537885666 0.808587044477463 0.773787707090378 0.833230465650558 0.873189032077789 0.91965526342392 0.989000290632248 1.08373045921326 1.13910448551178 1.17124423384666 1.29348903894424 1.23167851567268 1.09167677164078 1.03792127966881 0.961421281099319 0.917017489671707 0.893202781677246 0.89164200425148 0.883094251155853 0.879158288240433 0.88476750254631 0.880691260099411 1.03702121973038 1.28357774019241 1.48251003026962 1.55272275209427 1.48748248815536 1.40451371669769 1.37694677710533 1.42108279466629 1.40248873829842 1.49827498197556 1.57874929904938 1.79737651348114 2.71885120868683 2.71319407224655
