EcologicalScience/Bass/data/rs_data_bass/chl_111.asc
NCOLS 226 
NROWS 124 
XLLCORNER -9.41648524995501 
YLLCORNER 47.587301625531 
CELLSIZE 0.0833 
NODATA_value -9999 
[rows 54 to 80 of 124, columns 124 to 185 of 226]
1.87622621655464 1.60048538446426 1.4547453224659 1.72420051693916 1.92058426141739 1.71881175041199 1.6899322271347 1.65203963220119 1.35434526205063 1.10985422134399 1.31328186392784 1.27879759669304 1.20889648795128 0.952668994665146 0.905952960252762 0.950698256492615 0.817981243133545 0.792837500572205 0.815816015005112 0.734571374952793 0.871983379125595 1.33492089807987 1.93400283157825 2.80994367599487 3.12198780477047 2.8643234372139 2.80469846725464 2.61320370435715 1.83148449659348 1.59433048963547 1.58344721794128 4.60947167873383 4.73449194431305 2.8430430740118 1.79104462265968 1.67033059895039 2.01680628955364 2.72004863619804 2.28183862566948 1.71990188956261 2.20346327126026 2.63906894624233 2.83277660608292 2.94885858893394 1.06261646747589 1.18814778327942 1.7934667468071 2.10783755779266 2.8540313243866 4.53648090362549 5.26741623878479 11.6096056483009 7.13356876373291 7.0091136932373 5.90015416145325 6.63700976371765 7.77227411270142 10.5182088017464 6.17177639007568 8.80747052601406 10.3079826010375 11.8825540962766
2.00434729456902 1.71906557679176 1.43431989848614 1.30934000015259 1.34306049346924 1.48095256090164 1.5231317281723 1.71864354610443 1.47526854276657 1.43347597122192 1.52298450469971 1.19051975011826 1.1486242711544 1.11150452494621 1.15975177288055 1.16075703501701 1.07485872507095 0.955218255519867 1.67420554161072 2.62199020385742 1.47620397806168 2.1007909476757 5.28568679094315 23.3856868743896 6.19414731860161 3.1480188369751 2.66309225559235 2.16429245471954 1.9511159658432 1.73261153697968 2.82467320561409 2.21758532524109 3.27428233623505 3.20889616012573 2.08824267983437 2.92557066679001 1.1395762860775 1.14012828469276 1.11541271209717 1.20876377820969 1.34025786817074 1.67322005331516 2.00325340032578 1.95030257105827 1.66762384772301 1.86700201034546 2.6292978823185 4.12703168392181 20.8058034181595 22.4433863162994 7.68512921333313 7.73808960914612 6.31441140174866 7.31250486373901 7.8957275390625 6.51143179220312 10.5720698833466 -9999 -9999 -9999 -9999 -9999
2.78767490386963 2.68398076295853 1.8729355931282 1.73709625005722 1.56949901580811 1.46691524982452 1.49944078922272 1.62250098586082 1.52302828431129 1.47334948182106 1.52848327159882 1.55041599273682 1.20831996202469 1.45247399806976 1.68281722068787 1.62212178111076 1.61866548657417 1.31627598404884 1.58207201957703 15.1518816947937 12.291645526886 4.2737181186676 6.49730730056763 6.91579020023346 8.21000665426254 2.71315789222717 2.62137424945831 1.95113426446915 2.84014087915421 1.77306228876114 2.53546115756035 2.43011248111725 1.97188729047775 2.0819925069809 2.15097677707672 1.84965080022812 1.24869972467422 1.0336882174015 1.0134202837944 1.08388048410416 1.39313440024853 1.6488221436739 1.80505612492561 1.07256978750229 1.20781123638153 3.18620324134827 4.6985527575016 6.13100217282772 5.4530357837677 4.39507359266281 4.31365156173706 6.83434181213379 7.48665962219238 13.4660365981777 -9999 -9999 -9999 -9999 -9999 -9999 -9999 -9999
3.11826252937317 2.79842746257782 2.63896203041077 2.43141424655914 2.22088396549225 2.12986427545547 1.78688290715218 1.74356245994568 1.78813946247101 1.70139849185944 1.50905746221542 1.84184473752975 1.71299248933792 1.69893848896027 1.9240637421608 2.72143507003784 2.19509345293045 1.88325148820877 2.40157473087311 3.50894737243652 4.62993460893631 5.58901584148407 6.00375312566757 5.9045335650444 3.58607089519501 2.21859949827194 2.07194495201111 1.86247074604034 2.40480217337608 2.54511147737503 1.77818217873573 2.3018040060997 3.40887835621834 1.84838998317719 1.87877708673477 2.81326505541801 2.10819259285927 0.921669781208038 1.15428078174591 1.12243428826332 1.54988850653172 1.86692780256271 1.37666702270508 1.39017677307129 1.36643779277802 1.63432645797729 4.21517872810364 7.50148670826483 6.9404296875 6.54621648788452 6.43970966339111 6.27087253332138 11.1852485111782 -9999 -9999 -9999 -9999 -9999 -9999 -9999 -9999 -9999
6.62999248504639 9.35466206073761 7.04464554786682 5.21963274478912 3.85089683532715 4.47526431083679 3.15727722644806 3.21481561660767 2.05183827877045 1.93803626298904 1.99394673109055 1.92794150114059 2.14281171560287 2.30654925107956 2.36672568321228 2.33019429445267 3.62231850624085 2.82702219486237 2.44162121415138 4.41862195730209 4.32300692796707 4.46561005711555 4.33956156671047 4.6644347012043 4.11406333744526 1.67726522684097 2.02020487189293 2.02981424331665 1.92257286608219 1.97822771966457 1.39420396089554 1.34304486215115 1.52191422879696 1.50717379152775 1.32476779818535 1.3549619615078 1.22934973239899 1.4734792560339 1.49534587562084 1.49996057152748 1.36907923221588 1.52642512321472 1.68510822951794 2.38076242804527 3.02010069787502 6.27408385276794 8.96668510437012 9.79141187667847 8.36320745944977 8.49512565135956 8.24603390693665 30.4745814800262 53.0966949462891 -9999 -9999 -9999 -9999 -9999 -9999 -9999 -9999 -9999
-9999 25.1417557001114 5.04325258731842 14.3175278902054 13.5288833379745 5.37386620044708 4.46455192565918 4.01147997379303 4.44503617286682 4.5558568239212 5.65824222564697 2.40327978134155 1.1467597335577 1.17335772514343 1.21206825971603 2.16801655292511 3.8643285036087 2.54167538881302 3.07849690318108 2.93090280890465 4.04930385947227 3.05275118350983 3.14057099819183 2.83444771170616 2.94667719304562 1.46390151977539 1.6860259026289 1.68552750349045 1.58441551029682 1.29415579140186 1.20251997560263 1.05066338181496 1.0461682677269 0.971648633480072 1.16888523101807 1.9327837228775 2.37624955177307 1.27032677829266 1.28998383879662 1.13280223309994 1.54095447063446 1.5460470020771 2.00581915676594 2.9409371316433 6.70439904928207 -9999 9.42863488197327 7.67729493549892 10.3123422861099 8.03115148544311 30.748176574707 36.110237121582 57.8278923034668 43.0440158843994 -9999 -9999 -9999 -9999 -9999 -9999 -9999 -9999
-9999 -9999 -9999 -9999 -9999 2.28387522697449 6.41614580154419 5.88686084747314 5.98575961589813 5.72566938400269 5.43482995033264 2.75276231765747 1.72191600501537 5.61168444156647 3.98579263687134 3.44952535629272 2.7408255636692 2.18854165077209 2.19454872608185 2.7296576499939 2.421615421772 1.45383524894714 1.39968824386597 1.94177663326263 1.95793274044991 1.33153527975082 1.2468147277832 1.2574457526207 1.12082628160715 1.09590339660645 1.01881273090839 0.928576871752739 0.906789734959602 0.85536602139473 0.865064978599548 1.88442432880402 1.21090610325336 1.14125923812389 1.08602513372898 0.97483728826046 2.14900535345078 1.97430449724197 3.74307417869568 8.5145161151886 9.24973440170288 27.0452117109762 -9999 -9999 -9999 -9999 59.5427627563477 60.2658828735352 52.9867351055145 30.7942693123451 -9999 -9999 -9999 -9999 -9999 -9999 -9999 -9999
-9999 -9999 -9999 -9999 -9999 -9999 -9999 -9999 5.38018803298473 6.97668313980103 5.19177067279816 2.79593253135681 2.20938831567764 2.23992750048637 3.85369741916656 3.22189646959305 2.31464329361916 1.89372530579567 1.68387226760387 1.49521574378014 1.15393951535225 1.11563926935196 1.20397728681564 1.24694028496742 1.19719272851944 1.41178280115128 1.26091575622559 1.21361923217773 1.23068749904633 1.08622500300407 1.04224464297295 1.00743265450001 0.90852002799511 0.847330123186111 1.6689692735672 1.68734174966812 1.35595236718655 1.3429319858551 1.16502937674522 1.75069499015808 1.92696529626846 2.33571374416351 4.10720282793045 9.23316895961761 3.5407615473241 29.0682649612427 -9999 -9999 -9999 -9999 17.548882484436 31.5772338867187 19.8091924667358 43.467569732666 25.7561881542206 19.6909911632538 -9999 -9999 -9999 -9999 -9999 -9999
-9999 -9999 -9999 -9999 -9999 -9999 -9999 -9999 -9999 -9999 4.68059027194977 4.11531293392181 5.64693367481232 4.79795491695404 5.09104084968567 3.3285448551178 2.77201867103577 2.05786496400833 1.56219005584717 1.43766224384308 1.11902323365211 1.06437295675278 1.02927973866463 1.06172999739647 1.1317410171032 1.20721346139908 1.35162925720215 1.19985973834991 1.34035074710846 1.04081699252129 1.07427824288607 0.819471001625061 1.24747425317764 1.27728700637817 1.84663379192352 1.96172618865967 1.44491627812386 1.58850261569023 1.36467035114765 2.113510876894 2.34797742962837 3.78292196989059 2.8015148639679 29.2995232343674 16.0257871440313 -9999 -9999 -9999 -9999 -9999 -9999 -9999 10.2195180058479 52.4031295776367 33.1901512145996 15.0823772294181 10.8786277770996 -9999 -9999 -9999 -9999 -9999
-9999 -9999 -9999 -9999 -9999 -9999 -9999 -9999 -9999 4.3704868555069 6.91087400913239 7.47273457050323 3.80663251876831 7.29519963264465 6.33463907241821 3.05398213863373 2.67085129022598 2.20253241062164 1.53381818532944 1.07904303073883 0.969188958406448 0.927610516548157 0.888367474079132 0.91033199429512 1.15177050232887 1.10556453466415 1.15508025884628 1.43015450239182 1.02354039251804 1.40767753124237 0.956027984619141 0.953206121921539 0.877760231494904 1.35905575752258 2.19544720649719 2.44652223587036 2.25551521778107 2.59007394313812 4.11822760105133 3.39452040195465 3.23980617523193 3.8387862443924 10.5609889626503 13.3358806371689 30.7790209633633 33.0447750091553 -9999 -9999 -9999 25.8542620051991 44.1133136749268 31.96448802948 41.4072198867798 36.9728603363037 33.006778717041 38.1625397545951 -9999 -9999 -9999 -9999 -9999 -9999
-9999 -9999 -9999 -9999 -9999 -9999 -9999 -9999 -9999 -9999 7.80831289291382 6.34775412082672 6.48378396034241 5.26000678539276 3.23742300271988 2.31260472536087 3.48930823802948 2.79870450496674 2.2002922296524 0.940781235694885 0.923686534166336 0.893771231174469 1.0122067630291 1.14514870941639 1.36399328708649 1.33326727151871 1.44681972265244 1.09691324830055 0.998215869069099 0.952396541833878 1.36913472414017 1.3668839931488 1.3895947933197 1.31817799806595 1.49284070730209 1.67658573389053 1.79452675580978 3.20968782901764 6.3739275932312 8.86252689361572 4.62183916568756 8.62618017196655 14.6775750219822 10.5256301164627 9.68404106376241 -9999 -9999 -9999 -9999 -9999 31.887553691864 35.0167150497437 38.0577926635742 20.1600211858749 72.0292299058702 -9999 -9999 -9999 -9999 -9999 -9999 -9999
-9999 -9999 -9999 -9999 -9999 -9999 -9999 -9999 -9999 3.67937564849854 8.19448375701904 5.01310002803802 4.19501292705536 4.00986778736115 3.75916564464569 3.78052568435669 3.01145339012146 2.77703922986984 1.72725373506546 1.0277085006237 0.676611766219139 0.683384254574776 0.896280348300934 0.924425214529037 1.24872574210167 1.38882198929787 1.40038120746613 1.36960649490356 1.38209247589111 1.36190676689148 1.44763374328613 1.55654799938202 1.46427476406097 1.29083275794983 1.29752576351166 1.63967877626419 2.19324904680252 5.96841703355312 11.9953103065491 18.9581105709076 15.5275282859802 38.486120223999 12.401442527771 5.98967661672425 3.86466658115387 -9999 -9999 -9999 -9999 -9999 17.6465665544782 51.0081533023289 15.3643001687938 -9999 -9999 -9999 -9999 -9999 -9999 -9999 -9999 -9999
-9999 -9999 -9999 -9999 -9999 -9999 -9999 -9999 -9999 7.21235847473145 6.80173051357269 4.43611872196198 3.0405308008194 2.73024225234985 2.94477671384811 2.43164545297623 1.78854382038116 1.45302146673203 0.988011002540588 1.02314999699593 0.879477381706238 0.868866384029388 0.710947886109352 0.867990374565125 1.24493446946144 1.31496125459671 1.39684620499611 1.25158548355103 1.35664376616478 1.43587779998779 1.52901649475098 1.51245826482773 1.24543473124504 1.2651515007019 1.5667662024498 2.36869525909424 6.08672451972961 7.24022452533245 9.12626606225967 7.67125618457794 12.7422124743462 20.0415923595428 28.9570970535278 12.6541909072006 3.86466693878174 -9999 -9999 -9999 -9999 12.1949715614319 -9999 -9999 -9999 -9999 -9999 -9999 -9999 -9999 -9999 -9999 -9999 -9999
-9999 -9999 -9999 -9999 -9999 -9999 -9999 -9999 -9999 4.43044638633728 3.93028330802917 3.51753294467926 3.61663341522217 2.60722130537033 2.80565482378006 2.36121600866318 1.48981645703316 0.907446026802063 1.02128103375435 1.10779872536659 1.03030049800873 0.966203212738037 1.01455798745155 1.39308598637581 1.33477047085762 1.16202247142792 1.17701748013496 1.17115798592567 1.26794201135635 1.2391482591629 1.31472647190094 1.7776962518692 2.6345479786396 2.44547852873802 2.85227125883102 3.57996302843094 7.65174555778503 5.35903525352478 8.21946883201599 9.43166732788086 8.54737997055054 17.0672461986542 5.73225636915727 -9999 -9999 -9999 -9999 -9999 -9999 -9999 -9999 -9999 -9999 -9999 -9999 -9999 -9999 -9999 -9999 -9999 -9999 -9999
-9999 -9999 -9999 -9999 -9999 -9999 -9999 -9999 -9999 3.41458356380463 3.14234089851379 2.95913624763489 2.76002353429794 2.04766201972961 2.58953994512558 1.83027970790863 0.87977322936058 0.875939279794693 1.03266227245331 1.13957020640373 1.19558626413345 1.24180948734283 1.48442101478577 1.3535940349102 1.13176497817039 1.0555274784565 1.05444601178169 1.20275321602821 1.44548025727272 1.47369226813316 1.51847246289253 2.86221092939377 4.35704833269119 4.67760699987411 6.14559638500214 7.83360493183136 18.2728607654572 10.7659232616425 6.02670133113861 8.25986194610596 13.581093788147 15.1491992240999 4.54866716804275 -9999 -9999 -9999 -9999 -9999 -9999 -9999 -9999 -9999 -9999 -9999 -9999 -9999 -9999 -9999 -9999 -9999 -9999 -9999
-9999 -9999 -9999 -9999 -9999 -9999 -9999 3.28386068344116 4.21011509977538 3.41091406345367 3.04789960384369 2.67396831512451 2.52966058254242 1.64707922935486 1.28580975532532 1.19869577884674 1.13459026813507 0.614062517881393 0.903239965438843 0.926015228033066 1.0218540430069 1.23514947295189 1.29154801368713 1.21444121003151 0.881611123681068 1.00200560688972 1.6010028719902 1.48932230472565 1.17206552624702 1.20265129208565 2.09460183978081 8.85465621948242 5.83398658037186 8.01878732442856 7.43016040325165 4.35665881633759 6.10372996330261 11.3201758861542 11.1630939245224 14.8210952281952 7.47222040116208 5.69786846637726 3.25656187534332 -9999 -9999 -9999 -9999 -9999 -9999 -9999 -9999 -9999 -9999 -9999 -9999 -9999 -9999 -9999 -9999 -9999 -9999 -9999
-9999 -9999 -9999 -9999 -9999 -9999 4.19034264768873 3.85128170251846 3.84121632575989 3.1689465045929 2.78228378295898 2.53624200820923 2.61843073368073 1.87426322698593 1.14027345180511 0.982428014278412 0.926523268222809 0.816486001014709 0.831483244895935 0.416877016425133 0.654937505722046 0.922431707382202 1.22746646404266 1.15188297629356 0.812780611217022 0.921748906373978 1.69847886264324 1.92036107182503 2.097049087286 1.23341622948647 2.37348181009293 4.90300458669662 5.26873421669006 1.5923935174942 1.86821973323822 5.4945023059845 6.93365371227264 9.1071982383728 9.96440327167511 -9999 -9999 -9999 -9999 -9999 -9999 -9999 -9999 -9999 -9999 -9999 -9999 -9999 -9999 -9999 -9999 -9999 -9999 -9999 -9999 -9999 -9999 -9999
-9999 -9999 -9999 -9999 5.00649138291677 4.03840672969818 3.68757063150406 3.85488891601563 2.97243037819862 2.46727681159973 2.12898999452591 2.43733322620392 2.72882974147797 1.96020025014877 1.08785301446915 0.906024277210236 0.890831530094147 0.833930999040604 0.872054755687714 0.30376274138689 0.363145507872105 0.879881992936134 0.871904991567135 0.963132753968239 0.933706730604172 1.10033324360847 0.999083966016769 0.851711958646774 0.910823285579681 1.23211947083473 2.53794676065445 4.83391141891479 3.30449482798576 1.80878794193268 3.46403527259827 6.36323153972626 6.88084101676941 10.4117663897825 -9999 -9999 -9999 -9999 -9999 -9999 -9999 -9999 -9999 -9999 -9999 -9999 -9999 -9999 -9999 -9999 -9999 -9999 -9999 -9999 -9999 -9999 -9999 -9999
-9999 -9999 -9999 -9999 4.0784775018692 3.94704836606979 3.71144652366638 3.70558786392212 2.99552249908447 2.45097041130066 1.65169823169708 1.67880475521088 2.06211876869202 1.42396152019501 0.910673499107361 0.840803265571594 0.883949249982834 0.759241998195648 0.805198013782501 0.846868216991425 0.804692231118679 0.841740757226944 0.888455227017403 1.00319775938988 1.07005387544632 1.01924327015877 1.00772622227669 0.918631464242935 0.998704522848129 1.25653946399689 1.13856974244118 2.95037770271301 3.28740453720093 4.47903418540955 4.29584750533104 9.10066390037537 10.7630524635315 -9999 -9999 -9999 -9999 -9999 -9999 -9999 -9999 -9999 -9999 -9999 -9999 -9999 -9999 -9999 -9999 -9999 -9999 -9999 -9999 -9999 -9999 -9999 -9999 -9999
-9999 9.75001655876969 3.85057129178728 4.02498480677605 4.09788844320509 3.6048572063446 3.35123407840729 3.2247542142868 3.04051768779755 2.58495080471039 1.77058577537537 1.29329651594162 1.71339225769043 1.0166377723217 0.755562245845795 0.684638768434525 1.06843125075102 1.06373552978039 0.970307260751724 0.958850227296352 0.908392533659935 0.987975373864174 1.02054297924042 1.08751460909843 1.1674567759037 0.971584528684616 0.987725257873535 0.947730034589767 1.0692390203476 1.48067101836205 2.76141491532326 3.16053110361099 4.11280944943428 8.1170529127121 12.9656839370728 -9999 -9999 -9999 -9999 -9999 -9999 -9999 -9999 -9999 -9999 -9999 -9999 -9999 -9999 -9999 -9999 -9999 -9999 -9999 -9999 -9999 -9999 -9999 -9999 -9999 -9999 -9999
4.01316543589247 3.90724146366119 4.04863756895065 3.64429527521133 3.25290966033936 3.08215832710266 2.62834453582764 3.36245977878571 2.57282423973083 2.16824519634247 1.75463403761387 1.21349812299013 1.20762790739536 2.39766150712967 0.725086748600006 0.613152265548706 1.59083694219589 1.28115078806877 1.16244077682495 1.02302549779415 0.963980287313461 0.955354481935501 0.946296751499176 1.09562547504902 0.836286753416061 0.908816277980804 0.90529203414917 0.94335150718689 1.17892125248909 2.6340224146843 3.00254845619202 3.98858249187469 4.67471015453339 -9999 -9999 -9999 -9999 -9999 -9999 -9999 -9999 -9999 -9999 -9999 -9999 -9999 -9999 -9999 -9999 -9999 -9999 -9999 -9999 -9999 -9999 -9999 -9999 -9999 -9999 -9999 -9999 -9999
4.36004769802094 4.26651689741347 3.91908729076385 3.32282376289368 2.96944653987885 3.04655826091766 2.9995014667511 2.07644921541214 2.51359578967094 1.88140381872654 2.55346423387527 2.2082279920578 2.13818925619125 2.32209903001785 0.689188748598099 1.49773728847504 1.36708948016167 0.960669726133347 0.768162041902542 0.744862496852875 0.887296468019485 1.3355617672205 1.23318073153496 1.1369047164917 0.901749014854431 0.995649039745331 1.27834349870682 1.60879129171371 2.90338271856308 3.45508646965027 3.97100186347961 4.92334806919098 3.73247766494751 10.0766100632517 51.738215639041 3.83152627222466 -9999 -9999 -9999 -9999 -9999 -9999 -9999 -9999 -9999 -9999 -9999 -9999 -9999 -9999 -9999 -9999 -9999 -9999 -9999 -9999 -9999 -9999 -9999 -9999 -9999 -9999
3.88959842920303 3.01689046621323 3.06075882911682 3.08836209774017 3.46805953979492 2.68595778942108 1.94436919689178 2.59037107229233 2.51428127288818 2.3734724521637 2.0939467549324 0.86310425400734 1.79650944471359 1.90630656480789 1.68291753530502 1.6158555150032 1.04720771312714 0.76248899102211 0.796902716159821 1.0421339571476 1.1744324862957 1.15507426857948 1.26925054192543 1.13923197984695 1.35456597805023 1.29986026883125 1.91265892982483 2.97530472278595 4.78417575359344 4.8344954252243 7.17988784496601 -9999 -9999 -9999 -9999 -9999 -9999 -9999 -9999 -9999 -9999 -9999 -9999 -9999 -9999 -9999 -9999 -9999 -9999 -9999 -9999 -9999 -9999 -9999 -9999 -9999 -9999 -9999 -9999 -9999 -9999 -9999
3.37918889522552 3.5914272069931 3.63526380062103 3.40550726652145 3.10505735874176 2.91521871089935 2.48471868038177 2.7396599650383 2.47363579273224 2.37153303623199 1.96398746967316 1.27819347381592 1.64409899711609 0.728869527578354 1.61720931529999 0.956324994564056 1.00411579012871 1.31957700848579 1.01042023301125 1.241833537817 1.1579655110836 1.26807376742363 1.48705646395683 1.57629668712616 1.75169849395752 2.58587926626205 3.59160447120667 4.58471417427063 5.6136120557785 5.40473163127899 5.51374197006226 6.5863545591181 -9999 -9999 -9999 -9999 -9999 -9999 7.17935886383057 12.6942715644836 -9999 -9999 -9999 -9999 -9999 -9999 -9999 -9999 -9999 -9999 -9999 -9999 -9999 -9999 -9999 -9999 -9999 -9999 -9999 -9999 -9999 -9999
4.85691869258881 4.61077785491943 4.66744554042816 3.99821877479553 5.00081729187685 3.40094840526581 3.12643225193024 3.35084474086761 5.45346808433533 3.19522047042847 1.8168870806694 1.43016895651817 1.64832526445389 1.66932606697083 1.38074398040771 1.23394051194191 1.56105083227158 1.28383576869965 1.18737298250198 1.43461579084396 1.67184752225876 1.98613053560257 2.41916316747665 2.76372528076172 3.3265768289566 4.18614900112152 4.63419449329376 3.86980640888214 3.47877488136291 4.13855820894241 5.94276357951917 3.42093944549561 -9999 -9999 -9999 -9999 -9999 -9999 -9999 -9999 -9999 -9999 -9999 -9999 -9999 -9999 -9999 -9999 -9999 -9999 -9999 -9999 -9999 -9999 -9999 -9999 -9999 -9999 -9999 -9999 -9999 -9999
-9999 -9999 -9999 -9999 -9999 3.51121382964285 4.20531010627747 3.49416244029999 4.65010857582092 2.01621383428574 1.54917669296265 1.59011632204056 1.89486676454544 1.91268002986908 1.83946341276169 1.40859603881836 1.3608570098877 1.53677469491959 1.63439029455185 2.21266955137253 2.42254507541656 2.46732079982758 2.79380697011948 4.39809215068817 5.12877452373505 5.4651095867157 -9999 -9999 -9999 -9999 -9999 -9999 -9999 -9999 -9999 -9999 -9999 -9999 -9999 -9999 -9999 -9999 -9999 -9999 -9999 -9999 -9999 -9999 -9999 -9999 -9999 -9999 -9999 -9999 -9999 -9999 -9999 -9999 -9999 -9999 -9999 -9999
-9999 -9999 -9999 -9999 -9999 -9999 2.92566664516926 2.61092001199722 1.55912095308304 1.05284002423286 1.56527549028397 1.68517202138901 2.78687328100204 2.76273822784424 1.68821257352829 1.54302603006363 1.77800846099854 1.62652051448822 2.56520095467567 8.40619021654129 6.37774616479874 4.74511063098907 4.07498002052307 2.74716124467761 -9999 -9999 -9999 -9999 -9999 -9999 -9999 -9999 -9999 -9999 -9999 -9999 -9999 -9999 -9999 -9999 -9999 -9999 -9999 -9999 -9999 -9999 -9999 -9999 -9999 -9999 -9999 -9999 -9999 -9999 -9999 -9999 -9999 -9999 -9999 -9999 -9999 -9999
