EcologicalScience/Bass/data/rs_data_bass/chl_82.asc
NCOLS 226 
NROWS 124 
XLLCORNER -9.41648524995501 
YLLCORNER 47.587301625531 
CELLSIZE 0.0833 
NODATA_value -9999 
[rows 54 to 80 of 124, columns 124 to 185 of 226]
1.72210282087326 1.70916295051575 2.12117770314217 2.14350262284279 2.14288428425789 2.27890866994858 2.35584828257561 1.74058055877686 1.806705057621 1.82431054115295 1.72027194499969 1.80929553508759 1.9494366645813 1.70761276781559 1.71954260766506 1.73129394650459 1.65798828005791 1.64246405661106 1.59882152080536 1.67852590978146 1.83850425481796 1.72278821468353 1.58969324827194 2.43501967191696 2.31202358007431 2.16088128089905 2.09702628850937 1.98465442657471 2.084965467453 2.16104847192764 2.32771986722946 2.39772981405258 2.24414098262787 2.29634553194046 2.37263399362564 2.33265978097916 2.35814845561981 2.384909927845 2.99113869667053 2.90702855587006 2.36316221952438 2.03593647480011 2.55497020483017 3.24269235134125 4.05577790737152 4.60150265693665 4.15052783489227 4.35555374622345 5.68759059906006 4.41057658195496 5.67590761184692 6.07042765617371 6.12058854103088 6.57153725624084 6.83353543281555 6.81680274009705 6.75359344482422 6.88838768005371 10.080575466156 11.9259505953108 12.4081179214125 14.3661542075579
1.77705073356628 1.80156755447388 2.07786154747009 2.07469797134399 2.17452675104141 2.03992491960526 2.33453696966171 2.57313072681427 2.14407151937485 2.12931829690933 1.70685893297195 1.62796497344971 1.68995663523674 1.63407973945141 1.72985512018204 1.70033705234528 1.70436528325081 1.65711906552315 1.67407384514809 1.87780943512917 1.49730223417282 1.50977557897568 1.72549277544022 1.90999495983124 2.17603951692581 2.14080226421356 2.16851770877838 2.03128427267075 2.04617017507553 2.39479207992554 2.42312622070312 2.34822982549667 2.2357229590416 2.20244479179382 2.39010679721832 2.35573947429657 2.86397105455399 2.90149283409119 2.58416104316711 1.91209423542023 1.87130928039551 2.17314666509628 2.83441507816315 3.67170882225037 4.22726941108704 4.84318363666534 4.57881903648376 4.49594843387604 5.21124958992004 5.55790793895721 4.9738529920578 5.74532783031464 5.52825450897217 6.4378924369812 7.46308471845544 6.38391229685615 10.5720698833466 -9999 -9999 -9999 -9999 -9999
1.93587756156921 1.80566328763962 1.89285153150558 2.08126866817474 2.23113602399826 2.2178099155426 1.97554349899292 2.54006391763687 2.71774792671204 2.97272032499313 2.92872297763824 2.69789779186249 1.77698814868927 1.86576864123344 1.85876432061195 1.75818264484406 1.74314403533936 1.77935546636581 1.80423527956009 1.95310163497925 1.58825182914734 1.67481976747513 1.98442500829697 2.02743816375732 2.07524621486664 2.40096294879913 2.44765502214432 2.12622302770615 2.1371294260025 2.24278432130814 2.27671194076538 2.29191756248474 2.23659074306488 2.55644327402115 3.06604063510895 3.63417756557465 3.46704661846161 2.51020646095276 2.31190270185471 1.67844825983047 1.72986298799515 2.1114045381546 4.33076083660126 6.46953248977661 6.17768883705139 5.79024517536163 6.53689956665039 7.31739860028028 6.53961682319641 5.45314407348633 5.11511564254761 5.67944777011871 6.90769743919373 14.3581839756374 -9999 -9999 -9999 -9999 -9999 -9999 -9999 -9999
2.3130607008934 1.93977302312851 1.9008697271347 1.97336554527283 1.97198706865311 2.2879244685173 2.40302699804306 2.6557252407074 2.90633851289749 2.82991880178452 4.20353329181671 1.60159054398537 1.64421594142914 1.84979099035263 1.8344464302063 1.9563949406147 1.73063287138939 1.68866059184074 1.83146515488625 1.92610198259354 1.58021932840347 1.81670093536377 2.02586996555328 2.05682551860809 2.03011733293533 2.240358710289 2.51296806335449 2.26840192079544 2.23162579536438 2.19095993041992 2.1187042593956 2.2137097120285 2.6036211848259 3.55063283443451 3.02758419513702 2.52549594640732 2.13443917036057 1.82243692874908 1.7806259393692 1.73365348577499 1.84215831756592 2.55633080005646 3.91304934024811 6.25590205192566 8.12576365470886 8.446204662323 6.41971707344055 7.74159619458225 6.73894500732422 6.72108006477356 6.84948635101318 8.06219744682312 10.609934091568 -9999 -9999 -9999 -9999 -9999 -9999 -9999 -9999 -9999
4.11827087402344 5.05457031726837 5.56242370605469 3.76064085960388 4.00863289833069 4.44203853607178 3.37006258964539 3.40614366531372 1.89050361514091 2.01383319497108 2.00337973237038 1.43575496971607 1.39997367560863 1.55383202433586 1.69903126358986 1.734375 1.79714101552963 1.82784193754196 1.87701898813248 2.04892310500145 2.15357619524002 2.05236893892288 2.07836991548538 2.00449132919312 2.03222697973251 1.96051132678986 1.96019107103348 2.06012320518494 2.1860100030899 1.8933413028717 2.03560870885849 2.20954352617264 2.85167706012726 2.09018629789352 1.96840041875839 1.92688429355621 1.65779542922974 1.33294129371643 1.32366076111794 1.52895069122314 1.50894820690155 2.75228404998779 3.49126052856445 5.72934293746948 7.3996160030365 8.83185267448425 6.32593953609467 7.49390602111816 8.63542699813843 7.15421104431152 6.52325105667114 8.82866334915161 44.3783150133879 -9999 -9999 -9999 -9999 -9999 -9999 -9999 -9999 -9999
-9999 2.74780075039182 2.37377279996872 13.5815906524658 13.8271865844727 16.4518876075745 9.93802356719971 2.31269359588623 2.40616384148598 2.12399366497993 1.79986542463303 1.663270175457 1.92664012312889 1.87810868024826 1.66057388484478 1.55043035745621 2.02905786037445 1.93007504940033 2.10608553886414 2.26750615239143 2.37836328148842 2.05036497116089 1.9591326713562 1.94503569602966 2.05195945501328 1.93781018257141 1.79867327213287 1.67064070701599 1.76000332832336 1.94204932451248 2.27041572332382 2.55540150403976 2.31441450119019 2.03551876544952 1.94783252477646 1.93747866153717 1.351582467556 1.17492297291756 1.0898557305336 1.18703770637512 1.73968058824539 2.5442242026329 3.07317316532135 5.65535008907318 9.18760228157043 -9999 7.48349404335022 8.03569865226746 8.9679844379425 10.2217826843262 12.0813657511836 30.7682638168335 43.795058540676 35.0322609901428 -9999 -9999 -9999 -9999 -9999 -9999 -9999 -9999
-9999 -9999 -9999 -9999 -9999 2.28387522697449 3.07442137598991 2.88223958015442 2.53216123580933 2.26298332214355 2.26328212022781 1.32618677616119 1.87303206324577 2.05205807089806 1.89273753762245 1.84294465184212 1.77834713459015 2.27972468733788 2.37939262390137 1.92184942960739 2.06602799892426 1.85049891471863 1.77663749456406 1.71516072750092 1.78747200965881 1.77588003873825 1.59878700971603 1.62592506408691 1.78684955835342 2.05349618196487 2.22548317909241 2.55287325382233 2.49020916223526 2.40578842163086 2.3668686747551 2.44423717260361 1.92022794485092 1.51121628284454 1.23271501064301 1.56607049703598 3.85027885437012 3.64490711688995 4.9450478553772 7.86871004104614 10.0102279186249 28.4420798368824 -9999 -9999 -9999 -9999 49.9739589691162 40.9977898230919 41.6378433520977 -9999 -9999 -9999 -9999 -9999 -9999 -9999 -9999 -9999
-9999 -9999 -9999 -9999 -9999 -9999 -9999 -9999 3.34480226039886 2.95059594511986 1.96019768714905 1.98030897974968 1.8307004570961 1.91351473331451 1.85530427098274 1.84618458151817 1.98856428265572 2.24132207036018 2.12524348497391 2.03419804573059 1.91247671842575 1.65899330377579 1.53247046470642 1.579629778862 1.60950529575348 1.65322655439377 1.75044232606888 1.73307681083679 1.71636682748795 2.09246546030045 2.15991228818893 2.12935495376587 1.9865984916687 1.97277599573135 2.55360299348831 2.24507546424866 1.95853346586227 1.62525898218155 1.59793049097061 4.74820876121521 4.66392230987549 9.07235527038574 8.06530809402466 10.3426651954651 19.5248879466738 29.0682649612427 -9999 -9999 -9999 -9999 17.548882484436 20.5049035128425 42.5937255223592 30.0835483074188 50.0642738342285 19.0185977580935 -9999 -9999 -9999 -9999 -9999 -9999
-9999 -9999 -9999 -9999 -9999 -9999 -9999 -9999 -9999 -9999 2.42491346597672 1.88554054498672 1.99208173155785 1.82753732800484 1.731619566679 2.01129752397537 1.89067120850086 1.68829876184464 1.65910649299622 1.78471577167511 1.68775570392609 1.59539544582367 1.46199452877045 1.63030117750168 1.6464119553566 1.66504043340683 1.77293103933334 1.83521926403046 1.83361119031906 2.19584548473358 2.21105325222015 2.12543928623199 1.91798168420792 2.12332570552826 2.16373497247696 1.91718292236328 1.78232556581497 1.80889499187469 4.54409623146057 6.46797609329224 4.73467433452606 5.03198540210724 10.0481357574463 16.8051738739014 16.5052617423743 -9999 -9999 -9999 -9999 -9999 -9999 -9999 5.50086459517479 42.1592502593994 52.7128429412842 26.4490245819092 10.8786277770996 -9999 -9999 -9999 -9999 -9999
-9999 -9999 -9999 -9999 -9999 -9999 -9999 -9999 -9999 4.3704868555069 2.2148625254631 1.74414753913879 1.57871997356415 1.80725401639938 1.71139991283417 2.31904578208923 2.73499041795731 1.87088924646378 1.46701428294182 1.40982297062874 1.45467978715897 1.50030076503754 1.45686078071594 1.52274441719055 1.61130076646805 1.66724467277527 1.77452033758163 1.83525592088699 1.95147603750229 2.14946919679642 2.10799205303192 2.06217366456985 2.05906802415848 2.04203474521637 1.86864674091339 1.76930183172226 1.65837067365646 1.97627699375153 4.37236261367798 5.68377435207367 4.24960649013519 7.87158465385437 7.67693638801575 14.0101661682129 32.3429071770131 33.0447750091553 -9999 -9999 -9999 15.7878127098083 14.116081237793 13.195059299469 12.7382154464722 13.0044736862183 45.0955839157104 25.0920166969299 -9999 -9999 -9999 -9999 -9999 -9999
-9999 -9999 -9999 -9999 -9999 -9999 -9999 -9999 -9999 -9999 2.94224327802658 2.3999782204628 2.04981672763824 2.12965759634972 2.6002354323864 2.18987846374512 2.45106822252274 2.39522391557693 1.70843017101288 1.37481147050858 1.37292221188545 1.4322449862957 1.42178025841713 1.48502996563911 1.54614454507828 1.56894224882126 1.62661278247833 1.71002393960953 1.9575959444046 2.0130802989006 2.04683250188828 2.01167768239975 1.9578600525856 1.63673919439316 1.68790876865387 1.59434258937836 1.60929608345032 2.37094277143478 3.29803812503815 5.09619212150574 10.9819922447205 9.42383408546448 7.31758117675781 10.7462596893311 9.87030217311915 -9999 -9999 -9999 -9999 -9999 15.373140335083 14.365128993988 13.9538969993591 13.607072353363 19.1218328475952 -9999 -9999 -9999 -9999 -9999 -9999 -9999
-9999 -9999 -9999 -9999 -9999 -9999 -9999 -9999 -9999 3.67937564849854 3.35575532913208 2.55784910917282 2.41179710626602 2.83496135473251 3.24578592181206 3.02027034759521 2.99790143966675 2.59148544073105 1.7015535235405 1.37220901250839 1.33701753616333 1.2905265390873 1.30457854270935 1.39286774396896 1.41836696863174 1.40528628230095 1.39818745851517 1.45972421765327 1.88071954250336 2.07081073522568 2.09685981273651 1.97672027349472 1.84214401245117 1.73201769590378 1.77542477846146 1.73537707328796 1.50064051151276 2.47875595092773 3.47076988220215 5.36913084983826 6.42477178573608 7.60867309570312 7.52830481529236 5.94936725468312 3.86466658115387 -9999 -9999 -9999 -9999 -9999 18.6982355117798 15.42635679245 15.6779651641846 -9999 -9999 -9999 -9999 -9999 -9999 -9999 -9999 -9999
-9999 -9999 -9999 -9999 -9999 -9999 -9999 -9999 -9999 4.17543625831604 4.27281939983368 3.66811054944992 3.47206395864487 3.47890877723694 3.09403038024902 2.76550644636154 2.05108201503754 1.88318252563477 1.49066779017448 1.44418349862099 1.3802550137043 1.34870320558548 1.2751829624176 1.33435276150703 1.33805027604103 1.29189071059227 1.24956303834915 1.46681025624275 1.90974605083466 2.05741953849792 2.05256241559982 2.0322060585022 1.86621379852295 1.84229546785355 1.78144651651382 1.76717108488083 2.01074481010437 2.68399357795715 4.40928983688354 7.59560894966125 7.00642061233521 5.5257875919342 7.0537633895874 13.052972169177 3.86466693878174 -9999 -9999 -9999 -9999 12.1949715614319 -9999 -9999 -9999 -9999 -9999 -9999 -9999 -9999 -9999 -9999 -9999 -9999
-9999 -9999 -9999 -9999 -9999 -9999 -9999 -9999 -9999 4.47310048341751 4.08246302604675 3.67726653814316 3.08629882335663 3.10727941989899 2.85874575376511 2.33251941204071 1.65831595659256 1.81907558441162 1.87948054075241 1.58650428056717 1.3425832092762 1.32656022906303 1.32115271687508 1.34312474727631 1.35870525240898 1.32130274176598 1.22655746340752 1.46451151371002 1.64435702562332 1.76682525873184 1.87442475557327 1.88431870937347 1.75756126642227 1.64391231536865 1.64680051803589 2.04255527257919 2.80476969480515 3.42866384983063 4.57919919490814 9.64781856536865 7.48965167999268 6.75080108642578 7.96845317815805 -9999 -9999 -9999 -9999 -9999 -9999 -9999 -9999 -9999 -9999 -9999 -9999 -9999 -9999 -9999 -9999 -9999 -9999 -9999
-9999 -9999 -9999 -9999 -9999 -9999 -9999 -9999 -9999 3.92464327812195 3.73575460910797 3.839235663414 3.57438683509827 2.89820104837418 2.6955224275589 2.34802722930908 1.74102973937988 1.74267446994781 1.68475949764252 1.63446968793869 1.4516122341156 1.35078075528145 1.44366753101349 1.45591726899147 1.46344873309135 1.39973098039627 1.35029777884483 1.42715254426003 1.50796866416931 1.61369472742081 1.83449167013168 1.98848694562912 1.93353223800659 1.85289001464844 1.91778981685638 2.45515805482864 2.81597256660461 3.18901813030243 4.4124459028244 4.76263332366943 5.99385809898376 8.82466901220926 3.65649922784553 -9999 -9999 -9999 -9999 -9999 -9999 -9999 -9999 -9999 -9999 -9999 -9999 -9999 -9999 -9999 -9999 -9999 -9999 -9999
-9999 -9999 -9999 -9999 -9999 -9999 -9999 3.28386068344116 3.77388137578964 3.30356785655022 3.74655210971832 3.31916320323944 3.56457817554474 2.62756276130676 2.70033895969391 2.2025790810585 1.95109194517136 1.8779182434082 1.94069623947144 1.78937691450119 1.63828343153 1.43733528256416 1.46910971403122 1.46565002202988 1.42652928829193 1.51640331745148 1.54640775918961 1.51043772697449 1.70229291915894 1.98603522777557 2.4195374250412 2.33348393440247 2.22158843278885 2.28225374221802 2.55364197492599 2.93007302284241 3.19747638702393 3.41810917854309 3.80322539806366 3.74480617046356 6.24891550158991 5.69786846637726 3.25656187534332 -9999 -9999 -9999 -9999 -9999 -9999 -9999 -9999 -9999 -9999 -9999 -9999 -9999 -9999 -9999 -9999 -9999 -9999 -9999
-9999 -9999 -9999 -9999 -9999 -9999 4.19388735294342 4.60953223705292 4.35405278205872 3.75920689105988 3.69743406772614 3.48144221305847 3.64680218696594 2.70450603961945 2.5468043088913 2.26490253210068 1.96589541435242 1.84606575965881 1.77414071559906 1.75602006912231 1.57428377866745 1.47048676013947 1.46515274047852 1.40509128570557 1.56128400564194 1.89815855026245 1.88306933641434 2.12248492240906 2.44933050870895 2.71187317371368 2.78983193635941 2.79790645837784 2.90643829107285 2.91571283340454 2.99113726615906 3.30094563961029 3.47476816177368 3.47924172878265 3.58271777629852 -9999 -9999 -9999 -9999 -9999 -9999 -9999 -9999 -9999 -9999 -9999 -9999 -9999 -9999 -9999 -9999 -9999 -9999 -9999 -9999 -9999 -9999 -9999
-9999 -9999 -9999 -9999 3.82361763715744 3.9217066526413 3.49928414821625 3.40283203125 3.64437592029572 3.23244309425354 3.66640734672546 3.46576952934265 3.45741820335388 2.81808078289032 2.41832256317139 2.28372752666473 1.88291251659393 1.7045025229454 1.75566154718399 1.56409424543381 1.44005995988846 1.38571652770042 1.38462674617767 1.45652550458908 1.65812999010086 2.03054702281952 2.24645841121674 2.46120750904083 2.66407799720764 2.80900347232819 2.83618426322937 2.9571960568428 2.96323800086975 3.00646412372589 3.46667540073395 3.61461067199707 3.55880463123322 10.3604720254962 -9999 -9999 -9999 -9999 -9999 -9999 -9999 -9999 -9999 -9999 -9999 -9999 -9999 -9999 -9999 -9999 -9999 -9999 -9999 -9999 -9999 -9999 -9999 -9999
-9999 -9999 -9999 -9999 3.91216599941254 3.93958908319473 4.27596282958984 4.09961414337158 3.63148784637451 3.01566588878632 2.77770155668259 3.06896102428436 2.95197379589081 2.40229868888855 2.16648977994919 1.99570798873901 1.9034024477005 1.68109792470932 1.66990721225739 1.52577906847 1.52779358625412 1.45863747596741 1.52345395088196 1.60695666074753 1.83973717689514 2.19864070415497 2.28389775753021 2.45807844400406 2.67764031887054 2.82319271564484 2.92266529798508 3.05076885223389 2.97857022285461 2.97042381763458 4.05790185928345 5.41511464118958 5.45765841007233 -9999 -9999 -9999 -9999 -9999 -9999 -9999 -9999 -9999 -9999 -9999 -9999 -9999 -9999 -9999 -9999 -9999 -9999 -9999 -9999 -9999 -9999 -9999 -9999 -9999
-9999 5.05859925893432 4.12235927581787 4.85202505588531 3.71674618721008 3.3139756321907 3.36774104833603 3.33263728022575 3.04273724555969 2.85365241765976 2.91547054052353 2.99180620908737 2.42938792705536 1.73357766866684 1.71586954593658 1.83783370256424 1.62495750188828 1.65769582986832 1.61064898967743 1.59382420778275 1.67308580875397 1.77544051408768 1.75997257232666 1.88243097066879 2.00259983539581 2.34711080789566 2.3553494811058 2.43950700759888 2.6005716919899 2.85405224561691 2.86491233110428 3.08854866027832 3.44562220573425 3.89664816856384 4.11346209049225 -9999 -9999 -9999 -9999 -9999 -9999 -9999 -9999 -9999 -9999 -9999 -9999 -9999 -9999 -9999 -9999 -9999 -9999 -9999 -9999 -9999 -9999 -9999 -9999 -9999 -9999 -9999
3.67196217496344 4.00333270004817 3.94139070510864 3.47535216808319 2.72205823659897 3.65238296985626 4.4465399980545 5.27542197704315 3.77053892612457 3.04685533046722 2.71671831607819 2.57332956790924 1.34871152043343 1.1542244553566 1.54975354671478 1.60264205932617 1.72514408826828 1.59205430746078 1.65324372053146 1.84487468004227 1.91903847455978 2.02623456716537 2.19748717546463 2.35434293746948 2.3999782204628 2.5010399222374 2.46290481090546 2.56482374668121 2.68519949913025 2.738585293293 3.01467597484589 3.34965991973877 3.75675988197327 -9999 -9999 -9999 -9999 -9999 -9999 -9999 -9999 -9999 -9999 -9999 -9999 -9999 -9999 -9999 -9999 -9999 -9999 -9999 -9999 -9999 -9999 -9999 -9999 -9999 -9999 -9999 -9999 -9999
4.31383229792118 4.90265357494354 3.84115236997604 4.58701264858246 3.52536392211914 3.58138954639435 4.30316698551178 4.12435340881348 3.20924341678619 2.65250623226166 2.40444821119308 2.34796196222305 1.38168221712112 1.03709247708321 1.60963493585587 1.94561094045639 1.72675877809525 1.83847349882126 1.87029522657394 1.9778219461441 2.18485343456268 2.2807320356369 2.34029477834702 2.3885902762413 2.54779869318008 2.5674757361412 2.64141529798508 2.69801330566406 2.72003549337387 2.69202518463135 2.99339693784714 3.37252056598663 3.7000994682312 6.99292090064601 12.5117685061235 3.48978137969971 -9999 -9999 -9999 -9999 -9999 -9999 -9999 -9999 -9999 -9999 -9999 -9999 -9999 -9999 -9999 -9999 -9999 -9999 -9999 -9999 -9999 -9999 -9999 -9999 -9999 -9999
3.98769342899323 3.82163840532303 4.65079343318939 4.3494758605957 4.18921422958374 3.95036923885345 3.51524984836578 2.58960968255997 2.49742877483368 2.39547908306122 2.15185046195984 1.47884327173233 1.12313175201416 1.3787550330162 1.84719300270081 1.81026077270508 1.88262373209 2.07244491577148 2.32993358373642 2.37503242492676 2.32520627975464 2.33132994174957 2.37862354516983 2.6914050579071 2.52414071559906 2.56498575210571 2.5969455242157 2.62742257118225 3.03692042827606 2.97720068693161 3.79051744020902 -9999 -9999 -9999 -9999 -9999 -9999 -9999 -9999 -9999 -9999 -9999 -9999 -9999 -9999 -9999 -9999 -9999 -9999 -9999 -9999 -9999 -9999 -9999 -9999 -9999 -9999 -9999 -9999 -9999 -9999 -9999
3.69187778234482 5.83661985397339 5.11215233802795 4.31521797180176 4.7704621553421 4.20881474018097 3.3541374206543 2.66991519927979 2.70756375789642 2.54568672180176 2.42651098966599 1.17940950393677 0.966042727231979 1.42124623060226 1.88841891288757 2.27959048748016 2.00705480575562 1.9919114112854 2.30376523733139 2.48284417390823 2.47641831636429 2.47494006156921 2.46830624341965 2.50719970464706 2.70387232303619 2.77881306409836 2.87919527292252 3.22343838214874 3.22828888893127 3.17028379440308 3.14872562885284 3.81303083896637 -9999 -9999 -9999 -9999 -9999 -9999 13.3135442733765 12.6942715644836 -9999 -9999 -9999 -9999 -9999 -9999 -9999 -9999 -9999 -9999 -9999 -9999 -9999 -9999 -9999 -9999 -9999 -9999 -9999 -9999 -9999 -9999
4.00271832942963 5.8599328994751 5.03931605815887 4.86426758766174 4.42278385162354 4.15577459335327 3.90739417076111 3.78503179550171 3.43705344200134 2.52963602542877 2.4635249376297 1.34081402420998 0.948025524616241 1.40479946136475 2.09594321250916 1.62259358167648 1.91796898841858 2.08121931552887 2.19499576091766 2.46811866760254 2.49996829032898 2.54299575090408 2.61256581544876 2.74466693401337 2.78972017765045 2.86796844005585 2.8552034497261 2.9057520031929 2.92397099733353 3.11004602909088 4.90717442412125 3.42093944549561 -9999 -9999 -9999 -9999 -9999 -9999 -9999 -9999 -9999 -9999 -9999 -9999 -9999 -9999 -9999 -9999 -9999 -9999 -9999 -9999 -9999 -9999 -9999 -9999 -9999 -9999 -9999 -9999 -9999 -9999
-9999 -9999 -9999 -9999 -9999 3.3994187555815 3.92522370815277 3.40855050086975 2.69792318344116 2.1556071639061 1.94410192966461 1.1335312128067 1.12695971131325 1.75565403699875 2.18363857269287 1.83206176757812 2.13794553279877 2.32711958885193 2.40701776742935 2.48666703701019 2.55515545606613 2.65326905250549 2.73408079147339 2.8868408203125 3.34457409381866 2.79139047861099 -9999 -9999 -9999 -9999 -9999 -9999 -9999 -9999 -9999 -9999 -9999 -9999 -9999 -9999 -9999 -9999 -9999 -9999 -9999 -9999 -9999 -9999 -9999 -9999 -9999 -9999 -9999 -9999 -9999 -9999 -9999 -9999 -9999 -9999 -9999 -9999
-9999 -9999 -9999 -9999 -9999 -9999 2.85597413778305 1.74673354625702 1.31664678454399 1.24752679467201 1.44012603163719 1.51794308423996 1.64536428451538 2.13541728258133 2.20935595035553 2.47761672735214 2.47828871011734 2.49524617195129 2.59950757026672 2.69072020053864 2.60242420434952 2.63872200250626 2.73085570335388 2.72710025310516 -9999 -9999 -9999 -9999 -9999 -9999 -9999 -9999 -9999 -9999 -9999 -9999 -9999 -9999 -9999 -9999 -9999 -9999 -9999 -9999 -9999 -9999 -9999 -9999 -9999 -9999 -9999 -9999 -9999 -9999 -9999 -9999 -9999 -9999 -9999 -9999 -9999 -9999
