EcologicalScience/Bass/data/rs_data_bass/chl_69.asc
NCOLS 226 
NROWS 124 
XLLCORNER -9.41648524995501 
YLLCORNER 47.587301625531 
CELLSIZE 0.0833 
NODATA_value -9999 
[rows 0 to 26 of 124, columns 62 to 123 of 226]
-9999 -9999 -9999 -9999 -9999 -9999 -9999 -9999 -9999 -9999 -9999 -9999 -9999 -9999 -9999 -9999 -9999 -9999 -9999 -9999 -9999 -9999 -9999 -9999 -9999 -9999 -9999 -9999 -9999 -9999 -9999 -9999 -9999 -9999 -9999 -9999 -9999 -9999 -9999 -9999 -9999 -9999 -9999 -9999 -9999 -9999 -9999 -9999 -9999 -9999 -9999 -9999 -9999 -9999 -9999 -9999 -9999 -9999 -9999 -9999 -9999 -9999
-9999 -9999 -9999 -9999 -9999 -9999 -9999 -9999 -9999 -9999 -9999 -9999 -9999 -9999 -9999 -9999 -9999 -9999 -9999 -9999 -9999 -9999 -9999 -9999 -9999 -9999 -9999 -9999 -9999 -9999 -9999 -9999 -9999 -9999 -9999 -9999 -9999 -9999 -9999 -9999 -9999 -9999 -9999 -9999 -9999 -9999 -9999 -9999 -9999 -9999 -9999 -9999 -9999 -9999 -9999 -9999 -9999 -9999 -9999 -9999 -9999 -9999
-9999 -9999 -9999 -9999 -9999 -9999 -9999 -9999 -9999 -9999 -9999 -9999 -9999 -9999 -9999 -9999 -9999 -9999 -9999 -9999 -9999 -9999 -9999 -9999 -9999 -9999 -9999 -9999 -9999 -9999 -9999 -9999 -9999 -9999 -9999 -9999 -9999 -9999 -9999 -9999 -9999 -9999 -9999 -9999 -9999 -9999 -9999 -9999 -9999 -9999 -9999 -9999 -9999 -9999 -9999 -9999 -9999 -9999 -9999 -9999 -9999 -9999
-9999 -9999 -9999 -9999 -9999 -9999 -9999 -9999 -9999 -9999 -9999 -9999 -9999 -9999 -9999 -9999 -9999 -9999 -9999 -9999 -9999 -9999 -9999 -9999 -9999 -9999 -9999 -9999 -9999 -9999 -9999 -9999 -9999 -9999 -9999 -9999 -9999 -9999 -9999 -9999 -9999 -9999 -9999 -9999 -9999 -9999 -9999 -9999 -9999 -9999 -9999 -9999 -9999 -9999 -9999 -9999 -9999 -9999 -9999 -9999 -9999 -9999
-9999 -9999 -9999 -9999 -9999 -9999 -9999 -9999 -9999 -9999 -9999 -9999 -9999 -9999 -9999 -9999 -9999 -9999 -9999 -9999 -9999 -9999 -9999 -9999 -9999 -9999 -9999 -9999 -9999 -9999 -9999 -9999 -9999 -9999 -9999 -9999 -9999 -9999 -9999 -9999 -9999 -9999 -9999 -9999 -9999 -9999 -9999 -9999 -9999 -9999 -9999 -9999 -9999 -9999 -9999 -9999 -9999 -9999 -9999 -9999 -9999 -9999
-9999 -9999 -9999 -9999 -9999 -9999 -9999 -9999 -9999 -9999 -9999 -9999 -9999 -9999 -9999 -9999 -9999 -9999 -9999 -9999 -9999 -9999 -9999 -9999 -9999 -9999 -9999 -9999 0.63735419511795 0.637354150414467 0.732433944940567 0.817516922950745 0.86377340555191 0.981770932674408 0.807574063539505 0.7430719435215 0.807708889245987 0.809271901845932 0.820354521274567 0.811755985021591 0.753539890050888 0.745376139879227 0.675712108612061 0.658364877104759 0.61941160261631 0.695575073361397 0.705960899591446 0.714843079447746 0.720273613929749 0.523360401391983 0.493402227759361 0.420553520321846 0.429822474718094 0.567985743284225 0.567985743284225 0.494998119771481 0.521273016929626 0.521273016929626 0.508036941289902 0.505630552768707 0.489773645997047 0.486210197210312
-9999 -9999 -9999 -9999 -9999 -9999 -9999 -9999 -9999 -9999 -9999 -9999 -9999 -9999 -9999 -9999 -9999 -9999 -9999 -9999 -9999 -9999 -9999 -9999 -9999 -9999 1.18186515569687 1.0627324283123 1.06269085407257 0.969362854957581 0.661491125822067 1.0075356066227 1.10453197360039 0.993600815534592 0.915883541107178 0.867602616548538 0.8570476770401 0.957199305295944 0.966442465782166 0.954401582479477 0.95214119553566 0.890072643756866 0.890035092830658 0.658364877104759 0.764412224292755 0.764417409896851 0.810527712106705 0.829101830720901 0.829060614109039 0.523360356688499 0.550370246171951 0.552125081419945 0.645658046007156 0.645644322037697 0.455154865980148 0.447008326649666 0.406287297606468 0.510981291532516 0.510994747281075 0.389795556664467 0.373825415968895 0.275553189218044
-9999 -9999 -9999 -9999 -9999 -9999 -9999 -9999 -9999 -9999 -9999 -9999 -9999 -9999 -9999 -9999 -9999 -9999 -9999 -9999 -9999 -9999 -9999 -9999 -9999 -9999 1.18186515569687 1.18186515569687 1.14076620340347 1.02992203831673 0.988165229558945 0.922961443662643 0.963791996240616 0.997019380331039 0.959765553474426 0.942545413970947 0.99790558218956 1.01131877303123 0.938151955604553 0.947119385004044 1.11333131790161 1.11333131790161 0.678840201348066 0.657464638352394 0.666111566126347 0.829533040523529 0.829533040523529 0.829533040523529 0.565180510282516 0.551575876772404 0.502615571022034 0.502615615725517 0.492517232894897 0.438082337379456 0.44051867723465 0.447008281946182 0.399562194943428 0.369651764631271 0.330168016254902 0.306918986141682 0.266577243804932 0.256973147392273
-9999 -9999 -9999 -9999 -9999 -9999 -9999 -9999 -9999 -9999 -9999 -9999 -9999 -9999 -9999 -9999 -9999 -9999 -9999 -9999 -9999 -9999 -9999 -9999 -9999 -9999 1.03970924019814 1.67980635166168 1.60922008752823 1.08473673462868 1.05123522877693 0.96172696352005 0.97569751739502 0.991643518209457 0.904299259185791 0.865004360675812 1.0280989408493 1.09607246518135 1.09376826882362 1.09113943576813 1.06216934323311 1.05223408341408 0.992966651916504 0.936455011367798 0.810425341129303 0.699360921978951 0.604162752628326 0.605324104428291 0.605562999844551 0.555305287241936 0.528821468353271 0.493433207273483 0.486547440290451 0.469814345240593 0.449310958385468 0.406183764338493 0.40007458627224 0.392799496650696 0.398648947477341 0.402876421809196 0.340494364500046 0.317697197198868
-9999 -9999 -9999 -9999 -9999 -9999 -9999 -9999 -9999 -9999 -9999 -9999 -9999 -9999 -9999 -9999 -9999 -9999 -9999 -9999 -9999 -9999 -9999 -9999 -9999 1.19121462106705 1.80757641792297 1.78498148918152 1.25247234106064 1.22159332036972 0.949714243412018 0.972383558750153 1.00416228175163 0.99956864118576 0.994278341531754 0.981771200895309 0.976385056972504 1.07335066795349 1.09883594512939 1.06808915734291 1.05814898014069 0.985197454690933 0.952500879764557 0.805964291095734 0.782040685415268 0.751861989498138 0.697494640946388 0.682389602065086 0.596505627036095 0.568179130554199 0.620557889342308 0.622446343302727 0.531873017549515 0.503233999013901 0.474483758211136 0.453031003475189 0.428809940814972 0.42040604352951 0.410069704055786 0.296725921332836 0.246962741017342 0.202262163162231
-9999 -9999 -9999 -9999 -9999 -9999 -9999 -9999 -9999 -9999 -9999 -9999 -9999 -9999 -9999 -9999 -9999 -9999 -9999 -9999 -9999 -9999 -9999 -9999 -9999 1.19121462106705 1.19121462106705 1.32126420736313 1.31651929020882 1.18109661340714 1.16941452026367 1.09660801291466 1.13150659203529 1.17361682653427 1.15013310313225 1.12425443530083 1.02970165014267 0.998443365097046 1.01502925157547 1.02010694146156 1.10693272948265 1.08554139733315 0.984171509742737 0.935098886489868 0.794385552406311 0.795634299516678 0.796581745147705 0.75100913643837 0.735593006014824 0.70005601644516 0.691925525665283 0.634051993489265 0.628312915563583 0.499494329094887 0.430032044649124 0.404568582773209 0.365086957812309 0.342902652919292 0.275146052241325 0.222230918705463 0.188489936292171 0.181588657200336
-9999 -9999 -9999 -9999 -9999 -9999 -9999 -9999 -9999 -9999 -9999 -9999 -9999 -9999 -9999 -9999 -9999 -9999 -9999 -9999 -9999 -9999 -9999 -9999 1.31647038459778 1.31647038459778 1.18489471077919 1.17237058281898 1.21505185961723 1.21484336256981 1.17740446329117 1.18253016471863 1.19923612475395 1.17323541641235 1.14632713794708 1.10251575708389 1.04934597015381 0.930850178003311 0.901694297790527 0.899837493896484 0.923825651407242 1.0975883603096 1.08901691436768 1.06232151389122 0.988018780946732 0.824083060026169 0.861968457698822 0.875072479248047 0.832213193178177 0.815016567707062 0.730833515524864 0.711573779582977 0.716851428151131 0.580098733305931 0.433810830116272 0.368058286607265 0.343067452311516 0.263570532202721 0.21649707108736 0.184556253254414 0.171945344656706 0.173046816140413
-9999 -9999 -9999 -9999 -9999 -9999 -9999 -9999 -9999 -9999 -9999 -9999 -9999 -9999 -9999 -9999 -9999 -9999 -9999 -9999 -9999 -9999 -9999 1.50594073534012 1.20930379629135 1.20927965641022 1.19645887613297 1.19455146789551 1.20307043194771 1.20272067189217 1.16737541556358 1.19733327627182 1.31170785427094 1.21459311246872 1.08286160230637 1.0506956577301 0.997560381889343 1.01606208086014 1.02430611848831 0.956240057945251 0.9412821829319 0.891800343990326 0.89843362569809 0.913476437330246 0.886705309152603 0.850316315889359 0.822957783937454 0.808330088853836 0.788739055395126 0.78278061747551 0.818818151950836 0.823639154434204 0.791118979454041 0.791138380765915 0.791185677051544 0.692945033311844 0.607424631714821 0.360672511160374 0.290678925812244 0.220278069376945 0.204969562590122 0.195390589535236
-9999 -9999 -9999 -9999 -9999 -9999 -9999 -9999 -9999 -9999 -9999 -9999 -9999 -9999 -9999 -9999 -9999 -9999 -9999 -9999 -9999 -9999 4.95718574523926 1.50594055652618 1.50594073534012 1.30594968795776 1.19575774669647 1.17546540498734 1.17115151882172 1.23837921023369 1.24220278859138 1.22351843118668 1.22234612703323 1.2191213965416 1.17994254827499 1.11823403835297 1.1502873301506 1.18493673205376 1.3569013774395 1.40805950760841 1.29121586680412 1.22685822844505 0.987896829843521 0.998754322528839 1.02238681912422 0.944545805454254 0.85975769162178 0.801738917827606 0.766890496015549 0.789120644330978 0.792577475309372 0.716277569532394 0.721841052174568 0.768516451120377 0.809360325336456 0.9045769572258 0.730155676603317 0.438795268535614 0.369454979896545 0.361753843724728 0.298720233142376 0.287191271781921
-9999 -9999 -9999 -9999 -9999 -9999 -9999 -9999 -9999 -9999 -9999 -9999 -9999 -9999 -9999 -9999 -9999 -9999 -9999 -9999 2.64602583646774 2.64602601528168 2.08026230335236 1.69846701622009 1.70699286460876 1.72892689704895 1.55295789241791 1.51077926158905 1.30311092734337 1.24445030093193 1.32600179314613 1.30363413691521 1.17631021142006 1.18392500281334 1.19973975419998 1.21908062696457 1.25049698352814 1.31738662719727 1.35007989406586 1.42282310128212 1.4413346350193 1.48156473040581 1.45092165470123 1.35025602579117 1.25559586286545 1.09452483057976 0.942637860774994 0.825816661119461 0.787137866020203 0.773737370967865 0.753367245197296 0.756866991519928 0.808331876993179 0.836492568254471 0.936940580606461 0.965681970119476 1.02160969376564 0.979740589857101 0.920955061912537 0.347066067159176 0.315210431814194 0.221771568059921
-9999 -9999 -9999 -9999 -9999 -9999 -9999 -9999 -9999 -9999 -9999 -9999 -9999 -9999 -9999 -9999 -9999 -9999 -9999 -9999 2.06825387477875 2.13221615552902 1.96359640359879 1.49579045176506 1.56734329462051 1.72505253553391 1.90488463640213 2.10722672939301 1.62311750650406 1.54641222953796 1.39286488294601 1.3480880856514 1.10945427417755 1.12763276696205 1.17146193981171 1.19603124260902 1.23366782069206 1.27830210328102 1.30821990966797 1.20521262288094 1.17821180820465 1.42281648516655 1.42565274238586 1.43094983696938 1.35925474762917 1.2210308611393 1.05746188759804 0.94824492931366 0.882533222436905 0.85633385181427 0.978375434875488 0.988412261009216 1.00075194239616 0.993338048458099 0.966978371143341 0.96434560418129 0.956174165010452 0.622276693582535 0.450457692146301 0.381107300519943 0.375369697809219 0.296036414802074
-9999 -9999 -9999 -9999 -9999 -9999 -9999 -9999 -9999 -9999 -9999 -9999 -9999 -9999 -9999 -9999 -9999 -9999 -9999 11.5438646589007 2.05163365602493 2.04427689313889 1.82714223861694 1.91756719350815 2.21264201402664 2.40579468011856 2.67481166124344 2.33578938245773 2.10789853334427 1.66941154003143 1.56376683712006 1.51852244138718 1.48744431138039 1.29999643564224 1.24144971370697 1.10155767202377 1.05221888422966 0.989023447036743 0.959076672792435 0.945650786161423 1.04083183407784 1.06695619225502 1.21864315867424 1.19299247860909 1.1111689209938 1.07741904258728 1.04472613334656 1.04244455695152 1.04121422767639 0.984108120203018 0.971591860055923 0.960673213005066 0.930943965911865 0.79029580950737 0.716284096240997 0.513743788003922 0.352180279791355 0.259442366659641 0.254041582345963 0.252166584134102 0.290653958916664 0.284832514822483
-9999 -9999 -9999 -9999 -9999 -9999 -9999 -9999 -9999 -9999 -9999 -9999 -9999 -9999 -9999 -9999 -9999 -9999 6.00538909435272 2.23217082023621 2.23217099905014 1.82593756914139 1.88471442461014 3.04075026512146 2.86945527791977 1.95528227090836 2.21972948312759 2.44913738965988 1.9558664560318 1.73156744241714 1.59584909677505 1.56683170795441 1.4167023897171 1.37602347135544 1.17429229617119 1.06951752305031 0.861452043056488 0.850513637065887 0.840064018964767 0.91078993678093 0.942922800779343 1.23315265774727 1.26225328445435 1.31312111020088 1.22596684098244 1.059610247612 1.15404295921326 1.20545241236687 1.05492067337036 0.982545554637909 0.814251691102982 0.768824458122253 0.46442511677742 0.41026483476162 0.277785256505013 0.250955566763878 0.222393393516541 0.213459089398384 0.208268903195858 0.239229887723923 0.243536174297333 0.224705144762993
-9999 -9999 -9999 -9999 -9999 -9999 -9999 -9999 -9999 -9999 -9999 -9999 -9999 -9999 -9999 -9999 -9999 5.12628052827251 4.18055069446564 4.18069624900818 5.40124547481537 5.57539737224579 2.71253764629364 2.5062689781189 1.9963721036911 1.86952239274979 1.33976367115974 1.77753764390945 2.10449659824371 1.81378412246704 1.67681533098221 1.29312640428543 1.23192340135574 1.23431012034416 1.23516494035721 1.23818108439445 1.14350983500481 0.915498197078705 0.894240528345108 0.88325822353363 0.846034169197083 0.844446659088135 1.41772118210793 1.21666556596756 0.909605115652084 0.811213910579681 0.756782233715057 0.863402456045151 0.92857825756073 0.736052379012108 0.686199367046356 0.352028131484985 0.32592348754406 0.224642023444176 0.209622949361801 0.186507113277912 0.170486681163311 0.158708520233631 0.146582286804914 0.142698738723993 0.171327296644449 0.172225635498762
-9999 -9999 -9999 -9999 -9999 -9999 -9999 -9999 -9999 -9999 -9999 -9999 -9999 -9999 -9999 -9999 -9999 -9999 -9999 8.89926838874817 8.89926910400391 4.76084911823273 3.659672498703 2.08712482452393 1.95759773254395 1.47408905625343 1.65139424800873 1.94509327411652 1.81204676628113 1.61719805002213 1.65276306867599 1.66800534725189 1.26005333662033 1.23486068844795 1.21772682666779 1.15067678689957 0.920042037963867 0.884486228227615 0.851021647453308 0.743358179926872 0.703109219670296 0.635619476437569 0.643563777208328 0.804439008235931 0.788219511508942 0.7661372423172 0.671890631318092 0.625539779663086 0.553129613399506 0.52468129992485 0.308211028575897 0.272777415812016 0.198541536927223 0.199616566300392 0.20208216458559 0.194048702716827 0.185910645872355 0.139308761805296 0.118352752178907 0.110438447445631 0.112376902252436 0.140668038278818
-9999 -9999 -9999 -9999 -9999 -9999 -9999 -9999 -9999 -9999 -9999 -9999 -9999 -9999 -9999 4.84229779243469 13.8141589164734 14.0071077346802 14.0071077346802 7.92584753036499 5.38208913803101 3.48816168308258 2.6755011677742 2.60412758588791 2.51093977689743 1.29979401826859 1.31999918818474 1.36009311676025 1.39990907907486 1.45440611243248 1.51836150884628 1.67473787069321 1.43044245243073 1.38970863819122 1.26976418495178 1.1890741288662 0.935188829898834 0.882246136665344 0.816295713186264 0.622097298502922 0.504510685801506 0.518804669380188 0.520344167947769 0.424044370651245 0.434425860643387 0.433533009141684 0.261494904756546 0.261494904756546 0.276924557983875 0.280966132879257 0.237641237676144 0.231756582856178 0.22164798527956 0.222022041678429 0.222807571291924 0.227830030024052 0.232831075787544 0.170251663774252 0.144957091659307 0.0975020974874496 0.0931457206606865 0.0988757461309433
-9999 -9999 -9999 -9999 -9999 -9999 -9999 -9999 -9999 -9999 35.2986888885498 35.2986888885498 13.7248649597168 6.71500039100647 6.71490740776062 6.87419557571411 7.26378178596497 9.98760366439819 8.77994585037231 6.06980609893799 4.24946844577789 2.80870968103409 3.34058010578156 3.60054981708527 1.23293155431747 1.04806011915207 0.971219033002853 1.0361915230751 1.25111702084541 1.32508492469788 1.3763293325901 1.3148404955864 1.24555519223213 0.809139132499695 0.824052214622498 0.906029731035233 0.856333315372467 0.742308095097542 0.677927792072296 0.625589936971664 0.435751050710678 0.325271733105183 0.31333938986063 0.312683209776878 0.345016300678253 0.345016323029995 0.276433557271957 0.211098745465279 0.211103215813637 0.235217012465 0.238588236272335 0.239738121628761 0.253755234181881 0.294878326356411 0.293228454887867 0.290870413184166 0.288579292595387 0.287124462425709 0.20099850744009 0.180798321962357 0.104505065828562 0.105035685002804
-9999 -9999 -9999 -9999 -9999 -9999 -9999 -9999 -9999 -9999 35.2986888885498 35.2986888885498 13.7248663902283 8.96630144119263 8.57274127006531 8.42667317390442 17.0677514076233 19.1033520698547 9.46358019880729 3.37884128093719 3.37884092330933 3.40609216690063 3.41670477390289 2.85635340213776 2.6045880317688 0.894829362630844 0.805635273456573 0.621850490570068 0.602685794234276 0.550564303994179 0.973866552114487 1.17693158984184 0.978594839572906 0.881557613611221 0.885791301727295 0.860631197690964 0.731066554784775 0.653391659259796 0.573649004101753 0.582551389932632 0.588459804654121 0.384107664227486 0.296111695468426 0.532001629471779 0.345016300678253 0.345016323029995 0.345016323029995 0.323334373533726 0.299487479031086 0.299487479031086 0.314303934574127 0.314994022250175 0.311516180634499 0.316971816122532 0.327288575470448 0.337591297924519 0.347247429192066 0.343090742826462 0.341630659997463 0.302611671388149 0.291661933064461 0.228454627096653
-9999 -9999 -9999 -9999 -9999 -9999 -9999 -9999 -9999 -9999 -9999 -9999 -9999 16.6274771690369 16.6274771690369 16.6274771690369 -9999 -9999 -9999 -9999 -9999 -9999 4.94490551948547 4.94490551948547 4.94490551948547 0.308659628033638 0.308659628033638 0.33929979801178 0.396482884883881 0.367745518684387 0.33293529599905 0.347098521888256 0.359549358487129 0.871688336133957 0.914527237415314 0.902395159006119 0.783654659986496 0.527058809995651 0.562727674841881 0.606725424528122 0.678358465433121 0.735334128141403 0.535586848855019 0.527305617928505 0.416026879101992 0.423854649066925 0.423854649066925 0.376939237117767 0.284515902400017 0.284535840153694 0.284536801278591 0.28398185223341 0.290589652955532 0.311363495886326 0.30403945595026 0.295336626470089 0.299693673849106 0.302387036383152 0.261724703013897 0.251794718205929 0.212385311722755 0.209986455738544
-9999 -9999 -9999 -9999 -9999 -9999 -9999 -9999 -9999 -9999 -9999 -9999 -9999 16.6274771690369 16.6274771690369 16.6274771690369 -9999 -9999 -9999 -9999 -9999 -9999 4.94490551948547 4.94490551948547 4.94490551948547 0.308659605681896 0.304683700203896 0.79056903719902 1.15339180827141 1.2751584649086 1.46878471970558 1.21645358204842 1.0194226205349 0.904951840639114 0.847186803817749 0.727123528718948 0.685594663023949 0.619478836655617 0.681948021054268 0.748117223381996 0.790163576602936 0.821181893348694 0.682221114635468 0.679380610585213 0.71154548227787 0.651715815067291 0.522712960839272 0.399896040558815 0.299093283712864 0.340446442365646 0.352123819291592 0.285286523401737 0.288386508822441 0.298283413052559 0.301419071853161 0.304884821176529 0.303632318973541 0.30294406414032 0.279143683612347 0.272180646657944 0.243361607193947 0.235802091658115
-9999 -9999 -9999 -9999 -9999 -9999 -9999 -9999 -9999 -9999 -9999 -9999 -9999 -9999 -9999 -9999 -9999 -9999 -9999 -9999 -9999 -9999 -9999 -9999 -9999 -9999 6.36696193498724 21.7660245895386 2.97439330816269 2.97439330816269 2.31271809339523 1.89917099475861 1.80122298002243 1.72452163696289 1.72452163696289 0.949751347303391 0.949751347303391 0.920084595680237 0.681391552090645 0.681391507387161 0.498412504792213 0.622463822364807 0.623059809207916 0.881809651851654 0.863675504922867 0.73859640955925 0.638695165514946 0.500109270215034 0.500109270215034 0.385252498090267 0.411160737276077 0.406546890735626 0.389294028282166 0.374547980725765 0.343621619045734 0.336499325931072 0.332201890647411 0.307658426463604 0.300172358751297 0.251774579286575 0.243116855621338 0.21307323127985
-9999 -9999 -9999 -9999 -9999 -9999 -9999 -9999 -9999 -9999 -9999 -9999 -9999 -9999 -9999 -9999 -9999 -9999 -9999 -9999 -9999 -9999 -9999 -9999 -9999 -9999 -9999 2.80308383703232 23.8608547874859 2.81445479393005 2.81445515155792 2.65042233467102 2.49200749397278 2.49200749397278 0.574495486915112 0.991983532905579 1.00378632545471 1.03741121292114 0.730032876133919 0.434757649898529 0.486655980348587 0.526528537273407 0.758151054382324 0.759277403354645 0.672016784548759 0.706867754459381 1.01425489783287 1.0142548084259 0.403596360236406 0.404273997992277 0.349900625646114 0.349900647997856 0.334322266280651 0.3151575922966 0.312983259558678 0.31082271784544 0.312554307281971 0.313314869999886 0.268741630017757 0.25908487290144 0.216678723692894 0.207914538681507
