EcologicalScience/Bass/data/rs_data_bass/chl_442.asc
NCOLS 226 
NROWS 124 
XLLCORNER -9.41648524995501 
YLLCORNER 47.587301625531 
CELLSIZE 0.0833 
NODATA_value -9999 
[rows 54 to 80 of 124, columns 122 to 182 of 226]
1.54261015355587 1.61914944648743 1.76782393455505 1.87728595733643 1.37834778428078 1.43530797958374 1.25126695632935 1.19426625967026 1.38834527134895 1.10537776350975 1.36036124825478 1.5562589764595 1.8908309340477 1.79148370027542 1.74744898080826 1.88938879966736 1.73899501562119 1.87287229299545 1.5472109913826 1.48161900043488 1.57723045349121 1.67559081315994 1.90958780050278 1.91269648075104 1.58146047592163 1.46647426486015 1.37562972307205 1.38363978266716 1.36148026585579 1.79465246200562 2.31290245056152 2.70579600334167 3.49035894870758 3.96281111240387 3.6737385392189 5.05672216415405 3.72733497619629 2.0028623342514 1.64046674966812 1.63404303789139 1.87391245365143 1.96018195152283 1.81925851106644 1.91139078140259 2.03996407985687 2.07767397165298 2.28885599970818 2.54536798596382 2.83758267760277 3.56548511981964 3.33930587768555 5.69550383090973 4.44965896010399 4.62546873092651 5.77186989784241 6.26739764213562 5.9644877910614 10.0166988372803 10.4594402313232 10.8026615381241 9.6851544380188
1.85103034973145 2.13849905133247 2.05171045660973 1.97183927893639 1.62428288161755 1.19223296642303 1.45334547758102 1.4446485042572 1.31211000680923 1.26817202568054 1.12525275349617 1.05487498641014 1.3328392803669 1.66374224424362 1.71616727113724 1.55838453769684 1.65500092506409 1.54927271604538 1.52702468633652 1.27962899208069 1.20758101344109 1.26350927352905 1.4114662706852 1.53342533111572 1.39661622047424 1.46494951844215 1.48724475502968 1.9266060590744 2.09310454130173 2.54410046339035 2.57623869180679 3.19608521461487 3.80670690536499 3.96374702453613 4.37865686416626 2.85075670480728 2.05466848611832 1.34083423018456 1.39403772354126 1.358726978302 1.57751029729843 1.95113253593445 2.849276304245 6.46150302886963 2.54878467321396 2.66535007953644 2.70060941576958 2.76466763019562 3.17819291353226 3.63023507595062 4.23497432470322 5.7819117307663 5.95304560661316 6.25130295753479 7.68090200424194 7.86918091773987 8.17778468132019 10.7136184985821 10.5720698833466 -9999 -9999
2.19850274920464 3.44108247756958 2.50377407670021 2.39597547054291 1.93076473474503 1.76640683412552 1.62914621829987 1.64454978704453 1.38278397917747 1.3239374756813 1.15074598789215 1.1309309899807 1.19062346220016 1.19578501582146 1.32572847604752 1.43692427873611 1.58505445718765 1.36989676952362 1.35728099942207 1.29943871498108 1.12559401988983 1.16073453426361 1.28833571076393 1.54754322767258 1.67227202653885 1.85604822635651 2.28860700130463 2.19646042585373 2.45098203420639 2.28436124324799 2.65713822841644 2.80643391609192 2.93277078866959 3.83615863323212 2.9172660112381 2.45200878381729 1.57275152206421 1.31686198711395 1.32355570793152 1.41511496901512 1.56215393543243 1.90911895036697 4.08987665176392 3.51358723640442 2.84995132684708 3.61149001121521 3.8271256685257 4.44205570220947 5.83429884910583 2.93753863424063 5.47739759087563 6.56151902675629 6.1228432059288 7.0670844912529 12.7695050239563 7.84401300549507 -9999 -9999 -9999 -9999 -9999
2.60162588953972 3.02969652414322 2.81874480843544 1.64267706871033 2.02494817972183 2.40862798690796 2.5212060213089 2.0827739238739 1.05083325505257 1.30116748809814 1.2867277264595 1.41332396864891 1.3277790248394 1.38027450442314 1.19430300593376 1.23531147837639 1.21051651239395 1.48051500320435 1.36739096045494 1.4672092795372 1.50667119026184 1.55551868677139 1.45547926425934 1.5479137301445 1.76832157373428 1.84045350551605 1.81859993934631 1.86402225494385 1.98284858465195 2.17209005355835 2.38611441850662 2.64689326286316 2.50839972496033 1.80338367819786 1.61435142159462 1.51996202766895 1.48679848015308 1.39599823951721 1.32446023821831 1.53220117092133 1.68195533752441 1.85729241371155 1.38283950090408 1.55643904209137 2.52378755807877 2.89469772577286 4.88435161113739 6.28196740150452 5.96528005599976 20.1188118317548 10.199579000473 10.7749722003937 8.82114887237549 8.74095797538757 13.6155474185944 15.9801353931427 -9999 -9999 -9999 -9999 -9999
2.11939269304276 2.06972998380661 2.2927560210228 2.48275566101074 2.647944688797 2.54651695489883 2.59224978089333 2.43519115447998 2.03934448957443 1.24634250998497 0.908733755350113 1.40603551268578 1.71871644258499 1.56745129823685 1.0891597867012 1.03210428357124 1.25924697518349 1.14827701449394 1.73917508125305 1.81616252660751 1.81211400032043 1.8049042224884 1.84037178754807 1.59231752157211 1.49635049700737 1.67961966991425 1.64002346992493 1.68878030776978 1.86413633823395 1.78723722696304 1.81773233413696 1.85122346878052 1.93986743688583 1.52087473869324 1.42506676912308 1.68140172958374 1.48846650123596 1.24912047386169 1.40687701106071 1.54267054796219 1.61085820198059 1.76780998706818 1.4433881342411 2.11910891532898 2.33582103252411 2.61278396844864 7.38994538784027 10.2123634815216 9.50618559122086 15.6081290245056 20.3457884788513 9.99065923690796 8.72896099090576 6.56278359889984 24.5783767700195 -9999 -9999 -9999 -9999 -9999 -9999
1.85272179251519 6.63717664699805 28.8236123371124 2.9004590511322 2.42376273870468 2.16812592744827 5.51976066827774 2.86032038927078 2.88121694326401 1.53742128610611 1.79960632324219 1.70254880189896 1.80669969320297 1.71075224876404 1.67308866977692 1.54386448860168 1.35785177350044 1.16961148381233 1.94496291875839 1.97881883382797 1.97289383411407 1.84277558326721 1.83730208873749 1.79101645946503 1.61022967100143 1.53458243608475 1.51306200027466 1.39083078503609 1.37300249934196 1.3967527449131 1.38902029395103 1.32624971866608 1.3537560403347 1.21805629134178 1.24543726444244 1.14730721712112 1.13773503899574 0.831134252250195 0.827970005571842 0.898444108664989 1.52442526817322 1.56616580486298 2.98019099235535 2.49537491798401 3.71587836742401 3.13961040973663 5.67201447486877 -9999 8.34009097172664 6.29344886541367 20.2976288795471 18.4918212890625 28.4399681091309 30.1788063049316 25.6618938446045 37.9832605361939 -9999 -9999 -9999 -9999 -9999
-9999 -9999 -9999 -9999 -9999 -9999 -9999 2.28387522697449 2.56879350543022 2.65533310174942 3.39884707331657 2.31033897399902 2.03738933801651 1.79065418243408 1.62163352966309 1.86449700593948 1.58466750383377 1.77905702590942 1.75374376773834 1.70389866828918 1.72006058692932 1.70042020082474 1.52151596546173 1.52362132072449 1.47771978378296 1.42844921350479 1.45615276694298 1.22224572300911 1.0140794813633 0.99616277217865 1.07727527618408 0.956234961748123 1.14999228715897 1.01065045595169 1.0157482624054 0.981308251619339 0.992623507976532 0.912766456604004 1.22689202427864 1.54891276359558 1.99322479963303 2.46603906154633 2.34600037336349 2.77489811182022 4.34822398424149 7.54948353767395 9.34105181694031 11.1016479290805 -9999 -9999 -9999 -9999 25.8409481048584 33.0140743255615 38.2194175720215 64.0200313568115 -9999 -9999 -9999 -9999 -9999
-9999 -9999 -9999 -9999 -9999 -9999 -9999 -9999 -9999 -9999 3.01132771968842 2.94739124178886 2.62394624948502 2.22021344304085 2.06837171316147 2.09155270457268 2.60761570930481 1.40174996852875 1.46008050441742 1.21324270963669 1.2666150033474 1.34329050779343 1.30650821328163 1.29497998952866 1.3539052605629 1.35236996412277 1.40313595533371 1.27976623177528 0.933540791273117 0.872439712285995 0.925222456455231 1.00205853581429 0.911410510540009 0.901506006717682 0.8308185338974 0.820007264614105 0.793108463287354 0.880851030349731 1.09483426809311 1.35433503985405 1.82142752408981 5.0420218706131 6.00336885452271 3.69878956675529 4.10745048522949 6.68587267398834 25.0889609456062 29.0682649612427 -9999 -9999 -9999 -9999 17.548882484436 17.018617334037 34.4662773874071 30.6908822740827 22.8980938196182 19.7937691632439 -9999 -9999 -9999
-9999 -9999 -9999 -9999 -9999 -9999 -9999 -9999 -9999 -9999 -9999 -9999 3.26534396409988 2.75679409503937 2.67326286435127 2.35435652732849 2.89607056975365 1.88515341281891 1.32901579141617 1.14090371131897 1.02842098474503 0.996748477220535 1.0402244925499 1.0279004573822 1.04913827776909 1.16948926448822 1.11958953738213 1.00002452731133 0.890460044145584 0.783205479383469 0.834024757146835 0.787157267332077 0.717164978384972 0.668584495782852 0.659112766385078 0.699224263429642 0.806769758462906 0.976346254348755 1.30392453074455 1.55479949712753 2.72429180145264 4.67525410652161 7.21924710273743 9.727210521698 18.6063408851624 9.89669787883759 10.5531632801861 -9999 -9999 -9999 -9999 -9999 -9999 -9999 9.39809390902519 26.5833273615156 25.7515229497637 19.1273971796036 10.8786277770996 -9999 -9999
-9999 -9999 -9999 -9999 -9999 -9999 -9999 -9999 -9999 -9999 -9999 4.3704868555069 3.70690071582794 3.45051062107086 3.51924473047256 3.33983212709427 3.17557123303413 1.57911443710327 1.36065825819969 1.14245697855949 1.01689499616623 0.930677264928818 0.938767522573471 0.914741992950439 0.890729963779449 0.928755730390549 0.870915770530701 0.714635252952576 0.734654232859612 0.707965493202209 0.74235525727272 0.685122728347778 0.663424506783485 0.615722984075546 0.592650756239891 0.692857503890991 0.812068462371826 1.0769849717617 1.35970947146416 1.84454333782196 2.76988792419434 4.29047620296478 5.67768967151642 9.26276993751526 20.1097083091736 21.2103037834167 12.9291472834291 33.0447750091553 -9999 -9999 -9999 14.0318884849548 13.5294494628906 13.0869197845459 10.4924530982971 18.164882183075 37.4363735062735 26.662855052948 14.0304552007605 -9999 -9999
-9999 -9999 -9999 -9999 -9999 -9999 -9999 -9999 -9999 -9999 -9999 -9999 3.87026226520538 3.51080644130707 3.61544394493103 3.47616112232208 1.984011054039 1.92449766397476 1.41568645834923 1.18696501851082 1.03870877623558 0.898566752672195 0.89386197924614 0.90720596909523 0.884141206741333 0.822152227163315 0.799818724393845 0.8009332716465 0.799676209688187 0.766916245222092 0.755140542984009 0.758883029222488 0.717099756002426 0.621135771274567 0.666702747344971 0.93016728758812 1.1295750439167 1.25598978996277 1.39627504348755 1.9230517745018 2.51687407493591 3.11134207248688 3.71383059024811 7.01609873771667 20.3757677078247 14.4732520580292 7.55809529834581 -9999 -9999 -9999 -9999 -9999 11.9304776191711 10.908833026886 12.4114336967468 8.9617931842804 10.3596956389291 -9999 -9999 -9999 -9999
-9999 -9999 -9999 -9999 -9999 -9999 -9999 -9999 -9999 -9999 -9999 3.67937564849854 3.66071569919586 3.78522831201553 3.54437997937202 2.07865208387375 1.64940744638443 1.3074337542057 1.09774428606033 1.04445746541023 0.920649021863937 0.934537500143051 0.982562988996506 0.888341277837753 0.863215506076813 0.769689738750458 0.78386253118515 0.82331246137619 0.798434972763062 0.80730602145195 0.858155250549316 0.840135723352432 0.776454716920853 0.740778744220734 0.789272278547287 0.904943972826004 1.06206446886063 1.2678157389164 1.51832091808319 2.13000816106796 2.62387651205063 3.21654081344604 5.16597390174866 11.2555174827576 10.2222611904144 6.44975933519382 3.86466658115387 -9999 -9999 -9999 -9999 -9999 12.7674042528326 11.6620330810547 9.47095632553101 21.9572287263541 -9999 -9999 -9999 -9999 -9999
-9999 -9999 -9999 -9999 -9999 -9999 -9999 -9999 -9999 -9999 -9999 3.45087504386902 3.18968617916107 3.22067695856094 3.80291855335236 1.47081971168518 1.32605329155922 1.2273825109005 0.996371984481812 0.8867047727108 0.826176792383194 0.832942485809326 0.866064012050629 0.828779250383377 0.757511973381042 0.786320239305496 0.815228998661041 0.853810518980026 0.850667238235474 0.801520496606827 0.816999793052673 0.76101753115654 0.730051517486572 0.739050015807152 0.857909291982651 1.07110878825188 1.15004548430443 1.34667751193047 1.89840531349182 2.21871757507324 2.47302532196045 3.01517236232758 3.61419761180878 3.9428915977478 6.58399897813797 8.10258408946898 3.86466693878174 -9999 -9999 -9999 -9999 12.1949715614319 -9999 -9999 -9999 -9999 -9999 -9999 -9999 -9999 -9999
-9999 -9999 -9999 -9999 -9999 -9999 -9999 -9999 -9999 -9999 -9999 3.50409412384033 3.19829624891281 2.78612127900124 1.62328952550888 1.3514084815979 1.32849150896072 1.19541227817535 0.982914000749588 0.828136503696442 0.774180024862289 0.765821993350983 0.819639712572098 0.842217743396759 0.786380231380463 0.864995956420898 0.876343488693237 0.948639035224915 0.849116206169128 0.874172240495682 0.914488524198532 0.9099982380867 0.922284007072449 0.920139044523239 0.948449224233627 1.12948420643806 1.64667516946793 2.05483281612396 4.90578389167786 4.76082766056061 5.67248404026031 4.96373319625854 8.18381595611572 10.3042602539062 8.99825537809685 -9999 -9999 -9999 -9999 -9999 -9999 -9999 -9999 -9999 -9999 -9999 -9999 -9999 -9999 -9999 -9999
-9999 -9999 -9999 -9999 -9999 -9999 -9999 -9999 -9999 -9999 10.7616321291242 3.0636191368103 3.00680315494537 1.65991866588593 1.80373120307922 1.16825929284096 1.23242175579071 1.20318979024887 0.972005277872086 0.834399729967117 0.679988980293274 0.672763511538506 0.693420767784119 0.693837761878967 0.731175005435944 0.763252526521683 0.844153493642807 0.792842209339142 0.802223235368729 0.982355207204819 0.991259962320328 0.943973958492279 0.985587000846863 1.30484998226166 1.37396478652954 1.52394443750381 2.02011680603027 3.95913970470428 6.55613207817078 7.33436393737793 8.07757544517517 20.2641506195068 10.25252866745 8.79178280096788 14.7316874509834 -9999 -9999 -9999 -9999 -9999 -9999 -9999 -9999 -9999 -9999 -9999 -9999 -9999 -9999 -9999 -9999
-9999 -9999 -9999 -9999 -9999 -9999 -9999 -9999 -9999 3.28386068344116 3.51858580112457 2.62240201234818 2.31695777177811 2.10923552513123 2.18678855895996 1.45801573991776 1.28785273432732 1.05547875165939 0.871728748083115 0.692618250846863 0.61158974468708 0.615539252758026 0.645935252308846 0.681661516427994 0.726445510983467 0.763927459716797 0.871608763933182 0.947767496109009 1.17295503616333 1.2498427927494 1.22703221440315 1.16744774580002 1.17940351366997 1.41077998280525 1.75430399179459 1.72966343164444 1.63029366731644 2.82071256637573 3.69143164157867 5.37214422225952 9.10000348091125 10.5201630592346 21.4347694273134 5.69786846637726 3.25656187534332 -9999 -9999 -9999 -9999 -9999 -9999 -9999 -9999 -9999 -9999 -9999 -9999 -9999 -9999 -9999 -9999
-9999 -9999 -9999 -9999 -9999 -9999 -9999 -9999 3.77457976341248 3.67490613460541 3.52265882492065 2.7892125248909 2.64400881528854 2.54745894670486 2.50168204307556 1.83751720190048 1.4262652695179 0.968643039464951 0.706322237849236 0.669711738824844 0.580786496400833 0.573603764176369 0.583965763449669 0.759258717298508 0.764560461044312 0.909120708703995 1.08097279071808 1.30754247307777 1.607486307621 1.82370829582214 1.91651773452759 1.92817658185959 2.47476142644882 2.10395550727844 1.77215695381165 2.24176204204559 2.41901618242264 3.20066249370575 4.84965741634369 5.49786221981049 6.22158980369568 -9999 -9999 -9999 -9999 -9999 -9999 -9999 -9999 -9999 -9999 -9999 -9999 -9999 -9999 -9999 -9999 -9999 -9999 -9999 -9999
-9999 -9999 -9999 -9999 -9999 -9999 3.78130578994751 3.68297266960144 3.65183854103088 3.40249264240265 2.75483322143555 2.56970483064651 2.32472616434097 2.37060821056366 2.40207302570343 2.06213557720184 1.57226032018661 1.04739752411842 0.819027721881866 0.796037256717682 0.710922762751579 0.650154009461403 0.685682997107506 0.758717983961105 0.744969740509987 0.926270216703415 1.15755379199982 1.47615829110146 1.98883044719696 2.39865303039551 2.79320096969604 2.79677242040634 3.43924641609192 3.54489970207214 3.66267085075378 3.27874195575714 3.91857361793518 4.8097118139267 6.88505840301514 4.74184804841092 -9999 -9999 -9999 -9999 -9999 -9999 -9999 -9999 -9999 -9999 -9999 -9999 -9999 -9999 -9999 -9999 -9999 -9999 -9999 -9999 -9999
-9999 -9999 -9999 -9999 -9999 -9999 3.75923383235931 3.32956337928772 2.82835954427719 2.84434121847153 2.45020723342896 2.15725958347321 2.01834458112717 2.10793268680573 1.98088055849075 1.90744721889496 1.42881453037262 1.08408746123314 0.903351724147797 0.744717746973038 0.807933032512665 0.7629374563694 0.862195461988449 0.833124786615372 0.921699732542038 1.07894924283028 1.3914697766304 1.83864533901215 2.18047571182251 2.75313752889633 3.3501945734024 3.9691801071167 4.59161460399628 4.42065739631653 5.6514151096344 6.61538314819336 4.81986737251282 5.11341512203217 13.0094540119171 -9999 -9999 -9999 -9999 -9999 -9999 -9999 -9999 -9999 -9999 -9999 -9999 -9999 -9999 -9999 -9999 -9999 -9999 -9999 -9999 -9999 -9999
-9999 -9999 -9999 62.0026988983154 10.8752638816833 3.7501015663147 3.92590570449829 2.64526945352554 2.58078449964523 2.69268751144409 2.46194618940353 2.02336049079895 1.86692100763321 1.72312045097351 1.6118084192276 1.12293371558189 0.849596232175827 0.828542232513428 0.769029021263123 0.830500513315201 0.869156241416931 0.986999273300171 1.0606184899807 1.20265200734138 1.21670696139336 1.47209250926971 1.82689207792282 2.57428282499313 2.95465868711472 3.08997058868408 3.61615884304047 5.36949741840363 5.52621209621429 6.92997407913208 8.1062479019165 7.71978235244751 6.37995958328247 26.8220555503318 -9999 -9999 -9999 -9999 -9999 -9999 -9999 -9999 -9999 -9999 -9999 -9999 -9999 -9999 -9999 -9999 -9999 -9999 -9999 -9999 -9999 -9999 -9999
-9999 -9999 3.40109270811081 3.69071102142334 3.57814049720764 2.95409542322159 2.07796794176102 2.17483198642731 2.30881869792938 2.61171233654022 2.50976854562759 2.12665128707886 1.69537281990051 1.26916801929474 1.05082726478577 0.798140287399292 0.748934984207153 0.81319123506546 0.96322426199913 1.00094398856163 1.12231796979904 1.34530422091484 1.60231876373291 1.76826900243759 1.8222239613533 2.00408327579498 2.89666575193405 3.12655341625214 3.48824107646942 3.9632180929184 4.62996304035187 5.26011657714844 7.0395941734314 8.60524392127991 7.94358229637146 -9999 -9999 -9999 -9999 -9999 -9999 -9999 -9999 -9999 -9999 -9999 -9999 -9999 -9999 -9999 -9999 -9999 -9999 -9999 -9999 -9999 -9999 -9999 -9999 -9999 -9999
-9999 -9999 3.81552466750145 3.87720787525177 2.2887464761734 2.43963593244553 2.4479940533638 2.28326779603958 2.10524618625641 1.82762628793716 1.80318599939346 1.25426173210144 0.85861274600029 0.806740522384644 0.782627284526825 0.7058474868536 0.787398755550385 0.93777671456337 1.09926304221153 1.29251173138618 1.50474447011948 1.63276201486588 1.85412669181824 2.02723127603531 2.23468047380447 3.01058113574982 3.74402403831482 3.60123002529144 4.27649760246277 4.81935667991638 6.10324931144714 7.95100665092468 8.61751556396484 7.60174798965454 8.49943542480469 4.82163007557392 5.93616476655006 8.18220163475383 -9999 -9999 -9999 -9999 -9999 -9999 -9999 -9999 -9999 -9999 -9999 -9999 -9999 -9999 -9999 -9999 -9999 -9999 -9999 -9999 -9999 -9999 -9999
5.1254194519493 2.178979575634 2.23588871955872 2.25155621767044 2.50056606531143 2.84970527887344 2.42225021123886 1.92250424623489 1.70705026388168 1.5344962477684 1.29573154449463 1.06217247247696 0.856576502323151 0.811360538005829 0.811116009950638 0.857070028781891 0.904926002025604 0.948609709739685 1.28362199664116 1.49183249473572 1.55471169948578 1.45997250080109 1.65457355976105 2.45413345098495 3.32108616828918 4.17147660255432 4.33524370193481 3.97699785232544 4.60628342628479 5.19173240661621 8.02791380882263 6.8284957408905 13.8585110079158 -9999 -9999 -9999 -9999 -9999 -9999 -9999 -9999 -9999 -9999 -9999 -9999 -9999 -9999 -9999 -9999 -9999 -9999 -9999 -9999 -9999 -9999 -9999 -9999 -9999 -9999 -9999 -9999
3.9543536901474 2.43690526485443 2.52288973331451 2.54647868871689 3.38131892681122 2.66804033517838 2.62839978933334 2.60350799560547 2.31400805711746 2.51403594017029 2.45433443784714 1.65015077590942 1.0346722304821 0.742532998323441 0.841421216726303 0.908665537834167 1.04925978183746 1.21272745728493 1.32376196980476 1.29554325342178 1.30353453755379 1.90902525186539 2.70786756277084 2.94763433933258 3.51417982578278 4.02404773235321 3.57941472530365 4.08503687381744 5.06940686702728 5.64338386058807 6.10228514671326 5.35371673107147 4.27952063083649 5.50912470370531 -9999 -9999 -9999 -9999 -9999 -9999 21.6146840682397 12.6942715644836 -9999 -9999 -9999 -9999 -9999 -9999 -9999 -9999 -9999 -9999 -9999 -9999 -9999 -9999 -9999 -9999 -9999 -9999 -9999
-9999 -9999 3.90107828378677 3.91202580928802 4.0682567358017 3.90196621417999 3.77568984031677 4.14194205829075 3.37776255607605 3.28833389282227 3.14797425270081 1.82142233848572 1.10438999533653 0.837369740009308 0.940820217132568 1.05230095982552 1.1943284869194 1.16139078140259 1.21103551983833 1.34463375806808 1.54715466499329 3.03525459766388 3.04880547523499 3.68135476112366 5.03348243236542 4.06528651714325 3.6561473608017 3.75491988658905 4.0008419752121 4.30971300601959 4.51490485668182 5.83283257484436 4.99784836542867 3.42093944549561 -9999 -9999 -9999 -9999 -9999 -9999 -9999 -9999 -9999 -9999 -9999 -9999 -9999 -9999 -9999 -9999 -9999 -9999 -9999 -9999 -9999 -9999 -9999 -9999 -9999 -9999 -9999
-9999 -9999 -9999 -9999 -9999 -9999 -9999 5.814539904361 3.11470082402229 2.99343073368073 2.15523380041122 1.11802572011948 0.963708758354187 0.954138725996017 1.05544799566269 1.35159829258919 1.20808348059654 1.19189473986626 1.59880042076111 1.70532524585724 2.14713978767395 3.70982909202576 4.80661511421204 5.55570065975189 6.19670176506042 5.40143036842346 5.57638514041901 3.60043442249298 -9999 -9999 -9999 -9999 -9999 -9999 -9999 -9999 -9999 -9999 -9999 -9999 -9999 -9999 -9999 -9999 -9999 -9999 -9999 -9999 -9999 -9999 -9999 -9999 -9999 -9999 -9999 -9999 -9999 -9999 -9999 -9999 -9999
-9999 -9999 -9999 -9999 -9999 -9999 -9999 -9999 2.59552824497223 2.20034033060074 1.14204525947571 0.963705003261566 1.06566900014877 1.19432929158211 1.29641398787498 1.18412697315216 1.14580053091049 1.61907523870468 1.7980665564537 1.87977379560471 2.24399328231812 2.98120057582855 3.65940141677856 4.70992863178253 4.76925837993622 6.69559550285339 -9999 -9999 -9999 -9999 -9999 -9999 -9999 -9999 -9999 -9999 -9999 -9999 -9999 -9999 -9999 -9999 -9999 -9999 -9999 -9999 -9999 -9999 -9999 -9999 -9999 -9999 -9999 -9999 -9999 -9999 -9999 -9999 -9999 -9999 -9999
