EcologicalScience/Bass/data/rs_data_bass/chl_24.asc
NCOLS 226 
NROWS 124 
XLLCORNER -9.41648524995501 
YLLCORNER 47.587301625531 
CELLSIZE 0.0833 
NODATA_value -9999 
[rows 81 to 107 of 124, columns 62 to 123 of 226]
3.85158455371857 5.97498106956482 7.6620512008667 7.66205191612244 -9999 -9999 -9999 -9999 -9999 -9999 -9999 -9999 -9999 -9999 -9999 -9999 -9999 -9999 -9999 -9999 -9999 -9999 -9999 -9999 -9999 -9999 -9999 -9999 -9999 -9999 -9999 -9999 -9999 -9999 -9999 -9999 -9999 -9999 -9999 -9999 -9999 -9999 -9999 -9999 -9999 -9999 -9999 -9999 -9999 -9999 -9999 -9999 -9999 -9999 -9999 -9999 -9999 -9999 -9999 -9999 -9999 -9999
-9999 -9999 -9999 -9999 -9999 -9999 -9999 -9999 -9999 -9999 -9999 -9999 -9999 -9999 -9999 -9999 -9999 -9999 -9999 -9999 -9999 -9999 -9999 -9999 -9999 -9999 -9999 -9999 -9999 -9999 -9999 -9999 -9999 -9999 -9999 -9999 -9999 -9999 -9999 -9999 -9999 -9999 -9999 -9999 -9999 -9999 -9999 -9999 -9999 -9999 -9999 -9999 -9999 -9999 -9999 -9999 -9999 -9999 -9999 -9999 -9999 -9999
-9999 -9999 -9999 -9999 -9999 -9999 -9999 -9999 -9999 -9999 -9999 -9999 -9999 -9999 -9999 -9999 -9999 -9999 -9999 -9999 -9999 -9999 -9999 -9999 -9999 -9999 -9999 -9999 -9999 -9999 -9999 -9999 -9999 -9999 -9999 -9999 -9999 -9999 -9999 -9999 -9999 -9999 -9999 -9999 -9999 -9999 -9999 -9999 -9999 -9999 -9999 -9999 -9999 -9999 -9999 -9999 -9999 -9999 -9999 -9999 -9999 -9999
-9999 -9999 -9999 -9999 -9999 -9999 -9999 -9999 -9999 -9999 -9999 -9999 -9999 -9999 -9999 -9999 -9999 -9999 -9999 -9999 -9999 -9999 -9999 -9999 -9999 -9999 -9999 -9999 -9999 -9999 -9999 -9999 -9999 -9999 -9999 -9999 -9999 -9999 -9999 -9999 -9999 -9999 -9999 -9999 -9999 -9999 -9999 -9999 -9999 -9999 -9999 -9999 -9999 -9999 -9999 -9999 -9999 4.24680233001709 3.33812999725342 3.18816518783569 3.24018216133118 2.44441044330597
-9999 -9999 -9999 -9999 -9999 -9999 -9999 -9999 -9999 -9999 -9999 -9999 -9999 -9999 -9999 -9999 -9999 -9999 -9999 -9999 -9999 -9999 -9999 -9999 -9999 -9999 -9999 -9999 -9999 -9999 -9999 -9999 -9999 -9999 -9999 -9999 37.1749906539917 -9999 5.59156024456024 4.05934428132099 -9999 -9999 2.48401302950723 2.20582580566406 2.47027802467346 3.02584791183472 2.53047448396683 1.87055629491806 1.71321666240692 1.65952116250992 3.05810000896454 2.69800215608933 -9999 -9999 -9999 3.54682946205139 3.77463376522064 2.70119619369507 2.56724166870117 2.25700128078461 1.81117272377014 1.75675731897354
-9999 -9999 -9999 -9999 -9999 -9999 -9999 -9999 -9999 -9999 -9999 -9999 -9999 1.97457974690657 1.74127620458603 1.17833697795868 1.86119064688683 2.60200946331024 1.12509450316429 -9999 -9999 -9999 -9999 -9999 -9999 -9999 -9999 -9999 10.1523423011486 5.57118211189906 2.52159744501114 5.83365601301193 -9999 3.66949796676636 -9999 -9999 -9999 -9999 2.97750864028931 2.68040245771408 2.56948345899582 2.94027149677277 2.28269469738007 2.2316055893898 1.96499401330948 1.77553796768188 1.69135719537735 1.63629072904587 1.61953800916672 1.79901748895645 2.15303474664688 2.34817278385162 2.3715757727623 2.82534599304199 2.28521168231964 2.21396845579147 2.13837826251984 1.72544556856155 1.7553089261055 1.68098920583725 1.59807157516479 1.65329933166504
-9999 -9999 -9999 -9999 -9999 -9999 -9999 -9999 -9999 -9999 2.30514058470726 3.16230922937393 1.46646523475647 1.93605530261993 1.64708179235458 1.73455792665482 1.5062370300293 1.46007299423218 1.56465071439743 1.5056369304657 -9999 -9999 1.99256149747155 1.77631348371506 2.28286555409431 -9999 -9999 2.19928737662055 1.87029933929443 2.21655303239822 2.87543016672134 2.49287402629852 2.55079275369644 2.25043720006943 -9999 -9999 -9999 2.88034245371819 2.83920443058014 2.49263781309128 2.649807035923 2.28224319219589 2.11155831813812 1.85187220573425 1.48639047145844 1.42373326420784 1.46176725625992 1.39289402961731 1.27832096815109 1.50564301013947 1.34617799520493 1.36174276471138 1.31718751788139 1.41176927089691 1.42013472318649 1.40184527635574 1.36019924283028 1.6031459569931 1.61918467283249 1.6824209690094 1.83140695095062 1.81020820140839
-9999 -9999 -9999 -9999 -9999 -9999 -9999 -9999 -9999 1.41140627861023 1.85562372207642 1.98034125566483 1.54087418317795 1.40926578640938 1.26636153459549 1.23512470722198 1.16190075874329 1.21776902675629 1.31624329090118 1.37073674798012 1.44212928414345 1.4605987071991 1.69749981164932 2.06955671310425 2.10570895671844 2.33219629526138 3.39887237548828 2.45446872711182 2.30062955617905 2.48355066776276 2.75063842535019 2.66793823242188 2.51171779632568 2.4510862827301 2.43639081716537 2.57726168632507 2.60881501436234 2.60771691799164 2.41706925630569 2.25000232458115 2.22038769721985 2.08796846866608 1.78343850374222 1.58132171630859 1.37547898292542 1.04858404397964 1.01003846526146 0.95242577791214 0.957932978868484 0.989797532558441 1.01145753264427 1.05613651871681 1.1225797533989 1.29031723737717 1.27369728684425 1.32634127140045 1.30048272013664 1.56295502185822 1.61822766065598 1.82215279340744 1.54446369409561 1.5909172296524
-9999 -9999 -9999 -9999 -9999 -9999 -9999 -9999 -9999 1.61378931999207 1.54867798089981 1.50663900375366 1.28306776285172 1.11581021547318 1.01635649800301 0.982831478118896 0.993857234716415 1.12032821774483 1.35922873020172 1.55072557926178 1.76193970441818 1.80363303422928 1.84676331281662 1.91485118865967 1.95288079977036 2.08500069379807 2.23730850219727 2.27910071611404 2.2308075428009 2.21039253473282 2.32109016180038 2.40611243247986 2.32693880796432 2.33209580183029 2.10513156652451 1.98617917299271 2.17503225803375 2.29230004549026 2.17849802970886 2.15912175178528 2.05765807628632 1.7922180891037 1.31039553880692 1.14040651917458 1.05141448974609 1.0825432240963 1.24098828434944 1.25617423653603 1.27423578500748 1.14509028196335 1.13827201724052 1.13374051451683 1.09353822469711 1.20950996875763 1.22588923573494 1.34168627858162 1.58057481050491 1.85877442359924 1.82670378684998 1.83886653184891 1.5433087348938 1.68442726135254
-9999 -9999 -9999 -9999 -9999 -9999 -9999 -9999 -9999 1.18262100219727 1.41828525066376 1.39529854059219 1.30289626121521 1.17728921771049 1.10147246718407 1.08106273412704 1.0504364669323 0.993430495262146 1.0276845395565 1.16587722301483 1.44786375761032 1.63539898395538 1.78607779741287 1.86225968599319 1.89432978630066 1.87397181987762 1.88198554515839 1.82898902893066 1.83874422311783 1.87341517210007 1.88473123311996 1.82075768709183 1.82111406326294 1.92201143503189 2.01790648698807 1.96187621355057 2.0741046667099 2.18604308366776 2.19682270288467 1.96105653047562 1.66463631391525 1.31448072195053 1.12383073568344 1.13326576352119 1.19951176643372 1.23019579052925 1.35081151127815 1.48730170726776 1.47552153468132 1.32928347587585 1.26609823107719 1.30634021759033 1.37787526845932 1.59413248300552 1.7363805770874 1.88768255710602 1.94502907991409 1.90540570020676 1.75923746824265 1.62430268526077 1.58091455698013 1.54640167951584
3.96658515930176 3.89608955383301 1.73987782001495 30.2248259782791 -9999 -9999 -9999 1.89958484172821 1.260469186306 1.78552275896072 1.09606128931046 1.03209149837494 1.01200273633003 1.14539703726768 1.15115851163864 1.1461920440197 1.17773401737213 1.22470951080322 1.19918847084045 1.17569848895073 1.22236803174019 1.31790670752525 1.49011722207069 1.67941117286682 1.90093874931335 1.88305807113647 1.91440719366074 1.92445796728134 1.71721494197845 1.5406739115715 1.43649825453758 1.3055294752121 1.23828372359276 1.24982848763466 1.27752220630646 1.27624645829201 1.31310752034187 1.35073801875114 1.32281103730202 1.29351523518562 1.29316279292107 1.30044150352478 1.30151322484016 1.31766378879547 1.37648472189903 1.39916476607323 1.43560346961021 1.47071778774261 1.46119871735573 1.34901148080826 1.33071228861809 1.31608647108078 1.37595596909523 1.86480671167374 1.9755824804306 2.0658495426178 1.90268325805664 1.82842719554901 1.67510318756104 1.68968617916107 1.76856368780136 1.89098471403122
1.41400122642517 1.56951606273651 1.73629117012024 1.8492037653923 1.08420561254025 2.40744906663895 1.42367246747017 1.14665696024895 1.00155678391457 0.954970479011536 0.906038224697113 0.86200949549675 0.830020487308502 0.820349961519241 0.810595482587814 0.893160760402679 0.91899374127388 1.15970027446747 1.25734278559685 1.21447724103928 1.22547751665115 1.4536417722702 1.66772246360779 1.9087986946106 2.25000983476639 2.38012200593948 2.31184494495392 2.26419532299042 2.07509851455688 1.98953247070312 1.90398967266083 1.9152165055275 1.84300947189331 1.86410844326019 1.88154083490372 1.90689522027969 1.82898831367493 1.72266519069672 1.6138973236084 1.50768077373505 1.47698476910591 1.49083346128464 1.44438001513481 1.46293196082115 1.36838999390602 1.31795847415924 1.34479799866676 1.4016817510128 1.49991971254349 1.647540807724 1.52453845739365 1.45323452353477 1.42211472988129 1.88698500394821 1.93490320444107 2.08375722169876 2.08270794153214 2.06826746463776 1.96204948425293 1.9889811873436 2.17073321342468 2.20193016529083
0.695961758494377 0.676125749945641 0.676989734172821 1.16722199320793 1.3294905424118 1.3398209810257 1.3269562125206 1.10456478595734 1.02802723646164 1.01439526677132 0.973692029714584 0.987405717372894 1.03916171193123 0.96255898475647 0.860775768756866 0.814655274152756 0.700369521975517 1.05786153674126 1.1961472928524 1.22813549637794 1.27259096503258 1.28773123025894 1.25589072704315 1.25353798270226 1.3305224776268 1.40246996283531 1.50578999519348 1.70746797323227 2.09125345945358 2.09112077951431 2.11527532339096 2.14778995513916 2.09062045812607 2.01005101203918 1.86966454982758 1.72831267118454 1.71121805906296 1.70764803886414 1.60793781280518 1.42297723889351 1.40934678912163 1.53745651245117 1.72915416955948 1.6753739118576 1.58263868093491 1.46119424700737 1.44367423653603 1.51192957162857 1.60941070318222 1.70542269945145 1.66928780078888 1.69232922792435 1.83818256855011 1.99510055780411 2.05877029895782 2.08384716510773 2.19521176815033 2.30991983413696 2.49837005138397 2.35751706361771 2.27770507335663 1.99151694774628
0.762362211942673 0.984622478485107 0.77183398604393 0.847719758749008 0.939819753170013 1.01472598314285 1.07232221961021 1.28715223073959 1.25109753012657 1.01404497027397 0.898422002792358 0.98896649479866 0.984743982553482 1.02488395571709 0.988304257392883 0.941039264202118 0.889932006597519 0.847631245851517 0.880940973758698 0.936888009309769 0.939782291650772 0.97560453414917 0.924825757741928 0.913447469472885 1.02355501055717 1.43867701292038 1.6768627166748 1.81258499622345 1.85816770792007 1.82333618402481 1.84997999668121 1.86050999164581 1.69036567211151 1.67032653093338 1.66235321760178 1.85869270563126 1.8988094329834 1.9346632361412 1.90373021364212 1.75440073013306 1.75202107429504 1.69092375040054 1.68592429161072 1.66987878084183 1.59703427553177 1.55220830440521 1.69385558366776 1.77585232257843 1.79810929298401 1.71567821502686 1.59159976243973 1.61908954381943 1.81721395254135 1.90927129983902 1.94242054224014 2.02250468730927 2.2625647187233 2.32385176420212 2.55710256099701 2.83254146575928 2.81106895208359 3.1250706911087
1.0026547908783 1.13330778479576 0.897536247968674 0.801855772733688 1.06226402521133 1.29037722945213 1.39341223239899 1.28714248538017 1.31795623898506 1.37467646598816 1.39622846245766 1.05268800258636 1.07348102331161 1.10970228910446 1.14167851209641 1.10997453331947 1.08921897411346 1.02381375432014 1.02866998314857 1.00676625967026 0.993268489837646 0.955143749713898 0.92841374874115 0.926849216222763 0.945967465639114 1.36598253250122 1.49472373723984 1.50257098674774 1.68611401319504 1.78593081235886 1.78552651405334 1.86448270082474 1.81211256980896 1.78382098674774 1.77186441421509 1.99226027727127 2.11086004972458 2.14896458387375 2.09911501407623 2.03898596763611 1.97993248701096 2.00427532196045 2.06054931879044 2.03099405765533 1.99517852067947 1.9915514588356 2.09477841854095 2.09146499633789 2.07672607898712 1.83457732200623 1.67886525392532 1.5825959444046 1.60661619901657 1.70437502861023 1.7863529920578 1.88295829296112 2.00208216905594 2.07905244827271 2.05390352010727 2.21896129846573 3.14737057685852 5.43388438224792
2.24893641471863 2.22897523641586 1.72566747665405 1.79961007833481 1.47921448945999 1.29031804203987 1.41886425018311 1.50328946113586 1.57950067520142 1.61187833547592 1.45718622207642 1.27159425616264 1.2732854783535 1.17870676517487 1.17120078206062 1.1954197883606 1.14970421791077 1.12069201469421 1.13865825533867 1.12102577090263 1.08727195858955 1.07168474793434 1.13352003693581 1.06711953878403 0.994181245565414 1.18198120594025 1.27629974484444 1.40773048996925 1.68633896112442 1.86490648984909 1.98678606748581 2.04318755865097 1.92997419834137 1.93369656801224 1.97445005178452 2.14880096912384 2.2497239112854 2.44057041406631 2.46064871549606 2.18923133611679 2.12510544061661 2.19570600986481 2.4901859164238 2.38458216190338 2.27396696805954 2.35999041795731 2.16088718175888 2.35267120599747 2.41948342323303 1.85042399168015 1.77737545967102 1.68916869163513 1.71740627288818 1.86902099847794 1.90789729356766 1.95685958862305 1.95710617303848 2.24035942554474 2.55807226896286 2.710957467556 2.86745184659958 3.27405440493634
3.47406077384949 2.54028904438019 2.69305354356766 2.92644292116165 2.35750651359558 2.17448544502258 1.95146477222443 1.56282305717468 1.47168749570847 1.44781798124313 1.38239926099777 1.22017577290535 1.18152371048927 1.18485671281815 1.21733620762825 1.22585400938988 1.15825572609901 1.07920879125595 0.909611999988556 1.04645097255707 1.30901178717613 1.28323352336884 1.4009670317173 1.39529550075531 1.24070852994919 1.34809273481369 1.91707724332809 2.17904698848724 2.21546173095703 2.21437883377075 2.181043446064 2.54640448093414 2.56247842311859 2.25284779071808 2.32849806547165 2.33590883016586 2.49460583925247 2.78594470024109 2.99735856056213 2.79212701320648 2.51796752214432 2.5049010515213 2.87076383829117 2.65458673238754 2.60607379674911 2.75749880075455 2.69482880830765 2.64100724458694 2.457180082798 1.63674008846283 1.59680700302124 1.72292697429657 2.0181405544281 2.13327670097351 2.2955549955368 2.75898456573486 -9999 -9999 -9999 -9999 -9999 -9999
2.58504831790924 1.93323308229446 1.83044618368149 1.82444769144058 1.84416908025742 1.98888820409775 1.96975207328796 1.48955851793289 1.42541474103928 1.46703752875328 1.64431571960449 1.55295377969742 1.29729303717613 1.25883597135544 1.20420679450035 0.964595228433609 0.854438245296478 0.829616993665695 0.975342035293579 1.30170223116875 1.25395953655243 1.29116553068161 1.53861594200134 1.34708547592163 1.31056576967239 2.35942125320435 2.6787006855011 4.34186377695629 2.48977383971214 2.38793778419495 2.22017258405685 8.48980665206909 3.2541915178299 3.37683141231537 3.18094110488892 3.30485486984253 3.30323553085327 3.46409547328949 3.50285625457764 3.19378709793091 2.74577629566193 2.58852303028107 3.01743221282959 2.91392093896866 2.99355751276016 2.9290446639061 2.88920027017593 2.61989557743073 2.31415504217148 1.90767753124237 2.28390455245972 2.71400392055511 3.69014775753021 2.60921366725649 -9999 -9999 -9999 -9999 -9999 -9999 -9999 -9999
1.85106682777405 1.57936280965805 1.43470349907875 1.35319796204567 1.46089723706245 1.37629052996635 1.33636951446533 1.38081899285316 1.37595525383949 1.26172801852226 1.27336201071739 1.19929271936417 1.0111680328846 0.935184717178345 0.914994031190872 0.874810516834259 0.837719231843948 0.888187497854233 1.16928747296333 1.45766177773476 1.51394391059875 1.85725432634354 1.72445476055145 1.86438077688217 1.95540976524353 1.97296875715256 2.51613450050354 3.85882186889648 4.64424317479134 -9999 -9999 -9999 -9999 -9999 -9999 3.14426672458649 4.71088564395905 4.10972607135773 3.75580859184265 3.31765258312225 2.87019073963165 2.70028728246689 2.65582430362701 2.63519775867462 2.53375196456909 2.41575980186462 2.57262593507767 2.5235903263092 2.18911868333817 2.62067395448685 2.32655471563339 2.34923332929611 18.3117806911469 1.9762424826622 1.97624230384827 -9999 -9999 -9999 -9999 -9999 -9999 -9999
1.83794617652893 1.74457132816315 1.6744971871376 1.47644251585007 1.39857521653175 1.22597023844719 1.0568970143795 1.01194873452187 1.06058478355408 1.18083223700523 1.21328553557396 0.968615233898163 0.849050223827362 0.806083470582962 0.854233503341675 0.946217268705368 1.00492054224014 0.962739765644073 1.19573101401329 1.94280302524567 2.11120194196701 1.9273567199707 1.54390722513199 1.85827195644379 2.29124772548676 2.34521108865738 2.66920495033264 3.34960949420929 5.04932463169098 -9999 -9999 -9999 -9999 -9999 -9999 -9999 5.00853824615479 4.38309609889984 3.73102641105652 3.1894154548645 2.98933947086334 2.87272202968597 2.83948427438736 2.75271445512772 2.87740123271942 2.81230348348618 3.4412841796875 3.5976390838623 3.62470579147339 4.02722239494324 3.38153028488159 9.4332275390625 -9999 -9999 -9999 -9999 -9999 -9999 -9999 -9999 -9999 -9999
1.86258441209793 1.72592175006866 1.72545379400253 1.56054675579071 1.43773278594017 0.971233516931534 0.698838740587234 0.663517490029335 0.689798980951309 1.0220519900322 1.14645221829414 1.0582777261734 0.99939751625061 0.96999603509903 0.921139508485794 1.02066975831985 1.1360220015049 1.45519503951073 2.13349574804306 -9999 -9999 3.74529464542866 2.61199830472469 1.60162049531937 1.70148968696594 1.90226769447327 2.39032280445099 2.64020258188248 3.36173701286316 -9999 -9999 -9999 -9999 -9999 -9999 -9999 40.2475597858429 38.3139404296875 5.59930050373077 5.0256621837616 4.49406015872955 4.05326700210571 3.90038180351257 3.80942487716675 3.94672286510468 3.93254113197327 2.95713973045349 2.70152395963669 3.2049525976181 3.76434373855591 3.36240684986115 8.56948506832123 5.2688934803009 -9999 -9999 -9999 -9999 -9999 -9999 -9999 -9999 -9999
1.69357126951218 1.58524721860886 1.66789054870605 1.64183181524277 1.21509745717049 0.81471973657608 0.534248247742653 0.545392513275146 0.59358523786068 0.740570247173309 1.12478470802307 1.12045723199844 1.1581155359745 1.13885629177094 1.12967321276665 1.10912248492241 1.26372447609901 1.41672903299332 1.45939949154854 1.35586577653885 1.33439102768898 1.57517391443253 1.45463472604752 1.31784975528717 1.49522772431374 1.64595079421997 1.59469878673553 1.79525023698807 2.13549757003784 1.80461329221725 -9999 -9999 -9999 -9999 -9999 -9999 -9999 19.7147745049518 13.7423100918531 1.54839399212696 9.41979360580444 8.14707684516907 6.50223684310913 3.84050416946411 3.11283159255981 2.33549845218658 2.17590594291687 2.87071645259857 3.68545961380005 3.86407864093781 3.35268294811249 11.2191281318665 -9999 -9999 -9999 -9999 -9999 -9999 -9999 -9999 -9999 -9999
1.39471578598022 1.3666507601738 1.37839651107788 1.04982671141624 0.682008728384972 0.517437011003494 0.48481048643589 0.594483017921448 0.593412011861801 0.660708010196686 1.07310301065445 1.03962001204491 1.15823999047279 1.25768628716469 1.24918726086617 1.16731202602386 1.23675674200058 1.21083149313927 1.18744271993637 1.20857852697372 1.08725774288177 1.07515051960945 1.07859152555466 1.65070420503616 1.65980243682861 1.56583428382874 1.53699374198914 1.64741921424866 1.698570728302 1.97832816839218 -9999 -9999 -9999 -9999 -9999 -9999 -9999 -9999 -9999 -9999 -9999 -9999 -9999 -9999 -9999 -9999 3.65490746498108 41.1896975398064 29.3144721984863 21.4558340419422 -9999 -9999 -9999 -9999 -9999 -9999 -9999 -9999 -9999 -9999 -9999 -9999
1.12938898801804 0.947228282690048 0.813976496458054 0.675288006663322 0.50364451110363 0.49039126932621 0.504349485039711 0.573590263724327 0.59316149353981 0.625854760408401 0.863736748695374 0.935485482215881 0.969894021749496 1.06619399785995 1.04473122954369 1.03832700848579 1.06466701626778 1.08170771598816 1.04196524620056 0.985691964626312 0.989343792200089 1.09755071997643 1.28867626190186 1.33589866161346 -9999 -9999 -9999 1.28435701131821 1.30919247865677 1.41075825691223 1.98304045200348 -9999 -9999 -9999 -9999 -9999 -9999 -9999 -9999 -9999 -9999 -9999 -9999 -9999 -9999 -9999 -9999 -9999 -9999 -9999 -9999 -9999 -9999 -9999 -9999 -9999 -9999 -9999 -9999 -9999 -9999 -9999
0.740663230419159 0.696127519011497 0.569635480642319 0.525169506669044 0.490869015455246 0.502657502889633 0.528545245528221 0.579068228602409 0.591269999742508 0.636578992009163 0.767446517944336 0.843882769346237 0.900365978479385 0.895679265260696 0.962096214294434 1.07811972498894 1.08251103758812 0.965425461530685 0.897711038589478 0.882380247116089 1.00817772746086 1.09129124879837 1.21881821751595 1.39724403619766 1.43776354193687 1.40358299016953 1.4281567633152 1.35145953297615 1.39607852697372 1.51815301179886 2.32666647434235 2.50701209530234 -9999 -9999 -9999 -9999 -9999 -9999 -9999 -9999 -9999 -9999 -9999 -9999 -9999 -9999 -9999 -9999 -9999 -9999 -9999 -9999 -9999 -9999 -9999 -9999 -9999 -9999 -9999 -9999 -9999 -9999
0.573959246277809 0.550527736544609 0.527802005410194 0.554856017231941 0.555818259716034 0.557930991053581 0.598905757069588 0.621158257126808 0.661491751670837 0.698915228247643 0.7525514960289 0.921501785516739 0.961811989545822 0.978929221630096 1.09911453723907 1.13003772497177 1.09525653719902 0.946496218442917 0.905168205499649 0.863162219524384 0.902961730957031 0.934120506048203 0.997694224119186 1.19796377420425 1.20009827613831 1.2673664689064 1.31089496612549 1.26884695887566 1.24863374233246 1.47127121686935 2.76178568601608 1.92177743636645 -9999 -9999 -9999 -9999 -9999 -9999 -9999 -9999 -9999 -9999 -9999 -9999 -9999 -9999 -9999 -9999 -9999 -9999 -9999 -9999 -9999 -9999 -9999 -9999 -9999 -9999 -9999 -9999 -9999 -9999
0.664375483989716 0.654823511838913 0.652539744973183 0.642638236284256 0.635204270482063 0.658619239926338 0.716583743691444 0.758943736553192 0.862536728382111 0.891799539327621 1.01005724072456 1.34952601790428 1.49789249897003 1.57179826498032 1.53334808349609 1.35173472762108 1.27636724710464 1.04359495639801 0.937530755996704 0.935615211725235 0.901084542274475 0.88305526971817 1.04933023452759 1.09958472847939 1.66120272874832 1.84180569648743 1.54520326852798 1.49346229434013 1.49689275026321 1.66490471363068 2.91033232212067 -9999 -9999 -9999 -9999 -9999 -9999 -9999 -9999 -9999 -9999 -9999 -9999 -9999 -9999 -9999 -9999 -9999 -9999 -9999 -9999 -9999 -9999 -9999 -9999 -9999 -9999 -9999 -9999 -9999 -9999 -9999
