EcologicalScience/Bass/data/rs_data_bass/chl_517.asc
NCOLS 226 
NROWS 124 
XLLCORNER -9.41648524995501 
YLLCORNER 47.587301625531 
CELLSIZE 0.0833 
NODATA_value -9999 
[rows 81 to 107 of 124, columns 62 to 123 of 226]
3.85158455371857 5.97498106956482 7.6620512008667 7.66205191612244 -9999 -9999 -9999 -9999 -9999 -9999 -9999 -9999 -9999 -9999 -9999 -9999 -9999 -9999 -9999 -9999 -9999 -9999 -9999 -9999 -9999 -9999 -9999 -9999 -9999 -9999 -9999 -9999 -9999 -9999 -9999 -9999 -9999 -9999 -9999 -9999 -9999 -9999 -9999 -9999 -9999 -9999 -9999 -9999 -9999 -9999 -9999 -9999 -9999 -9999 -9999 -9999 -9999 -9999 -9999 -9999 -9999 -9999
2.67457554910494 -9999 -9999 -9999 -9999 -9999 -9999 -9999 -9999 -9999 -9999 -9999 -9999 -9999 -9999 -9999 -9999 -9999 -9999 -9999 -9999 -9999 -9999 -9999 -9999 -9999 -9999 -9999 -9999 -9999 -9999 -9999 -9999 -9999 -9999 -9999 -9999 -9999 -9999 -9999 -9999 -9999 -9999 -9999 -9999 -9999 -9999 -9999 -9999 -9999 -9999 -9999 -9999 -9999 -9999 -9999 -9999 -9999 -9999 -9999 -9999 -9999
-9999 -9999 -9999 -9999 -9999 -9999 -9999 -9999 -9999 -9999 -9999 -9999 -9999 -9999 -9999 -9999 -9999 -9999 -9999 -9999 -9999 -9999 -9999 -9999 -9999 -9999 -9999 -9999 -9999 -9999 -9999 -9999 -9999 -9999 -9999 -9999 -9999 -9999 -9999 -9999 -9999 -9999 -9999 -9999 -9999 -9999 -9999 -9999 -9999 -9999 -9999 -9999 -9999 -9999 -9999 -9999 -9999 -9999 -9999 -9999 -9999 -9999
-9999 -9999 -9999 -9999 -9999 -9999 -9999 -9999 -9999 -9999 -9999 -9999 -9999 -9999 -9999 -9999 -9999 -9999 -9999 -9999 -9999 -9999 -9999 -9999 -9999 -9999 -9999 -9999 -9999 -9999 -9999 -9999 -9999 -9999 -9999 -9999 -9999 -9999 -9999 -9999 -9999 -9999 -9999 -9999 -9999 -9999 -9999 -9999 -9999 -9999 -9999 -9999 -9999 -9999 -9999 -9999 -9999 4.92379429628109 4.96505445241928 4.12225985527039 3.40303444862366 3.23793041706085
-9999 -9999 -9999 -9999 -9999 -9999 -9999 -9999 -9999 -9999 -9999 -9999 -9999 -9999 -9999 -9999 -9999 -9999 -9999 -9999 -9999 -9999 -9999 -9999 -9999 -9999 -9999 -9999 -9999 -9999 -9999 -9999 -9999 -9999 -9999 -9999 37.1749906539917 4.34081304073334 4.51448249816895 4.58058643341064 -9999 -9999 7.45525079114096 2.84993317723274 3.46919989585876 3.15680372714996 1.70169662833214 1.96815762519836 2.30832760334015 2.4340423822403 2.38009607791901 2.20863601352487 -9999 -9999 2.7089878320694 2.80067512392998 3.00367820262909 3.27352607250214 2.90999710559845 2.88447606563568 2.11303102970123 2.00738143920898
-9999 -9999 -9999 -9999 -9999 -9999 -9999 -9999 -9999 -9999 -9999 -9999 -9999 10.4670333489776 3.67540580034256 3.67266863584518 4.74581296741962 4.32358479499817 1.12509450316429 -9999 -9999 -9999 -9999 -9999 -9999 -9999 -9999 -9999 2.55063235759735 2.60623544454575 2.88583159446716 2.98726719617844 3.81756234169006 3.66949796676636 -9999 -9999 -9999 4.17061829566956 4.58273148536682 5.12342441082001 5.42480027675629 3.60661113262177 4.01104819774628 3.55805921554565 2.76717585325241 2.82765465974808 2.91952505707741 3.06896275281906 3.02667450904846 2.76424670219421 2.89274334907532 2.90615236759186 2.89004480838776 2.82650573551655 2.85924625396729 2.53093314170837 2.91156166791916 2.48578089475632 1.88450914621353 1.55479207634926 1.49133974313736 1.50204598903656
-9999 -9999 -9999 -9999 -9999 -9999 -9999 -9999 -9999 -9999 3.69231984615326 2.07555866241455 1.93632882833481 1.68526971340179 1.34491094946861 1.45430211722851 1.7653512597084 1.66401143074036 1.66468731164932 2.11867543458939 2.41060484647751 1.46462522819638 1.53981709480286 1.65477240085602 1.7192953824997 1.69936448335648 -9999 1.86566427681181 2.30290710926056 2.44142764806747 2.63596737384796 3.04018807411194 2.71439754962921 2.93492017686367 2.99892289638519 -9999 3.49006698131561 3.49058604240417 3.67498540878296 4.03346335887909 4.54630100727081 4.05799806118011 3.29979515075684 3.1706475019455 3.10286200046539 2.65908282995224 2.35148334503174 1.90490859746933 1.84039288759232 1.97744071483612 2.38386070728302 2.39746391773224 2.33121806383133 2.16622292995453 1.51590406894684 1.64189672470093 1.9012987613678 1.64704382419586 1.34569978713989 1.27105462551117 1.29909807443619 1.17611038684845
-9999 -9999 -9999 -9999 -9999 -9999 -9999 -9999 1.88575651095464 1.70498089492321 1.60884542763233 1.2531591206789 1.83076840639114 1.7509800195694 1.66683304309845 1.65695124864578 1.50253522396088 1.56423836946487 1.53431582450867 1.33777239918709 1.37040629982948 2.2465004324913 1.95581585168839 1.83829951286316 1.95759147405624 2.04231244325638 2.20639783143997 2.32691735029221 2.3557813167572 2.4444408416748 2.52839380502701 2.58625531196594 2.71793746948242 2.92338448762894 3.11092507839203 3.18827569484711 3.24726355075836 3.34687256813049 3.44897782802582 3.60050439834595 3.45669865608215 3.17735838890076 3.07245361804962 3.08011436462402 2.74805617332458 2.05041646957397 1.62167197465897 1.56051832437515 1.5391965508461 1.56289404630661 1.46354478597641 1.4056853055954 1.41341015696526 1.51811921596527 1.91139632463455 1.78931111097336 1.45916765928268 1.51626008749008 1.5585880279541 1.57513457536697 1.2344968020916 0.783794403076172
-9999 -9999 -9999 -9999 -9999 -9999 -9999 -9999 -9999 1.67842698097229 1.31663708388805 1.25374522805214 1.59647762775421 1.74536848068237 1.75692683458328 1.66362458467484 1.53309255838394 1.42035430669785 1.55798631906509 1.66106396913528 1.65053898096085 1.67959588766098 1.73788619041443 1.77086520195007 1.86022353172302 1.93621730804443 1.99455195665359 2.17738419771194 2.24434876441956 2.28688538074493 2.34760057926178 2.38039952516556 2.56171864271164 2.93325394392014 3.2071441411972 3.44476711750031 3.4142392873764 3.35826516151428 3.24245810508728 3.27439033985138 3.0516414642334 2.99816483259201 2.76613461971283 2.28686535358429 1.87276715040207 1.78287094831467 1.65488541126251 1.44272911548615 1.34783685207367 1.31987580657005 1.41211125254631 1.48314955830574 1.67933839559555 1.98455482721329 1.96309018135071 1.77482682466507 1.55206078290939 1.59812718629837 1.73275673389435 1.7677309513092 1.22204750776291 0.768079608678818
-9999 -9999 -9999 -9999 -9999 -9999 -9999 -9999 -9999 1.30110780894756 1.35594883561134 1.74557036161423 1.73513209819794 1.72042590379715 1.55463963747025 1.61696988344193 1.805719435215 1.76810699701309 1.65254241228104 1.66244655847549 1.73184549808502 1.83404767513275 1.82698291540146 1.85567200183868 1.87791019678116 1.8522761464119 1.88025373220444 1.84742188453674 1.87539857625961 1.95615309476852 2.03345149755478 2.1733837723732 2.32356512546539 2.64895534515381 2.8988351225853 3.24381136894226 3.32720267772675 3.38712751865387 3.37954795360565 3.28660941123962 2.97296905517578 2.37298411130905 1.81606882810593 1.65539664030075 1.64939153194427 1.63749933242798 1.63991457223892 1.58880096673965 1.34646472334862 1.26501461863518 1.29319122433662 1.46983060240746 1.76032251119614 1.98614555597305 2.0600688457489 1.94194132089615 1.74938982725143 1.74884408712387 1.76846873760223 1.43871858716011 0.927195847034454 0.760663837194443
1.0466256737709 1.05143710970879 1.1604625582695 1.17265838384628 1.54549856483936 -9999 -9999 1.92110171914101 1.50624847412109 1.24508781731129 1.76510435342789 1.74851381778717 1.49819540977478 1.4928982257843 1.36907386779785 1.33367541432381 1.37039002776146 1.49475395679474 1.57928967475891 1.68297511339188 1.60302543640137 1.60129487514496 1.66565626859665 1.64637780189514 1.57807821035385 1.49335652589798 1.45722386240959 1.4175176024437 1.3675688803196 1.377625644207 1.43124487996101 1.4836650788784 1.54359430074692 1.61261200904846 1.66839444637299 1.74883300065994 1.83519977331161 1.89906299114227 1.91557681560516 1.91172248125076 1.59444987773895 1.41469278931618 1.42132249474525 1.45446386933327 1.48426714539528 1.4856524169445 1.50487893819809 1.4793426990509 1.37909951806068 1.31349536776543 1.57161962985992 2.1726039648056 2.37482160329819 2.325703561306 2.15404325723648 2.09754824638367 1.81522214412689 1.57316833734512 1.48359766602516 1.34044262766838 1.17658710479736 1.0391634106636
1.12213146686554 1.06198918819427 0.767110168933868 1.23764133453369 1.30183638632298 1.53694331645966 1.54644580185413 1.45841726660728 1.44255428016186 1.23030169308186 1.09223999083042 1.0045803040266 1.02975869178772 1.20901027321815 1.25691246986389 1.25737300515175 1.39503800868988 1.56920653581619 1.58394008874893 1.68471318483353 1.58594530820847 1.48253774642944 1.4058241546154 1.36134159564972 1.34233814477921 1.32236024737358 1.33027052879333 1.35086211562157 1.35828405618668 1.36013460159302 1.36262914538383 1.36488497257233 1.35639971494675 1.348802536726 1.36608123779297 1.35682091116905 1.33733716607094 1.33596619963646 1.33905234932899 1.35210907459259 1.36725300550461 1.4034158885479 1.43711632490158 1.44317784905434 1.47119852900505 1.46571886539459 1.412817299366 1.38558885455132 1.49586644768715 1.78365701436996 2.15777975320816 2.45283275842667 2.49853831529617 2.33249062299728 2.18158543109894 2.20802342891693 1.93965375423431 1.61627501249313 1.54691523313522 1.39617642760277 1.33703470230103 1.37166711688042
1.06976732611656 0.980088651180267 0.878613173961639 1.11379766464233 1.27720016241074 1.8682581782341 1.23627193272114 1.23289377987385 1.308304220438 1.33157756924629 1.18219551444054 1.13466860353947 0.700577884912491 0.704644739627838 1.00921654701233 1.08888244628906 1.19946312904358 1.3225491642952 1.44442847371101 1.41398513317108 1.38353884220123 1.30130687355995 1.23206466436386 1.2044794857502 1.20106002688408 1.23773047327995 1.32607099413872 1.36415255069733 1.411845266819 1.44209638237953 1.43843615055084 1.43686392903328 1.41527938842773 1.40420258045197 1.41017720103264 1.42018085718155 1.41819727420807 1.42632928490639 1.38483291864395 1.34738704562187 1.36481165885925 1.40293192863464 1.46048855781555 1.51094841957092 1.58108550310135 1.71737390756607 1.76713460683823 1.72416043281555 1.8940663933754 2.24957710504532 2.5528752207756 2.78696250915527 2.79526662826538 2.30171746015549 1.9359050989151 1.85235124826431 1.85011750459671 1.81074124574661 1.85048192739487 2.01879966259003 1.93843531608582 1.86165136098862
0.820131808519363 0.820167660713196 0.773960083723068 0.900309026241302 1.02317798137665 1.13621377944946 1.03606760501862 0.668251410126686 0.712925747036934 0.759224206209183 0.774002909660339 0.772352457046509 0.770139813423157 1.03834971785545 0.830244541168213 0.972666710615158 1.06105622649193 1.13183686137199 1.22160735726357 1.23353773355484 1.21265378594398 1.19791540503502 1.16737711429596 1.11797091364861 1.2138863503933 1.36328288912773 1.43754369020462 1.46966886520386 1.44816255569458 1.4285295009613 1.42524540424347 1.42271634936333 1.42762702703476 1.43193653225899 1.45439055562019 1.51127797365189 1.59826880693436 1.62753599882126 1.60723239183426 1.51001805067062 1.52743774652481 1.53808557987213 1.5850036740303 1.57316368818283 1.67228829860687 1.88182443380356 2.16385996341705 2.42284888029099 2.58462685346603 2.52811020612717 2.59742617607117 2.56101590394974 2.21780508756638 1.91270363330841 1.73962712287903 1.66804629564285 1.95377629995346 2.10699373483658 2.08132696151733 2.05694818496704 2.08175718784332 2.10723495483398
0.665442019701004 0.710192888975143 0.747829556465149 0.775357156991959 0.752315908670425 0.781276077032089 0.821045726537704 0.861010193824768 0.939614921808243 0.743554651737213 0.919508635997772 0.931869953870773 0.915354251861572 0.961982578039169 1.01802581548691 1.02645626664162 1.08280447125435 1.15523493289948 1.23790007829666 1.28507307171822 1.29886829853058 1.32097783684731 1.34796470403671 1.21701166033745 1.45455023646355 1.46454960107803 1.48123347759247 1.50159412622452 1.50761997699738 1.48727640509605 1.4595128595829 1.45631924271584 1.48880785703659 1.52605962753296 1.57536417245865 1.66400688886642 1.88220548629761 2.07594537734985 2.18308478593826 2.26037818193436 2.24123185873032 2.21223700046539 1.94262278079987 1.969482421875 1.88828319311142 2.0661261677742 2.48288941383362 2.3614838719368 2.24906444549561 2.18571245670319 2.19040328264236 2.1127068400383 1.80296444892883 1.65331131219864 1.5589000582695 1.58290904760361 1.87916600704193 1.98113894462585 1.97330117225647 2.25089156627655 2.40051484107971 2.41341465711594
0.675675988197327 0.695259287953377 0.68423156440258 0.692795276641846 0.756422370672226 0.914816826581955 1.11567351222038 1.32562860846519 1.43764874339104 1.15985092520714 0.942109555006027 0.979998707771301 0.981549561023712 1.07742521166801 1.16827136278152 1.11156052350998 1.00094175338745 1.12598615884781 1.28343227505684 1.3189412355423 1.36380556225777 1.47770297527313 1.41779565811157 1.00479567050934 1.29282939434052 1.39943388104439 1.460743278265 1.49853864312172 1.5855011343956 1.61633509397507 1.62612050771713 1.61570674180984 1.57310163974762 1.57639914751053 1.74131119251251 1.86932998895645 1.95255571603775 2.0711395740509 2.15437513589859 2.18487417697906 2.20906680822372 2.32756608724594 2.18697488307953 1.97690588235855 2.21771782636642 2.49708294868469 2.70863735675812 1.95193183422089 1.744400203228 1.45399734377861 1.47697305679321 1.6834831237793 1.6853694319725 1.67069756984711 1.74918723106384 2.04926258325577 2.18420344591141 2.24001288414001 2.43375706672668 2.62372273206711 2.70310324430466 2.74994319677353
0.678839027881622 0.679948344826698 0.690965786576271 0.873091846704483 0.982278853654861 1.29170760512352 1.67241615056992 1.81124264001846 1.6660264134407 1.60698741674423 1.29039287567139 1.07190960645676 0.903377830982208 0.854497253894806 0.903664380311966 0.835689604282379 0.865358054637909 0.927725851535797 0.877773821353912 0.943465203046799 1.32079356908798 1.3106861114502 1.3258992433548 1.07580035924911 1.02103763818741 1.5064662694931 1.50981438159943 1.90482777357101 1.92615330219269 1.87897431850433 1.65943604707718 1.61138874292374 1.61238151788712 1.80988919734955 2.05086278915405 2.076151907444 2.13283717632294 2.14774113893509 2.24272674322128 2.07510852813721 2.07953989505768 2.20051825046539 2.11633408069611 2.17388337850571 2.67278212308884 2.81965434551239 2.42587691545486 2.13868975639343 2.04282760620117 2.00165444612503 1.73373734951019 1.55177342891693 1.81620383262634 2.24876421689987 2.27491110563278 2.26809096336365 2.28501427173615 -9999 -9999 -9999 -9999 -9999
0.713645964860916 0.730770036578178 1.04763489961624 1.13688871264458 1.28718629479408 1.39570274949074 1.51779341697693 1.5210177898407 1.54751336574554 1.50627529621124 1.51272654533386 1.46363604068756 1.47054961323738 1.35744899511337 1.2552452981472 1.27742278575897 1.54559540748596 1.50737965106964 1.36001229286194 1.12817966938019 1.38710680603981 1.43931376934052 1.51225340366364 1.4743165075779 1.52445530891418 1.37174195051193 1.81454676389694 2.02201169729233 1.96048665046692 1.80090290307999 1.64837926626205 1.60120350122452 1.7409063577652 2.34925889968872 2.80191832780838 2.68364310264587 2.26746690273285 2.2030593752861 2.40986806154251 2.2579373717308 2.08785420656204 2.13912981748581 2.16829401254654 2.64241218566895 2.7956600189209 2.5397635102272 2.4360768198967 2.41526359319687 1.68840426206589 1.41259315609932 1.32256507873535 1.39695453643799 1.71747636795044 2.4245992898941 2.71602343235697 -9999 -9999 -9999 -9999 -9999 -9999 -9999
0.715861827135086 0.756254106760025 0.907213658094406 1.20747363567352 1.36296620965004 1.48961412906647 1.48235186934471 1.34071657061577 1.32161521911621 1.36427369713783 1.41935679316521 1.38370648026466 1.13711205124855 1.1474107503891 1.00989979505539 0.920049369335175 1.28521335124969 1.3948789536953 1.35163959860802 1.43792027235031 1.45451760292053 1.51980292797089 1.49371567368507 1.41784957051277 1.33293065428734 1.32309597730637 1.60286825895309 1.74895423650742 1.78555798530579 -9999 -9999 -9999 -9999 -9999 -9999 3.14426672458649 2.18474936485291 2.12675786018372 2.03686237335205 2.18892306089401 2.21188116073608 2.26390081644058 2.36515742540359 2.47065871953964 2.28855729103088 2.05888205766678 1.98028367757797 1.7076655626297 1.5865461230278 1.58866488933563 1.68888401985168 1.74686390161514 1.58097696304321 1.9762424826622 1.97624230384827 -9999 -9999 -9999 -9999 -9999 -9999 -9999
0.754377365112305 0.794083714485168 0.923636823892593 1.05977886915207 1.1446490585804 1.22901150584221 1.39252477884293 1.31852754950523 1.28370228409767 1.3156526684761 1.26760098338127 1.20985919237137 1.16628795862198 1.11964523792267 0.905646175146103 1.01628452539444 1.13725751638412 1.24947533011436 1.48119056224823 1.5820124745369 1.40154772996902 1.43998154997826 1.48808482289314 1.49316090345383 1.37091994285583 1.36404114961624 1.56567299365997 1.770348072052 1.89369678497314 -9999 -9999 -9999 -9999 -9999 -9999 2.52163589000702 2.43664687871933 2.44683891534805 2.52435350418091 2.62477844953537 2.60924130678177 2.65704166889191 2.51944255828857 2.18167340755463 2.02047032117844 2.01931768655777 2.07758384943008 2.04058277606964 1.95806765556335 1.91702646017075 1.99875319004059 2.07584863901138 -9999 -9999 -9999 -9999 -9999 -9999 -9999 -9999 -9999 -9999
0.752084612846375 0.769569486379623 0.852436244487762 1.0345630645752 1.11743420362473 1.27700141072273 1.37567567825317 1.32784715294838 1.44484314322472 1.349439650774 1.26970437169075 1.1544346511364 1.12576818466187 1.07088607549667 1.00493967533112 1.01681730151176 1.15558415651321 1.30223339796066 1.5073184967041 1.69990611076355 0.806832338418436 1.51157176494598 1.45716252923012 1.40902733802795 1.51477897167206 1.48691573739052 1.65114605426788 2.00115644931793 1.94276207685471 -9999 -9999 -9999 -9999 -9999 -9999 -9999 1.94265550374985 2.19909167289734 2.47617816925049 2.50297755002975 2.52709400653839 2.52823805809021 2.55017530918121 2.64961177110672 2.80042004585266 2.52871227264404 2.40978473424911 2.24268847703934 2.02622830867767 2.10235315561295 2.31898462772369 2.82961839437485 3.30908131599426 -9999 -9999 -9999 -9999 -9999 -9999 -9999 -9999 -9999
0.95302677154541 0.979608401656151 0.909658133983612 1.13629540801048 1.16298079490662 1.21266567707062 1.30725073814392 1.31878647208214 1.26135340332985 1.22986435890198 1.23700985312462 1.17990803718567 1.16372948884964 1.04970565438271 1.00361663103104 1.05833172798157 1.09788528084755 1.14947354793549 1.14623174071312 1.03945845365524 1.01443147659302 1.06707313656807 1.09338194131851 1.54266822338104 1.99150550365448 2.15307945013046 2.40750789642334 2.4915434718132 2.63540321588516 2.64547455310822 -9999 -9999 -9999 -9999 -9999 -9999 -9999 2.14192074537277 2.14192074537277 2.92556601762772 2.74250417947769 2.74580812454224 2.83751714229584 3.05833125114441 3.05144083499908 2.81876546144485 2.543532371521 2.27704650163651 2.07911002635956 2.04628962278366 2.13606065511703 2.49742323160172 2.79826927185059 -9999 -9999 -9999 -9999 -9999 -9999 -9999 -9999 -9999
0.96262389421463 0.921526148915291 0.95355199277401 0.987054884433746 1.08814349770546 1.10923263430595 1.18138360977173 1.25476026535034 1.2792703807354 1.26015990972519 1.24656718969345 1.18197065591812 1.05590245127678 1.01132690906525 0.980065941810608 1.06406074762344 1.09828671813011 1.14076146483421 1.13742336630821 1.06878796219826 1.00137269496918 0.991013735532761 1.3314708173275 1.7863222360611 2.40289735794067 2.40028631687164 2.39064610004425 2.43545114994049 2.49082374572754 2.6045526266098 2.66236710548401 -9999 -9999 -9999 -9999 -9999 -9999 -9999 -9999 -9999 -9999 -9999 -9999 -9999 -9999 -9999 3.65490746498108 2.18680590391159 2.27818769216537 2.33540403842926 2.37634634971619 -9999 -9999 -9999 -9999 -9999 -9999 -9999 -9999 -9999 -9999 -9999
1.05534003674984 0.989738389849663 0.90723791718483 1.04440762102604 1.06656181812286 1.13268707692623 1.13678786158562 1.19693085551262 1.19505679607391 1.19684073328972 1.20479634404182 1.20428627729416 1.13848078250885 1.05833646655083 1.09364452958107 1.10183358192444 1.12387919425964 1.11029908061028 1.09839695692062 1.11706611514091 1.24907746911049 1.40495252609253 1.96960616111755 2.25228273868561 1.66281517267227 -9999 2.1679801940918 2.24360007047653 2.32516551017761 2.41367000341415 2.53543031215668 2.59444266557693 -9999 -9999 -9999 -9999 -9999 -9999 -9999 -9999 -9999 -9999 -9999 -9999 -9999 -9999 -9999 -9999 -9999 -9999 -9999 -9999 -9999 -9999 -9999 -9999 -9999 -9999 -9999 -9999 -9999 -9999
1.02528123557568 0.991342350840569 1.02164527773857 1.05191834270954 1.11863158643246 1.19652181863785 1.27609518170357 1.32067014276981 1.11080172657967 1.12022656202316 1.22892048954964 1.28478115797043 1.18325364589691 1.16873896121979 1.15687537193298 1.15811374783516 1.22531309723854 1.26670154929161 1.28834661841393 1.3958101272583 1.61165428161621 1.80669093132019 2.12632423639297 2.45515340566635 2.50645691156387 2.5035206079483 2.27454417943954 2.25397557020187 2.33072572946548 2.65528517961502 2.9420371055603 3.06690073013306 -9999 -9999 -9999 -9999 -9999 -9999 -9999 -9999 -9999 -9999 -9999 -9999 -9999 -9999 -9999 -9999 -9999 -9999 -9999 -9999 -9999 -9999 -9999 -9999 -9999 -9999 -9999 -9999 -9999 -9999
1.15847472846508 1.14914855360985 1.13400149345398 1.1536932438612 1.19569194316864 1.24333579838276 1.29325233399868 1.1286269724369 1.18405410647392 1.24735710024834 1.44190764427185 1.52181619405746 1.43112096190453 1.40433159470558 1.32926094532013 1.32928955554962 1.36567953228951 1.37058904767036 1.31450235843658 1.52547043561935 1.74974066019058 1.89540374279022 1.97579026222229 2.23880589008331 2.2884094119072 2.26337885856628 2.19348835945129 2.28174448013306 2.85245740413666 2.94938349723816 3.05343067646027 3.19457137584686 -9999 -9999 -9999 -9999 -9999 -9999 -9999 -9999 -9999 -9999 -9999 -9999 -9999 -9999 -9999 -9999 -9999 -9999 -9999 -9999 -9999 -9999 -9999 -9999 -9999 -9999 -9999 -9999 -9999 -9999
1.18308515846729 1.28134037554264 1.31237509846687 1.16187760233879 1.16787725687027 1.18672424554825 1.18410873413086 1.30811315774918 1.46341413259506 1.53817766904831 1.62721002101898 1.72000247240067 1.74634927511215 1.81824946403503 1.73865973949432 1.66399043798447 1.5454950928688 1.41499337553978 1.35236978530884 1.52080821990967 1.79263490438461 2.06847470998764 2.33558374643326 2.38607901334763 2.37977600097656 2.30516964197159 2.06294506788254 1.97262954711914 2.21342664957047 2.33387786149979 2.26052194833755 2.34194451570511 -9999 -9999 -9999 -9999 -9999 -9999 -9999 -9999 -9999 -9999 -9999 -9999 -9999 -9999 -9999 -9999 -9999 -9999 -9999 -9999 -9999 -9999 -9999 -9999 -9999 -9999 -9999 -9999 -9999 -9999
