EcologicalScience/Bass/data/rs_data_bass/chl_119.asc
NCOLS 226 
NROWS 124 
XLLCORNER -9.41648524995501 
YLLCORNER 47.587301625531 
CELLSIZE 0.0833 
NODATA_value -9999 
[rows 0 to 26 of 124, columns 62 to 123 of 226]
-9999 -9999 -9999 -9999 -9999 -9999 -9999 -9999 -9999 -9999 -9999 -9999 -9999 -9999 -9999 -9999 -9999 -9999 -9999 -9999 -9999 -9999 -9999 -9999 -9999 -9999 -9999 -9999 -9999 -9999 -9999 -9999 -9999 -9999 -9999 -9999 -9999 -9999 -9999 -9999 -9999 -9999 -9999 -9999 -9999 -9999 -9999 -9999 -9999 -9999 -9999 -9999 -9999 -9999 -9999 -9999 -9999 -9999 -9999 -9999 -9999 -9999
-9999 -9999 -9999 -9999 -9999 -9999 -9999 -9999 -9999 -9999 -9999 -9999 -9999 -9999 -9999 -9999 -9999 -9999 -9999 -9999 -9999 -9999 -9999 -9999 -9999 -9999 -9999 -9999 -9999 -9999 -9999 -9999 -9999 -9999 -9999 -9999 -9999 -9999 -9999 -9999 -9999 -9999 -9999 -9999 -9999 -9999 -9999 -9999 -9999 -9999 -9999 -9999 -9999 -9999 -9999 -9999 -9999 -9999 -9999 -9999 -9999 -9999
-9999 -9999 -9999 -9999 -9999 -9999 -9999 -9999 -9999 -9999 -9999 -9999 -9999 -9999 -9999 -9999 -9999 -9999 -9999 -9999 -9999 -9999 -9999 -9999 -9999 -9999 -9999 -9999 -9999 -9999 -9999 -9999 -9999 -9999 -9999 -9999 -9999 -9999 -9999 -9999 -9999 -9999 -9999 -9999 -9999 -9999 -9999 -9999 -9999 -9999 -9999 -9999 -9999 -9999 -9999 -9999 -9999 -9999 -9999 -9999 -9999 -9999
-9999 -9999 -9999 -9999 -9999 -9999 -9999 -9999 -9999 -9999 -9999 -9999 -9999 -9999 -9999 -9999 -9999 -9999 -9999 -9999 -9999 -9999 -9999 -9999 -9999 -9999 -9999 -9999 -9999 -9999 -9999 -9999 -9999 -9999 -9999 -9999 -9999 -9999 -9999 -9999 -9999 -9999 -9999 -9999 -9999 -9999 -9999 -9999 -9999 -9999 -9999 -9999 -9999 -9999 -9999 -9999 -9999 -9999 -9999 -9999 -9999 -9999
-9999 -9999 -9999 -9999 -9999 -9999 -9999 -9999 -9999 -9999 -9999 -9999 -9999 -9999 -9999 -9999 -9999 -9999 -9999 -9999 -9999 -9999 -9999 -9999 -9999 -9999 -9999 -9999 -9999 -9999 -9999 -9999 -9999 -9999 -9999 -9999 -9999 -9999 -9999 -9999 -9999 -9999 -9999 -9999 -9999 -9999 -9999 -9999 -9999 -9999 -9999 -9999 -9999 -9999 -9999 -9999 -9999 -9999 -9999 -9999 -9999 -9999
-9999 -9999 -9999 -9999 -9999 -9999 -9999 -9999 -9999 -9999 -9999 -9999 -9999 -9999 -9999 -9999 -9999 -9999 -9999 -9999 -9999 -9999 -9999 -9999 -9999 -9999 -9999 -9999 0.63735419511795 0.745675047274924 1.82677416801453 0.510252758860588 0.469821006059647 0.479823008179665 0.510259509086609 0.654087737202644 0.622693508863449 0.597380250692368 0.707721009850502 0.637471497058868 0.522898480296135 0.52251823246479 0.505211234092712 0.532468512654305 0.537236228585243 0.569703742861748 0.649108484387398 0.832441538572311 0.836838752031326 0.642795011401176 0.961797550320625 0.891806468367577 0.809476889669895 0.795394867658615 1.42353469133377 1.24675694704056 0.948311859369278 0.9663718521595 0.655463263392448 0.446195259690285 0.346098370850086 0.397656004875898
-9999 -9999 -9999 -9999 -9999 -9999 -9999 -9999 -9999 -9999 -9999 -9999 -9999 -9999 -9999 -9999 -9999 -9999 -9999 -9999 -9999 -9999 -9999 -9999 -9999 -9999 1.18186515569687 1.0627324283123 1.50949269533157 0.939828783273697 0.789772510528564 0.745193257927895 0.621575251221657 0.597182258963585 0.593184739351273 0.582655504345894 0.631208270788193 0.681873768568039 0.996157497167587 1.04444365203381 1.01081921160221 0.94396086037159 0.541167005896568 0.671051234006882 0.775095731019974 0.840454459190369 1.0190272629261 1.01667523384094 0.93433204293251 0.84877422451973 0.961047023534775 0.906211495399475 0.871204510331154 0.812021993100643 0.984384268522263 0.972471743822098 0.933605507016182 0.704515725374222 0.448822197318077 0.350375095009804 0.340431377291679 0.444425269961357
-9999 -9999 -9999 -9999 -9999 -9999 -9999 -9999 -9999 -9999 -9999 -9999 -9999 -9999 -9999 -9999 -9999 -9999 -9999 -9999 -9999 -9999 -9999 -9999 -9999 -9999 1.18186515569687 1.36890372633934 1.18687802553177 1.1593034863472 1.14569699764252 0.879438757896423 0.848475784063339 0.846977233886719 0.790194779634476 0.755530536174774 0.755384266376495 0.746810272336006 0.721707746386528 1.06447723507881 1.12589299678802 1.1593074798584 1.23233222961426 1.21552455425262 1.20293200016022 0.9701167345047 0.998913019895554 0.640187233686447 0.62058824300766 0.592520266771317 0.579934492707253 0.508442267775536 0.491699248552322 0.448283270001411 0.49464525282383 0.530278488993645 0.641431700438261 0.604646444320679 0.561584249138832 0.549169510602951 0.5285474807024 0.508437752723694
-9999 -9999 -9999 -9999 -9999 -9999 -9999 -9999 -9999 -9999 -9999 -9999 -9999 -9999 -9999 -9999 -9999 -9999 -9999 -9999 -9999 -9999 -9999 -9999 -9999 -9999 2.86453422904015 1.80327379703522 1.27919697761536 1.25146499276161 1.32552900910378 1.09255796670914 0.9308902323246 0.836303293704987 0.80370220541954 0.815769016742706 0.785900205373764 0.829816997051239 0.991812258958817 1.14964348077774 0.330505505204201 0.327920258045197 0.335670746862888 1.24253875017166 1.22400951385498 1.35701274871826 0.59051625430584 0.551180988550186 0.548932492733002 0.538012504577637 0.496946230530739 0.463166981935501 0.45803926885128 0.488481760025024 0.519768744707108 0.506943762302399 0.544259995222092 0.516671240329742 0.498069763183594 0.490894496440887 0.487709239125252 0.471169486641884
-9999 -9999 -9999 -9999 -9999 -9999 -9999 -9999 -9999 -9999 -9999 -9999 -9999 -9999 -9999 -9999 -9999 -9999 -9999 -9999 -9999 -9999 -9999 -9999 -9999 1.19121462106705 3.56616700440645 1.452771037817 1.36967700719833 1.25641795992851 1.10298675298691 1.00352400541306 0.864966720342636 0.770197480916977 0.738991498947144 0.740570247173309 0.75804528594017 0.834915786981583 0.662834241986275 1.11171329021454 0.842231646180153 0.894006371498108 1.29410421848297 1.25870025157928 1.21469950675964 0.526189506053925 0.502891480922699 0.501729011535645 0.503348261117935 0.46909573674202 0.442341014742851 0.487246513366699 0.488295748829842 0.5051099807024 0.529846519231796 0.542159244418144 0.471922516822815 0.463201493024826 0.451440006494522 0.500667370855808 0.477811127901077 0.386915266513824
-9999 -9999 -9999 -9999 -9999 -9999 -9999 -9999 -9999 -9999 -9999 -9999 -9999 -9999 -9999 -9999 -9999 -9999 -9999 -9999 -9999 -9999 -9999 -9999 -9999 5.00231491327286 0.956808775663376 1.3420492708683 1.50258600711823 1.08946949243546 0.659572497010231 0.613032013177872 0.661984518170357 0.69369301199913 0.630512997508049 0.709293007850647 0.728337004780769 0.696387737989426 0.639108002185822 0.576028481125832 0.515245512127876 0.512037009000778 0.509921237826347 0.574770748615265 0.56260272860527 0.518685758113861 0.481280252337456 0.44521875679493 0.426286518573761 0.442458003759384 0.451392754912376 0.460722729563713 0.471242263913155 0.502167731523514 0.506225243210793 0.485696241259575 0.487010255455971 0.434777989983559 0.472507886588573 0.437204271554947 0.419661372900009 0.396266609430313
-9999 -9999 -9999 -9999 -9999 -9999 -9999 -9999 -9999 -9999 -9999 -9999 -9999 -9999 -9999 -9999 -9999 -9999 -9999 -9999 -9999 -9999 -9999 -9999 1.31647038459778 0.725050985813141 0.714009001851082 0.957801014184952 1.19695428013802 0.778844207525253 0.666773244738579 0.614670753479004 0.674585983157158 0.620976001024246 0.597606003284454 0.618259504437447 0.575444251298904 0.551735267043114 0.560794517397881 0.539021998643875 0.502941772341728 0.517301246523857 0.490608751773834 0.503709018230438 0.512269511818886 0.452636271715164 0.440055012702942 0.4230667501688 0.377359494566917 0.379901245236397 0.432563245296478 0.450023978948593 0.460380747914314 0.478833764791489 0.487725019454956 0.4857187718153 0.499834477901459 0.473589017987251 0.4453095048666 0.394470736384392 0.389288261532784 0.387670867145061
-9999 -9999 -9999 -9999 -9999 -9999 -9999 -9999 -9999 -9999 -9999 -9999 -9999 -9999 -9999 -9999 -9999 -9999 -9999 -9999 -9999 -9999 -9999 1.50594073534012 2.28224927186966 0.876724541187286 0.775862216949463 0.800375998020172 0.723282739520073 0.662066996097565 0.698643743991852 0.648654744029045 0.610847979784012 0.574759483337402 0.565185740590096 0.552119985222816 0.533963978290558 0.533218502998352 0.53040075302124 0.525765761733055 0.513187497854233 0.500048249959946 0.463556259870529 0.463644728064537 0.446905508637428 0.431363984942436 0.418089017271996 0.393282741308212 0.40709625184536 0.385518014431 0.407978251576424 0.4504065066576 0.473334744572639 0.48854398727417 0.524174988269806 0.534026250243187 0.498909741640091 0.447478517889977 0.405358493328094 0.370368741452694 0.339110255241394 0.301481254398823
-9999 -9999 -9999 -9999 -9999 -9999 -9999 -9999 -9999 -9999 -9999 -9999 -9999 -9999 -9999 -9999 -9999 -9999 -9999 -9999 -9999 -9999 4.74167418479919 1.80182325839996 0.970318526029587 0.620327264070511 0.641111254692078 0.726185247302055 0.735030770301819 0.647418022155762 0.603549733757973 0.6197399944067 0.574012488126755 0.552456736564636 0.542238011956215 0.530706748366356 0.506811752915382 0.482964009046555 0.45820726454258 0.445262253284454 0.431354999542236 0.432209998369217 0.457436263561249 0.458211019635201 0.46730849146843 0.465438768267632 0.456913501024246 0.453390017151833 0.438282743096352 0.432507768273354 0.471115484833717 0.449654996395111 0.459231019020081 0.486966758966446 0.497340738773346 0.480187520384789 0.447752997279167 0.421136990189552 0.389274761080742 0.351798757910728 0.308680504560471 0.276719257235527
-9999 -9999 -9999 -9999 -9999 -9999 -9999 -9999 -9999 -9999 -9999 -9999 -9999 -9999 -9999 -9999 -9999 -9999 -9999 -9999 2.64602583646774 1.8883554214655 5.31972461938858 1.06205329298973 0.690956264734268 0.668919011950493 0.611181735992432 0.591117739677429 0.576150745153427 0.57251925766468 0.569069981575012 0.572294265031815 0.562365755438805 0.545207262039185 0.543453007936478 0.535643979907036 0.514654487371445 0.47156023979187 0.459390744566917 0.457290753722191 0.459147021174431 0.462984770536423 0.474904507398605 0.470252260565758 0.482884481549263 0.481229245662689 0.476619020104408 0.500059515237808 0.484098762273788 0.448683008551598 0.44496975839138 0.439190983772278 0.441972747445107 0.467205002903938 0.495838478207588 0.48634198307991 0.428558260202408 0.411096006631851 0.364876493811607 0.357238501310349 0.375592879951 0.27844874560833
-9999 -9999 -9999 -9999 -9999 -9999 -9999 -9999 -9999 -9999 -9999 -9999 -9999 -9999 -9999 -9999 -9999 -9999 -9999 -9999 2.10815650158605 1.33757366985083 1.31839448213577 0.95985746383667 0.727387502789497 0.638456985354424 0.679844990372658 0.646613985300064 0.582937493920326 0.545107483863831 0.571225494146347 0.602285251021385 0.586888521909714 0.561633735895157 0.535994231700897 0.540775492787361 0.516654744744301 0.505051508545876 0.497136756777763 0.485537990927696 0.481743738055229 0.48505125939846 0.484556257724762 0.485543981194496 0.503807231783867 0.50621397793293 0.521368503570557 0.510041266679764 0.515667736530304 0.51536326110363 0.516803249716759 0.503111243247986 0.504449978470802 0.485006242990494 0.50170724093914 0.482703745365143 0.420239254832268 0.391414493322372 0.352413006126881 0.320066995918751 0.31598699837923 0.286784246563911
-9999 -9999 -9999 -9999 -9999 -9999 -9999 -9999 -9999 -9999 -9999 -9999 -9999 -9999 -9999 -9999 -9999 -9999 -9999 3.62617427110672 1.01212728023529 0.919157266616821 0.798049539327621 0.719777271151543 0.714630737900734 0.710400760173798 0.80177628993988 0.768491238355637 0.661167740821838 0.640101760625839 0.64547024667263 0.639676496386528 0.605283737182617 0.55884151160717 0.531622499227524 0.511356756091118 0.505514234304428 0.512549981474876 0.50338576734066 0.4855747371912 0.466883271932602 0.464911490678787 0.483463481068611 0.517732501029968 0.514734730124474 0.523081496357918 0.534507751464844 0.524507269263268 0.52438049018383 0.520507514476776 0.515254497528076 0.482467487454414 0.485305488109589 0.496635004878044 0.480487480759621 0.461317509412766 0.38902647793293 0.357279002666473 0.341056510806084 0.320162996649742 0.305434495210648 0.296406000852585
-9999 -9999 -9999 -9999 -9999 -9999 -9999 -9999 -9999 -9999 -9999 -9999 -9999 -9999 -9999 -9999 -9999 -9999 3.72571492195129 1.70133447647095 1.07181376218796 1.02368849515915 1.00593745708466 0.719143509864807 0.684909760951996 0.815126270055771 0.705411002039909 0.686030253767967 0.659363999962807 0.651969015598297 0.643045485019684 0.650282263755798 0.601649254560471 0.552849769592285 0.539037019014359 0.525083988904953 0.492933019995689 0.497690990567207 0.490532264113426 0.447144761681557 0.453043520450592 0.469549521803856 0.494622007012367 0.509958744049072 0.510329246520996 0.518673732876778 0.533397763967514 0.554359495639801 0.549381002783775 0.569956496357918 0.538075491786003 0.538669511675835 0.50959874689579 0.483429729938507 0.486409485340118 0.470503494143486 0.395345985889435 0.367707744240761 0.33992924541235 0.353785492479801 0.357673510909081 0.356933254748583
-9999 -9999 -9999 -9999 -9999 -9999 -9999 -9999 -9999 -9999 -9999 -9999 -9999 -9999 -9999 -9999 -9999 9.91825871936159 2.853276014328 1.97058516740799 1.51758527755737 1.02144974470139 0.834820479154587 0.742250248789787 0.711785987019539 0.684645742177963 0.663580521941185 0.632009267807007 0.592011764645576 0.622394979000092 0.639730498194695 0.633105754852295 0.611704498529434 0.5730210095644 0.538273483514786 0.520076259970665 0.504913508892059 0.465871497988701 0.454959735274315 0.44124448299408 0.455172747373581 0.465075016021729 0.476499751210213 0.49158601462841 0.495740979909897 0.48877876996994 0.512265756726265 0.514823243021965 0.481017753481865 0.491969257593155 0.511333510279655 0.48456072807312 0.482777237892151 0.475558519363403 0.480421498417854 0.476853758096695 0.406409248709679 0.402788244187832 0.384125623852015 0.389364749193192 0.385850630700588 0.333461254835129
-9999 -9999 -9999 -9999 -9999 -9999 -9999 -9999 -9999 -9999 -9999 -9999 -9999 -9999 -9999 -9999 -9999 -9999 -9999 5.07413922250271 1.64901441335678 1.31117400527 0.737879231572151 0.602580741047859 0.54628050327301 0.516391485929489 0.534557998180389 0.575816228985786 0.582731232047081 0.595003500580788 0.603616520762444 0.624217495322227 0.579096749424934 0.58119598031044 0.551135256886482 0.51920548081398 0.493702501058578 0.453999727964401 0.439207479357719 0.454134732484818 0.452156245708466 0.46551302075386 0.459324762225151 0.462741002440453 0.479803517460823 0.482397750020027 0.460466265678406 0.452487006783485 0.425737515091896 0.473529741168022 0.473817005753517 0.47078400850296 0.443172007799149 0.438979491591454 0.419490739703178 0.410012260079384 0.427478268742561 0.387700483202934 0.389318626374006 0.401176493614912 0.428308121860027 0.421001628041267
-9999 -9999 -9999 -9999 -9999 -9999 -9999 -9999 -9999 -9999 -9999 -9999 -9999 -9999 -9999 21.0986051559448 11.513836143075 3.35952717524308 4.18877171386372 1.85935668647289 1.64872348308563 1.11246228218079 0.711139485239983 0.540770262479782 0.519813001155853 0.507133483886719 0.493957489728928 0.48063151538372 0.507187485694885 0.544985979795456 0.55095300078392 0.554214745759964 0.507273763418198 0.506301730871201 0.494378998875618 0.487977012991905 0.468460500240326 0.459613502025604 0.459798753261566 0.473832741379738 0.479493007063866 0.471778482198715 0.45481950044632 0.455447986721992 0.47767348587513 0.47546848654747 0.474443256855011 0.490028232336044 0.478692770004272 0.495387017726898 0.528141751885414 0.536484763026237 0.473265767097473 0.405209988355637 0.375636756420135 0.452183984220028 0.377146482467651 0.406575758010149 0.412616260349751 0.396920263767242 0.369668260216713 0.318942010402679
-9999 -9999 -9999 -9999 -9999 -9999 -9999 -9999 -9999 -9999 35.2986888885498 35.2986888885498 13.7248649597168 10.148218691349 3.83854722976685 4.43733894824982 6.20554804801941 5.09890651702881 2.64094358682632 1.95829349756241 1.63572907447815 0.903388470411301 0.54653625190258 0.518592730164528 0.530480995774269 0.516925513744354 0.499992728233337 0.468649506568909 0.442987516522408 0.508440747857094 0.490747511386871 0.48640501499176 0.491100758314133 0.472797006368637 0.472707018256187 0.478559240698814 0.480073481798172 0.468513742089272 0.453990742564201 0.473130002617836 0.459580510854721 0.438543006777763 0.433365762233734 0.438168749213219 0.448562979698181 0.46543125808239 0.485990256071091 0.510166481137276 0.538940235972404 0.538351491093636 0.541693478822708 0.540122240781784 0.49228423833847 0.40954501926899 0.370679251849651 0.291761241853237 0.343020748347044 0.316129501909018 0.380720257759094 0.344217002391815 0.288678757846355 0.268929004669189
-9999 -9999 -9999 -9999 -9999 -9999 -9999 -9999 -9999 -9999 35.2986888885498 3.10694146156311 5.92900514602661 5.75367164611816 12.7912330627441 4.56352418661118 2.81308794021606 18.9067676961422 8.44751547291727 4.08543317185508 4.13160073757172 1.1794102191925 0.674274757504463 0.540346518158913 0.498433515429497 0.509696245193481 0.486412480473518 0.465483739972115 0.433899745345116 0.371990248560905 0.365420244634151 0.405721485614777 0.45693750679493 0.460298985242844 0.465424507856369 0.473167508840561 0.479799762368202 0.455998510122299 0.440400749444962 0.408571511507034 0.495254248380661 0.349567495286465 0.431552991271019 0.417201742529869 0.43155075609684 0.44266802072525 0.453569233417511 0.496758744120598 0.487327516078949 0.495767265558243 0.515166744589806 0.475164771080017 0.455606997013092 0.373497739434242 0.368197493255138 0.27564525604248 0.234416238963604 0.226035743951797 0.243092246353626 0.20753775537014 0.238326005637646 0.24438750743866
-9999 -9999 -9999 -9999 -9999 -9999 -9999 -9999 -9999 -9999 -9999 -9999 15.5505155213587 21.9289798736572 6.11058449745178 4.21973624436752 -9999 -9999 -9999 -9999 -9999 -9999 4.72160625457764 1.27710074186325 0.621877491474152 0.702729731798172 0.495383262634277 0.470587491989136 0.461919754743576 0.415647760033607 0.356092505156994 0.374402247369289 0.394795507192612 0.428359508514404 0.480443269014359 0.451924502849579 0.449248507618904 0.437235742807388 0.613116011023521 0.608521118760109 0.263342991471291 0.272817760705948 0.29883749037981 0.413554519414902 0.447880491614342 0.451956734061241 0.449170500040054 0.372175499796867 0.343440748751163 0.382904246449471 0.369880490005016 0.383944496512413 0.373327508568764 0.354984752833843 0.370569750666618 0.321980997920036 0.27140399068594 0.218980506062508 0.206129260361195 0.21680025011301 0.212566494941711 0.212778747081757
-9999 -9999 -9999 -9999 -9999 -9999 -9999 -9999 -9999 -9999 -9999 -9999 -9999 16.6274771690369 16.6274771690369 16.6274771690369 -9999 -9999 -9999 -9999 -9999 -9999 4.94490551948547 4.94490551948547 4.94490551948547 0.308659605681896 0.571563765406609 0.929435223340988 0.528904482722282 0.522497266530991 0.455043733119965 0.407039254903793 0.419216260313988 0.414234772324562 0.38562074303627 0.37916100025177 0.373498499393463 0.388529241085052 0.419725477695465 0.422861248254776 0.42365925014019 0.439471498131752 0.467609256505966 0.439678519964218 0.415951520204544 0.40921425819397 0.388428747653961 0.304233759641647 0.280501507222652 0.274400241672993 0.279500260949135 0.278202004730701 0.301673255860806 0.313490241765976 0.349231503903866 0.346324503421783 0.28864574432373 0.24839249253273 0.213291004300117 0.248222999274731 0.23506124317646 0.224225990474224
-9999 -9999 -9999 -9999 -9999 -9999 -9999 -9999 -9999 -9999 -9999 -9999 -9999 -9999 -9999 -9999 -9999 -9999 -9999 -9999 -9999 -9999 -9999 -9999 -9999 -9999 4.30255942046642 0.809805035591125 0.910335034132004 0.839102983474731 0.683497488498688 0.54594974219799 0.543117731809616 0.594180732965469 0.517336517572403 0.431199744343758 0.367931999266148 0.351342760026455 0.399206981062889 0.558386251330376 0.565532617270947 0.365681245923042 0.362558260560036 0.336885742843151 0.35554725676775 0.358683004975319 0.346582509577274 0.286129496991634 0.273374252021313 0.261523492634296 0.259221754968166 0.250364989042282 0.236727744340897 0.238888509571552 0.213747002184391 0.203386500477791 0.213816002011299 0.229338750243187 0.219016492366791 0.200766742229462 0.190001249313354 0.185955751687288
-9999 -9999 -9999 -9999 -9999 -9999 -9999 -9999 -9999 -9999 -9999 -9999 -9999 -9999 -9999 -9999 -9999 -9999 -9999 -9999 -9999 -9999 -9999 -9999 -9999 -9999 -9999 5.26191998947234 1.42795050144196 1.35128402709961 0.986433774232864 0.880862206220627 0.783245265483856 0.710341483354568 0.544286236166954 0.48980176448822 0.427832990884781 0.405541509389877 0.392781749367714 0.505208998918533 0.499705128371716 0.294400490820408 0.293723993003368 0.286014743149281 0.292769998311996 0.303928501904011 0.302661739289761 0.277052991092205 0.270137250423431 0.268519498407841 0.234204009175301 0.230815507471561 0.224804252386093 0.229613989591599 0.194447994232178 0.186485253274441 0.20746424049139 0.215462990105152 0.204640500247478 0.198233999311924 0.202687494456768 0.193454258143902
