EcologicalScience/Bass/data/rs_data_bass/chl_15.asc
NCOLS 226 
NROWS 124 
XLLCORNER -9.41648524995501 
YLLCORNER 47.587301625531 
CELLSIZE 0.0833 
NODATA_value -9999 
[rows 0 to 27 of 124, columns 62 to 123 of 226]
-9999 -9999 -9999 -9999 -9999 -9999 -9999 -9999 -9999 -9999 -9999 -9999 -9999 -9999 -9999 -9999 -9999 -9999 -9999 -9999 -9999 -9999 -9999 -9999 -9999 -9999 -9999 -9999 -9999 -9999 -9999 -9999 -9999 -9999 -9999 -9999 -9999 -9999 -9999 -9999 -9999 -9999 -9999 -9999 -9999 -9999 -9999 -9999 -9999 -9999 -9999 -9999 -9999 -9999 -9999 -9999 -9999 -9999 -9999 -9999 -9999 -9999
-9999 -9999 -9999 -9999 -9999 -9999 -9999 -9999 -9999 -9999 -9999 -9999 -9999 -9999 -9999 -9999 -9999 -9999 -9999 -9999 -9999 -9999 -9999 -9999 -9999 -9999 -9999 -9999 -9999 -9999 -9999 -9999 -9999 -9999 -9999 -9999 -9999 -9999 -9999 -9999 -9999 -9999 -9999 -9999 -9999 -9999 -9999 -9999 -9999 -9999 -9999 -9999 -9999 -9999 -9999 -9999 -9999 -9999 -9999 -9999 -9999 -9999
-9999 -9999 -9999 -9999 -9999 -9999 -9999 -9999 -9999 -9999 -9999 -9999 -9999 -9999 -9999 -9999 -9999 -9999 -9999 -9999 -9999 -9999 -9999 -9999 -9999 -9999 -9999 -9999 -9999 -9999 -9999 -9999 -9999 -9999 -9999 -9999 -9999 -9999 -9999 -9999 -9999 -9999 -9999 -9999 -9999 -9999 -9999 -9999 -9999 -9999 -9999 -9999 -9999 -9999 -9999 -9999 -9999 -9999 -9999 -9999 -9999 -9999
-9999 -9999 -9999 -9999 -9999 -9999 -9999 -9999 -9999 -9999 -9999 -9999 -9999 -9999 -9999 -9999 -9999 -9999 -9999 -9999 -9999 -9999 -9999 -9999 -9999 -9999 -9999 -9999 -9999 -9999 -9999 -9999 -9999 -9999 -9999 -9999 -9999 -9999 -9999 -9999 -9999 -9999 -9999 -9999 -9999 -9999 -9999 -9999 -9999 -9999 -9999 -9999 -9999 -9999 -9999 -9999 -9999 -9999 -9999 -9999 -9999 -9999
-9999 -9999 -9999 -9999 -9999 -9999 -9999 -9999 -9999 -9999 -9999 -9999 -9999 -9999 -9999 -9999 -9999 -9999 -9999 -9999 -9999 -9999 -9999 -9999 -9999 -9999 -9999 -9999 -9999 -9999 -9999 -9999 -9999 -9999 -9999 -9999 -9999 -9999 -9999 -9999 -9999 -9999 -9999 -9999 -9999 -9999 -9999 -9999 -9999 -9999 -9999 -9999 -9999 -9999 -9999 -9999 -9999 -9999 -9999 -9999 -9999 -9999
-9999 -9999 -9999 -9999 -9999 -9999 -9999 -9999 -9999 -9999 -9999 -9999 -9999 -9999 -9999 -9999 -9999 -9999 -9999 -9999 -9999 -9999 -9999 -9999 -9999 -9999 -9999 -9999 0.63735419511795 -9999 4.7413694858551 0.917169034481049 2.94201457500458 3.35556077957153 2.69405168294907 4.70877957344055 4.43502295017242 3.14275503158569 4.08646953105927 4.43716728687286 2.61757725477219 2.36098122596741 2.63410949707031 3.26530945301056 3.5809063911438 3.74324476718903 4.80682039260864 2.38257443904877 1.27450123429298 1.06467229127884 0.550995737314224 0.465882003307343 0.509806483983994 0.691161766648293 1.55708169937134 1.35682421922684 1.50510442256927 1.34818124771118 1.21214479207993 1.49768248200417 1.89882606267929 2.57247072458267
-9999 -9999 -9999 -9999 -9999 -9999 -9999 -9999 -9999 -9999 -9999 -9999 -9999 -9999 -9999 -9999 -9999 -9999 -9999 -9999 -9999 -9999 -9999 -9999 -9999 -9999 1.18186515569687 1.0627324283123 3.75165152549744 2.68062829971313 2.66421979665756 2.50980681180954 1.14739421010017 1.39330503344536 2.3715757727623 4.54057574272156 4.82999110221863 3.66541063785553 2.34524774551392 2.2414687871933 2.53511846065521 2.29081946611404 1.95322126150131 1.59994125366211 1.25056877732277 1.09473296999931 1.03496852517128 0.961351543664932 1.05492228269577 1.30851146578789 1.46474173665047 1.37298077344894 2.00372922420502 1.69586330652237 1.02936521172523 0.497615978121758 0.386876240372658 0.555816739797592 0.901974767446518 1.38895645737648 3.42604207992554 0.93580462038517
-9999 -9999 -9999 -9999 -9999 -9999 -9999 -9999 -9999 -9999 -9999 -9999 -9999 -9999 -9999 -9999 -9999 -9999 -9999 -9999 -9999 -9999 -9999 -9999 -9999 -9999 1.18186515569687 2.09590351581573 1.8229506611824 1.38689097762108 1.40511372685432 1.13744401931763 0.846276015043259 1.20414152741432 1.66517633199692 1.44522222876549 1.64723843336105 1.9371891617775 1.68520957231522 1.56947618722916 1.24153572320938 1.09742698073387 0.938445746898651 0.901740789413452 0.90868279337883 0.839629501104355 0.740517765283585 0.825679510831833 0.943832963705063 1.06005451083183 0.941018253564835 0.54951748251915 0.511913269758224 0.350266501307487 0.344684243202209 0.332511752843857 0.337188005447388 0.424142271280289 0.533569514751434 0.592817232012749 0.580885514616966 1.02820909023285
-9999 -9999 -9999 -9999 -9999 -9999 -9999 -9999 -9999 -9999 -9999 -9999 -9999 -9999 -9999 -9999 -9999 -9999 -9999 -9999 -9999 -9999 -9999 -9999 -9999 -9999 4.12041807174683 2.29018718004227 1.51305592060089 1.28325453400612 1.13311278820038 1.03119447827339 0.896196752786636 1.0652174949646 0.998309969902039 1.67392730712891 1.49343824386597 1.28375852108002 1.31940373778343 1.26508051156998 1.08758175373077 1.02972149848938 0.92417174577713 0.842177957296371 0.878321260213852 0.888454467058182 0.799801468849182 0.825689971446991 0.986100733280182 1.07445976138115 1.10548424720764 0.649859994649887 0.490028232336044 0.380934745073318 0.316445253789425 0.343197003006935 0.375803992152214 0.467725485563278 0.477100521326065 0.530434504151344 0.935936249792576 0.963098980486393
-9999 -9999 -9999 -9999 -9999 -9999 -9999 -9999 -9999 -9999 -9999 -9999 -9999 -9999 -9999 -9999 -9999 -9999 -9999 -9999 -9999 -9999 -9999 -9999 -9999 1.19121462106705 2.70636141300201 1.72817552089691 1.66101157665253 1.53724658489227 1.39311298727989 1.29601272940636 1.18279275298119 1.62921756505966 1.03001922369003 0.79270201921463 1.30751922726631 1.31389501690865 1.10421752929688 1.13708621263504 1.18850022554398 1.03947901725769 0.941417276859283 0.825638294219971 0.810040533542633 0.841920018196106 0.801874458789825 0.695822238922119 0.629767522215843 0.795825719833374 0.845737516880035 0.56478676199913 0.389316737651825 0.247567489743233 0.222549006342888 0.248855240643024 0.251745007932186 0.246091492474079 0.286240495741367 0.332468993961811 0.653309270739555 0.742717109620571
-9999 -9999 -9999 -9999 -9999 -9999 -9999 -9999 -9999 -9999 -9999 -9999 -9999 -9999 -9999 -9999 -9999 -9999 -9999 -9999 -9999 -9999 -9999 -9999 -9999 1.30669122934341 1.20114076137543 1.43124371767044 1.53592425584793 1.2941535115242 1.24847549200058 1.07504698634148 1.14032927155495 1.0883062183857 1.4433157145977 1.54252052307129 1.73336631059647 1.32633295655251 1.16587498784065 1.02882000803947 1.17101472616196 1.18430703878403 1.08863550424576 0.943822503089905 0.864800244569778 0.664582505822182 0.598769992589951 0.54873526096344 0.484468504786491 0.479434490203857 0.513653978705406 0.352364994585514 0.252928510308266 0.210612751543522 0.179047498852015 0.173604000359774 0.17034899443388 0.170721754431725 0.176264248788357 0.51537262648344 0.701643772423267 0.742770753800869
-9999 -9999 -9999 -9999 -9999 -9999 -9999 -9999 -9999 -9999 -9999 -9999 -9999 -9999 -9999 -9999 -9999 -9999 -9999 -9999 -9999 -9999 -9999 -9999 1.31647038459778 1.25100302696228 1.25531101226807 1.20689848065376 1.62484055757523 1.17368397116661 1.45960575342178 1.69371074438095 1.89791482686996 1.34957250952721 1.15345796942711 1.18758451938629 1.49420776963234 1.65548783540726 1.88702398538589 3.57185912132263 2.50464677810669 1.78504121303558 1.49327775835991 0.941253036260605 0.826314747333527 0.614670753479004 0.474760517477989 0.425868764519691 0.405232518911362 0.396052479743958 0.344647496938705 0.258330009877682 0.216767996549606 0.165528003126383 0.161777995526791 0.161783248186111 0.159692253917456 0.160077754408121 0.591667503118515 0.628195501863956 0.149408999830484 0.154870502650738
-9999 -9999 -9999 -9999 -9999 -9999 -9999 -9999 -9999 -9999 -9999 -9999 -9999 -9999 -9999 -9999 -9999 -9999 -9999 -9999 -9999 -9999 -9999 1.50594073534012 1.30831423401833 1.01114246249199 0.920527517795563 1.03536522388458 1.484553784132 1.9545704126358 2.00485575199127 1.48303797841072 1.74269396066666 1.30883029103279 1.18779373168945 1.27841547131538 1.47116696834564 2.06801998615265 3.22179687023163 3.4415191411972 2.70813971757889 2.14267641305923 1.42839673161507 1.09965446591377 0.874513506889343 0.698665514588356 0.474257245659828 0.417095258831978 0.403115227818489 0.367859244346619 0.333038248121738 0.298712991178036 0.216918759047985 0.158255249261856 0.157163254916668 0.159400496631861 0.159606747329235 1.01754411309958 0.830986507236958 0.152798999100924 0.153409503400326 0.151358999311924
-9999 -9999 -9999 -9999 -9999 -9999 -9999 -9999 -9999 -9999 -9999 -9999 -9999 -9999 -9999 -9999 -9999 -9999 -9999 -9999 -9999 -9999 2.943638920784 2.43682569265366 1.82819545269012 1.1432917714119 1.5169597864151 1.45125451683998 1.65339231491089 1.62631952762604 1.6406916975975 1.61226743459702 1.01608496904373 1.04131275415421 0.973872721195221 1.16440871357918 1.44582822918892 1.75952017307281 1.84042882919312 1.19641497731209 1.4439090192318 1.70617872476578 1.4256719648838 1.17353323101997 0.920570254325867 0.711720004677773 0.582969009876251 0.536542519927025 0.476547762751579 0.355911009013653 0.261218994855881 0.222183756530285 0.180497255176306 0.147595502436161 0.150833252817392 0.139997251331806 1.20537974685431 1.34887234121561 0.152201246470213 0.147371996194124 0.154575001448393 1.02789486944675
-9999 -9999 -9999 -9999 -9999 -9999 -9999 -9999 -9999 -9999 -9999 -9999 -9999 -9999 -9999 -9999 -9999 -9999 -9999 -9999 2.64602583646774 -9999 2.22667354345322 2.18002957105637 2.02728223800659 1.8814605474472 1.64483624696732 1.89498066902161 2.04490274190903 1.83909380435944 2.61176329851151 2.67385876178741 1.9331197142601 1.37369173765182 1.08846527338028 1.06612345576286 1.11687451601028 1.22105848789215 1.40959578752518 1.3861740231514 1.44496500492096 1.345483481884 1.24391171336174 0.95652374625206 0.647784769535065 0.583812743425369 0.452485486865044 0.419322744011879 0.335987247526646 0.290624253451824 0.337946243584156 0.342270009219646 0.267044261097908 1.21570497751236 1.70464682579041 1.62763834744692 2.02371682226658 1.89237756282091 1.53933750092983 1.30635709315538 1.10195251554251 0.932785861194134
-9999 -9999 -9999 -9999 -9999 -9999 -9999 -9999 -9999 -9999 -9999 -9999 -9999 -9999 -9999 -9999 -9999 -9999 -9999 -9999 -9999 2.29447683691978 1.95169275999069 1.78773075342178 2.11705791950226 1.32104024291039 1.7395139336586 1.75645118951797 2.07418119907379 2.56301468610764 2.25893479585648 1.93430632352829 1.40857502818108 1.76075702905655 1.8579974770546 1.41082271933556 1.03946846723557 1.19283145666122 1.84541183710098 1.64190745353699 2.07654744386673 2.63493078947067 2.21156841516495 1.40553072094917 0.89664226770401 0.4947270154953 0.324710257351398 0.300854243338108 0.276837006211281 0.235010258853436 0.239448755979538 0.124616995453835 0.967807486653328 1.51079291850328 2.03349754214287 2.74891309440136 2.89746976643801 2.75217973440886 2.37983136624098 0.581233508884907 0.506410494446754 0.497251130640507
-9999 -9999 -9999 -9999 -9999 -9999 -9999 -9999 -9999 -9999 -9999 -9999 -9999 -9999 -9999 -9999 -9999 -9999 -9999 9.63644528388977 4.00409245491028 2.38963347673416 1.88038569688797 1.75418472290039 2.07143698632717 1.80714149773121 0.470847755670547 0.439829260110855 0.419181749224663 2.62269222736359 1.94842797517776 1.3998090326786 1.41633000969887 1.51867944002151 1.25646525621414 0.959909230470657 1.43382900953293 1.92351597547531 2.36374497413635 2.74162423610687 4.00111126899719 4.1504123210907 2.57511591911316 1.41405147314072 0.815780997276306 0.671090260148048 0.462868496775627 0.336949490010738 0.296275489032269 0.27903901040554 0.329639241099358 0.673596024513245 0.71355602145195 1.52977685630322 1.89538458734751 3.36004563421011 1.84239795058966 3.32404808700085 1.0859242156148 0.630054004490376 0.539234630763531 0.53201999142766
-9999 -9999 -9999 -9999 -9999 -9999 -9999 -9999 -9999 -9999 -9999 -9999 -9999 -9999 -9999 -9999 -9999 -9999 7.70479416847229 7.24135780334473 6.72908020019531 2.50863710045815 2.70653396844864 3.50541535019875 1.54053676128387 1.09950676560402 0.985678464174271 1.48616096377373 2.60278433561325 1.87544918060303 1.42399129271507 1.49673601984978 1.38903898000717 1.54201358556747 1.23479247093201 1.27115321159363 1.60839825868607 2.70262491703033 2.8102912902832 3.23144567012787 5.35458540916443 3.88682019710541 3.60934960842133 1.83717978000641 1.69622468948364 1.45184925198555 1.34037896990776 0.623980522155762 0.308847740292549 0.422096237540245 0.564855739474297 0.553000878542662 0.675344243645668 0.662062145769596 0.9511638879776 1.19888587296009 0.66644811630249 0.573354743421078 0.546068631112576 0.575125493109226 0.640262648463249 0.631628260016441
-9999 -9999 -9999 -9999 -9999 -9999 -9999 -9999 -9999 -9999 -9999 -9999 -9999 -9999 -9999 -9999 -9999 -9999 23.6043319702148 7.33502697944641 9.6854989528656 2.29198461771011 0.411902993917465 0.47045025229454 0.546315014362335 0.627141013741493 0.653339266777039 3.0599872469902 2.87987440824509 0.957998245954514 0.906677216291428 1.05259421467781 1.09914752840996 1.21052178740501 1.33474722504616 1.33983823657036 1.06469026207924 0.726921737194061 2.77032226324081 4.58548057079315 5.28006148338318 3.72033083438873 3.21095395088196 4.02885818481445 3.41258382797241 2.59457552433014 2.55550646781921 1.64444768428802 0.358944743871689 0.408263996243477 0.525250509381294 0.591163516044617 0.596299521625042 0.725336976349354 0.758118778467178 0.76409550011158 0.685506016016006 0.583371743559837 0.536385755985975 0.599408257752657 0.605501264333725 0.568198509514332
-9999 -9999 -9999 -9999 -9999 -9999 -9999 -9999 -9999 -9999 -9999 -9999 -9999 -9999 -9999 -9999 -9999 -9999 -9999 2.46041822433472 3.00796586275101 2.11426019668579 0.249806240200996 0.276431992650032 0.263556741178036 0.255836248397827 0.292780503630638 2.63982930779457 0.739088237285614 0.761592775583267 0.823599725961685 0.796481251716614 1.06045120954514 1.25991672277451 1.08713096380234 1.09349477291107 0.8699010014534 2.16255980730057 2.40075892210007 2.98437827825546 5.08785760402679 4.46772301197052 3.75045239925385 3.74919962882996 3.80014872550964 3.18544721603394 2.84144693613052 2.45561850070953 0.932188510894775 0.341916002333164 0.453336730599403 0.453504770994186 0.615249395370483 0.640390500426292 0.727143377065659 0.632368862628937 0.967354103922844 0.867997124791145 0.746337354183197 0.657975018024445 0.816619489341974 0.856133244931698
-9999 -9999 -9999 -9999 -9999 -9999 -9999 -9999 -9999 -9999 -9999 -9999 -9999 -9999 -9999 3.87947045432197 -9999 3.57762208310041 24.4703588336706 1.41614323854446 3.57652699947357 0.247881755232811 0.245168253779411 0.233703754842281 0.231016494333744 2.00645023584366 1.60000759363174 0.452795997262001 0.732186734676361 0.742998763918877 0.766381502151489 0.773339241743088 0.736309513449669 0.732829481363297 0.762601464986801 0.744609743356705 1.34464797377586 1.74319642782211 3.88882577419281 3.81481182575226 4.49728417396545 3.50402998924255 3.48640859127045 3.58681118488312 3.39437019824982 2.92456644773483 2.44894051551819 1.78233003616333 0.515753254294395 0.421337261795998 0.408767983317375 0.371958754956722 0.873318403959274 0.82719448953867 1.23754499852657 1.31757898628712 1.36929076910019 1.05315488576889 0.585940506309271 0.551076002418995 0.52233786508441 0.538790244609118
-9999 -9999 -9999 -9999 -9999 -9999 -9999 -9999 -9999 -9999 35.2986888885498 35.2986888885498 13.7248649597168 15.9615778326988 51.1645432949066 32.7845612615347 3.65121817588806 4.03806960582733 2.3510257601738 1.99076253175735 2.52371254563332 0.229098759591579 0.226609490811825 1.26273223757744 1.25006702542305 1.20099672675133 0.678029984235764 0.583892986178398 0.720480009913445 0.684264734387398 0.66982202231884 0.611532747745514 0.620603978633881 0.467694014310837 0.480086982250214 0.930326968431473 1.1375894844532 2.1100350022316 2.51679593324661 3.76930582523346 4.04636764526367 3.54072225093842 3.15858900547028 2.86797076463699 2.71144956350327 3.08083641529083 3.87233912944794 2.14762723445892 2.19357454776764 1.87840658426285 1.13428500294685 0.74178072810173 0.928252503275871 1.22771733999252 1.55801886320114 1.48397925496101 1.10237739980221 0.854000598192215 1.10764311254025 1.05007424578071 0.864799506962299 0.820418983697891
-9999 -9999 -9999 -9999 -9999 -9999 -9999 -9999 -9999 -9999 35.2986888885498 9.54425805547963 8.36074018478394 7.40411853790283 7.22484469413757 5.44429421424866 4.35656082630157 3.52681972763755 10.5202875137329 -9999 4.9712579369545 3.53517764806747 2.14297276735306 1.54576826095581 1.16181695461273 0.99942335486412 1.10498589277267 0.735727518796921 0.719607755541801 2.68890523910522 0.618441000580788 0.762152999639511 0.827980488538742 0.94962152838707 0.446288242936134 0.973120540380478 1.26859197020531 1.54717344045639 1.47989326715469 2.06799745559692 5.37587857246399 2.13086843490601 1.90926897525787 2.57031601667404 2.96940368413925 3.83553600311279 4.3708598613739 3.60239768028259 3.07495951652527 2.63536351919174 1.90841031074524 1.57907330989838 0.707944124937057 0.835130654275417 1.19738553464413 1.17230549454689 0.970896743237972 0.979193620383739 0.903762012720108 0.670697271823883 0.987933352589607 0.929691731929779
-9999 -9999 -9999 -9999 -9999 -9999 -9999 -9999 -9999 -9999 -9999 -9999 -9999 10.7043385505676 10.3006496429443 -9999 -9999 -9999 -9999 -9999 -9999 -9999 2.71837556362152 1.99462795257568 1.56903827190399 1.84141618013382 1.37975519895554 1.02558034658432 0.959366619586945 0.54484198987484 0.569320499897003 2.05909645557404 0.583841979503632 0.887136787176132 0.453149244189262 1.52750480175018 1.82759928703308 1.46508899331093 2.05408054590225 1.5719820857048 1.11017999053001 1.20112645626068 1.39518678188324 1.79631453752518 2.73878091573715 3.76626133918762 3.99774312973022 3.34350836277008 3.15630662441254 3.23833787441254 1.71917778253555 1.47528371214867 0.698491103947163 0.648829109966755 0.686043754220009 1.51195532083511 1.4177043735981 0.996063731610775 0.854314126074314 0.872034385800362 0.679118245840073 1.35953660309315
-9999 -9999 -9999 -9999 -9999 -9999 -9999 -9999 -9999 -9999 -9999 -9999 -9999 16.6274771690369 16.6274771690369 16.6274771690369 -9999 -9999 -9999 -9999 -9999 -9999 4.94490551948547 4.94490551948547 4.94490551948547 0.308659605681896 3.46425956487656 2.38221579790115 1.1399699896574 0.619573518633842 0.447998240590096 0.372748509049416 0.370029754936695 0.39427949488163 0.394799262285233 0.630803257226944 0.754958242177963 1.6053854227066 1.40210026502609 3.02697908878326 1.13223150372505 1.33924046158791 1.28237324953079 1.71812242269516 2.36090326309204 2.19894754886627 3.10958111286163 2.52778494358063 2.42739146947861 2.96325981616974 2.50505483150482 1.87184929847717 0.794516243040562 0.76469548791647 0.791783608496189 0.799547977745533 1.14323249459267 1.14043200016022 0.968298397958279 1.08959175646305 0.65319000184536 0.734194502234459
-9999 -9999 -9999 -9999 -9999 -9999 -9999 -9999 -9999 -9999 -9999 -9999 -9999 -9999 -9999 -9999 -9999 -9999 -9999 -9999 -9999 -9999 -9999 -9999 -9999 -9999 6.72656893730164 5.98771262168884 3.49631550908089 2.45183846354485 0.452245518565178 0.333426743745804 0.320463001728058 0.334269739687443 0.555863991379738 1.21519428491592 1.85244601964951 1.13230276107788 1.01952821016312 1.06696278601885 1.24800449609756 1.0516260266304 0.917995512485504 1.36348128318787 2.09509491920471 2.8897950053215 3.22992146015167 1.38720971345901 1.46277451515198 1.42743077874184 0.631066516041756 0.823014736175537 0.754929006099701 0.793235242366791 0.774246387183666 0.953072994947433 1.06284973025322 1.17535802721977 1.28607518970966 1.30298705399036 1.31397034227848 0.951569974422455
-9999 -9999 -9999 -9999 -9999 -9999 -9999 -9999 -9999 -9999 -9999 -9999 -9999 -9999 -9999 -9999 -9999 -9999 -9999 -9999 -9999 -9999 -9999 -9999 -9999 -9999 -9999 -9999 4.77517718076706 3.66574257612228 2.19074741005898 0.459708005189896 0.380846992135048 0.295735493302345 0.294601500034332 3.48065114021301 2.94606757164001 1.67154675722122 1.32899853587151 1.15298920869827 1.31253004074097 1.13201925158501 1.04678624868393 1.80634653568268 2.36403822898865 2.74644666910172 4.26977026462555 1.57123500108719 1.13475528359413 0.966984003782272 0.909052491188049 1.15749076008797 0.938990615308285 0.904229231178761 0.8548578992486 0.890579603612423 0.89841715246439 0.859392374753952 0.922240488231182 1.18060878664255 1.11426673829556 1.23067384958267
-9999 -9999 -9999 -9999 -9999 -9999 -9999 -9999 -9999 -9999 -9999 -9999 -9999 -9999 -9999 -9999 -9999 -9999 -9999 -9999 -9999 -9999 -9999 -9999 -9999 -9999 -9999 -9999 -9999 -9999 1.62193025350571 2.67394016683102 0.331868246197701 0.325542747974396 0.306540749967098 0.327172502875328 1.14038434624672 1.34357929229736 1.34697604179382 1.20530328154564 1.50626170635223 2.02838480472565 2.66086202859879 4.16916739940643 5.86918723583221 4.5114598274231 4.79665124416351 2.86937391757965 1.93404757976532 1.30666646361351 0.948759734630585 0.789807736873627 1.04733449220657 1.124462261796 1.10203273594379 0.946498140692711 0.958384126424789 0.889670982956886 0.969721890985966 1.71258223056793 1.02684672921896 1.05963112413883
