EcologicalScience/Bass/data/rs_data_bass/chl_116.asc
NCOLS 226 
NROWS 124 
XLLCORNER -9.41648524995501 
YLLCORNER 47.587301625531 
CELLSIZE 0.0833 
NODATA_value -9999 
[rows 54 to 80 of 124, columns 0 to 61 of 226]
-9999 -9999 -9999 -9999 -9999 -9999 -9999 -9999 -9999 -9999 -9999 -9999 -9999 -9999 -9999 -9999 -9999 -9999 -9999 -9999 -9999 -9999 -9999 -9999 -9999 -9999 -9999 -9999 -9999 -9999 -9999 -9999 -9999 -9999 -9999 -9999 -9999 -9999 4.56739171330197 2.65282908082008 2.67888998985291 2.70555692911148 2.3150395154953 1.94906812906265 1.75644560158253 0.924025475978851 0.779323518276215 0.751022279262543 0.800911456346512 1.02469275891781 0.878958016633987 0.802763253450394 0.798272967338562 0.849684029817581 0.791597217321396 1.97837778925896 2.46652579307556 2.58069753646851 -9999 0.607058599591255 0.62790758907795 1.06113176695679
-9999 -9999 -9999 -9999 -9999 -9999 -9999 -9999 -9999 -9999 -9999 -9999 -9999 -9999 -9999 -9999 -9999 -9999 -9999 -9999 -9999 -9999 -9999 -9999 -9999 -9999 -9999 -9999 -9999 -9999 -9999 -9999 -9999 -9999 -9999 -9999 -9999 -9999 -9999 9.13488578796387 2.67348682880402 2.79439002275467 1.5340935587883 1.81100928783417 1.10596650838852 0.874574214220047 0.785049766302109 0.693926230072975 0.610181272029877 0.889246478676796 0.884039998054504 0.807378709316254 0.824637740850449 0.864500284194946 1.86092403531075 1.83640086650848 2.33135145902634 -9999 -9999 -9999 -9999 -9999
-9999 -9999 -9999 -9999 -9999 -9999 -9999 -9999 -9999 -9999 -9999 -9999 -9999 -9999 -9999 -9999 -9999 -9999 -9999 -9999 -9999 -9999 -9999 -9999 -9999 -9999 -9999 -9999 -9999 -9999 -9999 -9999 -9999 -9999 -9999 -9999 -9999 -9999 -9999 -9999 2.90309511870146 1.27424696087837 1.16392877697945 1.32617774605751 1.410301476717 1.05138525366783 0.86919978260994 0.723792001605034 0.647539481520653 1.09014147520065 0.724066480994225 0.833504252135754 1.07163937389851 1.39525759220123 1.7802352309227 1.55627471208572 1.6733677983284 1.96467232704163 2.56722928583622 -9999 -9999 -9999
-9999 -9999 -9999 -9999 -9999 -9999 -9999 -9999 -9999 -9999 -9999 -9999 -9999 -9999 -9999 -9999 -9999 -9999 -9999 -9999 -9999 -9999 -9999 -9999 -9999 -9999 -9999 -9999 -9999 -9999 -9999 -9999 -9999 -9999 -9999 -9999 -9999 -9999 -9999 -9999 2.72518817335367 2.29981881380081 2.31667506694794 2.15574216842651 1.78135657310486 1.22833728790283 1.86180147528648 1.88583299517632 1.50792936980724 1.25789478421211 0.885250881314278 0.831200212240219 0.925632029771805 1.2147821187973 0.879346489906311 0.963060736656189 1.07337149977684 1.23747146129608 1.43864250183105 1.70855319499969 22.0188724811261 -9999
-9999 -9999 -9999 -9999 -9999 -9999 -9999 -9999 -9999 -9999 -9999 -9999 -9999 -9999 -9999 -9999 -9999 -9999 -9999 -9999 -9999 -9999 -9999 -9999 -9999 -9999 -9999 -9999 -9999 -9999 -9999 -9999 -9999 -9999 -9999 -9999 -9999 -9999 -9999 -9999 -9999 2.56935542821884 2.29725930094719 2.53415720164776 2.70619851350784 2.52147410809994 1.59356027841568 1.57417121529579 1.53187872469425 1.16329836845398 0.882563978433609 0.838608741760254 0.786233961582184 1.14212813973427 1.28822059929371 1.32717221975327 0.860155463218689 1.50255002081394 1.29122176766396 1.39881303906441 1.44223952293396 -9999
-9999 -9999 -9999 -9999 -9999 -9999 -9999 -9999 -9999 -9999 -9999 -9999 -9999 -9999 -9999 -9999 -9999 -9999 -9999 -9999 -9999 -9999 -9999 -9999 -9999 -9999 -9999 -9999 -9999 -9999 -9999 -9999 -9999 -9999 -9999 -9999 -9999 -9999 -9999 -9999 -9999 3.10904860496521 2.3974037244916 2.36808975040913 2.37119019031525 1.3702897131443 1.23620626330376 0.857007712125778 0.877965778112411 0.968051970005035 0.82592998445034 0.826572395861149 0.941160745918751 0.433498486876488 0.981555730104446 1.57460622489452 1.50713324546814 2.56171032786369 1.3359434902668 -9999 -9999 -9999
-9999 -9999 -9999 -9999 -9999 -9999 -9999 -9999 -9999 -9999 -9999 -9999 -9999 -9999 -9999 -9999 -9999 -9999 -9999 -9999 -9999 -9999 -9999 -9999 -9999 -9999 -9999 -9999 -9999 -9999 -9999 -9999 -9999 -9999 -9999 -9999 -9999 -9999 -9999 -9999 3.06524175405502 2.9314551949501 1.67364531755447 1.7182619869709 1.57188709080219 1.49517300724983 1.26282745599747 1.28496077656746 1.03452524542809 0.922213867306709 0.85343661904335 0.837346494197845 0.464224487543106 0.473555982112885 0.904702484607697 1.18843424320221 1.28310897946358 -9999 -9999 3.16366667747498 2.0548185557127 2.05135041475296
-9999 -9999 -9999 -9999 -9999 -9999 -9999 -9999 -9999 -9999 -9999 -9999 -9999 -9999 -9999 -9999 -9999 -9999 -9999 -9999 -9999 -9999 -9999 -9999 -9999 -9999 -9999 -9999 -9999 -9999 -9999 -9999 -9999 -9999 -9999 -9999 -9999 -9999 -9999 2.88442605733871 2.75672695040703 2.49159148335457 2.11038860678673 1.74426448345184 1.40285888314247 1.38262121379375 1.4854207187891 1.14373876154423 1.00700703263283 0.99719175696373 0.923366636037827 0.901069141924381 0.850858502089977 1.06399574875832 1.27564653754234 2.2986701130867 1.71921229362488 1.69305145740509 1.91195172071457 1.99291133880615 1.94793444871902 1.94932955503464
-9999 -9999 -9999 -9999 -9999 -9999 -9999 -9999 -9999 -9999 -9999 -9999 -9999 -9999 -9999 -9999 -9999 -9999 -9999 -9999 -9999 -9999 -9999 -9999 -9999 -9999 -9999 -9999 -9999 -9999 -9999 -9999 -9999 -9999 -9999 -9999 -9999 -9999 -9999 3.98548564910889 2.26590111851692 1.99253064393997 1.71086329221725 1.44179432094097 1.25816255807877 1.27760101854801 1.21343663334846 1.00866638123989 0.932089135050774 0.928295999765396 0.900692246854305 1.03176636993885 1.11443701386452 1.08960145711899 1.26260778307915 1.42685177922249 1.3381829559803 1.41124427318573 1.78877627849579 1.87197232246399 1.63662225008011 1.86853355169296
-9999 -9999 -9999 -9999 -9999 -9999 -9999 -9999 -9999 -9999 -9999 -9999 -9999 -9999 -9999 -9999 -9999 -9999 -9999 -9999 -9999 -9999 -9999 -9999 -9999 -9999 -9999 -9999 -9999 -9999 -9999 -9999 -9999 -9999 -9999 -9999 -9999 -9999 5.21965169906616 3.23879170417786 2.05429834127426 1.63820663094521 1.29538089036942 0.541207507252693 1.12871512770653 1.14387971162796 1.09376701712608 0.949619226157665 0.880223259329796 0.824550032615662 0.971280723810196 1.09904399514198 1.20698475837708 1.17772802710533 1.09225049614906 1.11152923107147 1.20713996887207 1.39663803577423 1.52703756093979 1.57062005996704 1.62905323505402 2.00784748792648
-9999 -9999 -9999 -9999 -9999 -9999 -9999 -9999 -9999 -9999 -9999 -9999 -9999 -9999 -9999 -9999 -9999 -9999 -9999 -9999 -9999 -9999 -9999 -9999 -9999 -9999 -9999 -9999 -9999 -9999 -9999 -9999 -9999 -9999 -9999 -9999 -9999 -9999 4.65523238182068 2.87969925999641 2.01660317927599 1.30462402105331 1.05454158782959 0.58510123193264 0.520896747708321 1.01872126758099 0.957262493669987 0.853120476007462 0.842435985803604 0.83158278465271 0.848452538251877 1.02032026648521 1.17871499061584 1.20283877849579 1.08249297738075 1.08728402853012 1.15856847167015 1.24673697352409 1.4806207716465 1.74081158638 1.77090150117874 1.96348875761032
-9999 -9999 -9999 -9999 -9999 -9999 -9999 -9999 -9999 -9999 -9999 -9999 -9999 -9999 -9999 -9999 -9999 -9999 -9999 -9999 -9999 -9999 -9999 -9999 -9999 -9999 -9999 -9999 -9999 -9999 -9999 -9999 -9999 -9999 -9999 -9999 -9999 4.68363418579102 2.63977110385895 2.05971059203148 1.55596145242453 1.28223918378353 0.932464487850666 0.891679510474205 0.853833384811878 0.855455249547958 0.859925240278244 0.824736714363098 0.837632238864899 0.837754458189011 0.859913259744644 0.920817017555237 0.980499744415283 0.982118993997574 1.12522128224373 1.10145601630211 1.11011248826981 1.13006177544594 1.27143600583076 1.47665771842003 1.63661330938339 1.83930158615112
-9999 -9999 -9999 -9999 -9999 -9999 -9999 -9999 -9999 -9999 -9999 -9999 -9999 -9999 -9999 -9999 -9999 -9999 -9999 -9999 -9999 -9999 -9999 -9999 -9999 -9999 -9999 -9999 -9999 -9999 -9999 -9999 -9999 -9999 -9999 -9999 -9999 2.69082194566727 2.56380316615105 1.88869551569223 1.45756155252457 1.04357586801052 0.909618750214577 0.858967892825603 0.847849130630493 0.834194608032703 2.00776273012161 1.16667526960373 0.860491544008255 0.989389479160309 1.16288924217224 1.00354877114296 0.900312781333923 0.865921497344971 0.793995022773743 0.838488757610321 1.02616122364998 1.05118721723557 1.13816553354263 1.32645526528358 1.53305107355118 1.88664078712463
-9999 -9999 -9999 -9999 -9999 -9999 -9999 -9999 -9999 -9999 -9999 -9999 -9999 -9999 -9999 -9999 -9999 -9999 -9999 -9999 -9999 -9999 -9999 -9999 -9999 -9999 -9999 -9999 -9999 -9999 -9999 -9999 -9999 -9999 -9999 -9999 3.30398046970367 1.25967898964882 1.01228401064873 1.52042323350906 1.10524164140224 0.981754884123802 0.930254258215427 0.891966752707958 0.853178255259991 2.94983625411987 2.90721899271011 2.58497768640518 1.26467478275299 1.4862644970417 1.6453612446785 1.46246400475502 1.00976175069809 0.982602775096893 0.977816998958588 1.01019528508186 0.990653961896896 1.07389578223228 1.18559020757675 1.26603975892067 1.37760972976685 1.38158664107323
-9999 -9999 -9999 -9999 -9999 -9999 -9999 -9999 -9999 -9999 -9999 -9999 -9999 -9999 -9999 -9999 -9999 -9999 -9999 -9999 -9999 -9999 -9999 -9999 -9999 -9999 -9999 -9999 -9999 -9999 -9999 0.729076489806175 2.4219206571579 -9999 2.10493344068527 2.12847885489464 2.48116180300713 1.92830868065357 0.974628031253815 0.866162270307541 0.801863998174667 1.03383073210716 1.46937596797943 1.25788950920105 1.09896004199982 1.41836097836494 1.28632575273514 1.33817929029465 1.45660051703453 1.37269574403763 1.28163447976112 1.41927900910378 1.12594351172447 0.878661006689072 0.96014928817749 1.0137622654438 1.15143522620201 1.23348301649094 1.61298523843288 1.52302497625351 1.95904836058617 3.23463979789189
-9999 -9999 -9999 -9999 -9999 -9999 -9999 -9999 -9999 -9999 -9999 -9999 -9999 -9999 -9999 -9999 -9999 -9999 -9999 -9999 -9999 -9999 0.346259817481041 17.2697796821594 17.9126315832138 35.6466364860535 15.5158206224442 10.131150841713 9.11629638075829 1.11000528931618 1.1282174885273 0.915432035923004 0.902623504400253 1.02273228764534 1.05088573694229 1.04603397846222 1.03462278842926 0.944135963916779 0.914076715707779 1.06329828500748 0.801611959934235 0.69931948184967 1.26546147465706 1.16989499330521 1.40858021378517 1.22529226541519 1.26743477582932 1.60776007175446 1.79969322681427 1.38287928700447 1.39224752783775 1.48820328712463 1.32896322011948 1.30221524834633 1.48207721114159 1.26156297326088 1.47718352079391 2.13681189715862 2.50147164569182 -9999 -9999 -9999
-9999 -9999 -9999 -9999 -9999 -9999 -9999 -9999 -9999 -9999 -9999 -9999 -9999 -9999 -9999 -9999 -9999 -9999 -9999 -9999 -9999 -9999 1.18294463306665 8.58114543557167 2.09357144683599 0.739246509969234 1.12409627437592 1.14468707889318 0.845645248889923 1.69371677935123 1.30594128370285 0.971300214529037 0.948698222637177 0.908029496669769 0.945314973592758 0.909255713224411 0.873470216989517 0.852959275245667 0.947084248065948 1.18694096803665 1.31970146298409 1.15302523970604 1.52077656984329 1.23592539131641 1.17994013428688 1.22755202651024 1.86440402269363 1.8673147559166 1.51425379514694 1.56687301397324 0.868072539567947 0.841928243637085 2.10645818710327 2.25154119729996 2.34393757581711 -9999 -9999 -9999 -9999 -9999 -9999 -9999
-9999 -9999 -9999 -9999 -9999 -9999 -9999 -9999 -9999 -9999 -9999 -9999 -9999 -9999 -9999 -9999 -9999 -9999 -9999 1.30561265163124 0.561686804518104 0.895409658551216 0.709120519459248 0.715565621852875 0.667058251798153 0.395062521100044 0.32642401009798 0.447333008050919 0.681665271520615 1.43548053503036 1.57500296831131 2.07941991090775 1.8852607011795 1.36010921001434 1.19949978590012 1.01249027252197 0.888199478387833 0.950774252414703 1.11751502752304 1.58127379417419 1.55602419376373 1.19337826967239 0.935595721006393 0.990746229887009 1.13294702768326 1.46855100989342 1.62511646747589 1.74904131889343 1.81664782762527 1.83843076229095 2.26748549938202 -9999 -9999 -9999 -9999 -9999 -9999 -9999 -9999 -9999 -9999 -9999
-9999 -9999 -9999 -9999 -9999 -9999 -9999 -9999 -9999 -9999 -9999 -9999 -9999 -9999 -9999 -9999 -9999 3.95837965607643 0.410933241248131 0.403129488229752 1.75982066988945 0.52981723845005 0.528418488800526 0.710930228233337 0.670299008488655 0.65692350268364 0.497323483228683 0.509276255965233 0.654687747359276 1.05837151408195 2.15475153923035 1.99960720539093 1.75074595212936 1.34684845805168 1.49296724796295 1.50017094612122 1.11199727654457 1.04071345925331 1.2624015212059 1.33115324378014 1.39434224367142 1.02574270963669 0.780134260654449 0.794909209012985 0.925476729869843 1.16384553909302 1.4470499753952 1.83976650238037 3.17754001915455 1.87562692165375 5.08157765865326 -9999 -9999 -9999 -9999 -9999 -9999 -9999 -9999 -9999 -9999 -9999
-9999 -9999 -9999 -9999 -9999 -9999 -9999 -9999 -9999 -9999 -9999 -9999 -9999 -9999 2.30914208292961 2.98702508211136 1.23407471179962 1.31743651628494 0.460953757166862 0.48292949795723 0.454486504197121 0.470562748610973 0.787950038909912 0.825453042984009 0.766254723072052 0.722695514559746 0.570514485239983 0.632128491997719 0.682762518525124 0.77681028842926 1.06415775418282 1.65947324037552 2.04310494661331 2.02488970756531 1.68300157785416 1.47150903940201 1.29641926288605 1.22828176617622 1.17036679387093 1.06391778588295 0.581235006451607 0.52505099773407 0.613480478525162 0.932653516530991 1.29200479388237 1.33087053894997 1.62360298633575 1.93270576000214 1.7775029540062 1.82204103469849 1.85665118694305 2.06702095270157 -9999 -9999 -9999 -9999 -9999 -9999 -9999 -9999 -9999 -9999
-9999 -9999 -9999 -9999 -9999 -9999 -9999 -9999 -9999 -9999 -9999 2.14232221783185 0.725127942860126 0.552221607416868 0.166904244571924 0.185343001037836 0.610402509570122 0.623477250337601 0.611847728490829 0.66763199865818 0.659670755267143 0.683742731809616 0.536375239491463 0.676416769623756 0.678376480937004 0.602986514568329 0.625139996409416 0.724851742386818 0.772288531064987 0.698333993554115 0.715612515807152 0.913898259401321 1.32037201523781 1.52593266963959 1.43325528502464 1.5233588218689 1.54220777750015 1.38731548190117 1.2827340066433 1.20436951518059 0.538333520293236 0.531248241662979 0.625237494707108 1.02548548579216 1.58443576097488 1.8645653128624 1.8100004196167 1.71673804521561 1.88269346952438 2.1653932929039 1.91153025627136 -9999 -9999 -9999 -9999 -9999 4.09938050175822 17.3727246522903 9.54834169149399 16.5125634670258 18.2833589315414 -9999
-9999 -9999 -9999 -9999 -9999 -9999 -9999 -9999 -9999 7.67971505437579 10.778959886233 1.84352852404118 0.433425754308701 0.417592495679855 0.401333257555962 0.307530753314495 0.537734270095825 0.615757495164871 0.696557253599167 0.69217050075531 0.65372022986412 0.552281230688095 0.561298504471779 0.644586771726608 0.59960626065731 0.702584981918335 0.720126003026962 0.836912959814072 0.834374248981476 0.727275744080544 0.682514995336533 0.718798488378525 0.943143010139465 0.987613499164581 1.22152796387672 1.32097578048706 1.34777775406837 1.35009902715683 1.10292899608612 0.843037515878677 0.615970507264137 0.454294502735138 0.441872254014015 0.665512517094612 0.987743228673935 1.4758597612381 1.57976692914963 1.84197306632996 2.07898879051208 2.01688796281815 1.87751251459122 2.22027218341827 2.35341221094131 4.10297046899796 2.9080867767334 2.77992296218872 2.56001257896423 2.11541855335236 2.60493457317352 2.71046930551529 3.10168039798737 -9999
-9999 -9999 -9999 -9999 -9999 5.46519684791565 3.77563816308975 0.391979232430458 0.416501998901367 0.469990521669388 0.460224017500877 0.427269771695137 0.429027736186981 0.427076250314713 0.418077751994133 0.407973736524582 0.51010724902153 0.638556763529778 0.634773015975952 0.672702759504318 0.651551261544228 0.503694757819176 0.527915999293327 0.493484258651733 0.519746258854866 0.625488013029099 0.669170245528221 0.76130023598671 0.809904009103775 0.856155753135681 0.985502243041992 1.26978224515915 1.31856071949005 1.15665373206139 1.24494454264641 1.5108727812767 1.46982452273369 1.30894276499748 1.03776526451111 0.897501736879349 0.552015021443367 0.42570823431015 0.423119992017746 0.434292733669281 0.456827268004417 0.717444732785225 0.927396029233932 1.44321450591087 1.77254998683929 2.06522333621979 2.3175922036171 2.09646892547607 1.94275277853012 1.94916218519211 1.87625992298126 1.86645233631134 2.07431691884995 2.05636954307556 2.49086093902588 2.49581480026245 2.05218082666397 2.16312754154205
-9999 -9999 -9999 -9999 -9999 0.431986480951309 0.562452759593725 0.425697728991508 0.449846997857094 0.413180261850357 0.397761002182961 0.383327230811119 0.399644270539284 0.407428488135338 0.401955753564835 0.39224548637867 0.363587245345116 0.388541612774134 0.400280255824327 0.418167360126972 0.453089989721775 0.384396761655807 0.405171006917953 0.486852005124092 0.505739986896515 0.579037517309189 0.608142748475075 0.685809731483459 0.823343217372894 1.02610579133034 1.08208125829697 1.11746326088905 1.3684229850769 1.46004751324654 1.75850397348404 1.85899418592453 1.77443325519562 1.73130816221237 0.708758264780045 0.578110501170158 0.643296003341675 0.717036008834839 0.532383754849434 0.380014479160309 0.336689248681068 0.42273898422718 0.909833997488022 1.11956772208214 1.36482828855515 1.45693275332451 1.8558075428009 1.93180954456329 1.9015177488327 1.79156398773193 1.4295067191124 1.3388010263443 1.28272721171379 1.33766323328018 1.41183373332024 1.37394824624062 1.4619434773922 1.62000900506973
-9999 -9999 -9999 -9999 -9999 0.340453874319792 0.339057762175798 0.349544618278742 0.369440998882055 0.341328006237745 0.35241112858057 0.351238489151001 0.364405497908592 0.346710741519928 0.308834999799728 0.318566624075174 0.357228755950928 0.366090003401041 0.401347495615482 0.418226234614849 0.300251998007298 0.325563758611679 0.333803996443748 0.405313521623611 0.606815233826637 0.647949770092964 0.629841729998589 0.686951234936714 0.853105455636978 1.22903627157211 1.30154997110367 1.16556295752525 1.22239574790001 1.27559396624565 1.42007848620415 1.15955024957657 1.03302901983261 1.15852126479149 0.822657734155655 0.662408977746964 0.731816992163658 0.752893477678299 0.559619978070259 0.340447492897511 0.309359259903431 0.351371258497238 0.63187649846077 0.930822014808655 1.03174576163292 1.02102452516556 0.968865036964417 1.05211347341537 1.11166799068451 1.10984775424004 1.12112697958946 1.15034928917885 1.11059546470642 1.05118721723557 1.11017096042633 1.20818173885345 1.25695797801018 1.52137345075607
-9999 -9999 -9999 -9999 -9999 0.331253997981548 0.333246365189552 0.337067998945713 0.340331263840199 0.342615377157927 0.344645630568266 0.332694377750158 0.337341003119946 0.355440750718117 0.351011998951435 0.325775999575853 0.340987879782915 0.358832996338606 0.379098739475012 0.298628255724907 0.303155243396759 0.321741744875908 0.339580491185188 0.497534617781639 0.508730985224247 0.613866001367569 0.647040769457817 0.801779955625534 0.841162472963333 1.11277502775192 1.41287326812744 0.956910789012909 1.04811599850655 1.2151717543602 1.15728378295898 1.31102326512337 1.05613723397255 0.821431517601013 0.79636949300766 0.701978266239166 0.719366982579231 0.701216250658035 0.556074768304825 0.324712492525578 0.300718501210213 0.300970494747162 0.319992005825043 0.450439497828484 0.554310768842697 0.658592998981476 0.592963501811028 0.816150784492493 0.829463213682175 0.751296758651733 0.773310005664825 1.0096980035305 1.05713474750519 1.04166975617409 1.05501070618629 1.11012071371078 1.2177839577198 1.08290022611618
-9999 -9999 -9999 -9999 -9999 0.333180371671915 0.32210323959589 0.31929000467062 0.351794242858887 0.340292260050774 0.34545674175024 0.336250506341457 0.330953255295753 0.33346800506115 0.334294505417347 0.33525974303484 0.314338501542807 0.325999494642019 0.334651496261358 0.367819871753454 0.310448259115219 0.306198008358479 0.375752236694098 0.390360005199909 0.442577250301838 0.464453637599945 0.486338250339031 0.743713483214378 0.798487544059753 0.966926962137222 1.32767173647881 1.28223824501038 0.864188253879547 1.11170250177383 0.98216700553894 1.15138122439384 0.948946505784988 0.80273848772049 0.780509233474731 0.6900554895401 0.579641237854958 0.529859259724617 0.491395488381386 0.397256255149841 0.305491492152214 0.300646506249905 0.298787243664265 0.292306490242481 0.303772509098053 0.354000739753246 0.414015769958496 0.587776511907578 0.752335488796234 0.840590983629227 0.951291024684906 1.01809349656105 1.03779754042625 1.02516147494316 1.03629299998283 0.983157008886337 0.861273765563965 0.607700988650322
