EcologicalScience/Bass/data/rs_data_bass/chl_302.asc
NCOLS 226 
NROWS 124 
XLLCORNER -9.41648524995501 
YLLCORNER 47.587301625531 
CELLSIZE 0.0833 
NODATA_value -9999 
[rows 0 to 26 of 124, columns 62 to 123 of 226]
-9999 -9999 -9999 -9999 -9999 -9999 -9999 -9999 -9999 -9999 -9999 -9999 -9999 -9999 -9999 -9999 -9999 -9999 -9999 -9999 -9999 -9999 -9999 -9999 -9999 -9999 -9999 -9999 -9999 -9999 -9999 -9999 -9999 -9999 -9999 -9999 -9999 -9999 -9999 -9999 -9999 -9999 -9999 -9999 -9999 -9999 -9999 -9999 -9999 -9999 -9999 -9999 -9999 -9999 -9999 -9999 -9999 -9999 -9999 -9999 -9999 -9999
-9999 -9999 -9999 -9999 -9999 -9999 -9999 -9999 -9999 -9999 -9999 -9999 -9999 -9999 -9999 -9999 -9999 -9999 -9999 -9999 -9999 -9999 -9999 -9999 -9999 -9999 -9999 -9999 -9999 -9999 -9999 -9999 -9999 -9999 -9999 -9999 -9999 -9999 -9999 -9999 -9999 -9999 -9999 -9999 -9999 -9999 -9999 -9999 -9999 -9999 -9999 -9999 -9999 -9999 -9999 -9999 -9999 -9999 -9999 -9999 -9999 -9999
-9999 -9999 -9999 -9999 -9999 -9999 -9999 -9999 -9999 -9999 -9999 -9999 -9999 -9999 -9999 -9999 -9999 -9999 -9999 -9999 -9999 -9999 -9999 -9999 -9999 -9999 -9999 -9999 -9999 -9999 -9999 -9999 -9999 -9999 -9999 -9999 -9999 -9999 -9999 -9999 -9999 -9999 -9999 -9999 -9999 -9999 -9999 -9999 -9999 -9999 -9999 -9999 -9999 -9999 -9999 -9999 -9999 -9999 -9999 -9999 -9999 -9999
-9999 -9999 -9999 -9999 -9999 -9999 -9999 -9999 -9999 -9999 -9999 -9999 -9999 -9999 -9999 -9999 -9999 -9999 -9999 -9999 -9999 -9999 -9999 -9999 -9999 -9999 -9999 -9999 -9999 -9999 -9999 -9999 -9999 -9999 -9999 -9999 -9999 -9999 -9999 -9999 -9999 -9999 -9999 -9999 -9999 -9999 -9999 -9999 -9999 -9999 -9999 -9999 -9999 -9999 -9999 -9999 -9999 -9999 -9999 -9999 -9999 -9999
-9999 -9999 -9999 -9999 -9999 -9999 -9999 -9999 -9999 -9999 -9999 -9999 -9999 -9999 -9999 -9999 -9999 -9999 -9999 -9999 -9999 -9999 -9999 -9999 -9999 -9999 -9999 -9999 -9999 -9999 -9999 -9999 -9999 -9999 -9999 -9999 -9999 -9999 -9999 -9999 -9999 -9999 -9999 -9999 -9999 -9999 -9999 -9999 -9999 -9999 -9999 -9999 -9999 -9999 -9999 -9999 -9999 -9999 -9999 -9999 -9999 -9999
-9999 -9999 -9999 -9999 -9999 -9999 -9999 -9999 -9999 -9999 -9999 -9999 -9999 -9999 -9999 -9999 -9999 -9999 -9999 -9999 -9999 -9999 -9999 -9999 -9999 -9999 -9999 -9999 0.63735419511795 1.1421295297842 1.91639471054077 1.49654996395111 1.05410698056221 0.901944726705551 0.801839232444763 0.681268483400345 0.680786982178688 0.662264227867126 0.684745520353317 0.686253771185875 0.660014256834984 0.595590010285378 0.569164484739304 0.622586265206337 0.441968992352486 0.437849253416061 0.445778265595436 0.478335008025169 0.472605004906654 0.420101255178452 0.416811749339104 0.410784736275673 0.410057991743088 0.409389764070511 0.406550243496895 0.420522004365921 0.461342990398407 0.458939239382744 0.42179699242115 0.391155749559402 0.368366248905659 0.353919759392738
-9999 -9999 -9999 -9999 -9999 -9999 -9999 -9999 -9999 -9999 -9999 -9999 -9999 -9999 -9999 -9999 -9999 -9999 -9999 -9999 -9999 -9999 -9999 -9999 -9999 -9999 1.18186515569687 1.0627324283123 2.7121170759201 2.49326169490814 1.68979346752167 1.22685447335243 0.918900042772293 0.763385206460953 0.799916982650757 0.781981498003006 0.760221004486084 0.719198986887932 0.636115506291389 0.570920258760452 0.487398013472557 0.462222754955292 0.479490771889687 0.473417267203331 0.461649745702744 0.434539496898651 0.429306015372276 0.427821770310402 0.40837799012661 0.396593257784843 0.378831759095192 0.379226267337799 0.385257750749588 0.400615498423576 0.414062261581421 0.425730004906654 0.415373995900154 0.39291076362133 0.379528507590294 0.38476274907589 0.392273247241974 0.37176901102066
-9999 -9999 -9999 -9999 -9999 -9999 -9999 -9999 -9999 -9999 -9999 -9999 -9999 -9999 -9999 -9999 -9999 -9999 -9999 -9999 -9999 -9999 -9999 -9999 -9999 -9999 1.18186515569687 2.36830651760101 2.00556081533432 1.55703002214432 1.21724474430084 1.01727595925331 1.01578196883202 0.911261290311813 0.8670434653759 0.869949012994766 0.812081962823868 0.682910263538361 0.659579247236252 0.579963728785515 0.581301748752594 0.532831504940987 0.495292514562607 0.519911259412766 0.482133015990257 0.469752743840218 0.437563508749008 0.412394240498543 0.392126262187958 0.3826604783535 0.381267741322517 0.372260257601738 0.370392009615898 0.378861755132675 0.385390520095825 0.365677490830421 0.373192504048347 0.424505263566971 0.408429756760597 0.392768248915672 0.369951009750366 0.370553255081177
-9999 -9999 -9999 -9999 -9999 -9999 -9999 -9999 -9999 -9999 -9999 -9999 -9999 -9999 -9999 -9999 -9999 -9999 -9999 -9999 -9999 -9999 -9999 -9999 -9999 -9999 1.6457040309906 1.32049879431725 1.18412178754807 0.9909907579422 0.871185779571533 0.838365733623505 0.879838496446609 0.871841222047806 0.946387499570847 1.02186298370361 1.01108399033546 0.875172793865204 0.793597519397736 0.633281260728836 0.622108519077301 0.606635257601738 0.586938768625259 0.574507489800453 0.527701511979103 0.442957520484924 0.420970514416695 0.39665324985981 0.376727253198624 0.364541999995708 0.375304520130157 0.386952728033066 0.395736739039421 0.391532242298126 0.406145989894867 0.424142271280289 0.396042019128799 0.421404004096985 0.408176243305206 0.395102977752686 0.37101374566555 0.356978997588158
-9999 -9999 -9999 -9999 -9999 -9999 -9999 -9999 -9999 -9999 -9999 -9999 -9999 -9999 -9999 -9999 -9999 -9999 -9999 -9999 -9999 -9999 -9999 -9999 -9999 1.19121462106705 2.68547022342682 1.49090999364853 0.969597727060318 0.905045986175537 0.922318518161774 0.93760871887207 0.943214982748032 0.943762511014938 0.897377997636795 0.971849977970123 0.935567289590836 0.866788476705551 0.876270711421967 0.743437483906746 0.630923241376877 0.630498021841049 0.585741743445396 0.56944951415062 0.514664232730865 0.402774766087532 0.41533125936985 0.429780006408691 0.419466733932495 0.413164481520653 0.422606259584427 0.41362501680851 0.404562011361122 0.410013735294342 0.409411489963531 0.373715244233608 0.358718991279602 0.394671007990837 0.398483231663704 0.391619995236397 0.391868233680725 0.392039269208908
-9999 -9999 -9999 -9999 -9999 -9999 -9999 -9999 -9999 -9999 -9999 -9999 -9999 -9999 -9999 -9999 -9999 -9999 -9999 -9999 -9999 -9999 -9999 -9999 -9999 1.96690356731415 1.02537220716476 1.24418851733208 0.936449289321899 0.951030761003494 0.979165524244308 0.987309783697128 0.971304774284363 0.816641986370087 0.804373472929001 0.738937497138977 0.68137501180172 0.657978013157845 0.721895232796669 0.701581478118896 0.619714513421059 0.579706504940987 0.557647481560707 0.525833979249001 0.498116254806519 0.428226739168167 0.437853008508682 0.447558760643005 0.438716992735863 0.434621259570122 0.423014268279076 0.400478258728981 0.400085985660553 0.417665228247643 0.407927244901657 0.368325009942055 0.35173724591732 0.403484255075455 0.396506264805794 0.397055268287659 0.395708978176117 0.381300732493401
-9999 -9999 -9999 -9999 -9999 -9999 -9999 -9999 -9999 -9999 -9999 -9999 -9999 -9999 -9999 -9999 -9999 -9999 -9999 -9999 -9999 -9999 -9999 -9999 1.31647038459778 2.40819597244263 1.42317375540733 0.992444962263107 1.10333472490311 1.1174002289772 1.02650025486946 0.920635521411896 0.845613777637482 0.762857258319855 0.748021513223648 0.746712014079094 0.721287757158279 0.68936026096344 0.634535998106003 0.673016265034676 0.663072019815445 0.638039231300354 0.579487502574921 0.548080489039421 0.534252762794495 0.487806737422943 0.443381980061531 0.446144253015518 0.435663744807243 0.403367266058922 0.384767264127731 0.348637506365776 0.328682251274586 0.343962751328945 0.373971752822399 0.364165507256985 0.342973507940769 0.403334990143776 0.382161006331444 0.355280242860317 0.339989259839058 0.315146997570992
-9999 -9999 -9999 -9999 -9999 -9999 -9999 -9999 -9999 -9999 -9999 -9999 -9999 -9999 -9999 -9999 -9999 -9999 -9999 -9999 -9999 -9999 -9999 1.50594073534012 1.73537993431091 1.56621533632278 1.03625777363777 1.07688447833061 1.05218097567558 1.01782876253128 1.00789198279381 0.910190284252167 0.83499750494957 0.759030014276505 0.764630287885666 0.766508996486664 0.748570516705513 0.708099737763405 0.67264723777771 0.638182505965233 0.608838021755219 0.592167735099792 0.574937269091606 0.553496986627579 0.520402505993843 0.467024981975555 0.442154243588448 0.41982601583004 0.420465767383575 0.411339730024338 0.392723992466927 0.372696742415428 0.363632999360561 0.365449503064156 0.344264253973961 0.345732741057873 0.336180008947849 0.319054506719112 0.30223274230957 0.301703989505768 0.32514600455761 0.357564747333527
-9999 -9999 -9999 -9999 -9999 -9999 -9999 -9999 -9999 -9999 -9999 -9999 -9999 -9999 -9999 -9999 -9999 -9999 -9999 -9999 -9999 -9999 3.6137158870697 3.34840214252472 2.07246297597885 1.12602451443672 1.0462110042572 1.01222026348114 1.01438927650452 1.03853997588158 0.992140531539917 0.930639714002609 0.881833523511887 0.863283723592758 0.809367746114731 0.713905513286591 0.672735750675201 0.660194233059883 0.611956492066383 0.588423013687134 0.527160733938217 0.494582980871201 0.479431495070457 0.47324475646019 0.452157765626907 0.441705733537674 0.411225736141205 0.39785698056221 0.3868807554245 0.407663270831108 0.427946984767914 0.429509997367859 0.380832016468048 0.317662507295609 0.315061502158642 0.29372701048851 0.271642506122589 0.301421999931335 0.348098248243332 0.418477490544319 0.442045480012894 0.469815731048584
-9999 -9999 -9999 -9999 -9999 -9999 -9999 -9999 -9999 -9999 -9999 -9999 -9999 -9999 -9999 -9999 -9999 -9999 -9999 -9999 2.64602583646774 2.18259013687226 2.15537256002426 1.96582496166229 1.47430649399757 1.01681703329086 0.985442966222763 1.02023175358772 1.04154074192047 0.989404499530792 0.963866293430328 0.98549097776413 0.974180281162262 0.933915764093399 0.839777290821075 0.730963513255119 0.564844518899918 0.563209488987923 0.527228236198425 0.541745245456696 0.528458252549171 0.479908481240273 0.475978508591652 0.435105755925179 0.435244515538216 0.442561492323875 0.430577248334885 0.42995023727417 0.428932517766953 0.425070002675056 0.431626483798027 0.440936252474785 0.414714753627777 0.378872260451317 0.365511752665043 0.308093257248402 0.29568750411272 0.378050252795219 0.437380492687225 0.501743987202644 0.523121997714043 0.457460269331932
-9999 -9999 -9999 -9999 -9999 -9999 -9999 -9999 -9999 -9999 -9999 -9999 -9999 -9999 -9999 -9999 -9999 -9999 -9999 -9999 2.25420011570078 1.4295457644122 5.06831395626068 1.41632625460625 1.2153277695179 1.10095274448395 0.98231104016304 0.995559722185135 1.02870297431946 1.04479202628136 0.948554277420044 0.969997465610504 0.949223220348358 0.861781507730484 0.834747791290283 0.763998717069626 0.49667626619339 0.408592522144318 0.438594728708267 0.527827486395836 0.487339496612549 0.47163225710392 0.419635489583015 0.450609728693962 0.437197521328926 0.41549326479435 0.43053674697876 0.410365507006645 0.386348247528076 0.381030008196831 0.393095254898071 0.400620728731155 0.382705494761467 0.382064267992973 0.403101772069931 0.382631242275238 0.306311242282391 0.293798245489597 0.259470753371716 0.341134764254093 0.424799993634224 0.285977259278297
-9999 -9999 -9999 -9999 -9999 -9999 -9999 -9999 -9999 -9999 -9999 -9999 -9999 -9999 -9999 -9999 -9999 -9999 -9999 3.04562866687775 5.25639832019806 7.12617087364197 1.67480850219727 1.30261427164078 1.02755400538445 0.949296712875366 0.960427522659302 0.868509739637375 0.908678233623505 1.0039589703083 0.954897791147232 0.900936037302017 0.853359013795853 0.784301251173019 0.725615233182907 0.609787479043007 0.446952760219574 0.439631268382072 0.416816979646683 0.440762981772423 0.450073510408401 0.444913521409035 0.458292737603188 0.48014397919178 0.452347487211227 0.444877490401268 0.457235991954803 0.427743002772331 0.369156002998352 0.341138251125813 0.333204746246338 0.307566002011299 0.300327010452747 0.335146509110928 0.372571505606174 0.368331000208855 0.307757243514061 0.281514756381512 0.283821009099483 0.357480242848396 0.339701235294342 0.255299247801304
-9999 -9999 -9999 -9999 -9999 -9999 -9999 -9999 -9999 -9999 -9999 -9999 -9999 -9999 -9999 -9999 -9999 -9999 21.4835186004639 7.02289295196533 4.486647605896 1.82967531681061 1.35498976707458 1.00942504405975 0.90905624628067 0.866848468780518 0.875802755355835 0.847341030836105 0.851855278015137 0.956474214792252 1.02002853155136 0.942336022853851 0.879599958658218 0.797092527151108 0.755275458097458 0.702335268259048 0.594897016882896 0.428448021411896 0.385321497917175 0.388794019818306 0.406926020979881 0.401162266731262 0.388695761561394 0.392079770565033 0.398894995450974 0.397311016917229 0.432116255164146 0.399257987737656 0.336323998868465 0.30936449021101 0.293882243335247 0.298046998679638 0.289991989731789 0.290053501725197 0.298636503517628 0.306908994913101 0.281263500452042 0.284504257142544 0.27156376093626 0.279833257198334 0.286800742149353 0.293837249279022
-9999 -9999 -9999 -9999 -9999 -9999 -9999 -9999 -9999 -9999 -9999 -9999 -9999 -9999 -9999 -9999 -9999 27.4568988987476 29.5780649185181 8.31653380393982 3.2863597869873 2.62953758239746 1.29362028837204 1.0913077890873 1.01138252019882 0.870683223009109 0.801870793104172 0.79786804318428 0.89926278591156 0.905720293521881 0.902156263589859 0.932353466749191 0.938562780618668 0.881089478731155 0.851610749959946 0.67823101580143 0.590345978736877 0.456978768110275 0.446365490555763 0.418863728642464 0.453097522258759 0.440915241837502 0.393935233354568 0.384445488452911 0.360425256192684 0.362703748047352 0.378178507089615 0.347378253936768 0.343785010278225 0.324702009558678 0.317010752856731 0.316086754202843 0.316624492406845 0.299057990312576 0.289470747113228 0.301031246781349 0.307226993143559 0.31632674485445 0.315638244152069 0.339228004217148 0.334269739687443 0.285641245543957
-9999 -9999 -9999 -9999 -9999 -9999 -9999 -9999 -9999 -9999 -9999 -9999 -9999 -9999 -9999 -9999 -9999 -9999 -9999 2.42024552822113 1.39502254128456 1.02479928731918 1.03342723846436 0.984362214803696 0.870354741811752 0.80849102139473 0.781916230916977 0.759912014007568 0.966161996126175 0.9493567943573 0.930863231420517 0.910206019878387 0.932386457920074 1.03505024313927 0.973574280738831 0.844788014888763 0.680450230836868 0.528977259993553 0.541968762874603 0.515927240252495 0.505738511681557 0.457285478711128 0.429831013083458 0.412010237574577 0.343704745173454 0.330297008156776 0.328009508550167 0.338704504072666 0.372392244637012 0.360956244170666 0.359436750411987 0.343800008296967 0.307077750563622 0.306209251284599 0.318964496254921 0.317999996244907 0.312223501503468 0.335766009986401 0.360170245170593 0.320811755955219 0.292854756116867 0.326063252985477
-9999 -9999 -9999 -9999 -9999 -9999 -9999 -9999 -9999 -9999 -9999 -9999 -9999 -9999 -9999 4.58442238148521 2.8810952685096 1.41115048527718 1.47698396444321 1.77362626791 1.02797850966454 0.989921271800995 0.944093227386475 0.806598722934723 0.694167003035545 0.682955235242844 0.709974735975266 0.783327788114548 0.870369762182236 0.966019481420517 0.969438761472702 0.967471539974213 0.934598207473755 1.0698284804821 0.800290524959564 0.555002242326736 0.549659997224808 0.553003504872322 0.51876600086689 0.44709075987339 0.440418764948845 0.425638496875763 0.412661254405975 0.38758572936058 0.348127506673336 0.32192400097847 0.330605261027813 0.340241253376007 0.366603009402752 0.404357269406319 0.391773015260696 0.367720507085323 0.37645049393177 0.365218497812748 0.379277229309082 0.336587257683277 0.317669257521629 0.332714259624481 0.313763245940208 0.284603990614414 0.295887753367424 0.328447490930557
-9999 -9999 -9999 -9999 -9999 -9999 -9999 -9999 -9999 -9999 35.2986888885498 35.2986888885498 13.7248649597168 7.0676482245326 1.14391797780991 1.21784779429436 1.01112601161003 0.979472994804382 1.19997078180313 1.31189471483231 0.990041255950928 0.757739961147308 0.703752771019936 0.612405002117157 0.591848239302635 0.589008763432503 0.632137522101402 0.731608495116234 0.747232496738434 0.965744286775589 1.10366553068161 1.29939079284668 1.06863453984261 0.877522498369217 0.552860230207443 0.439404755830765 0.662667766213417 0.654056265950203 0.56623649597168 0.581805020570755 0.621224239468575 0.598881751298904 0.538852483034134 0.509921997785568 0.422226011753082 0.495582729578018 0.425436750054359 0.365882992744446 0.365579254925251 0.411593243479729 0.398018270730972 0.378738731145859 0.350198239088058 0.35895974189043 0.355983003973961 0.326025746762753 0.320647493004799 0.333900757133961 0.336794994771481 0.30435224622488 0.262023746967316 0.3683767542243
-9999 -9999 -9999 -9999 -9999 -9999 -9999 -9999 -9999 -9999 35.2986888885498 6.5208004178672 5.96883694330851 3.42635250091553 1.73503428697586 0.98528328537941 1.12107521295547 7.39864883422852 4.72871857615981 4.31592797316038 1.41483074426651 0.712368741631508 0.66550125181675 0.604320734739304 0.577755734324455 0.597887992858887 0.615719228982925 0.633454486727715 0.700828492641449 0.720768749713898 0.918264716863632 0.676064997911453 0.436640247702599 0.483547478914261 0.540397480130196 1.00402128696442 0.688058272004128 0.659394755959511 0.605610743165016 0.58279350399971 0.576323255896568 0.582826495170593 0.554113492369652 0.474350988864899 0.45812626183033 0.543675005435944 0.38153176009655 0.371639996767044 0.374591253697872 0.381248250603676 0.413312986493111 0.397947728633881 0.369663745164871 0.361405491828918 0.35012248903513 0.337048508226871 0.330028496682644 0.344820007681847 0.351418510079384 0.366333000361919 0.368353888392448 0.37423012778163
-9999 -9999 -9999 -9999 -9999 -9999 -9999 -9999 -9999 -9999 -9999 -9999 5.55245643821391 3.39880722016096 1.41791474819183 6.11326134204865 -9999 -9999 -9999 -9999 -9999 -9999 1.18537572026253 0.847585469484329 0.823428779840469 0.71883599460125 0.611049771308899 0.628682255744934 0.503363236784935 0.511065378785133 0.690212264657021 0.4361362606287 0.339495755732059 0.371083505451679 0.392788499593735 0.448952257633209 0.571727246046066 0.5976592451334 0.544241264462471 0.478703990578651 0.443532764911652 0.439644008874893 0.435379520058632 0.415947765111923 0.470302507281303 0.465789020061493 0.395528241991997 0.395156264305115 0.388886243104935 0.439086735248566 0.418678522109985 0.398166015744209 0.389221519231796 0.382306516170502 0.380123242735863 0.35708025097847 0.369847498834133 0.380797505378723 0.401730000972748 0.400694981217384 0.386966619640589 0.370385244488716
-9999 -9999 -9999 -9999 -9999 -9999 -9999 -9999 -9999 -9999 -9999 -9999 -9999 16.6274771690369 16.6274771690369 16.6274771690369 -9999 -9999 -9999 -9999 -9999 -9999 4.94490551948547 4.94490551948547 4.94490551948547 0.308659605681896 0.895376980304718 1.40479701757431 0.704199016094208 0.582883134484291 0.55977525562048 0.471462763845921 0.484857380390167 0.501602254807949 0.540043495595455 0.584338501095772 0.733112990856171 0.812376022338867 0.777038991451263 0.578175008296967 0.555843740701675 0.529129520058632 0.475863754749298 0.460373997688293 0.456983998417854 0.539747267961502 0.553250268101692 0.5207309871912 0.414527267217636 0.37643851339817 0.408096760511398 0.394749015569687 0.396559506654739 0.394614771008492 0.392676740884781 0.358738504350185 0.397043243050575 0.39674100279808 0.407159999012947 0.441211491823196 0.477120012044907 0.471727520227432
-9999 -9999 -9999 -9999 -9999 -9999 -9999 -9999 -9999 -9999 -9999 -9999 -9999 -9999 -9999 -9999 -9999 -9999 -9999 -9999 -9999 -9999 -9999 -9999 -9999 -9999 1.48467860791994 2.32230073213577 0.697075858712196 0.577606639266014 0.627072513103485 0.47079299390316 0.55850151181221 0.633148238062859 0.675362020730972 0.62737275660038 0.764734536409378 0.731348991394043 0.678052514791489 0.587265729904175 0.567746981978416 0.577640265226364 0.584809496998787 0.59738852083683 0.608767479658127 0.608861267566681 0.58704149723053 0.548599496483803 0.520626738667488 0.479458495974541 0.493868261575699 0.349408499896526 0.419118002057076 0.464920520782471 0.47301372885704 0.425340011715889 0.462114751338959 0.452303230762482 0.450366765260696 0.451531514525414 0.443545505404472 0.469062745571136
-9999 -9999 -9999 -9999 -9999 -9999 -9999 -9999 -9999 -9999 -9999 -9999 -9999 -9999 -9999 -9999 -9999 -9999 -9999 -9999 -9999 -9999 -9999 -9999 -9999 -9999 -9999 3.26689314842224 1.72687771490642 1.39034360647202 0.512451007962227 0.950670003890991 0.531854850053787 0.584944054484367 0.614164486527443 0.643062740564346 0.685303509235382 0.703871995210648 0.695528268814087 0.613982990384102 0.567320242524147 0.567917257547379 0.570402011275291 0.610467731952667 0.398466747254133 0.59425950050354 0.543149247765541 0.550109267234802 0.526190981268883 0.586517259478569 0.609786003828049 0.548823729157448 0.502155750989914 0.495157510042191 0.517103254795074 0.52037250995636 0.539277747273445 0.540207758545876 0.459800228476524 0.433689013123512 0.44522850215435 0.441824242472649
