EcologicalScience/Bass/data/rs_data_bass/chl_351.asc
NCOLS 226 
NROWS 124 
XLLCORNER -9.41648524995501 
YLLCORNER 47.587301625531 
CELLSIZE 0.0833 
NODATA_value -9999 
[rows 56 to 83 of 124, columns 0 to 60 of 226]
-9999 -9999 -9999 -9999 -9999 -9999 -9999 -9999 -9999 -9999 -9999 -9999 -9999 -9999 -9999 -9999 -9999 -9999 -9999 -9999 -9999 -9999 -9999 -9999 -9999 -9999 -9999 -9999 -9999 -9999 -9999 -9999 -9999 -9999 -9999 -9999 -9999 -9999 -9999 -9999 3.44022265076637 2.16514384746552 1.43257650732994 1.32913354039192 1.12818469852209 1.24161377549171 1.07242633402348 0.979720540344715 0.902874536812305 1.11916878819466 0.893699258565903 1.08305025100708 1.40743499994278 1.58597999811172 1.71835577487946 1.64661383628845 1.89706653356552 1.75433886051178 2.04802432656288 -9999 -9999
-9999 -9999 -9999 -9999 -9999 -9999 -9999 -9999 -9999 -9999 -9999 -9999 -9999 -9999 -9999 -9999 -9999 -9999 -9999 -9999 -9999 -9999 -9999 -9999 -9999 -9999 -9999 -9999 -9999 -9999 -9999 -9999 -9999 -9999 -9999 -9999 -9999 -9999 -9999 -9999 2.02554452419281 1.47873222827911 1.45712703466415 1.54853850603104 1.73835003376007 1.13350684940815 1.10769901424646 1.06359169632196 1.44640570878983 1.31132778525352 1.01913598179817 1.11632028222084 1.24026900529861 1.28140273690224 1.3980975151062 1.46854501962662 1.35106721520424 1.52389794588089 1.73786249756813 2.022486358881 1.72393843862745
-9999 -9999 -9999 -9999 -9999 -9999 -9999 -9999 -9999 -9999 -9999 -9999 -9999 -9999 -9999 -9999 -9999 -9999 -9999 -9999 -9999 -9999 -9999 -9999 -9999 -9999 -9999 -9999 -9999 -9999 -9999 -9999 -9999 -9999 -9999 -9999 -9999 -9999 -9999 -9999 -9999 2.08212751150131 1.64019674062729 1.71921819448471 1.7198166847229 1.56901757419109 1.19056653231382 1.57317066192627 1.63468354940414 1.29879149794579 0.981245219707489 1.02716848254204 1.13114628195763 1.2258397936821 1.25781673192978 1.29536926746368 1.33705759048462 1.45403663814068 1.48045429587364 1.49003966152668 1.8180203139782
-9999 -9999 -9999 -9999 -9999 -9999 -9999 -9999 -9999 -9999 -9999 -9999 -9999 -9999 -9999 -9999 -9999 -9999 -9999 -9999 -9999 -9999 -9999 -9999 -9999 -9999 -9999 -9999 -9999 -9999 -9999 -9999 -9999 -9999 -9999 -9999 -9999 -9999 -9999 -9999 -9999 2.25146842002869 1.91169816255569 1.97559750080109 1.4583532512188 1.40960848331451 1.47146701812744 1.45218595862389 1.4970697760582 1.1007105410099 0.988237470388412 1.02266398072243 1.19025671482086 1.22588700056076 1.20349913835526 1.35703611373901 1.4439577460289 1.69723391532898 1.57737484574318 1.20472866838629 -9999
-9999 -9999 -9999 -9999 -9999 -9999 -9999 -9999 -9999 -9999 -9999 -9999 -9999 -9999 -9999 -9999 -9999 -9999 -9999 -9999 -9999 -9999 -9999 -9999 -9999 -9999 -9999 -9999 -9999 -9999 -9999 -9999 -9999 -9999 -9999 -9999 -9999 -9999 -9999 -9999 2.06502449512482 2.07801908254623 1.98453068733215 1.60927730798721 1.52385681867599 1.42571327090263 1.41307497024536 1.46984776854515 1.44633677601814 1.24430251121521 1.12830072641373 1.13039472699165 1.23959854245186 0.996870383620262 1.05595538020134 1.22224447131157 1.19053796678782 -9999 -9999 2.73165924847126 2.34136381745338
-9999 -9999 -9999 -9999 -9999 -9999 -9999 -9999 -9999 -9999 -9999 -9999 -9999 -9999 -9999 -9999 -9999 -9999 -9999 -9999 -9999 -9999 -9999 -9999 -9999 -9999 -9999 -9999 -9999 -9999 -9999 -9999 -9999 -9999 -9999 -9999 -9999 -9999 -9999 2.38163687288761 2.02392375469208 1.99609422683716 1.83465903997421 1.69488966464996 1.44235950708389 1.39817324280739 1.52237766981125 1.41539096832275 1.39179003238678 1.23824179172516 1.09070777893066 1.11422029137611 1.28019824624062 0.889698341488838 0.906806275248528 1.09839016199112 1.39492575824261 1.53359059989452 1.78348512947559 1.93586430698633 2.19294463098049
-9999 -9999 -9999 -9999 -9999 -9999 -9999 -9999 -9999 -9999 -9999 -9999 -9999 -9999 -9999 -9999 -9999 -9999 -9999 -9999 -9999 -9999 -9999 -9999 -9999 -9999 -9999 -9999 -9999 -9999 -9999 -9999 -9999 -9999 -9999 -9999 -9999 -9999 -9999 2.15350949764252 1.84094256162643 1.68510371446609 1.56023919582367 1.46122348308563 1.29178047180176 1.26110252737999 1.18727324903011 1.0636867582798 0.990088909864426 0.837854973971844 0.832374773919582 0.85987651348114 0.869163349270821 0.94157512485981 0.969314262270927 1.02691648900509 1.19763864576817 1.36985439062119 1.30513125658035 1.77887812256813 1.7174508869648
-9999 -9999 -9999 -9999 -9999 -9999 -9999 -9999 -9999 -9999 -9999 -9999 -9999 -9999 -9999 -9999 -9999 -9999 -9999 -9999 -9999 -9999 -9999 -9999 -9999 -9999 -9999 -9999 -9999 -9999 -9999 -9999 -9999 -9999 -9999 -9999 -9999 -9999 3.90209835767746 2.17697846889496 1.94085073471069 1.52976894378662 1.36360350251198 1.29644545912743 1.03994943201542 1.04353272914886 1.01118712127209 0.703179001808167 0.698392510414124 0.785937756299973 0.752394743263721 0.805442623794079 0.900141388177872 0.975451871752739 1.02863176167011 1.06740336120129 1.10244078934193 1.13577787578106 1.02035290002823 1.11653798818588 0.966147199273109
-9999 -9999 -9999 -9999 -9999 -9999 -9999 -9999 -9999 -9999 -9999 -9999 -9999 -9999 -9999 -9999 -9999 -9999 -9999 -9999 -9999 -9999 -9999 -9999 -9999 -9999 -9999 -9999 -9999 -9999 -9999 -9999 -9999 -9999 -9999 -9999 -9999 -9999 2.2669905424118 2.08050227165222 1.87621808052063 1.37161275744438 1.23372003436089 1.18928173184395 1.14936670660973 1.08110770583153 0.94844850897789 0.921053230762482 0.838363498449326 0.725813269615173 0.783084399998188 0.791015267372131 0.840958133339882 0.871903538703918 0.887791872024536 0.948145866394043 0.808803364634514 1.09053303301334 1.05298049747944 0.709761008620262 0.828444004058838
-9999 -9999 -9999 -9999 -9999 -9999 -9999 -9999 -9999 -9999 -9999 -9999 -9999 -9999 -9999 -9999 -9999 -9999 -9999 -9999 -9999 -9999 -9999 -9999 -9999 -9999 -9999 -9999 -9999 -9999 -9999 -9999 -9999 -9999 -9999 -9999 -9999 2.19778794050217 1.88825404644012 1.64200133085251 1.50316572189331 1.39886552095413 1.27011001110077 1.23840674757957 1.1627197265625 1.06220251321793 0.966476261615753 0.847837507724762 0.811820983886719 0.747250869870186 0.793919987976551 0.791498243808746 0.763807117938995 0.736115254461765 0.803980484604836 0.775267884135246 0.707015991210938 0.643585860729218 0.59518463909626 0.682144492864609 0.758947491645813
-9999 -9999 -9999 -9999 -9999 -9999 -9999 -9999 -9999 -9999 -9999 -9999 -9999 -9999 -9999 -9999 -9999 -9999 -9999 -9999 -9999 -9999 -9999 -9999 -9999 -9999 -9999 -9999 -9999 -9999 -9999 -9999 -9999 -9999 -9999 -9999 -9999 2.43789678812027 2.11336719989777 1.55951249599457 1.37055829167366 1.33483502268791 1.17272472381592 0.770484365522861 0.74335652589798 0.762399025261402 0.794675633311272 0.818149879574776 0.855677247047424 0.866635501384735 0.842148005962372 0.789756372570992 0.751283258199692 0.726357355713844 0.708925500512123 0.713916756212711 0.743479885160923 0.752969205379486 0.641531623899937 0.679558865725994 0.76274511963129
-9999 -9999 -9999 -9999 -9999 -9999 -9999 -9999 -9999 -9999 -9999 -9999 -9999 -9999 -9999 -9999 -9999 -9999 -9999 -9999 -9999 -9999 -9999 -9999 -9999 -9999 -9999 -9999 -9999 -9999 -9999 -9999 -9999 -9999 -9999 -9999 3.17658587143971 2.37082868814468 2.14415627717972 1.53478279709816 1.21397569030523 1.02848511189222 0.969135001301765 0.834222748875618 0.865364626049995 0.890320122241974 0.955275356769562 0.889197751879692 0.886219158768654 0.933901146054268 0.913309916853905 0.956263884902 0.933789789676666 0.933537751436234 0.877912491559982 0.779470480978489 0.801078379154205 0.90871649980545 0.978672713041306 1.02138188481331 1.07498699426651
-9999 -9999 -9999 -9999 -9999 -9999 -9999 -9999 -9999 -9999 -9999 -9999 -9999 -9999 -9999 -9999 -9999 -9999 -9999 -9999 -9999 -9999 -9999 -9999 -9999 -9999 -9999 -9999 -9999 -9999 -9999 1.14548474550247 39.7665900267087 -9999 2.10493344068527 2.42307798347809 1.84026265602845 1.53471507132053 1.70740945637226 0.95389761775732 1.12452884763479 1.00189496576786 0.88754703104496 0.823320731520653 0.777242258191109 0.861232481896877 0.869857504963875 0.867973878979683 0.793045520782471 0.986063271760941 0.96631720662117 0.939554616808891 1.06300462782383 1.01925301551819 0.959636226296425 0.995315998792648 1.03840202093124 0.860580213367939 1.19883522391319 1.4121749997139 1.61359646916389
-9999 -9999 -9999 -9999 -9999 -9999 -9999 -9999 -9999 -9999 -9999 -9999 -9999 -9999 -9999 -9999 -9999 -9999 -9999 -9999 -9999 -9999 0.346259817481041 1.37673595547676 0.959070771932602 10.4158548563719 1.70865458250046 1.76623570919037 1.71925342082977 1.18335002660751 0.8091896250844 0.734832733869553 2.39472368359566 1.28680765628815 2.56143003702164 0.725453987717628 0.776727765798569 0.818084210157394 0.999744728207588 0.847215369343758 0.716621249914169 0.41168175637722 0.82888425886631 0.420888751745224 0.403509020805359 0.843782991170883 0.911441244184971 1.0238471031189 1.09399987757206 1.08737401664257 1.15680675208569 1.19593834877014 1.25308576226234 1.3068930208683 1.47537826001644 1.41675746440887 1.48139137029648 1.17714860290289 3.29989967626684 -9999 -9999
-9999 -9999 -9999 -9999 -9999 -9999 -9999 -9999 -9999 -9999 -9999 -9999 -9999 -9999 -9999 -9999 -9999 -9999 -9999 -9999 -9999 -9999 1.32562574744225 0.650636985898018 0.61574399471283 0.641906261444092 0.671478018164635 0.865456491708755 0.909048020839691 0.973010212182999 0.740157008171082 0.858709886670113 1.00942388176918 1.02511239051819 1.04510776698589 0.719511732459068 0.726193517446518 0.822179228067398 0.819821208715439 0.744849756360054 0.595704764127731 0.39945450425148 0.409274250268936 0.37016174197197 0.330561742186546 0.278711244463921 0.999365240335464 1.24014562368393 1.34590427577496 1.42698155343533 1.53578849136829 1.46228510141373 1.65837863087654 1.47568202018738 1.72951897233725 -9999 -9999 -9999 -9999 -9999 -9999
-9999 -9999 -9999 -9999 -9999 -9999 -9999 -9999 -9999 -9999 -9999 -9999 -9999 -9999 -9999 -9999 -9999 -9999 -9999 26.5811773158134 2.57777327299118 1.12419900298119 0.900260210037231 0.962521523237228 0.694449752569199 0.545564979314804 0.543950244784355 0.498592481017113 0.463514238595963 0.576364517211914 0.594048008322716 0.581814005970955 0.779997736215591 0.528252750635147 0.494769752025604 0.455736771225929 0.613133981823921 0.723636746406555 0.769048511981964 0.645851254463196 0.486728265881538 0.482080489397049 0.521105244755745 0.484747499227524 0.453373521566391 0.639719992876053 1.21067851781845 1.42770525813103 1.4196674823761 1.47379870712757 1.83684682846069 -9999 -9999 -9999 -9999 -9999 -9999 -9999 -9999 -9999 -9999
-9999 -9999 -9999 -9999 -9999 -9999 -9999 -9999 -9999 -9999 -9999 -9999 -9999 -9999 -9999 -9999 -9999 10.5882589817047 4.18429291248322 10.6763627529144 3.32566344738007 0.817537486553192 0.709889262914658 0.744542241096497 0.644262000918388 0.58090952038765 0.568786516785622 0.546152248978615 0.594627767801285 0.632107481360435 0.634002014994621 0.721599765121937 0.527281478047371 0.553481251001358 0.638807997107506 0.668754011392593 0.693609729409218 0.712714478373528 0.599038481712341 0.585037484765053 0.597732737660408 0.642268493771553 0.555250480771065 0.454882487654686 0.722315266728401 1.1465947329998 1.39939346909523 1.72728073596954 1.9057200551033 2.04014772176743 2.34053320077158 -9999 -9999 -9999 -9999 -9999 -9999 -9999 -9999 -9999 -9999
-9999 -9999 -9999 -9999 -9999 -9999 -9999 -9999 -9999 -9999 -9999 -9999 -9999 -9999 3.26321232318878 1.14396902918816 1.13172975182533 2.5539134144783 2.07259351015091 1.35552227497101 1.08789977431297 1.06343024969101 1.07908353209496 0.626466751098633 0.539589732885361 0.531285747885704 0.655400231480598 0.662705987691879 0.656536504626274 0.700187265872955 0.685561493039131 0.596042990684509 0.591619491577148 0.617050498723984 0.69693598151207 0.751958280801773 0.706850990653038 0.648572981357574 0.574698016047478 0.606244504451752 0.614064753055573 0.596718013286591 0.517047017812729 0.609071239829063 0.810000032186508 1.07480853796005 1.30690947175026 1.53135377168655 1.58462476730347 1.71616566181183 1.88362205028534 2.41903267800808 -9999 -9999 -9999 -9999 -9999 -9999 -9999 -9999 -9999
-9999 -9999 -9999 -9999 -9999 -9999 -9999 -9999 -9999 -9999 -9999 3.49711339984621 4.83015310764313 2.44322544336319 3.53856289386749 0.832386016845703 1.2685552239418 1.31058749556541 0.982149749994278 1.13758876919746 1.24193099141121 1.2209467291832 1.16299876570702 0.818070709705353 0.519651755690575 0.378971233963966 0.511737003922462 0.560563489794731 0.622072488069534 0.640872001647949 0.598091259598732 0.621737256646156 1.25727671384811 1.08244872093201 1.41039678454399 0.912551254034042 0.674003228545189 0.613880261778831 0.657207772135735 0.749711260199547 0.961941003799438 1.04730078577995 0.862697213888168 0.848162233829498 1.07884651422501 1.14507678151131 1.33052998781204 1.46600997447968 1.57753658294678 1.43560932576656 1.43902938365936 -9999 -9999 -9999 -9999 -9999 7.71303391830866 3.08370691537857 2.76049867272377 2.63175827264786 3.01330004632473
-9999 -9999 -9999 -9999 -9999 -9999 -9999 -9999 -9999 3.06440484523773 2.90239655971527 2.67995917797089 1.82495623826981 1.45616921782494 1.47723072767258 0.794049024581909 1.48020896315575 1.12826246023178 1.10467502474785 1.48963952064514 1.58850592374802 1.45206901431084 1.12975198030472 0.701467484235764 0.559717521071434 0.543114736676216 0.548284515738487 0.609153762459755 0.676557764410973 0.678875237703323 1.55902433395386 1.26297453045845 1.90233671665192 1.41187798976898 0.919503003358841 0.988557010889053 0.934944033622742 0.984277456998825 1.25883373618126 1.20201748609543 1.05096450448036 0.935367733240128 0.718720480799675 0.886515766382217 1.18211245536804 1.15174949169159 1.04368802905083 1.12846577167511 1.1723670065403 1.39778324961662 1.36837202310562 1.38226953148842 2.18520868283052 2.21092265844345 2.31582242250443 1.75056141614914 1.8330711722374 1.47349047660828 1.81918269395828 2.09434193372726 2.27237033843994
-9999 -9999 -9999 -9999 -9999 1.46690770983696 1.7279024720192 1.21901026368141 1.44226947426796 1.68939220905304 1.72205096483231 1.39094254374504 1.07788726687431 1.0091572701931 1.12859246134758 1.03565177321434 1.16231095790863 1.07757899165154 0.927801042795181 1.22204473614693 1.14638623595238 0.813940465450287 0.609447732567787 0.556000515818596 0.615792006254196 0.598287731409073 0.590695515275002 0.637457236647606 0.686958745121956 0.741312012076378 0.707313001155853 0.892356008291245 0.932444214820862 0.923898786306381 1.09971678256989 1.04746046662331 1.21771350502968 1.33631247282028 1.23881024122238 1.11085653305054 0.953408271074295 0.949217230081558 0.731967017054558 0.63842099905014 0.667455017566681 0.72945673763752 0.80743271112442 1.12169176340103 1.25443348288536 1.38537749648094 1.39391326904297 1.4565104842186 1.55922603607178 1.68015682697296 1.8886935710907 1.82183557748795 1.79578274488449 1.7808712720871 1.99022251367569 2.22640657424927 2.48154973983765
-9999 -9999 -9999 -9999 -9999 1.14174601435661 1.18534496426582 1.20993527770042 1.23854023218155 1.1125845015049 1.0956247150898 1.06313547492027 1.14601796865463 1.25517377257347 1.0839247405529 1.03147128224373 1.19437873363495 0.969907522201538 0.840735733509064 0.82305970788002 0.942680239677429 0.833009988069534 0.617325738072395 0.574190989136696 0.711762741208076 0.679472252726555 0.655168488621712 0.704908490180969 0.714769497513771 0.859103232622147 1.10641354322433 1.18269002437592 1.26098853349686 1.25198471546173 1.10418525338173 1.19716796278954 1.3736512362957 1.13550370931625 0.945860981941223 0.809045970439911 0.705695271492004 0.891294032335281 0.730628997087479 0.570453017950058 0.528598487377167 0.639110237360001 0.812279999256134 0.968950510025024 1.52672928571701 1.48548746109009 1.53636968135834 1.56707257032394 1.57733166217804 1.83023250102997 2.2209255695343 1.82777506113052 2.02107667922974 1.79671508073807 1.73567247390747 1.93312883377075 2.15234702825546
-9999 -9999 -9999 -9999 -9999 1.15691551566124 1.18471053242683 1.08405822515488 1.17152550816536 1.33892700076103 1.24599596858025 1.07486996054649 1.40555253624916 1.44638550281525 1.18498948216438 1.52191507816315 1.70266574621201 0.974947482347488 0.85587751865387 0.667160242795944 0.785320490598679 0.857196003198624 0.863912254571915 0.667634233832359 0.639654010534286 0.729643508791924 0.869613021612167 0.857333242893219 0.851460725069046 0.946738511323929 1.05379128456116 1.00320374965668 1.1742525100708 1.52151972055435 1.44298347830772 1.03284904360771 0.895529240369797 1.11979946494102 0.977941542863846 0.585696011781693 0.565077021718025 0.552654013037682 0.596737504005432 0.517196998000145 0.439874991774559 0.563185483217239 0.610577255487442 0.646250233054161 0.854821532964706 1.0703204870224 1.34132927656174 1.69195050001144 1.84972643852234 1.8345428109169 1.01919521391392 1.69943851232529 2.20275449752808 1.84230744838715 1.61247682571411 2.06719726324081 2.14190107584
-9999 -9999 -9999 -9999 -9999 1.10999402403831 1.1173822581768 1.02076202630997 1.06503295898438 1.03414499759674 1.19976451992989 1.09347295761108 1.19078171253204 0.962196707725525 0.970816522836685 0.927627772092819 1.02187353372574 0.987372726202011 0.797403752803802 0.61318351328373 0.704805001616478 0.631903499364853 0.663692235946655 0.300835490226746 0.323930248618126 0.675371244549751 0.925130993127823 0.955566734075546 0.937436252832413 0.917181015014648 1.06658846139908 1.27657350897789 1.33638149499893 1.30354124307632 1.15246126055717 0.992274016141891 0.805249482393265 0.677631765604019 0.689680516719818 0.641906261444092 0.625950738787651 0.566949740052223 0.565012514591217 0.522537767887115 0.473706007003784 0.49228347837925 0.646259263157845 0.594852760434151 0.561956271529198 0.575081259012222 0.676481992006302 0.925650715827942 1.31672921776772 1.47212702035904 1.47776699066162 1.57747203111649 1.55180543661118 1.6575134396553 1.63139480352402 1.77510491609573 2.56587374210358
-9999 -9999 -9999 -9999 -9999 1.17257326841354 1.03766629099846 1.01048398017883 1.00307402014732 0.779038488864899 0.739824011921883 0.874992728233337 0.945111751556396 0.987326234579086 1.03760853409767 0.9101482629776 0.920879244804382 0.811002016067505 0.719982728362083 0.648874506354332 0.570621728897095 0.514239728450775 0.434232741594315 0.416755512356758 0.387701243162155 0.57964351773262 0.634359017014503 0.615624770522118 1.07369327545166 0.908066242933273 0.863046705722809 0.918449968099594 0.877741456031799 0.913736969232559 1.01809653639793 1.18188679218292 1.01290047168732 0.930028527975082 0.904910981655121 0.843712538480759 0.590376734733582 0.551414251327515 0.487785011529922 0.488812521100044 0.463948488235474 0.455694749951363 0.459852755069733 0.501224264502525 0.54193876683712 0.529322236776352 0.576140239834785 0.562186494469643 0.731951236724854 0.71551425755024 0.571310251951218 1.25610145926476 1.03392110019922 1.07332894206047 0.963300749659538 2.24376904964447 2.42297995090485
-9999 -9999 -9999 -9999 -9999 1.00760704278946 0.97392001748085 0.99501371383667 0.823739290237427 0.802628964185715 0.775912463665009 0.75289723277092 0.741239234805107 0.865257740020752 0.880887776613235 0.819741725921631 0.790238231420517 0.763233035802841 0.702303752303123 0.669438734650612 0.646621495485306 0.67824375629425 0.646886229515076 0.578922763466835 0.481622993946075 0.372513748705387 0.372381001710892 0.444979503750801 0.656771242618561 0.953881502151489 0.990923970937729 0.967536002397537 0.954982459545135 1.14216747879982 1.23790195584297 1.13980650901794 1.14035850763321 1.11153450608253 1.05506926774979 0.973269760608673 0.585422247648239 0.523057490587234 0.490396499633789 0.496756508946419 0.486172512173653 0.461205750703812 0.462987765669823 0.479200512170792 0.502937257289886 0.51079273223877 0.488520741462708 0.472219482064247 0.869864255189896 0.780250489711761 1.10231477022171 1.1297490298748 1.3396456360817 1.2790912091732 1.32146778702736 0.989243611693382 2.19875407218933
-9999 -9999 -9999 -9999 -9999 0.755871713161469 0.794875502586365 0.873929232358932 0.751401722431183 0.981223493814468 1.11476773023605 1.06534945964813 1.11450371146202 1.37863871455193 1.39534503221512 1.00813499093056 0.730103239417076 0.68029198050499 0.606456756591797 0.572686493396759 0.388130977749825 0.342287242412567 0.338015243411064 0.334872744977474 0.317780256271362 0.382418990135193 0.389509499073029 0.380295753479004 0.488664016127586 0.663640514016151 0.913875728845596 1.07106301188469 1.2008895277977 1.20448422431946 0.898442208766937 0.899088710546494 0.936275213956833 1.00891122221947 0.990948021411896 1.01133227348328 1.17287546396255 0.576294735074043 0.504231736063957 0.494050517678261 0.482299491763115 0.481869757175446 0.454041749238968 0.469307988882065 0.49177274107933 0.640353754162788 0.615622490644455 0.59077575802803 0.605079755187035 0.374182507395744 0.493436247110367 0.864519774913788 0.629315234720707 1.03078535199165 1.49042224884033 1.1300782263279 2.61931707859039
-9999 -9999 -9999 -9999 -9999 0.541555479168892 0.560340017080307 0.711326256394386 0.604176744818687 0.60734698176384 0.720727488398552 0.798971235752106 0.73794150352478 1.10789251327515 1.3315492272377 0.785074532032013 0.554279252886772 0.507605999708176 0.408143252134323 0.32396699488163 0.243446990847588 0.229060493409634 0.235385991632938 0.273428991436958 0.288227990269661 0.296219252049923 0.31784999370575 0.32379374653101 0.360302992165089 0.342863246798515 0.573507741093636 0.791664719581604 0.971332490444183 1.10370603203773 0.929378271102905 1.01809877157211 1.01167425513268 1.13324171304703 1.23363527655602 1.29441449046135 1.51098453998566 0.791166722774506 0.515781730413437 0.47955147922039 0.478927507996559 0.48973873257637 0.500621259212494 0.496935769915581 0.563962519168854 0.608916744589806 0.474068999290466 0.425684228539467 0.545894980430603 0.481647253036499 0.563976511359215 0.724016234278679 1.02231702208519 2.20448344945908 -9999 -9999 -9999
