EcologicalScience/Bass/data/rs_data_bass/chl_285.asc
NCOLS 226 
NROWS 124 
XLLCORNER -9.41648524995501 
YLLCORNER 47.587301625531 
CELLSIZE 0.0833 
NODATA_value -9999 
[rows 54 to 80 of 124, columns 0 to 61 of 226]
-9999 -9999 -9999 -9999 -9999 -9999 -9999 -9999 -9999 -9999 -9999 -9999 -9999 -9999 -9999 -9999 -9999 -9999 -9999 -9999 -9999 -9999 -9999 -9999 -9999 -9999 -9999 -9999 -9999 -9999 -9999 -9999 -9999 -9999 -9999 -9999 -9999 -9999 5.07593926561781 3.07490015029907 2.27317571640015 2.03316378593445 1.69939202070236 1.24776229262352 1.2328334748745 1.16498628258705 1.07031825184822 1.01568746566772 1.00431972742081 1.04156175255775 1.06452521681786 1.15910848975182 1.2970222234726 1.42895248532295 1.69940328598022 2.07788783311844 2.38823246955872 2.45398128032684 -9999 0.607058599591255 0.62790758907795 2.10861062873965
-9999 -9999 -9999 -9999 -9999 -9999 -9999 -9999 -9999 -9999 -9999 -9999 -9999 -9999 -9999 -9999 -9999 -9999 -9999 -9999 -9999 -9999 -9999 -9999 -9999 -9999 -9999 -9999 -9999 -9999 -9999 -9999 -9999 -9999 -9999 -9999 -9999 -9999 -9999 2.3695462346077 2.15605652332306 2.03119647502899 1.59883207082748 1.52198767662048 1.26645147800446 1.13272127509117 1.08030223846436 1.02041324973106 1.02907428145409 0.987706482410431 1.03390046954155 1.13577300310135 1.29130429029465 1.50974178314209 1.86753308773041 2.28562277555466 2.35139107704163 2.43479025363922 -9999 -9999 -9999 -9999
-9999 -9999 -9999 -9999 -9999 -9999 -9999 -9999 -9999 -9999 -9999 -9999 -9999 -9999 -9999 -9999 -9999 -9999 -9999 -9999 -9999 -9999 -9999 -9999 -9999 -9999 -9999 -9999 -9999 -9999 -9999 -9999 -9999 -9999 -9999 -9999 -9999 -9999 -9999 -9999 1.882468521595 1.78577774763107 1.6178782582283 1.68547421693802 1.64489847421646 1.27645799517632 1.18127927184105 1.09374976158142 1.18794751167297 1.03455975651741 0.97746679186821 1.05590477585793 1.2187440097332 1.4451952278614 1.72527229785919 2.17410224676132 2.3098304271698 1.95232272148132 1.94579994678497 -9999 -9999 -9999
-9999 -9999 -9999 -9999 -9999 -9999 -9999 -9999 -9999 -9999 -9999 -9999 -9999 -9999 -9999 -9999 -9999 -9999 -9999 -9999 -9999 -9999 -9999 -9999 -9999 -9999 -9999 -9999 -9999 -9999 -9999 -9999 -9999 -9999 -9999 -9999 -9999 -9999 -9999 -9999 1.89778500795364 1.73444098234177 1.73300099372864 1.87539446353912 1.90934318304062 1.58253908157349 1.46661150455475 1.36239972710609 1.31890350580215 1.28304228186607 0.944237977266312 1.01966178417206 1.2034829556942 1.32996895909309 1.53862577676773 1.55002570152283 1.52307218313217 1.49293497204781 1.40274971723557 1.49871146678925 1.80441892147064 -9999
-9999 -9999 -9999 -9999 -9999 -9999 -9999 -9999 -9999 -9999 -9999 -9999 -9999 -9999 -9999 -9999 -9999 -9999 -9999 -9999 -9999 -9999 -9999 -9999 -9999 -9999 -9999 -9999 -9999 -9999 -9999 -9999 -9999 -9999 -9999 -9999 -9999 -9999 -9999 -9999 -9999 2.03040450811386 1.85507851839066 1.92824327945709 2.0342001914978 1.97397154569626 1.68656766414642 1.63182592391968 1.60202032327652 1.46871748566628 1.17993673682213 0.957391530275345 1.17270827293396 1.35354450345039 1.37893947958946 1.25326725840569 1.40908053517342 1.33582198619843 1.36074149608612 1.41822972893715 1.55071127414703 -9999
-9999 -9999 -9999 -9999 -9999 -9999 -9999 -9999 -9999 -9999 -9999 -9999 -9999 -9999 -9999 -9999 -9999 -9999 -9999 -9999 -9999 -9999 -9999 -9999 -9999 -9999 -9999 -9999 -9999 -9999 -9999 -9999 -9999 -9999 -9999 -9999 -9999 -9999 -9999 -9999 -9999 2.24927097558975 2.07901722192764 2.13925498723984 2.06783920526505 1.99908900260925 1.96238780021667 1.67227882146835 1.5627059340477 1.29580646753311 1.10134050250053 0.993434250354767 1.14542779326439 1.33766922354698 1.38030222058296 1.40290501713753 1.43586972355843 1.39834347367287 1.4225437939167 1.62487516349012 -9999 -9999
-9999 -9999 -9999 -9999 -9999 -9999 -9999 -9999 -9999 -9999 -9999 -9999 -9999 -9999 -9999 -9999 -9999 -9999 -9999 -9999 -9999 -9999 -9999 -9999 -9999 -9999 -9999 -9999 -9999 -9999 -9999 -9999 -9999 -9999 -9999 -9999 -9999 -9999 -9999 -9999 2.77197754383087 2.65497529506683 2.51862305402756 2.05434376001358 1.80895203351974 1.64654767513275 1.69840657711029 1.63716441392899 1.43630853295326 1.15008303523064 1.03607028722763 1.03839147090912 1.23687297105789 1.41435000300407 1.54949104785919 1.59259128570557 1.58837252855301 -9999 -9999 7.4799370765686 5.10913217067719 5.97581791877747
-9999 -9999 -9999 -9999 -9999 -9999 -9999 -9999 -9999 -9999 -9999 -9999 -9999 -9999 -9999 -9999 -9999 -9999 -9999 -9999 -9999 -9999 -9999 -9999 -9999 -9999 -9999 -9999 -9999 -9999 -9999 -9999 -9999 -9999 -9999 -9999 -9999 -9999 -9999 2.62379854917526 2.62463021278381 2.61846596002579 2.30653041601181 2.01419323682785 1.67337816953659 1.5449475646019 1.59658491611481 1.475715726614 1.44572621583939 1.23193797469139 1.19652298092842 1.22835597395897 1.25649601221085 1.49604678153992 1.67412292957306 2.02456802129745 1.94702696800232 1.53011548519135 2.0821019411087 3.49217104911804 3.5716073513031 3.68798983097076
-9999 -9999 -9999 -9999 -9999 -9999 -9999 -9999 -9999 -9999 -9999 -9999 -9999 -9999 -9999 -9999 -9999 -9999 -9999 -9999 -9999 -9999 -9999 -9999 -9999 -9999 -9999 -9999 -9999 -9999 -9999 -9999 -9999 -9999 -9999 -9999 -9999 -9999 -9999 2.61571794748306 2.46636146306992 2.30407351255417 1.91047579050064 1.66313624382019 1.41593098640442 1.56054747104645 1.5041429400444 1.33222049474716 1.42224526405334 1.23636898398399 1.25899198651314 1.31581574678421 1.32417824864388 1.43152347207069 1.49578276276588 1.59153592586517 1.55165469646454 1.44745722413063 1.42840200662613 1.87431067228317 1.87435644865036 2.04700416326523
-9999 -9999 -9999 -9999 -9999 -9999 -9999 -9999 -9999 -9999 -9999 -9999 -9999 -9999 -9999 -9999 -9999 -9999 -9999 -9999 -9999 -9999 -9999 -9999 -9999 -9999 -9999 -9999 -9999 -9999 -9999 -9999 -9999 -9999 -9999 -9999 -9999 -9999 2.68438267707825 2.56978797912598 2.28129154443741 2.01935541629791 1.70931369066238 1.50547957420349 1.33084952831268 1.47576597332954 1.33977529406548 1.18507727980614 1.2153577208519 1.21934920549393 1.21678948402405 1.29709348082542 1.38830628991127 1.46035498380661 1.43335202336311 1.49194049835205 1.37084546685219 1.29659852385521 1.35521703958511 1.47807446122169 1.49809795618057 1.68947553634644
-9999 -9999 -9999 -9999 -9999 -9999 -9999 -9999 -9999 -9999 -9999 -9999 -9999 -9999 -9999 -9999 -9999 -9999 -9999 -9999 -9999 -9999 -9999 -9999 -9999 -9999 -9999 -9999 -9999 -9999 -9999 -9999 -9999 -9999 -9999 -9999 -9999 -9999 2.25526195764542 2.24439525604248 2.06863725185394 1.81413978338242 1.37872722744942 1.26381227374077 1.20015299320221 1.28438320755959 1.26408371329308 1.15401676297188 1.11986321210861 1.19424596428871 1.32877045869827 1.38302251696587 1.40484675765038 1.3949039876461 1.37885847687721 1.32800021767616 1.25422275066376 1.27423274517059 1.4464425444603 1.42262551188469 1.55234169960022 1.6725389957428
-9999 -9999 -9999 -9999 -9999 -9999 -9999 -9999 -9999 -9999 -9999 -9999 -9999 -9999 -9999 -9999 -9999 -9999 -9999 -9999 -9999 -9999 -9999 -9999 -9999 -9999 -9999 -9999 -9999 -9999 -9999 -9999 -9999 -9999 -9999 -9999 -9999 3.43824427051747 2.08429044485092 2.01655876636505 1.78497523069382 1.58388304710388 1.33168199658394 1.17084145545959 1.23278322815895 1.15742021799088 1.09944748878479 1.16543698310852 1.18463999032974 1.24611076712608 1.30231422185898 1.35572925209999 1.3198057115078 1.30334177613258 1.28800651431084 1.21419748663902 1.11851477622986 1.19382146000862 1.3025107383728 1.40711626410484 1.59669148921967 1.83521926403046
-9999 -9999 -9999 -9999 -9999 -9999 -9999 -9999 -9999 -9999 -9999 -9999 -9999 -9999 -9999 -9999 -9999 -9999 -9999 -9999 -9999 -9999 -9999 -9999 -9999 -9999 -9999 -9999 -9999 -9999 -9999 -9999 -9999 -9999 -9999 -9999 -9999 1.78148782253265 1.96337020397186 1.78341525793076 1.50342518091202 1.32268577814102 1.22365495562553 1.04626125097275 0.972679495811462 1.05102977156639 1.0734960436821 1.12431147694588 1.23008698225021 1.26050251722336 1.21261274814606 1.13396322727203 1.12659224867821 1.16542875766754 1.18719300627708 1.14025121927261 1.11271798610687 1.12738573551178 1.21247479319572 1.36932295560837 1.57496023178101 1.7473492026329
-9999 -9999 -9999 -9999 -9999 -9999 -9999 -9999 -9999 -9999 -9999 -9999 -9999 -9999 -9999 -9999 -9999 -9999 -9999 -9999 -9999 -9999 -9999 -9999 -9999 -9999 -9999 -9999 -9999 -9999 -9999 -9999 -9999 -9999 -9999 -9999 2.20418179035187 2.01054525375366 1.89234745502472 1.63333278894424 1.43642547726631 1.2664837539196 1.10968422889709 0.902112007141113 0.868164002895355 0.96525451540947 0.965309232473373 1.09599673748016 1.21722373366356 1.23364949226379 1.16583824157715 1.08949273824692 1.05409348011017 1.14489072561264 1.16509053111076 1.17673203349113 1.22743427753448 1.28878578543663 1.37493601441383 1.52276033163071 1.63682466745377 1.76948994398117
-9999 -9999 -9999 -9999 -9999 -9999 -9999 -9999 -9999 -9999 -9999 -9999 -9999 -9999 -9999 -9999 -9999 -9999 -9999 -9999 -9999 -9999 -9999 -9999 -9999 -9999 -9999 -9999 -9999 -9999 -9999 1.10495325922966 1.42949385643005 -9999 2.10493344068527 2.56910263001919 1.82859295606613 1.78035897016525 1.56717145442963 1.38725772500038 1.12718027830124 0.994659751653671 0.879153728485107 0.842975288629532 0.786510765552521 0.837304472923279 0.873695969581604 0.84980320930481 0.999067515134811 1.17425546050072 1.15842747688293 1.06328997015953 1.00592395663261 1.06912279129028 1.09391623735428 1.19943979382515 1.35639595985413 1.52900397777557 1.58217233419418 1.64429694414139 1.74076491594315 2.39951703378132
-9999 -9999 -9999 -9999 -9999 -9999 -9999 -9999 -9999 -9999 -9999 -9999 -9999 -9999 -9999 -9999 -9999 -9999 -9999 -9999 -9999 -9999 0.346259817481041 3.9295814037323 4.94602954387665 4.44524323940277 2.31777673959732 3.26695203781128 1.04178303480148 1.39919400215149 2.14836144447327 2.6591722369194 1.01129776239395 1.17579299211502 1.25243103504181 1.39808928966522 1.32246601581573 1.18193703889847 1.08449175953865 0.987439513206482 0.915372759103775 0.790100276470184 0.761929482221603 0.76544925570488 0.767722517251968 0.846189022064209 0.960975766181946 0.984456717967987 1.09825497865677 1.21872371435165 1.15583699941635 1.16589823365211 1.18854975700378 1.24991852045059 1.28172451257706 1.22917422652245 1.40721523761749 1.54048347473145 5.29909351643394 -9999 -9999 -9999
-9999 -9999 -9999 -9999 -9999 -9999 -9999 -9999 -9999 -9999 -9999 -9999 -9999 -9999 -9999 -9999 -9999 -9999 -9999 -9999 -9999 -9999 0.771191239356995 1.77518105506897 3.09198296070099 3.83261704444885 2.21941208839417 2.02202171087265 2.24644356966019 1.69002968072891 1.15452226996422 0.917623490095139 0.974235713481903 1.07394379377365 0.983909994363785 0.953031778335571 0.911661744117737 0.771480739116669 0.802591502666473 0.823534458875656 0.793109267950058 0.703565999865532 0.727539002895355 0.71816249191761 0.767250716686249 0.900695979595184 1.1927610039711 1.32267898321152 1.34484824538231 1.33087652921677 1.31208524107933 1.36136251688004 1.42914372682571 1.5643327832222 1.59955501556396 -9999 -9999 -9999 -9999 -9999 -9999 -9999
-9999 -9999 -9999 -9999 -9999 -9999 -9999 -9999 -9999 -9999 -9999 -9999 -9999 -9999 -9999 -9999 -9999 -9999 -9999 2.72046739779986 2.10277131199837 1.99185901880264 1.63242673873901 1.84034621715546 1.76998347043991 1.27388253808022 1.11178877949715 1.53650844097137 1.79909473657608 1.41814649105072 0.960306733846664 0.828175485134125 0.837029278278351 0.730122730135918 0.698174983263016 0.663565501570702 0.644930228590965 0.67110376060009 0.716673016548157 0.674211010336876 0.664115980267525 0.6900494992733 0.762650281190872 0.78609824180603 0.886177539825439 1.09963122010231 1.42423349618912 1.48494073748589 1.48909422755241 1.50145053863525 1.49756026268005 -9999 -9999 -9999 -9999 -9999 -9999 -9999 -9999 -9999 -9999 -9999
-9999 -9999 -9999 -9999 -9999 -9999 -9999 -9999 -9999 -9999 -9999 -9999 -9999 -9999 -9999 -9999 -9999 2.09401416778564 1.82472896575928 1.49909099936485 1.837287068367 1.75235170125961 1.05324447154999 0.876293241977692 0.805348455905914 0.817608028650284 0.806104481220245 1.03474429249763 1.20615300536156 1.14705902338028 0.766487270593643 0.673992767930031 0.695451021194458 0.631932020187378 0.57684825360775 0.575267270207405 0.599207997322083 0.6302520185709 0.640339493751526 0.634020745754242 0.660135000944138 0.684389233589172 0.72902324795723 0.786987751722336 0.920975983142853 1.30593073368073 1.50504899024963 1.64177995920181 1.67591482400894 1.27318954467773 1.38389253616333 -9999 -9999 -9999 -9999 -9999 -9999 -9999 -9999 -9999 -9999 -9999
-9999 -9999 -9999 -9999 -9999 -9999 -9999 -9999 -9999 -9999 -9999 -9999 -9999 -9999 1.03728970885277 0.947115004062653 1.69839817285538 1.59354758262634 1.38549372553825 1.32182103395462 0.910363465547562 0.851225227117538 0.743097022175789 0.73200523853302 0.721311002969742 0.71568301320076 0.73096726834774 0.719945982098579 0.746556758880615 0.702966749668121 0.655701756477356 0.633503258228302 0.600395992398262 0.562854006886482 0.549618735909462 0.630088493227959 0.685685992240906 0.692561253905296 0.647636979818344 0.63323400914669 0.665782481431961 0.663243770599365 0.69166499376297 0.829989731311798 1.14674100279808 1.44946879148483 1.57837271690369 1.61287128925323 1.62041258811951 1.38920545578003 1.23368999361992 1.45954129099846 -9999 -9999 -9999 -9999 -9999 -9999 -9999 -9999 -9999 -9999
-9999 -9999 -9999 -9999 -9999 -9999 -9999 -9999 -9999 -9999 -9999 1.33740338650735 0.428135991096497 0.844319254159927 0.965318977832794 0.842454761266708 0.774265497922897 0.714922517538071 0.712239772081375 0.724287003278732 0.721153512597084 0.791081249713898 0.8318752348423 0.688562259078026 0.802781224250793 0.74906399846077 0.682815760374069 0.700981512665749 0.665289759635925 0.640060499310493 0.657864019274712 0.622559264302254 0.561285004019737 0.569971516728401 0.615225747227669 0.654368251562119 0.676066517829895 0.671324238181114 0.677404493093491 0.643211245536804 0.677261263132095 0.737050518393517 0.774130493402481 0.768696784973145 1.1144759953022 1.3447200357914 1.366519510746 1.51532703638077 1.54473298788071 1.54788601398468 1.28706995397806 -9999 -9999 -9999 -9999 -9999 6.69813551195832 3.04831194877625 2.60741776227951 3.33273446559906 3.82872211933136 -9999
-9999 -9999 -9999 -9999 -9999 -9999 -9999 -9999 -9999 1.63459722697735 1.10051098465919 1.16223523020744 1.13935804367065 1.38099226355553 0.918294042348862 1.03489798307419 0.68164949119091 0.666130498051643 0.685568243265152 0.70795950293541 0.758684277534485 0.799988240003586 0.75857475399971 0.696347236633301 0.669478520750999 0.652936488389969 0.664102479815483 0.659526005387306 0.628222480416298 0.605407521128654 0.570408761501312 0.555571496486664 0.60222901403904 0.63180148601532 0.66160874068737 0.687223479151726 0.674481019377708 0.674536496400833 0.681651771068573 0.66303451359272 0.713878512382507 0.762201726436615 0.763278722763062 0.784805238246918 0.841574996709824 1.06806600093842 1.41578552126884 1.37316673994064 1.38190126419067 1.44072452187538 1.42389222979546 1.59508574008942 1.48426195979118 5.49600182730576 2.28625792264938 2.3461702466011 2.31942075490952 2.16681826114655 2.18777632713318 2.23491382598877 2.36860942840576 -9999
-9999 -9999 -9999 -9999 -9999 1.18133063614368 0.954645037651062 1.10110053420067 0.908886015415192 0.902202039957047 0.731517747044563 0.662334010004997 0.731957271695137 0.928396493196487 0.743178740143776 0.623158514499664 0.625278756022453 0.665118008852005 0.691506743431091 0.733172982931137 0.707028016448021 0.706316247582436 0.715497761964798 0.688342496752739 0.656751751899719 0.623387262225151 0.631427228450775 0.639707252383232 0.638966247439384 0.5847547352314 0.582809999585152 0.623892769217491 0.641692489385605 0.682682231068611 0.701353490352631 0.719055756926537 0.712441518902779 0.720938265323639 0.679738506674767 0.686848506331444 0.710989505052567 0.760465532541275 0.816409528255463 0.892732501029968 0.953885972499847 1.00504195690155 1.18376621603966 1.34705176949501 1.23605847358704 1.24452674388885 1.30340847373009 1.33796927332878 1.4890852868557 1.69870358705521 1.97568601369858 1.94651180505753 2.04027146100998 2.11320000886917 2.32539743185043 2.59577178955078 2.89164447784424 2.70587182044983
-9999 -9999 -9999 -9999 -9999 0.681849002838135 0.584425494074821 0.704335480928421 0.81318524479866 0.648484513163567 0.541787981987 0.54628649353981 0.579209268093109 0.644439741969109 0.541110768914223 0.551978230476379 0.564935982227325 0.635842502117157 0.658450484275818 0.609684750437737 0.574833020567894 0.600130498409271 0.592514991760254 0.617131501436234 0.595044001936913 0.615159004926682 0.625027477741241 0.6275475025177 0.625932767987251 0.630484521389008 0.656507983803749 0.670238256454468 0.677076771855354 0.682043239474297 0.758121013641357 0.782674491405487 0.789195030927658 0.782055705785751 0.727776736021042 0.721185743808746 0.709081515669823 0.719080477952957 0.781049251556396 0.833599537611008 0.847966521978378 0.858819723129272 0.951561748981476 0.975317269563675 1.04783472418785 1.13480320572853 1.17118871212006 1.29147604107857 1.40359425544739 1.45028552412987 1.4687092602253 1.6417470574379 1.87086600065231 1.92165219783783 2.03200203180313 2.14744645357132 2.27169442176819 2.32602077722549
-9999 -9999 -9999 -9999 -9999 0.632564261555672 0.597115516662598 0.590961769223213 0.564153760671616 0.537020266056061 0.53447400033474 0.564046517014503 0.549054756760597 0.549862504005432 0.552798002958298 0.529094249010086 0.511318489909172 0.541318506002426 0.558068990707397 0.557707518339157 0.544000491499901 0.547611013054848 0.555786743760109 0.595130994915962 0.609619483351707 0.618834748864174 0.623262003064156 0.645057767629623 0.643594488501549 0.657078757882118 0.658994257450104 0.652323737740517 0.657723739743233 0.67661552131176 0.735734984278679 0.74414473772049 0.756160989403725 0.699731223285198 0.725762262940407 0.768122971057892 0.733973979949951 0.676719769835472 0.675355508923531 0.695921257138252 0.70370551943779 0.742511987686157 0.805991291999817 0.877416729927063 0.928486526012421 0.9205162525177 0.998103708028793 1.10797503590584 1.04854121804237 0.993618786334991 1.14201298356056 1.22718000411987 1.29556202888489 1.39176678657532 1.47891300916672 1.89504307508469 2.10414379835129 2.25847792625427
-9999 -9999 -9999 -9999 -9999 0.548695519566536 0.506802767515182 0.494978249073029 0.507790490984917 0.508718267083168 0.511782735586166 0.517875730991364 0.511169984936714 0.513744011521339 0.518055751919746 0.49253998696804 0.494306266307831 0.499569743871689 0.530254483222961 0.539866492152214 0.537693008780479 0.553946256637573 0.577680766582489 0.619424253702164 0.618807747960091 0.63239474594593 0.634480521082878 0.634443014860153 0.633310496807098 0.639038980007172 0.63783372938633 0.660298481583595 0.688502267003059 0.722611516714096 0.767591267824173 0.696867749094963 0.725187242031097 0.690406143665314 0.645278625190258 0.576337516307831 0.618273764848709 0.594800993800163 0.594810739159584 0.602443501353264 0.636133521795273 0.651837766170502 0.671087265014648 0.759277492761612 0.784803718328476 0.801530241966248 0.795195043087006 0.857129216194153 0.844709247350693 0.876211524009705 0.984135746955872 1.07614946365356 1.11587324738503 1.20262429118156 1.3213005065918 1.78607708215714 2.1407977938652 2.3714804649353
-9999 -9999 -9999 -9999 -9999 0.467936262488365 0.447471007704735 0.437211737036705 0.475922986865044 0.481564521789551 0.486476987600327 0.482058003544807 0.455820009112358 0.456923246383667 0.469001993536949 0.484823271632195 0.488657265901566 0.496413007378578 0.509207993745804 0.516160503029823 0.547542750835419 0.568738505244255 0.578925758600235 0.590052768588066 0.59553225338459 0.595422014594078 0.60588227212429 0.594110995531082 0.588275268673897 0.592284008860588 0.596673756837845 0.605416506528854 0.664506018161774 0.694518730044365 0.704475000500679 0.701238021254539 0.676275014877319 0.674219995737076 0.637793987989426 0.629780977964401 0.601600483059883 0.59587799012661 0.593469008803368 0.627635255455971 0.615963757038116 0.624802485108376 0.65592223405838 0.677814736962318 0.762593239545822 0.773088723421097 0.811483472585678 0.846237748861313 0.833853006362915 0.879154533147812 0.946512043476105 1.1975399851799 1.31878271698952 1.38698253035545 1.43927326798439 1.49004748463631 2.06166297197342 2.10655581951141
