EcologicalScience/Bass/data/rs_data_bass/chl_260.asc
NCOLS 226 
NROWS 124 
XLLCORNER -9.41648524995501 
YLLCORNER 47.587301625531 
CELLSIZE 0.0833 
NODATA_value -9999 
[rows 54 to 80 of 124, columns 0 to 61 of 226]
-9999 -9999 -9999 -9999 -9999 -9999 -9999 -9999 -9999 -9999 -9999 -9999 -9999 -9999 -9999 -9999 -9999 -9999 -9999 -9999 -9999 -9999 -9999 -9999 -9999 -9999 -9999 -9999 -9999 -9999 -9999 -9999 -9999 -9999 -9999 -9999 -9999 -9999 5.00071033776044 3.59476425647736 5.84205870330334 3.48598055541515 1.75400626659393 1.52293646335602 2.04069525003433 1.86759746074677 1.64292526245117 1.55868297815323 1.40120700001717 1.22779503464699 1.27901396155357 1.24806824326515 1.35688877105713 1.75400394201279 2.20427030324936 2.65684121847153 2.81405407190323 2.88335698843002 -9999 0.607058599591255 0.62790758907795 1.95365813439307
-9999 -9999 -9999 -9999 -9999 -9999 -9999 -9999 -9999 -9999 -9999 -9999 -9999 -9999 -9999 -9999 -9999 -9999 -9999 -9999 -9999 -9999 -9999 -9999 -9999 -9999 -9999 -9999 -9999 -9999 -9999 -9999 -9999 -9999 -9999 -9999 -9999 -9999 -9999 3.14549968242645 2.60786755084991 5.43663753569126 3.38079218566418 1.28775842785835 1.6786200106144 1.81939655542374 1.69338816404343 1.50326997041702 1.60113519430161 1.28676375746727 1.24384948611259 1.24322926998138 1.63512521982193 1.98709416389465 2.78058296442032 3.03403651714325 1.95614940469915 -9999 -9999 -9999 -9999 -9999
-9999 -9999 -9999 -9999 -9999 -9999 -9999 -9999 -9999 -9999 -9999 -9999 -9999 -9999 -9999 -9999 -9999 -9999 -9999 -9999 -9999 -9999 -9999 -9999 -9999 -9999 -9999 -9999 -9999 -9999 -9999 -9999 -9999 -9999 -9999 -9999 -9999 -9999 -9999 -9999 2.23256146907806 1.90556734800339 2.01357668638229 2.17428231239319 2.18256068229675 1.7663009762764 1.7252385020256 1.7665650844574 1.59268426895142 1.41643953323364 1.18348351120949 1.41409796476364 1.80877500772476 1.92510223388672 2.0310173034668 2.23097169399261 2.48842656612396 3.17017042636871 3.83804227908452 -9999 -9999 -9999
-9999 -9999 -9999 -9999 -9999 -9999 -9999 -9999 -9999 -9999 -9999 -9999 -9999 -9999 -9999 -9999 -9999 -9999 -9999 -9999 -9999 -9999 -9999 -9999 -9999 -9999 -9999 -9999 -9999 -9999 -9999 -9999 -9999 -9999 -9999 -9999 -9999 -9999 -9999 -9999 2.65953433513641 2.12921208143234 2.13258826732635 2.42703223228455 2.37948220968246 2.28489750623703 1.75216501951218 1.82693481445312 1.63868933916092 1.44062921404839 1.19890576601028 1.526331782341 1.72885125875473 1.75310701131821 1.82603931427002 1.792416036129 1.86979883909225 2.31597447395325 2.41477417945862 6.32290506362915 2.81754024171118 -9999
-9999 -9999 -9999 -9999 -9999 -9999 -9999 -9999 -9999 -9999 -9999 -9999 -9999 -9999 -9999 -9999 -9999 -9999 -9999 -9999 -9999 -9999 -9999 -9999 -9999 -9999 -9999 -9999 -9999 -9999 -9999 -9999 -9999 -9999 -9999 -9999 -9999 -9999 -9999 -9999 -9999 2.5275157392025 2.2359513938427 2.672906935215 2.45375472307205 2.6160426735878 2.11617743968964 1.86039233207703 1.73888325691223 1.48781624436378 1.22464272379875 1.31914499402046 1.4835569858551 1.61720770597458 1.71163791418076 1.70316302776337 2.12077957391739 2.3256728053093 2.66890794038773 3.5915812253952 6.08546733856201 -9999
-9999 -9999 -9999 -9999 -9999 -9999 -9999 -9999 -9999 -9999 -9999 -9999 -9999 -9999 -9999 -9999 -9999 -9999 -9999 -9999 -9999 -9999 -9999 -9999 -9999 -9999 -9999 -9999 -9999 -9999 -9999 -9999 -9999 -9999 -9999 -9999 -9999 -9999 -9999 -9999 -9999 2.81579464673996 2.25054627656937 2.17779821157455 1.6587735414505 1.59997272491455 1.58706521987915 1.677210688591 1.62755101919174 1.33600053191185 1.21689748764038 1.30275374650955 1.6489754319191 1.71248030662537 1.84293454885483 1.9248765707016 1.93958097696304 4.00060129165649 1.65662144422531 1.78402156315067 -9999 -9999
-9999 -9999 -9999 -9999 -9999 -9999 -9999 -9999 -9999 -9999 -9999 -9999 -9999 -9999 -9999 -9999 -9999 -9999 -9999 -9999 -9999 -9999 -9999 -9999 -9999 -9999 -9999 -9999 -9999 -9999 -9999 -9999 -9999 -9999 -9999 -9999 -9999 -9999 -9999 -9999 2.70424041152 2.5574736893177 2.32130920886993 1.51861578226089 1.64443266391754 1.55445528030396 1.61262667179108 1.69839066267014 1.48526474833488 1.38678377866745 1.35313126444817 1.46715599298477 1.69339495897293 1.76252692937851 1.8035534620285 2.1070522069931 2.12048470973969 -9999 -9999 8.33908706903458 7.81014519929886 9.71903826793035
-9999 -9999 -9999 -9999 -9999 -9999 -9999 -9999 -9999 -9999 -9999 -9999 -9999 -9999 -9999 -9999 -9999 -9999 -9999 -9999 -9999 -9999 -9999 -9999 -9999 -9999 -9999 -9999 -9999 -9999 -9999 -9999 -9999 -9999 -9999 -9999 -9999 -9999 -9999 2.53128531575203 2.39378133416176 2.25289687514305 2.00943115353584 1.74853348731995 1.6221097111702 1.48905748128891 1.67580825090408 1.64301216602325 1.54056894779205 1.38967126607895 1.30971899628639 1.37722501158714 1.43418601155281 1.47111225128174 1.65244942903519 1.02161425352097 2.33874070644379 2.74145025014877 4.05854988098145 4.62942838668823 6.78058934211731 4.02863171696663
-9999 -9999 -9999 -9999 -9999 -9999 -9999 -9999 -9999 -9999 -9999 -9999 -9999 -9999 -9999 -9999 -9999 -9999 -9999 -9999 -9999 -9999 -9999 -9999 -9999 -9999 -9999 -9999 -9999 -9999 -9999 -9999 -9999 -9999 -9999 -9999 -9999 -9999 -9999 3.26151531934738 2.12515145540237 1.88086983561516 1.66108614206314 1.39503970742226 1.53784132003784 1.45104378461838 1.55556070804596 1.42303946614265 1.4080867767334 1.25508454442024 1.28696626424789 1.32956251502037 1.41671025753021 1.60799556970596 1.63913476467133 1.75003641843796 1.79780548810959 2.01062625646591 2.56992673873901 3.1793829202652 3.26263511180878 2.88153898715973
-9999 -9999 -9999 -9999 -9999 -9999 -9999 -9999 -9999 -9999 -9999 -9999 -9999 -9999 -9999 -9999 -9999 -9999 -9999 -9999 -9999 -9999 -9999 -9999 -9999 -9999 -9999 -9999 -9999 -9999 -9999 -9999 -9999 -9999 -9999 -9999 -9999 -9999 3.90025395154953 3.13907316327095 2.13512605428696 1.3515687584877 1.29105296730995 1.34643450379372 1.33258876204491 1.44104102253914 1.39021879434586 1.3253647685051 1.30702275037766 1.20863324403763 1.26411303877831 1.30015727877617 1.36002820730209 1.46292150020599 1.56548774242401 1.5131955742836 1.52582770586014 1.61098569631577 1.81462204456329 2.22569096088409 2.6147872209549 3.61593747138977
-9999 -9999 -9999 -9999 -9999 -9999 -9999 -9999 -9999 -9999 -9999 -9999 -9999 -9999 -9999 -9999 -9999 -9999 -9999 -9999 -9999 -9999 -9999 -9999 -9999 -9999 -9999 -9999 -9999 -9999 -9999 -9999 -9999 -9999 -9999 -9999 -9999 -9999 3.87003117799759 3.08610981702805 1.36390596628189 1.46679076552391 1.31469377875328 1.31824573874474 1.3282762169838 1.3350967168808 1.28816029429436 1.28554272651672 1.28861027956009 1.29963603615761 1.30452820658684 1.2993937432766 1.34270247817039 1.3373549580574 1.39036872982979 1.4049052298069 1.61343598365784 1.68509924411774 1.56639450788498 1.45236074924469 1.87951880693436 2.04247641563416
-9999 -9999 -9999 -9999 -9999 -9999 -9999 -9999 -9999 -9999 -9999 -9999 -9999 -9999 -9999 -9999 -9999 -9999 -9999 -9999 -9999 -9999 -9999 -9999 -9999 -9999 -9999 -9999 -9999 -9999 -9999 -9999 -9999 -9999 -9999 -9999 -9999 4.51870435603121 2.86488908529282 1.92781341075897 1.49220603704453 1.42128378152847 1.32617846131325 1.30382850766182 1.28336548805237 1.26200929284096 1.25696021318436 1.22154754400253 1.24967846274376 1.30979025363922 1.25295746326447 1.4016509950161 1.43457671999931 1.42142853140831 1.41872549057007 1.38381072878838 1.39325398206711 1.50513142347336 1.31933927536011 1.21968823671341 1.50617998838425 3.18108916282654
-9999 -9999 -9999 -9999 -9999 -9999 -9999 -9999 -9999 -9999 -9999 -9999 -9999 -9999 -9999 -9999 -9999 -9999 -9999 -9999 -9999 -9999 -9999 -9999 -9999 -9999 -9999 -9999 -9999 -9999 -9999 -9999 -9999 -9999 -9999 -9999 -9999 10.522842168808 4.11939060688019 1.84367108345032 1.45199024677277 1.23217570781708 1.22705921530724 1.31272879242897 1.31562379002571 1.2853402197361 1.24832627177238 1.22452720999718 1.21644374728203 1.1980387866497 1.21272826194763 1.30436021089554 1.44968247413635 1.47347098588943 1.55997973680496 1.50896108150482 1.30883699655533 1.4695987701416 1.49203276634216 1.47146397829056 1.7566596865654 4.34227967262268
-9999 -9999 -9999 -9999 -9999 -9999 -9999 -9999 -9999 -9999 -9999 -9999 -9999 -9999 -9999 -9999 -9999 -9999 -9999 -9999 -9999 -9999 -9999 -9999 -9999 -9999 -9999 -9999 -9999 -9999 -9999 -9999 -9999 -9999 -9999 -9999 6.15887635946274 8.66086721420288 5.58905553817749 1.58095943927765 1.25973522663116 1.17497849464417 1.19031223654747 1.25855621695518 1.27324122190475 1.27560147643089 1.28087854385376 1.25788271427155 1.15589547157288 1.18541103601456 1.27116975188255 1.38852372765541 1.53531378507614 1.61433076858521 1.56653398275375 1.56571054458618 1.51986372470856 1.85392642021179 2.06331753730774 2.96148008108139 4.77830386161804 2.06387633085251
-9999 -9999 -9999 -9999 -9999 -9999 -9999 -9999 -9999 -9999 -9999 -9999 -9999 -9999 -9999 -9999 -9999 -9999 -9999 -9999 -9999 -9999 -9999 -9999 -9999 -9999 -9999 -9999 -9999 -9999 -9999 34.469856262207 1.24514796584845 -9999 2.10493344068527 2.50392159819603 2.22823446989059 1.46953198313713 1.83809477090836 1.49172896146774 1.15790471434593 1.15753349661827 1.23251321911812 1.24038827419281 1.30249348282814 1.33121404051781 1.35708072781563 1.29952275753021 1.25503125786781 1.34259304404259 1.40186628699303 1.51602905988693 1.67849707603455 1.79495698213577 1.72156655788422 1.80158168077469 2.02722376585007 2.5977389216423 2.39043527841568 2.28034353256226 3.13805055618286 3.38920806348324
-9999 -9999 -9999 -9999 -9999 -9999 -9999 -9999 -9999 -9999 -9999 -9999 -9999 -9999 -9999 -9999 -9999 -9999 -9999 -9999 -9999 -9999 0.346259817481041 53.2195268044105 36.9084420204163 17.7315413951874 50.0080890655518 9.23843145370483 4.98991531133652 4.96936118602753 5.53863000869751 6.47236633300781 2.30967378616333 1.40982604026794 3.52307403087616 3.81135392189026 2.17280620336533 1.59785628318787 1.2802012860775 1.1074755191803 1.52510851621628 1.58283895254135 1.28416272997856 1.14563396573067 1.19120854139328 1.31225028634071 1.47854849696159 1.42652249336243 1.44013273715973 1.50167244672775 1.61081993579865 1.78884369134903 2.06423842906952 2.27008277177811 2.1567547917366 1.80425620079041 2.16882830858231 2.16434633731842 6.05636391043663 -9999 -9999 -9999
-9999 -9999 -9999 -9999 -9999 -9999 -9999 -9999 -9999 -9999 -9999 -9999 -9999 -9999 -9999 -9999 -9999 -9999 -9999 -9999 -9999 -9999 31.050915399423 21.6994080543518 1.65191245079041 1.52468705177307 9.91447591781616 6.85332655906677 13.7938356399536 3.65302956104279 4.22088611125946 2.8238280415535 2.0856562256813 2.03809654712677 2.05153727531433 1.76176643371582 1.21165126562119 1.01196223497391 1.04577746987343 1.17884024977684 1.40561029314995 1.15834727883339 1.10884273052216 1.02589121460915 0.979272723197937 1.2568424642086 1.56390291452408 1.68671697378159 1.64361530542374 1.67726773023605 1.8097071647644 1.93724405765533 2.59291952848434 3.7991738319397 2.50419670343399 -9999 -9999 -9999 -9999 -9999 -9999 -9999
-9999 -9999 -9999 -9999 -9999 -9999 -9999 -9999 -9999 -9999 -9999 -9999 -9999 -9999 -9999 -9999 -9999 -9999 -9999 8.58637869358063 48.2904624938965 52.0139179229736 30.3549957275391 9.54137206077576 10.0803351402283 1.6121016740799 1.56680542230606 2.9052711725235 1.35478046536446 2.11175483465195 1.85683572292328 1.57488083839417 1.54814618825912 1.26396676898003 1.05857402086258 0.921325474977493 0.838745981454849 0.852967500686646 1.1980072259903 1.21608603000641 1.13568377494812 0.964959740638733 0.818208038806915 0.912667483091354 1.18330353498459 1.47878104448318 1.61198472976685 1.64478081464767 1.56901341676712 1.59112644195557 1.41321748495102 -9999 -9999 -9999 -9999 -9999 -9999 -9999 -9999 -9999 -9999 -9999
-9999 -9999 -9999 -9999 -9999 -9999 -9999 -9999 -9999 -9999 -9999 -9999 -9999 -9999 -9999 -9999 -9999 4.64786982536316 3.01661932468414 4.99233376979828 28.6114454269409 74.8466606140137 37.6490621566772 3.86350500583649 1.19988897442818 1.28192621469498 1.42879271507263 1.45350220799446 1.48873874545097 1.39892926812172 1.26616796851158 1.31479874253273 1.17236396670341 1.06360200047493 0.941760778427124 0.816026240587234 0.790401756763458 0.955340266227722 1.46408325433731 1.32505425810814 0.912776291370392 0.699723020195961 0.764942228794098 0.878945231437683 1.38675454258919 1.64046156406403 1.70780324935913 1.03694850206375 1.2022500038147 1.5670263916254 7.93258999861204 -9999 -9999 -9999 -9999 -9999 -9999 -9999 -9999 -9999 -9999 -9999
-9999 -9999 -9999 -9999 -9999 -9999 -9999 -9999 -9999 -9999 -9999 -9999 -9999 -9999 18.035861492157 2.94682431221008 1.76300919055939 1.41369751095772 3.42915451526642 2.53138947486877 4.84276735782623 4.99704837799072 1.20531597733498 1.1549459695816 1.2448642551899 1.11680021882057 1.17601874470711 0.989017456769943 1.02104321122169 1.02078598737717 0.96367272734642 0.604488015174866 0.790280252695084 0.905366241931915 0.962511777877808 1.00905820727348 1.0284997522831 1.27745246887207 1.37674498558044 1.03338003158569 0.853356778621674 0.763878017663956 0.574151247739792 1.08540228009224 1.40811824798584 1.66840946674347 1.66955173015594 2.31451499462128 1.16939547657967 1.44387155771255 1.79964822530746 2.6963084936142 -9999 -9999 -9999 -9999 -9999 -9999 -9999 -9999 -9999 -9999
-9999 -9999 -9999 -9999 -9999 -9999 -9999 -9999 -9999 -9999 -9999 2.73126901038315 39.7695038318634 18.2727936335972 1.08399298042059 4.38093459606171 2.00986880064011 1.00344675779343 0.96926549077034 1.03098750114441 0.66024523973465 0.819817878305912 0.769013240933418 1.19311121106148 1.10031446814537 0.866240233182907 0.874879539012909 0.984988510608673 0.96358197927475 0.727018520236015 0.726232498884201 0.437014505267143 1.22499749064445 0.691332757472992 1.22172904014587 1.6088302731514 1.12233370542526 1.34319376945496 1.39917075634003 1.06372654438019 0.956761479377747 1.29128175973892 1.36515149474144 1.08738148212433 1.53419740498066 2.74848979711533 2.46754342317581 2.57257497310638 1.33953648805618 1.61364874243736 1.4803963745794 -9999 -9999 -9999 -9999 -9999 6.31370429743168 27.6032831668854 17.3323574066162 23.0078036785126 15.2841666885044 -9999
-9999 -9999 -9999 -9999 -9999 -9999 -9999 -9999 -9999 35.7366140972484 4.0560901594162 1.43437915295362 2.23490917682648 3.33370935916901 1.40297850966454 1.33849802613258 1.07197648286819 1.16412001848221 1.66397398710251 1.26329997181892 0.45389324426651 0.65683351457119 0.61046064645052 0.443654268980026 0.622995749115944 0.737079754471779 0.763100981712341 0.791411966085434 0.797516226768494 0.791360288858414 0.839436024427414 0.957002252340317 1.08077403903008 1.15134671330452 1.27782601118088 1.47367197275162 1.3755059838295 1.53509330749512 1.65078967809677 0.91204047203064 0.649071738123894 1.56440207362175 1.36565997451544 1.14505874365568 1.75510382652283 1.70515495538712 1.79936698079109 2.06275579333305 1.71796444058418 2.1891930103302 2.27260145545006 2.31215772032738 2.74508154392242 3.56948906799843 6.30775594711304 2.95456892251968 2.76215773820877 2.53952318429947 9.42635643482208 11.2327164411545 25.2063270807266 -9999
-9999 -9999 -9999 -9999 -9999 8.76794555783272 6.25052822381258 19.0860157012939 16.8705797195435 6.08498096466064 2.27427756786346 1.46415826678276 1.21869599819183 1.10961753129959 0.988023787736893 0.929958790540695 0.866794466972351 0.723096013069153 0.674525231122971 0.706860020756721 0.69278173148632 0.63197024166584 0.621878251433372 0.604507505893707 0.53228098154068 0.597105011343956 0.54993599653244 0.793555498123169 0.81183448433876 0.805715292692184 0.747733488678932 0.7824427485466 0.908990263938904 1.42243427038193 1.56742358207703 1.47383925318718 1.48430103063583 1.03931620717049 0.803582221269608 0.875746518373489 0.990273714065552 0.594019487500191 0.798170238733292 0.924570769071579 0.944738209247589 0.98549097776413 1.07331821322441 2.19792187213898 2.04428136348724 1.23590022325516 2.25909519195557 2.63792333006859 3.0212527513504 2.92670327425003 2.83353817462921 2.97693675756454 4.79748022556305 6.25874984264374 9.10522305965424 20.0668565630913 18.0734523534775 10.6482299566269
-9999 -9999 -9999 -9999 -9999 4.50878691673279 2.15588396787643 3.53762090206146 3.30297017097473 5.94786286354065 1.42937627434731 1.13516476750374 0.90061953663826 0.883090496063232 0.872033983469009 0.885567784309387 0.85615798830986 0.944055765867233 0.704491496086121 0.852826505899429 0.504653245210648 0.474379509687424 0.430913999676704 0.468552768230438 0.493737772107124 0.634666487574577 0.741929993033409 0.730869010090828 0.735786750912666 0.753070503473282 0.768700540065765 0.830969274044037 0.865662753582001 0.871264457702637 2.04978668689728 1.89515107870102 1.52436000108719 1.30566295981407 0.942600041627884 1.03845977783203 0.812268018722534 0.589346989989281 0.801948040723801 0.786802500486374 0.852325469255447 0.90854474902153 0.263707503676414 0.238392010331154 0.234844498336315 1.29727497696877 1.78086715936661 2.23230037093163 2.57580560445786 2.11458295583725 2.8117019534111 2.96149581670761 3.04141728579998 4.40881115198135 7.02833086252213 8.70037621259689 7.05058455467224 5.21560853719711
-9999 -9999 -9999 -9999 -9999 2.34197330474854 1.4739097058773 1.83130717277527 1.58816850185394 1.54947155714035 1.54474121332169 0.975555717945099 0.902001768350601 0.842087209224701 0.899886041879654 0.98385152220726 0.940341711044312 0.80806428194046 0.726567015051842 0.638514742255211 0.6236452460289 0.590119700878859 0.475907251238823 0.57040724158287 0.503335520625114 0.54985423386097 0.63849900662899 0.705524235963821 0.750407248735428 0.749288991093636 0.804635256528854 0.871184259653091 0.788126975297928 0.757549524307251 1.12592697143555 1.28376370668411 1.18568176031113 1.01113048195839 1.01509496569633 1.05029699206352 0.805805236101151 0.650090754032135 0.773926466703415 0.819516777992249 0.688482016324997 0.636323243379593 0.275399252772331 0.237471006810665 1.13882201910019 1.12038177251816 1.38895274698734 2.19674849510193 2.53592848777771 2.47906118631363 2.23393267393112 2.18112301826477 1.90642923116684 2.00192046165466 2.11278373003006 2.20140171051025 2.34272748231888 2.44506001472473
-9999 -9999 -9999 -9999 -9999 1.88944494724274 1.63038754463196 1.29553726315498 1.11722695827484 1.01684027910233 0.973555505275726 0.935532778501511 0.819405019283295 0.807291716337204 0.810090780258179 0.707871749997139 0.716592013835907 0.726414754986763 0.65337373316288 0.710511758923531 0.626494511961937 0.621616512537003 0.721086010336876 0.672249019145966 0.515239521861076 0.478032767772675 0.590906247496605 0.784350782632828 0.832625985145569 0.849413216114044 0.813280463218689 0.885693043470383 0.893202781677246 0.989434540271759 0.924672782421112 1.34117022156715 1.00253847241402 0.986934006214142 1.00610849261284 0.993542969226837 0.919399470090866 0.760707020759583 0.623963981866837 0.618336752057076 0.735544502735138 0.465784505009651 0.484502255916595 0.728654742240906 0.845077246427536 0.756708025932312 0.808200716972351 2.02170377969742 2.05498802661896 1.59244573116302 1.54748243093491 1.38512277603149 1.35528302192688 1.47210776805878 2.24470943212509 1.91600751876831 2.1729142665863 2.31582522392273
-9999 -9999 -9999 -9999 -9999 1.2481124997139 1.23672223091125 1.06777274608612 0.978093713521957 1.03931325674057 1.03971228003502 0.873264044523239 0.73215825855732 0.605165228247643 0.672617241740227 0.691862985491753 0.801852017641068 0.777751475572586 0.766802966594696 0.700272738933563 0.641850739717484 0.663620978593826 0.68937224149704 0.668646767735481 0.615159764885902 0.702389270067215 0.774028480052948 0.790366530418396 0.742568984627724 0.776322036981583 0.84720379114151 0.916646987199783 1.0886242389679 1.05885520577431 1.11717528104782 1.20353552699089 1.41905397176743 1.47383478283882 1.38594675064087 1.22845351696014 0.963770985603333 0.812121033668518 0.733057513833046 0.753624022006989 0.819849014282227 0.82504203915596 0.745035767555237 0.697995007038116 0.729290261864662 0.647687271237373 0.754795521497726 1.27182903885841 1.0945720076561 1.20171523094177 1.30976077914238 1.38356125354767 1.30380675196648 1.41796851158142 1.97106742858887 2.25704330205917 2.13290429115295 2.4308300614357
