EcologicalScience/Bass/data/rs_data_bass/chl_14.asc
NCOLS 226 
NROWS 124 
XLLCORNER -9.41648524995501 
YLLCORNER 47.587301625531 
CELLSIZE 0.0833 
NODATA_value -9999 
[rows 56 to 83 of 124, columns 0 to 61 of 226]
-9999 -9999 -9999 -9999 -9999 -9999 -9999 -9999 -9999 -9999 -9999 -9999 -9999 -9999 -9999 -9999 -9999 -9999 -9999 -9999 -9999 -9999 -9999 -9999 -9999 -9999 -9999 -9999 -9999 -9999 -9999 -9999 -9999 -9999 -9999 -9999 -9999 -9999 -9999 -9999 1.4814787209034 1.58770054578781 1.79346907138824 2.07063066959381 2.19553273916245 1.92271041870117 1.86501753330231 1.76636016368866 1.77225977182388 1.73545056581497 1.26421272754669 1.26542696356773 1.58842349052429 1.9834109544754 2.13679057359695 2.37626016139984 2.42679744958878 2.13993752002716 2.60254883766174 -9999 -9999 -9999
-9999 -9999 -9999 -9999 -9999 -9999 -9999 -9999 -9999 -9999 -9999 -9999 -9999 -9999 -9999 -9999 -9999 -9999 -9999 -9999 -9999 -9999 -9999 -9999 -9999 -9999 -9999 -9999 -9999 -9999 -9999 -9999 -9999 -9999 -9999 -9999 -9999 -9999 -9999 -9999 2.48102733492851 1.46960547566414 2.45600026845932 2.46604657173157 2.38831722736359 2.1511641740799 1.85365730524063 1.71279072761536 1.63055402040482 1.74343943595886 1.1479395031929 1.37290272116661 1.57830458879471 1.78317368030548 1.89696532487869 1.72814691066742 1.64585030078888 1.8877147436142 2.0343621969223 2.15815132856369 2.07527303695679 -9999
-9999 -9999 -9999 -9999 -9999 -9999 -9999 -9999 -9999 -9999 -9999 -9999 -9999 -9999 -9999 -9999 -9999 -9999 -9999 -9999 -9999 -9999 -9999 -9999 -9999 -9999 -9999 -9999 -9999 -9999 -9999 -9999 -9999 -9999 -9999 -9999 -9999 -9999 -9999 -9999 -9999 2.20790702104568 2.70945221185684 2.65575528144836 2.60609167814255 2.52010649442673 2.18259751796722 1.72093427181244 1.76496666669846 1.67560350894928 1.43885251879692 1.24581223726273 1.31474921107292 1.44182100892067 1.49665877223015 1.47963604331017 1.64095491170883 1.91973602771759 2.00587123632431 2.33735672235489 2.55159851482936 -9999
-9999 -9999 -9999 -9999 -9999 -9999 -9999 -9999 -9999 -9999 -9999 -9999 -9999 -9999 -9999 -9999 -9999 -9999 -9999 -9999 -9999 -9999 -9999 -9999 -9999 -9999 -9999 -9999 -9999 -9999 -9999 -9999 -9999 -9999 -9999 -9999 -9999 -9999 -9999 -9999 -9999 2.54988527297974 2.90545123815536 2.77442854642868 2.61314177513123 2.4491114616394 2.16627824306488 1.54439091682434 1.70086419582367 1.50139725208282 1.25875496864319 1.35291597247124 1.44821548461914 1.26812624931335 1.27384346723557 1.37939921021461 1.39267346262932 2.03711092472076 2.03173416852951 -9999 -9999 -9999
-9999 -9999 -9999 -9999 -9999 -9999 -9999 -9999 -9999 -9999 -9999 -9999 -9999 -9999 -9999 -9999 -9999 -9999 -9999 -9999 -9999 -9999 -9999 -9999 -9999 -9999 -9999 -9999 -9999 -9999 -9999 -9999 -9999 -9999 -9999 -9999 -9999 -9999 -9999 -9999 3.0336366891861 2.72236955165863 3.01318430900574 2.56203228235245 2.33454751968384 2.16400569677353 1.83311623334885 1.5431107878685 1.44859126210213 1.36759123206139 1.31596952676773 1.24220404028893 1.31074199080467 1.30737751722336 1.30050373077393 1.45424473285675 1.4490727186203 -9999 -9999 1.93117033583777 1.8083832519395 1.52563803536551
-9999 -9999 -9999 -9999 -9999 -9999 -9999 -9999 -9999 -9999 -9999 -9999 -9999 -9999 -9999 -9999 -9999 -9999 -9999 -9999 -9999 -9999 -9999 -9999 -9999 -9999 -9999 -9999 -9999 -9999 -9999 -9999 -9999 -9999 -9999 -9999 -9999 -9999 -9999 2.98939347267151 2.9722695350647 2.70579224824905 2.72848802804947 2.62953221797943 2.10917258262634 2.04371094703674 1.62728691101074 1.35343426465988 1.49034225940704 1.37992796301842 1.26054525375366 1.31403377652168 1.28036999702454 1.33235621452332 1.3211572766304 1.39138421416283 1.59611880779266 1.45309576392174 1.69790244102478 1.72583442926407 1.30371075868607 1.7023469209671
-9999 -9999 -9999 -9999 -9999 -9999 -9999 -9999 -9999 -9999 -9999 -9999 -9999 -9999 -9999 -9999 -9999 -9999 -9999 -9999 -9999 -9999 -9999 -9999 -9999 -9999 -9999 -9999 -9999 -9999 -9999 -9999 -9999 -9999 -9999 -9999 -9999 -9999 -9999 3.29803562164307 2.68644601106644 2.59962004423141 2.5063710808754 2.23594576120377 1.59900864958763 1.5284182280302 1.2656677365303 1.28265228867531 1.41914623975754 1.39654648303986 1.3192350268364 1.4675324857235 1.3566427230835 1.34928828477859 1.30692672729492 1.42048797011375 1.64426493644714 0.917522996664047 1.45134979486465 1.6528372168541 1.40812128782272 1.76839578151703
-9999 -9999 -9999 -9999 -9999 -9999 -9999 -9999 -9999 -9999 -9999 -9999 -9999 -9999 -9999 -9999 -9999 -9999 -9999 -9999 -9999 -9999 -9999 -9999 -9999 -9999 -9999 -9999 -9999 -9999 -9999 -9999 -9999 -9999 -9999 -9999 -9999 -9999 3.73861563205719 3.74579036235809 2.4891420006752 2.18010681867599 1.9286887049675 1.62881773710251 1.47154502570629 1.62180228531361 1.24855050444603 1.22320649027824 1.26898348331451 1.26860404014587 1.09437525272369 1.16860574483871 1.32337501645088 1.38513377308846 1.41974928975105 1.43059346079826 0.948450028896332 0.903522044420242 1.5117933601141 1.42232751846313 1.51485425233841 2.7551377415657
-9999 -9999 -9999 -9999 -9999 -9999 -9999 -9999 -9999 -9999 -9999 -9999 -9999 -9999 -9999 -9999 -9999 -9999 -9999 -9999 -9999 -9999 -9999 -9999 -9999 -9999 -9999 -9999 -9999 -9999 -9999 -9999 -9999 -9999 -9999 -9999 -9999 -9999 2.81399375200272 2.44820326566696 2.12899500131607 1.89785027503967 1.67433679103851 1.61351931095123 1.62737327814102 1.75419974327087 1.47974172234535 1.44780823588371 1.50783598423004 1.65807527303696 1.67082148790359 1.23519596457481 1.35476553440094 1.30880999565125 1.25941354036331 1.64823451638222 0.79031029343605 1.47368359565735 0.567059978842735 1.34930223226547 1.4130465388298 1.57649374008179
-9999 -9999 -9999 -9999 -9999 -9999 -9999 -9999 -9999 -9999 -9999 -9999 -9999 -9999 -9999 -9999 -9999 -9999 -9999 -9999 -9999 -9999 -9999 -9999 -9999 -9999 -9999 -9999 -9999 -9999 -9999 -9999 -9999 -9999 -9999 -9999 -9999 -9999 3.07345283031464 2.17908596992493 1.77020394802094 1.65029400587082 1.37976747751236 1.55514532327652 1.6131284236908 1.73334217071533 1.6925362944603 1.45148178935051 1.55707275867462 1.53152847290039 1.52484744787216 1.2792232632637 1.2135922908783 1.09063723683357 0.822765737771988 0.794309288263321 0.699510008096695 0.662826016545296 0.575702235102654 0.528593257069588 1.41752848029137 2.15575075149536
-9999 -9999 -9999 -9999 -9999 -9999 -9999 -9999 -9999 -9999 -9999 -9999 -9999 -9999 -9999 -9999 -9999 -9999 -9999 -9999 -9999 -9999 -9999 -9999 -9999 -9999 -9999 -9999 -9999 -9999 -9999 -9999 -9999 -9999 -9999 -9999 -9999 4.27337408065796 2.64412343502045 1.87533974647522 1.5995916724205 1.36337926983833 1.29145422577858 1.47064653038979 1.73507022857666 1.69306808710098 1.58389431238174 1.55073595046997 1.26382353901863 1.32979497313499 1.32411825656891 1.33110523223877 1.41178053617477 0.830224514007568 0.804164260625839 0.744672015309334 0.68546099960804 0.617129981517792 0.610103979706764 2.1095797419548 1.94859197735786 2.58069714903831
-9999 -9999 -9999 -9999 -9999 -9999 -9999 -9999 -9999 -9999 -9999 -9999 -9999 -9999 -9999 -9999 -9999 -9999 -9999 -9999 -9999 -9999 -9999 -9999 -9999 -9999 -9999 -9999 -9999 -9999 -9999 -9999 -9999 -9999 -9999 -9999 3.42681670188904 3.04686605930328 2.3669775724411 1.83739882707596 1.60960274934769 1.2642442882061 1.13016074895859 1.68179547786713 1.6821563243866 1.56769198179245 1.43245276808739 1.29597526788712 1.36081346869469 1.3799122273922 1.40675175189972 1.21545150876045 0.9594367146492 0.818361014127731 0.781578004360199 0.761246234178543 0.697040989995003 0.631293743848801 3.0875118970871 2.92387837171555 2.00039649009705 2.47027802467346
-9999 -9999 -9999 -9999 -9999 -9999 -9999 -9999 -9999 -9999 -9999 -9999 -9999 -9999 -9999 -9999 -9999 -9999 -9999 -9999 -9999 -9999 -9999 -9999 -9999 -9999 -9999 -9999 -9999 -9999 -9999 2.48210996389389 2.06402363777161 -9999 2.10493344068527 -9999 2.02630645036697 2.14376020431519 1.98960757255554 1.81349408626556 1.51272833347321 1.38079726696014 1.32404252886772 1.54622322320938 1.67873847484589 1.19243028759956 1.24442026019096 1.23068171739578 1.33921721577644 1.40199941396713 1.40776723623276 1.41411003470421 1.00556328892708 0.966440230607986 0.815007001161575 0.810894012451172 0.881424754858017 0.95501697063446 2.46461334824562 2.60903844237328 2.21908805200032 3.74377191066742
-9999 -9999 -9999 -9999 -9999 -9999 -9999 -9999 -9999 -9999 -9999 -9999 -9999 -9999 -9999 -9999 -9999 -9999 -9999 -9999 -9999 -9999 0.346259817481041 0.626168981194496 4.59787714481354 1.53999370336533 9.62305855751038 3.75937414169312 2.25680100917816 1.728047311306 2.47787779569626 2.97874420881271 2.63468170166016 0.84160503745079 1.19368502497673 1.48479303717613 1.72733098268509 1.50814121961594 1.35467103123665 1.22676971554756 1.32715648412704 1.36709028482437 1.40178152918816 1.39256921410561 1.19476720690727 1.22895902395248 1.05495750904083 0.841649293899536 1.41248247027397 1.49772977828979 1.29523345828056 1.34066095948219 1.29837003350258 1.09875074028969 1.25339323282242 1.13095352053642 1.05769273638725 5.61686021089554 2.52923691272736 -9999 -9999 -9999
-9999 -9999 -9999 -9999 -9999 -9999 -9999 -9999 -9999 -9999 -9999 -9999 -9999 -9999 -9999 -9999 -9999 -9999 -9999 -9999 -9999 -9999 0.695249229669571 0.626249983906746 0.831728965044022 1.04366174340248 2.58874118328094 3.73071885108948 6.40216898918152 2.46944922208786 4.43659651279449 5.58609688282013 2.51994216442108 1.22359576821327 1.34198248386383 1.74306374788284 1.78431379795074 1.42761826515198 1.1710162460804 0.966622531414032 1.28266578912735 1.24982929229736 1.28868448734283 1.26538199186325 1.24444198608398 1.04256185889244 1.47087451815605 1.7525714635849 1.56713247299194 1.84626370668411 1.9919301867485 1.81080454587936 1.98047697544098 2.07767629623413 1.65914708375931 -9999 -9999 -9999 -9999 -9999 -9999 -9999
-9999 -9999 -9999 -9999 -9999 -9999 -9999 -9999 -9999 -9999 -9999 -9999 -9999 -9999 -9999 -9999 -9999 -9999 -9999 37.4510822296143 2.21522653102875 0.562934249639511 0.77378323674202 0.974088728427887 4.35707473754883 3.19428527355194 3.53665888309479 3.57289409637451 3.60142636299133 4.13690328598022 4.97310733795166 8.58524322509766 6.69171094894409 4.60015439987183 2.02245980501175 1.55904150009155 1.85969692468643 1.74308770895004 0.94675201177597 0.804484516382217 0.910299763083458 0.953039601445198 1.22169452905655 0.927911996841431 0.957127913832664 1.29074773192406 1.66350111365318 1.84775483608246 2.06411701440811 2.24485355615616 2.19205874204636 -9999 -9999 -9999 -9999 -9999 -9999 -9999 -9999 -9999 -9999 -9999
-9999 -9999 -9999 -9999 -9999 -9999 -9999 -9999 -9999 -9999 -9999 -9999 -9999 -9999 -9999 -9999 -9999 0.579475522041321 0.622118979692459 0.74557726085186 0.743401497602463 0.725248485803604 1.41791170835495 2.00370007753372 2.41960948705673 2.3340967297554 3.38434052467346 2.81170052289963 3.5702737569809 5.4028058052063 8.08000302314758 7.5031521320343 7.06409883499146 6.02342748641968 1.91727072000504 1.78810572624207 1.6585521697998 1.4352892935276 0.835533767938614 0.843075782060623 0.915670484304428 0.831467270851135 0.861904509365559 0.897929638624191 0.843209624290466 1.38491177558899 1.57451391220093 2.21304666996002 2.54368203878403 1.63452699780464 1.86034553249677 -9999 -9999 -9999 -9999 -9999 -9999 -9999 -9999 -9999 -9999 -9999
-9999 -9999 -9999 -9999 -9999 -9999 -9999 -9999 -9999 -9999 -9999 -9999 -9999 -9999 0.680007755756378 0.537472486495972 0.740222990512848 1.05528670549393 1.27024349570274 1.43907898664474 1.59584248065948 1.91298973560333 2.36252027750015 4.30538392066956 3.3587851524353 3.34017884731293 3.94803071022034 4.15578460693359 4.42634260654449 4.13121664524078 4.23699009418488 5.85069143772125 5.98921644687653 5.15355813503265 3.20879030227661 1.30604848265648 1.24019327759743 1.07848504185677 0.825639724731445 0.77276998758316 0.782130360603333 0.889227747917175 0.910845726728439 0.939241468906403 1.5035782456398 1.57110446691513 1.91943830251694 1.99939656257629 1.71824330091476 1.55682492256165 1.23696412146091 2.26692989468575 -9999 -9999 -9999 -9999 -9999 -9999 -9999 -9999 -9999 -9999
-9999 -9999 -9999 -9999 -9999 -9999 -9999 -9999 -9999 -9999 -9999 4.18960869312286 3.08795669674873 0.731820747256279 0.707197487354279 0.910863786935806 1.24564129114151 1.5385964512825 1.71141082048416 2.13891005516052 2.76295280456543 2.82790946960449 5.38385832309723 3.28628325462341 2.95818078517914 3.31239831447601 5.69488942623138 5.50633728504181 3.29733216762543 3.70541703701019 3.71811532974243 4.74694204330444 3.88395738601685 3.17403674125671 2.51538670063019 1.87932068109512 0.788397789001465 0.721569746732712 0.772522509098053 0.736972510814667 1.28089347481728 0.848916739225388 0.9797193557024 1.23382160067558 1.57736331224442 1.7397968173027 1.31495998799801 1.84102267026901 1.63059818744659 1.57449978590012 1.66893374919891 -9999 -9999 -9999 -9999 -9999 2.53090114648952 3.44995445013046 3.32931613922119 4.58198567799159 4.6714996269771 -9999
-9999 -9999 -9999 -9999 -9999 -9999 -9999 -9999 -9999 1.05084148049355 1.73246258497238 1.1220817565918 1.1238240301609 1.51767826080322 1.55687016248703 1.46001076698303 0.915691494941711 1.11325496435165 1.39812979102135 2.08612793684006 3.12741458415985 3.32790148258209 2.49243968725204 2.84520524740219 4.00483131408691 7.0022714138031 3.81071019172668 2.7775890827179 4.26650404930115 4.41428089141846 4.04431343078613 4.24135208129883 4.25624084472656 2.88199728727341 2.27005952596664 2.21992725133896 1.21286550164223 0.951682537794113 0.907555460929871 0.934089347720146 0.874550253152847 1.14094725251198 1.42501723766327 1.25924961268902 1.11166651546955 1.59710776805878 1.64027774333954 1.5533595085144 1.47080621123314 1.65814197063446 1.69486355781555 1.46088932454586 1.5549002289772 2.28053104877472 1.82923251390457 1.91027498245239 1.93577468395233 1.82878845930099 1.95873951911926 2.47793400287628 3.68448978662491 -9999
-9999 -9999 -9999 -9999 -9999 0.794795215129852 0.911169022321701 1.03905227780342 1.16673079133034 1.38347920775414 1.89890921115875 1.57011669874191 1.43718749284744 1.62346941232681 1.09712103009224 0.939767986536026 1.19231253862381 1.20258003473282 1.49074047803879 0.994772225618362 0.86948624253273 0.83967000246048 0.951429784297943 1.03763777017593 1.67789018154144 1.73147696256638 1.74736797809601 2.25076943635941 2.92967766523361 3.31306886672974 2.93825107812881 3.30137550830841 3.69406735897064 2.24470943212509 1.52373450994492 1.25198623538017 1.02178278565407 1.33433845639229 1.1094037592411 1.14796650409698 1.06842711567879 1.31053277850151 1.28946822881699 1.21290072798729 1.4425642490387 1.5575310587883 1.70646446943283 1.94205898046494 1.82070297002792 1.62390071153641 1.93787616491318 1.47080402076244 1.55318628251553 2.17889767885208 2.26768881082535 2.21757155656815 1.73458123207092 1.81288683414459 2.54581609368324 2.80183947086334 2.43950670957565 3.08029505610466
-9999 -9999 -9999 -9999 -9999 1.02379122376442 1.44617021083832 1.91185426712036 1.80750900506973 1.99846422672272 1.78908151388168 1.92821180820465 1.55911499261856 1.08817952871323 1.12200978398323 1.2151290178299 1.22153699398041 1.07417321205139 0.985350787639618 0.698528990149498 0.782202780246735 0.873356223106384 0.980700731277466 1.63033729791641 1.40018776059151 1.04742148518562 1.25484296679497 1.89020258188248 2.17013704776764 2.47826850414276 1.87694317102432 1.75083982944489 2.04612672328949 1.75614666938782 1.41026777029037 1.38618072867393 1.34639623761177 1.3721017241478 0.829344034194946 0.852052509784698 1.43471252918243 6.12079998850822 1.32054904103279 1.62699973583221 1.83167392015457 2.00512057542801 4.71862864494324 5.17276418209076 5.27852690219879 4.11608934402466 4.85367000102997 1.6890367269516 1.93471916019917 1.7626867890358 1.60781434178352 1.64403006434441 1.67715302109718 1.71355345845222 2.33237019181252 2.41186952590942 2.54641011357307 2.67258641123772
-9999 -9999 -9999 -9999 -9999 0.828871518373489 1.11332845687866 3.07146370410919 3.16696572303772 2.51723027229309 2.39985072612762 1.41667798161507 0.993935286998749 1.06248450279236 1.15462803840637 1.17533549666405 1.1301397383213 1.37866652011871 1.02380400896072 1.4325450360775 1.66384649276733 1.64259374141693 1.46721974015236 1.30082845687866 1.08858977258205 1.03440937399864 1.23823423683643 1.36142179369926 1.6307310461998 1.25489553809166 1.12509521842003 0.706089019775391 0.713795989751816 0.778752744197845 0.703806728124619 0.748127996921539 1.05899772047997 1.31537926197052 1.23583048582077 1.88069844245911 2.12256002426147 8.84389454126358 8.39178889989853 2.63734656572342 3.13257908821106 3.13498663902283 9.31878662109375 4.59200763702393 4.61654019355774 4.37173354625702 4.9258553981781 1.21085098385811 0.87854477763176 1.51469059288502 1.56026700139046 1.21194949746132 1.32819199562073 1.8428025841713 2.86033433675766 2.21490973234177 2.33325335383415 3.2616673707962
-9999 -9999 -9999 -9999 -9999 1.18511098623276 1.06123799085617 1.40339621901512 2.00730907917023 2.62421321868896 3.25249886512756 2.27355980873108 1.04282927513123 0.843336760997772 1.21288275718689 0.913207501173019 1.09733328223228 1.18546798825264 1.37689724564552 1.57093566656113 1.83420825004578 2.02051573991776 2.17173224687576 1.21672797203064 1.9645289182663 2.38461220264435 0.95497539639473 1.21570801734924 1.25761502981186 1.05619204044342 0.887804210186005 2.50070250034332 0.845672965049744 0.659240260720253 0.802686005830765 1.23117595911026 1.19529524445534 1.77457840740681 2.74382472038269 2.78275054693222 5.75245571136475 6.83402645587921 10.2056524157524 8.87149214744568 5.73592311143875 3.97803756594658 3.16249796748161 1.6336424946785 2.39925080537796 4.12477290630341 2.77688992023468 1.81140303611755 1.36134678125381 1.30569371581078 1.36202028393745 1.28308463841677 1.90136468410492 1.98213905096054 2.34713691473007 2.67610341310501 2.87326580286026 2.67654597759247
-9999 -9999 -9999 -9999 -9999 1.69695675373077 2.08498567342758 2.56871402263641 2.69461280107498 3.99411284923553 2.36841666698456 2.09387183189392 2.15051543712616 3.04703557491302 1.2700679898262 1.16993701457977 0.681164994835854 0.909845978021622 1.13860121369362 1.08758398890495 1.38050696253777 1.92724800109863 2.38012719154358 1.89784580469131 2.91407775878906 0.808624863624573 0.816958487033844 1.28715151548386 1.26874727010727 1.88387775421143 2.04557168483734 1.65649580955505 1.12037247419357 0.983835786581039 0.869478732347488 0.891249775886536 0.918321043252945 2.17644453048706 2.61470246315002 3.35360312461853 10.3397312164307 6.72866848111153 6.44729626178741 5.9217503964901 3.91614764928818 3.66219484806061 3.38819101452827 1.72120499610901 2.47413522005081 2.332259953022 2.43381750583649 3.27905094623566 1.55129331350327 1.3335967361927 1.83086782693863 2.15778744220734 1.56632568687201 1.94236958026886 2.03531402349472 2.31993073225021 2.97579073905945 2.91414302587509
-9999 -9999 -9999 -9999 -9999 1.99357044696808 2.8706436753273 3.25441217422485 3.30278384685516 3.41720688343048 3.58808398246765 4.81647455692291 2.4645329117775 1.41460874676704 2.07174146175385 2.28374254703522 1.83707177639008 0.795485973358154 0.96776470541954 1.01445972919464 1.47879150509834 1.31001976132393 1.18757995963097 1.31327846646309 0.816157087683678 0.792345017194748 0.870319493114948 1.18380671739578 1.35249826312065 2.05135506391525 2.43441528081894 1.7361878156662 1.07585477828979 1.01770126819611 1.07602348923683 1.90396642684937 1.82994908094406 5.46944117546082 5.30229091644287 5.6120023727417 6.97974166274071 6.82460010051727 5.66281566023827 4.2401881814003 2.70518553256989 2.50768348574638 3.06031948328018 1.95573306083679 2.18849551677704 2.72338271141052 3.25317692756653 4.11966133117676 1.6711642742157 1.82408183813095 2.02847242355347 2.0568922162056 2.08202558755875 2.14257824420929 2.0939347743988 2.37318742275238 3.00808274745941 1.56268237531185
-9999 -9999 -9999 -9999 -9999 2.4276180267334 3.71077644824982 4.45248734951019 3.14127159118652 2.10113096237183 1.62074857950211 0.770122468471527 0.62695424258709 0.359745740890503 0.678887262940407 0.603404268622398 0.547371760010719 0.748507484793663 0.758559733629227 0.827421739697456 1.31054028868675 1.06395676732063 0.951872259378433 1.03266298770905 1.10448378324509 1.63710379600525 2.33193451166153 1.45641678571701 1.93538850545883 3.22910785675049 1.33475777506828 1.02175350487232 1.33627912402153 2.617939889431 4.91975104808807 2.77613478899002 2.45764803886414 2.64243757724762 5.57035803794861 6.681560754776 5.61877870559692 5.59881412982941 4.35222887992859 3.49277937412262 3.31910294294357 2.59307590126991 4.14829802513123 2.89091849327087 2.63878798484802 8.19211578369141 7.51451110839844 5.66553390026093 5.12784612178802 1.97868525981903 1.81986594200134 1.93989908695221 2.0772989988327 3.394078373909 4.35411894321442 4.30094790458679 3.54929172992706 2.58161401748657
-9999 -9999 -9999 -9999 -9999 4.17360842227936 4.58488512039185 3.09066009521484 2.06228095293045 1.58047717809677 1.8998481631279 1.01863798499107 0.703952237963676 0.450979515910149 0.412752762436867 0.438762009143829 0.46306648850441 0.533654227852821 1.05153751373291 1.72271329164505 1.80671471357346 1.44952726364136 1.32761996984482 1.21520546078682 1.79544979333878 1.95418882369995 2.18294477462769 2.49917775392532 1.32760646939278 1.51799029111862 4.11272764205933 5.99463987350464 1.63539862632751 1.69043742120266 2.04968395829201 2.27313297986984 2.40072816610336 2.94395917654037 3.31789934635162 5.07126617431641 5.7688193321228 5.76428997516632 5.21345186233521 2.70508503913879 2.83390760421753 3.05996507406235 2.11191898584366 1.83548247814178 1.69942653179169 5.52420079708099 6.17270493507385 1.19936361908913 1.25892037153244 2.0166449546814 1.88476127386093 2.27687466144562 2.41423416137695 2.9939187169075 -9999 -9999 -9999 -9999
