EcologicalScience/Bass/data/rs_data_bass/chl_70.asc
NCOLS 226 
NROWS 124 
XLLCORNER -9.41648524995501 
YLLCORNER 47.587301625531 
CELLSIZE 0.0833 
NODATA_value -9999 
[rows 0 to 26 of 124, columns 62 to 123 of 226]
-9999 -9999 -9999 -9999 -9999 -9999 -9999 -9999 -9999 -9999 -9999 -9999 -9999 -9999 -9999 -9999 -9999 -9999 -9999 -9999 -9999 -9999 -9999 -9999 -9999 -9999 -9999 -9999 -9999 -9999 -9999 -9999 -9999 -9999 -9999 -9999 -9999 -9999 -9999 -9999 -9999 -9999 -9999 -9999 -9999 -9999 -9999 -9999 -9999 -9999 -9999 -9999 -9999 -9999 -9999 -9999 -9999 -9999 -9999 -9999 -9999 -9999
-9999 -9999 -9999 -9999 -9999 -9999 -9999 -9999 -9999 -9999 -9999 -9999 -9999 -9999 -9999 -9999 -9999 -9999 -9999 -9999 -9999 -9999 -9999 -9999 -9999 -9999 -9999 -9999 -9999 -9999 -9999 -9999 -9999 -9999 -9999 -9999 -9999 -9999 -9999 -9999 -9999 -9999 -9999 -9999 -9999 -9999 -9999 -9999 -9999 -9999 -9999 -9999 -9999 -9999 -9999 -9999 -9999 -9999 -9999 -9999 -9999 -9999
-9999 -9999 -9999 -9999 -9999 -9999 -9999 -9999 -9999 -9999 -9999 -9999 -9999 -9999 -9999 -9999 -9999 -9999 -9999 -9999 -9999 -9999 -9999 -9999 -9999 -9999 -9999 -9999 -9999 -9999 -9999 -9999 -9999 -9999 -9999 -9999 -9999 -9999 -9999 -9999 -9999 -9999 -9999 -9999 -9999 -9999 -9999 -9999 -9999 -9999 -9999 -9999 -9999 -9999 -9999 -9999 -9999 -9999 -9999 -9999 -9999 -9999
-9999 -9999 -9999 -9999 -9999 -9999 -9999 -9999 -9999 -9999 -9999 -9999 -9999 -9999 -9999 -9999 -9999 -9999 -9999 -9999 -9999 -9999 -9999 -9999 -9999 -9999 -9999 -9999 -9999 -9999 -9999 -9999 -9999 -9999 -9999 -9999 -9999 -9999 -9999 -9999 -9999 -9999 -9999 -9999 -9999 -9999 -9999 -9999 -9999 -9999 -9999 -9999 -9999 -9999 -9999 -9999 -9999 -9999 -9999 -9999 -9999 -9999
-9999 -9999 -9999 -9999 -9999 -9999 -9999 -9999 -9999 -9999 -9999 -9999 -9999 -9999 -9999 -9999 -9999 -9999 -9999 -9999 -9999 -9999 -9999 -9999 -9999 -9999 -9999 -9999 -9999 -9999 -9999 -9999 -9999 -9999 -9999 -9999 -9999 -9999 -9999 -9999 -9999 -9999 -9999 -9999 -9999 -9999 -9999 -9999 -9999 -9999 -9999 -9999 -9999 -9999 -9999 -9999 -9999 -9999 -9999 -9999 -9999 -9999
-9999 -9999 -9999 -9999 -9999 -9999 -9999 -9999 -9999 -9999 -9999 -9999 -9999 -9999 -9999 -9999 -9999 -9999 -9999 -9999 -9999 -9999 -9999 -9999 -9999 -9999 -9999 -9999 0.63735419511795 0.639520568351676 0.89238452911377 0.912282764911652 0.867654740810394 0.834441035985947 0.805386006832123 0.822485983371735 0.833458542823792 0.802391231060028 0.738069757819176 0.765880465507507 0.81266775727272 0.779623478651047 0.633476257324219 0.555251240730286 0.528175503015518 0.528748512268066 0.541971758008003 0.587841734290123 0.541687488555908 0.520695000886917 0.502581730484962 0.515219271183014 0.5064457654953 0.496812745928764 0.47714401781559 0.417765006422997 0.398474246263504 0.428643733263016 0.386949017643929 0.444236263632774 0.396903768181801 0.518129244446754
-9999 -9999 -9999 -9999 -9999 -9999 -9999 -9999 -9999 -9999 -9999 -9999 -9999 -9999 -9999 -9999 -9999 -9999 -9999 -9999 -9999 -9999 -9999 -9999 -9999 -9999 1.18186515569687 1.0627324283123 1.09731978178024 0.938457012176514 0.977819234132767 1.10488575696945 0.977805018424988 0.909737974405289 0.894928514957428 0.86107125878334 0.850481271743774 0.839660972356796 0.807792037725449 0.720897763967514 0.649866744875908 0.663144752383232 0.685439988970757 0.530765980482101 0.536991745233536 0.568157985806465 0.563144266605377 0.54493273794651 0.526032730937004 0.51298651099205 0.501648008823395 0.476972982287407 0.443772733211517 0.422306254506111 0.394926756620407 0.373359739780426 0.358713760972023 0.349045492708683 0.344177260994911 0.372150756418705 0.345077577978373 0.288786001503468
-9999 -9999 -9999 -9999 -9999 -9999 -9999 -9999 -9999 -9999 -9999 -9999 -9999 -9999 -9999 -9999 -9999 -9999 -9999 -9999 -9999 -9999 -9999 -9999 -9999 -9999 1.18186515569687 4.21496021747589 1.37971803545952 1.30743151903152 1.05346727371216 1.1766052544117 1.19116196036339 1.0010039806366 0.970773786306381 0.936981707811356 0.918808490037918 0.915180712938309 0.868244290351868 0.793181240558624 0.716913744807243 0.664296761155128 0.631911769509315 0.588021755218506 0.585381746292114 0.548287510871887 0.506604731082916 0.471980229020119 0.451695755124092 0.434372261166573 0.438039019703865 0.397430241107941 0.342953994870186 0.320059508085251 0.306192755699158 0.301892995834351 0.281999252736568 0.297719992697239 0.292082257568836 0.162489753216505 0.196338750422001 0.24805124849081
-9999 -9999 -9999 -9999 -9999 -9999 -9999 -9999 -9999 -9999 -9999 -9999 -9999 -9999 -9999 -9999 -9999 -9999 -9999 -9999 -9999 -9999 -9999 -9999 -9999 -9999 1.04480586946011 5.14642560482025 2.12483167648315 1.45992448925972 1.22914123535156 1.21215829253197 1.40920427441597 1.22511604428291 0.987497985363007 0.947433024644852 0.947595745325089 0.925226211547852 0.891680270433426 0.832977712154388 0.795019537210464 0.781472235918045 0.663410246372223 0.60709422826767 0.574352234601974 0.524994760751724 0.506913006305695 0.491887494921684 0.433279484510422 0.411714747548103 0.350203491747379 0.300229489803314 0.238718256354332 0.213426746428013 0.212343759834766 0.219117745757103 0.21602625399828 0.249816745519638 0.310132093727589 0.154937244951725 0.203828997910023 0.194923505187035
-9999 -9999 -9999 -9999 -9999 -9999 -9999 -9999 -9999 -9999 -9999 -9999 -9999 -9999 -9999 -9999 -9999 -9999 -9999 -9999 -9999 -9999 -9999 -9999 -9999 1.19121462106705 1.61626372933388 1.32768452167511 1.35226500034332 1.16936177015305 1.08839401602745 1.03090274333954 1.02989548444748 1.06091549992561 1.05504602193832 0.979932725429535 0.921157479286194 0.929377466440201 0.85136479139328 0.813320249319077 0.842196732759476 0.825029969215393 0.633159756660461 0.601182013750076 0.547928988933563 0.523580253124237 0.519573748111725 0.507344260811806 0.460419729351997 0.453368246555328 0.418796271085739 0.260435990989208 0.240715496242046 0.253724992275238 0.233384259045124 0.21799124032259 0.238476745784283 0.179966244846582 0.193251751363277 0.219052501022816 0.214613243937492 0.204425990581512
-9999 -9999 -9999 -9999 -9999 -9999 -9999 -9999 -9999 -9999 -9999 -9999 -9999 -9999 -9999 -9999 -9999 -9999 -9999 -9999 -9999 -9999 -9999 -9999 -9999 1.49239647388458 2.28683316707611 1.84325551986694 1.32295346260071 1.15417724847794 1.09593603014946 1.09331023693085 1.09179827570915 1.12405121326447 1.18565028905869 1.05740922689438 0.912734270095825 0.82079029083252 0.784924507141113 0.802840501070023 0.760649263858795 0.704674512147903 0.761099964380264 0.754569187760353 0.609360739588737 0.537823498249054 0.509497493505478 0.509892001748085 0.531879007816315 0.494414985179901 0.442647010087967 0.32038950920105 0.297674998641014 0.290165260434151 0.251819260418415 0.193914748728275 0.179865002632141 0.188636250793934 0.24838200956583 0.244453489780426 0.219507738947868 0.192474760115147
-9999 -9999 -9999 -9999 -9999 -9999 -9999 -9999 -9999 -9999 -9999 -9999 -9999 -9999 -9999 -9999 -9999 -9999 -9999 -9999 -9999 -9999 -9999 -9999 1.31647038459778 1.46193078160286 1.40760979056358 1.37631672620773 1.31385371088982 1.11876073479652 1.03203150629997 1.03674674034119 1.08088946342468 1.0557749569416 1.11987376213074 1.17146551609039 1.20935770869255 1.02839174866676 0.969606757164001 0.947964727878571 0.908783286809921 0.870519787073135 0.802641034126282 0.798424512147903 0.666062995791435 0.580643981695175 0.56138701736927 0.530710503458977 0.513038232922554 0.479306995868683 0.488142728805542 0.52165424823761 0.372938990592957 0.337764747440815 0.318832509219646 0.276875250041485 0.195529505610466 0.170126248151064 0.20422200858593 0.195080995559692 0.185650667175651 0.186813035979867
-9999 -9999 -9999 -9999 -9999 -9999 -9999 -9999 -9999 -9999 -9999 -9999 -9999 -9999 -9999 -9999 -9999 -9999 -9999 -9999 -9999 -9999 -9999 1.50594073534012 1.22536423802376 1.24015501141548 1.19989201426506 1.14122396707535 1.05219295620918 1.00826472043991 0.98149573802948 0.988073229789734 1.02479696273804 1.12239673733711 1.19184002280235 1.21260371804237 1.29674479365349 1.31149953603745 1.27327877283096 1.21323671936989 1.3877714574337 1.26634499430656 1.11623552441597 0.7994444668293 0.66558301448822 0.631087481975555 0.488600984215736 0.569962486624718 0.550414502620697 0.672221900895238 0.546278983354568 0.504179254174232 0.424455732107162 0.449820756912231 0.514072492718697 0.478016272187233 0.285876743495464 0.204795755445957 0.277295585721731 0.208567533642054 0.186608154326677 0.181470293551683
-9999 -9999 -9999 -9999 -9999 -9999 -9999 -9999 -9999 -9999 -9999 -9999 -9999 -9999 -9999 -9999 -9999 -9999 -9999 -9999 -9999 -9999 2.91549682617188 3.13978493213654 2.09750175476074 1.24865850806236 1.19271978735924 1.11019349098206 0.980958759784698 0.948122262954712 0.929411262273788 0.969602286815643 1.016960978508 1.00197297334671 1.07572495937347 1.16809952259064 1.15305152535439 1.12473374605179 1.00074300169945 1.00849199295044 0.968823730945587 0.971582293510437 0.973842769861221 0.992735266685486 0.801497966051102 1.04041573405266 0.706353291869164 0.572769083082676 0.565973125398159 0.5767169483006 0.604408487677574 0.511414512991905 0.465081006288528 0.448141515254974 0.564544513821602 0.573162004351616 0.358838997781277 0.339991495013237 0.288626253604889 0.28970567509532 0.24321098998189 0.189978003501892
-9999 -9999 -9999 -9999 -9999 -9999 -9999 -9999 -9999 -9999 -9999 -9999 -9999 -9999 -9999 -9999 -9999 -9999 -9999 -9999 2.64602583646774 2.62566049551142 2.17444878816605 2.6566259264946 2.60230278968811 1.35379654169083 1.29235571622849 1.21490702033043 1.17459896206856 1.07773795723915 1.06170675158501 1.02325800061226 1.02058947086334 1.02637428045273 1.01992347836494 1.03462725877762 0.892233788967133 0.861312747001648 0.676416769623756 0.651349514722824 0.634211987257004 0.639944270253181 0.672651752829552 0.712657481431961 0.867479234933853 1.05786672234535 0.782978743314743 0.689886942505836 0.576958492398262 0.668407212942839 0.646715434268117 0.594395622611046 0.590279191732407 0.558538511395454 0.578228250145912 0.585026979446411 0.417690753936768 0.341811753809452 0.304451242089272 0.289553247392178 0.221487008035183 0.168417748063803
-9999 -9999 -9999 -9999 -9999 -9999 -9999 -9999 -9999 -9999 -9999 -9999 -9999 -9999 -9999 -9999 -9999 -9999 -9999 -9999 2.06905192731489 1.97214616835117 3.44079673290253 2.89178019762039 1.9657364487648 1.71569842100143 1.3970707654953 1.35873001813889 1.37390023469925 1.38865721225739 1.26930597424507 1.16599872708321 1.13566946983337 1.11109721660614 1.02555745840073 0.95378851890564 0.785609990358353 0.711421519517899 0.628344744443893 0.592492505908012 0.714899271726608 0.705040499567986 0.661024510860443 0.780039042234421 0.815293461084366 0.920047491788864 1.06051272153854 1.02287998795509 1.10960251092911 0.727690391242504 0.821393575519323 0.822653448209167 0.878722304105759 0.718658141791821 0.693928308784962 0.603482991456985 0.466255500912666 0.446825265884399 0.429133504629135 0.352609500288963 0.347853004932404 0.281179960817099
-9999 -9999 -9999 -9999 -9999 -9999 -9999 -9999 -9999 -9999 -9999 -9999 -9999 -9999 -9999 -9999 -9999 -9999 -9999 10.3609585762024 8.88180685043335 6.77798080444336 4.42662906646729 2.7517266869545 2.19935917854309 1.80278098583221 2.83736622333527 1.47731101512909 1.39064928889275 1.21657946705818 1.12790402770042 1.07982596755028 1.06865546107292 1.01479652523994 0.885556519031525 0.841752737760544 0.677992478013039 0.653585270047188 0.571106269955635 0.505544990301132 0.668249979615211 0.737204253673553 0.918368965387344 1.00943103432655 0.997127294540405 0.984375715255737 1.05196496844292 0.970995783805847 0.859383791685104 0.830441236495972 0.845630890130997 1.05240753293037 1.04100447893143 0.670146279036999 0.626671196892858 0.519543260335922 0.419557023793459 0.535818010568619 0.485131502151489 0.412662014365196 0.395612999796867 0.296001635491848
-9999 -9999 -9999 -9999 -9999 -9999 -9999 -9999 -9999 -9999 -9999 -9999 -9999 -9999 -9999 -9999 -9999 -9999 8.97450971603394 6.80315852165222 19.0778875350952 8.46201753616333 3.72569382190704 2.24139368534088 1.37790378928185 1.28131198883057 1.92369157075882 1.31398129463196 1.1243272125721 1.0559895336628 1.05506470799446 0.999040514230728 0.919893711805344 0.813200980424881 0.749200478196144 0.661412268877029 0.667548000812531 0.699453011155128 0.650164514780045 0.501665264368057 0.482769012451172 0.557888254523277 0.813375771045685 1.03518828749657 1.02523648738861 1.09971821308136 1.08664351701736 0.97854146361351 0.849346518516541 0.750951021909714 0.826731741428375 0.679796263575554 0.710314482450485 0.743985012173653 0.768225789070129 0.561385497450829 0.474123001098633 0.432457521557808 0.30256350338459 0.292915508151054 0.321672007441521 0.277949944138527
-9999 -9999 -9999 -9999 -9999 -9999 -9999 -9999 -9999 -9999 -9999 -9999 -9999 -9999 -9999 -9999 -9999 5.22212009209429 14.8073129653931 6.03329873085022 10.6680958271027 5.5163608789444 2.0806776881218 1.47651895880699 1.3295970261097 1.2708959877491 1.2425362765789 1.74302101135254 2.25373041629791 2.11596608161926 1.34690397977829 0.82100772857666 0.751924484968185 0.655467018485069 0.611685767769814 0.599581494927406 0.652760982513428 0.591986998915672 0.607036516070366 0.530586764216423 0.492637485265732 0.598761767148972 0.811738461256027 0.793455004692078 0.870507717132568 0.920322775840759 1.16138327121735 1.11623999476433 0.776444971561432 0.750728219747543 0.751334220170975 0.714330017566681 0.618476271629333 0.561710983514786 0.527898743748665 0.510371267795563 0.398467496037483 0.34383898973465 0.282797254621983 0.257407508790493 0.262955993413925 0.240949569270015
-9999 -9999 -9999 -9999 -9999 -9999 -9999 -9999 -9999 -9999 -9999 -9999 -9999 -9999 -9999 -9999 -9999 -9999 -9999 6.24332517385483 3.84854543209076 4.88989806175232 1.72488605976105 1.24750426411629 1.07169976830482 1.13988822698593 1.20010203123093 1.27125522494316 0.993884235620499 0.910916984081268 0.823012501001358 0.879170268774033 0.935598760843277 0.656030997633934 0.589735507965088 0.602983519434929 0.584771990776062 0.55300498008728 0.531546771526337 0.480803981423378 0.436846509575844 0.428871765732765 0.450445488095284 0.454989016056061 0.460617005825043 0.542782500386238 0.996267735958099 1.11032849550247 1.13054850697517 0.856217265129089 0.913339465856552 0.514527752995491 0.420824244618416 0.390555739402771 0.3619215041399 0.422002494335175 0.394576504826546 0.354717001318932 0.264288000762463 0.23004224896431 0.213269993662834 0.242527507245541
-9999 -9999 -9999 -9999 -9999 -9999 -9999 -9999 -9999 -9999 -9999 -9999 -9999 -9999 -9999 4.75728631019592 13.8141589164734 13.2428584992886 6.81040978431702 4.42403626441956 2.70875555276871 1.66043096780777 0.996787458658218 0.913454979658127 0.953428477048874 1.0593997836113 1.020930737257 0.940352261066437 0.8879234790802 1.01269349455833 0.976178258657455 1.40001529455185 3.82146441936493 3.68469607830048 0.913065791130066 0.629889741539955 0.624601498246193 0.544311761856079 0.528292492032051 0.492033004760742 0.437823727726936 0.418760240077972 0.428063258528709 0.41975100338459 0.467281490564346 0.501833260059357 0.557940736413002 0.634730234742165 0.605538010597229 0.627299979329109 0.54651752114296 0.465610519051552 0.329838752746582 0.296008497476578 0.300669752061367 0.364881746470928 0.341444246470928 0.349074751138687 0.319394990801811 0.267195738852024 0.261987000703812 0.249506995081902
-9999 -9999 -9999 -9999 -9999 -9999 -9999 -9999 -9999 -9999 35.2986888885498 35.2986888885498 13.7248649597168 61.7632942199707 32.2013854980469 31.4780073165894 21.3865828514099 13.8202614784241 10.3100073337555 9.85160493850708 6.08829832077026 1.51712769269943 1.06386002898216 1.08337953686714 0.955164760351181 0.887692540884018 0.920369267463684 0.831294000148773 0.85069352388382 0.876810729503632 0.757087469100952 0.970838248729706 0.717992261052132 0.811135500669479 0.59282474219799 0.600076496601105 0.530076742172241 0.52437449991703 0.50340972840786 0.431886747479439 0.408420771360397 0.381065994501114 0.356724008917809 0.388679981231689 0.461362481117249 0.462765008211136 0.455992519855499 0.433125749230385 0.432759761810303 0.417026996612549 0.359780251979828 0.30817499756813 0.25976251065731 0.260305501520634 0.267595499753952 0.286944754421711 0.253467746078968 0.332408476620913 0.244023755192757 0.257328003644943 0.260133750736713 0.26680950075388
-9999 -9999 -9999 -9999 -9999 -9999 -9999 -9999 -9999 -9999 35.2986888885498 30.4942730665207 20.9104135036469 16.3606810569763 25.79527759552 26.6036138534546 26.5378532409668 14.5786131173372 9.44325890428949 7.23786091804504 5.9501473903656 4.1955099105835 3.88556849956512 2.50668525695801 1.69026446342468 1.35895952582359 1.07812651991844 0.856796264648438 0.79171496629715 0.79374897480011 0.630324751138687 0.606016516685486 0.588530257344246 0.578109741210938 0.59281875193119 0.529840484261513 0.524948984384537 0.535180494189262 0.497261255979538 0.444573730230331 0.406176745891571 0.364770010113716 0.362219251692295 0.33975975215435 0.317454010248184 0.34544100612402 0.299997746944427 0.308798253536224 0.324934490025043 0.293256752192974 0.260826744139194 0.277263008058071 0.323307752609253 0.379250228404999 0.364472240209579 0.296211741864681 0.274552501738071 0.25849125534296 0.271211251616478 0.29636699706316 0.299233496189117 0.28896676003933
-9999 -9999 -9999 -9999 -9999 -9999 -9999 -9999 -9999 -9999 -9999 -9999 -9999 18.2227003574371 17.0848317146301 15.103844165802 -9999 -9999 -9999 -9999 -9999 -9999 7.05096745491028 7.80349516868591 4.40788793563843 4.79181969165802 4.06528437137604 2.58628195524216 1.79564166069031 1.08416622877121 0.679052978754044 0.73480050265789 0.77471923828125 0.671309262514114 0.592668771743774 0.535951495170593 0.500760734081268 0.507378771901131 0.488388016819954 0.470872521400452 0.436692729592323 0.382274240255356 0.37780125439167 0.368865005671978 0.333953239023685 0.334283240139484 0.323138996958733 0.322442248463631 0.333228752017021 0.332367740571499 0.343664243817329 0.401438981294632 0.420554235577583 0.40853476524353 0.403652250766754 0.333843760192394 0.313772991299629 0.303177751600742 0.307058997452259 0.322811253368855 0.289367996156216 0.229863747954369
-9999 -9999 -9999 -9999 -9999 -9999 -9999 -9999 -9999 -9999 -9999 -9999 -9999 16.6274771690369 16.6274771690369 16.6274771690369 -9999 -9999 -9999 -9999 -9999 -9999 4.94490551948547 4.94490551948547 4.94490551948547 0.308659605681896 5.92342257499695 7.40659260749817 5.69897854328156 3.47548055648804 1.22204777598381 1.06736478209496 0.783244460821152 0.755058735609055 0.990161240100861 0.518454730510712 0.438974261283875 0.423464253544807 0.464257478713989 0.491099998354912 0.47613599896431 0.460977002978325 0.405235514044762 0.342965260148048 0.301517240703106 0.367574259638786 0.360174760222435 0.383645251393318 0.370137758553028 0.380253732204437 0.364505991339684 0.399452984333038 0.427304998040199 0.424096494913101 0.411155998706818 0.345761239528656 0.337728001177311 0.329017505049706 0.348779998719692 0.341890498995781 0.291554242372513 0.177970502525568
-9999 -9999 -9999 -9999 -9999 -9999 -9999 -9999 -9999 -9999 -9999 -9999 -9999 -9999 -9999 -9999 -9999 -9999 -9999 -9999 -9999 -9999 -9999 -9999 -9999 -9999 6.09902459032395 14.4601078033447 14.1872520446777 9.83922457695007 10.2952473163605 1.8877335190773 1.19264325499535 1.02949798107147 0.70278225839138 0.473679766058922 0.466573521494865 0.519376516342163 0.493705496191978 0.471334487199783 0.477713271975517 0.406283989548683 0.383381232619286 0.327149994671345 0.322650745511055 0.363173246383667 0.379842728376389 0.392589747905731 0.385041743516922 0.389420986175537 0.385070979595184 0.370254747569561 0.369701988995075 0.391194730997086 0.405466496944427 0.332022663205862 0.329365074634552 0.319158833473921 0.316689301282167 0.295787416398525 0.283664558082819 0.288546748459339
-9999 -9999 -9999 -9999 -9999 -9999 -9999 -9999 -9999 -9999 -9999 -9999 -9999 -9999 -9999 -9999 -9999 -9999 -9999 -9999 -9999 -9999 -9999 -9999 -9999 -9999 -9999 2.80308383703232 18.0999039581844 2.27102720737457 2.08503448963165 4.54595160484314 2.22920769453049 1.23449850082397 0.708625495433807 0.564291760325432 0.486984729766846 0.512497499585152 0.503229752182961 0.533711984753609 0.469705492258072 0.441647261381149 0.379268243908882 0.360413253307343 0.375402018427849 0.373194001615047 0.368237994611263 0.347272507846355 0.333414740860462 0.332941509783268 0.334163255989552 0.318684004247189 0.320834241807461 0.320679746568203 0.375020250678062 0.468255758285522 0.359047494828701 0.337657503783703 0.355384491384029 0.338651239871979 0.320519261062145 0.310643255710602
