EcologicalScience/Bass/data/rs_data_bass/chl_43.asc
NCOLS 226 
NROWS 124 
XLLCORNER -9.41648524995501 
YLLCORNER 47.587301625531 
CELLSIZE 0.0833 
NODATA_value -9999 
[rows 84 to 111 of 124, columns 62 to 123 of 226]
-9999 -9999 -9999 -9999 -9999 -9999 -9999 -9999 -9999 -9999 -9999 -9999 -9999 -9999 -9999 -9999 -9999 -9999 -9999 -9999 -9999 -9999 -9999 -9999 -9999 -9999 -9999 -9999 -9999 -9999 -9999 -9999 -9999 -9999 -9999 -9999 -9999 -9999 -9999 -9999 -9999 -9999 -9999 -9999 -9999 -9999 -9999 -9999 -9999 -9999 -9999 -9999 -9999 -9999 -9999 -9999 -9999 3.75602108469376 2.78069009729054 2.59365617601495 2.60639666883569 2.03732777100343
-9999 -9999 -9999 -9999 -9999 -9999 -9999 -9999 -9999 -9999 -9999 -9999 -9999 -9999 -9999 -9999 -9999 -9999 -9999 -9999 -9999 -9999 -9999 -9999 -9999 -9999 -9999 -9999 -9999 -9999 -9999 -9999 -9999 -9999 -9999 -9999 37.1749906539917 -9999 4.16051352024078 3.14593541622162 -9999 -9999 2.67073584347963 2.15158796310425 2.24785733573577 1.84098502993584 1.88031025975943 1.94001585245132 2.02924455489431 2.24500835643095 2.1594736365711 5.14746335148811 -9999 -9999 -9999 2.85361721013722 2.27666043117642 2.37169851735234 2.39927298948169 2.27924875169992 1.29770110334669 1.21510733025415
-9999 -9999 -9999 -9999 -9999 -9999 -9999 -9999 -9999 -9999 -9999 -9999 -9999 3.73790779927882 1.66065976023674 1.76921381950378 1.9453456774354 2.04779678583145 1.12509450316429 -9999 -9999 -9999 -9999 -9999 -9999 -9999 -9999 -9999 2.36764825880527 2.750659096241 2.7654377579689 2.61192935077768 -9999 3.66949796676636 -9999 -9999 -9999 -9999 2.85544646903872 3.1879855915904 2.12370701046551 2.46808382123709 2.15385126695037 2.04340499639511 1.97304025718144 1.97343511506915 1.94517276808619 1.97863091315542 1.921319936003 2.01379879883357 1.92510996120317 2.00683750850814 1.99357803378786 1.98403591969434 1.99430053308606 2.03506984189153 1.79868915304542 1.60945847630501 1.93875931416239 1.80212149449757 1.10053180272763 1.16103540934049
-9999 -9999 -9999 -9999 -9999 -9999 -9999 -9999 -9999 -9999 2.28457742929459 1.85088029232892 1.63508939201182 1.68923445452343 1.7018326764757 1.73050864040852 1.77149210870266 1.76863796060736 1.78794354200363 1.31723256111145 -9999 -9999 1.56698512136936 1.98204059811199 1.53714028894901 -9999 -9999 2.19216314012354 2.60950005054474 2.348373234272 2.22966855764389 2.6621715426445 2.20061022043228 2.83084876835346 -9999 -9999 -9999 2.53094240597316 2.8649297952652 2.69615375995636 2.48101675510406 2.20348054170609 1.80847680568695 1.81802970170975 1.86654072999954 1.63710653781891 1.52633047103882 1.40903824567795 1.39431124925613 1.32669422030449 1.3123485147953 1.38965502381325 1.46114867925644 1.49327826499939 1.35745450854301 1.29896476864815 1.23981148004532 1.27457477152348 1.16983756152066 1.28033195436001 0.699082803200273 0.765636183321476
-9999 -9999 -9999 -9999 -9999 -9999 -9999 -9999 -9999 1.20509138703346 2.31498402357101 1.67064459215511 1.49797029115937 1.5456810512326 1.559276714921 1.74551886320114 1.50382125377655 1.54837095737457 1.66061443090439 1.74722075462341 1.89982197214575 2.11323619365692 2.0504532456398 2.17022204399109 2.17558377981186 2.16169703006744 2.18826800584793 2.11679017543793 2.11021029949188 2.13750177621841 2.17619800567627 2.3312411904335 2.51171624660492 2.4557547211647 2.85536348819733 2.89032673835754 2.86487221717834 2.82159149646759 2.38533246517181 2.26487082242966 2.09916198253632 1.91017997264862 1.76119923591614 1.60679721832275 1.4065597653389 1.2675164937973 1.22890350222588 1.22986099123955 1.17112550139427 1.10092973709106 0.957023145122962 0.957162554968487 0.966173086654056 0.89752818914977 0.875702768564224 0.858776032924652 0.842265486717224 0.820907488465309 0.816590536724437 0.789915923367847 0.727233079763559 0.762413975137931
-9999 -9999 -9999 -9999 -9999 -9999 -9999 -9999 -9999 1.22492506412359 1.39334776997566 1.32080926001072 1.35396941006184 1.30992749333382 1.49127618968487 1.55162751674652 1.62196803092957 1.65900921821594 1.72629445791245 1.80503755807877 1.88189971446991 1.97587698698044 1.99515521526337 2.03175103664398 1.85313123464584 1.80807691812515 1.77511996030807 1.74167895317078 1.7343447804451 1.74606049060822 1.75890052318573 1.83468848466873 1.97422581911087 2.18862855434418 2.5898312330246 2.7004399895668 2.71907323598862 2.67812830209732 2.36703526973724 1.99388580322266 1.96141136884689 1.87665230035782 1.40364176034927 1.208072245121 1.14029026031494 1.09413403272629 0.974255263805389 1.02593076229095 1.05919271707535 1.03307449817657 0.863078294829889 0.82943947206844 0.788391602039337 0.795847502621737 0.785614229061387 0.79298497736454 0.769215241074562 0.747688325968656 0.759664389220151 0.784074478528716 0.755834134725424 0.792034396758446
-9999 -9999 -9999 -9999 -9999 -9999 -9999 -9999 -9999 1.40127512812614 1.36743029952049 1.18491813540459 1.10014121979475 1.11914853751659 1.23329965092919 1.20989055796103 1.31601199507713 1.38637176156044 1.57865399122238 1.55628317594528 1.58646750450134 1.59259057044983 1.48757874965668 1.34666877985001 1.19443452358246 1.21504122018814 1.22826901078224 1.26485872268677 1.30339923501015 1.30033850669861 1.31446427106857 1.38686999678612 1.46393656730652 1.60733604431152 1.74931997060776 2.09244650602341 2.11749023199081 2.12559294700623 2.06318694353104 1.80776369571686 1.55516982078552 1.26466274261475 0.971734493970871 0.827137768268585 0.829078525304794 0.844375759363174 0.847623735666275 1.08045969226144 0.799291364275492 0.806294414130124 0.797779042612422 0.758285806937651 0.746255867860534 0.755494371056557 0.745054006576538 0.730517795140093 0.735807964747602 0.68566358940942 4.49127568533787 0.748868472301043 0.816917191331203 0.800679304278814
1.42861418561502 1.26873282681812 1.739063590765 1.67027564160526 -9999 -9999 -9999 2.30092577636242 1.53129582221691 1.56661610305309 0.923676813190634 1.28245349228382 1.24917523562908 0.986968403512781 1.11010810732841 0.897018456459045 0.865398135781288 0.857627087831497 1.01692649722099 1.01478224992752 0.9432572722435 0.839480519294739 0.896432489156723 0.876643747091293 0.849217742681503 0.816522508859634 0.84605872631073 0.855334520339966 0.886859983205795 0.884167268872261 0.922937482595444 1.1392614597624 1.14797151088715 1.2206007540226 1.2780080139637 1.40639746189117 1.46959203481674 1.43267971277237 1.26885721087456 1.09323427081108 0.986364215612411 0.988622784614563 0.890372823585164 0.92304677143693 0.832469124685634 0.636573416265574 0.688082456588745 0.750641641291705 0.542527723041448 0.749509874444741 0.764043564979847 0.766148700163915 0.747714558473 0.738890716662774 0.752052233769343 0.799562109204439 0.824304847763135 0.88448707262675 0.906517997384071 0.901917998989423 0.759534634076632 0.646525259201343
1.09255160255866 1.11299099028111 1.11637915670872 1.32284974413259 1.55520031668923 1.69537931680679 1.05422197895892 1.05805845902516 0.730650991201401 0.563027802854776 0.92982522465966 0.850738276134838 0.978813752532005 0.663425185463645 0.867204165458679 0.838907387852669 0.662553383409977 0.817317247390747 0.783754259347916 0.740432977676392 0.711871743202209 0.642458260059357 0.691456735134125 0.641895191235976 0.64761177518151 0.656408595767888 0.728195264935493 0.713039241053841 0.758568719029427 0.777334272861481 0.768536279147322 0.790808570655909 0.823714882135391 0.862575043331493 0.869318840178576 0.97717872262001 1.05944874882698 0.969611257314682 0.946466267108917 0.753476029092615 0.774348483844237 0.799242077903314 0.679881618781523 0.631083202632991 0.613802172920921 0.648853661119938 0.740232861854813 0.584604608741674 0.505571117455309 0.729008224148017 0.731746254058985 0.741773266058702 0.765781117173342 0.78799637235128 0.814769309300643 0.850995076390413 0.865264173883658 0.883953462426479 0.823468706928767 0.841647509198922 0.540315240621567 0.540754497051239
0.56994015276432 0.687316708266735 0.648310382778828 0.648230988532305 0.895624756813049 0.961496770381927 0.557324268496953 0.540212318301201 0.544846879318357 0.77942325880653 0.726659855246544 0.536329254508018 0.727295699715614 0.780018299818039 0.58285177052021 0.599252164363861 0.624279293417931 0.602693326771259 0.594685931503773 0.570643709599972 0.560385297238827 0.559298714453524 0.57407535341653 0.593457418409261 0.590385833924467 0.579742978919636 0.583966897292571 0.592579222538254 0.608048192479394 0.614299287850207 0.623692371628501 0.626182757995345 0.670257938179103 0.696006409146569 0.666261938485232 0.660501740195534 0.692242843183604 0.677693184126507 0.680197091265158 0.682971275665543 0.493610728870739 0.520602338693359 0.63403396172957 0.658853876319799 0.681483985483646 0.698581136763096 0.739120163700797 0.700751138421205 0.704854519321368 0.747467389473548 0.758427280646104 0.789286583662033 0.854211973456236 0.817766713825139 0.865317137195514 0.904075776155178 0.908233729692606 0.887877069986784 0.894849527340669 0.597702756524086 0.630445748567581 0.627898007631302
0.499375945329666 0.493809597194195 0.481072872877121 0.503798170387745 0.546847689896822 0.554924815893173 0.755851000547409 0.574923826754093 0.564129553735256 0.587621694803238 0.589616253972054 0.581649423709937 0.703299999237061 0.602915087342262 0.53560576736927 0.553387494385242 0.555699518322945 0.553694857656956 0.53030654489994 0.519165819883347 0.531257177889347 0.54051431065256 0.555656774477525 0.576927972110835 0.591942697763443 0.594127702442082 0.58905565738678 0.609415984966538 0.635560975833373 0.629127628423951 0.626172821630131 0.624885068698363 0.641286675225605 0.682662281123075 0.594573806632649 0.612396123317572 0.553759639913386 0.527965156869455 0.597313918850639 0.674165587533604 0.655599117279053 0.705575909126889 0.662495096976107 0.691099697893316 0.690343908288262 0.682309493422508 0.734753962892752 0.73232689499855 0.735788036137819 0.734813377261162 0.767718652120003 0.786565468861506 0.937819861552932 0.906806173649701 0.873624499027546 0.895884516147467 0.962442401510019 0.994586056241622 1.0354417012288 0.687560498714447 0.69521576166153 0.660647764801979
0.597514480352402 0.579880744218826 0.480293691158295 0.477798671275377 0.485313977301121 0.487051440775394 0.523989748209715 0.508335676789284 0.556703053414822 0.584426233714277 0.613064989447594 0.571117088198662 0.577260480395385 0.572614239794867 0.473983955383301 0.506514447927475 0.511528944969177 0.519492311775684 0.489870294928551 0.489287629723549 0.492573747038841 0.531682588837364 0.56242276457223 0.588418632745743 0.620420584624464 0.613124931400472 0.583083622730695 0.599204871516961 0.649696321441577 0.67192356152968 0.632590100169182 0.569987252354622 0.663130788640542 0.610770329833031 0.687875170599331 0.783425233580849 0.906268890608441 1.00212953713807 0.951845099980181 0.599298339623671 0.836413231762973 0.771801840175282 0.675488144159317 0.612299275398254 0.68905171751976 0.742940006347803 0.790215105964587 0.790823730138632 0.803531365898939 0.760321374982595 0.742821000516415 0.832740996892636 0.865328330260057 0.731492862981909 0.952900399764379 1.06074218948682 1.21474896944486 0.895689755678177 0.928974479436874 1.29021048545837 1.21913623809814 1.19334623217583
0.525419235229492 0.535848006606102 0.528842508792877 0.443238817155361 0.482378259301186 0.497256550937891 0.517133820801973 0.524569116532803 0.548599723194327 0.575350746512413 0.541000199317932 0.566753992438316 0.528135240077972 0.453017234802246 0.39320011138916 0.452821719646454 0.474982582032681 0.472915184497833 0.470377211272716 0.459704996645451 0.462128162384033 0.484209291636944 0.54860045151277 0.597603195092895 0.636551804163239 0.799222579056566 0.564612532965839 0.597639274868098 0.681764131242579 0.785886099705329 0.777683619123239 0.769829375239519 0.916754194281318 0.946354918859222 1.00211674381386 1.13257836211811 1.16306898675182 1.17522940310565 1.17743803967129 1.04278488050808 0.947155204686252 0.837114982984283 0.788966039052376 0.825138887221163 0.738904044032097 0.792360138148069 0.857445314526558 0.86519005550788 0.880965997393315 0.936123940807122 0.960692899731489 0.990089277808483 0.784357771277428 1.08997207650772 1.02418854832649 1.19738149642944 1.69604679942131 1.46896052360535 1.68946203589439 1.69469776749611 1.60878968238831 4.36124080105832
0.43934323489666 0.51119576394558 0.491186738014221 0.399819518511112 0.437338081273166 0.499045506119728 0.499364420771599 0.501292314380407 0.484227927831503 0.478417959809303 0.502853107452393 0.526151677966118 0.510964244604111 0.38121405467391 0.371291998028755 0.412458081543446 0.417937879264355 0.41782478839159 0.405594290792942 0.431848114728928 0.475673930346966 0.4876266092062 0.552488744258881 0.637131271037188 0.695244343020022 0.982063541358168 1.00482813607563 1.02643409371376 1.01131344925274 0.917467101053758 0.921381305564534 0.87384681539102 1.12198891152035 1.28539859435775 1.38444195823236 1.36437649889426 1.22077174349265 1.2798397724445 1.10952814058824 0.985222127575141 0.853152132951296 0.853328515703861 0.876220643520355 0.881698467410528 0.885865684885245 0.894124402449681 0.911953080158967 0.936989816335531 0.918976255334341 1.13106006957017 1.17121325433254 0.975413233041763 1.2916424870491 1.27516901493073 1.34486678242683 1.51353871822357 -9999 -9999 -9999 -9999 -9999 -9999
0.383931414647536 0.388555217872966 0.376025863669135 0.409398747608066 0.398694969713688 0.419886889782819 0.420386761426926 0.434158757328987 0.447761759161949 0.420889568599788 0.439118251204491 0.459717243909836 0.420254128900441 0.366652719676495 0.371617115288973 0.356367000192404 0.387145860493183 0.423920787870884 0.464314725995064 0.56437948346138 0.516347673885962 0.808370332507526 0.65619919449091 0.636505158618093 0.638641578229991 1.14473177790642 1.17126912474632 1.39286103031852 1.21583925400461 1.15162741866979 1.1501491476189 1.15547957474535 1.61393995697682 1.68176282369173 1.9124062250961 1.60494281990188 1.56183744852359 1.42289072045913 1.30357923633174 1.123471897382 1.06098467111588 0.912072142729392 0.898540453268931 0.930557648722942 0.938398027649292 0.975242257118225 1.00218848884106 1.06118012047731 1.12014247477055 1.4676125393464 1.41015837742732 1.66594903514935 1.87352506014017 2.03417221137456 -9999 -9999 -9999 -9999 -9999 -9999 -9999 -9999
0.379288575866006 0.346746376901865 0.371194034814835 0.412066799516861 0.368436001241207 0.409999743103981 0.425240248441696 0.436339750885963 0.434826985001564 0.422801804813472 0.419299912723628 0.413125902414322 0.373785808682442 0.372692258656025 0.375798294693232 0.382421417534351 0.429279166460037 0.482386127114296 0.541362209753557 0.590407267212868 0.617397010326385 0.647113502025604 0.799385119761739 0.566602164879441 0.707641234452074 0.84468629530498 1.15528374910355 1.14489542841911 1.12855012950144 -9999 -9999 -9999 -9999 -9999 -9999 3.14426672458649 1.7201486321596 1.4227199118871 1.17389416006895 1.17031758172171 0.814709231257439 0.799002014100552 1.1814450942553 1.00865107889359 1.0204788675675 1.10419708261123 1.19783855630801 1.06368398666382 1.09994900226593 1.18178173899651 1.50344151258469 1.7473611831665 1.71550822257996 1.9762424826622 1.97624230384827 -9999 -9999 -9999 -9999 -9999 -9999 -9999
0.393687985264338 0.377477308878532 0.332845792919397 0.362899563529275 0.386062756180763 0.40556176006794 0.420609757304192 0.413066238164902 0.379579778422009 0.420920783823187 0.417035311460495 0.418299282138998 0.380679076910019 0.393673203885555 0.397514931857586 0.398158872127533 0.459102748469873 0.46742923151363 0.49861609258435 0.573049753904343 0.616280257701874 0.646713241934776 0.653770759701729 0.669504746794701 0.683346748352051 0.717803508043289 1.34882617990176 0.954566493630409 1.09689806323302 -9999 -9999 -9999 -9999 -9999 -9999 -9999 3.28877710379087 1.91884345733202 1.63305127391448 1.27789660294851 0.942590427398682 1.20473034381866 1.17887927247928 1.14247547204678 1.19974972651555 1.15602103334207 1.17658624053001 1.2251849770546 1.35808449983597 1.59496331214905 1.97473096847534 1.91011828184128 -9999 -9999 -9999 -9999 -9999 -9999 -9999 -9999 -9999 -9999
0.395068392157555 0.41262503181185 0.398863821157387 0.403389761490481 0.384054511785507 0.393675267696381 0.401767490939661 0.419543201273138 0.422786731611599 0.436463120308789 0.432132145220583 0.416489379107952 0.392156475037336 0.424569238722324 0.450390746647661 0.463377689773386 0.466295315460725 0.476723585616459 0.572765996510332 -9999 -9999 1.01680050466372 0.908226102590561 0.666825994849205 0.695699259638786 0.756745487451553 0.866382826777065 1.20674764078397 1.44011997549157 -9999 -9999 -9999 -9999 -9999 -9999 -9999 3.92551131248474 4.25356474289527 3.49092457844661 1.75564944285613 0.948431253433228 3.01908188064893 1.5012636979421 1.21476191282272 1.45392051339149 1.16783133745193 1.1350336253643 1.29634945392609 1.30266691446304 1.81793049573898 2.18324142694473 2.19970884919167 2.51084420084953 -9999 -9999 -9999 -9999 -9999 -9999 -9999 -9999 -9999
0.360435144603252 0.401919013687543 0.407230290770531 0.414138004183769 0.406307995319366 0.407683730125427 0.411517775871537 0.419464222409508 0.431128295985135 0.43678556247191 0.411587908118963 0.436538197777488 0.43136136084795 0.467081182382324 0.467836971987378 0.463915102861144 0.465990397063169 0.473517829721624 0.542884639957372 0.578482776003725 0.485268392107066 0.475984475191902 0.464313492178917 0.67467474937439 0.835575222969055 0.787481725215912 0.913133978843689 1.11222705245018 1.16402925763811 2.24698252426951 -9999 -9999 -9999 -9999 -9999 -9999 -9999 43.1330677115399 2.54117898250881 1.11407203996768 2.91333505040721 4.14938383980801 5.46916637608879 1.57582361698151 1.69361698627472 1.68344223499298 1.64040076732635 1.46832988858223 1.39432228803635 2.25846475362778 2.25634911060333 2.41513122320175 -9999 -9999 -9999 -9999 -9999 -9999 -9999 -9999 -9999 -9999
0.390157687393102 0.387595438144424 0.3933325775645 0.376770205118439 0.386906996369362 0.399526176127521 0.415834413333373 0.445015575398098 0.465249485590241 0.463945846665989 0.46195984157649 0.475680336356163 0.477522607554089 0.464022009210153 0.463489241220734 0.459833451292732 0.476522728800774 0.492085263133049 0.496098756790161 0.500270500779152 0.485113248229027 0.487112507224083 0.487299740314484 0.858141024323071 0.795160725712776 0.832236245274544 1.05662876367569 1.1030835040978 1.06421437263489 2.07513662545305 -9999 -9999 -9999 -9999 -9999 -9999 -9999 -9999 -9999 -9999 -9999 -9999 -9999 -9999 -9999 -9999 3.65490746498108 1.59367227554321 1.57087123394012 12.6853793825422 -9999 -9999 -9999 -9999 -9999 -9999 -9999 -9999 -9999 -9999 -9999 -9999
0.401110699230974 0.390969876538623 0.390714822845026 0.388880171559074 0.404026585546407 0.41823790425604 0.428378519686786 0.445332750678062 0.479128748178482 0.496280744671822 0.452624530954794 0.468972550197081 0.478649785572832 0.478081368587234 0.470776169137521 0.48198580335487 0.481867268681526 0.496657237410545 0.452422752976418 0.472379982471466 0.461252510547638 0.472762241959572 0.477065250277519 1.10213691741228 -9999 -9999 -9999 0.828761334602649 0.739946186542511 0.751318907195871 1.52467258572578 -9999 -9999 -9999 -9999 -9999 -9999 -9999 -9999 -9999 -9999 -9999 -9999 -9999 -9999 -9999 -9999 -9999 -9999 -9999 -9999 -9999 -9999 -9999 -9999 -9999 -9999 -9999 -9999 -9999 -9999 -9999
0.400084977800196 0.403317681767724 0.404977294531735 0.405055009505966 0.44938999414444 0.46476274728775 0.443966016173363 0.456617012619972 0.47460500895977 0.515088737010956 0.516442984342575 0.495652150024067 0.486974110657519 0.47577519308437 0.458823623982343 0.450945273041725 0.466559752821922 0.654617982415053 0.651724827977327 0.656769671119176 0.536822251975536 0.464173503220081 0.614873655713521 0.632111258804798 1.02567530366091 1.04952201934961 0.804245072603226 0.830132883787155 0.945500967594293 0.988547609402583 1.76948838574546 2.34220992773771 -9999 -9999 -9999 -9999 -9999 -9999 -9999 -9999 -9999 -9999 -9999 -9999 -9999 -9999 -9999 -9999 -9999 -9999 -9999 -9999 -9999 -9999 -9999 -9999 -9999 -9999 -9999 -9999 -9999 -9999
0.42503889717839 0.420114824717695 0.415229457345876 0.411544159054756 0.461301743984222 0.455378502607346 0.454574763774872 0.448930010199547 0.492253512144089 0.534476742148399 0.508325086796985 0.512890231880275 0.492482380433516 0.480060412125154 0.434915119951422 0.480336010456085 0.486886009573936 0.494730249047279 0.489049002528191 0.656335029464502 0.49176025390625 0.516155511140823 0.555812492966652 0.670704806080231 0.876873503510769 0.868164900403756 0.83123523570024 0.890475380879182 0.974140254350809 1.20426490902901 2.08908109366894 1.79392071068287 -9999 -9999 -9999 -9999 -9999 -9999 -9999 -9999 -9999 -9999 -9999 -9999 -9999 -9999 -9999 -9999 -9999 -9999 -9999 -9999 -9999 -9999 -9999 -9999 -9999 -9999 -9999 -9999 -9999 -9999
0.403715255856514 0.411301106214523 0.436801021749323 0.468720003962517 0.491213008761406 0.425890251994133 0.472089752554893 0.486724205753383 0.496259477208642 0.52108028969344 0.60444949567318 0.598433747887611 0.60911850631237 0.626162514090538 0.584220245480537 0.531979262828827 0.53218699991703 0.513328745961189 0.478071987628937 0.524927543906065 0.50230043897262 0.784822071592013 0.696536242961884 0.804841566544313 1.14399422475925 1.03055740205141 1.01979863271117 0.961558706485308 1.05706724524498 1.27936175465584 5.05394416196006 -9999 -9999 -9999 -9999 -9999 -9999 -9999 -9999 -9999 -9999 -9999 -9999 -9999 -9999 -9999 -9999 -9999 -9999 -9999 -9999 -9999 -9999 -9999 -9999 -9999 -9999 -9999 -9999 -9999 -9999 -9999
0.484151683309499 0.510880408918156 0.463721070438623 0.466663118451834 0.516301601340896 0.522276252508163 0.579626609499638 0.716123998165131 0.600618644672282 0.900433145463467 0.686003759503365 0.740767270326614 0.869702726602554 0.928328484296799 0.822595223784447 0.651262253522873 0.614881485700607 0.552675753831863 0.593277636628885 0.601834333859957 0.654174128716642 0.602902494370937 0.782777807542256 0.984199274669994 0.899088340146201 1.168889132413 0.777157975868745 0.756706636060368 0.91321536898613 0.722699590704658 1.4495020955801 3.16760104894638 -9999 -9999 -9999 -9999 -9999 -9999 -9999 -9999 -9999 -9999 -9999 -9999 -9999 -9999 -9999 -9999 -9999 -9999 -9999 -9999 -9999 -9999 -9999 -9999 -9999 -9999 -9999 -9999 -9999 -9999
0.517316166968907 0.565953999757767 0.581022267832476 0.545027327888152 0.619222902334653 0.796337991952896 0.784168273210526 1.15556559818132 0.621024191379547 -9999 -9999 -9999 -9999 -9999 -9999 0.630418509244919 0.559219509363174 0.547773256897926 0.774266775165285 0.736959763935634 0.761684778791208 0.730173110961914 0.773983814886638 0.609309375286102 0.828531018325261 0.954274088144302 1.31864610314369 1.33087887005372 1.12564796209335 0.809458721767772 0.835508725859902 2.05791985988617 -9999 -9999 -9999 -9999 -9999 -9999 -9999 -9999 -9999 -9999 -9999 -9999 -9999 -9999 -9999 -9999 -9999 -9999 -9999 -9999 -9999 -9999 -9999 -9999 -9999 -9999 -9999 -9999 -9999 -9999
0.637894820641069 0.674592616657416 -9999 0.786103000243505 0.782515915731589 0.985491521083392 1.372808690582 -9999 1.35734340548515 -9999 -9999 -9999 -9999 -9999 -9999 0.995102960812418 0.787324701036726 0.589567989110947 0.637236744165421 0.882922525916781 0.877441955464227 0.894375200782503 0.847691365650722 0.805412573473794 0.766900509595871 0.68122273683548 0.695437997579575 1.36456057971174 1.37933152914047 1.23586480532374 1.44300349269594 2.33926975467931 -9999 -9999 -9999 -9999 -9999 -9999 -9999 -9999 -9999 -9999 -9999 -9999 -9999 -9999 -9999 -9999 -9999 -9999 -9999 -9999 -9999 -9999 -9999 -9999 -9999 -9999 -9999 -9999 -9999 -9999
-9999 -9999 -9999 -9999 -9999 -9999 -9999 -9999 -9999 -9999 -9999 -9999 -9999 -9999 -9999 -9999 -9999 0.915908453719957 1.18485246192325 1.08934155745166 1.13781488882868 -9999 -9999 -9999 0.966740242072514 4.5764778516825 -9999 -9999 2.77750453725457 1.59974174201488 2.79114863276482 -9999 -9999 -9999 -9999 -9999 -9999 -9999 -9999 -9999 -9999 -9999 -9999 -9999 -9999 -9999 -9999 -9999 -9999 -9999 -9999 -9999 -9999 -9999 -9999 -9999 -9999 -9999 -9999 -9999 -9999 -9999
