EcologicalScience/Bass/data/rs_data_bass/chl_394.asc
NCOLS 226 
NROWS 124 
XLLCORNER -9.41648524995501 
YLLCORNER 47.587301625531 
CELLSIZE 0.0833 
NODATA_value -9999 
[rows 54 to 80 of 124, columns 0 to 61 of 226]
-9999 -9999 -9999 -9999 -9999 -9999 -9999 -9999 -9999 -9999 -9999 -9999 -9999 -9999 -9999 -9999 -9999 -9999 -9999 -9999 -9999 -9999 -9999 -9999 -9999 -9999 -9999 -9999 -9999 -9999 -9999 -9999 -9999 -9999 -9999 -9999 -9999 -9999 5.40393739107595 9.82434322959498 4.67333614826202 3.41523241996765 2.41802555322647 1.37225925922394 1.16349524259567 1.06820100545883 0.942311257123947 0.887047469615936 0.765580482780933 0.773120239377022 0.754052996635437 0.805819116532803 0.969948023557663 1.3358351290226 1.64752498269081 1.85845202207565 2.26306763291359 2.50997060537338 -9999 0.607058599591255 0.62790758907795 2.78420350409072
-9999 -9999 -9999 -9999 -9999 -9999 -9999 -9999 -9999 -9999 -9999 -9999 -9999 -9999 -9999 -9999 -9999 -9999 -9999 -9999 -9999 -9999 -9999 -9999 -9999 -9999 -9999 -9999 -9999 -9999 -9999 -9999 -9999 -9999 -9999 -9999 -9999 -9999 -9999 3.47660145163536 4.10156857967377 3.61983060836792 2.28464466333389 1.57671600580215 0.892458736896515 0.865161001682281 0.854645222425461 0.839057609438896 0.764640368521214 0.722498998045921 0.760805636644363 0.886344373226166 1.08217012882233 1.23624899983406 1.54499213397503 1.96012052893639 2.35380828380585 2.93090809218456 -9999 -9999 -9999 -9999
-9999 -9999 -9999 -9999 -9999 -9999 -9999 -9999 -9999 -9999 -9999 -9999 -9999 -9999 -9999 -9999 -9999 -9999 -9999 -9999 -9999 -9999 -9999 -9999 -9999 -9999 -9999 -9999 -9999 -9999 -9999 -9999 -9999 -9999 -9999 -9999 -9999 -9999 -9999 -9999 2.21175786852837 3.7839607000351 1.29010874032974 1.86231905221939 1.43663853406906 0.873320281505585 0.773236513137817 0.843821257352829 0.773121401667595 0.745640985667706 0.860073387622833 0.971859723329544 1.19701950252056 1.33691583573818 1.42691847681999 1.75863263010979 1.85336780548096 1.75950220227242 3.05832663353752 -9999 -9999 -9999
-9999 -9999 -9999 -9999 -9999 -9999 -9999 -9999 -9999 -9999 -9999 -9999 -9999 -9999 -9999 -9999 -9999 -9999 -9999 -9999 -9999 -9999 -9999 -9999 -9999 -9999 -9999 -9999 -9999 -9999 -9999 -9999 -9999 -9999 -9999 -9999 -9999 -9999 -9999 -9999 2.36262162923813 2.1595646739006 1.89254316687584 1.9227574467659 2.03478714823723 1.38789975643158 1.10764123499393 0.999725237488747 0.819251999258995 0.809589743614197 0.835003852844238 1.01835224032402 1.15116789937019 1.25109373033047 1.21727885305882 1.03344263881445 1.12013554573059 1.61752191781998 1.97734941244125 1.96574719746908 2.08561424635075 -9999
-9999 -9999 -9999 -9999 -9999 -9999 -9999 -9999 -9999 -9999 -9999 -9999 -9999 -9999 -9999 -9999 -9999 -9999 -9999 -9999 -9999 -9999 -9999 -9999 -9999 -9999 -9999 -9999 -9999 -9999 -9999 -9999 -9999 -9999 -9999 -9999 -9999 -9999 -9999 -9999 -9999 2.17062175273895 2.5457775592804 2.30300134420395 2.64733582735062 2.11157691478729 1.2046050131321 1.23391950130463 1.06726612150669 1.0698290169239 0.935959249734879 1.18754699826241 1.22861075401306 1.29565751552582 1.16924598813057 1.1483199596405 0.905085738748312 0.804971605539322 1.37587161362171 2.1478908509016 1.47586492697398 -9999
-9999 -9999 -9999 -9999 -9999 -9999 -9999 -9999 -9999 -9999 -9999 -9999 -9999 -9999 -9999 -9999 -9999 -9999 -9999 -9999 -9999 -9999 -9999 -9999 -9999 -9999 -9999 -9999 -9999 -9999 -9999 -9999 -9999 -9999 -9999 -9999 -9999 -9999 -9999 -9999 -9999 2.96983167529106 2.33821499347687 1.81224006414413 1.96121996641159 1.66792649030685 1.5189416706562 1.23151803016663 1.18464374542236 1.01465964317322 1.00578346848488 0.924757480621338 1.14444196224213 1.25529098510742 1.34877771139145 1.21445363759995 1.77502933144569 1.05305025726557 2.37315831581751 0.93099686097015 -9999 -9999
-9999 -9999 -9999 -9999 -9999 -9999 -9999 -9999 -9999 -9999 -9999 -9999 -9999 -9999 -9999 -9999 -9999 -9999 -9999 -9999 -9999 -9999 -9999 -9999 -9999 -9999 -9999 -9999 -9999 -9999 -9999 -9999 -9999 -9999 -9999 -9999 -9999 -9999 -9999 -9999 2.72133153676987 2.47243872284889 2.32380670309067 1.64069473743439 1.17964723706245 0.992277771234512 1.29983925819397 1.21892774105072 1.20249000191689 1.06433072686195 0.856823265552521 0.818458914756775 1.04054227471352 1.26594772934914 1.38463273644447 1.67713388800621 1.53577618002892 -9999 -9999 2.01615886177335 2.37856268882751 2.33476516178676
-9999 -9999 -9999 -9999 -9999 -9999 -9999 -9999 -9999 -9999 -9999 -9999 -9999 -9999 -9999 -9999 -9999 -9999 -9999 -9999 -9999 -9999 -9999 -9999 -9999 -9999 -9999 -9999 -9999 -9999 -9999 -9999 -9999 -9999 -9999 -9999 -9999 -9999 -9999 2.3855168223381 2.50739318132401 2.39704120159149 2.05412095785141 1.66452527046204 0.989211738109589 1.00092226266861 1.15450277924538 1.1755785048008 1.07306250929832 0.722945988178253 0.872465595602989 0.826126500964165 0.846978351473808 1.40221577882767 1.50896322727203 1.71594899296761 1.77480243444443 1.60353991985321 1.63641151785851 1.69325743317604 1.89494675397873 1.93438023328781
-9999 -9999 -9999 -9999 -9999 -9999 -9999 -9999 -9999 -9999 -9999 -9999 -9999 -9999 -9999 -9999 -9999 -9999 -9999 -9999 -9999 -9999 -9999 -9999 -9999 -9999 -9999 -9999 -9999 -9999 -9999 -9999 -9999 -9999 -9999 -9999 -9999 -9999 -9999 2.93478919565678 2.21398043632507 2.05720657110214 1.5544461607933 1.14482849836349 0.852045714855194 0.805638760328293 0.956192225217819 0.880355268716812 0.804168730974197 0.691347733139992 0.681626245379448 0.747034505009651 0.957699000835419 1.10897402465343 1.6243439912796 0.982980363070965 1.00936163216829 1.25589296221733 1.41849678754807 1.51982266455889 1.69471201300621 2.07850348949432
-9999 -9999 -9999 -9999 -9999 -9999 -9999 -9999 -9999 -9999 -9999 -9999 -9999 -9999 -9999 -9999 -9999 -9999 -9999 -9999 -9999 -9999 -9999 -9999 -9999 -9999 -9999 -9999 -9999 -9999 -9999 -9999 -9999 -9999 -9999 -9999 -9999 -9999 3.797483086586 2.18540543317795 1.92788618803024 1.66246658563614 1.15942427515984 0.87983626127243 0.790452003479004 1.06972521543503 0.881030291318893 0.838390499353409 0.737725496292114 0.716595768928528 0.715060517191887 0.699649482965469 0.642730124294758 0.764084257185459 0.932588987052441 1.00936274975538 0.96543674916029 0.838813483715057 0.818337008357048 0.917909234762192 1.00211852788925 1.79687851667404
-9999 -9999 -9999 -9999 -9999 -9999 -9999 -9999 -9999 -9999 -9999 -9999 -9999 -9999 -9999 -9999 -9999 -9999 -9999 -9999 -9999 -9999 -9999 -9999 -9999 -9999 -9999 -9999 -9999 -9999 -9999 -9999 -9999 -9999 -9999 -9999 -9999 -9999 2.73293486237526 2.04500842094421 1.78786504268646 1.30812227725983 1.07653874158859 0.927401214838028 0.814125001430511 0.789017289876938 0.640934988856316 0.614453986287117 0.598596006631851 0.671977490186691 0.727693498134613 1.0091632604599 0.935498267412186 0.998298794031143 0.959768235683441 0.751277267932892 0.917166709899902 0.966742515563965 0.816572248935699 0.790321469306946 0.86940523982048 1.18985098600388
-9999 -9999 -9999 -9999 -9999 -9999 -9999 -9999 -9999 -9999 -9999 -9999 -9999 -9999 -9999 -9999 -9999 -9999 -9999 -9999 -9999 -9999 -9999 -9999 -9999 -9999 -9999 -9999 -9999 -9999 -9999 -9999 -9999 -9999 -9999 -9999 -9999 2.53478794648097 2.34437477588654 1.79353201389313 1.37374350428581 1.11325496435165 0.891917288303375 0.846683263778687 0.749507233500481 0.745620757341385 0.666252762079239 0.664133995771408 0.685004264116287 0.789399772882462 0.854573249816895 0.989576250314713 1.05052873492241 1.07196226716042 1.04114547371864 1.00500145554543 1.16668725013733 1.08319652080536 0.978297740221024 0.859543472528458 0.782445386052132 1.22270250320435
-9999 -9999 -9999 -9999 -9999 -9999 -9999 -9999 -9999 -9999 -9999 -9999 -9999 -9999 -9999 -9999 -9999 -9999 -9999 -9999 -9999 -9999 -9999 -9999 -9999 -9999 -9999 -9999 -9999 -9999 -9999 -9999 -9999 -9999 -9999 -9999 -9999 4.04112732410431 2.54638946056366 1.58874893188477 1.20291522145271 0.933063000440598 0.835925996303558 0.723998978734016 0.702579751610756 0.641777247190475 0.553577989339828 0.634554013609886 0.818419486284256 0.894704282283783 0.914265722036362 0.934508264064789 1.09738200902939 1.04465478658676 0.957492023706436 0.877501487731934 1.03715550899506 1.2749115228653 1.43862524628639 1.34161198139191 0.827546641230583 3.83021342754364
-9999 -9999 -9999 -9999 -9999 -9999 -9999 -9999 -9999 -9999 -9999 -9999 -9999 -9999 -9999 -9999 -9999 -9999 -9999 -9999 -9999 -9999 -9999 -9999 -9999 -9999 -9999 -9999 -9999 -9999 -9999 -9999 -9999 -9999 -9999 -9999 3.38550853729248 4.43342113494873 2.74410152435303 1.42720645666122 1.10381922125816 0.814035773277283 0.727128759026527 0.692514002323151 0.652045503258705 0.694498479366302 0.660862237215042 0.778356999158859 0.913655966520309 0.987997502088547 1.0704824924469 1.13100224733353 1.09077671170235 1.0376490354538 0.878086477518082 0.876702725887299 0.903605997562408 1.23821702599525 1.0886549949646 1.93686372041702 1.61081211268902 10.9458844065666
-9999 -9999 -9999 -9999 -9999 -9999 -9999 -9999 -9999 -9999 -9999 -9999 -9999 -9999 -9999 -9999 -9999 -9999 -9999 -9999 -9999 -9999 -9999 -9999 -9999 -9999 -9999 -9999 -9999 -9999 -9999 1.83167440926327 1.92607114996229 -9999 2.10493344068527 2.29521724358529 1.9539289355278 1.41756185889244 1.6095398068428 1.33411279320717 0.819642752408981 0.697773769497871 0.660069018602371 0.886814251542091 0.70908197760582 0.69812074303627 0.812236458063126 0.856126517057419 0.908843278884888 1.14836025238037 1.16324400901794 1.16378250718117 1.12075647711754 0.97198873758316 0.953371524810791 0.880515038967133 0.803527504205704 1.07847002148628 1.22228622436523 0.768227219581604 2.41949349045754 2.27974288359932
-9999 -9999 -9999 -9999 -9999 -9999 -9999 -9999 -9999 -9999 -9999 -9999 -9999 -9999 -9999 -9999 -9999 -9999 -9999 -9999 -9999 -9999 0.346259817481041 2.21786370873451 4.19911003112793 2.20175159722567 3.26049144566059 5.8550369143486 1.11122500896454 0.885966509580612 0.977811247110367 1.13415426015854 1.59854176640511 0.994145214557648 1.01727676391602 1.09521898627281 1.08060452342033 0.886537492275238 0.692219987511635 0.695185482501984 0.59648023545742 0.55833300948143 0.831007495522499 0.681062266230583 0.646155014634132 0.842229008674622 0.821682035923004 0.887690216302872 1.10739603638649 1.27240499854088 1.23369750380516 1.08668249845505 1.19289377331734 1.27472850680351 1.494225025177 1.38879302144051 11.3722637891769 37.4884172081947 2.45743467702585 -9999 -9999 -9999
-9999 -9999 -9999 -9999 -9999 -9999 -9999 -9999 -9999 -9999 -9999 -9999 -9999 -9999 -9999 -9999 -9999 -9999 -9999 -9999 -9999 -9999 1.28446380794048 6.30208286046982 0.622415252029896 0.674271382391453 2.04724949598312 1.03173145651817 0.971611887216568 0.793016508221626 0.763796210289001 0.846643477678299 0.909671276807785 0.77920201420784 0.796336501836777 0.808205991983414 0.793270468711853 0.757809787988663 0.683850735425949 0.664065733551979 0.637095764279366 0.780734270811081 0.723248988389969 0.710933268070221 0.807401239871979 0.849912732839584 0.999472886323929 1.17116171121597 1.42797562479973 1.29140362143517 1.40836425125599 1.3254105001688 1.45870345830917 1.65080773830414 2.18126678466797 -9999 -9999 -9999 -9999 -9999 -9999 -9999
-9999 -9999 -9999 -9999 -9999 -9999 -9999 -9999 -9999 -9999 -9999 -9999 -9999 -9999 -9999 -9999 -9999 -9999 -9999 3.72307620048523 4.48224154114723 1.07221157848835 0.864769640564918 0.771509420871735 0.743173699826002 0.703469261527061 0.777413249015808 0.800887495279312 0.651644244790077 0.556699499487877 0.644402235746384 0.690619513392448 0.844032794237137 0.679870516061783 0.831161230802536 0.739836752414703 0.720063015818596 0.767671465873718 0.80987548828125 0.665069237351418 0.755753964185715 0.788455456495285 0.778038024902344 0.669539988040924 0.621690765023232 0.788680493831635 1.12055924534798 1.47599963843822 1.72954800724983 1.54607440531254 1.71762371063232 -9999 -9999 -9999 -9999 -9999 -9999 -9999 -9999 -9999 -9999 -9999
-9999 -9999 -9999 -9999 -9999 -9999 -9999 -9999 -9999 -9999 -9999 -9999 -9999 -9999 -9999 -9999 -9999 40.5295085906982 17.8416881561279 5.59425759315491 5.27761960029602 2.98879873752594 1.16067863255739 1.07265340536833 1.30385921895504 1.0639750957489 1.04577228426933 1.08108079433441 0.829592227935791 0.687793493270874 0.600286513566971 0.746412768959999 0.735186740756035 0.767771244049072 0.81214427947998 0.864960014820099 0.805500745773315 0.678213238716125 0.436925992369652 0.464335486292839 0.561650231480598 0.503076732158661 0.73939423263073 0.687611997127533 0.967001616954803 1.41089549660683 1.64946216344833 1.61158235371113 1.66073548793793 1.2875069975853 2.02728799581528 -9999 -9999 -9999 -9999 -9999 -9999 -9999 -9999 -9999 -9999 -9999
-9999 -9999 -9999 -9999 -9999 -9999 -9999 -9999 -9999 -9999 -9999 -9999 -9999 -9999 16.3252301216125 16.2457280158997 16.9033527374268 10.7956809997559 12.7546734809875 4.83172416687012 4.64114785194397 2.5951566696167 2.35978728532791 0.882885731756687 1.17256747186184 0.931617401540279 0.783812619745731 1.34771624207497 0.982850968837738 0.88329604268074 0.821592003107071 0.662423998117447 0.799005031585693 0.762234002351761 0.423854753375053 0.705040879547596 0.664374262094498 0.584118738770485 0.421694979071617 0.380635499954224 0.447495751082897 0.392999231815338 0.456784889101982 0.706758745014668 1.28311385214329 1.67263269424438 1.5119594335556 1.67086869478226 1.84882128238678 1.86437916755676 1.406802713871 2.97968049844106 -9999 -9999 -9999 -9999 -9999 -9999 -9999 -9999 -9999 -9999
-9999 -9999 -9999 -9999 -9999 -9999 -9999 -9999 -9999 -9999 -9999 3.53368810159819 13.621386051178 5.04311013221741 6.11873030662537 4.67195641994476 2.76122170686722 2.78523516654968 2.57023572921753 2.54019606113434 2.39857721328735 2.34621155261993 2.34752476215363 0.966063231229782 0.925325214862823 0.816086992621422 0.412730231881142 0.438682481646538 0.575884491205215 0.522463873028755 0.626290485262871 0.610780522227287 0.573519006371498 0.646340981125832 0.437312230467796 0.497338883578777 0.513171002268791 0.506970763206482 0.350183241069317 0.430594518780708 0.381866231560707 0.3581827506423 0.429012760519981 0.667050004005432 1.61252921819687 1.49281650781631 1.43541526794434 1.60618650913239 2.1173055768013 1.88595896959305 1.51280896111232 -9999 -9999 -9999 -9999 -9999 8.37425560729448 13.6223216056824 10.6322629451752 10.4801273345947 5.24046742916107 -9999
-9999 -9999 -9999 -9999 -9999 -9999 -9999 -9999 -9999 9.29758071899414 8.31047129631042 6.28091526031494 3.84655487537384 2.61005258560181 2.82896393537521 2.92608082294464 2.14958024024963 2.13685047626495 1.39485150575638 1.4456992149353 2.20446825027466 2.01504600048065 0.789210766553879 0.76933354139328 0.504191502928734 0.489676482975483 0.43893751502037 0.464910015463829 0.50535374879837 0.473800510168076 0.505908742547035 0.515975251793861 0.446997731924057 0.505213513970375 0.563076004385948 0.558049499988556 0.523262232542038 0.475646272301674 0.444059997797012 0.422364011406898 0.36455999314785 0.339612007141113 0.512049749493599 0.970416784286499 1.40026053786278 1.0573702454567 1.34946602582932 1.32603898644447 1.23923322558403 1.53013283014297 1.59913802146912 1.64275199174881 1.45336791872978 2.42350139943036 2.23841321468353 2.0519648194313 2.11248904466629 3.51058959960938 4.52532362937927 3.33932912349701 7.19858264923096 -9999
-9999 -9999 -9999 -9999 -9999 2.02626442909241 1.6677074432373 2.21083348989487 5.38909041881561 4.79716658592224 2.94675976037979 2.57528775930405 2.40936595201492 2.23813354969025 2.30438554286957 1.98387533426285 1.47980403900146 1.15738275647163 1.0317967236042 0.933329254388809 0.870344281196594 0.842714220285416 0.969444036483765 1.35278695821762 0.651855021715164 0.441666752099991 0.44302573800087 0.464957982301712 0.482921227812767 0.670053005218506 0.730856269598007 0.667063504457474 0.530296504497528 0.553553983569145 0.604572013020515 0.637520268559456 0.589259997010231 0.598018482327461 0.541930496692657 0.421577990055084 0.379794001579285 0.323073752224445 0.307083740830421 0.394794747233391 0.344355739653111 0.67807200551033 1.06079024076462 1.19774097204208 1.46741098165512 1.65106719732285 1.62665408849716 1.6189101934433 1.85291773080826 1.76878720521927 1.62662333250046 1.71432602405548 1.86387383937836 1.96788078546524 2.15697741508484 2.66544824838638 2.8968660235405 2.82149630784988
-9999 -9999 -9999 -9999 -9999 1.69320827722549 1.35982802510262 1.32739046216011 1.72985333204269 1.51704293489456 1.59579527378082 1.49720022082329 1.67568969726562 2.03331077098846 2.01621454954147 1.86602622270584 1.38767927885056 0.767927259206772 0.910254031419754 0.992021262645721 1.05356624722481 0.749162256717682 0.906544536352158 0.541792497038841 0.431261256337166 0.507183015346527 0.483923256397247 0.553900480270386 0.53429701924324 0.668707519769669 0.956254541873932 0.843008279800415 0.687252759933472 0.633443981409073 0.799033463001251 0.810258775949478 0.725236505270004 0.731582254171371 0.576170235872269 0.474920243024826 0.468636006116867 0.40666352212429 0.253546491265297 0.254033245146275 0.347856760025024 0.512761518359184 1.0738559961319 1.33453497290611 1.68958282470703 1.68625795841217 1.63824516534805 1.75528800487518 1.9909679889679 1.58109229803085 1.26899322867393 1.34733599424362 1.50845324993134 1.64597404003143 2.10564905405045 2.14999955892563 2.29841244220734 2.35087877511978
-9999 -9999 -9999 -9999 -9999 1.33616101741791 1.24188074469566 1.25769451260567 1.33518826961517 1.35085049271584 1.22510325908661 1.19419196248055 1.42786949872971 1.2442589700222 1.29378452897072 0.925034254789352 0.913313984870911 0.716868728399277 0.555417761206627 0.548417240381241 0.553891494870186 0.490535259246826 0.432472497224808 0.433804482221603 0.528235495090485 0.561808481812477 0.589374750852585 0.549929246306419 0.535623013973236 0.603461265563965 0.787345468997955 0.90541872382164 0.786779969930649 0.682325229048729 0.680088758468628 0.711951747536659 0.762935221195221 0.745021507143974 0.580862268805504 0.491378992795944 0.423235505819321 0.384450763463974 0.346950754523277 0.343593008816242 0.371964745223522 0.480857267975807 0.676043272018433 0.927058517932892 1.04014572501183 1.13486927747726 1.25596278905869 2.48146194219589 2.83071827888489 1.94063544273376 1.13718152046204 1.07835379242897 1.14379200339317 1.35146096348763 1.58333766460419 1.98861068487167 2.17009341716766 2.30028676986694
-9999 -9999 -9999 -9999 -9999 0.862889260053635 0.997824758291245 0.96269103884697 0.975958496332169 0.860729992389679 0.947634011507034 0.989768207073212 0.863270223140717 0.911321997642517 0.886128008365631 0.774086236953735 0.463936507701874 0.445183485746384 0.487577229738235 0.452640742063522 0.449448734521866 0.473525986075401 0.479853764176369 0.522848233580589 0.65192922949791 0.664856985211372 0.635539501905441 0.533889010548592 0.544808238744736 0.549268484115601 0.568247258663177 0.495995253324509 0.34935600310564 0.444118514657021 0.56657400727272 0.506203517317772 0.495398238301277 0.519507005810738 0.470619767904282 0.432036012411118 0.430992767214775 0.395091757178307 0.350581504404545 0.301325239241123 0.281094744801521 0.312323994934559 0.401310011744499 0.620122522115707 0.73345273733139 1.25150996446609 2.00062876939774 1.77543979883194 1.61522322893143 1.33750650286674 1.1120745241642 0.951670467853546 1.0235707461834 1.1119492650032 1.27645272016525 1.82333546876907 2.09095948934555 2.30282324552536
-9999 -9999 -9999 -9999 -9999 0.882623255252838 0.856382220983505 0.862032741308212 1.03748023509979 1.07204702496529 1.08410704135895 0.953513234853745 0.69600673019886 0.678563252091408 0.926434457302094 0.951729744672775 0.464473485946655 0.434618979692459 0.442649245262146 0.449968501925468 0.481016233563423 0.510803237557411 0.480554267764091 0.466534495353699 0.610799252986908 0.602300271391869 0.601667985320091 0.606650233268738 0.510352492332458 0.557040005922318 0.498246744275093 0.62745375931263 0.28753349930048 0.445502266287804 0.473689511418343 0.508209764957428 0.511861503124237 0.495198011398315 0.443368479609489 0.454152747988701 0.426540747284889 0.388184264302254 0.328445993363857 0.310189493000507 0.312913499772549 0.352933511137962 0.420594021677971 0.484370246529579 0.549941271543503 0.587360993027687 0.800177961587906 0.902456223964691 1.01246845722198 1.02450451254845 0.971813231706619 1.13437879085541 0.949456483125687 1.10645699501038 1.241634786129 1.35568571090698 2.13259041309357 2.39661741256714
