EcologicalScience/Bass/data/rs_data_bass/chl_63.asc
NCOLS 226 
NROWS 124 
XLLCORNER -9.41648524995501 
YLLCORNER 47.587301625531 
CELLSIZE 0.0833 
NODATA_value -9999 
[rows 0 to 27 of 124, columns 62 to 123 of 226]
-9999 -9999 -9999 -9999 -9999 -9999 -9999 -9999 -9999 -9999 -9999 -9999 -9999 -9999 -9999 -9999 -9999 -9999 -9999 -9999 -9999 -9999 -9999 -9999 -9999 -9999 -9999 -9999 -9999 -9999 -9999 -9999 -9999 -9999 -9999 -9999 -9999 -9999 -9999 -9999 -9999 -9999 -9999 -9999 -9999 -9999 -9999 -9999 -9999 -9999 -9999 -9999 -9999 -9999 -9999 -9999 -9999 -9999 -9999 -9999 -9999 -9999
-9999 -9999 -9999 -9999 -9999 -9999 -9999 -9999 -9999 -9999 -9999 -9999 -9999 -9999 -9999 -9999 -9999 -9999 -9999 -9999 -9999 -9999 -9999 -9999 -9999 -9999 -9999 -9999 -9999 -9999 -9999 -9999 -9999 -9999 -9999 -9999 -9999 -9999 -9999 -9999 -9999 -9999 -9999 -9999 -9999 -9999 -9999 -9999 -9999 -9999 -9999 -9999 -9999 -9999 -9999 -9999 -9999 -9999 -9999 -9999 -9999 -9999
-9999 -9999 -9999 -9999 -9999 -9999 -9999 -9999 -9999 -9999 -9999 -9999 -9999 -9999 -9999 -9999 -9999 -9999 -9999 -9999 -9999 -9999 -9999 -9999 -9999 -9999 -9999 -9999 -9999 -9999 -9999 -9999 -9999 -9999 -9999 -9999 -9999 -9999 -9999 -9999 -9999 -9999 -9999 -9999 -9999 -9999 -9999 -9999 -9999 -9999 -9999 -9999 -9999 -9999 -9999 -9999 -9999 -9999 -9999 -9999 -9999 -9999
-9999 -9999 -9999 -9999 -9999 -9999 -9999 -9999 -9999 -9999 -9999 -9999 -9999 -9999 -9999 -9999 -9999 -9999 -9999 -9999 -9999 -9999 -9999 -9999 -9999 -9999 -9999 -9999 -9999 -9999 -9999 -9999 -9999 -9999 -9999 -9999 -9999 -9999 -9999 -9999 -9999 -9999 -9999 -9999 -9999 -9999 -9999 -9999 -9999 -9999 -9999 -9999 -9999 -9999 -9999 -9999 -9999 -9999 -9999 -9999 -9999 -9999
-9999 -9999 -9999 -9999 -9999 -9999 -9999 -9999 -9999 -9999 -9999 -9999 -9999 -9999 -9999 -9999 -9999 -9999 -9999 -9999 -9999 -9999 -9999 -9999 -9999 -9999 -9999 -9999 -9999 -9999 -9999 -9999 -9999 -9999 -9999 -9999 -9999 -9999 -9999 -9999 -9999 -9999 -9999 -9999 -9999 -9999 -9999 -9999 -9999 -9999 -9999 -9999 -9999 -9999 -9999 -9999 -9999 -9999 -9999 -9999 -9999 -9999
-9999 -9999 -9999 -9999 -9999 -9999 -9999 -9999 -9999 -9999 -9999 -9999 -9999 -9999 -9999 -9999 -9999 -9999 -9999 -9999 -9999 -9999 -9999 -9999 -9999 -9999 -9999 -9999 0.63735419511795 -9999 1.02460500597954 0.994169980287552 0.658793270587921 0.67306199669838 0.431817770004272 0.410879999399185 0.469289258122444 0.533768981695175 0.651693731546402 0.818148761987686 0.814659744501114 0.795127540826797 0.795584231615067 0.776404470205307 1.17268350720406 1.53956544399261 1.349180996418 1.24786350131035 1.54699802398682 1.7823194861412 1.90726947784424 2.28091871738434 2.32667255401611 1.98471683263779 2.8342986702919 2.92000955343246 3.09192001819611 3.12363660335541 4.04426908493042 2.03916442394257 1.74749475717545 0.939335972070694
-9999 -9999 -9999 -9999 -9999 -9999 -9999 -9999 -9999 -9999 -9999 -9999 -9999 -9999 -9999 -9999 -9999 -9999 -9999 -9999 -9999 -9999 -9999 -9999 -9999 -9999 1.18186515569687 1.0627324283123 1.18308153748512 0.883356750011444 0.891771018505096 0.963485240936279 0.653206497430801 0.549132764339447 0.470354229211807 0.459701254963875 0.48191624879837 0.613965734839439 0.843861043453217 1.19619753956795 0.833069980144501 0.827145785093307 1.0562669634819 1.23251250386238 1.40399470925331 1.02944174408913 1.04884797334671 2.16403716802597 2.53776293992996 2.0933039188385 1.79658383131027 1.47964802384377 0.950729995965958 0.90448272228241 1.29870602488518 1.42979621887207 2.31040871143341 2.3986342549324 2.38793474435806 1.93086308240891 2.2790744304657 0.835348516702652
-9999 -9999 -9999 -9999 -9999 -9999 -9999 -9999 -9999 -9999 -9999 -9999 -9999 -9999 -9999 -9999 -9999 -9999 -9999 -9999 -9999 -9999 -9999 -9999 -9999 -9999 1.18186515569687 0.936702758073807 0.941819250583649 0.745868235826492 0.709623008966446 0.766022980213165 0.65660248696804 0.609015762805939 0.549618735909462 0.537643522024155 0.564697489142418 0.513706505298615 0.505241990089417 0.661734759807587 0.578705996274948 0.536476492881775 0.579963013529778 0.935968458652496 1.32128173112869 0.726157486438751 0.67271026968956 2.00779581069946 1.17434102296829 1.01091599464417 0.627073511481285 0.534607484936714 0.466798514127731 0.45220573246479 0.515195265412331 0.636605232954025 0.982313990592957 2.03269118070602 1.83440333604813 1.34687545895576 1.00941896438599 0.545813262462616
-9999 -9999 -9999 -9999 -9999 -9999 -9999 -9999 -9999 -9999 -9999 -9999 -9999 -9999 -9999 -9999 -9999 -9999 -9999 -9999 -9999 -9999 -9999 -9999 -9999 -9999 1.00912946462631 0.884768217802048 0.638018980622292 0.608382001519203 0.599981233477592 0.628256991505623 0.619944021105766 0.547166258096695 0.47172899544239 0.421638742089272 0.498864769935608 0.661960512399673 0.719534978270531 0.603876739740372 0.57956475019455 0.609071239829063 0.621795013546944 0.74956052005291 0.732869982719421 0.513542979955673 0.504627004265785 0.526076272130013 0.565193250775337 0.508201494812965 0.435323998332024 0.392755508422852 0.345224998891354 0.392975986003876 0.462632238864899 0.595458760857582 0.809689521789551 2.39665943384171 1.46000924706459 0.7904032766819 0.389221519231796 0.432141736149788
-9999 -9999 -9999 -9999 -9999 -9999 -9999 -9999 -9999 -9999 -9999 -9999 -9999 -9999 -9999 -9999 -9999 -9999 -9999 -9999 -9999 -9999 -9999 -9999 -9999 1.19121462106705 1.08477678894997 1.22075253725052 0.998878508806229 0.826360523700714 0.731983512639999 0.707899510860443 0.612200260162354 0.536237239837646 0.5261549949646 0.567924007773399 0.564231768250465 0.566632479429245 0.544457271695137 0.539580747485161 0.676268264651299 0.743993997573853 0.675519749522209 0.713822230696678 0.708482980728149 0.628416001796722 0.534107252955437 0.458234265446663 0.432410269975662 0.347937002778053 0.330626249313354 0.334616996347904 0.440327256917953 0.551442012190819 0.769581019878387 1.05956697463989 0.936345040798187 1.93943774700165 1.15231427550316 0.795236259698868 0.568632021546364 0.540050983428955
-9999 -9999 -9999 -9999 -9999 -9999 -9999 -9999 -9999 -9999 -9999 -9999 -9999 -9999 -9999 -9999 -9999 -9999 -9999 -9999 -9999 -9999 -9999 -9999 -9999 1.48424845933914 1.06459504365921 1.08435148000717 1.19496595859528 0.99966824054718 0.677423983812332 0.690251246094704 0.600319504737854 0.578170493245125 0.696804016828537 0.686596512794495 0.52387797832489 0.518995508551598 0.531178504228592 0.59969924390316 0.642159730195999 0.634296745061874 0.643980771303177 0.834980249404907 0.789349526166916 0.757326722145081 0.555720001459122 0.427737727761269 0.349280253052711 0.359098501503468 0.350365497171879 0.403313979506493 0.586454272270203 0.775969505310059 1.1956732571125 0.980901718139648 0.849430471658707 0.456740990281105 0.376785010099411 0.376361981034279 0.395301729440689 0.524601012468338
-9999 -9999 -9999 -9999 -9999 -9999 -9999 -9999 -9999 -9999 -9999 -9999 -9999 -9999 -9999 -9999 -9999 -9999 -9999 -9999 -9999 -9999 -9999 -9999 1.31647038459778 4.57975888252258 1.81631630659103 1.35115501284599 1.36689153313637 1.24276050925255 1.27285346388817 0.943795502185822 1.16056045889854 1.44271722435951 0.884572505950928 0.581343770027161 0.496064230799675 0.494237244129181 0.544130265712738 0.535713762044907 0.511527746915817 0.674792245030403 0.696387737989426 0.767257511615753 0.87356024980545 0.781819492578506 0.422061011195183 0.369848258793354 0.36243150383234 0.372575260698795 0.423186734318733 0.503860518336296 0.667483493685722 0.772569000720978 0.791202753782272 0.849360734224319 0.635420992970467 0.56632424890995 0.528857991099358 0.401928752660751 0.741858020424843 1.15381497144699
-9999 -9999 -9999 -9999 -9999 -9999 -9999 -9999 -9999 -9999 -9999 -9999 -9999 -9999 -9999 -9999 -9999 -9999 -9999 -9999 -9999 -9999 -9999 1.50594073534012 12.0201845169067 4.1609491109848 2.02106183767319 1.25339099764824 1.3276230096817 1.26509848237038 1.1408317387104 1.33784472942352 1.35271275043488 1.03334999084473 0.890544712543488 0.655592992901802 0.677342265844345 0.701890513300896 0.746732264757156 0.649616986513138 0.784486502408981 0.817892253398895 0.87729674577713 0.990434288978577 0.837330758571625 0.701390236616135 0.505811244249344 0.477786004543304 0.416169002652168 0.429929986596107 0.466849520802498 0.612565487623215 0.729443237185478 0.859359741210938 0.96884098649025 0.521909236907959 0.338474996387959 0.310880251228809 0.326219245791435 0.417988479137421 1.30391773581505 1.87300354242325
-9999 -9999 -9999 -9999 -9999 -9999 -9999 -9999 -9999 -9999 -9999 -9999 -9999 -9999 -9999 -9999 -9999 -9999 -9999 -9999 -9999 -9999 17.2073192596436 32.1045684814453 15.885974407196 3.02014517784119 1.99460327625275 1.86260998249054 1.5452669262886 1.57098823785782 1.4120377600193 1.35540229082108 1.30556997656822 1.05180376768112 1.04633250832558 1.06160026788712 1.07501846551895 1.09887224435806 1.02005776762962 1.14538049697876 1.10592824220657 0.933669716119766 0.85172027349472 0.954179227352142 0.748797744512558 0.657533258199692 0.583967998623848 0.536239519715309 0.527420997619629 0.627783760428429 0.652527004480362 0.729220479726791 1.02729973196983 1.15300199389458 0.857387959957123 0.599930986762047 0.572982743382454 0.927684724330902 2.04294669628143 1.81219124794006 1.85654997825623 2.36884653568268
-9999 -9999 -9999 -9999 -9999 -9999 -9999 -9999 -9999 -9999 -9999 -9999 -9999 -9999 -9999 -9999 -9999 -9999 -9999 -9999 2.64602583646774 2.12061101740057 6.62954378128052 10.9268860816956 9.89805150032043 3.90722787380219 2.35098677873611 2.12498778104782 1.72718918323517 1.52775532007217 1.69784098863602 1.64667516946793 1.0820144712925 0.771876007318497 1.24808245897293 1.31741550564766 1.08108821511269 1.17590779066086 1.14617478847504 1.12170901894569 1.00191977620125 0.808487981557846 0.667442992329597 0.753996044397354 0.68674573302269 0.631817981600761 0.686517745256424 0.598795518279076 0.720914259552956 1.20132520794868 1.12536147236824 0.939429759979248 1.13551273941994 1.85864996910095 1.92499423027039 1.59140092134476 1.43368721008301 1.21976628899574 1.34288549423218 1.81002295017242 1.73975175619125 2.04620397090912
-9999 -9999 -9999 -9999 -9999 -9999 -9999 -9999 -9999 -9999 -9999 -9999 -9999 -9999 -9999 -9999 -9999 -9999 -9999 -9999 -9999 4.07728258201054 4.15023529529572 3.1549186706543 3.7764208316803 3.77466058731079 2.45073223114014 2.80877923965454 2.53149604797363 2.21768027544022 2.01355791091919 2.09605193138123 2.86538779735565 2.03140658140182 2.24340444803238 1.40190526843071 1.17397275567055 1.06406924128532 0.989685773849487 0.819882720708847 0.844182014465332 0.667594492435455 0.483345732092857 0.416475757956505 0.489161252975464 0.564918771386147 1.09516721963882 1.17346796393394 1.15384796261787 1.48605599999428 1.70830947160721 1.13751304149628 0.933290272951126 1.93515980243683 2.48519843816757 2.26051872968674 1.940414249897 1.81257748603821 1.72703468799591 1.84481102228165 1.70901381969452 3.99812865257263
-9999 -9999 -9999 -9999 -9999 -9999 -9999 -9999 -9999 -9999 -9999 -9999 -9999 -9999 -9999 -9999 -9999 -9999 -9999 18.6413011550903 8.37870240211487 2.80213433504105 2.35456341505051 2.16453677415848 2.22233408689499 1.75533145666122 2.63340532779694 3.90828466415405 3.37152814865112 3.24021828174591 2.82203632593155 2.13459903001785 2.61565947532654 1.99302899837494 1.79790222644806 1.31550970673561 1.22184070944786 1.00592851638794 0.640474498271942 0.538137763738632 0.519800260663033 0.450693011283875 0.390782251954079 0.359716504812241 0.398432269692421 0.590382769703865 1.42325547337532 1.10487073659897 1.24101904034615 1.34130746126175 0.941174983978271 0.938367784023285 0.96313351392746 1.40260577201843 1.76721382141113 2.5452321767807 2.81994080543518 2.54502832889557 2.58898794651031 2.55998092889786 2.36968052387238 2.31264227628708
-9999 -9999 -9999 -9999 -9999 -9999 -9999 -9999 -9999 -9999 -9999 -9999 -9999 -9999 -9999 -9999 -9999 -9999 19.0556073188782 11.8854825496674 6.72956156730652 2.73013722896576 1.5440474152565 1.09029749035835 1.00068747997284 0.976842731237411 0.89819473028183 1.85979080200195 2.77513808012009 2.54234558343887 1.18502023816109 1.30578598380089 2.25056773424149 2.52759593725204 2.69627398252487 2.10650092363358 1.36398223042488 0.922197729349136 0.656342267990112 0.549170985817909 0.513612762093544 0.44462625682354 0.41654098033905 0.505112260580063 1.04296052455902 1.47128248214722 1.37103822827339 0.804793506860733 0.676146760582924 0.653148740530014 0.578452482819557 0.623949766159058 0.676164016127586 0.901322990655899 1.21285799145699 2.69711619615555 1.48286551237106 1.67856681346893 2.04416102170944 2.31933671236038 2.71745020151138 2.99957174062729
-9999 -9999 -9999 -9999 -9999 -9999 -9999 -9999 -9999 -9999 -9999 -9999 -9999 -9999 -9999 -9999 -9999 4.55124314534182 37.8712692260742 26.3673763275146 14.2003455162048 8.0254054069519 4.92017090320587 1.66636794805527 1.43260797858238 1.66861045360565 1.48445248603821 1.21664401888847 0.770831286907196 0.948975741863251 1.02066001296043 0.939070522785187 1.1456692814827 1.73290872573853 1.70644730329514 1.31521502137184 1.11177304387093 0.924705773591995 1.18819123506546 0.715643987059593 0.581518515944481 0.4831702709198 0.444121509790421 0.551759988069534 0.949349284172058 1.60859477519989 1.45064324140549 0.971624225378036 0.766737788915634 0.614332482218742 0.569452509284019 0.554577738046646 0.570830270648003 0.610170006752014 0.482039228081703 0.50043149292469 1.22735399007797 1.65342003107071 1.45961701869965 1.88282257318497 2.34743392467499 2.33127218484879
-9999 -9999 -9999 -9999 -9999 -9999 -9999 -9999 -9999 -9999 -9999 -9999 -9999 -9999 -9999 -9999 -9999 -9999 -9999 26.1081161499023 15.650562286377 11.1842379570007 8.90815615653992 5.88648068904877 3.85442233085632 2.67200696468353 2.27589976787567 1.65848028659821 0.84467402100563 0.981516033411026 1.1054467856884 0.950309962034225 1.000145226717 1.11441153287888 1.30611974000931 1.41773700714111 1.31613376736641 0.698565736413002 0.674113512039185 0.725699231028557 0.665792986750603 0.555233985185623 0.489570021629333 0.589368000626564 0.870468735694885 1.16443651914597 1.58232897520065 1.2943642437458 0.813691467046738 0.601574242115021 0.379214242100716 0.401847749948502 0.456521987915039 0.451448231935501 2.38014668226242 1.83067953586578 1.05871573090553 3.22431671619415 5.29687786102295 4.17508506774902 5.1766072511673 4.66004848480225
-9999 -9999 -9999 -9999 -9999 -9999 -9999 -9999 -9999 -9999 -9999 -9999 -9999 -9999 -9999 5.35236668586731 13.8141589164734 19.1151252893301 40.3578672409058 26.2672662734985 9.556401014328 18.796229839325 16.1198844909668 11.2386481761932 6.19490504264832 5.51775884628296 3.24845266342163 2.40431320667267 0.85134145617485 0.617883011698723 0.601022243499756 0.742924511432648 0.756958544254303 0.77978253364563 0.870732039213181 0.992526769638062 1.05798223614693 0.866590529680252 0.698139756917953 0.58381949365139 0.551055729389191 0.598195508122444 0.692273989319801 0.716465994715691 0.653419509530067 0.992196768522263 1.5037642121315 0.501194268465042 0.403613984584808 0.569551482796669 0.673094987869263 0.838073283433914 0.770950466394424 0.555997520685196 2.13501298427582 2.10651218891144 3.60376739501953 1.79832673072815 3.40895783901215 4.36563670635223 3.3003705739975 4.08273446559906
-9999 -9999 -9999 -9999 -9999 -9999 -9999 -9999 -9999 -9999 35.2986888885498 35.2986888885498 13.7248649597168 14.3693667054176 45.4204187393188 43.9284324645996 53.8231315612793 40.2207298278809 21.6616101264954 18.8486166000366 12.8867139816284 18.6599006652832 18.9520168304443 11.5971565246582 8.26406335830688 3.18019115924835 6.28613376617432 4.38187193870544 2.28542393445969 0.861583471298218 0.695228978991508 0.646789491176605 0.672766506671906 0.659841746091843 0.937545776367188 1.19267776608467 1.14071175456047 0.793605029582977 0.85570353269577 0.607992768287659 0.637703999876976 0.645115479826927 0.511773750185966 0.434473514556885 0.378674983978271 0.80207696557045 0.44513475894928 0.560701489448547 1.01423245668411 1.23859047889709 1.69173216819763 1.43191578984261 0.998429238796234 1.35454121232033 3.01071166992188 3.14158880710602 2.71767371892929 3.88210272789001 2.98065966367722 5.73783910274506 3.31837964057922 3.24700891971588
-9999 -9999 -9999 -9999 -9999 -9999 -9999 -9999 -9999 -9999 35.2986888885498 22.0473324230739 9.93999195098877 48.0747413635254 36.9282217025757 55.5370502471924 44.6160821914673 10.8702916502953 9.58550796591409 3.30321540151324 16.7014793157578 18.641649723053 48.2325897216797 21.4485411643982 6.60440969467163 6.57446193695068 4.63163924217224 1.06077298521996 4.461794257164 4.26790344715118 0.616454243659973 0.579647988080978 0.560933232307434 0.583116754889488 0.929326504468918 1.13384100794792 1.18805623054504 1.1901082098484 0.854152500629425 0.762432754039764 0.722060233354568 0.630668252706528 0.441798761487007 0.402338996529579 0.498099759221077 0.636752262711525 0.683025732636452 0.616745978593826 1.04573777318001 1.49904450774193 1.28556078672409 2.30047881603241 4.85085582733154 0.52632674574852 0.430038750171661 0.529419735074043 0.637076988816261 0.636075764894485 5.83866691589355 5.60401797294617 2.5213440656662 1.06555053591728
-9999 -9999 -9999 -9999 -9999 -9999 -9999 -9999 -9999 -9999 -9999 -9999 -9999 10.8426475524902 11.5495094060898 11.2420004265649 -9999 -9999 -9999 -9999 -9999 -9999 19.9295537812369 41.606183052063 5.63981688022614 1.82365053892136 3.75339317321777 6.94744348526001 2.5506180524826 2.87509274482727 0.779886782169342 0.613985985517502 0.594239249825478 0.598701015114784 0.685044005513191 0.785913705825806 0.749957978725433 0.802830040454865 1.14782398939133 1.46682670712471 1.73711854219437 2.01963526010513 2.39793294668198 1.15242826938629 0.442510485649109 0.372011259198189 0.434144988656044 0.779856741428375 1.16874378919601 1.9865745306015 1.21630650758743 0.936055541038513 0.833248525857925 0.563910752534866 0.455491483211517 0.4765754789114 0.489187493920326 0.568176761269569 0.779093205928802 1.23325949907303 1.19304898381233 0.707177236676216
-9999 -9999 -9999 -9999 -9999 -9999 -9999 -9999 -9999 -9999 -9999 -9999 -9999 16.6274771690369 16.6274771690369 16.6274771690369 -9999 -9999 -9999 -9999 -9999 -9999 4.94490551948547 4.94490551948547 4.94490551948547 0.308659605681896 2.03531098365784 2.56349033117294 2.60066932439804 2.20817917585373 1.17690449953079 1.57707595825195 1.58363842964172 1.15181475877762 0.871990531682968 0.716090261936188 0.66133725643158 0.815348267555237 0.832940250635147 1.35405823588371 1.25631979107857 1.25570628046989 0.948603004217148 3.19851744174957 3.18829786777496 0.723534017801285 0.473408997058868 0.556736245751381 0.54924376308918 0.911603271961212 1.23482170701027 1.15581375360489 0.842248499393463 0.633226498961449 0.545660242438316 1.06963276863098 0.953825980424881 0.925016283988953 0.993465721607208 1.15170827507973 1.19984248280525 0.870460510253906
-9999 -9999 -9999 -9999 -9999 -9999 -9999 -9999 -9999 -9999 -9999 -9999 -9999 -9999 -9999 -9999 -9999 -9999 -9999 -9999 -9999 -9999 -9999 -9999 -9999 -9999 7.97458600296694 5.66956722736359 4.72718489170074 3.93055737018585 3.0250164270401 2.00940066576004 1.6246680021286 1.63468354940414 2.14544481039047 1.02333596348763 0.827437520027161 0.745979234576225 0.79098978638649 0.56156699359417 0.670299768447876 0.651678755879402 1.03428974747658 1.828353703022 1.48784396052361 1.04296427965164 1.10178378224373 1.18750727176666 0.780267745256424 0.683634012937546 0.726749986410141 0.75009897351265 0.718151986598969 0.602911502122879 0.581051990389824 0.880955994129181 0.800025790929794 0.786335974931717 0.884406745433807 0.985416769981384 1.14025497436523 1.15598246455193
-9999 -9999 -9999 -9999 -9999 -9999 -9999 -9999 -9999 -9999 -9999 -9999 -9999 -9999 -9999 -9999 -9999 -9999 -9999 -9999 -9999 -9999 -9999 -9999 -9999 -9999 -9999 2.80308383703232 6.23833179473877 3.96695244312286 36.0987281799316 15.034595489502 13.1483030319214 8.68740463256836 3.15916872024536 1.90875971317291 1.94328224658966 1.45936721563339 1.1132504940033 0.50196897983551 0.523057490587234 0.530648991465569 0.994850993156433 2.02182966470718 1.34651246666908 1.36509302258492 1.3996214568615 0.919784992933273 0.872067779302597 0.685865253210068 0.637487232685089 0.722009271383286 0.723489761352539 0.686296507716179 0.649086758494377 1.10850298404694 1.02400195598602 0.887943774461746 1.03052178025246 0.853787988424301 0.934223234653473 1.04184374213219
-9999 -9999 -9999 -9999 -9999 -9999 -9999 -9999 -9999 -9999 -9999 -9999 -9999 -9999 -9999 -9999 -9999 -9999 -9999 -9999 -9999 -9999 -9999 -9999 -9999 -9999 -9999 -9999 -9999 -9999 9.50091319084167 2.96163529157639 3.97379386425018 12.752453327179 6.10719180107117 1.88756257295609 1.0439835190773 0.927425980567932 0.88341897726059 0.575369238853455 0.658835247159004 0.636150732636452 0.835698008537292 0.970600515604019 1.06447729468346 0.921908229589462 0.922866761684418 0.778930485248566 0.69080476462841 0.850720524787903 0.815943002700806 0.713392496109009 0.712676256895065 0.733793243765831 0.747657760977745 1.01760300993919 1.12481099367142 0.97141420841217 1.09335297346115 1.01246023178101 0.892118275165558 0.9154132604599
