EcologicalScience/Bass/data/rs_data_bass/chl_291.asc
NCOLS 226 
NROWS 124 
XLLCORNER -9.41648524995501 
YLLCORNER 47.587301625531 
CELLSIZE 0.0833 
NODATA_value -9999 
[rows 54 to 80 of 124, columns 0 to 61 of 226]
-9999 -9999 -9999 -9999 -9999 -9999 -9999 -9999 -9999 -9999 -9999 -9999 -9999 -9999 -9999 -9999 -9999 -9999 -9999 -9999 -9999 -9999 -9999 -9999 -9999 -9999 -9999 -9999 -9999 -9999 -9999 -9999 -9999 -9999 -9999 -9999 -9999 -9999 5.09399420830358 12.9782558441162 4.98955190181732 5.305748462677 3.95059651136398 2.85862728953362 2.42614424228668 1.74089285731316 1.58384209871292 1.37067975103855 1.0911041200161 1.09050227701664 1.10112074017525 1.09406854212284 1.27969761192799 1.5531300008297 2.08876043558121 2.53003191947937 2.44594806432724 2.84425047039986 -9999 0.607058599591255 0.62790758907795 2.14579922738283
-9999 -9999 -9999 -9999 -9999 -9999 -9999 -9999 -9999 -9999 -9999 -9999 -9999 -9999 -9999 -9999 -9999 -9999 -9999 -9999 -9999 -9999 -9999 -9999 -9999 -9999 -9999 -9999 -9999 -9999 -9999 -9999 -9999 -9999 -9999 -9999 -9999 -9999 -9999 6.65272414684296 14.2556215524673 9.03792822360992 4.82331401109695 3.75877569615841 2.21350912749767 1.62204864621162 1.38495866954327 1.13779199123383 1.35130687057972 0.93783675134182 0.947889760136604 1.07237246632576 1.44000037014484 1.99791187047958 2.25146475434303 2.34840300679207 2.66798695921898 2.43479025363922 -9999 -9999 -9999 -9999
-9999 -9999 -9999 -9999 -9999 -9999 -9999 -9999 -9999 -9999 -9999 -9999 -9999 -9999 -9999 -9999 -9999 -9999 -9999 -9999 -9999 -9999 -9999 -9999 -9999 -9999 -9999 -9999 -9999 -9999 -9999 -9999 -9999 -9999 -9999 -9999 -9999 -9999 -9999 -9999 4.91510987281799 11.2375266551971 6.45857816934586 4.6121381521225 3.4471247792244 1.80295166373253 1.74439573287964 1.5635227560997 1.32440400123596 1.19209349155426 1.00697998702526 1.31733186542988 1.73854270577431 2.01838874816895 2.13989174365997 1.93321314454079 2.11825463175774 2.12156438827515 2.50761070847511 -9999 -9999 -9999
-9999 -9999 -9999 -9999 -9999 -9999 -9999 -9999 -9999 -9999 -9999 -9999 -9999 -9999 -9999 -9999 -9999 -9999 -9999 -9999 -9999 -9999 -9999 -9999 -9999 -9999 -9999 -9999 -9999 -9999 -9999 -9999 -9999 -9999 -9999 -9999 -9999 -9999 -9999 -9999 4.38748875260353 7.91702538728714 5.57870417833328 3.75240862369537 1.71834826469421 2.14388331770897 1.83080738782883 1.83614739775658 1.58900664746761 1.41890099644661 1.01452799141407 1.2449546456337 1.54366721212864 1.674441665411 1.73996552824974 1.46658034622669 1.60050147771835 2.15818423032761 2.55504494905472 3.17288240790367 2.25282217562199 -9999
-9999 -9999 -9999 -9999 -9999 -9999 -9999 -9999 -9999 -9999 -9999 -9999 -9999 -9999 -9999 -9999 -9999 -9999 -9999 -9999 -9999 -9999 -9999 -9999 -9999 -9999 -9999 -9999 -9999 -9999 -9999 -9999 -9999 -9999 -9999 -9999 -9999 -9999 -9999 -9999 -9999 17.7687104344368 5.93468499183655 1.72870945930481 1.78598767518997 1.67390692234039 2.00305536389351 1.88392093777657 1.84226730465889 1.45284113287926 1.09701861441135 1.12327198684216 1.28738549351692 1.45176637172699 1.50899438560009 1.43318773806095 1.72494256496429 2.10597038269043 2.85665398836136 3.31944787502289 4.08899930119514 -9999
-9999 -9999 -9999 -9999 -9999 -9999 -9999 -9999 -9999 -9999 -9999 -9999 -9999 -9999 -9999 -9999 -9999 -9999 -9999 -9999 -9999 -9999 -9999 -9999 -9999 -9999 -9999 -9999 -9999 -9999 -9999 -9999 -9999 -9999 -9999 -9999 -9999 -9999 -9999 -9999 -9999 3.03465780615807 4.27741241455078 3.32339215278625 2.34707441926003 2.07292726635933 2.03233578801155 1.74288082122803 1.67749759554863 1.2924131155014 1.14231298863888 1.20373763144016 1.3606263846159 1.49707232415676 1.66005523502827 1.76807695627213 1.87639984488487 2.29633730649948 2.64295014739037 1.58668002757159 -9999 -9999
-9999 -9999 -9999 -9999 -9999 -9999 -9999 -9999 -9999 -9999 -9999 -9999 -9999 -9999 -9999 -9999 -9999 -9999 -9999 -9999 -9999 -9999 -9999 -9999 -9999 -9999 -9999 -9999 -9999 -9999 -9999 -9999 -9999 -9999 -9999 -9999 -9999 -9999 -9999 -9999 3.14362263679504 3.00586116313934 2.72843545675278 1.9265842884779 1.75672164559364 1.68520241975784 1.62332475185394 1.6736988723278 1.66683831810951 1.55238264799118 1.42614224553108 1.36632750928402 1.34800609946251 1.51384051144123 1.63412439823151 1.82372733950615 1.96354159712791 -9999 -9999 2.74558802694082 3.02578926086426 3.66752147674561
-9999 -9999 -9999 -9999 -9999 -9999 -9999 -9999 -9999 -9999 -9999 -9999 -9999 -9999 -9999 -9999 -9999 -9999 -9999 -9999 -9999 -9999 -9999 -9999 -9999 -9999 -9999 -9999 -9999 -9999 -9999 -9999 -9999 -9999 -9999 -9999 -9999 -9999 -9999 3.19214433431625 3.33061945438385 3.04617762565613 3.01496922969818 1.97457030415535 1.67143982648849 1.59706655144691 1.69759574532509 1.65770253539085 1.70238107442856 1.41978299617767 1.24933312833309 1.19477400183678 1.26800514757633 1.45455189049244 1.62948489189148 2.0102823972702 2.08420050144196 1.78885647654533 2.27130863070488 2.23551785945892 2.31647774577141 2.28361800312996
-9999 -9999 -9999 -9999 -9999 -9999 -9999 -9999 -9999 -9999 -9999 -9999 -9999 -9999 -9999 -9999 -9999 -9999 -9999 -9999 -9999 -9999 -9999 -9999 -9999 -9999 -9999 -9999 -9999 -9999 -9999 -9999 -9999 -9999 -9999 -9999 -9999 -9999 -9999 4.38105171918869 2.85985869169235 2.58755519986153 2.00396999716759 1.7835975587368 1.52420398592949 1.62725552916527 1.70945057272911 1.55110314488411 1.54390087723732 0.953538402915001 0.907352596521378 1.02081035077572 1.30558235943317 1.56276860833168 1.56721575558186 1.6089862883091 1.58231922984123 1.53198601305485 1.60215559601784 1.82422833144665 1.77599586546421 2.1491362452507
-9999 -9999 -9999 -9999 -9999 -9999 -9999 -9999 -9999 -9999 -9999 -9999 -9999 -9999 -9999 -9999 -9999 -9999 -9999 -9999 -9999 -9999 -9999 -9999 -9999 -9999 -9999 -9999 -9999 -9999 -9999 -9999 -9999 -9999 -9999 -9999 -9999 -9999 4.56552574038506 4.28282028436661 3.47419077157974 2.27892673015594 1.64950047433376 1.3988688737154 1.33639200031757 1.50536285340786 1.37003736197948 1.23032176494598 1.16573475301266 0.904932394623756 0.933415487408638 1.23141896724701 1.55164316296577 1.67976862192154 1.58924880623817 1.45005378127098 1.32617698609829 1.35725359618664 1.47587741911411 1.69621610641479 1.78374181687832 2.2491562217474
-9999 -9999 -9999 -9999 -9999 -9999 -9999 -9999 -9999 -9999 -9999 -9999 -9999 -9999 -9999 -9999 -9999 -9999 -9999 -9999 -9999 -9999 -9999 -9999 -9999 -9999 -9999 -9999 -9999 -9999 -9999 -9999 -9999 -9999 -9999 -9999 -9999 -9999 4.29923737049103 4.12430387735367 3.23622491955757 1.86042934656143 1.45466923713684 1.30150236189365 1.29306225478649 1.31617574393749 1.19041496515274 1.03394213318825 0.8991918861866 0.819015763700008 1.06247435510159 1.27690538764 1.47662477195263 1.63748958706856 1.67663437128067 1.61666026711464 1.79667001962662 1.78133699297905 1.67737278342247 1.68505534529686 1.58871299028397 1.78734934329987
-9999 -9999 -9999 -9999 -9999 -9999 -9999 -9999 -9999 -9999 -9999 -9999 -9999 -9999 -9999 -9999 -9999 -9999 -9999 -9999 -9999 -9999 -9999 -9999 -9999 -9999 -9999 -9999 -9999 -9999 -9999 -9999 -9999 -9999 -9999 -9999 -9999 3.17893384999417 4.48175704479218 3.63002318143845 2.99476155638695 2.10240188241005 1.38501414656639 1.14773811399937 1.0771668702364 1.03583098948002 0.971712738275528 0.895213142037392 0.889615103602409 0.875164523720741 0.92045322060585 1.19269233942032 1.23887586593628 1.37379938364029 1.53327190876007 1.75475138425827 2.44341413676739 2.07581587135792 1.7199060022831 1.56028161942959 1.55941200256348 1.98764777183533
-9999 -9999 -9999 -9999 -9999 -9999 -9999 -9999 -9999 -9999 -9999 -9999 -9999 -9999 -9999 -9999 -9999 -9999 -9999 -9999 -9999 -9999 -9999 -9999 -9999 -9999 -9999 -9999 -9999 -9999 -9999 -9999 -9999 -9999 -9999 -9999 -9999 6.71839213371277 5.33150911331177 4.15211856365204 3.80657029151917 3.29492622613907 2.29254940152168 1.11253237724304 0.918326273560524 0.837803274393082 0.774939738214016 0.808201119303703 0.910420507192612 0.983066260814667 1.10460712015629 1.18084309995174 1.22127114236355 1.27244697511196 1.39141608774662 1.36960199475288 1.73419837653637 1.4944349527359 1.36196359992027 1.44416476786137 1.6552432179451 1.66366499662399
-9999 -9999 -9999 -9999 -9999 -9999 -9999 -9999 -9999 -9999 -9999 -9999 -9999 -9999 -9999 -9999 -9999 -9999 -9999 -9999 -9999 -9999 -9999 -9999 -9999 -9999 -9999 -9999 -9999 -9999 -9999 -9999 -9999 -9999 -9999 -9999 5.53965979814529 12.009946346283 0.782313734292984 0.472862988710403 3.41050958633423 2.39111995697021 1.34435547888279 0.94665639102459 0.739728346467018 0.710006609559059 0.725790359079838 0.844015493988991 0.928866013884544 1.00274589657784 1.11123338341713 1.23609521985054 1.41081784665585 1.44317096471786 1.45920905470848 1.47434516251087 1.41527174413204 1.58627025783062 1.58180701732635 1.33867201209068 1.48667246103287 1.73660320043564
-9999 -9999 -9999 -9999 -9999 -9999 -9999 -9999 -9999 -9999 -9999 -9999 -9999 -9999 -9999 -9999 -9999 -9999 -9999 -9999 -9999 -9999 -9999 -9999 -9999 -9999 -9999 -9999 -9999 -9999 -9999 0.751526266336441 1.19555594921112 -9999 2.10493344068527 2.58474607765675 2.21774148089545 1.21714201569557 1.04882025718689 0.770135968923569 0.513897746801376 1.12382774055004 0.899272888898849 0.819211140275002 0.767002500593662 0.751936130225658 0.763792477548122 0.840737253427505 0.923375621438026 1.06679852306843 1.22659876942635 1.34479013085365 1.47648037970066 1.58074951171875 1.54962109029293 1.59473137557507 1.75295814871788 1.90645042061806 2.11493700742722 1.26899403333664 1.51958477497101 1.74154955148697
-9999 -9999 -9999 -9999 -9999 -9999 -9999 -9999 -9999 -9999 -9999 -9999 -9999 -9999 -9999 -9999 -9999 -9999 -9999 -9999 -9999 -9999 0.346259817481041 3.1384993493557 3.5497512370348 2.30891740322113 3.45766346901655 19.1870770454407 2.76266777515411 2.29164004325867 2.09322452545166 8.79102683067322 39.3938455581665 23.6789774894714 18.9413938522339 39.0506458282471 6.80197048187256 2.55389624834061 0.637081503868103 0.765105754137039 0.768851280212402 0.85809675604105 0.765482649207115 0.73946025967598 0.783310130238533 0.87143249809742 0.979575008153915 1.09377188980579 1.20473138988018 1.36567273736 1.47699299454689 1.60878677666187 1.76835563778877 1.9094328135252 2.07990083098412 2.04224583506584 2.30562302470207 2.37432110309601 5.11734862187329 -9999 -9999 -9999
-9999 -9999 -9999 -9999 -9999 -9999 -9999 -9999 -9999 -9999 -9999 -9999 -9999 -9999 -9999 -9999 -9999 -9999 -9999 -9999 -9999 -9999 7.80785822868347 17.5799600109458 2.41034317016602 1.00752452015877 0.547598227858543 6.89066934585571 9.77706813812256 19.2489438056946 2.69499152898788 6.35438930988312 16.3475260734558 17.9217524528503 10.1769876480103 6.06640577316284 10.6755766868591 3.97547113895416 1.35128697752953 0.821986466646194 0.750462770462036 0.809294253587723 0.922451242804527 0.873301863670349 0.877679251134396 0.96511946618557 1.32099638879299 1.51017111539841 1.56075449287891 1.57277776300907 1.68464398384094 1.73172225058079 1.88673904538155 2.11399841308594 2.4654521048069 -9999 -9999 -9999 -9999 -9999 -9999 -9999
-9999 -9999 -9999 -9999 -9999 -9999 -9999 -9999 -9999 -9999 -9999 -9999 -9999 -9999 -9999 -9999 -9999 -9999 -9999 2.58572699931952 3.37220927327871 19.9927294254303 0.619607269763947 0.569585233926773 0.403852477669716 1.04376304149628 1.06707072257996 1.72435194253922 2.35928177833557 7.81492638587952 10.107715845108 5.70359086990356 4.39740908145905 6.4061758518219 8.46063780784607 6.90911722183228 6.69450259208679 4.49618482589722 1.59725546836853 2.51815125346184 1.74548698961735 1.92329467087984 1.1645445227623 1.156428784132 1.02461323142052 0.946883261203766 1.48408126831055 1.54179972410202 1.54108732938766 1.67641952633858 1.79207807779312 -9999 -9999 -9999 -9999 -9999 -9999 -9999 -9999 -9999 -9999 -9999
-9999 -9999 -9999 -9999 -9999 -9999 -9999 -9999 -9999 -9999 -9999 -9999 -9999 -9999 -9999 -9999 -9999 13.0655888557434 15.5229131281376 1.61814004182816 1.62533622980118 0.928282499313354 0.424796238541603 0.523565992712975 0.745148241519928 3.27545928955078 4.71374237537384 3.72798371315002 3.50810551643372 4.55434513092041 6.26330637931824 14.0813727378845 9.58125901222229 4.64510929584503 2.94355344772339 5.75312983989716 3.526047706604 3.83887052536011 6.54824410378933 7.19731973111629 46.2346830368042 4.7396157681942 1.34349828958511 0.818821460008621 1.08401021361351 1.07755422592163 1.62260363996029 1.55592370033264 1.79778072237968 1.64234311580658 4.46283502578735 -9999 -9999 -9999 -9999 -9999 -9999 -9999 -9999 -9999 -9999 -9999
-9999 -9999 -9999 -9999 -9999 -9999 -9999 -9999 -9999 -9999 -9999 -9999 -9999 -9999 1.17534899711609 1.23491853475571 0.856009483337402 0.959157764911652 0.908772021532059 1.0901865363121 1.09901323914528 0.997153490781784 0.576916515827179 1.1280862390995 1.36589553952217 1.24005076289177 1.74761170148849 2.27130675315857 1.99457627534866 1.51247924566269 4.45534801483154 5.36147689819336 7.08190727233887 2.73169720172882 1.82353055477142 4.16215360164642 3.12245321273804 5.40213882923126 19.342643737793 5.53892111778259 9.22409176826477 3.37740218639374 2.04394644498825 0.807547509670258 0.978827208280563 1.27876728773117 1.38243153691292 1.74298721551895 1.69341565668583 2.15079188346863 5.98442378640175 19.4490415602922 -9999 -9999 -9999 -9999 -9999 -9999 -9999 -9999 -9999 -9999
-9999 -9999 -9999 -9999 -9999 -9999 -9999 -9999 -9999 -9999 -9999 1.00287563677715 11.4104023575783 28.6233544945717 0.747232496738434 3.94665670394897 1.25074803829193 2.29190325737 1.33916848897934 0.988294512033463 0.978952467441559 1.08670797944069 1.02516004443169 0.623803496360779 1.5790057182312 1.07148000597954 0.890575468540192 1.73698353767395 3.16778612136841 4.44196665287018 2.28432977199554 3.20103371143341 3.64261722564697 1.15246948599815 1.42861425876617 1.20399749279022 2.35193932056427 3.74217081069946 4.75196921825409 5.69113433361053 4.7955082654953 1.08391499519348 7.88951683044434 4.19717574119568 1.58757966756821 1.39280399680138 1.44974398612976 1.57541066408157 1.59434585273266 1.50655460357666 1.27560451626778 -9999 -9999 -9999 -9999 -9999 6.79039900344472 15.9347190856934 17.4310698509216 15.0366137623787 10.5468417406082 -9999
-9999 -9999 -9999 -9999 -9999 -9999 -9999 -9999 -9999 33.1636784076691 12.9454936981201 12.0773337855935 1.71344321966171 2.25846898555756 1.58198922872543 1.34506872296333 1.39627799391747 1.12402045726776 1.01606771349907 1.02189454436302 0.9752137362957 0.81719246506691 0.718989014625549 0.657902240753174 0.775749027729034 0.68292447924614 0.6445282548666 0.827897250652313 1.14342597126961 0.896386474370956 1.00675570964813 0.806798994541168 0.69903601706028 0.852858781814575 0.772644728422165 0.838775217533112 1.8838073015213 2.2563584446907 2.97296923398972 3.1370587348938 4.10824191570282 4.68290358781815 4.38147711753845 2.59039887785912 1.59872245788574 1.34854911267757 2.84630405902863 2.27928078174591 1.53198453783989 1.56613428890705 1.36986078321934 1.29731199145317 1.698730006814 5.95836488953952 2.68854457139969 2.42558473348618 3.2985817193985 5.72832441329956 4.49547547101974 15.4024562835693 12.2225689888 -9999
-9999 -9999 -9999 -9999 -9999 25.1611779481173 16.805741250515 28.1318211704493 15.3177369832993 37.1835765838623 19.8624773025513 9.01424074172974 2.5923473238945 1.41078302264214 1.03769999742508 1.1027204990387 1.2567937374115 0.643678486347198 0.618070498108864 0.725637003779411 1.19565823674202 0.55289326608181 0.546605229377747 1.02461099624634 1.59935921430588 1.79558783769608 1.7246550321579 1.75542908906937 1.03359371423721 0.429304495453835 0.385723516345024 0.421626001596451 0.503877013921738 0.594947263598442 0.529588490724564 0.57719698548317 0.734927237033844 1.2260505259037 1.85718083381653 2.45850366353989 2.90448367595673 2.08584076166153 3.01118096709251 2.64773511886597 11.214182138443 11.1329448223114 4.35370659828186 3.11426031589508 3.22957062721252 1.79027885198593 1.64630171656609 1.58542835712433 1.86967054009438 2.37529653310776 2.05580252408981 2.03392195701599 2.47795343399048 2.81923341751099 4.08440709114075 3.31989812850952 2.38494747877121 2.23664402961731
-9999 -9999 -9999 -9999 -9999 4.57049822062254 0.936015754938126 1.12301704287529 23.9676561355591 10.7984647750854 2.7645029425621 1.80351448059082 1.94459474086761 0.923410534858704 0.904599756002426 1.02671474218369 0.975485265254974 0.791876971721649 0.628728747367859 0.641183272004128 0.544798493385315 0.518781736493111 0.962286740541458 1.45492646098137 1.84130018949509 1.32281845808029 1.51590532064438 2.03066182136536 1.83078593015671 1.16001150012016 0.737134516239166 0.716172739863396 0.55085925757885 0.532267481088638 0.468111008405685 0.46628625690937 0.478271260857582 0.489518254995346 0.658233761787415 0.908394008874893 0.931032031774521 1.18454629182816 2.77833080291748 3.01700779795647 2.9523149728775 2.98005554080009 9.35924863815308 6.73763108253479 1.30297046899796 1.34917764365673 1.75589329004288 1.50106161832809 1.48776336014271 1.75612056255341 1.42615503072739 3.52099657058716 3.14848959445953 2.6390415430069 1.89958655834198 1.90057504177094 1.85528844594955 1.83377033472061
-9999 -9999 -9999 -9999 -9999 1.0876162648201 1.09406179189682 1.01873695850372 0.915282726287842 1.65613011270761 1.30127365887165 1.11194517463446 1.14517611265182 1.09989747405052 1.24211436510086 0.911030977964401 0.969110995531082 0.956188470125198 0.638492256402969 0.410129249095917 0.358474507927895 0.457820981740952 0.870861768722534 0.893607705831528 0.611142754554749 0.48021000623703 0.341973759233952 0.413499757647514 0.551232755184174 0.708340510725975 0.807896286249161 0.674589738249779 0.513173997402191 0.491746500134468 0.560248509049416 0.703182756900787 0.610896751284599 0.50127974152565 0.671312257647514 0.849662214517593 0.918683230876923 1.23588073253632 4.12156015634537 3.34420385956764 2.42795884609222 2.09353503584862 4.77852594852448 1.64586827158928 1.70423291623592 1.54332679510117 1.3797570168972 1.39986750483513 1.31865522265434 1.19261929392815 1.19307070970535 8.23332095146179 6.25515747070312 5.98055791854858 2.70726603269577 1.6719623208046 1.66708052158356 1.98344242572784
-9999 -9999 -9999 -9999 -9999 0.968049019575119 0.965273290872574 0.96534526348114 1.82987777888775 1.15568174421787 0.930440247058868 1.14449098706245 1.31263008713722 1.36732345819473 1.67010444402695 1.30185225605965 1.24545899033546 1.17668321728706 1.67277078330517 1.36237496137619 1.64432474970818 0.761431485414505 0.629973739385605 0.611579239368439 0.542687237262726 0.3880844861269 0.295583993196487 0.27810750156641 0.364010252058506 0.41524949669838 0.481312483549118 0.524843260645866 0.48684149980545 0.49007847905159 0.57346348464489 0.645989254117012 0.598275750875473 0.665452480316162 0.699921771883965 1.14305251836777 1.13991370797157 1.23219448328018 4.48185306787491 5.855484187603 5.1205957531929 4.68373310565948 4.24112856388092 2.89422297477722 2.24452650547028 1.93845069408417 1.6496114730835 1.40925300121307 1.34126248955727 1.45802021026611 1.82931232452393 10.4801552295685 16.8824501037598 3.01000142097473 4.53135466575623 4.63615107536316 3.90293920040131 2.68619173765182
-9999 -9999 -9999 -9999 -9999 0.997745275497437 0.662490740418434 1.17386922240257 2.84643942117691 2.57557757198811 2.56268584728241 2.47670549154282 2.74054571986198 2.22935736179352 1.59689363837242 2.36721754074097 1.81052438914776 1.31611686944962 0.852514877915382 0.784679979085922 0.397818759083748 0.403913229703903 0.367144502699375 0.501227259635925 0.754767000675201 0.573470994830132 0.349002756178379 0.310057505965233 0.295034252107143 0.289327494800091 0.292738504707813 0.343915499746799 0.48589351773262 0.486647978425026 0.483603000640869 0.489697515964508 0.4257802516222 0.795425266027451 0.701242491602898 0.720160514116287 1.25063923001289 1.27738425135612 1.29559350013733 0.745112255215645 0.901188790798187 0.992440491914749 1.1785394847393 1.35406199097633 1.44512620568275 1.39162427186966 1.47383925318718 1.73781681060791 1.41393971443176 1.37852999567986 1.40976145863533 1.83653855323792 8.12214374542236 7.90463805198669 7.49213576316833 13.0327463150024 5.74186491966248 5.98408949375153
