EcologicalScience/Bass/data/rs_data_bass/chl_132.asc
NCOLS 226 
NROWS 124 
XLLCORNER -9.41648524995501 
YLLCORNER 47.587301625531 
CELLSIZE 0.0833 
NODATA_value -9999 
[rows 0 to 26 of 124, columns 62 to 123 of 226]
-9999 -9999 -9999 -9999 -9999 -9999 -9999 -9999 -9999 -9999 -9999 -9999 -9999 -9999 -9999 -9999 -9999 -9999 -9999 -9999 -9999 -9999 -9999 -9999 -9999 -9999 -9999 -9999 -9999 -9999 -9999 -9999 -9999 -9999 -9999 -9999 -9999 -9999 -9999 -9999 -9999 -9999 -9999 -9999 -9999 -9999 -9999 -9999 -9999 -9999 -9999 -9999 -9999 -9999 -9999 -9999 -9999 -9999 -9999 -9999 -9999 -9999
-9999 -9999 -9999 -9999 -9999 -9999 -9999 -9999 -9999 -9999 -9999 -9999 -9999 -9999 -9999 -9999 -9999 -9999 -9999 -9999 -9999 -9999 -9999 -9999 -9999 -9999 -9999 -9999 -9999 -9999 -9999 -9999 -9999 -9999 -9999 -9999 -9999 -9999 -9999 -9999 -9999 -9999 -9999 -9999 -9999 -9999 -9999 -9999 -9999 -9999 -9999 -9999 -9999 -9999 -9999 -9999 -9999 -9999 -9999 -9999 -9999 -9999
-9999 -9999 -9999 -9999 -9999 -9999 -9999 -9999 -9999 -9999 -9999 -9999 -9999 -9999 -9999 -9999 -9999 -9999 -9999 -9999 -9999 -9999 -9999 -9999 -9999 -9999 -9999 -9999 -9999 -9999 -9999 -9999 -9999 -9999 -9999 -9999 -9999 -9999 -9999 -9999 -9999 -9999 -9999 -9999 -9999 -9999 -9999 -9999 -9999 -9999 -9999 -9999 -9999 -9999 -9999 -9999 -9999 -9999 -9999 -9999 -9999 -9999
-9999 -9999 -9999 -9999 -9999 -9999 -9999 -9999 -9999 -9999 -9999 -9999 -9999 -9999 -9999 -9999 -9999 -9999 -9999 -9999 -9999 -9999 -9999 -9999 -9999 -9999 -9999 -9999 -9999 -9999 -9999 -9999 -9999 -9999 -9999 -9999 -9999 -9999 -9999 -9999 -9999 -9999 -9999 -9999 -9999 -9999 -9999 -9999 -9999 -9999 -9999 -9999 -9999 -9999 -9999 -9999 -9999 -9999 -9999 -9999 -9999 -9999
-9999 -9999 -9999 -9999 -9999 -9999 -9999 -9999 -9999 -9999 -9999 -9999 -9999 -9999 -9999 -9999 -9999 -9999 -9999 -9999 -9999 -9999 -9999 -9999 -9999 -9999 -9999 -9999 -9999 -9999 -9999 -9999 -9999 -9999 -9999 -9999 -9999 -9999 -9999 -9999 -9999 -9999 -9999 -9999 -9999 -9999 -9999 -9999 -9999 -9999 -9999 -9999 -9999 -9999 -9999 -9999 -9999 -9999 -9999 -9999 -9999 -9999
-9999 -9999 -9999 -9999 -9999 -9999 -9999 -9999 -9999 -9999 -9999 -9999 -9999 -9999 -9999 -9999 -9999 -9999 -9999 -9999 -9999 -9999 -9999 -9999 -9999 -9999 -9999 -9999 0.63735419511795 0.773838480458642 2.14710129797459 1.18996779620647 1.09972178936005 1.00126464664936 0.908071272075176 0.857648983597755 0.814257010817528 0.772272549569607 0.754269920289516 0.732342202216387 0.719117637723684 0.703321516513824 0.65893142670393 0.608030050992966 0.580864503979683 0.579629816114902 0.610577825456858 0.642430879175663 0.633621376007795 0.612533044070005 0.576384767889977 0.596224118024111 0.591576173901558 0.601643990725279 0.664772808551788 0.678994115442038 0.711395233869553 0.739674724638462 0.729534208774567 0.760729718953371 0.796400271356106 0.784075498580933
-9999 -9999 -9999 -9999 -9999 -9999 -9999 -9999 -9999 -9999 -9999 -9999 -9999 -9999 -9999 -9999 -9999 -9999 -9999 -9999 -9999 -9999 -9999 -9999 -9999 -9999 1.18186515569687 1.0627324283123 2.83283266425133 2.12091426551342 1.84307545423508 1.40761329978704 1.15158527344465 0.993745855987072 0.896294094622135 0.842093601822853 0.850018322467804 0.865160085260868 0.853146158158779 0.833324588835239 0.808651328086853 0.756039015948772 0.710991539061069 0.681462552398443 0.675790328532457 0.642082694917917 0.761835359036922 0.756232134997845 0.607121620327234 0.630628690123558 0.639534942805767 0.667042884975672 0.686890672892332 0.875696260482073 0.736558321863413 0.776378821581602 0.751503210514784 0.696168925613165 0.784300323575735 0.799357485026121 0.802323024719954 0.779969595372677
-9999 -9999 -9999 -9999 -9999 -9999 -9999 -9999 -9999 -9999 -9999 -9999 -9999 -9999 -9999 -9999 -9999 -9999 -9999 -9999 -9999 -9999 -9999 -9999 -9999 -9999 1.18186515569687 2.48802110552788 2.10658782720566 1.67609913647175 1.35214253515005 1.23912636190653 0.983950294554234 0.963539622724056 0.946823246777058 0.878999635577202 0.8625243678689 0.839786276221275 0.820495516061783 0.798483565449715 0.791308343410492 0.780652116984129 0.815941862761974 0.804866619408131 0.787379611283541 0.716732438653708 0.734608121216297 0.738946840167046 0.72151555493474 0.703480135649443 0.728951420634985 0.656014133244753 0.638633798807859 0.58164881542325 0.618756752461195 0.757984679192305 0.848187781870365 0.809171989560127 0.815763585269451 0.856786116957664 0.188529449701309 0.774359084665775
-9999 -9999 -9999 -9999 -9999 -9999 -9999 -9999 -9999 -9999 -9999 -9999 -9999 -9999 -9999 -9999 -9999 -9999 -9999 -9999 -9999 -9999 -9999 -9999 -9999 -9999 2.75194354355335 2.59549981355667 1.8356075361371 1.35755885392427 1.15690742433071 1.02265611290932 1.03894125670195 0.939779229462147 0.941756419837475 0.897934712469578 0.912435919046402 0.883023172616959 0.843331508338451 0.826430059969425 0.835912473499775 0.837098088115454 0.846290968358517 0.812903255224228 0.75003806501627 0.763232633471489 0.81667161360383 0.799878727644682 0.807108912616968 0.724685445427895 0.731324840337038 0.718645121902227 0.655280604958534 0.713628966361284 0.815645657479763 0.767662145197392 0.772315710783005 1.20331405475736 0.186794543266296 0.187504649162292 0.194295153021812 0.634800363332033
-9999 -9999 -9999 -9999 -9999 -9999 -9999 -9999 -9999 -9999 -9999 -9999 -9999 -9999 -9999 -9999 -9999 -9999 -9999 -9999 -9999 -9999 -9999 -9999 -9999 1.19121462106705 2.34524296224117 1.9369233995676 1.68032739311457 1.29973988234997 1.19279285520315 1.17436614632607 1.11783528327942 1.01260858029127 0.961329013109207 0.988212928175926 0.973107911646366 0.951408930122852 0.906391896307468 0.866733010858297 0.880939666181803 0.896948844194412 0.896098528057337 0.824513040482998 0.732048355042934 0.867773037403822 0.822053622454405 0.826303090900183 0.746921986341476 0.659523390233517 0.704018421471119 0.810369160026312 0.826989389955997 0.25222139954567 0.793223083019257 0.758223563432693 0.770240284502506 0.739628814160824 0.859666094183922 0.831213366240263 0.867465923229853 0.817063728968302
-9999 -9999 -9999 -9999 -9999 -9999 -9999 -9999 -9999 -9999 -9999 -9999 -9999 -9999 -9999 -9999 -9999 -9999 -9999 -9999 -9999 -9999 -9999 -9999 -9999 1.69381159543991 1.86095586419106 1.58830947428942 1.36309035122395 1.21860672533512 1.24956259131432 1.31034692376852 1.54152077436447 1.3047189116478 1.03100643306971 1.03412253409624 0.983401849865913 0.963508911430836 0.936930019408464 0.942145697772503 0.945547699928284 0.930452048778534 0.89359425008297 0.823152210563421 0.747930385172367 0.762513343244791 0.765778664499521 0.716577909886837 0.694855861365795 0.657555006444454 0.598251543939114 0.688549317419529 0.249179551005363 0.259999349713326 0.674174621701241 0.696703489869833 0.709121223539114 0.926700219511986 0.855387151241302 0.872108995914459 0.873641858498255 0.722168157498042
-9999 -9999 -9999 -9999 -9999 -9999 -9999 -9999 -9999 -9999 -9999 -9999 -9999 -9999 -9999 -9999 -9999 -9999 -9999 -9999 -9999 -9999 -9999 -9999 1.31647038459778 1.72711037099361 1.53476610034704 1.63228739798069 1.31856878846884 1.23492790013552 1.25732157379389 1.20816714316607 1.06656409800053 1.12704545259476 1.08777357637882 1.02362005412579 0.984856680035591 1.01456248015165 0.990147560834885 0.962422102689743 0.979222320020199 0.989158138632774 0.920397564768791 0.844288296997547 0.775888882577419 0.744811858981848 0.771349132061005 0.733349461108446 0.699424490332603 0.684523891657591 0.592269569635391 0.599501810967922 0.627514701336622 0.6926797516644 0.671677876263857 0.668002299964428 0.603856679052114 0.607266902923584 0.762038350105286 0.756012509266536 0.640729000171026 0.669263010223707
-9999 -9999 -9999 -9999 -9999 -9999 -9999 -9999 -9999 -9999 -9999 -9999 -9999 -9999 -9999 -9999 -9999 -9999 -9999 -9999 -9999 -9999 -9999 1.50594073534012 1.88407355546951 1.75308085978031 1.83109069615602 1.43645290285349 1.25574973225594 1.1021861359477 1.13933383673429 1.15110278874636 1.21632807701826 1.10633028298616 1.08947456628084 0.960285924375057 1.02293193340302 1.00955662876368 0.984500840306282 1.01446518301964 0.355910244584084 1.0269311517477 0.888521656394005 0.831445299088955 0.752600412815809 0.750396586954594 0.75698060542345 0.753629464656115 0.705983228981495 0.657184302806854 0.625497568398714 0.674994941800833 0.645224824547768 0.689626883715391 0.681906547397375 0.675079921881358 0.632408822576205 0.674531330664953 0.856685509284337 0.790688753128052 0.749861846367518 0.635866418480873
-9999 -9999 -9999 -9999 -9999 -9999 -9999 -9999 -9999 -9999 -9999 -9999 -9999 -9999 -9999 -9999 -9999 -9999 -9999 -9999 -9999 -9999 2.3100582150852 1.97895766707028 1.94897907972336 1.39520048350096 1.30465140938759 1.23489899933338 1.18797487020493 1.18511382490396 1.32776547968388 1.18743129819632 1.00310043990612 1.00964925438166 1.01006023585796 0.919592075049877 0.963959075510502 0.997450701892376 1.03752714022994 1.19356309622526 0.41075294315815 0.821601337194443 0.911033246666193 0.781896002590656 0.747039768844843 0.7393250875175 0.747143995016813 0.744570393115282 0.701540641486645 0.664602924138308 0.58687611669302 0.672294940799475 0.679528143256903 0.655573301017284 0.653737078110377 0.632989004254341 0.652083317438761 0.777827600638072 0.816108663876851 0.678851837913195 0.684392441064119 0.735407620668411
-9999 -9999 -9999 -9999 -9999 -9999 -9999 -9999 -9999 -9999 -9999 -9999 -9999 -9999 -9999 -9999 -9999 -9999 -9999 -9999 2.64602583646774 1.95531206214151 2.20434431118124 1.98852847516537 1.7947758436203 1.43190765380859 1.30373679846525 1.27860635519028 1.23420640826225 1.1426358371973 1.06097772717476 0.993384383618832 0.968612462282181 1.07557687908411 1.0595465451479 1.0282159075141 1.02624318748713 0.989683695137501 0.995172746479511 0.519780743122101 0.535758143663406 1.53029475733638 1.18368691205978 1.05457555130124 0.887982007116079 0.881580725312233 0.909527610987425 0.801563657820225 0.744309179484844 0.707284312695265 0.668837986886501 0.624527435749769 0.685346614569426 0.668205673495928 0.632794493907376 0.599502597984515 0.634899005293846 0.66621059179306 0.703344166278839 0.682527169585228 0.633343492945035 0.69195124010245
-9999 -9999 -9999 -9999 -9999 -9999 -9999 -9999 -9999 -9999 -9999 -9999 -9999 -9999 -9999 -9999 -9999 -9999 -9999 -9999 2.11853118455595 1.59635305830411 2.09231007099152 1.76618130505085 1.55679599940777 1.51896864920855 1.18898043036461 2.14273161292076 1.27184868603945 1.17346706986427 1.14237919449806 1.09345462918282 1.11215659976006 1.13553189486265 1.12041409313679 1.14957202970982 1.03746653348207 0.98362722247839 0.957841850817204 0.9821942076087 1.03153671696782 1.19479126855731 0.468056720495224 2.94997509196401 1.50357566401362 1.3675289824605 1.11622966825962 0.908191859722137 0.765213768929243 0.733155380934477 0.731153637170792 0.663883914550146 0.65562858680884 0.658784672617912 0.612427424443396 0.609948378644491 0.221572239171056 0.681460842490196 0.673194820682208 0.615157241622607 0.559666067361832 0.549359490474065
-9999 -9999 -9999 -9999 -9999 -9999 -9999 -9999 -9999 -9999 -9999 -9999 -9999 -9999 -9999 -9999 -9999 -9999 -9999 2.72079011973213 4.42832322120666 3.66959890723228 3.30529448390007 1.81676182150841 1.91184303760529 1.37561370134354 1.11412968635559 1.26705452799797 1.25910334289074 1.22099248319864 1.14335661381483 0.989002861082554 1.04311913251877 1.09472434222698 1.09473225474358 1.15162517130375 1.067019559443 1.09689095243812 1.06073209270835 1.06946004554629 1.19771715626121 2.46865094080567 2.53083585575223 2.68530401587486 1.24446094036102 0.957586113363504 1.06090423464775 0.867063950747252 0.941985748708248 0.717664947112401 0.726043969392776 0.710176507631938 0.607800148035351 0.604225899828108 0.552220751580439 0.585769104330163 0.586317514379819 0.610462814569473 0.582088018457095 0.568443258603414 0.546986252069473 0.535473927855492
-9999 -9999 -9999 -9999 -9999 -9999 -9999 -9999 -9999 -9999 -9999 -9999 -9999 -9999 -9999 -9999 -9999 -9999 7.70362644195557 5.16093757152557 5.40543608665466 6.08783504962921 3.32735352516174 2.60646139383316 1.85353263616562 2.10920096039772 1.35010177642107 1.37232115119696 1.35866401344538 1.13842407613993 0.9832404255867 1.03247212618589 1.19083707779646 1.13525942713022 1.09175457805395 1.20098398625851 1.23719512671232 1.42832987755537 1.96247157454491 1.85812555253506 2.01280032098293 2.10200357437134 1.59344775974751 1.43678421154618 1.33534418419003 1.10405174642801 1.12840050458908 0.306351568769006 0.297333182657466 0.788880914449692 0.725735853115718 0.712036689122518 0.653680408994357 0.692144142169701 0.702762539449491 0.687976102295675 0.641292195571096 0.606391981244087 0.624335745970408 0.583915909131368 0.593499903877576 0.588722070058187
-9999 -9999 -9999 -9999 -9999 -9999 -9999 -9999 -9999 -9999 -9999 -9999 -9999 -9999 -9999 -9999 -9999 11.1641730490447 15.3229419708252 11.0817519664764 7.53076043128967 4.39665766954422 1.96797924041748 1.90864562988281 1.94515528678894 2.74610953330994 1.62854079008102 1.85050448030233 2.0096592977643 1.9894192814827 1.60846388339996 1.71703121066093 1.7708502933383 1.37311231344938 1.14993727952242 1.19014913588762 1.28602503240108 2.16540332883596 2.19097345322371 2.68852760642767 2.52626348286867 2.03995759785175 2.05504615232348 1.78272661194205 1.4184496589005 1.46413636207581 0.351521249203121 0.339447879615952 0.321628329508445 0.322923357872402 0.31250633124043 0.303899340769824 0.2923414417926 0.795666029578761 0.819188301500521 0.834950387477875 0.731875000815642 0.653746491984317 0.686124775754778 0.329700879752636 0.333927572650068 0.343573813929277
-9999 -9999 -9999 -9999 -9999 -9999 -9999 -9999 -9999 -9999 -9999 -9999 -9999 -9999 -9999 -9999 -9999 -9999 -9999 1.43358770483419 6.53333755731583 3.28508194684982 3.07681614160538 2.13230030536652 0.864412343502045 0.682806301116943 0.804877495765686 0.885896408557892 1.37371987849474 1.29192430526018 0.831016337871552 1.29588820785284 1.47290045768023 1.33036798238754 1.20832463353872 1.23189503699541 1.38945809751749 3.32818228751421 3.09298228472471 3.37967374920845 3.43957968056202 2.07985156774521 1.90812415257096 1.33404088765383 1.18269171193242 0.336674702167511 0.329302011167302 0.336820145740229 0.344513118267059 0.337079339167651 0.322351148023325 0.309522486784879 0.299771996981957 0.310906372526113 0.270695168305846 0.88215014652202 0.359422989189625 0.371984750032425 0.40752724930644 0.458581633865833 0.7413549721241 1.02173139154911
-9999 -9999 -9999 -9999 -9999 -9999 -9999 -9999 -9999 -9999 -9999 -9999 -9999 -9999 -9999 3.4858255478052 10.8018314751183 6.35602104663849 6.7402555346489 5.44305328130722 12.9769656658173 8.3747483253479 3.33869322538376 1.50374822616577 0.895603930950165 0.992686808109283 0.797667753696442 0.923331427574158 1.45083077251911 1.19086032360792 1.17380344122648 1.22947011888027 1.44319235533476 1.40958411991596 1.61759398877621 1.99218651652336 1.43035999685526 1.90861912071705 2.79745370149612 3.22849059104919 2.70295185595751 2.536581851542 2.55034313599269 1.38008485237757 1.16366375486056 0.320050801424419 0.316550303031417 0.321338393232402 0.337148866232704 0.336629072532934 0.331190475646187 0.307827404316734 0.306627052671769 0.285887202795814 0.334196841716766 0.445823806611931 0.631330624222755 0.527294635772705 0.443822391331196 0.810632516940435 0.839941263198853 0.500822119414806
-9999 -9999 -9999 -9999 -9999 -9999 -9999 -9999 -9999 -9999 35.2986888885498 35.2986888885498 13.7248649597168 1.9838114295687 25.9360242605209 15.9237715959549 16.624217247963 15.9963114738464 12.0523736000061 17.6780569195747 20.8804538726807 11.50510597229 0.838741511106491 9.77117078304291 1.76308378151485 11.8088669300079 1.03106301171439 0.953400352171489 1.16095080971718 0.797094744443893 0.99413701146841 1.01374630630016 1.05448704957962 1.66910891979933 1.78508412837982 1.27764297276735 1.6060209274292 1.3604042083025 1.39464334398508 1.48629916459322 0.793664451688528 1.4104287425677 2.45819314320882 1.22495996206999 1.0242013335228 0.941232740879059 1.05880360802015 1.05203005671501 0.971590846776962 0.402818170540473 0.404349617221776 0.395062189768342 0.546902257204056 0.85216081738472 1.41686533391476 0.570831101606874 0.547076204243828 0.417339242994785 0.440034121274948 0.502025569186491 0.502823192407103 0.512586825034198
-9999 -9999 -9999 -9999 -9999 -9999 -9999 -9999 -9999 -9999 35.2986888885498 4.00380500842785 2.85740491747856 12.0075100421906 16.4787501811981 17.4358564138413 11.3256945848465 19.1153050661087 8.18333864418587 2.4330749809742 1.79996139662606 1.30296983037676 0.865182765892574 1.1970617249608 18.5954042315483 1.13193966661181 1.15478120531355 1.1567559497697 0.748535335063934 0.765332579612732 0.58726094024522 0.561478185653687 0.923250004649162 0.889735870063305 0.46429306268692 1.47325674444437 2.56929092109203 1.75026243925095 0.845023512840271 0.778843939304352 0.900133520364761 0.907704144716263 0.848147402207057 0.875807086626689 0.976545254389445 1.02682838837306 0.773781906155979 0.599645555019379 0.531989083570592 0.477105280932258 1.48839000463486 1.00103534460068 0.73471394777298 1.26750109344721 0.862102766831716 0.640160416855532 0.639873662415673 0.617814145982265 0.62925560772419 0.619094640016556 0.565024834345369 0.550278932732694
-9999 -9999 -9999 -9999 -9999 -9999 -9999 -9999 -9999 -9999 -9999 -9999 14.8402708870369 4.66114352029913 27.0397690057755 3.91057172547216 -9999 -9999 -9999 -9999 -9999 -9999 1.35064219683409 1.55424760069166 1.43947866133281 1.30545084817069 1.216357086386 1.12559006043843 1.04363291604178 9.33945940222059 1.56078347989491 0.569646441936493 0.968011111021042 0.973833359777927 0.555777758359909 0.388110136985779 1.24400192499161 1.35249001532793 1.36313943564892 2.15967969596386 1.40406207740307 0.955769620835781 0.826129327217738 0.624304409412777 0.876665372182341 1.08377061871921 0.911934156628216 0.651037476518575 0.641749917584307 0.639294013381004 0.634451235041899 0.642180848647566 0.999014476935069 0.575460178887143 0.595119876896634 0.658518494052045 0.645001998719047 0.63206785172224 0.649331122636795 0.57523201406002 0.505885288995855 0.538291126489639
-9999 -9999 -9999 -9999 -9999 -9999 -9999 -9999 -9999 -9999 -9999 -9999 -9999 16.6274771690369 16.6274771690369 16.6274771690369 -9999 -9999 -9999 -9999 -9999 -9999 4.94490551948547 4.94490551948547 4.94490551948547 0.308659605681896 1.31096634582469 1.23640128225088 0.75431935276304 1.4327230900526 0.907188841274806 0.895902501685279 0.90938144496509 0.89812850526401 1.16447983682156 1.00803020596504 1.27507464587688 0.392113183225904 1.16533146053553 0.632670003175736 1.25398781150579 0.40316624726568 0.596997346948175 0.493751613423228 0.727911914096159 0.456025311175515 0.64930882173426 0.600303253706764 0.588259535677293 0.586950149606256 0.600780955132316 0.666140653631266 0.6471246778965 0.68604571854367 0.680728130042553 0.59004665678367 0.590371866244823 0.643838995519806 0.652839936754283 0.64451562481768 0.680857256054878 0.641194880008698
-9999 -9999 -9999 -9999 -9999 -9999 -9999 -9999 -9999 -9999 -9999 -9999 -9999 -9999 -9999 -9999 -9999 -9999 -9999 -9999 -9999 -9999 -9999 -9999 -9999 -9999 2.05417453050613 2.59792271682194 2.0358093891825 1.42185900041035 1.23717685256686 0.960644040788923 0.891322080578123 0.855622785431998 0.797500618866512 0.832315717424665 0.386537886091641 0.394196033477783 0.388826998216765 0.417676072035517 0.396332913078368 0.390658962540329 0.388983003795147 0.507315579582663 0.531776373877245 0.538804539862801 0.639312565326691 0.503248399123549 0.488001203164458 0.539344701915979 0.609560540493797 0.592632135924171 0.575963353409487 0.555622121867012 0.56631584202542 0.6464813798666 0.709951750934124 0.646391085842076 0.62471440346802 0.622084600083968 0.586253614110105 1.05494130849838
-9999 -9999 -9999 -9999 -9999 -9999 -9999 -9999 -9999 -9999 -9999 -9999 -9999 -9999 -9999 -9999 -9999 -9999 -9999 -9999 -9999 -9999 -9999 -9999 -9999 -9999 -9999 5.98839430723871 2.74193613869803 1.77436065673828 2.14393416472844 1.88202838386808 1.41339290142059 0.942101010254451 0.815893075295857 0.692420125007629 0.548339456319809 0.476218406643186 0.433983315314565 0.432383786354746 0.427060869522393 0.4260358158499 0.419034560211003 0.410993565406118 0.402630424925259 0.418906714235033 0.430826150945255 0.633180958884103 0.637837707996368 0.676633396318981 0.664796613156796 0.568594230338931 0.589517148211598 0.575589553398244 0.613605095073581 0.727188259363174 0.681139101000393 0.775544592312404 0.738892602069037 0.82705768091338 0.97898565530777 1.00292054414749
