EcologicalScience/Bass/data/rs_data_bass/chl_425.asc
NCOLS 226 
NROWS 124 
XLLCORNER -9.41648524995501 
YLLCORNER 47.587301625531 
CELLSIZE 0.0833 
NODATA_value -9999 
[rows 54 to 80 of 124, columns 0 to 61 of 226]
-9999 -9999 -9999 -9999 -9999 -9999 -9999 -9999 -9999 -9999 -9999 -9999 -9999 -9999 -9999 -9999 -9999 -9999 -9999 -9999 -9999 -9999 -9999 -9999 -9999 -9999 -9999 -9999 -9999 -9999 -9999 -9999 -9999 -9999 -9999 -9999 -9999 -9999 5.4972212616191 2.31374130249023 2.6056866645813 2.37586115598679 1.91982901096344 1.77414447069168 1.76502603292465 1.60369580984116 1.44886726140976 1.38947322964668 1.54260997474194 1.46184881776571 1.45410845428705 1.45145456492901 1.60725791752338 1.73484742641449 1.8620091676712 2.04261517524719 2.3697218298912 2.96573895215988 -9999 0.607058599591255 0.62790758907795 2.97634459708048
-9999 -9999 -9999 -9999 -9999 -9999 -9999 -9999 -9999 -9999 -9999 -9999 -9999 -9999 -9999 -9999 -9999 -9999 -9999 -9999 -9999 -9999 -9999 -9999 -9999 -9999 -9999 -9999 -9999 -9999 -9999 -9999 -9999 -9999 -9999 -9999 -9999 -9999 -9999 2.15063599348068 2.29421269893646 2.12620729207993 1.87603756785393 1.90675467252731 1.88329195976257 1.68507903814316 1.44709423184395 1.41386246681213 1.49482798576355 1.26725327968597 1.30628621578217 1.3917937874794 1.41188549995422 1.44826877117157 1.79919219017029 2.18753707408905 2.65382485730307 3.0945214219176 -9999 -9999 -9999 -9999
-9999 -9999 -9999 -9999 -9999 -9999 -9999 -9999 -9999 -9999 -9999 -9999 -9999 -9999 -9999 -9999 -9999 -9999 -9999 -9999 -9999 -9999 -9999 -9999 -9999 -9999 -9999 -9999 -9999 -9999 -9999 -9999 -9999 -9999 -9999 -9999 -9999 -9999 -9999 -9999 2.01151651144028 2.07955849170685 1.99824279546738 2.00552374124527 2.01005494594574 1.84157086908817 1.83124333620071 1.7128976136446 1.66044366359711 1.60905522108078 1.3780582845211 1.3845240175724 1.35307046771049 1.35401773452759 1.48808321356773 1.54996132850647 1.69809079170227 1.76933991909027 1.71781740188599 -9999 -9999 -9999
-9999 -9999 -9999 -9999 -9999 -9999 -9999 -9999 -9999 -9999 -9999 -9999 -9999 -9999 -9999 -9999 -9999 -9999 -9999 -9999 -9999 -9999 -9999 -9999 -9999 -9999 -9999 -9999 -9999 -9999 -9999 -9999 -9999 -9999 -9999 -9999 -9999 -9999 -9999 -9999 2.20051181316376 2.13004529476166 2.09884250164032 2.12365740537643 2.20795328915119 2.08382874727249 2.04155190289021 2.09939776360989 1.91667464375496 1.7971318513155 1.36384052038193 1.34830346703529 1.37249770760536 1.39834347367287 1.41682201623917 1.4176267683506 1.46677422523499 1.43819171190262 1.50577193498611 1.68432301282883 2.34635727052335 -9999
-9999 -9999 -9999 -9999 -9999 -9999 -9999 -9999 -9999 -9999 -9999 -9999 -9999 -9999 -9999 -9999 -9999 -9999 -9999 -9999 -9999 -9999 -9999 -9999 -9999 -9999 -9999 -9999 -9999 -9999 -9999 -9999 -9999 -9999 -9999 -9999 -9999 -9999 -9999 -9999 2.35508322715759 2.30668017268181 2.25017763376236 2.20540943741798 2.28504677116871 2.27117329835892 2.05357950925827 2.04793041944504 2.08684520423412 1.88295605778694 1.38542997837067 1.35601571202278 1.52108019590378 1.57983219623566 1.58530658483505 1.49852326512337 1.60835766792297 1.6068314909935 1.44778123497963 1.44920325279236 1.85740953683853 -9999
-9999 -9999 -9999 -9999 -9999 -9999 -9999 -9999 -9999 -9999 -9999 -9999 -9999 -9999 -9999 -9999 -9999 -9999 -9999 -9999 -9999 -9999 -9999 -9999 -9999 -9999 -9999 -9999 -9999 -9999 -9999 -9999 -9999 -9999 -9999 -9999 -9999 -9999 -9999 -9999 -9999 2.70133981704712 2.26804536581039 2.22938811779022 1.94036172330379 2.20046675205231 2.0886994600296 1.90191501379013 1.6682767868042 1.61067742109299 1.38752925395966 1.29707470536232 1.45740446448326 1.58383655548096 1.66880106925964 1.75014674663544 1.7768018245697 1.83140248060226 1.92919117212296 0.733655325391076 -9999 -9999
-9999 -9999 -9999 -9999 -9999 -9999 -9999 -9999 -9999 -9999 -9999 -9999 -9999 -9999 -9999 -9999 -9999 -9999 -9999 -9999 -9999 -9999 -9999 -9999 -9999 -9999 -9999 -9999 -9999 -9999 -9999 -9999 -9999 -9999 -9999 -9999 -9999 -9999 -9999 -9999 2.62118929624557 2.61301422119141 2.36378440260887 2.29791171848774 2.04377996921539 1.91911023855209 1.70943969488144 1.81164181232452 1.2856582403183 1.26257246732712 1.26173695921898 1.31218501925468 1.4177819788456 1.57710975408554 1.68226057291031 1.88734352588654 1.8343260884285 -9999 -9999 5.23653039336205 3.07808697223663 3.09818387031555
-9999 -9999 -9999 -9999 -9999 -9999 -9999 -9999 -9999 -9999 -9999 -9999 -9999 -9999 -9999 -9999 -9999 -9999 -9999 -9999 -9999 -9999 -9999 -9999 -9999 -9999 -9999 -9999 -9999 -9999 -9999 -9999 -9999 -9999 -9999 -9999 -9999 -9999 -9999 2.81271615028381 2.33538866043091 2.30365911126137 2.14519867300987 2.18307563066483 1.85582798719406 1.60585343837738 1.54206174612045 1.65736246109009 1.55556321144104 1.53651431947947 1.15586552023888 1.45630422234535 1.55359196662903 1.7519828081131 1.90580177307129 1.75144797563553 2.25968027114868 2.03678548336029 2.51168471574783 2.92517852783203 2.98729276657104 2.84874004125595
-9999 -9999 -9999 -9999 -9999 -9999 -9999 -9999 -9999 -9999 -9999 -9999 -9999 -9999 -9999 -9999 -9999 -9999 -9999 -9999 -9999 -9999 -9999 -9999 -9999 -9999 -9999 -9999 -9999 -9999 -9999 -9999 -9999 -9999 -9999 -9999 -9999 -9999 -9999 2.91465511322022 2.32508245110512 2.56265412569046 2.27298631668091 1.81388336420059 1.51958037614822 1.34284776449203 1.43906050920486 1.47945773601532 1.4665322303772 1.15392377972603 1.25703147053719 1.49417772889137 1.64303702116013 1.74300456047058 1.91633176803589 1.91780626773834 1.83669304847717 1.82494568824768 1.95300006866455 2.55373799800873 2.44063121080399 2.22761929035187
-9999 -9999 -9999 -9999 -9999 -9999 -9999 -9999 -9999 -9999 -9999 -9999 -9999 -9999 -9999 -9999 -9999 -9999 -9999 -9999 -9999 -9999 -9999 -9999 -9999 -9999 -9999 -9999 -9999 -9999 -9999 -9999 -9999 -9999 -9999 -9999 -9999 -9999 4.53078424930573 2.26279503107071 2.04510489106178 1.90167528390884 1.56428217887878 1.36682438850403 1.31328094750643 1.29981154203415 1.30811324715614 1.36543226242065 1.39311200380325 1.16330552101135 1.22880452871323 1.38165074586868 1.61470502614975 1.65613049268723 1.7556517124176 1.65750002861023 1.60266906023026 1.59939157962799 1.80340272188187 2.04120075702667 2.06295973062515 2.03109455108643
-9999 -9999 -9999 -9999 -9999 -9999 -9999 -9999 -9999 -9999 -9999 -9999 -9999 -9999 -9999 -9999 -9999 -9999 -9999 -9999 -9999 -9999 -9999 -9999 -9999 -9999 -9999 -9999 -9999 -9999 -9999 -9999 -9999 -9999 -9999 -9999 -9999 -9999 2.12738960981369 2.1279790699482 2.17572632431984 1.64439524710178 1.61390554904938 1.27267898619175 1.159314006567 1.22262796759605 1.29409575462341 1.37708950042725 1.39876252412796 1.21781898736954 1.272121489048 1.44035249948502 1.70235979557037 1.65537071228027 1.5003308057785 1.34607446193695 1.51317304372787 1.39875823259354 1.49384924769402 1.64064449071884 1.94033700227737 1.87699198722839
-9999 -9999 -9999 -9999 -9999 -9999 -9999 -9999 -9999 -9999 -9999 -9999 -9999 -9999 -9999 -9999 -9999 -9999 -9999 -9999 -9999 -9999 -9999 -9999 -9999 -9999 -9999 -9999 -9999 -9999 -9999 -9999 -9999 -9999 -9999 -9999 -9999 2.77095325084833 2.23717537522316 2.01604574918747 1.86692807078362 1.57672199606895 1.42875824868679 0.913222879171371 0.971083894371986 1.2289582490921 0.910888127982616 0.950705610215664 1.31698125600815 1.24277999997139 1.49575464427471 1.46042096614838 1.58327025175095 1.47728776931763 1.51811027526855 1.30607396364212 1.27797827124596 1.32211723923683 1.39626154303551 1.47154426574707 1.67284941673279 1.75594425201416
-9999 -9999 -9999 -9999 -9999 -9999 -9999 -9999 -9999 -9999 -9999 -9999 -9999 -9999 -9999 -9999 -9999 -9999 -9999 -9999 -9999 -9999 -9999 -9999 -9999 -9999 -9999 -9999 -9999 -9999 -9999 -9999 -9999 -9999 -9999 -9999 -9999 2.49465715885162 2.37071925401688 1.88079410791397 1.52702178061008 1.24926526844501 1.03817246854305 0.884509161114693 0.890168979763985 0.856674738228321 0.862415246665478 0.868739627301693 1.27534573674202 1.33574697375298 1.31185653805733 1.54269897937775 1.62122547626495 1.54919707775116 1.3974195420742 1.32275775074959 1.29402673244476 1.25207170844078 1.28330621123314 1.4210122525692 1.67902421951294 1.79478675127029
-9999 -9999 -9999 -9999 -9999 -9999 -9999 -9999 -9999 -9999 -9999 -9999 -9999 -9999 -9999 -9999 -9999 -9999 -9999 -9999 -9999 -9999 -9999 -9999 -9999 -9999 -9999 -9999 -9999 -9999 -9999 -9999 -9999 -9999 -9999 -9999 3.3559033870697 2.4484623670578 2.17766770720482 1.58684362471104 1.30787998437881 0.964064240455627 0.825888387858868 0.955082559585571 1.02639600634575 1.08172527551651 0.839284479618073 1.29293248057365 0.939842619001865 1.53392404317856 1.59971183538437 1.5842399597168 1.73610144853592 1.56146854162216 1.44900450110435 1.37947046756744 1.33914971351624 1.30185824632645 1.37251353263855 1.50937432050705 1.7184966802597 1.75424998998642
-9999 -9999 -9999 -9999 -9999 -9999 -9999 -9999 -9999 -9999 -9999 -9999 -9999 -9999 -9999 -9999 -9999 -9999 -9999 -9999 -9999 -9999 -9999 -9999 -9999 -9999 -9999 -9999 -9999 -9999 -9999 1.17166914045811 1.1497808269092 -9999 2.10493344068527 2.20303857063932 1.34271732930626 1.52369365096092 1.39861236512661 1.159942522645 1.07025327086449 0.921215027570724 0.85240438580513 0.864739320107869 0.978064978122711 1.16612023115158 1.23676273226738 1.26574498414993 1.29694873094559 1.38890771269798 1.60720127820969 1.57568407058716 1.61018997430801 1.53717452287674 1.4946097433567 1.5773309469223 1.65081381797791 1.58172601461411 1.92377543449402 1.73612916469574 1.95750975608826 2.14307459592819
-9999 -9999 -9999 -9999 -9999 -9999 -9999 -9999 -9999 -9999 -9999 -9999 -9999 -9999 -9999 -9999 -9999 -9999 -9999 -9999 -9999 -9999 0.346259817481041 1.41643905937672 1.31605726480484 1.79528023302555 1.56570070981979 1.65947471559048 1.52354697883129 1.07648098468781 0.818882256746292 0.892117157578468 1.00698937475681 0.965263858437538 1.15611340105534 1.24761298298836 1.19100451469421 1.05752398073673 0.893450237810612 0.75891787558794 0.832624983787537 0.8742844079222 0.656232364475727 0.686609610915184 0.728420242667198 1.14995223283768 1.20727050304413 1.21384200453758 1.3331752717495 1.74746775627136 1.66704297065735 1.64234554767609 1.62710022926331 1.75328332185745 2.075574696064 2.13867355138063 2.30828851461411 2.25256043672562 2.4691688839127 -9999 -9999 -9999
-9999 -9999 -9999 -9999 -9999 -9999 -9999 -9999 -9999 -9999 -9999 -9999 -9999 -9999 -9999 -9999 -9999 -9999 -9999 -9999 -9999 -9999 1.47548215091228 1.5313653498888 1.20487202703953 0.827736362814903 1.30728227645159 1.27507312595844 1.01836272329092 0.792636014521122 0.696301124989986 0.683835379779339 0.702261753380299 0.725070364773273 0.717596992850304 0.741710610687733 0.741831377148628 0.672921359539032 0.637525498867035 0.809876382350922 0.789194698844637 0.732577487826347 0.745309129357338 0.814573511481285 0.818994753062725 1.2572179377079 1.53445702791214 1.68989378213882 1.76847219467163 1.8830172419548 1.74180293083191 1.82962507009506 1.91918921470642 2.31013208627701 2.44039957523346 -9999 -9999 -9999 -9999 -9999 -9999 -9999
-9999 -9999 -9999 -9999 -9999 -9999 -9999 -9999 -9999 -9999 -9999 -9999 -9999 -9999 -9999 -9999 -9999 -9999 -9999 2.78347881883383 1.94247633218765 1.63239338994026 1.21244323253632 0.892427980899811 0.737307384610176 0.841508634388447 1.00439324229956 0.967346996068954 0.777731247246265 0.616787239909172 0.614119112491608 0.591864734888077 0.558006383478642 0.563583388924599 0.607461735606194 0.6054652556777 0.61123088747263 0.638264246284962 0.658250257372856 0.623750634491444 0.729874514043331 0.632527872920036 0.792810380458832 0.872652366757393 0.949347361922264 1.40537427663803 1.73112595081329 1.98189693689346 2.05491560697556 2.15524706840515 2.09312771558762 -9999 -9999 -9999 -9999 -9999 -9999 -9999 -9999 -9999 -9999 -9999
-9999 -9999 -9999 -9999 -9999 -9999 -9999 -9999 -9999 -9999 -9999 -9999 -9999 -9999 -9999 -9999 -9999 2.21145528554916 2.82949420809746 2.49435451626778 1.92704366147518 1.20061160624027 0.73792876303196 0.647493749856949 0.613816492259502 0.617870606482029 0.59545049071312 0.563038498163223 0.560180626809597 0.529916994273663 0.530980870127678 0.522687748074532 0.536982737481594 0.535163998603821 0.630452737212181 0.657565061535154 0.70935098188264 0.644130371510983 0.625152736902237 0.605112746357918 0.671772748231888 0.657664127647877 0.737699612975121 0.834365241229534 1.29428958892822 1.83919733762741 1.88975483179092 1.93617743253708 2.23229126930237 2.00989379882813 1.98626636266708 -9999 -9999 -9999 -9999 -9999 -9999 -9999 -9999 -9999 -9999 -9999
-9999 -9999 -9999 -9999 -9999 -9999 -9999 -9999 -9999 -9999 -9999 -9999 -9999 -9999 2.93459916114807 3.03670656681061 2.63368499279022 2.16869848966599 1.07164089381695 1.21155826002359 1.13974012434483 0.834265105426311 0.61200787872076 0.560599140822887 0.558525390923023 0.54730349779129 0.505783125758171 0.51002736389637 0.518503122031689 0.503754749894142 0.490033507347107 0.498957753181458 0.40727099776268 0.448532268404961 0.489916875958443 0.707572996616364 0.758325025439262 0.747348994016647 0.636484488844872 0.609804376959801 0.611017517745495 0.572004742920399 0.666073501110077 0.743953518569469 1.31800013780594 1.73375138640404 1.90455150604248 2.09288853406906 2.09280073642731 2.04254400730133 1.90506219863892 1.97921876907349 -9999 -9999 -9999 -9999 -9999 -9999 -9999 -9999 -9999 -9999
-9999 -9999 -9999 -9999 -9999 -9999 -9999 -9999 -9999 -9999 -9999 3.560055909838 2.14203146696091 1.88304096460342 1.52092576026917 1.87458068132401 1.72213053703308 1.54592853784561 0.947952389717102 0.721071012318134 0.597409129142761 0.532667241990566 0.517715245485306 0.492442511022091 0.483611986041069 0.462796859443188 0.47358937561512 0.494477994740009 0.524919010698795 0.493165500462055 0.383513242006302 0.416372269392014 0.425986513495445 0.608727008104324 0.650774255394936 0.636693365871906 0.617136754095554 0.614855244755745 0.613406248390675 0.582738362252712 0.686657249927521 0.707816749811172 0.780283480882645 0.76102501899004 1.12409922480583 1.23326325416565 1.53868242502213 1.66404527425766 2.00850602388382 2.02482447624207 2.00727863718824 -9999 -9999 -9999 -9999 -9999 8.85095031330752 4.10227346420288 4.15699803829193 2.64255005121231 3.26930201053619 -9999
-9999 -9999 -9999 -9999 -9999 -9999 -9999 -9999 -9999 2.42280077934265 1.88056321035732 1.51534205675125 1.44772464036942 0.761988043785095 0.985693484544754 0.913321495056152 0.593525245785713 0.50941501557827 0.521213248372078 0.517456881701946 0.467321634292603 0.424045108258724 0.425455123186111 0.44361712038517 0.455384999513626 0.481452383100986 0.471553131937981 0.507894761860371 0.533477246761322 0.525209248065948 0.414143979549408 0.459594011306763 0.445455729961395 0.464551493525505 0.64163962751627 0.628733992576599 0.606299065053463 0.578558050096035 0.486443817615509 0.514932909607887 0.546388983726501 0.691044002771378 0.78175051510334 0.996762737631798 1.11269778013229 1.21038526296616 0.974145770072937 0.973445266485214 1.08323773741722 1.90114291906357 1.91429620981216 2.13395304679871 2.16829168796539 1.95690068873492 2.64299433231354 3.90345990657806 3.46783196926117 3.76539087295532 2.36405065655708 3.50207984447479 2.78633594512939 -9999
-9999 -9999 -9999 -9999 -9999 2.30812042951584 2.39711183309555 2.3950252532959 2.30491876602173 1.89853191375732 1.2106642127037 0.829495489597321 0.724563762545586 0.628315508365631 0.568278014659882 0.584485486149788 0.49252125620842 0.440150991082191 0.441128253936768 0.40378426015377 0.367710001766682 0.426910109817982 0.442316249012947 0.464228264987469 0.608820006251335 0.426517121493816 0.456844501197338 0.568642124533653 0.587468639016151 0.566254109144211 0.482104495167732 0.466074764728546 0.474008247256279 0.628843858838081 0.606799006462097 0.617272511124611 0.594742000102997 0.543656073510647 0.513944819569588 0.529276315122843 0.579639751464128 0.779580764472485 0.83390886336565 0.913046613335609 0.889809787273407 1.13340523838997 0.912618041038513 0.982668042182922 1.17085272073746 1.2783585190773 1.8347328543663 1.56792640686035 1.65918110311031 1.7200293391943 1.89462903141975 3.39031863212585 1.98485174775124 3.50466012954712 2.50528541207314 2.73012855648994 2.86390203237534 2.64786413311958
-9999 -9999 -9999 -9999 -9999 1.35016348958015 0.790376991033554 1.11078903079033 0.604872018098831 0.680295020341873 0.480386272072792 0.503366991877556 0.561536237597466 0.503567263484001 0.454734742641449 0.437858238816261 0.431058749556541 0.427265256643295 0.401984989643097 0.382283270359039 0.382828518748283 0.42059813439846 0.406909480690956 0.398168988525867 0.393175128847361 0.395452871918678 0.447511129081249 0.491363637149334 0.505367249250412 0.511625245213509 0.53897400945425 0.542694367468357 0.574389740824699 0.585748873651028 0.59664323925972 0.56319522857666 0.536086991429329 0.561586495488882 0.554560516029596 0.54823687300086 0.530536495149136 0.59246626496315 0.617401868104935 0.600604511797428 0.577024139463902 0.633768394589424 0.955210492014885 0.988852500915527 1.00268778204918 1.24679777026176 1.63665779829025 1.4879392683506 1.43514454364777 1.37410345673561 1.75593674182892 1.89819824695587 1.90311455726624 1.90028321743011 2.03306257724762 2.07600671052933 2.17042797803879 2.47303238511086
-9999 -9999 -9999 -9999 -9999 0.498317241668701 0.507051765918732 0.539444983005524 0.518229760229588 0.489480771124363 0.470736376941204 0.44463562220335 0.494698494672775 0.490822479128838 0.454107016324997 0.379145264625549 0.366790495812893 0.357648007571697 0.368471994996071 0.366110242903233 0.345726750791073 0.317823752760887 0.400344751775265 0.373536743223667 0.383956879377365 0.381477378308773 0.507944017648697 0.498427122831345 0.509629145264626 0.570197984576225 0.523533001542091 0.578176125884056 0.598615497350693 0.596603617072105 0.602858237922192 0.553799640387297 0.538794487714767 0.51944774389267 0.522589758038521 0.55393448472023 0.531905487179756 0.511269003152847 0.499298259615898 0.688798993825912 0.713565737009048 0.697752159833908 0.752887532114983 0.74329349398613 0.830672979354858 1.08256602287292 0.899216271936893 1.13611954450607 1.04877001047134 1.14684748649597 1.301952034235 1.63528203964233 1.8099353313446 1.8813037276268 1.90065371990204 2.27382069826126 2.04954600334167 2.17121967673302
-9999 -9999 -9999 -9999 -9999 0.523189499974251 0.559548385441303 0.533726625144482 0.532773368060589 0.502304993569851 0.533847749233246 0.459876760840416 0.512294992804527 0.504545241594315 0.500828236341476 0.461052730679512 0.446008488535881 0.450569987297058 0.469349250197411 0.469152018427849 0.462756738066673 0.467521123588085 0.428730010986328 0.435941241681576 0.445062503218651 0.430573254823685 0.452242255210876 0.420055501163006 0.427616246044636 0.430813506245613 0.479520365595818 0.533955372869968 0.548803120851517 0.603371635079384 0.586156122386456 0.590019002556801 0.548391759395599 0.498832002282143 0.529967486858368 0.483283758163452 0.472896486520767 0.424168989062309 0.465456370264292 0.52105088531971 0.534234009683132 0.520531117916107 0.536878131330013 0.602295376360416 0.890951961278915 0.947629541158676 0.978015750646591 0.940004289150238 0.952158719301224 1.15998896956444 1.49661076068878 1.53166651725769 1.58485579490662 1.69233298301697 1.79760754108429 2.10583502054214 1.96418470144272 1.98717677593231
-9999 -9999 -9999 -9999 -9999 0.547959007322788 0.543755628168583 0.556319251656532 0.547014266252518 0.551323994994164 0.559435486793518 0.569802761077881 0.539433494210243 0.522706478834152 0.546087503433228 0.523439258337021 0.509391009807587 0.496215730905533 0.490103244781494 0.477924764156342 0.487932376563549 0.447448521852493 0.440786987543106 0.504390746355057 0.523731514811516 0.530639752745628 0.542063236236572 0.489286132156849 0.48080588132143 0.469899751245975 0.478763245046139 0.568148508667946 0.58593025803566 0.554187007248402 0.537330016493797 0.538413360714912 0.486589759588242 0.456095486879349 0.421664997935295 0.432310871779919 0.45092199742794 0.461307764053345 0.402484253048897 0.418382998555899 0.433110002428293 0.469725754112005 0.510472141206264 0.524152860045433 0.557301744818687 0.591932617127895 0.66270037740469 0.757237896323204 1.10477328300476 1.29992696642876 1.22696551680565 1.34722951054573 1.68595951795578 1.71249604225159 1.62251329421997 1.69412630796432 2.01370418071747 2.13419026136398
