EcologicalScience/Bass/data/rs_data_bass/chl_71.asc
NCOLS 226 
NROWS 124 
XLLCORNER -9.41648524995501 
YLLCORNER 47.587301625531 
CELLSIZE 0.0833 
NODATA_value -9999 
[rows 54 to 80 of 124, columns 124 to 185 of 226]
1.56565654277802 1.49241676926613 1.25034749507904 1.05493050813675 1.20523273944855 1.55530428886414 1.60649031400681 1.09812453389168 1.08694723248482 1.10810324549675 0.999143958091736 0.926371514797211 0.738213747739792 0.704068511724472 0.666574493050575 0.758273273706436 0.723437994718552 0.723367497324944 0.800948292016983 0.856512039899826 0.956038534641266 0.994494706392288 1.39716964960098 0.784205973148346 1.57552362978458 2.13548335433006 2.23618903756142 0.876969993114471 0.78921976685524 2.32221011817455 1.07966324687004 0.872758537530899 0.857148706912994 0.840964525938034 2.0255920290947 2.04930317401886 2.20265746116638 2.12890493869781 1.68694072961807 1.21518701314926 1.12836822867393 1.75292766094208 1.75145995616913 1.9411409497261 2.0845867395401 2.92726045846939 4.83297657966614 2.42490667104721 1.91497582197189 3.36815044283867 3.21520384720394 4.00012846787771 3.30606289207935 6.77727270126343 5.79046940803528 6.34858989715576 9.61222171783447 10.5980963456003 9.27795052528381 13.1088223457336 13.2047209739685 15.3082094221819
1.60801953077316 1.43326798081398 1.4383499622345 1.33522126078606 1.2372217476368 1.31746199727058 1.41693449020386 1.40547528862953 1.10138404369354 1.04963475465775 1.00938820838928 0.981615722179413 0.973503738641739 0.720393732190132 0.724699482321739 0.765667498111725 0.77269721031189 0.867926269769669 0.910034269094467 0.952996462583542 0.999197959899902 1.00785076618195 1.49450102448463 1.64990213513374 1.72199150919914 1.77580779790878 1.78559294342995 0.847031235694885 0.817555993795395 2.34801909327507 1.14272099733353 1.10195177793503 0.517801478505135 0.430683732032776 1.88914746046066 1.93786722421646 1.61477202177048 0.49974225461483 1.15651249885559 0.831243753433228 0.720074236392975 0.850117474794388 1.33335149288177 1.68151277303696 1.71580642461777 1.49012625217438 1.78878146409988 1.84799695014954 5.8436027765274 6.10220554896763 4.81799345357078 4.96728515625 6.29204392433167 7.02723598480225 6.58269596099854 5.9061906337738 10.5720698833466 -9999 -9999 -9999 -9999 -9999
1.68009066581726 1.77592724561691 1.62563556432724 1.44720071554184 1.47065404057503 1.31993401050568 1.41258671879768 1.3359067440033 1.06087347865105 1.0567469894886 1.05470770597458 1.02708300948143 0.99692702293396 0.943362772464752 0.99548551440239 0.852090775966644 0.784811228513718 0.832058250904083 0.88359671831131 0.82987654209137 0.764280706644058 0.732617229223251 1.41656430065632 1.6388718187809 1.73476633429527 1.76202517747879 1.79840415716171 0.734162509441376 0.71791398525238 0.701204001903534 0.650387495756149 1.49982006847858 0.980896264314651 1.61471349000931 0.506762981414795 1.40148366987705 1.50468328595161 0.799752026796341 4.2442409992218 2.04406356811523 0.95387327671051 0.933836996555328 16.1891069412231 2.98530596494675 1.26166275143623 2.28524547815323 1.17049804329872 7.76741103827953 7.21767578806196 5.10761771883283 4.99425310747964 4.99418066229139 7.9786009571769 14.6965847050186 -9999 -9999 -9999 -9999 -9999 -9999 -9999 -9999
2.56742852926254 2.14884674549103 1.77424728870392 1.55377417802811 1.42777651548386 1.56368333101273 1.35284927487373 1.09687426686287 1.08451277017593 0.971188455820084 0.913657486438751 1.01893052458763 1.0077637732029 0.951722234487534 0.793314725160599 0.985276490449905 1.0351095199585 0.827550709247589 0.801976472139359 0.800366252660751 0.727309495210648 0.676167771220207 0.737683519721031 1.56568913161755 1.77294927835464 1.7696450650692 1.58686190843582 0.735487014055252 0.687370777130127 0.652786746621132 0.628179997205734 0.661052003502846 0.784440994262695 1.2728509157896 1.26623424887657 1.33854699134827 1.14245626330376 0.933322757482529 0.629299759864807 1.16447997093201 1.37491804361343 1.04413577914238 0.732980221509933 1.30935600399971 1.43745678663254 2.6066055893898 3.89392876625061 7.83267220663368 5.79287886619568 5.86840105056763 5.76577305793762 11.6250672340393 34.2030090093613 -9999 -9999 -9999 -9999 -9999 -9999 -9999 -9999 -9999
3.35603857040405 3.71161186695099 3.26222240924835 3.11659491062164 2.81196141242981 2.55594366788864 1.75437444448471 1.4417729973793 1.23723077774048 1.09808251261711 1.1069347858429 0.836131542921066 0.827602475881577 0.842907786369324 0.836740493774414 0.697208985686302 1.11410996317863 0.9597427546978 0.944019734859467 0.937061995267868 0.835431039333344 1.43879748880863 1.44366922974586 1.68341280519962 1.73949730396271 1.76753926277161 1.49374794960022 0.73124098777771 0.735590755939484 0.708724483847618 0.673106998205185 0.584313496947289 0.908862546086311 1.21076528728008 1.3271190226078 1.63861790299416 1.79305574297905 0.559460237622261 0.605919748544693 0.914727777242661 0.997786998748779 2.0250129699707 2.43405250310898 3.02686446905136 4.80577319860458 3.17285416807447 11.9647436141968 11.9516352244786 7.80939445495606 8.47696781158447 5.97809761762619 27.3823156356812 45.8199348449707 -9999 -9999 -9999 -9999 -9999 -9999 -9999 -9999 -9999
-9999 5.00651836395264 5.59179282188416 5.23499393463135 4.40537631511688 4.45444142818451 4.03924798965454 2.27335041761398 1.85522478818893 1.49729776382446 1.14997270703316 1.06634321808815 0.922643959522247 0.844856232404709 0.822549730539322 0.786258727312088 0.99131253361702 1.08680999279022 1.08813527226448 1.00205102562904 0.847698748111725 0.810170978307724 1.48916798830032 1.64272047579288 1.66249676048756 1.55614279210567 1.55875915288925 0.835169464349747 0.87247097492218 0.818572759628296 0.714800477027893 0.587156519293785 0.550062000751495 1.15728870034218 1.13529834151268 1.2690973430872 1.75146943330765 0.943321228027344 0.879775762557983 0.896340489387512 1.39375200867653 2.05458801984787 6.50160241127014 3.50337517261505 6.58622932434082 -9999 6.24153941869736 10.1340143680573 13.0325675010681 11.2260789871216 20.1757378578186 24.0035848617554 47.5863647460938 18.7626885550363 -9999 -9999 -9999 -9999 -9999 -9999 -9999 -9999
-9999 -9999 -9999 -9999 -9999 2.28387522697449 3.91386437416077 2.62321043014526 1.87878066301346 1.69697105884552 1.62417304515839 1.30832174420357 1.29728096723557 1.12023371458054 0.976345539093018 1.14324671030045 1.05889427661896 1.0069605410099 1.02168229222298 0.912505477666855 0.998631745576859 1.2965549826622 1.4351087808609 1.47248281538486 1.51744821667671 1.59855079650879 1.71498973667622 1.76283685863018 1.82267314195633 0.855821520090103 0.714252263307571 0.630677998065948 0.613897264003754 0.618638753890991 0.520329013466835 1.05900456011295 0.881663233041763 0.854395240545273 0.82363623380661 0.871624737977982 0.645095229148865 0.748983755707741 1.11258602142334 2.47184032201767 3.98874235153198 28.9719263673986 -9999 -9999 -9999 -9999 31.2325143814087 50.3989677429199 60.3916683197021 -9999 -9999 -9999 -9999 -9999 -9999 -9999 -9999 -9999
-9999 -9999 -9999 -9999 -9999 -9999 -9999 -9999 3.5915355682373 1.51516646146774 1.22557121515274 1.28231996297836 1.40957102179527 1.40111321210861 1.18162053823471 1.1955052614212 1.18658852577209 1.10648846626282 1.07624325156212 0.999709457159042 0.931766957044601 1.38031724095345 1.81109780073166 1.5346040725708 1.81975311040878 2.10859268903732 2.28895998001099 1.74247589707375 1.52024759352207 0.90860578417778 1.14685392379761 0.727496474981308 0.669517755508423 0.64756852388382 0.551697999238968 1.18530218303204 1.1736104786396 1.22328396141529 1.04801747202873 0.710395485162735 0.828381031751633 1.07533049583435 2.3009512424469 9.22306966781616 27.6000531128475 29.0682649612427 -9999 -9999 -9999 -9999 17.548882484436 14.3485651436974 57.2592945098877 47.9949645996094 32.2450938820839 18.7635519837224 -9999 -9999 -9999 -9999 -9999 -9999
-9999 -9999 -9999 -9999 -9999 -9999 -9999 -9999 -9999 -9999 2.11229628324509 1.72721242904663 1.69266593456268 1.61952066421509 1.67636257410049 1.36664924025536 1.18185147643089 1.10846775770187 1.14136576652527 1.16439145803452 1.96685618162155 2.0971223115921 2.08551156520844 1.75104528665543 1.23287549614906 0.848351240158081 0.747302234172821 1.34646065533161 1.19888761639595 1.06056618690491 1.05365958809853 0.997343748807907 1.02629823982716 1.18914614617825 0.63069349527359 1.13725005090237 1.29186509549618 1.44808258116245 1.61722187697887 0.993440240621567 1.29079878330231 2.39794421195984 5.57863891124725 63.7610321044922 16.6871314176078 -9999 -9999 -9999 -9999 -9999 -9999 -9999 3.71103054285049 47.1433811187744 70.4230041503906 7.95725831985474 10.8786277770996 -9999 -9999 -9999 -9999 -9999
-9999 -9999 -9999 -9999 -9999 -9999 -9999 -9999 -9999 4.3704868555069 3.15919125080109 2.48101794719696 2.1308730840683 2.16875624656677 2.05478256940842 1.50991272926331 1.17536553740501 1.04329347610474 1.36170002818108 2.18413352966309 2.46296775341034 2.36230731010437 1.90143978595734 1.42841845750809 1.07136377692223 0.880009531974792 0.868947744369507 0.84960749745369 0.796256214380264 1.06289631128311 1.04838126897812 1.02762076258659 1.2437390089035 1.09191352128983 0.773458003997803 1.46915084123611 1.61789475381374 2.00151810050011 0.99640953540802 1.35449776053429 2.61005258560181 4.52839636802673 10.4253387451172 26.0338497161865 32.9361053959837 33.0447750091553 -9999 -9999 -9999 19.7095513343811 16.5605549812317 14.0096712112427 14.1702332496643 17.4555616378784 13.7636783123016 9.26206564903259 -9999 -9999 -9999 -9999 -9999 -9999
-9999 -9999 -9999 -9999 -9999 -9999 -9999 -9999 -9999 -9999 3.70292615890503 3.15542936325073 3.07886624336243 2.88683617115021 2.12697833776474 1.64033854007721 1.39183428883553 1.19025903940201 1.28857353329659 2.21045404672623 1.63778328895569 1.15723496675491 0.981119960546494 0.939766466617584 0.93003523349762 1.08319947123528 1.01504704356194 0.843676507472992 0.727859258651733 0.668695494532585 1.01377733051777 1.28079986572266 1.51575788855553 1.41576491296291 0.996071726083755 0.998783499002457 1.91742271184921 1.07206428050995 1.30848526954651 2.34768891334534 4.0926765203476 9.67521142959595 15.9350709915161 29.1216087341309 9.94095293873722 -9999 -9999 -9999 -9999 -9999 19.2808227539062 16.1265377998352 14.1251449584961 14.9479451179504 16.6051468849182 -9999 -9999 -9999 -9999 -9999 -9999 -9999
-9999 -9999 -9999 -9999 -9999 -9999 -9999 -9999 -9999 3.67937564849854 3.41756629943848 2.91895723342896 2.66815280914307 2.44851458072662 2.0770515203476 1.73764801025391 1.55270844697952 1.59626930952072 1.51114869117737 1.4096602499485 1.12611302733421 0.885985493659973 0.930226475000381 0.982206791639328 1.08245024085045 1.03535172343254 0.850280284881592 0.748234480619431 1.00114274024963 1.04527428746223 1.17606899142265 1.15690100193024 1.37308582663536 1.74480468034744 1.0451965034008 1.10232576727867 1.34062576293945 0.938386470079422 1.66137903928757 2.46774816513062 4.00611448287964 8.74250292778015 16.6227278709412 5.93407749666751 3.86466658115387 -9999 -9999 -9999 -9999 -9999 18.2772143259645 24.3737211227417 28.9083738327026 -9999 -9999 -9999 -9999 -9999 -9999 -9999 -9999 -9999
-9999 -9999 -9999 -9999 -9999 -9999 -9999 -9999 -9999 3.58187556266785 3.32207715511322 2.66607141494751 2.21100300550461 2.00051844120026 1.74000066518784 1.84329307079315 1.5680016875267 1.57324808835983 1.51727092266083 1.18290227651596 0.991083025932312 0.95898225903511 0.951264023780823 0.92537847161293 0.996810793876648 0.970013290643692 0.901994258165359 0.901711463928223 1.03882876038551 1.0293465256691 0.948295533657074 0.982134014368057 1.70664972066879 1.98981973528862 1.76887875795364 1.14758172631264 0.876239240169525 1.97606921195984 2.92469018697739 4.4758118391037 6.85737061500549 16.9121732711792 15.0258951187134 13.2042340271681 3.86466693878174 -9999 -9999 -9999 -9999 12.1949715614319 -9999 -9999 -9999 -9999 -9999 -9999 -9999 -9999 -9999 -9999 -9999 -9999
-9999 -9999 -9999 -9999 -9999 -9999 -9999 -9999 -9999 3.65456092357635 2.87982219457626 2.55856204032898 2.25975751876831 2.36601233482361 1.56423228979111 1.69970101118088 1.53700268268585 1.39432945847511 1.34618479013443 1.10596498847008 0.909683972597122 0.796077042818069 0.787784278392792 0.898513466119766 0.959657281637192 0.941029518842697 0.924132764339447 1.06279125809669 1.23893246054649 1.15267351269722 1.00525724887848 1.50909143686295 1.84440296888351 2.09202378988266 2.05688542127609 2.03428208827972 1.72519880533218 2.49566924571991 3.35326874256134 5.36191034317017 11.0615494251251 21.7544445991516 8.81666576088249 -9999 -9999 -9999 -9999 -9999 -9999 -9999 -9999 -9999 -9999 -9999 -9999 -9999 -9999 -9999 -9999 -9999 -9999 -9999
-9999 -9999 -9999 -9999 -9999 -9999 -9999 -9999 -9999 3.16135203838348 2.31076866388321 2.07412505149841 2.23457854986191 1.95364344120026 1.71979129314423 1.5567022562027 1.3747267127037 1.2688424885273 1.10890424251556 0.835802257061005 0.761958003044128 0.72485925257206 0.857478708028793 0.877568274736404 0.854693233966827 0.852724492549896 0.890436708927155 1.09960350394249 1.32092472910881 1.41756454110146 1.51260602474213 2.0105819106102 2.08833307027817 2.17331475019455 2.38799250125885 2.81162399053574 3.27173388004303 3.53833258152008 4.4822301864624 6.54130554199219 9.6002082824707 4.60372734069824 3.3180906988052 -9999 -9999 -9999 -9999 -9999 -9999 -9999 -9999 -9999 -9999 -9999 -9999 -9999 -9999 -9999 -9999 -9999 -9999 -9999
-9999 -9999 -9999 -9999 -9999 -9999 -9999 3.28386068344116 3.06269415787288 2.94858366250992 2.35511702299118 2.03249698877335 2.14407366514206 2.25434392690659 1.74265730381012 1.23723077774048 0.958955258131027 0.931086033582687 0.93283349275589 0.775761008262634 0.751959711313248 0.779462277889252 0.855119258165359 0.779179483652115 0.806534975767136 0.900866210460663 1.14484199881554 1.16401952505112 1.23439201712608 1.30820775032043 1.38935172557831 1.51637774705887 1.83398258686066 2.31390970945358 2.69130975008011 3.90037107467651 3.8549040555954 4.62119257450104 6.15025949478149 7.12422823905945 5.78490329830392 5.69786846637726 3.25656187534332 -9999 -9999 -9999 -9999 -9999 -9999 -9999 -9999 -9999 -9999 -9999 -9999 -9999 -9999 -9999 -9999 -9999 -9999 -9999
-9999 -9999 -9999 -9999 -9999 -9999 4.298020362854 4.43925762176514 3.72852444648743 2.23578232526779 1.85093325376511 1.91963928937912 2.23380982875824 1.94939017295837 1.58368420600891 1.17851328849792 0.880961269140244 0.814179718494415 0.802101731300354 0.780672758817673 0.77273029088974 0.826818734407425 0.764723271131516 0.743445754051208 0.760364234447479 0.880967974662781 1.4048744738102 1.55180096626282 1.89453595876694 1.93830299377441 2.22766649723053 1.98341774940491 1.96716606616974 1.77693003416061 2.26698982715607 4.25731515884399 4.44104862213135 5.41872239112854 7.42144274711609 -9999 -9999 -9999 -9999 -9999 -9999 -9999 -9999 -9999 -9999 -9999 -9999 -9999 -9999 -9999 -9999 -9999 -9999 -9999 -9999 -9999 -9999 -9999
-9999 -9999 -9999 -9999 4.69118642807007 4.09896969795227 3.9070440530777 3.45903968811035 1.97361516952515 1.61914801597595 1.63731908798218 1.93318569660187 2.11641973257065 1.65716171264648 1.3675642311573 1.16918179392815 0.979816496372223 0.836389482021332 0.746514022350311 0.700511991977692 0.70882348716259 0.739432498812675 0.759491264820099 0.837009787559509 0.873799502849579 0.976680725812912 1.0597605407238 0.988334208726883 1.01668953895569 1.23497995734215 1.48391103744507 1.64812642335892 1.97916519641876 2.39762932062149 4.50766932964325 6.5538067817688 7.43019890785217 10.3410155424911 -9999 -9999 -9999 -9999 -9999 -9999 -9999 -9999 -9999 -9999 -9999 -9999 -9999 -9999 -9999 -9999 -9999 -9999 -9999 -9999 -9999 -9999 -9999 -9999
-9999 -9999 -9999 -9999 3.45874357223511 3.39394283294678 3.38106071949005 2.82040572166443 1.94211083650589 1.78475028276443 1.50017327070236 1.71676808595657 1.93597269058228 1.50029557943344 1.20758771896362 1.2090360224247 1.17446699738503 0.8424052298069 0.722436770796776 0.723131239414215 0.744291767477989 0.792726784944534 0.882848292589188 1.22049450874329 1.25523152947426 1.16393548250198 1.09386822581291 1.0691385269165 1.06787922978401 1.30279272794724 1.48811101913452 1.78698670864105 2.11433333158493 4.2638121843338 9.09206199645996 16.8821096420288 14.8871011734009 -9999 -9999 -9999 -9999 -9999 -9999 -9999 -9999 -9999 -9999 -9999 -9999 -9999 -9999 -9999 -9999 -9999 -9999 -9999 -9999 -9999 -9999 -9999 -9999 -9999
-9999 4.07660703617951 3.93287289142609 3.72693836688995 3.63556122779846 3.25317299365997 3.14298284053802 3.15235412120819 2.46462446451187 2.22855377197266 1.89486676454544 1.56043642759323 1.57387644052505 1.35945153236389 1.28757753968239 1.34632202982903 1.00632825493813 0.900720745325089 0.845495223999023 0.809031039476395 0.798308998346329 1.14069521427155 1.21527376770973 1.33262622356415 1.33772626519203 1.23610353469849 1.19186925888062 1.29054147005081 1.37866652011871 1.73518127202988 2.10893779993057 2.70534753799438 4.12040555477142 8.52331709861755 5.30051035881042 -9999 -9999 -9999 -9999 -9999 -9999 -9999 -9999 -9999 -9999 -9999 -9999 -9999 -9999 -9999 -9999 -9999 -9999 -9999 -9999 -9999 -9999 -9999 -9999 -9999 -9999 -9999
4.19090135530992 4.81342506408691 4.04593884944916 3.65096533298492 3.27550792694092 3.30081152915955 3.12788307666779 3.11293423175812 2.39563947916031 2.21383720636368 1.81985700130463 1.48092895746231 1.41549825668335 1.15933728218079 1.24915498495102 1.28044572472572 1.08634650707245 0.932489991188049 0.810132712125778 0.825434982776642 1.29552599787712 1.35177978873253 1.41053321957588 1.37859079241753 1.37141624093056 1.64353501796722 2.14864200353622 3.02478432655334 2.33461493253708 3.02791714668274 4.69284152984619 8.05055451393127 9.11496233940125 -9999 -9999 -9999 -9999 -9999 -9999 -9999 -9999 -9999 -9999 -9999 -9999 -9999 -9999 -9999 -9999 -9999 -9999 -9999 -9999 -9999 -9999 -9999 -9999 -9999 -9999 -9999 -9999 -9999
4.65116513859142 4.18004536628723 3.94225108623505 3.63129687309265 3.44604742527008 3.30225741863251 3.14840769767761 2.29043483734131 2.17541992664337 1.79785877466202 1.60254371166229 1.50446176528931 1.26891526579857 1.11694201827049 1.20928725600243 1.23216453194618 0.969311982393265 0.860776484012604 0.754794716835022 1.07206571102142 1.97317796945572 1.98258966207504 1.93528944253922 1.89968633651733 1.79137051105499 2.86628991365433 2.87917506694794 3.79424321651459 4.42107760906219 5.57436311244965 8.27202844619751 8.66305375099182 7.87765860557556 5.82324570103695 6.16171085834503 3.48978137969971 -9999 -9999 -9999 -9999 -9999 -9999 -9999 -9999 -9999 -9999 -9999 -9999 -9999 -9999 -9999 -9999 -9999 -9999 -9999 -9999 -9999 -9999 -9999 -9999 -9999 -9999
4.14913201332092 3.81060004234314 3.59805536270142 3.78829336166382 3.65987169742584 3.05982899665833 2.56652247905731 1.93416523933411 1.84355092048645 1.92392474412918 1.81650531291962 1.4284440279007 1.160355001688 1.12916028499603 1.06838402152061 0.959411233663559 0.782739043235779 0.854309231042862 1.34369999170303 1.98752921819687 2.61129516363144 2.60917657613754 2.65306127071381 3.07058537006378 4.15616834163666 5.63230633735657 6.52911043167114 6.4963595867157 6.98111271858215 8.01972842216492 3.32301807403564 -9999 -9999 -9999 -9999 -9999 -9999 -9999 -9999 -9999 -9999 -9999 -9999 -9999 -9999 -9999 -9999 -9999 -9999 -9999 -9999 -9999 -9999 -9999 -9999 -9999 -9999 -9999 -9999 -9999 -9999 -9999
4.03322410583496 3.74543488025665 3.72668159008026 3.46795427799225 3.45054960250854 2.90289974212646 2.76623243093491 2.26830446720123 2.44685626029968 2.28477966785431 1.83230692148209 1.13044649362564 1.09039199352264 1.05798974633217 0.91856324672699 0.810213714838028 1.06379547715187 1.54829478263855 2.19772356748581 3.9665265083313 4.25496447086334 4.12321650981903 5.60675382614136 7.02816939353943 6.80647158622742 4.09548139572144 4.4774444103241 5.12384462356567 8.90748238563538 8.4696364402771 10.0140380859375 14.1904721260071 -9999 -9999 -9999 -9999 -9999 -9999 13.3135442733765 12.6942715644836 -9999 -9999 -9999 -9999 -9999 -9999 -9999 -9999 -9999 -9999 -9999 -9999 -9999 -9999 -9999 -9999 -9999 -9999 -9999 -9999 -9999 -9999
3.53857362270355 4.59474885463715 3.87608778476715 4.2571485042572 3.4235976934433 3.07731091976166 2.73393899202347 3.02847826480865 2.70832657814026 2.31335252523422 1.72970920801163 1.08990973234177 0.982902735471725 0.981669008731842 0.942386984825134 1.36161303520203 1.70757669210434 2.10852974653244 3.43847107887268 7.49995350837708 8.52032947540283 9.36225056648254 8.8248016834259 5.58235573768616 4.59464406967163 4.11896395683289 4.45928406715393 5.37422704696655 6.70882773399353 10.4808855056763 4.51436474448756 3.42093944549561 -9999 -9999 -9999 -9999 -9999 -9999 -9999 -9999 -9999 -9999 -9999 -9999 -9999 -9999 -9999 -9999 -9999 -9999 -9999 -9999 -9999 -9999 -9999 -9999 -9999 -9999 -9999 -9999 -9999 -9999
-9999 -9999 -9999 -9999 -9999 3.35701372748927 3.31031262874603 2.84303551912308 2.30003392696381 2.10138756036758 1.43656575679779 1.55527871847153 1.32207226753235 1.39459875226021 1.67012929916382 1.66372132301331 2.09140205383301 3.40783882141113 4.89679205417633 15.830593585968 17.4083061218262 14.258397102356 11.0220587253571 5.86184084415436 3.61314582824707 3.43006177246571 -9999 -9999 -9999 -9999 -9999 -9999 -9999 -9999 -9999 -9999 -9999 -9999 -9999 -9999 -9999 -9999 -9999 -9999 -9999 -9999 -9999 -9999 -9999 -9999 -9999 -9999 -9999 -9999 -9999 -9999 -9999 -9999 -9999 -9999 -9999 -9999
-9999 -9999 -9999 -9999 -9999 -9999 2.5661249756813 2.04521244764328 1.49874150753021 1.35853126645088 2.97021156549454 2.16190499067307 2.15982592105865 1.96111643314362 2.21918624639511 3.46017229557037 4.51390564441681 6.07212495803833 11.3112752437592 22.1510281562805 13.376645565033 8.27498245239258 23.2555475234985 4.39319157600403 -9999 -9999 -9999 -9999 -9999 -9999 -9999 -9999 -9999 -9999 -9999 -9999 -9999 -9999 -9999 -9999 -9999 -9999 -9999 -9999 -9999 -9999 -9999 -9999 -9999 -9999 -9999 -9999 -9999 -9999 -9999 -9999 -9999 -9999 -9999 -9999 -9999 -9999
