EcologicalScience/Bass/data/rs_data_bass/chl_373.asc
NCOLS 226 
NROWS 124 
XLLCORNER -9.41648524995501 
YLLCORNER 47.587301625531 
CELLSIZE 0.0833 
NODATA_value -9999 
[rows 0 to 26 of 124, columns 62 to 123 of 226]
-9999 -9999 -9999 -9999 -9999 -9999 -9999 -9999 -9999 -9999 -9999 -9999 -9999 -9999 -9999 -9999 -9999 -9999 -9999 -9999 -9999 -9999 -9999 -9999 -9999 -9999 -9999 -9999 -9999 -9999 -9999 -9999 -9999 -9999 -9999 -9999 -9999 -9999 -9999 -9999 -9999 -9999 -9999 -9999 -9999 -9999 -9999 -9999 -9999 -9999 -9999 -9999 -9999 -9999 -9999 -9999 -9999 -9999 -9999 -9999 -9999 -9999
-9999 -9999 -9999 -9999 -9999 -9999 -9999 -9999 -9999 -9999 -9999 -9999 -9999 -9999 -9999 -9999 -9999 -9999 -9999 -9999 -9999 -9999 -9999 -9999 -9999 -9999 -9999 -9999 -9999 -9999 -9999 -9999 -9999 -9999 -9999 -9999 -9999 -9999 -9999 -9999 -9999 -9999 -9999 -9999 -9999 -9999 -9999 -9999 -9999 -9999 -9999 -9999 -9999 -9999 -9999 -9999 -9999 -9999 -9999 -9999 -9999 -9999
-9999 -9999 -9999 -9999 -9999 -9999 -9999 -9999 -9999 -9999 -9999 -9999 -9999 -9999 -9999 -9999 -9999 -9999 -9999 -9999 -9999 -9999 -9999 -9999 -9999 -9999 -9999 -9999 -9999 -9999 -9999 -9999 -9999 -9999 -9999 -9999 -9999 -9999 -9999 -9999 -9999 -9999 -9999 -9999 -9999 -9999 -9999 -9999 -9999 -9999 -9999 -9999 -9999 -9999 -9999 -9999 -9999 -9999 -9999 -9999 -9999 -9999
-9999 -9999 -9999 -9999 -9999 -9999 -9999 -9999 -9999 -9999 -9999 -9999 -9999 -9999 -9999 -9999 -9999 -9999 -9999 -9999 -9999 -9999 -9999 -9999 -9999 -9999 -9999 -9999 -9999 -9999 -9999 -9999 -9999 -9999 -9999 -9999 -9999 -9999 -9999 -9999 -9999 -9999 -9999 -9999 -9999 -9999 -9999 -9999 -9999 -9999 -9999 -9999 -9999 -9999 -9999 -9999 -9999 -9999 -9999 -9999 -9999 -9999
-9999 -9999 -9999 -9999 -9999 -9999 -9999 -9999 -9999 -9999 -9999 -9999 -9999 -9999 -9999 -9999 -9999 -9999 -9999 -9999 -9999 -9999 -9999 -9999 -9999 -9999 -9999 -9999 -9999 -9999 -9999 -9999 -9999 -9999 -9999 -9999 -9999 -9999 -9999 -9999 -9999 -9999 -9999 -9999 -9999 -9999 -9999 -9999 -9999 -9999 -9999 -9999 -9999 -9999 -9999 -9999 -9999 -9999 -9999 -9999 -9999 -9999
-9999 -9999 -9999 -9999 -9999 -9999 -9999 -9999 -9999 -9999 -9999 -9999 -9999 -9999 -9999 -9999 -9999 -9999 -9999 -9999 -9999 -9999 -9999 -9999 -9999 -9999 -9999 -9999 0.63735419511795 1.29594520332604 1.51693390948432 0.708055852090611 0.632612065357321 0.651343719047659 0.637497809003381 0.551389267047246 0.468944484988848 0.490406826138496 0.463079233964284 0.62711350992322 0.634290838614106 0.63815232552588 0.500487530056168 0.497300747562857 0.501123397665865 0.494956310181057 0.537181947380304 0.504007318988442 0.503155410289764 0.512996982783079 0.504204293712974 0.474660359323025 0.469341170042753 0.479429620318115 0.482941584661603 0.386029021266629 0.371550247949712 0.383665650644723 0.383340923225178 0.455333077732255 0.454318014137885 0.469148258075995
-9999 -9999 -9999 -9999 -9999 -9999 -9999 -9999 -9999 -9999 -9999 -9999 -9999 -9999 -9999 -9999 -9999 -9999 -9999 -9999 -9999 -9999 -9999 -9999 -9999 -9999 1.18186515569687 1.0627324283123 4.45066480014635 1.37228411436081 1.04827005788684 0.79967075586319 0.712972159186999 0.680610487858454 0.613693640512579 0.607704060042606 0.574830911615316 0.664028702303767 0.702813383191824 0.687338618561625 0.670768797397614 0.631086649373174 0.604012420400977 0.605819340795279 0.572755213826895 0.534394422546029 0.481145163998008 0.498245341703296 0.515664277598262 0.519400209188461 0.493476005271077 0.485506578348577 0.498634113930166 0.510333666577935 0.524662985466421 0.494543795473874 0.462041985243559 0.376353839741034 0.353394527645672 0.426631866954267 0.454036881818491 0.439965674105813
-9999 -9999 -9999 -9999 -9999 -9999 -9999 -9999 -9999 -9999 -9999 -9999 -9999 -9999 -9999 -9999 -9999 -9999 -9999 -9999 -9999 -9999 -9999 -9999 -9999 -9999 1.18186515569687 1.94196574311507 1.67113763093948 1.14894804731011 0.888229016214609 0.806850688531995 0.794332338497043 0.694005019962788 0.701939050108194 0.715708320960402 0.706546140834689 0.694197189062834 0.708902360871434 0.675515424460173 0.648891102522612 0.609952881932259 0.554928150247125 0.59241252578795 0.569139925763011 0.531016957014799 0.493736107559765 0.491884339381667 0.549223864451051 0.537711007520556 0.516705270856619 0.513989045284688 0.497525920160115 0.507869244553149 0.507709139026701 0.486049113795161 0.470844944939017 0.448630208149552 0.448047830723226 0.429370952770114 0.395855362527072 0.384076416492462
-9999 -9999 -9999 -9999 -9999 -9999 -9999 -9999 -9999 -9999 -9999 -9999 -9999 -9999 -9999 -9999 -9999 -9999 -9999 -9999 -9999 -9999 -9999 -9999 -9999 -9999 1.90717820610319 1.50435699149966 1.14209581911564 0.868662916123867 0.682092636823654 0.78284858353436 0.737386772409081 0.695946743711829 0.751184318214655 0.754363864660263 0.723526798188686 0.712891604751348 0.678959056735039 0.68088617362082 0.673227371647954 0.62715658172965 0.596562372520566 0.583218762651086 0.57404438406229 0.512312169460689 0.623861823230982 0.603590793907642 0.551674956455827 0.453956419492469 0.451381818336599 0.471349007943097 0.431925118846052 0.497254782356322 0.488333428278565 0.490086263045669 0.454632944427431 0.440703941618695 0.471260045381153 0.47280777990818 0.405189642682672 0.387569616548717
-9999 -9999 -9999 -9999 -9999 -9999 -9999 -9999 -9999 -9999 -9999 -9999 -9999 -9999 -9999 -9999 -9999 -9999 -9999 -9999 -9999 -9999 -9999 -9999 -9999 1.19121462106705 1.26249446421862 1.24791141226888 1.01618086919188 0.936552152037621 0.727177911821534 0.90862163901329 0.85219594091177 0.803575113415718 0.77762757986784 0.78454446606338 0.768694432452321 0.758027533069253 0.693494634702802 0.672694964334369 0.637573298066854 0.639654641970992 0.620430836454034 0.584042429924011 0.570462729781866 0.554448271170259 0.553780219517648 0.516416251659393 0.498168359510601 0.475262160412967 0.484878469258547 0.456422818824649 0.375296161893536 0.356113891829463 0.360709372907877 0.361720994114876 0.418405368924141 0.459137488813961 0.440995140110745 0.433464215082281 0.424353158649276 0.376328433863819
-9999 -9999 -9999 -9999 -9999 -9999 -9999 -9999 -9999 -9999 -9999 -9999 -9999 -9999 -9999 -9999 -9999 -9999 -9999 -9999 -9999 -9999 -9999 -9999 -9999 1.41963283482351 1.43353047966957 1.0828133970499 1.00025224685669 0.871433906257153 0.832059999927878 0.91034241579473 0.874113623052835 0.781212620437145 0.866085721179843 0.845107320696115 0.787565438076854 0.785610716789961 0.73750582896173 0.714513078331947 0.703439159318805 0.67716290988028 0.642792921513319 0.636172983795404 0.608648054301739 0.549678297713399 0.558464717119932 0.558200357481837 0.512500690296292 0.492332791909575 0.490047574974597 0.472513695247471 0.452879805117846 0.441017730161548 0.431082090362906 0.450544364312116 0.424140477881712 0.439781193347538 0.45078226573327 0.437858422889429 0.433480968370157 0.43801882687737
-9999 -9999 -9999 -9999 -9999 -9999 -9999 -9999 -9999 -9999 -9999 -9999 -9999 -9999 -9999 -9999 -9999 -9999 -9999 -9999 -9999 -9999 -9999 -9999 1.31647038459778 1.36873118667042 1.27982764384326 1.09863593648462 0.946184830740094 0.917214827612042 0.853753946721554 0.802228476852179 0.881335951387882 0.913833171129227 0.883233670145273 0.836951533332467 0.815968416631222 0.808893783017993 0.810368165373802 0.758544204756618 0.770452961325645 0.73186051659286 0.6866405736655 0.666055027395487 0.638393243774772 0.602431029081345 0.575795235112309 0.579357295297086 0.582124952226877 0.548076935112476 0.501899728551507 0.522169481031597 0.517474682070315 0.478384796530008 0.482988256741973 0.462716528598 0.454853035947856 0.440229098586475 0.447918828795938 0.461003664661856 0.463060287868275 0.458595887703054
-9999 -9999 -9999 -9999 -9999 -9999 -9999 -9999 -9999 -9999 -9999 -9999 -9999 -9999 -9999 -9999 -9999 -9999 -9999 -9999 -9999 -9999 -9999 1.50594073534012 1.36749541132074 1.10091245349716 0.97382402792573 0.936125166714191 0.939372271299362 0.821983147412539 0.835982322692871 0.853832077234983 0.870955992490053 0.868939664214849 0.869749970734119 0.816370189189911 0.832643698900938 0.837323997169733 0.812982726842165 0.788817599415779 0.768659619614482 0.727368850260973 0.683382477611303 0.670161930844188 0.660456849262118 0.65292645804584 0.616429684683681 0.583620836958289 0.586977576836944 0.594858007505536 0.568025420419872 0.539016656577587 0.503588424995542 0.481892254203558 0.478526702150702 0.523404781432713 0.443098239162389 0.479388829539804 0.470425189417951 0.467017440234914 0.480201007688747 0.485789327060475
-9999 -9999 -9999 -9999 -9999 -9999 -9999 -9999 -9999 -9999 -9999 -9999 -9999 -9999 -9999 -9999 -9999 -9999 -9999 -9999 -9999 -9999 2.98330001745905 2.37038222739571 1.52455857396126 1.09797673299909 1.1031225733459 1.0016678608954 0.95123902335763 0.90629006177187 0.914013303816319 0.904587373137474 0.880914855748415 0.873501308262348 0.905381474643946 0.877761349081993 0.875282211229205 0.879946298897266 0.844876315444708 0.815159970894456 0.793339479714632 0.744699943810701 0.738471088930964 0.726819282397628 0.706956574693322 0.684665640816092 0.671494234353304 0.676458919420838 0.671930428594351 0.668075328692794 0.601192208938301 0.556190891191363 0.541401484049857 0.537342363037169 0.586505731239038 0.550816939157598 0.500923862352091 0.497816762503456 0.487517566365354 0.496229352319942 0.490795110078419 0.521397605538368
-9999 -9999 -9999 -9999 -9999 -9999 -9999 -9999 -9999 -9999 -9999 -9999 -9999 -9999 -9999 -9999 -9999 -9999 -9999 -9999 2.64602583646774 2.19517852118946 2.35692849159241 1.93222043514252 1.3300998210907 1.12414262294769 1.06260971426964 1.08097012042999 1.01260654330254 0.986933779716492 0.98735426068306 0.935671739280224 0.915195755660534 0.955568991601467 0.935845948755741 0.938858259469271 0.921301424503326 0.922230944037437 0.88489492982626 0.940640028566122 0.872638810425997 0.854857005178928 0.831125099211931 0.82120143994689 0.79281891323626 0.754797337576747 0.860024261474609 0.770007938146591 0.773830745369196 0.726942870765924 0.68714926019311 0.620541111566126 0.605356321670115 0.569341977126896 0.602942381711567 0.548495368922458 0.54668450180222 0.526836431201766 0.509239173110794 0.549879714846611 0.545771867036819 0.52081850346397
-9999 -9999 -9999 -9999 -9999 -9999 -9999 -9999 -9999 -9999 -9999 -9999 -9999 -9999 -9999 -9999 -9999 -9999 -9999 -9999 2.31086184576715 1.97448297590017 1.92850672006607 1.60843268632889 1.17423288822174 1.12954988479614 1.12733395695686 1.26780230551958 1.1705651640892 1.04360355734825 0.992138916254044 0.935592496395111 0.917488598823547 0.973446536064148 1.01764944791794 0.957862341403961 0.95632973909378 0.94308922290802 0.886556726694107 0.856757842004299 0.909050077199936 0.902420399710536 0.88441614434123 0.858600273728371 0.818290371447802 0.817895337939262 0.960857909917831 0.901854532957077 0.844753164052963 0.817281675338745 0.859702044725418 0.796088576316833 0.702581733465195 0.6660774320364 0.715984577313066 0.667469535022974 0.587563760140363 0.58398573801798 0.546289914671113 0.55805078850073 0.585632212021772 0.593199688722106
-9999 -9999 -9999 -9999 -9999 -9999 -9999 -9999 -9999 -9999 -9999 -9999 -9999 -9999 -9999 -9999 -9999 -9999 -9999 3.66840261571548 1.86150250434875 1.61423088908196 1.48248890638351 1.35910992622375 1.22387727499008 1.14173045158386 1.07593823671341 1.10813378915191 1.03071141242981 1.04198924079537 1.0145668387413 1.02835776805878 1.00643501877785 0.993116360902786 0.989411985874176 0.967576324939728 1.01408274173737 1.0023121714592 0.98842111825943 0.988475799560547 0.94231430888176 0.952264028787613 0.909174126386642 0.905367034673691 0.902018487453461 0.918672531843185 0.82664486579597 0.893302410840988 0.908058530092239 0.917378801107407 0.882980835437775 0.816211074590683 0.734080049395561 0.731008914113045 0.719087818264961 0.716540482640266 0.606318145990372 0.609340688586235 0.597243744134903 0.64059892384445 0.668713704628103 0.617904784924844
-9999 -9999 -9999 -9999 -9999 -9999 -9999 -9999 -9999 -9999 -9999 -9999 -9999 -9999 -9999 -9999 -9999 -9999 3.50745599269867 2.67552080154419 2.03698250055313 1.78740696907043 1.57528462409973 1.34955692887306 1.24500115513802 1.1878203690052 1.17611326575279 0.979075032472611 1.00587245821953 0.957506541162729 0.938313913345337 1.02334967255592 1.05444729328156 1.12163072824478 1.09017207622528 1.06153536438942 1.01156514286995 1.01704236268997 1.08705837726593 1.02238695025444 0.984210503101349 1.03218567967415 1.00944061279297 1.02580317258835 0.96857762336731 0.938056141138077 0.987718665599823 1.07347455024719 1.02141328454018 0.893113768100739 0.840373486280441 0.801052904129028 0.768565833568573 0.757681828737259 0.777167308330536 0.747157365083694 0.707158851623535 0.696693813800812 0.675001865625381 0.654654109477997 0.617125913500786 0.603661814332008
-9999 -9999 -9999 -9999 -9999 -9999 -9999 -9999 -9999 -9999 -9999 -9999 -9999 -9999 -9999 -9999 -9999 34.2615079300941 2.58228054642677 2.91311147212982 2.28335222005844 1.96092590093613 1.66206786632538 1.39644926786423 1.30223781466484 1.19176169633865 1.24302783608437 1.24945447444916 1.1127749979496 1.10919768214226 1.04189522862434 1.02437148094177 1.04759272933006 1.06760702729225 1.08365691304207 1.16181855201721 1.16594933867455 1.06674842834473 1.04643362164497 1.0200279712677 1.00099141597748 0.970106762647629 0.974402111768722 0.957765740156174 1.00715610980988 1.02079416513443 1.02903921604157 1.19140146970749 0.972320419549942 0.820665830373764 0.82375545501709 0.82749752998352 0.797653883695603 0.764258068799973 0.757798081636429 0.755260342359543 0.758028787374496 0.751662367582321 0.733779585361481 0.734710627794266 0.712320333719254 0.668384647369385
-9999 -9999 -9999 -9999 -9999 -9999 -9999 -9999 -9999 -9999 -9999 -9999 -9999 -9999 -9999 -9999 -9999 -9999 -9999 1.96046971961072 1.97915235757828 1.77211812734604 1.6007856965065 1.48319989442825 2.69844053685665 1.50065383911133 1.54862449169159 1.49926559925079 1.23659246563911 1.20481647849083 1.12946928143501 1.08978313803673 1.05646880865097 1.07734296917915 1.03244501948357 0.95435426235199 0.924712628126144 1.2117343723774 1.12646660208702 1.07826843261719 1.02958496809006 0.96454547047615 0.967167854309082 0.998318862915039 0.999038702249527 1.03185613155365 1.01105625741184 0.996877748519182 0.872243894264102 0.856026369333267 0.845966756343842 0.854761779308319 0.795630526542664 0.794770264625549 0.788688111305237 0.759651982784271 0.825640890002251 0.81387942135334 0.782008838653565 0.73817563354969 0.741139230132103 0.711965942382813
-9999 -9999 -9999 -9999 -9999 -9999 -9999 -9999 -9999 -9999 -9999 -9999 -9999 -9999 -9999 44.1670557470883 3.92728832635013 2.72390339204243 2.08824090957642 1.87620306015015 1.73696935176849 1.67120231389999 1.59951957464218 1.38129716515541 1.34141387343407 1.41409157514572 1.436074000597 1.41836849451065 1.41243812441826 1.31522591114044 1.26989586949348 1.14825411438942 1.16476424336433 1.05532546043396 1.06591039299965 0.971978485584259 0.960721158981323 1.08373690843582 1.02500040531158 1.00218214392662 0.935854941606522 0.929918295145035 0.965962326526642 1.02233897447586 0.977414733171463 0.981520879268646 1.01776770353317 0.904391759634018 0.868415868282318 0.837230038642883 0.862479722499848 0.870351773500443 0.81420858502388 0.764813601970673 0.754315173625946 0.735739022493362 0.788691067695618 0.749623039364815 0.750681471824646 0.780879947543144 0.765888434648514 0.737790355086327
-9999 -9999 -9999 -9999 -9999 -9999 -9999 -9999 -9999 -9999 35.2986888885498 35.2986888885498 13.7248649597168 2.56609108448029 2.40825762748718 2.76620002729552 2.20525750517845 3.18350262443225 2.15367334229606 2.1776057098593 2.28486769539969 1.5916212439537 1.35740692615509 1.27419580817223 1.2103690803051 1.2919861137867 1.30349922776222 1.25539950728416 1.21268489360809 0.554500994937761 1.21839210987091 0.727908010993685 0.620979015316282 0.637306180383478 0.513949171773025 0.861545085906982 0.825911784172058 0.916793948411942 0.938964307308197 1.02407439351082 0.891053223609924 0.934443938732147 0.991174393892288 0.945207363367081 0.924556469917297 0.99249512553215 0.977302849292755 0.937901568412781 0.910750043392181 0.92087072134018 0.896351051330566 0.854264962673187 0.774297720193863 0.766323220729828 0.765644323825836 0.761778175830841 0.769459927082062 0.762728962302208 0.74187396466732 0.745401829481125 0.760116419196129 0.747140073776245
-9999 -9999 -9999 -9999 -9999 -9999 -9999 -9999 -9999 -9999 35.2986888885498 7.25011331384832 4.32170810699463 3.10652661323547 3.25595252513885 4.71659348408381 6.06134161196257 8.19069341421127 3.28590666539598 26.9870538976457 3.44454406123412 1.85976831912994 2.80410871505737 3.59238319396973 4.02494566440582 1.72038568258286 1.35204671621323 1.3023709833622 1.25587676763535 0.754192254373005 0.883005144340651 1.03493767976761 0.9800756752491 0.995111566781998 0.868536275625229 0.900241315364838 0.925492668151855 0.922536987066269 0.699812979570457 0.684280856379441 0.677945667079517 0.941691172122955 0.973438650369644 0.963288867473602 0.960386961698532 0.96244747042656 1.02139084339142 0.916044414043427 0.908655035495758 0.865754091739654 0.835230416059494 0.755808532238007 0.728457432985306 0.728105968236923 0.774717634916306 0.739036095142365 0.670876756310463 0.682628881931305 0.683842459321022 0.697849944233894 0.712916505336761 0.764849483966828
-9999 -9999 -9999 -9999 -9999 -9999 -9999 -9999 -9999 -9999 -9999 -9999 1.67342805076431 4.10974974291665 3.89337837696075 4.01233865320683 -9999 -9999 -9999 -9999 -9999 -9999 5.26515128332026 4.42166382424972 3.59309706267189 2.0227329492569 1.53834493160248 1.67221261262894 1.3925849378109 1.21691157817841 0.799219576375825 0.802002310752869 0.77841511794499 0.69721156252282 0.78007253408432 0.910449326038361 0.742438108793327 0.725171905543123 0.696277981357915 0.681832443390574 0.679028532334736 0.649434985859053 0.927724182605743 0.914732921123505 0.869776278734207 0.972925853729248 0.938296627998352 0.852608215808868 0.868591493368149 0.871139973402023 0.829915970563889 0.756957840919495 0.729585635662079 0.69307621717453 0.656591141223907 0.651254555583 0.653891289234161 0.657730293273926 0.65574976503849 0.659644156694412 0.667160496115685 0.703552529215813
-9999 -9999 -9999 -9999 -9999 -9999 -9999 -9999 -9999 -9999 -9999 -9999 -9999 16.6274771690369 16.6274771690369 16.6274771690369 -9999 -9999 -9999 -9999 -9999 -9999 4.94490551948547 4.94490551948547 4.94490551948547 0.308659605681896 1.74176633358002 1.4045216858387 1.5417985362666 0.964759737253189 0.912206283637455 0.966336211987904 0.858804191861834 0.798412908400808 0.926700526475906 0.902684772014618 0.724368255053248 0.695828574044364 0.693193999784333 0.674360767006874 0.59854766620057 0.886657869815827 0.885953468084335 0.90017084479332 0.898732197284698 0.905288064479828 0.905093210935593 0.815458232164383 0.883793753385544 0.830930924415588 0.787079137563705 0.724317738413811 0.701324391365051 0.679330164194107 0.675334733724594 0.642089301347733 0.686489409208298 0.682843592762947 0.695521512627602 0.693211358785629 0.696896460652351 0.697276020050049
-9999 -9999 -9999 -9999 -9999 -9999 -9999 -9999 -9999 -9999 -9999 -9999 -9999 -9999 -9999 -9999 -9999 -9999 -9999 -9999 -9999 -9999 -9999 -9999 -9999 -9999 13.2665606041749 1.75020473343985 1.59416404366493 1.40956043345588 1.24737611838749 1.26253022551537 0.841374450496265 1.17618348002434 1.03676094412804 0.989063328504562 0.711649778698172 0.800905579328537 0.782445520162582 0.805548322200775 0.788979804515839 0.795737284421921 0.776525336503983 0.82017092704773 0.858584851026535 0.846347242593765 0.840532869100571 0.800951623916626 0.853951823711395 0.774157619476318 0.764390566945076 0.733052235841751 0.702833420038223 0.671219649910927 0.656416606903076 0.687383309006691 0.616374582052231 0.574648547172546 0.602365863323212 0.639332687854767 0.648564395308495 0.64177785217762
-9999 -9999 -9999 -9999 -9999 -9999 -9999 -9999 -9999 -9999 -9999 -9999 -9999 -9999 -9999 -9999 -9999 -9999 -9999 -9999 -9999 -9999 -9999 -9999 -9999 -9999 -9999 4.18335789983923 12.4820489734411 1.533786194399 1.99455384016037 1.4386979162693 1.36693223714828 1.37298449873924 1.220118445158 1.10400491952896 0.857507920265198 0.797102779150009 0.839928066730499 0.7623330950737 0.700065582990646 0.760299205780029 0.825436615943909 0.828406882286072 0.77799386382103 0.75799703001976 0.73888920545578 0.707422912120819 0.738690090179443 0.689456394314766 0.653270110487938 0.629197388887405 0.612287002801895 0.608011081814766 0.605473160743713 0.590943732857704 0.567576789855957 0.554970669746399 0.563496083021164 0.581311312317848 0.587497267127037 0.590788805484772
