EcologicalScience/Bass/data/rs_data_bass/chl_371.asc
NCOLS 226 
NROWS 124 
XLLCORNER -9.41648524995501 
YLLCORNER 47.587301625531 
CELLSIZE 0.0833 
NODATA_value -9999 
[rows 0 to 26 of 124, columns 62 to 123 of 226]
-9999 -9999 -9999 -9999 -9999 -9999 -9999 -9999 -9999 -9999 -9999 -9999 -9999 -9999 -9999 -9999 -9999 -9999 -9999 -9999 -9999 -9999 -9999 -9999 -9999 -9999 -9999 -9999 -9999 -9999 -9999 -9999 -9999 -9999 -9999 -9999 -9999 -9999 -9999 -9999 -9999 -9999 -9999 -9999 -9999 -9999 -9999 -9999 -9999 -9999 -9999 -9999 -9999 -9999 -9999 -9999 -9999 -9999 -9999 -9999 -9999 -9999
-9999 -9999 -9999 -9999 -9999 -9999 -9999 -9999 -9999 -9999 -9999 -9999 -9999 -9999 -9999 -9999 -9999 -9999 -9999 -9999 -9999 -9999 -9999 -9999 -9999 -9999 -9999 -9999 -9999 -9999 -9999 -9999 -9999 -9999 -9999 -9999 -9999 -9999 -9999 -9999 -9999 -9999 -9999 -9999 -9999 -9999 -9999 -9999 -9999 -9999 -9999 -9999 -9999 -9999 -9999 -9999 -9999 -9999 -9999 -9999 -9999 -9999
-9999 -9999 -9999 -9999 -9999 -9999 -9999 -9999 -9999 -9999 -9999 -9999 -9999 -9999 -9999 -9999 -9999 -9999 -9999 -9999 -9999 -9999 -9999 -9999 -9999 -9999 -9999 -9999 -9999 -9999 -9999 -9999 -9999 -9999 -9999 -9999 -9999 -9999 -9999 -9999 -9999 -9999 -9999 -9999 -9999 -9999 -9999 -9999 -9999 -9999 -9999 -9999 -9999 -9999 -9999 -9999 -9999 -9999 -9999 -9999 -9999 -9999
-9999 -9999 -9999 -9999 -9999 -9999 -9999 -9999 -9999 -9999 -9999 -9999 -9999 -9999 -9999 -9999 -9999 -9999 -9999 -9999 -9999 -9999 -9999 -9999 -9999 -9999 -9999 -9999 -9999 -9999 -9999 -9999 -9999 -9999 -9999 -9999 -9999 -9999 -9999 -9999 -9999 -9999 -9999 -9999 -9999 -9999 -9999 -9999 -9999 -9999 -9999 -9999 -9999 -9999 -9999 -9999 -9999 -9999 -9999 -9999 -9999 -9999
-9999 -9999 -9999 -9999 -9999 -9999 -9999 -9999 -9999 -9999 -9999 -9999 -9999 -9999 -9999 -9999 -9999 -9999 -9999 -9999 -9999 -9999 -9999 -9999 -9999 -9999 -9999 -9999 -9999 -9999 -9999 -9999 -9999 -9999 -9999 -9999 -9999 -9999 -9999 -9999 -9999 -9999 -9999 -9999 -9999 -9999 -9999 -9999 -9999 -9999 -9999 -9999 -9999 -9999 -9999 -9999 -9999 -9999 -9999 -9999 -9999 -9999
-9999 -9999 -9999 -9999 -9999 -9999 -9999 -9999 -9999 -9999 -9999 -9999 -9999 -9999 -9999 -9999 -9999 -9999 -9999 -9999 -9999 -9999 -9999 -9999 -9999 -9999 -9999 -9999 0.63735419511795 1.29161236745163 1.88310249362673 0.741244591334287 0.657880451749353 0.663320865701227 0.648515834527857 0.561159014701843 0.470468237996101 0.50773099064827 0.477980986237526 0.617006041109562 0.622387681156397 0.622888136655092 0.501866380081457 0.497560069841497 0.495663661290618 0.485877695329049 0.522439666092396 0.492139879614115 0.492520317435265 0.501381732523441 0.48891432210803 0.460999488830566 0.449940361082554 0.460723495110869 0.459580678492785 0.371959196732325 0.355491426061181 0.363120237255798 0.356740541317884 0.454189899213174 0.471874276504797 0.505412255139912
-9999 -9999 -9999 -9999 -9999 -9999 -9999 -9999 -9999 -9999 -9999 -9999 -9999 -9999 -9999 -9999 -9999 -9999 -9999 -9999 -9999 -9999 -9999 -9999 -9999 -9999 1.18186515569687 1.0627324283123 4.26702477102694 1.37842521071434 1.05072733014822 0.803984999656677 0.71654124557972 0.679143741726875 0.618870225022821 0.598437585374888 0.569788532222019 0.655356924980879 0.685809753835201 0.672704245895147 0.658687323331833 0.623493555933237 0.586424823850393 0.586286433041096 0.560856185853481 0.525385323911905 0.476936068385839 0.487393688410521 0.499854560941458 0.499806180596352 0.475403252989054 0.468922672793269 0.479486240074039 0.487461570650339 0.497088951990008 0.464529359713197 0.433395735919476 0.355836397584747 0.335366380565307 0.407180992886424 0.463543529896175 0.460758584387162
-9999 -9999 -9999 -9999 -9999 -9999 -9999 -9999 -9999 -9999 -9999 -9999 -9999 -9999 -9999 -9999 -9999 -9999 -9999 -9999 -9999 -9999 -9999 -9999 -9999 -9999 1.18186515569687 1.99018892488982 1.61335051059723 1.12141386419535 0.880982793867588 0.796651337295771 0.78420939669013 0.674282267689705 0.686470113694668 0.699163880199194 0.689888264983892 0.676940627396107 0.692563701421022 0.659830860793591 0.635660447180271 0.596868753433228 0.541593237834818 0.565334055572748 0.547000866383314 0.512485675513744 0.479424518697402 0.476529718321912 0.526337239891291 0.51732450351119 0.498328305780888 0.493492109701037 0.476688573136926 0.480440245941281 0.477027760818601 0.45567974075675 0.439338382333517 0.41895392909646 0.432366175577044 0.417992424219847 0.391908204182982 0.376302570104599
-9999 -9999 -9999 -9999 -9999 -9999 -9999 -9999 -9999 -9999 -9999 -9999 -9999 -9999 -9999 -9999 -9999 -9999 -9999 -9999 -9999 -9999 -9999 -9999 -9999 -9999 1.93648192712239 1.46677317470312 1.12674584984779 0.862794354557991 0.694585293531418 0.76839542761445 0.72992155328393 0.688152741640806 0.737800665199757 0.736287742853165 0.710191324353218 0.700088448822498 0.67035336792469 0.670309860259295 0.661310244351625 0.613742642104626 0.581288997083902 0.564168009907007 0.555474758148193 0.49562511111007 0.588826887309551 0.570367857813835 0.524836678057909 0.440539539298591 0.43565952427247 0.45514318522285 0.424531709621934 0.475164564326406 0.462550867348909 0.454015295952559 0.425638882443309 0.456710618208436 0.476411574903656 0.490670040249825 0.392787549644709 0.370151242241263
-9999 -9999 -9999 -9999 -9999 -9999 -9999 -9999 -9999 -9999 -9999 -9999 -9999 -9999 -9999 -9999 -9999 -9999 -9999 -9999 -9999 -9999 -9999 -9999 -9999 1.19121462106705 1.27495294064283 1.21032506972551 0.960006527602673 0.91399759054184 0.711664209471029 0.865973263978958 0.807367131114006 0.775193989276886 0.759052142500877 0.768844898790121 0.749645087867975 0.737456817179918 0.680089507251978 0.659245681017637 0.628118611872196 0.625854548066854 0.610917929559946 0.573088869452477 0.553376980125904 0.526976052671671 0.523407189175487 0.490864500403404 0.480453735217452 0.455852067098022 0.463342688977718 0.441943880170584 0.369413601563257 0.34943165717756 0.385831287751595 0.39359882970651 0.436334287126859 0.46284795683973 0.451925289104967 0.447218688095317 0.441190836184165 0.355485370382667
-9999 -9999 -9999 -9999 -9999 -9999 -9999 -9999 -9999 -9999 -9999 -9999 -9999 -9999 -9999 -9999 -9999 -9999 -9999 -9999 -9999 -9999 -9999 -9999 -9999 1.42207585667309 1.50081369280815 1.15133297940095 1.04500445723534 0.882813557982445 0.817366283386946 0.869219820946455 0.837419785559177 0.765752032399178 0.835236724466085 0.816751129925251 0.765483375638723 0.792595468461514 0.738084923475981 0.696142673492432 0.683769565075636 0.657748315483332 0.626657612621784 0.618255950510502 0.586524367332458 0.52253757789731 0.532092936336994 0.532256450504065 0.492920625954866 0.474152605980635 0.471767636016011 0.452859381213784 0.437542118132114 0.429669197648764 0.416222434490919 0.469750984626658 0.43748571416911 0.45491089803331 0.459768765112933 0.454327102093136 0.457302208332454 0.473025914500741
-9999 -9999 -9999 -9999 -9999 -9999 -9999 -9999 -9999 -9999 -9999 -9999 -9999 -9999 -9999 -9999 -9999 -9999 -9999 -9999 -9999 -9999 -9999 -9999 1.31647038459778 1.30725810107063 1.31123826784246 1.08182464978274 0.911864642053843 0.891625676304102 0.840049669146538 0.802055977284908 0.864019677042961 0.898526608943939 0.868505068123341 0.82264556363225 0.793838068842888 0.794115778058767 0.823934823274612 0.775193642824888 0.775033682584763 0.729262512177229 0.670831885188818 0.652453310787678 0.619382243603468 0.573682308197021 0.547357488423586 0.546173823997378 0.551997922360897 0.52607586979866 0.485281694680452 0.499241983518004 0.494332121685147 0.459281824529171 0.500267020919744 0.481240290052751 0.469082564992063 0.461484185036491 0.467967920443591 0.474956310847226 0.482211318086175 0.472006769741283
-9999 -9999 -9999 -9999 -9999 -9999 -9999 -9999 -9999 -9999 -9999 -9999 -9999 -9999 -9999 -9999 -9999 -9999 -9999 -9999 -9999 -9999 -9999 1.50594073534012 1.35768185791216 1.05983892433784 0.962459273636341 0.9177515655756 0.908863306045532 0.823978520929813 0.832616418600082 0.841017387807369 0.858906961977482 0.860806100070477 0.856479182839394 0.801762163639069 0.814270667731762 0.821788497269154 0.796309478580952 0.768907159566879 0.750072743743658 0.709012694656849 0.669032447040081 0.652900870889425 0.633162941783667 0.624469678848982 0.582423370331526 0.56042568013072 0.561104636639357 0.565362755209208 0.540298109874129 0.51065531373024 0.475558865815401 0.449926503002644 0.450192924588919 0.53087257725351 0.455369471627123 0.490691416403827 0.479904131854282 0.485757645438699 0.507049504448386 0.51402991659501
-9999 -9999 -9999 -9999 -9999 -9999 -9999 -9999 -9999 -9999 -9999 -9999 -9999 -9999 -9999 -9999 -9999 -9999 -9999 -9999 -9999 -9999 3.1336453301566 2.63683362383591 1.49411737918854 1.06250173598528 1.07946916669607 1.00981894880533 0.963271088898182 0.912262871861458 0.912521079182625 0.905532002449036 0.877081699669361 0.871144339442253 0.903214909136295 0.862775981426239 0.856441464275122 0.864266619086266 0.838323377072811 0.800789225846529 0.789953984320164 0.752518124878407 0.741842430084944 0.715832065790892 0.682239387184381 0.657300766557455 0.636690951883793 0.642031107097864 0.634619615972042 0.627071421593428 0.563832929357886 0.519992049783468 0.504192950204015 0.497723238542676 0.584411467699444 0.552909882629619 0.505629713920986 0.505564791314742 0.507116125787006 0.518694940735312 0.51141896230333 0.539522722363472
-9999 -9999 -9999 -9999 -9999 -9999 -9999 -9999 -9999 -9999 -9999 -9999 -9999 -9999 -9999 -9999 -9999 -9999 -9999 -9999 2.64602583646774 2.19482391881433 2.39902548789978 1.94350714683533 1.32045662403107 1.09414322376251 1.04645990729332 1.06956752538681 1.01549934744835 0.998072588443756 0.995029264688492 0.939576521515846 0.916022256016731 0.946218743920326 0.919751420617104 0.904840506613255 0.902418583631516 0.899639636278152 0.867494836449623 1.01090734452009 0.861686088144779 0.850251540541649 0.830337412655354 0.813249371945858 0.779396820813417 0.734766718000174 0.937396562099457 0.729395627975464 0.733950532972813 0.690561957657337 0.649974010884762 0.57870695181191 0.569604383781552 0.527352193370461 0.600007766309906 0.552364755202742 0.55559423215249 0.542024371378562 0.523888615124366 0.56348691880703 0.553231984376907 0.532726738382788
-9999 -9999 -9999 -9999 -9999 -9999 -9999 -9999 -9999 -9999 -9999 -9999 -9999 -9999 -9999 -9999 -9999 -9999 -9999 -9999 2.30926574069486 1.79971937835217 2.02848342657089 1.68191457986832 1.16822228431702 1.10254948139191 1.11996895670891 1.32804389297962 1.16960705518723 1.04542935490608 0.994111317396164 0.933267998695374 0.920544195175171 0.963316833972931 0.993144643306732 0.934356439113617 0.926585745811462 0.924001228809357 0.885011428594589 0.843100145459175 0.912250131368637 0.880591090768576 0.867876760661602 0.841698557138443 0.814163781702518 0.808887183666229 1.10602861046791 0.929860836267471 0.831619566679001 0.792464876174927 0.822803843021393 0.775718182325363 0.689991235733032 0.662548133730888 0.740422669798136 0.704668320715427 0.581003024297602 0.588359474259264 0.558606060988763 0.567696317153819 0.582215919214137 0.598285398939077
-9999 -9999 -9999 -9999 -9999 -9999 -9999 -9999 -9999 -9999 -9999 -9999 -9999 -9999 -9999 -9999 -9999 -9999 -9999 3.52842727829428 1.98500080108643 1.75620878338814 1.55196131467819 1.3470406293869 1.20354877710342 1.10102515220642 1.04843893051147 1.18318911641836 1.06955981254578 1.04871974140406 0.991858899593353 1.0086700797081 0.995711022615433 0.981412762403488 0.975644183158874 0.953664422035217 0.993842744827271 0.98264137506485 0.971136522293091 0.968903601169586 0.932046109437942 0.938438838720322 0.896494024991989 0.886166340112686 0.875802487134933 0.891393333673477 0.80233370885253 0.938370615243912 0.899776023626327 0.881576603651047 0.848739439249039 0.789083868265152 0.721459349989891 0.715608814358711 0.701690617203713 0.69866598546505 0.599588543176651 0.591246393322945 0.566115742921829 0.625037835801349 0.651604177320705 0.613006582154947
-9999 -9999 -9999 -9999 -9999 -9999 -9999 -9999 -9999 -9999 -9999 -9999 -9999 -9999 -9999 -9999 -9999 -9999 3.61311886310577 2.73393230438232 2.09492729902267 1.83659515380859 1.54571990966797 1.33526663184166 1.21456355452538 1.16403676867485 1.17101556658745 0.973052030801773 1.01100039482117 0.93779081851244 0.956289315223694 1.02485737204552 1.05071359872818 1.10166323184967 1.06979517936707 1.04127226471901 0.996031540632248 1.00523476600647 1.06172277927399 0.999819153547287 0.964426004886627 1.00181488394737 0.978425705432892 0.989500570297241 0.938429713249207 0.909637540578842 0.93794806599617 1.1839738368988 1.04098028540611 0.880092573165894 0.826393485069275 0.784041804075241 0.741849631071091 0.722876125574112 0.732843106985092 0.702182769775391 0.660853451490402 0.646648612618446 0.629576963186264 0.608683708310127 0.572348311543465 0.5667366117239
-9999 -9999 -9999 -9999 -9999 -9999 -9999 -9999 -9999 -9999 -9999 -9999 -9999 -9999 -9999 -9999 -9999 34.0698288024505 3.33807930350304 3.30862967967987 2.33380960226059 1.96714709997177 1.62472565174103 1.35967177152634 1.27941010594368 1.18284540176392 1.2131909430027 1.21672917604446 1.07799449563026 1.08605138659477 1.05043823122978 1.01494218111038 1.03583672642708 1.05918752551079 1.06838981509209 1.12287435531616 1.12374313473701 1.04767981767654 1.02449752688408 0.990682971477509 0.970106625556946 0.943573766946793 0.947899216413498 0.932123237848282 0.971945714950562 0.982607865333557 0.985257411003113 1.34453216791153 1.04402881264687 0.821973937749863 0.804390156269073 0.79194683432579 0.760102480649948 0.722843670845032 0.711585682630539 0.711622941493988 0.70882728099823 0.696918773651123 0.681847882270813 0.680792528390884 0.658183437585831 0.618795049190521
-9999 -9999 -9999 -9999 -9999 -9999 -9999 -9999 -9999 -9999 -9999 -9999 -9999 -9999 -9999 -9999 -9999 -9999 -9999 2.27620368568521 1.96850813627243 1.72121871709824 1.55177770853043 1.44212830066681 3.68465360999107 1.44614894390106 1.47635198831558 1.43655500411987 1.1997794687748 1.16886067986488 1.11029408574104 1.06821773648262 1.04394160509109 1.07524316906929 1.02135131955147 0.949604761600494 0.915458530187607 1.15658677220345 1.08128020167351 1.03607963323593 0.994721162319183 0.930653476715088 0.927495956420898 0.955276960134506 0.955145400762558 0.987510228157043 0.953301753848791 0.931631036102772 0.819808300584555 0.841616278886795 0.808057755231857 0.798203080892563 0.744802021980286 0.739081072807312 0.728797709941864 0.699915486574173 0.755399292707443 0.737616819143295 0.708374941349029 0.674512034654617 0.680931234359741 0.653319644927979
-9999 -9999 -9999 -9999 -9999 -9999 -9999 -9999 -9999 -9999 -9999 -9999 -9999 -9999 -9999 44.4405678580789 3.8978180993687 2.80932725327356 2.2176609992981 1.95381617546082 1.74660325050354 1.63325580358505 1.53518067598343 1.35013206601143 1.31499046683311 1.37300536632538 1.38804500699043 1.35880799293518 1.35188153386116 1.26827480792999 1.2061597764492 1.11385870575905 1.14158625006676 1.05449196100235 1.0651152908802 0.966376185417175 0.945331561565399 1.04893060922623 0.990484797954559 0.964095538854599 0.905316144227982 0.888012093305588 0.917255622148514 0.973341172933578 0.936814737319946 0.939711785316467 0.975312900543213 0.885169762372971 0.847797465324402 0.802105838060379 0.80336172580719 0.799494767189026 0.749354189634323 0.708944201469421 0.701320570707321 0.680668324232101 0.725757169723511 0.690161842107773 0.693568670749664 0.717104649543762 0.703524136543274 0.677489954233169
-9999 -9999 -9999 -9999 -9999 -9999 -9999 -9999 -9999 -9999 35.2986888885498 35.2986888885498 13.7248649597168 2.73838608264923 2.54344754219055 2.91996312567166 2.47963491082191 3.78516647219658 2.2123794896262 2.16980612703732 2.18849173613957 1.55474643707275 1.35736181735992 1.27886140942574 1.20404317975044 1.28104601502419 1.28312472701073 1.23021900057793 1.19343029260635 0.600976460746356 1.16255451440811 0.753045009715217 0.663016510861261 0.670080532985074 0.601655024502959 0.90213268995285 0.857581782341003 0.908352655172348 0.909416109323502 1.13104349970818 0.888848233222961 0.89092013835907 0.937976795434952 0.906277459859848 0.893597972393036 0.947652530670166 0.942251950502396 0.911394679546356 0.873749846220016 0.867687225341797 0.838743352890015 0.792941159009933 0.72531972527504 0.717321419715881 0.716145926713943 0.706147879362106 0.709173130989075 0.697540467977524 0.680882662534714 0.678972125053406 0.693293315172195 0.682506370544434
-9999 -9999 -9999 -9999 -9999 -9999 -9999 -9999 -9999 -9999 35.2986888885498 7.25600376996127 4.52704362869263 3.16469264030457 3.25404212474823 4.52309840917587 6.83459713584498 8.12159587144852 3.32654925443158 25.8660549322764 4.13693907700087 1.84923980236053 3.00694890022278 4.21604881286621 4.74206206798554 1.96265336275101 1.40567091703415 1.29201317429543 1.22968176603317 0.774659220661436 0.884982353874615 0.994115889072418 0.949956065416336 0.97223317027092 0.871636265516281 0.902053117752075 0.934636878967285 0.918603485822678 0.711296978805746 0.695591610457216 0.688886027250971 0.907862567901611 0.930227547883987 0.918605464696884 0.913334161043167 0.917683166265488 0.977722442150116 0.888535618782043 0.867048835754395 0.820429193973541 0.782737624645233 0.709926337003708 0.686780327558517 0.680548471212387 0.720576536655426 0.690563195943832 0.634258255362511 0.640528285503387 0.640818658471108 0.654547646641731 0.665612006187439 0.712268680334091
-9999 -9999 -9999 -9999 -9999 -9999 -9999 -9999 -9999 -9999 -9999 -9999 1.78269645604458 4.08760906968798 3.87390697002411 4.18076078593731 -9999 -9999 -9999 -9999 -9999 -9999 6.38382610853981 5.24050024677725 4.27165062988506 2.36683614253998 1.65405013561249 1.66084321737289 1.36953813433647 1.18955068588257 0.816408180764743 0.817407846450806 0.778629285948617 0.701686706926141 0.779346334934235 0.88884961605072 0.754134360168661 0.741638695555074 0.711805449000427 0.697157832128661 0.695200566734586 0.670456415840558 0.895064383745193 0.877442127466202 0.836593776941299 0.92406445145607 0.902268224954605 0.827456915378571 0.845326495170593 0.843065172433853 0.801648169755936 0.741027945280075 0.708879536390305 0.669936913251877 0.628038543462753 0.619387355446815 0.626311588287354 0.633026593923569 0.625629761815071 0.63592055439949 0.646887496113777 0.671663329005241
-9999 -9999 -9999 -9999 -9999 -9999 -9999 -9999 -9999 -9999 -9999 -9999 -9999 16.6274771690369 16.6274771690369 16.6274771690369 -9999 -9999 -9999 -9999 -9999 -9999 4.94490551948547 4.94490551948547 4.94490551948547 0.308659605681896 1.70496773719788 1.48967038989067 1.52432568158422 0.965337663888931 0.888722394193922 0.958409134830747 0.870162504059928 0.801989761846406 0.89279802441597 0.880441772937775 0.723267795784133 0.71722971541541 0.718648457101413 0.694203838706017 0.625668522502695 0.853087466955185 0.843989664316177 0.856368446350098 0.857742899656296 0.863820362091064 0.859839713573456 0.799727427959442 0.868179255723953 0.816008818149567 0.798032039403916 0.747039738297463 0.716256296634674 0.684873062372208 0.67327623963356 0.630756098031998 0.692967307567597 0.670039692521095 0.673141512274742 0.689305955171585 0.672299662232399 0.650765019655228
-9999 -9999 -9999 -9999 -9999 -9999 -9999 -9999 -9999 -9999 -9999 -9999 -9999 -9999 -9999 -9999 -9999 -9999 -9999 -9999 -9999 -9999 -9999 -9999 -9999 -9999 16.7883375386397 1.84574905463627 1.69719466567039 1.32868621179036 1.19119094099317 1.2095162332058 0.848543803606715 1.13786566853523 1.00831413865089 0.957647424936295 0.715884814304965 0.792327183485031 0.781729012727737 0.7725426197052 0.756798100471497 0.766672587394714 0.743137633800507 0.779925322532654 0.810718953609467 0.802113741636276 0.822687774896622 0.790920722484589 0.846875929832459 0.772276711463928 0.791417869925499 0.76464074254036 0.729270321130753 0.665997049212456 0.647217208147049 0.705793604254723 0.590417683124542 0.546335345506668 0.606023961305618 0.643073391914368 0.613223293423653 0.60141045153141
-9999 -9999 -9999 -9999 -9999 -9999 -9999 -9999 -9999 -9999 -9999 -9999 -9999 -9999 -9999 -9999 -9999 -9999 -9999 -9999 -9999 -9999 -9999 -9999 -9999 -9999 -9999 4.14288023926995 21.3675793111324 1.58514281921089 1.87981225252151 1.38913112282753 1.33245943784714 1.32245549559593 1.18136864304543 1.06734162569046 0.838723313808441 0.77499258518219 0.814617168903351 0.7383151948452 0.68434676527977 0.737134903669357 0.806638020277023 0.810944283008575 0.76380096077919 0.731431025266647 0.713645404577255 0.691076308488846 0.750562691688538 0.682342794537544 0.620795711874962 0.586525291204453 0.565832501649857 0.565698683261871 0.563805058598518 0.545184734463692 0.52862409055233 0.519491067528725 0.531825184822083 0.547964611649513 0.554353764653206 0.556305605173111
