EcologicalScience/Bass/data/rs_data_bass/chl_279.asc
NCOLS 226 
NROWS 124 
XLLCORNER -9.41648524995501 
YLLCORNER 47.587301625531 
CELLSIZE 0.0833 
NODATA_value -9999 
[rows 54 to 80 of 124, columns 124 to 185 of 226]
1.90328171253204 1.69272512197495 1.98074823617935 1.64648051261902 1.59983959794044 1.75403322279453 2.44968867301941 1.98075874149799 1.9199965596199 1.98447753489017 2.0378432571888 4.20924886465073 2.34039979714614 2.08749882663999 1.94404090302331 2.06369646957942 2.11635603010654 2.1353705227375 2.46341980555478 2.30053349832694 2.28208240691353 2.42336511611938 2.34548387457343 2.35455564657847 2.21404162421823 2.2054887637496 2.2841206073761 2.33826824426651 2.3412243096452 2.21907411813736 2.81713810563087 2.08960634469986 3.09068713585536 2.6444595605135 2.43063738942146 1.73233115673065 1.7357626080513 1.70200287103653 2.54648226499557 2.27370378747582 2.0413139462471 1.94207227580688 2.00048539638519 2.07345110177994 4.16151264835806 3.92878521891201 4.41545321660883 4.99323815808577 5.81166552796083 5.87015834275414 5.68157151166131 10.890005838871 7.08634647727013 8.17816380796761 5.34022399357387 5.99268666903178 6.41087487765721 7.26514940602439 11.2084166663034 14.3516465961533 6.5634272626774 -9999
2.04707082509995 2.53452834912709 2.19765600136348 1.96316834858486 1.92828542452592 1.79737153420082 2.14181162679897 2.10660526156425 1.860371991992 1.93699130415916 1.98602566123009 2.72890350222588 1.99040365219116 3.20917117595673 3.0285807802127 3.48505094647408 2.0845932662487 2.14495781064034 2.0621822476387 2.29399142545812 2.40885424964568 2.39159081876278 2.50364241179298 2.70151649152531 2.71580007299781 2.67962903156877 2.6845352165401 2.72742282226682 2.83653827011585 2.77033695280552 3.02239563635417 3.04192163050175 2.61086850240827 2.88799775764346 2.5813492992345 3.60174787044525 3.16297168533007 2.19349907887609 2.35061888694763 2.00625620168798 2.22665094137192 2.07705709934235 3.39218047436546 5.00184420978322 5.19027813392527 4.09160692902172 4.40667517746196 4.95581011912402 5.67938446998596 5.7957332274493 6.82188066710596 5.70992971288747 7.56311612543852 10.8267994445303 9.9729887672833 9.01940183523225 10.5720698833466 -9999 -9999 -9999 -9999 -9999
2.34540392830968 2.40875101089478 2.04909033434732 2.33227420311708 2.13190430402756 2.00405141115189 2.35955481669482 2.44035052551943 2.68586730606416 2.71494703783709 1.91613785709654 1.98437414850507 2.71147235702066 2.72514250348596 2.67309628865298 3.87882978469133 3.04476082697511 2.42336120324976 2.3109886470963 2.33060883774477 2.39992110518848 2.53975971306072 2.76308631546357 3.07329934484818 3.10277331868808 2.76582367345691 2.85883693769574 2.97239905282071 3.02501872338747 3.0798576772213 3.16100715100765 3.25396974384785 3.30390749375025 3.13885782659054 2.99258848849465 3.32257753610611 2.89137958486875 1.88130628748944 3.43361735343933 2.32018367867721 2.69341982603073 2.41201747655869 4.05233358285006 3.66163647525451 3.86139533800237 4.29908948084887 4.42930372322307 3.74653908850984 6.55229625793604 5.32246425747871 4.33358471734183 4.55691535132272 9.03309403016017 5.81303429603577 -9999 -9999 -9999 -9999 -9999 -9999 -9999 -9999
3.0096272751689 2.96420668065548 3.00100908279419 3.16881271320231 2.08535059690475 1.96365483999252 1.95818899869919 2.36993950956008 2.39593923442504 2.50987597072826 1.88257499252047 2.61316605175243 2.56757649253396 2.75277635630439 2.65624018276439 2.50597634385614 4.07829553261399 3.04377552866936 2.80884350748623 2.71134757002195 2.44000035524368 2.48389613628387 2.5375205129385 2.57938165962696 3.23445614178975 2.86473643183708 2.89955444633961 3.08492250191538 3.03863674402237 3.22480393946171 3.23193633556366 2.3696925342083 2.85318547487259 3.02532265583674 2.44643055691439 2.26853918177741 2.65081666409969 1.87250827252865 1.78997073322535 0.716951123796977 0.751016251169718 3.29797089099884 3.92738817719852 3.73572246467366 3.84106582403183 4.12317925340989 9.87613780602165 6.11050761511566 10.1821379019664 9.02599655498158 10.1335719498721 9.82165260314941 10.7710029987188 -9999 -9999 -9999 -9999 -9999 -9999 -9999 -9999 -9999
3.18031600490212 3.17136445641518 3.46612378954887 3.56658622447182 2.87576389312744 2.96784446239471 3.25969852719988 2.1371942460537 2.10260244778224 2.10816190072468 2.64353640991099 2.63296306834501 2.59210998521132 2.59258904877831 2.57016020662644 2.51169241526548 2.92087747419582 3.06818482455085 3.1367944689358 3.21212314156925 2.30053992832408 2.47583019733429 2.94066199660301 2.93778885404269 2.89247993007302 2.37600485483805 2.64631549715996 2.67668924331665 2.92455098032951 3.02295818924904 3.13688707351685 2.44473110698164 2.40092439452807 1.9968049491153 0.780204548647529 2.15856559574604 2.08292950051171 1.97025467455387 1.96519987285137 2.19534651562572 2.88444956640402 3.83736348152161 3.44205155968666 3.98588841408491 4.45519085973501 8.80517997412846 10.6141227031576 5.7865665435791 5.12523802588968 4.18713793629094 7.5307614663068 16.7805010557175 53.5226111412048 -9999 -9999 -9999 -9999 -9999 -9999 -9999 -9999 -9999
-9999 4.21106207370758 3.68167675796308 3.22058468115957 4.1218141913414 3.31141242910834 3.32962800775255 4.1654492855072 2.69303610920906 2.30918000425611 2.265036419034 2.62081212506575 2.71103919604245 1.93253716400691 2.6532583026325 2.56075163799174 3.0967869758606 3.0078119635582 3.21655166149139 2.78755269731794 3.58457508507897 3.04998254776001 2.97178795933723 2.93012379606565 2.48279339075089 2.52513295412064 2.83775946497917 2.74050483107567 3.10656045377254 1.98554711602628 2.20197406969965 2.23657703399658 2.09634836514791 1.95907241106033 1.84272957549376 1.71495924890041 1.79415763914585 2.08156984343248 2.18199415504932 2.50115333497524 4.23753460496664 4.2702756151557 4.17698737978935 4.20099078118801 3.86108418305715 -9999 11.7440106868744 6.79585305504177 5.51831735582913 6.32916317266576 60.0725847880046 63.2012306213379 65.8206739425659 30.6213656715725 -9999 -9999 -9999 -9999 -9999 -9999 -9999 -9999
-9999 -9999 -9999 -9999 -9999 2.28387522697449 4.81687622561174 4.16722050484489 4.30129837989807 3.92135925292969 2.8230248093605 2.7717606846024 2.55032115824082 2.58212053775787 2.78822640811696 2.88599044084549 3.23898494243622 3.82954076107811 3.98222701339161 2.79283322606768 3.25603941258262 3.02637679086012 2.80622241076301 2.85815614461899 3.18850798355906 1.5799665749073 2.63908721418942 2.28149419321733 1.98950436711311 2.08863481879234 1.9777491800487 2.09738720953465 1.92984232803186 1.75683472553889 1.81082635066089 1.97155885135426 2.02017350494862 2.42085219919682 2.55584536492825 2.76457161704699 5.04442031184832 6.84411692619324 5.09367571771145 3.3777511715889 4.30967556685209 18.9530101540019 -9999 -9999 -9999 -9999 53.8680982589722 29.3129005561004 54.1991360528129 20.7159094443688 -9999 -9999 -9999 -9999 -9999 -9999 -9999 -9999
-9999 -9999 -9999 -9999 -9999 -9999 -9999 -9999 4.02343845367432 3.84115476161242 4.24928541183472 3.80524377822876 2.57561682164669 2.38379667699337 3.03794164517347 3.58919540573569 3.56843656301498 3.66834142979454 3.34962672345779 3.36374154862236 3.07166585852118 2.89101988077164 2.7897173797383 2.70941162109375 2.50478620827198 2.04635780453682 2.08617444634438 1.97855134095464 1.96002494011606 2.2441721521318 1.8398019916871 1.76228245917489 1.93258881568909 1.80509703978896 3.10689945080701 3.61130417094511 3.38340427595026 2.41949062049389 1.15247302055359 3.05230255921682 3.53548859556516 3.89308704932531 4.50457792729139 4.37674076110125 7.52965593926701 29.0682649612427 -9999 -9999 -9999 -9999 17.548882484436 34.4173884599105 26.9406612765404 36.745274407523 39.7557864189148 29.8016655688383 -9999 -9999 -9999 -9999 -9999 -9999
-9999 -9999 -9999 -9999 -9999 -9999 -9999 -9999 -9999 -9999 3.29135613441467 3.06073944568634 2.86882580816746 2.72120855748653 2.67367127537727 3.68460111758288 3.47635346651077 2.42830901486533 3.11852318048477 2.98575054897982 3.11660692691803 2.94702730809941 2.62178374739254 2.28632564053816 2.50780858713038 2.10872121155262 2.04620611667633 1.90268551111221 1.95773270130157 2.22540224343538 2.14289105289123 2.09856612892712 2.01195166299218 2.25803250074387 3.60053564608097 3.91567582637072 4.08247631415725 5.02703135088086 5.79707564413548 5.61586739122868 5.72585802152753 4.53994231671095 4.28825095721654 3.91860795021057 13.2481411950102 -9999 -9999 -9999 -9999 -9999 -9999 -9999 9.71065758059664 17.520749643445 7.87806743383407 36.2725814580917 10.8786277770996 -9999 -9999 -9999 -9999 -9999
-9999 -9999 -9999 -9999 -9999 -9999 -9999 -9999 -9999 4.3704868555069 2.97675105929375 3.2336220911571 3.19666263035365 3.11585196426937 3.01659965515137 3.3712183535099 2.91251009702682 2.63916805386543 2.65296524763107 2.36008858680725 2.88221335761687 3.06315225362778 2.46602887967054 2.09864700541777 1.48761435846488 1.85935981012881 1.75482312217355 1.8280389547348 1.74367282390594 2.66256603598595 2.46719161953245 1.71836746732394 1.60947516560555 2.92485334475835 3.97302477434278 4.69554268196225 5.25874241441488 6.14304626360536 5.93767045810819 5.12558528780937 4.18114805594087 3.52357118949294 2.10697832107544 2.91721653938293 21.7192663463574 33.0447750091553 -9999 -9999 -9999 16.6977838128805 15.7952586650848 24.4418458179994 20.3721114794413 27.4789457823101 36.7488422053201 23.3516295937931 16.6035068804218 -9999 -9999 -9999 -9999 -9999
-9999 -9999 -9999 -9999 -9999 -9999 -9999 -9999 -9999 -9999 3.14933800697327 3.34201071943556 3.30346671172551 3.29446583134787 3.19784341539655 2.79658657312393 2.99915972777775 2.75963820729937 2.60860817773002 2.84378921985626 2.61750219762325 2.4873172827065 2.17206360027194 1.93676042184234 1.63587015867233 1.6687292425256 1.54719144602617 3.10534259676933 3.44963148236275 2.8420362174511 2.25338680297136 1.71639005094767 1.52739703158538 2.61693778790926 2.1127616081919 3.62719190865755 2.95277061872184 2.49923811480403 3.04034052416682 3.49716877564788 3.65987299382687 3.25249730050564 3.3485982020696 2.90346339344978 8.60501118886818 -9999 -9999 -9999 -9999 -9999 25.763202879164 14.1367310796465 16.173789024353 17.2570589383443 14.920163001333 -9999 -9999 -9999 -9999 -9999 -9999 -9999
-9999 -9999 -9999 -9999 -9999 -9999 -9999 -9999 -9999 3.67937564849854 3.85103845596313 3.35777074098587 3.27354633808136 3.29404577187129 3.08930887494768 3.4712388753891 2.80742163317544 2.74432698317937 2.70490098851068 2.95751772522926 2.55666350324949 2.42866611977418 2.303155357639 1.86216181889176 1.8015499971807 1.95141970117887 2.2344744404157 3.53142514824867 3.62533986568451 4.09742235392332 2.75924089550972 2.31135680526495 1.97454511374235 1.77481196075678 3.36279303686959 2.71533319779805 2.44508391969344 3.45533720443123 4.19495198130608 4.10233707229296 3.92981931567192 3.43729385733604 3.67352139949799 6.22319292096258 3.86466658115387 -9999 -9999 -9999 -9999 -9999 38.8004866932215 25.9855478074816 13.1584694981575 -9999 -9999 -9999 -9999 -9999 -9999 -9999 -9999 -9999
-9999 -9999 -9999 -9999 -9999 -9999 -9999 -9999 -9999 4.74138313531876 4.15555620193481 3.78718304634094 3.64710593223572 3.27180570363998 3.27923619747162 3.08276559756352 3.00034857713259 2.82538093839373 2.82761633396149 2.6978716978005 2.71709330677986 2.3239547777921 2.46633673969068 1.66691823303699 1.66864119470119 2.73809006810188 4.16731880108515 4.11517025033633 4.8065865735213 4.20914756938031 3.03667634725571 3.10023701190948 3.46369403600693 2.72262094418208 3.3349505908349 2.94619143184494 2.76222573658999 2.80391599237919 2.6742927304336 2.0436786200319 3.71925158301989 3.28559925158819 3.26648839314779 10.3440098033368 3.86466693878174 -9999 -9999 -9999 -9999 12.1949715614319 -9999 -9999 -9999 -9999 -9999 -9999 -9999 -9999 -9999 -9999 -9999 -9999
-9999 -9999 -9999 -9999 -9999 -9999 -9999 -9999 -9999 3.62602440749898 3.87416523694992 3.4703221321106 3.25663322210312 3.22239953279495 2.96924808621407 3.1504590511322 3.30007265622799 2.99212434658637 2.90304785115378 2.7276346385479 2.46949814833128 1.66293114423752 1.64031343460083 1.73810462653637 1.68513026833534 2.79456924895445 4.54147960245609 5.48890066146851 7.53722557425499 5.96965169906616 6.80604402224223 6.92712398370107 6.81209561725458 4.74892046697 6.0747916996479 5.28080007433891 2.65638953447342 3.30373638868332 2.74578026788575 2.0817637528692 4.66753387078643 3.63045443594456 5.71355359447536 -9999 -9999 -9999 -9999 -9999 -9999 -9999 -9999 -9999 -9999 -9999 -9999 -9999 -9999 -9999 -9999 -9999 -9999 -9999
-9999 -9999 -9999 -9999 -9999 -9999 -9999 -9999 -9999 3.7904224395752 4.80738582977882 4.51916379194993 4.45835550014789 3.72323628572317 2.94366040825844 2.96920463442802 3.32565201704319 3.46045869163104 2.81098314890495 2.61961436697415 2.21295224244778 1.70358148813248 1.68238545656204 0.939932559217725 0.97034677863121 2.53080778817336 4.46511658032735 5.09078697363536 5.3954734702905 4.75132518013318 4.34493240714073 5.89754392703374 5.79472844302654 5.42747081816196 3.98282564431429 3.49581907689571 2.70782259632559 2.63230435988482 3.35499616463979 3.98134481906891 3.77862131595612 4.77753033357508 9.71708833884044 -9999 -9999 -9999 -9999 -9999 -9999 -9999 -9999 -9999 -9999 -9999 -9999 -9999 -9999 -9999 -9999 -9999 -9999 -9999
-9999 -9999 -9999 -9999 -9999 -9999 -9999 3.28386068344116 5.67579764127731 3.8258513212204 4.65300115255209 4.34390902519226 4.31805888506082 3.79832258132788 3.99641617706844 3.60751877086503 3.50096200704575 2.98495088173793 2.00138090207027 1.92929004345621 1.67134920614106 1.51995977972235 1.77630218267441 0.954929472162173 0.986862761633737 1.10215562582016 1.33048473736819 1.24086263600518 1.43033947138225 1.65915325880051 1.76103476285934 1.92844111919403 3.95250175148249 2.99257108569145 2.76876024529338 2.6985258422792 1.85935904979706 2.75756553187966 2.13037796020508 3.3098618388176 14.5589522331664 5.69786846637726 3.25656187534332 -9999 -9999 -9999 -9999 -9999 -9999 -9999 -9999 -9999 -9999 -9999 -9999 -9999 -9999 -9999 -9999 -9999 -9999 -9999
-9999 -9999 -9999 -9999 -9999 -9999 4.25873333215714 3.93780823548635 4.98379768024791 3.42493784427643 3.81342047452927 4.04811919652499 4.01497388803042 3.48340021188443 3.56032408986773 3.47252580949238 3.27982936160905 2.77376173649515 2.1467992748533 1.92832785844803 1.70063155889511 1.58354660868645 1.97160108089447 0.805195621573008 0.99302051617549 1.09487307071686 1.30288806328407 1.4758026778698 1.72216888666153 1.75570975542068 1.86820760965347 1.96472034454346 2.81864476203918 2.47130983695388 2.40669219195843 2.81097637116909 3.11212259531021 3.04401994496584 2.99902373179793 -9999 -9999 -9999 -9999 -9999 -9999 -9999 -9999 -9999 -9999 -9999 -9999 -9999 -9999 -9999 -9999 -9999 -9999 -9999 -9999 -9999 -9999 -9999
-9999 -9999 -9999 -9999 4.0507851458766 3.83092562357585 3.58835032582283 4.10329977203818 3.29966625145503 4.07652809528204 4.22701141834259 4.07749900817871 3.68162647577433 3.32268157175609 3.09296316759927 2.9395395730223 2.84981140494347 2.38539539490427 1.7978643817561 1.53538573980331 1.39869552478194 1.80356501787901 2.27102136611938 2.60700894892216 3.19932260513306 2.71045324578881 3.36113554984331 3.87304113060236 4.18243685737252 3.85610463470221 6.59014923231942 2.43680775165558 2.41100203245878 2.57219685986638 2.74326827526093 3.08868777751923 3.12564829776162 14.1696814619578 -9999 -9999 -9999 -9999 -9999 -9999 -9999 -9999 -9999 -9999 -9999 -9999 -9999 -9999 -9999 -9999 -9999 -9999 -9999 -9999 -9999 -9999 -9999 -9999
-9999 -9999 -9999 -9999 3.49385610222816 3.46746289730072 4.39811897277832 4.11906535485212 3.23034739494324 3.90803142235829 3.68880602029654 3.60259085435134 2.98556880767529 2.82343230077199 2.00831700861454 2.53442685944693 2.60134094953537 2.07193076184818 1.77295249700546 1.41294308219637 1.35177563130856 1.88931270316243 2.99727277457714 4.06758438795805 1.92669447730569 1.99263651371002 3.31562715768814 3.39145374298096 3.20845353603363 2.89321321249008 2.42806553840637 2.39305227994919 2.88850770145655 2.10283606052399 3.89380822181702 3.76609069481492 3.76833102107048 -9999 -9999 -9999 -9999 -9999 -9999 -9999 -9999 -9999 -9999 -9999 -9999 -9999 -9999 -9999 -9999 -9999 -9999 -9999 -9999 -9999 -9999 -9999 -9999 -9999
-9999 36.927882295747 4.14698366324107 3.96980504194895 3.77763919830322 3.42965054512024 4.13578452082241 4.65995407104492 3.1784530878067 3.64452002048492 3.37316208652088 3.03689370247034 2.60591377203281 2.49296794193132 2.21611861288548 2.10625517964363 1.87478370964527 1.67980171442032 1.64985669851303 1.33877905138901 1.53608418575355 3.51923089027405 2.86818401142955 2.88685446977615 3.3154922525088 3.36771235987544 3.39365530014038 3.01248079538345 1.9194632264284 1.9877892264298 2.42297284305096 2.30336961746216 2.64629168510437 3.44159998744726 23.0890828371048 10.3883711749857 -9999 -9999 -9999 -9999 -9999 -9999 -9999 -9999 -9999 -9999 -9999 -9999 -9999 -9999 -9999 -9999 -9999 -9999 -9999 -9999 -9999 -9999 -9999 -9999 -9999 -9999
4.18593835830688 4.12754459381103 3.83125784397125 4.05897629261017 3.50453617993523 3.48151676795062 3.3292647600174 3.29863856119268 3.6724223613739 3.46088190078735 3.26282976865768 3.14222357102803 3.00668437140328 2.1866415483611 2.2858425791447 1.87505751997232 1.0080431252718 1.62814429828099 1.54044312664441 2.39114657470158 12.3436576366425 12.2382470011711 2.34935499429703 2.39307380914688 2.43548672199249 3.25062643736601 2.31015040874481 2.22609722614288 2.16862337504114 2.41425461002759 2.63034471273422 2.71531912088394 2.95703911781311 -9999 -9999 -9999 -9999 -9999 -9999 -9999 -9999 -9999 -9999 -9999 -9999 -9999 -9999 -9999 -9999 -9999 -9999 -9999 -9999 -9999 -9999 -9999 -9999 -9999 -9999 -9999 -9999 -9999
13.2598973621022 4.04704640060663 3.90237984806299 3.89162051677704 8.89903136400076 3.69353581219912 3.23683159053326 3.12671817094088 3.57262272834778 3.3023268699646 3.07455353736877 3.34243626147509 2.68723483085632 2.14523863792419 1.84772315248847 1.89300255775452 1.20145548765476 1.1416914910078 1.94511256217957 2.07596960663795 2.40052570402622 1.90375576168299 2.38322950601578 2.72818711772561 2.66831817371505 2.60172809447561 2.57304272481373 2.53245267697743 2.56695760999407 2.63160368800163 3.06917991808483 3.22836289235524 3.12542138355119 11.964672927673 3.84469410506162 6.03972403930895 -9999 -9999 -9999 -9999 -9999 -9999 -9999 -9999 -9999 -9999 -9999 -9999 -9999 -9999 -9999 -9999 -9999 -9999 -9999 -9999 -9999 -9999 -9999 -9999 -9999 -9999
4.29231572151184 4.02538180351257 4.00457429885864 3.81558376550674 4.49270814657211 3.53332661837339 3.32085130214691 3.82318225928715 6.13736346134773 2.75478907993862 7.24159034398886 3.56424511671066 2.40891920455865 1.88640214204788 1.62497618794441 1.41770634055138 1.34258918836713 1.32639920711517 1.56783935241401 1.66295231133699 1.8320637345314 1.9900669567287 2.25762279331684 2.86011820659041 2.59080711007118 2.55229278547423 2.68622093541282 2.56375486084393 2.81132705722536 2.9633720330894 6.33656584739685 -9999 -9999 -9999 -9999 -9999 -9999 -9999 -9999 -9999 -9999 -9999 -9999 -9999 -9999 -9999 -9999 -9999 -9999 -9999 -9999 -9999 -9999 -9999 -9999 -9999 -9999 -9999 -9999 -9999 -9999 -9999
4.68288397789001 5.26770097017288 4.43126881122589 3.62982678413391 4.58405003180871 4.57092445630294 3.41017079353333 3.91944722618376 3.48372635671071 2.75352039507457 2.69965167045593 2.70426940492221 1.87978761536734 1.79799785837531 1.38601582249006 1.35550136491656 1.4190490792195 1.61414503678679 1.59138463251293 1.85676949471235 2.34786482155323 2.59427189826965 2.91949807852507 2.79788628593087 2.79732770472765 2.73516406863928 2.74004456028342 3.01764493435621 3.93963405960485 3.5931968187031 3.12472527905514 3.1964422861735 -9999 -9999 -9999 -9999 -9999 -9999 31.5789281289969 12.6942715644836 -9999 -9999 -9999 -9999 -9999 -9999 -9999 -9999 -9999 -9999 -9999 -9999 -9999 -9999 -9999 -9999 -9999 -9999 -9999 -9999 -9999 -9999
6.62886571884155 4.67795765399933 4.336869597435 4.38739034708808 4.11850249767303 4.83208093047142 4.9764147400856 4.83505313213055 3.02772760391235 2.47183582612446 2.408491099582 1.62968065633493 1.41661858558655 1.4067710886399 1.3892994026343 1.46156860515475 1.60607286728919 1.79184934124351 1.9218747317791 2.97210386395454 3.07630804181099 3.12026020511985 3.20311630144715 3.1151205226779 2.85174001380801 2.97669924795628 3.18799877166748 3.33299591039356 3.64620636900266 2.93895644263217 3.05965827640734 3.42093944549561 -9999 -9999 -9999 -9999 -9999 -9999 -9999 -9999 -9999 -9999 -9999 -9999 -9999 -9999 -9999 -9999 -9999 -9999 -9999 -9999 -9999 -9999 -9999 -9999 -9999 -9999 -9999 -9999 -9999 -9999
-9999 -9999 -9999 -9999 -9999 4.15885425868787 3.6975421110789 3.10703164339066 2.42376519952502 2.02748276506151 1.62879412089075 1.21084619499743 1.55389354626338 1.23316521644592 1.61917566508055 1.59876539707184 2.30725245550275 2.54190120846033 3.02489329129457 3.123849067837 3.26629500836134 3.31201185286045 3.21774119138718 3.10006727278233 7.33398570703424 6.56689138923373 -9999 -9999 -9999 -9999 -9999 -9999 -9999 -9999 -9999 -9999 -9999 -9999 -9999 -9999 -9999 -9999 -9999 -9999 -9999 -9999 -9999 -9999 -9999 -9999 -9999 -9999 -9999 -9999 -9999 -9999 -9999 -9999 -9999 -9999 -9999 -9999
-9999 -9999 -9999 -9999 -9999 -9999 2.98218229785562 2.6893036365509 2.67162171693949 1.88874723442963 1.370757867183 0.92280478477478 1.22214402556419 1.87911991775036 1.69442579746246 2.32693684101105 2.34133689403534 2.16638796329498 2.31459859609604 2.70428915023804 2.71020231246948 2.68245389461517 3.92415846884251 3.19951663656933 -9999 -9999 -9999 -9999 -9999 -9999 -9999 -9999 -9999 -9999 -9999 -9999 -9999 -9999 -9999 -9999 -9999 -9999 -9999 -9999 -9999 -9999 -9999 -9999 -9999 -9999 -9999 -9999 -9999 -9999 -9999 -9999 -9999 -9999 -9999 -9999 -9999 -9999
