EcologicalScience/Bass/data/rs_data_bass/chl_118.asc
NCOLS 226 
NROWS 124 
XLLCORNER -9.41648524995501 
YLLCORNER 47.587301625531 
CELLSIZE 0.0833 
NODATA_value -9999 
[rows 0 to 26 of 124, columns 62 to 123 of 226]
-9999 -9999 -9999 -9999 -9999 -9999 -9999 -9999 -9999 -9999 -9999 -9999 -9999 -9999 -9999 -9999 -9999 -9999 -9999 -9999 -9999 -9999 -9999 -9999 -9999 -9999 -9999 -9999 -9999 -9999 -9999 -9999 -9999 -9999 -9999 -9999 -9999 -9999 -9999 -9999 -9999 -9999 -9999 -9999 -9999 -9999 -9999 -9999 -9999 -9999 -9999 -9999 -9999 -9999 -9999 -9999 -9999 -9999 -9999 -9999 -9999 -9999
-9999 -9999 -9999 -9999 -9999 -9999 -9999 -9999 -9999 -9999 -9999 -9999 -9999 -9999 -9999 -9999 -9999 -9999 -9999 -9999 -9999 -9999 -9999 -9999 -9999 -9999 -9999 -9999 -9999 -9999 -9999 -9999 -9999 -9999 -9999 -9999 -9999 -9999 -9999 -9999 -9999 -9999 -9999 -9999 -9999 -9999 -9999 -9999 -9999 -9999 -9999 -9999 -9999 -9999 -9999 -9999 -9999 -9999 -9999 -9999 -9999 -9999
-9999 -9999 -9999 -9999 -9999 -9999 -9999 -9999 -9999 -9999 -9999 -9999 -9999 -9999 -9999 -9999 -9999 -9999 -9999 -9999 -9999 -9999 -9999 -9999 -9999 -9999 -9999 -9999 -9999 -9999 -9999 -9999 -9999 -9999 -9999 -9999 -9999 -9999 -9999 -9999 -9999 -9999 -9999 -9999 -9999 -9999 -9999 -9999 -9999 -9999 -9999 -9999 -9999 -9999 -9999 -9999 -9999 -9999 -9999 -9999 -9999 -9999
-9999 -9999 -9999 -9999 -9999 -9999 -9999 -9999 -9999 -9999 -9999 -9999 -9999 -9999 -9999 -9999 -9999 -9999 -9999 -9999 -9999 -9999 -9999 -9999 -9999 -9999 -9999 -9999 -9999 -9999 -9999 -9999 -9999 -9999 -9999 -9999 -9999 -9999 -9999 -9999 -9999 -9999 -9999 -9999 -9999 -9999 -9999 -9999 -9999 -9999 -9999 -9999 -9999 -9999 -9999 -9999 -9999 -9999 -9999 -9999 -9999 -9999
-9999 -9999 -9999 -9999 -9999 -9999 -9999 -9999 -9999 -9999 -9999 -9999 -9999 -9999 -9999 -9999 -9999 -9999 -9999 -9999 -9999 -9999 -9999 -9999 -9999 -9999 -9999 -9999 -9999 -9999 -9999 -9999 -9999 -9999 -9999 -9999 -9999 -9999 -9999 -9999 -9999 -9999 -9999 -9999 -9999 -9999 -9999 -9999 -9999 -9999 -9999 -9999 -9999 -9999 -9999 -9999 -9999 -9999 -9999 -9999 -9999 -9999
-9999 -9999 -9999 -9999 -9999 -9999 -9999 -9999 -9999 -9999 -9999 -9999 -9999 -9999 -9999 -9999 -9999 -9999 -9999 -9999 -9999 -9999 -9999 -9999 -9999 -9999 -9999 -9999 0.63735419511795 0.743508629337715 2.13521062731743 1.06758525967598 1.01753997802734 0.902961730957031 1.21567198634148 0.57363523542881 0.572646751999855 0.646026000380516 0.644575506448746 0.636681765317917 0.603046506643295 0.572727754712105 0.595346242189407 0.578768268227577 0.613766983151436 0.954218238592148 1.02828446030617 1.1518212556839 1.09775900840759 0.92398926615715 1.09695187211037 1.10788616538048 0.90546977519989 0.832538992166519 1.34781289100647 1.25605680942535 1.05825916528702 1.06055713891983 0.781979262828827 0.489488258957863 0.366871491074562 0.378462001681328
-9999 -9999 -9999 -9999 -9999 -9999 -9999 -9999 -9999 -9999 -9999 -9999 -9999 -9999 -9999 -9999 -9999 -9999 -9999 -9999 -9999 -9999 -9999 -9999 -9999 -9999 1.18186515569687 1.0627324283123 4.14331367611885 1.30699878931046 1.0598917901516 1.06467828154564 0.987029224634171 0.88426199555397 0.91772398352623 1.14943123608828 0.961539030075073 1.20348751544952 1.19770646095276 1.17383176088333 1.05320996046066 0.904150485992432 0.821024984121323 0.935693264007568 0.942858785390854 0.886436998844147 0.956366211175919 0.97165122628212 0.917866498231888 0.962999224662781 0.999972760677338 1.00080451369286 0.970523983240128 0.935187757015228 0.948224276304245 0.979326725006104 1.03336501121521 0.7953742146492 0.471377554535866 0.358571393787861 0.330308005213737 0.437883511185646
-9999 -9999 -9999 -9999 -9999 -9999 -9999 -9999 -9999 -9999 -9999 -9999 -9999 -9999 -9999 -9999 -9999 -9999 -9999 -9999 -9999 -9999 -9999 -9999 -9999 -9999 1.18186515569687 1.91450737416744 1.36426278948784 1.30803599953651 1.12835249304771 0.935038536787033 0.935054987668991 0.941174268722534 0.967308014631271 0.963568478822708 1.04736077785492 1.15260225534439 1.24039122462273 1.24921047687531 1.33923849463463 1.38552048802376 1.45171070098877 1.39835831522942 1.364815980196 1.26409837603569 1.26757840812206 0.866205722093582 1.07053273916245 1.03142362833023 1.04722914844751 0.757603526115417 0.766346991062164 0.908849984407425 0.905366241931915 0.530048981308937 0.57718200981617 0.591866254806519 0.582516744732857 0.703912496566772 0.694900497794151 0.524085000157356
-9999 -9999 -9999 -9999 -9999 -9999 -9999 -9999 -9999 -9999 -9999 -9999 -9999 -9999 -9999 -9999 -9999 -9999 -9999 -9999 -9999 -9999 -9999 -9999 -9999 -9999 3.40193122625351 1.24170523881912 0.910547286272049 0.906008988618851 0.923099219799042 0.878074496984482 0.872082710266113 0.843615710735321 1.18337394297123 1.10126736760139 1.08765448629856 1.11781525611877 1.29542078077793 1.37726920843124 1.01611874252558 1.05720484256744 1.02702077105641 1.45581045746803 1.43548226356506 1.45951396226883 1.16521161049604 0.575018271803856 0.66110023856163 0.772134751081467 0.57065324485302 0.472705498337746 0.562172994017601 0.63314326107502 0.774732738733292 0.755889773368835 0.735493496060371 0.622387513518333 0.603994488716125 0.648758992552757 0.62226676940918 0.542429253458977
-9999 -9999 -9999 -9999 -9999 -9999 -9999 -9999 -9999 -9999 -9999 -9999 -9999 -9999 -9999 -9999 -9999 -9999 -9999 -9999 -9999 -9999 -9999 -9999 -9999 1.19121462106705 5.02877813950181 1.16140195727348 0.739579483866692 0.751422017812729 0.780680269002914 0.805804520845413 0.79194974899292 0.7355737388134 0.964272379875183 1.01922114193439 0.648822739720345 0.646865978837013 0.711916521191597 1.39985680580139 0.80748376250267 0.833418756723404 1.50446519255638 1.47873303294182 1.44590002298355 0.971348986029625 0.548499003052711 0.459719270467758 0.500034749507904 0.562706261873245 0.602119490504265 0.568413019180298 0.536892011761665 0.570448502898216 0.639755979180336 0.652023017406464 0.610325261950493 0.61660498380661 0.624961495399475 0.560501262545586 0.527571737766266 0.48608623445034
-9999 -9999 -9999 -9999 -9999 -9999 -9999 -9999 -9999 -9999 -9999 -9999 -9999 -9999 -9999 -9999 -9999 -9999 -9999 -9999 -9999 -9999 -9999 -9999 -9999 6.34251671433449 2.1135195940733 2.31486757099628 0.760435491800308 0.764423221349716 0.776982754468918 0.729388520121574 0.765158236026764 0.720940500497818 0.62594099342823 0.576488256454468 0.562856242060661 0.595303505659103 0.556226268410683 0.575378984212875 0.620258241891861 0.627933740615845 0.679985985159874 0.813056230545044 1.07410575449467 0.499777480959892 0.527197480201721 0.523895993828773 0.458114996552467 0.471567749977112 0.452661752700806 0.441855758428574 0.512801259756088 0.56428724527359 0.578174248337746 0.585857257246971 0.574239760637283 0.542849242687225 0.514410004019737 0.477802500128746 0.428987994790077 0.394409984350204
-9999 -9999 -9999 -9999 -9999 -9999 -9999 -9999 -9999 -9999 -9999 -9999 -9999 -9999 -9999 -9999 -9999 -9999 -9999 -9999 -9999 -9999 -9999 -9999 1.31647038459778 0.497629478573799 0.523645520210266 0.594427496194839 0.816321015357971 0.790810525417328 0.788172036409378 0.898901224136353 0.770538032054901 0.715943232178688 0.58711351454258 0.494248509407043 0.483372732996941 0.471430510282516 0.47452948987484 0.477050989866257 0.493644744157791 0.532230734825134 0.559612512588501 0.655029013752937 0.690054014325142 0.518753260374069 0.499043986201286 0.487114503979683 0.453005254268646 0.437126979231834 0.459853515028954 0.446380510926247 0.491867244243622 0.557202771306038 0.590881481766701 0.585618004202843 0.59229750931263 0.564489752054214 0.504308983683586 0.455715760588646 0.40820024907589 0.377756237983704
-9999 -9999 -9999 -9999 -9999 -9999 -9999 -9999 -9999 -9999 -9999 -9999 -9999 -9999 -9999 -9999 -9999 -9999 -9999 -9999 -9999 -9999 -9999 1.50594073534012 3.16534951329231 0.517668753862381 0.514254748821259 0.575696244835854 0.699629992246628 0.667800754308701 0.905840277671814 0.902084290981293 0.717444017529488 0.658427998423576 0.61982698738575 0.540714740753174 0.53108923137188 0.511139988899231 0.53557576239109 0.513047263026237 0.519071236252785 0.518952012062073 0.501154482364655 0.490453496575356 0.460408508777618 0.445909515023232 0.477713987231255 0.471038237214088 0.62252251803875 0.615105763077736 0.596075981855392 0.576915755867958 0.597393751144409 0.602464511990547 0.623635500669479 0.615600764751434 0.571807488799095 0.516087770462036 0.440372988581657 0.37509973347187 0.350184760987759 0.339176259934902
-9999 -9999 -9999 -9999 -9999 -9999 -9999 -9999 -9999 -9999 -9999 -9999 -9999 -9999 -9999 -9999 -9999 -9999 -9999 -9999 -9999 -9999 6.08093690872192 1.66748061776161 1.11210487782955 0.679169252514839 0.632769003510475 0.662487745285034 0.782265722751617 0.841895967721939 0.876080989837646 0.798051774501801 0.663202509284019 0.583209738135338 0.566534981131554 0.632832750678062 0.6095370054245 0.569748759269714 0.569814741611481 0.534357011318207 0.50091826915741 0.559398740530014 0.54908175766468 0.561786755919456 0.571441501379013 0.56019227206707 0.601977735757828 0.564339011907578 0.664460241794586 0.641688019037247 0.600771769881248 0.602885261178017 0.566117271780968 0.576655492186546 0.586878731846809 0.582597747445107 0.500073730945587 0.456000745296478 0.37983749806881 0.339475505053997 0.320253007113934 0.322878755629063
-9999 -9999 -9999 -9999 -9999 -9999 -9999 -9999 -9999 -9999 -9999 -9999 -9999 -9999 -9999 -9999 -9999 -9999 -9999 -9999 2.64602583646774 1.88320491064426 7.16253733634949 9.22886538505554 1.16278423368931 0.817610263824463 0.842895716428757 0.771081000566483 0.753283470869064 0.769793272018433 0.78662770986557 0.767803519964218 0.733554750680923 0.63689848780632 0.605159997940063 0.577635750174522 0.621573016047478 0.606935977935791 0.616076231002808 0.618100494146347 0.639399021863937 0.609761238098145 0.586444482207298 0.573318734765053 0.597237020730972 0.605143502354622 0.6173445135355 0.639811500906944 0.670871257781982 0.652272015810013 0.638759270310402 0.593069270253181 0.592803731560707 0.599321231245995 0.550733238458633 0.488290518522263 0.420679494738579 0.400231495499611 0.379201501607895 0.346451997756958 0.314153999090195 0.294355496764183
-9999 -9999 -9999 -9999 -9999 -9999 -9999 -9999 -9999 -9999 -9999 -9999 -9999 -9999 -9999 -9999 -9999 -9999 -9999 -9999 2.10735844904991 1.19261883795261 1.44102871417999 1.82538145780563 1.36950150132179 1.38761177659035 1.16370150446892 1.11197626590729 1.01884272694588 0.905991733074188 0.771489769220352 0.718863755464554 0.630018755793571 0.634403228759766 0.586402505636215 0.54398176074028 0.538814261555672 0.558799490332603 0.564466506242752 0.628824010491371 0.607794016599655 0.64418850839138 0.590860515832901 0.578464508056641 0.576263979077339 0.633163511753082 0.690855771303177 0.711930736899376 0.71577975153923 0.678188994526863 0.617599502205849 0.628231510519981 0.616801500320435 0.600687772035599 0.563013732433319 0.476207256317139 0.400395020842552 0.397223979234695 0.38706448674202 0.336240760982037 0.296351999044418 0.271947003901005
-9999 -9999 -9999 -9999 -9999 -9999 -9999 -9999 -9999 -9999 -9999 -9999 -9999 -9999 -9999 -9999 -9999 -9999 -9999 4.07227316498756 2.81148380041122 1.98076343536377 1.65561228990555 1.61274594068527 1.39132726192474 1.06527748703957 0.978686213493347 0.899320542812347 0.954376459121704 0.871655970811844 0.855174779891968 0.810797989368439 0.681581988930702 0.626343011856079 0.580226272344589 0.550679996609688 0.527054250240326 0.532742992043495 0.541289269924164 0.492381021380424 0.461304008960724 0.526599749922752 0.554444253444672 0.539976015686989 0.556397259235382 0.588848233222961 0.678200259804726 0.661265999078751 0.655743733048439 0.609398245811462 0.608420982956886 0.604401737451553 0.620155513286591 0.57838274538517 0.470930233597755 0.43817625939846 0.417282745242119 0.406573489308357 0.384676516056061 0.370880261063576 0.35198999941349 0.352630510926247
-9999 -9999 -9999 -9999 -9999 -9999 -9999 -9999 -9999 -9999 -9999 -9999 -9999 -9999 -9999 -9999 -9999 -9999 4.46859633922577 2.74871617555618 2.15445667505264 1.50286281108856 1.27962148189545 1.12508922815323 0.94417878985405 0.891531765460968 0.834750026464462 0.862462520599365 0.83654397726059 0.776774972677231 0.79226553440094 0.87076199054718 0.753241539001465 0.628436252474785 0.588090017437935 0.570120021700859 0.546567767858505 0.541748240590096 0.533889010548592 0.528028517961502 0.523888483643532 0.524187728762627 0.529766231775284 0.526764750480652 0.575554490089417 0.606966018676758 0.656724750995636 0.637687504291534 0.623373001813889 0.606978759169579 0.594603002071381 0.581715747714043 0.531066745519638 0.459348008036613 0.437161490321159 0.434025004506111 0.414192751049995 0.415608018636703 0.409952983260155 0.405579015612602 0.404876232147217 0.397652998566628
-9999 -9999 -9999 -9999 -9999 -9999 -9999 -9999 -9999 -9999 -9999 -9999 -9999 -9999 -9999 -9999 -9999 9.82241915553981 2.53628794848919 1.38556534051895 5.36154234409332 0.678741753101349 0.781872779130936 0.907121211290359 0.930620223283768 0.816269963979721 0.704479515552521 0.697332769632339 0.696123003959656 0.705218240618706 0.731765270233154 0.748193979263306 0.710188508033752 0.648725241422653 0.594438761472702 0.559919267892838 0.562019258737564 0.57921901345253 0.551516264677048 0.561582013964653 0.593366995453835 0.61830823123455 0.56470875442028 0.517538979649544 0.629409357905388 0.606896996498108 0.653771996498108 0.634019985795021 0.585921764373779 0.53805448114872 0.510447755455971 0.502800017595291 0.455213248729706 0.451589271426201 0.435510009527206 0.419280007481575 0.401516988873482 0.408182233572006 0.416959494352341 0.428049758076668 0.414045765995979 0.403994232416153
-9999 -9999 -9999 -9999 -9999 -9999 -9999 -9999 -9999 -9999 -9999 -9999 -9999 -9999 -9999 -9999 -9999 -9999 -9999 6.39516320824623 2.09231919050217 1.0924192070961 0.580202266573906 0.401086494326591 0.393583506345749 0.445351481437683 0.494301751255989 0.553828507661819 0.586750522255898 0.630424484610558 0.653977498412132 0.680839508771896 0.662493735551834 0.625589981675148 0.567187517881393 0.56479574739933 0.569404497742653 0.606983989477158 0.594749987125397 0.584383517503738 0.591207012534142 0.580964997410774 0.590446516871452 0.527230516076088 0.546339735388756 0.55792424082756 0.660456016659737 0.597018018364906 0.522770270705223 0.477523505687714 0.449538767337799 0.432908982038498 0.411996737122536 0.406515017151833 0.387465745210648 0.379058986902237 0.403431728482246 0.406471520662308 0.420020252466202 0.443479478359222 0.460985228419304 0.436626747250557
-9999 -9999 -9999 -9999 -9999 -9999 -9999 -9999 -9999 -9999 -9999 -9999 -9999 -9999 -9999 24.9633936882019 11.5686057329178 3.42348924966959 6.50945762612603 2.05713638663292 1.62197327613831 0.851601004600525 0.551986500620842 0.324820496141911 0.412045508623123 0.395257517695427 0.472388237714767 0.486679494380951 0.499599739909172 0.551735267043114 0.585213750600815 0.595324516296387 0.570695266127586 0.54569698870182 0.523911014199257 0.524808749556541 0.522055506706238 0.538251757621765 0.598362743854523 0.581833496689796 0.571476012468338 0.588748499751091 0.621432021260262 0.631911769509315 0.66609750688076 0.695836499333382 0.67731973528862 0.597692996263504 0.564288005232811 0.549892500042915 0.526003494858742 0.493873491883278 0.467110499739647 0.451857760548592 0.462614268064499 0.469001233577728 0.449146494269371 0.441587269306183 0.428957998752594 0.435713231563568 0.41355898976326 0.38518425822258
-9999 -9999 -9999 -9999 -9999 -9999 -9999 -9999 -9999 -9999 35.2986888885498 35.2986888885498 13.7248649597168 13.3863543570042 2.71861982345581 11.3963368535042 17.9047440290451 1.53206169605255 0.992908537387848 1.11010050773621 0.926027208566666 0.520682260394096 0.35708174854517 0.38876773416996 0.408526495099068 0.380337730050087 0.412467733025551 0.451316982507706 0.453665256500244 0.484056740999222 0.49414949119091 0.486368983983994 0.48079651594162 0.478537514805794 0.488690257072449 0.483480736613274 0.476784020662308 0.502134740352631 0.600923269987106 0.613543510437012 0.604667991399765 0.643690511584282 0.670698747038841 0.691020771861076 0.704989492893219 0.678368255496025 0.665730759501457 0.629724740982056 0.595742985606194 0.581558257341385 0.556559264659882 0.522534012794495 0.4870845079422 0.448602765798569 0.425915256142616 0.330357000231743 0.304342500865459 0.301727995276451 0.305353492498398 0.294596247375011 0.285351745784283 0.268328256905079
-9999 -9999 -9999 -9999 -9999 -9999 -9999 -9999 -9999 -9999 35.2986888885498 3.18342447280884 6.0537682056427 5.95808386802673 8.36834299564362 5.02916130423546 2.48005646467209 18.5016012310982 8.46783676743507 4.31671970420414 4.64107179641724 0.340493246912956 0.314641490578651 0.371715009212494 0.426155984401703 0.559474490582943 0.554540991783142 0.388117522001266 0.427461013197899 0.449709758162498 0.470166742801666 0.479000240564346 0.451838985085487 0.441338986158371 0.449713513255119 0.457630500197411 0.474489748477936 0.483805507421494 0.499847263097763 0.564470261335373 0.603405743837357 0.676239743828773 0.710712745785713 0.715362757444382 0.740412756800652 0.747383996844292 0.70694625377655 0.592715263366699 0.568046271800995 0.556653007864952 0.526536762714386 0.494292005896568 0.444771766662598 0.388119757175446 0.309995993971825 0.247707009315491 0.245846249163151 0.243017993867397 0.241587750613689 0.244380757212639 0.234962247312069 0.239886000752449
-9999 -9999 -9999 -9999 -9999 -9999 -9999 -9999 -9999 -9999 -9999 -9999 15.6051497239988 17.5324628055096 8.77918887138367 4.29396221948707 -9999 -9999 -9999 -9999 -9999 -9999 3.27602621912956 3.37071570754051 3.17475154995918 1.2875647097826 0.627281248569489 0.611522600054741 0.587512135505676 0.514891505241394 0.497304752469063 0.445620730519295 0.43027500808239 0.436661258339882 0.451391994953156 0.446479484438896 0.52802100777626 0.626709759235382 0.549287259578705 0.553315490484238 0.700609490275383 0.751054465770721 0.767045259475708 0.69421948492527 0.631854727864265 0.55060350894928 0.500268772244453 0.448587745428085 0.443005487322807 0.447193488478661 0.46109627187252 0.471772491931915 0.441305235028267 0.391136258840561 0.348412491381168 0.302028760313988 0.247293010354042 0.22239900380373 0.225666001439095 0.229924499988556 0.224435247480869 0.237057745456696
-9999 -9999 -9999 -9999 -9999 -9999 -9999 -9999 -9999 -9999 -9999 -9999 -9999 16.6274771690369 16.6274771690369 16.6274771690369 -9999 -9999 -9999 -9999 -9999 -9999 4.94490551948547 4.94490551948547 4.94490551948547 0.308659605681896 4.60963620990515 0.960420727729797 0.71103972941637 0.725699231028557 0.586648508906364 0.546504735946655 0.535640984773636 0.527088761329651 0.527301728725433 0.486432731151581 0.470829740166664 0.623239517211914 0.710571750998497 0.664230018854141 0.681742519140244 0.6796815097332 0.675133511424065 0.623579978942871 0.458961769938469 0.382074013352394 0.353093259036541 0.340378493070602 0.342069759964943 0.331296756863594 0.357008993625641 0.383421018719673 0.369933754205704 0.349245741963387 0.330378748476505 0.343773745000362 0.338887497782707 0.283931247889996 0.242324240505695 0.224478743970394 0.221413493156433 0.230004005134106
-9999 -9999 -9999 -9999 -9999 -9999 -9999 -9999 -9999 -9999 -9999 -9999 -9999 -9999 -9999 -9999 -9999 -9999 -9999 -9999 -9999 -9999 -9999 -9999 -9999 -9999 7.61998030543327 1.16644647717476 1.2189000248909 1.23207002878189 1.0728967487812 0.855447739362717 0.645831763744354 0.601247236132622 0.556585505604744 0.527214020490646 0.542935520410538 0.580334231257439 0.586538270115852 0.537580490112305 0.548975229263306 0.539674490690231 0.505020752549171 0.4492267370224 0.386081993579865 0.38502824306488 0.377114251255989 0.336004503071308 0.305953502655029 0.283641748130322 0.273839995265007 0.294881992042065 0.312970496714115 0.291725993156433 0.299109756946564 0.306154489517212 0.307654492557049 0.27191399037838 0.238942489027977 0.230648249387741 0.218960255384445 0.19990499317646
-9999 -9999 -9999 -9999 -9999 -9999 -9999 -9999 -9999 -9999 -9999 -9999 -9999 -9999 -9999 -9999 -9999 -9999 -9999 -9999 -9999 -9999 -9999 -9999 -9999 -9999 -9999 5.20603734964416 1.38806927204132 1.57248830795288 1.33315426111221 0.922311723232269 0.655520260334015 0.550743743777275 0.601930484175682 0.744645729660988 0.697252482175827 0.591731250286102 0.495453760027885 0.473272517323494 0.485204234719276 0.452483251690865 0.406688243150711 0.418647766113281 0.419449478387833 0.390760481357574 0.388477519154549 0.326698489487171 0.291170999407768 0.26062124222517 0.23879474401474 0.230110488831997 0.234558753669262 0.258089259266853 0.263867989182472 0.286714509129524 0.284856744110584 0.261864759027958 0.244341753423214 0.225971259176731 0.20915774255991 0.200695507228374
