EcologicalScience/Bass/data/rs_data_bass/chl_16.asc
NCOLS 226 
NROWS 124 
XLLCORNER -9.41648524995501 
YLLCORNER 47.587301625531 
CELLSIZE 0.0833 
NODATA_value -9999 
[rows 56 to 83 of 124, columns 0 to 61 of 226]
-9999 -9999 -9999 -9999 -9999 -9999 -9999 -9999 -9999 -9999 -9999 -9999 -9999 -9999 -9999 -9999 -9999 -9999 -9999 -9999 -9999 -9999 -9999 -9999 -9999 -9999 -9999 -9999 -9999 -9999 -9999 -9999 -9999 -9999 -9999 -9999 -9999 -9999 -9999 -9999 3.19055485725403 2.87267553806305 2.20608454942703 2.4641489982605 2.43274122476578 1.41057077050209 1.06824973225594 0.881973713636398 1.36162725090981 1.13992497324944 1.13861775398254 1.28090098500252 1.59350323677063 1.94595158100128 2.30650198459625 2.63942992687225 2.72912782430649 2.92856991291046 2.60254883766174 -9999 -9999 -9999
-9999 -9999 -9999 -9999 -9999 -9999 -9999 -9999 -9999 -9999 -9999 -9999 -9999 -9999 -9999 -9999 -9999 -9999 -9999 -9999 -9999 -9999 -9999 -9999 -9999 -9999 -9999 -9999 -9999 -9999 -9999 -9999 -9999 -9999 -9999 -9999 -9999 -9999 -9999 -9999 5.45195460319519 5.00493586063385 3.24728786945343 3.21591138839722 2.83200073242188 1.77030676603317 1.57736992835999 1.50708156824112 1.43558022379875 1.33480051159859 1.14330527186394 1.33365520834923 1.60821443796158 1.74934208393097 1.93500816822052 2.00019818544388 2.03069633245468 2.29022544622421 2.59857755899429 3.31242084503174 2.22293543815613 -9999
-9999 -9999 -9999 -9999 -9999 -9999 -9999 -9999 -9999 -9999 -9999 -9999 -9999 -9999 -9999 -9999 -9999 -9999 -9999 -9999 -9999 -9999 -9999 -9999 -9999 -9999 -9999 -9999 -9999 -9999 -9999 -9999 -9999 -9999 -9999 -9999 -9999 -9999 -9999 -9999 -9999 8.10079550743103 5.1602121591568 3.78762209415436 2.95186203718185 2.45283758640289 1.73724603652954 1.73244005441666 1.40577971935272 1.42405128479004 1.31765851378441 1.17580649256706 1.29443925619125 1.44912448525429 1.62524092197418 1.5939068198204 1.66896003484726 1.98102682828903 2.40224182605743 3.51185774803162 4.71005487442017 -9999
-9999 -9999 -9999 -9999 -9999 -9999 -9999 -9999 -9999 -9999 -9999 -9999 -9999 -9999 -9999 -9999 -9999 -9999 -9999 -9999 -9999 -9999 -9999 -9999 -9999 -9999 -9999 -9999 -9999 -9999 -9999 -9999 -9999 -9999 -9999 -9999 -9999 -9999 -9999 -9999 -9999 7.24670004844666 5.88015604019165 5.421422123909 3.61173462867737 2.53712332248688 1.94067066907883 1.68168604373932 1.66813945770264 1.5422528386116 1.55626130104065 1.49400222301483 1.41321748495102 1.45151397585869 1.34994828701019 1.38939678668976 1.69178849458694 2.27512943744659 2.4787979722023 -9999 -9999 -9999
-9999 -9999 -9999 -9999 -9999 -9999 -9999 -9999 -9999 -9999 -9999 -9999 -9999 -9999 -9999 -9999 -9999 -9999 -9999 -9999 -9999 -9999 -9999 -9999 -9999 -9999 -9999 -9999 -9999 -9999 -9999 -9999 -9999 -9999 -9999 -9999 -9999 -9999 -9999 -9999 3.41600328683853 7.35838508605957 5.80610990524292 3.5797723531723 2.75385528802872 1.92470705509186 1.66487556695938 1.55376523733139 1.57874929904938 1.62669450044632 1.56830996274948 1.3782202899456 1.49791797995567 1.66248071193695 1.41599214076996 1.60473901033401 1.63406507670879 -9999 -9999 1.81857374310493 1.59157879650593 1.7623034119606
-9999 -9999 -9999 -9999 -9999 -9999 -9999 -9999 -9999 -9999 -9999 -9999 -9999 -9999 -9999 -9999 -9999 -9999 -9999 -9999 -9999 -9999 -9999 -9999 -9999 -9999 -9999 -9999 -9999 -9999 -9999 -9999 -9999 -9999 -9999 -9999 -9999 -9999 -9999 4.23803508281708 4.04726099967957 3.36083623766899 2.73065292835236 1.58327633142471 1.56678593158722 1.40613153576851 1.40253898501396 1.41986247897148 1.53339457511902 1.53293395042419 1.03924164175987 0.982997998595238 1.56757128238678 1.67071866989136 1.35450299084187 1.55123099684715 1.61886638402939 1.41023477911949 1.39161372184753 1.28094336390495 1.2687431126833 1.61940188705921
-9999 -9999 -9999 -9999 -9999 -9999 -9999 -9999 -9999 -9999 -9999 -9999 -9999 -9999 -9999 -9999 -9999 -9999 -9999 -9999 -9999 -9999 -9999 -9999 -9999 -9999 -9999 -9999 -9999 -9999 -9999 -9999 -9999 -9999 -9999 -9999 -9999 -9999 -9999 4.13082683086395 2.82377627491951 2.74832707643509 2.12319257855415 1.69783955812454 1.36885946989059 1.61839574575424 1.53672605752945 1.51132500171661 1.57823020219803 1.35435453057289 1.29475951194763 1.33673098683357 1.32108825445175 1.38873901963234 1.7867129445076 1.90824830532074 1.70893281698227 1.7204954624176 2.21755421161652 1.48219460248947 1.81232437491417 1.78665974736214
-9999 -9999 -9999 -9999 -9999 -9999 -9999 -9999 -9999 -9999 -9999 -9999 -9999 -9999 -9999 -9999 -9999 -9999 -9999 -9999 -9999 -9999 -9999 -9999 -9999 -9999 -9999 -9999 -9999 -9999 -9999 -9999 -9999 -9999 -9999 -9999 -9999 -9999 7.56353425979614 4.51937091350555 2.7233182489872 1.70082002878189 1.74601346254349 1.44163352251053 1.3007992208004 1.5624532699585 1.74343049526215 1.50434249639511 1.35974621772766 1.24741503596306 1.30474948883057 1.30546501278877 1.38064277172089 1.4070660173893 1.43150398135185 1.94456398487091 1.8519698381424 2.08128082752228 2.24648255109787 2.56211167573929 1.32156975567341 1.94736975431442
-9999 -9999 -9999 -9999 -9999 -9999 -9999 -9999 -9999 -9999 -9999 -9999 -9999 -9999 -9999 -9999 -9999 -9999 -9999 -9999 -9999 -9999 -9999 -9999 -9999 -9999 -9999 -9999 -9999 -9999 -9999 -9999 -9999 -9999 -9999 -9999 -9999 -9999 7.61402249336243 4.9288441836834 1.89292645454407 1.78855723142624 1.62939977645874 1.40369546413422 1.33870947360992 1.4196794629097 1.41370046138763 1.27740302681923 1.17007273435593 1.1757652759552 1.31677427887917 1.09742778539658 1.44170325994492 1.3717477619648 1.25084437429905 2.01601427793503 2.28150004148483 3.58018720149994 3.82879114151001 2.97777074575424 2.92209666967392 2.92904019355774
-9999 -9999 -9999 -9999 -9999 -9999 -9999 -9999 -9999 -9999 -9999 -9999 -9999 -9999 -9999 -9999 -9999 -9999 -9999 -9999 -9999 -9999 -9999 -9999 -9999 -9999 -9999 -9999 -9999 -9999 -9999 -9999 -9999 -9999 -9999 -9999 -9999 -9999 6.07015192508698 4.69281309843063 1.5883401632309 1.41738295555115 1.674161195755 1.37876325845718 1.35904946923256 1.42464825510979 1.34748601913452 1.26951974630356 1.11436128616333 1.31717848777771 1.45679327845573 1.324417501688 1.2455261349678 2.19017404317856 1.94305568933487 1.88082522153854 2.79854106903076 3.47734344005585 3.70993888378143 3.51847064495087 3.86871528625488 2.96227580308914
-9999 -9999 -9999 -9999 -9999 -9999 -9999 -9999 -9999 -9999 -9999 -9999 -9999 -9999 -9999 -9999 -9999 -9999 -9999 -9999 -9999 -9999 -9999 -9999 -9999 -9999 -9999 -9999 -9999 -9999 -9999 -9999 -9999 -9999 -9999 -9999 -9999 9.28548395633698 2.36454606056213 3.98813760280609 2.29892331361771 1.40408098697662 1.35299178957939 1.36580550670624 1.32522824406624 1.26455247402191 1.20804297924042 1.15326225757599 1.31121674180031 1.52634143829346 1.65703350305557 2.374163210392 3.61623072624207 2.44355392456055 2.18581491708755 3.49161207675934 4.06424117088318 3.2108895778656 3.36264359951019 3.49531209468842 9.96433711051941 2.52781650424004
-9999 -9999 -9999 -9999 -9999 -9999 -9999 -9999 -9999 -9999 -9999 -9999 -9999 -9999 -9999 -9999 -9999 -9999 -9999 -9999 -9999 -9999 -9999 -9999 -9999 -9999 -9999 -9999 -9999 -9999 -9999 -9999 -9999 -9999 -9999 -9999 7.11038899421692 3.72712862491608 1.93434673547745 2.69062131643295 1.92637646198273 1.49763071537018 1.34769523143768 1.33854299783707 1.02508646249771 0.998291283845901 1.14633375406265 1.23238876461983 1.3456267118454 1.47768822312355 1.88937681913376 2.69512957334518 3.33302700519562 2.25419408082962 2.62623757123947 4.23444163799286 4.07002365589142 3.10148549079895 8.79475450515747 12.5543189048767 24.1112279891968 2.72029531002045
-9999 -9999 -9999 -9999 -9999 -9999 -9999 -9999 -9999 -9999 -9999 -9999 -9999 -9999 -9999 -9999 -9999 -9999 -9999 -9999 -9999 -9999 -9999 -9999 -9999 -9999 -9999 -9999 -9999 -9999 -9999 4.04172375798225 2.33101252913475 -9999 2.10493344068527 -9999 2.44519370794296 5.18046462535858 3.176140666008 2.11635446548462 1.51091319322586 1.28759703040123 1.24997851252556 1.0707885324955 0.958503752946854 1.04864099621773 1.09699729084969 1.18965902924538 1.25831553339958 1.32957145571709 1.70745295286179 1.97810626029968 2.56583172082901 4.27030563354492 10.2585604190826 20.5634436607361 7.2323362827301 9.62886929512024 3.48657882213593 6.14307117462158 3.90290960669518 3.74377191066742
-9999 -9999 -9999 -9999 -9999 -9999 -9999 -9999 -9999 -9999 -9999 -9999 -9999 -9999 -9999 -9999 -9999 -9999 -9999 -9999 -9999 -9999 0.346259817481041 1.23474032431841 2.24860870838165 1.88045021891594 2.03956425189972 5.45810413360596 7.95265102386475 8.42172288894653 4.48043572902679 4.19011270999908 14.1263666152954 16.0078699588776 10.5906178951263 7.51890778541565 8.69109535217285 4.65270817279816 3.68069708347321 2.58210074901581 1.34669923782349 1.18750727176666 1.14313128590584 1.04980427026749 0.994790285825729 1.11796796321869 1.09589999914169 1.2515654861927 1.39140745997429 1.48055702447891 1.66415333747864 1.88894927501678 1.81577324867249 2.47529402375221 2.52668622136116 2.25379505753517 3.91195356845856 6.93992990255356 2.52896200909334 -9999 -9999 -9999
-9999 -9999 -9999 -9999 -9999 -9999 -9999 -9999 -9999 -9999 -9999 -9999 -9999 -9999 -9999 -9999 -9999 -9999 -9999 -9999 -9999 -9999 1.76877227425575 0.952385969460011 1.04689952731133 1.21577247977257 1.0696357190609 1.89163606613874 3.23827141523361 2.16815279424191 3.1901850104332 3.8827131986618 0.378632247447968 6.72443318367004 10.6712787151337 12.5916295051575 8.7792284488678 5.37841558456421 3.29968965053558 1.82086658477783 1.24752974510193 1.01283976435661 0.975562512874603 0.959432244300842 1.00629445910454 1.08412197232246 1.33913245797157 1.54455381631851 1.66215151548386 1.71851617097855 1.84574621915817 1.81326967477798 1.97603470087051 2.2358204126358 8.37915939092636 -9999 -9999 -9999 -9999 -9999 -9999 -9999
-9999 -9999 -9999 -9999 -9999 -9999 -9999 -9999 -9999 -9999 -9999 -9999 -9999 -9999 -9999 -9999 -9999 -9999 -9999 37.4510822296143 1.10371875017881 1.25721526890993 1.01101836562157 2.75093883275986 0.657138749957085 1.4595847427845 0.829596787691116 6.60949909687042 4.62089145183563 3.1762256026268 7.95088970661163 14.0861763954163 0.434487730264664 0.631546497344971 17.4164428710938 28.696008682251 12.7614126205444 9.06146192550659 3.50155127048492 1.05499497056007 0.808566749095917 0.718513503670692 0.833539456129074 0.853815793991089 0.971664011478424 1.20586574077606 1.64902424812317 1.90786868333817 2.07226127386093 2.13351076841354 2.08672946691513 -9999 -9999 -9999 -9999 -9999 -9999 -9999 -9999 -9999 -9999 -9999
-9999 -9999 -9999 -9999 -9999 -9999 -9999 -9999 -9999 -9999 -9999 -9999 -9999 -9999 -9999 -9999 -9999 0.76502001285553 1.54162091016769 1.71112798154354 1.55563952028751 2.68117193877697 5.03619047999382 3.78269438445568 3.04210567474365 1.59296321868896 0.995192974805832 1.0013587474823 1.30222052335739 1.9270613193512 2.65789568424225 3.19804787635803 1.02526795864105 0.680393233895302 6.4289824962616 14.972987651825 9.46641397476196 6.74882912635803 2.15554118156433 1.04646974802017 0.8671695291996 0.774848967790604 0.736390516161919 0.930345743894577 1.19488272070885 1.49349528551102 1.82876247167587 2.3226066827774 2.649733543396 1.74133287370205 1.73671719431877 -9999 -9999 -9999 -9999 -9999 -9999 -9999 -9999 -9999 -9999 -9999
-9999 -9999 -9999 -9999 -9999 -9999 -9999 -9999 -9999 -9999 -9999 -9999 -9999 -9999 0.945481777191162 1.30371826887131 1.03725749999285 0.975560992956161 0.980232372879982 2.23512755334377 3.85551595687866 5.75623986124992 7.56337201595306 4.11042514443398 2.82653617858887 4.02563014626503 5.06358875334263 1.76144027709961 1.52374202013016 1.94559520483017 3.09312057495117 3.98673141002655 5.7769478559494 6.03199625015259 5.65096950531006 5.85041534900665 5.22466063499451 3.95604157447815 2.66059416532516 1.51995742321014 1.27286928892136 0.99148428440094 1.04825475811958 1.25773876905441 1.29879748821259 1.46789547801018 1.72746974229813 1.88743579387665 1.96921956539154 2.01355344057083 1.65124797821045 1.71627974510193 -9999 -9999 -9999 -9999 -9999 -9999 -9999 -9999 -9999 -9999
-9999 -9999 -9999 -9999 -9999 -9999 -9999 -9999 -9999 -9999 -9999 4.18960869312286 2.06994920969009 0.649412259459496 0.586975008249283 0.778092004358768 0.666950270533562 0.630942732095718 1.01427264511585 2.31410211324692 5.87704539299011 5.87294107675552 6.39597254991531 3.82892020046711 2.17561461031437 0.447546735405922 0.64367102086544 0.825666010379791 1.30486196279526 1.78217768669128 4.83918070793152 5.0741114616394 4.1300003528595 3.77445137500763 2.87125504016876 1.78202319145203 1.847960293293 1.77201980352402 1.93467450141907 2.5514332652092 4.15080463886261 2.9444677233696 3.54203474521637 1.31508976221085 1.45000872015953 1.497179210186 1.75558125972748 1.79855471849442 2.09037530422211 2.03901529312134 1.29797815158963 -9999 -9999 -9999 -9999 -9999 2.56165564365165 6.26192146539688 18.2738910913467 23.919929087162 8.4333176612854 -9999
-9999 -9999 -9999 -9999 -9999 -9999 -9999 -9999 -9999 7.53360803425312 1.86240779502051 1.25632537901402 0.651250138878822 0.61217287927866 0.661766991019249 0.661016240715981 0.708227634429932 0.923267617821693 1.00337214767933 0.602941498160362 0.964047744870186 1.28219696134329 1.97304448485374 4.4225911796093 2.9359724521637 0.545511022210121 0.631834521889687 0.911411225795746 2.06943833827972 2.71783804893494 3.24666309356689 2.48911732435226 1.73487818241119 1.52483922243118 1.34316149353981 1.67597848176956 1.96619707345963 1.53123146295547 2.65386682748795 4.57113003730774 5.01646649837494 4.13035583496094 1.91660392284393 1.79863500595093 1.62001579999924 1.79465693235397 1.75082248449326 1.64399099349976 1.59924817085266 1.79379004240036 1.82455283403397 1.82179874181747 1.91723477840424 2.28053104877472 2.89210313558578 2.85771033167839 4.37298229336739 3.05366885662079 4.99205079674721 15.8954266011715 7.44005674123764 -9999
-9999 -9999 -9999 -9999 -9999 1.49317386746407 1.13250075280666 1.13126850128174 1.08659698069096 0.814628630876541 0.771302618086338 0.727434732019901 0.679871253669262 0.76416751742363 0.770889021456242 0.393826514482498 0.389417991042137 0.934900134801865 1.15476863086224 0.528248235583305 0.599580734968185 2.41801281273365 2.33031675964594 3.93511236459017 5.5291246175766 2.50471195578575 1.24622172117233 1.24734377861023 1.66043400764465 1.68898576498032 1.68512177467346 1.47703349590302 1.32295498251915 1.37469524145126 1.76852256059647 2.12040227651596 2.08862775564194 3.5029628276825 3.93804287910461 3.0238516330719 4.64593362808228 2.19711828231812 2.30685067176819 2.0962387919426 2.57112908363342 2.29325169324875 2.30716198682785 2.28517127037048 1.84599530696869 1.7827815413475 1.78704518079758 2.05867499113083 2.30620729923248 2.48496901988983 3.03149235248566 3.58878064155579 2.98180568218231 2.9520315527916 2.81166565418243 3.78176164627075 3.95762157440186 4.34019899368286
-9999 -9999 -9999 -9999 -9999 1.12071123719215 0.957731276750565 1.04562185704708 0.843058124184608 0.667994990944862 0.72723338752985 0.793696492910385 0.855753019452095 0.582498729228973 0.513152271509171 0.452011495828629 0.46628925204277 0.67409323900938 0.620465263724327 0.586532235145569 0.62729175388813 0.56623050570488 0.791696280241013 0.741606742143631 0.850446760654449 0.903482258319855 1.08772650361061 1.34758275747299 1.44834226369858 1.24570798873901 1.39323976635933 1.244714230299 1.02593323588371 1.19001898169518 2.65822416543961 4.10056865215302 4.33078408241272 3.63970863819122 3.65204858779907 3.49085927009583 3.20844233036041 2.3432212471962 1.62149029970169 4.39256250858307 3.70844328403473 5.19507908821106 4.31213092803955 4.30704689025879 2.26876133680344 1.52908194065094 2.57858026027679 2.28957831859589 2.30171781778336 3.1126492023468 4.525022149086 5.70834517478943 2.05588647723198 2.00542831420898 1.85713836550713 2.02467039227486 3.14239490032196 2.10394808650017
-9999 -9999 -9999 -9999 -9999 0.29340223968029 0.411710232496262 0.604554377496243 0.589513130486012 0.364376239478588 1.07969478517771 1.07559299468994 0.545170515775681 0.461708977818489 0.736887753009796 0.835852861404419 1.06559327244759 0.671863496303558 0.524566501379013 0.503436014056206 0.685155026614666 0.724087491631508 0.856736987829208 1.02148202061653 1.22380873560905 1.16846027970314 1.12539303302765 1.34126472473145 1.15739777684212 0.863670766353607 0.927522003650665 1.44696003198624 1.74729305505753 1.94584876298904 3.5252240896225 4.51405334472656 5.28823184967041 6.22076797485352 5.83352243900299 5.17806136608124 3.89532816410065 2.77215456962585 2.40141820907593 2.44003576040268 3.54050016403198 4.33399200439453 5.43269848823547 4.53789067268372 2.9469900727272 2.20929676294327 2.3864534497261 2.14803153276443 2.29171496629715 2.81427150964737 4.25139820575714 2.44644302129745 1.99168646335602 1.76111841201782 1.39448100328445 1.68933480978012 1.77745467424393 2.47045719623566
-9999 -9999 -9999 -9999 -9999 0.562246486544609 0.632889747619629 0.607105493545532 0.664180509746075 0.457406267523766 0.995691351592541 0.507329240441322 0.47204701602459 0.424775987863541 0.42918598651886 0.938031792640686 0.968328773975372 0.70794602483511 0.723833240568638 0.528037503361702 0.581699252128601 0.729384765028954 1.06321352720261 1.37228098511696 1.50293773412704 1.59624230861664 1.65060818195343 1.70568376779556 1.35986772179604 1.24550628662109 1.02874347567558 1.60452157258987 2.39969408512115 2.82612901926041 4.15908443927765 6.11322855949402 5.59930658340454 4.57815062999725 6.88244390487671 4.40153682231903 3.65699100494385 3.09805333614349 4.20990514755249 4.19725513458252 9.6910765171051 7.87639260292053 6.46107816696167 4.73289906978607 4.60701906681061 4.57277405261993 3.92226755619049 2.57129842042923 2.37828004360199 2.33187299966812 2.48493146896362 2.01030743122101 1.76757377386093 1.64212507009506 1.52518808841705 1.81394183635712 2.39934754371643 2.49567818641663
-9999 -9999 -9999 -9999 -9999 0.433544978499413 0.722581520676613 1.63683968782425 0.573152258992195 0.447672754526138 0.755228988826275 1.03271739184856 0.428186237812042 0.528505504131317 0.428492233157158 0.598960518836975 0.497214004397392 0.652294501662254 0.807551264762878 0.665103748440742 0.699929997324944 0.789687037467957 0.849428236484528 1.12575298547745 1.47714525461197 1.41215845942497 1.41936448216438 1.69836831092834 1.49585178494453 1.38541951775551 1.05277195572853 1.12599903345108 2.12370300292969 2.87462317943573 3.92167496681213 4.43146955966949 7.84428334236145 7.59536933898926 6.8374879360199 7.6637077331543 3.82584071159363 6.84911441802979 6.28645205497742 3.53337442874908 3.92322957515717 6.05605244636536 7.78417539596558 7.03354096412659 7.60200047492981 5.75284731388092 4.50080394744873 4.25716710090637 4.34983205795288 2.69688141345978 2.01473933458328 1.78387731313705 1.70980203151703 1.54367405176163 1.56873750686646 1.64731281995773 2.02625244855881 2.01103645563126
-9999 -9999 -9999 -9999 -9999 0.670278757810593 0.43962299823761 0.71728952229023 0.6029272377491 0.327341258525848 0.353255242109299 0.571266755461693 0.5689447671175 0.401360258460045 0.338962510228157 0.380564242601395 0.626360982656479 0.519434228539467 0.666903018951416 0.94067171216011 0.982133209705353 0.914347529411316 0.924953252077103 0.944302529096603 1.0329367518425 1.01479277014732 0.941800475120544 1.08710476756096 1.26552003622055 1.47658950090408 1.08849602937698 1.15767225623131 2.47666883468628 2.72317796945572 3.87525057792664 5.58929479122162 4.13089656829834 7.57829403877258 9.13166642189026 7.33985996246338 6.00966954231262 9.79901933670044 11.7068545818329 5.7298378944397 1.51582498848438 1.72440938651562 8.16124248504639 9.55537819862366 8.29241824150085 6.80078816413879 7.52140474319458 4.45681965351105 2.15168327093124 1.58242267370224 1.76615256071091 1.74382495880127 1.08833178877831 1.21608746051788 1.36497035622597 1.48302376270294 1.4915167093277 1.38816225528717
-9999 -9999 -9999 -9999 -9999 0.779601752758026 0.365165255963802 0.33840449899435 0.371714249253273 0.390247508883476 0.445404767990112 0.695022001862526 0.64070400595665 0.694275766611099 0.688608750700951 0.782521516084671 0.921071290969849 1.13814604282379 0.706513479351997 1.02433200180531 0.833355009555817 0.725345268845558 0.867693722248077 0.69911701977253 0.833649784326553 0.848808020353317 0.726767241954803 0.717549741268158 0.892823249101639 1.12894722819328 1.45100998878479 1.00337326526642 1.80589127540588 2.41406017541885 2.4497047662735 2.208744764328 1.43661153316498 5.25791716575623 7.91131639480591 7.30277252197266 6.34484767913818 12.0757384300232 21.7013783454895 4.15523564815521 2.93269497156143 5.55949366092682 6.29063487052917 6.99256825447083 7.83465886116028 4.26672685146332 3.49855291843414 2.94820654392242 2.99713057279587 3.12666964530945 4.56057000160217 5.12635731697083 2.49010044336319 1.54961317777634 2.0838907957077 2.33278566598892 2.14750277996063 2.8175978064537
-9999 -9999 -9999 -9999 -9999 0.932627230882645 0.794514030218124 0.513376504182816 0.613381505012512 0.606298506259918 0.657517477869987 0.660846009850502 0.605225265026093 0.51648522913456 0.672006770968437 0.922541230916977 1.0144582092762 1.14348596334457 1.37368950247765 2.29535400867462 0.791652023792267 0.563629478216171 0.693072751164436 0.694567501544952 0.616978481411934 0.675390020012856 0.633494988083839 0.80689725279808 1.12950897216797 1.31376600265503 1.93127542734146 1.84092968702316 1.59198081493378 1.64092576503754 2.01468533277512 1.80685275793076 1.1250179708004 2.61640495061874 10.220424413681 9.03159856796265 8.67718362808228 10.8544614315033 12.6199979782104 3.66776561737061 2.6061726808548 1.45161527395248 1.60453006625175 7.51258563995361 5.37605309486389 2.98989003896713 2.72470718622208 3.2582391500473 3.44464945793152 2.72720843553543 4.17031037807465 10.9536988735199 1.73088526725769 1.43983349204063 -9999 -9999 -9999 -9999
