EcologicalScience/Bass/data/rs_data_bass/chl_444.asc
NCOLS 226 
NROWS 124 
XLLCORNER -9.41648524995501 
YLLCORNER 47.587301625531 
CELLSIZE 0.0833 
NODATA_value -9999 
[rows 0 to 26 of 124, columns 62 to 123 of 226]
-9999 -9999 -9999 -9999 -9999 -9999 -9999 -9999 -9999 -9999 -9999 -9999 -9999 -9999 -9999 -9999 -9999 -9999 -9999 -9999 -9999 -9999 -9999 -9999 -9999 -9999 -9999 -9999 -9999 -9999 -9999 -9999 -9999 -9999 -9999 -9999 -9999 -9999 -9999 -9999 -9999 -9999 -9999 -9999 -9999 -9999 -9999 -9999 -9999 -9999 -9999 -9999 -9999 -9999 -9999 -9999 -9999 -9999 -9999 -9999 -9999 -9999
-9999 -9999 -9999 -9999 -9999 -9999 -9999 -9999 -9999 -9999 -9999 -9999 -9999 -9999 -9999 -9999 -9999 -9999 -9999 -9999 -9999 -9999 -9999 -9999 -9999 -9999 -9999 -9999 -9999 -9999 -9999 -9999 -9999 -9999 -9999 -9999 -9999 -9999 -9999 -9999 -9999 -9999 -9999 -9999 -9999 -9999 -9999 -9999 -9999 -9999 -9999 -9999 -9999 -9999 -9999 -9999 -9999 -9999 -9999 -9999 -9999 -9999
-9999 -9999 -9999 -9999 -9999 -9999 -9999 -9999 -9999 -9999 -9999 -9999 -9999 -9999 -9999 -9999 -9999 -9999 -9999 -9999 -9999 -9999 -9999 -9999 -9999 -9999 -9999 -9999 -9999 -9999 -9999 -9999 -9999 -9999 -9999 -9999 -9999 -9999 -9999 -9999 -9999 -9999 -9999 -9999 -9999 -9999 -9999 -9999 -9999 -9999 -9999 -9999 -9999 -9999 -9999 -9999 -9999 -9999 -9999 -9999 -9999 -9999
-9999 -9999 -9999 -9999 -9999 -9999 -9999 -9999 -9999 -9999 -9999 -9999 -9999 -9999 -9999 -9999 -9999 -9999 -9999 -9999 -9999 -9999 -9999 -9999 -9999 -9999 -9999 -9999 -9999 -9999 -9999 -9999 -9999 -9999 -9999 -9999 -9999 -9999 -9999 -9999 -9999 -9999 -9999 -9999 -9999 -9999 -9999 -9999 -9999 -9999 -9999 -9999 -9999 -9999 -9999 -9999 -9999 -9999 -9999 -9999 -9999 -9999
-9999 -9999 -9999 -9999 -9999 -9999 -9999 -9999 -9999 -9999 -9999 -9999 -9999 -9999 -9999 -9999 -9999 -9999 -9999 -9999 -9999 -9999 -9999 -9999 -9999 -9999 -9999 -9999 -9999 -9999 -9999 -9999 -9999 -9999 -9999 -9999 -9999 -9999 -9999 -9999 -9999 -9999 -9999 -9999 -9999 -9999 -9999 -9999 -9999 -9999 -9999 -9999 -9999 -9999 -9999 -9999 -9999 -9999 -9999 -9999 -9999 -9999
-9999 -9999 -9999 -9999 -9999 -9999 -9999 -9999 -9999 -9999 -9999 -9999 -9999 -9999 -9999 -9999 -9999 -9999 -9999 -9999 -9999 -9999 -9999 -9999 -9999 -9999 -9999 -9999 0.63735419511795 1.44976087686789 2.24585250020027 0.402072742581367 0.461719483137131 0.461128503084183 0.516453757882118 0.58653299510479 0.571622237563133 0.532281741499901 0.59178900718689 0.603474006056786 0.643624484539032 0.64428149163723 0.629154771566391 0.614197477698326 0.487127244472504 0.47258622944355 0.473958760499954 0.482094749808311 0.482332482933998 0.473904758691788 0.449630990624428 0.425770506262779 0.411403521895409 0.408217504620552 0.418176010251045 0.404841005802155 0.402958497405052 0.416160732507706 0.438192754983902 0.445774510502815 0.444917991757393 0.427711486816406
-9999 -9999 -9999 -9999 -9999 -9999 -9999 -9999 -9999 -9999 -9999 -9999 -9999 -9999 -9999 -9999 -9999 -9999 -9999 -9999 -9999 -9999 -9999 -9999 -9999 -9999 1.18186515569687 1.0627324283123 1.10752183198929 1.35899586975574 3.36779250204563 3.71399170160294 0.457652986049652 0.481289997696877 0.52081498503685 5.24616772681475 0.587677493691444 0.638318985700607 0.656874731183052 0.605613738298416 0.668835014104843 0.717869237065315 0.648585766553879 0.599695488810539 0.572153270244598 0.511967986822128 0.519020989537239 0.507849007844925 0.478150516748428 0.464297264814377 0.446151003241539 0.429606735706329 0.417359232902527 0.416505753993988 0.409160256385803 0.407554507255554 0.394650757312775 0.408239990472794 0.41346001625061 0.399107247591019 0.39545850455761 0.40073624253273
-9999 -9999 -9999 -9999 -9999 -9999 -9999 -9999 -9999 -9999 -9999 -9999 -9999 -9999 -9999 -9999 -9999 -9999 -9999 -9999 -9999 -9999 -9999 -9999 -9999 -9999 1.18186515569687 1.43217113614082 1.31137526035309 3.05882757902145 4.06870092451572 2.68247544765472 1.6421677172184 6.05096408724785 7.68156111240387 4.25244587659836 3.67732201516628 0.547426521778107 0.544466257095337 0.559242770075798 0.653619021177292 0.733906477689743 0.629607751965523 0.572860479354858 0.536739751696587 0.555916517972946 0.554589003324509 0.503861233592033 0.474308252334595 0.446165263652802 0.444463491439819 0.434844017028809 0.427955254912376 0.42179100215435 0.416796013712883 0.4310392588377 0.402128979563713 0.372525751590729 0.373129494488239 0.367188759148121 0.346799254417419 0.353104501962662
-9999 -9999 -9999 -9999 -9999 -9999 -9999 -9999 -9999 -9999 -9999 -9999 -9999 -9999 -9999 -9999 -9999 -9999 -9999 -9999 -9999 -9999 -9999 -9999 -9999 -9999 1.87848875614313 1.91326570510864 1.84523767232895 1.49761269986629 2.83295877277851 2.77581265568733 2.00458270311356 3.73681788146496 4.52348285168409 0.613002732396126 0.629349768161774 0.555277481675148 0.541219487786293 0.523799255490303 0.514609515666962 0.558698236942291 0.501296237111092 0.50203800201416 0.514989763498306 0.531119272112846 0.512037009000778 0.478346988558769 0.461972236633301 0.424785733222961 0.403505265712738 0.408131986856461 0.435793519020081 0.416274011135101 0.429067522287369 0.416996240615845 0.395829766988754 0.340080745518208 0.319449752569199 0.313135497272015 0.326892748475075 0.302803494036198
-9999 -9999 -9999 -9999 -9999 -9999 -9999 -9999 -9999 -9999 -9999 -9999 -9999 -9999 -9999 -9999 -9999 -9999 -9999 -9999 -9999 -9999 -9999 -9999 -9999 1.19121462106705 1.99040526151657 0.730873480439186 0.757899731397629 0.75537970662117 0.889503747224808 0.886805981397629 0.822616517543793 0.748560771346092 0.698879241943359 0.769260764122009 0.685681521892548 0.575925752520561 0.532198503613472 0.530685737729073 0.50016376376152 0.490212768316269 0.443933263421059 0.428725495934486 0.423182979226112 0.454341754317284 0.51026326417923 0.501518234610558 0.456090733408928 0.433246493339539 0.437041506171227 0.417186006903648 0.434224516153336 0.424905762076378 0.406461015343666 0.400332748889923 0.377057254314423 0.332994751632214 0.32319375872612 0.32795474678278 0.34978424012661 0.357575252652168
-9999 -9999 -9999 -9999 -9999 -9999 -9999 -9999 -9999 -9999 -9999 -9999 -9999 -9999 -9999 -9999 -9999 -9999 -9999 -9999 -9999 -9999 -9999 -9999 -9999 1.63716816902161 1.09792122244835 0.875522285699844 0.767201274633408 0.788786977529526 0.84647324681282 0.89311346411705 0.916742205619812 0.849641293287277 0.852024793624878 0.832703232765198 0.894766509532928 0.534273728728294 0.466417506337166 0.503741249442101 0.515757769346237 0.490721985697746 0.459418505430222 0.447374269366264 0.4426049888134 0.493418231606483 0.475566744804382 0.454363480210304 0.442657515406609 0.417016491293907 0.409524768590927 0.410991758108139 0.390026986598969 0.369704246520996 0.365882255136967 0.350484743714333 0.338439010083675 0.322619989514351 0.336909748613834 0.367638744413853 0.356988005340099 0.312944993376732
-9999 -9999 -9999 -9999 -9999 -9999 -9999 -9999 -9999 -9999 -9999 -9999 -9999 -9999 -9999 -9999 -9999 -9999 -9999 -9999 -9999 -9999 -9999 -9999 1.31647038459778 1.57524079084396 1.11383020877838 0.974682748317719 0.824146538972855 0.789268523454666 0.873733520507812 0.899672269821167 0.959588259458542 0.908600270748138 0.806773513555527 0.638615235686302 0.619924485683441 0.41090852022171 0.378438010811806 0.434633240103722 0.526695013046265 0.507142513990402 0.456163510680199 0.448557749390602 0.454294502735138 0.463806733489037 0.465978741645813 0.466206729412079 0.451624497771263 0.441698268055916 0.429882735013962 0.412158742547035 0.396243765950203 0.358399495482445 0.332766003906727 0.33501074463129 0.325035005807877 0.304933503270149 0.297204740345478 0.292002752423286 0.307978503406048 0.312453746795654
-9999 -9999 -9999 -9999 -9999 -9999 -9999 -9999 -9999 -9999 -9999 -9999 -9999 -9999 -9999 -9999 -9999 -9999 -9999 -9999 -9999 -9999 -9999 1.50594073534012 1.36936649680138 1.19444248080254 1.05749326944351 0.956604033708572 0.825388491153717 0.794838756322861 0.863981992006302 0.927616506814957 0.972628533840179 0.933836996555328 0.833125501871109 0.671997740864754 0.550406992435455 0.423056244850159 0.437706738710403 0.423095986247063 0.398033246397972 0.382028996944427 0.407280743122101 0.43521822988987 0.423909768462181 0.404282256960869 0.428543999791145 0.443843230605125 0.459186762571335 0.454814270138741 0.393018007278442 0.401387259364128 0.388234511017799 0.356198251247406 0.336815245449543 0.319494746625423 0.31920900195837 0.313124991953373 0.316388256847858 0.312993004918098 0.306358493864536 0.310951508581638
-9999 -9999 -9999 -9999 -9999 -9999 -9999 -9999 -9999 -9999 -9999 -9999 -9999 -9999 -9999 -9999 -9999 -9999 -9999 -9999 -9999 -9999 4.23927760124207 1.6198705136776 1.31403052806854 1.50306224822998 1.26936453580856 1.13360123336315 1.17833060771227 1.41517724096775 1.44900785386562 0.826189488172531 0.800600230693817 0.836684972047806 0.770240217447281 0.648842990398407 0.491280734539032 0.441908240318298 0.421368017792702 0.397400245070457 0.35979375243187 0.357977248728275 0.371636241674423 0.371836490929127 0.364630490541458 0.384536996483803 0.394392013549805 0.435004502534866 0.405859485268593 0.391083016991615 0.394604980945587 0.37848074734211 0.372402749955654 0.359846994280815 0.345671251416206 0.323804251849651 0.32633475959301 0.323535740375519 0.32074049860239 0.296735242009163 0.285091504454613 0.289816506206989
-9999 -9999 -9999 -9999 -9999 -9999 -9999 -9999 -9999 -9999 -9999 -9999 -9999 -9999 -9999 -9999 -9999 -9999 -9999 -9999 2.64602583646774 2.20776690550666 2.81467407941818 2.4165415763855 1.25060375034809 1.07224499434233 1.05599961429834 1.08969341218472 0.999395996332169 1.1289232224226 1.30348574370146 1.25698611885309 1.24200184643269 0.755007773637772 0.710750252008438 0.667747512459755 0.408336013555527 0.380673766136169 0.43231800198555 0.389583751559258 0.362928003072739 0.355603493750095 0.358067259192467 0.367465496063232 0.367122754454613 0.376987516880035 0.386307746171951 0.378125265240669 0.362946756184101 0.331793993711472 0.322538249194622 0.335804253816605 0.33558750897646 0.33739048987627 0.340499997138977 0.329712755978107 0.338768251240253 0.337077744305134 0.330724507570267 0.315239243209362 0.298819497227669 0.291920252144337
-9999 -9999 -9999 -9999 -9999 -9999 -9999 -9999 -9999 -9999 -9999 -9999 -9999 -9999 -9999 -9999 -9999 -9999 -9999 -9999 2.36752357583353 2.06999713182449 2.24834545254707 1.90544329583645 2.94600902497768 1.14996752142906 0.610702514648438 0.709688231348991 0.971710123121738 1.09375610947609 1.0263866186142 1.11021566390991 1.13069625198841 0.38681472837925 0.599946767091751 0.463699489831924 0.35793524980545 0.458091750741005 0.442640259861946 0.389268010854721 0.357205510139465 0.346918500959873 0.366015002131462 0.356371499598026 0.352033495903015 0.354214489459991 0.352095745503902 0.33925724029541 0.338100001215935 0.347501993179321 0.33789150416851 0.349116750061512 0.341066256165504 0.331192508339882 0.327904500067234 0.326789997518063 0.334106996655464 0.350275509059429 0.353840254247189 0.347098499536514 0.326181001961231 0.314956493675709
-9999 -9999 -9999 -9999 -9999 -9999 -9999 -9999 -9999 -9999 -9999 -9999 -9999 -9999 -9999 -9999 -9999 -9999 -9999 3.74694238390241 2.07041493058205 2.07626774907112 1.81907150149345 1.72439655661583 1.64271580427885 1.6222657263279 1.47601948678493 1.11364236474037 0.990034125745296 0.922407388687134 1.03838963806629 0.456289485096931 0.528338268399239 0.487155765295029 0.445608749985695 0.429924756288528 0.342994496226311 0.424919262528419 0.446377515792847 0.406757980585098 0.357909008860588 0.357944995164871 0.362344510853291 0.361932009458542 0.347563505172729 0.3359429910779 0.328647740185261 0.32847598940134 0.337658241391182 0.360280506312847 0.348365999758244 0.342855758965015 0.33500698953867 0.331268258392811 0.333695992827415 0.346792504191399 0.348428249359131 0.356126256287098 0.352184996008873 0.342911258339882 0.327127508819103 0.316193997859955
-9999 -9999 -9999 -9999 -9999 -9999 -9999 -9999 -9999 -9999 -9999 -9999 -9999 -9999 -9999 -9999 -9999 -9999 2.78742161393166 2.79667644202709 1.68966042995453 1.54999470710754 1.58390142023563 1.42898173630238 1.50094503164291 1.2676128745079 1.23149478435516 1.29404018819332 1.03801913559437 1.05252747237682 0.448158770799637 0.478823259472847 0.475394234061241 0.458544015884399 0.463331267237663 0.419496729969978 0.372920997440815 0.450117766857147 0.401664018630981 0.370766244828701 0.364609502255917 0.355995744466782 0.355016246438026 0.35215799510479 0.349273502826691 0.34187775850296 0.326142758131027 0.338311493396759 0.366068243980408 0.367485009133816 0.349968753755093 0.326556757092476 0.341139748692513 0.331026010215282 0.326807990670204 0.334370993077755 0.343717508018017 0.34155149012804 0.344015993177891 0.337646260857582 0.320571005344391 0.307213492691517
-9999 -9999 -9999 -9999 -9999 -9999 -9999 -9999 -9999 -9999 -9999 -9999 -9999 -9999 -9999 -9999 -9999 35.6235385605052 3.17350488901138 2.18982702493668 1.53678153455257 1.68965591490269 1.53800810873508 1.56196278333664 1.49842344224453 0.878972254693508 1.04781454056501 1.10606139153242 0.637566760182381 0.63696151971817 0.571254014968872 0.495872989296913 0.490882515907288 0.467675998806953 0.479524478316307 0.45771150290966 0.447187498211861 0.406321495771408 0.434387236833572 0.441557988524437 0.394450485706329 0.372733511030674 0.351454496383667 0.345932990312576 0.346684500575066 0.348770990967751 0.335991740226746 0.339881993830204 0.350256755948067 0.351319491863251 0.342454500496387 0.322675488889217 0.345129758119583 0.339766502380371 0.320834241807461 0.316465504467487 0.316058255732059 0.316304259002209 0.312422253191471 0.301583245396614 0.300087757408619 0.281264998018742
-9999 -9999 -9999 -9999 -9999 -9999 -9999 -9999 -9999 -9999 -9999 -9999 -9999 -9999 -9999 -9999 -9999 -9999 -9999 3.93469762802124 1.5320546105504 1.71575367450714 1.40515159070492 1.42763283848763 1.13628372550011 0.366565503180027 0.473861262202263 0.576154500246048 0.708105728030205 0.671877756714821 0.599914491176605 0.512773498892784 0.486843019723892 0.445734769105911 0.433864519000053 0.420728266239166 0.414040490984917 0.428118020296097 0.463708519935608 0.473930239677429 0.443675994873047 0.413326486945152 0.384228006005287 0.352647744119167 0.341362506151199 0.34094475209713 0.354649499058723 0.351524993777275 0.363975740969181 0.374499745666981 0.373709253966808 0.379045486450195 0.378987729549408 0.376412227749825 0.353342995047569 0.324315749108791 0.318137995898724 0.319919250905514 0.323099993169308 0.302246242761612 0.302276998758316 0.305216252803802
-9999 -9999 -9999 -9999 -9999 -9999 -9999 -9999 -9999 -9999 -9999 -9999 -9999 -9999 -9999 4.35777432268316 4.97348138419065 45.0325175694057 1.3596314907074 0.988525003194809 0.323262758553028 1.28601977974176 1.3229034692049 1.26721311360598 0.577908754348755 0.506656497716904 0.503895744681358 0.57371623814106 0.670554757118225 0.598052993416786 0.560283735394478 0.498564004898071 0.399249002337456 0.409497767686844 0.436164021492004 0.400074005126953 0.387782245874405 0.389226749539375 0.419930264353752 0.420089229941368 0.412264510989189 0.406438484787941 0.39274799823761 0.365266509354115 0.350457742810249 0.34034775942564 0.362284496426582 0.366865508258343 0.374112010002136 0.368879243731499 0.364162489771843 0.367531500756741 0.360864758491516 0.348518997430801 0.348057746887207 0.351398997008801 0.357631489634514 0.353131502866745 0.350498244166374 0.346789509057999 0.31233224272728 0.356946006417274
-9999 -9999 -9999 -9999 -9999 -9999 -9999 -9999 -9999 -9999 35.2986888885498 35.2986888885498 13.7248649597168 12.9724652171135 1.34748002886772 1.03301328420639 1.09106701612473 0.432207003235817 0.311850741505623 1.38382986187935 2.04430767148733 0.507634520530701 0.547970250248909 0.585435748100281 0.573901489377022 0.443819984793663 0.46417124569416 0.545804232358932 0.602945253252983 0.598275750875473 0.504841491580009 0.41669999063015 0.393511489033699 0.406986013054848 0.403393507003784 0.390862494707108 0.390708759427071 0.386568769812584 0.389564260840416 0.386214762926102 0.389791488647461 0.400423496961594 0.389013737440109 0.374095492064953 0.35529300570488 0.364439249038696 0.367321506142616 0.360812991857529 0.350927241146564 0.351569250226021 0.329863496124744 0.346991993486881 0.345985494554043 0.34094025939703 0.338458500802517 0.381227999925613 0.386420264840126 0.362709000706673 0.323355741798878 0.323427759110928 0.349789492785931 0.380377516150475
-9999 -9999 -9999 -9999 -9999 -9999 -9999 -9999 -9999 -9999 35.2986888885498 10.7656691799993 3.76203499521528 1.31689202785492 0.932711273431778 1.78474156558514 2.26862387997764 21.3487010352752 3.94928480016774 2.07134341252478 13.2102761417627 0.637085258960724 0.538609519600868 0.543044239282608 0.500937759876251 0.460515752434731 0.498239994049072 0.480705767869949 0.475099503993988 0.518238767981529 0.517083004117012 0.437736734747887 0.415370240807533 0.422843992710114 0.44515272974968 0.427333518862724 0.397506013512611 0.399149984121323 0.397974014282227 0.396541491150856 0.40090723335743 0.395020499825478 0.384896993637085 0.372712500393391 0.369046501815319 0.400921493768692 0.388509750366211 0.359142757952213 0.350489996373653 0.335565000772476 0.342303760349751 0.365671500563622 0.367626003921032 0.357299253344536 0.375805512070656 0.383912265300751 0.352566003799438 0.335721753537655 0.336214497685432 0.36829199641943 0.362875498831272 0.351489745080471
-9999 -9999 -9999 -9999 -9999 -9999 -9999 -9999 -9999 -9999 -9999 -9999 -9999 9.60033702850342 9.84618735313416 4.78782512247562 -9999 -9999 -9999 -9999 -9999 -9999 0.645452991127968 0.558509990572929 0.637220978736877 0.519718497991562 0.499581009149551 0.438154488801956 0.447549730539322 0.471158266067505 0.563996985554695 0.532310262322426 0.46765498816967 0.480903759598732 0.511318489909172 0.50467649102211 0.446982756257057 0.435418501496315 0.47257424890995 0.414057746529579 0.414954766631126 0.403496995568275 0.395159259438515 0.387840762734413 0.38042776286602 0.380775019526482 0.399455979466438 0.35164500027895 0.341400749981403 0.3437564894557 0.33763276040554 0.365556009113789 0.353891998529434 0.368978999555111 0.364838249981403 0.344414256513119 0.336038254201412 0.31165724247694 0.339452259242535 0.345381751656532 0.34833151102066 0.344991758465767
-9999 -9999 -9999 -9999 -9999 -9999 -9999 -9999 -9999 -9999 -9999 -9999 -9999 16.6274771690369 16.6274771690369 16.6274771690369 -9999 -9999 -9999 -9999 -9999 -9999 4.94490551948547 4.94490551948547 4.94490551948547 0.308659605681896 0.650267243385315 0.517744481563568 0.500948265194893 0.479590505361557 0.513945758342743 0.539316728711128 0.556073248386383 0.529696494340897 0.500993236899376 0.501328513026237 0.562456503510475 0.620012238621712 0.546710997819901 0.474434271454811 0.442266002297401 0.398135259747505 0.36626324057579 0.38696251809597 0.392845496535301 0.407362505793571 0.409259229898453 0.37898325920105 0.347637757658958 0.37915500998497 0.3568304926157 0.36472126096487 0.378784507513046 0.371469743549824 0.35750176012516 0.30791249871254 0.302038505673409 0.300075754523277 0.315706506371498 0.339230239391327 0.31972049921751 0.321427501738071
-9999 -9999 -9999 -9999 -9999 -9999 -9999 -9999 -9999 -9999 -9999 -9999 -9999 -9999 -9999 -9999 -9999 -9999 -9999 -9999 -9999 -9999 -9999 -9999 -9999 -9999 1.48398298770189 0.676825493574142 0.919164776802063 0.804842233657837 0.57760351896286 0.557193741202354 0.559784263372421 0.598960518836975 0.565003484487534 0.581974491477013 0.61575074493885 0.601632758975029 0.505782008171082 0.404351234436035 0.414386227726936 0.393949493765831 0.355702489614487 0.372656241059303 0.389416515827179 0.421936511993408 0.42501300573349 0.395445004105568 0.398544743657112 0.377671480178833 0.370430991053581 0.397525504231453 0.378790497779846 0.364295996725559 0.365524493157864 0.301118239760399 0.302246242761612 0.319379255175591 0.303855009377003 0.288412503898144 0.305695496499538 0.292575739324093
-9999 -9999 -9999 -9999 -9999 -9999 -9999 -9999 -9999 -9999 -9999 -9999 -9999 -9999 -9999 -9999 -9999 -9999 -9999 -9999 -9999 -9999 -9999 -9999 -9999 -9999 -9999 1.69394019036226 2.54973149299622 1.67339622974396 1.45828798413277 0.894732713699341 0.670980736613274 0.662794500589371 0.635379731655121 0.670455738902092 0.667433246970177 0.62218277156353 0.538965001702309 0.408660739660263 0.403161764144897 0.39581099152565 0.390460520982742 0.3985905200243 0.406656011939049 0.436209753155708 0.424314737319946 0.425307735800743 0.40173827111721 0.401879265904427 0.39156299829483 0.460788756608963 0.452832363545895 0.438398625701666 0.401047121733427 0.342273004353046 0.340615510940552 0.313505999743938 0.300349496304989 0.285366743803024 0.281560510396957 0.290675260126591
