EcologicalScience/Bass/data/rs_data_bass/chl_209.asc
NCOLS 226 
NROWS 124 
XLLCORNER -9.41648524995501 
YLLCORNER 47.587301625531 
CELLSIZE 0.0833 
NODATA_value -9999 
[rows 54 to 80 of 124, columns 0 to 60 of 226]
-9999 -9999 -9999 -9999 -9999 -9999 -9999 -9999 -9999 -9999 -9999 -9999 -9999 -9999 -9999 -9999 -9999 -9999 -9999 -9999 -9999 -9999 -9999 -9999 -9999 -9999 -9999 -9999 -9999 -9999 -9999 -9999 -9999 -9999 -9999 -9999 -9999 -9999 4.8472433249314 3.14889189757799 6.05993567194258 2.56722319126129 1.2587418705225 0.482561990618706 1.56239032745361 1.55859303474426 1.31991747021675 1.01606851816177 0.874717533588409 0.834462761878967 0.814029783010483 0.871479034423828 0.889960527420044 0.99628347158432 1.30370771884918 1.64599049091339 1.83772498369217 1.81174957752228 -9999 0.607058599591255 0.62790758907795
-9999 -9999 -9999 -9999 -9999 -9999 -9999 -9999 -9999 -9999 -9999 -9999 -9999 -9999 -9999 -9999 -9999 -9999 -9999 -9999 -9999 -9999 -9999 -9999 -9999 -9999 -9999 -9999 -9999 -9999 -9999 -9999 -9999 -9999 -9999 -9999 -9999 -9999 -9999 7.2565045265051 3.95214676856995 3.18732511997223 2.45994275808334 1.57649137079716 1.40753549337387 1.30567574501038 0.88766473531723 0.765348762273788 0.793974727392197 0.963964462280273 0.96499952673912 1.01550149917603 1.13715147972107 1.23731097579002 1.41305923461914 1.50708675384521 1.28092879056931 -9999 -9999 -9999 -9999
-9999 -9999 -9999 -9999 -9999 -9999 -9999 -9999 -9999 -9999 -9999 -9999 -9999 -9999 -9999 -9999 -9999 -9999 -9999 -9999 -9999 -9999 -9999 -9999 -9999 -9999 -9999 -9999 -9999 -9999 -9999 -9999 -9999 -9999 -9999 -9999 -9999 -9999 -9999 -9999 1.55160191059113 1.78377306461334 1.71484279632568 1.77181041240692 1.72625094652176 1.17284470796585 1.0172084569931 0.771293252706528 0.757515013217926 0.814275741577148 0.842837959527969 0.905738979578018 0.987686276435852 1.03475171327591 1.09508702158928 1.59098482131958 1.54664468765259 1.70116192102432 1.85418976015515 -9999 -9999
-9999 -9999 -9999 -9999 -9999 -9999 -9999 -9999 -9999 -9999 -9999 -9999 -9999 -9999 -9999 -9999 -9999 -9999 -9999 -9999 -9999 -9999 -9999 -9999 -9999 -9999 -9999 -9999 -9999 -9999 -9999 -9999 -9999 -9999 -9999 -9999 -9999 -9999 -9999 -9999 2.67298072576523 1.78766620159149 1.83087301254272 1.85374867916107 1.68092769384384 1.23090746998787 1.09623447060585 0.930792778730392 0.793267518281937 0.783048748970032 0.84942752122879 0.895298212766647 0.915706515312195 0.909971237182617 0.854799002408981 0.88326296210289 0.832575738430023 0.86472299695015 0.995081216096878 1.17841127514839 2.28938885450363
-9999 -9999 -9999 -9999 -9999 -9999 -9999 -9999 -9999 -9999 -9999 -9999 -9999 -9999 -9999 -9999 -9999 -9999 -9999 -9999 -9999 -9999 -9999 -9999 -9999 -9999 -9999 -9999 -9999 -9999 -9999 -9999 -9999 -9999 -9999 -9999 -9999 -9999 -9999 -9999 -9999 1.91943669319153 1.56765979528427 1.77375680208206 1.59834444522858 1.56301206350327 1.0930312871933 0.98503652215004 0.87587696313858 0.836966246366501 0.758505016565323 0.804372042417526 0.732519015669823 0.712362751364708 0.566697746515274 0.558619514107704 0.540195733308792 0.662037760019302 0.786074280738831 0.990769475698471 1.39397478103638
-9999 -9999 -9999 -9999 -9999 -9999 -9999 -9999 -9999 -9999 -9999 -9999 -9999 -9999 -9999 -9999 -9999 -9999 -9999 -9999 -9999 -9999 -9999 -9999 -9999 -9999 -9999 -9999 -9999 -9999 -9999 -9999 -9999 -9999 -9999 -9999 -9999 -9999 -9999 -9999 -9999 2.22568506002426 1.78637856245041 1.91024172306061 1.56511491537094 1.38011929392815 1.24531495571136 0.867776960134506 0.849385499954224 0.790895998477936 0.735663011670113 0.721617758274078 0.638439014554024 0.600125268101692 0.581880748271942 0.594812259078026 0.674784019589424 0.782509535551071 1.13410198688507 2.10868021845818 -9999
-9999 -9999 -9999 -9999 -9999 -9999 -9999 -9999 -9999 -9999 -9999 -9999 -9999 -9999 -9999 -9999 -9999 -9999 -9999 -9999 -9999 -9999 -9999 -9999 -9999 -9999 -9999 -9999 -9999 -9999 -9999 -9999 -9999 -9999 -9999 -9999 -9999 -9999 -9999 -9999 2.95908218622208 2.57825177907944 2.36954247951508 1.51605606079102 1.21192502975464 1.00320822000504 0.980478733778 0.849804729223251 0.647468268871307 0.629767522215843 0.620801255106926 0.570266246795654 0.555201753973961 0.526568233966827 0.618273004889488 0.667411521077156 1.06667697429657 -9999 -9999 2.05802314281464 2.21061980724335
-9999 -9999 -9999 -9999 -9999 -9999 -9999 -9999 -9999 -9999 -9999 -9999 -9999 -9999 -9999 -9999 -9999 -9999 -9999 -9999 -9999 -9999 -9999 -9999 -9999 -9999 -9999 -9999 -9999 -9999 -9999 -9999 -9999 -9999 -9999 -9999 -9999 -9999 -9999 3.39364528656006 2.18780171871185 2.11491304636002 1.71614921092987 1.33838474750519 0.76637926697731 0.73853699862957 0.749208748340607 0.707773491740227 0.652141481637955 0.619039490818977 0.569141998887062 0.552043497562408 0.52277098596096 0.750555038452148 0.790637254714966 0.907865971326828 1.08598798513412 1.35321825742722 1.40825253725052 1.59737849235535 1.94731342792511
-9999 -9999 -9999 -9999 -9999 -9999 -9999 -9999 -9999 -9999 -9999 -9999 -9999 -9999 -9999 -9999 -9999 -9999 -9999 -9999 -9999 -9999 -9999 -9999 -9999 -9999 -9999 -9999 -9999 -9999 -9999 -9999 -9999 -9999 -9999 -9999 -9999 -9999 -9999 2.95703501701355 1.64113944768906 1.40065124630928 1.1973292529583 1.02001270651817 0.800618290901184 0.849776208400726 0.801797211170197 0.714111730456352 0.603060767054558 0.529955998063087 0.467192977666855 0.461126267910004 0.494337022304535 0.717861011624336 0.86245796084404 0.899757742881775 0.97265625 1.08856952190399 1.23113849759102 1.80549001693726 1.77529799938202
-9999 -9999 -9999 -9999 -9999 -9999 -9999 -9999 -9999 -9999 -9999 -9999 -9999 -9999 -9999 -9999 -9999 -9999 -9999 -9999 -9999 -9999 -9999 -9999 -9999 -9999 -9999 -9999 -9999 -9999 -9999 -9999 -9999 -9999 -9999 -9999 -9999 -9999 9.55057981610298 1.76374125480652 1.44366225600243 1.08393529057503 0.918109506368637 0.879017293453217 0.784776002168655 0.738299265503883 0.627476245164871 0.632480263710022 0.537554249167442 0.543255731463432 0.601267486810684 0.652301251888275 0.710783243179321 0.92304003238678 0.910478264093399 0.903428256511688 0.982978463172913 1.00935074687004 1.085822224617 1.5272730588913 1.34814378619194
-9999 -9999 -9999 -9999 -9999 -9999 -9999 -9999 -9999 -9999 -9999 -9999 -9999 -9999 -9999 -9999 -9999 -9999 -9999 -9999 -9999 -9999 -9999 -9999 -9999 -9999 -9999 -9999 -9999 -9999 -9999 -9999 -9999 -9999 -9999 -9999 -9999 -9999 2.07584166526794 1.86095631122589 1.37301599979401 1.00273874402046 0.822256475687027 0.73360875248909 0.611422508955002 0.607582479715347 0.64157398045063 0.622545763850212 0.666979506611824 0.699490517377853 0.744077995419502 0.800433039665222 0.826225519180298 0.819738775491714 0.753895461559296 0.7683225274086 0.894638210535049 0.815726280212402 0.741967499256134 1.17717897891998 1.29530248045921
-9999 -9999 -9999 -9999 -9999 -9999 -9999 -9999 -9999 -9999 -9999 -9999 -9999 -9999 -9999 -9999 -9999 -9999 -9999 -9999 -9999 -9999 -9999 -9999 -9999 -9999 -9999 -9999 -9999 -9999 -9999 -9999 -9999 -9999 -9999 -9999 -9999 2.24026046480451 2.29411268234253 1.58375251293182 1.16251051425934 0.914451777935028 0.750571489334106 0.751992791891098 0.636699020862579 0.645073503255844 0.611493766307831 0.654755249619484 0.726105004549026 0.771426022052765 0.807026982307434 0.958568215370178 0.822901457548141 0.775524705648422 0.776078224182129 0.693186745047569 0.67364926636219 0.657160520553589 0.656992480158806 0.771174788475037 0.788325726985931
-9999 -9999 -9999 -9999 -9999 -9999 -9999 -9999 -9999 -9999 -9999 -9999 -9999 -9999 -9999 -9999 -9999 -9999 -9999 -9999 -9999 -9999 -9999 -9999 -9999 -9999 -9999 -9999 -9999 -9999 -9999 -9999 -9999 -9999 -9999 -9999 -9999 3.46448650360107 1.85427743196487 1.22540554404259 0.93121200799942 0.81821545958519 0.730018481612206 0.665942251682281 0.677605479955673 0.722109004855156 0.668625757098198 0.652629733085632 0.706620007753372 0.861326962709427 0.923918277025223 1.01293954253197 0.925411462783813 0.735777765512466 0.728321984410286 0.728234231472015 0.727358981966972 0.669695243239403 0.724802255630493 0.739609479904175 0.774873733520508
-9999 -9999 -9999 -9999 -9999 -9999 -9999 -9999 -9999 -9999 -9999 -9999 -9999 -9999 -9999 -9999 -9999 -9999 -9999 -9999 -9999 -9999 -9999 -9999 -9999 -9999 -9999 -9999 -9999 -9999 -9999 -9999 -9999 -9999 -9999 -9999 6.28090493381023 2.53131079673767 2.04598957300186 1.11493197083473 0.843928456306458 0.73072350025177 0.678610503673553 0.642756745219231 0.734021991491318 0.822194248437881 0.888762027025223 0.965898782014847 0.773073792457581 0.982217967510223 1.01167577505112 0.917581468820572 0.924387037754059 0.822738021612167 0.724345520138741 0.693299263715744 0.792435765266418 0.782037019729614 0.841899007558823 0.828516036272049 0.783403515815735
-9999 -9999 -9999 -9999 -9999 -9999 -9999 -9999 -9999 -9999 -9999 -9999 -9999 -9999 -9999 -9999 -9999 -9999 -9999 -9999 -9999 -9999 -9999 -9999 -9999 -9999 -9999 -9999 -9999 -9999 -9999 1.33971855640411 1.32117180290975 -9999 2.10493344068527 2.37095229327679 2.57956355810165 1.170350253582 1.39643025398254 1.1744632422924 0.897547513246536 0.753686249256134 0.712502270936966 0.697580248117447 0.895079255104065 0.957729756832123 1.00288125872612 1.0244542658329 1.00858873128891 1.20624446868896 1.09325623512268 1.03864645957947 1.02626475691795 0.941226035356522 0.794966250658035 0.737928003072739 0.913103252649307 1.062509983778 0.986933246254921 0.975889474153519 1.02782472968102
-9999 -9999 -9999 -9999 -9999 -9999 -9999 -9999 -9999 -9999 -9999 -9999 -9999 -9999 -9999 -9999 -9999 -9999 -9999 -9999 -9999 -9999 0.346259817481041 1.88727026326316 1.96615540981293 2.43229347467422 1.81377696990967 2.6560435295105 3.38123136758804 8.44216132164001 3.8465062379837 2.19717156887054 1.77676194906235 1.47190046310425 1.47722697257996 1.29079279303551 1.29177752137184 1.13441321253777 1.11500698328018 0.962006986141205 0.922691971063614 0.75204598903656 0.753309041261673 0.86610147356987 0.944600969552994 1.07081472873688 1.31668648123741 1.34355229139328 1.43164578080177 1.3617457151413 1.07196074724197 0.95898225903511 0.890792280435562 0.918442457914352 0.923285275697708 0.774704217910767 0.846710979938507 1.60200744867325 7.60119551420212 -9999 -9999
-9999 -9999 -9999 -9999 -9999 -9999 -9999 -9999 -9999 -9999 -9999 -9999 -9999 -9999 -9999 -9999 -9999 -9999 -9999 -9999 -9999 -9999 2.06006643176079 0.4167824909091 0.520884744822979 3.69420909881592 1.83808583021164 2.16501903533936 4.43245267868042 3.57002770900726 1.88005131483078 1.51303803920746 1.27836826443672 1.10566878318787 1.08768376708031 1.0934647321701 1.04208827018738 0.921458959579468 0.885684728622437 0.948570013046265 0.864759743213654 0.856039524078369 0.857151031494141 0.840659290552139 0.804164260625839 0.902538746595383 1.16878348588943 1.13285851478577 1.27309647202492 1.05201601982117 1.08940127491951 1.21972954273224 1.29813596606255 1.11689999699593 1.32977771759033 -9999 -9999 -9999 -9999 -9999 -9999
-9999 -9999 -9999 -9999 -9999 -9999 -9999 -9999 -9999 -9999 -9999 -9999 -9999 -9999 -9999 -9999 -9999 -9999 -9999 13.5473356693983 1.61518150568008 2.84202808141708 2.74802005290985 2.91131198406219 2.14168068766594 1.3116654753685 2.46087902784348 2.8935711979866 2.9444317817688 1.02250501513481 0.891705751419067 0.92994824051857 0.830658763647079 0.961194723844528 0.979174464941025 1.12088620662689 1.07053497433662 0.827200502157211 0.921457529067993 0.88137674331665 0.717783004045486 0.629763007164001 1.00367322564125 1.13875803351402 1.07869121432304 0.908592760562897 0.800223022699356 0.948758214712143 0.86488276720047 0.947884529829025 1.02821695804596 -9999 -9999 -9999 -9999 -9999 -9999 -9999 -9999 -9999 -9999
-9999 -9999 -9999 -9999 -9999 -9999 -9999 -9999 -9999 -9999 -9999 -9999 -9999 -9999 -9999 -9999 -9999 3.14832540750504 3.15756547451019 0.842260882258415 0.737540602684021 0.431925382465124 0.532216116786003 0.525293625891209 0.529866009950638 0.509962499141693 1.0411379635334 1.28583070635796 1.23887845873833 0.887829780578613 0.820180535316467 0.799928963184357 0.797353506088257 0.849362969398499 0.753530234098434 0.824189990758896 1.00133621692657 1.03269374370575 0.785599529743195 0.654277503490448 0.660261020064354 0.579691484570503 0.532486483454704 0.87824472784996 0.964668720960617 1.02658501267433 0.965096265077591 0.974940776824951 1.86650168895721 1.8986233373483 2.87590655684471 -9999 -9999 -9999 -9999 -9999 -9999 -9999 -9999 -9999 -9999
-9999 -9999 -9999 -9999 -9999 -9999 -9999 -9999 -9999 -9999 -9999 -9999 -9999 -9999 2.51026797294617 2.26138374209404 2.06345068216324 1.90417166948318 1.29994109272957 0.804309736937284 0.704216994345188 0.547186888754368 0.533969633281231 0.556618005037308 0.508120253682137 0.311407506465912 0.394877269864082 0.424580991268158 0.568260759115219 0.720470979809761 0.764821529388428 0.775466233491898 0.672039002180099 0.638241738080978 0.64004547894001 0.898717492818832 0.892697989940643 0.889487206935883 0.748308733105659 0.487339496612549 0.445800751447678 0.448824763298035 0.481418251991272 0.913224041461945 1.08195072412491 1.11567753553391 1.0026022195816 0.997842729091644 0.862091213464737 1.14394345879555 1.71512693166733 4.52577155828476 -9999 -9999 -9999 -9999 -9999 -9999 -9999 -9999 -9999
-9999 -9999 -9999 -9999 -9999 -9999 -9999 -9999 -9999 -9999 -9999 2.15282917796791 0.414038550853729 1.07542870938778 1.72193592786789 1.10206874459982 0.585679493844509 0.507911615073681 0.465190876275301 0.777625501155853 0.513693004846573 0.515394017100334 0.440005883574486 0.590584659576416 0.439076006412506 0.305509507656097 0.282457508146763 0.30044699460268 0.346230000257492 0.401350513100624 0.474401235580444 0.559287741780281 0.567684754729271 0.653252989053726 0.725889757275581 0.770142763853073 0.783106505870819 0.715370267629623 0.580822482705116 0.503415763378143 0.487245753407478 0.487124249339104 0.494684234261513 0.779118776321411 1.30077901482582 1.23876222968102 1.09894198179245 1.10573771595955 1.33479827642441 1.12944978475571 1.97199760312619 -9999 -9999 -9999 -9999 -9999 5.52946461979733 15.7088287353516 4.41095486283302 13.2407489776611 15.1309593200684
-9999 -9999 -9999 -9999 -9999 -9999 -9999 -9999 -9999 1.7460161447525 4.58726537227631 0.932212114334106 0.659058373421431 0.532657485455275 0.896676242351532 0.876126736402512 0.507356621325016 0.429145496338606 0.211062759160995 0.222534745931625 0.62215893343091 0.61392167955637 0.555165756493807 0.437054768204689 0.294479995965958 0.297605998814106 0.301293008029461 0.305111244320869 0.33660900592804 0.33007724583149 0.392796009778976 0.488580018281937 0.609665259718895 0.658236756920815 0.656695514917374 0.721605017781258 0.779075235128403 0.685029745101929 0.567752256989479 0.510970517992973 0.487977012991905 0.485210984945297 0.464283764362335 0.513666763901711 0.776276260614395 1.10776197910309 1.12510272860527 1.19298523664474 1.46224200725555 1.38621452450752 1.16155126690865 1.7022442817688 1.78312048316002 2.78808280573053 2.46751642227173 2.58407020568848 2.93174546957016 2.85438072681427 2.73864680528641 6.21206974983215 6.98234796524048
-9999 -9999 -9999 -9999 -9999 2.91804426908493 1.48812574148178 1.42435705661774 1.12725925445557 0.568684123456478 0.465724121779203 0.354188248515129 0.425618246197701 0.382975872606039 0.265950009226799 0.268461741507053 0.267360001802444 0.268288493156433 0.242596507072449 0.240302994847298 0.306862883269787 0.475157808512449 0.180191248655319 0.2669827491045 0.291176252067089 0.313193991780281 0.316812001168728 0.347860492765903 0.361317738890648 0.348871506750584 0.364236004650593 0.388082250952721 0.395598739385605 0.528062984347343 0.716120257973671 0.748383745551109 0.778502225875854 0.567665979266167 0.538044735789299 0.49719075858593 0.467912256717682 0.429713979363441 0.425387263298035 0.430944755673409 0.404474258422852 0.52538774907589 0.75047779083252 0.779002457857132 1.30188900232315 1.66060119867325 1.70704132318497 1.64953869581223 1.45684200525284 1.58437728881836 1.98613196611404 1.88076066970825 2.11711728572845 3.91803753376007 5.27869284152985 6.13474917411804 5.99717009067535
-9999 -9999 -9999 -9999 -9999 1.42258252203465 0.84655274450779 0.517990991473198 0.482343357056379 0.589037257432938 0.576907789707184 0.567679184675217 0.504522174596786 0.261708006262779 0.272511005401611 0.27624224871397 0.278618238866329 0.273321747779846 0.427298508584499 0.419201008975506 0.421480506658554 0.200789250433445 0.230144999921322 0.262046992778778 0.292170010507107 0.31173375248909 0.550441883504391 0.546046122908592 0.52242187410593 0.327323243021965 0.32014424353838 0.331874996423721 0.366537004709244 0.414097487926483 0.694002762436867 0.657652482390404 0.61956225335598 0.619782730937004 0.516001492738724 0.473143503069878 0.461705267429352 0.446859732270241 0.370533004403114 0.360505498945713 0.357017241418362 0.361391991376877 0.69863623380661 1.20085197687149 1.55691307783127 1.64539504051208 2.08155977725983 2.28045004606247 1.8491370677948 1.92839992046356 1.21751099824905 1.21490854024887 1.42227977514267 1.95612144470215 2.5649174451828 2.52568119764328 2.36346530914307
-9999 -9999 -9999 -9999 -9999 1.09920829162002 0.574729509651661 0.558909360319376 0.61878479719162 0.421522311866283 0.374866873025894 0.569290208816528 0.432787120342255 0.435852371156216 0.258841507136822 0.234975010156631 0.237626239657402 0.439197946339846 0.419996263459325 0.373174741864204 0.372934117913246 0.356674868613482 0.258229494094849 0.269117251038551 0.288563244044781 0.265632010996342 0.214870490133762 0.225647248327732 0.266775749623775 0.363455258309841 0.37864950299263 0.435736522078514 0.606037482619286 0.631916999816895 0.663557231426239 0.628965005278587 0.683193728327751 0.67587223649025 0.574217990040779 0.504403486847878 0.469074010848999 0.428695499897003 0.35088374465704 0.301683001220226 0.292434006929398 0.292964994907379 0.403107762336731 0.591402009129524 0.716947495937347 1.14065024256706 1.40245798230171 1.5729187130928 1.56751871109009 1.47907796502113 1.27365151047707 0.864948034286499 0.965431541204453 1.2267037332058 1.40313827991486 1.53214949369431 1.64392876625061
-9999 -9999 -9999 -9999 -9999 0.642653625458479 0.552024375647306 0.441641449928284 0.39287138544023 0.381093755364418 0.389581494033337 0.524559438228607 0.40932335704565 0.404780611395836 0.390573374927044 0.488795095682144 0.377532750368118 0.336982503533363 0.352942243218422 0.374617863446474 0.36633937060833 0.360206622630358 0.258417002856731 0.276970490813255 0.295088991522789 0.303734242916107 0.233813993632793 0.469838261604309 0.52676323056221 0.528339743614197 0.504530981183052 0.42476025223732 0.409673228859901 0.549702733755112 0.620625749230385 0.675961509346962 0.665593519806862 0.617196768522263 0.576890990138054 0.448442235589027 0.407522231340408 0.334942504763603 0.305596500635147 0.279181502759457 0.266539491713047 0.268451258540154 0.287316754460335 0.390059262514114 0.551428511738777 0.632414996623993 0.546758249402046 0.780990779399872 0.871587038040161 0.939215987920761 1.01994672417641 0.64700473845005 0.987973541021347 1.51217329502106 1.41562503576279 1.69278001785278 1.73632657527924
-9999 -9999 -9999 -9999 -9999 0.349482011049986 0.277939505875111 0.280128009617329 0.362627629190683 0.268835999071598 0.368477247655392 0.366272997111082 0.341399621218443 0.342836625874043 0.329504627734423 0.338740490376949 0.362155504524708 0.336710751056671 0.448758459091187 0.377220757305622 0.379717122763395 0.244527004659176 0.267430499196053 0.326093249022961 0.275590494275093 0.283015497028828 0.514819119125605 0.566980496048927 0.528627768158913 0.536642253398895 0.513950988650322 0.423074260354042 0.469221755862236 0.498323231935501 0.60037650167942 0.63995549082756 0.646089747548103 0.624893993139267 0.568777486681938 0.444074258208275 0.317717246711254 0.294992253184319 0.277714490890503 0.271867498755455 0.252695247530937 0.233222253620625 0.222677998244762 0.225133493542671 0.298660509288311 0.317183241248131 0.328705497086048 0.317478753626347 0.405357018113136 0.483065977692604 0.569436013698578 1.37885588407516 0.928349286317825 0.948170989751816 1.04663997888565 0.952268958091736 1.01148900389671
