EcologicalScience/Bass/data/rs_data_bass/chl_90.asc
NCOLS 226 
NROWS 124 
XLLCORNER -9.41648524995501 
YLLCORNER 47.587301625531 
CELLSIZE 0.0833 
NODATA_value -9999 
[rows 0 to 26 of 124, columns 62 to 123 of 226]
-9999 -9999 -9999 -9999 -9999 -9999 -9999 -9999 -9999 -9999 -9999 -9999 -9999 -9999 -9999 -9999 -9999 -9999 -9999 -9999 -9999 -9999 -9999 -9999 -9999 -9999 -9999 -9999 -9999 -9999 -9999 -9999 -9999 -9999 -9999 -9999 -9999 -9999 -9999 -9999 -9999 -9999 -9999 -9999 -9999 -9999 -9999 -9999 -9999 -9999 -9999 -9999 -9999 -9999 -9999 -9999 -9999 -9999 -9999 -9999 -9999 -9999
-9999 -9999 -9999 -9999 -9999 -9999 -9999 -9999 -9999 -9999 -9999 -9999 -9999 -9999 -9999 -9999 -9999 -9999 -9999 -9999 -9999 -9999 -9999 -9999 -9999 -9999 -9999 -9999 -9999 -9999 -9999 -9999 -9999 -9999 -9999 -9999 -9999 -9999 -9999 -9999 -9999 -9999 -9999 -9999 -9999 -9999 -9999 -9999 -9999 -9999 -9999 -9999 -9999 -9999 -9999 -9999 -9999 -9999 -9999 -9999 -9999 -9999
-9999 -9999 -9999 -9999 -9999 -9999 -9999 -9999 -9999 -9999 -9999 -9999 -9999 -9999 -9999 -9999 -9999 -9999 -9999 -9999 -9999 -9999 -9999 -9999 -9999 -9999 -9999 -9999 -9999 -9999 -9999 -9999 -9999 -9999 -9999 -9999 -9999 -9999 -9999 -9999 -9999 -9999 -9999 -9999 -9999 -9999 -9999 -9999 -9999 -9999 -9999 -9999 -9999 -9999 -9999 -9999 -9999 -9999 -9999 -9999 -9999 -9999
-9999 -9999 -9999 -9999 -9999 -9999 -9999 -9999 -9999 -9999 -9999 -9999 -9999 -9999 -9999 -9999 -9999 -9999 -9999 -9999 -9999 -9999 -9999 -9999 -9999 -9999 -9999 -9999 -9999 -9999 -9999 -9999 -9999 -9999 -9999 -9999 -9999 -9999 -9999 -9999 -9999 -9999 -9999 -9999 -9999 -9999 -9999 -9999 -9999 -9999 -9999 -9999 -9999 -9999 -9999 -9999 -9999 -9999 -9999 -9999 -9999 -9999
-9999 -9999 -9999 -9999 -9999 -9999 -9999 -9999 -9999 -9999 -9999 -9999 -9999 -9999 -9999 -9999 -9999 -9999 -9999 -9999 -9999 -9999 -9999 -9999 -9999 -9999 -9999 -9999 -9999 -9999 -9999 -9999 -9999 -9999 -9999 -9999 -9999 -9999 -9999 -9999 -9999 -9999 -9999 -9999 -9999 -9999 -9999 -9999 -9999 -9999 -9999 -9999 -9999 -9999 -9999 -9999 -9999 -9999 -9999 -9999 -9999 -9999
-9999 -9999 -9999 -9999 -9999 -9999 -9999 -9999 -9999 -9999 -9999 -9999 -9999 -9999 -9999 -9999 -9999 -9999 -9999 -9999 -9999 -9999 -9999 -9999 -9999 -9999 -9999 -9999 0.63735419511795 0.682848927095859 1.24006636999547 0.78014855235815 0.746130948265394 0.677118957974017 0.579954546689987 0.531926907598972 0.542845703661442 0.559772615631421 0.551364960769812 0.539731445908546 0.537005540728569 0.546245750784874 0.52740760743618 0.519169958308339 0.508920078165829 0.517370296642184 0.520591420121491 0.51212511677295 0.509589188732207 0.50293280929327 0.507308140397072 0.510357457213104 0.501718676649034 0.508008317090571 0.502758793924984 0.493171018989463 0.478466525673866 0.488335261121392 0.456321188248694 0.467295072041452 0.458005686756223 0.466716181486845
-9999 -9999 -9999 -9999 -9999 -9999 -9999 -9999 -9999 -9999 -9999 -9999 -9999 -9999 -9999 -9999 -9999 -9999 -9999 -9999 -9999 -9999 -9999 -9999 -9999 -9999 1.18186515569687 1.0627324283123 1.9322955429554 1.05990546494722 0.888710470497608 0.715257621556521 0.662951876968145 0.652884696920713 0.582723125070334 0.596021546423435 0.548563711345196 0.565396532416344 0.539790712296963 0.534502691589296 0.531497916206717 0.535137301683426 0.551629976369441 0.549973648041487 0.512361709959805 0.491112523712218 0.492924808524549 0.510318095237017 0.500691932626069 0.49193593673408 0.477865115739405 0.476358158808006 0.487432703375816 0.491241993088471 0.494695777171536 0.493232048655811 0.481060704118327 0.461137120268847 0.454181788783324 0.453833903186023 0.454714269842952 0.467334785498679
-9999 -9999 -9999 -9999 -9999 -9999 -9999 -9999 -9999 -9999 -9999 -9999 -9999 -9999 -9999 -9999 -9999 -9999 -9999 -9999 -9999 -9999 -9999 -9999 -9999 -9999 1.18186515569687 1.84842348098755 1.59939544200897 1.03081928193569 0.711837284266949 0.675215359032154 0.643239523284137 0.605572974309325 0.608580890111625 0.620079439133406 0.617778125562166 0.585749008937886 0.59499430107443 0.541954346001148 0.552110019139946 0.563221821561456 0.574962241575122 0.55469573289156 0.545282093435526 0.508312947303057 0.506323515437543 0.509045815095305 0.51128787919879 0.476831199601293 0.469753932011755 0.496775760501623 0.499251651763916 0.50246369317174 0.47258512597335 0.462264677411632 0.463119807996248 0.443526420546205 0.454124079085886 0.451551049947739 0.470681534148753 0.472932279109955
-9999 -9999 -9999 -9999 -9999 -9999 -9999 -9999 -9999 -9999 -9999 -9999 -9999 -9999 -9999 -9999 -9999 -9999 -9999 -9999 -9999 -9999 -9999 -9999 -9999 -9999 3.36977677345276 1.41808516234159 0.850065261125565 0.838012935966253 0.740225742260615 0.676160579547286 0.669007086195052 0.64830060582608 0.60841762740165 0.593390439637005 0.615486374124885 0.613712017424405 0.66696443160375 0.577064903452992 0.573354139924049 0.578293539583683 0.617380971461535 0.58870315477252 0.582666298002005 0.556500479578972 0.527561216801405 0.517954055964947 0.498577778041363 0.489166335761547 0.487205817550421 0.498079665005207 0.455754019712147 0.467013399067678 0.457603543996811 0.448741330127967 0.424428977072239 0.410486210603267 0.446222621016204 0.459657135419548 0.457216283306479 0.483210143633187
-9999 -9999 -9999 -9999 -9999 -9999 -9999 -9999 -9999 -9999 -9999 -9999 -9999 -9999 -9999 -9999 -9999 -9999 -9999 -9999 -9999 -9999 -9999 -9999 -9999 1.19121462106705 1.17995446920395 0.926830470561981 0.927155201633771 0.94259119592607 0.788726742379367 0.664036167785525 0.668158116750419 0.721521745709812 0.607206900604069 0.664029981940985 0.58159433069982 0.576508551836014 0.583502118475735 0.574844917282462 0.633375462889671 0.636343958973885 0.634983593225479 0.619256237149239 0.609720960259438 0.491145377978683 0.489086438901722 0.478980073705316 0.481457522825191 0.473296347074211 0.479360572993755 0.477666768588518 0.488625269971396 0.480041759088635 0.501987884149832 0.47265628259629 0.451195481233299 0.465842541307211 0.4553725970909 0.455762852914631 0.525950439274311 0.591076823572318
-9999 -9999 -9999 -9999 -9999 -9999 -9999 -9999 -9999 -9999 -9999 -9999 -9999 -9999 -9999 -9999 -9999 -9999 -9999 -9999 -9999 -9999 -9999 -9999 -9999 2.26722452044487 0.778815245628357 0.795768392086029 0.75925501479822 0.715446258292479 0.77440744638443 0.744852590560913 0.716963583230972 0.709906101226807 0.715969371795654 0.690096735954285 0.670755398273468 0.647773313522339 0.634183493256569 0.660972705483437 0.660878252983093 0.647157436609268 0.64515635073185 0.633568698167801 0.49911392480135 0.455125326756388 0.460529547650367 0.511782377958298 0.522997174412012 0.496323742903769 0.464399620424956 0.413302409928292 0.395753590855747 0.472799053317622 0.487660582912596 0.489159420132637 0.487678471952677 0.505432885140181 0.501532201655209 0.466541108675301 0.497781036531224 0.554159844915072
-9999 -9999 -9999 -9999 -9999 -9999 -9999 -9999 -9999 -9999 -9999 -9999 -9999 -9999 -9999 -9999 -9999 -9999 -9999 -9999 -9999 -9999 -9999 -9999 1.31647038459778 3.36456745862961 0.740873599052429 0.734329932928085 0.735261470079422 1.09046250209212 0.724887407877866 0.727556747198105 0.724597734212875 0.739884257316589 0.753055518865585 0.618364688940346 0.611907748505473 0.56749564781785 0.5236801863648 0.58311180472374 0.718335592746735 0.695879682898521 0.686220309138298 0.680405259132385 0.555124799720943 0.496478896122426 0.482529330532998 0.509225217159837 0.48027961794287 0.467220784630626 0.462737577036023 0.537781467563228 0.496259688546783 0.463987081458694 0.501652512111162 0.514145767316222 0.51069965120405 0.511244709603488 0.538987789303064 0.499536968329373 0.479213833808899 0.505982958218631
-9999 -9999 -9999 -9999 -9999 -9999 -9999 -9999 -9999 -9999 -9999 -9999 -9999 -9999 -9999 -9999 -9999 -9999 -9999 -9999 -9999 -9999 -9999 1.50594073534012 1.4843083714184 0.86608402132988 0.778277826309204 0.736331963539123 0.699571615457535 0.684205490350723 0.677835643291473 0.699947428703308 0.714001524448395 0.766342931985855 0.803690004348755 0.764826053380966 0.640399965643883 0.611902364529669 0.692831841111183 0.668409693241119 0.678457832336426 0.69795218706131 0.572618219413255 0.567564492947177 0.556960963104901 0.480575208552182 0.504165756516159 0.492246468085796 0.545671368017793 0.534657286970239 0.52504878138241 0.542672685102413 0.511074150079175 0.524501547217369 0.579051797588666 0.588419790069262 0.487326378934085 0.570067244271437 0.523740562445977 0.546530464116265 0.563945726436727 0.575968186644947
-9999 -9999 -9999 -9999 -9999 -9999 -9999 -9999 -9999 -9999 -9999 -9999 -9999 -9999 -9999 -9999 -9999 -9999 -9999 -9999 -9999 -9999 9.47503853695733 1.64769919713338 1.56859262784322 0.859017795324326 0.774591130869729 0.725860272135053 0.731307399272919 0.718852055072784 0.713936305046082 0.741146105527878 0.743212085962295 0.749919056892395 0.751825368404389 0.738549780845642 0.687244164943695 0.678018265962601 0.663462150096893 0.66708128452301 0.666903322935104 0.636675304174423 0.548980184291538 0.552809204710157 0.530677961675744 0.522057076033793 0.519543897360563 0.528176100630509 0.528312568601809 0.513490738053071 0.537156663442913 0.535112137857236 0.530024714375797 0.484713646926378 0.501834467053413 0.565390057861805 0.590393371880054 0.551682566895204 0.538713137016577 0.543453786303015 0.575017064809799 0.667596757411957
-9999 -9999 -9999 -9999 -9999 -9999 -9999 -9999 -9999 -9999 -9999 -9999 -9999 -9999 -9999 -9999 -9999 -9999 -9999 -9999 2.64602583646774 2.21835010010621 1.21996964777217 1.50288838148117 1.36132465941565 0.743471994996071 0.807565146684647 0.765342733689717 0.78089571424893 0.824461826256343 0.797574084997177 0.752673298120499 0.719891619682312 0.738002729415894 0.726933652162552 0.734430354833603 0.70212026933829 0.601548840602239 0.592188050349553 0.657317507266998 0.653880614042282 0.630453604459763 0.501829497908291 0.491384093698702 0.50449464666216 0.490710031045111 0.506817223504186 0.528397654183209 0.520082065835595 0.496769676916301 0.47358778025955 0.471888532241186 0.459913862248262 0.514723375439644 0.520396668660013 0.549606437192244 0.453278992325068 0.515115796588361 0.526806525886059 0.547702805084341 0.548960498150657 0.541003223508596
-9999 -9999 -9999 -9999 -9999 -9999 -9999 -9999 -9999 -9999 -9999 -9999 -9999 -9999 -9999 -9999 -9999 -9999 -9999 -9999 2.08501297803782 1.68945761521657 1.82027780158179 1.40028394971575 1.14693149072783 1.19486429010119 0.832084383283343 0.738994181156158 0.717433269534792 0.691315399748938 0.660810968705586 0.660154287304197 0.789234679937363 0.7935342669487 0.772932422161102 0.72881173491478 0.647497300254671 0.601847500393265 0.626410496731599 0.643314798672994 0.64778458327055 0.514348847301383 0.560187199536492 0.488253621678603 0.48594663723519 0.52345983684063 0.478497469895764 0.508048907853663 0.493403001688421 0.481211621314287 0.480998567305505 0.476235984187377 0.440977615614732 0.518836449086666 0.538711763173342 0.594021908193827 0.598804898121778 0.580540848128936 0.524966955184937 0.573384359478951 0.544849162300428 0.590903155067388
-9999 -9999 -9999 -9999 -9999 -9999 -9999 -9999 -9999 -9999 -9999 -9999 -9999 -9999 -9999 -9999 -9999 -9999 -9999 2.76246372513149 2.52603344005697 2.04631706546335 1.74966497080667 1.28211966582707 1.48672998803002 1.06370110171182 0.868739234549659 0.749149292707443 0.731063259499414 0.69400714976447 0.68510947057179 0.701234770672662 0.687233907835824 0.679961251361029 0.658861066613879 0.735217148065567 0.654226502776146 0.69874070584774 0.642698505520821 0.582044383883476 0.618406265974045 0.555106274038553 0.531165676563978 0.50790181607008 0.515397457033396 0.516899786889553 0.48537580948323 0.493874369189143 0.486202351748943 0.558041793604692 0.555748815337817 0.550913408398628 0.509398153424263 0.490238432586193 0.515413744747639 0.472267918288708 0.57773292157799 0.582190593704581 0.597570086270571 0.590123371034861 0.562500996887684 0.603659209959647
-9999 -9999 -9999 -9999 -9999 -9999 -9999 -9999 -9999 -9999 -9999 -9999 -9999 -9999 -9999 -9999 -9999 -9999 2.88237525522709 2.70565632862203 2.26059819459915 2.3106472492218 1.73287485837936 1.46769016608596 1.9891984973635 1.11156472563744 0.969745197466442 0.825024234397071 0.749107182025909 0.732417519603457 0.73207488656044 0.736684058393751 0.724418252706528 0.720888133559908 0.698980935982295 0.646007359027863 0.658080869487354 0.679449853301048 0.648785892128944 0.632990407943726 0.63764198422432 0.572156998515129 0.573603996634483 0.570423436164856 0.552885699272156 0.520788061618805 0.527036418517431 0.540089813371499 0.551570462683837 0.549630117913087 0.525203568093917 0.510803174446611 0.500526132434607 0.495583326369524 0.501062554617723 0.528491462270419 0.543323672376573 0.59287149310112 0.588711313158274 0.597242557257414 0.596289186738431 0.596634180285037
-9999 -9999 -9999 -9999 -9999 -9999 -9999 -9999 -9999 -9999 -9999 -9999 -9999 -9999 -9999 -9999 -9999 7.13891136852992 2.90978653728962 2.02872893214226 1.69767855405807 1.56180864572525 1.3285335123539 1.0521036028862 0.889199262857437 0.810496366024017 1.09278106263706 1.00180873274803 0.860655835696629 0.813309443848474 0.782375808273043 0.770533932106836 0.772549190691539 0.770051888057164 0.746654582875116 0.69789288512298 0.688541248440742 0.617374068924359 0.71520599424839 0.716277101635933 0.695503914356232 0.647211065888405 0.621377241611481 0.600587061047554 0.578184496611357 0.560591409355402 0.506659492850304 0.547834870715936 0.540528602153063 0.556051100045443 0.501923077246722 0.534821822494268 0.551182651519775 0.574507842957974 0.552881471067667 0.525895093381405 0.576160033543905 0.606654167175293 0.590166633327802 0.605187325179577 0.613422024250031 0.623434773793346
-9999 -9999 -9999 -9999 -9999 -9999 -9999 -9999 -9999 -9999 -9999 -9999 -9999 -9999 -9999 -9999 -9999 -9999 -9999 1.8060371093452 1.71167421340942 1.49286013841629 1.14448351264 0.987079364061356 0.95087388753891 0.870326399803162 0.87722402215004 1.75436402218682 0.882993859904153 0.896440488951547 0.906086887632098 0.986989604575293 0.934523246118001 0.857744872570038 0.784178904124669 0.751198947429657 0.697750172444752 0.660612434148788 0.754624202847481 0.759788048267364 0.730128845572472 0.724269652366638 0.725430357456207 0.746075382828713 0.742980929464102 0.546403616666794 0.626545724272728 0.587958265095949 0.534029049798846 0.528480129316449 0.511105170473456 0.557405434548855 0.568359386175871 0.554138830304146 0.538044380396605 0.538353496044874 0.557532963653406 0.592259285350641 0.639035873115063 0.620314687490463 0.631624419987202 0.646146527677774
-9999 -9999 -9999 -9999 -9999 -9999 -9999 -9999 -9999 -9999 -9999 -9999 -9999 -9999 -9999 17.4471376809207 13.1021542485167 6.28698320158066 1.39026137760707 1.37103126730238 1.40230924742562 1.20545195255961 1.02615496516228 0.956382879189083 0.88886969089508 0.829844695329666 0.782629331946373 0.778189373016357 0.955126953976495 1.12955925720079 0.815022545201438 1.00362747481891 0.901574224233627 0.983164889471872 0.848862213747842 0.767460746424539 0.699343583413533 0.661830540214266 0.63474973823343 0.674415758677891 0.660368793777057 0.802824056148529 0.556771100351685 0.553793601299587 0.699295518547296 0.659830440580845 0.743367395550013 0.622401620261371 0.585673363879323 0.591922069899738 0.57079269066453 0.571109899878502 0.556551304956277 0.553377253313859 0.550774647295475 0.596525589376688 0.615670502185822 0.612802532315254 0.580914703508218 0.628450767695904 0.569025755712861 0.652776753902435
-9999 -9999 -9999 -9999 -9999 -9999 -9999 -9999 -9999 -9999 35.2986888885498 35.2986888885498 13.7248649597168 12.6181576251984 2.51570574939251 1.76045815433775 1.86915689706802 1.95406378167016 1.98685613700322 2.04195465892553 1.3216227037566 1.12309006282261 0.99941012263298 1.14588674157858 0.895554757118225 0.853683757781982 0.789647403359413 0.862626224756241 0.81726889525141 0.809105681521552 0.791657796927861 0.756686248949596 0.766110215868269 0.770990124770573 0.793498392616 0.722775118691581 0.716987345899854 0.92117435165814 0.744532074247088 0.72788594024522 0.746625091348376 0.673194323715411 0.627344832700842 0.644746933789814 0.646256364489856 0.601834690198302 0.849803106749759 0.652730518404175 0.633911287959884 0.591193703313669 0.52932148873806 0.553932550549507 0.552231057601817 0.609991087764502 0.611228403945764 0.660610588888327 0.677743651717901 0.684139937907457 0.678187371790409 0.682996441336239 0.678097957197358 0.673162048353868
-9999 -9999 -9999 -9999 -9999 -9999 -9999 -9999 -9999 -9999 35.2986888885498 5.32494878768921 6.556854352355 4.60437016189098 3.88968662917614 3.58024294674397 4.18841184675694 7.15694020986557 9.03683301393349 10.7927426099777 2.68195503950119 1.42363139390945 1.15478487610817 0.971808153390884 0.985454553365707 0.926117545366287 0.863952451944351 0.755515632033348 0.763018628954887 0.739133235812187 0.767604231834412 0.70170396566391 0.71806960446494 0.732042840548924 0.725223451852798 0.72213847722326 0.708974655185427 0.691748436008181 0.833198138645717 0.756777884704726 0.940717092582158 0.943559876510075 1.25122810006142 0.733658494318233 0.724345663660451 0.605538752675056 0.549418061971664 0.471522304415703 0.510549392355116 0.446047149160329 0.677511813009486 0.637220108333756 0.62126004169969 0.486205223947763 0.469567492604256 0.696788446605205 0.743694634122007 0.719688239693642 0.70082743816516 0.720370515304453 0.672904795583557 0.653681821682874
-9999 -9999 -9999 -9999 -9999 -9999 -9999 -9999 -9999 -9999 -9999 -9999 -9999 13.4731934309006 6.64020538330078 6.37228952283445 -9999 -9999 -9999 -9999 -9999 -9999 2.14579743146896 1.26140370368958 1.02798328399658 0.992351979017258 1.05547692775726 1.14065286889672 0.900058168172836 0.921087473630905 0.719972465719495 0.715157453502927 0.718001489128385 0.716034752982003 0.688935858862741 0.682579278945923 0.6716214460986 0.665651998349598 0.630267434886524 0.600333541631699 0.589240710650172 0.561148268835885 0.551032068473952 0.567770356312394 0.833895027637482 0.683210670948029 0.599819853901863 0.518211597204208 0.471030154824257 0.447566699981689 0.526883717626333 0.574716556817293 0.568619264289737 0.548032036051154 0.516103025525808 0.428951838612556 0.502431834116578 0.493561875075102 0.51281457580626 0.520091520622373 0.496264887973666 0.474512418732047
-9999 -9999 -9999 -9999 -9999 -9999 -9999 -9999 -9999 -9999 -9999 -9999 -9999 16.6274771690369 16.6274771690369 16.6274771690369 -9999 -9999 -9999 -9999 -9999 -9999 4.94490551948547 4.94490551948547 4.94490551948547 0.308659605681896 1.29773628115654 2.2345861941576 2.26547244787216 2.30441026389599 1.30449976239886 0.765859301601137 0.755873897245952 0.721732901675361 0.714513429573604 0.710325530597142 0.675725890057428 0.63339772607599 0.633073051060949 0.620175004005432 0.604671427181789 0.59291473031044 0.551832209740366 0.608755951747298 0.642399730426925 0.695278358459473 0.660044538974762 0.659249818325043 0.583643987774849 0.64270522092518 0.596638228744268 0.601439891383052 0.657589880749583 0.609863072633743 0.56780344247818 0.562912707266055 0.559895683276026 0.561478337174968 0.557961948215961 0.533403189852834 0.528027708593168 0.477393333849154
-9999 -9999 -9999 -9999 -9999 -9999 -9999 -9999 -9999 -9999 -9999 -9999 -9999 -9999 -9999 -9999 -9999 -9999 -9999 -9999 -9999 -9999 -9999 -9999 -9999 -9999 7.96142760399849 2.92498853802681 2.35147261619568 1.9734259173274 1.75666215419769 1.01145620431219 0.920502113444464 0.838925319058554 0.733002879789897 0.71501783813749 0.692506083420345 0.672558431114469 0.648320023502622 0.620780678732055 0.605807572603226 0.599688202142715 0.56566741168499 0.589730015822819 0.550132615225656 0.597339606285095 0.47549070417881 0.603809863328934 0.636499947309494 0.592723801732063 0.571492204070091 0.536718555859157 0.612337892777041 0.619423230227671 0.592233550391699 0.483703457257327 0.483805360162959 0.508520257472992 0.514192304440907 0.497918569615909 0.504800472940717 0.504754619938987
-9999 -9999 -9999 -9999 -9999 -9999 -9999 -9999 -9999 -9999 -9999 -9999 -9999 -9999 -9999 -9999 -9999 -9999 -9999 -9999 -9999 -9999 -9999 -9999 -9999 -9999 -9999 3.64132343445505 2.35711828619242 1.65562795400619 2.10967444947788 1.65918381725039 1.40113709654127 1.07486292294094 0.883906705038888 0.765049619334085 0.715323226792472 0.665761387773923 0.631051189133099 0.635053492018155 0.612396840538297 0.590765559247562 0.565304460270064 0.576876116650445 0.562006083982331 0.515641665458679 0.485124912858009 0.536671489477158 0.545348238945007 0.613573962450027 0.579283046722412 0.540709349513054 0.55470150411129 0.55457535982132 0.534401848912239 0.536789958967882 0.44767396857864 0.487943283037135 0.662909442186356 0.685477593541145 0.513775699904987 0.523819397602763
