EcologicalScience/Bass/data/rs_data_bass/chl_72.asc
NCOLS 226 
NROWS 124 
XLLCORNER -9.41648524995501 
YLLCORNER 47.587301625531 
CELLSIZE 0.0833 
NODATA_value -9999 
[rows 81 to 107 of 124, columns 61 to 121 of 226]
1.26702153682709 3.85158455371857 5.97498106956482 7.6620512008667 7.66205191612244 -9999 -9999 -9999 -9999 -9999 -9999 -9999 -9999 -9999 -9999 -9999 -9999 -9999 -9999 -9999 -9999 -9999 -9999 -9999 -9999 -9999 -9999 -9999 -9999 -9999 -9999 -9999 -9999 -9999 -9999 -9999 -9999 -9999 -9999 -9999 -9999 -9999 -9999 -9999 -9999 -9999 -9999 -9999 -9999 -9999 -9999 -9999 -9999 -9999 -9999 -9999 -9999 -9999 -9999 -9999 -9999
0.910804107785225 2.80934160860997 -9999 -9999 -9999 -9999 -9999 -9999 -9999 -9999 -9999 -9999 -9999 -9999 -9999 -9999 -9999 -9999 -9999 -9999 -9999 -9999 -9999 -9999 -9999 -9999 -9999 -9999 -9999 -9999 -9999 -9999 -9999 -9999 -9999 -9999 -9999 -9999 -9999 -9999 -9999 -9999 -9999 -9999 -9999 -9999 -9999 -9999 -9999 -9999 -9999 -9999 -9999 -9999 -9999 -9999 -9999 -9999 -9999 -9999 -9999
-9999 -9999 -9999 -9999 -9999 -9999 -9999 -9999 -9999 -9999 -9999 -9999 -9999 -9999 -9999 -9999 -9999 -9999 -9999 -9999 -9999 -9999 -9999 -9999 -9999 -9999 -9999 -9999 -9999 -9999 -9999 -9999 -9999 -9999 -9999 -9999 -9999 -9999 -9999 -9999 -9999 -9999 -9999 -9999 -9999 -9999 -9999 -9999 -9999 -9999 -9999 -9999 -9999 -9999 -9999 -9999 -9999 -9999 -9999 -9999 -9999
-9999 -9999 -9999 -9999 -9999 -9999 -9999 -9999 -9999 -9999 -9999 -9999 -9999 -9999 -9999 -9999 -9999 -9999 -9999 -9999 -9999 -9999 -9999 -9999 -9999 -9999 -9999 -9999 -9999 -9999 -9999 -9999 -9999 -9999 -9999 -9999 -9999 -9999 -9999 -9999 -9999 -9999 -9999 -9999 -9999 -9999 -9999 -9999 -9999 -9999 -9999 -9999 -9999 -9999 -9999 -9999 -9999 -9999 2.46214325611408 3.58755397796631 2.43087083101273
-9999 -9999 -9999 -9999 -9999 -9999 -9999 -9999 -9999 -9999 -9999 -9999 -9999 -9999 -9999 -9999 -9999 -9999 -9999 -9999 -9999 -9999 -9999 -9999 -9999 -9999 -9999 -9999 -9999 -9999 -9999 -9999 -9999 -9999 -9999 -9999 -9999 37.1749906539917 -9999 2.75129932165146 3.51311887921514 -9999 -9999 1.40610453486443 1.75226211547852 2.12734159827232 1.63683114945889 1.56912598013878 1.26244425773621 1.2556586265564 1.45259740948677 1.77434138953686 1.40447004139423 -9999 -9999 -9999 2.24804180860519 2.12823969125748 1.37750293314457 1.26204527914524 1.91722494363785
-9999 -9999 -9999 -9999 -9999 -9999 -9999 -9999 -9999 -9999 -9999 -9999 -9999 -9999 3.66626501083374 2.04111598432064 1.16805486381054 1.28067304193974 1.25032460689545 1.12509450316429 -9999 -9999 -9999 -9999 -9999 -9999 -9999 -9999 -9999 1.03529660403728 1.3984462916851 1.69135835766792 1.92278695106506 -9999 3.66949796676636 -9999 -9999 -9999 -9999 2.25317108631134 2.19564968347549 2.14152306318283 2.1838898062706 2.22115570306778 1.43366628885269 1.4516609609127 1.33959004282951 1.25796604156494 1.24580249190331 1.3199617266655 1.33165875077248 1.55601668357849 1.37554728984833 1.7055156826973 1.73258918523788 1.89005166292191 1.44944778084755 1.07029196619987 0.887866526842117 0.848376721143723 1.02925497293472
-9999 -9999 -9999 -9999 -9999 -9999 -9999 -9999 -9999 -9999 -9999 2.39528900384903 1.40801958739758 0.951333358883858 0.898470371961594 0.846606351435184 0.764755144715309 0.738862887024879 0.797661736607552 0.845498621463776 0.934125781059265 -9999 -9999 0.806530125439167 0.860650487244129 0.978111505508423 -9999 -9999 1.1492720246315 1.52285921573639 1.5018966794014 1.23072597384453 1.03227370977402 1.02705377340317 1.07594552636147 -9999 -9999 1.91037976741791 1.33439621329308 1.93931025266647 2.06845808029175 2.05934625864029 2.0126541852951 1.21536076068878 1.07232749462128 1.05037575960159 1.0835887491703 1.10181525349617 1.07131800055504 0.96269479393959 0.940469205379486 0.85722228884697 0.85690051317215 0.78013801574707 0.977957278490067 0.983034789562225 0.9375059902668 0.894008249044418 0.90006896853447 1.02707621455193 1.25756397843361
-9999 -9999 -9999 -9999 -9999 -9999 -9999 -9999 -9999 -9999 1.8086107224226 1.0831211283803 0.872608132660389 0.725488141179085 0.636143267154694 0.571072116494179 0.552352130413055 0.552840359508991 0.567596979439259 0.642127901315689 0.732057385146618 1.09747722744942 2.68150137364864 1.17220196127892 1.51050531864166 0.992948278784752 1.04156246781349 1.07716315984726 0.945873364806175 0.836044505238533 0.970575749874115 0.908966213464737 0.858942031860352 0.903748512268066 1.02858299016953 1.27361851930618 1.68959480524063 1.80010199546814 1.73977357149124 1.69261282682419 1.92434996366501 1.78413069248199 1.68718045949936 1.04696327447891 0.826907247304916 0.725171238183975 0.610305771231651 0.600311994552612 0.616452008485794 0.636342018842697 0.667901247739792 0.624859482049942 0.613884016871452 0.647053509950638 0.682089015841484 0.747324764728546 0.832326740026474 0.929286003112793 1.26352500915527 1.34986200928688 1.37643527984619
-9999 -9999 -9999 -9999 -9999 -9999 -9999 -9999 -9999 -9999 1.46281014382839 0.586576491594315 0.584673017263412 0.347858995199203 0.487524010241032 0.535390868782997 0.575783617794514 0.591889880597591 0.33992475271225 0.467608496546745 1.14295801520348 1.13891100883484 1.38767704367638 1.31181228160858 1.28581354022026 0.961827009916306 1.0524899661541 1.27453574538231 0.932593524456024 0.908285290002823 0.848273277282715 0.754442989826202 0.8631352186203 0.879603713750839 0.971341520547867 1.19941797852516 1.2760237455368 1.34470573067665 1.24670854210854 1.39193022251129 1.46761724352837 1.35227778553963 1.06851151585579 0.763916283845901 0.708843737840652 0.658950760960579 0.676348507404327 0.576552003622055 0.535580992698669 0.523573502898216 0.531059995293617 0.603335246443748 0.631934255361557 0.658860012888908 0.742106258869171 0.764474272727966 0.809336990118027 1.11432901024818 1.54512745141983 1.71041107177734 1.47614550590515
4.13654887676239 -9999 -9999 -9999 -9999 -9999 -9999 -9999 -9999 -9999 0.81336298584938 0.699518233537674 0.588156759738922 0.620814755558968 0.518448382616043 0.605543620884418 0.620961003005505 0.569092892110348 0.619560375809669 0.706577248871326 0.87226277589798 1.09451025724411 1.25489553809166 1.33036798238754 1.39277029037476 1.10281571745872 1.14034348726273 1.12113672494888 1.04890725016594 0.96465003490448 1.03344002366066 1.05261147022247 0.932561248540878 0.99143922328949 1.02031123638153 1.15932002663612 1.14250499010086 1.03379246592522 0.966674208641052 0.94859254360199 0.797772020101547 0.760457217693329 0.699276745319366 0.628595978021622 0.623499736189842 0.640328228473663 0.668611496686935 0.627723008394241 0.588680997490883 0.549881994724274 0.556653007864952 0.586982980370522 0.629531979560852 0.699794992804527 0.774983257055283 0.806556791067123 0.927267014980316 1.03120198845863 1.46571671962738 1.41033375263214 1.83472269773483
12.5856239944696 6.24554584175348 2.09846766293049 1.01601898670197 1.9661767333746 -9999 -9999 -9999 2.6048227250576 1.60873648524284 0.55876649916172 0.503268733620644 0.478138491511345 0.451416000723839 0.664007641375065 0.776707872748375 0.830539897084236 0.804861724376678 0.62797312438488 0.634577639400959 1.00812748074532 1.13118374347687 1.06938153505325 0.998033255338669 0.898595988750458 0.911412745714188 0.90419402718544 0.948410958051682 0.9440977871418 0.83543998003006 0.830771237611771 0.821259766817093 0.804899275302887 0.803158521652222 0.783350229263306 0.817510485649109 0.735330015420914 0.740374490618706 0.717388495802879 0.707496017217636 0.688780501484871 0.666412487626076 0.6275564879179 0.557169020175934 0.557272508740425 0.599121764302254 0.590707495808601 0.592214986681938 0.569541022181511 0.546531736850739 0.565067991614342 0.648494258522987 0.69853949546814 0.705383241176605 0.755013763904572 0.777498006820679 0.74245123565197 0.784893035888672 0.850249528884888 0.884792268276215 0.851545482873917
0.944205723702908 0.842922739684582 0.876240737736225 0.827570602297783 0.936408787965775 0.961691290140152 1.10283225774765 0.966737240552902 1.35513634979725 0.814394652843475 0.498574510216713 0.50680647790432 0.540384739637375 0.537974998354912 0.570740237832069 0.65540474653244 0.644078984856606 0.711291745305061 0.64248825609684 0.641761511564255 0.674979753792286 0.705242648720741 0.739524766802788 0.866978287696838 0.987447738647461 1.1082449555397 1.11972078680992 1.08273071050644 1.02332854270935 1.01993474364281 1.02823197841644 1.05299404263496 1.04082298278809 1.00793328881264 1.00885426998138 1.14553052186966 1.04731875658035 0.874847263097763 0.819281280040741 0.74431648850441 0.774006754159927 0.813872963190079 0.786842286586761 0.727364256978035 0.715097263455391 0.663736492395401 0.56097449362278 0.584264248609543 0.612449258565903 0.540865480899811 0.769653707742691 0.787811994552612 0.743875488638878 0.757791727781296 0.813788205385208 0.801475524902344 0.776511043310165 0.865901291370392 0.848661750555038 0.81165075302124 0.758866488933563
0.785338863730431 0.764434486627579 0.675822749733925 0.681458249688148 0.804122239351273 0.782842487096786 0.933603733778 0.869760721921921 0.679686740040779 0.62577523291111 0.587200507521629 0.496079251170158 0.526904985308647 0.548371508717537 0.577012494206429 0.644299507141113 0.695104479789734 0.722696229815483 0.725526005029678 0.678681001067162 0.616953760385513 0.620027258992195 0.856476724147797 1.11968547105789 1.24012425541878 1.36839598417282 1.38330522179604 1.40203875303268 1.40511971712112 1.39636275172234 1.42589628696442 1.43826225399971 1.45192497968674 1.2902264893055 1.42893370985985 1.40585097670555 0.997526228427887 0.93028199672699 0.872391790151596 0.808778285980225 0.807656228542328 0.79180571436882 0.789955526590347 0.839822977781296 0.866226017475128 0.882791250944138 0.920702219009399 0.751343250274658 0.701119512319565 0.760224044322968 1.23800548911095 0.918850511312485 0.790106266736984 0.648120760917664 0.83702440559864 0.849543370306492 0.854170113801956 0.93272477388382 0.955847293138504 0.900184482336044 0.830801278352737
0.680548489093781 0.942971259355545 0.682096481323242 0.744887977838516 0.71288175880909 0.680703744292259 0.59392873942852 0.583767011761665 0.525453016161919 0.511515766382217 0.465220481157303 0.59655037522316 0.611528232693672 0.672674998641014 0.762171775102615 0.62762850522995 0.67223247885704 0.858976542949677 0.866368532180786 0.862086743116379 0.900629997253418 1.15530297160149 1.47804379463196 1.44051745533943 1.44804900884628 1.4984205365181 1.47354975342751 1.45183128118515 1.41945978999138 1.30469924211502 1.29121425747871 1.27581453323364 1.26407995820045 1.33670845627785 1.41142871975899 1.29267302155495 0.909096032381058 0.913593739271164 1.0409699678421 1.00161901116371 0.931182771921158 0.824529021978378 0.780651748180389 0.783319473266602 0.83185538649559 0.782069630920887 0.725939244031906 0.73936839401722 0.839075244963169 1.0210987329483 1.29381600022316 1.43870401382446 1.01725503802299 1.09184700250626 0.877796977758408 0.791498266160488 0.861055143177509 1.02538946270943 1.13041046261787 1.12593823671341 1.06969347596169
0.591443985700607 0.83723920583725 1.39019322395325 0.865238964557648 0.79024949669838 0.703787997364998 0.674438238143921 0.603311240673065 0.547283247113228 0.538686007261276 0.504145503044128 0.575639247894287 0.576674267649651 0.644532009959221 0.486206978559494 0.304065003991127 0.456495746970177 0.690944999456406 0.833478033542633 1.27467226982117 1.33305823802948 1.33010476827621 1.26831901073456 1.290358543396 1.32982724905014 1.30763098597527 1.30864951014519 1.28666996955872 1.18503597378731 1.16394004225731 1.18904095888138 1.1798167526722 1.11434170603752 1.17465448379517 1.26182627677917 1.19716948270798 1.1015257537365 1.02401027083397 1.08827322721481 1.05262577533722 1.00517553091049 0.944142758846283 0.898997962474823 0.829320788383484 0.784677028656006 0.991770386695862 0.954559855163097 0.839411996304989 0.898336887359619 1.00056787580252 0.956705242395401 0.941958725452423 0.882566213607788 0.825363010168076 0.774524241685867 0.81633523106575 0.912132382392883 1.16279178857803 1.21592849493027 1.2731662094593 1.42096352577209
0.999202519655228 1.43277901411057 2.05951505899429 1.99799466133118 0.824600994586945 0.510084003210068 0.492812991142273 0.526002019643784 0.535515010356903 0.498896241188049 0.485847741365433 0.500477984547615 0.550181239843369 0.568719729781151 0.561351746320724 0.560311496257782 0.865416750311852 0.705217480659485 0.926935493946075 1.17721876502037 1.14986175298691 1.0507664680481 1.04088449478149 0.935402244329453 0.935942262411118 1.01578429341316 1.12942725419998 1.16560497879982 1.1810662150383 1.20197322964668 1.2084367275238 1.23906898498535 1.26245471835136 1.29254025220871 1.3963620364666 1.24907702207565 1.11653628945351 1.10096624493599 1.07723477482796 1.08627453446388 0.982520967721939 0.914199024438858 0.860263466835022 0.837763488292694 0.95420703291893 1.57393875718117 1.5417720079422 1.89025508612394 1.33041116595268 1.59826087206602 1.14296101033688 0.901874274015427 0.807862490415573 0.761920541524887 0.67544549703598 1.25567024946213 1.39062564074993 1.68977585434914 1.76807177066803 1.63891732692719 1.74609375
1.34804248809814 1.72540283203125 0.992703706026077 0.907077044248581 0.736290737986565 0.545781746506691 0.437535747885704 0.458941519260406 0.51238127052784 0.472856998443604 0.459971264004707 0.476423263549805 0.503229752182961 0.518866494297981 0.557062491774559 0.566038504242897 0.686818510293961 0.664309501647949 0.726015731692314 0.865917026996613 0.901165455579758 0.960146248340607 0.981362968683243 0.970035016536713 0.993499517440796 1.00826328992844 1.13663774728775 1.20635703206062 1.26544654369354 1.27807348966599 1.28869128227234 1.23764777183533 1.18916326761246 1.22920873761177 1.30704599618912 1.32380926609039 1.21155077219009 1.10809421539307 1.00486949086189 0.906126737594604 0.863157033920288 0.869918972253799 0.887967020273209 0.922778248786926 1.52060325443745 1.35607270896435 1.01568147540092 1.07456812262535 1.5202878266573 1.42642986774445 1.04961298406124 1.14244200289249 0.944031715393066 1.92499387264252 2.92312726378441 2.95562589168549 2.39148831367493 1.83402469688959 -9999 -9999 -9999
0.542737483978271 0.675236999988556 0.563899487257004 0.508512005209923 0.469930484890938 0.424225509166718 0.391546502709389 0.383788481354713 0.433867514133453 0.43816950917244 0.421641737222672 0.434197515249252 0.447917237877846 0.49905301630497 0.519846752285957 0.502049267292023 0.600539982318878 0.617105260491371 0.642899259924889 0.604044020175934 1.04430297017097 1.0244662463665 1.12622702121735 1.2044669687748 1.14456295967102 1.15713152289391 1.26433727145195 1.38715276122093 1.42587223649025 1.47681972384453 1.53683173656464 1.88762032985687 1.63455820083618 1.76940143108368 1.99479907751083 2.13325417041779 2.56733858585358 1.91589224338531 1.44670575857162 1.17717146873474 0.973188042640686 0.847936481237411 0.907314777374268 1.04721826314926 1.00890746712685 1.07797354459763 0.907340258359909 1.43794606626034 1.02064427733421 1.02026849985123 1.04220449924469 2.27345019578934 3.94284975528717 7.21988761425018 4.03268351554871 1.97207666176264 -9999 -9999 -9999 -9999 -9999
0.436615481972694 0.444343507289886 0.451325252652168 0.506972998380661 0.484938740730286 0.435458242893219 0.414743229746819 0.463731005787849 0.487382233142853 0.434990242123604 0.429815232753754 0.424667984247208 0.442980766296387 0.427790254354477 0.427686765789986 0.458604767918587 0.613083735108376 0.56351999938488 0.633001506328583 0.698151737451553 0.882306039333344 0.994389027357101 1.04192027449608 1.00672352313995 1.04730597138405 1.0303852558136 1.08423829078674 1.2545722424984 1.42499998211861 1.34041053056717 -9999 -9999 -9999 -9999 -9999 -9999 3.14426672458649 3.05012762546539 2.64888381958008 1.43529975414276 1.0062629878521 0.86683201789856 0.928627520799637 0.998191505670547 0.996696710586548 0.924861788749695 1.03159502148628 1.2488220334053 1.21692448854446 0.940510511398315 2.734155356884 5.73793083429337 9.33229780197144 12.3613030314445 1.9762424826622 1.97624230384827 -9999 -9999 -9999 -9999 -9999
0.476019009947777 0.486206263303757 0.469230741262436 0.443715021014214 0.436258479952812 0.427102491259575 0.429666012525558 0.659925386309624 0.738232880830765 0.677136026322842 0.447380259633064 0.445104762911797 0.437504991889 0.486860990524292 0.534974232316017 0.518443509936333 0.49022251367569 0.476774230599403 0.699288010597229 0.905052781105042 0.924329280853271 0.883284777402878 0.852230250835419 0.878542542457581 0.905092477798462 0.966905236244202 0.999876737594604 1.37186104059219 1.48732271790504 1.52493596076965 -9999 -9999 -9999 -9999 -9999 -9999 -9999 4.05522894859314 2.6561039686203 1.76163750886917 1.19115677475929 1.06789648532867 0.956835776567459 0.966435760259628 1.21358478069305 1.36528649926186 1.01724672317505 1.44772052764893 1.51892405748367 2.81467947363853 6.96718060970306 11.7480547428131 9.70591485500336 -9999 -9999 -9999 -9999 -9999 -9999 -9999 -9999
0.547511234879494 0.482031762599945 0.611898019909859 0.50264547765255 0.418328270316124 0.481389731168747 0.505635738372803 0.669376127421856 0.727374002337456 0.78023886680603 0.63748387992382 0.68556073307991 0.409683018922806 0.432996734976768 0.447912767529488 0.494020521640778 0.499729514122009 0.63961498439312 0.764958769083023 1.1492415368557 1.17278486991873 -9999 1.06410527229309 1.04050952196121 0.883907228708267 0.901596754789352 0.949964225292206 1.213100284338 1.46059128642082 1.5102419257164 -9999 -9999 -9999 -9999 -9999 -9999 -9999 14.3814527988434 3.01489412784576 2.33479428291321 1.76998955011368 1.7321115732193 1.71184426546097 1.80850946903229 1.73551654815674 1.76229679584503 2.32966428995132 2.65230783820152 3.63250547647476 5.18526265025139 13.6734829545021 15.5417701005936 7.38840866088867 5.42143571376801 -9999 -9999 -9999 -9999 -9999 -9999 -9999
0.440724760293961 0.404009252786636 0.470819994807243 0.55298325419426 0.498687744140625 0.513566985726357 0.446865767240524 0.441658481955528 0.446280732750893 0.43911749124527 0.417253509163857 0.405619516968727 0.396392270922661 0.413120985031128 0.498724490404129 0.488421007990837 0.564496502280235 0.706929758191109 0.765005260705948 0.868603527545929 0.996903777122498 0.860870987176895 0.826090514659882 0.766791790723801 0.889695793390274 0.954771012067795 1.07599049806595 1.16764649748802 1.17694053053856 1.06171426177025 1.04779574275017 -9999 -9999 -9999 -9999 -9999 -9999 -9999 47.9520047307014 7.36075615882874 2.0737087726593 9.70764112472534 10.7513639330864 9.01628449559212 2.72515323758125 2.44322428107262 2.64046284556389 6.88193812966347 12.9404756426811 14.4983114004135 19.3604607582092 25.6952219009399 10.125849366188 3.92038197950883 -9999 -9999 -9999 -9999 -9999 -9999 -9999
0.408020228147507 0.417441755533218 0.427104011178017 0.50076225399971 0.492253482341766 0.443375989794731 0.372583508491516 0.463043242692947 0.539543241262436 0.446105271577835 0.43513423204422 0.557898491621017 0.452953487634659 0.4492207467556 0.46305450797081 0.466344729065895 0.518776506185532 0.607968002557755 0.675515994429588 0.682684510946274 0.660119265317917 0.53838224709034 0.611039981245995 0.78737998008728 1.07343220710754 1.27646479010582 1.19357925653458 1.06059300899506 1.06161153316498 1.22017577290535 1.39818745851517 -9999 -9999 -9999 -9999 -9999 -9999 -9999 -9999 -9999 -9999 -9999 -9999 -9999 -9999 -9999 -9999 3.65490746498108 17.4756342172623 23.4652646183968 12.4717619419098 -9999 -9999 -9999 -9999 -9999 -9999 -9999 -9999 -9999 -9999
0.361135505139828 0.399312749505043 0.380265757441521 0.388814270496368 0.424077764153481 0.46135126054287 0.467973008751869 0.456300750374794 0.494231253862381 0.446682751178741 0.462943509221077 0.434340745210648 0.467877745628357 0.477342769503593 0.523655265569687 0.555336758494377 0.504867017269135 0.527650505304337 0.559275761246681 0.577350005507469 0.596538752317429 0.587847769260406 0.717426002025604 0.851601719856262 0.834415890276432 -9999 -9999 -9999 1.03291046619415 1.03974223136902 1.02769276499748 1.19230346381664 -9999 -9999 -9999 -9999 -9999 -9999 -9999 -9999 -9999 -9999 -9999 -9999 -9999 -9999 -9999 -9999 -9999 -9999 -9999 -9999 -9999 -9999 -9999 -9999 -9999 -9999 -9999 -9999 -9999
0.331660509109497 0.33899699896574 0.354731999337673 0.35692124068737 0.373631246387959 0.424091979861259 0.512088015675545 0.523151993751526 0.489406496286392 0.471282765269279 0.487227737903595 0.475078493356705 0.44181901216507 0.45321974158287 0.487231492996216 0.679205998778343 0.660662993788719 0.577442228794098 0.55987049639225 0.525371253490448 0.581827506422997 0.742952272295952 0.807815998792648 0.963776975870132 1.14847728610039 1.18853026628494 1.13821649551392 0.991452008485794 1.12722828984261 1.25620874762535 1.21557971835136 1.29606673121452 2.1420328559414 -9999 -9999 -9999 -9999 -9999 -9999 -9999 -9999 -9999 -9999 -9999 -9999 -9999 -9999 -9999 -9999 -9999 -9999 -9999 -9999 -9999 -9999 -9999 -9999 -9999 -9999 -9999 -9999
0.352215752005577 0.377393245697021 0.356456257402897 0.357265502214432 0.375226512551308 0.405980989336967 0.532186478376389 0.560808017849922 0.482581481337547 0.536984995007515 0.543257251381874 0.549637511372566 0.523989737033844 0.493752747774124 0.464705228805542 0.540492743253708 0.602111265063286 0.613148242235184 0.561450004577637 0.533754006028175 0.579677268862724 0.710556730628014 0.814727962017059 0.945513725280762 1.01159325242043 1.00548827648163 1.01526376605034 0.96152999997139 1.01002049446106 1.16497421264648 1.32739350199699 1.77552008628845 1.77975878119469 -9999 -9999 -9999 -9999 -9999 -9999 -9999 -9999 -9999 -9999 -9999 -9999 -9999 -9999 -9999 -9999 -9999 -9999 -9999 -9999 -9999 -9999 -9999 -9999 -9999 -9999 -9999 -9999
0.372544504702091 0.389102250337601 0.401454761624336 0.407660990953445 0.359849251806736 0.419553771615028 0.472862988710403 0.500351250171661 0.505401000380516 0.598225504159927 0.65946601331234 0.661550983786583 0.740960240364075 0.855157524347305 0.762943536043167 0.741693019866943 0.716098487377167 0.64206451177597 0.595875754952431 0.620216265320778 0.604962006211281 0.64043927192688 0.80321404337883 0.880982279777527 0.969342023134232 1.39167228341103 1.57048344612122 1.01668497920036 1.19596946239471 1.20950478315353 1.31195399165154 2.03520369529724 -9999 -9999 -9999 -9999 -9999 -9999 -9999 -9999 -9999 -9999 -9999 -9999 -9999 -9999 -9999 -9999 -9999 -9999 -9999 -9999 -9999 -9999 -9999 -9999 -9999 -9999 -9999 -9999 -9999
