EcologicalScience/Bass/data/rs_data_bass/chl_192.asc
NCOLS 226 
NROWS 124 
XLLCORNER -9.41648524995501 
YLLCORNER 47.587301625531 
CELLSIZE 0.0833 
NODATA_value -9999 
[rows 54 to 80 of 124, columns 124 to 185 of 226]
3.0270756483078 2.92367166280746 2.62084418535233 2.6689755320549 2.68289333581924 2.75259894132614 2.67962408065796 2.36622154712677 2.31991642713547 2.29753571748734 2.34156596660614 2.48641955852509 2.55223202705383 2.42019367218018 2.41563606262207 2.52851021289825 2.44608217477798 2.78942030668259 2.8634512424469 2.81310153007507 2.93771624565125 2.9504781961441 3.0132143497467 2.9916855096817 3.05081033706665 3.0880161523819 2.77488827705383 3.01733922958374 2.95659524202347 2.98978042602539 2.89284002780914 2.88446545600891 2.96625155210495 2.91375231742859 2.64654976129532 2.48926573991776 2.59132504463196 2.55772268772125 2.61540377140045 2.69936317205429 2.59152227640152 2.63344806432724 2.76893556118011 2.69400519132614 2.46330893039703 2.21291702985764 2.11889916658401 2.16928732395172 1.89970278739929 2.00097441673279 5.82021343708038 15.2720240116119 6.1912433375483 7.46458834150563 4.68594908714294 5.53375720977783 26.6646214723587 13.5977876186371 25.5528596878052 6.92357731949199 4.63134011108718 5.11688482761383
3.29060697555542 3.25433313846588 3.18670964241028 2.98130393028259 2.88228446245193 2.93392717838287 2.84168547391891 2.52876895666122 2.52215105295181 2.37263631820679 2.51947724819183 2.6402662396431 2.84058004617691 2.55954301357269 2.57438617944717 2.74486577510834 2.92356669902802 3.07274115085602 3.10095834732056 3.07690215110779 3.22874987125397 3.03174233436584 2.98871773481369 2.88898658752441 2.82502645254135 2.77701455354691 2.57802003622055 2.55226117372513 2.64339601993561 2.6645804643631 2.59892249107361 2.54830724000931 2.61387294530869 2.67964732646942 2.66742521524429 2.65834504365921 2.51145833730698 2.83554518222809 2.91634422540665 3.05029213428497 3.00376868247986 2.91759967803955 2.73654448986053 2.60149419307709 2.34293550252914 2.25357520580292 2.21018028259277 2.27892816066742 3.5484277009964 4.09963425993919 4.71179866790771 4.77562201023102 4.2091258764267 8.68648260572682 5.95846453734807 7.27450360790376 10.5720698833466 -9999 -9999 -9999 -9999 -9999
3.26929199695587 3.37692511081696 3.2462797164917 3.16893839836121 3.03779232501984 2.93931072950363 2.88208866119385 2.62697768211365 2.50083446502686 2.58492743968964 2.53150427341461 2.45400667190552 2.72949296236038 3.04274260997772 3.01326584815979 3.0855016708374 3.11630702018738 3.30741226673126 3.19572222232819 3.227783203125 3.12278866767883 3.06881833076477 2.87026941776276 2.74326592683792 2.63661897182465 2.62055325508118 2.49255752563477 2.49124199151993 2.4569091796875 2.35709917545319 2.47216129302979 2.85780680179596 2.72667449712753 2.86322772502899 3.14121758937836 3.3192697763443 3.22778856754303 3.09451353549957 3.17552018165588 2.99737644195557 2.94973057508469 2.69931596517563 2.80076694488525 2.87617492675781 3.45616507530212 4.05390679836273 2.55612230300903 3.99793195724487 4.31009566783905 4.1862233877182 4.35199570655823 4.45691764354706 5.5796640259879 8.40145145693133 -9999 -9999 -9999 -9999 -9999 -9999 -9999 -9999
3.51991510391235 3.51125836372375 3.4107381105423 3.30833637714386 3.13786947727203 2.96640604734421 2.92804133892059 2.62833148241043 2.8397564291954 2.8474109172821 2.91032767295837 2.99832147359848 2.98274320363998 2.89225655794144 3.00014913082123 3.23455739021301 3.36807882785797 3.50409972667694 3.34008836746216 3.20820450782776 3.12732517719269 3.14764666557312 3.03011620044708 2.85846608877182 2.72982376813889 2.66997081041336 2.45823007822037 2.36596119403839 2.41362977027893 2.77288717031479 3.23218953609467 3.53856897354126 3.48449850082397 3.25243878364563 3.37884378433228 3.45513439178467 3.2994579076767 2.8291529417038 2.62003129720688 3.12926852703094 3.32123029232025 4.73097896575928 4.80315685272217 5.21559369564056 4.88548815250397 5.39037358760834 8.85467743022101 6.83083607406791 5.1154979467392 5.2156298160553 4.84060144424438 5.10186817646027 5.3369642496109 -9999 -9999 -9999 -9999 -9999 -9999 -9999 -9999 -9999
4.23449921607971 3.716477394104 3.71564841270447 3.56209945678711 3.45412945747375 3.29454016685486 2.90245342254639 2.89152592420578 3.11837911605835 3.27964210510254 3.54614996910095 3.22847700119019 3.01628851890564 3.10509610176086 3.06440699100494 3.21642887592316 3.5814471244812 3.45972740650177 3.37880837917328 3.48536396026611 3.42431008815765 3.11267173290253 3.01242971420288 2.89428824186325 2.61700201034546 2.43315893411636 2.2253497838974 2.26074153184891 2.57788717746735 3.09106278419495 3.63159513473511 3.68428337574005 3.73175311088562 3.80098342895508 3.70360565185547 3.55912292003632 3.23331677913666 2.93648028373718 3.05453860759735 3.76405048370361 4.20763564109802 7.30449271202087 7.18781018257141 5.32067942619324 4.1565728187561 19.794938694347 7.49154929212622 5.48151540756226 5.0683541893959 5.5383152961731 5.6209545135498 19.5487005710602 35.1660236631121 -9999 -9999 -9999 -9999 -9999 -9999 -9999 -9999 -9999
-9999 4.26190280914307 4.12990665435791 4.46573710441589 4.16115367412567 3.74959516525269 3.3964501619339 3.40850400924683 3.42195582389832 3.27275025844574 3.35127067565918 3.24437928199768 3.15140390396118 3.20479953289032 3.16372811794281 3.09122478961945 3.33660006523132 3.42010939121246 3.33279526233673 3.30114090442657 3.39694797992706 2.98560297489166 2.87388825416565 2.84958976507187 2.56839001178741 2.1899174451828 1.78015422821045 1.97139143943787 2.81366550922394 3.69632613658905 4.52787530422211 4.29605627059937 4.30377459526062 4.41640055179596 3.86132991313934 4.33139634132385 3.71678709983826 4.16048312187195 4.18705415725708 3.86612105369568 5.87380349636078 7.45981907844543 5.82119786739349 4.13903260231018 4.32606589794159 -9999 21.1903164019951 4.97699618339539 13.5007296630314 13.2224352019174 25.5020272391183 37.3243656158447 47.3244934082031 46.61597769601 -9999 -9999 -9999 -9999 -9999 -9999 -9999 -9999
-9999 -9999 -9999 -9999 -9999 2.28387522697449 3.91664922237396 3.80851864814758 3.43184638023376 3.48857760429382 3.43689966201782 3.31890070438385 3.24832785129547 3.29491424560547 3.29009699821472 3.15531814098358 3.06699657440186 3.34540200233459 3.34495067596436 3.17233049869537 2.91191321611404 2.85925430059433 2.6303603053093 2.43602550029755 2.18964600563049 1.72738122940063 1.7758349776268 2.33937674760818 3.72429835796356 4.86140084266663 4.68804216384888 4.14082038402557 4.30238234996796 4.19206202030182 4.02904343605042 5.19186151027679 4.88885629177094 4.8130499124527 4.51925110816956 4.61664891242981 4.91837704181671 4.99986219406128 4.25919914245605 3.2126008272171 3.4973806142807 23.1436145317207 -9999 -9999 -9999 -9999 47.1993522644043 50.7893295288086 41.1990051269531 25.9350600902851 -9999 -9999 -9999 -9999 -9999 -9999 -9999 -9999
-9999 -9999 -9999 -9999 -9999 -9999 -9999 -9999 3.77900791168213 3.76697480678558 3.44635498523712 3.24369585514069 3.15919268131256 3.309983253479 3.59192848205566 3.12268424034119 2.96251201629639 3.0140655040741 3.31097173690796 3.0468270778656 2.55623549222946 2.34674692153931 2.15140718221664 1.92518091201782 1.92465233802795 1.79491120576859 2.58793348073959 3.32899439334869 4.22121977806091 4.3418265581131 4.38499045372009 4.68332469463348 5.12137806415558 5.1357958316803 6.23927450180054 6.69267153739929 6.29991102218628 5.2938187122345 5.48315834999084 5.49434101581573 5.45140278339386 5.6508150100708 3.43577921390533 3.20821952819824 5.46397848629657 29.0682649612427 -9999 -9999 -9999 -9999 17.548882484436 39.449875831604 32.5234622955322 33.8334436416626 19.4958271980286 16.926415852138 -9999 -9999 -9999 -9999 -9999 -9999
-9999 -9999 -9999 -9999 -9999 -9999 -9999 -9999 -9999 -9999 3.53306257724762 3.34973537921906 3.37443315982819 3.44881510734558 3.7490394115448 3.42715501785278 3.02944707870483 3.31186437606812 3.0155975818634 2.89057803153992 2.1720757484436 2.00174403190613 1.82198774814606 1.9060086607933 1.53462374210358 1.25931671261787 1.84865033626556 3.06341707706451 4.50380086898804 4.1382075548172 4.74683618545532 5.25844967365265 5.52576291561127 5.8120733499527 6.29664516448975 7.30497908592224 7.66188097000122 6.96158337593079 8.69696116447449 10.5685551166534 9.13760447502136 6.04451680183411 3.83054995536804 2.96696180105209 14.686564990039 -9999 -9999 -9999 -9999 -9999 -9999 -9999 10.1479032279515 22.0024929046631 13.4277091026306 13.8934732164655 10.8786277770996 -9999 -9999 -9999 -9999 -9999
-9999 -9999 -9999 -9999 -9999 -9999 -9999 -9999 -9999 4.3704868555069 4.18744289875031 3.55721855163574 3.55411183834076 3.64301776885986 3.46330189704895 3.42785096168518 3.11840164661407 2.86343550682068 2.5910872220993 2.55141520500183 2.32735133171082 2.3964187502861 2.14916700124741 1.93267643451691 1.20779925584793 1.09790396690369 1.76975852251053 3.12666392326355 4.49948859214783 4.0904495716095 4.25956213474274 3.87061965465546 4.43259608745575 5.04088139533997 5.9465024471283 8.88174676895142 10.2603707313538 10.8744592666626 13.5020613670349 11.4594368934631 8.8027331829071 5.80468654632568 3.88607704639435 3.15522980690002 26.4109249873069 33.0447750091553 -9999 -9999 -9999 14.830829185598 14.5779683039739 15.8831325310927 12.2915192517367 19.4673557281494 10.5060892786298 9.7947142124176 13.1742939910581 -9999 -9999 -9999 -9999 -9999
-9999 -9999 -9999 -9999 -9999 -9999 -9999 -9999 -9999 -9999 4.5081741809845 4.03312933444977 3.9165233373642 3.70699739456177 3.49458539485931 3.56636703014374 3.01602458953857 2.9574893116951 2.99826908111572 2.56271767616272 2.51975244283676 2.20665979385376 2.00043600797653 1.73401433229446 1.21153798699379 1.17170476913452 2.16282141208649 3.67243194580078 5.23791825771332 3.85169541835785 4.10280060768127 4.2741916179657 4.19213926792145 7.39499115943909 8.09657549858093 10.6804354190826 11.9951341152191 16.860631942749 15.242654800415 13.4600343704224 7.48732352256775 4.24290311336517 3.39777839183807 3.88322389125824 9.1637945169384 -9999 -9999 -9999 -9999 -9999 33.9718254529513 12.1436201984232 12.2892324165864 13.8291568756104 17.8525852203369 -9999 -9999 -9999 -9999 -9999 -9999 -9999
-9999 -9999 -9999 -9999 -9999 -9999 -9999 -9999 -9999 3.67937564849854 5.65043234825134 5.05192136764526 3.96633660793304 3.36780452728271 3.55762875080109 3.53649294376373 3.27039992809296 3.34963488578796 3.20939040184021 2.3728312253952 2.69467341899872 2.09882783889771 1.97196453809738 1.62563556432724 1.262929469347 1.42962750792503 2.65193098783493 4.04390859603882 3.61960959434509 3.76876795291901 4.16609930992126 4.00124609470367 4.65663528442383 6.95646572113037 8.12602186203003 8.37089252471924 11.8960046768188 18.3726210594177 13.9806475639343 9.82910799980164 7.59948706626892 4.74756610393524 3.21021687984467 6.10226483483916 3.86466658115387 -9999 -9999 -9999 -9999 -9999 23.8554846487547 36.4083029937744 30.85396900177 -9999 -9999 -9999 -9999 -9999 -9999 -9999 -9999 -9999
-9999 -9999 -9999 -9999 -9999 -9999 -9999 -9999 -9999 5.62878201224587 6.04520201683044 4.34979915618896 3.72790110111237 3.49018943309784 3.08628523349762 3.04402649402618 3.12173473834991 3.29939925670624 3.0930233001709 2.65017449855804 2.29005682468414 2.17048197984695 1.72072058916092 1.49022075533867 1.34826824069023 1.37799373269081 2.28596770763397 3.43083143234253 3.6202529668808 4.27155661582947 5.53937780857086 6.0347363948822 7.36666417121887 8.34171724319458 8.83019614219666 8.4554979801178 11.8712046146393 11.088330745697 9.6446521282196 7.20366382598877 4.0103280544281 3.18334257602692 3.43404972553253 11.5403535892662 3.86466693878174 -9999 -9999 -9999 -9999 12.1949715614319 -9999 -9999 -9999 -9999 -9999 -9999 -9999 -9999 -9999 -9999 -9999 -9999
-9999 -9999 -9999 -9999 -9999 -9999 -9999 -9999 -9999 4.22903210776193 4.9030966758728 5.01064717769623 3.99144208431244 3.83575057983398 3.38655531406403 3.38339996337891 2.94889426231384 2.8777694106102 2.77776074409485 2.61746031045914 1.83835208415985 1.54404008388519 1.38266551494598 1.27532252669334 1.32239028811455 1.28880447149277 1.76875358819962 3.34183359146118 3.53091359138489 3.65173065662384 4.11121344566345 6.40681171417236 7.88824725151062 7.83723092079163 7.99943876266479 9.2120246887207 10.475729227066 8.99600172042847 6.11819100379944 3.95696032047272 3.37715542316437 3.1879448890686 3.96036920689825 -9999 -9999 -9999 -9999 -9999 -9999 -9999 -9999 -9999 -9999 -9999 -9999 -9999 -9999 -9999 -9999 -9999 -9999 -9999
-9999 -9999 -9999 -9999 -9999 -9999 -9999 -9999 -9999 4.39185225963593 4.13957548141479 4.06727850437164 3.93761265277863 3.58444654941559 3.29012310504913 3.37887454032898 2.86406993865967 2.15366631746292 2.12168776988983 2.09271454811096 1.38643276691437 1.23363375663757 1.63413155078888 1.62085121870041 1.66530454158783 2.0600797533989 2.63786691427231 3.42091047763824 3.43806982040405 3.8930379152298 5.10441899299622 7.87216258049011 8.14965891838074 7.99875068664551 8.95903015136719 8.75407576560974 7.81653785705566 5.80644679069519 4.02056765556335 3.15913259983063 3.40303122997284 7.34276614405892 7.04058451824878 -9999 -9999 -9999 -9999 -9999 -9999 -9999 -9999 -9999 -9999 -9999 -9999 -9999 -9999 -9999 -9999 -9999 -9999 -9999
-9999 -9999 -9999 -9999 -9999 -9999 -9999 3.28386068344116 3.43133683581101 4.21707987785339 3.42326545715332 3.64272594451904 3.70406770706177 3.14378786087036 3.29135549068451 3.22375953197479 2.77189421653748 1.84739327430725 1.53348308801651 1.46182876825333 1.44367504119873 1.54208707809448 2.35310018062592 2.53539222478867 2.80801051855087 3.24777209758759 3.49616539478302 3.73910558223724 4.04648566246033 5.30021166801453 6.800537109375 7.78925013542175 7.81397008895874 8.94228315353394 7.77803134918213 7.02494931221008 5.27412521839142 3.78747689723969 3.34773910045624 3.26489782333374 10.8890375344499 5.69786846637726 3.25656187534332 -9999 -9999 -9999 -9999 -9999 -9999 -9999 -9999 -9999 -9999 -9999 -9999 -9999 -9999 -9999 -9999 -9999 -9999 -9999
-9999 -9999 -9999 -9999 -9999 -9999 6.18383107687298 6.6805017861453 3.62527745962143 3.01107484102249 3.31364464759827 3.42253732681274 3.44125950336456 2.68364918231964 2.92799180746078 3.12134850025177 2.61140549182892 1.60602593421936 1.42286476492882 1.63954192399979 1.80496197938919 1.83343416452408 2.26753878593445 2.68431383371353 2.92882043123245 3.46404683589935 3.46178841590881 4.49748229980469 5.6810781955719 5.78629589080811 7.32546043395996 7.04133367538452 7.14598059654236 7.6048800945282 7.23864269256592 5.55232357978821 4.34785866737366 3.66909313201904 3.55144858360291 -9999 -9999 -9999 -9999 -9999 -9999 -9999 -9999 -9999 -9999 -9999 -9999 -9999 -9999 -9999 -9999 -9999 -9999 -9999 -9999 -9999 -9999 -9999
-9999 -9999 -9999 -9999 5.08273722203963 14.038047877225 3.99765312671661 3.74801987409592 3.89081633090973 3.63804817199707 3.36811888217926 3.10687959194183 2.94149100780487 2.39650422334671 2.50529479980469 2.28630602359772 1.95470398664474 1.56687301397324 1.47860097885132 1.77757716178894 2.04890781641006 2.38314753770828 2.40256869792938 2.65822130441666 3.07616400718689 3.7072366476059 4.35106122493744 7.0213680267334 7.43073177337646 7.35096144676208 5.86407387256622 6.4894323348999 6.84692072868347 6.22287440299988 4.38935029506683 3.60569608211517 3.4673023223877 3.82238087654114 -9999 -9999 -9999 -9999 -9999 -9999 -9999 -9999 -9999 -9999 -9999 -9999 -9999 -9999 -9999 -9999 -9999 -9999 -9999 -9999 -9999 -9999 -9999 -9999
-9999 -9999 -9999 -9999 7.1979113817215 4.83288407325745 3.88966751098633 3.71587800979614 3.57664275169373 3.25009560585022 3.05716645717621 2.83408123254776 2.3138399720192 2.25639528036118 2.15445452928543 1.83616358041763 1.5789390206337 1.54850023984909 1.59043121337891 1.80333369970322 2.17223328351974 3.06235885620117 3.14378035068512 3.03155922889709 3.16203010082245 4.02713191509247 5.33621406555176 6.55587387084961 6.17871451377869 4.79517388343811 3.10472095012665 3.12500774860382 3.00526213645935 2.83096343278885 3.20346808433533 3.19413542747498 4.21989646553993 -9999 -9999 -9999 -9999 -9999 -9999 -9999 -9999 -9999 -9999 -9999 -9999 -9999 -9999 -9999 -9999 -9999 -9999 -9999 -9999 -9999 -9999 -9999 -9999 -9999
-9999 22.8536303962409 45.6850060724443 4.94677755832672 4.47323931966509 4.11661720275879 4.00967538356781 3.7153183221817 3.1977846622467 3.09889733791351 2.9421329498291 2.76748126745224 2.3155762553215 2.22253507375717 1.86961126327515 1.75312042236328 1.515261054039 1.70538300275803 1.79353201389313 2.17669272422791 2.85810381174088 3.35109436511993 3.3918696641922 3.13041615486145 2.95255798101425 3.68568813800812 4.17103493213654 4.0337301492691 3.82309412956238 2.88921976089478 2.66274833679199 2.47320681810379 2.5614652633667 2.70247274637222 2.95484972350738 11.1638096496463 -9999 -9999 -9999 -9999 -9999 -9999 -9999 -9999 -9999 -9999 -9999 -9999 -9999 -9999 -9999 -9999 -9999 -9999 -9999 -9999 -9999 -9999 -9999 -9999 -9999 -9999
12.2767592298573 5.11194731507983 4.39543676376343 3.69896686077118 3.54414582252502 3.78389167785645 3.74848794937134 3.71384847164154 3.26832747459412 3.1115984916687 2.84412002563477 2.48860645294189 1.96084570884705 1.56506699323654 1.50041323900223 1.28815045952797 1.77459973096848 2.24726468324661 2.64462608098984 3.34688687324524 3.35919606685638 3.52114641666412 3.1498589515686 2.89313471317291 2.70995557308197 2.74924653768539 2.77491295337677 2.73665016889572 2.54797357320786 2.77283549308777 2.58549606800079 2.76660758256912 3.01713001728058 -9999 -9999 -9999 -9999 -9999 -9999 -9999 -9999 -9999 -9999 -9999 -9999 -9999 -9999 -9999 -9999 -9999 -9999 -9999 -9999 -9999 -9999 -9999 -9999 -9999 -9999 -9999 -9999 -9999
30.0677687546303 4.60925781726837 4.03219735622406 3.79824507236481 3.6028665304184 3.53808832168579 3.56663918495178 3.35706603527069 3.32904160022736 3.10053527355194 2.62005293369293 2.78208374977112 2.00170880556107 1.37553825974464 1.3434299826622 1.46747097373009 2.49825006723404 3.11363482475281 3.68594491481781 3.76072061061859 3.76059007644653 3.70115625858307 3.37451469898224 2.93787002563477 2.3138279914856 2.22463041543961 2.5467923283577 2.71101307868958 2.74285501241684 2.7526341676712 2.89801794290543 3.03401184082031 2.91426229476929 18.6896728967365 3.97758240559522 4.89619305278316 -9999 -9999 -9999 -9999 -9999 -9999 -9999 -9999 -9999 -9999 -9999 -9999 -9999 -9999 -9999 -9999 -9999 -9999 -9999 -9999 -9999 -9999 -9999 -9999 -9999 -9999
4.11454260349274 3.95808756351471 3.91352927684784 3.73529934883118 3.9075493812561 3.69805634021759 3.44471776485443 3.14403820037842 2.95948576927185 2.79597455263138 2.84477180242538 2.63954544067383 1.63048732280731 1.49226602911949 1.58893954753876 1.98048895597458 3.06705164909363 3.36418211460114 3.56232011318207 3.14258909225464 3.27127861976624 3.1992849111557 2.78780776262283 2.76276379823685 2.26921874284744 2.47103691101074 2.67632853984833 2.63676077127457 2.89107745885849 3.08953213691711 7.16605770587921 -9999 -9999 -9999 -9999 -9999 -9999 -9999 -9999 -9999 -9999 -9999 -9999 -9999 -9999 -9999 -9999 -9999 -9999 -9999 -9999 -9999 -9999 -9999 -9999 -9999 -9999 -9999 -9999 -9999 -9999 -9999
3.90367805957794 3.9313155412674 3.98191559314728 3.76035761833191 3.47121584415436 3.54604947566986 3.40236604213715 3.21581089496613 3.09618008136749 2.93323874473572 2.92825949192047 2.19875693321228 1.72452682256699 1.49940678477287 1.93151092529297 2.91859871149063 3.11397242546082 3.15478885173798 3.18563389778137 3.68473649024963 4.13332343101501 3.0419647693634 2.52189141511917 2.34468305110931 2.72468841075897 2.74483644962311 2.81562530994415 2.85340422391891 3.39524453878403 3.52224570512772 3.33210682868958 4.1601541204886 -9999 -9999 -9999 -9999 -9999 -9999 15.055292930176 12.6942715644836 -9999 -9999 -9999 -9999 -9999 -9999 -9999 -9999 -9999 -9999 -9999 -9999 -9999 -9999 -9999 -9999 -9999 -9999 -9999 -9999 -9999 -9999
4.92338329553604 4.4065331697464 4.0241482257843 4.56405419111252 3.58025693893433 2.8264070440983 3.77449572086334 3.36606359481812 3.07724761962891 2.51577293872833 2.65644371509552 1.91905492544174 1.56190270185471 1.9938742518425 2.42815500497818 2.36156630516052 2.9957138299942 3.24642384052277 3.89607059955597 4.65186238288879 5.36043906211853 4.53462660312653 3.36540734767914 2.91617399454117 2.82307648658752 3.20877438783646 3.22396802902222 3.16090035438538 3.27346515655518 3.41734635829926 7.47954108453777 3.42093944549561 -9999 -9999 -9999 -9999 -9999 -9999 -9999 -9999 -9999 -9999 -9999 -9999 -9999 -9999 -9999 -9999 -9999 -9999 -9999 -9999 -9999 -9999 -9999 -9999 -9999 -9999 -9999 -9999 -9999 -9999
-9999 -9999 -9999 -9999 -9999 3.82346903650384 3.82832211256027 2.96547818183899 2.24708926677704 1.77318227291107 1.66986447572708 1.47887626290321 1.44656029343605 1.6049707531929 1.96625554561615 3.39593625068665 4.22506427764893 4.06333494186401 4.23220789432526 4.56451892852783 5.80822420120239 4.88873612880707 4.97169363498688 5.7396411895752 4.78341364860535 4.66861242055893 -9999 -9999 -9999 -9999 -9999 -9999 -9999 -9999 -9999 -9999 -9999 -9999 -9999 -9999 -9999 -9999 -9999 -9999 -9999 -9999 -9999 -9999 -9999 -9999 -9999 -9999 -9999 -9999 -9999 -9999 -9999 -9999 -9999 -9999 -9999 -9999
-9999 -9999 -9999 -9999 -9999 -9999 2.1951277256012 3.27093315124512 2.19405376911163 1.5526567697525 1.56154042482376 1.55074274539948 1.61052525043488 1.77651000022888 2.41136026382446 3.12752187252045 3.34695017337799 3.75149631500244 5.17203962802887 7.76763153076172 7.93488335609436 8.59760713577271 9.40359020233154 3.45140760846254 -9999 -9999 -9999 -9999 -9999 -9999 -9999 -9999 -9999 -9999 -9999 -9999 -9999 -9999 -9999 -9999 -9999 -9999 -9999 -9999 -9999 -9999 -9999 -9999 -9999 -9999 -9999 -9999 -9999 -9999 -9999 -9999 -9999 -9999 -9999 -9999 -9999 -9999
