EcologicalScience/Bass/data/rs_data_bass/chl_349.asc
NCOLS 226 
NROWS 124 
XLLCORNER -9.41648524995501 
YLLCORNER 47.587301625531 
CELLSIZE 0.0833 
NODATA_value -9999 
[rows 81 to 107 of 124, columns 62 to 123 of 226]
3.85158455371857 5.97498106956482 7.6620512008667 7.66205191612244 -9999 -9999 -9999 -9999 -9999 -9999 -9999 -9999 -9999 -9999 -9999 -9999 -9999 -9999 -9999 -9999 -9999 -9999 -9999 -9999 -9999 -9999 -9999 -9999 -9999 -9999 -9999 -9999 -9999 -9999 -9999 -9999 -9999 -9999 -9999 -9999 -9999 -9999 -9999 -9999 -9999 -9999 -9999 -9999 -9999 -9999 -9999 -9999 -9999 -9999 -9999 -9999 -9999 -9999 -9999 -9999 -9999 -9999
3.17427281384329 -9999 -9999 -9999 -9999 -9999 -9999 -9999 -9999 -9999 -9999 -9999 -9999 -9999 -9999 -9999 -9999 -9999 -9999 -9999 -9999 -9999 -9999 -9999 -9999 -9999 -9999 -9999 -9999 -9999 -9999 -9999 -9999 -9999 -9999 -9999 -9999 -9999 -9999 -9999 -9999 -9999 -9999 -9999 -9999 -9999 -9999 -9999 -9999 -9999 -9999 -9999 -9999 -9999 -9999 -9999 -9999 -9999 -9999 -9999 -9999 -9999
-9999 -9999 -9999 -9999 -9999 -9999 -9999 -9999 -9999 -9999 -9999 -9999 -9999 -9999 -9999 -9999 -9999 -9999 -9999 -9999 -9999 -9999 -9999 -9999 -9999 -9999 -9999 -9999 -9999 -9999 -9999 -9999 -9999 -9999 -9999 -9999 -9999 -9999 -9999 -9999 -9999 -9999 -9999 -9999 -9999 -9999 -9999 -9999 -9999 -9999 -9999 -9999 -9999 -9999 -9999 -9999 -9999 -9999 -9999 -9999 -9999 -9999
-9999 -9999 -9999 -9999 -9999 -9999 -9999 -9999 -9999 -9999 -9999 -9999 -9999 -9999 -9999 -9999 -9999 -9999 -9999 -9999 -9999 -9999 -9999 -9999 -9999 -9999 -9999 -9999 -9999 -9999 -9999 -9999 -9999 -9999 -9999 -9999 -9999 -9999 -9999 -9999 -9999 -9999 -9999 -9999 -9999 -9999 -9999 -9999 -9999 -9999 -9999 -9999 -9999 -9999 -9999 -9999 -9999 4.27515122034017 6.5220092194421 3.55918335914612 3.34947073459625 2.33303171396255
-9999 -9999 -9999 -9999 -9999 -9999 -9999 -9999 -9999 -9999 -9999 -9999 -9999 -9999 -9999 -9999 -9999 -9999 -9999 -9999 -9999 -9999 -9999 -9999 -9999 -9999 -9999 -9999 -9999 -9999 -9999 -9999 -9999 -9999 -9999 -9999 37.1749906539917 -9999 3.44757509231567 3.4622814655304 -9999 -9999 1.65554911494255 1.82969559431076 2.3006343126297 2.65742012858391 2.0836740732193 1.79545283317566 1.48398301005363 2.13442048430443 1.30030497908592 1.40164196491241 -9999 -9999 -9999 2.57711541652679 2.38749378919601 2.03095883131027 2.1251631975174 2.0945280790329 1.59069907665253 1.3447679579258
-9999 -9999 -9999 -9999 -9999 -9999 -9999 -9999 -9999 -9999 -9999 -9999 -9999 1.77110891721465 1.89003413915634 4.94388174265623 4.14489678293467 2.17723070383072 1.12509450316429 -9999 -9999 -9999 -9999 -9999 -9999 -9999 -9999 -9999 1.39649531670979 1.69755381345749 1.73208265006542 1.6904207020998 -9999 3.66949796676636 -9999 -9999 -9999 -9999 2.43049746751785 2.22123974561691 2.43863792717457 2.15690696239471 1.68256806582212 1.73363479971886 1.83463454246521 1.71419245004654 1.4639610350132 1.40666547417641 1.46057626605034 1.36799848079681 1.53658658266068 1.52027928829193 1.53231596946716 2.20518082380295 2.01008248329163 1.76807695627213 1.47166952490807 1.25991752743721 1.15703245997429 1.17446547746658 1.36507496237755 1.51279717683792
-9999 -9999 -9999 -9999 -9999 -9999 -9999 -9999 -9999 -9999 3.43880248069763 1.96344798803329 0.796221569180489 2.96414628624916 0.983124017715454 1.03768202662468 1.16844326257706 0.999741576611996 1.07254875451326 1.22883882522583 1.60585755988421 -9999 1.37049179077148 1.90705459458487 2.10833146174749 -9999 -9999 1.87930186986923 1.39093574881554 1.41897976398468 1.32914704084396 1.48175096511841 1.18689000606537 1.46265596151352 -9999 -9999 3.13714823917467 2.11779953241348 1.61164945363998 1.54312205314636 2.0390932559967 1.86551320552826 1.10069471597672 1.08492600917816 1.06185150146484 1.06057503819466 0.838544994592667 0.752220779657364 0.89934378862381 1.0092825293541 0.970053791999817 0.961273491382599 0.97723799943924 0.963738709688187 0.981296986341476 1.03854221105576 1.07092800736427 0.986409723758698 1.05850723385811 1.18231201171875 1.53068107366562 1.64400082826614
-9999 -9999 -9999 -9999 -9999 -9999 -9999 -9999 -9999 2.24642848968506 1.36776228036199 1.31793773174286 0.873659625649452 0.820110395550728 0.462426021695137 0.734671488404274 0.61838324368 1.03813424706459 0.991596221923828 1.02124518156052 0.986872673034668 1.62724389433861 1.02652707695961 0.962839543819427 0.997998028993607 1.10819998383522 1.10710573196411 1.46752828359604 1.12666576355696 0.956131517887115 0.993789732456207 1.10314053297043 1.08256575465202 1.31340077519417 2.06845718622208 2.09759473800659 1.9601948261261 1.78820782899857 1.51380300521851 1.49105402827263 1.60626518726349 1.2902444601059 0.809292733669281 0.685039490461349 0.623945251107216 0.554156988859177 0.565962731838226 0.625253990292549 0.611260503530502 0.732143998146057 0.773051977157593 0.697386011481285 0.709645494818687 1.10683652758598 1.10331299901009 1.01488879323006 1.09019324183464 1.10019752383232 1.3969335258007 1.57907992601395 1.58886981010437 1.72375881671906
-9999 -9999 -9999 -9999 -9999 -9999 -9999 -9999 -9999 1.51533669233322 0.98371148109436 0.702881991863251 0.315778501331806 0.456236243247986 0.53413425385952 0.611367747187614 0.685571998357773 0.705744758248329 0.746417999267578 0.933709502220154 1.1379202902317 1.12572374939919 1.08922424912453 1.04634153842926 1.04440954327583 1.0701225399971 1.02282223105431 1.11964648962021 1.54333341121674 1.69722068309784 1.06482598185539 1.11397272348404 1.13217598199844 1.26542249321938 1.25036546587944 1.38746550679207 1.5908077955246 1.58007144927979 1.5538215637207 1.54411572217941 1.79420359432697 1.62670348584652 1.12044900655746 0.979598633944988 0.910775609314442 0.880283273756504 0.974335491657257 0.661969497799873 0.661626756191254 0.818709790706635 1.0301924943924 1.18604171276093 1.68499499559402 1.58803349733353 1.48441797494888 1.41661950945854 1.25807324051857 1.33002600073814 1.40923646092415 1.52951467037201 1.62075966596603 1.52926343679428
-9999 -9999 -9999 -9999 -9999 -9999 -9999 -9999 -9999 1.13217750191689 0.800319761037827 0.416222244501114 0.405666768550873 0.526808246970177 0.65456248819828 0.782900959253311 0.809298723936081 0.711040511727333 0.768683284521103 0.838847279548645 1.03519123792648 0.948929965496063 0.96419021487236 1.07333627343178 1.0962735414505 1.17688277363777 1.28068122267723 1.35594597458839 1.37690770626068 1.57051581144333 1.36503151059151 1.57085698843002 1.60368150472641 1.5420600771904 1.3787969648838 1.19090554118156 1.13970449566841 1.13374954462051 0.819949507713318 0.426749244332314 0.389451742172241 0.82762348651886 1.04270097613335 1.12973695993423 1.01590722799301 0.967449724674225 0.78167250752449 0.742668002843857 0.794045269489288 0.862988233566284 1.02888670563698 1.2903825044632 1.66582506895065 1.25031897425652 1.40426704287529 1.39679101109505 1.34483027458191 1.63361924886703 1.65273892879486 1.56893545389175 1.68062478303909 1.65737628936768
1.37023763358593 1.14798076450825 1.84249439835548 0.772787749767303 -9999 -9999 -9999 1.78011940419674 0.760678477585316 0.634602382779121 0.750592768192291 0.408826500177383 0.437682017683983 0.663644269108772 0.734221503138542 0.961009472608566 0.982947707176208 0.65276625752449 0.627915009856224 0.642294734716415 0.697319269180298 0.863645285367966 0.812664717435837 0.842960983514786 0.988362729549408 1.05531299114227 1.02743625640869 1.04474848508835 1.0545502603054 1.04569575190544 1.06365224719048 1.08177003264427 1.04827272891998 1.08702975511551 1.09604546427727 0.945383995771408 0.987302273511887 0.932958751916885 0.733250230550766 0.80117404460907 0.536384984850883 1.08164021372795 1.07403901219368 1.06764221191406 0.69252897799015 0.840661525726318 0.899774998426437 0.896696984767914 0.856390535831451 1.0423267185688 1.13938271999359 1.37686729431152 1.59963977336884 1.67711019515991 1.33118024468422 1.65371257066727 2.41271620988846 2.71086519956589 2.36407881975174 1.85515344142914 1.83686327934265 1.76313596963882
1.09743748605251 0.941908121109009 0.983011499047279 0.850731767714024 0.874901980161667 1.09380301833153 1.25163897871971 1.07957775145769 0.642517983913422 0.627437740564346 0.949409253895283 0.460399478673935 0.541245013475418 0.704424753785133 0.805591464042664 0.937443763017654 0.961425751447678 0.736456498503685 0.724507480859756 0.72876825928688 0.715341746807098 0.687257990241051 0.678681001067162 0.68026801943779 0.851292014122009 0.802907288074493 0.812308520078659 0.843041986227036 0.905392527580261 0.93521323800087 0.953692495822906 0.875216960906982 0.872149497270584 0.895127981901169 0.911375999450684 0.802978456020355 0.698730021715164 0.719604000449181 0.68197126686573 0.642178505659103 0.666736498475075 0.784770011901855 0.819494962692261 0.783726722002029 0.805126458406448 0.820389747619629 0.970807492733002 0.928676247596741 0.953016042709351 1.36164826154709 1.64265757799149 1.83268654346466 2.01665478944778 2.0176956653595 2.10881996154785 2.08020973205566 3.53104948997498 3.36841428279877 2.98515379428864 2.78200882673264 2.47133249044418 2.37656325101852
0.314661741256714 0.352446757256985 1.08538801968098 0.953016355633736 0.8644650131464 0.844536021351814 0.757112614810467 1.00195196270943 0.581956744194031 0.604039490222931 0.471644997596741 0.53778675198555 0.60530398786068 0.687371984124184 0.753376543521881 0.837018728256226 0.962128490209579 0.926009237766266 0.907214283943176 0.866559773683548 0.840809226036072 0.803535729646683 0.750108003616333 0.71790674328804 0.843561708927155 0.879006743431091 0.907140791416168 0.872375249862671 0.922556966543198 0.931485772132874 0.831081032752991 0.83095121383667 0.905456274747849 0.871203750371933 0.84834149479866 0.856302738189697 0.71926049888134 0.646851003170013 0.691688999533653 0.745353743433952 0.77727672457695 0.776841759681702 0.880068719387054 0.84160128235817 1.01165100932121 1.0611472427845 1.03425523638725 1.03606277704239 1.13794121146202 1.47864899039268 1.7926207780838 2.03294545412064 2.1614196896553 2.36370903253555 2.1744892001152 2.47274404764175 3.29276561737061 3.48589646816254 3.71889209747314 3.45617473125458 2.18657255172729 2.42853891849518
0.551905497908592 0.56989198923111 0.617237269878387 0.526490986347198 0.641020506620407 0.618749991059303 0.862254738807678 0.744829505681992 0.610180512070656 0.651610493659973 0.595711514353752 0.661417499184608 0.760836035013199 0.850408494472504 0.852892488241196 0.827912986278534 0.873836249113083 0.878157019615173 0.869748741388321 0.828048706054688 0.803220748901367 0.809125542640686 0.810143262147903 0.819920986890793 0.832967966794968 0.936530292034149 0.91000047326088 0.754697263240814 0.894656270742416 0.910412281751633 0.928417503833771 0.894076466560364 0.875634044408798 0.869615256786346 0.874114483594894 0.845276981592178 0.859154999256134 0.880006492137909 0.776484042406082 0.86734727025032 0.913171470165253 1.01012250781059 1.12569746375084 1.18380823731422 1.36725899577141 1.45203226804733 1.25439003109932 1.3213005065918 1.26474604010582 1.31035503745079 1.68172949552536 1.97654181718826 2.11968755722046 2.02025842666626 2.3889434337616 2.3502209186554 2.83378350734711 2.98884969949722 2.64333218336105 2.05936056375504 1.86362546682358 2.63350421190262
1.17948228120804 0.835022270679474 0.760989010334015 0.809389472007751 0.523599743843079 0.478810518980026 1.37847755849361 0.79056903719902 0.807950288057327 0.868799239397049 0.853857725858688 0.858457535505295 0.922354459762573 0.963878273963928 0.993150740861893 0.928737044334412 0.761375963687897 0.757067263126373 0.761289775371552 0.740556746721268 0.739253997802734 0.788450986146927 0.784083008766174 0.782618254423141 0.784395039081573 0.959111988544464 0.965302526950836 0.936593234539032 0.909370511770248 0.917554467916489 0.932261288166046 0.82490998506546 0.868250995874405 0.928526222705841 0.932399243116379 0.963006019592285 0.902261227369308 0.717057019472122 0.760017782449722 0.947149515151978 0.972280472517014 0.963320285081863 1.20034423470497 1.4070540368557 1.49435403943062 1.71263694763184 1.53840154409409 1.52322220802307 1.60075271129608 2.10788780450821 1.83888816833496 1.6482846736908 1.58033555746078 1.77292728424072 1.58578795194626 1.5951914191246 1.66265255212784 1.77238583564758 1.95473778247833 1.94493001699448 2.30643904209137 2.7236909866333
0.906238496303558 0.928868293762207 0.751849472522736 0.701003238558769 1.30907964706421 1.53413137793541 1.22252774238586 1.47190015017986 1.17827475070953 1.23063451051712 1.1861632168293 0.915130466222763 0.89359724521637 0.869244754314423 0.961233794689178 1.00499546527863 0.817448973655701 0.710581496357918 0.716077521443367 0.694386005401611 0.68631899356842 0.669266983866692 0.736226230859756 0.673060521483421 0.710121765732765 0.797435224056244 0.883237481117249 0.931522518396378 0.936990022659302 0.958951503038406 0.934394270181656 0.903946459293365 0.882167279720306 0.82531276345253 0.87405002117157 1.00101453065872 1.04411172866821 0.933420717716217 1.10283377766609 1.04867702722549 1.20558974146843 1.17594301700592 1.49122354388237 1.63017457723618 1.72394174337387 1.87375956773758 2.09878420829773 1.76443433761597 1.91226446628571 1.44034579396248 2.24679744243622 2.25156819820404 1.85628747940063 1.689348757267 1.76329958438873 1.91500568389893 2.13517731428146 2.02139317989349 2.10525226593018 2.23931783437729 2.4954337477684 3.35468875015936
1.08068923652172 0.975048780441284 0.702467992901802 0.704894229769707 0.66305547952652 1.67376601696014 1.72114875912666 1.84253203868866 1.15310329198837 0.951729029417038 0.962136715650558 0.90148651599884 0.924727499485016 0.933800250291824 0.936329215764999 1.01772075891495 0.880876511335373 0.784718245267868 0.601426497101784 0.57549449801445 0.612015008926392 0.636949494481087 0.777840793132782 0.836295783519745 0.870311290025711 0.927864789962769 1.06383821368217 1.2978997528553 1.27766025066376 1.03866970539093 0.968010038137436 0.886729538440704 1.03166699409485 1.31097453832626 1.31094226241112 1.17416471242905 1.191740244627 1.06748253107071 0.955009460449219 1.00571626424789 1.20187121629715 1.18790772557259 1.59322267770767 1.85632762312889 1.40310072898865 2.1786248087883 2.27645999193192 2.20288574695587 2.18991529941559 1.94836717844009 2.51196527481079 2.23689079284668 2.14449298381805 2.36472451686859 2.69867026805878 2.7724095582962 2.59131938088549 -9999 -9999 -9999 -9999 -9999
0.895767375826836 1.11749437451363 1.29930719733238 1.40348414182663 1.449427485466 1.83046352863312 1.84398829936981 1.97625187039375 0.604632005095482 0.622105479240417 0.627242267131805 0.673357486724854 0.997601240873337 1.00363799929619 0.959001034498215 0.670474514365196 0.635170519351959 0.593532755970955 0.555134251713753 0.700083017349243 0.727052986621857 0.923967003822327 1.04631677269936 0.990049481391907 1.13081699609756 1.39686977863312 1.12527488172054 1.35649337768555 1.47172951698303 1.10460153222084 0.712687522172928 0.742798492312431 1.70395874977112 2.11296308040619 2.18163746595383 2.09296721220016 1.79234772920609 1.70124381780624 1.77837306261063 1.12304028868675 1.28096553683281 1.23375749588013 2.03418302536011 2.48299133777618 1.89928418397903 2.13891291618347 2.32100629806519 2.34644848108292 2.43510818481445 2.17904770374298 2.63757383823395 2.97232192754745 2.22179478406906 9.03108809117613 1.58744904252349 -9999 -9999 -9999 -9999 -9999 -9999 -9999
1.17674061655998 1.21490778028965 1.74162147939205 0.641321986913681 0.602518513798714 0.449625760316849 0.559082239866257 0.535038739442825 0.910471469163895 0.573516011238098 0.577397257089615 0.577808260917664 0.722739011049271 0.685322239995003 0.663214489817619 0.597750753164291 0.603569269180298 0.612613499164581 0.649208977818489 0.774726033210754 0.641579255461693 0.757800757884979 0.891183793544769 0.902478039264679 0.919614762067795 1.44888979196548 1.26420450210571 1.33095154166222 1.53641355782747 -9999 -9999 -9999 -9999 -9999 -9999 3.14426672458649 2.92482000589371 2.45476877689362 2.13297307491302 1.67906105518341 1.46293500065804 1.4935829937458 1.64804542064667 2.14583623409271 2.12713730335236 2.23400330543518 2.15660333633423 2.51061147451401 2.95314753055573 4.52406692504883 3.16860222816467 3.52974450588226 11.5446782112122 1.9762424826622 1.97624230384827 -9999 -9999 -9999 -9999 -9999 -9999 -9999
0.955270886421204 1.19124752283096 2.05613735318184 0.599603265523911 0.627043515443802 0.590571016073227 0.499131739139557 0.572695478796959 0.563282981514931 0.490539729595184 0.516168013215065 0.579765737056732 0.589544981718063 0.575183227658272 0.568846508860588 0.538669511675835 0.59578201174736 0.641523733735085 0.774475514888763 0.986867219209671 0.829174518585205 0.736359000205994 0.942149966955185 0.854268014431 0.768826514482498 0.892106294631958 1.31940078735352 1.44105452299118 1.38515098392963 -9999 -9999 -9999 -9999 -9999 -9999 -9999 6.01571559906006 9.2860279083252 3.67450940608978 1.73889756202698 1.61483019590378 1.7021609544754 2.0635027885437 2.10194706916809 1.96714353561401 3.18446481227875 5.22971105575562 5.50687336921692 3.93567216396332 5.99826228618622 5.62328910827637 6.28654235601425 -9999 -9999 -9999 -9999 -9999 -9999 -9999 -9999 -9999 -9999
0.9792765006423 1.00997326523066 0.746314510703087 0.624207749962807 0.512630984187126 0.461646750569344 0.374966248869896 0.374667003750801 0.413225993514061 0.498185992240906 0.477632984519005 0.36777450889349 0.422088772058487 0.521033987402916 0.516047984361649 0.443121001124382 0.601769998669624 0.74372997879982 1.05833628773689 1.22948072353999 0.914265124896251 0.892598211765289 0.936047966991152 0.296239502727985 0.296804241836071 1.30011150240898 1.09946402907372 1.89918226003647 2.23306345939636 -9999 -9999 -9999 -9999 -9999 -9999 -9999 43.384446144104 6.06875467300415 6.62285399436951 3.34849655628204 3.03060436248779 3.03506863117218 12.2019481658936 2.7287819981575 2.96165102720261 2.6818762421608 6.89388871192932 6.06076955795288 8.35343313217163 7.60538005828857 14.2888269424438 6.72680592536926 5.2343688805898 -9999 -9999 -9999 -9999 -9999 -9999 -9999 -9999 -9999
0.656685769557953 0.55918125808239 0.551952749490738 0.501843005418777 0.413277000188828 0.387750014662743 0.342293255031109 0.337395004928112 0.364823989570141 0.362485505640507 0.451105490326881 0.414490520954132 0.394961267709732 0.446056500077248 0.549768000841141 0.577318489551544 0.64599072933197 0.681096732616425 0.711842983961105 0.683413490653038 0.63758173584938 0.6199019998312 0.671980485320091 0.611793771386147 0.620600268244743 1.08110100030899 1.41954490542412 1.72155565023422 1.54296696186066 1.80770047008991 -9999 -9999 -9999 -9999 -9999 -9999 -9999 7.29742519855499 3.75373209439791 4.88049296992166 10.0987186431885 12.9956703186035 23.4828085899353 7.61862713098526 7.32967615127563 5.61831164360046 6.40281558036804 16.8337762355804 15.5345063209534 11.6011290550232 10.2121864557266 6.61737464368343 5.27646875726448 -9999 -9999 -9999 -9999 -9999 -9999 -9999 -9999 -9999
0.592965736985207 0.493421271443367 0.493784978985786 0.37279274314642 0.329681240022182 0.374206490814686 0.339943505823612 0.35223975777626 0.377765983343124 0.388229995965958 0.519791230559349 0.50637973845005 0.429057016968727 0.492180749773979 0.571125000715256 0.551253005862236 0.588806256651878 0.616170018911362 0.615521237254143 0.605736762285233 0.586473762989044 0.654686987400055 0.911585211753845 1.27069947123528 1.1169082224369 0.993623971939087 1.38849596679211 1.4804070442915 1.03796321153641 1.19268751144409 -9999 -9999 -9999 -9999 -9999 -9999 -9999 -9999 -9999 -9999 -9999 -9999 -9999 -9999 -9999 -9999 3.65490746498108 14.1871526241302 18.2426009178162 18.1969340869359 -9999 -9999 -9999 -9999 -9999 -9999 -9999 -9999 -9999 -9999 -9999 -9999
0.641344517469406 0.377172008156776 0.380310729146004 0.364144496619701 0.332953490316868 0.338195241987705 0.349403254687786 0.37219125777483 0.426482230424881 0.446586728096008 0.514789491891861 0.538070261478424 0.559949263930321 0.526931270956993 0.632521480321884 0.672825738787651 0.62642776966095 0.631565228104591 0.636578232049942 0.618062987923622 0.682560011744499 0.705605998635292 0.894156038761139 2.29976904392242 -9999 -9999 1.36722904443741 0.717363730072975 0.841286212205887 0.94674226641655 1.40706525743008 -9999 -9999 -9999 -9999 -9999 -9999 -9999 -9999 -9999 -9999 -9999 -9999 -9999 -9999 -9999 -9999 -9999 -9999 -9999 -9999 -9999 -9999 -9999 -9999 -9999 -9999 -9999 -9999 -9999 -9999 -9999
0.461161494255066 0.393476262688637 0.333499498665333 0.346591494977474 0.341933995485306 0.379401728510857 0.352654494345188 0.399944990873337 0.410696268081665 0.458745762705803 0.440742015838623 0.487734004855156 0.613560006022453 0.639367505908012 0.705486729741096 0.817112267017365 0.793285489082336 0.71644426882267 0.713004738092422 0.712169989943504 0.74889600276947 0.7995825111866 0.83772674202919 1.12570354342461 1.33680072426796 1.26572772860527 1.03411200642586 0.903687000274658 0.958511978387833 1.05767253041267 1.44170773029327 2.25197151303291 -9999 -9999 -9999 -9999 -9999 -9999 -9999 -9999 -9999 -9999 -9999 -9999 -9999 -9999 -9999 -9999 -9999 -9999 -9999 -9999 -9999 -9999 -9999 -9999 -9999 -9999 -9999 -9999 -9999 -9999
0.419442728161812 0.385385245084763 0.387795746326447 0.335543252527714 0.426445484161377 0.42519973218441 0.373426504433155 0.420465767383575 0.505899757146835 0.481972485780716 0.521066263318062 0.689100757241249 0.771605998277664 0.830714285373688 0.916800767183304 0.917042255401611 0.846270024776459 0.750333040952682 0.738518983125687 0.725206509232521 0.723811492323875 0.747476980090141 0.791770488023758 1.04507026076317 1.26501971483231 1.23540303111076 1.10383728146553 0.948307514190674 1.05862954258919 1.31059348583221 1.76220291852951 2.61184227115968 -9999 -9999 -9999 -9999 -9999 -9999 -9999 -9999 -9999 -9999 -9999 -9999 -9999 -9999 -9999 -9999 -9999 -9999 -9999 -9999 -9999 -9999 -9999 -9999 -9999 -9999 -9999 -9999 -9999 -9999
0.438900768756866 0.394138500094414 0.350356489419937 0.404159992933273 0.429501011967659 0.441210731863976 0.436040997505188 0.456243753433228 0.55833001434803 0.591819763183594 0.570636749267578 1.17540603876114 1.29962396621704 1.37955522537231 1.30664554238319 1.23429599404335 1.04582396149635 0.85456046462059 0.816026240587234 0.760367274284363 0.663546770811081 0.690090000629425 0.858556509017944 1.05052274465561 1.35166427493095 1.5692925453186 1.3342080116272 1.27450346946716 1.3201732635498 1.37744101881981 2.08510583639145 -9999 -9999 -9999 -9999 -9999 -9999 -9999 -9999 -9999 -9999 -9999 -9999 -9999 -9999 -9999 -9999 -9999 -9999 -9999 -9999 -9999 -9999 -9999 -9999 -9999 -9999 -9999 -9999 -9999 -9999 -9999
