EcologicalScience/Bass/data/rs_data_bass/chl_336.asc
NCOLS 226 
NROWS 124 
XLLCORNER -9.41648524995501 
YLLCORNER 47.587301625531 
CELLSIZE 0.0833 
NODATA_value -9999 
[rows 54 to 80 of 124, columns 124 to 185 of 226]
3.1379474401474 2.6890686750412 2.4137812256813 2.64221549034119 2.37732982635498 2.51432400941849 2.63224732875824 1.88910681009293 2.39525628089905 2.13687229156494 1.89202433824539 1.69131517410278 1.81288719177246 1.57869672775269 1.59586054086685 1.92871356010437 1.16200572252274 1.10243099927902 1.24372798204422 1.261853992939 1.16742825508118 1.40115228295326 1.84058779478073 2.15092653036118 2.27504467964172 2.10056841373444 2.14557373523712 2.27077800035477 2.4790266752243 2.59485447406769 2.60918319225311 2.63770347833633 2.58185774087906 2.54997593164444 2.55581098794937 2.66252624988556 2.58591896295547 2.26177722215652 1.85921466350555 2.12197279930115 2.85091656446457 3.86591613292694 4.81744515895844 5.73518478870392 5.09355819225311 5.54310286045074 7.70358967781067 9.43627882003784 9.51171827316284 8.5158576965332 9.32208609580994 7.19223283231258 16.3627563714981 8.76272392272949 10.5618324279785 11.4648756980896 17.9672355651855 24.34056861584 7.76549634268118 12.7284904358371 7.82927746544341 -9999
4.03134763240814 3.91628623008728 3.01360416412354 2.83701753616333 2.97133648395538 3.05007684230804 3.34237289428711 2.57473057508469 2.4640057682991 2.36688816547394 2.08968079090118 1.76470130681992 1.53383177518845 1.29154202342033 1.35595947504044 1.25471323728561 1.38750225305557 0.985633492469788 0.99717378616333 1.18833222985268 1.31529226899147 1.61775898933411 2.37304866313934 2.21329718828201 2.32685548067093 2.40998393297195 2.42175221443176 3.0111608505249 3.04235172271729 2.82064568996429 2.69417774677277 2.66068267822266 2.82025426626205 2.80175167322159 2.81888777017593 2.71436029672623 2.54355525970459 2.04209107160568 1.3909649848938 1.74366670846939 3.21368157863617 4.58476424217224 4.69515073299408 4.79614412784576 4.75441932678223 4.48517847061157 9.43566942214966 15.3968997001648 9.93904566764832 11.3247363567352 31.5364594459534 33.7244882583618 24.3587336540222 8.71296286582947 6.64343647956848 7.99689388275146 10.5720698833466 -9999 -9999 -9999 -9999 -9999
5.08114492893219 4.64193284511566 3.81956040859222 3.44291460514069 3.3312703371048 3.20039463043213 3.63013136386871 3.85046696662903 3.17477416992188 2.89148551225662 2.85183227062225 2.30793821811676 1.70775228738785 1.43503725528717 1.60313254594803 1.31598079204559 1.25709897279739 1.12344378232956 1.07320350408554 1.21717125177383 1.56488925218582 1.78823482990265 2.72201246023178 2.6796727180481 2.69653058052063 2.79077482223511 2.75566202402115 2.94422167539597 3.08288705348969 2.73616343736649 2.78850299119949 3.00116622447968 3.1748811006546 2.84644192457199 2.60703670978546 2.23089891672134 1.76669096946716 1.30408126115799 1.19841223955154 1.37791800498962 2.10026174783707 2.29973691701889 5.7020308971405 7.01386713981628 8.45757508277893 12.5853567123413 10.6701829433441 3.58183341589033 9.14351159334183 10.5363385677338 12.4775261878967 15.2231912612915 5.95319133996964 7.1989729642868 -9999 -9999 -9999 -9999 -9999 -9999 -9999 -9999
5.98903799057007 5.11109697818756 4.74212265014648 4.58911657333374 4.15181243419647 3.84675371646881 3.85676085948944 3.96774530410767 4.25571513175964 3.6944146156311 3.25820159912109 2.68827903270721 2.06303930282593 1.58737581968307 1.24909651279449 1.31911271810532 1.15113526582718 1.14780074357986 1.199334025383 1.36940252780914 1.70190668106079 2.23291808366776 2.74291133880615 3.0725634098053 3.04777193069458 3.18462216854095 3.10719072818756 3.05869960784912 3.29685509204865 3.37725520133972 3.02228915691376 3.00443172454834 2.64904797077179 2.72993177175522 2.13352882862091 1.59155470132828 2.04984158277512 2.39836192131042 3.15229797363281 1.8603224158287 1.61429250240326 2.58468747138977 4.06152963638306 6.31539916992188 9.53568005561829 16.8795204162598 16.6064186096191 5.63856827994005 9.26637053489685 10.4500844478607 13.811137676239 13.106885433197 16.5339846611023 -9999 -9999 -9999 -9999 -9999 -9999 -9999 -9999 -9999
11.7656428813934 9.69152355194092 6.96988964080811 5.44427025318146 4.89214646816254 4.54350972175598 4.18913626670837 4.0181211233139 4.18805408477783 4.29343271255493 3.98566889762878 3.32093095779419 2.36724829673767 1.87215220928192 1.54471582174301 1.09873500466347 1.24683603644371 1.18485000729561 1.29668775200844 1.59793281555176 2.06395053863525 3.08373749256134 3.26419043540955 3.25070106983185 3.3441960811615 3.40337312221527 4.32253110408783 3.91378426551819 4.63665461540222 8.055260181427 6.52400207519531 3.72189617156982 3.57314157485962 2.08915650844574 2.95046854019165 4.55532073974609 6.36458015441895 6.63298416137695 4.19137036800385 2.18422204256058 1.6096116900444 2.89078491926193 4.28756761550903 6.24218058586121 10.6143901348114 10.9951457977295 6.45146392285824 23.5911848545074 12.0748744010925 9.14591145515442 8.99764323234558 19.652880191803 40.0431718826294 -9999 -9999 -9999 -9999 -9999 -9999 -9999 -9999 -9999
-9999 10.2725534439087 9.19752073287964 12.3193302154541 10.4752221107483 7.976722240448 5.77306509017944 4.84764432907104 4.97621262073517 4.62827324867249 4.42057049274445 4.23017621040344 3.14101660251617 2.41502702236176 1.89664953947067 1.25540998578072 1.5197040438652 1.60577917098999 1.87679779529572 2.40930908918381 3.14997446537018 3.38425362110138 3.08533716201782 3.46478390693665 3.49804437160492 3.57384467124939 5.86057269573212 6.79648661613464 5.53540813922882 7.08062767982483 9.42909550666809 9.01268005371094 9.07191181182861 9.32516598701477 9.62079191207886 9.63034558296204 7.94601345062256 7.38793516159058 5.43541717529297 2.99195766448975 3.73124921321869 4.49304378032684 6.14010071754456 9.7315092086792 11.8239011764526 -9999 7.21128659248352 11.3168089985847 18.4368242025375 16.6766241788864 13.9286127090454 14.5918850898743 22.3001689910889 49.8607864379883 -9999 -9999 -9999 -9999 -9999 -9999 -9999 -9999
-9999 -9999 -9999 -9999 -9999 2.28387522697449 5.19901263713837 4.72993505001068 3.89239883422852 4.12925791740417 4.55954110622406 4.56806695461273 5.69945633411407 3.82679092884064 2.21893358230591 1.92949193716049 1.93285650014877 2.82199716567993 3.39563763141632 3.57573616504669 3.43996274471283 3.34582936763763 3.5561671257019 3.84466660022736 4.23272180557251 4.29204225540161 7.97189497947693 9.5080304145813 7.51073098182678 7.37850737571716 9.16312766075134 10.4538938999176 11.0520451068878 11.3235197067261 11.8310952186584 10.1739757061005 7.88936376571655 6.14577198028564 4.47841501235962 3.40825188159943 5.92635369300842 8.04211378097534 12.0259966850281 21.4115781784058 16.0826597213745 16.2074417685999 -9999 -9999 -9999 -9999 13.9580640792847 15.1709003448486 15.6758208274841 33.8203802320692 -9999 -9999 -9999 -9999 -9999 -9999 -9999 -9999
-9999 -9999 -9999 -9999 -9999 -9999 -9999 -9999 6.11385011672974 4.50271260738373 4.38715124130249 4.78054797649384 5.49746561050415 6.96601939201355 5.83970618247986 3.57851099967957 3.59812724590302 3.24596321582794 3.19238984584808 3.66921007633209 3.61054408550262 3.93488395214081 4.55975461006165 4.9670923948288 6.27184867858887 7.9574761390686 10.3298377990723 11.951592206955 12.547119140625 10.4251792430878 9.97284865379333 11.0179173946381 13.0067667961121 12.7483048439026 14.8035778999329 13.5426049232483 10.5851619243622 8.22270441055298 4.95543158054352 5.52989029884338 7.68454813957214 13.1352925300598 24.0865259170532 27.0754566192627 8.88303082224764 29.0682649612427 -9999 -9999 -9999 -9999 17.548882484436 15.4995131492615 19.562705039978 17.0686926841736 27.3538370132446 33.5170440673828 -9999 -9999 -9999 -9999 -9999 -9999
-9999 -9999 -9999 -9999 -9999 -9999 -9999 -9999 -9999 -9999 4.70712304115295 4.53909766674042 4.83924221992493 6.08260846138 9.0347535610199 6.74603819847107 5.36644506454468 3.77943384647369 2.98215293884277 3.53251111507416 4.03182542324066 3.60137987136841 4.19362878799438 6.50573945045471 8.5601327419281 10.8289868831635 12.5882577896118 12.4950499534607 12.5773630142212 11.7712182998657 11.9318146705627 11.0034620761871 11.1860783100128 11.0108277797699 12.5014486312866 13.3073687553406 11.4814674854279 9.1843729019165 7.73504948616028 6.92490005493164 9.60351920127869 13.3435649871826 18.0433888435364 43.4198341369629 12.3057256051638 -9999 -9999 -9999 -9999 -9999 -9999 -9999 9.42418629439866 23.664975643158 28.3190517425537 38.9582822322845 10.8786277770996 -9999 -9999 -9999 -9999 -9999
-9999 -9999 -9999 -9999 -9999 -9999 -9999 -9999 -9999 4.3704868555069 4.77324306964874 4.60994017124176 4.65292346477509 5.36495912075043 6.94192028045654 7.3905029296875 5.39745533466339 3.37221586704254 2.8924725651741 3.94965612888336 3.90069150924683 4.19761741161346 4.0991016626358 5.75234842300415 10.4645218849182 10.6111013889313 12.258095741272 12.4166736602783 11.9328932762146 12.5807547569275 12.0311150550842 11.4459972381592 10.0719244480133 9.77631211280823 10.3890631198883 10.4432451725006 9.02407193183899 6.07718110084534 5.61948001384735 7.08734893798828 8.99374508857727 14.765739440918 17.1796746253967 27.5451793670654 18.6454210298733 33.0447750091553 -9999 -9999 -9999 16.0716633796692 14.0952758789062 11.116544008255 9.86911725997925 10.5543315410614 67.0215454101562 24.7964715957642 18.2928406044289 -9999 -9999 -9999 -9999 -9999
-9999 -9999 -9999 -9999 -9999 -9999 -9999 -9999 -9999 -9999 5.89630937576294 4.628293633461 4.18459796905518 4.50448358058929 5.12980127334595 4.57130706310272 3.66630363464355 3.18783152103424 2.94622957706451 3.8603378534317 2.85260707139969 2.47129726409912 3.18850207328796 4.09302520751953 10.4163365364075 11.380654335022 12.0041742324829 12.7846655845642 14.2668871879578 14.5443205833435 12.1440281867981 13.0965371131897 13.1467380523682 12.5208806991577 12.070565700531 10.8340594768524 8.19651818275452 6.99857425689697 6.2927885055542 5.74471127986908 9.12034964561462 12.6479644775391 16.1893301010132 30.5787563323975 8.23891176702907 -9999 -9999 -9999 -9999 -9999 12.2173862457275 10.5935626029968 10.3965253829956 9.70472002029419 12.0260506868362 -9999 -9999 -9999 -9999 -9999 -9999 -9999
-9999 -9999 -9999 -9999 -9999 -9999 -9999 -9999 -9999 3.67937564849854 5.22637867927551 4.04765331745148 3.46421563625336 3.57359397411346 3.54219961166382 3.53230333328247 3.28375339508057 3.41313457489014 3.35971283912659 3.71343612670898 2.83055555820465 2.12005269527435 4.1118278503418 9.96972298622131 11.0124306678772 11.6981220245361 12.0233130455017 13.1376357078552 14.5354013442993 12.7449116706848 11.0942180156708 10.504631280899 12.6525449752808 15.0269966125488 11.4781730175018 8.79908895492554 9.09940481185913 5.91514492034912 4.57022023200989 5.09118390083313 5.17561876773834 8.41412401199341 9.01202630996704 6.30242166704345 3.86466658115387 -9999 -9999 -9999 -9999 -9999 17.1774945259094 12.6219148635864 11.1452872753143 11.6468970945903 -9999 -9999 -9999 -9999 -9999 -9999 -9999 -9999
-9999 -9999 -9999 -9999 -9999 -9999 -9999 -9999 -9999 4.41948759555817 4.48440384864807 4.39666736125946 3.88680911064148 3.20145964622498 3.24145138263702 3.15202188491821 2.91367882490158 3.08817744255066 3.71726560592651 3.52354037761688 3.08650410175323 4.93312740325928 8.20525145530701 12.0561089515686 12.0084886550903 12.0391316413879 12.7857270240784 14.5065450668335 13.3167357444763 12.4955477714539 11.4377474784851 11.3109533786774 14.5271430015564 11.1601166725159 8.19054079055786 6.63631653785706 6.94388294219971 7.58366346359253 8.75678086280823 9.5599250793457 9.42677807807922 11.3257155418396 10.9959404468536 9.56019835738302 3.86466693878174 -9999 -9999 -9999 -9999 12.1949715614319 -9999 -9999 -9999 -9999 -9999 -9999 -9999 -9999 -9999 -9999 -9999 -9999
-9999 -9999 -9999 -9999 -9999 -9999 -9999 -9999 -9999 4.56399142742157 4.24168860912323 3.98211228847504 3.94343411922455 3.29289078712463 3.11010432243347 3.09360373020172 2.8443968296051 2.86640095710754 3.77486157417297 4.05283284187317 5.73820817470551 8.95466780662537 9.95354676246643 11.9475517272949 12.6599278450012 13.2508821487427 13.7899475097656 13.9753060340881 13.9934763908386 15.2032070159912 13.6841597557068 13.4673600196838 14.2680616378784 13.0732283592224 8.27197909355164 7.04683327674866 8.00432825088501 7.95456576347351 7.15733814239502 5.41697609424591 11.0665082931519 12.948007106781 6.86219164150864 -9999 -9999 -9999 -9999 -9999 -9999 -9999 -9999 -9999 -9999 -9999 -9999 -9999 -9999 -9999 -9999 -9999 -9999 -9999
-9999 -9999 -9999 -9999 -9999 -9999 -9999 -9999 -9999 4.05089557170868 4.1610563993454 3.83685386180878 3.89693784713745 3.12954747676849 3.22740089893341 3.10329616069794 2.92962902784348 2.93944805860519 3.89475989341736 4.76072716712952 8.46466469764709 10.4107782840729 9.98542928695679 10.702573299408 12.4975790977478 13.4364538192749 14.4482674598694 15.339759349823 16.1371250152588 15.5631437301636 14.6232748031616 16.9980683326721 14.3479428291321 11.9662742614746 10.2036180496216 11.4494161605835 12.426212310791 11.1163351535797 12.3852410316467 12.0876760482788 18.3429279327393 5.56772165220292 11.4706598075039 -9999 -9999 -9999 -9999 -9999 -9999 -9999 -9999 -9999 -9999 -9999 -9999 -9999 -9999 -9999 -9999 -9999 -9999 -9999
-9999 -9999 -9999 -9999 -9999 -9999 -9999 3.28386068344116 6.28046658039093 4.35001122951508 3.96357893943787 3.76717364788055 3.75343501567841 2.94810372591019 2.88008093833923 3.06118941307068 3.22788155078888 3.90383613109589 4.32199501991272 7.43403053283691 9.32525968551636 10.2445120811462 9.95697784423828 10.6145746707916 13.040994644165 13.9007663726807 16.062801361084 16.3352766036987 16.7948613166809 16.4855675697327 15.7077627182007 14.35400390625 14.5848927497864 16.1260299682617 17.1559553146362 14.9474458694458 13.1657195091248 9.35495781898499 10.5504069328308 12.9713273048401 16.9633791047393 5.69786846637726 3.25656187534332 -9999 -9999 -9999 -9999 -9999 -9999 -9999 -9999 -9999 -9999 -9999 -9999 -9999 -9999 -9999 -9999 -9999 -9999 -9999
-9999 -9999 -9999 -9999 -9999 -9999 6.96329671382904 7.81967022202232 7.72111766988581 4.21521091461182 4.29132306575775 4.37224960327148 4.27113676071167 3.54341697692871 2.88859641551971 3.32980048656464 3.5554815530777 4.64564108848572 7.06500720977783 12.6008276939392 14.3079872131348 11.7680947780609 12.4206919670105 14.3055753707886 15.0362892150879 15.4683465957642 16.2806339263916 17.2084107398987 22.5216937065125 18.8572497367859 14.9711666107178 15.3262853622437 15.1023817062378 18.0765995979309 22.064857006073 13.2673888206482 11.199590921402 10.1103916168213 7.12032008171082 -9999 -9999 -9999 -9999 -9999 -9999 -9999 -9999 -9999 -9999 -9999 -9999 -9999 -9999 -9999 -9999 -9999 -9999 -9999 -9999 -9999 -9999 -9999
-9999 -9999 -9999 -9999 3.37467861321806 5.41667003400864 6.65078558921814 6.09025340080261 4.15442490577698 3.86103522777557 3.95233941078186 4.17831230163574 4.20810735225677 3.97149074077606 3.3971346616745 3.34712255001068 3.55324065685272 5.62827980518341 9.95183730125427 16.1994180679321 17.0224828720093 13.6999411582947 13.1350407600403 13.9453253746033 14.4530825614929 15.5157866477966 17.7520294189453 19.6150832176208 22.3512783050537 21.7719368934631 18.3914279937744 18.7803897857666 21.163384437561 17.7236580848694 18.6895637512207 17.9216837882996 4.16784958044688 6.1153106385089 -9999 -9999 -9999 -9999 -9999 -9999 -9999 -9999 -9999 -9999 -9999 -9999 -9999 -9999 -9999 -9999 -9999 -9999 -9999 -9999 -9999 -9999 -9999 -9999
-9999 -9999 -9999 -9999 5.93841372616589 6.50936005264521 5.38120804514204 3.77938199043274 4.25376605987549 3.86543262004852 3.66845762729645 4.16674661636353 4.3124452829361 4.28035140037537 4.85614657402039 4.81298267841339 4.69503593444824 7.19008469581604 12.2994704246521 18.9562482833862 20.985237121582 18.7081446647644 18.0417809486389 17.6638498306274 15.1071825027466 19.2842488288879 23.1618089675903 18.4919385910034 17.5887722969055 20.0120100975037 26.0235300064087 31.7785406112671 26.1070575714111 25.9078130722046 22.0370335578918 16.5073499679565 14.5582451820374 -9999 -9999 -9999 -9999 -9999 -9999 -9999 -9999 -9999 -9999 -9999 -9999 -9999 -9999 -9999 -9999 -9999 -9999 -9999 -9999 -9999 -9999 -9999 -9999 -9999
-9999 46.1489438850786 4.33289385611011 3.60985087647158 5.17119180679321 3.80117958784103 3.95470440387726 3.98495399951935 3.89080810546875 3.55572903156281 3.25050294399261 3.40993130207062 5.20586335659027 5.00731515884399 5.53787469863892 5.00164425373077 8.76580739021301 12.1501808166504 15.424437046051 16.9937524795532 18.8555946350098 20.673255443573 21.7306337356567 22.8153991699219 25.996470451355 21.5047917366028 23.7794365882874 16.7722320556641 21.18887758255 28.9892950057983 32.7839441299438 31.9691934585571 34.2475919723511 22.0426969528198 14.9137001037598 6.56585732915185 -9999 -9999 -9999 -9999 -9999 -9999 -9999 -9999 -9999 -9999 -9999 -9999 -9999 -9999 -9999 -9999 -9999 -9999 -9999 -9999 -9999 -9999 -9999 -9999 -9999 -9999
5.3027204990387 5.26269178390503 4.88754014968872 4.79273332868304 4.39733326435089 4.6069267988205 4.5757155418396 3.98612558841705 3.85858869552612 3.81391203403473 3.75466346740723 3.24609088897705 4.74061417579651 5.12319982051849 5.02675795555115 5.15002048015594 13.2845764160156 14.3029189109802 14.4246597290039 14.7062602043152 22.3525643348694 27.7746534347534 28.9568338394165 29.1840848922729 22.1092286109924 21.145131111145 26.6319637298584 26.5607900619507 28.0897693634033 31.4473085403442 48.3201427459717 50.4841175079346 57.6582069396973 -9999 -9999 -9999 -9999 -9999 -9999 -9999 -9999 -9999 -9999 -9999 -9999 -9999 -9999 -9999 -9999 -9999 -9999 -9999 -9999 -9999 -9999 -9999 -9999 -9999 -9999 -9999 -9999 -9999
5.98984786442348 4.78902983665466 5.35626840591431 4.77071249485016 4.6299637556076 4.51459944248199 4.19993340969086 3.76768183708191 3.37152886390686 3.25281536579132 2.84679973125458 3.04606425762177 4.5550754070282 5.55281782150269 6.61570715904236 8.4906542301178 11.4971001148224 12.2320189476013 13.2250928878784 16.0582838058472 22.3009786605835 24.6077527999878 24.1419811248779 33.3335580825806 27.4274711608887 32.1473951339722 28.9823999404907 32.9213647842407 37.2396726608276 39.9449100494385 61.4059581756592 57.218879699707 68.809513092041 7.90814627133883 7.00498050801894 6.78893399599827 -9999 -9999 -9999 -9999 -9999 -9999 -9999 -9999 -9999 -9999 -9999 -9999 -9999 -9999 -9999 -9999 -9999 -9999 -9999 -9999 -9999 -9999 -9999 -9999 -9999 -9999
4.8898344039917 4.91230344772339 5.27669477462769 4.31480991840363 4.12805020809174 4.1542603969574 3.81748187541962 3.34389674663544 3.11722648143768 3.10460329055786 3.01163041591644 2.71888571977615 4.90481042861938 6.44150805473328 8.53355526924133 9.76853942871094 10.6332221031189 12.367702960968 14.273663520813 16.2871527671814 17.8289566040039 15.7722587585449 28.4002733230591 43.4310722351074 34.0260143280029 29.2599105834961 23.9333453178406 20.9536113739014 34.6698417663574 48.3428592681885 5.79310566425324 -9999 -9999 -9999 -9999 -9999 -9999 -9999 -9999 -9999 -9999 -9999 -9999 -9999 -9999 -9999 -9999 -9999 -9999 -9999 -9999 -9999 -9999 -9999 -9999 -9999 -9999 -9999 -9999 -9999 -9999 -9999
6.02252197265625 6.51702547073364 7.22996735572815 4.74669671058655 4.749924659729 4.54493415355682 4.08471965789795 4.05998539924622 3.74246764183044 3.48141288757324 3.25459206104279 2.37235808372498 3.5279198884964 6.77083897590637 9.38961911201477 11.1366527080536 11.097487449646 11.3241534233093 14.0637717247009 31.6004762649536 27.8097410202026 25.7773590087891 27.9235067367554 36.1408109664917 32.2455425262451 35.6855449676514 32.3935918807983 29.2647657394409 51.875581741333 57.4445629119873 7.38782811164856 6.71831440925598 -9999 -9999 -9999 -9999 -9999 -9999 42.404758086845 12.6942715644836 -9999 -9999 -9999 -9999 -9999 -9999 -9999 -9999 -9999 -9999 -9999 -9999 -9999 -9999 -9999 -9999 -9999 -9999 -9999 -9999 -9999 -9999
8.68297362327576 10.9187157154083 9.61195778846741 6.79907941818237 4.23294359445572 4.34807121211832 4.24330651760101 4.54001176357269 4.14783453941345 3.35327625274658 3.16226935386658 2.5987823009491 4.01708471775055 6.6160569190979 10.3268473148346 9.80571842193604 11.3430211544037 15.9949550628662 31.2742681503296 31.8182888031006 27.9987173080444 22.67484998703 27.3499031066895 18.9596614837646 13.780460357666 11.8979594707489 11.5480155944824 6.36119079589844 6.5251624584198 7.60530352592468 4.33288085982747 3.42093944549561 -9999 -9999 -9999 -9999 -9999 -9999 -9999 -9999 -9999 -9999 -9999 -9999 -9999 -9999 -9999 -9999 -9999 -9999 -9999 -9999 -9999 -9999 -9999 -9999 -9999 -9999 -9999 -9999 -9999 -9999
-9999 -9999 -9999 -9999 -9999 4.38819052789595 4.78143167495728 4.68783831596375 3.77864491939545 2.54047358036041 2.47388541698456 4.13796150684357 7.19071698188782 8.14233326911926 8.28998565673828 15.0230183601379 20.1618061065674 34.0054492950439 23.3620734214783 37.2329206466675 33.5486555099487 29.9308233261108 24.5689573287964 30.51540184021 6.66689915657043 4.84871429443359 -9999 -9999 -9999 -9999 -9999 -9999 -9999 -9999 -9999 -9999 -9999 -9999 -9999 -9999 -9999 -9999 -9999 -9999 -9999 -9999 -9999 -9999 -9999 -9999 -9999 -9999 -9999 -9999 -9999 -9999 -9999 -9999 -9999 -9999 -9999 -9999
-9999 -9999 -9999 -9999 -9999 -9999 4.13513553142548 3.72089552879333 2.35828202962875 1.93600952625275 2.39974719285965 5.09734582901001 7.56385016441345 11.1701817512512 17.4608731269836 27.6614742279053 33.2726383209229 28.5238924026489 28.8987951278687 30.2706298828125 30.8270988464355 24.3042869567871 50.0833168029785 3.03448462050136 -9999 -9999 -9999 -9999 -9999 -9999 -9999 -9999 -9999 -9999 -9999 -9999 -9999 -9999 -9999 -9999 -9999 -9999 -9999 -9999 -9999 -9999 -9999 -9999 -9999 -9999 -9999 -9999 -9999 -9999 -9999 -9999 -9999 -9999 -9999 -9999 -9999 -9999
