EcologicalScience/Bass/data/rs_data_bass/chl_269.asc
NCOLS 226 
NROWS 124 
XLLCORNER -9.41648524995501 
YLLCORNER 47.587301625531 
CELLSIZE 0.0833 
NODATA_value -9999 
[rows 54 to 80 of 124, columns 0 to 61 of 226]
-9999 -9999 -9999 -9999 -9999 -9999 -9999 -9999 -9999 -9999 -9999 -9999 -9999 -9999 -9999 -9999 -9999 -9999 -9999 -9999 -9999 -9999 -9999 -9999 -9999 -9999 -9999 -9999 -9999 -9999 -9999 -9999 -9999 -9999 -9999 -9999 -9999 -9999 5.02779275178909 5.52402998507023 1.91157299280167 1.64971950420967 1.34473693370819 1.1173350581756 1.21890267959008 1.18817232205318 1.12872765843685 1.11244051797049 1.11919503552573 1.20399307353156 1.280770527465 1.31087272933551 1.5745757818222 1.80267837217876 1.92971696172442 2.17362040281296 2.31522171837943 2.45699460165841 -9999 0.607058599591255 0.62790758907795 2.00944103235784
-9999 -9999 -9999 -9999 -9999 -9999 -9999 -9999 -9999 -9999 -9999 -9999 -9999 -9999 -9999 -9999 -9999 -9999 -9999 -9999 -9999 -9999 -9999 -9999 -9999 -9999 -9999 -9999 -9999 -9999 -9999 -9999 -9999 -9999 -9999 -9999 -9999 -9999 -9999 1.98642897605896 2.03907144069672 1.85293883085251 1.38881825483762 1.39367778484638 1.27834605319159 1.20948953287942 1.16344479152134 1.17873759780611 1.34831344229834 1.19673661249025 1.27415420753615 1.38619663034167 1.57502003226961 1.72321974379676 1.97183589424406 2.07231035232544 2.30987676101572 -9999 -9999 -9999 -9999 -9999
-9999 -9999 -9999 -9999 -9999 -9999 -9999 -9999 -9999 -9999 -9999 -9999 -9999 -9999 -9999 -9999 -9999 -9999 -9999 -9999 -9999 -9999 -9999 -9999 -9999 -9999 -9999 -9999 -9999 -9999 -9999 -9999 -9999 -9999 -9999 -9999 -9999 -9999 -9999 -9999 1.97063398361206 1.8155842423439 1.65733802318573 1.75061638866152 1.52897000312805 1.37237883465631 1.23977841649737 1.22897603682109 1.4445589695658 1.31021205016545 1.28178511772837 1.37658907260214 1.61479433093752 1.8492551105363 2.02357683011464 2.12783534186227 2.28140895366669 2.42830448150635 3.15683503945669 -9999 -9999 -9999
-9999 -9999 -9999 -9999 -9999 -9999 -9999 -9999 -9999 -9999 -9999 -9999 -9999 -9999 -9999 -9999 -9999 -9999 -9999 -9999 -9999 -9999 -9999 -9999 -9999 -9999 -9999 -9999 -9999 -9999 -9999 -9999 -9999 -9999 -9999 -9999 -9999 -9999 -9999 -9999 2.13449174165726 1.81238104615893 1.61270103284291 1.77152203662055 1.69038753850119 1.61515280178615 1.5785653250558 1.56797177450997 1.55946541684014 1.53190221956798 1.39365088513919 1.48292616861207 1.60719885144915 1.79889088869095 1.90011268002646 1.84708568879536 1.90053545236588 2.06653164625168 2.07337572574615 2.69094539880753 2.45281656642458 -9999
-9999 -9999 -9999 -9999 -9999 -9999 -9999 -9999 -9999 -9999 -9999 -9999 -9999 -9999 -9999 -9999 -9999 -9999 -9999 -9999 -9999 -9999 -9999 -9999 -9999 -9999 -9999 -9999 -9999 -9999 -9999 -9999 -9999 -9999 -9999 -9999 -9999 -9999 -9999 -9999 -9999 1.86076656409672 1.65556076594761 1.64408865145275 1.79357475042343 1.73154782397406 1.70766489846366 1.73296867949622 1.67011287382671 1.65792427744184 1.55138653942517 1.41003486514091 1.38403745208468 1.51071695770536 1.72351631947926 1.63819284949984 1.97497060469219 1.96798592805862 2.06999308296612 2.5750513792038 2.83992074728012 -9999
-9999 -9999 -9999 -9999 -9999 -9999 -9999 -9999 -9999 -9999 -9999 -9999 -9999 -9999 -9999 -9999 -9999 -9999 -9999 -9999 -9999 -9999 -9999 -9999 -9999 -9999 -9999 -9999 -9999 -9999 -9999 -9999 -9999 -9999 -9999 -9999 -9999 -9999 -9999 -9999 -9999 1.90939274004528 1.77242680958339 1.77495056390762 1.76878293922969 1.71024319103786 1.57345850127084 1.66818487644196 1.73947837523052 1.63053846359253 1.49477685775076 1.489096143416 1.27341643401555 1.4313519511904 1.51749421017511 1.54598200321198 1.97657298190253 1.96441775101882 1.9883194225175 1.72672885927287 -9999 -9999
-9999 -9999 -9999 -9999 -9999 -9999 -9999 -9999 -9999 -9999 -9999 -9999 -9999 -9999 -9999 -9999 -9999 -9999 -9999 -9999 -9999 -9999 -9999 -9999 -9999 -9999 -9999 -9999 -9999 -9999 -9999 -9999 -9999 -9999 -9999 -9999 -9999 -9999 -9999 -9999 2.6044859290123 2.00439571482795 1.95238729885646 1.82420555182866 1.88806146383286 1.82420629262924 1.66348763874599 1.57730277095522 1.63612369128636 1.60025997672762 1.56499949097633 1.67996603250504 1.33869585820607 1.54253025565829 1.68254654748099 1.80450751100268 2.0951327255794 -9999 -9999 3.4607048034668 4.1789609670639 4.44726018394743
-9999 -9999 -9999 -9999 -9999 -9999 -9999 -9999 -9999 -9999 -9999 -9999 -9999 -9999 -9999 -9999 -9999 -9999 -9999 -9999 -9999 -9999 -9999 -9999 -9999 -9999 -9999 -9999 -9999 -9999 -9999 -9999 -9999 -9999 -9999 -9999 -9999 -9999 -9999 2.20980298519135 2.16910350322723 1.88971424102783 1.67124366760254 1.91873569147927 1.95789831876755 1.67224073410034 1.50997008085251 1.49269468443734 1.57071621077401 1.44047950846808 1.39185141665595 1.42821473734719 1.44972881249019 1.59670806782586 1.73099692378725 1.79200384446553 2.09027961322239 1.89734798669815 1.87690940073558 2.36627682617732 2.84406027623585 2.858863898686
-9999 -9999 -9999 -9999 -9999 -9999 -9999 -9999 -9999 -9999 -9999 -9999 -9999 -9999 -9999 -9999 -9999 -9999 -9999 -9999 -9999 -9999 -9999 -9999 -9999 -9999 -9999 -9999 -9999 -9999 -9999 -9999 -9999 -9999 -9999 -9999 -9999 -9999 -9999 2.46089619398117 1.8094357252121 1.59174531698227 1.64011198282242 1.67486482858658 1.78698262146541 1.52613580226898 1.6240388069834 1.53445683206831 1.58790513277054 1.5328095470156 1.39647624748094 1.4103433064052 1.46012622969491 1.52130601235798 1.62067046335765 1.80807804209845 1.91668681587492 1.97519869463784 1.72043139593942 2.24487090110779 2.47684570721218 2.56156161853245
-9999 -9999 -9999 -9999 -9999 -9999 -9999 -9999 -9999 -9999 -9999 -9999 -9999 -9999 -9999 -9999 -9999 -9999 -9999 -9999 -9999 -9999 -9999 -9999 -9999 -9999 -9999 -9999 -9999 -9999 -9999 -9999 -9999 -9999 -9999 -9999 -9999 -9999 2.28235727548599 2.09595519304276 1.67638278007507 1.81728688308171 1.63818541594914 1.67324413572039 1.59146759339741 1.56601148843765 1.6552557349205 1.49670596633639 1.41161595072065 1.43173550707953 1.3011052097593 1.30812345232282 1.34289458819798 1.57952920879636 1.77067642552512 1.81195976052965 1.61830138308661 1.58238256829126 1.58925592047828 2.13418078422546 2.56485169274466 2.79474957500185
-9999 -9999 -9999 -9999 -9999 -9999 -9999 -9999 -9999 -9999 -9999 -9999 -9999 -9999 -9999 -9999 -9999 -9999 -9999 -9999 -9999 -9999 -9999 -9999 -9999 -9999 -9999 -9999 -9999 -9999 -9999 -9999 -9999 -9999 -9999 -9999 -9999 -9999 1.63134008646011 1.68556648492813 1.55162394046783 1.56136291367667 1.6031163760594 1.47887065580913 1.4859772835459 1.54269263148308 1.42087608575821 1.35388759630067 1.36732368809836 1.32956294928278 1.3878674121464 1.36200665576117 1.43310292278017 1.39566462380545 1.60961856160845 1.62120215381895 1.59008845261165 1.6306026833398 2.2214770592176 1.81164400066648 2.43034317663738 2.64554385628019
-9999 -9999 -9999 -9999 -9999 -9999 -9999 -9999 -9999 -9999 -9999 -9999 -9999 -9999 -9999 -9999 -9999 -9999 -9999 -9999 -9999 -9999 -9999 -9999 -9999 -9999 -9999 -9999 -9999 -9999 -9999 -9999 -9999 -9999 -9999 -9999 -9999 4.12973872524627 1.44032102823257 1.46477401256561 1.4951137304306 1.44509275470461 1.44478428593049 1.42737060785294 1.42651083469391 1.52063171778406 1.45264287931579 1.04446930544717 1.05125463008881 1.37424141168594 1.46562636750085 1.4171130997794 1.43191328644753 1.46157071420125 1.54198727437428 1.56249638966152 1.58960854155677 1.6542164172445 1.82817665168217 2.00459974152701 2.43161821823854 2.58336767128536
-9999 -9999 -9999 -9999 -9999 -9999 -9999 -9999 -9999 -9999 -9999 -9999 -9999 -9999 -9999 -9999 -9999 -9999 -9999 -9999 -9999 -9999 -9999 -9999 -9999 -9999 -9999 -9999 -9999 -9999 -9999 -9999 -9999 -9999 -9999 -9999 -9999 1.97022593021393 1.54800832271576 0.952372491359711 1.4269826572675 1.36303218511435 1.41034505622728 1.35324048399925 1.3361643075943 1.31506909132004 1.39401098033961 1.41634354170631 1.09026103019714 1.53479890312467 1.68332931825093 1.62043504204069 1.57079587238176 1.61587993587766 1.53248691558838 1.68932783603668 1.57778546639851 1.80447596311569 1.92498842569498 2.18342317853655 2.26896362645285 2.30678410189492
-9999 -9999 -9999 -9999 -9999 -9999 -9999 -9999 -9999 -9999 -9999 -9999 -9999 -9999 -9999 -9999 -9999 -9999 -9999 -9999 -9999 -9999 -9999 -9999 -9999 -9999 -9999 -9999 -9999 -9999 -9999 -9999 -9999 -9999 -9999 -9999 5.40633873939514 1.97904691787866 1.7724950760603 0.566673502326012 0.65843091532588 1.31149410137108 1.24912469387054 1.27930122613907 0.882501304149628 1.38808515492608 1.43110958618276 1.47123128876967 0.737947748257564 1.05601261854172 1.90414656911578 1.78788606609617 1.72539902584893 1.71596674408231 1.72016930580139 1.59823575190135 1.73449248075485 2.16936758586339 2.20097496679851 2.25067067997796 2.6480992436409 2.20091700553894
-9999 -9999 -9999 -9999 -9999 -9999 -9999 -9999 -9999 -9999 -9999 -9999 -9999 -9999 -9999 -9999 -9999 -9999 -9999 -9999 -9999 -9999 -9999 -9999 -9999 -9999 -9999 -9999 -9999 -9999 -9999 35.7595382094383 1.32889879401773 -9999 2.10493344068527 2.52738676965237 2.10832193791866 1.51073209152502 1.29982097446918 1.48280039855412 1.23306332230568 1.21353195695316 1.27926958133193 1.26744763465489 0.881106001138687 1.31925711561652 1.34751126345466 0.764058736654428 1.44620528992485 1.52513353964862 1.54332781539244 2.03364081382751 1.96497786896569 1.68452601773398 1.66240124191557 1.87804497139794 2.29736060755593 2.39066372598921 2.36972257069179 2.27931577818734 2.16680154800415 2.54750723838806
-9999 -9999 -9999 -9999 -9999 -9999 -9999 -9999 -9999 -9999 -9999 -9999 -9999 -9999 -9999 -9999 -9999 -9999 -9999 -9999 -9999 -9999 0.346259817481041 28.379425907135 1.82056947854849 32.6843512058258 11.2535074710846 3.8846137046814 1.91852375177237 1.88357385993004 1.55663357488811 1.29466724395752 2.28517639211246 1.51991096923226 1.80432023721583 1.66196920908988 1.37357312813401 1.31293328292668 0.958812577383859 0.888738763332367 0.887092620134354 0.611497521400452 0.916255348920822 0.849337649345398 0.933208340406418 1.25162699292688 1.03689419031143 1.39523158003302 0.957964503765106 1.60273499290148 1.55933350324631 1.25141294002533 2.19679539544242 2.26334480728422 1.84344278914588 2.15417660134179 2.8728934611593 3.13297033309937 5.78374656859566 -9999 -9999 -9999
-9999 -9999 -9999 -9999 -9999 -9999 -9999 -9999 -9999 -9999 -9999 -9999 -9999 -9999 -9999 -9999 -9999 -9999 -9999 -9999 -9999 -9999 46.8283034898341 41.4325524687767 3.02705994844437 1.31253331048148 1.2887812256813 1.56197100877762 1.66279891133308 1.17496874928474 0.890143543481827 0.950327217578888 1.35772570967674 0.846104264259338 0.840748518705368 0.790853261947632 1.02643936872482 0.926125341653824 0.892386424541473 0.846774567450796 0.722829683468892 0.923300582170486 0.94684140086174 0.729917246103287 0.763064557313919 0.855244767665863 1.6186459590407 1.7190727872007 1.71803777492963 1.72510026509945 1.46058493852615 1.43834520578384 2.22533828020096 2.16264975070953 2.23655624138682 -9999 -9999 -9999 -9999 -9999 -9999 -9999
-9999 -9999 -9999 -9999 -9999 -9999 -9999 -9999 -9999 -9999 -9999 -9999 -9999 -9999 -9999 -9999 -9999 -9999 -9999 6.11091396638325 1.98164112292803 1.67534515032401 1.77209412134611 1.72749076783657 1.57456880807877 1.22314721345901 1.05833700299263 0.901795506477356 0.912265554070473 0.883897587656975 0.868648529052734 0.921674379280635 0.843982074941908 0.79750021653516 0.841894207522273 0.886460244655609 0.889005297794938 0.847655206918716 0.700994253158569 0.67723873257637 0.589293500781059 0.650098880486829 1.09882111847401 1.10208304314052 1.19027946626439 1.21745144269046 1.73633544720136 1.72603870813663 1.90782873905622 1.99717529461934 1.7879546880722 -9999 -9999 -9999 -9999 -9999 -9999 -9999 -9999 -9999 -9999 -9999
-9999 -9999 -9999 -9999 -9999 -9999 -9999 -9999 -9999 -9999 -9999 -9999 -9999 -9999 -9999 -9999 -9999 3.14392411708832 2.49739122390747 1.85104644298553 1.3996034860611 1.26694053411484 1.21618428826332 1.20789974927902 1.16741323471069 1.01927474141121 1.06529098749161 1.04801774024963 0.875286862254143 0.6275355219841 0.97070562466979 0.823639588696616 0.836984166077205 0.80010569521359 0.784365183540753 0.72437061475856 0.873243441805243 1.09482972621918 0.65108098089695 0.63365775346756 0.627960741519928 0.700294544654233 0.712959846215589 0.747931198431895 0.801042575102586 0.842297398127042 0.913972350267264 1.82888820538154 1.69044910292876 1.49275631457567 5.37353655008169 -9999 -9999 -9999 -9999 -9999 -9999 -9999 -9999 -9999 -9999 -9999
-9999 -9999 -9999 -9999 -9999 -9999 -9999 -9999 -9999 -9999 -9999 -9999 -9999 -9999 1.41107100248337 1.1994314789772 1.14094278216362 1.11884701251984 1.16665953397751 1.05401927232742 1.07476052641869 2.77902066707611 2.99431192874908 1.07305946946144 0.93095326423645 0.736644744873047 0.818069279193878 0.871333479881287 0.89802673459053 0.895650029182434 0.928449779748917 0.707076973148755 0.969867020845413 0.826829865574837 0.835857453090804 0.722002332764012 0.704625846019813 0.702137729951314 0.751659685373306 0.630198732018471 0.537798017263412 0.617280766367912 0.696354529687337 0.738812787192208 0.854136682473696 0.877746270253108 1.06420948505402 1.80146956443787 1.78847873210907 1.32792541980743 1.39767612218857 2.21972713972393 -9999 -9999 -9999 -9999 -9999 -9999 -9999 -9999 -9999 -9999
-9999 -9999 -9999 -9999 -9999 -9999 -9999 -9999 -9999 -9999 -9999 2.22947738578786 34.4835902750492 4.39969763159752 1.56052494049072 1.19470721483231 1.16739526391029 1.0958294570446 0.977138221263885 0.867444723844528 0.69521176815033 0.718682259321213 0.92281499505043 0.887634783983231 1.26737773418427 0.677946746349335 0.595897480845451 0.640761002898216 0.900912791490555 0.897160470485687 0.920207977294922 0.790417492389679 0.657710239291191 0.738429754972458 0.864587992429733 1.2488699555397 0.915507763624191 0.707365000247955 0.760715366341174 0.581670016050339 0.495030015707016 0.663935359035219 0.651817323906081 0.701137454382011 0.868003998811428 1.47274625301361 0.935707334429026 1.04455864780089 1.63221830129623 1.20555964708328 1.4062423975237 -9999 -9999 -9999 -9999 -9999 6.45209953466127 11.7493501491845 25.4158142320812 57.4625465869904 10.0457604242408 -9999
-9999 -9999 -9999 -9999 -9999 -9999 -9999 -9999 -9999 1.2294112443924 3.43509905576706 1.29746103286743 7.06681613624096 1.14766502380371 1.10739451646805 1.14568197727203 0.843869268894196 0.82089900970459 0.773745775222778 0.798170238733292 0.948119223117828 0.892265260219574 0.822092235088348 0.765519708395004 0.736533746123314 0.732823491096497 0.631242021918297 0.528730496764183 0.45395927131176 0.459738001227379 0.598212003707886 0.623100757598877 0.320714995265007 0.743251517415047 0.712182372808456 0.696813739836216 0.811491787433624 0.619570143520832 0.610887765884399 0.626471266150475 0.678860897464412 0.621971523532501 0.584059740488346 0.713401914789126 0.809934950791872 0.864753718559559 0.874063074588776 0.923073773200695 1.58169629573822 1.11370214223862 1.25704243183136 1.47569113969803 1.35108000040054 4.26303366134907 1.66175504922867 3.92549874952861 4.25852514164788 4.41596202850342 10.3933928132057 9.74101116657257 2.26413104625849 -9999
-9999 -9999 -9999 -9999 -9999 6.36549795605242 1.14785850048065 1.10257950425148 1.01988378167152 1.05394273996353 1.07915550470352 0.976779788732529 0.902551531791687 0.868756502866745 0.813685476779938 0.806299477815628 0.790061205625534 0.764495998620987 0.787667244672775 0.814363539218903 0.988438457250595 0.914665460586548 0.595374763011932 0.519824981689453 0.669858768582344 0.77540847659111 0.713673770427704 0.42542476952076 0.75050850212574 0.761236488819122 0.814423531293869 0.809757739305496 0.785771995782852 0.708610519766808 0.751974016427994 0.730550229549408 0.722790732979774 0.614564247429371 0.732271326439721 0.643717751971313 0.561906740069389 0.542792785626191 0.559097026403134 0.58607059946427 0.729184001684189 0.982695758342743 0.85688428236888 0.880666129864179 0.875493778632237 0.883129326196817 1.6647726893425 1.12083721160889 1.23217270374298 1.36890960931778 1.40708155356921 1.22970240849715 1.70780810484519 1.89974921024763 2.36512767076492 2.72504249811172 1.96697755501821 1.63155898222556
-9999 -9999 -9999 -9999 -9999 0.830651968717575 0.932095527648926 0.871086716651917 0.83167952299118 0.845907032489777 0.897026985883713 0.900813728570938 0.910070210695267 0.856310248374939 0.85394024848938 0.800003975629807 0.698450267314911 0.699483007192612 0.647526741027832 0.718479752540588 0.91262474656105 0.847185730934143 0.7616947889328 0.687010511755943 0.774603724479675 0.754836022853851 0.698589742183685 0.644255757331848 0.676748991012573 0.715167380869389 0.745126515626907 0.761004745960236 0.768857270479202 0.681400492787361 0.679361253976822 0.642552763223648 0.575836479663849 0.38060474395752 0.564613491296768 0.490540760968413 0.45906338095665 0.47609065587704 0.517355478726901 0.543419329019693 0.834513008594513 0.895738542079926 0.71903511423331 0.748828273553115 0.825981328120599 0.708338113931509 0.786229154238334 0.76645170037563 1.09263750314713 1.13542170524597 1.10888647116148 1.15066905663564 1.23624642078693 1.76316776275635 1.09504386553398 1.30285073243655 1.52266960419141 1.52820725165881
-9999 -9999 -9999 -9999 -9999 3.84140361845493 0.645502477884293 0.745137020945549 0.76835024356842 0.790791749954224 0.730394259095192 0.778894543647766 0.774458974599838 0.681581988930702 0.614868745207787 0.838105469942093 0.845569521188736 0.778700262308121 0.620932504534721 0.613931983709335 0.675250500440598 0.704373747110367 0.64070700109005 0.672428235411644 0.688625246286392 0.681403487920761 0.68877075612545 0.740753501653671 0.73650124669075 0.765258729457855 0.797759234905243 0.782775789499283 0.776978999376297 0.773418009281158 0.681271478533745 0.57828676700592 0.465987771749496 0.477058377116919 0.428693979978561 0.476114228367805 0.484320759773254 0.476179495453835 0.536033257842064 0.397269858763768 0.78913950920105 0.812017500400543 0.728780999779701 1.70030161142349 1.53985442519188 1.19542318582535 0.738772010101992 1.20824757814407 1.17048783302307 1.15796788930893 0.365178335171479 1.04129853844643 1.11480317115784 1.20664182901382 1.31839152574539 1.66174253225327 1.85870976448059 2.47968251364572
-9999 -9999 -9999 -9999 -9999 5.88358423343072 0.676806002855301 3.8793533667922 0.652887001633644 0.62202000617981 0.518902480602264 0.528247520327568 13.6985744323049 0.51740925014019 0.515794515609741 0.675817519426346 0.669562518596649 0.619227021932602 0.649143755435944 0.659375980496407 0.707689493894577 0.684738770127296 0.648425996303558 0.673385247588158 0.662129268050194 0.698749512434006 0.696815237402916 0.743385761976242 0.704807236790657 0.625285506248474 0.842425525188446 0.759576737880707 0.728994771838188 0.714507758617401 0.701810270547867 1.32767866814838 1.09019661694765 1.34413826465607 1.73889954388142 1.50925355522256 1.23065739590675 0.531640514731407 0.52020674943924 0.720511481165886 0.776726245880127 0.474522330931255 0.512097320386342 0.348070934414864 1.66759344935417 0.851791530847549 0.774706542491913 1.98717250227928 1.64812497496605 1.3882291674614 1.03499636650085 1.15370005794934 1.16806298068592 1.48306050896645 1.66721481084824 1.65411525964737 1.98430595397949 2.92528936692647
-9999 -9999 -9999 -9999 -9999 1.2566339224577 1.48269661622388 3.76530150696635 3.39274753257632 2.57700907438993 0.462698981165886 0.492974236607552 0.551559761166573 0.573432013392448 0.570252746343613 0.553065732121468 0.620453238487244 0.66483673453331 0.700108498334885 0.70984648168087 0.670425742864609 0.613069519400597 0.637149006128311 0.524346739053726 0.722773522138596 0.717480763792992 0.711796492338181 0.722618982195854 0.672582730650902 0.594786018133163 0.543274506926537 0.701188489794731 0.54347325861454 0.405926272273064 0.836305528879166 1.45455262415549 1.8256159407251 1.56817524880171 0.67247848212719 0.736265860497952 2.43325518071651 0.982653138041496 0.695256739854813 0.747577518224716 0.783597707748413 0.758352041244507 1.29822826087475 1.48321857154369 0.854834228754044 0.853953748941422 1.61692140698433 1.49843256175518 0.936219334602356 1.07959874868393 1.18258616924286 1.69463324546814 1.2344358086586 1.36741054058075 1.48626226186752 1.42358674407005 1.92467851638794 2.2267484664917
