EcologicalScience/Bass/data/rs_data_bass/chl_520.asc
NCOLS 226 
NROWS 124 
XLLCORNER -9.41648524995501 
YLLCORNER 47.587301625531 
CELLSIZE 0.0833 
NODATA_value -9999 
[rows 81 to 107 of 124, columns 62 to 123 of 226]
3.85158455371857 5.97498106956482 7.6620512008667 7.66205191612244 -9999 -9999 -9999 -9999 -9999 -9999 -9999 -9999 -9999 -9999 -9999 -9999 -9999 -9999 -9999 -9999 -9999 -9999 -9999 -9999 -9999 -9999 -9999 -9999 -9999 -9999 -9999 -9999 -9999 -9999 -9999 -9999 -9999 -9999 -9999 -9999 -9999 -9999 -9999 -9999 -9999 -9999 -9999 -9999 -9999 -9999 -9999 -9999 -9999 -9999 -9999 -9999 -9999 -9999 -9999 -9999 -9999 -9999
3.83109068870544 -9999 -9999 -9999 -9999 -9999 -9999 -9999 -9999 -9999 -9999 -9999 -9999 -9999 -9999 -9999 -9999 -9999 -9999 -9999 -9999 -9999 -9999 -9999 -9999 -9999 -9999 -9999 -9999 -9999 -9999 -9999 -9999 -9999 -9999 -9999 -9999 -9999 -9999 -9999 -9999 -9999 -9999 -9999 -9999 -9999 -9999 -9999 -9999 -9999 -9999 -9999 -9999 -9999 -9999 -9999 -9999 -9999 -9999 -9999 -9999 -9999
-9999 -9999 -9999 -9999 -9999 -9999 -9999 -9999 -9999 -9999 -9999 -9999 -9999 -9999 -9999 -9999 -9999 -9999 -9999 -9999 -9999 -9999 -9999 -9999 -9999 -9999 -9999 -9999 -9999 -9999 -9999 -9999 -9999 -9999 -9999 -9999 -9999 -9999 -9999 -9999 -9999 -9999 -9999 -9999 -9999 -9999 -9999 -9999 -9999 -9999 -9999 -9999 -9999 -9999 -9999 -9999 -9999 -9999 -9999 -9999 -9999 -9999
-9999 -9999 -9999 -9999 -9999 -9999 -9999 -9999 -9999 -9999 -9999 -9999 -9999 -9999 -9999 -9999 -9999 -9999 -9999 -9999 -9999 -9999 -9999 -9999 -9999 -9999 -9999 -9999 -9999 -9999 -9999 -9999 -9999 -9999 -9999 -9999 -9999 -9999 -9999 -9999 -9999 -9999 -9999 -9999 -9999 -9999 -9999 -9999 -9999 -9999 -9999 -9999 -9999 -9999 -9999 -9999 -9999 5.20821905136108 5.15030550956726 4.65871381759644 3.46177053451538 2.48853331804276
-9999 -9999 -9999 -9999 -9999 -9999 -9999 -9999 -9999 -9999 -9999 -9999 -9999 -9999 -9999 -9999 -9999 -9999 -9999 -9999 -9999 -9999 -9999 -9999 -9999 -9999 -9999 -9999 -9999 -9999 -9999 -9999 -9999 -9999 -9999 -9999 37.1749906539917 4.87132959365845 5.96160292625427 6.12332940101624 -9999 -9999 8.41621685028076 13.1518521308899 9.72499966621399 5.03698754310608 4.14723587036133 2.56808888912201 2.49347895383835 2.21322745084763 1.91893190145493 2.12355551975114 -9999 -9999 3.92319023609161 3.8159294128418 3.9271252155304 3.60279750823975 3.48873209953308 2.77135920524597 2.15775793790817 1.58125680685043
-9999 -9999 -9999 -9999 -9999 -9999 -9999 -9999 -9999 -9999 -9999 -9999 -9999 15.7537379264832 6.01121306419373 3.51804900169373 2.77502918243408 2.41590839624405 1.12509450316429 -9999 -9999 -9999 -9999 -9999 -9999 -9999 -9999 -9999 5.6427994966507 4.78461349010468 4.61114001274109 4.98395705223083 5.42861974239349 3.66949796676636 -9999 -9999 -9999 3.48961758613586 3.33158934116364 3.42326080799103 3.63746845722198 4.09944105148315 4.37748992443085 5.01605916023254 5.88123035430908 5.37261414527893 3.67052149772644 3.74055075645447 4.10650134086609 3.66801738739014 3.35854303836823 3.29899120330811 3.70248878002167 3.91547226905823 3.53893339633942 3.24573612213135 2.69497400522232 1.87209409475327 1.47914761304855 1.47774741053581 1.93897157907486 2.3891429901123
-9999 -9999 -9999 -9999 -9999 -9999 -9999 -9999 -9999 -9999 6.19972157478333 4.05970072746277 4.18879437446594 3.71499037742615 2.30811166763306 1.86384469270706 1.91723799705505 1.98647278547287 2.12579441070557 2.1648176908493 2.10963553190231 1.03460338711739 1.540114402771 1.76096534729004 1.69090551137924 1.66773980855942 -9999 6.01258850097656 3.6360787153244 3.65426480770111 3.59541714191437 2.80469012260437 2.82978630065918 3.49749684333801 3.70831346511841 -9999 3.86024272441864 3.69137406349182 3.66801059246063 3.61992502212524 4.04722559452057 3.85273432731628 3.65186834335327 3.37791502475739 3.32252311706543 3.40017592906952 3.25503158569336 3.11710810661316 3.00177240371704 3.06234347820282 2.89295589923859 2.93791723251343 2.97001111507416 2.92021608352661 2.5735799074173 2.01899600028992 1.50034993886948 1.18492233753204 1.20189607143402 1.6660190820694 3.45337235927582 6.98406028747559
-9999 -9999 -9999 -9999 -9999 -9999 -9999 -9999 2.93652391433716 3.87052059173584 5.19572639465332 3.89045798778534 2.42295259237289 2.04698449373245 2.09597682952881 2.04832398891449 1.62296909093857 1.32457700371742 1.27634552121162 1.56729859113693 1.88251662254333 1.91035008430481 2.12483811378479 2.29278087615967 2.60646218061447 2.78975164890289 2.59926187992096 2.57038235664368 2.74091148376465 2.85069447755814 2.67672801017761 2.67123538255692 3.15071260929108 3.89593470096588 4.3822957277298 4.45259964466095 4.10561549663544 3.63594424724579 3.13283228874207 3.04204845428467 3.24032557010651 3.27112483978271 3.07104349136353 2.55162692070007 2.37381094694138 2.11426323652267 2.10482794046402 2.17104524374008 2.09334701299667 1.96289920806885 1.83658790588379 1.77908277511597 1.78287613391876 1.66828501224518 1.46925929188728 1.35046926140785 1.17940244078636 1.48307266831398 3.14857757091522 6.01927471160889 9.43749618530273 9.83901500701904
-9999 -9999 -9999 -9999 -9999 -9999 -9999 -9999 -9999 2.53409439325333 2.21247482299805 2.04063642024994 1.95169615745544 2.25772404670715 2.35017818212509 2.15400373935699 1.5211136341095 1.10545751452446 1.12440517544746 1.39233291149139 1.7511357665062 1.88441866636276 1.8311380147934 1.78424352407455 1.96916055679321 1.79824805259705 1.8721781373024 2.18545603752136 2.325738966465 2.43306165933609 2.47366493940353 2.56514793634415 2.85405689477921 3.35006368160248 3.7551863193512 4.05070424079895 3.84606456756592 3.38277912139893 3.13327574729919 3.08607602119446 2.85141330957413 2.52727103233337 2.23711895942688 1.94433206319809 1.82631075382233 1.99600464105606 2.1005802154541 2.09135055541992 1.92225015163422 1.79248863458633 1.74882960319519 1.53663164377213 1.36669448018074 1.20226058363914 1.04964727163315 1.06403204798698 1.20449450612068 2.31899482011795 6.13213920593262 11.0459096431732 9.22357964515686 7.27828145027161
-9999 -9999 -9999 -9999 -9999 -9999 -9999 -9999 -9999 1.85907000303268 1.67075800895691 1.76642793416977 1.86020958423615 1.92470759153366 2.07681852579117 2.29489874839783 2.62407356500626 2.54047590494156 1.80040508508682 1.29029014706612 1.0931701362133 1.15246510505676 1.16433289647102 1.15815585851669 1.25060248374939 1.38091421127319 1.59253978729248 1.77846139669418 1.94485688209534 2.16414141654968 2.28486174345016 2.46316426992416 2.62109845876694 2.84701788425446 3.15827393531799 3.38870358467102 3.40618658065796 3.16467225551605 2.83982384204865 2.54194843769073 2.04848796129227 1.65744477510452 1.42977172136307 1.49575370550156 1.57468074560165 1.53691345453262 1.50373381376266 1.44409382343292 1.35061553120613 1.22202703356743 1.09457463026047 1.13037157058716 1.25892233848572 1.2821407020092 1.11519393324852 1.07477706670761 1.71036100387573 4.64715993404388 8.61801409721375 8.05806541442871 9.88126873970032 11.8462142944336
5.2074054479599 8.49873375892639 16.6835560798645 26.8262071609497 46.8763904571533 -9999 -9999 3.42077851295471 2.86100023984909 1.99011343717575 1.63851517438889 1.5023780465126 1.4100743830204 1.3879100382328 1.62783515453339 2.07193690538406 2.5222442150116 3.31436419487 4.46986269950867 3.27791798114777 1.83640944957733 1.18917587399483 1.05685222148895 1.06807333230972 1.12341034412384 1.15190157294273 1.16353279352188 1.19752371311188 1.22561046481133 1.26008167862892 1.35325554013252 1.44405698776245 1.51054447889328 1.51844823360443 1.60823875665665 1.7314281463623 1.71738302707672 1.58174711465836 1.49915340542793 1.38589283823967 1.17603331804276 1.17777594923973 1.19663053750992 1.22266075015068 1.24513775110245 1.2528854906559 1.25399932265282 1.22972282767296 1.13374462723732 0.972331166267395 0.844297260046005 0.837752670049667 0.937150418758392 0.961518108844757 0.990944892168045 1.1437481045723 1.77872782945633 2.83603674173355 3.41516983509064 4.49805271625519 6.10841345787048 10.6447734832764
3.02261424064636 5.12836503982544 11.2181775569916 14.3290629386902 8.31862449645996 5.36955034732819 3.63651180267334 3.3456244468689 2.62824565172195 1.9085054397583 1.76237225532532 1.807712495327 1.95065349340439 2.18796873092651 3.03244614601135 3.15127229690552 3.14610135555267 3.46163320541382 4.06599926948547 3.42037546634674 2.11174893379211 1.38098761439323 1.16635403037071 1.15124300122261 1.15416213870049 1.15906092524529 1.16629886627197 1.18158486485481 1.19899159669876 1.21135434508324 1.20648720860481 1.21039313077927 1.21260452270508 1.21650829911232 1.21603667736053 1.18722099065781 1.15920996665955 1.15218123793602 1.14852029085159 1.15495008230209 1.16822469234467 1.20801669359207 1.25627544522285 1.30474948883057 1.3212651014328 1.32629120349884 1.34428596496582 1.32660788297653 1.22016504406929 1.08009517192841 0.925641775131226 0.908587127923965 0.906176447868347 0.915952384471893 0.986263990402222 1.20768508315086 1.36028605699539 1.40834927558899 1.48161050677299 2.35648369789124 4.78978443145752 11.5425667762756
2.40591162443161 3.13599765300751 4.59681522846222 7.58747291564941 9.88638067245483 6.79345178604126 5.20799195766449 3.94904923439026 3.00794327259064 2.24562817811966 1.91859000921249 2.05405282974243 2.92762452363968 4.81119203567505 4.8894202709198 3.96727645397186 4.48983800411224 5.5265132188797 6.52537035942078 5.26599633693695 3.49684023857117 2.28455829620361 1.55132406949997 1.24804750084877 1.16013899445534 1.14067563414574 1.15045264363289 1.16462400555611 1.17200338840485 1.16371643543243 1.15171766281128 1.14299002289772 1.13508358597755 1.12050426006317 1.1228511929512 1.12356001138687 1.13466042280197 1.13649183511734 1.13699394464493 1.13830250501633 1.14960354566574 1.16825687885284 1.21363359689713 1.27188482880592 1.30738878250122 1.34033730626106 1.38210511207581 1.37236288189888 1.33816167712212 1.29411453008652 1.1606724858284 1.14959612488747 1.20625850558281 1.19894313812256 1.1821169257164 1.26156333088875 1.36480996012688 1.53336095809937 1.96875303983688 2.59654498100281 3.45673549175262 5.25120985507965
2.37400478124619 2.14656132459641 2.19564288854599 3.43953895568848 4.63667643070221 5.47165775299072 6.05618405342102 6.02141118049622 5.21513414382935 4.87768399715424 4.54703092575073 5.006223320961 6.33330130577087 6.39949321746826 4.5354859828949 4.36751854419708 6.06207704544067 6.83931970596313 6.80878114700317 6.07688927650452 3.60236835479736 2.20581597089767 1.58427214622498 1.29003667831421 1.20298844575882 1.21673700213432 1.21087056398392 1.19743672013283 1.17883577942848 1.1539717912674 1.13158947229385 1.12240013480186 1.10605055093765 1.09671118855476 1.0904678106308 1.09356969594955 1.11948493123055 1.14002966880798 1.14339807629585 1.16170307993889 1.15299251675606 1.17710012197495 1.22334989905357 1.25321853160858 1.31923288106918 1.31077918410301 1.26472663879395 1.36196279525757 1.43151444196701 1.40110346674919 1.25586059689522 1.36841449141502 1.51967561244965 1.45768386125565 1.39226174354553 1.4214503467083 1.50800049304962 1.61850410699844 1.84660702943802 2.19682681560516 2.69065529108047 4.23359799385071
1.16830855607986 1.16697299480438 1.17905661463737 1.27224424481392 1.52916580438614 1.67170125246048 1.99679464101791 3.11600339412689 5.95586621761322 6.36959767341614 10.3892912864685 8.92200779914856 8.37053275108337 6.64451909065247 5.20311284065247 4.81529974937439 6.01713037490845 6.81283736228943 6.41516804695129 4.81732106208801 3.1158127784729 2.39849495887756 2.03399831056595 1.69869911670685 1.47785300016403 1.33083128929138 1.29031097888947 1.26148054003716 1.23977190256119 1.21957594156265 1.22890493273735 1.21427044272423 1.17535355687141 1.15754842758179 1.1843681037426 1.21649783849716 1.26750147342682 1.41926997900009 1.48084545135498 1.48698556423187 1.48711261153221 1.48864254355431 1.51911091804504 1.50257885456085 1.49879658222198 1.45081123709679 1.5056608915329 2.07012605667114 2.48909640312195 2.31090188026428 1.61534339189529 1.32441705465317 1.43135520815849 1.49887311458588 1.50132286548615 1.61067473888397 1.77278816699982 1.96938639879227 2.34478479623795 2.87855064868927 3.69042563438416 4.64939224720001
1.14048635959625 1.18108892440796 1.15097835659981 1.19810691475868 1.47527647018433 1.55872911214828 2.6499924659729 4.03321695327759 3.68527328968048 7.63934111595154 7.76863861083984 6.77982473373413 7.63949918746948 8.58350372314453 6.53844094276428 6.34955620765686 8.17385816574097 9.42966055870056 6.18926668167114 9.47221755981445 6.11706304550171 2.90156078338623 2.09205079078674 1.76846480369568 1.59675246477127 1.42958316206932 1.31134852766991 1.28172612190247 1.28573995828629 1.28695294260979 1.32109335064888 1.33893013000488 1.36103609204292 1.30881187319756 1.42574760317802 1.58433455228806 1.66214329004288 1.72073006629944 1.6637749671936 1.66764146089554 1.58687371015549 1.63747876882553 1.64669823646545 1.58421438932419 1.96224850416183 2.78940564393997 3.83076274394989 5.05865585803986 4.09793972969055 2.47364044189453 1.60535877943039 1.44202834367752 1.54190415143967 1.68588924407959 1.87376135587692 2.10078531503677 2.42584186792374 2.73694324493408 3.5203138589859 4.25183272361755 4.79749274253845 5.06069219112396
1.15172857046127 1.12340891361237 1.21543389558792 1.24394559860229 1.11392292380333 1.1669996380806 1.56313544511795 1.9292231798172 1.94435620307922 3.32875728607178 6.41905474662781 3.96132624149323 4.72131335735321 5.52420401573181 6.29052543640137 5.39511930942535 5.24643731117249 5.28589189052582 5.16957771778107 3.26800775527954 1.86682087182999 1.34426808357239 1.48174810409546 1.46234035491943 1.43238124251366 1.42145875096321 1.51871234178543 1.58924049139023 1.56995809078217 1.51427382230759 1.44857007265091 1.50047689676285 1.65701222419739 1.90223032236099 2.07632142305374 2.13419026136398 2.02582919597626 1.77969056367874 1.65027791261673 1.61462116241455 1.64158201217651 1.67081040143967 1.59694612026215 1.60922974348068 2.72607654333115 6.03874254226685 9.10853433609009 8.24364995956421 4.46956729888916 2.19277238845825 1.72513693571091 1.97773575782776 2.23298960924149 2.65096807479858 2.79335564374924 2.87345784902573 3.22813940048218 -9999 -9999 -9999 -9999 -9999
1.05180162191391 1.05820602178574 1.15962892770767 1.19710868597031 1.09969371557236 0.969370633363724 0.946104168891907 0.98525932431221 1.18787866830826 2.22461700439453 1.70531237125397 1.27305114269257 1.03359872102737 1.0382553935051 1.77503299713135 3.24713265895844 3.06008613109589 2.20838391780853 1.32855418324471 1.12458711862564 1.17962953448296 1.40747880935669 1.54691576957703 1.47041389346123 1.50301569700241 1.61389553546906 1.70619320869446 1.71504324674606 1.51319915056229 1.51933747529984 1.48996496200562 1.73245918750763 2.10451054573059 2.60042238235474 2.98738467693329 2.71034145355225 2.47625255584717 2.17576664686203 1.80811053514481 1.571417927742 1.51226699352264 1.41986140608788 1.48711153864861 1.78893202543259 3.00311744213104 4.61006104946136 6.6310830116272 6.54047513008118 3.18994081020355 1.93306142091751 2.06220871210098 2.48046255111694 2.89116990566254 3.23948836326599 2.80328730174473 -9999 -9999 -9999 -9999 -9999 -9999 -9999
0.802495121955872 0.81096875667572 0.789491415023804 0.765886545181274 0.773654222488403 0.813858300447464 1.77483969926834 2.09637451171875 2.17638266086578 1.39432087540627 3.06820642948151 3.31767725944519 1.69902366399765 1.10287275910378 0.958035081624985 1.12071070075035 1.16764283180237 0.990801393985748 1.07931643724442 1.25072854757309 1.43252384662628 1.61790686845779 1.55844551324844 1.43818956613541 1.43449482321739 1.51562654972076 1.66385525465012 1.78727531433105 1.68582969903946 -9999 -9999 -9999 -9999 -9999 -9999 3.14426672458649 2.31098484992981 1.95266729593277 1.64518189430237 1.48738163709641 1.49662953615189 1.50769507884979 1.56585395336151 1.96956324577332 2.56455945968628 2.7607444524765 2.66759955883026 2.15414929389954 1.89906853437424 1.98722237348557 2.35281586647034 2.69541352987289 3.05735814571381 1.9762424826622 1.97624230384827 -9999 -9999 -9999 -9999 -9999 -9999 -9999
0.704109013080597 0.759185761213303 0.808396518230438 0.933669984340668 1.14464539289474 1.39513823390007 0.926123768091202 0.72193618118763 0.651066988706589 0.633246347308159 0.644201382994652 0.667752340435982 1.06918206810951 1.12115263938904 1.9045078754425 2.123879134655 1.11637115478516 1.05891671776772 1.29981771111488 1.5093896985054 1.51216721534729 1.60303527116776 1.55408406257629 1.3754096031189 1.29884675145149 1.35114902257919 1.58092761039734 1.76289886236191 1.7387877702713 -9999 -9999 -9999 -9999 -9999 -9999 2.98775392770767 2.85938483476639 2.51683437824249 1.83694070577621 1.75450605154037 1.65386205911636 1.59945577383041 1.62234181165695 1.77905631065369 2.01707589626312 2.32371586561203 2.66314297914505 2.96457159519196 3.21571469306946 3.03242719173431 2.95259910821915 3.09292209148407 -9999 -9999 -9999 -9999 -9999 -9999 -9999 -9999 -9999 -9999
0.689500004053116 0.883069753646851 1.29734569787979 1.47087389230728 1.0303966999054 0.693692475557327 0.656722202897072 0.667601153254509 0.718901664018631 0.740705877542496 0.784629195928574 0.829180598258972 0.853467375040054 1.71083503961563 2.44051498174667 3.1415069103241 2.43659448623657 1.47286051511765 1.66013163328171 1.86716902256012 0.808745407539865 1.59985542297363 1.50346773862839 1.32299843430519 1.27959054708481 1.33329418301582 1.50498586893082 1.75243377685547 1.99585407972336 -9999 -9999 -9999 -9999 -9999 -9999 -9999 5.32944314181805 3.06967520713806 2.73652267456055 2.43230277299881 2.18053275346756 2.07879102230072 2.14464229345322 2.34680825471878 2.51560521125793 2.84758722782135 3.35612618923187 3.5207211971283 3.51499629020691 3.3992908000946 3.34135758876801 3.63533055782318 3.33335584402084 -9999 -9999 -9999 -9999 -9999 -9999 -9999 -9999 -9999
0.775084733963013 1.02550077438354 1.23802667856216 0.718269243836403 0.69332729279995 1.09681865572929 0.708662644028664 0.884947657585144 1.6347171664238 1.81424921751022 2.0780913233757 1.59610033035278 1.85786443948746 2.03183680772781 3.07550668716431 3.24440717697144 1.4941281080246 1.25345197319984 1.33608993887901 1.23874685168266 1.1259845495224 1.18053674697876 1.18195867538452 1.35509982705116 1.64335119724274 1.88374543190002 2.02540791034698 2.11973208189011 2.278060734272 2.54249274730682 -9999 -9999 -9999 -9999 -9999 -9999 -9999 3.04539904594421 3.7525809109211 3.05939045548439 3.00385236740112 2.99510854482651 3.34954833984375 3.54972445964813 3.23086988925934 2.99195498228073 3.14102804660797 3.50564110279083 3.93428885936737 3.92960071563721 3.96446871757507 3.88009858131409 3.96006846427917 -9999 -9999 -9999 -9999 -9999 -9999 -9999 -9999 -9999
0.935893893241882 1.199682533741 1.6855611205101 1.67596024274826 1.88256222009659 1.45075392723083 1.30550175905228 1.6210532784462 1.47238782048225 1.61429142951965 1.42593911290169 1.55097645521164 1.58057355880737 1.33508715033531 1.41870930790901 2.13597536087036 1.60324591398239 1.12959390878677 1.04991701245308 0.960247546434402 0.902443081140518 0.972759068012238 1.25299501419067 1.77232539653778 2.02442264556885 1.97919899225235 2.02682572603226 2.08380281925201 2.223404109478 2.42093682289124 2.38350856304169 -9999 -9999 -9999 -9999 -9999 -9999 -9999 -9999 -9999 -9999 -9999 -9999 -9999 -9999 -9999 3.65490746498108 4.3249089717865 5.32387018203735 6.24081444740295 4.20495997156416 -9999 -9999 -9999 -9999 -9999 -9999 -9999 -9999 -9999 -9999 -9999
0.957741916179657 0.931143343448639 0.909237205982208 0.962806552648544 1.0242146551609 0.984446883201599 1.16277846693993 1.25141403079033 1.27023428678513 1.40286120772362 1.48219692707062 1.49868643283844 1.37445437908173 1.10528442263603 0.982561200857162 1.00354251265526 1.0644553899765 1.04150220751762 0.961467951536179 0.918485552072525 0.976037442684174 1.25087159872055 1.64231532812119 1.93811595439911 1.6797735786438 -9999 2.08059775829315 1.96142274141312 2.15703856945038 2.21855342388153 2.25423359870911 2.62494657933712 -9999 -9999 -9999 -9999 -9999 -9999 -9999 -9999 -9999 -9999 -9999 -9999 -9999 -9999 -9999 -9999 -9999 -9999 -9999 -9999 -9999 -9999 -9999 -9999 -9999 -9999 -9999 -9999 -9999 -9999
1.10841849446297 1.08862727880478 1.0094812810421 0.95442259311676 0.938913971185684 0.915035247802734 0.868132799863815 0.974864333868027 1.10668247938156 1.30762276053429 1.37940153479576 1.33058130741119 1.22578606009483 1.14839726686478 1.13055530190468 1.18740794062614 1.20402404665947 1.19088944792747 1.08170709013939 1.06857392191887 1.1283443570137 1.28711450099945 1.59872460365295 1.92449283599854 2.0454797744751 1.99723863601685 2.05467599630356 1.95248401165009 2.12165039777756 2.09708261489868 2.1194903254509 2.15626662969589 -9999 -9999 -9999 -9999 -9999 -9999 -9999 -9999 -9999 -9999 -9999 -9999 -9999 -9999 -9999 -9999 -9999 -9999 -9999 -9999 -9999 -9999 -9999 -9999 -9999 -9999 -9999 -9999 -9999 -9999
1.14615887403488 1.23056164383888 1.18326276540756 1.10518231987953 1.05147913098335 1.00796914100647 0.944907903671265 0.944176286458969 1.10729107260704 1.29757994413376 1.4018562734127 1.44281235337257 1.42306888103485 1.49885424971581 1.54166203737259 1.53337043523788 1.46516928076744 1.36631226539612 1.2008053958416 1.10376226902008 1.15817776322365 1.27354064583778 1.47968450188637 1.70662432909012 1.78333175182343 1.84214454889297 1.91967684030533 2.19397366046906 2.43914973735809 2.48028427362442 2.4843031167984 2.58094096183777 -9999 -9999 -9999 -9999 -9999 -9999 -9999 -9999 -9999 -9999 -9999 -9999 -9999 -9999 -9999 -9999 -9999 -9999 -9999 -9999 -9999 -9999 -9999 -9999 -9999 -9999 -9999 -9999 -9999 -9999
0.980056196451187 1.19719889760017 1.25555491447449 1.13977003097534 1.17970123887062 1.10286632180214 1.04012811183929 1.17934074997902 1.54257130622864 1.6655325293541 1.69929832220078 1.76121747493744 1.89457368850708 2.00376713275909 2.00922936201096 1.94475942850113 1.76777529716492 1.5153871178627 1.44057404994965 1.23197239637375 1.20304986834526 1.36447361111641 1.57303565740585 1.71213895082474 1.79097104072571 1.83892250061035 1.77648997306824 2.04714578390121 2.34337323904037 2.3836122751236 2.40629696846008 2.61974769830704 -9999 -9999 -9999 -9999 -9999 -9999 -9999 -9999 -9999 -9999 -9999 -9999 -9999 -9999 -9999 -9999 -9999 -9999 -9999 -9999 -9999 -9999 -9999 -9999 -9999 -9999 -9999 -9999 -9999 -9999
