EcologicalScience/Bass/data/rs_data_bass/chl_36.asc
NCOLS 226 
NROWS 124 
XLLCORNER -9.41648524995501 
YLLCORNER 47.587301625531 
CELLSIZE 0.0833 
NODATA_value -9999 
[rows 54 to 80 of 124, columns 124 to 185 of 226]
1.81827217340469 1.7769450545311 2.52065992355347 3.11325216293335 2.34378308057785 2.75465172529221 2.38555204868317 2.33089792728424 2.0541667342186 1.12652778625488 1.65342682600021 1.97274219989777 2.39073157310486 2.05634933710098 2.09523224830627 2.10542929172516 1.41600823402405 1.39866748452187 1.45814698934555 1.17905625700951 1.22929573059082 1.34384921193123 1.38117823004723 1.40994527935982 1.44890096783638 1.54839152097702 1.62699007987976 2.01795816421509 2.11049616336823 2.19877731800079 2.24264466762543 2.24359273910522 2.25835275650024 2.20919841527939 2.30168849229813 2.39965867996216 2.42277681827545 2.47563457489014 2.42202293872833 2.35606652498245 2.33521342277527 2.50219041109085 2.5856174826622 2.48990249633789 2.45238822698593 2.44205617904663 2.32570052146912 2.49536472558975 3.47998201847076 3.62996327877045 3.93561458587646 5.97113693914106 5.28081463442908 7.05277580800264 4.92208751678467 5.92140576839447 6.02047744062212 6.34396354357401 6.83577850129869 23.7227196423513 -9999 -9999
1.97240316867828 1.82642769813538 1.84852731227875 1.86350244283676 1.86303216218948 1.71939307451248 2.01861038804054 2.01889657974243 2.31599932909012 2.26370769739151 2.1501082777977 1.96578830480576 2.21826070547104 1.86597293615341 1.58692502975464 1.75417792797089 1.70193529129028 1.52799224853516 1.46806570887566 1.34698650240898 1.30899077653885 1.32215550541878 1.44273671507835 1.65791845321655 1.83788108825684 1.94661372900009 2.09953880310059 2.29920083284378 2.26153349876404 2.34393149614334 2.42606627941132 2.37677854299545 2.42671197652817 2.47068071365356 2.47983974218369 2.47150880098343 2.48693704605103 2.36846852302551 2.26528054475784 2.2711552977562 2.5225875377655 2.94479101896286 3.17291164398193 3.27021467685699 2.93555027246475 2.98910468816757 2.97070491313934 3.46271109580994 4.30331254005432 3.78849892616272 4.43624595495371 5.49889450603061 5.23016154766083 9.4341049861908 11.9119239234924 6.94458321730296 10.5720698833466 -9999 -9999 -9999 -9999 -9999
1.97409456968307 2.00968497991562 1.94573771953583 1.87311083078384 1.86367267370224 1.72682851552963 1.56790941953659 2.06836795806885 2.25962483882904 2.07267308235168 1.37337827682495 1.7818740606308 1.97403591871262 1.70051407814026 1.73320645093918 1.55268824100494 1.61973148584366 1.41360148787498 1.34438547492027 1.25754296779633 1.39293077588081 1.66550928354263 1.98779404163361 2.1124792098999 2.19962471723557 2.30392491817474 2.37950545549393 2.3490983247757 2.39006477594376 2.34618008136749 2.38373243808746 2.45532596111298 2.43471300601959 2.47065299749374 2.39907002449036 2.35058695077896 2.26877403259277 2.23107522726059 2.27693241834641 2.38577556610107 2.65625774860382 2.86735653877258 2.86942648887634 2.86271327733994 2.80020743608475 3.36799728870392 3.97043859958649 -9999 4.48444222079383 4.68962579965591 6.59565702080727 8.54870760440826 6.12831992573208 15.7733142985045 -9999 -9999 -9999 -9999 -9999 -9999 -9999 -9999
1.82529670000076 1.86562496423721 2.05826854705811 2.05349922180176 1.84583097696304 1.56208652257919 1.40427446365356 3.87879967689514 3.33860993385315 3.08861017227173 1.80995625257492 1.47714078426361 1.58999025821686 1.58032125234604 1.25615322589874 1.57164621353149 1.5400373339653 1.48768803477287 1.51745241880417 1.66551893949509 1.83826804161072 2.15969932079315 2.28218704462051 2.41859543323517 2.46758776903152 2.4824001789093 2.45578283071518 2.33617794513702 2.38879430294037 2.30463230609894 2.380430996418 2.28397500514984 2.16471594572067 2.16728550195694 2.12964373826981 2.2044757604599 2.15347570180893 2.15445899963379 2.37961131334305 2.77870506048203 2.67699605226517 2.60523819923401 2.79762822389603 2.61671483516693 2.73905092477798 3.22109770774841 3.7364559173584 -9999 4.62689924240112 3.74976754188538 3.75565946102142 8.13270911444788 9.53510666930157 -9999 -9999 -9999 -9999 -9999 -9999 -9999 -9999 -9999
8.69712352752686 1.99274182319641 3.27327865362167 2.00136458873749 2.11264729499817 1.85597848892212 1.93568551540375 1.83086693286896 1.91870391368866 1.81133258342743 1.64997446537018 1.30527672171593 1.66147041320801 1.86385881900787 1.97889506816864 1.50134301185608 1.89576816558838 2.02755832672119 2.25620430707932 2.39924257993698 2.35376393795013 2.26910251379013 2.35735648870468 2.3411151766777 2.35404753684998 2.37505424022675 2.36770051717758 2.31624966859818 2.27268308401108 2.27737283706665 2.24820005893707 2.11879277229309 1.99849355220795 1.82829004526138 1.86121273040771 2.09322971105576 2.0805292725563 2.28086400032043 2.65204793214798 2.68555873632431 2.40547353029251 2.71161156892776 2.70182257890701 2.75339770317078 3.13202333450317 3.54106056690216 5.51058638095856 5.76832938194275 5.47081589698792 4.69658482074738 3.95820808410645 4.25182241201401 46.138361531861 -9999 -9999 -9999 -9999 -9999 -9999 -9999 -9999 -9999
-9999 3.24921747297049 2.35047680139542 2.33594477176666 2.40009158849716 2.25624668598175 2.416080057621 2.18844366073608 2.2939327955246 2.10918366909027 2.30185353755951 1.89922499656677 2.01917320489883 1.93866741657257 2.0594100356102 1.54693025350571 2.44453132152557 2.37608027458191 2.30595141649246 2.31244879961014 2.19053095579147 2.18805903196335 2.02694016695023 2.14757394790649 2.06340157985687 2.089479804039 2.07946282625198 2.12851881980896 2.08472317457199 1.91844820976257 1.97329348325729 2.00037753582001 1.97387552261353 1.96844619512558 1.96559178829193 1.96307855844498 2.16787791252136 2.50891882181168 2.71759271621704 3.3128045797348 3.06087076663971 3.07400929927826 2.73423600196838 3.18228614330292 3.73198664188385 -9999 -9999 6.69753613471985 6.15467262268066 5.24023354053497 36.358709058454 51.7292671818887 46.8706383243684 -9999 -9999 -9999 -9999 -9999 -9999 -9999 -9999 -9999
-9999 -9999 -9999 -9999 -9999 2.28387522697449 3.62430250644684 2.67724657058716 2.31272023916245 2.36324107646942 2.85320127010345 2.72497570514679 2.6327965259552 2.57146823406219 2.42215174436569 2.19964599609375 2.21903675794601 2.25776624679565 2.20761823654175 2.11513423919678 1.87166476249695 1.81735056638718 1.78319782018661 1.69904923439026 1.78428983688354 1.74433118104935 1.76661157608032 1.8729465007782 1.90839600563049 1.79058980941772 1.86415278911591 1.87757331132889 1.87573957443237 1.88169229030609 1.85552394390106 1.71803551912308 1.94251352548599 3.23534846305847 2.96018618345261 3.03296864032745 3.17611348628998 3.08290958404541 3.00087225437164 3.06823289394379 3.57278037071228 -9999 -9999 -9999 -9999 -9999 62.889182310838 55.1205683677427 64.9031594799411 -9999 -9999 -9999 -9999 -9999 -9999 -9999 -9999 -9999
-9999 -9999 -9999 -9999 -9999 -9999 -9999 -9999 3.48770749568939 2.43354445695877 2.53826630115509 2.41895395517349 2.41641068458557 2.47983366250992 2.83737373352051 2.42907124757767 2.46965980529785 2.27120071649551 1.81427848339081 1.87041682004929 1.65913420915604 1.57777726650238 1.57726192474365 1.5672749876976 1.61758428812027 1.69097918272018 1.6344119310379 1.6392810344696 1.66838693618774 1.58736526966095 1.64605504274368 1.71995401382446 1.66686969995499 1.56949800252914 1.55371052026749 1.659164249897 1.99262094497681 2.59782153367996 2.82085955142975 3.34237790107727 3.3491678237915 3.19881212711334 3.00891745090485 2.9590807557106 -9999 29.0682649612427 -9999 -9999 -9999 -9999 17.548882484436 61.2492635773449 11.8008428270167 50.6985265016556 21.5122576653957 -9999 -9999 -9999 -9999 -9999 -9999 -9999
-9999 -9999 -9999 -9999 -9999 -9999 -9999 -9999 -9999 -9999 3.32039141654968 2.61089622974396 2.78757601976395 2.72722721099854 2.95536506175995 2.61286801099777 2.539715051651 1.76405918598175 1.78638821840286 1.74796342849731 1.61920881271362 1.62063449621201 1.6013976931572 1.6477746963501 1.60170078277588 1.62117379903793 1.63666874170303 1.6201463341713 1.59132742881775 1.56460583209991 1.57155758142471 1.57587522268295 1.44596922397614 1.38735821843147 1.56540298461914 1.95322877168655 2.48717254400253 3.04226768016815 3.35650956630707 3.300053358078 3.18775284290314 3.22717666625977 3.09658741950989 3.27919185161591 -9999 -9999 -9999 -9999 -9999 -9999 -9999 -9999 -9999 26.3644609451294 28.7246131896973 9.02825858376243 10.8786277770996 -9999 -9999 -9999 -9999 -9999
-9999 -9999 -9999 -9999 -9999 -9999 -9999 -9999 -9999 4.3704868555069 3.2153712362051 2.28701229393482 3.22897708415985 3.23386979103088 3.04169458150864 2.86908075213432 2.41025769710541 2.00070601701736 1.62683844566345 1.67750018835068 1.88885629177094 1.66755294799805 1.61120402812958 1.55359733104706 1.5735120177269 1.60975348949432 1.6224165558815 1.53767019510269 1.486233741045 1.75608605146408 1.66464596986771 1.58822321891785 1.4662005007267 1.41618373990059 1.73370444774628 2.18741244077682 2.72276026010513 2.93966925144196 3.10975742340088 3.00398111343384 2.92872977256775 2.97197180986404 3.07306265830994 3.12870669364929 -9999 33.0447750091553 -9999 -9999 -9999 16.7953770955404 13.1078195571899 16.1221312114171 13.2147000176566 26.6380748748779 31.3610172271729 36.6732587814331 -9999 -9999 -9999 -9999 -9999 -9999
-9999 -9999 -9999 -9999 -9999 -9999 -9999 -9999 -9999 -9999 2.55418629571795 2.62814223766327 3.700723528862 3.01932084560394 3.34675568342209 2.54353129863739 2.5002007484436 2.09682977199554 1.67442977428436 1.47241947054863 1.51566302776337 1.62848550081253 1.76265370845795 1.64070153236389 1.59652805328369 1.60105866193771 1.5646995306015 1.50396519899368 1.62972450256348 1.61804401874542 1.61627626419067 1.55495166778564 1.53634196519852 1.64553594589233 1.7520427107811 2.34309375286102 2.70697957277298 2.98781400918961 3.01768040657043 2.97039306163788 2.97227472066879 3.09649121761322 3.32359063625336 3.48793065547943 -9999 -9999 -9999 -9999 -9999 -9999 12.7167122840881 72.4522247314453 26.1716014317104 18.2670803751264 38.9125385284424 -9999 -9999 -9999 -9999 -9999 -9999 -9999
-9999 -9999 -9999 -9999 -9999 -9999 -9999 -9999 -9999 3.67937564849854 2.69668811559677 2.45755928754807 2.84433907270432 2.69572502374649 3.05001658201218 1.99846619367599 1.94716268777847 1.83146917819977 1.54284006357193 1.43431350588799 1.44215252995491 1.5001739859581 1.53424733877182 2.07555681467056 1.68385720252991 1.58196669816971 1.53709280490875 1.48508253693581 1.70874899625778 1.80524700880051 1.84624582529068 1.98113250732422 1.98527920246124 1.91803801059723 2.03677278757095 2.421302318573 2.92999130487442 2.96061444282532 3.03427505493164 3.04977071285248 3.09803009033203 3.25689840316772 3.57242560386658 3.23800885677338 3.86466658115387 -9999 -9999 -9999 -9999 -9999 16.9376014620066 14.8021645545959 65.0028419494629 -9999 -9999 -9999 -9999 -9999 -9999 -9999 -9999 -9999
-9999 -9999 -9999 -9999 -9999 -9999 -9999 -9999 -9999 3.79244935512543 3.53530740737915 3.02340745925903 3.17184990644455 2.78002542257309 2.51684993505478 2.8197517991066 2.025494992733 1.76475673913956 1.46257728338242 1.51974302530289 1.49939095973969 1.55241000652313 1.61925905942917 1.71810221672058 1.69872003793716 2.1054368019104 1.70024693012238 1.65671092271805 1.73051780462265 1.85300695896149 1.93593978881836 2.03467798233032 2.26870948076248 2.15555244684219 2.27296882867813 2.69298756122589 2.97703045606613 3.05024564266205 2.9285654425621 2.92003118991852 3.04883551597595 3.27803027629852 3.36506545543671 -9999 3.86466693878174 -9999 -9999 -9999 -9999 12.1949715614319 -9999 -9999 -9999 -9999 -9999 -9999 -9999 -9999 -9999 -9999 -9999 -9999
-9999 -9999 -9999 -9999 -9999 -9999 -9999 -9999 -9999 4.03768265247345 3.84532427787781 3.42724335193634 3.11533069610596 2.74811577796936 2.39666247367859 2.3077187538147 1.86717423796654 1.46637073159218 1.40418076515198 1.45200750231743 1.53970581293106 1.58743268251419 1.66365605592728 1.70721530914307 1.82189851999283 1.84228205680847 1.85680800676346 1.73464125394821 1.72396355867386 1.76213854551315 1.89694583415985 2.27591854333878 2.48684245347977 2.45219242572784 2.9208801984787 3.28453195095062 3.15837585926056 3.06321609020233 3.06619334220886 2.90783625841141 3.06098163127899 3.24425911903381 -9999 -9999 -9999 -9999 -9999 -9999 -9999 -9999 -9999 -9999 -9999 -9999 -9999 -9999 -9999 -9999 -9999 -9999 -9999 -9999
-9999 -9999 -9999 -9999 -9999 -9999 -9999 -9999 -9999 3.85368812084198 3.76330947875977 3.67263758182526 3.09026849269867 2.55770248174667 2.58822154998779 2.20391696691513 1.8153675198555 1.54006880521774 1.49614271521568 1.49093475937843 1.5404160618782 1.61694592237473 1.61231106519699 1.66195803880692 1.73441183567047 1.90654724836349 1.95156973600388 2.02828806638718 1.97862303256989 2.08275747299194 2.18121600151062 2.65742558240891 2.79813373088837 3.06006467342377 3.41382586956024 3.41383874416351 3.37095665931702 3.02573025226593 3.00895643234253 3.18787801265717 3.32573103904724 4.76925024390221 -9999 -9999 -9999 -9999 -9999 -9999 -9999 -9999 -9999 -9999 -9999 -9999 -9999 -9999 -9999 -9999 -9999 -9999 -9999 -9999
-9999 -9999 -9999 -9999 -9999 -9999 -9999 3.28386068344116 3.76177653244563 3.63976483047009 3.66349279880524 2.41820704936981 2.34521842002869 2.7462465763092 2.41944980621338 1.75569605827332 1.66142392158508 1.80188691616058 1.55147767066956 1.53035920858383 1.5688356757164 1.80566543340683 2.26967400312424 2.20595473051071 2.34484416246414 1.89216595888138 4.17951285839081 3.22738516330719 2.62659966945648 2.31796342134476 2.93423330783844 3.6369845867157 3.85212528705597 4.11011695861816 4.2871470451355 3.79321575164795 3.36686038970947 3.3006420135498 3.25241017341614 3.51328182220459 -9999 5.69786846637726 3.25656187534332 -9999 -9999 -9999 -9999 -9999 -9999 -9999 -9999 -9999 -9999 -9999 -9999 -9999 -9999 -9999 -9999 -9999 -9999 -9999
-9999 -9999 -9999 -9999 -9999 -9999 4.1805225610733 5.04053994704937 3.82978847622871 3.40534174442291 3.38862490653992 3.04602235555649 2.24151974916458 2.23168283700943 1.93082928657532 1.40631902217865 1.25996097922325 1.25358447432518 1.27731522917747 1.36576652526855 1.32558596134186 1.33188825845718 1.48021951317787 1.55875808000565 1.56108605861664 1.64925366640091 1.77438980340958 2.55072516202927 2.39802217483521 2.99996477365494 3.16451847553253 3.26388466358185 3.53673148155212 4.44260787963867 4.53682351112366 4.72095000743866 4.06136333942413 4.07458806037903 3.68741476535797 -9999 -9999 -9999 -9999 -9999 -9999 -9999 -9999 -9999 -9999 -9999 -9999 -9999 -9999 -9999 -9999 -9999 -9999 -9999 -9999 -9999 -9999 -9999
-9999 -9999 -9999 -9999 3.59792665958405 7.05491364520529 3.42398250102997 4.02397477626801 2.56245517730713 2.41113978624344 2.09091532230377 1.87436932325363 1.9277046918869 2.03669106960297 1.71793806552887 1.42120653390884 1.37915548682213 1.33832475543022 1.33426800370216 1.34249103069305 1.29536703228951 1.35832804441452 1.48719298839569 1.55618995428085 1.61835157871246 1.75636804103851 1.90588045120239 2.10715055465698 2.18637979030609 3.41069912910461 3.66597747802734 3.91579484939575 3.43947207927704 2.6630437374115 9.25855779647827 10.6940274238586 8.29288816452026 10.2791085511111 -9999 -9999 -9999 -9999 -9999 -9999 -9999 -9999 -9999 -9999 -9999 -9999 -9999 -9999 -9999 -9999 -9999 -9999 -9999 -9999 -9999 -9999 -9999 -9999
-9999 -9999 -9999 -9999 4.22415407264934 4.67101528644562 3.57246608734131 3.51631021499634 2.66789621114731 2.45953577756882 2.16173779964447 1.91779571771622 1.66657054424286 1.66289091110229 1.6305096745491 1.50551623106003 1.48478776216507 1.33686822652817 1.2956714630127 1.49774926900864 1.85879766941071 1.65075606107712 1.79020428657532 1.86794328689575 2.01852142810822 2.22742795944214 2.38891732692719 2.21781599521637 2.33450996875763 2.44613617658615 2.6188650727272 2.70066154003143 2.83306574821472 2.67494094371796 2.99685296416283 3.34556400775909 4.42064479986827 -9999 -9999 -9999 -9999 -9999 -9999 -9999 -9999 -9999 -9999 -9999 -9999 -9999 -9999 -9999 -9999 -9999 -9999 -9999 -9999 -9999 -9999 -9999 -9999 -9999
-9999 3.99712791114018 3.5447381734848 3.79983758926392 2.7566145658493 2.55807816982269 2.59026002883911 2.60610294342041 2.60831326246262 2.42881572246552 2.03389191627502 1.7511300444603 1.65237379074097 1.67089730501175 1.49892970919609 1.53693455457687 1.30689972639084 1.25179427862167 1.24205777049065 1.38203170895576 1.42155522108078 1.4459744989872 1.63372868299484 1.38730654120445 1.91113463044167 3.67225348949432 3.08643221855164 2.53590452671051 2.85485243797302 2.69311505556107 2.82230669260025 2.7007223367691 2.85637164115906 3.09537810087204 3.97482624318865 -9999 -9999 -9999 -9999 -9999 -9999 -9999 -9999 -9999 -9999 -9999 -9999 -9999 -9999 -9999 -9999 -9999 -9999 -9999 -9999 -9999 -9999 -9999 -9999 -9999 -9999 -9999
4.59362077713013 4.65700709819794 4.07951724529266 3.54258012771606 2.66231846809387 2.64888972043991 2.52249526977539 2.43394643068314 2.2386412024498 1.92860841751099 1.77521252632141 1.57614970207214 1.51409393548965 1.29396298527718 1.25414854288101 1.31379300355911 1.37138020992279 1.28971347212791 1.31955671310425 1.38542327284813 1.48669722676277 1.72099721431732 1.1978212594986 1.22404199838638 2.01589688658714 2.32349467277527 2.86588883399963 2.78507244586945 2.80117732286453 2.90139073133469 2.80875366926193 3.0367466211319 3.08072047233582 -9999 -9999 -9999 -9999 -9999 -9999 -9999 -9999 -9999 -9999 -9999 -9999 -9999 -9999 -9999 -9999 -9999 -9999 -9999 -9999 -9999 -9999 -9999 -9999 -9999 -9999 -9999 -9999 -9999
4.24400489330292 3.10890698432922 2.97096765041351 3.36160905361176 2.70705896615982 2.62461000680923 2.44495582580566 2.2015455365181 1.87268704175949 1.80931878089905 1.60911744832993 1.55673229694366 1.34281200170517 1.245207041502 1.26007497310638 1.35005548596382 1.43113499879837 1.39186352491379 1.43375927209854 1.67330628633499 1.54895514249802 1.58785915374756 1.69623452425003 1.90201011300087 2.23824226856232 2.31785255670547 2.54888695478439 2.49856871366501 3.07784020900726 3.71560871601105 3.20819628238678 3.12575858831406 3.07971864938736 4.59402886033058 3.18876421451569 -9999 -9999 -9999 -9999 -9999 -9999 -9999 -9999 -9999 -9999 -9999 -9999 -9999 -9999 -9999 -9999 -9999 -9999 -9999 -9999 -9999 -9999 -9999 -9999 -9999 -9999 -9999
3.79806250333786 3.16211485862732 3.40139865875244 3.47208452224731 3.34399580955505 2.58222305774689 2.38859242200851 1.99480354785919 1.7491911649704 1.56831300258636 1.42465648055077 1.64117181301117 1.41967722773552 1.25212803483009 1.28882923722267 1.37000548839569 1.41697347164154 1.66922467947006 1.71166044473648 1.53699374198914 1.68073117733002 1.68582674860954 1.75958767533302 2.02837908267975 2.11657583713531 2.23129051923752 2.47733545303345 2.79052644968033 3.24601185321808 3.34991544485092 -9999 -9999 -9999 -9999 -9999 -9999 -9999 -9999 -9999 -9999 -9999 -9999 -9999 -9999 -9999 -9999 -9999 -9999 -9999 -9999 -9999 -9999 -9999 -9999 -9999 -9999 -9999 -9999 -9999 -9999 -9999 -9999
3.95231473445892 4.19963353872299 4.03254050016403 3.50823819637299 4.41392111778259 3.41904294490814 2.764484167099 2.27768397331238 2.04023319482803 1.718789935112 1.34960702061653 1.2489225268364 1.32831823825836 1.49897021055222 1.37589821219444 1.2631222307682 1.21803751587868 1.17102974653244 2.00262308120728 1.96026831865311 1.83675202131271 1.94149031639099 2.02712041139603 2.23119674921036 2.38952779769897 2.51001369953156 2.8396829366684 2.96195250749588 4.68362188339233 4.64008140563965 3.39823215007782 3.23392001787821 -9999 -9999 -9999 -9999 -9999 -9999 -9999 12.6942715644836 -9999 -9999 -9999 -9999 -9999 -9999 -9999 -9999 -9999 -9999 -9999 -9999 -9999 -9999 -9999 -9999 -9999 -9999 -9999 -9999 -9999 -9999
4.61316394805908 4.97513538599014 4.3946840763092 5.9495655298233 3.24363875389099 4.82569482109763 3.07623334661607 3.33155983686447 1.40263876318932 1.24486720561981 1.02388349175453 1.25541526079178 1.35500925779343 1.46081399917603 1.54407298564911 1.6644651889801 1.52934908866882 1.26905474066734 1.65495121479034 1.80866652727127 3.05493521690369 2.01877537965775 2.10004878044128 2.53725081682205 2.4828382730484 2.90203732252121 2.96543633937836 2.93737724795938 3.20579373836517 3.34856815338135 3.30022573471069 3.42093944549561 -9999 -9999 -9999 -9999 -9999 -9999 -9999 -9999 -9999 -9999 -9999 -9999 -9999 -9999 -9999 -9999 -9999 -9999 -9999 -9999 -9999 -9999 -9999 -9999 -9999 -9999 -9999 -9999 -9999 -9999
-9999 -9999 -9999 -9999 -9999 3.22208863810489 2.5900502204895 2.13705897331238 1.21004998683929 1.05769577622414 0.952952206134796 1.25448676943779 1.44846600294113 1.5962535738945 1.56987082958221 1.7809311747551 1.76347267627716 2.04475808143616 1.94719344377518 1.95227557420731 2.03394621610641 2.10848218202591 2.54575341939926 3.09882286190987 3.24493346214294 3.255699634552 -9999 -9999 -9999 -9999 -9999 -9999 -9999 -9999 -9999 -9999 -9999 -9999 -9999 -9999 -9999 -9999 -9999 -9999 -9999 -9999 -9999 -9999 -9999 -9999 -9999 -9999 -9999 -9999 -9999 -9999 -9999 -9999 -9999 -9999 -9999 -9999
-9999 -9999 -9999 -9999 -9999 -9999 3.10435384511948 3.58496074676514 1.01879703998566 0.929561287164688 0.948735773563385 0.974757760763168 1.41474974155426 1.66171717643738 1.83928799629211 2.65793395042419 2.19330221414566 1.94708847999573 2.13010132312775 1.871302485466 1.79943233728409 2.53041719198227 2.90974974632263 2.66331607103348 -9999 -9999 -9999 -9999 -9999 -9999 -9999 -9999 -9999 -9999 -9999 -9999 -9999 -9999 -9999 -9999 -9999 -9999 -9999 -9999 -9999 -9999 -9999 -9999 -9999 -9999 -9999 -9999 -9999 -9999 -9999 -9999 -9999 -9999 -9999 -9999 -9999 -9999
