EcologicalScience/Bass/data/rs_data_bass/chl_487.asc
NCOLS 226 
NROWS 124 
XLLCORNER -9.41648524995501 
YLLCORNER 47.587301625531 
CELLSIZE 0.0833 
NODATA_value -9999 
[rows 0 to 26 of 124, columns 61 to 121 of 226]
-9999 -9999 -9999 -9999 -9999 -9999 -9999 -9999 -9999 -9999 -9999 -9999 -9999 -9999 -9999 -9999 -9999 -9999 -9999 -9999 -9999 -9999 -9999 -9999 -9999 -9999 -9999 -9999 -9999 -9999 -9999 -9999 -9999 -9999 -9999 -9999 -9999 -9999 -9999 -9999 -9999 -9999 -9999 -9999 -9999 -9999 -9999 -9999 -9999 -9999 -9999 -9999 -9999 -9999 -9999 -9999 -9999 -9999 -9999 -9999 -9999
-9999 -9999 -9999 -9999 -9999 -9999 -9999 -9999 -9999 -9999 -9999 -9999 -9999 -9999 -9999 -9999 -9999 -9999 -9999 -9999 -9999 -9999 -9999 -9999 -9999 -9999 -9999 -9999 -9999 -9999 -9999 -9999 -9999 -9999 -9999 -9999 -9999 -9999 -9999 -9999 -9999 -9999 -9999 -9999 -9999 -9999 -9999 -9999 -9999 -9999 -9999 -9999 -9999 -9999 -9999 -9999 -9999 -9999 -9999 -9999 -9999
-9999 -9999 -9999 -9999 -9999 -9999 -9999 -9999 -9999 -9999 -9999 -9999 -9999 -9999 -9999 -9999 -9999 -9999 -9999 -9999 -9999 -9999 -9999 -9999 -9999 -9999 -9999 -9999 -9999 -9999 -9999 -9999 -9999 -9999 -9999 -9999 -9999 -9999 -9999 -9999 -9999 -9999 -9999 -9999 -9999 -9999 -9999 -9999 -9999 -9999 -9999 -9999 -9999 -9999 -9999 -9999 -9999 -9999 -9999 -9999 -9999
-9999 -9999 -9999 -9999 -9999 -9999 -9999 -9999 -9999 -9999 -9999 -9999 -9999 -9999 -9999 -9999 -9999 -9999 -9999 -9999 -9999 -9999 -9999 -9999 -9999 -9999 -9999 -9999 -9999 -9999 -9999 -9999 -9999 -9999 -9999 -9999 -9999 -9999 -9999 -9999 -9999 -9999 -9999 -9999 -9999 -9999 -9999 -9999 -9999 -9999 -9999 -9999 -9999 -9999 -9999 -9999 -9999 -9999 -9999 -9999 -9999
-9999 -9999 -9999 -9999 -9999 -9999 -9999 -9999 -9999 -9999 -9999 -9999 -9999 -9999 -9999 -9999 -9999 -9999 -9999 -9999 -9999 -9999 -9999 -9999 -9999 -9999 -9999 -9999 -9999 -9999 -9999 -9999 -9999 -9999 -9999 -9999 -9999 -9999 -9999 -9999 -9999 -9999 -9999 -9999 -9999 -9999 -9999 -9999 -9999 -9999 -9999 -9999 -9999 -9999 -9999 -9999 -9999 -9999 -9999 -9999 -9999
-9999 -9999 -9999 -9999 -9999 -9999 -9999 -9999 -9999 -9999 -9999 -9999 -9999 -9999 -9999 -9999 -9999 -9999 -9999 -9999 -9999 -9999 -9999 -9999 -9999 -9999 -9999 -9999 -9999 0.63735419511795 1.74054622650146 1.49477246403694 1.37592324614525 1.24348184466362 1.04461285471916 0.863014385104179 0.906781017780304 0.965760111808777 0.899729132652283 0.833216071128845 0.842281579971313 0.933292508125305 0.936354160308838 0.828921407461166 0.787668585777283 0.799712330102921 0.789138793945312 0.790667027235031 0.840264648199081 0.87033024430275 0.807310044765472 0.784463793039322 0.821533352136612 0.794593691825867 0.844083309173584 0.882527500391006 0.971851676702499 0.975031346082687 0.921454846858978 0.879123240709305 0.869979858398438
-9999 -9999 -9999 -9999 -9999 -9999 -9999 -9999 -9999 -9999 -9999 -9999 -9999 -9999 -9999 -9999 -9999 -9999 -9999 -9999 -9999 -9999 -9999 -9999 -9999 -9999 -9999 1.18186515569687 1.0627324283123 2.14682954549789 1.63564485311508 1.41925996541977 1.28141194581985 1.12508203089237 1.07798686623573 0.984763741493225 0.913646042346954 0.892130345106125 0.925700426101685 1.00732979178429 1.1048823595047 1.11978989839554 1.05450224876404 0.992730438709259 0.992306292057037 1.02361303567886 1.00649455189705 0.961654454469681 0.931629985570908 0.895973324775696 0.908549308776855 0.886766374111176 0.844777822494507 0.868632942438126 0.940315157175064 0.990455031394958 1.00719997286797 0.870953321456909 0.837879806756973 0.881775945425034 0.820847243070602
-9999 -9999 -9999 -9999 -9999 -9999 -9999 -9999 -9999 -9999 -9999 -9999 -9999 -9999 -9999 -9999 -9999 -9999 -9999 -9999 -9999 -9999 -9999 -9999 -9999 -9999 -9999 1.18186515569687 2.28776639699936 1.93348145484924 1.48932364583015 1.39615657925606 1.36762011051178 1.26171264052391 1.00049538910389 0.993801444768906 1.0175259411335 0.975291073322296 0.944781571626663 1.01593521237373 1.12208095192909 1.19372722506523 1.20076122879982 1.17565575242043 1.16713151335716 1.17156681418419 1.17337587475777 1.01960787177086 0.918730527162552 0.923836022615433 0.955999821424484 0.910785108804703 0.657878771424294 0.674433767795563 0.704798251390457 0.901766180992126 0.997111201286316 0.978701233863831 0.924509704113007 0.850749045610428 0.640272036194801
-9999 -9999 -9999 -9999 -9999 -9999 -9999 -9999 -9999 -9999 -9999 -9999 -9999 -9999 -9999 -9999 -9999 -9999 -9999 -9999 -9999 -9999 -9999 -9999 -9999 -9999 -9999 7.21556925773621 2.51711636781693 1.63237506151199 1.45355039834976 1.276172965765 1.20061182975769 1.21505507826805 1.21796026825905 1.18738040328026 1.16023340821266 1.17105531692505 1.17188295722008 1.13395857810974 1.17357078194618 1.19937095046043 1.30605679750443 1.30877646803856 1.25683817267418 1.15254798531532 1.05384492874146 0.878302216529846 0.738242983818054 0.744802907109261 0.850960940122604 0.690513700246811 0.728640899062157 0.605540871620178 0.493477150797844 0.472410812973976 0.411509290337563 0.5157300978899 0.698387682437897 0.72188875079155 0.528671532869339
-9999 -9999 -9999 -9999 -9999 -9999 -9999 -9999 -9999 -9999 -9999 -9999 -9999 -9999 -9999 -9999 -9999 -9999 -9999 -9999 -9999 -9999 -9999 -9999 -9999 -9999 1.19121462106705 3.4346981048584 2.24690097570419 1.61155951023102 1.39608979225159 1.29963317513466 1.27203190326691 1.22416627407074 1.21887722611427 1.29936808347702 1.28161525726318 1.16412332653999 1.16626703739166 1.23440194129944 1.15431994199753 1.21119636297226 1.2191880941391 1.25749030709267 1.15515410900116 0.975936323404312 0.887170672416687 0.675621584057808 0.621588215231895 0.604281440377235 0.564494848251343 0.538250461220741 0.38629138469696 0.354752518236637 0.363337598741055 0.344711378216743 0.332510031759739 0.331379726529121 0.34194204211235 0.442875936627388 0.352490298449993
-9999 -9999 -9999 -9999 -9999 -9999 -9999 -9999 -9999 -9999 -9999 -9999 -9999 -9999 -9999 -9999 -9999 -9999 -9999 -9999 -9999 -9999 -9999 -9999 -9999 -9999 2.25084936618805 2.14534288644791 1.6853392124176 1.36068686842918 1.3052541911602 1.3375047147274 1.29572385549545 1.27734553813934 1.35224434733391 1.42350742220879 1.36406528949738 1.28431749343872 1.27287527918816 1.28798425197601 1.13383349776268 1.21231582760811 1.16277632117271 1.14969581365585 1.13245439529419 0.910411924123764 0.752014428377151 0.750324636697769 0.727455899119377 0.696089029312134 0.677262559533119 0.655641809105873 0.483189582824707 0.410061299800873 0.399034425616264 0.389514148235321 0.392067924141884 0.382331594824791 0.404920935630798 0.433816194534302 0.398645907640457
-9999 -9999 -9999 -9999 -9999 -9999 -9999 -9999 -9999 -9999 -9999 -9999 -9999 -9999 -9999 -9999 -9999 -9999 -9999 -9999 -9999 -9999 -9999 -9999 -9999 1.31647038459778 2.21371382474899 1.83689421415329 1.48432293534279 1.41913461685181 1.36292114853859 1.3509818315506 1.33103111386299 1.36410355567932 1.41175934672356 1.40323653817177 1.33916249871254 1.19002756476402 1.19897532463074 1.22457495331764 1.09404891729355 1.11202168464661 1.11850270628929 1.11112859845161 1.08851766586304 0.904702305793762 0.828788012266159 0.783009320497513 0.757134050130844 0.753781467676163 0.760526776313782 0.751569986343384 0.671780973672867 0.655988708138466 0.612673714756966 0.447574988007545 0.440802231431007 0.468144357204437 0.472118854522705 0.481364294886589 0.478782400488853
-9999 -9999 -9999 -9999 -9999 -9999 -9999 -9999 -9999 -9999 -9999 -9999 -9999 -9999 -9999 -9999 -9999 -9999 -9999 -9999 -9999 -9999 -9999 -9999 1.50594073534012 2.82547098398209 1.91590064764023 1.44243541359901 1.36781752109528 1.39131751656532 1.36374405026436 1.33149620890617 1.33299735188484 1.34815523028374 1.35417830944061 1.30959266424179 1.34310552477837 1.30030032992363 1.33661484718323 1.38756787776947 1.43293368816376 1.20766773819923 1.10709348320961 1.03529664874077 0.937494724988937 0.85297966003418 0.849163502454758 0.848275512456894 0.804420948028564 0.772298187017441 0.746687382459641 0.716795593500137 0.719116687774658 0.626376092433929 0.482479870319366 0.446624547243118 0.442125901579857 0.424103558063507 0.432795122265816 0.461752742528915 0.493012279272079
-9999 -9999 -9999 -9999 -9999 -9999 -9999 -9999 -9999 -9999 -9999 -9999 -9999 -9999 -9999 -9999 -9999 -9999 -9999 -9999 -9999 -9999 -9999 12.8007073402405 3.91146433353424 2.34239029884338 1.39100369811058 1.19229537248611 1.26523035764694 1.30214953422546 1.28074684739113 1.28398507833481 1.29042184352875 1.29524579644203 1.29272451996803 1.31808668375015 1.35994425415993 1.29028192162514 1.24764758348465 1.19777038693428 1.13337153196335 1.10330379009247 1.03000563383102 0.975198537111282 0.956367909908295 0.939902007579803 0.905323326587677 0.841424882411957 0.774918258190155 0.79966789484024 0.793556928634644 0.833372443914413 0.85912013053894 0.838689118623734 0.756607711315155 0.634195849299431 0.599892318248749 0.437289744615555 0.432807460427284 0.521885901689529 0.5482087880373
-9999 -9999 -9999 -9999 -9999 -9999 -9999 -9999 -9999 -9999 -9999 -9999 -9999 -9999 -9999 -9999 -9999 -9999 -9999 -9999 -9999 2.64602583646774 11.286901473999 5.5733470916748 3.08055531978607 1.30670195817947 0.984738349914551 1.09120774269104 1.23680850863457 1.35775753855705 1.31723499298096 1.2408062517643 1.26720151305199 1.24938154220581 1.24522912502289 1.26043331623077 1.29849064350128 1.30193871259689 1.30974760651588 1.25622421503067 1.14205804467201 0.979662626981735 1.02983602881432 0.988463938236237 0.920821309089661 0.865582376718521 0.840670645236969 0.840930283069611 0.824476540088654 0.824888706207275 0.852590560913086 0.855392932891846 0.865610539913177 0.842106521129608 0.79256933927536 0.731773495674133 0.67506842315197 0.567219436168671 0.529229700565338 0.548670932650566 0.57427641749382
-9999 -9999 -9999 -9999 -9999 -9999 -9999 -9999 -9999 -9999 -9999 -9999 -9999 -9999 -9999 -9999 -9999 -9999 -9999 -9999 -9999 2.40183983488781 3.46184349060059 2.90648585557938 1.61076146364212 1.22109586000443 1.26515248417854 1.19770950078964 1.19357380270958 1.34673276543617 1.43729871511459 1.38968199491501 1.33108779788017 1.25510001182556 1.22922027111053 1.28597912192345 1.38050106167793 1.40622586011887 1.43049573898315 1.39216393232346 1.3099552989006 1.24103209376335 1.2650902569294 1.07881844043732 0.949894934892654 0.90246918797493 0.871645420789719 0.847615778446198 0.835306137800217 0.837473005056381 0.81026217341423 0.777395993471146 0.772788226604462 0.701311960816383 0.687776148319244 0.731140226125717 0.711067602038383 0.692384585738182 0.646895438432693 0.631398484110832 0.566009268164635
-9999 -9999 -9999 -9999 -9999 -9999 -9999 -9999 -9999 -9999 -9999 -9999 -9999 -9999 -9999 -9999 -9999 -9999 -9999 -9999 10.134959936142 4.02616631984711 1.83272480964661 1.1696420609951 1.04874783754349 0.983436316251755 0.998194813728333 1.07498270273209 1.15104505419731 1.19721472263336 1.18998429179192 1.2906229197979 1.42424181103706 1.40665385127068 1.34594249725342 1.35493996739388 1.45599022507668 1.54206508398056 1.49015575647354 1.53455328941345 1.6068497300148 1.5094256401062 1.54721868038177 1.58046448230743 1.34002447128296 0.987310409545898 0.905023366212845 0.895733177661896 0.934966921806335 0.970506012439728 0.885898411273956 0.795173585414886 0.735225722193718 0.682178467512131 0.723674520850182 0.798516780138016 0.823614656925201 0.775833606719971 0.72292198240757 0.630447864532471 0.526858136057854
-9999 -9999 -9999 -9999 -9999 -9999 -9999 -9999 -9999 -9999 -9999 -9999 -9999 -9999 -9999 -9999 -9999 -9999 27.4959354400635 22.6741147041321 6.6295051574707 2.83512961864471 1.45120400190353 0.998260706663132 0.871285110712051 0.814698189496994 0.790246546268463 0.860998302698135 0.982987403869629 1.05768531560898 1.07727062702179 1.16588643193245 1.35945457220078 1.35124817490578 1.35711792111397 1.33692821860313 1.30756366252899 1.38380375504494 1.52031737565994 1.87524873018265 1.90726464986801 1.94404792785645 1.86567360162735 1.41268944740295 0.96714574098587 0.911946326494217 1.21495798230171 1.41275641322136 1.18458732962608 1.06232222914696 1.01100486516953 1.02703464031219 0.917823493480682 0.711032018065453 0.642816379666328 0.634271621704102 0.709652289748192 0.693885415792465 0.654548674821854 0.57616513967514 0.496626511216164
-9999 -9999 -9999 -9999 -9999 -9999 -9999 -9999 -9999 -9999 -9999 -9999 -9999 -9999 -9999 -9999 -9999 -9999 9.90968656539917 11.3461811542511 3.97039246559143 2.62841856479645 1.54071164131165 1.09416496753693 0.686557754874229 0.620603397488594 0.738582327961922 0.804855465888977 0.824711680412292 0.99708366394043 1.12651205062866 1.07077690958977 1.16489526629448 1.13988590240479 1.2046847641468 1.32560187578201 1.25537869334221 1.27350059151649 1.38095578551292 1.45914271473885 1.55795466899872 1.6373171210289 1.4771381020546 1.25897794961929 1.32677561044693 1.41217678785324 1.34819188714027 1.30269911885262 1.4937449991703 1.54871070384979 1.11369994282722 0.951734215021133 0.762276470661163 0.606290012598038 0.513684779405594 0.534990236163139 0.544136479496956 0.536869078874588 0.51208958029747 0.490872591733932 0.470868319272995
-9999 -9999 -9999 -9999 -9999 -9999 -9999 -9999 -9999 -9999 -9999 -9999 -9999 -9999 -9999 -9999 -9999 -9999 -9999 -9999 3.09054172039032 2.26205134391785 1.44280529022217 0.840120077133179 0.709380447864532 0.588035389780998 0.682029783725739 0.989130109548569 1.31276205182076 1.25092792510986 1.05372297763824 0.974724054336548 0.932059854269028 0.885054051876068 0.848089635372162 1.09735956788063 1.33156540989876 1.03397423028946 1.05244383215904 1.02607083320618 1.07785803079605 1.21553036570549 1.48196259140968 1.63159561157227 1.79434132575989 1.64045298099518 1.38800525665283 1.34573918581009 1.38166710734367 1.39266058802605 1.115214407444 1.01792952418327 1.10499912500381 0.753436535596848 0.500105738639832 0.479420185089111 0.479828462004662 0.514479249715805 0.48007196187973 0.415359735488892 0.406717747449875
-9999 -9999 -9999 -9999 -9999 -9999 -9999 -9999 -9999 -9999 -9999 -9999 -9999 -9999 -9999 -9999 6.0395610502788 5.42757099866867 3.72058622539043 2.49473869800568 2.91663783788681 1.62861782312393 1.21102049946785 0.861198574304581 0.620968490839005 0.566131621599197 0.612176164984703 0.623583823442459 0.639957949519157 0.728992894291878 0.907121747732162 0.744705945253372 0.676635324954987 0.715468838810921 0.705399736762047 0.619582459330559 0.710297852754593 0.778222292661667 0.900264322757721 1.04479023814201 1.02628272771835 1.06068080663681 1.08267420530319 1.0980027616024 1.44338035583496 1.55884623527527 1.47593379020691 1.52746653556824 1.55323505401611 1.37522184848785 1.33237338066101 1.22019472718239 1.18095284700394 1.05888444185257 0.708083152770996 0.524488404393196 0.46378518640995 0.44906947016716 0.437477946281433 0.423533856868744 0.396959871053696
-9999 -9999 -9999 -9999 -9999 -9999 -9999 -9999 -9999 -9999 -9999 35.2986888885498 35.2986888885498 13.7248649597168 3.28997793367931 18.7738852500916 8.28099989891052 2.63087725639343 3.62113988399506 1.98966890573502 2.20846492052078 1.32954803109169 0.95648780465126 0.653530776500702 0.570384711027145 0.602854147553444 0.645810753107071 0.626883968710899 0.573684006929398 0.555893495678902 0.505751743912697 0.470567017793655 0.497724026441574 0.498423188924789 0.517186626791954 0.54789899289608 0.626630410552025 0.758713781833649 0.912648528814316 1.03370752930641 0.981747776269913 0.703083872795105 0.82248929142952 1.3315677344799 1.51039588451385 1.51294469833374 1.64530509710312 1.80197614431381 1.66158109903336 1.35104316473007 1.17482274770737 1.16004467010498 0.891658365726471 0.851477175951004 0.760526686906815 0.638026759028435 0.498300343751907 0.478351727128029 0.604095160961151 0.481428220868111 0.358272917568684
-9999 -9999 -9999 -9999 -9999 -9999 -9999 -9999 -9999 -9999 -9999 35.2986888885498 6.96602240391076 7.51644730567932 5.28514087200165 5.90984094142914 3.19368731975555 2.21444964408875 19.6812510967255 12.9855204105377 1.88109827041626 1.70633733272552 1.25763711333275 0.879562139511108 0.776208847761154 0.779681593179703 0.707629859447479 0.592454686760902 0.559923380613327 0.531935289502144 0.458173289895058 0.440929636359215 0.444084405899048 0.475296780467033 0.521114096045494 0.555108368396759 0.575972512364388 0.541612431406975 0.569022640585899 0.766617089509964 0.762088358402252 0.71573893725872 0.960010439157486 1.17523598670959 1.35422113537788 1.59036129713058 1.65751004219055 1.61993533372879 1.80263882875443 1.41170981526375 1.1190679371357 1.10446071624756 0.907293856143951 0.750535100698471 0.696187555789948 0.736409515142441 0.615551769733429 0.440408796072006 0.510592639446259 0.439511194825172 0.343700230121613
-9999 -9999 -9999 -9999 -9999 -9999 -9999 -9999 -9999 -9999 -9999 -9999 -9999 -9999 7.31872487068176 7.31872487068176 12.3993701934814 7.64567255973816 -9999 -9999 -9999 -9999 -9999 1.16863998770714 1.2363942861557 1.12896671891212 1.01990050077438 0.719449326395988 0.587410390377045 0.543402001261711 0.47984866797924 0.461128726601601 0.476690232753754 0.473675206303596 0.479958325624466 0.46895058453083 0.474518403410912 0.468241363763809 0.446705192327499 0.650153920054436 0.772015929222107 0.770230561494827 0.797590166330338 0.947736382484436 1.15289559960365 1.14687886834145 1.15358331799507 0.862558722496033 1.31951460242271 1.13159841299057 0.877211630344391 0.726217925548553 0.551038920879364 0.506824225187302 0.500269487500191 0.50560337305069 0.441215693950653 0.403743043541908 0.403311029076576 0.368903785943985 0.350742727518082
-9999 -9999 -9999 -9999 -9999 -9999 -9999 -9999 -9999 -9999 -9999 -9999 -9999 -9999 16.6274771690369 16.6274771690369 16.6274771690369 -9999 -9999 -9999 -9999 -9999 -9999 4.94490551948547 4.94490551948547 4.94490551948547 0.308659605681896 0.884464144706726 0.703811421990395 0.680377095937729 0.690321028232574 0.575884893536568 0.49211074411869 0.504005447030067 0.539699971675873 0.550428181886673 0.569170340895653 0.510277882218361 0.467351049184799 0.446322306990623 0.566346600651741 0.629376411437988 0.620237052440643 0.441456869244576 0.393992587924004 0.403706297278404 0.39437498152256 0.447621300816536 0.572604328393936 0.504244565963745 0.411672413349152 0.417969346046448 0.419851183891296 0.41985484957695 0.422773584723473 0.417962327599525 0.405432611703873 0.399186640977859 0.392512947320938 0.379615813493729 0.360787868499756
-9999 -9999 -9999 -9999 -9999 -9999 -9999 -9999 -9999 -9999 -9999 -9999 -9999 -9999 -9999 -9999 -9999 -9999 -9999 -9999 -9999 -9999 -9999 -9999 -9999 -9999 -9999 1.1132085621357 1.2522184252739 1.45719462633133 1.1490740776062 0.776647567749023 0.701921448111534 0.614710316061974 0.616842001676559 0.60609532892704 0.644745960831642 0.632940664887428 0.512196689844131 0.422835409641266 0.402447313070297 0.429269090294838 0.408704951405525 0.452579766511917 0.429357200860977 0.394731760025024 0.382977604866028 0.390269100666046 0.381807491183281 0.393308624625206 0.409682705998421 0.419717341661453 0.411991596221924 0.41404227912426 0.419772550463676 0.421984031796455 0.413975983858109 0.406529188156128 0.398769959807396 0.389325141906738 0.37474749237299
-9999 -9999 -9999 -9999 -9999 -9999 -9999 -9999 -9999 -9999 -9999 -9999 -9999 -9999 -9999 -9999 -9999 -9999 -9999 -9999 -9999 -9999 -9999 -9999 -9999 -9999 -9999 -9999 3.98908531665802 2.74509912729263 1.67916601896286 1.24257731437683 1.0958357155323 0.944053173065186 0.783134669065475 0.719859570264816 0.715291857719421 0.699582606554031 0.578040540218353 0.380465984344482 0.353898368775845 0.549008622765541 0.542512893676758 0.487387731671333 0.440089613199234 0.424379646778107 0.42786593735218 0.410689294338226 0.403557702898979 0.411207586526871 0.43145526945591 0.423913970589638 0.410293534398079 0.40660634636879 0.411341115832329 0.412096872925758 0.413163006305695 0.408202439546585 0.40436115860939 0.398496866226196 0.39477413892746
