EcologicalScience/Bass/data/rs_data_bass/chl_310.asc
NCOLS 226 
NROWS 124 
XLLCORNER -9.41648524995501 
YLLCORNER 47.587301625531 
CELLSIZE 0.0833 
NODATA_value -9999 
[rows 0 to 26 of 124, columns 62 to 123 of 226]
-9999 -9999 -9999 -9999 -9999 -9999 -9999 -9999 -9999 -9999 -9999 -9999 -9999 -9999 -9999 -9999 -9999 -9999 -9999 -9999 -9999 -9999 -9999 -9999 -9999 -9999 -9999 -9999 -9999 -9999 -9999 -9999 -9999 -9999 -9999 -9999 -9999 -9999 -9999 -9999 -9999 -9999 -9999 -9999 -9999 -9999 -9999 -9999 -9999 -9999 -9999 -9999 -9999 -9999 -9999 -9999 -9999 -9999 -9999 -9999 -9999 -9999
-9999 -9999 -9999 -9999 -9999 -9999 -9999 -9999 -9999 -9999 -9999 -9999 -9999 -9999 -9999 -9999 -9999 -9999 -9999 -9999 -9999 -9999 -9999 -9999 -9999 -9999 -9999 -9999 -9999 -9999 -9999 -9999 -9999 -9999 -9999 -9999 -9999 -9999 -9999 -9999 -9999 -9999 -9999 -9999 -9999 -9999 -9999 -9999 -9999 -9999 -9999 -9999 -9999 -9999 -9999 -9999 -9999 -9999 -9999 -9999 -9999 -9999
-9999 -9999 -9999 -9999 -9999 -9999 -9999 -9999 -9999 -9999 -9999 -9999 -9999 -9999 -9999 -9999 -9999 -9999 -9999 -9999 -9999 -9999 -9999 -9999 -9999 -9999 -9999 -9999 -9999 -9999 -9999 -9999 -9999 -9999 -9999 -9999 -9999 -9999 -9999 -9999 -9999 -9999 -9999 -9999 -9999 -9999 -9999 -9999 -9999 -9999 -9999 -9999 -9999 -9999 -9999 -9999 -9999 -9999 -9999 -9999 -9999 -9999
-9999 -9999 -9999 -9999 -9999 -9999 -9999 -9999 -9999 -9999 -9999 -9999 -9999 -9999 -9999 -9999 -9999 -9999 -9999 -9999 -9999 -9999 -9999 -9999 -9999 -9999 -9999 -9999 -9999 -9999 -9999 -9999 -9999 -9999 -9999 -9999 -9999 -9999 -9999 -9999 -9999 -9999 -9999 -9999 -9999 -9999 -9999 -9999 -9999 -9999 -9999 -9999 -9999 -9999 -9999 -9999 -9999 -9999 -9999 -9999 -9999 -9999
-9999 -9999 -9999 -9999 -9999 -9999 -9999 -9999 -9999 -9999 -9999 -9999 -9999 -9999 -9999 -9999 -9999 -9999 -9999 -9999 -9999 -9999 -9999 -9999 -9999 -9999 -9999 -9999 -9999 -9999 -9999 -9999 -9999 -9999 -9999 -9999 -9999 -9999 -9999 -9999 -9999 -9999 -9999 -9999 -9999 -9999 -9999 -9999 -9999 -9999 -9999 -9999 -9999 -9999 -9999 -9999 -9999 -9999 -9999 -9999 -9999 -9999
-9999 -9999 -9999 -9999 -9999 -9999 -9999 -9999 -9999 -9999 -9999 -9999 -9999 -9999 -9999 -9999 -9999 -9999 -9999 -9999 -9999 -9999 -9999 -9999 -9999 -9999 -9999 -9999 0.63735419511795 1.15946087328187 1.07781115919352 0.919765248894691 0.868945762515068 0.855276226997375 0.703657865524292 0.644901752471924 0.604965381324291 0.598198503255844 0.538948886096478 0.699889987707138 0.753374218940735 0.719111233949661 0.713624998927116 0.742318511009216 0.776717215776443 0.782789289951324 0.743003994226456 0.753588706254959 0.752254486083984 0.781661242246628 0.761988759040833 0.774402737617493 0.810122966766357 0.771341979503632 0.711174756288528 0.753366708755493 0.668960988521576 0.700712978839874 0.568294890224934 0.56920687481761 0.779363214969635 0.860497534275055
-9999 -9999 -9999 -9999 -9999 -9999 -9999 -9999 -9999 -9999 -9999 -9999 -9999 -9999 -9999 -9999 -9999 -9999 -9999 -9999 -9999 -9999 -9999 -9999 -9999 -9999 1.18186515569687 1.0627324283123 1.70667859911919 1.35308777689934 1.18513125181198 1.28678220510483 1.10712227225304 1.01693098247051 0.910149358212948 0.714578971266747 0.888204738497734 0.613183259963989 0.604837507009506 0.668569520115852 0.739352256059647 0.764849245548248 0.777341276407242 0.780862480401993 0.799939513206482 0.774937480688095 0.757372498512268 0.766793221235275 0.741293236613274 0.763235986232758 0.770301014184952 0.802054524421692 0.76930046081543 0.771653294563293 0.781068027019501 0.750455975532532 0.719972267746925 0.581607755273581 0.810165777802467 0.776681497693062 0.674027994275093 0.645589515566826
-9999 -9999 -9999 -9999 -9999 -9999 -9999 -9999 -9999 -9999 -9999 -9999 -9999 -9999 -9999 -9999 -9999 -9999 -9999 -9999 -9999 -9999 -9999 -9999 -9999 -9999 1.18186515569687 1.45380033552647 1.3549091219902 1.49747666716576 1.32454235851765 1.2625293508172 1.11337950825691 0.779577367007732 0.605154007673264 0.563763365149498 0.543074250221252 0.639109499752522 0.617576636373997 0.689403757452965 0.73913848400116 0.786196500062943 0.790245741605759 0.775923013687134 0.77173724770546 0.777378022670746 0.788246244192123 0.787418246269226 0.781916230916977 0.774215966463089 0.777322500944138 0.806750982999802 0.822995245456696 0.83101424574852 0.778916269540787 0.775535255670547 0.69487501680851 0.574404001235962 0.744641497731209 0.717914253473282 0.706113524734974 0.664991989731789
-9999 -9999 -9999 -9999 -9999 -9999 -9999 -9999 -9999 -9999 -9999 -9999 -9999 -9999 -9999 -9999 -9999 -9999 -9999 -9999 -9999 -9999 -9999 -9999 -9999 -9999 1.68111751760755 1.2738262116909 0.933514505624771 0.88187250494957 0.935493752360344 0.827946022152901 0.73878675699234 0.618386618793011 0.694743990898132 0.735146015882492 0.760680496692657 0.745931506156921 0.706536009907722 0.732459738850594 0.779509484767914 0.753450751304626 0.795830279588699 0.79367396235466 0.796655237674713 0.795002281665802 0.818496018648148 0.824541002511978 0.826882481575012 0.852575272321701 0.844928294420242 0.844531506299973 0.816399782896042 0.792351007461548 0.747757494449615 0.707379743456841 0.64267498254776 0.819913879036903 0.852163910865784 0.793360881507397 0.716866135597229 0.691638015210629
-9999 -9999 -9999 -9999 -9999 -9999 -9999 -9999 -9999 -9999 -9999 -9999 -9999 -9999 -9999 -9999 -9999 -9999 -9999 -9999 -9999 -9999 -9999 -9999 -9999 1.19121462106705 1.84811925888062 1.08957374095917 0.879287213087082 1.05825074762106 0.934641391038895 0.782097727060318 0.674299120903015 0.580825880169868 0.596215859055519 0.596698120236397 0.592252492904663 0.544968366622925 0.545125499367714 0.621796488761902 0.753895461559296 0.768399775028229 0.78269550204277 0.802827715873718 0.834947973489761 0.823863744735718 0.782981961965561 0.817398726940155 0.875494480133057 0.869133710861206 0.824587494134903 0.823563784360886 0.824585974216461 0.775548756122589 0.727703243494034 0.728886008262634 0.751340210437775 0.88859586417675 0.892234146595001 0.829164773225784 0.798960350453854 0.729911237955093
-9999 -9999 -9999 -9999 -9999 -9999 -9999 -9999 -9999 -9999 -9999 -9999 -9999 -9999 -9999 -9999 -9999 -9999 -9999 -9999 -9999 -9999 -9999 -9999 -9999 1.6445444226265 1.26459673047066 1.05403053760529 0.932315289974213 0.840350612998009 0.979869738221169 0.958066999912262 0.85613751411438 0.726634502410889 0.621892489492893 0.595046617090702 0.558968625962734 0.570153370499611 0.779705286026001 0.771791964769363 0.786334544420242 0.805057525634766 0.804640531539917 0.825827211141586 0.833285987377167 0.824044525623322 0.839599460363388 0.86619445681572 0.819540023803711 0.808465540409088 0.784712255001068 0.805516541004181 0.838025987148285 0.834773987531662 0.794326543807983 0.721120521426201 0.767548531293869 0.875106744468212 0.901904985308647 0.850663125514984 0.800722114741802 0.250830754637718
-9999 -9999 -9999 -9999 -9999 -9999 -9999 -9999 -9999 -9999 -9999 -9999 -9999 -9999 -9999 -9999 -9999 -9999 -9999 -9999 -9999 -9999 -9999 -9999 1.31647038459778 1.65451043844223 1.20036453008652 1.08787652850151 1.07382228970528 0.75559575855732 0.724798880517483 1.24666199088097 1.18906924128532 0.839612007141113 0.712704017758369 0.745681509375572 0.907887786626816 0.568481743335724 0.818554490804672 0.831453770399094 0.84220352768898 0.876308977603912 0.867714017629623 0.854192286729813 0.880594521760941 0.84585303068161 0.698977120220661 0.741865150630474 0.821414977312088 0.792511492967606 0.790996491909027 0.782939225435257 0.810765713453293 0.819432020187378 0.783671289682388 0.648495018482208 0.554836481809616 0.712424241006374 0.740022383630276 0.717927373945713 0.677399776875973 0.651125237345695
-9999 -9999 -9999 -9999 -9999 -9999 -9999 -9999 -9999 -9999 -9999 -9999 -9999 -9999 -9999 -9999 -9999 -9999 -9999 -9999 -9999 -9999 -9999 1.50594073534012 1.67239505052567 1.41430351138115 1.21036049723625 1.40502342581749 1.3987922668457 0.848439373075962 1.32401451468468 1.33614102005959 0.97723177075386 0.748672507703304 0.88980370759964 0.868825525045395 0.541259631514549 0.944835752248764 0.916753470897675 0.872671544551849 0.8671695291996 0.864172518253326 0.859769225120544 0.867159783840179 0.875003278255463 0.905805766582489 0.78242889046669 0.815249294042587 0.777434259653091 0.761234968900681 0.800451010465622 0.830363988876343 0.804477721452713 0.720855742692947 0.61260299384594 0.651685483753681 0.731560863554478 0.703577645123005 0.716738618910313 0.711703240871429 0.762500993907452 0.716203093528748
-9999 -9999 -9999 -9999 -9999 -9999 -9999 -9999 -9999 -9999 -9999 -9999 -9999 -9999 -9999 -9999 -9999 -9999 -9999 -9999 -9999 -9999 2.36082217097282 1.9778625369072 1.65158557891846 1.30603498220444 1.3130287528038 1.994757771492 0.967789515852928 0.851752124726772 1.39376527070999 1.03371450304985 0.80279329419136 0.948324769735336 1.02779477834702 1.12626376748085 1.09510946273804 1.03925022482872 0.924387037754059 0.902847737073898 0.898500770330429 0.906762778759003 0.887600988149643 0.871879488229752 0.737979009747505 0.736397981643677 0.816371977329254 0.779514044523239 0.756849735975266 0.736869022250175 0.750370502471924 0.697070270776749 0.65769450366497 0.693670481443405 0.737648226320744 0.697490997612476 0.755668871104717 0.733663111925125 0.712185367941856 0.692129641771317 0.70599827170372 0.693672761321068
-9999 -9999 -9999 -9999 -9999 -9999 -9999 -9999 -9999 -9999 -9999 -9999 -9999 -9999 -9999 -9999 -9999 -9999 -9999 -9999 2.64602583646774 2.18400854637279 1.84951275587082 2.05601781606674 1.62562429904938 1.22577372193336 1.20868501067162 1.03091552853584 1.10130673646927 1.17609244585037 1.0908517241478 0.958059042692184 0.949272036552429 0.908094763755798 0.912031531333923 1.09651798009872 1.15805697441101 1.00252050161362 0.93510228395462 0.915282726287842 0.904898285865784 0.914700776338577 0.896965473890305 0.869747221469879 0.683151371777058 0.698123618960381 0.733550995588303 0.733555510640144 0.727312490344048 0.736632764339447 0.691548764705658 0.680637761950493 0.856291495263577 1.16376225650311 0.872675254940987 0.814425364136696 0.758787006139755 0.739264145493507 0.676833361387253 0.668548118323088 0.695854514837265 0.639589861035347
-9999 -9999 -9999 -9999 -9999 -9999 -9999 -9999 -9999 -9999 -9999 -9999 -9999 -9999 -9999 -9999 -9999 -9999 -9999 -9999 2.26058453598995 1.4779462069273 1.70153027772903 1.52065354585648 1.3853512108326 1.35310578346252 1.39077937602997 1.36254787445068 0.925744146108627 0.864669352769852 1.02482628822327 1.11580574512482 1.06204345822334 0.929742783308029 0.979513496160507 1.03376099467278 1.22520223259926 1.15527749061584 1.07025003433228 0.980679005384445 0.95969545841217 0.923806518316269 0.94067171216011 0.71823562681675 0.69973274320364 0.666453368961811 0.826785743236542 0.778410762548447 0.741164982318878 0.699774742126465 0.663177743554115 0.685222864151001 0.702028848230839 0.929599486291409 1.34843887388706 1.62355723232031 0.854445733129978 0.811267130076885 0.729620240628719 0.635739751160145 0.680610254406929 0.676318265497684
-9999 -9999 -9999 -9999 -9999 -9999 -9999 -9999 -9999 -9999 -9999 -9999 -9999 -9999 -9999 -9999 -9999 -9999 -9999 2.32253175973892 1.81066685914993 1.6030079126358 1.45289996266365 1.406898021698 1.3926637172699 1.33064925670624 1.31416797637939 0.848349988460541 0.706296756863594 1.04791948199272 1.09484696388245 0.781285256147385 0.967406272888184 0.972984731197357 1.03826853632927 1.13684552907944 1.14042752981186 1.11775803565979 1.1150167286396 1.11062702536583 1.01333177089691 0.978124469518661 0.990568488836288 0.731981992721558 0.802487634122372 0.801674991846085 0.764391034841537 0.842529773712158 0.777765780687332 0.696834728121758 0.693911634385586 0.658976264297962 0.666116639971733 0.707116484642029 0.759841896593571 0.899844735860825 1.08990034461021 0.807264000177383 0.738656625151634 0.656287506222725 0.613370250910521 0.678635738790035
-9999 -9999 -9999 -9999 -9999 -9999 -9999 -9999 -9999 -9999 -9999 -9999 -9999 -9999 -9999 -9999 -9999 -9999 4.24498352408409 2.48921397328377 1.81989039480686 1.66679316759109 1.54300278425217 1.38542774319649 1.25187335908413 1.05792599916458 0.86565750837326 1.25628599524498 1.17705899477005 1.20411676168442 0.788873255252838 0.841598004102707 1.01773953437805 1.03770446777344 1.11243152618408 1.09615498781204 1.08211728930473 1.11324602365494 1.03900122642517 0.942867010831833 0.982140004634857 0.946320712566376 0.906541496515274 0.885985493659973 0.833413481712341 0.80140346288681 0.81889271736145 0.76271778345108 0.646082259714603 0.596295744180679 0.579557619988918 0.620149478316307 0.607751615345478 0.601391986012459 0.698112778365612 0.698866881430149 1.31161610037088 2.10354030132294 0.64495425671339 0.606140993535519 0.648230619728565 0.729984261095524
-9999 -9999 -9999 -9999 -9999 -9999 -9999 -9999 -9999 -9999 -9999 -9999 -9999 -9999 -9999 -9999 -9999 28.2236154093219 4.05032014846802 2.25126153230667 1.74594533443451 1.39090459048748 1.80604058504105 1.51186805963516 0.89071798324585 0.850687488913536 0.754213146865368 1.21207800507545 0.624213382601738 0.571480862796307 0.928908705711365 1.07800501585007 1.08842772245407 1.00092297792435 0.90169420838356 0.910673260688782 0.992239505052567 0.989881485700607 0.918942779302597 0.885473996400833 0.74634450674057 0.886534541845322 0.878772765398026 0.832874983549118 0.799695789813995 0.814167737960815 0.617888242006302 0.540441021323204 0.594899989664555 0.612173974514008 0.586002767086029 0.587065503001213 0.587405987083912 0.537130504846573 0.586506374180317 0.679921522736549 0.721331655979156 0.58738949149847 0.510859496891499 0.501814261078835 0.486686266958714 0.526391007006168
-9999 -9999 -9999 -9999 -9999 -9999 -9999 -9999 -9999 -9999 -9999 -9999 -9999 -9999 -9999 -9999 -9999 -9999 -9999 1.82683762907982 1.47574688494205 1.29285722970963 1.17414562404156 1.08771523833275 0.963527262210846 0.991874232888222 1.04623912274837 1.04196301102638 0.85521411895752 0.87441748380661 0.924627721309662 0.926851540803909 0.85026079416275 0.835030496120453 0.770902499556541 0.874999523162842 0.906248956918716 0.915064483880997 0.886391222476959 0.792185962200165 0.734118729829788 0.721958264708519 0.749489977955818 0.663060754537582 0.742424234747887 0.697201520204544 0.546184480190277 0.340114496648312 0.507840760052204 0.573784120380878 0.614951625466347 0.571137383580208 0.541901260614395 0.557443119585514 0.519789017736912 0.563302874565125 0.708035990595818 0.688328593969345 0.953829020261765 0.407208010554314 0.400774866342545 0.371422134339809
-9999 -9999 -9999 -9999 -9999 -9999 -9999 -9999 -9999 -9999 -9999 -9999 -9999 -9999 -9999 4.35520471194211 2.9989761764353 16.3758058292525 2.12094305455685 1.51717970520258 1.10066172480583 1.11098048090935 0.992002725601196 0.980527505278587 0.762122645974159 0.948345735669136 0.974557846784592 1.05418427288532 1.03885799646378 0.933081775903702 0.939660787582397 0.927612036466599 1.00243878364563 1.01192396879196 0.785204261541367 0.80542579293251 0.946549504995346 0.896456971764565 0.821426242589951 0.751484960317612 0.743635520339012 0.71569798886776 0.606476247310638 0.628697231411934 0.574192509055138 0.54364125430584 0.468976512551308 0.280647754669189 0.424473367631435 0.224175743758678 0.203487753868103 0.209084250032902 0.52521637827158 0.487294122576714 0.50518387556076 0.733616262674332 0.73156613856554 0.623917490243912 0.409452382475138 0.475927870720625 0.414150003343821 0.426493126899004
-9999 -9999 -9999 -9999 -9999 -9999 -9999 -9999 -9999 -9999 35.2986888885498 35.2986888885498 13.7248649597168 2.41854744607752 1.75708997249603 1.93590143322945 2.23634067177773 2.1073223054409 1.83745729923248 2.43015310764313 1.69633953273296 1.38635627925396 1.15117688477039 1.0508418828249 0.966772466897964 1.01108551025391 1.20940200984478 1.24252125620842 1.27084270119667 1.25858250260353 1.13885700702667 0.887485474348068 1.12609876692295 1.10060213506222 1.09354238212109 0.830529749393463 1.10587388277054 0.842300266027451 0.8943712413311 0.892219483852386 0.878316789865494 0.748709991574287 0.658671766519547 0.578839480876923 0.469424977898598 0.384805485606194 0.303269997239113 0.254793003201485 0.233497492969036 0.231657743453979 0.255519010126591 0.503430381417274 0.508807495236397 0.509549617767334 0.494087241590023 0.507248640060425 0.585318759083748 0.5833889991045 0.465056240558624 0.450759246945381 0.563249513506889 0.556777864694595
-9999 -9999 -9999 -9999 -9999 -9999 -9999 -9999 -9999 -9999 35.2986888885498 7.12285465207593 5.85108894109726 2.11406773328781 2.15816974639893 2.28720000386238 2.87443113327026 7.20049095153809 4.56614822001741 4.64143308571407 2.70367541313171 2.76250657439232 1.38104854524136 1.43104836344719 1.26799388229847 1.2980081140995 1.27861873805523 1.273657143116 1.19597285985947 1.13065798580647 0.865713000297546 0.955118983983994 1.20705337822437 1.08137436211109 0.694740012288094 1.06121510267258 0.273707248270512 0.314508005976677 0.793943256139755 0.905129224061966 0.918659269809723 0.890000224113464 0.767294973134995 0.683217018842697 0.446303978562355 0.369461998343468 0.346789509057999 0.332289755344391 0.516471013426781 0.485628001391888 0.307974010705948 0.471168749034405 0.451668005436659 0.441639382392168 0.446803495287895 0.544515363872051 0.570347987115383 0.202811993658543 0.498684011399746 0.433267503976822 0.517981998622417 0.605409353971481
-9999 -9999 -9999 -9999 -9999 -9999 -9999 -9999 -9999 -9999 -9999 -9999 5.11538281709283 3.46985331448642 4.57076644897461 12.5632949290068 -9999 -9999 -9999 -9999 -9999 -9999 3.4524016550609 1.93282929807901 1.57439178228378 1.57069766521454 1.94955785572529 1.79196640849113 1.61636969447136 1.09960797429085 0.873498737812042 0.717715501785278 0.952629759907722 0.843584641814232 0.907251745462418 1.04708661139011 0.370397999882698 0.370265990495682 0.673560753464699 0.736855521798134 0.742851734161377 0.683750241994858 0.626397013664246 0.573722988367081 0.524388760328293 0.397684514522552 0.400985240936279 0.371322758495808 0.354251258075237 0.358296006917953 0.530633635818958 0.508386008441448 0.456079110503197 0.397652249783278 0.404106751084328 0.45194549113512 0.508033879101276 0.523401752114296 0.527833506464958 0.529130488634109 0.484455764293671 0.632410123944283
-9999 -9999 -9999 -9999 -9999 -9999 -9999 -9999 -9999 -9999 -9999 -9999 -9999 16.6274771690369 16.6274771690369 16.6274771690369 -9999 -9999 -9999 -9999 -9999 -9999 4.94490551948547 4.94490551948547 4.94490551948547 0.308659605681896 1.56435792893171 2.0816752910614 2.16838355362415 1.00638377666473 1.05176997184753 0.961360484361649 0.923625759780407 0.841313637793064 0.709577634930611 0.524680495262146 0.674190737307072 0.663772478699684 0.595667257905006 0.725306242704391 0.681548237800598 0.583507508039474 0.412094235420227 0.394733235239983 0.527873240411282 0.435530260205269 0.472668752074242 0.389249995350838 0.383868768811226 0.37278974801302 0.592230744659901 0.58017336577177 0.521592758595943 0.531920626759529 0.678053252398968 0.486744254827499 0.601790755987167 0.736684501171112 0.654846236109734 0.553967636078596 0.61531201377511 0.750070508569479
-9999 -9999 -9999 -9999 -9999 -9999 -9999 -9999 -9999 -9999 -9999 -9999 -9999 -9999 -9999 -9999 -9999 -9999 -9999 -9999 -9999 -9999 -9999 -9999 -9999 -9999 2.66426338255405 2.81543737649918 0.976340979337692 1.65526194870472 1.30852574855089 0.974898777902126 0.904235981404781 0.729833610355854 0.61887788772583 0.623811006546021 0.658769980072975 0.642880484461784 0.75493723154068 0.549369737505913 0.458082765340805 0.35504324734211 0.306007504463196 0.269335493445396 0.573522001504898 0.589922234416008 0.584549993276596 0.389797478914261 0.393643498420715 0.377553015947342 0.376513481140137 0.507147006690502 0.499406240880489 0.500218749046326 0.464297756552696 0.441897366195917 0.50679787248373 0.64539297670126 0.466056749224663 0.371305860579014 0.33713136613369 0.465058866888285
-9999 -9999 -9999 -9999 -9999 -9999 -9999 -9999 -9999 -9999 -9999 -9999 -9999 -9999 -9999 -9999 -9999 -9999 -9999 -9999 -9999 -9999 -9999 -9999 -9999 -9999 -9999 2.96614405843947 2.47642184793949 1.74983060359955 1.42888726294041 1.1915989369154 1.33868886530399 0.827846243977547 0.670375473797321 0.590743482112885 0.674159243702888 0.598412990570068 0.67076101899147 0.378003001213074 0.321897760033607 0.277574993669987 0.250056758522987 0.386200502514839 0.420456737279892 0.474879741668701 0.573841497302055 0.453681752085686 0.413876250386238 0.48471075296402 0.465180739760399 0.424517244100571 0.439601272344589 0.45540938526392 0.458629488945007 0.467084258794785 0.397030882537365 0.431972622871399 0.431382738053799 0.43818636238575 1.04298177361488 0.66482662037015
