EcologicalScience/Bass/data/rs_data_bass/chl_513.asc
NCOLS 226 
NROWS 124 
XLLCORNER -9.41648524995501 
YLLCORNER 47.587301625531 
CELLSIZE 0.0833 
NODATA_value -9999 
[rows 0 to 26 of 124, columns 62 to 123 of 226]
-9999 -9999 -9999 -9999 -9999 -9999 -9999 -9999 -9999 -9999 -9999 -9999 -9999 -9999 -9999 -9999 -9999 -9999 -9999 -9999 -9999 -9999 -9999 -9999 -9999 -9999 -9999 -9999 -9999 -9999 -9999 -9999 -9999 -9999 -9999 -9999 -9999 -9999 -9999 -9999 -9999 -9999 -9999 -9999 -9999 -9999 -9999 -9999 -9999 -9999 -9999 -9999 -9999 -9999 -9999 -9999 -9999 -9999 -9999 -9999 -9999 -9999
-9999 -9999 -9999 -9999 -9999 -9999 -9999 -9999 -9999 -9999 -9999 -9999 -9999 -9999 -9999 -9999 -9999 -9999 -9999 -9999 -9999 -9999 -9999 -9999 -9999 -9999 -9999 -9999 -9999 -9999 -9999 -9999 -9999 -9999 -9999 -9999 -9999 -9999 -9999 -9999 -9999 -9999 -9999 -9999 -9999 -9999 -9999 -9999 -9999 -9999 -9999 -9999 -9999 -9999 -9999 -9999 -9999 -9999 -9999 -9999 -9999 -9999
-9999 -9999 -9999 -9999 -9999 -9999 -9999 -9999 -9999 -9999 -9999 -9999 -9999 -9999 -9999 -9999 -9999 -9999 -9999 -9999 -9999 -9999 -9999 -9999 -9999 -9999 -9999 -9999 -9999 -9999 -9999 -9999 -9999 -9999 -9999 -9999 -9999 -9999 -9999 -9999 -9999 -9999 -9999 -9999 -9999 -9999 -9999 -9999 -9999 -9999 -9999 -9999 -9999 -9999 -9999 -9999 -9999 -9999 -9999 -9999 -9999 -9999
-9999 -9999 -9999 -9999 -9999 -9999 -9999 -9999 -9999 -9999 -9999 -9999 -9999 -9999 -9999 -9999 -9999 -9999 -9999 -9999 -9999 -9999 -9999 -9999 -9999 -9999 -9999 -9999 -9999 -9999 -9999 -9999 -9999 -9999 -9999 -9999 -9999 -9999 -9999 -9999 -9999 -9999 -9999 -9999 -9999 -9999 -9999 -9999 -9999 -9999 -9999 -9999 -9999 -9999 -9999 -9999 -9999 -9999 -9999 -9999 -9999 -9999
-9999 -9999 -9999 -9999 -9999 -9999 -9999 -9999 -9999 -9999 -9999 -9999 -9999 -9999 -9999 -9999 -9999 -9999 -9999 -9999 -9999 -9999 -9999 -9999 -9999 -9999 -9999 -9999 -9999 -9999 -9999 -9999 -9999 -9999 -9999 -9999 -9999 -9999 -9999 -9999 -9999 -9999 -9999 -9999 -9999 -9999 -9999 -9999 -9999 -9999 -9999 -9999 -9999 -9999 -9999 -9999 -9999 -9999 -9999 -9999 -9999 -9999
-9999 -9999 -9999 -9999 -9999 -9999 -9999 -9999 -9999 -9999 -9999 -9999 -9999 -9999 -9999 -9999 -9999 -9999 -9999 -9999 -9999 -9999 -9999 -9999 -9999 -9999 -9999 -9999 0.63735419511795 1.42316899580114 1.15640495980487 0.997145730782958 0.883983684813275 1.47007468342781 1.43155646324158 0.956742882728577 0.73217935860157 0.720048621296883 0.721486441791058 0.726544752717018 0.711725950241089 0.695752143859863 0.695395186543465 0.691334366798401 0.661237612366676 0.634480431675911 0.623471885919571 0.559018179774284 0.526105061173439 0.545758679509163 0.586052656173706 0.605681598186493 0.597267374396324 0.598774150013924 0.587448790669441 0.570607647299767 0.583357259631157 0.577771559357643 0.567716673016548 0.568411991000175 0.575856819748878 0.56072111427784
-9999 -9999 -9999 -9999 -9999 -9999 -9999 -9999 -9999 -9999 -9999 -9999 -9999 -9999 -9999 -9999 -9999 -9999 -9999 -9999 -9999 -9999 -9999 -9999 -9999 -9999 1.18186515569687 1.0627324283123 1.99763908294531 1.72269092938479 1.77351522445679 1.47792613506317 0.904314815998077 0.873160868883133 1.77335447072983 1.25371232628822 0.870100378990173 0.688801467418671 0.789826691150665 0.783984929323196 0.779478013515472 0.779134511947632 0.783544600009918 0.780914783477783 0.757963925600052 0.74903878569603 0.686929553747177 0.573621913790703 0.570500805974007 0.598192781209946 0.592034205794334 0.589049085974693 0.607318729162216 0.636619001626968 0.62417297065258 0.616781115531921 0.610767424106598 0.581011533737183 0.561221793293953 0.558192059397697 0.561958506703377 0.549221411347389
-9999 -9999 -9999 -9999 -9999 -9999 -9999 -9999 -9999 -9999 -9999 -9999 -9999 -9999 -9999 -9999 -9999 -9999 -9999 -9999 -9999 -9999 -9999 -9999 -9999 -9999 1.18186515569687 2.59635951939751 2.21218047422521 1.61351788043976 1.47903943061829 1.24972021579742 1.14377143979073 0.990069910883904 0.961139291524887 0.909523040056229 0.795288294553757 0.787210285663605 0.867509812116623 0.832806587219238 0.836567848920822 0.816550523042679 0.799213171005249 0.761721611022949 0.761585623025894 0.751687735319138 0.675653010606766 0.610446631908417 0.625121220946312 0.639673188328743 0.642199605703354 0.642957106232643 0.640168637037277 0.65386001765728 0.647187352180481 0.628395304083824 0.607804030179977 0.590813353657722 0.580139100551605 0.582506686449051 0.594374656677246 0.582554519176483
-9999 -9999 -9999 -9999 -9999 -9999 -9999 -9999 -9999 -9999 -9999 -9999 -9999 -9999 -9999 -9999 -9999 -9999 -9999 -9999 -9999 -9999 -9999 -9999 -9999 -9999 1.70159391923384 1.7872406244278 1.6463163793087 1.37018063664436 1.24649074673653 1.18593800067902 1.1267703473568 1.07614678144455 0.990824662148952 0.851788491010666 0.960619121789932 1.02540001273155 0.950082153081894 0.882715791463852 0.875304311513901 0.87773323059082 0.858414888381958 0.836667269468307 0.791546791791916 0.726467370986938 0.695608422160149 0.669422373175621 0.661871731281281 0.654240489006042 0.653808385133743 0.645620048046112 0.636558964848518 0.643673300743103 0.645352989435196 0.626682713627815 0.60773728787899 0.59487184882164 0.586645245552063 0.585854709148407 0.58729375898838 0.588020101189613
-9999 -9999 -9999 -9999 -9999 -9999 -9999 -9999 -9999 -9999 -9999 -9999 -9999 -9999 -9999 -9999 -9999 -9999 -9999 -9999 -9999 -9999 -9999 -9999 -9999 1.19121462106705 1.75298372852175 1.44635608792305 1.09676188230515 1.21588245034218 1.54022079706192 2.31558108329773 1.14755174517632 0.916442960500717 1.06104424595833 1.03967124223709 1.12415724992752 1.04169058799744 0.977714002132416 0.934096723794937 0.920522958040237 0.930038452148438 0.907144010066986 0.839748054742813 0.772169709205627 0.743778437376022 0.72089409828186 0.694404557347298 0.675444692373276 0.660199329257011 0.627737358212471 0.623172506690025 0.624397784471512 0.620743632316589 0.62156081199646 0.623445332050323 0.615144029259682 0.599421054124832 0.591362804174423 0.585367128252983 0.586972162127495 0.592894122004509
-9999 -9999 -9999 -9999 -9999 -9999 -9999 -9999 -9999 -9999 -9999 -9999 -9999 -9999 -9999 -9999 -9999 -9999 -9999 -9999 -9999 -9999 -9999 -9999 -9999 1.16050935387611 1.54802742951057 1.3952103432487 1.16515123844147 1.13254755735397 0.960894058732426 1.22405737638474 0.79570260643959 0.795702695846558 1.12415385246277 1.17494049668312 1.17871704697609 1.08540576696396 0.967850983142853 0.915501058101654 0.905455648899078 0.894510805606842 0.849634855985641 0.808895498514175 0.768107324838638 0.728033646941185 0.715370714664459 0.694398924708366 0.664073646068573 0.643941879272461 0.625640898942947 0.613813206553459 0.612157881259918 0.603962570428848 0.587121605873108 0.588087290525436 0.596623957157135 0.589030221104622 0.586962550878525 0.586104109883308 0.59283846616745 0.601448133587837
-9999 -9999 -9999 -9999 -9999 -9999 -9999 -9999 -9999 -9999 -9999 -9999 -9999 -9999 -9999 -9999 -9999 -9999 -9999 -9999 -9999 -9999 -9999 -9999 1.31647038459778 1.50958362221718 1.3997062041479 1.29767920164501 1.46885731816292 1.36858901381493 1.35722114145756 1.27909952402115 1.23812015354633 1.12446163594723 1.03625321388245 0.947410494089127 0.912584513425827 0.851995596990866 0.912268280982971 0.855264902114868 0.816853523254395 0.79629921913147 0.766373097896576 0.751101672649384 0.72790789604187 0.70686873793602 0.688804060220718 0.662844121456146 0.636302188038826 0.634929031133652 0.630281299352646 0.608437925577164 0.594169154763222 0.580405801534653 0.575225874781609 0.599375188350677 0.623380109667778 0.62339736521244 0.603621438145638 0.59307074546814 0.600864797830582 0.610603094100952
-9999 -9999 -9999 -9999 -9999 -9999 -9999 -9999 -9999 -9999 -9999 -9999 -9999 -9999 -9999 -9999 -9999 -9999 -9999 -9999 -9999 -9999 -9999 1.50594073534012 1.78868368268013 1.55140658161219 1.65701892971992 1.56307142972946 1.3780520260334 1.31646877527237 1.27949890494347 1.29706156253815 1.27327845990658 0.998276084661484 0.998276084661484 0.873149961233139 0.830407977104187 0.829373627901077 0.783929944038391 0.764882504940033 0.777837306261063 0.779602557420731 0.756061524152756 0.742053955793381 0.742324903607368 0.708935111761093 0.673975646495819 0.651236325502396 0.647441625595093 0.643440037965775 0.638371109962463 0.637945488095284 0.630848586559296 0.634300589561462 0.64170053601265 0.634702607989311 0.654396548867226 0.647336035966873 0.613467335700989 0.606522783637047 0.606846570968628 0.609372720122337
-9999 -9999 -9999 -9999 -9999 -9999 -9999 -9999 -9999 -9999 -9999 -9999 -9999 -9999 -9999 -9999 -9999 -9999 -9999 -9999 -9999 -9999 2.36843762708747 2.45279486869511 1.80858520666758 1.35537367562453 1.68798387050629 1.54657942056656 1.00602400302887 0.995553731918335 0.970768600702286 0.951065182685852 0.960619568824768 0.980294018983841 0.994371235370636 0.905201107263565 0.829566299915314 0.796707451343536 0.777531892061234 0.77615225315094 0.807151973247528 0.828205436468124 0.818760752677917 0.810404777526855 0.794659584760666 0.744641438126564 0.686695083975792 0.67486484348774 0.694931298494339 0.684908419847488 0.662100300192833 0.66694338619709 0.66988742351532 0.675416618585587 0.665800720453262 0.656953230500221 0.644415557384491 0.643410131335258 0.632512137293816 0.630610138177872 0.631811365485191 0.628637507557869
-9999 -9999 -9999 -9999 -9999 -9999 -9999 -9999 -9999 -9999 -9999 -9999 -9999 -9999 -9999 -9999 -9999 -9999 -9999 -9999 2.64602583646774 3.29204159975052 2.71772003173828 2.46274942159653 1.83485609292984 1.37924909591675 1.29390236735344 1.24123674631119 1.17958241701126 1.0932000875473 0.998801171779633 0.995364099740982 0.995775997638702 1.00373786687851 0.975236445665359 0.903019487857819 0.892909526824951 0.832173228263855 0.790362864732742 0.79084324836731 0.839578896760941 0.893691837787628 0.88020533323288 0.851972043514252 0.823009997606277 0.75589120388031 0.732008770108223 0.732039615511894 0.704933926463127 0.680779650807381 0.658985316753387 0.686443045735359 0.693322867155075 0.694656372070312 0.673678904771805 0.64197738468647 0.627296537160873 0.631096601486206 0.632191970944405 0.648311823606491 0.641768530011177 0.662520378828049
-9999 -9999 -9999 -9999 -9999 -9999 -9999 -9999 -9999 -9999 -9999 -9999 -9999 -9999 -9999 -9999 -9999 -9999 -9999 -9999 2.42258920082761 2.31730216741562 2.04263323545456 1.72714000940323 1.55948370695114 1.46528461575508 1.41693994402885 1.33351063728333 1.2447757422924 1.18479949235916 1.13681048154831 1.10773649811745 1.08423811197281 1.08550044894218 1.04027304053307 1.0053445994854 0.979585289955139 0.905961513519287 0.84620001912117 0.862548977136612 0.874178677797318 0.899708122014999 0.92218092083931 0.913891106843948 0.875882059335709 0.791268646717072 0.730740755796432 0.708390936255455 0.69352662563324 0.67748062312603 0.701888367533684 0.708221688866615 0.724001348018646 0.717001542448997 0.674875259399414 0.667863294482231 0.657071828842163 0.654369056224823 0.657355159521103 0.652675643563271 0.648874551057816 0.660298839211464
-9999 -9999 -9999 -9999 -9999 -9999 -9999 -9999 -9999 -9999 -9999 -9999 -9999 -9999 -9999 -9999 -9999 -9999 -9999 2.51230050623417 2.48339134454727 2.13702356815338 1.83292454481125 1.65948361158371 1.55421710014343 1.48382878303528 1.44181376695633 1.27709314227104 1.21560662984848 1.17964509129524 1.15135949850082 1.17867502570152 1.15621697902679 1.12318646907806 1.0690296292305 1.04385557770729 1.02366837859154 0.99990776181221 0.995622575283051 0.978634178638458 0.982540994882584 0.968308925628662 0.945185422897339 0.902755737304688 0.856141358613968 0.772216826677322 0.751462250947952 0.758833408355713 0.70391383767128 0.674669086933136 0.672507271170616 0.724118426442146 0.751977860927582 0.735285893082619 0.720842510461807 0.710312336683273 0.666723266243935 0.661939904093742 0.664265915751457 0.65469628572464 0.646612107753754 0.625628337264061
-9999 -9999 -9999 -9999 -9999 -9999 -9999 -9999 -9999 -9999 -9999 -9999 -9999 -9999 -9999 -9999 -9999 4.18418177962303 4.06874573230743 2.60327464342117 2.46095788478851 2.20655590295792 2.07476395368576 1.84488469362259 1.64932608604431 1.49148988723755 1.30031311511993 1.28243046998978 1.26239025592804 1.26346984505653 1.27254474163055 1.19729053974152 1.19076257944107 1.17931374907494 1.15153849124908 1.10670179128647 1.12505275011063 1.10257270932198 1.04203695058823 1.02032947540283 1.00331729650497 0.965228229761124 0.932041436433792 0.873686671257019 0.87279224395752 0.814148783683777 0.833678841590881 0.864503055810928 0.712639600038528 0.677950412034988 0.707075759768486 0.76769345998764 0.790361702442169 0.786005437374115 0.736402899026871 0.703338906168938 0.684192359447479 0.676264464855194 0.682925507426262 0.684635370969772 0.67342472076416 0.665423467755318
-9999 -9999 -9999 -9999 -9999 -9999 -9999 -9999 -9999 -9999 -9999 -9999 -9999 -9999 -9999 -9999 -9999 4.63738389313221 2.53284108638763 2.59240812063217 2.70292532444 2.36794173717499 2.03829950094223 1.77387356758118 1.66936451196671 1.58638536930084 1.49970164895058 1.41858431696892 1.3825124502182 1.37720453739166 1.34759205579758 1.34844616055489 1.26424777507782 1.2356024980545 1.24485236406326 1.15549769997597 1.12058562040329 1.10180604457855 1.0400085747242 1.0759457051754 0.999276548624039 0.999643296003342 0.968627572059631 0.906311273574829 0.897937417030334 0.889617025852203 0.849789172410965 0.74837838113308 0.753672033548355 0.763076215982437 0.736009150743484 0.776325255632401 0.795803010463715 0.794650822877884 0.770538657903671 0.755300939083099 0.736104637384415 0.716052487492561 0.705725356936455 0.694428563117981 0.698779284954071 0.70972341299057
-9999 -9999 -9999 -9999 -9999 -9999 -9999 -9999 -9999 -9999 -9999 -9999 -9999 -9999 -9999 -9999 -9999 -9999 -9999 2.25467723608017 2.31143349409103 2.23595863580704 2.26009654998779 1.90674698352814 1.80643576383591 1.74480146169662 1.65614873170853 1.5954617857933 1.51093661785126 1.42825439572334 1.39223912358284 1.38889038562775 1.36257120966911 1.25872099399567 1.20635730028152 1.18129178881645 1.16572558879852 1.155990421772 1.13993158936501 1.11666414141655 1.04172196984291 1.01636025309563 0.98944079875946 0.96331062912941 0.943125396966934 0.895381987094879 1.0591481924057 1.10384872555733 0.889936745166779 0.845996350049973 0.83960634469986 0.789699018001556 0.782570332288742 0.78474748134613 0.761163175106049 0.738878220319748 0.724160447716713 0.706788405776024 0.711783170700073 0.700600504875183 0.684244975447655 0.69668036699295
-9999 -9999 -9999 -9999 -9999 -9999 -9999 -9999 -9999 -9999 -9999 -9999 -9999 -9999 -9999 2.82990779547856 7.89344136416912 2.50103312730789 2.38709056377411 2.28091871738434 1.93949103355408 1.68344163894653 1.63693356513977 1.81563591957092 1.97832334041595 1.82512468099594 1.71821200847626 1.80124568939209 1.83812087774277 1.77635335922241 1.69924253225327 1.61003708839417 1.49516585469246 1.47629740834236 1.77608495950699 1.34067553281784 1.19809967279434 1.2801361978054 1.223757147789 1.13114950060844 1.1299102306366 1.11562755703926 1.06780859827995 1.02913516759872 0.984142810106277 0.943775117397308 1.00531589984894 1.20878773927689 1.09969568252563 0.87882873415947 0.854560285806656 0.82801142334938 0.804846346378326 0.801486611366272 0.808541715145111 0.766924560070038 0.749255776405334 0.755011886358261 0.73997300863266 0.712144866585732 0.698508247733116 0.704287469387054
-9999 -9999 -9999 -9999 -9999 -9999 -9999 -9999 -9999 -9999 35.2986888885498 35.2986888885498 13.7248649597168 2.09985957294703 2.95555222034454 2.75563913583755 2.42281186580658 2.19258177280426 2.42625206708908 2.46038138866425 2.1730300784111 1.90918242931366 1.9083251953125 1.86819899082184 1.80869275331497 1.74198228120804 1.65795207023621 2.30389827489853 2.92553597688675 2.67324990034103 2.05106055736542 1.63729441165924 1.62290650606155 1.81481802463531 1.54468184709549 1.35521668195724 1.44601526856422 1.32357627153397 1.19662302732468 1.24005120992661 1.28518429398537 1.23727637529373 1.1204434633255 1.02491569519043 0.97638738155365 0.986788183450699 0.970554113388062 1.86158019304276 1.2520986199379 0.958089977502823 0.927255928516388 0.898618966341019 0.890843421220779 0.857971698045731 0.833594888448715 0.791535079479218 0.793054461479187 0.789609253406525 0.719916924834251 0.709622427821159 0.707844257354736 0.697377786040306
-9999 -9999 -9999 -9999 -9999 -9999 -9999 -9999 -9999 -9999 35.2986888885498 4.80136299692094 3.44065240770578 2.8106824234128 2.78001272678375 3.39242398738861 3.82388913631439 7.34805702209473 4.12830698490143 3.29021143913269 2.62284314632416 2.46932512521744 2.14172852039337 2.02264004945755 1.84126782417297 1.73480415344238 1.73562866449356 1.77174407243729 1.7796106338501 1.71058970689774 1.55859124660492 1.38405409455299 1.31864538788795 1.37788841128349 1.58075934648514 1.43628090620041 1.37784960865974 1.49365586042404 1.38500753045082 1.34180751442909 1.58854687213898 1.78723257780075 1.30202874541283 1.0401711165905 0.955596596002579 1.00319436192513 1.05115726590157 0.975835472345352 1.11490282416344 1.05543252825737 0.95746037364006 0.920113116502762 0.852571785449982 0.809086382389069 0.833029478788376 0.807317733764648 0.778371959924698 0.763808101415634 0.740613877773285 0.730083078145981 0.725432619452477 0.696497529745102
-9999 -9999 -9999 -9999 -9999 -9999 -9999 -9999 -9999 -9999 -9999 -9999 -9999 3.50641243904829 3.29025520384312 3.17709081619978 7.71303749084473 -9999 -9999 -9999 -9999 -9999 2.32307749986649 2.53914606571198 2.38753706216812 2.18399834632874 2.13281679153442 1.99929839372635 1.89632034301758 1.64737021923065 1.49455940723419 1.31564962863922 1.26517447829247 1.32459658384323 1.40398836135864 1.40298074483871 1.37528452277184 1.3637807071209 1.29001522064209 1.2313517332077 1.22921249270439 1.23043987154961 1.19577437639236 1.07461130619049 1.11590677499771 1.18845668435097 1.1593162715435 1.22399371862411 1.14022833108902 1.33149084448814 0.996491074562073 0.886997133493423 0.839011073112488 0.782042384147644 0.77598175406456 0.776302099227905 0.753044128417969 0.724837839603424 0.727092638611794 0.756752461194992 0.737031206488609 0.695399165153503
-9999 -9999 -9999 -9999 -9999 -9999 -9999 -9999 -9999 -9999 -9999 -9999 -9999 16.6274771690369 16.6274771690369 16.6274771690369 -9999 -9999 -9999 -9999 -9999 -9999 4.94490551948547 4.94490551948547 4.94490551948547 0.308659605681896 2.65997117757797 1.92543858289719 1.66727918386459 1.49160861968994 1.41377136111259 1.40563979744911 1.38190475106239 1.45174607634544 1.45179829001427 1.3993829190731 1.37579181790352 1.26574042439461 1.16653400659561 1.17297166585922 1.15724131464958 1.14859530329704 1.14277142286301 1.14469832181931 1.14918887615204 1.16544136404991 1.16923668980598 1.20186871290207 1.28654909133911 1.80897688865662 1.09824085235596 0.857220321893692 0.834111124277115 0.787694245576859 0.744194805622101 0.766658127307892 0.75440302491188 0.789312064647675 0.804285317659378 0.797872960567474 0.720835492014885 0.713150292634964
-9999 -9999 -9999 -9999 -9999 -9999 -9999 -9999 -9999 -9999 -9999 -9999 -9999 -9999 -9999 -9999 -9999 -9999 -9999 -9999 -9999 -9999 -9999 -9999 -9999 -9999 2.01355239152908 2.26544898748398 1.9440461397171 1.82919126749039 1.73453396558762 1.60959380865097 1.53687447309494 1.48860695958138 1.44810980558395 1.38786408305168 1.35177594423294 1.26203978061676 1.15601518750191 1.13628146052361 1.14184275269508 1.10799336433411 1.08914324641228 1.08527585864067 1.10483211278915 1.12409350275993 1.14104309678078 1.11488100886345 0.965685904026031 0.88374450802803 0.957070380449295 1.12627270817757 0.929260969161987 0.901684284210205 0.86762523651123 0.824863582849503 0.920856714248657 1.13652768731117 0.71786293387413 0.721045508980751 0.710601702332497 0.730887249112129
-9999 -9999 -9999 -9999 -9999 -9999 -9999 -9999 -9999 -9999 -9999 -9999 -9999 -9999 -9999 -9999 -9999 -9999 -9999 -9999 -9999 -9999 -9999 -9999 -9999 -9999 -9999 -9999 2.88326793909073 2.47859054803848 2.37050557136536 2.28246366977692 2.14838254451752 1.65309602022171 1.34294441342354 1.32477307319641 1.3287450671196 1.33312028646469 1.27581498026848 1.19720524549484 1.2027213871479 1.20310091972351 1.12276384234428 1.02047663927078 1.00436013936996 1.05641815066338 1.0976959168911 1.05489429831505 1.02567279338837 0.979854136705399 0.992530256509781 1.19091939926147 1.33342230319977 1.08879831433296 0.931829541921616 0.929783642292023 0.941052138805389 0.859884023666382 0.806667387485504 0.726509481668472 0.755922853946686 0.749668881297112
