EcologicalScience/Bass/data/rs_data_bass/chl_493.asc
NCOLS 226 
NROWS 124 
XLLCORNER -9.41648524995501 
YLLCORNER 47.587301625531 
CELLSIZE 0.0833 
NODATA_value -9999 
[rows 54 to 80 of 124, columns 122 to 182 of 226]
1.98409447073936 1.87876862287521 1.23453041911125 1.22223830223083 1.24082306027412 1.24554142355919 1.16029554605484 1.14447873830795 1.38237449526787 1.3812452852726 1.35759776830673 1.30714032053947 1.21541306376457 1.28600978851318 1.27100828289986 1.31357091665268 1.41212555766106 1.28728428483009 1.31746579706669 1.40026478469372 1.47134765982628 1.63427692651749 1.72020989656448 1.51999175548553 1.66683286428452 1.79416939616203 1.78455090522766 1.87781980633736 2.43002074956894 2.53544139862061 2.67343461513519 2.39227080345154 2.25166422128677 2.7834604382515 2.92732107639313 2.92142218351364 2.12024903297424 1.63999181985855 1.70430314540863 1.67163473367691 1.42824652791023 1.27925249934196 1.19892606139183 1.12617775797844 1.12772190570831 1.22180914878845 1.42092302441597 1.63533300161362 1.78853273391724 2.0201507806778 2.65054607391357 3.51239454746246 3.94940149784088 4.16678774356842 5.11555290222168 4.86689651012421 4.1675773859024 6.07878828048706 6.07878828048706 9.56011033058167 8.56143232186635
1.90053588151932 1.85462182760239 1.40253433585167 1.3921954035759 1.32750740647316 1.37228098511696 1.41871243715286 1.3221949338913 1.33663487434387 1.45866948366165 1.38761579990387 1.43090325593948 1.5372941493988 1.44921603798866 1.3602277636528 1.39865925908089 1.41710767149925 1.51492238044739 1.58165422081947 1.60453256964684 1.53580614924431 1.51871301233768 1.48860928416252 1.51365168392658 1.80336368083954 3.07816350460052 2.80269831418991 2.29437339305878 2.20023769140244 2.00472325086594 2.11906260251999 2.28131890296936 2.52330940961838 2.14948493242264 2.43919587135315 2.04455387592316 1.52226394414902 1.43078514933586 1.37600862979889 1.28641596436501 1.27155777812004 1.10160076618195 1.12872138619423 1.24399566650391 1.33251741528511 1.4413877427578 1.5031219124794 1.60051327943802 2.28266054391861 2.93409150838852 3.92564570903778 4.20787954330444 4.41588091850281 4.65274965763092 5.86002445220947 6.0129132270813 6.05540871620178 9.58735620975494 10.5720698833466 -9999 -9999
1.80851143598557 1.84296244382858 1.64911490678787 1.64911490678787 1.69728738069534 1.42854309082031 1.44709986448288 1.40311995148659 1.35458922386169 1.42695942521095 1.3669393658638 1.31988447904587 1.41564247012138 1.44748431444168 1.47230824828148 1.51474392414093 1.6953290104866 2.02377051115036 1.51090800762177 1.51090800762177 1.78765645623207 1.67018240690231 1.74295824766159 1.77186971902847 3.00965201854706 2.72364771366119 2.62217617034912 2.41422826051712 1.98588895797729 1.70247781276703 1.51345700025558 1.71691918373108 1.75901019573212 1.36340153217316 1.16184112429619 1.15633741021156 1.1884623169899 1.25757756829262 1.31989100575447 1.29085180163383 1.14204373955727 1.04563745856285 1.15061438083649 1.3888885974884 1.70700484514236 2.08136683702469 2.49664914608002 2.96846634149551 3.63279390335083 4.43761467933655 4.6541508436203 4.40599000453949 4.46989166736603 5.67797541618347 6.13732194900513 7.81775236129761 9.86727476119995 -9999 -9999 -9999 -9999
2.52297207713127 1.72996956110001 1.72996956110001 1.66715526580811 1.61362257599831 1.65516543388367 1.76564866304398 1.75632011890411 1.61160349845886 1.64442229270935 1.72486066818237 1.55769842863083 1.55300331115723 1.72324436903 1.72621214389801 1.68089604377747 1.75548470020294 1.82454434037209 1.83465045690536 1.8700769841671 1.60465407371521 1.64554452896118 1.89517414569855 1.94830638170242 2.22260409593582 2.26161020994186 2.31021130084991 2.24050945043564 1.77324432134628 1.44548025727272 1.25028365850449 1.2231025993824 1.11048433184624 0.970809549093246 0.921958476305008 0.981946974992752 1.01236125826836 1.11630517244339 1.16400790214539 1.18157118558884 1.18582320213318 1.12714871764183 1.11142390966415 1.25301656126976 1.57146567106247 1.9349622130394 1.98072749376297 2.2286337018013 4.39746487140656 7.85817585973179 5.77587962150574 5.56898617744446 5.75639963150024 7.675288438797 9.88108849525452 11.82155585289 -9999 -9999 -9999 -9999 -9999
1.80055046081543 2.36870303750038 2.14236733317375 1.99184739589691 1.88349688053131 1.86463478207588 1.8263720870018 1.83142071962357 1.95896279811859 1.93821984529495 1.93151825666428 1.96142882108688 1.9754194021225 1.93591225147247 1.79617005586624 1.578861951828 1.58648657798767 1.37025010585785 1.65381717681885 2.03083258867264 1.74810272455215 1.70520257949829 1.77189964056015 2.0425922870636 2.4183189868927 2.47064280509949 2.23182588815689 1.82490187883377 1.54241412878036 1.39277011156082 1.21029853820801 1.05024459958076 0.90709000825882 0.726485833525658 0.750337511301041 0.846355319023132 1.08768984675407 1.24237605929375 1.22745895385742 1.14967945218086 1.04322785139084 1.07215976715088 1.07432359457016 1.3365849852562 1.91027891635895 2.46663004159927 3.81000673770905 5.58889174461365 7.97583103179932 8.24993348121643 8.04098010063171 6.92185878753662 6.53398704528809 7.86113047599792 12.8764514923096 14.1293277740479 -9999 -9999 -9999 -9999 -9999
9.75892329216003 5.95945517384276 15.3611118400097 2.65902662277222 2.13134256005287 1.96420562267303 1.85493913292885 1.89742407202721 2.14289206266403 2.23397040367126 2.31569570302963 2.12971293926239 2.07484084367752 2.40670269727707 2.30463749170303 1.7508117556572 1.37142795324326 1.3069354891777 1.41103765368462 1.56241607666016 1.68742471933365 1.76612305641174 1.96603113412857 2.17027097940445 2.40182536840439 2.16796857118607 1.96032017469406 1.81022840738297 1.5991535782814 1.44940388202667 1.20336958765984 1.11226531863213 1.13904100656509 1.03667441010475 0.888768017292023 1.00709590315819 1.20968788862228 1.29290360212326 1.25452637672424 1.1649526655674 1.16692167520523 1.16678211092949 1.32976511120796 1.73926502466202 2.46509313583374 3.20514857769012 4.77565491199493 6.10230374336243 8.2893590927124 8.1231837272644 9.37108612060547 10.9496204853058 15.4128012657166 22.1373710632324 25.3709878921509 25.0407629013062 -9999 -9999 -9999 -9999 -9999
-9999 -9999 -9999 -9999 -9999 -9999 -9999 2.28387522697449 1.96071857213974 1.96079975366592 2.18797677755356 2.4510263800621 2.52656185626984 2.24200093746185 2.24993562698364 2.18947434425354 1.73834824562073 1.55662339925766 1.61996340751648 1.68110257387161 1.7941929101944 1.84589105844498 1.78972399234772 1.96493554115295 2.07894122600555 2.05200380086899 1.82133561372757 1.73434567451477 1.62457394599915 1.40890547633171 1.27973395586014 1.22432479262352 1.47419705986977 1.40750876069069 1.25150138139725 1.39865729212761 1.38417559862137 1.17346939444542 1.12900105118752 1.12461313605309 1.10591796040535 1.1085202395916 1.33666384220123 2.06224000453949 2.81028234958649 4.44112193584442 5.96641910076141 6.92742776870728 -9999 -9999 -9999 -9999 23.342423915863 36.1641540527344 44.8767671585083 23.7080869674683 28.4660425186157 -9999 -9999 -9999 -9999
-9999 -9999 -9999 -9999 -9999 -9999 -9999 -9999 -9999 -9999 2.05197393894196 2.21489864587784 2.37091559171677 2.42205423116684 2.45255970954895 2.41011786460876 2.23456889390945 1.74322539567947 1.78252744674683 1.77459454536438 1.85923862457275 1.81715440750122 1.68189364671707 2.08361113071442 2.31728875637054 1.86077696084976 1.76057535409927 1.7456738948822 1.59564417600632 1.50021725893021 1.34612649679184 1.38413098454475 1.5614510178566 1.46779158711433 1.41950672864914 1.25669860839844 0.940335720777512 0.945516675710678 0.931412100791931 0.882023602724075 0.867229253053665 1.21828544139862 2.29386627674103 3.60294127464294 4.95144653320312 8.98234677314758 12.7206373214722 29.0682649612427 -9999 -9999 -9999 -9999 17.548882484436 33.2365678640512 23.1013226509094 29.8734169006348 36.4850063323975 37.592116355896 68.2615928649902 -9999 -9999
-9999 -9999 -9999 -9999 -9999 -9999 -9999 -9999 -9999 -9999 -9999 2.50936192274094 2.4440261721611 2.54811805486679 2.55357903242111 2.2434389591217 2.39167892932892 2.1363839507103 1.83315932750702 1.8627941608429 1.79348355531693 1.84902155399323 1.79683274030685 1.79166126251221 1.90987265110016 2.05496728420258 2.05010408163071 1.95227515697479 1.82931160926819 1.54400700330734 1.46749609708786 1.57078349590302 1.59563022851944 1.38080298900604 1.2259955406189 0.951510518789291 0.894699186086655 0.907854348421097 0.823439687490463 0.817015439271927 1.168422549963 2.00217515230179 2.99662631750107 4.12883734703064 5.22286677360535 7.67271280288696 12.4660592079163 -9999 -9999 -9999 -9999 -9999 -9999 -9999 14.7372479438782 14.8700566291809 16.391744483601 16.3917440284382 10.8786277770996 -9999 -9999
-9999 -9999 -9999 -9999 -9999 -9999 -9999 -9999 -9999 -9999 -9999 4.3704868555069 2.29625970125198 2.34211653470993 2.32001745700836 2.32632851600647 2.27855390310287 2.37147974967957 2.09696209430695 1.87754112482071 1.81810051202774 2.08399146795273 2.20766723155975 2.02193087339401 2.01729547977448 2.25895196199417 2.3017070889473 2.10269451141357 1.87434124946594 1.60945022106171 1.46647265553474 1.43216067552567 1.33327701687813 1.16847360134125 1.02255311608315 0.989501506090164 1.05583664774895 1.01677662134171 0.945942431688309 0.993001252412796 1.71818536520004 2.91015726327896 3.84326899051666 5.16140341758728 7.4434826374054 11.2885544300079 12.634418964386 33.0447750091553 -9999 -9999 -9999 11.7566285133362 12.5431566238403 11.8718612194061 10.5078964233398 10.9158868789673 32.3238830566406 28.0133428573608 11.3785772323608 -9999 -9999
-9999 -9999 -9999 -9999 -9999 -9999 -9999 -9999 -9999 -9999 -9999 4.97573053836823 2.83769792318344 2.65912520885468 2.54972362518311 2.56507283449173 2.58872473239899 2.75856882333755 2.38833582401276 2.01929354667664 1.90222209692001 2.0448551774025 2.3928337097168 2.27554482221603 2.18422490358353 2.41195285320282 2.47938913106918 1.90630567073822 1.69749891757965 1.54107248783112 1.32392433285713 1.19342198967934 1.07766553759575 1.05205875635147 1.03652885556221 1.16196700930595 1.2620641887188 1.13725179433823 1.11771950125694 1.59235489368439 2.73590290546417 3.50769460201263 3.92771565914154 4.6064350605011 8.29027962684631 14.3790078163147 19.4020285606384 -9999 -9999 -9999 -9999 12.5741558074951 12.0028252601624 10.1878337860107 10.0337233543396 10.4211008548737 12.755613899231 -9999 -9999 -9999 -9999
-9999 -9999 -9999 -9999 -9999 -9999 -9999 -9999 -9999 -9999 -9999 3.67937564849854 2.97373723983765 2.60981833934784 2.5580917596817 2.61631572246552 2.78189152479172 2.77070116996765 2.18508714437485 2.13487726449966 1.84473949670792 1.7856377363205 2.19674921035767 2.14540547132492 1.92409873008728 2.00371116399765 1.84196412563324 1.54946780204773 1.50003933906555 1.38667899370193 1.32516664266586 1.22226423025131 1.02940857410431 0.958113938570023 1.01913392543793 1.18504643440247 1.2471758723259 1.43537959456444 2.20597332715988 2.55068582296371 3.05905473232269 4.01338541507721 4.36608910560608 5.67808377742767 15.3756995201111 23.4018473625183 3.86466658115387 -9999 -9999 -9999 -9999 -9999 11.8359375 11.7457544803619 11.5251131057739 11.6176643371582 -9999 -9999 -9999 -9999 -9999
-9999 -9999 -9999 -9999 -9999 -9999 -9999 -9999 -9999 -9999 -9999 3.83380556106567 3.05902826786041 2.72285485267639 2.48857247829437 2.27070164680481 2.20892465114594 2.06234049797058 1.77428144216537 1.90769362449646 1.98466426134109 2.02721393108368 1.97763866186142 1.64937347173691 1.43912664055824 1.45354673266411 1.47600495815277 1.39810493588448 1.30526161193848 1.24050459265709 1.1831978559494 1.01634094119072 0.985419183969498 1.17101973295212 1.26708197593689 1.32505944371223 1.41544541716576 2.35186743736267 3.96841084957123 4.66646218299866 3.8244903087616 3.44381475448608 4.56645619869232 8.30148983001709 13.869029045105 16.257143497467 3.86466693878174 -9999 -9999 -9999 -9999 12.1949715614319 -9999 -9999 -9999 -9999 -9999 -9999 -9999 -9999 -9999
-9999 -9999 -9999 -9999 -9999 -9999 -9999 -9999 -9999 -9999 -9999 3.03949570655823 2.80676633119583 2.79893463850021 2.80973517894745 2.57868093252182 2.20825803279877 1.84882950782776 1.77061450481415 1.9815856218338 2.07635110616684 1.84992170333862 1.22319969534874 1.17253294587135 1.22174316644669 1.39830592274666 1.52029234170914 1.46393305063248 1.32009047269821 1.145861774683 1.05511754751205 1.00522148609161 1.07002052664757 1.17857220768929 1.34926030039787 1.4437589943409 1.89163845777512 3.30941605567932 4.23859083652496 5.34018445014954 6.0288462638855 4.77349555492401 6.45494914054871 16.5822901725769 19.5334153175354 -9999 -9999 -9999 -9999 -9999 -9999 -9999 -9999 -9999 -9999 -9999 -9999 -9999 -9999 -9999 -9999
-9999 -9999 -9999 -9999 -9999 -9999 -9999 -9999 -9999 -9999 3.41963338851929 3.33261492848396 2.5496022105217 2.55925369262695 3.11118614673615 3.10654163360596 2.84787172079086 2.2534511089325 1.6908432841301 2.41624689102173 2.41624689102173 1.32192552089691 1.17892760038376 1.14241844415665 1.12423342466354 1.30783769488335 1.31354874372482 1.23932531476021 1.29704797267914 1.24776738882065 1.21941545605659 1.20976066589355 1.20726558566093 1.21983030438423 1.30975663661957 1.79195040464401 2.7333687543869 3.62431168556213 4.08320045471191 5.86763155460358 8.42128729820251 10.6367998123169 17.669002532959 21.3494453430176 9.95381355285645 -9999 -9999 -9999 -9999 -9999 -9999 -9999 -9999 -9999 -9999 -9999 -9999 -9999 -9999 -9999 -9999
-9999 -9999 -9999 -9999 -9999 -9999 -9999 -9999 -9999 3.28386068344116 3.10160672664642 2.55889347195625 2.33620637655258 2.58481872081757 2.71741533279419 3.01820826530457 2.58231461048126 1.7922905087471 1.56651270389557 1.47305783629417 1.44974273443222 1.26979534327984 1.23341354727745 1.19916924834251 0.943324953317642 1.00896692276001 1.03845244646072 1.12807613611221 1.22857797145844 1.30527019500732 1.2116482257843 1.26414826512337 1.40290421247482 1.63831812143326 1.90915507078171 3.17881572246552 4.4371612071991 4.45764935016632 4.53359341621399 8.05730581283569 15.8751397132874 24.3371028900146 34.407998085022 5.69786846637726 3.25656187534332 -9999 -9999 -9999 -9999 -9999 -9999 -9999 -9999 -9999 -9999 -9999 -9999 -9999 -9999 -9999 -9999
-9999 -9999 -9999 -9999 -9999 -9999 -9999 -9999 3.65525702996687 3.4766748547554 3.26964068412781 2.81037640571594 2.67522722482681 2.65536153316498 2.76421129703522 2.78084975481033 2.73136121034622 2.03891855478287 1.45360319316387 1.23288801312447 1.15426732599735 1.01729965209961 1.1251500248909 1.12736937403679 1.12677052617073 1.06762933731079 1.10910925269127 1.23352137207985 1.21333783864975 1.15713652968407 1.24537396430969 1.31287676095963 1.3552922308445 1.61968874931335 2.29645693302155 4.36294090747833 6.38319253921509 6.9026255607605 5.16892290115356 5.07973909378052 10.9009408950806 21.7076568603516 -9999 -9999 -9999 -9999 -9999 -9999 -9999 -9999 -9999 -9999 -9999 -9999 -9999 -9999 -9999 -9999 -9999 -9999 -9999
-9999 -9999 -9999 -9999 -9999 -9999 3.84888328524197 3.45645606517792 3.35218727588654 3.25112289190292 3.18844905495644 2.80834802985191 2.41972267627716 2.89011937379837 2.90895169973373 2.76930516958237 2.59573459625244 1.55618646740913 1.33606606721878 1.11274319887161 1.29860553145409 1.31382045149803 1.33288514614105 1.4241638481617 1.42418682575226 1.27022328972816 1.26934540271759 1.34861674904823 1.31169793009758 1.23456081748009 1.29955860972404 1.33854612708092 1.61365395784378 1.92896676063538 2.36651605367661 3.85878324508667 6.85379147529602 8.52665591239929 9.56235194206238 4.02511514936175 -9999 -9999 -9999 -9999 -9999 -9999 -9999 -9999 -9999 -9999 -9999 -9999 -9999 -9999 -9999 -9999 -9999 -9999 -9999 -9999 -9999
-9999 -9999 -9999 -9999 -9999 -9999 4.06629492254818 3.02735728025436 2.95793679356575 2.94846770167351 3.18371880054474 3.14223003387451 2.94591522216797 2.77381181716919 2.76906090974808 2.96350246667862 1.79021130502224 1.45312763750553 1.85048174858093 1.50509297847748 1.45115178823471 1.33743613958359 1.34583368897438 1.91229325532913 1.86989200115204 1.52286100387573 1.33681565523148 1.34567588567734 1.44022884964943 1.44433799386024 1.47617903351784 1.78501009941101 2.19498628377914 2.52380454540253 3.12302899360657 4.3155437707901 5.57835423946381 7.01180291175842 10.6970207691193 7.49627063554876 -9999 -9999 -9999 -9999 -9999 -9999 -9999 -9999 -9999 -9999 -9999 -9999 -9999 -9999 -9999 -9999 -9999 -9999 -9999 -9999 -9999
-9999 -9999 -9999 -9999 3.12994807958603 3.53871828317642 3.3884904384613 3.12828335165977 2.9792041182518 3.11558550596237 3.49691605567932 3.35582005977631 2.84427773952484 2.69604045152664 2.61103445291519 2.69194132089615 2.11728322505951 2.21994584798813 2.40497481822968 1.26604664325714 1.25692538917065 1.26604525744915 1.39352555572987 1.81799572706223 1.80958646535873 1.45245006680489 1.28689616918564 1.51777768135071 1.59155309200287 1.69852727651596 1.9332463145256 2.41941100358963 2.99907177686691 3.55685126781464 4.20897209644318 5.30951535701752 5.1908472776413 5.88701476156712 -9999 -9999 -9999 -9999 -9999 -9999 -9999 -9999 -9999 -9999 -9999 -9999 -9999 -9999 -9999 -9999 -9999 -9999 -9999 -9999 -9999 -9999 -9999
-9999 -9999 3.668905377388 3.65725010633469 3.61965036392212 3.16148293018341 3.14778345823288 3.65422475337982 3.65422439575195 3.75971245765686 3.78439450263977 3.7367330789566 3.31240725517273 2.04664465785027 1.45178586244583 1.19310432672501 1.14818367362022 1.45499883592129 1.42526878416538 1.31717871129513 1.25487206876278 1.32322923839092 1.41745734214783 1.38550293445587 1.5277853012085 1.4939538538456 2.26524013280869 2.60434180498123 2.24372720718384 2.26981902122498 2.45512372255325 2.63910216093063 3.39678740501404 4.43983697891235 4.8040519952774 4.19179885983467 -9999 -9999 -9999 -9999 -9999 -9999 -9999 -9999 -9999 -9999 -9999 -9999 -9999 -9999 -9999 -9999 -9999 -9999 -9999 -9999 -9999 -9999 -9999 -9999 -9999
-9999 -9999 3.24933659285307 3.29317742586136 4.06893396377563 3.8293229341507 3.45150339603424 3.3217853307724 3.0933655500412 3.01404502987862 3.48269963264465 3.41693186759949 2.86380869150162 1.74235278367996 1.57222723960876 1.30176275968552 1.03548109531403 1.51527594029903 1.46037317812443 1.47620330750942 1.51522535085678 1.58588248491287 1.92453414201736 1.63551932573318 1.73932993412018 2.26858341693878 2.30488514900208 2.35444021224976 2.65795147418976 2.62647324800491 2.73958951234818 3.18844199180603 3.94656550884247 4.09829807281494 3.94483351707458 4.79732885956764 3.99640944268968 4.02989241811964 -9999 -9999 -9999 -9999 -9999 -9999 -9999 -9999 -9999 -9999 -9999 -9999 -9999 -9999 -9999 -9999 -9999 -9999 -9999 -9999 -9999 -9999 -9999
3.34223812818527 3.15145397186279 3.10748532414436 3.02112525701523 3.07252961397171 3.48044836521149 3.28341400623322 3.07373303174973 2.77518421411514 2.55062431097031 2.38208010792732 2.21264693140984 2.07798689603806 2.02554845809937 1.82048834860325 1.86117571592331 1.88595736026764 1.91104477643967 1.57554513216019 1.61151972413063 1.73853915929794 1.70844125747681 1.5788682103157 1.75938123464584 1.91216289997101 1.97032034397125 2.70608139038086 2.62058579921722 2.25031507015228 2.25922501087189 2.79675668478012 3.34386241436005 3.77399504184723 4.40436959266663 -9999 -9999 -9999 -9999 -9999 -9999 -9999 -9999 -9999 -9999 -9999 -9999 -9999 -9999 -9999 -9999 -9999 -9999 -9999 -9999 -9999 -9999 -9999 -9999 -9999 -9999 -9999
3.67010593414307 3.54719585180283 3.62869548797607 3.6781325340271 3.57292985916138 3.48992657661438 3.2587611079216 3.08059456944466 3.07667246460915 2.73339620232582 2.6889186501503 2.53118053078651 2.35352012515068 1.93144065141678 1.67921751737595 1.61866915225983 1.33472464978695 1.32612437009811 1.55116891860962 1.65191227197647 1.65362453460693 1.52574187517166 1.54971747100353 1.65286740660667 2.32239460945129 2.32239460945129 2.22152137756348 2.39736816287041 2.73842281103134 2.40998518466949 2.68325257301331 2.81475162506104 2.90768963098526 2.99352781176567 -9999 -9999 -9999 -9999 -9999 -9999 12.6942715644836 12.6942715644836 -9999 -9999 -9999 -9999 -9999 -9999 -9999 -9999 -9999 -9999 -9999 -9999 -9999 -9999 -9999 -9999 -9999 -9999 -9999
-9999 -9999 3.31978887319565 3.61212623119354 4.22511076927185 4.20218932628632 3.64573645591736 3.62745290994644 3.2706179022789 3.05153301358223 3.05754017829895 2.69694256782532 2.34711053967476 2.04856789112091 1.7117635756731 1.15631219744682 1.22563362121582 1.38813516497612 1.45059755444527 2.05262732505798 2.73232662677765 3.12922239303589 2.58194714784622 2.53803223371506 2.79623115062714 2.83993381261826 2.90195685625076 2.52242749929428 3.00740438699722 3.09155172109604 3.04850083589554 2.82148379087448 2.82148379087448 3.42093944549561 -9999 -9999 -9999 -9999 -9999 -9999 -9999 -9999 -9999 -9999 -9999 -9999 -9999 -9999 -9999 -9999 -9999 -9999 -9999 -9999 -9999 -9999 -9999 -9999 -9999 -9999 -9999
-9999 -9999 -9999 -9999 -9999 -9999 -9999 3.09244251251221 3.19628325104713 3.37386453151703 3.01296579837799 2.59392830729485 2.26703077554703 1.880889326334 1.5915941298008 1.52821545302868 1.36920592188835 1.41058230400085 1.5451163649559 1.80781012773514 2.91410422325134 4.34774923324585 4.68343412876129 3.33123600482941 3.46551305055618 3.2438817024231 3.04039657115936 3.08087778091431 3.21467244625092 -9999 -9999 -9999 -9999 -9999 -9999 -9999 -9999 -9999 -9999 -9999 -9999 -9999 -9999 -9999 -9999 -9999 -9999 -9999 -9999 -9999 -9999 -9999 -9999 -9999 -9999 -9999 -9999 -9999 -9999 -9999 -9999
-9999 -9999 -9999 -9999 -9999 -9999 -9999 4.59236168861389 3.13991034030914 3.03106918931007 2.5176993906498 2.03197932243347 1.63751323521137 1.63138353824615 1.58965775370598 1.37228578329086 2.11497460305691 2.03224396705627 2.23821598291397 2.49745291471481 4.52648627758026 5.75551414489746 6.42428827285767 5.6352653503418 5.25741028785706 4.46403521299362 -9999 -9999 -9999 -9999 -9999 -9999 -9999 -9999 -9999 -9999 -9999 -9999 -9999 -9999 -9999 -9999 -9999 -9999 -9999 -9999 -9999 -9999 -9999 -9999 -9999 -9999 -9999 -9999 -9999 -9999 -9999 -9999 -9999 -9999 -9999
