EcologicalScience/Bass/data/rs_data_bass/chl_540.asc
NCOLS 226 
NROWS 124 
XLLCORNER -9.41648524995501 
YLLCORNER 47.587301625531 
CELLSIZE 0.0833 
NODATA_value -9999 
[rows 81 to 107 of 124, columns 62 to 123 of 226]
3.85158455371857 5.97498106956482 7.6620512008667 7.66205191612244 -9999 -9999 -9999 -9999 -9999 -9999 -9999 -9999 -9999 -9999 -9999 -9999 -9999 -9999 -9999 -9999 -9999 -9999 -9999 -9999 -9999 -9999 -9999 -9999 -9999 -9999 -9999 -9999 -9999 -9999 -9999 -9999 -9999 -9999 -9999 -9999 -9999 -9999 -9999 -9999 -9999 -9999 -9999 -9999 -9999 -9999 -9999 -9999 -9999 -9999 -9999 -9999 -9999 -9999 -9999 -9999 -9999 -9999
3.75939917564392 -9999 -9999 -9999 -9999 -9999 -9999 -9999 -9999 -9999 -9999 -9999 -9999 -9999 -9999 -9999 -9999 -9999 -9999 -9999 -9999 -9999 -9999 -9999 -9999 -9999 -9999 -9999 -9999 -9999 -9999 -9999 -9999 -9999 -9999 -9999 -9999 -9999 -9999 -9999 -9999 -9999 -9999 -9999 -9999 -9999 -9999 -9999 -9999 -9999 -9999 -9999 -9999 -9999 -9999 -9999 -9999 -9999 -9999 -9999 -9999 -9999
-9999 -9999 -9999 -9999 -9999 -9999 -9999 -9999 -9999 -9999 -9999 -9999 -9999 -9999 -9999 -9999 -9999 -9999 -9999 -9999 -9999 -9999 -9999 -9999 -9999 -9999 -9999 -9999 -9999 -9999 -9999 -9999 -9999 -9999 -9999 -9999 -9999 -9999 -9999 -9999 -9999 -9999 -9999 -9999 -9999 -9999 -9999 -9999 -9999 -9999 -9999 -9999 -9999 -9999 -9999 -9999 -9999 -9999 -9999 -9999 -9999 -9999
-9999 -9999 -9999 -9999 -9999 -9999 -9999 -9999 -9999 -9999 -9999 -9999 -9999 -9999 -9999 -9999 -9999 -9999 -9999 -9999 -9999 -9999 -9999 -9999 -9999 -9999 -9999 -9999 -9999 -9999 -9999 -9999 -9999 -9999 -9999 -9999 -9999 -9999 -9999 -9999 -9999 -9999 -9999 -9999 -9999 -9999 -9999 -9999 -9999 -9999 -9999 -9999 -9999 -9999 -9999 -9999 -9999 4.3104590177536 2.66027176380157 2.53939497470856 2.52267336845398 1.88769435882568
-9999 -9999 -9999 -9999 -9999 -9999 -9999 -9999 -9999 -9999 -9999 -9999 -9999 -9999 -9999 -9999 -9999 -9999 -9999 -9999 -9999 -9999 -9999 -9999 -9999 -9999 -9999 -9999 -9999 -9999 -9999 -9999 -9999 -9999 -9999 -9999 37.1749906539917 6.35689544677734 6.35689544677734 3.36599063873291 -9999 -9999 4.61735022068024 2.52984076738358 2.59484088420868 1.8142574429512 1.60328686237335 1.78876090049744 2.07398217916489 2.21550571918488 2.29542303085327 2.10238087177277 -9999 -9999 3.36538553237915 3.22091352939606 2.97979992628098 2.66527891159058 2.16387784481049 1.91527158021927 1.48097330331802 1.16478645801544
-9999 -9999 -9999 -9999 -9999 -9999 -9999 -9999 -9999 -9999 -9999 -9999 -9999 1.97093935310841 2.2941130399704 2.23988646268845 1.89136880636215 1.87726038694382 1.12509450316429 -9999 -9999 -9999 -9999 -9999 -9999 -9999 -9999 -9999 2.63168317079544 2.66299724578857 2.56784158945084 2.60905069112778 2.69397246837616 3.66949796676636 -9999 -9999 -9999 3.46783554553986 3.2129842042923 3.0690336227417 2.81595325469971 2.5202511548996 2.44767719507217 2.2939515709877 2.04118806123734 1.82986432313919 1.81501346826553 1.84000915288925 1.84780812263489 1.92675322294235 1.9673330783844 2.01368933916092 2.17525738477707 2.39522516727448 2.39713954925537 2.2223789691925 1.83065950870514 1.45531582832336 1.22986730933189 1.01924121379852 0.955089032649994 1.0146147608757
-9999 -9999 -9999 -9999 -9999 -9999 -9999 -9999 -9999 -9999 3.08815240859985 2.52132600545883 2.28838419914246 2.08227878808975 1.57749062776566 1.37768197059631 1.40059733390808 1.47017696499825 1.52838796377182 1.40206906199455 1.05088403820992 1.34066842496395 1.37284728884697 2.16004371643066 2.04848849773407 1.98679053783417 -9999 2.28027087450027 2.21355074644089 2.25435304641724 2.45715343952179 2.61114835739136 2.68975031375885 2.37938529253006 1.98124623298645 -9999 3.39805376529694 2.97771549224854 2.85036134719849 2.67714786529541 2.45211660861969 2.2142613530159 2.14226067066193 2.09779733419418 2.01972270011902 1.87914222478867 1.69713485240936 1.57045269012451 1.54140365123749 1.45314091444016 1.31265556812286 1.25246080756187 1.30873516201973 1.37560272216797 1.37408888339996 1.33456984162331 1.18843513727188 1.03760182857513 0.881980240345001 0.796538382768631 0.880950897932053 1.02523952722549
-9999 -9999 -9999 -9999 -9999 -9999 -9999 -9999 2.8524706363678 2.42296904325485 2.64121574163437 1.88821417093277 1.46919339895248 1.33622449636459 1.25186482071877 1.18144279718399 1.17247402667999 1.21381884813309 1.36191666126251 1.48296591639519 1.7253640294075 1.80823069810867 1.72493451833725 1.80772286653519 1.7817656993866 1.79196989536285 1.8560174703598 1.85215651988983 1.91444098949432 1.95625072717667 2.04095327854156 2.07986176013947 2.21483355760574 2.45112812519073 2.5914466381073 2.79428243637085 2.80045026540756 2.73505192995071 2.50978571176529 2.40090143680573 2.32690894603729 2.17504405975342 1.95948565006256 1.62858992815018 1.33635118603706 1.14675977826118 1.06008079648018 0.976902812719345 0.846303999423981 0.860735893249512 0.916354358196259 0.931896597146988 0.974775731563568 0.967902302742004 1.04717329144478 1.12253558635712 1.15265947580338 1.02175015211105 0.949127912521362 0.874756067991257 0.866402328014374 0.950364232063293
-9999 -9999 -9999 -9999 -9999 -9999 -9999 -9999 -9999 1.67641246318817 1.62680107355118 1.45319786667824 1.34106713533401 1.19708865880966 1.10278531908989 1.03922125697136 0.89994889497757 0.984232842922211 1.18291559815407 1.24635162949562 1.38551169633865 1.4202267229557 1.3735009431839 1.42205232381821 1.50826352834702 1.55456882715225 1.60454660654068 1.66384917497635 1.722307741642 1.82669824361801 1.89403992891312 1.92253786325455 1.99642753601074 2.12894028425217 2.29978734254837 2.42652457952499 2.44909679889679 2.40905839204788 2.30847769975662 2.18075966835022 2.16809856891632 1.95581012964249 1.51696193218231 1.20966356992722 1.07917660474777 1.04654762148857 0.971833437681198 0.822256743907928 0.817636728286743 0.905300974845886 0.942107141017914 0.964394956827164 1.04431763291359 1.10991534590721 1.12994769215584 1.10292425751686 1.11082175374031 1.10466465353966 0.988429248332977 0.888017892837524 1.00490418076515 1.1743551492691
-9999 -9999 -9999 -9999 -9999 -9999 -9999 -9999 -9999 1.27553468942642 1.29154372215271 1.23165768384933 1.09936335682869 1.091951161623 1.11524614691734 1.07765981554985 1.02816313505173 0.94793227314949 1.0014300942421 1.08944419026375 1.14304214715958 1.17384526133537 1.23801952600479 1.28266641497612 1.35160213708878 1.45584037899971 1.52688181400299 1.61934632062912 1.70002198219299 1.71585291624069 1.74905508756638 1.8057861328125 1.89999425411224 1.97991836071014 2.05790519714355 2.12044268846512 2.2281466126442 2.24438095092773 2.08990055322647 1.75469756126404 1.36374771595001 1.16768503189087 1.02689239382744 0.919500231742859 0.92707496881485 0.976502895355225 0.965740352869034 0.896059334278107 0.824303537607193 0.801126837730408 0.829721599817276 0.896250665187836 0.968451887369156 1.00364872813225 1.05038568377495 0.965726584196091 0.953493744134903 0.982512384653091 0.952239274978638 1.01388376951218 1.05658131837845 1.15178534388542
5.68775296211243 4.25961363315582 6.73372149467468 7.30943942070007 2.36424425244331 -9999 -9999 1.55191826820374 1.44179239869118 1.12806808948517 1.13242846727371 1.13876411318779 1.08942013978958 1.10788625478745 1.17022114992142 1.28440546989441 1.13119956851006 1.06044307351112 0.963166862726212 0.915230333805084 0.933875888586044 0.973459661006927 1.02003380656242 1.06264874339104 1.11549997329712 1.18415200710297 1.18681526184082 1.20151537656784 1.22458237409592 1.20656454563141 1.24469536542892 1.28191530704498 1.31801515817642 1.29955288767815 1.28196161985397 1.2669517993927 1.23802211880684 1.15311214327812 1.0563388466835 0.965941876173019 0.923981666564941 0.929062485694885 0.909820139408112 0.920754343271255 0.923972368240356 0.949450045824051 0.947753459215164 0.860450685024261 0.805933088064194 0.821222484111786 0.883098095655441 0.981133371591568 1.00070840120316 1.03631991147995 1.02396243810654 0.988349318504333 0.970297157764435 0.943715840578079 0.93966069817543 1.01716125011444 1.10988003015518 1.2320411503315
4.5182933807373 3.82027959823608 3.01513016223907 2.63725429773331 2.33512991666794 2.24242222309113 1.98991692066193 1.20188498497009 1.03458684682846 1.00251048803329 1.08353447914124 1.08114892244339 1.09830155968666 1.13226360082626 1.07848432660103 1.14959701895714 1.20591241121292 1.13473230600357 1.01414930820465 0.961413234472275 1.00087514519691 1.02197366952896 1.0370731651783 1.00645083189011 1.01219817996025 1.05620670318604 1.06556609272957 1.03124848008156 1.00401225686073 1.0045337677002 1.02105608582497 1.0548432469368 1.03759467601776 1.00332355499268 0.979927808046341 0.972569972276688 0.968022018671036 0.956004738807678 0.989304542541504 1.00164744257927 0.993604302406311 0.942947030067444 0.893237471580505 0.90476256608963 0.906439572572708 0.890598267316818 0.864233493804932 0.829267233610153 0.832216322422028 0.875268191099167 0.903181493282318 0.911395132541656 0.905048489570618 0.904431581497192 0.971086889505386 1.09661042690277 1.11796313524246 1.07118979096413 1.13322776556015 1.12904074788094 1.03257277607918 1.02905836701393
3.07683956623077 2.89184027910233 2.47330051660538 2.51999920606613 2.61769723892212 2.57679945230484 2.39044046401978 1.64210933446884 1.1543273627758 1.10163313150406 1.20183947682381 1.1882455945015 1.09002086520195 1.02414295077324 1.05542296171188 1.15189343690872 1.14340889453888 1.05728530883789 0.968648046255112 0.935148596763611 0.96661502122879 1.0481193959713 1.06485092639923 1.01016095280647 0.941707760095596 0.925063222646713 0.947537809610367 0.97921022772789 0.95578595995903 0.947283893823624 0.973756581544876 0.988194197416306 0.953120470046997 0.908295750617981 0.912624835968018 0.934758961200714 0.919410735368729 0.916747391223907 0.921400666236877 0.967210918664932 0.96757498383522 0.933273911476135 0.908157527446747 0.907713443040848 0.901912093162537 0.873563200235367 0.833555281162262 0.85425478219986 0.879583328962326 0.898084938526154 0.929274380207062 0.957256257534027 0.970732569694519 0.930882453918457 0.901481509208679 0.95659813284874 1.01515790820122 1.09722107648849 1.07796540856361 0.997249692678452 0.988931357860565 0.962519913911819
3.55645823478699 3.27384495735168 2.79134166240692 2.87085092067719 3.62004339694977 4.52051997184753 2.99920660257339 2.03678852319717 1.79239600896835 1.69752734899521 1.52919191122055 1.55174034833908 1.38621506094933 1.27260026335716 1.04411673545837 1.03959882259369 1.01314383745193 0.934939026832581 0.852709919214249 0.895740509033203 0.909239619970322 0.970947682857513 0.963118046522141 0.937470138072968 0.873116880655289 0.877776771783829 0.897044599056244 0.956760853528976 0.975681781768799 0.973085671663284 0.9457668364048 0.968105792999268 0.980268985033035 0.969756156206131 0.990034639835358 0.989771336317062 0.980255663394928 0.989158540964127 0.997678846120834 0.950901389122009 0.912393182516098 0.916241079568863 0.908650606870651 0.90832194685936 0.913784086704254 0.912183880805969 0.867682099342346 0.85528752207756 0.894877195358276 0.939014911651611 0.997321397066116 1.06170353293419 1.1096071600914 1.10906973481178 1.06597226858139 1.0971494615078 1.14945361018181 1.12924218177795 1.12679985165596 1.18296101689339 1.23498970270157 1.19866544008255
5.00436079502106 4.98569869995117 4.9283709526062 4.13592231273651 3.26394581794739 3.22950911521912 3.43441843986511 3.28129005432129 2.59533852338791 2.28901594877243 1.89875650405884 1.54129761457443 1.24819099903107 1.24104031920433 1.28136625885963 0.998305052518845 1.01720201969147 0.930942535400391 0.830882281064987 0.860043257474899 0.930556029081345 0.995276480913162 0.990075945854187 0.959177792072296 0.918620020151138 0.865018397569656 0.866106301546097 0.90618047118187 1.02859175205231 1.04271814227104 1.02906346321106 1.05914372205734 1.06094008684158 1.07881665229797 1.08302718400955 1.05638971924782 1.07321977615356 1.11250215768814 1.12223383784294 1.09242850542068 1.0480834543705 1.02454134821892 1.03997191786766 1.02923762798309 1.00467324256897 0.943203181028366 0.864029109477997 0.872523576021194 0.907274097204208 0.951149582862854 1.02220755815506 1.09836477041245 1.04356214404106 1.02376055717468 1.07806473970413 1.17131540179253 1.29057016968727 1.44098746776581 1.60387390851974 1.70061868429184 1.81165194511414 1.98108673095703
5.22417855262756 5.33710598945618 5.48082733154297 4.61326789855957 4.59388697147369 4.76103937625885 4.25301897525787 3.81280052661896 3.06416952610016 2.39250880479813 1.81909972429276 2.04996424913406 1.94350504875183 1.7954369187355 1.6707860827446 1.51842051744461 1.57736653089523 1.29492563009262 1.21277350187302 1.09263718128204 0.966576665639877 0.936005562543869 0.932571709156036 0.929644167423248 0.940618693828583 0.889714121818542 0.937775731086731 1.02253675460815 1.07209056615829 1.0639271736145 1.07009366154671 1.08596312999725 1.11358943581581 1.15348041057587 1.21720191836357 1.25242388248444 1.27152559161186 1.27900278568268 1.30232289433479 1.27323943376541 1.22857707738876 1.18195903301239 1.12787684798241 1.08679246902466 1.01475951075554 0.933727562427521 0.939903348684311 0.98299714922905 0.966267764568329 0.965898245573044 1.02992811799049 1.04742711782455 1.07151460647583 1.12994679808617 1.2789526283741 1.48624241352081 1.82528257369995 2.12204432487488 2.22948718070984 2.23336458206177 2.28793376684189 2.6312615275383
4.61689746379852 4.81751239299774 5.86187195777893 5.43693459033966 4.59248757362366 3.69187724590302 2.36620169878006 1.8849418759346 1.6395868062973 1.40853577852249 1.32565346360207 1.44410419464111 1.60524380207062 1.28450113534927 0.975260317325592 1.20762526988983 1.34093660116196 1.14515635371208 0.904101490974426 0.820137441158295 0.800819277763367 0.867893815040588 0.864131212234497 0.907156616449356 1.00162848830223 1.09971383213997 1.17900279164314 1.22230732440948 1.26453468203545 1.25254306197166 1.24149978160858 1.29595175385475 1.46573129296303 1.6607551574707 1.71427899599075 1.71754842996597 1.5820854306221 1.52860790491104 1.4641173183918 1.36368253827095 1.32272887229919 1.27525779604912 1.20301115512848 1.10202178359032 1.00720927119255 0.955221265554428 0.984116703271866 1.14098989963531 1.12631893157959 1.12573966383934 1.13026043772697 1.27377614378929 1.46096527576447 1.71344661712646 1.87541145086288 1.90031540393829 1.82435005903244 -9999 -9999 -9999 -9999 -9999
4.52716219425201 5.82282614707947 6.00370144844055 5.5681300163269 4.07410454750061 3.01851546764374 2.30345195531845 1.3763644695282 0.973498731851578 0.893340289592743 0.88141080737114 0.871548056602478 0.875130861997604 0.781755656003952 0.772578746080399 0.745183825492859 0.72969152033329 0.851261079311371 0.918277055025101 0.974657535552979 1.04778724908829 1.0798419713974 1.0532703101635 0.989862084388733 1.18864926695824 1.43345618247986 1.50603300333023 1.57995128631592 1.4358523786068 1.52886933088303 1.51795130968094 1.69676184654236 1.96021896600723 2.29883122444153 2.62663865089417 2.53069853782654 2.03238970041275 1.87443745136261 1.68003183603287 1.5073310136795 1.41712895035744 1.35142412781715 1.19566798210144 1.0986921787262 1.06928533315659 1.07769477367401 1.09777361154556 1.27887913584709 1.48682981729507 1.49451354146004 1.45203280448914 1.59938603639603 1.80090862512589 2.12833321094513 2.88174211978912 -9999 -9999 -9999 -9999 -9999 -9999 -9999
4.18271684646606 4.14488446712494 4.46747446060181 4.53994452953339 4.16981363296509 2.34521162509918 1.60987955331802 0.902546525001526 0.852935314178467 0.829505145549774 0.746752202510834 0.69208636879921 0.674171537160873 0.669508650898933 0.658613741397858 0.715868398547173 0.827779948711395 0.994820237159729 1.114182472229 1.16897088289261 1.1479509472847 1.1267401278019 1.09308251738548 1.10480815172195 1.27110841870308 1.40856868028641 1.48465722799301 1.65811783075333 1.77722024917603 -9999 -9999 -9999 -9999 -9999 -9999 3.14426672458649 2.56480050086975 2.25504845380783 1.91461032629013 1.733558177948 1.59589022397995 1.45598834753036 1.34266224503517 1.18162769079208 1.12537774443626 1.28722617030144 1.53450787067413 1.79162174463272 1.89131838083267 1.78863894939423 1.76496630907059 1.99711221456528 2.34885102510452 1.9762424826622 1.97624230384827 -9999 -9999 -9999 -9999 -9999 -9999 -9999
3.21296846866608 2.81603783369064 2.77559673786163 2.36638212203979 1.0817337334156 0.899969816207886 0.753191292285919 0.623907342553139 0.639974176883698 0.669249594211578 0.644222661852837 0.636747568845749 0.68374165892601 0.706846967339516 0.719039708375931 0.742084667086601 0.804070919752121 1.01623266935349 1.26921299099922 1.26069259643555 1.07812240719795 1.07129555940628 1.01382073760033 1.02343189716339 1.10590150952339 1.23962983489037 1.53226464986801 1.91984260082245 2.11642026901245 -9999 -9999 -9999 -9999 -9999 -9999 4.98039257526398 6.21613812446594 4.85732460021973 2.80900865793228 1.8970987200737 1.70161843299866 1.57670044898987 1.41338056325912 1.34974890947342 1.54221993684769 2.07644122838974 2.49019056558609 2.59938275814056 2.44058239459991 2.24799621105194 2.17659884691238 2.30746185779572 -9999 -9999 -9999 -9999 -9999 -9999 -9999 -9999 -9999 -9999
2.47411072254181 2.81347811222076 2.69977694749832 1.80172008275986 1.04632240533829 0.939027965068817 0.799068242311478 0.677610218524933 0.64477626979351 0.644112154841423 0.692598089575768 0.786270976066589 0.789925575256348 0.736744657158852 0.781728565692902 0.770417243242264 0.841157197952271 1.0677929520607 1.38043606281281 1.17896524071693 0.872586024844128 1.32421588897705 0.876280635595322 1.00902539491653 1.1561823785305 1.30978712439537 1.44738033413887 1.61490333080292 1.79401713609695 -9999 -9999 -9999 -9999 -9999 -9999 -9999 15.6108369827271 5.70046985149384 4.88928508758545 3.91244566440582 3.178866147995 2.85260510444641 2.51578080654144 2.31462782621384 2.16518014669418 1.97821354866028 2.09037834405899 2.636345744133 3.02910876274109 2.76795762777328 2.60793828964233 2.90687763690948 3.5339141217145 -9999 -9999 -9999 -9999 -9999 -9999 -9999 -9999 -9999
2.11805409193039 1.84026306867599 1.56250244379044 0.923847019672394 0.780487954616547 0.703247800469398 0.629002958536148 0.654817879199982 0.666122227907181 0.667169585824013 0.71552512049675 0.807217508554459 0.857757389545441 0.84209793806076 0.850677073001862 0.800553828477859 0.855084657669067 0.955579161643982 0.930765867233276 0.973889887332916 0.985366880893707 1.03799003362656 1.10491088032722 1.27810746431351 1.44640928506851 1.57977283000946 1.64171987771988 1.76385962963104 1.80525487661362 1.19766587018967 -9999 -9999 -9999 -9999 -9999 -9999 -9999 4.67592144012451 4.44204032421112 10.7988073825836 5.61554574966431 5.10402989387512 5.3805570602417 4.14069020748138 3.40495884418488 2.95638012886047 3.13544368743896 3.38782274723053 3.97138237953186 3.67262756824493 3.44373607635498 2.78146612644196 2.79344388842583 -9999 -9999 -9999 -9999 -9999 -9999 -9999 -9999 -9999
1.28742519021034 1.0811328291893 0.969705194234848 0.782251685857773 0.663956791162491 0.668273851275444 0.632653087377548 0.640933737158775 0.6486496925354 0.692131116986275 0.710650876164436 0.73293448984623 0.800939619541168 0.780671507120132 0.794069409370422 0.767147898674011 0.784040540456772 0.778638035058975 0.774686604738235 0.77609458565712 0.80325311422348 0.879089623689651 1.23867747187614 1.53004503250122 1.51527518033981 1.5732958316803 1.68401992321014 1.86717867851257 2.62658751010895 2.82029986381531 2.27273368835449 -9999 -9999 -9999 -9999 -9999 -9999 -9999 -9999 -9999 -9999 -9999 -9999 -9999 -9999 -9999 3.65490746498108 4.14639151096344 6.00938129425049 4.38260543346405 4.60059177875519 -9999 -9999 -9999 -9999 -9999 -9999 -9999 -9999 -9999 -9999 -9999
0.984117329120636 0.996419012546539 0.814720809459686 0.667574509978294 0.627926677465439 0.657985255122185 0.677481561899185 0.654749616980553 0.625529229640961 0.666012793779373 0.697858437895775 0.707621276378632 0.72624009847641 0.689576625823975 0.743532612919807 0.791929721832275 0.776783734560013 0.756910175085068 0.772426396608353 0.823522835969925 0.888988852500916 1.1023858487606 1.46780160069466 1.78626322746277 1.53864133358002 -9999 1.56394958496094 2.17455303668976 2.48829942941666 2.53932684659958 2.57740849256516 2.47323846817017 -9999 -9999 -9999 -9999 -9999 -9999 -9999 -9999 -9999 -9999 -9999 -9999 -9999 -9999 -9999 -9999 -9999 -9999 -9999 -9999 -9999 -9999 -9999 -9999 -9999 -9999 -9999 -9999 -9999 -9999
0.72355230152607 0.816978514194489 0.81833428144455 0.70165291428566 0.649993881583214 0.666157364845276 0.674379408359528 0.649724766612053 0.632274225354195 0.683614075183868 0.757936656475067 0.78717640042305 0.753147572278976 0.755967110395432 0.760301202535629 0.758535593748093 0.772871375083923 0.801707088947296 0.810099631547928 0.844127655029297 0.938992112874985 1.07748547196388 1.18704995512962 1.29095980525017 1.48296904563904 1.89736622571945 2.01865446567535 2.11973440647125 2.7063644528389 2.69434279203415 2.61973232030869 2.5310577750206 -9999 -9999 -9999 -9999 -9999 -9999 -9999 -9999 -9999 -9999 -9999 -9999 -9999 -9999 -9999 -9999 -9999 -9999 -9999 -9999 -9999 -9999 -9999 -9999 -9999 -9999 -9999 -9999 -9999 -9999
0.638109281659126 0.614832624793053 0.645108953118324 0.673006430268288 0.636575773358345 0.654492929577827 0.678152695298195 0.671338856220245 0.717174455523491 0.770666599273682 0.794120639562607 0.809637486934662 0.802193999290466 0.801210343837738 0.797239780426025 0.812393456697464 0.842053771018982 0.883085936307907 0.836060643196106 0.849019646644592 0.899692475795746 0.951421469449997 1.0878918170929 1.26820939779282 1.47753024101257 1.69224697351456 1.94712173938751 2.1753226518631 2.2581290602684 2.46376830339432 2.38705623149872 2.46597629785538 -9999 -9999 -9999 -9999 -9999 -9999 -9999 -9999 -9999 -9999 -9999 -9999 -9999 -9999 -9999 -9999 -9999 -9999 -9999 -9999 -9999 -9999 -9999 -9999 -9999 -9999 -9999 -9999 -9999 -9999
0.622855693101883 0.594581365585327 0.597033128142357 0.620806977152824 0.639798447489738 0.685151517391205 0.725632041692734 0.728132307529449 0.834099769592285 0.937901526689529 1.00984105467796 1.11650508642197 1.29915332794189 1.3550945520401 1.20290574431419 1.05668887495995 0.937344074249268 0.891547054052353 0.865517199039459 0.894341111183167 0.948147565126419 1.02068209648132 1.14790964126587 1.33005532622337 1.41363707184792 1.61304277181625 1.84799981117249 2.46512424945831 2.49627578258514 3.14358079433441 4.15490305423737 3.88945841789246 -9999 -9999 -9999 -9999 -9999 -9999 -9999 -9999 -9999 -9999 -9999 -9999 -9999 -9999 -9999 -9999 -9999 -9999 -9999 -9999 -9999 -9999 -9999 -9999 -9999 -9999 -9999 -9999 -9999 -9999
