EcologicalScience/Bass/data/rs_data_bass/chl_114.asc
NCOLS 226 
NROWS 124 
XLLCORNER -9.41648524995501 
YLLCORNER 47.587301625531 
CELLSIZE 0.0833 
NODATA_value -9999 
[rows 54 to 80 of 124, columns 0 to 61 of 226]
-9999 -9999 -9999 -9999 -9999 -9999 -9999 -9999 -9999 -9999 -9999 -9999 -9999 -9999 -9999 -9999 -9999 -9999 -9999 -9999 -9999 -9999 -9999 -9999 -9999 -9999 -9999 -9999 -9999 -9999 -9999 -9999 -9999 -9999 -9999 -9999 -9999 -9999 4.56137339907338 1.92089027166367 2.57935345172882 2.93389946222305 2.41352999210358 1.37630626559258 1.2660157084465 0.569942235946655 0.399564743041992 0.396845251321793 1.05271051079035 0.950669288635254 0.873274505138397 0.905072271823883 1.01889002323151 1.07058298587799 1.45850104093552 1.99545228481293 2.28461623191833 2.24171698093414 -9999 0.607058599591255 0.62790758907795 1.04873556740906
-9999 -9999 -9999 -9999 -9999 -9999 -9999 -9999 -9999 -9999 -9999 -9999 -9999 -9999 -9999 -9999 -9999 -9999 -9999 -9999 -9999 -9999 -9999 -9999 -9999 -9999 -9999 -9999 -9999 -9999 -9999 -9999 -9999 -9999 -9999 -9999 -9999 -9999 -9999 20.3068585395813 1.91314566135406 2.6480775475502 2.15566420555115 1.62606728076935 1.27726948261261 1.18646171689034 1.1618459969759 0.458873257040977 1.04593124985695 1.08950999379158 0.969896256923676 0.897287249565125 1.00167971849442 1.24891573190689 1.51203221082687 1.93776297569275 2.27939397096634 -9999 -9999 -9999 -9999 -9999
-9999 -9999 -9999 -9999 -9999 -9999 -9999 -9999 -9999 -9999 -9999 -9999 -9999 -9999 -9999 -9999 -9999 -9999 -9999 -9999 -9999 -9999 -9999 -9999 -9999 -9999 -9999 -9999 -9999 -9999 -9999 -9999 -9999 -9999 -9999 -9999 -9999 -9999 -9999 -9999 1.67457637935877 1.85116982460022 1.03944003582001 0.961193293333054 1.35983026027679 1.63599559664726 1.60582123696804 1.27795051038265 0.827331036329269 1.1708790063858 0.852530211210251 0.873417019844055 0.850459456443787 1.4665424823761 1.25700750946999 1.81040847301483 2.26310849189758 1.8592883348465 2.53484778106213 -9999 -9999 -9999
-9999 -9999 -9999 -9999 -9999 -9999 -9999 -9999 -9999 -9999 -9999 -9999 -9999 -9999 -9999 -9999 -9999 -9999 -9999 -9999 -9999 -9999 -9999 -9999 -9999 -9999 -9999 -9999 -9999 -9999 -9999 -9999 -9999 -9999 -9999 -9999 -9999 -9999 -9999 -9999 1.62998604029417 1.49132850766182 1.62038469314575 1.50005632638931 1.13078328967094 1.52738289535046 1.85279175639153 1.78621646761894 1.40836729109287 1.24259135127068 0.96923553943634 0.846243023872375 0.745511993765831 1.34937523305416 1.14744222164154 1.32129898667336 1.73759704828262 1.07227054238319 1.21582952141762 1.99945691227913 22.8892847207876 -9999
-9999 -9999 -9999 -9999 -9999 -9999 -9999 -9999 -9999 -9999 -9999 -9999 -9999 -9999 -9999 -9999 -9999 -9999 -9999 -9999 -9999 -9999 -9999 -9999 -9999 -9999 -9999 -9999 -9999 -9999 -9999 -9999 -9999 -9999 -9999 -9999 -9999 -9999 -9999 -9999 -9999 1.34919601678848 1.24889329075813 2.01748408377171 2.49765318632126 2.34978492558002 1.34228664636612 1.35495525598526 1.47068627178669 1.22598525881767 0.942161992192268 0.665322750806808 0.793985992670059 0.967115253210068 0.900514483451843 0.958198517560959 1.54703510552645 2.37631152570248 1.90108841657639 1.46069964766502 1.55954349040985 -9999
-9999 -9999 -9999 -9999 -9999 -9999 -9999 -9999 -9999 -9999 -9999 -9999 -9999 -9999 -9999 -9999 -9999 -9999 -9999 -9999 -9999 -9999 -9999 -9999 -9999 -9999 -9999 -9999 -9999 -9999 -9999 -9999 -9999 -9999 -9999 -9999 -9999 -9999 -9999 -9999 -9999 2.83825850486755 1.70277359336615 1.74076424539089 2.10702216625214 1.25236973166466 1.26997987926006 1.52279627323151 1.18428298830986 0.804578214883804 0.802145227789879 0.790813140571117 0.796428769826889 0.922755002975464 0.947451710700989 1.03385549783707 1.39765951037407 2.76795700192451 2.65252909064293 -9999 -9999 -9999
-9999 -9999 -9999 -9999 -9999 -9999 -9999 -9999 -9999 -9999 -9999 -9999 -9999 -9999 -9999 -9999 -9999 -9999 -9999 -9999 -9999 -9999 -9999 -9999 -9999 -9999 -9999 -9999 -9999 -9999 -9999 -9999 -9999 -9999 -9999 -9999 -9999 -9999 -9999 -9999 2.79857021570206 2.47406619787216 2.29514998197556 1.31466221809387 1.39053601026535 1.40314427018166 1.80292421579361 1.05864076316357 0.907838255167007 0.743235737085342 0.697125747799873 0.738824263215065 0.874363481998444 0.942326992750168 1.2151740193367 1.53640419244766 2.04787641763687 -9999 -9999 4.68789789676666 3.20614635944366 3.19752144813538
-9999 -9999 -9999 -9999 -9999 -9999 -9999 -9999 -9999 -9999 -9999 -9999 -9999 -9999 -9999 -9999 -9999 -9999 -9999 -9999 -9999 -9999 -9999 -9999 -9999 -9999 -9999 -9999 -9999 -9999 -9999 -9999 -9999 -9999 -9999 -9999 -9999 -9999 -9999 2.23932605981827 2.37278544902802 2.41897130012512 2.23651349544525 2.01237452030182 1.48535549640656 1.61148673295975 1.28167873620987 0.950054973363876 0.930967479944229 0.820263728499413 0.787055253982544 0.7753811404109 0.772951863706112 1.12897422909737 1.31666699051857 2.37330168485641 1.68462932109833 1.55271446704865 1.94005125761032 2.26635754108429 2.51947277784348 2.67090457677841
-9999 -9999 -9999 -9999 -9999 -9999 -9999 -9999 -9999 -9999 -9999 -9999 -9999 -9999 -9999 -9999 -9999 -9999 -9999 -9999 -9999 -9999 -9999 -9999 -9999 -9999 -9999 -9999 -9999 -9999 -9999 -9999 -9999 -9999 -9999 -9999 -9999 -9999 -9999 4.9583104133606 2.12916076183319 2.42727220058441 1.86989557743073 1.41635620594025 1.16484448313713 1.3316505253315 1.59374928474426 1.02768829464912 1.07337301969528 0.738601125776768 0.759981729090214 0.789931118488312 1.000034481287 1.0579354763031 1.28516176342964 1.40886023640633 1.31684449315071 1.5952559709549 1.72797667980194 1.05616798996925 1.1549966186285 1.5878122150898
-9999 -9999 -9999 -9999 -9999 -9999 -9999 -9999 -9999 -9999 -9999 -9999 -9999 -9999 -9999 -9999 -9999 -9999 -9999 -9999 -9999 -9999 -9999 -9999 -9999 -9999 -9999 -9999 -9999 -9999 -9999 -9999 -9999 -9999 -9999 -9999 -9999 -9999 7.27545690536499 2.49776172637939 1.76377120614052 0.801135778427124 0.859034210443497 0.734178006649017 0.704823732376099 0.875873208045959 0.878722116351128 0.808544240891933 0.750210374593735 0.696635261178017 0.771061129868031 0.773308128118515 0.800091773271561 0.884803086519241 0.905686095356941 0.939682513475418 0.897415526211262 1.12664663046598 0.955091245472431 0.94885915517807 1.03172624856234 1.52592860162258
-9999 -9999 -9999 -9999 -9999 -9999 -9999 -9999 -9999 -9999 -9999 -9999 -9999 -9999 -9999 -9999 -9999 -9999 -9999 -9999 -9999 -9999 -9999 -9999 -9999 -9999 -9999 -9999 -9999 -9999 -9999 -9999 -9999 -9999 -9999 -9999 -9999 -9999 5.56601486206055 2.58803924918175 1.5988460406661 1.02328652143478 0.694592267274857 0.748569756746292 0.776255965232849 0.745511993765831 0.804190881550312 0.773443110287189 0.725941121578217 0.764975644648075 0.933613032102585 0.936069756746292 0.942150473594666 0.772691264748573 0.800468266010284 1.23637425899506 1.03836303949356 0.800888255238533 0.733366884291172 0.737913005053997 0.813322484493256 1.04346786439419
-9999 -9999 -9999 -9999 -9999 -9999 -9999 -9999 -9999 -9999 -9999 -9999 -9999 -9999 -9999 -9999 -9999 -9999 -9999 -9999 -9999 -9999 -9999 -9999 -9999 -9999 -9999 -9999 -9999 -9999 -9999 -9999 -9999 -9999 -9999 -9999 -9999 5.39349217414856 1.99645364284515 1.80459621548653 1.27245128899813 1.00898458063602 0.933253526687622 0.870050221681595 0.735980272293091 0.723896250128746 0.703923381865025 0.684996731579304 0.7181516289711 0.78957637399435 0.946516245603561 0.810205109417439 0.738704994320869 0.70220097899437 0.697922989726067 0.714739121496677 0.753420732915401 0.67995411157608 0.679140374064445 0.916152745485306 0.731324270367622 1.05122436583042
-9999 -9999 -9999 -9999 -9999 -9999 -9999 -9999 -9999 -9999 -9999 -9999 -9999 -9999 -9999 -9999 -9999 -9999 -9999 -9999 -9999 -9999 -9999 -9999 -9999 -9999 -9999 -9999 -9999 -9999 -9999 -9999 -9999 -9999 -9999 -9999 -9999 2.49855118989944 2.28709557652473 1.55613016337156 1.21686333417892 0.779973775148392 0.454905018210411 0.7732994556427 0.606536239385605 0.632414616644382 0.618413619697094 0.644104108214378 0.945020526647568 1.07524049282074 1.14865773916245 1.10609772801399 0.875361375510693 0.82286361604929 0.840650618076324 0.754368357360363 0.666127122938633 0.614577747881413 0.652154624462128 0.708871118724346 0.733038358390331 1.15210725367069
-9999 -9999 -9999 -9999 -9999 -9999 -9999 -9999 -9999 -9999 -9999 -9999 -9999 -9999 -9999 -9999 -9999 -9999 -9999 -9999 -9999 -9999 -9999 -9999 -9999 -9999 -9999 -9999 -9999 -9999 -9999 -9999 -9999 -9999 -9999 -9999 3.73656284809113 2.31349346041679 1.79102244973183 1.29734927415848 0.946387499570847 0.805027887225151 0.748098023235798 0.427515015006065 0.670580998063087 0.689287126064301 0.691803395748138 0.691687859594822 1.13194125890732 1.23888900876045 1.37578624486923 1.40574702620506 1.38719826936722 0.989490017294884 0.928271234035492 0.802677378058434 0.747668981552124 0.69198826700449 0.756685853004456 0.886861905455589 1.17333751916885 1.49086797237396
-9999 -9999 -9999 -9999 -9999 -9999 -9999 -9999 -9999 -9999 -9999 -9999 -9999 -9999 -9999 -9999 -9999 -9999 -9999 -9999 -9999 -9999 -9999 -9999 -9999 -9999 -9999 -9999 -9999 -9999 -9999 4.23617567334856 1.93640869855881 -9999 2.10493344068527 2.12326437234879 2.34422197937965 1.7066540569067 1.2878965139389 1.04392823576927 0.82744275033474 0.795979477465153 0.913643270730972 0.474981755018234 0.664813488721848 1.11980174481869 0.972359284758568 0.914289392530918 1.29262247681618 1.32393074035645 1.35014548897743 1.47243252396584 1.43865332007408 1.07882322371006 1.10913079977036 1.06267386674881 1.05574496090412 1.10253073275089 1.30063015222549 1.13831059634686 1.42062225937843 3.54633636985506
-9999 -9999 -9999 -9999 -9999 -9999 -9999 -9999 -9999 -9999 -9999 -9999 -9999 -9999 -9999 -9999 -9999 -9999 -9999 -9999 -9999 -9999 0.346259817481041 17.6409230232239 13.8856855630875 34.7872903347015 21.3289321660995 24.8226335048676 9.56808614730835 2.77663573622704 1.91662654280663 2.10167697072029 1.51416108012199 1.47524102032185 1.3036482334137 1.5126359462738 1.75302875041962 1.39602863788605 1.0002753585577 0.841414868831635 0.912349104881287 1.10659423470497 1.23268049955368 0.517578765749931 0.746391758322716 0.876966744661331 1.03202998638153 0.89426851272583 1.29958954453468 1.01172977685928 0.766519457101822 0.959707528352737 0.943732470273972 1.12828570604324 3.17212490737438 1.86691908538342 1.41559499502182 1.63594762980938 2.50202145295985 -9999 -9999 -9999
-9999 -9999 -9999 -9999 -9999 -9999 -9999 -9999 -9999 -9999 -9999 -9999 -9999 -9999 -9999 -9999 -9999 -9999 -9999 -9999 -9999 -9999 1.46567514538765 20.0222387313843 2.32851156592369 2.31441195309162 2.73019659519196 2.8972484394908 1.2101493626833 1.08579111099243 1.03669010102749 0.954713612794876 1.07101312279701 1.23188289999962 1.21508851647377 1.12183240056038 1.09558421373367 0.87008772790432 0.908375635743141 0.971170529723167 1.06788598001003 1.48186571896076 0.916094988584518 1.07657477259636 1.06217175722122 1.17991460859776 1.2410115301609 1.61568903923035 1.70634824037552 1.75180548429489 1.62055453658104 1.84841591119766 1.44315603375435 1.63072425127029 4.73702761530876 -9999 -9999 -9999 -9999 -9999 -9999 -9999
-9999 -9999 -9999 -9999 -9999 -9999 -9999 -9999 -9999 -9999 -9999 -9999 -9999 -9999 -9999 -9999 -9999 -9999 -9999 1.27449492303034 0.675539435818791 1.40693029761314 1.23178464174271 1.02456110715866 1.01494612544775 0.644092865288258 0.595426507294178 0.552955113351345 0.501833260059357 0.590713128447533 0.627973861992359 0.698309630155563 0.842246621847153 1.06986299157143 1.1284391283989 1.02288973331451 1.00067813694477 0.973973274230957 0.960927754640579 1.14448834955692 1.23176921904087 1.22270134091377 0.890595763921738 1.03112545609474 0.981573008000851 1.08069788664579 1.50521099567413 1.32607653737068 1.51524603366852 2.37420380115509 2.15949845314026 -9999 -9999 -9999 -9999 -9999 -9999 -9999 -9999 -9999 -9999 -9999
-9999 -9999 -9999 -9999 -9999 -9999 -9999 -9999 -9999 -9999 -9999 -9999 -9999 -9999 -9999 -9999 -9999 2.96497356891632 4.38659542798996 1.70096589624882 0.364068746566772 0.361854001879692 1.02137061953545 0.863727763295174 0.76912048459053 0.547275736927986 0.486040502786636 0.458242870867252 0.481321133673191 0.505991242825985 0.440823756158352 0.523907639086246 0.627680227160454 0.838532991707325 1.11758852005005 1.19392727315426 1.16241073608398 0.894282013177872 0.975871503353119 0.805559992790222 1.18105874955654 1.27043554186821 1.39462727308273 0.727950721979141 0.913797363638878 1.29503551125526 1.41907954216003 2.30136549472809 2.8780065625906 3.27825522422791 5.88402950763702 -9999 -9999 -9999 -9999 -9999 -9999 -9999 -9999 -9999 -9999 -9999
-9999 -9999 -9999 -9999 -9999 -9999 -9999 -9999 -9999 -9999 -9999 -9999 -9999 -9999 2.04801231622696 1.59271949529648 2.5373252928257 3.66577863693237 0.305185496807098 0.309567756950855 0.364175990223885 0.348130501806736 0.406175270676613 0.488882258534431 0.524315983057022 0.605448737740517 0.471028503030539 0.398733381181955 0.389499373733997 0.408649127930403 0.414166867733002 0.486603375524282 0.600252382457256 0.646198131144047 0.691390492022038 1.12683936953545 1.37618623673916 0.809623539447784 0.93758699297905 0.966953247785568 0.831351757049561 1.21546277403831 0.691461011767387 0.72689400985837 0.963200211524963 1.69975301623344 1.5098152756691 2.28807079792023 2.35257634520531 2.59814473986626 4.61697489023209 3.30009001493454 -9999 -9999 -9999 -9999 -9999 -9999 -9999 -9999 -9999 -9999
-9999 -9999 -9999 -9999 -9999 -9999 -9999 -9999 -9999 -9999 -9999 2.06823379778471 1.08231731504202 0.905064348131418 0.829082988202572 1.05366750061512 1.07180251926184 0.949928238987923 0.826123505830765 0.762086614966393 0.662400014698505 0.366432756185532 0.456667497754097 0.450518265366554 0.407466754317284 0.363859489560127 0.35886150598526 0.565317749977112 0.429626986384392 0.464761510491371 0.463217999786139 0.502925623208284 0.44490073621273 0.711206987500191 0.857857525348663 0.941138237714767 1.13357251882553 1.03733772039413 1.07923498749733 1.05270597338676 1.03774952888489 0.783005207777023 0.782686471939087 0.938119500875473 1.05293396115303 1.21970772743225 1.40928670763969 2.1749991774559 2.07393005490303 3.48729830980301 1.91539400815964 -9999 -9999 -9999 -9999 -9999 4.06862600459609 28.0164346694946 11.0800564885139 28.5837049484253 24.7467114584787 -9999
-9999 -9999 -9999 -9999 -9999 -9999 -9999 -9999 -9999 12.1181365932737 11.2749260147413 3.07213957607746 0.765107989311218 0.652542740106583 0.662061005830765 0.673632770776749 0.770900219678879 0.900504022836685 0.933726757764816 0.618777751922607 0.60903225839138 0.550397247076035 0.537639766931534 0.46630123257637 0.446429237723351 0.420833989977837 0.468629255890846 0.459668263792992 0.41065277159214 0.475263744592667 0.454335004091263 0.4582289904356 0.461298733949661 0.520235270261765 0.643617019057274 0.906293213367462 1.17624145746231 1.13383948802948 1.05086553096771 0.882572293281555 0.794947475194931 0.725756987929344 0.896779507398605 2.04922950267792 1.65494477748871 1.26056849956512 1.23084524273872 2.85197988152504 1.6778107881546 3.82319596409798 4.6199843287468 5.97341680526733 2.87380304932594 4.09589474745419 18.9868279695511 22.2094058990479 9.78011727333069 8.54075288772583 11.1030682325363 17.3844244480133 43.1574411392212 -9999
-9999 -9999 -9999 -9999 -9999 0.744988739490509 1.16903424263 1.10508716851473 0.716682739555836 0.574584379792213 0.694226235151291 1.02363154292107 1.15824374556541 0.867845982313156 0.791278481483459 0.779350519180298 0.748603507876396 0.819191247224808 0.847479790449142 0.396412488073111 0.390713252127171 0.63486447930336 0.651881977915764 0.737786248326302 0.636610507965088 0.359435990452766 0.328110001981258 0.327980250120163 0.394673243165016 0.485075265169144 0.528670504689217 0.556138515472412 0.488016754388809 0.71324023604393 0.628901258111 0.747377246618271 1.0324267745018 1.30253246426582 0.974813282489777 0.824261963367462 0.718040227890015 0.700881734490395 1.44369372725487 2.06116497516632 2.0115008354187 1.62911921739578 1.3812510073185 1.29006296396255 1.32763427495956 1.36453047394753 1.77330601215363 1.40925899147987 3.27207863330841 4.56043446063995 10.1778561472893 8.14940339326859 8.56922167539597 6.79311347007751 6.77751910686493 8.73493087291718 8.95147025585175 6.54312551021576
-9999 -9999 -9999 -9999 -9999 0.385337255895138 0.391328629106283 2.27156692743301 0.792641222476959 0.682876512408257 0.579815983772278 0.705999746918678 0.619355991482735 0.616117492318153 0.722214728593826 0.720372766256332 0.763022214174271 0.762152284383774 0.620291233062744 0.477685511112213 0.467445015907288 0.525866255164146 0.578863486647606 0.731581494212151 0.53457073867321 0.385756507515907 0.393192753195763 0.337287738919258 0.345560990273952 0.373279497027397 0.537355497479439 0.622665748000145 0.672855019569397 0.593832761049271 0.959898769855499 1.10314652323723 1.26313948631287 1.18468576669693 0.357612367719412 0.368591241538525 0.388044755905867 0.556880235671997 1.08808046579361 1.73728501796722 1.98017477989197 2.03020942211151 1.98452031612396 2.17024648189545 2.55758857727051 2.3727217912674 1.62586051225662 2.11142617464066 2.34859353303909 2.33857423067093 2.68764156103134 3.48956537246704 2.77348870038986 1.73347914218903 2.91163051128387 3.64172315597534 4.0710471868515 4.15232849121094
-9999 -9999 -9999 -9999 -9999 0.278092123568058 0.283752758055925 0.329514741897583 0.391363486647606 0.617826014757156 0.481895238161087 0.455187767744064 0.517895981669426 0.51680400967598 0.500476509332657 0.543410271406174 0.681284263730049 0.770639955997467 0.61710450053215 0.429749250411987 0.383919730782509 0.42865951359272 0.378553479909897 0.442425727844238 0.469363510608673 0.344099622219801 0.361046992242336 0.316465504467487 0.402806997299194 0.445075482130051 0.538332760334015 0.811951518058777 0.998823791742325 1.04459175467491 1.11880052089691 1.04380497336388 1.13117176294327 0.904578745365143 0.870389968156815 0.42705899477005 0.408163122832775 0.575971484184265 0.605421736836433 0.681945741176605 0.571324121206999 0.715327128767967 2.49955433607101 2.57921701669693 2.74473077058792 3.21598505973816 2.93961381912231 3.92624545097351 4.29568290710449 3.91143608093262 3.06367492675781 1.42981722950935 1.30547627806664 1.44414710998535 2.42005205154419 5.05119216442108 4.43066918849945 3.40036332607269
-9999 -9999 -9999 -9999 -9999 0.255223497748375 0.253630120307207 0.401001736521721 0.290520742535591 0.280478999018669 0.298842743039131 0.423187494277954 0.482439011335373 0.419965490698814 0.355937249958515 0.34145025908947 0.480446264147758 0.562474519014359 0.560156241059303 0.381286516785622 0.362913005053997 0.37474874407053 0.366142496466637 0.370430991053581 0.411308258771896 0.356262758374214 0.421416744589806 0.430332005023956 0.532254740595818 0.562461018562317 0.463374763727188 1.73004144430161 1.58399176597595 1.30676552653313 1.27800902724266 1.09795796871185 1.04499301314354 0.882267773151398 0.699754491448402 0.535023003816605 0.460238233208656 0.449623480439186 0.452663227915764 0.464278489351273 0.396359235048294 1.14297822117805 1.41160798072815 1.81856095790863 2.18345993757248 3.09328651428223 3.03367280960083 3.8481148481369 3.11544013023376 1.9481572508812 1.81376105546951 1.29154872894287 1.2367297410965 1.22745072841644 1.70397073030472 5.23699343204498 3.3929557800293 2.20809298753738
-9999 -9999 -9999 -9999 -9999 0.323047488927841 0.34383749216795 0.377120241522789 0.329977490007877 0.253458000719547 0.254606634378433 0.305247008800507 0.468329250812531 0.479504272341728 0.403953015804291 0.344785496592522 0.328828498721123 0.40470752120018 0.460187986493111 0.448178261518478 0.382737770676613 0.364796251058578 0.344467498362064 0.332928746938705 0.335648261010647 0.340031258761883 0.360659256577492 0.394461750984192 0.516629263758659 0.535453498363495 0.903834789991379 0.853116005659103 1.38837978243828 1.16917124390602 1.00088399648666 0.934659004211426 0.745531484484673 0.576058521866798 0.499174520373344 0.444078728556633 0.399866983294487 0.391335770487785 0.38187150657177 0.429986268281937 0.539459243416786 0.775048524141312 0.992470532655716 1.07116949558258 0.937836706638336 1.32549145817757 1.51813119649887 1.2544170320034 1.31677946448326 1.4733390212059 1.60559928417206 1.28498250246048 1.28932052850723 1.24026972055435 1.25316452980042 1.41460946202278 1.65650403499603 1.91986495256424
