EcologicalScience/Bass/data/rs_data_bass/chl_257.asc
NCOLS 226 
NROWS 124 
XLLCORNER -9.41648524995501 
YLLCORNER 47.587301625531 
CELLSIZE 0.0833 
NODATA_value -9999 
[rows 54 to 80 of 124, columns 124 to 185 of 226]
2.59858417510986 2.39695644378662 1.8368775844574 1.45714125037193 1.01274678111076 1.04059875011444 1.04903474450111 0.832407742738724 0.823433250188828 0.827063262462616 0.810894727706909 0.821394771337509 0.840797960758209 0.827860504388809 0.850841224193573 0.862715989351273 0.802743762731552 0.741530254483223 0.731117248535156 0.700062766671181 0.653071492910385 0.665741264820099 0.75489154458046 1.4407342672348 1.58435243368149 1.79957020282745 1.90120947360992 1.98257392644882 1.83824175596237 1.88375920057297 1.91849327087402 1.95844656229019 1.92449480295181 1.88007670640945 1.83060532808304 1.79915553331375 1.77086180448532 1.68515628576279 1.10040074586868 0.889402538537979 0.77123549580574 0.714668244123459 0.816931486129761 0.926754713058472 1.15608903765678 1.76526081562042 2.36005944013596 2.98547995090485 4.04548358917236 4.29890620708466 5.45264339447021 4.555988073349 6.85025668144226 7.64235234260559 8.79602637290954 6.02160662412643 7.20492482185364 6.92761695384979 15.0249602794647 14.9781279211876 6.07485350020631 -9999
2.90057319402695 2.37724792957306 3.79260313510895 2.54560947418213 2.04495978355408 1.6226812005043 1.36177951097488 1.2179152071476 0.873149245977402 0.790149718523026 0.862912505865097 0.77966246008873 0.824792236089706 0.745584771037102 0.801557958126068 0.857703745365143 0.760516494512558 0.736056759953499 0.754970222711563 0.841455727815628 0.941945225000381 0.998403757810593 1.42481249570847 1.68961197137833 1.78425228595734 1.8780974149704 1.86739057302475 1.8688650727272 1.86838728189468 1.87216955423355 1.78938603401184 1.73554283380508 1.52424895763397 1.39897200465202 1.26005923748016 1.13662871718407 1.17841798067093 1.02699145674706 0.771812260150909 0.810715466737747 0.806031793355942 0.861733496189117 0.951458215713501 1.33150425553322 2.0411040186882 3.55432426929474 3.64959311485291 4.94774866104126 5.64011263847351 5.8151843547821 6.92456531524658 6.25534529685974 6.40096764564514 8.35884833335876 11.7863832950592 10.2360171283164 10.5720698833466 -9999 -9999 -9999 -9999 -9999
2.15773504972458 2.27239948511124 2.23522800207138 2.942438185215 2.98187327384949 2.26027572154999 2.0059956908226 1.72235029935837 1.36662375926971 1.17496946454048 1.38205200433731 1.05333226919174 0.8255715072155 0.830873250961304 0.846948713064194 0.822880536317825 0.906741768121719 1.14532721042633 1.34702700376511 1.58859604597092 1.67724305391312 1.71525156497955 1.64165621995926 1.5585749745369 1.69793844223022 1.61427372694016 1.66757619380951 1.68603748083115 1.678278028965 1.77373123168945 1.45792347192764 1.27469927072525 1.03383672237396 0.901442259550095 0.88784846663475 0.893479496240616 0.946509003639221 0.763446718454361 0.735426753759384 0.805196285247803 0.933008998632431 0.884125471115112 1.4084415435791 1.85000091791153 2.04557400941849 2.59800231456757 8.73776650428772 3.81010969899456 4.62731921672821 4.95317506790161 4.93928647041321 6.67028313875198 8.99173498153687 10.3007463614146 -9999 -9999 -9999 -9999 -9999 -9999 -9999 -9999
2.65121626853943 2.81049674749374 2.35983824729919 2.09589225053787 2.24973142147064 4.06087732315063 8.65447854995728 5.78807544708252 2.4784739613533 1.29945302009583 1.22716203331947 1.20967876911163 0.831667542457581 0.855504781007767 0.819600015878677 1.07463973760605 1.332563996315 1.71670871973038 1.9124670624733 1.97883152961731 1.98818403482437 1.78687119483948 1.76868456602097 1.58031982183456 1.55180543661118 1.48863226175308 1.55286526679993 1.44909524917603 1.30422377586365 1.37685978412628 1.10803797841072 0.838823229074478 0.731894999742508 0.687717005610466 0.675885021686554 0.747435003519058 0.804500252008438 0.671148732304573 0.704115763306618 0.878018975257874 0.974124759435654 0.867949515581131 1.14301872253418 2.16741156578064 2.7295086979866 8.28754377365112 6.24202966690063 6.29265963921853 7.53716289997101 8.51518845558167 8.34164834022522 8.3093022108078 18.1323111534119 -9999 -9999 -9999 -9999 -9999 -9999 -9999 -9999 -9999
2.84611809253693 7.22686314582825 5.20526254177094 3.8032214641571 4.483154296875 5.20969891548157 0.872092455625534 1.24365001916885 1.75526994466782 1.46233946084976 1.08465296030045 0.914701491594315 0.779142022132874 0.810058504343033 0.919782757759094 1.06237578392029 1.77577203512192 1.87704741954803 2.02831506729126 1.99937921762466 1.89572632312775 1.63564431667328 1.69109845161438 1.68381518125534 1.48381125926971 1.36374825239182 1.13005721569061 0.988511234521866 0.911390215158463 0.849509239196777 0.763038039207458 0.641933262348175 0.626508727669716 0.638529002666473 0.677124738693237 0.696866244077682 0.687084764242172 0.702931478619576 0.773051977157593 0.932269513607025 0.998992502689362 1.33624720573425 2.2281659245491 3.50797212123871 23.8070737123489 9.32624073028564 11.3955222129822 12.1858981132507 10.5896234512329 11.5698621273041 10.7795844078064 6.66873478889465 73.2251248793169 -9999 -9999 -9999 -9999 -9999 -9999 -9999 -9999 -9999
-9999 3.98326349258423 2.84530583024025 2.52432632446289 2.42101612687111 2.15197478234768 0.998506486415863 1.00657349824905 1.43936929106712 1.67935717105865 1.37987923622131 0.935624241828918 1.03868848085403 0.964819461107254 0.929371476173401 1.14215478301048 1.86332470178604 1.92030519247055 1.95796501636505 1.92127132415771 1.71878331899643 1.52256971597672 1.45938527584076 1.49443799257278 1.33413147926331 1.1579107940197 0.795325487852097 0.680063232779503 0.579438731074333 0.551824495196342 0.580354481935501 0.581825986504555 0.602603271603584 0.655462503433228 0.679098755121231 0.682193979620934 0.710347518324852 0.739833757281303 0.785677492618561 0.85903126001358 1.10634827613831 2.39839124679565 3.71285712718964 3.06746935844421 3.8812860250473 -9999 8.44579064846039 10.1437414169312 11.3855838775635 10.0876979827881 61.9110864003499 62.3560414747758 63.3809158802032 44.0706779231196 -9999 -9999 -9999 -9999 -9999 -9999 -9999 -9999
-9999 -9999 -9999 -9999 -9999 2.28387522697449 2.79313182830811 1.94091364145279 2.89089578390121 2.55214941501617 2.4241908788681 1.45390579104424 1.76390326023102 1.13865450024605 1.34123021364212 1.65667873620987 1.64017581939697 1.71754503250122 1.79973524808884 1.8608130812645 1.41970503330231 1.28186479210854 1.18029373884201 0.954695999622345 0.956812530755997 0.912281960248947 0.692791521549225 0.62474325299263 0.551897987723351 0.60486151278019 0.639833271503448 0.639812260866165 0.653687238693237 0.660717755556107 0.641740500926971 0.64877025783062 0.670458018779755 0.656806513667107 0.682216510176659 0.74235226213932 1.25501623749733 1.83293473720551 3.47442734241486 7.21240210533142 8.73472166061401 20.0127032150343 -9999 -9999 -9999 -9999 61.8250694274902 55.2555649087236 64.5351255961827 22.0356946651752 -9999 -9999 -9999 -9999 -9999 -9999 -9999 -9999
-9999 -9999 -9999 -9999 -9999 -9999 -9999 -9999 2.35093882679939 2.14552843570709 2.15246933698654 2.13177591562271 1.66143000125885 1.70721817016602 1.13312396407127 1.70373147726059 1.61585175991058 1.53206545114517 1.68934571743011 1.6068314909935 1.34733375906944 1.01292300224304 0.830809503793716 0.75517800450325 0.622350007295609 0.705024003982544 0.665441259741783 0.628656730055809 0.633802503347397 0.684606000781059 0.671057984232903 0.685138508677483 0.661236763000488 0.652705505490303 0.66754724085331 0.716355755925179 0.725351259112358 0.757186532020569 0.729207739233971 1.29167774319649 1.65326392650604 2.75351929664612 4.71543145179749 9.94211912155151 7.00730072127448 29.0682649612427 -9999 -9999 -9999 -9999 17.548882484436 53.9936472851297 35.2889348306963 49.862828428095 49.1672269821167 36.4386209760393 -9999 -9999 -9999 -9999 -9999 -9999
-9999 -9999 -9999 -9999 -9999 -9999 -9999 -9999 -9999 -9999 3.83772391080856 3.1362726688385 2.91198456287384 2.26022243499756 1.70106822252274 2.27771025896072 1.78143292665482 1.65467548370361 1.62015527486801 1.62819904088974 1.42436403036118 1.02203178405762 0.799997270107269 0.730024516582489 0.659261271357536 0.683123230934143 0.652707740664482 0.643603518605232 0.759794265031815 0.709895253181458 0.668418020009995 0.66626925766468 0.723713994026184 0.744798749685287 0.778999507427216 0.827383518218994 0.753053247928619 0.763957500457764 0.699965268373489 1.37796223163605 2.06539279222488 3.32537418603897 16.9191269874573 22.9462144374847 13.6118805454773 -9999 -9999 -9999 -9999 -9999 -9999 -9999 9.82122544544499 42.0111654102802 48.936741232872 27.201654624939 10.8786277770996 -9999 -9999 -9999 -9999 -9999
-9999 -9999 -9999 -9999 -9999 -9999 -9999 -9999 -9999 4.3704868555069 3.19778960943222 2.4500727429986 3.42899250984192 3.11027026176453 2.75448596477509 2.17897117137909 1.95093154907227 1.84505993127823 1.83574873209 1.56971096992493 1.2824774980545 1.06125077605247 0.927593976259232 0.832804530858994 0.76372504234314 0.757863789796829 0.699417740106583 0.718460261821747 0.736964240670204 0.840347975492477 0.708286508917809 0.590477988123894 0.704362481832504 0.834123015403748 0.794030606746674 0.856986999511719 0.926247000694275 0.951644271612167 1.85324996709824 1.70452880859375 2.66829979419708 4.28107738494873 4.31545257568359 31.4993605613708 22.9056627842986 33.0447750091553 -9999 -9999 -9999 15.1546077728271 17.7531208992004 12.5618279457092 18.5531883239746 12.211047077179 54.5932089487712 41.7183265686035 15.736349598054 -9999 -9999 -9999 -9999 -9999
-9999 -9999 -9999 -9999 -9999 -9999 -9999 -9999 -9999 -9999 3.8482974427087 2.92583517730236 3.37687432765961 3.06301653385162 2.46728092432022 2.15522933006287 1.94519466161728 1.80735594034195 1.76717323064804 1.66998893022537 1.37557277083397 1.10841974616051 0.964901983737946 0.889229983091354 0.844884753227234 0.823987483978271 0.79543349146843 0.797367006540298 0.877783477306366 0.937169998884201 0.774440288543701 0.796165466308594 0.747559502720833 0.818726643919945 0.859785720705986 0.981827735900879 1.27299150824547 1.04968053102493 1.30551677942276 1.65032404661179 3.09781122207642 5.22657144069672 48.5613956451416 14.5452780246735 8.74631272010433 -9999 -9999 -9999 -9999 -9999 14.0839848518372 17.0300931930542 16.0042001008987 11.8332421302795 20.0991114102877 -9999 -9999 -9999 -9999 -9999 -9999 -9999
-9999 -9999 -9999 -9999 -9999 -9999 -9999 -9999 -9999 3.67937564849854 3.67394161224365 3.58670246601105 3.08284270763397 2.99750250577927 2.46038174629211 2.18062716722488 1.95209169387817 1.89198070764542 1.83370721340179 1.52683353424072 1.37544751167297 1.12881821393967 0.902007043361664 0.742392763495445 0.589076265692711 0.90328386425972 0.936428993940353 0.931989759206772 1.06157246232033 0.88419297337532 0.798304527997971 0.841497033834457 0.977281540632248 1.14844501018524 1.21124625205994 1.15432128310204 1.20707175135612 1.70647948980331 3.31421256065369 5.82817125320435 11.022230386734 8.46980595588684 29.4704332351685 6.19261340493137 3.86466658115387 -9999 -9999 -9999 -9999 -9999 48.6852131639973 12.2016823768616 13.0860940933228 -9999 -9999 -9999 -9999 -9999 -9999 -9999 -9999 -9999
-9999 -9999 -9999 -9999 -9999 -9999 -9999 -9999 -9999 4.42731732130051 3.04256329536438 3.50133311748505 3.28885495662689 2.69134801626205 2.46785777807236 2.17790257930756 1.84704530239105 1.75832319259644 1.46927627921104 1.23229497671127 1.15197524428368 1.0368637740612 0.965499758720398 0.863190025091171 0.936214864253998 0.937680020928383 0.971237987279892 1.00895923376083 0.979190289974213 0.833123981952667 0.751277267932892 0.839010715484619 1.37834626436234 1.56294375658035 1.49351701140404 1.67004525661469 3.74878263473511 6.80701518058777 10.578396320343 6.32221055030823 11.8321294784546 2.63187146186829 19.3925039291382 10.646533519319 3.86466693878174 -9999 -9999 -9999 -9999 12.1949715614319 -9999 -9999 -9999 -9999 -9999 -9999 -9999 -9999 -9999 -9999 -9999 -9999
-9999 -9999 -9999 -9999 -9999 -9999 -9999 -9999 -9999 3.9299468100071 3.34813892841339 3.56100976467133 3.25800383090973 2.84022742509842 2.41567271947861 2.14440983533859 1.77563399076462 1.51027643680573 1.19375851750374 1.13701200485229 1.08161026239395 1.06697398424149 1.00489497184753 0.896936237812042 0.888064473867416 0.86488276720047 0.895994961261749 0.866510957479477 0.731214746832848 0.687282755970955 0.709458008408546 1.2865477502346 1.9726454615593 1.6810274720192 1.78993356227875 2.0272890329361 4.08184432983398 6.41609001159668 7.79691123962402 12.4979953765869 6.39754438400268 9.97564435005188 5.27021961140988 -9999 -9999 -9999 -9999 -9999 -9999 -9999 -9999 -9999 -9999 -9999 -9999 -9999 -9999 -9999 -9999 -9999 -9999 -9999
-9999 -9999 -9999 -9999 -9999 -9999 -9999 -9999 -9999 3.81405293941498 3.58397340774536 3.41252624988556 3.17350959777832 2.59216868877411 2.36289596557617 2.0697877407074 1.68376278877258 1.4203454554081 1.19572421908379 1.11748874187469 1.07420253753662 1.02704778313637 0.977130711078644 1.00757101178169 0.953438222408295 0.960251212120056 1.04202675819397 0.938199788331985 0.7031309902668 0.716164514422417 0.79857525229454 1.84624654054642 2.2796459197998 2.3065282702446 2.30199980735779 2.41797083616257 5.27084863185883 7.20191431045532 10.5333173274994 16.0131425857544 10.0265303850174 4.9838999860427 9.04027128075979 -9999 -9999 -9999 -9999 -9999 -9999 -9999 -9999 -9999 -9999 -9999 -9999 -9999 -9999 -9999 -9999 -9999 -9999 -9999
-9999 -9999 -9999 -9999 -9999 -9999 -9999 3.28386068344116 3.68529471984276 3.55847918987274 3.33299911022186 3.02071738243103 3.02936840057373 2.16927516460419 2.02400851249695 1.85191655158997 1.57576131820679 1.32212850451469 1.15469321608543 1.1128012239933 1.12945649027824 1.12480428814888 1.06877025961876 1.04680198431015 1.03403252363205 1.00170224905014 1.08270978927612 1.15576127171516 1.08114221692085 1.07199373841286 1.17957597970963 1.71210819482803 1.98528742790222 2.24122273921967 2.39460450410843 2.89380151033401 4.44415211677551 6.52115392684937 16.266384601593 5.48044409751892 13.6309278265944 5.69786846637726 3.25656187534332 -9999 -9999 -9999 -9999 -9999 -9999 -9999 -9999 -9999 -9999 -9999 -9999 -9999 -9999 -9999 -9999 -9999 -9999 -9999
-9999 -9999 -9999 -9999 -9999 -9999 3.40498630868064 4.05196552276611 3.65478837490082 3.22701752185822 3.24331498146057 3.09605312347412 2.99234783649445 2.08914595842361 1.85258692502975 1.58483701944351 1.35129448771477 1.10711100697517 1.11079654097557 1.12621727585793 1.21460554003716 1.25345098972321 1.21152895689011 1.14721128344536 1.10735929012299 1.08153221011162 1.38898345828056 1.67718368768692 1.73921996355057 1.75695151090622 3.49284088611603 1.96208328008652 2.50234866142273 2.36583817005157 2.93199527263641 2.82241576910019 3.13964474201202 29.9338359832764 7.26978224515915 -9999 -9999 -9999 -9999 -9999 -9999 -9999 -9999 -9999 -9999 -9999 -9999 -9999 -9999 -9999 -9999 -9999 -9999 -9999 -9999 -9999 -9999 -9999
-9999 -9999 -9999 -9999 4.31173854444656 3.68641951450935 3.59348058700562 3.71372222900391 2.9684886932373 2.71532928943634 2.57862156629562 2.81747549772263 2.78946304321289 2.00246626138687 1.70479506254196 1.33353897929192 1.16622903943062 1.06067097187042 1.14141297340393 1.15307173132896 1.24047821760178 1.43142753839493 1.32760646939278 1.2151897251606 1.16898447275162 1.41404476761818 1.89300906658173 2.40322583913803 2.6299170255661 2.97826498746872 3.44500350952148 2.40302583575249 6.40105247497559 3.49825716018677 4.81649261713028 5.84441184997559 5.73593598604202 11.3653676280609 -9999 -9999 -9999 -9999 -9999 -9999 -9999 -9999 -9999 -9999 -9999 -9999 -9999 -9999 -9999 -9999 -9999 -9999 -9999 -9999 -9999 -9999 -9999 -9999
-9999 -9999 -9999 -9999 3.23772410785451 3.33796461515648 3.17859792709351 3.23431885242462 2.85789746046066 2.56578594446182 2.46105819940567 2.58675080537796 2.19463133811951 1.80602180957794 1.33646401762962 1.07727000117302 1.19567853212357 1.11591973900795 1.17543223500252 1.21879202127457 1.32958048582077 1.80721646547318 1.81687045097351 1.68789982795715 1.45147499442101 1.25132846832275 1.69238018989563 3.22024869918823 3.8314003944397 4.17977464199066 4.74408137798309 3.6033421754837 5.12735188007355 3.82641077041626 4.83511877059937 4.94566190242767 6.25176358222961 -9999 -9999 -9999 -9999 -9999 -9999 -9999 -9999 -9999 -9999 -9999 -9999 -9999 -9999 -9999 -9999 -9999 -9999 -9999 -9999 -9999 -9999 -9999 -9999 -9999
-9999 33.3688760682857 3.31305343882982 3.21498367675515 3.84063927616392 2.91005998849869 3.04468810558319 3.4127608537674 3.12160062789917 2.49826508760452 2.37753599882126 2.25883716344833 1.81900942325592 1.43928453326225 1.17669975757599 1.14978602528572 1.25174403190613 1.30912274122238 1.30561199784279 1.33611595630646 1.49870923161507 2.00975775718689 2.17362302541733 2.05723357200623 1.52685517072678 1.78724616765976 2.64762157201767 4.02728533744812 4.7050724029541 5.38631558418274 5.70900285243988 6.10811233520508 6.49240493774414 4.65638756752014 6.79557681083679 11.8637273961847 -9999 -9999 -9999 -9999 -9999 -9999 -9999 -9999 -9999 -9999 -9999 -9999 -9999 -9999 -9999 -9999 -9999 -9999 -9999 -9999 -9999 -9999 -9999 -9999 -9999 -9999
6.32216930389404 4.13133866612504 3.91873423869793 3.08171010017395 2.78098350763321 2.87340223789215 2.63191795349121 3.27813959121704 3.11997377872467 2.65511620044708 2.00517296791077 1.60862481594086 1.06627947092056 0.937060475349426 1.02948904037476 1.14380550384521 1.32336974143982 1.41840523481369 1.39745020866394 1.52539658546448 2.07165831327438 2.26277107000351 2.20133918523788 1.71896767616272 1.77786523103714 3.36167192459106 4.2712619304657 4.78906488418579 5.25054538249969 5.01854538917542 5.62781631946564 7.22618722915649 8.88313794136047 -9999 -9999 -9999 -9999 -9999 -9999 -9999 -9999 -9999 -9999 -9999 -9999 -9999 -9999 -9999 -9999 -9999 -9999 -9999 -9999 -9999 -9999 -9999 -9999 -9999 -9999 -9999 -9999 -9999
18.2322317470204 3.71655053751809 3.09232878684998 3.0430566072464 3.02379155158997 2.91883581876755 2.54122352600098 2.70107924938202 2.53575450181961 1.94080942869186 1.44337204098701 1.1423744559288 0.81650322675705 0.932675242424011 1.19180998206139 1.29566252231598 1.3911269903183 1.43434649705887 1.6001490354538 1.739118039608 2.06363922357559 2.07802283763885 1.81183344125748 1.52603405714035 3.28882491588593 5.06147611141205 6.53502988815308 6.92615675926208 5.29953002929688 5.46452486515045 6.34851694107056 7.4915714263916 9.35350871086121 13.5303498827494 9.86821672049436 5.75055528409553 -9999 -9999 -9999 -9999 -9999 -9999 -9999 -9999 -9999 -9999 -9999 -9999 -9999 -9999 -9999 -9999 -9999 -9999 -9999 -9999 -9999 -9999 -9999 -9999 -9999 -9999
3.01322758197784 2.98161828517914 2.94980925321579 2.79896324872971 2.78817307949066 2.60977131128311 2.43845933675766 2.28167098760605 1.95688354969025 1.52065122127533 1.12645277380943 0.95585623383522 0.81948521733284 1.01052153110504 1.11914098262787 1.34712821245193 1.51288658380508 1.61045175790787 1.72122001647949 1.76897406578064 1.82053577899933 1.95577651262283 1.4913427233696 1.90179151296616 4.6011403799057 7.0442590713501 8.18585658073425 7.3697555065155 6.75775194168091 9.83794641494751 6.54632240931193 -9999 -9999 -9999 -9999 -9999 -9999 -9999 -9999 -9999 -9999 -9999 -9999 -9999 -9999 -9999 -9999 -9999 -9999 -9999 -9999 -9999 -9999 -9999 -9999 -9999 -9999 -9999 -9999 -9999 -9999 -9999
3.629763007164 3.30957551300526 2.97301805019379 3.31708922982216 2.54808443784714 2.41425830125809 2.74057722091675 2.66723030805588 2.55563700199127 2.14218968153 1.31578722596169 0.778944790363312 1.04895150661469 1.23090371489525 1.41314551234245 1.638128221035 1.61249703168869 1.67798548936844 1.79244232177734 2.07601422071457 2.11009794473648 2.01594150066376 2.7595499753952 5.58671987056732 8.48741626739502 9.44224405288696 9.08406829833984 6.82647228240967 17.14035987854 13.3273258209229 32.9125843048096 8.94048476219177 -9999 -9999 -9999 -9999 -9999 -9999 27.4005376189502 12.6942715644836 -9999 -9999 -9999 -9999 -9999 -9999 -9999 -9999 -9999 -9999 -9999 -9999 -9999 -9999 -9999 -9999 -9999 -9999 -9999 -9999 -9999 -9999
3.52168394625187 4.19392204284668 4.30520305037498 4.32234184741974 4.44518682360649 3.75384673946782 2.9420771087919 2.61865657567978 2.96609705686569 1.9928662776947 1.31785503029823 1.18479296565056 1.48056524991989 1.92995256185532 1.84118396043777 1.96772700548172 1.87603497505188 1.89365547895432 2.22851407527924 2.70083320140839 2.85832875967026 3.13752686977386 3.57477807998657 6.10354900360107 8.90960597991943 11.2136907577515 7.63042044639587 6.14949774742126 7.01089096069336 12.2493567466736 8.68521502899797 3.42093944549561 -9999 -9999 -9999 -9999 -9999 -9999 -9999 -9999 -9999 -9999 -9999 -9999 -9999 -9999 -9999 -9999 -9999 -9999 -9999 -9999 -9999 -9999 -9999 -9999 -9999 -9999 -9999 -9999 -9999 -9999
-9999 -9999 -9999 -9999 -9999 4.0740442025034 3.51147496700287 3.05723762512207 2.22025573253632 1.32150077819824 1.68769723176956 2.44793701171875 2.73361194133759 3.24874663352966 2.99256527423859 2.55993819236755 2.53819727897644 2.53497594594955 2.70611178874969 3.13679695129395 3.28431916236877 3.24487209320068 3.58034992218018 6.3144006729126 7.63341379165649 3.74251782894135 -9999 -9999 -9999 -9999 -9999 -9999 -9999 -9999 -9999 -9999 -9999 -9999 -9999 -9999 -9999 -9999 -9999 -9999 -9999 -9999 -9999 -9999 -9999 -9999 -9999 -9999 -9999 -9999 -9999 -9999 -9999 -9999 -9999 -9999 -9999 -9999
-9999 -9999 -9999 -9999 -9999 -9999 2.49220275878906 1.96338075399399 1.37268447875977 1.45409399271011 1.71751266717911 2.28626024723053 2.69003766775131 3.20064532756805 3.33225059509277 3.17760765552521 3.58641886711121 3.45888590812683 3.36149704456329 3.4682811498642 3.33598709106445 3.33894824981689 3.81614184379578 3.26321320417451 -9999 -9999 -9999 -9999 -9999 -9999 -9999 -9999 -9999 -9999 -9999 -9999 -9999 -9999 -9999 -9999 -9999 -9999 -9999 -9999 -9999 -9999 -9999 -9999 -9999 -9999 -9999 -9999 -9999 -9999 -9999 -9999 -9999 -9999 -9999 -9999 -9999 -9999
