EcologicalScience/Bass/data/rs_data_bass/chl_426.asc
NCOLS 226 
NROWS 124 
XLLCORNER -9.41648524995501 
YLLCORNER 47.587301625531 
CELLSIZE 0.0833 
NODATA_value -9999 
[rows 54 to 80 of 124, columns 124 to 185 of 226]
2.54814380407333 2.33007448911667 1.89257097244263 1.94976156949997 2.34093368053436 2.62191224098206 3.31351804733276 3.18816983699799 3.23395943641663 3.16524088382721 3.19394159317017 3.27152466773987 3.38535690307617 3.33356845378876 3.09885907173157 3.17436754703522 2.96986055374146 2.63192707300186 2.78683733940125 2.7786231637001 2.55236095190048 2.28709280490875 1.94655150175095 1.86747676134109 1.89817357063293 1.95949494838715 2.07053178548813 2.06485801935196 1.88821417093277 1.91039246320724 1.95658278465271 2.04302179813385 2.10458242893219 2.03008496761322 2.08069270849228 2.17380076646805 1.9970737695694 1.92028731107712 1.69670552015305 1.73829978704453 1.69714719057083 1.77273380756378 1.90117800235748 1.98877269029617 2.08984279632568 2.1779460310936 2.33925980329514 2.67619049549103 3.40902078151703 3.98922228813171 3.40655171871185 3.61402130126953 4.88386344909668 4.74820733070374 4.15956008434296 4.32223892211914 4.75101685523987 5.26782166957855 5.33651697635651 8.94017225060581 -9999 -9999
3.18541574478149 2.6745525598526 1.87056219577789 2.0016855597496 2.5816125869751 2.67721116542816 2.97835206985474 3.24292266368866 3.04997313022614 3.26116061210632 3.27591526508331 3.27964961528778 3.19587457180023 3.30264830589294 3.39706420898438 3.43146514892578 3.39038407802582 2.68878221511841 2.75361603498459 2.76650404930115 2.88664716482162 2.96409898996353 2.19647920131683 1.95004498958588 2.01178050041199 2.05151546001434 2.19480156898499 2.22887849807739 2.11530750989914 2.10009831190109 2.0520892739296 2.19417679309845 2.11225122213364 2.10503393411636 2.22597974538803 2.17847031354904 2.08366799354553 1.91849917173386 1.75968307256699 1.68481653928757 1.74016946554184 1.86299782991409 1.9746989607811 2.37645667791367 2.52569317817688 2.77034854888916 3.11656808853149 3.6403169631958 4.15025532245636 5.14184629917145 5.81323158740997 4.57731807231903 4.72542822360992 5.91100323200226 5.23373687267303 4.91648232936859 10.5720698833466 -9999 -9999 -9999 -9999 -9999
3.67690944671631 3.06710314750671 2.24611276388168 2.09124147891998 2.35090577602386 3.22077512741089 3.32766222953796 3.39140188694 3.19860363006592 3.03758096694946 3.04582715034485 3.21484136581421 3.38666117191315 3.36506760120392 3.43048202991486 3.411416888237 3.48980391025543 3.23646748065948 3.0127387046814 2.84479343891144 3.084263920784 2.94566094875336 2.68021953105927 2.07919943332672 1.96257680654526 1.97537541389465 2.14629292488098 2.1124125123024 2.03519922494888 2.16260093450546 2.23621881008148 2.22237592935562 2.26354050636292 2.16576147079468 2.05403029918671 1.9546177983284 1.85624241828918 1.94550901651382 1.97779941558838 1.95748418569565 1.86243742704391 1.9431157708168 2.46247351169586 2.89490854740143 3.37333738803864 3.74625134468079 4.34871518611908 2.95564715713263 5.48467016220093 5.3027052283287 5.33235001564026 4.87392389774323 5.51031708717346 5.82041639941079 -9999 -9999 -9999 -9999 -9999 -9999 -9999 -9999
3.79697477817535 3.24190199375153 2.63673967123032 2.37325197458267 2.40477454662323 2.87485867738724 3.79192042350769 3.80992269515991 3.66978013515472 3.44846105575562 3.12950170040131 3.28088629245758 3.49064934253693 3.48383188247681 3.45118868350983 3.51134991645813 3.53674113750458 3.61769342422485 3.28288042545319 3.06902182102203 3.22506594657898 3.60743486881256 3.15405142307281 2.63780093193054 1.94934672117233 1.74553942680359 1.81578826904297 1.94869869947433 1.86556881666183 2.0226554274559 2.10693830251694 2.21518421173096 2.26636201143265 2.22712200880051 2.05608451366425 1.93225568532944 1.79326719045639 1.99589091539383 1.8736919760704 1.79528993368149 1.77230930328369 1.94619530439377 2.46353781223297 3.06150376796722 3.69911992549896 5.47330141067505 4.40246558189392 20.9022700225606 4.93542587757111 4.8125581741333 6.85855865478516 3.32529616355896 4.77300399541855 11.5164499282837 -9999 -9999 -9999 -9999 -9999 -9999 -9999 -9999
3.79904544353485 3.61164379119873 3.53842055797577 3.34099423885345 3.17800498008728 3.08693790435791 2.80141568183899 2.58661723136902 2.38760554790497 2.64479702711105 2.89406096935272 2.95679926872253 3.28349411487579 3.58717131614685 3.62354779243469 3.47509360313416 3.60339903831482 3.65447330474854 3.67133474349976 3.19065284729004 2.87068802118301 3.9537878036499 3.730428814888 3.61625182628632 2.41915726661682 1.80522072315216 1.61493444442749 1.70376366376877 1.73830193281174 1.78110444545746 2.00036019086838 2.33562380075455 2.41718924045563 2.525475025177 2.53979927301407 2.5300732254982 2.05085474252701 1.8748072385788 1.83209699392319 1.66180354356766 1.69258725643158 2.11951267719269 2.54985755681992 3.61189591884613 5.37467157840729 5.5334655046463 9.48308372497559 6.11330902576447 11.7062859535217 8.68761920928955 8.99017310142517 15.0906883478165 39.0583534240723 -9999 -9999 -9999 -9999 -9999 -9999 -9999 -9999 -9999
25.4568436522233 3.51759588718414 3.82950139045715 3.74977111816406 3.66384887695312 3.83271753787994 3.32011198997498 3.10385012626648 2.80442243814468 2.48248046636581 2.70641469955444 3.24302637577057 3.39012444019318 3.60372376441956 3.72341179847717 3.59913003444672 3.47204339504242 3.551922082901 3.60499656200409 3.50820207595825 3.35698127746582 3.12449240684509 3.87398779392242 3.52821958065033 3.24906885623932 1.84685254096985 1.55233347415924 1.66928708553314 1.7826434969902 1.8656467795372 2.05397844314575 2.35322105884552 2.4798059463501 2.60300928354263 2.59333795309067 2.8256002664566 2.66981703042984 2.66191041469574 2.36672401428223 1.76997148990631 1.97033250331879 2.0475937128067 2.44442027807236 4.25587570667267 14.2912673950195 -9999 16.8552333712578 6.16093772649765 7.54245150089264 5.1964852809906 21.5513219833374 34.5996580123901 26.065808057785 28.8578987121582 -9999 -9999 -9999 -9999 -9999 -9999 -9999 -9999
-9999 -9999 -9999 -9999 -9999 2.28387522697449 4.45505082607269 3.77678239345551 3.38644409179688 3.00643408298492 3.04952538013458 2.88897442817688 3.0943808555603 3.47681307792664 3.53515720367432 3.58298921585083 3.23955810070038 3.31218445301056 3.3163104057312 3.29081618785858 3.48017406463623 3.50020337104797 3.49872386455536 3.22389900684357 3.36529934406281 1.33140295743942 1.40206128358841 1.61354631185532 1.68973052501678 1.70720779895782 2.02538108825684 2.11501049995422 2.18021392822266 2.28167027235031 2.51553225517273 3.00227630138397 3.13893985748291 3.00612616539001 3.07941591739655 3.09892272949219 2.55813449621201 2.38062518835068 2.83510047197342 3.92289841175079 7.48427081108093 11.8723337916495 -9999 -9999 -9999 -9999 24.6005201339722 19.8591356277466 27.5444583892822 68.6145639631483 -9999 -9999 -9999 -9999 -9999 -9999 -9999 -9999
-9999 -9999 -9999 -9999 -9999 -9999 -9999 -9999 3.65658223628998 3.88206589221954 3.19471120834351 2.8984027504921 2.83077067136765 3.0959061384201 3.27955484390259 3.44648015499115 3.32776343822479 3.26795768737793 3.41741716861725 3.22393727302551 3.44557857513428 2.97198075056076 3.16965615749359 3.25406241416931 2.57331597805023 1.49794274568558 1.260329246521 1.43310526013374 1.57899749279022 1.5671010017395 1.82715600728989 2.07936894893646 2.26104301214218 2.30766677856445 2.39108848571777 2.821324467659 3.04017663002014 3.46780729293823 3.30189442634583 3.79820716381073 4.00306713581085 5.25906157493591 5.00464797019958 4.8176017999649 21.2493966221809 29.0682649612427 -9999 -9999 -9999 -9999 17.548882484436 17.592408657074 11.9047286510468 14.5836539268494 17.3955960273743 21.4202771186829 -9999 -9999 -9999 -9999 -9999 -9999
-9999 -9999 -9999 -9999 -9999 -9999 -9999 -9999 -9999 -9999 3.3522412776947 2.98307400941849 2.92541545629501 2.94177442789078 3.21534991264343 3.30434989929199 3.270299077034 3.27704322338104 3.18129372596741 3.34388637542725 3.3123893737793 2.98041754961014 2.6191703081131 3.16506958007812 3.4364401102066 2.12609016895294 1.53951448202133 1.32025650143623 1.3792949616909 1.61502528190613 1.7579864859581 2.05752450227737 2.41373777389526 2.50068533420563 2.62767666578293 3.00340712070465 3.03880727291107 3.37339961528778 4.11817359924316 5.55709433555603 5.17396438121796 5.9937869310379 9.83896422386169 7.3981626033783 10.8177009896167 -9999 -9999 -9999 -9999 -9999 -9999 -9999 8.97186321092815 11.0769996643066 14.2975945472717 17.7474617958069 10.8786277770996 -9999 -9999 -9999 -9999 -9999
-9999 -9999 -9999 -9999 -9999 -9999 -9999 -9999 -9999 4.3704868555069 3.73908913135529 3.21455240249634 3.00797760486603 3.15572190284729 3.32825767993927 3.59539711475372 3.40895104408264 3.27179038524628 3.22607338428497 3.11626660823822 3.10214567184448 3.32142376899719 3.06818640232086 2.78345257043839 3.88207268714905 3.88233089447021 2.14580029249191 1.57813507318497 1.57571768760681 1.92525744438171 2.08997476100922 2.31715124845505 2.48403668403625 2.54241532087326 2.76494550704956 3.07808697223663 3.17447340488434 3.34087944030762 4.28372240066528 4.82028150558472 3.93953633308411 4.68562567234039 5.88648819923401 8.9705171585083 13.7919810564773 33.0447750091553 -9999 -9999 -9999 20.1261497906276 13.282021522522 11.9298269748688 11.3647813796997 11.1242516040802 11.981226682663 13.951201915741 14.6738341296161 -9999 -9999 -9999 -9999 -9999
-9999 -9999 -9999 -9999 -9999 -9999 -9999 -9999 -9999 -9999 3.87103807926178 3.32313215732574 3.08725118637085 3.44709384441376 3.98418509960175 4.08782386779785 3.92125332355499 3.66531157493591 3.35739433765411 3.1113463640213 3.04220116138458 3.23783040046692 3.50980353355408 3.07042944431305 2.89391773939133 3.29426407814026 2.3777174949646 1.7141797542572 2.00076752901077 2.45186841487885 2.76817417144775 3.09052348136902 3.07685923576355 2.83162879943848 2.8418453335762 2.97066003084183 3.46497166156769 4.33329963684082 5.24329662322998 4.01043891906738 3.56952667236328 4.51722979545593 22.5472655296326 33.5360956192017 7.66086004833573 -9999 -9999 -9999 -9999 -9999 13.437931741987 13.7987606048584 15.4885648318699 13.4332666397095 11.9133203029633 -9999 -9999 -9999 -9999 -9999 -9999 -9999
-9999 -9999 -9999 -9999 -9999 -9999 -9999 -9999 -9999 3.67937564849854 3.56847882270813 3.43036115169525 3.12183380126953 3.30339682102203 4.01723563671112 3.92540180683136 3.66752779483795 3.66099286079407 3.53210699558258 3.23216700553894 3.15426599979401 3.21027159690857 3.38921785354614 3.66799199581146 4.30732440948486 2.67872393131256 1.63594722747803 1.71798455715179 2.23155748844147 2.63937002420425 3.13683235645294 3.85513186454773 3.66924297809601 3.15081882476807 2.91270679235458 3.12572550773621 3.58423054218292 5.46945905685425 6.48315024375916 4.16583073139191 3.54447305202484 4.958340883255 15.6463408470154 6.42751968717112 3.86466658115387 -9999 -9999 -9999 -9999 -9999 12.6391512751579 18.1152732712882 17.8645977973938 25.0820135248118 -9999 -9999 -9999 -9999 -9999 -9999 -9999 -9999
-9999 -9999 -9999 -9999 -9999 -9999 -9999 -9999 -9999 4.35876452922821 3.83574235439301 3.68480837345123 3.8419725894928 3.83201909065247 4.11626029014587 3.93749034404755 3.65541958808899 3.73175168037415 3.52142786979675 3.2931547164917 3.16992008686066 3.29906165599823 3.45838952064514 4.51882660388947 3.44223511219025 1.71605318784714 1.6887366771698 1.89964127540588 2.53595781326294 3.61641132831573 4.55562973022461 5.15067207813263 3.70345437526703 2.97439044713974 2.55484718084335 2.98086905479431 4.8331561088562 6.89145612716675 5.2906801700592 3.51187348365784 3.71381092071533 11.590758562088 10.1700031757355 8.32260133745601 3.86466693878174 -9999 -9999 -9999 -9999 12.1949715614319 -9999 -9999 -9999 -9999 -9999 -9999 -9999 -9999 -9999 -9999 -9999 -9999
-9999 -9999 -9999 -9999 -9999 -9999 -9999 -9999 -9999 3.65885782241821 3.58215165138245 3.29881739616394 3.28993284702301 3.03673052787781 4.04283678531647 3.86436295509338 3.80962729454041 3.80740427970886 3.53491115570068 3.44338738918304 3.48473846912384 3.78124952316284 4.04719054698944 3.41436445713043 1.93591278791428 1.79023432731628 1.66513270139694 2.23041218519211 3.01033365726471 3.92819917201996 4.24736166000366 4.14716613292694 3.45208346843719 2.99331378936768 3.30808782577515 4.23972737789154 7.99485182762146 8.04008102416992 5.3047513961792 4.43936920166016 6.10054993629456 10.4920456409454 8.67583066314014 -9999 -9999 -9999 -9999 -9999 -9999 -9999 -9999 -9999 -9999 -9999 -9999 -9999 -9999 -9999 -9999 -9999 -9999 -9999
-9999 -9999 -9999 -9999 -9999 -9999 -9999 -9999 14.2072964532035 3.72916424274445 3.87048161029816 3.78531968593597 3.61908602714539 3.77074491977692 3.92727899551392 3.83199834823608 3.66352200508118 3.70854163169861 3.69650638103485 3.53633916378021 3.79876863956451 4.96949315071106 4.36590313911438 3.05149948596954 2.27573919296265 2.12932866811752 2.23480725288391 3.05185782909393 3.08055746555328 3.30194985866547 3.57977843284607 3.36739504337311 2.96866357326508 2.94334119558334 4.574010014534 8.66870641708374 13.6888461112976 10.4520950317383 6.38689041137695 4.30201935768127 4.1723917722702 9.69176839218765 14.2394568632884 -9999 -9999 -9999 -9999 -9999 -9999 -9999 -9999 -9999 -9999 -9999 -9999 -9999 -9999 -9999 -9999 -9999 -9999 -9999
-9999 -9999 -9999 -9999 -9999 -9999 -9999 3.28386068344116 3.85161177814007 4.76052510738373 4.63607847690582 4.26975667476654 3.95397734642029 3.88126873970032 3.83104634284973 3.72123527526855 3.55474734306335 3.56325745582581 3.54844665527344 3.67327487468719 4.27485358715057 5.44058704376221 3.80918633937836 2.85590332746506 2.60419571399689 2.65777570009232 3.08513689041138 3.47490763664246 2.79303002357483 2.63360702991486 2.90062272548676 2.89933955669403 2.87378025054932 3.40677738189697 4.09026539325714 5.63829231262207 6.88483858108521 8.58170127868652 7.4281268119812 5.69488263130188 20.7598425861701 5.69786846637726 3.25656187534332 -9999 -9999 -9999 -9999 -9999 -9999 -9999 -9999 -9999 -9999 -9999 -9999 -9999 -9999 -9999 -9999 -9999 -9999 -9999
-9999 -9999 -9999 -9999 -9999 -9999 3.99095433098929 5.24660038948059 5.23987483978271 4.46631681919098 4.04563736915588 4.07535016536713 3.94957888126373 3.93791341781616 3.5700398683548 3.41207098960876 3.46071588993073 3.38661682605743 3.54471158981323 3.90981531143188 4.51256096363068 4.56729733943939 3.29419791698456 2.95945805311203 2.80314517021179 2.55135083198547 3.01747584342957 2.81465095281601 2.78449648618698 2.72702407836914 3.5593056678772 3.88067328929901 3.18870449066162 3.70757031440735 4.664879322052 5.34828436374664 6.58257007598877 6.47791814804077 5.91606688499451 -9999 -9999 -9999 -9999 -9999 -9999 -9999 -9999 -9999 -9999 -9999 -9999 -9999 -9999 -9999 -9999 -9999 -9999 -9999 -9999 -9999 -9999 -9999
-9999 -9999 -9999 -9999 8.64250791072845 4.01124853747232 3.84484796864646 4.25577759742737 3.69620025157928 3.78988659381866 3.80878043174744 3.87011182308197 3.79180490970612 3.90241813659668 3.73539519309998 3.35800194740295 3.23193740844727 3.39062547683716 3.55746960639954 3.38742899894714 3.19768130779266 2.70378667116165 2.81437128782272 2.7836047410965 2.93899583816528 2.59557741880417 2.73425620794296 3.2681872844696 3.60153222084045 4.15439021587372 4.86752843856812 5.04956567287445 5.072310090065 7.68062496185303 8.25143265724182 9.39166259765625 5.68270406126976 4.79866719245911 -9999 -9999 -9999 -9999 -9999 -9999 -9999 -9999 -9999 -9999 -9999 -9999 -9999 -9999 -9999 -9999 -9999 -9999 -9999 -9999 -9999 -9999 -9999 -9999
-9999 -9999 -9999 -9999 4.46439063549042 4.00564455986023 3.74741624082838 3.63074490002223 4.87184858322144 3.88975560665131 3.59165167808533 3.71031510829926 4.07879483699799 4.06895184516907 3.6001889705658 3.42704236507416 3.3718535900116 3.30525541305542 3.12341094017029 2.8703430891037 2.57487827539444 2.20206141471863 2.2877197265625 2.63168317079544 2.88930594921112 2.88070428371429 3.22412395477295 3.724329829216 5.08285796642303 7.308753490448 6.83130955696106 7.52755379676819 8.94422006607056 11.9816951751709 13.7001028060913 17.8607769012451 17.0386161804199 -9999 -9999 -9999 -9999 -9999 -9999 -9999 -9999 -9999 -9999 -9999 -9999 -9999 -9999 -9999 -9999 -9999 -9999 -9999 -9999 -9999 -9999 -9999 -9999 -9999
-9999 60.7085148156022 9.61751560064463 3.83573269844055 3.87344236033303 3.58223840168544 3.39196765422821 3.36865251404899 4.87128138542175 4.0929651260376 3.5542573928833 3.78261315822601 4.20218181610107 3.45528137683868 3.21845841407776 3.27218556404114 2.78513556718826 2.589195728302 2.49732756614685 2.53834944963455 2.44901257753372 2.12225317955017 2.22156071662903 2.62592482566833 2.84217077493668 3.45015156269073 4.03893685340881 4.83272838592529 7.42377662658691 9.06433725357056 7.63298320770264 11.007622718811 18.1854114532471 15.95600938797 7.23832782109579 34.0421872417977 -9999 -9999 -9999 -9999 -9999 -9999 -9999 -9999 -9999 -9999 -9999 -9999 -9999 -9999 -9999 -9999 -9999 -9999 -9999 -9999 -9999 -9999 -9999 -9999 -9999 -9999
3.53906172513962 7.12713938492995 7.10641306638718 3.90484479495457 3.53106067861829 3.76763570308685 3.46731805801392 3.52691791738783 5.05929887294769 4.09301340579987 3.811643242836 3.91585063934326 3.19438934326172 2.69398874044418 3.35437345504761 2.55225741863251 2.36417323350906 2.37060981988907 2.64552372694016 2.74147421121597 2.34543532133102 2.156345307827 2.39691907167435 2.66908943653107 3.63361966609955 4.26667714118958 5.25383627414703 6.67378878593445 8.27771973609924 8.52903914451599 14.1674852371216 19.7605834007263 19.3637509346008 -9999 -9999 -9999 -9999 -9999 -9999 -9999 -9999 -9999 -9999 -9999 -9999 -9999 -9999 -9999 -9999 -9999 -9999 -9999 -9999 -9999 -9999 -9999 -9999 -9999 -9999 -9999 -9999 -9999
3.6622448861599 3.94275949001312 3.8662269115448 3.67990612983704 4.75498652458191 3.80387496948242 3.61747008562088 3.93872845172882 3.9141651391983 4.09748768806458 3.78502571582794 3.74498176574707 2.46168977022171 2.83036583662033 2.76934880018234 2.37770855426788 2.32606208324432 2.77999716997147 3.25047361850739 2.84535151720047 2.35183882713318 2.30063098669052 2.59667176008224 4.11560761928558 4.72649717330933 5.39037358760834 5.44520258903503 5.84549617767334 8.98812031745911 11.0493915081024 15.1873927116394 17.2285451889038 25.2680912017822 6.08822937905788 6.45644515603781 7.97189708550771 -9999 -9999 -9999 -9999 -9999 -9999 -9999 -9999 -9999 -9999 -9999 -9999 -9999 -9999 -9999 -9999 -9999 -9999 -9999 -9999 -9999 -9999 -9999 -9999 -9999 -9999
4.75483560562134 3.64385461807251 4.89584684371948 4.9000529050827 4.61068189144135 4.79619812965393 4.475794672966 4.22250151634216 3.94062960147858 3.84695935249329 3.84168004989624 3.77424001693726 2.56524521112442 2.74693125486374 2.14393723011017 2.10259652137756 2.69880366325378 3.23923587799072 3.18036210536957 2.96176046133041 2.37271732091904 2.64736425876617 4.09347009658813 5.64883053302765 5.06543254852295 5.37145793437958 5.39032280445099 6.07765173912048 12.0809841156006 13.9125866889954 11.1327943650159 -9999 -9999 -9999 -9999 -9999 -9999 -9999 -9999 -9999 -9999 -9999 -9999 -9999 -9999 -9999 -9999 -9999 -9999 -9999 -9999 -9999 -9999 -9999 -9999 -9999 -9999 -9999 -9999 -9999 -9999 -9999
4.47501003742218 4.51339638233185 4.21525132656097 5.26809060573578 5.23058867454529 4.85010159015656 5.09115958213806 4.69094717502594 3.74893963336945 3.77579247951508 4.49606108665466 3.31366503238678 2.57098871469498 2.19358420372009 2.22318524122238 2.44363349676132 2.82748121023178 2.89311593770981 2.49015069007874 2.59093880653381 2.88490730524063 4.01819336414337 5.65561509132385 5.50608372688293 6.10769033432007 5.75216996669769 6.17317342758179 8.2948043346405 13.3697519302368 7.5960373878479 5.59997642040253 6.18227229799543 -9999 -9999 -9999 -9999 -9999 -9999 33.1260125453656 12.6942715644836 -9999 -9999 -9999 -9999 -9999 -9999 -9999 -9999 -9999 -9999 -9999 -9999 -9999 -9999 -9999 -9999 -9999 -9999 -9999 -9999 -9999 -9999
5.31600403785706 5.12152361869812 4.95678555965424 5.04837334156036 4.80197050094604 4.38173471178327 3.85610747337341 3.60727858543396 3.53714561462402 4.04229819774628 3.99403202533722 2.07107770442963 2.08155083656311 2.08168655633926 2.16897529363632 2.32269823551178 2.53698599338531 2.64153081178665 2.81356644630432 3.32699024677277 3.6987601518631 4.53111004829407 4.98820424079895 5.29521667957306 6.11183595657349 6.32163548469543 5.85741233825684 6.46704125404358 5.88810360431671 5.82026267051697 4.89747591175302 3.42093944549561 -9999 -9999 -9999 -9999 -9999 -9999 -9999 -9999 -9999 -9999 -9999 -9999 -9999 -9999 -9999 -9999 -9999 -9999 -9999 -9999 -9999 -9999 -9999 -9999 -9999 -9999 -9999 -9999 -9999 -9999
-9999 -9999 -9999 -9999 -9999 5.59924188527194 5.88067445158958 3.5892151594162 3.56872200965881 3.92404496669769 3.08234095573425 1.96894133090973 2.17471271753311 2.33071804046631 2.32580405473709 2.53374141454697 3.33677101135254 4.12724626064301 4.97010433673859 4.87577247619629 4.43835818767548 4.6924170255661 4.76187443733215 5.33470706641674 5.88622804121538 5.18095326253346 -9999 -9999 -9999 -9999 -9999 -9999 -9999 -9999 -9999 -9999 -9999 -9999 -9999 -9999 -9999 -9999 -9999 -9999 -9999 -9999 -9999 -9999 -9999 -9999 -9999 -9999 -9999 -9999 -9999 -9999 -9999 -9999 -9999 -9999 -9999 -9999
-9999 -9999 -9999 -9999 -9999 -9999 4.5576696395874 5.06598436832428 3.51479995250702 2.7694965004921 2.13725781440735 2.27634072303772 2.31498456001282 2.39398491382599 2.74141645431519 3.33509910106659 4.21336591243744 4.87254524230957 5.40913259983063 4.37642097473145 4.5845639705658 4.56950390338898 13.2221734523773 6.88439672407897 -9999 -9999 -9999 -9999 -9999 -9999 -9999 -9999 -9999 -9999 -9999 -9999 -9999 -9999 -9999 -9999 -9999 -9999 -9999 -9999 -9999 -9999 -9999 -9999 -9999 -9999 -9999 -9999 -9999 -9999 -9999 -9999 -9999 -9999 -9999 -9999 -9999 -9999
