EcologicalScience/Bass/data/rs_data_bass/chl_354.asc
NCOLS 226 
NROWS 124 
XLLCORNER -9.41648524995501 
YLLCORNER 47.587301625531 
CELLSIZE 0.0833 
NODATA_value -9999 
[rows 54 to 80 of 124, columns 0 to 61 of 226]
-9999 -9999 -9999 -9999 -9999 -9999 -9999 -9999 -9999 -9999 -9999 -9999 -9999 -9999 -9999 -9999 -9999 -9999 -9999 -9999 -9999 -9999 -9999 -9999 -9999 -9999 -9999 -9999 -9999 -9999 -9999 -9999 -9999 -9999 -9999 -9999 -9999 -9999 5.28357110650416 3.17151689529419 1.87691164868219 1.59634727239609 1.51740378141403 0.892813503742218 0.967730462551117 0.983706369996071 0.90012750774622 0.901492863893509 1.17234724760056 0.98651972413063 0.987664252519608 0.924350246787071 1.15258374810219 1.69508922100067 1.91183316707611 2.10753518342972 2.1914849281311 2.202401304245 -9999 0.607058599591255 0.62790758907795 2.5362795131362
-9999 -9999 -9999 -9999 -9999 -9999 -9999 -9999 -9999 -9999 -9999 -9999 -9999 -9999 -9999 -9999 -9999 -9999 -9999 -9999 -9999 -9999 -9999 -9999 -9999 -9999 -9999 -9999 -9999 -9999 -9999 -9999 -9999 -9999 -9999 -9999 -9999 -9999 -9999 1.91130298376083 1.87359119653702 2.0011619925499 1.54356443881989 1.41350322961807 0.876686275005341 0.889385253190994 0.882619261741638 0.951829880475998 0.823278039693832 0.96824723482132 1.00564050674438 1.07888475060463 1.62939530611038 1.76198548078537 2.03355967998505 2.15098357200623 2.35696853399277 2.71979411833548 -9999 -9999 -9999 -9999
-9999 -9999 -9999 -9999 -9999 -9999 -9999 -9999 -9999 -9999 -9999 -9999 -9999 -9999 -9999 -9999 -9999 -9999 -9999 -9999 -9999 -9999 -9999 -9999 -9999 -9999 -9999 -9999 -9999 -9999 -9999 -9999 -9999 -9999 -9999 -9999 -9999 -9999 -9999 -9999 1.99963349103928 1.84200221300125 1.6672500371933 1.67498624324799 1.61783480644226 1.23130822181702 1.04785090684891 0.963507771492004 0.974318236112595 0.777482986450195 1.10370600223541 1.28217490017414 1.59088343381882 1.65423667430878 1.69012874364853 1.99452817440033 1.88165777921677 1.87248677015305 2.07322603464127 -9999 -9999 -9999
-9999 -9999 -9999 -9999 -9999 -9999 -9999 -9999 -9999 -9999 -9999 -9999 -9999 -9999 -9999 -9999 -9999 -9999 -9999 -9999 -9999 -9999 -9999 -9999 -9999 -9999 -9999 -9999 -9999 -9999 -9999 -9999 -9999 -9999 -9999 -9999 -9999 -9999 -9999 -9999 2.09438699483871 2.04400479793549 1.8051815032959 2.02002292871475 1.9763805270195 1.46571770310402 1.43595904111862 1.46748447418213 1.4415674507618 1.21161901950836 1.06038424372673 1.2280792593956 1.44495713710785 1.52549551427364 1.5757087469101 1.73277112841606 1.83038471639156 1.83828395605087 2.06412076950073 2.47636771202087 1.74917163451513 -9999
-9999 -9999 -9999 -9999 -9999 -9999 -9999 -9999 -9999 -9999 -9999 -9999 -9999 -9999 -9999 -9999 -9999 -9999 -9999 -9999 -9999 -9999 -9999 -9999 -9999 -9999 -9999 -9999 -9999 -9999 -9999 -9999 -9999 -9999 -9999 -9999 -9999 -9999 -9999 -9999 -9999 1.72493430376053 1.93698298931122 1.96341186761856 2.25365620851517 1.92857426404953 1.62324103713036 1.58951896429062 1.53065448999405 1.26317135989666 1.08329102396965 1.06816354393959 1.09037297964096 1.15381523966789 1.25684797763824 1.45046809315681 1.51277828216553 1.80419456958771 1.9446809887886 2.25890481472015 2.1459694647789 -9999
-9999 -9999 -9999 -9999 -9999 -9999 -9999 -9999 -9999 -9999 -9999 -9999 -9999 -9999 -9999 -9999 -9999 -9999 -9999 -9999 -9999 -9999 -9999 -9999 -9999 -9999 -9999 -9999 -9999 -9999 -9999 -9999 -9999 -9999 -9999 -9999 -9999 -9999 -9999 -9999 -9999 2.43089318275452 2.20428031682968 2.11661893129349 2.12677878141403 1.78933650255203 1.83589804172516 1.65451088547707 1.72712868452072 1.61006999015808 1.06647026538849 1.00989025831223 1.08104899525642 1.15970477461815 1.24459326267242 1.34424728155136 1.47393500804901 1.86536997556686 1.71125024557114 1.18563110042702 -9999 -9999
-9999 -9999 -9999 -9999 -9999 -9999 -9999 -9999 -9999 -9999 -9999 -9999 -9999 -9999 -9999 -9999 -9999 -9999 -9999 -9999 -9999 -9999 -9999 -9999 -9999 -9999 -9999 -9999 -9999 -9999 -9999 -9999 -9999 -9999 -9999 -9999 -9999 -9999 -9999 -9999 2.29747437653334 2.53409731388092 2.3578434586525 1.89300066232681 1.64983266592026 1.47708749771118 1.56676724553108 1.73323801159859 1.59312322735786 1.35660932958126 1.09423577785492 1.04848504066467 1.09561201930046 1.28573948144913 1.37122827768326 1.52938771247864 1.43954059481621 -9999 -9999 3.45351272821426 8.00076842308044 3.58766794204712
-9999 -9999 -9999 -9999 -9999 -9999 -9999 -9999 -9999 -9999 -9999 -9999 -9999 -9999 -9999 -9999 -9999 -9999 -9999 -9999 -9999 -9999 -9999 -9999 -9999 -9999 -9999 -9999 -9999 -9999 -9999 -9999 -9999 -9999 -9999 -9999 -9999 -9999 -9999 1.83860637383028 2.3205474615097 2.17873376607895 2.11497527360916 1.96806228160858 1.55198031663895 1.47643277049065 1.58313336968422 1.76561969518661 1.59218829870224 1.31456664204597 1.07654249668121 1.04402023553848 1.0983627140522 1.61997520923615 1.44546347856522 1.36277398467064 1.64793002605438 1.71896398067474 2.15065839886665 2.03673040866852 2.05350378155708 3.3379054069519
-9999 -9999 -9999 -9999 -9999 -9999 -9999 -9999 -9999 -9999 -9999 -9999 -9999 -9999 -9999 -9999 -9999 -9999 -9999 -9999 -9999 -9999 -9999 -9999 -9999 -9999 -9999 -9999 -9999 -9999 -9999 -9999 -9999 -9999 -9999 -9999 -9999 -9999 -9999 2.58868595532009 2.03898078203201 1.81374979019165 1.74201679229736 1.59438532590866 1.4467845261097 1.4317023307085 1.54116374254227 1.47795018553734 1.46405553817749 1.24493595957756 1.32645925879478 1.33059099316597 1.58044052124023 1.64621776342392 1.70727217197418 1.67332470417023 1.75412321090698 1.79792064428329 1.98852145671844 2.0170484483242 1.88854086399078 1.670978307724
-9999 -9999 -9999 -9999 -9999 -9999 -9999 -9999 -9999 -9999 -9999 -9999 -9999 -9999 -9999 -9999 -9999 -9999 -9999 -9999 -9999 -9999 -9999 -9999 -9999 -9999 -9999 -9999 -9999 -9999 -9999 -9999 -9999 -9999 -9999 -9999 -9999 -9999 3.76428353786469 2.37853922162737 2.07771879434586 1.6013617515564 1.52257508039474 1.42231571674347 1.44220800697803 1.58778297901154 1.68017810583115 1.2803829908371 1.24287122488022 1.14743328094482 1.31389299035072 1.3856985270977 1.55963480472565 1.62531816959381 1.65420377254486 1.80652195215225 1.61025188863277 1.76865184307098 1.8927401304245 1.76728203892708 1.78343139588833 1.67940771579742
-9999 -9999 -9999 -9999 -9999 -9999 -9999 -9999 -9999 -9999 -9999 -9999 -9999 -9999 -9999 -9999 -9999 -9999 -9999 -9999 -9999 -9999 -9999 -9999 -9999 -9999 -9999 -9999 -9999 -9999 -9999 -9999 -9999 -9999 -9999 -9999 -9999 -9999 2.45505452156067 1.82747328281403 1.78417670726776 1.37988623976707 0.953279495239258 1.395877212286 1.1479177325964 1.24636799097061 1.09104600548744 1.35747477412224 1.18800127506256 1.2286424934864 1.31339773535728 1.35994252562523 1.42259550094604 1.4685772061348 1.46736025810242 1.68986248970032 1.75734221935272 2.11019557714462 1.52622976899147 1.51040960848331 1.63115550577641 1.43492299318314
-9999 -9999 -9999 -9999 -9999 -9999 -9999 -9999 -9999 -9999 -9999 -9999 -9999 -9999 -9999 -9999 -9999 -9999 -9999 -9999 -9999 -9999 -9999 -9999 -9999 -9999 -9999 -9999 -9999 -9999 -9999 -9999 -9999 -9999 -9999 -9999 -9999 2.20693963766098 2.3100945353508 1.60188567638397 1.49325080215931 1.48669803142548 1.20587360858917 1.16821651160717 1.1268795132637 1.35765999555588 1.2911242544651 1.04479765892029 1.29650774598122 1.29359549283981 1.32432326674461 1.39613896608353 1.29783976078033 1.29037898778915 1.35785022377968 1.61051255464554 1.93503230810165 2.03574299812317 1.35711036622524 1.39566600322723 1.36991809308529 1.45816069841385
-9999 -9999 -9999 -9999 -9999 -9999 -9999 -9999 -9999 -9999 -9999 -9999 -9999 -9999 -9999 -9999 -9999 -9999 -9999 -9999 -9999 -9999 -9999 -9999 -9999 -9999 -9999 -9999 -9999 -9999 -9999 -9999 -9999 -9999 -9999 -9999 -9999 2.34975457191467 1.90629976987839 1.58529603481293 0.925165504217148 0.887857496738434 0.852118492126465 0.841565251350403 0.769192457199097 0.782699257135391 1.26925399899483 1.21116775274277 1.27006849646568 1.28921976685524 1.30101352930069 1.37289175391197 1.39565175771713 1.32837602496147 1.45435197651386 1.75550329685211 1.85086798667908 1.82818794250488 1.25376825034618 1.25687286257744 1.3001996576786 1.77839733660221
-9999 -9999 -9999 -9999 -9999 -9999 -9999 -9999 -9999 -9999 -9999 -9999 -9999 -9999 -9999 -9999 -9999 -9999 -9999 -9999 -9999 -9999 -9999 -9999 -9999 -9999 -9999 -9999 -9999 -9999 -9999 -9999 -9999 -9999 -9999 -9999 3.09433106275705 2.39605128765106 1.9508348107338 1.07348021864891 0.958748281002045 0.850052207708359 0.817110031843185 0.844715237617493 0.749191492795944 0.758262723684311 0.729919508099556 1.125348508358 1.34213697910309 1.17310324311256 1.27216646075249 1.344282746315 1.45776227116585 1.67656570672989 1.80366379022598 1.78401678800583 1.81246876716614 1.41067238152027 1.21028849482536 1.31192150712013 1.38500452041626 1.74707520008087
-9999 -9999 -9999 -9999 -9999 -9999 -9999 -9999 -9999 -9999 -9999 -9999 -9999 -9999 -9999 -9999 -9999 -9999 -9999 -9999 -9999 -9999 -9999 -9999 -9999 -9999 -9999 -9999 -9999 -9999 -9999 1.5771616101265 28.6122415615962 -9999 2.10493344068527 2.41415746674139 2.00082678519762 1.63913279771805 1.59854024648666 1.33815827965736 0.888112485408783 0.844709247350693 0.842705994844437 0.856086730957031 0.853605777025223 0.815354257822037 1.02055576443672 1.15724703669548 1.14422297477722 1.35616278648376 1.42649477720261 1.45770227909088 1.60510718822479 1.68133270740509 1.79174780845642 1.84115391969681 1.36300465464592 1.35789304971695 1.57739849388599 1.61408892273903 2.19762486219406 1.90665679425001
-9999 -9999 -9999 -9999 -9999 -9999 -9999 -9999 -9999 -9999 -9999 -9999 -9999 -9999 -9999 -9999 -9999 -9999 -9999 -9999 -9999 -9999 0.346259817481041 1.03393160551786 7.24743852764368 0.617389600191798 3.55268876999617 3.68540225923061 1.93518666028976 0.858390547335148 0.831206984817982 4.92325741052628 1.46111354231834 1.14133834838867 1.54293452203274 1.60844698548317 1.08109501004219 0.975392282009125 1.18791371583939 1.0124294757843 0.838696539402008 0.961130976676941 1.18299597501755 1.13210248947144 1.091139793396 1.023332208395 1.11347249150276 1.22328820824623 1.27499395608902 1.44169047474861 1.49180996417999 1.57368296384811 1.66029596328735 1.75718325376511 1.92973798513412 1.78632518649101 1.96722561120987 2.41161480545998 3.20902722898652 -9999 -9999 -9999
-9999 -9999 -9999 -9999 -9999 -9999 -9999 -9999 -9999 -9999 -9999 -9999 -9999 -9999 -9999 -9999 -9999 -9999 -9999 -9999 -9999 -9999 0.909728997945785 0.471977641806006 1.41006116196513 2.07371628284454 0.591390226568494 0.464218184351921 1.44875246286392 0.439495118334889 0.460405230522156 0.645751237869263 1.18209564685822 1.22569200396538 1.15517735481262 1.06816126406193 0.869189232587814 1.14274048805237 1.02660378813744 0.845369249582291 0.808694958686829 1.02516147494316 1.32597747445107 1.32070049643517 1.21473222970963 1.29915225505829 1.12844476103783 1.32081976532936 1.64429795742035 1.68323069810867 1.77096819877625 1.62859350442886 1.72345644235611 2.0745307803154 2.12643367052078 -9999 -9999 -9999 -9999 -9999 -9999 -9999
-9999 -9999 -9999 -9999 -9999 -9999 -9999 -9999 -9999 -9999 -9999 -9999 -9999 -9999 -9999 -9999 -9999 -9999 -9999 24.334641725459 2.51526466012001 1.80866883695126 1.73932038247585 0.381891008466482 0.938010782003403 1.80088238418102 1.46170426905155 2.20894551277161 0.356100904941559 7.45439986512065 0.347046002745628 1.17725172266364 1.26465303450823 0.789071291685104 0.860858291387558 0.865161716938019 0.901064246892929 0.849518269300461 0.762835532426834 0.733547240495682 0.82568022608757 0.994587779045105 1.06176146864891 1.29965472221375 1.35144603252411 1.20724573731422 1.26288226246834 1.63351732492447 1.72896105051041 1.74550956487656 2.11082482337952 -9999 -9999 -9999 -9999 -9999 -9999 -9999 -9999 -9999 -9999 -9999
-9999 -9999 -9999 -9999 -9999 -9999 -9999 -9999 -9999 -9999 -9999 -9999 -9999 -9999 -9999 -9999 -9999 3.22152428116117 1.51888464689255 4.3965904712677 1.26967495493591 0.816803872585297 0.944998875260353 0.902704104781151 1.01025754585862 0.371366746723652 1.41665554046631 1.49658823013306 1.60047233104706 1.56022417545319 2.47594124078751 2.8687589764595 2.33675855398178 0.744878232479095 0.903501749038696 0.992714256048203 0.990246713161469 0.948398977518082 0.837125211954117 0.97408801317215 1.16453477740288 1.34457823634148 1.34686124324799 0.889237493276596 0.982501477003098 1.24533972144127 1.50464701652527 1.81567874550819 1.95976048707962 1.97656878829002 2.30599410110904 -9999 -9999 -9999 -9999 -9999 -9999 -9999 -9999 -9999 -9999 -9999
-9999 -9999 -9999 -9999 -9999 -9999 -9999 -9999 -9999 -9999 -9999 -9999 -9999 -9999 1.14251473546028 7.15189455449581 8.17381267994642 0.598355993628502 0.378586515784264 0.585987746715546 0.502401754260063 0.458095505833626 0.351242244243622 0.2890560105443 0.181441504508257 0.862304627895355 0.949928641319275 1.39235025644302 1.45101374387741 1.45205926895142 2.35434007644653 2.37648528814316 1.63959753513336 0.875539541244507 0.881637006998062 1.05583503842354 0.84587100148201 0.784745961427689 0.813077241182327 0.939188987016678 0.936969012022018 1.19576025009155 1.14387372136116 0.797373712062836 0.902295023202896 1.02777600288391 1.44955345988274 1.5803085565567 1.88030844926834 1.94514083862305 2.32576793432236 2.29824596643448 -9999 -9999 -9999 -9999 -9999 -9999 -9999 -9999 -9999 -9999
-9999 -9999 -9999 -9999 -9999 -9999 -9999 -9999 -9999 -9999 -9999 3.49966512322426 2.93466722220182 3.09514159709215 1.2877057492733 1.06725749373436 0.89178603887558 0.923790782690048 0.918938219547272 0.81495675444603 0.496102496981621 0.37617601454258 0.336806260049343 0.254058748483658 0.220022991299629 0.440057247877121 0.399153739213943 0.517849490046501 0.889304280281067 0.981756716966629 1.11453303694725 0.79189270734787 0.665374517440796 0.510586515069008 0.608212485909462 0.642041265964508 0.795314222574234 0.824892729520798 0.746797487139702 0.84179100394249 0.9803107380867 1.04776427149773 1.11646574735641 0.91779899597168 1.03828650712967 1.11092698574066 1.26647025346756 2.00775074958801 1.75064098834991 1.31104244788488 1.47136668562889 -9999 -9999 -9999 -9999 -9999 7.75916566405185 4.55918312072754 3.68709629774094 3.4669069647789 3.69258797168732 -9999
-9999 -9999 -9999 -9999 -9999 -9999 -9999 -9999 -9999 2.941085553595 2.74429540599094 0.665825262665749 2.83415558561683 0.562211260199547 0.729475513100624 0.717588767409325 0.558270737528801 0.784494012594223 0.813247472047806 0.781209737062454 0.617448762059212 0.548444241285324 0.44572426378727 0.468536227941513 0.800324231386185 0.887534290552139 0.643198505043983 0.400488764047623 0.376856982707977 0.415180519223213 0.488079741597176 0.477495744824409 0.458455502986908 0.487196266651154 0.593287512660027 0.606427520513535 0.899487018585205 0.72451950609684 0.723019480705261 0.74336251616478 0.829604208469391 0.945125967264175 0.989575870335102 0.711804762482643 0.925323754549026 0.979769289493561 0.996761977672577 1.30222275853157 1.65664207935333 1.86373651027679 1.81815218925476 1.90412205457687 2.17246885024584 2.24209785461426 2.17244154214859 2.33108362555504 2.29931026697159 2.3647680580616 2.68168804049492 3.06294071674347 2.32091594593866 -9999
-9999 -9999 -9999 -9999 -9999 1.46896255016327 1.158320329019 2.0176956142698 1.02813972532749 1.86186269670725 0.557477250695229 1.15969802811742 0.755560487508774 0.63891376554966 0.625397264957428 0.365797497332096 0.679186508059502 1.02762150764465 0.75358048081398 0.650887504220009 0.604140758514404 0.653463765978813 1.03061923384666 1.13243401050568 0.848123967647552 0.683208748698235 0.675621762871742 0.446519270539284 0.442435517907143 0.452563494443893 0.452631756663322 0.438745513558388 0.438962236046791 0.439634263515472 0.490429490804672 0.598377004265785 0.739272728562355 0.817314371466637 0.852635622024536 1.19619862362742 1.33856886997819 0.925297513604164 0.945523515343666 0.884360611438751 0.64649024605751 0.722150981426239 0.912801772356033 0.932327270507812 1.00379347801208 1.53213620185852 1.5819833278656 1.85185825824738 1.81434351205826 2.01628130674362 2.21146905422211 2.14205193519592 2.15669447183609 1.93270763754845 2.23067361116409 2.49807375669479 3.11253046989441 3.07745295763016
-9999 -9999 -9999 -9999 -9999 0.728893250226974 0.793364256620407 1.01014651358128 1.01996809244156 1.00171122327447 1.5704745054245 1.36160928010941 0.99386402964592 2.9731410741806 4.68383932113647 3.90631198883057 0.593114599585533 0.801892518997192 1.56031268835068 1.24788370728493 1.22149953246117 1.50469869375229 1.43691828846931 1.13869652152061 1.15796774625778 0.906848251819611 0.681611269712448 0.551853016018867 0.475047737360001 0.457712978124619 0.435137987136841 0.405697479844093 0.398064762353897 0.407675251364708 0.494084984064102 0.639430493116379 0.741732761263847 0.744037494063377 0.758180290460587 1.26879113540053 0.679621517658234 0.608853757381439 0.672709509730339 0.666466489434242 0.837832510471344 0.854544013738632 0.993841499090195 0.993256509304047 1.02568647265434 0.890416741371155 1.36377146840096 1.56580322980881 1.54616546630859 1.65772354602814 1.81495726108551 1.98114401102066 1.78228157758713 1.95099854469299 1.84909053146839 2.11640363931656 2.27225929498672 2.30670267343521
-9999 -9999 -9999 -9999 -9999 0.715244248509407 0.978154487907887 0.847753129899502 0.826471500098705 0.53574076294899 0.775027513504028 0.953144967556 1.27218747138977 1.50783222913742 0.846005983650684 1.02919875830412 3.39056861400604 2.4947310090065 2.35258197784424 2.06614279747009 1.21880999207497 1.02496576309204 0.732146993279457 0.575059488415718 0.590921267867088 0.604380011558533 0.499383732676506 0.464826017618179 0.472400262951851 0.458062514662743 0.441778510808945 0.426269263029099 0.393312022089958 0.641245499253273 0.798615373671055 0.617237269878387 0.699006736278534 0.773689538240433 0.829063475131989 1.16409862786531 0.671393260359764 0.740116506814957 0.72383625805378 0.731757000088692 0.724913254380226 0.708251237869263 0.880245745182037 1.02733129262924 0.981479287147522 0.645304501056671 0.778862744569778 1.31167870759964 1.5460102558136 1.49530646204948 1.3116495013237 1.27701777219772 1.43114927411079 1.39110279083252 1.66300722956657 1.8481550514698 2.15540999174118 2.39915782213211
-9999 -9999 -9999 -9999 -9999 0.886072486639023 0.977386504411697 0.924492716789246 0.526724249124527 0.566253751516342 0.61388173699379 0.84602102637291 1.08487424254417 1.35106721520424 2.25859433412552 2.2355250120163 2.01207143068314 1.78469252586365 1.55950427055359 1.66352248191833 1.09977373480797 0.977084219455719 0.996564745903015 0.729725986719131 0.648103505373001 0.635467484593391 0.598569005727768 0.561464980244637 0.492264747619629 0.434411242604256 0.405768737196922 0.416208744049072 0.42654749751091 0.574780493974686 0.725666999816895 0.68759773671627 0.803263485431671 0.984183043241501 1.27301551401615 1.40363663434982 1.29867374897003 0.732981741428375 0.668270990252495 1.10323351621628 0.998816281557083 1.22418674826622 1.16975998878479 1.09692451357841 1.64379894733429 0.582007497549057 1.51332378387451 1.11401626467705 0.837338000535965 0.89043328166008 1.00477075576782 1.27056428790092 1.34041476249695 1.38681399822235 1.44146141409874 2.41269775629044 3.07566297054291 2.73559248447418
-9999 -9999 -9999 -9999 -9999 0.996746242046356 1.15193179249763 1.05009073019028 1.39309501647949 1.84274625778198 2.99579322338104 2.91121047735214 7.35291266441345 2.28744292259216 2.40575623512268 1.98983556032181 1.69515216350555 2.23167532682419 1.71153151988983 1.57627576589584 1.53937947750092 1.13848051428795 0.823406249284744 0.846489787101746 0.688847243785858 0.676268264651299 0.620237231254578 0.569847732782364 0.419450238347054 0.431868731975555 0.484106227755547 0.421239763498306 0.396064504981041 0.496446758508682 0.759469538927078 0.907651506364346 1.02194327116013 1.08048829436302 1.19323047995567 1.33414873480797 1.91647946834564 1.00299748778343 0.917102247476578 1.32200548052788 1.47461476922035 1.36766776442528 1.57605743408203 1.75476068258286 1.72338008880615 1.49500277638435 1.40297251939774 1.31992873549461 0.908643513917923 1.06731128692627 1.35002627968788 1.46171200275421 1.30990195274353 1.38909789919853 1.51403658092022 1.83059737086296 2.99888321757317 2.79954037070274
