EcologicalScience/Bass/data/rs_data_bass/chl_503.asc
NCOLS 226 
NROWS 124 
XLLCORNER -9.41648524995501 
YLLCORNER 47.587301625531 
CELLSIZE 0.0833 
NODATA_value -9999 
[rows 54 to 80 of 124, columns 124 to 185 of 226]
1.98372632265091 1.78749889135361 1.74627417325974 2.15269061235281 2.11967205542784 1.68503695726395 1.75669139623642 1.58001357316971 1.37086057662964 1.68085096203364 1.64697853418497 1.65478332913839 2.33396748559816 2.49238747358322 2.62696184430804 2.72103392652103 1.79662127219714 1.70966151127448 1.70902864749615 1.75300435836499 2.03677074398313 2.12609988876751 2.13669323495456 1.89314954555952 1.85984459748635 2.03723794647625 2.05300324303763 2.07847642472812 2.16103495084322 2.08245302163638 2.13282090425491 2.26199853878755 2.26473473585569 2.2848619222641 1.88568556308746 2.04816338649163 2.12473437419304 2.13263764748207 1.94478404096195 1.67224828004837 1.72891910076141 1.77822167873383 1.54907133323806 1.58149971280779 1.5173710329192 1.40427106618881 1.44112543548856 1.91608565128767 1.85799991167509 1.59537971019745 2.47451251745224 3.42461059093475 5.06805358213537 5.65043933391571 7.47535963058472 7.7793675661087 8.69083654880524 9.49853927748544 10.6627051489694 11.887412411826 6.53587818145752 -9999
2.13877183198929 2.01100730895996 1.86586809158325 1.81496626138687 1.87979638576508 1.71773552894592 1.71968108415604 1.78224837779999 1.58641421794891 1.40278112888336 1.40626305341721 1.42311388254166 2.24458763429097 2.41507143207959 2.67878695045199 2.7515600834574 1.96075449998562 1.97287486608212 1.86280479339453 1.86143580766825 2.06211021313301 2.11883508242094 2.41190258094243 2.31492798603498 2.23480004530687 2.25655702444223 2.25940363223736 2.3252571454415 2.34869241714478 2.09418733630862 2.39108921472843 2.36699754458207 2.28366976976395 2.32046311635238 2.12901837485177 1.64900522232056 1.6780201792717 1.76260609286172 1.77127248900277 1.7326854126794 1.69155105522701 1.68753586496626 1.49450711791332 1.63867634076339 1.82734680175781 2.07304485027607 2.41040083078238 2.65367463001838 3.03452690748068 5.07117486917056 6.0893271611287 6.52765393257141 6.82868267508114 8.40045335292816 8.22065773010254 9.54051150594439 10.5720698833466 -9999 -9999 -9999 -9999 -9999
2.37412124872208 2.41437315940857 2.20937240123749 1.95551979541779 1.93350732326508 1.96117324095506 1.92224674041455 1.85490317069567 1.83086784069355 1.57892209291458 1.81768965262633 1.89996448846964 2.56778793249811 2.76864644459316 2.17975478905898 2.49284369670428 2.4951762006833 2.31335399701045 2.15452092427474 2.05986329225393 2.15784398867534 2.27332461338777 2.35705590248108 2.38625958791146 2.44897202803538 2.48237726321587 2.61584871548873 2.63815481846149 2.61830154749063 2.5854924091926 2.45004123907823 2.389835192607 2.3911587871038 2.03853952033179 2.05211466550827 1.96025817734855 1.88145163229534 1.79722850663321 1.76239744254521 1.64264324733189 1.52151537793023 1.60597939150674 1.7970309486756 2.00990745195976 2.390217428024 2.81086447147223 3.01166715530249 3.53570741415024 5.252745218575 7.09981691837311 7.11117178201675 6.32284116744995 6.3827339849974 8.19313114567807 12.6715613773891 -9999 -9999 -9999 -9999 -9999 -9999 -9999
2.60969418287277 2.48561930656433 2.44553083181381 2.39240205287933 2.32217168807983 2.02370798587799 1.96571534872055 1.94749629497528 2.58272168728021 1.92604756355286 1.88750106096268 2.14180880784988 2.83606493047305 3.20585184012141 2.97784035546439 3.06740363155092 2.91912406682968 2.5172033401636 2.35136103630066 2.31622574879573 2.30306255358916 2.34251262132938 2.37293490996728 2.47616331393902 2.57765367397895 2.50343565757458 2.31533997333967 2.81097972393036 2.61798867812523 2.56483783171727 2.12321173718997 1.91067123413086 1.90412454945701 1.93269975696291 1.9749447277614 2.00789300884519 1.8932632122721 1.83358819995608 1.77084525142397 1.80035884891238 1.49919619697791 1.6137410402298 1.83463525772095 2.35481103108479 2.88623270163169 3.36732104191413 4.31961703300476 6.65615272521973 6.56232373416424 6.61690232902765 5.90479749441147 6.42656452953815 6.79044815897942 9.27360677719116 -9999 -9999 -9999 -9999 -9999 -9999 -9999 -9999
3.2411675453186 3.07095777988434 3.15030062198639 3.11659181118011 3.02326381206512 2.90914463996887 2.57347083091736 2.3801451921463 2.62382388114929 2.51811361312866 2.74771260298215 2.31322968006134 2.05374020796556 2.23078406315583 2.51435708999634 2.6695432800513 2.61730393079611 2.48078359090365 2.44596014114527 2.5536290040383 2.3963555601927 2.59043078239147 2.61253801675943 2.46363417918865 2.30520074184124 2.11067400070337 1.90248540043831 1.82908455388887 1.86527580448559 1.79131124700819 1.65805583340781 1.61875312456063 1.86938378444085 1.9220090338162 1.8243353000054 1.72418918059422 1.86716092484338 1.77590398605053 1.74220266250464 1.61809603984539 1.62418241913502 1.72869426012039 2.15121374680446 2.8514090180397 3.3034108372835 3.49273780676035 9.38283617356244 6.59775806390322 6.77010206992809 5.21341443061829 5.21012537479401 8.52525577545166 8.50574049949646 36.2689832959856 -9999 -9999 -9999 -9999 -9999 -9999 -9999 -9999
12.7214058601856 4.56763067612281 3.97370529174805 4.15290808677673 4.43907201290131 3.86267566680908 3.57648801803589 3.78689676981706 3.01333153247833 3.27938249477973 2.8182225548304 2.47836334430254 2.35181093215942 2.26842513909707 2.21848951853239 2.31652062672835 2.51135620704064 2.72603366925166 2.78002762335997 3.05643864614623 2.9632668036681 2.72206966693585 2.40242572931143 2.20852859203632 2.02191677460304 1.93191941884848 1.84374680427405 1.70077855033534 1.64563522594316 1.60245506465435 1.56227264233998 1.59942448139191 1.65861146725141 1.82508490766798 1.7968738419669 1.8272816997308 1.84222989815932 1.8437798848519 1.7367309148495 1.67564797859925 1.75195657748442 1.84852385979432 2.57781207561493 3.29488256802926 3.95954825327947 4.41496437329512 8.20468769846736 6.79165948927402 7.9213589032491 8.6229301293691 17.5393010775248 17.8600781758626 18.6223942438761 19.1403465270996 -9999 -9999 -9999 -9999 -9999 -9999 -9999 -9999
-9999 -9999 -9999 -9999 -9999 2.28387522697449 4.1030980348587 4.50637824194772 3.72861201029557 2.69600707292557 3.20601615538964 2.92794916721491 2.70513913723139 2.56446450948715 2.36538790281002 2.43288017694767 2.70348113316756 3.00583208524264 3.15887257882527 3.13685855269432 2.96739106944629 2.50270792612663 2.13828805776743 1.95841148724923 1.92606748525913 1.87303945651421 1.89410796073767 1.64854539717947 1.50273782653468 1.5459682728563 1.68633785247803 1.62626695632935 1.72812989779881 2.05275312066078 1.82091739544502 1.82440241025044 1.87125365550701 1.94700086116791 1.93999158877593 1.91342685314325 1.91059642113172 2.03312934361971 2.85397941332597 3.57752409806618 4.09276903592623 5.63085675239563 -9999 -9999 -9999 -9999 32.2592117786407 22.9721814791362 27.4362072944641 15.7995404402415 28.4660425186157 -9999 -9999 -9999 -9999 -9999 -9999 -9999
-9999 -9999 -9999 -9999 -9999 -9999 -9999 -9999 5.03978997010451 4.93141332039466 4.17783206242781 4.01814442414504 3.38477669312404 3.0148186821204 2.9517140342639 2.87123052890484 3.2544281397547 3.15227562189102 2.92841453637396 2.93813804217747 2.71924343705177 2.31460515810893 2.12937111579455 1.94230602468763 1.99502967085157 1.94571389896529 1.75525044117655 1.83577998621123 1.84764279638018 1.78627676623208 1.07974608930258 1.16007957320947 1.99706672705137 1.99277561903 2.02599122891059 2.02557439987476 1.96247682204613 1.96750363936791 1.912147632012 1.99098702577444 2.12401745411066 2.6391115968044 3.19860418026264 3.52751997800974 3.94065581835233 29.0682649612427 -9999 -9999 -9999 -9999 17.548882484436 20.5739215520712 16.3950037956238 19.4817949136098 22.3692829608917 22.6951704025269 68.2615928649902 -9999 -9999 -9999 -9999 -9999
-9999 -9999 -9999 -9999 -9999 -9999 -9999 -9999 -9999 4.38202857971191 4.32155266174903 3.95716023445129 3.71393045095297 3.58014574417701 3.35367404497587 3.34458374977112 3.39552693183605 3.154413827828 2.92896132384028 2.91111034154892 2.61264739292009 2.36224578533854 1.9331092281001 1.95687059845243 2.07971575856209 2.04867229291371 2.01966639927455 1.92268793923514 1.9412727355957 1.86422842741013 1.93735547150884 1.85168982927616 1.86622393589753 1.91151508459678 2.00470619476759 2.0280867769168 1.95253618405415 1.94807639947304 1.95214023498388 5.77996075153351 5.9220757484436 3.36799794893998 2.29617923498154 2.34987652301788 3.70544282748149 -9999 -9999 -9999 -9999 -9999 -9999 -9999 13.9896125793457 14.2884321212769 11.2139464105879 11.0228001390185 10.8786277770996 -9999 -9999 -9999 -9999 -9999
-9999 -9999 -9999 -9999 -9999 -9999 -9999 -9999 -9999 4.3704868555069 3.91081532148214 3.59617663346804 3.5880628824234 3.64239989794218 3.71490748439516 3.68513652256557 3.6013475060463 3.18257487671716 2.98449941192354 2.86852047698838 2.48395121097565 2.16248464158603 2.11409252423507 2.1335485119086 2.06341219865359 2.02914882164735 1.94577956199646 1.87672451989991 1.84474773590381 1.8083880681258 1.89250774108447 1.92511227497688 1.91943021462514 0.918656468391418 0.867439210414886 0.915728807449341 1.0352911055088 1.9818883400697 1.90465473670226 2.21425165579869 7.04272419214249 2.06277024745941 2.50443363189697 2.65162181854248 4.23878180980682 33.0447750091553 -9999 -9999 -9999 10.8502296209335 14.7807486974276 11.6915349197388 9.89096506118774 26.6220254898071 18.9120232037136 16.2701584952218 16.2301341124943 -9999 -9999 -9999 -9999 -9999
-9999 -9999 -9999 -9999 -9999 -9999 -9999 -9999 -9999 4.97573053836823 3.9955726311757 3.90656562951895 4.15354018551963 4.13149858372552 4.11901747328895 4.17414021492004 4.01706719398499 3.61715935809272 3.21771329641342 2.82679485848972 2.49602202006749 2.1355151959828 2.09594281361653 2.04726604314951 1.94093239765901 1.91509901101773 1.83870553053342 1.84817064725436 1.89271721473107 1.90353090487994 1.14908814430237 1.14892375469208 1.8264309993157 0.880067825317383 0.789271458983421 0.768867298960686 2.12471039937093 5.78773808479309 8.64275360107422 7.55926465988159 5.73678529262543 4.38535451889038 2.50018531084061 2.79821276664734 4.17587614059448 -9999 -9999 -9999 -9999 11.3418663342794 10.9428448677063 9.49057355293861 9.23026057390066 9.2619319328895 13.8512562274933 -9999 -9999 -9999 -9999 -9999 -9999 -9999
-9999 -9999 -9999 -9999 -9999 -9999 -9999 -9999 -9999 3.67937564849854 4.18980050086975 3.33168823902424 3.3540960596158 4.20000789846693 4.0635398370879 4.0163100702422 3.76662305423192 3.57480663912637 3.22010960749217 2.90941338453974 2.41648454751287 2.04071246726172 1.85556346178055 1.95633417367935 2.30142826300401 3.54117019359882 1.83109090419916 1.83995579756223 2.01185088432752 2.09548137738155 1.82443683881026 1.73535364866257 1.66738112156208 1.81567853230696 1.91995006799698 2.06546421234424 7.94433695077896 12.6415143609047 11.5516208410263 6.33205419778824 4.56631153821945 4.52306497097015 2.33149778842926 3.97391176223755 3.86466658115387 -9999 -9999 -9999 -9999 -9999 10.8429193496704 9.46630072593689 9.5582471953498 9.75298876232571 -9999 -9999 -9999 -9999 -9999 -9999 -9999 -9999
-9999 -9999 -9999 -9999 -9999 -9999 -9999 -9999 -9999 4.90801080067952 3.41028282922857 1.80129923224449 3.67093711632949 4.01892611810139 3.95377513340541 3.39589721422929 3.36955687632928 3.38851805244173 3.15976828336716 2.89157826559884 2.41087745342936 2.04366303767477 0.972945275215002 0.954585974033062 0.966981737659528 1.87512983267124 1.83479945017741 1.86354311612936 1.76038901622479 1.63055473566055 1.63746260679685 1.75173288125258 1.9481750359902 1.99400122349079 2.0358123091551 6.41630452871323 11.6588820815086 9.00596791505814 4.98128700256348 4.39146685600281 4.20391058921814 4.43259966373444 3.69711786967057 4.16566479206085 3.86466693878174 -9999 -9999 -9999 -9999 12.1949715614319 -9999 -9999 -9999 -9999 -9999 -9999 -9999 -9999 -9999 -9999 -9999 -9999
-9999 -9999 -9999 -9999 -9999 -9999 -9999 -9999 -9999 4.39677981535594 3.85346203691819 4.12226784229279 4.11157526288714 3.93976419312613 3.84007845475123 3.80683342310099 3.33656251430511 2.946459289108 2.95127146584647 2.71023726889065 2.28155225515366 1.02300304289048 1.07432758808136 1.93784495500418 1.95456226972433 1.87546102358745 1.81132632493973 1.8554259126003 1.88334747461172 1.80357849597931 1.791626228736 1.88391529138272 2.08714337990834 2.05881673556108 1.86939647335273 7.1629952788353 7.6327343583107 6.10856932401657 4.51075583696365 4.68200898170471 5.2477313876152 3.79162881924556 3.96307120414881 -9999 -9999 -9999 -9999 -9999 -9999 -9999 -9999 -9999 -9999 -9999 -9999 -9999 -9999 -9999 -9999 -9999 -9999 -9999
-9999 -9999 -9999 -9999 -9999 -9999 -9999 -9999 2.98439413580028 3.75060077274547 3.49769744277 3.52455466985703 3.41994541883469 3.67130087103163 3.62280791539412 3.51070555356833 3.22617065906525 2.70505512612207 2.75658872723579 2.55975391183581 1.35863764010943 1.21902606120476 1.15612524747849 1.18603432178497 1.21334660053253 1.33420419692993 1.82260432610145 1.88227589772298 1.98155174347071 2.05573358444067 2.05801051855087 1.99841646964733 1.85796042130544 1.79738445006884 6.16150218248367 5.38787406682968 5.01872479915619 3.55706775188446 3.39590287208557 3.07483780384064 2.52824085950851 2.67416000366211 9.95381355285645 -9999 -9999 -9999 -9999 -9999 -9999 -9999 -9999 -9999 -9999 -9999 -9999 -9999 -9999 -9999 -9999 -9999 -9999 -9999
-9999 -9999 -9999 -9999 -9999 -9999 -9999 3.28386068344116 3.7887287735939 3.82520779441385 3.54710122942924 3.43758192658424 3.26910835504532 3.10934271262242 2.96503909734579 2.74012486751263 2.53329634666443 2.40198403138381 2.29534555333001 2.09715677159173 1.39675384759903 1.36726975440979 1.54522007703781 1.5699959397316 1.80895175842138 1.82536742778925 1.890263571189 1.96589369498766 2.05719903340706 2.10963496795067 2.17454173014714 2.06518079225834 1.71994585715807 1.62250022704785 4.33135032653809 4.41900140047073 3.45781475305557 3.29748064279556 3.72241216897964 4.09600472450256 2.31077697873116 5.69786846637726 3.25656187534332 -9999 -9999 -9999 -9999 -9999 -9999 -9999 -9999 -9999 -9999 -9999 -9999 -9999 -9999 -9999 -9999 -9999 -9999 -9999
-9999 -9999 -9999 -9999 -9999 -9999 3.49955007433891 3.92717084131743 3.75752319395542 3.69139987230301 3.47297495603561 3.29425886273384 3.16869314014912 3.08086429650967 2.95439466146322 2.55758815086805 2.26302557725173 2.10499749733851 1.90479174256325 1.84712323972157 1.81695760213412 1.79537760752898 1.80907800105902 1.82843202352524 1.84657531059705 1.94270177529408 2.05988781727277 2.14680156799463 2.26091598547422 2.323321595788 2.19107139110565 2.1412222293707 2.09008983465341 2.30682235956192 3.48245769739151 3.91878807544708 4.01623898744583 4.07291263341904 4.32220995426178 11.0825461943944 -9999 -9999 -9999 -9999 -9999 -9999 -9999 -9999 -9999 -9999 -9999 -9999 -9999 -9999 -9999 -9999 -9999 -9999 -9999 -9999 -9999 -9999
-9999 -9999 -9999 -9999 3.90677377055673 4.1423722743988 4.22996242046356 4.13308103084564 3.87667191028595 3.83076156888689 3.21456083655357 3.07636368274689 3.27646322761263 2.6085537809592 2.46671713774021 2.37588838168553 2.20292463898659 1.95045905879566 1.82099769370896 1.7576308122703 1.72130358448395 1.72273353888438 1.76514935951967 1.78406940056727 1.81899062028298 1.93622261744279 2.0462713007416 2.55313938856125 2.38789565861225 2.38497248291969 3.90182629498568 3.53137862682343 2.4022952914238 2.19464874267578 3.63966524600983 4.12122023105621 4.10518598556519 3.95152333804539 -9999 -9999 -9999 -9999 -9999 -9999 -9999 -9999 -9999 -9999 -9999 -9999 -9999 -9999 -9999 -9999 -9999 -9999 -9999 -9999 -9999 -9999 -9999 -9999
-9999 -9999 -9999 -9999 3.98585316012887 3.93396082189348 3.85793409347534 3.74134624004364 3.68358409404755 3.4952381168093 3.38109390224729 3.13865518569946 2.95482120343617 2.88380016599383 2.47460925579071 2.16195120130266 2.01861140983445 1.85054412909916 1.68353612147845 1.65509246404354 1.68515336972017 1.74432924160591 1.76624544767233 1.79945219938572 1.80806656067188 1.94512839042223 2.18819405023868 2.31968209835199 2.40899274178914 2.497250020504 2.49532175064087 2.75814926624298 2.32515579462051 3.01601547002792 3.98583269119263 4.27258650156168 4.27377023015703 9.54175794124603 -9999 -9999 -9999 -9999 -9999 -9999 -9999 -9999 -9999 -9999 -9999 -9999 -9999 -9999 -9999 -9999 -9999 -9999 -9999 -9999 -9999 -9999 -9999 -9999
-9999 -9999 3.26015383005142 3.94498934416935 4.04828285253965 3.65384012460709 3.47070229053497 3.60093331336975 3.68960988521576 3.44479713269642 3.12170569385801 2.80971616080829 2.69227759327207 2.47577509709767 2.25908308369773 1.95784157088825 1.75808040159089 1.6134552189282 1.570491368954 1.69701940738238 1.48687994480133 1.45353221893311 1.3715768456459 1.24469977617264 1.95121499666801 2.05563815281941 2.17676081107213 2.35598428432758 2.64626677547182 2.54386178805278 2.58855296098269 2.81609305968651 2.88032888449155 3.54689102906447 4.36468204430171 2.89469513297081 -9999 -9999 -9999 -9999 -9999 -9999 -9999 -9999 -9999 -9999 -9999 -9999 -9999 -9999 -9999 -9999 -9999 -9999 -9999 -9999 -9999 -9999 -9999 -9999 -9999 -9999
3.668905377388 4.58268913200923 3.4613493680954 3.41198432445526 3.49306643009186 3.63140232222421 3.61804193258286 3.65385233504432 3.61614354167666 3.49349250963756 3.18741419485637 2.76810327172279 2.58796092867851 2.43268147536686 2.52815496463042 1.82562208634156 1.26979622703332 1.54345255631667 1.61573526950983 1.73184133034486 1.40982532501221 1.39710593223572 1.56880837678909 1.96880757808685 2.26372297910544 2.34812926329099 2.35132239873593 2.54589498894555 2.69585016795567 2.76725249565565 3.09083926677704 3.49427329576932 3.68535892780011 4.27981498967046 -9999 -9999 -9999 -9999 -9999 -9999 -9999 -9999 -9999 -9999 -9999 -9999 -9999 -9999 -9999 -9999 -9999 -9999 -9999 -9999 -9999 -9999 -9999 -9999 -9999 -9999 -9999 -9999
3.32344297319651 3.19669170039041 3.22227877378464 3.08105719089508 3.44106965798598 3.42528632970957 3.32241167471959 3.5796332359314 3.52294806923185 3.23318731784821 2.8655769441809 2.7006385752133 2.52554726600647 2.10958895087242 1.74975978050913 1.64871312464987 1.59404831666213 1.53820638931715 1.54931470981011 1.60161345280134 1.71605676412582 1.79290721049676 1.94117891329985 2.10949525924829 2.34661606805665 2.37971611108099 2.46791499853134 2.49041500261852 2.68171677844865 3.17507333938892 3.1309725262902 3.08398591388356 3.74102997779846 5.87656483054161 3.85010732544793 3.86684881316291 -9999 -9999 -9999 -9999 -9999 -9999 -9999 -9999 -9999 -9999 -9999 -9999 -9999 -9999 -9999 -9999 -9999 -9999 -9999 -9999 -9999 -9999 -9999 -9999 -9999 -9999
3.50473263172003 3.22113531369429 3.00184714794159 3.01190662384033 3.65732392897973 3.54893536751087 3.36734016125019 3.35714699671819 3.30001340593611 3.08261569057192 2.8842527951513 2.74077364376613 2.31953827398164 1.8900736953531 1.66126745939255 1.55915313107627 1.55224528057235 1.58107648577009 1.63934903485434 1.63369912760598 1.68699550202915 1.8101355774062 2.28087013959885 2.25497493377099 1.573974609375 1.56137609481812 2.4154137969017 2.60624142204012 3.17757304225649 3.46471682616643 4.87851367498699 4.40436959266663 -9999 -9999 -9999 -9999 -9999 -9999 -9999 -9999 -9999 -9999 -9999 -9999 -9999 -9999 -9999 -9999 -9999 -9999 -9999 -9999 -9999 -9999 -9999 -9999 -9999 -9999 -9999 -9999 -9999 -9999
4.50212216377258 4.25277208430427 3.82569289207458 4.05729486261095 3.5864525116407 3.6161675453186 3.568996489048 3.26038831472397 3.25206056237221 3.21882278578622 2.92731889230864 2.3933632671833 1.79100405744144 1.56604736617633 1.47063764716898 1.46663169137069 1.50052153638431 1.64705555779593 1.74608272739819 1.81142434052059 1.87445671217782 2.03601501243455 1.80064377417931 1.86586523907525 1.95776770206598 2.09473903821065 3.15171327761241 3.39212197065353 3.62980347020286 3.61673157031719 3.8710081407002 3.73597206788905 -9999 -9999 -9999 -9999 -9999 -9999 12.6942715644836 12.6942715644836 -9999 -9999 -9999 -9999 -9999 -9999 -9999 -9999 -9999 -9999 -9999 -9999 -9999 -9999 -9999 -9999 -9999 -9999 -9999 -9999 -9999 -9999
4.52630269527435 4.62366652488708 4.76908493041992 3.79604589939117 3.73645418568661 4.06522643566132 3.60503634810448 3.3217311501503 3.19625222682953 2.80714575946331 2.21330355107784 1.8149112612009 1.50651842355728 1.37120422508035 1.40289570604052 1.45443179139069 1.54227596947125 1.8080804177693 1.99681074704443 2.03844510657447 2.10939966355051 2.10881532614048 2.15005012200429 2.05238179977124 2.74608499237469 2.49524508531277 2.53143855241629 2.5642910187061 3.43496588298253 3.5080603659153 3.59947997331619 3.42093944549561 -9999 -9999 -9999 -9999 -9999 -9999 -9999 -9999 -9999 -9999 -9999 -9999 -9999 -9999 -9999 -9999 -9999 -9999 -9999 -9999 -9999 -9999 -9999 -9999 -9999 -9999 -9999 -9999 -9999 -9999
-9999 -9999 -9999 -9999 -9999 3.2510522454977 3.28474205732346 3.14807610213757 2.90197992324829 2.09471823275089 1.63296195864677 1.45129895955324 1.35672280618123 1.37531837608133 1.41610607504845 1.54907439649105 1.74808621406555 2.06625391542912 2.09719550609589 2.1169400960207 2.03683057698337 2.11913253502412 2.46095633048278 3.21416931918689 4.80024287849665 13.907718534055 3.90217065811157 -9999 -9999 -9999 -9999 -9999 -9999 -9999 -9999 -9999 -9999 -9999 -9999 -9999 -9999 -9999 -9999 -9999 -9999 -9999 -9999 -9999 -9999 -9999 -9999 -9999 -9999 -9999 -9999 -9999 -9999 -9999 -9999 -9999 -9999 -9999
-9999 -9999 -9999 -9999 -9999 4.59236168861389 2.6001640856266 2.43799836933613 1.8480659276247 2.0942324583347 1.49107644387654 1.4283689388207 1.49236488129411 1.62295677832195 1.88087083186422 2.12644070812634 2.16163493692875 2.4121101796627 2.54374586045742 2.52185216546059 2.19059228897095 2.23822116851807 2.23610973358154 2.69286504387856 -9999 -9999 -9999 -9999 -9999 -9999 -9999 -9999 -9999 -9999 -9999 -9999 -9999 -9999 -9999 -9999 -9999 -9999 -9999 -9999 -9999 -9999 -9999 -9999 -9999 -9999 -9999 -9999 -9999 -9999 -9999 -9999 -9999 -9999 -9999 -9999 -9999 -9999
