EcologicalScience/Bass/data/rs_data_bass/chl_216.asc
NCOLS 226 
NROWS 124 
XLLCORNER -9.41648524995501 
YLLCORNER 47.587301625531 
CELLSIZE 0.0833 
NODATA_value -9999 
[rows 54 to 80 of 124, columns 0 to 61 of 226]
-9999 -9999 -9999 -9999 -9999 -9999 -9999 -9999 -9999 -9999 -9999 -9999 -9999 -9999 -9999 -9999 -9999 -9999 -9999 -9999 -9999 -9999 -9999 -9999 -9999 -9999 -9999 -9999 -9999 -9999 -9999 -9999 -9999 -9999 -9999 -9999 -9999 -9999 4.86830742473146 2.92482413743672 3.28191688656807 2.05545115470886 2.30820000171661 1.67730903625488 1.18243879079819 0.973466277122498 0.956492274999619 0.854132294654846 1.05198450386524 1.05457274615765 1.11319649219513 1.15038152039051 1.37101310491562 0.926979750394821 1.25472146272659 1.27934548258781 1.27840349078178 2.08461633324623 -9999 0.607058599591255 0.62790758907795 1.68094174434309
-9999 -9999 -9999 -9999 -9999 -9999 -9999 -9999 -9999 -9999 -9999 -9999 -9999 -9999 -9999 -9999 -9999 -9999 -9999 -9999 -9999 -9999 -9999 -9999 -9999 -9999 -9999 -9999 -9999 -9999 -9999 -9999 -9999 -9999 -9999 -9999 -9999 -9999 -9999 3.45325524990375 3.03378316760063 2.05710598826408 2.09943008422852 2.0395792722702 1.46529221534729 1.15804427862167 0.997065782546997 0.896409720182419 1.10823936760426 1.10059274733067 1.06323337554932 1.18814286589622 1.57874777913094 1.69925014972687 1.32612302899361 1.8252821713686 1.86012075841427 -9999 -9999 -9999 -9999 -9999
-9999 -9999 -9999 -9999 -9999 -9999 -9999 -9999 -9999 -9999 -9999 -9999 -9999 -9999 -9999 -9999 -9999 -9999 -9999 -9999 -9999 -9999 -9999 -9999 -9999 -9999 -9999 -9999 -9999 -9999 -9999 -9999 -9999 -9999 -9999 -9999 -9999 -9999 -9999 -9999 2.51990196108818 2.02065297961235 2.03735107183456 1.73042625188828 1.42228952050209 1.16358000040054 1.08070421218872 1.01219397783279 1.33648949861526 1.17223727703094 1.11061535775661 1.33177122473717 1.58294811844826 0.971928030252457 0.949669539928436 1.60656595230103 1.89907291531563 1.82292929291725 1.8565818005138 -9999 -9999 -9999
-9999 -9999 -9999 -9999 -9999 -9999 -9999 -9999 -9999 -9999 -9999 -9999 -9999 -9999 -9999 -9999 -9999 -9999 -9999 -9999 -9999 -9999 -9999 -9999 -9999 -9999 -9999 -9999 -9999 -9999 -9999 -9999 -9999 -9999 -9999 -9999 -9999 -9999 -9999 -9999 2.61500418186188 2.17117989063263 2.08760994672775 2.06188720464706 1.90133321285248 1.3996590077877 1.22761648893356 1.69419452548027 1.60007956624031 1.35078898072243 1.10527463257313 1.23450636863708 1.354701384902 1.3139681071043 0.939465790987015 0.932648956775665 1.41022427380085 1.51818001270294 1.29332703351974 8.95450839400291 3.12663650512695 -9999
-9999 -9999 -9999 -9999 -9999 -9999 -9999 -9999 -9999 -9999 -9999 -9999 -9999 -9999 -9999 -9999 -9999 -9999 -9999 -9999 -9999 -9999 -9999 -9999 -9999 -9999 -9999 -9999 -9999 -9999 -9999 -9999 -9999 -9999 -9999 -9999 -9999 -9999 -9999 -9999 -9999 2.66390649229288 2.32238832116127 2.24408966302872 2.12753766775131 2.17066919803619 1.83492225408554 1.1783347427845 1.22034528851509 1.46465067565441 1.16530385613441 1.20506885647774 1.21822763979435 1.28670412302017 1.3270008713007 0.927208542823792 1.3632146269083 1.49414777755737 1.25430223345757 1.42820852994919 5.20935320854187 -9999
-9999 -9999 -9999 -9999 -9999 -9999 -9999 -9999 -9999 -9999 -9999 -9999 -9999 -9999 -9999 -9999 -9999 -9999 -9999 -9999 -9999 -9999 -9999 -9999 -9999 -9999 -9999 -9999 -9999 -9999 -9999 -9999 -9999 -9999 -9999 -9999 -9999 -9999 -9999 -9999 -9999 2.73153245449066 2.27456027269363 2.11428406834602 2.16148692369461 2.09416419267654 1.86591678857803 1.22924020886421 1.20326471328735 1.30824749171734 1.21089671552181 1.02780693769455 1.35343614220619 1.45265847444534 1.47864224016666 1.51430216431618 1.5140246450901 1.42849646508694 1.73722314834595 2.06411922655322 -9999 -9999
-9999 -9999 -9999 -9999 -9999 -9999 -9999 -9999 -9999 -9999 -9999 -9999 -9999 -9999 -9999 -9999 -9999 -9999 -9999 -9999 -9999 -9999 -9999 -9999 -9999 -9999 -9999 -9999 -9999 -9999 -9999 -9999 -9999 -9999 -9999 -9999 -9999 -9999 -9999 -9999 2.69870549440384 2.57342094182968 2.04506331682205 1.72892332077026 1.56220722198486 1.59469462931156 1.64467576146126 1.68874391913414 1.46887198090553 0.905915290117264 1.09072820842266 1.17376984655857 0.837754458189011 1.45426391065121 1.56307724118233 1.68916136026382 1.57549482584 -9999 -9999 3.65754146575928 3.98874682188034 5.95666801929474
-9999 -9999 -9999 -9999 -9999 -9999 -9999 -9999 -9999 -9999 -9999 -9999 -9999 -9999 -9999 -9999 -9999 -9999 -9999 -9999 -9999 -9999 -9999 -9999 -9999 -9999 -9999 -9999 -9999 -9999 -9999 -9999 -9999 -9999 -9999 -9999 -9999 -9999 -9999 2.5696741938591 2.46954149007797 2.54255926609039 1.73458045721054 1.50753217935562 1.52079601585865 1.46371239423752 1.58388336002827 1.53363561630249 1.35341548919678 1.07578390091658 0.996363177895546 0.914735242724419 0.800258964300156 0.933651030063629 1.67289939522743 1.83994236588478 1.87855419516563 1.89229908585548 2.33962386846542 2.47501882910728 2.65007543563843 2.87837997078896
-9999 -9999 -9999 -9999 -9999 -9999 -9999 -9999 -9999 -9999 -9999 -9999 -9999 -9999 -9999 -9999 -9999 -9999 -9999 -9999 -9999 -9999 -9999 -9999 -9999 -9999 -9999 -9999 -9999 -9999 -9999 -9999 -9999 -9999 -9999 -9999 -9999 -9999 -9999 2.51646012067795 1.89224284887314 1.76883181929588 1.51810348033905 1.42561054229736 1.4003658592701 1.33192916214466 1.45621910691261 1.33818863332272 1.20130160450935 0.990817867219448 0.982206970453262 1.0134294256568 1.25670826435089 0.878165245056152 1.491091132164 1.49535070359707 1.45676212012768 1.85957854986191 1.95822232961655 2.16311100125313 2.22032198309898 2.15345174074173
-9999 -9999 -9999 -9999 -9999 -9999 -9999 -9999 -9999 -9999 -9999 -9999 -9999 -9999 -9999 -9999 -9999 -9999 -9999 -9999 -9999 -9999 -9999 -9999 -9999 -9999 -9999 -9999 -9999 -9999 -9999 -9999 -9999 -9999 -9999 -9999 -9999 -9999 2.69570401310921 2.73624899983406 1.72265473008156 1.45658768713474 1.34488047659397 1.20624263584614 1.18185558915138 0.914534211158752 0.881151705980301 0.845035493373871 0.809286743402481 0.82982549071312 0.859161391854286 0.96372277289629 1.1525295227766 1.30654612183571 1.3450889736414 1.02160423994064 1.53038692474365 1.6428405046463 1.65250951051712 1.67774480581284 1.79610054194927 2.22418105602264
-9999 -9999 -9999 -9999 -9999 -9999 -9999 -9999 -9999 -9999 -9999 -9999 -9999 -9999 -9999 -9999 -9999 -9999 -9999 -9999 -9999 -9999 -9999 -9999 -9999 -9999 -9999 -9999 -9999 -9999 -9999 -9999 -9999 -9999 -9999 -9999 -9999 -9999 2.28237864375114 2.20270085334778 1.69249087572098 1.43145114183426 1.23454575240612 0.864276766777039 0.844907999038696 0.876064538955688 0.801332205533981 0.768943458795547 0.735479235649109 0.709811255335808 0.895687490701675 1.0709535330534 1.13172268867493 1.17246866226196 1.28217597305775 0.933969765901566 1.07489523291588 1.6025573015213 1.19301825761795 1.44083359837532 1.58942079544067 1.91390070319176
-9999 -9999 -9999 -9999 -9999 -9999 -9999 -9999 -9999 -9999 -9999 -9999 -9999 -9999 -9999 -9999 -9999 -9999 -9999 -9999 -9999 -9999 -9999 -9999 -9999 -9999 -9999 -9999 -9999 -9999 -9999 -9999 -9999 -9999 -9999 -9999 -9999 2.10061356425285 1.85827428102493 1.53714188933372 1.44605134427547 1.36723762750626 0.762662261724472 0.779682755470276 0.759255766868591 0.753103494644165 0.731513991951942 0.678267002105713 0.679321512579918 0.71534027159214 0.741555735468864 0.829040631651878 0.796630471944809 1.16124790906906 1.3087802529335 0.908237993717194 1.00324049592018 1.12627351284027 1.06687349081039 1.24184399843216 1.55842953175306 1.85989049077034
-9999 -9999 -9999 -9999 -9999 -9999 -9999 -9999 -9999 -9999 -9999 -9999 -9999 -9999 -9999 -9999 -9999 -9999 -9999 -9999 -9999 -9999 -9999 -9999 -9999 -9999 -9999 -9999 -9999 -9999 -9999 -9999 -9999 -9999 -9999 -9999 -9999 2.33115975558758 1.83622500300407 1.41039074957371 0.893900960683823 0.861334472894669 0.825902223587036 0.755422532558441 0.729930013418198 0.689646005630493 0.666224241256714 0.652820259332657 0.684677258133888 0.735030010342598 0.762935221195221 0.808642476797104 0.732331696897745 1.14490746706724 1.1981835141778 0.869487762451172 1.00159952044487 0.947497487068176 0.885845214128494 1.69651159644127 1.81696656346321 2.10097655653954
-9999 -9999 -9999 -9999 -9999 -9999 -9999 -9999 -9999 -9999 -9999 -9999 -9999 -9999 -9999 -9999 -9999 -9999 -9999 -9999 -9999 -9999 -9999 -9999 -9999 -9999 -9999 -9999 -9999 -9999 -9999 -9999 -9999 -9999 -9999 -9999 4.21157383918762 3.18353176116943 2.01319044828415 1.2095887362957 0.931714475154877 0.793123483657837 0.746464490890503 0.716388747096062 0.675271511077881 0.649268254637718 0.644815519452095 0.64266899228096 0.670569017529488 0.718335762619972 0.75575852394104 0.822041988372803 0.995328538119793 1.21344541758299 1.20776060968637 1.22066286206245 1.19777434319258 1.72928626835346 1.15677695721388 1.48678055405617 2.09275689125061 2.34508457779884
-9999 -9999 -9999 -9999 -9999 -9999 -9999 -9999 -9999 -9999 -9999 -9999 -9999 -9999 -9999 -9999 -9999 -9999 -9999 -9999 -9999 -9999 -9999 -9999 -9999 -9999 -9999 -9999 -9999 -9999 -9999 3.76424422860146 1.39621849828645 -9999 2.10493344068527 2.38920298218727 1.91179557641347 1.33760395646095 1.28708025813103 0.980754017829895 0.745516508817673 0.695210248231888 0.682091251015663 0.672017231583595 0.67254450917244 0.656959488987923 0.659277006983757 0.692570239305496 0.735877498984337 0.794539511203766 0.812897980213165 0.826631247997284 0.867288753390312 1.33273047208786 1.39245226979256 1.5305780172348 1.57195276021957 1.65761297941208 1.93745946884155 1.85474243760109 2.39224870204926 2.59259991645813
-9999 -9999 -9999 -9999 -9999 -9999 -9999 -9999 -9999 -9999 -9999 -9999 -9999 -9999 -9999 -9999 -9999 -9999 -9999 -9999 -9999 -9999 0.346259817481041 0.963844567537308 24.9227831661701 2.79192042350769 10.3039222955704 1.95305246114731 4.22652348875999 1.88759770989418 2.18984922766685 0.670416757464409 1.31645402312279 0.887161463499069 0.824639976024628 0.840930730104446 0.863368481397629 0.891654789447784 0.819306761026382 0.766390532255173 0.684250518679619 0.714266270399094 0.676975518465042 0.660438761115074 0.669636771082878 0.749372228980064 0.748740747570992 0.821528971195221 0.852806210517883 0.840033710002899 1.24976778030396 1.30453723669052 1.27581453323364 1.49886950850487 1.6217557489872 1.68458139896393 1.92184573411942 3.69232952594757 7.38915980388137 -9999 -9999 -9999
-9999 -9999 -9999 -9999 -9999 -9999 -9999 -9999 -9999 -9999 -9999 -9999 -9999 -9999 -9999 -9999 -9999 -9999 -9999 -9999 -9999 -9999 3.88602122664452 9.65232628583908 9.2321472465992 5.92393313348293 3.21226532757282 2.39060805737972 1.60897909104824 2.89844280481339 0.510828763246536 0.560582980513573 0.686023503541946 0.77935203909874 0.80924329161644 0.843189775943756 0.82139852643013 0.83416423201561 0.790407031774521 0.734528258442879 0.71576102077961 0.661556258797646 0.621371269226074 0.599681228399277 0.662783235311508 0.703773736953735 0.828655511140823 1.07503795623779 1.18704754114151 1.2642930150032 1.4128409922123 1.34703674912453 1.58924996852875 1.69427895545959 1.82770222425461 -9999 -9999 -9999 -9999 -9999 -9999 -9999
-9999 -9999 -9999 -9999 -9999 -9999 -9999 -9999 -9999 -9999 -9999 -9999 -9999 -9999 -9999 -9999 -9999 -9999 -9999 18.6738336980343 2.70207637548447 4.38036131858826 3.82030436396599 4.57147914916277 3.5436532124877 1.79315923154354 1.85246028006077 1.66208356618881 1.18243418633938 2.09737385809422 0.621178507804871 0.584244757890701 0.656311511993408 0.750497281551361 0.794435262680054 0.800405234098434 0.782985717058182 0.825160503387451 0.810259491205215 0.75306299328804 0.693150758743286 0.642935246229172 0.609213754534721 0.66863027215004 0.70618799328804 0.710963264107704 1.12707674503326 1.41445872187614 1.57664251327515 1.72735798358917 1.76992946863174 -9999 -9999 -9999 -9999 -9999 -9999 -9999 -9999 -9999 -9999 -9999
-9999 -9999 -9999 -9999 -9999 -9999 -9999 -9999 -9999 -9999 -9999 -9999 -9999 -9999 -9999 -9999 -9999 13.7799067050219 4.36188277602196 7.11385358870029 4.55250790715218 2.17075717449188 2.22557812929153 2.38791078329086 3.03355237841606 2.79870231449604 2.8049737662077 1.1627205312252 1.3839764893055 0.818794459104538 0.866201967000961 0.839347511529922 0.824844002723694 0.723211482167244 0.800023466348648 0.812682777643204 0.820646971464157 0.97569528222084 0.928460955619812 0.793005734682083 0.677161484956741 0.61829848587513 0.599006250500679 0.719528988003731 0.729792013764381 0.769967257976532 1.00703474879265 1.65480977296829 1.79649531841278 1.46957180897395 1.80859750509262 -9999 -9999 -9999 -9999 -9999 -9999 -9999 -9999 -9999 -9999 -9999
-9999 -9999 -9999 -9999 -9999 -9999 -9999 -9999 -9999 -9999 -9999 -9999 -9999 -9999 17.4954893141985 7.04336947202682 6.97594843804836 2.92943805456161 4.59753450751305 2.48681782186031 1.69960275292397 1.5957787334919 3.14671169221401 1.55930252373219 1.47539511322975 1.20702601969242 1.11847351491451 0.883883982896805 0.6888487637043 0.649352252483368 0.781876534223557 0.725585237145424 0.789823472499847 0.791177988052368 0.79536446928978 0.788524478673935 0.824923485517502 0.909972041845322 0.92024552822113 0.763330489397049 0.620351985096931 0.637618482112885 0.661101758480072 0.726679489016533 0.771105766296387 0.853010237216949 1.17557922005653 1.32123747467995 1.4823494553566 1.6543852686882 2.1203790307045 2.82192957401276 -9999 -9999 -9999 -9999 -9999 -9999 -9999 -9999 -9999 -9999
-9999 -9999 -9999 -9999 -9999 -9999 -9999 -9999 -9999 -9999 -9999 2.34677802123033 36.811193561554 7.77183111011982 2.73991200327873 1.74938772618771 1.51758599281311 1.96129681169987 4.51104819774628 3.42250344157219 2.88463309407234 1.55934561789036 1.31094673275948 0.899154759943485 0.765374645590782 0.539007738232613 0.467562764883041 0.524557515978813 0.547277256846428 0.611410483717918 0.604236736893654 0.577987521886826 0.611554518342018 0.644250735640526 0.650505736470222 0.640598237514496 0.804843753576279 0.779109746217728 0.649667233228683 0.577493235468864 0.65982748568058 0.615272998809814 0.633475497364998 0.651409506797791 0.815084964036942 0.852694541215897 1.0700024664402 1.16073828935623 1.20760425925255 1.45093953609467 2.01415042255236 -9999 -9999 -9999 -9999 -9999 5.63710535986479 11.0379741191864 6.66073524951935 5.33269166946411 10.1367528438568 -9999
-9999 -9999 -9999 -9999 -9999 -9999 -9999 -9999 -9999 22.6995252594352 10.2611672431231 13.5233788490295 2.77315834164619 2.18064218759537 4.21920266747475 3.41949266195297 1.33271592110395 1.46003770083189 1.36304739117622 1.27679997682571 1.06685397773981 0.828388497233391 0.607030503451824 0.640697635710239 0.495040521025658 0.461853012442589 0.510974988341331 0.50950875878334 0.529689744114876 0.559029757976532 0.571647003293037 0.617336243391037 0.798675745725632 0.771688520908356 0.78598952293396 0.811776727437973 0.808680027723312 0.633965268731117 0.567249745130539 0.622875764966011 0.623681992292404 0.654931515455246 0.680664762854576 0.717518270015717 0.787854731082916 0.884051978588104 0.931726455688477 1.02476996183395 1.1584087908268 1.32117828726768 1.39258503913879 1.68158447742462 1.72819125652313 2.77648741916075 2.44236844778061 2.2312391102314 2.36328798532486 2.45108476281166 2.43634870648384 3.3766587972641 4.40729999542236 -9999
-9999 -9999 -9999 -9999 -9999 2.93564216047525 19.1223059222102 6.83137051016092 8.0261310338974 6.91249179840088 6.5088475048542 3.87374898791313 1.30447049438953 1.43330660462379 2.00392390787601 0.481524020433426 1.46612966805696 0.552771762013435 0.552400499582291 0.56692273914814 0.503939241170883 0.48453377187252 0.483308270573616 0.610180512070656 0.453421488404274 0.5730299949646 0.618579000234604 0.613069519400597 0.590128496289253 0.552398264408112 0.634520262479782 0.920950502157211 1.18228948116302 1.11361795663834 0.978138774633408 0.867989212274551 0.711044982075691 0.594104245305061 0.581659510731697 0.586172997951508 0.637269750237465 0.78286349773407 0.677190005779266 0.626425489783287 0.718006521463394 0.849596232175827 0.951009035110474 0.954522728919983 1.05063825845718 1.16613900661469 1.28149875998497 1.44012451171875 1.80823922157288 1.49461045861244 1.64105772972107 1.71060007810593 2.03349751234055 2.06706485152245 2.35451549291611 2.64517843723297 2.87441778182983 2.95078897476196
-9999 -9999 -9999 -9999 -9999 2.47506983578205 1.73341501504183 1.31887011229992 1.35552115738392 1.20744672417641 1.02408186346292 0.873246386647224 0.400896728038788 0.411227256059647 0.478736981749535 0.460486516356468 0.484221741557121 0.496664240956306 0.516097515821457 0.531907483935356 0.543406516313553 0.550958231091499 0.454013228416443 0.504588738083839 0.543854981660843 0.560852989554405 0.569745764136314 0.556250989437103 0.54093673825264 0.548304006457329 0.618425980210304 0.657076478004456 0.862926006317139 1.17820501327515 1.0118947327137 0.843073457479477 0.744629994034767 0.862612456083298 0.586010232567787 0.588194265961647 0.606770262122154 0.707754760980606 0.716235011816025 0.606799498200417 0.588433519005775 0.616026744246483 0.861990004777908 0.949482768774033 1.00014299154282 1.0456754565239 1.17971777915955 1.28230047225952 1.38080701231956 1.4254244863987 1.60268032550812 1.70313745737076 1.82291752099991 1.93226075172424 1.72853779792786 2.2479709982872 2.41319698095322 2.50221580266953
-9999 -9999 -9999 -9999 -9999 0.855125248432159 0.819196119904518 0.74421863257885 0.754720889031887 0.721976615488529 0.399631485342979 0.478987500071526 0.523443728685379 0.48752698302269 0.489699751138687 0.641255244612694 0.634481236338615 0.651065245270729 0.645783752202988 0.608340740203857 0.578617483377457 0.563165232539177 0.564289480447769 0.559213489294052 0.529736235737801 0.533308491110802 0.515358746051788 0.523785755038261 0.53218124806881 0.54439951479435 0.548591986298561 0.551753997802734 0.582117766141891 0.715592265129089 0.818529009819031 0.87595197558403 0.783066719770432 0.589492499828339 0.529890015721321 0.601294487714767 0.628892228007317 0.733087509870529 0.829329013824463 0.7187579870224 0.670535981655121 0.62542650103569 0.669818267226219 0.772463232278824 0.876818239688873 0.952905714511871 1.05193421244621 1.12668228149414 1.20521628856659 1.43036323785782 1.38066449761391 1.06095224618912 1.15063646435738 1.48437547683716 1.61470770835876 2.10734701156616 2.22497892379761 2.30153589248657
-9999 -9999 -9999 -9999 -9999 0.777839630842209 0.282926246523857 0.300986252725124 0.587862744927406 0.54951636493206 0.564958892762661 0.566464483737946 0.548638500273228 0.575723245739937 0.661368727684021 0.65854275226593 0.660310506820679 0.698985010385513 0.67196099460125 0.630983233451843 0.612367495894432 0.631803005933762 0.602951243519783 0.575207993388176 0.525957003235817 0.513986259698868 0.521541729569435 0.52274626493454 0.530358731746674 0.534887999296188 0.556044012308121 0.563422501087189 0.558354020118713 0.554594993591309 0.559217244386673 0.518792241811752 0.531450748443604 0.506278485059738 0.5455162525177 0.579153746366501 0.612652480602264 0.632020488381386 0.679255485534668 0.614195242524147 0.627579733729362 0.677023485302925 0.651951000094414 0.6445252597332 0.701304763555527 0.72801299393177 0.807087779045105 0.789285778999329 0.983544766902924 0.884645998477936 0.957991093397141 1.06074151396751 1.10436451435089 1.39756345748901 1.62116396427155 2.17220598459244 2.55530977249146 2.71223622560501
-9999 -9999 -9999 -9999 -9999 0.631398014724255 0.315539248287678 0.336333006620407 0.368787758052349 0.426874503493309 0.443193018436432 0.532707765698433 0.600310519337654 0.68623723089695 0.6861322671175 0.708459734916687 0.646607995033264 0.622083753347397 0.66703873872757 0.719898730516434 0.663595497608185 0.602603986859322 0.575998485088348 0.516414731740952 0.432647243142128 0.429664492607117 0.462358519434929 0.524507984519005 0.549046486616135 0.52308677136898 0.527301728725433 0.546794235706329 0.566955730319023 0.557762235403061 0.496304646134377 0.487092755734921 0.572400748729706 0.538656771183014 0.561204001307487 0.581041485071182 0.557739749550819 0.561114013195038 0.600869983434677 0.550826266407967 0.599121764302254 0.626410514116287 0.766313999891281 0.709395736455917 0.654305979609489 0.607689008116722 0.58261576294899 0.61049097776413 0.851034387946129 0.893354058265686 1.07538360357285 1.26883909106255 1.11967440694571 1.37457581609488 1.46515291929245 1.64826563000679 2.47939705848694 2.4790860414505
