EcologicalScience/Bass/data/rs_data_bass/chl_346.asc
NCOLS 226 
NROWS 124 
XLLCORNER -9.41648524995501 
YLLCORNER 47.587301625531 
CELLSIZE 0.0833 
NODATA_value -9999 
[rows 0 to 26 of 124, columns 62 to 123 of 226]
-9999 -9999 -9999 -9999 -9999 -9999 -9999 -9999 -9999 -9999 -9999 -9999 -9999 -9999 -9999 -9999 -9999 -9999 -9999 -9999 -9999 -9999 -9999 -9999 -9999 -9999 -9999 -9999 -9999 -9999 -9999 -9999 -9999 -9999 -9999 -9999 -9999 -9999 -9999 -9999 -9999 -9999 -9999 -9999 -9999 -9999 -9999 -9999 -9999 -9999 -9999 -9999 -9999 -9999 -9999 -9999 -9999 -9999 -9999 -9999 -9999 -9999
-9999 -9999 -9999 -9999 -9999 -9999 -9999 -9999 -9999 -9999 -9999 -9999 -9999 -9999 -9999 -9999 -9999 -9999 -9999 -9999 -9999 -9999 -9999 -9999 -9999 -9999 -9999 -9999 -9999 -9999 -9999 -9999 -9999 -9999 -9999 -9999 -9999 -9999 -9999 -9999 -9999 -9999 -9999 -9999 -9999 -9999 -9999 -9999 -9999 -9999 -9999 -9999 -9999 -9999 -9999 -9999 -9999 -9999 -9999 -9999 -9999 -9999
-9999 -9999 -9999 -9999 -9999 -9999 -9999 -9999 -9999 -9999 -9999 -9999 -9999 -9999 -9999 -9999 -9999 -9999 -9999 -9999 -9999 -9999 -9999 -9999 -9999 -9999 -9999 -9999 -9999 -9999 -9999 -9999 -9999 -9999 -9999 -9999 -9999 -9999 -9999 -9999 -9999 -9999 -9999 -9999 -9999 -9999 -9999 -9999 -9999 -9999 -9999 -9999 -9999 -9999 -9999 -9999 -9999 -9999 -9999 -9999 -9999 -9999
-9999 -9999 -9999 -9999 -9999 -9999 -9999 -9999 -9999 -9999 -9999 -9999 -9999 -9999 -9999 -9999 -9999 -9999 -9999 -9999 -9999 -9999 -9999 -9999 -9999 -9999 -9999 -9999 -9999 -9999 -9999 -9999 -9999 -9999 -9999 -9999 -9999 -9999 -9999 -9999 -9999 -9999 -9999 -9999 -9999 -9999 -9999 -9999 -9999 -9999 -9999 -9999 -9999 -9999 -9999 -9999 -9999 -9999 -9999 -9999 -9999 -9999
-9999 -9999 -9999 -9999 -9999 -9999 -9999 -9999 -9999 -9999 -9999 -9999 -9999 -9999 -9999 -9999 -9999 -9999 -9999 -9999 -9999 -9999 -9999 -9999 -9999 -9999 -9999 -9999 -9999 -9999 -9999 -9999 -9999 -9999 -9999 -9999 -9999 -9999 -9999 -9999 -9999 -9999 -9999 -9999 -9999 -9999 -9999 -9999 -9999 -9999 -9999 -9999 -9999 -9999 -9999 -9999 -9999 -9999 -9999 -9999 -9999 -9999
-9999 -9999 -9999 -9999 -9999 -9999 -9999 -9999 -9999 -9999 -9999 -9999 -9999 -9999 -9999 -9999 -9999 -9999 -9999 -9999 -9999 -9999 -9999 -9999 -9999 -9999 -9999 -9999 0.63735419511795 1.2374519190214 1.2280365228653 1.13278198242188 1.45730701088905 1.65412348508835 0.575884997844696 0.441961482167244 0.408686265349388 0.389067739248276 0.430122748017311 0.478121995925903 0.436753481626511 0.451278761029243 0.406160250306129 0.418525502085686 0.403707012534142 0.383858263492584 0.375704258680344 0.40471650660038 0.312174752354622 0.293439745903015 0.303035259246826 0.293711990118027 0.281117253005505 0.255810745060444 0.244780495762825 0.239224500954151 0.228102743625641 0.234353251755238 0.268357492983341 0.282567746937275 0.314505010843277 0.384764984250069
-9999 -9999 -9999 -9999 -9999 -9999 -9999 -9999 -9999 -9999 -9999 -9999 -9999 -9999 -9999 -9999 -9999 -9999 -9999 -9999 -9999 -9999 -9999 -9999 -9999 -9999 1.18186515569687 1.0627324283123 1.86118358373642 2.11566227674484 1.30561199784279 1.5530374199152 1.61393916606903 0.744718305766582 0.713511753827333 0.471526511013508 0.405432745814323 0.349801495671272 0.396031513810158 0.389229744672775 0.422480240464211 0.396832510828972 0.358383759856224 0.350501239299774 0.349814996123314 0.318452998995781 0.318931505084038 0.284844741225243 0.277722001075745 0.272789999842644 0.272604010999203 0.261533997952938 0.256353758275509 0.2566237449646 0.252255745232105 0.253967240452766 0.25331774353981 0.268761746585369 0.283064246177673 0.293534249067307 0.320296503603458 0.360117740929127
-9999 -9999 -9999 -9999 -9999 -9999 -9999 -9999 -9999 -9999 -9999 -9999 -9999 -9999 -9999 -9999 -9999 -9999 -9999 -9999 -9999 -9999 -9999 -9999 -9999 -9999 1.18186515569687 1.50638888776302 1.51488822698593 1.42572900652885 1.16829147934914 0.987922489643097 0.767107486724854 0.826959729194641 0.664086744189262 0.501033000648022 0.408836245536804 0.350812509655952 0.355233751237392 0.332568749785423 0.320067755877972 0.335416495800018 0.334744490683079 0.337857753038406 0.312990009784698 0.307667255401611 0.320946000516415 0.305901758372784 0.290462248027325 0.273775510489941 0.294087745249271 0.287094756960869 0.304211989045143 0.31402650475502 0.299356497824192 0.292951494455338 0.280730254948139 0.274643249809742 0.280605755746365 0.285950995981693 0.302685007452965 0.339829489588737
-9999 -9999 -9999 -9999 -9999 -9999 -9999 -9999 -9999 -9999 -9999 -9999 -9999 -9999 -9999 -9999 -9999 -9999 -9999 -9999 -9999 -9999 -9999 -9999 -9999 -9999 3.1513491153717 1.40988036990166 1.15498986840248 1.10430452227592 0.65581052005291 0.60114298760891 0.689815521240234 0.440486267209053 0.465605244040489 0.471690014004707 0.439032018184662 0.354143254458904 0.315968245267868 0.326551504433155 0.341374509036541 0.340626753866673 0.286640994250774 0.286116756498814 0.341672994196415 0.372696742415428 0.327643498778343 0.300518989562988 0.288625493645668 0.285491243004799 0.2994254976511 0.328727245330811 0.341348245739937 0.347451008856297 0.33891224116087 0.335118010640144 0.313860006630421 0.342623256146908 0.325844250619411 0.303352497518063 0.321871496737003 0.403809741139412
-9999 -9999 -9999 -9999 -9999 -9999 -9999 -9999 -9999 -9999 -9999 -9999 -9999 -9999 -9999 -9999 -9999 -9999 -9999 -9999 -9999 -9999 -9999 -9999 -9999 1.19121462106705 3.29916974902153 1.25778036564589 0.775138109922409 0.548777237534523 0.479247003793716 0.469364270567894 0.457029730081558 0.432954758405685 0.38773275911808 0.37991626560688 0.366873756051064 0.347582258284092 0.357312753796577 0.371207244694233 0.360946498811245 0.355604991316795 0.359105251729488 0.3029919937253 0.33108975738287 0.335773497819901 0.312343508005142 0.300164245069027 0.282402746379375 0.310039490461349 0.342278994619846 0.388179749250412 0.432352513074875 0.41907075047493 0.391383737325668 0.368180997669697 0.348113246262074 0.343098744750023 0.340413741767406 0.422583729028702 0.444054007530212 0.410034745931625
-9999 -9999 -9999 -9999 -9999 -9999 -9999 -9999 -9999 -9999 -9999 -9999 -9999 -9999 -9999 -9999 -9999 -9999 -9999 -9999 -9999 -9999 -9999 -9999 -9999 9.50074338912964 2.40792819857597 0.893086507916451 0.571093507111073 0.54932814091444 0.562824010848999 0.521804228425026 0.475602731108665 0.443285241723061 0.392462253570557 0.383977487683296 0.365565754473209 0.363765746355057 0.366980999708176 0.366275243461132 0.344428494572639 0.344417251646519 0.33423974364996 0.32014274597168 0.333496503531933 0.326695494353771 0.326603248715401 0.302497498691082 0.308076739311218 0.312449254095554 0.331067249178886 0.368741244077682 0.420870736241341 0.456291005015373 0.455484732985497 0.454249486327171 0.455243244767189 0.424659758806229 0.424443751573563 0.420974984765053 0.426000729203224 0.409070268273354
-9999 -9999 -9999 -9999 -9999 -9999 -9999 -9999 -9999 -9999 -9999 -9999 -9999 -9999 -9999 -9999 -9999 -9999 -9999 -9999 -9999 -9999 -9999 -9999 1.31647038459778 7.93594577908516 2.77414843440056 1.21564460545778 0.959788106381893 0.635011129081249 0.504768759012222 0.619947731494904 0.492117002606392 0.450223490595818 0.422881498932838 0.338723257184029 0.348644994199276 0.341379001736641 0.351021006703377 0.369530998170376 0.361487992107868 0.351519741117954 0.362678244709969 0.353472009301186 0.339785993099213 0.334805242717266 0.339212246239185 0.336572259664536 0.323017492890358 0.314249999821186 0.313049241900444 0.341085009276867 0.395120233297348 0.435609742999077 0.437734499573708 0.470226734876633 0.48217798769474 0.43461674451828 0.409555479884148 0.417867735028267 0.44724977016449 0.394518747925758
-9999 -9999 -9999 -9999 -9999 -9999 -9999 -9999 -9999 -9999 -9999 -9999 -9999 -9999 -9999 -9999 -9999 -9999 -9999 -9999 -9999 -9999 -9999 1.50594073534012 7.71154707670212 1.98564152419567 1.05807861685753 0.838679641485214 0.80639024823904 0.597489729523659 0.577929005026817 0.550313249230385 0.488481000065804 0.437925741076469 0.393424496054649 0.337163239717484 0.346170745790005 0.361142255365849 0.386178731918335 0.409340232610703 0.396938994526863 0.348559498786926 0.35011200606823 0.349536001682281 0.348622508347034 0.337696507573128 0.324434995651245 0.329259753227234 0.323621995747089 0.31445400416851 0.321352489292622 0.389755502343178 0.416470482945442 0.419477239251137 0.417989239096642 0.428108230233192 0.414244517683983 0.41379676759243 0.420077249407768 0.406703263521194 0.379162520170212 0.368136741220951
-9999 -9999 -9999 -9999 -9999 -9999 -9999 -9999 -9999 -9999 -9999 -9999 -9999 -9999 -9999 -9999 -9999 -9999 -9999 -9999 -9999 -9999 5.95224618911743 1.85966062545776 0.885396033525467 0.497535735368729 0.838269375264645 0.817259632050991 0.740080498158932 0.599983870983124 0.493846490979195 0.468010514974594 0.495983988046646 0.453680992126465 0.408911257982254 0.366917252540588 0.361676260828972 0.387404233217239 0.437244012951851 0.456527978181839 0.439629748463631 0.400381520390511 0.361389756202698 0.351186744868755 0.347841739654541 0.331851750612259 0.340455003082752 0.337304256856441 0.341568008065224 0.350132994353771 0.380121007561684 0.409408494830132 0.431436762213707 0.446284487843513 0.419207230210304 0.403676256537437 0.420317977666855 0.425929516553879 0.40345872938633 0.399744763970375 0.382248759269714 0.399536982178688
-9999 -9999 -9999 -9999 -9999 -9999 -9999 -9999 -9999 -9999 -9999 -9999 -9999 -9999 -9999 -9999 -9999 -9999 -9999 -9999 2.64602583646774 2.19039138912517 2.96678745746613 1.39276805520058 0.744244113564491 0.502666488289833 0.707524135708809 0.695123232901096 0.65735998749733 0.578886017203331 0.55240610986948 0.553226999938488 0.435777738690376 0.395476520061493 0.388488739728928 0.3736432492733 0.367767758667469 0.379947021603584 0.40005598962307 0.422414258122444 0.424889981746674 0.385226994752884 0.354520507156849 0.355650007724762 0.356244742870331 0.369061499834061 0.378139480948448 0.370287761092186 0.368057258427143 0.37685626745224 0.392890512943268 0.39672526717186 0.418116733431816 0.435099005699158 0.426645755767822 0.417645737528801 0.421311736106873 0.421512007713318 0.418347761034966 0.400613978505135 0.381924748420715 0.373853243887424
-9999 -9999 -9999 -9999 -9999 -9999 -9999 -9999 -9999 -9999 -9999 -9999 -9999 -9999 -9999 -9999 -9999 -9999 -9999 -9999 2.28931442729121 1.80578892230988 2.14058321714401 0.943460986018181 0.650279626250267 0.671442747116089 0.628354132175446 0.636034123599529 0.617491498589516 0.600677244365215 0.573718495666981 0.371597997844219 0.381100505590439 0.390339016914368 0.400518000125885 0.37764148414135 0.388064995408058 0.381696000695229 0.386397734284401 0.38799449801445 0.409318506717682 0.390487521886826 0.36506699770689 0.357212997972965 0.376325234770775 0.381396755576134 0.374864257872105 0.368808008730412 0.374480992555618 0.379269763827324 0.393822759389877 0.407984241843224 0.388377740979195 0.400536015629768 0.399442479014397 0.392282992601395 0.39012448489666 0.376529261469841 0.419883728027344 0.383588254451752 0.366461254656315 0.354351751506329
-9999 -9999 -9999 -9999 -9999 -9999 -9999 -9999 -9999 -9999 -9999 -9999 -9999 -9999 -9999 -9999 -9999 -9999 -9999 3.65254506468773 4.7874990105629 3.87236693501472 1.84167297184467 0.945565469563007 0.729926973581314 0.631308004260063 0.577780500054359 0.485919758677483 0.393221229314804 0.373906508088112 0.385142236948013 0.373882502317429 0.412295982241631 0.444122269749641 0.425560489296913 0.413582995533943 0.387023985385895 0.364635743200779 0.363471753895283 0.368774257600307 0.35470649600029 0.352628991007805 0.341994009912014 0.332049742341042 0.344048246741295 0.336675010621548 0.340676240622997 0.338675245642662 0.348115503787994 0.338848493993282 0.360498011112213 0.369689248502254 0.344878502190113 0.341782495379448 0.347791492938995 0.351271502673626 0.346919260919094 0.350551508367062 0.356264255940914 0.355409257113934 0.353469751775265 0.357195742428303
-9999 -9999 -9999 -9999 -9999 -9999 -9999 -9999 -9999 -9999 -9999 -9999 -9999 -9999 -9999 -9999 -9999 -9999 22.0852346420288 7.49684500694275 2.43971031904221 0.337914749979973 0.308345250785351 0.309801757335663 0.331287749111652 0.468551248311996 0.463001981377602 0.549735769629478 0.541741490364075 0.406010985374451 0.500890508294106 0.486460492014885 0.451057478785515 0.503035515546799 0.441752269864082 0.380121767520905 0.367294505238533 0.340427242219448 0.335095502436161 0.345947250723839 0.339329995214939 0.33525974303484 0.296613000333309 0.293632507324219 0.290880739688873 0.297588743269444 0.295043997466564 0.290609993040562 0.287650510668755 0.292109258472919 0.322027489542961 0.309519745409489 0.282558001577854 0.310479752719402 0.313676990568638 0.33041924983263 0.347843997180462 0.350379757583141 0.368863508105278 0.3841762393713 0.380021989345551 0.364774502813816
-9999 -9999 -9999 -9999 -9999 -9999 -9999 -9999 -9999 -9999 -9999 -9999 -9999 -9999 -9999 -9999 -9999 31.673839706906 19.3038783073425 2.6625337600708 1.1596215069294 0.597221240401268 0.348419241607189 0.345816738903522 0.349310249090195 0.363423004746437 0.391675516963005 0.470535770058632 0.563520759344101 0.467033252120018 0.484860017895699 0.484742268919945 0.436548739671707 0.427609518170357 0.467210233211517 0.404348239302635 0.383305504918098 0.332394003868103 0.337114490568638 0.342032991349697 0.330424502491951 0.311436742544174 0.284795992076397 0.281373739242554 0.275771990418434 0.276852004230022 0.2775022611022 0.281316742300987 0.306371256709099 0.313745990395546 0.321002997457981 0.335291258990765 0.357727490365505 0.352967239916325 0.345325492322445 0.348911248147488 0.329876258969307 0.345687009394169 0.368049010634422 0.392628014087677 0.383722499012947 0.347456239163876
-9999 -9999 -9999 -9999 -9999 -9999 -9999 -9999 -9999 -9999 -9999 -9999 -9999 -9999 -9999 -9999 -9999 -9999 -9999 2.05549049377441 1.25986352562904 0.983465284109116 0.621905609965324 0.395736739039421 0.376718983054161 0.360318750143051 0.369683995842934 0.375838503241539 0.48285448551178 0.510914996266365 0.49252425134182 0.441446229815483 0.437250003218651 0.403880998492241 0.393915742635727 0.396874487400055 0.410303235054016 0.382161006331444 0.369440250098705 0.364502996206284 0.337840497493744 0.33244950324297 0.319179005920887 0.303398989140987 0.287481755018234 0.276626251637936 0.264404252171516 0.266154751181602 0.294059246778488 0.326843239367008 0.358061246573925 0.397889256477356 0.397401005029678 0.388838231563568 0.367424257099628 0.366207741200924 0.393154487013817 0.397222504019737 0.415953755378723 0.411899998784065 0.38510625064373 0.362509489059448
-9999 -9999 -9999 -9999 -9999 -9999 -9999 -9999 -9999 -9999 -9999 -9999 -9999 -9999 -9999 63.7054196000099 3.52944026210091 3.28050112724304 0.437287509441376 0.532892256975174 0.822284281253815 0.592452764511108 0.412662729620934 0.30044250190258 0.311076007783413 0.337761752307415 0.333877488970757 0.362306244671345 0.381966009736061 0.498732760548592 0.472052246332169 0.466149732470512 0.416740491986275 0.393327757716179 0.381517499685287 0.380111262202263 0.401516988873482 0.384919479489326 0.356644503772259 0.36677024513483 0.33992625027895 0.32091148942709 0.306966751813889 0.281874753534794 0.277852490544319 0.275085009634495 0.268067993223667 0.282112509012222 0.296569503843784 0.308820001780987 0.344820745289326 0.374226003885269 0.404336258769035 0.433700233697891 0.43868400156498 0.432908266782761 0.442535251379013 0.448783501982689 0.446155518293381 0.405351743102074 0.416937008500099 0.444602251052856
-9999 -9999 -9999 -9999 -9999 -9999 -9999 -9999 -9999 -9999 35.2986888885498 35.2986888885498 13.7248649597168 8.72683588663737 10.4481710493565 10.3238140940666 8.82346330583096 4.0657519698143 0.441021770238876 3.86771839857101 0.723589494824409 0.672278255224228 0.488852262496948 0.543077990412712 0.258945755660534 0.454992011189461 0.492104239761829 0.403976261615753 0.409309521317482 0.487566009163857 0.535014018416405 0.447707980871201 0.420653253793716 0.379489481449127 0.331462495028973 0.36778199672699 0.38739225268364 0.359841741621494 0.373734757304192 0.324149250984192 0.29976224899292 0.292235255241394 0.274307258427143 0.26264550536871 0.264928489923477 0.274186491966248 0.294518999755383 0.339182250201702 0.379039496183395 0.415703997015953 0.401040762662888 0.391545742750168 0.425335496664047 0.445859268307686 0.432384744286537 0.463971018791199 0.461207270622253 0.46365974843502 0.453901514410973 0.437225237488747 0.455554515123367 0.469203740358353
-9999 -9999 -9999 -9999 -9999 -9999 -9999 -9999 -9999 -9999 35.2986888885498 7.32963447137312 21.9636559635401 18.9787466526031 7.70818841457367 20.4369488954544 8.6795474588871 7.25787658691406 3.83458161737659 11.8535678651598 2.59893786907196 0.793794751167297 0.527550011873245 0.424397259950638 0.370156489312649 0.517366491258144 0.524515874683857 0.451427981257439 0.376934230327606 0.42806701362133 0.484254732728004 0.475932732224464 0.472844257950783 0.460216507315636 0.364677742123604 0.336012750864029 0.373571254312992 0.36557400226593 0.337907999753952 0.333140999078751 0.28320300579071 0.266942247748375 0.261130504310131 0.262986749410629 0.267623998224735 0.281428501009941 0.300148509442806 0.389936238527298 0.412129506468773 0.430701747536659 0.440613761544228 0.44965124130249 0.438372015953064 0.425704479217529 0.422638490796089 0.42891825735569 0.46645125746727 0.437610760331154 0.425694733858109 0.400243520736694 0.453601509332657 0.456167981028557
-9999 -9999 -9999 -9999 -9999 -9999 -9999 -9999 -9999 -9999 -9999 -9999 3.14855152204796 36.8752008676529 2.41347789764404 5.09514021873474 -9999 -9999 -9999 -9999 -9999 -9999 0.947340756654739 0.21000974625349 1.07261064648628 0.950769379734993 0.809899114072323 0.597017236053944 0.525328136980534 0.697943240404129 0.4544947296381 0.47331976890564 0.472418993711472 0.444553479552269 0.368956491351128 0.345791257917881 0.345224998891354 0.284166745841503 0.278234995901585 0.277700252830982 0.286671750247478 0.284174993634224 0.279083244502544 0.268594510853291 0.271154992282391 0.278430752456188 0.29840999096632 0.380577743053436 0.381361484527588 0.430143758654594 0.4453125 0.44388373196125 0.39470998942852 0.43554000556469 0.439538240432739 0.395843267440796 0.412800014019012 0.411664500832558 0.395426228642464 0.389827519655228 0.39751723408699 0.442695736885071
-9999 -9999 -9999 -9999 -9999 -9999 -9999 -9999 -9999 -9999 -9999 -9999 -9999 16.6274771690369 16.6274771690369 16.6274771690369 -9999 -9999 -9999 -9999 -9999 -9999 4.94490551948547 4.94490551948547 4.94490551948547 0.308659605681896 1.55325150489807 0.301913246512413 0.381065234541893 0.375294014811516 0.332740500569344 0.367064997553825 0.383189991116524 0.410549998283386 0.424707010388374 0.36897823959589 0.341114245355129 0.28201724588871 0.254015251994133 0.269267253577709 0.279375001788139 0.287826754152775 0.309143252670765 0.319268994033337 0.294577494263649 0.297409504652023 0.302853003144264 0.349230006337166 0.366703502833843 0.401198253035545 0.402033001184464 0.394523978233337 0.390665978193283 0.407466754317284 0.423549011349678 0.415954515337944 0.3646335080266 0.381659254431725 0.396006748080254 0.405336007475853 0.393850520253181 0.409635007381439
-9999 -9999 -9999 -9999 -9999 -9999 -9999 -9999 -9999 -9999 -9999 -9999 -9999 -9999 -9999 -9999 -9999 -9999 -9999 -9999 -9999 -9999 -9999 -9999 -9999 -9999 60.8105492194494 0.313742257654667 0.594536259770393 0.473860502243042 0.456643491983414 0.355673253536224 0.328754246234894 0.363959245383739 0.403778985142708 0.422273978590965 0.404081270098686 0.355272755026817 0.344529010355473 0.229238994419575 0.322707004845142 0.338274009525776 0.335294254124165 0.327392242848873 0.32990925014019 0.333841502666473 0.322578750550747 0.325338006019592 0.333506248891354 0.345114000141621 0.372683241963387 0.389567255973816 0.386921256780624 0.395601019263268 0.408760517835617 0.401207998394966 0.381379500031471 0.374820001423359 0.371481008827686 0.381687015295029 0.406725749373436 0.431090265512466
-9999 -9999 -9999 -9999 -9999 -9999 -9999 -9999 -9999 -9999 -9999 -9999 -9999 -9999 -9999 -9999 -9999 -9999 -9999 -9999 -9999 -9999 -9999 -9999 -9999 -9999 -9999 3.63690948215398 1.28519028425217 0.6915682554245 0.677180260419846 0.650683522224426 0.363716997206211 0.312480747699738 0.341066993772984 0.380005493760109 0.389009267091751 0.37356374412775 0.320946760475636 0.32914200425148 0.339680247008801 0.357461996376514 0.323072254657745 0.320558242499828 0.343047760426998 0.332545503973961 0.327968247234821 0.347553759813309 0.336726754903793 0.33346950262785 0.348028510808945 0.369191251695156 0.388645514845848 0.388714492321014 0.386871010065079 0.384774014353752 0.374451756477356 0.368132248520851 0.369078755378723 0.338724754750729 0.360293246805668 0.381601497530937
