EcologicalScience/Bass/data/rs_data_bass/chl_156.asc
NCOLS 226 
NROWS 124 
XLLCORNER -9.41648524995501 
YLLCORNER 47.587301625531 
CELLSIZE 0.0833 
NODATA_value -9999 
[rows 81 to 107 of 124, columns 62 to 123 of 226]
3.85158455371857 5.97498106956482 7.6620512008667 7.66205191612244 -9999 -9999 -9999 -9999 -9999 -9999 -9999 -9999 -9999 -9999 -9999 -9999 -9999 -9999 -9999 -9999 -9999 -9999 -9999 -9999 -9999 -9999 -9999 -9999 -9999 -9999 -9999 -9999 -9999 -9999 -9999 -9999 -9999 -9999 -9999 -9999 -9999 -9999 -9999 -9999 -9999 -9999 -9999 -9999 -9999 -9999 -9999 -9999 -9999 -9999 -9999 -9999 -9999 -9999 -9999 -9999 -9999 -9999
2.92000666723668 -9999 -9999 -9999 -9999 -9999 -9999 -9999 -9999 -9999 -9999 -9999 -9999 -9999 -9999 -9999 -9999 -9999 -9999 -9999 -9999 -9999 -9999 -9999 -9999 -9999 -9999 -9999 -9999 -9999 -9999 -9999 -9999 -9999 -9999 -9999 -9999 -9999 -9999 -9999 -9999 -9999 -9999 -9999 -9999 -9999 -9999 -9999 -9999 -9999 -9999 -9999 -9999 -9999 -9999 -9999 -9999 -9999 -9999 -9999 -9999 -9999
-9999 -9999 -9999 -9999 -9999 -9999 -9999 -9999 -9999 -9999 -9999 -9999 -9999 -9999 -9999 -9999 -9999 -9999 -9999 -9999 -9999 -9999 -9999 -9999 -9999 -9999 -9999 -9999 -9999 -9999 -9999 -9999 -9999 -9999 -9999 -9999 -9999 -9999 -9999 -9999 -9999 -9999 -9999 -9999 -9999 -9999 -9999 -9999 -9999 -9999 -9999 -9999 -9999 -9999 -9999 -9999 -9999 -9999 -9999 -9999 -9999 -9999
-9999 -9999 -9999 -9999 -9999 -9999 -9999 -9999 -9999 -9999 -9999 -9999 -9999 -9999 -9999 -9999 -9999 -9999 -9999 -9999 -9999 -9999 -9999 -9999 -9999 -9999 -9999 -9999 -9999 -9999 -9999 -9999 -9999 -9999 -9999 -9999 -9999 -9999 -9999 -9999 -9999 -9999 -9999 -9999 -9999 -9999 -9999 -9999 -9999 -9999 -9999 -9999 -9999 -9999 -9999 -9999 -9999 3.18326257256901 3.41068875789642 3.47200262546539 3.08016228675842 4.33512139320374
-9999 -9999 -9999 -9999 -9999 -9999 -9999 -9999 -9999 -9999 -9999 -9999 -9999 -9999 -9999 -9999 -9999 -9999 -9999 -9999 -9999 -9999 -9999 -9999 -9999 -9999 -9999 -9999 -9999 -9999 -9999 -9999 -9999 -9999 -9999 -9999 37.1749906539917 -9999 4.54540182862963 2.64756658673286 -9999 -9999 11.6540832573717 6.51418671011925 43.9460945129395 2.25116246938705 2.1237952709198 1.78348428010941 2.18483179807663 1.68079733848572 1.97693467140198 1.79114770889282 -9999 -9999 -9999 2.26847916841507 3.27558088302612 3.20227110385895 3.04995238780975 2.19607418775558 2.93181824684143 2.0079944729805
-9999 -9999 -9999 -9999 -9999 -9999 -9999 -9999 -9999 -9999 -9999 -9999 -9999 3.33615124225616 4.43519389629364 2.49728858470917 2.35229104757309 1.76204627752304 1.12509450316429 -9999 -9999 -9999 -9999 -9999 -9999 -9999 -9999 -9999 2.6790434718132 2.8544459939003 16.6330282688141 3.5047675711768 -9999 3.66949796676636 -9999 -9999 -9999 -9999 3.4777524471283 3.84884333610535 3.46086966991425 3.02399933338165 2.22927975654602 2.38181555271149 2.51489853858948 2.22492456436157 2.26873201131821 2.5154310464859 3.16129267215729 3.31203067302704 2.99056720733643 3.27300453186035 3.52715027332306 2.53958916664124 2.16489154100418 2.30580371618271 3.16349923610687 2.19253957271576 2.5227068066597 2.89837342500687 1.69024801254272 1.35246303677559
-9999 -9999 -9999 -9999 -9999 -9999 -9999 -9999 -9999 -9999 3.17517664035161 3.12424564361572 1.96364843845367 2.30483168363571 1.7865389585495 2.06541377305984 2.59631180763245 2.67789906263351 2.69198781251907 3.29925012588501 4.84088458744178 -9999 2.14747649431229 2.28258526325226 3.33613245053725 -9999 -9999 4.13810412883759 2.48557949066162 1.75183349847794 1.53416848182678 1.30868178606033 1.26554998755455 1.20680478215218 -9999 -9999 3.01547261646816 5.02577716112137 2.8071563243866 2.63330698013306 2.34589719772339 2.03654551506042 1.63162958621979 1.70496225357056 1.85991221666336 2.0911785364151 2.08268469572067 2.06949591636658 2.19149994850159 2.69765996932983 3.05100524425507 3.08973240852356 3.25691163539886 1.97143578529358 2.00624620914459 3.06736636161804 3.19694244861603 2.86882120370865 2.10890847444534 1.38135454058647 0.848049759864807 0.870174765586853
-9999 -9999 -9999 -9999 -9999 -9999 -9999 -9999 -9999 7.54809880256653 13.1823806762695 4.87804412841797 1.64334601163864 1.80911922454834 1.85006028413773 1.80535733699799 1.42881900072098 1.37531098723412 1.36671227216721 1.53099900484085 2.14781016111374 2.58647257089615 2.23295474052429 1.94125056266785 1.71420747041702 1.72239303588867 2.01172345876694 1.91467791795731 1.79622530937195 1.47018975019455 1.12440526485443 1.0232834815979 1.22564622759819 1.61895149946213 2.02900725603104 2.76497483253479 3.0249330997467 2.70732593536377 2.39098942279816 2.32249492406845 2.21527057886124 2.15980499982834 1.70219099521637 1.18458527326584 1.09099352359772 1.04385825991631 1.06411653757095 1.15770372748375 1.12709999084473 1.21869447827339 1.19476801156998 1.20213970541954 1.13813254237175 1.14678373932838 1.41028878092766 1.34272500872612 1.35596027970314 1.04367229342461 0.78505352139473 0.725943759083748 0.737733766436577 0.895117521286011
-9999 -9999 -9999 -9999 -9999 -9999 -9999 -9999 -9999 5.75053954124451 3.75028645992279 2.11329746246338 1.79706305265427 1.44838124513626 1.21691179275513 1.06063878536224 0.991652280092239 1.07097825407982 1.24689826369286 1.59224617481232 2.01515257358551 2.15828329324722 2.20635080337524 1.75501495599747 1.27031546831131 1.41365173459053 1.43747547268867 1.24871322512627 1.20792675018311 1.26841270923615 1.29838049411774 1.4901120364666 1.6195821762085 1.66463845968246 1.85591858625412 2.05966955423355 2.18122047185898 2.23107522726059 2.02594417333603 1.84262019395828 1.82015472650528 1.76405024528503 1.27415478229523 1.10997453331947 1.10169598460197 1.12362670898438 1.20660147070885 1.20887848734856 1.16347798705101 1.11640647053719 1.03931173682213 1.05773252248764 1.00055328011513 0.814505964517593 0.695606991648674 0.580740004777908 0.796747505664825 0.676321506500244 0.695949018001556 0.810081034898758 0.955704778432846 0.964970290660858
-9999 -9999 -9999 -9999 -9999 -9999 -9999 -9999 1.43829372525215 3.34547781944275 2.30643671751022 1.75132048130035 1.45891427993774 1.16034677624702 1.10661900043488 1.05639374256134 0.99177074432373 0.923581480979919 0.948117792606354 1.00619325041771 1.40206128358841 1.47489076852798 1.48057651519775 1.44369077682495 1.25466075539589 1.16700750589371 1.10730600357056 1.14730426669121 1.12153270840645 1.18161302804947 1.2110895216465 1.2355597615242 1.34146052598953 1.39226621389389 1.41274872422218 1.28114703297615 1.20247650146484 1.11438077688217 1.12601172924042 0.937434017658234 1.03297725319862 0.973013252019882 0.983256787061691 1.01763752102852 1.06321728229523 1.09176447987556 1.16326278448105 1.20785102248192 1.17211648821831 0.960150003433228 0.683286756277084 0.665464505553246 0.542859748005867 0.649740010499954 0.662310764193535 0.707264989614487 0.983039259910583 1.16406226158142 1.27180874347687 1.16971278190613 0.970514237880707 0.951633006334305
1.35109278559685 1.13226073980331 1.95174372196198 1.29400053620338 -9999 -9999 -9999 24.3341647386551 1.41291072964668 1.75093281269073 2.23738342523575 1.91933923959732 1.37070152163506 1.15947604179382 1.11663222312927 1.10579770803452 1.12290152907372 0.996126741170883 0.94864422082901 0.93416628241539 0.88690647482872 0.889268964529037 0.897238522768021 0.909581959247589 0.978810042142868 0.987314254045486 0.957548260688782 0.93624222278595 1.01486179232597 0.930011987686157 0.909053206443787 0.864207744598389 0.853071749210358 0.830714285373688 0.820181250572205 0.686711981892586 0.656227514147758 0.720609739422798 0.70251376926899 0.690895512700081 0.670880243182182 0.754588544368744 0.918588727712631 0.948227226734161 0.983738958835602 1.009985268116 1.06427398324013 1.11150598526001 1.10722723603249 0.897089213132858 0.620297983288765 0.546776980161667 0.633248269557953 0.817302793264389 0.936924755573273 1.03251904249191 1.08174902200699 0.990478456020355 0.919844269752502 0.915083259344101 0.999692291021347 1.02374178171158
1.25854575634003 1.21120646595955 1.28527200222015 1.45231354236603 1.36086675524712 0.8021519780159 0.916937291622162 0.895934969186783 0.988241225481033 1.08647927641869 1.26603904366493 1.17520424723625 1.10244074463844 1.06868621706963 1.00346848368645 0.987318009138107 0.996543020009995 0.986216247081757 0.939573794603348 0.88886547088623 0.842908501625061 0.838876515626907 0.80546173453331 0.791399985551834 0.718394234776497 0.707684263586998 0.891398280858994 0.901396483182907 0.821018278598785 0.882695227861404 0.901847273111343 0.904773741960526 0.897576749324799 0.732008993625641 0.649821728467941 0.603590235114098 0.610992729663849 0.665653511881828 0.783084779977798 0.957052499055862 0.918358504772186 0.937748283147812 0.988204479217529 1.01186853647232 1.04319825768471 1.06420353055 0.981240749359131 0.993079483509064 0.995383501052856 0.889094263315201 0.827531218528748 0.795989960432053 0.846196532249451 1.16443195939064 1.20395028591156 1.06194001436234 0.771435767412186 0.781995713710785 0.850270539522171 0.846593230962753 0.962644457817078 1.08053022623062
1.05268648266792 1.01213997602463 0.937204509973526 0.907414466142654 1.04933774471283 1.07501623034477 1.11650249361992 1.02624973654747 0.980378955602646 0.973629713058472 0.967182755470276 0.921404242515564 0.932243227958679 0.963169455528259 0.933520495891571 0.89821645617485 0.902976036071777 0.907380759716034 0.863973766565323 0.812169760465622 0.759800255298615 0.556418985128403 0.518103763461113 0.542387992143631 0.56378173828125 0.599906980991364 0.621850490570068 0.576403498649597 0.684664517641068 0.793278783559799 0.82280096411705 0.801782995462418 0.760964244604111 0.726591020822525 0.665879264473915 0.752589762210846 0.862697213888168 0.920634001493454 0.964064240455627 0.939968973398209 0.949886977672577 0.934533029794693 0.894085496664047 0.905723959207535 0.947216212749481 0.9454665184021 0.893063217401505 0.871184259653091 0.876443266868591 0.849414020776749 0.845980525016785 0.916234463453293 1.03233450651169 1.06920298933983 1.06842452287674 0.995024979114532 1.1679599583149 1.02688649296761 0.991317719221115 0.955436289310455 1.64632719755173 2.56155753135681
0.803633987903595 0.894245982170105 1.00368601083755 2.44816428422928 2.64967507123947 1.01742526888847 1.01956424117088 0.87882524728775 0.839769780635834 0.811838239431381 0.806023478507996 0.80970373749733 0.820737719535828 0.862295240163803 0.828887969255447 0.784430980682373 0.814354509115219 0.802590787410736 0.778185725212097 0.742608770728111 0.684754505753517 0.693991497159004 0.693536996841431 0.663343504071236 0.639657765626907 0.580410003662109 0.556471511721611 0.567153766751289 0.591628521680832 0.602049753069878 0.589725002646446 0.586226239800453 0.674351245164871 0.681785255670547 0.628373980522156 0.711979508399963 0.808868229389191 0.846148520708084 0.829998761415482 0.845297992229462 0.840957015752792 0.857025772333145 0.814206719398499 0.778065741062164 0.773577779531479 0.786767989397049 0.808533757925034 0.813069015741348 0.813090026378632 0.824975252151489 0.853751242160797 0.900484532117844 0.986809462308884 1.08667579293251 1.42411422729492 1.56218469142914 2.33144330978394 2.26754182577133 2.65082842111588 2.62221604585648 7.33122968673706 3.82913768291473
0.720110267400742 1.06101152300835 1.12176078557968 1.04001751542091 1.11185100674629 0.790988981723785 0.796777456998825 0.804606735706329 0.845396965742111 0.857751756906509 0.82601997256279 0.695292010903358 0.671397015452385 0.682557731866837 0.726044252514839 0.687814503908157 0.702392265200615 0.742194771766663 0.679393485188484 0.703457236289978 0.666548252105713 0.689239516854286 0.679986745119095 0.644346758723259 0.635452508926392 0.582088485360146 0.572201237082481 0.581422492861748 0.566598728299141 0.63511124253273 0.704327255487442 0.725078254938126 0.730578750371933 0.663005992770195 0.654066771268845 0.682779014110565 0.816875249147415 0.889879524707794 0.909612715244293 0.946792513132095 0.945621013641357 0.935817003250122 1.00813722610474 0.942919492721558 0.88826921582222 0.892219483852386 0.915249735116959 0.875279992818832 0.843863278627396 0.841603517532349 0.876573711633682 0.956903994083405 1.11803403496742 1.7686784863472 2.03763520717621 2.30901145935059 3.42307484149933 5.47513210773468 7.03994035720825 9.10555100440979 9.71425366401672 6.63147568702698
0.712464764714241 1.1042887866497 0.642455980181694 0.797037720680237 0.808490216732025 0.619506016373634 0.703470021486282 0.777910530567169 3.74934232234955 3.2993631362915 3.28298163414001 1.53938770294189 1.7853090763092 2.51516175270081 3.3551641702652 1.29322198033333 1.09320071339607 1.04475152492523 0.77026578783989 0.717516750097275 0.633589491248131 0.628022253513336 0.634552493691444 0.578285247087479 0.613377749919891 0.683803483843803 0.750349491834641 0.791956543922424 0.783307492733002 0.80562749505043 0.802514255046844 0.859117537736893 0.886118978261948 0.849943488836288 0.908730000257492 1.01977497339249 1.10221570730209 1.138796210289 0.954241544008255 0.979118227958679 1.04016825556755 1.0949339568615 1.11734399199486 1.03986221551895 0.963795036077499 0.918908268213272 0.876220464706421 0.910447508096695 0.946030497550964 1.04286754131317 1.09678575396538 2.05517774820328 5.09613060951233 5.30804908275604 5.94288146495819 5.8929945230484 7.48979759216309 16.2028713226318 17.6120510101318 16.5939416885376 16.0020861625671 2.04482761673305
0.813643455505371 0.744783014059067 0.625488728284836 0.535874247550964 0.504629239439964 0.519400522112846 0.676117479801178 1.15301549434662 6.64652752876282 7.34187626838684 7.92650198936462 5.09961605072021 5.68642365932465 5.76517724990845 5.73315060138702 1.35846224427223 1.77074629068375 1.35860851407051 0.930646508932114 0.693717017769814 0.670727983117104 0.665142014622688 0.671622008085251 0.73642498254776 0.732096746563911 0.859095722436905 1.05743247270584 1.18961173295975 1.12819272279739 0.950629502534866 0.908453285694122 0.845711231231689 0.977180957794189 1.15531504154205 1.40279924869537 1.46492099761963 1.52751070261002 1.64681178331375 1.51433104276657 1.09446975588799 1.12255427241325 1.16274672746658 1.13696703314781 1.07277372479439 1.05819600820541 1.0040295124054 1.34837400913239 1.62911170721054 1.28287124633789 1.53062099218369 3.34429335594177 4.09466636180878 3.19469833374023 9.71957302093506 11.0380239486694 12.2279891967773 2.06367362633239 -9999 -9999 -9999 -9999 -9999
0.583670228719711 0.473072245717049 0.360947996377945 0.348981007933617 0.360979489982128 0.505132511258125 0.80934002995491 1.50218993425369 2.96424454450607 3.46886265277863 5.4387913942337 6.0299277305603 10.4109735488892 5.05588889122009 1.94841903448105 1.39851745963097 0.983963996171951 0.660954013466835 0.678773269057274 0.675361499190331 0.578297987580299 0.587729260325432 0.818465262651443 0.612367495894432 1.27532628178596 1.34268003702164 1.3853699862957 1.25550574641074 1.54322170752745 0.947134494781494 0.927335232496262 0.843528002500534 1.11864674091339 2.31077921390533 2.28208941221237 1.88174629211426 2.06677579879761 2.14815974235535 1.56961351633072 1.20822823047638 1.1287650167942 1.08322128653526 2.2995885014534 2.14509683847427 1.43720251321793 2.19769424200058 3.1132138967514 2.84285992383957 4.81575608253479 1.99630200862885 3.85443735122681 9.20160055160522 38.1858558654785 3.25024431773594 1.85543868336521 -9999 -9999 -9999 -9999 -9999 -9999 -9999
0.30162300914526 0.289401009678841 0.307544991374016 0.337950758635998 0.362048998475075 0.364831499755383 0.433289989829063 0.629922732710838 0.882360756397247 1.59338396787643 1.8794481754303 1.82669466733932 1.54042947292328 1.37378096580505 1.37396022677422 0.789317965507507 0.71527424454689 0.657227262854576 0.717811480164528 0.630340486764908 0.616341009736061 0.645531758666039 0.757208973169327 0.953966975212097 1.13678777217865 1.16314879059792 1.51478773355484 1.4631749689579 1.57182476195422 -9999 -9999 -9999 -9999 -9999 -9999 3.14426672458649 2.75074499845505 2.64736193418503 1.74352651834488 1.29611849784851 1.5231066942215 2.43063443899155 3.94044613838196 5.99670445919037 10.0400784015656 7.78678894042969 1.65971106290817 2.17024791240692 2.6959792971611 4.58712315559387 9.24387645721436 2.59393572807312 3.624991106987 1.9762424826622 1.97624230384827 -9999 -9999 -9999 -9999 -9999 -9999 -9999
0.291196502745152 0.311874747276306 0.381368234753609 0.417220517992973 0.430400267243385 0.387877508997917 0.382007271051407 0.381500244140625 0.563468992710114 0.769712269306183 0.804086208343506 0.79791596531868 0.688128009438515 0.820694267749786 0.996342748403549 0.918109506368637 1.07773125171661 1.06939503550529 1.08559423685074 1.08758023381233 0.868463963270187 0.88841924071312 1.03003576397896 0.850116759538651 1.02916198968887 1.31879550218582 1.69788372516632 1.75926518440247 1.65217870473862 -9999 -9999 -9999 -9999 -9999 -9999 -9999 17.8207340240479 7.84238147735596 5.71391773223877 3.3742139339447 2.55967730283737 7.40569067001343 7.08104968070984 6.15005850791931 18.3859534263611 25.8796234130859 4.86772656440735 20.5224237442017 28.9945077896118 11.2312753200531 5.83383750915527 11.5591623783112 -9999 -9999 -9999 -9999 -9999 -9999 -9999 -9999 -9999 -9999
0.319061994552612 0.325544245541096 0.367168508470058 0.444276005029678 0.406508266925812 0.386462241411209 0.370619997382164 0.382693514227867 0.424336507916451 0.789316534996033 0.835794031620026 0.847338706254959 0.702629998326302 0.672940492630005 0.833538740873337 0.946946293115616 1.13897922635078 1.12060421705246 1.0798305273056 0.983795519807551 0.686403751373291 1.37597436457872 1.26301351189613 0.86370375752449 0.83425498008728 1.18239828944206 2.05984354019165 2.34484130144119 3.19950783252716 -9999 -9999 -9999 -9999 -9999 -9999 -9999 8.97051429748535 27.8282861709595 12.4996905326843 24.0917730331421 16.4940662384033 12.8725004196167 8.86801671981812 20.4686436653137 16.56876039505 19.7926540374756 45.8646669387817 9.86527991294861 4.43170356750488 10.1117100715637 7.39076042175293 4.95992922782898 5.02669226206266 -9999 -9999 -9999 -9999 -9999 -9999 -9999 -9999 -9999
0.490460246801376 0.498496502637863 0.553365737199783 0.478265985846519 0.49286176264286 0.532493993639946 0.653697744011879 0.764727026224136 0.765484482049942 0.749013751745224 0.706493988633156 0.753188967704773 0.706046998500824 0.749499768018723 0.774141043424606 0.697500765323639 0.65794050693512 0.611863508820534 0.73371148109436 0.781907290220261 0.768839210271835 0.909063041210175 0.948165714740753 0.960648000240326 1.02364647388458 1.24393576383591 1.71138596534729 2.91951978206635 2.88906741142273 1.64971007108688 -9999 -9999 -9999 -9999 -9999 -9999 -9999 17.1675652435848 9.57273310881395 2.51338919571468 12.3128528594971 10.5810568332672 9.70847630500793 5.18678772449493 23.6654863357544 4.9034069776535 9.3186936378479 4.34339737892151 10.7729778289795 14.7106947898865 7.49008393287659 6.07757956331426 3.05681250604351 -9999 -9999 -9999 -9999 -9999 -9999 -9999 -9999 -9999
0.717209234833717 0.729468002915382 0.727281734347343 0.794265747070312 0.760601967573166 0.776655793190002 0.787131786346436 0.760365039110184 0.710229769349098 0.717496499419212 0.713313013315201 0.685478255152702 0.689418733119965 0.621536269783974 0.625446751713753 0.592714503407478 0.534546732902527 0.560513243079185 0.720252737402916 0.708324015140533 0.645200997591019 0.563713520765305 0.638783231377602 1.16714850068092 1.19538223743439 1.30470675230026 1.61799144744873 1.99200743436813 2.06259906291962 2.26671981811523 -9999 -9999 -9999 -9999 -9999 -9999 -9999 -9999 -9999 -9999 -9999 -9999 -9999 -9999 -9999 -9999 3.65490746498108 7.52342319488525 15.8468725681305 4.46351999044418 -9999 -9999 -9999 -9999 -9999 -9999 -9999 -9999 -9999 -9999 -9999 -9999
0.811456471681595 0.832834482192993 0.804334491491318 0.816624015569687 0.813188999891281 0.811150521039963 0.762357741594315 0.725049734115601 0.72435450553894 0.691136240959167 0.725761502981186 0.746967762708664 0.705183014273643 0.608927249908447 0.601603478193283 0.584178015589714 0.639810740947723 0.542171269655228 0.56395648419857 0.606230244040489 0.871637284755707 0.985949277877808 0.774551242589951 1.33157832423846 -9999 -9999 -9999 2.17950457334518 2.43023693561554 2.54356420040131 2.31444382667542 -9999 -9999 -9999 -9999 -9999 -9999 -9999 -9999 -9999 -9999 -9999 -9999 -9999 -9999 -9999 -9999 -9999 -9999 -9999 -9999 -9999 -9999 -9999 -9999 -9999 -9999 -9999 -9999 -9999 -9999 -9999
0.991739273071289 0.92588397860527 0.999102741479874 0.969638228416443 0.878828287124634 0.877254009246826 0.849428236484528 0.710325747728348 0.663950264453888 0.659183263778687 0.639538496732712 0.625326007604599 0.659438252449036 0.616043999791145 0.745587006211281 0.7746562063694 0.741019517183304 0.683972999453545 0.649157255887985 0.636328518390656 0.732464253902435 0.848707526922226 0.724746733903885 0.871535271406174 1.01303628087044 1.12921723723412 1.08974924683571 1.88406533002853 2.51963925361633 2.85238802433014 2.60152566432953 2.54721919524259 -9999 -9999 -9999 -9999 -9999 -9999 -9999 -9999 -9999 -9999 -9999 -9999 -9999 -9999 -9999 -9999 -9999 -9999 -9999 -9999 -9999 -9999 -9999 -9999 -9999 -9999 -9999 -9999 -9999 -9999
0.780449241399765 0.827383518218994 0.844153493642807 0.851274758577347 0.766314715147018 0.789345771074295 0.820877283811569 0.774762779474258 0.676683738827705 0.621428981423378 0.588746979832649 0.606639012694359 0.5781210064888 0.57329472899437 0.790977001190186 0.672822743654251 0.760315507650375 1.00303798913956 0.850828528404236 0.703769266605377 0.622432485222816 0.608248516917229 0.641391769051552 0.709505259990692 1.01099547743797 1.11418050527573 1.14819225668907 2.10982203483582 2.55774217844009 2.75824266672134 2.8068750500679 2.22471200227737 -9999 -9999 -9999 -9999 -9999 -9999 -9999 -9999 -9999 -9999 -9999 -9999 -9999 -9999 -9999 -9999 -9999 -9999 -9999 -9999 -9999 -9999 -9999 -9999 -9999 -9999 -9999 -9999 -9999 -9999
0.687623977661133 0.645627021789551 0.625573486089706 0.677930250763893 0.668459236621857 0.686552256345749 0.699936747550964 0.63469272851944 0.626522988080978 0.596980512142181 0.711192011833191 0.813058465719223 1.26128321886063 1.59977853298187 1.41516897082329 1.44837301969528 1.25498020648956 1.46352151036263 0.782671540975571 0.68316225707531 0.653171986341476 0.658110737800598 0.764711290597916 1.00468504428864 1.46222171187401 1.48294427990913 1.27328851819038 2.4687180519104 2.71619617938995 2.83182746171951 3.35280132293701 -9999 -9999 -9999 -9999 -9999 -9999 -9999 -9999 -9999 -9999 -9999 -9999 -9999 -9999 -9999 -9999 -9999 -9999 -9999 -9999 -9999 -9999 -9999 -9999 -9999 -9999 -9999 -9999 -9999 -9999 -9999
