EcologicalScience/Bass/data/rs_data_bass/chl_491.asc
NCOLS 226 
NROWS 124 
XLLCORNER -9.41648524995501 
YLLCORNER 47.587301625531 
CELLSIZE 0.0833 
NODATA_value -9999 
[rows 54 to 80 of 124, columns 0 to 60 of 226]
-9999 -9999 -9999 -9999 -9999 -9999 -9999 -9999 -9999 -9999 -9999 -9999 -9999 -9999 -9999 -9999 -9999 -9999 -9999 -9999 -9999 -9999 -9999 -9999 -9999 -9999 -9999 -9999 -9999 -9999 -9999 -9999 -9999 -9999 -9999 -9999 -9999 -9999 5.69582563116256 2.20177316665649 2.14073610305786 2.10131424665451 1.66207176446915 1.27710378170013 1.19049552083015 1.1945566534996 1.14440149068832 1.06344884634018 0.981985598802567 0.861017614603043 0.799170523881912 0.801994353532791 0.925395995378494 1.14498862624168 1.44884517788887 1.80650889873505 2.31660658121109 2.41595685482025 2.52212423086166 0.607058599591255 0.62790758907795
-9999 -9999 -9999 -9999 -9999 -9999 -9999 -9999 -9999 -9999 -9999 -9999 -9999 -9999 -9999 -9999 -9999 -9999 -9999 -9999 -9999 -9999 -9999 -9999 -9999 -9999 -9999 -9999 -9999 -9999 -9999 -9999 -9999 -9999 -9999 -9999 -9999 -9999 -9999 3.18393257260323 2.00635528564453 2.050432741642 1.72681224346161 1.49654316902161 1.3995264172554 1.19627952575684 1.03090167045593 0.872162461280823 0.84625831246376 0.783402889966965 0.757950603961945 0.858961343765259 1.19324469566345 1.68010461330414 2.15164661407471 2.25130748748779 2.36400800943375 2.81303465366364 -9999 -9999 -9999
-9999 -9999 -9999 -9999 -9999 -9999 -9999 -9999 -9999 -9999 -9999 -9999 -9999 -9999 -9999 -9999 -9999 -9999 -9999 -9999 -9999 -9999 -9999 -9999 -9999 -9999 -9999 -9999 -9999 -9999 -9999 -9999 -9999 -9999 -9999 -9999 -9999 -9999 -9999 2.12741462389628 2.02255761623383 1.95368188619614 1.6988707780838 1.620550096035 1.49676641821861 1.29513001441956 1.27834698557854 1.11335232853889 0.947481125593185 0.839603751897812 0.773471832275391 0.94039911031723 1.45161536335945 1.8780021071434 1.96768122911453 1.89428794384003 1.8473054766655 1.80871886014938 1.93177896738052 1.65724718570709 -9999
-9999 -9999 -9999 -9999 -9999 -9999 -9999 -9999 -9999 -9999 -9999 -9999 -9999 -9999 -9999 -9999 -9999 -9999 -9999 -9999 -9999 -9999 -9999 -9999 -9999 -9999 -9999 -9999 -9999 -9999 -9999 -9999 -9999 -9999 -9999 -9999 -9999 -9999 -9999 -9999 2.25449198484421 1.90904581546783 1.83222323656082 1.98531603813171 1.8899193406105 1.59185725450516 1.28144690394402 1.29645091295242 1.12706109881401 1.0547177195549 0.876485824584961 0.928571194410324 1.16844320297241 1.46189296245575 1.54060399532318 1.39054995775223 1.3814140856266 1.76530677080154 1.92535597085953 2.23888599872589 2.34937030076981
-9999 -9999 -9999 -9999 -9999 -9999 -9999 -9999 -9999 -9999 -9999 -9999 -9999 -9999 -9999 -9999 -9999 -9999 -9999 -9999 -9999 -9999 -9999 -9999 -9999 -9999 -9999 -9999 -9999 -9999 -9999 -9999 -9999 -9999 -9999 -9999 -9999 -9999 -9999 -9999 1.75699210166931 1.95513278245926 1.86098474264145 1.95538026094437 1.96993768215179 1.84957498311996 1.58446669578552 1.43733635544777 1.35390490293503 1.1213207244873 0.852789133787155 0.82994082570076 0.894327163696289 1.1787066757679 1.31386372447014 1.29492321610451 1.40850055217743 1.6471329331398 1.91081714630127 2.09171015024185 2.42118787765503
-9999 -9999 -9999 -9999 -9999 -9999 -9999 -9999 -9999 -9999 -9999 -9999 -9999 -9999 -9999 -9999 -9999 -9999 -9999 -9999 -9999 -9999 -9999 -9999 -9999 -9999 -9999 -9999 -9999 -9999 -9999 -9999 -9999 -9999 -9999 -9999 -9999 -9999 -9999 -9999 1.84525322914124 2.15606206655502 2.04600816965103 1.96133673191071 1.88331323862076 1.64932805299759 1.52582323551178 1.38727784156799 1.1811152100563 0.927984058856964 0.780523359775543 0.738739684224129 0.792959332466125 1.06633177399635 1.32217562198639 1.49102291464806 1.58549934625626 1.82100945711136 1.9608314037323 2.15407776832581 -9999
-9999 -9999 -9999 -9999 -9999 -9999 -9999 -9999 -9999 -9999 -9999 -9999 -9999 -9999 -9999 -9999 -9999 -9999 -9999 -9999 -9999 -9999 -9999 -9999 -9999 -9999 -9999 -9999 -9999 -9999 -9999 -9999 -9999 -9999 -9999 -9999 -9999 -9999 -9999 -9999 2.27719044685364 2.1917724609375 2.06423968076706 1.86375689506531 1.53258454799652 1.29025331139565 1.28051233291626 1.20692825317383 1.12321534752846 0.927618026733398 0.775269359350204 0.73074759542942 0.807590425014496 1.05820709466934 1.23931181430817 1.52529501914978 1.73911267518997 -9999 -9999 2.35728317499161 2.40895628929138
-9999 -9999 -9999 -9999 -9999 -9999 -9999 -9999 -9999 -9999 -9999 -9999 -9999 -9999 -9999 -9999 -9999 -9999 -9999 -9999 -9999 -9999 -9999 -9999 -9999 -9999 -9999 -9999 -9999 -9999 -9999 -9999 -9999 -9999 -9999 -9999 -9999 -9999 -9999 2.27939718961716 2.0945035815239 1.95661622285843 1.7733006477356 1.49561789631844 1.25822219252586 1.12440025806427 1.38592663407326 1.16244971752167 1.02959489822388 0.887321412563324 0.755671352148056 0.722401231527328 0.828536421060562 1.04990708827972 1.27482452988625 1.29317611455917 1.65613031387329 1.67877924442291 1.72324275970459 1.87767612934113 2.18719053268433
-9999 -9999 -9999 -9999 -9999 -9999 -9999 -9999 -9999 -9999 -9999 -9999 -9999 -9999 -9999 -9999 -9999 -9999 -9999 -9999 -9999 -9999 -9999 -9999 -9999 -9999 -9999 -9999 -9999 -9999 -9999 -9999 -9999 -9999 -9999 -9999 -9999 -9999 -9999 2.20481979846954 1.86258888244629 1.72312599420547 1.48975592851639 1.20656749606133 0.976440131664276 0.99276664853096 1.14451494812965 0.936586976051331 0.853874891996384 0.812995344400406 0.809190720319748 0.834632366895676 0.977230668067932 1.16945260763168 1.17551296949387 1.23437109589577 1.3500882089138 1.47624322772026 1.6552848815918 1.82378500699997 1.91113114356995
-9999 -9999 -9999 -9999 -9999 -9999 -9999 -9999 -9999 -9999 -9999 -9999 -9999 -9999 -9999 -9999 -9999 -9999 -9999 -9999 -9999 -9999 -9999 -9999 -9999 -9999 -9999 -9999 -9999 -9999 -9999 -9999 -9999 -9999 -9999 -9999 -9999 -9999 2.1845794916153 1.94065243005753 1.72323399782181 1.38965311646461 1.17457187175751 0.978882998228073 0.883770436048508 0.907052993774414 0.858351677656174 0.781675010919571 0.76141145825386 0.774927914142609 0.825846880674362 0.896554470062256 1.04773262143135 1.19201347231865 1.21016067266464 1.26672148704529 1.27929890155792 1.45294359326363 1.55939537286758 1.6187190413475 1.70373237133026
-9999 -9999 -9999 -9999 -9999 -9999 -9999 -9999 -9999 -9999 -9999 -9999 -9999 -9999 -9999 -9999 -9999 -9999 -9999 -9999 -9999 -9999 -9999 -9999 -9999 -9999 -9999 -9999 -9999 -9999 -9999 -9999 -9999 -9999 -9999 -9999 -9999 -9999 2.60266256332397 1.59284520149231 1.47694006562233 1.03112044930458 0.838436990976334 0.795824646949768 0.810237944126129 0.819051325321198 0.776021718978882 0.739838272333145 0.739108934998512 0.783189207315445 0.908424764871597 1.06437948346138 1.10048112273216 1.16021203994751 1.16905814409256 1.21048977971077 1.29165342450142 1.33754324913025 1.41182336211205 1.43310025334358 1.5799959897995
-9999 -9999 -9999 -9999 -9999 -9999 -9999 -9999 -9999 -9999 -9999 -9999 -9999 -9999 -9999 -9999 -9999 -9999 -9999 -9999 -9999 -9999 -9999 -9999 -9999 -9999 -9999 -9999 -9999 -9999 -9999 -9999 -9999 -9999 -9999 -9999 -9999 1.85607862472534 1.7149184346199 1.4342739880085 1.19542863965034 0.873096585273743 0.755659013986588 0.754644066095352 0.765931516885757 0.804971069097519 0.844350725412369 0.874131470918655 0.969396740198135 1.04985326528549 1.12484309077263 1.12438130378723 1.06073498725891 1.06368121504784 0.989078164100647 1.06421864032745 1.13294506072998 1.10978069901466 1.27395433187485 1.45221465826035 1.66184824705124
-9999 -9999 -9999 -9999 -9999 -9999 -9999 -9999 -9999 -9999 -9999 -9999 -9999 -9999 -9999 -9999 -9999 -9999 -9999 -9999 -9999 -9999 -9999 -9999 -9999 -9999 -9999 -9999 -9999 -9999 -9999 -9999 -9999 -9999 -9999 -9999 2.72463733702898 1.87591946125031 1.61716336011887 1.44317373633385 0.991432875394821 0.796855330467224 0.710009694099426 0.707937330007553 0.744388461112976 0.702121183276176 0.652838364243507 0.675328955054283 0.770475625991821 0.878469228744507 0.958570718765259 1.19053781032562 1.19962280988693 1.1252523958683 0.988641768693924 0.993350207805634 0.970620363950729 0.914574176073074 1.00579950213432 1.35507443547249 1.59294784069061
-9999 -9999 -9999 -9999 -9999 -9999 -9999 -9999 -9999 -9999 -9999 -9999 -9999 -9999 -9999 -9999 -9999 -9999 -9999 -9999 -9999 -9999 -9999 -9999 -9999 -9999 -9999 -9999 -9999 -9999 -9999 -9999 -9999 -9999 -9999 -9999 2.38813549280167 1.8065425157547 1.68632984161377 1.33616843819618 1.03123533725739 0.722720190882683 0.651951089501381 0.671422496438026 0.687854468822479 0.673663258552551 0.695349499583244 0.690072163939476 0.677978217601776 0.692599385976791 0.749082818627357 1.04285028576851 1.32701861858368 1.21775311231613 1.01103320717812 0.958340585231781 0.952560782432556 0.967609941959381 1.05535215139389 1.34562653303146 1.69585740566254
-9999 -9999 -9999 -9999 -9999 -9999 -9999 -9999 -9999 -9999 -9999 -9999 -9999 -9999 -9999 -9999 -9999 -9999 -9999 -9999 -9999 -9999 -9999 -9999 -9999 -9999 -9999 -9999 -9999 -9999 -9999 1.61117787659168 1.3104405105114 1.55417667925358 2.10493344068527 2.00678720243177 1.71164211630821 1.03517353534698 1.01670661568642 0.847082555294037 0.6964131295681 0.616882190108299 0.630120456218719 0.689258024096489 0.757486134767532 0.827189058065414 0.744840279221535 0.697869703173637 0.692205414175987 0.723323151469231 0.795263886451721 0.961201608181 1.25314486026764 1.35527175664902 1.15704157948494 1.14004951715469 1.19127997756004 1.20495539903641 1.50677454471588 1.80999130010605 2.15067851543427
-9999 -9999 -9999 -9999 -9999 -9999 -9999 -9999 -9999 -9999 -9999 -9999 -9999 -9999 -9999 -9999 -9999 -9999 -9999 -9999 -9999 -9999 0.346259817481041 36.142989076674 1.59347498416901 1.46380001306534 1.52022528648376 2.1794108748436 1.55673730373383 1.37621806561947 0.931713312864304 0.852874964475632 0.913709878921509 0.983443915843964 0.948304027318954 1.09715706110001 1.06067401170731 0.785730242729187 0.681336790323257 0.680279865860939 0.68688802421093 0.712263777852058 0.750177472829819 0.795832425355911 0.828942865133286 0.882864117622375 0.777918666601181 0.761423796415329 0.780874460935593 0.801297605037689 0.930386781692505 1.13652527332306 1.31411156058311 1.37748724222183 1.33911654353142 1.48656749725342 1.88032829761505 2.2202146500349 2.30824315547943 -9999 -9999
-9999 -9999 -9999 -9999 -9999 -9999 -9999 -9999 -9999 -9999 -9999 -9999 -9999 -9999 -9999 -9999 -9999 -9999 -9999 -9999 -9999 -9999 3.35595560073853 0.613129734992981 1.02753934264183 0.874041259288788 1.06124791502953 1.24560490250587 1.36173775792122 0.950101554393768 0.800630003213882 0.81633335351944 0.864581555128098 0.910156846046448 0.875761806964874 0.720710813999176 0.677323624491692 0.634968191385269 0.681730180978775 0.783765077590942 0.826432406902313 0.761725187301636 0.766350209712982 0.861997604370117 0.906900376081467 0.964675962924957 0.922683835029602 0.860044866800308 0.912685632705688 0.968366593122482 1.01620969176292 1.13031721115112 1.37901484966278 1.52737659215927 2.93475034832954 3.54929405450821 -9999 -9999 -9999 -9999 -9999
-9999 -9999 -9999 -9999 -9999 -9999 -9999 -9999 -9999 -9999 -9999 -9999 -9999 -9999 -9999 -9999 -9999 -9999 -9999 1.51882883267743 1.36579728126526 1.74903059005737 1.3532640337944 0.775649785995483 0.623259499669075 0.557323649525642 0.505104437470436 0.568641185760498 0.64353521168232 0.75136336684227 0.773238033056259 0.831833481788635 0.908059984445572 0.803192406892776 0.714285269379616 0.589245781302452 0.565507158637047 0.673028960824013 0.881189793348312 0.890464335680008 0.784060209989548 0.661076411604881 0.576215252280235 0.577790424227715 0.642491385340691 0.763175994157791 0.906441807746887 1.20011723041534 1.54615223407745 1.67716348171234 1.75115293264389 1.84694901108742 -9999 -9999 -9999 -9999 -9999 -9999 -9999 -9999 -9999
-9999 -9999 -9999 -9999 -9999 -9999 -9999 -9999 -9999 -9999 -9999 -9999 -9999 -9999 -9999 -9999 -9999 1.97182414680719 2.68241894245148 2.27922195196152 1.4066399037838 0.827853709459305 0.757188588380814 0.588691055774689 0.587730377912521 0.53610934317112 0.503139361739159 0.52926430106163 0.566481828689575 0.550137966871262 0.544122666120529 0.564466685056686 0.583664685487747 0.643387690186501 0.626352444291115 0.54155570268631 0.605077117681503 0.698213249444962 0.72914631664753 0.667067438364029 0.520640462636948 0.475551500916481 0.49786314368248 0.575742870569229 0.648468062281609 0.731580555438995 1.06615921854973 1.63977563381195 1.86135900020599 1.16566416621208 1.16566425561905 1.46255481050861 -9999 -9999 -9999 -9999 -9999 -9999 -9999 -9999 -9999
-9999 -9999 -9999 -9999 -9999 -9999 -9999 -9999 -9999 -9999 -9999 -9999 -9999 -9999 1.69949787855148 1.67259174585342 1.27201777696609 0.776699066162109 1.47123089432716 2.00827270746231 1.12361651659012 0.545707449316978 0.442615270614624 0.458573296666145 0.48155289888382 0.495481297373772 0.46612523496151 0.458076819777489 0.473077341914177 0.462173402309418 0.460480436682701 0.501785516738892 0.56401227414608 0.711121872067451 0.633749306201935 0.567354753613472 0.655166566371918 0.683122873306274 0.618002012372017 0.558770209550858 0.53256194293499 0.537207037210464 0.558112978935242 0.654523015022278 0.831903487443924 0.917014896869659 1.17808681726456 1.36728742718697 1.46971651911736 1.49493482708931 1.87949270009995 4.35972476005554 -9999 -9999 -9999 -9999 -9999 -9999 -9999 -9999 -9999
-9999 -9999 -9999 -9999 -9999 -9999 -9999 -9999 -9999 -9999 -9999 3.60088312625885 0.868187248706818 0.932039827108383 1.10448315739632 0.986322820186615 0.839228689670563 0.612197443842888 0.672683894634247 0.729501128196716 0.550157636404037 0.446471482515335 0.348834156990051 0.45153634250164 0.465737208724022 0.422399461269379 0.41044494509697 0.424405932426453 0.438528701663017 0.429758638143539 0.446654185652733 0.498945415019989 0.583047017455101 0.742687001824379 0.722662344574928 0.71521358191967 1.03256329894066 0.980045914649963 0.848939269781113 0.729803502559662 0.592132553458214 0.55346891283989 0.56832580268383 0.784943014383316 0.979501962661743 1.01513582468033 1.06531003117561 1.09688276052475 1.110092908144 1.16678380966187 1.18199452757835 -9999 -9999 -9999 -9999 -9999 -9999 2.22117805480957 2.01486271619797 2.1356104016304 2.17959505319595
-9999 -9999 -9999 -9999 -9999 -9999 -9999 -9999 -9999 0.952512898615428 0.777655356696674 0.569104894995689 0.611447900533676 0.661208644509315 0.755129009485245 0.632324069738388 0.426857873797417 0.381599888205528 0.442503646016121 0.354724623262882 0.352447438985109 0.351870451122522 0.364334911108017 0.383242160081863 0.354116834700108 0.387271910905838 0.396664291620255 0.450522020459175 0.508205473423004 0.491872161626816 0.50311866402626 0.505149230360985 0.527697846293449 0.531375154852867 0.670497447252274 0.837383508682251 1.0676429271698 1.36202922463417 1.16237193346024 0.695466935634613 0.515886560082436 0.488854318857193 0.542815938591957 0.70640404522419 1.1071694791317 1.16451993584633 1.12814658880234 1.11009210348129 1.09462657570839 1.14162003993988 1.18903166055679 1.37016704678535 1.43590101599693 1.88242650032043 1.58779656887054 1.60305762290955 1.4671850502491 1.61298036575317 1.62481999397278 1.77477192878723 2.01298427581787
-9999 -9999 -9999 -9999 -9999 1.00456926226616 1.01624974608421 0.898568451404572 0.847307145595551 0.856039971113205 0.540100961923599 0.471947818994522 0.52684673666954 0.581376537680626 0.569965168833733 0.381669357419014 0.326243832707405 0.325215339660645 0.282821103930473 0.338897679001093 0.34567453712225 0.347519963979721 0.342961125075817 0.340631045401096 0.3584154099226 0.378777533769608 0.456429585814476 0.509685337543488 0.523620441555977 0.542713344097137 0.564107179641724 0.591339781880379 0.599911272525787 0.618488341569901 0.817765295505524 0.970256477594376 1.23352387547493 1.3379790186882 0.822450041770935 0.519454926252365 0.439085304737091 0.487764045596123 0.532703652977943 0.586804926395416 0.756181508302689 0.840936362743378 0.824678242206573 0.909453123807907 1.18131485581398 1.25446584820747 1.41356644034386 1.34052041172981 1.41439542174339 1.57697153091431 1.59798181056976 1.64010411500931 1.64834725856781 1.54632478952408 1.5223383307457 1.69672518968582 1.79159492254257
-9999 -9999 -9999 -9999 -9999 0.797169506549835 0.794659048318863 0.573569566011429 0.468157947063446 0.508133634924889 0.647152438759804 0.741416975855827 0.600529074668884 0.412082210183144 0.371062964200974 0.344421252608299 0.356324426829815 0.336175952106714 0.33106629922986 0.225109666585922 0.357738375663757 0.348463051021099 0.34659556299448 0.355678327381611 0.360251069068909 0.399571090936661 0.502400055527687 0.552172601222992 0.541000708937645 0.653012707829475 0.796252280473709 0.825472444295883 0.795611411333084 0.766108363866806 0.851375788450241 0.979426860809326 0.899749964475632 0.663229823112488 0.513749197125435 0.408062070608139 0.363246649503708 0.437556713819504 0.475701123476028 0.537792384624481 0.569218128919601 0.58753564953804 0.717051163315773 0.962292104959488 1.21258297562599 1.24390599131584 1.39702704548836 1.4931737780571 1.34240001440048 1.33299404382706 1.15499997138977 0.988349586725235 0.967494606971741 1.30343967676163 1.33801129460335 1.45455023646355 1.57046788930893
-9999 -9999 -9999 -9999 -9999 0.398788332939148 0.425064235925674 0.361364386975765 0.362628243863583 0.451688826084137 0.549611359834671 0.827563136816025 0.571262374520302 0.330596543848515 0.294346533715725 0.293121345341206 0.279605582356453 0.334150593727827 0.330001462250948 0.241227842867374 0.26661378890276 0.277375750243664 0.311002358794212 0.333370327949524 0.371142134070396 0.424717515707016 0.531139567494392 0.619239270687103 0.717485502362251 0.843820989131927 0.890680074691772 0.806874454021454 0.867620855569839 1.13276436924934 0.881136685609818 0.665439516305923 0.564782738685608 0.614637762308121 0.612267225980759 0.465666487812996 0.348896004259586 0.369508847594261 0.417245149612427 0.455384016036987 0.502093121409416 0.522802323102951 0.516982153058052 0.576719999313354 0.557241082191467 0.611217007040977 0.778342813253403 0.949588537216187 0.940258115530014 1.09753248095512 1.17555499076843 1.0669352710247 1.09801724553108 1.07132041454315 1.04908972978592 1.20510041713715 1.31862848997116
-9999 -9999 -9999 -9999 -9999 0.272091440856457 0.263825811445713 0.234191089868546 0.249924950301647 0.294552471488714 0.295613206923008 0.294212322682142 0.261228784918785 0.270423240959644 0.27160669863224 0.276236616075039 0.277441933751106 0.255795702338219 0.255508169531822 0.28410366922617 0.288382843136787 0.294058062136173 0.309314623475075 0.322450272738934 0.356265977025032 0.395075753331184 0.441310778260231 0.473904445767403 0.610565811395645 0.777092009782791 0.911498665809631 0.877655357122421 0.811577171087265 0.805984854698181 0.838009357452393 0.602204248309135 0.537883445620537 0.568805649876595 0.626247569918633 0.505754917860031 0.356139846146107 0.357656858861446 0.427616626024246 0.455010831356049 0.445309460163116 0.480917751789093 0.497363403439522 0.461050540208817 0.546165481209755 0.637345030903816 0.724227279424667 0.856706589460373 0.922477126121521 0.923346877098083 0.998572647571564 1.0664536356926 1.04330626130104 1.12157016992569 1.19311720132828 1.32703784108162 1.32979854941368
-9999 -9999 -9999 -9999 -9999 0.237968668341637 0.284364983439445 0.299721591174603 0.298310380429029 0.297433219850063 0.301574762910604 0.265213161706924 0.260169625282288 0.264863535761833 0.235963761806488 0.247358165681362 0.257098004221916 0.284811325371265 0.294701747596264 0.314280286431313 0.3312166929245 0.342051297426224 0.349559001624584 0.374840117990971 0.400258898735046 0.413550138473511 0.436132103204727 0.43982957303524 0.456812962889671 0.518376410007477 0.68273538351059 0.796381741762161 0.798758447170258 0.786908090114594 0.620118141174316 0.669578522443771 0.632310569286346 0.621660009026527 0.662587612867355 0.488833397626877 0.372924439609051 0.410724118351936 0.49980702996254 0.482441872358322 0.452943965792656 0.503121122717857 0.55761194229126 0.555279716849327 0.59654501080513 0.626317754387856 0.605326071381569 0.707926377654076 0.974897861480713 1.04929438233376 1.05878439545631 1.14349633455276 1.19471606612206 1.20472007989883 1.24699303507805 1.31330367922783 1.43225473165512
