EcologicalScience/Bass/data/rs_data_bass/chl_534.asc
NCOLS 226 
NROWS 124 
XLLCORNER -9.41648524995501 
YLLCORNER 47.587301625531 
CELLSIZE 0.0833 
NODATA_value -9999 
[rows 81 to 107 of 124, columns 61 to 121 of 226]
2.45673751831055 3.85158455371857 5.97498106956482 7.6620512008667 7.66205191612244 -9999 -9999 -9999 -9999 -9999 -9999 -9999 -9999 -9999 -9999 -9999 -9999 -9999 -9999 -9999 -9999 -9999 -9999 -9999 -9999 -9999 -9999 -9999 -9999 -9999 -9999 -9999 -9999 -9999 -9999 -9999 -9999 -9999 -9999 -9999 -9999 -9999 -9999 -9999 -9999 -9999 -9999 -9999 -9999 -9999 -9999 -9999 -9999 -9999 -9999 -9999 -9999 -9999 -9999 -9999 -9999
2.90818458795547 2.87676805257797 -9999 -9999 -9999 -9999 -9999 -9999 -9999 -9999 -9999 -9999 -9999 -9999 -9999 -9999 -9999 -9999 -9999 -9999 -9999 -9999 -9999 -9999 -9999 -9999 -9999 -9999 -9999 -9999 -9999 -9999 -9999 -9999 -9999 -9999 -9999 -9999 -9999 -9999 -9999 -9999 -9999 -9999 -9999 -9999 -9999 -9999 -9999 -9999 -9999 -9999 -9999 -9999 -9999 -9999 -9999 -9999 -9999 -9999 -9999
-9999 -9999 -9999 -9999 -9999 -9999 -9999 -9999 -9999 -9999 -9999 -9999 -9999 -9999 -9999 -9999 -9999 -9999 -9999 -9999 -9999 -9999 -9999 -9999 -9999 -9999 -9999 -9999 -9999 -9999 -9999 -9999 -9999 -9999 -9999 -9999 -9999 -9999 -9999 -9999 -9999 -9999 -9999 -9999 -9999 -9999 -9999 -9999 -9999 -9999 -9999 -9999 -9999 -9999 -9999 -9999 -9999 -9999 -9999 -9999 -9999
-9999 -9999 -9999 -9999 -9999 -9999 -9999 -9999 -9999 -9999 -9999 -9999 -9999 -9999 -9999 -9999 -9999 -9999 -9999 -9999 -9999 -9999 -9999 -9999 -9999 -9999 -9999 -9999 -9999 -9999 -9999 -9999 -9999 -9999 -9999 -9999 -9999 -9999 -9999 -9999 -9999 -9999 -9999 -9999 -9999 -9999 -9999 -9999 -9999 -9999 -9999 -9999 -9999 -9999 -9999 -9999 -9999 -9999 2.41476020962 2.03311443328857 2.15289080142975
-9999 -9999 -9999 -9999 -9999 -9999 -9999 -9999 -9999 -9999 -9999 -9999 -9999 -9999 -9999 -9999 -9999 -9999 -9999 -9999 -9999 -9999 -9999 -9999 -9999 -9999 -9999 -9999 -9999 -9999 -9999 -9999 -9999 -9999 -9999 -9999 -9999 37.1749906539917 2.83893889188766 2.8389390707016 3.46164944171906 -9999 -9999 1.57386946678162 1.35407969355583 1.68781614303589 1.90024960041046 1.9573672413826 1.61387139558792 1.44761896133423 1.58521395921707 2.08475410938263 1.91946548223495 -9999 -9999 3.27819764614105 3.21618568897247 2.66733062267303 1.88459211587906 1.54760599136353 1.43846091628075
-9999 -9999 -9999 -9999 -9999 -9999 -9999 -9999 -9999 -9999 -9999 -9999 -9999 -9999 3.29757261276245 2.83325946331024 1.20003354549408 1.23971977829933 1.29133477807045 1.12509450316429 -9999 -9999 -9999 -9999 -9999 -9999 -9999 -9999 -9999 1.20953804254532 1.16657316684723 1.56588900089264 1.78766673803329 1.78414803743362 3.66949796676636 -9999 -9999 -9999 2.84573417901993 2.74668753147125 2.55503207445145 2.39217782020569 2.31082981824875 1.97831279039383 1.65476077795029 1.42497369647026 1.40559643507004 1.37214571237564 1.28002086281776 1.20664867758751 1.20548102259636 1.24864733219147 1.42213010787964 1.71234726905823 1.81052505970001 1.93888360261917 1.95710563659668 1.52525675296783 1.0032140314579 0.69810488820076 0.498408123850822
-9999 -9999 -9999 -9999 -9999 -9999 -9999 -9999 -9999 -9999 -9999 1.9237899184227 1.37220525741577 1.07516098022461 1.22723489999771 1.3353853225708 1.39533752202988 1.39435610175133 1.41188961267471 1.44232383370399 1.48217993974686 1.44449988007545 1.68548321127892 1.74433146715164 1.866592669487 1.49713093042374 1.49713093042374 -9999 1.84938508272171 1.85985660552979 1.71806395053864 1.58303028345108 1.51964575052261 1.50573527812958 1.47047880291939 1.48391479253769 -9999 3.53671045303345 2.76759499311447 2.68262922763824 2.38855022192001 2.26031309366226 2.29197978973389 2.12838935852051 1.6708710193634 1.35753098130226 1.30250644683838 1.12013375759125 1.04944387078285 1.07059809565544 1.07148975133896 1.01895940303802 1.02530533075333 1.06148055195808 1.06366726756096 0.992066591978073 0.928027421236038 0.74249504506588 0.505036666989326 0.431937217712402 0.414887666702271
-9999 -9999 -9999 -9999 -9999 -9999 -9999 -9999 -9999 3.01758209466934 1.30603784322739 1.34127277135849 1.12113744020462 1.21126878261566 1.327243745327 1.30917298793793 1.23281648755074 1.19827383756638 1.18847081065178 1.2723248898983 1.29023417830467 1.36620998382568 1.41628602147102 1.73240968585014 1.53066909313202 1.45910248160362 1.51787209510803 1.60335391759872 1.6075394153595 1.6079353094101 1.54830622673035 1.45456597208977 1.39534673094749 1.41147601604462 1.43832010030746 1.50621682405472 1.72494274377823 1.94686478376389 2.1558718085289 2.25362795591354 2.19151782989502 2.19401371479034 2.20727527141571 1.82835924625397 1.18338167667389 0.781484305858612 0.659824177622795 0.622091218829155 0.657426863908768 0.591637641191483 0.542805477976799 0.545193135738373 0.553516432642937 0.533442109823227 0.495200917124748 0.465552538633347 0.451830983161926 0.459743097424507 0.459158286452293 0.482597261667252 0.500716835260391
-9999 -9999 -9999 -9999 -9999 -9999 -9999 -9999 -9999 -9999 1.41852575540543 1.31296849250793 1.34921273589134 1.28531232476234 1.13888588547707 1.00930497050285 0.9771768450737 0.997866779565811 1.04844278097153 1.10897576808929 1.19740363955498 1.25685480237007 1.43304133415222 1.54176843166351 1.41681504249573 1.30212771892548 1.28361850976944 1.40853622555733 1.49897289276123 1.51020509004593 1.45936784148216 1.46119558811188 1.43632212281227 1.35426610708237 1.29266738891602 1.26706293225288 1.3311585187912 1.49281042814255 1.68780165910721 1.92291676998138 2.11590671539307 1.73942971229553 1.23353451490402 0.849604278802872 0.666775032877922 0.621120303869247 0.598782330751419 0.564228907227516 0.546251624822617 0.536855936050415 0.531855449080467 0.509013175964355 0.486303180456161 0.483925268054008 0.475125834345818 0.464524537324905 0.460716605186462 0.470287218689919 0.506898030638695 0.534407570958138 0.531957238912582
4.13654887676239 -9999 -9999 -9999 -9999 -9999 -9999 -9999 -9999 -9999 1.04344439506531 1.2469730079174 1.16813358664513 0.919124633073807 0.793704897165298 0.818534553050995 0.806140065193176 0.814098715782166 0.906696707010269 0.969897240400314 0.992625027894974 1.04668468236923 1.10108023881912 1.11174309253693 0.993249535560608 0.908989816904068 0.886700123548508 0.991690367460251 1.10818541049957 1.1477524638176 1.16562858223915 1.17138701677322 1.18517902493477 1.15848013758659 1.19893303513527 1.30137893557549 1.25266537070274 1.10714998841286 1.0891118645668 1.04435741901398 0.915220767259598 0.73530538380146 0.659262076020241 0.672232612967491 0.692139118909836 0.701505795121193 0.701208740472794 0.692803502082825 0.683923736214638 0.664511784911156 0.648414731025696 0.649294853210449 0.640973925590515 0.627098456025124 0.63631246984005 0.618249803781509 0.56082321703434 0.518069475889206 0.532706335186958 0.653897255659103 0.814786970615387
6.21516966819763 6.00518345832825 14.657172203064 10.7570106983185 6.31154251098633 4.4750103354454 -9999 -9999 2.06088191270828 1.69967472553253 1.30930790305138 1.09858059883118 1.02950558066368 0.840598851442337 0.877474755048752 0.952099353075027 0.924630403518677 0.862002789974213 0.822913259267807 0.83675953745842 0.881355285644531 0.871425658464432 0.81298953294754 0.776206970214844 0.772361844778061 0.767406821250916 0.739394098520279 0.728691235184669 0.738737538456917 0.741865888237953 0.756569981575012 0.782923489809036 0.813064724206924 0.842370539903641 0.858150064945221 0.864505559206009 0.879775643348694 0.81724289059639 0.710765540599823 0.662053361535072 0.649136289954185 0.658814236521721 0.681275680661201 0.69814758002758 0.692722320556641 0.682683706283569 0.685944244265556 0.685291349887848 0.658188924193382 0.649339869618416 0.702863976359367 0.811739265918732 0.893604576587677 0.900810420513153 0.938661396503448 0.930365234613419 0.929978370666504 0.896419644355774 0.922423839569092 1.00321519374847 1.16705659031868
3.28829562664032 3.18113315105438 4.19603848457336 7.02901196479797 5.1484512090683 2.52880024909973 1.75011402368546 1.19418489933014 1.14373522996902 1.25964412093163 1.26333099603653 1.16067722439766 1.11955145001411 1.07731577754021 0.919177293777466 0.809032917022705 0.756630063056946 0.754326581954956 0.770290553569794 0.806694746017456 0.777689516544342 0.661269798874855 0.601909473538399 0.627963557839394 0.692984014749527 0.794040709733963 0.881095290184021 0.905672997236252 0.88569974899292 0.853105366230011 0.842395484447479 0.850980252027512 0.84579062461853 0.827771008014679 0.783340930938721 0.760502457618713 0.737019002437592 0.709135830402374 0.691194623708725 0.682008728384972 0.681792631745338 0.684047386050224 0.696714207530022 0.703664258122444 0.693942680954933 0.667411655187607 0.646144017577171 0.624731317162514 0.635723501443863 0.667098596692085 0.769047260284424 0.904357641935349 0.963912069797516 1.0070441365242 1.09548926353455 1.28772175312042 1.37578448653221 1.34073185920715 1.22541037201881 1.1746007502079 1.18138280510902
1.93095231056213 1.97762024402618 2.23483926057816 2.83604621887207 3.37446856498718 4.48949360847473 4.46114838123322 2.45919317007065 1.58336037397385 1.3004803955555 1.17508533596992 1.13490182161331 1.13301479816437 1.02142640948296 0.78836390376091 0.759095728397369 0.733014285564423 0.767118215560913 0.82845076918602 0.846001893281937 0.762686848640442 0.71253128349781 0.748348519206047 0.807562798261642 0.866105318069458 0.871584981679916 0.856060713529587 0.803292453289032 0.756732076406479 0.746224835515022 0.752674520015717 0.769259333610535 0.780116736888885 0.771434336900711 0.771849632263184 0.774126917123795 0.78390571475029 0.76658508181572 0.788761049509048 0.770362436771393 0.722975492477417 0.716652452945709 0.706089287996292 0.658065721392632 0.631104961037636 0.618331477046013 0.615232139825821 0.60639613866806 0.670956462621689 0.776096194982529 0.87975400686264 0.979865312576294 0.96784633398056 0.981018751859665 1.0653914809227 1.11105224490166 1.15257704257965 1.24178883433342 1.38107621669769 1.52110773324966 1.78347247838974
1.42515984177589 1.4917925298214 1.76287454366684 2.05611974000931 2.00088268518448 2.64519935846329 3.50187313556671 3.47202372550964 3.20597898960114 1.79808962345123 1.63293421268463 1.52046972513199 1.29093691706657 1.27535676956177 1.20960384607315 0.960874557495117 0.979600846767426 0.938551783561707 0.870885998010635 0.827987104654312 0.755327224731445 0.727391436696053 0.731401517987251 0.750911951065063 0.763568222522736 0.790777444839478 0.791596680879593 0.763314127922058 0.743266895413399 0.724365949630737 0.730523318052292 0.739351630210876 0.732410877943039 0.717649072408676 0.719470649957657 0.724028214812279 0.753306001424789 0.770988464355469 0.782538324594498 0.782914906740189 0.754373610019684 0.706800520420074 0.679606407880783 0.664815187454224 0.654263824224472 0.627925738692284 0.594762995839119 0.651337489485741 0.837074249982834 0.934462130069733 0.974146127700806 1.00084555149078 0.993280470371246 0.89682948589325 0.789743542671204 0.815203964710236 0.92697948217392 0.908251315355301 1.0658486187458 1.43217077851295 1.55019879341125
1.1999232172966 1.27077242732048 1.38002425432205 1.41676381230354 1.43373245000839 1.5930467247963 2.13617473840714 2.59100639820099 2.82217812538147 3.2292594909668 4.4234915971756 3.24915039539337 1.9559451341629 2.07740896940231 1.83959662914276 1.86963021755219 1.74784111976624 1.32154726982117 1.0657753944397 0.927948117256165 0.823785334825516 0.768482565879822 0.729737967252731 0.745152622461319 0.786999195814133 0.804460644721985 0.778072893619537 0.762306869029999 0.761493355035782 0.785639137029648 0.811972439289093 0.813685834407806 0.802182734012604 0.784143716096878 0.793678790330887 0.790878742933273 0.797244697809219 0.804922163486481 0.838170915842056 0.871461600065231 0.894074141979218 0.882654637098312 0.820973753929138 0.756178021430969 0.70847350358963 0.803499072790146 0.853624999523163 0.918898791074753 1.0282851755619 1.10990318655968 1.07965421676636 1.06529223918915 1.03001287579536 0.967866450548172 1.06936275959015 1.15251526236534 1.22753781080246 1.41048341989517 1.55482220649719 1.84245049953461 1.94317692518234
1.12622603774071 1.13231635093689 1.08533200621605 1.07791543006897 1.19838121533394 1.56835091114044 1.82117915153503 1.98557209968567 2.1018471121788 2.12298703193665 2.85320699214935 2.7535765171051 1.84114140272141 1.56834644079208 1.3880532681942 1.37258067727089 1.31048753857613 1.10605949163437 1.12650740146637 1.06183129549026 1.06263113021851 1.02091419696808 0.930902570486069 0.857515186071396 0.803784012794495 0.804409682750702 0.778745859861374 0.861210465431213 0.944022327661514 1.04609960317612 1.04111275076866 0.925541818141937 0.863145053386688 0.896994262933731 0.880785763263702 0.896384418010712 1.00004410743713 1.01420679688454 1.05878430604935 1.10739943385124 1.05315551161766 1.02557614445686 0.921466827392578 0.903208583593369 1.0928521156311 1.24448561668396 1.36045941710472 1.29533466696739 1.25121402740479 1.29031133651733 1.16298106312752 1.15551415085793 1.21536961197853 1.33764830231667 1.52103209495544 1.67027360200882 1.88076764345169 2.18516367673874 2.30636787414551 2.46548384428024 2.58049517869949
1.0752786397934 1.09965428709984 1.12063667178154 1.08749064803123 1.12239843606949 1.24769827723503 1.50617551803589 1.6081765294075 1.61091649532318 1.55719667673111 1.5966739654541 1.87447106838226 1.85639941692352 1.67081344127655 1.37032422423363 1.49721792340279 0.785967104136944 0.963112324476242 0.921491593122482 0.958760797977448 0.86409804224968 0.760554403066635 0.76009476184845 0.855525076389313 1.00927242636681 1.0751234292984 1.03457486629486 1.20319014787674 1.38067084550858 1.27857041358948 1.20405435562134 1.1231980919838 1.07549500465393 1.08506289124489 1.24094599485397 1.46018770337105 1.61110711097717 1.58161890506744 1.63533318042755 1.52355444431305 1.40714094042778 1.29061925411224 1.25517877936363 1.30935814976692 1.37909924983978 1.59196972846985 1.69948697090149 1.57806873321533 1.35629743337631 1.18686810135841 1.2591824233532 1.28062382340431 1.58668076992035 1.95823127031326 2.33264869451523 2.40389442443848 2.24451863765717 2.26857930421829 -9999 -9999 -9999
1.12840783596039 1.10302278399467 1.14084854722023 1.26299303770065 1.46281769871712 1.44757854938507 1.41663193702698 1.39806684851646 1.2927608191967 1.28438526391983 1.26316076517105 1.0496318936348 1.09448254108429 1.2574490904808 1.23336866497993 0.788606464862823 1.00554352998734 1.02858039736748 0.986980408430099 0.846111416816711 0.744632542133331 0.75128111243248 0.808809041976929 0.984710097312927 1.1361668407917 1.22731786966324 1.3399004638195 1.53361988067627 1.65218406915665 1.38719683885574 1.35170450806618 1.40232136845589 1.39316448569298 1.43256944417953 1.75827580690384 1.91870963573456 2.56982427835464 2.86779069900513 2.63562279939651 2.06667137145996 1.65935754776001 1.34509474039078 1.42500284314156 2.96152120828629 2.51733881235123 1.53677397966385 1.60589575767517 1.36394226551056 1.2958702147007 1.1236260831356 1.32108002901077 1.54019397497177 1.96576112508774 2.61884450912476 3.0815931558609 2.88174211978912 -9999 -9999 -9999 -9999 -9999
1.20040565729141 1.23987990617752 1.22963494062424 1.28903451561928 1.46897739171982 1.55169492959976 1.66886329650879 1.36048212647438 1.02077060937881 0.982486814260483 1.0768771469593 0.951467424631119 0.778088808059692 0.967824786901474 0.807891815900803 0.692118734121323 0.698573961853981 0.80774849653244 0.803057581186295 0.765524357557297 0.848510921001434 0.874147206544876 0.878050267696381 0.944389790296555 0.977039963006973 1.02893131971359 1.21906363964081 1.53030574321747 1.7594997882843 1.83265024423599 -9999 -9999 -9999 -9999 -9999 -9999 3.14426672458649 5.55523610115051 5.53343045711517 4.41755819320679 1.96955090761185 1.30541002750397 1.09843736886978 3.07980644702911 4.47564876079559 3.43707740306854 2.46349704265594 1.56952124834061 1.65374279022217 1.67203724384308 2.07839280366898 2.3336888551712 2.61652010679245 2.82290124893188 1.9762424826622 1.97624230384827 -9999 -9999 -9999 -9999 -9999
1.23904860019684 1.3735014796257 1.36411517858505 1.42231339216232 1.25664085149765 1.27760678529739 1.38777154684067 1.49672824144363 0.991542309522629 0.855426281690598 0.954111635684967 0.808327049016953 0.697416990995407 0.677279368042946 0.623718962073326 0.588514342904091 0.59848415851593 0.724013820290565 0.825546741485596 0.852767139673233 0.895623296499252 0.910429805517197 1.07014498114586 1.11896771192551 0.957578659057617 0.972796440124512 1.09773337841034 1.37562310695648 1.67794150114059 1.83632200956345 -9999 -9999 -9999 -9999 -9999 -9999 6.09895920753479 8.12456345558167 11.4296765327454 10.3407747745514 4.72520327568054 2.6846382021904 1.91207814216614 1.27414682507515 2.29978877305984 5.360475897789 4.86069989204407 3.98625433444977 3.21210122108459 2.77725094556808 2.9119530916214 4.57592940330505 5.16762220859528 -9999 -9999 -9999 -9999 -9999 -9999 -9999 -9999
1.59093135595322 1.6683138012886 1.70945531129837 1.77979874610901 1.72167384624481 1.78057515621185 2.07813405990601 1.72193169593811 0.996857285499573 0.833493500947952 0.780657827854156 0.643705129623413 0.610991969704628 0.608007565140724 0.578157305717468 0.582788407802582 0.61552432179451 0.661592334508896 0.789423376321793 0.883472084999084 1.22148330509663 0.853433839652849 1.21098464727402 1.12706619501114 1.05173796415329 0.896348029375076 0.955617696046829 1.17186409235001 1.50626385211945 1.93699657917023 -9999 -9999 -9999 -9999 -9999 -9999 -9999 6.17011427879333 7.35284614562988 7.19180917739868 7.00148820877075 5.7492173910141 4.69842195510864 2.3726561665535 2.47056359052658 4.4067302942276 5.2510142326355 7.31690096855164 7.89752197265625 8.07283973693848 8.99560618400574 9.0946261882782 4.86686646938324 4.01336454261433 -9999 -9999 -9999 -9999 -9999 -9999 -9999
2.69419902563095 2.34172028303146 2.41074424982071 2.21392303705215 2.03992509841919 2.15666288137436 2.07394355535507 1.46754795312881 0.988835155963898 0.796906650066376 0.71889491379261 0.65462064743042 0.613036349415779 0.596006512641907 0.585109770298004 0.528757363557816 0.584776908159256 0.717974781990051 0.803758800029755 0.93471372127533 0.87716343998909 0.859160274267197 0.791575133800507 0.823847383260727 0.973554521799088 1.02392515540123 1.05306941270828 1.22537183761597 1.53422892093658 1.84263789653778 1.95937782526016 -9999 -9999 -9999 -9999 -9999 -9999 -9999 6.82135963439941 6.82135963439941 7.52420619555882 4.05349266529083 3.61739373207092 3.31464922428131 3.72518169879913 3.37785673141479 2.99519044160843 3.33319294452667 5.45387327671051 11.3658185005188 17.2823009490967 11.5077366828918 5.68698477745056 4.98476350307465 -9999 -9999 -9999 -9999 -9999 -9999 -9999
2.64280253648758 2.66165435314178 2.45201915502548 2.33986777067184 1.99362874031067 1.68822330236435 1.51947337388992 1.22434937953949 0.989055633544922 0.901492685079575 0.742988035082817 0.698158130049706 0.668638497591019 0.656778797507286 0.680313795804977 0.657816901803017 0.631926208734512 0.64556810259819 0.687354996800423 0.692029014229774 0.682291924953461 0.770946800708771 0.764601051807404 0.808470278978348 1.01985284686089 1.23180252313614 1.34438252449036 1.50243812799454 1.53789764642715 1.5090349316597 1.53790104389191 1.71267145872116 -9999 -9999 -9999 -9999 -9999 -9999 -9999 -9999 -9999 -9999 -9999 -9999 -9999 -9999 -9999 3.65490746498108 14.6294374465942 13.8725409507751 14.9763493537903 14.5045337677002 -9999 -9999 -9999 -9999 -9999 -9999 -9999 -9999 -9999
2.39333885908127 2.28863257169724 1.55212157964706 1.66073942184448 1.79337179660797 1.75272846221924 1.44205605983734 1.27142295241356 1.06500238180161 0.649058640003204 0.622789040207863 0.713729247450829 0.740298494696617 0.69772244989872 0.669347494840622 0.648182407021523 0.563966497778893 0.580361768603325 0.635672762989998 0.673540234565735 0.694711714982986 0.694522082805634 0.697782218456268 0.865999639034271 1.00095874071121 1.42919395978634 -9999 1.53803318738937 1.42251688241959 1.36197763681412 1.41128540039062 1.63908183574677 1.78132438659668 -9999 -9999 -9999 -9999 -9999 -9999 -9999 -9999 -9999 -9999 -9999 -9999 -9999 -9999 -9999 -9999 -9999 -9999 -9999 -9999 -9999 -9999 -9999 -9999 -9999 -9999 -9999 -9999
0.846872627735138 1.14238733053207 1.12208095192909 1.22991478443146 1.50972336530685 1.16905608773232 1.07256254553795 0.555691078305244 0.617604598402977 0.681696698069572 0.638722345232964 0.680346295237541 0.700561299920082 0.687320932745934 0.64340628683567 0.549916058778763 0.524157911539078 0.577401995658875 0.684466660022736 0.733223542571068 0.678769424557686 0.64250336587429 0.680782243609428 0.865599632263184 0.905348718166351 0.957467883825302 1.09719380736351 1.20962288975716 1.27864256501198 1.35761180520058 1.41725260019302 1.61003923416138 1.81228941679001 -9999 -9999 -9999 -9999 -9999 -9999 -9999 -9999 -9999 -9999 -9999 -9999 -9999 -9999 -9999 -9999 -9999 -9999 -9999 -9999 -9999 -9999 -9999 -9999 -9999 -9999 -9999 -9999
0.610264912247658 0.658167958259583 0.668373182415962 0.655590757727623 0.632822379469872 0.607258379459381 0.564119517803192 0.54004767537117 0.568394958972931 0.625715106725693 0.682006537914276 0.742308095097542 0.757604151964188 0.700728937983513 0.604576349258423 0.544702246785164 0.56916381418705 0.632550582289696 0.799977421760559 0.8497414290905 0.780755192041397 0.703959390521049 0.719806239008904 0.823313355445862 0.931947201490402 1.03592768311501 1.12580537796021 1.14359638094902 1.20204341411591 1.30297288298607 1.49621719121933 1.95230287313461 2.14659494161606 -9999 -9999 -9999 -9999 -9999 -9999 -9999 -9999 -9999 -9999 -9999 -9999 -9999 -9999 -9999 -9999 -9999 -9999 -9999 -9999 -9999 -9999 -9999 -9999 -9999 -9999 -9999 -9999
0.535984665155411 0.571608200669289 0.569970935583115 0.528260350227356 0.524411469697952 0.510969802737236 0.577423050999641 0.708269119262695 0.730243965983391 0.736629590392113 0.781221359968185 0.793616563081741 0.843136936426163 0.86246994137764 0.612853869795799 0.711571678519249 0.737626120448112 0.870245754718781 0.925175160169601 0.957872271537781 0.879338353872299 0.757600218057632 0.762543082237244 0.86626124382019 1.08811524510384 1.2946525812149 1.38350191712379 1.27999636530876 1.29181391000748 1.40599429607391 1.57391810417175 2.16083014011383 2.44174093008041 -9999 -9999 -9999 -9999 -9999 -9999 -9999 -9999 -9999 -9999 -9999 -9999 -9999 -9999 -9999 -9999 -9999 -9999 -9999 -9999 -9999 -9999 -9999 -9999 -9999 -9999 -9999 -9999
