EcologicalScience/Bass/data/rs_data_bass/chl_147.asc
NCOLS 226 
NROWS 124 
XLLCORNER -9.41648524995501 
YLLCORNER 47.587301625531 
CELLSIZE 0.0833 
NODATA_value -9999 
[rows 54 to 80 of 124, columns 0 to 61 of 226]
-9999 -9999 -9999 -9999 -9999 -9999 -9999 -9999 -9999 -9999 -9999 -9999 -9999 -9999 -9999 -9999 -9999 -9999 -9999 -9999 -9999 -9999 -9999 -9999 -9999 -9999 -9999 -9999 -9999 -9999 -9999 -9999 -9999 -9999 -9999 -9999 -9999 -9999 4.66067558384512 2.63379780451457 1.92280429601669 1.95371282100677 2.15144902467728 1.47642600536346 1.45730549097061 1.4466900229454 1.37037944793701 1.98863178491592 0.91006126999855 1.07383051514626 1.7317281961441 1.85772228240967 2.13942754268646 2.71923530101776 3.06707310676575 3.37122595310211 3.46731448173523 3.14067316055298 -9999 0.607058599591255 0.62790758907795 1.25327285994654
-9999 -9999 -9999 -9999 -9999 -9999 -9999 -9999 -9999 -9999 -9999 -9999 -9999 -9999 -9999 -9999 -9999 -9999 -9999 -9999 -9999 -9999 -9999 -9999 -9999 -9999 -9999 -9999 -9999 -9999 -9999 -9999 -9999 -9999 -9999 -9999 -9999 -9999 -9999 2.44563688337803 2.04619854688644 2.09316185116768 1.78238475322723 1.59407198429108 1.60801242291927 1.56861400604248 1.18794903159142 1.48092752695084 1.72985100746155 1.25767502188683 1.45280322432518 1.58922743797302 1.77301043272018 2.66113883256912 3.14385509490967 2.78375780582428 2.94036519527435 -9999 -9999 -9999 -9999 -9999
-9999 -9999 -9999 -9999 -9999 -9999 -9999 -9999 -9999 -9999 -9999 -9999 -9999 -9999 -9999 -9999 -9999 -9999 -9999 -9999 -9999 -9999 -9999 -9999 -9999 -9999 -9999 -9999 -9999 -9999 -9999 -9999 -9999 -9999 -9999 -9999 -9999 -9999 -9999 -9999 1.77355122566223 1.80116724967957 1.79603654146194 1.8634922504425 1.66309428215027 1.6054499745369 1.51731079816818 1.42470601201057 1.52879101037979 1.65939670801163 1.33075350522995 1.58776867389679 1.61971342563629 2.11527228355408 2.80624794960022 3.19460713863373 2.82344841957092 2.18412297964096 3.63638064265251 -9999 -9999 -9999
-9999 -9999 -9999 -9999 -9999 -9999 -9999 -9999 -9999 -9999 -9999 -9999 -9999 -9999 -9999 -9999 -9999 -9999 -9999 -9999 -9999 -9999 -9999 -9999 -9999 -9999 -9999 -9999 -9999 -9999 -9999 -9999 -9999 -9999 -9999 -9999 -9999 -9999 -9999 -9999 1.94789123535156 1.93786180019379 2.14386451244354 2.26652801036835 2.26096695661545 1.69076102972031 1.77775418758392 1.70334595441818 1.98174369335175 1.84533905982971 1.52845358848572 1.44862201809883 1.53751873970032 1.86408519744873 2.53067547082901 2.97954744100571 2.87456399202347 3.24482023715973 1.7831883430481 2.23035627603531 8.52748276637151 -9999
-9999 -9999 -9999 -9999 -9999 -9999 -9999 -9999 -9999 -9999 -9999 -9999 -9999 -9999 -9999 -9999 -9999 -9999 -9999 -9999 -9999 -9999 -9999 -9999 -9999 -9999 -9999 -9999 -9999 -9999 -9999 -9999 -9999 -9999 -9999 -9999 -9999 -9999 -9999 -9999 -9999 2.88195538520813 2.21984219551086 2.37194216251373 2.0653275847435 2.52828741073608 2.39395201206207 1.96810358762741 2.01228600740433 1.84427332878113 1.40553751587868 1.68161183595657 1.75445920228958 2.0692777633667 2.66330033540726 2.9564505815506 3.0036016702652 3.20518434047699 3.14758729934692 1.88783955574036 1.94602829217911 -9999
-9999 -9999 -9999 -9999 -9999 -9999 -9999 -9999 -9999 -9999 -9999 -9999 -9999 -9999 -9999 -9999 -9999 -9999 -9999 -9999 -9999 -9999 -9999 -9999 -9999 -9999 -9999 -9999 -9999 -9999 -9999 -9999 -9999 -9999 -9999 -9999 -9999 -9999 -9999 -9999 -9999 2.75468707084656 2.34599143266678 2.38487231731415 2.55228871107101 2.43011856079102 2.33882993459702 2.40566557645798 2.50844407081604 2.1415724158287 1.74478733539581 1.7360976934433 2.13507145643234 2.48592299222946 2.94095242023468 3.13486182689667 3.32423007488251 3.13960039615631 2.4708172082901 2.50336328961632 -9999 -9999
-9999 -9999 -9999 -9999 -9999 -9999 -9999 -9999 -9999 -9999 -9999 -9999 -9999 -9999 -9999 -9999 -9999 -9999 -9999 -9999 -9999 -9999 -9999 -9999 -9999 -9999 -9999 -9999 -9999 -9999 -9999 -9999 -9999 -9999 -9999 -9999 -9999 -9999 -9999 -9999 2.80376398563385 2.84999930858612 2.82094091176987 2.47319948673248 2.51876276731491 1.33603575825691 1.65243601799011 2.21823370456696 2.65314298868179 2.4112823009491 2.20991617441177 2.18780475854874 2.27983278036118 2.61765074729919 2.75893718004227 2.3466454744339 2.29136872291565 -9999 -9999 2.50651073455811 2.15778005123138 2.10150974988937
-9999 -9999 -9999 -9999 -9999 -9999 -9999 -9999 -9999 -9999 -9999 -9999 -9999 -9999 -9999 -9999 -9999 -9999 -9999 -9999 -9999 -9999 -9999 -9999 -9999 -9999 -9999 -9999 -9999 -9999 -9999 -9999 -9999 -9999 -9999 -9999 -9999 -9999 -9999 2.75738518238068 2.69297420978546 2.7702476978302 2.8992854654789 1.58587807416916 1.21947598457336 1.3307917714119 1.96800446510315 2.24045848846436 2.21575570106506 2.3188950419426 2.21781742572784 2.1903247833252 2.26910322904587 2.37348157167435 2.3211829662323 2.66334941983223 2.41090905666351 2.10441076755524 2.18334221839905 2.28909629583359 2.10962074995041 2.03024852275848
-9999 -9999 -9999 -9999 -9999 -9999 -9999 -9999 -9999 -9999 -9999 -9999 -9999 -9999 -9999 -9999 -9999 -9999 -9999 -9999 -9999 -9999 -9999 -9999 -9999 -9999 -9999 -9999 -9999 -9999 -9999 -9999 -9999 -9999 -9999 -9999 -9999 -9999 -9999 2.55412828922272 3.00775828957558 2.45083379745483 2.53124284744263 2.17160627245903 1.18016695976257 1.25885027647018 2.33688935637474 2.2706047296524 2.39517831802368 2.00016295909882 2.02257531881332 2.10060381889343 2.09517216682434 2.51869958639145 2.02395081520081 2.18220674991608 2.22034806013107 2.12482845783234 2.05468201637268 2.18639421463013 2.26594370603561 2.32441329956055
-9999 -9999 -9999 -9999 -9999 -9999 -9999 -9999 -9999 -9999 -9999 -9999 -9999 -9999 -9999 -9999 -9999 -9999 -9999 -9999 -9999 -9999 -9999 -9999 -9999 -9999 -9999 -9999 -9999 -9999 -9999 -9999 -9999 -9999 -9999 -9999 -9999 -9999 2.89349722862244 2.61848932504654 2.93085265159607 2.21295601129532 1.81941631436348 1.86273595690727 1.82933807373047 2.28433656692505 2.37917178869247 2.45595753192902 2.60035282373428 1.83539772033691 1.99399870634079 2.27014267444611 2.35269141197205 2.4298642873764 1.95219320058823 1.95146095752716 2.0541285276413 1.88620898127556 1.78672800958157 2.27417147159576 2.29131871461868 2.23975169658661
-9999 -9999 -9999 -9999 -9999 -9999 -9999 -9999 -9999 -9999 -9999 -9999 -9999 -9999 -9999 -9999 -9999 -9999 -9999 -9999 -9999 -9999 -9999 -9999 -9999 -9999 -9999 -9999 -9999 -9999 -9999 -9999 -9999 -9999 -9999 -9999 -9999 -9999 2.45824346939723 2.17078703641891 2.10914021730423 1.91028866171837 1.83730682730675 1.72242674231529 1.83668437600136 1.93600076436996 2.35003942251205 2.25159376859665 2.09671944379807 1.90959370136261 1.92425107955933 2.17344528436661 2.23698449134827 1.75022679567337 1.753786444664 1.85825368762016 1.86038595438004 1.87987720966339 2.07689654827118 2.78416049480438 2.87012547254562 1.92308396100998
-9999 -9999 -9999 -9999 -9999 -9999 -9999 -9999 -9999 -9999 -9999 -9999 -9999 -9999 -9999 -9999 -9999 -9999 -9999 -9999 -9999 -9999 -9999 -9999 -9999 -9999 -9999 -9999 -9999 -9999 -9999 -9999 -9999 -9999 -9999 -9999 -9999 2.52320430534227 2.22298014163971 1.53293962776661 1.61725652217865 1.49235861003399 1.54514098167419 1.5667307972908 1.78889554738998 2.08941006660461 2.05328017473221 1.96286183595657 1.92602920532227 1.89858448505402 1.91167956590652 1.80684971809387 1.56718930602074 1.61281800270081 1.64689749479294 1.7051836848259 1.82798779010773 1.94184002280235 2.08456999063492 2.46159142255783 2.38991618156433 2.91489744186401
-9999 -9999 -9999 -9999 -9999 -9999 -9999 -9999 -9999 -9999 -9999 -9999 -9999 -9999 -9999 -9999 -9999 -9999 -9999 -9999 -9999 -9999 -9999 -9999 -9999 -9999 -9999 -9999 -9999 -9999 -9999 -9999 -9999 -9999 -9999 -9999 -9999 1.97998130321503 2.98457926511765 2.55249899625778 1.76958748698235 1.85750359296799 1.50714248418808 1.49311923980713 1.64293801784515 2.04173541069031 1.98287630081177 1.86547726392746 1.82381093502045 1.83722180128098 1.80972075462341 1.85221946239471 1.54447454214096 1.59267753362656 1.54328927397728 1.57631400227547 1.75950747728348 2.1510683298111 2.17750132083893 2.06608057022095 2.19832724332809 3.06623482704163
-9999 -9999 -9999 -9999 -9999 -9999 -9999 -9999 -9999 -9999 -9999 -9999 -9999 -9999 -9999 -9999 -9999 -9999 -9999 -9999 -9999 -9999 -9999 -9999 -9999 -9999 -9999 -9999 -9999 -9999 -9999 -9999 -9999 -9999 -9999 -9999 2.71687579154968 2.06007903814316 3.24157583713531 1.72824302315712 1.61649785935879 1.77005816996098 1.37389999628067 1.49209874868393 1.76880669593811 1.83188098669052 1.79825556278229 1.76059573888779 1.5059352517128 1.4868822991848 1.88639849424362 1.93343782424927 1.61003756523132 1.47416669130325 1.49390977621078 1.54033973813057 1.57858404517174 1.95747220516205 2.01994943618774 2.23591732978821 2.7369772195816 2.75092750787735
-9999 -9999 -9999 -9999 -9999 -9999 -9999 -9999 -9999 -9999 -9999 -9999 -9999 -9999 -9999 -9999 -9999 -9999 -9999 -9999 -9999 -9999 -9999 -9999 -9999 -9999 -9999 -9999 -9999 -9999 -9999 1.94877004623413 1.45270049571991 -9999 2.10493344068527 2.20930333435535 2.20230579376221 1.78894758224487 1.70667225122452 1.5454338490963 1.24738910794258 1.01419159770012 1.39914977550507 1.66520512104034 1.6245893239975 1.70084095001221 1.74308091402054 1.76725208759308 1.91210246086121 1.60273203253746 1.64050522446632 1.65552979707718 1.60989251732826 1.30158203840256 1.35758650302887 2.01682019233704 1.67833897471428 1.86835706233978 2.106789290905 2.38256704807281 3.1502069234848 2.3637061715126
-9999 -9999 -9999 -9999 -9999 -9999 -9999 -9999 -9999 -9999 -9999 -9999 -9999 -9999 -9999 -9999 -9999 -9999 -9999 -9999 -9999 -9999 0.346259817481041 1.65763299465179 1.87600936889648 1.7751185297966 2.27802979946136 2.50386822223663 2.04819321632385 4.47636151313782 3.19584882259369 1.82317346334457 1.91269952058792 1.76266193389893 1.565509557724 1.8880335688591 1.78316617012024 1.45561122894287 1.32803548872471 1.27454625070095 1.05787423253059 0.962086513638496 1.05349688977003 1.46792197227478 1.45357650518417 1.74122697114944 1.87378495931625 1.68688601255417 1.71171373128891 1.75586551427841 1.81669718027115 1.80891704559326 1.70477002859116 1.6554599404335 2.43450593948364 2.01693624258041 2.16775625944138 2.52265018224716 5.15384394244144 -9999 -9999 -9999
-9999 -9999 -9999 -9999 -9999 -9999 -9999 -9999 -9999 -9999 -9999 -9999 -9999 -9999 -9999 -9999 -9999 -9999 -9999 -9999 -9999 -9999 1.65195047855377 1.51074478626251 1.34870177507401 1.60705429315567 1.76021558046341 1.84083598852158 1.89542669057846 2.73919495940208 3.7301949262619 2.59141570329666 1.81723719835281 1.56181651353836 1.33391323685646 1.18927949666977 1.12700700759888 1.1946723908186 1.35709221661091 1.28694203495979 1.13461348414421 1.21880623698235 1.43441471457481 1.60553169250488 1.39158228039742 1.55277422070503 1.83714127540588 1.94431573152542 1.93495029211044 1.89082503318787 1.88529676198959 1.83343905210495 1.9291689991951 2.02082675695419 2.17888526121775 -9999 -9999 -9999 -9999 -9999 -9999 -9999
-9999 -9999 -9999 -9999 -9999 -9999 -9999 -9999 -9999 -9999 -9999 -9999 -9999 -9999 -9999 -9999 -9999 -9999 -9999 1.79129263583352 1.55714093148708 1.67558991909027 1.6533397436142 1.38219929337502 1.4384052157402 1.49584123492241 1.46897023916245 1.48377898335457 1.48415172100067 1.84684574604034 2.10642832517624 2.26418852806091 2.17219805717468 2.08451253175735 1.7445809841156 1.32775577902794 0.87967050075531 1.0215330272913 0.989524908363819 1.08580353856087 1.06768199801445 1.07166901230812 1.1890515089035 1.3208392560482 1.3819297850132 1.56680452823639 2.28661125898361 2.02395302057266 2.08072805404663 2.09862095117569 2.12197130918503 -9999 -9999 -9999 -9999 -9999 -9999 -9999 -9999 -9999 -9999 -9999
-9999 -9999 -9999 -9999 -9999 -9999 -9999 -9999 -9999 -9999 -9999 -9999 -9999 -9999 -9999 -9999 -9999 1.96478097438812 1.51080071926117 1.66210126876831 1.69302606582642 1.68829429149628 1.37003552913666 1.36899375915527 1.27027496695518 1.28848126530647 1.32081520557404 1.37441772222519 1.37818202376366 1.26248547434807 1.82317042350769 1.83532798290253 1.87005525827408 2.32466930150986 2.30097591876984 1.9526429772377 1.37755724787712 1.03168760240078 0.867462918162346 0.936817869544029 1.09408727288246 1.11860176920891 1.1618857383728 1.21341750025749 1.42532175779343 1.56480145454407 1.82742297649384 2.06677520275116 2.30326825380325 2.51343297958374 2.09693319797516 -9999 -9999 -9999 -9999 -9999 -9999 -9999 -9999 -9999 -9999 -9999
-9999 -9999 -9999 -9999 -9999 -9999 -9999 -9999 -9999 -9999 -9999 -9999 -9999 -9999 1.46417813748121 1.77904343605042 1.75083750486374 1.64243924617767 1.34452047944069 1.47628051042557 1.44266402721405 1.47036302089691 1.27107900381088 1.43766975402832 1.39541772007942 1.3697310090065 1.20206022262573 1.17632022500038 1.23165822029114 1.26648598909378 1.35512700676918 1.59529191255569 2.04397130012512 2.56556242704391 2.61761695146561 2.22659021615982 1.58630329370499 1.18870496749878 1.12172551453114 0.909365639090538 1.12377226352692 1.1349376514554 1.17590475082397 1.30396050214767 1.54707598686218 1.55981022119522 1.35645523667336 1.97068047523499 2.28236478567123 2.24995118379593 2.36338645219803 1.88019648194313 -9999 -9999 -9999 -9999 -9999 -9999 -9999 -9999 -9999 -9999
-9999 -9999 -9999 -9999 -9999 -9999 -9999 -9999 -9999 -9999 -9999 1.6721401065588 1.58614403009415 1.80429947376251 1.5670485496521 1.41613890230656 1.62814016640186 1.22733896970749 1.29676124453545 1.31521421670914 1.3235459625721 1.20563846826553 1.12686824798584 1.18998152017593 1.29051303863525 1.18547022342682 1.14714896678925 1.16302353143692 1.16815128922462 1.22271975874901 1.26233097910881 1.34917572140694 1.49803197383881 1.73970526456833 1.66596221923828 1.5591396689415 1.15986227989197 0.858218282461166 0.790814995765686 0.780733036994934 0.813023775815964 0.890933588147163 1.11708623170853 0.773132264614105 1.10049828886986 1.33008071780205 1.48592475056648 1.61735701560974 2.22096079587936 1.9316069483757 2.09157228469849 -9999 -9999 -9999 -9999 -9999 4.57607520777126 2.41061198711395 3.72759890556335 4.26288449764252 2.88677845124541 -9999
-9999 -9999 -9999 -9999 -9999 -9999 -9999 -9999 -9999 1.56422030925751 3.09148489435514 1.37155759334564 1.50539327412844 1.53254348039627 1.48018324375153 1.14926326274872 1.26355186700821 1.24221298098564 1.23995777964592 1.18808251619339 1.09997847676277 1.0791577398777 1.12545445561409 1.13679823279381 1.20194175839424 1.14826574921608 1.19556596875191 1.15475025773048 1.16207250952721 1.21452596783638 1.20141524076462 1.15056896209717 1.1523149907589 1.05769497156143 1.02298128604889 0.979827761650085 1.16003134846687 1.07558566331863 0.894609734416008 0.898977756500244 0.9751957654953 0.92399400472641 0.840469479560852 0.792173266410828 0.998646765947342 1.19213846325874 1.40882179141045 1.54978573322296 1.92139720916748 1.92421048879623 1.97270554304123 2.16298341751099 2.50162875652313 2.79650793075562 2.24950356781483 2.95234125852585 2.12932348251343 2.13193398714066 2.14972323179245 2.34672552347183 2.72322779893875 -9999
-9999 -9999 -9999 -9999 -9999 1.11033804927553 1.37584276199341 1.39077327847481 1.40738312602043 1.56940349936485 1.48071710765362 1.31742225587368 1.2187102586031 1.1903467476368 1.10839203000069 1.10318997502327 1.11582452058792 1.10078546404839 1.10517302155495 1.08081150054932 1.06207877397537 1.00668373703957 1.06190326809883 1.07199302315712 1.12147352099419 1.13925451040268 1.17140704393387 1.16816702485085 1.12165501713753 1.15166401863098 1.11766728758812 1.0973302423954 1.12100028991699 0.986064791679382 0.91179147362709 0.87880951166153 0.828392207622528 0.822580486536026 0.886990517377853 0.878558278083801 0.9582359790802 0.915714025497437 0.92466151714325 1.18643322587013 1.22026124596596 1.30385327339172 1.43096396327019 1.61950206756592 1.77932095527649 1.83408969640732 1.92595195770264 2.07856428623199 2.16294819116592 2.26545453071594 2.21263343095779 2.44402652978897 2.36237543821335 2.04561817646027 1.93283843994141 2.36332726478577 2.62440454959869 2.79117143154144
-9999 -9999 -9999 -9999 -9999 1.02551232065473 1.14734264016151 0.957747727632523 0.980531215667725 1.03946587443352 1.50450770258904 1.280293866992 1.01256975531578 1.08026620745659 1.19963098799481 1.1389140188694 1.17915973067284 1.21733322739601 1.3660503923893 1.29926721006632 1.29864111542702 1.22934076189995 1.12605151534081 1.19159254431725 1.22643300890923 1.16387477517128 1.1144572198391 1.07635053992271 1.03453347086906 1.03677973151207 1.07649296522141 1.09109553694725 1.06563824415207 0.937311708927155 0.873642772436142 0.794812470674515 0.721507519483566 0.732001483440399 0.753437966108322 0.742662012577057 0.854603290557861 0.896909236907959 1.15873199701309 1.16470348834991 1.15139248967171 1.1502742767334 1.11798226833344 1.27566674351692 1.40403145551682 1.53644317388535 1.64844524860382 1.68778198957443 1.89582520723343 2.0024122595787 2.16464924812317 2.05686378479004 2.52183526754379 2.62857967615128 2.57852250337601 2.54001832008362 2.35751330852509 2.23548674583435
-9999 -9999 -9999 -9999 -9999 0.950352374464273 0.721006482839584 0.967850223183632 1.03935715556145 1.01936548948288 1.0180282741785 0.895200178027153 0.979792878031731 0.753120520285198 0.748455002903938 0.772452235221863 1.15390622615814 1.09789025783539 1.12934246659279 1.13676950335503 1.04128128290176 1.16346391439438 1.16659954190254 1.23137247562408 1.29402226209641 1.11762598156929 1.06813654303551 1.06327128410339 1.09272301197052 1.00411203503609 1.0876462161541 1.25227501988411 1.10383902490139 1.01684586703777 0.718077018857002 0.724425762891769 0.732528001070023 0.718188732862473 0.75986248254776 0.807458281517029 0.781243532896042 0.878061711788177 0.927356958389282 0.998346000909805 0.9401895403862 0.867460459470749 0.941783219575882 1.21140602231026 1.18246874213219 1.20166647434235 1.31564471125603 1.47186371684074 1.54975658655167 1.58784449100494 1.64394217729568 1.81082475185394 1.75472241640091 1.91331517696381 2.2273605465889 2.44048207998276 2.16201746463776 2.2843701839447
-9999 -9999 -9999 -9999 -9999 0.710685007274151 0.985413926839828 0.625249737075397 0.812642932722443 0.817855121273743 0.723524250090122 0.760181106626987 0.764725372195244 0.71386456489563 0.761558117611068 0.836756996810436 0.898951724171638 0.932802110910416 1.1398239210248 1.27418627589941 1.14160278439522 1.14501973986626 1.16432851552963 1.20757877826691 1.19521951675415 1.16796299815178 1.13839870691299 1.17049804329872 1.1597715318203 1.1513257920742 1.20141077041626 1.22260496020317 1.08764472603798 1.15156254172325 0.770250446656171 0.739892229437828 0.713706001639366 0.740796759724617 0.804335206747055 0.786078751087189 0.793841958045959 0.814020037651062 0.859828501939774 0.964301973581314 0.90311998128891 0.853692770004272 0.848581463098526 0.936387777328491 0.926868706941605 0.947607725858688 1.04987329244614 1.22139447927475 1.32065472006798 1.34785723686218 1.26520425081253 1.38748499751091 1.55743271112442 1.80521106719971 1.885422706604 2.02991330623627 2.2645109295845 2.34393668174744
-9999 -9999 -9999 -9999 -9999 0.981615781784058 0.833783239126205 0.797021001577377 0.751791527396754 0.809702858328819 0.781703367829323 0.742777220904827 0.651660197547504 0.689588682992118 0.721358567476273 0.685000889003277 0.72295746420111 0.760502368211746 0.786953029888017 1.24368390440941 0.906968350921358 1.11938551068306 1.13865146040916 1.15835103392601 1.10763600468636 1.1303137242794 1.12991246581078 1.11698779463768 1.10899347066879 1.10965123772621 1.11408671736717 1.11979651451111 1.11730349063873 1.09519350528717 0.73603534172563 0.758940979838371 0.772808969020844 0.688794761896133 0.687792018055916 0.679989740252495 0.717676520347595 0.736003518104553 0.763872027397156 0.835877984762192 0.843523532152176 0.819055527448654 0.93766576051712 0.969300717115402 0.997949212789536 0.961824774742126 0.949010252952576 0.949967265129089 1.10086423158646 1.13748148083687 1.29932776093483 1.17237371206284 1.50454491376877 1.35085728764534 1.41144901514053 1.58804851770401 1.96128666400909 2.20725971460342
