EcologicalScience/Bass/data/rs_data_bass/chl_337.asc
NCOLS 226 
NROWS 124 
XLLCORNER -9.41648524995501 
YLLCORNER 47.587301625531 
CELLSIZE 0.0833 
NODATA_value -9999 
[rows 0 to 26 of 124, columns 62 to 123 of 226]
-9999 -9999 -9999 -9999 -9999 -9999 -9999 -9999 -9999 -9999 -9999 -9999 -9999 -9999 -9999 -9999 -9999 -9999 -9999 -9999 -9999 -9999 -9999 -9999 -9999 -9999 -9999 -9999 -9999 -9999 -9999 -9999 -9999 -9999 -9999 -9999 -9999 -9999 -9999 -9999 -9999 -9999 -9999 -9999 -9999 -9999 -9999 -9999 -9999 -9999 -9999 -9999 -9999 -9999 -9999 -9999 -9999 -9999 -9999 -9999 -9999 -9999
-9999 -9999 -9999 -9999 -9999 -9999 -9999 -9999 -9999 -9999 -9999 -9999 -9999 -9999 -9999 -9999 -9999 -9999 -9999 -9999 -9999 -9999 -9999 -9999 -9999 -9999 -9999 -9999 -9999 -9999 -9999 -9999 -9999 -9999 -9999 -9999 -9999 -9999 -9999 -9999 -9999 -9999 -9999 -9999 -9999 -9999 -9999 -9999 -9999 -9999 -9999 -9999 -9999 -9999 -9999 -9999 -9999 -9999 -9999 -9999 -9999 -9999
-9999 -9999 -9999 -9999 -9999 -9999 -9999 -9999 -9999 -9999 -9999 -9999 -9999 -9999 -9999 -9999 -9999 -9999 -9999 -9999 -9999 -9999 -9999 -9999 -9999 -9999 -9999 -9999 -9999 -9999 -9999 -9999 -9999 -9999 -9999 -9999 -9999 -9999 -9999 -9999 -9999 -9999 -9999 -9999 -9999 -9999 -9999 -9999 -9999 -9999 -9999 -9999 -9999 -9999 -9999 -9999 -9999 -9999 -9999 -9999 -9999 -9999
-9999 -9999 -9999 -9999 -9999 -9999 -9999 -9999 -9999 -9999 -9999 -9999 -9999 -9999 -9999 -9999 -9999 -9999 -9999 -9999 -9999 -9999 -9999 -9999 -9999 -9999 -9999 -9999 -9999 -9999 -9999 -9999 -9999 -9999 -9999 -9999 -9999 -9999 -9999 -9999 -9999 -9999 -9999 -9999 -9999 -9999 -9999 -9999 -9999 -9999 -9999 -9999 -9999 -9999 -9999 -9999 -9999 -9999 -9999 -9999 -9999 -9999
-9999 -9999 -9999 -9999 -9999 -9999 -9999 -9999 -9999 -9999 -9999 -9999 -9999 -9999 -9999 -9999 -9999 -9999 -9999 -9999 -9999 -9999 -9999 -9999 -9999 -9999 -9999 -9999 -9999 -9999 -9999 -9999 -9999 -9999 -9999 -9999 -9999 -9999 -9999 -9999 -9999 -9999 -9999 -9999 -9999 -9999 -9999 -9999 -9999 -9999 -9999 -9999 -9999 -9999 -9999 -9999 -9999 -9999 -9999 -9999 -9999 -9999
-9999 -9999 -9999 -9999 -9999 -9999 -9999 -9999 -9999 -9999 -9999 -9999 -9999 -9999 -9999 -9999 -9999 -9999 -9999 -9999 -9999 -9999 -9999 -9999 -9999 -9999 -9999 -9999 0.63735419511795 1.21795415758652 5.23071885108948 4.22813558578491 2.09159553050995 0.815522253513336 0.403334230184555 0.619298234581947 1.61252331733704 2.57415747642517 2.32218825817108 1.9687979221344 2.02408576011658 1.77785181999207 1.24187323451042 1.32316499948502 0.860510230064392 1.17097726464272 1.43793225288391 1.50812172889709 1.80029618740082 2.02423346042633 1.69312280416489 1.50622200965881 1.3323105275631 1.10683652758598 0.761915981769562 0.487082228064537 0.472209736704826 0.423104256391525 0.323179498314857 0.319909505546093 0.320692509412766 0.331349261105061
-9999 -9999 -9999 -9999 -9999 -9999 -9999 -9999 -9999 -9999 -9999 -9999 -9999 -9999 -9999 -9999 -9999 -9999 -9999 -9999 -9999 -9999 -9999 -9999 -9999 -9999 1.18186515569687 1.0627324283123 15.4664812088013 8.1910228729248 4.28566288948059 7.8000283241272 2.97179996967316 2.16852593421936 1.31167870759964 1.87051266431808 2.47587829828262 2.74434149265289 2.60858541727066 2.81620717048645 3.16862189769745 3.47013223171234 3.64356064796448 3.90199506282806 4.42232608795166 2.49895942211151 2.50678718090057 2.46150380373001 2.51582783460617 2.36754441261292 2.41434895992279 1.56621444225311 1.06026899814606 0.949688225984573 0.83149579167366 0.706385985016823 0.640098005533218 0.47674722969532 0.396591737866402 0.386018246412277 0.37168874591589 0.390430480241776
-9999 -9999 -9999 -9999 -9999 -9999 -9999 -9999 -9999 -9999 -9999 -9999 -9999 -9999 -9999 -9999 -9999 -9999 -9999 -9999 -9999 -9999 -9999 -9999 -9999 -9999 1.18186515569687 12.1523065567017 15.328070640564 4.62351071834564 9.53374242782593 9.42398643493652 6.86268854141235 4.52533435821533 5.49842262268066 3.73983228206635 3.29274523258209 2.91036683320999 2.56487023830414 2.38005530834198 2.50223404169083 2.08100992441177 2.78917282819748 4.02928197383881 4.87994563579559 2.92447274923325 2.31440842151642 1.88891619443893 1.97348016500473 1.71723979711533 1.22966846823692 1.04506203532219 1.00923299789429 0.978793501853943 0.845751732587814 0.844151258468628 0.748533770442009 0.677594259381294 0.59638649225235 0.531396746635437 0.538822486996651 0.529321521520615
-9999 -9999 -9999 -9999 -9999 -9999 -9999 -9999 -9999 -9999 -9999 -9999 -9999 -9999 -9999 -9999 -9999 -9999 -9999 -9999 -9999 -9999 -9999 -9999 -9999 -9999 19.4377698898315 8.19584226608276 3.51417231559753 2.71868848800659 7.17735242843628 7.67116856575012 7.9632203578949 5.52495360374451 4.49488663673401 3.78217113018036 3.72002613544464 3.34377908706665 2.84302943944931 2.32392525672913 2.29788225889206 2.06432032585144 2.21745443344116 2.93191266059875 2.64641851186752 1.66702723503113 1.89072525501251 1.76483845710754 1.49874526262283 1.49942851066589 1.4525902569294 1.2610447704792 1.76353508234024 2.18679302930832 2.01405519247055 1.76735401153564 1.12718251347542 0.892101734876633 0.895338714122772 0.800579220056534 0.746564984321594 0.67882351577282
-9999 -9999 -9999 -9999 -9999 -9999 -9999 -9999 -9999 -9999 -9999 -9999 -9999 -9999 -9999 -9999 -9999 -9999 -9999 -9999 -9999 -9999 -9999 -9999 -9999 1.19121462106705 7.84156608581543 3.30134010314941 4.58700835704803 7.80485129356384 7.05064129829407 7.70520401000977 6.4975118637085 4.17873752117157 3.45994591712952 4.4427398443222 3.56213915348053 3.06978750228882 2.62075281143188 3.06616652011871 3.22600936889648 2.70315223932266 2.66750174760818 3.04344463348389 1.86596095561981 3.1869113445282 2.04809546470642 1.44794923067093 1.80664354562759 1.97499525547028 1.71664506196976 1.6918643116951 1.98925423622131 2.32561647891998 2.98496550321579 1.73278731107712 1.37677726149559 0.955189526081085 1.0610159933567 0.904525458812714 0.79575303196907 0.692343011498451
-9999 -9999 -9999 -9999 -9999 -9999 -9999 -9999 -9999 -9999 -9999 -9999 -9999 -9999 -9999 -9999 -9999 -9999 -9999 -9999 -9999 -9999 -9999 -9999 -9999 6.19532203674316 4.33539462089539 6.25117921829224 7.90043306350708 8.2351598739624 6.76738214492798 7.20674657821655 4.63933718204498 4.0178085565567 3.41703307628632 3.38302731513977 2.17898100614548 2.32804870605469 2.71289026737213 2.72502368688583 3.10180807113647 3.26561307907104 3.33530187606812 3.78540766239166 2.81825476884842 2.99937003850937 2.66757380962372 1.85289001464844 1.96916627883911 2.98672431707382 2.44063729047775 1.93972957134247 1.3481422662735 1.79982376098633 1.56683993339539 1.14347773790359 1.0854307115078 1.52082967758179 1.09213650226593 0.853366523981094 0.695164516568184 0.627842232584953
-9999 -9999 -9999 -9999 -9999 -9999 -9999 -9999 -9999 -9999 -9999 -9999 -9999 -9999 -9999 -9999 -9999 -9999 -9999 -9999 -9999 -9999 -9999 -9999 1.31647038459778 7.52531719207764 4.03349232673645 8.00834584236145 8.0260705947876 4.95390665531158 7.42176818847656 5.8444207906723 4.12167906761169 2.81753933429718 3.09092617034912 1.90552943944931 2.06098276376724 2.08810883760452 2.68214017152786 3.08506858348846 3.10085642337799 3.2226322889328 3.79311883449554 6.0260317325592 5.38653087615967 3.5574141740799 2.05902296304703 2.85980629920959 4.12919640541077 4.76480627059937 6.02494597434998 4.68819379806519 3.64477801322937 1.60867273807526 1.04346451163292 0.974012285470963 1.1179102063179 1.02452623844147 0.940232992172241 0.80687552690506 0.713260486721992 0.644846230745316
-9999 -9999 -9999 -9999 -9999 -9999 -9999 -9999 -9999 -9999 -9999 -9999 -9999 -9999 -9999 -9999 -9999 -9999 -9999 -9999 -9999 -9999 -9999 1.50594073534012 5.28047561645508 7.61860656738281 6.97299814224243 5.47490179538727 5.42980492115021 6.25899410247803 6.25268197059631 5.2411447763443 3.48431396484375 2.54355758428574 3.13310015201569 2.55029100179672 2.7061904668808 2.79177671670914 2.68985992670059 2.65724927186966 2.36854952573776 3.01839137077332 3.61764657497406 4.54386234283447 4.53096914291382 2.50187104940414 3.08536505699158 5.11772310733795 5.8164210319519 5.10690236091614 5.04817199707031 3.98145890235901 2.56424027681351 1.32673501968384 0.913244247436523 0.943818032741547 1.07095500826836 1.0210747718811 0.898969531059265 0.835685223340988 0.826341032981873 0.806522279977798
-9999 -9999 -9999 -9999 -9999 -9999 -9999 -9999 -9999 -9999 -9999 -9999 -9999 -9999 -9999 -9999 -9999 -9999 -9999 -9999 -9999 -9999 11.9043989181519 5.82924377918243 3.44509434700012 6.31870794296265 3.07022488117218 5.9171998500824 4.20343136787415 3.53869271278381 3.15151798725128 3.93509316444397 3.19285726547241 3.05784523487091 3.01209962368011 3.90797710418701 2.80803000926971 2.1606622338295 1.69651132822037 1.29748722910881 1.58918702602386 1.67637223005295 2.20140516757965 3.24978590011597 3.71260356903076 4.23989260196686 4.35413110256195 4.71705222129822 3.9987165927887 4.1164276599884 3.85513865947723 2.67368030548096 2.01977849006653 1.76945167779922 1.35208573937416 1.47257396578789 1.2141210436821 1.1932717859745 0.939875274896622 0.88801047205925 0.981928467750549 1.2024322450161
-9999 -9999 -9999 -9999 -9999 -9999 -9999 -9999 -9999 -9999 -9999 -9999 -9999 -9999 -9999 -9999 -9999 -9999 -9999 -9999 2.64602583646774 2.18879567843707 4.33677542209625 5.11883533000946 5.35856938362122 7.05429196357727 4.62481033802032 3.13120436668396 2.16791099309921 2.12583607435226 1.95392847061157 2.35500901937485 1.9232257604599 2.25925576686859 2.90141183137894 3.16675651073456 2.97992098331451 2.53664481639862 1.75284075737 1.5535079240799 2.03420841693878 1.79935795068741 2.14285808801651 3.00358736515045 4.90222942829132 4.95628345012665 2.40444749593735 2.55364125967026 1.99016618728638 1.66420948505402 1.94736671447754 2.01944321393967 2.18702924251556 3.30194342136383 2.93405842781067 2.11764442920685 1.55007147789001 0.931028991937637 0.866535723209381 0.891760468482971 0.943289995193481 1.05890697240829
-9999 -9999 -9999 -9999 -9999 -9999 -9999 -9999 -9999 -9999 -9999 -9999 -9999 -9999 -9999 -9999 -9999 -9999 -9999 -9999 2.2821319544659 5.71314239501953 6.09771466255188 8.83123111724854 8.24721121788025 6.8502345085144 4.55821716785431 3.51582992076874 2.30326795578003 1.89415043592453 1.80258375406265 1.87966722249985 2.01420003175735 2.46510529518127 2.12620049715042 2.5154909491539 1.7018369436264 2.02162349224091 2.4699375629425 3.07571017742157 2.72456395626068 2.51607602834702 2.49679273366928 2.85610198974609 3.17405712604523 2.944300532341 3.34515452384949 2.28754270076752 1.77727496623993 1.49260425567627 1.3050262928009 1.4259839951992 1.46346446871758 1.51270508766174 2.29475033283234 1.8791241645813 1.17215475440025 0.869676768779755 0.725123271346092 0.732271492481232 0.749951988458633 0.832500725984573
-9999 -9999 -9999 -9999 -9999 -9999 -9999 -9999 -9999 -9999 -9999 -9999 -9999 -9999 -9999 -9999 -9999 -9999 -9999 12.3825688362122 14.4426827430725 9.42248439788818 4.57696437835693 4.02866470813751 3.90894091129303 3.19179224967957 3.9126945734024 1.70940667390823 1.5945480465889 1.64885401725769 1.60320067405701 1.63348495960236 1.73092943429947 1.55471402406693 1.50692617893219 1.76355743408203 3.94288408756256 4.63364839553833 4.60204875469208 2.95566076040268 2.47770971059799 2.21774625778198 2.09868228435516 2.19430124759674 2.50188517570496 2.83332073688507 1.959204018116 1.7678325176239 2.14315205812454 2.21286982297897 1.5160236954689 1.69869375228882 2.00568383932114 2.09197354316711 1.98930376768112 1.48432123661041 1.01079073548317 0.988330543041229 0.85571551322937 0.83115828037262 0.802763253450394 0.674224510788918
-9999 -9999 -9999 -9999 -9999 -9999 -9999 -9999 -9999 -9999 -9999 -9999 -9999 -9999 -9999 -9999 -9999 -9999 28.1787672042847 21.6787347793579 11.5386571884155 9.38470244407654 4.59826505184174 3.57943868637085 3.61993360519409 3.30121421813965 3.59219920635223 1.90151542425156 1.46120327711105 1.40266272425652 1.37408924102783 1.43338796496391 1.64786320924759 1.74500405788422 1.9103541970253 3.39929866790771 4.80278635025024 4.13386201858521 3.1205849647522 2.76349049806595 2.28732079267502 2.08376169204712 1.9049745798111 2.03610974550247 2.27759474515915 2.15099841356277 1.93827366828918 1.96667701005936 2.24783849716187 1.85017043352127 1.12030577659607 0.987818241119385 0.800576984882355 0.799573481082916 0.778829276561737 0.690889477729797 0.717701241374016 0.853326022624969 1.05809247493744 1.01079073548317 0.733947739005089 0.699699729681015
-9999 -9999 -9999 -9999 -9999 -9999 -9999 -9999 -9999 -9999 -9999 -9999 -9999 -9999 -9999 -9999 -9999 30.81128363251 46.8421068191528 37.173285484314 15.819326877594 11.047712802887 9.79840350151062 4.69044971466064 3.42016589641571 3.14236128330231 3.0510059595108 1.79125499725342 1.65984749794006 1.82255172729492 1.7251170873642 1.84065592288971 1.8473789691925 1.9422202706337 2.34213227033615 2.47741717100143 2.56783497333527 3.90357220172882 4.78030729293823 2.55220055580139 1.90174645185471 1.78423351049423 1.74899858236313 1.75001853704453 2.09625971317291 2.00715225934982 1.27560979127884 1.29460653662682 1.22780022025108 0.909519731998444 0.67723873257637 0.620012238621712 0.554547742009163 0.519511520862579 0.500945270061493 0.531183734536171 0.707904741168022 0.627002254128456 0.666169479489326 0.815056532621384 0.892674028873444 0.880995780229568
-9999 -9999 -9999 -9999 -9999 -9999 -9999 -9999 -9999 -9999 -9999 -9999 -9999 -9999 -9999 -9999 -9999 -9999 -9999 18.5118551254272 21.1197237968445 8.85601472854614 6.66498327255249 4.90766716003418 5.45263338088989 4.08606827259064 3.92779505252838 2.59736108779907 2.00295746326447 2.18000167608261 2.11668223142624 2.37713098526001 2.60865604877472 2.83605229854584 3.16845667362213 3.78105211257935 3.39390814304352 2.4322589635849 2.16126608848572 1.33083602786064 1.54083216190338 1.63763022422791 1.74459528923035 2.17536896467209 1.59338772296906 1.64187455177307 1.10295751690865 1.02468377351761 1.00083974003792 0.849513709545135 0.733155012130737 0.623684272170067 0.575634732842445 0.53813624382019 0.547671765089035 0.553871244192123 1.19401574134827 0.94902902841568 0.771974980831146 0.872616022825241 1.04001528024673 0.966318011283875
-9999 -9999 -9999 -9999 -9999 -9999 -9999 -9999 -9999 -9999 -9999 -9999 -9999 -9999 -9999 16.6422048807144 3.39682424068451 2.9937060624361 42.3287143707275 39.995979309082 15.4826602935791 9.30588555335999 4.42976689338684 5.19101929664612 3.60763657093048 5.63949608802795 4.28118896484375 2.21512341499329 2.56516653299332 2.48021167516708 3.02609860897064 3.67591953277588 4.52550745010376 6.07308840751648 5.82367193698883 5.88530838489532 4.32461178302765 2.25280344486237 1.28426098823547 1.2009194791317 1.20288446545601 1.38948225975037 1.62132149934769 1.55192631483078 1.42314523458481 1.59327757358551 1.1562112569809 1.0465222299099 1.03370323777199 1.05173099040985 1.02267524600029 0.792910516262054 0.617445766925812 0.56002351641655 0.572516977787018 0.803798228502274 0.748115256428719 1.00717502832413 1.41614475846291 1.5084764957428 1.30318799614906 1.19535970687866
-9999 -9999 -9999 -9999 -9999 -9999 -9999 -9999 -9999 -9999 35.2986888885498 35.2986888885498 13.7248649597168 24.39581823349 30.9839520454407 55.8283767700195 23.1456501483917 35.6731195449829 26.8929662704468 32.2967977523804 24.4683523178101 21.9727077484131 12.2073841094971 10.0981178283691 6.91715383529663 6.96712374687195 8.83720636367798 6.93466401100159 6.76624131202698 4.09980690479279 5.89655041694641 5.44140672683716 6.61339616775513 7.53090691566467 4.26003456115723 3.06650340557098 3.20579409599304 1.89327371120453 1.27103251218796 1.1455560028553 1.16929802298546 1.2690412402153 1.41346952319145 1.41056773066521 1.40328374505043 1.2694079875946 1.27463471889496 1.23437252640724 1.16688671708107 1.23083925247192 1.75824898481369 1.29849225282669 0.911532014608383 0.614366233348846 0.537350982427597 0.54635551571846 0.55842599272728 0.705189004540443 1.05139571428299 1.1809050142765 1.17950624227524 1.22484228014946
-9999 -9999 -9999 -9999 -9999 -9999 -9999 -9999 -9999 -9999 35.2986888885498 7.35614152388139 7.75677967071533 14.2171940803528 23.7707862854004 36.4115982055664 32.8467724323273 6.94693764448166 4.0174732680368 6.80907252099779 23.8830027580261 21.2465758323669 10.6035261154175 16.1479768753052 15.3372359275818 11.6229572296143 11.7174932956696 7.48099637031555 5.29498136043549 8.61725449562073 5.50914072990417 3.98138093948364 3.76514232158661 3.59776425361633 2.69042104482651 2.15819996595383 1.95673727989197 1.76745146512985 1.48380678892136 1.42744427919388 1.39631322026253 1.2814072072506 1.24134904146194 1.21295320987701 1.12309724092484 1.14800772070885 1.25580078363419 1.13854345679283 0.981391489505768 1.11879900097847 1.45601177215576 1.28335279226303 0.817629039287567 0.645922511816025 0.606199488043785 0.647777259349823 0.686973765492439 0.769321471452713 0.893016010522842 1.35505199432373 1.38626173138618 1.08275029063225
-9999 -9999 -9999 -9999 -9999 -9999 -9999 -9999 -9999 -9999 -9999 -9999 3.64025934580918 12.0356884002686 17.8489880561829 4.5132804363966 -9999 -9999 -9999 -9999 -9999 -9999 69.1981430053711 28.0609931945801 14.1338896751404 9.00048494338989 5.99565160274506 6.16259837150574 10.3766691684723 7.821702003479 8.63770437240601 6.31490635871887 5.80332899093628 5.5908111333847 3.30449688434601 2.8487189412117 2.46805429458618 2.03931677341461 2.15201926231384 2.1684735417366 1.66988092660904 1.42906048893929 1.32334873080254 1.33451852202415 1.06990572810173 0.923135250806808 0.911621242761612 0.845286011695862 0.808931976556778 0.8541239798069 0.858339786529541 0.847868978977203 0.765643537044525 0.71883599460125 0.707485511898994 0.652689769864082 0.641918241977692 0.687864750623703 0.828785955905914 0.997446745634079 0.882210731506348 0.486776992678642
-9999 -9999 -9999 -9999 -9999 -9999 -9999 -9999 -9999 -9999 -9999 -9999 -9999 16.6274771690369 16.6274771690369 16.6274771690369 -9999 -9999 -9999 -9999 -9999 -9999 4.94490551948547 4.94490551948547 4.94490551948547 0.308659605681896 23.2821750640869 2.78763520717621 2.03229457139969 8.63781595230103 6.19481420516968 1.88295149803162 6.63846230506897 2.07868355512619 6.63793516159058 7.66532135009766 3.97744810581207 3.37783741950989 3.1754093170166 2.9508735537529 2.7260617017746 1.7160217165947 1.70484083890915 1.84858793020248 1.20546296238899 1.15570950508118 0.878039985895157 0.782479494810104 0.765750020742416 0.787157982587814 0.789148539304733 0.796258538961411 0.810499459505081 0.770642995834351 0.715652257204056 0.614202752709389 0.604326009750366 0.603635251522064 0.626879990100861 0.483008980751038 0.537825018167496 0.578615248203278
-9999 -9999 -9999 -9999 -9999 -9999 -9999 -9999 -9999 -9999 -9999 -9999 -9999 -9999 -9999 -9999 -9999 -9999 -9999 -9999 -9999 -9999 -9999 -9999 -9999 -9999 58.7923115321568 3.40568554401398 8.21608471870422 13.7839465141296 10.3322925567627 5.28799939155579 6.2628915309906 2.49692094326019 2.26620751619339 5.89155292510986 8.67333483695984 4.6726176738739 3.8011132478714 3.78320181369781 4.01885175704956 3.40039658546448 3.31095063686371 2.93218642473221 1.42495796084404 1.36088696122169 1.02693146467209 0.879529505968094 0.752591997385025 0.781138479709625 0.811397284269333 0.948052525520325 0.94726350903511 0.878718763589859 0.772664219141006 0.593118757009506 0.554618999361992 0.482041507959366 0.445522516965866 0.418865248560905 0.426552012562752 0.432191267609596
-9999 -9999 -9999 -9999 -9999 -9999 -9999 -9999 -9999 -9999 -9999 -9999 -9999 -9999 -9999 -9999 -9999 -9999 -9999 -9999 -9999 -9999 -9999 -9999 -9999 -9999 -9999 3.45476000959223 71.1535491943359 42.8995227813721 10.7856066226959 12.2969226837158 10.8449428081512 5.00618255138397 3.17382824420929 2.0412300825119 4.00075042247772 8.02884364128113 5.25145196914673 4.38676357269287 6.51391696929932 7.6393461227417 4.46058583259583 2.87237030267715 1.64980727434158 1.13805601000786 0.974059492349625 0.897958517074585 0.92625904083252 1.03668451309204 1.08418571949005 1.10377952456474 0.963803976774216 0.728732988238335 0.688878759741783 0.534031480550766 0.413498237729073 0.396739482879639 0.415729478001595 0.389921978116035 0.405749246478081 0.427772998809814
