EcologicalScience/Bass/data/rs_data_bass/chl_100.asc
NCOLS 226 
NROWS 124 
XLLCORNER -9.41648524995501 
YLLCORNER 47.587301625531 
CELLSIZE 0.0833 
NODATA_value -9999 
[rows 54 to 80 of 124, columns 0 to 61 of 226]
-9999 -9999 -9999 -9999 -9999 -9999 -9999 -9999 -9999 -9999 -9999 -9999 -9999 -9999 -9999 -9999 -9999 -9999 -9999 -9999 -9999 -9999 -9999 -9999 -9999 -9999 -9999 -9999 -9999 -9999 -9999 -9999 -9999 -9999 -9999 -9999 -9999 -9999 4.51924519947326 2.84526078568565 2.69751982585244 2.21116358041763 1.91300332546234 1.76944041252136 1.84970551729202 1.28160625696182 1.51163774728775 1.43184113502502 1.20793703198433 1.29243370890617 1.66598331928253 1.58564096689224 1.73419654369354 1.90970242023468 2.24333095550537 2.33447027206421 2.61983621120453 2.35075467824936 -9999 0.607058599591255 0.62790758907795 0.961962170574976
-9999 -9999 -9999 -9999 -9999 -9999 -9999 -9999 -9999 -9999 -9999 -9999 -9999 -9999 -9999 -9999 -9999 -9999 -9999 -9999 -9999 -9999 -9999 -9999 -9999 -9999 -9999 -9999 -9999 -9999 -9999 -9999 -9999 -9999 -9999 -9999 -9999 -9999 -9999 6.28649926185608 2.1782414317131 2.21934896707535 1.84452831745148 1.87947070598602 1.47296699881554 1.66329824924469 1.55073899030685 1.3765455186367 1.46633778512478 1.57698976993561 1.58675694465637 1.61483252048492 1.93483203649521 2.21204996109009 2.37095707654953 2.39096993207932 2.52876688752856 -9999 -9999 -9999 -9999 -9999
-9999 -9999 -9999 -9999 -9999 -9999 -9999 -9999 -9999 -9999 -9999 -9999 -9999 -9999 -9999 -9999 -9999 -9999 -9999 -9999 -9999 -9999 -9999 -9999 -9999 -9999 -9999 -9999 -9999 -9999 -9999 -9999 -9999 -9999 -9999 -9999 -9999 -9999 -9999 -9999 2.23909342288971 2.19528079032898 1.87121325731277 1.62530708312988 1.75035971403122 1.67106682062149 1.73214608430862 1.74867153167725 1.9335150718689 1.85526233911514 1.68236017227173 1.77664804458618 1.96404594182968 2.14643168449402 2.36389946937561 2.29842746257782 2.31202429533005 2.31343495845795 2.30817724764347 -9999 -9999 -9999
-9999 -9999 -9999 -9999 -9999 -9999 -9999 -9999 -9999 -9999 -9999 -9999 -9999 -9999 -9999 -9999 -9999 -9999 -9999 -9999 -9999 -9999 -9999 -9999 -9999 -9999 -9999 -9999 -9999 -9999 -9999 -9999 -9999 -9999 -9999 -9999 -9999 -9999 -9999 -9999 2.74131741890541 2.1721163392067 2.13247883319855 1.97376143932343 1.89021974802017 1.94309931993484 1.87791752815247 1.82910525798798 1.82831472158432 1.86275178194046 1.75080370903015 1.89047402143478 1.98422920703888 2.00308281183243 2.031210064888 2.2482944726944 1.94865828752518 2.21949076652527 2.16570487618446 1.79661885897319 4.07043748780301 -9999
-9999 -9999 -9999 -9999 -9999 -9999 -9999 -9999 -9999 -9999 -9999 -9999 -9999 -9999 -9999 -9999 -9999 -9999 -9999 -9999 -9999 -9999 -9999 -9999 -9999 -9999 -9999 -9999 -9999 -9999 -9999 -9999 -9999 -9999 -9999 -9999 -9999 -9999 -9999 -9999 -9999 2.36950653791428 2.26133698225021 2.19386404752731 2.0862734913826 2.0445728302002 1.99067169427872 1.88922303915024 1.9631250500679 1.98711150884628 1.80669003725052 1.87517470121384 2.12138700485229 2.15647727251053 2.05700397491455 2.14898782968521 2.29668372869492 2.15761417150497 2.77426594495773 1.73679220676422 1.89487731456757 -9999
-9999 -9999 -9999 -9999 -9999 -9999 -9999 -9999 -9999 -9999 -9999 -9999 -9999 -9999 -9999 -9999 -9999 -9999 -9999 -9999 -9999 -9999 -9999 -9999 -9999 -9999 -9999 -9999 -9999 -9999 -9999 -9999 -9999 -9999 -9999 -9999 -9999 -9999 -9999 -9999 -9999 2.34385281801224 2.23563891649246 2.25435143709183 2.23445320129395 2.08752518892288 2.05541843175888 1.83405303955078 1.92022955417633 2.05243724584579 2.11967843770981 2.07067430019379 2.08505094051361 2.13539779186249 2.1656391620636 2.22571349143982 2.18357044458389 2.59844446182251 3.19177215940812 -9999 -9999 -9999
-9999 -9999 -9999 -9999 -9999 -9999 -9999 -9999 -9999 -9999 -9999 -9999 -9999 -9999 -9999 -9999 -9999 -9999 -9999 -9999 -9999 -9999 -9999 -9999 -9999 -9999 -9999 -9999 -9999 -9999 -9999 -9999 -9999 -9999 -9999 -9999 -9999 -9999 -9999 -9999 2.10863542556763 2.08288872241974 2.07652723789215 2.07485693693161 2.0798077583313 1.95929700136185 1.80304723978043 1.7561377286911 1.92178720235825 1.97854346036911 2.04608398675919 2.07541126012802 2.09381997585297 1.72745387256145 1.76789778470993 1.82694095373154 2.12020397186279 -9999 -9999 2.70324495960684 1.55036999098957 1.68773584506091
-9999 -9999 -9999 -9999 -9999 -9999 -9999 -9999 -9999 -9999 -9999 -9999 -9999 -9999 -9999 -9999 -9999 -9999 -9999 -9999 -9999 -9999 -9999 -9999 -9999 -9999 -9999 -9999 -9999 -9999 -9999 -9999 -9999 -9999 -9999 -9999 -9999 -9999 -9999 2.18678033351898 2.08648717403412 1.99264794588089 1.97353273630142 1.98249524831772 1.88954544067383 1.74569696187973 1.73887574672699 1.77912229299545 1.81501507759094 1.83509176969528 1.88037443161011 1.99437528848648 1.7460697889328 1.63091620802879 1.64211818575859 1.56911156458013 2.07922500371933 1.85735017061234 1.7951602935791 1.72738283872604 1.78478926420212 1.68164473772049
-9999 -9999 -9999 -9999 -9999 -9999 -9999 -9999 -9999 -9999 -9999 -9999 -9999 -9999 -9999 -9999 -9999 -9999 -9999 -9999 -9999 -9999 -9999 -9999 -9999 -9999 -9999 -9999 -9999 -9999 -9999 -9999 -9999 -9999 -9999 -9999 -9999 -9999 -9999 1.97048181295395 2.00032353401184 1.90910857915878 1.91763603687286 1.84268617630005 1.74988943338394 1.69323366880417 1.78433400392532 1.74828082323074 1.74301421642303 1.4351392686367 1.47905775904655 1.64733892679214 1.68331503868103 1.85083043575287 1.93423902988434 2.08499425649643 2.11757427453995 1.80744981765747 1.8042066693306 1.92646193504333 1.94896423816681 1.76475369930267
-9999 -9999 -9999 -9999 -9999 -9999 -9999 -9999 -9999 -9999 -9999 -9999 -9999 -9999 -9999 -9999 -9999 -9999 -9999 -9999 -9999 -9999 -9999 -9999 -9999 -9999 -9999 -9999 -9999 -9999 -9999 -9999 -9999 -9999 -9999 -9999 -9999 -9999 2.46039229631424 2.30579477548599 2.00310158729553 1.91885483264923 1.78496700525284 1.65060371160507 1.5234015583992 1.76980125904083 1.79352825880051 1.84890156984329 1.23774882405996 1.3134780228138 1.56453895568848 1.63878893852234 1.85066467523575 2.0581950545311 2.01929104328156 2.11008232831955 1.69844698905945 1.69297581911087 1.71137541532516 1.75850933790207 1.69317376613617 1.79064452648163
-9999 -9999 -9999 -9999 -9999 -9999 -9999 -9999 -9999 -9999 -9999 -9999 -9999 -9999 -9999 -9999 -9999 -9999 -9999 -9999 -9999 -9999 -9999 -9999 -9999 -9999 -9999 -9999 -9999 -9999 -9999 -9999 -9999 -9999 -9999 -9999 -9999 -9999 2.18998432159424 2.2630763053894 2.07787656784058 1.84595328569412 1.73581427335739 1.50987893342972 1.50219529867172 1.672083735466 1.80127054452896 1.17811282475789 1.28272497653961 1.39882197976112 1.69550406932831 1.50558668375015 1.66190618276596 1.79239958524704 1.71388506889343 1.79688906669617 1.75055623054504 1.62481051683426 1.58766531944275 1.67091751098633 1.64514452219009 1.71730202436447
-9999 -9999 -9999 -9999 -9999 -9999 -9999 -9999 -9999 -9999 -9999 -9999 -9999 -9999 -9999 -9999 -9999 -9999 -9999 -9999 -9999 -9999 -9999 -9999 -9999 -9999 -9999 -9999 -9999 -9999 -9999 -9999 -9999 -9999 -9999 -9999 -9999 5.40581040198986 2.44382393360138 1.99551451206207 1.83827841281891 1.82587426900864 1.69297796487808 1.5784649848938 1.56414145231247 1.66210716962814 1.71134626865387 1.51491755247116 1.5782909989357 1.76822483539581 2.09618997573853 1.79601520299911 1.70018541812897 1.6427618265152 1.71309971809387 1.67291021347046 1.7058157324791 1.74070125818253 1.79046750068665 1.75101757049561 1.68880122900009 1.9565212726593
-9999 -9999 -9999 -9999 -9999 -9999 -9999 -9999 -9999 -9999 -9999 -9999 -9999 -9999 -9999 -9999 -9999 -9999 -9999 -9999 -9999 -9999 -9999 -9999 -9999 -9999 -9999 -9999 -9999 -9999 -9999 -9999 -9999 -9999 -9999 -9999 -9999 2.29641669988632 2.35586106777191 1.90194296836853 1.78190016746521 1.70506578683853 1.57756733894348 1.52133446931839 1.48532250523567 1.55684691667557 1.49298897385597 1.48153728246689 1.56419616937637 1.77718645334244 1.81338518857956 1.92598646879196 1.7641829252243 1.75334483385086 1.83427280187607 1.9068900346756 1.88479882478714 1.77124428749084 1.75157028436661 1.7297580242157 1.8228480219841 1.83978152275085
-9999 -9999 -9999 -9999 -9999 -9999 -9999 -9999 -9999 -9999 -9999 -9999 -9999 -9999 -9999 -9999 -9999 -9999 -9999 -9999 -9999 -9999 -9999 -9999 -9999 -9999 -9999 -9999 -9999 -9999 -9999 -9999 -9999 -9999 -9999 -9999 2.29760617017746 2.37071406841278 2.07636451721191 1.79719430208206 1.6525536775589 1.4779380261898 1.37269350886345 1.39105796813965 1.49899050593376 1.44230023026466 1.36520549654961 1.47672745585442 1.52575796842575 1.50274193286896 1.76950657367706 2.07031720876694 2.01087373495102 1.77492922544479 1.94588255882263 1.8194198012352 1.80926406383514 1.97711169719696 1.86441975831985 1.94645708799362 2.00285178422928 1.95214354991913
-9999 -9999 -9999 -9999 -9999 -9999 -9999 -9999 -9999 -9999 -9999 -9999 -9999 -9999 -9999 -9999 -9999 -9999 -9999 -9999 -9999 -9999 -9999 -9999 -9999 -9999 -9999 -9999 -9999 -9999 -9999 1.71427196264267 1.50512118231166 -9999 2.10493344068527 2.08676299452782 1.50539656877518 1.87573117017746 1.6784759759903 1.47346803545952 1.4551784992218 1.35622572898865 1.27712997794151 1.30286997556686 1.4896380007267 1.43956428766251 1.45580399036407 1.60192197561264 1.42798948287964 1.74121874570847 2.05421841144562 2.18252402544022 2.0024122595787 1.93802618980408 1.79647582769394 1.96388930082321 2.0379810333252 2.14338219165802 2.2723799943924 2.19625800848007 1.99828058481216 2.22103704724993
-9999 -9999 -9999 -9999 -9999 -9999 -9999 -9999 -9999 -9999 -9999 -9999 -9999 -9999 -9999 -9999 -9999 -9999 -9999 -9999 -9999 -9999 0.346259817481041 1.83522301912308 1.20490202307701 1.30053296685219 1.38969603180885 1.45766177773476 1.94710117578506 1.17122250795364 0.872102290391922 0.8763367831707 1.13736301660538 1.22406899929047 1.17776700854301 1.1042452454567 1.13621324300766 1.18432724475861 1.19036775827408 1.18140149116516 1.25499075651169 1.31312021613121 1.3955272436142 1.35803854465485 1.32213672995567 1.44792222976685 1.45914602279663 1.25861021876335 1.44397763907909 1.57089006900787 1.95235723257065 2.35244929790497 2.15919971466064 2.00782871246338 1.89843142032623 2.16463208198547 2.71236151456833 2.44571471214294 2.50587010383606 -9999 -9999 -9999
-9999 -9999 -9999 -9999 -9999 -9999 -9999 -9999 -9999 -9999 -9999 -9999 -9999 -9999 -9999 -9999 -9999 -9999 -9999 -9999 -9999 -9999 1.46828100085258 1.78822946548462 1.27083447575569 1.175248503685 1.04797196388245 0.982341706752777 0.809826761484146 0.814086735248566 0.721662729978561 0.747720748186111 0.946209043264389 0.961623787879944 0.893342971801758 0.89995801448822 0.958071023225784 1.17215698957443 1.25654321908951 1.14653778076172 0.983411282300949 1.35376051068306 1.37381476163864 1.34629726409912 1.33407372236252 1.40582102537155 1.74586200714111 1.8357555270195 1.83364570140839 1.87807649374008 1.81130772829056 1.98331654071808 2.34333819150925 2.31344175338745 2.25904250144958 -9999 -9999 -9999 -9999 -9999 -9999 -9999
-9999 -9999 -9999 -9999 -9999 -9999 -9999 -9999 -9999 -9999 -9999 -9999 -9999 -9999 -9999 -9999 -9999 -9999 -9999 1.05667082282404 1.63150100409985 1.74511867761612 1.15275076031685 0.97731077671051 0.767119467258453 0.846603780984879 0.785640031099319 0.718362763524055 0.658348515629768 0.576577484607697 0.631107017397881 0.656355008482933 0.695252269506454 0.79885196685791 0.814853221178055 0.837741762399673 0.845227539539337 0.924273043870926 0.944555997848511 0.714330017566681 0.814678490161896 0.889054268598557 1.36508703231812 1.28936478495598 1.34390625357628 1.50202345848083 2.01313197612762 1.97860658168793 2.13912892341614 2.2062411904335 2.22248321771622 -9999 -9999 -9999 -9999 -9999 -9999 -9999 -9999 -9999 -9999 -9999
-9999 -9999 -9999 -9999 -9999 -9999 -9999 -9999 -9999 -9999 -9999 -9999 -9999 -9999 -9999 -9999 -9999 2.06134133040905 1.11217634081841 1.71489375829697 1.61518657207489 1.47915977239609 0.857010751962662 0.801651030778885 0.791201233863831 0.729334518313408 0.69549223780632 0.648467257618904 0.585624754428864 0.585887253284454 0.626136749982834 0.638229757547379 0.691634997725487 0.768888026475906 0.799275755882263 0.815337002277374 0.852642774581909 0.90358579158783 0.775071769952774 0.752033293247223 0.743217259645462 0.797667741775513 0.848515510559082 1.32035851478577 1.43221727013588 1.77423977851868 1.95574504137039 2.30580818653107 2.38036346435547 2.05627791881561 2.09529524190085 -9999 -9999 -9999 -9999 -9999 -9999 -9999 -9999 -9999 -9999 -9999
-9999 -9999 -9999 -9999 -9999 -9999 -9999 -9999 -9999 -9999 -9999 -9999 -9999 -9999 0.810162037611008 0.856188744306564 0.78351679444313 1.17338728308678 0.782073765993118 0.979121267795563 1.23033821582794 0.952768474817276 1.83336371183395 0.931116789579391 0.77081698179245 0.628390520811081 0.604650020599365 0.588834017515182 0.532250985503197 0.542771235108376 0.562598258256912 0.633488237857819 0.688077002763748 0.745920762419701 0.760864466428757 0.803849995136261 0.71331524848938 0.757118761539459 0.737126246094704 0.739330232143402 0.725935012102127 0.753149509429932 0.793966740369797 1.10141815245152 1.69177955389023 1.9084694981575 2.01094043254852 2.11449444293976 2.17062377929688 2.05134451389313 1.82541382312775 1.95057892799377 -9999 -9999 -9999 -9999 -9999 -9999 -9999 -9999 -9999 -9999
-9999 -9999 -9999 -9999 -9999 -9999 -9999 -9999 -9999 -9999 -9999 1.54961485745477 0.978811472654343 0.884157031774521 0.826625972986221 0.893533498048782 0.63247874379158 0.638343751430511 0.58439701795578 0.643615499138832 0.748417496681213 0.670472234487534 0.629445746541023 1.9393635392189 1.58083298802376 0.394465506076813 0.534019500017166 0.524819254875183 0.680237263441086 0.559559985995293 0.599170491099358 0.710535764694214 0.865388989448547 0.892594456672668 0.820978492498398 0.809487015008926 0.679254770278931 0.711137250065804 0.69547726213932 0.66184575855732 0.688877083361149 0.743014991283417 0.912269979715347 1.04578498005867 1.67466831207275 1.7067945599556 1.65172576904297 1.78065150976181 1.86974251270294 2.02239292860031 2.08444046974182 -9999 -9999 -9999 -9999 -9999 3.85334452446117 3.23819726705551 2.88883262872696 2.43002933263779 5.02182281535605 -9999
-9999 -9999 -9999 -9999 -9999 -9999 -9999 -9999 -9999 1.02939643263817 1.6381377531932 0.836915999650955 0.923491537570953 0.809460014104843 0.631276488304138 0.589240506291389 0.568511992692947 0.519063770771027 0.513278245925903 0.509430751204491 0.605420261621475 0.629996985197067 0.542564257979393 0.403396502137184 0.50713424384594 1.13011851906776 0.566363230347633 0.607266739010811 0.499537512660027 0.577005743980408 0.469313263893127 0.853623479604721 0.556952252984047 0.552283510565758 0.676494732499123 0.661476016044617 0.653981253504753 0.648059248924255 0.626943483948708 0.630657747387886 0.683160483837128 0.749352738261223 1.10749277472496 1.21812602877617 1.41144749522209 1.68257474899292 1.70201843976974 2.08042055368423 2.00603181123734 2.10764104127884 2.15409976243973 2.32147425413132 2.45137506723404 3.40681930599005 1.88656176924705 2.06533229351044 2.27373415231705 2.06947267055511 2.17478477954865 2.3384798169136 2.41253024339676 -9999
-9999 -9999 -9999 -9999 -9999 1.00937561477934 1.01740436043058 0.830550760030746 0.931239724159241 0.76768496632576 0.784575015306473 0.701990246772766 0.608586743474007 0.689623519778252 0.568527013063431 0.613409265875816 0.585553497076035 0.470387980341911 0.511149734258652 0.492107257246971 0.53449273109436 0.57972726225853 0.399874493479729 0.466593012213707 0.680620864033699 0.747876763343811 0.770174026489258 0.549707248806953 0.556540489196777 0.56003925204277 0.579584240913391 0.603465735912323 0.641937017440796 0.684225752949715 0.85310885310173 0.6601432710886 0.636042729020119 0.632886245846748 0.612129241228104 0.645686268806458 0.607363153249025 0.714129561887068 0.873844689130783 1.28042659163475 1.57900267839432 1.64933104813099 1.43105328083038 1.46882700920105 2.13761624693871 1.78190320730209 2.06812351942062 2.12299132347107 2.2286211848259 2.03004223108292 2.00162476301193 2.03472751379013 2.09690630435944 2.10560327768326 2.51721829175949 2.64182621240616 2.76108455657959 2.54938840866089
-9999 -9999 -9999 -9999 -9999 0.688218757510185 0.635980501770973 0.607440769672394 0.570481494069099 0.534504756331444 0.558307483792305 0.55597423017025 0.563737481832504 0.520911008119583 0.524216249585152 0.509137496352196 0.468690007925034 0.519321754574776 0.512102231383324 0.549356997013092 0.48648601770401 0.451051488518715 0.451865985989571 0.45549975335598 0.47604900598526 0.482621267437935 0.574203729629517 0.60401026904583 0.63602851331234 0.624595507979393 0.644165262579918 1.05921751260757 0.672288000583649 0.651595517992973 0.940211623907089 0.83475598692894 0.68791875243187 0.74024473875761 0.64573441007558 0.641546876991496 0.687658488750458 0.696997493505478 0.871437120437622 1.02147207856178 1.32856800556183 1.55145560503006 1.26676797866821 1.36238023638725 1.38223949074745 1.52187520265579 1.96439248323441 2.03265899419785 1.9713442325592 1.92347466945648 1.98780155181885 2.20325177907944 2.28862649202347 2.33918327093124 2.34300523996353 2.4353511929512 2.50956523418427 2.7171111702919
-9999 -9999 -9999 -9999 -9999 0.543504729866982 0.52005073428154 0.530427753925323 0.511140748858452 0.510018736124039 0.521880000829697 0.525829508900642 0.515492230653763 0.519366770982742 0.485283762216568 0.473949730396271 0.467058017849922 0.48505724966526 0.470771268010139 0.4726672321558 0.486006751656532 0.502190262079239 0.456221982836723 0.483800232410431 0.492152228951454 0.52752149105072 0.581210240721703 0.675855740904808 0.714825019240379 0.702667504549026 0.684038266539574 1.07578575611115 1.05831548571587 1.05691522359848 0.900207526981831 0.69912863150239 0.765129379928112 0.671818698153776 0.640633508563042 0.640511244535446 0.674774989485741 0.69719173014164 0.701307758688927 0.752840995788574 0.772455006837845 1.41642227768898 1.713025867939 1.64181634783745 1.6575063765049 1.22108924388885 1.41422027349472 1.69350743293762 1.76861321926117 1.91842871904373 1.89780753850937 1.93662303686142 1.94594621658325 2.02809154987335 2.14873194694519 2.26870268583298 2.48901450634003 2.66207098960876
-9999 -9999 -9999 -9999 -9999 0.481151238083839 0.480158999562263 0.474548980593681 0.489795729517937 0.4843740016222 0.514645501971245 0.50629198551178 0.521850764751434 0.539871767163277 0.521093264222145 0.534217491745949 0.549131244421005 0.549954012036324 0.562986016273499 0.582612007856369 0.601034268736839 0.580415993928909 0.545589745044708 0.598633512854576 0.590434491634369 0.616692021489143 0.609848231077194 0.690275251865387 0.709317728877068 0.699850514531136 0.698457732796669 0.696435358375311 0.809526778757572 0.973225694149733 0.972553297877312 0.634698681971606 0.744228020310402 0.713975250720978 0.732384011149406 0.618255749344826 0.631007999181747 0.635196760296822 0.681897014379501 0.756349503993988 0.782790720462799 0.665655747056007 1.14828402400017 0.812273293733597 1.30430322885513 1.00063803792 1.11274123191833 1.40912622213364 1.46344721317291 1.49620422720909 1.56092405319214 1.81049931049347 1.98220127820969 2.07786673307419 2.08837205171585 2.16284626722336 2.4622694849968 2.80077892541885
-9999 -9999 -9999 -9999 -9999 0.525938987731934 0.538556233048439 0.548506513237953 0.539603993296623 0.577131003141403 0.578589007258415 0.536861255764961 0.502992734313011 0.553964272141457 0.573689997196198 0.578144252300262 0.642045736312866 0.632066264748573 0.633542239665985 0.650256738066673 0.641586005687714 0.643329754471779 0.633920252323151 0.632858231663704 0.671598762273788 0.662162259221077 0.677298009395599 0.697196245193481 0.909162014722824 0.893330991268158 0.658751238137484 0.667688447982073 0.701801050454378 1.2447686160312 1.09801121319042 0.883280597627163 0.716341066360474 0.690522730350494 0.70372948050499 0.676083728671074 0.660171747207642 0.663833990693092 0.648285001516342 0.648258000612259 0.735192731022835 0.737606272101402 0.751199215650558 0.78912153840065 0.817602753639221 0.85946398973465 1.42307737469673 0.926038533449173 1.27704003453255 1.51048117876053 1.92651003599167 2.2551217675209 2.19330382347107 2.25757420063019 2.24690169095993 2.20596671104431 2.88133728504181 3.29297912120819
