EcologicalScience/Bass/data/rs_data_bass/chl_432.asc
NCOLS 226 
NROWS 124 
XLLCORNER -9.41648524995501 
YLLCORNER 47.587301625531 
CELLSIZE 0.0833 
NODATA_value -9999 
[rows 54 to 80 of 124, columns 124 to 185 of 226]
3.65261793136597 3.34065532684326 3.12715816497803 3.04780161380768 2.85184121131897 2.74600046873093 2.91786551475525 1.78339648246765 1.90451216697693 1.98047178983688 2.342205286026 2.61536502838135 2.88999447226524 3.72358721494675 4.44854763150215 4.66303879022598 5.14223402738571 5.56788378953934 3.86986291408539 4.24936723709106 2.73893630504608 2.16840666532516 4.04788273572922 2.86246320605278 2.56130862236023 3.38017076253891 1.65505582094193 1.70289444923401 1.90167528390884 1.8938752412796 2.19659632444382 2.11495953798294 4.8242055773735 2.32585573196411 4.6751925945282 13.757839679718 5.99061816930771 5.72712135314941 12.195502281189 5.36961632966995 4.5434113740921 4.06749826669693 4.1854133605957 3.47660359740257 3.7015694975853 1.52955758571625 2.36489099264145 1.96082782745361 8.37072944641113 7.47716724872589 8.13070678710938 9.81699347496033 10.0547113418579 12.4775748252869 7.9327700138092 10.8315643072128 13.95525598526 7.23980222429548 9.65941767259078 8.66275370416562 -9999 -9999
4.07847797870636 3.84564983844757 3.60318624973297 3.32138592004776 3.20897203683853 3.22283351421356 3.15612691640854 3.29647332429886 2.33612906932831 1.95894074440002 2.87714552879333 2.81426995992661 3.50423580408096 3.59382677078247 3.97601741552353 3.91060316562653 3.69182074069977 4.25334924459457 4.38068354129791 4.75441324710846 1.4069219827652 1.46395799517632 1.64256227016449 1.64283066987991 1.72497296333313 4.67100781202316 4.25553828477859 1.68048745393753 1.97653126716614 1.97693771123886 1.82408255338669 2.04401171207428 2.44494527578354 4.56451284885406 17.1711330413818 19.1902842521667 14.1314706802368 6.72431695461273 12.4268617630005 9.13709163665771 4.04975473880768 3.98993360996246 3.59917205572128 3.39639446139336 4.4373172223568 6.08599716424942 8.8879753947258 3.55982637405396 11.4135217666626 10.1588637828827 9.83470022678375 12.8136749267578 10.6871271133423 10.0763418674469 6.0572475876127 6.26232433319092 10.5720698833466 -9999 -9999 -9999 -9999 -9999
3.97156131267548 4.18642926216125 3.54641079902649 3.38768494129181 3.20179760456085 2.94111752510071 3.15518623590469 1.24521151185036 1.29055121541023 1.55975031852722 2.9451345205307 4.20332908630371 10.3483157157898 8.39698719978333 6.93690276145935 5.23991632461548 4.35489821434021 3.96903911232948 4.02899390459061 4.23460882902145 4.03348642587662 3.47360283136368 1.89772582054138 1.84871023893356 2.2880437374115 1.77091419696808 1.82880145311356 1.46560120582581 1.46280974149704 1.71518558263779 2.42907071113586 3.23962783813477 10.5952577590942 26.8056192398071 28.3038167953491 18.0249466896057 14.0946950912476 5.88881886005402 5.20686274766922 4.64092808961868 3.66465818881989 3.47986087203026 4.21639466285706 5.95578646659851 7.44177031517029 8.61695158481598 9.53874778747559 2.94885646104813 9.67936849594116 8.42871856689453 8.66238784790039 12.5089983940125 34.0053598880768 6.39507728815079 -9999 -9999 -9999 -9999 -9999 -9999 -9999 -9999
1.65588819980621 4.03190672397614 4.13230693340302 3.92680490016937 3.69469583034515 3.38445889949799 3.05391621589661 1.33003798127174 1.82496517896652 2.36984467506409 4.92809915542603 6.3651909828186 7.40535449981689 6.45251083374023 5.90708792209625 4.63362228870392 4.21314454078674 3.47696471214294 4.23465040326118 4.25498235225677 4.15454775094986 4.59249436855316 4.65764701366425 3.72480583190918 4.39691090583801 3.92691600322723 2.91955196857452 1.65198522806168 1.52985745668411 6.84819424152374 10.711038351059 18.6195216178894 16.9622311592102 18.4580125808716 19.0846610069275 17.9643974304199 17.3203682899475 10.4916050434113 4.19469827413559 3.93248391151428 1.79552775621414 0.90274652838707 4.13409608602524 5.70791745185852 7.26357793807983 8.21424543857574 13.0266542434692 22.5228581007789 6.79352188110352 6.13346457481384 11.930383682251 12.9768304824829 21.3847990036011 9.11292643547058 -9999 -9999 -9999 -9999 -9999 -9999 -9999 -9999
2.93773877620697 3.40376758575439 4.87574625015259 4.91872668266296 4.61734783649445 4.33994686603546 1.93538403511047 1.88878870010376 2.51603472232819 4.1280083656311 3.16614890098572 5.05700469017029 6.7065532207489 4.90492272377014 4.25548410415649 4.24323892593384 3.72531616687775 3.09898281097412 3.12475490570068 3.45991051197052 7.36706399917603 6.25930738449097 7.4520742893219 19.3117733001709 7.34974193572998 6.63002890348434 7.20535469055176 7.73446404933929 7.77541851997375 8.83449983596802 10.015923500061 18.1343822479248 20.6452617645264 22.7272353172302 17.1057286262512 14.4675364494324 11.0108971595764 4.65752568840981 3.77781075239182 3.14152085781097 2.7463350892067 0.970663458108902 1.65531975030899 6.07966142892838 8.24128174781799 8.08472263813019 12.7297472953796 31.710785150528 9.45530319213867 8.60859775543213 7.6133143901825 29.3569593429565 51.4031038284302 -9999 -9999 -9999 -9999 -9999 -9999 -9999 -9999 -9999
29.5657437537846 10.2841401100159 6.34239792823792 6.00821709632874 6.19087171554565 7.31983017921448 1.94525992870331 1.62361282110214 2.23770153522491 2.56235253810883 3.10254299640656 5.15468537807465 6.73001003265381 8.22992277145386 6.64603972434998 4.94312417507172 2.39206498861313 2.77711880207062 3.50035357475281 3.57688415050507 4.08307707309723 19.8116583824158 19.6229281425476 20.2610464096069 12.6847386360168 11.6451115608215 16.343430519104 8.51536345481873 8.19554400444031 8.1908894777298 8.56195950508118 8.85356962680817 7.69616317749023 7.09345614910126 5.80121004581451 14.2478485107422 4.47667318582535 5.63824653625488 4.52469670772552 3.38182353973389 3.38629227876663 3.99770450592041 5.6454364657402 7.38843995332718 16.5208058357239 -9999 25.0611415276161 26.5113937854767 31.5904612541199 12.6418486833572 14.9976625442505 29.8766965866089 58.5657606124878 47.8633769989014 -9999 -9999 -9999 -9999 -9999 -9999 -9999 -9999
-9999 -9999 -9999 -9999 -9999 2.28387522697449 2.17473971843719 2.19663906097412 1.90124255418777 2.23504275083542 3.59585094451904 4.16214609146118 4.0339869260788 4.09024429321289 3.98391687870026 2.4451664686203 1.89470779895782 1.84909343719482 2.80127173662186 4.88067162036896 8.25618982315063 9.87436509132385 11.200154542923 14.3730297088623 13.4633345603943 12.0797381401062 14.0237159729004 7.86369252204895 8.21017563343048 7.56184387207031 7.19821178913116 6.6882358789444 6.10310572385788 5.67526763677597 5.08847522735596 3.98126319050789 4.17984572052956 4.16183853149414 4.21981251239777 4.16487801074982 5.89632278680801 6.10349643230438 7.6391789317131 11.9718611240387 23.6170172691345 11.5833265931861 -9999 -9999 -9999 -9999 13.9698858261108 19.5220050811768 47.8754739761353 70.9341762118869 -9999 -9999 -9999 -9999 -9999 -9999 -9999 -9999
-9999 -9999 -9999 -9999 -9999 -9999 -9999 -9999 5.6682296593984 2.32603883743286 2.30316227674484 2.65449446439743 2.67288368940353 2.72587341070175 3.47707486152649 2.05367767810822 1.28997820615768 1.50015377998352 2.60568076372147 4.82946217060089 10.700413942337 9.73264145851135 7.94995522499084 8.30621981620789 7.90705990791321 13.289402961731 17.9617509841919 7.83555632829666 7.80256712436676 6.16686004400253 5.87942916154861 5.37284803390503 5.25361686944962 5.05329179763794 4.79357689619064 4.79413390159607 5.02824211120605 5.34323197603226 5.64656746387482 5.83664399385452 6.72475361824036 6.53154623508453 9.17715382575989 15.591982126236 22.6892332434654 29.0682649612427 -9999 -9999 -9999 -9999 17.548882484436 18.5753538608551 33.643700838089 34.6131134033203 28.8392486572266 23.6101679801941 -9999 -9999 -9999 -9999 -9999 -9999
-9999 -9999 -9999 -9999 -9999 -9999 -9999 -9999 -9999 -9999 2.81812119483948 2.8409925699234 2.92772930860519 3.06379723548889 3.33907949924469 3.03050458431244 1.41110846400261 1.19024929404259 1.94392418861389 3.42136359214783 9.62754964828491 10.3496038913727 8.28602743148804 7.52486658096313 6.0764536857605 6.74677777290344 6.13356184959412 7.76515978574753 7.37007343769073 5.14225566387177 5.21214598417282 5.06209373474121 5.0782105922699 5.20060175657272 6.18215918540955 6.57542681694031 6.19905710220337 6.13143110275269 7.48146003484726 11.507453083992 14.712610244751 13.7462178468704 16.7128872871399 30.1731705665588 10.7184993485803 -9999 -9999 -9999 -9999 -9999 -9999 -9999 8.94170833869678 14.4328801631927 15.2466448545456 17.5038152933121 10.8786277770996 -9999 -9999 -9999 -9999 -9999
-9999 -9999 -9999 -9999 -9999 -9999 -9999 -9999 -9999 4.3704868555069 2.92052257061005 2.861547768116 2.94857400655746 2.92359083890915 2.65500980615616 2.05264574289322 2.0202112197876 1.04761800169945 1.61414104700089 9.94034171104431 12.2083511352539 9.64938569068909 9.92656517028809 12.6092276573181 8.71386623382568 6.97893333435059 5.65197229385376 5.300213098526 6.79724943637848 5.52266335487366 5.37529420852661 5.71586698293686 5.44259315729141 5.80154746770859 6.93155121803284 6.84662675857544 7.60011899471283 8.63905727863312 12.347040116787 17.1978308558464 17.4197403788567 13.316889166832 22.8929951190948 17.595251083374 13.4684183915842 33.0447750091553 -9999 -9999 -9999 13.6249168395996 19.5965105295181 19.3743088245392 18.3879489898682 20.8389301300049 15.0577733516693 14.3502745628357 14.4325670312952 -9999 -9999 -9999 -9999 -9999
-9999 -9999 -9999 -9999 -9999 -9999 -9999 -9999 -9999 -9999 2.84289443492889 2.82792592048645 2.97740095853806 2.77705192565918 1.51698231697083 1.61958521604538 2.09195691347122 2.68844854831696 4.08992314338684 8.9368793964386 10.3262021541595 14.5393109321594 13.4125742912292 11.2615592479706 8.90194344520569 6.14793920516968 5.08776676654816 6.01494598388672 6.96763873100281 6.64400124549866 6.65850055217743 6.1406546831131 6.53982067108154 7.02469146251678 7.90840780735016 8.42788410186768 10.066436290741 12.2305401563644 12.8700023889542 13.7532123327255 13.1818996667862 20.5491714477539 40.2699751853943 13.8851305246353 7.62232326708951 -9999 -9999 -9999 -9999 -9999 13.3179456392924 42.4518406391144 24.4508843421936 24.0514948368073 18.2701681852341 -9999 -9999 -9999 -9999 -9999 -9999 -9999
-9999 -9999 -9999 -9999 -9999 -9999 -9999 -9999 -9999 3.67937564849854 2.85623931884766 2.79638403654099 2.67535042762756 1.95986616611481 6.88605308532715 8.25672340393066 6.76622414588928 9.6113383769989 10.7536132335663 9.28469681739807 8.58396935462952 10.7633736133575 10.5900378227234 5.71979713439941 4.87270724773407 4.14783239364624 4.79282104969025 6.21634197235107 6.13820385932922 6.0396945476532 7.02924656867981 7.8589940071106 7.45731461048126 6.86033391952515 7.50771903991699 8.67223513126373 10.8876439332962 12.1696663498878 11.4697676897049 16.0239858627319 14.6315749883652 21.8987460136414 34.159140586853 6.43585955517963 3.86466658115387 -9999 -9999 -9999 -9999 -9999 12.7357826828957 25.1875927448273 27.6282424926758 23.9102192253902 -9999 -9999 -9999 -9999 -9999 -9999 -9999 -9999
-9999 -9999 -9999 -9999 -9999 -9999 -9999 -9999 -9999 3.24177360534668 3.05075240135193 2.99622291326523 2.91873979568481 2.21579700708389 9.7784435749054 9.87817096710205 11.6085705757141 9.33013343811035 8.60657787322998 10.2308135032654 7.32942366600037 5.58935236930847 4.98704695701599 3.77929794788361 3.37726664543152 3.72605538368225 4.88155138492584 6.61655759811401 8.79386687278748 9.70922183990479 10.4620649814606 9.20016324520111 8.3952534198761 8.06333827972412 9.70587301254272 8.85438930988312 10.1039975881577 2.61237680912018 2.59278756380081 17.5638166666031 20.9750003814697 30.7928423881531 35.6369724273682 8.24009486946088 3.86466693878174 -9999 -9999 -9999 -9999 12.1949715614319 -9999 -9999 -9999 -9999 -9999 -9999 -9999 -9999 -9999 -9999 -9999 -9999
-9999 -9999 -9999 -9999 -9999 -9999 -9999 -9999 -9999 4.229363322258 3.73719584941864 4.46568667888641 6.1799783706665 14.2046856880188 29.3323745727539 22.2954068183899 24.7064409255981 15.7421307563782 7.36367583274841 6.74108719825745 3.89533495903015 3.9990599155426 4.25425565242767 2.79218173027039 2.68599897623062 3.75511264801025 4.88313746452332 8.79818058013916 9.50975346565247 10.3157415390015 13.6589841842651 10.1993969678879 9.03446567058563 9.11013543605804 11.0623337030411 11.0946745276451 10.0404345989227 10.3005023002625 3.5562915802002 4.9298061132431 21.643785238266 21.4298930168152 8.79673993124891 -9999 -9999 -9999 -9999 -9999 -9999 -9999 -9999 -9999 -9999 -9999 -9999 -9999 -9999 -9999 -9999 -9999 -9999 -9999
-9999 -9999 -9999 -9999 -9999 -9999 -9999 -9999 12.9151723316738 5.64843702316284 10.5250160694122 21.3964405059814 18.0845546722412 34.4069995880127 43.4544467926025 30.7227716445923 25.2808284759521 11.5510010719299 5.13673639297485 4.0354710817337 4.15803158283234 4.21173369884491 2.30146569013596 2.35840576887131 2.63299280405045 3.38373363018036 4.23094868659973 8.24497354030609 4.29465079307556 10.2651264667511 11.0553356409073 11.6895525455475 13.4182940125465 11.9556500315666 12.3427442908287 11.945754468441 13.0756743550301 14.5305426120758 18.654550909996 23.173433303833 22.7517852783203 9.96670484151997 14.4240433336741 -9999 -9999 -9999 -9999 -9999 -9999 -9999 -9999 -9999 -9999 -9999 -9999 -9999 -9999 -9999 -9999 -9999 -9999 -9999
-9999 -9999 -9999 -9999 -9999 -9999 -9999 3.28386068344116 3.84701287746429 7.35951578617096 28.5871067047119 27.1258535385132 16.9086599349976 30.0581760406494 22.4390873908997 16.6460781097412 13.4544625282288 10.714278459549 4.22981250286102 3.77706813812256 3.80877757072449 3.72406339645386 2.55288970470428 2.28208351135254 4.97459238767624 6.06642714142799 7.415267765522 4.99949848651886 4.54622161388397 14.3901094794273 17.0717180371284 15.2956519424915 11.5146908462048 11.670902967453 12.8594689965248 13.7873100042343 15.5495785474777 20.6187568902969 21.4695303440094 21.0857906341553 21.0129401515988 5.69786846637726 3.25656187534332 -9999 -9999 -9999 -9999 -9999 -9999 -9999 -9999 -9999 -9999 -9999 -9999 -9999 -9999 -9999 -9999 -9999 -9999 -9999
-9999 -9999 -9999 -9999 -9999 -9999 4.12835575984074 11.6908397912979 9.23463976383209 9.68910908699036 10.7129634618759 7.86937057971954 21.1153421401978 21.2615003585815 12.3176207542419 6.27098107337952 5.28198158740997 6.02612471580505 5.41793310642242 4.66849064826965 4.16592013835907 3.96114599704742 2.86884677410126 4.89956331253052 5.19575777649879 6.80419903993607 7.78331181406975 8.48076474666595 10.9721483588219 12.8519225120544 13.5601253807545 16.3603602647781 24.324912071228 7.00646889209747 9.24755126237869 10.4358111619949 10.3748459815979 10.895094037056 9.6926121711731 -9999 -9999 -9999 -9999 -9999 -9999 -9999 -9999 -9999 -9999 -9999 -9999 -9999 -9999 -9999 -9999 -9999 -9999 -9999 -9999 -9999 -9999 -9999
-9999 -9999 -9999 -9999 15.0345903635025 13.3849609136581 11.7656096220016 11.5535854101181 11.4502701759338 8.60554379224777 7.72524476051331 7.31334185600281 10.9262473583221 7.01196241378784 7.10498714447021 3.59135770797729 1.98863106966019 2.90542656183243 3.69154107570648 3.18987607955933 3.72652566432953 2.98352247476578 3.88379546999931 1.62232357263565 4.93881368637085 7.51172634959221 8.7105128467083 9.07001093029976 8.83637702465057 8.93870481848717 10.0999138355255 16.6004281640053 21.8160184621811 7.78289169073105 10.1853150129318 7.12180280685425 6.81842565536499 5.38446429528688 -9999 -9999 -9999 -9999 -9999 -9999 -9999 -9999 -9999 -9999 -9999 -9999 -9999 -9999 -9999 -9999 -9999 -9999 -9999 -9999 -9999 -9999 -9999 -9999
-9999 -9999 -9999 -9999 12.8804518461227 11.8777373313904 9.98020601272583 8.76178193092346 8.27766019105911 7.52630066871643 6.90720337629318 12.0172276496887 3.28203392028809 2.90232074260712 2.64998692274094 1.83839625120163 1.72783952951431 2.20668983459473 2.60308116674423 2.69289833307266 3.36590158939362 2.67210155725479 2.62508708238602 3.6035820543766 4.96940445899963 2.34337198734283 2.34002619981766 1.94310683012009 9.07370075583458 14.8515357077122 25.1723821163177 25.0475399494171 32.2853758335114 9.76971292495728 8.79809522628784 8.67477226257324 7.3753981590271 -9999 -9999 -9999 -9999 -9999 -9999 -9999 -9999 -9999 -9999 -9999 -9999 -9999 -9999 -9999 -9999 -9999 -9999 -9999 -9999 -9999 -9999 -9999 -9999 -9999
-9999 61.6791528776371 16.918688425651 12.5216440200806 13.1037742853165 9.71785390377045 9.25526869297028 8.23867607116699 7.12045741081238 5.95658129453659 5.45927649736404 5.59353750944138 0.710065484046936 0.502220258116722 4.82788217067719 2.4614542722702 2.12233883142471 2.55770248174667 2.67086917161942 3.06681132316589 3.13947665691376 2.39284658432007 2.41878443956375 2.52996826171875 2.77251666784286 2.49488174915314 1.96979176998138 2.05856555700302 11.8685000538826 32.510173201561 35.0578640699387 10.9785008430481 13.9058814048767 10.6796295046806 8.29163176672799 31.334637857498 -9999 -9999 -9999 -9999 -9999 -9999 -9999 -9999 -9999 -9999 -9999 -9999 -9999 -9999 -9999 -9999 -9999 -9999 -9999 -9999 -9999 -9999 -9999 -9999 -9999 -9999
3.48732334375381 11.5547374028426 11.5352547764778 10.0723750591278 9.25187194347382 8.80515968799591 8.17459487915039 8.31545948982239 11.6155471801758 6.84236687421799 6.40497350692749 5.74258160591125 0.714150756597519 5.57529509067535 4.18357944488525 2.61866104602814 1.71984225511551 1.40849921107292 2.59502470493317 4.55338132381439 3.21340334415436 2.76246750354767 2.61559724807739 2.66361379623413 8.07402795553207 11.2121579647064 11.5538892745972 19.1171967387199 30.3092479705811 30.9736597537994 34.0553880929947 14.3017592430115 15.4367251396179 -9999 -9999 -9999 -9999 -9999 -9999 -9999 -9999 -9999 -9999 -9999 -9999 -9999 -9999 -9999 -9999 -9999 -9999 -9999 -9999 -9999 -9999 -9999 -9999 -9999 -9999 -9999 -9999 -9999
3.71972480416298 11.3212341070175 7.78006017208099 7.43159306049347 8.60798835754395 8.67870032787323 8.12214374542236 7.57798862457275 6.79221493005753 5.78316271305084 5.23851209878922 6.20511227846146 4.74241626262665 4.92258667945862 2.94282531738281 2.70229804515839 1.99236595630646 2.63757973909378 3.70020139217377 3.35426008701324 2.68834358453751 2.21073228120804 1.66091841459274 1.41462752223015 2.24610221385956 2.86427628993988 5.26996636390686 5.81521260738373 11.323441028595 13.0706558227539 13.4790034294128 16.833279132843 17.0866749286652 7.43106047809124 8.28539407253265 8.05076129147501 -9999 -9999 -9999 -9999 -9999 -9999 -9999 -9999 -9999 -9999 -9999 -9999 -9999 -9999 -9999 -9999 -9999 -9999 -9999 -9999 -9999 -9999 -9999 -9999 -9999 -9999
10.4300556182861 7.69018292427063 7.25003850460052 6.22406566143036 6.67768836021423 10.6776373386383 7.5553879737854 2.95215743780136 3.08594691753387 4.90715324878693 3.99488317966461 7.45305132865906 12.6859560012817 6.97988677024841 4.6389262676239 2.90462851524353 2.64468902349472 2.78351247310638 2.94607347249985 2.40832883119583 1.48863753676414 1.48135122656822 1.71548098325729 1.94111698865891 2.67682492733002 3.01272368431091 3.75901579856873 6.64610195159912 6.14933037757874 13.7122943401337 12.1549381061034 -9999 -9999 -9999 -9999 -9999 -9999 -9999 -9999 -9999 -9999 -9999 -9999 -9999 -9999 -9999 -9999 -9999 -9999 -9999 -9999 -9999 -9999 -9999 -9999 -9999 -9999 -9999 -9999 -9999 -9999 -9999
18.4003118276596 13.9169633388519 15.3460774421692 12.4678070545197 19.8179440498352 12.4555850028992 11.2479000091553 7.63716530799866 10.6012709140778 8.60698127746582 5.75035715103149 13.9171686172485 6.30907702445984 3.69264900684357 2.94641768932343 2.45621395111084 2.82354229688644 2.52492678165436 2.08726501464844 2.33781069517136 1.30014002323151 1.72279733419418 1.89942526817322 2.02762573957443 3.32597243785858 4.72357141971588 5.87505984306335 6.36008906364441 10.363532781601 11.7536287307739 12.8220952749252 7.21101158112288 -9999 -9999 -9999 -9999 -9999 -9999 28.8092643664433 12.6942715644836 -9999 -9999 -9999 -9999 -9999 -9999 -9999 -9999 -9999 -9999 -9999 -9999 -9999 -9999 -9999 -9999 -9999 -9999 -9999 -9999 -9999 -9999
7.48759031295776 14.2352517843246 29.7187967300415 29.0256032943726 10.2198887893132 12.4836475253105 12.0970438718796 16.7057547569275 16.5898118019104 12.9101800918579 11.9612774848938 7.57415986061096 4.22748827934265 3.30292582511902 2.27704578638077 2.69552850723267 2.63129407167435 2.00511968135834 2.29875522851944 2.43407481908798 1.87395143508911 1.88315999507904 2.03219103813171 3.43489801883698 4.21393489837646 4.07441174983978 4.17659533023834 10.0663186311722 10.8901399970055 10.1523995399475 4.93511558188139 3.42093944549561 -9999 -9999 -9999 -9999 -9999 -9999 -9999 -9999 -9999 -9999 -9999 -9999 -9999 -9999 -9999 -9999 -9999 -9999 -9999 -9999 -9999 -9999 -9999 -9999 -9999 -9999 -9999 -9999 -9999 -9999
-9999 -9999 -9999 -9999 -9999 5.67997864243034 7.91767847537994 7.07520353794098 6.25165432691574 4.89359745383263 4.6353534758091 3.85300290584564 4.62341237068176 2.13787883520126 3.73248839378357 1.86051517724991 2.34127056598663 2.16452032327652 2.77756422758102 2.64976358413696 2.42913830280304 3.08965194225311 3.23430240154266 3.61170601844788 7.427659034729 5.85637024641037 -9999 -9999 -9999 -9999 -9999 -9999 -9999 -9999 -9999 -9999 -9999 -9999 -9999 -9999 -9999 -9999 -9999 -9999 -9999 -9999 -9999 -9999 -9999 -9999 -9999 -9999 -9999 -9999 -9999 -9999 -9999 -9999 -9999 -9999 -9999 -9999
-9999 -9999 -9999 -9999 -9999 -9999 7.27803218364716 6.26026368141174 4.22624525427818 0.861692279577255 1.45744648575783 1.65851926803589 1.79405701160431 2.02480208873749 1.9614862203598 2.38111191987991 3.0654308795929 2.60689955949783 2.92695969343185 3.91948485374451 4.04508233070374 3.38290214538574 3.34833526611328 7.28117506400399 -9999 -9999 -9999 -9999 -9999 -9999 -9999 -9999 -9999 -9999 -9999 -9999 -9999 -9999 -9999 -9999 -9999 -9999 -9999 -9999 -9999 -9999 -9999 -9999 -9999 -9999 -9999 -9999 -9999 -9999 -9999 -9999 -9999 -9999 -9999 -9999 -9999 -9999
