EcologicalScience/Bass/data/rs_data_bass/chl_414.asc
NCOLS 226 
NROWS 124 
XLLCORNER -9.41648524995501 
YLLCORNER 47.587301625531 
CELLSIZE 0.0833 
NODATA_value -9999 
[rows 54 to 80 of 124, columns 124 to 185 of 226]
2.31727194786072 2.26887611548106 2.35782814025879 2.12247828642527 2.10792064666748 2.09368910508997 2.07974444768008 1.98918413064059 1.99684694935294 1.87105754613876 2.12659312146051 2.03276768752507 2.06526643037796 2.09308612346649 2.12687212228775 1.99902099829454 1.86836854769633 1.77343917351503 2.15147405862808 2.08706438541412 1.90997149546941 1.96774127086004 1.77378380298615 2.17015609145164 2.19544672966003 2.2286462187767 2.30605220794678 2.38633322715759 2.55273681879044 2.42922002077103 2.46071925759315 2.08981201478413 2.2512132525444 2.09577838579814 2.1303512652715 1.96548440059026 2.30502450466156 2.12582099437714 1.78427070379257 1.26303997635841 1.53754059970379 1.92121598124504 1.45595099528631 1.42735329642892 1.46330810710788 1.55542906746268 1.71716414764524 2.037145011127 2.69457630068064 3.13645637780428 3.32113579909007 4.14273705482483 4.52379255945032 5.41756854738508 4.95292475976442 7.26442153930664 6.00162643652696 6.48104026684394 6.40858183801174 9.49500934348619 -9999 -9999
2.69815728919847 2.95817271300725 2.60495057702065 2.45062130263873 2.23109327469553 2.1679378918239 2.13443249113419 2.1161415401627 2.08766179225024 1.84919081926346 1.77044261991978 2.3334772161075 2.13749885559082 2.02705988287926 2.2534402012825 2.07206449600366 2.05828285217285 1.75047981739044 1.78850281238556 2.02022695541382 1.81691777706146 2.04589162270228 2.21010422706604 2.40997618436813 2.46010726690292 2.48213577270508 2.53588652610779 2.40901913245519 2.45906184116999 1.90456391125917 1.95743626356125 1.91037601232529 2.32934302091599 2.15471305449804 1.88219765822093 1.69945838054021 1.67373063166936 1.98293724656105 1.48669238885244 1.31111363321543 1.38332404196262 1.5662767291069 1.7295890673995 1.45399049296975 1.54451979058129 1.75206465380532 2.17083764076233 2.52873056275504 3.25919307768345 3.02592145800591 4.36742601611398 4.02439415454865 4.24072460333506 5.2328025897344 6.39329107602437 11.7944843371709 10.5720698833466 -9999 -9999 -9999 -9999 -9999
3.29903857848223 3.03971073031425 2.8123858656202 2.8139157465526 2.63333113278661 2.51620385476521 2.48146261537776 2.43640866700341 2.20906960613587 1.90497209628423 1.82265277703603 1.81141877174377 1.90354522069295 2.51411739517661 2.74923643995734 1.8894889652729 1.98822650313377 4.22239909803166 2.71841701013701 1.40808373689651 2.49963456392288 2.26294523477554 2.48167455196381 2.53410494327545 2.90390012945448 2.67033373883792 2.5893942117691 2.5126011967659 2.37167125940323 1.97922123223543 1.71146131306887 1.62305326759815 1.69180220365524 2.17891089121501 2.05731278657913 1.71779634555181 1.63076714674632 1.71210995316505 1.55335388580958 1.50856659809748 1.49349773923556 1.23859247937799 1.66610350459814 2.28959262371063 2.35456459969282 2.48741407053811 2.56869455746242 2.96922854930162 3.55290620977228 4.01317524282556 4.36117951493514 5.57370778761412 9.86443141528538 5.84989678859711 -9999 -9999 -9999 -9999 -9999 -9999 -9999 -9999
3.83162751368114 2.64513158798218 2.37851250171661 2.29527892669042 2.09925454854965 2.59500650798573 2.36352478055393 2.27029386688681 2.23940510609571 2.14985982109519 1.81980748971303 2.05254509051641 1.86378099521001 2.87470135268043 2.6791328051511 2.68340733647346 2.75223568081856 2.52916502952576 2.27250371376673 2.50411968571799 3.54047183479582 2.67998749017715 2.56083178520203 2.47585600614548 2.40872871875763 3.31227152262415 2.65380006602832 2.22086554765701 2.2219477891922 2.16424822807312 2.03057017922401 1.49642984569073 2.59655821323395 2.33828232685725 1.65851598978043 1.54553526639938 1.8470198114713 1.30786456167698 1.33971082046628 1.57284172375997 1.16034769266844 1.26791566839585 1.32201435245 1.93107104301453 2.7531753256917 3.30147568881512 3.05085021257401 14.5980780264911 4.57237127423286 4.3450241535902 4.72166671250996 5.79322803647895 7.48948247092111 11.5164499282837 -9999 -9999 -9999 -9999 -9999 -9999 -9999 -9999
3.62681579589844 3.47345000191739 3.04531749089559 2.91945668061574 2.36667267481486 3.19784808860106 2.81150889747283 2.72816435379141 2.51319256950827 1.93104559183121 2.39890837669373 2.34120449949713 2.24045343960033 2.59037263052804 2.67583228009088 2.95624423027039 4.72315013408661 2.62013028065364 2.5697167913119 2.50859934091568 2.61050027608871 2.77871078252792 2.35336643457413 2.26705455780029 2.06242978572845 2.20914429426193 1.85263773798943 1.96079805493355 1.97148501873016 1.76206976175308 1.7110715508461 1.59276455640793 2.74424691994985 2.87883400917053 1.64118152856827 1.40993052721024 1.27996439114213 1.36917973682284 1.34494641423225 1.22746060788631 1.35340624675155 1.83308885246515 2.09219033271074 2.13345287740231 2.57696322351694 3.16856698036194 6.35640827814738 7.09114968776703 5.08890643715858 5.06797268986702 4.33497951711927 5.61832799230303 36.5934459686279 -9999 -9999 -9999 -9999 -9999 -9999 -9999 -9999 -9999
17.2390434491007 6.38671788147518 5.52581650332401 4.25018998823668 3.92007610672399 4.44250749139225 3.67869262134328 3.47880249864915 3.62168493637672 3.06328877806664 2.90707021951675 3.02208200097084 2.70216351396897 2.79454162716866 2.73290061950684 2.63081805620875 2.02649623155594 2.28883725404739 2.59041841824849 2.48304665088654 1.91839045286179 1.895427942276 1.83922472596169 1.4014567732811 1.53192022442818 1.79444307088852 1.68799157068133 1.75775226205587 1.67966971794764 2.08397430181503 2.21742993593216 2.59745339552561 2.9641436735789 1.51081623136997 1.51443085446954 1.33463332056999 1.39038114622235 1.08836096525192 1.41075908392668 1.28546101972461 1.44018479436636 1.38664732988064 1.57600350104845 2.27083325386047 2.3854942470789 -9999 5.71666375228337 5.17283535003662 6.04441838605063 6.82511152539935 40.6568376159668 36.4934061713841 51.1322139104207 36.5876403808594 -9999 -9999 -9999 -9999 -9999 -9999 -9999 -9999
-9999 -9999 -9999 -9999 -9999 2.28387522697449 3.4419010480245 5.69700282812119 4.61191325921279 4.309752537654 3.73095348248115 2.75908239682515 2.90000742673874 3.82324457168579 2.963580008064 2.91754949092865 1.91987270116806 2.24989175796509 2.76868730783463 2.34564157327016 1.79393124580383 1.75520420074463 1.63705277442932 1.60678505897522 1.68746859580278 1.6167781278491 1.64032497256994 1.73426556587219 1.65598595142365 1.9924201965332 2.32212456067403 2.8695246775945 3.20721693833669 1.38838939368725 1.39556784555316 1.88423503562808 1.75101911276579 1.60700800269842 1.9582858979702 1.47893273830414 1.34775819457494 1.31335589977411 1.41128950623366 1.82524093756309 2.7641726732254 12.4503481885762 -9999 -9999 -9999 -9999 27.8946731185913 24.6710898399353 22.9940804398578 63.9753394656711 -9999 -9999 -9999 -9999 -9999 -9999 -9999 -9999
-9999 -9999 -9999 -9999 -9999 -9999 -9999 -9999 6.09848518030984 4.11594723400317 2.78642308712006 3.07271599769592 3.07070671884637 3.16096122641312 2.83217406272888 2.54476265112559 2.85137631391224 2.53625834689421 1.7825446001121 1.65930821498235 1.41226845979691 1.32738628983498 1.65569435432553 1.48207396268845 1.41849902272224 1.55282523483038 1.50185181945562 1.34004773696264 1.48017893234889 1.15734374150634 1.2171919606626 1.18023962527514 1.00628232210875 1.18207171931863 1.40267644822598 1.54178943112493 1.51197843253613 1.26268476247787 1.36075585708022 1.98133102431893 1.5388804765848 1.65097892284393 2.11857996995632 2.09406622818538 18.369723379612 29.0682649612427 -9999 -9999 -9999 -9999 17.548882484436 14.877068226154 45.3613679409027 33.7608224323818 19.0925339290074 20.0144726679875 -9999 -9999 -9999 -9999 -9999 -9999
-9999 -9999 -9999 -9999 -9999 -9999 -9999 -9999 -9999 -9999 3.15095885594686 3.31765556335449 3.76831916968028 3.46324829051369 2.82026513417562 2.63770961060244 2.3661169608434 2.47743975414949 2.44637425156201 1.80345640437944 1.495207041502 1.29948881268501 1.32326102256775 1.57307097315788 1.40006077289581 1.3652077652514 1.36271552368999 1.42240817472339 1.36793982982635 0.903551241382957 0.567300556227565 3.02740712960561 1.14774312078953 1.1210141479969 1.30224222689867 2.12750425509044 1.79479505618413 1.36651708682378 1.70559270679951 2.18989967554808 2.6105432510376 2.71904376894236 2.98698830604553 2.52186734229326 11.0161042716897 -9999 -9999 -9999 -9999 -9999 -9999 -9999 9.03217295539088 14.4137780325753 10.9980470793588 14.751498903547 10.8786277770996 -9999 -9999 -9999 -9999 -9999
-9999 -9999 -9999 -9999 -9999 -9999 -9999 -9999 -9999 4.3704868555069 3.31125553448995 3.07961086432139 3.60823898566397 3.62299493739479 3.38242506980896 2.89576733813566 2.78076277760898 2.44093444347382 2.33741068840027 2.32248729467392 2.27958205342293 1.42194508512815 1.36468740947106 1.41320913854767 1.33891536667943 1.30791307613254 1.17444502313932 1.20472330848376 1.29614299535751 1.69173149267832 0.865999940782785 0.99786227568984 1.08014531806111 1.08867125585675 1.21326105594635 1.28404496312141 2.37696760892868 2.38498340050379 1.75553077917833 1.81547494576528 1.9927089214325 2.15287752793385 3.22376471757889 3.25171724955241 14.4391063862634 33.0447750091553 -9999 -9999 -9999 16.5562498569489 13.6040551445701 23.2411587238312 13.2850570678711 15.6308526992798 7.65084109987531 12.6906709671021 15.1563683262578 -9999 -9999 -9999 -9999 -9999
-9999 -9999 -9999 -9999 -9999 -9999 -9999 -9999 -9999 -9999 4.18221304416657 3.38532141844432 3.78268430382013 3.83296671509743 3.30994448661804 2.9016964673996 2.64632363319397 2.54049628973007 2.401442527771 2.38377367258072 2.20886650681496 1.87608218193054 1.45974704623222 1.49048699140549 1.4379442512989 1.26523132125537 1.11607626080513 0.988921443621318 1.32141343752543 1.65713383754094 2.0410076379776 0.955277293920517 1.05574384331703 0.981384435296059 1.14026072323322 1.19604135453701 1.21457929909229 1.61456960210433 1.82864555487266 1.99827680220971 2.18734361116703 2.34688569490726 3.10323384404182 3.85830550789833 7.73793361082818 -9999 -9999 -9999 -9999 -9999 11.6210775375366 15.4736061096191 14.625826994578 13.7430426279704 12.4495576222738 -9999 -9999 -9999 -9999 -9999 -9999 -9999
-9999 -9999 -9999 -9999 -9999 -9999 -9999 -9999 -9999 3.67937564849854 3.34813658396403 2.55078071005204 3.24958567321301 3.17842172831297 2.89114633575082 3.11109038661508 2.81500730795019 2.31794614344835 2.09422512352467 2.02723369472905 2.15200910568237 1.77260502576828 1.50228800092425 1.46619254350662 1.24698646863302 1.30937405427297 1.27607729037603 1.20229442914327 1.216489503781 1.50956177711487 1.91590981591832 2.38073470375755 0.851181806623936 1.20527866024237 1.23877386634166 1.35414887391604 1.54067545899978 1.8760054569978 1.54516319930553 1.57734847068787 2.54484659891862 3.05790909379721 2.9043727889657 6.4108399511541 3.86466658115387 -9999 -9999 -9999 -9999 -9999 12.4458884596825 13.2882640957832 17.3595929145813 23.3656479369762 -9999 -9999 -9999 -9999 -9999 -9999 -9999 -9999
-9999 -9999 -9999 -9999 -9999 -9999 -9999 -9999 -9999 2.89012345496346 3.31849385009092 3.22482011318207 3.40026344571795 2.77414204180241 3.24421112537384 2.46495721489191 2.24306022003293 2.21356781199574 2.73410346508026 2.18439942598343 1.81122837464015 1.6306825876236 1.36907360951106 1.31112787127495 1.42117789116773 1.44042726357778 1.38317155838013 1.04526525735855 1.34359474976857 1.65250863631566 2.10249678293864 2.37106447219849 3.12357425689697 3.38142349720001 1.22110707026262 1.19270475804806 1.57285386674544 2.13331065773964 2.16795612126589 2.89091897010803 2.46576476097107 3.88279893994331 3.97698644797007 8.48761427344628 3.86466693878174 -9999 -9999 -9999 -9999 12.1949715614319 -9999 -9999 -9999 -9999 -9999 -9999 -9999 -9999 -9999 -9999 -9999 -9999
-9999 -9999 -9999 -9999 -9999 -9999 -9999 -9999 -9999 2.8828242123127 2.83555471195894 3.63443163463048 3.59359292047364 3.23017123767308 2.3482251316309 2.54845433024799 2.34269107439939 2.37692870696386 2.00363306204478 1.80454603830973 1.56504388650258 1.44929095109304 1.34709715843201 1.32031482458115 1.43522839112715 1.22496362527211 1.27805070082347 1.15731772780418 1.02312142441147 1.97655495007833 2.37512852748235 2.67200565338135 3.1521232843399 3.34636123975118 3.9617825349172 1.21625951528549 1.98574601411819 1.75752347707748 2.54245603084564 2.86815369129181 2.493228495121 2.30814653635025 8.43401212692261 -9999 -9999 -9999 -9999 -9999 -9999 -9999 -9999 -9999 -9999 -9999 -9999 -9999 -9999 -9999 -9999 -9999 -9999 -9999
-9999 -9999 -9999 -9999 -9999 -9999 -9999 -9999 16.7915446962629 3.00714578479528 3.71123170852661 3.5578027009964 3.58324537958418 2.58833456039429 2.47219002246857 2.23460870236158 2.30638796942575 1.2491927357281 1.79425261418025 1.68155544996262 1.37322917851535 1.33095996578534 1.38525372743607 1.42268866300583 1.51905249465596 1.4950109611858 1.16334858834743 1.45627523461978 1.69981477657954 1.45420300960541 1.45893627405167 2.85529212518172 3.37826728820801 3.21942647298177 3.6637503306071 2.24789571762085 2.53453818708658 4.14562989771366 2.78111469745636 2.84933793544769 2.83727605640888 9.14189549352302 13.8702839225172 -9999 -9999 -9999 -9999 -9999 -9999 -9999 -9999 -9999 -9999 -9999 -9999 -9999 -9999 -9999 -9999 -9999 -9999 -9999
-9999 -9999 -9999 -9999 -9999 -9999 -9999 3.28386068344116 2.80803747475147 3.13708702723185 3.47081837233375 3.28990088403225 3.66239726543427 2.69325515627861 2.51126356919607 2.23502373695374 1.81166323274374 1.48731482656378 1.54281592895003 1.1397140622139 0.948050379753113 0.974396601319313 1.41230683028698 1.44550236314535 1.32593678310513 1.30901568755507 1.3856167547843 1.31442334706133 1.62917191641671 1.6712129928849 1.17430585779642 2.51937158541246 2.65405452251434 3.62843806743622 3.34582228660583 2.38126078248024 2.40410470962524 3.04240950196981 3.06873393058777 3.04752469807863 20.2536474553127 5.69786846637726 3.25656187534332 -9999 -9999 -9999 -9999 -9999 -9999 -9999 -9999 -9999 -9999 -9999 -9999 -9999 -9999 -9999 -9999 -9999 -9999 -9999
-9999 -9999 -9999 -9999 -9999 -9999 3.51115190982819 2.97689433658824 2.89517764861767 4.03052802085876 3.94682357311249 3.87359082698822 3.89516866207123 2.77203127741814 2.30726212263107 1.6261793327959 1.56338695162221 1.43572317142236 1.37894093362909 1.35378315887953 1.49238842725754 1.47904180779177 1.44075060635805 1.45376456156373 1.3297807238996 1.25714328885078 1.25660424640304 1.32564028922249 1.31242159479543 1.32651103640858 1.44269142809667 1.67134584699358 2.5753616809845 2.31425326211112 2.22821359123502 2.81967218716939 3.2360677421093 3.25789504498243 3.13065285980701 -9999 -9999 -9999 -9999 -9999 -9999 -9999 -9999 -9999 -9999 -9999 -9999 -9999 -9999 -9999 -9999 -9999 -9999 -9999 -9999 -9999 -9999 -9999
-9999 -9999 -9999 -9999 3.57995331287384 3.34406423568726 3.04864622564877 2.96000702240888 3.84550659656525 3.89183485507965 3.76018409729004 3.20004554092884 2.97773095965385 2.39453203976154 2.25222575350812 1.92379708980259 1.6542271407027 1.29955922616156 1.37364539660906 1.27505353465676 1.20621552318335 1.41001724079251 1.50330285429955 1.51663908362389 1.56520496606827 1.32671114163739 1.43085306031363 1.45470305212906 1.60102623275348 1.4982489316087 1.77738380745838 1.89165885881944 1.90567570924759 2.00838786363602 2.39085257053375 3.18455264568329 3.94050677256151 3.95550625974482 -9999 -9999 -9999 -9999 -9999 -9999 -9999 -9999 -9999 -9999 -9999 -9999 -9999 -9999 -9999 -9999 -9999 -9999 -9999 -9999 -9999 -9999 -9999 -9999
-9999 -9999 -9999 -9999 3.41271984577179 3.59564358346603 3.34836446537691 3.01271074659684 3.29034597426653 3.0255823507905 2.85808850079775 2.9517855271697 2.69147363305092 2.58844701200724 2.5213476061821 1.77081691367286 1.52374309301376 0.935933738946915 1.92757032598768 2.11678448144127 2.13615309140261 2.20155979955898 1.67299679517746 1.6321907043457 1.69816972017288 1.32792571011712 1.49446759905134 1.57582268970353 1.6509845405817 1.92240534935679 2.03756077181209 2.13155113025145 2.34324252605438 2.52272403240204 2.67912501096725 3.15858618418376 3.61418073177338 -9999 -9999 -9999 -9999 -9999 -9999 -9999 -9999 -9999 -9999 -9999 -9999 -9999 -9999 -9999 -9999 -9999 -9999 -9999 -9999 -9999 -9999 -9999 -9999 -9999
-9999 58.7672386915324 3.40962168574333 3.77485422492027 3.18721318244934 2.88624896722681 2.87971779879402 2.88962998109705 2.57559659847846 3.05944979935884 2.9237357005477 2.56472361087799 2.36495098471642 2.20942537486553 1.76796875149012 1.55759319663048 1.66575958331426 1.86990110079447 2.15833204984665 2.43686849229476 2.52018882246578 1.69622129201889 1.7124671459198 1.749838078022 1.79475717544556 1.62829901065145 1.67953456086772 1.61049576239152 1.96592544232096 2.23240072386605 2.06998162377964 2.09569843248887 2.63232370981803 2.74080473184586 3.18470630049706 39.4572860103972 -9999 -9999 -9999 -9999 -9999 -9999 -9999 -9999 -9999 -9999 -9999 -9999 -9999 -9999 -9999 -9999 -9999 -9999 -9999 -9999 -9999 -9999 -9999 -9999 -9999 -9999
3.68712651729584 3.58371866666354 3.51239795868213 3.75571553707123 3.25620160102844 3.20929864474705 2.93775579929352 2.75006847381592 2.47125345468521 2.28093430170646 2.8300424516201 2.46259877085686 2.2101374566555 1.89449568986893 1.77827317714691 1.46221334338188 1.77889528344659 1.96802198886871 2.30595872799555 0.809996485710144 1.35353255644441 1.43593299016356 1.46848387084901 1.49069109346185 1.47687878058507 1.77883380225727 1.92462706140109 2.09619132961546 2.27795113410269 2.40659385461074 2.57370202357952 2.65866641356395 2.48341029882431 -9999 -9999 -9999 -9999 -9999 -9999 -9999 -9999 -9999 -9999 -9999 -9999 -9999 -9999 -9999 -9999 -9999 -9999 -9999 -9999 -9999 -9999 -9999 -9999 -9999 -9999 -9999 -9999 -9999
3.54728505015373 3.81584063860086 3.65464656169598 3.21426179409027 3.167338514328 3.09599483013153 2.79791722297668 2.51891037225723 2.29907205104828 2.12631983757019 1.76748297214508 1.47429707050323 1.61543651819229 1.37554501891136 1.49855729341507 1.55790477991104 0.969753049314022 2.21974021196365 2.30134965976079 2.40924735864004 1.38258712738752 1.14884935056462 1.41923171281815 1.54559302330017 1.68592939468531 1.79194718599319 2.37076701010977 2.37458462374551 2.46294146776199 2.77792203426361 3.08106154203415 4.00775982351864 2.26171102906976 1.77516406774521 1.51094505190849 7.81416867357312 -9999 -9999 -9999 -9999 -9999 -9999 -9999 -9999 -9999 -9999 -9999 -9999 -9999 -9999 -9999 -9999 -9999 -9999 -9999 -9999 -9999 -9999 -9999 -9999 -9999 -9999
3.89109992980957 3.48234379291534 3.51331050395966 3.39686408042908 3.43707025051117 3.22854859828949 2.86203310489655 2.33692831993103 2.08224914073944 1.75375009775162 1.53009676337242 2.10988420949263 1.43820362091064 1.36416131258011 1.14235848560929 1.28270279243588 0.944983893207141 1.297587281093 1.17604627646506 2.48827669901006 1.31925410963595 1.55847884288856 1.63162225484848 1.8806095123291 1.8159202337265 2.08752025090731 2.31160510044831 2.21567047834396 3.09351336956024 3.72448936375705 9.08850688284094 -9999 -9999 -9999 -9999 -9999 -9999 -9999 -9999 -9999 -9999 -9999 -9999 -9999 -9999 -9999 -9999 -9999 -9999 -9999 -9999 -9999 -9999 -9999 -9999 -9999 -9999 -9999 -9999 -9999 -9999 -9999
3.98179521560669 3.22764573647426 4.08793337345123 3.59057800769806 3.47829530239105 3.26638405323029 3.14235098361969 2.63276710510254 2.39891248941422 1.93867746591568 1.67477914094925 1.77719818143284 1.39515379071236 1.20001757740974 1.40700480937958 1.29450255632401 1.38215245306492 2.27008721057106 1.2224083680373 2.21867474913597 1.46735054254532 1.68787954633053 1.82710975408554 2.01371777057648 2.40052801370621 2.5026553273201 2.89493775367737 2.79237948656082 2.8131187359492 3.02044721444448 3.30745748678843 3.84691323404727 -9999 -9999 -9999 -9999 -9999 -9999 41.75950890321 12.6942715644836 -9999 -9999 -9999 -9999 -9999 -9999 -9999 -9999 -9999 -9999 -9999 -9999 -9999 -9999 -9999 -9999 -9999 -9999 -9999 -9999 -9999 -9999
3.66535192377427 3.65345426968166 3.55316259179796 3.65520171324412 3.98223695755005 4.33621624537877 3.43888227144877 2.37580261230469 2.15560680627823 1.72226430773735 1.37950350344181 1.73727689186732 1.37868899106979 1.11736615374684 1.17065482959151 1.23758473992348 1.29192036017776 1.54787281751633 1.75834173815591 1.68846678733826 1.87230951052446 1.88606602412004 1.78459113836288 2.62814283370972 3.08549809455872 3.30770099163055 2.90174780040979 3.05286555737257 3.02165291458368 3.09601908177137 4.82219657149628 3.42093944549561 -9999 -9999 -9999 -9999 -9999 -9999 -9999 -9999 -9999 -9999 -9999 -9999 -9999 -9999 -9999 -9999 -9999 -9999 -9999 -9999 -9999 -9999 -9999 -9999 -9999 -9999 -9999 -9999 -9999 -9999
-9999 -9999 -9999 -9999 -9999 5.43776837095514 4.240268856287 2.71307036876678 1.92050099372864 1.57675922513008 2.26144516468048 0.949050061404705 1.54118196169535 1.00374745446093 1.20540761947632 1.58855366706848 1.51495099067688 1.54822903871536 1.58970326185226 1.7005428809386 2.01360404491425 2.22572350502014 2.42946630716324 2.66646902050291 2.93011690889086 3.83011929477964 -9999 -9999 -9999 -9999 -9999 -9999 -9999 -9999 -9999 -9999 -9999 -9999 -9999 -9999 -9999 -9999 -9999 -9999 -9999 -9999 -9999 -9999 -9999 -9999 -9999 -9999 -9999 -9999 -9999 -9999 -9999 -9999 -9999 -9999 -9999 -9999
-9999 -9999 -9999 -9999 -9999 -9999 2.87408648218427 1.94983790516853 1.09987530112267 1.68861973285675 1.07682721955436 1.73692138989766 1.11477218940854 1.09374086558819 1.19795419488634 1.41626113382253 1.495816859332 1.55550923714271 1.99512553215027 2.29953098297119 2.54607999324799 2.66946886594479 2.68568515777588 6.09084004422893 -9999 -9999 -9999 -9999 -9999 -9999 -9999 -9999 -9999 -9999 -9999 -9999 -9999 -9999 -9999 -9999 -9999 -9999 -9999 -9999 -9999 -9999 -9999 -9999 -9999 -9999 -9999 -9999 -9999 -9999 -9999 -9999 -9999 -9999 -9999 -9999 -9999 -9999
