EcologicalScience/Bass/data/rs_data_bass/chl_494.asc
NCOLS 226 
NROWS 124 
XLLCORNER -9.41648524995501 
YLLCORNER 47.587301625531 
CELLSIZE 0.0833 
NODATA_value -9999 
[rows 0 to 26 of 124, columns 61 to 121 of 226]
-9999 -9999 -9999 -9999 -9999 -9999 -9999 -9999 -9999 -9999 -9999 -9999 -9999 -9999 -9999 -9999 -9999 -9999 -9999 -9999 -9999 -9999 -9999 -9999 -9999 -9999 -9999 -9999 -9999 -9999 -9999 -9999 -9999 -9999 -9999 -9999 -9999 -9999 -9999 -9999 -9999 -9999 -9999 -9999 -9999 -9999 -9999 -9999 -9999 -9999 -9999 -9999 -9999 -9999 -9999 -9999 -9999 -9999 -9999 -9999 -9999
-9999 -9999 -9999 -9999 -9999 -9999 -9999 -9999 -9999 -9999 -9999 -9999 -9999 -9999 -9999 -9999 -9999 -9999 -9999 -9999 -9999 -9999 -9999 -9999 -9999 -9999 -9999 -9999 -9999 -9999 -9999 -9999 -9999 -9999 -9999 -9999 -9999 -9999 -9999 -9999 -9999 -9999 -9999 -9999 -9999 -9999 -9999 -9999 -9999 -9999 -9999 -9999 -9999 -9999 -9999 -9999 -9999 -9999 -9999 -9999 -9999
-9999 -9999 -9999 -9999 -9999 -9999 -9999 -9999 -9999 -9999 -9999 -9999 -9999 -9999 -9999 -9999 -9999 -9999 -9999 -9999 -9999 -9999 -9999 -9999 -9999 -9999 -9999 -9999 -9999 -9999 -9999 -9999 -9999 -9999 -9999 -9999 -9999 -9999 -9999 -9999 -9999 -9999 -9999 -9999 -9999 -9999 -9999 -9999 -9999 -9999 -9999 -9999 -9999 -9999 -9999 -9999 -9999 -9999 -9999 -9999 -9999
-9999 -9999 -9999 -9999 -9999 -9999 -9999 -9999 -9999 -9999 -9999 -9999 -9999 -9999 -9999 -9999 -9999 -9999 -9999 -9999 -9999 -9999 -9999 -9999 -9999 -9999 -9999 -9999 -9999 -9999 -9999 -9999 -9999 -9999 -9999 -9999 -9999 -9999 -9999 -9999 -9999 -9999 -9999 -9999 -9999 -9999 -9999 -9999 -9999 -9999 -9999 -9999 -9999 -9999 -9999 -9999 -9999 -9999 -9999 -9999 -9999
-9999 -9999 -9999 -9999 -9999 -9999 -9999 -9999 -9999 -9999 -9999 -9999 -9999 -9999 -9999 -9999 -9999 -9999 -9999 -9999 -9999 -9999 -9999 -9999 -9999 -9999 -9999 -9999 -9999 -9999 -9999 -9999 -9999 -9999 -9999 -9999 -9999 -9999 -9999 -9999 -9999 -9999 -9999 -9999 -9999 -9999 -9999 -9999 -9999 -9999 -9999 -9999 -9999 -9999 -9999 -9999 -9999 -9999 -9999 -9999 -9999
-9999 -9999 -9999 -9999 -9999 -9999 -9999 -9999 -9999 -9999 -9999 -9999 -9999 -9999 -9999 -9999 -9999 -9999 -9999 -9999 -9999 -9999 -9999 -9999 -9999 -9999 -9999 -9999 -9999 0.63735419511795 0.793118309229612 0.693759500980377 0.645440220832825 0.649774163961411 0.600141122937202 0.61347384750843 0.698411211371422 0.638616755604744 0.802875302731991 0.750574707984924 0.723015770316124 0.743375658988953 0.733609467744827 0.812975317239761 0.804308474063873 0.807223320007324 0.795417487621307 0.752500265836716 0.734905108809471 0.751581877470016 0.724303230643272 0.748122900724411 0.778775632381439 0.765327483415604 0.771446317434311 0.784632056951523 0.773143798112869 0.760244786739349 0.766559690237045 0.740688219666481 0.646294668316841
-9999 -9999 -9999 -9999 -9999 -9999 -9999 -9999 -9999 -9999 -9999 -9999 -9999 -9999 -9999 -9999 -9999 -9999 -9999 -9999 -9999 -9999 -9999 -9999 -9999 -9999 -9999 1.18186515569687 1.0627324283123 1.88320946464172 0.771000862121582 0.668471813201904 0.611714094877243 0.549511045217514 0.556801274418831 0.720276564359665 0.65840157866478 0.671380162239075 0.681260123848915 0.888410210609436 0.840806186199188 0.795427769422531 0.782432198524475 0.796326667070389 0.815350949764252 0.826363742351532 0.862489610910416 0.777355313301086 0.757278442382812 0.824776589870453 0.757103204727173 0.749150902032852 0.765420198440552 0.787862062454224 0.76710507273674 0.761053115129471 0.774147748947144 0.774852275848389 0.772942274808884 0.701126798987389 0.600132465362549
-9999 -9999 -9999 -9999 -9999 -9999 -9999 -9999 -9999 -9999 -9999 -9999 -9999 -9999 -9999 -9999 -9999 -9999 -9999 -9999 -9999 -9999 -9999 -9999 -9999 -9999 -9999 1.18186515569687 0.959564685821533 1.69954562187195 1.23122861981392 0.928735256195068 0.823905140161514 0.722197204828262 0.609997630119324 0.598273158073425 0.696436330676079 0.753392457962036 0.766681373119354 0.817104130983353 0.851591974496841 0.813893258571625 0.857493281364441 0.867407977581024 0.848603546619415 0.851549685001373 0.801178783178329 0.829849362373352 0.874588161706924 0.838868200778961 0.801417678594589 0.789859145879745 0.832590043544769 0.819280475378036 0.741579830646515 0.740624114871025 0.72799614071846 0.710087701678276 0.657312870025635 0.597789242863655 0.570167362689972
-9999 -9999 -9999 -9999 -9999 -9999 -9999 -9999 -9999 -9999 -9999 -9999 -9999 -9999 -9999 -9999 -9999 -9999 -9999 -9999 -9999 -9999 -9999 -9999 -9999 -9999 -9999 2.51219527423382 2.0576092004776 1.38680005073547 1.09590572118759 0.886833339929581 0.762567937374115 0.676857367157936 0.627419739961624 0.663620620965958 0.669383928179741 0.705790266394615 0.73513126373291 0.764909505844116 0.740033090114594 0.747277557849884 0.769450932741165 0.777224153280258 0.806152403354645 0.869945973157883 0.875323712825775 0.856860637664795 0.86339083313942 0.891842633485794 0.841713488101959 0.883483707904816 0.87531191110611 0.785339623689651 0.651673391461372 0.633643984794617 0.620474740862846 0.59221525490284 0.57818466424942 0.551207363605499 0.552988439798355
-9999 -9999 -9999 -9999 -9999 -9999 -9999 -9999 -9999 -9999 -9999 -9999 -9999 -9999 -9999 -9999 -9999 -9999 -9999 -9999 -9999 -9999 -9999 -9999 -9999 -9999 1.19121462106705 13.3246734961867 1.50235933065414 0.922318428754807 0.668672412633896 0.637455001473427 0.678783372044563 0.811481416225433 0.906906634569168 0.909612983465195 0.801307618618011 0.738967940211296 0.685983762145042 0.648431584239006 0.651405036449432 0.753577351570129 0.812505841255188 0.81333401799202 0.816553026437759 0.872490853071213 0.855398833751678 0.815329223871231 0.705077067017555 0.660344302654266 0.718048140406609 0.749180272221565 0.748168632388115 0.719600334763527 0.638918280601501 0.608997389674187 0.600882723927498 0.567473843693733 0.547845035791397 0.548924580216408 0.5496826171875
-9999 -9999 -9999 -9999 -9999 -9999 -9999 -9999 -9999 -9999 -9999 -9999 -9999 -9999 -9999 -9999 -9999 -9999 -9999 -9999 -9999 -9999 -9999 -9999 -9999 -9999 1.30818092823029 1.44876685738564 1.299106746912 1.05268308520317 1.07037207484245 1.09606030583382 1.09988307952881 1.02396208047867 0.979647696018219 0.97168904542923 0.870820820331573 0.798373371362686 0.78904715180397 0.612088590860367 0.58904618024826 0.664704456925392 0.657059043645859 0.675211653113365 0.749545007944107 0.761009752750397 0.817946434020996 0.75505667924881 0.746238201856613 0.71041801571846 0.724217221140862 0.742041796445847 0.713865369558334 0.649642333388329 0.596550777554512 0.571705207228661 0.57590277493 0.590581431984901 0.592247754335403 0.57298381626606 0.58650067448616
-9999 -9999 -9999 -9999 -9999 -9999 -9999 -9999 -9999 -9999 -9999 -9999 -9999 -9999 -9999 -9999 -9999 -9999 -9999 -9999 -9999 -9999 -9999 -9999 -9999 1.31647038459778 1.84498237073421 1.2604373395443 1.23011523485184 1.01661676168442 0.860707551240921 1.04749846458435 1.04749846458435 0.868447333574295 0.868447333574295 0.846447765827179 0.846447765827179 0.581083461642265 0.57972563803196 0.591329678893089 0.654766783118248 0.713674530386925 0.687421023845673 0.686827540397644 0.713982358574867 0.698195815086365 0.721264556050301 0.729530721902847 0.726091459393501 0.696850284934044 0.684297412633896 0.677819207310677 0.702093064785004 0.636666744947433 0.593646168708801 0.600410923361778 0.619216427206993 0.629493042826653 0.627305701375008 0.608619913458824 0.634548917412758
-9999 -9999 -9999 -9999 -9999 -9999 -9999 -9999 -9999 -9999 -9999 -9999 -9999 -9999 -9999 -9999 -9999 -9999 -9999 -9999 -9999 -9999 -9999 -9999 1.50594073534012 1.23075219243765 1.24221467971802 1.11162310838699 0.502132818102837 0.517938315868378 0.514264807105064 0.560756519436836 0.54970546066761 0.571572840213776 0.58319203555584 0.708231747150421 0.675617381930351 0.710397139191628 0.722982197999954 0.660192355513573 0.674392640590668 0.691313311457634 0.685053572058678 0.701983004808426 0.798714101314545 0.891686528921127 0.817364037036896 0.752709299325943 0.710541129112244 0.701355457305908 0.694989949464798 0.688280940055847 0.678321406245232 0.663577035069466 0.610774889588356 0.618400633335114 0.666259601712227 0.659315586090088 0.649283319711685 0.675634011626244 0.705629333853722
-9999 -9999 -9999 -9999 -9999 -9999 -9999 -9999 -9999 -9999 -9999 -9999 -9999 -9999 -9999 -9999 -9999 -9999 -9999 -9999 -9999 -9999 -9999 2.99996620416641 2.24164706468582 1.78942090272903 1.5754280090332 1.29486984014511 1.05472818017006 0.844656318426132 0.790626883506775 0.788740217685699 0.643686532974243 0.701055005192757 0.702063649892807 0.639136925339699 0.633467137813568 0.633686631917953 0.646417379379272 0.679284408688545 0.677942007780075 0.698755949735641 0.716945081949234 0.759040206670761 0.811003535985947 0.865924268960953 0.837620437145233 0.769812762737274 0.739567771553993 0.743719696998596 0.754717826843262 0.764698594808578 0.737147256731987 0.689666703343391 0.642424419522285 0.640775844454765 0.707437679171562 0.768108487129211 0.705913603305817 0.70218251645565 0.702071830630302
-9999 -9999 -9999 -9999 -9999 -9999 -9999 -9999 -9999 -9999 -9999 -9999 -9999 -9999 -9999 -9999 -9999 -9999 -9999 -9999 -9999 2.64602583646774 9.13443920016289 2.39284014701843 2.20875728130341 1.53656476736069 1.37699791789055 1.14605936408043 0.947042405605316 0.901980400085449 0.889665484428406 0.920389294624329 1.04541340470314 0.484698951244354 0.664550051093102 0.724740207195282 0.722745895385742 0.761820405721664 0.777864664793015 0.799393594264984 0.789952397346497 0.773232579231262 0.829344123601913 0.814804047346115 0.823755830526352 0.822296261787415 0.782478958368301 0.768964290618896 0.795971900224686 0.835063576698303 0.838869541883469 0.804045170545578 0.784616500139236 0.78452530503273 0.710620567202568 0.569998160004616 0.532846838235855 0.659440621733665 0.73497761785984 0.706863284111023 0.771863669157028
-9999 -9999 -9999 -9999 -9999 -9999 -9999 -9999 -9999 -9999 -9999 -9999 -9999 -9999 -9999 -9999 -9999 -9999 -9999 -9999 -9999 2.40742620264083 2.55356365442276 2.11219464540482 1.3703650161624 1.1413693651557 0.934317380189896 0.831744611263275 0.792593479156494 0.760650336742401 0.729596212506294 0.931659311056137 0.77206090092659 0.732101395726204 0.814149051904678 0.752454847097397 0.740405827760696 0.931023806333542 0.881689578294754 0.91930228471756 0.883032113313675 0.833992391824722 0.808751732110977 0.84764689207077 0.877079486846924 0.732955992221832 0.655509263277054 0.674539357423782 0.724046051502228 0.777436494827271 0.796469897031784 0.77739492058754 0.789992362260818 0.78996929526329 0.713508144021034 0.650649592280388 0.670469060540199 0.678705364465714 0.674118205904961 0.654600396752357 0.657154843211174
-9999 -9999 -9999 -9999 -9999 -9999 -9999 -9999 -9999 -9999 -9999 -9999 -9999 -9999 -9999 -9999 -9999 -9999 -9999 -9999 3.71058887243271 3.34904778521994 2.52954596540202 1.58389201760292 1.40589234232903 1.32292854785919 1.28997498750687 1.13345736265182 0.803930371999741 0.666071176528931 0.663155928254128 0.772917330265045 0.813279658555984 0.761626213788986 0.749394536018372 0.746622070670128 0.764920860528946 0.730490058660507 0.766070634126663 0.834495306015015 0.888072788715363 0.907426178455353 0.969795495271683 0.987631112337112 0.935880124568939 0.816455841064453 0.735489517450333 0.731088906526566 0.799819797277451 0.796020001173019 0.814272522926331 0.799207985401154 0.7839615046978 0.792516946792603 0.839568704366684 0.936929225921631 0.870002835988998 0.81743136048317 0.812329351902008 0.750836670398712 0.769926130771637
-9999 -9999 -9999 -9999 -9999 -9999 -9999 -9999 -9999 -9999 -9999 -9999 -9999 -9999 -9999 -9999 -9999 -9999 8.81204688549042 7.92856240272522 3.12111784582553 2.23062515258789 2.0243416428566 1.71299386024475 1.53353977203369 1.48782867193222 1.44954308867455 1.3457467854023 1.29673647880554 1.06736835837364 0.975827783346176 0.881141781806946 0.804366767406464 0.786927670240402 0.812091171741486 0.777133136987686 0.715067222714424 0.721959874033928 0.800432503223419 0.90368726849556 0.968276739120483 0.98421236872673 0.9383884370327 0.967542618513107 0.979011297225952 0.872453570365906 0.80677404999733 0.759752511978149 0.810590118169785 0.833902359008789 0.808761030435562 0.757559090852737 0.722880184650421 0.741132438182831 0.810661822557449 0.874941319227219 0.916537821292877 0.82686173915863 0.800201028585434 0.793873339891434 0.674228802323341
-9999 -9999 -9999 -9999 -9999 -9999 -9999 -9999 -9999 -9999 -9999 -9999 -9999 -9999 -9999 -9999 -9999 -9999 10.2582597136497 7.27949747443199 7.76923364400864 5.72664082050323 4.89002633094788 1.0740724503994 1.0740724503994 1.31181746721268 1.18596044182777 1.07563054561615 1.08939787745476 1.08006164431572 1.02567198872566 0.981034576892853 0.935066074132919 0.782761484384537 0.755671620368958 0.732142969965935 0.773077994585037 0.83968323469162 1.03233897686005 1.15449768304825 1.30264395475388 1.25284105539322 1.12071043252945 1.06474256515503 1.05537012219429 0.985300362110138 0.889145225286484 0.779218822717667 0.715380147099495 0.717819482088089 0.705138713121414 0.663821965456009 0.57713408768177 0.610520526766777 0.677775666117668 0.660210639238358 0.687646999955177 0.604714706540108 0.564426988363266 0.581638902425766 0.551991730928421
-9999 -9999 -9999 -9999 -9999 -9999 -9999 -9999 -9999 -9999 -9999 -9999 -9999 -9999 -9999 -9999 -9999 -9999 -9999 -9999 2.42222660779953 7.30464005470276 6.77874040603638 1.5990988612175 1.53038889169693 1.13725000619888 1.19982334971428 0.978139936923981 0.886054337024689 0.853812038898468 0.88463768362999 0.99869978427887 0.98787733912468 0.883514910936356 0.849824488162994 0.956853568553925 0.991034924983978 1.16560006141663 1.11767810583115 1.09579521417618 1.10704815387726 1.12363117933273 1.14542707800865 0.990936756134033 0.8825324177742 0.867940753698349 0.814888268709183 0.766701579093933 0.760280907154083 0.715660929679871 0.655043363571167 0.613691300153732 0.615486681461334 0.60827511548996 0.651477009057999 0.633213222026825 0.606129258871078 0.586169421672821 0.554846942424774 0.522532626986504 0.516813442111015
-9999 -9999 -9999 -9999 -9999 -9999 -9999 -9999 -9999 -9999 -9999 -9999 -9999 -9999 -9999 -9999 5.11824932591669 2.51094049215317 2.52146869897842 2.39631485939026 2.15416717529297 1.43430248647928 3.59873914718628 5.73443520069122 4.26347601413727 2.02185648679733 1.41094395518303 1.14532479643822 0.948832958936691 0.966761738061905 1.07461524009705 1.0887023806572 1.03816312551498 0.98295646905899 0.959597736597061 0.934137493371964 1.07946726679802 1.06873252987862 0.935886204242706 0.982744216918945 1.00148186087608 0.984474152326584 1.01336860656738 0.854265958070755 0.711088165640831 0.692111805081367 0.748988047242165 0.733228281140327 0.64070999622345 0.641507014632225 0.645555227994919 0.660390749573708 0.601814970374107 0.566747277975082 0.575682833790779 0.582582950592041 0.579573154449463 0.547530010342598 0.522370085120201 0.515992239117622 0.515803277492523
-9999 -9999 -9999 -9999 -9999 -9999 -9999 -9999 -9999 -9999 -9999 35.2986888885498 35.2986888885498 13.7248649597168 3.84908158779144 2.86857908964157 2.88922762870789 2.90233165025711 4.49761319160461 5.02321743965149 6.56475448608398 6.37361454963684 4.94932687282562 6.25700855255127 5.46964931488037 1.92728537321091 1.0513918697834 1.04175871610641 0.983607441186905 0.973980635404587 1.04698893427849 1.0217113494873 0.969639390707016 0.933494389057159 0.895730048418045 0.901408195495605 0.920901775360107 1.01195132732391 0.905353456735611 0.802763879299164 0.786932766437531 0.83357173204422 0.841724663972855 0.754686444997787 0.644074022769928 0.560903012752533 0.565183281898499 0.620938047766685 0.613126516342163 0.578989639878273 0.623178988695145 0.607869654893875 0.594748243689537 0.576019138097763 0.538495481014252 0.526467025279999 0.541910111904144 0.560133844614029 0.527004316449165 0.486826747655869 0.483982801437378
-9999 -9999 -9999 -9999 -9999 -9999 -9999 -9999 -9999 -9999 -9999 35.2986888885498 6.38322948664427 4.46892750263214 5.33194971084595 5.30879473686218 5.19984519481659 16.8576049804688 18.0963406562805 26.0793170928955 2.76886319262641 4.11834311485291 4.01562309265137 3.89479637145996 3.45655596256256 2.06856036186218 1.3901255428791 1.27467718720436 1.05126947164536 0.98364982008934 0.934235036373138 0.921784222126007 1.00426778197289 1.03251796960831 0.971219480037689 0.887436211109161 0.88646525144577 0.899530470371246 0.932390481233597 0.867995649576187 0.840593665838242 0.815858244895935 0.812535792589188 0.756140023469925 0.681456506252289 0.61269798874855 0.525367051362991 0.497961178421974 0.554637417197227 0.570489943027496 0.591593652963638 0.594355523586273 0.564775049686432 0.556659042835236 0.564377591013908 0.542135909199715 0.505486160516739 0.496734380722046 0.489962831139565 0.472629457712173 0.455302834510803
-9999 -9999 -9999 -9999 -9999 -9999 -9999 -9999 -9999 -9999 -9999 -9999 -9999 -9999 4.67826676368713 5.5479348897934 5.89151608943939 7.64567255973816 -9999 -9999 -9999 -9999 -9999 1.64778678417206 1.28954654932022 3.50760841369629 2.66900253295898 1.12369054555893 0.914160400629044 0.997357606887817 0.979556858539581 1.0586918592453 1.00774696469307 0.936291128396988 1.01397532224655 1.0434198975563 1.12928876280785 1.04436707496643 1.01245638728142 0.959490448236465 0.923716753721237 0.846867263317108 0.829794108867645 0.730807766318321 0.717541471123695 0.656921535730362 0.551502719521523 0.502720311284065 0.532619208097458 0.537035688757896 0.554605543613434 0.555999979376793 0.529819786548615 0.514428064227104 0.49406486749649 0.497810438275337 0.494340598583221 0.474517732858658 0.46009773015976 0.437224924564362 0.445772051811218
-9999 -9999 -9999 -9999 -9999 -9999 -9999 -9999 -9999 -9999 -9999 -9999 -9999 -9999 16.6274771690369 16.6274771690369 16.6274771690369 -9999 -9999 -9999 -9999 -9999 -9999 4.94490551948547 4.94490551948547 4.94490551948547 0.308659605681896 0.80205836892128 0.880620896816254 1.06054526567459 1.00040996074677 0.833410084247589 0.884824991226196 0.859225630760193 0.846651256084442 0.947234988212585 1.09535872936249 1.18172469735146 1.17282798886299 1.07415649294853 0.992562532424927 0.743937402963638 0.617788374423981 0.624473512172699 0.705522537231445 0.692067816853523 0.631860539317131 0.560880929231644 0.531469881534576 0.546566292643547 0.559130072593689 0.538928434252739 0.522304281592369 0.519767940044403 0.498867586255074 0.496300533413887 0.485998660326004 0.464621365070343 0.454472199082375 0.458464488387108 0.4850013256073
-9999 -9999 -9999 -9999 -9999 -9999 -9999 -9999 -9999 -9999 -9999 -9999 -9999 -9999 -9999 -9999 -9999 -9999 -9999 -9999 -9999 -9999 -9999 -9999 -9999 -9999 -9999 1.35560882389545 1.42650812864304 0.735509410500526 0.73603767156601 0.784191370010376 0.796359926462173 0.965376377105713 0.941320806741714 0.895644307136536 0.994796991348267 1.00447314977646 0.883619964122772 0.650594115257263 0.630348265171051 0.592040866613388 0.549273312091827 0.510338455438614 0.51597748696804 0.50902533531189 0.49938029050827 0.48394176363945 0.491770461201668 0.528240412473679 0.539805337786674 0.544345825910568 0.539504170417786 0.525971844792366 0.499950841069221 0.506487652659416 0.496061459183693 0.499476313591003 0.510198220610619 0.490251258015633 0.478396162390709
-9999 -9999 -9999 -9999 -9999 -9999 -9999 -9999 -9999 -9999 -9999 -9999 -9999 -9999 -9999 -9999 -9999 -9999 -9999 -9999 -9999 -9999 -9999 -9999 -9999 -9999 -9999 -9999 15.0286116600037 1.89049977064133 4.44040703773499 2.7442712187767 1.7693333029747 1.17619639635086 0.991466403007507 1.05857643485069 0.914477348327637 0.865127295255661 0.715966746211052 0.696809157729149 0.735219061374664 0.570832014083862 0.519718810915947 0.39908829331398 0.366112612187862 0.424887165427208 0.450890153646469 0.486831396818161 0.539356917142868 0.537309765815735 0.548528328537941 0.608377978205681 0.625310808420181 0.596362441778183 0.571589604020119 0.548694267868996 0.540691584348679 0.519555911421776 0.508140474557877 0.508377224206924 0.496168121695518
