EcologicalScience/Bass/data/rs_data_bass/chl_108.asc
NCOLS 226 
NROWS 124 
XLLCORNER -9.41648524995501 
YLLCORNER 47.587301625531 
CELLSIZE 0.0833 
NODATA_value -9999 
[rows 54 to 80 of 124, columns 0 to 61 of 226]
-9999 -9999 -9999 -9999 -9999 -9999 -9999 -9999 -9999 -9999 -9999 -9999 -9999 -9999 -9999 -9999 -9999 -9999 -9999 -9999 -9999 -9999 -9999 -9999 -9999 -9999 -9999 -9999 -9999 -9999 -9999 -9999 -9999 -9999 -9999 -9999 -9999 -9999 4.54331845638762 18.5283614695072 5.67311611175537 4.96872442960739 1.91484859585762 1.42221973836422 1.45304775238037 1.42521375417709 1.74851846694946 1.47701776027679 1.20067727565765 1.16793295741081 1.29253649711609 1.12824377417564 1.26744076609612 1.48913097381592 2.38610243797302 2.9109810590744 3.6071594953537 3.03648734092712 -9999 0.607058599591255 0.62790758907795 1.01154696876588
-9999 -9999 -9999 -9999 -9999 -9999 -9999 -9999 -9999 -9999 -9999 -9999 -9999 -9999 -9999 -9999 -9999 -9999 -9999 -9999 -9999 -9999 -9999 -9999 -9999 -9999 -9999 -9999 -9999 -9999 -9999 -9999 -9999 -9999 -9999 -9999 -9999 -9999 -9999 17.2712978124619 6.10082280635834 11.9807074069977 2.54880970716476 5.13754141330719 1.5800283998251 1.3305521607399 1.21303501725197 1.07617574930191 1.08754429221153 1.31910672783852 1.33979997038841 1.14054375886917 1.3538932800293 1.84688025712967 2.60518044233322 2.7841334939003 2.64438638091087 -9999 -9999 -9999 -9999 -9999
-9999 -9999 -9999 -9999 -9999 -9999 -9999 -9999 -9999 -9999 -9999 -9999 -9999 -9999 -9999 -9999 -9999 -9999 -9999 -9999 -9999 -9999 -9999 -9999 -9999 -9999 -9999 -9999 -9999 -9999 -9999 -9999 -9999 -9999 -9999 -9999 -9999 -9999 -9999 -9999 6.47574126720428 3.4632750749588 5.37215566635132 3.21299922466278 2.49391204118729 1.46994522213936 1.44582822918892 1.2183832526207 1.00763627886772 0.935548514127731 0.781774520874023 0.873281210660934 1.88370376825333 2.02242225408554 2.22460716962814 2.0007426738739 2.16620922088623 2.73148566484451 2.43770326673985 -9999 -9999 -9999
-9999 -9999 -9999 -9999 -9999 -9999 -9999 -9999 -9999 -9999 -9999 -9999 -9999 -9999 -9999 -9999 -9999 -9999 -9999 -9999 -9999 -9999 -9999 -9999 -9999 -9999 -9999 -9999 -9999 -9999 -9999 -9999 -9999 -9999 -9999 -9999 -9999 -9999 -9999 -9999 10.8570428405489 2.82460498809814 7.71467274427414 5.45339584350586 2.73774898052216 2.01631718873978 1.66109544038773 1.63892018795013 1.78959453105927 0.867201000452042 0.747389987111092 1.01355072855949 1.34894174337387 1.54417651891708 1.89455848932266 1.68833546340466 1.78792016208172 1.90524677932262 3.09406726062298 3.48425924777985 4.41820728778839 -9999
-9999 -9999 -9999 -9999 -9999 -9999 -9999 -9999 -9999 -9999 -9999 -9999 -9999 -9999 -9999 -9999 -9999 -9999 -9999 -9999 -9999 -9999 -9999 -9999 -9999 -9999 -9999 -9999 -9999 -9999 -9999 -9999 -9999 -9999 -9999 -9999 -9999 -9999 -9999 -9999 -9999 3.42025941610336 2.85352045297623 2.88647246360779 3.08748507499695 2.69189178943634 1.83863246440887 1.8782474398613 1.43802148103714 0.923307001590729 0.908874750137329 1.15096798539162 1.19845578074455 1.29079878330231 1.44104853272438 1.41780298948288 1.99344831705093 2.08584523200989 3.95114913582802 5.79547941684723 3.11093616485596 -9999
-9999 -9999 -9999 -9999 -9999 -9999 -9999 -9999 -9999 -9999 -9999 -9999 -9999 -9999 -9999 -9999 -9999 -9999 -9999 -9999 -9999 -9999 -9999 -9999 -9999 -9999 -9999 -9999 -9999 -9999 -9999 -9999 -9999 -9999 -9999 -9999 -9999 -9999 -9999 -9999 -9999 3.71396639943123 4.61404967308044 4.17670905590057 3.12199848890305 2.61498901247978 2.1334665119648 2.0874263048172 1.53299961984158 0.950712025165558 0.79265695810318 0.77283301949501 1.05840003490448 1.22812128067017 1.36202922463417 1.61982679367065 1.9506202340126 1.86348742246628 1.66000717878342 -9999 -9999 -9999
-9999 -9999 -9999 -9999 -9999 -9999 -9999 -9999 -9999 -9999 -9999 -9999 -9999 -9999 -9999 -9999 -9999 -9999 -9999 -9999 -9999 -9999 -9999 -9999 -9999 -9999 -9999 -9999 -9999 -9999 -9999 -9999 -9999 -9999 -9999 -9999 -9999 -9999 -9999 -9999 5.26568028330803 5.49408012628555 5.72940480709076 1.97337681055069 3.0673525929451 2.06340113282204 1.76260042190552 1.43067374825478 1.1156647503376 1.03956001996994 0.829432457685471 0.815130740404129 1.02201524376869 1.2894172668457 1.8937252163887 2.05540573596954 1.6968449652195 -9999 -9999 2.66710728406906 3.26323485374451 3.4377965927124
-9999 -9999 -9999 -9999 -9999 -9999 -9999 -9999 -9999 -9999 -9999 -9999 -9999 -9999 -9999 -9999 -9999 -9999 -9999 -9999 -9999 -9999 -9999 -9999 -9999 -9999 -9999 -9999 -9999 -9999 -9999 -9999 -9999 -9999 -9999 -9999 -9999 -9999 -9999 3.98159937858582 5.46301165223122 4.30922716856003 4.92170798778534 2.03438258171082 1.50591449439526 1.42746604979038 1.89748424291611 1.61325824260712 1.37991973757744 0.945151537656784 0.971076786518097 1.00107076764107 1.05160796642303 1.32333227992058 1.77883869409561 2.28689628839493 2.49966509342194 2.88982343673706 2.90186405181885 3.34916710853577 3.04235637187958 3.3559455871582
-9999 -9999 -9999 -9999 -9999 -9999 -9999 -9999 -9999 -9999 -9999 -9999 -9999 -9999 -9999 -9999 -9999 -9999 -9999 -9999 -9999 -9999 -9999 -9999 -9999 -9999 -9999 -9999 -9999 -9999 -9999 -9999 -9999 -9999 -9999 -9999 -9999 -9999 -9999 4.84708671569824 3.84568092226982 3.57374341785908 1.40798100829124 1.29385650157928 1.43928301334381 1.50363671779633 1.72389829158783 1.15688627958298 1.10292899608612 1.04208979010582 0.977582216262817 0.919399470090866 0.896277040243149 0.994073957204819 1.47515174746513 1.65238505601883 1.54044967889786 1.79667145013809 2.26525354385376 2.85363668203354 2.85329550504684 2.93031907081604
-9999 -9999 -9999 -9999 -9999 -9999 -9999 -9999 -9999 -9999 -9999 -9999 -9999 -9999 -9999 -9999 -9999 -9999 -9999 -9999 -9999 -9999 -9999 -9999 -9999 -9999 -9999 -9999 -9999 -9999 -9999 -9999 -9999 -9999 -9999 -9999 -9999 -9999 6.21073350906372 4.85807651281357 2.81681245565414 1.41023021936417 0.991009533405304 1.03146377205849 1.20707774162292 1.39893820881844 1.28203198313713 0.878898024559021 0.851757735013962 0.84383100271225 0.888089239597321 1.00708276033401 0.996197283267975 1.06362453103065 1.01219326257706 1.25065577030182 1.30220621824265 1.70573633909225 2.56632381677628 3.00496816635132 2.77564716339111 2.51205307245255
-9999 -9999 -9999 -9999 -9999 -9999 -9999 -9999 -9999 -9999 -9999 -9999 -9999 -9999 -9999 -9999 -9999 -9999 -9999 -9999 -9999 -9999 -9999 -9999 -9999 -9999 -9999 -9999 -9999 -9999 -9999 -9999 -9999 -9999 -9999 -9999 -9999 -9999 6.13377900123596 4.62207984924316 3.52918803691864 1.59880203008652 1.05989098548889 1.02383324503899 0.911212474107742 1.43744248151779 1.27857334166765 0.890997022390366 0.844895213842392 0.874658972024918 0.985381543636322 0.99388575553894 1.0017075240612 1.27075052261353 1.27977973222733 1.1134680211544 1.2919987142086 2.45246243476868 3.57139348983765 3.25819945335388 3.2770117521286 3.03848612308502
-9999 -9999 -9999 -9999 -9999 -9999 -9999 -9999 -9999 -9999 -9999 -9999 -9999 -9999 -9999 -9999 -9999 -9999 -9999 -9999 -9999 -9999 -9999 -9999 -9999 -9999 -9999 -9999 -9999 -9999 -9999 -9999 -9999 -9999 -9999 -9999 -9999 6.05586791038513 5.19280242919922 6.5401317179203 6.51819124817848 2.92409759759903 1.76622770726681 1.6872380822897 1.55816870927811 1.08304873108864 0.961593747138977 1.09949773550034 1.32870903611183 1.44117745757103 1.28380501270294 0.977856785058975 1.07340601086617 1.33269372582436 1.49545651674271 1.38799872994423 1.54918044805527 2.15803205966949 2.45631676912308 2.6058554649353 2.34429216384888 2.88738816976547
-9999 -9999 -9999 -9999 -9999 -9999 -9999 -9999 -9999 -9999 -9999 -9999 -9999 -9999 -9999 -9999 -9999 -9999 -9999 -9999 -9999 -9999 -9999 -9999 -9999 -9999 -9999 -9999 -9999 -9999 -9999 -9999 -9999 -9999 -9999 -9999 -9999 6.11436023712158 11.4370636940002 5.57043980062008 3.11957050859928 1.89658650755882 1.5861491560936 1.59070967137814 1.45728074759245 1.24971033632755 0.868476748466492 1.32365325093269 1.24024271965027 1.26844498515129 1.38313347101212 1.51981043815613 1.52260798215866 1.4121809899807 1.48631322383881 1.43652078509331 1.37475076317787 1.43757078051567 1.47072753310204 1.75914072990417 2.56515455245972 2.31758844852448
-9999 -9999 -9999 -9999 -9999 -9999 -9999 -9999 -9999 -9999 -9999 -9999 -9999 -9999 -9999 -9999 -9999 -9999 -9999 -9999 -9999 -9999 -9999 -9999 -9999 -9999 -9999 -9999 -9999 -9999 -9999 -9999 -9999 -9999 -9999 -9999 8.95285849571228 5.65513730049133 6.63211154937744 3.38156139850616 2.10577771067619 1.509565718472 1.46543656289577 1.32728793472052 1.04066777229309 0.760731786489487 0.777637481689453 0.909243732690811 1.25525772571564 1.24349400401115 1.31436976790428 1.67692494392395 1.82050877809525 1.66522425413132 1.63561642169952 1.53525978326797 1.42088547348976 1.47208124399185 2.30914127826691 6.45922136306763 6.90676403045654 2.41551071405411
-9999 -9999 -9999 -9999 -9999 -9999 -9999 -9999 -9999 -9999 -9999 -9999 -9999 -9999 -9999 -9999 -9999 -9999 -9999 -9999 -9999 -9999 -9999 -9999 -9999 -9999 -9999 -9999 -9999 -9999 -9999 8.05340909957886 0.570771688764746 -9999 2.10493344068527 2.10762092471123 3.76497343182564 7.21990084648132 6.5459840297699 2.01470249891281 0.909345746040344 0.818334728479385 0.935287535190582 0.884946763515472 0.845395535230637 0.900057792663574 0.910668790340424 0.913134008646011 1.42970770597458 1.57382708787918 1.8275483250618 1.76610749959946 1.71190202236176 1.72889167070389 1.73287582397461 1.76694452762604 1.84049016237259 1.90697622299194 2.60267472267151 4.1613382101059 3.50507783889771 2.43276057243347
-9999 -9999 -9999 -9999 -9999 -9999 -9999 -9999 -9999 -9999 -9999 -9999 -9999 -9999 -9999 -9999 -9999 -9999 -9999 -9999 -9999 -9999 0.346259817481041 12.3806458200727 2.11121159791946 1.97179855406284 1.97001568973064 1.67473143339157 7.30810832977295 4.38572537899017 5.81707441806793 9.91993403434753 11.6041259765625 6.99956560134888 7.31838083267212 20.9899592399597 22.4739317893982 9.99069356918335 5.35677587985992 1.11721274256706 0.86101421713829 0.846995294094086 0.82719299197197 0.853463977575302 0.97994926571846 0.885948032140732 0.727955996990204 0.839672237634659 1.26422774791718 1.86302179098129 1.96533304452896 2.03644269704819 2.18659651279449 2.15902501344681 2.4069539308548 2.23605608940125 2.70216000080109 2.91968554258347 2.50367087476394 -9999 -9999 -9999
-9999 -9999 -9999 -9999 -9999 -9999 -9999 -9999 -9999 -9999 -9999 -9999 -9999 -9999 -9999 -9999 -9999 -9999 -9999 -9999 -9999 -9999 3.71242654323578 11.2648065090179 1.04737651348114 0.690998241305351 1.01610939949751 0.518073007464409 1.7935928106308 3.018634557724 3.95484673976898 5.92605292797089 11.0863580703735 13.4711365699768 17.1500573158264 14.426655292511 11.9172592163086 2.93821942806244 1.90848898887634 1.01252773404121 1.14782829210162 0.90954002737999 0.894906789064407 0.865193277597427 0.885753750801086 1.10164797306061 0.933234035968781 1.00875976681709 1.65281850099564 1.74005252122879 2.03292971849442 2.04575031995773 2.45788192749023 2.5407772064209 2.98106467723846 -9999 -9999 -9999 -9999 -9999 -9999 -9999
-9999 -9999 -9999 -9999 -9999 -9999 -9999 -9999 -9999 -9999 -9999 -9999 -9999 -9999 -9999 -9999 -9999 -9999 -9999 1.18114173722764 3.41757144033909 1.45709283649921 5.23567271232605 1.99186116456985 1.28524348139763 0.516303744167089 0.465702753514051 0.438192754983902 0.609535485506058 1.22636997699738 1.32889804244041 1.83001345396042 2.90170723199844 4.64723861217499 5.51579260826111 5.74730336666107 5.19743478298187 3.25743913650513 0.96611550450325 0.798223525285721 0.782812535762787 0.970124959945679 0.883024670183659 0.729910500347614 2.53299218416214 1.82731425762177 1.77025508880615 1.98538649082184 2.06312477588654 2.11699658632278 3.64526537060738 -9999 -9999 -9999 -9999 -9999 -9999 -9999 -9999 -9999 -9999 -9999
-9999 -9999 -9999 -9999 -9999 -9999 -9999 -9999 -9999 -9999 -9999 -9999 -9999 -9999 -9999 -9999 -9999 5.25463156700134 0.871134012937546 0.630958512425423 0.417906761169434 0.285910494625568 0.729860991239548 0.733327478170395 0.703200727701187 0.628283232450485 0.387442499399185 0.428682759404182 0.503885999321938 0.756887286901474 1.31224054098129 1.58608496189117 3.3174569606781 3.18683767318726 3.17241811752319 2.85116618871689 1.8716624379158 1.12651124596596 0.823386043310165 0.987749218940735 1.15335747599602 0.761151015758514 1.54266303777695 13.299654006958 12.2336468696594 2.80103766918182 1.92237603664398 2.28371769189835 2.83969894051552 1.65456157922745 3.80085813999176 -9999 -9999 -9999 -9999 -9999 -9999 -9999 -9999 -9999 -9999 -9999
-9999 -9999 -9999 -9999 -9999 -9999 -9999 -9999 -9999 -9999 -9999 -9999 -9999 -9999 3.63511209189892 1.36887189745903 0.970722734928131 1.42893603444099 0.564854264259338 0.36310650408268 0.378174751996994 0.395192250609398 0.465584233403206 0.504448503255844 0.575051978230476 0.670047730207443 0.431684240698814 0.414866253733635 0.429396763443947 0.498986229300499 0.59137125313282 1.25463974475861 3.3038295507431 5.56038594245911 5.98604321479797 3.55586457252502 3.42946207523346 2.0648535490036 2.01486217975616 3.77939164638519 3.64192056655884 5.50426733493805 6.24800133705139 8.36312055587769 7.90530896186829 4.24998164176941 2.61915081739426 1.84298694133759 1.88930708169937 1.85888707637787 2.11517322063446 3.7444041967392 -9999 -9999 -9999 -9999 -9999 -9999 -9999 -9999 -9999 -9999
-9999 -9999 -9999 -9999 -9999 -9999 -9999 -9999 -9999 -9999 -9999 1.84596853764331 33.9052448272705 1.15691211819649 1.09638977050781 0.856567472219467 0.581694021821022 0.511186480522156 0.398844748735428 0.380805015563965 0.415161743760109 0.513379499316216 0.552256509661674 0.601787254214287 0.620085015892982 0.633964508771896 0.476525992155075 0.486490488052368 0.505554020404816 0.503699988126755 0.601010978221893 1.03700852394104 1.97150176763535 2.90157973766327 4.29845416545868 4.70735907554626 4.80355060100555 4.97043228149414 4.69871020317078 6.14290165901184 6.60445547103882 9.20481991767883 15.3835315704346 18.8641533851624 5.80189418792725 4.2078720331192 2.91469502449036 1.86597973108292 1.67659270763397 1.90821003913879 1.92698526382446 -9999 -9999 -9999 -9999 -9999 3.9763625131097 3.11715066432953 3.19446516036987 4.81684935092926 5.71804046630859 -9999
-9999 -9999 -9999 -9999 -9999 -9999 -9999 -9999 -9999 8.80885867774487 19.2638792037964 2.78928814083338 0.280555509030819 0.290049009025097 0.289158001542091 0.605154767632484 0.407576993107796 0.402082487940788 0.345668256282806 0.330549739301205 0.4529669880867 0.508424252271652 0.548767492175102 0.552789732813835 0.610403269529343 0.622788771986961 0.528821244835854 0.530930265784264 0.534522011876106 0.572951272130013 0.658440738916397 0.859539717435837 1.28606253862381 2.4487019777298 5.08381569385529 7.35162234306335 8.02767634391785 7.55500316619873 7.19229197502136 9.83978533744812 11.415851354599 15.6307253837585 16.3557357788086 14.9721221923828 13.5398354530334 6.69445395469666 2.85694795846939 1.99957269430161 1.75862556695938 3.45059537887573 3.32130146026611 2.05482602119446 2.26707369089127 3.80057670111242 7.80720376968384 5.99257063865662 5.65782523155212 4.52374505996704 5.05473589897156 4.86412882804871 5.25702595710754 -9999
-9999 -9999 -9999 -9999 -9999 3.10546651482582 0.380709383636713 0.479057997465134 0.543919108808041 2.25343166291714 1.28946302086115 0.536925740540028 0.317663244903088 0.450933560729027 0.307095006108284 0.40192124247551 0.385430261492729 0.356725506484509 0.368924997746944 0.396100491285324 0.413883000612259 0.421020001173019 0.488237991929054 0.511818006634712 0.51418349146843 0.589941769838333 0.595052987337112 0.59595675766468 0.622668743133545 0.691096499562263 0.775154292583466 0.990374207496643 0.75976350903511 8.22230172157288 9.77044343948364 8.82472729682922 8.33291172981262 9.70949792861938 8.99467134475708 12.387478351593 11.4161903858185 15.3233613967896 16.3924098014832 13.7389869689941 12.38942527771 8.04676079750061 4.39282858371735 5.35149228572845 6.28509879112244 7.9121081829071 7.72979021072388 3.31439638137817 2.30149054527283 2.85971546173096 3.50963115692139 3.37252056598663 3.58115315437317 4.93396139144897 3.80602490901947 4.15951859951019 5.60799300670624 3.33859419822693
-9999 -9999 -9999 -9999 -9999 0.52421436086297 0.212180256843567 0.21476174890995 0.338263493031263 0.328055620193481 0.443352743983269 0.339071989059448 0.361557751893997 0.379364266991615 0.410988003015518 0.436004251241684 0.416298732161522 0.373074755072594 0.374591253697872 0.403478264808655 0.414047241210938 0.432885020971298 0.492921754717827 0.476049765944481 0.49260301887989 0.549025520682335 0.589759513735771 0.628104731440544 0.676356732845306 0.70551073551178 1.03013098239899 1.60980677604675 1.04195925593376 2.14244323968887 5.67973637580872 8.78570294380188 10.6180458068848 8.29050707817078 8.00981068611145 10.9297027587891 12.6451377868652 14.1286654472351 20.0948538780212 15.3071966171265 11.7194881439209 7.24273467063904 5.12805461883545 4.5127147436142 4.06871259212494 5.052414894104 5.00045764446259 3.37451112270355 2.42588245868683 2.1796635389328 2.27079302072525 2.9329297542572 3.76626992225647 2.917740046978 2.05060422420502 2.29267197847366 2.63912183046341 2.70690751075745
-9999 -9999 -9999 -9999 -9999 0.277959756553173 0.253717504441738 0.249540008604527 0.250770002603531 0.272492252290249 0.302847750484943 0.347143493592739 0.413662478327751 0.440682739019394 0.417968988418579 0.38067752122879 0.376250267028809 0.379084512591362 0.404183238744736 0.400713756680489 0.420224994421005 0.441683247685432 0.441092267632484 0.463386744260788 0.484688982367516 0.500480979681015 0.541771486401558 0.546477735042572 0.562242016196251 0.580349251627922 0.689664021134377 0.908199727535248 1.23386996984482 2.13987082242966 2.32673621177673 3.51571118831635 6.17952132225037 8.63377261161804 7.84045815467834 11.3331055641174 10.8483109474182 21.6153001785278 21.3176136016846 12.3241295814514 8.3620240688324 7.19256162643433 6.95694422721863 7.44773554801941 5.87356817722321 3.80770647525787 3.42752552032471 3.20249176025391 2.53928250074387 2.38445323705673 2.28457045555115 2.42715382575989 2.30954325199127 1.76272130012512 1.64409291744232 2.13904345035553 2.39553898572922 2.55067956447601
-9999 -9999 -9999 -9999 -9999 0.268671758472919 0.284920491278172 0.309330001473427 0.316260002553463 0.302579998970032 0.311041496694088 0.319144494831562 0.370428755879402 0.351122997701168 0.35070975869894 0.391070231795311 0.387318000197411 0.396108001470566 0.413573250174522 0.445215001702309 0.490010261535645 0.45778651535511 0.513005241751671 0.486667513847351 0.487132519483566 0.503265738487244 0.503826007246971 0.491489991545677 0.49881899356842 0.467538759112358 0.462544485926628 0.6509969830513 0.959078997373581 2.73769283294678 4.20459830760956 8.72504925727844 11.7766034603119 15.2655029296875 13.9630408287048 9.79141473770142 6.78956866264343 27.908374786377 25.1049184799194 12.7039833068848 8.51586985588074 6.19794631004333 6.27533626556396 5.94399082660675 5.57753098011017 2.99343681335449 3.22713983058929 3.38592767715454 3.0035834312439 2.80215454101562 2.54997897148132 2.23392444849014 1.97548055648804 1.83598351478577 1.8372854590416 2.07485997676849 2.54527723789215 2.6217765212059
-9999 -9999 -9999 -9999 -9999 0.33008100092411 0.354091510176659 0.353600241243839 0.37586697936058 0.315618753433228 0.348041251301765 0.386133000254631 0.341229759156704 0.341591253876686 0.357223503291607 0.372696742415428 0.399491250514984 0.421601995825768 0.435167267918587 0.469387516379356 0.503699988126755 0.564856499433517 0.634993493556976 0.755476534366608 0.794553011655807 0.848711997270584 0.951986968517303 1.04254424571991 0.898627460002899 0.686840996146202 0.532151252031326 0.499944001436234 0.820774465799332 1.16672247648239 2.53723204135895 6.03354907035828 14.3486909866333 18.5219678878784 28.4441471099854 16.4107646942139 13.6103253364563 29.9356098175049 33.0639238357544 25.7361717224121 7.06974220275879 4.64755189418793 3.1262880563736 2.39138996601105 1.789271235466 1.85593575239182 1.96506983041763 2.02300876379013 2.57056957483292 1.9814767241478 2.00195324420929 2.09844070672989 1.67944800853729 2.00306171178818 1.75766855478287 1.80935919284821 2.59577929973602 2.72919380664825
