EcologicalScience/Bass/data/rs_data_bass/chl_211.asc
NCOLS 226 
NROWS 124 
XLLCORNER -9.41648524995501 
YLLCORNER 47.587301625531 
CELLSIZE 0.0833 
NODATA_value -9999 
[rows 54 to 80 of 124, columns 124 to 185 of 226]
2.22047406435013 1.38667121529579 0.940067231655121 0.874317705631256 0.898518025875092 0.886329710483551 0.873127520084381 1.12863600254059 1.05533999204636 0.977546274662018 0.945907473564148 0.98250675201416 1.02847203612328 0.974318236112595 0.888998955488205 1.05822676420212 1.1627504825592 1.19514673948288 1.10130527615547 1.3141995370388 1.2772125005722 1.18802028894424 1.28509497642517 1.55757594108582 1.58009093999863 2.10176557302475 2.15022826194763 2.39836049079895 1.84534192085266 1.85972249507904 2.23492276668549 2.31233328580856 2.2072559595108 1.96919542551041 1.77350395917892 1.76690393686295 1.7382225394249 1.75751316547394 1.51820397377014 1.63176673650742 1.27265176177025 0.865306466817856 0.804814517498016 1.0132882297039 1.30335599184036 1.0210132598877 1.99169656634331 2.21312248706818 3.8996958732605 3.73690491914749 4.376256108284 4.70501697063446 8.69349324703217 9.63295555114746 9.67485380172729 15.1739087104797 13.7395055294037 11.591644929988 14.3089251816273 16.2880434189867 5.05329017867585 5.11688482761383
1.75064992904663 1.41502127051353 1.12963199615479 1.02074924111366 1.07196378707886 1.08818846940994 1.04532453417778 1.18123725056648 1.05967873334885 0.92255625128746 1.01474475860596 0.998931705951691 1.21137821674347 1.10770574212074 1.17900824546814 1.2720667719841 1.13110801577568 1.40454599261284 1.25742897391319 1.58550006151199 1.88739591836929 1.91084182262421 2.0070818066597 2.42543703317642 2.61722391843796 2.72569191455841 2.60126924514771 2.05401599407196 2.11372196674347 2.40370881557465 2.4553005695343 2.40957373380661 2.17850178480148 1.9883331656456 1.98002099990845 1.98603755235672 1.91445297002792 1.90266305208206 2.05695158243179 1.94595819711685 1.52492326498032 1.02781426906586 0.941512495279312 1.29214426875114 1.74446099996567 1.37252998352051 1.46073979139328 1.849485039711 2.04943495988846 6.77218065261841 7.25031188556126 8.50036883354187 9.09902429580688 11.9761090278625 13.860572218895 15.787301659584 10.5720698833466 -9999 -9999 -9999 -9999 -9999
1.27544403076172 1.33506596088409 1.70470255613327 1.11189302802086 1.18157172203064 1.55322128534317 1.39874902367592 0.763760983943939 0.895883291959763 1.02628871798515 1.29056775569916 1.22791278362274 1.22771322727203 1.37304827570915 1.51668441295624 1.48590150475502 1.53549599647522 1.46163752675056 1.59918594360352 1.95551025867462 2.5037122964859 2.85673874616623 2.59705799818039 2.73844116926193 3.16383898258209 3.03713929653168 2.95716083049774 2.29914003610611 1.89390975236893 2.26087725162506 2.22241866588593 2.17892771959305 1.97768408060074 2.06488341093063 1.97195166349411 1.88341569900513 2.02223324775696 2.02418178319931 2.12122267484665 1.91954094171524 1.81637781858444 1.74454879760742 1.51436667144299 1.74378789961338 1.99817928671837 2.86322030425072 4.28256249427795 3.9430300663717 7.34528936658587 8.08470010757446 8.52493286132812 10.1179718971252 6.15315616130829 10.6468806266785 -9999 -9999 -9999 -9999 -9999 -9999 -9999 -9999
1.84797847270966 1.79163020849228 1.86728447675705 1.91563120484352 1.74249428510666 1.3801496475935 1.39693236351013 1.2302261441946 1.27344408631325 0.883530735969543 1.58366328477859 1.53195905685425 1.42181476950645 1.38756975531578 1.77413696050644 2.31839543581009 1.87148541212082 1.71750444173813 1.79159617424011 2.03031599521637 2.18403822183609 2.37581992149353 2.76403641700745 2.67129743099213 2.7198314666748 2.7451057434082 2.65077066421509 1.93428218364716 1.58570551872253 1.47798603773117 1.63925993442535 1.61808604001999 1.53335398435593 1.63509374856949 1.65543007850647 1.60775023698807 1.54361844062805 1.6088182926178 1.42518827319145 1.31620573997498 0.994211599230766 1.1772573441267 1.50763987004757 1.78076094388962 2.37058433890343 4.31305754184723 6.91135940551758 6.67352296234271 7.97398009300232 6.80572712421417 7.82174670696259 8.18964779376984 9.92106934956142 -9999 -9999 -9999 -9999 -9999 -9999 -9999 -9999 -9999
2.79001867771149 2.25130379199982 2.1781240105629 2.0633347928524 1.58387736976147 1.66536672413349 1.48288875818253 1.52403379976749 1.43290127813816 1.48820324242115 1.81025701761246 1.61713492870331 1.36358401179314 1.53454953432083 1.71854031085968 1.81830078363419 2.54375016689301 2.38881450891495 2.21804022789001 2.22477006912231 2.27622306346893 2.37550646066666 2.42263126373291 2.45673000812531 2.30863058567047 2.31880867481232 2.48134732246399 2.03400671482086 1.60356670618057 1.22633251547813 1.25380128622055 1.41720449924469 1.3926457464695 1.36728295683861 1.44507300853729 1.30804878473282 1.18302297592163 1.0549687743187 1.23609378933907 1.25921550393105 0.860948234796524 1.16829559206963 1.27828270196915 2.31558299064636 3.71910798549652 5.34759693145752 10.7341615200043 8.5811995267868 7.27490490674973 6.62049722671509 6.39489340782166 9.98679733276367 29.0371060004601 -9999 -9999 -9999 -9999 -9999 -9999 -9999 -9999 -9999
-9999 2.81060462594032 3.46894601583481 3.21378854513168 2.50255971550942 2.0858568996191 1.80755285918713 1.75809073448181 1.78114950656891 1.46564474701881 1.60894042253494 1.3666815161705 1.56063151359558 1.52444994449615 1.70015627145767 1.69683068990707 2.35647904872894 2.54815649986267 2.56245678663254 2.57220232486725 2.51612251996994 2.38130557537079 2.35305225849152 2.12892079353333 2.09347879886627 1.87881517410278 1.54663807153702 1.49011650681496 1.1749005317688 1.07204023003578 1.24473229050636 1.29573976993561 1.21608227491379 1.3371562063694 1.22592821717262 1.0609972178936 0.913037270307541 0.821074515581131 0.798153787851334 0.824046738445759 1.02477711439133 1.21104003489017 1.84134548902512 2.21929526329041 3.48231452703476 -9999 7.82543740272522 7.94810925211225 6.80798631906509 6.34118980169296 12.7854831695557 66.0490522384644 63.7717217036656 72.1919671763545 -9999 -9999 -9999 -9999 -9999 -9999 -9999 -9999
-9999 -9999 -9999 -9999 -9999 2.28387522697449 2.48507925868034 2.08444046974182 1.88377797603607 1.85249555110931 2.17655467987061 2.11174803972244 2.1081674695015 2.35658776760101 2.19096297025681 2.36387997865677 2.15199226140976 2.10445868968964 2.35802096128464 2.37051826715469 2.2447230219841 2.25950932502747 2.05825942754745 1.845882833004 1.46502596139908 1.46342772245407 1.20516076683998 1.20659700036049 1.1929529607296 1.1701335310936 1.04171553254128 1.08963677287102 1.06860601902008 1.09732648730278 0.942865490913391 0.888252764940262 0.940820217132568 0.885039031505585 0.888300776481628 0.704252243041992 1.24702763557434 1.51223060488701 2.04406759142876 2.74075269699097 2.90288722515106 22.2284250699201 -9999 -9999 -9999 -9999 58.9093694175993 47.7335639681135 52.5901736191341 24.7952455814068 -9999 -9999 -9999 -9999 -9999 -9999 -9999 -9999
-9999 -9999 -9999 -9999 -9999 -9999 -9999 -9999 2.57512848717826 2.42353051900864 1.92955577373505 2.10163879394531 2.06602120399475 2.14426356554031 3.04087936878204 2.55386245250702 2.29751247167587 1.89123970270157 1.95804458856583 2.11338293552399 1.97642916440964 1.71202129125595 1.56565421819687 1.32501974701881 1.08935397863388 1.11099296808243 1.04452496767044 1.04403001070023 1.11590176820755 1.08816674351692 0.950083494186401 0.844570487737656 0.774332284927368 0.781654536724091 0.872865736484528 0.829133212566376 0.88045272231102 0.885511457920074 0.767570972442627 0.692996263504028 1.33781509101391 2.23185002803802 2.65446853637695 2.841712474823 5.91510344729011 29.0682649612427 -9999 -9999 -9999 -9999 17.548882484436 49.1579686749366 68.8186784362793 66.4227599143982 50.1775736127581 50.3158913729142 -9999 -9999 -9999 -9999 -9999 -9999
-9999 -9999 -9999 -9999 -9999 -9999 -9999 -9999 -9999 -9999 2.90452498197556 2.03979599475861 2.13211351633072 1.95275241136551 2.55449706315994 2.73264455795288 2.15664821863174 1.9604474902153 1.6774867773056 1.77709275484085 1.69046330451965 1.53402149677277 1.32682952284813 1.1741084754467 1.01429995894432 1.05169576406479 1.09947896003723 1.10401654243469 1.15373995900154 0.9920294880867 0.844826281070709 0.795944273471832 0.777236223220825 0.718609482049942 0.893856793642044 0.951675742864609 0.92364826798439 1.16201922297478 0.687841504812241 1.46853893995285 1.81489276885986 2.70356249809265 3.51650440692902 4.07275857925415 14.3724264600902 -9999 -9999 -9999 -9999 -9999 -9999 -9999 10.0524127992188 55.9898829460144 30.4036090590737 23.8039402280535 10.8786277770996 -9999 -9999 -9999 -9999 -9999
-9999 -9999 -9999 -9999 -9999 -9999 -9999 -9999 -9999 4.3704868555069 3.65991282463074 2.58223128318787 2.19897902011871 2.25839620828629 2.58897078037262 3.00523567199707 2.45618408918381 1.83146631717682 1.53232955932617 1.52341425418854 1.51583933830261 1.4960550069809 1.33139249682426 1.16553372144699 1.05599096417427 1.06443375349045 1.07663476467133 1.04741102457047 1.00748321413994 0.851358711719513 0.756378024816513 0.749077498912811 0.710310012102127 0.854215532541275 1.04381024837494 1.13750177621841 1.17721796035767 1.12765949964523 1.38568197190762 1.59578213095665 1.74642938375473 2.0786666572094 3.44396901130676 4.72728881835937 25.3863098818122 33.0447750091553 -9999 -9999 -9999 13.6014827728271 16.5094562530518 15.561196231842 11.4525552749634 13.876344203949 23.6753555933634 52.4821964263916 13.923202553103 -9999 -9999 -9999 -9999 -9999
-9999 -9999 -9999 -9999 -9999 -9999 -9999 -9999 -9999 -9999 3.69365251064301 2.61363083124161 2.78401583433151 2.79331201314926 2.81392496824265 2.80990880727768 2.2944188117981 1.94517302513123 1.56924533843994 1.41695925593376 1.43342927098274 1.29020029306412 1.21358701586723 1.20501753687859 1.08167096972466 1.03283098340034 0.966579705476761 0.84281998872757 0.785546958446503 0.768612027168274 0.766205281019211 0.817184239625931 0.910355240106583 1.05007946491241 1.05274647474289 1.00414127111435 1.04260423779488 1.21199628710747 1.50848633050919 1.77304941415787 2.45579212903976 3.46115809679031 3.91650593280792 5.10657577514649 9.04176137632537 -9999 -9999 -9999 -9999 -9999 14.3362363815308 12.0377955436707 10.8955952525139 12.7092537879944 14.255190372467 -9999 -9999 -9999 -9999 -9999 -9999 -9999
-9999 -9999 -9999 -9999 -9999 -9999 -9999 -9999 -9999 3.67937564849854 3.92592465877533 3.55752682685852 2.90104043483734 2.87713193893433 1.95012527704239 2.08024191856384 1.60827004909515 1.58680951595306 1.60500901937485 1.39964398741722 1.26153820753098 1.11307802796364 0.982497006654739 1.02251699566841 0.939877510070801 0.849777013063431 0.805841267108917 0.813934475183487 1.01622971892357 1.02467626333237 1.10284271836281 1.19163823127747 1.17645826935768 1.06017449498177 0.965757787227631 0.942180722951889 1.07551950216293 1.60667771100998 1.75480055809021 1.83762145042419 2.31006592512131 7.74203234910965 4.61525928974152 6.12867441686612 3.86466658115387 -9999 -9999 -9999 -9999 -9999 35.0620877585913 12.53520154953 11.4585468292236 -9999 -9999 -9999 -9999 -9999 -9999 -9999 -9999 -9999
-9999 -9999 -9999 -9999 -9999 -9999 -9999 -9999 -9999 6.43380546569824 6.32362604141235 5.92200529575348 4.59031891822815 3.32483017444611 2.18438029289246 2.00868666172028 1.44465672969818 1.27170976996422 1.48691403865814 1.17908254265785 0.881213217973709 0.833013027906418 0.841592252254486 0.893936991691589 0.883034259080887 0.833262026309967 0.811710029840469 0.85887148976326 0.945368260145187 1.03625401854515 1.04876554012299 1.09855645895004 1.03200298547745 1.04296052455902 1.28427448868752 1.54858732223511 2.51843619346619 3.29313147068024 2.28802496194839 2.66823667287827 3.99110233783722 3.86420631408691 6.16754472255707 11.2790831072817 3.86466693878174 -9999 -9999 -9999 -9999 12.1949715614319 -9999 -9999 -9999 -9999 -9999 -9999 -9999 -9999 -9999 -9999 -9999 -9999
-9999 -9999 -9999 -9999 -9999 -9999 -9999 -9999 -9999 6.40428400039673 4.79998505115509 3.21549761295319 2.44346183538437 2.33686280250549 2.0573256611824 1.78195881843567 1.43531396985054 1.2445949614048 1.1389222741127 0.934236735105515 0.726641267538071 0.693377986550331 0.753046542406082 0.852137982845306 0.876590251922607 0.833882242441177 0.835869044065475 0.904260009527206 0.886262208223343 0.907221794128418 0.998549222946167 1.13029950857162 1.30454322695732 1.67014878988266 2.04361349344254 2.60292381048203 4.70170497894287 5.58923864364624 6.87869882583618 9.73681783676147 20.7931551933289 14.2938351631165 4.34324855590934 -9999 -9999 -9999 -9999 -9999 -9999 -9999 -9999 -9999 -9999 -9999 -9999 -9999 -9999 -9999 -9999 -9999 -9999 -9999
-9999 -9999 -9999 -9999 -9999 -9999 -9999 -9999 -9999 3.97662842273712 2.6849872469902 2.19802576303482 2.03484231233597 1.66886258125305 1.47191700339317 1.31219476461411 1.17309299111366 0.964984506368637 0.750503271818161 0.686189264059067 0.682910263538361 0.70659975707531 0.771939754486084 0.796603471040726 0.821575462818146 0.82226175069809 0.814238280057907 0.961819499731064 1.01654773950577 1.0519799888134 1.20980027318001 1.82748073339462 2.73623996973038 3.37466776371002 3.94509673118591 6.10809731483459 10.2615830898285 12.1229882240295 14.9618782997131 19.4361577033997 46.5970144271851 5.41540016847498 7.62510834113661 -9999 -9999 -9999 -9999 -9999 -9999 -9999 -9999 -9999 -9999 -9999 -9999 -9999 -9999 -9999 -9999 -9999 -9999 -9999
-9999 -9999 -9999 -9999 -9999 -9999 -9999 3.28386068344116 4.94427537918091 3.99865865707397 3.14002740383148 2.44627118110657 2.03249251842499 1.62110316753387 1.30936422944069 1.01004821062088 0.896693229675293 0.767475754022598 0.730508252978325 0.719078242778778 0.759302258491516 0.730272755026817 0.682760998606682 0.738651752471924 0.823822528123856 0.89775225520134 1.16954246163368 1.19924175739288 1.13859897851944 1.11354151368141 1.12909725308418 1.95058572292328 2.79622042179108 4.53348433971405 6.10203766822815 9.00441455841064 10.8352224826813 21.3896040916443 32.3375787734985 32.399468421936 11.6905131583075 5.69786846637726 3.25656187534332 -9999 -9999 -9999 -9999 -9999 -9999 -9999 -9999 -9999 -9999 -9999 -9999 -9999 -9999 -9999 -9999 -9999 -9999 -9999
-9999 -9999 -9999 -9999 -9999 -9999 4.51372122102314 2.87283003330231 3.1153507232666 2.66782432794571 2.35467821359634 1.78006571531296 1.73094820976257 1.64590269327164 1.49097749590874 1.0268369615078 0.806870251893997 0.748972490429878 0.768966794013977 0.807012766599655 0.778839021921158 0.724541991949081 0.763469964265823 0.823046207427979 0.906113237142563 0.930426031351089 1.1258160173893 1.21875670552254 1.26798078417778 1.33634099364281 1.71027445793152 2.16099894046783 2.82587474584579 3.74904298782349 5.22152781486511 9.46925640106201 7.57998633384705 7.89119410514832 20.424289226532 -9999 -9999 -9999 -9999 -9999 -9999 -9999 -9999 -9999 -9999 -9999 -9999 -9999 -9999 -9999 -9999 -9999 -9999 -9999 -9999 -9999 -9999 -9999
-9999 -9999 -9999 -9999 4.85736837782011 3.82350962162018 3.77483677864075 2.76399368047714 2.14944523572922 1.74061954021454 1.37066996097565 1.30221596360207 1.46199676394463 1.45665979385376 1.29641702771187 0.983682721853256 0.854186207056046 0.836694717407227 0.872126966714859 0.887053459882736 0.800060212612152 0.795204788446426 0.802407771348953 0.796170741319656 0.883862972259521 1.00078797340393 1.15885949134827 1.2961942255497 1.50301569700241 1.76391452550888 3.11452496051788 4.30053305625916 5.48896265029907 6.81515979766846 10.0822677612305 10.277853012085 8.8107054233551 8.46724052862688 -9999 -9999 -9999 -9999 -9999 -9999 -9999 -9999 -9999 -9999 -9999 -9999 -9999 -9999 -9999 -9999 -9999 -9999 -9999 -9999 -9999 -9999 -9999 -9999
-9999 -9999 -9999 -9999 3.31448745727539 3.50845581293106 3.32014918327332 3.25587350130081 2.2133497595787 2.19371545314789 2.01917105913162 1.80234217643738 1.47497096657753 1.2572557926178 0.991058975458145 0.960291713476181 0.99170395731926 0.943355977535248 0.928946256637573 0.861044973134995 0.810062974691391 0.850689768791199 0.819852769374847 0.835192501544952 0.915279775857925 1.1413477063179 1.36801046133041 1.57173299789429 2.07749480009079 3.8493629693985 6.71919751167297 9.02832913398743 9.03752660751343 8.9278507232666 9.16625118255615 10.6637942790985 13.5746369361877 -9999 -9999 -9999 -9999 -9999 -9999 -9999 -9999 -9999 -9999 -9999 -9999 -9999 -9999 -9999 -9999 -9999 -9999 -9999 -9999 -9999 -9999 -9999 -9999 -9999
-9999 25.9273175926848 33.0748198910763 7.31682869791984 3.68238079547882 2.40948379039764 3.09133717417717 3.17199754714966 2.60634756088257 2.33154076337814 1.91257274150848 1.46739828586578 1.73700445890427 1.16949677467346 0.91009721159935 0.849312722682953 0.880429476499557 0.868482023477554 0.85216498374939 0.83533501625061 0.857489258050919 0.960099756717682 0.955885469913483 0.971434503793716 1.12376099824905 1.76589524745941 2.47025030851364 3.32605648040771 4.22521948814392 5.93362140655518 7.14312529563904 8.87184762954712 8.9614098072052 11.1071412563324 9.52932858467102 14.9485631314191 -9999 -9999 -9999 -9999 -9999 -9999 -9999 -9999 -9999 -9999 -9999 -9999 -9999 -9999 -9999 -9999 -9999 -9999 -9999 -9999 -9999 -9999 -9999 -9999 -9999 -9999
27.0731159618923 3.98598525524139 3.71766364574432 3.41151988506317 2.35125303268433 2.14601022005081 2.11686301231384 3.07635980844498 2.11648428440094 1.99639874696732 1.78809607028961 1.43584871292114 1.83767241239548 1.25499004125595 0.89816477894783 0.825325459241867 0.879719227552414 0.805955976247787 0.790511280298233 0.834400534629822 1.00429952144623 1.06250327825546 1.0836960375309 1.08281779289246 1.88520973920822 3.05272650718689 3.9502454996109 4.01033627986908 4.67779183387756 6.72292256355286 8.71269965171814 9.83407473564148 9.36502075195312 -9999 -9999 -9999 -9999 -9999 -9999 -9999 -9999 -9999 -9999 -9999 -9999 -9999 -9999 -9999 -9999 -9999 -9999 -9999 -9999 -9999 -9999 -9999 -9999 -9999 -9999 -9999 -9999 -9999
28.6289309154857 3.65382206439972 3.00804913043976 2.53185600042343 2.45359200239182 2.32556176185608 2.80628818273544 2.48287609219551 2.55764964222908 1.44194251298904 1.48440152406693 2.0933700799942 1.87209069728851 1.26821547746658 0.983565777540207 0.909345746040344 0.840140998363495 0.800624281167984 0.814428001642227 0.907676249742508 1.11056998372078 1.16880601644516 1.13098651170731 1.33995151519775 2.79992705583572 3.18318521976471 2.98911291360855 2.99290949106216 5.64516520500183 7.45548319816589 8.11009383201599 7.39800810813904 6.88978672027588 20.7100209687885 10.8521686467257 5.14592970501293 -9999 -9999 -9999 -9999 -9999 -9999 -9999 -9999 -9999 -9999 -9999 -9999 -9999 -9999 -9999 -9999 -9999 -9999 -9999 -9999 -9999 -9999 -9999 -9999 -9999 -9999
2.82098481059074 2.72921320796013 2.13996970653534 2.79626101255417 2.82282972335815 2.30276137590408 2.16919881105423 2.33188310265541 2.09492844343185 2.1176535487175 2.27180242538452 2.56652694940567 1.55794644355774 1.13063326478004 0.980046719312668 0.844016253948212 0.816057711839676 0.847106248140335 0.949469983577728 1.03341373801231 1.37295153737068 1.41200923919678 1.59295803308487 2.16944843530655 2.63091373443604 2.50068372488022 2.82706278562546 3.51401996612549 6.20644640922546 7.48422574996948 6.98490431149801 -9999 -9999 -9999 -9999 -9999 -9999 -9999 -9999 -9999 -9999 -9999 -9999 -9999 -9999 -9999 -9999 -9999 -9999 -9999 -9999 -9999 -9999 -9999 -9999 -9999 -9999 -9999 -9999 -9999 -9999 -9999
3.22024583816528 3.69607698917389 3.9453456401825 2.954475492239 2.6305225789547 2.4826991558075 2.1832180917263 3.2910293340683 3.08495843410492 2.52080100774765 2.1967499256134 1.93027120828629 1.45182672142982 1.11539921164513 0.985035002231598 0.871030479669571 0.956582218408585 1.06271320581436 1.11641326546669 1.65550196170807 2.04164850711823 2.18671649694443 2.29043179750443 2.61069452762604 2.77922183275223 2.94752705097198 2.98130321502686 3.46136319637299 4.07368183135986 4.40944647789001 4.79586017131805 6.473125702626 -9999 -9999 -9999 -9999 -9999 -9999 18.6639029161254 12.6942715644836 -9999 -9999 -9999 -9999 -9999 -9999 -9999 -9999 -9999 -9999 -9999 -9999 -9999 -9999 -9999 -9999 -9999 -9999 -9999 -9999 -9999 -9999
3.53660881519318 3.39134609699249 3.9247539639473 3.96091541647911 3.55005285143852 3.28051735054363 2.56801182031631 3.50290632247925 3.28764617443085 1.99708878993988 1.68197554349899 1.31610453128815 1.20230627059937 1.19040378928185 1.07343900203705 1.14516752958298 1.20624071359634 1.22135326266289 1.43095502257347 2.13621228933334 2.47566300630569 2.93640518188477 2.86215752363205 2.7619087100029 3.11215782165527 3.27430057525635 3.28609335422516 3.26965713500977 4.53660106658936 4.6326516866684 7.83196885291844 3.42093944549561 -9999 -9999 -9999 -9999 -9999 -9999 -9999 -9999 -9999 -9999 -9999 -9999 -9999 -9999 -9999 -9999 -9999 -9999 -9999 -9999 -9999 -9999 -9999 -9999 -9999 -9999 -9999 -9999 -9999 -9999
-9999 -9999 -9999 -9999 -9999 3.89671408502679 3.5269022328513 3.24182403087616 2.37781870365143 1.63939207792282 1.42277249693871 1.12542825937271 1.30407679080963 1.48610624670982 1.48617070913315 1.33267951011658 1.33875301480293 1.35982203483582 1.74284255504608 2.27736908197403 2.47838848829269 3.44386947154999 4.27757012844086 4.50933301448822 3.95488107204437 4.99891322851181 -9999 -9999 -9999 -9999 -9999 -9999 -9999 -9999 -9999 -9999 -9999 -9999 -9999 -9999 -9999 -9999 -9999 -9999 -9999 -9999 -9999 -9999 -9999 -9999 -9999 -9999 -9999 -9999 -9999 -9999 -9999 -9999 -9999 -9999 -9999 -9999
-9999 -9999 -9999 -9999 -9999 -9999 3.41810327768326 2.33010971546173 1.62710702419281 1.56465071439743 1.49467125535011 1.29065921902657 1.47658351063728 1.49856153130531 1.60974526405334 2.06173878908157 1.94935566186905 2.07897824048996 2.25268131494522 2.75631827116013 3.45278549194336 4.29586493968964 5.78795170783997 3.39639693643989 -9999 -9999 -9999 -9999 -9999 -9999 -9999 -9999 -9999 -9999 -9999 -9999 -9999 -9999 -9999 -9999 -9999 -9999 -9999 -9999 -9999 -9999 -9999 -9999 -9999 -9999 -9999 -9999 -9999 -9999 -9999 -9999 -9999 -9999 -9999 -9999 -9999 -9999
