EcologicalScience/Bass/data/rs_data_bass/chl_529.asc
NCOLS 226 
NROWS 124 
XLLCORNER -9.41648524995501 
YLLCORNER 47.587301625531 
CELLSIZE 0.0833 
NODATA_value -9999 
[rows 81 to 107 of 124, columns 61 to 121 of 226]
2.25774389505386 3.85158455371857 5.97498106956482 7.6620512008667 7.66205191612244 -9999 -9999 -9999 -9999 -9999 -9999 -9999 -9999 -9999 -9999 -9999 -9999 -9999 -9999 -9999 -9999 -9999 -9999 -9999 -9999 -9999 -9999 -9999 -9999 -9999 -9999 -9999 -9999 -9999 -9999 -9999 -9999 -9999 -9999 -9999 -9999 -9999 -9999 -9999 -9999 -9999 -9999 -9999 -9999 -9999 -9999 -9999 -9999 -9999 -9999 -9999 -9999 -9999 -9999 -9999 -9999
2.54509484767914 2.69472688436508 -9999 -9999 -9999 -9999 -9999 -9999 -9999 -9999 -9999 -9999 -9999 -9999 -9999 -9999 -9999 -9999 -9999 -9999 -9999 -9999 -9999 -9999 -9999 -9999 -9999 -9999 -9999 -9999 -9999 -9999 -9999 -9999 -9999 -9999 -9999 -9999 -9999 -9999 -9999 -9999 -9999 -9999 -9999 -9999 -9999 -9999 -9999 -9999 -9999 -9999 -9999 -9999 -9999 -9999 -9999 -9999 -9999 -9999 -9999
-9999 -9999 -9999 -9999 -9999 -9999 -9999 -9999 -9999 -9999 -9999 -9999 -9999 -9999 -9999 -9999 -9999 -9999 -9999 -9999 -9999 -9999 -9999 -9999 -9999 -9999 -9999 -9999 -9999 -9999 -9999 -9999 -9999 -9999 -9999 -9999 -9999 -9999 -9999 -9999 -9999 -9999 -9999 -9999 -9999 -9999 -9999 -9999 -9999 -9999 -9999 -9999 -9999 -9999 -9999 -9999 -9999 -9999 -9999 -9999 -9999
-9999 -9999 -9999 -9999 -9999 -9999 -9999 -9999 -9999 -9999 -9999 -9999 -9999 -9999 -9999 -9999 -9999 -9999 -9999 -9999 -9999 -9999 -9999 -9999 -9999 -9999 -9999 -9999 -9999 -9999 -9999 -9999 -9999 -9999 -9999 -9999 -9999 -9999 -9999 -9999 -9999 -9999 -9999 -9999 -9999 -9999 -9999 -9999 -9999 -9999 -9999 -9999 -9999 -9999 -9999 -9999 -9999 -9999 3.76810352504253 2.16733968257904 1.89907193183899
-9999 -9999 -9999 -9999 -9999 -9999 -9999 -9999 -9999 -9999 -9999 -9999 -9999 -9999 -9999 -9999 -9999 -9999 -9999 -9999 -9999 -9999 -9999 -9999 -9999 -9999 -9999 -9999 -9999 -9999 -9999 -9999 -9999 -9999 -9999 -9999 -9999 37.1749906539917 4.15864256450108 4.24484384059906 3.7034489597593 -9999 -9999 3.32655647397041 1.99713402986526 2.00093990564346 1.9876429438591 1.70899343490601 1.43155458569527 1.39587754011154 1.39578491449356 0.993225127458572 1.76790726184845 -9999 -9999 2.40054774284363 2.38413780927658 2.22940921783447 1.6695973277092 1.48876619338989 1.10809671878815
-9999 -9999 -9999 -9999 -9999 -9999 -9999 -9999 -9999 -9999 -9999 -9999 -9999 -9999 3.37415526509285 1.95617309638432 0.929718732833862 0.821599692106247 0.780413836240768 1.12509450316429 -9999 -9999 -9999 -9999 -9999 -9999 -9999 -9999 -9999 1.59129667282104 1.69888293743134 2.03252094984055 2.19556152820587 2.47959494590759 3.66949796676636 -9999 -9999 -9999 2.58841906785965 2.41583508253098 2.26305770874023 1.81911313533783 1.49192225933075 1.43838608264923 1.18945437669754 1.30112001299858 1.29734614491463 1.22549048066139 1.10626530647278 1.03065901994705 0.981267839670181 0.963339865207672 1.21542155742645 1.4313388466835 1.4126925766468 1.37645673751831 1.33479309082031 1.13669371604919 0.891734004020691 0.739212289452553 0.552945256233215
-9999 -9999 -9999 -9999 -9999 -9999 -9999 -9999 -9999 -9999 -9999 1.18319499492645 1.25398644804955 1.14413174986839 0.991627782583237 0.775954127311707 0.754328638315201 0.769227772951126 0.717377096414566 0.762450009584427 0.93818324804306 1.02635796368122 1.51888808837304 0.700883120298386 0.705992370843887 0.709829226136208 1.18528501689434 -9999 1.72034447193146 1.13251420855522 1.27510499954224 1.73171192407608 1.00761517882347 0.92554172873497 0.958551853895187 1.46491084992886 -9999 3.65225769281387 2.17209076881409 2.19376480579376 2.27326530218124 1.97995269298553 1.67665636539459 1.45217004418373 1.23251178860664 1.11712020635605 1.13138321042061 0.99191603064537 0.826264142990112 0.756473779678345 0.674531534314156 0.627201810479164 0.681219264864922 0.752692222595215 0.787453025579453 0.778914123773575 0.738451570272446 0.63301357626915 0.53238433599472 0.473259642720222 0.445149332284927
-9999 -9999 -9999 -9999 -9999 -9999 -9999 -9999 -9999 4.14409047961235 1.29772987961769 1.07531628012657 0.949555724859238 0.755411893129349 0.589734122157097 0.475234687328339 0.435449749231339 0.506697356700897 0.590909421443939 0.81245943903923 1.26445162296295 1.52713108062744 1.32357385754585 1.43074724078178 0.992227435112 0.908248096704483 1.1310448050499 1.1857490837574 1.01909306645393 0.908941268920898 0.809359073638916 0.749709293246269 0.798904895782471 1.09250378608704 1.45149037241936 1.73330068588257 2.03901994228363 2.06292754411697 1.98391807079315 1.80835819244385 1.85112082958221 1.70803678035736 1.59023505449295 1.26935237646103 0.845640778541565 0.697602599859238 0.624087944626808 0.566555052995682 0.540531724691391 0.511213257908821 0.484423130750656 0.471100777387619 0.473533809185028 0.488721862435341 0.487968027591705 0.483481183648109 0.480751052498817 0.481888443231583 0.476658314466476 0.478885218501091 0.461437091231346
-9999 -9999 -9999 -9999 -9999 -9999 -9999 -9999 -9999 -9999 2.10366904735565 0.962861984968185 0.677920639514923 0.516121968626976 0.421166270971298 0.426050707697868 0.454524993896484 0.506352782249451 0.575716897845268 0.791832894086838 1.12867820262909 1.28950667381287 1.35179740190506 1.29507225751877 1.11549201607704 0.909409582614899 0.829580247402191 0.806490361690521 0.806420177221298 0.794567406177521 0.73114863038063 0.700920268893242 0.818616807460785 1.12495082616806 1.36214071512222 1.5047248005867 1.67740577459335 1.81611692905426 1.89568340778351 1.79972845315933 1.60888159275055 1.27851632237434 0.947466373443604 0.659838080406189 0.559621766209602 0.531971722841263 0.511715993285179 0.49499049782753 0.474966332316399 0.49150362610817 0.520955443382263 0.501719400286674 0.493364498019218 0.486763268709183 0.483966082334518 0.485937595367432 0.481320887804031 0.514769732952118 0.537250220775604 0.545283168554306 0.54575814306736
4.13654887676239 -9999 -9999 -9999 -9999 -9999 -9999 -9999 -9999 -9999 1.07521516084671 0.702886193990707 0.557757720351219 0.447322592139244 0.420029774308205 0.453478619456291 0.529093891382217 0.625232264399529 0.661285668611526 0.712010309100151 0.867159426212311 0.976864367723465 0.941420942544937 0.903851598501205 0.820545047521591 0.768821060657501 0.747065037488937 0.743552774190903 0.779509127140045 0.776400446891785 0.740886390209198 0.717160016298294 0.831113398075104 1.0311841070652 1.23684570193291 1.18062472343445 1.17984008789062 1.15177112817764 1.12557327747345 0.966030925512314 0.756892561912537 0.620902821421623 0.556158274412155 0.542428761720657 0.555184006690979 0.574865967035294 0.576890274882317 0.554807335138321 0.587471053004265 0.656827077269554 0.66270723938942 0.647378906607628 0.610797420144081 0.593646302819252 0.593874782323837 0.59775111079216 0.585915595293045 0.625997588038445 0.666042655706406 0.683379739522934 0.698299884796143
0.655799970030785 0.515350833535194 0.553804725408554 1.12772369384766 1.59087359905243 2.37079471349716 -9999 -9999 3.22428596019745 1.82394880056381 1.09944838285446 0.767745405435562 0.566368818283081 0.479885950684547 0.557988032698631 0.591223508119583 0.74260139465332 0.802091807126999 0.758001029491425 0.760596245527267 0.762621760368347 0.727800339460373 0.772495150566101 0.790713876485825 0.757166773080826 0.751349240541458 0.736991733312607 0.712275758385658 0.654310047626495 0.620120108127594 0.60125894844532 0.591164276003838 0.596362441778183 0.600960373878479 0.597031205892563 0.58753314614296 0.573678240180016 0.575078576803207 0.568987280130386 0.550195813179016 0.530769601464272 0.5357815772295 0.539653033018112 0.556240126490593 0.574670478701591 0.600111767649651 0.635980635881424 0.670210003852844 0.709950685501099 0.728001147508621 0.701143607497215 0.720250234007835 0.693079277873039 0.709912776947021 0.754518806934357 0.768579393625259 0.813251137733459 0.828328281641006 0.815965533256531 0.818027168512344 0.893053472042084
0.534813612699509 0.528981417417526 0.596275761723518 0.825031578540802 1.25679668784142 1.43586185574532 1.49381929636002 1.88916063308716 1.47267624735832 1.10534289479256 0.80585566163063 0.675824269652367 0.643237352371216 0.557706713676453 0.558912232518196 0.627229169011116 0.78468918800354 0.88126203417778 0.77941820025444 0.820519119501114 0.94066447019577 0.981434762477875 0.943278551101685 0.885046899318695 0.852489709854126 0.800171792507172 0.766446501016617 0.717098280787468 0.679511994123459 0.642164871096611 0.626604795455933 0.634647980332375 0.658305466175079 0.620311841368675 0.559212148189545 0.555403813719749 0.546056315302849 0.561379551887512 0.584206402301788 0.601289257407188 0.617730885744095 0.640478700399399 0.644329234957695 0.661073639988899 0.663977488875389 0.667067483067513 0.705820396542549 0.761047393083572 0.740832477807999 0.739525392651558 0.757830083370209 0.752817302942276 0.784191906452179 0.747252568602562 0.737837433815002 0.817525684833527 0.84640771150589 0.897531151771545 0.903530716896057 0.847191005945206 0.852016568183899
0.490432977676392 0.524643614888191 0.583279877901077 0.650868460536003 0.725517332553864 0.799805134534836 0.895283907651901 0.831930488348007 0.797694683074951 0.748164653778076 0.714565873146057 0.681729197502136 0.643295377492905 0.599263250827789 0.593269988894463 0.620419800281525 0.751351207494736 0.813509881496429 0.741903975605965 0.921055197715759 1.09557527303696 1.0758983194828 1.02268123626709 0.977649629116058 0.935489326715469 0.894105970859528 0.813564598560333 0.763313233852386 0.781846672296524 0.785198628902435 0.77372270822525 0.758482396602631 0.755079656839371 0.705156192183495 0.637437745928764 0.56937213242054 0.554411441087723 0.594248995184898 0.596081480383873 0.602567285299301 0.641269907355309 0.681782081723213 0.724788755178452 0.722557872533798 0.736523196101189 0.820161402225494 0.939242273569107 0.844921410083771 0.755690574645996 0.780288308858871 0.822690546512604 0.837382704019547 0.871022343635559 0.880802839994431 0.858880072832108 0.807308971881866 0.774173319339752 0.794429004192352 0.887751370668411 0.83935484290123 0.794749885797501
0.473694339394569 0.549707114696503 0.573076531291008 0.61057148873806 0.65079939365387 0.69554378092289 0.778158366680145 0.759369850158691 0.659179374575615 0.628512874245644 0.600132778286934 0.620985969901085 0.616999581456184 0.59739451110363 0.588007360696793 0.616356164216995 0.650205999612808 0.719912678003311 0.756486743688583 0.892701297998428 1.02139636874199 1.07851213216782 1.01130071282387 0.98905536532402 0.991712987422943 0.921562045812607 0.868325382471085 0.862101405858994 0.878119826316833 0.860160738229752 0.842435091733932 0.832888662815094 0.771541446447372 0.728689983487129 0.684138402342796 0.647523522377014 0.618552222847939 0.594134241342545 0.573619902133942 0.583762362599373 0.602565586566925 0.665566831827164 0.708108857274055 0.721004471182823 0.751521706581116 0.830814510583878 0.807795345783234 0.838607132434845 0.806808561086655 0.866642117500305 0.881504952907562 0.876779526472092 0.877767115831375 0.865590155124664 0.852662980556488 0.841851353645325 0.823696464300156 0.810464680194855 0.791770309209824 0.813080102205276 0.842339873313904
0.488099455833435 0.547567337751389 0.606904461979866 0.659534186124802 0.683627799153328 0.704163283109665 0.77916419506073 0.943047702312469 0.9427649974823 0.800373673439026 0.640008419752121 0.541950970888138 0.5433369576931 0.56151057779789 0.594145193696022 0.624858811497688 0.663320749998093 0.739624813199043 0.867227554321289 0.936470478773117 0.958080589771271 0.973939597606659 1.0212008357048 0.964711725711823 0.959978431463242 0.957415848970413 1.00585636496544 0.927876144647598 0.872363269329071 0.855429589748383 0.851001352071762 0.844398468732834 0.806208908557892 0.764818042516708 0.765686541795731 0.714624211192131 0.685615450143814 0.689143180847168 0.704600796103477 0.722934901714325 0.76514008641243 0.783151209354401 0.743059247732162 0.721021771430969 0.721272826194763 0.759253084659576 0.834243088960648 0.865878582000732 0.856642842292786 0.865470081567764 0.866473853588104 0.865327745676041 0.823429226875305 0.83094111084938 0.91728213429451 1.00279140472412 1.02869993448257 1.05051210522652 1.05559846758842 1.20214614272118 1.23441749811172
0.581105679273605 0.607884675264359 0.645349413156509 0.685048162937164 0.724294736981392 0.783308386802673 0.983386516571045 1.30437657237053 1.49877431988716 1.24171024560928 0.942361503839493 0.697678819298744 0.56863921880722 0.549201965332031 0.570547878742218 0.583028197288513 0.605847269296646 0.704504907131195 0.889239817857742 1.01580619812012 1.04844734072685 1.05018550157547 1.01843628287315 0.948624193668365 0.923783808946609 0.934043437242508 0.973719298839569 0.971890658140182 0.974105805158615 0.953235894441605 0.964302599430084 0.945773631334305 0.905075311660767 0.875712633132935 0.85827711224556 0.877223253250122 0.902110934257507 0.872769176959991 0.850941181182861 0.86871001124382 0.956530004739761 0.939975678920746 0.854032427072525 0.784124225378036 0.744068250060081 0.769482851028442 0.839156448841095 0.885848701000214 0.906642526388168 0.893285304307938 0.907592296600342 0.872519016265869 0.867792874574661 0.931915730237961 1.19271773099899 1.65545904636383 1.84026038646698 1.89313012361526 1.86235338449478 2.05046904087067 2.23697769641876
0.766081988811493 0.707273215055466 0.699567228555679 0.730397880077362 0.772293001413345 0.831669867038727 1.04533508419991 1.17361029982567 1.21164268255234 1.3638664484024 1.45647910237312 1.25654232501984 0.858985304832458 0.679103672504425 0.68336047232151 0.744611889123917 0.824587136507034 0.900332361459732 1.02792271971703 1.09321171045303 1.00485983490944 0.951148420572281 0.94709587097168 0.998359233140945 1.05865108966827 1.11935269832611 1.08516579866409 1.09234598278999 1.08380904793739 1.09261634945869 1.11713057756424 1.05864849686623 1.08971053361893 1.22201067209244 1.31321275234222 1.31093716621399 1.19926303625107 1.08592414855957 1.08775582909584 1.034215092659 1.00591725111008 0.993666619062424 0.893018871545792 0.877552449703217 0.792242735624313 0.762430787086487 0.836115539073944 0.94282990694046 1.04149720072746 1.16129386425018 1.01612368226051 0.991144359111786 1.21679118275642 1.63360047340393 2.24647182226181 2.6969279050827 2.96943444013596 3.08379542827606 -9999 -9999 -9999
0.870905935764313 0.825672447681427 0.753712981939316 0.70619934797287 0.723331332206726 0.78799170255661 0.76637801527977 0.679465860128403 0.704151749610901 0.818157255649567 0.932402282953262 1.00023213028908 0.871776044368744 0.790814012289047 0.77514186501503 0.763555347919464 0.818889856338501 0.894378483295441 0.960959583520889 0.927305817604065 0.944755107164383 1.06059023737907 1.25078165531158 1.35497215390205 1.24910572171211 1.08487692475319 1.12752985954285 1.15429258346558 1.16067364811897 1.12818637490273 1.26586237549782 1.455580919981 1.50956565141678 1.80263042449951 2.0822206735611 2.18672651052475 1.81130218505859 1.32071775197983 1.26468685269356 1.23319807648659 1.10030016303062 1.04175201058388 0.981119424104691 1.03340828418732 0.895656287670135 0.881081253290176 0.911227852106094 1.04710051417351 1.1677873134613 1.344348102808 1.44450259208679 2.26462233066559 3.58506810665131 4.10595989227295 4.72813653945923 2.96735819578171 -9999 -9999 -9999 -9999 -9999
1.09239086508751 1.21545705199242 1.28088167309761 1.03318119049072 0.938926130533218 0.740244626998901 0.629993095993996 0.617431372404099 0.559062659740448 0.547831758856773 0.61643622815609 0.69360476732254 0.680004268884659 0.588812068104744 0.543874472379684 0.546485245227814 0.62560947239399 0.715056404471397 0.759723633527756 0.809980720281601 0.825057595968246 0.931139498949051 1.04664659500122 0.954519689083099 0.938461124897003 1.05274549126625 1.1089534163475 1.16092908382416 1.20119538903236 1.21284601092339 -9999 -9999 -9999 -9999 -9999 -9999 3.14426672458649 1.26064628362656 1.16909167170525 1.17231470346451 1.20539948344231 1.20202910900116 1.11188355088234 1.14762380719185 1.06308871507645 1.08251675963402 1.29649320244789 1.30265924334526 1.25358018279076 1.22066706418991 2.04754972457886 4.83675599098206 7.51293396949768 9.40740394592285 1.9762424826622 1.97624230384827 -9999 -9999 -9999 -9999 -9999
0.947347193956375 1.06818240880966 1.3541331589222 1.08478492498398 0.720555737614632 0.604280143976212 0.588927492499352 0.590696230530739 0.528516322374344 0.489642396569252 0.479055181145668 0.468640074133873 0.433758303523064 0.455169662833214 0.52264067530632 0.513908565044403 0.492256745696068 0.562169998884201 0.725624442100525 0.880594164133072 0.903871178627014 0.851395189762115 0.764985769987106 0.778116166591644 0.813079923391342 0.946586072444916 1.02747693657875 1.04379639029503 1.03512185811996 0.822981655597687 -9999 -9999 -9999 -9999 -9999 -9999 14.2153487205505 9.10505962371826 3.96393656730652 1.80140751600266 2.02220231294632 2.02461129426956 1.61234450340271 1.39121872186661 1.1498908996582 1.45843809843063 1.58760648965836 1.64234161376953 1.68753325939178 2.60063534975052 7.40973329544067 10.1775434017181 9.71629786491394 -9999 -9999 -9999 -9999 -9999 -9999 -9999 -9999
0.840826213359833 0.829811185598373 0.966278940439224 0.838395684957504 0.637151151895523 0.542115613818169 0.500666543841362 0.503082811832428 0.503425106406212 0.474658772349358 0.50967313349247 0.573038220405579 0.510968953371048 0.484570696949959 0.48604528605938 0.472286984324455 0.500668466091156 0.570927947759628 0.805110812187195 1.3492588698864 1.20695453882217 0.837473685326784 0.954563945531845 0.890971451997757 0.816983610391617 0.894283980131149 0.894902229309082 0.905186086893082 0.930659562349319 0.855517029762268 -9999 -9999 -9999 -9999 -9999 -9999 -9999 3.59326034784317 10.9589502811432 4.10864961147308 4.59327757358551 8.9073851108551 16.170919418335 7.19003963470459 3.51603448390961 2.93431413173676 3.07751548290253 2.98036873340607 3.71608579158783 4.85967922210693 10.3648495674133 13.0753326416016 4.68140190839767 4.52099990844727 -9999 -9999 -9999 -9999 -9999 -9999 -9999
0.622344195842743 0.689601391553879 0.737728536128998 0.536988571286201 0.455959841609001 0.439163982868195 0.44879449903965 0.832337737083435 0.752095341682434 0.649145051836967 0.652599737048149 0.692273899912834 0.595093443989754 0.539383515715599 0.477519974112511 0.470498755574226 0.529257327318192 0.666804850101471 0.798807263374329 0.891045302152634 0.962017893791199 0.835511863231659 0.810119926929474 0.827946960926056 0.843227595090866 0.864692956209183 0.916512697935104 0.99313098192215 1.06936320662498 1.14949429035187 1.43214909732342 -9999 -9999 -9999 -9999 -9999 -9999 -9999 5.4728022813797 10.9231849908829 12.8727807998657 19.7814888954163 54.3724708557129 22.7411556243896 6.42739820480347 4.89937233924866 3.91878139972687 6.55757188796997 8.97188186645508 16.7679462432861 25.7667446136475 25.7997980117798 5.30461889505386 5.87081882357597 -9999 -9999 -9999 -9999 -9999 -9999 -9999
0.46163047850132 0.685310527682304 0.743168368935585 0.574862390756607 0.512890219688416 0.800915122032166 0.797042280435562 0.656678840517998 0.614501059055328 0.629678383469582 0.61486990749836 0.779824912548065 0.723280191421509 0.567400261759758 0.506042048335075 0.499778285622597 0.478118106722832 0.552138760685921 0.599257618188858 0.602319449186325 0.577296003699303 0.53438700735569 0.583348900079727 0.772514998912811 0.879811227321625 0.957581073045731 1.05782228708267 1.22053089737892 1.19534066319466 1.58373498916626 1.65523624420166 2.01103065695081 -9999 -9999 -9999 -9999 -9999 -9999 -9999 -9999 -9999 -9999 -9999 -9999 -9999 -9999 -9999 3.65490746498108 7.64227259159088 6.53098100423813 7.54752713441849 10.5738226175308 -9999 -9999 -9999 -9999 -9999 -9999 -9999 -9999 -9999
0.389066085219383 0.463430643081665 0.5118518024683 0.437713712453842 0.434429123997688 0.675555199384689 0.662351220846176 0.532482638955116 0.482752427458763 0.538353055715561 0.643658727407455 0.730834186077118 0.675976172089577 0.609624132514 0.569793418049812 0.542013019323349 0.529242932796478 0.54882587492466 0.555168181657791 0.541923478245735 0.534883484244347 0.544329017400742 0.597241088747978 0.797586500644684 0.903765678405762 1.55080215289043 -9999 1.28286835551262 1.30227264761925 1.44544994831085 1.56977051496506 1.47147533297539 1.48209983110428 -9999 -9999 -9999 -9999 -9999 -9999 -9999 -9999 -9999 -9999 -9999 -9999 -9999 -9999 -9999 -9999 -9999 -9999 -9999 -9999 -9999 -9999 -9999 -9999 -9999 -9999 -9999 -9999
0.401202455163002 0.429026663303375 0.418782815337181 0.412122845649719 0.459533214569092 0.682604178786278 0.558091029524803 0.525353506207466 0.558169484138489 0.536835506558418 0.631389141082764 0.647809311747551 0.589837074279785 0.587501406669617 0.600511685013771 0.635318577289581 0.662752613425255 0.671968773007393 0.637368142604828 0.59700420498848 0.602064236998558 0.578756108880043 0.587123438715935 0.667089521884918 0.737731486558914 0.902633786201477 1.02064114809036 1.01668587327003 1.1027452647686 1.25306019186974 1.38491588830948 1.37648758292198 1.3894530236721 -9999 -9999 -9999 -9999 -9999 -9999 -9999 -9999 -9999 -9999 -9999 -9999 -9999 -9999 -9999 -9999 -9999 -9999 -9999 -9999 -9999 -9999 -9999 -9999 -9999 -9999 -9999 -9999
0.44047012925148 0.51668107509613 0.438624233007431 0.413148745894432 0.471114903688431 0.618343412876129 0.599970504641533 0.550421789288521 0.634614899754524 0.691842868924141 0.737048774957657 0.838589072227478 0.715172410011292 0.644786462187767 0.657257348299026 0.700722545385361 0.718690127134323 0.710448682308197 0.673671886324883 0.595058754086494 0.58263324201107 0.559860214591026 0.561658680438995 0.621513023972511 0.759190857410431 0.962462961673737 1.11039832234383 1.04496574401855 1.04060840606689 1.09051233530045 1.34415605664253 1.5902373790741 1.60900783538818 -9999 -9999 -9999 -9999 -9999 -9999 -9999 -9999 -9999 -9999 -9999 -9999 -9999 -9999 -9999 -9999 -9999 -9999 -9999 -9999 -9999 -9999 -9999 -9999 -9999 -9999 -9999 -9999
0.445664003491402 0.44855672121048 0.410388976335526 0.406790435314178 0.513598278164864 0.595041677355766 0.612093731760979 0.646880105137825 0.679140463471413 0.826267898082733 0.997441917657852 0.966021806001663 0.82839024066925 0.853588432073593 0.91789036989212 0.922854691743851 0.832522183656693 0.745920538902283 0.725758910179138 0.61039437353611 0.582891091704369 0.639316812157631 0.682474717497826 0.735433280467987 0.945226103067398 1.10230234265327 1.50531935691833 1.3073902130127 1.16273805499077 1.2820143699646 1.31959274411201 1.6384157538414 1.68447956442833 -9999 -9999 -9999 -9999 -9999 -9999 -9999 -9999 -9999 -9999 -9999 -9999 -9999 -9999 -9999 -9999 -9999 -9999 -9999 -9999 -9999 -9999 -9999 -9999 -9999 -9999 -9999 -9999
