EcologicalScience/Bass/data/rs_data_bass/chl_343.asc
NCOLS 226 
NROWS 124 
XLLCORNER -9.41648524995501 
YLLCORNER 47.587301625531 
CELLSIZE 0.0833 
NODATA_value -9999 
[rows 54 to 80 of 124, columns 0 to 60 of 226]
-9999 -9999 -9999 -9999 -9999 -9999 -9999 -9999 -9999 -9999 -9999 -9999 -9999 -9999 -9999 -9999 -9999 -9999 -9999 -9999 -9999 -9999 -9999 -9999 -9999 -9999 -9999 -9999 -9999 -9999 -9999 -9999 -9999 -9999 -9999 -9999 -9999 -9999 5.25047037824692 4.99087100028992 2.98903920650482 0.761904001235962 0.644967019557953 1.11666825413704 1.08536624908447 1.10434949398041 0.951438724994659 0.862914741039276 0.585591003298759 0.587141990661621 0.570415511727333 0.548845499753952 0.56998273730278 0.690419241786003 1.07326278090477 1.40092796087265 2.02074158191681 2.63064336776733 -9999 0.607058599591255 0.62790758907795
-9999 -9999 -9999 -9999 -9999 -9999 -9999 -9999 -9999 -9999 -9999 -9999 -9999 -9999 -9999 -9999 -9999 -9999 -9999 -9999 -9999 -9999 -9999 -9999 -9999 -9999 -9999 -9999 -9999 -9999 -9999 -9999 -9999 -9999 -9999 -9999 -9999 -9999 -9999 2.53082564473152 3.13157876729965 2.28709048032761 0.745276495814323 0.91591277718544 0.991638779640198 0.986681252717972 0.856870472431183 0.704285994172096 0.591776981949806 0.538164004683495 0.573243007063866 0.559683009982109 0.599354982376099 0.704444244503975 0.931182771921158 1.06777122616768 2.00502941012383 2.66173777552698 -9999 -9999 -9999
-9999 -9999 -9999 -9999 -9999 -9999 -9999 -9999 -9999 -9999 -9999 -9999 -9999 -9999 -9999 -9999 -9999 -9999 -9999 -9999 -9999 -9999 -9999 -9999 -9999 -9999 -9999 -9999 -9999 -9999 -9999 -9999 -9999 -9999 -9999 -9999 -9999 -9999 -9999 -9999 1.74781594276428 1.82376152276993 1.85520601272583 2.05157917737961 1.57987868785858 0.875188529491425 0.825693726539612 0.646193996071815 0.613059729337692 0.556795477867126 0.48096826672554 0.564388498663902 0.70711724460125 0.885443955659866 1.02603748440742 1.35387003421783 1.36923453211784 1.50664794445038 2.61288742508207 -9999 -9999
-9999 -9999 -9999 -9999 -9999 -9999 -9999 -9999 -9999 -9999 -9999 -9999 -9999 -9999 -9999 -9999 -9999 -9999 -9999 -9999 -9999 -9999 -9999 -9999 -9999 -9999 -9999 -9999 -9999 -9999 -9999 -9999 -9999 -9999 -9999 -9999 -9999 -9999 -9999 -9999 1.31406824290752 2.45521953105927 2.35541796684265 1.34418448805809 1.21564123034477 2.14431595802307 0.991748213768005 0.839766025543213 0.636134997010231 0.637056738138199 0.541148990392685 0.580459490418434 0.71925450861454 0.79323747754097 0.880057543516159 0.971460789442062 0.93863171339035 0.759176284074783 0.808041036128998 1.95252639055252 2.29316753149033
-9999 -9999 -9999 -9999 -9999 -9999 -9999 -9999 -9999 -9999 -9999 -9999 -9999 -9999 -9999 -9999 -9999 -9999 -9999 -9999 -9999 -9999 -9999 -9999 -9999 -9999 -9999 -9999 -9999 -9999 -9999 -9999 -9999 -9999 -9999 -9999 -9999 -9999 -9999 -9999 -9999 3.73661341667175 2.24854463338852 2.3618201315403 2.74452218413353 1.8960599899292 1.07212874293327 1.0108380317688 0.787442207336426 0.686786234378815 0.6197489798069 0.629729256033897 0.743828997015953 0.778248757123947 0.759591042995453 0.629305511713028 0.534959256649017 0.594018012285233 0.606379508972168 1.20874536037445 1.75055968761444
-9999 -9999 -9999 -9999 -9999 -9999 -9999 -9999 -9999 -9999 -9999 -9999 -9999 -9999 -9999 -9999 -9999 -9999 -9999 -9999 -9999 -9999 -9999 -9999 -9999 -9999 -9999 -9999 -9999 -9999 -9999 -9999 -9999 -9999 -9999 -9999 -9999 -9999 -9999 -9999 -9999 4.12053726911545 2.55064922571182 1.57664626836777 1.64466226100922 1.3791915178299 1.33283177018166 0.98090323805809 0.88776370882988 0.806533455848694 0.720821231603622 0.738743260502815 0.723141744732857 0.76112625002861 0.732738733291626 0.629281505942345 0.599548503756523 0.717141017317772 0.959429025650024 1.25565551627766 -9999
-9999 -9999 -9999 -9999 -9999 -9999 -9999 -9999 -9999 -9999 -9999 -9999 -9999 -9999 -9999 -9999 -9999 -9999 -9999 -9999 -9999 -9999 -9999 -9999 -9999 -9999 -9999 -9999 -9999 -9999 -9999 -9999 -9999 -9999 -9999 -9999 -9999 -9999 -9999 -9999 3.70870888233185 3.63288635015488 3.6845566034317 1.65131705999374 1.6330184340477 1.06622403860092 1.10791423916817 1.11175203323364 0.993440955877304 0.841057509183884 0.739429503679276 0.722393989562988 0.74941049516201 0.848231256008148 1.03434070944786 0.883188039064407 0.574804499745369 -9999 -9999 1.49343550205231 1.57751646637917
-9999 -9999 -9999 -9999 -9999 -9999 -9999 -9999 -9999 -9999 -9999 -9999 -9999 -9999 -9999 -9999 -9999 -9999 -9999 -9999 -9999 -9999 -9999 -9999 -9999 -9999 -9999 -9999 -9999 -9999 -9999 -9999 -9999 -9999 -9999 -9999 -9999 -9999 -9999 2.63474857807159 2.40321296453476 2.82878619432449 2.84278428554535 3.02951717376709 1.26274310052395 1.10752353072166 1.15296372771263 1.04746350646019 1.09118700027466 0.933317273855209 0.858356237411499 0.722265020012856 0.692851513624191 0.746943756937981 0.930087000131607 1.09486456428255 1.19732549786568 0.851679772138596 1.71491700410843 0.909743964672089 0.907799988985062
-9999 -9999 -9999 -9999 -9999 -9999 -9999 -9999 -9999 -9999 -9999 -9999 -9999 -9999 -9999 -9999 -9999 -9999 -9999 -9999 -9999 -9999 -9999 -9999 -9999 -9999 -9999 -9999 -9999 -9999 -9999 -9999 -9999 -9999 -9999 -9999 -9999 -9999 -9999 2.93306028842926 1.80072981119156 3.56837689876556 2.58908325433731 1.32288336753845 1.19622297585011 1.01118153333664 1.02272924780846 0.956525266170502 1.01504775881767 0.876873761415482 0.78187420964241 0.769241273403168 0.710225254297256 0.717982515692711 0.772953718900681 0.96771302819252 1.05454650521278 1.13646072149277 1.04094824194908 0.923930257558823 0.930353254079819
-9999 -9999 -9999 -9999 -9999 -9999 -9999 -9999 -9999 -9999 -9999 -9999 -9999 -9999 -9999 -9999 -9999 -9999 -9999 -9999 -9999 -9999 -9999 -9999 -9999 -9999 -9999 -9999 -9999 -9999 -9999 -9999 -9999 -9999 -9999 -9999 -9999 -9999 4.79813134670258 3.32732105255127 1.88832378387451 3.39650416374207 2.89496326446533 1.10803538560867 0.865549981594086 0.922757238149643 0.8595210313797 0.833177268505096 0.801931500434875 0.703314006328583 0.63876973092556 0.634817987680435 0.663765728473663 0.729048013687134 0.844301998615265 0.887070000171661 0.830845534801483 0.771956205368042 0.709396496415138 0.773057967424393 0.901684463024139
-9999 -9999 -9999 -9999 -9999 -9999 -9999 -9999 -9999 -9999 -9999 -9999 -9999 -9999 -9999 -9999 -9999 -9999 -9999 -9999 -9999 -9999 -9999 -9999 -9999 -9999 -9999 -9999 -9999 -9999 -9999 -9999 -9999 -9999 -9999 -9999 -9999 -9999 5.90559675693512 2.72011345624924 2.46160054206848 4.09839677810669 2.86387431621552 0.824685752391815 0.842735260725021 0.952324524521828 0.826351895928383 0.771685123443604 0.716885626316071 0.671572521328926 0.696550503373146 0.693845272064209 0.720129758119583 0.69998998939991 0.701410487294197 0.663844496011734 0.644264236092567 0.560237243771553 0.622229978442192 0.62942473590374 0.906581997871399
-9999 -9999 -9999 -9999 -9999 -9999 -9999 -9999 -9999 -9999 -9999 -9999 -9999 -9999 -9999 -9999 -9999 -9999 -9999 -9999 -9999 -9999 -9999 -9999 -9999 -9999 -9999 -9999 -9999 -9999 -9999 -9999 -9999 -9999 -9999 -9999 -9999 2.21236696568402 4.06646847724915 3.11613965034485 2.77805918455124 2.83064550161362 0.786046475172043 0.673175230622292 0.882278233766556 0.837779603898525 0.780222371220589 0.510654732584953 0.632810980081558 0.710745736956596 0.811646282672882 0.809293538331985 0.808867514133453 0.676684498786926 0.625520244240761 0.569647505879402 0.502089008688927 0.494976013898849 0.624838516116142 0.738726764917374 0.663354769349098
-9999 -9999 -9999 -9999 -9999 -9999 -9999 -9999 -9999 -9999 -9999 -9999 -9999 -9999 -9999 -9999 -9999 -9999 -9999 -9999 -9999 -9999 -9999 -9999 -9999 -9999 -9999 -9999 -9999 -9999 -9999 -9999 -9999 -9999 -9999 -9999 -9999 7.68410694599152 4.82743728160858 3.14627480506897 3.24666917324066 2.07651597261429 1.20171600580215 0.680543258786201 0.666330769658089 0.627685502171516 0.584200501441956 0.527904734015465 0.733842015266418 0.914012968540192 1.01798996329308 0.949381470680237 0.691840499639511 0.74939551949501 0.706803739070892 0.625923737883568 0.564252018928528 0.604943990707397 0.664113745093346 0.668909266591072 0.577442988753319
-9999 -9999 -9999 -9999 -9999 -9999 -9999 -9999 -9999 -9999 -9999 -9999 -9999 -9999 -9999 -9999 -9999 -9999 -9999 -9999 -9999 -9999 -9999 -9999 -9999 -9999 -9999 -9999 -9999 -9999 -9999 -9999 -9999 -9999 -9999 -9999 6.60413497686386 5.20632672309875 3.83148300647736 3.51415121555328 2.32265621423721 1.34697675704956 0.891620278358459 0.654342010617256 0.732078015804291 0.725823730230331 0.643369495868683 0.602951243519783 0.792267769575119 0.95547679066658 1.0284112393856 1.01322975754738 0.945048004388809 0.786589533090591 0.896983534097672 0.792338222265244 0.609400480985641 0.603704228997231 0.59459026157856 0.57236248254776 0.469563022255898
-9999 -9999 -9999 -9999 -9999 -9999 -9999 -9999 -9999 -9999 -9999 -9999 -9999 -9999 -9999 -9999 -9999 -9999 -9999 -9999 -9999 -9999 -9999 -9999 -9999 -9999 -9999 -9999 -9999 -9999 -9999 28.7075234651566 1.73058671301061 -9999 2.10493344068527 2.44686602810931 2.62360879182816 1.35010278224945 1.39019778370857 2.0940300822258 1.18002596497536 0.862802267074585 0.744140267372131 0.660749986767769 0.64775924384594 0.717556491494179 0.716198980808258 0.671155482530594 0.681010499596596 0.867129027843475 1.06134447455406 1.33191820979118 1.3741919696331 0.988740742206573 0.86795175075531 0.815111964941025 0.755912214517593 0.624779999256134 0.569510981440544 0.996120750904083 1.03096275776625
-9999 -9999 -9999 -9999 -9999 -9999 -9999 -9999 -9999 -9999 -9999 -9999 -9999 -9999 -9999 -9999 -9999 -9999 -9999 -9999 -9999 -9999 0.346259817481041 7.4952284793059 6.16068483889103 7.80585524439812 0.481026738882065 2.69637143611908 0.870830208063126 0.770413488149643 0.699181482195854 1.36030277609825 2.10808342695236 2.90482270717621 0.930295497179031 1.07500496506691 0.98804247379303 0.958829283714294 0.942464232444763 1.06559997797012 0.822456032037735 0.7851442694664 0.740094736218452 0.746976748108864 0.760793209075928 0.766192495822906 0.77555850148201 0.79792195558548 0.834021717309952 0.972967475652695 1.94712066650391 2.50695669651031 2.38806974887848 2.57160830497742 1.97369241714478 1.36648124456406 1.39608228206635 2.71711013317108 3.5422262023477 -9999 -9999
-9999 -9999 -9999 -9999 -9999 -9999 -9999 -9999 -9999 -9999 -9999 -9999 -9999 -9999 -9999 -9999 -9999 -9999 -9999 -9999 -9999 -9999 1.47341510653496 0.341120257973671 0.332054257392883 0.366630747914314 0.508266001939774 0.443901747465134 1.59223651885986 1.04871448874474 1.09519574046135 1.29061728715897 1.16922453045845 1.38851997256279 1.4236124753952 1.04688745737076 0.794532001018524 0.981659263372421 0.836741209030151 0.906752228736877 0.842609256505966 0.946579456329346 1.02926927804947 0.925699532032013 0.899303287267685 0.995454043149948 1.2108082473278 1.4733202457428 1.82958233356476 2.18934595584869 5.92015635967255 4.18044912815094 3.64097929000854 5.43974339962006 5.76102161407471 -9999 -9999 -9999 -9999 -9999 -9999
-9999 -9999 -9999 -9999 -9999 -9999 -9999 -9999 -9999 -9999 -9999 -9999 -9999 -9999 -9999 -9999 -9999 -9999 -9999 32.5719388900919 3.00290094954627 0.604485020041466 0.331987492740154 0.334026753902435 0.363576740026474 0.375203266739845 0.373435489833355 0.371242493391037 0.363255009055138 0.399079486727715 0.422038480639458 0.481403991580009 0.560931757092476 0.680488497018814 0.80308797955513 0.832291513681412 0.797535717487335 0.825305968523026 0.683690249919891 0.743704497814178 0.75883349776268 0.869706004858017 1.0064377784729 1.02335849404335 1.07496303319931 1.12167745828629 1.35572621226311 1.77853792905807 2.06626957654953 2.64943420886993 38.6516647338867 -9999 -9999 -9999 -9999 -9999 -9999 -9999 -9999 -9999 -9999
-9999 -9999 -9999 -9999 -9999 -9999 -9999 -9999 -9999 -9999 -9999 -9999 -9999 -9999 -9999 -9999 -9999 0.673877254128456 0.495020270347595 0.295659005641937 0.337742239236832 0.562149748206139 0.418369486927986 0.380691736936569 0.398276254534721 0.42653252184391 0.42450150847435 0.391019985079765 0.373762495815754 0.379881754517555 0.370104745030403 0.407759249210358 0.479308515787125 0.548509508371353 0.612027749419212 0.646704733371735 0.645049497485161 0.610363483428955 0.571229249238968 0.712586984038353 0.808976233005524 0.875575482845306 0.912111729383469 0.793117493391037 0.895986020565033 1.14883875846863 1.33766403794289 1.91009330749512 1.50663824379444 1.3255814909935 1.60145278275013 -9999 -9999 -9999 -9999 -9999 -9999 -9999 -9999 -9999 -9999
-9999 -9999 -9999 -9999 -9999 -9999 -9999 -9999 -9999 -9999 -9999 -9999 -9999 -9999 6.72114765644073 0.243748493492603 0.281314507126808 0.308454751968384 0.348655499517918 0.335136003792286 0.344583749771118 0.382743000984192 0.39308850467205 0.398940771818161 0.399104252457619 0.408828020095825 0.400626763701439 0.364300489425659 0.374195247888565 0.393837735056877 0.382421985268593 0.394974008202553 0.415967255830765 0.557206481695175 0.671375244855881 0.597698986530304 0.580622255802155 0.573340505361557 0.680413484573364 0.80145451426506 0.777608960866928 0.663758978247643 0.738206997513771 0.665526732802391 0.933903783559799 1.17422246932983 1.55745899677277 1.74574041366577 1.53243827819824 1.63389533758163 2.69054174423218 2.23262039422989 -9999 -9999 -9999 -9999 -9999 -9999 -9999 -9999 -9999
-9999 -9999 -9999 -9999 -9999 -9999 -9999 -9999 -9999 -9999 -9999 3.49030880417143 9.80588766932487 0.223794758319855 0.236387260258198 0.266465239226818 0.29127375036478 0.310856245458126 0.342622496187687 0.386488482356071 0.388383731245995 0.37143000215292 0.372162759304047 0.384789749979973 0.395547017455101 0.358851000666618 0.343741491436958 0.350171260535717 0.381165012717247 0.422724768519402 0.401186987757683 0.395492255687714 0.453740984201431 0.438069730997086 0.509985744953156 0.620286762714386 0.617860481142998 0.657161995768547 0.765996783971786 0.711546018719673 0.637880980968475 0.603905260562897 0.518232017755508 0.717871896922588 1.18592700362206 1.33668145537376 1.40872201323509 1.5324599146843 1.46087470650673 1.52297258377075 1.42555426061153 -9999 -9999 -9999 -9999 -9999 7.59001592966013 5.62418460845947 6.13437557220459 4.7665593624115 6.73111921548843
-9999 -9999 -9999 -9999 -9999 -9999 -9999 -9999 -9999 3.66944396495819 0.706851239005725 0.200244002044201 0.268926009535789 0.291944995522499 0.3060412555933 0.310171499848366 0.322087503969669 0.336402744054794 0.332456991076469 0.339599244296551 0.339315757155418 0.34349325299263 0.340403996407986 0.339594751596451 0.354419253766537 0.386088743805885 0.384414732456207 0.374442011117935 0.409218728542328 0.415489509701729 0.405656263232231 0.408517509698868 0.516772493720055 0.51298052072525 0.562585517764091 0.659023493528366 0.793832212686539 0.885801762342453 0.662125512957573 0.648875266313553 0.623196020722389 0.536495983600616 0.485421761870384 0.639116607606411 0.812192603945732 1.05949124693871 1.12696123123169 1.27281823754311 1.35050770640373 1.54465502500534 1.7197380065918 1.65831005573273 1.76904755830765 2.76256865262985 3.15734088420868 2.50759416818619 2.38977152109146 1.41801828145981 0.891009718179703 0.721067994832993 1.91695725917816
-9999 -9999 -9999 -9999 -9999 0.851767256855965 0.317966245114803 0.246851250529289 0.417760491371155 0.429586485028267 0.343414507806301 0.284891992807388 0.29475300014019 0.297092244029045 0.28524224460125 0.290123239159584 0.294933758676052 0.289731748402119 0.278900250792503 0.275579251348972 0.278821505606174 0.305814005434513 0.316440001130104 0.320781759917736 0.331122010946274 0.386445745825768 0.362733006477356 0.367424994707108 0.420146986842155 0.405235514044762 0.403692752122879 0.415676236152649 0.441202506422997 0.526755765080452 0.581868767738342 0.761975258588791 0.863665491342545 0.898835957050323 0.874226957559586 0.629404485225677 0.629453256726265 0.664004266262054 0.601058229804039 0.484447494149208 0.469991996884346 0.627247497439384 0.672420009970665 0.85756579041481 1.10930621623993 1.32395178079605 1.66790181398392 1.78920668363571 1.82933396100998 2.29682993888855 2.25954151153564 2.06827872991562 1.98395991325378 1.8648367524147 2.2370685338974 2.07032918930054 2.28859341144562
-9999 -9999 -9999 -9999 -9999 0.352871999144554 0.339159741997719 0.297978758811951 0.282137252390385 0.290544010698795 0.296378239989281 0.282361507415771 0.258595503866673 0.243850506842136 0.254968509078026 0.250602744519711 0.247846506536007 0.256065756082535 0.271276496350765 0.270483747124672 0.270362243056297 0.274268992245197 0.282718509435654 0.292578756809235 0.307605743408203 0.347263500094414 0.36794775724411 0.391484990715981 0.388171479105949 0.385400980710983 0.409459501504898 0.40828800201416 0.394926756620407 0.52105875313282 1.01387473940849 1.02484354376793 0.991633504629135 0.966383993625641 0.967551022768021 0.68571075797081 0.695252984762192 0.633617252111435 0.533310011029243 0.479449510574341 0.416066989302635 0.374275490641594 0.546876758337021 0.527232751250267 0.662241742014885 0.729714006185532 0.992265790700912 1.17653551697731 1.27205845713615 1.25459852814674 1.62329167127609 1.92586433887482 2.40464633703232 1.80315524339676 1.07369175553322 1.10013601183891 1.29527851939201
-9999 -9999 -9999 -9999 -9999 0.309417754411697 0.320984244346619 0.309644244611263 0.263404503464699 0.247491739690304 0.241931989789009 0.261371992528439 0.265635743737221 0.257724747061729 0.242333248257637 0.247412994503975 0.249344252049923 0.240120001137257 0.254000253975391 0.265981502830982 0.267795749008656 0.270654760301113 0.272223740816116 0.276401996612549 0.313126489520073 0.345695994794369 0.401009246706963 0.399162769317627 0.400382995605469 0.498185992240906 0.577305749058723 0.596853017807007 0.574317008256912 0.69955649971962 0.981969773769379 1.20643946528435 0.988968729972839 0.929712027311325 0.971934020519257 0.719371899962425 0.521992519497871 0.540366008877754 0.538756504654884 0.4113539904356 0.337654508650303 0.371950507164001 0.435096770524979 0.498483762145042 0.459354758262634 0.472431018948555 0.651406511664391 0.772902756929398 0.863313764333725 0.892176032066345 1.06626453995705 1.06351724267006 1.12825727462769 1.11564221978188 1.52106821537018 2.20833411812782 0.894021034240723
-9999 -9999 -9999 -9999 -9999 0.298101000487804 0.305458500981331 0.322887003421783 0.312787503004074 0.281609259545803 0.277308002114296 0.285093739628792 0.281109005212784 0.278586745262146 0.271044753491879 0.254268005490303 0.252889506518841 0.246158257126808 0.246562510728836 0.25543425232172 0.244344748556614 0.255428999662399 0.269315242767334 0.2863440066576 0.325614005327225 0.352295994758606 0.414505496621132 0.449434518814087 0.529098004102707 0.623275503516197 0.674769759178162 0.668523743748665 0.679749771952629 0.722218483686447 0.700865238904953 1.10417845845222 1.01098045706749 1.01331827044487 0.920089513063431 0.540946483612061 0.561569228768349 0.52775926887989 0.486711770296097 0.348731249570847 0.308399252593517 0.347877748310566 0.383395493030548 0.229126498103142 0.251310758292675 0.268411494791508 0.351719990372658 0.592173010110855 0.703463271260262 0.707424759864807 0.817242711782455 1.02325800061226 1.01509201526642 0.996626973152161 1.75342762470245 2.11146864295006 2.41534647345543
-9999 -9999 -9999 -9999 -9999 0.366299249231815 0.377088770270348 0.378113999962807 0.449622005224228 0.396375730633736 0.33788774907589 0.318108759820461 0.282768756151199 0.281269490718842 0.279776260256767 0.277858503162861 0.268527008593082 0.253551006317139 0.23682975769043 0.237847499549389 0.236679755151272 0.246389999985695 0.26647574454546 0.291111744940281 0.343432500958443 0.370584011077881 0.424730256199837 0.440342992544174 0.595961228013039 0.630979478359222 0.688206732273102 0.685715228319168 0.712915509939194 0.744648769497871 0.778233736753464 0.858757495880127 1.31684178113937 1.23487123847008 1.43090325593948 1.68825531005859 0.422180235385895 0.304527752101421 0.312005996704102 0.457001253962517 0.230838753283024 0.412581760436296 0.381816744804382 0.383670017123222 0.349755004048347 0.381677269935608 0.397310256958008 0.421028986573219 0.678496509790421 0.735644236207008 0.856096476316452 0.928237527608871 0.949228495359421 1.02335250377655 1.39915873110294 1.61878350377083 2.94476965069771
