EcologicalScience/Bass/data/rs_data_bass/chl_464.asc
NCOLS 226 
NROWS 124 
XLLCORNER -9.41648524995501 
YLLCORNER 47.587301625531 
CELLSIZE 0.0833 
NODATA_value -9999 
[rows 54 to 80 of 124, columns 0 to 61 of 226]
-9999 -9999 -9999 -9999 -9999 -9999 -9999 -9999 -9999 -9999 -9999 -9999 -9999 -9999 -9999 -9999 -9999 -9999 -9999 -9999 -9999 -9999 -9999 -9999 -9999 -9999 -9999 -9999 -9999 -9999 -9999 -9999 -9999 -9999 -9999 -9999 -9999 -9999 5.6145783890766 4.05417371541262 1.88736304483916 2.73951736688614 1.74016584455967 1.75658923387527 1.81129194796085 1.75956113636494 1.52530117332935 1.37741976550647 1.5781823183809 1.79998151319368 1.96105442941189 2.08246393076011 2.30137848641191 2.52700905714716 2.56974947026798 2.77341938444546 3.26950144309264 3.65388632737673 3.24242877960205 0.607058599591255 0.62790758907795 3.21807048826114
-9999 -9999 -9999 -9999 -9999 -9999 -9999 -9999 -9999 -9999 -9999 -9999 -9999 -9999 -9999 -9999 -9999 -9999 -9999 -9999 -9999 -9999 -9999 -9999 -9999 -9999 -9999 -9999 -9999 -9999 -9999 -9999 -9999 -9999 -9999 -9999 -9999 -9999 -9999 2.19312710653652 3.00055790999356 2.66023693084717 2.37628865242004 2.25116629898548 1.91479504108429 1.68119958043098 1.40944296866655 1.46942602310862 1.44180453052888 1.70499097875186 1.73632267968995 1.91369934592928 2.19079013381686 2.40017288327217 2.66346775889397 2.88671200275421 3.01765969991684 3.30035754642046 -9999 -9999 -9999 -9999
-9999 -9999 -9999 -9999 -9999 -9999 -9999 -9999 -9999 -9999 -9999 -9999 -9999 -9999 -9999 -9999 -9999 -9999 -9999 -9999 -9999 -9999 -9999 -9999 -9999 -9999 -9999 -9999 -9999 -9999 -9999 -9999 -9999 -9999 -9999 -9999 -9999 -9999 -9999 2.61568164825439 2.50824451446533 2.53432601690292 2.28925837576389 2.35915899276733 2.08311869204044 1.90475636720657 1.79657452021326 1.49870258356844 1.87986302375793 1.65373837947845 1.72094622254372 2.00328724384308 2.29637886285782 2.47518733739853 2.58452791571617 2.70712949037552 2.81799494168338 2.61027894300573 1.79776632785797 1.65724718570709 -9999 -9999
-9999 -9999 -9999 -9999 -9999 -9999 -9999 -9999 -9999 -9999 -9999 -9999 -9999 -9999 -9999 -9999 -9999 -9999 -9999 -9999 -9999 -9999 -9999 -9999 -9999 -9999 -9999 -9999 -9999 -9999 -9999 -9999 -9999 -9999 -9999 -9999 -9999 -9999 -9999 -9999 3.12291002732057 2.83816762268543 2.74296471476555 2.71420693397522 2.72326749563217 2.20685991644859 2.09371752824102 2.03678803784507 1.57467769299235 1.59496855310031 1.36349018216133 2.05346742272377 2.27705145378907 2.44861339529355 2.52589755058289 2.55861018300056 2.72209483385086 2.53301240290914 2.85872240276898 3.1228989760081 2.51903702076091 -9999
-9999 -9999 -9999 -9999 -9999 -9999 -9999 -9999 -9999 -9999 -9999 -9999 -9999 -9999 -9999 -9999 -9999 -9999 -9999 -9999 -9999 -9999 -9999 -9999 -9999 -9999 -9999 -9999 -9999 -9999 -9999 -9999 -9999 -9999 -9999 -9999 -9999 -9999 -9999 -9999 2.66528051474999 3.22100514173508 2.82344537973404 2.80583654344082 2.61034562037541 2.56570165923664 2.23335562859263 1.83124163746834 1.82262319326401 1.61863759160042 1.33477202909333 1.91357692224639 1.96913741316114 2.32626243148531 2.48166025323527 2.38762212651117 2.56101753881999 2.71610171454293 2.88231397867203 3.11093675389009 1.80652170018716 -9999
-9999 -9999 -9999 -9999 -9999 -9999 -9999 -9999 -9999 -9999 -9999 -9999 -9999 -9999 -9999 -9999 -9999 -9999 -9999 -9999 -9999 -9999 -9999 -9999 -9999 -9999 -9999 -9999 -9999 -9999 -9999 -9999 -9999 -9999 -9999 -9999 -9999 -9999 -9999 -9999 2.5745165348053 2.36496299505234 2.88677829045516 2.83148186206818 2.75235299766064 2.34691718220711 2.28813402567591 1.69357572708811 1.49264899109091 1.39712584018707 1.38465388757842 1.62292973995209 2.16370543624674 2.22133527057511 2.4116500637361 2.51328230821169 2.83669353906925 3.0866975912026 3.2714133816106 1.71656472086906 -9999 -9999
-9999 -9999 -9999 -9999 -9999 -9999 -9999 -9999 -9999 -9999 -9999 -9999 -9999 -9999 -9999 -9999 -9999 -9999 -9999 -9999 -9999 -9999 -9999 -9999 -9999 -9999 -9999 -9999 -9999 -9999 -9999 -9999 -9999 -9999 -9999 -9999 -9999 -9999 -9999 -9999 3.26955190300941 2.90858566761017 2.79043034315109 2.26632705330849 2.24965514242649 1.95589788258076 1.84458340704441 1.73525355756283 1.40402434021235 1.38475579768419 1.55336051114968 1.67383733178888 2.24189506909426 2.31778533642109 2.46310790914756 2.78907965238278 2.97062916480578 -9999 -9999 2.63693231344223 2.61764873564243 2.67576107382774
-9999 -9999 -9999 -9999 -9999 -9999 -9999 -9999 -9999 -9999 -9999 -9999 -9999 -9999 -9999 -9999 -9999 -9999 -9999 -9999 -9999 -9999 -9999 -9999 -9999 -9999 -9999 -9999 -9999 -9999 -9999 -9999 -9999 -9999 -9999 -9999 -9999 -9999 -9999 2.17674412797479 2.20413277429693 2.77717550098896 2.33691334724426 2.12211938202381 1.77488575875759 1.73016884922981 1.6902144998312 1.49451536685228 1.48729895055294 1.62689173966646 1.64345864057541 1.75681896163867 1.81061732081267 2.09566584229469 2.485590018332 3.15473439693451 2.92456313279959 2.50493644292538 2.35778454175362 2.52970224160415 2.42009209211056 2.43441407038615
-9999 -9999 -9999 -9999 -9999 -9999 -9999 -9999 -9999 -9999 -9999 -9999 -9999 -9999 -9999 -9999 -9999 -9999 -9999 -9999 -9999 -9999 -9999 -9999 -9999 -9999 -9999 -9999 -9999 -9999 -9999 -9999 -9999 -9999 -9999 -9999 -9999 -9999 -9999 2.43188508599997 3.02403645515442 2.88731784820557 2.33116015791893 2.01267319917679 1.71965691447258 1.50320138037205 1.49209326931408 1.5790310140167 1.58257576472619 1.62624986171722 1.6559029519558 1.76456709320729 1.66542343222178 1.94597738981247 2.26628426863597 3.18573859333992 3.02563982743483 3.19366371631622 2.37644759966777 2.42768486188008 2.6049910233571 2.53568078921391
-9999 -9999 -9999 -9999 -9999 -9999 -9999 -9999 -9999 -9999 -9999 -9999 -9999 -9999 -9999 -9999 -9999 -9999 -9999 -9999 -9999 -9999 -9999 -9999 -9999 -9999 -9999 -9999 -9999 -9999 -9999 -9999 -9999 -9999 -9999 -9999 -9999 -9999 3.2950215773149 2.160748898983 2.17087696790695 1.92143948078156 1.92810761928558 1.78286494016647 1.33806638845376 1.47896489075252 1.47455635070801 1.59057775139809 1.68824978470802 1.65679678022861 1.67311318218708 1.57328002040203 1.77280363440514 1.71677588499509 1.71760131762578 2.17927351593971 2.60254114014762 2.36821867525578 2.47361625730991 2.39535135489244 2.9142380207777 2.90954419970512
-9999 -9999 -9999 -9999 -9999 -9999 -9999 -9999 -9999 -9999 -9999 -9999 -9999 -9999 -9999 -9999 -9999 -9999 -9999 -9999 -9999 -9999 -9999 -9999 -9999 -9999 -9999 -9999 -9999 -9999 -9999 -9999 -9999 -9999 -9999 -9999 -9999 -9999 2.21374259144068 2.06502832844853 2.17079109804971 1.96281210013798 1.44253603475434 1.51440904395921 1.47657546401024 1.4531786441803 1.58330501317978 1.73094207644463 1.59565336704254 1.53701214194298 1.61360064148903 1.71379212691234 1.72066993667529 1.72812838852406 1.79612319973799 2.01370557770133 2.02926229579108 2.35431517362595 2.40105405449867 2.52089086174965 2.38911901627268 2.94304166120641
-9999 -9999 -9999 -9999 -9999 -9999 -9999 -9999 -9999 -9999 -9999 -9999 -9999 -9999 -9999 -9999 -9999 -9999 -9999 -9999 -9999 -9999 -9999 -9999 -9999 -9999 -9999 -9999 -9999 -9999 -9999 -9999 -9999 -9999 -9999 -9999 -9999 10.7368090000558 1.94026568106243 1.85783303209714 2.04535712088857 1.77210645164762 1.43450180334704 1.52453861704894 1.58765832654067 1.54983819723129 1.60767470598221 1.47583935541265 1.40652231258505 1.4209854863584 1.53879343060886 1.71324446797371 1.80494816864238 1.87845283959593 1.87599309427398 1.94710753645216 2.10396176576614 2.93821572884917 2.50412140999522 2.67099090183482 2.46565106085369 2.84629030312811
-9999 -9999 -9999 -9999 -9999 -9999 -9999 -9999 -9999 -9999 -9999 -9999 -9999 -9999 -9999 -9999 -9999 -9999 -9999 -9999 -9999 -9999 -9999 -9999 -9999 -9999 -9999 -9999 -9999 -9999 -9999 -9999 -9999 -9999 -9999 -9999 2.28439056873322 2.23474460414478 2.31315111688205 1.94263651115554 1.7511274772031 1.57023975465979 1.43597503857953 1.5195205360651 1.56969234773091 1.6123815536499 1.59288829565048 1.5717190861702 2.71083128452301 3.4224625825882 1.5619796924293 1.73589372985503 1.85462822658675 1.95867945466723 2.05622990216528 2.07518191848482 2.26179541647434 2.96199856325984 2.99628937616944 2.8568560225623 3.00843521526882 3.03806046928678
-9999 -9999 -9999 -9999 -9999 -9999 -9999 -9999 -9999 -9999 -9999 -9999 -9999 -9999 -9999 -9999 -9999 -9999 -9999 -9999 -9999 -9999 -9999 -9999 -9999 -9999 -9999 -9999 -9999 -9999 -9999 -9999 -9999 -9999 -9999 -9999 2.4661973118782 2.45663486633982 2.21791252919606 1.80329474381038 1.64939872920513 1.48630883012499 1.46437103620597 1.2402308806777 1.56093554837363 1.46988820603916 1.52708598119872 1.56641960442066 1.6920026242733 1.68311482295394 1.68352458626032 1.76629694657666 2.03031951401915 2.04283722383635 2.17299860077245 2.24085382691451 2.30230252657618 2.77079481737954 2.77948245406151 2.80347637193544 3.23414029393877 3.43109674113137
-9999 -9999 -9999 -9999 -9999 -9999 -9999 -9999 -9999 -9999 -9999 -9999 -9999 -9999 -9999 -9999 -9999 -9999 -9999 -9999 -9999 -9999 -9999 -9999 -9999 -9999 -9999 -9999 -9999 -9999 -9999 2.13634727150202 1.88865496963263 2.14738583564758 2.10493344068527 2.08707185306213 2.14719796180725 2.03714091181755 1.93009312876633 1.63661185332707 1.46720025581973 1.5233333664281 1.56347792489188 1.55366441820349 1.49801685767514 1.48637275610651 1.51657093635627 1.66817167614188 1.71976286172867 1.88060861080885 2.11554087325931 2.44239492528141 2.70295601338148 2.11902627774647 2.8763616643846 2.69883856549859 2.74379565194249 2.6762101650238 2.78554184521948 3.1652261189052 2.96324031427503 3.2205376625061
-9999 -9999 -9999 -9999 -9999 -9999 -9999 -9999 -9999 -9999 -9999 -9999 -9999 -9999 -9999 -9999 -9999 -9999 -9999 -9999 -9999 -9999 0.346259817481041 2.89168778657913 2.98090882301331 3.20335274934769 3.07257117033005 2.82095228433609 3.84511851891875 2.29759519547224 2.16978480666876 1.9348550979048 1.98285643570125 1.88074272125959 1.77391857840121 1.95944102321352 1.93084719989981 1.71286457777023 1.49516222732408 1.37627119890281 1.33672299129622 1.406792227711 1.44690932546343 1.51371039875916 1.55570410404887 1.55779075409685 1.57529537379742 1.69255355894566 1.89617738127708 1.85653182864189 1.89297680743039 2.51786028407514 2.90421144291759 2.50230576992035 2.24881313528333 3.44573232159019 3.25760158896446 3.65527910739183 2.48393127322197 -9999 -9999 -9999
-9999 -9999 -9999 -9999 -9999 -9999 -9999 -9999 -9999 -9999 -9999 -9999 -9999 -9999 -9999 -9999 -9999 -9999 -9999 -9999 -9999 -9999 2.40106847882271 2.0166433788836 1.82421290874481 1.97820044159889 2.06556415557861 2.15783663392067 2.44534557312727 2.00476849079132 2.01077198423445 1.92752398923039 1.73449588380754 1.77461104094982 1.62626869976521 1.68143659830093 1.6486192792654 1.49334007501602 1.35507617252214 1.33319980118956 1.32643963822297 1.43897561941828 1.44134548519339 1.41395131817886 1.51348041210856 1.80061316703047 1.98578430712223 2.12319675832987 2.13916555792093 2.07380312494934 2.04052093997598 2.12103355675936 2.29749185219407 3.47961988869835 2.23939303681254 2.85959440469742 -9999 -9999 -9999 -9999 -9999 -9999
-9999 -9999 -9999 -9999 -9999 -9999 -9999 -9999 -9999 -9999 -9999 -9999 -9999 -9999 -9999 -9999 -9999 -9999 -9999 1.25614066531018 1.88828343153 1.48804686069489 1.423940294981 1.42765612006187 1.39190104007721 1.23542953468859 1.21859850883484 1.23049364984035 1.29580756723881 1.40230548195541 1.45129875652492 1.4944959897548 1.6331826467067 1.51606692373753 1.40533507056534 1.3915955211435 1.32078303822449 1.26917531234877 1.3407462656498 1.29559412002563 1.32328842878342 1.36208955517837 1.37599164247513 1.41695760190487 1.44757062409605 1.68903055787086 2.12946727446147 2.29933420568705 2.27093485370278 3.29238483905792 2.14078823849559 2.2603315114975 -9999 -9999 -9999 -9999 -9999 -9999 -9999 -9999 -9999 -9999
-9999 -9999 -9999 -9999 -9999 -9999 -9999 -9999 -9999 -9999 -9999 -9999 -9999 -9999 -9999 -9999 -9999 1.49152417977651 3.1364740388734 2.02881106138229 1.60304835088113 1.28314725458622 1.24056674838066 1.23408542275429 1.19993742406368 1.16634284052998 1.11301022619009 1.07311380654573 1.11549059450626 1.10399679927265 1.14122034050524 1.13816223442554 1.23541651368141 1.29688502848148 1.25159069257123 1.28030720140253 1.32230419559138 1.15898497700691 1.10929897427559 1.132161039114 1.1497932612896 1.221367841959 1.32470855329718 1.39536102967603 1.56184403811182 1.85363754630089 2.18597196681159 2.67858357514654 2.13458518006585 1.94981902566823 1.75604518435218 1.50760120153427 -9999 -9999 -9999 -9999 -9999 -9999 -9999 -9999 -9999 -9999
-9999 -9999 -9999 -9999 -9999 -9999 -9999 -9999 -9999 -9999 -9999 -9999 -9999 -9999 1.17828266059651 1.38664685189724 1.32894524931908 1.49075717478991 2.34619867801666 1.68931376721178 1.66243184464318 1.52653774406229 1.24266685824841 1.16939966976643 1.23245199769735 1.18931367695332 1.05906920135021 0.755501431013857 1.10441340655088 1.00337164016331 0.9235745575279 1.09535330709289 0.966719079762697 1.0008727312088 1.17590665817261 1.43054984935692 1.67769621312618 1.63112593122891 1.10538286566734 1.11918850541115 1.23834512829781 1.31122617721558 1.36846423149109 1.48467137983867 1.45880363881588 1.78920988312789 2.00944930315018 2.19553607276508 2.15429191078459 2.03211932097163 1.87987478077412 1.93233523517847 -9999 -9999 -9999 -9999 -9999 -9999 -9999 -9999 -9999 -9999
-9999 -9999 -9999 -9999 -9999 -9999 -9999 -9999 -9999 -9999 -9999 3.59322831375258 1.38433572649956 1.39020600914955 1.24068528413773 1.20458831638098 0.950646463562461 1.23372542113066 1.1559530608356 0.91417785865419 0.886840176768601 5.3465764708817 1.14334363383906 0.902206524275243 0.923921998590231 5.03799625039101 1.03678594529629 1.87437032392392 0.968031716697356 0.988421496223001 0.878278400091564 0.965801831334829 0.9859505991141 1.06968514007681 1.1991812646389 1.20677679777145 1.216544932127 1.06130582444808 1.02493879199028 1.18337914943695 1.30963363647461 1.26438075900078 1.22847991585731 1.39629892153399 1.39988296106458 1.88161532367979 2.19446619067873 2.16389048951013 1.98811557143927 2.25791379064322 1.64009502530098 -9999 -9999 -9999 -9999 -9999 -9999 2.76443159580231 2.48208347119783 2.62410130500793 2.43158818546094 -9999
-9999 -9999 -9999 -9999 -9999 -9999 -9999 -9999 -9999 1.64844596385956 1.44427344202995 1.28240472078323 1.24084424972534 0.866913901532398 0.85534811370513 0.839572945938391 0.880733433891745 0.860696990700329 0.854864853269914 1.33973793472563 1.28878718156081 0.868307752534747 0.87208578363061 1.09264144897461 1.01426473259926 0.880119941690389 1.92206046198096 1.90877038183121 2.47297934293747 3.49658271138157 1.1409204415977 1.18103551492095 1.05895384401083 1.14064355808146 1.16953899053966 1.21472005458439 1.2411492431865 1.10937309861183 1.11311156749725 1.15761874353184 1.24210692644119 1.22349237203598 1.37476234436035 1.649043405056 1.53339979265417 1.36640344373882 1.57004630193114 1.88727489709854 1.68199938961438 2.24678303514208 2.17919416353106 2.16162045300007 2.04578336079915 3.27900910377502 2.98826100826263 2.85166056156158 2.68647277355194 2.81031735880034 2.54354375175067 2.60125706025532 2.15086960165124 3.16605341434479
-9999 -9999 -9999 -9999 -9999 1.24103042326475 1.69880783557892 1.60556852817535 1.49035575985909 1.40297251939774 1.30053296685219 1.51817251529012 1.43136018301759 1.38158672409398 1.4040462651423 1.41340559082372 1.4007490256003 1.36911726210799 1.3615291012185 1.39710797942602 1.4118222961059 0.850284626707435 1.10392969250679 1.11683894395828 1.20650367526447 0.802837061531404 1.9911769261727 1.91176931134292 1.89782427996397 1.44166157526128 1.3700722977519 1.28030393123627 1.26672600507736 1.18220437690616 1.28481175899506 1.30067042743458 1.29873165312935 1.16440534964204 1.15127542614937 1.0693984746933 1.08711552619934 1.12363988161087 1.13336876034737 1.15892850756645 1.10502592921257 1.37617734713214 1.38479610851833 1.44496813416481 1.57915132386344 1.89372242242098 2.57406634092331 2.83128075088773 3.26187563794 2.49882037192583 2.506960272789 2.61074727773666 2.58534613847733 2.61783283948898 2.66949750185013 2.67483248710632 3.05737285954612 2.64719978347421
-9999 -9999 -9999 -9999 -9999 1.63323554167381 1.60146016111741 1.30646100640297 1.25805902481079 1.61279427890594 1.59159825283747 1.41427978660379 1.40864696247237 1.38323029875755 1.33992086138044 1.35704838165215 1.36520182447774 1.35359095675605 1.43380654283932 1.46232005953789 1.19909640550613 1.28366054296494 1.39862874150276 1.43057908304036 1.45180087164044 1.35945714922512 0.893387538691362 0.84401856114467 0.794649041312582 1.12692148983479 1.44852341273252 1.47342960624134 1.4643772482872 1.29684933423996 1.34689292486976 1.27728303741006 1.14013069868088 1.16002443783423 1.08305163383484 1.10565283298492 1.12865493893623 1.1377803504467 1.18684751391411 1.11109516620636 1.29698023375343 1.29737428707235 1.37762508222035 1.4600936536278 1.54941955421652 1.62996560760907 1.7147484592029 1.75380265340209 1.87120490074158 1.93184052705765 2.22517576217651 2.06420593261719 2.42699028764452 2.59931690352304 2.27428166781153 2.3847838640213 4.02661592960358 3.78423960506916
-9999 -9999 -9999 -9999 -9999 1.56267020377246 1.43706604567441 1.25793702556537 1.68462398275733 1.65894269943237 1.36892476890768 1.41028496197292 1.45518819349153 1.5046964521919 1.48474225401878 1.45957361161709 1.48755062265056 1.50580939650536 1.52817361056805 1.53874079883099 1.52669059165886 1.31320755556226 1.35706408694386 1.43807806447148 1.36924596503377 1.25185551121831 1.27385789528489 0.944072149693966 0.927968358000119 1.22140295505524 1.40631489753723 1.43427188396454 1.41673043966293 1.32202154397964 1.27369740009308 0.799262801451343 0.805335854229174 1.08208693265915 1.12961955666542 1.14382863044739 1.16536366939545 1.17064564824104 0.937059817569596 1.08730031637584 1.12473365138559 1.22150739431381 1.22633201815188 1.38048973253795 1.53891078702041 1.57420516439847 1.63673783413001 1.73251081364495 1.78202757835388 1.72138458916119 1.77400625944138 1.80725736618042 1.9589993596077 2.19025542736053 2.09294592695577 2.05616481389318 2.88781576156616 3.93748548030853
-9999 -9999 -9999 -9999 -9999 0.812623754143715 0.821276247501373 1.25793325155973 1.26097587496042 1.35669569671154 1.34769877046347 1.39639355242252 1.44519662111998 1.43848024308681 1.22702234610915 1.48094223439693 1.27673028409481 1.53125604348523 1.52443185874394 1.53064792922565 1.53019726063524 1.54146581462451 1.42760699987411 1.48140898346901 1.45843065530062 1.47082578018308 1.43127819299698 1.25855383872986 1.27817989587784 1.28544330596924 1.39325728416443 1.35509643554688 1.2634939498135 1.28370137214661 1.23493528366089 1.13983612060547 1.10675039291382 1.14309828281403 0.911825973540545 1.00344362575561 1.00013062823564 0.722067912774427 0.943917967379093 1.09573861956596 1.0575329766554 1.13219168081003 1.19604221862905 1.46179040670395 1.4116409778595 1.41859567165375 1.41308780908585 1.30518780648708 1.6452255661671 1.626797579802 1.75176261938535 1.92348928451538 1.903113758564 1.85505322217941 1.83168982820851 1.84067628213337 1.94641124776431 4.09799370765686
-9999 -9999 -9999 -9999 -9999 0.794187610640245 0.834905495246251 1.10232616215944 1.13635024428368 1.09962206227439 1.3985513150692 1.37571302801371 1.40007614344358 1.41482301056385 1.42729177325964 1.27697525279863 1.31839803712709 1.35750027639525 1.38020446045058 1.50187890976667 1.55357848680936 1.43260046839714 1.45435578748584 1.42964252829552 1.41837050020695 1.41302563995123 1.4130809545517 1.4249556183815 1.43546589612961 1.37307336330414 1.34361553192139 1.45090425014496 1.28692643607364 1.29978948480943 1.28163813492831 1.2206479258397 1.12331362962723 1.19106726646423 1.20972818732262 1.1933344244957 1.22219604253769 1.22224514484406 1.20602847933769 1.19186943173408 2.543114490062 2.91597123518586 1.12115477463778 1.16229544842944 1.28416790962219 1.34141811132431 1.41175661087036 1.42899528741837 1.41307819528239 1.77513200503129 1.91009546701725 2.09046098360649 2.10957889556885 2.08968325853348 2.12491167783737 2.39729708433151 3.36248218161719 3.01502219694001
