EcologicalScience/Bass/data/rs_data_bass/chl_249.asc
NCOLS 226 
NROWS 124 
XLLCORNER -9.41648524995501 
YLLCORNER 47.587301625531 
CELLSIZE 0.0833 
NODATA_value -9999 
[rows 81 to 107 of 124, columns 62 to 123 of 226]
3.85158455371857 5.97498106956482 7.6620512008667 7.66205191612244 -9999 -9999 -9999 -9999 -9999 -9999 -9999 -9999 -9999 -9999 -9999 -9999 -9999 -9999 -9999 -9999 -9999 -9999 -9999 -9999 -9999 -9999 -9999 -9999 -9999 -9999 -9999 -9999 -9999 -9999 -9999 -9999 -9999 -9999 -9999 -9999 -9999 -9999 -9999 -9999 -9999 -9999 -9999 -9999 -9999 -9999 -9999 -9999 -9999 -9999 -9999 -9999 -9999 -9999 -9999 -9999 -9999 -9999
3.04252869643054 -9999 -9999 -9999 -9999 -9999 -9999 -9999 -9999 -9999 -9999 -9999 -9999 -9999 -9999 -9999 -9999 -9999 -9999 -9999 -9999 -9999 -9999 -9999 -9999 -9999 -9999 -9999 -9999 -9999 -9999 -9999 -9999 -9999 -9999 -9999 -9999 -9999 -9999 -9999 -9999 -9999 -9999 -9999 -9999 -9999 -9999 -9999 -9999 -9999 -9999 -9999 -9999 -9999 -9999 -9999 -9999 -9999 -9999 -9999 -9999 -9999
-9999 -9999 -9999 -9999 -9999 -9999 -9999 -9999 -9999 -9999 -9999 -9999 -9999 -9999 -9999 -9999 -9999 -9999 -9999 -9999 -9999 -9999 -9999 -9999 -9999 -9999 -9999 -9999 -9999 -9999 -9999 -9999 -9999 -9999 -9999 -9999 -9999 -9999 -9999 -9999 -9999 -9999 -9999 -9999 -9999 -9999 -9999 -9999 -9999 -9999 -9999 -9999 -9999 -9999 -9999 -9999 -9999 -9999 -9999 -9999 -9999 -9999
-9999 -9999 -9999 -9999 -9999 -9999 -9999 -9999 -9999 -9999 -9999 -9999 -9999 -9999 -9999 -9999 -9999 -9999 -9999 -9999 -9999 -9999 -9999 -9999 -9999 -9999 -9999 -9999 -9999 -9999 -9999 -9999 -9999 -9999 -9999 -9999 -9999 -9999 -9999 -9999 -9999 -9999 -9999 -9999 -9999 -9999 -9999 -9999 -9999 -9999 -9999 -9999 -9999 -9999 -9999 -9999 -9999 14.7492051678044 3.25853626728058 3.95348292589188 3.72082114219666 4.64871883392334
-9999 -9999 -9999 -9999 -9999 -9999 -9999 -9999 -9999 -9999 -9999 -9999 -9999 -9999 -9999 -9999 -9999 -9999 -9999 -9999 -9999 -9999 -9999 -9999 -9999 -9999 -9999 -9999 -9999 -9999 -9999 -9999 -9999 -9999 -9999 -9999 37.1749906539917 -9999 6.23984456062317 4.80804812908173 -9999 -9999 2.05739315748215 3.31013023853302 3.85892629623413 4.91010296344757 7.41972041130066 11.3218574523926 6.2033371925354 5.77089536190033 2.6140188574791 3.71715288162231 -9999 -9999 -9999 6.09379363059998 6.96045970916748 12.2886643409729 7.5601372718811 4.13918244838715 5.74475240707397 4.03146815299988
-9999 -9999 -9999 -9999 -9999 -9999 -9999 -9999 -9999 -9999 -9999 -9999 -9999 1.42694329944524 0.986315986939839 3.46235311031342 3.27360141277313 3.62186551094055 1.12509450316429 -9999 -9999 -9999 -9999 -9999 -9999 -9999 -9999 -9999 3.09197616577148 3.09911334514618 3.7288738489151 4.72150504589081 -9999 3.66949796676636 -9999 -9999 -9999 -9999 4.856689453125 4.46368646621704 4.05677998065948 2.67329853773117 1.50087904930115 1.94577151536942 2.92614966630936 4.62614929676056 4.56712067127228 4.02503621578217 4.07135832309723 5.44995903968811 6.57383108139038 12.9742040634155 9.03327584266663 4.95326328277588 5.09120464324951 5.40802109241486 6.36366319656372 2.95085316896439 2.8031160235405 3.15176832675934 3.05775082111359 2.91256946325302
-9999 -9999 -9999 -9999 -9999 -9999 -9999 -9999 -9999 -9999 22.6069436073303 8.94994711875916 2.38614517450333 2.24569791555405 2.06106519699097 1.78222793340683 1.72164452075958 1.59931576251984 1.53712195158005 1.30083078145981 3.28203736690886 -9999 1.33118892993246 2.08482527732849 0.979798525571823 -9999 -9999 2.23056900501251 2.09114545583725 1.98172956705093 2.26483422517776 2.18869578838348 3.06956255435944 2.67374467849731 -9999 -9999 3.22883502317935 3.69057834148407 3.02791035175323 2.58652192354202 2.05810868740082 1.75142258405685 1.14994123578072 1.06248074769974 2.62648433446884 2.90484523773193 4.00079619884491 4.38058054447174 6.37726092338562 7.19410228729248 2.76188403367996 10.8931059837341 10.8177280426025 8.02436900138855 7.38364505767822 9.22757506370544 8.29106855392456 2.02880483865738 1.63312572240829 2.04638850688934 2.68136769533157 2.84816408157349
-9999 -9999 -9999 -9999 -9999 -9999 -9999 -9999 -9999 2.08024352788925 3.21429526805878 1.66402119398117 1.15930196642876 1.09521076083183 0.98604753613472 0.926610767841339 0.797935456037521 0.912811517715454 1.05639526247978 1.15485602617264 1.80110692977905 1.20080325007439 1.50172501802444 1.60960954427719 1.72124844789505 1.79211366176605 1.87125742435455 1.80399531126022 1.75462728738785 1.55390095710754 1.45349398255348 1.44348523020744 1.53856354951859 1.86699682474136 2.73205733299255 2.53682774305344 2.53017067909241 2.4490875005722 2.10427504777908 2.04142570495605 1.97959649562836 1.61779278516769 1.15194752812386 1.42349696159363 0.771867781877518 1.03101378679276 1.37156251072884 2.1802334189415 2.76839482784271 2.90129846334457 3.55026733875275 3.48823857307434 9.9632420539856 6.50967478752136 1.00478777289391 1.20762526988983 1.47580951452255 2.17040169239044 1.57436406612396 1.29746925830841 1.32107546925545 1.5015127658844
-9999 -9999 -9999 -9999 -9999 -9999 -9999 -9999 -9999 1.31223678588867 1.16202673316002 1.06496474146843 0.877084493637085 0.725510984659195 0.668690979480743 0.651498019695282 0.722550004720688 0.892114520072937 1.06930947303772 1.13004747033119 1.03903126716614 1.13333997130394 1.27671074867249 1.22701871395111 1.39098224043846 1.50115871429443 1.52350956201553 1.55143278837204 1.51721853017807 1.36129572987556 1.35674321651459 1.37724897265434 1.44322800636292 1.51759725809097 1.76336628198624 1.85489702224731 1.93332231044769 2.01335030794144 1.91737282276154 1.76254731416702 1.52209424972534 1.240014731884 0.862839728593826 0.719995513558388 0.689076751470566 0.653013736009598 1.00598251819611 1.09989523887634 1.24937027692795 1.42836597561836 1.59824019670486 2.14755892753601 5.11601936817169 0.743937000632286 0.967827022075653 1.27409997582436 1.58075541257858 1.88734799623489 2.02116000652313 1.82470428943634 1.4722875058651 1.34060928225517
-9999 -9999 -9999 -9999 -9999 -9999 -9999 -9999 1.6353741676643 1.01561924815178 0.773682743310928 0.776035487651825 0.78457573056221 0.721437737345695 0.727034255862236 0.675892487168312 0.630179241299629 0.744524270296097 0.81689178943634 0.916266024112701 1.02884396910667 1.02772870659828 1.04706823825836 1.02924674749374 1.05769872665405 1.04886746406555 1.02229428291321 1.12086448073387 1.17851096391678 1.22526222467422 1.24149146676064 1.28760597109795 1.36538475751877 1.38573002815247 1.46007451415062 1.54875075817108 1.57340025901794 1.52771097421646 1.28870022296906 1.17078074812889 1.00828349590302 0.868272721767426 0.654593244194984 0.627025499939919 0.603662252426147 0.572306245565414 0.717072755098343 1.16965502500534 1.43124747276306 1.49129176139832 1.45928549766541 2.62277698516846 1.33258652687073 0.974673718214035 1.1243212223053 1.20943728089333 1.39044973254204 1.79647582769394 2.12839955091476 2.20642268657684 1.96441876888275 1.81071299314499
18.1049580574036 1.08886054158211 1.77559804916382 1.68936896324158 -9999 -9999 -9999 2.93086570501328 2.52650856971741 1.62261754274368 0.697135493159294 0.669690012931824 0.690549731254578 0.731102228164673 0.697632014751434 0.646746754646301 0.669477760791779 0.702835500240326 0.742550253868103 0.745557770133018 0.756974279880524 0.805312514305115 0.830489248037338 0.859800785779953 0.83805450797081 0.893985718488693 0.925613254308701 0.932871758937836 0.904508292675018 0.855705767869949 0.806630283594131 0.770739018917084 0.758116543292999 0.773305535316467 0.814503014087677 0.827154725790024 0.823585510253906 0.856502294540405 0.883194029331207 0.804737269878387 0.701441243290901 0.622145980596542 0.581474259495735 0.579701229929924 0.576408728957176 0.574565246701241 0.679570510983467 0.870371997356415 0.844032794237137 0.820912510156631 0.880627512931824 2.25179922580719 2.15476208925247 2.4974804520607 2.42590194940567 1.85699844360352 2.2062104344368 2.48456257581711 2.2856901884079 1.92450070381165 1.53659480810165 2.73807603120804
0.692930236458778 0.680928736925125 0.752962499856949 1.32505577802658 1.4461664557457 2.087462246418 1.49993848800659 1.31438022851944 1.16148224473 1.12783572077751 0.754331231117249 0.70983150601387 0.771380245685577 0.737977489829063 0.660070493817329 0.589092001318932 0.613763988018036 0.58926223218441 0.571771502494812 0.589547261595726 0.601085990667343 0.679958269000053 0.720124483108521 0.743705257773399 0.841596722602844 0.889001995325089 0.913338035345078 0.922541230916977 0.868109285831451 0.851543962955475 0.858327001333237 0.7967369556427 0.77952378988266 0.769103229045868 0.740598008036613 0.718626737594604 0.71358297765255 0.694221764802933 0.62535747885704 0.622578755021095 0.648148521780968 0.680160015821457 0.723023995757103 0.693787515163422 0.680171996355057 0.666759744286537 0.644803494215012 0.636989995837212 0.665636256337166 0.728896513581276 0.80546173453331 1.31001895666122 2.08095896244049 6.63088345527649 6.45059466362 4.8019505739212 2.70302706956863 2.1046387553215 1.63678354024887 1.22643971443176 3.41794717311859 5.30084788799286
0.673706978559494 0.659741252660751 0.71705473959446 0.80401423573494 0.80536276102066 0.834186762571335 0.86304447054863 0.782811731100082 0.848640739917755 0.917713522911072 0.84000152349472 0.751128762960434 0.690239980816841 0.698484018445015 0.577190235257149 0.540896996855736 0.521121740341187 0.487462520599365 0.537350982427597 0.573219761252403 0.612250506877899 0.719444990158081 0.768083989620209 0.831320285797119 0.919393479824066 0.904752016067505 0.907986760139465 0.895513504743576 0.880076229572296 0.859154999256134 0.835888534784317 0.81310048699379 0.815382778644562 0.803595721721649 0.791048973798752 0.79924875497818 0.821513235569 0.828947961330414 0.860959500074387 0.900920212268829 0.919989019632339 0.917661041021347 0.864846736192703 0.827192276716232 0.783457517623901 0.735371232032776 0.663359239697456 0.669986262917519 0.807088494300842 0.888904541730881 1.03505927324295 2.34132367372513 5.37242317199707 8.15223670005798 6.75412273406982 4.55517983436584 1.36541551351547 1.65901583433151 2.2016054391861 2.36336106061935 6.36648058891296 9.30838894844055
0.648116245865822 0.653292015194893 0.681872248649597 0.580845728516579 0.476290494203568 0.443129986524582 0.48956099152565 0.614609241485596 0.652201518416405 0.63342373073101 0.642900735139847 0.666329249739647 0.695054993033409 0.684335991740227 0.611736014485359 0.586736261844635 0.561776250600815 0.548513263463974 0.59791798889637 0.669590994715691 0.744962230324745 0.832113772630692 0.843143999576569 0.871513456106186 0.90211495757103 0.887654989957809 0.905507236719131 0.915566235780716 0.910866022109985 0.88508927822113 0.880967259407043 0.883669495582581 0.939661502838135 0.960474729537964 0.947592705488205 0.921473979949951 0.921238481998444 0.925258487462997 0.923947513103485 0.832805961370468 0.83009397983551 0.796633511781693 0.744436517357826 0.727771505713463 0.754091262817383 0.746748000383377 0.863167494535446 0.941159963607788 1.03580322861671 1.48462200164795 2.16013723611832 2.19467782974243 3.70627963542938 2.17383456230164 2.19555079936981 2.30873626470566 15.4528398513794 13.9550557136536 24.0899934768677 17.466935634613 17.7994365692139 13.0072059631348
0.801983267068863 0.672835484147072 0.614768251776695 0.543239995837212 0.421579509973526 0.385500758886337 0.373760260641575 0.431170508265495 0.47257424890995 0.497822999954224 0.529982998967171 0.613172248005867 0.646744519472122 0.653972268104553 0.623520746827126 0.621725231409073 0.654501020908356 0.682796269655228 0.768061459064484 0.793367207050323 0.805085241794586 0.858240723609924 0.898919284343719 0.94584596157074 0.972482264041901 0.974233478307724 0.977503538131714 1.00853177905083 1.05893477797508 1.0675582587719 1.05317249894142 1.0465529859066 1.07783550024033 1.13314202427864 1.14733126759529 1.08764174580574 1.06807270646095 0.999871462583542 0.959055751562119 0.934814214706421 0.912702709436417 0.892399460077286 0.885625541210175 0.855870723724365 0.865082234144211 0.846213787794113 0.932887494564056 0.949182003736496 1.4783039689064 3.00588440895081 7.24531674385071 8.69594264030457 11.4059071540833 4.38317763805389 8.28771829605103 25.7561473846436 37.1784725189209 54.4535522460938 13.864889100194 18.8659161329269 14.1366090774536 19.4661870002747
0.685736238956451 0.503840982913971 0.453650236129761 0.454251006245613 0.445289254188538 0.408648759126663 0.400687515735626 0.437918230891228 0.507115513086319 0.515624240040779 0.527513980865479 0.554867997765541 0.569779515266418 0.582393005490303 0.575994729995728 0.579153746366501 0.624934494495392 0.67585426568985 0.813726782798767 0.791561275720596 0.775451213121414 0.799638748168945 0.81208723783493 0.839391767978668 0.845243990421295 0.933693766593933 0.972206264734268 1.02297753095627 1.10476577281952 1.14123147726059 1.13668575882912 1.10088300704956 1.15548822283745 1.20835876464844 1.34814673662186 1.44368246197701 1.48670321702957 1.47536247968674 1.29840525984764 1.02130946516991 0.990153729915619 0.950066238641739 1.05692321062088 1.16300028562546 1.16022822260857 1.13095048069954 1.119777739048 1.28349673748016 3.06914556026459 8.45079445838928 6.9772481918335 8.57159900665283 13.4222130775452 16.0590419769287 24.8365888595581 4.64586317539215 8.10715574026108 18.6248164772987 9.10305555377688 38.2019891738892 7.41009020805359 2.65384926607734
0.471861004829407 0.377861246466637 0.369185999035835 0.34936049580574 0.373111501336098 0.398461505770683 0.398967728018761 0.445110753178596 0.560078993439674 0.558182269334793 0.600692242383957 0.635991767048836 0.622536018490791 0.606788232922554 0.577512010931969 0.61159273982048 0.651029258966446 0.708075731992722 0.752099275588989 0.729777753353119 0.775970220565796 0.805098742246628 0.912962973117828 0.951480746269226 0.96808648109436 1.0360409617424 1.20435896515846 1.28687846660614 1.25400522351265 1.22054100036621 1.16915479302406 1.21332898736 1.32136273384094 1.50580126047134 1.73192167282104 1.83220732212067 1.64108026027679 1.69416153430939 1.78632152080536 1.38309073448181 1.10058975219727 1.02748203277588 1.16219472885132 1.36092826724052 1.60379701852798 1.68576157093048 2.30248421430588 5.63347363471985 7.58009934425354 5.06815874576569 4.13278412818909 10.7590563297272 22.8350586891174 39.1384134292603 10.836391210556 3.01107430458069 2.31792779821549 -9999 -9999 -9999 -9999 -9999
0.397291481494904 0.388329729437828 0.440694764256477 0.476645261049271 0.501428246498108 0.566333994269371 0.729911237955093 0.932841718196869 0.611038506031036 0.566781744360924 0.647789239883423 0.697784230113029 0.759125232696533 0.739118233323097 0.737268000841141 0.714482992887497 0.706526264548302 0.729074254631996 0.790199965238571 0.885265499353409 0.881421715021133 0.896342217922211 0.981277495622635 0.978849738836288 1.04560875892639 1.29043650627136 1.36730325222015 1.33420425653458 2.67155370116234 1.24294799566269 1.41141146421432 1.8075578212738 2.09214144945145 2.37691283226013 2.83256167173386 2.83167904615402 2.0094473361969 1.74306750297546 1.93723583221436 1.28009471297264 1.14024075865746 1.33142101764679 1.72874093055725 2.19833618402481 2.8367834687233 2.87926054000854 5.45569503307343 7.56314492225647 3.56252682209015 2.93622833490372 3.83577454090118 9.76507902145386 23.4357504844666 16.9800098292968 1.72630377871091 -9999 -9999 -9999 -9999 -9999 -9999 -9999
0.480274513363838 0.46050301194191 0.508479729294777 0.532081514596939 0.524373739957809 0.615102767944336 0.666707262396812 0.814155757427216 0.827663987874985 0.648485988378525 0.708065271377563 0.740743517875671 0.823839783668518 0.824596524238586 0.836659491062164 0.733329758048058 0.750126779079437 0.820612460374832 0.916911721229553 0.97212079167366 0.979618459939957 1.00825354456902 1.01258325576782 1.05273520946503 1.10376298427582 1.16221949458122 1.5049529671669 1.56915682554245 2.31192365559665 -9999 -9999 -9999 -9999 -9999 -9999 3.14426672458649 2.23907178640366 1.64151746034622 1.50574797391891 1.70171999931335 1.4480092227459 1.7370697259903 2.98249572515488 4.74054980278015 5.45290875434875 7.96183848381042 9.96331214904785 10.0873975753784 6.82480216026306 5.55079185962677 10.7244708538055 5.82625186443329 25.4057985305786 1.9762424826622 1.97624230384827 -9999 -9999 -9999 -9999 -9999 -9999 -9999
0.493937239050865 0.488134503364563 0.494936227798462 0.509853020310402 0.541232228279114 0.574158757925034 0.657491236925125 0.783512234687805 0.812474280595779 0.757168471813202 0.696273744106293 0.716651245951653 0.862335026264191 0.894294708967209 0.943847268819809 0.947726279497147 0.817737758159637 0.844008028507233 0.990197271108627 1.18060952425003 1.10024929046631 1.15925699472427 1.03846800327301 0.935682713985443 0.996861755847931 1.25862675905228 1.64210021495819 1.72563153505325 2.10243941545486 -9999 -9999 -9999 -9999 -9999 -9999 -9999 23.9967784881592 10.4514248371124 5.91169738769531 6.21444153785706 6.10003924369812 6.65620136260986 7.85621023178101 14.28453540802 20.59840965271 20.9371676445007 24.3814973831177 12.5300903320312 11.2188141345978 9.01204919815063 12.3476114273071 6.45617151260376 -9999 -9999 -9999 -9999 -9999 -9999 -9999 -9999 -9999 -9999
0.491990268230438 0.477130517363548 0.486327767372131 0.472420513629913 0.471497252583504 0.484048515558243 0.509917482733727 0.535140752792358 0.626049757003784 0.82725602388382 0.81240525841713 0.882741719484329 0.934462487697601 0.901616960763931 0.931214958429337 1.01140049099922 0.995599508285522 0.84071096777916 1.05923554301262 1.38727804957604 0.850939677520232 0.959966987371445 1.2104227244854 0.88349175453186 0.928077042102814 1.07685595750809 1.59714299440384 1.75222492218018 1.92542552947998 -9999 -9999 -9999 -9999 -9999 -9999 -9999 6.17858667373657 64.6163291931152 27.4763259887695 21.685998916626 30.5817947387695 17.2698812484741 23.5364513397217 34.1028242111206 24.3664712905884 22.6070137023926 18.1984348297119 18.7645525932312 8.63902258872986 13.4944853782654 8.45903849601746 6.38215184211731 4.2791540324688 -9999 -9999 -9999 -9999 -9999 -9999 -9999 -9999 -9999
0.423253521323204 0.44438548386097 0.45142874121666 0.468902260065079 0.46296451985836 0.44980725646019 0.430281758308411 0.452266484498978 0.503962486982346 0.560851514339447 0.708232507109642 0.774294018745422 0.882447749376297 0.935543239116669 0.924204736948013 0.971440494060516 0.979079246520996 0.867748528718948 0.925161749124527 1.03713753819466 0.957401275634766 0.904166221618652 0.911852985620499 0.845444977283478 0.881250768899918 0.929984271526337 1.24410000443459 1.4415810406208 1.23670274019241 1.37697225809097 -9999 -9999 -9999 -9999 -9999 -9999 -9999 2.51552937860074 4.61138650774956 1.7416255299638 6.39977245330811 60.0458908081055 8.99093806743622 31.7924566268921 13.6980385780334 24.9699897766113 6.10753726959229 8.53272199630737 12.7979736328125 18.6901144981384 17.006664276123 8.53682219982147 4.03479135189792 -9999 -9999 -9999 -9999 -9999 -9999 -9999 -9999 -9999
0.35810324549675 0.377774253487587 0.399219006299973 0.411065250635147 0.402930736541748 0.401345998048782 0.404690265655518 0.418496266007423 0.512094005942345 0.589789509773254 0.698694750666618 0.743974506855011 0.757612466812134 0.741508483886719 0.748971730470657 0.810893207788467 0.876239240169525 0.892721235752106 0.885724514722824 0.861864030361176 0.750027716159821 0.711225762963295 0.748141497373581 0.964095711708069 1.04417100548744 1.15631023049355 1.16822478175163 1.33951270580292 1.19456174969673 1.35145801305771 -9999 -9999 -9999 -9999 -9999 -9999 -9999 -9999 -9999 -9999 -9999 -9999 -9999 -9999 -9999 -9999 3.65490746498108 13.4997226108204 21.1060152053833 6.36369227821177 -9999 -9999 -9999 -9999 -9999 -9999 -9999 -9999 -9999 -9999 -9999 -9999
0.433535993099213 0.390878990292549 0.341073743999004 0.321372002363205 0.373726509511471 0.365616761147976 0.375833228230476 0.411370486021042 0.453434228897095 0.526939496397972 0.651774734258652 0.682239755988121 0.670891508460045 0.620321229100227 0.567719981074333 0.570021003484726 0.609801739454269 0.688097253441811 0.6784837692976 0.637103229761124 0.596516266465187 0.646275758743286 0.729977265000343 1.04776346683502 -9999 -9999 -9999 1.02060753107071 1.00746828317642 1.06530824303627 1.4903159737587 -9999 -9999 -9999 -9999 -9999 -9999 -9999 -9999 -9999 -9999 -9999 -9999 -9999 -9999 -9999 -9999 -9999 -9999 -9999 -9999 -9999 -9999 -9999 -9999 -9999 -9999 -9999 -9999 -9999 -9999 -9999
0.525821998715401 0.466274231672287 0.430822491645813 0.401277020573616 0.354009009897709 0.350789241492748 0.381216734647751 0.460437744855881 0.452590495347977 0.453915730118752 0.505443021655083 0.560749500989914 0.5740627348423 0.540041238069534 0.542930245399475 0.523523256182671 0.53405924141407 0.55502624809742 0.550365015864372 0.54907500743866 0.586269021034241 0.664720505475998 0.746415004134178 0.795019537210464 0.906711727380753 0.929376035928726 0.972216010093689 0.951784461736679 1.02745574712753 1.05359852313995 1.29864674806595 2.20051478928533 -9999 -9999 -9999 -9999 -9999 -9999 -9999 -9999 -9999 -9999 -9999 -9999 -9999 -9999 -9999 -9999 -9999 -9999 -9999 -9999 -9999 -9999 -9999 -9999 -9999 -9999 -9999 -9999 -9999 -9999
0.550546512007713 0.550105512142181 0.534986257553101 0.500254511833191 0.439002737402916 0.441032990813255 0.466233015060425 0.478730991482735 0.503115758299828 0.500769764184952 0.510719239711761 0.532466992735863 0.520056009292603 0.508605748414993 0.540769502520561 0.534326255321503 0.529307261109352 0.572674512863159 0.586814984679222 0.573543772101402 0.601900488138199 0.66924449801445 0.704296499490738 0.737750262022018 0.813077241182327 0.853369474411011 0.839006245136261 0.976863741874695 1.13332423567772 1.11217725276947 1.49844226241112 1.91821944171732 -9999 -9999 -9999 -9999 -9999 -9999 -9999 -9999 -9999 -9999 -9999 -9999 -9999 -9999 -9999 -9999 -9999 -9999 -9999 -9999 -9999 -9999 -9999 -9999 -9999 -9999 -9999 -9999 -9999 -9999
0.650150254368782 0.652869746088982 0.626246228814125 0.597113996744156 0.570225745439529 0.55028472840786 0.534615755081177 0.546854227781296 0.629022762179375 0.604087516665459 0.611369267106056 0.630878269672394 0.620776489377022 0.667837500572205 0.645112484693527 0.608208730816841 0.582345753908157 0.594131246209145 0.571560770273209 0.554924994707108 0.583221763372421 0.626889735460281 0.692990228533745 0.767178028821945 0.964541226625443 1.05160501599312 0.859455764293671 0.964368760585785 1.03245824575424 1.09045279026031 1.44337499141693 -9999 -9999 -9999 -9999 -9999 -9999 -9999 -9999 -9999 -9999 -9999 -9999 -9999 -9999 -9999 -9999 -9999 -9999 -9999 -9999 -9999 -9999 -9999 -9999 -9999 -9999 -9999 -9999 -9999 -9999 -9999
