EcologicalScience/Bass/data/rs_data_bass/chl_541.asc
NCOLS 226 
NROWS 124 
XLLCORNER -9.41648524995501 
YLLCORNER 47.587301625531 
CELLSIZE 0.0833 
NODATA_value -9999 
[rows 54 to 80 of 124, columns 0 to 61 of 226]
-9999 -9999 -9999 -9999 -9999 -9999 -9999 -9999 -9999 -9999 -9999 -9999 -9999 -9999 -9999 -9999 -9999 -9999 -9999 -9999 -9999 -9999 -9999 -9999 -9999 -9999 -9999 -9999 -9999 -9999 -9999 -9999 -9999 -9999 -9999 -9999 -9999 -9999 5.78309118747711 2.52444434165955 2.49795627593994 2.41250520944595 1.87696838378906 1.49581548571587 1.40687638521194 1.29019421339035 1.24608421325684 1.07477867603302 1.07264006137848 1.17921736836433 1.22092598676682 1.17316961288452 1.20288777351379 1.29211932420731 1.59481304883957 2.11354297399521 2.4183189868927 2.49294948577881 2.51546484231949 0.607058599591255 0.62790758907795 2.45384967327118
-9999 -9999 -9999 -9999 -9999 -9999 -9999 -9999 -9999 -9999 -9999 -9999 -9999 -9999 -9999 -9999 -9999 -9999 -9999 -9999 -9999 -9999 -9999 -9999 -9999 -9999 -9999 -9999 -9999 -9999 -9999 -9999 -9999 -9999 -9999 -9999 -9999 -9999 -9999 2.48602956533432 2.57956802845001 2.50131869316101 1.89348310232162 1.57715678215027 1.24053525924683 1.23029637336731 1.11401608586311 1.14360612630844 1.13617587089539 1.17364650964737 1.11431550979614 1.11283671855927 1.36330953240395 1.71510547399521 1.9129598736763 2.18436062335968 2.35406398773193 2.42836046218872 -9999 -9999 -9999 -9999
-9999 -9999 -9999 -9999 -9999 -9999 -9999 -9999 -9999 -9999 -9999 -9999 -9999 -9999 -9999 -9999 -9999 -9999 -9999 -9999 -9999 -9999 -9999 -9999 -9999 -9999 -9999 -9999 -9999 -9999 -9999 -9999 -9999 -9999 -9999 -9999 -9999 -9999 -9999 2.2021878361702 2.17756694555283 2.10469204187393 1.83313143253326 1.74454128742218 1.59677910804749 1.37789976596832 1.27205631136894 1.29673531651497 1.44937402009964 1.4421871304512 1.26825919747353 1.2043776512146 1.63233250379562 1.81657040119171 1.89603799581528 1.91419154405594 1.92799776792526 1.90514409542084 1.95797717571259 1.68672214448452 -9999 -9999
-9999 -9999 -9999 -9999 -9999 -9999 -9999 -9999 -9999 -9999 -9999 -9999 -9999 -9999 -9999 -9999 -9999 -9999 -9999 -9999 -9999 -9999 -9999 -9999 -9999 -9999 -9999 -9999 -9999 -9999 -9999 -9999 -9999 -9999 -9999 -9999 -9999 -9999 -9999 -9999 2.20839321613312 2.19228583574295 2.18143433332443 2.00131487846375 1.84229278564453 1.4943813085556 1.41108334064484 1.39165046811104 1.45513799786568 1.42759135365486 1.23503217101097 1.16195949912071 1.38813865184784 1.59828436374664 1.70713466405869 1.63559246063232 1.52172499895096 1.62641680240631 1.77814310789108 2.12757629156113 3.09012186527252 -9999
-9999 -9999 -9999 -9999 -9999 -9999 -9999 -9999 -9999 -9999 -9999 -9999 -9999 -9999 -9999 -9999 -9999 -9999 -9999 -9999 -9999 -9999 -9999 -9999 -9999 -9999 -9999 -9999 -9999 -9999 -9999 -9999 -9999 -9999 -9999 -9999 -9999 -9999 -9999 -9999 2.21350246667862 2.23893678188324 2.22392946481705 2.12651968002319 2.05677938461304 1.95939409732819 1.74674731492996 1.68829482793808 1.68158179521561 1.62044352293015 1.29870522022247 1.22834801673889 1.34381237626076 1.49198707938194 1.59099322557449 1.52703076601028 1.52846342325211 1.59196507930756 1.82534068822861 2.36724936962128 3.99941897392273 -9999
-9999 -9999 -9999 -9999 -9999 -9999 -9999 -9999 -9999 -9999 -9999 -9999 -9999 -9999 -9999 -9999 -9999 -9999 -9999 -9999 -9999 -9999 -9999 -9999 -9999 -9999 -9999 -9999 -9999 -9999 -9999 -9999 -9999 -9999 -9999 -9999 -9999 -9999 -9999 -9999 3.16249930858612 2.23371505737305 2.16282051801682 2.12712228298187 2.14681577682495 2.03306847810745 1.79169023036957 1.60557621717453 1.63422793149948 1.53931510448456 1.37906008958817 1.32319915294647 1.3417617380619 1.4688900411129 1.56355547904968 1.58522003889084 1.68758189678192 1.73961192369461 1.91713339090347 1.99383491277695 -9999 -9999
-9999 -9999 -9999 -9999 -9999 -9999 -9999 -9999 -9999 -9999 -9999 -9999 -9999 -9999 -9999 -9999 -9999 -9999 -9999 -9999 -9999 -9999 -9999 -9999 -9999 -9999 -9999 -9999 -9999 -9999 -9999 -9999 -9999 -9999 -9999 -9999 -9999 -9999 -9999 -9999 2.13340955972672 2.10243916511536 2.11439269781113 2.12883174419403 2.00819957256317 1.74869531393051 1.56129741668701 1.56431329250336 1.51774531602859 1.56697779893875 1.5840670466423 1.54620426893234 1.54423105716705 1.50262194871902 1.59883189201355 1.72665023803711 1.8970018029213 -9999 -9999 2.22410917282104 2.12289261817932 1.97001457214355
-9999 -9999 -9999 -9999 -9999 -9999 -9999 -9999 -9999 -9999 -9999 -9999 -9999 -9999 -9999 -9999 -9999 -9999 -9999 -9999 -9999 -9999 -9999 -9999 -9999 -9999 -9999 -9999 -9999 -9999 -9999 -9999 -9999 -9999 -9999 -9999 -9999 -9999 -9999 2.04941672086716 2.10573559999466 2.14052277803421 2.10631459951401 1.86544346809387 1.62225472927094 1.46191790699959 1.47049623727798 1.53374880552292 1.45226365327835 1.50698930025101 1.38232031464577 1.38233077526093 1.40774917602539 1.44936141371727 1.70123022794724 1.89141637086868 2.0954225063324 1.94733989238739 1.80894666910172 1.79011845588684 1.72066015005112 1.47836226224899
-9999 -9999 -9999 -9999 -9999 -9999 -9999 -9999 -9999 -9999 -9999 -9999 -9999 -9999 -9999 -9999 -9999 -9999 -9999 -9999 -9999 -9999 -9999 -9999 -9999 -9999 -9999 -9999 -9999 -9999 -9999 -9999 -9999 -9999 -9999 -9999 -9999 -9999 -9999 1.95466160774231 1.91390150785446 1.95385211706161 1.75980770587921 1.55860358476639 1.47875609993935 1.29000860452652 1.3840973675251 1.38111394643784 1.31151232123375 1.26708528399467 1.14107796549797 1.18287527561188 1.33873075246811 1.533547103405 1.63484680652618 1.60220468044281 1.57662445306778 1.51603496074677 1.56524527072906 1.52303069829941 1.45690655708313 1.60503101348877
-9999 -9999 -9999 -9999 -9999 -9999 -9999 -9999 -9999 -9999 -9999 -9999 -9999 -9999 -9999 -9999 -9999 -9999 -9999 -9999 -9999 -9999 -9999 -9999 -9999 -9999 -9999 -9999 -9999 -9999 -9999 -9999 -9999 -9999 -9999 -9999 -9999 -9999 2.14598876237869 2.0331859588623 1.88473695516586 1.82763576507568 1.58130258321762 1.44644621014595 1.27993181347847 1.30623507499695 1.35291391611099 1.23200404644012 1.21490728855133 1.13884761929512 1.11388868093491 1.25552889704704 1.42588046193123 1.45530295372009 1.46502614021301 1.47839167714119 1.37544107437134 1.38118582963943 1.46316137909889 1.44939494132996 1.36443194746971 1.51348131895065
-9999 -9999 -9999 -9999 -9999 -9999 -9999 -9999 -9999 -9999 -9999 -9999 -9999 -9999 -9999 -9999 -9999 -9999 -9999 -9999 -9999 -9999 -9999 -9999 -9999 -9999 -9999 -9999 -9999 -9999 -9999 -9999 -9999 -9999 -9999 -9999 -9999 -9999 1.82910203933716 1.83936685323715 1.93316745758057 1.70806699991226 1.50845736265182 1.35201859474182 1.28979697823524 1.32153037190437 1.21511632204056 1.19717493653297 1.1769006550312 1.15392869710922 1.14092624187469 1.19742295145988 1.30550712347031 1.40561977028847 1.3281278014183 1.27029821276665 1.27576437592506 1.30599340796471 1.33705070614815 1.32610362768173 1.28039538860321 1.42470046877861
-9999 -9999 -9999 -9999 -9999 -9999 -9999 -9999 -9999 -9999 -9999 -9999 -9999 -9999 -9999 -9999 -9999 -9999 -9999 -9999 -9999 -9999 -9999 -9999 -9999 -9999 -9999 -9999 -9999 -9999 -9999 -9999 -9999 -9999 -9999 -9999 -9999 2.0281725525856 2.06041574478149 1.74151647090912 1.58140432834625 1.41481518745422 1.29702177643776 1.26628920435905 1.27547013759613 1.25765481591225 1.21637418866158 1.16818714141846 1.16083297133446 1.14923223853111 1.14053079485893 1.3296882212162 1.39857897162437 1.37351542711258 1.29894036054611 1.15461954474449 1.05314934253693 1.07139641046524 0.999216467142105 1.17583814263344 1.37433430552483 1.48475754261017
-9999 -9999 -9999 -9999 -9999 -9999 -9999 -9999 -9999 -9999 -9999 -9999 -9999 -9999 -9999 -9999 -9999 -9999 -9999 -9999 -9999 -9999 -9999 -9999 -9999 -9999 -9999 -9999 -9999 -9999 -9999 -9999 -9999 -9999 -9999 -9999 2.06839907169342 2.06121969223022 2.00115537643433 1.63579148054123 1.38705933094025 1.27518314123154 1.19232496619225 1.24016118049622 1.21443486213684 1.14786824584007 1.12345862388611 1.09821081161499 1.11705350875854 1.09552609920502 1.14609628915787 1.3032840192318 1.37803959846497 1.33419379591942 1.30735731124878 1.08088132739067 1.00823611021042 1.02824556827545 1.12283053994179 1.2685244679451 1.3213375210762 1.42285305261612
-9999 -9999 -9999 -9999 -9999 -9999 -9999 -9999 -9999 -9999 -9999 -9999 -9999 -9999 -9999 -9999 -9999 -9999 -9999 -9999 -9999 -9999 -9999 -9999 -9999 -9999 -9999 -9999 -9999 -9999 -9999 -9999 -9999 -9999 -9999 -9999 2.40640014410019 2.0570073723793 1.70011496543884 1.57961708307266 1.39315804839134 1.2728582918644 1.21883681416512 1.14551147818565 1.10678172111511 1.08050286769867 1.09781777858734 1.09506484866142 1.04218384623528 1.09252595901489 1.22165161371231 1.38699200749397 1.4787717461586 1.42240208387375 1.30131036043167 1.15872225165367 1.14550244808197 1.19818630814552 1.32290831208229 1.42804285883904 1.54770398139954 1.91316604614258
-9999 -9999 -9999 -9999 -9999 -9999 -9999 -9999 -9999 -9999 -9999 -9999 -9999 -9999 -9999 -9999 -9999 -9999 -9999 -9999 -9999 -9999 -9999 -9999 -9999 -9999 -9999 -9999 -9999 -9999 -9999 2.28882265090942 2.28882265090942 1.58887718617916 2.10493344068527 2.24456119537354 1.27193185687065 1.31509405374527 1.34807181358337 1.28021693229675 1.27577859163284 1.22915357351303 1.13381499052048 1.11543908715248 1.10076051950455 1.10871881246567 1.14615422487259 1.11421921849251 1.10015720129013 1.2067369222641 1.3052536547184 1.43221673369408 1.46211692690849 1.34989866614342 1.27877104282379 1.30859139561653 1.43453603982925 1.50196176767349 1.6772586107254 1.88053733110428 2.57615715265274 3.02386629581451
-9999 -9999 -9999 -9999 -9999 -9999 -9999 -9999 -9999 -9999 -9999 -9999 -9999 -9999 -9999 -9999 -9999 -9999 -9999 -9999 -9999 -9999 0.346259817481041 5.82916688919067 5.02822422981262 3.91870880126953 2.89553046226501 2.84703701734543 2.69950443506241 1.72425466775894 1.56479054689407 1.41349804401398 1.31746038794518 1.298210978508 1.23638927936554 1.23990297317505 1.17939269542694 1.1131197810173 1.07199051976204 1.06145533919334 1.12402349710464 1.13348776102066 1.08889290690422 1.11904683709145 1.21762606501579 1.21451631188393 1.15202468633652 1.15528401732445 1.24463948607445 1.27665531635284 1.32784920930862 1.40420544147491 1.4468335211277 1.47905212640762 1.54006952047348 1.70287138223648 2.18656718730927 2.3643291592598 2.33553692969409 -9999 -9999 -9999
-9999 -9999 -9999 -9999 -9999 -9999 -9999 -9999 -9999 -9999 -9999 -9999 -9999 -9999 -9999 -9999 -9999 -9999 -9999 -9999 -9999 -9999 3.75335276126862 3.10574376583099 1.83316111564636 1.65238684415817 2.5350261926651 3.12025344371796 2.57357847690582 1.56892776489258 1.1253242790699 1.04156801104546 1.05367612838745 1.05207055807114 1.02380356192589 0.996784508228302 0.977231562137604 0.947559177875519 1.01096105575562 0.963422387838364 1.03131267428398 1.15617379546165 1.10123285651207 1.1110605597496 1.10928618907928 1.11470818519592 1.17680990695953 1.32242560386658 1.47010070085526 1.54001623392105 1.53970634937286 1.56699496507645 1.69207978248596 1.81852269172668 2.00104880332947 2.36579918861389 -9999 -9999 -9999 -9999 -9999 -9999
-9999 -9999 -9999 -9999 -9999 -9999 -9999 -9999 -9999 -9999 -9999 -9999 -9999 -9999 -9999 -9999 -9999 -9999 -9999 1.70446854829788 3.06136286258698 2.71864628791809 1.78130578994751 1.20328634977341 1.05216827988625 0.843347579240799 0.89551717042923 1.04333531856537 0.974211752414703 0.727174490690231 0.645717009902 0.684184312820435 0.756426215171814 0.79724657535553 0.785111457109451 0.774093568325043 0.844656050205231 0.919949322938919 0.924415111541748 0.958517789840698 1.07168090343475 1.06281441450119 1.07463258504868 1.12650364637375 1.17305356264114 1.21289527416229 1.39180791378021 1.51805734634399 1.60454338788986 1.66053289175034 1.67579519748688 1.7893493771553 -9999 -9999 -9999 -9999 -9999 -9999 -9999 -9999 -9999 -9999
-9999 -9999 -9999 -9999 -9999 -9999 -9999 -9999 -9999 -9999 -9999 -9999 -9999 -9999 -9999 -9999 -9999 3.29572212696075 2.26808398962021 1.6265589594841 1.74022990465164 1.45933002233505 1.06588330864906 0.911523431539536 0.676225438714027 0.630679786205292 0.575943812727928 0.628122568130493 0.716607213020325 0.706505253911018 0.666285529732704 0.680007800459862 0.761331528425217 0.855382919311523 0.851301044225693 0.861524015665054 0.945682168006897 0.922034561634064 0.960953682661057 1.10192495584488 1.07523617148399 1.04792895913124 1.03021949529648 1.08981522917747 1.21894589066505 1.27753096818924 1.43865171074867 1.75576132535934 2.13383531570435 1.69777607917786 1.5968177318573 2.08601687713103 -9999 -9999 -9999 -9999 -9999 -9999 -9999 -9999 -9999 -9999
-9999 -9999 -9999 -9999 -9999 -9999 -9999 -9999 -9999 -9999 -9999 -9999 -9999 -9999 1.54613135755062 2.08179366588593 2.23734891414642 1.4489289522171 1.27172935009003 1.53746366500854 1.31138160824776 0.831301063299179 0.707936346530914 0.640431314706802 0.588758513331413 0.583294495940208 0.570621773600578 0.585154786705971 0.674431040883064 0.741505935788155 0.764146596193314 0.747862502932549 0.824916779994965 0.979846984148026 1.02566832304001 1.09116339683533 1.06962418556213 0.957684427499771 0.939963787794113 0.986682236194611 1.16135162115097 1.09096178412437 1.00655919313431 1.2226397395134 1.31641173362732 1.41141852736473 1.5252383351326 1.62412923574448 1.76597499847412 1.68406587839127 1.66683804988861 3.76948982477188 -9999 -9999 -9999 -9999 -9999 -9999 -9999 -9999 -9999 -9999
-9999 -9999 -9999 -9999 -9999 -9999 -9999 -9999 -9999 -9999 -9999 -9999 1.33649697899818 1.38066919147968 1.45067453384399 1.39887915551662 7.37764406204224 2.58417373895645 1.00185629725456 1.01389092206955 0.738595649600029 0.59308522939682 0.578829601407051 0.55842898786068 0.550527915358543 0.57664293050766 0.570394769310951 0.56333090364933 0.59758186340332 0.651525869965553 0.679933145642281 0.712247014045715 0.974622130393982 1.34669440984726 1.26298838853836 1.08047470450401 1.04730722308159 1.0032314658165 0.898583829402924 0.920965254306793 1.00883191823959 1.00366732478142 1.11599680781364 1.38399401307106 1.37881618738174 1.33012354373932 1.37770521640778 1.53468346595764 1.52669280767441 1.5297229886055 1.47812327742577 -9999 -9999 -9999 -9999 -9999 -9999 20.0487572550774 9.10972166061401 8.81063479185104 11.0127944201231 -9999
-9999 -9999 -9999 -9999 -9999 -9999 -9999 -9999 -9999 1.69518721103668 1.24080973863602 1.0932237803936 0.981132611632347 3.99762725830078 4.12242758274078 4.1156952381134 4.03816115856171 0.81432069092989 0.616967931389809 0.623082429170609 0.633149519562721 0.586275324225426 0.580032795667648 0.570736482739449 0.576084762811661 0.554620787501335 0.559946626424789 0.560409754514694 0.639457270503044 0.672983899712563 0.67042900621891 0.679898366332054 0.756810307502747 1.09651252627373 1.19556677341461 1.13724678754807 1.00120916962624 0.897199541330338 0.943778425455093 0.990754276514053 0.989456355571747 0.974537461996078 1.12247630953789 1.3496920466423 1.36179542541504 1.29782751202583 1.41552650928497 1.55044001340866 1.58249777555466 1.58612912893295 1.60499972105026 1.7016733288765 1.98482000827789 2.65788173675537 2.49252668023109 2.87977963685989 3.17700970172882 3.59187197685242 6.14082598686218 5.65662968158722 4.41622388362885 4.46398937702179
-9999 -9999 -9999 -9999 -9999 1.08107933402061 0.937635898590088 0.950830981135368 1.10958395898342 1.00252787768841 0.876587703824043 0.942255422472954 0.805136002600193 0.820832826197147 2.45247137546539 2.10414326190948 0.638978898525238 0.671552270650864 0.683685421943665 0.648649469017982 0.634714543819427 0.631144255399704 0.607073441147804 0.581182882189751 0.574009403586388 0.558071449398994 0.556565120816231 0.554671481251717 0.568311139941216 0.599043399095535 0.67310830950737 0.861993491649628 0.983669310808182 1.22641423344612 1.1940752863884 1.10943558812141 1.01180425286293 1.0125920176506 0.88980558514595 0.867610931396484 0.838987916707993 0.973758906126022 1.02775231003761 1.16491484642029 1.38951998949051 1.36584457755089 1.36878561973572 1.43387228250504 1.4903107881546 1.47476854920387 1.61102735996246 1.75056141614914 1.87040305137634 1.89432656764984 2.09769093990326 2.42752861976624 2.78510820865631 3.0894523859024 2.97027450799942 3.19583022594452 3.2692619562149 3.1474757194519
-9999 -9999 -9999 -9999 -9999 0.786907553672791 0.631393790245056 0.709000892937183 0.713345222175121 0.732248671352863 0.74416771531105 0.794455289840698 0.742934994399548 0.760988406836987 0.882903099060059 0.732648029923439 0.707480683922768 0.656170696020126 0.639739841222763 0.629207566380501 0.614271238446236 0.567264810204506 0.539989918470383 0.544172868132591 0.633172005414963 0.621678784489632 0.618022531270981 0.697890043258667 0.929184973239899 1.03760889172554 1.06193321943283 1.24791142344475 1.26269263029099 1.29533135890961 1.25314280390739 1.20039528608322 1.11765334010124 0.89819598197937 0.779095262289047 0.769279539585114 0.901194602251053 0.976211786270142 0.996731221675873 1.12527072429657 1.17567014694214 1.1891710460186 1.24580937623978 1.34118658304214 1.41745886206627 1.50933051109314 1.61799484491348 1.71702629327774 1.75629132986069 1.72443634271622 1.93554049730301 2.42024999856949 2.59517705440521 2.63321560621262 2.73726618289948 2.786889731884 2.70078867673874 2.72821229696274
-9999 -9999 -9999 -9999 -9999 0.594830051064491 0.623943373560905 0.422744080424309 0.410614594817162 0.850692071020603 1.01779451966286 0.736974388360977 0.59952999651432 0.619925782084465 0.666050165891647 0.705681368708611 0.733504638075829 0.71195375919342 0.656619742512703 0.633677512407303 0.572878807783127 0.577182948589325 0.609371960163116 0.661880627274513 0.699359759688377 0.74909596145153 0.834752798080444 0.904462516307831 1.01680782437325 1.03149926662445 1.13308095932007 1.26600354909897 1.20291486382484 1.01785835623741 0.948894470930099 0.871999204158783 0.770689576864243 0.747920036315918 0.793525815010071 0.760093241930008 0.753565013408661 0.802218407392502 1.04238170385361 1.25055384635925 1.2150821685791 1.18453377485275 1.28891479969025 1.43893307447433 1.38934904336929 1.28397086262703 1.367840051651 1.52644389867783 1.62205141782761 1.68416565656662 1.71719741821289 1.88599544763565 1.99173152446747 2.14047521352768 2.4107848405838 2.54757839441299 2.70750296115875 3.19470191001892
-9999 -9999 -9999 -9999 -9999 0.47633059322834 0.401806533336639 0.421157017350197 0.413299262523651 0.839223347604275 0.307568483054638 0.443249121308327 0.472689762711525 0.543195828795433 0.664028137922287 0.663460090756416 0.614357247948647 0.550760596990585 0.676647886633873 0.516053438186646 0.521820902824402 0.538382068276405 0.587930560112 0.556132838129997 0.590353846549988 0.640221923589706 0.594037771224976 0.798610031604767 0.893769800662994 0.975773066282272 1.12752038240433 1.11391147971153 1.0260816514492 0.879236966371536 0.810666382312775 0.847950249910355 0.87241530418396 0.815844565629959 0.756590813398361 0.715695574879646 0.672633245587349 0.756748706102371 0.853578150272369 1.10268616676331 1.16637495160103 1.20104241371155 1.3351816534996 1.5633242726326 1.44280752539635 1.24674519896507 1.28177690505981 1.33698642253876 1.38180390000343 1.43773475289345 1.51679134368896 1.78649210929871 1.9164006114006 2.02594810724258 2.32557266950607 2.79298996925354 3.82296395301819 3.88713884353638
-9999 -9999 -9999 -9999 -9999 0.336925104260445 0.427377328276634 0.427377328276634 0.533224269747734 0.493600890040398 0.659867316484451 0.353761374950409 0.35272653400898 0.351998180150986 0.512391798198223 0.487464688718319 0.502653792500496 0.570151336491108 0.636763013899326 0.498233959078789 0.537355318665504 0.543627485632896 0.54713000357151 0.540610313415527 0.530006602406502 0.49167962372303 0.482507988810539 0.559666335582733 0.624607846140862 0.684308633208275 0.801921933889389 0.846108376979828 0.872989654541016 0.85012811422348 0.764425814151764 0.674112439155579 0.796495288610458 0.815888911485672 0.567991018295288 0.5744888484478 0.675379514694214 0.829043716192245 1.02734899520874 1.10748901963234 1.05986076593399 1.10203573107719 1.28029078245163 1.59406346082687 1.46554836630821 1.25826144218445 1.33315479755402 1.33855453133583 1.37219095230103 1.55934727191925 1.83060872554779 2.03336691856384 1.94073271751404 2.0258127450943 2.38473683595657 2.86911249160767 3.48474991321564 3.54772675037384
