EcologicalScience/Bass/data/rs_data_bass/chl_427.asc
NCOLS 226 
NROWS 124 
XLLCORNER -9.41648524995501 
YLLCORNER 47.587301625531 
CELLSIZE 0.0833 
NODATA_value -9999 
[rows 0 to 26 of 124, columns 62 to 123 of 226]
-9999 -9999 -9999 -9999 -9999 -9999 -9999 -9999 -9999 -9999 -9999 -9999 -9999 -9999 -9999 -9999 -9999 -9999 -9999 -9999 -9999 -9999 -9999 -9999 -9999 -9999 -9999 -9999 -9999 -9999 -9999 -9999 -9999 -9999 -9999 -9999 -9999 -9999 -9999 -9999 -9999 -9999 -9999 -9999 -9999 -9999 -9999 -9999 -9999 -9999 -9999 -9999 -9999 -9999 -9999 -9999 -9999 -9999 -9999 -9999 -9999 -9999
-9999 -9999 -9999 -9999 -9999 -9999 -9999 -9999 -9999 -9999 -9999 -9999 -9999 -9999 -9999 -9999 -9999 -9999 -9999 -9999 -9999 -9999 -9999 -9999 -9999 -9999 -9999 -9999 -9999 -9999 -9999 -9999 -9999 -9999 -9999 -9999 -9999 -9999 -9999 -9999 -9999 -9999 -9999 -9999 -9999 -9999 -9999 -9999 -9999 -9999 -9999 -9999 -9999 -9999 -9999 -9999 -9999 -9999 -9999 -9999 -9999 -9999
-9999 -9999 -9999 -9999 -9999 -9999 -9999 -9999 -9999 -9999 -9999 -9999 -9999 -9999 -9999 -9999 -9999 -9999 -9999 -9999 -9999 -9999 -9999 -9999 -9999 -9999 -9999 -9999 -9999 -9999 -9999 -9999 -9999 -9999 -9999 -9999 -9999 -9999 -9999 -9999 -9999 -9999 -9999 -9999 -9999 -9999 -9999 -9999 -9999 -9999 -9999 -9999 -9999 -9999 -9999 -9999 -9999 -9999 -9999 -9999 -9999 -9999
-9999 -9999 -9999 -9999 -9999 -9999 -9999 -9999 -9999 -9999 -9999 -9999 -9999 -9999 -9999 -9999 -9999 -9999 -9999 -9999 -9999 -9999 -9999 -9999 -9999 -9999 -9999 -9999 -9999 -9999 -9999 -9999 -9999 -9999 -9999 -9999 -9999 -9999 -9999 -9999 -9999 -9999 -9999 -9999 -9999 -9999 -9999 -9999 -9999 -9999 -9999 -9999 -9999 -9999 -9999 -9999 -9999 -9999 -9999 -9999 -9999 -9999
-9999 -9999 -9999 -9999 -9999 -9999 -9999 -9999 -9999 -9999 -9999 -9999 -9999 -9999 -9999 -9999 -9999 -9999 -9999 -9999 -9999 -9999 -9999 -9999 -9999 -9999 -9999 -9999 -9999 -9999 -9999 -9999 -9999 -9999 -9999 -9999 -9999 -9999 -9999 -9999 -9999 -9999 -9999 -9999 -9999 -9999 -9999 -9999 -9999 -9999 -9999 -9999 -9999 -9999 -9999 -9999 -9999 -9999 -9999 -9999 -9999 -9999
-9999 -9999 -9999 -9999 -9999 -9999 -9999 -9999 -9999 -9999 -9999 -9999 -9999 -9999 -9999 -9999 -9999 -9999 -9999 -9999 -9999 -9999 -9999 -9999 -9999 -9999 -9999 -9999 0.63735419511795 1.41293177193534 2.30058784782887 0.327896252274513 0.822026968002319 0.832396477460861 0.787092000246048 0.798256516456604 0.854525238275528 0.841507494449615 0.841052234172821 0.831428289413452 0.869926482439041 0.91960796713829 0.958098739385605 0.977374523878098 1.06733250617981 1.211052775383 1.01341053843498 1.25640079379082 1.29943871498108 1.32113626599312 1.21473821997643 1.11754721403122 0.910875767469406 0.781772285699844 0.820195466279984 0.797767460346222 0.922037243843079 1.08452779054642 1.16206499934196 1.14614322781563 1.05310347676277 0.842391729354858
-9999 -9999 -9999 -9999 -9999 -9999 -9999 -9999 -9999 -9999 -9999 -9999 -9999 -9999 -9999 -9999 -9999 -9999 -9999 -9999 -9999 -9999 -9999 -9999 -9999 -9999 1.18186515569687 1.0627324283123 2.39317010343075 3.55984282493591 3.46618366241455 1.82192999124527 0.77877750992775 0.767156213521957 0.754681527614594 0.806814014911652 0.888243019580841 0.871097266674042 0.783336728811264 0.860343039035797 0.836877018213272 0.85870572924614 0.838218033313751 0.865193992853165 0.870444774627686 0.951341271400452 0.743777990341187 0.909341990947723 1.45128974318504 1.54864507913589 1.10871076583862 0.96554097533226 0.802339464426041 0.652210503816605 0.693856492638588 0.693549737334251 0.719848483800888 0.932970732450485 1.1808990240097 1.04108172655106 0.980017483234406 0.781583994626999
-9999 -9999 -9999 -9999 -9999 -9999 -9999 -9999 -9999 -9999 -9999 -9999 -9999 -9999 -9999 -9999 -9999 -9999 -9999 -9999 -9999 -9999 -9999 -9999 -9999 -9999 1.18186515569687 2.04255263507366 2.40897756814957 1.65407252311707 2.81305718421936 1.27849419414997 0.770820736885071 0.787449717521667 0.75339075922966 0.771237730979919 0.801690012216568 0.800829738378525 0.729685485363007 0.780147761106491 0.802068740129471 0.766847223043442 0.77391529083252 0.79608678817749 0.82787024974823 0.938897252082825 1.08077323436737 1.27968674898148 1.42590299248695 1.15788745880127 0.93277046084404 0.680050492286682 0.559387519955635 0.510606005787849 0.528855755925179 0.573537737131119 0.532328233122826 0.590608522295952 0.672350227832794 0.632805749773979 0.628644749522209 0.622483491897583
-9999 -9999 -9999 -9999 -9999 -9999 -9999 -9999 -9999 -9999 -9999 -9999 -9999 -9999 -9999 -9999 -9999 -9999 -9999 -9999 -9999 -9999 -9999 -9999 -9999 -9999 2.00150741636753 2.37063896656036 1.81069654226303 1.39575979113579 0.935897290706635 1.14286123216152 1.09426237642765 0.983597606420517 1.07690289616585 1.11936338245869 0.775031268596649 0.750996708869934 0.760106205940247 0.871509790420532 0.84737554192543 0.764876961708069 0.678690746426582 1.04726323485374 0.75328803062439 1.14999412000179 0.633043482899666 0.593151748180389 0.56674499809742 0.582611247897148 0.571526259183884 0.507487490773201 0.45337276160717 0.446511000394821 0.429820507764816 0.380553737282753 0.411772504448891 0.480841487646103 0.553661987185478 0.558335244655609 0.521682769060135 0.525108754634857
-9999 -9999 -9999 -9999 -9999 -9999 -9999 -9999 -9999 -9999 -9999 -9999 -9999 -9999 -9999 -9999 -9999 -9999 -9999 -9999 -9999 -9999 -9999 -9999 -9999 1.19121462106705 1.30733926892281 1.09494602680206 1.14553499221802 1.01966553926468 1.19782461225986 1.11350552737713 1.04024590551853 1.01655413210392 1.07851423323154 1.19568447768688 1.18933573365211 0.850890040397644 0.815642237663269 0.861114710569382 0.799743711948395 0.697987496852875 1.20679458975792 0.905406028032303 0.818739742040634 0.642222762107849 0.891952514648438 0.777372747659683 0.820210509002209 0.411334499716759 0.392234981060028 0.384447008371353 3.64179921895266 0.36939974874258 0.367032743990421 0.386502742767334 0.443406745791435 0.436671763658524 0.474116250872612 0.495679512619972 0.488795265555382 0.549772515892982
-9999 -9999 -9999 -9999 -9999 -9999 -9999 -9999 -9999 -9999 -9999 -9999 -9999 -9999 -9999 -9999 -9999 -9999 -9999 -9999 -9999 -9999 -9999 -9999 -9999 3.48524734005332 1.62133651971817 1.52669101953506 1.35537073016167 1.20214274525642 0.83719727396965 1.10655601322651 0.508539766073227 0.571278735995293 0.600582003593445 1.24043025076389 1.23296700417995 1.20172798633575 1.19055935740471 0.868671745061874 1.13560876250267 1.1576951444149 1.20934501290321 0.709809735417366 0.792163521051407 0.594197228550911 0.503634005784988 0.461490020155907 0.419454753398895 0.462465763092041 0.646422006189823 0.345350995659828 0.357379496097565 0.732537366449833 0.365212507545948 0.366562508046627 0.372489005327225 0.397365733981133 0.409970998764038 0.447570741176605 0.506328731775284 0.65616600215435
-9999 -9999 -9999 -9999 -9999 -9999 -9999 -9999 -9999 -9999 -9999 -9999 -9999 -9999 -9999 -9999 -9999 -9999 -9999 -9999 -9999 -9999 -9999 -9999 1.31647038459778 1.70878452062607 1.79554751515388 1.92437648773193 1.40465551614761 1.63650557398796 1.34051290154457 1.23730199038982 1.10392534732819 1.10702665150166 1.18969649076462 1.20061236619949 1.21780349314213 1.27577698230743 1.2297899723053 1.17905397713184 1.05954712629318 1.0026528686285 1.09519802033901 1.00012654066086 0.760796248912811 0.687330007553101 0.44319449365139 0.600306764245033 0.524220004677773 0.441660761833191 0.438219755887985 0.40303798019886 0.378004521131516 0.709842726588249 0.780192375183105 0.419100746512413 0.393877521157265 0.417706489562988 0.461404502391815 0.546298518776894 0.656366229057312 0.704129979014397
-9999 -9999 -9999 -9999 -9999 -9999 -9999 -9999 -9999 -9999 -9999 -9999 -9999 -9999 -9999 -9999 -9999 -9999 -9999 -9999 -9999 -9999 -9999 1.50594073534012 2.02557411789894 1.92809173464775 1.71306149661541 1.46837022900581 1.26201452314854 1.22401352226734 1.18974673748016 1.1742217540741 1.15774235129356 1.1347049921751 1.16292826831341 1.19569762051105 1.20416249334812 1.06378760933876 1.00893826782703 0.824460715055466 0.97154738008976 0.919662371277809 0.867752999067307 0.843453705310822 0.727949246764183 0.645357012748718 0.680486641824245 0.738911233842373 0.789673134684563 0.446646004915237 0.828721851110458 0.381940484046936 0.383584499359131 0.358781240880489 0.371198996901512 0.35029124468565 0.446981996297836 0.443470492959023 0.40183724462986 0.478505998849869 0.551339238882065 0.660241484642029
-9999 -9999 -9999 -9999 -9999 -9999 -9999 -9999 -9999 -9999 -9999 -9999 -9999 -9999 -9999 -9999 -9999 -9999 -9999 -9999 -9999 -9999 1.9960200637579 2.03564900159836 1.6081867814064 1.72385475039482 1.53738789260387 1.36476601660252 1.22778636217117 1.22628937661648 1.21465650200844 1.20126789808273 1.22057063877583 1.19674274325371 1.21158675849438 1.14997427165508 1.09126237034798 0.951362237334251 0.902500480413437 0.794808760285378 0.731701500713825 0.619937628507614 0.722310751676559 0.674546241760254 0.638369992375374 0.547083735466003 0.733887009322643 0.804574146866798 0.819413244724274 0.873768031597137 0.707807242870331 0.564588010311127 0.495160505175591 0.395036235451698 0.365648254752159 0.389590501785278 0.517795488238335 0.614093229174614 0.802782028913498 0.454719766974449 0.513293266296387 0.596834242343903
-9999 -9999 -9999 -9999 -9999 -9999 -9999 -9999 -9999 -9999 -9999 -9999 -9999 -9999 -9999 -9999 -9999 -9999 -9999 -9999 2.64602583646774 2.20475278531804 2.10028982162476 1.93837171792984 2.16192635893822 1.71318751573563 1.46814528107643 1.38610312342644 1.24687197804451 1.15640285611153 1.16265521943569 1.17949426174164 1.18644037842751 1.16426061093807 1.1102666258812 1.03947114944458 0.976050361990929 0.877053737640381 0.765018001198769 0.728320509195328 0.72555486112833 0.611772000789642 0.581766374409199 0.615189380943775 0.626128122210503 0.653351984918118 0.706189870834351 0.696449249982834 0.630614250898361 0.974374875426292 0.932882621884346 0.822457507252693 0.6017175167799 0.518322005867958 0.618257626891136 0.705210015177727 0.619535252451897 0.709105521440506 0.871605008840561 0.844170749187469 0.73158073425293 0.747573763132095
-9999 -9999 -9999 -9999 -9999 -9999 -9999 -9999 -9999 -9999 -9999 -9999 -9999 -9999 -9999 -9999 -9999 -9999 -9999 -9999 2.35395668271904 1.8469609618187 1.94328680634499 1.70957243442535 1.74277496337891 1.81338983774185 1.6659899353981 1.43393397331238 1.30211211740971 1.16827574372292 1.19731950759888 1.19804736971855 1.18269525468349 1.17752212285995 1.15489384531975 0.867657780647278 0.928699135780334 0.807636380195618 0.686261616647243 0.580412998795509 0.680527500808239 0.569247007369995 0.55546273291111 0.621677622199059 0.677464865148067 0.772604249417782 0.675553120672703 0.844447508454323 0.562556996941566 0.55308897793293 0.436158746480942 0.398267269134521 0.408680990338326 0.594677992165089 0.565103620290756 0.570017248392105 0.768768757581711 0.691607236862183 0.874720484018326 0.877491027116776 0.78108224272728 0.804473966360092
-9999 -9999 -9999 -9999 -9999 -9999 -9999 -9999 -9999 -9999 -9999 -9999 -9999 -9999 -9999 -9999 -9999 -9999 -9999 2.13880771398544 2.75635653734207 2.85502874851227 2.1834345459938 1.88996171951294 1.82511967420578 1.76474779844284 1.75395601987839 1.7194499373436 1.52372395992279 1.44109502434731 1.53175503015518 1.42980453372002 1.54163932800293 1.14351560175419 1.02799835801125 0.842846274375916 0.897818237543106 0.788450628519058 0.735508136451244 0.806271761655807 0.534368991851807 0.583832234144211 0.680155500769615 0.724763609468937 0.83985860645771 0.871762119233608 0.900263249874115 0.802205242216587 0.712758757174015 0.671967767179012 0.628705121576786 0.630543753504753 0.386503502726555 0.451065748929977 0.382865980267525 0.436890006065369 0.599975243210793 0.66473177075386 0.852963030338287 0.901436269283295 0.905563473701477 0.948612034320831
-9999 -9999 -9999 -9999 -9999 -9999 -9999 -9999 -9999 -9999 -9999 -9999 -9999 -9999 -9999 -9999 -9999 -9999 3.84224689006805 3.03341639041901 3.19984138011932 3.06494987010956 2.43710857629776 1.92054444551468 1.70805680751801 1.68370270729065 1.72755753993988 1.61598747968674 1.62959772348404 1.59562432765961 1.57439768314362 1.49090999364853 1.42159429192543 1.13524688780308 1.07654772698879 1.03530339896679 0.971602097153664 0.901383742690086 0.8698890209198 0.84876412153244 0.896841019392014 0.762961484491825 0.76802022010088 0.756706885993481 0.782280027866364 0.840147010982037 0.87143549323082 0.700511254370213 0.69012600928545 0.210585750639439 0.660987362265587 0.479955732822418 0.742974378168583 0.729424484074116 0.545978263020515 0.49872225522995 0.535690516233444 0.465276002883911 0.617245495319366 0.893705248832703 1.60832436382771 0.648003771901131
-9999 -9999 -9999 -9999 -9999 -9999 -9999 -9999 -9999 -9999 -9999 -9999 -9999 -9999 -9999 -9999 -9999 36.3073617959324 3.78185176849365 2.68215519189835 2.42157751321793 2.28270971775055 2.05848526954651 1.86617767810822 1.74854099750519 1.69306272268295 1.72599077224731 1.6536825299263 1.55399769544601 1.62297892570496 1.72655475139618 1.69555342197418 1.66162723302841 1.22357998788357 1.19272121787071 1.15190286934376 1.07041047513485 0.997945860028267 1.00553324818611 0.995024621486664 1.10387961566448 1.01307713985443 0.864139504730701 0.944692142307758 1.00726425647736 0.842650137841702 0.890803456306458 0.342519745230675 0.33211275190115 0.33805350959301 0.331632010638714 0.468974232673645 0.656004376709461 0.695806883275509 0.3998032361269 0.515549272298813 0.656947508454323 0.464322745800018 0.416831240057945 0.432033017277718 0.57956551015377 0.544619992375374
-9999 -9999 -9999 -9999 -9999 -9999 -9999 -9999 -9999 -9999 -9999 -9999 -9999 -9999 -9999 -9999 -9999 -9999 -9999 2.7160536646843 2.26199018955231 2.04543453454971 2.00634455680847 2.06417030096054 1.81595402956009 1.67912328243256 1.69469708204269 1.67938578128815 1.61469966173172 1.50717455148697 1.6392502784729 1.73782807588577 1.70115154981613 1.23926098644733 1.24024839699268 1.22925415635109 1.14031648635864 1.13263311982155 1.07347199320793 1.07602500915527 0.298295997083187 0.332121759653091 1.04052527993917 1.03806227445602 0.256462499499321 0.277674749493599 0.286505989730358 0.299610748887062 0.328134007751942 0.34333124756813 0.346710741519928 0.352004997432232 0.560643754899502 0.616401001811028 0.724301621317863 0.922315858304501 0.687074258923531 0.573161244392395 0.519020229578018 0.593621984124184 0.577060505747795 0.579257994890213
-9999 -9999 -9999 -9999 -9999 -9999 -9999 -9999 -9999 -9999 -9999 -9999 -9999 -9999 -9999 4.90124022960663 4.72298445484855 3.12980644404888 2.98140907287598 2.3639520406723 2.27801996469498 2.15424603223801 1.94261705875397 2.23618805408478 1.84530901908875 1.62810891866684 1.41703650355339 1.2241829931736 1.22970673441887 1.35235503315926 1.23374363780022 1.22078847885132 1.2373976111412 1.21546272933483 1.2547312527895 1.29130876064301 1.26495561003685 1.22763450443745 1.13889263570309 0.345985494554043 0.524589747190475 0.46587672829628 0.34578301012516 0.323912993073463 0.275889001786709 0.289900504052639 0.294847503304482 0.361938759684563 0.449636980891228 0.414286494255066 0.371729247272015 0.565607607364655 0.546141386032104 0.604532986879349 0.777708761394024 1.26906859874725 2.50927647203207 1.54246915876865 0.74645023047924 0.708987012505531 0.592409983277321 0.556299760937691
-9999 -9999 -9999 -9999 -9999 -9999 -9999 -9999 -9999 -9999 35.2986888885498 35.2986888885498 13.7248649597168 3.77167508006096 4.19248259067535 3.79758989810944 3.71112370491028 3.89337766170502 2.76573067903519 2.20164155960083 2.02796173095703 3.49992763996124 4.37762188911438 3.41570091247559 2.06061226129532 1.73703968524933 1.62375748157501 1.60540348291397 1.90997850894928 1.38460278511047 1.38651823997498 1.22126363217831 1.26664799451828 1.36115290224552 1.34427635371685 1.39957500994205 1.49843515455723 0.949469983577728 1.63340100646019 1.34225960075855 1.28384511172771 1.13624140620232 1.04680198431015 0.294681742787361 0.297931507229805 0.32116424292326 0.330687001347542 0.406575009226799 0.366584256291389 0.399950981140137 0.435029983520508 0.565872006118298 0.587405629456043 0.679099872708321 0.870366364717484 0.969079859554768 1.2635028809309 0.778980731964111 0.738107979297638 0.65634298324585 0.605156242847443 0.567513763904572
-9999 -9999 -9999 -9999 -9999 -9999 -9999 -9999 -9999 -9999 35.2986888885498 12.8033173084259 4.08663785457611 3.21388158202171 2.90178975462914 2.74839645624161 3.46984040737152 6.01066412776709 2.49382620433281 2.29466588246195 3.18526351451874 2.41494083404541 2.59602981805801 2.73888373374939 2.78656876087189 3.01043486595154 1.70686197280884 2.61960446834564 2.62776231765747 2.17605900764465 3.09497165679932 2.49269181489944 2.17960041761398 1.49186325073242 1.60146260261536 1.75152750313282 2.08002153038979 1.89791701734066 1.42198875546455 1.26915268599987 1.17576111853123 1.06689901649952 0.897734999656677 0.752886392176151 0.655216120183468 0.608110494911671 0.622356757521629 0.623790018260479 0.475029766559601 0.466481253504753 0.490495517849922 0.67977936565876 0.696220122277737 0.786807753145695 0.942465730011463 1.00050151348114 0.990250468254089 1.87453206628561 1.63373923301697 0.576437249779701 0.558466494083405 0.479893505573273
-9999 -9999 -9999 -9999 -9999 -9999 -9999 -9999 -9999 -9999 -9999 -9999 -9999 3.37343454360962 3.71055924892426 3.16837824136019 -9999 -9999 -9999 -9999 -9999 -9999 3.53968262672424 2.13946723937988 2.20454174280167 2.45673447847366 2.40812033414841 2.98263520002365 3.08843851089478 2.16302919387817 2.62208408117294 2.52890092134476 1.62016010284424 1.8775305300951 2.02592065930367 1.97649970650673 1.84941865503788 1.71741525828838 1.57538214325905 1.53516148030758 1.29800476133823 1.26649349927902 1.08564671874046 1.0260397195816 1.02608701586723 0.868867479264736 0.827929884195328 0.803068488836288 0.970824748277664 1.08264036476612 1.2884928882122 1.23793758451939 1.07756323367357 0.938107520341873 0.980842128396034 1.13681852817535 1.09660872817039 0.78330597281456 0.449448019266129 0.733061268925667 0.492337480187416 0.66337426006794
-9999 -9999 -9999 -9999 -9999 -9999 -9999 -9999 -9999 -9999 -9999 -9999 -9999 16.6274771690369 16.6274771690369 16.6274771690369 -9999 -9999 -9999 -9999 -9999 -9999 4.94490551948547 4.94490551948547 4.94490551948547 0.308659605681896 2.28657174110413 2.1029264330864 3.08553712069988 2.78925597667694 2.72756391763687 2.09121000766754 1.84968817234039 1.75745183229446 1.93046289682388 1.31469824910164 1.93522055447102 1.76356092095375 1.61649978160858 1.4772203117609 1.27738384902477 1.55358003079891 1.57573087513447 1.45101633667946 1.40058602392673 1.25964859127998 1.22391378879547 1.04849850386381 0.571973249316216 0.598422020673752 1.49200241267681 1.3995269536972 0.405556485056877 1.17915751039982 0.911063991487026 1.15653482079506 1.14966228604317 0.900572240352631 0.58492349088192 0.516922518610954 0.540061488747597 1.15007212758064
-9999 -9999 -9999 -9999 -9999 -9999 -9999 -9999 -9999 -9999 -9999 -9999 -9999 -9999 -9999 -9999 -9999 -9999 -9999 -9999 -9999 -9999 -9999 -9999 -9999 -9999 1.63149202242494 2.47983455657959 1.9811883866787 2.09134460985661 2.18654505908489 2.01614400744438 1.97085973620415 1.83920060098171 1.7899072766304 1.83133238554001 1.80334348976612 2.24553559720516 1.6887394040823 1.22834734618664 1.48032107949257 1.44948372244835 1.34655596315861 1.42592284083366 1.46803276240826 1.53099225461483 1.42161825299263 0.50076824426651 0.491538763046265 0.484323754906654 0.661441504955292 0.630434989929199 0.98504550755024 0.971584528684616 0.894571512937546 0.940008357167244 0.939493149518967 0.969879381358624 1.27830601483583 1.08120337128639 1.74268428236246 3.04707448929548
-9999 -9999 -9999 -9999 -9999 -9999 -9999 -9999 -9999 -9999 -9999 -9999 -9999 -9999 -9999 -9999 -9999 -9999 -9999 -9999 -9999 -9999 -9999 -9999 -9999 -9999 -9999 2.34612439216023 3.3574298620224 2.07747745513916 1.93897157907486 2.17756873369217 2.57462131977081 1.93758483231068 1.88012252748013 1.87246124446392 1.71207605302334 1.71257141232491 1.66643249988556 1.42611412703991 1.46136116981506 0.690925508737564 0.697392761707306 0.770664006471634 1.57798200845718 1.69265668094158 1.77153865993023 1.97539615631104 0.504901483654976 0.651377990841866 0.647054269909859 0.632247760891914 0.858229503035545 0.841571599245071 0.834026992321014 0.841644376516342 0.981069758534431 1.01056985557079 0.95653572678566 0.94490023702383 2.46859981119633 3.20114504545927
