EcologicalScience/Bass/data/rs_data_bass/chl_151.asc
NCOLS 226 
NROWS 124 
XLLCORNER -9.41648524995501 
YLLCORNER 47.587301625531 
CELLSIZE 0.0833 
NODATA_value -9999 
[rows 81 to 107 of 124, columns 62 to 123 of 226]
3.85158455371857 5.97498106956482 7.6620512008667 7.66205191612244 -9999 -9999 -9999 -9999 -9999 -9999 -9999 -9999 -9999 -9999 -9999 -9999 -9999 -9999 -9999 -9999 -9999 -9999 -9999 -9999 -9999 -9999 -9999 -9999 -9999 -9999 -9999 -9999 -9999 -9999 -9999 -9999 -9999 -9999 -9999 -9999 -9999 -9999 -9999 -9999 -9999 -9999 -9999 -9999 -9999 -9999 -9999 -9999 -9999 -9999 -9999 -9999 -9999 -9999 -9999 -9999 -9999 -9999
2.91341946136604 -9999 -9999 -9999 -9999 -9999 -9999 -9999 -9999 -9999 -9999 -9999 -9999 -9999 -9999 -9999 -9999 -9999 -9999 -9999 -9999 -9999 -9999 -9999 -9999 -9999 -9999 -9999 -9999 -9999 -9999 -9999 -9999 -9999 -9999 -9999 -9999 -9999 -9999 -9999 -9999 -9999 -9999 -9999 -9999 -9999 -9999 -9999 -9999 -9999 -9999 -9999 -9999 -9999 -9999 -9999 -9999 -9999 -9999 -9999 -9999 -9999
-9999 -9999 -9999 -9999 -9999 -9999 -9999 -9999 -9999 -9999 -9999 -9999 -9999 -9999 -9999 -9999 -9999 -9999 -9999 -9999 -9999 -9999 -9999 -9999 -9999 -9999 -9999 -9999 -9999 -9999 -9999 -9999 -9999 -9999 -9999 -9999 -9999 -9999 -9999 -9999 -9999 -9999 -9999 -9999 -9999 -9999 -9999 -9999 -9999 -9999 -9999 -9999 -9999 -9999 -9999 -9999 -9999 -9999 -9999 -9999 -9999 -9999
-9999 -9999 -9999 -9999 -9999 -9999 -9999 -9999 -9999 -9999 -9999 -9999 -9999 -9999 -9999 -9999 -9999 -9999 -9999 -9999 -9999 -9999 -9999 -9999 -9999 -9999 -9999 -9999 -9999 -9999 -9999 -9999 -9999 -9999 -9999 -9999 -9999 -9999 -9999 -9999 -9999 -9999 -9999 -9999 -9999 -9999 -9999 -9999 -9999 -9999 -9999 -9999 -9999 -9999 -9999 -9999 -9999 3.24842131839079 1.69232922792435 1.94968056678772 2.22130805253983 2.40846973657608
-9999 -9999 -9999 -9999 -9999 -9999 -9999 -9999 -9999 -9999 -9999 -9999 -9999 -9999 -9999 -9999 -9999 -9999 -9999 -9999 -9999 -9999 -9999 -9999 -9999 -9999 -9999 -9999 -9999 -9999 -9999 -9999 -9999 -9999 -9999 -9999 37.1749906539917 -9999 2.60399097204208 2.23459357023239 -9999 -9999 7.56371433734894 9.03125381469727 13.9967036247253 16.5284328460693 7.2373673915863 6.58650684356689 3.51983785629272 1.93764442205429 1.81316471099854 2.3674134186336 -9999 -9999 -9999 5.33501708507538 4.16779589653015 2.40172058343887 1.79317116737366 1.58877003192902 1.45681804418564 1.38611921668053
-9999 -9999 -9999 -9999 -9999 -9999 -9999 -9999 -9999 -9999 -9999 -9999 -9999 3.47110017334543 47.3978590518236 1.00725898146629 0.857618987560272 0.854961723089218 1.12509450316429 -9999 -9999 -9999 -9999 -9999 -9999 -9999 -9999 -9999 2.49133193492889 2.43327444791794 2.72748005390167 2.92799019813538 -9999 3.66949796676636 -9999 -9999 -9999 -9999 2.17524969577789 2.27745079994202 2.32038831710815 2.63188791275024 2.60291701555252 2.90104347467422 4.63525807857513 2.4220409989357 1.92196422815323 1.68878692388535 1.47703349590302 1.70747995376587 1.63823854923248 1.71317481994629 2.28561079502106 2.81895142793655 2.65079551935196 2.39298605918884 2.01174831390381 1.30144277215004 1.06862023472786 1.00717198848724 1.20194846391678 1.28211897611618
-9999 -9999 -9999 -9999 -9999 -9999 -9999 -9999 -9999 -9999 2.96511253714561 5.1473228931427 1.43535304069519 1.14952048659325 1.12213423848152 1.06824150681496 1.06179150938988 1.10476049780846 1.14963600039482 1.1817390024662 4.92469357779301 -9999 1.34175145626068 1.37644350528717 1.71738374233246 -9999 -9999 2.7687411904335 2.80533742904663 2.81480991840363 2.63797348737717 2.09812206029892 2.29327654838562 1.99554526805878 -9999 -9999 2.97480981690543 2.1646431684494 2.27616745233536 2.23357433080673 2.31229716539383 2.31059324741364 1.93956452608109 1.69282954931259 1.50585222244263 1.47847875952721 1.47122928500175 1.17571198940277 1.08185103535652 1.07995051145554 1.06254824995995 1.18090197443962 1.22550827264786 1.11800247430801 1.25325903296471 1.28079673647881 1.13219547271729 0.97162127494812 0.909713208675385 0.980801224708557 1.03056451678276 1.0412632226944
-9999 -9999 -9999 -9999 -9999 -9999 -9999 -9999 -9999 3.79764747619629 4.71182191371918 3.52088034152985 0.909807711839676 0.848279982805252 0.777102023363113 1.66398230195045 0.995083540678024 1.09893822669983 1.24300798773766 1.27721402049065 1.33760172128677 3.51253199662481 1.46018922328949 1.76005268096924 1.84112101793289 1.99305599927902 2.11790478229523 2.1760305762291 2.24187594652176 2.2715819478035 2.23673325777054 1.95489156246185 2.15607833862305 2.2924268245697 2.72912406921387 2.88229501247406 2.77403175830841 2.4885960817337 2.01096671819687 1.92826491594315 1.91214895248413 1.82887208461761 1.79370367527008 1.42950448393822 1.27533075213432 0.804278254508972 0.76621949672699 0.738981753587723 0.734885260462761 0.709632754325867 0.746280759572983 0.82496702671051 0.909298539161682 0.916796207427979 0.948971271514893 1.02881848812103 1.02144375443459 0.843681782484055 0.824328750371933 0.837460488080978 0.974391728639603 1.11225298047066
-9999 -9999 -9999 -9999 -9999 -9999 -9999 -9999 -9999 1.5952439904213 0.995585292577744 0.788250714540482 0.716939270496368 0.621097505092621 0.575535759329796 0.632767483592033 1.2651202082634 1.19947654008865 1.12553921341896 1.1314717233181 1.36347001791 1.49787077307701 1.56996291875839 1.63933056592941 1.71579068899155 1.79010683298111 1.86372971534729 1.98592203855515 2.03899866342545 2.09229683876038 2.05944299697876 1.99677979946136 2.06903332471848 2.22061568498611 2.51605278253555 2.51970076560974 2.40886580944061 2.2538970708847 1.90972048044205 1.86476254463196 1.84873652458191 1.90316694974899 1.44097575545311 1.15552049875259 1.03486946225166 0.945901483297348 0.733607992529869 0.729171752929688 0.702606752514839 0.567986994981766 0.559676259756088 0.632006987929344 0.771013498306274 0.862152010202408 0.855188995599747 0.771353244781494 0.719858229160309 0.709153488278389 0.707639247179031 0.778547286987305 1.07357847690582 1.24145776033401
-9999 -9999 -9999 -9999 -9999 -9999 -9999 -9999 1.43829372525215 1.18452751636505 0.632992520928383 0.603449240326881 0.605623483657837 0.544544264674187 0.531563982367516 0.547013998031616 0.533301740884781 0.906250476837158 1.3332060277462 1.51852878928185 1.34518048167229 1.39648121595383 1.50811582803726 1.54219275712967 1.5471156835556 1.4984564781189 1.53625881671906 1.56393367052078 1.63943177461624 1.69037175178528 1.67230725288391 1.69425219297409 1.76855027675629 1.85164868831635 1.91704648733139 2.04750823974609 2.09563493728638 2.06367820501328 1.93308824300766 2.00801020860672 1.8556627035141 1.54871392250061 0.956893533468246 0.76471272110939 0.711812987923622 0.832593709230423 0.694687485694885 0.642378732562065 0.591605231165886 0.479886755347252 0.475654497742653 0.524403735995293 0.609791994094849 0.75366747379303 0.755706757307053 0.709961235523224 0.710475727915764 0.69751650094986 0.804724484682083 0.866768270730972 1.15078952908516 1.27426654100418
1.40968349575996 0.936831772327423 1.09322100877762 0.73632524907589 -9999 -9999 -9999 0.99517348408699 1.52218866348267 1.81707447767258 0.609326988458633 0.474515989422798 0.543336018919945 0.560165986418724 0.572185501456261 0.606602266430855 0.592479765415192 0.524234265089035 0.514042496681213 0.547671005129814 0.533148005604744 0.544435501098633 0.944031715393066 0.969250470399857 1.27680078148842 1.14817276597023 1.11815625429153 0.829593747854233 0.880955278873444 0.888969719409943 0.948920220136642 1.3416765332222 1.3714844584465 1.33759573101997 1.36142697930336 1.32759296894073 1.35288378596306 1.38372677564621 1.1906955242157 0.973241239786148 0.808229237794876 0.655862241983414 0.742500767111778 0.747678771615028 0.683948993682861 0.542435243725777 0.683062478899956 0.65278123319149 0.649227753281593 0.649140760302544 0.604662761092186 0.591478496789932 0.619781255722046 0.711741730570793 0.754560023546219 0.800490707159042 0.999014228582382 1.03235024213791 1.0507972240448 1.09120720624924 1.38416478037834 1.41982421278954
0.807951718568802 0.789483726024628 0.797717213630676 0.866313010454178 0.824984282255173 0.873203247785568 0.863736033439636 0.891108781099319 1.21987795829773 1.40344423055649 0.598301991820335 0.493229985237122 0.577794760465622 0.632871016860008 0.579872265458107 0.551024258136749 0.515430763363838 0.473297998309135 0.443226769566536 0.456761240959167 0.456540003418922 0.440957978367805 0.452526748180389 0.471244499087334 0.527293503284454 0.556163236498833 0.521993234753609 0.516487509012222 0.506857484579086 0.511092737317085 0.477299228310585 1.28846696019173 1.21518896520138 0.535686761140823 0.526308730244637 0.545545488595963 0.587655767798424 0.597170233726501 0.638646751642227 0.678186759352684 0.739940240979195 0.766584724187851 0.813768714666367 0.793050706386566 0.764675974845886 0.744523510336876 0.78823721408844 0.797741264104843 0.818787038326263 0.721032008528709 0.646191000938416 0.651208519935608 0.670366510748863 0.666930019855499 0.73157474398613 0.839228242635727 1.05851098895073 1.04458048939705 1.02907499670982 1.10724154114723 2.05287444591522 2.51658368110657
0.757764726877213 0.653750985860825 0.711158260703087 0.66193950176239 0.662018984556198 0.678373485803604 0.679752767086029 0.960334539413452 1.01568147540092 1.11633601784706 0.750009030103683 0.739034235477448 0.667775228619576 0.581366255879402 0.410388752818108 0.379086747765541 0.346350006759167 0.391698002815247 0.418566763401031 0.420977264642715 0.423933729529381 0.464631021022797 0.510428264737129 0.564255729317665 0.664982244372368 0.671729251742363 0.663914233446121 0.657712519168854 0.63434998691082 1.08335995674133 1.09130027890205 1.100560516119 1.1170244961977 1.14063933491707 1.10638949275017 0.624146237969398 0.867242217063904 0.879414707422256 0.896022766828537 0.970052272081375 1.00319096446037 0.793647766113281 0.642028480768204 0.666932255029678 0.697871267795563 0.74347423017025 0.973517239093781 1.00789573788643 0.960902273654938 0.890966266393661 0.745490983128548 0.737699255347252 0.75295427441597 0.831671208143234 0.901179760694504 1.00507950782776 1.18498501181602 1.28279247879982 1.46998795866966 1.79264330863953 3.08676838874817 5.71298396587372
0.592828497290611 0.550329744815826 0.524980500340462 0.480689987540245 0.536428481340408 0.569777235388756 0.61014823615551 0.69956548511982 0.752204239368439 0.801193535327911 0.807088494300842 0.708990767598152 0.612887978553772 0.575390249490738 0.444315746426582 0.352597497403622 0.382163241505623 0.437147229909897 0.506007000803947 0.503713488578796 0.542033270001411 1.05421650409698 1.10795210301876 1.16421787440777 1.08343496918678 0.607124984264374 1.11050328612328 0.886909514665604 1.12492203712463 1.13790223002434 1.11966750025749 1.14961498975754 1.14524620771408 1.07143422961235 1.03195577859879 0.94658026099205 1.08932474255562 1.1701754629612 1.15208628773689 0.986705213785172 0.878892034292221 0.833339989185333 0.895550966262817 0.965985774993896 1.16649153828621 1.25111326575279 1.29592725634575 1.25756397843361 1.14375525712967 0.945219755172729 0.871481269598007 0.966500222682953 1.09587827324867 1.47266846895218 1.5843899846077 1.6462567448616 1.58129775524139 1.42621502280235 1.37829074263573 1.5752055644989 4.73025012016296 10.0420789718628
0.456187516450882 0.512116491794586 0.478306487202644 0.410114988684654 0.372503243386745 0.429180756211281 0.466113746166229 0.5337915122509 0.569318264722824 0.569096267223358 0.583526998758316 0.578205764293671 0.569251477718353 0.559953019022942 0.496407017111778 0.44293874502182 0.472398743033409 0.514362752437592 0.534609004855156 0.527973756194115 0.550178244709969 0.601269766688347 1.09863674640656 1.13776950538158 1.10222473740578 1.07321700453758 0.956044524908066 1.00339803099632 1.16106900572777 1.17416703701019 1.16283971071243 1.11729374527931 1.02455171942711 1.0440194606781 1.06476303935051 1.12696579098701 1.10303029417992 1.07954326272011 1.09941601753235 1.0259662270546 0.98338195681572 0.965031713247299 1.0923584997654 1.19397228956223 1.37025448679924 1.57693719863892 1.4647005200386 1.33884751796722 1.26555597782135 1.04460749030113 1.22625222802162 1.41228228807449 1.54057645797729 1.92902183532715 1.96087431907654 1.76609998941422 1.3256827890873 1.23014920949936 1.25352904200554 1.29610499739647 1.8043155670166 2.63604748249054
0.441731259226799 0.381112486124039 0.402073502540588 0.480841487646103 0.438640505075455 0.386478021740913 0.364787243306637 0.361210495233536 0.418546512722969 0.441690757870674 0.477645769715309 0.507192760705948 0.491118729114532 0.47935576736927 0.479241013526917 0.465960770845413 0.529263764619827 0.568094238638878 0.595903515815735 0.597076490521431 0.575715020298958 0.600571498274803 1.06843310594559 1.07426512241364 1.05436389148235 1.07031673192978 1.07241600751877 1.13225170969963 1.23910501599312 1.20576971769333 1.1056934595108 1.05227851867676 1.00091251730919 1.05292949080467 1.09105950593948 1.08114302158356 1.07498252391815 1.13533499836922 1.29501074552536 1.46283978223801 1.48356825113297 1.40755122900009 1.49956351518631 1.79234397411346 2.07082951068878 1.99587893486023 1.73857945203781 1.39534503221512 1.16678246855736 1.13256302475929 1.25930178165436 1.40973222255707 1.44690978527069 1.51982241868973 1.47589427232742 1.39774578809738 1.47917997837067 1.52216774225235 1.70516699552536 1.85238075256348 2.03282028436661 2.10480299592018
0.351394504308701 0.574834495782852 0.79906502366066 0.773906975984573 0.689138978719711 0.718072503805161 0.619764760136604 0.544267505407333 0.50867848098278 0.530759230256081 0.536133751273155 0.491153240203857 0.401981994509697 0.40591424703598 0.377412021160126 0.444113239645958 0.503777995705605 0.510160490870476 0.511191755533218 0.562463253736496 1.00618462264538 0.640788003802299 1.17047622799873 1.20647022128105 1.17709878087044 1.04605275392532 1.22749650478363 1.25469750165939 1.24728074669838 1.23753824830055 1.20388421416283 1.06975346803665 1.09120121598244 1.19822698831558 1.35621222853661 1.40260872244835 1.27178773283958 1.23804375529289 1.32959023118019 1.42381274700165 1.45299598574638 1.52140045166016 2.16136354207993 2.41535031795502 2.50307768583298 2.37708967924118 2.34038919210434 2.27399843931198 2.29599004983902 2.28218168020248 2.12949907779694 2.21975326538086 1.74277871847153 1.46506503224373 1.62401032447815 1.89866924285889 2.05000404719889 -9999 -9999 -9999 -9999 -9999
0.653481021523476 0.732000008225441 0.777905970811844 0.811115294694901 0.840688526630402 0.799782782793045 0.805678457021713 0.766992777585983 0.712261497974396 0.69336524605751 0.683985739946365 0.678934514522552 0.571863010525703 0.50315397977829 0.430654495954514 0.456716269254684 0.481366485357285 0.496776759624481 0.522836253046989 0.572508752346039 0.603720769286156 0.79864427447319 1.07497054338455 1.01057928800583 1.10386803746223 1.23806324601173 1.29670348763466 1.26775614484664 1.19912776350975 1.12028700113297 1.1295562684536 1.18973627686501 1.24711123108864 1.80103576183319 1.77075147628784 1.6611202955246 1.61314272880554 1.44282898306847 1.37860125303268 1.35070502758026 1.41970270872116 1.60902893543243 2.13252907991409 2.28890633583069 2.23581075668335 2.15596497058868 1.82459843158722 2.06883519887924 2.74238616228104 3.43543338775635 3.24342155456543 2.39155644178391 1.91600704193115 2.82251175642014 1.86238142017458 -9999 -9999 -9999 -9999 -9999 -9999 -9999
0.768325477838516 0.742680743336678 0.846901506185532 0.944602489471436 0.970102518796921 0.833973705768585 0.782286733388901 0.735556483268738 0.702392265200615 0.585077986121178 0.555584996938705 0.518787011504173 0.435577511787415 0.41339322924614 0.423205509781837 0.434392511844635 0.490083754062653 0.485853016376495 0.507153019309044 0.539987236261368 0.682287007570267 0.960139542818069 0.932999968528748 0.751616209745407 0.828214466571808 1.01560574769974 1.25375550985336 1.3731284737587 1.36540496349335 -9999 -9999 -9999 -9999 -9999 -9999 3.14426672458649 1.67276251316071 1.61840182542801 1.50583416223526 1.4538397192955 1.44440245628357 1.46385821700096 1.61232751607895 1.88655602931976 1.74425178766251 1.53173017501831 1.38249823451042 1.78040474653244 2.3171843290329 3.16883325576782 2.51120245456696 1.93266677856445 1.96850556135178 1.9762424826622 1.97624230384827 -9999 -9999 -9999 -9999 -9999 -9999 -9999
0.840264737606049 0.820992708206177 0.888642758131027 0.905919760465622 0.843533992767334 0.82242751121521 0.738153755664825 0.609996020793915 0.557095482945442 0.396019488573074 0.363485991954803 0.355955243110657 0.399910479784012 0.406010985374451 0.412761747837067 0.411534771323204 0.483006745576859 0.522864729166031 0.826385289430618 0.737260490655899 0.920927971601486 0.986285269260406 0.953335493803024 0.627633020281792 0.713800504803658 0.760294497013092 1.16943222284317 1.35169199109077 1.49123248457909 -9999 -9999 -9999 -9999 -9999 -9999 -9999 2.22716921567917 2.09169441461563 2.12953573465347 1.90519344806671 1.86238574981689 1.50948894023895 1.49197795987129 1.55821806192398 1.73713731765747 2.02805024385452 1.52559757232666 1.88174843788147 2.31014996767044 2.85822969675064 2.94374316930771 2.74153643846512 -9999 -9999 -9999 -9999 -9999 -9999 -9999 -9999 -9999 -9999
0.715628251433372 0.693947240710258 0.68368273973465 0.655026018619537 0.70380824804306 0.733816489577293 0.57684226334095 0.508548751473427 0.441257268190384 0.336643494665623 0.339049503207207 0.376079231500626 0.420303001999855 0.493970230221748 0.437379732728004 0.437264263629913 0.410790011286736 0.71442899107933 1.27664548158646 0.995044885885597 0.686403751373291 1.66977792978287 1.09023901820183 0.701314508914948 0.642237737774849 0.665119484066963 0.978982508182526 1.17985501885414 1.48234802484512 -9999 -9999 -9999 -9999 -9999 -9999 -9999 2.15468108654022 2.65705275535583 2.46986031532288 2.65875595808029 2.6024204492569 2.27187895774841 1.89244508743286 2.05507797002792 2.07009297609329 2.05812603235245 1.95908617973328 1.89229881763458 2.00142449140549 2.49104994535446 2.76963758468628 3.00977790355682 3.754514336586 -9999 -9999 -9999 -9999 -9999 -9999 -9999 -9999 -9999
0.589552491903305 0.618855759501457 0.638352736830711 0.760442286729813 0.762425243854523 0.778010219335556 0.663526520133018 0.547916248440742 0.457391247153282 0.390497267246246 0.409901261329651 0.431863501667976 0.449020519852638 0.549251988530159 0.525427490472794 0.487985998392105 0.406374737620354 0.434137478470802 0.489019498229027 0.497419506311417 0.522381752729416 0.546009734272957 0.551761507987976 0.817613214254379 0.851715713739395 0.93323028087616 1.33944895863533 1.52813404798508 1.60234647989273 1.75587755441666 -9999 -9999 -9999 -9999 -9999 -9999 -9999 3.50195717811584 19.5818618774414 2.33095568418503 2.66707867383957 2.86146068572998 3.14831864833832 3.31671988964081 3.19152510166168 2.70022881031036 2.67027604579926 2.40687453746796 2.38541847467422 2.6918722987175 2.90625071525574 3.00600528717041 3.06272138236614 -9999 -9999 -9999 -9999 -9999 -9999 -9999 -9999 -9999
0.695405244827271 0.687278240919113 0.700319990515709 0.712818771600723 0.695703014731407 0.64658322930336 0.567049518227577 0.456231012940407 0.435332983732224 0.427295252680779 0.473051235079765 0.503121748566628 0.524154737591743 0.57361726462841 0.552129730582237 0.519278258085251 0.435337498784065 0.400997266173363 0.42918898165226 0.470623478293419 0.499154984951019 0.474336728453636 0.551142767071724 1.04777026176453 1.20618224143982 1.25569126009941 1.38062998652458 1.42469170689583 1.444779753685 1.44587329030037 -9999 -9999 -9999 -9999 -9999 -9999 -9999 -9999 -9999 -9999 -9999 -9999 -9999 -9999 -9999 -9999 3.65490746498108 3.3500143289566 3.18485462665558 3.65587198734283 -9999 -9999 -9999 -9999 -9999 -9999 -9999 -9999 -9999 -9999 -9999 -9999
0.474383264780045 0.529495507478714 0.569055005908012 0.564923241734505 0.544767737388611 0.494700014591217 0.467708989977837 0.501233249902725 0.502754241228104 0.501202493906021 0.552644267678261 0.585295513272285 0.574946254491806 0.554594993591309 0.53387251496315 0.541710019111633 0.528383240103722 0.519056260585785 0.532150492072105 0.51860100030899 0.471356257796288 0.525654762983322 0.752351224422455 1.2655081152916 -9999 -9999 -9999 1.24713975191116 1.26266849040985 1.28781071305275 1.32327899336815 -9999 -9999 -9999 -9999 -9999 -9999 -9999 -9999 -9999 -9999 -9999 -9999 -9999 -9999 -9999 -9999 -9999 -9999 -9999 -9999 -9999 -9999 -9999 -9999 -9999 -9999 -9999 -9999 -9999 -9999 -9999
0.391719728708267 0.415119767189026 0.435703486204147 0.446875512599945 0.420643508434296 0.423363760113716 0.441219761967659 0.502878740429878 0.548704504966736 0.598398014903069 0.630864009261131 0.633053988218307 0.608751744031906 0.607535228133202 0.577739998698235 0.607698753476143 0.635311514139175 0.664071008563042 0.632680490612984 0.552121505141258 0.483402729034424 0.538824766874313 0.74005351960659 0.989277720451355 1.18110975623131 1.20419776439667 1.13713502883911 1.16137424111366 1.25895372033119 1.42446371912956 1.72180867195129 2.56585921706824 -9999 -9999 -9999 -9999 -9999 -9999 -9999 -9999 -9999 -9999 -9999 -9999 -9999 -9999 -9999 -9999 -9999 -9999 -9999 -9999 -9999 -9999 -9999 -9999 -9999 -9999 -9999 -9999 -9999 -9999
0.441106483340263 0.462765768170357 0.475798487663269 0.476149499416351 0.448596015572548 0.476852998137474 0.506492257118225 0.526966497302055 0.909970879554749 0.891340881586075 1.09011751413345 0.706282496452332 0.698652014136314 0.711189731955528 0.669224247336388 0.62645848095417 0.684401258826256 0.709557741880417 0.682998731732368 0.595635741949081 0.534433498978615 0.528573766350746 0.625220239162445 0.827607035636902 1.1692162156105 1.28724449872971 1.1701702773571 1.42678052186966 1.87634468078613 2.0465549826622 2.23906570672989 2.50560836791992 -9999 -9999 -9999 -9999 -9999 -9999 -9999 -9999 -9999 -9999 -9999 -9999 -9999 -9999 -9999 -9999 -9999 -9999 -9999 -9999 -9999 -9999 -9999 -9999 -9999 -9999 -9999 -9999 -9999 -9999
0.483416989445686 0.4845300167799 0.504189759492874 0.50832599401474 0.52496400475502 0.539364740252495 0.538667991757393 0.560522228479385 1.00451776385307 0.897810012102127 0.803648293018341 0.925262242555618 1.02275025844574 1.02303823828697 0.898583292961121 0.82761150598526 0.784195482730865 0.773254483938217 0.678028509020805 0.546406477689743 0.516699001193047 0.64361098408699 0.995861291885376 1.23778349161148 1.52079141139984 1.38137921690941 1.09472027420998 1.23279824852943 1.37218871712685 1.50821399688721 2.31345444917679 -9999 -9999 -9999 -9999 -9999 -9999 -9999 -9999 -9999 -9999 -9999 -9999 -9999 -9999 -9999 -9999 -9999 -9999 -9999 -9999 -9999 -9999 -9999 -9999 -9999 -9999 -9999 -9999 -9999 -9999 -9999
