EcologicalScience/Bass/data/rs_data_bass/chl_357.asc
NCOLS 226 
NROWS 124 
XLLCORNER -9.41648524995501 
YLLCORNER 47.587301625531 
CELLSIZE 0.0833 
NODATA_value -9999 
[rows 54 to 80 of 124, columns 0 to 61 of 226]
-9999 -9999 -9999 -9999 -9999 -9999 -9999 -9999 -9999 -9999 -9999 -9999 -9999 -9999 -9999 -9999 -9999 -9999 -9999 -9999 -9999 -9999 -9999 -9999 -9999 -9999 -9999 -9999 -9999 -9999 -9999 -9999 -9999 -9999 -9999 -9999 -9999 -9999 5.29259857784704 2.14976844191551 1.97409428868975 2.38898402452469 2.18027065694332 1.40603193640709 1.21272522211075 1.34030902385712 1.11190533041954 0.949750900268555 1.00729367136955 1.4473919570446 1.09276700019836 1.15315246582031 1.47740064561367 1.57879355549812 1.94487154483795 2.00222513079643 2.07546526193619 2.13177380561829 -9999 0.607058599591255 0.62790758907795 2.55487381245779
-9999 -9999 -9999 -9999 -9999 -9999 -9999 -9999 -9999 -9999 -9999 -9999 -9999 -9999 -9999 -9999 -9999 -9999 -9999 -9999 -9999 -9999 -9999 -9999 -9999 -9999 -9999 -9999 -9999 -9999 -9999 -9999 -9999 -9999 -9999 -9999 -9999 -9999 -9999 2.11349853873253 4.53669834136963 2.17452067136765 1.95946651697159 1.85139977931976 1.01334710419178 1.30909895896912 1.21489804983139 1.00060259699821 0.890102282166481 1.04674031585455 1.09050399065018 1.21587699651718 1.5866154840118 1.71223282814026 1.84575417637825 2.16756185889244 2.55645395815372 2.73562766637416 -9999 -9999 -9999 -9999
-9999 -9999 -9999 -9999 -9999 -9999 -9999 -9999 -9999 -9999 -9999 -9999 -9999 -9999 -9999 -9999 -9999 -9999 -9999 -9999 -9999 -9999 -9999 -9999 -9999 -9999 -9999 -9999 -9999 -9999 -9999 -9999 -9999 -9999 -9999 -9999 -9999 -9999 -9999 -9999 1.88446439802647 2.22317174077034 1.98784254491329 1.74144186079502 1.71341371536255 1.43436679244041 1.47698476910591 0.967115700244904 1.05304380655289 0.975264626741409 1.07564750470613 1.34578426103843 1.61673498781104 1.89402741193771 1.84834572672844 2.04218772053719 2.02123653888702 1.9177143573761 1.98530197143555 -9999 -9999 -9999
-9999 -9999 -9999 -9999 -9999 -9999 -9999 -9999 -9999 -9999 -9999 -9999 -9999 -9999 -9999 -9999 -9999 -9999 -9999 -9999 -9999 -9999 -9999 -9999 -9999 -9999 -9999 -9999 -9999 -9999 -9999 -9999 -9999 -9999 -9999 -9999 -9999 -9999 -9999 -9999 1.78364449739456 1.59467321634293 2.29891312122345 2.0120005607605 1.99692970514297 1.64833599328995 1.6259999871254 1.35120078921318 1.31030479073524 1.22799636502015 1.08935827487393 1.19819132905257 1.41772899031639 1.50962668657303 1.66273498535156 1.69194978475571 1.831163585186 1.79659205675125 2.00128948688507 2.06385630369186 1.7744048304028 -9999
-9999 -9999 -9999 -9999 -9999 -9999 -9999 -9999 -9999 -9999 -9999 -9999 -9999 -9999 -9999 -9999 -9999 -9999 -9999 -9999 -9999 -9999 -9999 -9999 -9999 -9999 -9999 -9999 -9999 -9999 -9999 -9999 -9999 -9999 -9999 -9999 -9999 -9999 -9999 -9999 -9999 1.66116789579391 2.47226101160049 1.93076473474503 1.91806268692017 1.80447006225586 1.62420308589935 1.52694082260132 1.32100501656532 1.43316748738289 1.37942478060722 1.21965325976673 1.32016524672508 1.38632103800774 1.46025002002716 1.4467640966177 1.68242627382278 1.83362805843353 1.91381853818893 1.88817578554153 2.28174183368683 -9999
-9999 -9999 -9999 -9999 -9999 -9999 -9999 -9999 -9999 -9999 -9999 -9999 -9999 -9999 -9999 -9999 -9999 -9999 -9999 -9999 -9999 -9999 -9999 -9999 -9999 -9999 -9999 -9999 -9999 -9999 -9999 -9999 -9999 -9999 -9999 -9999 -9999 -9999 -9999 -9999 -9999 2.61031794548035 2.24008722603321 1.93796253204346 1.95758092403412 2.07633952796459 2.17804719507694 1.66639198064804 1.69098105556086 1.51700355818397 1.35716637969017 1.24843825187002 1.23402562737465 1.36036366224289 1.52552195638418 1.56530566513538 1.72545191645622 1.80777342617512 1.96217778325081 1.16653353246776 -9999 -9999
-9999 -9999 -9999 -9999 -9999 -9999 -9999 -9999 -9999 -9999 -9999 -9999 -9999 -9999 -9999 -9999 -9999 -9999 -9999 -9999 -9999 -9999 -9999 -9999 -9999 -9999 -9999 -9999 -9999 -9999 -9999 -9999 -9999 -9999 -9999 -9999 -9999 -9999 -9999 -9999 2.2945810660072 3.2276930809021 2.39790791273117 1.78149908781052 1.73030698299408 1.75515747070312 1.99361506104469 1.68551754951477 1.49536183947011 1.43604703639683 1.35647862365371 1.2955617249012 1.35257910490036 1.54581440749921 1.63496295088216 1.56437322340514 1.63394154821123 -9999 -9999 3.2653107047081 15.2633999884129 5.55928294999259
-9999 -9999 -9999 -9999 -9999 -9999 -9999 -9999 -9999 -9999 -9999 -9999 -9999 -9999 -9999 -9999 -9999 -9999 -9999 -9999 -9999 -9999 -9999 -9999 -9999 -9999 -9999 -9999 -9999 -9999 -9999 -9999 -9999 -9999 -9999 -9999 -9999 -9999 -9999 1.91005778854544 2.97530177235603 2.79014816880226 2.05848562717438 1.95304620265961 1.62726902961731 1.69910526275635 1.57258850336075 1.52969026565552 1.5685778260231 1.34434354305267 1.27820747494698 1.31023526787758 1.36333696246147 1.63411973024669 1.65091404744557 1.59961144413267 1.77779855898448 1.82902227129255 2.69676804542542 3.15525153279305 3.06893112659454 5.84263594150543
-9999 -9999 -9999 -9999 -9999 -9999 -9999 -9999 -9999 -9999 -9999 -9999 -9999 -9999 -9999 -9999 -9999 -9999 -9999 -9999 -9999 -9999 -9999 -9999 -9999 -9999 -9999 -9999 -9999 -9999 -9999 -9999 -9999 -9999 -9999 -9999 -9999 -9999 -9999 3.23728279556547 2.546312302351 2.15494984388351 1.66164833307266 1.66193693876266 1.64200043678284 1.58716732263565 1.53023850917816 1.50287854671478 1.59081369638443 1.31432190694307 1.23814771771431 1.2518086373806 1.39662599877307 1.47124657819146 2.03360639299665 1.80670916182654 1.78597359997886 1.75420032441616 1.92705661430955 2.53609661757946 2.30414441227913 2.51684582233429
-9999 -9999 -9999 -9999 -9999 -9999 -9999 -9999 -9999 -9999 -9999 -9999 -9999 -9999 -9999 -9999 -9999 -9999 -9999 -9999 -9999 -9999 -9999 -9999 -9999 -9999 -9999 -9999 -9999 -9999 -9999 -9999 -9999 -9999 -9999 -9999 -9999 -9999 3.62646871805191 2.88520444290979 2.43497438728809 1.89362838864326 1.61227369308472 1.50577365607023 1.45267349481583 1.66450953483582 1.49716671556234 1.30583149194717 1.26613700389862 1.09607625007629 1.1976737678051 1.27429848909378 1.36626312732697 1.4675995456545 1.97532606124878 1.8787043094635 1.95730572938919 1.63419129167284 1.75935438701085 2.07598346471786 2.21509128808975 2.44911950826645
-9999 -9999 -9999 -9999 -9999 -9999 -9999 -9999 -9999 -9999 -9999 -9999 -9999 -9999 -9999 -9999 -9999 -9999 -9999 -9999 -9999 -9999 -9999 -9999 -9999 -9999 -9999 -9999 -9999 -9999 -9999 -9999 -9999 -9999 -9999 -9999 -9999 -9999 2.55372601747513 2.39174026250839 1.98815846443176 1.9940197467804 1.36858403682709 1.30575826764107 1.37456926703453 1.37373223900795 1.25587451457977 1.21760702133179 1.13072624802589 1.09556350111961 1.17080795764923 1.28972673416138 1.36782950162888 1.45433700084686 1.42637488716527 1.75044751167297 1.84244924783707 2.06724983453751 2.24745154380798 1.78901867866516 2.18644601106644 2.36955571174622
-9999 -9999 -9999 -9999 -9999 -9999 -9999 -9999 -9999 -9999 -9999 -9999 -9999 -9999 -9999 -9999 -9999 -9999 -9999 -9999 -9999 -9999 -9999 -9999 -9999 -9999 -9999 -9999 -9999 -9999 -9999 -9999 -9999 -9999 -9999 -9999 -9999 2.02357846498489 2.32246041297913 2.22529953718185 1.93547850847244 1.63292098045349 1.32829621434212 1.34817925095558 1.33856099843979 1.25728198885918 1.21551498770714 1.18634378910065 1.15738999843597 1.13974100351334 1.12622653841972 1.40789824724197 1.47426795959473 1.39056969316382 1.37658732533455 1.83534067869186 1.80637282133102 1.92939376831055 1.53547746688128 1.58797198534012 2.00435018539429 1.83157271146774
-9999 -9999 -9999 -9999 -9999 -9999 -9999 -9999 -9999 -9999 -9999 -9999 -9999 -9999 -9999 -9999 -9999 -9999 -9999 -9999 -9999 -9999 -9999 -9999 -9999 -9999 -9999 -9999 -9999 -9999 -9999 -9999 -9999 -9999 -9999 -9999 -9999 2.49906080961227 2.08776533603668 1.6455329656601 1.45233502984047 1.28863647580147 1.28748524188995 1.28563275933266 1.25426971912384 1.19919773936272 1.16370525956154 1.14521098136902 1.2420229613781 1.24079877138138 1.2182092666626 1.2778622508049 1.36336708696265 1.34597207307816 1.37211000323296 1.5305153131485 1.38387483358383 1.91624182462692 1.97951924800873 1.78558520972729 1.66831630468369 1.93520396947861
-9999 -9999 -9999 -9999 -9999 -9999 -9999 -9999 -9999 -9999 -9999 -9999 -9999 -9999 -9999 -9999 -9999 -9999 -9999 -9999 -9999 -9999 -9999 -9999 -9999 -9999 -9999 -9999 -9999 -9999 -9999 -9999 -9999 -9999 -9999 -9999 3.01207625407439 2.37543368339539 2.0888198018074 1.57551044225693 1.32547402381897 0.9720453992486 1.19725278019905 1.20250678062439 1.22719877958298 1.17691597342491 1.1648842394352 1.1584549844265 1.21661627292633 1.21440178155899 1.2157107591629 1.31717288669418 1.33733642451903 1.38810181617737 2.01425170898438 1.71933227777481 1.76638805866241 1.86770617961884 1.75352482795715 1.95553028583527 1.94686013460159 2.03433072566986
-9999 -9999 -9999 -9999 -9999 -9999 -9999 -9999 -9999 -9999 -9999 -9999 -9999 -9999 -9999 -9999 -9999 -9999 -9999 -9999 -9999 -9999 -9999 -9999 -9999 -9999 -9999 -9999 -9999 -9999 -9999 1.07788798213005 17.4578930964837 -9999 2.10493344068527 2.40523695000468 2.1613909143668 2.08401449024677 1.85476303100586 1.57493142485619 1.27156648039818 1.21489500999451 1.19986149668694 1.18058523535728 1.05047902464867 1.15056276321411 1.19010576605797 1.21394672989845 1.1816054880619 1.25576001405716 1.37616184178521 2.01094883680344 1.96832782030106 1.37903473482412 2.25861293077469 1.64073918387294 1.86413433551788 2.0467199921608 2.30943596363068 2.48412873744965 2.85134704113007 2.2800059663622
-9999 -9999 -9999 -9999 -9999 -9999 -9999 -9999 -9999 -9999 -9999 -9999 -9999 -9999 -9999 -9999 -9999 -9999 -9999 -9999 -9999 -9999 0.346259817481041 1.78767253160477 27.8230863958597 1.55730940933738 5.39672295749187 5.60456880927086 1.18272677063942 1.38429147005081 1.00364479422569 0.92543551325798 2.39301711320877 1.38589876890182 1.23125249147415 1.30818602442741 1.17575025558472 1.22117096185684 1.07548047602177 1.18505096435547 1.12673249840736 1.10620602965355 1.01355227828026 1.08553302288055 1.13613897562027 1.20931723713875 1.13744702339172 1.23179989739468 1.20606288313866 1.48262429237366 1.58076307002236 1.67580709913198 2.57748001813889 2.60203117132187 2.09283698306364 2.34051447361708 2.70599839836359 3.49488187777369 3.11815478170619 -9999 -9999 -9999
-9999 -9999 -9999 -9999 -9999 -9999 -9999 -9999 -9999 -9999 -9999 -9999 -9999 -9999 -9999 -9999 -9999 -9999 -9999 -9999 -9999 -9999 0.886434763669968 0.864363044500351 1.3178137242794 1.25670826435089 0.511302434972354 0.642264291644096 0.686320513486862 0.692018240690231 0.815600216388702 0.734693259000778 1.43861228227615 1.21559920907021 1.28308197855949 1.24680751562119 1.12727853655815 1.05849301815033 1.01018351316452 1.035006031394 1.08631554245949 0.908929467201233 1.05003377795219 1.12522849440575 1.15307423472404 1.34068392766149 1.54780680388212 1.64522410490934 1.71732301922405 1.74773875404807 1.89258246912676 2.46789443492889 2.81588242202997 2.58925660974101 2.07640423272785 -9999 -9999 -9999 -9999 -9999 -9999 -9999
-9999 -9999 -9999 -9999 -9999 -9999 -9999 -9999 -9999 -9999 -9999 -9999 -9999 -9999 -9999 -9999 -9999 -9999 -9999 22.0881061351046 2.45275604724884 3.32288619875908 4.69128403067589 0.818843275308609 0.62303102016449 5.08065712451935 6.6335686147213 7.81110954284668 0.580914598703384 0.875083476305008 1.04373604059219 1.05133500695229 1.10520753264427 1.20484426617622 0.757180541753769 0.806937754154205 1.03001779317856 1.02756303548813 0.928253978490829 0.868761777877808 0.924968987703323 1.02761575579643 1.14995774626732 1.17125415802002 1.20467118322849 1.40858727222995 1.85763840926321 1.88640792404904 1.94260767572805 1.83523206500446 2.08982076157223 -9999 -9999 -9999 -9999 -9999 -9999 -9999 -9999 -9999 -9999 -9999
-9999 -9999 -9999 -9999 -9999 -9999 -9999 -9999 -9999 -9999 -9999 -9999 -9999 -9999 -9999 -9999 -9999 4.75239254747118 0.7800652384758 7.16702055931091 4.55467708036304 1.87975972890854 2.10213902592659 0.744012728333473 0.863996207714081 0.973764002323151 0.836186975240707 0.869359463453293 0.772127240896225 1.00248822569847 1.03900051116943 1.00168427824974 0.947256714105606 1.08747974038124 0.710195258259773 0.946244984865189 1.02567753195763 1.08685648441315 0.914755493402481 0.816855043172836 1.15043923258781 1.23616698384285 1.25641924142838 1.2738861143589 1.44704396724701 1.7103776618054 1.87664372356314 1.88022480199212 1.82539987564087 2.23900752717798 2.27145500144651 -9999 -9999 -9999 -9999 -9999 -9999 -9999 -9999 -9999 -9999 -9999
-9999 -9999 -9999 -9999 -9999 -9999 -9999 -9999 -9999 -9999 -9999 -9999 -9999 -9999 1.07159551978111 1.07541453838348 11.2597371339798 0.802188724279404 0.786750733852386 0.715469241142273 1.77072449326515 1.42562389969826 1.46508489847183 0.890560537576675 0.718860000371933 0.908724009990692 0.269163005053997 0.435299232602119 0.688778266310692 0.664850994944572 0.753737211227417 0.836920469999313 0.873931467533112 1.03247854113579 0.975230991840363 0.9361252784729 0.937716007232666 1.00320526957512 1.04307451844215 0.957598507404327 0.848274707794189 1.28759175539017 1.28386875987053 1.22131142020226 1.35357356071472 1.80652751326561 1.88758715093136 2.00656238041426 1.979385391662 2.12474282478031 1.84723564556667 4.23225454921308 -9999 -9999 -9999 -9999 -9999 -9999 -9999 -9999 -9999 -9999
-9999 -9999 -9999 -9999 -9999 -9999 -9999 -9999 -9999 -9999 -9999 3.5022168466023 0.517376258969307 0.476107478141785 0.725880011916161 0.73786948621273 0.754473030567169 0.773130029439926 0.871039509773254 0.718879997730255 1.49403744935989 0.884696960449219 0.965918272733688 0.914344489574432 0.923039227724075 0.381165450811386 0.536759242415428 0.479910001158714 0.674222230911255 0.819230228662491 0.945360034704208 1.16091299057007 0.967762470245361 0.978853493928909 0.916488021612167 0.938221514225006 0.910710006952286 0.810005217790604 1.66141545772553 1.30642080307007 1.16719628870487 1.25905174016953 0.951785830780864 1.08449669480324 1.6838555461482 1.80835231981779 1.89220321805854 1.99936809960534 1.76351344585419 1.41397269566854 1.50370398759842 -9999 -9999 -9999 -9999 -9999 7.80529740979505 4.39373481273651 3.11904636025429 3.82289743423462 4.99345549941063 -9999
-9999 -9999 -9999 -9999 -9999 -9999 -9999 -9999 -9999 2.81776626195226 2.5861942522666 0.576281994581223 0.426281243562698 0.3892552703619 0.576512262225151 3.23403337597847 0.352829240262508 2.2595162987709 0.829839020967483 0.751812011003494 0.692243754863739 0.653541743755341 0.769855499267578 0.71001148223877 0.902490019798279 1.04727977514267 1.06955847144127 1.07156476378441 1.06014454364777 1.05967873334885 1.13902348279953 1.14727503061295 0.972339749336243 0.918978720903397 0.948771715164185 0.856466263532639 0.858216762542725 1.53151699900627 1.28667050600052 1.18085720390081 1.077751301229 0.898571997880936 0.769758783280849 1.00059451460838 0.868060871958733 0.990376487374306 1.48367555831608 1.60574247648841 1.72473702360602 1.56121873855591 1.64445963326622 1.88311249017715 2.15972901766117 2.27327305078506 2.14804646761521 1.74256199598312 5.31981682777405 2.13617965579033 2.46783569455147 2.82254514098167 2.36946155343737 -9999
-9999 -9999 -9999 -9999 -9999 1.47101739048958 1.42728883879525 2.20165430647986 2.37928941845894 3.19401383399963 3.33572137355804 0.354641251266003 0.272526741027832 0.249931499361992 1.12917202711105 2.70651715993881 0.37041150033474 0.331997998058796 1.42204307019711 0.86593022942543 0.722672253847122 0.450673520565033 0.487987518310547 0.635355770587921 0.743426263332367 1.01537328958511 1.09719899296761 1.04216846823692 1.08862727880478 1.05842399597168 1.07572495937347 1.11369448900223 1.05651077628136 0.937693476676941 0.953548461198807 0.947470486164093 0.822205513715744 0.459615021944046 0.956678956747055 0.968200474977493 1.05353173613548 0.791690267622471 0.883878752589226 0.88816425204277 0.696330025792122 1.10599413514137 1.25224337452336 1.30473931525883 1.36592885067588 1.44212404319218 1.50984467778887 1.65864289999008 1.69294313192368 1.92952802181244 2.33139681816101 2.40289199352264 2.97594451904297 2.74454176425934 2.24734050035477 2.45221200585365 2.6028356552124 2.59058892726898
-9999 -9999 -9999 -9999 -9999 1.12232074141502 1.70839650928974 2.205286860466 0.452775746583939 0.431065499782562 0.355577252805233 0.318750746548176 1.41250202059746 1.02564951777458 1.07039800286293 1.11649599671364 1.30158177018166 0.351071253418922 0.969976514577866 0.469799995422363 0.448750510811806 0.472189486026764 0.558488264679909 0.701566502451897 0.737397015094757 0.827499747276306 1.00058099627495 1.01517525315285 0.998762279748917 0.990002274513245 0.955084472894669 1.00057500600815 1.08339902758598 0.979647785425186 0.921582788228989 0.789809256792068 0.83357173204422 1.10679522156715 1.1073646992445 0.992942243814468 1.06995677947998 0.936591875553131 0.799958053976297 0.84076754450798 0.557859018445015 0.6509969830513 1.10683449945952 1.1854261599089 1.21981427230333 1.50405675172806 1.64099103212357 1.50304573774338 1.51698421239853 1.60677891969681 2.29674142599106 2.5855815410614 2.33075541257858 2.44342195987701 2.07973426580429 2.42435252666473 2.65927022695541 2.78438857197762
-9999 -9999 -9999 -9999 -9999 1.42431262135506 2.35673403739929 0.377715021371841 0.383969262242317 0.426309764385223 0.400087505578995 0.418428003787994 0.435298517346382 0.418753489851952 0.507819011807442 0.79851445555687 0.792039781808853 0.543046519160271 0.389547005295753 0.788076221942902 0.479244008660316 1.28981572389603 0.481034249067307 0.557119488716125 0.740564256906509 0.722310751676559 0.693564757704735 0.86138328909874 0.907429486513138 0.927134245634079 0.999164968729019 0.903428256511688 1.00047746300697 1.0209067761898 1.00097322463989 1.17910578846931 1.19363924860954 1.22506123781204 0.943589955568314 0.988692730665207 0.919061815738678 0.878286641836166 0.832392007112503 0.493858516216278 0.600670516490936 0.697236746549606 1.03051650994702 1.05744988824192 1.11139052322036 1.34015026688576 1.44096449017525 1.51354050636292 1.52830266952515 1.68125993013382 1.27150672674179 1.94880974292755 1.99718695878983 2.23591804504395 2.47738283872604 2.97763574123383 2.45957100391388 2.82091435790062
-9999 -9999 -9999 -9999 -9999 4.23063665628433 1.29426953196526 2.85830697417259 0.429128229618073 0.399534747004509 0.475167766213417 0.425941497087479 0.429645761847496 0.409254759550095 0.410412758588791 1.79014524817467 1.56627953052521 0.393673494458199 0.421010255813599 0.4412512332201 0.748985230922699 1.01073601841927 1.48664224147797 0.65581950545311 0.654750019311905 0.625035747885704 0.649675503373146 0.623944997787476 0.967619240283966 1.03847470879555 1.17601945996284 1.0850647687912 0.955778270959854 0.913822531700134 0.947649747133255 0.998395532369614 1.26169645786285 0.885145515203476 0.866167679429054 1.05570933222771 0.87172846198082 0.919732528924942 0.870465874671936 0.951346322894096 0.862668871879578 0.892976403236389 1.18665536642075 0.863794758915901 1.15685471892357 1.15122154355049 1.24568027257919 1.31085151433945 1.28291854262352 1.51758295297623 1.67470800876617 1.91352367401123 1.95356923341751 1.95068621635437 2.2772136926651 2.33640897274017 2.84212911128998 3.1040096282959
-9999 -9999 -9999 -9999 -9999 3.7223727107048 3.49759241938591 0.755610734224319 0.715899020433426 0.901541233062744 0.830854475498199 0.594065979123116 0.801959753036499 0.86139303445816 0.867960751056671 0.802920997142792 0.963654756546021 0.959387272596359 0.965561270713806 1.14902472496033 0.764281511306763 0.617172002792358 0.566452503204346 0.608753979206085 0.620595753192902 0.672423005104065 0.899439722299576 0.742215275764465 0.495257842540741 1.17783004045486 1.21295097470284 0.944754034280777 0.958100259304047 0.916152745485306 1.12040627002716 1.11777600646019 0.918349474668503 0.76743221282959 1.04382526874542 0.662480235099792 0.861867892742157 0.872092777490616 0.872314372658729 0.886821430921555 0.751823261380196 0.820870772004128 0.98946624994278 0.997767716646194 0.689231604337692 1.22172376513481 1.17385429143906 1.21083748340607 1.47144296765327 1.66956675052643 1.72007918357849 2.05612581968307 2.02148777246475 1.90886771678925 1.80156335234642 2.20296442508698 2.79300865530968 2.83249506354332
