EcologicalScience/Bass/data/rs_data_bass/chl_418.asc
NCOLS 226 
NROWS 124 
XLLCORNER -9.41648524995501 
YLLCORNER 47.587301625531 
CELLSIZE 0.0833 
NODATA_value -9999 
[rows 54 to 80 of 124, columns 0 to 61 of 226]
-9999 -9999 -9999 -9999 -9999 -9999 -9999 -9999 -9999 -9999 -9999 -9999 -9999 -9999 -9999 -9999 -9999 -9999 -9999 -9999 -9999 -9999 -9999 -9999 -9999 -9999 -9999 -9999 -9999 -9999 -9999 -9999 -9999 -9999 -9999 -9999 -9999 -9999 5.47615716181903 2.69155030591147 2.51279543127332 2.34593346118927 1.80690904855728 1.51713954256131 1.53072068782953 1.22005730228765 1.02952266857028 1.43441097065806 1.12566397295279 1.2228327060447 1.30230352655053 1.44216293692589 1.60744151473045 1.99691458940506 1.89453268051147 2.21301004886627 2.32878822088242 2.37725009918213 -9999 0.607058599591255 0.62790758907795 2.93295789866344
-9999 -9999 -9999 -9999 -9999 -9999 -9999 -9999 -9999 -9999 -9999 -9999 -9999 -9999 -9999 -9999 -9999 -9999 -9999 -9999 -9999 -9999 -9999 -9999 -9999 -9999 -9999 -9999 -9999 -9999 -9999 -9999 -9999 -9999 -9999 -9999 -9999 -9999 -9999 2.7303272315434 2.61749425956181 2.36537785189492 2.12649436507906 1.91849421603339 1.70474730546658 1.65506453514099 1.45995022654533 1.25753185898066 1.51959887742996 1.21614328399301 1.27254264553388 1.39394673548247 1.45809026062489 1.57329653576016 2.33904354572296 2.28137540817261 2.07414761185646 3.05757647649401 -9999 -9999 -9999 -9999
-9999 -9999 -9999 -9999 -9999 -9999 -9999 -9999 -9999 -9999 -9999 -9999 -9999 -9999 -9999 -9999 -9999 -9999 -9999 -9999 -9999 -9999 -9999 -9999 -9999 -9999 -9999 -9999 -9999 -9999 -9999 -9999 -9999 -9999 -9999 -9999 -9999 -9999 -9999 -9999 2.38601154547471 2.08725728988647 1.82953108549118 1.94544427211468 2.04109220321362 1.83077126741409 1.77740998353277 1.89422570466995 1.62759071588516 1.40158043503761 0.960605779114891 1.46653535217047 1.68393490314484 1.48134090565145 1.93228229284287 1.84439935134007 2.00930087382977 1.64381313323975 1.8806679465554 -9999 -9999 -9999
-9999 -9999 -9999 -9999 -9999 -9999 -9999 -9999 -9999 -9999 -9999 -9999 -9999 -9999 -9999 -9999 -9999 -9999 -9999 -9999 -9999 -9999 -9999 -9999 -9999 -9999 -9999 -9999 -9999 -9999 -9999 -9999 -9999 -9999 -9999 -9999 -9999 -9999 -9999 -9999 2.28914352655411 2.31795838704476 2.09931052648104 2.15707104481184 2.14905690688353 1.8719864487648 1.75708277408893 1.8801885843277 1.70575352907181 1.74669170379639 1.24786973350188 1.29007969424129 1.58252544204394 1.73420435190201 1.8922593822846 1.7961565210269 1.79841363430023 1.82810922861099 1.71073424816132 2.05635552853346 2.28747981345212 -9999
-9999 -9999 -9999 -9999 -9999 -9999 -9999 -9999 -9999 -9999 -9999 -9999 -9999 -9999 -9999 -9999 -9999 -9999 -9999 -9999 -9999 -9999 -9999 -9999 -9999 -9999 -9999 -9999 -9999 -9999 -9999 -9999 -9999 -9999 -9999 -9999 -9999 -9999 -9999 -9999 2.35508322715759 2.44374353610552 2.09129352752979 2.07053063007501 2.11863691531695 2.15484013465735 1.83436979566302 1.93079273189817 1.94525003891725 1.69942138195038 1.46199133396149 1.35237234655549 1.74023908376694 1.84218084812164 1.82334666252136 1.7871245265007 1.68953137738364 1.81939489500863 2.10538824796677 1.97404029965401 1.99019549041986 -9999
-9999 -9999 -9999 -9999 -9999 -9999 -9999 -9999 -9999 -9999 -9999 -9999 -9999 -9999 -9999 -9999 -9999 -9999 -9999 -9999 -9999 -9999 -9999 -9999 -9999 -9999 -9999 -9999 -9999 -9999 -9999 -9999 -9999 -9999 -9999 -9999 -9999 -9999 -9999 -9999 -9999 2.9660819539657 2.15991792770532 2.08112827172646 2.11490394060428 2.0426226579226 2.07161335434232 1.91312245680736 1.87120245970213 1.59620411120928 1.48627902269363 1.37606472478193 1.90772802829742 1.87010861635208 1.64480029259409 1.74779963493347 1.5818004650729 1.98161149876458 2.39287202358246 0.778216317296028 -9999 -9999
-9999 -9999 -9999 -9999 -9999 -9999 -9999 -9999 -9999 -9999 -9999 -9999 -9999 -9999 -9999 -9999 -9999 -9999 -9999 -9999 -9999 -9999 -9999 -9999 -9999 -9999 -9999 -9999 -9999 -9999 -9999 -9999 -9999 -9999 -9999 -9999 -9999 -9999 -9999 -9999 3.11408650875092 3.00041343157108 2.57015612721443 2.30751787764686 2.15262873683657 1.92839598655701 1.76676190750939 1.91729585613523 1.72147899407607 1.47057393880991 1.40469418168068 1.45750598112742 1.86422313451767 1.60332028780665 1.7771883053439 1.94404376404626 1.94991822327886 -9999 -9999 2.58659914135933 2.78509614467621 3.06342867612839
-9999 -9999 -9999 -9999 -9999 -9999 -9999 -9999 -9999 -9999 -9999 -9999 -9999 -9999 -9999 -9999 -9999 -9999 -9999 -9999 -9999 -9999 -9999 -9999 -9999 -9999 -9999 -9999 -9999 -9999 -9999 -9999 -9999 -9999 -9999 -9999 -9999 -9999 -9999 2.55122839553016 2.55944818258286 2.50111871957779 2.41498886048794 2.14401340484619 1.67044464392321 1.49754616990685 1.82910368442535 1.80965894460678 1.6082387979214 1.50067817247831 1.38541769806077 1.38567462212899 1.42161623016 1.67321998306683 1.86638365898814 1.81326353549957 1.8431973695755 1.75453912094235 1.75707139968872 1.95743583440781 2.1378168463707 2.48709739744663
-9999 -9999 -9999 -9999 -9999 -9999 -9999 -9999 -9999 -9999 -9999 -9999 -9999 -9999 -9999 -9999 -9999 -9999 -9999 -9999 -9999 -9999 -9999 -9999 -9999 -9999 -9999 -9999 -9999 -9999 -9999 -9999 -9999 -9999 -9999 -9999 -9999 -9999 -9999 2.51247362792492 2.48502144217491 2.21167688071728 2.14460973441601 1.8452200293541 1.24277941137552 1.47636622015168 1.88741438388824 2.04317780051913 1.62634890899062 1.25812620297074 1.49788896504201 1.44850482791662 1.6025695502758 1.57796005266053 1.96964299678802 1.83503112792969 1.9263377904892 1.93837597540447 1.94058210509164 2.29867818525859 2.21670438562121 2.14960775205067
-9999 -9999 -9999 -9999 -9999 -9999 -9999 -9999 -9999 -9999 -9999 -9999 -9999 -9999 -9999 -9999 -9999 -9999 -9999 -9999 -9999 -9999 -9999 -9999 -9999 -9999 -9999 -9999 -9999 -9999 -9999 -9999 -9999 -9999 -9999 -9999 -9999 -9999 3.4342999458313 2.69816045463085 2.54768200218678 2.44910024106503 2.15886543691158 2.06173319369555 1.62468311190605 2.1480220079422 1.8015062212944 1.7573544383049 1.66358025985606 1.54506818737302 2.40328849665821 2.17996197938919 1.89629998377391 1.93138652188437 1.93392366170883 2.01826007877077 2.02143451342216 2.06172777139224 2.25222212076187 2.33920202255249 2.98892328739166 2.55093929171562
-9999 -9999 -9999 -9999 -9999 -9999 -9999 -9999 -9999 -9999 -9999 -9999 -9999 -9999 -9999 -9999 -9999 -9999 -9999 -9999 -9999 -9999 -9999 -9999 -9999 -9999 -9999 -9999 -9999 -9999 -9999 -9999 -9999 -9999 -9999 -9999 -9999 -9999 2.3309037566185 2.52829163349592 2.57343976199627 2.46969570219517 1.74911490827799 1.88314398378134 1.60112996399403 1.46299664332316 1.70145199298859 1.60005559921265 1.6131071805954 1.69431595802307 1.89131213511739 2.06404019594193 2.01122670173645 1.90166144371033 1.68727083416546 1.97045566485478 1.97125306496253 1.99035908625676 1.88297072740702 1.84119815060071 2.66733200550079 2.92051746845245
-9999 -9999 -9999 -9999 -9999 -9999 -9999 -9999 -9999 -9999 -9999 -9999 -9999 -9999 -9999 -9999 -9999 -9999 -9999 -9999 -9999 -9999 -9999 -9999 -9999 -9999 -9999 -9999 -9999 -9999 -9999 -9999 -9999 -9999 -9999 -9999 -9999 2.71762560147506 2.18067111418797 1.92093787193298 1.703810104302 1.54506226096834 1.39263269305229 1.22940452098846 5.51188999414444 4.32206663489342 1.46187214851379 1.69597963094711 1.76027319431305 1.8327614068985 1.91078650034391 2.04153189659119 1.37473702004978 1.92654811143875 1.51950116157532 1.48618134260178 1.56581665788378 1.50120397976467 1.71407029261956 1.64270906363215 2.22275708913803 2.80148684978485
-9999 -9999 -9999 -9999 -9999 -9999 -9999 -9999 -9999 -9999 -9999 -9999 -9999 -9999 -9999 -9999 -9999 -9999 -9999 -9999 -9999 -9999 -9999 -9999 -9999 -9999 -9999 -9999 -9999 -9999 -9999 -9999 -9999 -9999 -9999 -9999 -9999 3.20195746421814 2.38937861185807 2.20685607653398 1.99711083907347 1.3165646386998 1.22249101102352 1.22545022198132 1.22308075215135 1.5658435344696 1.41601391775267 1.58469873666763 1.54109334945679 1.57668271064758 1.22665937617421 1.40499578629221 1.40815846920013 1.44160916469991 1.44446943327785 1.4393053650856 2.26697582464952 1.69065570831299 2.17799068348748 2.53777870110103 2.54954642057419 2.4594417489492
-9999 -9999 -9999 -9999 -9999 -9999 -9999 -9999 -9999 -9999 -9999 -9999 -9999 -9999 -9999 -9999 -9999 -9999 -9999 -9999 -9999 -9999 -9999 -9999 -9999 -9999 -9999 -9999 -9999 -9999 -9999 -9999 -9999 -9999 -9999 -9999 3.65033153387216 3.30292446338213 2.74984641373158 1.93120129406452 1.84296984225512 1.3199760386577 1.35248102133091 1.41195675730705 1.48109471797943 1.47969299554825 1.40670302510262 1.32590965926647 1.50776016712189 1.12065158039331 1.4566220164299 1.48273812021528 1.5669627977269 1.49382307699748 1.55457789557321 1.59962115117482 1.53836345672607 2.02407100200653 2.02941623100868 2.28161660432816 2.42633128166199 3.86199633777142
-9999 -9999 -9999 -9999 -9999 -9999 -9999 -9999 -9999 -9999 -9999 -9999 -9999 -9999 -9999 -9999 -9999 -9999 -9999 -9999 -9999 -9999 -9999 -9999 -9999 -9999 -9999 -9999 -9999 -9999 -9999 2.09765343024181 1.34937580142702 -9999 2.10493344068527 2.22385310969164 1.44193315718855 2.34220144897699 1.9954644292593 1.59687892347574 1.28277584910393 1.27089972220934 0.959016889333725 0.970756581851414 1.08808304183185 1.36792224645615 1.43181380842413 1.41424739360809 1.36214981547424 1.06108459830284 1.53250609338284 1.49244228856904 1.61410219328744 1.60027427971363 1.60917423665524 1.5144693681172 1.62688604593277 1.68359119125775 2.00967085361481 2.02038019895554 2.36782184243202 2.47800703346729
-9999 -9999 -9999 -9999 -9999 -9999 -9999 -9999 -9999 -9999 -9999 -9999 -9999 -9999 -9999 -9999 -9999 -9999 -9999 -9999 -9999 -9999 0.346259817481041 2.44682189226151 1.68980078513806 1.69270968895692 2.21887868642807 2.81413262624007 2.52637344140273 1.82264833496167 2.04981161080874 1.75902747878662 1.83225368307187 2.03741041055092 2.06016375468327 2.32621501042293 1.63787066936493 1.25446163862944 1.86368005722761 1.95634289888235 1.17168442585639 1.14937495067716 1.19735049456358 1.51124924208437 0.561004941954332 1.38595940811293 1.4664594743933 1.4983636662364 1.52509041474416 1.74799760946861 1.64335279281323 1.69586162842237 1.63260992084231 1.74230021238327 1.94796901089805 1.93211084604263 2.03396526575088 2.36118806259973 2.46651922429309 -9999 -9999 -9999
-9999 -9999 -9999 -9999 -9999 -9999 -9999 -9999 -9999 -9999 -9999 -9999 -9999 -9999 -9999 -9999 -9999 -9999 -9999 -9999 -9999 -9999 1.34985540004877 1.33541065225234 1.19608416465613 1.52110714178819 1.87284573224875 2.20922651657691 1.91456477000163 1.85110620810435 1.64329986388867 1.56956980320124 1.5245671914174 1.63082986325026 1.46834616363049 1.51507495343685 1.30017073452473 1.13297872245312 1.09907900542021 1.0532547980547 1.05300952494144 1.23555159196258 1.20909298583865 1.31738155335188 1.46447443045103 1.20185062475502 1.53938739001751 1.66063465178013 1.71078987419605 1.90357801547417 1.88249931885646 1.94512705619519 1.9795724932964 2.0611837208271 2.96549609184265 -9999 -9999 -9999 -9999 -9999 -9999 -9999
-9999 -9999 -9999 -9999 -9999 -9999 -9999 -9999 -9999 -9999 -9999 -9999 -9999 -9999 -9999 -9999 -9999 -9999 -9999 3.00251206755638 1.55001868651463 1.59293833374977 1.09948296099901 1.1192804351449 1.02000215649605 1.11085816472769 1.4170014038682 1.47729783505201 1.76411680877209 1.73975075036287 1.43854704957742 1.27447795122862 1.30012906342745 1.26887565851212 1.10600757598877 1.04795432090759 1.16584184765816 1.11066491156816 1.11549109220505 0.600242743597311 0.962092835456133 1.06989336386323 1.16992612183094 1.16955122724175 1.23603883279221 1.40347222770963 2.07739938795567 1.96460869908333 2.02068035304546 2.07004262506962 1.98881592495101 -9999 -9999 -9999 -9999 -9999 -9999 -9999 -9999 -9999 -9999 -9999
-9999 -9999 -9999 -9999 -9999 -9999 -9999 -9999 -9999 -9999 -9999 -9999 -9999 -9999 -9999 -9999 -9999 2.23051653589521 2.0618988275528 1.80517031252384 1.31733372807503 1.15668109804392 1.06756590306759 1.03721503913403 1.04670935124159 1.06938435137272 1.07305850833654 1.09835283458233 1.19924808293581 1.25446069985628 1.1156265437603 1.12488396465778 1.12365696579218 1.12802248448133 0.936610020697117 0.930833220481873 0.853606253862381 0.835135273635387 0.892898712307215 0.961067717522383 0.740602805279195 0.764620693400502 0.709489851258695 1.3295332214662 1.45391847086804 1.82946485280991 1.96656554937363 2.15139698982239 2.07775033797537 2.06977966055274 2.04674752950668 -9999 -9999 -9999 -9999 -9999 -9999 -9999 -9999 -9999 -9999 -9999
-9999 -9999 -9999 -9999 -9999 -9999 -9999 -9999 -9999 -9999 -9999 -9999 -9999 -9999 1.63798990100622 1.45418684929609 1.17388386279345 1.1381464600563 1.18942385166883 1.16812239959836 1.09201121059331 1.06594842536883 0.820017066868869 0.872774712064049 0.972973132675344 0.650757626845286 0.942728348753669 1.06348971277475 1.08071733266115 1.11310829222202 1.03236459940672 0.892187662422657 0.853995647281408 0.805884163826704 0.8135138861835 0.753911927342415 0.768228154629469 0.781332334646812 1.06134634522291 1.03372984666091 1.04033799813344 0.752120885778876 0.775273602988039 1.1081085141216 1.37192370529686 1.79663562987532 1.83521111011505 1.8094195201993 1.91004767641425 2.00263525247574 1.92583914287388 2.19919118285179 -9999 -9999 -9999 -9999 -9999 -9999 -9999 -9999 -9999 -9999
-9999 -9999 -9999 -9999 -9999 -9999 -9999 -9999 -9999 -9999 -9999 3.55410188862256 1.688070039664 1.41121591627598 1.34295409172773 1.19310020655394 1.13813102990389 1.08459981530905 1.03332791104913 0.709523753477977 0.765241880308498 0.789502574638887 0.800525884736668 0.831853793425994 0.87273282083598 0.885688613761555 0.894689757715572 0.92271520874717 0.946854057637128 0.901882434433157 0.825793464075435 0.734195522286675 0.690854373303327 0.70082645660097 0.722122695297003 0.69658474624157 0.786524520470546 0.736022094121346 0.695140947516148 1.01213072240353 0.652264736019648 0.70309482794255 0.821715527772903 1.05528669173901 1.50965420263154 1.70016475915909 1.95156625509262 2.10956282615662 1.77142606675625 1.77723041176796 1.89562419420335 -9999 -9999 -9999 -9999 -9999 8.74330957324006 4.39499008655548 3.70535480976105 3.69473133087158 3.20292443037033 -9999
-9999 -9999 -9999 -9999 -9999 -9999 -9999 -9999 -9999 1.90285886824131 1.85593479126692 1.36024549603462 1.30243251472712 1.31641076505184 1.22753698378801 1.10875441133976 0.720928555088384 0.568800920886653 0.560065227959837 0.789008036255836 0.749365385283123 0.722294097596949 0.732188449664549 0.735184509645809 0.778217806057496 0.767091035842896 0.811876505613327 0.804343521595001 0.791822994297201 0.766720590266314 0.713326034220782 0.633744258772243 0.655469806356864 0.696566543795846 0.747196599841118 0.793966433176627 0.714870530825395 0.758928500115871 1.08285275508057 0.642163492166079 0.660960643337323 0.734361156821251 0.945276329463179 1.40517046515431 1.56694195313113 1.59840407371521 1.62472054186989 1.77430478264304 1.97962020124708 2.22670269012451 2.3116379737854 2.09427899122238 2.21779498457909 2.06226213953712 2.67643243074417 2.82052899599075 2.76537086963654 2.87265182733536 3.0211974978447 2.95682948827744 3.19982793331146 -9999
-9999 -9999 -9999 -9999 -9999 1.63301724940538 1.51823535561562 1.13398008793592 1.268938370049 1.44658032618463 1.38781017623842 1.27365826815367 0.972857769578695 0.623348098780428 0.574981659650803 0.514202017869268 0.795307699590922 0.798775851726532 0.771000616252422 0.737386427819729 0.755749355662953 0.731906374747103 0.73680530353026 0.717700704932213 0.687046018513766 0.707093238830566 0.733914048834281 0.757916824384169 0.743536380204287 0.664107352495193 0.646759214726361 0.653175867416642 0.689181820912795 0.764057774096727 0.75883461191104 0.787720544980123 0.729387182455796 0.669819123469866 0.633233706538494 0.637977702113298 0.62660342340286 0.662552252411842 0.631084367632866 0.692025758326054 1.47603637725115 1.34463931620121 1.30706089138985 1.43652395009995 1.72084736824036 1.92078742810658 2.13266084023884 2.41363646302904 2.84046734230859 2.02818757295609 2.37689899206161 2.39141403436661 2.41943950653076 2.82133623361588 3.2840566277504 3.40920592546463 3.52159363031387 3.47359714284539
-9999 -9999 -9999 -9999 -9999 1.13348479568958 1.13708344660699 1.07468122243881 1.12564313784242 0.666781767326243 0.629549148328164 0.589780803112423 0.754026511136223 0.520156905055046 0.506574895977974 0.709759067744017 0.74258491769433 0.737102512270212 0.728851422667503 0.736214868047021 0.757568795572628 0.73154576393691 0.672325437719172 0.656143642284653 0.634351210160689 0.631085173650221 0.665059008381583 0.688802268017422 0.683155519041148 0.657214420762929 0.703390221704136 0.627654477953911 0.668330386281013 0.962388627908446 0.634685090609959 0.637907695770264 0.646099197864533 0.675353312066623 0.67866700142622 0.676860138773918 0.682086490094662 0.645934626460075 0.66838526725769 0.710718178978333 0.740637333347247 0.78433669759677 0.934446023060725 1.06435796389213 1.37161187614713 1.46880021265575 1.49732951819897 1.71740718185902 1.95393871114804 1.89864766826996 2.1946240067482 2.31540513038635 2.40636466741562 2.53889329433441 2.48483390808105 2.75168867111206 2.86867419630289 3.19501120224595
-9999 -9999 -9999 -9999 -9999 0.644454838598476 0.747838444569532 0.645736474324675 0.593836431994158 0.603644300033064 0.622510413913166 0.607537418603897 0.638064057511442 0.569034119801862 0.688808310490388 0.715144198387861 0.707724548876286 0.720554497092962 0.809897206046365 0.708971662954851 0.703797865658998 0.5402608697231 0.672486625611782 0.654980981891805 0.661146409132264 0.623978193510662 0.633914201097055 0.640283167362213 0.653526472774419 0.602493963458321 0.666202493011951 0.660978861153126 0.637376129627228 0.650454234618407 1.16831920668483 0.506108053028584 0.576650775969028 0.601232023193286 0.65700475871563 0.725600108504295 0.729161003461251 0.755791825056076 0.769384118226858 0.772275374485896 0.758513297025974 0.780824200465129 0.863860274736698 0.915466099977493 0.943321606942585 0.933327095849173 1.12232697435788 1.22081264502862 1.78174636512995 1.69934593886137 1.46968310326338 1.76526766163962 1.86812918952533 2.16311582922935 1.94528469443321 2.12100254212107 2.44484526770455 2.50945427326056
-9999 -9999 -9999 -9999 -9999 0.648598725304884 0.629163872669725 0.622163280844688 0.632480124340338 0.664677926722695 0.807949591208907 0.707439569865956 0.601031917859526 0.764564152274813 0.521815645694733 0.555325834878853 0.620355303470905 0.647648833118952 0.612551137804985 0.697777941823006 0.708674125373363 0.56313957961706 0.665510769933462 0.695090021938086 0.711055755615234 0.680730883370746 0.637328527190469 0.592627416957508 0.583441452546553 0.57662698355588 0.688754752278328 0.665604881942272 0.612920316366049 1.16436081379652 0.699263815696423 0.586052991449833 0.602428106161264 0.584807701981985 1.32247576117516 1.43636924028397 1.51384127140045 0.795128737504666 0.794814026355743 0.81647961644026 0.7648088991642 0.773875689506531 0.823498998696987 0.875377547740936 0.866430510367666 0.92665448146207 0.987915631602792 1.04485036776616 1.05103547985737 1.48136158287525 1.26395296305418 1.61827662816414 1.44376497773024 1.77318075299263 2.04290510140933 3.18289744853973 2.55596428651076 2.71866458195906
-9999 -9999 -9999 -9999 -9999 0.645074783879168 0.636286862632808 0.64282868364278 0.619083834045074 0.653138771653175 0.954725958845195 0.650078294908299 0.543750002980232 0.567566514015198 0.593785199172357 0.587645638514968 0.64981331045811 0.653171081955616 0.625356859885729 0.687211660238413 0.699355609141863 0.659373446152761 0.644688179859748 0.655223980545998 0.65039911866188 0.647566735744476 0.592091401869601 0.576548881828785 0.572616618413192 0.665416383972535 0.700393855571747 0.675095736980438 0.637397650342721 1.17924549430609 0.544707758461728 0.518899803652483 0.569361241964193 0.600608750031545 0.572839547808354 0.586647876180135 0.715311664801378 0.769297049595759 0.537081629037857 0.820613306760788 0.792433172464371 0.801635235548019 0.812577074766159 0.892044895887375 0.900695040822029 1.01116979998701 0.988101631402969 0.99926817875642 1.120671244768 1.16945967765955 1.58167268679692 2.04063559495486 1.7712359726429 1.82867842912674 2.00627414882183 2.4155310690403 3.34727594256401 2.96108716726303
