EcologicalScience/Bass/data/rs_data_bass/chl_345.asc
NCOLS 226 
NROWS 124 
XLLCORNER -9.41648524995501 
YLLCORNER 47.587301625531 
CELLSIZE 0.0833 
NODATA_value -9999 
[rows 54 to 80 of 124, columns 0 to 61 of 226]
-9999 -9999 -9999 -9999 -9999 -9999 -9999 -9999 -9999 -9999 -9999 -9999 -9999 -9999 -9999 -9999 -9999 -9999 -9999 -9999 -9999 -9999 -9999 -9999 -9999 -9999 -9999 -9999 -9999 -9999 -9999 -9999 -9999 -9999 -9999 -9999 -9999 -9999 5.25648869247551 4.45371737480164 3.04401655197144 1.72673320770264 1.50732296705246 1.3845479786396 1.36523097753525 1.2544409930706 1.0704824924469 0.910310983657837 0.716358751058578 0.682304978370667 0.706802979111671 0.730094254016876 0.793474495410919 0.976074725389481 1.41969528794289 1.63440370559692 1.91631746292114 2.3239266872406 -9999 0.607058599591255 0.62790758907795 2.48049661517143
-9999 -9999 -9999 -9999 -9999 -9999 -9999 -9999 -9999 -9999 -9999 -9999 -9999 -9999 -9999 -9999 -9999 -9999 -9999 -9999 -9999 -9999 -9999 -9999 -9999 -9999 -9999 -9999 -9999 -9999 -9999 -9999 -9999 -9999 -9999 -9999 -9999 -9999 -9999 3.62250182032585 2.82278634309769 1.87555342912674 1.85681319236755 1.91719418764114 1.31037372350693 1.16735395789146 1.0049549639225 0.857369273900986 0.820364981889725 0.727636501193047 0.784524768590927 0.836628019809723 1.05605998635292 1.22271448373795 1.53034347295761 1.72623825073242 2.0791357755661 2.67229347421944 -9999 -9999 -9999 -9999
-9999 -9999 -9999 -9999 -9999 -9999 -9999 -9999 -9999 -9999 -9999 -9999 -9999 -9999 -9999 -9999 -9999 -9999 -9999 -9999 -9999 -9999 -9999 -9999 -9999 -9999 -9999 -9999 -9999 -9999 -9999 -9999 -9999 -9999 -9999 -9999 -9999 -9999 -9999 -9999 1.79570524692535 1.7882325053215 1.81920003890991 1.90166920423508 1.73687624931335 1.17917096614838 1.04444628953934 0.935824513435364 0.85396420955658 0.915770262479782 0.83653199672699 0.995930224657059 1.17113471031189 1.35662099719048 1.50105446577072 1.64567095041275 1.72828048467636 1.46654176712036 2.23166996240616 -9999 -9999 -9999
-9999 -9999 -9999 -9999 -9999 -9999 -9999 -9999 -9999 -9999 -9999 -9999 -9999 -9999 -9999 -9999 -9999 -9999 -9999 -9999 -9999 -9999 -9999 -9999 -9999 -9999 -9999 -9999 -9999 -9999 -9999 -9999 -9999 -9999 -9999 -9999 -9999 -9999 -9999 -9999 1.57112176716328 2.22111303806305 2.04562497138977 2.12613379955292 1.99384582042694 1.67005348205566 1.1747077703476 1.15168949961662 1.13234174251556 0.994533777236938 0.81913349032402 0.831884264945984 1.03343322873116 1.03135049343109 1.01145601272583 1.06055322289467 1.04834845662117 1.05091354250908 0.983964711427689 1.38014325499535 1.67347204685211 -9999
-9999 -9999 -9999 -9999 -9999 -9999 -9999 -9999 -9999 -9999 -9999 -9999 -9999 -9999 -9999 -9999 -9999 -9999 -9999 -9999 -9999 -9999 -9999 -9999 -9999 -9999 -9999 -9999 -9999 -9999 -9999 -9999 -9999 -9999 -9999 -9999 -9999 -9999 -9999 -9999 -9999 3.09233708381653 2.49830317497253 2.48614132404327 2.4248211979866 2.10136806964874 1.38273829221725 1.28363102674484 1.19982746243477 1.00851228833199 0.848655760288239 0.808383017778397 0.788064032793045 0.798343509435654 0.84992703795433 0.905791461467743 0.918800264596939 0.926370710134506 0.961077779531479 1.07165175676346 1.2776917219162 -9999
-9999 -9999 -9999 -9999 -9999 -9999 -9999 -9999 -9999 -9999 -9999 -9999 -9999 -9999 -9999 -9999 -9999 -9999 -9999 -9999 -9999 -9999 -9999 -9999 -9999 -9999 -9999 -9999 -9999 -9999 -9999 -9999 -9999 -9999 -9999 -9999 -9999 -9999 -9999 -9999 -9999 3.36500355005264 2.72191733121872 2.3855168223381 2.02644073963165 1.67720246315002 1.52323043346405 1.2809032201767 1.13827201724052 0.921021044254303 0.771818965673447 0.751963466405869 0.811185032129288 0.894756764173508 0.945242285728455 0.947737455368042 0.929639250040054 0.995070040225983 1.01853454113007 1.24292380430482 -9999 -9999
-9999 -9999 -9999 -9999 -9999 -9999 -9999 -9999 -9999 -9999 -9999 -9999 -9999 -9999 -9999 -9999 -9999 -9999 -9999 -9999 -9999 -9999 -9999 -9999 -9999 -9999 -9999 -9999 -9999 -9999 -9999 -9999 -9999 -9999 -9999 -9999 -9999 -9999 -9999 -9999 3.07880938053131 2.97107774019241 2.82165974378586 1.76423102617264 1.37531778216362 1.20698770880699 1.2666637301445 1.25360852479935 1.03942796587944 0.892036467790604 0.826233744621277 0.736578762531281 0.756370514631271 0.889106243848801 0.958920747041702 0.958443760871887 1.06471502780914 -9999 -9999 1.63399797677994 1.35349497199059 1.31345549225807
-9999 -9999 -9999 -9999 -9999 -9999 -9999 -9999 -9999 -9999 -9999 -9999 -9999 -9999 -9999 -9999 -9999 -9999 -9999 -9999 -9999 -9999 -9999 -9999 -9999 -9999 -9999 -9999 -9999 -9999 -9999 -9999 -9999 -9999 -9999 -9999 -9999 -9999 -9999 2.40105307102203 3.1492463350296 2.34768980741501 2.04832416772842 1.79128807783127 1.13290652632713 1.05503922700882 1.08793124556541 1.05067053437233 1.05676424503326 0.886004984378815 0.834740996360779 0.758863538503647 0.790154278278351 0.878165245056152 0.993850529193878 1.12651500105858 1.29440322518349 1.22324922680855 1.075598269701 1.04925379157066 1.0506112575531 1.1666100025177
-9999 -9999 -9999 -9999 -9999 -9999 -9999 -9999 -9999 -9999 -9999 -9999 -9999 -9999 -9999 -9999 -9999 -9999 -9999 -9999 -9999 -9999 -9999 -9999 -9999 -9999 -9999 -9999 -9999 -9999 -9999 -9999 -9999 -9999 -9999 -9999 -9999 -9999 -9999 2.90193861722946 1.7190967798233 1.45251595973969 1.42293146252632 1.26695922017097 0.998922765254974 1.0880129635334 1.14946871995926 0.940646231174469 0.888041228055954 0.774744004011154 0.770812511444092 0.822005957365036 0.84784197807312 0.885633766651154 1.04802972078323 1.06236523389816 0.990164279937744 0.986050486564636 0.877357542514801 1.03340622782707 1.13209873437881 1.21818521618843
-9999 -9999 -9999 -9999 -9999 -9999 -9999 -9999 -9999 -9999 -9999 -9999 -9999 -9999 -9999 -9999 -9999 -9999 -9999 -9999 -9999 -9999 -9999 -9999 -9999 -9999 -9999 -9999 -9999 -9999 -9999 -9999 -9999 -9999 -9999 -9999 -9999 -9999 4.49484407901764 2.3989822268486 1.68605107069016 1.38021603226662 1.19065421819687 1.03700020909309 0.945590972900391 0.993836224079132 0.894330739974976 0.861703455448151 0.83196821808815 0.775227785110474 0.734151765704155 0.795175462961197 0.871748238801956 0.882908999919891 0.900084793567657 0.876827269792557 0.847434014081955 0.747297763824463 0.739673271775246 0.806335508823395 0.786777019500732 1.1343112885952
-9999 -9999 -9999 -9999 -9999 -9999 -9999 -9999 -9999 -9999 -9999 -9999 -9999 -9999 -9999 -9999 -9999 -9999 -9999 -9999 -9999 -9999 -9999 -9999 -9999 -9999 -9999 -9999 -9999 -9999 -9999 -9999 -9999 -9999 -9999 -9999 -9999 -9999 4.4852429151535 2.63806718587875 1.8768795132637 1.19504097104073 0.983672261238098 0.882731258869171 0.907548755407333 0.905874788761139 0.790131747722626 0.794495970010757 0.805305004119873 0.861079484224319 0.811501532793045 0.834453016519547 0.776574790477753 0.704727753996849 0.731972247362137 0.743401497602463 0.687777757644653 0.632678255438805 0.62270924448967 0.685109987854958 0.72843673825264 1.05385047197342
-9999 -9999 -9999 -9999 -9999 -9999 -9999 -9999 -9999 -9999 -9999 -9999 -9999 -9999 -9999 -9999 -9999 -9999 -9999 -9999 -9999 -9999 -9999 -9999 -9999 -9999 -9999 -9999 -9999 -9999 -9999 -9999 -9999 -9999 -9999 -9999 -9999 2.04886438087984 3.07649481296539 1.82466226816177 1.31583523750305 1.02357146143913 0.81929549574852 0.734397768974304 0.786122292280197 0.835209757089615 0.72895123064518 0.755805015563965 0.800592005252838 0.83227801322937 0.846945762634277 0.784739255905151 0.758195221424103 0.710127755999565 0.716895014047623 0.673857763409615 0.663103491067886 0.568784236907959 0.533145770430565 0.543413266539574 0.585589483380318 0.998665541410446
-9999 -9999 -9999 -9999 -9999 -9999 -9999 -9999 -9999 -9999 -9999 -9999 -9999 -9999 -9999 -9999 -9999 -9999 -9999 -9999 -9999 -9999 -9999 -9999 -9999 -9999 -9999 -9999 -9999 -9999 -9999 -9999 -9999 -9999 -9999 -9999 -9999 3.07463014125824 2.45445603132248 1.5366638302803 1.21171054244041 0.94470226764679 0.758227497339249 0.69617173075676 0.692087978124619 0.710072234272957 0.695019766688347 0.716612979769707 0.792407959699631 0.800754725933075 0.839807957410812 0.841127961874008 0.812075257301331 0.792400538921356 0.716851517558098 0.752823740243912 0.740577757358551 0.589034244418144 0.551827490329742 0.564141020178795 0.651085495948792 0.907469272613525
-9999 -9999 -9999 -9999 -9999 -9999 -9999 -9999 -9999 -9999 -9999 -9999 -9999 -9999 -9999 -9999 -9999 -9999 -9999 -9999 -9999 -9999 -9999 -9999 -9999 -9999 -9999 -9999 -9999 -9999 -9999 -9999 -9999 -9999 -9999 -9999 5.26601725816727 3.82415914535522 2.71222507953644 1.34399852156639 0.954103499650955 0.811987459659576 0.735013514757156 0.699174731969833 0.659900978207588 0.633377999067307 0.628239020705223 0.656122505664825 0.712885513901711 0.776070713996887 0.835792511701584 0.87285304069519 0.819933772087097 0.771521955728531 0.744248986244202 0.718633487820625 0.707896515727043 0.714171767234802 0.683724761009216 0.67774423956871 0.793768465518951 0.896522283554077
-9999 -9999 -9999 -9999 -9999 -9999 -9999 -9999 -9999 -9999 -9999 -9999 -9999 -9999 -9999 -9999 -9999 -9999 -9999 -9999 -9999 -9999 -9999 -9999 -9999 -9999 -9999 -9999 -9999 -9999 -9999 1.71454274654388 1.64314270019531 -9999 2.10493344068527 2.44091901695151 2.277969789505 1.71949052810669 1.58796143531799 1.26064646244049 0.862499266862869 0.802275717258453 0.794180274009705 0.708076491951942 0.639520481228828 0.679801493883133 0.744378000497818 0.732265502214432 0.761809498071671 0.875657290220261 0.896459966897964 0.904683709144592 0.861772477626801 0.895052969455719 0.876953959465027 0.875274002552032 0.825819790363312 0.862488716840744 0.893762290477753 0.787688255310059 1.01337146759033 1.07260653376579
-9999 -9999 -9999 -9999 -9999 -9999 -9999 -9999 -9999 -9999 -9999 -9999 -9999 -9999 -9999 -9999 -9999 -9999 -9999 -9999 -9999 -9999 0.346259817481041 5.96560534834862 2.7580941170454 3.26006975769997 1.29924412071705 3.63465142250061 3.49406039714813 1.95907866954803 1.58263653516769 1.90427023172379 2.07215541601181 1.43259751796722 3.54688739776611 1.84789502620697 1.46068274974823 1.23203998804092 1.07680946588516 0.880083024501801 0.837226510047913 0.849650233983994 0.809107482433319 0.827551513910294 0.813280463218689 0.881687968969345 0.878612995147705 0.856321513652802 0.85193395614624 0.921392261981964 0.999658495187759 1.05939674377441 1.14086025953293 1.21307551860809 1.37785801291466 1.23490726947784 1.15917375683784 1.58552992343903 3.48164457082748 -9999 -9999 -9999
-9999 -9999 -9999 -9999 -9999 -9999 -9999 -9999 -9999 -9999 -9999 -9999 -9999 -9999 -9999 -9999 -9999 -9999 -9999 -9999 -9999 -9999 0.78384182708604 0.477250501513481 0.505372479557991 0.818911492824554 1.34224203228951 1.367491543293 2.01936078071594 1.48483800888062 1.00657045841217 0.937245726585388 1.08461022377014 1.04145374894142 1.0261162519455 1.02497845888138 1.04031747579575 0.923021972179413 0.835935026407242 0.776267230510712 0.811495542526245 0.851822286844254 0.816707968711853 0.767609238624573 0.736422747373581 0.758748739957809 0.883312493562698 0.904304981231689 0.955502271652222 1.04534849524498 1.34948775172234 1.32850196957588 1.60653001070023 1.94830656051636 2.10735833644867 -9999 -9999 -9999 -9999 -9999 -9999 -9999
-9999 -9999 -9999 -9999 -9999 -9999 -9999 -9999 -9999 -9999 -9999 -9999 -9999 -9999 -9999 -9999 -9999 -9999 -9999 31.0742484965223 0.988921284675598 1.00624421238899 1.18636572360992 0.624273017048836 0.616348519921303 0.884207278490067 0.804639011621475 0.8242267370224 0.83051472902298 0.693386256694794 0.631266742944717 0.649358242750168 0.705817490816116 0.747675731778145 0.793595284223557 0.855964511632919 0.905771255493164 0.890857458114624 0.785244762897491 0.709810495376587 0.725797489285469 0.786581218242645 0.759867042303085 0.679127231240273 0.676328256726265 0.723207011818886 0.894914209842682 1.01594325900078 1.16151371598244 1.46362271904945 1.44151729345322 -9999 -9999 -9999 -9999 -9999 -9999 -9999 -9999 -9999 -9999 -9999
-9999 -9999 -9999 -9999 -9999 -9999 -9999 -9999 -9999 -9999 -9999 -9999 -9999 -9999 -9999 -9999 -9999 1.48604428768158 10.5115149021149 0.532164752483368 1.11596024036407 0.725847020745277 0.388688251376152 0.437616750597954 0.565979272127151 0.758580029010773 0.590998515486717 0.566171228885651 0.515851512551308 0.604430258274078 0.621197998523712 0.703706234693527 0.662550732493401 0.762343525886536 0.858389228582382 0.856451958417892 0.870562523603439 0.808177471160889 0.781275719404221 0.706282496452332 0.714737981557846 0.752871751785278 0.724193260073662 0.641315996646881 0.688805982470512 0.830697029829025 0.96501749753952 1.24258053302765 1.34752875566483 1.34361147880554 1.47154203057289 -9999 -9999 -9999 -9999 -9999 -9999 -9999 -9999 -9999 -9999 -9999
-9999 -9999 -9999 -9999 -9999 -9999 -9999 -9999 -9999 -9999 -9999 -9999 -9999 -9999 1.08030827343464 0.48122701048851 0.399226516485214 0.402099743485451 0.463535249233246 0.435499504208565 0.41678175330162 0.491462990641594 0.459597766399384 0.408519744873047 0.4283167719841 0.41967299580574 0.343730248510838 0.398318991065025 0.412715256214142 0.511068731546402 0.58025997877121 0.652298256754875 0.710180997848511 0.700763985514641 0.730533733963966 0.787507474422455 0.774184495210648 0.800170540809631 0.771199464797974 0.737818479537964 0.668463751673698 0.642111763358116 0.638512507081032 0.631411492824554 0.704766020178795 0.883236765861511 1.03635522723198 1.27102571725845 1.21195650100708 1.25202602148056 0.9597427546978 1.42447203397751 -9999 -9999 -9999 -9999 -9999 -9999 -9999 -9999 -9999 -9999
-9999 -9999 -9999 -9999 -9999 -9999 -9999 -9999 -9999 -9999 -9999 3.49200995309012 0.402920991182327 1.54980877041817 0.532718271017075 0.45262049138546 0.370549499988556 0.413181737065315 0.438410997390747 0.366427503526211 0.352374739944935 0.357601493597031 0.346405506134033 0.308331750333309 0.296321243047714 0.292174503207207 0.311490006744862 0.338795989751816 0.371312253177166 0.402105733752251 0.422788515686989 0.485481753945351 0.577141508460045 0.61606577038765 0.661409229040146 0.785780221223831 0.797538042068481 0.838104754686356 0.774847537279129 0.719048246741295 0.650366261601448 0.651317238807678 0.64911000430584 0.633686989545822 0.77378922700882 0.933423042297363 1.03994178771973 1.11346051096916 1.06513872742653 1.35815173387527 1.37435477972031 -9999 -9999 -9999 -9999 -9999 7.62077042682226 7.39333820343018 9.35297870635986 5.72175979614258 6.45720934867859 -9999
-9999 -9999 -9999 -9999 -9999 -9999 -9999 -9999 -9999 1.30018220841885 0.716770236690839 0.479588270187378 0.437508746981621 0.306259498000145 0.352411508560181 0.43663202226162 0.372272998094559 0.328183494508266 0.351965993642807 0.304014757275581 0.278511755168438 0.269742004573345 0.286299750208855 0.286059759557247 0.286091990768909 0.290184751152992 0.283630505204201 0.276197254657745 0.300768010318279 0.328345499932766 0.385151982307434 0.450599983334541 0.555890992283821 0.569808751344681 0.58407524228096 0.674817770719528 0.762427479028702 0.783797979354858 0.722877770662308 0.694815739989281 0.675660744309425 0.63534227013588 0.599544748663902 0.626567244529724 0.63197024166584 0.761255979537964 0.786859542131424 0.86708852648735 0.956955760717392 1.14917474985123 1.22282776236534 1.2406447827816 1.30648273229599 2.14857226610184 1.96836233139038 2.25815552473068 2.14248079061508 3.10235095024109 3.32246267795563 3.23480308055878 3.42924463748932 -9999
-9999 -9999 -9999 -9999 -9999 0.468929260969162 1.22846549749374 0.8138707280159 0.57013276219368 0.436774492263794 0.706642493605614 0.488995492458344 0.387972772121429 0.325629003345966 0.33703351020813 0.320265747606754 0.291116997599602 0.259151995182037 0.254667744040489 0.25042350590229 0.25688774138689 0.241531491279602 0.24678149074316 0.268013253808022 0.28498200327158 0.326664000749588 0.311602503061295 0.315757490694523 0.309282749891281 0.347562745213509 0.38678777217865 0.424360513687134 0.481223255395889 0.591399729251862 0.624747768044472 0.701085761189461 0.739560753107071 0.789755970239639 0.750166475772858 0.754278033971786 0.752070039510727 0.650783255696297 0.607760265469551 0.582377269864082 0.575778767466545 0.62058225274086 0.639017254114151 0.67782823741436 0.747145503759384 0.855295479297638 1.00629302859306 1.15482151508331 1.30171501636505 1.5797370672226 1.66486805677414 1.71356391906738 1.95756304264069 2.09045916795731 2.64170783758163 2.78375548124313 2.7292492389679 2.80328321456909
-9999 -9999 -9999 -9999 -9999 0.433892235159874 0.437133729457855 0.529521748423576 0.529817998409271 0.415978521108627 0.381676509976387 0.370061248540878 0.335000239312649 0.367885507643223 0.339529506862164 0.291417740285397 0.290070757269859 0.275396257638931 0.279783748090267 0.271800756454468 0.265640258789062 0.248793751001358 0.254959501326084 0.267603747546673 0.285284243524075 0.320285260677338 0.360642001032829 0.394738510251045 0.394548743963242 0.390291005373001 0.394409269094467 0.416080489754677 0.485234990715981 0.556526988744736 0.614117234945297 0.665994733572006 0.700629740953445 0.759279727935791 0.744265481829643 0.781836748123169 0.760493963956833 0.66185250878334 0.583472236990929 0.546051755547523 0.506206512451172 0.538521006703377 0.559808984398842 0.596579253673553 0.641847744584084 0.688141509890556 0.831919491291046 0.953078269958496 1.08128097653389 1.19340598583221 1.31106224656105 1.47676947712898 1.44317775964737 1.51800531148911 2.01431107521057 2.21968352794647 2.41876119375229 3.15589213371277
-9999 -9999 -9999 -9999 -9999 0.461084246635437 0.463680759072304 0.544601261615753 0.475927501916885 0.401454001665115 0.390723019838333 0.384198769927025 0.390648007392883 0.382593020796776 0.350553743541241 0.327952489256859 0.316262997686863 0.298954501748085 0.283436246216297 0.26834924519062 0.262728005647659 0.248639993369579 0.256761744618416 0.277251742780209 0.289107754826546 0.313650749623775 0.346585504710674 0.377649754285812 0.39428249001503 0.394706234335899 0.406151980161667 0.432447731494904 0.477207764983177 0.52362222969532 0.553789481520653 0.623834252357483 0.663803994655609 0.69624750316143 0.710155516862869 0.737968504428864 0.719755500555038 0.684724509716034 0.608579993247986 0.481993496417999 0.422108262777328 0.457601264119148 0.478120520710945 0.489414006471634 0.524376019835472 0.536741271615028 0.596018269658089 0.804260283708572 0.990635275840759 1.06718623638153 1.03093653917313 0.884726285934448 1.03154325485229 1.21611678600311 1.44363221526146 1.82254350185394 1.97388678789139 2.03105020523071
-9999 -9999 -9999 -9999 -9999 0.581035494804382 0.578720256686211 0.699034497141838 0.599662497639656 0.442823231220245 0.428055748343468 0.427350729703903 0.416144236922264 0.387336730957031 0.361672505736351 0.314827501773834 0.304701760411263 0.300355508923531 0.290564998984337 0.250192500650883 0.238768503069878 0.246335998177528 0.269082739949226 0.298404760658741 0.298329748213291 0.311207257211208 0.340003497898579 0.382837504148483 0.396176263689995 0.390850514173508 0.412296742200851 0.419382736086845 0.453733518719673 0.479530513286591 0.546307504177094 0.620064005255699 0.636312738060951 0.656637758016586 0.659462258219719 0.781110763549805 0.818194538354874 0.765929996967316 0.623014479875565 0.535122022032738 0.466350004076958 0.406437009572983 0.401486232876778 0.461027249693871 0.440456986427307 0.452598765492439 0.493745237588882 0.584642261266708 0.733766242861748 0.769750535488129 0.717714741826057 0.886548757553101 0.969558745622635 1.09078046679497 1.20480671525002 1.90049707889557 2.08126652240753 2.12218505144119
-9999 -9999 -9999 -9999 -9999 0.707368478178978 0.827336221933365 0.850778996944427 0.53134573996067 0.416571021080017 0.44123549759388 0.470406755805016 0.413074493408203 0.383647486567497 0.360999740660191 0.324121490120888 0.289440751075745 0.29559825360775 0.289724998176098 0.275064758956432 0.236370004713535 0.241305001080036 0.259269006550312 0.280872747302055 0.296738997101784 0.296391002833843 0.322164751589298 0.341243997216225 0.387995257973671 0.417229503393173 0.410017490386963 0.416843265295029 0.44065198302269 0.468220487236977 0.53710649907589 0.58161748945713 0.594378009438515 0.629270240664482 0.633965268731117 0.682049989700317 0.797295033931732 0.757739245891571 0.66110023856163 0.55485525727272 0.487249508500099 0.461759984493256 0.415884017944336 0.395444244146347 0.430319979786873 0.457262232899666 0.469154253602028 0.506717249751091 0.5808375030756 0.653044492006302 0.742770731449127 0.806949019432068 0.80377721786499 0.818609207868576 1.0333214700222 1.39324647188187 1.96760183572769 1.84664404392242
