EcologicalScience/Bass/data/rs_data_bass/chl_511.asc
NCOLS 226 
NROWS 124 
XLLCORNER -9.41648524995501 
YLLCORNER 47.587301625531 
CELLSIZE 0.0833 
NODATA_value -9999 
[rows 81 to 107 of 124, columns 62 to 123 of 226]
3.85158455371857 5.97498106956482 7.6620512008667 7.66205191612244 -9999 -9999 -9999 -9999 -9999 -9999 -9999 -9999 -9999 -9999 -9999 -9999 -9999 -9999 -9999 -9999 -9999 -9999 -9999 -9999 -9999 -9999 -9999 -9999 -9999 -9999 -9999 -9999 -9999 -9999 -9999 -9999 -9999 -9999 -9999 -9999 -9999 -9999 -9999 -9999 -9999 -9999 -9999 -9999 -9999 -9999 -9999 -9999 -9999 -9999 -9999 -9999 -9999 -9999 -9999 -9999 -9999 -9999
2.65302192387374 -9999 -9999 -9999 -9999 -9999 -9999 -9999 -9999 -9999 -9999 -9999 -9999 -9999 -9999 -9999 -9999 -9999 -9999 -9999 -9999 -9999 -9999 -9999 -9999 -9999 -9999 -9999 -9999 -9999 -9999 -9999 -9999 -9999 -9999 -9999 -9999 -9999 -9999 -9999 -9999 -9999 -9999 -9999 -9999 -9999 -9999 -9999 -9999 -9999 -9999 -9999 -9999 -9999 -9999 -9999 -9999 -9999 -9999 -9999 -9999 -9999
-9999 -9999 -9999 -9999 -9999 -9999 -9999 -9999 -9999 -9999 -9999 -9999 -9999 -9999 -9999 -9999 -9999 -9999 -9999 -9999 -9999 -9999 -9999 -9999 -9999 -9999 -9999 -9999 -9999 -9999 -9999 -9999 -9999 -9999 -9999 -9999 -9999 -9999 -9999 -9999 -9999 -9999 -9999 -9999 -9999 -9999 -9999 -9999 -9999 -9999 -9999 -9999 -9999 -9999 -9999 -9999 -9999 -9999 -9999 -9999 -9999 -9999
-9999 -9999 -9999 -9999 -9999 -9999 -9999 -9999 -9999 -9999 -9999 -9999 -9999 -9999 -9999 -9999 -9999 -9999 -9999 -9999 -9999 -9999 -9999 -9999 -9999 -9999 -9999 -9999 -9999 -9999 -9999 -9999 -9999 -9999 -9999 -9999 -9999 -9999 -9999 -9999 -9999 -9999 -9999 -9999 -9999 -9999 -9999 -9999 -9999 -9999 -9999 -9999 -9999 -9999 -9999 -9999 -9999 4.35494478612111 2.97371905583602 2.78079322209725 2.57748878002167 2.28982443043164
-9999 -9999 -9999 -9999 -9999 -9999 -9999 -9999 -9999 -9999 -9999 -9999 -9999 -9999 -9999 -9999 -9999 -9999 -9999 -9999 -9999 -9999 -9999 -9999 -9999 -9999 -9999 -9999 -9999 -9999 -9999 -9999 -9999 -9999 -9999 -9999 37.1749906539917 5.25094950199127 4.72620642185211 4.2888046503067 -9999 -9999 5.53331867286137 3.21227252483368 3.50313484668732 3.37451899051666 3.15085801482201 4.4369148015976 4.43691444396973 2.91106697916985 2.87428250908852 2.37879700107234 -9999 -9999 4.26072194746562 3.90068259605995 3.00771115834896 2.49405842102491 2.19798850096189 1.97083294850129 1.79339367577008 1.51359275834901
-9999 -9999 -9999 -9999 -9999 -9999 -9999 -9999 -9999 -9999 -9999 -9999 -9999 1.38233757019043 1.62271803617477 1.4250470995903 1.45806911587715 1.49098518490791 1.12509450316429 -9999 -9999 -9999 -9999 -9999 -9999 -9999 -9999 -9999 3.30475795269012 3.37981331348419 3.41949498653412 3.46302688121796 2.55330312252045 3.66949796676636 -9999 -9999 -9999 4.58909332752228 3.98894333839417 3.76238572597504 3.75771689414978 3.55408716201782 3.08171403408051 2.8182989358902 2.86009865999222 2.98119217157364 3.21493184566498 2.89750170707703 2.58128303289413 2.35161916109232 2.63245904445648 2.65937983989716 2.87891793251038 3.04221439361572 2.79050463438034 2.44564712047577 2.09569483995438 1.85806578397751 1.5967740884849 1.40104021770614 1.25657697021961 1.22306891850063
-9999 -9999 -9999 -9999 -9999 -9999 -9999 -9999 -9999 -9999 1.84805077314377 1.68778377771378 1.64425885677338 1.50952059030533 1.35278168320656 1.26719614863396 1.37519690394402 1.42423725128174 1.67269742488861 1.71959924697876 1.50701540708542 2.14575239270926 2.36696773767471 2.40344220399857 2.45088475942612 2.30047937801906 -9999 1.7889669669999 3.24216377735138 3.19030451774597 3.10089433193207 3.11475348472595 3.47107458114624 3.48886835575104 3.73023314135415 -9999 3.13015619049902 3.96022081375122 3.75514268875122 3.37124955654144 3.11966729164124 2.94076305627823 2.70566725730896 2.58843058347702 2.60776591300964 2.88441163301468 2.95281654596329 1.92214322090149 1.7954762165363 1.7120631474715 1.74912428855896 2.04148757457733 2.3954513669014 2.82454544305801 2.70541709661484 2.40981012582779 2.07170444726944 1.91515284776688 0.971611382705825 0.890940804566656 0.940188888992582 0.965331846049854
-9999 -9999 -9999 -9999 -9999 -9999 -9999 -9999 1.83240885917957 1.97460579872131 1.80484253168106 1.50110918283463 1.41653233766556 1.48760765790939 1.5556520819664 1.75191628932953 1.97439873218536 2.06624722480774 2.03732764720917 1.98354882001877 2.00415694713593 2.23010891675949 2.46756720542908 2.67416954040527 2.73758733272552 2.79139405488968 2.89638501405716 2.90758627653122 2.98176527023315 2.99926328659058 2.99200719594955 3.00783383846283 3.26028800010681 3.53960144519806 3.78070414066315 3.96253681182861 3.93898594379425 3.91363477706909 3.45789313316345 3.09730660915375 2.65750765800476 2.48899608850479 2.38093936443329 2.33895152807236 2.20455265045166 1.8651419878006 1.24760369211435 1.01826002735358 0.950815360460963 0.684429102710315 0.641890769967666 0.661660572657218 0.685738467253171 0.781864732503891 0.742611814003724 0.748404821524253 0.766678353914848 0.790792490754809 0.771865444523947 0.775476419499942 0.834556064435414 0.890598624944687
-9999 -9999 -9999 -9999 -9999 -9999 -9999 -9999 -9999 2.25227093696594 1.49485355615616 1.48175355792046 1.54019075632095 1.58709293603897 1.70488929748535 1.79259717464447 1.78524094820023 1.81807708740234 1.9368708729744 2.02136063575745 2.11638128757477 2.22366535663605 2.32879883050919 2.42651689052582 2.38196861743927 2.43083810806274 2.68093836307526 2.71519070863724 2.76264649629593 2.73739778995514 2.67587023973465 2.63387882709503 2.70176786184311 3.16517615318298 3.54779970645905 3.90467977523804 3.78766214847565 3.50802791118622 3.15175330638885 2.77203547954559 2.61149525642395 2.55640894174576 2.29711085557938 2.10252785682678 1.89431029558182 1.29527311370923 1.32644497070994 0.596325986087322 0.58292952982279 0.648098502021569 0.693954035639763 0.707089978669371 0.694171652197838 0.70866691001824 0.712562786681311 0.704156475407737 0.73641648888588 0.731766946613789 0.716744749673775 0.769257430519376 0.902554047959192 0.959857285022736
-9999 -9999 -9999 -9999 -9999 -9999 -9999 -9999 -9999 1.73747831583023 1.53590905666351 1.52506846189499 1.45557144284248 1.33034563064575 1.38818353414536 1.44061464071274 1.54740840196609 1.57826220989227 1.67089980840683 1.78900051116943 1.97275990247726 2.01859205961227 2.05330663919449 2.04604643583298 1.86686879396439 1.86661756038666 1.88528341054916 1.94786846637726 1.98006051778793 1.9860754609108 1.96862661838531 2.10041588544846 2.42649382352829 2.7812574505806 2.9467139840126 3.06635340622493 3.8300918340683 3.57148897647858 3.08180129528046 2.78468585014343 2.54048216342926 1.90491056442261 1.56362324953079 1.46854171156883 1.31985674500465 1.67182838229033 1.71377941049062 0.662597361419882 0.667957526232515 0.648658926997866 0.613742186472966 0.635370900997749 0.69025526621512 0.711430332490376 0.711374328604766 0.695156335830688 0.672639452985355 0.670481229467051 0.715954060001033 0.816773638129234 0.877932927438191 0.869192776935441
1.0409884750843 0.942602634429932 0.869048148393631 0.93927213549614 0.970232963562012 -9999 -9999 2.20298534631729 2.02274751663208 1.66406375169754 1.42789551615715 1.40601915121078 1.34716013073921 1.16746363920324 1.16757670640945 1.21525239944458 1.24946576356888 1.23653492331505 1.20829251408577 1.26836407184601 1.30740138888359 1.37370353937149 1.35848978161812 1.300402790308 1.25803425908089 1.24944090843201 1.21282035112381 1.22010666131973 1.27156215906143 1.30302008986473 1.31967687606812 1.34885224699974 1.39500126242638 1.46082651615143 1.53044087546212 1.58618282420295 1.73844295510879 2.57867753505707 2.06731295585632 1.97160851955414 1.63431286811829 1.61541531980038 1.49773637524673 1.39838566737516 0.701144527111735 0.676623095359121 0.655975744128227 0.603753488797408 0.636183244841439 0.65073697162526 0.632415202947763 0.679526270500251 0.686422041484288 0.694697646158082 0.703528072152819 0.688249456030982 0.671542126153197 0.670543766447476 0.734385810792446 0.804707938006946 0.782062653984342 0.83908124268055
0.680174499750137 0.777007699012756 0.902148127555847 1.03965264558792 1.42137676477432 1.54738426208496 1.3844393491745 1.44551119208336 1.64557260274887 1.50348615646362 1.3067065179348 1.28121945261955 1.26657977700233 1.26893511414528 1.26038977503777 1.18427867442369 1.16630280017853 1.1449071764946 1.13397136330605 1.20698842406273 1.16700685941256 1.21549093723297 1.21850162744522 1.21487429738045 1.14914256334305 1.16210970282555 1.15839019417763 1.15433737635612 1.17598101496696 1.20613995194435 0.932583171129227 1.19543668627739 1.17257443070412 1.1698092520237 1.11955349360194 1.15321400974478 1.17581962900502 1.17692353044237 1.30893861651421 1.28335102200508 1.25489987134933 1.25591661930084 0.685221313283994 0.674547888911687 0.670106198925238 0.642815076387846 0.658810113485043 0.667936413415841 0.671035527118615 0.687234971140112 0.707441019160407 0.691352867654392 0.685608664793627 0.687869265675545 0.693107616688524 0.692826588238989 0.657742777041026 0.612812890456273 0.617326793762354 0.722763419151306 0.731717973947525 0.684560652822256
0.675886809825897 0.664797350764275 0.72951740026474 0.829758614301682 0.914501219987869 0.977700501680374 0.944800615310669 1.0669472515583 1.25612130761147 1.26360654830933 1.20377862453461 1.06135869026184 0.762322783470154 0.72038546204567 0.721032723784447 0.703660011291504 0.796422153711319 1.22162443399429 1.20788624882698 1.16803416609764 1.19434216618538 1.42822459936142 1.40636348724365 1.15570488274097 1.27824366944177 1.22002072845186 1.12184459822518 1.15560483336449 0.571783192455769 0.569593778678349 0.56612789524453 1.26876819604322 1.25483574365315 0.976612385362387 1.33608117103577 1.33380962610245 1.29382839586054 1.2816115213292 1.28024602149214 1.28616299373763 1.24578855817135 0.677505284547806 0.700983011951813 0.635053169268828 0.673461163682597 0.678343499345439 0.675062796899251 0.674535768372672 1.32899943632739 0.707617710416134 0.739690856209823 0.713547799204077 0.673138806862491 0.657979683152267 0.677405972033739 0.699186939746141 0.669903203845024 0.656499775556418 0.676851600408554 0.726593341678381 0.825205251574516 0.906953126192093
0.748879194259644 0.914522767066956 0.834511667490005 0.694045856595039 0.674907669425011 0.691905051469803 0.714658945798874 0.75859934091568 0.823245584964752 0.831209868192673 0.789048314094543 0.774892061948776 0.761019498109818 0.740056425333023 0.721156015992165 0.788534849882126 1.09653612971306 1.1989694237709 1.07115128263831 0.635558053851128 0.653760552406311 0.656614646315575 1.26594396233559 0.846947693824768 0.727786991000176 0.692452955245972 0.964484243438794 0.992692855851991 1.20831488966942 0.92083222232759 0.942608809896878 0.942496361477034 0.860938704013825 0.860406732559204 1.17730756103992 1.22022254765034 1.25703985563346 1.2522520167487 1.23335718895708 1.28385089124952 1.27108403614589 0.903172561526298 0.933704280853271 1.18262275201934 0.702811411940135 0.680182529183535 0.725083258535181 0.753063216805458 0.733223422215535 0.917037445306778 0.524538574474198 0.596859777612346 0.654900877603463 0.671804874071053 0.725741665810347 0.762446656823158 0.786267757415771 0.851189903914929 0.91755785793066 1.11579215526581 1.09342074394226 1.12355661392212
0.960082501173019 1.3215120434761 0.928269356489182 0.66770513355732 0.654711127281189 0.697046265006065 0.738664984703064 0.783633023500443 0.843180030584335 0.889877021312714 0.856687813997269 0.779369920492172 0.77677595615387 0.721203446388245 0.717403560876846 0.728409290313721 0.722467354365758 0.716718748211861 0.718419134616852 0.662883013486862 0.666052579879761 0.697482749819756 0.781914772465825 0.718335092067719 0.698311427235603 1.03672783076763 1.04637916599001 1.05604090435164 1.05590133368969 1.03680827149323 1.06166839599609 1.0218302332438 1.00994187134963 1.19784459471703 1.23187136650085 1.25665453076363 1.28216582536697 0.985937324854044 0.996491349660433 1.01266001164913 0.988134329135601 0.940866017570863 1.29675789816039 0.723039026443775 0.760643765330315 0.763596281409264 0.760537836700678 0.763231780380011 0.755115654319525 0.757350351661444 0.703827846795321 0.601163130253553 0.670182798057795 0.776963911950588 0.852090038359165 0.998090595006943 1.17600122094154 1.24085023999214 1.363864839077 1.47998097538948 1.65584349632263 1.827476978302
0.629023879766464 0.652572602033615 0.644921287894249 0.645158663392067 0.657311975955963 0.664080038666725 0.732786431908607 0.841257154941559 0.935745298862457 0.950078845024109 0.828027623204085 0.766999013721943 0.756928995251656 0.689065396785736 0.72551728785038 0.720226719975471 0.702874884009361 0.697691068053246 0.708795502781868 0.74819228053093 0.676128342747688 0.66375195980072 0.896660399436951 0.6606166055426 0.711337904445827 1.01935380271503 1.04051214669432 1.06838855573109 1.08640461521489 1.09596927676882 1.07576409408024 1.11267314212663 1.16433609792819 1.24006095528603 1.29548799991608 1.26455470919609 1.18696766633254 1.04702346256146 1.04806911486846 1.03223368640129 0.988280688340847 0.987584739923477 0.937134340405464 0.8189292922616 0.814410991966724 0.811918064951897 0.801853857934475 0.783781982958317 0.747408077120781 0.689236108213663 0.731531158089638 0.832919083535671 1.04399755597115 1.10945105552673 1.22361633181572 1.34380406141281 1.57380402088165 1.87125313282013 2.17912065982819 2.43365675210953 2.59482389688492 2.64199608564377
0.612018585205078 0.620380282402039 0.606063187122345 0.506855539977551 0.571848213672638 0.585236638784409 0.5736333578825 0.577524036169052 0.629210919141769 0.67116679251194 0.755148276686668 0.772453330457211 0.70998153090477 0.759554475545883 0.771956562995911 0.746752247214317 0.689805909991264 0.645257754251361 0.65237483009696 0.74469915671008 0.642645958065987 0.910153029056696 1.11513700655528 1.0901563167572 1.02302662569743 1.1229535064527 1.19939908614525 1.26778576007256 1.31086282432079 1.33926410973072 1.46742873532431 1.61894401678672 2.03459491580725 2.13851768895984 2.14884951710701 2.0709875524044 1.75477186590433 1.38623809069395 1.17355893896176 1.00678546153582 1.02258390188217 1.02001591771841 0.959045350551605 0.831487789750099 0.836960062384605 0.836977437138558 0.779958605766296 0.769414480775595 0.758984424173832 0.749466110020876 0.865129493176937 1.04427952319384 1.08603742718697 1.42498460412025 1.79774701595306 1.93965196609497 2.07069808244705 -9999 -9999 -9999 -9999 -9999
0.56519079208374 0.573490664362907 0.586874261498451 0.602686956524849 0.498081034049392 0.600404094904661 0.547959297895432 0.566981390118599 0.577338382601738 0.58993273973465 0.660210309120325 0.658711954951286 0.662551179528236 0.657867506146431 0.84258561867934 0.738564848899841 0.646066773682833 0.655373439192772 0.629795979708433 1.06367843065943 1.00336301441376 0.968294823398957 0.963612000857081 1.01758854516915 1.07272446155548 1.24967989325523 1.34098701293652 1.39867989833538 1.54580486885139 1.63082990476063 1.94325762135642 2.20266827089446 2.38813719611901 2.25483156626041 2.16563835052344 1.99625132977962 1.77888315916061 1.50516198575497 1.24323217570782 1.10417109727859 1.0828039124608 0.979953326284885 0.868181012570858 0.847864180803299 1.19130966067314 1.19788947701454 1.19745701551437 1.20098742842674 1.19290405511856 1.16248655319214 1.19482192397118 1.35980263352394 1.69675916433334 1.73017369783842 2.54149569358145 -9999 -9999 -9999 -9999 -9999 -9999 -9999
0.577919349074364 0.580436915159225 0.624692335724831 0.636001065373421 0.653332650661469 0.607675999403 0.626381054520607 0.627298459410667 0.613727107644081 0.605391204357147 0.5887531042099 0.652823522686958 0.692857995629311 0.725515142083168 0.709308884464777 0.667103253304958 0.674243781715631 0.70868294686079 0.959656060888217 1.05331790561859 1.04515717465144 1.0296641267263 1.02362898106758 1.02950892998622 1.20301145773668 1.32742515894083 1.36249857682448 1.42390200266471 1.4922478382404 -9999 -9999 -9999 -9999 -9999 -9999 3.14426672458649 1.82334347814322 1.62635258585215 1.28827939927578 1.32682210206985 1.31902545690536 1.26821020245552 1.22548136115074 1.22676479816437 1.39678055047989 1.45875522494316 1.40170615911484 1.40747863054276 1.44412127137184 1.43695360422134 1.52605909109116 1.62981176376343 1.72856032848358 1.9762424826622 1.97624230384827 -9999 -9999 -9999 -9999 -9999 -9999 -9999
0.58496966958046 0.622681617736816 0.65243424475193 0.650550529360771 0.622755020856857 0.62726013477032 0.632356717036321 0.631729647517204 0.654898792505264 0.785053988918662 0.785558810457587 0.810273963958025 0.760259628295898 0.704207234084606 0.68389555066824 0.731778681278229 0.75224748139198 0.844741784609281 1.07303021618953 1.07059123882881 1.03257667559844 0.954523643622032 0.983386172698094 0.983174845576286 1.15470240265131 1.23786702752113 1.3027180954814 1.37700995057821 1.3851937013013 -9999 -9999 -9999 -9999 -9999 -9999 2.36041163972446 2.17151836305857 1.45309978723526 1.59109568595886 1.7475882768631 1.71831929683685 1.72658532857895 1.63305938243866 1.39942440390587 1.50376188755035 1.67674344778061 1.80113679170609 1.90167778730392 1.96746736764908 2.03104895353317 2.16527491807938 2.21507048606873 -9999 -9999 -9999 -9999 -9999 -9999 -9999 -9999 -9999 -9999
0.599631696939468 0.627285093069077 0.627410620450974 0.644778773188591 0.67937533557415 0.823817722499371 0.640165088268427 0.634547043305177 0.948663955697647 0.914150452384582 0.807393211871385 0.723880920272607 0.719635406365762 0.70507737249136 0.638963671401143 0.647734416218904 0.673544127207536 0.821630032016681 1.2031066928591 1.29519704410008 0.810669223649786 1.07246619577591 1.06893668037194 1.09277888387442 0.961858235299587 1.34926334023476 1.3242075741291 1.33556199073792 1.58550575375557 -9999 -9999 -9999 -9999 -9999 -9999 -9999 2.91738730210524 2.02727490663528 2.11959189176559 2.32430452108383 2.38033765554428 2.39842575788498 2.3573847413063 2.29501748085022 2.09929651021957 1.97254747152328 1.90084987878799 1.93855583667755 2.08009332418442 2.25465273857117 2.48838490247726 2.73114234209061 2.99189132452011 -9999 -9999 -9999 -9999 -9999 -9999 -9999 -9999 -9999
0.567945778369904 0.582979157567024 0.597659736871719 0.635689213871956 0.621461972594261 0.612047284841537 0.606128075948128 0.605778508461439 0.744166628672526 0.727086909688436 0.700775494942298 0.714807261641209 0.687121634299939 0.651130842474791 0.625478257353489 0.614810180205565 0.604300449673946 0.747772208773173 1.06304541602731 1.11194761097431 1.20980239659548 1.12164616584778 1.11343333125114 1.1427037678659 1.47285997867584 1.43175718188286 1.36816155910492 1.50809240341187 1.62848603725433 1.98064371943474 -9999 -9999 -9999 -9999 -9999 -9999 -9999 2.36859345436096 2.08650031159906 2.64803501087077 2.78465241193771 3.08920562267303 2.98448646068573 2.96731567382812 2.70437031984329 2.54567241668701 2.42591571807861 2.45707833766937 2.4617600440979 2.46924537420273 2.5595617890358 2.71935653686523 2.87714928388596 -9999 -9999 -9999 -9999 -9999 -9999 -9999 -9999 -9999
0.578864872455597 0.599770188331604 0.602952003479004 0.594381371779101 0.591534145749532 0.602842975121278 0.678190693259239 0.721658527851105 0.938946638256311 0.765994607256009 0.821242494078783 0.764233410358429 0.730281774814312 0.681720999570993 0.664541880671795 0.667012439324306 0.644931510090828 0.521956533193588 0.61266116052866 0.606991626322269 0.711591440652098 1.14128628373146 1.14128637313843 1.39392644539475 1.44130616635084 1.49352014064789 1.57974421977997 1.59754800796509 1.65402710437775 1.66425221413374 1.75535798989809 -9999 -9999 -9999 -9999 -9999 -9999 -9999 -9999 -9999 -9999 -9999 -9999 -9999 -9999 -9999 3.65490746498108 2.59562675769512 3.18263083154505 3.25046545808966 2.63229255927236 -9999 -9999 -9999 -9999 -9999 -9999 -9999 -9999 -9999 -9999 -9999
0.563537165522575 0.565748646855354 0.591984147472041 0.586120675717081 0.591711130525385 0.621149013821895 0.659077746363787 0.895205922424793 0.891728869997538 0.924464508891106 0.931131245998236 0.823258005655729 0.908775597810745 0.850959032773972 0.663056497390454 0.61424891765301 0.601243271277501 0.605560250580311 0.576349209994078 0.55050440505147 0.514366522431374 0.780526809394359 1.18113540112972 1.42296534776688 1.62889836072922 -9999 1.81345719099045 1.61848300695419 1.60550683736801 1.65250021219254 1.64931213855743 2.16280084848404 -9999 -9999 -9999 -9999 -9999 -9999 -9999 -9999 -9999 -9999 -9999 -9999 -9999 -9999 -9999 -9999 -9999 -9999 -9999 -9999 -9999 -9999 -9999 -9999 -9999 -9999 -9999 -9999 -9999 -9999
0.548928287412439 0.540146597794124 0.567445645374911 0.550139237727438 0.54327984383473 0.581303829183945 0.493200835127097 0.927977702021599 0.920970900700643 0.935222670435905 0.928747876332356 1.06753081083298 0.951896369457245 0.851774364709854 0.810247331857681 0.78508061170578 0.792415708303452 0.824246287345886 0.771348565816879 0.518351774662733 0.510821994394064 1.40861713886261 1.42023155093193 1.48152646422386 1.5281029343605 1.59862661361694 1.61777579784393 1.60250866413116 1.65971875190735 1.66009962558746 1.78274309635162 1.88968044519424 -9999 -9999 -9999 -9999 -9999 -9999 -9999 -9999 -9999 -9999 -9999 -9999 -9999 -9999 -9999 -9999 -9999 -9999 -9999 -9999 -9999 -9999 -9999 -9999 -9999 -9999 -9999 -9999 -9999 -9999
0.564375777329717 0.558809357030051 0.545058227502383 0.539640687979185 0.544457000035506 0.562359706713603 0.549972526155985 0.74396970638862 0.975868353476891 1.01896014924233 0.997964704265961 1.22496318817139 1.10880410671234 0.937524288892746 0.884345769882202 0.848224073648453 0.821285575628281 0.804044455289841 0.772103577852249 0.784323900938034 0.862520694732666 0.891795188188553 1.28536719083786 1.30399787425995 1.58595836162567 1.58312916755676 1.62647062540054 1.63932824134827 1.69154334068298 1.76722830533981 1.95028495788574 2.06798511743546 -9999 -9999 -9999 -9999 -9999 -9999 -9999 -9999 -9999 -9999 -9999 -9999 -9999 -9999 -9999 -9999 -9999 -9999 -9999 -9999 -9999 -9999 -9999 -9999 -9999 -9999 -9999 -9999 -9999 -9999
0.583180150815419 0.553236643855388 0.572478852592982 0.583934677334932 0.601408478159171 0.610159456729889 0.601025778513688 0.85858460687674 0.94070674593632 1.00579357376465 1.02588999042144 1.40796387195587 1.11340750295382 1.25012701749802 1.20900771021843 1.13473811745644 0.960351526737213 0.778767734766007 0.766561508178711 0.774689882993698 0.860897302627563 1.43300172686577 1.54725748300552 1.62842470407486 1.64456516504288 1.61540955305099 1.4931743144989 1.57520753145218 1.7250691652298 1.80081707239151 1.72921031713486 1.82373797893524 -9999 -9999 -9999 -9999 -9999 -9999 -9999 -9999 -9999 -9999 -9999 -9999 -9999 -9999 -9999 -9999 -9999 -9999 -9999 -9999 -9999 -9999 -9999 -9999 -9999 -9999 -9999 -9999 -9999 -9999
