EcologicalScience/Bass/data/rs_data_bass/chl_68.asc
NCOLS 226 
NROWS 124 
XLLCORNER -9.41648524995501 
YLLCORNER 47.587301625531 
CELLSIZE 0.0833 
NODATA_value -9999 
[rows 54 to 80 of 124, columns 124 to 185 of 226]
2.96732407808304 2.60677421092987 2.06753933429718 2.37107026576996 1.94736975431442 1.55504018068314 1.34783399105072 0.880392014980316 0.925974726676941 0.967264473438263 0.829996526241302 0.718402504920959 0.674041494727135 0.692828983068466 0.697857767343521 0.774546772241592 0.661944016814232 0.650865733623505 0.655376985669136 0.671960234642029 0.68086351454258 0.800468981266022 0.842969208955765 1.1703434586525 1.21728220582008 1.22282999753952 1.23310428857803 1.37300696969032 1.30153504014015 1.24453496932983 1.18403550982475 1.20156902074814 1.2841155230999 1.29667049646378 1.18393278121948 1.16975024342537 1.17281323671341 0.993799477815628 0.6120974868536 0.581421732902527 0.610708504915237 0.664571240544319 0.811268270015717 1.05884921550751 1.31244000792503 1.99290078878403 2.51645332574844 3.7809898853302 8.2154016494751 19.8744220733643 8.88683652877808 3.78556661172347 2.43947451710701 6.61352527141571 14.7312383651733 10.2529549598694 9.51972806453705 10.9971617272026 10.0737774968147 45.8911657333374 21.9471158981323 15.5651335716248
3.10948133468628 2.91826951503754 1.99796479940414 1.88747102022171 2.29929149150848 2.01247501373291 1.85179281234741 1.19147774577141 0.994951486587524 0.917898774147034 1.06558576226234 0.983730018138885 0.726486012339592 0.639110237360001 0.720756009221077 0.737029507756233 0.747243002057076 0.724893763661385 0.652598261833191 0.692328751087189 0.737437516450882 0.75537371635437 0.892470717430115 0.984245985746384 1.35941925644875 1.59286576509476 1.51893156766891 1.68350404500961 1.56617617607117 1.39263072609901 1.34368872642517 1.26567748188972 1.20610427856445 1.19443577528 0.991129517555237 0.930731266736984 0.864076495170593 0.749480232596397 0.636406481266022 0.624834001064301 0.691428735852242 0.85274550318718 1.08071100711823 1.5498411655426 2.11553174257278 2.83234423398972 3.91013181209564 4.67483103275299 10.2824177742004 13.1729936599731 7.26790407299995 6.23702529072762 6.28133171796799 6.97495490312576 6.22851727559016 5.73199188709259 10.5720698833466 -9999 -9999 -9999 -9999 -9999
2.9943510890007 2.60398882627487 2.41400241851807 1.95016658306122 1.80460202693939 2.16827255487442 2.18185204267502 1.60297429561615 1.35347324609756 1.14462751150131 1.18261420726776 1.15229398012161 0.887086540460587 0.761944502592087 0.768664509057999 0.711721479892731 0.760504513978958 0.86488276720047 0.823422789573669 0.775790244340897 0.799283266067505 0.890062540769577 0.954990774393082 1.28937971591949 1.44310426712036 1.71827477216721 1.8670334815979 1.97495251893997 1.77146995067596 1.62000149488449 1.41775050759315 1.45590823888779 1.39210796356201 1.21445623040199 0.964784234762192 0.743291258811951 0.61896076798439 0.710805729031563 0.843763500452042 0.809199035167694 0.772373288869858 0.907163232564926 1.2955350279808 2.17409330606461 5.4055198431015 4.7037878036499 5.38943839073181 13.632963180542 8.03428494930267 5.78547120094299 5.64730668067932 6.4149406850338 9.93534802306782 14.7888758130317 -9999 -9999 -9999 -9999 -9999 -9999 -9999 -9999
3.32922434806824 3.15655732154846 2.95625174045563 2.65804427862167 2.09113955497742 2.03247517347336 2.15930843353271 1.85832452774048 1.81009948253632 1.53144532442093 1.34759777784348 1.36033201217651 0.940465539693832 0.835233718156815 0.723375007510185 0.860023498535156 0.832033485174179 0.840105772018433 0.856598228216171 0.892587035894394 0.924072772264481 1.1047987639904 1.23808497190475 1.51258957386017 1.94670671224594 1.9970977306366 2.14536970853806 2.1737984418869 1.88787746429443 1.55291622877121 1.47999447584152 1.46133595705032 1.41048601269722 1.24630495905876 0.854474991559982 0.700034245848656 0.652580246329308 0.688755020499229 0.679894521832466 0.694797769188881 0.790254771709442 1.04576995968819 1.84628319740295 3.89040970802307 8.1293957233429 5.27868068218231 2.92222130298615 -9999 8.61892247200012 8.28268504142761 7.29459071159363 30.0050210952759 51.2762317657471 -9999 -9999 -9999 -9999 -9999 -9999 -9999 -9999 -9999
3.34873723983765 3.0609405040741 2.93108028173447 2.63297027349472 2.41372883319855 2.3718284368515 2.11698067188263 2.07077103853226 2.00463831424713 1.6730130314827 1.50186592340469 1.29350173473358 1.0302472114563 0.911613017320633 0.872588217258453 0.809612989425659 1.15147197246552 1.07428354024887 1.07367521524429 1.14596253633499 1.227647960186 1.50775194168091 1.93212908506393 1.93147498369217 1.93003195524216 2.09695869684219 2.13996666669846 2.09399253129959 2.08946996927261 2.3436666727066 2.10031056404114 1.93486869335175 1.90755146741867 1.59979569911957 1.17574203014374 0.921634465456009 0.785476505756378 0.712100252509117 0.653615981340408 0.709658995270729 0.860432267189026 1.49606922268867 2.26938450336456 4.64488935470581 5.86738729476929 3.627326130867 13.0900411605835 15.8015198707581 9.9616105556488 8.20485305786133 8.43661093711853 13.6012673377991 15.6184830665588 -9999 -9999 -9999 -9999 -9999 -9999 -9999 -9999 -9999
-9999 4.85589257329702 3.80568659305573 3.02856159210205 2.73475420475006 2.85468524694443 2.52394205331802 2.4501194357872 2.43407624959946 2.35059821605682 2.39427673816681 1.77997577190399 1.66872972249985 1.50357753038406 1.32409653067589 0.977257490158081 1.39569371938705 1.33272153139114 1.28496301174164 1.21824073791504 1.21283322572708 1.67921698093414 2.03226757049561 2.42834258079529 2.14803457260132 2.137386739254 2.24733978509903 2.24999767541885 2.55194842815399 2.93335050344467 3.32427513599396 2.77060282230377 2.19633221626282 1.53772723674774 1.11546528339386 1.00482451915741 0.894093006849289 0.814808964729309 0.84432452917099 0.855051040649414 1.04929053783417 1.24395900964737 2.37600231170654 4.24512004852295 4.64189779758453 -9999 5.90282452106476 12.2705426216125 16.9000768661499 9.53259015083313 16.2308006286621 14.4127292633057 14.113344669342 14.3255324363708 -9999 -9999 -9999 -9999 -9999 -9999 -9999 -9999
-9999 -9999 -9999 -9999 -9999 2.28387522697449 4.2386519908905 4.61258554458618 3.40230453014374 2.85577797889709 2.66045397520065 2.23588281869888 2.03680050373077 2.08015269041061 1.58408242464066 1.41887703537941 1.1863012611866 1.16064602136612 1.21057721972466 1.26254403591156 1.49142372608185 1.67722803354263 2.22981297969818 2.34800326824188 2.42529755830765 2.27530574798584 2.14100396633148 2.2388271689415 2.27046453952789 2.29588866233826 2.80635291337967 2.67082804441452 2.18670523166656 1.49707728624344 1.01953652501106 0.912683218717575 0.846257239580154 0.894054740667343 1.03145098686218 1.19312998652458 1.31487303972244 1.34961372613907 2.26527142524719 3.89511215686798 4.73289370536804 -9999 -9999 -9999 -9999 -9999 13.8575577735901 12.2340459823608 12.4114036560059 -9999 -9999 -9999 -9999 -9999 -9999 -9999 -9999 -9999
-9999 -9999 -9999 -9999 -9999 -9999 -9999 -9999 3.76187038421631 3.42876362800598 2.79536104202271 2.36812198162079 2.00521874427795 2.11307698488235 2.19535803794861 1.32109495997429 1.18487548828125 1.0918365418911 1.18845149874687 1.35942453145981 1.78687798976898 1.93754017353058 2.30029875040054 2.50091171264648 2.46648967266083 2.26554143428802 1.78144347667694 1.64235520362854 1.73941576480865 1.64277595281601 1.5896977186203 1.5365497469902 1.29462146759033 1.15673321485519 0.939688503742218 0.935764521360397 0.899344503879547 0.980116456747055 1.01077571511269 1.19747775793076 1.40330323576927 1.54393422603607 2.27321702241898 4.50093305110931 41.1435070037842 29.0682649612427 -9999 -9999 -9999 -9999 17.548882484436 12.6695637702942 10.8176929950714 15.4709672927856 20.0476384162903 18.6939940452576 -9999 -9999 -9999 -9999 -9999 -9999
-9999 -9999 -9999 -9999 -9999 -9999 -9999 -9999 -9999 -9999 3.36431908607483 2.35047519207001 2.20126497745514 2.14592546224594 2.19646579027176 1.61512506008148 1.34411779046059 1.0654402077198 0.975159019231796 1.21716526150703 1.41064578294754 1.51624882221222 1.55064457654953 1.86188918352127 1.73608946800232 1.56652504205704 1.41337797045708 1.14816302061081 1.25402399897575 1.03263303637505 1.0823940038681 1.13234102725983 1.0114454627037 0.959967792034149 0.968912243843079 1.01157599687576 1.019008487463 1.05063378810883 1.27358177304268 1.57277691364288 1.85456103086472 1.9944269657135 2.63987320661545 6.18297743797302 -9999 -9999 -9999 -9999 -9999 -9999 -9999 -9999 -9999 12.7624940872192 15.8147878646851 12.5628833770752 10.8786277770996 -9999 -9999 -9999 -9999 -9999
-9999 -9999 -9999 -9999 -9999 -9999 -9999 -9999 -9999 4.3704868555069 3.35625743865967 2.9835022687912 2.47222799062729 2.34132152795792 2.05634093284607 1.79183024168015 1.50689917802811 1.08260849118233 0.916655212640762 0.947715014219284 0.989167481660843 1.08332249522209 1.1261579990387 1.14763498306274 1.22755578160286 1.08682948350906 1.08702152967453 1.04658678174019 0.977831214666367 0.792771756649017 0.837450742721558 0.808417528867722 0.719393268227577 0.953092485666275 1.02828302979469 1.01966026425362 1.0166437625885 1.12471497058868 1.50730580091476 1.85634827613831 2.23579716682434 2.92260378599167 3.55308759212494 6.69132828712463 -9999 33.0447750091553 -9999 -9999 -9999 14.0751056671143 15.5244970321655 14.1121687889099 13.4802846908569 20.0408878326416 28.0938262939453 37.0503273010254 -9999 -9999 -9999 -9999 -9999 -9999
-9999 -9999 -9999 -9999 -9999 -9999 -9999 -9999 -9999 -9999 3.53262519836426 2.87721294164658 2.70393598079681 2.30575722455978 1.85992580652237 1.59631133079529 1.47332471609116 1.21872228384018 0.922135502099991 0.887847751379013 0.935203492641449 0.991475254297256 0.965571016073227 0.971675276756287 1.10221570730209 1.22816178202629 1.17008623480797 1.14351001381874 1.23092848062515 1.11361795663834 1.11019349098206 1.01662722229958 1.1023972928524 1.45745703577995 1.41985577344894 1.3124820291996 1.25201851129532 1.45764523744583 1.75956308841705 2.19932627677917 2.65074598789215 3.929323554039 6.44869422912598 9.00499176979065 -9999 -9999 -9999 -9999 -9999 -9999 13.9281005859375 13.002375125885 15.2181386947632 13.7559657096863 15.410327911377 -9999 -9999 -9999 -9999 -9999 -9999 -9999
-9999 -9999 -9999 -9999 -9999 -9999 -9999 -9999 -9999 3.67937564849854 3.11830043792725 2.17421543598175 1.85666173696518 1.88225698471069 1.46182501316071 1.35069599747658 1.07239124178886 1.0270724594593 0.915926992893219 0.870812237262726 0.996516734361649 1.05748128890991 0.932009249925613 0.85012874007225 0.88341897726059 0.967831492424011 1.07248422503471 1.17569401860237 1.38218253850937 1.40434724092484 1.52181905508041 1.70085829496384 1.72448623180389 1.49727523326874 1.46554201841354 1.44767475128174 1.38456523418427 1.55943220853806 1.82946074008942 2.12719720602036 2.90715605020523 6.35141658782959 6.92394661903381 6.07771097530018 3.86466658115387 -9999 -9999 -9999 -9999 -9999 18.1623903661966 13.7088103294373 14.167712688446 -9999 -9999 -9999 -9999 -9999 -9999 -9999 -9999 -9999
-9999 -9999 -9999 -9999 -9999 -9999 -9999 -9999 -9999 3.11344742774963 2.39896577596664 1.89510601758957 1.76976442337036 1.61250293254852 1.23764696717262 1.22851198911667 0.940681457519531 0.881435215473175 0.891119241714478 0.903430491685867 0.928587019443512 0.972139477729797 0.877505958080292 0.747711002826691 0.793223977088928 0.938272476196289 1.19438472390175 1.44241127371788 1.36471053957939 1.19133299589157 1.22919604182243 1.33659222722054 1.45269826054573 1.4630129635334 1.5154350399971 1.57297646999359 1.58753246068954 1.67405033111572 2.16855829954147 2.83530002832413 3.67912638187408 12.5239791870117 5.797083735466 -9999 3.86466693878174 -9999 -9999 -9999 -9999 12.1949715614319 -9999 -9999 -9999 -9999 -9999 -9999 -9999 -9999 -9999 -9999 -9999 -9999
-9999 -9999 -9999 -9999 -9999 -9999 -9999 -9999 -9999 2.55010575056076 1.82600408792496 1.57789206504822 1.68926256895065 1.54301404953003 1.32985800504684 1.25100222229958 1.0287592113018 0.946172207593918 0.916266739368439 0.965283751487732 0.897018760442734 0.789917975664139 0.779657274484634 0.794763743877411 0.916083008050919 1.25036171078682 1.5027015209198 1.65077555179596 1.5815504193306 1.37729251384735 1.26601874828339 1.23169800639153 1.29284021258354 1.4172847867012 1.56974691152573 1.7192879319191 2.01113623380661 2.23973768949509 2.54592525959015 3.4504941701889 5.9175614118576 8.63750195503235 -9999 -9999 -9999 -9999 -9999 -9999 -9999 -9999 -9999 -9999 -9999 -9999 -9999 -9999 -9999 -9999 -9999 -9999 -9999 -9999
-9999 -9999 -9999 -9999 -9999 -9999 -9999 -9999 -9999 2.45285618305206 1.88098651170731 1.7268893122673 1.83937883377075 1.51823258399963 1.48185002803802 1.37441924214363 1.10989648103714 0.927996754646301 0.911684989929199 0.88180348277092 0.797316044569016 0.706920012831688 0.741337493062019 0.829166293144226 0.982107728719711 1.43963849544525 1.68110257387161 1.71138828992844 1.64019745588303 1.53691577911377 1.42233449220657 1.37041050195694 1.42520776391029 1.53740841150284 1.69149219989777 2.08931851387024 2.53338146209717 3.23922908306122 3.80606389045715 6.01811027526855 9.64959597587585 3.3024009168148 -9999 -9999 -9999 -9999 -9999 -9999 -9999 -9999 -9999 -9999 -9999 -9999 -9999 -9999 -9999 -9999 -9999 -9999 -9999 -9999
-9999 -9999 -9999 -9999 -9999 -9999 -9999 3.28386068344116 3.50311875343323 2.55307352542877 2.14246952533722 1.9036973118782 1.92140024900436 1.41123676300049 1.29842922091484 1.06948801875114 0.923060238361359 0.852737277746201 0.796616971492767 0.815772771835327 0.824201971292496 0.798438727855682 0.742477521300316 0.854573965072632 1.21229177713394 1.68699967861176 1.70306843519211 1.68333756923676 1.65424650907516 1.53597754240036 1.49692046642303 1.41560697555542 1.42379996180534 1.45716521143913 1.61142218112946 2.33264476060867 2.95355772972107 5.85442578792572 6.92707657814026 11.1822667121887 -9999 5.69786846637726 3.25656187534332 -9999 -9999 -9999 -9999 -9999 -9999 -9999 -9999 -9999 -9999 -9999 -9999 -9999 -9999 -9999 -9999 -9999 -9999 -9999
-9999 -9999 -9999 -9999 -9999 -9999 4.18022310733795 4.07916820049286 3.69353413581848 2.51606476306915 2.26039355993271 2.14227819442749 2.11966198682785 1.69043254852295 1.26019129157066 1.06533300876617 0.931974738836288 0.946206718683243 0.901124238967896 1.09805470705032 1.25518199801445 1.26707553863525 0.864068984985352 1.19317951798439 1.79992496967316 2.04402297735214 1.65765005350113 1.48939874768257 1.49697375297546 1.42143970727921 1.3806277513504 1.41494849324226 1.57600575685501 1.87403619289398 2.31689018011093 5.05520761013031 5.9282820224762 6.59714484214783 4.28265166282654 -9999 -9999 -9999 -9999 -9999 -9999 -9999 -9999 -9999 -9999 -9999 -9999 -9999 -9999 -9999 -9999 -9999 -9999 -9999 -9999 -9999 -9999 -9999
-9999 -9999 -9999 -9999 4.22852861881256 4.45770692825317 4.05215620994568 3.75195908546448 2.51443058252335 2.07521027326584 2.03440654277802 2.25319057703018 2.20411491394043 1.79192626476288 1.30957353115082 1.03393346071243 0.971222251653671 0.982047021389008 1.14619275927544 1.37601748108864 1.45879724621773 1.12983897328377 0.924028515815735 1.21533903479576 2.30617797374725 1.97201102972031 1.64299356937408 1.44850578904152 1.4220629632473 1.36986753344536 1.4418862760067 1.57651126384735 1.58848124742508 1.82064002752304 3.77442455291748 5.52867007255554 6.48255443572998 10.3357092289442 -9999 -9999 -9999 -9999 -9999 -9999 -9999 -9999 -9999 -9999 -9999 -9999 -9999 -9999 -9999 -9999 -9999 -9999 -9999 -9999 -9999 -9999 -9999 -9999
-9999 -9999 -9999 -9999 5.01853787899017 4.49237608909607 3.84809982776642 3.58415257930756 2.43254470825195 1.94467198848724 1.76309698820114 2.12205219268799 1.93597197532654 1.61771106719971 1.1473867893219 0.956123292446136 0.881816267967224 0.897357791662216 1.04755729436874 1.04601976275444 0.914470463991165 0.90979278087616 0.916303485631943 1.2350250184536 2.11223924160004 1.49142596125603 1.31784975528717 1.33846798539162 1.20599323511124 1.19570776820183 1.49021324515343 1.64547443389893 2.08839297294617 3.96337187290192 7.79212260246277 8.96967315673828 12.562671661377 -9999 -9999 -9999 -9999 -9999 -9999 -9999 -9999 -9999 -9999 -9999 -9999 -9999 -9999 -9999 -9999 -9999 -9999 -9999 -9999 -9999 -9999 -9999 -9999 -9999
-9999 4.06979453974757 3.89960420131683 4.20757434368134 3.99921584129333 3.92214167118073 3.25971972942352 3.33124709129333 2.9577419757843 2.15673297643661 1.94129472970963 1.76653951406479 1.72651505470276 1.20456898212433 0.983354955911636 0.863179475069046 0.683553770184517 0.700069516897202 0.75128173828125 0.805498480796814 0.860720247030258 0.937635004520416 0.964111536741257 1.03687423467636 1.20507895946503 1.00856700539589 1.06173223257065 1.10160300135612 1.17409801483154 1.69914150238037 2.10067498683929 2.22127497196198 4.84530007839203 9.49969625473022 7.2176992893219 -9999 -9999 -9999 -9999 -9999 -9999 -9999 -9999 -9999 -9999 -9999 -9999 -9999 -9999 -9999 -9999 -9999 -9999 -9999 -9999 -9999 -9999 -9999 -9999 -9999 -9999 -9999
4.47978501970118 4.98748362064362 4.2589123249054 3.86873996257782 3.9837691783905 3.79819965362549 3.47410261631012 3.60491108894348 3.03885233402252 2.34872621297836 1.81809675693512 1.31688076257706 0.912093043327332 0.799632042646408 0.790309488773346 0.705483734607697 0.619554743170738 0.652187258005142 0.792758256196976 0.915069043636322 0.965385764837265 0.864089280366898 0.866685032844543 0.996009707450867 1.19668579101562 1.20875322818756 1.42574402689934 1.56519216299057 1.7725635766983 2.37526041269302 3.26729786396027 5.97518920898438 9.23241090774536 -9999 -9999 -9999 -9999 -9999 -9999 -9999 -9999 -9999 -9999 -9999 -9999 -9999 -9999 -9999 -9999 -9999 -9999 -9999 -9999 -9999 -9999 -9999 -9999 -9999 -9999 -9999 -9999 -9999
4.95956201986833 5.12814223766327 4.26910185813904 3.99101614952087 3.79013907909393 3.58469545841217 2.89266443252563 2.00723254680634 1.77093154191971 1.31843027472496 1.02203178405762 0.849732756614685 0.719328761100769 0.691471517086029 0.700671002268791 0.657322481274605 0.785022765398026 0.867984741926193 1.00754472613335 1.00405275821686 0.912971287965775 0.878829002380371 0.934927493333817 1.11127495765686 1.50284099578857 1.92628043889999 2.00625908374786 2.511738717556 3.260573387146 3.82908976078033 4.8684743642807 5.99766290187836 9.34759140014648 5.50424337387085 6.36827230453491 3.48978137969971 -9999 -9999 -9999 -9999 -9999 -9999 -9999 -9999 -9999 -9999 -9999 -9999 -9999 -9999 -9999 -9999 -9999 -9999 -9999 -9999 -9999 -9999 -9999 -9999 -9999 -9999
4.0165604352951 3.59121465682983 3.93670570850372 3.88708591461182 3.512540102005 2.59829252958298 1.91879993677139 1.19977274537086 1.23001572489738 1.13952979445457 0.82115176320076 0.70795351266861 0.68308424949646 0.774722278118134 0.735897749662399 0.782226741313934 0.89911875128746 1.07879626750946 1.04889678955078 1.00933420658112 0.857367753982544 0.880077034235001 1.05626848340034 1.42916402220726 2.11795198917389 2.45551425218582 2.81751304864883 3.40932905673981 4.63600945472717 4.96476209163666 3.32301807403564 -9999 -9999 -9999 -9999 -9999 -9999 -9999 -9999 -9999 -9999 -9999 -9999 -9999 -9999 -9999 -9999 -9999 -9999 -9999 -9999 -9999 -9999 -9999 -9999 -9999 -9999 -9999 -9999 -9999 -9999 -9999
4.95931363105774 5.56872582435608 6.39834237098694 5.54953944683075 4.62281405925751 3.69537377357483 3.32413351535797 2.41174882650375 2.36463296413422 1.62304580211639 0.929190784692764 0.668721735477448 0.720059260725975 0.734138980507851 0.886182010173798 1.05222147703171 1.12713673710823 1.13238224387169 0.936272263526917 0.984226495027542 0.985053777694702 1.1216025352478 1.41806852817535 1.93825882673264 2.72308945655823 3.02070736885071 3.43066263198853 3.96326637268066 4.56825077533722 4.70682692527771 4.54582858085632 4.59251117706299 -9999 -9999 -9999 -9999 -9999 -9999 13.3135442733765 12.6942715644836 -9999 -9999 -9999 -9999 -9999 -9999 -9999 -9999 -9999 -9999 -9999 -9999 -9999 -9999 -9999 -9999 -9999 -9999 -9999 -9999 -9999 -9999
15.1139402389526 29.3881044387817 13.4013333320618 7.62379574775696 4.66535234451294 2.88808279268203 2.40545140206814 3.35534834861755 2.81261694431305 1.65382719039917 0.961624503135681 0.740543246269226 0.785137474536896 0.78193125128746 0.940673232078552 1.06033426523209 1.05615448951721 0.940561473369598 0.926673710346222 1.32826048135757 1.52399396896362 1.81536448001862 2.03999626636505 2.85294896364212 3.11856150627136 3.18265950679779 3.45754337310791 3.77382910251617 4.15461909770966 3.81157350540161 4.40723483186019 3.42093944549561 -9999 -9999 -9999 -9999 -9999 -9999 -9999 -9999 -9999 -9999 -9999 -9999 -9999 -9999 -9999 -9999 -9999 -9999 -9999 -9999 -9999 -9999 -9999 -9999 -9999 -9999 -9999 -9999 -9999 -9999
-9999 -9999 -9999 -9999 -9999 3.34544871982775 3.31194663047791 2.86498653888702 1.86190044879913 1.05151954293251 0.874965012073517 0.861109524965286 0.820431768894196 0.92948779463768 0.981331497430801 0.976768523454666 1.08439126610756 1.16094821691513 1.32742720842361 1.76475745439529 1.98211348056793 2.48342996835709 2.93418520689011 3.32728636264801 3.3635265827179 3.45465588569641 -9999 -9999 -9999 -9999 -9999 -9999 -9999 -9999 -9999 -9999 -9999 -9999 -9999 -9999 -9999 -9999 -9999 -9999 -9999 -9999 -9999 -9999 -9999 -9999 -9999 -9999 -9999 -9999 -9999 -9999 -9999 -9999 -9999 -9999 -9999 -9999
-9999 -9999 -9999 -9999 -9999 -9999 2.08875221014023 2.12773132324219 1.22311127185822 1.0310632288456 1.06751328706741 1.24555349349976 1.37704503536224 1.30897128582001 1.55509650707245 2.09523296356201 2.26315802335739 1.94463300704956 1.78638231754303 2.42062497138977 2.73194700479507 2.74780654907227 2.59831202030182 4.23593016646125 -9999 -9999 -9999 -9999 -9999 -9999 -9999 -9999 -9999 -9999 -9999 -9999 -9999 -9999 -9999 -9999 -9999 -9999 -9999 -9999 -9999 -9999 -9999 -9999 -9999 -9999 -9999 -9999 -9999 -9999 -9999 -9999 -9999 -9999 -9999 -9999 -9999 -9999
