EcologicalScience/Bass/data/rs_data_bass/chl_25.asc
NCOLS 226 
NROWS 124 
XLLCORNER -9.41648524995501 
YLLCORNER 47.587301625531 
CELLSIZE 0.0833 
NODATA_value -9999 
[rows 54 to 80 of 124, columns 0 to 61 of 226]
-9999 -9999 -9999 -9999 -9999 -9999 -9999 -9999 -9999 -9999 -9999 -9999 -9999 -9999 -9999 -9999 -9999 -9999 -9999 -9999 -9999 -9999 -9999 -9999 -9999 -9999 -9999 -9999 -9999 -9999 -9999 -9999 -9999 -9999 -9999 -9999 -9999 -9999 4.29355841590114 2.56104716887841 4.22569879889488 3.88859671354294 2.05829203128815 1.04175153374672 1.05505275726318 1.00238424539566 2.14262545108795 1.9983959197998 1.54906725883484 1.53280806541443 3.67655539512634 1.1650732755661 1.11178350448608 1.29294973611832 1.57518517971039 1.79572570323944 2.20924043655396 2.58275091648102 -9999 0.607058599591255 0.62790758907795 -9999
-9999 -9999 -9999 -9999 -9999 -9999 -9999 -9999 -9999 -9999 -9999 -9999 -9999 -9999 -9999 -9999 -9999 -9999 -9999 -9999 -9999 -9999 -9999 -9999 -9999 -9999 -9999 -9999 -9999 -9999 -9999 -9999 -9999 -9999 -9999 -9999 -9999 -9999 -9999 1.84905937314034 3.76743569970131 4.00013110041618 2.38008368015289 2.34994840621948 1.58923655748367 1.58897405862808 1.76106154918671 1.26879072189331 1.21226620674133 1.17881324887276 0.990667462348938 0.919066518545151 1.09518823027611 1.27126121520996 1.89269918203354 2.12087094783783 2.57972459793091 -9999 -9999 -9999 -9999 -9999
-9999 -9999 -9999 -9999 -9999 -9999 -9999 -9999 -9999 -9999 -9999 -9999 -9999 -9999 -9999 -9999 -9999 -9999 -9999 -9999 -9999 -9999 -9999 -9999 -9999 -9999 -9999 -9999 -9999 -9999 -9999 -9999 -9999 -9999 -9999 -9999 -9999 -9999 -9999 -9999 2.5006510913372 3.33259990811348 2.64680510759354 6.6699686050415 6.15913224220276 2.15815722942352 1.62712043523788 0.882314264774323 0.883442223072052 0.923654973506927 0.916832238435745 0.911972969770432 1.04946970939636 1.1967000067234 1.47035551071167 1.8880028128624 2.25134325027466 2.64107769727707 2.60254883766174 -9999 -9999 -9999
-9999 -9999 -9999 -9999 -9999 -9999 -9999 -9999 -9999 -9999 -9999 -9999 -9999 -9999 -9999 -9999 -9999 -9999 -9999 -9999 -9999 -9999 -9999 -9999 -9999 -9999 -9999 -9999 -9999 -9999 -9999 -9999 -9999 -9999 -9999 -9999 -9999 -9999 -9999 -9999 1.84061363339424 3.3152362704277 3.09527966380119 6.43380117416382 5.57613015174866 1.84851533174515 1.45008453726768 0.984647244215012 0.967310965061188 1.03191223740578 0.981764227151871 0.872999221086502 0.965409010648727 1.12955403327942 1.28164198994637 1.18866446614265 1.32365325093269 1.70786100625992 1.93802243471146 4.70271241664886 2.88741624355316 -9999
-9999 -9999 -9999 -9999 -9999 -9999 -9999 -9999 -9999 -9999 -9999 -9999 -9999 -9999 -9999 -9999 -9999 -9999 -9999 -9999 -9999 -9999 -9999 -9999 -9999 -9999 -9999 -9999 -9999 -9999 -9999 -9999 -9999 -9999 -9999 -9999 -9999 -9999 -9999 -9999 -9999 2.63234657049179 2.69940823316574 2.51995557546616 5.08541393280029 2.65932673215866 1.5229514837265 1.34651926159859 1.23710775375366 1.22691974043846 1.08428853750229 0.885765731334686 0.97364929318428 0.976980775594711 0.997911751270294 0.943440020084381 1.03399577736855 1.36043098568916 4.88361239433289 13.0991249084473 9.51777935028076 -9999
-9999 -9999 -9999 -9999 -9999 -9999 -9999 -9999 -9999 -9999 -9999 -9999 -9999 -9999 -9999 -9999 -9999 -9999 -9999 -9999 -9999 -9999 -9999 -9999 -9999 -9999 -9999 -9999 -9999 -9999 -9999 -9999 -9999 -9999 -9999 -9999 -9999 -9999 -9999 -9999 -9999 3.64145517349243 2.44138318300247 2.41144847869873 1.09539672732353 1.20098027586937 1.25283595919609 1.21944227814674 1.21384271979332 0.875678211450577 0.779030978679657 0.725453227758408 0.8189437687397 0.904001981019974 0.969192713499069 1.01611196994781 1.7252025604248 2.9581326842308 3.16961932182312 -9999 -9999 -9999
-9999 -9999 -9999 -9999 -9999 -9999 -9999 -9999 -9999 -9999 -9999 -9999 -9999 -9999 -9999 -9999 -9999 -9999 -9999 -9999 -9999 -9999 -9999 -9999 -9999 -9999 -9999 -9999 -9999 -9999 -9999 -9999 -9999 -9999 -9999 -9999 -9999 -9999 -9999 -9999 2.94842621684074 2.73911780118942 2.30913025140762 1.49855250120163 1.27370846271515 1.11457496881485 1.17808797955513 1.15178775787354 0.95746573805809 0.833919793367386 0.824988037347794 0.724552497267723 0.846152275800705 0.968749523162842 1.07895746827126 1.16669252514839 1.46851578354836 -9999 -9999 2.96580451726913 2.82668620347977 3.6826343536377
-9999 -9999 -9999 -9999 -9999 -9999 -9999 -9999 -9999 -9999 -9999 -9999 -9999 -9999 -9999 -9999 -9999 -9999 -9999 -9999 -9999 -9999 -9999 -9999 -9999 -9999 -9999 -9999 -9999 -9999 -9999 -9999 -9999 -9999 -9999 -9999 -9999 -9999 -9999 2.41720028221607 2.75470572710037 2.3043674826622 1.70491388440132 0.882576763629913 0.887544751167297 0.936328500509262 1.09402495622635 1.04360327124596 0.929471969604492 0.860455513000488 0.799337267875671 0.759606778621674 0.77700001001358 0.848767518997192 1.1755665242672 1.66123199462891 1.60379558801651 2.23976844549179 2.32863306999207 1.641980946064 1.79474633932114 1.91637003421783
-9999 -9999 -9999 -9999 -9999 -9999 -9999 -9999 -9999 -9999 -9999 -9999 -9999 -9999 -9999 -9999 -9999 -9999 -9999 -9999 -9999 -9999 -9999 -9999 -9999 -9999 -9999 -9999 -9999 -9999 -9999 -9999 -9999 -9999 -9999 -9999 -9999 -9999 -9999 2.46887111663818 1.91806328296661 1.36458450555801 0.902357965707779 0.879957765340805 0.774603724479675 0.981283485889435 0.963303744792938 0.815483272075653 0.727609500288963 0.687290266156197 0.695438235998154 0.760578721761703 0.786130517721176 0.835141539573669 0.942546755075455 1.05918753147125 1.14970126748085 1.21536299586296 1.50597900152206 1.3259294629097 1.4519430398941 1.60863143205643
-9999 -9999 -9999 -9999 -9999 -9999 -9999 -9999 -9999 -9999 -9999 -9999 -9999 -9999 -9999 -9999 -9999 -9999 -9999 -9999 -9999 -9999 -9999 -9999 -9999 -9999 -9999 -9999 -9999 -9999 -9999 -9999 -9999 -9999 -9999 -9999 -9999 -9999 3.3000785112381 2.73642754554749 1.34460604190826 1.03209972381592 0.786570757627487 0.654045760631561 0.758856028318405 0.823940277099609 0.81949120759964 0.76997771859169 0.686865001916885 0.726419985294342 0.786526501178741 0.890154719352722 0.93044176697731 0.900507777929306 0.918069005012512 1.05266627669334 1.09839597344398 0.978715538978577 0.916131734848022 0.943791747093201 1.0041030049324 1.31929197907448
-9999 -9999 -9999 -9999 -9999 -9999 -9999 -9999 -9999 -9999 -9999 -9999 -9999 -9999 -9999 -9999 -9999 -9999 -9999 -9999 -9999 -9999 -9999 -9999 -9999 -9999 -9999 -9999 -9999 -9999 -9999 -9999 -9999 -9999 -9999 -9999 -9999 -9999 2.92041116952896 2.55662360787392 1.11482852697372 0.886715233325958 0.748189508914948 0.727529257535934 0.751818716526031 0.768965989351273 0.73132798075676 0.672260239720345 0.688472270965576 0.653850764036179 0.797396242618561 0.919491738080978 0.855818241834641 0.805233746767044 0.850424230098724 0.890406757593155 0.952255457639694 0.986585229635239 0.869805783033371 0.815823018550873 1.12437227368355 1.16768699884415
-9999 -9999 -9999 -9999 -9999 -9999 -9999 -9999 -9999 -9999 -9999 -9999 -9999 -9999 -9999 -9999 -9999 -9999 -9999 -9999 -9999 -9999 -9999 -9999 -9999 -9999 -9999 -9999 -9999 -9999 -9999 -9999 -9999 -9999 -9999 -9999 -9999 -9999 3.05053755640984 2.21736520528793 1.0026907324791 0.779056459665298 0.755068480968475 0.746861234307289 0.725429981946945 0.715780511498451 0.659093990921974 0.661295235157013 0.685689747333527 0.659261986613274 0.661136269569397 0.984150767326355 0.97216272354126 0.85624498128891 0.824072957038879 0.784653782844543 0.852656990289688 0.932013005018234 0.763508230447769 0.817072480916977 0.915632218122482 1.16754296422005
-9999 -9999 -9999 -9999 -9999 -9999 -9999 -9999 -9999 -9999 -9999 -9999 -9999 -9999 -9999 -9999 -9999 -9999 -9999 -9999 -9999 -9999 -9999 -9999 -9999 -9999 -9999 -9999 -9999 -9999 -9999 -9999 -9999 -9999 -9999 -9999 -9999 2.09942656755447 2.14294219017029 1.79622557759285 0.879319489002228 0.807442456483841 0.770213216543198 0.743247762322426 0.737297236919403 0.703747496008873 0.6939607411623 0.682420492172241 0.739168480038643 0.74404276907444 0.744831740856171 0.844171464443207 1.15093123912811 1.20531678199768 1.07751595973969 0.952158719301224 0.746969237923622 0.727646246552467 0.71883898973465 0.916017025709152 1.04204472899437 1.55847895145416
-9999 -9999 -9999 -9999 -9999 -9999 -9999 -9999 -9999 -9999 -9999 -9999 -9999 -9999 -9999 -9999 -9999 -9999 -9999 -9999 -9999 -9999 -9999 -9999 -9999 -9999 -9999 -9999 -9999 -9999 -9999 -9999 -9999 -9999 -9999 -9999 13.1987506242899 2.66640704870224 2.16809812188148 0.837662279605865 0.820013970136642 0.77243247628212 0.761728495359421 0.778227031230927 0.731820747256279 0.735921755433083 0.740347489714622 0.779440462589264 0.824693977832794 0.849461227655411 0.939783722162247 0.916440725326538 0.919431030750275 1.05559203028679 0.981024026870728 0.782173544168472 0.78450670838356 0.807603031396866 0.953752487897873 1.06301701068878 1.25222700834274 1.99817258119583
-9999 -9999 -9999 -9999 -9999 -9999 -9999 -9999 -9999 -9999 -9999 -9999 -9999 -9999 -9999 -9999 -9999 -9999 -9999 -9999 -9999 -9999 -9999 -9999 -9999 -9999 -9999 -9999 -9999 -9999 -9999 1.70141708850861 2.0043460222391 -9999 2.10493344068527 -9999 1.92767930030823 1.3228072822094 1.12293899059296 0.884843230247498 0.860837280750275 0.863998532295227 0.731205001473427 0.772373288869858 0.765645772218704 0.819905966520309 0.814240515232086 0.836936205625534 0.895243495702744 0.874563038349152 0.928272753953934 1.00142097473145 0.941978216171265 1.19536802172661 1.22987321019173 1.27269226312637 0.989678978919983 0.950297266244888 0.897696733474731 0.943071752786636 3.16199406981468 2.12779068946838
-9999 -9999 -9999 -9999 -9999 -9999 -9999 -9999 -9999 -9999 -9999 -9999 -9999 -9999 -9999 -9999 -9999 -9999 -9999 -9999 -9999 -9999 0.346259817481041 6.73408267327717 3.69173073768616 0.552001520991325 0.535520240664482 4.19011723995209 8.37441754341125 1.33692526817322 1.02825978398323 0.923328012228012 1.31766146421432 1.53399753570557 1.22947204113007 1.41723150014877 1.208400785923 0.934257030487061 0.918679475784302 0.871136248111725 1.02593252062798 0.80963471531868 0.77558246254921 0.798366039991379 0.811316281557083 0.864912003278732 0.840829521417618 0.88399350643158 0.953662544488907 0.993527233600616 1.16635572910309 1.32058721780777 1.37074720859528 1.33587822318077 1.41270527243614 1.58855617046356 2.33898147940636 1.44297221302986 2.5264878763872 -9999 -9999 -9999
-9999 -9999 -9999 -9999 -9999 -9999 -9999 -9999 -9999 -9999 -9999 -9999 -9999 -9999 -9999 -9999 -9999 -9999 -9999 -9999 -9999 -9999 1.68467754125595 1.25453511625528 0.383628755807877 0.474978759884834 0.546769514679909 0.637191742658615 0.688485011458397 0.747152253985405 0.707082018256187 0.745413735508919 0.951031476259232 1.1412869989872 1.00061702728271 0.895538985729218 0.903275996446609 0.95065650343895 0.814572751522064 0.91343629360199 0.967550218105316 0.922911733388901 0.972665280103683 1.06573051214218 1.03957271575928 0.963353991508484 1.02385202050209 1.03733021020889 1.0334535241127 1.153210490942 1.59216070175171 2.09949445724487 2.7638002038002 3.1115984916687 3.01098328828812 -9999 -9999 -9999 -9999 -9999 -9999 -9999
-9999 -9999 -9999 -9999 -9999 -9999 -9999 -9999 -9999 -9999 -9999 -9999 -9999 -9999 -9999 -9999 -9999 -9999 -9999 37.4510822296143 10.875152438879 0.358943246304989 0.383439749479294 0.607438981533051 0.693469762802124 0.866245478391647 0.52157923579216 0.958084523677826 0.669857248663902 0.757010221481323 0.847689718008041 1.02416548132896 1.18819051980972 2.13024830818176 0.91185450553894 0.94608673453331 0.861951738595963 0.948585748672485 0.906533986330032 1.06680598855019 0.962539494037628 0.938160002231598 1.15896221995354 1.24534651637077 1.14439728856087 1.03026527166367 1.07372546195984 1.36572825908661 1.75385695695877 1.77178055047989 6.17959499359131 -9999 -9999 -9999 -9999 -9999 -9999 -9999 -9999 -9999 -9999 -9999
-9999 -9999 -9999 -9999 -9999 -9999 -9999 -9999 -9999 -9999 -9999 -9999 -9999 -9999 -9999 -9999 -9999 6.32547318935394 2.66769905090332 0.732405737042427 0.590371504426003 0.345922507345676 0.53481712192297 0.592875011265278 0.466257020831108 0.510243728756905 0.685001984238625 0.921584218740463 0.908377468585968 1.01630625128746 1.03784921765327 0.99183002114296 1.15614902973175 1.52985298633575 0.977135270833969 1.05006971955299 0.873531013727188 0.99108749628067 1.35746777057648 1.18147203326225 1.25294771790504 1.32145276665688 1.35974022746086 1.09804728627205 1.05097576975822 1.19212201237679 1.18184995651245 2.23655104637146 2.78038430213928 2.29936498403549 2.41546869277954 -9999 -9999 -9999 -9999 -9999 -9999 -9999 -9999 -9999 -9999 -9999
-9999 -9999 -9999 -9999 -9999 -9999 -9999 -9999 -9999 -9999 -9999 -9999 -9999 -9999 1.89012032747269 6.21050369739532 5.85869884490967 2.32602649927139 1.17146191745996 0.935672789812088 0.510611996054649 0.743646953254938 0.556972503662109 1.13429474830627 0.522494271397591 0.489539265632629 0.533374518156052 0.543710991740227 0.761132955551147 1.07428953051567 1.16045397520065 1.10891398787498 1.02568200230598 1.17419850826263 1.19748678803444 1.61712008714676 1.49010524153709 1.2353909611702 0.964527010917664 0.916792541742325 0.962366223335266 0.998725533485413 1.01058974862099 0.878422468900681 0.968198239803314 1.16722047328949 1.25538074970245 1.83832347393036 1.88890045881271 2.08348578214645 17.4406533241272 13.2788695437568 -9999 -9999 -9999 -9999 -9999 -9999 -9999 -9999 -9999 -9999
-9999 -9999 -9999 -9999 -9999 -9999 -9999 -9999 -9999 -9999 -9999 4.18960869312286 2.00898605585098 6.55408877134323 3.00355243682861 1.29915076494217 0.932612985372543 0.537555885314941 0.662964761257172 0.572787746787071 0.551461681723595 0.554100014269352 2.04738450050354 0.868898212909698 1.72379404306412 0.814223259687424 0.804585725069046 0.638360247015953 0.534159019589424 0.56716351211071 0.706455767154694 0.806430727243423 1.25596949458122 1.28168928623199 1.28657323122025 1.35180974006653 1.17807528376579 0.9546217918396 0.92805603146553 0.881765216588974 0.914410471916199 0.898443728685379 0.926837235689163 0.850125789642334 0.948897778987885 1.12360346317291 1.17193874716759 1.35200250148773 1.13134127855301 1.98811197280884 1.71127051860094 -9999 -9999 -9999 -9999 -9999 2.70005088088124 3.61367845535278 3.82250368595123 3.91613638401031 8.27413116051601 -9999
-9999 -9999 -9999 -9999 -9999 -9999 -9999 -9999 -9999 4.58194708824158 2.02729126522618 1.11481201648712 0.313026756048203 0.646801516413689 0.507496520876884 0.654270753264427 0.667169228196144 0.704261228442192 0.954992294311523 0.711572259664536 0.448038764297962 0.378969758749008 0.450536996126175 0.439362019300461 0.786093771457672 0.48734924197197 0.392126262187958 0.425879269838333 0.486561745405197 0.45430500805378 0.473109751939774 0.444717764854431 0.941991001367569 1.06740671396255 1.09718102216721 1.03495573997498 1.06621125340462 1.10285174846649 1.11306595802307 1.0835272371769 1.05362471938133 1.12715023756027 1.08110252022743 0.90966072678566 0.963697493076324 0.968362480401993 0.987219035625458 0.907635033130646 0.989894986152649 1.48278898000717 1.77945291996002 2.09697300195694 2.44282793998718 2.25801676511765 2.99767756462097 3.15031984448433 2.71327570080757 2.38845598697662 3.47348392009735 2.7823204100132 3.21922248601913 -9999
-9999 -9999 -9999 -9999 -9999 0.514351934194565 1.06626528501511 0.785170465707779 0.619263768196106 0.35640375316143 0.415043994784355 0.416628733277321 0.542768999934196 0.567342013120651 0.601671740412712 0.635155498981476 0.670539736747742 0.713954240083694 0.604866743087769 0.467673763632774 0.461042985320091 0.368234999477863 0.335678994655609 0.317493751645088 0.296081990003586 0.530692487955093 0.491857498884201 0.475538983941078 0.49439924955368 0.545407488942146 0.485743492841721 0.721062764525414 1.01787078380585 0.803422540426254 0.80935201048851 1.0058197081089 1.04660627245903 0.972731977701187 1.05610352754593 1.25537252426147 1.30714273452759 1.19677501916885 1.02729973196983 0.933576017618179 0.82538777589798 0.844783544540405 0.861892461776733 0.839579969644547 0.951888710260391 1.19353348016739 1.38556954264641 1.69136846065521 1.91990768909454 2.2623735666275 1.64373832941055 1.79639768600464 1.88809883594513 2.04284691810608 3.08763670921326 3.43149590492249 4.32810151576996 6.08104848861694
-9999 -9999 -9999 -9999 -9999 0.962462961673737 0.810977250337601 0.680447235703468 0.59283073246479 0.681052520871162 0.6849495023489 0.735209986567497 0.811857730150223 0.722127735614777 0.610423520207405 0.586080014705658 0.560093253850937 0.571331262588501 0.6470917314291 0.626039251685143 0.536735236644745 0.478116765618324 0.337417490780354 0.288277499377728 0.280002750456333 0.46578074991703 0.748361259698868 0.757510542869568 0.711592510342598 0.722935482859612 0.78344401717186 0.875074535608292 0.917227506637573 1.00479224324226 1.03775095939636 1.08490347862244 1.26833626627922 1.23854997754097 1.82168930768967 1.46595150232315 1.31135103106499 1.23950099945068 0.9349664747715 0.92587423324585 0.866106033325195 0.778323769569397 0.833598732948303 0.805188775062561 0.863395482301712 0.885605245828629 1.06527829170227 1.15531647205353 1.30304476618767 1.35033452510834 1.22095799446106 1.1657939851284 1.28496596217155 1.30856546759605 2.14696204662323 2.28279376029968 2.63486176729202 3.16260659694672
-9999 -9999 -9999 -9999 -9999 0.771018773317337 0.72750149667263 0.741787478327751 0.773691773414612 0.807686269283295 0.700119003653526 0.672762751579285 0.573903009295464 0.543155997991562 0.556596010923386 0.578035488724709 0.505187228322029 0.495182991027832 0.563421741127968 0.58883173763752 0.473102241754532 0.468374982476234 0.320731490850449 0.283624492585659 0.284541741013527 0.322636507451534 0.554700002074242 0.663222759962082 0.722279235720634 0.709118261933327 0.687228754162788 0.889213532209396 1.00622847676277 1.13509422540665 1.30038222670555 1.12211322784424 1.12589326500893 1.41922053694725 1.62266403436661 1.39954948425293 1.19321402907372 1.13286978006363 1.04746574163437 0.90633898973465 0.817444503307343 0.695539489388466 0.694512739777565 0.77634671330452 0.788103014230728 0.811691969633102 0.805772960186005 0.834026992321014 0.82224977016449 0.874988973140717 0.876381754875183 0.885324776172638 0.940228521823883 1.10228472948074 1.19683501124382 1.46164950728416 1.52719724178314 1.88815122842789
-9999 -9999 -9999 -9999 -9999 0.796131759881973 0.898667961359024 0.765929996967316 0.626495987176895 0.825757473707199 0.51384861767292 0.689703762531281 0.751469224691391 0.738507762551308 0.691429495811462 0.623721018433571 0.55799925327301 0.724754244089127 0.602690264582634 0.350474998354912 0.341102242469788 0.318287260830402 0.300438746809959 0.28855499625206 0.418773751705885 0.572260122746229 0.693564355373383 0.522795751690865 0.66711451113224 0.601404771208763 0.678638979792595 0.663565501570702 0.800120294094086 0.996004521846771 1.11645376682281 1.32091578841209 1.30070927739143 1.23047778010368 1.20547726750374 1.00762796401978 0.994670212268829 1.10062345862389 1.04007822275162 0.835296034812927 0.763808995485306 0.679941728711128 0.6458939909935 0.791470527648926 0.873573750257492 0.831174731254578 0.752751767635345 0.773201286792755 0.774690717458725 0.669158264994621 0.703074753284454 1.07097145915031 1.05379128456116 1.09220176935196 1.15990501642227 1.5668722987175 1.64226150512695 1.70388454198837
-9999 -9999 -9999 -9999 -9999 0.683737501502037 0.996317267417908 0.800370723009109 0.589809760451317 0.512924239039421 0.581569477915764 0.744470983743668 0.668594241142273 0.536767512559891 0.47646751999855 0.494117259979248 0.426966771483421 0.413676738739014 0.353625744581223 0.314237996935844 0.311230503022671 0.308598741889 0.333547119051218 0.335041880607605 0.518396638333797 0.71848426759243 0.718715250492096 0.626146137714386 0.465697512030602 0.4634850025177 0.430571258068085 0.613861486315727 0.778229266405106 0.939663022756577 0.937712967395782 1.13832378387451 1.31954178214073 1.52062207460403 1.22860953211784 1.06619703769684 0.834896206855774 0.901658982038498 0.79280698299408 0.726621732115746 0.732534751296043 0.709396496415138 0.727589249610901 0.748482763767242 0.451786503195763 0.503811746835709 0.752496778964996 0.920824527740479 0.69955350458622 0.697492495179176 1.01593047380447 1.12449824810028 1.22527429461479 1.17181947827339 1.22554126381874 1.44778427481651 1.46747177839279 1.77820873260498
