EcologicalScience/Bass/data/rs_data_bass/chl_30.asc
NCOLS 226 
NROWS 124 
XLLCORNER -9.41648524995501 
YLLCORNER 47.587301625531 
CELLSIZE 0.0833 
NODATA_value -9999 
[rows 54 to 80 of 124, columns 0 to 61 of 226]
-9999 -9999 -9999 -9999 -9999 -9999 -9999 -9999 -9999 -9999 -9999 -9999 -9999 -9999 -9999 -9999 -9999 -9999 -9999 -9999 -9999 -9999 -9999 -9999 -9999 -9999 -9999 -9999 -9999 -9999 -9999 -9999 -9999 -9999 -9999 -9999 -9999 -9999 4.30860420147261 2.53325563210707 1.91677017509937 1.77020475268364 1.63081723451614 1.52577066421509 1.23559615015984 1.17851623892784 1.16154898703098 1.17220611870289 0.770223766565323 0.880094289779663 0.858938276767731 0.958947747945786 1.04246851801872 1.33602073788643 1.64363694190979 1.85585331916809 2.15131956338882 2.0874143242836 -9999 0.607058599591255 0.62790758907795 -9999
-9999 -9999 -9999 -9999 -9999 -9999 -9999 -9999 -9999 -9999 -9999 -9999 -9999 -9999 -9999 -9999 -9999 -9999 -9999 -9999 -9999 -9999 -9999 -9999 -9999 -9999 -9999 -9999 -9999 -9999 -9999 -9999 -9999 -9999 -9999 -9999 -9999 -9999 -9999 2.28123842179775 1.87259213626385 1.73446382582188 1.87400257587433 1.90157318115234 1.91732633113861 1.4694187939167 1.24393129348755 1.01199522614479 0.8892562687397 0.973795473575592 1.02333149313927 1.14179925620556 1.10198628902435 1.34924921393394 1.64289826154709 1.71119105815887 2.08186733722687 -9999 -9999 -9999 -9999 -9999
-9999 -9999 -9999 -9999 -9999 -9999 -9999 -9999 -9999 -9999 -9999 -9999 -9999 -9999 -9999 -9999 -9999 -9999 -9999 -9999 -9999 -9999 -9999 -9999 -9999 -9999 -9999 -9999 -9999 -9999 -9999 -9999 -9999 -9999 -9999 -9999 -9999 -9999 -9999 -9999 1.75360009074211 1.73154446482658 1.6034958511591 2.42293274402618 2.38493102788925 1.51277393102646 1.51868104934692 1.52084630727768 1.16124004125595 0.822396755218506 1.1470747590065 1.26908925175667 1.36056751012802 1.58179503679276 1.77784502506256 1.98808282613754 2.09198766946793 2.85167473554611 2.60254883766174 -9999 -9999 -9999
-9999 -9999 -9999 -9999 -9999 -9999 -9999 -9999 -9999 -9999 -9999 -9999 -9999 -9999 -9999 -9999 -9999 -9999 -9999 -9999 -9999 -9999 -9999 -9999 -9999 -9999 -9999 -9999 -9999 -9999 -9999 -9999 -9999 -9999 -9999 -9999 -9999 -9999 -9999 -9999 2.2969201952219 1.97373408079147 2.00782057642937 2.03081658482552 2.5648627281189 1.57634103298187 1.48738127946854 1.5048149228096 1.36093577742577 1.1511390209198 0.894731283187866 1.08171978592873 1.2017474770546 1.34889453649521 1.45889854431152 1.57443755865097 1.96040993928909 2.40506029129028 3.34596812725067 3.8891236782074 3.25657224655151 -9999
-9999 -9999 -9999 -9999 -9999 -9999 -9999 -9999 -9999 -9999 -9999 -9999 -9999 -9999 -9999 -9999 -9999 -9999 -9999 -9999 -9999 -9999 -9999 -9999 -9999 -9999 -9999 -9999 -9999 -9999 -9999 -9999 -9999 -9999 -9999 -9999 -9999 -9999 -9999 -9999 -9999 2.03973340988159 1.94502192735672 2.14683455228806 2.02385026216507 2.16513007879257 1.87771117687225 1.38014853000641 1.36969202756882 1.06828352808952 0.912694483995438 0.856806725263596 0.944469004869461 1.05396822094917 1.170350253582 1.13723623752594 1.5613905787468 2.01520496606827 2.7416655421257 3.49681127071381 3.48137712478638 -9999
-9999 -9999 -9999 -9999 -9999 -9999 -9999 -9999 -9999 -9999 -9999 -9999 -9999 -9999 -9999 -9999 -9999 -9999 -9999 -9999 -9999 -9999 -9999 -9999 -9999 -9999 -9999 -9999 -9999 -9999 -9999 -9999 -9999 -9999 -9999 -9999 -9999 -9999 -9999 -9999 -9999 3.27648264169693 2.26725447177887 2.32499063014984 1.91511672735214 1.73621553182602 1.61518800258636 1.30088701844215 1.26357373595238 1.03201800584793 0.923420995473862 0.888137251138687 0.954460501670837 1.00133702158928 1.04310527443886 1.1652344763279 1.38125324249268 1.82599496841431 1.94914358854294 -9999 -9999 -9999
-9999 -9999 -9999 -9999 -9999 -9999 -9999 -9999 -9999 -9999 -9999 -9999 -9999 -9999 -9999 -9999 -9999 -9999 -9999 -9999 -9999 -9999 -9999 -9999 -9999 -9999 -9999 -9999 -9999 -9999 -9999 -9999 -9999 -9999 -9999 -9999 -9999 -9999 -9999 -9999 2.67349344491959 2.76919502019882 2.38689449429512 1.79553186893463 1.48644299805164 1.36887337267399 1.38763198256493 1.24866145849228 1.28293427824974 1.02495673298836 0.905371516942978 0.957241505384445 1.07912251353264 0.977301031351089 1.07015177607536 1.32161173224449 1.4886240363121 -9999 -9999 2.78149768710136 3.66855990886688 5.06225788593292
-9999 -9999 -9999 -9999 -9999 -9999 -9999 -9999 -9999 -9999 -9999 -9999 -9999 -9999 -9999 -9999 -9999 -9999 -9999 -9999 -9999 -9999 -9999 -9999 -9999 -9999 -9999 -9999 -9999 -9999 -9999 -9999 -9999 -9999 -9999 -9999 -9999 -9999 -9999 2.32154678553343 2.45450699329376 2.37042635679245 1.952143907547 1.72392073273659 1.15987202525139 1.27041301131248 1.40921178460121 1.28582328557968 1.15986746549606 0.837933719158173 0.846613526344299 0.890209525823593 0.928491711616516 0.984202533960342 1.01353651285172 0.985718250274658 1.45442327857018 1.74585521221161 1.82634454965591 2.26187324523926 2.6048047542572 3.18706941604614
-9999 -9999 -9999 -9999 -9999 -9999 -9999 -9999 -9999 -9999 -9999 -9999 -9999 -9999 -9999 -9999 -9999 -9999 -9999 -9999 -9999 -9999 -9999 -9999 -9999 -9999 -9999 -9999 -9999 -9999 -9999 -9999 -9999 -9999 -9999 -9999 -9999 -9999 -9999 3.15110850334167 2.00789549946785 1.94937112927437 1.59082536399364 1.50339071452618 1.26720187067986 1.32014474272728 1.26820948719978 1.00697028636932 0.921520471572876 0.824492275714874 0.826020777225494 0.823687523603439 0.871595978736877 0.907145977020264 1.05955123901367 1.2864862382412 1.41726297140121 1.61925154924393 1.90506148338318 2.19629770517349 2.12166666984558 1.87593680620193
-9999 -9999 -9999 -9999 -9999 -9999 -9999 -9999 -9999 -9999 -9999 -9999 -9999 -9999 -9999 -9999 -9999 -9999 -9999 -9999 -9999 -9999 -9999 -9999 -9999 -9999 -9999 -9999 -9999 -9999 -9999 -9999 -9999 -9999 -9999 -9999 -9999 -9999 3.60241860151291 2.65777239203453 1.90261879563332 1.29602926969528 1.16879171133041 1.05947774648666 1.03670024871826 1.06783273816109 0.95437279343605 0.949784964323044 0.784681499004364 0.73334701359272 0.860200524330139 0.93534529209137 0.909855008125305 0.965763777494431 1.13040599226952 1.2902939915657 1.39614003896713 1.41876071691513 1.55894333124161 1.81187474727631 1.76082301139832 1.9133625626564
-9999 -9999 -9999 -9999 -9999 -9999 -9999 -9999 -9999 -9999 -9999 -9999 -9999 -9999 -9999 -9999 -9999 -9999 -9999 -9999 -9999 -9999 -9999 -9999 -9999 -9999 -9999 -9999 -9999 -9999 -9999 -9999 -9999 -9999 -9999 -9999 -9999 -9999 2.57466781139374 2.30053201317787 1.04674199223518 1.34362801909447 1.0815164744854 1.04725429415703 1.0509472489357 1.05768227577209 0.859277218580246 0.762626230716705 0.68707649409771 0.652976989746094 0.749199002981186 0.829784274101257 0.881652742624283 0.968390285968781 0.983931720256805 1.0687709748745 1.25573095679283 1.45230978727341 1.31595826148987 1.37507021427155 1.50427043437958 1.69837206602097
-9999 -9999 -9999 -9999 -9999 -9999 -9999 -9999 -9999 -9999 -9999 -9999 -9999 -9999 -9999 -9999 -9999 -9999 -9999 -9999 -9999 -9999 -9999 -9999 -9999 -9999 -9999 -9999 -9999 -9999 -9999 -9999 -9999 -9999 -9999 -9999 -9999 -9999 2.60391971468925 1.00707453489304 1.09001246094704 1.0325580239296 0.888656973838806 0.963572233915329 0.984753727912903 1.01681023836136 1.08196574449539 0.855960756540298 0.777254283428192 0.754465520381927 0.780836284160614 0.838183522224426 0.821503490209579 0.816995233297348 0.887135982513428 1.00248751044273 1.02906149625778 1.1311057806015 1.19365873932838 1.26200929284096 1.25229674577713 1.7146298289299
-9999 -9999 -9999 -9999 -9999 -9999 -9999 -9999 -9999 -9999 -9999 -9999 -9999 -9999 -9999 -9999 -9999 -9999 -9999 -9999 -9999 -9999 -9999 -9999 -9999 -9999 -9999 -9999 -9999 -9999 -9999 -9999 -9999 -9999 -9999 -9999 -9999 3.45244914293289 2.6736333668232 1.1780047416687 0.895219534635544 0.79525351524353 0.748883262276649 0.87279112637043 1.16178900003433 1.12488001585007 1.53355944156647 0.889650732278824 0.780103504657745 0.757876485586166 0.893759965896606 1.00856772065163 0.855752259492874 0.828181475400925 0.786204725503922 0.793511241674423 0.966477781534195 0.896447271108627 0.943710029125214 1.06015196442604 1.18840196728706 1.71171677112579
-9999 -9999 -9999 -9999 -9999 -9999 -9999 -9999 -9999 -9999 -9999 -9999 -9999 -9999 -9999 -9999 -9999 -9999 -9999 -9999 -9999 -9999 -9999 -9999 -9999 -9999 -9999 -9999 -9999 -9999 -9999 -9999 -9999 -9999 -9999 -9999 6.61936274858621 2.5792818069458 2.3950200676918 1.0100220143795 0.883332788944244 0.980659514665604 1.04802829027176 0.930164963006973 0.749540269374847 0.798974275588989 0.736067265272141 0.767461538314819 0.715991243720055 0.710314482450485 0.628613993525505 0.909794211387634 0.815458506345749 0.862529218196869 0.922386020421982 0.857690960168839 0.637303501367569 1.13228738307953 0.765658468008041 1.23297227919102 1.41415724158287 2.01162153482437
-9999 -9999 -9999 -9999 -9999 -9999 -9999 -9999 -9999 -9999 -9999 -9999 -9999 -9999 -9999 -9999 -9999 -9999 -9999 -9999 -9999 -9999 -9999 -9999 -9999 -9999 -9999 -9999 -9999 -9999 -9999 2.0275065600872 1.58030645205424 -9999 2.10493344068527 -9999 1.94443891140131 1.09981352090836 1.06481927633286 1.2710707783699 1.10587272047997 1.13428428769112 0.991448253393173 0.881840229034424 0.989917516708374 0.952412277460098 0.889050722122192 0.753955543041229 0.722396984696388 0.814565241336823 0.803125530481339 0.887258291244507 0.847355961799622 0.858074963092804 0.815510988235474 1.17675299942493 1.2651210129261 1.47509774565697 1.61428834497929 1.72861535847187 1.82363745570183 2.04165190458298
-9999 -9999 -9999 -9999 -9999 -9999 -9999 -9999 -9999 -9999 -9999 -9999 -9999 -9999 -9999 -9999 -9999 -9999 -9999 -9999 -9999 -9999 0.346259817481041 8.5179585814476 3.00806307792664 3.00921964645386 7.24722647666931 6.7953085899353 2.96456471085548 1.83767777681351 1.13681101799011 1.19756662845612 1.26271797716618 1.16391487419605 1.20059251785278 1.36136770248413 0.872840255498886 0.918586492538452 0.939352512359619 1.04882320761681 0.98982372879982 0.934641748666763 0.928730249404907 0.895797729492188 0.857863515615463 0.929931789636612 0.93892577290535 0.965159207582474 0.973159521818161 1.01547521352768 1.06441122293472 1.18506225943565 1.3556587100029 1.34029653668404 0.9271200299263 1.5366570353508 1.8104385137558 1.96838441491127 2.52511335821713 -9999 -9999 -9999
-9999 -9999 -9999 -9999 -9999 -9999 -9999 -9999 -9999 -9999 -9999 -9999 -9999 -9999 -9999 -9999 -9999 -9999 -9999 -9999 -9999 -9999 0.834003008902073 1.95411296188831 2.27665650844574 1.53330677747726 1.26937347650528 1.18842145800591 1.71374094486237 2.99986803531647 0.824754752218723 0.808285474777222 1.01270851492882 1.0207387804985 1.09816128015518 0.84683096408844 0.901828497648239 0.967157274484634 1.08231371641159 1.00038295984268 0.995809525251389 1.07027846574783 0.877649992704391 0.878970712423325 0.880231529474258 1.08502578735352 1.02429521083832 1.00981271266937 1.01234176754951 1.08820196986198 1.26449471712112 1.49604222178459 1.70763516426086 1.77368545532227 2.14656429290771 -9999 -9999 -9999 -9999 -9999 -9999 -9999
-9999 -9999 -9999 -9999 -9999 -9999 -9999 -9999 -9999 -9999 -9999 -9999 -9999 -9999 -9999 -9999 -9999 -9999 -9999 36.5738055993404 8.6419064104557 3.02060616016388 1.17262047529221 0.660911232233047 0.610589236021042 0.633169502019882 0.704626500606537 0.719582229852676 0.635334759950638 0.724589243531227 0.774429738521576 0.805229276418686 0.669821240007877 0.939877510070801 1.0627732872963 0.931041777133942 0.923085004091263 0.927705019712448 1.06692454218864 1.10459849238396 1.06150048971176 0.932528257369995 0.863765269517899 0.835647761821747 0.838751971721649 0.904541999101639 1.08381074666977 1.06245222687721 1.07126846909523 1.20230171084404 1.50361204147339 -9999 -9999 -9999 -9999 -9999 -9999 -9999 -9999 -9999 -9999 -9999
-9999 -9999 -9999 -9999 -9999 -9999 -9999 -9999 -9999 -9999 -9999 -9999 -9999 -9999 -9999 -9999 -9999 7.92604444921017 5.64746761322021 4.8773467540741 2.48506951332092 1.30994027853012 1.06143450737 0.584728494286537 0.510938242077827 0.51120226085186 0.537105739116669 0.525207012891769 0.594134241342545 0.594603002071381 0.578103750944138 0.562540501356125 0.781614035367966 0.850787222385406 0.740488864481449 0.99542024731636 0.953288286924362 0.977850705385208 1.1148127913475 0.959133714437485 0.890960991382599 0.900581985712051 0.864734262228012 0.765513718128204 0.803562730550766 0.974454760551453 1.14834371209145 1.30955475568771 1.20453304052353 1.62135283648968 1.85805380344391 -9999 -9999 -9999 -9999 -9999 -9999 -9999 -9999 -9999 -9999 -9999
-9999 -9999 -9999 -9999 -9999 -9999 -9999 -9999 -9999 -9999 -9999 -9999 -9999 -9999 2.48406368494034 1.5458410307765 1.16206572577357 1.35054677724838 2.09391832351685 0.692894250154495 0.687720000743866 0.858343541622162 0.457946240901947 0.433320745825768 0.425458520650864 0.432683229446411 0.560337737202644 0.763433218002319 0.481019988656044 0.487560018897057 0.470455482602119 0.731390252709389 0.933851212263107 0.943737030029297 0.766061268746853 0.81344099342823 1.16923427581787 1.06331473588943 0.982471525669098 0.917159289121628 0.820343971252441 0.671738997101784 0.756054013967514 0.92518275976181 0.997079282999039 1.03338673710823 1.07022821903229 1.17339000105858 1.03952774405479 1.11694577336311 1.35177299380302 3.65401359966823 -9999 -9999 -9999 -9999 -9999 -9999 -9999 -9999 -9999 -9999
-9999 -9999 -9999 -9999 -9999 -9999 -9999 -9999 -9999 -9999 -9999 4.58919615192073 1.94051590561867 2.5811385512352 1.72277408838272 0.806439019739628 0.856302738189697 0.627382513135672 0.788498818874359 0.552158810198307 0.470903232693672 0.419851496815681 0.396908238530159 0.443085014820099 0.472856998443604 0.528883516788483 0.425902515649796 0.445518761873245 0.445342876017094 0.404749497771263 0.464975997805595 0.494928002357483 0.564185991883278 0.780153751373291 0.679162882268429 0.787433624267578 0.889462128281593 0.840745523571968 0.74321287125349 0.7175482660532 0.772455722093582 0.708372741937637 0.883008778095245 0.850840508937836 0.869373768568039 0.886853277683258 0.987511485815048 1.10741025209427 1.8557560890913 1.82907489538193 1.94087738916278 -9999 -9999 -9999 -9999 -9999 2.77693712378657 5.57050931453705 13.157989025116 7.45301914215088 11.625844166829 -9999
-9999 -9999 -9999 -9999 -9999 -9999 -9999 -9999 -9999 1.89211732149124 1.82731682158286 1.81405341625214 1.34169521927834 1.3370009958744 0.897694498300552 0.730220228433609 0.809357285499573 1.40108245611191 0.433548018336296 0.432297371327877 0.415438503026962 0.471188262104988 0.408473622053862 0.45719401538372 0.442086741328239 0.40149749815464 0.427852481603622 0.51511949300766 0.43487249314785 0.452586740255356 0.472359761595726 0.508810490369797 0.585788257420063 0.712992757558823 0.738420367240906 0.745808243751526 0.892591506242752 0.696534007787704 0.714059248566628 0.762008249759674 0.683273255825043 0.852021038532257 0.643204495310783 0.945273756980896 1.097342222929 0.885673463344574 1.15225428342819 1.21820703148842 0.939092248678207 1.13207213580608 1.11183672398329 1.83473141491413 1.76869106292725 2.36737057566643 1.88271483778954 2.21143698692322 2.04320624470711 3.55632537603378 4.25853949785233 3.18101558089256 3.3687205016613 -9999
-9999 -9999 -9999 -9999 -9999 0.822344273328781 1.04356196522713 1.2220995426178 1.84245443344116 1.32581403851509 1.42162272334099 1.13217902183533 0.655561521649361 0.809542536735535 0.62371426820755 0.542178019881248 0.495586484670639 0.482094749808311 0.559919267892838 0.470906250178814 0.421021521091461 0.430198520421982 0.433603495359421 0.419012993574142 0.430493250489235 0.442197740077972 0.468672730028629 0.490818746387959 0.491296514868736 0.531404256820679 0.694505229592323 0.788143515586853 0.708827242255211 0.890181005001068 1.21179673075676 1.08919653296471 1.07233652472496 0.573467239737511 0.690906018018723 0.736332759261131 0.765509247779846 0.653212487697601 0.591441750526428 0.981886237859726 1.33011147379875 0.85675086826086 1.17565351724625 1.14102298021317 0.933452993631363 1.01482728123665 1.23622047901154 1.23979613184929 1.43608841300011 1.56950622797012 1.69558610022068 1.8444776237011 1.65246605873108 1.78753463923931 2.04449316859245 2.24964183568954 2.25994196534157 2.48912063241005
-9999 -9999 -9999 -9999 -9999 0.649458736181259 0.657776243984699 0.755126237869263 0.523911729454994 0.637857735157013 0.502028994262218 0.404612258076668 0.523584008216858 0.525058507919312 0.46834123134613 0.54058501124382 0.548645988106728 0.472747497260571 0.460287384688854 0.39996150881052 0.402971997857094 0.445331230759621 0.272151745855808 0.292032010853291 0.406505238264799 0.448581732809544 0.379469230771065 0.44879324734211 0.480603754520416 0.576120749115944 0.932732999324799 0.969914227724075 1.15445324778557 1.04784750938416 1.21268472075462 0.648760870099068 0.526500016450882 0.588028505444527 0.703511238098145 0.743410483002663 0.695520758628845 0.676837496459484 0.69396299123764 0.851591020822525 0.94804772734642 0.410356521606445 0.434754744172096 0.529139265418053 0.564471736550331 0.657852753996849 0.847619265317917 0.476849243044853 1.33723238110542 1.32124610245228 1.35073953866959 1.27731603384018 1.30919887125492 1.35202427208424 0.784454226493835 0.680324256420135 0.730888500809669 1.92180481553078
-9999 -9999 -9999 -9999 -9999 0.491140499711037 0.478630118072033 0.426653981208801 0.429424479603767 0.426135018467903 0.478944763541222 0.455714240670204 0.463998734951019 0.477181501686573 0.442228876054287 0.441821247339249 0.397867485880852 0.436347171664238 0.424023762345314 0.423332244157791 0.402570739388466 0.387762755155563 0.294024758040905 0.417129009962082 0.430900879204273 0.443043373525143 0.486738011240959 0.481843516230583 0.535013258457184 0.6769739985466 1.13410797715187 2.78654032945633 1.19203653931618 1.5812212228775 0.617645636200905 0.688299357891083 0.720691882073879 0.734926521778107 0.746163748204708 0.875733330845833 0.610766641795635 0.510052487254143 0.443288996815681 0.595673248171806 0.529633484780788 0.393374249339104 0.368649758398533 0.418724253773689 0.453457519412041 0.46433025598526 0.482227519154549 0.474109500646591 1.00326599925756 0.893217757344246 0.895164728164673 0.872849620878696 0.920265018939972 0.994009897112846 1.16404201090336 1.38769653439522 1.64523446559906 1.80268576741219
-9999 -9999 -9999 -9999 -9999 0.446950480341911 0.48751200735569 0.504990756511688 0.468375742435455 0.518960237503052 0.527850732207298 0.532475978136063 0.465367510914803 0.483383238315582 0.536753252148628 0.526636876165867 0.555797606706619 0.518826384097338 0.475136630237103 0.40326301753521 0.437812507152557 0.410951256752014 0.42985537648201 0.528186768293381 0.460781753063202 0.453854262828827 0.459462761878967 0.529415979981422 0.339368239045143 0.44327549636364 0.481714501976967 0.532647371292114 0.578000754117966 0.528359614312649 0.584730751812458 0.667495518922806 0.737238384783268 0.730243898928165 0.735351383686066 0.509299501776695 0.535649254918098 0.529145233333111 0.432961128652096 0.426340129226446 0.442540861666203 0.364622242748737 0.377459987998009 0.406468480825424 0.386024236679077 0.406147509813309 0.768087722361088 0.690016508102417 0.777370110154152 0.819012388586998 0.851132266223431 0.93249935656786 0.974158488214016 1.13123323023319 1.23456153273582 1.93790432810783 2.09577530622482 2.18422132730484
-9999 -9999 -9999 -9999 -9999 0.579554244875908 0.597550481557846 0.663268491625786 0.721400231122971 0.716676771640778 0.619732484221458 0.585053265094757 0.595116019248962 0.591217517852783 0.639641270041466 0.616931229829788 0.533246263861656 0.490296766161919 0.533771999180317 0.506420999765396 0.414418503642082 0.460910260677338 0.451791018247604 0.487530738115311 0.456296235322952 0.431341499090195 0.418915517628193 0.426303014159203 0.492221251130104 0.462678372859955 0.480600379407406 0.430442623794079 0.516274511814117 0.630731254816055 0.6915632635355 0.729243516921997 0.770764142274857 0.696023605763912 0.6378990188241 0.533231243491173 0.431349389255047 0.437344886362553 0.356785498559475 0.30579299479723 0.450139112770557 0.440055381506681 0.429594364017248 0.447541505098343 0.509884506464005 0.341185502707958 0.407843247056007 0.472858518362045 0.883574992418289 1.04883036017418 1.14107099175453 1.17346647381783 1.16064548492432 1.07569612562656 1.16694527864456 1.36571171879768 1.90955847501755 2.07414597272873
