EcologicalScience/Bass/data/rs_data_bass/chl_420.asc
NCOLS 226 
NROWS 124 
XLLCORNER -9.41648524995501 
YLLCORNER 47.587301625531 
CELLSIZE 0.0833 
NODATA_value -9999 
[rows 54 to 80 of 124, columns 0 to 61 of 226]
-9999 -9999 -9999 -9999 -9999 -9999 -9999 -9999 -9999 -9999 -9999 -9999 -9999 -9999 -9999 -9999 -9999 -9999 -9999 -9999 -9999 -9999 -9999 -9999 -9999 -9999 -9999 -9999 -9999 -9999 -9999 -9999 -9999 -9999 -9999 -9999 -9999 -9999 5.48217547604762 2.44628101587296 2.27497655153275 2.2333667755127 1.70289205312729 1.49410727620125 1.49770349264145 1.11074876572405 1.00251722708344 1.50099831819534 1.15363932883038 1.2564274160301 1.29814214631915 1.49434876441956 1.673703789711 2.06714397668839 1.90049779415131 2.22322654724121 2.33046072721481 2.38780868053436 -9999 0.607058599591255 0.62790758907795 2.94535409821116
-9999 -9999 -9999 -9999 -9999 -9999 -9999 -9999 -9999 -9999 -9999 -9999 -9999 -9999 -9999 -9999 -9999 -9999 -9999 -9999 -9999 -9999 -9999 -9999 -9999 -9999 -9999 -9999 -9999 -9999 -9999 -9999 -9999 -9999 -9999 -9999 -9999 -9999 -9999 2.39565002918243 2.39683055877686 2.18619525432587 2.02726721763611 1.85482800006866 1.70130676031113 1.66790843009949 1.46754822134972 1.2972277700901 1.54131227731705 1.26963150501251 1.30480948090553 1.41324288594095 1.45451210439205 1.56054269894958 2.37777006626129 2.29102420806885 2.02035892009735 3.06813217518647 -9999 -9999 -9999 -9999
-9999 -9999 -9999 -9999 -9999 -9999 -9999 -9999 -9999 -9999 -9999 -9999 -9999 -9999 -9999 -9999 -9999 -9999 -9999 -9999 -9999 -9999 -9999 -9999 -9999 -9999 -9999 -9999 -9999 -9999 -9999 -9999 -9999 -9999 -9999 -9999 -9999 -9999 -9999 -9999 2.0701852440834 1.89417247772217 1.70050617456436 1.84247016906738 1.86431694030762 1.84406626224518 2.04074317216873 1.9286887049675 1.65226882696152 1.39210572838783 0.974564426085528 1.48781472444534 1.7031877040863 1.45867477543652 1.96065598726273 1.84195053577423 2.04237449169159 1.62510824203491 1.73530730334195 -9999 -9999 -9999
-9999 -9999 -9999 -9999 -9999 -9999 -9999 -9999 -9999 -9999 -9999 -9999 -9999 -9999 -9999 -9999 -9999 -9999 -9999 -9999 -9999 -9999 -9999 -9999 -9999 -9999 -9999 -9999 -9999 -9999 -9999 -9999 -9999 -9999 -9999 -9999 -9999 -9999 -9999 -9999 2.14276349544525 2.07770508527756 1.83015006780624 1.86845773458481 2.00996106863022 1.78613483905792 1.99003654718399 1.8904641866684 1.72255271673203 1.76962351799011 1.25362426042557 1.29950925707817 1.60616093873978 1.77928125858307 1.95709723234177 1.83507746458054 1.83622133731842 1.86243742704391 1.67990255355835 2.02184484153986 2.3043019440439 -9999
-9999 -9999 -9999 -9999 -9999 -9999 -9999 -9999 -9999 -9999 -9999 -9999 -9999 -9999 -9999 -9999 -9999 -9999 -9999 -9999 -9999 -9999 -9999 -9999 -9999 -9999 -9999 -9999 -9999 -9999 -9999 -9999 -9999 -9999 -9999 -9999 -9999 -9999 -9999 -9999 2.35508322715759 2.38174313306808 1.88550156354904 1.87994921207428 1.92549973726273 1.97436368465424 1.82802683115005 1.91291177272797 1.95598357915878 1.72751927375793 1.46350353956223 1.38396826386452 1.76029497385025 1.87642192840576 1.8608250617981 1.82293421030045 1.81608527898788 2.00251722335815 2.12843245267868 1.95408090949059 1.98374294489622 -9999
-9999 -9999 -9999 -9999 -9999 -9999 -9999 -9999 -9999 -9999 -9999 -9999 -9999 -9999 -9999 -9999 -9999 -9999 -9999 -9999 -9999 -9999 -9999 -9999 -9999 -9999 -9999 -9999 -9999 -9999 -9999 -9999 -9999 -9999 -9999 -9999 -9999 -9999 -9999 -9999 -9999 2.83300280570984 2.23676401376724 2.24424451589584 2.2036349773407 2.12320196628571 2.07210749387741 1.94683045148849 1.88120698928833 1.56928950548172 1.46749502420425 1.39988851547241 1.96139323711395 1.91923052072525 1.88653492927551 1.95674479007721 2.13764548301697 2.63559150695801 2.40053772926331 0.765484605323185 -9999 -9999
-9999 -9999 -9999 -9999 -9999 -9999 -9999 -9999 -9999 -9999 -9999 -9999 -9999 -9999 -9999 -9999 -9999 -9999 -9999 -9999 -9999 -9999 -9999 -9999 -9999 -9999 -9999 -9999 -9999 -9999 -9999 -9999 -9999 -9999 -9999 -9999 -9999 -9999 -9999 -9999 3.03033292293549 2.94581285119057 2.54216730594635 2.32131743431091 2.13850057125092 1.90602082014084 1.7609047293663 1.94364666938782 1.70727145671844 1.44697201251984 1.37029346823692 1.48789948225021 1.91019004583359 2.10878920555115 2.11242306232452 2.12887358665466 2.20603716373444 -9999 -9999 2.49440221985181 2.63640153408051 2.9343164563179
-9999 -9999 -9999 -9999 -9999 -9999 -9999 -9999 -9999 -9999 -9999 -9999 -9999 -9999 -9999 -9999 -9999 -9999 -9999 -9999 -9999 -9999 -9999 -9999 -9999 -9999 -9999 -9999 -9999 -9999 -9999 -9999 -9999 -9999 -9999 -9999 -9999 -9999 -9999 2.57097001586642 2.65389338135719 2.56217363476753 2.42609587311745 2.08489993214607 1.70238790128912 1.50840158388019 1.86473178863525 1.85370594263077 1.60352325439453 1.48986375331879 1.41102746129036 1.41643354296684 1.55228841304779 1.77957075834274 1.83471983671188 1.84172920385996 1.84410517215729 1.7541413269937 1.71826350688934 1.89655941724777 2.05290824174881 2.42905394732952
-9999 -9999 -9999 -9999 -9999 -9999 -9999 -9999 -9999 -9999 -9999 -9999 -9999 -9999 -9999 -9999 -9999 -9999 -9999 -9999 -9999 -9999 -9999 -9999 -9999 -9999 -9999 -9999 -9999 -9999 -9999 -9999 -9999 -9999 -9999 -9999 -9999 -9999 -9999 2.70110437273979 2.47918725013733 2.28986209630966 2.15275830030441 1.8563346862793 1.38942043483257 1.4761895730215 1.9446576833725 1.91718292236328 1.4960550069809 1.45295396447182 1.44744828343391 1.51839977502823 1.57840418815613 1.64521569013596 1.68090891838074 1.85451292991638 1.951411485672 1.95117527246475 1.97599357366562 2.3438640832901 2.21115374565125 2.19183146953583
-9999 -9999 -9999 -9999 -9999 -9999 -9999 -9999 -9999 -9999 -9999 -9999 -9999 -9999 -9999 -9999 -9999 -9999 -9999 -9999 -9999 -9999 -9999 -9999 -9999 -9999 -9999 -9999 -9999 -9999 -9999 -9999 -9999 -9999 -9999 -9999 -9999 -9999 3.19918352365494 2.70841947197914 2.3562191426754 2.34626144170761 2.0423771739006 1.90556618571281 1.58963057398796 1.85238897800446 1.8383976817131 1.80878323316574 1.71166956424713 1.65661042928696 1.91143047809601 1.99759268760681 1.89115208387375 1.77955055236816 1.73315405845642 1.70530718564987 1.76657849550247 1.78866004943848 1.81042957305908 2.39713203907013 3.14465939998627 2.59563115239143
-9999 -9999 -9999 -9999 -9999 -9999 -9999 -9999 -9999 -9999 -9999 -9999 -9999 -9999 -9999 -9999 -9999 -9999 -9999 -9999 -9999 -9999 -9999 -9999 -9999 -9999 -9999 -9999 -9999 -9999 -9999 -9999 -9999 -9999 -9999 -9999 -9999 -9999 2.26218096017838 2.40366107225418 2.35153725743294 2.15658295154572 1.64492547512054 1.6514043956995 1.44812250137329 1.47500771284103 1.75130099058151 1.6406301856041 1.6953113079071 1.7710867524147 2.10660982131958 2.13824468851089 2.0874195098877 1.93651342391968 1.72645497322083 1.4952877163887 1.49722802639008 1.63100999593735 2.12837469577789 2.3589922785759 2.74636280536652 3.03380835056305
-9999 -9999 -9999 -9999 -9999 -9999 -9999 -9999 -9999 -9999 -9999 -9999 -9999 -9999 -9999 -9999 -9999 -9999 -9999 -9999 -9999 -9999 -9999 -9999 -9999 -9999 -9999 -9999 -9999 -9999 -9999 -9999 -9999 -9999 -9999 -9999 -9999 2.73286207272456 1.98933228850365 1.86381967067719 1.7247046657971 1.54860022238323 1.38475272059441 1.2182430267334 3.51130655407906 2.88347326219082 1.50031274557114 1.77366453409195 1.84538179636002 1.91670370101929 2.03953278064728 2.13479769229889 1.340319194964 1.98385351896286 1.52360326051712 1.48976254463196 1.38079351186752 1.50707030296326 1.64277666807175 1.92873823642731 2.26129049062729 2.89529031515121
-9999 -9999 -9999 -9999 -9999 -9999 -9999 -9999 -9999 -9999 -9999 -9999 -9999 -9999 -9999 -9999 -9999 -9999 -9999 -9999 -9999 -9999 -9999 -9999 -9999 -9999 -9999 -9999 -9999 -9999 -9999 -9999 -9999 -9999 -9999 -9999 -9999 3.03955249786377 2.23549836874008 1.93535095453262 1.51851904392242 1.28871489209788 1.19724901020527 1.20691140634673 1.20414807328156 1.62222003936768 1.52169370651245 1.64689654111862 1.59725993871689 1.62617701292038 1.20998593792319 1.70152866840363 1.38622426986694 1.41911290772259 1.42909029498696 1.4339519739151 1.87462645769119 1.72462266683578 2.27131801843643 2.67423605918884 2.65573507547379 2.46863096952438
-9999 -9999 -9999 -9999 -9999 -9999 -9999 -9999 -9999 -9999 -9999 -9999 -9999 -9999 -9999 -9999 -9999 -9999 -9999 -9999 -9999 -9999 -9999 -9999 -9999 -9999 -9999 -9999 -9999 -9999 -9999 -9999 -9999 -9999 -9999 -9999 3.6674222946167 3.14427495002747 2.6132888674736 1.11554628610611 1.34795254468918 1.31610372662544 1.36139702796936 1.26410475373268 1.26092022657394 1.44803246855736 1.47315448522568 1.56041175127029 1.23874324560165 1.12018751353025 1.49835902452469 1.72543054819107 1.4867257475853 1.46876022219658 1.54082858562469 1.61293566226959 1.57301706075668 2.1008985042572 2.0726273059845 2.33638268709183 2.4532163143158 2.51466232538223
-9999 -9999 -9999 -9999 -9999 -9999 -9999 -9999 -9999 -9999 -9999 -9999 -9999 -9999 -9999 -9999 -9999 -9999 -9999 -9999 -9999 -9999 -9999 -9999 -9999 -9999 -9999 -9999 -9999 -9999 -9999 1.93524085879326 1.2923486658505 -9999 2.10493344068527 2.21790609853383 1.41358577779361 1.8069863319397 1.44363820552826 1.06418028473854 1.16637298464775 1.10906249284744 0.928556174039841 0.940465935638973 1.07674285210669 1.3996342420578 1.4069347679615 1.39571177959442 1.45011672377586 1.08272934953372 1.34349337220192 1.790147960186 1.4580093473196 1.50584699213505 1.52567817270756 1.50773457118443 1.6002383351326 1.68053462249892 2.05881822109222 2.05343860387802 2.27874800562859 2.41618238389492
-9999 -9999 -9999 -9999 -9999 -9999 -9999 -9999 -9999 -9999 -9999 -9999 -9999 -9999 -9999 -9999 -9999 -9999 -9999 -9999 -9999 -9999 0.346259817481041 2.15242679715157 1.49308687448502 1.54598307609558 1.9921822026372 2.51554423570633 2.288175791502 1.58701255917549 1.76821968331933 1.60316330194473 1.68915113210678 1.82540259361267 1.91860342025757 1.97709149122238 1.55553066730499 1.51762425899506 1.38703653216362 1.03188827633858 0.937502235174179 1.13917157905442 1.09366529881954 1.35693374276161 0.542484793592902 1.25683870911598 1.32059928774834 1.37747249007225 1.53310722112656 1.80712795257568 1.65268349647522 1.71598273515701 1.59034826925823 1.71107429265976 1.91665746484484 1.90259546041489 2.07764996290207 2.39237372364317 2.46727626989869 -9999 -9999 -9999
-9999 -9999 -9999 -9999 -9999 -9999 -9999 -9999 -9999 -9999 -9999 -9999 -9999 -9999 -9999 -9999 -9999 -9999 -9999 -9999 -9999 -9999 1.26941645890474 1.26597301661968 1.0484673678875 1.21273952722549 1.42720645666122 1.69188523292542 1.82786625623703 1.89069896936417 1.57582050561905 1.44036903977394 1.3665135204792 1.46749046444893 1.47746023535728 1.54940092563629 1.38249751925468 1.03244823217392 0.993471604585648 1.03033563494682 1.0274605942624 1.13625497817993 1.11180703639984 1.20641741752625 1.35756752192974 1.22767536900938 1.76618993282318 1.83442121744156 1.87984120845795 1.909050822258 1.87002682685852 1.92755699157715 1.97328668832779 2.03089170654615 3.05838180541992 -9999 -9999 -9999 -9999 -9999 -9999 -9999
-9999 -9999 -9999 -9999 -9999 -9999 -9999 -9999 -9999 -9999 -9999 -9999 -9999 -9999 -9999 -9999 -9999 -9999 -9999 2.93993113934994 1.55140055716038 1.61551476716995 1.03071109950542 0.993608638644218 0.928541287779808 1.01801361143589 0.869574040174484 1.20136722922325 1.51270651817322 1.57569968998432 1.29812457561493 1.02267748117447 1.16439555287361 1.13029637932777 0.99333390891552 0.941181010007858 1.05181978046894 0.91752976924181 0.913781225681305 0.575059335897951 0.942668670415878 0.999210441112518 1.12983450293541 1.21757626533508 1.23161548376083 1.36504909821919 1.91569089889526 1.91334334015846 2.05624580383301 2.03492099046707 1.96143309984888 -9999 -9999 -9999 -9999 -9999 -9999 -9999 -9999 -9999 -9999 -9999
-9999 -9999 -9999 -9999 -9999 -9999 -9999 -9999 -9999 -9999 -9999 -9999 -9999 -9999 -9999 -9999 -9999 2.0613739831107 1.71583306789398 1.56692433357239 1.31621736288071 1.10267604142427 1.02521590143442 0.929314523935318 0.940449759364128 1.00361435115337 0.785999268293381 0.811528533697128 0.761338502168655 0.81732451915741 1.00526443719864 1.00307192802429 1.0001452177763 1.04281217604876 0.886051889508963 0.896497900996889 0.833102038928441 0.793196976184845 0.841093370318413 0.896719372272492 0.766890772618353 0.798491818830371 0.736310594715178 1.27047452330589 1.39753577113152 1.74209734797478 1.88027706742287 2.10040685534477 2.0970524592059 2.140858579427 2.0483691573143 -9999 -9999 -9999 -9999 -9999 -9999 -9999 -9999 -9999 -9999 -9999
-9999 -9999 -9999 -9999 -9999 -9999 -9999 -9999 -9999 -9999 -9999 -9999 -9999 -9999 1.96862134337425 1.7198234796524 1.45519682765007 1.40745824575424 1.59647101163864 1.18941450119019 1.03185260295868 1.03251077234745 0.759037524461746 0.580280989408493 0.678381755948067 0.607832695429142 0.756717391312122 0.751323044300079 0.746106013655663 0.744171738624573 0.791320502758026 0.734442740678787 0.726949498057365 0.712673261761665 0.788224138319492 0.881373792886734 0.878364711999893 0.908826023340225 0.989160445332527 0.986314125359058 1.00323316454887 0.792335613685496 0.820542528160981 1.09977972507477 1.50450450181961 1.72581678628922 1.86606001853943 1.79913982003927 1.92057411745191 2.05428224802017 1.99421543441713 2.26793578267097 -9999 -9999 -9999 -9999 -9999 -9999 -9999 -9999 -9999 -9999
-9999 -9999 -9999 -9999 -9999 -9999 -9999 -9999 -9999 -9999 -9999 3.55580303754125 1.78127896147115 1.55284953117371 1.46980422735214 1.15397590398788 1.0346842110157 0.951606765389442 0.913032755255699 0.755566477775574 0.744470983743668 0.7160265147686 0.635649003088474 0.77223152294755 0.702018767595291 0.708211116492748 0.734296515583992 0.703174486756325 0.720343485474586 0.7421835064888 0.769171535968781 0.719115749001503 0.655887007713318 0.642153739929199 0.783918768167496 0.821265041828156 0.813833981752396 0.765817523002625 0.718814983963966 0.655351504683495 0.672574505209923 0.729383454658091 0.871868222951889 1.02034351229668 1.64252257347107 1.80060607194901 1.94844907522202 2.14597570896149 1.82466140886148 1.83354716499646 1.92752546362761 -9999 -9999 -9999 -9999 -9999 8.77406407040219 4.49784028530121 3.63343322277069 3.60308165550232 3.13429639736811 -9999
-9999 -9999 -9999 -9999 -9999 -9999 -9999 -9999 -9999 2.05141369998455 1.98391366750002 1.48962333798409 1.22383837401867 1.15964287519455 1.05498974025249 0.957487910985947 0.664909016873155 0.567440319274153 0.564998404255935 0.66429828107357 0.544735506176949 0.595557376742363 0.583821371197701 0.565153889358044 0.564396768808365 0.616377755999565 0.632409006357193 0.665223017334938 0.777662962675095 0.803211718797684 0.779013723134995 0.663294732570648 0.623855262994766 0.679119765758514 0.767394751310349 0.813986241817474 0.729260265827179 0.779651999473572 0.898132860660553 0.665360989478918 0.689867724592869 0.774265542626381 0.843914240598679 0.935136705636978 1.11573529243469 1.69408947229385 1.70012104511261 1.8618945479393 2.03369253873825 2.35516798496246 2.38625407218933 2.13225799798965 2.31002596020699 2.03215886787935 2.779481112957 2.86635979413986 2.81956725120544 2.95589014291763 3.15823990106583 3.0646932721138 3.33999722003937 -9999
-9999 -9999 -9999 -9999 -9999 1.68070466816425 1.60918673872948 1.29432523995638 1.43658129125834 1.54088897444308 1.48032943345606 1.52255326509476 1.15785212516785 0.599162204989365 0.555508553981781 0.520675158926419 0.609771765768528 0.608318611979485 0.526731759309769 0.509602501988411 0.576925501227379 0.563269503414631 0.443715021014214 0.455106005072594 0.533102989196777 0.620455518364906 0.669427514076233 0.773298740386963 0.8294917345047 0.767910718917847 0.74125349521637 0.677682772278786 0.630396008491516 0.71052972972393 0.783299267292023 0.813123732805252 0.74871826171875 0.701099547056051 0.654172900777597 0.657963240375886 0.644267310316746 0.671712756156921 0.634962737560272 0.695615261793137 0.909294784069061 1.21610471606255 1.37945929169655 1.52282255887985 1.82771408557892 1.95760577917099 2.19372832775116 2.51350808143616 3.00169944763184 2.21581166982651 2.46595469713211 2.46862105131149 2.52884628772736 2.98629831075668 3.43330215215683 3.55796941518784 3.61864203214645 3.5929607860744
-9999 -9999 -9999 -9999 -9999 1.23003016412258 1.20395756699145 1.129359126091 1.18455966934562 0.640966673107708 0.608408676350818 0.573410950162832 0.752824828905218 0.465791121125221 0.480424293875694 0.580905385315418 0.571368366479874 0.520101740956306 0.513816744089127 0.484278738498688 0.560668129473925 0.535611748695374 0.521403014659882 0.558882728219032 0.568981513381004 0.617048978805542 0.667046248912811 0.732963770627975 0.771015018224716 0.741466507315636 0.663421511650085 0.688129484653473 0.678695261478424 0.68156173825264 0.643080698592322 0.666213893890381 0.675215399265289 0.703579781310899 0.697658255696297 0.697622269392014 0.703716740012169 0.65820600092411 0.676726520061493 0.711063757538795 0.740791484713554 0.791393280029297 0.957081019878387 1.12615495920181 1.46229073405266 1.59164249897003 1.51482984920343 1.77046961088975 1.84173452854156 2.0259262919426 2.29769468307495 2.39832293987274 2.54178706407547 2.66238179206848 2.51761450767517 2.79734506607056 2.98992877453566 3.31848774477839
-9999 -9999 -9999 -9999 -9999 0.612420311745475 0.737587714896483 0.613823977463386 0.567862961222144 0.573381540529868 0.583659447291318 0.541100353002548 0.591653789667522 0.512105044509683 0.570130504667759 0.555701985955238 0.559883616864681 0.565571621060371 0.545844756066799 0.482953503727913 0.511740759015083 0.528065979480743 0.557625755667686 0.533140495419502 0.527645990252495 0.580499231815338 0.5871322453022 0.649241253733635 0.679827019572258 0.686158508062363 0.690375745296478 0.682349234819412 0.653688758611679 0.665784001350403 0.927240394055843 0.510684929788113 0.601237915456295 0.631923179213817 0.680597260594368 0.76258572936058 0.772241234779358 0.798580527305603 0.783190459012985 0.781162530183792 0.762010484933853 0.784938007593155 0.873786002397537 0.928898245096207 0.973740756511688 0.960343480110168 1.16442972421646 1.22733226418495 1.30531346797943 1.5192539691925 1.68176025152206 1.79075843095779 1.97545355558395 2.28895801305771 2.02314367890358 2.14865088037082 2.50188492025648 2.7073860168457
-9999 -9999 -9999 -9999 -9999 0.607228901456384 0.595188083894113 0.585825517773628 0.597082417677431 0.62569786695873 0.720395562403342 0.646593132439782 0.580315944903037 0.594387211969921 0.488016045093536 0.539959619087832 0.612692266702652 0.647517755627632 0.607395753264427 0.547627508640289 0.535805270075798 0.560846999287605 0.590729981660843 0.648468017578125 0.640390500426292 0.619759485125542 0.563805744051933 0.594435006380081 0.612290248274803 0.633056983351707 0.714283356070518 0.695032507181168 0.635534783968559 0.927670866250992 0.743457734584808 0.615250490605831 0.624804764986038 0.609731242060661 0.692727729678154 0.740538015961647 0.81089249253273 0.841430962085724 0.846848219633102 0.835633456707001 0.805183500051498 0.811666488647461 0.856276541948318 0.912954747676849 0.896662473678589 0.966059267520905 1.01834321022034 1.06260448694229 1.06162270903587 1.1007225215435 1.24349248409271 1.71406120061874 1.47800096869469 1.92627149820328 2.14356744289398 3.58715844154358 3.73767149448395 2.71761077642441
-9999 -9999 -9999 -9999 -9999 0.60807711324271 0.596228738918024 0.608003712752286 0.593524811898961 0.618760094046593 0.824439217939096 0.622149535838295 0.541458000739415 0.557883933186531 0.578745053971515 0.57384475802674 0.647727727890015 0.651615008711815 0.631778240203857 0.70330873131752 0.726413995027542 0.677026480436325 0.658980756998062 0.675036728382111 0.664507493376732 0.666573733091354 0.646222516894341 0.580992758274078 0.587030231952667 0.698428496718407 0.727725729346275 0.700352981686592 0.652489498257637 1.10516084432602 0.545030259910752 0.532051447559805 0.596098512411118 0.636365979909897 0.608754739165306 0.620121762156487 0.755585968494415 0.811291515827179 0.866059541702271 0.878782510757446 0.835324466228485 0.842843234539032 0.847625970840454 0.936731994152069 0.956622004508972 1.00131073594093 1.03403922915459 1.02299702167511 1.15124702453613 1.19235670566559 1.67216849327087 2.13842475414276 1.91336470842361 1.98852682113647 2.19340127706528 2.68380743265152 2.87784379720688 2.67474183440208
