EcologicalScience/Bass/data/rs_data_bass/chl_429.asc
NCOLS 226 
NROWS 124 
XLLCORNER -9.41648524995501 
YLLCORNER 47.587301625531 
CELLSIZE 0.0833 
NODATA_value -9999 
[rows 0 to 26 of 124, columns 62 to 123 of 226]
-9999 -9999 -9999 -9999 -9999 -9999 -9999 -9999 -9999 -9999 -9999 -9999 -9999 -9999 -9999 -9999 -9999 -9999 -9999 -9999 -9999 -9999 -9999 -9999 -9999 -9999 -9999 -9999 -9999 -9999 -9999 -9999 -9999 -9999 -9999 -9999 -9999 -9999 -9999 -9999 -9999 -9999 -9999 -9999 -9999 -9999 -9999 -9999 -9999 -9999 -9999 -9999 -9999 -9999 -9999 -9999 -9999 -9999 -9999 -9999 -9999 -9999
-9999 -9999 -9999 -9999 -9999 -9999 -9999 -9999 -9999 -9999 -9999 -9999 -9999 -9999 -9999 -9999 -9999 -9999 -9999 -9999 -9999 -9999 -9999 -9999 -9999 -9999 -9999 -9999 -9999 -9999 -9999 -9999 -9999 -9999 -9999 -9999 -9999 -9999 -9999 -9999 -9999 -9999 -9999 -9999 -9999 -9999 -9999 -9999 -9999 -9999 -9999 -9999 -9999 -9999 -9999 -9999 -9999 -9999 -9999 -9999 -9999 -9999
-9999 -9999 -9999 -9999 -9999 -9999 -9999 -9999 -9999 -9999 -9999 -9999 -9999 -9999 -9999 -9999 -9999 -9999 -9999 -9999 -9999 -9999 -9999 -9999 -9999 -9999 -9999 -9999 -9999 -9999 -9999 -9999 -9999 -9999 -9999 -9999 -9999 -9999 -9999 -9999 -9999 -9999 -9999 -9999 -9999 -9999 -9999 -9999 -9999 -9999 -9999 -9999 -9999 -9999 -9999 -9999 -9999 -9999 -9999 -9999 -9999 -9999
-9999 -9999 -9999 -9999 -9999 -9999 -9999 -9999 -9999 -9999 -9999 -9999 -9999 -9999 -9999 -9999 -9999 -9999 -9999 -9999 -9999 -9999 -9999 -9999 -9999 -9999 -9999 -9999 -9999 -9999 -9999 -9999 -9999 -9999 -9999 -9999 -9999 -9999 -9999 -9999 -9999 -9999 -9999 -9999 -9999 -9999 -9999 -9999 -9999 -9999 -9999 -9999 -9999 -9999 -9999 -9999 -9999 -9999 -9999 -9999 -9999 -9999
-9999 -9999 -9999 -9999 -9999 -9999 -9999 -9999 -9999 -9999 -9999 -9999 -9999 -9999 -9999 -9999 -9999 -9999 -9999 -9999 -9999 -9999 -9999 -9999 -9999 -9999 -9999 -9999 -9999 -9999 -9999 -9999 -9999 -9999 -9999 -9999 -9999 -9999 -9999 -9999 -9999 -9999 -9999 -9999 -9999 -9999 -9999 -9999 -9999 -9999 -9999 -9999 -9999 -9999 -9999 -9999 -9999 -9999 -9999 -9999 -9999 -9999
-9999 -9999 -9999 -9999 -9999 -9999 -9999 -9999 -9999 -9999 -9999 -9999 -9999 -9999 -9999 -9999 -9999 -9999 -9999 -9999 -9999 -9999 -9999 -9999 -9999 -9999 -9999 -9999 0.63735419511795 1.41726460780976 17.1055356860161 5.71809661388397 3.01774799823761 3.27384066581726 2.93059194087982 2.51314347982407 2.32239156961441 2.36886674165726 2.8846492767334 3.83915090560913 4.58474171161652 5.0434033870697 4.41179251670837 3.27062165737152 4.18434834480286 3.19388473033905 4.79820764064789 4.92713642120361 4.21978139877319 5.14561414718628 5.24638116359711 4.93405258655548 4.55709743499756 5.05244708061218 6.22779607772827 5.80027806758881 4.51634323596954 4.59155309200287 6.03006434440613 5.49778890609741 3.20202362537384 1.9418962597847
-9999 -9999 -9999 -9999 -9999 -9999 -9999 -9999 -9999 -9999 -9999 -9999 -9999 -9999 -9999 -9999 -9999 -9999 -9999 -9999 -9999 -9999 -9999 -9999 -9999 -9999 1.18186515569687 1.0627324283123 7.67361742258072 12.5794415473938 18.7220678329468 11.0182635784149 4.59706592559814 3.11343312263489 2.53972578048706 2.51041942834854 2.44205993413925 2.29713821411133 3.19843411445618 3.1222243309021 3.20028984546661 3.63002693653107 3.46435797214508 3.65418612957001 3.99283182621002 5.89640092849731 4.82578361034393 4.62667429447174 5.14300131797791 5.06091284751892 4.04921185970306 4.16519021987915 5.80014216899872 7.01692628860474 4.58893060684204 4.29762983322144 3.26859891414642 2.98303270339966 3.55323815345764 3.42023777961731 4.39125895500183 3.75595486164093
-9999 -9999 -9999 -9999 -9999 -9999 -9999 -9999 -9999 -9999 -9999 -9999 -9999 -9999 -9999 -9999 -9999 -9999 -9999 -9999 -9999 -9999 -9999 -9999 -9999 -9999 1.18186515569687 8.75887727737427 23.2291288375854 23.2625398635864 14.0132732391357 13.2385468482971 4.74609088897705 2.92943626642227 2.3999115228653 2.37338483333588 2.50180649757385 2.47078800201416 2.22464257478714 2.22698396444321 2.22091197967529 2.43497693538666 2.52382206916809 2.53780943155289 2.5618799328804 5.61790108680725 6.32481265068054 5.04360151290894 4.7552318572998 3.86923062801361 4.6746518611908 5.18186402320862 4.59224617481232 3.37057042121887 3.4269608259201 2.36235076189041 1.71152400970459 1.50188702344894 1.77726674079895 2.67835342884064 4.53437769412994 3.56590282917023
-9999 -9999 -9999 -9999 -9999 -9999 -9999 -9999 -9999 -9999 -9999 -9999 -9999 -9999 -9999 -9999 -9999 -9999 -9999 -9999 -9999 -9999 -9999 -9999 -9999 -9999 2.61744001507759 11.5458662509918 18.9388833045959 9.32081294059753 4.69965076446533 4.04309856891632 4.2758721113205 3.00434553623199 3.06285524368286 2.63311868906021 2.76229655742645 2.90422582626343 2.90360695123672 2.11250549554825 2.27723550796509 2.85602849721909 3.8921070098877 4.31919157505035 3.46329152584076 4.85842967033386 5.04172110557556 4.79494214057922 5.14119529724121 4.86394572257996 5.07146179676056 4.52387773990631 3.03909981250763 2.29450803995132 1.58778297901154 1.35415202379227 1.34567847847939 2.24839425086975 2.24091070890427 2.55010879039764 2.55821549892426 2.85722476243973
-9999 -9999 -9999 -9999 -9999 -9999 -9999 -9999 -9999 -9999 -9999 -9999 -9999 -9999 -9999 -9999 -9999 -9999 -9999 -9999 -9999 -9999 -9999 -9999 -9999 1.19121462106705 1.0529857814312 8.21020531654358 5.80602765083313 3.31744050979614 3.39162755012512 3.33383095264435 3.38645339012146 3.22417438030243 3.27664732933044 3.22491824626923 2.98576498031616 2.88569408655167 2.67333072423935 2.37725025415421 2.24185645580292 2.70234382152557 3.26238226890564 3.19493865966797 3.08496737480164 5.13819658756256 3.70201206207275 3.07860159873962 4.33864438533783 5.20452153682709 4.33793020248413 3.06144976615906 2.34998327493668 1.93178325891495 1.49727979302406 1.52847146987915 1.95585966110229 3.31591486930847 3.90477132797241 4.63250041007996 3.29938888549805 3.99568784236908
-9999 -9999 -9999 -9999 -9999 -9999 -9999 -9999 -9999 -9999 -9999 -9999 -9999 -9999 -9999 -9999 -9999 -9999 -9999 -9999 -9999 -9999 -9999 -9999 -9999 4.3169860728085 3.14964151382446 4.22814238071442 3.33977401256561 2.64238196611404 2.75525397062302 3.49267709255219 3.1611156463623 2.74590450525284 2.89193093776703 2.74563145637512 2.44773155450821 3.08971953392029 2.96853518486023 2.67399072647095 2.23091930150986 2.48139148950577 2.93947505950928 3.78346502780914 3.33675312995911 2.3938552737236 2.49569553136826 2.52408671379089 2.30200642347336 2.86249494552612 3.332603931427 2.47269666194916 3.82949244976044 3.37629461288452 2.35317152738571 2.71794533729553 3.23655366897583 6.30539917945862 9.29005908966064 8.9155433177948 6.99080228805542 5.35801649093628
-9999 -9999 -9999 -9999 -9999 -9999 -9999 -9999 -9999 -9999 -9999 -9999 -9999 -9999 -9999 -9999 -9999 -9999 -9999 -9999 -9999 -9999 -9999 -9999 1.31647038459778 2.15338200330734 2.75246697664261 2.94096153974533 2.81938719749451 3.25932312011719 2.6598134636879 2.57682305574417 2.79554843902588 2.76966154575348 2.73307281732559 3.50464868545532 3.07903361320496 2.46382945775986 2.56279653310776 2.98078501224518 3.35055005550385 3.38545489311218 2.900246322155 3.20458424091339 3.46536684036255 2.28232043981552 1.91904902458191 2.13601720333099 1.99790543317795 1.9690073132515 1.90194600820541 1.8993809223175 2.21886366605759 2.61488699913025 2.30077958106995 2.10276156663895 2.80041754245758 4.75323307514191 6.48427605628967 7.27912473678589 10.6989033222198 7.87471175193787
-9999 -9999 -9999 -9999 -9999 -9999 -9999 -9999 -9999 -9999 -9999 -9999 -9999 -9999 -9999 -9999 -9999 -9999 -9999 -9999 -9999 -9999 -9999 1.50594073534012 3.47375616431236 3.69931483268738 3.66166877746582 3.04277157783508 2.6451832652092 3.00901937484741 3.08865058422089 2.56925851106644 2.47407299280167 2.61306828260422 2.88786381483078 2.64310044050217 2.32343924045563 2.27539193630219 2.45417618751526 2.33058232069016 2.22714221477509 2.53031623363495 2.6625816822052 2.60891032218933 2.23871630430222 1.82939922809601 2.11804729700089 2.24320507049561 2.56460916996002 2.57996553182602 2.22847491502762 2.28287172317505 2.10528820753098 2.8084904551506 4.49697375297546 4.78156578540802 3.77521884441376 3.94066715240479 4.20489370822906 5.54688227176666 10.301176071167 5.46002554893494
-9999 -9999 -9999 -9999 -9999 -9999 -9999 -9999 -9999 -9999 -9999 -9999 -9999 -9999 -9999 -9999 -9999 -9999 -9999 -9999 -9999 -9999 2.10010202229023 2.58602696657181 1.75540870428085 2.27468025684357 2.76212471723557 2.99495923519135 3.05621409416199 3.07048881053925 3.41510188579559 3.3649080991745 3.46365165710449 3.55200612545013 3.23228323459625 2.43796277046204 2.00079971551895 2.33462029695511 2.53008073568344 1.90358018875122 1.7148756980896 2.04554468393326 2.36471629142761 1.89525157213211 1.67109829187393 1.9623014330864 2.49836182594299 2.93135619163513 2.98180568218231 2.4094455242157 2.28030073642731 3.43726801872253 6.21886968612671 7.7157289981842 6.29301238059998 4.13356196880341 3.37240719795227 4.57784557342529 4.92485761642456 5.04514861106873 7.05079078674316 1.88969331979752
-9999 -9999 -9999 -9999 -9999 -9999 -9999 -9999 -9999 -9999 -9999 -9999 -9999 -9999 -9999 -9999 -9999 -9999 -9999 -9999 2.64602583646774 2.20510738769317 2.50449979305267 2.35403770208359 1.83421504497528 1.78133404254913 1.97267925739288 2.16930305957794 2.35824751853943 2.48648858070374 2.99377727508545 3.48489904403687 3.44870316982269 3.40491986274719 3.37969958782196 3.60616493225098 2.12681025266647 1.87229025363922 1.70730829238892 1.31059724092484 1.14803400635719 1.34272572398186 1.80375069379807 1.93447798490524 2.04078304767609 2.40937721729279 3.030149102211 2.68482971191406 2.43155407905579 2.26409250497818 2.44236749410629 2.95100480318069 3.95217454433441 4.14273226261139 3.30371189117432 3.37078714370728 3.69670057296753 4.70240771770477 4.93951964378357 5.45708405971527 4.85699915885925 7.22586965560913
-9999 -9999 -9999 -9999 -9999 -9999 -9999 -9999 -9999 -9999 -9999 -9999 -9999 -9999 -9999 -9999 -9999 -9999 -9999 -9999 2.35555278779133 1.70563799142838 2.28714233636856 2.18392646312714 1.87340766191483 1.86153066158295 1.95164394378662 2.21970981359482 2.3146995306015 2.21284425258636 2.31509166955948 2.91694808006287 2.8910436630249 2.98748391866684 3.7637482881546 3.37033438682556 2.42592072486877 1.84530973434448 1.72490555047989 1.35324454307556 1.0539907515049 1.1191942691803 1.18402272462845 1.34439146518707 1.68302696943283 1.77554333209991 2.2297688126564 2.01143556833267 1.87711358070374 2.09690916538239 2.66904079914093 2.94057154655457 3.8657534122467 3.50398564338684 3.53504776954651 2.71932971477509 3.49861121177673 4.85918998718262 5.49250710010529 5.06372165679932 5.59238255023956 5.68209600448608
-9999 -9999 -9999 -9999 -9999 -9999 -9999 -9999 -9999 -9999 -9999 -9999 -9999 -9999 -9999 -9999 -9999 -9999 -9999 2.56543117761612 2.84903329610825 2.62310475111008 2.74517405033112 2.66861933469772 2.1927877664566 2.18997377157211 2.10129904747009 2.27292591333389 2.34961867332458 2.54467052221298 2.63459998369217 2.57572567462921 2.88764548301697 3.18285083770752 3.10048949718475 2.78536802530289 2.41512823104858 2.11688697338104 1.55097377300262 1.27435120940208 1.06322926282883 1.03040850162506 1.03046098351479 1.13564023375511 1.43814146518707 2.02852499485016 4.73395335674286 3.09330439567566 2.60046297311783 3.33802807331085 5.34168970584869 5.52481734752655 6.38899111747742 4.66804790496826 3.28024435043335 2.95101678371429 4.8136146068573 6.52183270454407 5.30213785171509 6.19377064704895 5.55545246601105 6.3778874874115
-9999 -9999 -9999 -9999 -9999 -9999 -9999 -9999 -9999 -9999 -9999 -9999 -9999 -9999 -9999 -9999 -9999 -9999 11.3017265796661 4.22513687610626 3.32524645328522 2.99732547998428 3.23840618133545 2.84143495559692 2.32906794548035 2.22119557857513 2.25820577144623 2.34949797391891 2.39954549074173 2.5682857632637 2.61883199214935 2.42867481708527 2.57317650318146 2.78237396478653 2.61123830080032 2.2738042473793 2.09658747911453 1.99752080440521 1.8974227309227 1.74507683515549 1.32165679335594 1.27611449360847 1.70344126224518 2.07496207952499 2.64470618963242 4.03765332698822 8.04595112800598 7.79982089996338 7.80432271957397 7.13612365722656 9.45251154899597 5.89889466762543 4.54559540748596 4.45872688293457 5.3071049451828 4.53487265110016 6.56025981903076 7.94229984283447 4.66187238693237 3.46634244918823 3.39145946502686 4.9273806810379
-9999 -9999 -9999 -9999 -9999 -9999 -9999 -9999 -9999 -9999 -9999 -9999 -9999 -9999 -9999 -9999 -9999 36.2269120035292 10.8842067718506 8.6319215297699 4.54205238819122 3.16062676906586 3.03153598308563 3.08853900432587 2.91614091396332 2.63369250297546 2.6536477804184 2.71372193098068 2.92914980649948 2.63256454467773 2.77909648418427 2.62022691965103 2.46523958444595 2.37015974521637 2.43900901079178 2.26457548141479 2.12750619649887 2.11309719085693 2.07780683040619 2.04683768749237 2.11728823184967 1.99406558275223 2.07534670829773 2.94323176145554 4.28349816799164 4.81320583820343 8.30222868919373 9.93023443222046 11.1084723472595 11.958238363266 9.84615325927734 8.21234536170959 6.73371148109436 6.1795027256012 7.3696825504303 6.91004419326782 11.2322423458099 10.2595975399017 7.69407677650452 3.84509611129761 3.67173135280609 3.61752891540527
-9999 -9999 -9999 -9999 -9999 -9999 -9999 -9999 -9999 -9999 -9999 -9999 -9999 -9999 -9999 -9999 -9999 -9999 -9999 3.70570689439774 5.76864659786224 3.52436256408691 3.05525243282318 3.23326814174652 3.49884009361267 3.47784662246704 3.30740404129028 3.08650267124176 2.89575898647308 2.62934625148773 2.51475155353546 2.39087247848511 2.3032860159874 2.30268520116806 2.21400225162506 2.20406931638718 2.0494971871376 2.02726721763611 2.1796567440033 2.56449669599533 2.73665016889572 2.96030098199844 2.70824182033539 3.12351608276367 3.94681584835052 6.47725009918213 8.97991490364075 9.24375057220459 9.40099024772644 10.8492321968079 7.63030743598938 6.01813244819641 6.0211501121521 5.50307929515839 6.07907366752625 7.15441489219666 9.55265879631042 8.87050151824951 8.07274174690247 4.50408589839935 4.40183615684509 4.32322633266449
-9999 -9999 -9999 -9999 -9999 -9999 -9999 -9999 -9999 -9999 -9999 -9999 -9999 -9999 -9999 4.83730306408622 4.75245468182997 6.07606042921543 2.97246444225311 5.07999587059021 4.67154443264008 3.37423932552338 3.24237155914307 3.06255912780762 2.98403549194336 3.3047661781311 3.5703706741333 3.23535668849945 3.24357211589813 3.34837961196899 3.17694282531738 2.9580420255661 2.62659680843353 2.37881398200989 2.29624879360199 2.56479442119598 2.18925601243973 2.20100694894791 2.59678655862808 2.90637820959091 3.26368582248688 3.50007677078247 4.06955409049988 4.71123611927032 4.64393019676208 5.29134607315063 6.33406591415405 6.52255725860596 6.93508100509644 7.29565715789795 4.9768613576889 4.50609147548676 3.61953914165497 3.78538799285889 4.195481300354 5.62841105461121 8.5425066947937 6.42120051383972 4.3503645658493 3.84309446811676 3.45240533351898 3.37267506122589
-9999 -9999 -9999 -9999 -9999 -9999 -9999 -9999 -9999 -9999 35.2986888885498 35.2986888885498 13.7248649597168 6.67042806744576 5.19157183170319 5.36539578437805 6.09659099578857 4.42764294147491 3.31632006168365 3.19789731502533 4.49757957458496 5.59861636161804 4.19024848937988 3.06189143657684 2.60302126407623 3.13175475597382 3.02745974063873 3.07221972942352 3.38187611103058 3.55941760540009 3.72277057170868 3.01555287837982 2.70719558000565 2.46052730083466 2.48975032567978 2.51707792282104 2.87145298719406 2.7842903137207 2.98892247676849 3.17751824855804 3.26921689510345 3.67587661743164 3.95501983165741 3.60226714611053 3.84555315971375 4.37474834918976 5.17953979969025 5.17206752300262 4.68824315071106 3.42455792427063 3.66968929767609 3.49405288696289 1.69289320707321 1.50373274087906 2.12495023012161 4.02223205566406 6.11353397369385 7.9512984752655 8.00616574287415 7.09851980209351 5.42742526531219 4.09528720378876
-9999 -9999 -9999 -9999 -9999 -9999 -9999 -9999 -9999 -9999 35.2986888885498 12.5635939991992 6.59508991241455 4.79142165184021 5.00833797454834 5.01351892948151 6.00062227249146 12.5541437342763 2.66505662737222 2.26839265070463 5.71508717536926 4.10237717628479 4.03238010406494 2.74324196577072 2.55579525232315 2.71562772989273 3.07025384902954 2.90839058160782 2.92385029792786 2.86498117446899 2.98031777143478 2.67102742195129 2.84010225534439 2.88684976100922 2.64783900976181 2.59765058755875 2.56766474246979 2.72765922546387 2.96563804149628 3.18294453620911 3.10377967357635 3.62246561050415 3.53804612159729 3.05199158191681 2.79200541973114 3.53309082984924 3.75355195999146 3.84333086013794 2.92744874954224 2.71801954507828 2.54547142982483 2.14121103286743 1.77207380533218 2.26210731267929 2.38968443870544 2.72679305076599 3.30541133880615 3.74703061580658 2.90401428937912 3.40393817424774 4.20473921298981 3.12078380584717
-9999 -9999 -9999 -9999 -9999 -9999 -9999 -9999 -9999 -9999 -9999 -9999 -9999 4.55327117443085 5.50448477268219 3.35890140384436 -9999 -9999 -9999 -9999 -9999 -9999 7.26634240150452 6.42072701454163 4.37397587299347 3.10974884033203 2.70831817388535 2.48342245817184 2.55335855484009 2.53377825021744 2.31666827201843 2.28933370113373 2.35585874319077 2.46013569831848 2.15069925785065 2.07000982761383 2.30579781532288 2.33788794279099 2.46335399150848 2.7086346745491 2.69765996932983 2.61289948225021 2.60275948047638 2.57227867841721 2.62265557050705 2.55492907762527 2.36920791864395 2.49468523263931 2.21884274482727 2.21392500400543 1.78919631242752 1.96243125200272 2.15339094400406 2.18607294559479 2.23107969760895 2.02468872070312 2.29478466510773 1.67407876253128 1.4400247335434 1.37311121821404 1.31674128770828 1.40806201100349
-9999 -9999 -9999 -9999 -9999 -9999 -9999 -9999 -9999 -9999 -9999 -9999 -9999 16.6274771690369 16.6274771690369 16.6274771690369 -9999 -9999 -9999 -9999 -9999 -9999 4.94490551948547 4.94490551948547 4.94490551948547 0.308659605681896 3.63160264492035 3.65314936637878 3.27737331390381 3.12594759464264 2.94530099630356 2.48947048187256 2.5579229593277 2.41734230518341 2.33128201961517 2.11414575576782 2.13609230518341 2.28156298398972 2.09301978349686 2.11272525787354 2.10145729780197 2.09950572252274 1.91740643978119 1.9663125872612 1.8110459446907 1.56458258628845 1.67889153957367 1.85938721895218 1.54008382558823 1.39078876376152 1.41856348514557 1.44679123163223 1.68719029426575 1.62952423095703 1.5402524471283 1.30640771985054 1.26192972064018 1.43658301234245 1.88129031658173 1.65121579170227 1.69866818189621 1.60610032081604
-9999 -9999 -9999 -9999 -9999 -9999 -9999 -9999 -9999 -9999 -9999 -9999 -9999 -9999 -9999 -9999 -9999 -9999 -9999 -9999 -9999 -9999 -9999 -9999 -9999 -9999 1.61413801833987 4.32955062389374 5.56989455223083 4.70608949661255 3.64574790000916 3.07143223285675 2.86606281995773 2.35080903768539 1.96655398607254 1.9102703332901 1.76897925138474 1.69981044530869 1.64354699850082 1.57985991239548 1.54303872585297 1.66189044713974 1.69942045211792 1.53147232532501 1.3132147192955 1.06021803617477 1.01820221543312 1.37066996097565 1.34959575533867 1.24976921081543 1.08165299892426 0.859327465295792 0.934352248907089 0.944326490163803 1.06751927733421 0.978368282318115 1.15255871415138 1.45913770794868 1.81412333250046 1.67588031291962 1.58645778894424 1.53505718708038
-9999 -9999 -9999 -9999 -9999 -9999 -9999 -9999 -9999 -9999 -9999 -9999 -9999 -9999 -9999 -9999 -9999 -9999 -9999 -9999 -9999 -9999 -9999 -9999 -9999 -9999 -9999 2.26939683900753 5.1449214220047 5.42316448688507 3.82471346855164 3.25296306610107 2.85324078798294 2.40259730815887 2.20022481679916 1.99117344617844 1.68379944562912 1.61244606971741 1.557885825634 1.50037568807602 1.49800202250481 1.8054975271225 1.86067646741867 1.96831798553467 1.80009377002716 1.58174103498459 1.2065272629261 1.1484554708004 1.11200326681137 0.98037976026535 0.857867985963821 0.745373234152794 0.722825244069099 0.625659763813019 0.63111823797226 0.800020515918732 1.11361348628998 1.97648102045059 2.86899608373642 2.71814095973969 1.9768972992897 1.8002752661705
