EcologicalScience/Bass/data/rs_data_bass/chl_152.asc
NCOLS 226 
NROWS 124 
XLLCORNER -9.41648524995501 
YLLCORNER 47.587301625531 
CELLSIZE 0.0833 
NODATA_value -9999 
[rows 54 to 80 of 124, columns 0 to 61 of 226]
-9999 -9999 -9999 -9999 -9999 -9999 -9999 -9999 -9999 -9999 -9999 -9999 -9999 -9999 -9999 -9999 -9999 -9999 -9999 -9999 -9999 -9999 -9999 -9999 -9999 -9999 -9999 -9999 -9999 -9999 -9999 -9999 -9999 -9999 -9999 -9999 -9999 -9999 4.67572136941659 4.6591876745224 3.86256659030914 3.76846647262573 2.10251551866531 1.38955423235893 1.33997172117233 1.37068873643875 1.43405029177666 1.45937249064445 1.3845112323761 1.26930972933769 1.43637147545815 1.46184673905373 1.63281977176666 1.8042134642601 2.12496453523636 2.4824835062027 3.09932613372803 3.3984682559967 -9999 0.607058599591255 0.62790758907795 1.28426335881586
-9999 -9999 -9999 -9999 -9999 -9999 -9999 -9999 -9999 -9999 -9999 -9999 -9999 -9999 -9999 -9999 -9999 -9999 -9999 -9999 -9999 -9999 -9999 -9999 -9999 -9999 -9999 -9999 -9999 -9999 -9999 -9999 -9999 -9999 -9999 -9999 -9999 -9999 -9999 4.74796557426453 4.96602666378021 4.4184308052063 2.16230553388596 1.9725735783577 1.428516715765 1.41451728343964 1.3264522254467 1.36386448144913 1.42870277166367 1.19808974862099 1.28444704413414 1.50849151611328 1.61933022737503 1.79140877723694 2.25349348783493 2.74541920423508 2.82990002632141 -9999 -9999 -9999 -9999 -9999
-9999 -9999 -9999 -9999 -9999 -9999 -9999 -9999 -9999 -9999 -9999 -9999 -9999 -9999 -9999 -9999 -9999 -9999 -9999 -9999 -9999 -9999 -9999 -9999 -9999 -9999 -9999 -9999 -9999 -9999 -9999 -9999 -9999 -9999 -9999 -9999 -9999 -9999 -9999 -9999 3.11759984493256 3.34592700004578 2.33764725923538 2.01405447721481 1.77108299732208 1.54944455623627 1.45392295718193 1.47350925207138 1.48557677865028 1.43083798885345 1.29391273856163 1.50655049085617 1.77593100070953 1.83179104328156 2.06146949529648 2.31715804338455 2.39718228578568 2.49970579147339 7.9503977894783 -9999 -9999 -9999
-9999 -9999 -9999 -9999 -9999 -9999 -9999 -9999 -9999 -9999 -9999 -9999 -9999 -9999 -9999 -9999 -9999 -9999 -9999 -9999 -9999 -9999 -9999 -9999 -9999 -9999 -9999 -9999 -9999 -9999 -9999 -9999 -9999 -9999 -9999 -9999 -9999 -9999 -9999 -9999 2.07482993602753 2.79854321479797 2.73396295309067 2.63451826572418 2.3951513171196 1.79892218112946 1.66770976781845 1.65734481811523 1.61142826080322 1.61819851398468 1.42936876416206 1.6817302107811 1.76499903202057 1.60308158397675 1.566541492939 1.71270078420639 1.66883558034897 1.94165629148483 2.29947817325592 3.37415778636932 4.51695513725281 -9999
-9999 -9999 -9999 -9999 -9999 -9999 -9999 -9999 -9999 -9999 -9999 -9999 -9999 -9999 -9999 -9999 -9999 -9999 -9999 -9999 -9999 -9999 -9999 -9999 -9999 -9999 -9999 -9999 -9999 -9999 -9999 -9999 -9999 -9999 -9999 -9999 -9999 -9999 -9999 -9999 -9999 3.03245329856873 3.00305771827698 3.09658885002136 2.87690842151642 2.62977308034897 1.91356801986694 1.73204398155212 1.74103492498398 1.65202116966248 1.50177150964737 1.68329626321793 1.6045206785202 1.51702344417572 1.45971974730492 1.49279773235321 1.38173398375511 1.7484285235405 2.42264395952225 3.4267612695694 3.85154700279236 -9999
-9999 -9999 -9999 -9999 -9999 -9999 -9999 -9999 -9999 -9999 -9999 -9999 -9999 -9999 -9999 -9999 -9999 -9999 -9999 -9999 -9999 -9999 -9999 -9999 -9999 -9999 -9999 -9999 -9999 -9999 -9999 -9999 -9999 -9999 -9999 -9999 -9999 -9999 -9999 -9999 -9999 3.00917100906372 3.10091185569763 3.2149304151535 2.61040645837784 2.41501808166504 2.20284444093704 1.49533653259277 1.60350376367569 1.52374041080475 1.5222846865654 1.66943407058716 1.77933973073959 1.71072524785995 1.67430746555328 1.52851867675781 1.42414203286171 2.28910195827484 2.49184191226959 2.47153400968422 -9999 -9999
-9999 -9999 -9999 -9999 -9999 -9999 -9999 -9999 -9999 -9999 -9999 -9999 -9999 -9999 -9999 -9999 -9999 -9999 -9999 -9999 -9999 -9999 -9999 -9999 -9999 -9999 -9999 -9999 -9999 -9999 -9999 -9999 -9999 -9999 -9999 -9999 -9999 -9999 -9999 -9999 3.31009590625763 3.19238770008087 3.08651340007782 2.07258671522141 1.81816345453262 1.53559881448746 1.63235092163086 1.61583745479584 1.61370295286179 1.61612033843994 1.64807331562042 1.74542999267578 1.83226203918457 1.76156616210938 1.78944379091263 1.63916927576065 1.58217823505402 -9999 -9999 2.21201777458191 1.29935628175735 1.12455528974533
-9999 -9999 -9999 -9999 -9999 -9999 -9999 -9999 -9999 -9999 -9999 -9999 -9999 -9999 -9999 -9999 -9999 -9999 -9999 -9999 -9999 -9999 -9999 -9999 -9999 -9999 -9999 -9999 -9999 -9999 -9999 -9999 -9999 -9999 -9999 -9999 -9999 -9999 -9999 3.3726943731308 3.2826669216156 2.82091802358627 2.33437049388885 1.9098562002182 1.55645030736923 1.48446822166443 1.54285508394241 1.57652771472931 1.63457858562469 1.61988151073456 1.62452548742294 1.65128320455551 1.63167375326157 1.78939801454544 2.07900756597519 2.0859203338623 2.02656143903732 1.6093470454216 1.60743892192841 1.63451474905014 1.58300256729126 2.21259069442749
-9999 -9999 -9999 -9999 -9999 -9999 -9999 -9999 -9999 -9999 -9999 -9999 -9999 -9999 -9999 -9999 -9999 -9999 -9999 -9999 -9999 -9999 -9999 -9999 -9999 -9999 -9999 -9999 -9999 -9999 -9999 -9999 -9999 -9999 -9999 -9999 -9999 -9999 -9999 4.1988000869751 2.55655950307846 2.31126755475998 1.75302368402481 1.61819404363632 1.57023757696152 1.50823277235031 1.64679747819901 1.72353297472 1.76309841871262 1.42881828546524 1.53094357252121 1.61905056238174 1.61390483379364 1.65605020523071 2.01460343599319 1.899866938591 1.70977646112442 1.55771702528 1.71395695209503 1.93901020288467 2.22905552387238 2.68505841493607
-9999 -9999 -9999 -9999 -9999 -9999 -9999 -9999 -9999 -9999 -9999 -9999 -9999 -9999 -9999 -9999 -9999 -9999 -9999 -9999 -9999 -9999 -9999 -9999 -9999 -9999 -9999 -9999 -9999 -9999 -9999 -9999 -9999 -9999 -9999 -9999 -9999 -9999 4.32049190998077 3.68740510940552 2.28391796350479 1.80501741170883 1.57901322841644 1.61152875423431 1.64780098199844 1.76888018846512 1.71359771490097 1.67627102136612 1.65103268623352 1.45965448021889 1.52894997596741 1.59439641237259 1.64129555225372 1.62183147668839 1.45904847979546 1.40701049566269 1.33379101753235 1.50317466259003 1.80367577075958 2.15663319826126 2.42949450016022 2.80174720287323
-9999 -9999 -9999 -9999 -9999 -9999 -9999 -9999 -9999 -9999 -9999 -9999 -9999 -9999 -9999 -9999 -9999 -9999 -9999 -9999 -9999 -9999 -9999 -9999 -9999 -9999 -9999 -9999 -9999 -9999 -9999 -9999 -9999 -9999 -9999 -9999 -9999 -9999 4.25037217140198 3.46031320095062 2.31496042013168 1.91487228870392 1.64753401279449 1.59852755069733 1.64456033706665 1.67431944608688 1.64571905136108 1.55799758434296 1.45134150981903 1.35420075058937 1.43164122104645 1.58505231142044 1.57877558469772 1.57589167356491 1.39843726158142 1.21916028857231 1.27760320901871 1.44409722089767 1.80453979969025 2.29928183555603 2.81789177656174 3.17268240451813
-9999 -9999 -9999 -9999 -9999 -9999 -9999 -9999 -9999 -9999 -9999 -9999 -9999 -9999 -9999 -9999 -9999 -9999 -9999 -9999 -9999 -9999 -9999 -9999 -9999 -9999 -9999 -9999 -9999 -9999 -9999 -9999 -9999 -9999 -9999 -9999 -9999 1.97680694982409 3.86062359809875 2.54772216081619 1.77304047346115 1.69764143228531 1.58225691318512 1.56748580932617 1.53214430809021 1.54023367166519 1.54415023326874 1.43609029054642 1.36158147454262 1.32091650366783 1.37214374542236 1.58276474475861 1.52229005098343 1.45094847679138 1.29891228675842 1.00151547789574 1.18060049414635 1.28219926357269 1.3525792658329 1.50676953792572 2.40281474590302 3.88386011123657
-9999 -9999 -9999 -9999 -9999 -9999 -9999 -9999 -9999 -9999 -9999 -9999 -9999 -9999 -9999 -9999 -9999 -9999 -9999 -9999 -9999 -9999 -9999 -9999 -9999 -9999 -9999 -9999 -9999 -9999 -9999 -9999 -9999 -9999 -9999 -9999 -9999 5.85205113887787 3.74774265289307 1.77398318052292 1.60746216773987 1.53395175933838 1.54948800802231 1.49467349052429 1.42164149880409 1.41398549079895 1.43044951558113 1.355323523283 1.27065449953079 1.3359982073307 1.43999174237251 1.47937050461769 1.41659778356552 1.37533503770828 1.23391199111938 1.06539899110794 1.10965204238892 1.19579628109932 1.23861676454544 1.51959747076035 2.49626022577286 9.95867943763733
-9999 -9999 -9999 -9999 -9999 -9999 -9999 -9999 -9999 -9999 -9999 -9999 -9999 -9999 -9999 -9999 -9999 -9999 -9999 -9999 -9999 -9999 -9999 -9999 -9999 -9999 -9999 -9999 -9999 -9999 -9999 -9999 -9999 -9999 -9999 -9999 3.6139770001173 5.47908139228821 3.30571711063385 2.06521493196487 1.60189658403397 1.50962251424789 1.54574471712112 1.52076816558838 1.43469822406769 1.34101724624634 1.32035547494888 1.29347026348114 1.28009247779846 1.39413303136826 1.39686146378517 1.38504901528358 1.3772107064724 1.34466451406479 1.29529121518135 1.20660978555679 1.14997351169586 1.47817423939705 1.83108294010162 2.36769372224808 2.44992077350616 2.21362048387527
-9999 -9999 -9999 -9999 -9999 -9999 -9999 -9999 -9999 -9999 -9999 -9999 -9999 -9999 -9999 -9999 -9999 -9999 -9999 -9999 -9999 -9999 -9999 -9999 -9999 -9999 -9999 -9999 -9999 -9999 -9999 2.37139829993248 2.03419470787048 -9999 2.10493344068527 2.22233954071999 1.91269719600677 2.38735717535019 2.0972962975502 1.76286381483078 1.50069522857666 1.44268798828125 1.41708675026894 1.42236077785492 1.37051779031754 1.32979050278664 1.29937425255775 1.28930997848511 1.25810775160789 1.28181150555611 1.33668074011803 1.35333001613617 1.3517324924469 1.28356647491455 1.30370923876762 1.39358246326447 1.45538699626923 1.61555922031403 1.86652117967606 2.06483781337738 1.93079406023026 2.60860571265221
-9999 -9999 -9999 -9999 -9999 -9999 -9999 -9999 -9999 -9999 -9999 -9999 -9999 -9999 -9999 -9999 -9999 -9999 -9999 -9999 -9999 -9999 0.346259817481041 17.9075164794922 22.561598777771 22.7035398483276 18.1646070480347 26.4596300125122 8.88345551490784 4.07711791992188 2.58215475082397 6.44016551971436 8.5713357925415 1.73994666337967 2.68919920921326 2.45647573471069 1.78875070810318 1.55337291955948 1.31209346652031 1.24290749430656 1.35486227273941 1.35590627789497 1.36746749281883 1.32611551880836 1.26726526021957 1.28435853123665 1.33553776144981 1.393529266119 1.42917448282242 1.44944474101067 1.42366728186607 1.44681224226952 1.48279121518135 1.47213596105576 1.66935449838638 1.69794291257858 1.86010050773621 1.93141794204712 5.77477953308507 -9999 -9999 -9999
-9999 -9999 -9999 -9999 -9999 -9999 -9999 -9999 -9999 -9999 -9999 -9999 -9999 -9999 -9999 -9999 -9999 -9999 -9999 -9999 -9999 -9999 39.8807144165039 34.2461929321289 36.4528827667236 33.5371513366699 40.9517097473145 32.7361879348755 18.9266953468323 6.16910791397095 3.33168160915375 2.23371452093124 1.32093751430511 1.07779946923256 1.17197173833847 1.13496449589729 1.02618598937988 0.944807231426239 1.06730926036835 1.05023100972176 1.05356097221375 1.20426446199417 1.20594674348831 1.17669072747231 1.17047774791718 1.27058851718903 1.59041404724121 1.62863105535507 1.64397525787354 1.6381521821022 1.7247029542923 1.65841716527939 1.82869577407837 2.02589392662048 2.04332327842712 -9999 -9999 -9999 -9999 -9999 -9999 -9999
-9999 -9999 -9999 -9999 -9999 -9999 -9999 -9999 -9999 -9999 -9999 -9999 -9999 -9999 -9999 -9999 -9999 -9999 -9999 1.87328094594619 40.3434419631958 16.3416423797607 18.5687484741211 7.60905075073242 7.44875335693359 5.52651536464691 6.65558266639709 12.9029974937439 19.3356657028198 16.4368329048157 4.47786390781403 1.61294102668762 1.29974627494812 0.618603765964508 0.733096495270729 0.75499427318573 0.792523473501205 0.869748741388321 0.948249042034149 1.29566699266434 1.14470699429512 0.991749733686447 1.09807053208351 1.10292148590088 1.17234295606613 1.30405274033546 1.66740453243256 1.83683699369431 1.9085835814476 1.81547623872757 1.99099427461624 -9999 -9999 -9999 -9999 -9999 -9999 -9999 -9999 -9999 -9999 -9999
-9999 -9999 -9999 -9999 -9999 -9999 -9999 -9999 -9999 -9999 -9999 -9999 -9999 -9999 -9999 -9999 -9999 28.4373922348022 22.5277504920959 34.9849147796631 23.3598217964172 6.20910716056824 2.45749658346176 2.36667519807816 2.46518397331238 1.70589369535446 3.02660930156708 3.53892374038696 5.74050092697144 5.76447665691376 6.54623508453369 3.14064967632294 1.30259996652603 1.22984477877617 0.883680760860443 0.759551256895065 0.785984247922897 0.78470778465271 1.86831146478653 4.53364741802216 2.99635648727417 2.37470483779907 1.62683093547821 2.13623017072678 1.57806891202927 1.57335448265076 1.74754357337952 2.11283469200134 2.22017776966095 1.78389304876328 1.54925698041916 -9999 -9999 -9999 -9999 -9999 -9999 -9999 -9999 -9999 -9999 -9999
-9999 -9999 -9999 -9999 -9999 -9999 -9999 -9999 -9999 -9999 -9999 -9999 -9999 -9999 5.69386458396912 6.40874379873276 0.806539870798588 35.3040618896484 8.78885293006897 4.54381120204926 2.89844101667404 2.22045528888702 2.0393505692482 2.04912757873535 1.65983319282532 1.40200352668762 0.978931456804276 1.42608600854874 1.77563774585724 1.71878618001938 1.65055793523788 2.49835574626923 1.96074450016022 2.1355311870575 2.59704673290253 1.56154203414917 1.9481999874115 1.0565542280674 1.58052080869675 3.76741433143616 2.9685360789299 3.97052693367004 6.24612164497375 5.05982172489166 1.91412073373795 1.7781645655632 1.94026583433151 2.11590528488159 2.13769948482513 2.02544921636581 1.77139645814896 3.79049491882324 -9999 -9999 -9999 -9999 -9999 -9999 -9999 -9999 -9999 -9999
-9999 -9999 -9999 -9999 -9999 -9999 -9999 -9999 -9999 -9999 -9999 15.3741745501757 5.04436403512955 4.64142942428589 49.8682880401611 30.6814384460449 11.147842168808 3.80918848514557 2.69825398921967 1.91856747865677 1.77428179979324 1.96360498666763 1.97992050647736 1.80762076377869 1.60375571250916 1.44409650564194 1.23656997084618 0.898754239082336 0.992502719163895 0.784229278564453 0.855503976345062 0.716817006468773 0.877067238092422 1.10478445887566 1.76645171642303 2.14234131574631 4.48563230037689 3.64906203746796 5.56263542175293 3.15263843536377 4.63148617744446 7.70657730102539 8.57029724121094 5.35096335411072 1.79312843084335 1.91470581293106 1.93165343999863 1.86759066581726 1.97436743974686 2.53303116559982 2.14921045303345 -9999 -9999 -9999 -9999 -9999 4.65296145067659 9.32496213912964 10.1339693069458 12.3665714263916 28.7104832679033 -9999
-9999 -9999 -9999 -9999 -9999 -9999 -9999 -9999 -9999 6.73562979698181 1.85156957308451 22.9183802604675 10.6229517459869 6.00222301483154 3.73797011375427 2.34830921888351 2.15799969434738 1.77671027183533 1.80901730060577 1.86611616611481 1.85446643829346 2.12304157018661 2.10300600528717 1.77735078334808 1.63673776388168 1.60713529586792 1.27800303697586 0.78407621383667 0.660862505435944 0.559975504875183 0.570578992366791 0.794975280761719 0.907858461141586 0.940943241119385 1.03968751430511 1.48157027363777 1.73901969194412 1.40157374739647 1.11674103140831 1.07095947861671 2.05463773012161 6.73444032669067 8.55876517295837 7.15748763084412 4.60905432701111 2.33260953426361 2.88670653104782 4.09226167201996 7.35654044151306 3.6126766204834 2.35610622167587 1.7918586730957 2.07211571931839 2.58578816652298 2.94214582443237 3.27665162086487 3.3958261013031 5.94646739959717 6.42959117889404 7.82411026954651 10.142834186554 -9999
-9999 -9999 -9999 -9999 -9999 1.16889414936304 1.14027933776379 21.6562128067017 23.6971907615662 26.4009389877319 19.4336743354797 6.05186319351196 1.92368692159653 1.74312007427216 1.77265191078186 1.74777907133102 1.74308091402054 1.63583779335022 1.47382798790932 1.61661368608475 1.9463751912117 1.95473617315292 2.00500273704529 1.81151103973389 1.49602577090263 1.49708998203278 1.2630487382412 1.13284876942635 0.933263272047043 0.819649457931519 1.00127103924751 1.19429022073746 1.25069099664688 0.884093999862671 0.907595247030258 0.965703785419464 1.07695278525352 1.10918551683426 1.05568876862526 0.96477073431015 1.19907295703888 9.0500156879425 9.79503393173218 7.79843544960022 7.46216154098511 5.89698958396912 12.2555251121521 11.9388456344604 13.4010515213013 10.121351480484 3.70999503135681 1.86299550533295 1.82146883010864 2.08191293478012 2.37801307439804 2.4414569735527 2.62706923484802 3.09821999073029 3.69114661216736 3.92942404747009 3.76056611537933 3.9646657705307
-9999 -9999 -9999 -9999 -9999 18.7509441375732 12.7148494720459 7.73494362831116 4.95834302902222 2.34013724327087 1.80377179384232 1.67061299085617 1.56317174434662 1.48024347424507 1.67482566833496 1.60702657699585 1.58786022663116 1.5941167473793 1.44265499711037 1.34432324767113 1.39871397614479 1.45408576726913 1.30274847149849 1.1849017739296 1.15608376264572 1.20891451835632 0.931715279817581 0.783424526453018 0.825594753026962 0.913170039653778 0.998220026493073 0.984903037548065 0.88610252737999 0.903069734573364 1.12317672371864 1.20162677764893 1.2800512611866 1.25755646824837 1.41664427518845 1.19574898481369 1.29116025567055 4.37043750286102 9.22357821464539 10.9172880649567 11.8819370269775 12.6738867759705 6.48089718818665 13.2503800392151 8.37331438064575 7.55169439315796 6.91006278991699 2.91749095916748 1.72673392295837 1.76294106245041 1.83467030525208 2.10456293821335 2.38114053010941 2.68628096580505 2.98586243391037 3.05261242389679 3.09710025787354 3.31945109367371
-9999 -9999 -9999 -9999 -9999 1.65139120817184 1.38203546404839 1.38750529289246 1.40709972381592 1.49155426025391 1.52210104465485 1.45074677467346 1.51970994472504 1.58201783895493 1.52300477027893 1.39999428391457 1.60824304819107 1.5143963098526 1.23886871337891 1.22615629434586 1.1715262234211 1.12916851043701 1.07076296210289 0.889918506145477 0.802356719970703 0.882362991571426 0.84469199180603 0.755519986152649 0.745094999670982 0.837558031082153 0.840861707925797 0.77019077539444 0.785157769918442 0.793134033679962 1.03088477253914 1.51525282859802 1.82766669988632 1.87726879119873 2.5720551609993 1.63697916269302 1.53585380315781 1.91810095310211 3.80410945415497 5.91113698482513 9.37422823905945 13.2878723144531 12.3260650634766 8.24006724357605 4.38976728916168 2.11826848983765 2.64366978406906 2.38929891586304 1.92711818218231 1.9397354722023 1.63427031040192 1.71242469549179 1.95098322629929 2.26172858476639 2.50387126207352 3.0345675945282 3.20072865486145 3.23184907436371
-9999 -9999 -9999 -9999 -9999 1.18979251384735 1.09796395897865 1.26262503862381 1.31819397211075 1.44758096337318 1.40183472633362 1.26444670557976 1.21300274133682 1.21203821897507 1.25285401940346 1.1372654736042 1.23382803797722 1.40733978152275 1.21299827098846 1.01321920752525 1.03219798207283 1.04350796341896 0.909142524003983 0.807346522808075 0.761192232370377 0.731011480093002 0.737368494272232 0.714150756597519 0.804130464792252 0.796418219804764 0.759620994329453 0.770790785551071 0.841885507106781 0.899018973112106 1.0108799636364 1.47350773215294 1.79684919118881 2.87234258651733 2.86541855335236 2.20750057697296 2.02606880664825 2.31203699111938 2.77489417791367 4.34301459789276 6.42725443840027 7.16309666633606 7.01129293441772 5.48373913764954 5.11620676517487 3.84532356262207 3.03278338909149 2.18689727783203 1.64179283380508 1.60309571027756 1.77666825056076 1.46568900346756 1.68771225214005 1.90552496910095 2.05522727966309 2.64924967288971 2.77235555648804 2.74705052375793
-9999 -9999 -9999 -9999 -9999 1.17024153470993 1.06735503673553 1.10258102416992 1.04346978664398 1.15416902303696 1.13637220859528 1.17525896430016 1.1967885196209 1.20669597387314 1.1743072271347 1.33043101429939 0.935867249965668 1.11006903648376 0.991340965032578 0.993027001619339 0.936743259429932 0.923760026693344 0.817419737577438 0.745736986398697 0.683360248804092 0.714452996850014 0.750770956277847 0.707861244678497 0.716859742999077 0.762969017028809 0.661803737282753 0.695517763495445 0.815218538045883 0.876823514699936 1.07920879125595 1.33855801820755 1.83448129892349 4.47666835784912 3.35801017284393 2.56773233413696 2.4441105723381 2.89557677507401 2.9838929772377 2.79725325107574 3.18011319637299 3.39176487922668 3.83223366737366 4.2521595954895 4.66649615764618 5.26996064186096 4.84403765201569 4.13724911212921 2.7798165678978 2.38650441169739 1.46885025501251 1.69954651594162 1.55952072143555 1.61611729860306 1.8438772559166 2.10725408792496 2.41965454816818 2.48051708936691
