EcologicalScience/Bass/data/rs_data_bass/chl_39.asc
NCOLS 226 
NROWS 124 
XLLCORNER -9.41648524995501 
YLLCORNER 47.587301625531 
CELLSIZE 0.0833 
NODATA_value -9999 
[rows 54 to 80 of 124, columns 0 to 61 of 226]
-9999 -9999 -9999 -9999 -9999 -9999 -9999 -9999 -9999 -9999 -9999 -9999 -9999 -9999 -9999 -9999 -9999 -9999 -9999 -9999 -9999 -9999 -9999 -9999 -9999 -9999 -9999 -9999 -9999 -9999 -9999 -9999 -9999 -9999 -9999 -9999 -9999 -9999 4.33568661550127 3.3688634123121 2.77988288232258 1.94264245033264 1.63263219594955 1.37300026416779 1.35200625658035 1.37321171164513 1.2093780040741 1.13446274399757 0.933946770429611 1.33800994711263 1.35208910490785 1.41221210360527 1.60754900744983 1.75942127619471 2.06346162302153 1.7214742898941 3.18386010187013 1.73815988749266 -9999 0.607058599591255 0.62790758907795 -9999
-9999 -9999 -9999 -9999 -9999 -9999 -9999 -9999 -9999 -9999 -9999 -9999 -9999 -9999 -9999 -9999 -9999 -9999 -9999 -9999 -9999 -9999 -9999 -9999 -9999 -9999 -9999 -9999 -9999 -9999 -9999 -9999 -9999 -9999 -9999 -9999 -9999 -9999 -9999 3.20252080474581 3.27984140600477 1.90193241834641 1.63044369220734 1.66769099235535 1.56809842586517 1.26649126410484 1.13919746875763 0.96369600892067 1.40490215165274 1.21566683266844 1.30312232673168 1.5721603504249 1.72860014012882 1.90079947880336 2.24312346747943 2.58330479264259 2.05879279868356 -9999 -9999 -9999 -9999 -9999
-9999 -9999 -9999 -9999 -9999 -9999 -9999 -9999 -9999 -9999 -9999 -9999 -9999 -9999 -9999 -9999 -9999 -9999 -9999 -9999 -9999 -9999 -9999 -9999 -9999 -9999 -9999 -9999 -9999 -9999 -9999 -9999 -9999 -9999 -9999 -9999 -9999 -9999 -9999 -9999 1.77661800384521 1.95720827579498 1.85729616880417 1.61423099040985 1.77408742904663 1.34922900795937 1.33388552069664 1.45537849622113 1.39968944447381 1.54528855085373 1.32960715464183 1.4463383023228 1.51119055918285 1.66486114689282 1.81798460228103 1.92807901331357 2.0356792303232 2.29173524104632 2.55133805274963 -9999 -9999 -9999
-9999 -9999 -9999 -9999 -9999 -9999 -9999 -9999 -9999 -9999 -9999 -9999 -9999 -9999 -9999 -9999 -9999 -9999 -9999 -9999 -9999 -9999 -9999 -9999 -9999 -9999 -9999 -9999 -9999 -9999 -9999 -9999 -9999 -9999 -9999 -9999 -9999 -9999 -9999 -9999 2.41688957384654 2.36101923670088 2.17877869095121 2.09833988121578 1.75241768360138 1.64893174629945 1.56453954714995 1.69954571127892 1.64367758376258 1.6271673483508 1.2884548072304 1.28918796351978 1.33498606681824 1.43670228719711 1.5310458779335 2.26536060231073 2.87902453312507 2.94095741326992 2.4883962227748 2.61757420642035 13.8978406237928 -9999
-9999 -9999 -9999 -9999 -9999 -9999 -9999 -9999 -9999 -9999 -9999 -9999 -9999 -9999 -9999 -9999 -9999 -9999 -9999 -9999 -9999 -9999 -9999 -9999 -9999 -9999 -9999 -9999 -9999 -9999 -9999 -9999 -9999 -9999 -9999 -9999 -9999 -9999 -9999 -9999 -9999 2.63654108558382 2.27393649305616 2.18436639649527 1.98973579590137 1.78027016153702 1.63302209973335 1.66273632645607 1.54039415717125 1.46827608346939 1.28876029167856 1.4058052213753 1.60136529627968 1.67532267570496 1.67950548143948 1.62374709458912 1.8173663665851 1.82935438553492 1.85430010006978 2.23229105770588 2.93272399157286 -9999
-9999 -9999 -9999 -9999 -9999 -9999 -9999 -9999 -9999 -9999 -9999 -9999 -9999 -9999 -9999 -9999 -9999 -9999 -9999 -9999 -9999 -9999 -9999 -9999 -9999 -9999 -9999 -9999 -9999 -9999 -9999 -9999 -9999 -9999 -9999 -9999 -9999 -9999 -9999 -9999 -9999 3.03587842839105 2.46615695101874 1.57696527242661 1.88654501949038 1.85256682123457 1.58384331209319 1.44756153651646 1.31189939592566 1.31354078011853 1.28322256462915 1.22424201454435 1.47114961287555 1.53485370179017 1.71362608174483 1.94128790039283 2.07339358329773 2.07854877909025 2.15347581184827 -9999 -9999 -9999
-9999 -9999 -9999 -9999 -9999 -9999 -9999 -9999 -9999 -9999 -9999 -9999 -9999 -9999 -9999 -9999 -9999 -9999 -9999 -9999 -9999 -9999 -9999 -9999 -9999 -9999 -9999 -9999 -9999 -9999 -9999 -9999 -9999 -9999 -9999 -9999 -9999 -9999 -9999 -9999 2.98044582775661 3.13081462894167 3.10116176094328 1.44059339761734 1.38721439838409 1.33888666446392 1.33035046914045 1.27614707455916 1.28847936221531 1.28747409582138 1.24857408872672 1.2405724717038 1.20868383560862 1.33239120703477 1.5990733733544 1.93701519966125 2.38189469575882 -9999 -9999 3.85047034263611 3.46085825988225 3.31200367212296
-9999 -9999 -9999 -9999 -9999 -9999 -9999 -9999 -9999 -9999 -9999 -9999 -9999 -9999 -9999 -9999 -9999 -9999 -9999 -9999 -9999 -9999 -9999 -9999 -9999 -9999 -9999 -9999 -9999 -9999 -9999 -9999 -9999 -9999 -9999 -9999 -9999 -9999 -9999 3.20795674324036 3.05400620188032 2.93468177318573 1.48230328559875 1.41066745519638 1.34594550132751 1.2972556874156 1.28251507452556 1.26523955379214 1.31331378221512 1.09378753602505 1.22793361544609 1.26195747511727 1.28875131116194 1.74547568651346 2.10109050915791 2.33128064870834 2.4015944202741 2.37342318395774 3.43715953454375 2.26651377975941 2.98637321591377 2.62485295108386
-9999 -9999 -9999 -9999 -9999 -9999 -9999 -9999 -9999 -9999 -9999 -9999 -9999 -9999 -9999 -9999 -9999 -9999 -9999 -9999 -9999 -9999 -9999 -9999 -9999 -9999 -9999 -9999 -9999 -9999 -9999 -9999 -9999 -9999 -9999 -9999 -9999 -9999 -9999 3.34793312409345 3.18913844653538 1.46173592805862 1.29567031860352 1.22163902521133 1.11702525615692 1.11361919045448 1.25194821506739 1.24980998039246 0.598386749625206 0.535269767045975 0.958173062120165 1.2817266033246 1.37863823312979 1.40859804015893 2.02245715435813 1.90000033378601 1.95619900787578 2.26667210230461 2.48937377830346 2.44982793075698 2.65444029654775 2.75422224173179
-9999 -9999 -9999 -9999 -9999 -9999 -9999 -9999 -9999 -9999 -9999 -9999 -9999 -9999 -9999 -9999 -9999 -9999 -9999 -9999 -9999 -9999 -9999 -9999 -9999 -9999 -9999 -9999 -9999 -9999 -9999 -9999 -9999 -9999 -9999 -9999 -9999 -9999 2.4500442892313 3.25793077264513 4.0415534887995 1.25104976892471 1.17973909378052 1.12603636980057 1.02905684709549 1.0418107509613 0.971713328361511 0.947975671291351 0.530684977769852 0.958497239993169 0.993752108886838 1.26969838142395 1.25072601666817 1.37139794001213 1.62149957051644 1.53138975302378 1.58529042700926 2.0981469253699 1.91846165060997 2.12512024385589 1.77469289302826 2.67510722692196
-9999 -9999 -9999 -9999 -9999 -9999 -9999 -9999 -9999 -9999 -9999 -9999 -9999 -9999 -9999 -9999 -9999 -9999 -9999 -9999 -9999 -9999 -9999 -9999 -9999 -9999 -9999 -9999 -9999 -9999 -9999 -9999 -9999 -9999 -9999 -9999 -9999 -9999 2.10372644662857 1.53127530813217 1.31462277173996 1.24162756204605 1.06582982540131 0.986811572313309 0.966925030946732 0.988528060913086 0.920759528875351 0.900777626037598 0.87232471704483 0.958765130776625 0.991657054424286 0.896870613098145 0.918058620049403 1.06601735720268 1.02797518097437 1.25026748577754 1.43473917245865 1.45309552124568 1.51086431315967 1.50920711457729 1.71084464054841 1.5474398457087
-9999 -9999 -9999 -9999 -9999 -9999 -9999 -9999 -9999 -9999 -9999 -9999 -9999 -9999 -9999 -9999 -9999 -9999 -9999 -9999 -9999 -9999 -9999 -9999 -9999 -9999 -9999 -9999 -9999 -9999 -9999 -9999 -9999 -9999 -9999 -9999 -9999 -9999 1.44990720748901 1.28374543190002 1.19745211601257 1.11441961526871 0.995293772220612 0.976072776317596 0.585953995585442 0.532616257667542 0.498785242438316 0.860174823265809 0.874367457169753 0.874194186467391 0.886250330851628 0.928217699894538 1.13180980682373 1.13127043247223 1.39637372814692 1.12912393212318 1.27144473332625 1.31377474390543 1.41259306669235 1.47039937514525 2.11312758922577 2.93773556873202
-9999 -9999 -9999 -9999 -9999 -9999 -9999 -9999 -9999 -9999 -9999 -9999 -9999 -9999 -9999 -9999 -9999 -9999 -9999 -9999 -9999 -9999 -9999 -9999 -9999 -9999 -9999 -9999 -9999 -9999 -9999 -9999 -9999 -9999 -9999 -9999 -9999 1.68884850740433 1.57899034023285 1.13494782149792 1.06796293258667 0.994415545463562 0.967539775371551 0.768675705561271 1.01537127792835 0.531327769160271 0.513264745473862 0.805991326387112 0.861093080960787 0.833473233076242 0.874660299374507 0.845600779239948 1.1746535718441 1.36103702442987 1.21336346268654 1.35246538051537 1.13751361370087 1.1281641125679 1.41768491864204 1.54466189146042 1.66130579710007 2.31204332113266
-9999 -9999 -9999 -9999 -9999 -9999 -9999 -9999 -9999 -9999 -9999 -9999 -9999 -9999 -9999 -9999 -9999 -9999 -9999 -9999 -9999 -9999 -9999 -9999 -9999 -9999 -9999 -9999 -9999 -9999 -9999 -9999 -9999 -9999 -9999 -9999 3.40110159233997 1.69372951984406 1.48186501264572 1.09064973592758 0.999541622400284 0.894257390499115 0.738460002037195 0.793780516300883 0.735958505421877 0.666893355548382 0.678176183253527 0.735783975857955 0.950022125244141 0.642679535425626 0.92875279371555 0.877925758178417 1.10190843343735 1.12474381327629 1.2509231865406 1.25876222848892 1.3509706735611 1.29415889382362 1.65608214139938 1.82239018678665 1.83662188053131 2.4557577214743
-9999 -9999 -9999 -9999 -9999 -9999 -9999 -9999 -9999 -9999 -9999 -9999 -9999 -9999 -9999 -9999 -9999 -9999 -9999 -9999 -9999 -9999 -9999 -9999 -9999 -9999 -9999 -9999 -9999 -9999 -9999 1.42079041153193 1.29918500781059 -9999 2.10493344068527 -9999 1.97460621136885 1.11776336431503 1.14145352840424 1.07334283590317 1.26694422215223 1.13426870852709 0.652074766159058 0.794076797209288 0.511132478713989 0.529881745576859 0.506475761532784 1.19231257694108 0.949023288488388 1.33750154716628 1.2883212523801 1.34284605298723 1.35918831825256 1.16039206981659 1.32359624505043 1.38589784502983 1.43691045641899 1.69054333493114 1.94610214233398 4.11250419616699 2.75922558809582 2.77265171706676
-9999 -9999 -9999 -9999 -9999 -9999 -9999 -9999 -9999 -9999 -9999 -9999 -9999 -9999 -9999 -9999 -9999 -9999 -9999 -9999 -9999 -9999 0.346259817481041 1.54017448425293 1.54600678682327 1.09483620950154 1.07823456185205 1.65426106963839 1.94047732012612 1.56818462695394 0.819299798458815 0.862737607955933 0.902037531137466 0.925184317997524 0.954986847363985 0.979496749547812 0.926713592731036 0.785245823008673 0.885907816886902 0.927630454301834 0.882071828842163 0.742177802324295 0.778419917821884 0.811138908652698 0.876704640248243 0.945102274417877 0.958073741197586 0.980660104751587 1.45219830955778 1.28874933293888 1.33383149334363 1.30648766756058 1.41773085594177 1.54377715587616 1.40864056348801 1.4642853140831 1.98550450801849 2.13380801266637 2.52263922551099 -9999 -9999 -9999
-9999 -9999 -9999 -9999 -9999 -9999 -9999 -9999 -9999 -9999 -9999 -9999 -9999 -9999 -9999 -9999 -9999 -9999 -9999 -9999 -9999 -9999 1.23716350053919 1.05578336119652 1.06912898591587 1.27169476236616 1.31715955904552 1.3687646985054 1.2430319743497 1.12783980795315 0.843572169542313 0.813224826540266 0.827048995665142 0.854184137923377 0.847410576684134 0.799547719103949 0.727159304278237 0.656530050130991 0.679610472459059 0.805176740884781 0.627277321540392 0.758688282966614 0.689572960138321 0.870029407739639 1.15110000371933 0.967147064208984 1.02751082181931 1.02361650466919 1.02629413604736 1.1244725883007 1.72071634871619 1.55700790030616 1.74549865722656 1.91777467727661 2.28515830636024 -9999 -9999 -9999 -9999 -9999 -9999 -9999
-9999 -9999 -9999 -9999 -9999 -9999 -9999 -9999 -9999 -9999 -9999 -9999 -9999 -9999 -9999 -9999 -9999 -9999 -9999 28.6783159268754 2.454142190516 0.894368469715118 0.947475352457592 0.888603419065475 0.955780646630696 1.0281754221235 0.913743138313293 0.952056322778974 0.931646283183779 0.835012295416423 0.81082455601011 0.822148587022509 0.814967036247253 0.873259957347597 0.896373943640635 0.79419441308294 0.719144269824028 0.692243482385363 0.663088911346027 0.663090974092484 0.674297708272934 0.602885938607729 0.776969236135483 0.759923243522644 0.777782821655273 0.819727492332459 0.937971460819244 1.72923722175451 1.7572136933987 1.69135741545604 1.49665170907974 -9999 -9999 -9999 -9999 -9999 -9999 -9999 -9999 -9999 -9999 -9999
-9999 -9999 -9999 -9999 -9999 -9999 -9999 -9999 -9999 -9999 -9999 -9999 -9999 -9999 -9999 -9999 -9999 1.92727823853493 3.04107325673103 3.29609332680702 1.01547377024378 0.912566261632102 1.39352171761649 0.670483397586005 0.651940175465175 0.592423515660422 0.579784831830433 0.665415414742061 0.753698357513973 0.783540832144873 0.755152817283358 0.811127639242581 0.818574639303344 0.634451705217361 0.85251644892352 0.558495301008225 0.620536789298058 0.602431511878967 0.572184616327286 0.576943051815033 0.422387902225767 0.439930519887379 0.516167253255844 0.814729585097386 0.798477269135989 1.39754989055487 1.39721335585301 1.33992437124252 1.48571895360947 2.02885153889656 1.55840660333633 -9999 -9999 -9999 -9999 -9999 -9999 -9999 -9999 -9999 -9999 -9999
-9999 -9999 -9999 -9999 -9999 -9999 -9999 -9999 -9999 -9999 -9999 -9999 -9999 -9999 1.6265192091465 1.61113016009331 1.10403496026993 1.36160715222359 0.393701255321503 0.267865508794785 0.349318496882915 0.340364992618561 0.229317739605904 0.534643835255078 0.520077435033662 0.506380191871098 0.442076229623386 0.468297096235411 0.523268037608692 0.560538988846999 0.539116501808167 0.545521482825279 0.528032228350639 0.503268523858144 0.515958015407835 0.606067478656769 0.586589992046356 0.565755012631416 0.518255844712257 0.344098812767438 0.457165494561195 0.59920592376819 0.510034516453743 0.892306451286588 0.926820626625648 0.840924471616745 0.912599104642868 1.59556615811128 1.67678381846501 1.54225804484808 1.48964325785637 1.68790490627289 -9999 -9999 -9999 -9999 -9999 -9999 -9999 -9999 -9999 -9999
-9999 -9999 -9999 -9999 -9999 -9999 -9999 -9999 -9999 -9999 -9999 3.70321911999158 1.05281685590744 1.23580005168915 2.15837928056717 0.770836715187345 0.880794844457081 0.82667721595083 0.721786481993539 0.335113123059273 0.357055615920287 0.449231884309224 0.498458996415138 0.362662822008133 0.450370596987861 0.464513993688992 0.387729004025459 0.46746826171875 0.524772763252258 0.520952269434929 0.528171747922897 0.572282239794731 0.50950200855732 0.553138509392738 0.590793013572693 0.590576246380806 0.535074010491371 0.524294257164001 0.544370234012604 0.556817248463631 0.508450493216515 0.535097256302834 0.583097693324089 0.794207391830591 0.796267801523209 1.59439879885087 1.61879801520934 1.59110779028672 1.9785714997695 1.07251290617318 1.6994849562645 -9999 -9999 -9999 -9999 -9999 2.91533236101616 2.01923987426256 4.42122848137565 6.45579935415931 9.13371309041977 -9999
-9999 -9999 -9999 -9999 -9999 -9999 -9999 -9999 -9999 1.52505839722497 1.46736282302487 0.78129997423717 0.765530705451965 0.802532082796097 0.863546544313431 0.635180366890771 0.348537057638168 0.462470897606441 0.418461965663092 0.418081813624927 0.428768245237214 0.447683694107192 0.456089341214725 0.431414691465242 0.448803970918936 0.527878495700219 0.482290289231709 0.515216991305351 0.504854992032051 0.534962251782417 0.547653749585152 0.497048243880272 0.501498743891716 0.502599745988846 0.482447236776352 0.480212241411209 0.501242995262146 0.526339486241341 0.514141514897346 0.481587767601013 0.481176763772964 0.531141757965088 0.784468737932352 0.808235210868029 0.858462727495602 0.879615210928023 0.952549014240503 1.01195343397558 1.0154489222914 1.08930088877678 1.15656586289406 1.40001626126468 1.29440935850143 2.45769038621117 2.11001051413385 1.95171788334846 1.85187115520239 2.28220817020961 1.67847970873117 1.99076814651489 2.32650795108394 -9999
-9999 -9999 -9999 -9999 -9999 0.663380712270737 0.725568958691188 0.770684237991061 0.791877572025572 0.880508780479431 0.756850297961916 0.615972442286355 0.577461119209017 0.527567037514278 0.475680023431778 0.485846770661218 0.578784629702568 0.508352829859807 0.645526493971164 0.583955000226314 0.582698880479886 0.506908322756107 0.485402034861701 0.588147429483277 0.579542251569884 0.522392794489861 0.480173592056547 0.551313015818596 0.560770533978939 0.522659987211227 0.520455747842789 0.486554995179176 0.481321513652802 0.4634820073843 0.453266233205795 0.449331745505333 0.435486003756523 0.437802761793137 0.427393510937691 0.362538747489452 0.385633483529091 0.513909012079239 0.820199969410896 0.732145481249865 0.793809979277499 0.841810566186905 1.11826958060265 1.49442939372624 1.00852839834988 0.997591656446457 1.55579759524419 1.58450359335312 1.68229066867095 1.71787182773863 1.76590174862317 2.22366014352212 1.95607232588988 1.55420466139913 1.53738842010498 1.60917363166809 2.94519581794739 2.1057853613581
-9999 -9999 -9999 -9999 -9999 0.590686287198748 0.552210523188114 0.548808167874813 0.57957558121 0.534520919833865 0.55604391012873 0.549895278045109 0.442068058710832 0.368624413242707 0.597236688647951 0.39355598963224 0.432373331143306 0.394409637898207 0.429522374644876 0.51001089066267 0.725051192136911 0.82748537338697 0.678817917521183 0.675211806382452 0.653327905705997 0.657557251197951 0.511508460555758 0.444698574287551 0.484994262456894 0.48607125878334 0.477573752403259 0.470113500952721 0.452960997819901 0.469469234347343 0.439790993928909 0.423963770270348 0.411525741219521 0.411427482962608 0.437201231718063 0.54771716279142 0.531618515650431 0.391227766871452 0.853079125285149 0.815594717860222 0.790943997246878 0.692289447145803 1.17280839596476 0.762997748596328 0.829661958983966 0.895478848367929 1.47084976434708 1.41389359320913 1.50960189955575 1.58458354473114 1.31717129945755 1.39219029460634 1.37826657720975 1.27940788865089 1.21410119533539 1.49807506799698 2.01157315288271 2.04868795190539
-9999 -9999 -9999 -9999 -9999 0.388120293617249 0.713184125283185 0.689749404788017 0.596165508031845 0.619692225541387 0.688669177038329 0.465228757687977 0.448995683874403 0.508501330656665 0.581179629151638 0.726266588483538 0.724428290357957 0.695640037839229 0.737305280107718 0.789704581865897 0.962378846911284 0.759201142650384 0.695417146270092 0.658773683584653 0.759846727762904 0.687257865071297 0.564507260918617 0.494012551648276 0.568201884627342 0.487861499190331 0.408500254154205 0.38341198861599 0.408153757452965 0.451133251190186 0.409620746970177 0.382448986172676 0.517601480378824 0.527428280848723 0.471618740874178 0.448219044243588 0.283908002078533 0.59220449924469 0.595794212818146 0.860930313958841 0.904152986194406 0.974209561944008 0.702642604708672 0.777753787381308 0.751012032585485 0.754339590668678 1.36374297738075 1.39139969434057 1.39850838780403 1.56381324874727 1.67014354467392 1.471304202781 1.39058464765549 1.02938230122839 1.12847257937704 1.85405984095165 1.92974672147206 1.63424777984619
-9999 -9999 -9999 -9999 -9999 0.517011444358265 0.562647268176079 0.16618275269866 0.484459601808339 0.559670895338058 0.510971849318594 0.585533160184111 0.54959351675851 0.529541983627356 0.51060565159871 0.338889755308628 0.355443745851517 0.360294006764889 0.350861258804798 0.676155982272966 0.570205157765975 0.577324514205639 0.714327063698035 0.816806185458388 0.733498050698212 0.577177256345749 0.618131011724472 0.575103974768094 0.565459817647934 0.595212521297591 0.499153707708631 0.357495009899139 0.525103734089778 0.540956149880703 0.514050613157451 0.534608586746104 0.540443477385184 0.556553474243949 0.530783693580066 0.458167731761932 0.489229795336723 0.550016259917846 0.594908364690267 0.957659339904785 0.676611751317978 0.587788176323686 0.715383997559547 0.830192665968623 0.903404876589775 0.915027536451817 1.0047163686582 0.500649020075798 0.835655067648206 1.12036255002022 1.45614784955978 1.44550004250863 1.49675238877535 1.49218887090683 0.801862448453903 2.36011873107207 1.59131026268005 1.85128426551819
-9999 -9999 -9999 -9999 -9999 0.712084980681539 0.710225189871648 0.706454503623878 0.757143560139572 0.598572346568108 0.71248711777084 0.585986334364861 0.610746861901134 0.273065999150276 0.250808246433735 0.339642740786076 0.308002509176731 0.669550794363022 0.897464597225189 0.452221705578268 0.720383529479687 1.06790167609086 1.08973799832165 0.598166565809931 0.596953342740352 0.687406388612894 0.587659460993914 0.580177679657936 0.519435060712007 0.513642799395781 0.498921694663855 0.528120452394852 0.565586833999707 0.556540602674851 0.559747513670188 0.562673198489042 0.59244222500745 0.587197712239097 0.529683843255043 0.550972506403923 0.519908013939858 0.496100407093763 0.553757321308641 0.60887309032328 0.574674615263939 0.682755097746849 0.671143612440895 0.351217500865459 0.739416602253914 0.786566787958145 0.830298706889153 0.825201794505119 0.807281766619001 0.850937530398369 0.954523362219334 1.40053728719552 1.37049586077531 1.42088163840143 1.33100149264702 1.39606397427045 1.85341644287109 2.29724621772766
