EcologicalScience/Bass/data/rs_data_bass/chl_518.asc
NCOLS 226 
NROWS 124 
XLLCORNER -9.41648524995501 
YLLCORNER 47.587301625531 
CELLSIZE 0.0833 
NODATA_value -9999 
[rows 0 to 26 of 124, columns 62 to 123 of 226]
-9999 -9999 -9999 -9999 -9999 -9999 -9999 -9999 -9999 -9999 -9999 -9999 -9999 -9999 -9999 -9999 -9999 -9999 -9999 -9999 -9999 -9999 -9999 -9999 -9999 -9999 -9999 -9999 -9999 -9999 -9999 -9999 -9999 -9999 -9999 -9999 -9999 -9999 -9999 -9999 -9999 -9999 -9999 -9999 -9999 -9999 -9999 -9999 -9999 -9999 -9999 -9999 -9999 -9999 -9999 -9999 -9999 -9999 -9999 -9999 -9999 -9999
-9999 -9999 -9999 -9999 -9999 -9999 -9999 -9999 -9999 -9999 -9999 -9999 -9999 -9999 -9999 -9999 -9999 -9999 -9999 -9999 -9999 -9999 -9999 -9999 -9999 -9999 -9999 -9999 -9999 -9999 -9999 -9999 -9999 -9999 -9999 -9999 -9999 -9999 -9999 -9999 -9999 -9999 -9999 -9999 -9999 -9999 -9999 -9999 -9999 -9999 -9999 -9999 -9999 -9999 -9999 -9999 -9999 -9999 -9999 -9999 -9999 -9999
-9999 -9999 -9999 -9999 -9999 -9999 -9999 -9999 -9999 -9999 -9999 -9999 -9999 -9999 -9999 -9999 -9999 -9999 -9999 -9999 -9999 -9999 -9999 -9999 -9999 -9999 -9999 -9999 -9999 -9999 -9999 -9999 -9999 -9999 -9999 -9999 -9999 -9999 -9999 -9999 -9999 -9999 -9999 -9999 -9999 -9999 -9999 -9999 -9999 -9999 -9999 -9999 -9999 -9999 -9999 -9999 -9999 -9999 -9999 -9999 -9999 -9999
-9999 -9999 -9999 -9999 -9999 -9999 -9999 -9999 -9999 -9999 -9999 -9999 -9999 -9999 -9999 -9999 -9999 -9999 -9999 -9999 -9999 -9999 -9999 -9999 -9999 -9999 -9999 -9999 -9999 -9999 -9999 -9999 -9999 -9999 -9999 -9999 -9999 -9999 -9999 -9999 -9999 -9999 -9999 -9999 -9999 -9999 -9999 -9999 -9999 -9999 -9999 -9999 -9999 -9999 -9999 -9999 -9999 -9999 -9999 -9999 -9999 -9999
-9999 -9999 -9999 -9999 -9999 -9999 -9999 -9999 -9999 -9999 -9999 -9999 -9999 -9999 -9999 -9999 -9999 -9999 -9999 -9999 -9999 -9999 -9999 -9999 -9999 -9999 -9999 -9999 -9999 -9999 -9999 -9999 -9999 -9999 -9999 -9999 -9999 -9999 -9999 -9999 -9999 -9999 -9999 -9999 -9999 -9999 -9999 -9999 -9999 -9999 -9999 -9999 -9999 -9999 -9999 -9999 -9999 -9999 -9999 -9999 -9999 -9999
-9999 -9999 -9999 -9999 -9999 -9999 -9999 -9999 -9999 -9999 -9999 -9999 -9999 -9999 -9999 -9999 -9999 -9999 -9999 -9999 -9999 -9999 -9999 -9999 -9999 -9999 -9999 -9999 0.63735419511795 5.76284292340279 3.96886610984802 2.23545205593109 1.88128906488419 1.8770592212677 1.5649276971817 1.28312131762505 0.996273636817932 0.890357941389084 0.815378755331039 0.847930669784546 0.853876054286957 0.863930225372314 0.866899967193604 0.954195946455002 1.03218930959702 1.03056174516678 0.991477757692337 0.972353339195251 1.16566434502602 1.04459443688393 0.934519618749619 1.09087684750557 0.56355781853199 0.598701328039169 0.49516350030899 0.49516350030899 0.534806773066521 0.516317993402481 0.5372584015131 0.564403250813484 0.539277300238609 0.514052286744118
-9999 -9999 -9999 -9999 -9999 -9999 -9999 -9999 -9999 -9999 -9999 -9999 -9999 -9999 -9999 -9999 -9999 -9999 -9999 -9999 -9999 -9999 -9999 -9999 -9999 -9999 1.18186515569687 1.0627324283123 2.7555758357048 2.28344339132309 1.97778475284576 1.67316287755966 1.22657525539398 1.27096429467201 1.47081381082535 1.3301015496254 1.04053750634193 0.892227172851562 0.835779368877411 0.792826563119888 0.760228961706161 0.779632776975632 0.836472362279892 0.919824600219727 0.945552259683609 0.854910403490067 0.651107624173164 0.711294963955879 1.04375937581062 1.22813639044762 1.31052938103676 1.27763038873672 0.886777281761169 0.810314387083054 0.770097970962524 0.757876664400101 0.750741273164749 0.622784078121185 0.53763248026371 0.511831730604172 0.495798602700233 0.522349566221237
-9999 -9999 -9999 -9999 -9999 -9999 -9999 -9999 -9999 -9999 -9999 -9999 -9999 -9999 -9999 -9999 -9999 -9999 -9999 -9999 -9999 -9999 -9999 -9999 -9999 -9999 1.18186515569687 2.74490922689438 2.27597987651825 2.15831673145294 1.38502576947212 1.12724527716637 1.19235160946846 1.0402372777462 1.11313766241074 1.24377349019051 1.10267642140388 0.991237074136734 0.822307080030441 0.866070628166199 0.959900289773941 1.09389773011208 1.24221083521843 1.31608986854553 1.14116460084915 0.948759466409683 0.836711078882217 0.768243938684464 0.758761614561081 0.84785395860672 0.735801994800568 0.69589202105999 0.678641125559807 0.677932798862457 0.700565904378891 0.690147444605827 0.620882481336594 0.522868037223816 0.460779815912247 0.489825144410133 0.545080795884132 0.52876715362072
-9999 -9999 -9999 -9999 -9999 -9999 -9999 -9999 -9999 -9999 -9999 -9999 -9999 -9999 -9999 -9999 -9999 -9999 -9999 -9999 -9999 -9999 -9999 -9999 -9999 -9999 3.01461839675903 4.8372437953949 4.34747636318207 1.7509514093399 1.00747784972191 1.0988675057888 1.27672961354256 1.18197843432426 1.08184862136841 1.08674016594887 1.09690976142883 1.04405432939529 0.880825638771057 0.932103216648102 1.33462759852409 1.76761150360107 1.72437447309494 1.3713031411171 1.22320863604546 1.05665615200996 0.952307313680649 0.91579332947731 0.917063266038895 0.8839311003685 0.81104189157486 0.726048141717911 0.72527602314949 0.684247031807899 0.628323376178741 0.591634646058083 0.542075112462044 0.494834750890732 0.420699834823608 0.394799888134003 0.37927933037281 0.374670669436455
-9999 -9999 -9999 -9999 -9999 -9999 -9999 -9999 -9999 -9999 -9999 -9999 -9999 -9999 -9999 -9999 -9999 -9999 -9999 -9999 -9999 -9999 -9999 -9999 -9999 1.19121462106705 4.29211533069611 0.660621240735054 2.39190316200256 1.63508158922195 1.11580967903137 1.12479802966118 1.07700401544571 1.02742704749107 0.943888038396835 1.02783161401749 1.08068391680717 1.06155431270599 0.971553683280945 1.07825642824173 1.51860076189041 1.90736693143845 1.65477776527405 1.42144793272018 1.47069391608238 1.31539383530617 1.15990135073662 0.946329206228256 0.871096462011337 0.850666344165802 0.814130276441574 0.729381054639816 0.63558554649353 0.596584841609001 0.559108570218086 0.531513690948486 0.519946038722992 0.499657720327377 0.474239006638527 0.443471029400826 0.406455919146538 0.477728605270386
-9999 -9999 -9999 -9999 -9999 -9999 -9999 -9999 -9999 -9999 -9999 -9999 -9999 -9999 -9999 -9999 -9999 -9999 -9999 -9999 -9999 -9999 -9999 -9999 -9999 1.02562581002712 0.985267326235771 0.893816336989403 0.98749977350235 0.967932164669037 0.924320161342621 0.940262943506241 0.903838634490967 0.846210390329361 0.78039363026619 0.763190031051636 0.803911596536636 1.86096596717834 2.5283505320549 2.39496606588364 2.54958432912827 1.97244393825531 1.67852318286896 1.46206775307655 1.31844717264175 1.21229159832001 1.09711816906929 0.950152605772018 0.835157632827759 0.750632554292679 0.739533394575119 0.711207658052444 0.637890726327896 0.588132262229919 0.540859043598175 0.517673134803772 0.500657960772514 0.484573066234589 0.459091633558273 0.482534274458885 0.475337997078896 0.447487726807594
-9999 -9999 -9999 -9999 -9999 -9999 -9999 -9999 -9999 -9999 -9999 -9999 -9999 -9999 -9999 -9999 -9999 -9999 -9999 -9999 -9999 -9999 -9999 -9999 1.31647038459778 1.31566151976585 1.27519199252129 1.40028458833694 1.31618490815163 1.05757981538773 0.855797499418259 0.727880224585533 0.683181881904602 0.69969342648983 0.770547419786453 0.878628194332123 0.934538930654526 1.00741857290268 1.19296216964722 1.44083333015442 1.43043011426926 1.33492237329483 1.37183412909508 1.57744234800339 1.5485628247261 1.32723650336266 1.13976591825485 0.965742588043213 0.854176461696625 0.762634009122849 0.723994642496109 0.65789982676506 0.6307233273983 0.597243770956993 0.554183542728424 0.510873913764954 0.509517788887024 0.515027314424515 0.477059528231621 0.46308933198452 0.47884364426136 0.476488396525383
-9999 -9999 -9999 -9999 -9999 -9999 -9999 -9999 -9999 -9999 -9999 -9999 -9999 -9999 -9999 -9999 -9999 -9999 -9999 -9999 -9999 -9999 -9999 1.50594073534012 1.36459583044052 1.2990819811821 1.21244332194328 1.17228198051453 1.07475426793098 0.87873700261116 0.754579156637192 0.741963297128677 0.748248964548111 0.753743559122086 0.75591042637825 0.732114627957344 0.647559598088264 0.705168485641479 0.775715053081512 0.738391399383545 0.89878249168396 0.93596363067627 0.920735567808151 0.932401567697525 0.92488020658493 0.910368919372559 0.911980122327805 0.853488475084305 0.793209135532379 0.73615238070488 0.766580611467361 0.811883300542831 0.801198989152908 0.724330142140388 0.616415485739708 0.574445307254791 0.542480170726776 0.522842153906822 0.492163181304932 0.483807787299156 0.494450479745865 0.49212084710598
-9999 -9999 -9999 -9999 -9999 -9999 -9999 -9999 -9999 -9999 -9999 -9999 -9999 -9999 -9999 -9999 -9999 -9999 -9999 -9999 -9999 -9999 2.6774759888649 1.93095982074738 1.386774122715 1.07445538043976 1.01321125030518 1.01406303048134 0.953112155199051 0.856558352708817 0.813497722148895 0.821533173322678 0.868872106075287 0.833265513181686 0.815416842699051 0.761684238910675 0.717463552951813 0.609106242656708 0.642294645309448 0.623264908790588 0.641052648425102 0.657068476080894 0.742834970355034 0.810572862625122 0.791043072938919 0.629163309931755 0.532947778701782 0.70158277451992 0.828327298164368 0.894414335489273 0.770414113998413 0.73362024128437 0.738366231322289 0.691704019904137 0.548214375972748 0.461674958467484 0.45980067551136 0.493608579039574 0.516732171177864 0.52039235830307 0.519295692443848 0.493847519159317
-9999 -9999 -9999 -9999 -9999 -9999 -9999 -9999 -9999 -9999 -9999 -9999 -9999 -9999 -9999 -9999 -9999 -9999 -9999 -9999 2.64602583646774 2.69357228279114 2.06084793806076 1.79337072372437 1.19267579913139 0.932061553001404 0.916186273097992 0.929148405790329 0.895964294672012 0.852818459272385 0.835372298955917 0.854086518287659 1.08196350932121 0.770626544952393 0.654618233442307 0.639632552862167 0.622700393199921 0.680945724248886 0.811551466584206 0.743799090385437 0.905078619718552 0.876057118177414 0.880055397748947 0.843945980072021 0.854912549257278 0.632411062717438 0.581428371369839 0.560444444417953 0.558033630251884 0.571985632181168 0.621785581111908 0.682383611798286 0.719971194863319 0.697174653410912 0.660595625638962 0.597123742103577 0.503285631537437 0.488443404436111 0.549591064453125 0.563359200954437 0.550736099481583 0.559927314519882
-9999 -9999 -9999 -9999 -9999 -9999 -9999 -9999 -9999 -9999 -9999 -9999 -9999 -9999 -9999 -9999 -9999 -9999 -9999 -9999 2.42657946350834 1.65776520967484 1.50088137388229 1.19982022047043 0.991897076368332 0.964440554380417 0.934868305921555 0.900444120168686 0.889291226863861 0.900205850601196 0.959405869245529 1.05446943640709 1.22866487503052 1.24897500872612 0.793717324733734 0.703897744417191 0.684409350156784 1.00651328265667 0.650608062744141 0.659046202898026 0.5973140001297 0.550668463110924 0.527517110109329 0.502514988183975 0.665287502110004 0.571836143732071 0.566415041685104 0.578143760561943 0.592316374182701 0.575102940201759 0.563562512397766 0.548537269234657 0.567731827497482 0.748279899358749 0.685185134410858 0.552916377782822 0.516602396965027 0.484606236219406 0.487531721591949 0.509586945176125 0.511144369840622 0.712365299463272
-9999 -9999 -9999 -9999 -9999 -9999 -9999 -9999 -9999 -9999 -9999 -9999 -9999 -9999 -9999 -9999 -9999 -9999 -9999 2.8721090555191 2.40035140514374 1.98701298236847 1.52822256088257 1.26848772168159 1.09261974692345 1.03613099455833 1.04327514767647 1.01098126173019 0.975267112255096 0.931929588317871 0.966279834508896 1.15243336558342 1.42479765415192 1.83480101823807 2.01888370513916 1.01291781663895 0.992045849561691 0.948794424533844 0.864064961671829 0.779082477092743 0.716968864202499 0.68384675681591 0.645233184099197 0.6565230935812 0.668114572763443 0.63886097073555 0.615498617291451 0.602182924747467 0.591440588235855 0.57137542963028 0.545975580811501 0.520965088158846 0.367688052356243 0.36733067035675 0.379630744457245 0.405457556247711 0.450716257095337 0.419774070382118 0.423466399312019 0.460766494274139 0.497622460126877 0.577136993408203
-9999 -9999 -9999 -9999 -9999 -9999 -9999 -9999 -9999 -9999 -9999 -9999 -9999 -9999 -9999 -9999 -9999 5.97562193870544 5.55732750892639 3.97050082683563 3.38282203674316 3.46851325035095 2.63881480693817 2.16053366661072 1.53815478086472 1.16753000020981 1.14928928017616 1.14735147356987 1.09689474105835 1.09869915246964 1.09245800971985 1.13738232851028 1.6077594012022 1.78934964537621 2.13181190192699 1.05821818113327 1.07413074374199 1.74480047821999 0.865094572305679 0.828090459108353 0.781440854072571 0.723805636167526 0.668119534850121 0.648418173193932 0.816251814365387 0.743466317653656 0.701179280877113 0.632664084434509 0.598503649234772 0.317703075706959 0.33251865953207 0.333609916269779 0.323669761419296 0.335441842675209 0.362842820584774 0.391022130846977 0.39346718788147 0.363341063261032 0.366210468113422 0.407389774918556 0.473639890551567 0.628754943609238
-9999 -9999 -9999 -9999 -9999 -9999 -9999 -9999 -9999 -9999 -9999 -9999 -9999 -9999 -9999 -9999 -9999 8.32471561431885 6.88466262817383 4.7021849155426 2.97300624847412 3.49833834171295 2.89173978567123 2.21082812547684 1.50368857383728 1.2402184009552 1.30660021305084 1.26834404468536 1.13981759548187 1.10816815495491 1.09254732728004 1.10048344731331 1.08518600463867 1.87149958312511 2.15404544770718 2.87770092487335 2.53567385673523 1.87656001746655 1.37793132662773 0.86163130402565 0.857929050922394 0.827913254499435 1.02007788419724 0.886221796274185 0.776104241609573 0.761741816997528 0.742009207606316 0.684312745928764 0.653626531362534 0.580597870051861 0.581472001969814 0.557395845651627 0.543630480766296 0.416851535439491 0.465816646814346 0.489924967288971 0.498439595103264 0.447442129254341 0.422765001654625 0.390307635068893 0.425267592072487 0.681582570075989
-9999 -9999 -9999 -9999 -9999 -9999 -9999 -9999 -9999 -9999 -9999 -9999 -9999 -9999 -9999 -9999 -9999 -9999 -9999 2.37408721446991 2.17450994253159 2.21677136421204 2.35532820224762 2.46652525663376 1.93424659967422 1.75902110338211 1.67760962247849 1.52704828977585 1.18896871805191 1.15257355570793 1.13664051890373 1.13708370923996 1.17123439908028 2.0598197132349 1.86226464807987 1.94539998471737 2.09237824380398 2.11076264083385 2.19651925563812 0.843393802642822 0.958534508943558 1.01025491952896 1.09392660856247 0.872217044234276 0.744237095117569 0.744237184524536 0.63912633061409 0.619663685560226 0.60332827270031 0.651195622980595 0.849351972341537 0.481088072061539 0.485494896769524 0.475822359323502 0.446245148777962 0.473734885454178 0.519039541482925 0.542058929800987 0.523306623101234 0.515063971281052 0.513456881046295 1.03880690038204
-9999 -9999 -9999 -9999 -9999 -9999 -9999 -9999 -9999 -9999 -9999 -9999 -9999 -9999 -9999 3.06822776794434 9.80803337693214 2.80348563194275 2.53043049573898 2.19802004098892 2.03865444660187 2.12375056743622 2.34500813484192 2.26248353719711 1.91028267145157 1.84529328346252 1.85961753129959 1.87939184904099 3.08915336430073 3.81935727596283 1.18083795905113 1.13391995429993 1.07631585001945 1.00028872489929 1.00405186414719 1.04627922177315 0.988985002040863 0.969989150762558 0.974976986646652 0.97860324382782 1.10818657279015 1.13758876919746 1.07434174418449 1.0578747689724 1.05006149411201 0.61726351082325 0.824301481246948 0.700656339526176 0.679047524929047 0.705595538020134 0.545795023441315 0.500550001859665 0.493405759334564 0.556505173444748 0.5601557046175 0.525989010930061 0.50856140255928 0.516019016504288 0.494701623916626 0.468173414468765 2.54342436790466 1.43364684283733
-9999 -9999 -9999 -9999 -9999 -9999 -9999 -9999 -9999 -9999 35.2986888885498 35.2986888885498 13.7248649597168 4.52183568477631 4.19439446926117 3.53985857963562 3.05156636238098 3.22295808792114 2.8303062915802 2.49962067604065 2.57309871912003 2.32102453708649 1.9791174530983 1.72031790018082 1.54727500677109 1.58503943681717 2.06091222167015 2.59139129519463 3.08371764421463 2.31293588876724 1.24247127771378 1.12935134768486 1.03271117806435 1.11919462680817 1.22012239694595 1.1243931055069 1.00034102797508 0.969444751739502 2.48080734908581 3.04639007896185 2.45822297036648 2.28189432621002 1.03523281216621 1.08177816867828 1.11204233765602 0.952555328607559 0.824830591678619 0.761132150888443 0.418735563755035 0.463009625673294 0.472356632351875 0.535963699221611 0.5508201867342 0.571644231677055 0.607524320483208 0.632411241531372 0.617204144597054 0.588873535394669 0.677815452218056 0.667812824249268 0.652440905570984 1.8597104921937
-9999 -9999 -9999 -9999 -9999 -9999 -9999 -9999 -9999 -9999 35.2986888885498 6.72016894817352 3.50091791152954 3.79705631732941 3.87358903884888 3.73413956165314 4.0414856672287 4.51956132888794 4.28637325763702 3.21991503238678 2.97169876098633 2.33544927835464 1.51607376337051 1.40859398245811 1.5429316163063 1.74012172222137 1.80096763372421 1.83589732646942 1.852229565382 0.855151802301407 0.904344499111176 0.94452953338623 0.771139293909073 0.800697594881058 0.897024393081665 0.932540416717529 0.843450933694839 1.42122615873814 0.58225616812706 0.611686170101166 0.620375901460648 0.698509320616722 0.671241715550423 0.619338646531105 0.554972648620605 0.667767316102982 0.792309701442719 0.76709720492363 0.581696256995201 0.49090687930584 0.536016896367073 0.55440428853035 0.540745049715042 0.585122644901276 0.666907757520676 0.679357141256332 0.700936406850815 0.737027004361153 0.722519159317017 0.705498039722443 0.711855009198189 0.708932742476463
-9999 -9999 -9999 -9999 -9999 -9999 -9999 -9999 -9999 -9999 -9999 -9999 -9999 5.38283514976501 5.07664382457733 4.967933177948 3.78031635284424 -9999 -9999 -9999 -9999 -9999 6.25059473514557 3.64875340461731 3.64875340461731 1.72040748596191 1.72040748596191 0.991065055131912 0.922221422195435 0.921027570962906 0.888929843902588 0.796843528747559 0.721309259533882 0.635904282331467 0.658010512590408 0.664150089025497 0.630773261189461 0.620672911405563 0.614327564835548 0.643431097269058 0.749215140938759 0.735559299588203 0.69613990187645 0.589376986026764 0.582657292485237 0.588411659002304 0.624084144830704 0.81970676779747 0.762382060289383 0.644636258482933 0.569998875260353 0.537740215659142 0.456891462206841 1.35196023434401 0.768207192420959 0.769438326358795 0.751588851213455 0.70830112695694 1.09782008081675 0.748794794082642 0.743970036506653 0.714701592922211
-9999 -9999 -9999 -9999 -9999 -9999 -9999 -9999 -9999 -9999 -9999 -9999 -9999 16.6274771690369 16.6274771690369 16.6274771690369 -9999 -9999 -9999 -9999 -9999 -9999 4.94490551948547 4.94490551948547 4.94490551948547 0.308659605681896 1.71293538808823 1.60487776994705 1.33491379022598 1.05424770712852 0.777795821428299 0.773077011108398 0.79700043797493 0.674997389316559 0.633532091975212 0.626894295215607 0.633981585502625 0.642021104693413 0.633154436945915 0.633756682276726 0.761812895536423 0.62041474878788 0.602570995688438 0.598548710346222 0.554822668433189 0.574263587594032 0.578022748231888 0.654503971338272 0.683987393975258 0.656066134572029 0.649092525243759 0.613472431898117 0.470660001039505 0.899013921618462 1.00536449253559 0.394934579730034 0.508406594395638 0.562429413199425 0.798765599727631 0.762545317411423 0.732169389724731 0.706328496336937
-9999 -9999 -9999 -9999 -9999 -9999 -9999 -9999 -9999 -9999 -9999 -9999 -9999 -9999 -9999 -9999 -9999 -9999 -9999 -9999 -9999 -9999 -9999 -9999 -9999 -9999 2.28224176168442 2.11922264099121 1.88084971904755 1.27391490340233 0.906608104705811 1.10494717955589 1.17947691679001 0.9440558552742 0.709947645664215 0.666236087679863 0.659328460693359 0.645280078053474 0.672514915466309 0.716668009757996 0.696731865406036 0.686400577425957 0.687397643923759 0.635106593370438 0.558633863925934 0.536351546645164 0.527269273996353 0.523083999752998 0.649697542190552 0.683843538165092 0.720830842852592 0.801480889320374 0.707700490951538 0.531050160527229 0.545071095228195 0.482741698622704 0.421026349067688 0.469716355204582 0.714619562029839 0.752109199762344 0.728679522871971 0.692765191197395
-9999 -9999 -9999 -9999 -9999 -9999 -9999 -9999 -9999 -9999 -9999 -9999 -9999 -9999 -9999 -9999 -9999 -9999 -9999 -9999 -9999 -9999 -9999 -9999 -9999 -9999 -9999 -9999 2.85043448209763 2.39288753271103 1.85083132982254 1.57747596502304 1.28646665811539 0.902971386909485 0.697394415736198 0.741191849112511 0.822638064622879 0.823167711496353 0.747032046318054 0.767173916101456 0.759214639663696 0.694593295454979 0.689929202198982 0.730284467339516 0.728391632437706 0.718393698334694 0.662767767906189 0.641352295875549 0.710192129015923 0.776308536529541 0.837683647871017 0.984533429145813 0.963106691837311 0.651687204837799 0.545277580618858 0.551833435893059 0.495038956403732 0.433841988444328 0.416842505335808 1.4783391058445 0.691460609436035 0.647116452455521
