EcologicalScience/Bass/data/rs_data_bass/chl_27.asc
NCOLS 226 
NROWS 124 
XLLCORNER -9.41648524995501 
YLLCORNER 47.587301625531 
CELLSIZE 0.0833 
NODATA_value -9999 
[rows 54 to 80 of 124, columns 0 to 61 of 226]
-9999 -9999 -9999 -9999 -9999 -9999 -9999 -9999 -9999 -9999 -9999 -9999 -9999 -9999 -9999 -9999 -9999 -9999 -9999 -9999 -9999 -9999 -9999 -9999 -9999 -9999 -9999 -9999 -9999 -9999 -9999 -9999 -9999 -9999 -9999 -9999 -9999 -9999 4.29957673012973 2.54993055416987 2.61879605054855 2.32799255847931 1.92800545692444 1.496272534132 1.2659062743187 1.22598677873611 1.24118998646736 1.15039801597595 0.962618976831436 1.13285699486732 0.977639257907867 0.965884476900101 0.999061524868011 1.01265746355057 1.58773791790009 2.02595257759094 2.54964226484299 2.96735179424286 -9999 0.607058599591255 0.62790758907795 -9999
-9999 -9999 -9999 -9999 -9999 -9999 -9999 -9999 -9999 -9999 -9999 -9999 -9999 -9999 -9999 -9999 -9999 -9999 -9999 -9999 -9999 -9999 -9999 -9999 -9999 -9999 -9999 -9999 -9999 -9999 -9999 -9999 -9999 -9999 -9999 -9999 -9999 -9999 -9999 2.0219309926033 2.47353082895279 2.36683577299118 1.80875766277313 1.77479481697083 1.26685425639153 1.10868296027184 1.09167677164078 1.09757101535797 1.02459526062012 0.76365002989769 0.905981987714767 0.886789530515671 1.02876752614975 1.30923753976822 1.95609229803085 2.20169699192047 2.43450179100037 -9999 -9999 -9999 -9999 -9999
-9999 -9999 -9999 -9999 -9999 -9999 -9999 -9999 -9999 -9999 -9999 -9999 -9999 -9999 -9999 -9999 -9999 -9999 -9999 -9999 -9999 -9999 -9999 -9999 -9999 -9999 -9999 -9999 -9999 -9999 -9999 -9999 -9999 -9999 -9999 -9999 -9999 -9999 -9999 -9999 2.12769967317581 2.91951602697372 2.20314681529999 1.84173452854156 1.67031973600388 1.22793379426003 1.09060648083687 1.0035674571991 1.00879427790642 0.86821049451828 0.914745032787323 0.941216289997101 1.15430322289467 1.46271371841431 1.80822819471359 2.12872195243835 2.19992405176163 2.72531651258469 2.60254883766174 -9999 -9999 -9999
-9999 -9999 -9999 -9999 -9999 -9999 -9999 -9999 -9999 -9999 -9999 -9999 -9999 -9999 -9999 -9999 -9999 -9999 -9999 -9999 -9999 -9999 -9999 -9999 -9999 -9999 -9999 -9999 -9999 -9999 -9999 -9999 -9999 -9999 -9999 -9999 -9999 -9999 -9999 -9999 2.02313625812531 3.30539917945862 2.86095982789993 2.30877220630646 2.06470423936844 1.47605627775192 1.26687070727348 1.06836372613907 0.997304230928421 0.961209744215012 0.770475715398788 0.892834514379501 1.02687978744507 1.20156526565552 1.48815903067589 1.61503279209137 1.75933045148849 2.13241946697235 3.0132383108139 3.35020184516907 3.0350786447525 -9999
-9999 -9999 -9999 -9999 -9999 -9999 -9999 -9999 -9999 -9999 -9999 -9999 -9999 -9999 -9999 -9999 -9999 -9999 -9999 -9999 -9999 -9999 -9999 -9999 -9999 -9999 -9999 -9999 -9999 -9999 -9999 -9999 -9999 -9999 -9999 -9999 -9999 -9999 -9999 -9999 -9999 2.50009042024612 2.68692219257355 2.77606505155563 2.72885030508041 2.16075754165649 1.35593551397324 1.25195771455765 1.10403370857239 0.937366515398026 0.794190019369125 0.830498993396759 0.906154543161392 1.06198051571846 1.21462950110435 1.35376954078674 1.87701970338821 2.50812005996704 2.85890024900436 3.27364575862885 4.64778363704681 -9999
-9999 -9999 -9999 -9999 -9999 -9999 -9999 -9999 -9999 -9999 -9999 -9999 -9999 -9999 -9999 -9999 -9999 -9999 -9999 -9999 -9999 -9999 -9999 -9999 -9999 -9999 -9999 -9999 -9999 -9999 -9999 -9999 -9999 -9999 -9999 -9999 -9999 -9999 -9999 -9999 -9999 2.94201368093491 2.52774220705032 2.65444207191467 2.14863306283951 1.87380892038345 1.56898427009583 1.2523695230484 1.12792646884918 0.827067732810974 0.777492731809616 0.803283780813217 1.00543650984764 1.10764199495316 1.20601201057434 1.34377571940422 1.64277827739716 3.16322386264801 2.07373523712158 -9999 -9999 -9999
-9999 -9999 -9999 -9999 -9999 -9999 -9999 -9999 -9999 -9999 -9999 -9999 -9999 -9999 -9999 -9999 -9999 -9999 -9999 -9999 -9999 -9999 -9999 -9999 -9999 -9999 -9999 -9999 -9999 -9999 -9999 -9999 -9999 -9999 -9999 -9999 -9999 -9999 -9999 -9999 2.86907476186752 2.83953076601028 2.59179979562759 1.97088897228241 1.61325681209564 1.31305423378944 1.45741948485374 1.2617594897747 0.926352739334106 0.829837471246719 0.828078746795654 0.862839013338089 1.00129947066307 1.19310826063156 1.34824499487877 1.50243079662323 1.84015130996704 -9999 -9999 3.56280434131622 13.9829406738281 7.56455397605896
-9999 -9999 -9999 -9999 -9999 -9999 -9999 -9999 -9999 -9999 -9999 -9999 -9999 -9999 -9999 -9999 -9999 -9999 -9999 -9999 -9999 -9999 -9999 -9999 -9999 -9999 -9999 -9999 -9999 -9999 -9999 -9999 -9999 -9999 -9999 -9999 -9999 -9999 -9999 2.37893888354301 2.90151304006577 2.36230570077896 1.88934820890427 1.62787806987762 1.17295271158218 1.15699499845505 1.27929076552391 1.12189722061157 0.981039762496948 0.870043516159058 0.873030781745911 0.939998209476471 1.00260901451111 1.15497824549675 1.39050900936127 1.39102649688721 1.87494832277298 1.90047526359558 1.89745116233826 1.90386754274368 3.46771287918091 3.12470412254333
-9999 -9999 -9999 -9999 -9999 -9999 -9999 -9999 -9999 -9999 -9999 -9999 -9999 -9999 -9999 -9999 -9999 -9999 -9999 -9999 -9999 -9999 -9999 -9999 -9999 -9999 -9999 -9999 -9999 -9999 -9999 -9999 -9999 -9999 -9999 -9999 -9999 -9999 -9999 2.71140789985657 2.43623471260071 1.84152299165726 1.39724403619766 1.17723226547241 1.06572899222374 1.1498309969902 1.13570854067802 1.00573199987411 0.952526986598969 0.825828731060028 0.872102290391922 0.971161544322968 1.02001422643661 1.1093542277813 1.43958073854446 1.58296716213226 1.6744612455368 1.6597815155983 1.6213898062706 1.65801519155502 1.74768966436386 2.10749405622482
-9999 -9999 -9999 -9999 -9999 -9999 -9999 -9999 -9999 -9999 -9999 -9999 -9999 -9999 -9999 -9999 -9999 -9999 -9999 -9999 -9999 -9999 -9999 -9999 -9999 -9999 -9999 -9999 -9999 -9999 -9999 -9999 -9999 -9999 -9999 -9999 -9999 -9999 2.97414600849152 2.71036505699158 2.34261453151703 1.37621024250984 1.12011900544167 1.04248353838921 1.0069777071476 1.01497051119804 0.95541375875473 0.899428457021713 0.861855715513229 0.800385743379593 0.881153225898743 0.972837746143341 1.09685853123665 1.1775307059288 1.26730272173882 1.33710971474648 1.33385699987411 1.34781450033188 1.34844070672989 1.37515872716904 1.49771627783775 1.62336891889572
-9999 -9999 -9999 -9999 -9999 -9999 -9999 -9999 -9999 -9999 -9999 -9999 -9999 -9999 -9999 -9999 -9999 -9999 -9999 -9999 -9999 -9999 -9999 -9999 -9999 -9999 -9999 -9999 -9999 -9999 -9999 -9999 -9999 -9999 -9999 -9999 -9999 -9999 2.65416741371155 2.43688952922821 1.96604257822037 1.37068203091621 1.00375270843506 0.986486256122589 0.97327646613121 0.951763540506363 0.84875625371933 0.841775983572006 0.834459722042084 0.86764195561409 0.845196783542633 0.991880267858505 1.03995448350906 1.1173822581768 1.15410223603249 1.28479796648026 1.15134224295616 1.09289029240608 1.12449154257774 1.15584298968315 1.13661298155785 1.27827072143555
-9999 -9999 -9999 -9999 -9999 -9999 -9999 -9999 -9999 -9999 -9999 -9999 -9999 -9999 -9999 -9999 -9999 -9999 -9999 -9999 -9999 -9999 -9999 -9999 -9999 -9999 -9999 -9999 -9999 -9999 -9999 -9999 -9999 -9999 -9999 -9999 -9999 -9999 3.16428208351135 2.5114266872406 1.54631692171097 1.22326353192329 1.02891826629639 0.979611754417419 0.934434771537781 0.871954500675201 0.821286767721176 0.798268496990204 0.870601505041122 0.991125762462616 0.989596456289291 1.04072400927544 1.12007474899292 1.21774274110794 1.28858998417854 1.22488126158714 1.08513075113297 1.05530476570129 0.99534747004509 1.00537803769112 1.02220496535301 1.38083025813103
-9999 -9999 -9999 -9999 -9999 -9999 -9999 -9999 -9999 -9999 -9999 -9999 -9999 -9999 -9999 -9999 -9999 -9999 -9999 -9999 -9999 -9999 -9999 -9999 -9999 -9999 -9999 -9999 -9999 -9999 -9999 -9999 -9999 -9999 -9999 -9999 -9999 2.22508352994919 2.58041167259216 1.88131123781204 1.35909301042557 1.09616401791573 1.00843870639801 0.938869535923004 0.871535986661911 0.841065734624863 0.792908996343613 0.732093751430511 0.874428749084473 0.97729504108429 1.08788323402405 1.08167096972466 1.16440495848656 1.23265653848648 1.23494848608971 1.18225273489952 1.08942371606827 1.03455528616905 1.06220251321793 1.09620451927185 1.23813450336456 1.75264191627502
-9999 -9999 -9999 -9999 -9999 -9999 -9999 -9999 -9999 -9999 -9999 -9999 -9999 -9999 -9999 -9999 -9999 -9999 -9999 -9999 -9999 -9999 -9999 -9999 -9999 -9999 -9999 -9999 -9999 -9999 -9999 -9999 -9999 -9999 -9999 -9999 10.5669954740084 2.58399903774261 2.34644258022308 1.76027691364288 1.52166366577148 1.28472152352333 1.14506247639656 0.925846517086029 0.836372226476669 0.759280532598495 0.743526756763458 0.751262247562408 0.848345965147018 0.902478039264679 1.03093278408051 1.16289299726486 1.23686626553535 1.29038026928902 1.33198875188828 1.25466299057007 1.20777225494385 1.12458595633507 1.32245171070099 1.83496195077896 2.32374894618988 1.86061128973961
-9999 -9999 -9999 -9999 -9999 -9999 -9999 -9999 -9999 -9999 -9999 -9999 -9999 -9999 -9999 -9999 -9999 -9999 -9999 -9999 -9999 -9999 -9999 -9999 -9999 -9999 -9999 -9999 -9999 -9999 -9999 1.9821400642395 1.83473019416516 -9999 2.10493344068527 -9999 1.93438314474546 2.67943346500397 2.08671516180038 1.89063906669617 1.24058774113655 1.01499447226524 0.961815029382706 0.884488463401794 0.815033286809921 0.815593510866165 0.822651743888855 0.866529017686844 0.888603776693344 1.00473976135254 1.06984421610832 1.12778770923615 1.2258757352829 1.48391175270081 1.55225622653961 1.65056097507477 1.72326081991196 1.86582005023956 1.54854601621628 1.4808067381382 2.57679457962513 1.40592956542969
-9999 -9999 -9999 -9999 -9999 -9999 -9999 -9999 -9999 -9999 -9999 -9999 -9999 -9999 -9999 -9999 -9999 -9999 -9999 -9999 -9999 -9999 0.346259817481041 2.72888871175902 4.04340827465057 7.19208884239197 4.7434823513031 4.00261795520782 2.93503868579865 2.23759353160858 2.35998076200485 2.52042531967163 3.29947364330292 1.63268552720547 2.68684351444244 4.44765508174896 2.59412169456482 1.89096969366074 1.58059197664261 1.5727447271347 1.5971902012825 1.41324296593666 1.33820101618767 1.23304796218872 1.16530948877335 1.04324027895927 1.04377046227455 1.0135455429554 1.05880424380302 1.19057849049568 1.33810347318649 1.44360896945 1.58497506380081 1.77603381872177 2.21224057674408 2.70353400707245 3.61781466007233 6.28225064277649 2.52593806911917 -9999 -9999 -9999
-9999 -9999 -9999 -9999 -9999 -9999 -9999 -9999 -9999 -9999 -9999 -9999 -9999 -9999 -9999 -9999 -9999 -9999 -9999 -9999 -9999 -9999 0.853568226099014 0.814943969249725 1.0447162091732 1.30799996852875 1.61598908901215 1.47241276502609 1.86844950914383 1.51514554023743 1.52212733030319 1.74520719051361 1.82243245840073 1.68493723869324 1.67934966087341 1.71567606925964 1.80015832185745 1.18849128484726 1.20145726203918 1.52612328529358 1.57164967060089 1.24865546822548 1.24893298745155 1.3668794631958 1.06079095602036 0.735884249210358 1.15425145626068 1.12120646238327 1.19587129354477 1.25280672311783 1.61382383108139 1.55346751213074 1.73413270711899 2.03221124410629 2.5828838467598 -9999 -9999 -9999 -9999 -9999 -9999 -9999
-9999 -9999 -9999 -9999 -9999 -9999 -9999 -9999 -9999 -9999 -9999 -9999 -9999 -9999 -9999 -9999 -9999 -9999 -9999 37.4510822296143 13.2244567871094 1.63365304470062 0.879382520914078 0.861379534006119 0.888000726699829 0.902523010969162 0.977236479520798 0.868173748254776 0.861810028553009 1.22890573740005 1.38186746835709 1.52170425653458 1.13930922746658 1.02301123738289 1.09305149316788 1.14931279420853 1.29042828083038 1.39726728200912 1.24613928794861 1.18979170918465 1.03916099667549 1.20489004254341 1.26904803514481 0.806297957897186 0.615868493914604 0.909461975097656 1.26275852322578 1.44115653634071 1.66441351175308 1.88624775409698 2.55925941467285 -9999 -9999 -9999 -9999 -9999 -9999 -9999 -9999 -9999 -9999 -9999
-9999 -9999 -9999 -9999 -9999 -9999 -9999 -9999 -9999 -9999 -9999 -9999 -9999 -9999 -9999 -9999 -9999 4.96967875957489 3.46892094612122 2.86683663725853 5.57848334312439 0.752376705408096 0.900427490472794 0.773047506809235 0.748359739780426 0.783158272504807 0.759777724742889 0.752639293670654 0.767963290214539 0.787599742412567 0.630130134522915 1.21155524253845 1.13582628965378 1.09110751748085 1.09172478318214 1.2138397693634 1.0118400156498 1.19978696107864 1.01457452774048 0.828314960002899 0.792988479137421 0.777254283428192 0.874875783920288 1.06302228569984 0.999006003141403 1.20627674460411 1.45646998286247 2.09010976552963 2.05748623609543 0.97037547826767 2.19250273704529 -9999 -9999 -9999 -9999 -9999 -9999 -9999 -9999 -9999 -9999 -9999
-9999 -9999 -9999 -9999 -9999 -9999 -9999 -9999 -9999 -9999 -9999 -9999 -9999 -9999 2.50396612286568 5.35807907581329 4.69811502099037 1.81374187767506 0.783798784017563 0.845191866159439 0.538024485111237 0.479272484779358 0.659169003367424 0.678746983408928 0.74506875872612 0.774895459413528 0.701069265604019 0.796746790409088 0.744245231151581 0.822026968002319 0.867519736289978 1.19998946785927 1.21070623397827 1.09632897377014 1.13143873214722 1.07097977399826 1.00781625509262 0.969801753759384 0.953036963939667 0.82864049077034 0.796402484178543 0.830849289894104 0.953995496034622 1.03913551568985 1.41493946313858 1.60247254371643 1.86034423112869 2.03563123941422 2.2330110669136 0.905439734458923 1.28623723983765 9.42892716612135 -9999 -9999 -9999 -9999 -9999 -9999 -9999 -9999 -9999 -9999
-9999 -9999 -9999 -9999 -9999 -9999 -9999 -9999 -9999 -9999 -9999 3.4852888584137 2.37880808115005 0.773975998163223 2.49329620599747 0.430396512150764 0.406636521220207 0.552459374070168 0.599599130451679 0.598796993494034 0.553014770150185 0.566687241196632 0.457080736756325 0.48396822810173 0.497485868632793 0.437785506248474 0.506737500429153 0.512280017137527 0.98854798078537 0.53159212321043 0.54449674487114 1.07050573825836 1.11744752526283 1.18806526064873 1.23963448405266 1.34916374087334 1.04158347845078 0.890741229057312 0.852957040071487 0.862767040729523 0.803017526865005 0.921778500080109 0.954619467258453 1.28106227517128 1.59777903556824 1.75835180282593 1.92654669284821 2.08316248655319 2.23085027933121 1.44157680273056 1.80311326682568 -9999 -9999 -9999 -9999 -9999 2.73080537804337 4.48445248603821 3.35679602622986 3.37527537345886 9.61481636304122 -9999
-9999 -9999 -9999 -9999 -9999 -9999 -9999 -9999 -9999 3.50601518154144 1.94730148776885 0.664548754692078 0.531081765890121 0.68410237133503 0.632117629051208 0.44701874256134 0.274844996631145 0.56623238325119 0.553301610052586 0.55944187939167 0.492032624781132 0.480657376348972 0.460186511278152 0.451336517930031 0.489530995488167 0.426848977804184 0.438974261283875 0.591645732522011 1.0414987206459 0.966412514448166 0.986553758382797 1.12682399153709 1.11579376459122 1.00569078326225 1.07357096672058 0.989771246910095 0.947192966938019 0.95738473534584 0.93797779083252 1.01356878876686 0.940991252660751 0.981597751379013 1.04792547225952 1.15700250864029 1.14331197738647 1.64054542779922 2.47399878501892 2.44677972793579 2.67250567674637 2.3745111823082 2.22221624851227 2.32088541984558 2.17317318916321 2.30175828933716 2.38369131088257 2.36467641592026 3.09942841529846 4.3732191324234 7.81797909736633 6.01214289665222 6.46323394775391 -9999
-9999 -9999 -9999 -9999 -9999 0.785638332366943 1.14276602864265 1.69243928790092 0.628690145909786 0.58838626742363 0.503834992647171 0.471784517168999 0.606147736310959 0.607607990503311 0.518901005387306 0.575483992695808 0.238901250064373 0.229661241173744 0.575464501976967 0.560208767652512 0.560357250273228 0.350275509059429 0.437501236796379 0.449409753084183 0.47359125316143 0.484698727726936 0.629171267151833 0.715120509266853 0.775664985179901 0.799536734819412 0.84366899728775 1.01065349578857 1.13551872968674 1.09722071886063 1.1282662153244 1.14003753662109 1.11055648326874 1.10472974181175 0.868408530950546 0.868028998374939 0.810876756906509 0.840216726064682 0.845129281282425 0.924947261810303 1.04780548810959 0.921333789825439 1.05377697944641 2.0818680524826 3.80410730838776 3.09603381156921 2.27080732584 2.32528120279312 2.43616425991058 2.66684317588806 2.61958801746368 2.60168695449829 2.61938846111298 2.32671368122101 2.52668023109436 3.47449207305908 2.52095317840576 2.59406930208206
-9999 -9999 -9999 -9999 -9999 1.01369726657867 0.532439991831779 0.467858612537384 0.461395885795355 0.35011350363493 0.466792479157448 0.471137255430222 0.453822746872902 0.494719505310059 0.461904019117355 0.537935256958008 0.256134755909443 0.310905754566193 0.245722509920597 0.623907387256622 0.630538500845432 0.439520984888077 0.471536234021187 0.285612747073174 0.294447742402554 0.454370230436325 0.484032019972801 0.49347522854805 0.49429951608181 0.500395506620407 0.516096755862236 0.611198231577873 0.783087015151978 0.652774147689342 1.02337574958801 0.851362466812134 0.967727243900299 0.991631269454956 0.685493230819702 0.712334230542183 0.742379978299141 0.737408995628357 0.746087998151779 0.58856999874115 0.595155760645866 0.56716950237751 0.477530255913734 0.582304492592812 1.41659098863602 1.96604633331299 1.82378697395325 2.14185744524002 2.08965218067169 1.89670568704605 1.57027566432953 1.55138558149338 1.55458956956863 1.46971052885056 1.64149206876755 1.76941430568695 1.99426281452179 2.07523280382156
-9999 -9999 -9999 -9999 -9999 0.495157510042191 0.474028497934341 0.553724259138107 0.511930502951145 0.566376015543938 0.588842242956161 0.604951500892639 0.603666767477989 0.584344491362572 0.588285729289055 0.598949253559113 0.616228491067886 0.381812229752541 0.266093239188194 0.239076755940914 0.538502611219883 0.500111639499664 0.357783380895853 0.34722226113081 0.348618753254414 0.377442017197609 0.390506252646446 0.406508982181549 0.427062749862671 0.463855504989624 0.498324751853943 0.595421254634857 0.897212237119675 1.1497762799263 1.0726800262928 0.700877979397774 0.720350235700607 0.688290014863014 0.713787764310837 0.816848248243332 0.745413735508919 0.55849801003933 0.473071485757828 0.479127734899521 0.432235479354858 0.413994759321213 0.402469485998154 0.415725007653236 0.463062018156052 0.494258254766464 0.487937271595001 0.534279763698578 0.658184990286827 0.765987038612366 0.848473459482193 1.31822472810745 1.32848399877548 1.27276504039764 1.43109601736069 1.56978678703308 1.6788255572319 1.71216595172882
-9999 -9999 -9999 -9999 -9999 0.528662234544754 0.53405624628067 0.559549480676651 0.501923628151417 0.492316491901875 0.614868745207787 0.596556767821312 0.619877994060516 0.591540768742561 0.578781008720398 0.630675002932549 0.61864498257637 0.59501476585865 0.426566988229752 0.340741507709026 0.554304733872414 0.562508270144463 0.475078493356705 0.371140502393246 0.396402731537819 0.386360988020897 0.429939731955528 0.476803511381149 0.488842517137527 0.504227980971336 0.528235495090485 0.537428990006447 0.578324258327484 0.686669021844864 1.07549171894789 0.757756501436234 0.677937000989914 0.70031476020813 0.625697270035744 0.904606461524963 0.754560023546219 0.37806598842144 0.389423981308937 0.436466261744499 0.438838496804237 0.777010470628738 0.55070324242115 0.425574749708176 0.413188487291336 0.472847253084183 0.51273974776268 0.48327299952507 0.512262761592865 0.746986493468285 0.810533255338669 1.37703296542168 1.37937372922897 1.22082522511482 1.36803004145622 1.78122067451477 2.16621297597885 2.1612269282341
-9999 -9999 -9999 -9999 -9999 0.491196021437645 0.534767255187035 0.59628076851368 0.62541076540947 0.615842252969742 0.621532514691353 0.66311551630497 0.669295504689217 0.710241749882698 0.714326977729797 0.716576993465424 0.661747500300407 0.596659496426582 0.549564734101295 0.476443514227867 0.406567499041557 0.398736745119095 0.332304753363132 0.339218996465206 0.381702750921249 0.435800984501839 0.490476742386818 0.494835019111633 0.525185242295265 0.535341739654541 0.576431259512901 0.535842016339302 0.661122009158134 0.704571738839149 0.676578730344772 0.693138733506203 0.844819486141205 0.909956216812134 0.691945508122444 0.787313997745514 0.623543992638588 0.415977001190186 0.405168011784554 0.434408247470856 0.455212891101837 0.414387367665768 0.427963502705097 0.429639488458633 0.43512524664402 0.416729271411896 0.459752261638641 0.423814505338669 0.547059014439583 0.893813252449036 1.29438900947571 1.4104335308075 1.78782069683075 1.2480896115303 1.19573852419853 1.55573469400406 1.86024302244186 2.06802821159363
