EcologicalScience/Bass/data/rs_data_bass/chl_126.asc
NCOLS 226 
NROWS 124 
XLLCORNER -9.41648524995501 
YLLCORNER 47.587301625531 
CELLSIZE 0.0833 
NODATA_value -9999 
[rows 54 to 80 of 124, columns 0 to 61 of 226]
-9999 -9999 -9999 -9999 -9999 -9999 -9999 -9999 -9999 -9999 -9999 -9999 -9999 -9999 -9999 -9999 -9999 -9999 -9999 -9999 -9999 -9999 -9999 -9999 -9999 -9999 -9999 -9999 -9999 -9999 -9999 -9999 -9999 -9999 -9999 -9999 -9999 -9999 4.59748328444492 2.3649690747261 2.09428650140762 1.99554973840714 1.55944955348969 1.19363397359848 1.23639750480652 1.28019753098488 1.12680226564407 1.01036247611046 0.898628979921341 0.927337870001793 0.748720496892929 0.877579852938652 0.957646161317825 1.10654363036156 1.55550742149353 1.77428251504898 1.98069673776627 2.1277574300766 -9999 0.607058599591255 0.62790758907795 1.12311276469542
-9999 -9999 -9999 -9999 -9999 -9999 -9999 -9999 -9999 -9999 -9999 -9999 -9999 -9999 -9999 -9999 -9999 -9999 -9999 -9999 -9999 -9999 -9999 -9999 -9999 -9999 -9999 -9999 -9999 -9999 -9999 -9999 -9999 -9999 -9999 -9999 -9999 -9999 -9999 2.25584276765585 2.07414042949677 2.09023493528366 1.57633352279663 1.83500468730927 1.36021873354912 1.24347603321075 0.997459530830383 0.881920516490936 0.86243399977684 0.855425253510475 0.839837282896042 0.828804731369019 1.03228202462196 1.4916427731514 1.77173852920532 1.8989714384079 2.3579962849617 -9999 -9999 -9999 -9999 -9999
-9999 -9999 -9999 -9999 -9999 -9999 -9999 -9999 -9999 -9999 -9999 -9999 -9999 -9999 -9999 -9999 -9999 -9999 -9999 -9999 -9999 -9999 -9999 -9999 -9999 -9999 -9999 -9999 -9999 -9999 -9999 -9999 -9999 -9999 -9999 -9999 -9999 -9999 -9999 -9999 1.9416735470295 1.91629421710968 1.76276475191116 1.87721782922745 1.81428158283234 1.36919850111008 1.40260049700737 1.17798972129822 0.888890236616135 0.868781983852386 0.750057756900787 1.08892987668514 1.50292575359344 1.57967931032181 1.528011739254 1.45877847075462 1.56685566902161 1.74754947423935 1.8591582775116 -9999 -9999 -9999
-9999 -9999 -9999 -9999 -9999 -9999 -9999 -9999 -9999 -9999 -9999 -9999 -9999 -9999 -9999 -9999 -9999 -9999 -9999 -9999 -9999 -9999 -9999 -9999 -9999 -9999 -9999 -9999 -9999 -9999 -9999 -9999 -9999 -9999 -9999 -9999 -9999 -9999 -9999 -9999 2.13032076358795 2.05853694677353 2.03053647279739 2.02106845378876 2.05902457237244 1.83189672231674 1.47029998898506 1.41805502772331 1.17297452688217 1.03083971142769 0.912388131022453 0.99038328230381 1.20254288613796 1.31583295762539 1.42528653144836 1.26918071508408 1.32838127017021 1.45982095599174 1.5707271695137 2.04440170526505 17.6668112828181 -9999
-9999 -9999 -9999 -9999 -9999 -9999 -9999 -9999 -9999 -9999 -9999 -9999 -9999 -9999 -9999 -9999 -9999 -9999 -9999 -9999 -9999 -9999 -9999 -9999 -9999 -9999 -9999 -9999 -9999 -9999 -9999 -9999 -9999 -9999 -9999 -9999 -9999 -9999 -9999 -9999 -9999 2.12091600894928 2.28148877620697 2.39789021015167 2.37307870388031 2.18650656938553 1.68064498901367 1.50417441129684 1.5167618393898 1.10672923922539 0.829518020153046 0.972920268774033 0.982802242040634 1.22766998410225 1.2054052054882 1.24664327502251 1.36264201998711 1.42317375540733 1.49159172177315 1.64510625600815 2.08770596981049 -9999
-9999 -9999 -9999 -9999 -9999 -9999 -9999 -9999 -9999 -9999 -9999 -9999 -9999 -9999 -9999 -9999 -9999 -9999 -9999 -9999 -9999 -9999 -9999 -9999 -9999 -9999 -9999 -9999 -9999 -9999 -9999 -9999 -9999 -9999 -9999 -9999 -9999 -9999 -9999 -9999 -9999 2.43621003627777 2.2258358001709 2.01886796951294 1.85264021158218 1.59015369415283 1.493930965662 1.29832425713539 1.20795902609825 0.914809495210648 0.791864991188049 0.79247322678566 1.0664250254631 1.00950372219086 1.32864528894424 1.37742903828621 1.47002926468849 1.59264224767685 1.58058446645737 -9999 -9999 -9999
-9999 -9999 -9999 -9999 -9999 -9999 -9999 -9999 -9999 -9999 -9999 -9999 -9999 -9999 -9999 -9999 -9999 -9999 -9999 -9999 -9999 -9999 -9999 -9999 -9999 -9999 -9999 -9999 -9999 -9999 -9999 -9999 -9999 -9999 -9999 -9999 -9999 -9999 -9999 -9999 1.80657076835632 1.9816523194313 1.82926958799362 1.61041796207428 1.52351993322372 1.3152742087841 1.19110572338104 1.17909899353981 1.01869350671768 0.844095021486282 0.864003717899323 0.885230988264084 0.886703252792358 1.00849351286888 1.20702677965164 1.42923071980476 1.52724373340607 -9999 -9999 2.48580980300903 2.33570998907089 2.32932150363922
-9999 -9999 -9999 -9999 -9999 -9999 -9999 -9999 -9999 -9999 -9999 -9999 -9999 -9999 -9999 -9999 -9999 -9999 -9999 -9999 -9999 -9999 -9999 -9999 -9999 -9999 -9999 -9999 -9999 -9999 -9999 -9999 -9999 -9999 -9999 -9999 -9999 -9999 -9999 2.09416859149933 1.69448554515839 1.74084448814392 1.69360131025314 1.46264174580574 1.21703553199768 1.13716274499893 1.23491621017456 1.00247776508331 1.0142534673214 0.951677262783051 0.871193289756775 0.877325266599655 0.898541986942291 1.09669125080109 1.25179874897003 1.73494881391525 1.65323549509048 1.69991916418076 1.80305099487305 1.99178248643875 2.05602300167084 1.96933794021606
-9999 -9999 -9999 -9999 -9999 -9999 -9999 -9999 -9999 -9999 -9999 -9999 -9999 -9999 -9999 -9999 -9999 -9999 -9999 -9999 -9999 -9999 -9999 -9999 -9999 -9999 -9999 -9999 -9999 -9999 -9999 -9999 -9999 -9999 -9999 -9999 -9999 -9999 -9999 2.18280529975891 1.71798008680344 1.66430246829987 1.48869895935059 1.20702677965164 1.08572325110435 1.15458074212074 1.04879021644592 0.889901965856552 0.888788223266602 0.782825231552124 0.830682724714279 0.894008964300156 0.931745231151581 0.985012471675873 1.30045571923256 1.33719071745872 1.37056571245193 1.48766478896141 1.88106447458267 1.84461826086044 1.66374224424362 1.63215458393097
-9999 -9999 -9999 -9999 -9999 -9999 -9999 -9999 -9999 -9999 -9999 -9999 -9999 -9999 -9999 -9999 -9999 -9999 -9999 -9999 -9999 -9999 -9999 -9999 -9999 -9999 -9999 -9999 -9999 -9999 -9999 -9999 -9999 -9999 -9999 -9999 -9999 -9999 2.67225417494774 2.11803030967712 1.58465999364853 1.29229348897934 1.05419477820396 0.924285739660263 0.937602013349533 1.06250470876694 0.982475280761719 0.893695503473282 0.835489511489868 0.754540532827377 0.930911958217621 1.00585877895355 0.986497521400452 1.01875197887421 1.05042976140976 1.11417675018311 1.11105528473854 1.26573452353477 1.58222776651382 1.48168274760246 1.44993603229523 1.52281272411346
-9999 -9999 -9999 -9999 -9999 -9999 -9999 -9999 -9999 -9999 -9999 -9999 -9999 -9999 -9999 -9999 -9999 -9999 -9999 -9999 -9999 -9999 -9999 -9999 -9999 -9999 -9999 -9999 -9999 -9999 -9999 -9999 -9999 -9999 -9999 -9999 -9999 -9999 2.22986787557602 1.94115328788757 1.51695674657822 1.04696479439735 0.850431740283966 0.866966217756271 0.933353215456009 0.969040542840958 0.8827905356884 0.834103524684906 0.82719898223877 0.778281033039093 0.915996730327606 0.911691784858704 0.892774522304535 0.976701736450195 1.00485670566559 1.01299801468849 1.11207604408264 1.18762198090553 1.26622277498245 1.31268829107285 1.32021224498749 1.43179947137833
-9999 -9999 -9999 -9999 -9999 -9999 -9999 -9999 -9999 -9999 -9999 -9999 -9999 -9999 -9999 -9999 -9999 -9999 -9999 -9999 -9999 -9999 -9999 -9999 -9999 -9999 -9999 -9999 -9999 -9999 -9999 -9999 -9999 -9999 -9999 -9999 -9999 2.4676575000797 2.03782278299332 1.62324893474579 1.34906396269798 1.00409853458405 0.830918222665787 0.876733481884003 0.89205077290535 0.865425020456314 0.846241503953934 0.78793653845787 0.797284483909607 0.808248728513718 0.854166001081467 0.833981215953827 0.852605223655701 0.948637515306473 1.00398221611977 0.968115717172623 1.01627621054649 1.06109923124313 1.02876377105713 1.06924420595169 1.2391200363636 1.52412074804306
-9999 -9999 -9999 -9999 -9999 -9999 -9999 -9999 -9999 -9999 -9999 -9999 -9999 -9999 -9999 -9999 -9999 -9999 -9999 -9999 -9999 -9999 -9999 -9999 -9999 -9999 -9999 -9999 -9999 -9999 -9999 -9999 -9999 -9999 -9999 -9999 -9999 2.48773795366287 1.95478051900864 1.55078333616257 1.34472897648811 1.03714647889137 0.823213487863541 0.823528468608856 0.837628483772278 0.802211254835129 0.787197768688202 0.795273005962372 0.813346534967422 0.830904006958008 0.835470020771027 0.862721264362335 0.946891486644745 1.00527450442314 1.09470373392105 1.05712053179741 0.973864495754242 1.01062801480293 1.06001329421997 1.12155523896217 1.16669628024101 1.51065981388092
-9999 -9999 -9999 -9999 -9999 -9999 -9999 -9999 -9999 -9999 -9999 -9999 -9999 -9999 -9999 -9999 -9999 -9999 -9999 -9999 -9999 -9999 -9999 -9999 -9999 -9999 -9999 -9999 -9999 -9999 -9999 -9999 -9999 -9999 -9999 -9999 3.68509322404861 2.61516451835632 2.03114926815033 1.23232197761536 1.06582573056221 0.866463750600815 0.830627292394638 0.834903717041016 0.812767535448074 0.822780758142471 0.832329779863358 0.876489043235779 0.872936993837357 0.907014012336731 0.934889227151871 0.971653461456299 1.04975473880768 1.06211623549461 1.07842424511909 1.03496772050858 1.00809153914452 1.02275928854942 1.14799198508263 1.2548902630806 1.34464126825333 1.63243281841278
-9999 -9999 -9999 -9999 -9999 -9999 -9999 -9999 -9999 -9999 -9999 -9999 -9999 -9999 -9999 -9999 -9999 -9999 -9999 -9999 -9999 -9999 -9999 -9999 -9999 -9999 -9999 -9999 -9999 -9999 -9999 2.27316749095917 2.14619618654251 -9999 2.10493344068527 2.1545512676239 1.48907250165939 1.61552166938782 1.26844051480293 1.05606678128242 0.853776007890701 0.872419506311417 0.906053960323334 0.937426507472992 0.888341277837753 0.92976450920105 0.942894726991653 0.965105205774307 0.956778019666672 0.981777727603912 1.02963227033615 1.03132796287537 1.04382374882698 1.085917532444 1.01545053720474 0.982407778501511 1.00374671816826 1.09682920575142 1.15754324197769 1.37642776966095 1.6115385890007 1.67615693807602
-9999 -9999 -9999 -9999 -9999 -9999 -9999 -9999 -9999 -9999 -9999 -9999 -9999 -9999 -9999 -9999 -9999 -9999 -9999 -9999 -9999 -9999 0.346259817481041 1.72805482149124 1.46245649456978 1.53633373975754 1.71517199277878 2.02089893817902 2.26887220144272 2.79231905937195 1.83205944299698 1.43260198831558 1.35674402117729 1.37864327430725 1.2292859852314 1.07414853572845 0.990917980670929 0.950458467006683 0.9375179708004 0.858728259801865 0.887695491313934 0.994124293327332 1.01642775535583 0.938915222883224 0.896856755018234 1.01862600445747 1.08797773718834 1.0932659804821 1.14442348480225 1.15114277601242 1.16716504096985 1.18551823496819 1.25280752778053 1.33508026599884 1.79990699887276 1.03033795952797 1.28163376450539 1.28215277194977 2.54591446173819 -9999 -9999 -9999
-9999 -9999 -9999 -9999 -9999 -9999 -9999 -9999 -9999 -9999 -9999 -9999 -9999 -9999 -9999 -9999 -9999 -9999 -9999 -9999 -9999 -9999 1.7578073143959 1.50476843118668 1.28120845556259 1.36996275186539 1.24578148126602 1.18576571345329 1.24488151073456 1.4235637485981 1.38054075837135 0.951543778181076 0.87052720785141 0.79186275601387 0.736732497811317 0.754647016525269 0.770705223083496 0.813113987445831 0.797181040048599 0.827356517314911 0.963618725538254 0.984633028507233 0.97212678194046 0.906868457794189 0.824126243591309 0.864755988121033 1.09885123372078 1.26845321059227 1.33904778957367 1.28240472078323 1.49641728401184 1.33890902996063 1.29425552487373 1.64279329776764 1.92808708548546 -9999 -9999 -9999 -9999 -9999 -9999 -9999
-9999 -9999 -9999 -9999 -9999 -9999 -9999 -9999 -9999 -9999 -9999 -9999 -9999 -9999 -9999 -9999 -9999 -9999 -9999 1.46120129463573 3.75579357147217 2.28860092163086 1.77320998907089 1.3441027700901 0.870784521102905 0.868641793727875 0.731720253825188 0.745623752474785 0.743726268410683 0.678272232413292 0.643361985683441 0.584077522158623 0.640507489442825 0.759303778409958 0.753096789121628 0.74421451985836 0.744714751839638 0.801873028278351 0.947283715009689 1.01080128550529 1.01774024963379 0.946825504302979 0.890458524227142 0.851868778467178 0.821483999490738 0.933569222688675 1.40670150518417 1.62641841173172 1.74224781990051 1.6479367017746 1.7159451842308 -9999 -9999 -9999 -9999 -9999 -9999 -9999 -9999 -9999 -9999 -9999
-9999 -9999 -9999 -9999 -9999 -9999 -9999 -9999 -9999 -9999 -9999 -9999 -9999 -9999 -9999 -9999 -9999 1.91329568624496 2.12095946073532 2.65608894824982 2.97223806381226 2.25440633296967 1.2464137673378 0.73427926003933 0.686453238129616 0.639011979103088 0.70115701854229 0.754478216171265 0.676275014877319 0.610373228788376 0.674747228622437 0.682118251919746 0.773781716823578 0.807974964380264 0.762602269649506 0.73419226706028 0.749559000134468 0.824423253536224 0.964439213275909 1.05251026153564 0.955793291330338 0.912306010723114 0.849819034337997 0.806979775428772 0.861731261014938 1.2214327454567 1.57169705629349 1.88499891757965 2.14186871051788 1.81924957036972 1.71960157155991 -9999 -9999 -9999 -9999 -9999 -9999 -9999 -9999 -9999 -9999 -9999
-9999 -9999 -9999 -9999 -9999 -9999 -9999 -9999 -9999 -9999 -9999 -9999 -9999 -9999 1.80889731645584 3.3211065530777 3.24597537517548 2.51351094245911 1.16534096002579 0.867903023958206 0.983683526515961 1.06016099452972 0.852470219135284 0.709147498011589 0.64307776093483 0.542245522141457 0.585017994046211 0.650869488716125 0.647495985031128 0.697223246097565 0.744078755378723 0.760449707508087 0.751727968454361 0.81681901216507 0.90465447306633 0.725486978888512 0.824046760797501 0.985917001962662 1.0283617079258 0.906128257513046 0.848812490701675 0.802173793315887 0.781139999628067 0.768005222082138 0.999248206615448 1.2270525097847 1.43041652441025 1.70739680528641 1.76914125680923 1.57776743173599 1.59066152572632 2.00158131122589 -9999 -9999 -9999 -9999 -9999 -9999 -9999 -9999 -9999 -9999
-9999 -9999 -9999 -9999 -9999 -9999 -9999 -9999 -9999 -9999 -9999 2.51276431806752 1.70898824930191 1.39219799637794 1.44385725259781 1.62107473611832 1.3914270401001 1.14102450013161 1.17494997382164 0.882465720176697 0.950895041227341 0.750864744186401 0.723890259861946 0.6745875030756 0.711449235677719 0.721283242106438 0.762201011180878 0.665312245488167 0.76969501376152 0.77070227265358 0.72646875679493 0.759400516748428 0.793729484081268 0.844585508108139 0.917415708303452 0.819677263498306 0.83481377363205 0.962999224662781 0.996760457754135 0.964053779840469 0.855807781219482 0.764019012451172 0.71467499434948 0.76502251625061 1.07745596766472 1.27243879437447 1.38787946105003 1.41918785870075 1.36889438331127 1.43475486338139 1.44930492281914 -9999 -9999 -9999 -9999 -9999 4.25315298756888 7.04652126630147 8.61296021938324 6.62712743282318 3.89515639173573 -9999
-9999 -9999 -9999 -9999 -9999 -9999 -9999 -9999 -9999 1.75142097473145 8.29912924369176 1.25923052430153 1.03468126058578 0.945859462022781 0.849713265895844 0.81094354391098 0.82249054312706 0.815266460180283 0.796097964048386 0.764239490032196 0.716774985194206 0.67092601954937 0.715378493070602 0.705158248543739 0.630077987909317 0.638733744621277 0.656451746821404 0.682712271809578 0.724305018782616 0.765409469604492 0.690536230802536 0.691353008151054 0.700816512107849 0.801894754171371 0.939123719930649 0.873369008302689 0.927763491868973 0.839523732662201 0.888045787811279 0.956341534852982 0.77026954293251 0.704613000154495 0.741107985377312 0.742416009306908 0.99917471408844 1.11550650000572 1.12727853655815 1.16533800959587 1.18303495645523 1.33854147791862 1.38486671447754 1.6733677983284 1.81033498048782 3.68153094053268 2.32560756057501 3.11998027563095 2.82099163532257 1.29031571745872 1.28649526834488 3.70013457536697 4.14449995756149 -9999
-9999 -9999 -9999 -9999 -9999 1.17230477929115 1.80771142244339 2.44123417139053 1.93040925264359 1.50368320941925 1.16039398312569 0.955377727746964 0.927627772092819 0.881696283817291 0.796241998672485 0.754663467407227 0.742754995822906 0.827187716960907 0.809564262628555 0.745119005441666 0.677368506789207 0.68894849717617 0.677783980965614 0.642008230090141 0.596900269389153 0.627077266573906 0.671352759003639 0.69251923263073 0.697246491909027 0.46536223590374 0.624509990215302 0.766613960266113 0.719080477952957 0.749186262488365 0.866237998008728 1.01792621612549 1.05910724401474 0.87119248509407 0.981875270605087 0.928026705980301 0.837342739105225 0.75067725777626 0.913437724113464 0.681848242878914 0.621446996927261 0.799419790506363 1.01735624670982 1.10423621535301 0.991351515054703 1.05277651548386 1.18850773572922 1.36130028963089 1.48121398687363 1.23155254125595 2.31014424562454 2.38446271419525 2.44239556789398 2.43214946985245 2.5065181851387 2.35256069898605 1.80446961522102 2.39146566390991
-9999 -9999 -9999 -9999 -9999 0.970479726791382 0.958870500326157 0.927170991897583 0.767741292715073 0.813059270381927 0.704448759555817 0.758634030818939 0.760550290346146 0.741336017847061 0.677177265286446 0.631238266825676 0.633431240916252 0.736248761415482 0.757806032896042 0.688657522201538 0.70956002175808 0.623021230101585 0.585864767432213 0.571065008640289 0.565529242157936 0.537455230951309 0.626740515232086 0.677666991949081 0.718597501516342 0.724463269114494 0.798251956701279 0.753597021102905 0.770573258399963 0.860777288675308 0.978951752185822 1.04753324389458 1.04351171851158 0.955283224582672 0.98784676194191 0.970905035734177 0.828152239322662 0.606710985302925 0.672943487763405 0.637079983949661 0.67356826364994 0.671979770064354 0.851224511861801 0.908058732748032 0.963417738676071 0.979423463344574 1.05292126536369 1.10961601138115 1.08211800456047 1.13391521573067 1.25847074389458 1.35836175084114 2.06493723392487 1.65041103959084 2.57114797830582 1.96737603843212 2.27096945047379 1.86945569515228
-9999 -9999 -9999 -9999 -9999 0.723825752735138 0.657204732298851 0.604093506932259 0.598343253135681 0.616721257567406 0.66025198996067 0.678213760256767 0.654894769191742 0.604840502142906 0.573209255933762 0.578452482819557 0.531172513961792 0.612840011715889 0.703671008348465 0.429863624274731 0.647366255521774 0.683887481689453 0.513620987534523 0.506065517663956 0.499430269002914 0.515586733818054 0.54110249876976 0.669471770524979 0.723369017243385 0.68663701415062 0.703154236078262 0.751226216554642 0.849684029817581 0.891309767961502 0.822126746177673 1.0839307308197 1.06071603298187 0.933230996131897 1.04639321565628 1.00155526399612 1.00429871678352 0.693008244037628 0.704350501298904 0.643163233995438 0.555885002017021 0.485618233680725 0.568076267838478 0.660170271992683 0.734751731157303 0.812027961015701 0.874201476573944 0.931043207645416 1.53468896448612 1.00692370533943 0.830728501081467 1.43998551368713 1.18286736309528 1.32803137600422 0.938483208417892 2.08667254447937 2.20525020360947 2.26072877645493
-9999 -9999 -9999 -9999 -9999 0.616610258817673 0.631947755813599 0.622120499610901 0.596537232398987 0.576008230447769 0.572067752480507 0.585404992103577 0.535970985889435 0.5259869992733 0.530771255493164 0.5546745210886 0.581933990120888 0.57508572936058 0.551775008440018 0.564833253622055 0.54338550567627 0.517400979995728 0.504285737872124 0.537484511733055 0.57253722846508 0.590347498655319 0.559626013040543 0.696840763092041 0.746134489774704 0.653887510299683 0.759238511323929 0.589295983314514 0.622848764061928 0.552264735102654 0.747899249196053 0.945968270301819 0.926006287336349 0.936920285224915 0.915376514196396 1.086470246315 0.949421972036362 0.682867482304573 0.740509495139122 0.673700228333473 0.6457289904356 0.620109736919403 0.607258513569832 0.615281984210014 0.640933513641357 0.756106495857239 0.880575031042099 0.882731974124908 0.843989253044128 0.856006532907486 0.847349971532822 1.25047427415848 1.46323770284653 1.52127176523209 1.06817552447319 1.65757423639297 1.99626070261002 2.42716088891029
-9999 -9999 -9999 -9999 -9999 0.624721482396126 0.627509996294975 0.638850018382072 0.627736508846283 0.586942479014397 0.58466175198555 0.581152483820915 0.507515251636505 0.48590549826622 0.434431493282318 0.491372242569923 0.490979254245758 0.499614000320435 0.486018732190132 0.508096486330032 0.46797376871109 0.486725986003876 0.479729980230331 0.532399490475655 0.617656499147415 0.610207512974739 0.577788010239601 0.599973008036613 0.726365268230438 0.603875979781151 1.03888195753098 0.53014500439167 0.606430515646935 0.645449236035347 0.628213495016098 0.78286349773407 0.773817032575607 0.829176038503647 0.84156596660614 0.852171778678894 0.666812270879745 0.615810737013817 0.619809731841087 0.69905698299408 0.800011485815048 0.724469259381294 0.656191483139992 0.604302003979683 0.81478875875473 1.04167127609253 1.07004752755165 0.984947293996811 1.08673498034477 1.09603500366211 1.25548124313354 1.38062623143196 1.50148433446884 1.60770517587662 1.40061074495316 1.36114650964737 2.03726917505264 2.53984647989273
