EcologicalScience/Bass/data/rs_data_bass/chl_173.asc
NCOLS 226 
NROWS 124 
XLLCORNER -9.41648524995501 
YLLCORNER 47.587301625531 
CELLSIZE 0.0833 
NODATA_value -9999 
[rows 81 to 107 of 124, columns 62 to 123 of 226]
3.85158455371857 5.97498106956482 7.6620512008667 7.66205191612244 -9999 -9999 -9999 -9999 -9999 -9999 -9999 -9999 -9999 -9999 -9999 -9999 -9999 -9999 -9999 -9999 -9999 -9999 -9999 -9999 -9999 -9999 -9999 -9999 -9999 -9999 -9999 -9999 -9999 -9999 -9999 -9999 -9999 -9999 -9999 -9999 -9999 -9999 -9999 -9999 -9999 -9999 -9999 -9999 -9999 -9999 -9999 -9999 -9999 -9999 -9999 -9999 -9999 -9999 -9999 -9999 -9999 -9999
2.94240316719685 -9999 -9999 -9999 -9999 -9999 -9999 -9999 -9999 -9999 -9999 -9999 -9999 -9999 -9999 -9999 -9999 -9999 -9999 -9999 -9999 -9999 -9999 -9999 -9999 -9999 -9999 -9999 -9999 -9999 -9999 -9999 -9999 -9999 -9999 -9999 -9999 -9999 -9999 -9999 -9999 -9999 -9999 -9999 -9999 -9999 -9999 -9999 -9999 -9999 -9999 -9999 -9999 -9999 -9999 -9999 -9999 -9999 -9999 -9999 -9999 -9999
-9999 -9999 -9999 -9999 -9999 -9999 -9999 -9999 -9999 -9999 -9999 -9999 -9999 -9999 -9999 -9999 -9999 -9999 -9999 -9999 -9999 -9999 -9999 -9999 -9999 -9999 -9999 -9999 -9999 -9999 -9999 -9999 -9999 -9999 -9999 -9999 -9999 -9999 -9999 -9999 -9999 -9999 -9999 -9999 -9999 -9999 -9999 -9999 -9999 -9999 -9999 -9999 -9999 -9999 -9999 -9999 -9999 -9999 -9999 -9999 -9999 -9999
-9999 -9999 -9999 -9999 -9999 -9999 -9999 -9999 -9999 -9999 -9999 -9999 -9999 -9999 -9999 -9999 -9999 -9999 -9999 -9999 -9999 -9999 -9999 -9999 -9999 -9999 -9999 -9999 -9999 -9999 -9999 -9999 -9999 -9999 -9999 -9999 -9999 -9999 -9999 -9999 -9999 -9999 -9999 -9999 -9999 -9999 -9999 -9999 -9999 -9999 -9999 -9999 -9999 -9999 -9999 -9999 -9999 2.92696501626525 2.25119930505753 2.0942280292511 2.25140780210495 2.04924148321152
-9999 -9999 -9999 -9999 -9999 -9999 -9999 -9999 -9999 -9999 -9999 -9999 -9999 -9999 -9999 -9999 -9999 -9999 -9999 -9999 -9999 -9999 -9999 -9999 -9999 -9999 -9999 -9999 -9999 -9999 -9999 -9999 -9999 -9999 -9999 -9999 37.1749906539917 -9999 3.58957286675771 2.73193453252316 -9999 -9999 1.60400219758352 1.26395890116692 1.73992270231247 1.6413277387619 1.45785829424858 1.43608877062798 1.60030567646027 1.50015449523926 1.58719646930695 2.06165262408879 -9999 -9999 -9999 3.92180192470551 2.85031342506409 1.91830801963806 1.75830227136612 1.60596978664398 1.37325829267502 1.28343451023102
-9999 -9999 -9999 -9999 -9999 -9999 -9999 -9999 -9999 -9999 -9999 -9999 -9999 8.46814279529181 1.72305890917778 1.69101226329803 1.42737901210785 1.18754097819328 1.12509450316429 -9999 -9999 -9999 -9999 -9999 -9999 -9999 -9999 -9999 1.66483345627785 2.26565319299698 2.42686718702316 3.03278117179871 -9999 3.66949796676636 -9999 -9999 -9999 -9999 1.96430021524429 1.75565850734711 1.82845795154572 1.45464223623276 1.08091878890991 1.10615247488022 1.33304849267006 1.15692901611328 1.16569501161575 1.14016950130463 1.09714803099632 1.18033424019814 1.23554402589798 1.32263472676277 1.56186228990555 1.74505430459976 1.63727027177811 1.56647855043411 1.52705401182175 1.20876896381378 1.08783522248268 1.08241948485374 1.12078946828842 1.16958752274513
-9999 -9999 -9999 -9999 -9999 -9999 -9999 -9999 -9999 -9999 1.72402802109718 1.29865273833275 1.68321830034256 1.57280033826828 1.4706434905529 1.42642799019814 1.39814847707748 1.34987023472786 1.25422650575638 1.22420927882195 4.55593402024759 -9999 1.63179842421883 1.44533702731133 2.24097642691239 -9999 -9999 2.04364505410194 1.9548397064209 1.95181354880333 1.96885281801224 1.80481499433517 1.86521029472351 1.63248217105865 -9999 -9999 3.15372613498143 1.93122893571854 1.51895016431808 1.30908527970314 1.15348425507545 1.12241551280022 1.06269603967667 0.97920897603035 0.919498533010483 0.898373991250992 0.870922476053238 0.865260779857635 0.844536781311035 0.864455223083496 0.889808982610703 0.932972252368927 0.980146497488022 1.01550525426865 1.00597724318504 0.946758717298508 0.927153021097183 0.945300757884979 0.935852229595184 0.956567287445068 1.01585850119591 1.04829597473145
-9999 -9999 -9999 -9999 -9999 -9999 -9999 -9999 -9999 1.79294782876968 1.53057450056076 1.59425407648087 1.2577012181282 1.21522504091263 1.23075297474861 1.22985371947289 1.27469703555107 1.2090967297554 1.12616327404976 1.07313224673271 1.04275497794151 1.40230429172516 1.46944123506546 1.24507123231888 1.2739462852478 1.28433296084404 1.35468596220016 1.42917528748512 1.36616322398186 1.25950053334236 1.21852648258209 1.32446104288101 1.43503877520561 1.46628150343895 2.02097851037979 2.00460970401764 1.79797196388245 1.48614227771759 1.27932000160217 1.23112723231316 1.35066595673561 1.42438799142838 1.14118945598602 0.870053976774216 0.809909999370575 0.738150000572205 0.723556503653526 0.686193019151688 0.666398987174034 0.677511021494865 0.716493755578995 0.755876988172531 0.775763958692551 0.81631726026535 0.805533707141876 0.818246215581894 0.852915734052658 0.859434753656387 0.873241513967514 0.881684213876724 0.931487292051315 1.15197372436523
-9999 -9999 -9999 -9999 -9999 -9999 -9999 -9999 -9999 1.06747645139694 1.55004000663757 1.25091898441315 0.945394456386566 0.88568177819252 0.872331708669662 0.915606737136841 1.16551503539085 1.06668975949287 0.980734527111053 0.948006749153137 0.977788478136063 1.11727425456047 1.18320751190186 1.1076255440712 1.20651823282242 1.18570125102997 1.23436045646667 1.35694652795792 1.28203046321869 1.24736022949219 1.27795046567917 1.21951496601105 1.18747276067734 1.25151300430298 1.45309495925903 1.53729826211929 1.40018999576569 1.22273397445679 1.35723227262497 1.3865767121315 1.24433854222298 1.12052473425865 0.831830978393555 0.780466496944427 0.739486500620842 0.706829980015755 0.664342492818832 0.659145757555962 0.672234758734703 0.694983020424843 0.701737493276596 0.70184925198555 0.713744983077049 0.736262261867523 0.763220965862274 0.802163243293762 0.797930985689163 0.862341016530991 0.86013525724411 0.916494727134705 1.00137823820114 1.08387896418571
-9999 -9999 -9999 -9999 -9999 -9999 -9999 -9999 1.44334706992939 1.21142023801804 1.17875701189041 1.00038599967957 0.889934957027435 0.849964499473572 0.835739225149155 0.803360223770142 0.857321977615356 0.902016788721085 0.88886171579361 0.881668478250504 0.927145510911942 0.89326947927475 0.919574975967407 0.945157527923584 1.03700771927834 1.14953774213791 1.2676417529583 1.31605012714863 1.13762399554253 1.16920271515846 1.01925301551819 1.12284153699875 1.149638235569 1.17466127872467 1.18518376350403 1.27018502354622 1.22213771939278 1.15440747141838 1.00531876087189 0.987248986959457 0.779671490192413 0.777417004108429 0.800544708967209 0.783704280853271 0.772760957479477 0.752461463212967 0.702522754669189 0.671259015798569 0.648649513721466 0.642013505101204 0.666906729340553 0.677028000354767 0.696308255195618 0.743943750858307 0.76144203543663 0.792022526264191 0.930150032043457 0.947559714317322 0.934859991073608 0.884616762399673 0.875720232725143 0.909205466508865
1.49514001607895 1.33125597238541 1.36213347315788 1.34879699349403 -9999 -9999 -9999 1.19168891608715 1.32278028130531 1.38186675310135 1.1852745115757 1.01000028848648 0.890148729085922 0.894728243350983 0.811155706644058 0.760475993156433 0.726787492632866 0.740484014153481 0.756245970726013 0.760306477546692 0.797106027603149 0.806106001138687 0.810749977827072 0.808398753404617 0.809846252202988 0.814952284097672 0.813980251550674 0.809342980384827 0.795197278261185 0.794121712446213 0.798166483640671 0.787847220897675 0.774614274501801 0.781557708978653 0.798450708389282 0.788986533880234 0.816884994506836 0.827764481306076 0.818646043539047 0.742552489042282 0.679403990507126 0.699704244732857 0.68639101088047 0.67823101580143 0.680226758122444 0.667721271514893 0.652722761034966 0.642159014940262 0.645326256752014 0.667409241199493 0.673680737614632 0.684315741062164 0.720019519329071 0.760405540466309 0.783593237400055 0.853042513132095 0.881235748529434 0.919297456741333 0.913956731557846 0.895706981420517 0.817190229892731 0.802258461713791
0.945534020662308 0.959975212812424 0.95660474896431 0.942927002906799 0.87396901845932 0.834758967161179 0.954987019300461 1.05322274565697 1.13302204012871 1.18105047941208 1.09157699346542 0.936324745416641 0.863268792629242 0.777299255132675 0.710478007793427 0.683856010437012 0.684173986315727 0.741307497024536 0.723033741116524 0.715085998177528 0.720732763409615 0.745820268988609 0.75813826918602 0.748687505722046 0.772783488035202 0.75976574420929 0.751829981803894 0.755488514900208 0.772215753793716 0.777848213911057 0.770674467086792 0.735303729772568 0.715999513864517 0.701666235923767 0.708669751882553 0.663551241159439 0.657846003770828 0.657821998000145 0.644741266965866 0.632967755198479 0.631675511598587 0.628605008125305 0.641375988721848 0.653899490833282 0.659023493528366 0.674776509404182 0.702777743339539 0.709025233983994 0.707699239253998 0.716532021760941 0.734148770570755 0.745811998844147 0.75381526350975 0.809477984905243 0.84595200419426 0.928531497716904 0.921992987394333 0.986618220806122 0.980042964220047 0.938360989093781 1.10112601518631 1.21021503210068
0.843740254640579 0.828194975852966 0.826118230819702 0.826520293951035 0.820434004068375 0.840689957141876 0.861305236816406 0.959545522928238 1.04130747914314 1.03852951526642 0.89054399728775 0.796022236347198 0.763798534870148 0.719443514943123 0.660712480545044 0.66711151599884 0.689732998609543 0.71392048895359 0.697159498929977 0.69743250310421 0.698379009962082 0.877510488033295 0.822001487016678 0.8479905128479 0.978018209338188 0.891377707845286 0.972259497642517 0.736994996666908 0.76522421836853 0.868045851588249 0.864121869206429 0.842087253928185 0.809234619140625 0.804470635950565 0.722012981772423 0.736367270350456 0.735217496752739 0.721402511000633 0.696133509278297 0.690131261944771 0.707921236753464 0.716344490647316 0.724087491631508 0.730512008070946 0.739077731966972 0.778932720422745 0.770670711994171 0.793778210878372 0.778405487537384 0.817608743906021 0.847503751516342 0.863007009029388 0.867363005876541 0.885726034641266 0.93820121884346 0.92337754368782 0.999689251184464 1.09026145935059 1.09862852096558 1.17959100008011 1.37088596820831 1.37956953048706
0.795717716217041 0.71050500869751 0.678989991545677 0.7330102622509 0.820107042789459 0.813555032014847 0.812273293733597 0.821592718362808 0.829332768917084 0.832423478364944 0.781380772590637 0.745176002383232 0.722276240587234 0.697867512702942 0.639824241399765 0.629928767681122 0.672902271151543 0.716111227869987 0.703195497393608 0.681690752506256 0.671409755945206 0.682389736175537 0.938927263021469 0.996467560529709 1.01787833372752 0.718948513269424 0.71433225274086 0.713498264551163 0.716225266456604 0.86031112074852 0.741743266582489 0.74737648665905 0.800293475389481 0.817747503519058 0.80988746881485 0.80053049325943 0.806595772504807 0.811963498592377 0.802881002426147 0.754602760076523 0.744767993688583 0.767576962709427 0.774860233068466 0.766109257936478 0.780994534492493 0.820980727672577 0.820347726345062 0.811573505401611 0.832549542188644 0.862481206655502 0.890270233154297 0.901106268167496 0.965912282466888 1.07610002160072 1.05674850940704 1.05530396103859 1.19266954064369 1.30094853043556 1.32904797792435 1.35637503862381 1.50892567634583 1.62631273269653
0.955177456140518 0.86750328540802 0.701207980513573 0.621025487780571 0.607653021812439 0.597570016980171 0.642222762107849 0.682272747159004 0.757140040397644 0.77625373005867 0.753442525863647 0.728753238916397 0.723608270287514 0.710925757884979 0.697030484676361 0.660462006926537 0.646379247307777 0.67756050825119 0.666609764099121 0.660353243350983 0.664757251739502 0.6757732629776 0.680648267269135 0.689559012651443 0.764075249433517 0.70864275097847 0.722857519984245 0.730425015091896 0.750365227460861 0.750530987977982 0.750705778598785 0.788164526224136 0.827756255865097 0.84849750995636 0.869287490844727 0.887307018041611 0.894075036048889 0.92925900220871 0.926253765821457 0.837918788194656 0.789687037467957 0.77387997508049 0.779866486787796 0.791719526052475 0.783435791730881 0.795406490564346 0.816209971904755 0.827118784189224 0.833125501871109 3.8880922794342 3.44705986976624 2.70246148109436 1.34960702061653 1.18863227963448 1.23494401574135 1.28816699981689 1.32495000958443 1.34652525186539 1.41019722819328 1.48642721772194 1.70002055168152 1.79686492681503
0.617322742938995 0.637197732925415 0.73674675822258 0.620973765850067 0.524713486433029 0.526316240429878 0.523873507976532 0.533319756388664 0.648561000823975 0.700014755129814 0.716949731111526 0.708815261721611 0.663828760385513 0.620113492012024 0.639588743448257 0.636893257498741 0.624515980482101 0.624639004468918 0.591756016016006 0.589643999934196 0.621636763215065 0.649535983800888 0.658667251467705 0.66296848654747 0.697838231921196 0.786656230688095 0.816971272230148 0.815705984830856 0.807657033205032 0.830372214317322 0.824503540992737 0.896046012639999 1.03966578841209 1.14514723420143 1.17100954055786 1.22246173024178 1.16021177172661 1.04852324724197 0.973361223936081 0.961741536855698 0.912560284137726 0.863819986581802 0.822126030921936 0.819410294294357 0.821289718151093 0.838610976934433 1.08410096168518 1.79550379514694 4.79326057434082 4.5091005563736 8.86538672447205 5.0806131362915 1.95741981267929 1.32064577937126 1.40441250801086 1.42174878716469 1.52092730998993 1.65931195020676 1.58935117721558 1.71457582712173 2.18719124794006 1.84091132749682
0.505910977721214 0.486774757504463 0.462753742933273 0.501594766974449 0.533477246761322 0.51674772799015 0.508885502815247 0.524480983614922 0.523904263973236 0.521147266030312 0.53999251127243 0.489734262228012 0.57438451051712 0.621785268187523 0.610085248947144 0.579726755619049 0.611105248332024 0.588716983795166 0.602228254079819 0.628765493631363 0.632876247167587 0.649754270911217 0.684222757816315 0.694732502102852 0.712372496724129 0.878241777420044 0.935961753129959 0.990890264511108 0.949343293905258 1.03775703907013 1.10341277718544 1.18628025054932 1.46394896507263 1.67618483304977 1.72253108024597 1.77543067932129 1.46342852711678 1.15566077828407 0.995499730110168 0.99318453669548 0.973806023597717 0.933960735797882 0.930502474308014 0.936212986707687 0.964104741811752 1.21070846915245 2.92361855506897 3.52326607704163 3.04531788825989 4.66234660148621 6.25205969810486 7.92622089385986 2.16945523023605 1.59583425521851 1.57146745920181 1.51582503318787 2.11015019538629 -9999 -9999 -9999 -9999 -9999
0.436711505055428 0.476447269320488 0.482793733477592 0.469145983457565 0.468498766422272 0.479690238833427 0.494774982333183 0.510001480579376 0.521789252758026 0.467608496546745 0.454844981431961 0.453491985797882 0.497626483440399 0.524341508746147 0.534779235720634 0.505810484290123 0.50799223780632 0.546036019921303 0.652511268854141 0.692840248346329 0.699259489774704 0.711503997445107 0.890872657299042 0.967571246623993 0.783358544111252 0.963545233011246 1.07861325144768 1.19650049507618 1.03663936257362 1.36575078964233 1.46209278702736 1.69553929567337 2.04563248157501 1.92196208238602 1.84271693229675 2.10471832752228 2.1474546790123 1.32795748114586 1.09875601530075 0.966611266136169 0.952611029148102 0.954938292503357 2.15644508600235 1.90863525867462 3.18471300601959 2.06963020563126 2.06642174720764 3.92598617076874 5.58550715446472 7.55743002891541 4.91830408573151 2.53230822086334 2.461645424366 2.77059705427715 1.83183337821335 -9999 -9999 -9999 -9999 -9999 -9999 -9999
0.461303249001503 0.478698760271072 0.513812229037285 0.493383005261421 0.5091652572155 0.479086518287659 0.472711488604546 0.506940767168999 0.532410755753517 0.541260749101639 0.527083486318588 0.530347511172295 0.486665233969688 0.487641021609306 0.493226230144501 0.547020748257637 0.540620237588882 0.653200507164001 0.689265757799149 0.734418019652367 0.731747254729271 0.720353230834007 0.815705269575119 0.833297252655029 0.885465770959854 0.988140732049942 1.06206750869751 1.13241603970528 1.27532279491425 -9999 -9999 -9999 -9999 -9999 -9999 3.14426672458649 11.5120890140533 6.35170769691467 1.83785998821259 1.21828123927116 1.10463827848434 1.05870974063873 1.61083424091339 7.57026743888855 6.56609344482422 10.1972365379333 4.30694711208344 5.7143669128418 4.01523077487946 12.0568971633911 8.59108400344849 7.18419528007507 2.00065577030182 1.9762424826622 1.97624230384827 -9999 -9999 -9999 -9999 -9999 -9999 -9999
0.466677770018578 0.468432739377022 0.488112732768059 0.471452236175537 0.47579625248909 0.512031018733978 0.484532251954079 0.52048122882843 0.550709992647171 0.544882491230965 0.540414020419121 0.581061020493507 0.530769020318985 0.548821493983269 0.543137267231941 0.548591271042824 0.564170256257057 0.643645495176315 0.696765750646591 0.831908650696278 0.7136490046978 0.790187269449234 0.787416726350784 0.896906286478043 0.988410741090775 0.977753967046738 1.15316551923752 1.23059248924255 1.24845135211945 -9999 -9999 -9999 -9999 -9999 -9999 -9999 14.7720565795898 15.7202339172363 12.4449677467346 8.37809371948242 5.69096481800079 8.7174289226532 6.575443983078 5.25233852863312 16.4953479766846 9.32019710540771 10.5498676300049 15.7168521881104 9.54233980178833 10.3864266872406 7.88341784477234 5.630007147789 -9999 -9999 -9999 -9999 -9999 -9999 -9999 -9999 -9999 -9999
0.476823002099991 0.481698766350746 0.479955017566681 0.374481752514839 0.390492260456085 0.394174501299858 0.487058982253075 0.486477747559547 0.526298269629478 0.582094520330429 0.537087008357048 0.550160989165306 0.547587767243385 0.542401492595673 0.540201768279076 0.54323248565197 0.546293243765831 0.514722749590874 0.731069259345531 1.18463356494904 0.713525057881028 0.726069143414497 0.903484493494034 0.879679530858994 0.894095957279205 0.965679734945297 1.15734297037125 1.21413820981979 1.47639897465706 -9999 -9999 -9999 -9999 -9999 -9999 -9999 7.01105427742004 11.7835128307343 23.2055411338806 24.2837476730347 20.75297498703 11.6028850078583 9.81673121452332 9.75455904006958 10.6345388889313 8.43751430511475 25.0796928405762 40.5026979446411 26.6909093856812 10.7321090698242 6.84868812561035 3.69038558006287 4.11941438913345 -9999 -9999 -9999 -9999 -9999 -9999 -9999 -9999 -9999
0.505386739969254 0.460152760148048 0.482557520270348 0.362481757998466 0.400993511080742 0.428925514221191 0.484241992235184 0.490136995911598 0.491216987371445 0.549399733543396 0.531758978962898 0.524284511804581 0.544472247362137 0.564318001270294 0.612466514110565 0.624450758099556 0.548328772187233 0.578779488801956 0.650302514433861 0.75713923573494 0.762690782546997 0.775441467761993 0.77606400847435 0.826861470937729 0.831424534320831 0.850907206535339 1.04452121257782 1.0830412209034 1.16598603129387 1.4498645067215 -9999 -9999 -9999 -9999 -9999 -9999 -9999 2.74133932590485 7.99114141966167 13.7013258576393 21.0266346931458 4.32922410964966 41.4922456741333 5.90132117271423 13.6738014221191 4.11343288421631 20.6503973007202 39.9133701324463 19.0833477973938 18.6153788566589 13.015839099884 3.55994009971619 3.09111652381934 -9999 -9999 -9999 -9999 -9999 -9999 -9999 -9999 -9999
0.422201246023178 0.340791754424572 0.350691743195057 0.441155254840851 0.404982000589371 0.439716011285782 0.426427513360977 0.426865994930267 0.365919500589371 0.514506764709949 0.495114013552666 0.518084987998009 0.534740254282951 0.547941729426384 0.562865987420082 0.584693983197212 0.61600349843502 0.64514248073101 0.676631256937981 0.701983496546745 0.714084729552269 0.735092237591743 0.740119501948357 0.816522739827633 1.22971522808075 1.25254225730896 0.880247265100479 1.01052671670914 1.15025326609612 4.15337634086609 -9999 -9999 -9999 -9999 -9999 -9999 -9999 -9999 -9999 -9999 -9999 -9999 -9999 -9999 -9999 -9999 3.65490746498108 10.8702538490295 11.6727225780487 7.76793090105057 -9999 -9999 -9999 -9999 -9999 -9999 -9999 -9999 -9999 -9999 -9999 -9999
0.392447233200073 0.386490762233734 0.383629515767097 0.384915769100189 0.431821256875992 0.46391125023365 0.473699510097504 0.435422256588936 0.489635244011879 0.374918505549431 0.520873501896858 0.552101254463196 0.393634244799614 0.366533756256104 0.624050259590149 0.607749760150909 0.589053019881248 0.65701724588871 0.766625225543976 0.767705261707306 0.750701263546944 0.712323389947414 0.734505727887154 1.06150284409523 -9999 -9999 -9999 0.696155235171318 0.685360506176949 0.55476151406765 2.2670978307724 -9999 -9999 -9999 -9999 -9999 -9999 -9999 -9999 -9999 -9999 -9999 -9999 -9999 -9999 -9999 -9999 -9999 -9999 -9999 -9999 -9999 -9999 -9999 -9999 -9999 -9999 -9999 -9999 -9999 -9999 -9999
0.624450758099556 0.468028485774994 0.423336759209633 0.390213757753372 0.472831517457962 0.45641852170229 0.471276752650738 0.506539508700371 0.509321987628937 0.433592259883881 0.428847745060921 0.43656875193119 0.440006241202354 0.433191746473312 0.608304753899574 0.511357884854078 0.639558747410774 0.559031993150711 0.660476267337799 0.576230987906456 0.645049497485161 0.675467267632484 0.674268767237663 0.729443237185478 0.5468670129776 0.58229398727417 0.609165742993355 0.621272251009941 0.748591482639313 1.19659535586834 1.14609897136688 2.48384312103535 -9999 -9999 -9999 -9999 -9999 -9999 -9999 -9999 -9999 -9999 -9999 -9999 -9999 -9999 -9999 -9999 -9999 -9999 -9999 -9999 -9999 -9999 -9999 -9999 -9999 -9999 -9999 -9999 -9999 -9999
0.591096729040146 0.527536511421204 0.579996004700661 0.536438271403313 0.465212255716324 0.480317249894142 0.501668237149715 0.508764736354351 0.492495238780975 0.512522518634796 0.46671250462532 0.483647257089615 0.46502847969532 0.499445244669914 0.579630732536316 0.53601860627532 0.428282499313354 0.537409488111734 0.52930648997426 0.54024488478899 0.676487982273102 0.68913222849369 0.74678099155426 0.785125494003296 0.844695746898651 0.797818511724472 0.872130006551743 1.33180350065231 1.13459399342537 1.35046572983265 1.59940651059151 2.26546674508315 -9999 -9999 -9999 -9999 -9999 -9999 -9999 -9999 -9999 -9999 -9999 -9999 -9999 -9999 -9999 -9999 -9999 -9999 -9999 -9999 -9999 -9999 -9999 -9999 -9999 -9999 -9999 -9999 -9999 -9999
0.541578769683838 0.614278480410576 0.718700990080833 0.592296749353409 0.455948263406754 0.618886515498161 0.7004204839468 0.593574732542038 0.505466982722282 0.777386248111725 0.815885961055756 0.533771261572838 0.542642265558243 0.637256987392902 0.826542019844055 0.724164739251137 0.730135515332222 0.664610266685486 0.674239486455917 0.648882016539574 0.598159521818161 0.71501250565052 0.787800014019012 0.931570507586002 1.29067428410053 1.52133375406265 1.45206525921822 2.05912417173386 2.32665753364563 1.97578883171082 1.88219144940376 -9999 -9999 -9999 -9999 -9999 -9999 -9999 -9999 -9999 -9999 -9999 -9999 -9999 -9999 -9999 -9999 -9999 -9999 -9999 -9999 -9999 -9999 -9999 -9999 -9999 -9999 -9999 -9999 -9999 -9999 -9999
