EcologicalScience/Bass/data/rs_data_bass/chl_186.asc
NCOLS 226 
NROWS 124 
XLLCORNER -9.41648524995501 
YLLCORNER 47.587301625531 
CELLSIZE 0.0833 
NODATA_value -9999 
[rows 81 to 107 of 124, columns 62 to 123 of 226]
3.85158455371857 5.97498106956482 7.6620512008667 7.66205191612244 -9999 -9999 -9999 -9999 -9999 -9999 -9999 -9999 -9999 -9999 -9999 -9999 -9999 -9999 -9999 -9999 -9999 -9999 -9999 -9999 -9999 -9999 -9999 -9999 -9999 -9999 -9999 -9999 -9999 -9999 -9999 -9999 -9999 -9999 -9999 -9999 -9999 -9999 -9999 -9999 -9999 -9999 -9999 -9999 -9999 -9999 -9999 -9999 -9999 -9999 -9999 -9999 -9999 -9999 -9999 -9999 -9999 -9999
2.95952990246051 -9999 -9999 -9999 -9999 -9999 -9999 -9999 -9999 -9999 -9999 -9999 -9999 -9999 -9999 -9999 -9999 -9999 -9999 -9999 -9999 -9999 -9999 -9999 -9999 -9999 -9999 -9999 -9999 -9999 -9999 -9999 -9999 -9999 -9999 -9999 -9999 -9999 -9999 -9999 -9999 -9999 -9999 -9999 -9999 -9999 -9999 -9999 -9999 -9999 -9999 -9999 -9999 -9999 -9999 -9999 -9999 -9999 -9999 -9999 -9999 -9999
-9999 -9999 -9999 -9999 -9999 -9999 -9999 -9999 -9999 -9999 -9999 -9999 -9999 -9999 -9999 -9999 -9999 -9999 -9999 -9999 -9999 -9999 -9999 -9999 -9999 -9999 -9999 -9999 -9999 -9999 -9999 -9999 -9999 -9999 -9999 -9999 -9999 -9999 -9999 -9999 -9999 -9999 -9999 -9999 -9999 -9999 -9999 -9999 -9999 -9999 -9999 -9999 -9999 -9999 -9999 -9999 -9999 -9999 -9999 -9999 -9999 -9999
-9999 -9999 -9999 -9999 -9999 -9999 -9999 -9999 -9999 -9999 -9999 -9999 -9999 -9999 -9999 -9999 -9999 -9999 -9999 -9999 -9999 -9999 -9999 -9999 -9999 -9999 -9999 -9999 -9999 -9999 -9999 -9999 -9999 -9999 -9999 -9999 -9999 -9999 -9999 -9999 -9999 -9999 -9999 -9999 -9999 -9999 -9999 -9999 -9999 -9999 -9999 -9999 -9999 -9999 -9999 -9999 -9999 2.70734653639239 2.57018795013428 2.40060317516327 2.56044092086645 2.69135431051254
-9999 -9999 -9999 -9999 -9999 -9999 -9999 -9999 -9999 -9999 -9999 -9999 -9999 -9999 -9999 -9999 -9999 -9999 -9999 -9999 -9999 -9999 -9999 -9999 -9999 -9999 -9999 -9999 -9999 -9999 -9999 -9999 -9999 -9999 -9999 -9999 37.1749906539917 -9999 3.95177389894213 3.5078210234642 -9999 -9999 3.40947583317757 3.07722891441413 2.94944223761559 2.92189246416092 2.7088203728199 2.73294698108326 2.70022022724152 2.5197144895792 2.33852049708366 2.60460807447848 -9999 -9999 -9999 2.72997781634331 2.82462801933289 2.3592071056366 2.09610709547997 2.04448664188385 1.74512633085251 1.32024990320206
-9999 -9999 -9999 -9999 -9999 -9999 -9999 -9999 -9999 -9999 -9999 -9999 -9999 5.9470478458838 2.19660927851995 1.74668616056442 1.9022904753685 1.90295507907867 1.12509450316429 -9999 -9999 -9999 -9999 -9999 -9999 -9999 -9999 -9999 2.38037219914523 2.28766331889413 2.75771409273148 2.95160762965679 -9999 3.66949796676636 -9999 -9999 -9999 -9999 3.18380501866341 3.13791483640671 2.97782006859779 2.91073739528656 2.82209412753582 2.04093689268286 1.83606567978859 2.52977163141424 2.42261200059544 2.12304675579071 2.03425261649218 2.01557823202827 2.04935342073441 2.05840516090393 2.17074769735336 2.60853416269476 2.01818375587463 2.06972501277924 2.08878121376038 1.78118966817856 1.73707408905029 1.52058359384537 1.36900945901871 1.27385716438293
-9999 -9999 -9999 -9999 -9999 -9999 -9999 -9999 -9999 -9999 2.04469895362854 1.61585927009583 1.52830725163221 1.69310573556206 1.48489696871151 1.4978320273486 1.49217077818784 1.54287701303309 1.59406802871011 1.57599318027496 4.33803064533439 -9999 2.04993025566402 2.13807611573826 2.50136802248333 -9999 -9999 2.50365594258675 2.28297985683788 2.1979123137214 2.30722026391463 2.4944213682955 2.50442934036255 2.41115849465132 -9999 -9999 3.25944941384452 2.81627027988434 2.80176295475526 2.87045758962631 2.37839954007756 2.39498434066772 2.06428080797195 1.82933728694916 1.75257503986359 1.85264611244202 1.81137932091951 1.70618639141321 1.52139087698676 1.36182554743507 1.17464033311064 1.11478954553604 1.26362635601651 2.06565735340118 1.55323816537857 1.40266503095627 1.33603992462158 1.18968418836594 1.01805421113968 0.99642208814621 0.93180445432663 0.977412736415863
-9999 -9999 -9999 -9999 -9999 -9999 -9999 -9999 -9999 1.46299489519813 1.43275695497339 1.37831648371436 1.35993102192879 1.34203000366688 1.40204036235809 1.37446001172066 1.54463475942612 1.66721601377834 1.80249834602529 1.84914966604926 1.87879407405853 1.71231287717819 2.13854171471162 2.18404860930009 2.19942369786176 2.21921589699658 2.19589267535643 2.16812558607622 2.19844771515239 2.16514773260463 2.30447426438332 2.2944397167726 2.44773030281067 2.5010475137017 2.82818008011038 2.94378653981469 3.02091745896773 3.02377844940532 2.75967036594044 2.61914072253487 2.31991411881013 2.1720784664154 2.07726448774338 1.52873052250255 1.39042974602092 1.17956620183858 1.24931163408539 1.1888188150796 1.06238955259323 1.07538184794513 1.05520065535199 0.988189588893544 0.999313611875881 1.02508067339659 0.775544237006794 0.822403054345738 0.737489624456926 0.902443206310272 0.924888896942139 0.885101240873337 0.877720355987549 0.910285091400146
-9999 -9999 -9999 -9999 -9999 -9999 -9999 -9999 -9999 1.456363260746 1.36588352918625 1.36421975493431 1.33527872883357 1.22773126309568 1.18372675505551 1.31348353624344 1.60124369859695 1.78708680868149 1.76362826065584 2.01035250858827 2.0819443166256 2.11478021740913 2.11185775019906 2.02072007547725 1.93957143480128 2.14082077145576 2.10356989502907 2.03387457132339 2.08270692825317 2.08877724409103 2.06979364156723 2.01813718676567 2.1352592273192 2.22965121811086 2.50515717809851 2.69080768931996 2.56976674903523 2.62691753560846 2.23532766645605 2.18465969779275 2.03702182661403 1.88456643169576 1.34600832516497 1.15955871885473 1.11056625301188 1.07880879261277 1.04712700301951 1.04645680026575 1.03673033009876 1.02949351072311 0.916675478219986 0.937500804662704 1.02956682443619 0.799675429409201 0.74887552857399 0.7196303836324 0.690922623330897 0.688626863739707 0.682119954716076 0.819246429204941 0.877722895145416 0.91994115114212
-9999 -9999 -9999 -9999 -9999 -9999 -9999 -9999 1.47619381033141 1.2519752830267 1.22076450288296 1.23880515992641 1.17055054957216 1.1709976087917 1.17966537042098 1.15115267580206 1.52088918685913 1.31427297592163 1.2128360461105 1.35550800236789 1.70235925912857 1.73158098350872 1.82420561863826 1.86011799899015 1.49171291291714 1.56364038586617 1.55203717947006 1.57753103971481 1.5268306016922 1.5595133412968 1.61711182919416 1.6032335460186 1.70465171337128 1.80641585046595 1.91618831049312 2.11846219409596 2.13514826514504 2.11066327311776 1.81657774881883 1.62818187475204 1.43272826346484 1.41085065494884 1.25963474810123 1.22835360467434 1.19990871846676 1.30329823493958 1.01524407416582 1.00150706246495 0.995663970708847 0.949401330947876 0.718460130904402 0.726608158222267 0.705399059823581 0.755706545981494 0.735915586352348 0.705696299672127 0.766090947389603 0.74015251994133 0.792555284500122 0.790955704450607 0.827075833082199 0.862525355815888
1.131332449615 0.986300278455019 1.18723594600504 1.07223868599305 -9999 -9999 -9999 2.2994073304263 1.48937396208445 1.21615694959958 1.26923623681068 1.22796273231506 1.41281819343567 0.914540806641946 0.847459144317187 1.0042923912406 0.967158369719982 1.00169914419001 1.05348957668651 1.10006927360188 1.16005270860412 1.20123878392306 1.17177248272029 1.19488592147827 1.22150053083897 1.19563888013363 1.16128001304773 1.19096716046333 1.19680502414703 1.20561468601227 1.20158312641657 1.25697457331877 1.25953248143196 1.29800590872765 1.3561840057373 1.45946522057056 1.54791525819085 1.5616264668378 1.43586874008179 1.40679131448269 1.34171863702627 1.08806023746729 0.985868453979492 0.971390247344971 0.93550102527325 0.908901572227478 0.860401813800518 0.838079596941288 0.813539392673052 0.712526981647198 0.747519149230077 0.755017209511537 0.769740391236085 0.94912201166153 1.01785432653768 1.01041811917509 0.809797752987255 0.801592165231705 0.785714256763458 0.769317430257797 0.75172603726387 0.764724147319794
0.914494872093201 0.909899778664112 1.12512226849794 1.3470640540123 1.44066686715399 1.43436516395637 1.55843067541718 1.26615052074194 1.17276629805565 0.736203466470425 1.2505469918251 1.21061599254608 1.70920297232541 0.841958418488503 0.755874337255955 0.762367388606072 0.793143966794014 0.979309160601009 0.940273717045784 0.968682568520308 1.09494404196739 1.00271626934409 1.0708567819425 1.0374337802915 0.791108600795269 0.736575683951378 0.968207737978767 0.869010365009308 1.04814858095986 1.00481817126274 1.00741342306137 1.0174797475338 1.09644384895052 1.11973224367414 1.12085743035589 1.14325898885727 2.05892773087208 0.997170803802354 0.835370972752571 0.891099482774734 0.958576530218124 0.870756866840216 0.840555516573099 0.85136193724779 0.783298477530479 0.803128419014124 0.785403604690845 0.794880591906034 0.796574695752217 0.820022271229671 0.842099024699285 0.934737347066402 0.935627829283476 0.952759277075529 0.824476409416932 0.841795206069946 0.804308259487152 0.807786726951599 0.798859012126923 0.749613279104233 0.730940419435501 0.750976502895355
0.76586589217186 0.680634386837482 0.669771764427423 1.19510077983141 1.23660655170679 1.23818571120501 1.2671866312623 0.61485543474555 0.628183118999004 0.683486614376307 0.825616091489792 0.854224732518196 0.754518192261457 0.729698996990919 0.725087016820908 0.746534340083599 0.785223427143964 0.786220843141729 0.81665240675211 0.909965394437313 1.40583259016275 0.755859277465127 0.748374333748451 0.741576694525205 0.950740993022919 0.943655152069895 0.968153344733374 0.888793871683233 1.02814649258341 0.963270336389542 1.06888293794223 1.0338105899947 1.04956583465849 1.07149658458573 0.978521758317947 0.926287085882255 0.910713069140911 0.893552736802535 0.903985940597274 0.966124588889735 0.981551888797964 1.00983971676656 0.89982808381319 0.897256310690533 0.922363143414259 0.859562165462054 0.858166770293162 0.863487213850021 0.839528608780641 0.847412074987705 0.861523685547022 0.920152142643929 0.911756057292223 0.944074854254723 0.833264708518982 0.763263870890324 0.79679759144783 0.792439484596252 0.787776428461075 0.77297580242157 0.773150539398193 0.770789694786072
0.586428344249725 0.581356840638014 0.58803064433428 0.746403392404318 0.685603034767238 0.668223425745964 0.662816669453274 0.62883073836565 0.642302244901657 0.690057688951492 0.806667391955853 0.800912748277187 0.705711963085028 0.697365939617157 0.726540584117174 0.719522058963776 0.734294308857484 0.728573490272869 0.740922018885612 0.773426055908203 0.774244699627161 0.860538409224578 1.00495427846909 1.02494135499001 1.04155238469442 0.980340279200498 0.994188235086553 1.08093241315622 1.23373247568424 1.05866926312447 1.05639314055443 1.22388298465655 1.15739865715687 0.951832773430007 1.03249342395709 1.00023646014077 1.11997658702043 0.928521244363351 0.937982785430821 1.03625620901585 1.03184565156698 1.02293113512652 1.03993205513273 1.12761423908747 1.116331162361 0.988923793392522 0.921943620993541 0.901764379097865 0.864131858715644 0.791116950603632 0.7529346080763 0.675627540796995 0.710244062271985 0.785366696119309 0.797869777679443 0.776907598972321 0.850644322542044 0.87465586066246 0.878584223985672 0.867517966032028 0.845465236902237 1.34373674609444
0.568763363819856 0.567742329377394 0.57113716006279 0.576876578422693 0.599309799346057 0.607240636240352 0.614231594584205 0.633033408360048 0.640727064826272 0.664722220464186 0.66955800760876 0.599218583919785 0.651679955996 0.65450531244278 0.695873326875947 0.72528862953186 0.732880833474073 0.728027064353228 0.798176977783442 0.83909254349195 0.845563874794887 0.859714074776723 0.887277185916901 0.903337425910509 0.915787002215019 0.972086575101404 1.08457408547401 1.09045478701591 1.19684113218234 1.02766529789993 1.18784936345541 1.22473664925649 1.19063014709032 0.994352590824876 1.06405871877304 1.09178438782692 1.16177845688967 1.18825902617895 1.19828446324055 1.08191844182355 1.07197927364281 1.05963488561766 1.16990717328512 1.15365088902987 1.12306945599042 1.00105377393109 0.904628920555115 0.704168187720435 0.754489538925035 0.6988216606634 0.711774265127523 0.724794164299965 0.756839543581009 0.817052972316742 0.846713376045227 0.892735362052917 1.03004309535027 1.09788946509361 1.15460447072983 1.13234746456146 1.8466539924795 1.99072933738882
0.594741508364677 0.529133718747359 0.531127163997063 0.534482817237194 0.562654438343915 0.562660087238659 0.564562082290649 0.570654959841208 0.593618703576235 0.703124508261681 0.727264003320174 0.650328129529953 0.723519887030125 0.839199927449226 0.888273024559021 0.78176192261956 0.815731879323721 0.909261581572619 0.914761304855347 0.830960065126419 0.967744060538032 0.975339198654348 1.00997180830349 0.928529255665266 0.912487816352111 0.996952341361479 0.961569420316003 1.06497841477394 1.07314138687574 1.06443393918184 1.05940074645556 1.03118568387899 0.97842182896354 0.995466243762236 1.06832107213827 1.0286042527719 1.19123189724409 1.2182975594814 1.24888812578641 1.14810612584863 1.12406251047339 1.11933025079114 1.21369572098439 1.18057746153611 1.11776271233192 1.00316456386021 0.878586664795876 0.753402784466743 0.789012238383293 0.747826494276524 0.78691278398037 0.788204517960548 0.800751748681068 0.970143306255341 1.03850852251053 1.14280652403831 1.49287024140358 1.58641916513443 1.99721521139145 2.19756382161921 2.41273948320976 2.35136792063713
0.488096323150855 0.868297474086285 0.521394768586526 0.526445725789437 0.531026539894251 0.530108518221162 0.499461168050766 0.523443147540092 0.77843818297753 0.82215178757906 0.803569123148918 0.800397655138603 0.697987622022629 0.786208865734247 0.812717158060807 0.853712480176579 0.795555976219475 0.672064181417227 0.95975080945275 0.974187466231259 1.00268069451505 0.993602652441372 1.02691531452266 1.03622340697509 1.00378972291946 1.09876523699079 1.23182617127895 1.28549118978637 1.27811029979161 1.19036696736629 1.08095825802196 1.15925462543964 1.19658787663166 1.23162172734737 1.32050201296806 1.28844127058983 1.27477351977275 1.25117316842079 1.23384184791492 1.22511408420709 1.17342566068356 1.16654665424274 1.15980760409282 1.1414380967617 1.07468530764947 1.03986661709272 0.874380950744335 0.834733376136193 0.799618129546826 0.741550169885159 0.840398656470435 1.01996864513917 1.10604402422905 1.6026914532368 1.69628179615194 1.83643162250519 2.14569110113339 -9999 -9999 -9999 -9999 -9999
0.911602210253477 0.926394438743591 0.455955217991556 0.47405765737806 0.46369885121073 0.481460524722934 0.488103937357664 0.537909999489784 1.02583801339973 0.642184163842882 0.828780282002229 0.852347332697648 0.651809060573578 0.67321896978787 0.697843376014914 0.906501311522264 0.862677440047264 0.748610419034958 1.0056016926582 0.947173817591234 1.00179248131239 1.0565420962297 1.19284541790302 1.1772863979523 1.12841186615137 1.31154782267717 1.38572701582542 1.41448913940362 1.37106531219823 1.29930436381927 1.25322358716618 1.2876582466639 1.31268457724498 1.70479449629784 1.62076277457751 1.60672711474555 1.42031869521508 1.3521232008934 1.2904760998029 1.20274417216961 1.13495036271902 1.13635065463873 1.16349679002395 1.16712475969241 1.12511148361059 0.977589155618961 0.802633489553745 0.764057897604429 0.77254516344804 0.965246711458479 1.23203857668809 1.43626614592292 1.60917321389372 2.40380797045571 1.81378226250899 -9999 -9999 -9999 -9999 -9999 -9999 -9999
0.832763891328465 0.839032213796269 0.801342009007931 0.44619234757764 0.443965935281345 1.03432433578101 1.00997692644596 1.00624034330249 1.05733828652989 0.579428896307945 0.602687355875969 0.586640670895576 0.632276898622513 0.748991977955614 0.895702951229536 0.780938607241426 0.866496891847679 0.968417015458856 0.998432340530249 1.02615565978564 1.14088814075177 1.32275559810492 1.30947781067628 1.25136597798421 1.2388247182736 1.27458897691507 1.3777725811188 1.40584030288916 1.38833253085613 -9999 -9999 -9999 -9999 -9999 -9999 3.14426672458649 1.4621368096425 1.75408977908748 1.41925594849246 1.11213067173958 1.07058262137266 1.07399222484002 1.02895839626972 1.01014221173066 0.93954222706648 0.916754440619395 0.896768087690527 0.973212759603154 0.999800270253962 1.29267720305003 2.00838436399187 2.25842260888645 2.20474100538663 1.9762424826622 1.97624230384827 -9999 -9999 -9999 -9999 -9999 -9999 -9999
0.885819725692272 0.844430078159679 0.873517054048451 1.05401023998857 1.07872323014519 0.466805722564459 0.546309655532241 0.504948939196765 0.613736790418625 0.558417329192161 0.61160626411438 0.633262580633163 0.663061860203743 0.978023178302325 0.949735934917743 0.953957965740791 0.885576064770038 1.00024413145505 1.04127770662308 1.10094406513067 1.06635481348405 1.21725278405043 1.31575371210392 1.33893369252865 1.23517353155396 1.20846159891649 1.35026760743215 1.42202844528052 1.35883666149208 -9999 -9999 -9999 -9999 -9999 -9999 -9999 1.98889155342029 1.32961772726132 1.21712045486157 1.10835503614866 1.01710943533824 0.993528574705124 1.01483137332476 0.824158283797177 0.86155838232774 0.848159558497942 0.96135462476657 1.00441078435291 1.17208922722123 1.82377749681473 2.32933873855151 2.19082081317902 -9999 -9999 -9999 -9999 -9999 -9999 -9999 -9999 -9999 -9999
0.820102271708575 0.822421399029818 0.970958805643022 1.05377560415689 1.08339313724462 0.443169443922884 0.478709497489035 0.614677140116692 0.468039921484888 0.522578959353268 0.850545350994383 0.853644100683076 0.845363974571228 0.960717730797254 0.910800541822727 0.906572197492306 0.935280369860785 1.05016486232097 1.25777944922447 1.39447110295296 0.737030190187734 1.20431932913406 1.07348072315965 1.16943415540915 1.21575741813733 1.22721164043133 1.39384739674055 1.51522464477099 1.63039782643318 -9999 -9999 -9999 -9999 -9999 -9999 -9999 16.7470651439258 8.34610214403698 7.85138620436192 1.82707419303747 1.32569534732745 1.13699305745272 1.11880455108789 1.29919528044187 1.26612500502513 1.20682027018987 1.16264651601131 1.24250160043056 1.34844220226461 1.84157333590768 2.48862444437467 3.16891610163909 3.6161126265159 -9999 -9999 -9999 -9999 -9999 -9999 -9999 -9999 -9999
1.12285923551429 1.10949659212069 1.05185242610819 1.01152106418329 1.00627762327592 1.01075577735901 0.479455219472156 0.96007927613599 0.909434974193573 0.966534554958344 0.909673502402646 0.860135697892734 0.874655086014952 0.61413859101859 0.665312609993495 0.681164822899378 0.956081204116344 1.00644554729973 1.05903803982905 0.889790337819319 0.94172305556444 0.944510073615954 1.20451615636165 1.04540205001831 1.28682568073273 1.42961928248405 1.80176965548442 1.87970581879983 1.85515598058701 1.48137921094894 -9999 -9999 -9999 -9999 -9999 -9999 -9999 13.8055067429176 13.4252809976277 8.57362079620361 2.6658502633755 1.85237922576758 1.7805467247963 2.00724608164567 2.33933687210083 2.32383674383163 2.22369184860816 2.20736489846156 2.38451652343457 3.29122149402445 3.78905683214014 3.85831021345579 3.25253458651699 -9999 -9999 -9999 -9999 -9999 -9999 -9999 -9999 -9999
0.890661660295266 0.891178119641084 1.08120181163152 1.00770979871353 1.02225366979837 1.03008099751813 1.01565549629075 0.969756204348344 0.94352895563299 0.96154404499314 0.94438197357314 0.898063611771379 0.668093651533127 0.612311857938767 0.650930985808372 0.683949880301952 0.895014179604394 0.9767843197499 1.01457045014415 0.991294470216547 0.793115602089808 0.99019982952338 1.20829363167286 1.61798708713972 1.76912540739233 1.81194975972176 1.80650135278702 1.81040945649147 1.81613005399704 1.90432743430138 -9999 -9999 -9999 -9999 -9999 -9999 -9999 -9999 -9999 -9999 -9999 -9999 -9999 -9999 -9999 -9999 3.65490746498108 2.42379151071821 2.48432738440377 4.05035352165049 -9999 -9999 -9999 -9999 -9999 -9999 -9999 -9999 -9999 -9999 -9999 -9999
0.887089082172939 0.856198611584577 1.09653270244598 0.921617100184614 1.00232508352825 1.03508901063885 1.05848378368786 0.991316859538738 0.958942926847018 0.886551673595722 0.804680248865714 0.798794677624336 0.813295586751058 0.665089274828251 0.692966035821221 0.923038837584582 0.87976492264054 0.869121714071794 0.836566127836704 0.791133597493172 0.945997522635894 1.06028538400477 1.23080422526056 1.21974425911903 -9999 -9999 -9999 1.73956269621849 1.67497631907463 1.72316091656685 1.87705439329147 -9999 -9999 -9999 -9999 -9999 -9999 -9999 -9999 -9999 -9999 -9999 -9999 -9999 -9999 -9999 -9999 -9999 -9999 -9999 -9999 -9999 -9999 -9999 -9999 -9999 -9999 -9999 -9999 -9999 -9999 -9999
0.840992396528071 0.934404966506091 0.928045274181799 0.95315322144465 1.43805901706219 1.11163539545877 1.15183379926852 0.86727873637126 0.883675788457577 0.869153456046031 0.844096328203495 0.82190835246673 0.798317636434849 0.79354309118711 0.782892400568182 0.934530233794993 0.987229959531264 0.932037608190016 0.857646906917745 0.823052067648281 1.03075299479745 1.18005425821651 1.44330439430017 1.78498407510611 1.87429930947044 1.98653014348103 1.8220554292202 1.6477812230587 1.62106667160988 1.62100852131844 1.94591070413589 2.43537906428863 -9999 -9999 -9999 -9999 -9999 -9999 -9999 -9999 -9999 -9999 -9999 -9999 -9999 -9999 -9999 -9999 -9999 -9999 -9999 -9999 -9999 -9999 -9999 -9999 -9999 -9999 -9999 -9999 -9999 -9999
0.821683917533268 1.25399144987265 0.903985647992654 1.5458856523037 1.04093534702604 1.07613416693427 1.07843913137913 0.813903719186783 0.942246003792836 0.959770450225243 0.946547620571577 1.02272701951174 1.02116815401958 1.03939375052085 1.05057364973155 1.07027137821371 1.06404027342796 0.953075953505256 0.927940436384895 0.955016946250742 1.13806121999567 1.22453979199583 1.32643527063456 1.63263380527496 1.79036712104624 1.82821795073423 1.77542059421539 1.5679848074913 1.75422577857971 1.83735791444778 1.86007214784622 1.60104671120644 -9999 -9999 -9999 -9999 -9999 -9999 -9999 -9999 -9999 -9999 -9999 -9999 -9999 -9999 -9999 -9999 -9999 -9999 -9999 -9999 -9999 -9999 -9999 -9999 -9999 -9999 -9999 -9999 -9999 -9999
1.17102885742982 1.46436946094036 1.19632153809071 0.964016562158411 1.00287609750574 0.805576372146606 0.853320756554603 0.969324919581413 1.26878426020796 1.2322625301101 1.19996472651308 1.34091375361789 1.33312747153369 1.31369863856923 1.37172743219596 1.29701826893366 1.19494481040881 1.05228739976883 0.97653715447946 1.09168350154703 1.21123084967787 1.53751042485237 1.77283967354081 1.82390271533619 1.94576067274267 1.85693576119163 1.75084002614021 1.51146161556244 1.7096741437912 1.76722741127014 1.79566158056259 -9999 -9999 -9999 -9999 -9999 -9999 -9999 -9999 -9999 -9999 -9999 -9999 -9999 -9999 -9999 -9999 -9999 -9999 -9999 -9999 -9999 -9999 -9999 -9999 -9999 -9999 -9999 -9999 -9999 -9999 -9999
