EcologicalScience/Bass/data/rs_data_bass/chl_54.asc
NCOLS 226 
NROWS 124 
XLLCORNER -9.41648524995501 
YLLCORNER 47.587301625531 
CELLSIZE 0.0833 
NODATA_value -9999 
[rows 56 to 83 of 124, columns 0 to 61 of 226]
-9999 -9999 -9999 -9999 -9999 -9999 -9999 -9999 -9999 -9999 -9999 -9999 -9999 -9999 -9999 -9999 -9999 -9999 -9999 -9999 -9999 -9999 -9999 -9999 -9999 -9999 -9999 -9999 -9999 -9999 -9999 -9999 -9999 -9999 -9999 -9999 -9999 -9999 -9999 -9999 1.85351604223251 1.76793193817139 1.90288496017456 1.86641174554825 1.46886223554611 1.48381900787354 1.24611276388168 1.1811894774437 1.2709059715271 1.19250148534775 1.1856045126915 1.33857744932175 1.33329647779465 1.44374948740005 1.61649250984192 1.86452329158783 2.48664778470993 1.87873633503914 2.4416006565094 -9999 -9999 -9999
-9999 -9999 -9999 -9999 -9999 -9999 -9999 -9999 -9999 -9999 -9999 -9999 -9999 -9999 -9999 -9999 -9999 -9999 -9999 -9999 -9999 -9999 -9999 -9999 -9999 -9999 -9999 -9999 -9999 -9999 -9999 -9999 -9999 -9999 -9999 -9999 -9999 -9999 -9999 -9999 1.91265406608582 2.14881670475006 1.90745025873184 1.82122206687927 1.57076776027679 1.48026269674301 1.54546773433685 1.41107153892517 1.31589269638062 1.21710002422333 1.13910204172134 1.29508575797081 1.35407397150993 1.39185114204884 1.51804572343826 1.7037461400032 1.99548727273941 2.16581243276596 1.80217065811157 1.92241255726133 8.51161164672751 -9999
-9999 -9999 -9999 -9999 -9999 -9999 -9999 -9999 -9999 -9999 -9999 -9999 -9999 -9999 -9999 -9999 -9999 -9999 -9999 -9999 -9999 -9999 -9999 -9999 -9999 -9999 -9999 -9999 -9999 -9999 -9999 -9999 -9999 -9999 -9999 -9999 -9999 -9999 -9999 -9999 -9999 2.3620725274086 1.92726230621338 1.72744953632355 1.59822982549667 1.54950374364853 1.63928246498108 1.47511923313141 1.44598424434662 1.38836973905563 1.15067736804485 1.06250021738165 1.21054819401573 1.42835140228271 1.38638137368595 1.350778446478 1.51329066356023 1.63568876187007 1.69580433368683 1.55952978134155 8.67106419801712 -9999
-9999 -9999 -9999 -9999 -9999 -9999 -9999 -9999 -9999 -9999 -9999 -9999 -9999 -9999 -9999 -9999 -9999 -9999 -9999 -9999 -9999 -9999 -9999 -9999 -9999 -9999 -9999 -9999 -9999 -9999 -9999 -9999 -9999 -9999 -9999 -9999 -9999 -9999 -9999 -9999 -9999 1.88985523581505 2.021892786026 1.84256780147552 1.72071897983551 2.05844926834106 1.9800917506218 1.58739548921585 1.47831124067307 1.48258274793625 1.40009477734566 1.15624840557575 1.12631259420339 0.992881258328756 1.09173349539439 1.25655943751335 1.3232986330986 1.63374002774556 3.33989869464527 -9999 -9999 -9999
-9999 -9999 -9999 -9999 -9999 -9999 -9999 -9999 -9999 -9999 -9999 -9999 -9999 -9999 -9999 -9999 -9999 -9999 -9999 -9999 -9999 -9999 -9999 -9999 -9999 -9999 -9999 -9999 -9999 -9999 -9999 -9999 -9999 -9999 -9999 -9999 -9999 -9999 -9999 -9999 2.07846669852734 1.94712433218956 2.1642097234726 1.89020025730133 1.94692128896713 2.1689989566803 2.00730397245463 1.71674739613253 1.67358952760696 1.46061527729034 1.75027251243591 1.80670475959778 1.4101397395134 1.45362487435341 1.52206541597843 1.74491748213768 2.01217865943909 -9999 -9999 7.34399630069733 2.42550463335855 2.41169607639313
-9999 -9999 -9999 -9999 -9999 -9999 -9999 -9999 -9999 -9999 -9999 -9999 -9999 -9999 -9999 -9999 -9999 -9999 -9999 -9999 -9999 -9999 -9999 -9999 -9999 -9999 -9999 -9999 -9999 -9999 -9999 -9999 -9999 -9999 -9999 -9999 -9999 -9999 -9999 2.28800076246262 2.22188645601273 2.13107973337173 2.3724952340126 2.25416707992554 2.04382991790771 1.93354475498199 1.7695569396019 1.67306053638458 1.65768921375275 1.55440980195999 1.66482174396515 1.6785551905632 1.36702945127207 1.40605596452951 1.61388176679611 1.56783366203308 2.24739005168279 1.59151760737101 1.66433018445969 1.53166204690933 1.08243003487587 1.0821724832058
-9999 -9999 -9999 -9999 -9999 -9999 -9999 -9999 -9999 -9999 -9999 -9999 -9999 -9999 -9999 -9999 -9999 -9999 -9999 -9999 -9999 -9999 -9999 -9999 -9999 -9999 -9999 -9999 -9999 -9999 -9999 -9999 -9999 -9999 -9999 -9999 -9999 -9999 -9999 2.97055578231812 2.34427428245544 2.32853025197983 1.94949293136597 1.77788102626801 1.85342043638229 1.89744877815247 1.88413769006729 1.73599302768707 1.62140601873398 1.51592999696732 1.49079149961472 1.50981277227402 1.40493171662092 1.41380193829536 1.53573325101067 1.63615143299103 1.70946733390584 1.77334459125996 1.56078817447027 1.55014497041702 1.30605202913284 1.55283969640732
-9999 -9999 -9999 -9999 -9999 -9999 -9999 -9999 -9999 -9999 -9999 -9999 -9999 -9999 -9999 -9999 -9999 -9999 -9999 -9999 -9999 -9999 -9999 -9999 -9999 -9999 -9999 -9999 -9999 -9999 -9999 -9999 -9999 -9999 -9999 -9999 -9999 -9999 3.36650196835399 2.21894592046738 2.43054592609406 1.98494929075241 2.10941326618195 1.85279542207718 1.56326168775558 1.76289296150208 1.77783054113388 1.65319126844406 1.56915152072906 1.45108479261398 1.45383578538895 1.54962301254272 1.61072796583176 1.58620226383209 1.4899417757988 1.2767360607783 1.28467551867167 1.35480503241221 1.41487735509872 1.65915557742119 1.49536728858948 1.59189158678055
-9999 -9999 -9999 -9999 -9999 -9999 -9999 -9999 -9999 -9999 -9999 -9999 -9999 -9999 -9999 -9999 -9999 -9999 -9999 -9999 -9999 -9999 -9999 -9999 -9999 -9999 -9999 -9999 -9999 -9999 -9999 -9999 -9999 -9999 -9999 -9999 -9999 -9999 2.08415195345879 2.50787025690079 2.49828672409058 2.00265598297119 1.60270428657532 1.55993092060089 1.54191452264786 1.73793679475784 1.72993069887161 1.78927499055862 1.50430279970169 1.40223747491837 1.44171398878098 1.52312028408051 1.55010777711868 1.54121851921082 1.52237623929977 1.21868060032527 1.56183564662933 1.60828426480293 1.6512772589922 1.34626269340515 1.41874650120735 1.50569772720337
-9999 -9999 -9999 -9999 -9999 -9999 -9999 -9999 -9999 -9999 -9999 -9999 -9999 -9999 -9999 -9999 -9999 -9999 -9999 -9999 -9999 -9999 -9999 -9999 -9999 -9999 -9999 -9999 -9999 -9999 -9999 -9999 -9999 -9999 -9999 -9999 -9999 2.16013652086258 2.5986322760582 2.54766529798508 2.1158595085144 1.79976671934128 1.60176819562912 1.55972617864609 1.85551500320435 1.75072777271271 1.68892472982407 1.57905054092407 1.62062877416611 1.59204196929932 1.60414701700211 1.5008100271225 1.44059526920319 1.48124676942825 1.45697021484375 1.47958874702454 1.49115025997162 1.4852187037468 1.70316039025784 1.44465824961662 1.43993774056435 1.46351552009583
-9999 -9999 -9999 -9999 -9999 -9999 -9999 -9999 -9999 -9999 -9999 -9999 -9999 -9999 -9999 -9999 -9999 -9999 -9999 -9999 -9999 -9999 -9999 -9999 -9999 -9999 -9999 -9999 -9999 -9999 -9999 -9999 -9999 -9999 -9999 -9999 -9999 2.1727095246315 2.2186912894249 2.05094468593597 2.11450642347336 1.66781714558601 1.59039008617401 1.60069102048874 1.6321427822113 1.64621728658676 1.69741904735565 1.79722023010254 1.67886203527451 1.65007549524307 1.59064762294292 1.46678772568703 1.46985799074173 1.45405173301697 1.49682801961899 1.49330140650272 1.60197776556015 1.48850923776627 1.56105977296829 1.51702201366425 1.60734683275223 2.09981659054756
-9999 -9999 -9999 -9999 -9999 -9999 -9999 -9999 -9999 -9999 -9999 -9999 -9999 -9999 -9999 -9999 -9999 -9999 -9999 -9999 -9999 -9999 -9999 -9999 -9999 -9999 -9999 -9999 -9999 -9999 -9999 -9999 -9999 -9999 -9999 -9999 3.74571710824966 4.12672823667526 2.32124555110931 2.09714108705521 1.8286110162735 1.69065821170807 1.19268659502268 1.51894754171371 1.5236114859581 1.54209345579147 1.34403097629547 1.54241997003555 1.62557649612427 1.54914975166321 1.51661878824234 1.62419003248215 1.58949422836304 1.31706956773996 1.11351613998413 1.59645456075668 1.31208148598671 1.82174921035767 1.7877396941185 1.83877497911453 1.97378021478653 2.17438128590584
-9999 -9999 -9999 -9999 -9999 -9999 -9999 -9999 -9999 -9999 -9999 -9999 -9999 -9999 -9999 -9999 -9999 -9999 -9999 -9999 -9999 -9999 -9999 -9999 -9999 -9999 -9999 -9999 -9999 -9999 -9999 1.47898108760516 1.25191884934902 -9999 2.10493344068527 2.00854575634003 2.32725776093347 2.01882380247116 1.99015492200851 1.82622903585434 1.72373181581497 1.58618921041489 1.26498037576675 1.33713320995632 1.36362232267857 1.34976766258478 1.45935132354498 1.56312679499388 1.65242052078247 1.55328553915024 1.47129273414612 1.45129352807999 1.6176615357399 1.5953174829483 1.86875402927399 1.67940366268158 1.81889319419861 1.98991048336029 2.06726324558258 2.15720558166504 1.85986039638519 2.2033950984478
-9999 -9999 -9999 -9999 -9999 -9999 -9999 -9999 -9999 -9999 -9999 -9999 -9999 -9999 -9999 -9999 -9999 -9999 -9999 -9999 -9999 -9999 0.346259817481041 2.21638011932373 2.26248854398727 1.89610286951065 1.15445436537266 1.51533764004707 1.59885531663895 1.45814850926399 1.16138845682144 0.962883710861206 0.924484997987747 0.951923221349716 1.04113277792931 1.22225403785706 1.43900549411774 1.23012524843216 1.23287853598595 1.23426228761673 1.29822599887848 1.25887987017632 1.2343023866415 1.22209650278091 1.26363560557365 1.4649059548974 1.42951389402151 1.69806258380413 1.45675653219223 2.09179866313934 2.12729394435883 1.53091222047806 1.85296875238419 1.93545722961426 1.78581681847572 1.83799213171005 1.76119545527867 2.08088682643298 2.51851567100076 -9999 -9999 -9999
-9999 -9999 -9999 -9999 -9999 -9999 -9999 -9999 -9999 -9999 -9999 -9999 -9999 -9999 -9999 -9999 -9999 -9999 -9999 -9999 -9999 -9999 1.58226580763685 1.83988277614117 0.540808483958244 0.550693497061729 0.598413750529289 0.686503484845161 0.859730958938599 0.964071750640869 0.923137485980988 0.865479737520218 0.744228020310402 0.785516291856766 0.864437967538834 0.89749351143837 1.0182817876339 1.06612426042557 1.09331247210503 1.02523121237755 1.14439728856087 1.16227988898754 1.0928662866354 1.27623051404953 1.37409433722496 1.42491466552019 1.52737122774124 1.93269896507263 1.9960834980011 1.91356521844864 1.99274152517319 2.17120230197906 2.37001651525497 2.37794852256775 2.14154760539532 -9999 -9999 -9999 -9999 -9999 -9999 -9999
-9999 -9999 -9999 -9999 -9999 -9999 -9999 -9999 -9999 -9999 -9999 -9999 -9999 -9999 -9999 -9999 -9999 -9999 -9999 15.5191664727671 2.17291335761547 1.05151163041592 0.742854382842779 0.634607255458832 0.653437480330467 0.550769984722137 0.536039248108864 0.594552755355835 0.745638012886047 0.736741483211517 0.723441749811172 0.644043758511543 0.674484014511108 0.662579253315926 0.756667524576187 0.820385277271271 0.902488499879837 1.06004771590233 1.00926151871681 1.02872022986412 0.950081817805767 0.987763501703739 1.01346939057112 1.18109460175037 1.4050692692399 1.52654439210892 2.02825516462326 2.04955017566681 2.05888503789902 2.08765298128128 1.82516647875309 -9999 -9999 -9999 -9999 -9999 -9999 -9999 -9999 -9999 -9999 -9999
-9999 -9999 -9999 -9999 -9999 -9999 -9999 -9999 -9999 -9999 -9999 -9999 -9999 -9999 -9999 -9999 -9999 1.49012291058898 0.816887218505144 0.550002001225948 0.57668924331665 0.510431617498398 0.576445251703262 0.668116495013237 0.560681238770485 0.577590733766556 0.670539736747742 0.614831238985062 0.64383602142334 0.612782254815102 0.580777511000633 0.593301013112068 0.580976977944374 0.60191698372364 0.672122240066528 0.739745244383812 0.833555996417999 0.700357496738434 0.705405380576849 0.501897767186165 0.751332722604275 1.03180623054504 1.14132952690125 1.20627151429653 1.30049286782742 1.56596249341965 1.71491950750351 2.20593249797821 2.22886997461319 2.13921135663986 1.70272846519947 -9999 -9999 -9999 -9999 -9999 -9999 -9999 -9999 -9999 -9999 -9999
-9999 -9999 -9999 -9999 -9999 -9999 -9999 -9999 -9999 -9999 -9999 -9999 -9999 -9999 0.783134758472443 0.710120499134064 0.645249009132385 1.36556535959244 0.672623421996832 0.950379729270935 1.55894365310669 0.656579811125994 0.534214675426483 0.589454993605614 0.510510742664337 0.56633023917675 0.652390480041504 0.591237008571625 0.577674016356468 0.565112248063087 0.544091239571571 0.529076233506203 0.523200005292892 0.555279761552811 0.582067519426346 0.717326268553734 0.664689928293228 0.678539447486401 0.68139074742794 0.711257994174957 0.700490064918995 0.711152270436287 0.834713488817215 1.07566523551941 1.56725138425827 1.52458626031876 1.65884698927402 2.11915904283524 2.20692041516304 1.87390601634979 1.68103474378586 1.59765340089798 -9999 -9999 -9999 -9999 -9999 -9999 -9999 -9999 -9999 -9999
-9999 -9999 -9999 -9999 -9999 -9999 -9999 -9999 -9999 -9999 -9999 2.22659073344299 1.26337947249413 0.609642013907433 0.516808480024338 1.16250885128975 0.971639567613602 0.894721949100494 0.486806228756905 0.434844732284546 0.413377493619919 0.397025272250175 0.520946234464645 0.483635231852531 0.497447267174721 0.486392229795456 0.553482390940189 0.560316771268845 0.52369724214077 0.510651737451553 0.523216500878334 0.554673001170158 0.617904737591743 0.632270246744156 0.618213728070259 0.635459259152412 0.700940251350403 0.638498056679964 0.607173576951027 0.559338938444853 0.589970614761114 0.60024619102478 0.636155009269714 0.627803809940815 1.06835621595383 1.50381225347519 1.59596800804138 1.82391798496246 1.7788203433156 1.40071729647702 1.71633709669113 -9999 -9999 -9999 -9999 -9999 3.14599108973215 1.70391655909388 1.71945916569751 2.07138644612354 1.79337418079376 -9999
-9999 -9999 -9999 -9999 -9999 -9999 -9999 -9999 -9999 2.50631495118141 1.41913463175297 1.3500073492527 0.532073244452477 0.48234298825264 0.537956267595291 0.538285508751869 0.549266248941422 0.52904024720192 0.390642017126083 0.388301253318787 0.398895755410194 0.367720507085323 0.413550764322281 0.406984493136406 0.415983751416206 0.427764728665352 0.429259479045868 0.453019514679909 0.481628268957138 0.49048800766468 0.501188993453979 0.528362989425659 0.631185740232468 0.635035514831543 0.618393748998642 0.610115244984627 0.558823876082897 0.581038691103458 0.558704059571028 0.532837506383657 0.532793998718262 0.543845817446709 0.559263925999403 0.537809260189533 0.85573473572731 1.45194345712662 1.45713275671005 1.59718948602676 1.66035348176956 2.11595302820206 2.05296701192856 2.09310305118561 2.53911622932979 2.58603235202677 2.05000060483029 2.06525748968124 1.95397645235062 1.66952151060104 1.62859654426575 1.61363768577576 2.03172922134399 -9999
-9999 -9999 -9999 -9999 -9999 0.768389225006104 0.891667807102203 1.08485192656517 1.01588231921196 0.562142997980118 0.579949513077736 0.580015495419502 0.531054005026817 0.52539150416851 0.494842484593391 0.497057229280472 0.481568992137909 0.527093231678009 0.449428260326385 0.373195499181747 0.331913240253925 0.361117489635944 0.403137758374214 0.371829003095627 0.385612517595291 0.444613516330719 0.497447267174721 0.594647258520126 0.512834250926971 0.538689002394676 0.559140756726265 0.563474267721176 0.586424231529236 0.621998235583305 0.62220972776413 0.537221990525723 0.534685134887695 0.557442180812359 0.551116861402988 0.653093978762627 0.687389999628067 0.651279732584953 0.551446504890919 0.49712172851843 0.573865250629537 0.99244574457407 1.27930878102779 1.1583859184209 1.43265227973461 1.47884626686573 1.70918041467667 1.87231999635696 1.77021145820618 1.93611860275269 1.92284095287323 1.91140866279602 1.87434303760529 1.98796731233597 2.44862776994705 1.79730302095413 1.96415174007416 2.11636525392532
-9999 -9999 -9999 -9999 -9999 0.817533624172211 0.669304469972849 0.622772394865751 0.542193174362183 0.561780765652657 0.512757763266563 0.420058518648148 0.439779013395309 0.463287010788918 0.440969243645668 0.449688747525215 0.428987994790077 0.397413745522499 0.423258498311043 0.377028733491898 0.376032739877701 0.377435982227325 0.37695224583149 0.39123223721981 0.356934003531933 0.360015749931335 0.423111006617546 0.504900768399239 0.461093232035637 0.487166985869408 0.59927773475647 0.584936991333961 0.613790228962898 0.609865486621857 0.560055367648602 0.53694748878479 0.558146998286247 0.590809520334005 0.573688371106982 0.600609338458847 0.570535990099112 0.563100747764111 0.655457496643066 0.749307245016098 0.776022762060166 0.837691754102707 1.07115264236927 1.27132308483124 1.28215599060059 1.40584977865219 1.47794964909554 1.61158311367035 1.58510392904282 1.59870451688766 1.8496470451355 1.8216045498848 2.10064870119095 2.03179496526718 1.67734055221081 2.18975448608398 2.23370325565338 2.26812481880188
-9999 -9999 -9999 -9999 -9999 0.422193735837936 0.415785759687424 0.437366276979446 0.425836741924286 0.472802251577377 0.382306516170502 0.430828481912613 0.466268241405487 0.476771995425224 0.468300729990005 0.40294124186039 0.402993008494377 0.362166747450829 0.356981255114079 0.419081255793571 0.363436505198479 0.337235257029533 0.34051575511694 0.341359511017799 0.311589002609253 0.323937758803368 0.422525256872177 0.443196728825569 0.472280234098434 0.479883000254631 0.560068011283875 0.602617517113686 0.600944995880127 0.575867995619774 0.547434747219086 0.598991420120001 0.622983539805693 0.595403630286455 0.603840009254568 0.594394938910709 0.598124250769615 0.573318757116795 0.578895002603531 0.491234148249907 0.530511990189552 0.729951977729797 0.731877744197845 1.16129474043846 1.19988178610802 1.37703042626381 1.33885785341263 1.51268598437309 1.52275693416595 1.53250569105148 1.56834822893143 1.71471744775772 1.72718703746796 1.71029627323151 1.49211372435093 2.38517379760742 2.29114997386932 2.3007915019989
-9999 -9999 -9999 -9999 -9999 0.409288053126896 0.401138499379158 0.356433749198914 0.338031001389027 0.330631501972675 0.334839753806591 0.365150257945061 0.344869494438171 0.348740257322788 0.356008507311344 0.357473999261856 0.314649760723114 0.332352004945278 0.368662498891354 0.331280238926411 0.34196175634861 0.381146997213364 0.390731245279312 0.388720482587814 0.372868493199348 0.402773499488831 0.44497150182724 0.470572516322136 0.478670239448547 0.499945521354675 0.503247175365686 0.608655273914337 0.520731367170811 0.405312761664391 0.500278517603874 0.544221387189977 0.528983029372552 0.534664282027413 0.563089047284687 0.551320128142834 0.561470255255699 0.546859502792358 0.555137246847153 0.613757617771626 0.679776504635811 0.96910160779953 0.70576199889183 1.10334411263466 1.15065488219261 1.17243602871895 1.40555447340012 1.50240075588226 1.28027062118053 1.53424501419067 1.45430400967598 1.42555573582649 1.59479016065598 1.65845918655396 1.70451897382736 1.93629151582718 1.90122896432877 2.50218820571899
-9999 -9999 -9999 -9999 -9999 0.363209992647171 0.34961175173521 0.346604995429516 0.340235240757465 0.339018009603024 0.343729510903358 0.344394005835056 0.373665757477283 0.39309149980545 0.369917996227741 0.363832511007786 0.38875874876976 0.402942001819611 0.412688255310059 0.418283253908157 0.373009510338306 0.418876513838768 0.430881768465042 0.425867512822151 0.407652765512466 0.427879482507706 0.437228992581367 0.388545021414757 0.432317242026329 0.430748999118805 0.480232492089272 0.480577312409878 0.48628856241703 0.398564994335175 0.427099496126175 0.50066551566124 0.471234027953709 0.465577283326317 0.498217485845089 0.542789250612259 0.502843514084816 0.491096243262291 0.46409616224906 0.455184170428444 0.599449887871742 0.508640170097351 0.457114377442528 0.397915535140783 1.09333723783493 1.04316298663616 1.04570285975933 1.26228028535843 0.977402985095978 1.75117868185043 1.77281248569489 1.89656174182892 1.83588141202927 1.86069220304489 1.7532023191452 1.74442648887634 2.17506819963455 2.36798626184464
-9999 -9999 -9999 -9999 -9999 0.323544010519981 0.322403244674206 0.322049260139465 0.331335760653019 0.35376300662756 0.353837996721268 0.365648254752159 0.375800237059593 0.431017488241196 0.439537480473518 0.449907749891281 0.454915478825569 0.41847825050354 0.455931007862091 0.483027756214142 0.368506506085396 0.430541262030602 0.459891021251678 0.45600226521492 0.440295740962029 0.461564987897873 0.468876019120216 0.457067996263504 0.429572984576225 0.451123505830765 0.441435769200325 0.44624850153923 0.490864131599665 0.388070985674858 0.377017512917519 0.405255764722824 0.482379365712404 0.471388109028339 0.500062488019466 0.53032685816288 0.50212499499321 0.488676756620407 0.552435652298086 0.551240039222381 0.558170445263386 0.628305494785309 0.578898996114731 0.531589269638062 0.803392097353935 0.84152626991272 0.8055379986763 0.81682950258255 1.02211086452007 1.48886999487877 1.78832101821899 1.944759786129 2.09896945953369 1.80222076177597 1.68281543254852 1.75169920921326 2.06607306003571 2.30525547266006
-9999 -9999 -9999 -9999 -9999 0.324155621230602 0.337965756654739 0.357397500425577 0.354284629225731 0.335121743381023 0.368976004421711 0.384208515286446 0.412354499101639 0.402702748775482 0.437877729535103 0.434174984693527 0.427382245659828 0.418290764093399 0.412587001919746 0.38414370516936 0.45685051381588 0.47036249935627 0.451433256268501 0.438439518213272 0.440994009375572 0.450185984373093 0.458217769861221 0.457368761301041 0.457269743084908 0.426323980093002 0.396706491708755 0.381470248103142 0.424297749996185 0.443101868033409 0.389047488570213 0.387693732976913 0.424721628427505 0.466291107237339 0.494108252227306 0.469380561043234 0.518655002117157 0.51222226023674 0.479084830731153 0.486828200519085 0.491744052618742 0.456622074047724 0.533821508288383 0.533477246761322 0.568568609654903 0.784054487943649 0.859237521886826 0.803464114665985 0.891597390174866 1.03688849508762 1.15577548742294 1.60377967357635 1.81842523813248 2.21686720848083 2.67918455600739 2.70050141215324 2.58704960346222 2.15767897878374
-9999 -9999 -9999 -9999 -9999 0.375521495938301 0.376838490366936 0.397500991821289 0.343311756849289 0.412708608543172 0.415010532912086 0.424764007329941 0.420711010694504 0.424812018871307 0.418322995305061 0.430340230464935 0.44514074921608 0.457631260156631 0.413181737065315 0.394847470801324 0.49201874434948 0.486687764525414 0.467270269989967 0.431196749210358 0.446878507733345 0.451952263712883 0.463839009404182 0.469130247831345 0.461250767111778 0.449222266674042 0.451759502291679 0.420185621827841 0.404125118628144 0.378264371305704 0.302239872515202 0.330312939360738 0.342588929459453 0.367223259061575 0.443632837604074 0.540097519755363 0.466581746935844 0.454588126391172 0.460237137973309 0.544631257653236 0.567809015512466 0.532731235027313 0.495020627975464 0.463604237884283 0.460786119103432 0.675729736685753 0.708443507552147 0.756897747516632 0.80605873465538 0.958877980709076 1.04876726865768 1.6531737446785 1.98101073503494 1.79226297140121 -9999 -9999 -9999 -9999
