EcologicalScience/Bass/data/rs_data_bass/chl_34.asc
NCOLS 226 
NROWS 124 
XLLCORNER -9.41648524995501 
YLLCORNER 47.587301625531 
CELLSIZE 0.0833 
NODATA_value -9999 
[rows 56 to 83 of 124, columns 124 to 185 of 226]
1.98663371801376 2.06445819139481 2.43210303783417 2.24240005016327 1.94597893953323 2.24246066808701 2.2016062438488 2.21904337406158 1.25905126333237 1.35752248764038 1.51859396696091 1.74764621257782 1.73313081264496 1.65522068738937 1.94195705652237 1.82201170921326 1.87975618243217 2.00012585520744 1.54050672054291 1.42526176571846 1.40461948513985 2.26320898532867 2.20675706863403 2.23032927513123 2.27592223882675 2.22410595417023 2.24145501852036 1.74818927049637 1.82574605941772 1.83944928646088 1.94113433361053 1.99915945529938 2.06219172477722 2.11347377300262 2.09390169382095 2.15781819820404 2.13510596752167 1.80347438156605 1.86574347317219 1.69725304841995 2.21259596943855 2.35094511508942 3.09436047077179 3.73012429475784 4.3818107843399 4.27724182605743 3.86625945568085 -9999 4.54601840178172 4.77515476942062 9.90728875994682 8.90069854259491 6.19921771685282 15.8348417038465 -9999 -9999 -9999 -9999 -9999 -9999 -9999 -9999
2.73689693212509 2.96728464961052 2.06052303314209 2.13438606262207 2.44252592325211 2.27056217193604 2.07255494594574 2.10707354545593 2.38099050521851 2.33036881685257 1.60699868202209 1.90232473611832 1.96169167757034 2.02469104528427 1.99088180065155 1.5290564596653 1.56302708387375 1.87653717398643 2.15100932121277 1.51047742366791 1.5708771944046 1.62660527229309 1.78784555196762 2.31152701377869 2.29236227273941 2.33606672286987 2.3078653216362 2.09558057785034 2.05421286821365 1.97642183303833 1.98404324054718 2.04003220796585 2.11197602748871 2.08021205663681 2.02416068315506 2.05850332975388 2.19142070412636 2.09782698750496 2.06488248705864 1.87219128012657 1.83249713480473 2.17351722717285 3.23696395754814 4.46790039539337 5.00295031070709 4.55320990085602 7.65987110137939 -9999 6.34158611297607 4.06657934188843 3.82747936248779 5.19777524471283 8.0854160785675 -9999 -9999 -9999 -9999 -9999 -9999 -9999 -9999 -9999
3.65976852178574 2.95262888073921 2.75562822818756 2.61459892988205 2.19341254234314 1.91970008611679 2.49500900506973 2.40214097499847 2.49623799324036 2.82654038071632 2.25288516283035 2.07506632804871 1.67349457740784 1.65625870227814 1.81418144702911 1.41690261662006 1.91385188698769 1.41651079058647 2.37859913706779 1.56395477056503 1.73816621303558 1.78207272291183 1.84904623031616 1.8909518122673 1.8906689286232 2.00741475820541 2.19842094182968 2.17826700210571 1.96560457348824 1.81470799446106 2.1394949555397 2.05506008863449 1.94668275117874 2.05520617961884 2.0737087726593 2.06014269590378 1.94050160050392 1.71239250898361 1.6471740603447 1.9260048866272 2.21138173341751 3.02693992853165 3.99604600667953 5.11958527565002 5.02531766891479 3.7510136961937 5.57152426242828 7.61126339435577 3.50740724802017 5.94380235671997 5.39622008800507 4.15024280548096 48.0458539359424 -9999 -9999 -9999 -9999 -9999 -9999 -9999 -9999 -9999
-9999 3.14880027920008 4.32495057582855 3.62903088331222 3.08899956941605 2.80205428600311 1.92923694849014 2.13627308607101 2.58941745758057 3.44385623931885 2.97958758473396 2.60229974985123 2.65387719869614 2.41739469766617 2.09522920846939 1.28092047572136 2.14750725030899 1.73225694894791 2.68905001878738 2.85149592161179 1.78051275014877 2.02281224727631 1.9530810713768 2.09918242692947 2.06009477376938 2.13429683446884 2.21054255962372 2.20617520809174 2.17984056472778 2.18495392799377 1.66619628667831 1.92717254161835 2.21581494808197 1.94794946908951 1.84232693910599 1.96991103887558 1.75280168652534 1.77960669994354 1.73354172706604 1.60445916652679 3.04887282848358 3.43523263931274 3.86897397041321 5.05801033973694 4.99963343143463 -9999 -9999 7.49050183296204 8.9667946100235 7.76922376155853 35.3143823377548 50.7058650601295 44.9134331980059 -9999 -9999 -9999 -9999 -9999 -9999 -9999 -9999 -9999
-9999 -9999 -9999 -9999 -9999 2.28387522697449 2.28364044427872 2.6168954372406 2.4686159491539 2.69387394189835 2.6431058049202 2.74322319030762 2.4543097615242 2.49083697795868 2.34059178829193 2.03764849901199 2.12879025936127 2.52090495824814 2.57439768314362 3.08447831869125 2.0155748128891 2.05996870994568 2.06396931409836 2.05863600969315 2.05326747894287 2.07980096340179 2.11420279741287 2.09232527017593 2.06099706888199 2.11392903327942 2.13944470882416 1.8109672665596 2.0837550163269 1.66104152798653 1.59626322984695 1.67858093976974 1.72453719377518 1.71863329410553 1.6873927116394 1.64215350151062 3.00192415714264 3.70587944984436 4.82130360603333 5.0113433599472 4.92647969722748 -9999 -9999 -9999 -9999 -9999 63.3176523355337 54.812715284286 64.0121501799553 -9999 -9999 -9999 -9999 -9999 -9999 -9999 -9999 -9999
-9999 -9999 -9999 -9999 -9999 -9999 -9999 -9999 3.40480077266693 4.59753757715225 3.28755080699921 2.88038554787636 2.27218043804169 2.58234375715256 2.63787442445755 2.66829040646553 2.80817252397537 2.2689037322998 1.93119519948959 1.95578813552856 1.72217810153961 1.60286208987236 2.01684755086899 1.93084645271301 1.90289622545242 1.72682178020477 1.71348571777344 2.01493611931801 1.94082605838776 1.86588299274445 1.91889077425003 1.81023520231247 1.74761402606964 1.66874027252197 1.51457101106644 1.60508698225021 1.61218267679214 1.6348380446434 1.6088063120842 2.84449303150177 3.32266384363174 4.95287382602692 5.99272608757019 5.2178328037262 -9999 29.0682649612427 -9999 -9999 -9999 -9999 17.548882484436 61.2834671764839 10.9526504820043 53.0163153409958 22.8957881033421 -9999 -9999 -9999 -9999 -9999 -9999 -9999
-9999 -9999 -9999 -9999 -9999 -9999 -9999 -9999 -9999 -9999 3.4513646364212 2.69865149259567 2.76251953840256 2.67534381151199 2.5262423157692 2.78418186306953 2.59626907110214 2.56700170040131 1.87991774082184 1.86054968833923 1.70830616354942 1.67878237366676 1.82341057062149 1.83967798948288 1.78086304664612 1.78856474161148 1.71269917488098 2.11032122373581 1.82583671808243 1.59997719526291 1.63005530834198 1.70139974355698 1.62887924909592 1.50857841968536 1.56751656532288 1.64910453557968 1.74127131700516 1.89332020282745 2.45823401212692 3.0604692697525 3.25882279872894 5.29991567134857 5.40566158294678 4.1152258515358 -9999 -9999 -9999 -9999 -9999 -9999 -9999 -9999 -9999 28.7149170041084 40.1523232460022 9.36350098523227 10.8786277770996 -9999 -9999 -9999 -9999 -9999
-9999 -9999 -9999 -9999 -9999 -9999 -9999 -9999 -9999 4.3704868555069 3.68760198354721 2.62169551849365 2.60136115550995 2.35944753885269 2.18364232778549 2.21658593416214 2.59968227148056 2.40207821130753 1.9832489490509 1.78257519006729 1.86834114789963 1.39111724495888 1.25385975837708 1.39043998718262 1.61356508731842 1.57748991250992 1.51231867074966 1.50773996114731 1.52272421121597 1.63307243585587 1.49653950333595 1.49307829141617 1.54420566558838 1.59449332952499 1.79810696840286 2.02757102251053 2.05421108007431 2.06168407201767 3.54968774318695 3.64312571287155 4.3000373840332 4.44713568687439 4.01431614160538 4.92910122871399 -9999 33.0447750091553 -9999 -9999 -9999 16.1383635203044 14.3526334762573 14.6386768136706 12.9650837353298 36.7342934608459 14.9212560653687 34.869248231252 -9999 -9999 -9999 -9999 -9999 -9999
-9999 -9999 -9999 -9999 -9999 -9999 -9999 -9999 -9999 -9999 2.76602017879486 2.58775949478149 2.5292631983757 2.45423322916031 2.3045482635498 2.23904925584793 2.32294499874115 2.22268521785736 1.31113654375076 1.72525124251842 1.68083721399307 1.80940729379654 1.54209673404694 1.46907377243042 1.56106799840927 2.04565817117691 1.43019300699234 1.51966345310211 1.47210073471069 1.51039946079254 1.53722333908081 1.65430945158005 1.66130322217941 1.63443446159363 1.74050706624985 1.84404301643372 1.84756350517273 2.25727880001068 2.64688056707382 3.8031177520752 3.7961660027504 3.86651247739792 4.17849791049957 4.50815999507904 -9999 -9999 -9999 -9999 -9999 -9999 14.1118163108826 45.0503211021423 26.2200732912336 18.2097270829337 28.7085130691528 -9999 -9999 -9999 -9999 -9999 -9999 -9999
-9999 -9999 -9999 -9999 -9999 -9999 -9999 -9999 -9999 3.67937564849854 3.08810842037201 2.56029903888702 2.3914829492569 3.57451343536377 2.28799349069595 2.14837431907654 1.79241156578064 1.68872326612473 1.83525902032852 1.40971425175667 1.69834300875664 1.63381904363632 1.64364582300186 1.77296429872513 1.34166678786278 1.39042729139328 1.35549974441528 1.33170452713966 1.47010651230812 1.49688899517059 1.57253926992416 1.64916676282883 1.40561547875404 1.38319802284241 2.56225347518921 1.99368757009506 2.1643477678299 2.64878243207932 2.72317957878113 2.80351495742798 2.99156695604324 3.4286116361618 3.83518731594086 3.23800885677338 3.86466658115387 -9999 -9999 -9999 -9999 -9999 16.8610521554947 16.6239724159241 40.7132892608643 -9999 -9999 -9999 -9999 -9999 -9999 -9999 -9999 -9999
-9999 -9999 -9999 -9999 -9999 -9999 -9999 -9999 -9999 4.60489571094513 3.81990829110146 2.84038656949997 2.72980427742004 2.38840717077255 2.27615547180176 2.04852676391602 1.66833829879761 1.51581376791 1.52048242092133 1.44308549165726 1.47429075837135 1.66363394260406 1.56266206502914 1.59276473522186 1.45261573791504 1.35906976461411 1.22185876965523 1.19986349344254 1.25080722570419 1.30223554372787 1.41668397188187 2.20434978604317 1.37777924537659 2.19801074266434 3.56900203227997 2.41884380578995 3.32314574718475 3.80172443389893 2.85399752855301 2.85906744003296 2.94943499565125 3.19220459461212 3.81865131855011 -9999 3.86466693878174 -9999 -9999 -9999 -9999 12.1949715614319 -9999 -9999 -9999 -9999 -9999 -9999 -9999 -9999 -9999 -9999 -9999 -9999
-9999 -9999 -9999 -9999 -9999 -9999 -9999 -9999 -9999 4.7864807844162 2.28357303142548 2.41463094949722 2.77477580308914 2.2148745059967 2.09709370136261 1.97604829072952 1.67881572246552 1.3899322450161 1.59395849704742 1.53132501244545 1.49730902910233 1.50113373994827 1.56474298238754 1.48004624247551 1.55898982286453 1.48237726092339 1.28609624505043 1.28341421484947 1.39187774062157 1.47081077098846 1.74919652938843 1.9848929643631 2.57737684249878 2.58316683769226 3.49987208843231 2.76232641935349 3.05496990680695 3.77724534273148 2.96637153625488 3.1194384098053 3.27835428714752 3.56864941120148 -9999 -9999 -9999 -9999 -9999 -9999 -9999 -9999 -9999 -9999 -9999 -9999 -9999 -9999 -9999 -9999 -9999 -9999 -9999 -9999
-9999 -9999 -9999 -9999 -9999 -9999 -9999 -9999 -9999 2.59738719463348 2.83794146776199 2.67652577161789 2.68467825651169 1.86422628164291 2.01307582855225 2.00878500938416 1.26416471600533 1.23549297451973 1.42755523324013 1.52979120612144 1.44166600704193 1.51643662154675 1.60362404584885 1.6346760392189 1.62381327152252 1.61269050836563 1.5310919880867 1.48484176397324 1.5123428106308 1.61485880613327 2.16784805059433 1.98764705657959 2.0195580124855 3.62452578544617 4.26432967185974 4.25837063789368 3.83628833293915 3.621737241745 3.6069438457489 3.56428796052933 3.39785850048065 4.86092832684517 -9999 -9999 -9999 -9999 -9999 -9999 -9999 -9999 -9999 -9999 -9999 -9999 -9999 -9999 -9999 -9999 -9999 -9999 -9999 -9999
-9999 -9999 -9999 -9999 -9999 -9999 -9999 3.28386068344116 3.84369610037122 3.98607337474823 2.54567921161652 2.37426441907883 2.04272997379303 1.87009942531586 1.53592801094055 1.37054175138474 1.13218572735786 1.15484172105789 1.52554666996002 1.50621473789215 1.53194576501846 1.58538246154785 1.87986999750137 1.67390558123589 1.63444688916206 1.62968248128891 1.95887321233749 1.65414905548096 1.56406116485596 1.70831841230392 2.04738155007362 2.11834806203842 2.03284120559692 3.66016483306885 3.78763401508331 3.78960776329041 3.64175748825073 3.39301693439484 3.3744283914566 3.36067008972168 -9999 5.69786846637726 3.25656187534332 -9999 -9999 -9999 -9999 -9999 -9999 -9999 -9999 -9999 -9999 -9999 -9999 -9999 -9999 -9999 -9999 -9999 -9999 -9999
-9999 -9999 -9999 -9999 -9999 -9999 4.18054127693176 5.1089045097088 4.59052616357803 3.70040363073349 3.57803374528885 3.3339124917984 3.17599350214005 2.64386281371117 2.20733132958412 1.83663260936737 1.80959585309029 1.52513287961483 1.23477575182915 1.47637152671814 1.45753049850464 1.42121374607086 1.66716036200523 1.7144621014595 1.69729354977608 1.73465180397034 1.68009155988693 1.70515877008438 1.74888449907303 1.76712226867676 2.35911449790001 2.61566546559334 3.35665607452393 3.3873827457428 3.20937097072601 3.30563545227051 3.54802894592285 3.45470106601715 3.42340636253357 -9999 -9999 -9999 -9999 -9999 -9999 -9999 -9999 -9999 -9999 -9999 -9999 -9999 -9999 -9999 -9999 -9999 -9999 -9999 -9999 -9999 -9999 -9999
-9999 -9999 -9999 -9999 3.55851403713226 7.08914665553881 3.85023653507233 3.86213225126266 3.67057424783707 3.48311519622803 3.31242567300797 3.11382973194122 3.02159133553505 2.5948323905468 2.05916476249695 1.89906030893326 1.86565053462982 1.48968628048897 1.44123747944832 1.4273347556591 1.38663679361343 1.3991422355175 1.20748803019524 1.23066973686218 1.74874949455261 1.83650466799736 1.80500775575638 1.85030096769333 1.89593857526779 2.00668054819107 2.75315701961517 2.94648051261902 3.15928173065186 3.11562061309814 3.03299701213837 3.11289569735527 3.23492991924286 10.2755710087465 -9999 -9999 -9999 -9999 -9999 -9999 -9999 -9999 -9999 -9999 -9999 -9999 -9999 -9999 -9999 -9999 -9999 -9999 -9999 -9999 -9999 -9999 -9999 -9999
-9999 -9999 -9999 -9999 4.21995125097387 5.70647971630097 3.74399056434631 3.52781742811203 3.22018879652023 3.10161817073822 2.84840324521065 2.76298767328262 1.65516757965088 2.51441511511803 2.03430041670799 1.42755523324013 1.53685730695724 1.44822826981544 1.50065660476685 1.40923097729683 1.55173373222351 1.285364985466 1.32542324066162 1.31561172008514 1.35993978381157 1.79478251934052 1.87657123804092 1.95358729362488 2.09167796373367 2.15875947475433 3.13863027095795 3.42226827144623 2.98329529166222 3.01517888903618 3.27639752626419 3.30924636125565 4.39044559001923 -9999 -9999 -9999 -9999 -9999 -9999 -9999 -9999 -9999 -9999 -9999 -9999 -9999 -9999 -9999 -9999 -9999 -9999 -9999 -9999 -9999 -9999 -9999 -9999 -9999
-9999 3.99258624685222 3.5225590467453 3.90190351009369 3.65668642520905 3.51532971858978 2.62272226810455 3.30880111455917 3.10977637767792 2.86797451972961 2.64800173044205 2.44906497001648 2.11147347092628 1.89374327659607 1.53514051437378 1.40634754300117 1.64907525479794 1.61048287153244 1.44974148273468 1.59487503767014 1.67500501871109 1.2703672349453 1.26309603452682 1.34355229139328 1.51481026411057 1.84689366817474 1.87288427352905 1.972676217556 2.1878467798233 2.98027807474136 3.03384232521057 2.98515754938126 3.03541615605354 3.33383667469025 3.96572951475779 -9999 -9999 -9999 -9999 -9999 -9999 -9999 -9999 -9999 -9999 -9999 -9999 -9999 -9999 -9999 -9999 -9999 -9999 -9999 -9999 -9999 -9999 -9999 -9999 -9999 -9999 -9999
4.10351061820984 4.61231279373169 4.12191581726074 3.73674309253693 3.2342689037323 3.23067313432693 3.17260318994522 3.21987488865852 2.9192421734333 2.6572570502758 2.28865912556648 1.78461679816246 1.87626975774765 1.71866735816002 1.45814403891563 1.45943027734756 1.58409225940704 1.5526730120182 1.61874878406525 1.62961274385452 1.78570014238358 1.88044542074203 1.96447947621346 2.23548406362534 2.61620691418648 2.4969584941864 2.41275107860565 2.27857196331024 2.29804730415344 2.98287937045097 3.14758810400963 3.46931093931198 3.6597506403923 -9999 -9999 -9999 -9999 -9999 -9999 -9999 -9999 -9999 -9999 -9999 -9999 -9999 -9999 -9999 -9999 -9999 -9999 -9999 -9999 -9999 -9999 -9999 -9999 -9999 -9999 -9999 -9999 -9999
4.62025973796844 3.5239285826683 3.67458853125572 3.57329227924347 3.28655290603638 3.34875673055649 3.05232256650925 2.76528596878052 2.53092706203461 2.27764427661896 1.9974516928196 1.81486648321152 1.47125740349293 1.54429239034653 1.51584452390671 1.46447329223156 1.65238803625107 1.64826995134354 1.67143794894218 1.65368029475212 1.91582813858986 1.89687636494637 2.00259411334991 2.1903427541256 2.41417461633682 2.50081238150597 2.60015845298767 2.74497038125992 2.97245246171951 3.25994431972504 3.66170740127563 4.14990073442459 4.02155774831772 4.28486689925194 3.48216998577118 -9999 -9999 -9999 -9999 -9999 -9999 -9999 -9999 -9999 -9999 -9999 -9999 -9999 -9999 -9999 -9999 -9999 -9999 -9999 -9999 -9999 -9999 -9999 -9999 -9999 -9999 -9999
3.52611029148102 3.55446034669876 3.66452103853226 3.41744595766068 3.27736616134644 3.02992048859596 2.73027554154396 2.37802156805992 2.1710489988327 1.8810940682888 1.57729759812355 1.49324327707291 1.48719075322151 1.42599603533745 1.40715822577477 1.55100500583649 1.65350997447968 1.67209005355835 1.73776400089264 1.89698922634125 2.05284932255745 1.91972324252129 2.09001669287682 2.41080370545387 2.59465876221657 2.6388011276722 2.74095860123634 2.82326433062553 3.31345152854919 3.68961024284363 -9999 -9999 -9999 -9999 -9999 -9999 -9999 -9999 -9999 -9999 -9999 -9999 -9999 -9999 -9999 -9999 -9999 -9999 -9999 -9999 -9999 -9999 -9999 -9999 -9999 -9999 -9999 -9999 -9999 -9999 -9999 -9999
3.578384578228 3.72967118024826 4.17589169740677 3.48035109043121 3.25178396701813 2.8411720097065 2.69692799448967 2.82415795326233 2.54692071676254 1.91157293319702 1.3775654733181 1.32374900579453 1.3480252623558 1.45198225975037 1.53564622998238 1.76984626054764 1.95388221740723 1.69440597295761 1.64506986737251 1.90708762407303 1.93751066923141 2.18190148472786 2.37937197089195 2.64578322172165 2.77186131477356 2.87284624576569 3.02670934796333 3.3482118844986 3.63149750232697 4.28629052639008 3.68130376338959 3.28593444824219 -9999 -9999 -9999 -9999 -9999 -9999 -9999 12.6942715644836 -9999 -9999 -9999 -9999 -9999 -9999 -9999 -9999 -9999 -9999 -9999 -9999 -9999 -9999 -9999 -9999 -9999 -9999 -9999 -9999 -9999 -9999
4.61511627833048 4.99729357163111 3.96329343318939 3.60481286048889 2.98081769049168 5.34807352586226 3.01969553001465 3.87092953920364 2.80503275990486 1.9125862121582 1.45255753397942 1.20749872922897 1.28386622667313 1.30670648813248 1.49044102430344 2.27953612804413 1.81198048591614 1.6660680770874 1.83414897322655 2.14190965890884 2.35566714406013 2.42154371738434 2.42576023936272 2.84462481737137 2.86412584781647 3.12152367830276 3.55610060691833 3.15167951583862 3.42432010173798 3.47230110168457 3.30022573471069 3.42093944549561 -9999 -9999 -9999 -9999 -9999 -9999 -9999 -9999 -9999 -9999 -9999 -9999 -9999 -9999 -9999 -9999 -9999 -9999 -9999 -9999 -9999 -9999 -9999 -9999 -9999 -9999 -9999 -9999 -9999 -9999
-9999 -9999 -9999 -9999 -9999 3.21437863299721 2.52037715911865 3.13925591111183 2.49016010761261 1.54095873236656 1.1879741102457 1.21440298855305 1.42938521504402 1.58273953199387 1.44923025369644 1.59755820035934 2.14140975475311 1.99839001893997 1.96808812022209 2.53215453028679 2.68413528800011 2.67148008942604 2.66115716099739 3.05581006407738 3.19958810806274 3.13751857280731 -9999 -9999 -9999 -9999 -9999 -9999 -9999 -9999 -9999 -9999 -9999 -9999 -9999 -9999 -9999 -9999 -9999 -9999 -9999 -9999 -9999 -9999 -9999 -9999 -9999 -9999 -9999 -9999 -9999 -9999 -9999 -9999 -9999 -9999 -9999 -9999
-9999 -9999 -9999 -9999 -9999 -9999 3.41457062959671 3.16816291809082 1.49921478331089 1.28688302636147 1.2758756428957 1.31107577681541 1.47817969322205 1.72549569606781 1.65097948908806 2.07562446594238 2.51621872186661 2.14506149291992 2.08774128556252 2.24601197242737 2.40244525671005 2.60949686765671 3.24451696872711 2.66331607103348 -9999 -9999 -9999 -9999 -9999 -9999 -9999 -9999 -9999 -9999 -9999 -9999 -9999 -9999 -9999 -9999 -9999 -9999 -9999 -9999 -9999 -9999 -9999 -9999 -9999 -9999 -9999 -9999 -9999 -9999 -9999 -9999 -9999 -9999 -9999 -9999 -9999 -9999
-9999 2.50102669000626 2.50102686882019 3.50461488274428 3.08437673250834 2.49379701912403 2.32690045237541 1.33831912279129 1.25158086419106 1.26732037961483 1.32471714913845 1.25639663636684 1.35180371999741 1.64482146501541 2.123475253582 2.60945776104927 2.99129694700241 3.40741914510727 2.7655882537365 2.72174254059792 2.68393465876579 3.25165328264236 -9999 -9999 -9999 -9999 -9999 -9999 -9999 -9999 -9999 -9999 -9999 -9999 -9999 -9999 -9999 -9999 -9999 -9999 -9999 -9999 -9999 -9999 -9999 -9999 -9999 -9999 -9999 -9999 -9999 -9999 -9999 -9999 -9999 -9999 -9999 -9999 -9999 -9999 -9999 -9999
-9999 2.78183512687683 2.52997523546219 2.18552854657173 2.09710577130318 1.86464095115662 1.51794898509979 1.23978750407696 1.27732314169407 1.35329063236713 1.64129662513733 1.5422917753458 1.52667573094368 1.59625002741814 3.07708811759949 3.77167017459869 3.81939697265625 4.39024828539954 -9999 -9999 -9999 -9999 -9999 -9999 -9999 -9999 -9999 -9999 -9999 -9999 -9999 -9999 -9999 -9999 -9999 -9999 -9999 -9999 -9999 -9999 -9999 -9999 -9999 -9999 -9999 -9999 -9999 -9999 -9999 -9999 -9999 -9999 -9999 -9999 -9999 -9999 -9999 -9999 -9999 -9999 -9999 -9999
-9999 1.02764403820038 1.45593485981226 1.57936835289001 1.51098865270615 1.43139186501503 1.20969374477863 1.76767426729202 2.19253684580326 2.09542179107666 3.51364788413048 4.45469026382153 -9999 -9999 -9999 -9999 -9999 -9999 -9999 -9999 -9999 -9999 -9999 -9999 -9999 -9999 -9999 -9999 -9999 -9999 -9999 -9999 -9999 -9999 -9999 -9999 -9999 -9999 -9999 -9999 -9999 -9999 -9999 -9999 -9999 -9999 -9999 -9999 -9999 -9999 -9999 -9999 -9999 -9999 -9999 -9999 -9999 -9999 -9999 -9999 -9999 -9999
