EcologicalScience/Bass/data/rs_data_bass/chl_29.asc
NCOLS 226 
NROWS 124 
XLLCORNER -9.41648524995501 
YLLCORNER 47.587301625531 
CELLSIZE 0.0833 
NODATA_value -9999 
[rows 81 to 107 of 124, columns 62 to 123 of 226]
3.85158455371857 5.97498106956482 7.6620512008667 7.66205191612244 -9999 -9999 -9999 -9999 -9999 -9999 -9999 -9999 -9999 -9999 -9999 -9999 -9999 -9999 -9999 -9999 -9999 -9999 -9999 -9999 -9999 -9999 -9999 -9999 -9999 -9999 -9999 -9999 -9999 -9999 -9999 -9999 -9999 -9999 -9999 -9999 -9999 -9999 -9999 -9999 -9999 -9999 -9999 -9999 -9999 -9999 -9999 -9999 -9999 -9999 -9999 -9999 -9999 -9999 -9999 -9999 -9999 -9999
-9999 -9999 -9999 -9999 -9999 -9999 -9999 -9999 -9999 -9999 -9999 -9999 -9999 -9999 -9999 -9999 -9999 -9999 -9999 -9999 -9999 -9999 -9999 -9999 -9999 -9999 -9999 -9999 -9999 -9999 -9999 -9999 -9999 -9999 -9999 -9999 -9999 -9999 -9999 -9999 -9999 -9999 -9999 -9999 -9999 -9999 -9999 -9999 -9999 -9999 -9999 -9999 -9999 -9999 -9999 -9999 -9999 -9999 -9999 -9999 -9999 -9999
-9999 -9999 -9999 -9999 -9999 -9999 -9999 -9999 -9999 -9999 -9999 -9999 -9999 -9999 -9999 -9999 -9999 -9999 -9999 -9999 -9999 -9999 -9999 -9999 -9999 -9999 -9999 -9999 -9999 -9999 -9999 -9999 -9999 -9999 -9999 -9999 -9999 -9999 -9999 -9999 -9999 -9999 -9999 -9999 -9999 -9999 -9999 -9999 -9999 -9999 -9999 -9999 -9999 -9999 -9999 -9999 -9999 -9999 -9999 -9999 -9999 -9999
-9999 -9999 -9999 -9999 -9999 -9999 -9999 -9999 -9999 -9999 -9999 -9999 -9999 -9999 -9999 -9999 -9999 -9999 -9999 -9999 -9999 -9999 -9999 -9999 -9999 -9999 -9999 -9999 -9999 -9999 -9999 -9999 -9999 -9999 -9999 -9999 -9999 -9999 -9999 -9999 -9999 -9999 -9999 -9999 -9999 -9999 -9999 -9999 -9999 -9999 -9999 -9999 -9999 -9999 -9999 -9999 -9999 4.24680233001709 1.94512677192688 2.20825827121735 2.50985878705978 2.04143366217613
-9999 -9999 -9999 -9999 -9999 -9999 -9999 -9999 -9999 -9999 -9999 -9999 -9999 -9999 -9999 -9999 -9999 -9999 -9999 -9999 -9999 -9999 -9999 -9999 -9999 -9999 -9999 -9999 -9999 -9999 -9999 -9999 -9999 -9999 -9999 -9999 37.1749906539917 -9999 3.36059179902077 3.46742472052574 -9999 -9999 2.36191231012344 1.46107846498489 2.07089179754257 1.87205600738525 1.81099653244019 1.87642878293991 1.98308098316193 2.20588141679764 2.33770924806595 2.5793542265892 -9999 -9999 -9999 3.39177590608597 2.93073493242264 1.69106924533844 1.50625896453857 1.28560101985931 0.758268713951111 0.768543004989624
-9999 -9999 -9999 -9999 -9999 -9999 -9999 -9999 -9999 -9999 -9999 -9999 -9999 2.29230755567551 2.42198771238327 1.39649349451065 1.05605778098106 1.05986148118973 1.12509450316429 -9999 -9999 -9999 -9999 -9999 -9999 -9999 -9999 -9999 5.52972837594839 2.28152096271515 2.67820644378662 2.99247300624847 -9999 3.66949796676636 -9999 -9999 -9999 -9999 2.22367125749588 2.43945747613907 2.38080149888992 2.05549907684326 0.965918987989426 0.867695957422256 0.796625286340714 0.868164002895355 0.980128526687622 0.801869988441467 0.799959719181061 0.738831013441086 0.725116521120071 1.78139096498489 2.0458499789238 2.34301799535751 2.01394617557526 1.7561137676239 1.62675082683563 1.17447075247765 0.989165961742401 0.804423242807388 0.676774486899376 0.690723359584808
-9999 -9999 -9999 -9999 -9999 -9999 -9999 -9999 -9999 -9999 2.29972922801971 2.2255556344986 1.35946878790855 1.78100627660751 1.8860519528389 1.59737402200699 1.51693207025528 1.86148202419281 1.90108269453049 2.08768272399902 -9999 -9999 2.17175996303558 1.87026900053024 2.04149825870991 -9999 -9999 2.19741257754239 1.83228296041489 1.76543480157852 1.75157779455185 2.0492992401123 1.83943945169449 1.96894580125809 -9999 -9999 -9999 2.61552974581718 2.23027718067169 1.89039891958237 1.86713373661041 1.46989873051643 1.60931700468063 0.877974718809128 0.87671622633934 1.00740221142769 0.849902272224426 1.13143202662468 1.06764221191406 1.22011721134186 1.02020779252052 0.949318528175354 0.579942762851715 0.957772135734558 0.944589793682098 0.89129850268364 0.906620264053345 0.78506326675415 0.677171230316162 0.618954017758369 0.579081751406193 0.899105250835419
-9999 -9999 -9999 -9999 -9999 -9999 -9999 -9999 -9999 0.490630477666855 0.573552757501602 0.793793231248856 1.31413802504539 1.53859126567841 1.50595808029175 1.65729600191116 1.38132977485657 1.25246849656105 1.2322042286396 1.29414296150208 1.91583967208862 1.63234541416168 1.71068769693375 1.71271651983261 1.7887544631958 1.77246308326721 1.64951705932617 1.49173870682716 1.43604603409767 1.42362302541733 1.46043446660042 1.53614848852158 1.56876075267792 1.62941551208496 1.84911221265793 1.80605256557465 1.7942481637001 1.79788506031036 1.70009618997574 1.71009224653244 1.63292545080185 1.52228254079819 1.67697232961655 1.46058896183968 1.28721749782562 0.939271509647369 0.845803499221802 0.849477767944336 1.00938677787781 1.09691476821899 1.01145073771477 0.766566038131714 0.580313980579376 0.602805018424988 0.614934012293816 0.666298493742943 0.733541250228882 0.751323759555817 0.726802513003349 0.675964504480362 0.644741624593735 0.975925505161285
-9999 -9999 -9999 -9999 -9999 -9999 -9999 -9999 -9999 1.68571102619171 1.66367322206497 1.3534432053566 1.02165001630783 0.889091223478317 1.07588928937912 1.06963947415352 1.21100628376007 1.08276602625847 1.05489376187325 1.14570978283882 1.31780925393105 1.4593859910965 1.45580103993416 1.41004577279091 1.46760678291321 1.44756898283958 1.44803926348686 1.52921783924103 1.51366496086121 1.49139976501465 1.54316478967667 1.6134113073349 1.60404306650162 1.59756141901016 1.62937581539154 1.6601550579071 1.62557333707809 1.61489850282669 1.64156395196915 1.63279956579208 1.55818051099777 1.35592272877693 1.05708450078964 0.983218520879745 1.06322023272514 0.84613573551178 0.899178028106689 0.900402724742889 0.807821273803711 0.467553019523621 0.512352749705315 0.552927017211914 0.534519016742706 0.694565266370773 0.761193037033081 0.709933519363403 0.744041249155998 0.783157467842102 0.673249125480652 0.711100503802299 0.749610364437103 0.77384327352047
-9999 -9999 -9999 -9999 -9999 -9999 -9999 -9999 -9999 1.44754350185394 1.48572823405266 1.2865417599678 1.12381947040558 0.858191281557083 0.870023220777512 1.06835103034973 1.1738977432251 1.00184172391891 0.871127218008041 0.927501708269119 1.08867225050926 1.22422054409981 1.24607473611832 1.24740001559258 1.25485798716545 1.26583421230316 1.33102422952652 1.43788424134254 1.48954197764397 1.46448522806168 1.45417946577072 1.50056630373001 1.52698570489883 1.49731501936913 1.47213596105576 1.45556026697159 1.42310696840286 1.36407145857811 1.27239900827408 1.15435722470284 1.04856902360916 0.929828971624374 0.783239275217056 0.738195016980171 0.679748252034187 0.678244516253471 0.583899021148682 0.588948011398315 0.789146259427071 0.762400142848492 0.539636269211769 0.555382490158081 0.599473491311073 0.756612718105316 0.814176768064499 0.798948794603348 0.742989733815193 0.500734493136406 0.692691385746002 0.694106251001358 0.862366855144501 0.826099880039692
6.62213730812073 3.57835114002228 3.92237251996994 34.3426215648651 -9999 -9999 -9999 1.96300703287125 1.64506655931473 1.1177122592926 1.09809824824333 1.05840227007866 1.31817001104355 0.960744023323059 1.03821900486946 1.06323301792145 0.948323965072632 0.868976265192032 0.827121734619141 0.808661252260208 0.860460788011551 0.779153287410736 0.704301729798317 0.708446994423866 0.84569326043129 0.881427794694901 0.878024965524673 0.948915034532547 1.01101577281952 1.04791876673698 1.06653302907944 1.08979654312134 1.06221377849579 1.08558824658394 1.10462853312492 1.05825072526932 0.99756520986557 0.973293006420135 0.912705034017563 0.834327757358551 0.772530019283295 0.794084250926971 0.712245002388954 0.70738197863102 0.922179758548737 1.00884076952934 0.656216248869896 0.648401990532875 0.634017750620842 0.608820006251335 0.657216757535934 0.651053264737129 0.678817480802536 0.792932242155075 0.752612292766571 0.772605031728745 0.683594271540642 1.13499078154564 0.608398497104645 0.835175961256027 1.21829701960087 1.24937023222446
7.52524638175964 9.36561369895935 3.70489275455475 4.99757149815559 2.02013254165649 2.06918174028397 1.41392996907234 1.31591472029686 1.36079621315002 1.20838871598244 0.899511784315109 1.13529002666473 1.18363201618195 0.701564267277718 1.03910475969315 0.928971737623215 0.869050472974777 0.945648014545441 0.85775551199913 0.94480499625206 0.92790225148201 0.652429506182671 0.581210240721703 0.685739994049072 0.753081768751144 0.683077499270439 0.707038521766663 0.74032424390316 0.767037034034729 0.806310743093491 0.864771008491516 0.889428019523621 0.79863452911377 0.801306009292603 0.74872425198555 0.703230768442154 0.715173751115799 0.689620479941368 0.695259734988213 0.707849264144897 0.741935268044472 0.77962651848793 0.74260425567627 0.678070485591888 0.689192980527878 0.701345264911652 0.709949254989624 0.711598500609398 0.711512267589569 0.706399485468864 0.756492018699646 0.754858464002609 0.757216483354568 0.711876735091209 0.676873505115509 0.624182268977165 0.720332264900208 0.776432991027832 0.685982242226601 0.614063233137131 1.44299773871899 0.750733494758606
0.944330245256424 0.899789214134216 1.41449171304703 1.8020932674408 2.21102857589722 2.77566003799438 3.14261555671692 10.0815024375916 5.32468736171722 4.42201888561249 1.63033425807953 1.77006983757019 1.97018927335739 2.02880018949509 1.25305277109146 1.06252571940422 1.07561472058296 1.10427752137184 0.925909459590912 0.842003256082535 0.994691222906113 0.764439761638641 0.716510251164436 0.667959004640579 0.737710520625114 0.742762506008148 0.763889998197556 0.779580742120743 0.799819529056549 0.781278043985367 0.767616748809814 0.794280767440796 0.717022508382797 0.637692734599113 0.6406289935112 0.706468507647514 0.713395491242409 0.699820518493652 0.705741003155708 0.747135758399963 0.696685507893562 0.705129727721214 0.666160494089127 0.675558015704155 0.66704548895359 0.67807200551033 0.725872501730919 0.749273255467415 0.771688520908356 0.821972250938416 0.849898517131805 0.890439033508301 0.871395707130432 0.718202993273735 0.606776252388954 0.621396750211716 0.608421742916107 0.608516246080399 0.557010009884834 0.875000238418579 1.12251752614975 1.04288247227669
4.93299758434296 1.25868979096413 1.25411170721054 1.60533446073532 0.866921961307526 1.04381400346756 8.73161673545837 10.6426141262054 5.7881144285202 6.34379982948303 2.45560795068741 2.38192194700241 2.35468500852585 2.56161832809448 3.0914272069931 2.7128250002861 2.22525072097778 2.02435648441315 1.24421846866608 0.829337641596794 0.72834974527359 0.876024037599564 0.882660001516342 0.858197271823883 0.761805027723312 0.747954770922661 0.727905750274658 0.74915774166584 0.767697036266327 0.758467465639114 0.753912001848221 0.719576999545097 0.672178521752357 0.647258251905441 0.700479000806808 0.665923520922661 0.698201984167099 0.737145736813545 0.78218024969101 0.826287746429443 0.806459248065948 0.710522264242172 0.695847764611244 0.704893514513969 0.703677758574486 0.715206742286682 0.7671217918396 0.783846706151962 0.875110477209091 0.910903483629227 0.886857748031616 0.917115032672882 0.986400783061981 0.948414713144302 0.854330956935883 0.68400751054287 1.04188352823257 0.417984008789062 1.48667174577713 1.70840325951576 2.36675016582012 2.49707061052322
1.13141137361526 1.12044078111649 1.11679011583328 1.2316882610321 2.11977750062943 6.49702119827271 6.87255048751831 4.79865753650665 5.56683969497681 3.85329759120941 2.24490523338318 2.5668135881424 2.95966655015945 2.77048355340958 3.56321632862091 3.25335144996643 2.88646352291107 2.4065272808075 1.82148367166519 1.16532522439957 0.847403973340988 0.792559504508972 0.841693460941315 0.828356981277466 0.782390981912613 0.8137027323246 0.792042016983032 0.776703715324402 0.821417212486267 0.838969498872757 0.833252996206284 0.777984738349915 0.745134741067886 0.716420263051987 0.756087720394135 0.726336747407913 0.776600986719131 0.766780525445938 0.794342994689941 0.852952480316162 0.911706000566483 0.832241982221603 0.770180225372314 0.770665526390076 0.777903735637665 0.793604224920273 0.825067520141602 0.870063722133636 0.881515502929688 1.05593624711037 1.11963003873825 1.10333696007729 1.11420974135399 1.32653251290321 1.39735570549965 1.23455321788788 1.58667200803757 1.74093174934387 1.23809623718262 2.21579951047897 3.74295449256897 1.27211478352547
1.72585201263428 3.22896230220795 2.45509958267212 1.60742175579071 1.91692954301834 1.97168183326721 2.65138882398605 1.29266378283501 2.51304531097412 2.80317968130112 2.9682360291481 2.04582077264786 2.06484907865524 2.11128973960876 2.31518697738647 0.921567767858505 1.11709722876549 1.43678703904152 1.47734400629997 1.0847040116787 0.965672224760056 0.841853231191635 0.814450532197952 0.830149501562119 0.789026230573654 0.810201019048691 0.847022205591202 0.87336677312851 0.902173519134521 0.934451222419739 0.904844999313354 0.816618740558624 0.727625995874405 0.731864243745804 0.793290764093399 0.864255756139755 0.871668040752411 0.856303542852402 0.828684031963348 0.892018496990204 0.890100002288818 0.889961242675781 0.80417400598526 0.797907024621964 0.816383242607117 0.886026710271835 0.956500500440598 1.00557750463486 1.1007217168808 1.18474647402763 1.22227200865746 1.2928574681282 1.49878424406052 1.88354033231735 1.71791392564774 1.77891772985458 2.15190774202347 1.47408297657967 2.41460049152374 2.73259824514389 3.15934956073761 3.56015608812633
1.5932160615921 2.22184270620346 1.42150872945786 0.760412245988846 0.78763273358345 2.48384249210358 1.403753221035 1.78220397233963 1.33236971497536 1.60038006305695 3.08588397502899 1.81226098537445 1.775151014328 1.60003048181534 1.66380447149277 0.7812719643116 0.833243250846863 0.884227484464645 0.844547957181931 0.715620741248131 1.09244701266289 0.983952015638351 0.858608990907669 0.944593459367752 0.898900508880615 0.906337469816208 1.07279026508331 1.18783646821976 1.22722953557968 1.2586125433445 1.13155728578568 0.906091511249542 0.76313254237175 0.9934042096138 1.22328677773476 1.17040801048279 1.14628279209137 0.950613766908646 0.904231488704681 0.934505224227905 0.930285036563873 0.931964993476868 0.917324244976044 0.922832250595093 0.926763027906418 0.913676261901855 1.07684397697449 1.45696949958801 1.74112647771835 1.65863478183746 1.68842107057571 1.77935922145844 1.92921817302704 2.23617070913315 2.30705726146698 2.63829827308655 -9999 -9999 -9999 -9999 -9999 -9999
2.0877982378006 1.00125333666801 0.949405521154404 0.932609975337982 1.00058475136757 0.686687260866165 0.68911349773407 0.828927040100098 1.43684247136116 1.42718401551247 1.94539350271225 2.00664818286896 1.48770600557327 1.29166352748871 0.88728529214859 0.732516020536423 0.957297027111053 0.775726497173309 0.804563999176025 0.8386350274086 0.863715022802353 0.891610532999039 0.990576714277267 1.01050499081612 0.891155272722244 0.942078709602356 1.3257502913475 2.18244653940201 1.95254040956497 1.56469997763634 1.6924290060997 1.61190712451935 1.98655045032501 2.51627504825592 1.69184857606888 1.70700073242188 1.28117027878761 1.15992522239685 1.17401853203773 0.954870790243149 0.962888270616531 1.00710153579712 0.894356220960617 0.885822772979736 0.984305262565613 1.05090004205704 1.45492798089981 1.61290866136551 1.9026090502739 2.20118254423141 2.21770119667053 3.84939444065094 3.73116302490234 2.45788696834019 -9999 -9999 -9999 -9999 -9999 -9999 -9999 -9999
0.791183263063431 0.789068609476089 0.606530249118805 0.641204237937927 0.655511990189552 0.720432758331299 0.717516750097275 0.740082755684853 0.811491787433624 1.06471046805382 1.66034477949142 1.99541473388672 0.813220471143723 0.843885004520416 0.710576266050339 0.642759740352631 0.933780759572983 0.811227768659592 0.808841228485107 0.847719043493271 0.907157957553864 1.02208802103996 0.96109727025032 0.927323967218399 0.915630787611008 0.977874040603638 2.94937652349472 3.56971442699432 2.61572077274323 -9999 -9999 -9999 -9999 -9999 -9999 3.14426672458649 2.43572992086411 1.38792970776558 1.23084971308708 1.23594295978546 1.14619570970535 1.04431128501892 1.02811351418495 1.16631004214287 1.31031078100204 1.57971453666687 1.87529772520065 2.33951550722122 2.53579205274582 3.3121086359024 4.45984876155853 5.67359983921051 10.5770443081856 1.9762424826622 1.97624230384827 -9999 -9999 -9999 -9999 -9999 -9999 -9999
0.640958994626999 0.586685992777348 0.560301750898361 0.554312244057655 0.595763996243477 0.695135235786438 0.917009264230728 0.905078262090683 0.830981254577637 0.662320509552956 0.602622762322426 0.574849516153336 0.723891019821167 0.648485228419304 0.594914227724075 0.698950499296188 0.775686711072922 0.832705467939377 0.773359537124634 0.871055960655212 1.14145427942276 1.07541301846504 0.87217578291893 0.970952957868576 1.01306703686714 1.1049667596817 2.30491644144058 2.00943678617477 27.0571947097778 -9999 -9999 -9999 -9999 -9999 -9999 -9999 3.63834983110428 2.42953795194626 1.9941269159317 1.63224005699158 1.52997905015945 1.4356364607811 1.31903475522995 1.23908177018166 1.40423548221588 1.64046603441238 1.91664826869965 2.14757627248764 3.28199851512909 4.34189236164093 6.21615815162659 8.25183570384979 -9999 -9999 -9999 -9999 -9999 -9999 -9999 -9999 -9999 -9999
0.509250730276108 0.425475731492043 0.467440500855446 0.57310576736927 0.743904769420624 0.829253286123276 0.858904480934143 0.764111995697021 0.730377003550529 0.650149494409561 0.570601478219032 0.585764229297638 0.524316743016243 0.520039513707161 0.555374264717102 0.54340723156929 0.762691497802734 0.830228269100189 1.13968348503113 -9999 -9999 1.10756698250771 0.891020983457565 0.752493739128113 0.942953288555145 1.15006202459335 2.02053147554398 2.12545341253281 1.6896967291832 -9999 -9999 -9999 -9999 -9999 -9999 -9999 7.59807133674622 5.27591693401337 4.70327997207642 2.07276892662048 2.01990079879761 1.94961816072464 1.69446301460266 1.60897046327591 1.7421914935112 1.78438121080399 1.57110822200775 2.19880127906799 2.34464246034622 3.66729140281677 4.94483256340027 5.48003554344177 4.00440528988838 -9999 -9999 -9999 -9999 -9999 -9999 -9999 -9999 -9999
0.485149517655373 0.535880237817764 0.728226765990257 1.0090619623661 0.814309537410736 0.759403467178345 0.954767256975174 0.947950512170792 0.90751576423645 0.903473228216171 0.721042513847351 0.598940268158913 0.599913015961647 0.62703600525856 0.621880486607552 0.614911481738091 0.764727741479874 1.09215152263641 1.06615126132965 0.98434129357338 1.02346050739288 0.924420028924942 0.484320759773254 1.38333486020565 1.01358452439308 1.15719223022461 1.43199679255486 1.52547973394394 1.58265298604965 1.80345723032951 -9999 -9999 -9999 -9999 -9999 -9999 -9999 25.8774832435276 6.40791168808937 1.43409874155873 4.73672389984131 3.36079037189484 3.86427462100983 2.16617256402969 1.90296900272369 1.79706376791 2.36095494031906 4.21052491664886 19.3711953163147 15.2932705879211 9.28846335411072 4.91962078213692 -9999 -9999 -9999 -9999 -9999 -9999 -9999 -9999 -9999 -9999
1.13996851444244 1.31448152661324 1.15550029277802 1.13493150472641 1.03412926197052 0.965042263269424 1.04142978787422 1.28570178151131 0.969865500926971 0.90311399102211 0.668697729706764 0.701691761612892 0.734827503561974 0.645690768957138 0.663576766848564 0.734105989336967 0.971956461668015 2.43322116136551 2.35718697309494 2.13185316324234 1.4479792714119 1.34533497691154 1.24702870845795 1.44730770587921 1.52385967969894 1.25599345564842 1.24932977557182 2.19244927167892 1.45369273424149 1.70894551277161 -9999 -9999 -9999 -9999 -9999 -9999 -9999 -9999 -9999 -9999 -9999 -9999 -9999 -9999 -9999 -9999 3.65490746498108 15.2292271614075 8.31395030021667 12.5054039955139 -9999 -9999 -9999 -9999 -9999 -9999 -9999 -9999 -9999 -9999 -9999 -9999
0.860289752483368 0.943508237600327 1.10993546247482 1.15485826134682 1.25452351570129 1.14932477474213 1.16741546988487 1.29957747459412 0.964294463396072 0.988517224788666 1.04975098371506 0.907355278730392 0.905862003564835 0.768603712320328 0.749707505106926 0.773011475801468 1.03581601381302 1.15374898910522 1.47047021985054 1.61617416143417 1.37200346589088 1.07315772771835 0.933381021022797 1.28990058749914 -9999 -9999 -9999 0.905290514230728 1.13742452859879 1.27087050676346 2.04723417758942 -9999 -9999 -9999 -9999 -9999 -9999 -9999 -9999 -9999 -9999 -9999 -9999 -9999 -9999 -9999 -9999 -9999 -9999 -9999 -9999 -9999 -9999 -9999 -9999 -9999 -9999 -9999 -9999 -9999 -9999 -9999
0.688562259078026 0.823321491479874 0.830493718385696 0.921034455299377 1.13433676958084 1.20272478461266 1.28286820650101 1.26111602783203 1.13975545763969 1.10403978824615 1.58829456567764 1.26504448056221 1.09670850634575 0.838187277317047 0.836844742298126 0.823299765586853 0.804246783256531 0.774506270885468 0.742003485560417 1.02469646930695 1.53734546899796 1.37254428863525 1.43034678697586 1.58707129955292 1.82512718439102 0.816044211387634 0.92093700170517 0.930924743413925 1.02898353338242 1.16127973794937 1.89924144744873 2.46364310383797 -9999 -9999 -9999 -9999 -9999 -9999 -9999 -9999 -9999 -9999 -9999 -9999 -9999 -9999 -9999 -9999 -9999 -9999 -9999 -9999 -9999 -9999 -9999 -9999 -9999 -9999 -9999 -9999 -9999 -9999
0.879034459590912 1.03014600276947 1.02608102560043 1.2754342854023 1.40273174643517 1.44102975726128 1.35954147577286 1.58859068155289 1.40527126193047 1.04178822040558 0.887841761112213 1.07211077213287 1.02414000034332 0.829493254423141 0.825785279273987 0.815123230218887 0.878694713115692 0.671489238739014 0.655431747436523 0.823151230812073 1.41515475511551 1.3569795191288 1.48489424586296 1.56938481330872 1.32548627257347 0.855529457330704 1.21159878373146 1.22652903199196 1.38476845622063 1.37978249788284 2.08512055873871 1.88813092960761 -9999 -9999 -9999 -9999 -9999 -9999 -9999 -9999 -9999 -9999 -9999 -9999 -9999 -9999 -9999 -9999 -9999 -9999 -9999 -9999 -9999 -9999 -9999 -9999 -9999 -9999 -9999 -9999 -9999 -9999
1.19316521286964 1.11143553256989 1.27680829167366 1.27472323179245 1.1916269659996 1.33472549915314 1.54114043712616 1.50911396741867 1.11363378167152 0.9609285145998 0.912927746772766 0.743696227669716 0.736780509352684 0.739280998706818 1.1099317073822 0.814667969942093 0.734097003936768 0.622129485011101 0.556670978665352 0.573921740055084 0.833632528781891 1.0847775042057 1.29777002334595 1.38025796413422 2.84148824214935 1.85050454735756 1.25655752420425 1.64460825920105 1.2207607626915 1.9341322183609 3.52537024021149 -9999 -9999 -9999 -9999 -9999 -9999 -9999 -9999 -9999 -9999 -9999 -9999 -9999 -9999 -9999 -9999 -9999 -9999 -9999 -9999 -9999 -9999 -9999 -9999 -9999 -9999 -9999 -9999 -9999 -9999 -9999
