EcologicalScience/Bass/data/rs_data_bass/chl_130.asc
NCOLS 226 
NROWS 124 
XLLCORNER -9.41648524995501 
YLLCORNER 47.587301625531 
CELLSIZE 0.0833 
NODATA_value -9999 
[rows 0 to 26 of 124, columns 62 to 123 of 226]
-9999 -9999 -9999 -9999 -9999 -9999 -9999 -9999 -9999 -9999 -9999 -9999 -9999 -9999 -9999 -9999 -9999 -9999 -9999 -9999 -9999 -9999 -9999 -9999 -9999 -9999 -9999 -9999 -9999 -9999 -9999 -9999 -9999 -9999 -9999 -9999 -9999 -9999 -9999 -9999 -9999 -9999 -9999 -9999 -9999 -9999 -9999 -9999 -9999 -9999 -9999 -9999 -9999 -9999 -9999 -9999 -9999 -9999 -9999 -9999 -9999 -9999
-9999 -9999 -9999 -9999 -9999 -9999 -9999 -9999 -9999 -9999 -9999 -9999 -9999 -9999 -9999 -9999 -9999 -9999 -9999 -9999 -9999 -9999 -9999 -9999 -9999 -9999 -9999 -9999 -9999 -9999 -9999 -9999 -9999 -9999 -9999 -9999 -9999 -9999 -9999 -9999 -9999 -9999 -9999 -9999 -9999 -9999 -9999 -9999 -9999 -9999 -9999 -9999 -9999 -9999 -9999 -9999 -9999 -9999 -9999 -9999 -9999 -9999
-9999 -9999 -9999 -9999 -9999 -9999 -9999 -9999 -9999 -9999 -9999 -9999 -9999 -9999 -9999 -9999 -9999 -9999 -9999 -9999 -9999 -9999 -9999 -9999 -9999 -9999 -9999 -9999 -9999 -9999 -9999 -9999 -9999 -9999 -9999 -9999 -9999 -9999 -9999 -9999 -9999 -9999 -9999 -9999 -9999 -9999 -9999 -9999 -9999 -9999 -9999 -9999 -9999 -9999 -9999 -9999 -9999 -9999 -9999 -9999 -9999 -9999
-9999 -9999 -9999 -9999 -9999 -9999 -9999 -9999 -9999 -9999 -9999 -9999 -9999 -9999 -9999 -9999 -9999 -9999 -9999 -9999 -9999 -9999 -9999 -9999 -9999 -9999 -9999 -9999 -9999 -9999 -9999 -9999 -9999 -9999 -9999 -9999 -9999 -9999 -9999 -9999 -9999 -9999 -9999 -9999 -9999 -9999 -9999 -9999 -9999 -9999 -9999 -9999 -9999 -9999 -9999 -9999 -9999 -9999 -9999 -9999 -9999 -9999
-9999 -9999 -9999 -9999 -9999 -9999 -9999 -9999 -9999 -9999 -9999 -9999 -9999 -9999 -9999 -9999 -9999 -9999 -9999 -9999 -9999 -9999 -9999 -9999 -9999 -9999 -9999 -9999 -9999 -9999 -9999 -9999 -9999 -9999 -9999 -9999 -9999 -9999 -9999 -9999 -9999 -9999 -9999 -9999 -9999 -9999 -9999 -9999 -9999 -9999 -9999 -9999 -9999 -9999 -9999 -9999 -9999 -9999 -9999 -9999 -9999 -9999
-9999 -9999 -9999 -9999 -9999 -9999 -9999 -9999 -9999 -9999 -9999 -9999 -9999 -9999 -9999 -9999 -9999 -9999 -9999 -9999 -9999 -9999 -9999 -9999 -9999 -9999 -9999 -9999 0.63735419511795 0.769505644584224 2.14632589370012 1.17871563881636 1.0839309990406 0.994598843157291 0.903308864682913 0.871178604662418 0.818621255457401 0.774925019592047 0.754009198397398 0.730772735551 0.714210575446486 0.695969268679619 0.649286706000566 0.597249269485474 0.569331005215645 0.566602785140276 0.599743047729135 0.635978814214468 0.625055065378547 0.59744013659656 0.5585827678442 0.583182552829385 0.580753952264786 0.594929611310363 0.666996650397778 0.684405175969005 0.722549982368946 0.758318591862917 0.750990495085716 0.782580876722932 0.83201552554965 0.816784501075745
-9999 -9999 -9999 -9999 -9999 -9999 -9999 -9999 -9999 -9999 -9999 -9999 -9999 -9999 -9999 -9999 -9999 -9999 -9999 -9999 -9999 -9999 -9999 -9999 -9999 -9999 1.18186515569687 1.0627324283123 2.92709331214428 2.11820011585951 1.79547670483589 1.30949052795768 1.0320468954742 0.930594172328711 0.883329693228006 0.848838530480862 0.857241287827492 0.876626182347536 0.862439688295126 0.836631897836924 0.811258792877197 0.750360768288374 0.703595135360956 0.675837641581893 0.673504421487451 0.635069729760289 0.773558791726828 0.766774322837591 0.594219932332635 0.615270473062992 0.626279722899199 0.661574827507138 0.692652454599738 0.918980637565255 0.758038418367505 0.805666795000434 0.775789624080062 0.712164452299476 0.81497841887176 0.839863484725356 0.844429900869727 0.819712277501822
-9999 -9999 -9999 -9999 -9999 -9999 -9999 -9999 -9999 -9999 -9999 -9999 -9999 -9999 -9999 -9999 -9999 -9999 -9999 -9999 -9999 -9999 -9999 -9999 -9999 -9999 1.18186515569687 2.50471852719784 2.07675442099571 1.6327563598752 1.28467151150107 1.22098780050874 0.968800384551287 0.970129307359457 0.96017699316144 0.887133948504925 0.868410173803568 0.848609648644924 0.83210813999176 0.808988906443119 0.800997689366341 0.791405802592635 0.836462046951056 0.825466308742762 0.805007049813867 0.723961969837546 0.741605054587126 0.748296149075031 0.728681148961186 0.710140323266387 0.740827945992351 0.658039318397641 0.641477515920997 0.581438535824418 0.624283125624061 0.787249585613608 0.894900787621737 0.853001989424229 0.862126808613539 0.910617180168629 0.128030648827553 0.806720931082964
-9999 -9999 -9999 -9999 -9999 -9999 -9999 -9999 -9999 -9999 -9999 -9999 -9999 -9999 -9999 -9999 -9999 -9999 -9999 -9999 -9999 -9999 -9999 -9999 -9999 -9999 2.79117453843355 2.50958749651909 1.59817527607083 1.22068591788411 1.0847400650382 0.978636547923088 1.01595601066947 0.94567571952939 0.951501455157995 0.904291246086359 0.922987192869186 0.893610075116158 0.854135256260633 0.844351027160883 0.859067592769861 0.862117437645793 0.870792713016272 0.834820881485939 0.764870155602694 0.784634448587894 0.850572170689702 0.826874976977706 0.837182315066457 0.743249349296093 0.751487189903855 0.736763058230281 0.666570916771889 0.734145501628518 0.854289975017309 0.802413213998079 0.807037621736526 1.3147900197655 0.129455845057964 0.125551551580429 0.12250155210495 0.635236674919724
-9999 -9999 -9999 -9999 -9999 -9999 -9999 -9999 -9999 -9999 -9999 -9999 -9999 -9999 -9999 -9999 -9999 -9999 -9999 -9999 -9999 -9999 -9999 -9999 -9999 1.19121462106705 2.1467626914382 1.786805100739 1.57786071673036 1.20094256848097 1.12178265675902 1.1203685849905 1.09289328753948 1.0175095461309 0.969474390149117 0.992746956646442 0.983936313539743 0.968514461070299 0.927191454917192 0.887886760756373 0.9121073205024 0.934012815356255 0.934013279154897 0.853356253355742 0.746724542230368 0.909864624962211 0.858279934152961 0.864432899281383 0.77395310997963 0.670991454273462 0.722691077739 0.848580060526729 0.867905829101801 0.19679230004549 0.830994307994843 0.791870534420013 0.80695803835988 0.766442533582449 0.903043650090694 0.866611680015922 0.928938840826352 0.868287478884061
-9999 -9999 -9999 -9999 -9999 -9999 -9999 -9999 -9999 -9999 -9999 -9999 -9999 -9999 -9999 -9999 -9999 -9999 -9999 -9999 -9999 -9999 -9999 -9999 -9999 1.63123440742493 1.80006243288517 1.5359557159245 1.3298819437623 1.19768247753382 1.23758339881897 1.30648882314563 1.57457140088081 1.31227281689644 1.05140070989728 1.049520034343 0.999544657766819 0.988102722913027 0.968138644471765 0.979127358645201 0.986902981996536 0.971405893564224 0.93010575324297 0.849640248343349 0.766607824712992 0.790680902078748 0.794890942052007 0.739670690149069 0.713660795241594 0.671881880611181 0.603629138320684 0.70963678881526 0.197980853915215 0.210172951221466 0.693116806447506 0.721157988533378 0.739101720973849 0.965573005378246 0.916540563106537 0.937145993113518 0.938795944054921 0.760150824983915
-9999 -9999 -9999 -9999 -9999 -9999 -9999 -9999 -9999 -9999 -9999 -9999 -9999 -9999 -9999 -9999 -9999 -9999 -9999 -9999 -9999 -9999 -9999 -9999 1.31647038459778 1.66980146616697 1.51348119601607 1.6720781698823 1.32276437804103 1.23185946419835 1.27237266674638 1.22518782690167 1.07390040904284 1.15288174152374 1.11444329470396 1.0489611402154 1.01038583368063 1.05520048364997 1.03711228072643 1.00396178662777 1.02176616713405 1.03598345071077 0.956890784204006 0.873928014189005 0.795106317847967 0.763200921937823 0.797381445765495 0.757617870345712 0.720856860280037 0.705202331766486 0.598371662199497 0.607453029602766 0.641080236062407 0.712705129757524 0.688625441864133 0.686886269599199 0.611946081742644 0.627039819955826 0.806860938668251 0.805642013748487 0.670169750849406 0.696332509318988
-9999 -9999 -9999 -9999 -9999 -9999 -9999 -9999 -9999 -9999 -9999 -9999 -9999 -9999 -9999 -9999 -9999 -9999 -9999 -9999 -9999 -9999 -9999 1.50594073534012 1.85868868231773 1.75240389257669 1.90101647749543 1.46600383892655 1.27484285831451 1.11438507959247 1.15603267773986 1.17562225833535 1.24686555191875 1.13092878833413 1.11622903123498 0.978167708963156 1.05773109197617 1.04968557134271 1.02194356173277 1.05997471511364 0.296605741977692 1.08556484431028 0.926915846765041 0.859553139656782 0.77072181366384 0.774275187402964 0.779593292623758 0.779096374288201 0.730121601372957 0.675272896885872 0.639041164889932 0.696961602196097 0.65808366984129 0.708705944940448 0.696014514192939 0.688760836919149 0.645455156763395 0.696338663498561 0.906257013479869 0.837655752897263 0.785104428728421 0.655925586819649
-9999 -9999 -9999 -9999 -9999 -9999 -9999 -9999 -9999 -9999 -9999 -9999 -9999 -9999 -9999 -9999 -9999 -9999 -9999 -9999 -9999 -9999 2.15113905598136 1.79367822058061 1.84926706552505 1.36964751407504 1.30985744297504 1.24260786920786 1.20243993401527 1.19908979907632 1.36530860513449 1.20302126929164 0.996901966631413 1.01326913014054 1.02565873414278 0.939285289496183 0.994646552950144 1.0365601144731 1.08700783364475 1.27030028030276 0.362630140781403 0.848782640695572 0.948281245306134 0.799786124378443 0.76132014580071 0.754088183864951 0.769117495045066 0.774002457037568 0.727681707590818 0.680222326889634 0.592095550149679 0.690570099279284 0.696772707626224 0.649349514394999 0.667363663514455 0.640504255890846 0.667675649126371 0.812609439094861 0.860264579455058 0.708452170093854 0.703654976561666 0.711028307676315
-9999 -9999 -9999 -9999 -9999 -9999 -9999 -9999 -9999 -9999 -9999 -9999 -9999 -9999 -9999 -9999 -9999 -9999 -9999 -9999 2.64602583646774 1.94501104049904 2.07382366587134 1.84474175423384 1.69471290707588 1.37049043178558 1.3095032684505 1.28813078999519 1.24283047020435 1.13993339985609 1.04676747322083 0.972011815756559 0.96127362549305 1.09821468964219 1.09084825962782 1.05961034819484 1.0689825899899 1.03432022407651 1.04165624454618 0.488975739479065 0.506580543518066 1.67061375640333 1.26824069023132 1.11947276629508 0.926709009334445 0.922907598316669 0.962473293766379 0.841335598379374 0.775366958230734 0.731288155540824 0.685575362294912 0.644206216558814 0.706549672409892 0.68435434003671 0.645593990620814 0.607140677539926 0.645310506224632 0.683192178606987 0.729570835828781 0.710552334785461 0.656442741552989 0.718399738272031
-9999 -9999 -9999 -9999 -9999 -9999 -9999 -9999 -9999 -9999 -9999 -9999 -9999 -9999 -9999 -9999 -9999 -9999 -9999 -9999 2.11693507948366 1.55310012187277 2.00273054838181 1.64944023638964 1.50574576109648 1.47877522185445 1.16130283474922 2.30312941670418 1.28671358898282 1.16794529557228 1.1353020966053 1.08712144196033 1.1123604029417 1.15274983271956 1.15199265629053 1.1974116191268 1.08264924958348 1.02667009457946 1.0013784058392 1.03322599455714 1.08544063009322 1.27264877222478 0.427877420186996 3.32858548499644 1.65060698054731 1.49383497610688 1.2071160748601 0.964466795325279 0.795110648497939 0.739654323086143 0.730401948094368 0.685919831196467 0.671118920048078 0.683865591883659 0.623784711486415 0.61955343030001 0.174187415662934 0.700950175523758 0.694894154866536 0.637679492433866 0.578121900558472 0.555666486422221
-9999 -9999 -9999 -9999 -9999 -9999 -9999 -9999 -9999 -9999 -9999 -9999 -9999 -9999 -9999 -9999 -9999 -9999 -9999 2.65922225222868 4.6464337348938 3.76455245912075 3.38589464128017 1.70543070137501 1.94755203723907 1.37071939706802 1.08976958990097 1.2792112827301 1.27804740518332 1.23704323545098 1.15180480107665 0.983523163944483 1.05513319373131 1.12090777605772 1.12246763706207 1.19626770168543 1.12004277482629 1.16048936359584 1.12194914929569 1.12650400958955 1.2731599342078 2.75836038775742 2.83702682889998 3.0249889343977 1.34941059350967 1.01901467330754 1.13864623010159 0.887927731499076 0.888401996344328 0.751109118262927 0.765632465481758 0.730933507283529 0.619407068741949 0.616541450745181 0.556857886283021 0.5943335530005 0.596808264652888 0.621815398335457 0.593300019701322 0.579293007651965 0.555075004696846 0.545577093958855
-9999 -9999 -9999 -9999 -9999 -9999 -9999 -9999 -9999 -9999 -9999 -9999 -9999 -9999 -9999 -9999 -9999 -9999 8.43612203598022 5.49710147380829 5.7939160823822 6.61944634914398 3.43012294769287 2.65926948785782 1.92961024045944 2.25232295393944 1.36769274249673 1.40445659682155 1.38480751588941 1.12406729534268 0.955857083201408 1.02641081437469 1.22950566932559 1.1733649559319 1.12314816936851 1.26386473327875 1.31340543553233 1.5386279784143 2.1643101722002 2.0366410240531 2.22014578431845 2.33110025525093 1.74725101143122 1.56839674897492 1.45257442630827 1.18463774397969 1.14363187551498 0.276706182781388 0.270557563094532 0.831998333334923 0.754132439692815 0.741102109352748 0.667744075258573 0.716169328281754 0.727993411453147 0.710970548422713 0.660895218974666 0.619242981076241 0.644239743550619 0.599289576212565 0.604237566391627 0.60080690185229
-9999 -9999 -9999 -9999 -9999 -9999 -9999 -9999 -9999 -9999 -9999 -9999 -9999 -9999 -9999 -9999 -9999 10.9724939214012 17.3113550186157 12.3930035114288 8.33246903419495 4.75511907339096 1.89985404014587 1.87818074226379 1.9910365819931 2.97976932525635 1.6696518778801 1.92559890076518 2.12305000796914 2.10359591245651 1.67029595375061 1.81490470468998 1.90003338083625 1.44703662022948 1.19433062151074 1.24749432876706 1.36449491232634 2.38516251370311 2.41687681898475 2.99832166358829 2.81717414036393 2.26210290938616 2.28268147073686 1.968630714342 1.54645580984652 1.58615058660507 0.318360749412985 0.306036793133792 0.290761946755297 0.298142123748274 0.289444272132481 0.283300283200601 0.276428645147997 0.830280031028547 0.858997511236291 0.877839803695679 0.759792133381492 0.670177492656206 0.708172882073804 0.30632629742225 0.310282190932947 0.319208608830676
-9999 -9999 -9999 -9999 -9999 -9999 -9999 -9999 -9999 -9999 -9999 -9999 -9999 -9999 -9999 -9999 -9999 -9999 -9999 1.35914563818982 7.17601202726364 3.48435221910477 3.26707834005356 2.21681282520294 0.732448440790176 0.530747091770172 0.673098486661911 0.766170817613602 1.35207169130445 1.28704564645886 0.766662937402725 1.32834708318114 1.54550674930215 1.37900885939598 1.25628019496799 1.2864032573998 1.45488970354199 3.73271534219384 3.46637558564544 3.80070407688618 3.88525358587503 2.30496874451637 2.10142034478486 1.41725066676736 1.26452524401248 0.283989900350571 0.293198336573208 0.303435878718601 0.310451209545135 0.313393282539704 0.299493880832897 0.283004162066123 0.271259994191282 0.269161460154197 0.218113726552795 0.924091966528642 0.333413156370322 0.342574417591095 0.382182914763689 0.447325550019741 0.770248800516129 1.08767414589723
-9999 -9999 -9999 -9999 -9999 -9999 -9999 -9999 -9999 -9999 -9999 -9999 -9999 -9999 -9999 3.29219082685617 10.911370654804 6.55524289608002 7.38614994287491 5.91196109056473 14.7627241611481 9.43533821105957 3.61473284959793 1.47106192111969 0.764750641584396 0.882150113582611 0.664407247304916 0.819675123691559 1.44749515503645 1.17211716994643 1.16140398010612 1.24114593118429 1.4867041669786 1.44891842454672 1.70177098363638 2.13907934725285 1.49456458166242 2.06251106411219 3.11061385273933 3.62440198659897 3.01736733689904 2.83419262245297 2.82653604944547 1.48928250869115 1.24072300394376 0.278174597550841 0.277842274483512 0.281886803753236 0.297971955993596 0.295418692862286 0.298210330745753 0.277107141473714 0.273230523747556 0.249527729609433 0.229772445559502 0.465429421295138 0.635355040431023 0.516851385434469 0.421715808411439 0.855299020806948 0.893873512744904 0.489575701455275
-9999 -9999 -9999 -9999 -9999 -9999 -9999 -9999 -9999 -9999 35.2986888885498 35.2986888885498 13.7248649597168 1.96783837250301 29.6635413408279 17.9851995229721 18.8393173933029 18.1132937431335 13.5349701881409 20.1491401076317 23.9318119049072 13.0774040222168 0.687141761183739 11.116474366188 1.77343207597733 13.509361410141 0.942267715930939 0.864813029766083 1.11808660626411 0.723998242616653 0.957841884344816 0.976599656045437 1.03129863739014 1.75518211349845 1.89679464697838 1.31300884857774 1.70185732841492 1.4243491217494 1.47037552669644 1.57850855961442 0.770997857674956 1.52087574203809 2.71511323253314 1.11417971178889 0.969700053334236 0.984333738684654 1.12069169680277 1.10759688913822 1.01560743153095 0.372810228782542 0.376037207596442 0.368665897670914 0.400024256110191 0.437539604306221 1.29121454805136 0.568916046444108 0.543973230263766 0.382824075718721 0.397881040970484 0.502249864970936 0.50145272034056 0.51479526127086
-9999 -9999 -9999 -9999 -9999 -9999 -9999 -9999 -9999 -9999 35.2986888885498 3.81292690490854 2.68594019114971 13.4785613536835 18.6208483219147 19.677752995491 12.5135270833969 19.5696288049221 8.22398123322147 2.44419246912003 1.56635856628418 1.1250119805336 0.663741767406464 1.06684737280011 21.3641604065895 0.990814536809921 1.01863798499107 1.04532372951508 0.608350485563278 0.667939513921738 0.481345519423485 0.460544383525848 0.889412261545658 0.853256430476904 0.358575358986855 1.5354691632092 2.82171269506216 1.87097597122192 0.820998013019562 0.748403131961823 0.889321893453598 0.936306059360504 0.869966318209966 0.90033291776975 1.01102975507577 1.07612979908784 0.7816082870259 0.584563851356506 0.515137200846392 0.452670104363385 0.820775014162064 0.662873440980911 0.533306640386581 1.11645728722215 0.898151020208995 0.641302795971141 0.644062720677432 0.60262156277895 0.612524355451266 0.600379894177119 0.571640097919632 0.564291318549829
-9999 -9999 -9999 -9999 -9999 -9999 -9999 -9999 -9999 -9999 -9999 -9999 14.9495392923172 4.85241964985343 30.9129297971725 3.93979219250057 -9999 -9999 -9999 -9999 -9999 -9999 1.01746435090899 1.3294589817524 1.24322551488876 1.12642648816109 1.06087875366211 0.965906292200089 0.884802728891373 10.6177825927734 1.6041846871376 0.471553641557694 0.938518300652504 0.94579217210412 0.453431755304337 0.273108538985252 1.26720871031284 1.3946666456759 1.418277092278 2.35394393652678 1.45898654311895 0.92438830062747 0.845254411300023 0.617553967763396 0.90129078048117 1.14220038582297 0.941246535848169 0.639416006558082 0.630592653856558 0.628602012991905 0.627423731719746 0.632098293479751 1.04071997602781 0.562073562951649 0.582002286525334 0.656196674003321 0.636470175841275 0.612483270466328 0.62950520714124 0.537795518835386 0.512598937048632 0.500108371178309
-9999 -9999 -9999 -9999 -9999 -9999 -9999 -9999 -9999 -9999 -9999 -9999 -9999 16.6274771690369 16.6274771690369 16.6274771690369 -9999 -9999 -9999 -9999 -9999 -9999 4.94490551948547 4.94490551948547 4.94490551948547 0.308659605681896 1.18438276648521 1.21689078211784 0.527455508708954 1.34086965769529 0.783290237188339 0.805776715278625 0.822344273328781 0.817256212234497 1.14341843873262 0.994060233235359 1.30883871763945 0.281004756689072 1.18656124547124 0.563193506002426 1.28051502630115 0.265148252248764 0.577529111329247 0.459686234593391 0.724291799699559 0.41530542864519 0.635794259169522 0.577234573224012 0.56369350938236 0.567037561360528 0.581503308871213 0.655536892659524 0.627625733613968 0.658660396057017 0.668152876198292 0.629653219599277 0.631796614732593 0.636278994819697 0.652773323304513 0.644595033982221 0.66258142888546 0.619980136553446
-9999 -9999 -9999 -9999 -9999 -9999 -9999 -9999 -9999 -9999 -9999 -9999 -9999 -9999 -9999 -9999 -9999 -9999 -9999 -9999 -9999 -9999 -9999 -9999 -9999 -9999 1.92997491359711 2.56620007753372 1.90859019756317 1.27134749293327 1.09860599040985 0.83160075545311 0.79338151216507 0.779386460781097 0.734046757221222 0.791428506374359 0.273370496928692 0.29229149222374 0.288529492914677 0.322827748954296 0.326241753995419 0.326389499008656 0.328277260065079 0.460612198885749 0.488804282510982 0.499862514874514 0.615787178277969 0.460625991225243 0.444556519389153 0.506324261426926 0.585987336495343 0.564090050318662 0.545972796047435 0.514172888853971 0.526272459941752 0.628053302566211 0.6941225801905 0.64572420453324 0.625932136879248 0.62691654177273 0.588550379171091 0.730305606126785
-9999 -9999 -9999 -9999 -9999 -9999 -9999 -9999 -9999 -9999 -9999 -9999 -9999 -9999 -9999 -9999 -9999 -9999 -9999 -9999 -9999 -9999 -9999 -9999 -9999 -9999 -9999 5.87662902758235 2.68514174222946 1.67276394367218 2.07895427942276 1.86423379182816 1.38757574558258 0.875301718711853 0.737211003899574 0.623954236507416 0.468809992074966 0.389998510479927 0.340195499360561 0.352913998067379 0.351462744176388 0.354535505175591 0.346110753715038 0.33500399440527 0.302958749234676 0.323000997304916 0.348360009491444 0.581142738461494 0.595898240804672 0.652482748031616 0.640752732753754 0.524476513266563 0.546148493885994 0.530641173615175 0.58050374686718 0.716287583112717 0.690629866193323 0.519669771194458 0.478435501456261 0.42466051876545 0.713428056240082 0.710468333959579
