EcologicalScience/Bass/data/rs_data_bass/chl_505.asc
NCOLS 226 
NROWS 124 
XLLCORNER -9.41648524995501 
YLLCORNER 47.587301625531 
CELLSIZE 0.0833 
NODATA_value -9999 
[rows 54 to 80 of 124, columns 124 to 185 of 226]
2.17002511024475 1.88029557466507 1.81366512179375 2.34606379729051 2.26809515861365 1.67987394332886 1.76204842329025 1.59419810771942 1.40536840260029 1.88731430356319 1.86663513917189 1.8713590663213 2.49788501858711 2.75061589479446 2.94182825088501 3.01814755797386 1.72309908958582 1.65959369219266 1.66224962931413 1.69082159262437 2.05927866697311 2.14226934313774 2.14818271994591 1.80528535751196 1.78030664645709 2.03998956084251 2.03644180297852 2.07114753127098 2.14472607465891 2.11112550588755 2.21567684412003 2.37068935082509 2.35843249467703 2.37598156929016 1.81847369670868 2.02237261258639 2.0883041711954 2.12721394575559 1.89310535788536 1.70095502138138 1.75767216682434 1.8221348285675 1.49794770138604 1.56733874763761 1.54619052580425 1.45144280791283 1.51011030588831 1.91865231899115 1.95800729898306 1.76169767975807 2.44254755973816 3.18636496067047 5.06818140254301 5.25599863529205 6.57645120620727 6.75114905834198 7.43429124355316 9.79427851949419 11.0185660634722 11.9323556082589 6.53587818145752 -9999
2.2343912422657 2.12473011016846 1.97740924358368 1.90483886003494 1.93513333797455 1.71322658658028 1.75488638877869 1.80634626746178 1.62296667695045 1.46306490898132 1.47655244171619 1.49207402765751 2.35638517141342 2.61507734656334 2.94964331388474 2.96600514650345 1.90007877808351 1.9202797458722 1.80665353169808 1.80083480248084 1.99120484865629 2.04894884733053 2.48259723186493 2.36481454280707 2.29173495219304 2.32321968445411 2.3103349850728 2.38494619956383 2.40485072135925 2.10441559553146 2.53072058696013 2.48080493853642 2.35660475492477 2.39979944779323 2.30219440800803 1.71446313858032 1.71318179368973 1.83253800017493 1.81734060389655 1.74163321086339 1.69704077073506 1.69272859607424 1.48806914228659 1.6595916564648 1.85707426071167 2.06015616196852 2.37087926497826 2.67355166948759 3.06314739814171 4.62833181711344 5.39012302802159 6.41476531028748 6.6374644391677 7.41635220050812 7.28150539398193 9.39542583056859 10.5720698833466 -9999 -9999 -9999 -9999 -9999
2.48633551597595 2.58527290821075 2.34339737892151 2.05715095996857 2.03793033957481 2.08404449316172 2.02296985112704 1.95838381235416 1.94740723646604 1.60695397853851 1.78529910399364 1.83667054543128 2.72719940543175 2.94586443901062 2.0992682988827 2.33694765659479 2.35215778992726 2.22258834655468 2.08842609478877 2.01512679686913 2.14256785924618 2.2774217908199 2.40087389945984 2.45287377559222 2.52226029451077 2.57304585897006 2.73228643490718 2.79715138215285 2.79623010525337 2.71267106899848 2.56247212336614 2.50193780202132 2.51590698040449 2.25474978344781 2.24550577998161 2.07855189698083 1.95444396563939 1.8473960842405 1.79513564280101 1.66188045910427 1.48642360312598 1.55224250895636 1.75170830121407 1.98978667534315 2.31093724415852 2.66847875943551 2.84550848832497 3.60936019817988 5.25994958728552 6.98644816875458 6.89183396100998 6.19296865463257 6.32402180370532 7.77261776673166 12.6546957833426 -9999 -9999 -9999 -9999 -9999 -9999 -9999
2.70100566744804 2.61181578040123 2.58390292525291 2.5368330180645 2.53010755777359 2.10895219445229 2.07482814788818 2.08011397719383 2.6048342860662 2.04014092683792 1.98232108354568 2.111223757267 3.04751881957054 3.4462488591671 3.0933358669281 3.02699285745621 2.85220009088516 2.41097108217386 2.31682276725769 2.34969143684094 2.3669861967747 2.4482573224948 2.53005004846133 2.61385375719804 2.7057449725958 2.63398534518022 2.37817516235205 3.08283412456512 2.82966388188876 2.75910027210529 2.14809474349022 2.05514153838158 2.06136886136872 2.11964045252119 2.11077932800565 2.10778828178133 1.95012290137155 1.85267589773451 1.77308635200773 1.73760823692594 1.42251397325442 1.56835877895355 1.82455623149872 2.27467812483127 2.74421875751936 3.18996523893796 4.45811023712158 6.65615272521973 6.358264580369 6.47939383238554 5.87006020545959 6.33103984594345 6.75046813488007 8.76401696205139 -9999 -9999 -9999 -9999 -9999 -9999 -9999 -9999
3.25345695018768 3.20797777175903 3.33901315927505 3.34639692306519 3.21065810322762 3.11037093400955 2.79801169037819 2.64131927490234 2.84912922978401 2.69056391716003 2.76016160158011 2.21261501312256 1.97352017806127 2.09170063183858 2.32706880569458 2.48425685900908 2.5692339860476 2.44514886232523 2.40237220892539 2.56673810115227 2.50906124023291 2.73822457056779 2.77708485493293 2.6371092246129 2.44943684798021 2.27868696817985 2.01250442862511 1.90881898999214 1.93250200152397 1.87032687664032 1.75151610374451 1.69525681436062 2.06488920175112 2.05514510188784 1.9323806487597 1.79217608158405 1.87217157227652 1.80139261942643 1.73506251206765 1.60133380156297 1.58775547605294 1.67783635854721 2.09518520648663 2.7077516913414 3.1200765142074 3.31154504189124 10.0753873376285 6.00959507318643 6.07182699900407 4.87172555923462 4.82866523265839 9.09612293243408 9.08148665428162 40.6969144003732 -9999 -9999 -9999 -9999 -9999 -9999 -9999 -9999
12.1934646642208 4.6099027303549 4.08734446763992 4.19114702939987 4.79164123535156 4.00872212648392 3.60586595535278 3.83994783804967 3.25602373480797 3.31461643255674 2.76763207637347 2.40158102604059 2.24174523353577 2.19236726485766 2.19332893995138 2.30133591248439 2.5516818853525 2.74861495311444 2.74492661311076 3.10600849986076 3.02761894005996 2.83130616408128 2.55078396430382 2.39025526780349 2.18006741083585 2.09237084021935 1.97834530702004 1.781499132514 1.72327145934105 1.70077081024647 1.67192548513412 1.69820594787598 1.75900777486654 1.87815775190081 1.83627911976406 1.83499801617402 1.84682379319118 1.83857092490563 1.72343067939465 1.66936608002736 1.71212272002147 1.77265115426137 2.44196820259094 3.09080357276476 3.70491869633014 4.15530167176173 8.18775341961835 6.50858764350414 7.63141345977783 8.15759205818176 17.9646010398865 17.0046195983887 17.2726755142212 17.9602632522583 -9999 -9999 -9999 -9999 -9999 -9999 -9999 -9999
-9999 -9999 -9999 -9999 -9999 2.28387522697449 4.03299305438995 4.77618670463562 4.2742587694755 2.72535136342049 3.06845415555514 2.82581254610649 2.61256977686515 2.52635282278061 2.37247801285524 2.43400620955687 2.77183685852931 3.00500778051523 3.20190650224686 3.204868465662 3.02332654595375 2.58750515259229 2.29889884361854 2.12220818721331 2.09149813193541 2.02808053218401 2.03406837811837 1.71149870753288 1.59614418447018 1.65983864665031 1.75278193950653 1.6205787062645 1.69697591236659 2.11330184340477 1.79087351835691 1.80802203600223 1.86634284716386 1.99084997177124 1.97264568163798 1.91043039927116 1.8524382343659 1.93617502542642 2.64554585860326 3.3599625321535 3.88263443800119 5.96859316825867 -9999 -9999 -9999 -9999 34.0425693511963 20.3337869644165 23.9480953216553 14.2178311347961 28.4660425186157 -9999 -9999 -9999 -9999 -9999 -9999 -9999
-9999 -9999 -9999 -9999 -9999 -9999 -9999 -9999 5.3714885528271 5.29020606554472 4.32334886147426 4.15949342801021 3.44206933791821 2.94090473193389 2.88041571928905 2.85872012835283 3.32103556394577 3.17391031980515 2.99286022782326 3.0174880027771 2.79502710700035 2.41546581800167 2.29374442192224 2.07148826122284 2.08906352519989 2.00021579861641 1.78467598557472 1.84188303351402 1.87869107723236 1.84248661994934 1.29309333402377 1.41359353753237 1.93769796995016 1.95239013433456 1.9872094301077 1.98097019929152 1.96234441720522 1.98815370523013 1.86445399431082 1.90311774840722 2.04105397829643 2.4499719280463 2.97195845383864 3.27892866501441 3.71828528550955 29.0682649612427 -9999 -9999 -9999 -9999 17.548882484436 18.0413922896752 15.0537400245667 17.4034705162048 19.5461382865906 19.715781211853 68.2615928649902 -9999 -9999 -9999 -9999 -9999
-9999 -9999 -9999 -9999 -9999 -9999 -9999 -9999 -9999 4.39249320030212 4.33569728411161 3.94194674491882 3.71626064410576 3.55433260477506 3.28470798639151 3.3658504486084 3.41753226977128 3.15755242109299 2.93983134627342 2.93400746583939 2.66869184374809 2.43315508961678 1.93980619311333 1.948337495327 2.06822177767754 2.02024573087692 1.97613322734833 1.90893280506134 1.9577329158783 1.89791375398636 1.99057629704475 1.82968806761962 1.85683675454213 1.92048340118848 2.00144317058417 2.01720861746715 1.9338187116843 1.88268477641619 1.85602978101143 4.76383978128433 4.97701227664948 3.0876726095493 2.29776281118393 2.36040061712265 3.42994593198483 -9999 -9999 -9999 -9999 -9999 -9999 -9999 13.8400855064392 14.172107219696 11.3963803563799 11.1415188993726 10.8786277770996 -9999 -9999 -9999 -9999 -9999
-9999 -9999 -9999 -9999 -9999 -9999 -9999 -9999 -9999 4.3704868555069 3.84502670398125 3.56362143846659 3.61143815517426 3.68252750543448 3.71593791246414 3.69826698303223 3.59439414739609 3.17513483762741 2.94478386640549 2.81428787112236 2.45576512813568 2.16787764430046 2.13757596566127 2.15216791171294 2.0216781267753 1.98833366082265 1.89495706558228 1.85551884770393 1.81867259282332 1.79612057942611 1.8881668815246 1.90218590773069 1.92596198503788 1.21515503525734 1.10270480811596 1.10787981748581 1.24459140747786 1.96198076468248 1.84276882960246 2.12530894462879 5.83125659823418 2.20223549008369 2.54857161641121 2.63251197338104 4.14759213924408 33.0447750091553 -9999 -9999 -9999 10.668949842453 14.1627445771144 11.3967656135559 9.7863899230957 24.601139386495 19.5769437381199 15.5361297471183 15.1139522961208 -9999 -9999 -9999 -9999 -9999
-9999 -9999 -9999 -9999 -9999 -9999 -9999 -9999 -9999 4.97573053836823 4.0350831930454 3.96832785239586 4.31105768680573 4.23819619417191 4.18630224466324 4.20247006416321 4.05805063247681 3.65410369634628 3.21796756982803 2.81696185469627 2.46367871761322 2.06493830680847 2.08550943319614 2.03972592720619 1.88351293252065 1.84707832794923 1.79201718477102 1.83825043531565 1.87250686608828 1.88945326896814 1.334307923913 1.33406133949757 1.85402652850518 1.13484151661396 1.03089768067002 1.04029524698853 2.14107300226505 4.84467959403992 6.94426345825195 6.1638400554657 4.82292455434799 3.88431662321091 2.5633085668087 2.90044695138931 4.03364424705505 -9999 -9999 -9999 -9999 11.0954084396362 10.7961421608925 9.22964209776658 9.03596432392414 9.21552388484661 14.0703846931458 -9999 -9999 -9999 -9999 -9999 -9999 -9999
-9999 -9999 -9999 -9999 -9999 -9999 -9999 -9999 -9999 3.67937564849854 4.33206548690796 3.12906938332778 3.14587529347493 4.28667461872101 4.1042041182518 4.0478248000145 3.77173948287964 3.5771552324295 3.20793467760086 2.90961214900017 2.38161447644234 1.99761432409286 1.81646400690079 1.94681409597397 2.4114909355457 4.14730494755965 1.82047304281822 1.81912001279684 2.07647528556677 2.27246205623333 1.82558069779323 1.76135033369064 1.70804827946883 1.80913303448604 1.89750534296036 2.065812761967 6.57825180888176 9.98596796393394 9.09286648035049 5.20690700411797 3.958133071661 4.03118205070496 2.454280346632 3.88469085693359 3.86466658115387 -9999 -9999 -9999 -9999 -9999 10.6443157196045 9.4994261264801 9.74226893319024 10.016125731998 -9999 -9999 -9999 -9999 -9999 -9999 -9999 -9999
-9999 -9999 -9999 -9999 -9999 -9999 -9999 -9999 -9999 5.00798110167185 3.71950662837309 1.60446930527687 3.55018637730525 4.06626445055008 3.99555087089539 3.29468764708592 3.27493239366091 3.34059995412827 3.12861925363541 2.8874659538269 2.34416118264198 1.99503037333488 1.1325924877937 1.10497812124399 1.12342712856256 1.85264634627562 1.82363174970333 1.85217222800622 1.76880807142991 1.66352552175522 1.68281086591574 1.74298153473781 1.89998242488274 1.94501751202803 2.02072968391272 5.31963649392128 9.16462531685829 7.15459558367729 4.17319250106812 3.77923965454102 3.7023029923439 3.94558256864548 3.43494643614842 4.04688742160797 3.86466693878174 -9999 -9999 -9999 -9999 12.1949715614319 -9999 -9999 -9999 -9999 -9999 -9999 -9999 -9999 -9999 -9999 -9999 -9999
-9999 -9999 -9999 -9999 -9999 -9999 -9999 -9999 -9999 4.53488715489705 4.06030621248133 4.18404967784882 4.16112041473389 4.00048899650574 3.87219624335949 3.87257340321174 3.29582440853119 2.89230832457542 2.87727999687195 2.64587679505348 2.2351046204567 1.15973221682585 1.2317171394825 1.88730594745049 1.90841958155999 1.8497825723428 1.79644185304642 1.84132470075901 1.87165722480187 1.82485163211823 1.83597051638823 1.92393076878328 2.06695140783603 2.00309993670537 1.77427138044284 5.76135805249214 6.13597127795219 5.02461245656013 3.89239874482155 4.05916142463684 4.54637780785561 3.52383773143475 3.70261844763389 -9999 -9999 -9999 -9999 -9999 -9999 -9999 -9999 -9999 -9999 -9999 -9999 -9999 -9999 -9999 -9999 -9999 -9999 -9999
-9999 -9999 -9999 -9999 -9999 -9999 -9999 -9999 2.97776942090555 3.96217156859005 3.38624814152718 3.37556391954422 3.29933649301529 3.67864215373993 3.62965736939357 3.55316230883965 3.27988994121552 2.63319593667984 2.61489352583885 2.45206582546234 1.46595419828708 1.31325616286351 1.28943385183811 1.31432443857193 1.34168891608715 1.41615392267704 1.78206693209135 1.84011877958591 1.95739981302848 2.0357256256617 2.00833314657211 1.96566719275254 1.86554612104709 1.7700724372497 5.02778872847557 4.47448280453682 4.23426622152328 3.15836387872696 3.07542318105698 2.93164891004562 2.54761612415314 2.6692703962326 9.95381355285645 -9999 -9999 -9999 -9999 -9999 -9999 -9999 -9999 -9999 -9999 -9999 -9999 -9999 -9999 -9999 -9999 -9999 -9999 -9999
-9999 -9999 -9999 -9999 -9999 -9999 -9999 3.28386068344116 3.86425012350082 3.98002430971931 3.44525566697121 3.33033701777458 3.18415492773056 3.01406498138721 2.90583726992974 2.6398243353917 2.4510018825531 2.34311221196101 2.20905464887619 2.02314680814743 1.45146109163761 1.43862488865852 1.56656330823898 1.58999839425087 1.77857223382363 1.79065832266441 1.84160136718016 1.90518317314295 1.97115547381915 1.96985066854037 2.03778560344989 1.98763656157714 1.7399472961059 1.68205488186616 3.70595276355743 3.76715388894081 3.08081397414207 3.00899782776833 3.36320605874062 3.77345716953278 2.44983796030283 5.69786846637726 3.25656187534332 -9999 -9999 -9999 -9999 -9999 -9999 -9999 -9999 -9999 -9999 -9999 -9999 -9999 -9999 -9999 -9999 -9999 -9999 -9999
-9999 -9999 -9999 -9999 -9999 -9999 3.5048066675663 3.98664789450796 3.73232392966747 3.63402408361435 3.37673527002335 3.21432408690453 3.10747085511684 3.02224922638673 2.89353057971367 2.51205816177221 2.21759770466731 2.07910268123333 1.86868008971214 1.79223936796188 1.737853206121 1.71490649535106 1.7211790405787 1.74994736909866 1.77189328578802 1.85608793680484 1.96884360221716 2.0348949111425 2.12391158250662 2.20271067321301 2.12131702899933 2.08067079690787 2.05194070706001 2.26643747091293 3.20280387997627 3.53147131204605 3.6164958178997 3.71173158288002 3.89975523948669 8.957524061203 -9999 -9999 -9999 -9999 -9999 -9999 -9999 -9999 -9999 -9999 -9999 -9999 -9999 -9999 -9999 -9999 -9999 -9999 -9999 -9999 -9999 -9999
-9999 -9999 -9999 -9999 3.91835186761968 4.14712271690369 4.24385397434235 4.08308379650116 3.90458881855011 3.8511278629303 3.05766585469246 2.97130453586578 3.28168934583664 2.41401338118773 2.30763589877349 2.38557064533234 2.21527191996574 1.9687377512455 1.79879710078239 1.69800594449043 1.65469370209254 1.65542827661221 1.69499226258351 1.71168403442089 1.74373311721362 1.83040680335118 1.87725354731083 2.54655641317368 2.30665408074856 2.2684266269207 3.30068801749836 3.1415673494339 2.35209113359451 2.25895839929581 3.4020334482193 3.77363133430481 3.7505350112915 3.93680497578212 -9999 -9999 -9999 -9999 -9999 -9999 -9999 -9999 -9999 -9999 -9999 -9999 -9999 -9999 -9999 -9999 -9999 -9999 -9999 -9999 -9999 -9999 -9999 -9999
-9999 -9999 -9999 -9999 3.96976480764501 3.96965992450714 3.87767400741577 3.80997679233551 3.72590458393097 3.4587596654892 3.37030810117722 3.16678190231323 2.98292344808578 2.86618316173553 2.44011390209198 2.13993430137634 2.0358439385891 1.85013127326965 1.64209208580164 1.62415278416414 1.64112349198415 1.69814847982847 1.72491750350365 1.74602639216643 1.74615102547866 1.85230252834467 2.03995501536589 2.16435262331596 2.26168531179428 2.43549898266792 2.46055206656456 2.66582483053207 2.36551737785339 2.90784153342247 3.63207846879959 4.08072179097396 4.10518547466823 9.95085540238549 -9999 -9999 -9999 -9999 -9999 -9999 -9999 -9999 -9999 -9999 -9999 -9999 -9999 -9999 -9999 -9999 -9999 -9999 -9999 -9999 -9999 -9999 -9999 -9999
-9999 -9999 3.2861949801445 3.94855518998771 4.03771772751441 3.63375842571259 3.44325363636017 3.6282820224762 3.7616471529007 3.4793946146965 3.10602897405624 2.78674283623695 2.66488605737686 2.4550843834877 2.22924077510834 1.923982411623 1.7233889400959 1.59884887933731 1.55949018551753 1.66505823227075 1.52553986012936 1.50188501179218 1.4362814873457 1.35439342260361 1.88064830578291 1.94358767454441 2.05223877613361 2.19934635895949 2.50227910280228 2.44668439259896 2.53964157287891 2.76332308695867 2.93309335525219 3.423009120501 4.11536831515176 2.98620312809944 -9999 -9999 -9999 -9999 -9999 -9999 -9999 -9999 -9999 -9999 -9999 -9999 -9999 -9999 -9999 -9999 -9999 -9999 -9999 -9999 -9999 -9999 -9999 -9999 -9999 -9999
3.668905377388 4.49313004527773 3.56643354892731 3.51710951328278 3.52023866176605 3.73305058479309 3.7215204834938 3.74722892045975 3.68852788209915 3.55585366487503 3.19863170385361 2.79819390177727 2.68044474720955 2.4973236322403 2.43220164684149 1.81653723808435 1.33753252717165 1.53607056691096 1.60997792849174 1.70252497838094 1.47277638316154 1.45227836072445 1.59937682747841 1.95109221339226 2.19098636737237 2.20681723264547 2.1903324173047 2.42927473783493 2.58166909217834 2.6941999059457 2.98395323753357 3.37101225669567 3.51794696771182 4.74912386873494 -9999 -9999 -9999 -9999 -9999 -9999 -9999 -9999 -9999 -9999 -9999 -9999 -9999 -9999 -9999 -9999 -9999 -9999 -9999 -9999 -9999 -9999 -9999 -9999 -9999 -9999 -9999 -9999
3.33826424926519 3.40471504415785 3.47666126489639 3.25137189030647 3.50704000546382 3.47809591660133 3.38838763420398 3.7040376663208 3.57704740762711 3.27078258991241 2.87874314188957 2.77322655916214 2.66667580604553 2.17246583104134 1.74148240685463 1.63497957587242 1.57491252972529 1.54138066676947 1.56057346784152 1.61535921005102 1.74084323644638 1.79308737241305 1.9148902113621 2.04487487444511 2.31815913319588 2.30506172776222 2.41346722841263 2.4534038901329 2.62095639109612 3.09949468649351 2.87306288155642 2.83950106664137 3.74298405647278 6.0924120247364 3.82084690199958 3.83424009217156 -9999 -9999 -9999 -9999 -9999 -9999 -9999 -9999 -9999 -9999 -9999 -9999 -9999 -9999 -9999 -9999 -9999 -9999 -9999 -9999 -9999 -9999 -9999 -9999 -9999 -9999
3.82791221600312 3.53716143277975 3.22064387798309 3.21913155913353 3.70715821706332 3.58754723805648 3.41505723733168 3.40524943058307 3.35308885574341 3.14110404253006 2.91942554712296 2.81074976921082 2.44038525223732 1.9404801428318 1.67216867208481 1.54999351501465 1.55094364285469 1.58287346363068 1.65844917297363 1.6666088104248 1.68882116675377 1.77421921491623 2.30345751047134 2.18356157266177 1.67033310234547 1.65143537521362 2.34732288122177 2.56377750635147 3.17270046472549 3.50547659397125 5.53258414017527 4.40436959266663 -9999 -9999 -9999 -9999 -9999 -9999 -9999 -9999 -9999 -9999 -9999 -9999 -9999 -9999 -9999 -9999 -9999 -9999 -9999 -9999 -9999 -9999 -9999 -9999 -9999 -9999 -9999 -9999 -9999 -9999
4.6077733039856 4.32789820432663 3.85373373031616 4.1827050447464 3.6653306392523 3.73070907592773 3.69701546430588 3.30105310678482 3.29510471224785 3.3180685043335 3.03752955794334 2.48335692286491 1.83198031783104 1.57601907849312 1.47163005173206 1.48693411052227 1.52009269595146 1.67289912700653 1.75732800364494 1.81003189086914 1.85929334163666 2.03265675902367 1.87575902388646 1.99708781923567 2.12111401099425 2.30555519232383 3.21699339151382 3.44920760393143 3.67823088169098 3.68056357823885 3.93274513312749 3.74414415920482 -9999 -9999 -9999 -9999 -9999 -9999 12.6942715644836 12.6942715644836 -9999 -9999 -9999 -9999 -9999 -9999 -9999 -9999 -9999 -9999 -9999 -9999 -9999 -9999 -9999 -9999 -9999 -9999 -9999 -9999 -9999 -9999
4.43950922489166 4.54857993125916 4.71790294647217 3.87095687389374 3.74979987897371 4.01244671344757 3.64817216992378 3.36303466558456 3.21443688869476 2.81018973886967 2.15753860771656 1.77175347507 1.51689010858536 1.39341433346272 1.42451727390289 1.48833610117435 1.55858740210533 1.7973335981369 1.9656335413456 2.03873974084854 2.14445105195045 2.1891177204939 2.27347489962211 2.17130137406863 2.76101884245872 2.63414354049242 2.7620543883397 2.8339802301847 3.56232786178589 3.62547742724419 3.70470775365829 3.42093944549561 -9999 -9999 -9999 -9999 -9999 -9999 -9999 -9999 -9999 -9999 -9999 -9999 -9999 -9999 -9999 -9999 -9999 -9999 -9999 -9999 -9999 -9999 -9999 -9999 -9999 -9999 -9999 -9999 -9999 -9999
-9999 -9999 -9999 -9999 -9999 3.10459633171558 3.15307599306107 3.06343199312687 2.88171601295471 2.10046248137951 1.62628534436226 1.44233205169439 1.38993161916733 1.39585067331791 1.38444897532463 1.48624224960804 1.65178394317627 1.92822353541851 1.97563195228577 1.9974517673254 1.96317874301564 2.13557135516947 2.68056776431891 3.40620437264442 5.60954486578703 17.1262459858604 4.08838605880737 -9999 -9999 -9999 -9999 -9999 -9999 -9999 -9999 -9999 -9999 -9999 -9999 -9999 -9999 -9999 -9999 -9999 -9999 -9999 -9999 -9999 -9999 -9999 -9999 -9999 -9999 -9999 -9999 -9999 -9999 -9999 -9999 -9999 -9999 -9999
-9999 -9999 -9999 -9999 -9999 4.59236168861389 2.55588921904564 2.41267274320126 1.86073552072048 2.33495218937214 1.50164169073105 1.44879814982414 1.5131019204855 1.6103623509407 1.84768089652061 2.08544120192528 1.97763709723949 2.21027222275734 2.32489748299122 2.31281778216362 2.12405347824097 2.20138621330261 2.2424236536026 2.64651367068291 -9999 -9999 -9999 -9999 -9999 -9999 -9999 -9999 -9999 -9999 -9999 -9999 -9999 -9999 -9999 -9999 -9999 -9999 -9999 -9999 -9999 -9999 -9999 -9999 -9999 -9999 -9999 -9999 -9999 -9999 -9999 -9999 -9999 -9999 -9999 -9999 -9999 -9999
