EcologicalScience/Bass/data/rs_data_bass/chl_450.asc
NCOLS 226 
NROWS 124 
XLLCORNER -9.41648524995501 
YLLCORNER 47.587301625531 
CELLSIZE 0.0833 
NODATA_value -9999 
[rows 54 to 80 of 124, columns 0 to 61 of 226]
-9999 -9999 -9999 -9999 -9999 -9999 -9999 -9999 -9999 -9999 -9999 -9999 -9999 -9999 -9999 -9999 -9999 -9999 -9999 -9999 -9999 -9999 -9999 -9999 -9999 -9999 -9999 -9999 -9999 -9999 -9999 -9999 -9999 -9999 -9999 -9999 -9999 -9999 5.57245018947647 8.87410431355238 2.11145853996277 1.9492934346199 1.6730797290802 1.42400550842285 1.26825079321861 1.14579820632935 1.10867249965668 1.00947752594948 0.942240715026855 1.08046352863312 1.03136846423149 0.973601996898651 1.0632067322731 1.01459777355194 1.50721281766891 1.64722341299057 1.88553822040558 1.90398448705673 -9999 0.607058599591255 0.62790758907795 3.13129709142706
-9999 -9999 -9999 -9999 -9999 -9999 -9999 -9999 -9999 -9999 -9999 -9999 -9999 -9999 -9999 -9999 -9999 -9999 -9999 -9999 -9999 -9999 -9999 -9999 -9999 -9999 -9999 -9999 -9999 -9999 -9999 -9999 -9999 -9999 -9999 -9999 -9999 -9999 -9999 2.23975670879537 1.97513616085052 1.92292195558548 1.68657982349396 1.41466802358627 1.27867045998573 1.16938653588295 1.06122824549675 0.990240007638931 0.944129258394241 0.93324226140976 0.971560478210449 0.920033276081085 1.03897047042847 1.06078800559044 1.40089872479439 1.60868775844574 1.85924917459488 3.22646765557328 -9999 -9999 -9999 -9999
-9999 -9999 -9999 -9999 -9999 -9999 -9999 -9999 -9999 -9999 -9999 -9999 -9999 -9999 -9999 -9999 -9999 -9999 -9999 -9999 -9999 -9999 -9999 -9999 -9999 -9999 -9999 -9999 -9999 -9999 -9999 -9999 -9999 -9999 -9999 -9999 -9999 -9999 -9999 -9999 3.49597203731537 2.05782001018524 1.52922074496746 1.56096982955933 1.53033900260925 1.18931025266647 1.06748324632645 0.946638733148575 1.065758228302 0.888608247041702 0.844584792852402 0.895858526229858 1.19672852754593 1.44252151250839 1.47744074463844 1.82765024900436 2.00475438552744 1.81364325916066 1.76005618572235 -9999 -9999 -9999
-9999 -9999 -9999 -9999 -9999 -9999 -9999 -9999 -9999 -9999 -9999 -9999 -9999 -9999 -9999 -9999 -9999 -9999 -9999 -9999 -9999 -9999 -9999 -9999 -9999 -9999 -9999 -9999 -9999 -9999 -9999 -9999 -9999 -9999 -9999 -9999 -9999 -9999 -9999 -9999 1.76271475553513 1.64167830348015 1.6204825937748 1.96915322542191 1.79952147603035 1.39581450819969 1.4050125181675 1.08399295806885 1.05137622356415 0.970919966697693 0.824954241514206 0.902369230985641 1.62300117313862 1.85098442435265 1.43378627300262 1.46990928053856 1.98207539319992 1.82302927970886 2.39188653230667 2.17812490463257 2.4585169789403 -9999
-9999 -9999 -9999 -9999 -9999 -9999 -9999 -9999 -9999 -9999 -9999 -9999 -9999 -9999 -9999 -9999 -9999 -9999 -9999 -9999 -9999 -9999 -9999 -9999 -9999 -9999 -9999 -9999 -9999 -9999 -9999 -9999 -9999 -9999 -9999 -9999 -9999 -9999 -9999 -9999 2.35508322715759 1.8774850666523 1.85327351093292 2.06066524982452 2.01752907037735 1.61213707923889 1.47984221577644 1.49123328924179 1.26170548796654 1.11799049377441 0.943952232599258 0.834292531013489 0.999142527580261 1.00869002938271 1.31248953938484 1.139120221138 1.39804047346115 1.30917978286743 1.73504018783569 1.6366274356842 1.8335816941478 -9999
-9999 -9999 -9999 -9999 -9999 -9999 -9999 -9999 -9999 -9999 -9999 -9999 -9999 -9999 -9999 -9999 -9999 -9999 -9999 -9999 -9999 -9999 -9999 -9999 -9999 -9999 -9999 -9999 -9999 -9999 -9999 -9999 -9999 -9999 -9999 -9999 -9999 -9999 -9999 -9999 -9999 1.66491943597794 2.05770224332809 2.04512858390808 1.64657628536224 1.60392594337463 1.55266267061234 1.49643301963806 1.56946581602097 1.40871754288673 0.927008271217346 0.807744026184082 0.904227733612061 0.985578775405884 1.00880402326584 1.09612575173378 1.47079646587372 1.51426416635513 1.50988268852234 1.08749966695905 -9999 -9999
-9999 -9999 -9999 -9999 -9999 -9999 -9999 -9999 -9999 -9999 -9999 -9999 -9999 -9999 -9999 -9999 -9999 -9999 -9999 -9999 -9999 -9999 -9999 -9999 -9999 -9999 -9999 -9999 -9999 -9999 -9999 -9999 -9999 -9999 -9999 -9999 -9999 -9999 -9999 -9999 3.35637339949608 2.09607574939728 2.05998605489731 1.57611899077892 1.59318906068802 1.53328424692154 1.58836197853088 1.51057344675064 1.50103282928467 1.09436103701591 0.791042983531952 0.795401215553284 0.957888007164001 1.10079449415207 1.19193148612976 1.19769224524498 1.34696620702744 -9999 -9999 1.79035878181458 1.7654070854187 1.71449625492096
-9999 -9999 -9999 -9999 -9999 -9999 -9999 -9999 -9999 -9999 -9999 -9999 -9999 -9999 -9999 -9999 -9999 -9999 -9999 -9999 -9999 -9999 -9999 -9999 -9999 -9999 -9999 -9999 -9999 -9999 -9999 -9999 -9999 -9999 -9999 -9999 -9999 -9999 -9999 2.67031708359718 2.45778894424438 2.03348271846771 1.95089815557003 1.77248507738113 1.51252824068069 1.59524542093277 1.60193771123886 1.50636076927185 1.37637975811958 0.894006729125977 0.793443024158478 0.871971040964127 1.00432276725769 1.18810951709747 1.32733646035194 1.47127497196198 1.64761430025101 1.66971230506897 1.27138575911522 1.39904701709747 1.72738194465637 1.86628049612045
-9999 -9999 -9999 -9999 -9999 -9999 -9999 -9999 -9999 -9999 -9999 -9999 -9999 -9999 -9999 -9999 -9999 -9999 -9999 -9999 -9999 -9999 -9999 -9999 -9999 -9999 -9999 -9999 -9999 -9999 -9999 -9999 -9999 -9999 -9999 -9999 -9999 -9999 -9999 3.06475243717432 2.24988448619843 1.73637145757675 1.63728368282318 1.6174051836133 1.2636783644557 1.56004875898361 1.28688079118729 1.20211350917816 1.38256797194481 0.892678499221802 0.808253288269043 0.842404514551163 0.873764276504517 0.909363001585007 1.24430099129677 1.39033350348473 1.53855067491531 1.47634720802307 1.21647450327873 1.49994224309921 1.5852615237236 1.58155417442322
-9999 -9999 -9999 -9999 -9999 -9999 -9999 -9999 -9999 -9999 -9999 -9999 -9999 -9999 -9999 -9999 -9999 -9999 -9999 -9999 -9999 -9999 -9999 -9999 -9999 -9999 -9999 -9999 -9999 -9999 -9999 -9999 -9999 -9999 -9999 -9999 -9999 -9999 6.00246801159599 2.57530380785465 2.00408005714417 1.75124882161617 1.50365155935287 1.2874543145299 1.26218285411596 1.44986853003502 0.985982984304428 0.845104515552521 0.802745282649994 0.737951248884201 0.773939251899719 0.796373963356018 0.83095121383667 0.938438236713409 1.36996346712112 1.37788125872612 1.59767519576209 1.0560382604599 1.17483302950859 1.3332367837429 1.3594822883606 1.57992446422577
-9999 -9999 -9999 -9999 -9999 -9999 -9999 -9999 -9999 -9999 -9999 -9999 -9999 -9999 -9999 -9999 -9999 -9999 -9999 -9999 -9999 -9999 -9999 -9999 -9999 -9999 -9999 -9999 -9999 -9999 -9999 -9999 -9999 -9999 -9999 -9999 -9999 -9999 2.89414229989052 2.35653917491436 2.19110454618931 1.65159011632204 1.28427053242922 1.16344575583935 1.16856602579355 1.17394123971462 1.2053317129612 0.954148896038532 0.793826401233673 0.733787253499031 0.808206707239151 0.859831541776657 0.892152786254883 1.01762554049492 1.03604775667191 1.00603500008583 1.01043453812599 1.07968872785568 1.1618857383728 1.24779000878334 1.30274024605751 1.5303105711937
-9999 -9999 -9999 -9999 -9999 -9999 -9999 -9999 -9999 -9999 -9999 -9999 -9999 -9999 -9999 -9999 -9999 -9999 -9999 -9999 -9999 -9999 -9999 -9999 -9999 -9999 -9999 -9999 -9999 -9999 -9999 -9999 -9999 -9999 -9999 -9999 -9999 13.3323513903516 2.04000449180603 1.89249604940414 1.84524688124657 1.38572113215923 1.03850419074297 1.04108040779829 1.07910168170929 1.05733108520508 0.861800983548164 0.628529235720634 0.635536506772041 0.682088255882263 0.779784768819809 0.874191015958786 0.88796478509903 0.934493958950043 1.0054897069931 1.0027394592762 1.08898571133614 1.17741447687149 1.23522529006004 1.27499923110008 1.30253997445107 1.49335500597954
-9999 -9999 -9999 -9999 -9999 -9999 -9999 -9999 -9999 -9999 -9999 -9999 -9999 -9999 -9999 -9999 -9999 -9999 -9999 -9999 -9999 -9999 -9999 -9999 -9999 -9999 -9999 -9999 -9999 -9999 -9999 -9999 -9999 -9999 -9999 -9999 -9999 2.36598931252956 1.67259067296982 1.63427692651749 1.24511396884918 0.928119778633118 0.852212280035019 0.798224240541458 0.676340237259865 0.706304267048836 0.710735231637955 0.764877766370773 0.758382707834244 0.88196325302124 0.92237251996994 0.928405523300171 0.909933775663376 0.963668256998062 1.02436503767967 0.985497772693634 1.06391322612762 1.17086479067802 1.2340350151062 1.32295203208923 1.38636222481728 1.72740519046783
-9999 -9999 -9999 -9999 -9999 -9999 -9999 -9999 -9999 -9999 -9999 -9999 -9999 -9999 -9999 -9999 -9999 -9999 -9999 -9999 -9999 -9999 -9999 -9999 -9999 -9999 -9999 -9999 -9999 -9999 -9999 -9999 -9999 -9999 -9999 -9999 2.74924367666245 2.06801699740546 2.03421921730042 1.22190222144127 1.06032827496529 0.939105749130249 0.855594724416733 0.752333968877792 0.641806483268738 0.628863751888275 0.582976520061493 0.588760480284691 0.782138228416443 0.867667526006699 0.963228017091751 1.18422675132751 0.980512529611588 1.12856322526932 1.07380199432373 1.07747322320938 1.06431224942207 1.21819424629211 1.27829852700233 1.38639754056931 1.53961569070816 1.8923744559288
-9999 -9999 -9999 -9999 -9999 -9999 -9999 -9999 -9999 -9999 -9999 -9999 -9999 -9999 -9999 -9999 -9999 -9999 -9999 -9999 -9999 -9999 -9999 -9999 -9999 -9999 -9999 -9999 -9999 -9999 -9999 1.67523519694805 1.20494679361582 -9999 2.10493344068527 2.12870093116676 1.89847592512767 1.63588224649429 1.6711702466011 1.40015757679939 0.995361775159836 0.916607290506363 0.848914504051208 0.855273015797138 0.594368979334831 0.575003251433372 0.56574073433876 0.598389744758606 0.660368263721466 0.876242280006409 0.976566731929779 1.20163276791573 1.18389827013016 1.02765145897865 1.08021596074104 1.12842598557472 1.20366525650024 1.33568546175957 1.70105624198914 1.88155871629715 1.91332197189331 3.61449247598648
-9999 -9999 -9999 -9999 -9999 -9999 -9999 -9999 -9999 -9999 -9999 -9999 -9999 -9999 -9999 -9999 -9999 -9999 -9999 -9999 -9999 -9999 0.346259817481041 1.41609299182892 2.1686347424984 1.86391282081604 2.09760940074921 2.20256817340851 1.72099757194519 0.84941178560257 0.881571024656296 0.748679235577583 1.37350912392139 1.20733688771725 1.29034759104252 1.69599294662476 1.31489364802837 1.15150536596775 0.990322507917881 0.871347405016422 0.777035236358643 0.759261220693588 0.759528748691082 0.720854982733727 0.640112981200218 0.593057245016098 0.608227506279945 0.633156001567841 0.711478516459465 0.856358259916306 1.08213222026825 1.14059400558472 1.11745423078537 1.15157622098923 1.39373695850372 1.34046453237534 1.59333819150925 2.54153788089752 2.47863195398275 -9999 -9999 -9999
-9999 -9999 -9999 -9999 -9999 -9999 -9999 -9999 -9999 -9999 -9999 -9999 -9999 -9999 -9999 -9999 -9999 -9999 -9999 -9999 -9999 -9999 2.39344077308973 2.79463988542557 1.3926397562027 1.83917319774628 1.6102836728096 1.44047847390175 0.898886293172836 0.864451467990875 0.825655460357666 0.82108274102211 0.803212523460388 1.03690199553967 1.03987129032612 0.94339893758297 0.762077271938324 0.820496968924999 0.665202006697655 0.569563508033752 0.714577306061983 0.711298305541277 0.531038984656334 0.541717484593391 0.570048004388809 0.649786502122879 0.768355518579483 0.825110256671906 0.865464001893997 0.914712756872177 1.19005501270294 1.43330624699593 1.47335547208786 1.67227202653885 1.72633427381516 -9999 -9999 -9999 -9999 -9999 -9999 -9999
-9999 -9999 -9999 -9999 -9999 -9999 -9999 -9999 -9999 -9999 -9999 -9999 -9999 -9999 -9999 -9999 -9999 -9999 -9999 0.958425199113241 2.08849440018336 1.25849550962448 0.99651825428009 0.747243762016296 0.937630534172058 0.905279248952866 0.859374761581421 0.926474243402481 1.09807276725769 0.849895477294922 0.653844729065895 0.761602520942688 0.73011526465416 0.758632488548756 0.824094358831644 0.687285751104355 0.663497999310493 0.668156236410141 0.679614007472992 0.620506480336189 0.707015812397003 0.585098996758461 0.566934004426003 0.60452176630497 0.63585077226162 0.654355511069298 1.47745728492737 1.70369803905487 1.36477196216583 1.53576457500458 1.51946693658829 -9999 -9999 -9999 -9999 -9999 -9999 -9999 -9999 -9999 -9999 -9999
-9999 -9999 -9999 -9999 -9999 -9999 -9999 -9999 -9999 -9999 -9999 -9999 -9999 -9999 -9999 -9999 -9999 1.0170105099678 2.38026028871536 0.82839372754097 1.02788177132607 1.09800150990486 0.923270255327225 0.875686526298523 0.85464745759964 0.727516517043114 0.581858977675438 0.599904745817184 0.593306243419647 0.599475011229515 0.587418749928474 0.657786771655083 0.644807249307632 0.30629700422287 0.678629234433174 0.636527985334396 0.631698757410049 0.6093690097332 0.56733150780201 0.579695239663124 0.623930230736732 0.643407002091408 0.604415237903595 0.592068746685982 0.692732021212578 1.11929196864367 1.4936318770051 1.5090120434761 1.71021442521702 2.27057869596915 2.11552042852749 -9999 -9999 -9999 -9999 -9999 -9999 -9999 -9999 -9999 -9999 -9999
-9999 -9999 -9999 -9999 -9999 -9999 -9999 -9999 -9999 -9999 -9999 -9999 -9999 -9999 1.32397049665451 1.29901728034019 0.794440537691116 0.894707232713699 0.851946026086807 1.01220524311066 0.917777985334396 1.02388948202133 0.993607521057129 0.854856759309769 0.685581743717194 0.645946517586708 0.557685747742653 0.559704020619392 0.614548489451408 0.605633229017258 0.541626021265984 0.642670512199402 0.628475993871689 0.543167978525162 0.747101247310638 0.657973498106003 0.632655769586563 0.603206232190132 0.592856258153915 0.650148019194603 0.702220514416695 0.670895263552666 0.596000254154205 0.626037731766701 0.720585733652115 1.33293188363314 1.54160106182098 1.58095121383667 1.79148955643177 1.82901298999786 2.0155261605978 2.14636851847172 -9999 -9999 -9999 -9999 -9999 -9999 -9999 -9999 -9999 -9999
-9999 -9999 -9999 -9999 -9999 -9999 -9999 -9999 -9999 -9999 -9999 3.58132027132171 0.857713490724564 0.766204476356506 1.00429049134254 0.594621017575264 0.628206744790077 0.685047000646591 0.719027996063232 0.907033503055573 0.769910216331482 0.745787233114243 0.68673974275589 0.699280500411987 0.625308752059937 0.621050253510475 0.620318993926048 0.582514509558678 0.618075728416443 0.62577822804451 0.547077745199203 0.618302240967751 0.719246998429298 0.683390244841576 0.798260986804962 0.670421227812767 0.621103495359421 0.633438751101494 0.645915001630783 0.636107236146927 0.575372233986855 0.563796758651733 0.640517234802246 0.623754769563675 0.751358270645142 0.815229713916779 1.22529378533363 1.62487417459488 1.57754255086184 2.00575590133667 1.42362353205681 -9999 -9999 -9999 -9999 -9999 8.98934555053711 1.89003074169159 1.90868175029755 1.96072947978973 2.11247777938843 -9999
-9999 -9999 -9999 -9999 -9999 -9999 -9999 -9999 -9999 1.47386929392815 1.12982864677906 1.01270323991776 0.82081800699234 0.765277504920959 0.739257752895355 0.750081717967987 0.508404761552811 0.436140730977058 0.612928479909897 0.666136488318443 0.663038983941078 0.688197746872902 0.681521996855736 0.671814009547234 0.687209263443947 0.650371491909027 0.617733746767044 0.614379733800888 0.540693014860153 0.6068235039711 0.552767246961594 0.535693511366844 0.666941240429878 0.675599232316017 0.638056486845016 0.652286231517792 0.599738270044327 0.641910016536713 0.642049491405487 0.599997013807297 0.552631124854088 0.530628003180027 0.586469639092684 0.764182537794113 0.712163239717484 0.819930732250214 0.78704622387886 0.84033527970314 1.28457900881767 1.47746470570564 1.60538166761398 1.35379126667976 1.75217853784561 2.74090132713318 2.33922186919621 1.62922579050064 1.5505793094635 1.50039750337601 1.47951829433441 1.60919773578644 1.76654469966888 -9999
-9999 -9999 -9999 -9999 -9999 1.05075976252556 1.11408376693726 1.39024651050568 1.43575197458267 1.06745553016663 1.52266055345535 1.08962479233742 0.861627727746964 0.790484994649887 0.683556765317917 0.684389993548393 0.549335271120071 0.551744252443314 0.559220239520073 0.620479479432106 0.628583997488022 0.647124007344246 0.653060272336006 0.671234250068665 0.634882494807243 0.618397504091263 0.624933734536171 0.588777735829353 0.583356007933617 0.664991229772568 0.665378987789154 0.601943269371986 0.603149235248566 0.522407233715057 0.567696020007133 0.614301770925522 0.62082602083683 0.433203756809235 0.40548674762249 0.520042508840561 0.488342229276896 0.597483739256859 0.691940993070602 0.571989744901657 0.573264509439468 0.789065212011337 0.822487503290176 0.858807742595673 0.96008625626564 1.1902522444725 0.959894210100174 1.22278726100922 1.36420270800591 1.46481522917747 1.44132596254349 1.37406527996063 1.50646501779556 1.60369580984116 1.80223417282104 1.92396533489227 2.04247498512268 2.16912227869034
-9999 -9999 -9999 -9999 -9999 0.755458474159241 0.751676291227341 0.753697514533997 0.778027474880219 0.833194524049759 0.874614715576172 0.813568532466888 0.804152995347977 0.773612290620804 0.806098490953445 0.65768475830555 0.509037762880325 0.368111997842789 0.578217744827271 0.58900049328804 0.628630489110947 0.676913246512413 0.641674518585205 0.635073021054268 0.615542247891426 0.613016232848167 0.641355738043785 0.637481242418289 0.725963249802589 0.729086995124817 0.713437512516975 0.676696479320526 0.611094743013382 0.501358509063721 0.360671259462833 0.390272989869118 0.390099763870239 0.414634510874748 0.558797255158424 0.438228741288185 0.521110519766808 0.642429739236832 0.69444452226162 0.761070728302002 0.857114285230637 0.875241726636887 0.627188995480537 0.791752517223358 0.798076540231705 0.83506652712822 0.868991285562515 0.895310997962952 0.864695280790329 0.878483980894089 0.885956972837448 1.09443148970604 1.64635956287384 1.58972775936127 1.82010000944138 1.94059270620346 1.94890505075455 1.92461478710175
-9999 -9999 -9999 -9999 -9999 0.563872486352921 0.527083486318588 0.69030824303627 0.897644251585007 0.880820274353027 0.565106257796288 0.501188233494759 0.531581997871399 0.562724232673645 0.559482738375664 0.577160999178886 0.56241600215435 0.426761269569397 0.450831010937691 0.482383489608765 0.542157769203186 0.542063266038895 0.628981500864029 0.699856504797935 0.523332729935646 0.57354448735714 0.507849007844925 0.595573514699936 0.609684750437737 0.571640253067017 0.649205267429352 0.68096324801445 0.763152748346329 0.738804012537003 0.664384514093399 0.533757001161575 0.458865746855736 0.493625432252884 0.541965767741203 0.413220763206482 0.40939199924469 0.417686998844147 0.566882237792015 0.687407255172729 0.704439729452133 0.465784505009651 0.569180980324745 0.586690485477448 0.494228258728981 0.535069495439529 0.697808235883713 0.764777988195419 0.753619462251663 0.806246280670166 0.839004725217819 0.855162709951401 0.868809789419174 0.927780747413635 1.05483976006508 1.35438765585423 1.70944317430258 1.57430094480515
-9999 -9999 -9999 -9999 -9999 0.479734495282173 0.587327241897583 0.725337758660316 0.742147520184517 0.566861271858215 0.427778229117393 0.466792479157448 0.500531271100044 0.596095517277718 0.5285325050354 0.456943497061729 0.481646999716759 0.289133995771408 0.306423760950565 0.461214020848274 0.424355238676071 0.382846489548683 0.427783872932196 0.272859990596771 0.501495257019997 0.505320489406586 0.481207519769669 0.60342675447464 0.703590765595436 0.365710113197565 0.645151510834694 0.539135232567787 0.625528514385223 0.704742729663849 0.71570773422718 0.574831500649452 0.532520994544029 0.493409246206284 0.547763228416443 0.380811005830765 0.36888599395752 0.395965486764908 0.397358983755112 0.37949176132679 0.405046507716179 0.431952729821205 0.422085732221603 0.382164761424065 0.473111271858215 0.667206019163132 0.610205993056297 0.712220996618271 0.879029273986816 0.704918995499611 0.743109002709389 0.769987463951111 0.803787767887115 0.858308225870132 0.901701718568802 1.02548325061798 2.07144056260586 1.77265423536301
-9999 -9999 -9999 -9999 -9999 0.424022242426872 0.456807017326355 0.476160764694214 0.49522577226162 0.4622872620821 0.451784983277321 0.427057519555092 0.476892739534378 0.540477767586708 0.464870989322662 0.425930991768837 0.357034496963024 0.276283510029316 0.262495502829552 0.29126550257206 0.386950492858887 0.265431001782417 0.212506502866745 0.208960510790348 0.265305742621422 0.430503740906715 0.441125765442848 0.214773751795292 0.1886962428689 0.197665505111217 0.479547768831253 0.568883255124092 0.542866498231888 0.561870753765106 0.617317512631416 0.672669008374214 0.595914736390114 0.420959249138832 0.402408018708229 0.414644256234169 0.362741254270077 0.365690253674984 0.413356482982635 0.438272997736931 0.51988273859024 0.587034747004509 0.547866001725197 0.492571502923965 0.407870247960091 0.568229243159294 0.509042993187904 0.504186764359474 0.610605731606483 0.596907734870911 0.661553978919983 0.754241287708282 0.867146998643875 0.959329515695572 1.00629222393036 1.07467272877693 1.49826300144196 1.64105021953583
