EcologicalScience/Bass/data/rs_data_bass/chl_276.asc
NCOLS 226 
NROWS 124 
XLLCORNER -9.41648524995501 
YLLCORNER 47.587301625531 
CELLSIZE 0.0833 
NODATA_value -9999 
[rows 0 to 26 of 124, columns 62 to 123 of 226]
-9999 -9999 -9999 -9999 -9999 -9999 -9999 -9999 -9999 -9999 -9999 -9999 -9999 -9999 -9999 -9999 -9999 -9999 -9999 -9999 -9999 -9999 -9999 -9999 -9999 -9999 -9999 -9999 -9999 -9999 -9999 -9999 -9999 -9999 -9999 -9999 -9999 -9999 -9999 -9999 -9999 -9999 -9999 -9999 -9999 -9999 -9999 -9999 -9999 -9999 -9999 -9999 -9999 -9999 -9999 -9999 -9999 -9999 -9999 -9999 -9999 -9999
-9999 -9999 -9999 -9999 -9999 -9999 -9999 -9999 -9999 -9999 -9999 -9999 -9999 -9999 -9999 -9999 -9999 -9999 -9999 -9999 -9999 -9999 -9999 -9999 -9999 -9999 -9999 -9999 -9999 -9999 -9999 -9999 -9999 -9999 -9999 -9999 -9999 -9999 -9999 -9999 -9999 -9999 -9999 -9999 -9999 -9999 -9999 -9999 -9999 -9999 -9999 -9999 -9999 -9999 -9999 -9999 -9999 -9999 -9999 -9999 -9999 -9999
-9999 -9999 -9999 -9999 -9999 -9999 -9999 -9999 -9999 -9999 -9999 -9999 -9999 -9999 -9999 -9999 -9999 -9999 -9999 -9999 -9999 -9999 -9999 -9999 -9999 -9999 -9999 -9999 -9999 -9999 -9999 -9999 -9999 -9999 -9999 -9999 -9999 -9999 -9999 -9999 -9999 -9999 -9999 -9999 -9999 -9999 -9999 -9999 -9999 -9999 -9999 -9999 -9999 -9999 -9999 -9999 -9999 -9999 -9999 -9999 -9999 -9999
-9999 -9999 -9999 -9999 -9999 -9999 -9999 -9999 -9999 -9999 -9999 -9999 -9999 -9999 -9999 -9999 -9999 -9999 -9999 -9999 -9999 -9999 -9999 -9999 -9999 -9999 -9999 -9999 -9999 -9999 -9999 -9999 -9999 -9999 -9999 -9999 -9999 -9999 -9999 -9999 -9999 -9999 -9999 -9999 -9999 -9999 -9999 -9999 -9999 -9999 -9999 -9999 -9999 -9999 -9999 -9999 -9999 -9999 -9999 -9999 -9999 -9999
-9999 -9999 -9999 -9999 -9999 -9999 -9999 -9999 -9999 -9999 -9999 -9999 -9999 -9999 -9999 -9999 -9999 -9999 -9999 -9999 -9999 -9999 -9999 -9999 -9999 -9999 -9999 -9999 -9999 -9999 -9999 -9999 -9999 -9999 -9999 -9999 -9999 -9999 -9999 -9999 -9999 -9999 -9999 -9999 -9999 -9999 -9999 -9999 -9999 -9999 -9999 -9999 -9999 -9999 -9999 -9999 -9999 -9999 -9999 -9999 -9999 -9999
-9999 -9999 -9999 -9999 -9999 -9999 -9999 -9999 -9999 -9999 -9999 -9999 -9999 -9999 -9999 -9999 -9999 -9999 -9999 -9999 -9999 -9999 -9999 -9999 -9999 -9999 -9999 -9999 0.63735419511795 1.08580266341676 1.23982431987921 3.14032934606075 0.853876364727815 1.42937133957942 0.717597646017869 0.746417875091235 0.840156865616639 0.902116586764653 0.911128508547942 0.579024514183402 0.614513299427927 0.586744066546945 0.555501840077341 0.772051453590393 0.655805351833502 0.57072093586127 0.484272787968318 0.494353999694188 0.571142755448818 0.565745328863462 0.508227836340666 0.506746608763933 0.502994801849127 0.629800197978814 0.695907182991505 0.445152374605338 0.411989871412516 0.930387111086595 0.655559832851092 0.855387592001965 0.861851753372895 0.834589625659742
-9999 -9999 -9999 -9999 -9999 -9999 -9999 -9999 -9999 -9999 -9999 -9999 -9999 -9999 -9999 -9999 -9999 -9999 -9999 -9999 -9999 -9999 -9999 -9999 -9999 -9999 1.18186515569687 1.0627324283123 1.60407933417489 3.1560750802358 4.75153534114361 2.55118014415105 1.01844232281049 0.800073981285095 0.727409643431505 0.754262434939543 0.933342069387436 0.958658866584301 1.73982914785544 0.512812505311826 0.471701769706081 0.527172429487109 0.552995952777565 0.910913273692131 0.899220113952955 0.914056206742923 0.945941865444183 0.651961115499338 0.647831524411837 0.657204588254293 0.44174491877065 0.443816887835662 0.469968115290006 0.882363038627725 1.13519879391319 0.535900550583998 0.913954844600276 0.444869949482381 0.508647351580508 0.505507960039027 0.663326981166999 0.719610321025054
-9999 -9999 -9999 -9999 -9999 -9999 -9999 -9999 -9999 -9999 -9999 -9999 -9999 -9999 -9999 -9999 -9999 -9999 -9999 -9999 -9999 -9999 -9999 -9999 -9999 -9999 1.18186515569687 1.84678454697132 1.37178881028119 1.04000049128252 2.57512684166431 0.760182159642379 0.705315088232358 0.70861987521251 0.93016633639733 0.850305092831453 0.509649626034148 0.997094993789991 1.0374492307504 2.37023485700289 0.493081496042364 0.461407443618073 0.485750899157103 0.498007538564065 0.477429437724983 0.85405824581782 0.81716883679231 0.803096478184064 0.694797068834305 0.707008625070254 0.692853964865208 0.566564865410328 0.461275046070417 0.449811950325966 0.48935928940773 0.504603592058023 0.47099170088768 0.489332213066518 0.494707938283682 0.484848910394837 0.427944780637821 0.903128282019967
-9999 -9999 -9999 -9999 -9999 -9999 -9999 -9999 -9999 -9999 -9999 -9999 -9999 -9999 -9999 -9999 -9999 -9999 -9999 -9999 -9999 -9999 -9999 -9999 -9999 -9999 1.5391581406196 1.45423600450158 1.09474892355502 0.923967599868774 0.857168443500996 0.813838397463163 0.771148967246215 0.664524624745051 1.06501640627782 0.980226206282774 0.951379328966141 1.20569978262249 1.0669259538776 0.998066564400991 1.03992659598589 1.06691826879978 1.00605314224958 0.451610785635079 0.452133506536484 0.836056088146411 0.850434641043345 0.719323232769966 0.679306109746297 0.65420604745547 0.582576741774877 0.522309864560763 0.528631250063578 0.507912084460258 0.442382695774237 0.442050635814667 0.455708168447018 0.472610967233777 0.439067155122757 0.529925480484962 0.60700237005949 0.605182910958926
-9999 -9999 -9999 -9999 -9999 -9999 -9999 -9999 -9999 -9999 -9999 -9999 -9999 -9999 -9999 -9999 -9999 -9999 -9999 -9999 -9999 -9999 -9999 -9999 -9999 1.19121462106705 2.83677738904953 1.0633838083595 0.916965529322624 0.829670660197735 0.812511935830116 0.789941119651 1.00294049319468 0.899457678983086 0.750408349852813 0.90636679281791 1.14444393664598 1.09353026747704 1.22302793985919 1.07395585900859 1.04119981825352 1.15553143123786 1.108656860888 1.00838388345743 0.792954576512178 0.771396338939667 0.739323067037683 0.687738028011824 0.608693666756153 0.575947355479002 0.374513506889343 0.658628670008559 0.584403045867619 0.486873752054046 0.427769794128835 0.441874322791894 0.468786584834258 0.518059919277827 0.580050866518702 0.533524308885847 0.485289897237505 0.566237203338567
-9999 -9999 -9999 -9999 -9999 -9999 -9999 -9999 -9999 -9999 -9999 -9999 -9999 -9999 -9999 -9999 -9999 -9999 -9999 -9999 -9999 -9999 -9999 -9999 -9999 1.68715046346188 1.36619826033711 1.10935122147202 1.10624094307423 0.778875996961313 0.960104109719396 0.859445954362551 0.660729704534306 0.630434469265096 0.713354131108836 0.692429800828298 0.630970540146033 0.932605723539988 0.463620041223133 0.871727715197362 0.805945085982482 0.376456469735679 0.372055887737695 0.792773326237996 0.727298821012179 0.709070213139057 0.773368138074875 0.675310395658016 0.71055148045222 0.707399422923724 0.720018876095613 0.680238544940948 0.613281679650148 0.494644798338413 0.579904623329639 0.427879647351801 0.504906753698985 0.509155717988809 0.400336358696222 0.456599608063698 0.505056279400984 0.737813124060631
-9999 -9999 -9999 -9999 -9999 -9999 -9999 -9999 -9999 -9999 -9999 -9999 -9999 -9999 -9999 -9999 -9999 -9999 -9999 -9999 -9999 -9999 -9999 -9999 1.31647038459778 1.59494600817561 1.43569570407271 1.21214617229998 1.04815811756998 1.12944275637468 1.08429548889399 1.03534120321274 0.885672514637311 0.684173039653722 0.633662752368871 0.679711543023586 0.672036377092202 0.661189484099547 0.546814949196928 0.486963890054647 0.530342209865065 0.458448807982837 0.428635631414021 0.787654966115952 0.693510018289089 0.771771820882956 0.829178231457869 0.870967647681633 1.03614641255454 0.84257934242487 0.824118095139662 0.752118726571401 0.689974047243595 0.678482813139756 0.627378468712171 0.648924874762694 0.678855411708355 0.500444245835145 0.576545015761727 0.48296335731682 0.50758978881334 0.419096709539493
-9999 -9999 -9999 -9999 -9999 -9999 -9999 -9999 -9999 -9999 -9999 -9999 -9999 -9999 -9999 -9999 -9999 -9999 -9999 -9999 -9999 -9999 -9999 1.50594073534012 1.19204489886761 1.27202379517257 1.13366430625319 0.945141853764653 0.858096906915307 0.976563642422358 0.934429292877515 0.910563498735428 0.923233300447464 0.938473721345266 0.94043293595314 0.775289287169774 0.424540112562039 0.389374319683103 0.614310748875141 0.653453027208646 0.663392891486486 0.681935163835684 0.451556477476569 0.419203898485969 0.407475137535264 0.757246767481168 0.797383693357309 0.775016921261946 0.716534105439981 0.676300620039304 0.710277358690898 0.726795574029287 0.617992371320724 0.61789641280969 0.774809442460537 0.307820874217309 0.322194651645773 0.315980252097635 0.481000763674577 0.570027475555738 0.471725150942802 0.424825626115004
-9999 -9999 -9999 -9999 -9999 -9999 -9999 -9999 -9999 -9999 -9999 -9999 -9999 -9999 -9999 -9999 -9999 -9999 -9999 -9999 -9999 -9999 3.88213437795639 1.72501103952527 1.29855499975383 1.09533766284585 1.03288221359253 0.881917825900018 0.742617015726864 1.04386501510938 0.931503668427467 0.970535352826118 0.944875826438268 0.96547195315361 0.979893202582995 0.439389028093394 0.718912616372108 0.685852599640687 0.654621211191018 0.389146506786346 0.379237733781338 0.65776102989912 0.368319834856426 0.408320185892722 0.357470643870971 0.345323921126478 0.325982814326006 0.925726768871148 0.812020845711231 0.666091077029705 0.714559981697484 0.771836911638578 0.802424987157186 0.390887113178478 0.40692779728595 0.416713994653786 0.412640107028625 0.379073385368375 0.371944925802596 0.73371652082393 0.851683268944422 0.639849863554302
-9999 -9999 -9999 -9999 -9999 -9999 -9999 -9999 -9999 -9999 -9999 -9999 -9999 -9999 -9999 -9999 -9999 -9999 -9999 -9999 2.64602583646774 4.07418593535056 1.79316672384739 1.61959959939122 1.29668683558702 1.01349134246508 0.866751470109996 0.859601923648049 1.10179284028709 1.04369878582656 1.03749711625278 0.92853108048439 0.935747037331263 0.933004116018613 0.949982007344564 0.913062741359075 0.744747792973238 0.733735218644142 0.737833229204019 0.442457863074892 0.336649331099847 0.315406974624185 0.6199561804533 0.62929193675518 0.368834644117776 0.368223843329093 0.686676889657974 0.838363797256821 0.669152197738488 0.675102593998114 0.780397051259091 0.731740673905925 0.717273181990573 0.69608515004317 0.441039140171864 0.422288558500655 0.50762783341548 0.427847295999527 0.443293756421875 0.931726281841596 1.11411486814419 0.745440663475739
-9999 -9999 -9999 -9999 -9999 -9999 -9999 -9999 -9999 -9999 -9999 -9999 -9999 -9999 -9999 -9999 -9999 -9999 -9999 -9999 2.23345074976099 2.10224616527557 1.30272225947941 1.36589000746608 1.23679262213409 1.12287818826735 0.878177004701951 0.855231724241201 1.08628947101533 1.12078793160617 1.1159784514457 1.17227309010923 0.83891724050045 0.839149455229441 0.860890552401543 0.879624659816424 0.880808219313622 0.827046848833561 0.805284149944782 0.683027963105001 0.391922288081225 0.590348949035009 0.637318858190587 0.638951819978262 0.647795907760921 0.653639587132554 0.646297913263826 0.806172112331671 1.02606932322184 0.963298546771208 0.740782734594847 0.466894218325615 0.481608304381371 0.772095388487766 0.611542716622353 0.448129615187645 0.42374925403034 0.503285121391801 0.69489754030579 0.588680755150946 1.00982635361808 0.366714189760387
-9999 -9999 -9999 -9999 -9999 -9999 -9999 -9999 -9999 -9999 -9999 -9999 -9999 -9999 -9999 -9999 -9999 -9999 -9999 7.97862732410431 2.64517775550485 1.84400079399347 1.46084920316935 1.40175021439791 1.34015484899282 1.23871169798076 1.13742903806269 0.815519466119654 1.180190987885 0.757793058367336 0.847308695316315 0.845805406570435 0.834714591503143 0.838351249694824 0.868905648589134 0.933574398358663 0.63188324079794 0.809765492876371 0.757348542412122 0.70770482954226 0.693055095641237 0.374165752530098 0.370374196767807 0.399395349621773 0.362867543101311 0.633708332975705 0.92934662103653 0.872322633862495 1.01531732082367 1.34871402908774 0.40722182393074 0.546160835027695 0.743510884673972 0.788638305664062 0.543330758810043 0.429445347189903 0.441302292048931 0.457066035270691 0.430007801949978 0.468790304660797 0.465256595611572 0.349133999219963
-9999 -9999 -9999 -9999 -9999 -9999 -9999 -9999 -9999 -9999 -9999 -9999 -9999 -9999 -9999 -9999 -9999 -9999 6.69388749450445 5.34371614828706 3.70384722948074 2.32310745120049 1.63469237834215 1.45763512328267 1.27512982673943 1.17188975214958 1.10319709964097 0.791583396056119 1.13362680375576 0.699460605488104 0.805886884530385 0.795052493611972 0.776419463256995 0.796036809682846 0.793120083709558 0.807551957666874 0.874437086284161 0.697565796474616 0.660223563512166 0.616221003234386 0.474364805221558 0.469252449274063 0.41128925383091 0.682845753928025 0.602578574170669 0.707835808396339 1.16124790055411 1.3122008400304 1.05296085424283 0.582849740982056 0.626952546207528 0.402931458782405 0.372672757599503 0.384819055907428 0.382083448270957 0.357252587378025 0.44212631881237 0.52319630086422 0.512274050712585 0.358564387474741 0.50670000910759 0.640732420608401
-9999 -9999 -9999 -9999 -9999 -9999 -9999 -9999 -9999 -9999 -9999 -9999 -9999 -9999 -9999 -9999 -9999 24.9650702393813 10.0100949231316 9.75742153823376 6.54855187609792 2.70408663153648 1.54266375303268 1.33673193119466 1.2227063588798 1.15769327245653 1.10947204381227 0.977652344852686 0.690737288664369 0.816491276025772 0.801632876197497 0.646259168491644 0.763288853069147 0.793195823828379 0.722687388459841 0.605996922096785 0.801722059647242 0.853437170386314 0.833890999356906 0.853845790028572 0.697935176392396 0.615201701720556 0.604141528407733 0.540400376445369 0.46646036952734 0.673765469538538 0.617754692832629 0.490774183588869 0.616062497099241 0.488957190513611 0.602277368307114 0.487674054503441 0.489715096354485 0.518801540136337 0.699122363328934 0.622563945750395 0.63027486205101 0.596946381032467 0.581306943297386 0.552521708607674 0.554057249426842 0.652978457902607
-9999 -9999 -9999 -9999 -9999 -9999 -9999 -9999 -9999 -9999 -9999 -9999 -9999 -9999 -9999 -9999 -9999 -9999 -9999 2.49211945136388 1.9777071055244 1.78314882516861 1.33398542180657 1.29746356979012 1.21225734986365 1.13617531768978 0.879088261548211 0.84514574209849 0.843221147855123 0.773990164200465 0.606929559041472 0.627822615644511 0.445051319897175 0.657237468396916 0.639819037388353 0.694347962737083 0.702711676296435 0.63970732296768 0.642678234137987 0.602792449687657 0.590099502550928 0.445958194487235 0.572935588657856 0.583114174505075 0.527136800189813 0.516910369197528 0.534085343281428 0.588701726759181 0.384130507707596 0.376446831040084 0.60019094645977 0.758087638020515 0.693371260166168 0.664510458707809 0.637121418118477 0.858219861984253 0.66650570333004 0.645235353708267 0.629318144917488 0.718431437015533 0.398120994077009 0.538359381258488
-9999 -9999 -9999 -9999 -9999 -9999 -9999 -9999 -9999 -9999 -9999 -9999 -9999 -9999 -9999 3.16599984169006 2.91501053775229 6.59906786366513 2.50878582000732 2.39141521453857 1.62082232236862 1.4580406665802 1.23002780042589 1.08195559121668 0.908986994996667 0.955948144197464 0.890463640292485 1.04461512466272 0.885818260411422 0.674431080619494 0.684643765290578 0.535747485235333 0.509368859231472 0.685662004877539 0.618429724784458 0.731971190948235 0.709460036535012 0.67408922393071 0.750497236847878 0.727885497113069 0.507598785683513 0.45216004550457 0.433955194428563 0.678169002135595 0.770140695075194 0.689456409774721 0.666274284012616 0.231425428653465 0.392530515789986 0.576583987649749 0.492780444376609 0.37667099883159 0.608604209763663 0.681705392897129 0.535007625818253 0.728575095534325 0.700606472790241 0.642087465524673 0.663897162675858 0.32676117335047 0.627423503994942 0.638820448424667
-9999 -9999 -9999 -9999 -9999 -9999 -9999 -9999 -9999 -9999 35.2986888885498 35.2986888885498 13.7248649597168 4.4432893557982 5.51581450402737 3.73297916440403 2.34439644392799 2.99890533685684 2.88948673009872 2.70355997085571 1.76519597768784 1.54888290166855 1.41346853971481 0.913140837103128 0.844890217570698 0.844634560977712 0.919598087668419 0.877381285652518 0.538547781460425 0.631449177861214 0.625479130183949 0.43567630648613 0.424138320609927 0.416302867233753 0.832483225885559 0.800757801062182 0.760170602484753 0.75852355439412 0.689833922605765 0.667576966317076 0.489050435669282 0.772301445404688 0.551668282817392 0.693312781552474 0.456571023445576 0.392555106896907 0.321319777518511 0.448092762161704 0.553032930282986 0.552150557146353 0.451258992155393 0.409391595671574 0.480829396668602 0.468539551776998 0.405036670320174 0.752260965108871 0.753680596748988 0.609522854288419 0.359309141124998 0.437356993556023 0.322669494152069 0.424181778641308
-9999 -9999 -9999 -9999 -9999 -9999 -9999 -9999 -9999 -9999 35.2986888885498 5.27345335483551 4.3001382847627 17.5856441049015 3.42458002190841 3.47628476745204 3.92860917611556 4.14312811901695 5.25707223362262 3.35127057406035 1.68817343562841 1.63685896396637 1.23967334032059 0.964738315343857 0.854077488183975 0.773496860638261 0.824917556717992 0.72496021091938 0.648777464032173 0.807892726734281 0.867945318712908 1.06548913215336 0.678236898253946 1.00289518503766 0.87439731547707 0.499437928199768 0.49252499639988 0.876909166574478 0.836880586603109 0.469338431954384 0.680855294360834 0.693564074004398 0.698891643630831 0.667069334732859 0.480724766850471 0.642944845714067 0.627429424147857 0.606970752540388 0.553567184244885 0.58946506766712 0.638655986856012 0.621447712182999 0.541786498883191 0.530556102885919 0.522626343895407 0.468207704670289 0.35679716989398 0.299213618505746 0.478997823946616 0.501864225110587 0.344554951786995 0.339179531671107
-9999 -9999 -9999 -9999 -9999 -9999 -9999 -9999 -9999 -9999 -9999 -9999 6.97294570685743 3.33808100223541 3.74127521640376 6.20955322005532 -9999 -9999 -9999 -9999 -9999 -9999 1.27817258611321 1.12036575749516 1.03076795116067 0.883498689159751 0.87997131049633 0.788366795517504 0.732313664630055 0.759717640466988 0.694532382488251 0.668070727586746 0.882564378135344 1.08164826506063 0.60788748661677 0.574653819203377 0.454939504154027 0.436170449852943 0.464307448267937 0.761114303680027 0.703867711565074 0.723070539972361 0.787544950058586 0.726382707294665 0.641314942170592 0.621503904461861 0.626160624272683 0.667768941206091 0.651480587966302 0.616109237951391 0.579873319934396 0.562957332414739 0.352923756837845 0.349006962776184 0.524143998821576 0.626674426390844 0.63293188459733 0.560050356667489 0.661555122388037 0.756348205240149 0.966904812737515 0.747126460075378
-9999 -9999 -9999 -9999 -9999 -9999 -9999 -9999 -9999 -9999 -9999 -9999 -9999 16.6274771690369 16.6274771690369 16.6274771690369 -9999 -9999 -9999 -9999 -9999 -9999 4.94490551948547 4.94490551948547 4.94490551948547 0.308659605681896 1.24420762938612 1.09168163314462 0.88639082540484 0.720798289775848 1.02739483468673 1.06710707440096 0.967953285750221 0.940007163321271 1.16121037696537 0.626763671636581 0.356917789578438 0.372336906194687 0.596727059167974 0.519019117578864 0.535482480190694 0.502096957527101 0.762970055727398 0.48114590998739 0.477911713533103 0.476437697187066 0.447747171856463 0.681451506912708 0.629903787126144 0.722202225277821 0.428028148412704 0.424713751673698 0.397318035364151 0.359899798035622 0.376106241345406 0.408974047554167 0.571489838992848 0.365121746533795 0.2315691949334 0.559543368063475 0.786193476481871 0.539551511406898
-9999 -9999 -9999 -9999 -9999 -9999 -9999 -9999 -9999 -9999 -9999 -9999 -9999 -9999 -9999 -9999 -9999 -9999 -9999 -9999 -9999 -9999 -9999 -9999 -9999 -9999 3.43986015257083 2.02565859258175 2.3671855032444 1.50145805933896 1.21518679576762 1.14230862084557 1.0432984197841 0.961526702432072 0.890504589852165 0.786270334440119 1.0535298162385 0.287085469812155 0.278372950851917 0.550060023553669 0.562556449323893 0.553950173780322 0.534234571270645 0.52905151527375 0.54326259624213 0.764678438796717 0.569527390412986 0.427994692325592 0.41027085185051 0.41783475279808 0.423628056049347 0.416527944803238 0.416392341256142 0.377674949169159 0.387772661447525 0.311807013116777 0.29255577782169 0.394172654870678 0.381211278193137 0.507521992921829 0.370334506034851 0.379376992583275
-9999 -9999 -9999 -9999 -9999 -9999 -9999 -9999 -9999 -9999 -9999 -9999 -9999 -9999 -9999 -9999 -9999 -9999 -9999 -9999 -9999 -9999 -9999 -9999 -9999 -9999 -9999 3.90917607148488 3.49572098255157 2.54189550876617 1.99886532741434 2.70054968720988 1.50580314795176 0.668692013248801 0.897565736490137 0.728861097246408 1.18666722272572 1.14825745540507 0.987858468995375 0.781234994530678 0.464356234297156 0.470228143036366 1.27279341396163 0.984366816632888 1.01817787044189 0.454886990133673 0.441778224427253 0.461368346214294 0.442632302641869 0.426280653476715 0.433883240818977 0.431323358416557 0.342047399282455 0.324890707433224 0.313298244774342 0.328644445538521 0.393371346406639 0.416685759144671 0.482428266029609 0.506350806355476 0.353363007307053 0.331141658127308
