EcologicalScience/Bass/data/rs_data_bass/chl_225.asc
NCOLS 226 
NROWS 124 
XLLCORNER -9.41648524995501 
YLLCORNER 47.587301625531 
CELLSIZE 0.0833 
NODATA_value -9999 
[rows 54 to 80 of 124, columns 124 to 185 of 226]
2.67576505587651 2.50771725922823 1.83387516736984 1.94209276254361 1.85002496150824 1.79743328002783 2.09450791432307 2.11765264089291 2.15585285425186 2.09776467084885 2.63701461042677 1.8443321287632 1.53882523683401 2.70920308828354 2.45292829275131 2.43003844022751 2.2350744843483 3.70552051918847 2.31804999283382 2.05071612596512 2.19244998693466 2.24451256990433 2.37779867649078 2.20769869089127 2.11511431932449 2.0808652639389 2.07178844213486 2.13410756587982 2.21871886253357 2.43837133646011 2.48655554056168 2.45198929309845 2.25176515649347 1.70020141509863 1.75845591085298 1.64293646386692 1.75250661373138 2.17797581478953 2.20331151410937 2.0824729681015 1.95589615032077 1.67465056180954 1.54784399796935 1.62949955989333 1.52175012975931 1.51780877759059 1.79278741031885 2.06319535151124 2.49386743828654 3.75123628189689 3.78575614251588 3.93734428129698 6.35318364267764 5.69192326068878 11.8933220174577 28.5461764335632 10.4649797827005 8.06315373097147 9.37664732336998 15.8893734848739 5.36420075479382 5.11688482761383
2.88094905248055 2.09999969601631 2.0736922962325 2.01669067602891 2.07751220006209 2.13779955185377 2.92147209814617 2.6873520229544 2.21485790381065 2.15512225031853 2.16124579310417 2.02638483047485 1.98185454423611 3.18251031211444 2.54286329746246 1.95172750491362 1.97948538340055 6.8547500201634 2.02079946994782 2.10976760387421 2.17594290971756 2.19086076532091 2.24247195890972 2.24008166790009 2.19230990409851 2.08535676002502 2.10103242397308 2.1807926774025 3.04680236180623 2.33038022741675 2.0134582400322 2.01236128807068 2.14358005453559 1.82424844801426 1.79214012622833 1.84108731150627 1.76279807835817 1.94398304995369 1.85604500770569 1.8038411526119 1.5514543633908 1.76516309906455 1.82732898741961 2.04176598787308 2.38913706101869 2.01380454562604 2.25408508256078 2.33850675076246 4.37585791788603 9.92657124996185 5.80826316709104 6.11569034534952 7.02362139328666 7.15201554800335 10.1704656630754 13.4371346309781 10.5720698833466 -9999 -9999 -9999 -9999 -9999
2.38629749843052 2.40992218255997 2.48733440041542 2.45080212184361 2.24852699958361 2.06178924212089 2.20151813672139 2.14347835228993 2.11323469877243 2.17806136608124 2.19233524799347 2.25811669230461 2.33921552621401 3.40172104750361 2.18829513513125 2.26217615604401 3.01507581557546 2.5375899374485 8.36456509736868 1.82406076559654 1.96842524638543 1.88678921644504 2.42799141407013 2.20857325792313 2.16166630983353 2.35256731510162 2.333971789905 3.65502977371216 2.84749928116798 2.33134440332651 2.10369641706347 2.03489101678133 2.06785083868924 2.14928902188937 1.99596045414607 1.88806815357769 1.79661721692366 1.78025877125123 1.725063806071 1.68622835418757 1.5995294842869 1.80957875959575 1.79339043796062 2.07517443224788 2.43390068784356 2.70587984472513 4.01866563161214 3.90257604151779 6.20149065100629 5.29945025444031 5.00503766536713 6.34514684677124 6.63721674367001 11.5345274806023 -9999 -9999 -9999 -9999 -9999 -9999 -9999 -9999
2.46491478956663 2.5159253019553 2.72336795926094 2.67726114392281 2.46855808221377 2.35567742586136 2.37617131838432 2.28934128009356 2.25724925444676 2.13064047464958 2.16915967831245 2.44925620464178 2.77368836677991 2.60265686878791 2.54652772499965 2.61332358763768 2.17075880936214 2.52037668228149 2.395292365551 2.45573161840439 2.30434767007828 2.09965178966522 2.19429557323456 2.08980516195297 2.17165154218674 2.1278391122818 2.32618702948093 3.35229587554932 3.04595074057579 2.61345945795377 1.89754623547196 1.92133355140686 2.17686575651169 2.09259535868963 2.15500182906787 2.03616305192312 2.02673667669296 1.24452148675919 1.3192205786705 1.68405548088691 1.71539083868265 1.83316500484943 1.93012690544128 2.38266049325466 2.45588666573167 2.65227502584457 8.71394920349121 6.55760803791361 9.19282472133636 6.52281594276428 6.15981736183167 7.84886696464137 13.6211642466093 -9999 -9999 -9999 -9999 -9999 -9999 -9999 -9999 -9999
3.65643632411957 2.83480393886566 2.77831366658211 2.75894346833229 2.93939590454102 2.88304725289345 2.60009670716066 2.47769590066029 2.57133099207511 2.44213119836954 2.4961879161688 2.01379351105009 2.11906158072608 2.76978892513684 2.73338885818209 2.49714380928448 2.71428208351135 2.30031720399857 2.23286790847778 2.09628624916077 1.97952747344971 1.82341048121452 1.67754508342062 1.76528711404119 1.9284687766007 2.28158707916737 2.19326731562614 2.2674091955026 2.2545518775781 2.42011446754138 1.97939967736602 2.14755969246229 1.7398127540946 1.73432618379593 1.73775524273515 2.00550160805384 1.78972752655254 1.67273197279257 1.35274929872581 1.53994314931333 1.61247630603611 1.74455623328686 2.30527631565928 2.66408398747444 3.49287725122351 5.43216094245081 9.53590178489685 6.82869601249695 8.56751147905985 5.97524530547006 7.31477308273315 13.3185797490572 37.5705066094032 -9999 -9999 -9999 -9999 -9999 -9999 -9999 -9999 -9999
-9999 5.89693995622488 5.29590742404644 3.79439300298691 3.88843786716461 3.7982172369957 2.98606234788895 2.82959726682076 3.01955385391529 2.75973548797461 2.35965905019215 2.721953779459 2.34393185377121 2.63638293743134 3.05351024866104 2.54919867856162 2.32633649110794 2.1649832367897 2.12349164485931 2.13874136209488 2.0826007604599 1.8626017794013 1.82512715884617 1.82219530003411 1.83580797059195 1.78845769592694 1.93752336502075 1.81135689094663 1.97407255453222 2.03970769223045 2.08047395944595 1.95617474118869 1.74725077673793 1.7207907512784 1.74256998673081 2.00661087953127 1.97656722980387 1.75379766436184 1.67043644891066 1.78839472111534 2.14619284495711 1.91928086802363 2.07422563433647 2.63541477918625 4.00441712992532 -9999 6.8433301448822 6.96059450236234 9.9407221476237 7.22842797480132 21.3402156829834 56.7571700552235 56.0959347316197 63.6333139253699 -9999 -9999 -9999 -9999 -9999 -9999 -9999 -9999
-9999 -9999 -9999 -9999 -9999 2.28387522697449 3.31139800181756 3.06335273155799 2.96266597509384 3.86125920500074 3.24354457855225 2.55851871626718 2.89783698320389 2.36990606784821 2.93463247555953 2.88624579140118 2.34461023807526 2.48343779490544 2.47085001692176 2.47781664133072 2.01464751362801 1.9631633721292 1.85441732034087 1.72375647936549 1.97166244313121 1.71716035343707 1.75084096379578 1.77711831405759 1.68638745322824 1.7128536645323 1.66703144833446 1.5329380184412 1.83591948946317 1.84059721231461 1.76671021826127 1.54642014205456 1.58547659777105 2.13721695542336 2.06791675792021 1.9390119772691 2.18508736445354 1.96021957397461 2.11707958349815 2.23232486156317 2.76553734764457 21.5540749401722 -9999 -9999 -9999 -9999 35.0126273121153 37.5419536318098 40.2224935463497 23.9553822590755 -9999 -9999 -9999 -9999 -9999 -9999 -9999 -9999
-9999 -9999 -9999 -9999 -9999 -9999 -9999 -9999 3.20016216039658 4.52248419182641 4.14481272147252 2.93739667534828 2.77791678905487 3.48357276733105 3.53456835563366 3.12237306577819 3.04071167962892 2.60959363900698 2.49519943273984 2.07991528936795 2.0023302398622 1.84395147647176 1.83950787356922 1.7153590960162 1.63495795215879 1.72105698287487 1.55997360125184 1.66316893324256 1.65100025066308 1.71350572790418 1.6669784411788 1.57828714884818 1.44946828058788 1.589948002249 1.63406881503761 1.71852878294885 1.70049991831183 1.63386516273022 1.88041735688845 1.97838460482084 1.85624719124574 1.89299029111862 2.1533878491475 2.45343056091895 6.24751131328536 29.0682649612427 -9999 -9999 -9999 -9999 17.548882484436 31.1851767263105 65.5765022277832 38.8188152313232 51.8236574445452 46.0923742956045 -9999 -9999 -9999 -9999 -9999 -9999
-9999 -9999 -9999 -9999 -9999 -9999 -9999 -9999 -9999 -9999 4.26946855442865 4.02636329027323 3.90176780407245 3.41161493744169 3.1517676115036 3.14468528330326 2.75939135625958 2.2685710452497 2.04533979669213 1.98286739364266 2.10417121276259 1.81358488542693 1.56008799586977 1.69686015588897 1.63880850672722 1.72649998324258 1.71990756690502 1.71926029878003 1.73934029255595 1.68672669678926 1.7105586156249 1.6206538528204 1.73707322338048 1.61999311298132 1.44055396318436 0.663801744580269 0.679391418512051 1.52012611739337 2.09820307791233 2.10308235883713 2.03380557665458 2.01616233587265 2.25730200455739 3.09091272354126 14.1409559643384 -9999 -9999 -9999 -9999 -9999 -9999 -9999 9.98205143067895 18.1756343160357 21.909973178591 19.2652374540056 10.8786277770996 -9999 -9999 -9999 -9999 -9999
-9999 -9999 -9999 -9999 -9999 -9999 -9999 -9999 -9999 4.3704868555069 4.43151587247849 3.98588822569166 3.57653525897435 3.4281747681754 2.99547736133848 38.7546745300293 3.03757131099701 2.66103930473328 2.27648770809174 2.02977694483364 1.76513819133534 1.59190323598245 1.44482041281812 1.35771574342952 1.57884785036246 1.64244547113776 1.68535889312625 1.75276763364673 1.68020555377007 1.78817272558808 1.71577195034308 1.65448540449142 1.57412345409393 1.57749061658978 1.45937229506671 1.53474509529769 1.49344689957798 1.18052114202426 1.50164850801229 1.61176329851151 1.97243730723858 2.2372730076313 2.46056866645813 2.76700982451439 24.631330330395 33.0447750091553 -9999 -9999 -9999 25.2176933946281 22.7356414578178 17.5935296903957 19.9337887547233 27.4058675115759 13.6384410297169 14.9194167455037 14.4750299146098 -9999 -9999 -9999 -9999 -9999
-9999 -9999 -9999 -9999 -9999 -9999 -9999 -9999 -9999 -9999 4.75581290040697 4.09782150813511 3.70298049279622 3.58473288161414 3.06471945717931 3.27836076652302 3.2140115219004 2.53452390432358 2.34624189839644 1.64566126816413 1.67813222408295 1.48544378876686 1.41350721120834 1.37473856806755 1.68787948290507 1.71032223956926 1.77244667070253 1.5701128654182 1.58737640976906 1.80691962382373 1.83888094214832 1.65171321630478 1.81269443035126 1.627212356776 1.47794177569449 1.45066958293319 1.48082869313657 1.74930214881897 1.76712228357792 1.88855004310608 1.93774600327015 2.12120287120342 2.5812104344368 28.860924979051 8.95184222008418 -9999 -9999 -9999 -9999 -9999 23.0922115932811 22.9297910928726 30.6510312990709 27.8672122738578 36.6385185241699 -9999 -9999 -9999 -9999 -9999 -9999 -9999
-9999 -9999 -9999 -9999 -9999 -9999 -9999 -9999 -9999 3.67937564849854 5.49033218622208 3.80951098884855 3.12180944681168 3.50441285542079 3.90501637969698 3.3412734410342 3.45106048583984 3.22648413181305 2.24555955564275 1.77649925035589 1.68412560224533 1.70613376498222 1.62293386459351 1.92339969674746 1.87445012728373 2.07471087574959 2.00187414884567 1.84150513013204 1.55347053520381 1.71068767309189 1.73104568719864 1.68825421333313 1.85203471604516 1.49478070735931 1.67359935119748 1.39401765726507 1.57401995658874 1.60276176035404 1.74532277882099 1.92387369275093 2.04176643490791 2.30906760692596 2.540674247912 6.14813410888598 3.86466658115387 -9999 -9999 -9999 -9999 -9999 43.3195847868919 14.9152034819126 17.0655221939087 -9999 -9999 -9999 -9999 -9999 -9999 -9999 -9999 -9999
-9999 -9999 -9999 -9999 -9999 -9999 -9999 -9999 -9999 5.00797787079444 4.47324445614448 3.63293930143118 3.64804640183082 2.38953930139542 2.36564974142955 2.34820366364259 1.94587275156608 1.84327135177759 1.898317221333 1.7265820573358 1.6971587398473 1.44945567495683 1.2865478922339 1.36288165301085 1.4085274413228 1.33521616458893 1.92742208172293 1.77583701820935 1.69678675427156 1.83865241794025 1.95401614203173 1.67964047193527 1.72591985464096 1.26476240158081 1.29213942800249 1.63777823448181 1.59537763595581 1.77542339265347 1.82659524679184 2.020442917943 2.16276907920837 2.49997057020664 3.390387164919 11.086568015293 3.86466693878174 -9999 -9999 -9999 -9999 12.1949715614319 -9999 -9999 -9999 -9999 -9999 -9999 -9999 -9999 -9999 -9999 -9999 -9999
-9999 -9999 -9999 -9999 -9999 -9999 -9999 -9999 -9999 4.68376711383462 4.00742537900805 3.6290386063712 3.22436865476462 2.30799570679665 2.26014003157616 2.42507866024971 2.33793834081063 1.74532148241997 1.79114903211594 1.78623710870743 1.46830499873442 1.35995536166079 1.2423545345664 1.34624795615673 1.99305927052217 1.30258613079786 1.3058926910162 1.8181421546375 1.86919036682914 2.02626321946873 1.55450778603554 1.72882862091064 1.78487904071808 1.79765961170197 1.80061405897141 1.77154741287231 1.7127148789518 1.82778476178646 1.79855659604073 1.93861271440983 2.32372961938381 2.90325999259949 4.62537018149646 -9999 -9999 -9999 -9999 -9999 -9999 -9999 -9999 -9999 -9999 -9999 -9999 -9999 -9999 -9999 -9999 -9999 -9999 -9999
-9999 -9999 -9999 -9999 -9999 -9999 -9999 -9999 -9999 3.28586771207697 3.44709332172687 3.39144584765801 3.08522467429821 2.27726095914841 2.21963900327682 2.55202713379493 2.4267667898765 2.21055034490732 1.95352816581726 1.85663536787033 1.74024657011032 1.68891154141987 1.42565269768238 1.4093694537878 1.33100064843893 1.24080808460712 1.26038677990437 1.47224881500006 1.73838691711426 1.68384442329407 1.69994745254517 1.49502006631631 1.66246694326401 1.65909260937146 1.6037905556815 3.92054198496044 1.92812640877331 2.04188250092899 2.2524726601208 2.73814144730568 2.84066493170602 5.28407402599559 8.05581010536975 -9999 -9999 -9999 -9999 -9999 -9999 -9999 -9999 -9999 -9999 -9999 -9999 -9999 -9999 -9999 -9999 -9999 -9999 -9999
-9999 -9999 -9999 -9999 -9999 -9999 -9999 3.28386068344116 3.70606126785278 2.96097536087036 3.6128490796456 3.38118597177359 3.09406165893261 1.98335006833076 2.55403309602004 2.42619693737764 2.37946474093657 1.80618286984307 1.4077114207404 1.60196697887252 1.40193281854902 1.42848933488131 2.04981773741105 2.03964884666836 1.23209528625011 1.18032299727201 1.3355955183506 1.35386270284653 1.70265098810196 1.68965554237366 1.82480038404465 1.71050404225077 1.82058671542576 1.78227890815054 1.76751658495735 1.94380320310593 2.06199345588684 2.17668308615684 2.5186817497015 2.76049138605595 12.2810741443078 5.69786846637726 3.25656187534332 -9999 -9999 -9999 -9999 -9999 -9999 -9999 -9999 -9999 -9999 -9999 -9999 -9999 -9999 -9999 -9999 -9999 -9999 -9999
-9999 -9999 -9999 -9999 -9999 -9999 4.17628016074498 3.12957262992859 3.34242212071138 2.94895105361938 2.88180499076843 3.09715381952433 2.80625337362289 2.14357072114944 1.85419917106628 2.27006347362812 1.87429327624185 1.5788015638079 1.42713896717344 1.1418576836586 1.08899223804474 1.31515308788845 1.82144103012979 2.05361622396637 1.20253200083971 1.2088625729084 3.82279531044119 1.61934078335762 1.7370098233223 1.81883823871613 1.87674107551575 1.86161411660058 1.85642313531467 1.91483237487929 1.9828034724508 2.6895786208265 2.81698663532734 2.55625931918621 2.47834977507591 -9999 -9999 -9999 -9999 -9999 -9999 -9999 -9999 -9999 -9999 -9999 -9999 -9999 -9999 -9999 -9999 -9999 -9999 -9999 -9999 -9999 -9999 -9999
-9999 -9999 -9999 -9999 4.69130712418468 3.3407812833786 3.28514524067149 3.6446756475112 3.30142106459691 2.40752148628235 2.51626417040825 2.85005661845207 2.80485075712204 2.21297732266513 2.14425070719285 2.13945249535821 2.00192640586333 1.50992868496821 1.37447188909237 1.20869399607182 1.2579048871994 1.34940453618765 1.25559434294701 2.2261550500989 1.2716200117554 3.3650640512214 7.42720783458037 1.91767727136612 1.93362372120221 1.91105642914772 2.25162781987871 2.12267593400819 2.08655191745077 2.23479080200195 2.39659226366452 2.85662049756331 5.82178419828415 7.28636568784714 -9999 -9999 -9999 -9999 -9999 -9999 -9999 -9999 -9999 -9999 -9999 -9999 -9999 -9999 -9999 -9999 -9999 -9999 -9999 -9999 -9999 -9999 -9999 -9999
-9999 -9999 -9999 -9999 3.17072186750524 4.20724239183027 2.85717220231891 3.10511165857315 3.1378425019128 3.09046350992643 2.40705370903015 2.69844448566437 2.43339616060257 2.35398826003075 2.2491509776849 1.75689285993576 1.61090844869614 1.46079184000309 1.32557212389432 1.25968839113529 1.31699506594585 1.30008901999547 1.28597119221321 1.33574438095093 1.17143216729164 1.41740794135974 1.50222418399958 1.60215165093541 1.67415034398437 2.12064032256603 2.1627069073064 2.25749512655394 2.32870294792312 2.40099394747189 2.62080059682622 2.54505643423866 8.00260448455811 -9999 -9999 -9999 -9999 -9999 -9999 -9999 -9999 -9999 -9999 -9999 -9999 -9999 -9999 -9999 -9999 -9999 -9999 -9999 -9999 -9999 -9999 -9999 -9999 -9999
-9999 28.1921397374329 4.69135510367016 4.23925184926321 4.12049908497754 2.77025185525417 2.95712092146277 3.1297595500946 3.27191838851342 2.91732059075282 2.72077541425824 2.38134601482978 1.74396711587906 1.63723244575354 1.68682618439198 1.75568233430386 1.45999221159862 1.28645196098548 1.12011802884249 1.13029127625319 1.19984691876632 1.25169702447378 1.29982342628332 1.32954321687038 1.40044573407907 1.29651653766632 1.65175344393804 1.82240213826299 1.91877931728959 2.34719623625278 2.47015719115734 2.58797563612461 2.46926499264581 2.39853406324983 16.8401300907135 14.0097000815652 -9999 -9999 -9999 -9999 -9999 -9999 -9999 -9999 -9999 -9999 -9999 -9999 -9999 -9999 -9999 -9999 -9999 -9999 -9999 -9999 -9999 -9999 -9999 -9999 -9999 -9999
20.7576104572841 5.17387756487218 6.3243169601147 3.13098239472934 3.28481890605046 3.28095327890836 3.51962801126333 3.78895519329951 3.71618717908859 3.10488534718752 2.52354065730022 2.15928573791797 1.80493927001953 1.62155857223731 2.00590272133167 1.55494741751597 1.25616317070447 1.47437831934761 1.45478508752935 1.11849322915077 1.26842894003941 1.35561184011973 1.36046647337767 1.40875653807934 2.25991993770003 1.47459302544594 1.8273359388113 1.98599753156304 2.51171893307141 2.75994211435318 3.05299401283264 2.79984538257122 6.36028872728348 -9999 -9999 -9999 -9999 -9999 -9999 -9999 -9999 -9999 -9999 -9999 -9999 -9999 -9999 -9999 -9999 -9999 -9999 -9999 -9999 -9999 -9999 -9999 -9999 -9999 -9999 -9999 -9999 -9999
25.4647181250832 2.7436629931132 3.64669060707092 3.51716538575979 3.51975667476654 3.49436517862173 3.46074725114382 3.31832222755139 3.33065572008491 2.76208765804768 2.45228992139592 2.12827261856624 1.68132031815393 1.69565332787377 1.71915788159651 1.3107186624637 1.1295668734954 1.05339909058351 1.06497188714834 1.16959391878201 1.29682545937025 1.40902968324148 1.52235347491044 1.57829688604061 2.15591467916965 2.13415231154515 2.18120010082538 2.34328995301173 2.96765072005136 2.85741613166673 4.01942447572947 3.22117715615493 3.27693425692045 22.1986984955637 10.3681213855743 5.32994618560329 -9999 -9999 -9999 -9999 -9999 -9999 -9999 -9999 -9999 -9999 -9999 -9999 -9999 -9999 -9999 -9999 -9999 -9999 -9999 -9999 -9999 -9999 -9999 -9999 -9999 -9999
3.85630249977112 3.70196902751923 3.5263164639473 3.45726082154683 3.40880776303155 3.26580114024026 3.10776937007904 2.59750148424735 2.53723327930157 2.22215123687472 1.96290388277599 2.0375487558982 1.60491483552115 1.65922814958236 1.33835965853471 1.24854372327144 1.07044428816208 1.09399449596038 1.16751671983646 1.15995903198536 1.47200529915946 1.63166543841362 1.87145133529391 1.9676118355531 2.19695806503296 2.34077467368199 2.50545472823657 2.68547932918255 3.83009704202414 4.26372715830803 6.85142286300659 -9999 -9999 -9999 -9999 -9999 -9999 -9999 -9999 -9999 -9999 -9999 -9999 -9999 -9999 -9999 -9999 -9999 -9999 -9999 -9999 -9999 -9999 -9999 -9999 -9999 -9999 -9999 -9999 -9999 -9999 -9999
3.96583437919617 3.94200831651688 4.30300110578537 3.37650575637817 3.75977517025811 3.32826905250549 3.43006137013435 2.69118244831379 2.70077057526662 2.48171730224903 1.99100880324841 1.78437561648233 1.34728463782984 1.24714254456408 0.978501984051296 1.10803573635908 1.14090763147061 1.18570714501234 1.19863948455224 1.45915977771466 1.6879009283506 1.90110848500178 2.07505277945445 2.35759046673775 2.44243973493576 2.74440494408974 2.87697184544343 3.66276963551839 4.16334569454193 4.31045281887054 4.48890340328217 6.52023878613034 -9999 -9999 -9999 -9999 -9999 -9999 21.322878695246 12.6942715644836 -9999 -9999 -9999 -9999 -9999 -9999 -9999 -9999 -9999 -9999 -9999 -9999 -9999 -9999 -9999 -9999 -9999 -9999 -9999 -9999 -9999 -9999
3.54609604982229 3.71585149031419 3.61833304166794 3.71046630541484 3.69770803302526 3.62068479312094 3.76769357919693 2.64388336454119 2.6814300601299 2.09429088234901 1.72978349832388 1.29072345004362 1.16114798889441 1.30847943179748 0.971185288258961 1.2480595776668 1.3074812568151 1.29251312751036 1.5745085477829 1.91606672452046 2.10310524702072 1.90561691778047 2.35541327297688 2.49727736413479 2.66359908878803 3.25155560786907 3.28292005509138 6.57217463038184 6.84174374016848 3.8816526979208 8.09165247172525 3.42093944549561 -9999 -9999 -9999 -9999 -9999 -9999 -9999 -9999 -9999 -9999 -9999 -9999 -9999 -9999 -9999 -9999 -9999 -9999 -9999 -9999 -9999 -9999 -9999 -9999 -9999 -9999 -9999 -9999 -9999 -9999
-9999 -9999 -9999 -9999 -9999 3.95068412078054 3.44757848126548 3.14456952535189 1.86687065873827 1.9207255584853 1.65784143550055 0.964612407343728 0.988586770636695 1.06020074231284 1.10134705475398 1.34074403230961 1.44840556383133 1.60061844954124 1.73948558477255 2.09584647417068 2.71136700648528 2.64634653925896 2.89083172380924 7.91324710144716 4.20906847715378 7.01849781925028 -9999 -9999 -9999 -9999 -9999 -9999 -9999 -9999 -9999 -9999 -9999 -9999 -9999 -9999 -9999 -9999 -9999 -9999 -9999 -9999 -9999 -9999 -9999 -9999 -9999 -9999 -9999 -9999 -9999 -9999 -9999 -9999 -9999 -9999 -9999 -9999
-9999 -9999 -9999 -9999 -9999 -9999 3.03285141661763 2.19179093379241 2.01785117158523 1.84494405984879 1.02558684774808 1.04532356347357 1.15519722870418 1.2252785222871 1.39774540492467 1.62150072199958 2.82113412022591 1.82319201872899 2.08565326837393 2.20819562673569 3.03396865037771 3.30526162683964 2.91609947383404 3.35586275705477 -9999 -9999 -9999 -9999 -9999 -9999 -9999 -9999 -9999 -9999 -9999 -9999 -9999 -9999 -9999 -9999 -9999 -9999 -9999 -9999 -9999 -9999 -9999 -9999 -9999 -9999 -9999 -9999 -9999 -9999 -9999 -9999 -9999 -9999 -9999 -9999 -9999 -9999
