EcologicalScience/Bass/data/rs_data_bass/chl_113.asc
NCOLS 226 
NROWS 124 
XLLCORNER -9.41648524995501 
YLLCORNER 47.587301625531 
CELLSIZE 0.0833 
NODATA_value -9999 
[rows 81 to 107 of 124, columns 62 to 123 of 226]
3.85158455371857 5.97498106956482 7.6620512008667 7.66205191612244 -9999 -9999 -9999 -9999 -9999 -9999 -9999 -9999 -9999 -9999 -9999 -9999 -9999 -9999 -9999 -9999 -9999 -9999 -9999 -9999 -9999 -9999 -9999 -9999 -9999 -9999 -9999 -9999 -9999 -9999 -9999 -9999 -9999 -9999 -9999 -9999 -9999 -9999 -9999 -9999 -9999 -9999 -9999 -9999 -9999 -9999 -9999 -9999 -9999 -9999 -9999 -9999 -9999 -9999 -9999 -9999 -9999 -9999
2.8633566967492 -9999 -9999 -9999 -9999 -9999 -9999 -9999 -9999 -9999 -9999 -9999 -9999 -9999 -9999 -9999 -9999 -9999 -9999 -9999 -9999 -9999 -9999 -9999 -9999 -9999 -9999 -9999 -9999 -9999 -9999 -9999 -9999 -9999 -9999 -9999 -9999 -9999 -9999 -9999 -9999 -9999 -9999 -9999 -9999 -9999 -9999 -9999 -9999 -9999 -9999 -9999 -9999 -9999 -9999 -9999 -9999 -9999 -9999 -9999 -9999 -9999
-9999 -9999 -9999 -9999 -9999 -9999 -9999 -9999 -9999 -9999 -9999 -9999 -9999 -9999 -9999 -9999 -9999 -9999 -9999 -9999 -9999 -9999 -9999 -9999 -9999 -9999 -9999 -9999 -9999 -9999 -9999 -9999 -9999 -9999 -9999 -9999 -9999 -9999 -9999 -9999 -9999 -9999 -9999 -9999 -9999 -9999 -9999 -9999 -9999 -9999 -9999 -9999 -9999 -9999 -9999 -9999 -9999 -9999 -9999 -9999 -9999 -9999
-9999 -9999 -9999 -9999 -9999 -9999 -9999 -9999 -9999 -9999 -9999 -9999 -9999 -9999 -9999 -9999 -9999 -9999 -9999 -9999 -9999 -9999 -9999 -9999 -9999 -9999 -9999 -9999 -9999 -9999 -9999 -9999 -9999 -9999 -9999 -9999 -9999 -9999 -9999 -9999 -9999 -9999 -9999 -9999 -9999 -9999 -9999 -9999 -9999 -9999 -9999 -9999 -9999 -9999 -9999 -9999 -9999 3.40226785796029 1.8900443315506 1.74817657470703 2.04182249307632 1.71898949146271
-9999 -9999 -9999 -9999 -9999 -9999 -9999 -9999 -9999 -9999 -9999 -9999 -9999 -9999 -9999 -9999 -9999 -9999 -9999 -9999 -9999 -9999 -9999 -9999 -9999 -9999 -9999 -9999 -9999 -9999 -9999 -9999 -9999 -9999 -9999 -9999 37.1749906539917 -9999 4.57187837362289 3.6259668469429 -9999 -9999 1.31514390309652 4.99783873558044 3.13108420372009 4.20272040367126 4.36999440193176 3.26151895523071 1.4121929705143 1.75194668769836 2.14719450473785 1.57421922683716 -9999 -9999 -9999 3.89586818218231 2.26297795772552 1.37145146727562 1.25378850102425 1.06446379423141 0.751482009887695 0.750693708658218
-9999 -9999 -9999 -9999 -9999 -9999 -9999 -9999 -9999 -9999 -9999 -9999 -9999 3.56497693061829 2.70346752405167 1.4191882610321 1.3569667339325 1.1712264418602 1.12509450316429 -9999 -9999 -9999 -9999 -9999 -9999 -9999 -9999 -9999 2.01804578304291 2.39984768629074 3.20254039764404 3.13691643476486 -9999 3.66949796676636 -9999 -9999 -9999 -9999 2.63280004262924 2.21710503101349 1.90602672100067 2.1472020149231 1.29630070924759 1.59524327516556 1.97582477331161 1.85206800699234 1.50174379348755 1.27800902724266 1.20740175247192 1.06209746003151 1.20351603627205 1.23867076635361 1.79566723108292 2.27251356840134 1.71022868156433 1.53469347953796 1.28067746758461 0.785719513893127 0.654358506202698 0.582609012722969 0.600166484713554 0.682463228702545
-9999 -9999 -9999 -9999 -9999 -9999 -9999 -9999 -9999 -9999 1.65486579537392 2.66547077894211 0.865919262170792 0.989240974187851 1.06620973348618 0.853444486856461 0.932973772287369 0.959729969501495 0.967688262462616 1.13068590313196 5.56164190446238 -9999 1.07267137616873 1.49587391316891 1.31619729101658 -9999 -9999 1.97349418912615 1.8397604227066 1.888148188591 1.75744807720184 2.02389299869537 1.9145513176918 1.80745312571526 -9999 -9999 2.66577254022871 2.16377621889114 1.73059058189392 1.84936058521271 1.53149843215942 1.26853421330452 1.0563742518425 1.03089299798012 1.02398326992989 1.02326104044914 0.898816466331482 0.742763265967369 0.685032740235329 0.702489763498306 0.681842252612114 0.709766238927841 0.697365000844002 0.809811741113663 0.818067044019699 0.813149213790894 0.762848228216171 0.536907747387886 0.483210772275925 0.460563004016876 0.535886988043785 0.54313950240612
-9999 -9999 -9999 -9999 -9999 -9999 -9999 -9999 -9999 1.77914625406265 1.64050430059433 1.08297827839851 0.678735002875328 0.742135494947433 0.831035971641541 0.795635998249054 0.824059456586838 0.860860526561737 0.924420744180679 1.02315679192543 1.24202254414558 1.24005603790283 1.50040054321289 1.70575493574142 1.59334874153137 1.80875766277313 1.64260804653168 1.49464353919029 1.47843074798584 1.4762444794178 1.3729852437973 1.56088274717331 1.8226552605629 2.11385768651962 2.08920443058014 2.08059829473495 2.04732817411423 1.79297018051147 1.32749399542809 1.17273151874542 1.13662576675415 1.11946499347687 1.04184973239899 0.930123031139374 0.71788501739502 0.609822750091553 0.596402227878571 0.573588743805885 0.546420738101006 0.557270988821983 0.586053013801575 0.605626478791237 0.601687520742416 0.649193242192268 0.746892750263214 0.785841733217239 0.744104236364365 0.688128769397736 0.639625489711761 0.603418484330177 0.57855150103569 0.579150751233101
-9999 -9999 -9999 -9999 -9999 -9999 -9999 -9999 -9999 0.701718762516975 0.61565101146698 0.576401978731155 0.617784753441811 0.710274741053581 0.724797740578651 0.741047993302345 0.899949789047241 0.894432038068771 0.878962486982346 0.906373500823975 1.10317200422287 1.2642374932766 1.37533047795296 1.44417750835419 1.56202358007431 1.45539450645447 1.40926578640938 1.30888795852661 1.26689851284027 1.2203114926815 1.14279153943062 1.10967671871185 1.21011453866959 1.42377671599388 1.78917896747589 1.59596103429794 1.48409324884415 1.3965300321579 1.0915185213089 0.99798971414566 0.939677238464355 0.86441096663475 0.691881760954857 0.65930999815464 0.63790574669838 0.664047002792358 0.719790771603584 0.685926005244255 0.649176746606827 0.579543739557266 0.612971261143684 0.617937013506889 0.583234503865242 0.621620267629623 0.668472021818161 0.73886775970459 0.775956004858017 0.797706753015518 0.723126769065857 0.774830996990204 0.711759746074677 0.628228515386581
-9999 -9999 -9999 -9999 -9999 -9999 -9999 -9999 -9999 0.475316986441612 0.523706987500191 0.594290256500244 0.723299995064735 0.718445241451263 0.661603510379791 0.695313021540642 0.814580976963043 0.950951278209686 0.892107725143433 0.857149511575699 0.938866496086121 1.00674453377724 1.07884275913239 1.11532947421074 1.28337523341179 1.19931453466415 1.25809425115585 1.18068525195122 1.11789447069168 1.15611827373505 1.16851571202278 1.14425548911095 1.15454399585724 1.22038346529007 1.20733273029327 1.1468819975853 1.10260874032974 1.00799623131752 0.775873482227325 0.706002742052078 0.644091010093689 0.600353255867958 0.577780500054359 0.569196000695229 0.605606228113174 0.613602742552757 0.637982994318008 0.595166981220245 0.503765255212784 0.48513226211071 0.554943010210991 0.571888491511345 0.565852493047714 0.59333248436451 0.622233733534813 0.663451507687569 1.04150095582008 1.17291077971458 1.11523121595383 1.09849879145622 0.907311022281647 0.889921456575394
0.549459010362625 0.616826266050339 2.72175066173077 6.08858099579811 -9999 -9999 -9999 1.87974444031715 2.83123201131821 1.7683237195015 0.554387256503105 0.551732987165451 0.705852761864662 0.719751745462418 0.688509732484818 0.744210764765739 0.810573756694794 0.953944534063339 1.00306123495102 1.06220474839211 1.20136275887489 1.12294122576714 1.0927012860775 1.09997847676277 1.37322601675987 1.2937687933445 1.15059301257133 1.11091500520706 1.06772553920746 1.03135952353477 0.997792482376099 0.854008466005325 0.926384210586548 0.94684499502182 0.945975780487061 0.895560711622238 0.86135396361351 0.810432761907578 0.637174487113953 0.569865748286247 0.55384424328804 0.53593048453331 0.564575269818306 0.55730701982975 0.579653263092041 0.595783486962318 0.589968770742416 0.561528772115707 0.503019019961357 0.475974753499031 0.542757734656334 0.601629003882408 0.5910374969244 0.598007261753082 0.66184951364994 0.728479519486427 0.964919239282608 1.1807122528553 1.28736752271652 1.24700322747231 1.36489427089691 0.995885968208313
0.396892502903938 0.490642502903938 0.877986788749695 1.11503854393959 1.11130651831627 1.21566823124886 1.11982199549675 1.07277971506119 1.0778497159481 0.881032526493073 0.512295752763748 0.572254478931427 0.735222771763802 0.869526743888855 0.696060016751289 0.81930747628212 0.916268974542618 0.954525768756866 1.00147345662117 1.04266351461411 1.04735326766968 1.04567849636078 1.05926620960236 1.0153049826622 1.21114727854729 0.969938278198242 1.14673054218292 1.17214795947075 1.43499827384949 1.31228023767471 1.09967771172523 0.725137487053871 0.704312235116959 0.667984485626221 0.665864244103432 0.63246975839138 0.611990243196487 0.574276506900787 0.559927493333817 0.572271734476089 0.577938750386238 0.58254075050354 0.555506229400635 0.543661504983902 0.540100514888763 0.522647246718407 0.504051759839058 0.493191003799438 0.510481506586075 0.544196248054504 0.589727997779846 0.635643750429153 0.657058507204056 0.732715487480164 0.8308424949646 0.928915500640869 1.13622602820396 1.21221971511841 1.15476751327515 1.12883627414703 1.09921199083328 1.19547522068024
0.29789549857378 0.304992757737637 0.317835755646229 0.458978980779648 0.581976011395454 0.718148991465569 0.740309983491898 0.586202993988991 0.572090238332748 0.556235253810883 0.611955732107162 0.710369244217873 0.823599725961685 0.796261489391327 0.707523733377457 0.808890044689178 0.860127747058868 0.883962750434875 0.881615996360779 0.865626007318497 0.843547493219376 0.871499240398407 0.875729978084564 0.898364245891571 0.822272211313248 0.943511992692947 1.149733543396 1.15199026465416 1.16235753893852 1.13232377171516 0.906529515981674 0.801433503627777 0.692555263638496 0.630851268768311 0.61914449930191 0.628542020916939 0.610140770673752 0.621079489588737 0.599504247307777 0.600168764591217 0.602606981992722 0.611331760883331 0.577451258897781 0.590867266058922 0.550843521952629 0.52096500992775 0.571340247988701 0.588498741388321 0.58475250005722 0.580596730113029 0.646821767091751 0.717634499073029 0.800856739282608 0.857143521308899 0.915261715650558 1.01157528162003 1.17667722702026 1.2692032456398 1.24873048067093 1.34019523859024 1.42505398392677 1.68415278196335
0.284603253006935 0.287629500031471 0.306262493133545 0.319776758551598 0.332774251699448 0.379893019795418 0.428076758980751 0.484709233045578 0.517088994383812 0.523265987634659 0.640690505504608 0.750133484601974 0.765887260437012 0.744679480791092 0.744725257158279 0.747089266777039 0.798114717006683 0.81680703163147 1.24964770674706 1.10031974315643 0.742566749453545 0.672215268015862 0.637339487671852 0.635558232665062 0.632330998778343 0.639329239726067 0.75067725777626 0.823798477649689 0.934060513973236 1.01716196537018 0.968504279851913 0.905283004045486 0.740440517663956 0.680608481168747 0.653252989053726 0.650227501988411 0.637622997164726 0.649797007441521 0.657563254237175 0.66627448797226 0.658772259950638 0.657280504703522 0.665605500340462 0.64698600769043 0.636446982622147 0.648149237036705 0.661294519901276 0.629019767045975 0.639434248209 0.690758228302002 0.80247375369072 0.916569739580154 1.00291049480438 1.17296996712685 1.28136304020882 1.5660914182663 2.02963721752167 2.16334497928619 2.16281855106354 2.11225193738937 3.0329647064209 5.96413564682007
0.263350501656532 0.278959505259991 0.321044996380806 0.34366650134325 0.343544997274876 0.396854236721992 0.441105768084526 0.452124014496803 0.479661762714386 0.533158510923386 0.594369739294052 0.693092241883278 0.68682450056076 0.65898223221302 0.603459745645523 0.592750489711761 0.643799230456352 0.712438479065895 0.663292497396469 0.600911244750023 0.593526765704155 0.611787736415863 0.665641486644745 0.676154270768166 0.741396769881248 0.816911995410919 0.792335271835327 0.824448734521866 0.89154902100563 0.889436960220337 0.85714727640152 0.829881012439728 0.843000769615173 0.768309026956558 0.751828461885452 0.739520251750946 0.740830510854721 0.750433534383774 0.756368279457092 0.769146770238876 0.78609824180603 0.824631035327911 0.85257151722908 0.852596282958984 0.8359454870224 0.832160979509354 0.824938505887985 0.781521767377853 0.710091009736061 0.788056522607803 0.921137988567352 1.0640287399292 1.1190622150898 1.32359701395035 1.61037755012512 1.98822820186615 2.77785444259644 3.44246935844421 4.22778153419495 8.40732192993164 31.2517490386963 23.0113849639893
0.300466507673264 0.356969252228737 0.391452759504318 0.498183757066727 0.532046243548393 0.565838992595673 0.600763499736786 0.568506002426147 0.598246514797211 0.583668753504753 0.569576248526573 0.603752240538597 0.678157478570938 0.779325753450394 0.9115229845047 0.491032496094704 0.477301508188248 0.557253018021584 0.559071019291878 0.565227761864662 0.568565994501114 0.548950508236885 0.638616755604744 0.668820753693581 0.75202801823616 1.00689527392387 0.863871037960052 0.878139764070511 0.842610776424408 0.90440770983696 0.909735023975372 0.932666212320328 0.908339291810989 0.824427008628845 0.785735964775085 0.898622989654541 0.92235079407692 0.917704492807388 0.92287802696228 0.917306989431381 0.942496508359909 1.00073173642159 1.11333221197128 1.14148351550102 1.10291102528572 1.10231852531433 1.01789250969887 0.899060994386673 0.850324541330338 1.01237922906876 1.12332147359848 1.2000727057457 1.24773001670837 1.78292030096054 2.27568072080612 3.31626605987549 7.52370929718018 11.7766449451447 23.1382484436035 28.7003917694092 41.4463300704956 3.26096037881715
0.463628232479095 0.572022020816803 0.56197951734066 0.586462497711182 0.611982733011246 0.67638748884201 0.670824006199837 0.658565998077393 0.700136259198189 0.69998998939991 0.703687503933907 0.903315782546997 0.980303227901459 0.96831750869751 1.03073850274086 0.810591012239456 0.914034783840179 0.749984264373779 0.475524008274078 0.467276260256767 0.527435258030891 0.551123231649399 0.617158502340317 0.642525002360344 0.810759723186493 0.833391040563583 0.94047224521637 1.02808570861816 0.876277506351471 0.912395238876343 0.905039995908737 0.948072016239166 1.0777822136879 1.08509624004364 1.19931676983833 1.28032350540161 1.41376420855522 1.274972230196 1.15518075227737 0.984486043453217 1.00406920909882 1.09571921825409 1.49224349856377 1.51652544736862 1.42545971274376 1.41909447312355 1.14086776971817 1.15406852960587 1.18731826543808 1.26953253149986 1.31633922457695 1.4145832657814 1.83338391780853 3.31287467479706 6.46442484855652 21.3740901947021 1.94611524578429 -9999 -9999 -9999 -9999 -9999
0.590867981314659 0.69318750500679 0.775045484304428 0.7642642557621 0.732271492481232 0.780212223529816 0.797481000423431 0.781570494174957 0.622102484107018 0.596862763166428 0.628161013126373 0.654955521225929 0.698972269892693 0.701707497239113 0.677435249090195 1.01572725176811 0.743565738201141 0.462032228708267 0.468158259987831 0.578529015183449 0.58237798511982 0.57989627122879 0.658168494701385 0.715526238083839 0.794619709253311 0.85972273349762 0.97436848282814 1.01963996887207 0.85606124997139 0.945356279611588 0.899831235408783 1.06441497802734 1.24318876862526 1.63249808549881 2.0484584569931 2.16481053829193 2.40712881088257 2.49314332008362 1.7903693318367 1.05003672838211 1.07361674308777 1.22458872199059 1.90417796373367 2.41528505086899 2.35601556301117 2.12292301654816 1.40931978821754 1.40681773424149 1.42671149969101 1.37307974696159 1.69820916652679 2.62972873449326 3.11573553085327 12.7913907491244 1.9151462199258 -9999 -9999 -9999 -9999 -9999 -9999 -9999
0.836813271045685 0.881056487560272 0.887671530246735 0.846581250429153 0.82956674695015 0.77259823679924 0.614415764808655 0.633450016379356 0.688946262001991 0.569696232676506 0.576189011335373 0.662237271666527 0.768923252820969 0.738797262310982 0.722968518733978 0.964611768722534 0.862582504749298 0.635900259017944 0.539346009492874 0.631862998008728 0.640569001436234 0.669173240661621 0.709582507610321 0.749593511223793 0.761950492858887 0.759984791278839 0.98027104139328 1.07756772637367 1.07378321886063 -9999 -9999 -9999 -9999 -9999 -9999 3.14426672458649 8.62608504295349 3.61694383621216 1.80742120742798 1.47263476252556 1.71818107366562 1.77645152807236 1.75565707683563 1.79135692119598 2.4254504442215 2.46438145637512 2.07983994483948 1.99657344818115 1.8790590763092 2.36162853240967 4.15764963626862 4.13829588890076 2.17738652229309 1.9762424826622 1.97624230384827 -9999 -9999 -9999 -9999 -9999 -9999 -9999
1.06005370616913 1.11798450350761 1.02183070778847 0.942749977111816 0.928834497928619 0.931136280298233 0.591234013438225 0.543845236301422 0.594807744026184 0.693306013941765 0.744678005576134 0.786384791135788 0.934057474136353 1.28146728873253 1.27164298295975 1.01477846503258 1.11890324950218 0.800699293613434 0.63602551817894 0.67230749130249 0.696979478001595 0.748506009578705 0.687610521912575 0.735702753067017 0.773810237646103 0.802080005407333 1.09761446714401 1.18815073370934 1.22565901279449 -9999 -9999 -9999 -9999 -9999 -9999 -9999 23.2109971046448 10.8373589515686 8.05544400215149 3.32707214355469 2.83869445323944 3.19062960147858 3.18060886859894 2.59121096134186 2.88354671001434 4.28816485404968 6.32480764389038 4.98218107223511 4.49593198299408 7.40651607513428 7.32455563545227 2.30532377958298 -9999 -9999 -9999 -9999 -9999 -9999 -9999 -9999 -9999 -9999
0.995087206363678 1.15293297171593 1.21103775501251 1.00843271613121 0.947084248065948 0.772020041942596 0.651441738009453 0.692119494080544 0.722574010491371 0.693582728505135 0.738878265023232 0.780331492424011 0.794441968202591 0.693899229168892 0.886855512857437 0.789979487657547 0.68556372821331 0.718030482530594 0.677685007452965 1.08054006807875 -9999 0.631575018167496 0.791869673877954 0.638718008995056 0.714704230427742 0.742499247193336 1.08874726295471 1.22166296839714 1.21064695715904 -9999 -9999 -9999 -9999 -9999 -9999 -9999 5.18436938524246 32.2549152374268 24.5912504196167 16.1871843338013 13.553412437439 10.044420003891 8.75512290000916 5.14559412002563 4.81102216243744 4.81270408630371 9.20154118537903 13.0228614807129 11.7917947769165 19.5994305610657 23.6202564239502 9.13534283638 3.87304023901621 -9999 -9999 -9999 -9999 -9999 -9999 -9999 -9999 -9999
1.47503328323364 1.33059453964233 1.23918521404266 0.787106215953827 0.749448001384735 0.689997017383575 0.712856993079185 0.764933288097382 0.734960228204727 0.6744105219841 0.757927536964417 0.908632457256317 0.748863771557808 0.525218233466148 0.4543087631464 0.458531990647316 0.487469986081123 0.560857504606247 0.573581993579865 0.611718758940697 0.574934989213943 0.548816978931427 0.50883449614048 0.686981230974197 0.786164224147797 0.83961296081543 0.992384254932404 1.06163021922112 1.0444567501545 1.14593696594238 -9999 -9999 -9999 -9999 -9999 -9999 -9999 33.0101537704468 31.6279030416323 8.56564007934771 45.3229465484619 24.8762111663818 13.3791074752808 3.59546613693237 3.9687967300415 6.6327953338623 21.9273934364319 37.2190017700195 25.14528465271 45.4007606506348 17.8305258750916 5.39802074432373 3.10762884241811 -9999 -9999 -9999 -9999 -9999 -9999 -9999 -9999 -9999
2.11005216836929 2.38445019721985 2.10972225666046 0.989389479160309 0.523451998829842 0.501045763492584 0.509665489196777 0.645518258213997 0.640728011727333 0.648475483059883 0.879013538360596 0.915237039327621 0.652683734893799 0.475680738687515 0.465340510010719 0.453248262405396 0.429153755307198 0.455747991800308 0.487946256995201 0.500750228762627 0.498786002397537 0.540233999490738 0.61666801571846 0.812280714511871 0.930685490369797 0.996020972728729 1.03680521249771 1.09110903739929 1.16821199655533 1.26101177930832 -9999 -9999 -9999 -9999 -9999 -9999 -9999 -9999 -9999 -9999 -9999 -9999 -9999 -9999 -9999 -9999 3.65490746498108 7.17710566520691 50.6010637283325 19.5346384048462 -9999 -9999 -9999 -9999 -9999 -9999 -9999 -9999 -9999 -9999 -9999 -9999
1.76252996921539 2.38526254892349 2.73988276720047 1.20780220627785 0.491646006703377 0.368616744875908 0.429219737648964 0.578583016991615 0.699173256754875 0.747197270393372 0.768375724554062 0.702890262007713 0.679030492901802 0.615243002772331 0.539599478244781 0.485069990158081 0.427675500512123 0.41050498187542 0.429384738206863 0.46628625690937 0.52311073243618 0.596989497542381 0.673272728919983 0.763374527295431 -9999 -9999 -9999 0.970790237188339 1.02416852116585 1.09142097830772 1.2291299700737 -9999 -9999 -9999 -9999 -9999 -9999 -9999 -9999 -9999 -9999 -9999 -9999 -9999 -9999 -9999 -9999 -9999 -9999 -9999 -9999 -9999 -9999 -9999 -9999 -9999 -9999 -9999 -9999 -9999 -9999 -9999
1.05275246500969 1.58119207620621 1.65180444717407 1.28258702158928 0.410727739334106 0.384793505072594 0.450271502137184 0.636525750160217 0.733915507793427 0.772586971521378 0.766161739826202 0.777131974697113 0.729741767048836 0.661025270819664 0.526836007833481 0.482193008065224 0.474885016679764 0.504816770553589 0.512558251619339 0.535343259572983 0.55671451985836 0.585207000374794 0.641332492232323 0.738874509930611 0.788969278335571 0.868729501962662 0.838120490312576 0.910200744867325 1.02945524454117 1.09030124545097 1.25451296567917 2.48836920146019 -9999 -9999 -9999 -9999 -9999 -9999 -9999 -9999 -9999 -9999 -9999 -9999 -9999 -9999 -9999 -9999 -9999 -9999 -9999 -9999 -9999 -9999 -9999 -9999 -9999 -9999 -9999 -9999 -9999 -9999
0.557064771652222 0.37788824737072 0.387686267495155 0.402627021074295 0.456940501928329 0.557885259389877 0.705368265509605 0.821204960346222 0.914470463991165 0.96069073677063 0.914797514677048 0.791139006614685 0.714131981134415 0.643703252077103 0.536186993122101 0.532051518559456 0.553743749856949 0.534001484513283 0.528197228908539 0.568446010351181 0.597045734524727 0.591369017958641 0.617550730705261 0.648001492023468 0.822085529565811 0.836921989917755 0.866845518350601 0.897997498512268 1.08922800421715 1.20573672652245 1.37359347939491 3.33829343318939 -9999 -9999 -9999 -9999 -9999 -9999 -9999 -9999 -9999 -9999 -9999 -9999 -9999 -9999 -9999 -9999 -9999 -9999 -9999 -9999 -9999 -9999 -9999 -9999 -9999 -9999 -9999 -9999 -9999 -9999
0.495382502675056 0.469878762960434 0.545877769589424 0.587739765644073 0.581418737769127 0.731984227895737 0.885619461536407 1.14852377772331 1.40699547529221 1.26829129457474 1.1875507235527 0.843510746955872 0.781180500984192 0.789865493774414 0.73342801630497 0.672936022281647 0.61107824742794 0.554475009441376 0.542658001184464 0.55783948302269 0.600354015827179 0.616281732916832 0.687989249825478 0.806723266839981 1.33268621563911 1.37974128127098 0.980088025331497 1.09352400898933 1.17072978615761 1.26966673135757 1.62501293420792 -9999 -9999 -9999 -9999 -9999 -9999 -9999 -9999 -9999 -9999 -9999 -9999 -9999 -9999 -9999 -9999 -9999 -9999 -9999 -9999 -9999 -9999 -9999 -9999 -9999 -9999 -9999 -9999 -9999 -9999 -9999
