EcologicalScience/Bass/data/rs_data_bass/chl_500.asc
NCOLS 226 
NROWS 124 
XLLCORNER -9.41648524995501 
YLLCORNER 47.587301625531 
CELLSIZE 0.0833 
NODATA_value -9999 
[rows 54 to 80 of 124, columns 124 to 185 of 226]
1.70427814126015 1.64830386638641 1.64518775045872 1.86263083494627 1.89703740064914 1.69278147816658 1.74865585565567 1.55873677134514 1.31909883767366 1.37115594973931 1.31749362670458 1.32991972336402 2.08809118611472 2.10504484176636 2.15466223444257 2.27536347934178 1.90690454611411 1.78476323989721 1.77919717476918 1.84627850697591 2.00300885949816 2.10184570721218 2.11945900746754 2.02494582763085 1.97915152403025 2.03311052492687 2.07784540312631 2.08946976491383 2.1854982651197 2.03944429525962 2.00853699445724 2.09896232073124 2.12418809762368 2.14818245172501 1.98650336265564 2.08684954734949 2.17937967868952 2.14077320007177 2.02230206557683 1.62918816804886 1.68578950166702 1.71235195398331 1.62575678101608 1.60274116056306 1.47414179359164 1.33351345360279 1.33764812988894 1.91223564973244 1.70798883071313 1.34590275585651 2.52245995402336 3.78197903633118 5.0678618515239 6.2421003818512 8.82372226715088 9.32169532775879 10.5756545066833 9.05493041447231 10.1289137772151 11.8199976171766 6.53587818145752 -9999
1.99534271657467 1.84042310714722 1.69855636358261 1.68015736341476 1.79679095745087 1.72449894249439 1.66687312722206 1.7461015433073 1.5315855294466 1.31235545873642 1.30082897096872 1.31967366486788 2.07689132860729 2.11506256035396 2.27250240530287 2.42989248888833 2.05176808283879 2.05176754639699 1.9470316859392 1.95233731544935 2.16846825984808 2.22366443505654 2.30586060455867 2.24009815087685 2.1493976849776 2.15656303442442 2.18300660298421 2.23572356425799 2.26445496082306 2.07884494747434 2.18164215638087 2.19628645365055 2.17426729202271 2.2014586191911 1.86925432511738 1.55081834793091 1.62527775764465 1.6577082318919 1.70217031666211 1.71926371540342 1.68331648196493 1.67974676830428 1.50416408135341 1.60730336721127 1.78275561332703 2.09237788273738 2.46968317948855 2.62385907081457 2.99159617148913 5.73543944725624 7.13813336078937 6.69698686599732 7.11551002895131 9.87660508155823 9.62938623428345 9.75814001900809 10.5720698833466 -9999 -9999 -9999 -9999 -9999
2.20579984784126 2.15802353620529 2.00833493471146 1.80307304859161 1.77687279880047 1.77686636264508 1.77116207434581 1.69968220820794 1.65605874703481 1.53687426447868 1.86627547557537 1.99490540302717 2.32867072309767 2.50281945296696 2.30048452432339 2.72668775686851 2.70970381681736 2.4495024726941 2.25366316850369 2.12696803533114 2.18075818281907 2.26717884723957 2.29132890701294 2.28633830639032 2.33903962832231 2.3463743695846 2.44119213636105 2.39965997292445 2.35140871084653 2.39472441948377 2.28139491264637 2.22168127848552 2.20403649715277 1.71422412565776 1.76202799379826 1.78281759790012 1.77196313227926 1.72197714022228 1.71329014216151 1.61378742967333 1.57415304013661 1.6865847153323 1.86501491986788 2.04008861688467 2.50913770382221 3.02444303952731 3.26090515576876 3.42522823810577 5.24193866550922 7.2698700428009 7.44017851352692 6.51764993667603 6.47080225693552 8.82390121409768 12.6968597684588 -9999 -9999 -9999 -9999 -9999 -9999 -9999
2.47272695600986 2.29632459580898 2.23797269165516 2.17575560510159 2.0102678835392 1.89584167301655 1.8020461499691 1.74856977164745 2.54955278910123 1.75490751862526 1.74527102708817 2.18768638372421 2.51888409682683 2.84525631155287 2.80459708826882 3.128019792693 3.01951003074646 2.6765517271482 2.40316843986511 2.26602721672792 2.20717708881085 2.18389556958125 2.1372622022262 2.26962764905049 2.38551672605368 2.30761112616612 2.2210871898211 2.40319812297821 2.30047587247995 2.27344417113524 2.08588722773961 1.69396577775478 1.66825808158943 1.6522887136255 1.77119282739503 1.85805009944098 1.80797367862293 1.80495665328843 1.76748360054834 1.89448476689202 1.61421953256314 1.68181443214417 1.84975379705429 2.47501039046508 3.0992536178002 3.63335474637838 4.11187722682953 6.65615272521973 6.8684124648571 6.82316507399082 5.95690342783928 6.56985155493021 6.85041819512844 10.0379914999008 -9999 -9999 -9999 -9999 -9999 -9999 -9999 -9999
3.22273343801498 2.8654277920723 2.86723181605339 2.77188414335251 2.74217237532139 2.60730519890785 2.23665954172611 1.98838406801224 2.28586585819721 2.2594381570816 2.72903910508523 2.46415168046951 2.174070252822 2.43940921013172 2.79528951644897 2.94747291161464 2.68940884791888 2.53423568377128 2.51134203947507 2.53396535836733 2.22729704013238 2.368740100127 2.36571775949918 2.20342161105229 2.0888465826328 1.85865454948865 1.73745685815811 1.70948289973395 1.76443650892803 1.67278780255999 1.51786542790277 1.50399758986064 1.57612565847544 1.72230493170874 1.66226727687396 1.62220882910949 1.85964495369366 1.73767103598668 1.75291288816012 1.64323939726903 1.67882283375813 1.80498111248016 2.2352565572812 3.06689500808716 3.57841232189765 3.764526954064 8.34400942746331 7.4800025499784 7.81751467631413 5.72594773769379 5.78231558799744 7.66895503997803 7.64212126731873 29.6270866394043 -9999 -9999 -9999 -9999 -9999 -9999 -9999 -9999
13.5133176541328 4.50422259477469 3.80324652791023 4.09554967284203 3.91021817922592 3.64360597729683 3.53242111206055 3.70732016746814 2.64929322898388 3.22653158811422 2.89410827251581 2.59353682169547 2.51690948009491 2.38251195045618 2.25623038640389 2.33929769809429 2.45086768957285 2.6921617434575 2.83267913873379 2.98208386557443 2.86673859908031 2.5582149212177 2.17988837682284 1.93593857838557 1.78469082025381 1.69124228679217 1.64184905015505 1.57969767706735 1.52918087584632 1.45498144626617 1.39779337814876 1.4512522816658 1.50801700582871 1.74547564131873 1.73776592527117 1.81570722506597 1.83533905561154 1.85159332477129 1.75668126803178 1.6850708264571 1.81170736367886 1.96233291809375 2.78157788515091 3.601001060926 4.34149258870345 4.80445842559521 8.23008911674087 7.21626725792885 8.35627706845601 9.32093723615011 16.9013511339823 19.1432660420736 20.6469723383586 20.9104714393616 -9999 -9999 -9999 -9999 -9999 -9999 -9999 -9999
-9999 -9999 -9999 -9999 -9999 2.28387522697449 4.20825550556183 4.10166554791587 2.91014187152569 2.65199063718319 3.41235915514139 3.08115409887754 2.84399317778074 2.62163203954697 2.3547527377422 2.43119112803386 2.60094754512493 3.00706854233375 3.09432169369289 3.0348436832428 2.8834878546851 2.37551208642813 1.89737187899076 1.7127164373031 1.6779215152447 1.64047784300951 1.68416733466662 1.55411543164934 1.36262828963143 1.37516271216529 1.58667172193527 1.63479933142662 1.77486087594713 1.9619300365448 1.86598321107718 1.84897297162276 1.87861986802175 1.88122719526291 1.89101044948284 1.91792153395139 1.99783370128045 2.17856082090965 3.16662974541004 3.90386644693521 4.40797093281379 5.12425212860107 -9999 -9999 -9999 -9999 29.5841754198074 26.9297732512156 32.6683752536774 18.1721043984095 28.4660425186157 -9999 -9999 -9999 -9999 -9999 -9999 -9999
-9999 -9999 -9999 -9999 -9999 -9999 -9999 -9999 4.54224209602063 4.39322420266958 3.95955686385815 3.80612091834729 3.29883772593278 3.12568960740016 3.05866150672619 2.88999612973287 3.1545170034681 3.11982357501984 2.8317459992 2.81911310127803 2.60556793212891 2.16331416826982 1.88281115660301 1.74853266988482 1.85397888932909 1.86396104948861 1.71111212457929 1.82662541525705 1.80107037510191 1.70196198565619 0.759725222220788 0.779808626725123 2.08611986270318 2.05335384607315 2.08416392711493 2.09248070074962 1.9626754293075 1.93652854057459 1.98368808856377 2.12279094182528 2.24846266783201 2.92282109994155 3.53857276989863 3.90040694750272 4.27421161761651 29.0682649612427 -9999 -9999 -9999 -9999 17.548882484436 24.3727154456652 18.4068994522095 22.5992815097173 26.6039999723434 27.1642541885376 68.2615928649902 -9999 -9999 -9999 -9999 -9999
-9999 -9999 -9999 -9999 -9999 -9999 -9999 -9999 -9999 4.3663316488266 4.30033572820517 3.97998046875 3.71043516122378 3.61886545327993 3.45712313285241 3.3126837015152 3.36251892493321 3.14970593793052 2.91265629019056 2.87676465511322 2.52858071667807 2.25588182892118 1.92306378058025 1.96967025314059 2.09695672988892 2.09131213596889 2.08496615716389 1.94332064049585 1.91658246517181 1.81370043754578 1.85752423320498 1.88469247176097 1.88030470793064 1.89806260970923 2.00960073104272 2.04440401609127 1.98061239260894 2.04616383405832 2.09630591594256 7.30414220690727 7.3396709561348 3.78848595802601 2.29380387067795 2.33409038186073 4.11868817072648 -9999 -9999 -9999 -9999 -9999 -9999 -9999 14.2139031887054 14.4629194736481 10.9402954918998 10.8447219984872 10.8786277770996 -9999 -9999 -9999 -9999 -9999
-9999 -9999 -9999 -9999 -9999 -9999 -9999 -9999 -9999 4.3704868555069 4.00949824773348 3.64500942597022 3.55299997329712 3.58220848670373 3.7133618422917 3.66544083186558 3.61177754402161 3.19373493535178 3.04407273020063 2.94986938578742 2.5262303352356 2.15439513751439 2.07886736209576 2.1056194122021 2.12601330647102 2.0903715628844 2.02201330661774 1.90853302819388 1.88386045052455 1.82678930117534 1.89901903042426 1.95950182584616 1.90963255900603 0.473908618092537 0.514540813863277 0.627502292394638 0.721340652555227 2.01174970315053 1.99748359735195 2.34766572255355 8.85992558300495 1.85357238352299 2.43822665512562 2.68028658628464 4.37556631565094 33.0447750091553 -9999 -9999 -9999 11.1221492886543 15.7077548778974 12.1336888790131 10.0478277683258 29.6533546447754 17.914642402104 17.3712016173771 17.9044068370547 -9999 -9999 -9999 -9999 -9999
-9999 -9999 -9999 -9999 -9999 -9999 -9999 -9999 -9999 4.97573053836823 3.93630678837116 3.81392229520358 3.91726393359048 3.97145216805594 4.0180903162275 4.1316454410553 3.95559203624725 3.56174285071237 3.2173318862915 2.84154436417988 2.54453697374889 2.24138052974428 2.11159288424712 2.05857621706449 2.02706159536655 2.01713003562047 1.90873804917702 1.86305096516242 1.92303273769525 1.92464735874763 0.871258474886417 0.871217377483845 1.78503770553149 0.497907288372517 0.426832126453519 0.361725376918912 2.10016649502974 7.20232582092285 11.1904888153076 9.65240156650543 7.10757640004158 5.13691136240959 2.40550042688847 2.64486148953438 4.38922398090363 -9999 -9999 -9999 -9999 11.7115531762441 11.162898927927 9.88197073569665 9.52170494886545 9.33154400495382 13.5225635290146 -9999 -9999 -9999 -9999 -9999 -9999 -9999
-9999 -9999 -9999 -9999 -9999 -9999 -9999 -9999 -9999 3.67937564849854 3.97640302181244 3.63561652256892 3.66642720882709 4.07000781808581 4.00254341534206 3.96903797558376 3.75894841126033 3.57128374917167 3.23837200232915 2.9091152378491 2.46878965411867 2.10535968201501 1.91421264410019 1.97061429023743 2.13633425419147 2.63196806265758 1.84701769627058 1.87120947471032 1.91491428246865 1.83001035910386 1.82272105033581 1.69635862112045 1.60638038470195 1.82549677903836 1.95361715555191 2.06494138791011 9.99346466362476 16.6248339563608 15.23975238204 8.01977498829365 5.47857923805714 5.26088935136795 2.14732395112514 4.10774312019348 3.86466658115387 -9999 -9999 -9999 -9999 -9999 11.1408247947693 9.41661262512207 9.28221458858914 9.35828330781725 -9999 -9999 -9999 -9999 -9999 -9999 -9999 -9999
-9999 -9999 -9999 -9999 -9999 -9999 -9999 -9999 -9999 4.75805534919103 2.94644713051179 2.09654412269592 3.85206322486584 3.94791861942836 3.89111152717045 3.54771156494434 3.51149360033182 3.46039519991194 3.20649182796478 2.89774673325675 2.51095185961042 2.11661203418459 0.733474456346952 0.72899775321667 0.732313651304979 1.90885506226466 1.85155100088853 1.88059944831408 1.7477604334171 1.58109855651855 1.56944021811852 1.76485990102475 2.02046395265139 2.06747679068492 2.05843624701867 8.06130658090115 15.4002672284842 11.7830264121294 6.19342875480652 5.3098076581955 4.9563219845295 5.16312530636787 4.0903750199538 4.34383084774017 3.86466693878174 -9999 -9999 -9999 -9999 12.1949715614319 -9999 -9999 -9999 -9999 -9999 -9999 -9999 -9999 -9999 -9999 -9999 -9999
-9999 -9999 -9999 -9999 -9999 -9999 -9999 -9999 -9999 4.18961880604426 3.54319577357348 4.02959508895874 4.03725753511701 3.84867698805673 3.79190177183885 3.70822345293485 3.397669672966 3.02768573590687 3.06225866930825 2.80677797964641 2.3512237071991 0.81790928198741 0.838243260979652 2.01365346633471 2.02377630197085 1.91397870045442 1.83365303277969 1.87657773036223 1.9008828493265 1.77166879177094 1.72510979725764 1.82389207528188 2.1174313380168 2.14239193384464 2.01208411271756 9.26545111835003 9.87787897884846 7.73450462520123 5.43829147517681 5.61628031730652 6.2997617572546 4.19331545096177 4.35375033892118 -9999 -9999 -9999 -9999 -9999 -9999 -9999 -9999 -9999 -9999 -9999 -9999 -9999 -9999 -9999 -9999 -9999 -9999 -9999
-9999 -9999 -9999 -9999 -9999 -9999 -9999 -9999 2.99433120814237 3.4332445789786 3.66487139463425 3.74804079532623 3.60085880756378 3.66028894696917 3.61253373439495 3.44702042066134 3.14559173583984 2.8128439102854 2.96913152933121 2.721286041396 1.19766280284295 1.07768090871664 0.956162340939045 0.993599146604538 1.0208331272006 1.21127960830927 1.88341041711661 1.94551157492858 2.01777963913404 2.08574552260912 2.13252657651901 2.04754038498952 1.84658187169295 1.83835246929756 7.86207236349583 6.75796096026897 6.19541266560555 4.15512356162071 3.87662240862846 3.28962114453316 2.49917796254158 2.68149441480637 9.95381355285645 -9999 -9999 -9999 -9999 -9999 -9999 -9999 -9999 -9999 -9999 -9999 -9999 -9999 -9999 -9999 -9999 -9999 -9999 -9999
-9999 -9999 -9999 -9999 -9999 -9999 -9999 3.28386068344116 3.67544674873352 3.59298302145565 3.6998695731163 3.59844928979874 3.39653849601746 3.25225930947524 3.05384183846987 2.89057566569402 2.65673804283142 2.490291760518 2.42478191001075 2.20817171675818 1.31469298154116 1.26023705303669 1.51320523023605 1.53999225795269 1.85452104531802 1.87743108547651 1.96325687720225 2.05695947775474 2.18626437278894 2.31931141706613 2.37967592019301 2.18149713828013 1.68994369873634 1.53316824482037 5.26944667100906 5.39677266776562 4.02331592142582 3.73020486533642 4.26122133433819 4.57982605695724 2.10218550637364 5.69786846637726 3.25656187534332 -9999 -9999 -9999 -9999 -9999 -9999 -9999 -9999 -9999 -9999 -9999 -9999 -9999 -9999 -9999 -9999 -9999 -9999 -9999
-9999 -9999 -9999 -9999 -9999 -9999 3.49166518449783 3.83795526153163 3.79532209038734 3.777463555336 3.61733448505402 3.41416102647781 3.26052656769753 3.16878690169408 3.04569078408755 2.6258831345118 2.33116738612835 2.14383972149629 1.9589592218399 1.9294490473611 1.93561419615379 1.91608427579586 1.9409264417795 1.9461590051651 1.9585983478106 2.07262253302794 2.19645413985619 2.31466155327283 2.46642258992562 2.5042379796505 2.29570293426514 2.23204937806496 2.14731352604353 2.3673996925354 3.90193842351437 4.49976322054863 4.61585374176502 4.61468420922756 4.95589202642441 14.2700793941816 -9999 -9999 -9999 -9999 -9999 -9999 -9999 -9999 -9999 -9999 -9999 -9999 -9999 -9999 -9999 -9999 -9999 -9999 -9999 -9999 -9999 -9999
-9999 -9999 -9999 -9999 3.8894066249623 4.13524661064148 4.20912508964539 4.20807688236237 3.83479654788971 3.80021212782179 3.44990330934525 3.23395240306854 3.26862405027662 2.90036438061641 2.70533899619029 2.36136498621532 2.18440371751785 1.92304102012089 1.85429858309882 1.8470681139401 1.82121840807108 1.82369143229264 1.87038500492389 1.89264744978685 1.93187687488703 2.0949463385802 2.29979793088777 2.56301385164261 2.50975802540779 2.55979126691818 4.80353371121667 4.11609554290771 2.47760152816772 2.09818425774574 3.99611294269562 4.64260357618332 4.63716244697571 3.9736008814403 -9999 -9999 -9999 -9999 -9999 -9999 -9999 -9999 -9999 -9999 -9999 -9999 -9999 -9999 -9999 -9999 -9999 -9999 -9999 -9999 -9999 -9999 -9999 -9999
-9999 -9999 -9999 -9999 4.00998568885467 3.88041216797299 3.8283242225647 3.63840041160584 3.62010335922241 3.54995579378945 3.39727260385241 3.09646511077881 2.91266783646175 2.91022567238126 2.52635228633881 2.19497655119215 1.99276261670249 1.85116341284343 1.74570217499366 1.70150198386266 1.75119818632419 1.81360038427206 1.82823736392535 1.87959091021464 1.90093986346171 2.08436718353858 2.41055260254787 2.55267631090604 2.62995388678142 2.58987657725811 2.54747627675533 2.89663591980934 2.26461341977119 3.1782763749361 4.51646402478218 4.56038356744326 4.52664736339024 8.92811174953685 -9999 -9999 -9999 -9999 -9999 -9999 -9999 -9999 -9999 -9999 -9999 -9999 -9999 -9999 -9999 -9999 -9999 -9999 -9999 -9999 -9999 -9999 -9999 -9999
-9999 -9999 3.2210921049118 3.93964057544182 4.0641305400775 3.68396267294884 3.51187527179718 3.55991024971008 3.58155398368835 3.39290090969631 3.14522077356066 2.8441761476653 2.73336489711489 2.50681116751262 2.30384654658181 2.00863030978612 1.81011759383338 1.63536472831454 1.5869931441087 1.74496117004981 1.42889007180929 1.38100302964449 1.27451988309622 1.08015930652618 2.05706503299566 2.22371387023192 2.36354386347991 2.59094117237971 2.86224828447614 2.68962788123351 2.66192004313836 2.89524801877829 2.8011821783506 3.73271389190967 4.73865263802665 2.75743314027786 -9999 -9999 -9999 -9999 -9999 -9999 -9999 -9999 -9999 -9999 -9999 -9999 -9999 -9999 -9999 -9999 -9999 -9999 -9999 -9999 -9999 -9999 -9999 -9999 -9999 -9999
3.668905377388 4.71702776210649 3.30372309684753 3.25429654121399 3.45230808258057 3.47892992837088 3.46282410621643 3.51378745692117 3.50756703104292 3.39995077678135 3.17058793136052 2.72296732664108 2.44923520088196 2.33571824005672 2.67208494131382 1.83924935872738 1.16819177682583 1.55452554042523 1.62437128103696 1.77581585829075 1.3153987377882 1.31434728950262 1.52295570075512 1.99538062512875 2.37282789670504 2.56009730925927 2.59280737088277 2.72082536561149 2.86712178162166 2.87683138022056 3.25116831064224 3.6791648543798 3.93647686793254 3.57585167107375 -9999 -9999 -9999 -9999 -9999 -9999 -9999 -9999 -9999 -9999 -9999 -9999 -9999 -9999 -9999 -9999 -9999 -9999 -9999 -9999 -9999 -9999 -9999 -9999 -9999 -9999 -9999 -9999
3.30121105909348 2.88465668473925 2.840705037117 2.82558514177799 3.34211413676922 3.34607194937192 3.223447735493 3.39302659034729 3.44179906163897 3.17679440975189 2.84582764761788 2.59175659929003 2.31385445594788 2.01527363061905 1.76217584099088 1.66931344781603 1.62275199706738 1.53344497313866 1.532426572763 1.58099481692681 1.67887705564499 1.79263696762232 1.98061196620648 2.20642583645307 2.38930147034781 2.49169768605913 2.54958665370941 2.54593167134694 2.77285735947745 3.28844131873204 3.51783699339086 3.45071318474683 3.73809885978699 5.55279403924942 3.89399796062046 3.91576189464993 -9999 -9999 -9999 -9999 -9999 -9999 -9999 -9999 -9999 -9999 -9999 -9999 -9999 -9999 -9999 -9999 -9999 -9999 -9999 -9999 -9999 -9999 -9999 -9999 -9999 -9999
3.01996325529539 2.74709613506611 2.67365205287933 2.70106922090054 3.58257249685434 3.49101756169246 3.29576454712794 3.28499334592086 3.22040023122515 2.99488316263471 2.83149366719382 2.6358094555991 2.13826780659812 1.81446402413504 1.64491564035416 1.5728925551687 1.55419773714883 1.57838101897921 1.61069882767541 1.58433460337775 1.68425700494221 1.86401012114116 2.2469890832901 2.36209497543482 1.4294368699193 1.42628717422485 2.5175501704216 2.6699372955731 3.18488190855299 3.40357717445918 3.89740797720457 4.40436959266663 -9999 -9999 -9999 -9999 -9999 -9999 -9999 -9999 -9999 -9999 -9999 -9999 -9999 -9999 -9999 -9999 -9999 -9999 -9999 -9999 -9999 -9999 -9999 -9999 -9999 -9999 -9999 -9999 -9999 -9999
4.34364545345306 4.14008290427072 3.78363163471222 3.86917958940778 3.46813532022329 3.44435524940491 3.37696802616119 3.19939112663269 3.18749433755875 3.06995420796531 2.76200289385659 2.25837278366089 1.72953966685704 1.55108979770115 1.46914904032435 1.43617806264332 1.47116479703358 1.60829020398004 1.72921481302806 1.81351301499775 1.89720176798957 2.04105239255088 1.68797089961859 1.66903136883463 1.71274823867358 1.77851480704087 3.0537931067603 3.30649352073669 3.55716235297067 3.52098355843471 3.77840265205928 3.72371393091538 -9999 -9999 -9999 -9999 -9999 -9999 12.6942715644836 12.6942715644836 -9999 -9999 -9999 -9999 -9999 -9999 -9999 -9999 -9999 -9999 -9999 -9999 -9999 -9999 -9999 -9999 -9999 -9999 -9999 -9999 -9999 -9999
4.65649290084839 4.73629641532898 4.84585790634155 3.68367943763733 3.71643564575597 4.14439601898193 3.54033261537552 3.2597758769989 3.16897523403168 2.80257979035378 2.29695096611977 1.87964794039726 1.49096089601517 1.33788906250681 1.37046335424696 1.4035753267152 1.51780882052013 1.82420064721789 2.04357655559267 2.03800315516336 2.0568225809506 1.98836173461034 1.96491295557756 1.87400243832515 2.72368421724864 2.28689740254329 2.18551479853117 2.1597572014882 3.24392291477748 3.33193477392197 3.44163830280304 3.42093944549561 -9999 -9999 -9999 -9999 -9999 -9999 -9999 -9999 -9999 -9999 -9999 -9999 -9999 -9999 -9999 -9999 -9999 -9999 -9999 -9999 -9999 -9999 -9999 -9999 -9999 -9999 -9999 -9999 -9999 -9999
-9999 -9999 -9999 -9999 -9999 3.47073611617088 3.48224115371704 3.27504226565361 2.93237578868866 2.08610185980797 1.64297688007355 1.46474932134151 1.30690958670207 1.34451993022646 1.46359172463417 1.64332261681557 1.89253962039948 2.27329948544502 2.27954083681107 2.29617258906364 2.14730832793496 2.0944743048061 2.13153917972858 2.92611673900059 3.58628989756107 9.07992735634679 3.62284755706787 -9999 -9999 -9999 -9999 -9999 -9999 -9999 -9999 -9999 -9999 -9999 -9999 -9999 -9999 -9999 -9999 -9999 -9999 -9999 -9999 -9999 -9999 -9999 -9999 -9999 -9999 -9999 -9999 -9999 -9999 -9999 -9999 -9999 -9999 -9999
-9999 -9999 -9999 -9999 -9999 4.59236168861389 2.66657638549805 2.47598680853844 1.82906153798103 1.73315286177855 1.47522857359477 1.39772512231554 1.46125932250704 1.64184841939381 1.93065573487963 2.18793996742794 2.43763169646263 2.71486711502075 2.87201842665672 2.83540374040604 2.29040050506592 2.29347360134125 2.22663885354996 2.76239210367203 -9999 -9999 -9999 -9999 -9999 -9999 -9999 -9999 -9999 -9999 -9999 -9999 -9999 -9999 -9999 -9999 -9999 -9999 -9999 -9999 -9999 -9999 -9999 -9999 -9999 -9999 -9999 -9999 -9999 -9999 -9999 -9999 -9999 -9999 -9999 -9999 -9999 -9999
