EcologicalScience/Bass/data/rs_data_bass/chl_359.asc
NCOLS 226 
NROWS 124 
XLLCORNER -9.41648524995501 
YLLCORNER 47.587301625531 
CELLSIZE 0.0833 
NODATA_value -9999 
[rows 54 to 80 of 124, columns 124 to 185 of 226]
2.5874490737915 2.38536751270294 2.50339651107788 2.80515450239182 2.86344516277313 3.35609185695648 3.14931750297546 2.86363416910172 2.6065868139267 2.26441723108292 2.06450700759888 2.03632432222366 2.19782102108002 2.19436579942703 2.15501028299332 2.38153052330017 2.04332774877548 1.90621501207352 1.7053297162056 1.63746517896652 1.54819428920746 1.44236773252487 1.27246651053429 1.21175247430801 1.19091600179672 1.20311173796654 1.22566571831703 1.30305522680283 1.95028656721115 1.89881318807602 1.89114081859589 2.05506187677383 2.09918546676636 2.04324263334274 2.59396719932556 2.62633126974106 1.83134257793427 1.97281569242477 2.02095901966095 2.02033799886703 1.94540852308273 1.87977147102356 1.81855952739716 1.72761082649231 1.60587233304977 1.57703179121017 1.70959943532944 1.97208005189896 2.7724267244339 3.37630212306976 2.6664667725563 3.50947880744934 3.77457082271576 4.52089583873749 5.85714983940125 4.78219056129456 5.12947046756744 5.42030775547028 13.747967410732 12.0380126858546 8.29564332962036 -9999
2.86117208003998 2.42977273464203 2.38503670692444 2.72807621955872 2.74954801797867 2.70537292957306 2.73834300041199 2.79268652200699 2.39759320020676 2.23211842775345 1.98811429738998 2.05456870794296 2.16229945421219 2.18904823064804 2.07358342409134 2.10870444774628 2.00858992338181 1.67413276433945 1.63072121143341 1.57264566421509 1.58279478549957 1.37491428852081 1.12000277638435 1.22139751911163 1.59508949518204 1.81493997573853 1.87332683801651 1.74476319551468 1.73834180831909 1.84178406000137 1.91880226135254 2.05769884586334 2.9230785369873 2.06688147783279 1.65483444929123 1.76863878965378 1.81828129291534 1.89604872465134 1.92411231994629 1.85770279169083 1.82047122716904 1.66792720556259 1.59897458553314 1.54887682199478 1.63496178388596 1.73098647594452 2.09999173879623 2.65341603755951 3.6473468542099 3.40340316295624 3.48313415050507 3.81478786468506 3.99641847610474 5.95386242866516 6.69643020629883 6.00709640979767 10.5720698833466 -9999 -9999 -9999 -9999 -9999
5.1457200050354 3.80172085762024 2.83757328987122 2.32408654689789 2.39304453134537 2.25670427083969 2.41626673936844 2.51738780736923 2.34792906045914 2.36078327894211 2.45253002643585 2.49640041589737 2.27587795257568 2.43824476003647 2.494988322258 2.25697803497314 2.16206628084183 1.74663233757019 1.8033127784729 1.70904368162155 1.34034445881844 1.24484324455261 1.2627614736557 1.29804754257202 1.8606938123703 1.94844710826874 1.88468027114868 1.64991080760956 2.10774859786034 2.10431626439095 2.10303640365601 2.17790096998215 2.23824977874756 2.19240188598633 1.75618278980255 1.76879543066025 1.82491421699524 1.7443283200264 1.67732030153275 1.64741921424866 1.56930899620056 1.48270878195763 1.45367252826691 1.73666095733643 2.11814332008362 2.44000428915024 2.41863441467285 3.49800074100494 3.83183491230011 4.38387680053711 4.17206239700317 4.36971616744995 7.32775712013245 10.6857051140553 -9999 -9999 -9999 -9999 -9999 -9999 -9999 -9999
10.2318921089172 3.16622936725616 2.31694132089615 2.54155343770981 2.32431453466415 2.04265433549881 2.24361151456833 2.52118653059006 2.7012015581131 2.63613599538803 2.65210050344467 2.74685776233673 2.4220957159996 2.14932596683502 2.48226141929626 2.67188483476639 2.04634344577789 1.68113404512405 1.57228571176529 1.60281604528427 1.47068998217583 1.36577251553535 1.32724723219872 1.82917580008507 2.05191001296043 1.82112979888916 1.79689729213715 2.18170014023781 2.25297752022743 2.17597281932831 2.16894114017487 2.2066188454628 2.7798473238945 1.76566118001938 1.74556124210358 1.81387120485306 1.83316576480865 1.76299202442169 1.69011157751083 1.56187355518341 1.47601273655891 1.39969879388809 1.54535329341888 1.94212120771408 2.36618024110794 2.77008068561554 3.31464207172394 5.44813661837797 5.48924016952515 4.62641394138336 6.32059621810913 7.52550458908081 10.4586689472198 -9999 -9999 -9999 -9999 -9999 -9999 -9999 -9999 -9999
28.1706476211548 7.52157855033875 3.84341704845428 3.19779467582703 3.90227615833282 4.73503589630127 3.31536912918091 2.76932770013809 2.63879245519638 3.03996884822845 3.22964179515839 2.64994955062866 2.41821223497391 2.2635982632637 2.3561714887619 2.45274531841278 2.87830281257629 2.1632205247879 2.12751978635788 1.61065578460693 1.57157707214355 1.40403601527214 1.79646000266075 1.96302831172943 1.79721003770828 1.81421327590942 2.28407102823257 2.3420632481575 2.28148537874222 2.17186948657036 2.08391359448433 2.05084124207497 2.03362691402435 1.63834422826767 1.71165454387665 1.74508649110794 1.79109442234039 1.75350379943848 1.61041653156281 1.45732274651527 1.36390578746796 1.32377627491951 1.57668220996857 2.1338152885437 2.71033430099487 2.40565073490143 7.57597716288133 6.72421360015869 7.85205674171448 5.80567359924316 5.97915959358215 8.0700409412384 48.4281604354446 -9999 -9999 -9999 -9999 -9999 -9999 -9999 -9999 -9999
-9999 19.1610288619995 12.4135723114014 5.36369168758392 4.19093477725983 5.3204083442688 4.84576427936554 4.00773882865906 3.96756756305695 3.48429894447327 3.23155868053436 2.95863300561905 2.53435277938843 2.30964607000351 2.77036195993423 2.2210568189621 2.32759130001068 2.1800594329834 2.00071352720261 1.79880219697952 1.48403173685074 1.50801980495453 1.77997416257858 1.8007800579071 1.80711382627487 2.17828345298767 2.10541731119156 2.1398546397686 2.05869939923286 1.94022077322006 1.8890418112278 1.87617444992065 1.59329849481583 1.60819208621979 1.87901920080185 1.67094594240189 1.65066593885422 1.58108854293823 1.46092799305916 1.36179900169373 1.36779373884201 1.45970553159714 1.8050542473793 2.55661725997925 3.82325398921967 -9999 8.68214423315866 4.83908092975616 6.33407950401306 8.9269015789032 46.8098429271153 50.1456428874623 48.9709417819977 35.637766122818 -9999 -9999 -9999 -9999 -9999 -9999 -9999 -9999
-9999 -9999 -9999 -9999 -9999 2.28387522697449 6.19247889518738 6.30249166488647 5.54850733280182 4.34115815162659 3.87082493305206 4.0220400094986 6.30114197731018 2.51222705841064 2.35229247808456 2.40667802095413 2.09263569116592 1.7124314904213 1.88693332672119 1.62785249948502 1.80411154031754 1.81147420406342 1.8656707406044 1.84643858671188 1.89848470687866 2.04580047726631 1.92954862117767 1.92533281445503 1.8760923743248 1.79604783654213 1.78103399276733 1.76346972584724 1.50432604551315 1.5152969956398 1.4796367585659 1.69523102045059 1.59762901067734 1.45719748735428 1.29862725734711 1.32468599081039 1.54826545715332 1.94920349121094 2.26419228315353 2.75464957952499 3.34625780582428 15.099580841157 -9999 -9999 -9999 -9999 56.4729709625244 52.7010298967361 52.5819238424301 42.7122271855672 -9999 -9999 -9999 -9999 -9999 -9999 -9999 -9999
-9999 -9999 -9999 -9999 -9999 -9999 -9999 -9999 2.61535951495171 7.38249349594116 4.75558125972748 3.77780163288116 3.05756342411041 2.16631275415421 1.97315847873688 2.06088745594025 1.99107223749161 1.51101297140121 1.92412948608398 2.21930694580078 2.08047598600388 1.88768023252487 1.9480192065239 1.93624877929688 1.9823362827301 1.86651143431664 1.78655880689621 1.76964524388313 1.79328972101212 2.5847048163414 2.37959396839142 1.42710676789284 1.4179747402668 1.40745002031326 1.59839630126953 1.6356292963028 1.76762545108795 1.56204521656036 1.36728072166443 1.77680557966232 2.24452346563339 2.51252996921539 2.84656798839569 3.23187375068665 5.17122101783752 29.0682649612427 -9999 -9999 -9999 -9999 17.548882484436 50.3050091001723 40.9150336583455 48.4751300811768 26.1836214065552 28.9206822713216 -9999 -9999 -9999 -9999 -9999 -9999
-9999 -9999 -9999 -9999 -9999 -9999 -9999 -9999 -9999 -9999 6.31906485557556 5.54923939704895 3.17136991024017 2.02483052015305 2.03138333559036 1.97488117218018 1.79838824272156 1.66692817211151 1.56906741857529 1.73718291521072 2.05381947755814 1.93117207288742 1.95822894573212 2.02341824769974 1.73872241377831 1.70512508153915 1.69947150349617 1.63039836287498 1.67565867304802 1.39215637743473 1.27947977185249 1.36854448914528 1.37798175215721 1.40870922803879 1.71426147222519 1.67355304956436 1.81783354282379 2.02876567840576 1.74859571456909 5.03323495388031 4.50242042541504 2.6497575044632 2.97121506929398 3.62319087982178 11.9254526478573 -9999 -9999 -9999 -9999 -9999 -9999 -9999 9.30859261751175 20.5177202224731 24.41286277771 22.7851302226384 10.8786277770996 -9999 -9999 -9999 -9999 -9999
-9999 -9999 -9999 -9999 -9999 -9999 -9999 -9999 -9999 4.3704868555069 2.7031357884407 4.53138899803162 3.17898809909821 2.1873419880867 2.10354745388031 2.07412505149841 2.01882308721542 1.65380555391312 1.46208447217941 1.96291869878769 1.89240896701813 1.74502497911453 1.5977309346199 1.91501480340958 1.627819865942 1.55160820484161 1.68048226833344 1.83631271123886 1.67870020866394 1.41962099075317 1.4816535115242 1.46933779120445 1.56979429721832 1.7360737323761 1.74488407373428 1.6990379691124 2.31353616714478 2.90510022640228 1.73016142845154 1.84978133440018 2.73850268125534 2.42891997098923 2.78304898738861 3.09791314601898 17.4050974811165 33.0447750091553 -9999 -9999 -9999 25.7187462103994 16.6990763764632 14.2060208069651 15.0563426017761 21.7190608978271 24.3726682662964 43.2427568435669 17.3679833941989 -9999 -9999 -9999 -9999 -9999
-9999 -9999 -9999 -9999 -9999 -9999 -9999 -9999 -9999 -9999 3.16756653785706 2.70665699243546 2.52716320753098 2.5020067691803 2.39310157299042 2.01904195547104 1.9375866651535 1.77981519699097 1.6750904917717 1.8644700050354 1.86538428068161 1.78529101610184 1.68652653694153 1.75673031806946 1.57515442371368 1.68609756231308 1.7597279548645 1.92059326171875 1.57936149090528 1.55639398097992 1.55458867549896 1.64171469211578 1.69479596614838 1.64231997728348 1.61540329456329 1.6358939409256 1.68272691965103 1.66197681427002 1.74482095241547 2.03033924102783 2.31880205869675 2.68041908740997 3.22433710098267 6.65620946884155 8.09118743891855 -9999 -9999 -9999 -9999 -9999 15.9671791980141 10.106463432312 10.6122200489044 14.5503888130188 12.5097885131836 -9999 -9999 -9999 -9999 -9999 -9999 -9999
-9999 -9999 -9999 -9999 -9999 -9999 -9999 -9999 -9999 3.67937564849854 3.19188916683197 2.77084422111511 2.52323627471924 2.37145954370499 2.2428315281868 1.804518699646 1.66048568487167 1.86837673187256 1.72946029901505 1.61195182800293 1.74271881580353 1.80528527498245 1.74833697080612 1.85597991943359 1.86131107807159 1.82186257839203 1.78213280439377 1.85999017953873 1.71231374144554 1.66383451223373 1.63921058177948 1.60772091150284 1.50863242149353 1.41793951392174 1.54867655038834 1.72594428062439 1.75557893514633 1.61420774459839 1.81424242258072 2.10620927810669 2.36256301403046 2.85269844532013 3.41539442539215 6.33439116107607 3.86466658115387 -9999 -9999 -9999 -9999 -9999 27.862659072876 11.1416215896606 10.2575583457947 17.7977960790907 -9999 -9999 -9999 -9999 -9999 -9999 -9999 -9999
-9999 -9999 -9999 -9999 -9999 -9999 -9999 -9999 -9999 3.82151236385107 3.19637310504913 3.13775682449341 2.73298716545105 2.67288154363632 2.34561592340469 1.88718903064728 1.92060971260071 2.17639052867889 1.79586446285248 1.68125849962234 1.81970107555389 1.794109582901 1.69607064127922 3.25592172145844 1.638931453228 1.77381670475006 1.71989858150482 1.47369602322578 1.44425404071808 1.61282926797867 1.61435544490814 1.6199796795845 1.59666001796722 1.6407630443573 1.60228872299194 1.70545881986618 1.63785892724991 1.6288583278656 1.94343531131744 2.30500495433807 2.58887708187103 3.05969023704529 3.40796613693237 9.24392356340168 3.86466693878174 -9999 -9999 -9999 -9999 12.1949715614319 -9999 -9999 -9999 -9999 -9999 -9999 -9999 -9999 -9999 -9999 -9999 -9999
-9999 -9999 -9999 -9999 -9999 -9999 -9999 -9999 -9999 4.65634489059448 3.06226587295532 3.30121421813965 2.99584347009659 2.74041223526001 2.86801797151566 2.59253704547882 2.18973594903946 1.91350507736206 1.86370879411697 1.74251317977905 1.76181596517563 1.78538918495178 1.66060915589333 1.67222768068314 1.66412991285324 1.70012247562408 1.62279671430588 1.50345969200134 1.44496795535088 1.51759421825409 1.60744732618332 1.62861675024033 1.68875473737717 1.66703099012375 1.60992980003357 1.64339554309845 1.62661582231522 1.74533843994141 2.07680171728134 2.40717083215714 2.72833728790283 2.76959019899368 7.32567716925891 -9999 -9999 -9999 -9999 -9999 -9999 -9999 -9999 -9999 -9999 -9999 -9999 -9999 -9999 -9999 -9999 -9999 -9999 -9999
-9999 -9999 -9999 -9999 -9999 -9999 -9999 -9999 -9999 4.11823046207428 3.55028235912323 3.63552510738373 3.3501091003418 3.24298560619354 3.14227652549744 2.97592270374298 2.25170999765396 1.92084145545959 1.81527757644653 1.82922148704529 1.76153022050858 1.74375522136688 1.76294481754303 1.72130692005157 1.75771272182465 1.81443822383881 1.61961597204208 1.4509402513504 1.49694147706032 1.54982775449753 1.60315275192261 1.69280469417572 1.74523955583572 1.71277731657028 1.64645254611969 1.71811276674271 1.84834492206573 2.11557823419571 2.51529371738434 2.69545125961304 2.78122580051422 6.6216447079768 12.1782412773155 -9999 -9999 -9999 -9999 -9999 -9999 -9999 -9999 -9999 -9999 -9999 -9999 -9999 -9999 -9999 -9999 -9999 -9999 -9999
-9999 -9999 -9999 -9999 -9999 -9999 -9999 3.28386068344116 4.1504271030426 4.08630537986755 3.64122533798218 3.32410562038422 3.38605427742004 3.15823817253113 3.0965062379837 2.59247696399689 2.72712224721909 1.99506863951683 1.91450625658035 1.66541630029678 1.70645105838776 1.70378404855728 1.64942479133606 1.71809703111649 1.70859307050705 1.5230171084404 1.49966552853584 1.58090776205063 1.60302525758743 1.62979799509048 1.67465776205063 1.79061824083328 1.88493221998215 1.93478018045425 1.90330427885056 1.92133641242981 2.1360719203949 2.42695051431656 2.75672847032547 2.82380622625351 17.9335864388827 5.69786846637726 3.25656187534332 -9999 -9999 -9999 -9999 -9999 -9999 -9999 -9999 -9999 -9999 -9999 -9999 -9999 -9999 -9999 -9999 -9999 -9999 -9999
-9999 -9999 -9999 -9999 -9999 -9999 4.23477217555046 3.84685651115749 4.36065888404846 3.93282008171082 3.69565808773041 3.55028915405273 3.30161011219025 2.99599725008011 2.92922329902649 2.410460293293 1.8989422917366 1.70107877254486 1.80804669857025 1.67648845911026 1.58262974023819 1.60538774728775 1.6045800447464 1.60964360833168 1.7633963227272 1.58577078580856 1.52884125709534 1.62124425172806 1.7199479341507 1.82403069734573 1.92375522851944 1.98591899871826 2.05874168872833 2.1359286904335 2.18324857950211 2.27409446239471 2.53465569019318 2.60762017965317 2.76330757141113 -9999 -9999 -9999 -9999 -9999 -9999 -9999 -9999 -9999 -9999 -9999 -9999 -9999 -9999 -9999 -9999 -9999 -9999 -9999 -9999 -9999 -9999 -9999
-9999 -9999 -9999 -9999 3.99628932774067 3.72718924283981 3.65496611595154 3.77023208141327 3.80638110637665 3.60484421253204 3.32728564739227 3.12952423095703 2.94805133342743 2.96113801002502 2.88768982887268 2.26577174663544 1.86448502540588 1.80886727571487 1.83080023527145 1.73395496606827 1.62873601913452 1.56977695226669 1.71020847558975 1.72810766100883 1.71771115064621 1.65478724241257 1.57755821943283 1.62390983104706 1.71674251556396 1.85787981748581 2.05013626813889 2.14832550287247 2.25190722942352 2.33481073379517 2.37480908632278 2.43320631980896 4.506680727005 5.53687070785685 -9999 -9999 -9999 -9999 -9999 -9999 -9999 -9999 -9999 -9999 -9999 -9999 -9999 -9999 -9999 -9999 -9999 -9999 -9999 -9999 -9999 -9999 -9999 -9999
-9999 -9999 -9999 -9999 4.024101578671 2.92390802231702 3.60930383205414 3.71053040027618 3.51219534873962 3.17247211933136 2.77714419364929 2.82554769515991 2.63102781772614 2.5742894411087 2.53769320249557 1.74806624650955 1.73000031709671 1.83564072847366 1.80802577733994 1.81727242469788 1.77325129508972 1.70416420698166 1.79747092723846 1.92516231536865 1.82767993211746 1.57681131362915 1.60306656360626 1.67753845453262 1.85432016849518 2.04030829668045 2.2151250243187 2.3539679646492 2.48195779323578 2.59575301408768 2.7622634768486 3.24043965339661 3.62131571769714 -9999 -9999 -9999 -9999 -9999 -9999 -9999 -9999 -9999 -9999 -9999 -9999 -9999 -9999 -9999 -9999 -9999 -9999 -9999 -9999 -9999 -9999 -9999 -9999 -9999
-9999 49.8697231228791 4.09237110614777 3.90579521656036 3.73104071617126 3.44726836681366 3.34154856204987 3.35766291618347 3.17333328723907 2.90467643737793 2.82989931106567 2.78518867492676 2.4653856754303 2.09558093547821 1.79614269733429 1.87318199872971 1.8624951839447 1.81739473342896 1.80859941244125 1.82009392976761 1.92033898830414 1.820825278759 1.85820078849792 1.92338705062866 1.88212126493454 1.59102755784988 1.63736182451248 1.83530402183533 1.9563165307045 2.3503829240799 2.53216195106506 2.70183598995209 2.77692157030106 2.4811447262764 3.79797852039337 23.9999570224596 -9999 -9999 -9999 -9999 -9999 -9999 -9999 -9999 -9999 -9999 -9999 -9999 -9999 -9999 -9999 -9999 -9999 -9999 -9999 -9999 -9999 -9999 -9999 -9999 -9999 -9999
5.21956499218941 8.27884197235107 5.576828956604 4.27491688728333 3.55057060718536 3.3939653635025 3.18224608898163 3.00789964199066 3.1051994562149 3.04415023326874 2.8971186876297 2.8466295003891 2.16844421625137 1.87399792671204 1.83344542980194 1.79496449232101 1.80823570489883 1.75679916143417 1.96134603023529 2.13481056690216 2.00543403625488 2.014004945755 1.97530567646027 1.93043392896652 1.78377896547318 1.85290718078613 2.041463971138 2.21761643886566 2.30213177204132 2.62909877300262 2.79791629314423 3.21668636798859 3.46219861507416 -9999 -9999 -9999 -9999 -9999 -9999 -9999 -9999 -9999 -9999 -9999 -9999 -9999 -9999 -9999 -9999 -9999 -9999 -9999 -9999 -9999 -9999 -9999 -9999 -9999 -9999 -9999 -9999 -9999
4.57216517013662 5.14105796813965 4.27101230621338 3.63479912281036 3.31696557998657 3.58491539955139 3.19879496097565 3.02505147457123 3.23607909679413 3.01818466186523 2.92147493362427 2.9349457025528 1.73848950862885 1.71999371051788 1.6914022564888 1.7174152135849 1.71392029523849 2.00694608688354 2.26430243253708 2.28205955028534 2.1135585308075 1.96981358528137 1.83742868900299 1.79519999027252 2.09698283672333 2.22986394166946 2.36455357074738 2.37747144699097 2.82376348972321 3.11109673976898 2.88340348005295 2.95516508817673 3.17510998249054 6.27130218194081 8.244705943738 7.09124678553957 -9999 -9999 -9999 -9999 -9999 -9999 -9999 -9999 -9999 -9999 -9999 -9999 -9999 -9999 -9999 -9999 -9999 -9999 -9999 -9999 -9999 -9999 -9999 -9999 -9999 -9999
4.40052974224091 3.89848494529724 3.68022608757019 3.42679345607758 3.23916757106781 2.96233731508255 3.06885588169098 3.16710841655731 2.66081392765045 2.5331107378006 2.71521592140198 1.94981396198273 1.63355094194412 1.69756883382797 1.64636778831482 1.67585849761963 1.98476332426071 2.09585183858871 2.13291746377945 2.11670708656311 1.93243128061295 1.89954078197479 1.91869282722473 2.10924303531647 2.12271308898926 2.2441229224205 2.4306862950325 2.68862932920456 3.69340574741364 4.05883061885834 3.45279479993356 -9999 -9999 -9999 -9999 -9999 -9999 -9999 -9999 -9999 -9999 -9999 -9999 -9999 -9999 -9999 -9999 -9999 -9999 -9999 -9999 -9999 -9999 -9999 -9999 -9999 -9999 -9999 -9999 -9999 -9999 -9999
4.29234158992767 4.02137160301208 4.08025109767914 3.51501166820526 3.33082044124603 3.21807289123535 3.20506739616394 2.79860025644302 3.28218162059784 2.92235818505287 2.31089097261429 1.37709903717041 1.35034346580505 1.39800596237183 1.49069398641586 1.96114271879196 2.08307558298111 2.05679029226303 2.01978832483292 2.02051270008087 1.91434049606323 2.08799922466278 2.20507800579071 2.28233331441879 2.44067019224167 2.72517907619476 3.08212494850159 3.66166484355927 3.86420774459839 4.38660836219788 3.0746955871582 4.44159956411882 -9999 -9999 -9999 -9999 -9999 -9999 46.7730754382575 12.6942715644836 -9999 -9999 -9999 -9999 -9999 -9999 -9999 -9999 -9999 -9999 -9999 -9999 -9999 -9999 -9999 -9999 -9999 -9999 -9999 -9999 -9999 -9999
4.9766676624616 4.91370463371277 4.08497035503387 4.06027233600616 3.52685916423798 4.02331652330316 3.32767921686172 3.35206067562103 3.46668291091919 2.57271337509155 1.65104931592941 1.14805126190186 1.31034672260284 1.42534276843071 1.69781631231308 1.98432075977325 1.9222657084465 2.04467099905014 2.13728016614914 2.40700721740723 2.30146497488022 2.21899580955505 2.32900267839432 2.83050531148911 3.08979821205139 3.33781206607819 3.36158537864685 3.84770768880844 4.22779208421707 4.6252613067627 4.47716626198622 3.42093944549561 -9999 -9999 -9999 -9999 -9999 -9999 -9999 -9999 -9999 -9999 -9999 -9999 -9999 -9999 -9999 -9999 -9999 -9999 -9999 -9999 -9999 -9999 -9999 -9999 -9999 -9999 -9999 -9999 -9999 -9999
-9999 -9999 -9999 -9999 -9999 4.69768143033648 3.6183922290802 2.89692825078964 2.59527897834778 1.83030670881271 1.33876875042915 1.13216471672058 1.28896728157997 1.51875293254852 1.74021971225739 2.00228029489517 2.49449104070663 2.84065192937851 2.87394225597382 2.96008801460266 2.6586622595787 2.38821530342102 2.45552176237106 3.22859609127045 3.643763422966 3.64073526859283 -9999 -9999 -9999 -9999 -9999 -9999 -9999 -9999 -9999 -9999 -9999 -9999 -9999 -9999 -9999 -9999 -9999 -9999 -9999 -9999 -9999 -9999 -9999 -9999 -9999 -9999 -9999 -9999 -9999 -9999 -9999 -9999 -9999 -9999 -9999 -9999
-9999 -9999 -9999 -9999 -9999 -9999 2.41125601530075 2.65444725751877 1.54817551374435 1.03740522265434 1.2104227244854 1.33899754285812 1.45349702239037 1.67990094423294 1.97998720407486 2.56259322166443 2.8220100402832 3.039466381073 3.42099595069885 3.07225120067596 3.02046990394592 3.13738059997559 3.12760126590729 2.95141332799738 -9999 -9999 -9999 -9999 -9999 -9999 -9999 -9999 -9999 -9999 -9999 -9999 -9999 -9999 -9999 -9999 -9999 -9999 -9999 -9999 -9999 -9999 -9999 -9999 -9999 -9999 -9999 -9999 -9999 -9999 -9999 -9999 -9999 -9999 -9999 -9999 -9999 -9999
