EcologicalScience/Bass/data/rs_data_bass/chl_528.asc
NCOLS 226 
NROWS 124 
XLLCORNER -9.41648524995501 
YLLCORNER 47.587301625531 
CELLSIZE 0.0833 
NODATA_value -9999 
[rows 54 to 80 of 124, columns 0 to 60 of 226]
-9999 -9999 -9999 -9999 -9999 -9999 -9999 -9999 -9999 -9999 -9999 -9999 -9999 -9999 -9999 -9999 -9999 -9999 -9999 -9999 -9999 -9999 -9999 -9999 -9999 -9999 -9999 -9999 -9999 -9999 -9999 -9999 -9999 -9999 -9999 -9999 -9999 -9999 5.78309118747711 7.26197576522827 6.92349314689636 5.32390809059143 2.70358443260193 1.88216972351074 1.75379222631454 1.56971937417984 1.30012455582619 1.12942618131638 0.909634977579117 0.77494865655899 0.789532899856567 0.782781064510345 0.972135365009308 1.3281324505806 1.88728541135788 2.53375589847565 3.41814637184143 3.78874003887177 4.32292360067368 0.607058599591255 0.62790758907795
-9999 -9999 -9999 -9999 -9999 -9999 -9999 -9999 -9999 -9999 -9999 -9999 -9999 -9999 -9999 -9999 -9999 -9999 -9999 -9999 -9999 -9999 -9999 -9999 -9999 -9999 -9999 -9999 -9999 -9999 -9999 -9999 -9999 -9999 -9999 -9999 -9999 -9999 -9999 8.49731679260731 6.69752597808838 5.22128641605377 3.02076280117035 2.6635428071022 2.68233811855316 1.79954159259796 1.33938074111938 0.991111367940903 1.04252707958221 0.905728340148926 0.797486901283264 0.847575902938843 1.17352750897408 1.75546789169312 2.304702937603 2.57343274354935 2.85532593727112 6.99627164431981 -9999 -9999 -9999
-9999 -9999 -9999 -9999 -9999 -9999 -9999 -9999 -9999 -9999 -9999 -9999 -9999 -9999 -9999 -9999 -9999 -9999 -9999 -9999 -9999 -9999 -9999 -9999 -9999 -9999 -9999 -9999 -9999 -9999 -9999 -9999 -9999 -9999 -9999 -9999 -9999 -9999 -9999 5.33370664715767 4.72901058197021 3.90422451496124 3.38324224948883 3.32610261440277 2.59122115373611 1.85966348648071 1.49509513378143 1.20094111561775 1.09859052300453 1.01893079280853 0.864376991987228 0.878864139318466 1.21683973073959 1.71334397792816 2.07411020994186 2.31629490852356 2.23894482851028 2.19824838638306 2.20116519927979 1.64845237135887 -9999
-9999 -9999 -9999 -9999 -9999 -9999 -9999 -9999 -9999 -9999 -9999 -9999 -9999 -9999 -9999 -9999 -9999 -9999 -9999 -9999 -9999 -9999 -9999 -9999 -9999 -9999 -9999 -9999 -9999 -9999 -9999 -9999 -9999 -9999 -9999 -9999 -9999 -9999 -9999 -9999 3.7074590921402 3.63395476341248 3.25727212429047 2.90318727493286 2.72833120822906 1.87982207536697 1.54056733846664 1.54849326610565 1.34674653410912 1.23364913463593 1.02257564663887 0.96611550450325 1.22225359082222 1.45910632610321 1.53466522693634 1.73842227458954 2.18779814243317 2.26611506938934 2.01085889339447 1.98712778091431 5.16159081459045
-9999 -9999 -9999 -9999 -9999 -9999 -9999 -9999 -9999 -9999 -9999 -9999 -9999 -9999 -9999 -9999 -9999 -9999 -9999 -9999 -9999 -9999 -9999 -9999 -9999 -9999 -9999 -9999 -9999 -9999 -9999 -9999 -9999 -9999 -9999 -9999 -9999 -9999 -9999 -9999 4.29799667000771 3.64858245849609 3.19072437286377 2.97084832191467 3.07324111461639 2.93839484453201 2.40912884473801 1.96457540988922 1.97992211580276 1.63267779350281 1.03704750537872 1.01160898804665 1.10964864492416 1.33765035867691 1.41065418720245 1.3772289454937 1.69492381811142 2.42800480127335 3.27841186523438 4.8015478849411 5.55203855037689
-9999 -9999 -9999 -9999 -9999 -9999 -9999 -9999 -9999 -9999 -9999 -9999 -9999 -9999 -9999 -9999 -9999 -9999 -9999 -9999 -9999 -9999 -9999 -9999 -9999 -9999 -9999 -9999 -9999 -9999 -9999 -9999 -9999 -9999 -9999 -9999 -9999 -9999 -9999 -9999 3.16249930858612 3.20225465297699 3.1648131608963 2.97800052165985 2.79290217161179 2.39709162712097 2.33086109161377 2.05614370107651 1.50650435686111 1.19340339303017 0.998615831136703 1.04274666309357 1.25178444385529 1.40009441971779 1.50531148910522 2.23127800226212 2.53211742639542 2.74745643138885 3.03367102146149 3.1394727230072 -9999
-9999 -9999 -9999 -9999 -9999 -9999 -9999 -9999 -9999 -9999 -9999 -9999 -9999 -9999 -9999 -9999 -9999 -9999 -9999 -9999 -9999 -9999 -9999 -9999 -9999 -9999 -9999 -9999 -9999 -9999 -9999 -9999 -9999 -9999 -9999 -9999 -9999 -9999 -9999 -9999 3.45353436470032 3.3061466217041 3.19644105434418 2.73417949676514 1.97897440195084 1.76366847753525 1.83051323890686 1.56312471628189 1.2664358317852 1.09994226694107 0.99883371591568 1.08657145500183 1.37188231945038 1.41096720099449 1.63706231117249 2.08945423364639 2.6169076859951 -9999 -9999 2.93529012570014 2.81389939785004
-9999 -9999 -9999 -9999 -9999 -9999 -9999 -9999 -9999 -9999 -9999 -9999 -9999 -9999 -9999 -9999 -9999 -9999 -9999 -9999 -9999 -9999 -9999 -9999 -9999 -9999 -9999 -9999 -9999 -9999 -9999 -9999 -9999 -9999 -9999 -9999 -9999 -9999 -9999 3.37766647338867 3.43354189395905 3.12767207622528 2.62956780195236 2.04165530204773 1.69617873430252 1.63892358541489 1.80241960287094 1.39588263630867 1.25378054380417 1.21060305833817 1.09786462783813 1.12590265274048 1.25940808653831 1.38066503405571 1.45911213755608 1.62083029747009 1.86098098754883 1.82604798674583 1.81336954236031 1.53559139370918 1.169473528862
-9999 -9999 -9999 -9999 -9999 -9999 -9999 -9999 -9999 -9999 -9999 -9999 -9999 -9999 -9999 -9999 -9999 -9999 -9999 -9999 -9999 -9999 -9999 -9999 -9999 -9999 -9999 -9999 -9999 -9999 -9999 -9999 -9999 -9999 -9999 -9999 -9999 -9999 -9999 3.57540678977966 2.6387540102005 2.45164704322815 1.90308004617691 1.56822538375854 1.4293817281723 1.53881084918976 1.56795358657837 1.22850885987282 1.24227520823479 1.1822127699852 1.21353873610497 1.30410718917847 1.31744331121445 1.48592644929886 1.48489630222321 1.53751820325851 1.53325742483139 1.69599151611328 1.85706353187561 1.3633134663105 1.42068064212799
-9999 -9999 -9999 -9999 -9999 -9999 -9999 -9999 -9999 -9999 -9999 -9999 -9999 -9999 -9999 -9999 -9999 -9999 -9999 -9999 -9999 -9999 -9999 -9999 -9999 -9999 -9999 -9999 -9999 -9999 -9999 -9999 -9999 -9999 -9999 -9999 -9999 -9999 3.59456992149353 3.14180195331573 2.66682028770447 2.03304362297058 1.69681710004807 1.43243873119354 1.28981977701187 1.45543098449707 1.31481850147247 1.12359568476677 1.0717545747757 1.09829995036125 1.27697432041168 1.38288018107414 1.51078069210052 1.65554398298264 1.79055243730545 1.98608601093292 1.82532852888107 1.68780273199081 1.81447595357895 1.90235763788223 1.40032920241356
-9999 -9999 -9999 -9999 -9999 -9999 -9999 -9999 -9999 -9999 -9999 -9999 -9999 -9999 -9999 -9999 -9999 -9999 -9999 -9999 -9999 -9999 -9999 -9999 -9999 -9999 -9999 -9999 -9999 -9999 -9999 -9999 -9999 -9999 -9999 -9999 -9999 -9999 3.10922384262085 3.15304577350616 2.34597104787827 1.64350283145905 1.51749980449677 1.24334281682968 1.15893763303757 1.16542080044746 1.17605003714561 1.01124009490013 0.948691785335541 0.959986478090286 1.1290830373764 1.32976806163788 1.48831209540367 1.66927152872086 1.97272664308548 2.02054542303085 1.86585438251495 1.70468008518219 1.4237979054451 1.07283756136894 0.909337610006332
-9999 -9999 -9999 -9999 -9999 -9999 -9999 -9999 -9999 -9999 -9999 -9999 -9999 -9999 -9999 -9999 -9999 -9999 -9999 -9999 -9999 -9999 -9999 -9999 -9999 -9999 -9999 -9999 -9999 -9999 -9999 -9999 -9999 -9999 -9999 -9999 -9999 4.26499783992767 3.08663704991341 2.48534435033798 1.5491806268692 1.45185381174088 1.2455008327961 1.10885846614838 0.984257876873016 1.0822197496891 1.23630237579346 0.965855151414871 0.949209541082382 1.03326299786568 1.09628310799599 1.10665252804756 1.21434196829796 1.36987370252609 1.49064069986343 1.55470526218414 1.48201096057892 1.30750966072083 1.0011066198349 0.914747536182404 0.901966005563736
-9999 -9999 -9999 -9999 -9999 -9999 -9999 -9999 -9999 -9999 -9999 -9999 -9999 -9999 -9999 -9999 -9999 -9999 -9999 -9999 -9999 -9999 -9999 -9999 -9999 -9999 -9999 -9999 -9999 -9999 -9999 -9999 -9999 -9999 -9999 -9999 3.48915687203407 3.26350629329681 3.25334393978119 2.60668283700943 1.81730282306671 1.49352425336838 1.20595782995224 1.10959535837173 0.981404364109039 1.11280846595764 1.36791041493416 1.71943813562393 1.43929499387741 1.0069787800312 1.08803272247314 1.13161048293114 1.07096144556999 1.28901046514511 1.36544707417488 1.39379149675369 1.31281962990761 1.01005509495735 0.873682469129562 0.862369179725647 0.869333803653717
-9999 -9999 -9999 -9999 -9999 -9999 -9999 -9999 -9999 -9999 -9999 -9999 -9999 -9999 -9999 -9999 -9999 -9999 -9999 -9999 -9999 -9999 -9999 -9999 -9999 -9999 -9999 -9999 -9999 -9999 -9999 -9999 -9999 -9999 -9999 -9999 3.2301852107048 3.13974559307098 2.35456091165543 1.92214143276215 1.73030537366867 1.53639221191406 1.18084251880646 1.08539056777954 0.940056771039963 0.931487113237381 0.973732978105545 0.968718409538269 0.963722705841064 1.02883225679398 1.34893494844437 1.29964452981949 1.06097719073296 0.95512318611145 1.01274821162224 1.0864525437355 0.98264417052269 0.917228400707245 0.92151215672493 0.921955078840256 0.994218707084656
-9999 -9999 -9999 -9999 -9999 -9999 -9999 -9999 -9999 -9999 -9999 -9999 -9999 -9999 -9999 -9999 -9999 -9999 -9999 -9999 -9999 -9999 -9999 -9999 -9999 -9999 -9999 -9999 -9999 -9999 -9999 14.9438800811768 14.9438800811768 1.99061018228531 2.10493344068527 2.24456119537354 2.43430915474892 1.93172612786293 1.9191081225872 1.69701643288136 0.965721487998962 1.00624108314514 1.02007377147675 0.870774149894714 0.844245672225952 0.931981354951859 0.956504791975021 0.937275946140289 0.955402851104736 1.08695974946022 0.975969046354294 0.974231332540512 1.00964945554733 1.00221142172813 1.00270119309425 0.955707728862762 1.00268715620041 1.70805090665817 1.54834757745266 1.36971482634544 1.68001055717468
-9999 -9999 -9999 -9999 -9999 -9999 -9999 -9999 -9999 -9999 -9999 -9999 -9999 -9999 -9999 -9999 -9999 -9999 -9999 -9999 -9999 -9999 0.346259817481041 5.94701647758484 5.31896895170212 4.94439136981964 5.69751989841461 6.77640295028687 5.65136048197746 8.09593467414379 8.43928299844265 5.58006110787392 1.52333624660969 2.12116724252701 2.63754241168499 3.68498915433884 2.99519008398056 1.96726186573505 1.45733293890953 1.26888164877892 0.984057605266571 0.887709349393845 0.877240061759949 0.812338382005692 0.832023561000824 0.909497559070587 1.01564472913742 1.10749742388725 1.2659904062748 1.35466012358665 1.33749264478683 1.34698328375816 1.37981271743774 1.30951765179634 1.26141464710236 1.19503676891327 1.88058283925056 3.33786758780479 3.62736225128174 -9999 -9999
-9999 -9999 -9999 -9999 -9999 -9999 -9999 -9999 -9999 -9999 -9999 -9999 -9999 -9999 -9999 -9999 -9999 -9999 -9999 -9999 -9999 -9999 2.6561483591795 6.29249197244644 5.6634236574173 3.74472171068192 3.93995240330696 3.31135290116072 3.65574377775192 2.90896180272102 2.34043890237808 2.26723274588585 2.32347585260868 1.79276418685913 1.79276436567307 2.01817090809345 1.46105191111565 1.42026096582413 1.03574466705322 0.981628686189651 1.06673204898834 1.06714788079262 0.958803176879883 0.929272323846817 0.88771989941597 1.03500205278397 1.19246944785118 1.39186763763428 1.62611120939255 1.69097471237183 1.61894166469574 1.5594094991684 1.91502875089645 1.98530673980713 1.92890059947968 1.81842505931854 -9999 -9999 -9999 -9999 -9999
-9999 -9999 -9999 -9999 -9999 -9999 -9999 -9999 -9999 -9999 -9999 -9999 -9999 -9999 -9999 -9999 -9999 -9999 -9999 1.34525970742106 2.59875071048737 3.28521913290024 5.78018546104431 4.91573166847229 2.15795300155878 1.33438179641962 1.23214463889599 1.394810333848 1.4917775541544 1.61030048131943 1.63893355429173 1.53274275362492 1.66778254508972 34.3021116256714 1.52539962530136 1.42759765684605 3.02687072753906 2.64666044712067 1.23924458026886 0.919270545244217 1.10152566432953 1.22843214869499 1.14782255887985 1.25284677743912 1.17780938744545 1.26550456881523 1.31558552384377 1.55503392219543 1.84669715166092 1.9016364812851 2.08317893743515 2.1501812338829 -9999 -9999 -9999 -9999 -9999 -9999 -9999 -9999 -9999
-9999 -9999 -9999 -9999 -9999 -9999 -9999 -9999 -9999 -9999 -9999 -9999 -9999 -9999 -9999 -9999 -9999 6.56724953651428 1.58160710334778 1.51910269260406 1.06443607807159 0.746023580431938 0.693459257483482 5.38532960414886 6.97394585609436 6.62014818191528 0.753904603421688 10.2247824668884 9.3431568145752 8.98480367660522 0.879721663892269 4.23484003543854 8.40177726745605 19.9907627105713 13.412814617157 8.03796601295471 4.83762037754059 3.10934972763062 2.99084740877151 3.56745636463165 4.78722989559174 2.7973290681839 2.02868700027466 1.73811167478561 1.63239616155624 1.71452414989471 1.93102526664734 1.89072972536087 2.06699556112289 2.48643636703491 2.48643636703491 4.2142648100853 -9999 -9999 -9999 -9999 -9999 -9999 -9999 -9999 -9999
-9999 -9999 -9999 -9999 -9999 -9999 -9999 -9999 -9999 -9999 -9999 -9999 -9999 -9999 3.27285039424896 3.50139825046062 5.33454443514347 2.00625937432051 1.10480088740587 1.02599763125181 0.617066457867622 0.617066457867622 0.592562288045883 4.70210838317871 2.35045212507248 1.80659562349319 1.13619804382324 1.51875901222229 4.74815011024475 4.14260923862457 2.04556542634964 1.81444323062897 2.52196043729782 9.37128281593323 6.56433176994324 3.4244077205658 8.79172539710999 11.7165076732635 11.173926115036 3.55856573581696 3.02250266075134 2.28734475374222 1.62193161249161 1.85984033346176 1.82984858751297 1.67478239536285 1.81803166866302 1.86201596260071 1.93131297826767 1.75496757030487 1.63886976242065 0.808476716279984 -9999 -9999 -9999 -9999 -9999 -9999 -9999 -9999 -9999
-9999 -9999 -9999 -9999 -9999 -9999 -9999 -9999 -9999 -9999 -9999 -9999 1.90937199443579 1.27352430671453 0.97168917953968 0.79170173406601 0.697700254619122 0.771608546376228 0.779704034328461 0.891664154827595 0.765570916235447 0.589728623628616 0.589728623628616 0.742474392056465 0.782439887523651 0.834661424160004 0.733863472938538 0.619960427284241 0.586741894483566 0.654801785945892 0.717509418725967 1.20855179429054 1.51363402605057 1.45811551809311 2.51723313331604 2.29308325052261 4.10187041759491 6.10856795310974 3.2298846244812 3.70215332508087 2.1610170006752 1.72225177288055 1.67827105522156 2.45942187309265 1.85005062818527 1.50701451301575 1.45400574803352 1.71053069829941 1.91668331623077 1.94263726472855 2.74057245254517 -9999 -9999 -9999 -9999 -9999 -9999 3.45429825782776 2.25904494524002 2.07355356216431 8.73891174251383
-9999 -9999 -9999 -9999 -9999 -9999 -9999 -9999 -9999 1.27950891852379 1.05067303776741 0.675495475530624 0.610548555850983 0.485121712088585 0.735192038118839 0.65515760332346 0.62971656024456 0.644911028444767 0.661189757287502 0.648455522954464 0.609547778964043 0.588048063218594 0.397797971963882 0.406563028693199 0.497829034924507 0.522549614310265 0.528428345918655 0.53299543261528 0.551901564002037 0.588788330554962 0.604854494333267 0.762340664863586 1.37608489394188 1.44646695256233 1.57567226886749 2.70402932167053 3.79012262821198 2.87985277175903 1.80592775344849 1.3507542014122 1.46726578474045 1.31436833739281 1.78829634189606 2.67934513092041 1.86196088790894 1.65885847806931 1.38621863722801 1.44723263382912 1.49359944462776 1.89753520488739 2.71882581710815 3.65375626087189 3.72668445110321 1.90801846235991 2.75094366073608 3.27448332309723 2.63496440649033 4.1268310546875 3.81213784217834 3.0957977771759 2.99439364671707
-9999 -9999 -9999 -9999 -9999 2.2291671037674 0.692236885428429 0.843261301517487 0.871248364448547 0.687825277447701 0.467004910111427 0.39926366508007 0.397894263267517 0.37422700971365 0.35312258452177 0.534817770123482 0.537248387932777 0.535546123981476 0.504082605242729 0.507331229746342 0.302564643323421 0.342030622065067 0.359740622341633 0.386872977018356 0.405794441699982 0.481655582785606 0.587814822793007 0.749066635966301 0.985888838768005 1.25380897521973 1.20672646164894 1.0564344227314 1.24765276908875 0.994120448827744 1.24132838845253 1.71703845262527 1.9684140086174 1.93100291490555 1.4249991774559 1.33904072642326 1.13278368115425 0.921970725059509 1.48363065719604 2.11856228113174 2.07983100414276 1.77378165721893 1.5415980219841 1.38258764147758 1.44389668107033 1.72305393218994 1.98242872953415 1.85968118906021 1.92553585767746 2.57187992334366 2.87627595663071 3.49110424518585 3.19764375686646 3.24728786945343 2.75448578596115 3.18890941143036 3.55962717533112
-9999 -9999 -9999 -9999 -9999 0.534341365098953 0.58940926194191 0.468436360359192 0.467528834939003 0.363290905952454 0.351925693452358 0.42694853246212 0.494444757699966 0.441316768527031 0.422873273491859 0.365949489176273 0.370543397963047 0.40059520304203 0.38884574174881 0.374081991612911 0.336609408259392 0.320856459438801 0.335888676345348 0.348244540393353 0.360183030366898 0.38366174697876 0.481225848197937 0.642289996147156 0.970549821853638 1.29124188423157 1.29947233200073 1.32869938015938 1.25105631351471 1.18466681241989 1.20905131101608 1.22582495212555 0.63801334798336 1.25046104192734 1.20315036177635 1.38263833522797 1.05258598923683 0.865196853876114 0.771085113286972 0.954664260149002 1.35198560357094 1.4519727230072 1.62053722143173 1.556456387043 1.41764679551125 1.5934807062149 1.75678646564484 1.7817907333374 1.64241617918015 1.57431364059448 1.62419754266739 1.651502430439 1.69815266132355 1.44511440396309 1.46588605642319 1.60995215177536 2.08479577302933
-9999 -9999 -9999 -9999 -9999 0.432323589920998 0.41033510863781 0.339258939027786 0.331498168408871 0.310633286833763 0.326256215572357 0.409370988607407 0.416273966431618 0.35856943577528 0.298727855086327 0.288503475487232 0.300252489745617 0.312521740794182 0.335268057882786 0.36145593971014 0.382811889052391 0.338661298155785 0.316660702228546 0.319871082901955 0.334344282746315 0.341564051806927 0.377706617116928 0.527147635817528 0.640389516949654 0.801975041627884 1.08170405030251 0.997370928525925 0.861439168453217 0.898814141750336 1.08880037069321 1.14316266775131 1.07064440846443 0.809650473296642 0.827913746237755 1.10555943846703 0.862733870744705 0.68220716714859 0.678130432963371 0.649434462189674 1.00524964928627 1.60284250974655 1.54368621110916 1.33900433778763 1.3327608704567 1.60257107019424 1.70988500118256 1.55261188745499 1.33526605367661 1.22178491950035 1.28771638870239 1.5880708694458 1.65515738725662 1.58418720960617 1.61061358451843 1.73474872112274 2.11289566755295
-9999 -9999 -9999 -9999 -9999 0.591545473784208 0.306145168840885 0.309147678315639 0.317657522857189 0.275760725140572 0.280834525823593 0.309806451201439 0.31620841473341 0.302158534526825 0.278011187911034 0.263817340135574 0.267282642424107 0.284950889647007 0.319862611591816 0.346934773027897 0.349506139755249 0.329214602708817 0.315855257213116 0.334445491433144 0.341544695198536 0.372990153729916 0.428446412086487 0.474994003772736 0.562888473272324 0.701215222477913 0.735044404864311 0.667613983154297 0.743706688284874 0.823932856321335 0.867929577827454 0.978170335292816 1.06933423876762 0.915423810482025 0.745860636234283 0.893576323986053 0.715480417013168 0.636053994297981 0.637075200676918 0.649836838245392 0.664670526981354 0.723315730690956 0.717792078852654 0.866437017917633 1.04332467913628 1.16260188817978 1.68617337942123 1.16942417621613 0.923803567886353 0.919540554285049 1.05467069149017 1.11308437585831 1.18485009670258 1.35761958360672 1.49655541777611 1.68026232719421 1.80101197957993
-9999 -9999 -9999 -9999 -9999 0.331413395702839 0.284647397696972 0.28658802062273 0.292844898998737 0.253222189843655 0.275103516876698 0.285574547946453 0.279437139630318 0.269694350659847 0.265998959541321 0.262096010148525 0.264728084206581 0.271524332463741 0.278760015964508 0.294662430882454 0.313536152243614 0.327027752995491 0.313015848398209 0.310486882925034 0.325588144361973 0.351823836565018 0.397988677024841 0.445168018341064 0.477442502975464 0.520124942064285 0.588052645325661 0.620785877108574 0.584069788455963 0.669708877801895 0.766531705856323 0.844647109508514 0.810255199670792 0.760155826807022 0.745542883872986 0.780118212103844 0.701986894011497 0.596761107444763 0.51105572283268 0.532777860760689 0.634371668100357 0.662704557180405 0.627714559435844 0.645722016692162 0.749137490987778 0.801433861255646 0.745672479271889 0.702836751937866 0.722508698701859 0.703799888491631 0.748707488179207 0.950094401836395 1.0899406671524 1.21262446045876 1.323222219944 1.68579751253128 2.15843492746353
