EcologicalScience/Bass/data/rs_data_bass/chl_424.asc
NCOLS 226 
NROWS 124 
XLLCORNER -9.41648524995501 
YLLCORNER 47.587301625531 
CELLSIZE 0.0833 
NODATA_value -9999 
[rows 54 to 80 of 124, columns 124 to 185 of 226]
2.8316565155983 2.4838103055954 2.05441206693649 2.07293254137039 1.6620329618454 1.71874952316284 1.73442381620407 1.7703532576561 1.8969960808754 1.9829295873642 1.92704701423645 1.86000895500183 2.79218861460686 1.69046169519424 1.81846868991852 2.07300066947937 2.10430133342743 2.1239213347435 2.39931678771973 2.1926121711731 2.1552899479866 2.05562317371368 2.00812429189682 1.73740357160568 1.72305679321289 1.97754371166229 2.12137055397034 2.33127754926682 2.75144773721695 2.98906266689301 2.96754741668701 2.97170180082321 2.89142775535583 2.64623469114304 2.41232854127884 2.92691767215729 2.92202281951904 2.88960421085358 2.39824828505516 2.34609451889992 2.30686050653458 2.19730496406555 1.71605032682419 1.46795251965523 1.58257055282593 0.86793977022171 1.0445002913475 1.17230397462845 2.02522641420364 3.14158058166504 3.2039737701416 3.70214059352875 4.71767288446426 4.83643805980682 4.29178753024653 4.81260269165039 4.95945178545438 5.47002476912278 5.51519445329905 9.03264509941921 -9999 -9999
2.61863172054291 2.49301207065582 2.09909552335739 2.13883495330811 2.46833217144012 2.51633056998253 2.5713649392128 1.91598075628281 1.7948842048645 1.83184343576431 1.80432522296906 1.76370531320572 2.07202506065369 2.17089754343033 2.30291247367859 2.28832054138184 2.19808942079544 2.16789597272873 2.15557354688644 2.19485396146774 2.18416571617126 1.8981614112854 2.01390069723129 2.00788950920105 1.97635871171951 2.07829427719116 2.24625366926193 2.39350873231888 2.40411829948425 2.38428157567978 2.56663352251053 2.81898683309555 2.95335298776627 2.79263019561768 2.53673619031906 2.24678993225098 3.19939041137695 1.3445879817009 2.64119172096252 2.62580668926239 1.12407526373863 1.31343904137611 1.68237376213074 1.23653322458267 1.47000449895859 2.99242499470711 2.26865923404694 3.33734607696533 4.19457101821899 4.16914796829224 5.24968361854553 4.6624596118927 4.8837776184082 5.75350642204285 5.45633322000504 6.06281599733565 10.5720698833466 -9999 -9999 -9999 -9999 -9999
2.96089053153992 2.72782266139984 2.40281698107719 2.20612120628357 2.27871564030647 2.68736922740936 2.75103601813316 2.75086390972137 2.18698954582214 2.51608031988144 1.59328204393387 2.34093895554543 2.13615524768829 2.17659366130829 2.33560055494308 2.37783533334732 2.48781305551529 2.53994697332382 2.42195105552673 2.44903349876404 2.39121973514557 2.74074599146843 2.35713601112366 2.20228958129883 2.15835374593735 2.18234467506409 2.17196094989777 2.62817323207855 2.38387727737427 2.26750802993774 2.40189832448959 2.51094156503677 3.55585491657257 3.49295711517334 2.61804154515266 3.64747953414917 3.60404777526855 2.4765293598175 2.97506028413773 3.26382824778557 2.09446048736572 1.11043578386307 1.00647675991058 1.42831501364708 2.01003670692444 2.82085508108139 3.49597334861755 2.95791072249413 4.51552700996399 3.98453557491302 4.63335752487183 4.70367336273193 5.51845359802246 5.82532979760851 -9999 -9999 -9999 -9999 -9999 -9999 -9999 -9999
3.26075541973114 3.14281189441681 2.7793495953083 2.55706912279129 2.60556596517563 2.57322219014168 2.92651838064194 2.93418180942535 2.8710994720459 2.74698901176453 2.55925726890564 2.79567602276802 2.22077107429504 2.10086470842361 2.49493432044983 2.55360370874405 2.61652654409409 2.64330607652664 2.71132493019104 2.36410868167877 2.12542641162872 2.4513675570488 2.55448651313782 2.41432642936707 2.21341949701309 2.25532203912735 2.2109227180481 2.34480893611908 2.27842801809311 2.40701776742935 3.00874722003937 3.1279274225235 2.76986503601074 2.53829246759415 2.45676076412201 2.57666826248169 3.79974317550659 3.51232266426086 3.51372340321541 2.84660258889198 2.3928644657135 2.86856961250305 1.41880720853806 2.22561532258987 2.7335661649704 2.98890978097916 3.13404822349548 19.851571356549 3.84036076068878 3.85505175590515 3.51847636699677 4.00810039043427 3.79939484596252 11.5164499282837 -9999 -9999 -9999 -9999 -9999 -9999 -9999 -9999
3.69104111194611 3.57357001304626 3.46089220046997 3.2118809223175 3.03171765804291 2.81970226764679 2.63081243634224 2.46522569656372 2.30625200271606 2.44134956598282 2.5569269657135 1.47503998875618 2.30981558561325 2.47313547134399 2.67900449037552 2.68999350070953 2.70962405204773 2.50647443532944 2.71881902217865 2.61140406131744 2.57780545949936 2.54663854837418 2.51191431283951 2.5326554775238 2.47349327802658 2.25070953369141 2.19545996189117 2.10293251276016 2.02323907613754 2.25336295366287 2.75501543283463 2.78841531276703 4.14579364657402 4.46809029579163 3.26153621077538 3.95941364765167 3.14284247159958 3.4698134958744 3.7708560526371 3.67638570070267 2.67382979393005 2.63489958643913 2.3878687620163 2.68980377912521 3.09971308708191 3.18751037120819 7.36634230613708 4.17749261856079 4.28605878353119 4.07477688789368 3.99649429321289 10.3941271305084 13.3975124359131 -9999 -9999 -9999 -9999 -9999 -9999 -9999 -9999 -9999
24.0872102850362 3.67897796630859 3.69436955451965 3.64111411571503 3.54486072063446 3.44296038150787 3.14589285850525 2.20164906978607 2.02292400598526 2.09495025873184 1.71646732091904 1.69186717271805 2.06196981668472 2.24526232481003 2.08478558063507 2.47917455434799 2.93438851833344 3.07591259479523 2.85523492097855 2.73064345121384 2.54863125085831 2.56117576360703 2.52649283409119 2.49967271089554 2.36532229185104 2.14333426952362 1.99836677312851 2.10215091705322 1.96962225437164 2.31839168071747 2.63868445158005 3.64657160639763 4.08887368440628 4.44562295079231 4.86080610752106 4.01705038547516 2.98936879634857 3.16526770591736 1.47797772288322 1.46615999937057 0.762955516576767 0.869177967309952 1.84087496995926 2.98135882616043 4.09667479991913 -9999 11.0801742374897 4.15037333965302 4.40200066566467 4.4342737197876 15.8444094657898 14.5535373687744 12.7783055305481 16.4987297058105 -9999 -9999 -9999 -9999 -9999 -9999 -9999 -9999
-9999 -9999 -9999 -9999 -9999 2.28387522697449 3.25145781040192 3.0945428609848 2.34923923015594 2.33182579278946 2.54173046350479 1.86005705595016 1.97900032997131 2.04190349578857 2.09438323974609 2.32200372219086 2.42985606193542 2.64881926774979 2.96047872304916 2.8738380074501 2.22353625297546 2.6110965013504 2.54768693447113 2.47633123397827 2.39728206396103 2.35703247785568 1.78891718387604 1.80650621652603 1.91206043958664 2.33188945055008 2.84216701984406 3.471276730299 3.68933612108231 4.09060800075531 2.7708232998848 3.56432390213013 3.99790334701538 2.96848726272583 1.99567955732346 1.48984721302986 1.34158873558044 2.27039551734924 2.84103745222092 3.66445934772491 3.78065693378448 11.9686695244706 -9999 -9999 -9999 -9999 14.2868371009827 12.076060295105 12.5671920776367 67.8413598802355 -9999 -9999 -9999 -9999 -9999 -9999 -9999 -9999
-9999 -9999 -9999 -9999 -9999 -9999 -9999 -9999 3.07532322406769 2.72782427072525 2.50875520706177 2.44025766849518 2.36696255207062 2.41340696811676 2.44204723834991 2.47727394104004 2.48330318927765 2.69973456859589 2.89426571130753 3.25891435146332 2.5557314157486 2.57145380973816 2.54520446062088 2.42549479007721 2.23820471763611 2.2473052740097 1.92344623804092 1.83608025312424 1.80939370393753 2.0066676735878 3.48375660181046 3.49521535634995 3.36661791801453 3.36097490787506 1.52610683441162 3.63401484489441 5.15773344039917 3.65099608898163 2.59239900112152 1.32487723231316 1.59952872991562 2.20847475528717 2.90249025821686 4.11088728904724 20.7694510817528 29.0682649612427 -9999 -9999 -9999 -9999 17.548882484436 10.7925388813019 8.29901647567749 8.20484304428101 7.65140247344971 6.89129376411438 -9999 -9999 -9999 -9999 -9999 -9999
-9999 -9999 -9999 -9999 -9999 -9999 -9999 -9999 -9999 -9999 2.69814366102219 2.65477126836777 2.7134662270546 2.69242125749588 2.56508392095566 2.64245545864105 2.72439676523209 2.82728630304337 2.93266868591309 3.42199945449829 2.57332581281662 2.71993643045425 2.48584198951721 2.30530124902725 1.95782250165939 2.05772960186005 2.13765299320221 1.739670753479 1.66269528865814 1.99213582277298 3.4618684053421 4.54088634252548 5.36690139770508 3.60999512672424 1.26730799674988 1.1540384888649 2.27050656080246 1.34169298410416 1.1708662211895 1.73040229082108 2.21528095006943 2.36746501922607 2.45256525278091 5.06332647800446 10.8507682032956 -9999 -9999 -9999 -9999 -9999 -9999 -9999 8.98191483500527 5.31152701377869 4.08227634429932 4.27427387237549 10.8786277770996 -9999 -9999 -9999 -9999 -9999
-9999 -9999 -9999 -9999 -9999 -9999 -9999 -9999 -9999 4.3704868555069 2.89376628398895 2.82753896713257 2.71076327562332 2.77328771352768 2.6908215880394 2.69080871343613 2.82680475711823 3.16611742973328 3.21772348880768 3.02032560110092 2.98404747247696 3.22867727279663 2.99111706018448 2.6000069975853 2.10742950439453 1.71775728464127 1.84431302547455 1.8944519162178 1.73005950450897 1.08558297157288 1.13346076011658 1.61829453706741 2.52004498243332 3.12167179584503 4.35274708271027 14.4807904958725 1.41737848520279 1.52988231182098 1.64111173152924 1.773073554039 3.42575991153717 5.18137586116791 5.24888849258423 15.9291114807129 13.8998352781083 33.0447750091553 -9999 -9999 -9999 18.1342058862959 14.6975383758545 17.428607583046 13.6308860778809 12.7223553657532 4.1711483001709 4.03314542770386 14.754256495723 -9999 -9999 -9999 -9999 -9999
-9999 -9999 -9999 -9999 -9999 -9999 -9999 -9999 -9999 -9999 2.90798181295395 2.73300755023956 2.76167768239975 2.7488272190094 2.66042697429657 2.52327597141266 3.02278339862823 2.71494823694229 3.36823117733002 2.99647146463394 3.08842885494232 2.90780407190323 2.93820816278458 2.74050968885422 2.12885928153992 1.8304905295372 1.9114403128624 2.08583700656891 2.11930882930756 2.6530365049839 2.99704796075821 3.60654759407043 1.60450047254562 8.03192263841629 13.8176071643829 13.7006301283836 1.46268528699875 1.98561519384384 2.31274795532227 2.33528923988342 4.00543141365051 6.80565619468689 4.57743895053864 3.45687460899353 7.67370564208447 -9999 -9999 -9999 -9999 -9999 13.6316364833287 14.6619134902954 15.9293221746172 14.4442176818848 9.9107551574707 -9999 -9999 -9999 -9999 -9999 -9999 -9999
-9999 -9999 -9999 -9999 -9999 -9999 -9999 -9999 -9999 3.67937564849854 2.95084798336029 2.6766539812088 2.50086683034897 2.5942440032959 2.58898043632507 2.30459028482437 2.40587317943573 2.48048257827759 2.41876351833344 1.62175583839417 1.46847903728485 2.43244868516922 2.71092367172241 1.76529228687286 1.51982849836349 1.57204806804657 1.69168281555176 1.75541621446609 1.51642727851868 2.45882928371429 2.9272313117981 3.76852691173553 6.12289649248123 1.55388218164444 1.30986303091049 1.22106152772903 1.52291858196259 3.28118026256561 3.85652339458466 3.98057699203491 5.14201641082764 5.94424259662628 3.82350289821625 6.42473973116828 3.86466658115387 -9999 -9999 -9999 -9999 -9999 12.606940805912 20.4109732082912 19.9624857902527 25.4726116246191 -9999 -9999 -9999 -9999 -9999 -9999 -9999 -9999
-9999 -9999 -9999 -9999 -9999 -9999 -9999 -9999 -9999 3.0026181936264 2.94956928491592 3.09234595298767 2.98218905925751 3.0325380563736 3.23486852645874 2.97775357961655 2.71690052747726 2.72623425722122 3.30264973640442 2.98047250509262 2.83937400579453 2.80625402927399 2.73184508085251 2.83156237006187 1.96543729305267 1.98962241411209 2.14118099212646 1.60517549514771 1.78287899494171 2.0618280172348 1.15000274777412 1.42131900787354 1.54912126064301 1.63161367177963 1.67671948671341 1.27764371037483 4.04012632369995 7.8407199382782 8.48186945915222 8.21579146385193 8.06791520118713 4.13635039329529 3.39055359363556 8.35010349345439 3.86466693878174 -9999 -9999 -9999 -9999 12.1949715614319 -9999 -9999 -9999 -9999 -9999 -9999 -9999 -9999 -9999 -9999 -9999 -9999
-9999 -9999 -9999 -9999 -9999 -9999 -9999 -9999 -9999 3.37893962860107 3.28917074203491 3.46758913993835 3.604079246521 3.56934213638306 3.45960760116577 3.22246420383453 3.19980883598328 3.24868333339691 3.08097767829895 2.90025663375854 2.70688116550446 2.0569109916687 1.95309966802597 3.21729531884193 2.35604166984558 2.54181969165802 2.69572341442108 2.85969758033752 2.88170778751373 2.87709367275238 2.962670981884 1.0495665371418 1.4180234670639 2.47029519081116 4.44736039638519 6.5062894821167 10.3084924221039 11.4197115898132 8.94867897033691 6.9480357170105 5.66199445724487 4.63990581035614 8.63552757377055 -9999 -9999 -9999 -9999 -9999 -9999 -9999 -9999 -9999 -9999 -9999 -9999 -9999 -9999 -9999 -9999 -9999 -9999 -9999
-9999 -9999 -9999 -9999 -9999 -9999 -9999 -9999 14.6380044937134 3.82028138637543 3.53297567367554 3.64752316474915 3.53772139549255 3.38824796676636 3.22827386856079 3.03679132461548 2.95826321840286 3.04149377346039 2.81720101833344 2.60768768191338 2.28953629732132 2.40071001648903 2.73583632707596 3.89083349704742 3.46936726570129 2.64115726947784 2.62389153242111 3.17787194252014 3.19060742855072 3.65168702602386 3.13351714611053 2.96301001310349 1.90315192937851 3.27418291568756 4.75202322006226 7.69202256202698 9.59022116661072 8.47500658035278 5.48482739925385 4.73927915096283 4.44324231147766 9.60012290907688 14.1779280398265 -9999 -9999 -9999 -9999 -9999 -9999 -9999 -9999 -9999 -9999 -9999 -9999 -9999 -9999 -9999 -9999 -9999 -9999 -9999
-9999 -9999 -9999 -9999 -9999 -9999 -9999 3.28386068344116 3.6776827275753 3.31455659866333 3.3107578754425 3.3979514837265 3.40178096294403 3.19619035720825 3.05257201194763 2.85466432571411 2.65887379646301 2.60109758377075 2.15637302398682 1.89683103561401 1.84017741680145 2.38331097364426 3.40205347537994 2.90885549783707 4.12540644407272 4.13292610645294 3.01884913444519 3.11694288253784 3.34900689125061 3.7969466149807 3.39889562129974 4.6043518781662 4.41556799411774 5.55675745010376 14.2183082699776 6.60483956336975 6.60210013389587 4.94994449615479 3.88567364215851 3.62830209732056 20.6754767310272 5.69786846637726 3.25656187534332 -9999 -9999 -9999 -9999 -9999 -9999 -9999 -9999 -9999 -9999 -9999 -9999 -9999 -9999 -9999 -9999 -9999 -9999 -9999
-9999 -9999 -9999 -9999 -9999 -9999 3.63628946031843 4.39112963676453 4.37720003128052 3.23414862155914 3.24762976169586 3.21718060970306 3.24815690517426 3.15720462799072 2.81670516729355 2.73002475500107 2.52121943235397 1.9664391875267 2.08363205194473 2.21545279026031 2.09574526548386 3.09641066193581 3.72445982694626 2.8396110534668 4.80887228250504 4.48886060714722 3.10394990444183 3.42712140083313 3.16443827748299 3.70166355371475 3.81861662864685 4.90523636341095 4.81346690654755 5.65428757667542 5.30521667003632 4.8071129322052 4.09597563743591 3.23899412155151 2.66544753313065 -9999 -9999 -9999 -9999 -9999 -9999 -9999 -9999 -9999 -9999 -9999 -9999 -9999 -9999 -9999 -9999 -9999 -9999 -9999 -9999 -9999 -9999 -9999
-9999 -9999 -9999 -9999 6.51181375980377 3.6795540026256 3.53530286039625 4.67350506782532 3.77056646347046 3.2052218914032 3.10502171516418 3.10296142101288 3.10738277435303 3.22341442108154 3.23114490509033 2.35200875997543 2.30861181020737 1.99686527252197 2.70361572504044 2.90481823682785 2.92544549703598 3.20628789067268 3.66791439056396 4.04984468221664 3.80743503570557 3.62027084827423 3.35196912288666 3.0003901720047 3.71847724914551 4.13507902622223 3.97718703746796 3.91597044467926 3.46848285198212 2.863146007061 2.7787851691246 2.89383226633072 4.91708242893219 4.27961254119873 -9999 -9999 -9999 -9999 -9999 -9999 -9999 -9999 -9999 -9999 -9999 -9999 -9999 -9999 -9999 -9999 -9999 -9999 -9999 -9999 -9999 -9999 -9999 -9999
-9999 -9999 -9999 -9999 3.9154018163681 3.66668701171875 3.47869333199092 3.31350415093558 3.21498692035675 3.18086636066437 3.0875655412674 3.05539333820343 2.98054128885269 3.34323075413704 2.66858768463135 2.54936170578003 2.5174965262413 3.21689307689667 3.42235350608826 3.13607168197632 3.20023047924042 3.38079679012299 3.81831675767899 3.43802583217621 3.90596401691437 4.06448936462402 3.57997512817383 3.20895981788635 3.13637244701385 3.34592700004578 6.93186038732529 3.84891664981842 3.18044400215149 3.1394716501236 2.77627569437027 2.08487033843994 7.03885638713837 -9999 -9999 -9999 -9999 -9999 -9999 -9999 -9999 -9999 -9999 -9999 -9999 -9999 -9999 -9999 -9999 -9999 -9999 -9999 -9999 -9999 -9999 -9999 -9999 -9999
-9999 60.3849687949239 7.18379132564251 3.67024755477905 3.64459158693041 3.25929742200034 3.11992120742798 3.09498391832624 3.26259684562683 3.1294709444046 3.06646192073822 3.03714466094971 3.19172179698944 2.46207296848297 2.62538623809814 2.67127722501755 2.64783078432083 3.44991910457611 3.63296091556549 3.21810901165009 3.1501886844635 3.51455399394035 3.54162561893463 2.76014578342438 2.78022480010986 5.1872820854187 4.49102103710175 3.6609263420105 5.92949402332306 7.86932408809662 7.61199939250946 3.42557537555695 2.86400932073593 2.81955832242966 6.08063403765361 34.944703703231 -9999 -9999 -9999 -9999 -9999 -9999 -9999 -9999 -9999 -9999 -9999 -9999 -9999 -9999 -9999 -9999 -9999 -9999 -9999 -9999 -9999 -9999 -9999 -9999 -9999 -9999
3.55630785226822 5.65127337895907 5.63013249635696 3.63281566756112 3.22020670345851 3.62689769268036 3.23162126541138 3.21828624180385 3.45093083381653 3.32638514041901 3.30576610565186 3.02989053726196 2.41654005646706 3.09706878662109 2.57006469368935 2.32091706991196 2.95244246721268 3.22255790233612 3.54453527927399 3.19511917233467 2.14165377616882 2.20834398269653 2.35170996189117 2.37829554080963 2.82654523849487 4.82645094394684 3.62908565998077 2.78705245256424 2.77320152521133 2.62332218885422 3.06025636196136 4.77000761032104 5.0096093416214 -9999 -9999 -9999 -9999 -9999 -9999 -9999 -9999 -9999 -9999 -9999 -9999 -9999 -9999 -9999 -9999 -9999 -9999 -9999 -9999 -9999 -9999 -9999 -9999 -9999 -9999 -9999 -9999 -9999
3.6430849134922 3.85125238895416 3.51420342922211 3.48662233352661 4.01434171199799 3.61805522441864 3.40089225769043 3.57182478904724 3.2055685043335 3.39111006259918 3.11717176437378 3.00440329313278 2.31941172480583 2.41265398263931 2.10277497768402 2.32138055562973 2.97177082300186 3.37890529632568 2.37806850671768 3.84935188293457 2.18978559970856 2.1971971988678 2.04228973388672 2.39411622285843 2.27948440611362 2.90045803785324 2.80635291337967 3.62515366077423 2.7835448384285 3.53605949878693 4.36853170394897 4.85519564151764 4.32526409626007 4.67112256586552 4.81932661682367 7.94560901685194 -9999 -9999 -9999 -9999 -9999 -9999 -9999 -9999 -9999 -9999 -9999 -9999 -9999 -9999 -9999 -9999 -9999 -9999 -9999 -9999 -9999 -9999 -9999 -9999 -9999 -9999
4.07273468971252 3.35577034950256 3.93805155158043 4.28996646404266 3.63638484477997 3.55720496177673 3.46125912666321 3.26472759246826 3.11251509189606 3.0316869020462 3.18374401330948 3.20620277523994 2.03441172838211 2.19371616840363 1.82181300222874 2.42398577928543 2.36198258399963 2.29117101430893 2.43148374557495 2.45265102386475 2.05636519193649 1.95041751861572 2.27072525024414 2.91166400909424 3.02312964200974 3.24594229459763 3.53117805719376 2.63843554258347 4.26366865634918 4.44088101387024 10.7920797846534 -9999 -9999 -9999 -9999 -9999 -9999 -9999 -9999 -9999 -9999 -9999 -9999 -9999 -9999 -9999 -9999 -9999 -9999 -9999 -9999 -9999 -9999 -9999 -9999 -9999 -9999 -9999 -9999 -9999 -9999 -9999
3.91861724853516 3.86890983581543 3.69592273235321 4.19331711530685 3.71956944465637 3.86764740943909 3.8206912279129 3.49769639968872 3.46242141723633 3.43574774265289 3.78075903654099 2.74220180511475 2.19172346591949 1.83602397143841 1.92835199832916 2.51431766152382 2.01285076141357 2.89933723211288 2.64839553833008 3.59537243843079 2.15553647279739 2.33618557453156 2.83458733558655 3.05049592256546 3.35097146034241 4.0846871137619 2.67844355106354 3.8060656785965 4.07338154315948 4.35615026950836 4.67274677753448 5.15606873376029 -9999 -9999 -9999 -9999 -9999 -9999 34.5649286050063 12.6942715644836 -9999 -9999 -9999 -9999 -9999 -9999 -9999 -9999 -9999 -9999 -9999 -9999 -9999 -9999 -9999 -9999 -9999 -9999 -9999 -9999 -9999 -9999
4.794513463974 4.47863960266113 4.2547527551651 4.28159415721893 4.66534824371338 4.37414830071586 3.72851872444153 3.5926126241684 3.63512849807739 3.57822811603546 3.21004056930542 2.14915797114372 1.86932292580605 1.87350976467133 1.76366007328033 3.19001019001007 3.07813632488251 1.87750446796417 2.08688050508499 2.56703853607178 2.4769731760025 2.57984858751297 3.45109415054321 3.44810569286346 2.40711218118668 2.47428756952286 2.52133423089981 5.3724080324173 4.99195218086243 5.00610780715942 4.88492935504356 3.42093944549561 -9999 -9999 -9999 -9999 -9999 -9999 -9999 -9999 -9999 -9999 -9999 -9999 -9999 -9999 -9999 -9999 -9999 -9999 -9999 -9999 -9999 -9999 -9999 -9999 -9999 -9999 -9999 -9999 -9999 -9999
-9999 -9999 -9999 -9999 -9999 5.57232963288581 5.60727351903915 3.8003203868866 3.41675698757172 3.10427856445312 2.93862891197205 1.85741820931435 2.06239083409309 1.87165522575378 1.96423894166946 1.93353974819183 2.23980379104614 2.75105345249176 2.88750320672989 2.76268869638443 2.62545078992844 2.66690325737 3.83417952060699 4.38739474117756 4.97344093972986 4.95581426790782 -9999 -9999 -9999 -9999 -9999 -9999 -9999 -9999 -9999 -9999 -9999 -9999 -9999 -9999 -9999 -9999 -9999 -9999 -9999 -9999 -9999 -9999 -9999 -9999 -9999 -9999 -9999 -9999 -9999 -9999 -9999 -9999 -9999 -9999 -9999 -9999
-9999 -9999 -9999 -9999 -9999 -9999 4.14857661724091 3.32151210308075 2.53326308727264 2.39365804195404 1.97586232423782 1.92820656299591 2.16897475719452 2.28272122144699 2.58206379413605 2.96139574050903 3.55272734165192 3.34596288204193 3.51080060005188 2.5723859667778 2.68164306879044 4.12054198980331 8.3903980255127 6.75213727743729 -9999 -9999 -9999 -9999 -9999 -9999 -9999 -9999 -9999 -9999 -9999 -9999 -9999 -9999 -9999 -9999 -9999 -9999 -9999 -9999 -9999 -9999 -9999 -9999 -9999 -9999 -9999 -9999 -9999 -9999 -9999 -9999 -9999 -9999 -9999 -9999 -9999 -9999
