EcologicalScience/Bass/data/rs_data_bass/chl_268.asc
NCOLS 226 
NROWS 124 
XLLCORNER -9.41648524995501 
YLLCORNER 47.587301625531 
CELLSIZE 0.0833 
NODATA_value -9999 
[rows 54 to 80 of 124, columns 0 to 61 of 226]
-9999 -9999 -9999 -9999 -9999 -9999 -9999 -9999 -9999 -9999 -9999 -9999 -9999 -9999 -9999 -9999 -9999 -9999 -9999 -9999 -9999 -9999 -9999 -9999 -9999 -9999 -9999 -9999 -9999 -9999 -9999 -9999 -9999 -9999 -9999 -9999 -9999 -9999 5.0247835946748 5.74488956853747 1.79709899425507 1.58464425802231 1.289740473032 1.09413599967957 1.19382977485657 1.15808549523354 1.10615104436874 1.09571964613029 1.10251466504165 1.18840539029666 1.2663682784353 1.3026916214398 1.58582380414009 1.80283544744764 1.92147977011544 2.13557529449463 2.27701773813793 2.43412083813122 -9999 0.607058599591255 0.62790758907795 2.00324293258397
-9999 -9999 -9999 -9999 -9999 -9999 -9999 -9999 -9999 -9999 -9999 -9999 -9999 -9999 -9999 -9999 -9999 -9999 -9999 -9999 -9999 -9999 -9999 -9999 -9999 -9999 -9999 -9999 -9999 -9999 -9999 -9999 -9999 -9999 -9999 -9999 -9999 -9999 -9999 1.80612069368362 1.73832142353058 1.45430329442024 1.3479922413826 1.34262147545815 1.2305435197694 1.16941225954465 1.13351014469351 1.16599729018552 1.31635020247528 1.19480804034642 1.27751785090991 1.38999795275075 1.57717264550073 1.71460777095386 1.93808417660849 2.02381445169449 2.27391959288541 -9999 -9999 -9999 -9999 -9999
-9999 -9999 -9999 -9999 -9999 -9999 -9999 -9999 -9999 -9999 -9999 -9999 -9999 -9999 -9999 -9999 -9999 -9999 -9999 -9999 -9999 -9999 -9999 -9999 -9999 -9999 -9999 -9999 -9999 -9999 -9999 -9999 -9999 -9999 -9999 -9999 -9999 -9999 -9999 -9999 1.7632871568203 1.96199360489845 1.94635310769081 1.70690295951707 1.47552135586739 1.32893717714718 1.16868146615369 1.17220076705728 1.42679462901184 1.28328876410212 1.2816317911659 1.37808001680034 1.60904140131814 1.84545726861273 2.02139379296984 2.10347357818059 2.28127219676971 2.45183148384094 3.23252473274867 -9999 -9999 -9999
-9999 -9999 -9999 -9999 -9999 -9999 -9999 -9999 -9999 -9999 -9999 -9999 -9999 -9999 -9999 -9999 -9999 -9999 -9999 -9999 -9999 -9999 -9999 -9999 -9999 -9999 -9999 -9999 -9999 -9999 -9999 -9999 -9999 -9999 -9999 -9999 -9999 -9999 -9999 -9999 2.78389775753021 1.76870516794068 1.56649203811373 1.73673206142017 1.64254423550197 1.57713712538992 1.54293744053159 1.51965265401772 1.52636631258896 1.50840873803411 1.40303708400045 1.48976247438363 1.5992069031511 1.79603558778763 1.90294783881732 1.85593869004931 1.92468609809876 2.09043660163879 2.10433347225189 2.76297680139542 2.4933414192342 -9999
-9999 -9999 -9999 -9999 -9999 -9999 -9999 -9999 -9999 -9999 -9999 -9999 -9999 -9999 -9999 -9999 -9999 -9999 -9999 -9999 -9999 -9999 -9999 -9999 -9999 -9999 -9999 -9999 -9999 -9999 -9999 -9999 -9999 -9999 -9999 -9999 -9999 -9999 -9999 -9999 -9999 1.77983288679804 1.60080991898264 1.58873785819326 1.74510562419891 1.6771719115121 1.65408399275371 1.70024168065616 1.62656970109258 1.63948600632804 1.5613561889955 1.40412957966328 1.36419796305043 1.49456035239356 1.71604861531939 1.62330529945237 1.96510354961668 1.98176926374435 2.08482223749161 2.62818298339844 2.91557809114456 -9999
-9999 -9999 -9999 -9999 -9999 -9999 -9999 -9999 -9999 -9999 -9999 -9999 -9999 -9999 -9999 -9999 -9999 -9999 -9999 -9999 -9999 -9999 -9999 -9999 -9999 -9999 -9999 -9999 -9999 -9999 -9999 -9999 -9999 -9999 -9999 -9999 -9999 -9999 -9999 -9999 -9999 1.81876311983381 1.69077329124723 1.69428929686546 1.69796670760427 1.65412251438413 1.51411711105279 1.63468596339226 1.73199240650449 1.62769585847855 1.50166378063815 1.49938373693398 1.22730735157217 1.38399721256324 1.47255024739674 1.49447339773178 1.95172407797405 1.9179847240448 1.97319674491882 1.73309471525929 -9999 -9999
-9999 -9999 -9999 -9999 -9999 -9999 -9999 -9999 -9999 -9999 -9999 -9999 -9999 -9999 -9999 -9999 -9999 -9999 -9999 -9999 -9999 -9999 -9999 -9999 -9999 -9999 -9999 -9999 -9999 -9999 -9999 -9999 -9999 -9999 -9999 -9999 -9999 -9999 -9999 -9999 2.99933791160583 1.92735924891063 1.87680111612592 1.77291448627199 1.85739836096764 1.79297930002213 1.6564456650189 1.56391511218888 1.61196764026369 1.59398285405976 1.57291723787785 1.68927776813507 1.29461278234209 1.5001946325813 1.64464288524219 1.76311463969094 2.07032037632806 -9999 -9999 3.53248155117035 4.32525928020477 4.62977632028716
-9999 -9999 -9999 -9999 -9999 -9999 -9999 -9999 -9999 -9999 -9999 -9999 -9999 -9999 -9999 -9999 -9999 -9999 -9999 -9999 -9999 -9999 -9999 -9999 -9999 -9999 -9999 -9999 -9999 -9999 -9999 -9999 -9999 -9999 -9999 -9999 -9999 -9999 -9999 2.37101924419403 2.12735509872437 1.99577584862709 1.7819100022316 1.87904107996396 1.95727095007896 1.65597724914551 1.49632552862167 1.47351396509579 1.55524436065129 1.41984502545425 1.36973246506282 1.41119225748948 1.43177091862474 1.56873569318226 1.69762010233743 1.75134693299021 2.06479971323694 1.86871924996376 1.86619083370481 2.37229113067899 2.87310610924448 2.89535493084363
-9999 -9999 -9999 -9999 -9999 -9999 -9999 -9999 -9999 -9999 -9999 -9999 -9999 -9999 -9999 -9999 -9999 -9999 -9999 -9999 -9999 -9999 -9999 -9999 -9999 -9999 -9999 -9999 -9999 -9999 -9999 -9999 -9999 -9999 -9999 -9999 -9999 -9999 -9999 2.36836043000221 1.96526169776917 1.87494152784348 1.81037619709969 1.78011864423752 1.79891790236746 1.52476528286934 1.6289036827428 1.52976354105132 1.59270108938217 1.53813942841121 1.38925214537552 1.3958384181772 1.44753560849598 1.49308538649763 1.5947294660977 1.78718539646694 1.90236278516906 1.97396633454732 1.69479504653386 2.23433446884155 2.48444582309042 2.58262483988489
-9999 -9999 -9999 -9999 -9999 -9999 -9999 -9999 -9999 -9999 -9999 -9999 -9999 -9999 -9999 -9999 -9999 -9999 -9999 -9999 -9999 -9999 -9999 -9999 -9999 -9999 -9999 -9999 -9999 -9999 -9999 -9999 -9999 -9999 -9999 -9999 -9999 -9999 2.35208362340927 2.21559226512909 1.84578377008438 1.77650927220072 1.5891076198646 1.64219815390451 1.57589988623347 1.56850326061249 1.66627639532089 1.50594077365739 1.41614686591285 1.43940248659679 1.28596908279828 1.28400886697429 1.31248465393271 1.55227120859282 1.75456347635814 1.79770583765847 1.60073521307537 1.54922378488949 1.54249310067722 2.11302387714386 2.57209658196994 2.81109518664224
-9999 -9999 -9999 -9999 -9999 -9999 -9999 -9999 -9999 -9999 -9999 -9999 -9999 -9999 -9999 -9999 -9999 -9999 -9999 -9999 -9999 -9999 -9999 -9999 -9999 -9999 -9999 -9999 -9999 -9999 -9999 -9999 -9999 -9999 -9999 -9999 -9999 -9999 1.9723088145256 1.86885523796082 1.67098945379257 1.55524436065129 1.58020328623908 1.44531169320856 1.47344253531524 1.54645965993404 1.41907104849815 1.35114318558148 1.3621395783765 1.32321698325021 1.37398522391039 1.34667333534786 1.41578435259206 1.3704510735614 1.60169706600053 1.61709671361106 1.57871176089559 1.60577212061201 2.22810083627701 1.78092121226447 2.43103258098875 2.65778540713446
-9999 -9999 -9999 -9999 -9999 -9999 -9999 -9999 -9999 -9999 -9999 -9999 -9999 -9999 -9999 -9999 -9999 -9999 -9999 -9999 -9999 -9999 -9999 -9999 -9999 -9999 -9999 -9999 -9999 -9999 -9999 -9999 -9999 -9999 -9999 -9999 -9999 4.17295712866682 1.79147976636887 1.55018073320389 1.49519523978233 1.41965966565268 1.45059637839978 1.42057916522026 1.43157798647881 1.53194215255124 1.45692795089313 1.01456466742924 1.01784843206406 1.36192122101784 1.44902195462159 1.41006905053343 1.42820164561272 1.45494146857943 1.541463719947 1.55138005103384 1.577165301357 1.63050929137639 1.79770158444132 1.97757958940097 2.43852531909943 2.57281736816679
-9999 -9999 -9999 -9999 -9999 -9999 -9999 -9999 -9999 -9999 -9999 -9999 -9999 -9999 -9999 -9999 -9999 -9999 -9999 -9999 -9999 -9999 -9999 -9999 -9999 -9999 -9999 -9999 -9999 -9999 -9999 -9999 -9999 -9999 -9999 -9999 -9999 1.92019808292389 1.74756228923798 1.12813675403595 1.39803733733984 1.3393909747784 1.39450928143093 1.3527928352356 1.33476345539093 1.31015049219131 1.39031237714431 1.40791698238429 1.03781117200851 1.51273593945163 1.68507795248713 1.6208752308573 1.57782690652779 1.62210359317916 1.59307909011841 1.67629390954971 1.55911801968302 1.78714764118195 1.90470224618912 2.17556435721261 2.2783514218671 2.32131454774312
-9999 -9999 -9999 -9999 -9999 -9999 -9999 -9999 -9999 -9999 -9999 -9999 -9999 -9999 -9999 -9999 -9999 -9999 -9999 -9999 -9999 -9999 -9999 -9999 -9999 -9999 -9999 -9999 -9999 -9999 -9999 -9999 -9999 -9999 -9999 -9999 5.62898411750793 1.97038042545319 1.77231001853943 0.474470257759094 0.586757227778435 1.29940940226827 1.24053929448128 1.27522197365761 0.828325197100639 1.37233016946737 1.41441772089285 1.45085652435527 0.647811770439148 0.994833421707153 1.91515994923455 1.77751462800162 1.7263810975211 1.72300865394729 1.72999012470245 1.59012375559126 1.7334500849247 2.17303990040507 2.19493211592947 2.24639481731823 2.66575914621353 2.21931526064873
-9999 -9999 -9999 -9999 -9999 -9999 -9999 -9999 -9999 -9999 -9999 -9999 -9999 -9999 -9999 -9999 -9999 -9999 -9999 -9999 -9999 -9999 -9999 -9999 -9999 -9999 -9999 -9999 -9999 -9999 -9999 38.3956853628159 1.31959314644337 -9999 2.10493344068527 2.52477952837944 2.11460768580437 1.49454753188526 1.2720183134079 1.4752425977162 1.22692047357559 1.20471006105928 1.27627307001282 1.25915095735999 0.830725002288818 1.29582539025475 1.31749211690005 0.679002732038498 1.41191052338656 1.50214493625304 1.52170090640292 2.07437286376953 2.00717458554677 1.68959536722728 1.66558086020606 1.88199034758977 2.3079785151141 2.40733557088034 2.38937814320837 2.28212801047734 2.14610199928284 2.56734458208084
-9999 -9999 -9999 -9999 -9999 -9999 -9999 -9999 -9999 -9999 -9999 -9999 -9999 -9999 -9999 -9999 -9999 -9999 -9999 -9999 -9999 -9999 0.346259817481041 30.4822603225708 1.67712378501892 35.084176003933 11.8707932472229 3.89045600891113 1.75680148601532 1.91035133600235 1.60934080928564 1.6319745182991 2.39869065795626 1.52793285407518 1.79335700764376 1.69421757012606 1.37130184471607 1.3044628277421 0.914090880325862 0.869403767585754 0.854588568210602 0.682319521903992 0.886828398704529 0.812909099459648 0.895055389404297 1.21074524697135 0.969125282764435 1.34995156351258 0.872497251629829 1.58637495835622 1.53819195926189 1.20294653177261 2.20820155314037 2.26094856006759 1.80953427723476 2.16491306253842 2.92680544086865 3.19241362810135 5.81403738435577 -9999 -9999 -9999
-9999 -9999 -9999 -9999 -9999 -9999 -9999 -9999 -9999 -9999 -9999 -9999 -9999 -9999 -9999 -9999 -9999 -9999 -9999 -9999 -9999 -9999 50.2594878897071 44.6641344308853 3.04670050144196 1.1774791436536 1.1847547441721 2.74449980258942 1.69045203924179 1.55260866880417 0.863725036382675 1.11664924025536 1.36609396338463 0.984536498785019 0.914211004972458 0.829282015562057 0.952153921127319 0.910604393482208 0.876485270261765 0.842446638005121 0.714781082593478 0.894378733634949 0.926848101615906 0.682741743326187 0.709437957406044 0.783075171709061 1.59653256570592 1.6988772259039 1.69256097078323 1.69261050224304 1.39048203825951 1.37596105337143 2.19120369354884 2.09646674990654 2.24301310903148 -9999 -9999 -9999 -9999 -9999 -9999 -9999
-9999 -9999 -9999 -9999 -9999 -9999 -9999 -9999 -9999 -9999 -9999 -9999 -9999 -9999 -9999 -9999 -9999 -9999 -9999 6.38596560273852 1.94476801156998 1.6509929895401 1.75381350517273 1.72213733196259 1.57289099693298 1.00438204407692 0.952858507633209 0.899373024702072 0.873660743236542 0.853370279073715 0.846265465021133 0.922610968351364 0.842003256082535 0.792517483234406 0.831588316708803 0.863950997591019 0.889141704887152 0.874811470508575 0.753968507051468 0.737087726593018 0.566259998083115 0.626820757985115 1.08390349149704 1.08593898485689 1.17139892367756 1.18711385481498 1.71843606233597 1.69828051328659 1.89008921384811 1.98344475030899 1.76136960585912 -9999 -9999 -9999 -9999 -9999 -9999 -9999 -9999 -9999 -9999 -9999
-9999 -9999 -9999 -9999 -9999 -9999 -9999 -9999 -9999 -9999 -9999 -9999 -9999 -9999 -9999 -9999 -9999 3.28155243396759 1.67100530862808 1.8931673169136 2.08807343244553 1.50993150472641 1.74810826778412 1.62940567731857 1.30849948525429 0.952422022819519 0.929278492927551 0.912807762622833 0.879871487617493 0.838748216629028 0.994559325277805 0.837154537439346 0.840896219015121 0.802959769964218 0.785726219415665 0.718067988753319 0.877273801714182 1.02217273116112 0.730418741703033 0.74712073802948 0.68470872938633 0.682888492941856 0.69421948492527 0.693583488464355 0.744842246174812 0.776384979486465 0.832298219203949 1.80873155593872 1.67440032645276 1.48502062261105 5.65787582214062 -9999 -9999 -9999 -9999 -9999 -9999 -9999 -9999 -9999 -9999 -9999
-9999 -9999 -9999 -9999 -9999 -9999 -9999 -9999 -9999 -9999 -9999 -9999 -9999 -9999 1.80730658769608 1.67914867401123 1.62381970882416 1.73430973291397 1.47232496738434 1.35575321316719 1.17119398713112 0.987447023391724 0.916920751333237 1.014434248209 1.40882301330566 1.07060328125954 0.899402976036072 0.886163234710693 0.736592620611191 0.783467262983322 0.76545113325119 0.70464751124382 0.827754735946655 0.829313278198242 0.836753278970718 0.715896740555763 0.70202998816967 0.698213249444962 0.758691787719727 0.799048483371735 0.799865216016769 0.716364741325378 0.684265494346619 0.709773749113083 0.796753495931625 0.809130728244781 0.996933734416962 1.78665915131569 1.75056430697441 1.27184062600136 1.36286081671715 2.25842196690409 -9999 -9999 -9999 -9999 -9999 -9999 -9999 -9999 -9999 -9999
-9999 -9999 -9999 -9999 -9999 -9999 -9999 -9999 -9999 -9999 -9999 2.28523201074289 37.4817443490028 4.66921180486679 5.60020875930786 1.3627852499485 1.37771102786064 1.34797802567482 1.29401698708534 1.03778770565987 0.976304233074188 0.850214213132858 1.23997575044632 1.02140203118324 1.43043351173401 0.944515258073807 0.806793987751007 0.725271254777908 0.892162263393402 0.981497213244438 0.770912982523441 0.619161754846573 0.543840363621712 0.750602006912231 0.845718741416931 1.12002545595169 0.688308745622635 0.692446500062943 0.76195952296257 0.782655000686646 0.721423521637917 0.659384250640869 0.645617231726646 0.689508005976677 0.822431981563568 1.47197310626507 0.874048381112516 0.980163821402718 1.60783267517885 1.15264069437981 1.41448172830766 -9999 -9999 -9999 -9999 -9999 6.43672228608021 12.4446740671992 27.1782416179776 62.0051951408386 10.6278055647145 -9999
-9999 -9999 -9999 -9999 -9999 -9999 -9999 -9999 -9999 7.23025836263384 3.50409806728363 4.84260034561157 13.1264100372791 6.9158239364624 3.6177898645401 2.42907750606537 1.69387578964233 1.56872820854187 0.925037652254105 0.750572986900806 5.84650567173958 1.41196823120117 1.2592139840126 0.966311722993851 0.762041240930557 0.719963997602463 0.693557769060135 0.584723502397537 0.557452768087387 0.611367255449295 0.644133746623993 0.644619256258011 0.740727737545967 0.721939489245415 0.705399736762047 0.691398739814758 0.695180252194405 0.714465022087097 0.708977982401848 0.690252766013145 0.677742004394531 0.614702984690666 0.572785511612892 0.711165010929108 0.808195531368256 0.827477216720581 0.807949483394623 0.860377460718155 1.57813594341278 1.06203634142876 1.19821003675461 1.42340484261513 1.27000600099564 4.18597315097677 1.61794970035553 4.02238620604788 4.36851835676602 4.55834968090057 11.0277511358261 10.3427747249603 2.230428814888 -9999
-9999 -9999 -9999 -9999 -9999 6.74073060974479 13.4148590564728 9.64536374807358 1.1964892745018 0.750223115086555 3.47331058979034 5.14052158594131 17.9694136977196 7.22248063981533 3.58399513363838 3.11161078512669 5.03076682984829 4.68405063450336 1.60858534276485 1.73737728595734 3.24124078452587 6.36243116855621 0.612399011850357 0.678560733795166 0.731778502464294 0.696606740355492 0.615598514676094 0.435183018445969 0.794091761112213 0.694356769323349 0.758654236793518 0.750231027603149 0.761505782604218 0.719096258282661 0.70048651099205 0.71594175696373 0.710297986865044 0.729561746120453 0.729698985815048 0.639988481998444 0.553564488887787 0.523224771022797 0.541904255747795 0.564745500683784 0.715707018971443 0.775400966405869 0.832818746566772 0.860787034034729 0.841158717870712 0.829335004091263 1.66454706589381 1.06859931349754 1.16194995641708 1.30605741143227 1.3323720395565 1.1362019777298 1.64236056804657 1.83700507879257 2.32626051902771 2.72994300127029 1.91234028339386 1.53087079524994
-9999 -9999 -9999 -9999 -9999 2.21095508337021 6.0255274772644 4.39723443984985 0.764212511479855 0.69801789522171 5.71854208409786 6.04180271923542 9.62304796278477 4.39711886644363 6.23974442481995 3.80392871797085 6.553596585989 5.15535454452038 5.18340146541595 5.41981834173203 5.36303289234638 0.812278479337692 0.778326407074928 0.896578997373581 0.888663232326508 0.694780513644218 0.666902616620064 0.578999504446983 0.623243242502213 0.681953251361847 0.705291017889977 0.67738576233387 0.70346474647522 0.695047482848167 0.706728011369705 0.732308998703957 0.734658747911453 0.672943487763405 0.514694228768349 0.468920990824699 0.438371255993843 0.446009248495102 0.48344475030899 0.510438770055771 0.556410759687424 0.601501509547234 0.698945268988609 0.72995625436306 0.809478789567947 0.671081230044365 0.730824753642082 0.705992236733437 1.0529550075531 1.08562805056572 1.03695899248123 1.06753876805305 1.14588376879692 1.70658991336823 1.00503301620483 1.21083900332451 1.43364223837852 1.42760923504829
-9999 -9999 -9999 -9999 -9999 4.08028042316437 5.835444688797 0.700906500220299 0.638485126197338 35.4513212442398 12.4528002217412 9.97640758752823 9.42965702712536 8.21718788892031 8.14718728512526 0.918080717325211 3.75395067036152 3.26613481342793 8.45290108770132 3.17002080380917 4.75130282342434 9.43742103874683 0.97111502289772 1.06950423121452 0.860973984003067 0.749378979206085 0.587652012705803 0.733744993805885 0.733685508370399 0.727695375680923 0.608100771903992 0.609788239002228 0.69506174325943 0.691593021154404 0.697919234633446 0.668796747922897 0.54381000995636 0.457665771245956 0.406683728098869 0.326963245868683 0.35428125411272 0.364432498812675 0.351926252245903 0.35955224186182 0.289354495704174 0.615790866315365 0.566242508590221 1.75842366218567 1.5840811252594 1.21471303701401 0.710617406403317 1.20577087402344 1.1604444861412 1.13653633594513 0.267172493040562 1.07519137859344 1.06408386826515 1.16648262143135 1.28849343061447 1.62630257606506 1.81229137182236 2.47016865440777
-9999 -9999 -9999 -9999 -9999 6.32183896119778 3.44058537483215 4.16552174091339 7.71023082733154 0.645539999008179 0.574526742100716 0.726816773414612 14.7606472415583 8.53020020574331 12.7495797872543 0.81699725985527 0.86955401301384 2.85799692571163 2.66684255003929 1.03376647830009 1.33115148544312 1.0840519964695 0.964735984802246 1.04746702313423 0.929731249809265 0.63425025343895 0.608224511146545 0.582415491342545 0.536142736673355 0.505118250846863 0.505005016922951 0.490304991602898 0.675865486264229 0.946321755647659 0.522270753979683 1.35901186045478 1.11503349244595 1.38644418120384 1.81645912925402 1.56756080765473 1.2756667714566 0.658256500959396 0.483274649083614 0.746911227703094 0.613070257008076 0.459121671106134 0.491827282522406 0.300601344555616 1.73245644569397 1.09380853176117 1.15937304496765 2.06266839504242 1.69005297422409 1.39366211891174 1.0182933151722 1.1358430406877 1.14737862135683 1.35301750898361 1.49266853928566 1.62410050630569 1.94812616109848 2.94664754186358
-9999 -9999 -9999 -9999 -9999 1.31503996253014 1.56585067084857 4.05501437187195 3.64644992351532 2.75923651456833 2.20352929830551 1.05742248892784 0.555055506527424 0.764806509017944 0.740364760160446 0.812041997909546 0.858387500047684 0.896186977624893 1.07692450284958 3.1582068130374 0.981495976448059 0.940825253725052 2.0407173037529 1.44433301687241 1.12286752462387 0.930491000413895 0.919340997934341 0.925152242183685 0.805999852716923 0.47301372885704 0.530620872974396 0.86812150478363 0.732412755489349 0.763385504484177 1.02988377213478 1.49916998779072 1.89664129299276 1.64430119097233 1.78053823113441 0.735813900828362 2.59090438485146 1.01637433767319 0.875290483236313 0.666805064678192 0.698611016571522 0.75736702978611 1.35151376128197 1.54902237057686 1.1604984998703 1.07738649845123 1.6918708562851 1.55821769312024 0.920209735631943 1.06028900146484 1.16761251688004 1.47368425130844 1.19994120597839 1.26674503087997 1.36829701066017 1.41755534410477 1.87804477214813 2.19240272045135
