EcologicalScience/Bass/data/rs_data_bass/chl_193.asc
NCOLS 226 
NROWS 124 
XLLCORNER -9.41648524995501 
YLLCORNER 47.587301625531 
CELLSIZE 0.0833 
NODATA_value -9999 
[rows 81 to 107 of 124, columns 62 to 123 of 226]
3.85158455371857 5.97498106956482 7.6620512008667 7.66205191612244 -9999 -9999 -9999 -9999 -9999 -9999 -9999 -9999 -9999 -9999 -9999 -9999 -9999 -9999 -9999 -9999 -9999 -9999 -9999 -9999 -9999 -9999 -9999 -9999 -9999 -9999 -9999 -9999 -9999 -9999 -9999 -9999 -9999 -9999 -9999 -9999 -9999 -9999 -9999 -9999 -9999 -9999 -9999 -9999 -9999 -9999 -9999 -9999 -9999 -9999 -9999 -9999 -9999 -9999 -9999 -9999 -9999 -9999
2.9687519906794 -9999 -9999 -9999 -9999 -9999 -9999 -9999 -9999 -9999 -9999 -9999 -9999 -9999 -9999 -9999 -9999 -9999 -9999 -9999 -9999 -9999 -9999 -9999 -9999 -9999 -9999 -9999 -9999 -9999 -9999 -9999 -9999 -9999 -9999 -9999 -9999 -9999 -9999 -9999 -9999 -9999 -9999 -9999 -9999 -9999 -9999 -9999 -9999 -9999 -9999 -9999 -9999 -9999 -9999 -9999 -9999 -9999 -9999 -9999 -9999 -9999
-9999 -9999 -9999 -9999 -9999 -9999 -9999 -9999 -9999 -9999 -9999 -9999 -9999 -9999 -9999 -9999 -9999 -9999 -9999 -9999 -9999 -9999 -9999 -9999 -9999 -9999 -9999 -9999 -9999 -9999 -9999 -9999 -9999 -9999 -9999 -9999 -9999 -9999 -9999 -9999 -9999 -9999 -9999 -9999 -9999 -9999 -9999 -9999 -9999 -9999 -9999 -9999 -9999 -9999 -9999 -9999 -9999 -9999 -9999 -9999 -9999 -9999
-9999 -9999 -9999 -9999 -9999 -9999 -9999 -9999 -9999 -9999 -9999 -9999 -9999 -9999 -9999 -9999 -9999 -9999 -9999 -9999 -9999 -9999 -9999 -9999 -9999 -9999 -9999 -9999 -9999 -9999 -9999 -9999 -9999 -9999 -9999 -9999 -9999 -9999 -9999 -9999 -9999 -9999 -9999 -9999 -9999 -9999 -9999 -9999 -9999 -9999 -9999 -9999 -9999 -9999 -9999 -9999 -9999 2.58909043184547 2.452132497515 2.48841744661331 2.26362079381943 2.20213508605957
-9999 -9999 -9999 -9999 -9999 -9999 -9999 -9999 -9999 -9999 -9999 -9999 -9999 -9999 -9999 -9999 -9999 -9999 -9999 -9999 -9999 -9999 -9999 -9999 -9999 -9999 -9999 -9999 -9999 -9999 -9999 -9999 -9999 -9999 -9999 -9999 37.1749906539917 -9999 3.1400249004364 3.64323725019182 -9999 -9999 2.77385777235031 2.96272194385529 2.50421172380447 2.70078527927399 2.68918794393539 2.63638043403625 2.44657498598099 2.3035506606102 2.30886608362198 2.42594357728958 -9999 -9999 -9999 3.50031137466431 2.92766100168228 1.89734691381454 1.99106705188751 1.79516476392746 1.99197596311569 2.02614229917526
-9999 -9999 -9999 -9999 -9999 -9999 -9999 -9999 -9999 -9999 -9999 -9999 -9999 4.58953518081795 2.12085708975792 2.1582190990448 2.10761595623834 1.90457210540771 1.12509450316429 -9999 -9999 -9999 -9999 -9999 -9999 -9999 -9999 -9999 2.34803518652916 3.14666676521301 2.62827980518341 3.08761560916901 -9999 3.66949796676636 -9999 -9999 -9999 -9999 2.89760845899582 2.93665355443954 2.83791607618332 2.83013248443604 2.57812643051147 2.43479257822037 2.44933426380157 2.42557042837143 2.37858080863953 2.33538901805878 2.01618218421936 1.93709617853165 2.1212369799614 2.13509094715118 2.36126697063446 2.71782374382019 2.4191055893898 2.38649475574493 1.8844365477562 1.64908879995346 1.3320472240448 1.32599696516991 1.58313828706741 1.27566522359848
-9999 -9999 -9999 -9999 -9999 -9999 -9999 -9999 -9999 -9999 3.14105410235269 1.91953052580357 2.43692681193352 1.76982566714287 1.6341048181057 1.68629541993141 1.66016551852226 1.39089524745941 1.4166487455368 1.31392425298691 4.22069805884266 -9999 1.57114896603993 1.9095321893692 1.91459101438522 -9999 -9999 2.32574138045311 2.25914025306702 2.14960491657257 2.56758892536163 2.5630087852478 3.0471510887146 3.23387932777405 -9999 -9999 3.28017962222197 3.51863765716553 2.97051823139191 2.97362476587296 2.82244795560837 2.54887354373932 2.00455123186111 2.05861043930054 2.12096929550171 2.27476572990417 2.35027348995209 1.98878628015518 1.74915218353271 1.58217966556549 1.63918948173523 1.67673075199127 1.63953226804733 1.37653496861458 1.39732199907303 1.38863852620125 1.3807837665081 1.22457298636436 1.11014699935913 1.12840801477432 1.02980178594589 1.066958963871
-9999 -9999 -9999 -9999 -9999 -9999 -9999 -9999 -9999 2.16246753931046 2.03778523206711 1.49346868693829 1.92939001321793 1.95614701509476 2.08778321743011 1.38413673639297 1.77050421237946 1.39473751187325 1.80094957351685 1.64812427759171 1.75462192296982 2.09693182366235 2.02556258440018 1.95619797706604 1.97696846723557 2.02212828397751 2.09646606445312 1.94222331047058 1.98192518949509 2.05285567045212 2.17267566919327 2.46225142478943 2.68892329931259 2.77286928892136 3.41442596912384 2.90730303525925 2.68796253204346 2.83845072984695 2.47382479906082 2.43376493453979 2.27136075496674 2.03057330846786 1.55864471197128 1.29605323076248 1.15009045600891 1.84859097003937 1.38146924972534 1.52680420875549 1.81414192914963 1.7383199930191 1.68568807840347 1.55480700731277 1.62877571582794 1.79267245531082 1.5521879196167 1.27245971560478 1.02686923742294 0.830173462629318 0.894854217767715 0.984647244215012 1.13900327682495 1.14769721031189
-9999 -9999 -9999 -9999 -9999 -9999 -9999 -9999 -9999 2.01349121332169 1.84134829044342 1.9473540186882 1.8864734172821 2.07941401004791 2.1798135638237 2.27060920000076 2.50960582494736 2.37227779626846 2.36154216527939 1.95206844806671 2.1744292974472 2.1197190284729 2.14755231142044 2.07115119695663 1.87630194425583 1.95379042625427 2.01033157110214 2.05562317371368 2.1117405295372 2.1268755197525 2.1103184223175 2.28425252437592 2.40418195724487 2.36592078208923 2.63175827264786 2.73271268606186 2.67532575130463 2.64266324043274 2.39853376150131 2.23299533128738 1.98363143205643 1.68897968530655 1.04844000935555 0.944085717201233 0.804222017526627 1.02106350660324 0.768957763910294 0.741111740469933 1.38204377889633 1.50575476884842 1.6944996714592 1.71369069814682 1.65113174915314 1.60005444288254 1.64975094795227 1.75062596797943 1.66713380813599 1.12454697489738 1.00549802184105 1.10625529289246 1.26262575387955 1.33184096217155
-9999 -9999 -9999 -9999 -9999 -9999 -9999 -9999 1.49388051670173 1.63209307193756 1.64745676517487 1.79180771112442 1.97784966230392 1.92243075370789 1.96781319379807 2.03550606966019 1.98113626241684 1.8748192191124 1.75322252511978 1.71860700845718 1.88210928440094 1.92360520362854 1.9013489484787 1.84781777858734 1.8449655175209 1.72962820529938 1.7394711971283 1.70438557863235 1.76138699054718 1.89337652921677 2.1225705742836 2.08254146575928 2.22434842586517 2.27635645866394 2.36105400323868 2.38356596231461 2.6551439166069 2.70870226621628 2.14833533763885 1.69647520780563 1.58214372396469 0.97089895606041 0.750366747379303 1.07044503092766 1.13771778345108 1.16207402944565 1.02716320753098 0.960388541221619 0.664377763867378 1.08085870742798 1.2472725212574 1.05294451117516 1.36012503504753 1.48856100440025 1.57269448041916 1.69864869117737 1.79793673753738 1.53193956613541 1.30879122018814 1.25377571582794 1.43873995542526 1.67333632707596
0.809117987751961 0.905492998659611 0.631933495402336 0.776382967829704 -9999 -9999 -9999 2.11274274912747 2.5529887676239 2.41914296150208 1.18253400921822 1.05285711586475 1.48359596729279 2.05147808790207 2.06354624032974 2.0555534362793 2.06518203020096 1.77326774597168 1.88681244850159 1.68650025129318 1.59917932748795 1.61734127998352 1.63271391391754 1.65225005149841 1.6345192193985 1.7016389966011 1.44477528333664 1.33733323216438 1.32473623752594 1.60613858699799 1.43021401762962 1.51328998804092 1.46015927195549 1.43112900853157 1.46258550882339 1.93479305505753 1.92987817525864 1.87903493642807 1.39728829264641 1.01047646999359 0.739285513758659 0.743087992072105 0.733612507581711 0.712751269340515 0.692775741219521 0.979409247636795 1.20748874545097 0.927531749010086 0.739599734544754 1.19703447818756 1.18394923210144 1.39724251627922 1.37090027332306 1.37299346923828 1.2837427854538 1.43074876070023 1.28310522437096 1.14821326732635 1.19592601060867 1.50245922803879 1.88523977994919 2.13523346185684
0.581535011529922 0.62526373565197 0.6927600055933 1.15801271796227 1.27849870920181 0.86381471157074 2.16048753261566 1.59551256895065 1.14758920669556 1.04355722665787 1.22860611230135 1.6105649471283 1.74621820449829 1.7720400094986 1.66716080904007 1.04247978329659 1.15739321708679 1.24982696771622 1.13445898890495 1.1391449868679 1.11082801222801 1.31182578206062 0.954524964094162 0.908333212137222 0.835673242807388 0.788331717252731 0.74956052005291 0.726807743310928 1.23102825880051 0.906469523906708 0.790901273488998 0.716697737574577 0.758819282054901 0.924522042274475 1.03775998950005 1.3311952650547 1.08166721463203 0.971251487731934 0.697548732161522 0.652427986264229 0.698916748166084 0.622434005141258 0.831641256809235 0.57819901406765 0.566298767924309 0.548271015286446 0.542454019188881 0.528500989079475 0.51461099088192 0.52641972899437 0.54168900847435 0.755611538887024 1.13350197672844 1.22663247585297 1.23222604393959 1.28745898604393 0.686813235282898 0.747148498892784 0.895633488893509 1.38220801949501 2.13121569156647 2.32227605581284
0.51867563277483 0.654882363975048 1.09682777523994 0.949035733938217 0.991604268550873 0.873994499444962 0.678850516676903 0.791978269815445 0.656856000423431 1.06018424034119 1.1159340441227 1.41319352388382 1.34810400009155 1.05105748772621 0.989139765501022 0.81148499250412 0.757872015237808 0.731670767068863 1.3619264960289 1.46061900258064 1.54040694236755 1.97727906703949 2.00283604860306 1.98978155851364 2.12113058567047 0.696787521243095 0.709859982132912 0.662636250257492 0.654996737837791 0.658130988478661 0.66872102022171 0.790440738201141 0.771717041730881 0.639980256557465 0.634239748120308 0.675008252263069 0.725372985005379 0.690071269869804 0.620220020413399 0.60589425265789 0.613207519054413 0.60767774283886 0.756310522556305 0.842630982398987 0.870116293430328 0.698444992303848 0.508393496274948 0.516708746552467 0.512378990650177 0.567713990807533 0.565096512436867 0.575637012720108 0.777635961771011 0.597678735852242 0.628274247050285 0.654501736164093 0.815052777528763 0.960142493247986 1.20106878876686 1.40243178606033 1.66601318120956 1.69750052690506
0.467314749956131 0.461469247937202 0.53015099465847 0.553249508142471 0.649568259716034 0.638103738427162 1.0385377407074 0.663418516516685 0.62238147854805 0.621931493282318 0.816325485706329 0.901846468448639 0.960153758525848 1.0068165063858 0.789607465267181 0.966804027557373 1.28400671482086 1.44115349650383 1.57868474721909 1.99716907739639 2.09402704238892 2.16452103853226 2.11470901966095 2.07631874084473 2.112100481987 2.35747128725052 1.15935822576284 1.25331261008978 0.674929484724998 0.740278512239456 0.6863062530756 0.708719998598099 0.688266769051552 0.761224508285522 0.733618497848511 0.774668276309967 0.855505496263504 0.725905492901802 0.84805503487587 0.62558551132679 0.613237515091896 0.643812015652657 0.597924739122391 0.568833008408546 0.541664242744446 0.505078509449959 0.60769347846508 0.655671760439873 0.506002485752106 0.583670988678932 0.61258801817894 0.631238266825676 0.80266946554184 0.768800228834152 0.800238758325577 0.874291509389877 0.898168534040451 0.919624507427216 0.956425487995148 1.02591446042061 1.26812848448753 1.2596752345562
0.582599267363548 0.644230484962463 0.603599265217781 0.613834485411644 0.717765748500824 0.433611512184143 0.680263102054596 0.709223628044128 0.624176993966103 0.825087010860443 1.01643526554108 0.831312730908394 0.627505481243134 0.586565986275673 0.667526990175247 0.681806266307831 0.997955292463303 1.14555153250694 1.83052128553391 1.83309602737427 2.22893625497818 2.42038053274155 2.29000282287598 1.93178325891495 2.21516543626785 2.35730695724487 2.35741871595383 1.68685573339462 0.768554270267487 0.832853972911835 0.873332262039185 0.917655766010284 0.884669244289398 0.964888483285904 0.949744462966919 0.929013043642044 0.952355235815048 0.951213777065277 0.81717449426651 0.748278021812439 0.741528019309044 0.702417746186256 0.853985220193863 0.867136538028717 0.784637957811356 0.721039518713951 0.663501754403114 0.621314987540245 0.612523511052132 0.651648759841919 0.673100978136063 0.729620978236198 0.741631507873535 0.723291009664536 0.751616209745407 0.839381217956543 0.909953266382217 1.13101127743721 1.20658046007156 1.5680136680603 1.4703780412674 1.45537725090981
0.57482023537159 0.632367745041847 0.659294262528419 0.861291021108627 1.02767550945282 0.989092469215393 1.35326474905014 1.35216450691223 1.315026730299 1.33798724412918 1.0281697511673 0.568877264857292 0.626559019088745 0.625222519040108 0.573689997196198 0.721004247665405 0.910842776298523 1.43812420964241 0.5847487449646 2.07101851701736 2.09097307920456 2.47377008199692 2.37559568881989 2.23867946863174 1.03880926966667 1.04432478547096 1.0626659989357 1.05958646535873 0.997242718935013 0.825627744197845 0.823031276464462 0.859730243682861 0.926858246326447 1.01048853993416 1.06106400489807 0.977774262428284 0.954915761947632 0.912410974502563 0.941126257181168 0.920143514871597 0.870534718036652 0.784078538417816 0.882764250040054 1.05509626865387 1.07124379277229 1.0062629878521 0.929957270622253 0.884307771921158 0.860071510076523 0.787761747837067 0.778496235609055 0.769366532564163 0.791680544614792 0.879229456186295 0.980439037084579 1.17414075136185 1.62892717123032 1.66574782133102 1.79435241222382 1.7897744178772 1.88657999038696 4.24146131873131
0.851922780275345 0.716114267706871 0.735967487096786 0.843638241291046 0.86820450425148 0.840470999479294 1.12833148241043 1.30826103687286 0.746391758322716 0.487455770373344 0.516650229692459 0.505118250846863 0.531113997101784 0.719939231872559 0.58017298579216 0.814948529005051 1.09635373950005 0.81001353263855 0.630810007452965 0.698900252580643 1.29996695369482 1.23845435678959 1.54903013259172 1.04043227434158 1.06433549523354 1.13254648447037 1.17968103289604 1.05288603901863 1.0324447453022 0.884057253599167 0.945686280727386 1.05749997496605 1.25657773017883 1.24586096405983 1.23369750380516 1.34518647193909 1.2915712594986 1.12954723834991 1.09245523810387 0.939140975475311 0.890009969472885 0.842120289802551 1.04398047924042 1.12503004074097 1.08106201887131 1.12710750102997 1.07718971371651 0.981854259967804 0.836382776498795 0.809402972459793 0.8423932492733 0.903723746538162 0.987879753112793 1.42759126424789 1.68621450662613 1.92380172014236 2.16482851192029 -9999 -9999 -9999 -9999 -9999
1.335384786129 1.32001349329948 0.568925499916077 0.656181737780571 0.630834728479385 0.640402480959892 0.627057015895844 0.59884424507618 0.493166238069534 0.498834013938904 0.624860242009163 0.620718732476234 0.712461769580841 0.58057875931263 0.496293738484383 0.956016719341278 1.14429822564125 1.10240024328232 0.654178485274315 0.6341572701931 0.9843510389328 1.128926217556 1.55905279517174 1.54568326473236 1.19811812639236 1.16088151931763 1.13248273730278 1.41430103778839 1.31958371400833 1.18534728884697 1.16946977376938 1.29274651408195 1.36982846260071 1.31046670675278 1.64509731531143 1.76867258548737 1.70751750469208 1.5261458158493 1.35394728183746 1.09803450107574 1.05797696113586 1.09463998675346 1.10062721371651 1.16644951701164 1.20373275876045 1.14137926697731 0.968774288892746 1.02441295981407 1.14639151096344 1.08532127737999 1.10605725646019 1.22672402858734 1.36274170875549 2.53512500013624 1.80406243097587 -9999 -9999 -9999 -9999 -9999 -9999 -9999
1.37016820907593 1.31015253067017 1.35460352897644 1.34459853172302 0.625686764717102 1.39520475268364 0.498562753200531 0.649517253041267 0.520415514707565 0.879852712154388 1.12520098686218 0.733760252594948 0.499845743179321 0.856925994157791 0.470844000577927 0.486518248915672 0.821987807750702 1.57745477557182 1.14442890286446 0.762120485305786 0.73829573392868 1.0357109606266 0.71015927195549 1.61454424262047 1.52976894378662 1.32208800315857 1.16442972421646 1.22532820701599 1.2221722304821 -9999 -9999 -9999 -9999 -9999 -9999 3.14426672458649 2.56709629297256 1.77051454782486 1.22755274176598 0.815607011318207 1.18127998709679 1.05013051629066 1.07929801940918 1.10155203938484 1.2623647749424 1.22100225090981 1.68792146444321 1.65990525484085 1.68704026937485 1.48840802907944 1.2741322517395 1.38167399168015 1.48228499293327 1.9762424826622 1.97624230384827 -9999 -9999 -9999 -9999 -9999 -9999 -9999
1.48094397783279 1.50155854225159 1.52098041772842 1.50029629468918 1.50758332014084 1.50210982561111 0.478032767772675 0.475472241640091 0.48097425699234 1.02483674883842 1.22391298413277 1.3367834687233 0.741484478116035 1.01712226867676 1.35653096437454 1.44670128822327 1.71776247024536 2.05394554138184 1.88035941123962 0.992089480161667 0.66670797765255 1.2790125310421 1.09571099281311 0.702218234539032 0.795526474714279 1.49262526631355 1.18531277775764 1.23830929398537 1.18430024385452 -9999 -9999 -9999 -9999 -9999 -9999 -9999 6.0314404964447 4.25011932849884 2.18847441673279 1.272600710392 1.20554101467133 1.05137398838997 1.0840440094471 1.30804798007011 1.67387026548386 1.68900454044342 1.87717580795288 2.14695596694946 2.12366545200348 1.67140424251556 1.66602677106857 1.54656082391739 -9999 -9999 -9999 -9999 -9999 -9999 -9999 -9999 -9999 -9999
1.53421872854233 1.50923252105713 1.46574899554253 1.46685826778412 1.51188826560974 1.36596152186394 1.39160925149918 1.33677676320076 1.45794153213501 0.587819248437881 0.574185758829117 0.860686540603638 0.628864511847496 1.2036757171154 1.38735303282738 1.15973022580147 1.15083673596382 1.56775045394897 1.29575175046921 1.45583498221019 0.749686799891345 1.6590501666069 1.34127679467201 1.4870685338974 1.51082181930542 1.17709949612617 1.11051821708679 1.1562420129776 1.33737900853157 -9999 -9999 -9999 -9999 -9999 -9999 -9999 6.22405529022217 2.9845717549324 5.00795459747314 2.16150891780853 1.99563521146774 1.89744758605957 1.85998642444611 1.91866493225098 2.07120448350906 2.42133593559265 2.461032807827 2.52365398406982 2.56328916549683 2.42983567714691 2.58066755533218 2.89433777332306 3.89136931300163 -9999 -9999 -9999 -9999 -9999 -9999 -9999 -9999 -9999
1.56904953718185 1.50799566507339 1.46229895949364 1.41670122742653 1.36210423707962 1.36155903339386 0.500225882445063 0.618844360113144 0.638916742801666 1.28217145800591 1.25569877028465 1.09502926468849 1.07773652672768 0.95060321688652 0.952131003141403 1.05344778299332 1.33988624811172 1.54898178577423 1.74902933835983 1.79458576440811 1.33103853464127 1.29089999198914 1.2533842921257 1.41242927312851 1.21571776270866 1.61799824237823 1.15093651413918 1.23220798373222 1.4337757229805 1.73080050945282 -9999 -9999 -9999 -9999 -9999 -9999 -9999 5.2341628074646 9.50327547391256 3.58287906646729 3.40552067756653 3.39984834194183 4.68532061576843 3.74549639225006 3.47136282920837 3.77829444408417 3.45671689510345 3.20723176002502 3.10031533241272 3.42646729946136 3.51319885253906 3.32538710832596 3.33945200489265 -9999 -9999 -9999 -9999 -9999 -9999 -9999 -9999 -9999
1.66307616233826 1.62098693847656 1.51946103572845 1.35288825631142 1.31648924946785 1.23940466344357 1.23045565187931 0.763640262186527 0.89257949590683 0.612689271569252 0.815407544374466 0.781811267137527 0.616088256239891 0.866742789745331 1.01431873440742 1.12773004174232 1.49323797225952 1.31600698828697 1.18246051669121 1.0186605155468 0.936880499124527 1.15232250094414 1.80123156309128 1.33045122027397 1.24766099452972 1.41915446519852 1.42697247862816 1.40554198622704 1.45620676875114 1.61885476112366 -9999 -9999 -9999 -9999 -9999 -9999 -9999 -9999 -9999 -9999 -9999 -9999 -9999 -9999 -9999 -9999 3.65490746498108 3.0636213183403 3.18854415416718 3.90445004403591 -9999 -9999 -9999 -9999 -9999 -9999 -9999 -9999 -9999 -9999 -9999 -9999
1.57448172569275 1.7004142999649 1.65714383125305 1.58159476518631 1.58580082654953 1.58873319625854 1.59280425310135 0.860351979732513 0.847289241850376 0.623516991734505 0.607140764594078 0.577407002449036 0.629791483283043 0.663197994232178 0.679508998990059 1.00930953025818 1.15356078743935 1.00479823350906 0.959293484687805 0.986729264259338 1.12614521384239 1.49517971277237 1.69012641906738 1.65983533220632 -9999 -9999 -9999 1.4505367577076 1.14186975359917 1.28490749001503 1.42382097244263 -9999 -9999 -9999 -9999 -9999 -9999 -9999 -9999 -9999 -9999 -9999 -9999 -9999 -9999 -9999 -9999 -9999 -9999 -9999 -9999 -9999 -9999 -9999 -9999 -9999 -9999 -9999 -9999 -9999 -9999 -9999
1.61215656995773 1.75517624616623 1.7529194355011 1.74714517593384 1.78677445650101 1.79643523693085 1.81618648767471 0.926263272762298 1.59021472930908 1.49924372434616 0.601586982607841 0.535515010356903 0.857157737016678 0.755288243293762 0.845518469810486 0.8749740421772 0.824505776166916 0.903509974479675 0.968399226665497 1.01169526576996 1.43809953331947 1.69258797168732 2.36808675527573 1.86555969715118 1.92895048856735 1.80286717414856 1.71474891901016 1.2131362259388 1.14627823233604 1.09176599979401 1.45232176780701 2.40928303373271 -9999 -9999 -9999 -9999 -9999 -9999 -9999 -9999 -9999 -9999 -9999 -9999 -9999 -9999 -9999 -9999 -9999 -9999 -9999 -9999 -9999 -9999 -9999 -9999 -9999 -9999 -9999 -9999 -9999 -9999
1.6083442568779 1.57671225070953 1.61714708805084 1.69578230381012 1.64771407842636 1.42351425290108 1.39127041697502 1.4614846765995 0.645773261785507 0.708473235368729 0.667244240641594 0.539118021726608 0.522907510399818 0.652035757899284 1.00447279214859 1.02947321534157 1.24142852425575 1.10181078314781 1.04726547002792 1.09751853346825 1.26639229059219 1.43489250540733 1.97402107715607 1.81052845716476 1.27703323960304 1.39294204115868 1.32694950699806 1.23005998134613 1.05287253856659 1.26654526591301 2.35991102457047 1.95281055143901 -9999 -9999 -9999 -9999 -9999 -9999 -9999 -9999 -9999 -9999 -9999 -9999 -9999 -9999 -9999 -9999 -9999 -9999 -9999 -9999 -9999 -9999 -9999 -9999 -9999 -9999 -9999 -9999 -9999 -9999
1.49148371815681 1.58663928508759 1.58182203769684 1.63303649425507 1.70310080051422 1.32938081771135 1.39950766414404 1.46485606580973 1.38139426708221 1.34984502196312 0.738631501793861 0.619775980710983 0.905509471893311 0.911828219890594 0.789164274930954 0.877777487039566 0.768296241760254 0.680104494094849 0.91816046833992 1.07191801071167 1.16516697406769 1.71661198139191 2.19572782516479 1.31377950310707 1.51360881328583 1.50951075553894 1.27285051345825 1.56707096099854 1.2666209936142 1.83953619003296 2.25996601581573 -9999 -9999 -9999 -9999 -9999 -9999 -9999 -9999 -9999 -9999 -9999 -9999 -9999 -9999 -9999 -9999 -9999 -9999 -9999 -9999 -9999 -9999 -9999 -9999 -9999 -9999 -9999 -9999 -9999 -9999 -9999
