EcologicalScience/Bass/data/rs_data_bass/chl_530.asc
NCOLS 226 
NROWS 124 
XLLCORNER -9.41648524995501 
YLLCORNER 47.587301625531 
CELLSIZE 0.0833 
NODATA_value -9999 
[rows 54 to 80 of 124, columns 124 to 185 of 226]
2.09484511613846 2.38976812362671 2.20523858070374 1.89994364976883 1.63207894563675 1.65123277902603 1.73762369155884 1.53040426969528 1.5426852107048 1.72430902719498 1.69219207763672 1.61396956443787 1.48128846287727 1.40640047192574 1.21597820520401 1.18304917216301 1.23396536707878 1.27214080095291 1.2530477643013 1.26364105939865 1.28437757492065 1.37125852704048 1.49089819192886 1.56210261583328 1.60911136865616 1.68667316436768 1.73309737443924 1.82814431190491 2.04131197929382 2.42306131124496 2.68854314088821 2.9966316819191 3.32097744941711 3.55765271186829 3.33520102500916 3.16342771053314 2.92044299840927 2.74817758798599 2.28831553459167 1.82869881391525 1.35882103443146 1.13061010837555 1.2841337621212 2.22851550579071 3.71395182609558 5.64680850505829 7.39505410194397 7.98272752761841 7.22078204154968 7.36803030967712 5.52494144439697 7.78833174705505 18.3646931648254 14.0672464370728 8.02955603599548 6.91312408447266 5.97691655158997 9.99311195101057 8.89096584320068 9.96926372051239 -9999 -9999
2.04262393712997 1.87131875753403 1.84201598167419 1.77426660060883 1.87745350599289 1.81550002098083 1.76931899785995 1.86205404996872 1.61543530225754 1.51864743232727 1.52682030200958 1.47124162316322 1.45904007554054 1.40815624594688 1.243088722229 1.16339439153671 1.24542161822319 1.31262910366058 1.27384972572327 1.33716130256653 1.4113821387291 1.4479316174984 1.44725677371025 1.45915415883064 1.56518536806107 1.69175308942795 1.77096390724182 1.88985747098923 2.18903267383575 2.4082807302475 2.67060685157776 2.90378433465958 3.13059854507446 3.03464984893799 2.66415470838547 2.25902527570724 2.07421892881393 2.16916537284851 1.88423359394073 1.37980923056602 1.11925220489502 1.35012397170067 1.94435656070709 3.939528465271 6.26105403900146 7.3743360042572 7.82297873497009 7.21384406089783 6.6864902973175 6.14165782928467 5.82830822467804 8.4760000705719 11.0629298686981 10.9151029586792 9.92162275314331 9.7939465045929 10.5720698833466 -9999 -9999 -9999 -9999 -9999
2.02997374534607 1.86725163459778 1.81984788179398 1.69340425729752 1.8678914308548 1.96669203042984 1.887091755867 1.87076604366302 1.73412483930588 1.55409514904022 1.53201287984848 1.5052165389061 1.54835093021393 1.41768479347229 1.35215395689011 1.27511429786682 1.30017203092575 1.33283579349518 1.39137223362923 1.47874385118484 1.54817998409271 1.54915219545364 1.58847212791443 1.60737866163254 1.61580830812454 1.73387324810028 1.93062311410904 2.05967545509338 2.23604106903076 2.4624434709549 2.4842187166214 2.480508685112 2.09796667098999 1.68658357858658 1.4781174659729 1.56735527515411 1.5978986620903 1.62708735466003 1.4253523349762 1.17870703339577 1.32470387220383 1.76009613275528 2.65249979496002 4.19493198394775 3.88651371002197 5.75091683864594 7.36695742607117 5.74627804756165 5.25382876396179 7.0589861869812 8.10876488685608 7.44574499130249 5.71183347702026 10.3506860733032 12.9367459416389 -9999 -9999 -9999 -9999 -9999 -9999 -9999
2.33228015899658 2.0652494430542 1.85516113042831 1.65223985910416 1.59358763694763 1.87100046873093 1.987997174263 1.87247997522354 1.82877552509308 1.78288346529007 1.77183169126511 1.69699090719223 1.7037935256958 1.58301275968552 1.46655133366585 1.60855150222778 1.55737638473511 1.44392189383507 1.5015726685524 1.65040880441666 1.67422986030579 1.64402228593826 1.65128445625305 1.71790945529938 1.76742142438889 1.91038280725479 1.957475066185 2.3326667547226 2.5167328119278 2.46005612611771 2.50813901424408 2.14335161447525 1.51538443565369 1.18110036849976 1.04305601119995 1.06338232755661 1.20365399122238 1.24837338924408 1.21723607182503 1.11997988820076 1.37843719124794 2.21252936124802 3.66787505149841 5.11939072608948 6.3196177482605 8.97687363624573 8.41755151748657 -9999 9.14799356460571 11.4991872310638 13.8780255317688 10.6829617023468 16.5547242164612 14.3669991493225 -9999 -9999 -9999 -9999 -9999 -9999 -9999 -9999
3.72696304321289 3.04683530330658 2.66057056188583 2.37961167097092 1.83884882926941 1.68860667943954 1.84527575969696 1.95234847068787 1.79270142316818 1.70583719015121 1.76066637039185 1.76799291372299 1.68050104379654 1.64924705028534 1.68957138061523 1.58300668001175 1.8361160159111 1.8745551109314 1.81975096464157 1.74683439731598 1.67562174797058 1.6877219080925 1.74819892644882 1.78384637832642 1.70176577568054 1.7242956161499 1.9143830537796 2.26453256607056 2.64233690500259 2.80546259880066 2.74191731214523 2.10781270265579 1.55892544984818 1.10846418142319 0.947481662034988 0.932685524225235 1.12976905703545 1.12056604027748 1.15893664956093 1.12764394283295 1.40556567907333 2.54538953304291 5.52873015403748 7.73893260955811 11.0702862739563 12.3501033782959 9.84932684898376 12.6492176055908 13.2301368713379 15.8012237548828 16.5635290145874 15.7046370506287 10.989497423172 23.9636116027832 -9999 -9999 -9999 -9999 -9999 -9999 -9999 -9999
5.59419971466064 12.9478858709335 7.7425195813179 3.3768618106842 3.32791471481323 3.40617763996124 3.19863438606262 2.95961683988571 2.88234740495682 2.26198446750641 1.96725404262543 1.97529494762421 1.84781759977341 1.88296097517014 1.9635939002037 1.87346470355988 1.92390918731689 2.05990970134735 2.00100231170654 1.88062405586243 1.76808160543442 1.78942143917084 1.84007942676544 1.87116461992264 1.78125929832458 1.69938486814499 2.03235572576523 2.46840208768845 2.63810867071152 2.8961518406868 2.92901229858398 2.40073227882385 1.9363140463829 1.49067261815071 1.0314367711544 0.942621320486069 1.06086167693138 1.20134201645851 1.18206828832626 1.15737381577492 2.04701006412506 3.46122908592224 5.34380829334259 7.57534646987915 10.5674815177917 11.1656391620636 7.97607493400574 8.63755416870117 13.7604331970215 15.709972858429 15.148992061615 18.2127571105957 24.2043642997742 42.4472422599792 -9999 -9999 -9999 -9999 -9999 -9999 -9999 -9999
-9999 -9999 -9999 -9999 -9999 2.28387522697449 3.97281002998352 3.94668745994568 3.46345639228821 3.11967873573303 2.68850201368332 2.32866060733795 2.1701352596283 2.26087689399719 2.39386832714081 2.29267805814743 2.13429236412048 1.9863520860672 1.99970662593842 2.02779275178909 1.91072541475296 1.82076036930084 1.81916749477386 1.77228033542633 1.72890275716782 1.80048590898514 2.12096661329269 2.56447112560272 2.64966094493866 2.69614005088806 2.60532385110855 2.30816316604614 2.0673919916153 1.38576874136925 0.990932643413544 0.892595529556274 0.947246789932251 1.00286167860031 0.962364345788956 1.31858378648758 3.39267933368683 4.08774948120117 6.10138249397278 13.1561207771301 15.4492020606995 14.6963968276978 -9999 -9999 -9999 -9999 21.9794919490814 21.7854058742523 24.3458704948425 28.1753904819489 -9999 -9999 -9999 -9999 -9999 -9999 -9999 -9999
-9999 -9999 -9999 -9999 -9999 -9999 -9999 -9999 3.4533029794693 3.30589056015015 2.98965328931808 2.39354485273361 2.42377603054047 2.58864068984985 2.7408429980278 2.4812468290329 2.21863156557083 1.97956359386444 1.89540106058121 1.8132791519165 1.77702677249908 1.69805592298508 1.67853033542633 1.67659163475037 1.70010191202164 1.90792661905289 2.12756091356277 2.3477658033371 2.30274170637131 1.79246628284454 1.44503974914551 1.4718619287014 1.45399859547615 1.16997197270393 1.13466453552246 1.07677915692329 1.08235663175583 0.924499958753586 0.975966721773148 1.93154668807983 3.67485237121582 7.27869987487793 14.0030307769775 18.0450325012207 19.2136688232422 29.0682649612427 -9999 -9999 -9999 -9999 17.548882484436 31.0869383811951 34.1217713356018 29.2850067615509 33.5138983726501 32.8246886730194 24.8098468780518 -9999 -9999 -9999 -9999 -9999
-9999 -9999 -9999 -9999 -9999 -9999 -9999 -9999 -9999 3.13490742444992 3.82417845726013 3.06303369998932 2.72875767946243 2.6226532459259 2.90204340219498 3.05015480518341 2.5490391254425 2.048643887043 1.75198513269424 1.84299159049988 1.74380439519882 1.56536275148392 1.37636867165565 1.34188869595528 1.35166418552399 1.39377227425575 1.57098394632339 1.63405376672745 1.56589937210083 1.17420843243599 0.981197565793991 1.06307637691498 1.04775434732437 1.14716130495071 1.28356763720512 1.2767433822155 1.12221622467041 1.24751159548759 2.71558892726898 4.58394920825958 8.15720701217651 15.0562162399292 19.9987077713013 20.5441474914551 20.8726572990417 -9999 -9999 -9999 -9999 -9999 -9999 -9999 49.1632947921753 16.1977872848511 20.2393383979797 26.4355602264404 10.8786277770996 -9999 -9999 -9999 -9999 -9999
-9999 -9999 -9999 -9999 -9999 -9999 -9999 -9999 -9999 4.3704868555069 4.32839369773865 3.45754015445709 2.86582553386688 2.78980582952499 2.77769905328751 3.01011621952057 2.41616696119308 1.83750182390213 1.7335889339447 1.94105118513107 1.91761493682861 1.65134453773499 1.32907846570015 1.16545450687408 1.09570303559303 1.17787742614746 1.38433590531349 1.25455042719841 0.992149114608765 0.852098375558853 0.837593168020248 0.899020940065384 1.03922063112259 1.06728199124336 1.2054888010025 1.2880591750145 1.30087172985077 2.34098625183105 4.23074591159821 6.59191417694092 12.8454051017761 24.686616897583 19.4153051376343 18.7953271865845 22.4208612442017 33.0447750091553 -9999 -9999 -9999 10.3161084651947 9.76292753219604 11.6619036197662 13.3914699554443 11.340635061264 16.9426202774048 31.3323097229004 15.3215976783207 -9999 -9999 -9999 -9999 -9999
-9999 -9999 -9999 -9999 -9999 -9999 -9999 -9999 -9999 4.8229158946446 4.47461664676666 3.76994490623474 3.16199862957001 2.84332555532455 2.56506210565567 2.49868190288544 2.45075225830078 2.07503235340118 1.73472547531128 1.94025850296021 2.02046030759811 1.58543586730957 1.11795777082443 0.883160322904587 0.880156427621841 1.12980830669403 1.2021926343441 1.00473117828369 0.919307559728622 0.856788754463196 0.894164174795151 0.959232240915298 1.06937143206596 1.07626962661743 0.960185050964355 1.13497906923294 1.43949946761131 2.08513444662094 3.60996866226196 7.78351521492004 16.4536542892456 16.3000717163086 17.8660655021667 17.5207786560059 17.5106620788574 -9999 -9999 -9999 -9999 10.9599659442902 11.7762923240662 13.004518032074 10.3447043895721 9.83478283882141 9.9087855219841 -9999 -9999 -9999 -9999 -9999 -9999 -9999
-9999 -9999 -9999 -9999 -9999 -9999 -9999 -9999 -9999 3.67937564849854 4.25467336177826 3.85805225372314 3.26130545139313 2.89430701732635 2.69616705179214 2.69897371530533 2.49131959676743 2.18240511417389 1.71907013654709 1.85756975412369 1.92236334085464 1.51499623060226 1.05963438749313 0.863721549510956 0.91112807393074 1.17321395874023 1.15153107047081 1.08778175711632 1.09012350440025 1.04396563768387 1.0006508231163 0.965075433254242 0.913258105516434 0.890424996614456 0.952416121959686 1.00890934467316 1.22397047281265 2.47156834602356 5.49987959861755 10.4795401096344 15.5879430770874 14.7982020378113 19.619978427887 21.2684812545776 3.86466658115387 -9999 -9999 -9999 -9999 -9999 11.0872185230255 12.0006279945374 11.1303491592407 9.8388397693634 -9999 -9999 -9999 -9999 -9999 -9999 -9999 -9999
-9999 -9999 -9999 -9999 -9999 -9999 -9999 -9999 -9999 4.47769975662231 4.3589301109314 3.82018911838531 3.09906470775604 2.74335569143295 2.75202548503876 2.89757162332535 2.13946348428726 1.88559973239899 1.70323079824448 1.55065977573395 1.46145379543304 1.2742041349411 0.943615078926086 0.827055931091309 0.981501638889313 1.10049533843994 1.09716752171516 0.999765783548355 1.05393719673157 1.11189633607864 1.01575344800949 0.932401657104492 0.86939138174057 0.822551786899567 0.82126459479332 0.993222624063492 2.24138098955154 5.66341459751129 10.8774919509888 14.5763626098633 19.5821413993835 13.9747381210327 16.0306692123413 17.7729020118713 3.86466693878174 -9999 -9999 -9999 -9999 12.1949715614319 -9999 -9999 -9999 -9999 -9999 -9999 -9999 -9999 -9999 -9999 -9999 -9999
-9999 -9999 -9999 -9999 -9999 -9999 -9999 -9999 -9999 4.65285623073578 4.3290764093399 3.46787095069885 3.09440696239471 3.08407723903656 3.12643110752106 2.6365510225296 1.85201418399811 1.76517713069916 1.70471280813217 1.64121222496033 1.25859439373016 0.977492183446884 0.876109957695007 0.933921217918396 1.14797401428223 1.10235357284546 0.918956905603409 0.896800249814987 1.03327095508575 1.00445294380188 0.966983914375305 0.929242998361588 0.887675285339355 0.916247963905334 1.07089528441429 1.78651070594788 5.26339673995972 11.9450969696045 11.4216985702515 9.7629668712616 9.52902746200562 10.4183256626129 12.4686799049377 -9999 -9999 -9999 -9999 -9999 -9999 -9999 -9999 -9999 -9999 -9999 -9999 -9999 -9999 -9999 -9999 -9999 -9999 -9999
-9999 -9999 -9999 -9999 -9999 -9999 -9999 -9999 4.80258536338806 4.66517400741577 4.0526704788208 3.38781559467316 3.13002812862396 2.82989484071732 2.80084991455078 2.23865514993668 1.88019114732742 1.76039868593216 1.70232796669006 1.399154484272 1.08924892544746 0.947466015815735 0.94093582034111 1.17718228697777 1.2822300195694 1.04516914486885 0.871492445468903 0.927604883909225 1.06611683964729 1.13070541620255 1.18760660290718 1.12918817996979 1.09022399783134 1.17562830448151 1.54524725675583 3.59549939632416 6.93092679977417 7.76823234558105 7.4623589515686 5.36195755004883 5.70106315612793 6.7083785533905 -9999 -9999 -9999 -9999 -9999 -9999 -9999 -9999 -9999 -9999 -9999 -9999 -9999 -9999 -9999 -9999 -9999 -9999 -9999 -9999
-9999 -9999 -9999 -9999 -9999 -9999 -9999 3.28386068344116 3.93747639656067 3.85538291931152 2.9410765171051 2.65223836898804 3.07687783241272 3.22620606422424 2.62849670648575 2.24146574735641 1.76815921068192 1.54724192619324 1.52310973405838 1.32333639264107 1.04152429103851 0.876033514738083 1.05531272292137 1.355413377285 1.26354199647903 1.1337054669857 1.07162171602249 1.13279592990875 1.5522243976593 1.58271968364716 1.25727778673172 1.33879029750824 1.4228430390358 1.62212830781937 1.96001601219177 3.13842916488647 3.94880354404449 4.38539886474609 5.61234962940216 6.71637725830078 6.93633842468262 5.69786846637726 3.25656187534332 -9999 -9999 -9999 -9999 -9999 -9999 -9999 -9999 -9999 -9999 -9999 -9999 -9999 -9999 -9999 -9999 -9999 -9999 -9999
-9999 -9999 -9999 -9999 -9999 -9999 3.57051408290863 4.49457013607025 4.33678436279297 3.79033935070038 3.09215784072876 2.87815171480179 3.13792490959167 3.00279486179352 2.39053040742874 1.95587646961212 1.49644947052002 1.39389011263847 1.34360191226006 1.32749846577644 1.25244399905205 1.28656527400017 1.33596646785736 1.23050773143768 1.59973329305649 1.43917125463486 1.45042991638184 1.93455147743225 2.21996676921844 2.25870180130005 2.55080795288086 3.03819966316223 3.43895030021667 3.60888683795929 3.81622588634491 3.72482299804688 3.63674354553223 3.76212215423584 4.18767821788788 3.87539383343288 -9999 -9999 -9999 -9999 -9999 -9999 -9999 -9999 -9999 -9999 -9999 -9999 -9999 -9999 -9999 -9999 -9999 -9999 -9999 -9999 -9999 -9999
-9999 -9999 -9999 -9999 4.03413283824921 4.17136323451996 4.06782746315002 3.92016184329987 3.74934124946594 3.43848216533661 3.00436663627625 3.13619434833527 3.13516545295715 2.84836149215698 2.14568173885345 1.49501064419746 1.14861559867859 1.09814304113388 1.16584691405296 1.23684623837471 1.20254221558571 1.2771643102169 1.51800549030304 1.39672020077705 1.33654421567917 1.48693719506264 1.67868232727051 2.32434743642807 3.12451601028442 2.38840860128403 2.68901056051254 6.58076047897339 7.19170904159546 6.98989176750183 7.19183850288391 5.85710406303406 4.5748325586319 3.75282544749124 -9999 -9999 -9999 -9999 -9999 -9999 -9999 -9999 -9999 -9999 -9999 -9999 -9999 -9999 -9999 -9999 -9999 -9999 -9999 -9999 -9999 -9999 -9999 -9999
-9999 -9999 -9999 -9999 3.64664300282796 3.50702825188637 3.79935622215271 3.55118143558502 3.31916499137878 3.11968588829041 2.92977404594421 2.92048716545105 2.67923694849014 2.22069239616394 1.4435618519783 1.09183457493782 1.02592009305954 0.965962082147598 0.966411083936691 0.8660948574543 0.920095503330231 1.22380748391151 1.4839880168438 2.12206488847733 2.32300579547882 1.98753046989441 2.25388723611832 3.70409166812897 5.76460611820221 6.56128263473511 6.52867841720581 7.85346722602844 7.81081581115723 8.47198247909546 8.03369951248169 5.9523983001709 5.22700345516205 8.0935925876393 -9999 -9999 -9999 -9999 -9999 -9999 -9999 -9999 -9999 -9999 -9999 -9999 -9999 -9999 -9999 -9999 -9999 -9999 -9999 -9999 -9999 -9999 -9999 -9999
-9999 -9999 3.61170935630798 3.6949733098348 3.66756621996562 3.54375028610229 3.45077741146088 3.47772789001465 3.38194262981415 3.10470199584961 2.84556287527084 2.57322961091995 2.34741711616516 1.7233652472496 1.06719115376472 0.922419100999832 0.927909672260284 0.963393330574036 0.853698402643204 0.841818541288376 0.996216505765915 1.09806418418884 1.20493045449257 1.62617075443268 1.99861264228821 2.46675324440002 3.20902347564697 5.17878699302673 6.04099988937378 6.9126284122467 6.87693929672241 6.69969534873962 7.46495604515076 7.68571472167969 8.11290764808655 6.85925705730915 -9999 -9999 -9999 -9999 -9999 -9999 -9999 -9999 -9999 -9999 -9999 -9999 -9999 -9999 -9999 -9999 -9999 -9999 -9999 -9999 -9999 -9999 -9999 -9999 -9999 -9999
-9999 4.15648267269134 3.33972680568695 3.46825861930847 3.40433478355408 3.39234602451324 3.51779723167419 3.56387078762054 3.31040847301483 3.05348181724548 2.69857996702194 2.30158281326294 1.87451559305191 1.1297612786293 0.808308184146881 0.789238214492798 0.786268562078476 0.768026322126389 0.714383751153946 0.770097613334656 0.921333342790604 1.22177079319954 1.69439166784286 2.98902010917664 5.64689183235168 5.60149455070496 5.29830801486969 6.08949780464172 6.36844611167908 4.44516205787659 4.84274768829346 5.62097024917603 5.88381850719452 6.36992633342743 -9999 -9999 -9999 -9999 -9999 -9999 -9999 -9999 -9999 -9999 -9999 -9999 -9999 -9999 -9999 -9999 -9999 -9999 -9999 -9999 -9999 -9999 -9999 -9999 -9999 -9999 -9999 -9999
3.52353020012379 3.05913978815079 3.54791879653931 3.53742671012878 3.54486000537872 3.57708835601807 3.45821571350098 3.33653497695923 3.29405808448792 2.79350745677948 2.20902228355408 1.95728892087936 1.49546840786934 0.875830203294754 0.743218392133713 0.773230880498886 0.816432595252991 0.753105461597443 0.743410214781761 0.846512675285339 1.03646671772003 1.40919908881187 2.31500619649887 3.27813184261322 3.68285000324249 3.93434643745422 3.64790010452271 3.36473286151886 3.45864379405975 4.79992496967316 5.75720107555389 5.52681112289429 5.3149276971817 7.85056350781367 7.77821877369514 7.72784488017742 -9999 -9999 -9999 -9999 -9999 -9999 -9999 -9999 -9999 -9999 -9999 -9999 -9999 -9999 -9999 -9999 -9999 -9999 -9999 -9999 -9999 -9999 -9999 -9999 -9999 -9999
3.77774691581726 3.53124833106995 3.55632162094116 3.59429061412811 3.55068755149841 3.42902290821075 3.09602057933807 2.80653619766235 2.49288994073868 2.25288426876068 1.93519055843353 1.54640829563141 1.09000119566917 0.837966620922089 0.832488209009171 0.843373686075211 0.798362106084824 0.799325913190842 0.870578616857529 0.99784979224205 1.37028354406357 1.80397117137909 2.39089912176132 3.15192103385925 2.92089039087296 2.92250061035156 3.20102620124817 3.58486318588257 3.99070358276367 4.18765926361084 4.41719269752502 -9999 -9999 -9999 -9999 -9999 -9999 -9999 -9999 -9999 -9999 -9999 -9999 -9999 -9999 -9999 -9999 -9999 -9999 -9999 -9999 -9999 -9999 -9999 -9999 -9999 -9999 -9999 -9999 -9999 -9999 -9999
4.01954627037048 3.86025309562683 3.92113280296326 3.89579129219055 3.59825956821442 3.64905023574829 3.56173825263977 3.07320356369019 3.00226414203644 2.61627066135406 1.90699625015259 1.32522860169411 0.945942789316177 0.828039407730103 0.886338293552399 0.843485623598099 0.948807209730148 1.00860759615898 1.12492597103119 1.6093470454216 1.9490829706192 2.22406786680222 2.52969020605087 2.84509652853012 2.84633481502533 3.02647590637207 3.32321083545685 3.65610659122467 3.98615634441376 3.71383345127106 3.98161196708679 4.1530909538269 -9999 -9999 -9999 -9999 -9999 -9999 -9999 12.6942715644836 -9999 -9999 -9999 -9999 -9999 -9999 -9999 -9999 -9999 -9999 -9999 -9999 -9999 -9999 -9999 -9999 -9999 -9999 -9999 -9999 -9999 -9999
4.61856400966644 4.64004421234131 4.71021294593811 4.51494598388672 4.60349106788635 4.62982070446014 4.40640878677368 3.69433450698853 3.31255924701691 2.43929833173752 1.50489467382431 1.16337391734123 0.951060175895691 0.954092055559158 0.976129353046417 1.06808227300644 1.12586206197739 1.33886003494263 1.72736942768097 2.03122562170029 2.48531252145767 2.66003090143204 2.81893247365952 2.91552203893661 3.11494159698486 3.25562381744385 3.30347335338593 3.46047413349152 3.6386239528656 3.77366316318512 3.86178943243894 3.42093944549561 -9999 -9999 -9999 -9999 -9999 -9999 -9999 -9999 -9999 -9999 -9999 -9999 -9999 -9999 -9999 -9999 -9999 -9999 -9999 -9999 -9999 -9999 -9999 -9999 -9999 -9999 -9999 -9999 -9999 -9999
-9999 -9999 -9999 -9999 -9999 3.86156173852774 4.02941036224365 3.52289664745331 2.57657647132874 1.5533350110054 1.1904736161232 1.02826783061028 1.05257803201675 1.24420621991158 1.32153099775314 1.29543569684029 1.34996071457863 1.88008081912994 2.61146521568298 2.58955067396164 2.90074092149734 3.03049671649933 3.24008560180664 3.44428932666779 3.19080197811127 4.34594634175301 3.49804870784283 -9999 -9999 -9999 -9999 -9999 -9999 -9999 -9999 -9999 -9999 -9999 -9999 -9999 -9999 -9999 -9999 -9999 -9999 -9999 -9999 -9999 -9999 -9999 -9999 -9999 -9999 -9999 -9999 -9999 -9999 -9999 -9999 -9999 -9999 -9999
-9999 -9999 -9999 -9999 -9999 3.58801815142998 2.72270160913467 2.37279975414276 1.43719151616096 1.17312821745872 1.23766833543777 1.36737495660782 1.44724050164223 1.504778444767 1.57092887163162 1.90599954128265 2.3520593047142 3.11681985855103 4.66225826740265 4.21168971061707 4.27464652061462 3.98974192142487 4.42117667198181 5.18990671634674 -9999 -9999 -9999 -9999 -9999 -9999 -9999 -9999 -9999 -9999 -9999 -9999 -9999 -9999 -9999 -9999 -9999 -9999 -9999 -9999 -9999 -9999 -9999 -9999 -9999 -9999 -9999 -9999 -9999 -9999 -9999 -9999 -9999 -9999 -9999 -9999 -9999 -9999
