EcologicalScience/Bass/data/rs_data_bass/chl_265.asc
NCOLS 226 
NROWS 124 
XLLCORNER -9.41648524995501 
YLLCORNER 47.587301625531 
CELLSIZE 0.0833 
NODATA_value -9999 
[rows 81 to 107 of 124, columns 62 to 123 of 226]
3.85158455371857 5.97498106956482 7.6620512008667 7.66205191612244 -9999 -9999 -9999 -9999 -9999 -9999 -9999 -9999 -9999 -9999 -9999 -9999 -9999 -9999 -9999 -9999 -9999 -9999 -9999 -9999 -9999 -9999 -9999 -9999 -9999 -9999 -9999 -9999 -9999 -9999 -9999 -9999 -9999 -9999 -9999 -9999 -9999 -9999 -9999 -9999 -9999 -9999 -9999 -9999 -9999 -9999 -9999 -9999 -9999 -9999 -9999 -9999 -9999 -9999 -9999 -9999 -9999 -9999
3.06360775521658 -9999 -9999 -9999 -9999 -9999 -9999 -9999 -9999 -9999 -9999 -9999 -9999 -9999 -9999 -9999 -9999 -9999 -9999 -9999 -9999 -9999 -9999 -9999 -9999 -9999 -9999 -9999 -9999 -9999 -9999 -9999 -9999 -9999 -9999 -9999 -9999 -9999 -9999 -9999 -9999 -9999 -9999 -9999 -9999 -9999 -9999 -9999 -9999 -9999 -9999 -9999 -9999 -9999 -9999 -9999 -9999 -9999 -9999 -9999 -9999 -9999
-9999 -9999 -9999 -9999 -9999 -9999 -9999 -9999 -9999 -9999 -9999 -9999 -9999 -9999 -9999 -9999 -9999 -9999 -9999 -9999 -9999 -9999 -9999 -9999 -9999 -9999 -9999 -9999 -9999 -9999 -9999 -9999 -9999 -9999 -9999 -9999 -9999 -9999 -9999 -9999 -9999 -9999 -9999 -9999 -9999 -9999 -9999 -9999 -9999 -9999 -9999 -9999 -9999 -9999 -9999 -9999 -9999 -9999 -9999 -9999 -9999 -9999
-9999 -9999 -9999 -9999 -9999 -9999 -9999 -9999 -9999 -9999 -9999 -9999 -9999 -9999 -9999 -9999 -9999 -9999 -9999 -9999 -9999 -9999 -9999 -9999 -9999 -9999 -9999 -9999 -9999 -9999 -9999 -9999 -9999 -9999 -9999 -9999 -9999 -9999 -9999 -9999 -9999 -9999 -9999 -9999 -9999 -9999 -9999 -9999 -9999 -9999 -9999 -9999 -9999 -9999 -9999 -9999 -9999 8.73680665237563 2.3301468193531 2.32025769352913 2.33927741646767 2.06285923719406
-9999 -9999 -9999 -9999 -9999 -9999 -9999 -9999 -9999 -9999 -9999 -9999 -9999 -9999 -9999 -9999 -9999 -9999 -9999 -9999 -9999 -9999 -9999 -9999 -9999 -9999 -9999 -9999 -9999 -9999 -9999 -9999 -9999 -9999 -9999 -9999 37.1749906539917 -9999 2.94515625168295 3.3926881970586 -9999 -9999 2.38403223454952 1.84161382913589 2.10449552536011 2.20388406515121 1.66135883331299 1.67227792739868 1.85003399848938 1.69428598880768 1.53274583816528 1.97649228572845 -9999 -9999 -9999 2.65781584382057 2.37160804867744 1.53085345029831 2.00143012404442 1.97002986073494 1.66370549798012 1.56143510341644
-9999 -9999 -9999 -9999 -9999 -9999 -9999 -9999 -9999 -9999 -9999 -9999 -9999 1.48200979828835 5.21287232637405 1.66809819638729 1.66897912323475 5.52166727185249 1.12509450316429 -9999 -9999 -9999 -9999 -9999 -9999 -9999 -9999 -9999 1.89506673111635 2.05007216334343 2.12560200691223 2.11388830840588 -9999 3.66949796676636 -9999 -9999 -9999 -9999 1.70421606302261 1.69969868659973 1.92801976203918 1.24797150492668 1.27640399336815 1.34543770551682 1.41321077942848 1.30214622616768 1.31345772743225 1.65081292390823 2.69972777366638 1.50552821159363 1.56071323156357 1.48103177547455 1.70781594514847 1.89639669656754 1.87627118825912 1.7171339392662 1.30533903837204 1.51602673530579 1.61513471603394 1.46720771491528 1.38933111727238 1.37429890036583
-9999 -9999 -9999 -9999 -9999 -9999 -9999 -9999 -9999 -9999 17.1214672817903 5.71355107426643 2.05047225952148 6.2606155872345 7.98560786247253 4.9703221321106 9.46546053886414 7.2260434627533 1.56924377381802 1.11110416799784 3.01384859778492 -9999 1.41110099852085 1.71297749876976 1.36996750621235 -9999 -9999 1.58717774748802 1.87317967414856 1.70967149734497 1.80133312940598 1.86265647411346 1.83969300985336 1.73022562265396 -9999 -9999 3.2141651377386 2.25693596899509 1.6354267001152 1.65712648630142 1.46675696969032 1.50988349318504 1.45474353432655 1.36229851841927 1.3697182238102 1.36975049972534 1.36021345853806 1.30022773146629 1.21795570850372 1.1916030049324 1.23635700345039 1.03919479250908 1.07978546619415 1.06906646490097 1.04393398761749 1.03902903199196 1.06486576795578 1.04949304461479 1.06017002463341 0.465920269489288 0.502771496772766 0.545228227972984
-9999 -9999 -9999 -9999 -9999 -9999 -9999 -9999 -9999 2.9823037981987 3.24461853504181 2.28793793916702 1.53660710155964 6.99511528015137 6.33854556083679 6.26969003677368 1.06114876270294 1.02496500313282 1.01116387546062 1.03617860376835 1.12419035285711 1.19841000437737 1.217000618577 1.38120111823082 1.39978386461735 1.49555325508118 1.55352298915386 1.46248877048492 1.50649988651276 1.59766271710396 1.63372009992599 1.81432914733887 1.81507417559624 1.78607475757599 1.92399600148201 1.88714289665222 1.87308034300804 1.7393211722374 1.53424197435379 1.55594551563263 1.62235647439957 1.58995270729065 1.36618499457836 1.36553621292114 1.4177819788456 0.89325749874115 0.934695035219193 0.94859853386879 0.898577213287354 0.801181465387344 0.640203729271889 0.63078148663044 0.675737991929054 0.749130740761757 0.843799531459808 0.83141702413559 0.802676260471344 0.731785520911217 0.785994708538055 0.617226764559746 0.616049990057945 0.684801757335663
-9999 -9999 -9999 -9999 -9999 -9999 -9999 -9999 -9999 2.03791850805283 1.67610067129135 1.28798174858093 1.16484148800373 1.08709421753883 0.999539226293564 1.00282989442348 0.920270249247551 0.882063344120979 0.899599850177765 0.918589152395725 0.932114258408546 1.01567249000072 1.07937602698803 1.13221760094166 1.24570499360561 1.29423750936985 1.32534447312355 1.37380760908127 1.41080702841282 1.42264911532402 1.52797570824623 1.57679437100887 1.63653525710106 1.68580010533333 1.77341508865356 1.74405518174171 1.60168272256851 1.55273021757603 1.61573508381844 1.61808671057224 1.65322208404541 1.66613620519638 1.14853164553642 0.943773373961449 0.923088356852531 0.7031190097332 0.794983506202698 0.769905030727386 0.7761390209198 0.746418759226799 0.709848761558533 0.570503979921341 0.618727505207062 0.722442001104355 0.643485769629478 0.705941990017891 0.684991478919983 0.708937481045723 0.66746923327446 0.780759036540985 0.68961600959301 0.769199252128601
-9999 -9999 -9999 -9999 -9999 -9999 -9999 -9999 1.67580092508217 1.25599801540375 1.06151586771011 1.08522073924541 1.02186186611652 0.908901751041412 0.903520122170448 0.899129971861839 0.941265374422073 0.905064761638641 0.892014384269714 0.907672896981239 0.956405997276306 0.992569863796234 1.05265536904335 1.08082535862923 1.29048147797585 1.30834047496319 1.30046810209751 1.3705957531929 1.33328358829021 1.34386575222015 1.37134350836277 1.40483625233173 1.47187985479832 1.55665612220764 1.56385423243046 1.67277596890926 1.67213290929794 1.61622561514378 1.44859273731709 1.41813111305237 1.23658838868141 1.04354475438595 0.860837996006012 0.812715768814087 0.87016274034977 0.854405611753464 0.778270125389099 0.758906632661819 0.61312048137188 0.645980983972549 0.649073258042336 0.611755505204201 0.665700003504753 0.790416777133942 0.801834762096405 0.815037757158279 0.659143477678299 0.713058739900589 0.786065965890884 0.833624213933945 0.814211994409561 0.922727286815643
2.43801778554916 1.82223623991013 1.593465924263 4.1708912551403 -9999 -9999 -9999 2.44959676265717 1.94144552946091 1.33124099671841 1.10514150559902 0.976279467344284 0.928794018924236 0.863710887730122 0.867726355791092 0.88832138478756 0.92644764482975 0.940946996212006 0.938726261258125 0.916400983929634 0.931834504008293 0.938593849539757 0.945467233657837 0.947339236736298 0.968169406056404 1.07243210077286 1.04025149345398 1.12948425114155 1.10368689894676 1.10378663241863 1.10932163894176 1.10040485858917 1.07063663005829 1.13218536973 1.22727602720261 1.32120560109615 1.36510728299618 1.35801185667515 1.26314064860344 1.1051864773035 0.946725368499756 0.86974011361599 0.792339384555817 0.798396036028862 0.794950470328331 0.795018374919891 0.670441478490829 0.64664925634861 0.62000472843647 0.585804730653763 0.561232522130013 0.529934272170067 0.621947228908539 0.824236482381821 0.814914733171463 0.642156019806862 0.630471020936966 0.740259021520615 0.820948541164398 0.809919029474258 1.01639324426651 1.03117614984512
1.15063571929932 1.21740153431892 1.24760946631432 0.819802489131689 0.764838360249996 1.24656799435616 1.08738076686859 1.17332509160042 1.09093572199345 0.606423005461693 0.956834614276886 0.913362734019756 0.920941896736622 0.908316001296043 0.84833400696516 0.848408997058868 0.9197598695755 0.968144282698631 0.950776889920235 0.950491860508919 0.943319991230965 0.930733263492584 1.08780826628208 1.10921587049961 1.29514235258102 1.14548027515411 0.940265029668808 0.925393089652061 0.929821863770485 0.960000738501549 0.986391752958298 0.900275230407715 0.920003995299339 0.893889740109444 0.913134410977364 0.85989037156105 0.840595498681068 0.818342596292496 0.81665700674057 0.845267616212368 0.838961988687515 0.821361735463142 0.815236106514931 0.783591359853745 0.771296270191669 0.769069500267506 0.678170263767242 0.741621382534504 0.732131257653236 0.76069875061512 0.818335488438606 0.836926862597466 0.815454751253128 0.817741915583611 0.851653844118118 0.88673360645771 0.87092886865139 0.895353019237518 0.989506870508194 1.07121527194977 1.11824776232243 1.10696925222874
1.21366450190544 1.1359049975872 0.902110509574413 0.922746017575264 1.00182598829269 1.0752022638917 1.09970323741436 1.3874574303627 1.03926263004541 0.980692863464355 0.935065537691116 0.899692498147488 0.859091252088547 0.82439211755991 0.827510230243206 0.852460116147995 0.930357366800308 0.930913835763931 0.904345840215683 0.90471450984478 0.90488138794899 1.02820613980293 1.03170490264893 0.911798238754272 0.956807613372803 0.935338497161865 0.939136505126953 0.919405862689018 0.871990129351616 0.932549983263016 0.904739275574684 0.846409901976585 0.869155526161194 0.896718353033066 0.860540248453617 0.764977522194386 0.771048009395599 0.76988174021244 0.76708160340786 0.829551391303539 0.630959987640381 0.620207235217094 0.651866242289543 0.631915479898453 0.625626012682915 0.719547003507614 0.770730748772621 0.752879239618778 0.711411751806736 0.804332256317139 0.77512650936842 0.76418774574995 0.754600860178471 0.846021384000778 0.91374346613884 0.963927760720253 0.964243903756142 1.07127410173416 1.32346688210964 1.55723856389523 1.37709563970566 1.29943276941776
1.24676349759102 0.883028246462345 0.779534630477428 0.789771750569344 0.929545864462852 0.978883132338524 0.966985121369362 1.50143527984619 1.15957988798618 1.07081665098667 0.917651273310184 0.840479269623756 0.788940355181694 0.721694983541965 0.794967010617256 0.839131101965904 0.858521237969398 0.876361906528473 0.867483749985695 0.850450873374939 0.879640907049179 0.993233263492584 0.919461250305176 0.870749026536942 0.861273497343063 0.750089250504971 0.746245130896568 0.746749877929688 0.79484885931015 0.823207877576351 0.8125004991889 0.818223349750042 0.813564777374268 0.821857497096062 0.80602390319109 0.782551467418671 0.786795347929001 0.807085499167442 0.821896478533745 0.60377249121666 0.62152723968029 0.68188351392746 0.766589999198914 0.815903216600418 0.826145231723785 0.777390718460083 0.779239878058434 0.746403001248837 0.744862876832485 0.771295510232449 0.746451772749424 0.733169630169868 0.729147389531136 0.822900742292404 0.964489251375198 0.977334499359131 1.30226920545101 1.23970685899258 1.39060910046101 1.4060879945755 1.37053839862347 1.35054221749306
0.375597015023232 0.39275698363781 0.40583248436451 0.358102507889271 1.11939078569412 0.87209889292717 0.84028123319149 0.81497211009264 0.847190268337727 0.959032148122787 0.901366151869297 0.786874875426292 0.719122141599655 0.710938900709152 0.699826508760452 0.733627885580063 0.748793251812458 0.794035121798515 0.860528647899628 0.842340007424355 0.793145656585693 0.766679249703884 0.779661744832993 0.859444141387939 0.950228624045849 0.784500382840633 0.828028500080109 0.842318996787071 0.80757674574852 0.800755888223648 0.795893624424934 0.80003996193409 0.835777893662453 0.876555740833282 0.889529630541801 0.944116160273552 0.966014251112938 0.937658250331879 0.920580759644508 0.867307886481285 0.887163028120995 0.894552737474442 0.88577476143837 0.896700739860535 0.895185023546219 0.891851618885994 0.82175999879837 0.78047438710928 0.777849186211824 0.833998501300812 0.807658106088638 0.909857288002968 0.896928951144218 0.964040234684944 0.991216845810413 1.20512437820435 1.42524598538876 1.49722270667553 1.53047472238541 1.55287572741508 1.72251185774803 1.76216965913773
0.957481876015663 0.379742994904518 0.657414749264717 0.730503737926483 0.714028872549534 0.698406748473644 0.688432887196541 0.6765461191535 0.477359265089035 0.511769235134125 0.498577505350113 0.880672127008438 0.805629014968872 0.780371233820915 0.747932240366936 0.694372124969959 0.754242718219757 0.726678371429443 0.708612374961376 0.558613479137421 0.687183000147343 0.688753120601177 0.715927876532078 0.804915010929108 0.853410758078098 0.941949024796486 0.907329350709915 0.860263109207153 0.880783528089523 0.899076372385025 0.925400599837303 0.762683272361755 0.98122613132 1.03981161117554 1.06193134188652 1.10641537606716 1.09952665865421 1.15038487315178 1.05046087503433 1.14019685983658 1.00019359588623 0.932372242212296 0.927739486098289 0.919776007533073 0.921192392706871 0.890221148729324 0.843771010637283 0.844835221767426 0.624909728765488 0.835501492023468 0.933691687881947 0.943849660456181 0.945991717278957 1.10647181421518 1.20301779359579 1.19301423430443 1.63495528697968 1.58627441525459 1.71048188209534 1.79582253098488 1.94113232195377 2.01911929249763
0.747405007481575 0.34206148982048 0.371539503335953 0.352448992431164 0.341569505631924 0.375561743974686 0.373410746455193 0.400128766894341 0.446565002202988 0.464648991823196 0.449684992432594 0.419177994132042 0.410753980278969 0.389367744326591 0.66126523911953 0.577052235603333 0.559393510222435 0.593013748526573 0.599205002188683 0.579186737537384 0.540113255381584 0.611697368323803 0.805695757269859 0.961195886135101 0.950147598981857 1.03183534741402 1.28056851029396 1.27598471939564 1.22518761456013 1.00877813994884 0.807962268590927 0.959719106554985 1.19622114300728 1.33470448851585 1.53606903553009 1.650306224823 1.23935097455978 1.20568840205669 1.24227672815323 1.29829162359238 1.12431411445141 1.03159390389919 1.0071554929018 0.975390359759331 1.003153860569 0.947515144944191 0.859311729669571 0.839083090424538 0.702394500374794 0.885243013501167 0.938048243522644 1.1622072905302 1.26206532865763 1.52033814042807 1.60327235609293 1.66231352090836 2.36167045144269 -9999 -9999 -9999 -9999 -9999
0.324571497738361 0.377839520573616 0.371751755475998 0.381807759404182 0.401754766702652 0.416870266199112 0.442048519849777 0.416545495390892 0.439207479357719 0.461110487580299 0.465140238404274 0.452286019921303 0.454696521162987 0.441412478685379 0.480062261223793 0.457584008574486 0.485580772161484 0.539473503828049 0.688006103038788 0.6678067445755 0.733937501907349 0.862853989005089 1.0101086050272 0.967728719115257 0.83957102894783 1.21264649927616 1.42604702711105 1.48630935698748 1.65746739506721 1.25407400727272 1.34193634986877 1.65524426102638 1.41414425522089 2.08059251308441 1.92494398355484 1.23993484675884 1.36103272438049 1.49692672491074 1.13705702126026 0.720962271094322 0.715890750288963 0.723549753427505 0.550071001052856 1.00964663922787 0.988117128610611 0.919438496232033 0.889185726642609 0.871696472167969 1.10264982283115 1.13029611110687 1.74806137382984 1.70527893304825 1.73878012597561 15.5471845008433 1.70408702092093 -9999 -9999 -9999 -9999 -9999 -9999 -9999
0.349302001297474 0.360467255115509 0.393116980791092 0.413625732064247 0.412339478731155 0.44608274102211 0.445939511060715 0.458143517374992 0.446851506829262 0.573076888918877 0.577820621430874 0.572606630623341 0.461668521165848 0.453276738524437 0.447842985391617 0.448679253458977 0.496997237205505 0.556163236498833 0.673992365598679 0.773566246032715 0.673294499516487 0.69148425757885 0.651706516742706 0.787471890449524 0.830826759338379 0.919159904122353 1.2134730219841 1.47826725244522 1.41750474325542 -9999 -9999 -9999 -9999 -9999 -9999 3.14426672458649 1.30574375391006 1.51979374885559 1.40234178304672 0.800225973129272 0.787464022636414 0.754471510648727 0.863403707742691 0.904617726802826 0.966672778129578 1.09102946519852 1.19196072220802 0.923809468746185 0.818884491920471 1.83137333393097 2.24461823701859 2.10989677906036 2.24619108438492 1.9762424826622 1.97624230384827 -9999 -9999 -9999 -9999 -9999 -9999 -9999
0.293860495090485 0.31590074300766 0.361747495830059 0.409979268908501 0.391044750809669 0.416214734315872 0.466994985938072 0.460016995668411 0.435099005699158 0.38042476773262 0.382672503590584 0.427632763981819 0.402284994721413 0.42153225839138 0.468668237328529 0.474465742707253 0.42219977080822 0.528078764677048 0.679967254400253 0.676014751195908 0.677171230316162 0.700305730104446 0.629667744040489 0.710320517420769 0.758297234773636 0.860218852758408 1.01156325638294 1.09094028174877 1.74438867966334 -9999 -9999 -9999 -9999 -9999 -9999 -9999 1.80614626407623 1.53480340540409 1.19257199764252 0.970370292663574 0.916922986507416 0.891165018081665 0.724527731537819 1.06239938735962 1.08004800975323 1.13939362764359 2.18660098314285 1.6390169262886 1.57325255870819 2.58875620365143 2.29414808750153 1.98452779054642 -9999 -9999 -9999 -9999 -9999 -9999 -9999 -9999 -9999 -9999
0.546048738062382 0.340758740901947 0.344062507152557 0.351044252514839 0.336212240159512 0.340064249932766 0.386623486876488 0.519660383462906 0.382724270224571 0.368476510047913 0.379568248987198 0.391497015953064 0.593461878597736 0.369697496294975 0.430754989385605 0.485777243971825 0.509058728814125 0.530082732439041 0.848370254039765 1.22947879591767 0.879869071128485 0.658384501934052 0.687390759587288 0.631592229008675 0.738766506314278 0.853291511535645 0.920060276985168 0.975194960832596 1.91016831000646 -9999 -9999 -9999 -9999 -9999 -9999 -9999 19.8772630691528 2.74277919530869 1.87008225917816 1.65056616067886 1.06907021999359 5.75737823545933 2.87012806534767 2.47201766073704 1.84172478318214 3.59079301357269 2.81789767742157 3.26952981948853 2.65815907716751 4.75188732147217 6.71078610420227 2.62533858418465 4.02805016040802 -9999 -9999 -9999 -9999 -9999 -9999 -9999 -9999 -9999
0.440463021397591 0.378137245774269 0.357815243303776 0.304800756275654 0.333014242351055 0.326691001653671 0.35350875556469 0.35462249815464 0.355922989547253 0.34469099342823 0.386229738593102 0.623943373560905 0.621715128421783 0.575309626758099 0.541199997067451 0.531128235161304 0.536902114748955 0.563743494451046 0.758530765771866 0.563163757324219 0.610193252563477 0.637923762202263 0.602195978164673 0.597362235188484 0.616145253181458 0.650968506932259 0.833051294088364 0.87604495882988 1.24791450798512 2.7618728984486 -9999 -9999 -9999 -9999 -9999 -9999 -9999 3.43902218341827 4.16110324859619 1.80145663749881 2.25159400701523 2.33969736099243 2.4780048429966 2.5229643881321 2.50930917263031 4.94853901863098 4.40694057941437 6.97945189476013 12.5975461006165 31.9900817871094 13.2051773071289 3.53921091556549 4.23345973675657 -9999 -9999 -9999 -9999 -9999 -9999 -9999 -9999 -9999
0.261050999164581 0.227817758917809 0.231182992458344 0.259117506444454 0.299275495111942 0.308144241571426 0.327605254948139 0.570127889513969 0.591931879520416 0.638227880001068 0.623358003795147 0.618092983961105 0.614368513226509 0.67595574259758 0.650461763143539 0.546122610569 0.532639883458614 0.547540873289108 0.507382482290268 0.547916248440742 0.477402001619339 0.492504000663757 0.584248512983322 0.708956256508827 0.745500013232231 0.623280018568039 1.08929362893105 0.86216926574707 1.00532850623131 1.14752250909805 -9999 -9999 -9999 -9999 -9999 -9999 -9999 -9999 -9999 -9999 -9999 -9999 -9999 -9999 -9999 -9999 3.65490746498108 9.88339447975159 18.8600578308105 4.69974035024643 -9999 -9999 -9999 -9999 -9999 -9999 -9999 -9999 -9999 -9999 -9999 -9999
0.266779504716396 0.232588492333889 0.226499252021313 0.215190745890141 0.485800869762897 0.503389500081539 0.519884638488293 0.573154494166374 0.615267746150494 0.675877131521702 0.629527866840363 0.611003637313843 0.604721255600452 0.629231236875057 0.643914744257927 0.616287745535374 0.551002487540245 0.579553507268429 0.592224732041359 0.600082889199257 0.658485375344753 0.712045893073082 0.7292774990201 0.937567448616028 -9999 -9999 -9999 0.768304467201233 0.71579173207283 0.734664738178253 0.96521320939064 -9999 -9999 -9999 -9999 -9999 -9999 -9999 -9999 -9999 -9999 -9999 -9999 -9999 -9999 -9999 -9999 -9999 -9999 -9999 -9999 -9999 -9999 -9999 -9999 -9999 -9999 -9999 -9999 -9999 -9999 -9999
0.247804507613182 0.542895376682281 0.4498241096735 0.431426994502544 0.498586870729923 0.515349738299847 0.537631876766682 0.610110752284527 0.639397121965885 0.657237745821476 0.627344995737076 0.677514374256134 0.650072626769543 0.649266734719276 0.671899124979973 0.688768856227398 0.669659994542599 0.655554369091988 0.670474894344807 0.665046371519566 0.653299883008003 0.682242371141911 0.73905935883522 0.815518900752068 0.918921366333961 0.668148770928383 0.709265246987343 0.811052978038788 0.841461002826691 0.875634759664536 0.887859016656876 2.14086671944322 -9999 -9999 -9999 -9999 -9999 -9999 -9999 -9999 -9999 -9999 -9999 -9999 -9999 -9999 -9999 -9999 -9999 -9999 -9999 -9999 -9999 -9999 -9999 -9999 -9999 -9999 -9999 -9999 -9999 -9999
0.60453712195158 0.505597896873951 0.495751887559891 0.48344287276268 0.512365892529488 0.565049238502979 0.578584514558315 0.61999985575676 0.723537012934685 0.752460770308971 0.756314612925053 0.683546259999275 0.726390011608601 0.740189976990223 0.768683239817619 0.779688745737076 0.770269878208637 0.767032876610756 0.767548128962517 0.735323220491409 0.754686757922173 0.78176399320364 0.832498133182526 0.880368009209633 0.768730491399765 0.780298501253128 0.822792023420334 0.875634759664536 0.884075224399567 0.954476237297058 1.47744977474213 2.59048344872215 -9999 -9999 -9999 -9999 -9999 -9999 -9999 -9999 -9999 -9999 -9999 -9999 -9999 -9999 -9999 -9999 -9999 -9999 -9999 -9999 -9999 -9999 -9999 -9999 -9999 -9999 -9999 -9999 -9999 -9999
0.525934115052223 0.56394262611866 0.585967116057873 0.589131005108356 0.556496255099773 0.643466256558895 0.6738266274333 0.692039228975773 0.809902869164944 0.839813992381096 0.893023118376732 0.960334852337837 0.992775365710258 1.03030496835709 1.00989711284637 0.938773490488529 0.873015739023685 0.83985561132431 0.828489035367966 0.788264974951744 0.770331367850304 0.832600146532059 0.896535381674767 0.57769949734211 1.08895647525787 1.18213498592377 0.935928761959076 0.971592038869858 1.07032495737076 1.04908874630928 1.99351733922958 -9999 -9999 -9999 -9999 -9999 -9999 -9999 -9999 -9999 -9999 -9999 -9999 -9999 -9999 -9999 -9999 -9999 -9999 -9999 -9999 -9999 -9999 -9999 -9999 -9999 -9999 -9999 -9999 -9999 -9999 -9999
