EcologicalScience/Bass/data/rs_data_bass/chl_492.asc
NCOLS 226 
NROWS 124 
XLLCORNER -9.41648524995501 
YLLCORNER 47.587301625531 
CELLSIZE 0.0833 
NODATA_value -9999 
[rows 81 to 107 of 124, columns 61 to 121 of 226]
1.93650090694427 3.85158455371857 5.97498106956482 7.6620512008667 7.66205191612244 -9999 -9999 -9999 -9999 -9999 -9999 -9999 -9999 -9999 -9999 -9999 -9999 -9999 -9999 -9999 -9999 -9999 -9999 -9999 -9999 -9999 -9999 -9999 -9999 -9999 -9999 -9999 -9999 -9999 -9999 -9999 -9999 -9999 -9999 -9999 -9999 -9999 -9999 -9999 -9999 -9999 -9999 -9999 -9999 -9999 -9999 -9999 -9999 -9999 -9999 -9999 -9999 -9999 -9999 -9999 -9999
2.40026521682739 4.73752925992012 -9999 -9999 -9999 -9999 -9999 -9999 -9999 -9999 -9999 -9999 -9999 -9999 -9999 -9999 -9999 -9999 -9999 -9999 -9999 -9999 -9999 -9999 -9999 -9999 -9999 -9999 -9999 -9999 -9999 -9999 -9999 -9999 -9999 -9999 -9999 -9999 -9999 -9999 -9999 -9999 -9999 -9999 -9999 -9999 -9999 -9999 -9999 -9999 -9999 -9999 -9999 -9999 -9999 -9999 -9999 -9999 -9999 -9999 -9999
-9999 -9999 -9999 -9999 -9999 -9999 -9999 -9999 -9999 -9999 -9999 -9999 -9999 -9999 -9999 -9999 -9999 -9999 -9999 -9999 -9999 -9999 -9999 -9999 -9999 -9999 -9999 -9999 -9999 -9999 -9999 -9999 -9999 -9999 -9999 -9999 -9999 -9999 -9999 -9999 -9999 -9999 -9999 -9999 -9999 -9999 -9999 -9999 -9999 -9999 -9999 -9999 -9999 -9999 -9999 -9999 -9999 -9999 -9999 -9999 -9999
-9999 -9999 -9999 -9999 -9999 -9999 -9999 -9999 -9999 -9999 -9999 -9999 -9999 -9999 -9999 -9999 -9999 -9999 -9999 -9999 -9999 -9999 -9999 -9999 -9999 -9999 -9999 -9999 -9999 -9999 -9999 -9999 -9999 -9999 -9999 -9999 -9999 -9999 -9999 -9999 -9999 -9999 -9999 -9999 -9999 -9999 -9999 -9999 -9999 -9999 -9999 -9999 -9999 -9999 -9999 -9999 -9999 -9999 2.55358800394782 4.0206470489502 3.10088109970093
-9999 -9999 -9999 -9999 -9999 -9999 -9999 -9999 -9999 -9999 -9999 -9999 -9999 -9999 -9999 -9999 -9999 -9999 -9999 -9999 -9999 -9999 -9999 -9999 -9999 -9999 -9999 -9999 -9999 -9999 -9999 -9999 -9999 -9999 -9999 -9999 -9999 37.1749906539917 3.83929751813412 3.25790905952454 3.2218097448349 -9999 -9999 1.49189507961273 1.63005390763283 1.91420871019363 1.83435291051865 1.57620191574097 1.71897804737091 1.86261016130447 2.03460252285004 2.08040463924408 2.12247115373611 -9999 -9999 2.91585516929626 2.73147350549698 2.08783006668091 1.62872958183289 1.65318846702576 1.64485555887222
-9999 -9999 -9999 -9999 -9999 -9999 -9999 -9999 -9999 -9999 -9999 -9999 -9999 -9999 1.9049329161644 1.8582256436348 1.57047361135483 1.40238055586815 1.30813792347908 1.12509450316429 -9999 -9999 -9999 -9999 -9999 -9999 -9999 -9999 -9999 1.79647046327591 1.80057960748672 1.96299648284912 1.95725697278976 2.71446943283081 3.66949796676636 -9999 -9999 -9999 2.69801527261734 2.63568270206451 2.59230297803879 2.61328375339508 2.5312807559967 2.31004196405411 2.06186538934708 1.88363009691238 1.8101618885994 1.71232223510742 1.64929121732712 1.61341112852097 1.5856865644455 1.5729660987854 1.58300149440765 1.79909402132034 2.0864589214325 2.16710060834885 1.96739745140076 1.57656669616699 1.09276244044304 0.765450596809387 0.718114390969276
-9999 -9999 -9999 -9999 -9999 -9999 -9999 -9999 -9999 -9999 -9999 1.65481925010681 1.71839261054993 1.81140911579132 1.53384625911713 1.41654619574547 1.33062288165092 1.28740283846855 1.23981374502182 1.21754515171051 1.30236393213272 1.28896567225456 1.46981021761894 1.55864632129669 1.77146726846695 1.98768067359924 2.00573426485062 -9999 1.54609215259552 1.91626650094986 1.93800008296967 1.93805980682373 1.99469858407974 2.13710421323776 2.26299333572388 2.18234807252884 -9999 2.5928031206131 2.60907429456711 2.60844719409943 2.48869729042053 2.39387279748917 2.3097757101059 2.18559265136719 1.95518857240677 1.7815797328949 1.67813622951508 1.54067176580429 1.40477496385574 1.29696804285049 1.211041867733 1.10283628106117 1.01143562793732 1.04338064789772 1.18319070339203 1.24453926086426 1.21767988801003 1.01036193966866 0.788589388132095 0.775237530469894 0.85272404551506
-9999 -9999 -9999 -9999 -9999 -9999 -9999 -9999 -9999 1.67419436573982 2.06619089841843 1.73415684700012 1.55900824069977 1.52233296632767 1.38986921310425 1.25848576426506 1.11135184764862 1.04562199115753 0.980075418949127 1.12066438794136 1.32870930433273 1.53857660293579 1.6760036945343 1.61066257953644 1.68116068840027 1.8377001285553 1.99065417051315 2.09150969982147 2.15524131059647 2.07781201601028 2.01693820953369 2.02475613355637 2.071937084198 2.18306171894073 2.31489729881287 2.49621677398682 2.61459624767303 2.65563905239105 2.68191701173782 2.606065928936 2.48618012666702 2.3021451830864 2.24556934833527 2.10315495729446 1.743343770504 1.41767656803131 1.14318117499352 1.00155383348465 0.95042297244072 0.890662461519241 0.819191694259644 0.755968004465103 0.778669506311417 0.809295326471329 0.777514457702637 0.713798001408577 0.688002973794937 0.790345162153244 0.888582766056061 0.975005239248276 0.855639964342117
-9999 -9999 -9999 -9999 -9999 -9999 -9999 -9999 -9999 -9999 2.15440553426743 1.66089481115341 1.47722187638283 1.25760224461555 1.0837085545063 0.977207690477371 0.90257915854454 0.959022581577301 1.03246343135834 1.15118756890297 1.3110474050045 1.45080703496933 1.53811329603195 1.55385035276413 1.63807243108749 1.71917742490768 1.78211688995361 1.86218816041946 1.9234482049942 1.9765539765358 2.04021996259689 2.08492112159729 2.09798151254654 2.11367905139923 2.22526574134827 2.4037778377533 2.51196581125259 2.56510126590729 2.58070832490921 2.6361477971077 2.55694234371185 2.30375468730927 1.98426693677902 1.5618052482605 1.26062536239624 1.06965950131416 0.991823136806488 0.922516465187073 0.830715626478195 0.765642195940018 0.79043385386467 0.870273470878601 0.957068592309952 0.932107150554657 0.828176289796829 0.865814656019211 0.954593002796173 1.02822732925415 1.07377204298973 1.08393600583076 1.0432456433773
4.13654887676239 -9999 -9999 -9999 -9999 -9999 -9999 -9999 -9999 -9999 2.01528739929199 1.54796612262726 1.30007350444794 1.18782734870911 1.07579460740089 0.969231069087982 0.920504093170166 0.939090460538864 0.996023565530777 1.05990949273109 1.16534230113029 1.23785752058029 1.29711985588074 1.40269857645035 1.61651122570038 1.63388478755951 1.53785115480423 1.5763093829155 1.63495016098022 1.71568161249161 1.78887319564819 1.7601181268692 1.80152821540833 2.05980312824249 2.0279495716095 1.99049806594849 2.17993229627609 2.18534374237061 2.12744110822678 2.0347101688385 1.88366425037384 1.59747916460037 1.26380968093872 1.11014690995216 1.08856621384621 1.05809631943703 1.03956967592239 1.01155641674995 0.977829247713089 0.972414046525955 0.970832973718643 1.03861311078072 1.06586247682571 1.01210626959801 1.12345308065414 1.20938551425934 1.12978255748749 1.16784220933914 1.19184342026711 1.24574652314186 1.37078323960304
1.500155210495 1.40798243880272 1.48407590389252 1.46100631356239 1.64557474851608 1.66488307714462 -9999 -9999 1.40950664877892 1.39953598380089 1.40006518363953 1.31325325369835 1.26675313711166 1.29261982440948 1.23529055714607 1.130954682827 1.14751821756363 1.14128333330154 1.09835663437843 1.09587800502777 1.17214795947075 1.22442063689232 1.23929035663605 1.2629531621933 1.23899880051613 1.25313198566437 1.30447724461555 1.3015493452549 1.28536552190781 1.28376898169518 1.2716044485569 1.27516034245491 1.32445308566093 1.36615973711014 1.29985901713371 1.24454033374786 1.23117578029633 1.25847208499908 1.24673455953598 1.141546189785 1.10211065411568 1.09516882896423 1.15182620286942 1.19361010193825 1.20825102925301 1.16987246274948 1.14361694455147 1.09632495045662 1.10146030783653 1.1322093307972 1.12913167476654 1.36305785179138 1.47161650657654 1.00864058732986 0.961559683084488 1.0494576394558 1.06152963638306 1.1193271279335 1.1944964826107 1.17708206176758 1.17115893959999
1.07670897245407 1.10176625847816 1.2600049674511 1.30324012041092 1.34916168451309 1.43038675189018 1.49336636066437 1.31513357162476 1.21915322542191 1.21474501490593 1.28014370799065 1.30273622274399 1.28691959381104 1.31365299224854 1.26640945672989 1.23549655079842 1.22126170992851 1.22399085760117 1.17785078287125 1.09884166717529 1.05893191695213 1.07353842258453 1.1161504983902 1.15473335981369 1.17640382051468 1.17289057374001 1.20107612013817 1.19266989827156 1.21245583891869 1.22406354546547 1.20886561274529 1.24669906497002 1.32440239191055 1.23684829473495 1.16833510994911 1.17124718427658 1.19552618265152 1.15601715445518 1.14340075850487 1.13280907273293 1.14243060350418 1.14542305469513 1.16834154725075 1.17731881141663 1.16085255146027 1.0333152115345 0.942728340625763 0.90881073474884 0.913845777511597 0.961768716573715 1.08343380689621 1.25665301084518 1.23676460981369 0.974629104137421 0.763418734073639 0.792449086904526 0.876660615205765 1.18585431575775 1.38575559854507 1.65409648418427 1.78440016508102
1.08760938048363 1.05908784270287 1.0888297855854 1.05402660369873 0.987692177295685 1.07111379504204 1.12652313709259 1.12423878908157 1.14452514052391 1.17659497261047 1.16996106505394 1.17584037780762 1.24697926640511 1.29805254936218 1.27596142888069 1.29445794224739 1.25007471442223 1.25885081291199 1.17330452799797 1.09464177489281 1.0768940448761 1.09753677248955 1.0987956225872 1.14001715183258 1.1800100505352 1.1945983171463 1.23598390817642 1.22636461257935 1.1995747089386 1.19930228590965 1.19758442044258 1.18819123506546 1.25138220191002 1.27142733335495 1.22503995895386 1.0843922495842 1.12119492888451 1.13893774151802 1.13042235374451 1.12132850289345 1.10178503394127 1.06121617555618 1.0322157740593 1.03386300802231 1.01970952749252 0.985500186681747 0.974336832761765 1.02118948101997 1.10074254870415 1.16086167097092 1.25510573387146 1.28430506587029 1.15287637710571 1.03209489583969 1.03950870037079 0.999563366174698 1.18025833368301 1.58632564544678 1.86251574754715 2.11686426401138 2.22118699550629
1.19609767198563 1.24950072169304 1.30434447526932 1.16959378123283 0.999141007661819 0.946613609790802 0.933424472808838 0.977614402770996 1.03283759951591 1.09372267127037 1.13409027457237 1.18406242132187 1.22613126039505 1.24037253856659 1.1994903087616 1.18364900350571 1.19805791974068 1.2038499712944 1.20322260260582 1.158302038908 1.10853230953217 1.10172039270401 1.11657097935677 1.13232493400574 1.14390143752098 1.1924015879631 1.26460218429565 1.22906962037086 1.14786288142204 1.0191288292408 0.963676035404205 0.965922474861145 1.00366455316544 1.03525444865227 1.12004864215851 1.18960162997246 1.20526313781738 1.18484982848167 1.19428932666779 1.15066131949425 1.02293407917023 0.976308614015579 0.928845852613449 0.876688778400421 0.870991587638855 0.911110013723373 0.980291068553925 1.18570303916931 1.43669629096985 1.52985173463821 1.54181617498398 1.67690348625183 1.48500037193298 1.41716006398201 1.48473644256592 1.54476320743561 1.74445527791977 1.9660604596138 1.98634833097458 1.82080668210983 1.77309912443161
1.42289453744888 1.99384760856628 1.98851627111435 1.36035713553429 1.3165345788002 1.19484150409698 0.951150566339493 0.894505530595779 0.903207778930664 0.926245272159576 0.952857255935669 0.97005432844162 1.03484854102135 1.09513512253761 1.04438111186028 0.949835032224655 0.907276332378387 0.925476908683777 0.956968903541565 0.952907145023346 0.944638431072235 0.933828592300415 0.926825702190399 0.915996819734573 0.967242479324341 1.04668486118317 1.15331742167473 1.17253902554512 1.00704118609428 0.959856659173965 0.979869782924652 1.00788018107414 1.03501412272453 1.05716970562935 1.10979768633842 1.21735006570816 1.35484331846237 1.40812155604362 1.47657832503319 1.46924257278442 1.25979816913605 1.14541777968407 1.09833526611328 1.04281291365623 1.00109142065048 1.01274472475052 1.19893527030945 1.6802117228508 1.95079958438873 2.0750720500946 2.21310371160507 2.29636234045029 1.93817871809006 1.6136628985405 1.66971749067307 1.83363658189774 1.97549164295197 1.94129705429077 1.83579432964325 1.79933345317841 1.8641642332077
0.856973379850388 0.944828599691391 1.50405782461166 2.17937582731247 1.87932962179184 1.16678032279015 1.0164986550808 0.936992436647415 0.888375699520111 0.893259465694427 0.886023581027985 0.900215148925781 0.906543999910355 0.895129501819611 0.862697929143906 0.817501902580261 0.758614003658295 0.752507328987122 0.7563636302948 0.762778133153915 0.757127612829208 0.747711271047592 0.761886477470398 0.773470848798752 0.810730218887329 0.870312094688416 0.955036014318466 1.00237762928009 0.965613037347794 0.993474215269089 1.03722694516182 1.0773076415062 1.1199027299881 1.10706639289856 1.1348580121994 1.30683267116547 1.45365688204765 1.52015197277069 1.47825756669044 1.38887259364128 1.33025568723679 1.35152024030685 1.39262759685516 1.24931851029396 1.14343321323395 1.10636124014854 1.36547675728798 1.98827397823334 2.34028744697571 2.4734433889389 2.31311935186386 2.08932262659073 1.8889040350914 1.77685582637787 1.75922387838364 1.73987978696823 1.76119601726532 1.84255421161652 1.95970594882965 2.07172858715057 2.11270505189896
0.781213223934174 0.939542412757874 1.08098191022873 1.14017325639725 1.18087595701218 1.08575266599655 1.04572704434395 1.0395590364933 0.92972669005394 0.835356920957565 0.782038629055023 0.796704947948456 0.825628280639648 0.824371665716171 0.795141041278839 0.77473971247673 0.752260208129883 0.745922282338142 0.712737366557121 0.68161153793335 0.690206542611122 0.755807608366013 0.832593619823456 0.917090535163879 1.00390550494194 0.953200668096542 1.01375100016594 1.2287161052227 1.37659201025963 1.40424308180809 1.31388545036316 1.18497937917709 1.12952855229378 1.1151419878006 1.22504183650017 1.4954551756382 1.5807226896286 1.56864202022552 1.44705086946487 1.31662604212761 1.23242354393005 1.27478098869324 1.30656132102013 1.25688081979752 1.23698303103447 1.41167369484901 1.81806725263596 2.03322815895081 1.96359980106354 2.13386785984039 1.93423175811768 1.5799725651741 1.55767661333084 1.72849506139755 1.90919405221939 1.97673064470291 2.07341784238815 2.12784254550934 -9999 -9999 -9999
0.748154327273369 0.943440109491348 1.19278666377068 1.28020092844963 1.28289020061493 1.15217024087906 1.05044916272163 1.0325640141964 0.944721311330795 0.800770193338394 0.717562973499298 0.70218363404274 0.686188817024231 0.664979785680771 0.658409669995308 0.631140723824501 0.635854661464691 0.638003468513489 0.635739907622337 0.748846873641014 0.881990879774094 0.964952498674393 1.10412964224815 1.18405973911285 1.20037087798119 1.32537871599197 1.2779852449894 1.4592188000679 1.62479317188263 1.50166869163513 1.48019224405289 1.26187661290169 1.35527014732361 1.45254519581795 1.81866878271103 2.18790829181671 2.16878199577332 1.88410091400146 1.88733065128326 1.51779752969742 1.28969272971153 1.21617552638054 1.21186870336533 1.230125695467 1.2740533053875 1.3893691599369 1.64618843793869 1.72239124774933 1.63030368089676 1.59177070856094 1.45778194069862 1.4533654153347 1.5836768746376 1.85749000310898 2.13376075029373 1.38888676977548 -9999 -9999 -9999 -9999 -9999
0.905841529369354 0.957501411437988 1.16471672058105 1.36858731508255 1.20729884505272 0.898003041744232 0.976955384016037 0.986278116703033 0.915823996067047 0.808838814496994 0.683225557208061 0.603860199451447 0.559037894010544 0.550028443336487 0.563222050666809 0.577035158872604 0.586995989084244 0.607622489333153 0.71463842689991 0.89721018075943 1.02234184741974 1.10602444410324 1.20339059829712 1.18444830179214 1.1818522810936 1.2409935593605 1.30854597687721 1.41724419593811 1.56689912080765 1.55657941102982 -9999 -9999 -9999 -9999 -9999 -9999 3.14426672458649 2.23780488967896 1.97193467617035 1.43631201982498 1.28579860925674 1.21554601192474 1.13259476423264 1.13331162929535 1.18025350570679 1.26418089866638 1.45575749874115 1.45830327272415 1.35967352986336 1.35869479179382 1.49000036716461 1.74133658409119 1.95671582221985 1.97081583738327 1.9762424826622 1.97624230384827 -9999 -9999 -9999 -9999 -9999
1.42707172036171 1.25338062644005 1.16337016224861 1.25082215666771 1.00380635261536 0.650856882333755 0.663422361016273 0.783067524433136 0.820014327764511 0.682565778493881 0.580489799380302 0.533737599849701 0.529731899499893 0.543618723750114 0.545632794499397 0.559700131416321 0.603963598608971 0.630108118057251 0.795637875795364 1.1124355494976 1.27415862679482 1.10131278634071 1.04437619447708 1.04323241114616 1.21426105499268 1.27601444721222 1.24046418070793 1.38493144512177 1.62167519330978 1.86174058914185 -9999 -9999 -9999 -9999 -9999 -9999 3.17643892765045 3.35785031318665 2.95376086235046 1.83801484107971 1.50014555454254 1.41248962283134 1.34063163399696 1.27872303128242 1.27534943819046 1.34451743960381 1.41179260611534 1.49743419885635 1.57880830764771 1.76558035612106 2.1386593580246 2.45155817270279 2.56902050971985 -9999 -9999 -9999 -9999 -9999 -9999 -9999 -9999
1.51555037498474 1.11656552553177 0.948389858007431 0.81949970126152 0.72870996594429 0.61803987622261 0.586270183324814 0.554736256599426 0.510162726044655 0.517823249101639 0.582772448658943 0.550433903932571 0.540418088436127 0.541476264595985 0.549851506948471 0.612331196665764 0.718752220273018 0.775369763374329 0.988382667303085 1.49361518025398 1.81886458396912 0.82281936021573 1.22209033370018 0.937142819166183 1.07827314734459 1.29618778824806 1.29489862918854 1.42768540978432 1.72846484184265 1.86326962709427 -9999 -9999 -9999 -9999 -9999 -9999 -9999 3.98666024208069 3.68397009372711 4.79898405075073 4.47884845733643 3.60797667503357 3.1784234046936 2.48030143976212 2.31192934513092 2.42285388708115 2.26075941324234 1.83583188056946 1.69944763183594 1.94685119390488 2.58979296684265 2.7778360247612 2.85192042589188 3.20740485191345 -9999 -9999 -9999 -9999 -9999 -9999 -9999
0.774259150028229 0.756441324949265 0.821503132581711 0.746490731835365 0.704756274819374 0.66309517621994 0.690727829933167 0.593899324536324 0.528578326106071 0.572394445538521 0.640978932380676 0.63938020169735 0.603269666433334 0.592600867152214 0.599308669567108 0.630773842334747 0.684054270386696 0.739634111523628 0.833784520626068 0.885664701461792 0.898196429014206 0.848184674978256 0.860156267881393 0.976169854402542 1.47310888767242 1.69408535957336 1.84325820207596 1.95403200387955 2.10813957452774 2.13134801387787 2.24294096231461 -9999 -9999 -9999 -9999 -9999 -9999 -9999 3.50454998016357 4.9131395816803 5.58670020103455 6.76318502426147 6.31742334365845 5.76309192180634 3.60618245601654 3.39839744567871 3.13233983516693 3.20590710639954 3.62045967578888 3.57208943367004 2.93516600131989 2.57016259431839 2.75783389806747 2.93365234136581 -9999 -9999 -9999 -9999 -9999 -9999 -9999
0.779596298933029 0.970677137374878 0.743374943733215 0.788770079612732 0.947721004486084 0.746480941772461 0.635994985699654 0.711052447557449 0.612570896744728 0.69769611954689 0.712491273880005 0.712769597768784 0.701876744627953 0.674430817365646 0.679244756698608 0.687088698148727 0.702832996845245 0.7530437707901 0.798629343509674 0.763526916503906 0.683830663561821 0.678619891405106 0.796070873737335 1.2293584048748 2.13002926111221 2.95650833845139 2.43653744459152 2.65743505954742 2.50524365901947 2.47918313741684 2.40466690063477 2.01934558153152 -9999 -9999 -9999 -9999 -9999 -9999 -9999 -9999 -9999 -9999 -9999 -9999 -9999 -9999 -9999 3.65490746498108 5.82240915298462 7.56496381759644 7.18513441085815 4.03840398788452 -9999 -9999 -9999 -9999 -9999 -9999 -9999 -9999 -9999
0.881106376647949 0.782125443220139 0.797869116067886 0.734349399805069 0.679147034883499 0.68058255314827 0.623024761676788 0.61873134970665 0.668748289346695 0.737334206700325 0.702263742685318 0.718442782759666 0.745973110198975 0.739162713289261 0.767743349075317 0.808558881282806 0.796912103891373 0.799776077270508 0.799147725105286 0.793232560157776 0.8620545566082 0.991287410259247 1.21545168757439 1.65842396020889 2.14543372392654 1.47733956575394 -9999 2.10039836168289 2.25278770923615 2.14778637886047 2.16816633939743 2.51334553956985 2.05228954553604 -9999 -9999 -9999 -9999 -9999 -9999 -9999 -9999 -9999 -9999 -9999 -9999 -9999 -9999 -9999 -9999 -9999 -9999 -9999 -9999 -9999 -9999 -9999 -9999 -9999 -9999 -9999 -9999
1.04267075657845 0.950344562530518 0.899730116128922 0.842775374650955 0.737419679760933 0.688042670488358 0.648787602782249 0.648144721984863 0.69361500442028 0.697900995612144 0.676386192440987 0.713781371712685 0.82769787311554 0.922491788864136 0.94550147652626 0.932982981204987 0.982653737068176 1.00606566667557 1.03244331479073 0.933859884738922 1.03131195902824 1.19658583402634 1.40566831827164 1.71960532665253 2.15590578317642 2.85113543272018 3.13720858097076 3.25169706344604 2.64877814054489 2.60814875364304 2.28953969478607 2.01629716157913 1.95113915205002 -9999 -9999 -9999 -9999 -9999 -9999 -9999 -9999 -9999 -9999 -9999 -9999 -9999 -9999 -9999 -9999 -9999 -9999 -9999 -9999 -9999 -9999 -9999 -9999 -9999 -9999 -9999 -9999
1.17275243997574 1.14204946160316 1.03118267655373 0.860542774200439 0.793561667203903 0.772306680679321 0.754256755113602 0.715604022145271 0.735030680894852 0.763249933719635 0.777266263961792 0.861935198307037 0.951643913984299 1.05404153466225 1.19409397244453 1.29879409074783 1.29904282093048 1.27892848849297 1.1912958920002 1.03345566987991 1.10901993513107 1.262749761343 1.4242849946022 1.68552803993225 2.08832359313965 2.38342827558517 2.82873523235321 2.95912653207779 2.48109662532806 2.22289788722992 2.24630284309387 2.13685870170593 2.08739590644836 -9999 -9999 -9999 -9999 -9999 -9999 -9999 -9999 -9999 -9999 -9999 -9999 -9999 -9999 -9999 -9999 -9999 -9999 -9999 -9999 -9999 -9999 -9999 -9999 -9999 -9999 -9999 -9999
1.43895336985588 1.59439980983734 1.16048285365105 0.912565737962723 0.805115193128586 0.796201139688492 0.777923047542572 0.762519478797913 0.822924792766571 0.942968219518661 1.15779429674149 1.22502610087395 1.50148487091064 1.89358967542648 2.05181300640106 1.85163152217865 1.48098975419998 1.35409167408943 1.24539569020271 1.14127975702286 1.13292047381401 1.29012152552605 1.51720154285431 1.83495318889618 2.03440868854523 2.11660730838776 2.59600496292114 2.89857119321823 3.12838053703308 3.09686243534088 2.90407222509384 3.45347249507904 3.58814764022827 -9999 -9999 -9999 -9999 -9999 -9999 -9999 -9999 -9999 -9999 -9999 -9999 -9999 -9999 -9999 -9999 -9999 -9999 -9999 -9999 -9999 -9999 -9999 -9999 -9999 -9999 -9999 -9999
