EcologicalScience/Bass/data/rs_data_bass/chl_399.asc
NCOLS 226 
NROWS 124 
XLLCORNER -9.41648524995501 
YLLCORNER 47.587301625531 
CELLSIZE 0.0833 
NODATA_value -9999 
[rows 54 to 80 of 124, columns 0 to 61 of 226]
-9999 -9999 -9999 -9999 -9999 -9999 -9999 -9999 -9999 -9999 -9999 -9999 -9999 -9999 -9999 -9999 -9999 -9999 -9999 -9999 -9999 -9999 -9999 -9999 -9999 -9999 -9999 -9999 -9999 -9999 -9999 -9999 -9999 -9999 -9999 -9999 -9999 -9999 5.41898317664743 7.46551940315648 3.03467616438866 2.45636018514633 2.08545814454556 1.20941698551178 1.31150288879871 1.26414602994919 1.09707301855087 1.09525126218796 0.971210271120071 0.938825994729996 1.00708499550819 0.996760457754135 1.13219922780991 1.5013080239296 1.95618456602097 2.24605947732925 2.66528928279877 2.92571175098419 -9999 0.607058599591255 0.62790758907795 2.81519400296004
-9999 -9999 -9999 -9999 -9999 -9999 -9999 -9999 -9999 -9999 -9999 -9999 -9999 -9999 -9999 -9999 -9999 -9999 -9999 -9999 -9999 -9999 -9999 -9999 -9999 -9999 -9999 -9999 -9999 -9999 -9999 -9999 -9999 -9999 -9999 -9999 -9999 -9999 -9999 3.12050975114107 2.77088212966919 2.28076827526093 1.8104772567749 1.59597676992416 1.35971367359161 1.2015446126461 0.923731476068497 0.924788028001785 1.04218447208405 0.943328976631165 0.977157711982727 1.16030099987984 1.44374924898148 1.72487318515778 2.32252281904221 2.63461500406265 2.585140183568 2.9572973389157 -9999 -9999 -9999 -9999
-9999 -9999 -9999 -9999 -9999 -9999 -9999 -9999 -9999 -9999 -9999 -9999 -9999 -9999 -9999 -9999 -9999 -9999 -9999 -9999 -9999 -9999 -9999 -9999 -9999 -9999 -9999 -9999 -9999 -9999 -9999 -9999 -9999 -9999 -9999 -9999 -9999 -9999 -9999 -9999 2.2358375787735 2.0706339776516 1.83404038846493 2.0425027012825 1.871806204319 1.21382078528404 1.23487678170204 1.35185176134109 1.24687573313713 1.33286699652672 1.03819048404694 1.33804652094841 1.54131442308426 1.61801183223724 1.85814142227173 2.83147269487381 2.90182882547379 3.12952959537506 3.26159405708313 -9999 -9999 -9999
-9999 -9999 -9999 -9999 -9999 -9999 -9999 -9999 -9999 -9999 -9999 -9999 -9999 -9999 -9999 -9999 -9999 -9999 -9999 -9999 -9999 -9999 -9999 -9999 -9999 -9999 -9999 -9999 -9999 -9999 -9999 -9999 -9999 -9999 -9999 -9999 -9999 -9999 -9999 -9999 2.27770867347717 2.02364355325699 2.09011894464493 1.92410159111023 2.68595033884048 2.04138153791428 1.67895711958408 1.28933545947075 1.31169149279594 1.26607722043991 1.031405210495 1.23771446943283 1.32130497694016 1.43726545572281 1.5609884262085 1.85238003730774 2.03117769956589 2.38370633125305 2.93260341882706 3.60949051380157 2.1276695728302 -9999
-9999 -9999 -9999 -9999 -9999 -9999 -9999 -9999 -9999 -9999 -9999 -9999 -9999 -9999 -9999 -9999 -9999 -9999 -9999 -9999 -9999 -9999 -9999 -9999 -9999 -9999 -9999 -9999 -9999 -9999 -9999 -9999 -9999 -9999 -9999 -9999 -9999 -9999 -9999 -9999 -9999 2.6479514837265 2.42398881912231 2.55835944414139 2.61303448677063 2.51814007759094 2.01161473989487 1.44947478175163 1.37470123171806 1.16493898630142 1.0706444978714 1.09623670578003 1.20020771026611 1.29036971926689 1.37234553694725 1.40184223651886 1.83302396535873 2.49090903997421 3.09206342697144 3.50242710113525 3.67318332195282 -9999
-9999 -9999 -9999 -9999 -9999 -9999 -9999 -9999 -9999 -9999 -9999 -9999 -9999 -9999 -9999 -9999 -9999 -9999 -9999 -9999 -9999 -9999 -9999 -9999 -9999 -9999 -9999 -9999 -9999 -9999 -9999 -9999 -9999 -9999 -9999 -9999 -9999 -9999 -9999 -9999 -9999 2.59936975581305 2.49415200948715 2.55174905061722 2.57297623157501 2.09640741348267 1.70467042922974 1.44176548719406 1.40638947486877 1.31698460876942 1.15536712110043 0.939831733703613 1.07974120974541 1.19720926880836 1.31616675853729 1.47732371091843 1.79056191444397 2.65737158060074 2.99874007701874 0.899167581038042 -9999 -9999
-9999 -9999 -9999 -9999 -9999 -9999 -9999 -9999 -9999 -9999 -9999 -9999 -9999 -9999 -9999 -9999 -9999 -9999 -9999 -9999 -9999 -9999 -9999 -9999 -9999 -9999 -9999 -9999 -9999 -9999 -9999 -9999 -9999 -9999 -9999 -9999 -9999 -9999 -9999 -9999 2.76894342899323 2.64113831520081 2.60623204708099 2.49157798290253 1.96064096689224 1.65629482269287 1.66975128650665 1.75244092941284 1.34828621149063 1.09037625789642 1.13062763214111 1.0822290033102 1.27974186837673 1.45925778150558 1.68148130178452 1.4157780110836 1.85660880804062 -9999 -9999 3.82697729766369 19.334967315197 4.17797747254372
-9999 -9999 -9999 -9999 -9999 -9999 -9999 -9999 -9999 -9999 -9999 -9999 -9999 -9999 -9999 -9999 -9999 -9999 -9999 -9999 -9999 -9999 -9999 -9999 -9999 -9999 -9999 -9999 -9999 -9999 -9999 -9999 -9999 -9999 -9999 -9999 -9999 -9999 -9999 2.80424961447716 2.50872653722763 2.29432198405266 1.9833682179451 2.37552380561829 1.6186335682869 1.69002968072891 1.83404392004013 1.34195852279663 1.36248975992203 1.23224848508835 1.10072886943817 1.14196836948395 1.17672863602638 1.46407198905945 1.59396743774414 2.0846052646637 2.03367519378662 1.92276502847672 2.93451601266861 3.01476001739502 3.0943808555603 3.76612365245819
-9999 -9999 -9999 -9999 -9999 -9999 -9999 -9999 -9999 -9999 -9999 -9999 -9999 -9999 -9999 -9999 -9999 -9999 -9999 -9999 -9999 -9999 -9999 -9999 -9999 -9999 -9999 -9999 -9999 -9999 -9999 -9999 -9999 -9999 -9999 -9999 -9999 -9999 -9999 2.96551334112883 2.32152977585793 1.95440170168877 1.7287672162056 1.44080927968025 1.43928524851799 1.83354306221008 1.64920574426651 1.39687272906303 1.2900652885437 0.915159791707993 0.966783732175827 1.0550542473793 1.18971937894821 1.40110878646374 1.52916821837425 2.05279576778412 2.2486680150032 2.25593554973602 2.53545141220093 2.853924036026 2.79475951194763 2.67730128765106
-9999 -9999 -9999 -9999 -9999 -9999 -9999 -9999 -9999 -9999 -9999 -9999 -9999 -9999 -9999 -9999 -9999 -9999 -9999 -9999 -9999 -9999 -9999 -9999 -9999 -9999 -9999 -9999 -9999 -9999 -9999 -9999 -9999 -9999 -9999 -9999 -9999 -9999 4.37631889184316 2.93047952651978 2.1770703792572 1.58159664273262 1.60835927724838 1.36541399359703 1.32970279455185 1.51670694351196 1.30633351206779 1.20642748475075 1.1450400352478 1.00260677933693 1.01081103086472 1.09406250715256 1.25244149565697 0.88703253865242 1.01712074875832 1.58038866519928 1.6084823012352 1.85102623701096 2.16260701417923 2.6173934340477 2.61882823705673 1.80961722135544
-9999 -9999 -9999 -9999 -9999 -9999 -9999 -9999 -9999 -9999 -9999 -9999 -9999 -9999 -9999 -9999 -9999 -9999 -9999 -9999 -9999 -9999 -9999 -9999 -9999 -9999 -9999 -9999 -9999 -9999 -9999 -9999 -9999 -9999 -9999 -9999 -9999 -9999 2.82763794064522 2.56038299202919 2.05215632915497 1.35232879221439 1.31838977336884 1.2498667538166 1.25123172998428 1.27527147531509 1.13917797803879 1.10197421908379 1.01416727900505 0.976953774690628 0.965224474668503 0.956049710512161 1.0545195043087 1.13961227238178 1.23342262208462 0.627042755484581 1.17795896530151 1.73962569236755 2.04792147874832 2.44303804636002 2.41897881031036 1.61072516441345
-9999 -9999 -9999 -9999 -9999 -9999 -9999 -9999 -9999 -9999 -9999 -9999 -9999 -9999 -9999 -9999 -9999 -9999 -9999 -9999 -9999 -9999 -9999 -9999 -9999 -9999 -9999 -9999 -9999 -9999 -9999 -9999 -9999 -9999 -9999 -9999 -9999 2.57287912460474 2.91604918241501 1.23602253198624 1.22181075811386 1.24340853095055 1.16333404183388 1.15281075239182 1.12690570950508 1.09195125102997 1.03926828503609 1.01114326715469 1.02302402257919 1.02362170815468 1.05438378453255 0.967228531837463 1.08644324541092 0.977288246154785 1.13520187139511 0.944816261529922 0.593169763684273 1.19133827090263 1.25676450133324 1.1405782699585 1.1411130130291 1.45791493356228
-9999 -9999 -9999 -9999 -9999 -9999 -9999 -9999 -9999 -9999 -9999 -9999 -9999 -9999 -9999 -9999 -9999 -9999 -9999 -9999 -9999 -9999 -9999 -9999 -9999 -9999 -9999 -9999 -9999 -9999 -9999 -9999 -9999 -9999 -9999 -9999 -9999 7.07175225019455 4.02185708284378 1.34368354082108 1.24920371174812 1.17212328314781 1.08017626404762 0.98854798078537 0.960210710763931 0.923043787479401 0.87628573179245 0.864068269729614 0.8787502348423 0.93851101398468 1.03981196880341 1.05266922712326 1.01955373585224 0.997909516096115 1.11415386199951 0.701751753687859 0.597605243325233 0.633055508136749 0.992602497339249 1.09191039204597 1.04121565818787 1.31657512485981
-9999 -9999 -9999 -9999 -9999 -9999 -9999 -9999 -9999 -9999 -9999 -9999 -9999 -9999 -9999 -9999 -9999 -9999 -9999 -9999 -9999 -9999 -9999 -9999 -9999 -9999 -9999 -9999 -9999 -9999 -9999 -9999 -9999 -9999 -9999 -9999 2.87294375896454 2.96194878220558 2.13684630393982 1.44949722290039 1.19184672832489 0.994778215885162 0.901256293058395 0.895013272762299 0.938484013080597 0.914789289236069 0.899612277746201 0.888130456209183 0.811335772275925 0.842759996652603 1.08461621403694 1.15004172921181 1.14559215903282 1.05151538550854 1.26310202479362 1.22081927955151 0.781945466995239 1.22111888229847 1.28398463129997 1.35317100584507 1.62094277143478 1.8544306244169
-9999 -9999 -9999 -9999 -9999 -9999 -9999 -9999 -9999 -9999 -9999 -9999 -9999 -9999 -9999 -9999 -9999 -9999 -9999 -9999 -9999 -9999 -9999 -9999 -9999 -9999 -9999 -9999 -9999 -9999 -9999 1.86277425289154 1.65146273374557 -9999 2.10493344068527 2.28034971569078 1.73987113237381 1.29410198330879 1.16648200154305 1.08104395866394 0.932938456535339 0.86685374379158 0.8397037088871 0.852144777774811 0.890368491411209 1.01788651943207 0.974209517240524 0.940713733434677 0.899547725915909 0.992564231157303 1.21190209686756 1.23748160898685 1.15807463228703 1.2029580026865 1.3177102804184 1.56089588999748 1.72449973225594 1.94872722029686 2.3833481669426 1.66079619526863 1.85755372047424 2.55252668909405
-9999 -9999 -9999 -9999 -9999 -9999 -9999 -9999 -9999 -9999 -9999 -9999 -9999 -9999 -9999 -9999 -9999 -9999 -9999 -9999 -9999 -9999 0.346259817481041 1.22931585709254 1.65100193023682 2.67598271369934 2.80557006597519 4.23662450909615 1.40822249650955 1.48042353987694 1.66700702905655 1.22136148810387 1.30429998040199 1.26721125841141 1.31704500317574 1.21326595544815 1.18918946385384 1.10574299097061 1.03102648258209 0.884132981300354 0.774058520793915 1.15772920846939 0.909439533948898 0.893319010734558 0.958962768316269 1.11954295635223 1.15801799297333 1.21438577771187 1.16740572452545 0.975809991359711 1.18203976750374 1.21055772900581 1.31039361655712 1.51224263012409 1.59383171796799 1.97242534160614 2.29365143179893 2.06155775785446 2.45932729103986 -9999 -9999 -9999
-9999 -9999 -9999 -9999 -9999 -9999 -9999 -9999 -9999 -9999 -9999 -9999 -9999 -9999 -9999 -9999 -9999 -9999 -9999 -9999 -9999 -9999 3.03924219310284 2.78376831114292 1.26923176646233 1.49207478761673 1.6793594956398 1.92802351713181 2.33136302232742 1.90290141105652 1.66900652647018 1.17397347092628 1.13352146744728 0.981555014848709 0.877104789018631 0.865936517715454 0.82115176320076 0.785027235746384 0.81358203291893 0.808539748191833 0.833579957485199 1.17937570810318 0.935934752225876 0.902415007352829 0.851136714220047 1.03960499167442 1.28861171007156 1.33077451586723 1.05709724128246 1.41489189863205 1.20829953253269 1.35187272727489 1.5039828568697 1.58009621500969 2.08308181285858 -9999 -9999 -9999 -9999 -9999 -9999 -9999
-9999 -9999 -9999 -9999 -9999 -9999 -9999 -9999 -9999 -9999 -9999 -9999 -9999 -9999 -9999 -9999 -9999 -9999 -9999 3.57929346561432 5.69969336191813 2.87853527069092 3.31972217559814 2.50903952121735 1.62963223457336 1.56021147966385 2.48649966716766 2.01761555671692 2.05524677038193 2.87436443567276 2.04742133617401 1.6005756855011 1.26725327968597 0.959001034498215 0.89552628993988 0.807548224925995 0.735031485557556 0.743518486618996 0.901145964860916 0.909386962652206 0.892380774021149 0.89487299323082 1.095294713974 0.404772743582726 0.973712235689163 1.14092928171158 1.46380653977394 1.53609305620193 1.59878933429718 1.63753774166107 1.50165548920631 -9999 -9999 -9999 -9999 -9999 -9999 -9999 -9999 -9999 -9999 -9999
-9999 -9999 -9999 -9999 -9999 -9999 -9999 -9999 -9999 -9999 -9999 -9999 -9999 -9999 -9999 -9999 -9999 3.8869286775589 4.9274879693985 2.06190741062164 2.02151030302048 2.1289935708046 3.47515940666199 3.07123410701752 2.52105671167374 1.50744527578354 2.16069978475571 2.03505599498749 1.64170950651169 1.69730919599533 1.31008127331734 1.10089945793152 0.943473726511002 0.812135249376297 0.719160005450249 0.723022520542145 0.737095490098 0.809761494398117 1.00973922014236 0.783025503158569 0.522286489605904 0.459787487983704 0.405683979392052 0.396591737866402 0.612161993980408 1.23881927132607 1.4522422850132 1.67465096712112 1.70983350276947 1.29973502244268 2.03134206533432 -9999 -9999 -9999 -9999 -9999 -9999 -9999 -9999 -9999 -9999 -9999
-9999 -9999 -9999 -9999 -9999 -9999 -9999 -9999 -9999 -9999 -9999 -9999 -9999 -9999 9.2417599260807 20.1499342918396 15.2416051626205 0.879569292068481 1.14550951123238 1.5141629576683 2.13476854562759 1.67690402269363 2.09011727571487 1.79881131649017 1.11391648650169 0.955910235643387 1.17990151047707 0.634062767028809 0.946164786815643 1.12742176651955 1.06258428096771 0.870716214179993 0.837528705596924 0.649176746606827 0.59307673573494 0.707282245159149 0.841482013463974 0.904017716646194 0.83642703294754 0.847093462944031 0.569406732916832 0.521254129707813 0.583371385931969 0.568085253238678 0.66702975332737 1.05521929264069 1.53616654872894 1.69401526451111 1.69673627614975 1.34116986393929 1.3577473461628 3.07767087221146 -9999 -9999 -9999 -9999 -9999 -9999 -9999 -9999 -9999 -9999
-9999 -9999 -9999 -9999 -9999 -9999 -9999 -9999 -9999 -9999 -9999 3.53794097389494 1.81594240665436 1.80467359721661 1.11411675810814 1.58478301763535 1.09811621904373 0.731634736061096 0.823662042617798 1.19586074352264 1.16372099518776 1.35937196016312 1.24693796038628 0.828417778015137 0.603902980685234 0.679423481225967 0.678102761507034 0.70727401971817 0.730728730559349 0.76217320561409 0.683834239840508 0.804355502128601 0.604555517435074 0.591019481420517 0.641386494040489 0.701285228133202 0.796448975801468 0.873367488384247 0.725282236933708 0.566884517669678 0.592515751719475 0.749512508511543 0.799464762210846 0.617822259664536 0.991056025028229 1.02215176820755 1.12987875938416 1.48616775870323 2.28671303391457 1.77131980657578 1.59256213467296 -9999 -9999 -9999 -9999 -9999 8.45114185019981 8.66139459609985 28.0182166099548 28.3824501037598 3.11495411396027 -9999
-9999 -9999 -9999 -9999 -9999 -9999 -9999 -9999 -9999 4.30883583426476 1.22135245800018 1.04606249928474 1.03534877300262 1.16143271327019 1.33296748995781 1.10373070836067 0.825753718614578 0.732680261135101 0.798021018505096 0.715783506631851 0.751614779233932 0.809178739786148 0.768077999353409 0.761443465948105 0.819053292274475 0.526620760560036 0.479840263724327 0.506967768073082 0.43785148859024 0.434591978788376 0.425719499588013 0.443725481629372 0.775832980871201 0.89089572429657 0.759624034166336 0.749742016196251 0.68165248632431 0.649326011538506 0.527695253491402 0.5644511282444 0.661477491259575 0.624347269535065 1.03716748952866 0.69914473593235 0.872987240552902 1.01170054078102 1.33849075436592 0.893809497356415 1.01246246695518 1.60522802174091 1.67542576789856 3.00833368301392 1.34160071611404 2.34824322028594 5.80812340974808 3.80586552619934 3.95691120624542 6.46665489673614 7.80262023210526 8.91138577461243 8.22570067644119 -9999
-9999 -9999 -9999 -9999 -9999 1.07186624407768 1.59283500909805 1.78558802604675 1.69483494758606 1.41936296224594 1.42432352900505 1.29149928689003 1.06508177518845 1.4282174706459 0.811672478914261 0.719077482819557 0.675025507807732 0.706060498952866 0.71144400537014 0.677755504846573 0.686512514948845 0.748168498277664 0.742498487234116 0.789294004440308 0.682398766279221 0.660366743803024 0.634975478053093 0.618288740515709 0.886076241731644 0.452042251825333 0.406975507736206 0.497727736830711 0.69105751812458 0.834066778421402 0.492614239454269 0.827412039041519 0.851585268974304 1.00992527604103 0.717174008488655 0.593556761741638 0.629862740635872 0.844574958086014 0.47180101275444 0.562285512685776 0.870998293161392 0.795194238424301 0.838853985071182 0.833030998706818 1.92170979082584 2.33475643396378 1.70605239272118 2.27911281585693 3.48756897449493 5.14616143703461 2.56128871440887 2.40546256303787 2.0865044593811 2.18310052156448 2.65462544560432 2.9283247590065 3.72464251518249 3.03521877527237
-9999 -9999 -9999 -9999 -9999 1.08067953586578 1.3199617266655 1.34790900349617 1.19013449549675 0.914335459470749 0.938784778118134 1.0123987197876 1.02556425333023 0.896003633737564 2.46161842346191 0.799160242080688 0.732391521334648 0.592669486999512 0.581240996718407 0.657015770673752 0.654473260045052 0.631668761372566 0.576105013489723 0.560452491044998 0.655707746744156 0.6784987449646 0.835802972316742 0.681380242109299 0.501991510391235 0.437193006277084 0.333972752094269 0.317440509796143 0.400042500346899 0.868653774261475 0.804384022951126 0.995376706123352 1.04005873203278 0.756834715604782 0.480995625257492 0.45957038551569 0.592095360159874 0.608963258564472 0.444275245070457 0.505631983280182 0.636238485574722 0.820015490055084 0.720178484916687 0.678503260016441 0.873839288949966 1.49974873661995 1.67087131738663 1.66945123672485 1.65462523698807 1.51071852445602 1.55308997631073 1.59310626983643 1.61518469452858 1.67642351984978 2.09330677986145 2.34940981864929 2.40117529034615 2.45807585120201
-9999 -9999 -9999 -9999 -9999 1.08713400363922 0.856949239969254 0.855004459619522 0.860087960958481 0.808517217636108 1.07631450891495 0.965144276618958 0.739104375243187 0.689101502299309 0.602951623499393 0.705809980630875 0.534354016184807 0.533435985445976 0.579413250088692 0.60479624569416 0.514172986149788 0.517749756574631 0.628200754523277 0.674683481454849 0.58050674200058 0.584181010723114 0.471768021583557 0.354102753102779 0.485354259610176 0.397206768393517 0.383504712581634 0.386626347899437 0.862103283405304 0.818695485591888 0.928021520376205 0.925687462091446 0.545712009072304 0.450313858687878 0.495769500732422 0.461761504411697 0.531829118728638 0.743046015501022 0.549285002052784 0.456798378378153 0.489352885633707 0.358163997530937 0.777089238166809 0.875272482633591 0.846121519804001 0.732498243451118 0.877866983413696 0.9935592263937 0.875090718269348 0.912448480725288 1.00003200769424 1.09156474471092 1.23267099261284 1.36777773499489 1.65341079235077 2.06412756443024 1.98438522219658 2.18396401405334
-9999 -9999 -9999 -9999 -9999 0.91157403588295 0.852926284074783 0.927693754434586 0.941388756036758 0.888658493757248 0.953662544488907 0.664853230118752 0.654883503913879 0.542241007089615 0.629790008068085 0.541644752025604 0.549269244074821 0.535291492938995 0.539783254265785 0.511525511741638 0.520224764943123 0.517524763941765 0.541020736098289 0.501087740063667 0.507098257541656 0.512633264064789 0.373012505471706 0.464136019349098 0.434670366346836 0.525638245046139 0.485016748309135 0.387665510177612 0.428731501102448 0.630239993333817 0.641375228762627 0.543231770396233 0.437779136002064 0.323892004787922 0.337654508650303 0.494584120810032 0.41694675385952 0.566772378981113 0.539898388087749 0.507620483636856 0.479308240115642 0.451532512903213 0.409014746546745 0.483277514576912 0.491877987980843 0.491197988390923 0.577479511499405 0.735347002744675 0.682174488902092 0.663972750306129 0.748320981860161 1.01548147201538 1.21462726593018 1.20496369153261 1.23938233405352 1.71667139232159 1.97088637948036 2.23174086213112
-9999 -9999 -9999 -9999 -9999 0.785503506660461 0.815520018339157 0.867126792669296 0.876356989145279 0.635810270905495 0.512217745184898 0.539825230836868 0.692993983626366 0.633447736501694 0.719747990369797 0.71255998313427 0.667106240987778 0.58499550819397 0.561781480908394 0.521993234753609 0.421416744589806 0.397490993142128 0.390434235334396 0.455175742506981 0.550635740160942 0.632374495267868 0.501520872116089 0.577637985348701 0.387856498360634 0.375729486346245 0.369850125163794 0.362862758338451 0.375645361840725 0.382282868027687 0.391868636012077 0.413168616592884 0.325878001749516 0.336028508841991 0.372203998267651 0.442072123289108 0.414890259504318 0.562543138861656 0.61354049295187 0.539716869592667 0.459328126162291 0.295373260974884 0.296680502593517 0.436119988560677 0.492234751582146 0.528568238019943 0.575415253639221 0.67900724709034 0.746145993471146 0.800103530287743 0.869681268930435 0.883940503001213 0.976688995957375 1.14511985331774 1.25642059743404 1.49494162201881 1.67896118760109 1.92662027478218
