EcologicalScience/Bass/data/rs_data_bass/chl_109.asc
NCOLS 226 
NROWS 124 
XLLCORNER -9.41648524995501 
YLLCORNER 47.587301625531 
CELLSIZE 0.0833 
NODATA_value -9999 
[rows 0 to 26 of 124, columns 62 to 123 of 226]
-9999 -9999 -9999 -9999 -9999 -9999 -9999 -9999 -9999 -9999 -9999 -9999 -9999 -9999 -9999 -9999 -9999 -9999 -9999 -9999 -9999 -9999 -9999 -9999 -9999 -9999 -9999 -9999 -9999 -9999 -9999 -9999 -9999 -9999 -9999 -9999 -9999 -9999 -9999 -9999 -9999 -9999 -9999 -9999 -9999 -9999 -9999 -9999 -9999 -9999 -9999 -9999 -9999 -9999 -9999 -9999 -9999 -9999 -9999 -9999 -9999 -9999
-9999 -9999 -9999 -9999 -9999 -9999 -9999 -9999 -9999 -9999 -9999 -9999 -9999 -9999 -9999 -9999 -9999 -9999 -9999 -9999 -9999 -9999 -9999 -9999 -9999 -9999 -9999 -9999 -9999 -9999 -9999 -9999 -9999 -9999 -9999 -9999 -9999 -9999 -9999 -9999 -9999 -9999 -9999 -9999 -9999 -9999 -9999 -9999 -9999 -9999 -9999 -9999 -9999 -9999 -9999 -9999 -9999 -9999 -9999 -9999 -9999 -9999
-9999 -9999 -9999 -9999 -9999 -9999 -9999 -9999 -9999 -9999 -9999 -9999 -9999 -9999 -9999 -9999 -9999 -9999 -9999 -9999 -9999 -9999 -9999 -9999 -9999 -9999 -9999 -9999 -9999 -9999 -9999 -9999 -9999 -9999 -9999 -9999 -9999 -9999 -9999 -9999 -9999 -9999 -9999 -9999 -9999 -9999 -9999 -9999 -9999 -9999 -9999 -9999 -9999 -9999 -9999 -9999 -9999 -9999 -9999 -9999 -9999 -9999
-9999 -9999 -9999 -9999 -9999 -9999 -9999 -9999 -9999 -9999 -9999 -9999 -9999 -9999 -9999 -9999 -9999 -9999 -9999 -9999 -9999 -9999 -9999 -9999 -9999 -9999 -9999 -9999 -9999 -9999 -9999 -9999 -9999 -9999 -9999 -9999 -9999 -9999 -9999 -9999 -9999 -9999 -9999 -9999 -9999 -9999 -9999 -9999 -9999 -9999 -9999 -9999 -9999 -9999 -9999 -9999 -9999 -9999 -9999 -9999 -9999 -9999
-9999 -9999 -9999 -9999 -9999 -9999 -9999 -9999 -9999 -9999 -9999 -9999 -9999 -9999 -9999 -9999 -9999 -9999 -9999 -9999 -9999 -9999 -9999 -9999 -9999 -9999 -9999 -9999 -9999 -9999 -9999 -9999 -9999 -9999 -9999 -9999 -9999 -9999 -9999 -9999 -9999 -9999 -9999 -9999 -9999 -9999 -9999 -9999 -9999 -9999 -9999 -9999 -9999 -9999 -9999 -9999 -9999 -9999 -9999 -9999 -9999 -9999
-9999 -9999 -9999 -9999 -9999 -9999 -9999 -9999 -9999 -9999 -9999 -9999 -9999 -9999 -9999 -9999 -9999 -9999 -9999 -9999 -9999 -9999 -9999 -9999 -9999 -9999 -9999 -9999 0.63735419511795 0.724010867902832 5.3082103729248 1.93041372299194 1.5501052737236 1.29438829421997 1.27978572249413 1.40343824028969 1.46458277106285 1.47999903559685 1.46635276079178 1.45184245705605 1.40041726827621 1.45441201329231 1.57881295681 1.68568879365921 1.54385930299759 1.65215706825256 1.83798891305923 1.86727577447891 1.87034547328949 1.64783996343613 1.58952301740646 1.53105068206787 1.4482447206974 1.28032949566841 1.48192423582077 1.46820223331451 0.787586957216263 0.612589493393898 0.607048496603966 0.657223507761955 0.579731985926628 0.614714249968529
-9999 -9999 -9999 -9999 -9999 -9999 -9999 -9999 -9999 -9999 -9999 -9999 -9999 -9999 -9999 -9999 -9999 -9999 -9999 -9999 -9999 -9999 -9999 -9999 -9999 -9999 1.18186515569687 1.0627324283123 4.78071892261505 7.9345486164093 3.01205563545227 1.75226479768753 1.16059729456902 1.1051159799099 1.26056322455406 1.26482024788857 1.35225749015808 1.36149001121521 1.53689932823181 1.52355748414993 1.70934516191483 1.77711671590805 1.60483646392822 1.77176249027252 1.88020205497742 2.15827202796936 2.41436094045639 2.60453993082047 2.01112121343613 1.88836723566055 1.54564422369003 1.42689228057861 1.2213262617588 0.951785266399384 0.879277467727661 0.889368027448654 0.68862073123455 0.573764249682426 0.566947504878044 0.588854268193245 0.6574327647686 0.601434007287025
-9999 -9999 -9999 -9999 -9999 -9999 -9999 -9999 -9999 -9999 -9999 -9999 -9999 -9999 -9999 -9999 -9999 -9999 -9999 -9999 -9999 -9999 -9999 -9999 -9999 -9999 1.18186515569687 6.77087259292603 4.19772291183472 2.19291454553604 1.50312530994415 1.30931773781776 1.01299354434013 1.2192539870739 1.28715598583221 1.22952827811241 1.27638074755669 1.21185529232025 1.12356752157211 1.11987072229385 1.56938016414642 1.76014351844788 1.52316445112228 1.79623281955719 2.19352644681931 2.71366202831268 2.7193928360939 2.56566452980042 2.57803058624268 2.39167195558548 1.77053618431091 1.30856922268867 1.03762874007225 0.928770035505295 0.899916708469391 0.856603503227234 0.811405509710312 0.821245461702347 0.725225239992142 0.63474977016449 0.635855242609978 0.701157733798027
-9999 -9999 -9999 -9999 -9999 -9999 -9999 -9999 -9999 -9999 -9999 -9999 -9999 -9999 -9999 -9999 -9999 -9999 -9999 -9999 -9999 -9999 -9999 -9999 -9999 -9999 5.44625866413116 2.60918408632278 1.73983722925186 1.41324296593666 1.26308923959732 0.936210751533508 1.10036247968674 1.12412023544312 1.09066271781921 1.07977125048637 1.12159278988838 0.966361463069916 0.85604926943779 1.40691527724266 1.94809198379517 1.66555505990982 1.65967798233032 1.79842793941498 1.91008043289185 1.82236951589584 1.65696752071381 1.8198704123497 2.16674619913101 2.00887191295624 2.10211193561554 1.62329399585724 1.09797897934914 0.900608986616135 0.785292774438858 0.789453774690628 0.826380729675293 0.730001270771027 0.70007099211216 0.650583744049072 0.500838741660118 0.6600022315979
-9999 -9999 -9999 -9999 -9999 -9999 -9999 -9999 -9999 -9999 -9999 -9999 -9999 -9999 -9999 -9999 -9999 -9999 -9999 -9999 -9999 -9999 -9999 -9999 -9999 1.19121462106705 1.47774749994278 1.50207227468491 1.23703649640083 1.09841027855873 1.23818778991699 1.27911821007729 1.13760522007942 1.00325703620911 1.07458126544952 1.11978676915169 0.949044764041901 0.92418971657753 1.14984002709389 1.63402283191681 1.71017843484879 1.62962472438812 1.87331700325012 1.83960521221161 1.79259967803955 1.47432750463486 1.13778448104858 1.35335773229599 1.48413071036339 1.379041492939 1.43217596411705 1.5035954117775 1.19130527973175 0.999720007181168 0.91548827290535 1.12580922245979 0.945138037204742 0.604377016425133 0.572711259126663 0.471014991402626 0.422122478485107 0.431651249527931
-9999 -9999 -9999 -9999 -9999 -9999 -9999 -9999 -9999 -9999 -9999 -9999 -9999 -9999 -9999 -9999 -9999 -9999 -9999 -9999 -9999 -9999 -9999 -9999 -9999 1.50020098686218 1.27198353409767 1.06695672869682 1.05386397242546 1.08673802018166 1.20015674829483 1.0311427116394 1.03474876284599 0.955898970365524 1.25887128710747 1.28302878141403 1.51606500148773 1.25591549277306 1.72873270511627 2.0858182311058 2.22979652881622 2.17455893754959 1.92965626716614 1.86154353618622 1.68547350168228 1.59078973531723 1.47159299254417 1.5840967297554 1.47757878899574 1.25347271561623 1.42824903130531 1.47354599833488 1.33734825253487 1.26659926772118 1.41362696886063 1.82395416498184 1.20424801111221 0.583003520965576 0.610595270991325 0.574038729071617 0.419252246618271 0.501901522278786
-9999 -9999 -9999 -9999 -9999 -9999 -9999 -9999 -9999 -9999 -9999 -9999 -9999 -9999 -9999 -9999 -9999 -9999 -9999 -9999 -9999 -9999 -9999 -9999 1.31647038459778 2.0713364481926 1.16332501173019 1.09236153960228 0.858947217464447 1.10390174388885 1.30119448900223 1.28583070635796 1.13491648435593 1.08171898126602 1.29603078961372 1.23516601324081 1.24633499979973 1.25072398781776 1.3123627603054 1.32842248678207 1.36250478029251 1.56800544261932 1.72456204891205 2.03360241651535 1.82053273916245 1.67977130413055 1.2447262108326 1.13020876049995 1.18605449795723 1.15270873904228 1.26284703612328 1.66180050373077 1.49905729293823 1.3465867638588 1.26267376542091 1.66297119855881 2.49161696434021 1.77107030153275 1.21504721045494 0.642402738332748 0.541537508368492 0.509283006191254
-9999 -9999 -9999 -9999 -9999 -9999 -9999 -9999 -9999 -9999 -9999 -9999 -9999 -9999 -9999 -9999 -9999 -9999 -9999 -9999 -9999 -9999 -9999 1.50594073534012 4.4582827091217 1.72503966093063 1.06947228312492 1.07533648610115 1.09955924749374 1.22763374447823 1.3121152818203 1.19043302536011 0.953089535236359 0.926462978124619 0.976048529148102 0.966192036867142 1.09265246987343 1.09545823931694 1.03002378344536 1.02984899282455 1.08548024296761 1.17979797720909 1.54254376888275 1.59227693080902 1.04423475265503 0.84230849146843 1.03974598646164 1.09125897288322 1.24529626965523 1.16705927252769 1.300103276968 1.59973275661469 1.63335067033768 1.36688777804375 1.37961450219154 1.52449053525925 1.74835056066513 1.7414528131485 1.65116107463837 1.52074420452118 1.60544621944427 1.76067370176315
-9999 -9999 -9999 -9999 -9999 -9999 -9999 -9999 -9999 -9999 -9999 -9999 -9999 -9999 -9999 -9999 -9999 -9999 -9999 -9999 -9999 -9999 21.2281122207642 27.2266616821289 10.9324471950531 1.35966297984123 1.21713227033615 1.21320077776909 1.15047973394394 1.17318373918533 1.15662002563477 0.975683212280273 0.899823009967804 0.853128790855408 0.749104499816895 0.916614711284637 0.95602422952652 1.07152426242828 1.3453334569931 1.21305978298187 1.03029745817184 0.849910497665405 0.648314237594604 0.677608519792557 0.815362483263016 0.90873447060585 1.14275845885277 0.973532974720001 0.907365739345551 1.01574674248695 1.11880123615265 1.1818882226944 1.2070132791996 1.17275029420853 1.55237245559692 1.3427460193634 1.49732771515846 1.54091620445251 1.80647474527359 1.83117002248764 2.11010098457336 1.85425579547882
-9999 -9999 -9999 -9999 -9999 -9999 -9999 -9999 -9999 -9999 -9999 -9999 -9999 -9999 -9999 -9999 -9999 -9999 -9999 -9999 2.64602583646774 1.83685031325318 5.2519508600235 12.174880027771 2.44222944974899 1.43849328160286 1.34990850090981 1.39704823493958 1.25114178657532 1.16725873947144 1.09776073694229 0.994435518980026 0.899423986673355 0.854183256626129 0.705209255218506 0.670134767889977 0.88709020614624 0.949091970920563 0.935434520244598 1.04683050513268 1.09555426239967 0.896613746881485 0.68943826854229 0.639840736985207 0.695400729775429 0.937781274318695 1.13714101910591 0.92144250869751 0.817707002162933 0.855333030223846 0.945744037628174 1.04953202605247 1.12906578183174 1.16903775930405 1.37211146950722 1.20745199918747 1.07784220576286 1.53222674131393 1.5501651763916 1.63636350631714 1.53102672100067 1.51262408494949
-9999 -9999 -9999 -9999 -9999 -9999 -9999 -9999 -9999 -9999 -9999 -9999 -9999 -9999 -9999 -9999 -9999 -9999 -9999 -9999 2.10017597622459 2.99251341819763 4.095618724823 3.14658164978027 2.76687008142471 2.57267242670059 1.77741819620132 1.72435426712036 1.5909411907196 1.309973269701 1.11847722530365 1.00864353775978 0.838200777769089 0.734300270676613 0.746081247925758 0.727763235569 0.628199994564056 0.665834248065948 0.708045735955238 0.770262032747269 0.751682281494141 0.730325996875763 0.721758753061295 0.683366239070892 0.707811757922173 0.635948270559311 0.950573980808258 0.838484287261963 0.653817728161812 0.745392769575119 0.930214494466782 1.03574100136757 0.948671221733093 0.890094012022018 0.981914967298508 1.10578054189682 1.03757473826408 1.1808554828167 1.38704171776772 1.88447320461273 1.89991503953934 1.78964781761169
-9999 -9999 -9999 -9999 -9999 -9999 -9999 -9999 -9999 -9999 -9999 -9999 -9999 -9999 -9999 -9999 -9999 -9999 -9999 3.19342875480652 3.17283296585083 4.46524107456207 4.61483860015869 6.34896755218506 2.3404837846756 1.57130616903305 1.40997371077538 1.0898984670639 1.00145852565765 1.01428797841072 0.903071254491806 0.699804738163948 0.636635988950729 0.659841746091843 0.628239020705223 0.626822233200073 0.639975741505623 0.719073727726936 0.710930988192558 0.674707487225533 0.592311769723892 0.523996487259865 0.541646271944046 0.571977764368057 0.640314728021622 0.592995017766953 0.626950487494469 0.641229003667831 0.710787758231163 0.740502744913101 0.826787978410721 0.727682992815971 0.580662757158279 0.524928018450737 0.968450278043747 1.22567099332809 1.28600853681564 1.32279601693153 1.70340067148209 1.9501867890358 1.79790526628494 1.55817747116089
-9999 -9999 -9999 -9999 -9999 -9999 -9999 -9999 -9999 -9999 -9999 -9999 -9999 -9999 -9999 -9999 -9999 -9999 4.66880178451538 4.55331516265869 4.88093626499176 6.54589819908142 5.71374464035034 6.71042704582214 1.25378322601318 0.927696794271469 0.843448519706726 0.803739756345749 0.829354494810104 0.834618777036667 0.748980760574341 0.625776752829552 0.574577987194061 0.535301238298416 0.481767743825912 0.514835983514786 0.520086005330086 0.5248072296381 0.509556010365486 0.492784515023232 0.503705263137817 0.507095262408257 0.595683753490448 0.572750240564346 0.511724263429642 0.514114513993263 0.501226499676704 0.537339761853218 0.592598229646683 0.459446266293526 0.421533018350601 0.379949256777763 0.551181748509407 0.924357712268829 1.32223650813103 1.52970457077026 1.42751321196556 1.43898671865463 1.58566582202911 1.55239123106003 0.893738240003586 0.868391275405884
-9999 -9999 -9999 -9999 -9999 -9999 -9999 -9999 -9999 -9999 -9999 -9999 -9999 -9999 -9999 -9999 -9999 8.95986308114377 16.4361176490784 7.75725531578064 5.43816983699799 2.78464275598526 2.12703001499176 1.44255074858665 1.07478895783424 0.963478535413742 0.825131982564926 0.848999261856079 0.82898622751236 0.861541539430618 0.873067528009415 0.746595740318298 0.649143755435944 0.697448238730431 0.749856010079384 0.799244999885559 0.741904512047768 0.677409008145332 0.621920228004456 0.594363749027252 0.638997003436089 0.703208237886429 0.757050722837448 0.677669987082481 0.536078229546547 0.477391496300697 0.414313495159149 0.434025764465332 0.639947980642319 0.555481508374214 0.403364270925522 0.444195002317429 0.585730478167534 0.623222261667252 1.03060126304626 0.985287040472031 0.871581763029099 0.830544769763947 0.945031464099884 0.995003968477249 0.828518986701965 0.672935262322426
-9999 -9999 -9999 -9999 -9999 -9999 -9999 -9999 -9999 -9999 -9999 -9999 -9999 -9999 -9999 -9999 -9999 -9999 -9999 6.91449308395386 11.5587337017059 3.83921098709106 1.19844979047775 0.938362509012222 0.902707457542419 0.929592043161392 0.931242763996124 0.977068483829498 0.893485486507416 0.878447234630585 0.813391506671906 0.794275492429733 0.793997257947922 0.851053476333618 1.13284572958946 1.26442274451256 1.06059148907661 0.905882209539413 0.837354004383087 0.798153787851334 0.867483794689178 0.848750978708267 0.652801483869553 0.575529769062996 0.44209349155426 0.379187241196632 0.42170923948288 0.455984249711037 0.560817763209343 0.566649734973907 0.699029266834259 0.865665793418884 0.930617272853851 0.979003518819809 0.976219475269318 1.1696782708168 0.912495732307434 0.821126997470856 0.638966247439384 0.639008983969688 0.710619762539864 0.782862782478333
-9999 -9999 -9999 -9999 -9999 -9999 -9999 -9999 -9999 -9999 -9999 -9999 -9999 -9999 -9999 59.7464904785156 12.0615320415032 3.99914791950813 27.3956308364868 12.196515083313 2.92146295309067 0.970577269792557 0.932512521743774 1.08160275220871 1.10905203223228 1.02742499113083 0.992301017045975 1.06278678774834 1.09718701243401 0.877553254365921 0.808273494243622 0.804130464792252 0.767444282770157 1.1848312318325 1.24237051606178 1.18754625320435 1.25055903196335 1.29051375389099 0.9232237637043 0.900935232639313 0.930200278759003 0.726178497076035 0.495006769895554 0.461571738123894 0.402726754546165 0.414128243923187 0.477793514728546 0.680956497788429 0.694737017154694 0.666333764791489 0.854834228754044 1.02392703294754 1.09126800298691 0.891270786523819 0.844025284051895 0.727088257670403 0.542841732501984 0.564469501376152 0.662327259778976 0.647152483463287 0.608284503221512 0.543393731117249
-9999 -9999 -9999 -9999 -9999 -9999 -9999 -9999 -9999 -9999 35.2986888885498 35.2986888885498 13.7248649597168 42.5295753479004 32.2617902755737 25.6371288299561 20.7019257545471 18.6697454452515 17.5710825920105 12.9389333724976 4.95834982395172 1.31597703695297 1.1821762919426 1.21818378567696 1.12666574120522 1.13852021098137 1.08563625812531 1.07064977288246 1.0486124753952 0.806317538022995 0.802350014448166 0.815594226121902 0.87748646736145 1.00655624270439 1.19202902913094 1.18054497241974 1.19809949398041 1.45203897356987 1.14758178591728 1.08324220776558 0.808219492435455 0.635891228914261 0.60793049633503 0.581850752234459 0.471136495471001 0.54229648411274 0.726313501596451 0.998870998620987 0.877331972122192 0.870155274868011 0.992865711450577 0.934989005327225 0.832464784383774 0.842595756053925 0.866166025400162 0.506991013884544 0.425081983208656 0.658392012119293 0.873055458068848 0.841377764940262 0.850638717412949 0.740680485963821
-9999 -9999 -9999 -9999 -9999 -9999 -9999 -9999 -9999 -9999 35.2986888885498 3.87177157402039 7.1766357421875 18.8963885307312 35.0954847335815 30.2252054214478 20.2286553382874 14.855103045702 8.65072841809528 6.39829849534564 12.0467619895935 2.94465672969818 1.36065378785133 1.43473872542381 1.35596850514412 1.385213971138 1.28336700797081 1.11561378836632 0.950516223907471 0.913653016090393 0.762194216251373 0.76106321811676 0.829056769609451 0.837599962949753 1.08694499731064 1.09976845979691 1.05406647920609 1.07574525475502 1.17990446090698 1.1017065346241 0.86223828792572 0.770532041788101 0.753386288881302 0.805027484893799 0.764639228582382 0.691139236092567 0.88592854142189 1.1484922170639 1.09307026863098 1.09342047572136 0.971384972333908 0.943225532770157 0.910753458738327 0.892207503318787 0.959199786186218 0.665940016508102 0.514248758554459 0.922027498483658 1.11181578040123 1.0499332845211 1.02201828360558 0.866706758737564
-9999 -9999 -9999 -9999 -9999 -9999 -9999 -9999 -9999 -9999 -9999 -9999 16.09685754776 25.2772836685181 16.5561718940735 4.96199599556301 -9999 -9999 -9999 -9999 -9999 -9999 6.20149540901184 4.04458737373352 2.99669480323792 4.64764058589935 2.86402416229248 1.68483906984329 1.11212396621704 0.919472962617874 0.845751732587814 0.763655215501785 0.71926049888134 0.753612041473389 0.792470991611481 0.823617786169052 0.808478236198425 0.786947965621948 0.765193462371826 0.770503520965576 0.733415991067886 0.673354491591454 0.640352994203568 0.602032497525215 0.772101044654846 0.898634970188141 1.01409521698952 1.13830876350403 1.10612627863884 0.992340713739395 0.873867720365524 0.916226238012314 0.978627741336823 0.9374760389328 0.83875572681427 0.794889718294144 0.751638740301132 1.18565770983696 1.05377179384232 0.903377294540405 0.908041477203369 0.956903994083405
-9999 -9999 -9999 -9999 -9999 -9999 -9999 -9999 -9999 -9999 -9999 -9999 -9999 16.6274771690369 16.6274771690369 16.6274771690369 -9999 -9999 -9999 -9999 -9999 -9999 4.94490551948547 4.94490551948547 4.94490551948547 0.308659605681896 30.8863878250122 5.41640639305115 2.59551608562469 1.54748243093491 1.26060900092125 1.06993871927261 0.844352245330811 0.842680513858795 0.889464765787125 0.846919476985931 0.834618777036667 0.858118504285812 0.756661534309387 0.669103503227234 0.663670510053635 0.682191744446754 0.709652245044708 0.646772235631943 0.556555509567261 0.574089020490646 0.752480238676071 0.779759287834167 0.914786249399185 1.11813676357269 1.12098821997643 1.14188995957375 1.3040047287941 1.19874903559685 1.16355523467064 1.06051871180534 0.993936717510223 0.942706525325775 0.83763974905014 0.711150750517845 1.02215704321861 1.04154074192047
-9999 -9999 -9999 -9999 -9999 -9999 -9999 -9999 -9999 -9999 -9999 -9999 -9999 -9999 -9999 -9999 -9999 -9999 -9999 -9999 -9999 -9999 -9999 -9999 -9999 -9999 10.3983271121979 9.9121835231781 16.5286688804626 3.54545402526855 1.4295127093792 1.42910170555115 1.05988276004791 1.06521597504616 1.10576927661896 0.955634236335754 0.888611286878586 0.891745537519455 0.913293778896332 0.806783974170685 0.752926468849182 0.70813125371933 0.660951018333435 0.563909232616425 0.518428489565849 0.501567766070366 0.510372743010521 0.643374770879745 0.830376774072647 0.910766959190369 1.10465696454048 1.24490547180176 1.32102075219154 1.29128775000572 1.12265396118164 0.950895041227341 0.838118970394135 0.724386736750603 0.721673235297203 0.858622491359711 1.07715529203415 1.02077695727348
-9999 -9999 -9999 -9999 -9999 -9999 -9999 -9999 -9999 -9999 -9999 -9999 -9999 -9999 -9999 -9999 -9999 -9999 -9999 -9999 -9999 -9999 -9999 -9999 -9999 -9999 -9999 4.70309359119052 27.9247570037842 11.7630929946899 5.35074090957642 3.96214199066162 2.34222382307053 1.86642372608185 1.91296273469925 1.3926397562027 0.974007725715637 0.927836984395981 0.951899260282516 0.906765013933182 0.7486432492733 0.631668001413345 0.609082505106926 0.570758253335953 0.508290007710457 0.460073232650757 0.467590481042862 0.65818727016449 0.789608985185623 0.848435282707214 0.904753535985947 0.920027285814285 1.02445650100708 1.01157599687576 0.939069718122482 0.957520544528961 0.94793102145195 1.06043028831482 1.16590502858162 1.46140721440315 1.12983450293541 0.992870271205902
