EcologicalScience/Bass/data/rs_data_bass/chl_312.asc
NCOLS 226 
NROWS 124 
XLLCORNER -9.41648524995501 
YLLCORNER 47.587301625531 
CELLSIZE 0.0833 
NODATA_value -9999 
[rows 54 to 80 of 124, columns 124 to 185 of 226]
2.65536904335022 2.44495958089828 2.39106452465057 2.49297666549683 2.37623852491379 2.316770195961 2.51653128862381 2.08555501699448 2.21637833118439 1.9055580496788 1.93139630556107 1.83025950193405 1.8291277885437 1.64183396100998 1.71322578191757 1.73546183109283 1.65260928869247 1.87976932525635 1.94754892587662 1.90586543083191 1.8145147562027 1.90888792276382 1.91100668907166 1.96412479877472 1.94908797740936 1.95019197463989 1.95283055305481 1.88478899002075 1.70798403024673 1.87518900632858 2.13240301609039 2.24055969715118 2.11358553171158 2.10612595081329 2.24505972862244 2.32294267416 2.41556024551392 2.37823122739792 2.34729605913162 2.26241397857666 2.24424755573273 2.40203243494034 2.27297258377075 2.9242656826973 3.64726138114929 4.77527403831482 5.21476292610168 5.66062796115875 6.9188346862793 11.9244260787964 5.09016358852386 7.28731764793396 8.15055012702942 9.37211751937866 7.26351356506348 5.51142883300781 7.20334482192993 13.0643854141235 12.6794222232907 13.4119246086018 7.29628790638404 -9999
2.88835573196411 2.70812630653381 2.56044441461563 2.56532549858093 2.67027604579926 2.45866423845291 2.26447194814682 2.62941831350327 2.20003867149353 2.06954473257065 2.24206191301346 2.04767024517059 1.98971843719482 1.74640041589737 1.8292470574379 1.73211604356766 1.8610897064209 1.803317964077 1.82464045286179 1.91265821456909 1.8360248208046 1.89421945810318 2.01295280456543 2.18151980638504 2.24966025352478 2.13680094480515 2.1047340631485 1.95761328935623 2.024618268013 2.00854432582855 2.1652979850769 2.2839247584343 2.23533600568771 2.26928168535233 2.4541477560997 2.49635392427444 2.56406468153 2.42903333902359 2.31316119432449 2.28802281618118 2.39947879314423 2.27821344137192 2.32722973823547 3.35055291652679 4.32381677627563 4.20356547832489 4.82264041900635 5.35541260242462 6.98551797866821 7.29696536064148 6.79433870315552 10.4667499065399 8.57824230194092 6.88678435017081 7.15824551582336 8.21299839019775 10.5720698833466 -9999 -9999 -9999 -9999 -9999
3.2071133852005 2.94437777996063 2.59916245937347 2.47810417413712 2.52902394533157 2.48178005218506 2.5340775847435 2.44861418008804 2.17580848932266 2.09694367647171 2.12158942222595 2.14384424686432 2.30343228578568 2.24886006116867 2.1123338341713 1.92795753479004 1.85376441478729 1.77709132432938 1.7582032084465 1.8729772567749 2.11091101169586 2.15534323453903 2.07766127586365 2.42595666646957 2.54062575101852 2.35930269956589 2.26462197303772 2.0785356760025 2.25897306203842 2.43813979625702 2.29074150323868 2.34671920537949 2.28029626607895 2.4114562869072 2.58613872528076 2.60676223039627 2.57444626092911 2.49147301912308 2.44808775186539 2.75672632455826 2.63979148864746 2.33363324403763 3.22546935081482 4.21800005435944 5.5444096326828 6.03038048744202 5.96418535709381 3.65118317278276 15.2614846229553 7.69328784942627 6.47109389305115 6.81998205184937 8.51349584261576 6.61541984081268 -9999 -9999 -9999 -9999 -9999 -9999 -9999 -9999
3.6287055015564 3.09886407852173 2.90738779306412 2.58402532339096 2.36592078208923 2.25338780879974 2.27888631820679 2.31041693687439 2.31800258159637 2.14815974235535 2.05303502082825 2.27676075696945 2.289346575737 2.36008805036545 2.22469353675842 2.11764299869537 1.97480320930481 1.83300751447678 1.95059108734131 2.03954923152924 2.27744168043137 2.54982608556747 2.58789592981339 2.57122582197189 2.79744297266006 2.73407775163651 2.42271745204926 2.21286982297897 2.31302922964096 2.51950800418854 2.43456298112869 2.32804799079895 2.39190602302551 2.46655350923538 2.62740218639374 2.71937924623489 2.70433348417282 2.82240146398544 2.98659896850586 2.99692493677139 2.85765445232391 3.10284304618835 4.62409722805023 5.57979297637939 6.22831249237061 6.4238018989563 7.06716156005859 5.83727957896136 19.9224057197571 17.9100966453552 16.1948161125183 12.1281709671021 16.2211375236511 -9999 -9999 -9999 -9999 -9999 -9999 -9999 -9999 -9999
4.85990166664124 4.1629604101181 3.6833610534668 3.45974707603455 3.17050123214722 2.68855422735214 2.40609455108643 2.4796387553215 2.43060904741287 2.43618446588516 2.60263270139694 2.5421587228775 2.43030899763107 2.40010356903076 2.41098743677139 2.29890382289886 2.24776124954224 2.26224231719971 2.2649661898613 2.4344437122345 2.59742850065231 2.80783349275589 2.74845975637436 2.61284101009369 2.54993855953217 2.70046806335449 2.50594568252563 2.43117302656174 2.47854226827621 2.4529709815979 2.45184230804443 2.44690883159637 2.56461757421494 2.59845149517059 2.60806953907013 2.68378347158432 2.69208669662476 2.67528229951859 2.61591750383377 2.53366041183472 2.29998528957367 4.07935738563538 7.01859998703003 5.36885190010071 4.47760891914368 4.8513411283493 7.07522922548755 13.5465745925903 12.2491736412048 11.6337676048279 13.1338620185852 8.38474178314209 55.5874671936035 -9999 -9999 -9999 -9999 -9999 -9999 -9999 -9999 -9999
-9999 4.97902321815491 4.9987370967865 4.28907823562622 3.8544248342514 3.66038310527802 3.28977012634277 2.95713758468628 3.73192262649536 3.06927680969238 2.59858274459839 2.92583549022675 2.89903575181961 2.89138716459274 2.6693542599678 2.45626652240753 2.67047166824341 2.52787417173386 2.63838082551956 2.77039271593094 2.93959951400757 2.76855897903442 2.60675096511841 2.46448194980621 2.36101126670837 2.37736505270004 2.55356472730637 2.40734106302261 2.48708027601242 2.43472051620483 2.51939392089844 2.5653862953186 2.54601073265076 2.56728905439377 2.54168021678925 2.50091546773911 2.36774253845215 2.33626198768616 2.37582832574844 2.26534956693649 3.26298916339874 4.49232316017151 5.15891933441162 5.05731153488159 4.95159065723419 -9999 10.139106631279 12.9807990239217 45.9507622718811 12.2890763282776 18.4937005371883 40.594367980957 39.5689370815571 48.2761516571045 -9999 -9999 -9999 -9999 -9999 -9999 -9999 -9999
-9999 -9999 -9999 -9999 -9999 2.28387522697449 3.54735450446606 3.51209986209869 3.23514068126678 3.50194108486176 3.84204304218292 2.93255406618118 2.98105502128601 2.84955829381943 2.69777476787567 2.67646425962448 2.61016273498535 3.01324439048767 3.06278836727142 3.15572619438171 2.82237303256989 2.51654326915741 2.34610658884048 2.26535993814468 2.30174249410629 2.24014717340469 2.32398301362991 2.30482041835785 2.32680970430374 2.3306565284729 2.47109699249268 2.47717791795731 2.41048872470856 2.46156442165375 2.39246696233749 2.27297776937485 2.2355010509491 2.29708725214005 2.36745071411133 2.48117172718048 3.99495685100555 5.89787936210632 6.45329618453979 4.43764114379883 5.30406510829926 17.3634705624534 -9999 -9999 -9999 -9999 48.3445955004011 48.5076370239258 35.0652343205043 24.5419312371148 -9999 -9999 -9999 -9999 -9999 -9999 -9999 -9999
-9999 -9999 -9999 -9999 -9999 -9999 -9999 -9999 3.37192104756832 3.56106233596802 3.56497800350189 3.3891988992691 3.14247071743011 2.97358882427216 2.97569847106934 2.87529373168945 3.1758599281311 3.12553417682648 3.15083706378937 2.9054639339447 2.43434250354767 2.19987452030182 2.15300023555756 2.0847555398941 2.06075924634933 2.05736768245697 2.06486481428146 2.03169232606888 2.07461696863174 2.16782855987549 2.22439420223236 2.25138080120087 2.18091595172882 2.17893004417419 2.14161819219589 2.0272890329361 2.23087120056152 2.32572966814041 2.62310707569122 3.71376371383667 4.39628469944 4.88695800304413 5.17092061042786 5.04220712184906 8.31318876625579 29.0682649612427 -9999 -9999 -9999 -9999 17.548882484436 39.4611956732614 18.5484048525492 67.8105812072754 46.2636194229126 20.2806581020355 -9999 -9999 -9999 -9999 -9999 -9999
-9999 -9999 -9999 -9999 -9999 -9999 -9999 -9999 -9999 -9999 4.3346529006958 3.75082182884216 3.64553761482239 3.39253878593445 3.20282328128815 3.14843416213989 3.2744368314743 3.57934963703156 3.05445599555969 2.51899641752243 2.21690547466278 2.13468825817108 2.07188326120377 2.01816147565842 2.01907879114151 2.07185769081116 2.02495497465134 1.98597532510757 1.96412622928619 2.18622368574142 2.22784799337387 2.20058691501617 2.11377149820328 2.09529966115952 2.15200424194336 2.26076549291611 2.53700852394104 2.71564042568207 3.68289971351624 4.1098176240921 4.61155271530151 4.07625317573547 4.71835505962372 6.13166999816895 12.7025321693096 -9999 -9999 -9999 -9999 -9999 -9999 -9999 9.54480578332413 25.6406736373901 39.6848430633545 41.6373788288661 10.8786277770996 -9999 -9999 -9999 -9999 -9999
-9999 -9999 -9999 -9999 -9999 -9999 -9999 -9999 -9999 4.3704868555069 4.68106412887573 3.6405622959137 3.40195119380951 3.40337097644806 3.34820187091827 3.32693088054657 3.26824557781219 3.55878138542175 3.17277073860168 2.20938152074814 2.04506707191467 1.96784842014313 1.91389042139053 1.89046508073807 1.90074008703232 1.93560147285461 1.97302955389023 2.03654032945633 2.01868432760239 2.07617408037186 2.22332471609116 2.34238868951797 2.32054871320724 2.30797505378723 2.40477526187897 2.58270442485809 2.68286776542664 3.54193067550659 4.85882699489594 3.61354887485504 4.07873618602753 4.5483705997467 4.93117725849152 5.75162851810455 19.9396716894455 33.0447750091553 -9999 -9999 -9999 10.9004640414797 14.8145089414385 14.6509366035461 21.2762846946716 38.3580350875854 20.8953452110291 34.2648897171021 17.9042428039735 -9999 -9999 -9999 -9999 -9999
-9999 -9999 -9999 -9999 -9999 -9999 -9999 -9999 -9999 -9999 4.66259264945984 3.66988635063171 3.40521669387817 3.38900542259216 3.48516583442688 3.8511643409729 4.26279973983765 3.62205970287323 2.847560942173 2.18891394138336 2.05578446388245 2.00467050075531 1.89531451463699 1.83720982074738 1.78970700502396 1.84691619873047 1.94275277853012 1.95977407693863 1.82777398824692 1.84117949008942 2.05665081739426 2.19457268714905 2.35065078735352 2.50027352571487 2.51025831699371 2.41035604476929 2.39297246932983 4.27262628078461 5.69124841690063 3.49091470241547 4.29097723960876 7.37967896461487 5.35240566730499 5.75129842758179 8.39305889201396 -9999 -9999 -9999 -9999 -9999 15.6413213066433 74.7414836883545 39.5299730300903 29.9389772415161 37.0224723815918 -9999 -9999 -9999 -9999 -9999 -9999 -9999
-9999 -9999 -9999 -9999 -9999 -9999 -9999 -9999 -9999 3.67937564849854 3.86022448539734 3.73024034500122 3.51750290393829 3.66312074661255 3.79250192642212 4.01708614826202 3.76281380653381 3.37533366680145 2.8600350022316 2.34436279535294 2.23008298873901 2.13114827871323 1.94147783517838 1.75976622104645 1.74539029598236 1.84350156784058 1.92090082168579 1.90521669387817 1.74088275432587 1.70179653167725 1.69880175590515 1.94755500555038 2.02273571491241 1.99933576583862 1.96339505910873 2.10484725236893 2.62703168392181 4.38957452774048 4.84898042678833 3.70080077648163 6.52308011054993 4.88605642318726 5.10753607749939 6.2690621950094 3.86466658115387 -9999 -9999 -9999 -9999 -9999 23.9733969870578 63.3449878692627 59.0826988220215 -9999 -9999 -9999 -9999 -9999 -9999 -9999 -9999 -9999
-9999 -9999 -9999 -9999 -9999 -9999 -9999 -9999 -9999 6.25408172607422 5.25945603847504 4.3081169128418 4.06475186347961 3.83689785003662 3.76502931118011 3.69888317584991 3.29773950576782 3.01708889007568 2.83451181650162 2.56450206041336 2.37628644704819 2.11762207746506 1.85604447126389 1.68510603904724 1.78846120834351 1.91252017021179 1.88879925012589 1.77516442537308 1.69102871417999 1.71072006225586 1.77571356296539 1.85972625017166 2.0494492650032 1.97527796030045 2.0256929397583 1.9748370051384 4.03302526473999 6.45858693122864 4.51496922969818 4.3397730588913 4.15268039703369 4.89441239833832 5.19109582901001 9.89022422936356 3.86466693878174 -9999 -9999 -9999 -9999 12.1949715614319 -9999 -9999 -9999 -9999 -9999 -9999 -9999 -9999 -9999 -9999 -9999 -9999
-9999 -9999 -9999 -9999 -9999 -9999 -9999 -9999 -9999 6.26131653785706 5.07510387897491 4.31311333179474 4.23910117149353 4.03962135314941 3.48123228549957 3.41039085388184 3.19822883605957 3.13522803783417 2.76866841316223 2.50883996486664 2.21618181467056 1.87765717506409 1.65971106290817 1.79796302318573 1.85804092884064 1.91043001413345 1.81732428073883 1.60969269275665 1.60301917791367 1.67323869466782 1.79821425676346 1.78984272480011 1.68489450216293 2.06941956281662 2.13880795240402 2.8979167342186 7.10122632980347 6.68256139755249 5.89054441452026 5.6694016456604 5.33432757854462 4.45113837718964 6.37855456907358 -9999 -9999 -9999 -9999 -9999 -9999 -9999 -9999 -9999 -9999 -9999 -9999 -9999 -9999 -9999 -9999 -9999 -9999 -9999
-9999 -9999 -9999 -9999 -9999 -9999 -9999 -9999 -9999 5.77503991127014 4.72340834140778 3.86226832866669 3.78618907928467 3.67176675796509 3.43813347816467 3.18244278430939 3.010577917099 3.01998317241669 2.72353345155716 2.36043298244476 1.94073754549026 1.75072056055069 1.90836971998215 1.89450591802597 1.84839069843292 1.81814467906952 1.78825199604034 1.69669657945633 1.68416547775269 1.72210049629211 1.78063201904297 1.78333282470703 1.78239154815674 1.83975970745087 2.49419474601746 5.06650578975677 8.16693663597107 8.30703592300415 7.82272267341614 8.05249571800232 6.31425189971924 4.46797585487366 10.7323139259614 -9999 -9999 -9999 -9999 -9999 -9999 -9999 -9999 -9999 -9999 -9999 -9999 -9999 -9999 -9999 -9999 -9999 -9999 -9999
-9999 -9999 -9999 -9999 -9999 -9999 -9999 3.28386068344116 4.04011993748801 5.1197737455368 4.45507729053497 3.72426617145538 3.65227890014648 3.56110882759094 3.0973516702652 2.84807181358337 2.56048500537872 2.53245896100998 2.52042299509048 2.24990701675415 1.98240226507187 1.97231698036194 1.9979145526886 1.90773367881775 1.8426713347435 1.83129304647446 1.81211167573929 1.79748666286469 1.82635796070099 1.87024730443954 1.98892271518707 2.09962946176529 2.04206246137619 2.25814872980118 2.98928171396255 6.1395263671875 7.22934865951538 7.08879590034485 6.86910009384155 6.75093913078308 15.9509888430244 5.69786846637726 3.25656187534332 -9999 -9999 -9999 -9999 -9999 -9999 -9999 -9999 -9999 -9999 -9999 -9999 -9999 -9999 -9999 -9999 -9999 -9999 -9999
-9999 -9999 -9999 -9999 -9999 -9999 4.75682401657104 4.42789274454117 3.87239962816238 4.63114213943481 4.27302610874176 3.95951235294342 3.49296748638153 3.23801636695862 2.97337353229523 2.72389197349548 2.50325632095337 2.43936216831207 2.32367330789566 2.16661566495895 2.09141707420349 2.04221999645233 2.00713133811951 2.0003280043602 1.9906439781189 1.99037396907806 1.91901522874832 2.00384241342545 2.14981055259705 2.31095480918884 2.50104904174805 2.66017878055573 2.79555666446686 3.45443844795227 4.70457887649536 5.72530138492584 5.9051685333252 6.43027997016907 7.16170334815979 -9999 -9999 -9999 -9999 -9999 -9999 -9999 -9999 -9999 -9999 -9999 -9999 -9999 -9999 -9999 -9999 -9999 -9999 -9999 -9999 -9999 -9999 -9999
-9999 -9999 -9999 -9999 3.65935504802166 3.53888395140248 3.91672050952911 5.07396751642227 4.20430076122284 4.13316285610199 3.85517263412476 3.74231779575348 3.56580448150635 3.35504186153412 3.04416167736053 2.76823425292969 2.7593691945076 2.30840402841568 2.08421033620834 2.04137402772903 2.05934482812881 2.03354179859161 2.02821081876755 2.03563642501831 2.0298952460289 2.02464151382446 2.0663595199585 2.18111997842789 2.27388668060303 2.63954329490662 4.03493463993073 4.77944540977478 5.34332478046417 5.89675891399384 5.69255411624908 5.52536916732788 3.98668710390727 6.22552856485894 -9999 -9999 -9999 -9999 -9999 -9999 -9999 -9999 -9999 -9999 -9999 -9999 -9999 -9999 -9999 -9999 -9999 -9999 -9999 -9999 -9999 -9999 -9999 -9999
-9999 -9999 -9999 -9999 3.16802883334458 3.71281865984201 3.96402218341827 4.43041151762009 4.54772615432739 5.11124932765961 3.87114071846008 3.56663632392883 3.54033529758453 3.61875915527344 3.15842342376709 2.98691618442535 2.91614466905594 2.19082421064377 1.95981752872467 1.98576521873474 2.00394666194916 2.03531849384308 2.03478974103928 2.04216903448105 2.02433627843857 2.05685770511627 2.0735399723053 2.18953192234039 2.72502225637436 4.64995944499969 6.33526039123535 6.9025776386261 6.57491898536682 6.83728194236755 7.79660868644714 7.461590051651 7.90919780731201 -9999 -9999 -9999 -9999 -9999 -9999 -9999 -9999 -9999 -9999 -9999 -9999 -9999 -9999 -9999 -9999 -9999 -9999 -9999 -9999 -9999 -9999 -9999 -9999 -9999
-9999 42.266391636939 4.71452256941026 3.02530551657957 4.42362601416452 3.77658131718636 3.92938479781151 4.12507304549217 4.59489440917969 4.1521897315979 3.72333812713623 3.19140529632568 3.55156409740448 2.87958079576492 2.99093323945999 2.83794683218002 2.18360245227814 1.93873053789139 1.88848954439163 1.88581341505051 1.92999529838562 1.9991340637207 2.02719533443451 2.020847260952 2.00581419467926 2.12724673748016 2.21094757318497 2.43782633543015 3.15208947658539 4.45312285423279 4.84537124633789 5.31995093822479 6.04893565177917 10.1790525913239 12.3713064193726 8.17533684318716 -9999 -9999 -9999 -9999 -9999 -9999 -9999 -9999 -9999 -9999 -9999 -9999 -9999 -9999 -9999 -9999 -9999 -9999 -9999 -9999 -9999 -9999 -9999 -9999 -9999 -9999
5.38949146270752 5.90259847640991 3.77471609115601 4.43694441318512 4.68810081481934 4.67965185642242 4.58107495307922 4.1812756061554 4.4803740978241 4.04177927970886 3.67603862285614 2.90210330486298 2.29303801059723 2.77983444929123 2.92301398515701 2.40422183275223 1.79725724458694 1.8202845454216 1.8405396938324 1.86922574043274 1.94388002157211 2.00105774402618 2.02299517393112 2.06640529632568 2.21385669708252 2.36129325628281 2.53993052244186 2.7972697019577 3.47355437278748 3.63390612602234 4.12925469875336 5.62431156635284 8.36694860458374 -9999 -9999 -9999 -9999 -9999 -9999 -9999 -9999 -9999 -9999 -9999 -9999 -9999 -9999 -9999 -9999 -9999 -9999 -9999 -9999 -9999 -9999 -9999 -9999 -9999 -9999 -9999 -9999 -9999
7.6723347391401 4.25740993022919 4.72453638911247 4.68307864665985 4.40799450874329 4.62525165081024 4.00882208347321 3.93398308753967 4.16565370559692 4.48095381259918 3.68534910678864 2.66747242212296 2.52451568841934 2.3264542222023 2.28845858573914 2.15459400415421 1.77087593078613 1.80352878570557 1.84249269962311 1.92934119701385 2.07017254829407 2.06649523973465 2.14349323511124 2.23132574558258 2.52669149637222 2.63324618339539 2.80776000022888 2.96194499731064 3.4604709148407 3.85506212711334 5.05947089195251 6.67382884025574 8.03264307975769 9.6161574950585 11.402053628649 6.47347717212908 -9999 -9999 -9999 -9999 -9999 -9999 -9999 -9999 -9999 -9999 -9999 -9999 -9999 -9999 -9999 -9999 -9999 -9999 -9999 -9999 -9999 -9999 -9999 -9999 -9999 -9999
5.37545084953308 5.02095150947571 4.988201379776 4.97327184677124 4.7830456495285 4.4334808588028 4.24126124382019 3.7447282075882 3.7939213514328 3.22841835021973 2.91882902383804 2.42358756065369 1.99206608533859 2.12836056947708 1.92630833387375 1.79477620124817 1.76466143131256 1.83192229270935 1.96148103475571 2.01834154129028 2.11230754852295 2.16755855083466 2.33790600299835 2.53944897651672 2.58439958095551 2.84638649225235 2.92488294839859 3.09732306003571 4.1821836233139 5.20565414428711 6.02193100452423 -9999 -9999 -9999 -9999 -9999 -9999 -9999 -9999 -9999 -9999 -9999 -9999 -9999 -9999 -9999 -9999 -9999 -9999 -9999 -9999 -9999 -9999 -9999 -9999 -9999 -9999 -9999 -9999 -9999 -9999 -9999
5.48938715457916 4.62953504920006 4.61024487018585 5.10847949981689 4.7546364068985 6.45595335960388 4.84481263160706 4.18467736244202 4.08461308479309 3.95620429515839 3.19976234436035 1.76108175516129 1.77420008182526 1.7681736946106 1.80435973405838 1.85438919067383 1.93534880876541 1.99984431266785 2.0831453204155 2.29867351055145 2.29325848817825 2.30102330446243 2.3739720582962 2.59898632764816 3.08814883232117 3.3567373752594 3.82969272136688 4.12449145317078 5.33790957927704 5.37929391860962 5.31739640235901 4.94251266717911 -9999 -9999 -9999 -9999 -9999 -9999 37.8465138940669 12.6942715644836 -9999 -9999 -9999 -9999 -9999 -9999 -9999 -9999 -9999 -9999 -9999 -9999 -9999 -9999 -9999 -9999 -9999 -9999 -9999 -9999 -9999 -9999
5.34657342093332 5.1278977394104 5.04042768478394 4.3107316493988 3.98621603062278 3.82487676143646 3.71209841966629 4.68122684955597 4.14914238452911 3.70525431632996 2.65635591745377 1.56421583890915 1.636698782444 1.65865355730057 1.8370875120163 1.90214020013809 1.95917183160782 2.11542749404907 2.33600181341171 2.42636775970459 2.43143767118454 2.44029378890991 2.57590126991272 2.94396829605103 3.28322088718414 3.53258907794952 3.80965411663055 4.33263909816742 4.55744469165802 4.23019409179688 4.18232217931399 3.42093944549561 -9999 -9999 -9999 -9999 -9999 -9999 -9999 -9999 -9999 -9999 -9999 -9999 -9999 -9999 -9999 -9999 -9999 -9999 -9999 -9999 -9999 -9999 -9999 -9999 -9999 -9999 -9999 -9999 -9999 -9999
-9999 -9999 -9999 -9999 -9999 4.28606934296457 3.50326555967331 4.74647462368011 3.9796553850174 2.81374508142471 1.93694168329239 1.55994755029678 1.6452419757843 1.81445771455765 1.86027145385742 1.93614381551743 2.2403107881546 2.37789595127106 2.43804895877838 2.59824067354202 2.59968674182892 2.78669768571854 2.9100449681282 3.59152042865753 3.71932518482208 4.65368089309105 -9999 -9999 -9999 -9999 -9999 -9999 -9999 -9999 -9999 -9999 -9999 -9999 -9999 -9999 -9999 -9999 -9999 -9999 -9999 -9999 -9999 -9999 -9999 -9999 -9999 -9999 -9999 -9999 -9999 -9999 -9999 -9999 -9999 -9999 -9999 -9999
-9999 -9999 -9999 -9999 -9999 -9999 3.53358507156372 3.54169428348541 2.32573503255844 1.73582696914673 1.58791726827621 1.62494105100632 1.70973300933838 1.7858909368515 1.86696374416351 2.26170891523361 2.4315869808197 2.47737067937851 2.60250520706177 2.9487419128418 3.12679874897003 3.30377554893494 3.43685567378998 3.10397178516155 -9999 -9999 -9999 -9999 -9999 -9999 -9999 -9999 -9999 -9999 -9999 -9999 -9999 -9999 -9999 -9999 -9999 -9999 -9999 -9999 -9999 -9999 -9999 -9999 -9999 -9999 -9999 -9999 -9999 -9999 -9999 -9999 -9999 -9999 -9999 -9999 -9999 -9999
