EcologicalScience/Bass/data/rs_data_bass/chl_502.asc
NCOLS 226 
NROWS 124 
XLLCORNER -9.41648524995501 
YLLCORNER 47.587301625531 
CELLSIZE 0.0833 
NODATA_value -9999 
[rows 0 to 26 of 124, columns 62 to 123 of 226]
-9999 -9999 -9999 -9999 -9999 -9999 -9999 -9999 -9999 -9999 -9999 -9999 -9999 -9999 -9999 -9999 -9999 -9999 -9999 -9999 -9999 -9999 -9999 -9999 -9999 -9999 -9999 -9999 -9999 -9999 -9999 -9999 -9999 -9999 -9999 -9999 -9999 -9999 -9999 -9999 -9999 -9999 -9999 -9999 -9999 -9999 -9999 -9999 -9999 -9999 -9999 -9999 -9999 -9999 -9999 -9999 -9999 -9999 -9999 -9999 -9999 -9999
-9999 -9999 -9999 -9999 -9999 -9999 -9999 -9999 -9999 -9999 -9999 -9999 -9999 -9999 -9999 -9999 -9999 -9999 -9999 -9999 -9999 -9999 -9999 -9999 -9999 -9999 -9999 -9999 -9999 -9999 -9999 -9999 -9999 -9999 -9999 -9999 -9999 -9999 -9999 -9999 -9999 -9999 -9999 -9999 -9999 -9999 -9999 -9999 -9999 -9999 -9999 -9999 -9999 -9999 -9999 -9999 -9999 -9999 -9999 -9999 -9999 -9999
-9999 -9999 -9999 -9999 -9999 -9999 -9999 -9999 -9999 -9999 -9999 -9999 -9999 -9999 -9999 -9999 -9999 -9999 -9999 -9999 -9999 -9999 -9999 -9999 -9999 -9999 -9999 -9999 -9999 -9999 -9999 -9999 -9999 -9999 -9999 -9999 -9999 -9999 -9999 -9999 -9999 -9999 -9999 -9999 -9999 -9999 -9999 -9999 -9999 -9999 -9999 -9999 -9999 -9999 -9999 -9999 -9999 -9999 -9999 -9999 -9999 -9999
-9999 -9999 -9999 -9999 -9999 -9999 -9999 -9999 -9999 -9999 -9999 -9999 -9999 -9999 -9999 -9999 -9999 -9999 -9999 -9999 -9999 -9999 -9999 -9999 -9999 -9999 -9999 -9999 -9999 -9999 -9999 -9999 -9999 -9999 -9999 -9999 -9999 -9999 -9999 -9999 -9999 -9999 -9999 -9999 -9999 -9999 -9999 -9999 -9999 -9999 -9999 -9999 -9999 -9999 -9999 -9999 -9999 -9999 -9999 -9999 -9999 -9999
-9999 -9999 -9999 -9999 -9999 -9999 -9999 -9999 -9999 -9999 -9999 -9999 -9999 -9999 -9999 -9999 -9999 -9999 -9999 -9999 -9999 -9999 -9999 -9999 -9999 -9999 -9999 -9999 -9999 -9999 -9999 -9999 -9999 -9999 -9999 -9999 -9999 -9999 -9999 -9999 -9999 -9999 -9999 -9999 -9999 -9999 -9999 -9999 -9999 -9999 -9999 -9999 -9999 -9999 -9999 -9999 -9999 -9999 -9999 -9999 -9999 -9999
-9999 -9999 -9999 -9999 -9999 -9999 -9999 -9999 -9999 -9999 -9999 -9999 -9999 -9999 -9999 -9999 -9999 -9999 -9999 -9999 -9999 -9999 -9999 -9999 -9999 -9999 -9999 -9999 0.63735419511795 1.24936385540401 1.00239402231048 0.810369950883529 0.727864780846764 0.886220592074096 0.838521402329206 0.700988113880157 0.666325271129608 0.674046367406845 0.685223698616028 0.681818276643753 0.676272302865982 0.685986936092377 0.646089783869684 0.636531022377312 0.61453786958009 0.696522256359458 0.72313703969121 0.696582742966712 0.648197170346975 0.670566136948764 0.72932362742722 0.70472839102149 0.519276140257716 0.563557162880898 0.540071114897728 0.485569241642952 0.515353456139565 0.517895731329918 0.498473951220512 0.494777259230614 0.482804226875305 0.484942632913589
-9999 -9999 -9999 -9999 -9999 -9999 -9999 -9999 -9999 -9999 -9999 -9999 -9999 -9999 -9999 -9999 -9999 -9999 -9999 -9999 -9999 -9999 -9999 -9999 -9999 -9999 1.18186515569687 1.0627324283123 1.93139035655902 1.12644629969316 1.04473060648888 0.85484638530761 0.727506816387177 0.71676829457283 0.708717733621597 0.71727329492569 0.704624623060226 0.685643911361694 0.704206496477127 0.664407108910382 0.671738301403821 0.686246249824762 0.722836154513061 0.739603048190475 0.76231193728745 0.780482808127999 0.746829181909561 0.64985644351691 0.653348201885819 0.717382958158851 0.478511726856232 0.465725082159042 0.473203298449516 0.490708538889885 0.492900213599205 0.496049785614014 0.497774776816368 0.494939592480659 0.486211636662483 0.484522610902786 0.48935019671917 0.50383468568325
-9999 -9999 -9999 -9999 -9999 -9999 -9999 -9999 -9999 -9999 -9999 -9999 -9999 -9999 -9999 -9999 -9999 -9999 -9999 -9999 -9999 -9999 -9999 -9999 -9999 -9999 1.18186515569687 1.84089765829198 1.82543788937961 1.38481074571609 0.983694314956665 0.824198633432388 0.757999002933502 0.720187693834305 0.717161744832993 0.728499889373779 0.720837950706482 0.821678621694446 0.887630011886358 0.783177435398102 0.769403696060181 0.814495205879211 0.733225299976766 0.715269427746534 0.733321918174624 0.768723087385297 0.720972904935479 0.703253111802042 0.696197231300175 0.642578962258995 0.510445240139961 0.49673947095871 0.47297642827034 0.471180149912834 0.487188717722893 0.485868164896965 0.4698531717062 0.488455727696419 0.504318165779114 0.506346747279167 0.527185171842575 0.561865776777267
-9999 -9999 -9999 -9999 -9999 -9999 -9999 -9999 -9999 -9999 -9999 -9999 -9999 -9999 -9999 -9999 -9999 -9999 -9999 -9999 -9999 -9999 -9999 -9999 -9999 -9999 1.7863493995233 1.0279186964035 1.06146088242531 1.02360418438911 0.915108531713486 0.881586104631424 0.870542824268341 0.79473802447319 0.762101531028747 0.810721307992935 0.86344838142395 0.813992410898209 0.820131212472916 0.801109671592712 0.748730376362801 0.770222422666848 0.800925884395838 0.74619494844228 0.734095774590969 0.68689685035497 0.600660268217325 0.615183052606881 0.61026225797832 0.631651290692389 0.642847169190645 0.67402798589319 0.647143908776343 0.597334831953049 0.565324206836522 0.566023841500282 0.594227826595306 0.581745681166649 0.50502238869667 0.508407956361771 0.540995547175407 0.581040072441101
-9999 -9999 -9999 -9999 -9999 -9999 -9999 -9999 -9999 -9999 -9999 -9999 -9999 -9999 -9999 -9999 -9999 -9999 -9999 -9999 -9999 -9999 -9999 -9999 -9999 1.19121462106705 1.58124225704293 0.97956857085228 1.1072701215744 1.12499225139618 0.973865240812302 1.01260063052177 1.00345593690872 0.943135470151901 0.904902696609497 0.960891306400299 0.93874591588974 0.884599059820175 0.792166074737906 0.781253820285201 0.795298445038497 0.793367746286094 0.777238394133747 0.770522394217551 0.757706701755524 0.725524865090847 0.623288037255406 0.620537962764502 0.631179300136864 0.6019571358338 0.597176805138588 0.624667329713702 0.61466296389699 0.577593840658665 0.561448138207197 0.573808897286654 0.512852470390499 0.477463496848941 0.40615050047636 0.446817135810852 0.49213505089283 0.424606009852141
-9999 -9999 -9999 -9999 -9999 -9999 -9999 -9999 -9999 -9999 -9999 -9999 -9999 -9999 -9999 -9999 -9999 -9999 -9999 -9999 -9999 -9999 -9999 -9999 -9999 1.26360312849283 1.39919762050404 1.3094143288977 1.13402776792645 1.08362580277026 1.00963921056074 1.15359097719193 1.07567858695984 1.0132865011692 1.00437504053116 0.863179078325629 0.839867577888072 0.808423309586942 0.802110090851784 0.804999282583594 0.791582822799683 0.757462506182492 0.74906693212688 0.744309911504388 0.736806367523968 0.724286047741771 0.714895726181567 0.68467956315726 0.607458399608731 0.596879725344479 0.610324510373175 0.627786965109408 0.550229310058057 0.562604304403067 0.587028114125133 0.55350898951292 0.493690679781139 0.452519330196083 0.442637753672898 0.437419299501926 0.428114488720894 0.437569316010922
-9999 -9999 -9999 -9999 -9999 -9999 -9999 -9999 -9999 -9999 -9999 -9999 -9999 -9999 -9999 -9999 -9999 -9999 -9999 -9999 -9999 -9999 -9999 -9999 1.31647038459778 1.48160076141357 1.37313353314119 1.20012832739774 1.14896328561008 1.25948339700699 1.12254309654236 1.09136307239532 1.06496077775955 0.991978228092194 0.84281743504107 0.810431038029492 0.796269591897726 0.757997300694971 0.771651713177562 0.758161735720932 0.773800849914551 0.745983939617872 0.71412356570363 0.697574235498905 0.701843921095133 0.703842918388546 0.692837420850992 0.678824787028134 0.65729695558548 0.632179353386164 0.622851748019457 0.581454399973154 0.566107861697674 0.501244752667844 0.510138868354261 0.458244723267853 0.454614934511483 0.449340455699712 0.44547306234017 0.438402417115867 0.435134016908705 0.436402965802699
-9999 -9999 -9999 -9999 -9999 -9999 -9999 -9999 -9999 -9999 -9999 -9999 -9999 -9999 -9999 -9999 -9999 -9999 -9999 -9999 -9999 -9999 -9999 1.50594073534012 1.95528888702393 1.48517423166948 1.57712095975876 1.40397536754608 1.26563841104507 1.14660894870758 1.12349414825439 1.09453445672989 1.07063913345337 1.07709580659866 1.07503587007523 0.805886982008815 0.789931889623404 0.757387809455395 0.752522125840187 0.768491065129638 0.752795071341097 0.719888468272984 0.716360078193247 0.715329791419208 0.727753344923258 0.71258245781064 0.714163083583117 0.693622447550297 0.661708552390337 0.615732274018228 0.479540419578552 0.457496079802513 0.441708785295486 0.49693189188838 0.483954356051981 0.48468981217593 0.483331667259336 0.480215203016996 0.452842212282121 0.440116231329739 0.440619288012385 0.442033032886684
-9999 -9999 -9999 -9999 -9999 -9999 -9999 -9999 -9999 -9999 -9999 -9999 -9999 -9999 -9999 -9999 -9999 -9999 -9999 -9999 -9999 -9999 2.73405943487001 2.10712270673953 2.14087945222855 1.43465659022331 1.53661916032434 1.43192744255066 1.34854954481125 1.2649382352829 1.16001653671265 1.16986954212189 0.901440029963851 0.925495438277721 0.942143769934773 0.839843839406967 0.783546775579453 0.777455419301987 0.749220242723823 0.763236623257399 0.785075258463621 0.768331716768444 0.771865267306566 0.759242294356227 0.756106655113399 0.715999582409859 0.726383867673576 0.707654415629804 0.694094851613045 0.686690418049693 0.477034223079681 0.478325712680817 0.672194167971611 0.676115624606609 0.677418038249016 0.65220460575074 0.560979212634265 0.576927141286433 0.516992448829114 0.45090048154816 0.440920194145292 0.443248841911554
-9999 -9999 -9999 -9999 -9999 -9999 -9999 -9999 -9999 -9999 -9999 -9999 -9999 -9999 -9999 -9999 -9999 -9999 -9999 -9999 2.64602583646774 6.67448231577873 2.70964325876797 2.82310532822328 2.1446810855585 1.30013169786509 1.19688698649406 1.20208919644356 1.29609102606773 0.955878166481853 0.921788804233074 0.945749117061496 0.97738922573626 0.981038672849536 0.934689164161682 0.9028200507164 0.844050586223602 0.822020709514618 0.797654509544373 0.817376494407654 0.879435867071152 0.72548206789153 0.723187418920653 0.727266228624753 0.737215921282768 0.716500210762024 0.7338757365942 0.710794891230762 0.684558902867138 0.666991461999714 0.66788372118026 0.717164520174265 0.80931680649519 0.961992245167494 0.897265249863267 0.777897021733224 0.750300636515021 0.721345027908683 0.614930050447583 0.504972008988261 0.47443557344377 0.366537937521935
-9999 -9999 -9999 -9999 -9999 -9999 -9999 -9999 -9999 -9999 -9999 -9999 -9999 -9999 -9999 -9999 -9999 -9999 -9999 -9999 2.41381062293 2.52272912859917 2.22890544638914 1.86314707643846 1.47105417356772 1.30117082771133 1.12190303765237 1.35883417725563 1.30247723460197 1.24049252867699 1.0455620765686 1.10432199835777 1.072117043393 0.959116071462631 0.943782538175583 0.899953722953796 0.876083880662918 0.864779055118561 0.836713820695877 0.840166419744492 0.795345438378198 0.779672709958894 0.756520494818687 0.799141198396683 0.761084254298891 0.746244255985532 0.726990618876048 0.701653476272311 0.678410781281335 0.651112988591194 0.603467664122581 0.574492830038071 0.532815161347389 0.504305705428123 0.488229620456696 0.523441421985626 0.53198966383934 0.521112135052681 0.516413909196854 0.476028487086296 0.438629980385303 0.4239686653018
-9999 -9999 -9999 -9999 -9999 -9999 -9999 -9999 -9999 -9999 -9999 -9999 -9999 -9999 -9999 -9999 -9999 -9999 -9999 3.20604640245438 2.98456086283145 2.36427337708681 1.91777781645457 1.6917126874129 1.23815715488266 1.06326823309064 1.01914980635047 1.00600592046976 0.982228238135576 1.02576031722128 1.01753930747509 1.01865116613252 1.00012163605009 0.95231831073761 0.957894802093506 0.933871507644653 0.9152792096138 0.896620273590088 0.884022091116224 0.897910633257457 0.893322127205985 0.875120912279401 0.817011109420231 0.782841599413327 0.692539036273956 0.63590452500752 0.666071770446641 0.674252514328275 0.654838819588934 0.657893823725837 0.659895237003054 0.644684180617332 0.633531561919621 0.631696694663593 0.627099969557353 0.558504816889763 0.557619678974152 0.572092133760452 0.569945195317268 0.559577375650406 0.504361030459404 0.45117492377758
-9999 -9999 -9999 -9999 -9999 -9999 -9999 -9999 -9999 -9999 -9999 -9999 -9999 -9999 -9999 -9999 -9999 6.86347210407257 6.30337643623352 2.9030786027079 2.32760735561973 2.10106343658347 1.86531811011465 2.06429013609886 1.28400250151753 1.21310428529978 1.1735728494823 1.09271696582437 1.08024620264769 1.06786869652569 1.00825747847557 0.968939564057759 0.958986895424979 0.937203258275986 0.92913892865181 0.958694696426392 0.954453140497208 0.848242674555097 0.862921919141497 0.89864513703755 0.900311376367297 0.889277534825461 0.866173663309642 0.815348127058574 0.776116394570896 0.755172723105976 0.741927176713943 0.664449078696115 0.658091515302658 0.643506103328296 0.654337834034647 0.651697295052665 0.641496911644936 0.646154433488846 0.656604549714497 0.641524455377034 0.6321130245924 0.640835089342935 0.606476138745035 0.582218783242362 0.565036335161754 0.4881442964077
-9999 -9999 -9999 -9999 -9999 -9999 -9999 -9999 -9999 -9999 -9999 -9999 -9999 -9999 -9999 -9999 -9999 7.89157515764236 2.16501123458147 2.10342906787992 1.67630737647414 1.78180883824825 1.6248121149838 1.39922029338777 1.12246341817081 1.17965010367334 1.17771447077394 1.11007322743535 1.12813849188387 1.05853691697121 1.01732485209193 0.968622348138264 0.913472247975213 0.908826887607574 0.881639897823334 0.839343100786209 0.870008170604706 0.906752854585648 0.891559877565929 0.891200206109456 0.898014026028769 0.880758953945977 0.871880854879107 0.842747645718711 0.812740189688546 0.771969750523567 0.933671683073044 0.963916391134262 0.948708146810532 1.07384094595909 0.630407529217856 0.641328226242747 0.64409904394831 0.641095206141472 0.645695411733219 0.65144031388419 0.662691069500787 0.662093518035752 0.638382739254407 0.592692209141595 0.552100756338664 0.53757310126509
-9999 -9999 -9999 -9999 -9999 -9999 -9999 -9999 -9999 -9999 -9999 -9999 -9999 -9999 -9999 -9999 -9999 -9999 -9999 2.35167950391769 1.75848961248994 1.70171691477299 1.43348581194878 1.38064081072807 1.22476809471846 1.18932924605906 1.14611553400755 1.12402322329581 1.06059177006994 1.0300911452089 1.00177010893822 0.933807006904057 0.797456675342151 0.950566411018372 0.911443024873734 0.873714953660965 0.743822208472661 0.780108913779259 0.848555024181094 0.914795062371663 0.913208318608148 0.899534327643258 0.880234313862664 0.866935622692108 0.816028846161706 0.778053651962962 0.750118662204061 1.72677129507065 1.95200258493423 0.760375423090799 0.743052171809333 0.713959642818996 0.708278839077268 0.702484009521348 0.693165427872113 0.682041042617389 0.670574624623571 0.679193794727325 0.673320031591824 0.618394208805902 0.573234321815627 0.514435657433101
-9999 -9999 -9999 -9999 -9999 -9999 -9999 -9999 -9999 -9999 -9999 -9999 -9999 -9999 -9999 4.15473710257432 3.68133893609047 1.78660295290105 1.9893533103168 1.95617460832 1.61352886697825 1.307601923123 1.29922391474247 1.32933475077152 1.33405326493084 1.20945183187723 1.20185597799718 1.23090619593859 1.07047864794731 0.997498346226556 0.94607179079737 0.933626736913409 0.987932533025742 1.16377049684525 1.11381503939629 0.995701164007187 0.918881326913834 0.945301204919815 0.874595186540059 0.908160247973033 0.919217565229961 0.938001777444567 0.925315225124359 0.883787142378943 0.897026372807367 1.13470864295959 1.6288375556469 4.97949483990669 0.77490688434669 0.774996565920966 0.769409473453249 0.762473134057863 0.757398298808507 0.769694126078061 0.757778150694711 0.738551884889603 0.720234683581761 0.703930467367172 0.721711360982486 0.627751011933599 0.582132697105408 0.547431752085686
-9999 -9999 -9999 -9999 -9999 -9999 -9999 -9999 -9999 -9999 35.2986888885498 35.2986888885498 13.7248649597168 1.95831736922264 2.2060002207756 2.16850908994675 2.08372970819473 2.06838427782059 2.10013593435287 2.00639401674271 1.73105318546295 1.36552170664072 1.3672210816294 1.33087437786162 1.25677260942757 1.22853746451437 1.22254594042897 1.11731463670731 1.14333027601242 1.11512559652328 0.800258306520326 0.758968891842025 0.949596136808395 0.946545302867889 0.99798709154129 0.993534445762634 0.96230736374855 0.950217843055725 0.975360453128815 0.967530226707459 0.989847505092621 1.0114896774292 0.984164714813232 0.957801742213113 0.935951100928443 0.8926987690585 0.877103332962309 0.879038163593837 0.872021900756018 0.839460509163993 0.817504801920482 0.815034117017474 0.788206879581724 0.788334552730833 0.804705504860197 0.733263418078423 0.707918203302792 0.713326386043004 0.707450745361192 0.617584085890225 0.59057879447937 0.606670004980905
-9999 -9999 -9999 -9999 -9999 -9999 -9999 -9999 -9999 -9999 35.2986888885498 5.71718043833971 3.1278495490551 2.94750639796257 2.70003221035004 2.97810704708099 2.81761341094971 13.5707475471497 16.8367865211085 2.98837824378695 1.81066975928843 1.55340697169304 1.44493256807327 1.29129364490509 1.26248100399971 1.25666645541787 1.36225461959839 1.16239003198487 1.09039590188435 1.03188845515251 0.879322235073362 0.80940009866442 1.14156916737556 0.92294916510582 0.883064359426498 0.936730194836855 0.906172846044813 0.917282683508737 0.914199152163097 0.931442077670779 1.09841502904892 0.972837337425777 0.99491388457162 0.953930522714342 0.947302911962782 0.946286393063409 0.848182950701032 0.947680030550275 0.882585895912988 0.865765316145761 0.855718284845352 0.84997752734593 0.831532205854143 0.73644552060536 0.690568851573127 0.647077349679811 0.668739923409053 0.708881569760186 0.608191296458244 0.539029694029263 0.883646667003632 0.960724011063576
-9999 -9999 -9999 -9999 -9999 -9999 -9999 -9999 -9999 -9999 -9999 -9999 -9999 3.31249764561653 3.3041473031044 3.28994598984718 7.64567255973816 -9999 -9999 -9999 -9999 -9999 1.38244943022728 1.44006771445274 1.86465744674206 1.2501796066761 1.22732349038124 4.17712953686714 2.7266395517758 1.24386274388858 1.05862361618451 0.987293856484549 0.894465361322675 0.832765677145549 0.715218524847712 0.746359763400895 0.78470795069422 0.859120053904397 0.936317528997149 0.920812138489315 0.91289102605411 0.947792338473456 0.960360186440604 0.904490385736738 0.88002387540681 0.859759607485363 0.811922039304461 0.744868582912854 0.840265797717231 0.852761660303388 0.87299217070852 0.834922696862902 0.805917148079191 0.713696926832199 0.757308087178639 0.811766420091901 0.799005631889616 0.799302692924227 0.523976385593414 0.685666961329324 0.685594292623656 0.684289199965341
-9999 -9999 -9999 -9999 -9999 -9999 -9999 -9999 -9999 -9999 -9999 -9999 -9999 16.6274771690369 16.6274771690369 16.6274771690369 -9999 -9999 -9999 -9999 -9999 -9999 4.94490551948547 4.94490551948547 4.94490551948547 0.308659605681896 1.48016211390495 1.31034632921219 1.15181265473366 1.04953778641564 1.06221593703542 1.0108092554978 0.931941734892981 0.909263210637229 0.895959492240633 0.829174058777945 0.862023570707866 0.867158525756427 0.852902191877365 0.832154414483479 0.819915750197002 0.87778500361102 0.888232852731432 0.884531532015119 1.00455727055669 1.07840222865343 1.05182107910514 0.862681312220437 1.2517283473696 1.55154334647315 1.07210575257029 1.1283156318324 0.7607688584498 0.747437034334455 0.796861972127642 0.782756605318614 0.772494045751436 0.858693893998861 0.866912204772234 0.701319381594658 0.680309114711625 0.722254674349512
-9999 -9999 -9999 -9999 -9999 -9999 -9999 -9999 -9999 -9999 -9999 -9999 -9999 -9999 -9999 -9999 -9999 -9999 -9999 -9999 -9999 -9999 -9999 -9999 -9999 -9999 1.63263769447803 1.63518339395523 1.50620037317276 1.27370222210884 0.9958570258958 0.908254103735089 0.949442010372877 1.12133277207613 0.842942929267883 0.881661248207092 0.809533607959747 0.807823127508164 0.820041340589523 0.788954097032547 0.792892849445343 0.866848826408386 0.906616419553757 0.827355146408081 0.667928644589015 0.634096294641495 0.617357132690293 0.6667461927448 0.729875890272004 0.725741111806461 1.22783351796014 1.22787974136216 1.03619371993201 0.858093227658953 0.658798488123076 0.609749449150903 0.738038222704615 0.834316236632211 0.7406264011349 0.6935975253582 0.676059895328113 0.734392660004752
-9999 -9999 -9999 -9999 -9999 -9999 -9999 -9999 -9999 -9999 -9999 -9999 -9999 -9999 -9999 -9999 -9999 -9999 -9999 -9999 -9999 -9999 -9999 -9999 -9999 -9999 -9999 15.0286116600037 2.18948155641556 2.44106501340866 2.40728845819831 1.41968171386158 1.35255359551486 1.14588344798369 0.966363687725628 0.803232264518738 0.8042914301157 1.00051217526197 0.810928359627724 0.789965763688087 0.797365695238113 0.785790830850601 0.802957326173782 0.512275802237647 0.523322770638125 0.513571104833058 0.50329943214144 0.686929502657482 0.700116800410407 0.783166706562042 1.20616478153637 1.08323691998209 0.981434724160603 0.858506900923593 1.00963398814201 1.01883941888809 0.786580400807517 0.715992623141834 0.674517752868789 0.636904950652804 0.596767365932465 0.575622573494911
