EcologicalScience/Bass/data/rs_data_bass/chl_235.asc
NCOLS 226 
NROWS 124 
XLLCORNER -9.41648524995501 
YLLCORNER 47.587301625531 
CELLSIZE 0.0833 
NODATA_value -9999 
[rows 54 to 80 of 124, columns 124 to 185 of 226]
2.39573693275452 2.25253211706877 1.95925616025925 2.00274190994409 2.00250001595571 1.96098049328877 1.9383025261072 2.25051043125299 2.2975709438324 2.29949033260345 2.34889197349548 2.43536031246185 2.49675871775701 2.41833754777908 2.64106570482254 3.04057847261429 2.97917445898056 3.30288084064211 2.93504338605063 2.97463020086288 3.18990451097488 3.05262507200241 3.02803766727448 2.53816961050034 2.43683885335922 2.30339026451111 2.18837143182755 2.23119661808014 2.17714247703552 2.88826981782913 2.82767506837845 2.75983893871307 2.56486856586793 1.56543678045273 1.92060809050288 1.83358111126082 1.91195559501648 2.13984251394868 2.36734971776605 2.12817554473877 2.03767100349069 1.50693459510803 1.09074588207638 1.12752451090252 0.829138867557049 0.735642977058887 1.36941569298506 1.58007396385074 1.62008834257722 5.23252583177466 5.09283480518743 4.67045035487727 6.14282382052878 3.7632622718811 14.8642228179508 34.7555356025696 5.77255122363567 5.54280287453106 5.85359171032906 15.604609246222 5.58627973773522 -9999
2.68974977731705 2.64524406194687 2.37065919807979 2.29317071804634 2.25312921634087 2.35200131397981 2.28647290808814 2.33414967145239 2.50525723512356 2.49859356880188 2.56075948476791 2.56812608242035 2.71088335605768 2.70346280080932 2.87604026794434 2.9193561398066 3.19392222624559 3.55000897816249 3.01232798099518 3.14696424007416 3.17824138402939 3.3311265707016 3.02233815193176 2.79121065139771 2.65883796215057 2.47391419410706 2.44442086219788 2.48406361341476 3.64565658569336 1.97011585906148 1.86856781244278 1.92001283168793 2.55602312438628 2.31969939172268 1.73425000905991 1.58622045814991 1.49183344468474 1.58629659344168 1.63005459308624 1.62394392139771 1.03636747039855 1.5221401312772 1.44630130380392 2.27057987451553 3.03626713627263 1.45594379492104 2.04006927832961 1.84539536386728 6.21141269332484 14.8441010713577 5.49314963299295 6.11372681286024 6.5506678664166 3.86674355205737 4.24330841004848 10.87521173805 10.5720698833466 -9999 -9999 -9999 -9999 -9999
4.0634138243539 3.54140102863312 3.13213491439819 3.30219146183559 2.41994285124999 2.31915627534573 2.45547395027601 2.56039982117139 2.50595837831497 2.53248488903046 2.65534651279449 2.94312232732773 2.82224148053389 2.96559322306088 2.9937011553691 3.35926043987274 3.37810092738696 3.37910529971123 3.70710088656499 3.39041732366268 3.61471672241504 3.76328864005896 3.80210950374603 3.09347060918808 2.98811534643173 3.76621127128601 3.6436185836792 4.87660717964172 3.57948097586632 2.15601264685392 2.00930378213525 1.90474822372198 2.67206091389937 2.52919939160347 2.22244042158127 1.89447484647526 1.695401272353 1.57970916173037 1.45504440454876 1.45464122120072 1.08572703413665 1.11566943861544 1.70774973928928 2.03710014000535 2.16440741345286 2.30840038508177 2.86172596613566 3.87368030947928 5.98329147048618 3.15154526233673 3.24493873119354 3.36125416755676 3.73624996135109 12.947131857276 -9999 -9999 -9999 -9999 -9999 -9999 -9999 -9999
3.52801782351274 3.17367186454626 3.58847916126251 3.45871424674988 2.86988931435805 2.73127788305283 2.71987150724118 2.85260283488494 2.84365057028257 2.73272143418972 2.89700405414288 3.74528570817067 3.87581038933534 3.1831388932008 3.20117736779726 3.42061375654661 2.21169749328068 2.29772472381592 2.40519794225693 2.40985606908798 2.33203176259995 2.89984676837921 3.08808462619781 2.89966622591019 3.2199404835701 2.96804859638214 2.70411162078381 3.45616292953491 3.52560988068581 3.41980788111687 2.2132582180202 2.29449319839478 2.98515540361404 2.79775148630142 2.82673594355583 2.49581718444824 2.3392533659935 1.31279151439667 1.31880257129669 1.43843839624349 1.1389150545001 1.25012384355068 1.54576456546783 1.87554283440113 2.17453534528613 2.5483769774437 7.28118324279785 6.4748116633214 8.03073513507843 3.41888976097107 3.28843369483948 7.24345907412077 10.5552882897226 -9999 -9999 -9999 -9999 -9999 -9999 -9999 -9999 -9999
4.44264364242554 4.04560196399689 3.93059170246124 3.67814111709595 3.90864908695221 3.87674474716187 3.05084165701499 3.0729467181059 3.12427388246243 3.14621959282802 3.2439811871602 1.6341809800693 1.70808572428567 3.35178140657289 3.0210149032729 3.064391293696 2.3427166223526 2.31813374757767 2.32773847579956 2.29420728683472 2.23616003990173 2.51757779717445 2.37606447509357 2.40387522748538 2.99943077138492 3.53093276917934 2.83716228604317 2.80825707316399 2.92070063948631 3.30963441729546 1.9395081885159 2.84535792469978 1.67068440467119 1.66767507791519 1.66363139078021 2.38444370031357 1.73238610520082 1.49421744662173 1.4874086443867 1.08253827877343 1.03794394992292 1.01784373819828 1.91502082720399 2.13511034846306 2.39293090920699 6.79200779355091 8.68000197410583 6.58132123947144 7.49639852841695 4.05695700645447 7.30594682693481 23.8131304038198 43.6657927586482 -9999 -9999 -9999 -9999 -9999 -9999 -9999 -9999 -9999
-9999 4.35898661613464 4.31784224510193 4.09435486793518 4.16957867145538 4.34751605987549 3.85199117660522 3.73140586798008 3.73032411245199 3.51780327008321 2.00371279886791 4.28386116027832 1.77039778232574 1.93968093395233 3.22263783216476 3.39166520323072 2.29153906106949 2.22550925016403 2.24680709838867 2.23861943483353 2.20004074573517 2.79984674602747 2.32840664046151 2.42918201003756 2.48925028528486 2.35287813203675 3.01818180084229 2.92874069139361 3.0384347298566 3.16804560142405 2.75266653299332 2.40338769555092 1.75016779080033 1.69394161552191 1.67781598493457 1.66405647534591 2.24701404922149 1.61591581737294 1.45545729118235 1.64444456030341 1.5719516761601 1.73803919926286 1.83482149243355 2.71363717317581 2.0219664318221 -9999 6.14182496070862 6.3846396966414 8.45453317960103 6.91197700249521 27.4507389068604 50.4599590301514 50.6132297515869 57.5199901746667 -9999 -9999 -9999 -9999 -9999 -9999 -9999 -9999
-9999 -9999 -9999 -9999 -9999 2.28387522697449 4.07798571770008 4.05274646098797 3.98408871889114 3.77721103600093 5.06051766872406 2.0251835499491 2.08545845746994 4.27648043632507 4.1975930929184 3.61369267957551 2.18995275497437 3.91017615795135 3.56260911002755 3.44975799322128 3.06239435076714 2.83014887943864 2.72805112972856 2.43288362451962 2.80472828820348 2.44575812481344 2.64386507682502 2.71206362172961 2.33603646978736 2.50821832381189 2.11535050347447 2.06949649751186 2.19466206431389 2.17335802316666 2.17211433017955 1.19675888121128 1.15392196364701 2.93547901511192 2.53633584695704 1.32130900713114 1.65541834556139 1.84143455028534 2.0668133359689 2.23250945256307 2.68010820820928 21.0723962760666 -9999 -9999 -9999 -9999 17.9435258081981 30.2622319630214 31.3884363515036 23.3554798859816 -9999 -9999 -9999 -9999 -9999 -9999 -9999 -9999
-9999 -9999 -9999 -9999 -9999 -9999 -9999 -9999 4.44969021081924 4.36186917339052 4.19063007831573 4.50411236286163 4.47564661502838 4.45470464229584 4.71482312679291 4.17381854142462 4.11202721510615 4.2405241727829 4.29664349555969 3.45419118659837 2.85766959562898 2.7457215147359 2.78657301408904 2.62129268901689 2.47662773302623 2.17314107716084 2.07001810893416 2.25969031825662 2.45113187389714 2.54532643726894 2.03810564428568 1.94076920114458 1.68763183695929 1.62288005277514 1.3752428535372 1.2305632699281 1.11386068537831 1.0483143478632 1.45842114090919 1.55845672350663 1.66944178709617 1.69921678304672 1.84378734001747 2.18495588119213 6.48494550328196 29.0682649612427 -9999 -9999 -9999 -9999 17.548882484436 18.3474681915775 63.2606620788574 36.2561416625977 52.9994316101074 43.0755763832404 -9999 -9999 -9999 -9999 -9999 -9999
-9999 -9999 -9999 -9999 -9999 -9999 -9999 -9999 -9999 -9999 3.87117047820772 5.0605012178421 5.02447557449341 3.50208738020488 3.5425797700882 3.27321003377438 2.69911016151309 2.46976700797677 2.35277649387717 2.57712521776557 2.79248047247529 2.78164048280035 2.65001640149525 2.3142258652619 2.18306847214699 2.61237742219652 2.11949546635151 2.55192047570433 2.77025384136609 2.12053131312132 2.19991580396891 2.18041075766087 2.38687638149542 1.61251980811357 1.13102549314499 1.03066796064377 0.921076057048944 1.10491530038416 0.979559272527695 1.91296023130417 1.98912011201565 2.18306905031204 2.37157194889509 2.58678116798401 13.9756198959443 -9999 -9999 -9999 -9999 -9999 -9999 -9999 9.93179331029334 10.6195643969945 8.5531986440931 16.0233069011143 10.8786277770996 -9999 -9999 -9999 -9999 -9999
-9999 -9999 -9999 -9999 -9999 -9999 -9999 -9999 -9999 4.3704868555069 4.11079341173172 3.59759172371456 3.52913219588143 3.52823598044259 3.58167209795543 11.8468042373657 2.95165121555328 1.56944782733917 1.19494771957397 2.61926810881671 2.41493382874657 2.10146378243671 1.77487333206569 1.69377139386009 1.79104907810688 1.93275872245431 2.03581934049726 2.11530875042081 2.20015802979469 2.32642334327102 2.35689621637849 1.99051433801651 1.75323350429535 1.57976725324988 1.45289794541895 1.4049843493849 1.14899812079966 1.23976419292963 1.91584349423647 1.97655385732651 2.22711111605167 2.47442051768303 2.45341491699219 2.69691386818886 24.0920592222399 33.0447750091553 -9999 -9999 -9999 32.3483373050032 35.716761263934 26.1109526915984 27.5336534109983 45.5048723004081 15.6224998586318 20.8027106920878 14.8691923156861 -9999 -9999 -9999 -9999 -9999
-9999 -9999 -9999 -9999 -9999 -9999 -9999 -9999 -9999 -9999 4.16004983016423 3.74623448508126 3.46077931778771 4.08075992550169 3.28607110306621 3.54780664864708 3.33523180204279 1.72317624092102 2.52652778695611 2.21485121285214 2.37885468006134 2.1019058406353 1.90795468091965 1.58935051560402 1.87278282642365 1.72511385594096 1.58914999876704 1.63947713747621 1.98972689509392 2.55617188706118 2.56259215929929 1.8914887547493 2.48703038692474 1.53123721852899 1.47308178059757 1.29522316530347 1.22294441051781 1.4340615272522 1.93584232032299 2.13899564743042 2.14033161103725 2.39358343183994 2.6134666800499 5.01569006840388 8.88761425134048 -9999 -9999 -9999 -9999 -9999 38.2069997353987 44.263880610466 51.3664168661291 45.8908850279721 58.3674682617188 -9999 -9999 -9999 -9999 -9999 -9999 -9999
-9999 -9999 -9999 -9999 -9999 -9999 -9999 -9999 -9999 3.67937564849854 4.6044539809227 4.16412379911968 2.4554890036583 4.81685655457633 4.0083675129073 3.25076918742236 3.46176834106445 3.4481781244278 2.58479294005562 2.03275476483738 1.92614847421646 2.35285328030586 1.68368053436279 2.10608306527138 2.36125099658966 2.66846045851707 2.65593498945236 2.44093096256256 2.01343054510653 2.10322622060776 2.04036613702774 1.91108224391937 2.58522854131811 1.4254391670227 1.35222991928458 1.22359842248261 1.15307747125626 1.46241860091686 1.77821098268032 2.06867632269859 2.07673260569572 2.24131143093109 2.59989959427289 6.16203388890016 3.86466658115387 -9999 -9999 -9999 -9999 -9999 49.2177969499638 20.9030482470989 26.0742444992065 -9999 -9999 -9999 -9999 -9999 -9999 -9999 -9999 -9999
-9999 -9999 -9999 -9999 -9999 -9999 -9999 -9999 -9999 6.5928475856781 5.26472389698029 2.96489468961954 4.92491626739502 4.49156177043915 3.69688303195513 3.63256487021079 3.21147857721035 3.00145594431804 2.03549359475865 1.83082553218393 1.92073989966336 1.84906800354228 1.69105509449454 1.07646134868264 1.08707648143172 1.07380606234074 3.02656609170577 2.4070740833002 2.17555538345786 2.54973579504911 2.85083565641852 1.75381845235825 1.63868833780289 1.44951206445694 1.35381082126072 1.23800827264786 1.38323117494583 1.58158774673939 1.76784950494766 1.99183045327663 2.15755724906921 2.22975365817547 3.89259513428337 10.9490572353011 3.86466693878174 -9999 -9999 -9999 -9999 12.1949715614319 -9999 -9999 -9999 -9999 -9999 -9999 -9999 -9999 -9999 -9999 -9999 -9999
-9999 -9999 -9999 -9999 -9999 -9999 -9999 -9999 -9999 3.2323845885694 2.99857448413968 4.72486352920532 4.63753187656403 3.70841324329376 3.39940130710602 2.89427554607391 2.50963121652603 2.13036525249481 2.08572210073471 1.99935911893845 1.90386744807748 1.97975490899647 1.05591155961156 1.11981777101755 3.38778439690085 1.06084517017007 0.986365042626858 2.67593132047092 2.63922985511668 3.16752180281807 1.73364722132683 1.77629764080048 1.71422655582428 1.5680460691452 1.45284807682037 1.27367541790009 1.49894455601187 1.65394409000874 1.81224033236504 1.9799153059721 2.1211189776659 3.52313041687012 4.82688562834441 -9999 -9999 -9999 -9999 -9999 -9999 -9999 -9999 -9999 -9999 -9999 -9999 -9999 -9999 -9999 -9999 -9999 -9999 -9999
-9999 -9999 -9999 -9999 -9999 -9999 -9999 -9999 -9999 2.84999717684353 4.94269967079163 4.77577793598175 4.03117954730988 2.75076591968536 2.64078158140182 2.57058155536652 2.28162682056427 2.06974124908447 2.04853856563568 2.09907177686691 2.22509804964066 2.49018724700984 1.48521818965673 1.67424932867289 1.55549154058099 1.17968825250864 1.10079567879438 1.28557293489575 1.92176787853241 1.7715099811554 1.78599593639374 1.70666664609542 1.67652350664139 1.60193614023072 1.44716436522348 1.70845765806735 1.90665306413875 2.05349246894612 2.26878112203935 2.28044006228447 2.358995114054 5.19026963851031 8.36345422267914 -9999 -9999 -9999 -9999 -9999 -9999 -9999 -9999 -9999 -9999 -9999 -9999 -9999 -9999 -9999 -9999 -9999 -9999 -9999
-9999 -9999 -9999 -9999 -9999 -9999 -9999 3.28386068344116 3.96094121932983 2.30672521591186 5.09619677066803 4.67306864261627 3.98934066295624 2.87117332220078 2.36552166938782 2.17213493585587 1.98214870691299 1.86715203523636 1.69315874576569 2.39513694363482 1.1409809589386 1.15805533155799 3.69921072090373 4.09082911470357 1.29814546555281 1.25833800807595 1.32583428919315 1.19723130762577 2.27637346982956 1.92649042606354 1.84481431245804 1.7365440768855 1.73726172106607 1.65803604892322 1.53482517074136 2.01239848136902 2.27434954047203 2.36501517891884 2.60809989273548 2.51212196052074 12.7029034200224 5.69786846637726 3.25656187534332 -9999 -9999 -9999 -9999 -9999 -9999 -9999 -9999 -9999 -9999 -9999 -9999 -9999 -9999 -9999 -9999 -9999 -9999 -9999
-9999 -9999 -9999 -9999 -9999 -9999 3.93525083197488 2.62470817565918 2.64910832573386 2.42113499641418 2.32160215377808 3.59169745445251 3.47394132614136 2.80253702402115 2.23734229803085 1.89100420475006 1.70878654718399 1.58144098520279 1.41688647866249 1.31726253032684 1.21059376001358 1.15614822506905 3.90747606195509 4.28304547947996 1.28066514059901 1.38295581936836 10.1782886245671 2.14566285014153 2.31197887659073 2.2856582403183 1.89371802806854 1.77031453166689 1.67107035858291 1.63541938151632 1.77434857402529 2.78195831705542 2.96046350896358 2.80365242063999 2.73940470814705 -9999 -9999 -9999 -9999 -9999 -9999 -9999 -9999 -9999 -9999 -9999 -9999 -9999 -9999 -9999 -9999 -9999 -9999 -9999 -9999 -9999 -9999 -9999
-9999 -9999 -9999 -9999 4.57269194301652 3.56748921871185 2.66537603911232 2.79145223252914 4.35357820987701 4.04674279689789 3.37604463100433 3.28153359889984 3.19679689407349 2.64418566226959 2.17832851409912 1.80018532276154 1.56213158369064 1.34078621864319 1.31054627895355 1.30982476472855 1.34887272119522 0.82515674829483 2.46960494667292 5.57544934004545 1.32722341801439 8.65331970418201 22.5898805506089 2.82095478773117 2.48458869258563 2.3416585624218 2.07582894393376 1.99426262293543 1.87486010364124 1.79412353038788 2.60744569557054 3.13781098407858 10.3437892198563 8.56105379416392 -9999 -9999 -9999 -9999 -9999 -9999 -9999 -9999 -9999 -9999 -9999 -9999 -9999 -9999 -9999 -9999 -9999 -9999 -9999 -9999 -9999 -9999 -9999 -9999
-9999 -9999 -9999 -9999 3.19166006761439 3.93559308661971 2.67048453167081 2.70093673467636 3.51770716054099 3.71344864368439 3.06710243225098 2.86654955148697 2.47906047105789 2.30808448791504 1.68747156858444 1.59068101644516 1.47682276368141 1.25095501542091 1.22180020809174 2.06964938342571 2.1431170552969 0.985019981861115 1.13288846611977 1.32643201947212 1.49565973877907 4.6332869052887 4.46571307182312 1.27061754465103 1.25841470062733 2.40967118740082 2.34193964941161 2.20345385159765 2.12434352721487 2.20311448829515 2.59835534586626 2.56912216018228 14.3351824624198 -9999 -9999 -9999 -9999 -9999 -9999 -9999 -9999 -9999 -9999 -9999 -9999 -9999 -9999 -9999 -9999 -9999 -9999 -9999 -9999 -9999 -9999 -9999 -9999 -9999
-9999 29.8098698408244 4.26063583340756 3.91916804535444 2.93758011565489 2.54924990236759 2.5589361526072 2.60523390769958 4.37757074832916 3.74961733818054 3.11072446033359 2.093958735466 2.24214899539948 2.05896896123886 1.60484629869461 1.61432772874832 1.33451548218727 1.73794877529144 1.16763326525688 1.20039051771164 2.51770455390215 4.28960209339857 1.2265972495079 1.26035097241402 7.91346971690655 7.12863149642944 6.71171908378601 2.45762130618095 2.34299138188362 2.41334554553032 2.38209414482117 2.37294673919678 2.16752822910036 2.58331244811416 34.3109481675284 13.3390836173838 -9999 -9999 -9999 -9999 -9999 -9999 -9999 -9999 -9999 -9999 -9999 -9999 -9999 -9999 -9999 -9999 -9999 -9999 -9999 -9999 -9999 -9999 -9999 -9999 -9999 -9999
16.2465350968497 4.8480841590137 5.57257235967196 3.48678316814559 4.55083036422729 4.42863392829895 4.55144190788269 4.58277297019958 4.92682725191116 3.70892082899809 2.59778255224228 2.20895254611969 1.71531218290329 1.44012370705605 1.29706728458405 1.24036502838135 1.75937137752771 2.55599035936243 2.554555998129 0.986871778964996 1.28659272193909 1.33685097098351 1.36622554063797 1.38867598772049 1.89645445346832 1.96011757850647 2.26983261108398 2.34068030118942 2.29045763611794 2.55383965373039 2.8094208240509 3.51650682091713 11.8789750814438 -9999 -9999 -9999 -9999 -9999 -9999 -9999 -9999 -9999 -9999 -9999 -9999 -9999 -9999 -9999 -9999 -9999 -9999 -9999 -9999 -9999 -9999 -9999 -9999 -9999 -9999 -9999 -9999 -9999
23.2045661319386 2.4272608757019 4.53797256946564 4.63712024688721 5.30948388576508 4.58893203735352 4.35492146015167 4.89222157001495 4.62787917628884 3.52073661983013 2.5559001845472 1.93973171710968 1.48345050215721 1.28225550055504 1.95182194779901 1.57926488667727 0.882918030023575 0.938078284263611 0.942464232444763 2.11849091202021 1.35971027612686 1.4121749997139 1.53004503250122 1.86711448431015 2.13470166921616 2.20389980077744 2.34463208913803 2.35010558366776 2.78251719474792 2.85669109225273 3.19599902629852 3.21707779169083 5.27573289871216 23.2620395861174 16.6903739656721 5.46138652888211 -9999 -9999 -9999 -9999 -9999 -9999 -9999 -9999 -9999 -9999 -9999 -9999 -9999 -9999 -9999 -9999 -9999 -9999 -9999 -9999 -9999 -9999 -9999 -9999 -9999 -9999
4.86329555511475 4.78778028488159 4.71588063240051 4.16678608315332 3.83600779090609 3.69827796731676 3.47838032245636 2.05901473760605 1.92806482315063 1.77521181106567 1.53214341402054 2.56270182483336 1.50355875492096 1.79518858825459 1.49654982984066 1.69029188901186 0.934305757284164 0.982506036758423 1.11038249731064 1.21036496758461 1.37546396255493 1.7978310585022 2.23833525180817 2.76326322555542 1.86337941884995 1.93876880407333 1.89653098583221 1.91478002071381 3.16602820158005 3.19173181056976 6.75607897122701 -9999 -9999 -9999 -9999 -9999 -9999 -9999 -9999 -9999 -9999 -9999 -9999 -9999 -9999 -9999 -9999 -9999 -9999 -9999 -9999 -9999 -9999 -9999 -9999 -9999 -9999 -9999 -9999 -9999 -9999 -9999
5.43333828449249 4.32835936546326 6.9409646987915 4.07981719970703 4.88074107681002 4.29754405021667 4.16408877074718 2.34794318675995 1.86023408174515 1.5864382982254 2.04653600603342 2.36347424983978 1.71887130071135 1.62967388244236 0.818186223506927 0.951439529657364 1.05290624499321 1.14996376633644 1.24895551800728 1.45864203572273 1.75091475248337 2.64091873168945 3.03857409954071 2.56838250160217 2.38290113210678 2.47453433275223 3.31408050656319 4.38894216219584 3.94463905266353 4.16571707384927 4.1301406621933 6.55389098863344 -9999 -9999 -9999 -9999 -9999 -9999 23.2221471089036 12.6942715644836 -9999 -9999 -9999 -9999 -9999 -9999 -9999 -9999 -9999 -9999 -9999 -9999 -9999 -9999 -9999 -9999 -9999 -9999 -9999 -9999 -9999 -9999
3.99842405319214 3.9595627784729 3.21577101945877 5.12061537636651 4.28493601083755 3.66229790135434 4.4680047929287 2.24387991428375 1.69013553857803 1.42165276408195 1.37344872951508 1.65249654124765 1.43498485754518 1.94873808061375 0.815113484859467 0.854124784469604 1.07155278325081 1.20949727296829 1.64301824569702 2.42898148298264 2.421980291605 2.58884292840958 2.82433757185936 5.37568845748901 4.08330345153809 3.3912162065506 4.08511155843735 10.8933825763789 11.644077073444 6.72203594446182 8.27714077087298 3.42093944549561 -9999 -9999 -9999 -9999 -9999 -9999 -9999 -9999 -9999 -9999 -9999 -9999 -9999 -9999 -9999 -9999 -9999 -9999 -9999 -9999 -9999 -9999 -9999 -9999 -9999 -9999 -9999 -9999 -9999 -9999
-9999 -9999 -9999 -9999 -9999 3.98923414631894 2.34014993906021 1.90692758560181 1.49982976913452 1.45999574661255 1.34566953778267 0.699586495757103 0.749864995479584 0.765941977500916 0.748171493411064 1.13152796030045 1.48375046253204 3.06592927873135 1.98970949649811 2.4972577393055 2.76191774010658 2.80429610610008 8.18889756202698 24.8929046883303 6.59595447778702 11.0195634744384 -9999 -9999 -9999 -9999 -9999 -9999 -9999 -9999 -9999 -9999 -9999 -9999 -9999 -9999 -9999 -9999 -9999 -9999 -9999 -9999 -9999 -9999 -9999 -9999 -9999 -9999 -9999 -9999 -9999 -9999 -9999 -9999 -9999 -9999 -9999 -9999
-9999 -9999 -9999 -9999 -9999 -9999 2.5610916428268 2.26919549703598 1.49068424105644 1.49108022451401 0.680506512522697 0.745004251599312 0.909590989351273 0.945599287748337 1.43072399497032 1.74056857824326 5.15969829261303 5.47094656527042 5.07560433447361 3.06484043598175 3.65092572569847 3.33956953883171 11.2880209922791 3.32690977177969 -9999 -9999 -9999 -9999 -9999 -9999 -9999 -9999 -9999 -9999 -9999 -9999 -9999 -9999 -9999 -9999 -9999 -9999 -9999 -9999 -9999 -9999 -9999 -9999 -9999 -9999 -9999 -9999 -9999 -9999 -9999 -9999 -9999 -9999 -9999 -9999 -9999 -9999
