EcologicalScience/Bass/data/rs_data_bass/chl_495.asc
NCOLS 226 
NROWS 124 
XLLCORNER -9.41648524995501 
YLLCORNER 47.587301625531 
CELLSIZE 0.0833 
NODATA_value -9999 
[rows 81 to 107 of 124, columns 61 to 121 of 226]
2.53458023071289 3.85158455371857 5.97498106956482 7.6620512008667 7.66205191612244 -9999 -9999 -9999 -9999 -9999 -9999 -9999 -9999 -9999 -9999 -9999 -9999 -9999 -9999 -9999 -9999 -9999 -9999 -9999 -9999 -9999 -9999 -9999 -9999 -9999 -9999 -9999 -9999 -9999 -9999 -9999 -9999 -9999 -9999 -9999 -9999 -9999 -9999 -9999 -9999 -9999 -9999 -9999 -9999 -9999 -9999 -9999 -9999 -9999 -9999 -9999 -9999 -9999 -9999 -9999 -9999
2.51142078638077 2.59554558992386 -9999 -9999 -9999 -9999 -9999 -9999 -9999 -9999 -9999 -9999 -9999 -9999 -9999 -9999 -9999 -9999 -9999 -9999 -9999 -9999 -9999 -9999 -9999 -9999 -9999 -9999 -9999 -9999 -9999 -9999 -9999 -9999 -9999 -9999 -9999 -9999 -9999 -9999 -9999 -9999 -9999 -9999 -9999 -9999 -9999 -9999 -9999 -9999 -9999 -9999 -9999 -9999 -9999 -9999 -9999 -9999 -9999 -9999 -9999
-9999 -9999 -9999 -9999 -9999 -9999 -9999 -9999 -9999 -9999 -9999 -9999 -9999 -9999 -9999 -9999 -9999 -9999 -9999 -9999 -9999 -9999 -9999 -9999 -9999 -9999 -9999 -9999 -9999 -9999 -9999 -9999 -9999 -9999 -9999 -9999 -9999 -9999 -9999 -9999 -9999 -9999 -9999 -9999 -9999 -9999 -9999 -9999 -9999 -9999 -9999 -9999 -9999 -9999 -9999 -9999 -9999 -9999 -9999 -9999 -9999
-9999 -9999 -9999 -9999 -9999 -9999 -9999 -9999 -9999 -9999 -9999 -9999 -9999 -9999 -9999 -9999 -9999 -9999 -9999 -9999 -9999 -9999 -9999 -9999 -9999 -9999 -9999 -9999 -9999 -9999 -9999 -9999 -9999 -9999 -9999 -9999 -9999 -9999 -9999 -9999 -9999 -9999 -9999 -9999 -9999 -9999 -9999 -9999 -9999 -9999 -9999 -9999 -9999 -9999 -9999 -9999 -9999 -9999 2.83801275902781 2.40481960773468 2.47438627481461
-9999 -9999 -9999 -9999 -9999 -9999 -9999 -9999 -9999 -9999 -9999 -9999 -9999 -9999 -9999 -9999 -9999 -9999 -9999 -9999 -9999 -9999 -9999 -9999 -9999 -9999 -9999 -9999 -9999 -9999 -9999 -9999 -9999 -9999 -9999 -9999 -9999 37.1749906539917 4.06218993663788 3.42053631941477 3.3719361225764 -9999 -9999 1.24062949419022 1.33248201012611 1.55167883634567 1.71490502357483 1.7647705078125 1.84360313415527 2.20686149597168 1.92424750328064 1.70297205448151 2.43497514724731 -9999 -9999 2.71612232923508 2.19364410638809 1.88685768842697 1.76231932640076 1.85037231445312 1.74452662467957
-9999 -9999 -9999 -9999 -9999 -9999 -9999 -9999 -9999 -9999 -9999 -9999 -9999 -9999 2.04243877530098 2.10829550027847 2.24758440256119 2.23154879361391 2.16224896162748 1.12509450316429 -9999 -9999 -9999 -9999 -9999 -9999 -9999 -9999 -9999 1.61418485641479 1.88762336969376 2.32597106695175 2.59442800283432 2.742824614048 3.66949796676636 -9999 -9999 -9999 3.18538756370544 2.03445160388947 2.24163115024567 2.34679001569748 2.18687188625336 1.65948414802551 1.7021911740303 1.5073549747467 1.63235700130463 1.85835242271423 1.65282762050629 1.77117329835892 1.70667225122452 1.49916529655457 1.35192909836769 1.11041665077209 1.30824100971222 1.24373495578766 1.36084136366844 1.19072324037552 1.11662033200264 1.19080156087875 1.07722306251526
-9999 -9999 -9999 -9999 -9999 -9999 -9999 -9999 -9999 -9999 -9999 0.721114039421082 0.674109444022179 0.710503041744232 1.2499114125967 1.21233035624027 1.22897677123547 1.2359760850668 1.18501925468445 1.21175757050514 1.29076284170151 1.32339457775417 1.57653792947531 1.66841036081314 1.72161559760571 2.06081816083507 2.05227296692984 -9999 1.58444080750147 1.71044969558716 1.69359827041626 1.9291809797287 1.97902643680573 1.63812178373337 1.51985120773315 2.30843415856361 -9999 2.67764834217403 2.43098527193069 2.33459436893463 2.04409843683243 2.23081254959106 2.10364186763763 2.02588230371475 1.84460216760635 1.64699828624725 1.63211524486542 1.45538493990898 1.32445109635592 1.1435362547636 1.18513070046902 1.08279460296035 0.707187831401825 0.846703559160233 1.08249056339264 1.00293034315109 0.978680223226547 0.964219450950623 0.987064987421036 0.889983683824539 0.84136775135994
-9999 -9999 -9999 -9999 -9999 -9999 -9999 -9999 -9999 1.69014845444606 0.739542916417122 0.789088010787964 0.759968876838684 0.65167772769928 1.3418273627758 1.26263053715229 1.25824776291847 1.26846890151501 1.30050945281982 1.19314992427826 1.19314992427826 1.58865797519684 1.60323885083199 1.74167548120022 1.73090001940727 1.76437479257584 1.44500702619553 1.39501386880875 1.4630554318428 1.57102650403976 1.47121220827103 1.44615635275841 1.27845150232315 2.29514390230179 2.2804080247879 2.38198989629745 2.21322458982468 2.06246477365494 1.82208895683289 1.65022802352905 1.61944645643234 2.31356377601624 1.54001677036285 2.20147476196289 1.92484731674194 1.63161882162094 0.982286162674427 0.910101659595966 0.801656663417816 0.842909008264542 0.764221757650375 1.02438926696777 0.968695431947708 0.937250375747681 1.06452333927155 0.902994722127914 0.909673064947128 0.928058624267578 0.872518390417099 0.851641952991486 0.795784950256348
-9999 -9999 -9999 -9999 -9999 -9999 -9999 -9999 -9999 -9999 1.13213941454887 0.903502553701401 1.37550401687622 1.3079442679882 1.31434071063995 1.24693639576435 1.24137112498283 1.25135533511639 1.27718438208103 1.30257841944695 1.36786262691021 1.49457822740078 1.64233455061913 1.62413039803505 1.53625452518463 1.5362543463707 1.67143741250038 1.7056839466095 1.69928920269012 1.71941980719566 1.75456014275551 1.85579386353493 1.9930754005909 2.23892623186111 2.35668951272964 2.41625082492828 2.27023708820343 1.9986178278923 1.70433640480042 1.58972150087357 1.38879472017288 1.21399801969528 1.18352428078651 1.08041363954544 1.44381726980209 0.818323642015457 0.824420303106308 0.772206723690033 0.850732862949371 0.708584547042847 0.587752372026443 0.548485860228539 0.656230241060257 0.844668209552765 0.852277815341949 0.766402512788773 0.742211624979973 0.693655461072922 0.671191200613976 0.700888574123383 0.701937586069107
4.13654887676239 -9999 -9999 -9999 -9999 -9999 -9999 -9999 -9999 -9999 1.28911397606134 1.28113404661417 1.06008562445641 1.06491494178772 0.971334993839264 0.905375450849533 0.84437307715416 0.876231104135513 0.831091314554214 0.727304354310036 1.18376000225544 1.30813126266003 0.930794656276703 0.930794656276703 1.45609594881535 1.45808002352715 1.48355412483215 1.52601979672909 1.60696971416473 1.60948035120964 1.64126497507095 1.61431807279587 1.51371133327484 1.72245104312897 1.30267354846001 1.38693881034851 1.76351416110992 1.77081316709518 1.59077078104019 1.39669445157051 1.19195035099983 1.09838220477104 0.952943533658981 0.865557700395584 0.762704461812973 0.794663608074188 0.846341192722321 0.801195591688156 0.912176102399826 0.632648214697838 0.658090710639954 0.646610051393509 0.766234338283539 0.90473547577858 0.848109930753708 0.737387582659721 0.724132239818573 0.695578828454018 0.701438382267952 0.741197526454926 0.770250141620636
1.06207774579525 0.587794661521912 1.3397451043129 1.26055866479874 0.870887830853462 0.83955842256546 -9999 -9999 1.39847481250763 0.960009664297104 0.988164484500885 1.2067318786593 1.0793981552124 1.07518789172173 1.05573606491089 1.05287316441536 1.23126399517059 1.15772460401058 1.11501654982567 1.07985645532608 1.11519142985344 1.16572961211205 1.20423102378845 1.23444360494614 1.22043044865131 1.2152861058712 1.21020917594433 1.21273058652878 1.25907517969608 1.22397221624851 1.17662581801414 1.18525461852551 1.14948664605618 1.26029589772224 1.25621938705444 1.2786035835743 1.30251485109329 1.14093858003616 1.0872631072998 1.07238909602165 1.20047829151154 1.11502940654755 0.746466547250748 0.737582221627235 0.678445771336555 0.666005507111549 0.775528863072395 0.791381403803825 0.616607621312141 0.614745542407036 0.554507330060005 0.677394434809685 0.808831304311752 0.8576720058918 0.793033272027969 0.773065030574799 0.785375028848648 0.789631605148315 0.83433786034584 0.916869610548019 0.976765930652618
0.732139483094215 0.738440997898579 0.760948196053505 1.22996610403061 1.22996619343758 0.973683133721352 0.903684389591217 0.968799251317978 0.734269738197327 1.0180432498455 1.07851400971413 1.13699895143509 1.1712509393692 1.1864747107029 1.1786718070507 1.16253983974457 1.18302623927593 1.16630512475967 1.11698770523071 1.09390112757683 1.06789290904999 1.00348882377148 1.0447042286396 1.08114641904831 1.11549831926823 1.13330067694187 1.12289960682392 1.10378900170326 1.08251962065697 1.09169389307499 1.11192159354687 1.1390115916729 1.05282086133957 1.03954195976257 1.08683225512505 1.03877994418144 0.702698215842247 0.747706085443497 0.930577129125595 0.808081179857254 0.766003042459488 0.688352778553963 0.67101962864399 0.686622530221939 0.706446334719658 0.728020176291466 0.698430195450783 0.67516216635704 0.718343541026115 0.680240973830223 0.600520312786102 0.824005991220474 0.800921112298965 0.792905509471893 0.797934383153915 0.814884155988693 0.884879529476166 0.971784174442291 1.07302433252335 1.11357173323631 1.14883589744568
0.613328441977501 0.594064235687256 0.689214214682579 0.722593165934086 0.662968441843987 0.692209795117378 0.67580683529377 0.729692839086056 0.657821215689182 0.95235139131546 0.975520044565201 0.991717278957367 1.04616379737854 1.03115800023079 0.840651512145996 0.727179005742073 0.611504226922989 1.05779939889908 1.10765567421913 1.04589231312275 0.985908776521683 0.973506331443787 1.01677742600441 1.0495273321867 1.0657043159008 1.0676094442606 1.05992643535137 0.877779707312584 0.852606102824211 0.951867163181305 0.930056512355804 0.941119194030762 0.943680077791214 0.940707296133041 0.994096487760544 1.0015055090189 0.86701340675354 0.661637619137764 0.675423815846443 0.825065732002258 0.851230680942535 0.883406352996826 0.688366904854774 0.7079818546772 0.716328531503677 0.766801625490189 0.745288968086243 0.6935675740242 0.688931554555893 0.655217975378036 0.796844244003296 0.847930401563644 0.869141131639481 0.962351828813553 0.981333643198013 0.957247674465179 0.982616901397705 1.05158284306526 1.08834761381149 1.18169349431992 1.23320549726486
0.597108565270901 0.594161555171013 0.594161555171013 0.68417776376009 0.616811513900757 0.79604709148407 0.682375341653824 0.670330390334129 0.722467169165611 0.810898751020432 0.813578993082047 0.776152700185776 0.842791378498077 0.830698370933533 0.769063353538513 0.763379395008087 0.668039917945862 0.661065727472305 0.981621712446213 0.97438108921051 0.891956672072411 0.632082402706146 0.632082358002663 0.871069118380547 0.910670503973961 0.905378133058548 0.892568409442902 0.86939425766468 0.833913132548332 0.945102363824844 0.977249890565872 0.961547166109085 0.920109540224075 0.767765432596207 0.646492347121239 0.645821526646614 0.644414976239204 0.645681336522102 0.626959830522537 0.627576783299446 0.628292217850685 0.751177489757538 0.767950773239136 0.7823765873909 0.798940569162369 0.875440746545792 0.839353233575821 0.814744770526886 0.804491132497787 0.755464553833008 0.986734002828598 0.902599632740021 0.886282950639725 0.913172453641891 0.932951420545578 1.0093013048172 1.03956761956215 1.15009081363678 1.27644914388657 1.33108904957771 1.18435987830162
0.74329537153244 0.722884520888329 0.713664427399635 0.554708853363991 0.698644056916237 0.583509832620621 0.612674340605736 0.485696241259575 0.618240371346474 0.586841315031052 0.686359137296677 0.689834028482437 0.754302263259888 0.742261737585068 0.763431966304779 0.729968190193176 0.686008840799332 0.661331221461296 0.615464866161346 0.610040634870529 0.785158172249794 0.61485256254673 0.610314130783081 0.628158554434776 0.645548656582832 0.647180780768394 0.892525970935822 0.862829074263573 0.984933368861675 0.895110666751862 0.892199456691742 0.646477460861206 0.784464597702026 0.767662793397903 0.663525268435478 0.664640933275223 0.673248499631882 0.684068217873573 0.688262477517128 1.08869259059429 1.03450892865658 0.837286949157715 0.821684271097183 0.810350954532623 0.981101498007774 0.800956830382347 0.804806634783745 0.821045637130737 0.846005290746689 0.955744028091431 0.954516023397446 0.889730930328369 0.866127490997314 0.886343121528625 0.994189739227295 1.09149670600891 1.23494884371758 1.34256353974342 1.39796313643456 1.4428523182869 1.48791959881783
0.763161063194275 0.713429510593414 0.690481066703796 0.682174980640411 0.660865768790245 0.682080253958702 0.56677807867527 0.575677469372749 0.604838132858276 0.617811396718025 0.637958899140358 0.619810402393341 0.658449098467827 0.680623680353165 0.738587737083435 0.730496361851692 0.700669705867767 0.641809299588203 0.613428220152855 0.604443266987801 0.576371625065804 0.576940432190895 0.595100417733192 0.607126817107201 0.58518648147583 0.586412966251373 0.948405057191849 1.01793211698532 1.0307345688343 1.00190658867359 0.693814516067505 0.673353552818298 0.710835412144661 0.798139661550522 0.694058552384377 0.749528422951698 0.795751601457596 0.912179499864578 0.92753478884697 1.46423149108887 1.6023895740509 2.34401643276215 1.0308081060648 1.02533166110516 1.0258649289608 0.985875383019447 0.740013509988785 0.760716676712036 0.782108902931213 0.803756922483444 1.12148666381836 1.06863802671432 1.04908910393715 1.15243721008301 1.27065181732178 1.37139156460762 1.44924563169479 1.52900558710098 1.62521982192993 1.77386283874512 1.87408840656281
0.781059980392456 0.765787750482559 0.792150914669037 0.755253374576569 0.73137366771698 0.647248238325119 0.56295919418335 0.581212654709816 0.641266599297523 0.678372770547867 0.667043656110764 0.634427458047867 0.673386991024017 0.652135983109474 0.598299399018288 0.587070286273956 0.679315879940987 0.681991338729858 0.581997245550156 0.589317306876183 0.6217120885849 0.596535086631775 0.609595522284508 0.574525505304337 0.610096827149391 0.941921532154083 0.73156276345253 1.11654728651047 1.13240343332291 1.07589849829674 0.875164300203323 0.858286499977112 1.12444710731506 1.0103702545166 1.12375473976135 1.19555157423019 1.06220957636833 2.06427419185638 2.88370585441589 0.903784811496735 0.882321730256081 0.926021620631218 0.956817179918289 0.981012582778931 1.00439049303532 0.977468580007553 0.971160382032394 0.845164775848389 0.836426049470901 0.714633956551552 1.59616935253143 1.31464540958405 1.23463726043701 1.286372423172 1.50748872756958 1.66403996944427 1.75539940595627 1.81628715991974 -9999 -9999 -9999
0.833289116621017 0.785599172115326 0.787756115198135 0.732759654521942 0.71694128215313 0.684878513216972 0.62027907371521 0.612784400582314 0.706167072057724 0.721273720264435 0.685130506753922 0.608046188950539 0.601771876215935 0.604699999094009 0.660947352647781 0.60150571167469 0.562502056360245 0.517608180642128 0.543908625841141 0.641238838434219 0.687808021903038 0.639386504888535 0.906995192170143 0.989107608795166 1.03331556916237 1.06621554493904 1.10408082604408 1.13146716356277 1.12162587046623 1.35198372602463 0.905460208654404 0.905460119247437 1.36586880683899 1.17179507017136 1.93628990650177 2.21852535009384 1.44179028272629 1.55654078722 1.73877614736557 0.845296919345856 0.758674889802933 0.758674889802933 0.909275740385056 0.94973024725914 1.03035029768944 0.986670523881912 0.816748201847076 0.812387198209763 0.824703633785248 0.858872205018997 0.873676389455795 1.55913072824478 1.75423389673233 1.72216075658798 1.80288451910019 1.38472112768986 -9999 -9999 -9999 -9999 -9999
0.666832119226456 0.689881816506386 0.737854823470116 0.694818243384361 0.618915528059006 0.629146456718445 0.731023997068405 0.766539394855499 0.739783242344856 0.747285962104797 0.655097141861916 0.5611432492733 0.538852483034134 0.545892611145973 0.579409047961235 0.666404843330383 0.680106058716774 0.623046085238457 0.609608978033066 0.655128344893456 0.661512672901154 0.668663442134857 0.729022040963173 0.91539191454649 1.0500612705946 0.901637524366379 0.987456411123276 1.02740299701691 0.98067507147789 1.20954872667789 -9999 -9999 -9999 -9999 -9999 -9999 3.14426672458649 1.13797916471958 0.951252579689026 0.93162739276886 0.966757088899612 1.01574790477753 1.02296724915504 1.02829805016518 0.999674409627914 0.816130131483078 0.7927505671978 0.869587987661362 1.01677197217941 1.09639450907707 1.12509253621101 1.38732478022575 1.68558275699615 1.74672442674637 1.9762424826622 1.97624230384827 -9999 -9999 -9999 -9999 -9999
0.71614345908165 0.696902811527252 0.711822554469109 0.704911842942238 0.621995195746422 0.575732052326202 0.535963922739029 0.617119297385216 0.709152728319168 0.695662289857864 0.656543254852295 0.610777303576469 0.581435993313789 0.614734455943108 0.683717206120491 0.778529405593872 0.748494654893875 0.66442497074604 0.603615805506706 0.615440189838409 0.656758770346642 0.989650309085846 0.962802842259407 1.0241022258997 0.852191716432571 0.863629728555679 0.918239057064056 1.07481569051743 1.19566816091537 1.29522293806076 -9999 -9999 -9999 -9999 -9999 -9999 2.94172266125679 1.1577539741993 1.19006654620171 1.16329032182693 1.02091813087463 0.988052308559418 0.984563648700714 1.00706702470779 0.926058232784271 0.883946925401688 0.899421036243439 1.02152091264725 1.12531310319901 1.0608349442482 1.25522232055664 1.78465193510056 2.17835909128189 -9999 -9999 -9999 -9999 -9999 -9999 -9999 -9999
0.678260162472725 0.687381193041801 0.703531041741371 0.618067815899849 0.570683598518372 0.556990116834641 0.529280975461006 0.530509784817696 0.598783671855927 0.633817791938782 0.585282102227211 0.590450674295425 0.606180533766747 0.661421030759811 0.680619344115257 0.644990399479866 0.647484093904495 0.597665593028069 0.571086063981056 1.13666240125895 1.26138813793659 0.820900917600054 0.861621522903442 0.755843237042427 0.731763325631618 0.838212534785271 1.06584848463535 1.10111081600189 1.23577608168125 1.45752529799938 -9999 -9999 -9999 -9999 -9999 -9999 -9999 2.87540227174759 1.5625074505806 1.57356834411621 1.41635209321976 3.96437680721283 0.981272310018539 1.32612267136574 1.35079890489578 1.31378003954887 1.25401729345322 1.15703603625298 1.15954506397247 1.31281042098999 1.86992990970612 2.66916328668594 2.93290829658508 3.18586099147797 -9999 -9999 -9999 -9999 -9999 -9999 -9999
0.634572520852089 0.613077700138092 0.598860964179039 0.546458825469017 0.518016949295998 0.535851895809174 0.536586508154869 0.569099843502045 0.564269945025444 0.507879719138145 0.533843234181404 0.570940464735031 0.594719499349594 0.625809744000435 0.586841359734535 0.554610326886177 0.522797718644142 0.559971392154694 0.622783496975899 0.680238783359528 0.736915960907936 0.723650202155113 0.687870115041733 0.679424554109573 1.13903859257698 1.18619906902313 1.2050389945507 1.31028860807419 1.11493340134621 1.11493340134621 1.59175372123718 -9999 -9999 -9999 -9999 -9999 -9999 -9999 3.61484545469284 3.20349285006523 3.03282514214516 2.01914203166962 1.96842616796494 2.08099418878555 2.29474139213562 2.23421931266785 2.13444525003433 1.98006731271744 2.22911882400513 1.98973059654236 2.36120456457138 4.22171187400818 5.29951000213623 4.16575169563293 -9999 -9999 -9999 -9999 -9999 -9999 -9999
0.622777506709099 0.588938757777214 0.524256482720375 0.507287755608559 0.491574883460999 0.509471923112869 0.535645321011543 0.567499101161957 0.586672514677048 0.596590340137482 0.589785531163216 0.615661785006523 0.613788083195686 0.657024443149567 0.690178468823433 0.683066144585609 0.660939037799835 0.630249917507172 0.659507676959038 0.655644536018372 0.666127726435661 0.675403341650963 0.656807363033295 0.670298919081688 0.819255977869034 1.29363214969635 1.48667947947979 1.47750297188759 1.0400698184967 1.35081142187119 1.45935389399529 1.89624032378197 -9999 -9999 -9999 -9999 -9999 -9999 -9999 -9999 -9999 -9999 -9999 -9999 -9999 -9999 -9999 3.65490746498108 3.72902610898018 7.10890308022499 7.99592225253582 3.61262333393097 -9999 -9999 -9999 -9999 -9999 -9999 -9999 -9999 -9999
0.674893006682396 0.638898208737373 0.488120153546333 0.474739193916321 0.526893809437752 0.558262065052986 0.594265446066856 0.59578500688076 0.628512874245644 0.622281521558762 0.594554498791695 0.617238968610764 0.651082634925842 0.678558111190796 0.695963680744171 0.720124393701553 0.721478551626205 0.706734448671341 0.690135329961777 0.628813058137894 0.630527392029762 0.687473371624947 0.710620120167732 0.869432061910629 1.06056225299835 1.5180840075016 -9999 1.31906412541866 1.13784599304199 1.2938945889473 1.29310458898544 1.22160592675209 1.91052138805389 -9999 -9999 -9999 -9999 -9999 -9999 -9999 -9999 -9999 -9999 -9999 -9999 -9999 -9999 -9999 -9999 -9999 -9999 -9999 -9999 -9999 -9999 -9999 -9999 -9999 -9999 -9999 -9999
0.920140117406845 0.625101305544376 0.529062375426292 0.467886865139008 0.49279873073101 0.523512482643127 0.576418563723564 0.602168396115303 0.628493249416351 0.601884037256241 0.558248475193977 0.586554050445557 0.621142476797104 0.667307361960411 0.726795539259911 0.726369827985764 0.704567804932594 0.726259142160416 0.714979380369186 0.665067806839943 0.70265556871891 0.719524696469307 0.750873774290085 0.993255078792572 1.20270457863808 1.25267225503922 1.21633842587471 1.22204759716988 1.27707275748253 1.50254148244858 1.6861252784729 1.68375670909882 1.6188445687294 -9999 -9999 -9999 -9999 -9999 -9999 -9999 -9999 -9999 -9999 -9999 -9999 -9999 -9999 -9999 -9999 -9999 -9999 -9999 -9999 -9999 -9999 -9999 -9999 -9999 -9999 -9999 -9999
0.525069616734982 0.518716335296631 0.594907186925411 0.549512878060341 0.576849371194839 0.560377076268196 0.565604746341705 0.575505003333092 0.574377804994583 0.565615743398666 0.579534351825714 0.620440676808357 0.694821327924728 0.737273007631302 0.735439360141754 0.735381290316582 0.709746927022934 0.781509876251221 0.70429627597332 0.685540750622749 0.720370844006538 0.693203642964363 0.796479821205139 0.932293832302094 1.1354755461216 1.18855145573616 1.16506147384644 1.11887875199318 1.27572396397591 1.56664055585861 1.82597762346268 1.70655316114426 1.65016669034958 -9999 -9999 -9999 -9999 -9999 -9999 -9999 -9999 -9999 -9999 -9999 -9999 -9999 -9999 -9999 -9999 -9999 -9999 -9999 -9999 -9999 -9999 -9999 -9999 -9999 -9999 -9999 -9999
0.453551799058914 0.520981326699257 0.5385522544384 0.605086013674736 0.653412848711014 0.644043579697609 0.604562893509865 0.613303005695343 0.607616722583771 0.661839812994003 0.731130614876747 0.776887625455856 0.800900012254715 0.892565041780472 0.974327445030212 0.912405163049698 0.879427134990692 0.736510366201401 0.681672647595406 0.727768242359161 0.743446245789528 0.729383558034897 0.777089953422546 0.913472861051559 1.16662582755089 1.31994527578354 1.27245765924454 1.16385599970818 1.14633303880692 1.46483919024467 1.40288150310516 1.58128792047501 2.10552245378494 -9999 -9999 -9999 -9999 -9999 -9999 -9999 -9999 -9999 -9999 -9999 -9999 -9999 -9999 -9999 -9999 -9999 -9999 -9999 -9999 -9999 -9999 -9999 -9999 -9999 -9999 -9999 -9999
