EcologicalScience/Bass/data/rs_data_bass/chl_37.asc
NCOLS 226 
NROWS 124 
XLLCORNER -9.41648524995501 
YLLCORNER 47.587301625531 
CELLSIZE 0.0833 
NODATA_value -9999 
[rows 54 to 80 of 124, columns 0 to 61 of 226]
-9999 -9999 -9999 -9999 -9999 -9999 -9999 -9999 -9999 -9999 -9999 -9999 -9999 -9999 -9999 -9999 -9999 -9999 -9999 -9999 -9999 -9999 -9999 -9999 -9999 -9999 -9999 -9999 -9999 -9999 -9999 -9999 -9999 -9999 -9999 -9999 -9999 -9999 4.32966830127268 3.52201116085052 2.89120280742645 2.92487847805023 2.63571524620056 1.6759380698204 1.57291567325592 1.53118193149567 1.43967971205711 2.17586320638657 0.915614062547684 1.11619873344898 1.14283575117588 1.27549803256989 1.49913078546524 1.57024419307709 1.55947655439377 1.93867760896683 2.33816215395927 1.60139767080545 -9999 0.607058599591255 0.62790758907795 -9999
-9999 -9999 -9999 -9999 -9999 -9999 -9999 -9999 -9999 -9999 -9999 -9999 -9999 -9999 -9999 -9999 -9999 -9999 -9999 -9999 -9999 -9999 -9999 -9999 -9999 -9999 -9999 -9999 -9999 -9999 -9999 -9999 -9999 -9999 -9999 -9999 -9999 -9999 -9999 3.32867038249969 3.46174263954163 3.47015833854675 2.92053669691086 2.15565669536591 1.68050175905228 1.44535803794861 1.02338749170303 0.942334514856338 1.4690700173378 1.34899127483368 1.35642904043198 1.37303397059441 1.62119919061661 1.74284023046494 1.72916811704636 2.22309082746506 2.05305870442555 -9999 -9999 -9999 -9999 -9999
-9999 -9999 -9999 -9999 -9999 -9999 -9999 -9999 -9999 -9999 -9999 -9999 -9999 -9999 -9999 -9999 -9999 -9999 -9999 -9999 -9999 -9999 -9999 -9999 -9999 -9999 -9999 -9999 -9999 -9999 -9999 -9999 -9999 -9999 -9999 -9999 -9999 -9999 -9999 -9999 2.69815492630005 2.62788069248199 2.39313519001007 2.07690757513046 1.84214168787003 1.14912948012352 1.18535886704922 1.47267079353333 1.45536902546883 1.505222260952 1.04220713675022 1.56643795967102 1.77998328208923 1.51141494512558 1.56458616256714 1.61072511970997 1.73489248752594 1.89693108201027 2.56596970558167 -9999 -9999 -9999
-9999 -9999 -9999 -9999 -9999 -9999 -9999 -9999 -9999 -9999 -9999 -9999 -9999 -9999 -9999 -9999 -9999 -9999 -9999 -9999 -9999 -9999 -9999 -9999 -9999 -9999 -9999 -9999 -9999 -9999 -9999 -9999 -9999 -9999 -9999 -9999 -9999 -9999 -9999 -9999 2.51466751098633 2.48253893852234 2.27657246589661 2.18090093135834 2.14563292264938 1.4155218154192 1.35399337112904 1.61178749799728 1.53728324174881 1.46198549866676 1.03427548706532 1.02464662492275 1.18621198832989 1.22226713597775 1.51219117641449 1.54439699649811 2.39760231971741 2.59844613075256 2.38341790437698 2.56947979331017 14.6160044874016 -9999
-9999 -9999 -9999 -9999 -9999 -9999 -9999 -9999 -9999 -9999 -9999 -9999 -9999 -9999 -9999 -9999 -9999 -9999 -9999 -9999 -9999 -9999 -9999 -9999 -9999 -9999 -9999 -9999 -9999 -9999 -9999 -9999 -9999 -9999 -9999 -9999 -9999 -9999 -9999 -9999 -9999 2.77366733551025 2.3899821639061 2.28181958198547 1.94195991754532 1.87957191467285 1.74460726976395 1.74866616725922 1.67795920372009 1.61384332180023 1.12298212945461 1.18492050468922 1.44950473308563 1.49748677015305 1.50926095247269 1.48603802919388 1.87815231084824 1.79619419574738 2.02024471759796 2.30539467930794 2.65132722258568 -9999
-9999 -9999 -9999 -9999 -9999 -9999 -9999 -9999 -9999 -9999 -9999 -9999 -9999 -9999 -9999 -9999 -9999 -9999 -9999 -9999 -9999 -9999 -9999 -9999 -9999 -9999 -9999 -9999 -9999 -9999 -9999 -9999 -9999 -9999 -9999 -9999 -9999 -9999 -9999 -9999 -9999 3.21342766284943 2.60427224636078 1.57404357194901 1.94114255905151 1.90524744987488 2.05582129955292 1.65975594520569 1.72509670257568 1.20253689587116 1.11078822612762 1.02860958874226 1.44494998455048 1.61285018920898 1.65222591161728 1.59145420789719 1.76494717597961 2.03327844142914 2.28192800283432 -9999 -9999 -9999
-9999 -9999 -9999 -9999 -9999 -9999 -9999 -9999 -9999 -9999 -9999 -9999 -9999 -9999 -9999 -9999 -9999 -9999 -9999 -9999 -9999 -9999 -9999 -9999 -9999 -9999 -9999 -9999 -9999 -9999 -9999 -9999 -9999 -9999 -9999 -9999 -9999 -9999 -9999 -9999 3.09647405147552 3.30521392822266 3.28524005413055 1.40608580112457 1.34943730831146 1.29446661472321 1.26699560880661 1.22800800204277 1.4400494992733 1.49067378044128 1.00841814279556 1.00453989207745 1.00664623081684 1.14892011880875 1.35595236718655 1.53473925590515 2.31327730417252 -9999 -9999 3.63887840509415 3.42605781555176 4.04723864793777
-9999 -9999 -9999 -9999 -9999 -9999 -9999 -9999 -9999 -9999 -9999 -9999 -9999 -9999 -9999 -9999 -9999 -9999 -9999 -9999 -9999 -9999 -9999 -9999 -9999 -9999 -9999 -9999 -9999 -9999 -9999 -9999 -9999 -9999 -9999 -9999 -9999 -9999 -9999 3.26858174800873 3.19086384773254 3.0589896440506 1.39747558832169 1.3473034620285 1.29119299650192 1.19068405777216 1.59896922111511 1.55781072378159 1.16454300284386 0.990273714065552 1.0098033696413 1.00283065438271 1.05628050863743 1.36246758699417 1.61260239779949 2.43307358026505 1.99009984731674 2.45101171731949 2.86846393346786 2.31285010278225 2.81362760066986 2.85895380377769
-9999 -9999 -9999 -9999 -9999 -9999 -9999 -9999 -9999 -9999 -9999 -9999 -9999 -9999 -9999 -9999 -9999 -9999 -9999 -9999 -9999 -9999 -9999 -9999 -9999 -9999 -9999 -9999 -9999 -9999 -9999 -9999 -9999 -9999 -9999 -9999 -9999 -9999 -9999 3.39825010299683 3.34689688682556 1.3495468378067 1.20278213024139 1.14880201816559 1.03624725341797 1.05089789032936 1.12154506891966 1.06704224646091 1.05886459350586 0.845329865813255 0.872012615203857 1.06745852530003 1.14016538858414 1.17173208296299 1.64029946923256 1.62142051756382 1.78110185265541 1.98474633693695 2.23124170303345 2.25126975774765 2.31904157996178 2.51496443152428
-9999 -9999 -9999 -9999 -9999 -9999 -9999 -9999 -9999 -9999 -9999 -9999 -9999 -9999 -9999 -9999 -9999 -9999 -9999 -9999 -9999 -9999 -9999 -9999 -9999 -9999 -9999 -9999 -9999 -9999 -9999 -9999 -9999 -9999 -9999 -9999 -9999 -9999 2.32784993201494 3.42189359664917 4.36923086643219 1.14705106019974 1.08261139392853 1.0371209859848 0.93906843662262 0.993685245513916 0.924324917793274 0.89455486536026 0.740779489278793 0.866888254880905 0.88195869885385 1.09210574626923 1.15914112329483 1.22388978302479 1.44082389771938 1.4876571893692 1.5781717300415 1.97742113471031 1.956394135952 2.05247175693512 1.76370680332184 2.32987305521965
-9999 -9999 -9999 -9999 -9999 -9999 -9999 -9999 -9999 -9999 -9999 -9999 -9999 -9999 -9999 -9999 -9999 -9999 -9999 -9999 -9999 -9999 -9999 -9999 -9999 -9999 -9999 -9999 -9999 -9999 -9999 -9999 -9999 -9999 -9999 -9999 -9999 -9999 2.08775988221169 1.43369109630585 1.22267707586288 1.17016736268997 1.00031312704086 0.930074173212051 0.903594833612442 0.927216863632202 0.872165828943253 0.847670233249664 0.816157424449921 0.83269952237606 0.875679862499237 0.903191238641739 0.943330898880959 1.07162064313889 1.10066212713718 1.26662027835846 1.41294747591019 1.39028026163578 1.43283677101135 1.53754502534866 1.7535315155983 1.66389861702919
-9999 -9999 -9999 -9999 -9999 -9999 -9999 -9999 -9999 -9999 -9999 -9999 -9999 -9999 -9999 -9999 -9999 -9999 -9999 -9999 -9999 -9999 -9999 -9999 -9999 -9999 -9999 -9999 -9999 -9999 -9999 -9999 -9999 -9999 -9999 -9999 -9999 -9999 1.32025991678238 1.15887211561203 1.11201421022415 1.0415852189064 0.941486072540283 0.923419570922852 0.777305021882057 0.750609278678894 0.71813876926899 0.799100250005722 0.797863125801086 0.808064237236977 0.836024254560471 0.909849733114243 1.0483619093895 1.06869863271713 1.22983610630035 1.1068321287632 1.13505376875401 1.18376362323761 1.28087885677814 1.47275926172733 2.23814690113068 3.01561022177339
-9999 -9999 -9999 -9999 -9999 -9999 -9999 -9999 -9999 -9999 -9999 -9999 -9999 -9999 -9999 -9999 -9999 -9999 -9999 -9999 -9999 -9999 -9999 -9999 -9999 -9999 -9999 -9999 -9999 -9999 -9999 -9999 -9999 -9999 -9999 -9999 -9999 1.57636901140213 1.49287164211273 1.02212543785572 0.977956628799438 0.931746351718903 0.912922775745392 0.781716361641884 0.883633598685265 0.682972744107246 0.691809006035328 0.7498529702425 0.801597744226456 0.790442258119583 0.826006874442101 0.856968015432358 1.13522767424583 1.37205228209496 1.19713045954704 1.20111183822155 1.12218971252441 1.10408771038055 1.42806611657143 1.55217679738998 1.68503960371017 2.4440816283226
-9999 -9999 -9999 -9999 -9999 -9999 -9999 -9999 -9999 -9999 -9999 -9999 -9999 -9999 -9999 -9999 -9999 -9999 -9999 -9999 -9999 -9999 -9999 -9999 -9999 -9999 -9999 -9999 -9999 -9999 -9999 -9999 -9999 -9999 -9999 -9999 3.56867473690133 1.6075165271759 1.39117650985718 0.996889436244965 0.923759514093399 0.873521792888641 0.7722352668643 0.7474514991045 0.714767262339592 0.67162086814642 0.690626241266727 0.699268117547035 0.836321520805359 0.690223127603531 0.880179360508919 0.909920230507851 1.04651383161545 1.09802212119102 1.2468338906765 1.26284942626953 1.36658457517624 1.29309678673744 1.66794482469559 1.84795538187027 1.86467278003693 2.45738805281489
-9999 -9999 -9999 -9999 -9999 -9999 -9999 -9999 -9999 -9999 -9999 -9999 -9999 -9999 -9999 -9999 -9999 -9999 -9999 -9999 -9999 -9999 -9999 -9999 -9999 -9999 -9999 -9999 -9999 -9999 -9999 1.45432769134641 1.33109359939893 -9999 2.10493344068527 -9999 1.96790236693162 1.0014262676239 1.03316502571106 0.983999443054199 1.28218684718013 1.17983149364591 0.623021268844605 0.721669275509684 0.625465005636215 0.673481985926628 0.673986241221428 1.14365395903587 0.858773583173752 1.31861472129822 1.25464046001434 1.31507322192192 1.34775745868683 1.1436393737793 1.33048824667931 1.39546194672585 1.44366316199303 1.53789696469903 1.95152175426483 4.2887134552002 2.94680825660103 2.84855259954929
-9999 -9999 -9999 -9999 -9999 -9999 -9999 -9999 -9999 -9999 -9999 -9999 -9999 -9999 -9999 -9999 -9999 -9999 -9999 -9999 -9999 -9999 0.346259817481041 1.58564698696136 1.48360559940338 0.92898228764534 0.938008457422256 1.60712474584579 1.91872733831406 1.61793297529221 0.840233981609344 0.799650013446808 0.868119746446609 0.866302460432053 0.886171460151672 0.890347480773926 0.809780985116959 0.703152000904083 0.80491361618042 0.850169152021408 0.828991425037384 0.7130450963974 0.709843319654465 0.732810143162222 0.802863878362319 0.841433584690094 0.874285441637039 0.893684196472168 1.42504048347473 1.27744200825691 1.33247324824333 1.28529236316681 1.40216246843338 1.55931684970856 1.38920885324478 1.45676761865616 2.04907667636871 2.14086417083083 2.52318903277902 -9999 -9999 -9999
-9999 -9999 -9999 -9999 -9999 -9999 -9999 -9999 -9999 -9999 -9999 -9999 -9999 -9999 -9999 -9999 -9999 -9999 -9999 -9999 -9999 -9999 1.19114985959283 1.01230975985527 1.01017427444458 1.18349701166153 1.24321576952934 1.31531926989555 1.21593296527863 1.0971742272377 0.836127787828445 0.821160793304443 0.830639988183975 0.848004788160324 0.839528292417526 0.794259041547775 0.71636027097702 0.645926266908646 0.674999982118607 0.767498743534088 0.668270252645016 0.7499795794487 0.671568155288696 0.766752815246582 1.0883574962616 0.869420373439789 0.968838632106781 0.932712996006012 0.937231528759003 1.07109418511391 1.75098592042923 1.56151646375656 1.749382853508 1.89718542496363 2.35465152561665 -9999 -9999 -9999 -9999 -9999 -9999 -9999
-9999 -9999 -9999 -9999 -9999 -9999 -9999 -9999 -9999 -9999 -9999 -9999 -9999 -9999 -9999 -9999 -9999 -9999 -9999 30.4328691874232 2.49163936823606 0.8646360039711 0.935341536998749 0.845836490392685 0.880858540534973 0.944666236639023 0.817032784223557 0.864292502403259 0.88108429312706 0.815431505441666 0.809510976076126 0.848683476448059 0.837680250406265 0.899851530790329 0.870399713516235 0.799472272396088 0.717063769698143 0.690788269042969 0.653258979320526 0.63662776350975 0.623885905742645 0.582899987697601 0.72202473282814 0.631148236989975 0.64082242846489 0.69179048538208 0.835853672027588 1.3289013504982 1.40491050481796 1.3763587474823 1.44938039779663 -9999 -9999 -9999 -9999 -9999 -9999 -9999 -9999 -9999 -9999 -9999
-9999 -9999 -9999 -9999 -9999 -9999 -9999 -9999 -9999 -9999 -9999 -9999 -9999 -9999 -9999 -9999 -9999 2.08160752654076 3.37807955145836 3.65217720866203 1.00076776742935 0.863690257072449 1.46015471220016 0.647972255945206 0.579672753810883 0.541611760854721 0.526132509112358 0.616924479603767 0.746331006288528 0.803315967321396 0.771077245473862 0.837740957736969 0.849277496337891 0.636927908658981 0.883425772190094 0.53785560131073 0.612248584628105 0.592958015203476 0.556976217031479 0.556287848949432 0.37422975897789 0.390460520982742 0.380051985383034 0.669144742190838 0.652052231132984 1.00797712057829 1.04533499479294 1.22772498130798 1.38823614120483 2.15751095612844 1.60544765889645 -9999 -9999 -9999 -9999 -9999 -9999 -9999 -9999 -9999 -9999 -9999
-9999 -9999 -9999 -9999 -9999 -9999 -9999 -9999 -9999 -9999 -9999 -9999 -9999 -9999 1.7112781226635 1.69744485020638 1.12095016241074 1.4356925547123 1.68808978796005 1.926667958498 4.08391801267862 0.511687517166138 0.5404072701931 0.520443767309189 0.506589755415916 0.490158766508102 0.410127729177475 0.438945740461349 0.508044004440308 0.561164259910583 0.644161507487297 0.622180514037609 0.560069270431995 0.526767745614052 0.510754517146519 0.571781992912292 0.587513983249664 0.554628512263298 0.496998444199562 0.290390990674496 0.420551240444183 0.407389506697655 0.420425981283188 0.389915227890015 0.751354493200779 0.757114171981812 0.831807202100754 1.20944586396217 1.38102225959301 1.2201255261898 1.54505675435066 1.69993844032288 -9999 -9999 -9999 -9999 -9999 -9999 -9999 -9999 -9999 -9999
-9999 -9999 -9999 -9999 -9999 -9999 -9999 -9999 -9999 -9999 -9999 3.90010290486472 1.03894095718861 1.26946334838867 2.34379028081894 0.711683258414268 0.85606724023819 0.806671500205994 0.681578233838081 0.379493236541748 0.506601009517908 0.414612740278244 0.322171501815319 0.324570000171661 0.433400988578796 0.452597245573997 0.37458524107933 0.444248244166374 0.401608496904373 0.370736248791218 0.531633764505386 0.514903865754604 0.461150988936424 0.53770724684 0.534003019332886 0.541542753577232 0.57624451816082 0.562420248985291 0.541148751974106 0.509466752409935 0.340839006006718 0.498003736138344 0.580972889065743 0.430223241448402 0.687197107076645 1.14300486445427 1.19272613525391 1.19114626944065 1.44469012320042 1.02875232079933 1.69723800420761 -9999 -9999 -9999 -9999 -9999 2.88457786385403 2.06128298295172 4.78146439013274 7.04038774189742 10.2288034558296 -9999
-9999 -9999 -9999 -9999 -9999 -9999 -9999 -9999 -9999 1.60662704706192 1.5473526004822 0.734908506274223 0.694200903177261 0.743172180652618 0.787217336893082 0.523248016834259 0.482161492109299 0.411039009690285 0.369837753474712 0.376446738839149 0.394094243645668 0.417708769440651 0.443055734038353 0.419172763824463 0.453180000185966 0.541226997971535 0.482718005776405 0.422691732645035 0.51249198615551 0.539672240614891 0.532549753785133 0.515892758965492 0.526991978287697 0.464127749204636 0.526262998580933 0.567596241831779 0.634210512042046 0.54219451546669 0.451819494366646 0.487082988023758 0.744871862232685 0.781946249306202 0.794981628656387 0.74675627052784 0.728468634188175 0.755894559435546 0.835737358778715 0.89027981646359 0.897536454722285 1.03348929286003 1.10882896780968 1.19666405953467 1.23787676095963 2.44057812410242 2.11801183537433 1.90716263651848 1.74634934216738 1.90691846609116 1.6257057711482 2.03270235061645 2.41285806580594 -9999
-9999 -9999 -9999 -9999 -9999 0.620640009641647 0.705039739608765 0.760232985019684 0.764792293310165 0.853922992944717 0.711064517498016 0.546069011092186 0.517595261335373 0.463455006480217 0.412403270602226 0.460615485906601 0.572554484009743 0.585720017552376 0.527894228696823 0.524765253067017 0.569937005639076 0.505313247442245 0.481118246912956 0.595414504408836 0.58754700422287 0.528936758637428 0.480096772313118 0.558480015397072 0.557366497814655 0.462038978934288 0.541771739721298 0.328726507723331 0.36430424451828 0.440884485840797 0.50449575483799 0.589864522218704 0.523411497473717 0.513571500778198 0.506447240710258 0.497494518756866 0.76638375967741 0.710878267884254 1.03344976902008 0.808638721704483 0.737188518047333 0.737063258886337 0.96313051879406 1.1823870241642 0.919732606038451 0.918248051404953 1.44100204110146 1.44241198897362 1.62122404575348 1.57573646306992 0.867722243070602 0.80377122759819 1.72708538174629 1.45666172727942 1.47227830886841 1.55590124130249 3.10245041847229 2.1273375749588
-9999 -9999 -9999 -9999 -9999 0.564627751708031 0.53659799695015 0.538946270942688 0.533104509115219 0.489413246512413 0.519514515995979 0.51732449233532 0.509711265563965 0.521612986922264 0.594371259212494 0.61522950232029 0.617089480161667 0.783137261867523 0.830574005842209 0.781130254268646 0.762794226408005 0.562281757593155 0.712394267320633 0.697457984089851 0.66880801320076 0.674099251627922 0.51189449429512 0.434816256165504 0.526643246412277 0.535793751478195 0.516072750091553 0.535472251474857 0.556143745779991 0.539576254785061 0.452413871884346 0.613253250718117 0.505020372569561 0.443916745483875 0.589025259017944 0.536573231220245 0.526429519057274 0.520843505859375 0.904655277729034 0.768035262823105 0.697312496602535 0.633494630455971 0.96355015039444 0.777094110846519 0.775299400091171 0.798364441841841 1.45245677232742 1.46570777893066 1.5669202208519 1.56035256385803 1.26495008468628 1.35846343210765 1.34373517973082 1.20287927985191 1.15062689781189 1.45504587888718 2.02611672878265 2.06109970808029
-9999 -9999 -9999 -9999 -9999 0.70294426381588 0.752837240695953 0.723400488495827 0.61887601017952 0.640167742967606 0.712080001831055 0.737515479326248 0.741834729909897 0.73461677134037 0.709836736321449 0.747328519821167 0.700024008750916 0.683967366814613 0.724082641303539 0.782398492097855 0.775350719690323 0.772394210100174 0.781827002763748 0.794463783502579 0.80283522605896 0.728900268673897 0.552239254117012 0.488486230373383 0.440510988235474 0.434660241007805 0.560933992266655 0.522097125649452 0.522116258740425 0.480219751596451 0.481372117996216 0.571509763598442 0.607229232788086 0.570415511727333 0.556961238384247 0.542498990893364 0.492152988910675 0.513804003596306 0.560464516282082 0.575388729572296 0.781008772552013 0.798593625426292 0.690449260175228 0.771163120865822 0.699658513069153 0.658379249274731 1.44794172048569 1.46111851930618 1.35905179381371 1.53642491133589 1.68096705277761 1.46076547748902 1.35591334104538 0.89895493217877 1.01419604250363 1.89213681221008 1.95203018188477 2.19407021999359
-9999 -9999 -9999 -9999 -9999 0.661305740475655 0.584181770682335 0.59832376241684 0.612887263298035 0.622469991445541 0.727052271366119 0.707405269145966 1.09912723302841 0.619052991271019 0.617831245064735 0.717864006757736 0.73727023601532 0.67622172832489 0.74653422832489 0.741185992956161 0.727785766124725 0.757676213979721 0.719036981463432 0.782324284315109 0.830144226551056 0.637980759143829 0.645822018384933 0.580754265189171 0.568771496415138 0.598880231380463 0.488773494958878 0.534866228699684 0.558474764227867 0.540959268808365 0.539052754640579 0.571837484836578 0.633182242512703 0.650397732853889 0.654094487428665 0.584979727864265 0.554642245173454 0.530235752463341 0.532190233469009 0.665496021509171 0.659099265933037 0.641172006726265 0.631643995642662 0.763682618737221 0.819088473916054 0.837040655314922 0.956119984388351 1.44372376799583 0.826142013072968 1.03827676177025 1.4205202460289 1.42211495602832 1.50745800733566 1.42747922241688 0.653769761323929 2.39322997080652 2.15695953369141 2.84715002775192
-9999 -9999 -9999 -9999 -9999 0.762413263320923 0.762997218352907 0.759961362709017 0.82004271053216 0.708831757307053 0.761433706125792 0.691525496542454 0.672039002180099 0.50245875120163 0.580523997545242 0.596561998128891 0.791933208703995 0.793465465307236 0.762097477912903 0.810998976230621 0.807869285345078 0.974918529391289 1.00214549899101 0.635721251368523 0.61140350997448 0.630576744675636 0.602421015501022 0.642752230167389 0.618624731898308 0.520196244120598 0.531357005238533 0.549920260906219 0.557324230670929 0.558060005307198 0.592966496944427 0.590271010994911 0.615632995963097 0.653423264622688 0.687839269638062 0.649208977818489 0.532140746712685 0.506601020693779 0.505076229572296 0.550577268004417 0.685956761240959 0.680638521909714 0.663438364863396 0.671498246490955 0.640552505850792 0.71408548951149 0.756572216749191 0.758563488721848 0.794549360871315 1.46952000260353 0.918483227491379 1.35611220697562 1.31061011056105 1.39617774988476 0.724296748638153 0.57065623998642 2.73655647039413 2.96655070781708
