EcologicalScience/Bass/data/rs_data_bass/chl_309.asc
NCOLS 226 
NROWS 124 
XLLCORNER -9.41648524995501 
YLLCORNER 47.587301625531 
CELLSIZE 0.0833 
NODATA_value -9999 
[rows 54 to 80 of 124, columns 0 to 61 of 226]
-9999 -9999 -9999 -9999 -9999 -9999 -9999 -9999 -9999 -9999 -9999 -9999 -9999 -9999 -9999 -9999 -9999 -9999 -9999 -9999 -9999 -9999 -9999 -9999 -9999 -9999 -9999 -9999 -9999 -9999 -9999 -9999 -9999 -9999 -9999 -9999 -9999 -9999 5.14815903636089 3.71445107460022 3.56343367695808 3.30852675437927 3.30132794380188 1.12060609459877 1.01688748598099 0.718139246106148 0.759237706661224 1.5298433303833 1.49481528997421 1.33516502380371 1.14558899402618 1.09610697627068 1.29942145943642 1.38105601072311 1.60044300556183 1.68289053440094 1.960404753685 2.15067672729492 -9999 0.607058599591255 0.62790758907795 2.25736502331236
-9999 -9999 -9999 -9999 -9999 -9999 -9999 -9999 -9999 -9999 -9999 -9999 -9999 -9999 -9999 -9999 -9999 -9999 -9999 -9999 -9999 -9999 -9999 -9999 -9999 -9999 -9999 -9999 -9999 -9999 -9999 -9999 -9999 -9999 -9999 -9999 -9999 -9999 -9999 2.90802872180939 3.3511153459549 2.84959244728088 3.74096155166626 2.5871479511261 1.37591926753521 1.49382427334785 1.16764497756958 2.54032266139984 1.96144133806229 1.47137323021889 1.25046524405479 1.09682849049568 1.19156473875046 1.5548842549324 1.86000233888626 1.45789128541946 2.5803365111351 2.48229089775526 -9999 -9999 -9999 -9999
-9999 -9999 -9999 -9999 -9999 -9999 -9999 -9999 -9999 -9999 -9999 -9999 -9999 -9999 -9999 -9999 -9999 -9999 -9999 -9999 -9999 -9999 -9999 -9999 -9999 -9999 -9999 -9999 -9999 -9999 -9999 -9999 -9999 -9999 -9999 -9999 -9999 -9999 -9999 -9999 2.98695645332336 4.75562131404877 1.67850905656815 1.84960573911667 1.71233206987381 1.43519058823586 1.1474534869194 1.10119950771332 1.21160772442818 1.0760595202446 1.07949078083038 1.04814299941063 1.65568578243256 1.67745816707611 1.93693649768829 2.09401792287827 2.10709941387177 2.13008844852448 2.62395509183407 -9999 -9999 -9999
-9999 -9999 -9999 -9999 -9999 -9999 -9999 -9999 -9999 -9999 -9999 -9999 -9999 -9999 -9999 -9999 -9999 -9999 -9999 -9999 -9999 -9999 -9999 -9999 -9999 -9999 -9999 -9999 -9999 -9999 -9999 -9999 -9999 -9999 -9999 -9999 -9999 -9999 -9999 -9999 2.19766357541084 1.98602029681206 2.04820534586906 1.91281646490097 1.82288324832916 1.69833335280418 1.62769201397896 1.05222979187965 1.55843102931976 1.31339773535728 0.975942760705948 1.0480050444603 1.40647950768471 1.55262976884842 1.61803203821182 1.64601373672485 1.82319456338882 1.9047412276268 2.28100651502609 2.11600416898727 3.59803193807602 -9999
-9999 -9999 -9999 -9999 -9999 -9999 -9999 -9999 -9999 -9999 -9999 -9999 -9999 -9999 -9999 -9999 -9999 -9999 -9999 -9999 -9999 -9999 -9999 -9999 -9999 -9999 -9999 -9999 -9999 -9999 -9999 -9999 -9999 -9999 -9999 -9999 -9999 -9999 -9999 -9999 -9999 2.2398000061512 2.00928819179535 3.05658197402954 2.01713955402374 1.91051691770554 1.70555430650711 1.6339972615242 1.60847175121307 1.43896722793579 1.13740503787994 1.10673370957375 1.21534350514412 1.42488598823547 1.65074694156647 1.59237599372864 2.03449130058289 1.87289106845856 2.43212467432022 2.44881373643875 3.51186833381653 -9999
-9999 -9999 -9999 -9999 -9999 -9999 -9999 -9999 -9999 -9999 -9999 -9999 -9999 -9999 -9999 -9999 -9999 -9999 -9999 -9999 -9999 -9999 -9999 -9999 -9999 -9999 -9999 -9999 -9999 -9999 -9999 -9999 -9999 -9999 -9999 -9999 -9999 -9999 -9999 -9999 -9999 2.28021454811096 2.01424491405487 2.23545455932617 2.25700718164444 1.87096345424652 1.73751676082611 1.66419893503189 1.57531642913818 1.41730427742004 1.18120050430298 1.10090473294258 1.33087277412415 1.46633997559547 1.56933152675629 1.54331856966019 2.07747638225555 2.02106317877769 1.9212307035923 1.472094619816 -9999 -9999
-9999 -9999 -9999 -9999 -9999 -9999 -9999 -9999 -9999 -9999 -9999 -9999 -9999 -9999 -9999 -9999 -9999 -9999 -9999 -9999 -9999 -9999 -9999 -9999 -9999 -9999 -9999 -9999 -9999 -9999 -9999 -9999 -9999 -9999 -9999 -9999 -9999 -9999 -9999 -9999 2.70624750852585 2.57769495248795 2.2242566049099 2.20669054985046 1.7464297413826 1.8659160733223 1.98527848720551 1.92719256877899 1.60633796453476 1.3360807299614 1.96398675441742 1.19745035469532 1.41453221440315 1.47546896338463 1.52221535146236 2.09599462151527 2.07786002755165 -9999 -9999 5.77255160808563 5.12452352046967 4.68265736103058
-9999 -9999 -9999 -9999 -9999 -9999 -9999 -9999 -9999 -9999 -9999 -9999 -9999 -9999 -9999 -9999 -9999 -9999 -9999 -9999 -9999 -9999 -9999 -9999 -9999 -9999 -9999 -9999 -9999 -9999 -9999 -9999 -9999 -9999 -9999 -9999 -9999 -9999 -9999 2.54052042961121 2.29501533508301 2.28044280409813 1.9927766919136 1.73296424746513 1.53910204768181 1.41250276565552 1.56593289971352 1.52552399039268 1.49945902824402 1.34229370951653 1.16683839261532 1.18444687128067 1.23763990402222 1.56134623289108 1.78123918175697 1.83201044797897 2.01394236087799 1.94910389184952 2.42195329070091 3.2679580450058 3.70069181919098 3.17734533548355
-9999 -9999 -9999 -9999 -9999 -9999 -9999 -9999 -9999 -9999 -9999 -9999 -9999 -9999 -9999 -9999 -9999 -9999 -9999 -9999 -9999 -9999 -9999 -9999 -9999 -9999 -9999 -9999 -9999 -9999 -9999 -9999 -9999 -9999 -9999 -9999 -9999 -9999 -9999 2.43889067173004 2.03689277172089 2.05435994267464 1.75614756345749 1.64219623804092 1.38187086582184 1.64567255973816 1.59994804859161 1.40799897909164 1.32948897778988 0.970249503850937 0.965612635016441 0.993333756923676 0.9740130007267 1.20182329416275 1.6075631082058 1.5514968931675 1.66692969202995 1.72039005160332 2.17840799689293 2.06327176094055 1.90863141417503 1.99398225545883
-9999 -9999 -9999 -9999 -9999 -9999 -9999 -9999 -9999 -9999 -9999 -9999 -9999 -9999 -9999 -9999 -9999 -9999 -9999 -9999 -9999 -9999 -9999 -9999 -9999 -9999 -9999 -9999 -9999 -9999 -9999 -9999 -9999 -9999 -9999 -9999 -9999 -9999 2.57340729236603 2.39615458250046 2.06425249576569 1.57704484462738 1.34810587763786 1.31140235066414 1.2922710031271 1.52773654460907 1.4887552857399 1.23267938196659 1.00986072421074 0.954380214214325 0.959163039922714 0.968618988990784 1.05974999070168 1.55854126811028 1.57358774542809 1.62685158848763 1.54404710233212 1.68776133656502 1.96403476595879 1.67491382360458 1.69774121046066 1.99109396338463
-9999 -9999 -9999 -9999 -9999 -9999 -9999 -9999 -9999 -9999 -9999 -9999 -9999 -9999 -9999 -9999 -9999 -9999 -9999 -9999 -9999 -9999 -9999 -9999 -9999 -9999 -9999 -9999 -9999 -9999 -9999 -9999 -9999 -9999 -9999 -9999 -9999 -9999 2.49990785121918 2.14423656463623 1.73428469896317 1.42105346918106 1.31579321622849 1.17758828401566 1.15967878699303 1.26763871312141 0.971601784229279 0.98912850022316 1.04104050993919 1.02121871709824 1.03195577859879 1.08771604299545 1.20713701844215 1.32420748472214 1.32100349664688 1.39169695973396 1.67307150363922 1.74499654769897 1.72506076097488 1.6903665214777 1.76625117659569 1.95253193378448
-9999 -9999 -9999 -9999 -9999 -9999 -9999 -9999 -9999 -9999 -9999 -9999 -9999 -9999 -9999 -9999 -9999 -9999 -9999 -9999 -9999 -9999 -9999 -9999 -9999 -9999 -9999 -9999 -9999 -9999 -9999 -9999 -9999 -9999 -9999 -9999 -9999 2.45516818761826 2.02244567871094 1.52542418241501 1.39560377597809 1.24974322319031 1.10401928424835 1.00563226640224 0.963612377643585 0.952132523059845 0.962197512388229 0.994086742401123 1.00393272936344 1.07038727402687 1.00027352571487 1.12366577982903 1.23215737938881 1.23467248678207 1.3993638753891 1.34447845816612 1.72730469703674 1.69370622932911 1.44867713749409 1.42354725301266 1.5282998085022 1.85866320133209
-9999 -9999 -9999 -9999 -9999 -9999 -9999 -9999 -9999 -9999 -9999 -9999 -9999 -9999 -9999 -9999 -9999 -9999 -9999 -9999 -9999 -9999 -9999 -9999 -9999 -9999 -9999 -9999 -9999 -9999 -9999 -9999 -9999 -9999 -9999 -9999 -9999 2.58681696653366 1.86530548334122 1.29696226119995 1.25375026464462 0.997748985886574 0.914036616683006 0.875060990452766 0.863966971635818 0.876390784978867 0.952908396720886 1.02353176474571 1.09726238250732 1.11351415514946 1.14908248186111 1.29796649515629 1.27056115865707 1.38018599152565 1.35195297002792 1.43552622199059 1.27117574214935 1.16863578557968 1.14254924654961 1.34789621829987 1.73760080337524 2.01719132065773
-9999 -9999 -9999 -9999 -9999 -9999 -9999 -9999 -9999 -9999 -9999 -9999 -9999 -9999 -9999 -9999 -9999 -9999 -9999 -9999 -9999 -9999 -9999 -9999 -9999 -9999 -9999 -9999 -9999 -9999 -9999 -9999 -9999 -9999 -9999 -9999 2.11450320482254 2.28807246685028 1.93043178319931 1.09011188149452 0.992541030049324 0.916158378124237 0.896690994501114 0.966375768184662 0.972479626536369 0.91552796959877 0.945017248392105 0.998068481683731 1.3265774846077 1.34535151720047 1.37138253450394 1.2908426374197 1.29558563232422 1.16741028428078 1.20769053697586 1.58036327362061 1.41203999519348 0.868735492229462 1.29930000007153 1.39863337576389 1.82423776388168 2.09189057350159
-9999 -9999 -9999 -9999 -9999 -9999 -9999 -9999 -9999 -9999 -9999 -9999 -9999 -9999 -9999 -9999 -9999 -9999 -9999 -9999 -9999 -9999 -9999 -9999 -9999 -9999 -9999 -9999 -9999 -9999 -9999 1.85360062122345 1.19583070278168 -9999 2.10493344068527 2.54796521779199 1.52343341708183 1.50866773724556 1.395278647542 1.12282048165798 0.891739502549171 0.877011001110077 0.904361620545387 0.941159605979919 1.18675915896893 1.20327486097813 0.979498475790024 0.798762738704681 0.857036232948303 1.28502675890923 1.28879177570343 1.31629836559296 1.23473927378654 1.18339803814888 1.07816326618195 0.999694526195526 1.28014911711216 1.49765852093697 1.78823778033257 1.68849143385887 2.02681171894073 2.70630344152451
-9999 -9999 -9999 -9999 -9999 -9999 -9999 -9999 -9999 -9999 -9999 -9999 -9999 -9999 -9999 -9999 -9999 -9999 -9999 -9999 -9999 -9999 0.346259817481041 12.7941267490387 17.0162634849548 11.2180166244507 7.38416147232056 12.0622507333755 3.71712267398834 1.11481352895498 0.977567620575428 0.941190361976624 1.04429702460766 1.12323376536369 1.13718603551388 1.2511361092329 1.32701097428799 1.1823682487011 1.04482913017273 0.944525241851807 0.959582269191742 0.917743518948555 0.94166100025177 1.08659438788891 1.25184747576714 1.21189910173416 1.20698216557503 1.34529228508472 0.920103013515472 1.48988968133926 1.51557111740112 1.60695862770081 1.23870599269867 1.22104275226593 1.09840947389603 1.42923675477505 1.64517603814602 2.08696472644806 4.57211393819136 -9999 -9999 -9999
-9999 -9999 -9999 -9999 -9999 -9999 -9999 -9999 -9999 -9999 -9999 -9999 -9999 -9999 -9999 -9999 -9999 -9999 -9999 -9999 -9999 -9999 1.37200538814068 4.94633626937866 4.45668095350266 7.95273941755295 3.72474816441536 3.52021347731352 1.96329675614834 1.31324400007725 1.13198661804199 0.948623612523079 0.912657380104065 0.933593988418579 0.909769892692566 0.905865758657455 0.897824987769127 0.89128951728344 0.911263525485992 0.672542989253998 1.02675260603428 1.08489865064621 1.09765049815178 1.19950988888741 1.40602201223373 1.28231209516525 1.34141063690186 1.43783287703991 1.58241149783134 1.63612568378448 1.67399623990059 1.35844346880913 1.73365840315819 1.87989342212677 1.99723988771439 -9999 -9999 -9999 -9999 -9999 -9999 -9999
-9999 -9999 -9999 -9999 -9999 -9999 -9999 -9999 -9999 -9999 -9999 -9999 -9999 -9999 -9999 -9999 -9999 -9999 -9999 2.18150580387849 2.61503702402115 1.10855650901794 1.01451501250267 0.965067222714424 2.46702608466148 1.00138764828444 1.59009978175163 1.33556364476681 1.39620485901833 1.09787508845329 1.1047143638134 1.03034739196301 0.982868626713753 1.00010964274406 1.03219874203205 1.06666758656502 1.07182949781418 1.03555463254452 0.738117009401321 0.688850998878479 0.689831256866455 0.835033535957336 0.767201989889145 1.12736025452614 1.08596549928188 1.27253624796867 0.965755462646484 1.01165771484375 1.85298040509224 1.79489028453827 1.91807547211647 -9999 -9999 -9999 -9999 -9999 -9999 -9999 -9999 -9999 -9999 -9999
-9999 -9999 -9999 -9999 -9999 -9999 -9999 -9999 -9999 -9999 -9999 -9999 -9999 -9999 -9999 -9999 -9999 2.552938580513 1.33919137716293 1.54659153521061 1.28674350678921 1.02791775763035 0.924551263451576 0.826918110251427 0.750003352761269 0.7961111292243 0.960660003125668 1.11948224902153 1.00052024424076 0.390764236450195 1.04958339035511 0.909959614276886 0.938674539327621 1.09280812740326 1.03643622994423 1.01940152049065 1.05252000689507 0.761019766330719 0.708034515380859 0.816508501768112 1.01059198379517 1.06938529014587 1.12923672795296 1.57821893692017 1.22507773339748 1.48177161812782 1.64846956729889 1.88722014427185 1.98526194691658 1.3346425652504 2.77495961005871 -9999 -9999 -9999 -9999 -9999 -9999 -9999 -9999 -9999 -9999 -9999
-9999 -9999 -9999 -9999 -9999 -9999 -9999 -9999 -9999 -9999 -9999 -9999 -9999 -9999 1.3038734793663 1.705291852355 0.881935514509678 1.03581677377224 1.09261087328196 1.07950387895107 0.797151736915112 0.819352895021439 0.903831750154495 0.417543008923531 0.400803744792938 0.693721510469913 0.681095615029335 0.701235003769398 0.638031765818596 0.758514761924744 0.709330514073372 0.938304036855698 1.16673901677132 1.2078712284565 1.01533797383308 1.13999399542809 1.06597128510475 0.783477008342743 0.898398756980896 1.22670748829842 1.36620828509331 1.34777095913887 1.7051265835762 1.23234450817108 1.38460046052933 1.54151093959808 1.67230425775051 1.81256479024887 1.87276643514633 1.83916541934013 1.71666043996811 2.54610557109118 -9999 -9999 -9999 -9999 -9999 -9999 -9999 -9999 -9999 -9999
-9999 -9999 -9999 -9999 -9999 -9999 -9999 -9999 -9999 -9999 -9999 3.69803169250488 1.70275765657425 1.32396747171879 1.2649739831686 0.674656122922897 0.715087495744228 0.911619007587433 0.866688743233681 0.67494523525238 0.689490497112274 0.497013732790947 0.488188505172729 0.549194991588593 0.514032751321793 0.672673478722572 0.959401488304138 0.970642536878586 1.15995821356773 1.3541287779808 1.51949393749237 1.52704131603241 1.40355902910233 1.42921802401543 1.17077404260635 1.01632797718048 0.932038486003876 1.04293504357338 1.75126200914383 1.77960151433945 1.29736652970314 1.27817550301552 1.9337797164917 2.18593883514404 1.74980020523071 1.35607123374939 1.1994135081768 1.28857424855232 1.45492550730705 1.59357377886772 1.37788444161415 -9999 -9999 -9999 -9999 -9999 7.0671894779039 6.65674002170563 7.57945239543915 10.3398188352585 8.81891040802002 -9999
-9999 -9999 -9999 -9999 -9999 -9999 -9999 -9999 -9999 1.38399824500084 1.04069790882724 1.05959884822369 1.17545583844185 0.883206769824028 0.859065368771553 0.651626251637936 0.637917011976242 0.639367125928402 0.672148860991001 0.648326620459557 0.673369511961937 0.631326019763947 0.687254995107651 0.642528757452965 0.744424492120743 0.981800258159637 1.23330375552177 1.40226450562477 1.72099578380585 1.8400604724884 1.94257807731628 2.02458518743515 1.50511801242828 1.38720971345901 1.29718127846718 1.35861146450043 1.52019596099854 1.76680433750153 1.83215475082397 1.53699374198914 1.32585597038269 1.4499135017395 2.05742543935776 3.06839382648468 2.56141716241837 1.66450953483582 1.64993995428085 1.45089000463486 1.26220500469208 1.76280409097672 1.83638000488281 1.77781051397324 1.75115926265717 7.3454540762408 2.57536233748708 2.44855427742004 3.05208849906921 3.01104176044464 3.79728372395039 3.0033255815506 4.39311897754669 -9999
-9999 -9999 -9999 -9999 -9999 0.948517106473446 0.506839513778687 0.61751326918602 1.06631027162075 0.805161014199257 0.804583869874477 0.738915771245956 0.752777248620987 0.760451249778271 0.446452483534813 0.473832741379738 0.495521262288094 0.573742479085922 0.687213018536568 0.746767491102219 0.832992017269135 0.636987760663033 0.634133979678154 0.601575762033463 0.625746756792068 0.99236923456192 1.29838648438454 1.46603921055794 1.36094096302986 1.67418819665909 1.8801149725914 2.06781148910522 1.78552508354187 2.01444751024246 1.93933492898941 2.1362219452858 2.06794792413712 0.976586222648621 1.01611572504044 1.00288796424866 1.16917124390602 2.66009920835495 3.36729454994202 2.54838448762894 2.05450129508972 1.62993907928467 1.24009653925896 1.17461478710175 1.23623621463776 1.41396600008011 1.67417854070663 1.35656172037125 1.32287621498108 1.88289272785187 1.38457578420639 1.57085394859314 1.59041619300842 2.07230472564697 3.15342593193054 3.53276467323303 1.68365478515625 2.78529441356659
-9999 -9999 -9999 -9999 -9999 0.489659249782562 0.546992987394333 0.677435249090195 1.10307902097702 1.0251382291317 0.635707497596741 0.639676496386528 0.646060109138489 0.539249986410141 0.519411742687225 0.615132763981819 0.621489733457565 0.609550505876541 0.577480494976044 0.587589740753174 0.597405731678009 0.564397484064102 0.587022766470909 0.588366016745567 0.651693731546402 0.712080001831055 0.870879739522934 0.810933709144592 0.980758488178253 1.34685900807381 1.73457670211792 1.86372756958008 2.72898530960083 2.57829594612122 1.59455251693726 1.23171749711037 0.989148706197739 0.949681520462036 1.04787370562553 1.30122077465057 1.2948502600193 1.12012195587158 2.6004045009613 1.578981757164 1.61241602897644 1.33569824695587 1.29623624682426 1.3561575114727 1.95635694265366 2.83574330806732 2.62969797849655 2.20907092094421 1.74907207489014 1.60844027996063 1.59670498967171 1.88488644361496 1.93118244409561 1.98523432016373 1.81806457042694 1.66819041967392 1.54973691701889 2.71440750360489
-9999 -9999 -9999 -9999 -9999 0.830434530973434 0.453998252749443 0.509656503796577 0.426086246967316 0.461739018559456 0.46211251616478 0.632196754217148 0.728018268942833 0.680598735809326 0.625472992658615 0.602348998188972 0.529309496283531 0.490104004740715 0.509983509778976 0.502940252423286 0.523308768868446 0.524753227829933 0.541167765855789 0.590080484747887 0.681530982255936 0.949199259281158 1.06751096248627 0.901036530733109 1.0170105099678 1.33172553777695 1.55447405576706 1.89256507158279 1.3653179705143 1.22962045669556 1.72663503885269 1.18679246306419 1.15705570578575 1.15269300341606 1.3083930015564 1.46774250268936 1.09671825170517 1.27904176712036 1.64741545915604 1.60603201389313 1.56721132993698 1.51176524162292 2.34183079004288 1.04003700613976 1.57508844137192 1.06301102042198 2.8737952709198 2.49042373895645 1.73827278614044 1.64409667253494 1.35293778777122 1.58723026514053 1.5154350399971 0.94574698805809 0.930260986089706 1.05485174059868 1.94012287259102 2.01544010639191
-9999 -9999 -9999 -9999 -9999 0.919588476419449 0.824958711862564 0.694834515452385 0.55894348025322 0.502151995897293 0.507308229804039 0.607609480619431 0.733893021941185 0.809667706489563 0.717555731534958 0.657991513609886 0.589559242129326 0.55571548640728 0.524098500609398 0.491196021437645 0.500519245862961 0.506962493062019 0.551318228244781 0.58731298148632 0.600381016731262 0.703486517071724 0.871647745370865 1.18739998340607 1.47314921021461 1.40814676880836 1.63442176580429 1.74072897434235 1.81837642192841 1.95192003250122 1.92445492744446 1.16632273793221 1.13875052332878 1.10874304175377 1.27374896407127 1.14074546098709 0.927245289087296 0.899972230195999 0.930772483348846 0.967873513698578 1.2118102312088 1.39176151156425 1.6869952082634 1.04094377160072 1.19984024763107 3.06819069385529 2.57549929618835 2.03420698642731 2.87051779031754 2.18366324901581 1.86828070878983 1.03611820936203 0.909027010202408 0.991142213344574 1.14361721277237 1.73379904031754 1.80776703357697 2.17770570516586
-9999 -9999 -9999 -9999 -9999 0.861439526081085 0.700559243559837 0.675776258111 0.557781770825386 0.549841493368149 0.534855768084526 0.543962985277176 0.624629259109497 0.664922252297401 0.731736749410629 0.717451483011246 0.650855988264084 0.632097736001015 0.684686243534088 0.641999244689941 0.530116483569145 0.552677258849144 0.571591481566429 0.592105507850647 0.630566239356995 0.610541984438896 0.708448514342308 0.883463233709335 1.16638049483299 1.10330253839493 1.48887151479721 1.9047959446907 1.6372207403183 1.46743950247765 1.31816554069519 1.31279397010803 1.04579401016235 0.994943976402283 1.05170774459839 1.16037154197693 1.06669726967812 0.9947130382061 1.01386204361916 0.93580573797226 1.01066395640373 0.784621506929398 0.851086467504501 0.836145043373108 0.883544616401196 1.4010337293148 1.79594850540161 1.74347251653671 1.67638117074966 1.71475267410278 1.75232094526291 1.13092347979546 0.848311543464661 1.26425698399544 1.28369548916817 1.6679835319519 2.6871292591095 2.31690752506256
