EcologicalScience/Bass/data/rs_data_bass/chl_256.asc
NCOLS 226 
NROWS 124 
XLLCORNER -9.41648524995501 
YLLCORNER 47.587301625531 
CELLSIZE 0.0833 
NODATA_value -9999 
[rows 81 to 107 of 124, columns 62 to 123 of 226]
3.85158455371857 5.97498106956482 7.6620512008667 7.66205191612244 -9999 -9999 -9999 -9999 -9999 -9999 -9999 -9999 -9999 -9999 -9999 -9999 -9999 -9999 -9999 -9999 -9999 -9999 -9999 -9999 -9999 -9999 -9999 -9999 -9999 -9999 -9999 -9999 -9999 -9999 -9999 -9999 -9999 -9999 -9999 -9999 -9999 -9999 -9999 -9999 -9999 -9999 -9999 -9999 -9999 -9999 -9999 -9999 -9999 -9999 -9999 -9999 -9999 -9999 -9999 -9999 -9999 -9999
3.05175078464943 -9999 -9999 -9999 -9999 -9999 -9999 -9999 -9999 -9999 -9999 -9999 -9999 -9999 -9999 -9999 -9999 -9999 -9999 -9999 -9999 -9999 -9999 -9999 -9999 -9999 -9999 -9999 -9999 -9999 -9999 -9999 -9999 -9999 -9999 -9999 -9999 -9999 -9999 -9999 -9999 -9999 -9999 -9999 -9999 -9999 -9999 -9999 -9999 -9999 -9999 -9999 -9999 -9999 -9999 -9999 -9999 -9999 -9999 -9999 -9999 -9999
-9999 -9999 -9999 -9999 -9999 -9999 -9999 -9999 -9999 -9999 -9999 -9999 -9999 -9999 -9999 -9999 -9999 -9999 -9999 -9999 -9999 -9999 -9999 -9999 -9999 -9999 -9999 -9999 -9999 -9999 -9999 -9999 -9999 -9999 -9999 -9999 -9999 -9999 -9999 -9999 -9999 -9999 -9999 -9999 -9999 -9999 -9999 -9999 -9999 -9999 -9999 -9999 -9999 -9999 -9999 -9999 -9999 -9999 -9999 -9999 -9999 -9999
-9999 -9999 -9999 -9999 -9999 -9999 -9999 -9999 -9999 -9999 -9999 -9999 -9999 -9999 -9999 -9999 -9999 -9999 -9999 -9999 -9999 -9999 -9999 -9999 -9999 -9999 -9999 -9999 -9999 -9999 -9999 -9999 -9999 -9999 -9999 -9999 -9999 -9999 -9999 -9999 -9999 -9999 -9999 -9999 -9999 -9999 -9999 -9999 -9999 -9999 -9999 -9999 -9999 -9999 -9999 -9999 -9999 12.1187808173043 2.13790583610535 1.0155037343502 1.26547273993492 1.3746540248394
-9999 -9999 -9999 -9999 -9999 -9999 -9999 -9999 -9999 -9999 -9999 -9999 -9999 -9999 -9999 -9999 -9999 -9999 -9999 -9999 -9999 -9999 -9999 -9999 -9999 -9999 -9999 -9999 -9999 -9999 -9999 -9999 -9999 -9999 -9999 -9999 37.1749906539917 -9999 2.78138659894466 3.05982175469398 -9999 -9999 2.13394055366516 1.83766838908195 1.88801363110542 2.28539174795151 2.35888651013374 2.08002072572708 2.175208568573 1.78856214880943 2.00234323740005 2.74170298576355 -9999 -9999 -9999 2.61142194271088 2.69903174042702 1.58483844995499 1.15749299526215 0.929643720388412 0.745585486292839 0.77632874250412
-9999 -9999 -9999 -9999 -9999 -9999 -9999 -9999 -9999 -9999 -9999 -9999 -9999 1.4510348926891 2.72066049277782 1.47291913032532 1.45522765517235 1.29723490476608 1.12509450316429 -9999 -9999 -9999 -9999 -9999 -9999 -9999 -9999 -9999 1.56293177604675 1.35505838692188 1.9746025800705 2.24237877130508 -9999 3.66949796676636 -9999 -9999 -9999 -9999 2.40633451938629 2.4341861307621 2.31982576847076 2.4349365234375 1.85908421874046 1.67974086105824 1.5074884146452 1.49857270717621 2.04102301597595 2.0666429400444 1.95427054166794 2.100321829319 1.9097061753273 1.7223681807518 1.83825606107712 2.05566304922104 1.80801379680634 1.62290096282959 1.70369392633438 1.13366621732712 0.804621756076813 0.645230993628502 0.599015235900879 0.630338251590729
-9999 -9999 -9999 -9999 -9999 -9999 -9999 -9999 -9999 -9999 20.2070477149066 2.72588980197906 2.47824865579605 11.1689241528511 2.60249294042587 2.57250076532364 1.59704095125198 1.12606900930405 1.15773358941078 0.958134001493454 3.16470478041713 -9999 1.23128817762647 1.15307911634445 0.969307283560435 -9999 -9999 1.52484292875637 1.1133327126503 1.3653566390276 1.57080146670341 1.36788260936737 1.3904490172863 1.34412601590157 -9999 -9999 3.22241694829902 1.7900864481926 1.91523411870003 2.07593438029289 1.97511863708496 1.94794428348541 1.70140913128853 1.51650935411453 1.51359075307846 1.41460499167442 1.33844849467278 1.32093375921249 1.23642602562904 1.55941504240036 0.781590387225151 1.02401626110077 0.975118517875671 1.21441197395325 1.02128925919533 0.665749490261078 0.694343984127045 0.559405490756035 0.636194229125977 0.578115016222 0.64283175766468 0.669719249010086
-9999 -9999 -9999 -9999 -9999 -9999 -9999 -9999 -9999 2.99627158045769 3.56606615781784 1.41430234909058 1.37614015862346 1.4929833970964 0.968534991145134 0.761751979589462 0.830872237682343 0.899673253297806 0.901888757944107 1.04727977514267 1.06710133552551 1.19726879149675 1.50689774751663 1.4504362642765 1.23361498117447 1.29193273186684 1.35588222742081 1.23006597161293 1.20445275306702 1.29510453343391 1.12596899271011 1.13499672710896 1.22564627230167 1.41141638159752 1.66819649934769 1.79662093520164 1.82698050141335 1.81602787971497 1.85792210698128 1.84312015771866 1.94416987895966 2.03572538495064 1.56453748047352 1.23553235828876 1.00236788392067 0.977722495794296 0.925127238035202 0.893802791833878 0.88712552189827 0.467905886471272 0.65480625629425 0.464286379516125 0.458519987761974 0.464492999017239 0.615022480487823 0.612904518842697 0.601610228419304 0.555368229746819 0.561699002981186 0.579250484704971 0.573825761675835 0.588732004165649
-9999 -9999 -9999 -9999 -9999 -9999 -9999 -9999 -9999 1.45469967126846 1.14048390984535 0.709415629506111 0.588114023208618 0.538035005331039 0.544486999511719 0.640832275152206 0.829401016235351 1.20514833927155 1.1832000464201 1.00901591777802 1.00611001253128 1.0434427857399 1.10902950167656 1.1284342110157 1.13777402043343 1.1641957461834 1.19941574335098 1.40785270929337 1.57322841882706 1.57845371961594 1.56614023447037 1.53894674777985 1.06940250098705 1.47322350740433 1.20170550048351 1.59412801265717 1.72223782539368 1.60519802570343 1.75334921479225 1.76431229710579 1.60890448093414 1.45121629536152 0.916560351848602 0.706497743725777 0.625776752829552 1.04219475388527 1.09782671928406 0.482812128961086 0.8110012114048 0.467967756092548 0.472846113145351 0.481158390641212 0.497162640094757 0.526839762926102 0.521091006696224 0.525963753461838 0.546819001436234 0.555343508720398 0.607929021120071 0.660927727818489 0.60766875743866 0.608228266239166
-9999 -9999 -9999 -9999 -9999 -9999 -9999 -9999 1.65306087403462 0.88009843826294 1.12521377205849 1.03019472956657 1.04490298032761 1.02849447727203 1.11435601115227 1.19387474656105 1.18008933216333 1.50641888380051 1.37949523329735 1.22971200942993 1.06915202736855 1.05737552046776 1.07728949189186 1.10468325018883 1.17976802587509 1.07567998766899 1.09749975800514 1.20753899216652 1.2783944606781 1.32826352119446 1.3595857322216 1.54801493883133 1.61662495136261 1.59690821170807 1.53360593318939 1.45432502031326 1.56289350986481 1.62031191587448 1.56298792362213 1.43921399116516 1.07199901342392 0.998910784721375 1.08014103770256 1.05556645989418 1.04947051405907 1.08417749404907 0.554028756916523 0.540439121425152 0.5501868724823 0.555293999612331 0.572686873376369 0.614758864045143 0.592966496944427 0.599630981683731 0.576306760311127 0.669834762811661 0.544946238398552 0.582371234893799 0.60173325240612 0.650590874254704 0.495519742369652 0.503793016076088
5.73924672603607 8.84423518180847 22.3132910728455 4.24291384220123 -9999 -9999 -9999 2.72031054273248 2.27229820936918 1.84192907810211 1.18102195858955 1.12175104022026 0.817052990198135 0.886491715908051 0.969045728445053 1.07456177473068 1.31056952476501 1.57382547855377 1.67272120714188 1.56158995628357 1.48132878541946 1.44359403848648 1.40092420578003 1.34842273592949 1.29019877314568 1.16635125875473 1.04009395837784 1.01687702536583 1.05880951881409 1.05046427249908 1.02935028076172 0.975997477769852 0.958812743425369 0.953846275806427 0.99436953663826 1.05850571393967 1.05091425776482 1.07371723651886 1.04842498898506 1.02421420812607 1.03858950734138 1.0804477930069 1.07041123509407 1.05764329433441 0.616088256239891 0.647503472864628 0.611314125359058 0.609580881893635 0.606031872332096 0.775382593274117 0.779246225953102 0.775402508676052 0.792400114238262 0.755186229944229 0.781931966543198 0.816093027591705 0.830931723117828 0.808752357959747 0.821279615163803 0.806198984384537 0.665959507226944 0.492016509175301
5.10692167282104 8.06829071044922 1.04862973093987 3.36073637008667 1.70981174707413 1.92481845617294 1.41820353269577 1.0480837225914 0.97971448302269 0.922311007976532 1.04719421267509 1.05889347195625 0.972513020038605 1.12766173481941 1.70792323350906 1.88034600019455 1.90228128433228 1.73853600025177 1.63255870342255 1.55105102062225 1.5092339515686 1.4298007786274 1.37627398967743 1.34385073184967 1.19421601295471 1.14715048670769 1.20449396967888 1.2216502726078 1.19205003976822 1.14166796207428 1.08629474043846 1.04245349764824 1.02804154157639 1.02996298670769 1.01564249396324 0.998492985963821 0.99287474155426 1.01731199026108 1.01518499851227 1.01541450619698 1.01717323064804 1.05904653668404 0.832066118717194 0.820380717515945 0.717673502862453 0.740303255617619 0.786876752972603 0.875923544168472 0.840688526630402 0.81572699546814 1.21208028495312 1.26448801159859 1.25686655938625 1.0051057934761 1.07030698657036 1.04983797669411 0.975045740604401 0.955043256282806 0.92839689552784 0.893524467945099 0.432468742132187 1.29000154137611
1.15854004025459 0.600576013326645 0.82139253616333 2.42934894561768 2.42841231822968 1.69380158185959 1.32299020886421 1.07303103804588 0.86860129237175 0.95925298333168 1.01402476429939 1.05912896990776 1.15251749753952 1.37103974819183 1.86455547809601 1.86656391620636 1.85735249519348 1.82841378450394 1.68538945913315 1.45901477336884 1.32555520534515 1.21405497193336 1.25143575668335 1.28248429298401 1.32023996114731 1.37533271312714 1.42106401920319 1.31416645646095 1.14339825510979 1.09932070970535 1.07395729422569 1.06620821356773 1.07509651780128 1.06693196296692 1.05612373352051 1.02802348136902 1.02166950702667 1.05267146229744 1.05919647216797 1.06233903765678 1.08361423015594 0.862891137599945 0.872441634535789 0.878870621323586 0.87296549230814 0.934747114777565 0.849005252122879 0.839871793985367 0.823401778936386 1.25712038576603 1.22050984203815 1.21710750460625 1.2443910241127 1.16202825307846 1.09960198402405 1.03196024894714 1.14598953723907 1.12281413376331 1.16259562969208 1.20708109438419 1.61835560202599 1.90541853010654
1.87756580114365 1.05747073888779 1.47984373569489 2.92580330371857 4.75028693675995 5.41215455532074 5.86558055877686 2.61663007736206 3.61631941795349 2.33019751310349 2.11124020814896 1.70505219697952 2.1323316693306 1.89474982023239 2.02195805311203 1.69111722707748 1.4786339700222 1.55153256654739 1.61754673719406 1.54058629274368 1.46805220842361 1.32002028822899 1.24433925747871 1.18366652727127 1.156230032444 1.09052628278732 1.07340297102928 1.05735379457474 1.0504612326622 1.05471977591515 1.05476027727127 1.04543852806091 1.02430728077888 1.0108807682991 0.992825210094452 1.0365637242794 1.04949304461479 1.04155799746513 1.04230347275734 1.05847424268723 1.05769577622414 0.807189390063286 0.862997263669968 0.854552999138832 0.849771738052368 0.886419743299484 0.872700780630112 0.850143760442734 1.13217978179455 1.08917739987373 1.10300324857235 1.25175520777702 1.31792101264 1.33611452579498 1.29086253046989 1.2319815158844 1.26056402921677 1.48009720444679 1.45006236433983 1.59296022355556 2.36628301441669 2.72201170027256
1.50553947687149 3.63475656509399 4.65267384052277 8.2047336101532 14.1083378791809 19.9840950965881 22.2649712562561 23.4790034294128 34.2797927856445 23.9585037231445 12.7854695320129 6.96734976768494 5.42848813533783 3.888223528862 2.3822677731514 1.60067921876907 1.15908300876617 1.17571797966957 1.29532501101494 1.40898978710175 1.48500975966454 1.53692096471786 1.5115739107132 1.4401807487011 1.3025287091732 1.0796617269516 1.04982072114944 1.04298448562622 1.08037725090981 1.08679354190826 1.10409450531006 1.10135471820831 1.03543728590012 1.0055790245533 1.00044447183609 1.06233528256416 1.12284001708031 1.1326544880867 1.11628496646881 1.06962749361992 0.963726371526718 0.996886476874352 1.02111375331879 0.954944238066673 1.0194000005722 1.04229149222374 0.896247714757919 1.08761662244797 1.08594936132431 0.94635745882988 1.01998052000999 1.08466351032257 1.14043200016022 1.30765798687935 1.33783426880836 1.33437073230743 2.69795595109463 3.07220327854156 2.49334162473679 2.25278136134148 2.20901137590408 2.30358830094337
10.012419462204 13.0010046958923 14.0633454322815 15.3790740966797 13.9494066238403 20.0016174316406 25.1841716766357 27.6741600036621 33.7970638275146 34.1432390213013 20.8768286705017 19.319233417511 7.96462082862854 2.9100449681282 2.71002441644669 2.56715172529221 1.06694322824478 1.08555454015732 1.16573622822762 1.16839948296547 1.16807922720909 1.16975775361061 1.12227979302406 1.08209699392319 1.03981277346611 1.02106645703316 1.00395378470421 1.0248142182827 1.11488628387451 1.18544626235962 1.20578920841217 1.19571599364281 1.08879375457764 1.03339728713036 1.02510371804237 1.12218752503395 1.19235670566559 1.28025975823402 1.36594051122665 1.37330549955368 1.29388350248337 1.22878351807594 1.13862079381943 1.09568247199059 1.08162072300911 1.08206704258919 1.04202228784561 1.0025714635849 1.00671824812889 0.987347960472107 1.04660779237747 1.08433198928833 1.16244900226593 4.44646641612053 3.65404424071312 3.32790791988373 4.66137912869453 2.36379531025887 2.12403711676598 2.0377661883831 2.38180460035801 2.62322707866368
1.91851419210434 5.73492515087128 5.83096182346344 7.64237880706787 5.82332611083984 11.6282107830048 13.2265620231628 16.8411312103271 19.4277834892273 10.360050201416 8.74150371551514 8.47548651695251 13.3014893531799 9.19845843315125 6.03722977638245 8.08732795715332 1.2017115354538 1.08695921301842 0.940451234579086 0.963151484727859 1.02315303683281 1.04864698648453 1.13442376255989 1.11047020554543 1.09125977754593 1.07360172271729 1.19101426005363 1.22817376255989 1.31603702902794 1.22138848900795 1.21364253759384 1.16381549835205 1.11058428883553 1.22527948021889 1.354476749897 1.40260577201843 1.4053972363472 1.39829170703888 1.43604075908661 1.43402847647667 1.4057759642601 1.29554173350334 1.30619323253632 1.16216772794724 1.12659528851509 1.15530976653099 1.11418721079826 1.04198250174522 1.16260725259781 1.47010946273804 1.4181059896946 1.44688045978546 1.60061180591583 4.5054022371769 2.03749725222588 19.8101317882538 2.33706520900239 -9999 -9999 -9999 -9999 -9999
1.16637977957726 1.68713092803955 2.76603448390961 3.64082336425781 4.12692582607269 8.40101909637451 12.6713933944702 24.7306308746338 16.5447993278503 11.3384592533112 9.36710786819458 10.6770458221436 7.187424659729 4.28582918643951 3.75868785381317 1.97723025083542 0.959915220737457 0.905892044305801 0.939154475927353 1.07502526044846 1.05759751796722 1.13784000277519 1.19763752818108 1.17246222496033 1.33683300018311 1.402353733778 1.35929328203201 1.5457483291626 1.3960072696209 1.18336129188538 1.48893398046494 1.03278002142906 1.52030181884766 1.94882994890213 2.15003174543381 2.09280002117157 1.99980157613754 2.0179837346077 1.78355097770691 1.47421503067017 1.31831699609756 1.21703696250916 1.25384321808815 1.19255474209785 1.21044221520424 1.23898127675056 1.18656527996063 1.17189449071884 1.35589724779129 2.12506055831909 2.23245602846146 1.9517542719841 7.04551407694817 18.8430020362139 1.71658394717779 -9999 -9999 -9999 -9999 -9999 -9999 -9999
1.10289824008942 1.20098251104355 1.49202901124954 1.72776156663895 1.86413705348969 4.27418553829193 6.23014140129089 9.14803791046143 8.91469144821167 7.51969456672668 4.70242810249329 2.53400480747223 2.59728080034256 2.59410899877548 1.70643746852875 1.2469477057457 0.915645003318787 0.891578257083893 0.968591272830963 1.16669699549675 1.14952647686005 1.37545573711395 1.35123521089554 1.40878799557686 1.37136447429657 1.39291504025459 1.73702251911163 1.1076534986496 2.03878745064139 -9999 -9999 -9999 -9999 -9999 -9999 3.14426672458649 1.59675721611295 1.72411801815033 1.81506036221981 1.28226149082184 1.28349074721336 1.20289653539658 1.17318525910378 1.10660621523857 1.17949578166008 1.3367714881897 1.58409154415131 1.60721093416214 1.55677807331085 2.75833958387375 2.99865227937698 10.6769423782825 8.21042302250862 1.9762424826622 1.97624230384827 -9999 -9999 -9999 -9999 -9999 -9999 -9999
0.961690485477448 0.939014285802841 1.11013197898865 1.35513746738434 1.58522701263428 1.69742327928543 4.4429976940155 5.12380957603455 3.4566832780838 2.9073075056076 1.4152304828167 0.926265746355057 0.794559001922607 0.872385710477829 0.955410718917847 0.875817775726318 0.816537737846375 0.838011771440506 0.992080539464951 1.26453450322151 1.15027803182602 1.219302713871 1.70949894189835 1.71173018217087 1.69837725162506 1.60565704107285 1.78771358728409 1.2790265083313 2.12970478534699 -9999 -9999 -9999 -9999 -9999 -9999 -9999 3.54479920864105 3.01520097255707 1.93568176031113 1.25204104185104 1.27848672866821 1.28891551494598 1.27358999848366 1.11744895577431 1.10175973176956 1.22776052355766 2.48715448379517 2.29362380504608 2.2743074297905 2.77465581893921 3.51748037338257 4.96103775501251 -9999 -9999 -9999 -9999 -9999 -9999 -9999 -9999 -9999 -9999
0.790535241365433 0.751288488507271 0.987071245908737 1.11503550410271 1.23382276296616 1.18898177146912 1.5680730342865 2.0770702958107 1.89927524328232 1.107307523489 0.780869990587234 0.630690738558769 0.643518000841141 0.672742500901222 0.7279252409935 0.763971716165543 0.960968255996704 1.04645249247551 1.34641125798225 1.3182408761005 0.863596287223843 1.1274665594101 1.09843107685447 1.19217073917389 1.52563941478729 1.77790278196335 2.54896116256714 2.27435249090195 1.53199076652527 -9999 -9999 -9999 -9999 -9999 -9999 -9999 4.96177678108215 17.944303393364 3.97537314891815 1.78057873249054 1.64804846048355 1.60875302553177 1.67282921075821 1.82604146003723 1.68366533517838 1.63320744037628 1.74868583679199 3.05830514431 5.25554859638214 8.09467363357544 8.2960946559906 4.38314688205719 3.50842487812042 -9999 -9999 -9999 -9999 -9999 -9999 -9999 -9999 -9999
0.745481997728348 0.737426251173019 0.875729262828827 0.937367230653763 0.898486465215683 0.900902956724167 1.07044422626495 0.997858464717865 0.896422505378723 0.869557499885559 0.557276263833046 0.514140754938126 0.523810520768166 0.587748751044273 0.639714762568474 0.749475002288818 1.00333571434021 0.988937973976135 1.0296705365181 1.21138653159142 1.14421802759171 1.00012502074242 0.949774503707886 1.35068473219872 1.58101791143417 1.58721381425858 1.67976003885269 2.03740274906158 2.10361433029175 1.92853837353843 -9999 -9999 -9999 -9999 -9999 -9999 -9999 2.91955748070841 4.18160176277161 1.76780163951036 12.57374766469 2.75485199689865 2.38264954090118 2.68622696399689 2.95280241966248 2.86557072401047 2.59455674886703 2.72361373901367 6.05368208885193 6.26625180244446 6.58993220329285 3.61816942691803 4.12170877027358 -9999 -9999 -9999 -9999 -9999 -9999 -9999 -9999 -9999
0.58270052075386 0.584997743368149 0.623199015855789 0.94812074303627 0.909735023975372 0.931355237960815 0.930761218070984 0.779037773609161 0.687258750200272 0.553749740123749 0.526281729340553 0.531680256128311 0.541613236069679 0.622368738055229 0.70626001060009 0.882842212915421 1.0137742459774 0.952899724245071 0.910260021686554 0.885056287050247 0.813115507364273 0.845589727163315 0.995333254337311 1.54368370771408 1.84696358442307 1.70735996961594 1.71361416578293 2.19567829370499 1.62107066810131 1.69485560059547 -9999 -9999 -9999 -9999 -9999 -9999 -9999 -9999 -9999 -9999 -9999 -9999 -9999 -9999 -9999 -9999 3.65490746498108 12.7358243465424 8.96977615356445 8.14023057980971 -9999 -9999 -9999 -9999 -9999 -9999 -9999 -9999 -9999 -9999 -9999 -9999
0.468062996864319 0.565847262740135 0.658079266548157 0.889424979686737 0.829673230648041 0.75978747010231 0.744669020175934 0.631665766239166 0.601304233074188 0.61157400906086 0.649380728602409 0.634325981140137 0.632241010665894 0.701578482985497 0.742347747087479 0.865278750658035 0.812907725572586 0.777027010917664 0.74854950606823 0.754006505012512 0.826210498809814 0.948003709316254 1.21995976567268 0.965065294504166 -9999 -9999 -9999 1.54181849956512 1.60418021678925 1.80988723039627 1.74958198836872 -9999 -9999 -9999 -9999 -9999 -9999 -9999 -9999 -9999 -9999 -9999 -9999 -9999 -9999 -9999 -9999 -9999 -9999 -9999 -9999 -9999 -9999 -9999 -9999 -9999 -9999 -9999 -9999 -9999 -9999 -9999
0.831668257713318 0.774089992046356 0.785235732793808 0.80912321805954 0.720242232084274 0.750738769769669 0.809996277093887 0.634288519620895 0.632462248206139 0.62252850830555 0.637163981795311 0.675939738750458 0.745466262102127 0.781426459550858 0.900701969861984 0.87586122751236 0.850103259086609 0.846903026103973 0.827393978834152 0.837567776441574 0.916359007358551 1.01596274971962 1.17136949300766 1.46132996678352 1.59333443641663 1.57569980621338 1.57808929681778 1.41289874911308 1.66497606039047 1.75312203168869 1.94886526465416 2.17441875872941 -9999 -9999 -9999 -9999 -9999 -9999 -9999 -9999 -9999 -9999 -9999 -9999 -9999 -9999 -9999 -9999 -9999 -9999 -9999 -9999 -9999 -9999 -9999 -9999 -9999 -9999 -9999 -9999 -9999 -9999
0.821213275194168 0.723226502537727 0.71375472843647 0.768703490495682 0.677693232893944 0.695539489388466 0.704440489411354 0.715523242950439 0.691076248884201 0.693461269140244 0.719821482896805 0.826952219009399 0.871977031230927 0.929584532976151 0.961924463510513 0.986799001693726 1.00129052996635 0.858350962400436 0.870024025440216 0.91703850030899 0.964698761701584 1.0166617333889 1.12418022751808 1.30848374962807 1.42159277200699 1.40956798195839 1.45266446471214 1.69316107034683 1.82462847232819 1.99302077293396 2.12171173095703 2.0076220035553 -9999 -9999 -9999 -9999 -9999 -9999 -9999 -9999 -9999 -9999 -9999 -9999 -9999 -9999 -9999 -9999 -9999 -9999 -9999 -9999 -9999 -9999 -9999 -9999 -9999 -9999 -9999 -9999 -9999 -9999
0.72198374569416 0.661856979131699 0.628614753484726 0.664776742458344 0.693041995167732 0.731758520007133 0.793853223323822 0.845829784870148 0.859937220811844 0.872172027826309 0.945204734802246 1.14912074804306 1.40089800953865 1.43773046135902 1.48219871520996 1.34603253006935 1.28407046198845 1.02831450104713 0.926951229572296 0.960817515850067 0.983867973089218 1.07563197612762 1.25181975960732 1.31612554192543 1.58486706018448 1.50755703449249 1.26953628659248 1.6427738070488 1.85247677564621 2.03346294164658 2.51795625686646 -9999 -9999 -9999 -9999 -9999 -9999 -9999 -9999 -9999 -9999 -9999 -9999 -9999 -9999 -9999 -9999 -9999 -9999 -9999 -9999 -9999 -9999 -9999 -9999 -9999 -9999 -9999 -9999 -9999 -9999 -9999
