EcologicalScience/Bass/data/rs_data_bass/chl_510.asc
NCOLS 226 
NROWS 124 
XLLCORNER -9.41648524995501 
YLLCORNER 47.587301625531 
CELLSIZE 0.0833 
NODATA_value -9999 
[rows 81 to 107 of 124, columns 62 to 123 of 226]
3.85158455371857 5.97498106956482 7.6620512008667 7.66205191612244 -9999 -9999 -9999 -9999 -9999 -9999 -9999 -9999 -9999 -9999 -9999 -9999 -9999 -9999 -9999 -9999 -9999 -9999 -9999 -9999 -9999 -9999 -9999 -9999 -9999 -9999 -9999 -9999 -9999 -9999 -9999 -9999 -9999 -9999 -9999 -9999 -9999 -9999 -9999 -9999 -9999 -9999 -9999 -9999 -9999 -9999 -9999 -9999 -9999 -9999 -9999 -9999 -9999 -9999 -9999 -9999 -9999 -9999
2.64942965300187 -9999 -9999 -9999 -9999 -9999 -9999 -9999 -9999 -9999 -9999 -9999 -9999 -9999 -9999 -9999 -9999 -9999 -9999 -9999 -9999 -9999 -9999 -9999 -9999 -9999 -9999 -9999 -9999 -9999 -9999 -9999 -9999 -9999 -9999 -9999 -9999 -9999 -9999 -9999 -9999 -9999 -9999 -9999 -9999 -9999 -9999 -9999 -9999 -9999 -9999 -9999 -9999 -9999 -9999 -9999 -9999 -9999 -9999 -9999 -9999 -9999
-9999 -9999 -9999 -9999 -9999 -9999 -9999 -9999 -9999 -9999 -9999 -9999 -9999 -9999 -9999 -9999 -9999 -9999 -9999 -9999 -9999 -9999 -9999 -9999 -9999 -9999 -9999 -9999 -9999 -9999 -9999 -9999 -9999 -9999 -9999 -9999 -9999 -9999 -9999 -9999 -9999 -9999 -9999 -9999 -9999 -9999 -9999 -9999 -9999 -9999 -9999 -9999 -9999 -9999 -9999 -9999 -9999 -9999 -9999 -9999 -9999 -9999
-9999 -9999 -9999 -9999 -9999 -9999 -9999 -9999 -9999 -9999 -9999 -9999 -9999 -9999 -9999 -9999 -9999 -9999 -9999 -9999 -9999 -9999 -9999 -9999 -9999 -9999 -9999 -9999 -9999 -9999 -9999 -9999 -9999 -9999 -9999 -9999 -9999 -9999 -9999 -9999 -9999 -9999 -9999 -9999 -9999 -9999 -9999 -9999 -9999 -9999 -9999 -9999 -9999 -9999 -9999 -9999 -9999 4.26013653442777 2.8875601199957 2.71139139395494 2.56339985132217 2.26885248082025
-9999 -9999 -9999 -9999 -9999 -9999 -9999 -9999 -9999 -9999 -9999 -9999 -9999 -9999 -9999 -9999 -9999 -9999 -9999 -9999 -9999 -9999 -9999 -9999 -9999 -9999 -9999 -9999 -9999 -9999 -9999 -9999 -9999 -9999 -9999 -9999 37.1749906539917 5.17665202915668 4.64460204044978 4.23150036732356 -9999 -9999 5.21299665314811 3.10596632957458 3.39002990722656 3.31726011904803 3.1170591711998 4.29194005511024 4.28837396881797 2.90258520841599 2.88793689012527 2.40715716566358 -9999 -9999 4.16132967812674 3.71333819169265 2.89796659579644 2.41852824046062 2.15160588576243 1.9491257759241 1.78175563471658 1.49894203458514
-9999 -9999 -9999 -9999 -9999 -9999 -9999 -9999 -9999 -9999 -9999 -9999 -9999 1.42940000295639 1.66271706564086 1.48056332128389 1.49950925154345 1.49345923215151 1.12509450316429 -9999 -9999 -9999 -9999 -9999 -9999 -9999 -9999 -9999 8.47865080833435 3.45765995979309 2.02070742845535 2.27496081590652 2.34024345874786 3.66949796676636 -9999 -9999 -9999 4.50862218783452 3.88312894105911 3.69696853377602 3.67491019313986 3.45548512041569 3.02744862437248 2.75807498395443 2.77415527403355 2.96713520180095 3.17540928450498 2.88540034402501 2.60101786526767 2.32940681164081 2.60171964764595 2.6429159194231 2.86662541329861 3.04158639907837 2.75804257392883 2.35428113490343 2.02995320409536 1.87256151437759 1.60180125066212 1.40176419700895 1.25089439749718 1.21384196622031
-9999 -9999 -9999 -9999 -9999 -9999 -9999 -9999 -9999 -9999 1.88326029692377 1.6218633800745 1.58076873421669 1.45686158537865 1.36726105851786 1.28992953683649 1.38081480349813 1.42325387043612 1.6466468593904 1.68252784226622 1.49553910525222 2.11017648875713 2.32283644676208 2.35687928199768 2.42650559701418 2.28496647732598 -9999 1.77618408203125 3.12533302605152 3.1359815459985 3.02990801632404 3.08726655061428 3.41778476880147 3.44000997910133 3.67177774224962 -9999 3.1018744499787 3.85502394221046 3.67539924925024 3.32519319924441 3.08566162802956 2.92890281568874 2.69120437990535 2.56905630501834 2.5784757733345 2.84499364549463 2.90920816768299 1.96470898389816 1.7809504041305 1.70278665194145 1.72530326992273 1.99105405062437 2.33023773133755 2.70105218142271 2.5924459323287 2.31650067865849 2.0048610791564 1.912244617939 1.01021510788373 0.910736956766674 0.949240424803325 0.971968071801322
-9999 -9999 -9999 -9999 -9999 -9999 -9999 -9999 1.82351758388373 1.92745334655046 1.77461875230074 1.49543572962284 1.40980160981417 1.47506976766246 1.53428294190339 1.71817112394742 1.92855016887188 2.01650599070958 1.98956161737442 1.94264945158592 1.96329450378051 2.17629084678797 2.4138927092919 2.579968303442 2.6392804980278 2.69100812077522 2.83850695995184 2.85987241910054 2.87447254359722 2.94207163040455 2.93565260905486 2.94875821241966 3.18608016234178 3.45713490706224 3.69539403456908 3.59909892082214 3.59132713079453 3.5520424246788 3.32112300395966 3.05731939185749 2.67945189909502 2.51229242303155 2.40299835530194 2.34278131615032 2.17870236933231 1.86692177165638 1.30552332103252 1.05687191165411 1.010172358581 0.756970601422446 0.644686278242331 0.684908282298308 0.683619202329562 0.820874065160751 0.743236503922022 0.748625275034171 0.765627038020354 0.827738604375294 0.799499158348356 0.792998837573188 0.842895997422082 0.896492332220078
-9999 -9999 -9999 -9999 -9999 -9999 -9999 -9999 -9999 2.17786204069853 1.45789411850274 1.46039339048522 1.47195133939385 1.55516487147127 1.6645377682788 1.74823327788285 1.74917876933302 1.77811388458524 1.89892573952675 1.99973189372283 2.08260641648219 2.17368054848451 2.2727555174094 2.37665298810372 1.79494392871857 1.79494392871857 2.61171526633776 2.65437721747618 2.69992038378349 2.67814007630715 2.6217295894256 2.58261052003274 2.64623657556681 3.07750212687712 3.43779715895653 3.7750768661499 3.25898686051369 3.21875506639481 3.1763454079628 2.75610845739191 2.61055258187381 2.56272944537076 2.23309671878815 2.0394741743803 1.85385302454233 1.30447608920244 1.33857757278851 0.654321581125259 0.591083661868022 0.65082188638357 0.728060871362686 0.737284681626729 0.724141538143158 0.740594246557781 0.746096734489713 0.736678246940885 0.765398383140564 0.758491158485413 0.739854735987527 0.782453783920833 0.903791900191988 0.958131909370422
-9999 -9999 -9999 -9999 -9999 -9999 -9999 -9999 -9999 1.66883046351946 0.448049068450928 0.448049068450928 1.41402873184 1.29774762051446 1.35800802893937 1.42441987778459 1.52724566842828 1.55766215494701 1.63937527629045 1.75427395793108 1.93814221253762 1.97994195039456 2.01910496675051 1.93688327819109 1.7714359164238 1.83980398453199 1.11749446392059 1.11749437451363 1.94512665730256 1.95371753894366 1.9403741818208 2.06508830418954 2.37218401523737 2.70739542520963 2.86865204572678 2.99308317048209 3.01306200027466 2.92074599862099 2.71692663431168 2.7215359210968 2.46660570800304 1.86366424709558 1.59255362474001 1.4565769508481 1.32197923064232 1.58746852439183 1.62560582275574 0.711718848773411 0.7143506194864 0.691239199468068 0.619212431403307 0.639038753051024 0.718509563377925 0.741475326674325 0.742263334138053 0.726917088031769 0.70247186933245 0.694446061338697 0.729418311800275 0.823002308607101 0.881284488098962 0.878363038812365
1.04018702358007 0.937141165137291 0.873799073696136 0.934608918428421 0.959328436851501 -9999 -9999 2.11954552680254 1.94623251259327 1.59791323542595 1.41407278881353 1.38560533896089 1.33016186580062 1.16048066580997 1.17057643532753 1.21484672171729 1.24042753023761 1.22795960732869 1.17830709977583 1.24252479184758 1.26298840479417 1.3132763532075 1.31340911984444 1.25671945512295 1.21424819901586 1.25441411596078 1.21061335389431 1.21451669014417 1.26144353243021 1.29102694300505 1.30780380964279 1.33614987593431 1.38217229109544 1.44875142436761 1.51824231658663 1.57671646560941 1.70884686249953 2.47553244233131 2.00299697369337 1.94328408974868 1.62049388656249 1.59334275126457 1.47677703840392 1.38387026105608 0.739660045930318 0.717146107128688 0.696871966123581 0.607196413553678 0.673732753310885 0.683793885367257 0.629182676856334 0.706438230616706 0.711621625082834 0.721127744231905 0.732819965907506 0.717592184032713 0.700559160539082 0.696135086672647 0.749953955411911 0.817376183612006 0.799112358263561 0.866248518228531
0.216587617993355 0.476923808455467 0.736567541956902 1.02202115058899 1.37325147539377 1.49114511907101 1.48831737041473 1.48831737041473 1.57209506630897 1.44635081291199 1.27300400606224 1.24088480323553 1.22746510058641 1.26329365745187 1.25124215483665 1.18078614771366 1.11936368793249 1.09972871094942 1.0945543050766 1.16358181834221 1.13062624977185 1.17202564701438 1.17789608985186 1.17504697293043 1.13560315049612 1.14618841272134 1.13982041524007 1.13411763310432 1.15347408331358 1.18180398069895 0.918933951854706 1.15988300740719 1.15408418270258 1.15305622953635 1.10815722176007 1.14107400604657 1.16448308740343 1.16624233552388 1.28845868110657 1.26621551513672 1.24093483686447 1.24372220635414 0.68171384701362 0.674404205037997 0.671820261157476 0.659121872140811 0.677694195738206 0.697990817683084 0.700344456093652 0.715069553681782 0.733955089535032 0.716581987483161 0.709758524383817 0.713341802358627 0.719670423439571 0.719637611082622 0.68667026076998 0.626560477110056 0.630698214356716 0.824822455644608 0.824822455644608 0.731579311192036
0.293241553008556 0.661498855799437 0.714335236698389 0.802155509591103 0.877698510885239 0.942927736788988 0.929389268159866 0.584159374237061 0.568243324756622 0.626308724284172 0.672680094838142 1.02982166782022 0.748847629874945 0.710304904729128 0.710783444344997 0.709496402740479 0.776663601398468 1.16541854088957 1.15296663750302 1.11674679815769 1.16816840034265 1.38605105280876 1.36680775880814 1.10493493676186 1.21769568111215 1.16513852349349 1.07528379346643 1.134294962883 0.596670538187027 0.595304591315133 0.591972036021096 1.24075224054487 1.22809513619072 0.971926018595695 1.30602303743362 1.30571286678314 1.23917077162436 1.23026604843991 1.22989194414445 1.23533837710108 1.17410375750982 0.652606010437012 0.699561465245027 0.637120254910909 0.70563999244145 0.707252894129072 0.702750576393945 0.701783154691969 1.26728489462818 0.698778187999359 0.76349167738642 0.74362274152892 0.709079657282148 0.694861011845725 0.719244860112667 0.74085371941328 0.700088649988174 0.675347228462879 0.698712363839149 0.77876377850771 0.946979552507401 1.01147952675819
0.738355651497841 0.889511920511723 0.801036674529314 0.675011522003582 0.667351476848125 0.683874815702438 0.704026013612747 0.743598572909832 0.800109565258026 0.809571854770184 0.773413974791765 0.764351051300764 0.749765254557133 0.727025054395199 0.708692699670792 0.786287478038243 1.07228866645268 1.14852211150256 1.030656658113 0.632185631177642 0.648037417368455 0.65235527808016 1.23430840373039 0.822196972370148 0.713572317361832 0.68089202940464 0.929934946390299 0.986352171216692 1.18819699287415 0.923794247210026 0.944541705506189 0.944316808666502 0.840105313062668 0.839396017789841 1.13112706194321 1.17171330998341 1.20558430360896 1.20343334121364 1.18638159015349 1.23255342670849 1.21947316186769 0.882032436132431 0.909320724010467 1.13699732933726 0.698330654547765 0.674172530953701 0.749709018639156 0.77624049782753 0.72487094769111 0.89336713552475 0.574040676866259 0.643201564039503 0.698067081826074 0.711551082985742 0.766317553818226 0.795108944177628 0.811971724033356 0.876776292920112 0.937295958399773 1.11696486581456 1.18706667423248 1.20377960801125
0.931586943566799 1.25999086350203 0.899865102022886 0.651068074362619 0.643038880079985 0.685372706502676 0.723349422216415 0.761744268238544 0.815644800662994 0.860195718705654 0.8432589891282 0.774313647638668 0.76950892535123 0.707389883697033 0.700026948004961 0.728651259954159 0.725813461201532 0.699826408177614 0.700381137430668 0.645747780799866 0.67356011729974 0.701443089888646 0.780301384627819 0.703168362379074 0.687185075879097 1.02217429876328 1.03495097586087 1.04820506061826 1.0501908659935 1.03366751330239 1.05784991383553 0.98946559887666 0.978190114864936 1.15118968114257 1.18422326818109 1.20841516926885 1.23017216101289 0.958486105387027 0.96853397671993 0.984625160694122 0.962936172118554 0.919181901675004 1.24364187036242 0.715239754089942 0.789706170558929 0.792212575674057 0.790639840066433 0.793263621628284 0.784919299185276 0.793883360922336 0.745783381164074 0.65248865634203 0.715545140206814 0.829150512814522 0.898253068327904 1.02837008237839 1.18885916200551 1.25095555186272 1.37467241829092 1.49725675041025 1.66834598779678 1.84341017766432
0.6194133866917 0.64368274435401 0.638823207467794 0.628869547375611 0.651540257036686 0.649834811687469 0.711111787706614 0.807320084422827 0.894957236945629 0.910229373723268 0.799476240689938 0.634251281619072 0.590337574481964 0.672679420560598 0.694449862295931 0.692560790614648 0.674088299274445 0.668799564242363 0.679152114824815 0.723250348120928 0.677930962580901 0.637682928280397 0.884272116422653 0.66558125987649 0.71246238425374 1.00098203761237 1.02813154884747 1.05937791722161 1.08195866857256 1.09511033126286 1.07827014582498 1.11217187557902 1.12459772366744 1.19549096748233 1.2498072758317 1.22264818847179 1.14854847467863 1.02032003265161 1.02078144825422 1.00549906721482 0.964705446591744 0.993314862251282 0.95163956284523 0.846197172999382 0.843604579567909 0.841837823390961 0.829668059945107 0.8115364164114 0.776030629873276 0.72608544677496 0.76983717083931 0.871819004416466 1.07487588579004 1.13490146398544 1.23669152368199 1.35779438235543 1.5807422616265 1.86373312906785 2.16566881266507 2.42116783423857 2.57702114907178 2.62008811127056
0.476208195090294 0.518573373556137 0.55477599799633 0.500872626900673 0.556930441748012 1.28186711668968 1.28186711668968 0.563126970082521 0.612487383186817 0.652772076427937 0.727869004011154 0.688457652926445 0.652768403291702 0.628605633974075 0.735111382874576 0.712836421348832 0.66143408824097 0.619925480335951 0.637945167720318 0.722696402243206 0.656489592790604 0.863858383435469 1.07121629374368 1.04764102399349 0.985794892677894 1.10488984414509 1.18082923155565 1.24351701598901 1.31829160451889 1.34498324990273 1.45793519701276 1.54435270566207 1.90604655444622 2.00066175311804 2.02735680341721 1.9843013882637 1.69990362226963 1.33080215752125 1.13936663361696 0.986208695631761 1.02813118696213 1.02831538021564 0.976783394813538 0.863545775413513 0.868888974189758 0.864935278892517 0.808160990476608 0.799527712166309 0.793784126639366 0.790151111781597 0.905714675784111 1.06786067783833 1.11308419704437 1.44208866899664 1.79803666201505 1.93344053896991 2.07064664905722 -9999 -9999 -9999 -9999 -9999
0.55957499823787 0.427330791950226 0.427330791950226 0.586727532473477 0.486113604158163 0.56672190874815 0.533962060104717 0.551254871216687 0.56540784239769 0.577535971999168 0.642074222748096 0.641678493469954 0.646076153963804 0.642377503216267 0.811239233383765 0.703469574451447 0.619440801441669 0.627061367034912 0.603430293500423 1.04690692254475 0.972099038270804 0.939386803370256 0.961990049907139 1.01220966236932 1.0676856637001 1.23494571447372 1.32153114905724 1.3760705613173 1.53457792741912 1.61640871422631 1.90007500137602 2.14139853205 2.26943750106371 2.16771289476982 2.09964124973004 1.92398789525032 1.72451776266098 1.4784462749958 1.25389981269836 1.11311587691307 1.09369115531445 0.988072052598 0.896591886878014 0.885809600353241 1.19142261418429 1.19337075135925 1.19441136717796 1.20372608574954 1.1938408613205 1.17729223316366 1.21775980158286 1.38618951494044 1.70242060856386 1.76348732526486 2.51240773711886 -9999 -9999 -9999 -9999 -9999 -9999 -9999
0.57160185649991 0.577882911671292 0.616115143353289 0.623686487024481 0.637805651534687 0.594188377261162 0.610143225640059 0.6091901473701 0.596551720052958 0.589399144053459 0.574921276420355 0.634215001016855 0.671208579093218 0.700816679745913 0.683307735965802 0.64373791217804 0.648210398852825 0.678987100720406 0.933593960908743 1.02110934486756 1.01256834543668 0.999730344002064 0.99628389110932 1.00122328904959 1.16133112632311 1.3026158947211 1.33780666268789 1.39241057175856 1.45619783493189 -9999 -9999 -9999 -9999 -9999 -9999 3.14426672458649 1.76539413630962 1.5918386131525 1.28894039988518 1.31934349374338 1.31074818426912 1.26525739106265 1.22859781167724 1.22995987805453 1.37720761786808 1.43020012703809 1.3862544243986 1.38367876410484 1.44702820073475 1.45384667678313 1.54599572311748 1.65555463053963 1.73526601357894 1.9762424826622 1.97624230384827 -9999 -9999 -9999 -9999 -9999 -9999 -9999
0.573158659040928 0.603496254636691 0.63245443467583 0.628366197326354 0.602862069649356 0.609712752012106 0.613702592941431 0.613509636372328 0.635017301887274 0.738803070038557 0.747969578951597 0.771865971386433 0.735260099172592 0.681319057941437 0.66329137980938 0.708275735378265 0.730271575542597 0.817393169953273 1.04016410845977 1.04091646808844 1.00944983042203 0.933743696946364 0.960212347599176 0.99709215760231 1.15277521312237 1.23252382874489 1.29449017345905 1.36587615311146 1.39437895161765 -9999 -9999 -9999 -9999 -9999 -9999 2.3115252000945 2.10841257870197 1.43390173803676 1.56190747293559 1.25700348615646 1.21315178275108 1.21290564537048 1.21734291315079 1.26101776957512 1.32422688603401 1.41500803828239 1.58847695589066 1.61076718568802 1.91023687882857 1.99052978103811 2.13348170302131 2.19147949868982 -9999 -9999 -9999 -9999 -9999 -9999 -9999 -9999 -9999 -9999
0.581545219398462 0.611509144306183 0.611688381204238 0.629365730744142 0.659950451208995 0.785736529156566 0.620367820446308 0.615991167151011 0.905100029248458 0.87471104814456 0.775408424437046 0.70280336531309 0.699339691262979 0.679409250617027 0.608300719410181 0.632726858441646 0.659769556843318 0.79666111102471 1.18187545027052 1.27885056393487 0.811308704521678 1.03859243026147 1.04213331066645 1.09773300588131 0.98911289870739 1.3428614356301 1.32227076725526 1.34570525993 1.60241848230362 -9999 -9999 -9999 -9999 -9999 -9999 -9999 2.97129993713819 1.77825504541397 1.68377101421356 1.50833058357239 1.40513044595718 1.52561187744141 1.3481732904911 1.59978890419006 1.95914053916931 2.00945538282394 1.93891543149948 1.90829372406006 1.98877104033123 2.16134143417532 2.41944536837665 2.70892571861094 2.98166985236681 -9999 -9999 -9999 -9999 -9999 -9999 -9999 -9999 -9999
0.55511094056643 0.570675796041122 0.586681737349584 0.621209669571656 0.606777340173721 0.597875975072384 0.59171288059308 0.591136903716968 0.717881860641333 0.703297094656871 0.680464398402434 0.693500587573418 0.668050849666962 0.637862999851887 0.615268597236046 0.605904751099073 0.596581688294044 0.73142562691982 1.00648868829012 1.05775925517082 1.15391863882542 1.0681452520869 1.05798575146632 1.09067519754171 1.43387880921364 1.40482132543217 1.35928786071864 1.49119672992013 1.60454724864526 1.92847788333893 -9999 -9999 -9999 -9999 -9999 -9999 -9999 2.40637223919233 2.07726357263677 2.60177984307794 2.63132107257843 2.74296605587006 2.81634253263474 3.2315000295639 3.0294646024704 2.88336771726608 2.3606498837471 2.36633267998695 2.36880748109384 2.367221173915 2.46644526178187 2.68393931605599 2.85207230394537 -9999 -9999 -9999 -9999 -9999 -9999 -9999 -9999 -9999
0.567828942090273 0.587791971862316 0.589323145838884 0.583621521081243 0.580033497168468 0.58893997164873 0.656770776957273 0.698445960879326 0.89811419416219 0.740939883085398 0.791676755134876 0.741699188947678 0.711645418634781 0.666516612355526 0.651313280830016 0.654720711020323 0.639195278286934 0.519504189491272 0.594437211751938 0.592071607708931 0.692984257425581 1.08292426439849 1.08164703304117 1.31916973739862 1.41519205272198 1.59143149852753 1.603246986866 1.56326839327812 1.61083102226257 1.62416516244411 1.71248008654668 -9999 -9999 -9999 -9999 -9999 -9999 -9999 -9999 -9999 -9999 -9999 -9999 -9999 -9999 -9999 3.65490746498108 2.50843552901195 3.03755937923085 3.09936774860729 2.67495026086506 -9999 -9999 -9999 -9999 -9999 -9999 -9999 -9999 -9999 -9999 -9999
0.55348457969152 0.555195935643636 0.580165181841169 0.575227937528065 0.583442368677684 0.60194150186502 0.638022298996265 0.856141978874803 0.855101569340779 0.887087255716324 0.894110654409115 0.796298490120814 1.06233340501785 0.987956270575523 0.652318576207528 0.608248221186491 0.595457491966394 0.598023846745491 0.568610079586506 0.546923436224461 0.514405116438866 0.756432577967644 1.12163469195366 1.34277778322046 1.62324555873871 -9999 1.75437002380689 1.5634290413423 1.56160137599165 1.60262395847927 1.60833825848319 2.09086054563522 -9999 -9999 -9999 -9999 -9999 -9999 -9999 -9999 -9999 -9999 -9999 -9999 -9999 -9999 -9999 -9999 -9999 -9999 -9999 -9999 -9999 -9999 -9999 -9999 -9999 -9999 -9999 -9999 -9999 -9999
0.537620180419513 0.529497729880469 0.557439629520689 0.542146944573947 0.53018080156583 0.565915662508744 0.485250406540357 0.885315078496933 0.881409314962534 0.89785024523735 0.894497064443735 1.21884378790855 1.09349793195724 0.989366456866264 0.958240583539009 0.931829631328583 0.921560600399971 0.986107781529427 0.946293830871582 0.521517850458622 0.512315966188908 1.52440649271011 1.55244527757168 1.59438197314739 1.56628578901291 1.58997845649719 1.58030578494072 1.56986394524574 1.60029181838036 1.60687226057053 1.74913630160418 1.88484820994464 -9999 -9999 -9999 -9999 -9999 -9999 -9999 -9999 -9999 -9999 -9999 -9999 -9999 -9999 -9999 -9999 -9999 -9999 -9999 -9999 -9999 -9999 -9999 -9999 -9999 -9999 -9999 -9999 -9999 -9999
0.55222775893552 0.547664318765913 0.537437095091893 0.530723811342166 0.53123862353655 0.549312891868445 0.538540287659719 0.717292930071171 0.931111205082673 0.97167936196694 0.957199353438157 1.47581976652145 1.31140235066414 1.1160980463028 1.06245352327824 0.998227924108505 0.959759727120399 0.952827259898186 0.962069630622864 1.04772271215916 1.22525894641876 1.28522633016109 1.47737568616867 1.44771495461464 1.56096714735031 1.57943531870842 1.58610793948174 1.58135041594505 1.62222754955292 1.7040070457892 1.88341854377226 1.99500771273266 -9999 -9999 -9999 -9999 -9999 -9999 -9999 -9999 -9999 -9999 -9999 -9999 -9999 -9999 -9999 -9999 -9999 -9999 -9999 -9999 -9999 -9999 -9999 -9999 -9999 -9999 -9999 -9999 -9999 -9999
0.572218594806535 0.542021310100189 0.560003950045659 0.573061655347164 0.588668875969373 0.595586389303207 0.588429457866229 0.825741428595323 0.905693980363699 0.967440281923001 0.987725759928043 1.73923173546791 1.07798635042631 1.40849769115448 1.35015818476677 1.27986386418343 1.20460496842861 0.963445574045181 0.964115664362908 1.00327870249748 1.18191224336624 1.56425075232983 1.59038928151131 1.5936351120472 1.59181961417198 1.59222811460495 1.51784160733223 1.58945301175117 1.7012779712677 1.73558217287064 2.18555617332458 1.78094478086992 -9999 -9999 -9999 -9999 -9999 -9999 -9999 -9999 -9999 -9999 -9999 -9999 -9999 -9999 -9999 -9999 -9999 -9999 -9999 -9999 -9999 -9999 -9999 -9999 -9999 -9999 -9999 -9999 -9999 -9999
