EcologicalScience/Bass/data/rs_data_bass/chl_292.asc
NCOLS 226 
NROWS 124 
XLLCORNER -9.41648524995501 
YLLCORNER 47.587301625531 
CELLSIZE 0.0833 
NODATA_value -9999 
[rows 81 to 107 of 124, columns 62 to 123 of 226]
3.85158455371857 5.97498106956482 7.6620512008667 7.66205191612244 -9999 -9999 -9999 -9999 -9999 -9999 -9999 -9999 -9999 -9999 -9999 -9999 -9999 -9999 -9999 -9999 -9999 -9999 -9999 -9999 -9999 -9999 -9999 -9999 -9999 -9999 -9999 -9999 -9999 -9999 -9999 -9999 -9999 -9999 -9999 -9999 -9999 -9999 -9999 -9999 -9999 -9999 -9999 -9999 -9999 -9999 -9999 -9999 -9999 -9999 -9999 -9999 -9999 -9999 -9999 -9999 -9999 -9999
3.09917866691802 -9999 -9999 -9999 -9999 -9999 -9999 -9999 -9999 -9999 -9999 -9999 -9999 -9999 -9999 -9999 -9999 -9999 -9999 -9999 -9999 -9999 -9999 -9999 -9999 -9999 -9999 -9999 -9999 -9999 -9999 -9999 -9999 -9999 -9999 -9999 -9999 -9999 -9999 -9999 -9999 -9999 -9999 -9999 -9999 -9999 -9999 -9999 -9999 -9999 -9999 -9999 -9999 -9999 -9999 -9999 -9999 -9999 -9999 -9999 -9999 -9999
-9999 -9999 -9999 -9999 -9999 -9999 -9999 -9999 -9999 -9999 -9999 -9999 -9999 -9999 -9999 -9999 -9999 -9999 -9999 -9999 -9999 -9999 -9999 -9999 -9999 -9999 -9999 -9999 -9999 -9999 -9999 -9999 -9999 -9999 -9999 -9999 -9999 -9999 -9999 -9999 -9999 -9999 -9999 -9999 -9999 -9999 -9999 -9999 -9999 -9999 -9999 -9999 -9999 -9999 -9999 -9999 -9999 -9999 -9999 -9999 -9999 -9999
-9999 -9999 -9999 -9999 -9999 -9999 -9999 -9999 -9999 -9999 -9999 -9999 -9999 -9999 -9999 -9999 -9999 -9999 -9999 -9999 -9999 -9999 -9999 -9999 -9999 -9999 -9999 -9999 -9999 -9999 -9999 -9999 -9999 -9999 -9999 -9999 -9999 -9999 -9999 -9999 -9999 -9999 -9999 -9999 -9999 -9999 -9999 -9999 -9999 -9999 -9999 -9999 -9999 -9999 -9999 -9999 -9999 2.57984154671431 4.25864884257317 3.74232441186905 3.491071164608 3.08091107010841
-9999 -9999 -9999 -9999 -9999 -9999 -9999 -9999 -9999 -9999 -9999 -9999 -9999 -9999 -9999 -9999 -9999 -9999 -9999 -9999 -9999 -9999 -9999 -9999 -9999 -9999 -9999 -9999 -9999 -9999 -9999 -9999 -9999 -9999 -9999 -9999 37.1749906539917 -9999 3.85278868675232 2.86927711641466 -9999 -9999 2.76652886867523 4.05879092216492 3.50588202476501 5.93144333362579 21.784399330616 26.2187682688236 26.9974028170109 7.59320855140686 15.1677203178406 2.38147583603859 -9999 -9999 -9999 6.47273737192154 5.11027657985687 3.17975252866745 2.98382288217545 2.68359151482582 0.670780509710312 0.818643718957901
-9999 -9999 -9999 -9999 -9999 -9999 -9999 -9999 -9999 -9999 -9999 -9999 -9999 1.57493451508609 8.6534196138382 14.1029862910509 4.42710328102112 2.24587874114513 1.12509450316429 -9999 -9999 -9999 -9999 -9999 -9999 -9999 -9999 -9999 2.79155051708221 3.17549872398376 3.41443753242493 6.39736890792847 -9999 3.66949796676636 -9999 -9999 -9999 -9999 2.95898175239563 2.74515169858932 2.47848325967789 2.25717902183533 2.91763311624527 3.23287305235863 2.63688683509827 2.55424493551254 2.36607366800308 2.40110403299332 1.30919247865677 2.89892703294754 3.65151143074036 2.68585574626923 1.15959978103638 1.33910027146339 0.820182770490646 0.744869247078896 0.752624988555908 0.69081974029541 0.613665729761124 0.524252995848656 0.658940255641937 0.758046716451645
-9999 -9999 -9999 -9999 -9999 -9999 -9999 -9999 -9999 -9999 4.38015682697296 6.72439295053482 2.13538771867752 3.14311528205872 1.8250732421875 1.6045902967453 1.26367598772049 2.08563053607941 3.20837795734406 1.73698250949383 2.56128004988826 -9999 1.71277456933802 22.4333016872406 4.07707983255386 -9999 -9999 2.91122989654541 2.43594485521317 2.3946685642004 3.88712668418884 4.04519653320312 3.14896476268768 3.24363970756531 -9999 -9999 3.18940970605733 2.54514691829681 2.13332131505013 2.00093856453896 2.04171073436737 2.24637222290039 2.52931272983551 0.976355999708176 1.03107753396034 0.991579502820969 0.854676783084869 0.82702499628067 0.770499765872955 0.625008746981621 0.619001984596252 0.627080261707306 0.678978011012077 0.663195759057999 0.631154268980026 0.682263761758804 0.612614259123802 0.437645986676216 0.407424733042717 0.421708479523659 0.735035240650177 0.840210020542145
-9999 -9999 -9999 -9999 -9999 -9999 -9999 -9999 -9999 4.65689224004745 1.48500752449036 1.08290478587151 0.849986225366592 0.910644024610519 0.825143247842789 0.86618846654892 1.18229511380196 1.42489090561867 4.52081894874573 6.28559017181396 2.01922103762627 5.53150579333305 6.0398952960968 1.94127005338669 3.33993038535118 3.0207239985466 2.44780316948891 2.51203984022141 2.37062814831734 2.68712693452835 2.71960870921612 2.0388797968626 2.30458496510983 2.97983169555664 2.66119846701622 2.84408318996429 2.49995738267899 2.55250883102417 2.41618341207504 2.48825472593307 1.48587222397327 1.83867564797401 1.91889560222626 1.68423034250736 1.08480602502823 0.893736004829407 0.577371016144753 0.4583999812603 0.425843998789787 0.447004482150078 0.452132239937782 0.455012261867523 0.458678260445595 0.474446251988411 0.44818577170372 0.435658514499664 0.396576762199402 0.413103014230728 0.453605264425278 0.502070993185043 1.11993446946144 1.3037174642086
-9999 -9999 -9999 -9999 -9999 -9999 -9999 -9999 -9999 3.11110377311707 0.857143521308899 0.936880499124527 1.02774748206139 1.28689876198769 2.30620801448822 2.6039519906044 0.933800965547562 0.954393714666367 1.44646722078323 1.49266988039017 5.08943343162537 5.32778298854828 5.28334939479828 2.32084612548351 0.69073498249054 0.826067268848419 0.828316479921341 2.22039717435837 2.34606447815895 2.56651532649994 2.62159502506256 2.10133646428585 2.3059586584568 2.40162482857704 2.28193536400795 2.32417085766792 2.21631494164467 2.10154795646667 1.75768388807774 2.48428505659103 2.54400676488876 1.14229613542557 0.982027865946293 1.03649700433016 0.925337255001068 0.861205503344536 0.593617513775826 0.398391768336296 0.44675324857235 0.406608000397682 0.410343021154404 0.609225735068321 0.598511248826981 0.483641982078552 0.533448770642281 0.581492230296135 0.566569492220879 0.65412600338459 0.822106540203094 0.993438005447388 1.47454127669334 1.80769193172455
-9999 -9999 -9999 -9999 -9999 -9999 -9999 -9999 1.74402107822484 0.790528535842896 0.831217467784882 1.02987000346184 1.4137245118618 2.06012105941772 3.17221641540527 0.893813632428646 0.889438480138779 1.54198010265827 1.78854744136333 1.82055862247944 0.938835024833679 0.879186004400253 0.786161988973618 0.67279726266861 0.677985727787018 0.766000539064407 0.831054031848907 0.701588228344917 1.95135301351547 1.97202144563198 1.98138146102428 1.49375733733177 1.49219736456871 1.40919041633606 1.46896500885487 1.76665869355202 0.457406982779503 0.577648490667343 0.524729266762733 0.537383258342743 0.839276254177094 0.777553863823414 0.609247505664825 0.981161624193192 0.958764396607876 0.950382359325886 0.375967517495155 0.37610100209713 0.36081674695015 0.368579261004925 0.388495489954948 0.606669008731842 0.624036759138107 0.699039772152901 0.898599028587341 1.09485599398613 1.44308325648308 1.46269574761391 1.46502676606178 1.43553748726845 1.44299626350403 1.6718789935112
1.48025470972061 1.65901780128479 3.51546800136566 3.78630039095879 -9999 -9999 -9999 1.71111696958542 7.45658624172211 0.793850272893906 0.734125480055809 1.07361450791359 1.37954699993134 1.94667971134186 1.91373145580292 1.78728532791138 2.10200768709183 1.09711727499962 1.20552751421928 1.09204575419426 0.850199282169342 0.881915956735611 0.87330749630928 0.931164711713791 1.0966522693634 1.00377228856087 0.906865507364273 0.910635709762573 0.357963748276234 1.04059499502182 1.00285126268864 0.898626744747162 0.872752502560616 0.852469883859158 0.834888026118279 0.544100984930992 0.507138758897781 0.510892510414124 0.469450503587723 0.463693499565125 0.738458655774593 0.777382493019104 0.831258751451969 0.604953736066818 0.550590008497238 0.501443266868591 0.462285742163658 0.379618495702744 0.337359756231308 0.356224492192268 0.416163012385368 0.488856017589569 0.520737022161484 0.769002735614777 1.04864475131035 1.2761062681675 1.84203833341599 2.03690993785858 1.97830420732498 1.88331377506256 1.6421257853508 1.92200320959091
1.47764405608177 2.35121822357178 6.96163654327393 12.3164248466492 12.7600119113922 5.27630865573883 0.64538249373436 0.876811534166336 0.894300788640976 0.760952264070511 0.833225280046463 0.960257291793823 1.20398023724556 2.54935419559479 3.11922740936279 2.27357107400894 2.1706890463829 1.28638502955437 1.0040722489357 0.916861474514008 0.793378472328186 0.591806262731552 0.572569504380226 0.5742217451334 0.555392235517502 0.508542001247406 0.485027253627777 0.849568516016006 0.633642017841339 0.681111752986908 0.841356754302979 0.976382285356522 0.787379242479801 0.767882980406284 0.729279734194279 0.474325507879257 0.719468995928764 0.451508983969688 0.460163980722427 0.952336460351944 0.969944983720779 0.935160756111145 0.537573739886284 0.547590002417564 0.537552729249001 0.525681763887405 0.408302262425423 0.364114500582218 0.386340737342834 0.457311004400253 0.52438348531723 0.577659755945206 0.64164000749588 0.934466958045959 1.02434697747231 1.08722698688507 1.20124652981758 1.23874801397324 1.18431079387665 1.13755121827126 1.41384673118591 1.41939371824265
1.18357402086258 2.18498995900154 2.42118632793427 3.964231133461 0.341696999967098 0.653372257947922 0.820293009281158 0.775276511907578 0.902190774679184 0.974541038274765 0.998409032821655 0.87613570690155 2.17138123512268 3.89118003845215 3.1391533613205 2.40500557422638 1.7243977189064 1.29573753476143 1.21409404277802 0.991540521383286 0.747481495141983 0.612368255853653 0.655990496277809 0.647433757781982 0.644268751144409 0.579949513077736 1.24941372871399 1.08111937344074 0.436598271131516 0.574187234044075 0.421044766902924 0.97727170586586 0.373287007212639 0.443034008145332 0.46332223713398 0.490940988063812 0.753506273031235 0.785337343811989 0.819348759949207 0.803317151963711 0.765233248472214 0.721674397587776 0.539909228682518 0.479988008737564 0.461823016405106 0.470070004463196 0.456719979643822 0.456753730773926 0.482368513941765 0.588462755084038 0.607220247387886 0.588995978236198 0.601183488965034 0.755598038434982 0.921795755624771 1.07547149062157 1.87828499078751 1.83661043643951 1.59655129909515 1.48054423928261 1.34797874093056 1.21523702144623
1.53606484830379 0.485176518559456 0.496059000492096 1.09705799818039 1.10465177893639 0.945495039224625 0.978488981723785 1.3648267686367 1.21701300144196 1.13249400258064 1.66997766494751 3.22062742710114 3.62935638427734 4.19687926769257 3.15360152721405 2.70506322383881 2.36724972724915 1.88003093004227 1.80409419536591 1.47779846191406 1.26126596331596 1.55652004480362 1.1589914560318 0.89274001121521 0.661850228905678 0.632624253630638 0.572349742054939 0.989692121744156 0.85495537519455 0.810841083526611 0.740502767264843 0.492212980985641 0.463928997516632 0.50338876247406 0.503255233168602 0.605268001556396 0.872779458761215 0.815581530332565 0.818480998277664 0.791030243039131 0.769884400069714 0.819160491228104 0.599576264619827 0.599460750818253 0.725531235337257 0.718483507633209 0.678922489285469 0.565110728144646 0.550479009747505 0.718693479895592 0.810450732707977 0.878182500600815 0.937968760728836 1.16278347373009 1.27922102808952 1.41411378979683 1.74112129211426 1.86045527458191 1.95004731416702 1.76947581768036 1.31079375743866 1.22108924388885
1.57709290087223 0.574493989348412 0.602237239480019 0.630612015724182 1.14410251379013 1.32721200585365 1.42608600854874 1.93301618099213 2.27915847301483 2.95154696702957 3.76868104934692 4.88199377059937 4.44913065433502 4.03137516975403 3.6646124124527 4.21525812149048 3.43663108348846 2.9413515329361 2.66589081287384 2.84496974945068 3.33533263206482 3.33168303966522 2.14697331190109 0.717093765735626 0.679440021514893 1.061309248209 0.990861386060715 0.957259118556976 0.903506621718407 0.858313143253326 0.82829287648201 0.684689238667488 0.564552739262581 0.590427741408348 0.625961244106293 0.655662015080452 1.03358852863312 1.05155472457409 1.05660746991634 0.827023476362228 0.952501103281975 0.687314987182617 0.685494750738144 0.833386480808258 1.09292846918106 1.18564653396606 1.18734374642372 1.19880071282387 0.863605499267578 0.756530284881592 0.888980984687805 0.964096516370773 1.02600753307343 1.08665174245834 1.11599546670914 1.156908005476 1.96563899517059 2.63901829719543 2.97319883108139 3.14848208427429 1.56802868843079 18.0552859604359
0.510743245482445 0.519440978765488 0.610299736261368 0.869832783937454 1.08406573534012 1.45386752486229 1.8464646935463 2.25110918283463 3.23776495456696 4.68224787712097 5.49861216545105 4.91235744953156 3.94486212730408 3.5936940908432 3.83619832992554 3.30574357509613 3.41740572452545 3.10853469371796 4.10601139068604 6.44562578201294 6.37405443191528 6.14610886573792 2.16953855752945 1.76885551214218 2.08255416154861 1.4932758808136 1.35572925209999 1.2788782864809 1.11111862957478 0.982397630810738 0.975435376167297 0.743175745010376 0.700238987803459 0.733429491519928 0.83819854259491 0.801164209842682 0.693798020482063 0.671092495322227 1.19765290617943 1.21257640421391 0.972767293453217 0.794899463653564 0.961411535739899 1.94306033849716 2.50699871778488 1.56549829244614 1.81973397731781 1.31278797984123 1.23578104376793 0.8619404733181 0.907375484704971 0.942544519901276 0.936077266931534 1.00423800945282 1.0181137919426 1.10689723491669 1.62968391180038 1.98511058092117 2.17176157236099 2.46858233213425 2.07758617401123 2.5397826731205
0.486233979463577 0.608813256025314 0.685388267040253 0.980274707078934 1.19246926903725 1.07807099819183 1.32455098628998 1.67555469274521 2.96177923679352 4.38637483119965 7.37555766105652 3.96479165554047 4.17240142822266 4.13313961029053 2.87896424531937 3.5445681810379 3.37005758285522 3.90454065799713 4.17588007450104 3.53491795063019 3.76467311382294 2.87556821107864 8.38275790214539 9.13138890266418 6.54353427886963 0.97039121389389 1.32447861135006 1.21911339461803 1.15900987386703 1.104188606143 1.10617353022099 0.834379523992538 0.892456501722336 0.994607269763947 0.932189226150513 1.73650950193405 0.811750531196594 0.829637289047241 0.869690984487534 0.882667511701584 0.973067253828049 0.950224488973618 0.946711510419846 1.11525973677635 1.31458801031113 1.57698154449463 2.55251848697662 1.82057332992554 1.371447712183 0.931148260831833 0.987825751304626 1.11175426840782 1.21411272883415 1.28927099704742 1.45636877417564 1.50571721792221 2.43548617876359 -9999 -9999 -9999 -9999 -9999
0.479901015758514 0.611073017120361 0.852547466754913 0.761159241199493 0.706173732876778 0.882003754377365 0.964765459299088 0.917727738618851 1.16684478521347 1.43971574306488 1.25534927845001 1.4195174574852 1.50465899705887 1.34840324521065 1.68315821886063 3.01160609722137 2.11641901731491 1.49846997857094 1.37187677621841 1.27913627028465 1.39970925450325 2.91258519887924 3.03121840953827 2.61851316690445 2.59535443782806 0.717593997716904 1.17471970617771 1.31842210292816 1.35493502020836 1.32301390171051 1.11239621043205 1.09994477033615 1.26508578658104 1.54693508148193 3.30223086476326 3.9314838051796 1.49166145920753 1.33721101284027 1.60158222913742 0.678759008646011 0.882358521223068 0.810663789510727 0.842243224382401 1.10425427556038 1.53407317399979 1.82811373472214 2.25677168369293 1.46046522259712 1.10458427667618 1.45958322286606 1.73837631940842 1.39078429341316 1.44047328829765 5.65973189473152 1.66659624215032 -9999 -9999 -9999 -9999 -9999 -9999 -9999
0.498043522238731 0.535748228430748 0.615135759115219 0.621485978364944 0.631683737039566 0.619285494089127 0.627474769949913 0.671182483434677 0.697895988821983 0.74668724834919 0.720353990793228 0.766844987869263 0.793389022350311 0.928797036409378 1.10600173473358 1.12865996360779 1.28901073336601 1.27297049760818 1.65799194574356 1.84891730546951 1.76295375823975 1.73184531927109 2.34007506072521 2.17066691815853 1.83009226620197 0.893244713544846 0.828175485134125 1.44890624284744 1.70135951042175 -9999 -9999 -9999 -9999 -9999 -9999 3.14426672458649 8.91162800788879 4.97324860095978 1.6356183886528 0.891814470291138 1.12172627449036 1.15295773744583 1.30555464327335 2.1108570098877 1.13396778702736 1.3393417596817 1.09982246160507 0.965480983257294 1.104162722826 2.10373055934906 2.11375576257706 1.94533950090408 2.05670848488808 1.9762424826622 1.97624230384827 -9999 -9999 -9999 -9999 -9999 -9999 -9999
0.493281751871109 0.53745898604393 0.555701270699501 0.561420008540154 0.55851973593235 0.601902008056641 0.638784751296043 0.667442992329597 0.636939749121666 0.626069247722626 0.580918505787849 0.565922990441322 0.613593757152557 0.641750246286392 0.706536769866943 0.816912710666656 1.60150802135468 1.81845152378082 2.21494495868683 1.69547706842422 1.77858746051788 2.30263423919678 1.06937026977539 1.533860206604 3.93056631088257 2.01935255527496 1.22744250297546 1.51951240003109 1.9682115316391 -9999 -9999 -9999 -9999 -9999 -9999 -9999 18.1866682767868 10.3439967632294 5.41010499000549 0.911970734596252 1.55557805299759 1.70608431100845 1.0883249938488 1.16456696391106 1.15802326798439 2.22026395797729 1.6007444858551 1.48825871944427 1.35454577207565 1.92458617687225 1.91390097141266 1.83593845367432 -9999 -9999 -9999 -9999 -9999 -9999 -9999 -9999 -9999 -9999
0.475121229887009 0.484452769160271 0.516337484121323 0.587785497307777 0.597129017114639 0.638100743293762 0.686591997742653 0.72375525534153 0.747227981686592 0.71083876490593 0.66090752184391 0.587737485766411 0.570549756288528 0.607116758823395 0.75745877623558 0.917473465204239 1.70388454198837 1.55920207500458 1.61829829216003 0.963192555369163 0.928687422842413 1.55216488838196 1.84281671047211 1.18264648318291 1.90062296390533 0.923237979412079 1.60932375490665 1.49535825848579 1.7662361562252 -9999 -9999 -9999 -9999 -9999 -9999 -9999 7.4359912276268 18.1653519868851 13.5179153680801 2.10415130853653 1.63351356983185 1.02809625864029 1.02096596360207 4.2540922164917 4.08459842205048 3.26317119598389 3.91995906829834 4.11511731147766 4.64781153202057 3.19072651863098 3.02741038799286 4.41434329748154 4.00105955600739 -9999 -9999 -9999 -9999 -9999 -9999 -9999 -9999 -9999
0.478892236948013 0.490050002932549 0.523183509707451 0.571956753730774 0.586668759584427 0.619206771254539 0.715064272284508 0.719242483377457 0.662367761135101 0.637309491634369 0.752634018659592 0.733455017209053 0.659528240561485 0.693119242787361 0.701429978013039 0.861385524272919 1.22571828961372 0.755068480968475 1.59578816592693 1.7197121232748 0.987785965204239 1.29963147640228 1.02333448827267 1.54433964192867 1.64145036041737 1.82930320501328 1.82978591322899 1.93325552344322 1.50930798053741 1.45573387295008 -9999 -9999 -9999 -9999 -9999 -9999 -9999 3.38313982486725 3.47585266828537 11.5792316058103 15.0941556692123 1.36178174614906 1.67508906126022 6.733334004879 5.40480530261993 5.56169235706329 9.11067152023315 15.1283669471741 22.5847506523132 6.0797860622406 3.41060328483582 8.56838017702103 4.56871263620554 -9999 -9999 -9999 -9999 -9999 -9999 -9999 -9999 -9999
0.488642245531082 0.499630495905876 0.531099736690521 0.585881263017654 0.639632999897003 0.718051493167877 0.800223737955093 0.796393543481827 0.758625000715256 0.754496276378632 0.830828994512558 0.754203021526337 0.722446516156197 0.67408798635006 0.672476246953011 0.72716398537159 0.867225766181946 0.901667252182961 0.723397493362427 0.74032723903656 0.983190357685089 1.01335349678993 1.33230793476105 1.77918863296509 2.15656082332134 2.05532173812389 2.22052574157715 2.64516216516495 1.80822828412056 1.74336898326874 -9999 -9999 -9999 -9999 -9999 -9999 -9999 -9999 -9999 -9999 -9999 -9999 -9999 -9999 -9999 -9999 3.65490746498108 7.35321950912476 7.14274191856384 19.4908555204218 -9999 -9999 -9999 -9999 -9999 -9999 -9999 -9999 -9999 -9999 -9999 -9999
0.529710754752159 0.537233233451843 0.586452752351761 0.635831236839294 0.70797224342823 0.787987500429153 0.842883735895157 0.864489734172821 0.85556173324585 0.860015988349915 0.844236731529236 0.835319995880127 0.832031965255737 0.791477233171463 0.876399725675583 0.858410239219666 0.711264364421368 0.566183254122734 0.803376361727715 0.923623502254486 0.963437989354134 1.02384451031685 1.35274614393711 0.855073910951614 -9999 -9999 -9999 1.95348823070526 2.19127267599106 2.38872599601746 1.96520067751408 -9999 -9999 -9999 -9999 -9999 -9999 -9999 -9999 -9999 -9999 -9999 -9999 -9999 -9999 -9999 -9999 -9999 -9999 -9999 -9999 -9999 -9999 -9999 -9999 -9999 -9999 -9999 -9999 -9999 -9999 -9999
0.56512650847435 0.580602765083313 0.594862505793571 0.612767994403839 0.662444248795509 0.703114494681358 0.733658239245415 0.761894255876541 0.794817745685577 0.874124228954315 0.755439788103104 0.695911511778831 0.732546016573906 0.74829375743866 0.63375748693943 0.67263974994421 0.577421978116035 0.665518864989281 1.35344097018242 1.25773796439171 0.821159273386002 0.877261519432068 0.891589522361755 1.52045322954655 1.59953811764717 1.60406474769115 1.30356229841709 1.68938702344894 1.88357627391815 2.07078605890274 1.64095392823219 2.04021060158466 -9999 -9999 -9999 -9999 -9999 -9999 -9999 -9999 -9999 -9999 -9999 -9999 -9999 -9999 -9999 -9999 -9999 -9999 -9999 -9999 -9999 -9999 -9999 -9999 -9999 -9999 -9999 -9999 -9999 -9999
0.533729240298271 0.570045009255409 0.583948507905006 0.597728982567787 0.635406017303467 0.652801483869553 0.682704001665115 0.746394753456116 0.624596267938614 0.802869021892548 0.77114474773407 0.594658479094505 0.659433022141457 0.595134750008583 0.55009500682354 0.668926499783993 0.680447995662689 1.48114424943924 1.08993521332741 0.745707750320435 0.661193981766701 0.78055277466774 0.801773250102997 0.83134800195694 1.26728028059006 1.2065621316433 1.15652811527252 1.21830900013447 1.39295062422752 1.54973329603672 1.46949823200703 2.5906917154789 -9999 -9999 -9999 -9999 -9999 -9999 -9999 -9999 -9999 -9999 -9999 -9999 -9999 -9999 -9999 -9999 -9999 -9999 -9999 -9999 -9999 -9999 -9999 -9999 -9999 -9999 -9999 -9999 -9999 -9999
0.546069011092186 0.567777737975121 0.584205016493797 0.568106979131699 0.583965763449669 0.62644274532795 0.521531984210014 0.500676020979881 0.636106118559837 0.667701378464699 0.449793756008148 0.896926492452621 0.420694515109062 0.459603756666183 1.12871213257313 0.966720789670944 0.976997226476669 0.975532472133636 0.757570534944534 0.822926983237267 0.900229878723621 1.05642561614513 1.09790436923504 1.42343433201313 1.38092547655106 1.26026022434235 0.979541972279549 1.40436789393425 1.45509338378906 1.72639310359955 2.48039782047272 -9999 -9999 -9999 -9999 -9999 -9999 -9999 -9999 -9999 -9999 -9999 -9999 -9999 -9999 -9999 -9999 -9999 -9999 -9999 -9999 -9999 -9999 -9999 -9999 -9999 -9999 -9999 -9999 -9999 -9999 -9999
