EcologicalScience/Bass/data/rs_data_bass/chl_234.asc
NCOLS 226 
NROWS 124 
XLLCORNER -9.41648524995501 
YLLCORNER 47.587301625531 
CELLSIZE 0.0833 
NODATA_value -9999 
[rows 0 to 26 of 124, columns 62 to 123 of 226]
-9999 -9999 -9999 -9999 -9999 -9999 -9999 -9999 -9999 -9999 -9999 -9999 -9999 -9999 -9999 -9999 -9999 -9999 -9999 -9999 -9999 -9999 -9999 -9999 -9999 -9999 -9999 -9999 -9999 -9999 -9999 -9999 -9999 -9999 -9999 -9999 -9999 -9999 -9999 -9999 -9999 -9999 -9999 -9999 -9999 -9999 -9999 -9999 -9999 -9999 -9999 -9999 -9999 -9999 -9999 -9999 -9999 -9999 -9999 -9999 -9999 -9999
-9999 -9999 -9999 -9999 -9999 -9999 -9999 -9999 -9999 -9999 -9999 -9999 -9999 -9999 -9999 -9999 -9999 -9999 -9999 -9999 -9999 -9999 -9999 -9999 -9999 -9999 -9999 -9999 -9999 -9999 -9999 -9999 -9999 -9999 -9999 -9999 -9999 -9999 -9999 -9999 -9999 -9999 -9999 -9999 -9999 -9999 -9999 -9999 -9999 -9999 -9999 -9999 -9999 -9999 -9999 -9999 -9999 -9999 -9999 -9999 -9999 -9999
-9999 -9999 -9999 -9999 -9999 -9999 -9999 -9999 -9999 -9999 -9999 -9999 -9999 -9999 -9999 -9999 -9999 -9999 -9999 -9999 -9999 -9999 -9999 -9999 -9999 -9999 -9999 -9999 -9999 -9999 -9999 -9999 -9999 -9999 -9999 -9999 -9999 -9999 -9999 -9999 -9999 -9999 -9999 -9999 -9999 -9999 -9999 -9999 -9999 -9999 -9999 -9999 -9999 -9999 -9999 -9999 -9999 -9999 -9999 -9999 -9999 -9999
-9999 -9999 -9999 -9999 -9999 -9999 -9999 -9999 -9999 -9999 -9999 -9999 -9999 -9999 -9999 -9999 -9999 -9999 -9999 -9999 -9999 -9999 -9999 -9999 -9999 -9999 -9999 -9999 -9999 -9999 -9999 -9999 -9999 -9999 -9999 -9999 -9999 -9999 -9999 -9999 -9999 -9999 -9999 -9999 -9999 -9999 -9999 -9999 -9999 -9999 -9999 -9999 -9999 -9999 -9999 -9999 -9999 -9999 -9999 -9999 -9999 -9999
-9999 -9999 -9999 -9999 -9999 -9999 -9999 -9999 -9999 -9999 -9999 -9999 -9999 -9999 -9999 -9999 -9999 -9999 -9999 -9999 -9999 -9999 -9999 -9999 -9999 -9999 -9999 -9999 -9999 -9999 -9999 -9999 -9999 -9999 -9999 -9999 -9999 -9999 -9999 -9999 -9999 -9999 -9999 -9999 -9999 -9999 -9999 -9999 -9999 -9999 -9999 -9999 -9999 -9999 -9999 -9999 -9999 -9999 -9999 -9999 -9999 -9999
-9999 -9999 -9999 -9999 -9999 -9999 -9999 -9999 -9999 -9999 -9999 -9999 -9999 -9999 -9999 -9999 -9999 -9999 -9999 -9999 -9999 -9999 -9999 -9999 -9999 -9999 -9999 -9999 0.63735419511795 0.994813110053974 0.991448000949972 0.902342603487127 0.787004491862129 0.655846153696378 0.583015079299609 0.539661099513372 0.491607094804446 0.482308238744736 0.48060675462087 0.478633508086205 0.473516911268234 0.452845002214114 0.467202926675479 0.488233655691147 0.547389262600949 0.440450330575307 0.42716882334036 0.330945098306984 0.337135773371248 0.431131090968847 0.473681998439133 0.503598492811708 0.502562363358105 0.502080296768862 0.511684850734823 0.526618225609555 0.516601274118704 0.520476566518054 0.517285405712969 0.587369305246016 0.522589794853154 0.480663452078314
-9999 -9999 -9999 -9999 -9999 -9999 -9999 -9999 -9999 -9999 -9999 -9999 -9999 -9999 -9999 -9999 -9999 -9999 -9999 -9999 -9999 -9999 -9999 -9999 -9999 -9999 1.18186515569687 1.0627324283123 2.05518595576286 2.07039803266525 1.66116010792115 1.1769173162825 0.766178053968093 0.648551436908105 0.622528374195099 0.589162772192675 0.526386090937783 0.526433902628282 0.513565589984258 0.49790299932162 0.490884413321813 0.491446663935979 0.479322582483292 0.468978409965833 0.630240383901094 0.551961133877436 0.560178379217784 0.39985137126025 0.580302029848099 0.569964756568273 0.563336168726285 0.556314507499337 0.552899720147252 0.541955807246268 0.505534557625651 0.504852346144617 0.503256853012478 0.485469944336835 0.460289166254156 0.435202883446918 0.423400143490118 0.431608662885778
-9999 -9999 -9999 -9999 -9999 -9999 -9999 -9999 -9999 -9999 -9999 -9999 -9999 -9999 -9999 -9999 -9999 -9999 -9999 -9999 -9999 -9999 -9999 -9999 -9999 -9999 1.18186515569687 2.25524393220743 2.1070520033439 1.44482447820551 1.3395277261734 1.17089414245942 0.755585273106893 0.583518336216609 0.550627266367276 0.57958340206567 0.61311632131829 0.539203113492797 0.540034758694032 0.53503829240799 0.496971259514491 0.49148007730643 0.500407934188843 0.467227001984914 0.656410659614362 0.592904162903627 0.582898283998171 0.576307927568754 0.532087683677673 0.54040658287704 0.549420992843807 0.539182741194963 0.547956573776901 0.538099969737232 0.529819029383361 0.491355995647609 0.466478537768126 0.448309634538258 0.448740281602916 0.425996503409217 0.421791885705555 0.420503633863786
-9999 -9999 -9999 -9999 -9999 -9999 -9999 -9999 -9999 -9999 -9999 -9999 -9999 -9999 -9999 -9999 -9999 -9999 -9999 -9999 -9999 -9999 -9999 -9999 -9999 -9999 2.62723180137832 2.01605946322282 1.53806168191573 1.07273787260056 0.977944624774596 0.916018861181596 0.805315238587996 0.612846220240873 0.57754835486412 0.547177010599305 0.566514349159072 0.540785082999398 0.536619662361987 0.534917556187686 0.531375664998503 0.535197649808491 0.512987504402796 0.472610652446747 0.531929656863213 0.539694361388683 0.623441581924756 0.608611491819223 0.588988090554873 0.547272319595019 0.38236266374588 0.527955505996943 0.547395268455148 0.538068288937211 0.5167949013412 0.49904400575906 0.41755620483309 0.416176618022077 0.41911885405288 0.42643281203859 0.449201037778574 0.45981934316018
-9999 -9999 -9999 -9999 -9999 -9999 -9999 -9999 -9999 -9999 -9999 -9999 -9999 -9999 -9999 -9999 -9999 -9999 -9999 -9999 -9999 -9999 -9999 -9999 -9999 1.19121462106705 1.88829229559217 1.66310152908166 1.21695596973101 0.860120536649928 0.8024281140636 0.741587285609806 0.651953390415977 0.621875603409374 0.556328739313518 0.558501844020451 0.551842239849708 0.54206538550994 0.540779234731899 0.517358083058806 0.477881232897441 0.53856903665206 0.547333312385222 0.562293175388785 0.576848132645383 0.603095825761557 0.611471579410136 0.601573672145605 0.584065399132669 0.55082796793431 0.558564324863255 0.547205331735313 0.53291024453938 0.518212174996734 0.500947781838477 0.488231817260385 0.481872207485139 0.471626745427356 0.464005950619193 0.491383581477053 0.591299609226339 0.55838341923321
-9999 -9999 -9999 -9999 -9999 -9999 -9999 -9999 -9999 -9999 -9999 -9999 -9999 -9999 -9999 -9999 -9999 -9999 -9999 -9999 -9999 -9999 -9999 -9999 -9999 1.70049522320429 1.43632461130619 1.35518982013067 0.894417249104556 0.772592451642541 0.691500227240955 0.658562495427973 0.619413359200253 0.661496350870413 0.578168557847247 0.575698056641747 0.612877817714915 0.52961565554142 0.520673260092735 0.518517018241041 0.593834429048002 0.57897983584553 0.594880836851457 0.60095630060224 0.602101890479817 0.622990019181195 0.617458297871053 0.588482527993619 0.596061277203262 0.567893609404564 0.56774521060288 0.534357852302492 0.506456667557359 0.495985703542829 0.495345471426845 0.487478384748101 0.48081792332232 0.456718795001507 0.43376546133967 0.447064810815979 0.464321417843594 0.448054840459543
-9999 -9999 -9999 -9999 -9999 -9999 -9999 -9999 -9999 -9999 -9999 -9999 -9999 -9999 -9999 -9999 -9999 -9999 -9999 -9999 -9999 -9999 -9999 -9999 1.31647038459778 1.69213106296957 1.28198297760066 1.23325188457966 0.881605467375587 0.836190672481761 0.772831957129871 0.751659982344683 0.627612956306514 0.596055334105211 0.644837037605398 0.72197644061902 0.697453374371809 0.598658909692484 0.629436164217837 0.605114213190973 0.611679470166564 0.580423509702086 0.652420459315181 0.619604288600385 0.57620223830728 0.548399740282227 0.520927540519658 0.552484065294266 0.758142717182636 0.68003841675818 0.594110906124115 0.532134141772985 0.505792401731014 0.494499388150871 0.495480325073004 0.4957479480654 0.4803248019889 0.470042277784908 0.497866499073365 0.379159887923914 0.412149139186915 0.432911146213027
-9999 -9999 -9999 -9999 -9999 -9999 -9999 -9999 -9999 -9999 -9999 -9999 -9999 -9999 -9999 -9999 -9999 -9999 -9999 -9999 -9999 -9999 -9999 1.50594073534012 1.60476992410772 1.368541417753 1.26179565752254 0.918033684001249 0.827208196415621 0.808998053564745 0.786191088311812 0.698891827288796 0.63461113151382 0.617614898611518 0.630426270120284 0.62545953428044 0.614891157430761 0.659996570033186 0.616042874315206 0.576738054261488 0.57210075154024 0.647135530324543 0.638096764683723 0.63309111577623 0.638089977643069 0.541404783725739 0.533720607266707 0.503227971932467 0.695304385386407 1.29951527807862 0.901656607165933 0.895992066711187 0.75738496799022 0.548851805574754 0.560932088424178 0.551924588925698 0.497892406056909 0.507438950678881 0.527861597783425 0.492020845413208 0.526670157909393 0.425380221184562
-9999 -9999 -9999 -9999 -9999 -9999 -9999 -9999 -9999 -9999 -9999 -9999 -9999 -9999 -9999 -9999 -9999 -9999 -9999 -9999 -9999 -9999 2.72533738613129 3.72800924777985 1.26840098640498 0.694848787039518 0.731794131919742 0.695207957178354 0.797185789136326 0.76932694105541 0.710011377054102 0.671925734071171 0.648092042873887 0.642678406308679 0.678987890481949 0.669888383325408 0.639997441102477 0.620979059268447 0.605371689971756 0.594014307155329 0.737400636076927 0.726330665250619 0.722792265315851 0.719022331138452 0.706038383146127 0.59132827911526 0.568460231646895 0.551214803941548 0.541297792511828 0.553495955653489 0.552620328962803 0.54719277843833 0.527322594076395 0.560502848204444 0.543497603605775 0.545797227060094 0.554716203142615 0.5497906471 0.548570310368257 0.554198244915289 0.501970266302427 0.535863488912582
-9999 -9999 -9999 -9999 -9999 -9999 -9999 -9999 -9999 -9999 -9999 -9999 -9999 -9999 -9999 -9999 -9999 -9999 -9999 -9999 2.64602583646774 4.09812706870002 2.53102574497461 2.53368204832077 1.3533446252346 0.83135787025094 0.711877721361816 0.659095963463187 0.639049021527171 0.760714252205456 0.749036342782133 0.716324697522556 0.702728201361263 0.645707610994577 0.710629371159217 0.647406935691833 0.640943429925863 0.829752032955487 0.600645432577414 0.759077573815982 0.752679412563642 0.718481143315633 0.677554917832216 0.662743379672368 0.681391634047031 0.561550296843052 0.55387934949249 0.561630939133465 0.609556009992957 0.606431655585766 0.565268900245428 0.565257148817182 0.571362192139906 0.578440057880738 0.556675556827994 0.544909534208915 0.561550834599663 0.556243334622944 0.560818804537549 0.596245100393015 0.499552597602208 0.515745912988981
-9999 -9999 -9999 -9999 -9999 -9999 -9999 -9999 -9999 -9999 -9999 -9999 -9999 -9999 -9999 -9999 -9999 -9999 -9999 -9999 2.19993254324285 2.03299907843272 1.75286327004433 1.69550086855888 0.920958280563354 0.849715375900268 0.742127942852676 0.690315817482769 0.689588754437864 0.824902248733184 0.762063763597432 0.755629412391607 0.746381410781075 0.77096532635829 0.730587693698266 0.659738400578499 0.860842913389206 0.88070672750473 0.63861515186727 0.614965220913291 0.600691974163055 0.686279180149237 0.672940994302432 0.660813714067141 0.620852316419284 0.586203695274889 0.584792847745121 0.593691078945994 0.610096503049135 0.618838327936828 0.596036156639457 0.567167585715652 0.556466669775546 0.558223650790751 0.553114277310669 0.56229657959193 0.5377416042611 0.555153342730859 0.560108702848939 0.487581491470337 0.494755839308103 0.497974996765455
-9999 -9999 -9999 -9999 -9999 -9999 -9999 -9999 -9999 -9999 -9999 -9999 -9999 -9999 -9999 -9999 -9999 -9999 -9999 2.90838503837585 1.64428241550922 1.49688678234816 1.31351622194052 1.17793464660645 1.11513320356607 0.804231137037277 0.690940028429031 0.65413259267807 0.815470308065414 0.797307535129435 0.770103151307386 0.759722918272018 0.752357580205973 0.71936972526943 0.967967992027601 0.949078554908435 0.656380578875542 0.678334859199822 0.644771073013544 0.642267792485654 0.637182558886707 0.67241508513689 0.597293078899384 0.591569264419377 0.585913950204849 0.577449005842209 0.614810675382614 0.613239873200655 0.607342793606222 0.632475885562599 0.642751925624907 0.598545326851308 0.56146636325866 0.549773211590946 0.561941768042743 0.561599118635058 0.538716581814429 0.601171603097635 0.459004660447439 0.488720004757245 0.490133340160052 0.496163417895635
-9999 -9999 -9999 -9999 -9999 -9999 -9999 -9999 -9999 -9999 -9999 -9999 -9999 -9999 -9999 -9999 -9999 -9999 2.22885734694345 2.08107680082321 2.00184920004436 1.99669460058212 1.51398003101349 1.43735270500183 1.40076030492783 1.28142706836973 1.15390372702054 0.938817769289017 0.995186767407826 0.951220386794635 0.710003446787596 0.657323431223631 0.653117056936026 0.947716315587362 0.951745346188545 0.641470121110187 0.688210627064109 0.700759392231703 0.667542767710984 0.651843217201531 0.633527750149369 0.602004943415523 0.600249060429633 0.612043557688594 0.601706338115036 0.607356984168291 0.621975562535226 0.613444182090461 0.618245529010892 0.630992453545332 0.611970548518002 0.564169747754931 0.572873049415648 0.560547488741577 0.54377544298768 0.535608945523991 0.773046959848965 0.433004841208458 0.424103066325188 0.411712249412256 0.460182217114112 0.461378442890504
-9999 -9999 -9999 -9999 -9999 -9999 -9999 -9999 -9999 -9999 -9999 -9999 -9999 -9999 -9999 -9999 -9999 20.9398085588665 1.878525188991 1.79528482471194 1.95778500182288 1.86314627102443 1.64092515196119 1.42356376051903 1.32802706956863 1.27242655754089 1.1234353525298 1.05178390656199 0.950406189475741 0.961572985563959 0.771328785589763 0.786104915397508 0.757237628102303 0.887133607640862 0.845260044559836 0.778727933764458 0.757302314043045 0.715598699636757 0.727641675621271 0.555256728740299 0.746562264859676 0.75164062778155 0.719571880996227 0.704372204840183 0.602936454555568 0.601580444723368 0.608266219496727 0.62540169339627 0.614610948599875 0.575897807584089 0.555634220733362 0.541863741243587 0.536918113336844 0.539562171872924 0.524681436664918 0.526217953247182 0.567943346500397 0.41639587841928 0.416250047438285 0.394410034312921 0.426808308152592 0.433013603967779
-9999 -9999 -9999 -9999 -9999 -9999 -9999 -9999 -9999 -9999 -9999 -9999 -9999 -9999 -9999 -9999 -9999 -9999 -9999 1.58473777770996 1.47370064045702 1.43423257342407 1.45509442090988 1.08474002991404 1.12410322257451 1.07015015397753 1.0545709005424 1.02259802392551 0.885792131934847 0.990992724895477 0.774753117135593 0.732322856783867 0.778779590129852 0.859647240489721 0.835444673895836 0.786665707826614 0.8091337736696 0.743695121258497 0.865782404939334 0.819764651358128 0.803135735293229 0.846409887075424 0.794618102411429 0.724334987501303 0.639862504787743 0.646899847313762 0.585426977835596 0.584497508193765 0.573054286837578 0.552059532701969 0.532542313635349 0.508694556355476 0.498195433616638 0.515810412168503 0.534310358762741 0.50319442152977 0.43248184521993 0.41426775790751 0.375614985823631 0.404684872311704 0.409163080594119 0.460446493590579
-9999 -9999 -9999 -9999 -9999 -9999 -9999 -9999 -9999 -9999 -9999 -9999 -9999 -9999 -9999 3.70502658512281 5.21533331115071 2.97624937444925 1.62468566000462 1.41014344990253 1.23068082332611 1.38968237808772 1.11219366533416 1.06357026100159 1.06151734931128 1.02391786234719 0.956304494823728 0.961447834968567 0.899694429976599 0.801451212593487 0.706146227461951 0.781295912606375 0.738924660852977 0.679810824138778 0.683520753468786 0.73467920254916 0.683655899763107 0.778809151612222 0.845553507407506 0.828665008147558 0.804742388427258 0.796227631469568 0.838955484330654 0.654988350346684 0.631957822479308 0.609967047348619 0.583516180515289 0.545464190840721 0.54129211306572 0.547081205248833 0.528147742152214 0.54349934309721 0.538274686038494 0.543525445461273 0.543234157562256 0.446118749678135 0.476253875664302 0.463713763015611 0.431642074137926 0.416767889633775 0.412770323017064 0.407908716622521
-9999 -9999 -9999 -9999 -9999 -9999 -9999 -9999 -9999 -9999 35.2986888885498 35.2986888885498 13.7248649597168 2.25182176913534 1.97355338931084 1.83050832152367 2.000124335289 1.5595732160977 1.65385122810091 1.63174829312733 1.45433105528355 1.03734265054975 1.01819144827979 1.28497628867626 2.17792657613754 1.88483823537827 0.940262994595936 0.888025403022766 0.822454703705652 7.787919652462 0.993065424263477 0.800757713177625 0.775322819457335 0.77906763027696 0.785724562757155 0.758566433892531 0.687646663364242 0.656692572376307 0.868064634501934 0.789883791469038 0.715495187044144 0.730266225688598 0.687839377452345 0.653232735746047 0.574123352766037 0.591402304172516 0.603971260786057 0.539482507109642 0.542838603258133 0.546667501330376 0.534279897809029 0.537624460458755 0.522060741484165 0.527024093270302 0.541703698039055 0.43534126664911 0.454747604472297 0.452928843242781 0.51571093925408 0.43251920118928 0.440183418989182 0.449911817908287
-9999 -9999 -9999 -9999 -9999 -9999 -9999 -9999 -9999 -9999 35.2986888885498 5.42287154992421 4.669990335192 3.06021769344807 2.86461338996887 2.88499388694763 2.19547182672164 3.3375648147351 6.11056660337023 2.14526725867215 1.74775148289544 1.63476754724979 1.48613718152046 1.5394930690527 1.39871656894684 6.62085285186768 0.902806520462036 0.791880286165646 0.777962278042521 0.785512166363852 0.765153297606636 0.78741240326096 0.791105741963667 0.748495412223479 0.727216767037616 0.624668050557375 0.588573362678289 0.629705600002233 0.960700490511954 0.784918453763513 0.721854694625911 0.717275666693846 0.694824961324533 0.630862444639206 0.613570858450497 0.733236175775528 0.63508183658123 0.550233530146735 0.541984064238412 0.541336604527065 0.484961414337158 0.475289565324783 0.475011903047562 0.467605510354042 0.468011263757944 0.464407168328762 0.495775695358004 0.452907762357167 0.448890416749886 0.385056568309665 0.390446819365025 0.385368694277371
-9999 -9999 -9999 -9999 -9999 -9999 -9999 -9999 -9999 -9999 -9999 -9999 9.26758221774311 2.73929550647736 11.3850255012512 5.20700757320111 -9999 -9999 -9999 -9999 -9999 -9999 1.69999581224778 1.56314258715686 1.38520317919114 1.28718976062887 1.18594790381544 0.775955270443644 1.43405791123708 1.17922702431679 1.21196604520082 1.06006108224392 0.864615954458714 0.750599462538958 0.625005561858416 0.595353003591299 0.588641875556537 0.558096930384636 0.610144812394591 0.577120313749594 0.731170619527499 0.671208160618941 0.568629050079514 0.390258595347404 0.543091814307606 0.374259594082832 0.525105762131074 0.579121272478785 0.560833709580558 0.535215324589184 0.525910594633647 0.479599273630551 0.44566485285759 0.457485768198967 0.480992128806455 0.485103089894567 0.477143455828939 0.371732728884501 0.51155548542738 0.442573932664735 0.446785815060139 0.389711258666856
-9999 -9999 -9999 -9999 -9999 -9999 -9999 -9999 -9999 -9999 -9999 -9999 -9999 16.6274771690369 16.6274771690369 16.6274771690369 -9999 -9999 -9999 -9999 -9999 -9999 4.94490551948547 4.94490551948547 4.94490551948547 0.308659605681896 1.55950409644528 1.61397004828734 1.39841781293645 1.22919358050122 1.29640137097415 1.20711139808683 0.987239822745323 0.861078863634783 0.690726388245821 0.70351480320096 0.657637104392052 0.560856658433165 0.599081760644913 0.494825430214405 0.570027971968931 0.534963149796514 0.401569944620132 0.39282061457634 0.534190054325496 0.556406691670418 0.550681287751478 0.520990508794785 0.51181215941906 0.46998376250267 0.466318202018738 0.462820047140121 0.446585386991501 0.423209854960442 0.496326218758311 0.494115542088236 0.479775089238371 0.459824457764626 0.329610005021095 0.451072927032198 0.450766938073294 0.43834545314312
-9999 -9999 -9999 -9999 -9999 -9999 -9999 -9999 -9999 -9999 -9999 -9999 -9999 -9999 -9999 -9999 -9999 -9999 -9999 -9999 -9999 -9999 -9999 -9999 -9999 -9999 1.71908337818949 2.05000824788037 2.25062716007233 1.86271897951762 1.72608772913615 1.36595269540946 1.05494698137045 0.909091494977474 0.784964237362146 0.687880866229534 0.615783557295799 0.633498091031523 0.524224687367678 0.56926639271634 0.528134803686823 0.489389243934836 0.441579741239548 0.450968089699745 0.556342010988909 0.628509853567396 0.630278687391962 0.444327601790428 0.459406355023384 0.580182118075235 0.580902527485575 0.573855981230736 0.453276139497757 0.494617619684764 0.484953202307224 0.4530345925263 0.375262308865786 0.374562565237284 0.408264543861151 0.339551351964474 0.465075563639402 0.472499627619982
-9999 -9999 -9999 -9999 -9999 -9999 -9999 -9999 -9999 -9999 -9999 -9999 -9999 -9999 -9999 -9999 -9999 -9999 -9999 -9999 -9999 -9999 -9999 -9999 -9999 -9999 -9999 4.55193701543306 3.24140238761902 2.59284531076749 2.03811476627986 1.58816921710968 1.04088018089533 1.10625497733845 0.995077876483693 0.789590232074261 0.634573314338923 0.564000952988863 0.669069333800248 0.727232512831688 0.743223598599434 0.775034964084625 0.704738150749888 0.656355212841715 0.642529485481126 0.626692695277078 0.481873789429665 0.472781690955162 0.597297874944551 0.568439151559557 0.541887734617506 0.535931991679328 0.467385139535455 0.510048981223788 0.459044235093253 0.494071933840002 0.392746126279235 0.403487809002399 0.421562047675252 0.460238607600331 0.477263795211911 0.459183186292648
