EcologicalScience/Bass/data/rs_data_bass/chl_91.asc
NCOLS 226 
NROWS 124 
XLLCORNER -9.41648524995501 
YLLCORNER 47.587301625531 
CELLSIZE 0.0833 
NODATA_value -9999 
[rows 54 to 80 of 124, columns 124 to 185 of 226]
2.35806317512806 1.87723499536514 1.66940993070602 1.56899178028107 1.41835644611946 1.70324251055717 1.71884706616402 1.96150463819504 1.78044641017914 1.78988108038902 1.67194801568985 1.55946412682533 1.61007580848841 1.76054102182388 1.83428321778774 1.9870447665453 2.09001258015633 2.18135592341423 2.2936038672924 1.7413404079584 1.90303393969169 2.07742140384821 1.8939123245386 2.12289623572276 2.0888230067033 1.92667614038174 1.80083198272265 1.82911961812239 1.71094205975533 1.8253875374794 2.33213239908218 2.42134464979172 2.39811656475067 2.58759322166443 2.71986269950867 2.76839337348938 2.70661592483521 2.5764172077179 2.07794591188431 3.2353001832962 1.64416484832764 1.50465542674065 2.31100577116013 1.31771475076675 1.49447455406189 1.60742505788803 1.93463052511215 2.12597520276904 2.94815962761641 2.98690191283822 5.24369057019552 5.289990719996 5.3625944341932 4.65706399609061 5.25351486887251 5.37407791614532 7.46043961781722 16.2362358570099 23.1567934155464 10.9581464358739 11.756351787503 13.5953817592293
2.4518301486969 2.42090559922732 1.72853095829487 1.61991222202778 1.63154174387455 1.6986303627491 1.78655889630318 1.81899896264076 1.88235646027785 1.9598546394935 1.90568625926971 1.84104180335999 2.08190587162971 2.16398417949677 2.1205403975078 2.61414447426796 2.30798202753067 2.35133251547813 2.4177183508873 2.42836005985737 2.42547668516636 2.40260249376297 2.72934937477112 2.20095216035843 2.33281335463891 2.2102824816337 2.28487866199934 2.10103907951942 1.85226970911026 1.9127197265625 2.10531002283096 2.28202698230743 2.10322585105896 2.52131625413895 2.6507951259613 2.61477785110474 2.54937992095947 2.22859060764313 1.83494174480438 1.58698660135269 1.4633417069912 1.3818244934082 1.35718778371811 1.36485417187214 1.47183792293072 1.79894059896469 2.38372368812561 3.07335384562612 3.98394609242678 4.81699349599726 3.60377329587936 5.2522383417402 5.17749100072043 5.47935278075082 6.04544507938883 6.42348731265349 10.5720698833466 -9999 -9999 -9999 -9999 -9999
2.59635440661357 2.51069034521396 2.43736415249961 1.77019836008549 1.69792382419109 1.63779790699482 1.68416851758957 1.68753415346146 1.64658004045486 1.78659600019455 1.87415346929005 1.87365718398775 1.95816001983789 1.99821667946302 2.01484798468076 2.15746674629358 2.33663815718431 2.38321887071316 2.54113979981496 2.56761223994769 2.57698309421539 2.7865826189518 3.20664042234421 3.20593303442001 2.61920668987127 2.47771804607832 2.02634212374687 2.06954517960548 2.08030942082405 2.05398488044739 2.06549960374832 2.50246480703354 2.24404639005661 2.02711840867996 1.98910686969757 2.15314341783524 2.27963261604309 2.02985048294067 1.76359915733337 1.41118178963661 1.25846226215363 1.2467969596386 1.3964010817664 2.88051062822342 2.37727797031403 2.53241220116615 2.86479941010475 6.94920660555363 5.42782018865858 4.89787377629961 3.76686973571777 5.22703099250793 5.98091881615775 14.0813106515982 -9999 -9999 -9999 -9999 -9999 -9999 -9999 -9999
3.15088286766639 2.82083314198714 2.70791055474962 2.61675064904349 1.81062269210815 1.85780704021454 1.80109235644341 1.73734536767006 1.79647913575172 1.92206020014627 1.8340020775795 2.05770425154613 2.03490862479577 2.09715209098963 2.07645492828809 2.23470161511348 2.4911598609044 2.61759234391726 2.71567169061074 2.69765736965033 2.83160421939997 2.98482391008964 2.76695170998573 2.6747020483017 2.59201911091805 2.63318583369255 2.24311904723828 2.0993045430917 2.04518660902977 2.05730134248734 2.0076892375946 1.97149541974068 2.2054451584816 2.00945861339569 2.18054249882698 1.77295233011246 1.79690998792648 1.74303871393204 1.78313353061676 1.18077235988208 1.31955571685519 1.38883887444224 1.81812176534108 2.00553762061255 2.0388708114624 3.03803741186857 3.52100211381912 7.66707945744926 4.29566818475723 4.26542596022288 4.07340675592422 5.15109407901764 7.69993078708649 -9999 -9999 -9999 -9999 -9999 -9999 -9999 -9999 -9999
4.84248250722885 3.33074480295181 3.22918617725372 3.13906942095075 3.07347479888371 2.99759582110814 1.9138845205307 2.29218882322311 2.21484170641218 2.11491211102559 2.14753049612045 1.94818156957626 2.03762799959916 2.03353366943506 2.12344497442245 2.18793388971916 2.81979283002707 2.97285920840043 2.84198729808514 2.8158764059727 2.7907590178343 2.99223126356418 3.09373513093362 2.67598575353622 2.48576626181602 2.45535457134247 2.18529643920752 2.20153816388204 2.08539709678063 1.97322446107864 1.90886288881302 2.23777574300766 2.09496791022164 1.98211728675025 2.06474250555038 1.96032527089119 1.53484094142914 1.5254914522171 1.43699952363968 1.29621334075928 1.32037015046392 1.34155993376459 2.02037994350706 2.29934161901474 2.65418862104416 3.46043315354516 8.9621669618707 5.88747109969457 5.2510689496994 4.65616047382355 4.66818149884542 11.842394053936 54.8364862359088 -9999 -9999 -9999 -9999 -9999 -9999 -9999 -9999 -9999
-9999 5.13678731918335 4.50611778667995 3.95884905542646 3.67794355324336 3.72636784826006 2.61776357889175 2.42310824990273 2.49501639604568 2.26890142474856 2.11766021592276 2.07273090802706 2.05160889029503 2.02087730169296 2.11881369352341 2.34265950322151 2.69263560431344 2.92388370037079 2.85430018901825 2.55083092359396 2.59477187578495 3.04169940948486 3.08071754528926 2.41588085889816 3.42778482803932 2.74085892622287 2.09556530989133 2.09695847676351 1.91855138540268 1.9206802546978 1.98759799278699 2.09888255596161 2.05672997236252 1.89488158226013 1.63076090812683 1.87388321757317 1.5570118188858 1.54123688340187 1.463718521595 1.31660929918289 1.32056385278702 1.45130254626274 1.95784113407135 2.52225171327591 4.62612443110522 -9999 8.08715844154358 6.28668300310771 6.59206275145213 8.65718203783035 16.8091680485269 24.7881436347961 53.4043399976647 48.3437293461391 -9999 -9999 -9999 -9999 -9999 -9999 -9999 -9999
-9999 -9999 -9999 -9999 -9999 2.28387522697449 4.59908587932587 2.65023484826088 3.15039048876081 2.67705687454769 2.46162948438099 2.31124875375203 2.11555750553425 2.31450828909874 2.38779482245445 2.43092286586761 2.65535864463219 2.7177145242691 2.78249638080597 2.76747829914093 2.73307589292526 3.01274391779533 3.17929818997016 2.33603882789612 2.33754900097847 2.13471508026123 1.98257167064227 2.04527409718587 2.02916917892603 1.87595736980438 2.11791828274727 1.95272397994995 1.84171870350838 1.74819561839104 1.74041810631752 1.762471139431 1.44630771279335 1.36080600619316 1.32994322776794 1.30073243975639 1.05612505399264 1.42602472351148 1.72955148816109 2.24489871263504 3.35269096121192 28.0085690391874 -9999 -9999 -9999 -9999 39.224467754364 34.744342473837 45.9339915055495 -9999 -9999 -9999 -9999 -9999 -9999 -9999 -9999 -9999
-9999 -9999 -9999 -9999 -9999 -9999 -9999 -9999 2.759227886796 3.30668239934104 2.71406929768049 2.53041189908981 2.34071071331318 2.47321284275788 2.63119510503916 2.55243616379224 2.57930481433868 2.55798701047897 2.56110624074936 2.56912786960602 2.58403347730637 2.61819126605988 3.09305911797744 3.30316322124921 2.93997493386269 1.9916478395462 2.00162535447341 1.98609182238579 1.81908524036407 1.7459804713726 1.71074661612511 1.62427648901939 1.70743802189827 1.69153082370758 1.22369202971458 1.24889995455742 1.25081229805946 1.27763369083405 1.25990852117538 1.35573654174805 1.47538040280342 1.53893713355064 1.73608144521713 2.10526930093765 12.9179346288954 29.0682649612427 -9999 -9999 -9999 -9999 17.548882484436 25.5419076330522 36.2022708257039 31.7198797225952 45.1138252258301 19.2272715734881 -9999 -9999 -9999 -9999 -9999 -9999
-9999 -9999 -9999 -9999 -9999 -9999 -9999 -9999 -9999 -9999 2.84742856484193 2.77341985702515 2.8442756831646 2.78578016391167 2.70015904536614 2.54273530153128 2.46402748731466 2.48531745672226 2.40613896846771 2.42222818136215 2.507049036026 2.27240799154554 2.34942695727715 3.15350478887558 2.42673334479332 2.06153851747513 1.95695292949677 1.97384360432625 1.89866173267365 1.68034797906876 1.64044573903084 1.38822875022888 1.29070309996605 1.21558328270912 1.17600771188736 1.21005957722664 1.15322778820992 1.14868615865707 1.25957225561142 1.44383573532104 1.60555413961411 1.75067044496536 2.05347382426262 2.92717105150223 16.3564592808196 -9999 -9999 -9999 -9999 -9999 -9999 -9999 6.96527427434921 35.9274809781243 70.517762865339 26.9507384300232 10.8786277770996 -9999 -9999 -9999 -9999 -9999
-9999 -9999 -9999 -9999 -9999 -9999 -9999 -9999 -9999 4.3704868555069 4.05698372796178 3.10911740706517 3.16404780974755 3.11209756135941 3.08022218942642 2.78328070273766 2.48720049399596 2.48157881773435 2.31839343309403 3.60712750141437 2.16598511593682 2.24521672725677 2.0186625123024 2.33195623755455 2.04259720444679 1.89973273873329 1.76436486840248 1.78570765256882 1.82776388525963 0.716818622180394 0.804236463138035 1.29410828351974 1.24249345064163 1.22960599064827 1.19994546473026 1.16846681237221 1.12902798652649 1.15094583034515 1.4540810585022 1.62534829378128 1.83642193078995 2.08584741353989 2.23108690125602 2.38350759233747 31.8575631796735 33.0447750091553 -9999 -9999 -9999 18.9118831807917 32.2727992630005 19.5326251602173 19.8279487291972 21.4927660289564 48.226904296875 27.861377435572 -9999 -9999 -9999 -9999 -9999 -9999
-9999 -9999 -9999 -9999 -9999 -9999 -9999 -9999 -9999 -9999 8.28693931102753 3.84704107046127 3.51514980196953 3.46449241787195 2.87836554875741 2.85938143730164 2.67959911823273 2.56053239107132 2.33858946561813 2.30976229906082 2.61479339599609 2.38071981668472 1.54513359986819 1.93488192558289 1.70962572097778 1.69104900956154 1.73229789733887 1.61314237117767 1.43066405653954 1.3843844473362 1.35152205228806 1.17946684819001 1.34567894339561 1.21566314192919 1.20139540961156 1.33202226758003 1.35808034539223 1.46361710429192 1.62352234721184 1.80040637850761 2.01033900465284 2.15547417742865 2.56869890008654 2.66205637795585 9.81249700124981 -9999 -9999 -9999 -9999 -9999 35.1456054397251 29.6043776321411 24.8811408333156 22.1014590056046 35.0136922200521 -9999 -9999 -9999 -9999 -9999 -9999 -9999
-9999 -9999 -9999 -9999 -9999 -9999 -9999 -9999 -9999 3.67937564849854 3.80566615949978 4.02717885375023 3.32507360898531 2.94938110388242 3.0316319167614 3.07945919036865 2.92685633897781 2.60827184915543 2.31089283227921 2.64786122739315 2.39538608099285 2.44419223070145 2.31213225126266 1.73660391569138 1.68512141704559 1.67617240548134 1.67249929904938 1.5383978843689 1.33802352547646 1.34152876138687 1.37125377655029 1.42706637382507 1.57253038883209 1.63757725954056 1.43073447277913 1.29648562520742 1.56667726380484 1.82058306932449 1.9029802262783 1.50969575132642 1.81820220606668 2.76053388629641 3.36674329212734 5.96187705669588 3.86466658115387 -9999 -9999 -9999 -9999 -9999 18.3718554905483 51.3245701789856 26.9520192639581 -9999 -9999 -9999 -9999 -9999 -9999 -9999 -9999 -9999
-9999 -9999 -9999 -9999 -9999 -9999 -9999 -9999 -9999 3.59228014404123 3.46098035573959 3.36017462611198 3.06660841061519 2.68517350233518 3.15859794616699 3.09461072087288 2.406732827425 2.01972225308418 2.27901093776409 2.14543890953064 2.61090209707618 2.47252029553056 1.98534339666367 1.76832416653633 1.7173724770546 1.62661725282669 1.59467589855194 1.72787454724312 1.22748041152954 1.25435741990805 1.64245574965197 1.41294657588005 1.86527749300003 1.94214421510696 1.95248147249222 1.80120599269867 1.82951885461807 1.78138031704085 1.88112859215055 2.35725996494293 2.46479207277298 3.08073658943176 3.32823791503906 12.9292124671843 3.86466693878174 -9999 -9999 -9999 -9999 12.1949715614319 -9999 -9999 -9999 -9999 -9999 -9999 -9999 -9999 -9999 -9999 -9999 -9999
-9999 -9999 -9999 -9999 -9999 -9999 -9999 -9999 -9999 3.69437438249588 3.58544155267569 3.49493906131158 3.53997458861424 2.82346751139714 2.59005624972857 2.64996446371079 1.99903124570847 2.01201564073563 2.15797450909248 2.05385463512861 2.14395201664705 2.08930235184156 2.14303387328982 1.74189153313637 1.69754022359848 1.63262701034546 1.72204702099164 1.81426831086477 1.87234647075335 1.30546239763498 1.69614687912604 2.03797702789307 2.02752275466919 2.12874230146408 1.70998161572676 1.41225943427819 2.15459963679314 2.25314942428044 2.41045020307813 2.10151497806822 2.28550118207932 3.03067220449448 7.27446106501988 -9999 -9999 -9999 -9999 -9999 -9999 -9999 -9999 -9999 -9999 -9999 -9999 -9999 -9999 -9999 -9999 -9999 -9999 -9999
-9999 -9999 -9999 -9999 -9999 -9999 -9999 -9999 -9999 4.17205714262449 3.93131906252641 3.60095223096701 3.39689225875414 2.84553266947086 2.73139730325112 2.5605857188885 2.13033800125122 1.75160540853228 1.89895332711084 2.22786282375455 2.06711723282933 1.9558083191514 1.86405696719885 1.79800022765994 1.61613482236862 1.62312939763069 1.63305647934184 1.86155731479327 1.8624617792666 1.39699161797762 1.41507298605783 2.17469063997269 2.26285152435303 1.95912850754602 2.0046233194215 2.49115863868168 2.37641199997493 2.39681145123073 2.56389582157135 2.2356549842017 3.03702464103699 10.7874542503822 3.93337893342397 -9999 -9999 -9999 -9999 -9999 -9999 -9999 -9999 -9999 -9999 -9999 -9999 -9999 -9999 -9999 -9999 -9999 -9999 -9999
-9999 -9999 -9999 -9999 -9999 -9999 -9999 3.28386068344116 3.94175879297585 4.04426317031567 3.84111912433918 3.30739922706897 3.16563553993519 2.53823742958216 2.4288547039032 2.21121036089384 2.05805694139921 1.86523543085371 1.95385115146637 2.02983395755291 1.92727342620492 1.88280217722058 1.93910919992547 1.85768763015145 1.46949360651128 1.56735433901058 1.79465360194445 1.90094729885459 1.41301573812962 1.46029608696699 1.18949702382088 2.31257680654526 2.36222882270813 2.08547751392637 2.10453979458128 2.4581949540547 2.37805144275938 2.31366573061262 2.29021285261427 2.77655358314514 6.628561849733 5.69786846637726 3.25656187534332 -9999 -9999 -9999 -9999 -9999 -9999 -9999 -9999 -9999 -9999 -9999 -9999 -9999 -9999 -9999 -9999 -9999 -9999 -9999
-9999 -9999 -9999 -9999 -9999 -9999 4.32823169231415 4.24194850704887 4.55193638801575 4.41013711232405 3.4690351669605 3.05366096129784 2.97024587026009 2.4049423291133 2.17689954317533 2.04074926559742 1.98443482930844 2.1286088347435 2.00164546966553 1.96310110017657 1.8619664311409 1.75712678432465 1.52582333609462 1.52254843711853 1.65451125428081 1.78002467751503 2.05357035622001 2.14236743375659 1.57381202280521 2.1730030116282 1.60113675892353 2.08400202989578 2.26007574796677 2.28674402145239 2.04754155415755 2.17660447267386 2.60767880507878 2.68292319774628 3.0582435965538 -9999 -9999 -9999 -9999 -9999 -9999 -9999 -9999 -9999 -9999 -9999 -9999 -9999 -9999 -9999 -9999 -9999 -9999 -9999 -9999 -9999 -9999 -9999
-9999 -9999 -9999 -9999 4.19071638584137 4.14532573114742 4.2332729101181 3.80743447371892 3.52767419815063 3.23769228905439 3.32806012630463 2.76764632646854 2.67994624834794 2.33909279108047 2.03132762817236 1.91591914800497 1.76481602283625 1.92527031339705 1.89625794813037 1.91877986490726 1.95374715328217 1.75357523560524 1.69759817048907 1.78296548500657 1.86687823757529 2.10870493451754 2.23888562122981 1.5397065281868 1.65862646698952 1.76789367198944 2.10999212265015 2.20209567546844 2.41246367692947 2.50695372819901 2.27795849396632 2.40911921629539 2.92856621742249 10.3763909661368 -9999 -9999 -9999 -9999 -9999 -9999 -9999 -9999 -9999 -9999 -9999 -9999 -9999 -9999 -9999 -9999 -9999 -9999 -9999 -9999 -9999 -9999 -9999 -9999
-9999 -9999 -9999 -9999 4.04666769504547 4.34228110313416 3.58966699668339 3.41058387075152 3.72580440044403 3.17949385643005 2.88929007053375 2.86958011755577 2.22792863845825 1.96493545174599 1.69195765256882 1.65433233976364 1.68992105126381 1.85049242712557 1.7495714854449 1.82002053782344 1.75945490039885 1.7389084585011 1.78949497640133 1.75486452877522 1.71208658069372 1.77299095317721 2.25333192944527 1.60722588300705 1.35178177631818 1.78510612249374 2.09377373456955 2.36807473897934 2.21872535347939 2.49068074226379 2.53720092773438 2.83177390694618 3.56553452014923 -9999 -9999 -9999 -9999 -9999 -9999 -9999 -9999 -9999 -9999 -9999 -9999 -9999 -9999 -9999 -9999 -9999 -9999 -9999 -9999 -9999 -9999 -9999 -9999 -9999
-9999 6.51455635198668 4.04565127690633 5.4828740855058 3.91621057192485 3.59863328933716 3.36626744270325 3.34881865978241 3.72442526083726 2.84977237536357 2.57247260900644 2.82130749409015 2.29982444643974 2.04060673713684 1.84977342188358 2.11639335751534 1.88257868215442 1.81727177649736 1.80740665644407 1.74956032074988 1.70831124857068 1.54471677083236 1.62133410014212 1.68706867843866 1.76002340018749 1.80270863324404 1.82842155173421 1.93348570168018 1.69138215269361 2.1681300163269 2.27321813106537 2.37244489192963 2.34989207983017 2.79509357213974 3.15466240793467 -9999 -9999 -9999 -9999 -9999 -9999 -9999 -9999 -9999 -9999 -9999 -9999 -9999 -9999 -9999 -9999 -9999 -9999 -9999 -9999 -9999 -9999 -9999 -9999 -9999 -9999 -9999
3.77785284214831 4.82779220172337 4.43327685764858 4.91796949931553 4.09622347354889 3.75521229613911 3.89656783233989 3.86088629202409 3.53148839690469 3.25396832552823 2.9345519380136 2.76185374910181 2.65030673959038 2.48306016488509 2.3727481500669 2.16765464842319 1.62725549477797 1.60157719483742 1.46173403813289 1.71898378618062 1.66206721588969 1.50430322610415 1.51817408433327 1.5343306523103 1.99410581588745 1.95158730447292 1.95799580812454 2.02461255788803 1.78488227299282 2.21965800523758 2.51982923746109 2.7358847618103 2.81543802022934 -9999 -9999 -9999 -9999 -9999 -9999 -9999 -9999 -9999 -9999 -9999 -9999 -9999 -9999 -9999 -9999 -9999 -9999 -9999 -9999 -9999 -9999 -9999 -9999 -9999 -9999 -9999 -9999 -9999
4.45347935419816 4.23491636912028 3.83314408574785 3.97216311368075 3.77272968942469 3.69161438941956 3.66520340876146 3.63181957873431 3.46541960672899 3.21879635615782 2.80102128332311 2.23155017197132 2.27176811546087 2.39440038055182 2.6037250906229 2.26282712817192 1.93407048420473 1.69397147744894 1.60780669003725 1.6446235999465 1.77943035215139 1.70865878462791 1.6557340323925 1.72978197038174 1.91258077323437 1.97994469106197 1.95038956403732 2.16985800266266 2.32634199857712 2.57815901041031 2.83805990219116 2.95291162729263 3.06600894927979 7.94992788214433 24.6854934784082 3.568645585667 -9999 -9999 -9999 -9999 -9999 -9999 -9999 -9999 -9999 -9999 -9999 -9999 -9999 -9999 -9999 -9999 -9999 -9999 -9999 -9999 -9999 -9999 -9999 -9999 -9999 -9999
4.43376523798162 4.17305309122259 4.01864147186279 4.18633964928714 3.78299143097617 3.85188021443107 3.74255665865811 3.26609527522867 3.17608720064163 2.874583076347 2.65474451130087 1.91528424620628 2.22429332137108 2.31017683446407 2.16269628297199 1.92041139981963 1.718020376834 1.72282237559557 1.73686122149229 1.79700492322445 1.67242535948753 1.67848918586969 1.75880917906761 1.85162769258022 2.07757157087326 2.11830472946167 2.27385681867599 2.3727460205555 2.83391006290913 3.06359937787056 4.84239101409912 -9999 -9999 -9999 -9999 -9999 -9999 -9999 -9999 -9999 -9999 -9999 -9999 -9999 -9999 -9999 -9999 -9999 -9999 -9999 -9999 -9999 -9999 -9999 -9999 -9999 -9999 -9999 -9999 -9999 -9999 -9999
4.22881241278215 4.35909742116928 4.52636912465096 4.17540807073767 4.14209171858701 4.06020430001345 3.80062050169165 3.1656749790365 3.02363297614184 2.80586190657182 2.51162951100956 1.89434560388327 2.14377647638321 2.06666902452707 1.92079774358056 1.65969464453784 1.69846886938268 1.6138400868936 1.85025471448898 1.68673542886972 1.77046686410904 1.98055958747864 2.09332606196404 2.20682294666767 2.46077182888985 2.56722658872604 2.65039314329624 2.68098342418671 3.19543026387691 3.34096787192605 2.88912148475647 3.0056213401258 -9999 -9999 -9999 -9999 -9999 -9999 11.7231999079386 12.6942715644836 -9999 -9999 -9999 -9999 -9999 -9999 -9999 -9999 -9999 -9999 -9999 -9999 -9999 -9999 -9999 -9999 -9999 -9999 -9999 -9999 -9999 -9999
4.16958904266357 5.79884061488238 5.14419629898938 4.2293143738871 4.94444601535797 4.78031033277512 3.42970357835293 3.44045834243298 3.06555537879467 2.5733722394163 2.18946424939416 2.07499421387911 1.96075712144375 1.74154481291771 1.74431928179481 1.48662236061963 1.491952275688 1.77506244182587 1.73036915808916 2.12668591737747 2.29621540009975 2.40145914256573 2.51503485441208 2.84455017745495 2.9901028573513 3.12302275002003 3.20886313915253 3.01635415174744 3.00668809288426 2.94047457498053 5.22856416200337 3.42093944549561 -9999 -9999 -9999 -9999 -9999 -9999 -9999 -9999 -9999 -9999 -9999 -9999 -9999 -9999 -9999 -9999 -9999 -9999 -9999 -9999 -9999 -9999 -9999 -9999 -9999 -9999 -9999 -9999 -9999 -9999
-9999 -9999 -9999 -9999 -9999 3.43411377856606 4.15232312679291 3.52801282297481 2.72186200320721 2.30949976769361 1.85043257474899 1.80937355011702 1.54388866573572 1.53632133454084 1.31902355497534 1.4748787805438 1.72953504323959 1.888248719275 2.63079071044922 2.84089224040508 2.75923249125481 2.892852216959 2.91881649196148 3.07173846662045 3.09925325079398 3.34544020228916 -9999 -9999 -9999 -9999 -9999 -9999 -9999 -9999 -9999 -9999 -9999 -9999 -9999 -9999 -9999 -9999 -9999 -9999 -9999 -9999 -9999 -9999 -9999 -9999 -9999 -9999 -9999 -9999 -9999 -9999 -9999 -9999 -9999 -9999 -9999 -9999
-9999 -9999 -9999 -9999 -9999 -9999 3.37752056121826 2.89650836316022 2.32764057815075 1.93884145468473 1.77125997841358 1.3237637498162 1.40912161361087 1.42151159860871 1.48955986716531 1.99987501989711 2.1138553944501 2.26161716742949 2.49911411242052 3.4182460308075 3.19366165469675 2.73653132468462 2.7614043915973 2.57037582909949 -9999 -9999 -9999 -9999 -9999 -9999 -9999 -9999 -9999 -9999 -9999 -9999 -9999 -9999 -9999 -9999 -9999 -9999 -9999 -9999 -9999 -9999 -9999 -9999 -9999 -9999 -9999 -9999 -9999 -9999 -9999 -9999 -9999 -9999 -9999 -9999 -9999 -9999
