EcologicalScience/Bass/data/rs_data_bass/chl_296.asc
NCOLS 226 
NROWS 124 
XLLCORNER -9.41648524995501 
YLLCORNER 47.587301625531 
CELLSIZE 0.0833 
NODATA_value -9999 
[rows 81 to 107 of 124, columns 62 to 123 of 226]
3.85158455371857 5.97498106956482 7.6620512008667 7.66205191612244 -9999 -9999 -9999 -9999 -9999 -9999 -9999 -9999 -9999 -9999 -9999 -9999 -9999 -9999 -9999 -9999 -9999 -9999 -9999 -9999 -9999 -9999 -9999 -9999 -9999 -9999 -9999 -9999 -9999 -9999 -9999 -9999 -9999 -9999 -9999 -9999 -9999 -9999 -9999 -9999 -9999 -9999 -9999 -9999 -9999 -9999 -9999 -9999 -9999 -9999 -9999 -9999 -9999 -9999 -9999 -9999 -9999 -9999
3.10444843161453 -9999 -9999 -9999 -9999 -9999 -9999 -9999 -9999 -9999 -9999 -9999 -9999 -9999 -9999 -9999 -9999 -9999 -9999 -9999 -9999 -9999 -9999 -9999 -9999 -9999 -9999 -9999 -9999 -9999 -9999 -9999 -9999 -9999 -9999 -9999 -9999 -9999 -9999 -9999 -9999 -9999 -9999 -9999 -9999 -9999 -9999 -9999 -9999 -9999 -9999 -9999 -9999 -9999 -9999 -9999 -9999 -9999 -9999 -9999 -9999 -9999
-9999 -9999 -9999 -9999 -9999 -9999 -9999 -9999 -9999 -9999 -9999 -9999 -9999 -9999 -9999 -9999 -9999 -9999 -9999 -9999 -9999 -9999 -9999 -9999 -9999 -9999 -9999 -9999 -9999 -9999 -9999 -9999 -9999 -9999 -9999 -9999 -9999 -9999 -9999 -9999 -9999 -9999 -9999 -9999 -9999 -9999 -9999 -9999 -9999 -9999 -9999 -9999 -9999 -9999 -9999 -9999 -9999 -9999 -9999 -9999 -9999 -9999
-9999 -9999 -9999 -9999 -9999 -9999 -9999 -9999 -9999 -9999 -9999 -9999 -9999 -9999 -9999 -9999 -9999 -9999 -9999 -9999 -9999 -9999 -9999 -9999 -9999 -9999 -9999 -9999 -9999 -9999 -9999 -9999 -9999 -9999 -9999 -9999 -9999 -9999 -9999 -9999 -9999 -9999 -9999 -9999 -9999 -9999 -9999 -9999 -9999 -9999 -9999 -9999 -9999 -9999 -9999 -9999 -9999 2.67232487350702 5.31057089567184 5.06624007225037 3.5182603597641 3.63315296173096
-9999 -9999 -9999 -9999 -9999 -9999 -9999 -9999 -9999 -9999 -9999 -9999 -9999 -9999 -9999 -9999 -9999 -9999 -9999 -9999 -9999 -9999 -9999 -9999 -9999 -9999 -9999 -9999 -9999 -9999 -9999 -9999 -9999 -9999 -9999 -9999 37.1749906539917 -9999 3.67441964149475 2.79173473409704 -9999 -9999 6.78586077690125 3.92054986953735 4.39066135883331 7.61151051521301 10.4380187988281 8.57710790634155 4.76801025867462 2.26561278104782 2.1795734167099 2.34558847546577 -9999 -9999 -9999 6.23454809188843 9.27361607551575 3.67203140258789 2.72714477777481 1.73112148046494 1.17321226000786 1.55113649368286
-9999 -9999 -9999 -9999 -9999 -9999 -9999 -9999 -9999 -9999 -9999 -9999 -9999 1.58870113979686 0.915282011032104 1.15455821156502 0.958875775337219 0.960906028747559 1.12509450316429 -9999 -9999 -9999 -9999 -9999 -9999 -9999 -9999 -9999 2.30737048387527 2.25381821393967 2.74638533592224 3.13129591941833 -9999 3.66949796676636 -9999 -9999 -9999 -9999 2.49367046356201 2.25531899929047 2.07728326320648 2.3731484413147 3.92056882381439 4.49740648269653 5.21813929080963 6.95861506462097 5.24291932582855 4.09300661087036 3.82286417484283 2.48234242200851 3.80050420761108 5.17370545864105 7.09360241889954 3.58151865005493 3.34051966667175 3.38104033470154 3.00565195083618 1.50481420755386 1.30005222558975 1.09648722410202 1.00299596786499 0.947654217481613
-9999 -9999 -9999 -9999 -9999 -9999 -9999 -9999 -9999 -9999 5.10289907455444 0.9948810338974 1.24188897013664 1.04618400335312 0.809892743825912 0.729353249073029 0.73370249569416 0.722203508019447 0.633737236261368 0.693694487214088 2.49423285760728 -9999 1.16752946376801 2.05092376470566 4.04175871610641 -9999 -9999 2.62127923965454 2.02101981639862 1.97966408729553 2.25522744655609 2.5964902639389 2.50025922060013 2.28082501888275 -9999 -9999 3.18574223469715 3.32812964916229 2.51611733436584 2.3012632727623 2.2209547162056 2.41123276948929 2.67768305540085 2.96805596351624 2.65659981966019 2.97504901885986 4.01369190216064 4.45710825920105 5.32716536521912 4.73690843582153 4.18364417552948 3.77538907527924 4.24772250652313 3.7824718952179 3.45953786373138 2.37654143571854 1.70823669433594 1.35542249679565 1.0036229789257 0.816663712263107 0.441381007432938 0.420606762170792
-9999 -9999 -9999 -9999 -9999 -9999 -9999 -9999 -9999 1.81932896375656 1.0609672665596 0.767081290483475 0.654866248369217 0.686786234378815 0.794361770153046 0.8789002597332 0.924225747585297 0.810701251029968 0.913632720708847 1.13800048828125 0.996901541948318 5.24942096471786 1.50926631689072 1.80704176425934 2.68642866611481 2.97608703374863 2.8848540186882 2.01044404506683 1.70769596099854 1.52693170309067 1.43131273984909 1.58723616600037 1.7617934346199 2.01976275444031 2.30491125583649 2.59329754114151 2.57192927598953 2.55078756809235 2.10723906755447 2.11509078741074 2.1361500620842 2.25985497236252 3.51392769813538 2.5943700671196 1.96404075622559 1.85171324014664 1.4865337908268 1.63149601221085 1.60521894693375 1.70690703392029 1.9113262295723 2.56406253576279 2.80048495531082 2.58233624696732 2.23417353630066 2.05067324638367 1.8762434720993 1.1061674952507 0.773730039596558 0.514031231403351 0.396266251802444 0.430805996060371
-9999 -9999 -9999 -9999 -9999 -9999 -9999 -9999 -9999 0.924009740352631 0.588109508156776 0.563671499490738 0.6679627597332 0.68682374060154 0.705224990844727 0.764646738767624 1.25289523601532 1.3065322637558 1.28590276837349 1.11084678769112 1.03973552584648 1.04265296459198 1.19337522983551 1.30140450596809 1.58879095315933 2.01443177461624 2.13164699077606 1.82082599401474 1.61414623260498 1.56675070524216 1.6157106757164 1.85409826040268 2.02098906040192 2.15655291080475 2.1612029671669 2.0311506986618 1.97886371612549 2.05099493265152 2.21056866645813 2.17124855518341 2.23636132478714 2.10756379365921 1.81385171413422 1.54358017444611 1.53175950050354 1.63074517250061 1.64811229705811 1.66047531366348 1.53044253587723 1.90200448036194 1.95308393239975 1.9533097743988 1.82884043455124 1.16827046871185 1.18593603372574 1.22477924823761 0.938405245542526 0.599600270390511 0.56657400727272 0.542992517352104 0.676258519291878 0.701324254274368
-9999 -9999 -9999 -9999 -9999 -9999 -9999 -9999 1.75412776757931 0.514663517475128 0.47103676199913 0.466223984956741 0.537588760256767 0.50654473900795 0.514079242944717 0.490058988332748 0.593637764453888 0.853126466274261 1.20490872859955 1.43796676397324 1.21604999899864 1.16139525175095 1.24469554424286 1.33109700679779 1.60312646627426 1.7155065536499 1.66893750429153 1.45148250460625 1.50838726758957 1.6231073141098 1.71239250898361 1.81709933280945 1.95077168941498 2.01694267988205 1.95590776205063 1.80681681632996 1.75820016860962 1.66722375154495 1.55081248283386 1.46126398444176 1.29982647299767 1.21223026514053 1.32662549614906 1.32656478881836 1.21636426448822 1.091891258955 0.883092731237411 0.785837262868881 0.757289975881577 1.0231094956398 1.20023846626282 1.3496610224247 1.44116628170013 1.1435212790966 1.12150204181671 1.03907623887062 0.592785000801086 0.48277348279953 0.547317758202553 0.670109242200851 0.784332007169724 0.865533739328384
1.32727915048599 0.572986006736755 0.338099241256714 0.491602510213852 -9999 -9999 -9999 1.80425101518631 1.30879873037338 0.609363734722137 0.349046252667904 0.409364998340607 0.465182259678841 0.481276497244835 0.531470239162445 0.537338241934776 0.57115575671196 0.654913499951363 0.714805483818054 0.76781103014946 1.05204972624779 1.26004502177238 1.40393552184105 1.44981077313423 1.58652752637863 1.58064669370651 1.58526903390884 1.52428579330444 1.34992128610611 1.29541128873825 1.24333727359772 1.26263773441315 1.23428696393967 1.20694354176521 1.1457607448101 1.19888323545456 1.19044795632362 1.25114473700523 1.13244447112083 1.05922123789787 1.07426252961159 1.30243501067162 1.52338206768036 1.41570228338242 1.25274297595024 1.13223677873611 1.59711295366287 1.8229433298111 2.24220603704453 2.22405982017517 2.54143345355988 2.68452304601669 2.59813731908798 1.89063155651093 1.27924051880836 0.997055232524872 0.78326404094696 0.75611400604248 0.777985543012619 0.791163772344589 0.647376760840416 0.717242270708084
0.324283495545387 0.288217507302761 0.307358242571354 0.400926008820534 1.90078753232956 0.475710734724998 0.564012765884399 0.700965017080307 0.614021256566048 0.396055519580841 0.38121297955513 0.423291742801666 0.482375264167786 0.533857494592667 0.507457494735718 0.549303755164146 0.66534523665905 0.670072495937347 0.628862231969833 0.573908999562263 0.549456730484962 0.591606751084328 0.7004085034132 0.82226550579071 0.873154520988464 0.844481259584427 0.840434968471527 0.879557222127914 0.906823486089706 0.944065511226654 0.988335013389587 1.04947051405907 1.01094076037407 0.943218022584915 0.960009723901749 1.07966628670692 1.08357301354408 1.09693649411201 1.10739147663116 1.20345371961594 1.49540475010872 1.65157270431519 1.55966770648956 1.53415417671204 1.46153846383095 1.53754717111588 2.97035104036331 2.89762419462204 2.54878574609756 3.71560657024384 4.08588087558746 3.88658916950226 4.05953192710876 3.36704385280609 3.12112784385681 2.61500626802444 1.26373422145844 1.02837225794792 0.816294729709625 0.668700769543648 0.566091746091843 0.61303348839283
0.438155248761177 0.371119491755962 0.326998494565487 0.425499022006989 0.398243978619576 0.399337515234947 0.429626271128654 0.49091774225235 0.544301256537437 0.477088496088982 0.443140491843224 0.47748751938343 0.488481760025024 0.458701506257057 0.46237725019455 0.536230489611626 0.632841020822525 0.536405235528946 0.48089025914669 0.449100002646446 0.434090986847878 0.402352496981621 0.404771983623505 0.425707519054413 0.529236003756523 0.615104243159294 0.706989750266075 0.782860457897186 0.863589763641357 0.89276996254921 0.939662218093872 0.905970722436905 0.899541735649109 0.895936489105225 0.88709020614624 0.922235995531082 0.919831484556198 0.972016543149948 1.07010447978973 1.27017375826836 1.48625403642654 1.5392991900444 1.51934856176376 1.55363255739212 1.57672047615051 1.6576035618782 2.05557757616043 2.12320876121521 2.54613000154495 3.88393342494965 4.30832397937775 4.44819152355194 3.64137589931488 2.51714694499969 2.08249282836914 1.54347521066666 1.12296304106712 0.957118481397629 0.811473727226257 0.741860255599022 0.652745246887207 0.635837987065315
0.598174497485161 0.540132746100426 0.510627016425133 0.499806001782417 0.487409994006157 0.475443765521049 0.421319246292114 0.388410732150078 0.399761259555817 0.414692267775536 0.425893485546112 0.447772487998009 0.42730875313282 0.431492999196053 0.460992738604546 0.453046515583992 0.437379017472267 0.379623010754585 0.3828015178442 0.410133764147758 0.424315497279167 0.416729986667633 0.433598980307579 0.476033985614777 0.545292735099792 0.737561255693436 0.786794990301132 0.780101269483566 0.759223490953445 0.778270483016968 0.804349511861801 0.83013528585434 0.891737222671509 0.938954293727875 0.938264966011047 0.981515228748322 0.976371020078659 1.00365453958511 1.02843895554543 1.02490648627281 1.08724129199982 1.10608801245689 1.15044522285461 1.27392303943634 1.35979199409485 1.34641572833061 1.65545618534088 1.85436451435089 2.88908243179321 4.9855170249939 4.68080914020538 3.90602767467499 2.82193726301193 1.31183552742004 1.16343221068382 1.02110776305199 0.810960710048676 0.790901988744736 0.810446262359619 0.845524460077286 0.865784972906113 0.839314520359039
0.793080747127533 0.797600269317627 0.83481752872467 0.787107735872269 0.766539752483368 0.764957249164581 0.871642470359802 0.727445259690285 0.472638756036758 0.435224264860153 0.449061021208763 0.540598511695862 0.512744262814522 0.498464271426201 0.425017520785332 0.408026978373528 0.381065994501114 0.348063759505749 0.401209518313408 0.414902240037918 0.414919495582581 0.434479504823685 0.46417424082756 0.523974001407623 0.612235486507416 0.746026486158371 0.758870244026184 0.770730793476105 0.795993000268936 0.810616493225098 0.831737279891968 0.858949542045593 0.914099246263504 0.962112754583359 0.984857261180878 1.04675477743149 1.04749649763107 1.04642772674561 1.086241543293 1.09072351455688 1.0870815217495 1.23395776748657 1.40943002700806 1.49535825848579 1.65094953775406 2.16759306192398 3.07700157165527 3.29387390613556 3.12381291389465 3.91934323310852 4.00186264514923 2.89921206235886 1.90413379669189 0.862154960632324 0.904645532369614 0.883555501699448 1.0000267624855 1.15323373675346 1.30547404289246 1.45454549789429 1.76651483774185 1.83684897422791
0.850014746189117 0.918405711650848 0.945878237485886 0.979595214128494 1.01650500297546 1.01807928085327 1.06550323963165 1.23572847247124 1.50918227434158 1.44818553328514 1.3909829556942 1.24701896309853 0.931319206953049 0.707036241889 0.628183498978615 0.498202487826347 0.373890750110149 0.35784749686718 0.42434249818325 0.472097262740135 0.499544978141785 0.518465235829353 0.56207849085331 0.583785742521286 0.583010271191597 0.709643259644508 0.82004776597023 0.90275251865387 0.91705647110939 0.895308762788773 0.889663517475128 0.916927456855774 0.995544791221619 1.04317653179169 1.09182527661324 1.17949497699738 1.22580447793007 1.22839647531509 1.17758399248123 1.16892001032829 1.16979601979256 1.21098303794861 1.61458343267441 1.78559696674347 1.94114845991135 2.64668172597885 3.70881164073944 3.53690242767334 3.74733066558838 3.49018120765686 2.5006747841835 1.71598881483078 1.26288297772408 0.876696735620499 1.02330896258354 1.17619353532791 1.5080092549324 1.65980994701385 1.88356572389603 1.95405381917953 1.54947775602341 2.59406496584415
0.92077499628067 0.97748851776123 1.06051129102707 1.08643421530724 1.1652045249939 1.01093995571136 1.14279073476791 1.37921851873398 2.28697496652603 2.75157219171524 2.80443906784058 2.03794133663177 1.08109197020531 0.833007037639618 0.675320237874985 0.605488479137421 0.571628987789154 0.556815728545189 0.520173758268356 0.540545269846916 0.568908736109734 0.58620522916317 0.665024980902672 0.720461994409561 0.715742245316505 0.844178974628448 1.08194848895073 1.2885405421257 1.29249295592308 1.19111475348473 1.1156519651413 1.07935202121735 1.08717226982117 1.20981153845787 1.39642050862312 1.48510050773621 1.50615066289902 1.44573900103569 1.40115746855736 1.25247895717621 1.21401071548462 1.21334624290466 1.54115545749664 1.5992910861969 1.8539571762085 2.67567980289459 4.77629041671753 4.33610093593597 4.75000047683716 2.34590399265289 1.46608498692513 1.22606921195984 1.11649203300476 1.29444524645805 1.59807300567627 1.70271295309067 2.44642184207039 -9999 -9999 -9999 -9999 -9999
1.07723701000214 1.15708270668983 1.33905297517776 1.56616276502609 1.44471296668053 0.815884530544281 1.09859696030617 1.48465651273727 2.74940174818039 3.23748314380646 3.48385870456696 3.62939715385437 2.9968056678772 2.23704296350479 1.29607799649239 0.559771478176117 0.554621994495392 0.592778250575066 0.605276271700859 0.658408507704735 0.683027252554893 0.613779008388519 0.781223237514496 0.883065730333328 0.90410327911377 1.20645296573639 1.39370548725128 1.72536096721888 1.3334992825985 1.32771599292755 1.3408237695694 1.57424408197403 1.59939748048782 1.82357257604599 1.82937222719193 1.74965482950211 1.75596982240677 1.63614517450333 1.48991703987122 1.27422076463699 1.20959025621414 1.23404923081398 1.27774795889854 1.29544946551323 1.37337228655815 1.33018800616264 2.23526555299759 2.67042517662048 2.28788405656815 1.1796615421772 1.31571078300476 1.45035901665688 1.35418653488159 4.19492410123348 1.66104205270283 -9999 -9999 -9999 -9999 -9999 -9999 -9999
1.20526126027107 1.14800772070885 1.25540095567703 1.76485204696655 1.93044680356979 1.05983403325081 1.29360151290894 1.69050532579422 2.39688223600388 3.39634573459625 3.34180641174316 3.50953817367554 4.88785207271576 4.0282838344574 3.24762153625488 2.21236199140549 1.13546320796013 0.638968482613564 0.640925243496895 0.752142727375031 0.773310720920563 0.786636024713516 0.818748772144318 0.832216501235962 0.894147723913193 1.02299773693085 1.40813997387886 1.72957956790924 2.20214170217514 -9999 -9999 -9999 -9999 -9999 -9999 3.14426672458649 1.6786807179451 1.64606183767319 1.5212699174881 1.24029672145844 1.14029324054718 1.11000752449036 1.00623822212219 1.13742971420288 1.51235997676849 2.09883517026901 1.84259104728699 1.59499722719193 1.71216291189194 1.55755949020386 1.76207399368286 1.69455975294113 2.32294464111328 1.9762424826622 1.97624230384827 -9999 -9999 -9999 -9999 -9999 -9999 -9999
1.06586927175522 1.05456671118736 1.17242923378944 1.33229926228523 2.19149243831635 3.29845333099365 2.71833068132401 2.83336275815964 2.63504326343536 1.58332872390747 1.18097779154778 1.20686173439026 1.70517075061798 1.98799949884415 2.35269373655319 2.38123798370361 1.78840041160583 1.11513152718544 0.786172538995743 0.865151971578598 0.90482622385025 0.942121535539627 0.867363005876541 0.792621731758118 0.862382233142853 0.965393990278244 1.44626551866531 1.71080017089844 2.03180766105652 -9999 -9999 -9999 -9999 -9999 -9999 -9999 2.66349971294403 2.02412170171738 1.79699099063873 1.59033519029617 1.67508369684219 1.48859846591949 1.11649650335312 1.14571425318718 1.37110948562622 2.70257091522217 7.6960780620575 6.4487099647522 5.06071579456329 5.44103908538818 9.96377635002136 4.41055941581726 -9999 -9999 -9999 -9999 -9999 -9999 -9999 -9999 -9999 -9999
1.21270045638084 1.12756499648094 1.14434024691582 1.97442823648453 2.92695593833923 4.27838408946991 2.40395700931549 2.28988873958588 1.93036043643951 0.682591482996941 0.700830012559891 0.78725928068161 0.761665463447571 0.810473263263702 0.980679720640182 1.23358350992203 1.42539596557617 1.4886300265789 1.07515051960945 0.92374274195457 0.935919771244476 0.75379952788353 0.836407542228699 0.783247500658035 0.786244511604309 0.861471712589264 1.05366978049278 1.42640778422356 1.3601790368557 -9999 -9999 -9999 -9999 -9999 -9999 -9999 3.23110592365265 2.89763402938843 3.18026089668274 2.25460195541382 2.14739781618118 2.092360496521 2.07129603624344 2.36202675104141 2.19051522016525 2.30780482292175 6.9466495513916 18.7182655334473 19.441294670105 15.3394074440002 13.0241432189941 16.9967579841614 13.0371286153793 -9999 -9999 -9999 -9999 -9999 -9999 -9999 -9999 -9999
1.90160018205643 1.53889793157578 1.83612531423569 2.44525945186615 2.53532552719116 2.39342844486237 0.867768734693527 0.885715484619141 0.805847972631454 0.697725757956505 0.719730734825134 0.732540741562843 0.735626980662346 0.691772997379303 0.704094752669334 0.790886968374252 0.887085020542145 0.756936728954315 0.765809208154678 0.752595752477646 0.733068734407425 0.742481991648674 0.756530284881592 0.804943531751633 0.830143511295319 0.829535990953445 1.0289212167263 1.09881001710892 1.14768147468567 1.08042302727699 -9999 -9999 -9999 -9999 -9999 -9999 -9999 3.36824476718903 5.45927530527115 15.6852493075763 2.52839326858521 3.32473111152649 3.34961557388306 3.20221710205078 2.89806604385376 3.130166888237 3.78309595584869 20.7806668281555 33.4547452926636 30.4290904998779 19.9773759841919 29.1723272323608 4.61837973242021 -9999 -9999 -9999 -9999 -9999 -9999 -9999 -9999 -9999
1.92000371217728 2.05881893634796 1.77548253536224 1.25658452510834 1.27948424220085 0.907917022705078 0.768587976694107 0.630231007933617 0.62067523598671 0.633073478937149 0.668840244412422 0.683797493577003 0.710318237543106 0.722406014800072 0.73946624994278 0.712175980210304 0.750999748706818 0.663152262568474 0.684332996606827 0.702212244272232 0.714731991291046 0.751889258623123 0.789705008268356 0.941925019025803 0.950665533542633 0.941591262817383 0.994598239660263 1.3281022310257 1.10195928812027 1.32884699106216 -9999 -9999 -9999 -9999 -9999 -9999 -9999 -9999 -9999 -9999 -9999 -9999 -9999 -9999 -9999 -9999 3.65490746498108 11.5915811061859 22.0969376564026 27.7304315133528 -9999 -9999 -9999 -9999 -9999 -9999 -9999 -9999 -9999 -9999 -9999 -9999
2.06193745136261 1.78674978017807 1.31806424260139 1.10040146112442 1.01067745685577 0.843780755996704 0.741514518857002 0.659323498606682 0.633973494172096 0.647496744990349 0.686870992183685 0.689943730831146 0.687411770224571 0.695026516914368 0.748063489794731 0.76400551199913 0.743766009807587 0.616041004657745 0.642626255750656 0.707010000944138 0.765630751848221 0.804471015930176 0.848968505859375 0.842852646112442 -9999 -9999 -9999 0.915119290351868 0.907890737056732 0.967203766107559 1.26930820941925 -9999 -9999 -9999 -9999 -9999 -9999 -9999 -9999 -9999 -9999 -9999 -9999 -9999 -9999 -9999 -9999 -9999 -9999 -9999 -9999 -9999 -9999 -9999 -9999 -9999 -9999 -9999 -9999 -9999 -9999 -9999
3.03745436668396 2.60578805208206 1.25148671865463 1.05425772070885 0.8855220079422 0.867662966251373 0.868644744157791 0.72230851650238 0.69572925567627 0.682794749736786 0.719455495476723 0.722310751676559 0.709739238023758 0.704873979091644 0.728390246629715 0.757690519094467 0.720658510923386 0.653239488601685 0.681454494595528 0.713563486933708 0.750950217247009 0.810054033994675 0.861217528581619 0.843172520399094 0.863229006528854 0.873871475458145 0.903565496206284 0.89232525229454 0.972075015306473 1.01364827156067 1.35794547200203 2.02529858412414 -9999 -9999 -9999 -9999 -9999 -9999 -9999 -9999 -9999 -9999 -9999 -9999 -9999 -9999 -9999 -9999 -9999 -9999 -9999 -9999 -9999 -9999 -9999 -9999 -9999 -9999 -9999 -9999 -9999 -9999
1.63656967878342 0.980082035064697 0.858445465564728 0.946254730224609 0.769388973712921 0.857834279537201 0.893937706947327 0.742076978087425 0.735392242670059 0.767650544643402 0.727352231740952 0.747870728373528 0.739108487963676 0.734537243843079 0.739421233534813 0.72468227148056 0.723276749253273 0.710356503725052 0.700825497508049 0.728153228759766 0.749166011810303 0.785970747470856 0.795134246349335 0.797446489334106 0.812916040420532 0.805895984172821 0.793923765420914 0.858428210020065 0.943284004926682 1.12377753853798 1.3677322268486 2.36904139320056 -9999 -9999 -9999 -9999 -9999 -9999 -9999 -9999 -9999 -9999 -9999 -9999 -9999 -9999 -9999 -9999 -9999 -9999 -9999 -9999 -9999 -9999 -9999 -9999 -9999 -9999 -9999 -9999 -9999 -9999
0.673007994890213 0.693990021944046 0.666970521211624 0.685759484767914 0.687282755970955 0.884080499410629 0.903100490570068 0.839919716119766 0.833225280046463 0.802405536174774 0.745864480733871 0.819926977157593 0.804642766714096 0.803658038377762 0.826447516679764 0.818436026573181 0.775806784629822 0.721494019031525 0.733886271715164 0.740168228745461 0.733374014496803 0.766950041055679 0.772484242916107 0.80318096280098 1.24887076020241 1.29688873887062 0.982631206512451 0.940221011638641 0.98935729265213 1.12180128693581 1.85084545612335 -9999 -9999 -9999 -9999 -9999 -9999 -9999 -9999 -9999 -9999 -9999 -9999 -9999 -9999 -9999 -9999 -9999 -9999 -9999 -9999 -9999 -9999 -9999 -9999 -9999 -9999 -9999 -9999 -9999 -9999 -9999
