EcologicalScience/Bass/data/rs_data_bass/chl_248.asc
NCOLS 226 
NROWS 124 
XLLCORNER -9.41648524995501 
YLLCORNER 47.587301625531 
CELLSIZE 0.0833 
NODATA_value -9999 
[rows 54 to 80 of 124, columns 124 to 185 of 226]
2.94305402040482 2.08171945810318 1.7750655412674 1.9549965262413 1.87083667516708 1.81128519773483 1.78069281578064 2.40536248683929 1.6258088350296 1.23023548722267 1.28837022185326 1.27035972476006 1.13232377171516 1.20047548413277 1.27352929115295 1.54320001602173 1.63084048032761 1.93675428628922 2.20369201898575 2.7599880695343 2.92664855718613 3.35319828987122 2.69977569580078 4.43765115737915 6.59301853179932 6.80264711380005 7.01460242271423 8.16544318199158 10.1637010574341 10.4104707241058 11.0273215770721 10.1780948638916 9.18758368492126 6.00833988189697 5.44015431404114 4.85780167579651 3.7414755821228 2.82331269979477 2.17333871126175 2.14668077230453 2.8828125 3.58338439464569 5.51350057125092 6.22585129737854 7.81774735450745 8.02815842628479 7.11527895927429 6.7045419216156 7.98554348945618 8.58325123786926 12.838623046875 10.7824358046055 13.887876033783 11.1231501102448 12.2627681493759 12.6350880861282 12.7737958431244 13.9230757713318 13.5395744868687 15.2344157359744 5.87498241555905 -9999
4.35174536705017 2.57179498672485 2.00636172294617 1.9542510509491 2.27130746841431 1.89782845973969 1.63140606880188 2.10048151016235 1.62748199701309 1.31440803408623 1.62116253376007 1.74088793992996 1.65980100631714 1.40353202819824 1.5115739107132 1.91420030593872 2.88864076137543 3.25309932231903 3.81983184814453 4.82483983039856 5.40126085281372 5.6846559047699 7.28081774711609 10.4644632339478 10.7443270683289 9.92205905914307 10.5002195835114 14.9682083129883 13.9075784683228 11.3303453922272 11.1294357776642 10.8939757347107 8.40177297592163 6.03235459327698 5.33022522926331 4.02843225002289 2.97047406435013 2.5430166721344 1.87045133113861 2.08605229854584 2.82681226730347 3.57809543609619 5.38644218444824 6.62700319290161 6.25837969779968 8.92546892166138 11.136332988739 7.81573534011841 9.32558083534241 7.53072452545166 7.78464084863663 9.13903012275696 8.03854465484619 10.7992250919342 11.2402072906494 10.2566343784332 10.5720698833466 -9999 -9999 -9999 -9999 -9999
3.31246876716614 3.18436110019684 2.28968846797943 2.44431298971176 2.56582206487656 2.87602347135544 2.19614624977112 1.96962368488312 1.77458918094635 1.61317348480225 1.58915108442307 1.89700502157211 1.99049019813538 2.12904596328735 2.22758692502975 3.15216314792633 4.6262766122818 7.01627254486084 9.04438591003418 9.85783910751343 9.4809901714325 8.47437071800232 13.1133713722229 13.8657145500183 15.8803954124451 14.9197654724121 13.6898875236511 18.1762647628784 17.6143956184387 14.0083951950073 10.8415975570679 10.2133991718292 5.57480764389038 3.77828335762024 2.473304271698 2.1328192949295 1.84324353933334 2.02646774053574 1.6326465010643 2.09471994638443 2.85678595304489 3.64518964290619 5.95992958545685 6.70828485488892 8.16371655464172 11.6165134906769 10.5074415206909 3.83611585782922 5.303524518013 7.72668546438217 7.32565462589264 9.92952811717987 12.9920123985835 14.7835175469518 -9999 -9999 -9999 -9999 -9999 -9999 -9999 -9999
4.08645808696747 2.73248845338821 2.98628479242325 3.02311956882477 3.32610583305359 3.71206641197205 2.91602557897568 2.83728003501892 2.42202973365784 1.8766987323761 1.68043273687363 1.9745557308197 2.12178683280945 2.31968933343887 4.63049840927124 8.04892158508301 9.92381429672241 10.9148468971252 9.53435754776001 10.206680059433 9.81012868881226 12.9452376365662 14.0294222831726 10.3020250797272 8.96553826332092 11.5938498973846 10.4030034542084 17.4665307998657 15.9403495788574 14.6730237007141 13.8094482421875 8.98749375343323 3.79372107982635 2.51127147674561 1.72001856565475 1.56671780347824 1.66933125257492 2.4461504817009 2.09217149019241 2.19804382324219 2.75123172998428 3.71023499965668 5.2120213508606 7.71802997589111 13.5206165313721 16.2114543914795 12.1356296539307 6.36717637635152 15.9215941429138 14.1401853561401 13.8339157104492 11.206324338913 25.8982172012329 -9999 -9999 -9999 -9999 -9999 -9999 -9999 -9999 -9999
11.0578064918518 9.71412920951843 5.69442665576935 5.09529590606689 5.11067640781403 5.31206631660461 6.16433358192444 5.8774688243866 6.59758329391479 6.76983332633972 3.39770936965942 1.49963548779488 3.2473132610321 1.70081251859665 4.14531755447388 14.2435526847839 11.555163860321 9.60820198059082 7.45898795127869 9.73309993743896 10.2902011871338 10.1155128479004 7.07551574707031 5.52033662796021 5.91882455348969 8.20754742622375 15.0113997459412 16.8896484375 15.6970024108887 14.3319826126099 15.4355893135071 7.59693574905396 2.9857125878334 2.05283850431442 1.51044148206711 0.980506539344788 1.54425001144409 1.61539793014526 1.0440262556076 1.3683554828167 1.51562994718552 3.70274412631989 5.29398357868195 10.3292562961578 21.9815211296082 67.2912769317627 15.3151465415955 14.1470174789429 20.1281790733337 19.9368324279785 21.3489933013916 22.5137715339661 60.0013046264648 -9999 -9999 -9999 -9999 -9999 -9999 -9999 -9999 -9999
-9999 16.0167570948601 27.7278070449829 29.5911512374878 35.8297033309937 17.5264663696289 10.4202003479004 12.4440407752991 16.7692637443542 14.0441651344299 24.9508209228516 3.42900538444519 5.403280377388 8.76231050491333 11.8975875377655 19.9478759765625 6.48427319526672 9.33610868453979 6.76787495613098 7.12318825721741 11.7639448642731 4.39188301563263 2.74063271284103 3.97632157802582 5.19544816017151 4.07777988910675 6.20737195014954 11.688423871994 11.3046712875366 9.96821308135986 9.62761259078979 5.78051090240479 2.98067092895508 1.59332853555679 1.15029448270798 0.65863573551178 0.76875302195549 0.838378518819809 1.06124174594879 1.29208275675774 2.19415497779846 3.5286773443222 7.30454993247986 14.9977140426636 27.0402231216431 -9999 11.0745043754578 14.5567440986633 19.4738879203796 24.3078937530518 51.5807762145996 54.5225601196289 66.4373016357422 49.5726692987525 -9999 -9999 -9999 -9999 -9999 -9999 -9999 -9999
-9999 -9999 -9999 -9999 -9999 2.28387522697449 15.7577090263367 17.7062544822693 24.7497940063477 27.7934703826904 20.5756616592407 24.6167850494385 15.0309362411499 31.7821311950684 29.1409921646118 32.0731058120728 7.525634765625 3.68230783939362 6.88937044143677 9.13370561599731 10.8517334461212 2.15091079473495 1.12170749902725 1.20807972550392 3.3445873260498 3.55441725254059 4.07861566543579 5.30403900146484 5.34576988220215 5.35836839675903 3.96980631351471 2.51771396398544 2.10205578804016 1.71642673015594 1.10714703798294 0.714926227927208 0.743249237537384 0.746187016367912 0.909484505653381 1.53477966785431 6.3238799571991 11.1876747608185 12.9589591026306 16.4962048530579 28.3250570297241 20.4462140127293 -9999 -9999 -9999 -9999 68.2476940155029 65.8684730529785 68.763484954834 22.5756068009597 -9999 -9999 -9999 -9999 -9999 -9999 -9999 -9999
-9999 -9999 -9999 -9999 -9999 -9999 -9999 -9999 8.43973517417908 5.65204256772995 5.41747623682022 7.28119790554047 6.84930235147476 27.4617547988892 6.12572693824768 22.4587397575378 7.49343466758728 1.93092370033264 1.53089708089828 4.91760957241058 9.16257834434509 2.06882017850876 0.823338747024536 0.81310048699379 0.772228538990021 1.2812587916851 2.31011402606964 3.37633645534515 2.17941373586655 1.81192570924759 1.0972755253315 1.9594874382019 2.12509042024612 1.67980867624283 1.05530172586441 0.887199014425278 0.788264214992523 0.903412520885468 1.32330599427223 3.176873087883 4.96948063373566 8.12226033210754 11.8750154972076 9.94171357154846 6.79360995027754 29.0682649612427 -9999 -9999 -9999 -9999 17.548882484436 48.1752506891886 50.1179663340251 20.3993067741394 35.5085815429688 39.153739097167 -9999 -9999 -9999 -9999 -9999 -9999
-9999 -9999 -9999 -9999 -9999 -9999 -9999 -9999 -9999 -9999 6.84176176786423 6.64483827352524 37.6703968048096 11.0204515457153 16.7416348457336 4.75002300739288 1.88192027807236 1.32295802235603 1.05596020817757 2.52637052536011 6.15231513977051 2.39759856462479 0.878145754337311 0.803913027048111 0.682442262768745 0.606703519821167 0.590090230107307 0.687350258231163 0.587261259555817 0.515381991863251 0.654180765151978 1.06938976049423 1.3377742767334 1.2807659804821 1.12426498532295 1.0432867705822 1.06655403971672 1.68257242441177 4.64716279506683 6.86963224411011 7.30976486206055 13.2673645019531 14.6578946113586 17.4258828163147 13.760683007032 -9999 -9999 -9999 -9999 -9999 -9999 -9999 9.86645775379204 54.0427722930908 38.0958681106567 24.4890008926392 10.8786277770996 -9999 -9999 -9999 -9999 -9999
-9999 -9999 -9999 -9999 -9999 -9999 -9999 -9999 -9999 4.3704868555069 10.8031923472881 8.09311884641647 26.7798013687134 11.8676819801331 20.4332184791565 5.16268730163574 2.59699791669846 1.39906275272369 0.806976020336151 1.42207351326942 1.84228867292404 1.18213427066803 0.703541994094849 0.627923235297203 0.563757017254829 0.476500511169434 0.481951519846916 0.522686988115311 0.597079485654831 0.63051675260067 0.630207002162933 0.731445729732513 0.759647995233536 0.913394272327423 0.965231984853745 0.944478034973145 1.18711200356483 1.99721467494965 6.65419149398804 7.47087049484253 10.2049076557159 21.5575504302979 30.5173215866089 17.9818396568298 23.3910067816382 33.0447750091553 -9999 -9999 -9999 22.306893825531 17.3954257965088 14.5216698646545 45.0128288269043 27.2546553611755 28.0715507268906 18.149272441864 15.3816034370853 -9999 -9999 -9999 -9999 -9999
-9999 -9999 -9999 -9999 -9999 -9999 -9999 -9999 -9999 -9999 8.19478279352188 12.2693438529968 5.93806064128876 4.56998991966248 5.93025684356689 3.15429604053497 1.73981916904449 1.20135077834129 0.779769748449326 0.62763449549675 0.642127498984337 0.569765254855156 0.543688505887985 0.567456766963005 0.557952001690865 0.52241550385952 0.55273126065731 0.754872769117355 0.700162500143051 0.671738997101784 0.758221507072449 0.812171995639801 0.856808960437775 0.878950506448746 0.805820971727371 0.830720990896225 1.45009651780128 3.91875457763672 9.27470254898071 11.1442050933838 14.1598563194275 10.6287138462067 17.1515393257141 21.2045617103577 8.80411789197366 -9999 -9999 -9999 -9999 -9999 19.0954728126526 17.6757659912109 29.5024309158325 16.8477468490601 34.9362144470215 -9999 -9999 -9999 -9999 -9999 -9999 -9999
-9999 -9999 -9999 -9999 -9999 -9999 -9999 -9999 -9999 3.67937564849854 4.74378526210785 3.6132230758667 2.81012552976608 2.56738132238388 1.86579304933548 1.72476142644882 1.19516399502754 0.923504233360291 0.765288770198822 0.656670749187469 0.776131510734558 0.759674280881882 0.572070747613907 0.579023256897926 0.586293742060661 0.713798984885216 0.923821538686752 0.981800258159637 0.86630854010582 0.858137995004654 0.957467973232269 1.03555878996849 1.14627975225449 1.15200224518776 1.21368303894997 1.5136154294014 2.14219880104065 4.77536165714264 8.1691632270813 11.2269201278687 18.1868405342102 15.8824653625488 38.2659502029419 6.18010360291861 3.86466658115387 -9999 -9999 -9999 -9999 -9999 52.728964902042 37.9545249938965 27.6676769256592 -9999 -9999 -9999 -9999 -9999 -9999 -9999 -9999 -9999
-9999 -9999 -9999 -9999 -9999 -9999 -9999 -9999 -9999 4.96940480037169 4.31139886379242 3.57952201366425 2.69103670120239 2.18389052152634 1.62504976987839 1.42542672157288 0.876416981220245 0.808910965919495 0.691919267177582 0.75027671456337 0.642348021268845 0.588372766971588 0.572123229503632 0.58025099337101 0.604894503951073 0.991179764270782 1.42716300487518 1.01888626813889 0.807924002408981 0.81572699546814 0.905363291501999 1.1716057062149 1.72679167985916 2.1335032582283 2.45535600185394 2.9414302110672 3.34542596340179 4.62759840488434 8.4116542339325 16.1598687171936 14.9183964729309 16.4937200546265 15.3908749580383 10.7702932213117 3.86466693878174 -9999 -9999 -9999 -9999 12.1949715614319 -9999 -9999 -9999 -9999 -9999 -9999 -9999 -9999 -9999 -9999 -9999 -9999
-9999 -9999 -9999 -9999 -9999 -9999 -9999 -9999 -9999 4.53624832630157 4.3410884141922 3.15569472312927 2.64101850986481 2.18640375137329 1.67396700382233 1.37541523575783 0.951065272092819 0.763140767812729 0.65939399600029 0.659832760691643 0.553963512182236 0.493518769741058 0.490783497691154 0.547578021883965 0.585884258151054 0.661969497799873 0.742406979203224 0.764429211616516 0.825078785419464 0.870150715112686 1.12342724204063 1.61186617612839 1.97414696216583 2.17547249794006 2.84155207872391 3.39365637302399 5.63880908489227 6.33929443359375 8.66525101661682 10.6145439147949 13.7931003570557 11.9567170143127 5.08885570924673 -9999 -9999 -9999 -9999 -9999 -9999 -9999 -9999 -9999 -9999 -9999 -9999 -9999 -9999 -9999 -9999 -9999 -9999 -9999
-9999 -9999 -9999 -9999 -9999 -9999 -9999 -9999 -9999 3.93789374828339 3.69942533969879 3.15075516700745 3.03181886672974 1.83863246440887 1.48850548267365 1.12668603658676 0.996847540140152 0.972893983125687 0.756420761346817 0.735579013824463 0.621045738458633 0.510314986109734 0.475105494260788 0.475692763924599 0.541085243225098 0.661982238292694 0.747527986764908 0.829787224531174 0.897861778736115 1.04887202382088 1.17504823207855 1.63051879405975 1.90348416566849 2.07910269498825 2.54384994506836 4.25407862663269 6.57611560821533 9.17516541481018 10.1282122135162 12.9794368743896 10.0329837799072 5.06832393477945 8.76339157518134 -9999 -9999 -9999 -9999 -9999 -9999 -9999 -9999 -9999 -9999 -9999 -9999 -9999 -9999 -9999 -9999 -9999 -9999 -9999
-9999 -9999 -9999 -9999 -9999 -9999 -9999 3.28386068344116 4.29228515625 3.06200551986694 3.03295719623566 2.81633394956589 2.91913944482803 2.11640024185181 1.63272893428802 1.53202879428864 0.918437987565994 0.844222515821457 0.889050722122192 0.805021494626999 0.775925248861313 0.766643285751343 0.66907574236393 0.669196486473083 0.721370995044708 0.784445285797119 0.861380964517593 0.901063531637192 1.0049130320549 1.18228501081467 1.32721871137619 1.57732057571411 1.82446575164795 2.00094527006149 2.19865125417709 3.4127790927887 5.9627001285553 12.5360112190247 10.0095212459564 18.0706386566162 13.2512814784513 5.69786846637726 3.25656187534332 -9999 -9999 -9999 -9999 -9999 -9999 -9999 -9999 -9999 -9999 -9999 -9999 -9999 -9999 -9999 -9999 -9999 -9999 -9999
-9999 -9999 -9999 -9999 -9999 -9999 3.62191270457374 4.73017199472948 4.66280922889709 3.0211193561554 3.05566799640656 2.78712379932404 2.57357096672058 2.52840006351471 1.85486841201782 0.970834493637085 1.01113647222519 0.896526038646698 0.920817732810974 0.873363733291626 0.835875034332275 0.95501697063446 1.05169129371643 1.12887373566628 1.0547182559967 1.00183796882629 1.09673479199409 1.21471720933914 1.43798249959946 1.52967756986618 1.8629504442215 2.1898627281189 2.45742756128311 2.9312955737114 3.66509342193604 6.38093519210815 8.03060603141785 7.61562395095825 7.40926337242126 -9999 -9999 -9999 -9999 -9999 -9999 -9999 -9999 -9999 -9999 -9999 -9999 -9999 -9999 -9999 -9999 -9999 -9999 -9999 -9999 -9999 -9999 -9999
-9999 -9999 -9999 -9999 4.41849220749791 3.86220953464508 3.44526091217995 4.42233892679215 2.84848272800446 2.40589874982834 1.72230970859528 2.08755218982697 2.22246605157852 1.98681896924973 1.87415170669556 1.7933235168457 1.44043198227882 1.09548595547676 1.03051874041557 1.08644771575928 1.0087785422802 1.11402297019958 1.17891150712967 1.21838700771332 1.23164847493172 1.28987324237823 1.59573447704315 1.85522621870041 1.7029042840004 2.04897218942642 2.3848671913147 2.82539176940918 3.52487182617188 3.8126038312912 6.54508709907532 11.0825865268707 11.3119139671326 10.2181483323757 -9999 -9999 -9999 -9999 -9999 -9999 -9999 -9999 -9999 -9999 -9999 -9999 -9999 -9999 -9999 -9999 -9999 -9999 -9999 -9999 -9999 -9999 -9999 -9999
-9999 -9999 -9999 -9999 3.21887972775628 3.58244898984599 2.84277613957723 2.66570384502411 3.65226817131042 2.55100804567337 1.78841775655746 1.87509226799011 1.83055418729782 1.81734216213226 1.77033072710037 1.2211155295372 1.22116273641586 0.971065521240234 0.998723208904266 1.05899628996849 1.160510212183 1.32074323296547 1.39528423547745 1.35279151797295 1.28301823139191 1.84992527961731 2.5845308303833 2.88511508703232 2.33965051174164 2.97583866119385 3.27580726146698 3.59020864963531 3.83951640129089 4.48343324661255 16.0851845741272 40.2826280593872 43.1639242172241 -9999 -9999 -9999 -9999 -9999 -9999 -9999 -9999 -9999 -9999 -9999 -9999 -9999 -9999 -9999 -9999 -9999 -9999 -9999 -9999 -9999 -9999 -9999 -9999 -9999
-9999 31.9129189752334 3.70070078206617 3.50305910027304 4.96771860122681 3.29936492443085 3.19276213645935 3.72763216495514 3.59545719623566 2.27615332603455 1.76905274391174 1.29769277572632 1.7463630437851 1.14488026499748 0.959181725978851 0.932573229074478 1.13101878762245 1.27948647737503 1.18339946866035 1.30969646573067 1.52886682748795 1.82192480564117 1.41456824541092 1.41849821805954 1.55836719274521 2.30593425035477 2.72677570581436 2.61811494827271 2.56161153316498 2.77899152040482 3.51996159553528 5.02645790576935 7.23338055610657 16.439745426178 13.6165008544922 12.467282213948 -9999 -9999 -9999 -9999 -9999 -9999 -9999 -9999 -9999 -9999 -9999 -9999 -9999 -9999 -9999 -9999 -9999 -9999 -9999 -9999 -9999 -9999 -9999 -9999 -9999 -9999
10.382137128285 4.42455273139768 4.5953043790964 3.94932417358671 3.67233002185822 3.44141042232513 3.34194588661194 3.15527629852295 2.98090267181396 3.1393711566925 2.09819394350052 1.2355529665947 1.12150499224663 0.878433018922806 0.773555964231491 0.92325147986412 1.61496895551682 1.70210695266724 2.00937741994858 3.63918828964233 1.97160977125168 1.8585621714592 2.07985657453537 1.56853419542313 1.96117579936981 2.68033057451248 3.04438269138336 2.86374306678772 2.95711952447891 4.04022824764252 4.93701839447021 6.94391655921936 11.0622253417969 -9999 -9999 -9999 -9999 -9999 -9999 -9999 -9999 -9999 -9999 -9999 -9999 -9999 -9999 -9999 -9999 -9999 -9999 -9999 -9999 -9999 -9999 -9999 -9999 -9999 -9999 -9999 -9999 -9999
20.2663685408506 3.0608719757625 4.69744849205017 3.52311229705811 3.30569708347321 3.23962354660034 3.53125655651093 3.6091228723526 3.136603474617 2.27742683887482 2.10081231594086 2.22477006912231 4.29707479476929 1.5393825173378 0.99305847287178 1.0983202457428 1.53287100791931 2.15966391563416 3.05528247356415 4.79994142055511 3.06600379943848 2.96666103601456 2.85513532161713 2.53197294473648 2.13546448945999 2.79337799549103 3.12794637680054 3.12275111675262 5.34411013126373 6.69915747642517 7.29243135452271 9.38391709327698 7.34472069740295 14.1708540916443 12.3323850631714 5.63225897514459 -9999 -9999 -9999 -9999 -9999 -9999 -9999 -9999 -9999 -9999 -9999 -9999 -9999 -9999 -9999 -9999 -9999 -9999 -9999 -9999 -9999 -9999 -9999 -9999 -9999 -9999
5.7233013510704 5.00546157360077 4.57944059371948 4.44007515907288 4.72506380081177 4.73222100734711 4.3526930809021 3.12416410446167 2.98979330062866 4.03626215457916 4.19759917259216 5.22272408008575 5.86059987545013 1.57796394824982 1.24571853876114 1.20686995983124 2.14008218050003 6.16904425621033 7.27935647964478 3.51220428943634 7.20722222328186 6.20924234390259 5.96713185310364 4.43486487865448 2.88250422477722 3.15939438343048 3.46751010417938 3.78964126110077 5.79593110084534 6.87366127967834 6.63213191191355 -9999 -9999 -9999 -9999 -9999 -9999 -9999 -9999 -9999 -9999 -9999 -9999 -9999 -9999 -9999 -9999 -9999 -9999 -9999 -9999 -9999 -9999 -9999 -9999 -9999 -9999 -9999 -9999 -9999 -9999 -9999
5.62882509827614 5.3147466480732 5.46222424507141 5.26266896724701 5.19184720516205 4.3640124797821 3.71491974592209 4.86286783218384 4.84413814544678 6.34619092941284 5.05002057552338 6.64786505699158 3.58995223045349 1.40848276019096 1.35684522986412 3.76314210891724 7.3485381603241 7.1325523853302 3.47785484790802 1.137271463871 1.21576121449471 1.31300023198128 1.56272542476654 2.5310692191124 3.79560434818268 3.79950284957886 4.10565519332886 4.90521597862244 6.10087358951569 6.57682818174362 6.59161287546158 6.1368673324585 -9999 -9999 -9999 -9999 -9999 -9999 25.6911960466584 12.6942715644836 -9999 -9999 -9999 -9999 -9999 -9999 -9999 -9999 -9999 -9999 -9999 -9999 -9999 -9999 -9999 -9999 -9999 -9999 -9999 -9999 -9999 -9999
3.34252485632896 8.38734126091003 5.95027080449191 6.95380916860368 5.04833238199353 3.71639494205776 3.72306597232819 5.05908894538879 6.97686982154846 6.02661752700806 4.64413440227509 12.1341876983643 2.82185393571854 0.870588719844818 1.04875946044922 0.812055766582489 0.885902971029282 0.921365261077881 1.11041548848152 1.30443450808525 1.37103527784348 1.27726498246193 1.73067516088486 5.2398487329483 4.78216946125031 4.14658641815186 4.74866956472397 4.96314033865929 5.19454845786095 6.16000657081604 8.51827555976502 3.42093944549561 -9999 -9999 -9999 -9999 -9999 -9999 -9999 -9999 -9999 -9999 -9999 -9999 -9999 -9999 -9999 -9999 -9999 -9999 -9999 -9999 -9999 -9999 -9999 -9999 -9999 -9999 -9999 -9999 -9999 -9999
-9999 -9999 -9999 -9999 -9999 4.03934917951885 4.79934911727905 5.47340261936188 6.52930283546448 4.80467784404755 2.49785631895065 2.30754446983337 1.46261546015739 1.10342171788216 0.843706458806992 0.940153509378433 1.30205172300339 1.33587375283241 1.73246705532074 1.70253753662109 1.59844279289246 1.73777782917023 3.12616860866547 8.05449119210243 5.86835919726979 7.65862382542003 -9999 -9999 -9999 -9999 -9999 -9999 -9999 -9999 -9999 -9999 -9999 -9999 -9999 -9999 -9999 -9999 -9999 -9999 -9999 -9999 -9999 -9999 -9999 -9999 -9999 -9999 -9999 -9999 -9999 -9999 -9999 -9999 -9999 -9999 -9999 -9999
-9999 -9999 -9999 -9999 -9999 -9999 9.01640796661377 6.57339406013489 6.77625632286072 3.89024090766907 1.72821146249771 0.828981757164001 0.97043851017952 1.05632999539375 1.20238351821899 1.54763549566269 2.16511058807373 1.95064347982407 1.87998908758163 1.69169783592224 2.0455350279808 6.55113577842712 7.20959520339966 3.28927089092208 -9999 -9999 -9999 -9999 -9999 -9999 -9999 -9999 -9999 -9999 -9999 -9999 -9999 -9999 -9999 -9999 -9999 -9999 -9999 -9999 -9999 -9999 -9999 -9999 -9999 -9999 -9999 -9999 -9999 -9999 -9999 -9999 -9999 -9999 -9999 -9999 -9999 -9999
