EcologicalScience/Bass/data/rs_data_bass/chl_451.asc
NCOLS 226 
NROWS 124 
XLLCORNER -9.41648524995501 
YLLCORNER 47.587301625531 
CELLSIZE 0.0833 
NODATA_value -9999 
[rows 54 to 80 of 124, columns 124 to 185 of 226]
2.79587996006012 2.76321297883987 2.72589075565338 2.78362208604813 2.40562641620636 2.18673974275589 2.02193856239319 2.03941869735718 2.13328957557678 2.09812867641449 2.20404982566833 2.27397376298904 2.25814253091812 3.12741136550903 2.23968875408173 2.98290753364563 2.59477132558823 1.7609167098999 1.79374051094055 1.72493541240692 1.66520547866821 1.69340407848358 1.65623778104782 1.77922278642654 1.90585881471634 1.99627357721329 3.00432586669922 2.34474033117294 2.07969850301743 2.12175351381302 2.13211610913277 2.06975063681602 2.0612695813179 2.05556854605675 2.14194747805595 2.06725314259529 1.88642245531082 1.81583958864212 1.61973939836025 1.44865384697914 1.39767707884312 1.00757423639297 1.06751173734665 1.27414686977863 1.26838351786137 1.55284349620342 2.71846050024033 2.00315397977829 3.02781307697296 4.09355700016022 3.96504807472229 5.60681047042211 5.66246505578359 5.28991162776947 6.8227915763855 8.12431728839874 6.26813316345215 6.12299126386642 6.68580991029739 7.78426164043836 -9999 -9999
3.20407783985138 2.90735846757889 2.75834405422211 2.74055850505829 2.41638976335526 2.0002019405365 2.09032505750656 2.12986797094345 2.20959824323654 2.14324575662613 2.16370350122452 2.18152356147766 1.92968541383743 1.89293092489243 2.49422317743301 2.77767527103424 2.06813031435013 1.83462756872177 1.70987033843994 1.70974427461624 1.70002502202988 1.66778182983398 1.59965479373932 1.87458676099777 2.11062633991241 2.14287829399109 2.47420978546143 1.95520493388176 1.95328608155251 1.93687874078751 2.05573537945747 2.11480844020844 2.10716772079468 2.18511933088303 1.85163593292236 1.84951686859131 1.74882370233536 1.65841126441956 1.09866970777512 1.22573585808277 1.24596333503723 1.74901074171066 1.27371266484261 1.65660828351974 1.90371894836426 1.94266051054001 2.56497555971146 3.05037671327591 4.3424601316452 4.5260843038559 5.43829892079035 10.7811169624329 7.49263966083527 8.68775832653046 8.51952195167542 10.2442282896775 10.5720698833466 -9999 -9999 -9999 -9999 -9999
2.80951797962189 2.72970205545425 2.80949467420578 2.78533941507339 2.74271553754807 2.41658180952072 1.96103471517563 2.27957099676132 2.0051377415657 2.04148954153061 2.01884025335312 2.42669999599457 2.17015957832336 2.42322671413422 3.07838916778564 2.20032978057861 2.12547755241394 1.77428555488586 1.74662393331528 1.68793952465057 1.68052196502686 1.70294773578644 2.46187824010849 2.43359756469727 2.47658738493919 2.30531850457191 2.2105211019516 2.10866922140121 2.2335858643055 2.25628191232681 2.10959324240685 2.10951939225197 1.90210473537445 1.87013393640518 1.89794075489044 1.9181552529335 1.88949906826019 1.80815669894218 1.79901820421219 1.75818103551865 1.83273458480835 1.83929771184921 1.44940991699696 1.72587110102177 2.04180255532265 2.42917200922966 3.02506238222122 2.92735259011388 9.70471028486888 5.07975049813588 7.2225417693456 5.68644213676453 6.73608827590942 9.14805515110493 -9999 -9999 -9999 -9999 -9999 -9999 -9999 -9999
3.01792353391647 2.94833171367645 2.90870994329453 2.89860892295837 2.91833317279816 2.85638469457626 2.70654219388962 2.0855348110199 2.02706032991409 1.976218521595 2.16531157493591 3.85244035720825 3.01186966896057 2.40985196828842 2.01083993911743 2.50474494695663 1.89523726701736 1.92125254869461 1.81357955932617 1.72523242235184 1.76183027029037 1.81672203540802 1.98312896490097 2.06323501467705 2.02621945738792 2.27785947918892 2.33775186538696 2.26532176136971 2.19552826881409 2.14550060033798 1.99814549088478 1.98856464028358 1.89793854951859 1.89535307884216 1.89042896032333 1.94817924499512 2.07718056440353 2.07987022399902 2.00316578149796 2.04954051971436 1.32962469756603 1.4140762835741 1.43718391656876 1.72718062400818 2.50810613632202 4.22882195711136 5.57788995434256 17.9551701896331 9.49035719821328 6.87198619544506 7.47914958000183 7.10648930072784 7.06623836358388 15.1298559936317 -9999 -9999 -9999 -9999 -9999 -9999 -9999 -9999
3.34975361824036 3.33956623077393 3.35781812667847 3.34853339195251 3.29330921173096 3.34666872024536 3.19783580303192 3.05223512649536 2.95572298765182 2.83915346860886 2.43175578117371 2.62736773490906 2.3510822057724 2.17336755990982 1.99313521385193 2.09042727947235 2.55826646089554 2.13573306798935 2.13825219869614 2.17076772451401 2.25090372562408 2.31530177593231 2.04278022050858 2.01903632283211 1.75298291444778 1.82567140460014 2.18058970570564 2.25568726658821 2.12047120928764 1.93463400006294 2.00280201435089 1.95956003665924 1.91823047399521 1.89294481277466 1.87996146082878 1.64108964800835 1.52526788413525 1.47085422277451 2.23176670074463 2.76279902458191 1.44673915207386 2.00416271388531 2.32003319263458 2.62239530682564 3.3699746131897 3.84394004765679 8.27227973937988 5.93325859308243 6.23617118597031 6.01652812957764 6.41777157783508 5.63300144672394 55.9903709187227 -9999 -9999 -9999 -9999 -9999 -9999 -9999 -9999 -9999
26.4478769552708 3.57040286064148 3.48482322692871 3.5834094285965 3.68589913845062 3.75951218605042 4.01862823963165 3.89744174480438 3.5168731212616 3.38984084129333 3.1685585975647 2.98124402761459 2.52308696508408 2.57193142175674 2.20968121290207 2.26530003547668 2.65807873010635 2.76484125852585 3.17013001441956 2.91969591379166 3.0368617773056 2.9135617017746 2.65888792276382 1.84508433938026 1.79652857780457 1.6729961335659 1.83657556772232 1.9705568253994 2.00578916072845 1.82608997821808 1.84419804811478 1.92511600255966 1.64726024866104 1.65949760377407 1.50454683601856 1.45462462306023 5.13308930397034 3.7669665813446 2.89773452281952 2.50903344154358 1.52549627423286 1.81949177384377 2.15992203354836 2.71415027976036 4.21071946620941 -9999 7.94907506306966 6.12746381759644 8.29855728149414 7.19580495357513 22.5318457452874 36.8706062541288 43.1111908519969 40.6478224141257 -9999 -9999 -9999 -9999 -9999 -9999 -9999 -9999
-9999 -9999 -9999 -9999 -9999 2.28387522697449 4.0329272300005 4.03440284729004 4.03515064716339 3.60438358783722 3.23134410381317 3.12443554401398 3.02927541732788 2.961470246315 3.12590539455414 2.52874225378036 2.48802399635315 2.63944399356842 3.73526108264923 3.38588833808899 3.11099016666412 1.94196519255638 1.79574599862099 1.70188575983047 1.96428024768829 1.73067378997803 1.90813678503036 2.09203332662582 1.84101045131683 1.60519051551819 1.56953942775726 1.35798525810242 1.40545503795147 1.43025264143944 1.47293664515018 1.43310745060444 1.52817562222481 3.66960990428925 3.49487936496735 1.68798078596592 1.77370123565197 1.88449873030186 1.96012951433659 2.51531884074211 3.38740092515945 10.6681371313854 -9999 -9999 -9999 -9999 28.8063725233078 29.996862411499 46.5921097303692 55.3717638015747 -9999 -9999 -9999 -9999 -9999 -9999 -9999 -9999
-9999 -9999 -9999 -9999 -9999 -9999 -9999 -9999 4.07513469457626 4.06653892993927 3.71541321277618 3.1117776632309 3.00943422317505 3.1588454246521 3.15280437469482 2.25943726301193 2.37003833055496 2.43097418546677 2.66103297472 3.44914662837982 1.85827201604843 1.93079777061939 2.08402758836746 2.01636224985123 1.90770697593689 1.76825249195099 1.66437774896622 1.64157199859619 1.65523499250412 1.48378074169159 1.42836147546768 1.4539347589016 1.30497153103352 1.53933393955231 1.65628007054329 1.57175132632256 1.54665639996529 1.63969275355339 6.99455237388611 1.9933286011219 2.46238499879837 2.50472921133041 2.35804876685143 2.61327338218689 17.7979373335838 29.0682649612427 -9999 -9999 -9999 -9999 17.548882484436 15.585145243283 27.2116210725572 43.9789157509804 29.3821802139282 33.4253445793601 -9999 -9999 -9999 -9999 -9999 -9999
-9999 -9999 -9999 -9999 -9999 -9999 -9999 -9999 -9999 -9999 4.28045344352722 3.26531344652176 3.07503312826157 2.95613747835159 3.57824146747589 2.94921970367432 2.9224169254303 2.53017675876617 2.3236026763916 2.17230606079102 1.5248835682869 1.80576713383198 1.80452214181423 1.85528621077538 1.67559939622879 1.79293924570084 1.70158302783966 1.57378751039505 1.58043670654297 1.48051601648331 1.49943846464157 1.57762670516968 1.64553898572922 1.62843149900436 1.50698062777519 1.51169434189796 1.64814971387386 1.77950066328049 2.14532285928726 2.51719987392426 2.60963442921638 2.37897482514381 2.3613578081131 2.86582651734352 10.4043608186314 -9999 -9999 -9999 -9999 -9999 -9999 -9999 13.9126548171043 12.1572704315186 20.4673833847046 31.7542352676392 10.8786277770996 -9999 -9999 -9999 -9999 -9999
-9999 -9999 -9999 -9999 -9999 -9999 -9999 -9999 -9999 4.3704868555069 3.9273864030838 5.59830057621002 3.13572359085083 3.08334630727768 2.84251743555069 4.07371044158936 3.33942604064941 2.48813170194626 2.35905307531357 1.59371691942215 1.52138775587082 1.53393906354904 1.55583518743515 1.67848724126816 1.71131882071495 1.62995553016663 1.13535448908806 1.55851304531097 1.57982277870178 1.60620504617691 1.61615270376205 1.67903608083725 1.66089445352554 1.64783772826195 3.32421433925629 4.21187567710876 1.75064067542553 1.99941712617874 2.49753785133362 2.35479524731636 2.28102707862854 2.2840747833252 2.50559547543526 9.47105073928833 12.4438032860895 33.0447750091553 -9999 -9999 -9999 25.2755513191223 15.2982707023621 14.5477990722656 15.9655361175537 23.2682433128357 14.3311543464661 17.9072961807251 13.6685545532792 -9999 -9999 -9999 -9999 -9999
-9999 -9999 -9999 -9999 -9999 -9999 -9999 -9999 -9999 -9999 6.92720890045166 7.06209826469421 7.22734093666077 3.32971066236496 2.87136197090149 2.88912983983755 3.06622418761253 1.95578625798225 3.99452662467957 1.64083725214005 1.54595929384232 1.54715698957443 1.85907232761383 1.93118780851364 1.92894816398621 1.78596442937851 1.75582355260849 1.75868248939514 1.78027868270874 1.75899732112885 1.70384949445724 1.64286524057388 1.6307635307312 1.70885875821114 1.86276125907898 1.87321011722088 1.85742643475533 4.14486575126648 2.25698813796043 2.24313372373581 2.2651954293251 2.32140862941742 2.76126265525818 3.25379553437233 7.50029012647647 -9999 -9999 -9999 -9999 -9999 25.8349277973175 18.2082161903381 16.2080140113831 16.5324692726135 15.9141601753235 -9999 -9999 -9999 -9999 -9999 -9999 -9999
-9999 -9999 -9999 -9999 -9999 -9999 -9999 -9999 -9999 3.67937564849854 3.81897908449173 4.10265982151031 2.74273645877838 2.55075305700302 2.35327416658401 2.60323887011584 3.84920986259685 1.57642981410027 1.37413573265076 1.5075758099556 1.57478106021881 1.53707921504974 1.54379586875439 1.59617552161217 1.65461102128029 1.71318259835243 1.74715322256088 1.73405748605728 1.69296926259995 1.65792268514633 1.61337524652481 1.60117295384407 1.78581580519676 1.83249878883362 2.16223180294037 2.12954369187355 2.64174842834473 2.31071743369102 2.3333997130394 2.40533208847046 2.41725522279739 2.48336210846901 6.4750189781189 6.46226913720659 3.86466658115387 -9999 -9999 -9999 -9999 -9999 12.5280769794218 30.4189653396606 21.2807450294495 20.1995372772217 -9999 -9999 -9999 -9999 -9999 -9999 -9999 -9999
-9999 -9999 -9999 -9999 -9999 -9999 -9999 -9999 -9999 3.34139995391552 4.13727307319641 3.77857093513012 2.85660517215729 2.6390894651413 2.62722229957581 2.42078697681427 2.65614831447601 1.86292237043381 1.46818202733994 1.35862272977829 1.21822500228882 1.27384498715401 1.5116471350193 1.61332502961159 1.65107104182243 1.70771878957748 1.65485554933548 1.59790152311325 1.60881370306015 1.63571274280548 1.65495175123215 1.72971051931381 1.97425574064255 2.10997903347015 2.40669876337051 2.18681663274765 1.93017706274986 2.13977247476578 2.21362048387527 2.48307225108147 2.38171344995499 5.17859578132629 5.40161538124084 7.97882438747628 3.86466693878174 -9999 -9999 -9999 -9999 12.1949715614319 -9999 -9999 -9999 -9999 -9999 -9999 -9999 -9999 -9999 -9999 -9999 -9999
-9999 -9999 -9999 -9999 -9999 -9999 -9999 -9999 -9999 4.40023132732936 3.17800891399384 3.50349390506744 3.17247819900513 2.73894828557968 1.93046629428864 1.62064433097839 1.38833695650101 1.36651575565338 1.878259152174 1.59400498867035 1.4487367272377 1.12524595856667 1.50767058134079 1.57984614372253 1.55071407556534 1.65546870231628 1.71679943799973 1.83815449476242 1.85699194669724 1.94119024276733 1.91014444828033 1.99032324552536 2.15166670084 2.39253395795822 2.45983779430389 2.59132170677185 1.94228325784206 2.00834593176842 5.00474107265472 4.32954263687134 8.73242855072021 5.56673812866211 9.17961928026 -9999 -9999 -9999 -9999 -9999 -9999 -9999 -9999 -9999 -9999 -9999 -9999 -9999 -9999 -9999 -9999 -9999 -9999 -9999
-9999 -9999 -9999 -9999 -9999 -9999 -9999 -9999 8.82344594682966 4.1570360660553 3.37566089630127 3.59037959575653 3.14804327487946 1.76487368345261 1.70296347141266 1.45474800467491 1.38050472736359 1.3857427239418 1.6473788022995 2.05966393277049 1.54638197422028 1.36912125349045 1.45900645852089 1.45629072189331 1.51158475875854 1.49569600820541 1.54532772302628 1.74375456571579 1.81225651502609 1.92988651990891 1.98931121826172 2.0449492931366 1.83914583921432 2.35244655609131 1.85834920406342 1.9855717420578 3.04303300380707 3.58410322666168 4.77798891067505 5.53924298286438 6.35864567756653 7.36689433684716 15.0085671565619 -9999 -9999 -9999 -9999 -9999 -9999 -9999 -9999 -9999 -9999 -9999 -9999 -9999 -9999 -9999 -9999 -9999 -9999 -9999
-9999 -9999 -9999 -9999 -9999 -9999 -9999 3.28386068344116 3.40017648083823 3.57878190279007 3.77905249595642 3.3319798707962 3.11907827854156 2.35117650032043 1.72840422391891 1.55747705698013 1.77783751487732 1.83220428228378 1.86226791143417 1.78488224744797 1.62176138162613 1.59577193856239 1.50917172431946 1.54034399986267 1.60433632135391 1.57590651512146 1.61990970373154 1.68974620103836 1.8023487329483 1.93027198314667 1.93742352724075 1.94650688767433 1.83964160084724 2.09067469835281 2.33281469345093 2.74282252788544 2.82444429397583 3.47336733341217 4.29950487613678 4.13272154331207 21.8144157754565 5.69786846637726 3.25656187534332 -9999 -9999 -9999 -9999 -9999 -9999 -9999 -9999 -9999 -9999 -9999 -9999 -9999 -9999 -9999 -9999 -9999 -9999 -9999
-9999 -9999 -9999 -9999 -9999 -9999 4.17813391685486 3.80454960465431 3.65171281993389 3.95238304138184 3.61357319355011 3.28229713439941 3.32759642601013 3.026198387146 2.33502745628357 2.14055317640305 1.91697603464127 1.71573972702026 1.67524802684784 1.57330870628357 1.53237229585648 1.61730068922043 1.59993046522141 1.70329731702805 1.73885250091553 1.62064504623413 1.6678364276886 1.70054548978806 1.73991823196411 1.73996996879578 1.9189158976078 1.80792787671089 1.75454364717007 1.77692176401615 2.67912971973419 3.05944228172302 2.52474144101143 2.43766763806343 2.34941732883453 -9999 -9999 -9999 -9999 -9999 -9999 -9999 -9999 -9999 -9999 -9999 -9999 -9999 -9999 -9999 -9999 -9999 -9999 -9999 -9999 -9999 -9999 -9999
-9999 -9999 -9999 -9999 3.95182497684772 3.29117012768984 3.27169957011938 3.62755846977234 3.4154092669487 3.36689811944962 3.25871336460114 3.21434444189072 3.25040030479431 2.97028130292892 2.4571784734726 1.93412393331528 1.73701572418213 1.79319369792938 1.6863300204277 1.59188854694366 1.58471918106079 1.63010770082474 1.69233441352844 1.73357480764389 1.64427328109741 1.9594252705574 1.76033246517181 1.8123579621315 1.85516175627708 1.98298162221909 2.10215029120445 2.11817774176598 2.53368854522705 2.87031817436218 2.63143461942673 3.49293196201325 3.46318557387904 4.33420075689043 -9999 -9999 -9999 -9999 -9999 -9999 -9999 -9999 -9999 -9999 -9999 -9999 -9999 -9999 -9999 -9999 -9999 -9999 -9999 -9999 -9999 -9999 -9999 -9999
-9999 -9999 -9999 -9999 4.2495026405041 4.22229823044368 3.04848533123732 4.33821380138397 3.20277285575867 3.12126106023788 3.00599107146263 3.09930342435837 3.09612894058228 2.85250496864319 2.21114176511765 1.60813057422638 1.66994333267212 1.6595242023468 1.64755046367645 1.62627518177032 1.44457149505615 1.60032373666763 1.66429191827774 1.62484806776047 1.53235119581223 1.83812552690506 1.77099001407623 1.97707504034042 1.96738466620445 2.0772690474987 2.2901985347271 2.3703761100769 2.44309794902802 2.38090798258781 2.4606007039547 2.89167723655701 4.11598089337349 -9999 -9999 -9999 -9999 -9999 -9999 -9999 -9999 -9999 -9999 -9999 -9999 -9999 -9999 -9999 -9999 -9999 -9999 -9999 -9999 -9999 -9999 -9999 -9999 -9999
-9999 62.0026988983154 3.48072286085649 3.33108369743123 3.28059342774478 3.45913207530975 3.38668441772461 3.44495630264282 3.54018759727478 3.0914204120636 3.09082782268524 3.02813637256622 2.75053650140762 2.30429095029831 1.88788801431656 1.57798808813095 1.62222218513489 1.60209077596664 1.6644292473793 1.61372029781342 1.47971776127815 1.60691553354263 1.82146381214261 1.86131554841995 1.59196138381958 1.5224534869194 1.9939883351326 2.09319591522217 2.25729292631149 2.76607578992844 2.73369526863098 2.90482431650162 3.01599311828613 2.67060052156448 4.9734561495159 22.7607314738821 -9999 -9999 -9999 -9999 -9999 -9999 -9999 -9999 -9999 -9999 -9999 -9999 -9999 -9999 -9999 -9999 -9999 -9999 -9999 -9999 -9999 -9999 -9999 -9999 -9999 -9999
3.63049083489638 3.91889676626991 3.6308379313525 3.8357161283493 3.34272372722626 3.71058762073517 3.54462826251984 4.31248641014099 3.55023980140686 3.36558151245117 2.97164243459702 2.77825427055359 2.70609372854233 2.15980052947998 1.50804233551025 1.43760153651237 1.64746356010437 1.57851827144623 1.55968576669693 1.45299527049065 1.7309947013855 1.71901720762253 1.809754550457 1.93888646364212 1.78154670000076 1.87150000333786 1.87099313735962 2.04551813006401 2.54698866605759 2.76363372802734 2.76399600505829 3.19782364368439 3.43653988838196 -9999 -9999 -9999 -9999 -9999 -9999 -9999 -9999 -9999 -9999 -9999 -9999 -9999 -9999 -9999 -9999 -9999 -9999 -9999 -9999 -9999 -9999 -9999 -9999 -9999 -9999 -9999 -9999 -9999
4.15353947026389 3.24860925972462 3.77167171239853 3.75616014003754 5.5632666349411 5.80191814899445 4.49515199661255 3.48668038845062 3.31857597827911 3.00303912162781 2.7096067070961 2.68759882450104 2.80205780267715 1.84062069654465 1.49982976913452 1.74697870016098 1.64969766139984 1.60913246870041 1.62685793638229 1.62158167362213 1.75706773996353 1.84295850992203 1.88258850574493 1.92244505882263 2.06047350168228 2.34020179510117 2.26064854860306 2.48999923467636 2.86672568321228 3.37991988658905 3.61721098423004 3.83549845218658 3.70831274986267 3.33307421207428 3.4606636762619 8.30049794370478 -9999 -9999 -9999 -9999 -9999 -9999 -9999 -9999 -9999 -9999 -9999 -9999 -9999 -9999 -9999 -9999 -9999 -9999 -9999 -9999 -9999 -9999 -9999 -9999 -9999 -9999
3.64474368095398 3.53510570526123 3.06961172819138 3.15687167644501 5.27881193161011 5.08147215843201 4.88685607910156 2.5134502351284 2.37163200974464 2.1111341714859 2.04803941249847 1.58739048242569 1.08164662867785 1.09460699558258 1.07377646863461 1.92581391334534 1.77607119083405 1.72127848863602 1.70847755670547 1.734050989151 1.71269470453262 1.90326458215714 2.06356573104858 2.17125821113586 2.42305648326874 2.3415652513504 2.36790454387665 2.64519596099854 3.51888227462769 3.49102485179901 13.6109313053243 -9999 -9999 -9999 -9999 -9999 -9999 -9999 -9999 -9999 -9999 -9999 -9999 -9999 -9999 -9999 -9999 -9999 -9999 -9999 -9999 -9999 -9999 -9999 -9999 -9999 -9999 -9999 -9999 -9999 -9999 -9999
3.55699722468853 3.45004429536707 3.23565393686295 3.0784620642662 5.3394216299057 5.29370534420013 5.94160866737366 2.56031781435013 2.62257343530655 2.87920045852661 2.95115178823471 1.94299793243408 1.71509170532227 1.56059324741364 1.47618824243546 1.61697453260422 1.54230755567551 1.606440782547 1.65500700473785 1.69187557697296 1.90991771221161 2.15388679504395 2.3345999121666 2.47988176345825 2.63723927736282 2.90542870759964 3.15364873409271 3.20752429962158 3.48344922065735 3.60276532173157 3.68249702453613 3.85122585296631 -9999 -9999 -9999 -9999 -9999 -9999 16.3685207624693 12.6942715644836 -9999 -9999 -9999 -9999 -9999 -9999 -9999 -9999 -9999 -9999 -9999 -9999 -9999 -9999 -9999 -9999 -9999 -9999 -9999 -9999 -9999 -9999
4.26775305611747 4.10252606241327 4.11072212143948 3.70084697267284 3.38558238744736 3.72945511859396 2.62210778813613 3.09295976161957 2.78042882680893 2.32262396812439 1.75706648826599 1.43618023395538 1.38215696811676 1.35332626104355 1.45881450176239 1.50784796476364 1.6177162528038 1.78205323219299 1.81405645608902 2.03850066661835 2.25090891122818 2.46600598096848 2.55433720350266 2.84255254268646 2.84792858362198 2.85908031463623 2.9450136107557 3.37069487571716 3.71884629130363 2.99817976355553 4.49856225822283 3.42093944549561 -9999 -9999 -9999 -9999 -9999 -9999 -9999 -9999 -9999 -9999 -9999 -9999 -9999 -9999 -9999 -9999 -9999 -9999 -9999 -9999 -9999 -9999 -9999 -9999 -9999 -9999 -9999 -9999 -9999 -9999
-9999 -9999 -9999 -9999 -9999 5.9356450400986 3.37824876308441 2.96625852584839 2.59466803073883 1.77865707874298 1.35873937606812 1.29717600345612 1.29390978813171 1.4373539686203 1.34379377961159 1.55452573299408 1.65331725776196 1.78730696439743 1.94916307926178 2.21339106559753 2.28421872854233 2.48239499330521 2.71986454725266 2.65122216939926 3.09266618887583 3.89660853147507 -9999 -9999 -9999 -9999 -9999 -9999 -9999 -9999 -9999 -9999 -9999 -9999 -9999 -9999 -9999 -9999 -9999 -9999 -9999 -9999 -9999 -9999 -9999 -9999 -9999 -9999 -9999 -9999 -9999 -9999 -9999 -9999 -9999 -9999 -9999 -9999
-9999 -9999 -9999 -9999 -9999 -9999 2.67240825721196 2.35937286615372 1.73467183113098 1.31235381364822 1.23911448121071 1.36694401502609 1.35464850068092 1.48379471898079 1.52827423810959 1.6005217730999 1.9012650847435 1.91234546899796 2.04816824197769 2.31544196605682 2.5411439538002 2.66616600751877 2.7504780292511 2.49718890459307 -9999 -9999 -9999 -9999 -9999 -9999 -9999 -9999 -9999 -9999 -9999 -9999 -9999 -9999 -9999 -9999 -9999 -9999 -9999 -9999 -9999 -9999 -9999 -9999 -9999 -9999 -9999 -9999 -9999 -9999 -9999 -9999 -9999 -9999 -9999 -9999 -9999 -9999
