EcologicalScience/Bass/data/rs_data_bass/chl_77.asc
NCOLS 226 
NROWS 124 
XLLCORNER -9.41648524995501 
YLLCORNER 47.587301625531 
CELLSIZE 0.0833 
NODATA_value -9999 
[rows 81 to 107 of 124, columns 62 to 123 of 226]
3.85158455371857 5.97498106956482 7.6620512008667 7.66205191612244 -9999 -9999 -9999 -9999 -9999 -9999 -9999 -9999 -9999 -9999 -9999 -9999 -9999 -9999 -9999 -9999 -9999 -9999 -9999 -9999 -9999 -9999 -9999 -9999 -9999 -9999 -9999 -9999 -9999 -9999 -9999 -9999 -9999 -9999 -9999 -9999 -9999 -9999 -9999 -9999 -9999 -9999 -9999 -9999 -9999 -9999 -9999 -9999 -9999 -9999 -9999 -9999 -9999 -9999 -9999 -9999 -9999 -9999
2.81592881448061 -9999 -9999 -9999 -9999 -9999 -9999 -9999 -9999 -9999 -9999 -9999 -9999 -9999 -9999 -9999 -9999 -9999 -9999 -9999 -9999 -9999 -9999 -9999 -9999 -9999 -9999 -9999 -9999 -9999 -9999 -9999 -9999 -9999 -9999 -9999 -9999 -9999 -9999 -9999 -9999 -9999 -9999 -9999 -9999 -9999 -9999 -9999 -9999 -9999 -9999 -9999 -9999 -9999 -9999 -9999 -9999 -9999 -9999 -9999 -9999 -9999
-9999 -9999 -9999 -9999 -9999 -9999 -9999 -9999 -9999 -9999 -9999 -9999 -9999 -9999 -9999 -9999 -9999 -9999 -9999 -9999 -9999 -9999 -9999 -9999 -9999 -9999 -9999 -9999 -9999 -9999 -9999 -9999 -9999 -9999 -9999 -9999 -9999 -9999 -9999 -9999 -9999 -9999 -9999 -9999 -9999 -9999 -9999 -9999 -9999 -9999 -9999 -9999 -9999 -9999 -9999 -9999 -9999 -9999 -9999 -9999 -9999 -9999
-9999 -9999 -9999 -9999 -9999 -9999 -9999 -9999 -9999 -9999 -9999 -9999 -9999 -9999 -9999 -9999 -9999 -9999 -9999 -9999 -9999 -9999 -9999 -9999 -9999 -9999 -9999 -9999 -9999 -9999 -9999 -9999 -9999 -9999 -9999 -9999 -9999 -9999 -9999 -9999 -9999 -9999 -9999 -9999 -9999 -9999 -9999 -9999 -9999 -9999 -9999 -9999 -9999 -9999 -9999 -9999 -9999 2.2390608718762 2.93850982189178 2.34580421447754 3.1596143245697 2.07609969377518
-9999 -9999 -9999 -9999 -9999 -9999 -9999 -9999 -9999 -9999 -9999 -9999 -9999 -9999 -9999 -9999 -9999 -9999 -9999 -9999 -9999 -9999 -9999 -9999 -9999 -9999 -9999 -9999 -9999 -9999 -9999 -9999 -9999 -9999 -9999 -9999 37.1749906539917 -9999 4.68215417861938 3.50743559244517 -9999 -9999 2.20290374755859 2.98359382152557 3.9594247341156 2.66038191318512 3.02629137039185 2.68174570798874 2.60970371961594 1.59613054990768 2.66097378730774 4.89636611938477 -9999 -9999 -9999 2.74167001247406 2.91810518503189 1.66324192285538 1.55409157276154 1.3162530362606 0.887382030487061 0.740009263157845
-9999 -9999 -9999 -9999 -9999 -9999 -9999 -9999 -9999 -9999 -9999 -9999 -9999 3.65391280592942 2.1734564602375 1.56171369552612 1.42586025595665 1.41991576552391 1.12509450316429 -9999 -9999 -9999 -9999 -9999 -9999 -9999 -9999 -9999 1.80576449632645 1.97024166584015 2.69505143165588 2.80781632661819 -9999 3.66949796676636 -9999 -9999 -9999 -9999 4.23599624633789 4.12043917179108 4.21865773200989 3.31833529472351 1.74706649780273 1.44583573937416 1.41261899471283 1.21784627437592 0.902332484722137 0.775792479515076 0.75066751241684 0.841318488121033 0.965237975120544 1.31956198811531 1.4290514588356 1.63509231805801 1.30040770769119 1.03353676199913 0.964895993471146 0.728691771626472 0.619874238967896 0.640766993165016 0.742178991436958 0.76113823056221
-9999 -9999 -9999 -9999 -9999 -9999 -9999 -9999 -9999 -9999 5.17529940605164 2.45984691381454 1.62072157859802 1.57197904586792 1.37138101458549 1.24669352173805 1.20071625709534 1.20047396421432 1.2384780049324 1.35384973883629 -9999 -9999 1.17605620622635 1.89934283494949 2.05980151891708 -9999 -9999 1.33889771997929 1.71536546945572 1.62292867898941 1.86590623855591 1.7229750752449 1.64171254634857 1.63381201028824 -9999 -9999 1.93113699555397 1.92850720882416 2.25450378656387 2.23854374885559 1.96936422586441 1.70397967100143 1.44112122058868 1.43010297417641 1.3425225019455 1.0308772623539 0.863192975521088 0.732092991471291 0.638345271348953 0.52930574119091 0.541315510869026 0.57228147983551 0.587963238358498 0.608895733952522 0.526890769600868 0.525528743863106 0.507578998804092 0.529085263609886 0.541959017515182 0.608895733952522 0.791649788618088 0.789038211107254
-9999 -9999 -9999 -9999 -9999 -9999 -9999 -9999 -9999 2.11122304201126 1.9535316824913 1.52595233917236 1.13906246423721 1.12147504091263 1.07358902692795 1.0938592851162 1.07420548796654 1.07706677913666 1.09313026070595 1.14653626084328 1.13369777798653 1.10778227448463 1.35848021507263 1.57008969783783 1.54650074243546 1.43005952239037 1.36812454462051 1.41828149557114 1.3767374753952 1.34716951847076 1.30305522680283 1.30481404066086 1.37340599298477 1.61932808160782 1.88358217477798 1.84719979763031 1.83499199151993 1.77286130189896 1.54320073127747 1.54925841093063 1.56493574380875 1.52630621194839 1.3325699865818 1.13128128647804 0.998085021972656 0.689625754952431 0.617031767964363 0.599785521626472 0.562320739030838 0.479325011372566 0.509957268834114 0.489514499902725 0.475446760654449 0.532511249184608 0.492974996566772 0.480137228965759 0.459026992321014 0.519378751516342 0.586282521486282 0.669090002775192 0.980856746435165 0.989415764808655
-9999 -9999 -9999 -9999 -9999 -9999 -9999 -9999 -9999 1.79566955566406 1.26386171579361 1.18604627251625 0.988317757844925 1.04448375105858 1.04215425252914 1.05265572667122 1.03644821047783 1.01162624359131 1.03334400057793 1.05494025349617 1.0832587480545 1.12919175624847 1.1065282523632 1.15840503573418 1.20897147059441 1.19711548089981 1.18963345885277 1.14532721042633 1.10913151502609 1.08312222361565 1.10372024774551 1.33052623271942 1.41400426626205 1.47192004323006 1.47264075279236 1.47217199206352 1.53547579050064 1.60645204782486 1.50963753461838 1.41022798418999 1.3391797542572 1.2233370244503 1.08211272954941 0.969394505023956 0.802662760019302 0.711939007043839 0.570258021354675 0.513812229037285 0.51205949485302 0.535058230161667 0.543033018708229 0.530336245894432 0.535910233855247 0.577947020530701 0.576416999101639 0.524835750460625 0.516572266817093 0.536622002720833 0.602895766496658 0.710758522152901 0.926885962486267 1.12104973196983
-9999 -9999 -9999 -9999 -9999 -9999 -9999 -9999 -9999 1.16730147600174 0.890632510185242 0.789898484945297 0.838696539402008 0.974390208721161 1.02432078123093 1.09692978858948 1.03213351964951 1.0314667224884 1.06235852837563 1.05255371332169 1.07668948173523 1.1151727437973 1.14614474773407 1.14582601189613 1.04125195741653 0.973283261060715 0.96679875254631 0.917513251304626 0.920063227415085 0.900622487068176 0.928977727890015 1.16872653365135 1.24690201878548 1.24488750100136 1.19956576824188 1.23557621240616 1.22753548622131 1.26527246832848 1.29672825336456 1.18720275163651 1.03857976198196 0.981697529554367 1.02506473660469 0.992015272378922 0.942415505647659 0.810567766427994 0.643497750163078 0.60401326417923 0.584441229701042 0.531407251954079 0.520224004983902 0.565314754843712 0.594776228070259 0.639545246958733 0.678291767835617 0.67816199362278 0.72962848842144 0.71346826851368 0.725737497210503 0.765736520290375 1.15117272734642 1.27925777435303
1.10792174935341 1.25551727414131 1.23799645900726 1.34855103492737 -9999 -9999 -9999 3.54056296348572 1.48430022597313 1.31307595968246 0.884010761976242 0.761235773563385 0.747547522187233 0.918441742658615 0.965928018093109 1.04140502214432 1.07886001467705 1.03475475311279 0.997558504343033 1.01231476664543 0.963679522275925 0.990898489952087 0.99836254119873 0.9961057305336 0.898352980613708 0.871353775262833 0.870338290929794 0.870533287525177 0.883758008480072 0.923341512680054 0.908726245164871 0.931314021348953 0.893723219633102 0.920352011919022 0.914811730384827 0.918094485998154 0.936596989631653 1.00085771083832 0.955527752637863 0.914471983909607 0.881030291318893 0.86022824048996 0.802697271108627 0.914390981197357 0.876364499330521 0.825221210718155 0.740586742758751 0.705440238118172 0.659106016159058 0.599246978759766 0.578970730304718 0.596501246094704 0.636045768857002 0.785208016633987 0.847569733858109 0.941667705774307 0.995271742343903 0.903908282518387 0.883420497179031 0.908527493476868 1.16087248921394 1.33834424614906
1.85180622339249 1.44390749931335 1.30892103910446 1.26271051168442 1.29213747382164 1.13693770766258 1.43968802690506 1.082699239254 0.905012995004654 0.904844284057617 0.839717209339142 0.775516480207443 0.774245291948318 0.91625851392746 0.971157789230347 1.00007101893425 1.00259926915169 0.992616713047028 1.00092002749443 0.950659543275833 0.901278734207153 0.848955005407333 0.840396791696548 0.836452513933182 0.870101273059845 0.865501463413239 0.864935249090195 0.843558758497238 0.858122974634171 0.838466227054596 0.850010275840759 0.77045550942421 0.786522030830383 0.798366039991379 0.802750468254089 0.824664026498795 0.840914279222488 0.825409501791 0.803379714488983 0.731543987989426 0.728622749447823 0.737514764070511 0.855667501688004 0.992301017045975 0.973482012748718 0.892202228307724 0.786440223455429 0.768164992332458 0.752182513475418 0.724996492266655 0.720510765910149 0.673245012760162 0.690427511930466 0.741352513432503 0.842775017023087 0.916963487863541 0.978532522916794 0.992054253816605 1.08304873108864 1.08113327622414 0.979119747877121 1.15741422772408
1.87672877311707 1.85162097215652 1.56676805019379 1.64603769779205 1.28570249676704 1.12362152338028 0.958031237125397 0.870077222585678 0.88563072681427 0.84677928686142 0.799405485391617 0.864255040884018 0.870727479457855 0.867570787668228 0.905414253473282 0.868920743465424 0.848744988441467 0.905128508806229 0.928548038005829 0.916302770376205 0.8853540122509 0.79604771733284 0.773808717727661 0.784295260906219 0.767314463853836 0.782848477363586 0.788723230361938 0.794138252735138 0.785067737102509 0.76298850774765 0.762003779411316 0.760664999485016 0.750494241714478 0.73845599591732 0.75594824552536 0.776716500520706 0.756857246160507 0.75814425945282 0.740749508142471 0.713582262396812 0.730559259653091 0.773466020822525 1.00280097126961 1.24300646781921 1.21841552853584 1.17899546027184 1.05044773221016 1.00297951698303 0.946237474679947 0.775517284870148 0.696545228362083 0.674771994352341 0.689058020710945 0.785629481077194 0.834252029657364 0.871764779090881 1.18865928053856 1.16005870699883 1.17108070850372 1.22022449970245 1.00091922283173 1.2066952586174
1.57824075222015 1.62534981966019 1.57536453008652 1.49611803889275 1.36770978569984 1.34658300876617 1.27550920844078 1.2652762234211 1.21484327316284 1.17389327287674 0.958456456661224 0.889926731586456 0.897359222173691 0.921140223741531 0.847463250160217 0.865079998970032 0.828966021537781 0.8632672727108 0.900824278593063 0.891032248735428 0.86214753985405 0.745598986744881 0.739573493599892 0.741710230708122 0.740226745605469 0.766280293464661 0.767307758331299 0.751772224903107 0.725088760256767 0.748352229595184 0.735957741737366 0.731994733214378 0.735277488827705 0.752008527517319 0.75035771727562 0.779372245073318 0.793725728988647 0.811431705951691 0.803998500108719 0.77889820933342 0.77162629365921 0.784565269947052 0.865731775760651 1.24934551119804 1.4456205368042 1.54529106616974 1.22894176840782 1.14930975437164 1.06919628381729 0.785555988550186 0.726316496729851 0.708704978227615 0.76611453294754 0.950726240873337 1.03889098763466 1.05865654349327 1.29881474375725 1.36045128107071 1.4115337729454 1.47499796748161 1.74041926860809 1.9169579744339
1.23321971297264 1.15030351281166 1.23127198219299 1.28495326638222 1.10338801145554 1.23411449790001 1.26635026931763 1.32610729336739 1.37937900424004 1.33827602863312 1.35472503304482 1.16525173187256 1.12205699086189 1.05360674858093 0.935560494661331 0.858345776796341 0.863598793745041 0.873822033405304 0.850822538137436 0.832517266273499 0.807259529829025 0.806872487068176 0.79145023226738 0.756267786026001 0.734503492712975 0.741185992956161 0.736727982759476 0.726922497153282 0.709012493491173 0.712324485182762 0.713420256972313 0.745062008500099 0.762658506631851 0.775755017995834 0.83584052324295 0.827171981334686 0.844740718603134 0.880884021520615 0.936933785676956 0.933794975280762 0.827532738447189 0.777548253536224 0.926758468151093 1.31380578875542 1.29242250323296 2.20063126087189 1.41991353034973 1.18206524848938 0.985099464654922 0.854214727878571 0.791820734739304 0.799134761095047 0.921598523855209 0.945022523403168 1.05072829127312 1.15368828177452 1.31617051362991 1.37508603930473 1.45240053534508 1.53054141998291 2.23985248804092 2.79649347066879
1.1149072945118 1.13791653513908 1.16605120897293 1.17960825562477 1.08419546484947 1.01004526019096 1.0210380256176 0.93298727273941 1.36359903216362 1.25355604290962 1.38032627105713 1.14348676800728 1.08871346712112 1.03211921453476 1.00618574023247 0.946991980075836 0.908623516559601 0.865932762622833 0.941932529211044 0.884966254234314 0.853559285402298 0.85858279466629 0.750066787004471 0.7488112449646 0.832463979721069 0.775352239608765 0.766314715147018 0.735472485423088 0.743324249982834 0.747420743107796 0.769238233566284 0.767933964729309 0.947673708200455 0.88419896364212 0.856161028146744 0.894589483737946 0.928886979818344 0.922117531299591 0.94208174943924 1.03151848912239 0.895251721143723 0.835322231054306 0.989472001791 1.07793447375298 1.08902925252914 1.92347699403763 1.65860849618912 1.45351347327232 1.28485277295113 1.11894750595093 1.24024799466133 1.93836003541946 2.49290692806244 1.90862542390823 1.68524175882339 1.62831741571426 1.75109177827835 1.97895741462708 1.96045124530792 3.11551952362061 2.51516854763031 2.25615923363587
1.07079228758812 1.11943048238754 1.08901798725128 1.10485571622849 1.06588652729988 0.981779247522354 0.866202771663666 0.710189267992973 0.659526765346527 0.710215508937836 0.88465279340744 1.00554978847504 1.04516324400902 0.976367980241776 0.844997227191925 0.954533994197845 0.928339540958405 0.904127955436707 0.864408731460571 0.879294723272324 0.884139776229858 0.859793275594711 0.796662747859955 0.737025752663612 0.77791428565979 0.845798224210739 0.90429675579071 0.922391206026077 0.907920777797699 0.973090499639511 0.971655786037445 0.911741226911545 1.11246827244759 1.19710725545883 1.23125928640366 1.19734051823616 1.05707851052284 0.988157987594604 0.948583513498306 1.020827293396 1.05207896232605 1.04988598823547 1.28408324718475 1.26903221011162 1.23655048012733 1.17214500904083 2.582051217556 2.59936648607254 2.16035252809525 2.64218991994858 3.66572320461273 7.13386416435242 4.85880160331726 5.17775917053223 3.53168249130249 2.58788931369781 1.84769427602309 -9999 -9999 -9999 -9999 -9999
0.985894471406937 1.13700449466705 1.10517373681068 1.09045949578285 1.04115977883339 0.990137279033661 0.847443044185638 0.742829248309135 0.588683232665062 0.658059015870094 0.74270997941494 0.983387231826782 0.754360467195511 0.672729760408401 0.708746999502182 0.734121009707451 0.761806458234787 0.795723706483841 0.738549739122391 0.848457008600235 0.83129471540451 0.840494245290756 0.856391966342926 0.893985003232956 0.922280967235565 0.97631174325943 0.961730271577835 1.17693224549294 0.981987029314041 1.3632900416851 1.26710629463196 1.24759125709534 1.72326153516769 2.0368418097496 1.92859500646591 1.65703654289246 1.56240677833557 1.4917094707489 1.23488402366638 1.35004726052284 1.13397073745728 1.24880620837212 2.48859894275665 2.54683345556259 2.29484993219376 1.83618307113647 3.05400466918945 4.27244639396667 4.04706537723541 14.3188991546631 9.28379988670349 12.9382295608521 11.2045590877533 1.77340650558472 1.96513392495327 -9999 -9999 -9999 -9999 -9999 -9999 -9999
1.03481474518776 0.999585717916489 1.02044400572777 0.993268489837646 1.25499826669693 1.29114076495171 0.990144789218903 0.759599268436432 0.76661628484726 0.642701983451843 0.609683990478516 0.682381510734558 0.70610100030899 0.723281264305115 0.702044248580933 0.708366751670837 0.774412482976913 0.772675484418869 0.778757214546204 0.836948990821838 0.849645763635635 0.853293746709824 0.851244002580643 0.866792231798172 0.873631507158279 0.925012528896332 1.02068549394608 1.20517954230309 1.26900777220726 -9999 -9999 -9999 -9999 -9999 -9999 3.14426672458649 3.0374504327774 3.62652826309204 2.34352952241898 1.74456006288528 1.35110253095627 1.2322995364666 1.73525619506836 3.46180486679077 3.3772941827774 2.56887978315353 2.48867619037628 4.95651662349701 12.67999792099 21.6527638435364 14.1157236099243 11.2552378177643 11.1048867702484 1.9762424826622 1.97624230384827 -9999 -9999 -9999 -9999 -9999 -9999 -9999
1.03853702545166 0.953763753175735 1.03341373801231 1.01483845710754 0.971904784440994 0.980393260717392 0.885997474193573 0.870144724845886 0.719053521752357 0.496153503656387 0.481840521097183 0.569783270359039 0.687507748603821 0.700344756245613 0.754766285419464 0.733897492289543 0.607646271586418 0.689362496137619 0.749001011252403 0.907769232988358 0.888028532266617 0.828762710094452 0.790329784154892 0.832310289144516 0.910985291004181 0.981605976819992 1.35249674320221 1.39386677742004 1.70628082752228 -9999 -9999 -9999 -9999 -9999 -9999 -9999 6.91428279876709 6.01007652282715 6.72177314758301 3.54150760173798 2.98993724584579 2.32539081573486 2.77908968925476 7.87762570381165 7.6801815032959 6.09697365760803 4.32146787643433 6.06525850296021 12.3239064216614 17.0276613235474 14.6979746818542 18.2239623069763 -9999 -9999 -9999 -9999 -9999 -9999 -9999 -9999 -9999 -9999
1.01006779074669 0.982865989208221 0.968444287776947 0.996689289808273 0.936409503221512 1.04837322235107 0.970920771360397 0.846902221441269 0.84929546713829 0.536010012030602 0.525985479354858 0.519259482622147 0.534801006317139 0.529750496149063 0.523858487606049 0.512540236115456 0.619849517941475 0.657072767615318 0.794484794139862 1.16153550384068 -9999 0.793281733989716 0.77282327413559 0.777042746543884 0.85147351026535 1.05629101395607 1.33035528659821 1.42635521292686 1.88962733745575 -9999 -9999 -9999 -9999 -9999 -9999 -9999 5.37196505069733 8.16446757316589 12.4827847480774 8.17684936523438 10.0603115558624 10.6202824115753 9.15212273597717 11.559966802597 8.79071259498596 9.69267225265503 14.6833004951477 15.7945246696472 18.3806204795837 15.4489989280701 8.69003105163574 4.48731958866119 3.6926611661911 -9999 -9999 -9999 -9999 -9999 -9999 -9999 -9999 -9999
0.963971972465515 0.9949109852314 0.968666285276413 0.93648299574852 0.914837211370468 1.03445774316788 0.917024999856949 0.77103379368782 0.690266981720924 0.682460993528366 0.631853252649307 0.537078738212585 0.505295991897583 0.45830999314785 0.476346731185913 0.551856771111488 0.611521482467651 0.673472240567207 0.74482499063015 0.805071741342545 0.776936262845993 0.783045709133148 0.797357261180878 0.887361019849777 0.89255627989769 0.98371347784996 1.13887122273445 1.42654046416283 1.67771995067596 2.50651270151138 -9999 -9999 -9999 -9999 -9999 -9999 -9999 7.66603374481201 3.65809640288353 2.34834027290344 5.05461752414703 7.65328645706177 17.5830616950989 11.5040037631989 8.64010190963745 4.30641317367554 14.7096462249756 24.6406373977661 23.4912371635437 17.3076810836792 11.3157277107239 4.80273449420929 3.43678538365798 -9999 -9999 -9999 -9999 -9999 -9999 -9999 -9999 -9999
0.819758981466293 0.939810007810593 0.97570726275444 0.837881237268448 0.919078499078751 0.961431741714478 0.856691211462021 0.806291967630386 0.842999249696732 0.869219273328781 0.619539007544518 0.581229016184807 0.549439519643784 0.496761739253998 0.523032009601593 0.537950992584229 0.605014488101006 0.656817734241486 0.667735487222672 0.652982264757156 0.590356484055519 0.63814651966095 0.779888212680817 1.13542199134827 1.1397810280323 1.06197828054428 1.59134316444397 1.83882004022598 2.23192942142487 3.04266464710236 -9999 -9999 -9999 -9999 -9999 -9999 -9999 -9999 -9999 -9999 -9999 -9999 -9999 -9999 -9999 -9999 3.65490746498108 30.6294651031494 25.5771389007568 18.6941199302673 -9999 -9999 -9999 -9999 -9999 -9999 -9999 -9999 -9999 -9999 -9999 -9999
0.760013222694397 1.02109122276306 0.989042222499847 0.932782530784607 0.891050219535828 0.841713756322861 0.801657021045685 0.918183714151382 0.907025277614594 0.884585291147232 0.65990848839283 0.631618514657021 0.611867263913155 0.58635900914669 0.557754009962082 0.518670737743378 0.579381018877029 0.660652488470078 0.643465518951416 0.661941021680832 0.640871241688728 0.731890484690666 0.967702478170395 0.958040316258707 -9999 -9999 -9999 1.74085342884064 1.83328056335449 1.96217769384384 2.01105451583862 -9999 -9999 -9999 -9999 -9999 -9999 -9999 -9999 -9999 -9999 -9999 -9999 -9999 -9999 -9999 -9999 -9999 -9999 -9999 -9999 -9999 -9999 -9999 -9999 -9999 -9999 -9999 -9999 -9999 -9999 -9999
0.870704233646393 0.810587257146835 0.716857507824898 0.857703030109406 0.946341723203659 0.875342220067978 0.664694979786873 0.881664723157883 0.839333206415176 0.789568483829498 0.723617255687714 0.658842757344246 0.686192259192467 0.645156741142273 0.643509730696678 0.620687261223793 0.649551764130592 0.731366246938705 0.674397021532059 0.659635484218597 0.685150489211082 0.754985958337784 0.829797774553299 1.00090572237968 1.04423099756241 1.19109302759171 1.19356423616409 1.86679655313492 2.20746517181396 2.25887024402618 1.87694174051285 2.18426899563882 -9999 -9999 -9999 -9999 -9999 -9999 -9999 -9999 -9999 -9999 -9999 -9999 -9999 -9999 -9999 -9999 -9999 -9999 -9999 -9999 -9999 -9999 -9999 -9999 -9999 -9999 -9999 -9999 -9999 -9999
0.639960005879402 0.792136520147324 0.794174283742905 0.77461051940918 0.762908220291138 0.905015230178833 0.809671461582184 0.810248225927353 0.872150212526321 0.700971007347107 0.680106729269028 0.769048511981964 0.732714012265205 0.666206985712051 0.677533507347107 0.703601986169815 0.686242505908012 0.745359018445015 0.705955490469933 0.671559736132622 0.683527484536171 0.761830508708954 0.8593710064888 1.00782975554466 1.06330427527428 1.12721997499466 1.21364173293114 1.39443299174309 1.50733870267868 1.61902642250061 2.23970317840576 1.97288936376572 -9999 -9999 -9999 -9999 -9999 -9999 -9999 -9999 -9999 -9999 -9999 -9999 -9999 -9999 -9999 -9999 -9999 -9999 -9999 -9999 -9999 -9999 -9999 -9999 -9999 -9999 -9999 -9999 -9999 -9999
0.658009484410286 0.934490293264389 1.15105953812599 0.799698740243912 0.755183279514313 0.878881484270096 0.957162737846375 0.973788768053055 0.816282749176025 0.728823736310005 0.741747736930847 0.81000754237175 0.829671710729599 0.87637647986412 0.815651267766953 0.754598289728165 0.731831252574921 0.772003501653671 0.784110724925995 0.730469986796379 0.682567521929741 0.788780987262726 0.987768709659576 1.10276028513908 1.50510370731354 1.82444393634796 1.56702679395676 1.47718352079391 1.43348023295403 1.59868651628494 2.54713726043701 -9999 -9999 -9999 -9999 -9999 -9999 -9999 -9999 -9999 -9999 -9999 -9999 -9999 -9999 -9999 -9999 -9999 -9999 -9999 -9999 -9999 -9999 -9999 -9999 -9999 -9999 -9999 -9999 -9999 -9999 -9999
