EcologicalScience/Bass/data/rs_data_bass/chl_463.asc
NCOLS 226 
NROWS 124 
XLLCORNER -9.41648524995501 
YLLCORNER 47.587301625531 
CELLSIZE 0.0833 
NODATA_value -9999 
[rows 0 to 26 of 124, columns 62 to 123 of 226]
-9999 -9999 -9999 -9999 -9999 -9999 -9999 -9999 -9999 -9999 -9999 -9999 -9999 -9999 -9999 -9999 -9999 -9999 -9999 -9999 -9999 -9999 -9999 -9999 -9999 -9999 -9999 -9999 -9999 -9999 -9999 -9999 -9999 -9999 -9999 -9999 -9999 -9999 -9999 -9999 -9999 -9999 -9999 -9999 -9999 -9999 -9999 -9999 -9999 -9999 -9999 -9999 -9999 -9999 -9999 -9999 -9999 -9999 -9999 -9999 -9999 -9999
-9999 -9999 -9999 -9999 -9999 -9999 -9999 -9999 -9999 -9999 -9999 -9999 -9999 -9999 -9999 -9999 -9999 -9999 -9999 -9999 -9999 -9999 -9999 -9999 -9999 -9999 -9999 -9999 -9999 -9999 -9999 -9999 -9999 -9999 -9999 -9999 -9999 -9999 -9999 -9999 -9999 -9999 -9999 -9999 -9999 -9999 -9999 -9999 -9999 -9999 -9999 -9999 -9999 -9999 -9999 -9999 -9999 -9999 -9999 -9999 -9999 -9999
-9999 -9999 -9999 -9999 -9999 -9999 -9999 -9999 -9999 -9999 -9999 -9999 -9999 -9999 -9999 -9999 -9999 -9999 -9999 -9999 -9999 -9999 -9999 -9999 -9999 -9999 -9999 -9999 -9999 -9999 -9999 -9999 -9999 -9999 -9999 -9999 -9999 -9999 -9999 -9999 -9999 -9999 -9999 -9999 -9999 -9999 -9999 -9999 -9999 -9999 -9999 -9999 -9999 -9999 -9999 -9999 -9999 -9999 -9999 -9999 -9999 -9999
-9999 -9999 -9999 -9999 -9999 -9999 -9999 -9999 -9999 -9999 -9999 -9999 -9999 -9999 -9999 -9999 -9999 -9999 -9999 -9999 -9999 -9999 -9999 -9999 -9999 -9999 -9999 -9999 -9999 -9999 -9999 -9999 -9999 -9999 -9999 -9999 -9999 -9999 -9999 -9999 -9999 -9999 -9999 -9999 -9999 -9999 -9999 -9999 -9999 -9999 -9999 -9999 -9999 -9999 -9999 -9999 -9999 -9999 -9999 -9999 -9999 -9999
-9999 -9999 -9999 -9999 -9999 -9999 -9999 -9999 -9999 -9999 -9999 -9999 -9999 -9999 -9999 -9999 -9999 -9999 -9999 -9999 -9999 -9999 -9999 -9999 -9999 -9999 -9999 -9999 -9999 -9999 -9999 -9999 -9999 -9999 -9999 -9999 -9999 -9999 -9999 -9999 -9999 -9999 -9999 -9999 -9999 -9999 -9999 -9999 -9999 -9999 -9999 -9999 -9999 -9999 -9999 -9999 -9999 -9999 -9999 -9999 -9999 -9999
-9999 -9999 -9999 -9999 -9999 -9999 -9999 -9999 -9999 -9999 -9999 -9999 -9999 -9999 -9999 -9999 -9999 -9999 -9999 -9999 -9999 -9999 -9999 -9999 -9999 -9999 -9999 -9999 0.63735419511795 1.49092281767487 1.47131004053004 1.07556289609741 1.01505923446487 0.88290148973465 0.763198493158116 0.702806958380867 0.71071098920177 0.74150864166372 0.739977179204716 0.710743273005766 0.688872719512266 0.666979120058172 0.669895414920414 0.655096197829527 0.692957784323131 0.618934950407814 0.633715834468603 0.565699704922736 0.558407993987203 0.57759081479162 0.587941981852055 0.564121772535145 0.537055844441056 0.519842323847115 0.527895433061263 0.523491587708978 0.518416835104718 0.498816758394241 0.519721829715897 0.49667566401117 0.469992046847063 0.465473991983077
-9999 -9999 -9999 -9999 -9999 -9999 -9999 -9999 -9999 -9999 -9999 -9999 -9999 -9999 -9999 -9999 -9999 -9999 -9999 -9999 -9999 -9999 -9999 -9999 -9999 -9999 1.18186515569687 1.0627324283123 2.61520200967789 2.05682422717412 1.38192715013728 1.17105708402746 1.04316725450404 0.864343438078375 0.820398178170709 0.772282093763351 0.732353773187189 0.699854072402505 0.725075215101242 0.711175508358899 0.693647472297444 0.645236555267783 0.624824171557146 0.60947593783631 0.662333878247361 0.596592280794592 0.541199334404048 0.574003497138619 0.573973794467747 0.582275055348873 0.568674433976412 0.556948117911816 0.533862794749439 0.528386290459072 0.51521497964859 0.509962222538888 0.493648362345994 0.473302591592073 0.464336028322577 0.474563067450243 0.468776327722213 0.455347282921567
-9999 -9999 -9999 -9999 -9999 -9999 -9999 -9999 -9999 -9999 -9999 -9999 -9999 -9999 -9999 -9999 -9999 -9999 -9999 -9999 -9999 -9999 -9999 -9999 -9999 -9999 1.18186515569687 4.40083605992167 2.59259905815125 1.77119705677032 1.32936962842941 1.09182999531428 1.05326715462348 0.769326019287109 0.786437977762783 0.70652411089224 0.718282126328524 0.692728684229009 0.707322593997507 0.75020178100642 0.709470880382201 0.712054315735312 0.632772095939692 0.630820323439205 0.610923867891817 0.497970655560493 0.518261377425755 0.606136453337967 0.591982025653124 0.579521812498569 0.571031950414181 0.532261719927192 0.550476453267038 0.545653813518584 0.515376563183963 0.495372198522091 0.491645291447639 0.474128200672567 0.46336879581213 0.443754867595785 0.430733089937883 0.443528294563293
-9999 -9999 -9999 -9999 -9999 -9999 -9999 -9999 -9999 -9999 -9999 -9999 -9999 -9999 -9999 -9999 -9999 -9999 -9999 -9999 -9999 -9999 -9999 -9999 -9999 -9999 2.77459334410154 2.28410452290585 1.55300855636597 1.13018110990524 1.06696722507477 1.00013518333435 1.00758380749646 0.852876762026235 0.809405617023769 0.707996643641416 0.749763523831087 0.706646351253285 0.681354792679057 0.711301356554031 0.755784110111349 0.738012582063675 0.702324981198591 0.668695023831199 0.592687218504793 0.586546824258916 0.532734545568625 0.557913753916236 0.525838312857291 0.612728711217642 0.466787474720102 0.458374922474225 0.554705563713523 0.659848448820412 0.556825610809028 0.504257379099727 0.503354055806994 0.507519277743995 0.519904956221581 0.528167109936476 0.524709762074053 0.456063388025059
-9999 -9999 -9999 -9999 -9999 -9999 -9999 -9999 -9999 -9999 -9999 -9999 -9999 -9999 -9999 -9999 -9999 -9999 -9999 -9999 -9999 -9999 -9999 -9999 -9999 1.19121462106705 1.90802307505357 1.51091104745865 1.20244173267308 1.02414772510529 0.952071624994278 0.970672571659088 0.883097974693074 0.782727152109146 0.806569171302459 0.816572492321332 0.845256974299749 0.772402482874253 0.792577696197173 0.764363765716553 0.745296993676354 0.79611975831144 0.716545679989983 0.646979554611094 0.608465981483459 0.544728741049767 0.473293370183776 0.472911011427641 0.473421301692724 0.641965504735708 0.635454793509684 0.629476961336638 0.465171945095062 0.646427894277232 0.52935711145401 0.548442957656724 0.575830406376294 0.509446116430419 0.543629704043269 0.533093489706516 0.473631623036721 0.468566134572029
-9999 -9999 -9999 -9999 -9999 -9999 -9999 -9999 -9999 -9999 -9999 -9999 -9999 -9999 -9999 -9999 -9999 -9999 -9999 -9999 -9999 -9999 -9999 -9999 -9999 1.9738921225071 1.76652258634567 1.52407955772736 1.34016951452941 1.24871267192066 1.14895237796009 0.952259796507218 0.904732709421831 0.790230800708135 0.810105464037727 0.894449062207166 0.922297854633892 0.816262127722011 0.803041687783073 0.825467132470187 0.844388723373413 0.787258602240506 0.760036247618058 0.667707718470517 0.611555946223876 0.587652862071991 0.576415359973907 0.770751387665146 0.734407301992178 0.745185834796805 0.516142500674023 0.50763082854888 0.510026993120418 0.515047131215825 0.486474734544754 0.490508052706718 0.548243781285627 0.425240886211395 0.495472596160003 0.485336245702846 0.477095413953066 0.388076943159103
-9999 -9999 -9999 -9999 -9999 -9999 -9999 -9999 -9999 -9999 -9999 -9999 -9999 -9999 -9999 -9999 -9999 -9999 -9999 -9999 -9999 -9999 -9999 -9999 1.31647038459778 1.93765917420387 1.75495083630085 1.56379194557667 1.36955762523062 1.29716179563719 1.16990529187024 1.10797999240458 1.00469616428018 0.949289518408477 0.910680954947191 0.922683370113373 0.838237398862839 0.92648166098765 0.806161063909531 0.793585872650146 0.829253989458084 0.842963618040085 0.816146287847968 0.702804723206688 0.639222232734456 0.623661205172539 0.625247767567635 0.637625390291214 0.587522793342085 0.492439557798207 0.540835053605192 0.532006197115954 0.523839630624827 0.52450046118568 0.530178484671256 0.550257630207959 0.550320388639674 0.545882116345798 0.531478711787392 0.621130929328501 0.626587377861142 0.633322276175022
-9999 -9999 -9999 -9999 -9999 -9999 -9999 -9999 -9999 -9999 -9999 -9999 -9999 -9999 -9999 -9999 -9999 -9999 -9999 -9999 -9999 -9999 -9999 1.50594073534012 2.19047158956528 1.88005691766739 1.72822342813015 1.55289237201214 1.37038987874985 1.27909112535417 1.18596683442593 1.13778384961188 1.0742038115859 1.05537648605449 0.951862555742264 0.977571548095771 0.969505168497562 0.941238153193678 0.955936489360673 0.98208565477814 1.00347321586949 0.815790039300919 0.810812813043594 0.940081897590842 0.915700106748513 0.73441014289856 0.674038302898407 0.643789681792259 0.626530587673187 0.584883344173431 0.553728891536593 0.525739452242851 0.49813639819622 0.614374143071473 0.545481418924672 0.522704146364156 0.54874660775942 0.541724905371666 0.5483018896159 0.548656367203769 0.618140257894993 0.642064743675292
-9999 -9999 -9999 -9999 -9999 -9999 -9999 -9999 -9999 -9999 -9999 -9999 -9999 -9999 -9999 -9999 -9999 -9999 -9999 -9999 -9999 -9999 2.95765788853168 2.96571279849325 2.35709437302181 1.70077793725899 1.57559580675193 1.44787527195045 1.3105042129755 1.28092749097518 1.25002642508064 1.14983295117106 1.10676843140806 1.09629741311073 1.03301117356334 1.02133543789387 1.05870612604277 1.02199281539236 0.97378240099975 0.986440971493721 0.930746813969953 0.909842101590974 0.938025505415031 0.933816515973636 0.927349569542067 0.890680097043514 0.644071987271309 0.618413507938385 0.591166463494301 0.582349348068237 0.548898671753705 0.491180247068405 0.500758463144302 0.479493165016174 0.468841946125031 0.465317979454994 0.469382297992706 0.471120756864548 0.492188540101051 0.479861861467361 0.465476489067078 0.462141793966293
-9999 -9999 -9999 -9999 -9999 -9999 -9999 -9999 -9999 -9999 -9999 -9999 -9999 -9999 -9999 -9999 -9999 -9999 -9999 -9999 2.64602583646774 2.21113562807042 3.17894323783762 2.9594047034488 2.20246256800259 1.47029746004513 1.4331910780498 1.40996599942446 1.36253429097789 1.32624049378293 1.25985913510833 1.21156929220472 1.13462061115674 1.08380143876587 1.08670586241143 1.07740811258554 1.02889199022736 1.04686636690583 1.00473369125809 0.956911932144846 0.910552024841309 0.907536742942674 0.910088606178761 0.903494973267828 0.663588494062424 0.641567957401276 0.595726212859154 0.590030631422997 0.574711868166924 0.568028855323792 0.575917261838913 0.553337237238884 0.525269362330437 0.529866045713425 0.505835452675819 0.499607035517693 0.490365853905678 0.561808647853988 0.555880349661623 0.522009484469891 0.488684043288231 0.491909548640251
-9999 -9999 -9999 -9999 -9999 -9999 -9999 -9999 -9999 -9999 -9999 -9999 -9999 -9999 -9999 -9999 -9999 -9999 -9999 -9999 2.3826865740203 1.82351591641253 2.94881765842438 2.19856300424127 2.42602584642523 1.73734289057115 1.52391967736185 1.48747080937028 1.44997563958168 1.42956818640232 1.22579670591014 1.218930190163 1.17367528272527 1.14130166811602 1.13169568457774 1.10905932847943 1.05855172021048 1.02456784780536 0.986125409603119 0.931224387671266 0.895611261682851 0.91303478287799 0.900647613619055 0.88408983285938 0.865484096109867 0.656043165922165 0.605540403723717 0.581917759776115 0.567348529310787 0.560997641086578 0.568341743946075 0.567199799418449 0.55964949131012 0.534838595986366 0.517207151651382 0.502132153511047 0.478319007158279 0.466612249612808 0.467748457193375 0.470871108770371 0.46690785586834 0.584168133490226
-9999 -9999 -9999 -9999 -9999 -9999 -9999 -9999 -9999 -9999 -9999 -9999 -9999 -9999 -9999 -9999 -9999 -9999 -9999 3.41717380285263 2.98431518375874 1.82897352088581 1.70751481503248 1.72444376796484 1.58145247399807 1.44157937169075 1.51032409542485 1.49418631754816 1.45404827222228 1.3521245356117 1.27851105055639 1.24150436690875 1.15415313414165 1.09675783025367 1.09498830671821 1.13006373920611 1.02883673672165 1.00954641082457 0.948743516845363 0.868844757122653 0.87073106531586 0.917332182638347 0.931729763746262 0.92511184407132 0.905359105340072 0.866285284715039 0.825288617185184 0.593537953495979 0.814045890234411 0.774536088109016 0.636995239292874 0.633110080571736 0.624595334424692 0.601057932657354 0.596931929973995 0.569697394967079 0.57317657242803 0.556860074400902 0.574440618648249 0.57565293767873 0.566638372400228 0.571494632784058
-9999 -9999 -9999 -9999 -9999 -9999 -9999 -9999 -9999 -9999 -9999 -9999 -9999 -9999 -9999 -9999 -9999 13.4738645553589 2.72567220528921 2.03700623442145 2.25971116764205 2.00920612897192 1.83144767582417 1.64973783067295 1.51004604143756 1.40990811799254 1.4399422109127 1.35864793695509 1.37916942792279 1.37303223673786 1.28535001618522 1.2566149362496 1.21681308746338 1.16767855627196 1.16261384955474 1.14719715075833 1.15000388451985 0.956124323819365 0.867169784648078 0.864144351865564 0.879857466689178 0.936570681631565 0.947369246743619 0.966027449816465 0.962962296791375 0.936081223189831 0.809930706662791 0.830872717712607 0.823288685509137 0.829661004245281 0.788045116833278 0.676426359835793 0.649743200224989 0.608668022296008 0.602093352114453 0.582725281224531 0.580116767217131 0.571588846690515 0.5718803344404 0.554348824655309 0.549658198566998 0.445480215549469
-9999 -9999 -9999 -9999 -9999 -9999 -9999 -9999 -9999 -9999 -9999 -9999 -9999 -9999 -9999 -9999 -9999 34.8592655326747 4.98499783873558 3.28857482224703 2.51202565080979 2.03910471286092 1.88034315833024 1.67408639405455 1.5555895034756 1.44194428835596 1.30587035843304 1.43242388963699 1.22952441684902 1.27309855911881 1.30319491880281 1.23839866263526 1.23863050767354 1.25821186602116 1.21121081496988 1.17093719116279 1.12725281289646 0.946634978055954 0.892233670822212 0.851801052689552 0.847887649067811 0.845641040376255 0.854311239506517 0.848056314513087 0.836490587331355 0.88419330585748 0.891679475350039 0.880031925226961 0.868188312011106 0.842354845787798 0.816973299852439 0.774129152297974 0.840061531535217 0.903122328221798 0.844568227018629 0.845841508358717 0.576033117140041 0.58696650845163 0.609037086367607 0.58281338390182 0.583352302803713 0.564284602508825
-9999 -9999 -9999 -9999 -9999 -9999 -9999 -9999 -9999 -9999 -9999 -9999 -9999 -9999 -9999 -9999 -9999 -9999 -9999 3.15186424631821 2.14292974770069 2.08451902493834 1.85633486509323 1.70914429639067 1.65622501261532 1.5781478472054 1.43803524971008 1.29503199644387 1.25626224279404 1.34757973253727 1.24121831171215 1.25518997758627 1.14668129011989 1.19383085412639 1.20233995786735 1.170733202781 1.11758551214423 0.972292801099164 0.93268968803542 0.86520003420966 0.828148423561028 0.806486957839557 0.817500044192587 0.879407057538629 0.888877199962735 0.894016644917428 0.945150213316083 0.887485397713525 0.878924603973116 0.846606424876622 0.85529765699591 0.859970761196954 0.883289598992893 0.852389376078333 0.812847557876791 0.780094557574817 0.726554826966354 0.770045796409249 0.771120484918356 0.728307816199958 0.733615251258016 0.72397935949266
-9999 -9999 -9999 -9999 -9999 -9999 -9999 -9999 -9999 -9999 -9999 -9999 -9999 -9999 -9999 3.75037125023929 5.25344854051417 13.503184236799 3.53237381151744 2.76488231420517 2.16319948785445 1.82574455626309 1.71471996232867 1.71202923730016 1.61684785570417 1.61956002243928 1.524963210736 1.36882832433496 1.18534317612648 1.06927850469947 1.12276300694793 1.11809022724628 1.10181999845164 1.10565442698342 1.08157021445887 1.06924163550138 1.05946609484298 1.01981607824564 0.974284437485039 0.876234535127878 0.786863871983119 0.778512568346092 0.76467723931585 0.799457306308406 0.84920706320554 0.803733651127134 0.822648988238403 0.844880560679095 0.875714386148112 0.87333274100508 0.882764780095645 0.866720492286342 0.878644683531352 0.836527069764478 0.767549160335745 0.806181249873979 0.814801231026649 0.774302087724209 0.800081849098206 0.679075918027333 0.740603031590581 0.732068910263479
-9999 -9999 -9999 -9999 -9999 -9999 -9999 -9999 -9999 -9999 35.2986888885498 35.2986888885498 13.7248649597168 8.83649905104386 4.45538026839495 2.55322294235229 2.43103070743382 2.72175768390298 3.06801891326904 2.87673404812813 2.32614440076491 1.86597284036023 1.72658333608082 1.6463218906096 1.67444292988096 1.68341362263475 1.61371538043022 1.48747023940086 1.29764042156083 1.01924301471029 1.02054957939046 1.01238997387035 0.949009643069335 1.0206385489021 1.00310699535268 0.969967766531876 0.970246052103383 0.975448844688279 0.860064825309174 0.817589760891029 0.819722857858453 0.860583711415529 0.808120164488043 0.823732217507703 0.887751341930458 0.858931162527629 0.833534755877086 0.75156510089125 0.768680110573769 0.831255130469799 0.832215192062514 0.845865138939449 0.932894149795175 0.823911232607705 0.849250132218003 0.809420177713037 0.769879817962646 0.77489363615002 0.74665757481541 0.750415988266468 0.805042751133442 0.810621846467257
-9999 -9999 -9999 -9999 -9999 -9999 -9999 -9999 -9999 -9999 35.2986888885498 8.96416954882443 5.0013945500056 3.80410660306613 3.73347435278051 3.46356272697449 2.75290270149708 6.97683177625432 5.57597381904207 1.82174771083029 3.72054719924927 2.26011306792498 1.90121875916209 1.84346695457186 1.88513673841953 1.7321846941486 1.58016119711101 1.52415813133121 1.41454878821969 1.19815676473081 1.00348161254078 0.955853990279138 0.994770116172731 0.931113073602319 0.975523226894438 1.02022128459066 0.976440159603953 0.861935303679534 0.821994366390365 0.791357379938875 0.809001723570483 0.815862102167947 0.766176849603653 0.73566478065082 0.73020683654717 0.739120685628482 0.771427465336663 0.774411161031042 0.774816564151219 0.811156575168882 0.852833674422332 0.85875911797796 0.810528660459178 0.763780672635351 0.757208810320922 0.765461504459381 0.782153644732067 0.776554463165147 0.77182118168899 0.757368791316237 0.746324029351984 0.748866884836129
-9999 -9999 -9999 -9999 -9999 -9999 -9999 -9999 -9999 -9999 -9999 -9999 -9999 3.38521340915135 4.10912277418024 6.59779516607523 7.64567255973816 -9999 -9999 -9999 -9999 -9999 2.45846604673486 2.41436637850369 2.35975250601768 2.17903495207429 1.79968982376158 1.72079765237868 1.47246235795319 1.46277625858784 1.05776047054678 0.937596822157502 0.918003355152905 0.930533291772008 0.981571949087083 0.949296316131949 0.963256666436791 0.961521863937378 0.848083268318857 0.807437836059502 0.791667768997806 0.855845279060304 0.850002821534872 0.848869532346725 0.798586978577077 0.837274870835245 0.829376768320799 0.777917814041887 0.802659100719861 0.804686234465667 0.828519976564816 0.857069335877895 0.832765680338655 0.814009018242359 0.789053196353572 0.817196475608008 0.82535887828895 0.824055608894144 0.801219147230898 0.782913524125304 0.778716572693416 0.80511736124754
-9999 -9999 -9999 -9999 -9999 -9999 -9999 -9999 -9999 -9999 -9999 -9999 -9999 16.6274771690369 16.6274771690369 16.6274771690369 -9999 -9999 -9999 -9999 -9999 -9999 4.94490551948547 4.94490551948547 4.94490551948547 0.308659605681896 3.42627448695047 1.94481931013219 1.49433996342123 1.42522530443966 1.33281006384641 1.17138975765556 1.03690126072615 0.987641402520239 1.00945524685085 1.08143308293074 1.05148422159255 1.00508683361113 0.998589059337974 0.905059416778386 0.870253027416766 0.890176070854068 0.879056146368384 0.7833495842559 0.791069422449384 0.781509288719722 0.785227414752756 0.728505607162203 0.73303802630731 0.787784115544387 0.838208016540323 0.812757818826607 0.828201994299889 0.832583171980722 0.819181581693036 0.797317634735789 0.8041934424213 0.816275420997824 0.81692773103714 0.821875898965767 0.832639415349279 0.802222258278302
-9999 -9999 -9999 -9999 -9999 -9999 -9999 -9999 -9999 -9999 -9999 -9999 -9999 -9999 -9999 -9999 -9999 -9999 -9999 -9999 -9999 -9999 -9999 -9999 -9999 -9999 3.40961899076189 3.07510620706222 3.76080625197467 1.47205127030611 1.61934817023575 1.34216527920216 1.33108887714999 1.18059910514525 1.15273375064135 1.19062804430723 1.11199416127056 1.0200587566942 1.01880925521255 0.792160912283829 0.820669830909797 0.840068419064794 0.837854740875108 0.814951798745564 0.81103687520538 0.78798036383731 0.792097426950932 0.85099494350808 0.825684824160167 0.798176806952272 0.821249258305345 0.753895359379904 0.787460133433342 0.776759016726698 0.799456964646067 0.834890491196087 0.814574245895658 0.85449313798121 0.849479224000658 0.860230906733445 0.845366803663117 0.854178952319282
-9999 -9999 -9999 -9999 -9999 -9999 -9999 -9999 -9999 -9999 -9999 -9999 -9999 -9999 -9999 -9999 -9999 -9999 -9999 -9999 -9999 -9999 -9999 -9999 -9999 -9999 -9999 16.2570774793625 3.79899457522801 3.01027119532228 2.74260737746954 2.15468865260482 1.87844179783549 1.30723557089056 1.35283196823938 1.29709175974131 1.24830056447536 1.12580955773592 1.02298713102937 0.909723235028131 0.841904767921993 0.858476326933929 0.878281933920724 0.863159237163407 0.924880375819547 0.882117681205273 0.839210543249335 0.820621113692011 0.81036411012922 0.800629160233906 0.819913671485015 0.805338608367102 0.806449269609792 0.788613796234131 0.790894606283733 0.810111378984792 0.82275442140443 0.797671200973647 0.767751456371376 0.78464820768152 0.813319230718272 0.820102878979274
