EcologicalScience/Bass/data/rs_data_bass/chl_303.asc
NCOLS 226 
NROWS 124 
XLLCORNER -9.41648524995501 
YLLCORNER 47.587301625531 
CELLSIZE 0.0833 
NODATA_value -9999 
[rows 54 to 80 of 124, columns 124 to 185 of 226]
1.31888401508331 1.2641369998455 1.29324299097061 0.568144485354424 1.04559561610222 1.14595837891102 1.27999725937843 1.13055150210857 1.30800788104534 1.39169664680958 1.42177574336529 1.42037437856197 1.34305648505688 1.52235531806946 1.36905375123024 1.45050671696663 1.13090550899506 1.13847300410271 1.15062560141087 1.17741188406944 1.6677668094635 1.35264900326729 1.4911537617445 1.6678961366415 1.70928892493248 1.78939542174339 1.74062705039978 1.23296624422073 1.69731295108795 1.85994225740433 1.85941958427429 1.76527583599091 1.877306163311 1.93084269762039 1.91648250818253 1.92794770002365 2.03308868408203 1.54904168844223 3.21082484722137 1.35434438288212 1.20800998806953 1.4566705673933 1.55418562889099 1.7569417655468 1.70528157949448 1.58591777086258 1.98081022500992 2.43685479462147 2.29361772537231 4.37688302993774 3.45752111077309 5.77809222042561 6.00609683990479 9.24667418003082 5.66812813282013 4.52712535858154 4.35575759410858 8.83581671347985 14.5221444285193 13.6682124233886 7.09641682173678 -9999
1.42961329221725 1.3753200173378 1.25112453103065 1.43235898017883 0.656293496489525 0.769402474164963 0.768040537834167 1.31182913482189 1.15870986878872 1.14137135446072 1.30205999314785 1.27465608716011 1.35434590280056 1.20712727308273 1.60014599561691 1.22964826226234 1.19013074040413 1.22371047735214 1.20561115443707 1.27758260071278 1.80021232366562 1.50356099009514 1.49442784488201 1.53044401109219 1.24704748392105 1.25124523043633 1.14933452010155 1.20196875929832 1.19511303305626 1.34707421064377 1.57547771930695 2.10021668672562 2.11448407173157 2.21287500858307 2.10023778676987 2.16452407836914 2.26523923873901 2.25412577390671 1.2992317378521 1.10332198441029 1.3334467113018 1.54636685550213 1.75894126296043 1.55219643115997 2.63517442345619 3.22667741775513 2.63638499379158 4.14377725124359 6.81598927974701 6.49850198200771 5.13301048278809 3.40310490131378 4.88660037517548 6.60502346824197 7.35129890441895 8.29403758049011 10.5720698833466 -9999 -9999 -9999 -9999 -9999
1.88913640379906 1.9631550014019 1.73505261540413 1.05987372994423 1.0577429831028 1.00769403576851 0.919889956712723 1.25883337855339 1.09855011105537 1.11441224813461 1.20800288021564 1.19682598114014 1.33001925051212 1.32610952854156 1.51307326555252 1.50413471460342 1.43968722224236 1.34111326932907 1.46404346823692 1.52727895975113 1.76385605335236 1.92668402194977 1.46823938190937 1.04291474819183 1.11689025163651 1.2811267375946 1.58093619346619 1.68781417608261 1.75882798433304 1.81198042631149 1.82291096448898 2.2477188706398 2.10582447052002 2.17910474538803 2.28730201721191 2.20816880464554 2.38975793123245 1.94414556026459 1.92450678348541 1.11469723284245 1.41990973055363 2.24704125523567 2.74725969135761 1.54484606534243 5.77600792050362 6.25842332839966 5.32374930381775 3.67718933161741 6.55865585803986 5.62599272387368 6.27531752586365 5.20165944099426 8.63970470428467 6.39658741950989 -9999 -9999 -9999 -9999 -9999 -9999 -9999 -9999
2.0966722369194 1.98499989509583 1.75483122467995 1.75159388780594 0.972426742315292 0.935249984264374 1.03435125946999 1.32205420732498 1.3033199608326 1.24559247493744 1.15680304169655 1.46321283280849 1.40918326377869 1.35444264113903 1.49253523349762 1.53036904335022 1.60677516460419 1.5168269276619 1.71105372905731 1.75050902366638 1.68541949987411 1.69631284475327 1.67871496081352 1.0927799642086 1.17518171668053 1.38402226567268 1.6474626660347 1.80813753604889 1.78565096855164 1.91160142421722 2.05863153934479 2.66785204410553 2.51285183429718 2.43714076280594 2.47025996446609 2.36229908466339 2.20104449987411 1.7827695608139 1.6318176984787 1.60069423913956 1.66776148974895 2.59443046152592 4.44113436341286 2.25182171165943 7.92843550443649 10.3767823576927 6.14050805568695 5.91179631609435 5.95282351970673 7.16203966140747 6.93143763542175 6.33013129234314 19.1257427215576 -9999 -9999 -9999 -9999 -9999 -9999 -9999 -9999 -9999
2.8605994284153 1.94682562351227 0.667098015546799 0.673844262957573 0.966522037982941 0.926736027002335 1.03987124562263 1.09157770872116 1.2959009706974 1.33970323204994 1.33016923069954 1.43199151754379 1.42907850444317 1.44626019895077 1.37973001599312 1.57637017965317 2.0162610411644 1.90287816524506 2.0552054643631 1.86413544416428 1.25332421064377 1.64329048991203 1.66940814256668 1.47896853089333 1.28012323379517 1.28613898158073 2.30016750097275 1.99742031097412 2.11665219068527 2.06035655736923 2.32066351175308 2.43054753541946 2.47618496417999 2.74943768978119 2.70892721414566 2.50128757953644 2.13669151067734 1.82048857212067 1.74390292167664 1.89738517999649 1.93214696645737 3.01313281059265 4.01851916313171 6.02481722831726 5.13103061914444 3.77975571155548 7.59095022082329 7.52619624137878 7.42326164245605 8.09211373329163 7.54690790176392 36.8167471885681 59.8523855209351 -9999 -9999 -9999 -9999 -9999 -9999 -9999 -9999 -9999
-9999 2.9010737657547 2.89438676834106 0.876063734292984 1.15078952908516 1.37959653139114 1.43180850148201 1.53591674566269 1.6711710691452 2.12579852342606 1.47395780682564 1.4705013781786 1.61610339581966 1.66645056009293 1.57499849796295 1.63088768720627 2.30386573076248 2.17014741897583 2.04707622528076 1.75720274448395 1.34761270880699 1.26091128587723 1.36312428116798 1.38417595624924 1.4792332649231 1.24078354239464 2.17743068933487 1.83161777257919 1.7330070734024 1.56853580474854 1.73016822338104 2.19459003210068 2.19245928525925 2.35761523246765 2.45071041584015 2.39178067445755 2.16656094789505 1.64901226758957 1.63655698299408 1.68554556369781 2.76990741491318 3.3866947889328 7.09120416641235 9.85020446777344 1.72658783197403 -9999 11.597935131618 12.6767063140869 18.0298461914062 15.5959997177124 22.7990828546984 30.2260637283325 42.8693495530349 53.1674966812134 -9999 -9999 -9999 -9999 -9999 -9999 -9999 -9999
-9999 -9999 -9999 -9999 -9999 2.28387522697449 2.06509820222855 1.39819872379303 1.26461246609688 1.539959192276 2.12108033895493 1.80952244997025 1.48355586826801 1.63034212589264 1.59421017765999 1.82603394985199 1.64087927341461 1.52630174160004 1.50039374828339 1.51283544301987 1.25774100422859 1.29442271590233 1.35654902458191 1.46589374542236 1.5580170750618 1.83090072870255 1.74661427736282 1.55519700050354 1.2922620177269 1.29145422577858 1.49223446846008 1.69914382696152 1.69082182645798 1.75433993339539 1.86347258090973 1.4414489865303 1.46094524860382 1.58232522010803 2.27876776456833 2.92669200897217 4.67259657382965 5.17452156543732 6.93523550033569 11.0978200435638 18.6472034454346 17.7969813601485 -9999 -9999 -9999 -9999 55.4908996990749 41.0856277942657 33.5451712948935 21.0625128640069 -9999 -9999 -9999 -9999 -9999 -9999 -9999 -9999
-9999 -9999 -9999 -9999 -9999 -9999 -9999 -9999 3.54128958284855 2.23042295873165 2.20669761300087 1.91416883468628 1.64972019195557 1.92178872227669 1.98725321888924 2.03196340799332 1.73026236891747 1.32710471749306 1.49581351876259 1.31693324446678 1.38642820715904 1.40975171327591 1.41734325885773 1.48090276122093 1.4701215326786 1.65768152475357 1.49222776293755 1.44165372848511 1.41347023844719 1.25798025727272 1.19313150644302 1.26094204187393 1.37422049045563 1.36975952982903 1.849942445755 1.9110141992569 1.89987748861313 2.40036070346832 3.22148537635803 5.54691231250763 6.70592451095581 8.75729298591614 10.0206878185272 18.3257303237915 8.09949799525885 29.0682649612427 -9999 -9999 -9999 -9999 17.548882484436 47.0918323312487 22.1558624903361 57.3745963356712 50.1054689233953 22.6950200080872 -9999 -9999 -9999 -9999 -9999 -9999
-9999 -9999 -9999 -9999 -9999 -9999 -9999 -9999 -9999 -9999 2.85184049606323 2.14124026894569 2.40822261571884 2.02547290921211 1.9628309905529 1.91083306074142 1.58476160466671 1.72075116634369 1.50833398103714 1.41838797926903 1.3522672355175 1.33345127105713 1.36735573410988 1.50722175836563 1.63240206241608 1.82021248340607 1.67300480604172 1.57484328746796 1.59554708003998 1.22950199246407 1.14720529317856 1.11759451031685 1.15256103873253 1.34348103404045 2.14028781652451 2.44273799657822 2.49351221323013 2.55736792087555 4.56080460548401 4.70953810214996 4.88576245307922 10.3946342468262 12.3981485366821 31.2038125991821 12.8513346308643 -9999 -9999 -9999 -9999 -9999 -9999 -9999 9.59003809167118 43.5928518988869 44.4536962509155 58.6682672841208 10.8786277770996 -9999 -9999 -9999 -9999 -9999
-9999 -9999 -9999 -9999 -9999 -9999 -9999 -9999 -9999 4.3704868555069 3.21842068433762 3.01960533857346 2.7558086514473 2.67824739217758 2.07632133364677 1.98163837194443 1.461016908288 1.28056459128857 1.30764126777649 1.23155477643013 1.4545125067234 1.44462677836418 1.44389846920967 1.70034903287888 2.12678092718124 2.30992805957794 2.28722780942917 2.22024303674698 1.89121341705322 1.23771527409554 1.0914172232151 0.998438268899918 0.993963003158569 1.75490927696228 2.67884856462479 3.06505107879639 3.0171811580658 3.00897359848022 4.66029167175293 6.19817876815796 7.4582097530365 10.1341853141785 25.9835643768311 46.1460886001587 20.4250156867851 33.0447750091553 -9999 -9999 -9999 11.1409678459167 12.3630223274231 11.8165805339813 11.6207764148712 19.3875875473022 39.5162245143544 43.1708965301514 17.5494966430049 -9999 -9999 -9999 -9999 -9999
-9999 -9999 -9999 -9999 -9999 -9999 -9999 -9999 -9999 -9999 3.9982482790947 3.25686612725258 2.95067775249481 2.76081302762032 2.32761785387993 1.67104388773441 1.39461600780487 1.34459620714188 1.25034525990486 1.32806548476219 1.60532480478287 1.7214367389679 1.57807195186615 1.68840676546097 1.93911230564117 2.56234645843506 2.92307549715042 2.94382274150848 1.61614125967026 1.43531772494316 1.13909402489662 1.27612799406052 1.17733722925186 2.82039070129395 3.20762479305267 3.57703363895416 4.17459154129028 5.39577162265778 7.58850860595703 9.14042973518372 11.6480398178101 13.922438621521 38.9422101974487 18.3406548500061 8.45086406388329 -9999 -9999 -9999 -9999 -9999 12.7814168930054 13.3368201255798 13.3233904838562 11.8980066776276 25.1672143936157 -9999 -9999 -9999 -9999 -9999 -9999 -9999
-9999 -9999 -9999 -9999 -9999 -9999 -9999 -9999 -9999 3.67937564849854 5.14710170030594 4.03134495019913 3.22131702303886 1.89964427053928 1.70833311975002 1.77905286848545 1.40372622013092 1.43743354082108 1.30190250277519 1.37237924337387 1.60714870691299 1.83653622865677 1.98662406206131 2.47618728876114 2.33025366067886 2.9614462852478 3.0702406167984 2.20571029186249 1.27914601564407 1.18064171075821 1.1290634572506 1.12472775578499 1.41317921876907 2.49201375246048 3.02147161960602 3.26279854774475 3.47151231765747 5.17115342617035 7.87046098709106 10.1138820648193 13.2335014343262 17.023850440979 24.2985248565674 6.25655239299663 3.86466658115387 -9999 -9999 -9999 -9999 -9999 28.0171487251025 16.1340036392212 17.5830159187317 -9999 -9999 -9999 -9999 -9999 -9999 -9999 -9999 -9999
-9999 -9999 -9999 -9999 -9999 -9999 -9999 -9999 -9999 6.87677934765816 6.06467646360397 4.49431318044662 2.83694207668304 2.76633117198944 1.70566092431545 1.83929407596588 1.31487599015236 1.23478424549103 1.23291671276093 1.31955447793007 1.57399195432663 1.70378333330154 1.68605107069016 2.3459587097168 2.75458431243896 2.61590766906738 2.36776882410049 1.60483950376511 1.09282949566841 1.02328053116798 0.985099464654922 1.05650022625923 1.72621643543243 2.06931442022324 2.39522248506546 2.73314094543457 4.70783865451813 6.09092116355896 8.42399668693542 10.2874689102173 10.2202119827271 14.9292039871216 17.0443868637085 10.0139839313563 3.86466693878174 -9999 -9999 -9999 -9999 12.1949715614319 -9999 -9999 -9999 -9999 -9999 -9999 -9999 -9999 -9999 -9999 -9999 -9999
-9999 -9999 -9999 -9999 -9999 -9999 -9999 -9999 -9999 2.56075658798218 2.68811988830566 2.53146160840988 2.45705263316631 1.96428300440311 1.62990260124207 1.65542632341385 1.25093927979469 1.22944128513336 1.25895524024963 1.30330422520638 1.37892526388168 1.42952397465706 1.38499349355698 1.98941552639008 2.38043707609177 2.09308880567551 1.55025976896286 1.41876000165939 1.3165335059166 1.24582725763321 1.13356876373291 1.33942428231239 1.55270773172379 2.18132776021957 2.85974997282028 4.19601595401764 7.16794466972351 7.61293315887451 8.58102178573608 9.91911721229553 15.2654285430908 9.45974206924438 6.19719066691043 -9999 -9999 -9999 -9999 -9999 -9999 -9999 -9999 -9999 -9999 -9999 -9999 -9999 -9999 -9999 -9999 -9999 -9999 -9999
-9999 -9999 -9999 -9999 -9999 -9999 -9999 -9999 -9999 3.36035394668579 2.22697050869465 2.19324959814548 1.94215768575668 1.84231426566839 1.85928493738174 1.42574773728848 1.36327278614044 1.37593799829483 1.17843452095985 1.16590279340744 1.11862948536873 1.07008722424507 1.31930476427078 1.59061646461487 1.84129875898361 1.7853689789772 1.57196545600891 1.29717448353767 1.33344224095345 1.50763499736786 1.3332367837429 1.5278445482254 1.60511702299118 2.31255519390106 3.03546810150146 4.22338342666626 5.95311069488525 6.73701953887939 9.4753475189209 15.0711665153503 22.3931550979614 4.55239980361041 10.455434220383 -9999 -9999 -9999 -9999 -9999 -9999 -9999 -9999 -9999 -9999 -9999 -9999 -9999 -9999 -9999 -9999 -9999 -9999 -9999
-9999 -9999 -9999 -9999 -9999 -9999 -9999 3.28386068344116 4.03593753065382 3.44870501756668 2.09126549959183 1.55756516754627 1.58985820412636 2.10191249847412 1.63719373941422 1.36442211270332 1.17477035522461 1.26090753078461 1.20707845687866 1.12516871094704 0.992628782987595 1.00961771607399 1.71787798404694 2.33173727989197 2.77225720882416 2.69183546304703 1.86103802919388 1.65787428617477 1.66896378993988 1.65606898069382 1.77874571084976 1.9350825548172 2.00765633583069 2.213738322258 2.48507845401764 4.67903709411621 5.45334076881409 7.70753002166748 17.260899066925 33.7970867156982 15.5713424948813 5.69786846637726 3.25656187534332 -9999 -9999 -9999 -9999 -9999 -9999 -9999 -9999 -9999 -9999 -9999 -9999 -9999 -9999 -9999 -9999 -9999 -9999 -9999
-9999 -9999 -9999 -9999 -9999 -9999 4.51779574155807 4.0712396800518 3.3441367149353 3.42004222869873 2.17003530263901 1.99356478452682 1.69520133733749 2.03935503959656 1.60462537407875 0.795159727334976 1.10652896761894 0.952681481838226 1.08191326260567 1.2081007361412 1.15962222218513 1.16426101326942 2.31939893960953 2.9808007478714 3.18958210945129 2.74361175298691 2.03893357515335 1.90540426969528 1.85275733470917 1.69699054956436 1.7323522567749 1.75832623243332 1.84416979551315 2.09737873077393 2.4773753285408 4.26764845848083 6.29461026191711 11.0207633972168 15.4528527259827 -9999 -9999 -9999 -9999 -9999 -9999 -9999 -9999 -9999 -9999 -9999 -9999 -9999 -9999 -9999 -9999 -9999 -9999 -9999 -9999 -9999 -9999 -9999
-9999 -9999 -9999 -9999 3.766108711073 5.59454590082169 4.56309303045273 3.74013483524323 2.50905318260193 4.02846831083298 2.4524952173233 2.08588989078999 1.79142183065414 1.35915823280811 1.70742523670197 1.35547426342964 0.741616487503052 1.08240446448326 1.08540603518486 1.24609950184822 1.28013002872467 1.90775030851364 2.80543792247772 3.27708292007446 2.98296672105789 2.31664806604385 1.79965943098068 1.80034875869751 1.75277316570282 1.70025300979614 1.55169296264648 1.52366405725479 1.64727008342743 1.98610192537308 3.4800488948822 3.9294136762619 5.38199143409729 6.26686028724021 -9999 -9999 -9999 -9999 -9999 -9999 -9999 -9999 -9999 -9999 -9999 -9999 -9999 -9999 -9999 -9999 -9999 -9999 -9999 -9999 -9999 -9999 -9999 -9999
-9999 -9999 -9999 -9999 4.03299239873886 4.24862866401672 2.97263860702515 3.38123036921024 2.5056119710207 2.09344214200974 1.50708000361919 1.15487922728062 1.81443303823471 0.987798035144806 0.80766373872757 1.53934353590012 1.29987752437592 1.52906405925751 1.32056254148483 1.54082250595093 1.51232707500458 2.52427268028259 3.00459086894989 2.77232104539871 2.65135878324509 2.37872922420502 2.18710720539093 2.3576534986496 2.29134893417358 2.53430843353271 2.52963066101074 3.0131288766861 3.58055913448334 4.17053639888763 4.06743013858795 4.82766687870026 3.71530258655548 -9999 -9999 -9999 -9999 -9999 -9999 -9999 -9999 -9999 -9999 -9999 -9999 -9999 -9999 -9999 -9999 -9999 -9999 -9999 -9999 -9999 -9999 -9999 -9999 -9999
-9999 40.8104345438867 4.85763333689782 3.68567254543304 3.88636547327042 3.45188527107239 2.7431061565876 3.03768575191498 2.05942645668983 1.54170902073383 1.17723673582077 1.13823562860489 1.4348152577877 1.03417727351189 0.790299028158188 0.969728976488113 1.49968278408051 1.70562154054642 0.953590840101242 2.63709533214569 2.62330806255341 3.59981632232666 3.23007667064667 2.70017176866531 2.69795554876328 3.36488914489746 4.0038013458252 4.17612683773041 4.71285080909729 6.38839817047119 6.17645215988159 6.33811211585999 6.8951096534729 6.48022198677063 7.53095644712448 8.7788916609504 -9999 -9999 -9999 -9999 -9999 -9999 -9999 -9999 -9999 -9999 -9999 -9999 -9999 -9999 -9999 -9999 -9999 -9999 -9999 -9999 -9999 -9999 -9999 -9999 -9999 -9999
5.42203057408333 6.14256348609924 3.8772693157196 3.5942645072937 2.2288738489151 2.24051588773727 1.8785235285759 2.50081425905228 1.88625034689903 1.65292721986771 1.43762478232384 1.04870921373367 0.991987466812134 0.755660265684128 0.688284739851952 0.542460009455681 1.67838531732559 1.5261458158493 1.62566024065018 1.36428746581078 2.02245372533798 3.17741310596466 3.72953760623932 3.7919340133667 4.1835458278656 3.92727756500244 5.1996796131134 5.52774524688721 6.27858996391296 6.05004715919495 6.84520983695984 7.32458353042603 6.74868106842041 -9999 -9999 -9999 -9999 -9999 -9999 -9999 -9999 -9999 -9999 -9999 -9999 -9999 -9999 -9999 -9999 -9999 -9999 -9999 -9999 -9999 -9999 -9999 -9999 -9999 -9999 -9999 -9999 -9999
8.30326731715883 3.25707106590271 4.45820452272892 3.21970117092133 2.70088791847229 2.78767204284668 2.43481582403183 1.54983150959015 1.71394425630569 1.36832177639008 1.33391100168228 1.2958582341671 0.844464719295502 0.660853520035744 0.635728508234024 0.62441848218441 1.92305624485016 2.40622955560684 4.02156221866608 4.33542895317078 5.28644692897797 5.76468300819397 5.21574068069458 4.63390731811523 3.0530698299408 3.16429495811462 3.85332155227661 4.27032887935638 5.45094537734985 5.88311326503754 6.82704877853394 7.24150943756104 5.30169582366943 10.2566617039534 12.6930433273315 6.35518086317814 -9999 -9999 -9999 -9999 -9999 -9999 -9999 -9999 -9999 -9999 -9999 -9999 -9999 -9999 -9999 -9999 -9999 -9999 -9999 -9999 -9999 -9999 -9999 -9999 -9999 -9999
3.28983092308044 3.18440115451813 3.31271553039551 2.97232872247696 2.48808681964874 1.9798920750618 1.62107402086258 1.53105908632278 1.57288420200348 1.65822225809097 1.54923230409622 1.3452727496624 0.746912240982056 0.658490270376205 0.665690258145332 0.588986232876778 1.13485577702522 1.73799830675125 1.35149922966957 0.673926740884781 3.4084746837616 4.07246017456055 4.36928021907806 5.19406414031982 5.18646061420441 4.78593313694 4.46507942676544 4.72305965423584 6.55090999603271 5.21100211143494 6.10774050712585 -9999 -9999 -9999 -9999 -9999 -9999 -9999 -9999 -9999 -9999 -9999 -9999 -9999 -9999 -9999 -9999 -9999 -9999 -9999 -9999 -9999 -9999 -9999 -9999 -9999 -9999 -9999 -9999 -9999 -9999 -9999
2.9677260518074 3.4655978679657 3.81793642044067 2.94743692874908 2.75418591499329 2.60673969984055 1.73301368951797 1.98350393772125 2.1202649474144 2.23361778259277 1.90213876962662 1.094616740942 1.24177578091621 0.711142480373383 0.640003502368927 0.581185519695282 0.598544239997864 0.621498003602028 1.45693203806877 4.05095100402832 6.49045729637146 6.33025717735291 5.0788779258728 3.05848038196564 4.19262528419495 5.18081188201904 5.55716335773468 6.67004585266113 5.68842887878418 7.00446224212646 9.20192170143127 10.8236317634583 -9999 -9999 -9999 -9999 -9999 -9999 36.1371723217751 12.6942715644836 -9999 -9999 -9999 -9999 -9999 -9999 -9999 -9999 -9999 -9999 -9999 -9999 -9999 -9999 -9999 -9999 -9999 -9999 -9999 -9999 -9999 -9999
4.2535874247551 5.32451437200819 4.13299262523651 3.29774415493011 2.78765094280243 4.16240411996841 9.5259565114975 2.32351389527321 2.24729776382446 1.79454374313354 1.32299700379372 1.0212060213089 1.03982251882553 0.808626025915146 0.76810348033905 0.639281988143921 0.682398766279221 0.646311745047569 0.889667987823486 4.9938143491745 5.30297935009003 6.00685930252075 4.97208917140961 4.24218606948853 4.55150556564331 4.46364748477936 5.1429351568222 7.58445811271667 8.51773166656494 10.3681025505066 7.47535062687738 3.42093944549561 -9999 -9999 -9999 -9999 -9999 -9999 -9999 -9999 -9999 -9999 -9999 -9999 -9999 -9999 -9999 -9999 -9999 -9999 -9999 -9999 -9999 -9999 -9999 -9999 -9999 -9999 -9999 -9999 -9999 -9999
-9999 -9999 -9999 -9999 -9999 4.25137431998002 3.41768058708736 2.51291853189468 2.03304116427898 1.02049425244331 1.14707851409912 0.941596537828445 0.918012768030167 0.994862973690033 0.991124957799911 1.48621648550034 2.37480819225311 2.94174295663834 3.7710188627243 4.70816338062286 4.03102290630341 4.73354244232178 5.23133182525635 3.67388033866882 3.94438505172729 6.51248541245094 -9999 -9999 -9999 -9999 -9999 -9999 -9999 -9999 -9999 -9999 -9999 -9999 -9999 -9999 -9999 -9999 -9999 -9999 -9999 -9999 -9999 -9999 -9999 -9999 -9999 -9999 -9999 -9999 -9999 -9999 -9999 -9999 -9999 -9999 -9999 -9999
-9999 -9999 -9999 -9999 -9999 -9999 2.95657682418823 1.94827204942703 1.36233526468277 1.19376826286316 1.24934622645378 1.09229922294617 1.11899927258492 1.140489757061 1.21577176451683 1.63322031497955 1.84338748455048 2.1875039935112 3.31822192668915 7.59962940216064 8.16964888572693 6.59079551696777 4.6181663274765 3.13002947190913 -9999 -9999 -9999 -9999 -9999 -9999 -9999 -9999 -9999 -9999 -9999 -9999 -9999 -9999 -9999 -9999 -9999 -9999 -9999 -9999 -9999 -9999 -9999 -9999 -9999 -9999 -9999 -9999 -9999 -9999 -9999 -9999 -9999 -9999 -9999 -9999 -9999 -9999
