EcologicalScience/Bass/data/rs_data_bass/chl_412.asc
NCOLS 226 
NROWS 124 
XLLCORNER -9.41648524995501 
YLLCORNER 47.587301625531 
CELLSIZE 0.0833 
NODATA_value -9999 
[rows 54 to 80 of 124, columns 124 to 185 of 226]
2.2452038526535 2.21506102879842 2.28028130531311 2.09385003646215 2.06194806098938 2.03977018244126 2.02427569207023 1.96254554566215 1.95799817057217 1.93025063276291 2.25703173024314 2.14610394409725 2.03182795643806 2.04526340961456 2.06699109077454 1.99487270758702 1.82295547540371 1.73267265008046 2.06051369011402 1.98723010718822 1.79276199142138 1.84561500946681 1.73244230747223 2.11619818210602 2.17492382526398 2.22490264177322 2.31176700592041 2.40638604164124 2.5479870736599 2.45819833874702 2.47267013043165 2.17485525778362 2.29005467891693 2.08515371878942 2.11295149723689 1.93342880407969 2.18749048709869 2.0202761888504 1.68031851053238 1.26566718220711 1.51763212680817 1.83319008350372 1.43584949771563 1.45053447782993 1.52030472457409 1.64080868661404 1.83231671154499 2.18680760264397 2.79674139618874 3.19635334610939 3.40107079346975 4.23085634708405 4.51687011935494 5.54079348700387 5.085152205668 7.75478530883789 6.21006136674147 6.68324336638817 6.58725931495428 9.58748219229958 -9999 -9999
2.79849681258202 3.16399919986725 2.69713863730431 2.537632137537 2.25980177521706 2.18942892551422 2.12694616177503 2.11149435534197 2.10732492979835 1.89993151426315 1.73983043432236 2.43484668220793 2.14109368622303 1.96239010244608 2.1995737105608 1.99852272638908 2.02198076248169 1.62405591011047 1.68261940479279 1.91378695964813 1.76632306575775 1.9925897916158 2.18104314804077 2.33372539281845 2.38522335290909 2.42866356372833 2.47157011032105 2.39211122194926 2.39530642827352 1.93979957699776 2.09623128175735 2.03826749324799 2.22373002767563 2.01535288492839 1.75381882985433 1.62689806024233 1.60197470585505 1.84400224089622 1.41795105735461 1.30517175793648 1.40350279211998 1.54131883382797 1.69586250185966 1.56656397879124 1.64240496499198 1.83138196808951 2.21510392427444 2.55690527813775 3.45814579725266 3.06209696531296 4.28774860772219 3.84359240531921 4.04037400086721 5.14200083414713 6.57188145319621 12.940818005138 10.5720698833466 -9999 -9999 -9999 -9999 -9999
3.25708458002876 3.24491813778877 2.92743372917175 2.937539935112 2.71000161767006 2.57111209630966 2.55822581754011 2.51792935062857 2.25215543368283 1.86963466803233 1.76893828312556 1.73740276694298 1.80950538317362 2.52608431788052 2.77507217140759 1.74990667700768 1.84737129807472 4.68941836847979 3.04211434721947 1.46956543922424 2.37493985891342 2.22485822439194 2.43103194236755 2.45753374099731 2.97927296161652 2.61522790789604 2.488241314888 2.42300471067429 2.29605814218521 2.00748261809349 1.7456126511097 1.65035551786423 1.61074231863022 1.99251796801885 1.89187377691269 1.61818716923396 1.55384456117948 1.64316436648369 1.54192381103834 1.50340642531713 1.49820198615392 1.35447938740253 1.86099109053612 2.39772641658783 2.43222597241402 2.47598760468619 2.46492734977177 2.97149211466312 3.55453679778359 4.09797009041435 4.46788313514308 5.83377902758749 10.9488917418889 5.85481018679483 -9999 -9999 -9999 -9999 -9999 -9999 -9999 -9999
3.92257457971573 2.50107425451279 2.28353819847107 2.18387709061305 1.99071079492569 2.67586170925814 2.43912689124837 2.32325710268582 2.28115168038537 2.17594553442562 1.7775061527888 1.9880649248759 1.72179574767749 2.93294450114755 2.61044744884267 2.56411204487085 2.71320839971304 2.49272458255291 2.17211546500524 2.599724650383 3.61054712533951 2.58230618238449 2.43296947479248 2.35767260789871 2.2999251127243 3.44899865984917 2.63948920369148 2.10760504007339 2.09866399765015 2.05114114284515 1.91298188567162 1.47418051958084 2.36857536435127 2.18456866343816 1.64805878400803 1.54167565107346 1.77387590209643 1.36144691705704 1.40616483986378 1.55977938572566 1.24309274554253 1.34709548262449 1.39174830684295 2.10939788818359 2.78943970799446 3.27998238801956 3.01177382469177 13.5473793604795 4.84644448757172 4.54107123613358 4.79763018457513 5.68244222590798 7.38746615818569 -9999 -9999 -9999 -9999 -9999 -9999 -9999 -9999 -9999
3.60587496757507 3.418859462989 2.92734275261561 2.77975718180339 2.13785569866498 3.22514531892889 2.89933382412967 2.83343613498351 2.59503282518948 1.86328166723251 2.38029161095619 2.36681850166882 2.25232506499571 2.5437490940094 2.67842620611191 3.21313869953156 5.08974686264992 2.53327353795369 2.46422179539998 2.39588993787766 2.47152255773544 2.60351396799088 2.22707394361496 2.16270174980164 1.963694190979 2.05015197992325 1.63069553971291 1.77329694628716 1.80115661621094 1.64313455820084 1.60761793851852 1.60008004903793 2.53094706932704 2.6481768488884 1.64708641767502 1.458844435215 1.35576219856739 1.44705824553967 1.42121064662933 1.2896141409874 1.4224811643362 2.00120696425438 2.3776208460331 2.36877483129501 2.76046648621559 3.26244764328003 6.63311012585958 7.51373195648193 5.45044934749603 5.32193863391876 4.3337927034923 5.66134326798575 41.2326326751709 -9999 -9999 -9999 -9999 -9999 -9999 -9999 -9999 -9999
15.8694100819136 6.92852665696825 5.86127151940998 4.29090802920492 3.87300595484282 4.54027323161854 3.73646938099581 3.54434378006879 3.76895224131071 3.08344859629869 2.93594701588154 3.06535597890615 2.69728321888868 2.79066905379295 2.69389986991882 2.59761115908623 2.05406864881515 2.24098097085953 2.46203742424647 2.33830523490906 1.86541525125504 1.87102394104004 1.75753702521324 1.38376966714859 1.50435482859612 1.72153276205063 1.63290520012379 1.69358065724373 1.61172412832578 1.98830437660217 2.0945405960083 2.39858307441076 2.69761010011037 1.55499190092087 1.55746538937092 1.40124410390854 1.4774062782526 1.20940706729889 1.49732360243797 1.36738501489162 1.53496465086937 1.40589509560512 1.52489999165902 2.43094539642334 2.4633269906044 -9999 5.81955091442381 4.96568512916565 6.08913723060063 6.74496023995536 42.2002098083496 38.6685610646787 55.631472269694 40.6054225158691 -9999 -9999 -9999 -9999 -9999 -9999 -9999 -9999
-9999 -9999 -9999 -9999 -9999 2.28387522697449 3.29374913374583 6.1169857531786 4.994297009248 4.66292529839736 4.12733077085935 2.65791408220927 2.89466732740402 4.20170907974243 3.03694948554039 2.81337058544159 1.86585961580276 2.16155307292938 2.58373430967331 2.1989218990008 1.79656143188477 1.76128289699554 1.63016626834869 1.5289386510849 1.59396788477898 1.57694891095161 1.62674322724342 1.70958906412125 1.63219487667084 1.87942111492157 2.17375431458155 2.63379083077113 2.91894809405009 1.50041735172272 1.51162688434124 2.10238538682461 1.90148815512657 1.68263509869576 2.20974111557007 1.75710272789001 1.36734843024841 1.30193270169772 1.3822515813204 1.76472160907892 2.80778601765633 12.5466839213973 -9999 -9999 -9999 -9999 30.8938905715942 27.6227746009827 24.0081407920174 63.2021353827582 -9999 -9999 -9999 -9999 -9999 -9999 -9999 -9999
-9999 -9999 -9999 -9999 -9999 -9999 -9999 -9999 6.58805569580623 4.18236701112045 2.57349240779877 2.99948710203171 3.04287453701622 3.18097588890477 2.81434941291809 2.40691490968068 2.84139966337304 2.4287105588352 1.8107080757618 1.5896838704745 1.31647416353226 1.24758757948875 1.54894123971462 1.42450476884842 1.37472211718559 1.51743713021278 1.48671260476112 1.36968798438708 1.46979009111722 1.12563599646091 1.1947151273489 1.17065209150314 1.03780201077461 1.25043113529682 1.47136652469635 1.5936217457056 1.54184550046921 1.30701656341553 1.38028688728809 2.17031170427799 1.55172011485467 1.63153028488159 2.07263923149842 2.07220778294972 17.8897778391838 29.0682649612427 -9999 -9999 -9999 -9999 17.548882484436 16.2713193159837 52.7074440121651 42.2588668891362 22.5011013916561 22.2013043623704 -9999 -9999 -9999 -9999 -9999 -9999
-9999 -9999 -9999 -9999 -9999 -9999 -9999 -9999 -9999 -9999 2.96173093716303 3.24153780937195 3.8291365702947 3.50347946819506 2.75683454672496 2.5480424376095 2.21216420332591 2.34989192205317 2.31574286783443 1.81884929537773 1.42395053505898 1.20375720858574 1.26112532615662 1.48489828705788 1.35433886051178 1.3348710089922 1.34062202274799 1.40052898228168 1.37545591592789 0.992186240851879 0.549274496734142 2.64822680751483 1.23192340135574 1.20481503009796 1.33944073319435 2.03505004303796 1.66839572787285 1.28181350231171 1.73171585798264 2.35122898221016 2.95305633544922 3.05761769413948 3.42190430164337 2.49146881699562 11.0491714853685 -9999 -9999 -9999 -9999 -9999 -9999 -9999 9.04222457946801 17.2290456635611 12.6621435029166 17.2907750947135 10.8786277770996 -9999 -9999 -9999 -9999 -9999
-9999 -9999 -9999 -9999 -9999 -9999 -9999 -9999 -9999 4.3704868555069 3.1334112683932 2.92228760321935 3.623055282392 3.65940951046191 3.41924500465393 2.75945732874029 2.64411382114186 2.3380672454834 2.23764610290527 2.16484345992406 2.11603595813115 1.34007049600283 1.31618288860602 1.38892290346763 1.29620625078678 1.27227111160755 1.14978627363841 1.19164814551671 1.29853150248528 1.61463524897893 0.947346344590187 1.1005515307188 1.189552500844 1.16930066049099 1.23871141076088 1.25899443626404 2.15902894735336 2.20084974169731 1.74002747352307 1.82472300987977 2.01096475124359 2.13888586025972 3.5239634513855 3.27685316403707 14.5469606078944 33.0447750091553 -9999 -9999 -9999 16.659746825695 12.9768051234159 23.3196013569832 13.0081082582474 16.3328676223755 8.91865493570055 15.4303003549576 15.2367906923647 -9999 -9999 -9999 -9999 -9999
-9999 -9999 -9999 -9999 -9999 -9999 -9999 -9999 -9999 -9999 4.15076720714569 3.23221733172735 3.52000352740288 3.57649576663971 3.11835460662842 2.71252818107605 2.46945772171021 2.42280489206314 2.32327914237976 2.26652487516403 2.0658463438352 1.76564943790436 1.41366336743037 1.46871073544025 1.47369186580181 1.24456565578779 1.0643672645092 0.909836356838544 1.28757860263189 1.58733467260996 1.85555371642113 1.05849630137285 1.17366296052933 1.02611158490181 1.16295812129974 1.17881430387497 1.1757598221302 1.67318845482973 1.8669688472381 2.02236207631918 2.22429438279225 2.32802792237355 3.17331862449646 4.18619681596756 7.75077920457692 -9999 -9999 -9999 -9999 -9999 11.334930896759 15.4607410430908 14.1897638638814 13.315011103948 11.9530948797862 -9999 -9999 -9999 -9999 -9999 -9999 -9999
-9999 -9999 -9999 -9999 -9999 -9999 -9999 -9999 -9999 3.67937564849854 3.17554881175359 2.44010426717646 2.97062784433365 2.87050643563271 2.60378627479076 2.99030923142153 2.72751531180213 2.15690436959267 1.93997365236282 1.90215027959723 2.03604005277157 1.7151191085577 1.46559642893927 1.50328123569489 1.19665596882502 1.24758813778559 1.21761713425318 1.15179584423701 1.16889150937398 1.41146102547646 1.76375834779306 2.173537788066 0.895417329668999 1.3212444621783 1.31909899757459 1.41253707042107 1.57277870865969 1.88957713200496 1.73603118956089 1.46954448223114 2.61686806495373 3.20808336138725 2.94540229439735 6.40805999515126 3.86466658115387 -9999 -9999 -9999 -9999 -9999 12.4136779904366 13.1635186672211 16.1843976974487 22.7412574901137 -9999 -9999 -9999 -9999 -9999 -9999 -9999 -9999
-9999 -9999 -9999 -9999 -9999 -9999 -9999 -9999 -9999 2.83006239989225 3.12623009962194 2.96995191574097 3.23404179300581 2.5161160826683 3.22470262050629 2.23208257555962 2.08107148110867 2.04877500236034 2.62307354807854 2.07052928209305 1.68550645311673 1.55323541164398 1.33266403277715 1.28728714585304 1.39100347865712 1.38745600978533 1.31130105257034 1.04612356424332 1.29805899659793 1.57827846209208 1.98151352008184 2.14141845703125 2.72489595413208 2.8815997838974 1.32217650230114 1.23269026279449 1.58113476108102 2.07558045387268 2.12867018580437 3.07179186741511 2.57503294944763 4.23361623287201 3.97197993596395 8.51511642944465 3.86466693878174 -9999 -9999 -9999 -9999 12.1949715614319 -9999 -9999 -9999 -9999 -9999 -9999 -9999 -9999 -9999 -9999 -9999 -9999
-9999 -9999 -9999 -9999 -9999 -9999 -9999 -9999 -9999 2.80806943774223 2.74686245357289 3.37585115432739 3.37704554200172 3.07281589508057 2.18377161026001 2.47905763107188 2.26074607582653 2.26778970162074 1.91948940356572 1.74778552850087 1.49788556496302 1.39606870214144 1.3065168261528 1.28760915994644 1.40999519283121 1.12178705135981 1.18239845832189 1.21011303067207 1.0150312891132 1.88288060824076 2.23074452082316 2.41343367099762 2.82968068122864 2.95807574192683 3.48856602112452 1.26149110794067 1.96570887565613 2.02397978305817 2.8070258140564 3.21637537479401 2.44529680013657 2.17137762308121 8.39370903755302 -9999 -9999 -9999 -9999 -9999 -9999 -9999 -9999 -9999 -9999 -9999 -9999 -9999 -9999 -9999 -9999 -9999 -9999 -9999
-9999 -9999 -9999 -9999 -9999 -9999 -9999 -9999 17.2222527367728 2.95448181778193 3.53747189044952 3.42436738014221 3.45434331893921 2.40989384651184 2.35386352539062 2.15294399857521 2.21052690914699 1.35589443936067 1.75033219655355 1.66693645715714 1.33059207688678 1.30553821722666 1.34964522719383 1.39173957705498 1.52215810255571 1.47328646616502 1.13621696233749 1.44688173135122 1.68720402320226 1.49769500494003 1.49916096925735 2.61648749763315 3.09476324915886 2.78089673320452 3.22795765598615 2.12052226066589 2.44082173705101 4.49822777509689 3.33252248764038 3.50837411880493 2.76811498403549 9.05025001041225 13.8087550990553 -9999 -9999 -9999 -9999 -9999 -9999 -9999 -9999 -9999 -9999 -9999 -9999 -9999 -9999 -9999 -9999 -9999 -9999 -9999
-9999 -9999 -9999 -9999 -9999 -9999 -9999 3.28386068344116 2.63410842418671 2.95131160815557 3.45942136119394 3.37304748594761 3.64146435260773 2.49870908260345 2.38235382239024 2.11473697423935 1.78403100371361 1.48255815945174 1.58775690899176 1.0882822573185 0.829990088939667 0.868486732244492 1.45645952224731 1.49318924546242 1.33513422310352 1.32603000104427 1.4673898710924 1.2926511249759 1.64177926949092 1.62115874615583 1.17588330726874 2.3297222906893 2.30294901132584 3.39351564645767 3.13314861059189 2.36426585912704 2.18426644802094 2.94109573960304 2.97233247756958 2.96351131796837 20.1692816001698 5.69786846637726 3.25656187534332 -9999 -9999 -9999 -9999 -9999 -9999 -9999 -9999 -9999 -9999 -9999 -9999 -9999 -9999 -9999 -9999 -9999 -9999 -9999
-9999 -9999 -9999 -9999 -9999 -9999 3.62739755426134 2.93945743055905 2.84146045721494 3.97479114532471 3.88278596401215 3.8675194978714 3.82786548137665 2.56342542171478 2.16707879304886 1.67853035895448 1.6060531798162 1.43396730328861 1.38848140992616 1.38028571793908 1.55530124902725 1.53504950859967 1.46677681803703 1.47899700701237 1.30522347986698 1.2976969897747 1.26367263888058 1.35924399249694 1.34003461662092 1.33541456806032 1.42483558623414 1.70121717453003 2.48682036995888 2.13980499335698 2.07087398426873 2.74566010634104 3.14399743080139 3.16602650284767 3.0631451010704 -9999 -9999 -9999 -9999 -9999 -9999 -9999 -9999 -9999 -9999 -9999 -9999 -9999 -9999 -9999 -9999 -9999 -9999 -9999 -9999 -9999 -9999 -9999
-9999 -9999 -9999 -9999 3.65543353557587 3.39036481721061 3.04226366211386 2.97230702288011 3.92279341220856 3.94332635402679 3.77523698806763 3.08356493711472 2.84618997573853 2.27924287319183 2.23330618519532 1.90162226087169 1.65730915885223 1.28593062099658 1.36984344532615 1.26077963411808 1.19932687282562 1.43487824499607 1.53218305706978 1.55631068348885 1.57961245775223 1.37123809754848 1.5012423992157 1.51585538685322 1.69366613030434 1.50318250216936 1.80053725681807 1.92003012787212 1.90740698575974 1.9969670176506 2.3186708688736 3.17075961828232 4.11002725904638 4.00424335219643 -9999 -9999 -9999 -9999 -9999 -9999 -9999 -9999 -9999 -9999 -9999 -9999 -9999 -9999 -9999 -9999 -9999 -9999 -9999 -9999 -9999 -9999 -9999 -9999
-9999 -9999 -9999 -9999 3.50437734808241 3.72061298174017 3.42629460727467 3.06273009496577 3.08669623732567 2.82249829173088 2.68239113688469 2.83421328663826 2.58376979827881 2.51959016919136 2.52808929681778 1.74938270875386 1.54024618864059 1.03115123510361 1.86599845545632 2.03033558060141 2.04349175270866 2.09727961526198 1.69105838537216 1.66797649860382 1.74376682043076 1.36172449939391 1.57477533817291 1.64230236411095 1.71874724328518 1.97887650132179 2.05561259117993 2.13120858777653 2.3861768245697 2.5381539106369 2.70398021936417 3.09557851155599 3.58919852972031 -9999 -9999 -9999 -9999 -9999 -9999 -9999 -9999 -9999 -9999 -9999 -9999 -9999 -9999 -9999 -9999 -9999 -9999 -9999 -9999 -9999 -9999 -9999 -9999 -9999
-9999 58.4436926708541 3.37431219220161 3.87566404938698 3.15461254119873 2.91806697144228 2.92767958781298 2.94824396862703 2.62457563326909 2.86282870173454 2.74718955159187 2.37405323982239 2.22170948982239 2.11740374565125 1.74321189522743 1.58007717132568 1.62483541170756 1.78967367609342 2.04075664281845 2.2932194962221 2.36928387249217 1.75058788061142 1.76799354553223 1.80231167078018 1.87211706638336 1.72174760699272 1.75411467254162 1.62738360058178 2.03680613636971 2.28945600986481 2.03783676299182 2.09149981628765 2.72233085907423 2.7297186255455 3.18402898907661 40.3598024718305 -9999 -9999 -9999 -9999 -9999 -9999 -9999 -9999 -9999 -9999 -9999 -9999 -9999 -9999 -9999 -9999 -9999 -9999 -9999 -9999 -9999 -9999 -9999 -9999 -9999 -9999
3.71711208139147 3.62550275142376 3.54002262078799 3.55435581207275 3.14561905860901 3.1790600333895 2.8637678861618 2.74702574014664 2.47987407445908 2.31016584084584 2.68045222759247 2.32164651155472 2.06050395965576 1.84310699701309 1.74526617527008 1.51000304818153 1.73706822184955 1.87623798847198 2.14875413974126 0.87871458530426 1.50427871569991 1.57445377483964 1.62113597430289 1.6503052264452 1.52486158792789 1.88091972470284 2.04964050650597 2.21865338087082 2.34398326277733 2.4009645993893 2.53826231222886 2.64161788041775 2.55374518632889 -9999 -9999 -9999 -9999 -9999 -9999 -9999 -9999 -9999 -9999 -9999 -9999 -9999 -9999 -9999 -9999 -9999 -9999 -9999 -9999 -9999 -9999 -9999 -9999 -9999 -9999 -9999 -9999 -9999
3.52812507748604 3.93539541501265 3.66389740430392 3.09727392196655 3.08604798316956 3.05179131031036 2.73572137355804 2.40427783727646 2.21959093809128 2.10874103307724 1.79234322309494 1.53369948863983 1.62863661050797 1.42597852349281 1.52804888486862 1.56917887926102 1.09790287166834 2.09195512533188 2.13331932822863 2.21283544103305 1.5077695325017 1.22601066617405 1.47987041473389 1.61991611719131 1.68017956385246 1.74976569414139 2.47224971652031 2.41130697727203 2.44801915884018 2.73924154043198 2.95274497568607 4.07824869716869 2.61811275780201 2.03388748168945 1.82471096515655 7.78788060491735 -9999 -9999 -9999 -9999 -9999 -9999 -9999 -9999 -9999 -9999 -9999 -9999 -9999 -9999 -9999 -9999 -9999 -9999 -9999 -9999 -9999 -9999 -9999 -9999 -9999 -9999
3.91242671012878 3.19086277484894 3.2240557551384 3.26966557502747 3.3041764497757 3.04710649251938 2.68217607736588 2.23139219284058 2.04731758832932 1.7719820022583 1.56356177330017 1.97781387848013 1.44953181743622 1.39800900220871 1.11716888844967 1.24248339235783 1.10517145693302 1.40918906964362 1.24070048891008 2.27900797479293 1.40263684652746 1.64203687012196 1.7059695482254 1.94620759487152 1.84489274024963 2.08532945009378 2.25272293732717 2.20982118844986 3.07734942436218 3.83457804809917 8.74779230247844 -9999 -9999 -9999 -9999 -9999 -9999 -9999 -9999 -9999 -9999 -9999 -9999 -9999 -9999 -9999 -9999 -9999 -9999 -9999 -9999 -9999 -9999 -9999 -9999 -9999 -9999 -9999 -9999 -9999 -9999 -9999
3.67213389873505 3.21697786221137 3.81119792461395 3.49209744930267 3.30772175788879 2.99951137304306 2.94472317695618 2.52258882522583 2.3646360039711 1.91814186573029 1.72485694885254 1.67881308233037 1.46478030085564 1.22841067910194 1.46804540157318 1.30030965805054 1.41303764283657 2.11121938158484 1.26485907114469 2.10594599694014 1.53977179527283 1.79946418679678 1.94784450531006 2.05468538403511 2.40716099739075 2.44638007879257 2.94143512845039 2.7763259768486 2.74920465548833 2.93559298912684 3.19794257481893 3.7761752501778 -9999 -9999 -9999 -9999 -9999 -9999 43.1984249628507 12.6942715644836 -9999 -9999 -9999 -9999 -9999 -9999 -9999 -9999 -9999 -9999 -9999 -9999 -9999 -9999 -9999 -9999 -9999 -9999 -9999 -9999 -9999 -9999
3.66778602319605 3.60787894044604 3.55327325207847 3.69029839833577 3.84561470031738 4.32862983431135 3.39837034543355 2.43390616178513 2.23888546228409 1.84501172304153 1.51932576298714 1.61478655536969 1.309087485075 1.09700627624989 1.15238736569881 1.23828223347664 1.28405548632145 1.5848579287529 1.80348037821906 1.79491992294788 1.99413040968088 2.01709691377786 1.78837144374847 2.79948046803474 3.26871085166931 3.42228484153748 2.83152410387993 3.00944021344185 2.96232077479362 3.00209274888039 4.80965001478682 3.42093944549561 -9999 -9999 -9999 -9999 -9999 -9999 -9999 -9999 -9999 -9999 -9999 -9999 -9999 -9999 -9999 -9999 -9999 -9999 -9999 -9999 -9999 -9999 -9999 -9999 -9999 -9999 -9999 -9999 -9999 -9999
-9999 -9999 -9999 -9999 -9999 5.41085611856901 3.96686792373657 2.536494576931 1.9294102191925 1.65035208463669 2.05538213253021 0.965932846069336 1.43896021445592 1.01959451331812 1.18764415383339 1.66948682069778 1.63079099357128 1.70318967103958 1.7198114991188 1.81567894495451 2.17518603801727 2.37377589941025 2.54123666882515 2.68574700185231 2.90321912935802 3.60498030015401 -9999 -9999 -9999 -9999 -9999 -9999 -9999 -9999 -9999 -9999 -9999 -9999 -9999 -9999 -9999 -9999 -9999 -9999 -9999 -9999 -9999 -9999 -9999 -9999 -9999 -9999 -9999 -9999 -9999 -9999 -9999 -9999 -9999 -9999 -9999 -9999
-9999 -9999 -9999 -9999 -9999 -9999 2.80219653674534 1.51912144124508 0.885589197278023 1.57264423370361 0.865313817347799 1.59518096844355 1.10651890933514 1.09445214271545 1.20168330839702 1.50371793996204 1.57933889735829 1.65278134896205 2.19469463825226 2.47565245628357 2.71237197518349 2.80801255427874 2.84327387809753 5.95858059758725 -9999 -9999 -9999 -9999 -9999 -9999 -9999 -9999 -9999 -9999 -9999 -9999 -9999 -9999 -9999 -9999 -9999 -9999 -9999 -9999 -9999 -9999 -9999 -9999 -9999 -9999 -9999 -9999 -9999 -9999 -9999 -9999 -9999 -9999 -9999 -9999 -9999 -9999
