EcologicalScience/Bass/data/rs_data_bass/chl_220.asc
NCOLS 226 
NROWS 124 
XLLCORNER -9.41648524995501 
YLLCORNER 47.587301625531 
CELLSIZE 0.0833 
NODATA_value -9999 
[rows 81 to 107 of 124, columns 62 to 123 of 226]
3.85158455371857 5.97498106956482 7.6620512008667 7.66205191612244 -9999 -9999 -9999 -9999 -9999 -9999 -9999 -9999 -9999 -9999 -9999 -9999 -9999 -9999 -9999 -9999 -9999 -9999 -9999 -9999 -9999 -9999 -9999 -9999 -9999 -9999 -9999 -9999 -9999 -9999 -9999 -9999 -9999 -9999 -9999 -9999 -9999 -9999 -9999 -9999 -9999 -9999 -9999 -9999 -9999 -9999 -9999 -9999 -9999 -9999 -9999 -9999 -9999 -9999 -9999 -9999 -9999 -9999
3.00432290238084 -9999 -9999 -9999 -9999 -9999 -9999 -9999 -9999 -9999 -9999 -9999 -9999 -9999 -9999 -9999 -9999 -9999 -9999 -9999 -9999 -9999 -9999 -9999 -9999 -9999 -9999 -9999 -9999 -9999 -9999 -9999 -9999 -9999 -9999 -9999 -9999 -9999 -9999 -9999 -9999 -9999 -9999 -9999 -9999 -9999 -9999 -9999 -9999 -9999 -9999 -9999 -9999 -9999 -9999 -9999 -9999 -9999 -9999 -9999 -9999 -9999
-9999 -9999 -9999 -9999 -9999 -9999 -9999 -9999 -9999 -9999 -9999 -9999 -9999 -9999 -9999 -9999 -9999 -9999 -9999 -9999 -9999 -9999 -9999 -9999 -9999 -9999 -9999 -9999 -9999 -9999 -9999 -9999 -9999 -9999 -9999 -9999 -9999 -9999 -9999 -9999 -9999 -9999 -9999 -9999 -9999 -9999 -9999 -9999 -9999 -9999 -9999 -9999 -9999 -9999 -9999 -9999 -9999 -9999 -9999 -9999 -9999 -9999
-9999 -9999 -9999 -9999 -9999 -9999 -9999 -9999 -9999 -9999 -9999 -9999 -9999 -9999 -9999 -9999 -9999 -9999 -9999 -9999 -9999 -9999 -9999 -9999 -9999 -9999 -9999 -9999 -9999 -9999 -9999 -9999 -9999 -9999 -9999 -9999 -9999 -9999 -9999 -9999 -9999 -9999 -9999 -9999 -9999 -9999 -9999 -9999 -9999 -9999 -9999 -9999 -9999 -9999 -9999 -9999 -9999 8.56839078122919 4.27835547924042 3.5393385887146 3.26604688167572 1.97383725643158
-9999 -9999 -9999 -9999 -9999 -9999 -9999 -9999 -9999 -9999 -9999 -9999 -9999 -9999 -9999 -9999 -9999 -9999 -9999 -9999 -9999 -9999 -9999 -9999 -9999 -9999 -9999 -9999 -9999 -9999 -9999 -9999 -9999 -9999 -9999 -9999 37.1749906539917 -9999 3.31737434864044 2.63498109579086 -9999 -9999 1.46292675896124 2.88836932182312 2.15406382083893 2.29296308755875 2.13075828552246 2.16557782888412 1.97075700759888 1.86810672283173 2.09594923257828 2.17548225607191 -9999 -9999 -9999 2.27689808607101 2.47480648756027 2.44127029180527 2.32538169622421 1.92867833375931 1.23050853610039 1.15066275000572
-9999 -9999 -9999 -9999 -9999 -9999 -9999 -9999 -9999 -9999 -9999 -9999 -9999 1.32713527029211 1.89065906275874 1.31067976355553 1.05462902784348 1.05571966279637 1.12509450316429 -9999 -9999 -9999 -9999 -9999 -9999 -9999 -9999 -9999 1.98577433824539 1.98898655176163 2.48454076051712 2.42530423402786 -9999 3.66949796676636 -9999 -9999 -9999 -9999 2.27276766300201 2.2996072769165 2.16395330429077 2.02020674943924 1.8888201713562 1.87576943635941 1.93030196428299 1.83251917362213 1.77449476718903 1.48857674002647 1.40660324692726 1.40082371234894 1.39279121160507 1.60938370227814 1.7668417096138 1.76235383749008 1.71094357967377 1.76135176420212 1.48363271355629 1.17035248875618 1.11684295535088 1.08855673670769 0.945955485105515 0.971056491136551
-9999 -9999 -9999 -9999 -9999 -9999 -9999 -9999 -9999 -9999 2.04886955022812 2.01895719766617 2.55066078901291 1.92092996835709 1.47666075825691 1.14980846643448 0.995966970920563 1.09851452708244 1.0526767373085 0.852542236447334 3.76812951094601 -9999 1.08061999082565 1.25810378789902 1.29022496938705 -9999 -9999 1.65028375387192 1.63005745410919 1.59245842695236 1.81627732515335 1.80101627111435 1.8492516875267 1.88109970092773 -9999 -9999 3.2554241905407 3.2005999982357 2.29140150547028 2.21878266334534 2.11965519189835 1.84357577562332 1.53585380315781 1.45375496149063 1.40229150652885 1.20430424809456 1.07072925567627 1.03795802593231 1.02923101186752 1.00446599721909 0.99153596162796 1.07707947492599 1.05056324601173 0.998147249221802 1.0144522190094 0.978801012039185 0.952109277248383 0.882126778364182 0.817628234624863 0.701491490006447 0.791938483715057 0.95060321688652
-9999 -9999 -9999 -9999 -9999 -9999 -9999 -9999 -9999 1.95106726884842 1.71023851633072 1.65549981594086 1.77587020397186 1.20079278945923 1.0457130074501 1.0038555264473 1.06954202055931 1.05735978484154 1.10216474533081 1.14826646447182 0.6861382573843 1.88175122737885 0.816618740558624 1.060786485672 1.11300525069237 1.16204327344894 1.37622597813606 1.21947598457336 1.11605626344681 1.15391027927399 1.32525828480721 1.71460801362991 1.90501499176025 2.13673049211502 2.2444776892662 2.65930795669556 2.41584080457687 2.24444550275803 1.91114330291748 1.81833904981613 1.71691131591797 1.5193852186203 1.30221453309059 0.987788289785385 0.939043521881104 0.79620149731636 0.757685244083405 0.709442988038063 0.695721745491028 0.704418763518333 0.69182775914669 0.691677019000053 0.711294740438461 0.740439757704735 0.731747254729271 0.747007504105568 0.772225499153137 0.757976979017258 0.765089213848114 0.698898017406464 0.85329070687294 0.954640477895737
-9999 -9999 -9999 -9999 -9999 -9999 -9999 -9999 -9999 1.19577902555466 1.19666478037834 1.21722972393036 1.19922146201134 1.04220074415207 0.906375020742416 0.84299772977829 0.742300495505333 0.75893846154213 0.810249745845795 0.851700782775879 0.813015729188919 0.802938044071198 0.796728014945984 0.815580010414124 0.876032263040543 0.883491039276123 0.901390492916107 0.909118473529816 0.910769283771515 0.960704237222672 1.03890225291252 1.37176877260208 1.56497991085052 1.62502580881119 1.75610393285751 1.7792392373085 1.78321498632431 1.77987080812454 1.84039056301117 1.74161857366562 1.63028991222382 1.49705252051353 1.10570695996284 0.930776238441467 0.817316293716431 0.741841480135918 0.671799749135971 0.675877511501312 0.676713019609451 0.680436730384827 0.675948768854141 0.65634597837925 0.668906986713409 0.70406100153923 0.70508699119091 0.733374014496803 0.720125243067741 0.73879574239254 0.753881961107254 0.764144271612167 0.922625988721848 0.974360972642899
-9999 -9999 -9999 -9999 -9999 -9999 -9999 -9999 1.5621006698444 1.46658298373222 0.9884392619133 0.843441724777222 1.13138696551323 0.904134035110474 0.835386782884598 0.772394210100174 0.746967002749443 0.668970733880997 0.618350252509117 0.681669741868973 0.713556736707687 0.721022978425026 0.701150268316269 0.712576478719711 0.76911672949791 0.775049239397049 0.771950215101242 0.809874773025513 0.841883987188339 0.881141245365143 0.884940773248672 0.96020695567131 1.00387045741081 1.06004101037979 1.12468948960304 1.33904546499252 1.53831374645233 1.80476921796799 1.79225242137909 1.41551327705383 1.21558347344398 1.08508121967316 0.712705492973328 0.695794478058815 0.657342731952667 0.647477254271507 0.652722001075745 0.638287514448166 0.637338727712631 0.616637259721756 0.606419250369072 0.605184763669968 0.620243266224861 0.699087738990784 0.712714478373528 0.702542245388031 0.702825754880905 0.703469261527061 0.719731494784355 0.741002261638641 0.875854521989822 1.05895346403122
1.81755298376083 2.15755498409271 3.29475975036621 2.44400703907013 -9999 -9999 -9999 1.38135150074959 1.30856850743294 1.506496489048 1.06789872050285 0.884966969490051 0.875235736370087 0.841515719890594 0.846147000789642 0.813629239797592 0.773472011089325 0.692451015114784 0.669339001178741 0.65353949368 0.62985223531723 0.61371074616909 0.607907250523567 0.601010262966156 0.623657271265984 0.631338760256767 0.654280498623848 0.678561016917229 0.733737006783485 0.757977783679962 0.784886956214905 0.805963486433029 0.809786260128021 0.833501279354095 0.857214778661728 0.961898267269135 1.02367204427719 0.794304013252258 0.677696987986565 0.630672767758369 0.594690755009651 0.608605518937111 0.608831986784935 0.627796500921249 0.626119494438171 0.61133100092411 0.621251240372658 0.620580732822418 0.618321731686592 0.605781733989716 0.631226241588593 0.632412761449814 0.652870506048203 0.700170770287514 0.701399266719818 0.700765505433083 0.753381013870239 0.770488500595093 0.806167513132095 0.847929775714874 0.958380728960037 1.13624247908592
0.928365021944046 1.14093822240829 0.916524767875671 1.08268421888351 0.722793012857437 0.693512991070747 0.65514600276947 0.811601221561432 0.809185534715652 0.74592599272728 0.917099207639694 0.881457030773163 0.917405247688293 0.939570754766464 0.926833480596542 0.898614764213562 0.835775971412659 0.719006270170212 0.688910230994225 0.6613589823246 0.633047997951508 0.613354504108429 0.604805991053581 0.594736486673355 0.58371976017952 0.589687496423721 0.598474502563477 0.61533223092556 0.629436761140823 0.633399769663811 0.636657759547234 0.657190516591072 0.673810511827469 0.688034981489182 0.692162230610847 0.763348460197449 0.714119240641594 0.689263477921486 0.665945246815681 0.649604246020317 0.610339477658272 0.61320523917675 0.652326017618179 0.65209798514843 0.646917745471001 0.654214516282082 0.645236983895302 0.6105577647686 0.590836510062218 0.618732735514641 0.633165746927261 0.654456004500389 0.693091481924057 0.725055769085884 0.723411753773689 0.739471480250359 0.790013998746872 0.800808012485504 0.849424481391907 0.853079974651337 1.30238395929337 1.40591177344322
0.804500252008438 0.768625527620316 0.714926987886429 0.622984483838081 0.59603177011013 0.605607748031616 0.57923099398613 1.06637325882912 0.678705766797066 0.589516505599022 0.647990986704826 0.711957737803459 0.798430502414703 0.841669499874115 0.81224325299263 0.749592751264572 0.707502767443657 0.676934257149696 0.624133497476578 0.579096749424934 0.573555752635002 0.596879258751869 0.603069752454758 0.601418271660805 0.618802517652512 0.644345998764038 0.671993270516396 0.688852518796921 0.735762745141983 0.736626729369164 0.720409512519836 0.67859248816967 0.673310235142708 0.685239762067795 0.682883262634277 0.654542997479439 0.663552761077881 0.660205498337746 0.642509266734123 0.60104101896286 0.603431984782219 0.62677426636219 0.660044252872467 0.651915729045868 0.644582256674767 0.630912736058235 0.608758494257927 0.620819270610809 0.63322126865387 0.716985762119293 0.729920983314514 0.74295075237751 0.765192747116089 0.783633023500443 0.82319176197052 0.875048249959946 0.918582737445831 0.979188770055771 1.02914625406265 1.17881628870964 1.15908300876617 1.28563275933266
0.535531505942345 0.483573764562607 0.565019264817238 0.472691997885704 0.573422983288765 0.728672996163368 0.761525988578796 1.1525444984436 1.3137075304985 0.83958899974823 0.520674750208855 0.494000270962715 0.52826401591301 0.589408501982689 0.627440258860588 0.626895010471344 0.639761254191399 0.649933487176895 0.59731051325798 0.597934484481812 0.598915502429008 0.604835987091064 0.618156015872955 0.634016990661621 0.673760265111923 0.713211759924889 0.726645737886429 0.734004020690918 0.691760256886482 0.689359501004219 0.65955676138401 0.673283234238625 0.677260503172874 0.681470990180969 0.683587521314621 0.684479266405106 0.706704765558243 0.705437242984772 0.680174991488457 0.647374480962753 0.648932263255119 0.669565513730049 0.686620518565178 0.683492258191109 0.683564990758896 0.663354769349098 0.694245010614395 0.728547737002373 0.767729222774506 0.830200463533401 0.868995755910873 0.906303763389587 0.929511040449142 0.949593722820282 1.04096102714539 1.01405847072601 1.12890753149986 1.23051300644875 1.25937679409981 1.23499274253845 1.43160304427147 1.73510777950287
0.512253731489182 0.394896000623703 0.356485493481159 0.351807743310928 0.469649255275726 0.551054254174232 0.650545477867126 1.13811001181602 1.76542282104492 1.50067126750946 0.945188999176025 0.611370742321014 0.523581728339195 0.504776984453201 0.475366517901421 0.508589252829552 0.539648249745369 0.579230234026909 0.61236298084259 0.609237760305405 0.601988241076469 0.607220247387886 0.61260674893856 0.612547516822815 0.646673262119293 0.700510516762733 0.705268487334251 0.698567256331444 0.643949255347252 0.634539753198624 0.625680729746819 0.638809517025948 0.663240015506744 0.667834505438805 0.669947236776352 0.657905235886574 0.669077262282372 0.700532242655754 0.732828006148338 0.754662752151489 0.729647263884544 0.716255262494087 0.6886837631464 0.694424986839294 0.699243754148483 0.684324771165848 0.744295477867126 0.794966250658035 0.864550530910492 0.973571240901947 1.1355419754982 1.17922121286392 1.16453397274017 1.12932452559471 1.19839802384377 1.24365296959877 1.48529621958733 1.4125229716301 1.32358878850937 1.35144674777985 1.52795702219009 1.55915093421936
0.617864996194839 0.426268503069878 0.380754768848419 0.35690250992775 0.448886230587959 0.527133733034134 0.635715767741203 0.738477006554604 0.920930206775665 1.23601654171944 1.3569727241993 1.46159327030182 0.762786716222763 0.66082276403904 0.537436500191689 0.439159512519836 0.44616074860096 0.452851518988609 0.530193015933037 0.505667254328728 0.53463377058506 0.538799241185188 0.542393267154694 0.570295482873917 0.61828650534153 0.699513003230095 0.682820990681648 0.734700009226799 0.719885990023613 0.662964016199112 0.65828700363636 0.653041496872902 0.657852753996849 0.670633479952812 0.682676240801811 0.734115019440651 0.71552999317646 0.699801743030548 0.733052998781204 0.848733007907867 0.878435254096985 0.863082021474838 0.787290751934052 0.784766972064972 0.764898777008057 0.718011751770973 0.761350482702255 0.830286026000977 1.002162784338 1.55643367767334 1.54106783866882 1.45281752943993 1.3021012544632 1.38642677664757 1.67767721414566 2.01860171556473 1.71968472003937 1.59654450416565 1.49823224544525 1.52511155605316 1.92008703947067 2.18377196788788
0.546931520104408 0.409808993339539 0.413831993937492 0.38042776286602 0.382221758365631 0.423584997653961 0.544383734464645 0.697562992572784 0.792668223381042 0.885896265506744 0.949167788028717 0.917663991451263 0.955478221178055 0.958826959133148 0.870869994163513 0.729768007993698 0.584460765123367 0.514420509338379 0.488437503576279 0.505902752280235 0.550416737794876 0.559918507933617 0.607427269220352 0.648366764187813 0.714689254760742 0.859160989522934 0.920285224914551 0.934197038412094 0.883954524993896 0.781643986701965 0.755277782678604 0.755805015563965 0.892182737588882 0.991355985403061 1.02127200365067 1.01477470993996 0.886938035488129 0.820057511329651 0.80010598897934 0.851896494626999 0.940364956855774 0.924509972333908 0.863792270421982 0.844810456037521 0.858550518751144 0.82976245880127 0.824670016765594 0.92866650223732 1.29912972450256 1.60077220201492 1.36776825785637 1.3364542722702 1.60280549526215 2.44554001092911 2.98918122053146 2.82778805494308 2.23864423924119 -9999 -9999 -9999 -9999 -9999
0.421388268470764 0.394428759813309 0.401165261864662 0.390020236372948 0.434256747364998 0.411870002746582 0.463364258408546 0.527325019240379 0.631683021783829 0.644918248057365 0.625845015048981 0.754661232233047 0.779561966657639 0.964565992355347 0.971246212720871 0.674879997968674 0.598863735795021 0.55299223959446 0.529925242066383 0.622614741325378 0.649801477789879 0.697659015655518 0.692467510700226 0.740477979183197 0.77844974398613 0.962450265884399 0.992502003908157 1.15255951881409 0.895839750766754 0.960136502981186 1.24864876270294 1.10324022173882 1.18489122390747 1.27673327922821 1.8522225022316 1.48306578397751 1.25963249802589 1.14756971597672 0.911968499422073 0.830787777900696 0.822555720806122 0.836663961410522 0.965692520141602 0.926576972007751 0.922733992338181 1.02695024013519 1.02980920672417 1.42942500114441 1.4086275100708 2.16863858699799 1.98880344629288 2.76566916704178 2.69747847318649 2.35038039964788 1.76657165220526 -9999 -9999 -9999 -9999 -9999 -9999 -9999
0.437664002180099 0.431774988770485 0.441798001527786 0.454148232936859 0.457480520009995 0.48591747879982 0.51258672773838 0.530754759907722 0.537540748715401 0.563368499279022 0.578603267669678 0.6068264991045 0.589656740427017 0.650544002652168 0.688894495368004 0.588271513581276 0.537915006279945 0.527786269783974 0.548568740487099 0.666493490338326 0.744696736335754 0.77618470788002 0.769670248031616 0.767728507518768 0.780630022287369 0.858740240335464 0.955055236816406 0.97174197435379 1.56072184443474 -9999 -9999 -9999 -9999 -9999 -9999 3.14426672458649 4.75286185741425 1.89576154947281 1.4293387234211 0.918415457010269 0.88206821680069 0.938897252082825 1.03255873918533 1.02531749010086 1.34528625011444 2.36949741840363 2.50495433807373 3.72739112377167 4.93591332435608 3.17689740657806 3.85405111312866 3.84813988208771 3.73748767375946 1.9762424826622 1.97624230384827 -9999 -9999 -9999 -9999 -9999 -9999 -9999
0.470974490046501 0.472004994750023 0.446195259690285 0.452709764242172 0.471815228462219 0.495513752102852 0.539800509810448 0.539214000105858 0.533461511135101 0.552120745182037 0.544105499982834 0.542665511369705 0.540261000394821 0.544895231723785 0.555593982338905 0.539958000183105 0.525436520576477 0.527426227927208 0.582928508520126 0.723794236779213 0.790655225515366 0.756656974554062 0.720868483185768 0.768496513366699 0.821150958538055 0.836272537708282 0.971013754606247 1.068255007267 1.19594398140907 -9999 -9999 -9999 -9999 -9999 -9999 -9999 20.8162236213684 13.5534653663635 12.1302208900452 1.84943318367004 1.94531178474426 2.00376749038696 1.30950075387955 1.40485274791718 1.35580122470856 2.71445631980896 8.32538080215454 11.8905293941498 6.46005606651306 2.45691454410553 3.94411861896515 4.8101863861084 -9999 -9999 -9999 -9999 -9999 -9999 -9999 -9999 -9999 -9999
0.476126253604889 0.472707018256187 0.466233730316162 0.475570499897003 0.479342982172966 0.508077755570412 0.521746516227722 0.570176258683205 0.55775848031044 0.525632232427597 0.550925239920616 0.551274731755257 0.550671011209488 0.558573737740517 0.546323239803314 0.544641003012657 0.530817747116089 0.528917983174324 0.644017517566681 1.42702132874522 0.798505151605273 0.744962990283966 0.720716267824173 0.719211012125015 0.778757214546204 0.892421275377274 1.01608425378799 1.14354300498962 1.38722929358482 -9999 -9999 -9999 -9999 -9999 -9999 -9999 28.174704795534 26.2357234954834 6.26204538345337 7.73326992988586 8.90821480751038 10.1401841640472 3.6329333782196 3.10013866424561 4.20472741127014 8.23115015029907 7.2020480632782 7.51178097724915 10.5025827884674 3.4598114490509 3.16054880619049 2.97874277830124 3.20297706127167 -9999 -9999 -9999 -9999 -9999 -9999 -9999 -9999 -9999
0.461369231343269 0.474209994077682 0.447619512677193 0.440153986215591 0.448498517274857 0.474002256989479 0.549666747450829 0.561572268605232 0.546999737620354 0.556021481752396 0.549568489193916 0.553890019655228 0.568083733320236 0.571466982364655 0.5650485008955 0.561220496892929 0.51003523170948 0.51705975830555 0.601702496409416 0.622454255819321 0.667944744229317 0.732948750257492 0.675760477781296 0.785967707633972 0.91065376996994 1.04158347845078 1.17611548304558 1.38532420992851 1.5416167974472 1.77881705760956 -9999 -9999 -9999 -9999 -9999 -9999 -9999 2.37275302410126 4.42986376063768 1.3700738464083 15.3046445846558 38.2546062469482 24.7727308273315 6.9971923828125 4.39089167118073 8.30681490898132 14.6271243095398 26.1200065612793 17.4803552627563 21.1670794487 7.17804980278015 3.45157492160797 3.67470490434162 -9999 -9999 -9999 -9999 -9999 -9999 -9999 -9999 -9999
0.456960752606392 0.446290478110313 0.441506266593933 0.430759504437447 0.466826990246773 0.523535996675491 0.554688736796379 0.571606501936913 0.559134766459465 0.551030248403549 0.556938752532005 0.571183517575264 0.568294510245323 0.59102176129818 0.578324988484383 0.573954731225967 0.544560000300407 0.574837490916252 0.608574762940407 0.624266266822815 0.649601250886917 0.641771256923676 0.702540770173073 0.919101029634476 1.05235728621483 1.07080873847008 1.22270554304123 1.35877802968025 1.53390669822693 1.95541495084763 -9999 -9999 -9999 -9999 -9999 -9999 -9999 -9999 -9999 -9999 -9999 -9999 -9999 -9999 -9999 -9999 3.65490746498108 7.00379920005798 24.1309146881104 4.71943430900574 -9999 -9999 -9999 -9999 -9999 -9999 -9999 -9999 -9999 -9999 -9999 -9999
0.434753268957138 0.445576518774033 0.441308230161667 0.439025267958641 0.446654990315437 0.519435748457909 0.577729493379593 0.614288985729218 0.591967508196831 0.590234264731407 0.611012980341911 0.626097768545151 0.632986485958099 0.573583513498306 0.590442761778831 0.586654499173164 0.583697229623795 0.597690001130104 0.624823495745659 0.656372979283333 0.62983725965023 0.643501505255699 0.635034754872322 1.58087208867073 -9999 -9999 -9999 1.28280374407768 1.40077874064445 1.5339794754982 1.73439592123032 -9999 -9999 -9999 -9999 -9999 -9999 -9999 -9999 -9999 -9999 -9999 -9999 -9999 -9999 -9999 -9999 -9999 -9999 -9999 -9999 -9999 -9999 -9999 -9999 -9999 -9999 -9999 -9999 -9999 -9999 -9999
0.445454254746437 0.419493734836578 0.456158995628357 0.475897505879402 0.531414002180099 0.597661480307579 0.602801263332367 0.68843699991703 0.706924483180046 0.716279268264771 0.716007739305496 0.707526013255119 0.711086243391037 0.662954270839691 0.595994979143143 0.591454491019249 0.59892301261425 0.677982732653618 0.688740760087967 0.714177757501602 0.668497502803802 0.678204730153084 0.765908986330032 0.985661208629608 1.1914529800415 1.22762024402618 1.27195054292679 1.25256523489952 1.31233423948288 1.61545425653458 1.81527829170227 2.30862691587415 -9999 -9999 -9999 -9999 -9999 -9999 -9999 -9999 -9999 -9999 -9999 -9999 -9999 -9999 -9999 -9999 -9999 -9999 -9999 -9999 -9999 -9999 -9999 -9999 -9999 -9999 -9999 -9999 -9999 -9999
0.52903801202774 0.482812508940697 0.486817494034767 0.538118228316307 0.607859998941422 0.604128733277321 0.618142515420914 0.65615625679493 0.775027513504028 0.772009491920471 0.759608209133148 0.704524487257004 0.64791601896286 0.641421005129814 0.6224385201931 0.675349518656731 0.710075229406357 0.725951984524727 0.757107764482498 0.721694245934486 0.73378649353981 0.792576760053635 0.885740965604782 0.966934472322464 1.00519797205925 1.21288946270943 1.24983528256416 1.34442445635796 1.59300756454468 1.95453143119812 2.22069829702377 1.63929927907884 -9999 -9999 -9999 -9999 -9999 -9999 -9999 -9999 -9999 -9999 -9999 -9999 -9999 -9999 -9999 -9999 -9999 -9999 -9999 -9999 -9999 -9999 -9999 -9999 -9999 -9999 -9999 -9999 -9999 -9999
0.634196251630783 0.568888485431671 0.520392760634422 0.597821250557899 0.666727513074875 0.707155510783195 0.670201510190964 0.710661739110947 0.766923040151596 0.774410963058472 0.813119977712631 0.788775712251663 0.758816957473755 0.802359759807587 0.767308473587036 0.702835500240326 0.802643984556198 0.843457460403442 0.742308765649796 0.720035254955292 0.734391018748283 0.771022528409958 0.899443477392197 0.970676958560944 1.39408725500107 1.45871552824974 1.32411825656891 1.50933748483658 1.67963325977325 2.30567693710327 7.25191426277161 -9999 -9999 -9999 -9999 -9999 -9999 -9999 -9999 -9999 -9999 -9999 -9999 -9999 -9999 -9999 -9999 -9999 -9999 -9999 -9999 -9999 -9999 -9999 -9999 -9999 -9999 -9999 -9999 -9999 -9999 -9999
