EcologicalScience/Bass/data/rs_data_bass/chl_103.asc
NCOLS 226 
NROWS 124 
XLLCORNER -9.41648524995501 
YLLCORNER 47.587301625531 
CELLSIZE 0.0833 
NODATA_value -9999 
[rows 54 to 80 of 124, columns 124 to 185 of 226]
2.34156149625778 2.06907749176025 1.82719945907593 1.90679848194122 2.07104551792145 2.01958644390106 2.13721793889999 1.8770586848259 1.9265279173851 1.94475227594376 1.97988152503967 2.012082695961 2.19134777784348 2.33555781841278 2.34508137702942 2.14934992790222 2.14733326435089 2.16799199581146 2.21789842844009 2.22759068012238 2.27021777629852 2.29237353801727 2.25890779495239 2.20438206195831 2.21610599756241 2.18078398704529 2.28209245204926 2.35369956493378 2.35513043403625 2.33954322338104 2.27548724412918 2.29705953598022 2.19339680671692 2.33889001607895 2.38588500022888 2.35377895832062 2.09797954559326 2.08204954862595 2.30420851707458 2.22761249542236 2.13423371315002 2.53092366456985 3.06332015991211 3.7641613483429 4.03758680820465 4.72699785232544 5.33342027664185 6.41839098930359 7.11180996894836 6.25131940841675 7.72697710990906 5.86019198461012 4.35193562507629 4.07141625881195 3.44398202214922 3.45044481754303 8.40290118180788 28.7000334262848 40.5917506814003 9.66774088995797 10.8873302756237 12.5676851614577
2.49134105443954 2.37883794307709 1.94981628656387 2.11688321828842 2.43649417161942 2.33525919914246 2.12411624193192 2.1565260887146 1.93232095241547 1.89914917945862 1.98424047231674 1.99007320404053 2.09037154912949 2.0872215628624 2.16730356216431 2.32458758354187 2.16505569219589 2.20293599367142 2.21854054927826 2.21554273366928 2.35959148406982 2.35764902830124 2.26953595876694 2.25394356250763 2.21382218599319 2.27501857280731 2.3918205499649 2.44849723577499 2.35981643199921 2.14965748786926 1.96913552284241 2.17366343736649 2.56673920154572 2.64247798919678 2.75193071365356 2.66941648721695 2.33408170938492 1.97981321811676 1.9721302986145 1.94555622339249 2.7597239613533 4.64478600025177 5.90188729763031 5.65051138401031 5.97125637531281 6.32696771621704 6.4338698387146 7.61340379714966 8.96156930923462 6.12719678878784 4.94073808193207 4.59478569030762 4.70980632305145 4.20129990577698 4.15525889396667 6.47625400038326 10.5720698833466 -9999 -9999 -9999 -9999 -9999
2.87446349859238 2.91700279712677 2.47738873958588 2.15125125646591 2.37283569574356 2.58393448591232 2.3748351931572 2.10317695140839 2.13464033603668 2.07519149780273 2.0395245552063 2.07920998334885 2.24815803766251 2.28703272342682 2.2773209810257 2.04678905010223 2.15008878707886 2.36985450983047 2.35478317737579 2.30442148447037 2.3814389705658 2.38163101673126 2.37067276239395 2.41609650850296 2.45355820655823 2.51181900501251 2.62963950634003 2.36023718118668 2.41348046064377 2.45485353469849 2.38612872362137 2.25667941570282 2.17735129594803 2.58141303062439 2.7353144288063 2.66646981239319 2.54423171281815 2.20778703689575 1.95333677530289 2.21282476186752 2.36940979957581 2.52285593748093 3.89128947257996 5.47416365146637 4.40098714828491 4.5430816411972 6.35363960266113 6.45828394591808 3.94542467594147 4.15751338005066 4.46452045440674 4.62380862236023 4.74521398544312 13.7121462195459 -9999 -9999 -9999 -9999 -9999 -9999 -9999 -9999
3.29689943790436 3.36065626144409 2.99650794267654 2.91289043426514 2.50293445587158 2.52907866239548 2.40037429332733 2.13696902990341 2.01990383863449 2.04295724630356 2.06117928028107 2.18804025650024 2.38697254657745 2.50842601060867 2.28854101896286 2.21541452407837 2.15777170658112 2.30395728349686 2.3657534122467 2.34351593255997 2.301942050457 2.37080919742584 2.40122330188751 2.41529703140259 2.62386971712112 2.66972994804382 2.59096205234528 2.44185519218445 2.50358176231384 2.79023408889771 2.90997451543808 2.66206723451614 2.35941821336746 2.16390681266785 2.06145000457764 2.16339898109436 2.14643257856369 2.11044216156006 2.55401176214218 3.01589334011078 2.27852404117584 3.6111456155777 4.76701498031616 4.54841637611389 3.7729994058609 4.21974062919617 4.44202637672424 7.5677238079386 4.86014914512634 4.54075562953949 4.42567276954651 4.56979858875275 5.37534821033478 -9999 -9999 -9999 -9999 -9999 -9999 -9999 -9999 -9999
4.80327308177948 4.25724220275879 3.75923788547516 3.67864644527435 2.96470427513123 3.06310951709747 2.80284458398819 2.69963622093201 2.78292220830917 2.30853152275085 2.20483267307281 2.17763167619705 2.25967866182327 2.39991599321365 2.42382001876831 2.30912554264069 2.22740399837494 2.18046820163727 2.36339771747589 2.4193103313446 2.44677150249481 2.47234582901001 2.42272120714188 2.44051122665405 2.38444572687149 2.51122426986694 2.65371894836426 2.67085129022598 2.74161905050278 2.76015669107437 2.82819449901581 2.93201333284378 2.80814695358276 2.69041496515274 2.23709625005722 1.90335220098495 2.3275950551033 2.77249127626419 3.88227617740631 3.3144006729126 3.25282645225525 5.81228935718536 5.95023894309998 4.78545534610748 5.62181174755096 8.75951242446899 14.9581003189087 10.9366199970245 7.09734606742859 5.13104474544525 5.20989596843719 10.8350429534912 22.9052352905273 -9999 -9999 -9999 -9999 -9999 -9999 -9999 -9999 -9999
-9999 4.9567785859108 4.92448800802231 4.70584407448769 4.96046984195709 5.13074254989624 4.34637379646301 3.77411699295044 3.61064457893372 2.81451594829559 2.39561247825623 2.45531183481216 2.46137470006943 2.4139484167099 2.50014817714691 2.40857774019241 2.12246471643448 2.15301007032394 2.18214154243469 2.40727883577347 2.48893582820892 2.46597003936768 2.29412323236465 2.379458963871 2.42050123214722 2.3607217669487 2.67303228378296 2.90103596448898 2.9795286655426 2.9047919511795 2.74326378107071 2.61792969703674 2.20828807353973 2.13956844806671 1.95787578821182 1.87014681100845 2.01373279094696 2.1602355837822 3.23940360546112 4.17053461074829 5.08099365234375 6.01540517807007 5.4278279542923 5.16148209571838 5.93828237056732 -9999 8.89204430580139 8.05707907676697 5.73009610176086 5.60553216934204 27.8506078720093 29.8234663009644 39.7397346496582 66.0923538208008 -9999 -9999 -9999 -9999 -9999 -9999 -9999 -9999
-9999 -9999 -9999 -9999 -9999 2.28387522697449 4.23996064066887 3.3414112329483 3.16973707079887 2.79760721325874 2.53205394744873 2.37485700845718 2.51996701955795 2.76896631717682 2.59423953294754 2.49435067176819 2.26980149745941 2.20252579450607 2.06386882066727 2.25235122442245 2.45012104511261 2.45488268136978 2.41329520940781 2.5149022936821 2.38021194934845 2.57593417167664 2.76753526926041 3.01181638240814 2.96823906898499 2.60587120056152 2.33599644899368 2.13084232807159 1.79456323385239 1.66267418861389 1.72357571125031 2.0771301984787 2.37446397542953 3.05796146392822 5.26444637775421 5.09868156909943 6.1627893447876 5.84654867649078 5.47612202167511 6.28444790840149 6.84404325485229 27.4305546422607 -9999 -9999 -9999 -9999 32.6156845092773 35.0188264846802 34.2129735946655 31.2142009735107 -9999 -9999 -9999 -9999 -9999 -9999 -9999 -9999
-9999 -9999 -9999 -9999 -9999 -9999 -9999 -9999 3.78823967278004 3.72883193492889 3.18578553199768 2.90209954977036 2.43627718091011 2.59678423404694 3.21458852291107 2.48700606822968 2.46949195861816 2.43863618373871 2.31585824489594 2.29874467849731 2.58545029163361 2.44016093015671 2.43738216161728 2.79936683177948 2.74731230735779 2.92705804109573 2.87934297323227 2.8921058177948 2.74184167385101 2.10683476924896 1.98926174640656 1.8092737197876 1.67548352479935 1.5978210568428 1.74650931358337 2.09710800647736 2.56843721866608 3.11663854122162 3.90390086174011 6.37681460380554 6.47467660903931 6.23852348327637 6.0504105091095 5.43983924388885 4.10866353852408 29.0682649612427 -9999 -9999 -9999 -9999 17.548882484436 29.2209663391113 27.6803312301636 35.4176244735718 30.1423530578613 19.5055033273475 -9999 -9999 -9999 -9999 -9999 -9999
-9999 -9999 -9999 -9999 -9999 -9999 -9999 -9999 -9999 -9999 3.71611770987511 3.37662327289581 3.06862346827984 3.57110238075256 4.10313677787781 3.3902063369751 2.81985747814178 2.21237254142761 2.06051033735275 2.20348566770554 2.66705399751663 2.44040858745575 2.19432681798935 2.75122278928757 2.89577776193619 3.26505732536316 3.03968775272369 2.55718946456909 2.2249236702919 1.84005975723267 1.8928844332695 2.01660454273224 2.08902454376221 2.02064323425293 1.88554269075394 1.94825702905655 1.95768374204636 2.08360344171524 2.46869176626205 3.18420302867889 3.15058815479279 3.88668072223663 4.5480569601059 4.16020810604095 16.1580559987466 -9999 -9999 -9999 -9999 -9999 -9999 -9999 8.91782051324844 35.5682888031006 34.0452718734741 22.0471519061497 10.8786277770996 -9999 -9999 -9999 -9999 -9999
-9999 -9999 -9999 -9999 -9999 -9999 -9999 -9999 -9999 4.3704868555069 5.54649817943573 4.17022132873535 3.39857232570648 3.60007953643799 3.98961210250854 3.40269899368286 3.00947177410126 2.80075353384018 2.26023441553116 2.44460481405258 2.63941794633865 2.42777091264725 2.31419241428375 2.63921391963959 2.69499599933624 2.60101354122162 2.50686228275299 2.45213252305984 2.16349267959595 1.55789691209793 1.50569093227386 1.47174900770187 1.51500374078751 1.75759130716324 1.77851092815399 1.71436804533005 1.70894318819046 1.80228745937347 1.996437728405 2.28980094194412 2.79565054178238 3.31954407691956 3.66954374313354 3.15869629383087 31.2104378498874 33.0447750091553 -9999 -9999 -9999 23.0773104754361 48.7852181625366 27.2170727920532 20.5702729225159 22.7153663635254 24.8182897567749 44.4105291366577 -9999 -9999 -9999 -9999 -9999 -9999
-9999 -9999 -9999 -9999 -9999 -9999 -9999 -9999 -9999 -9999 5.96135423183441 4.16875702142715 3.81827357411385 3.67412030696869 3.11161637306213 3.30337107181549 3.12097191810608 3.0036689043045 2.41375726461411 2.47193777561188 2.47623306512833 2.31630671024323 2.3018707036972 2.49166506528854 2.4164400100708 1.99527221918106 2.22953850030899 2.35933202505112 1.79316973686218 1.53900450468063 1.39987501502037 1.21232172846794 1.10808375477791 1.32621896266937 1.41785404086113 1.51016092300415 1.62295120954514 1.70107054710388 1.72624433040619 2.02770674228668 2.43228900432587 3.02142012119293 3.45149910449982 3.1602383852005 9.73542343875737 -9999 -9999 -9999 -9999 -9999 20.0257079290307 25.1778239822388 20.1074245287024 19.9310845084812 57.223014831543 -9999 -9999 -9999 -9999 -9999 -9999 -9999
-9999 -9999 -9999 -9999 -9999 -9999 -9999 -9999 -9999 3.67937564849854 3.55255750634454 4.60242792963982 3.59594178199768 3.6448860168457 3.19808614253998 3.11794710159302 2.23537427186966 2.11982470750809 2.43819683790207 2.64012980461121 2.61351156234741 2.48083716630936 2.18177551031113 2.44873344898224 2.20510876178741 2.24621629714966 2.28590244054794 1.9660792350769 1.59582817554474 1.73023957014084 1.6484243273735 1.40186923742294 1.20188024640083 1.23433345556259 1.28665879368782 1.33241254091263 1.40612697601318 1.63945645093918 1.6722697019577 1.79819405078888 2.22316056489944 2.68748027086258 3.11781585216522 5.97855679271291 3.86466658115387 -9999 -9999 -9999 -9999 -9999 17.9366821289062 51.1347200529916 19.9993878068595 -9999 -9999 -9999 -9999 -9999 -9999 -9999 -9999 -9999
-9999 -9999 -9999 -9999 -9999 -9999 -9999 -9999 -9999 3.44087929617275 4.247514128685 4.20184350013733 3.86298143863678 3.65011954307556 3.29580366611481 3.28602361679077 2.14904630184174 1.74480593204498 2.56457108259201 2.736412525177 2.50714802742004 2.46304196119308 2.37044477462769 2.3268803358078 2.45554500818253 2.53300273418427 2.31008023023605 2.00708770751953 1.81959825754166 1.75672870874405 1.80115270614624 1.64769530296326 1.42825350165367 1.41892647743225 1.41221326589584 1.38503247499466 1.50044471025467 1.70855551958084 1.7666249871254 1.9093102812767 2.22466725111008 2.82187879085541 3.03354907035828 12.7641995311941 3.86466693878174 -9999 -9999 -9999 -9999 12.1949715614319 -9999 -9999 -9999 -9999 -9999 -9999 -9999 -9999 -9999 -9999 -9999 -9999
-9999 -9999 -9999 -9999 -9999 -9999 -9999 -9999 -9999 3.83218061923981 4.48139557242393 3.931676030159 4.48040771484375 3.79142484068871 3.11977207660675 3.20055162906647 2.95662081241608 2.7536181807518 3.24434030056 3.09805583953857 2.96349227428436 2.53092527389526 2.25912827253342 2.21258926391602 2.32050222158432 2.28457581996918 2.11419600248337 1.84535783529282 1.84932607412338 1.90548974275589 1.8338760137558 1.55805748701096 1.43368425965309 1.42922249436378 1.45260000228882 1.56582605838776 1.81789058446884 1.87537282705307 1.91457831859589 2.11357283592224 2.51392042636871 2.82396519184113 6.34913824750232 -9999 -9999 -9999 -9999 -9999 -9999 -9999 -9999 -9999 -9999 -9999 -9999 -9999 -9999 -9999 -9999 -9999 -9999 -9999
-9999 -9999 -9999 -9999 -9999 -9999 -9999 -9999 -9999 4.0236780166626 3.85554227828979 4.24726912379265 3.74031963944435 3.45644474029541 3.7108701467514 3.51793134212494 3.34430623054504 3.28678286075592 3.2473179101944 3.09809982776642 3.04902148246765 2.71275454759598 2.23876869678497 2.27886593341827 2.22420001029968 2.13899248838425 2.07110917568207 1.84621649980545 1.7376292347908 1.79751366376877 1.91892600059509 1.78966802358627 1.69877707958221 1.81444877386093 1.79760307073593 1.90058845281601 2.12372553348541 2.21096241474152 2.25540071725845 2.33264243602753 2.62638598680496 13.4045012346128 4.30255187419524 -9999 -9999 -9999 -9999 -9999 -9999 -9999 -9999 -9999 -9999 -9999 -9999 -9999 -9999 -9999 -9999 -9999 -9999 -9999
-9999 -9999 -9999 -9999 -9999 -9999 -9999 3.28386068344116 4.10277257705557 4.2362265586853 5.21738219261169 4.20723247528076 4.85132789611816 3.77810633182526 3.55758833885193 3.47813630104065 3.48942017555237 3.30850946903229 3.30356562137604 3.0993869304657 2.90387696027756 2.72141253948212 2.57611870765686 2.42234480381012 2.23636794090271 2.14090418815613 1.80400282144547 1.7490599155426 1.73668491840363 1.81666499376297 1.93361842632294 2.0608611702919 1.9908127784729 1.99183344841003 2.06322455406189 2.4162113070488 2.63330322504044 2.78566879034042 2.91876304149628 2.70961797237396 7.13475698059045 5.69786846637726 3.25656187534332 -9999 -9999 -9999 -9999 -9999 -9999 -9999 -9999 -9999 -9999 -9999 -9999 -9999 -9999 -9999 -9999 -9999 -9999 -9999
-9999 -9999 -9999 -9999 -9999 -9999 4.2454982655389 4.14762409166856 4.56820034980774 4.41631507873535 5.51638662815094 4.91122126579285 4.5414412021637 4.00776958465576 3.39271652698517 3.40249264240265 3.50317132472992 3.31700170040131 3.45382940769196 3.09965837001801 2.7160297036171 2.66215807199478 2.7603052854538 2.60724145174026 2.48957848548889 2.17920380830765 1.79021018743515 1.80584782361984 1.86044776439667 1.91361826658249 1.96598625183105 2.12758272886276 2.23921805620193 2.32342725992203 2.29181241989136 2.6565608382225 2.91006141901016 2.89005678892136 3.0265177488327 -9999 -9999 -9999 -9999 -9999 -9999 -9999 -9999 -9999 -9999 -9999 -9999 -9999 -9999 -9999 -9999 -9999 -9999 -9999 -9999 -9999 -9999 -9999
-9999 -9999 -9999 -9999 4.68018138408661 4.10300008275292 3.92957532405853 3.64860723699842 4.17705988883972 3.43560218811035 4.69525265693665 4.44859349727631 4.38745200634003 4.08290791511536 3.80396854877472 3.63170492649078 3.53560638427734 3.33311998844147 3.25546216964722 2.95972430706024 2.76473844051361 2.6049188375473 2.417111992836 2.26444870233536 2.16048145294189 1.99594956636429 1.87213432788849 1.99595242738724 2.02163547277451 2.0480198264122 1.97071802616119 2.03174775838852 2.20908004045486 2.34465444087982 2.80320972204208 2.96001827716827 3.23741340637207 10.3976162203242 -9999 -9999 -9999 -9999 -9999 -9999 -9999 -9999 -9999 -9999 -9999 -9999 -9999 -9999 -9999 -9999 -9999 -9999 -9999 -9999 -9999 -9999 -9999 -9999
-9999 -9999 -9999 -9999 3.92157804965973 4.52835774421692 3.72559664930616 3.31571357590812 4.37458956241608 4.1820216178894 4.17071092128754 4.77648067474365 4.67725574970245 3.88256764411926 3.42029786109924 3.37899541854858 3.42470383644104 3.38515663146973 3.22320377826691 3.19673323631287 3.09651911258698 2.90833801031113 2.77806293964386 2.58760356903076 2.39870774745941 2.17906647920609 2.27494132518768 2.24322831630707 2.14658242464066 2.21195393800735 2.1912989616394 2.29951268434525 2.48487442731857 2.54781746864319 3.29509663581848 3.72016274929047 3.77509796619415 -9999 -9999 -9999 -9999 -9999 -9999 -9999 -9999 -9999 -9999 -9999 -9999 -9999 -9999 -9999 -9999 -9999 -9999 -9999 -9999 -9999 -9999 -9999 -9999 -9999
-9999 8.45583247605649 3.9286032858349 4.60814051826795 4.02521729469299 3.46570587158203 3.00603890419006 2.99849474430084 4.06223487854004 4.17231452465057 3.83388233184814 3.65398585796356 3.66139054298401 4.09877407550812 3.65552008152008 3.35431945323944 3.72541344165802 3.80925893783569 3.6173722743988 3.41297471523285 3.26392364501953 2.93674206733704 3.03686857223511 3.10212242603302 2.84577816724777 2.37807297706604 2.38248002529144 2.49512243270874 2.25439649820328 2.44293075799942 2.67736208438873 3.00613653659821 3.43212068080902 3.05422496795654 3.19640386104584 -9999 -9999 -9999 -9999 -9999 -9999 -9999 -9999 -9999 -9999 -9999 -9999 -9999 -9999 -9999 -9999 -9999 -9999 -9999 -9999 -9999 -9999 -9999 -9999 -9999 -9999 -9999
3.91904039839481 4.99103460993086 4.71340431485857 4.63305125917707 3.05003249645233 3.20587134361267 3.38118517398834 2.88671332597733 3.80768036842346 3.87549448013306 3.25331783294678 2.94585299491882 3.71216332912445 3.39994633197784 3.15330827236176 3.83163821697235 4.65495300292969 4.50260853767395 4.4742636680603 4.07378017902374 3.37865173816681 3.12398779392242 3.25286936759949 3.08919739723206 2.68404668569565 2.36746269464493 2.22818470001221 2.3903843164444 2.68906205892563 3.04778015613556 3.46154093742371 3.89646971225739 4.20599234104156 -9999 -9999 -9999 -9999 -9999 -9999 -9999 -9999 -9999 -9999 -9999 -9999 -9999 -9999 -9999 -9999 -9999 -9999 -9999 -9999 -9999 -9999 -9999 -9999 -9999 -9999 -9999 -9999 -9999
4.39742036049183 4.25387668609619 4.02904241425651 3.63951605558395 3.51078736782074 3.51130592823029 3.1353052854538 3.28524363040924 4.17362844944 3.50391840934753 3.14808082580566 3.43462121486664 3.49131166934967 3.88814914226532 4.07884418964386 4.15725910663605 4.48912060260773 4.72103333473206 5.18361818790436 5.60045492649078 4.31684768199921 4.25312340259552 3.89634811878204 3.69393074512482 2.98398900032043 2.77401298284531 2.82514876127243 3.01679384708405 3.80014586448669 4.1724750995636 4.36477482318878 4.41011309623718 4.25968658924103 9.22593719080875 40.9171267747879 3.7263739976016 -9999 -9999 -9999 -9999 -9999 -9999 -9999 -9999 -9999 -9999 -9999 -9999 -9999 -9999 -9999 -9999 -9999 -9999 -9999 -9999 -9999 -9999 -9999 -9999 -9999 -9999
4.72894060611725 4.0086076259613 4.28513038158417 3.99566638469696 4.04328519105911 4.02423977851868 4.02988350391388 4.17642688751221 4.03281283378601 3.85259163379669 3.62383782863617 3.29714334011078 3.31491816043854 3.9889200925827 4.37767338752747 4.75725209712982 4.82970535755157 5.48766303062439 6.03053712844849 6.51741528511047 5.91783392429352 5.0634548664093 4.27200436592102 4.01537775993347 3.36508870124817 3.24122035503387 3.29704892635345 3.70345366001129 5.51435029506683 4.4568178653717 6.24488911261925 -9999 -9999 -9999 -9999 -9999 -9999 -9999 -9999 -9999 -9999 -9999 -9999 -9999 -9999 -9999 -9999 -9999 -9999 -9999 -9999 -9999 -9999 -9999 -9999 -9999 -9999 -9999 -9999 -9999 -9999 -9999
4.86756747961044 4.55017042160034 4.47778153419495 4.04418462514877 4.07509195804596 4.07758498191833 4.03786718845367 3.78552603721619 3.65794801712036 3.41264390945435 3.22143459320068 2.43424880504608 2.77381056547165 3.63612163066864 5.23705637454987 6.29328346252441 6.20377492904663 5.92911815643311 5.53253567218781 5.60728812217712 5.51519858837128 5.34862267971039 4.60746216773987 4.79071354866028 3.80154812335968 3.35763144493103 3.27643954753876 3.35365891456604 3.43828332424164 4.00366580486298 4.66084814071655 3.79072389006615 -9999 -9999 -9999 -9999 -9999 -9999 8.9968952814738 12.6942715644836 -9999 -9999 -9999 -9999 -9999 -9999 -9999 -9999 -9999 -9999 -9999 -9999 -9999 -9999 -9999 -9999 -9999 -9999 -9999 -9999 -9999 -9999
7.11999517679214 8.15013467723673 6.63171840255911 4.25521602319635 5.55385706705206 3.95438504219055 4.11629927158356 4.36513638496399 4.09246122837067 3.18705832958221 3.1839337348938 2.33913230895996 2.88520807027817 4.12099957466125 5.83640992641449 6.18764877319336 6.1117730140686 6.0292489528656 6.12633061408997 5.51619458198547 5.10677182674408 5.31353616714478 4.63606739044189 3.46598088741302 3.08982968330383 3.28016924858093 3.27937209606171 3.64983798428015 3.39102458953857 2.96251794825429 5.65708381251285 3.42093944549561 -9999 -9999 -9999 -9999 -9999 -9999 -9999 -9999 -9999 -9999 -9999 -9999 -9999 -9999 -9999 -9999 -9999 -9999 -9999 -9999 -9999 -9999 -9999 -9999 -9999 -9999 -9999 -9999 -9999 -9999
-9999 -9999 -9999 -9999 -9999 3.48037380921213 4.69575430665697 4.29743242263794 3.66612982749939 3.01900720596313 2.36377876996994 2.83307701349258 4.49784958362579 5.56986808776855 6.24706220626831 6.35769581794739 6.88139462471008 7.0108380317688 6.58344197273254 7.07067918777466 6.40816140174866 4.75879347324371 3.1474860906601 3.24505805969238 3.73029929670421 4.61724183294508 -9999 -9999 -9999 -9999 -9999 -9999 -9999 -9999 -9999 -9999 -9999 -9999 -9999 -9999 -9999 -9999 -9999 -9999 -9999 -9999 -9999 -9999 -9999 -9999 -9999 -9999 -9999 -9999 -9999 -9999 -9999 -9999 -9999 -9999 -9999 -9999
-9999 -9999 -9999 -9999 -9999 -9999 4.1212705544063 3.0271897315979 2.82788693904877 2.54155576229095 2.76183754205704 4.44970643520355 5.1272166967392 5.86324560642242 5.97836315631866 6.85094690322876 7.19627952575684 6.42789030075073 6.6769380569458 8.34468483924866 8.40083026885986 4.7723833322525 4.32047766447067 2.67644707844636 -9999 -9999 -9999 -9999 -9999 -9999 -9999 -9999 -9999 -9999 -9999 -9999 -9999 -9999 -9999 -9999 -9999 -9999 -9999 -9999 -9999 -9999 -9999 -9999 -9999 -9999 -9999 -9999 -9999 -9999 -9999 -9999 -9999 -9999 -9999 -9999 -9999 -9999
