EcologicalScience/Bass/data/rs_data_bass/chl_335.asc
NCOLS 226 
NROWS 124 
XLLCORNER -9.41648524995501 
YLLCORNER 47.587301625531 
CELLSIZE 0.0833 
NODATA_value -9999 
[rows 54 to 80 of 124, columns 124 to 185 of 226]
2.69682079553604 2.53164303302765 2.60923433303833 3.06870138645172 3.71977436542511 4.40115308761597 6.05895066261292 3.73146307468414 4.24712312221527 2.82947480678558 2.9177947640419 3.63621389865875 4.14515340328217 2.53940320014954 2.84739446640015 2.79842931032181 2.40845918655396 2.58966833353043 1.80930000543594 2.3483789563179 3.21503984928131 3.70435130596161 2.99730455875397 2.57071727514267 2.92326307296753 4.04845333099365 4.60021197795868 4.19988763332367 3.69589126110077 3.13913261890411 3.06666433811188 3.04626667499542 2.89077597856522 2.866843521595 2.99609845876694 3.33519458770752 3.53521585464478 3.57385575771332 4.40079689025879 5.15288543701172 5.25392389297485 3.27669382095337 2.70247650146484 3.99515390396118 4.27004170417786 4.13493990898132 4.74825525283813 5.87774562835693 7.41720485687256 5.89657044410706 6.06472420692444 7.25116911530495 23.3939065933228 33.3209667205811 10.4244024753571 24.0908031463623 17.5187401175499 23.8707276491018 7.97024325437324 12.7569668597023 7.80706956714927 -9999
3.24214482307434 3.10946416854858 2.75301522016525 2.67846983671188 2.92856472730637 3.35926580429077 4.69892334938049 4.71654832363129 4.2900105714798 3.90552914142609 3.39432156085968 3.13517475128174 5.02097189426422 4.36322844028473 3.13246500492096 3.1089323759079 5.24237036705017 3.31815147399902 3.44490373134613 5.32893061637878 4.37579941749573 4.39413142204285 3.99672961235046 4.47848403453827 4.92820358276367 4.31680583953857 4.67616748809814 3.45584464073181 3.26640379428864 2.97553879022598 2.81514608860016 3.07486259937286 2.96779417991638 3.24854171276093 3.32912635803223 3.67652106285095 4.0014420747757 4.43960773944855 4.94690322875977 4.68665242195129 3.00530791282654 2.4468891620636 5.14674818515778 32.3356733322144 12.4257230758667 7.6456732749939 6.22873950004578 6.84969663619995 7.97934722900391 15.9470944404602 37.2283945083618 26.6974925994873 21.2204904556274 8.32338404655457 6.6648868560791 8.00589823722839 10.5720698833466 -9999 -9999 -9999 -9999 -9999
3.30660974979401 3.43412625789642 3.20229828357697 3.0863356590271 3.0987503528595 2.95150655508041 3.52477490901947 6.46550416946411 6.11009430885315 5.75048553943634 5.12888181209564 4.19761741161346 3.95628082752228 3.33271872997284 3.80250084400177 3.58875668048859 4.27074229717255 4.5211808681488 5.38335764408112 6.28277564048767 4.87721407413483 5.50141060352325 5.17981266975403 4.63420057296753 4.12104749679565 4.0415825843811 3.62492787837982 3.32603251934052 3.23879098892212 3.22404742240906 2.78742974996567 3.0958936214447 3.38543236255646 3.60255432128906 4.08966815471649 3.60484135150909 3.94169104099274 3.72475433349609 1.48901748657227 3.87522983551025 1.74654901027679 1.87478774785995 4.34636443853378 5.2955539226532 6.40557986497879 9.52011954784393 12.7534418106079 3.58472298909418 7.43422186374664 14.7409286499023 29.3137092590332 27.5431451797485 6.10239493846893 7.17465825080872 -9999 -9999 -9999 -9999 -9999 -9999 -9999 -9999
3.89351463317871 3.5211421251297 3.66137623786926 3.65475153923035 3.45701909065247 3.30305778980255 3.24688482284546 3.80887591838837 4.58932185173035 4.92788922786713 7.71878457069397 6.62643027305603 5.06558847427368 4.07002937793732 4.07092487812042 4.28753256797791 3.40151917934418 4.1594774723053 8.10568499565125 6.81475782394409 4.81186187267303 4.70662951469421 3.96858537197113 3.85372495651245 3.40760099887848 3.63010346889496 3.58419907093048 3.42238712310791 3.48155164718628 3.66160261631012 3.48646259307861 3.45190644264221 3.50777184963226 3.98262083530426 4.60697758197784 4.80243015289307 4.89405977725983 5.00413334369659 4.18893527984619 5.53497684001923 1.30999875068665 2.28840672969818 3.29627293348312 5.27590763568878 7.17677301168442 12.256125330925 12.7943592071533 5.64684791739928 16.2463917732239 27.6719226837158 19.4133381843567 24.3919372558594 20.7042689323425 -9999 -9999 -9999 -9999 -9999 -9999 -9999 -9999 -9999
7.55531787872314 5.25500321388245 4.49032115936279 4.0857846736908 4.07136690616608 3.95210158824921 3.67381882667542 3.81090152263641 4.36792588233948 5.00634527206421 4.85506510734558 6.20808148384094 4.34550368785858 2.91787880659103 4.22737491130829 3.42492914199829 6.86486005783081 4.08589053153992 6.28434419631958 5.37414157390594 4.22116041183472 3.95372414588928 3.51018691062927 3.55027878284454 3.11258840560913 3.6078929901123 4.02332246303558 4.09464132785797 4.26971626281738 5.15257215499878 4.79527187347412 5.136186003685 4.61598229408264 4.86910879611969 5.43872237205505 6.94326853752136 5.20260620117188 5.43099367618561 3.7721449136734 2.19522374868393 6.22203898429871 2.55762594938278 3.54065418243408 10.2521867752075 10.0940566062927 8.43441545963287 6.29751518368721 18.8265166282654 9.21229290962219 10.0094618797302 10.8517527580261 14.3992094993591 34.2979264259338 -9999 -9999 -9999 -9999 -9999 -9999 -9999 -9999 -9999
-9999 7.45581722259521 7.91123628616333 6.68019104003906 5.25359165668488 4.66474664211273 4.21887516975403 4.44954586029053 4.32167172431946 4.6104930639267 5.39627408981323 4.8779354095459 4.1433516740799 2.7701632976532 2.46906816959381 3.0582869052887 5.23633432388306 6.0746054649353 4.79804992675781 4.18376040458679 4.19410264492035 3.54965686798096 3.16507351398468 3.21946263313293 3.24453842639923 3.3816751241684 5.42467653751373 5.34028279781342 6.83007574081421 7.51145195960999 6.33646202087402 6.73321652412415 6.62812042236328 8.25140476226807 5.36680483818054 3.68542814254761 3.1665426492691 1.86889117956161 1.7000527381897 1.31840550899506 7.63244104385376 11.0387728214264 14.5589847564697 12.622278213501 11.8221437931061 -9999 7.05258221626282 9.81709063053131 11.0873572826385 9.66876626014709 59.3453578948975 15.9088053703308 24.2803192138672 45.5281953811646 -9999 -9999 -9999 -9999 -9999 -9999 -9999 -9999
-9999 -9999 -9999 -9999 -9999 2.28387522697449 3.79294502735138 3.25380671024323 3.61788833141327 4.97777688503265 5.20930516719818 3.78375542163849 4.76949512958527 4.21336054801941 3.26187300682068 4.10897397994995 4.26808261871338 3.55901491641998 3.92524266242981 4.10229599475861 3.17741024494171 3.4005321264267 3.29209041595459 3.05982971191406 3.6407071352005 4.84207963943481 6.65487742424011 7.93374180793762 8.51244807243347 9.73303484916687 11.6975255012512 16.5534353256226 13.3107089996338 6.83492231369019 5.79724717140198 1.666235268116 1.46081927418709 1.33798652887344 1.56174677610397 1.94656044244766 8.83908748626709 12.8764786720276 15.3643884658813 23.9316802024841 17.7717118263245 16.2556096350105 -9999 -9999 -9999 -9999 58.5980644226074 18.7806377410889 21.0407848358154 33.4337781906128 -9999 -9999 -9999 -9999 -9999 -9999 -9999 -9999
-9999 -9999 -9999 -9999 -9999 -9999 -9999 -9999 4.1439403295517 3.94101691246033 4.66358542442322 4.99326825141907 4.14092087745667 3.44243788719177 5.84199678897858 3.98521792888641 3.21793735027313 2.91007268428802 3.20622432231903 3.13212525844574 2.99477702379227 3.52210736274719 3.70917463302612 3.6901867389679 4.35686910152435 7.92460942268372 9.58443474769592 15.546558380127 16.3680481910706 11.1411995887756 16.304835319519 11.4955379962921 9.55460643768311 7.93643617630005 4.41061127185822 2.20544403791428 1.88351851701736 2.32486349344254 2.67452841997147 9.35731029510498 13.3324556350708 15.1332235336304 18.9223937988281 15.841582775116 8.85928740324798 29.0682649612427 -9999 -9999 -9999 -9999 17.548882484436 22.2678680419922 26.2829809188843 50.1499099731445 50.6172866821289 34.322979927063 -9999 -9999 -9999 -9999 -9999 -9999
-9999 -9999 -9999 -9999 -9999 -9999 -9999 -9999 -9999 -9999 3.65657472610474 4.46773517131805 5.19269621372223 4.97549843788147 4.45676851272583 3.98744094371796 3.01847398281097 2.83316624164581 2.73688942193985 3.08417236804962 3.29071497917175 3.49883937835693 3.66314327716827 4.42168736457825 10.1339921951294 15.2287015914917 13.8239493370056 19.3356456756592 15.5851736068726 16.5345668792725 17.1401710510254 17.3600807189941 16.435914516449 15.0518817901611 10.4813067913055 5.03703010082245 2.50195723772049 2.90277832746506 7.47337460517883 29.939208984375 18.3921418190002 16.8608322143555 17.7002334594727 7.84600567817688 12.3222592120032 -9999 -9999 -9999 -9999 -9999 -9999 -9999 9.42921210643722 49.8673324584961 29.0772085189819 43.5275316238403 10.8786277770996 -9999 -9999 -9999 -9999 -9999
-9999 -9999 -9999 -9999 -9999 -9999 -9999 -9999 -9999 4.3704868555069 4.03968679904938 4.25893807411194 4.23535108566284 4.17462980747223 4.00199317932129 4.17945384979248 3.41832733154297 2.94820046424866 2.72531998157501 3.30563020706177 3.6897246837616 4.14160859584808 3.96848022937775 4.20206022262573 11.1575396060944 23.32524061203 26.5930681228638 27.8380880355835 31.7458019256592 22.1212048530579 26.1730556488037 32.8270626068115 32.6721668243408 30.2835988998413 13.3187699317932 8.38706016540527 6.85930180549622 4.49607682228088 8.00166463851929 5.80555748939514 19.589723110199 14.4832077026367 17.1657528877258 19.6034488677979 18.6993481406888 33.0447750091553 -9999 -9999 -9999 27.7035856246948 17.7152996063232 10.7416219711304 17.6498966217041 43.727728843689 55.4351816177368 26.781530380249 18.3330517874824 -9999 -9999 -9999 -9999 -9999
-9999 -9999 -9999 -9999 -9999 -9999 -9999 -9999 -9999 -9999 4.0606724023819 4.1456812620163 4.89924609661102 4.52657461166382 4.75068211555481 4.50666832923889 3.98817086219788 3.34086585044861 2.80750501155853 3.66101610660553 4.14818608760834 4.05919182300568 3.91410148143768 3.81869852542877 15.3993058204651 27.9200448989868 30.5810680389404 46.6078205108643 19.3299057483673 23.0867486000061 31.9326410293579 42.1822471618652 34.9240550994873 25.7093954086304 16.2276721000671 7.1437132358551 4.51216506958008 8.06587815284729 10.4938273429871 12.2860565185547 9.45408940315247 11.5968289375305 9.87268996238708 7.33661770820618 8.24533456390344 -9999 -9999 -9999 -9999 -9999 17.168897151947 16.628794670105 9.95032596588135 9.69088363647461 11.8403012752533 -9999 -9999 -9999 -9999 -9999 -9999 -9999
-9999 -9999 -9999 -9999 -9999 -9999 -9999 -9999 -9999 3.67937564849854 4.27004384994507 4.13120698928833 4.87413811683655 4.86663830280304 4.4898726940155 4.28629732131958 3.8948038816452 3.59448659420013 2.95944142341614 3.6843466758728 4.01450157165527 3.93179190158844 3.58959209918976 11.3182182312012 21.0894713401794 29.9404449462891 25.6022100448608 20.089599609375 18.9273104667664 18.0735869407654 29.7807426452637 30.4232568740845 27.1127243041992 18.1324467658997 13.142101764679 7.77292156219482 6.52366089820862 13.4466276168823 16.928747177124 15.0167427062988 10.6694169044495 8.98071956634521 8.65265250205994 6.30103168904203 3.86466658115387 -9999 -9999 -9999 -9999 -9999 16.2976551055908 17.1509528160095 10.7612252235413 11.3794667039599 -9999 -9999 -9999 -9999 -9999 -9999 -9999 -9999
-9999 -9999 -9999 -9999 -9999 -9999 -9999 -9999 -9999 4.62979960441589 4.51075279712677 5.4596893787384 5.55217802524567 4.71067214012146 4.12925934791565 3.83621335029602 3.42709565162659 3.42364060878754 3.36834061145782 3.6364574432373 3.85469913482666 4.44323408603668 4.49344575405121 14.3741984367371 23.9551248550415 26.2715692520142 28.218071937561 20.3354916572571 23.3150796890259 28.6155481338501 37.2790975570679 46.7931547164917 53.0100231170654 42.3468561172485 14.2481532096863 13.2778973579407 15.4201111793518 17.5738892555237 18.5775489807129 17.2404584884644 13.8059735298157 8.95340394973755 7.62799572944641 9.57394943538221 3.86466693878174 -9999 -9999 -9999 -9999 12.1949715614319 -9999 -9999 -9999 -9999 -9999 -9999 -9999 -9999 -9999 -9999 -9999 -9999
-9999 -9999 -9999 -9999 -9999 -9999 -9999 -9999 -9999 4.66707301139832 4.3255341053009 5.82204008102417 6.67562985420227 5.28757739067078 3.88256621360779 3.59527587890625 3.31226313114166 3.49337267875671 3.51533710956573 3.72146093845367 4.19610357284546 6.50758481025696 14.0628890991211 21.5394244194031 21.731297492981 30.6771783828735 34.5537643432617 28.7747812271118 35.7184324264526 43.9589881896973 53.4566860198975 64.3308963775635 48.3921604156494 42.6229391098022 24.4821367263794 19.6837749481201 13.4785480499268 13.8566565513611 13.1593565940857 11.038852930069 9.47978711128235 8.44106125831604 6.84204009682385 -9999 -9999 -9999 -9999 -9999 -9999 -9999 -9999 -9999 -9999 -9999 -9999 -9999 -9999 -9999 -9999 -9999 -9999 -9999
-9999 -9999 -9999 -9999 -9999 -9999 -9999 -9999 -9999 4.35794842243195 5.03667891025543 5.47752285003662 6.01067590713501 4.26653909683228 4.09873509407043 4.00604331493378 3.35798013210297 3.47510612010956 3.56383967399597 4.44593846797943 5.39150547981262 10.7030231952667 18.9498481750488 19.5081095695496 24.1319017410278 34.0780649185181 29.7703256607056 39.5476684570312 46.4890623092651 59.9650611877441 64.9737224578857 14.1040191650391 40.2593021392822 22.1188373565674 15.3924779891968 14.9891595840454 11.1379330158234 11.1460597515106 9.86846280097961 10.4093806743622 10.4640340805054 5.52189891064753 11.439895395773 -9999 -9999 -9999 -9999 -9999 -9999 -9999 -9999 -9999 -9999 -9999 -9999 -9999 -9999 -9999 -9999 -9999 -9999 -9999
-9999 -9999 -9999 -9999 -9999 -9999 -9999 3.28386068344116 6.17867488861084 4.13246476650238 4.2944483757019 4.5702223777771 4.47087013721466 3.98398268222809 4.05453658103943 4.00953447818756 3.73315858840942 3.68626570701599 4.36947977542877 5.5577849149704 8.87868475914001 12.6639060974121 20.5308194160461 28.7575578689575 32.1149053573608 29.1812868118286 31.6741991043091 42.5560913085938 57.6543960571289 65.7986812591553 11.3709543943405 11.1747332811356 64.4768714904785 47.1013927459717 33.1514825820923 25.3545742034912 22.056095123291 15.8852906227112 12.7168936729431 12.9966516494751 16.9211961771678 5.69786846637726 3.25656187534332 -9999 -9999 -9999 -9999 -9999 -9999 -9999 -9999 -9999 -9999 -9999 -9999 -9999 -9999 -9999 -9999 -9999 -9999 -9999
-9999 -9999 -9999 -9999 -9999 -9999 6.86541692733765 7.53317073258487 7.46618010781028 4.13238072395325 3.99307429790497 4.17047703266144 4.56491410732269 4.15607464313507 3.84338772296906 3.96582913398743 3.92201936244965 5.29500317573547 6.64961242675781 8.53129935264587 9.55591750144958 9.98808646202087 16.8563461303711 21.6563959121704 30.0524110794067 31.0348119735718 36.5866069793701 40.8044099807739 55.6929244995117 14.1153423786163 10.3461077213287 11.7981011867523 48.9036083221436 26.6406755447388 17.6773538589478 10.6825196743011 10.1213722229004 9.9870593547821 10.5589578151703 -9999 -9999 -9999 -9999 -9999 -9999 -9999 -9999 -9999 -9999 -9999 -9999 -9999 -9999 -9999 -9999 -9999 -9999 -9999 -9999 -9999 -9999 -9999
-9999 -9999 -9999 -9999 3.38654013133488 5.33842894723338 5.63966760635376 5.10671288967132 3.87996661663055 3.67525720596313 3.7278960943222 4.30289232730865 4.70289373397827 4.23500633239746 3.59242808818817 3.90819990634918 4.42087340354919 7.95711851119995 12.1383776664734 8.82501125335693 9.0328803062439 10.8796327114105 13.011191368103 16.4002819061279 24.756537437439 26.5824451446533 33.2760543823242 17.2745432853699 16.9355249404907 42.6435270309448 15.9202694892883 14.6893236637115 24.4100189208984 38.3826913833618 21.3479976654053 16.6119632720947 4.00009822845459 6.11990305210682 -9999 -9999 -9999 -9999 -9999 -9999 -9999 -9999 -9999 -9999 -9999 -9999 -9999 -9999 -9999 -9999 -9999 -9999 -9999 -9999 -9999 -9999 -9999 -9999
-9999 -9999 -9999 -9999 5.82298102229834 6.39283749461174 4.9396311214992 4.61811178922653 3.88531887531281 3.78078138828278 3.84365916252136 4.28955388069153 5.08660590648651 4.37395048141479 3.66838037967682 3.67207431793213 4.69218814373016 11.1554288864136 9.53390192985535 7.35210585594177 8.83205723762512 13.687469959259 18.5186305046082 26.4467096328735 40.4110279083252 19.4926328659058 21.1428329944611 5.47108054161072 5.75313663482666 49.4305229187012 29.3434381484985 23.1362254619598 60.511344909668 51.519229888916 26.7674045562744 18.3633756637573 14.9240226745605 -9999 -9999 -9999 -9999 -9999 -9999 -9999 -9999 -9999 -9999 -9999 -9999 -9999 -9999 -9999 -9999 -9999 -9999 -9999 -9999 -9999 -9999 -9999 -9999 -9999
-9999 45.9871708747395 4.34879505249762 3.58549481980941 5.16152885913849 3.51177644729614 3.67005956172943 3.88071441650391 3.47693717479706 3.64776599407196 3.52631342411041 3.79111111164093 4.7895051240921 4.18679773807526 4.136754155159 4.84859240055084 12.1024231910706 12.3501434326172 11.6805238723755 14.2231249809265 15.7001881599426 20.2885551452637 24.0132694244385 36.3054113388062 39.06822681427 16.9167702198029 24.6065933704376 35.0071134567261 36.7872269153595 64.0577030181885 36.4243783950806 46.0824937820435 52.6150875091553 50.3459873199463 14.4397131567416 6.63291897556998 -9999 -9999 -9999 -9999 -9999 -9999 -9999 -9999 -9999 -9999 -9999 -9999 -9999 -9999 -9999 -9999 -9999 -9999 -9999 -9999 -9999 -9999 -9999 -9999 -9999 -9999
5.30633595585823 5.2893545627594 4.84117248058319 4.56123815264021 4.00212013721466 3.79920208454132 3.88117647171021 3.8864518404007 3.75047028064728 3.51124584674835 3.41817820072174 2.74471718072891 2.79564893245697 3.53098118305206 4.47081828117371 8.25655174255371 8.58385276794434 12.5716180801392 21.7290472984314 30.1596908569336 31.6903982162476 31.6654787063599 32.0923376083374 26.9552135467529 25.1969575881958 69.5464210510254 19.5060722827911 39.8647613525391 34.2868280410767 34.8564176559448 37.9481935501099 44.5549306869507 45.1980314254761 -9999 -9999 -9999 -9999 -9999 -9999 -9999 -9999 -9999 -9999 -9999 -9999 -9999 -9999 -9999 -9999 -9999 -9999 -9999 -9999 -9999 -9999 -9999 -9999 -9999 -9999 -9999 -9999 -9999
6.05995148420334 4.80640983581543 4.19067764282227 3.8643718957901 3.7426460981369 3.74636471271515 3.60803174972534 3.62367689609528 3.72178423404694 3.44898390769958 2.83894944190979 2.47088921070099 3.25618636608124 4.9178159236908 7.91685962677002 18.9114661216736 12.0482568740845 17.2678685188293 29.3677911758423 45.1249094009399 45.494327545166 41.6516332626343 18.7301867008209 23.1587677001953 27.5480976104736 31.4773149490356 38.8080539703369 25.6747026443481 22.8332676887512 31.3554468154907 28.8016862869263 24.7396059036255 36.8009347915649 7.97931340566048 6.6886924014372 6.77578996167038 -9999 -9999 -9999 -9999 -9999 -9999 -9999 -9999 -9999 -9999 -9999 -9999 -9999 -9999 -9999 -9999 -9999 -9999 -9999 -9999 -9999 -9999 -9999 -9999 -9999 -9999
4.65943336486816 4.75650215148926 4.51059365272522 3.61182510852814 3.68539810180664 4.55210781097412 4.3368501663208 3.50018405914307 3.15485858917236 2.85084825754166 2.91917324066162 2.39991974830627 4.25650262832642 7.14756631851196 9.74561190605164 15.4294924736023 15.8484992980957 23.0265026092529 34.4008712768555 42.8708553314209 19.5517416000366 13.096800327301 52.3367500305176 46.4850425720215 40.5448093414307 27.7602996826172 23.8661026954651 15.2815103530884 18.3418021202087 24.6886081695557 5.80264005343119 -9999 -9999 -9999 -9999 -9999 -9999 -9999 -9999 -9999 -9999 -9999 -9999 -9999 -9999 -9999 -9999 -9999 -9999 -9999 -9999 -9999 -9999 -9999 -9999 -9999 -9999 -9999 -9999 -9999 -9999 -9999
4.40101647377014 4.55003929138184 4.58986508846283 3.77536118030548 4.06450939178467 4.28191566467285 3.86957252025604 3.42508041858673 3.37751626968384 3.45741677284241 3.46168041229248 3.42950034141541 6.10994124412537 9.53961610794067 13.6331033706665 16.1144285202026 18.1585721969604 21.6317796707153 25.3668365478516 37.5051584243774 20.9214570522308 57.5412139892578 57.6082992553711 27.2857646942139 15.9719138145447 12.7222952842712 10.9721403121948 12.4814901351929 29.7393182516098 5.33409440517426 5.39403533935547 5.05409395694733 -9999 -9999 -9999 -9999 -9999 -9999 42.2148312454793 12.6942715644836 -9999 -9999 -9999 -9999 -9999 -9999 -9999 -9999 -9999 -9999 -9999 -9999 -9999 -9999 -9999 -9999 -9999 -9999 -9999 -9999 -9999 -9999
7.24432480335236 8.90300703048706 8.68517625331879 5.18490207195282 4.284428358078 4.41664292595603 4.98757767677307 3.60587310791016 3.40651202201843 2.72956341505051 2.70221024751663 6.29400372505188 11.295197725296 11.9542844295502 15.0966510772705 11.5948433876038 17.8954138755798 38.4447898864746 23.9488112926483 24.0758333206177 24.9434652328491 16.8327796459198 22.645133972168 21.2068891525269 6.44061541557312 6.22346949577332 4.48253417015076 4.64330542087555 4.9373105764389 5.19811642169952 4.32660758147274 3.42093944549561 -9999 -9999 -9999 -9999 -9999 -9999 -9999 -9999 -9999 -9999 -9999 -9999 -9999 -9999 -9999 -9999 -9999 -9999 -9999 -9999 -9999 -9999 -9999 -9999 -9999 -9999 -9999 -9999 -9999 -9999
-9999 -9999 -9999 -9999 -9999 4.37473440170288 4.20914232730865 3.81489443778992 3.30257713794708 1.9111350774765 2.02095383405685 5.55911457538605 10.3843495845795 15.9034309387207 13.9810495376587 27.771017074585 23.9047808647156 60.7103977203369 44.5625696182251 28.530743598938 50.3714046478271 46.8134050369263 32.9186639785767 8.17242765426636 7.23030910491943 4.82107333660126 -9999 -9999 -9999 -9999 -9999 -9999 -9999 -9999 -9999 -9999 -9999 -9999 -9999 -9999 -9999 -9999 -9999 -9999 -9999 -9999 -9999 -9999 -9999 -9999 -9999 -9999 -9999 -9999 -9999 -9999 -9999 -9999 -9999 -9999 -9999 -9999
-9999 -9999 -9999 -9999 -9999 -9999 3.45758485794067 3.4499055147171 2.15818870067596 3.73018276691437 4.85980260372162 6.91872882843018 11.6340479850769 13.0629343986511 24.3197193145752 60.6400966644287 67.2632160186768 24.9965982437134 27.1882886886597 27.3741106987 65.1007404327393 20.1064355373383 29.3003282546997 3.03737991902886 -9999 -9999 -9999 -9999 -9999 -9999 -9999 -9999 -9999 -9999 -9999 -9999 -9999 -9999 -9999 -9999 -9999 -9999 -9999 -9999 -9999 -9999 -9999 -9999 -9999 -9999 -9999 -9999 -9999 -9999 -9999 -9999 -9999 -9999 -9999 -9999 -9999 -9999
